81
5 0 0.000779394
4 3 0.000779394
4 2 0.00107886
4 1 0.00136522
4 0 0.00149002
4 -1 0.00136522
4 -2 0.00107886
4 -3 0.000779394
3 4 0.000779394
3 3 0.00125693
3 2 0.00200725
3 1 0.00291278
3 0 0.00337737
3 -1 0.00291278
3 -2 0.00200725
3 -3 0.00125693
3 -4 0.000779394
2 4 0.00107886
2 3 0.00200725
2 2 0.00398027
2 1 0.00755204
2 0 0.0101321
2 -1 0.00755204
2 -2 0.00398027
2 -3 0.00200725
2 -4 0.00107886
1 4 0.00136522
1 3 0.00291278
1 2 0.00755204
1 1 0.0238816
1 0 0.0506606
1 -1 0.0238816
1 -2 0.00755204
1 -3 0.00291278
1 -4 0.00136522
0 5 0.000779394
0 4 0.00149002
0 3 0.00337737
0 2 0.0101321
0 1 0.0506606
0 0 1
0 -1 0.0506606
0 -2 0.0101321
0 -3 0.00337737
0 -4 0.00149002
0 -5 0.000779394
-1 4 0.00136522
-1 3 0.00291278
-1 2 0.00755204
-1 1 0.0238816
-1 0 0.0506606
-1 -1 0.0238816
-1 -2 0.00755204
-1 -3 0.00291278
-1 -4 0.00136522
-2 4 0.00107886
-2 3 0.00200725
-2 2 0.00398027
-2 1 0.00755204
-2 0 0.0101321
-2 -1 0.00755204
-2 -2 0.00398027
-2 -3 0.00200725
-2 -4 0.00107886
-3 4 0.000779394
-3 3 0.00125693
-3 2 0.00200725
-3 1 0.00291278
-3 0 0.00337737
-3 -1 0.00291278
-3 -2 0.00200725
-3 -3 0.00125693
-3 -4 0.000779394
-4 3 0.000779394
-4 2 0.00107886
-4 1 0.00136522
-4 0 0.00149002
-4 -1 0.00136522
-4 -2 0.00107886
-4 -3 0.000779394
-5 0 0.000779394
