inst/extdata/Tmax/Tmax37.asc
NCOLS 100 
NROWS 79 
XLLCORNER 148.06 
YLLCORNER -21.49 
CELLSIZE 0.01 
NODATA_value -3.4e+38 
[rows 0 to 19 of 79, columns 0 to 45 of 100]
28.869796752929702 28.9041385650635 28.0607776641846 29.0991287231445 29.1297149658203 29.4724655151367 29.503116607666 29.2553749084473 28.9988670349121 29.1176586151123 28.6111297607422 28.5752811431885 28.5671463012695 27.3015289306641 27.7952728271484 28.2039375305176 28.4594268798828 28.4945087432861 27.0250930786133 26.3701076507568 25.4443912506104 24.0396862030029 24.498851776123 26.0121059417725 26.6830291748047 27.3314418792725 26.8992290496826 26.8642578125 27.0771083831787 26.6443614959717 24.4932651519775 22.6961364746094 20.5583324432373 20.6890773773193 19.6248989105225 18.5023326873779 18.0855274200439 17.8349342346191 18.3655128479004 19.942497253418 21.8947162628174 22.2780380249023 22.9831218719482 28.5975341796875 28.2505321502686 27.2640399932861
29.4715518951416 28.3613243103027 26.8616104125977 27.5741901397705 27.4845275878906 28.6305484771729 29.1635589599609 29.364782333374 29.9339618682861 29.9983444213867 29.3576564788818 28.3494853973389 28.9881343841553 27.8885116577148 28.1377658843994 27.7846412658691 28.6451301574707 28.4448299407959 27.5296382904053 26.5344905853271 26.8132190704346 25.9696788787842 25.6867980957031 26.1616401672363 26.6680583953857 27.1882572174072 27.6037406921387 27.5565280914307 27.2014331817627 26.7253189086914 25.5267238616943 23.5098896026611 21.3596668243408 23.6016101837158 20.3192386627197 19.1800670623779 18.647403717041 19.5232715606689 20.4319381713867 21.4002170562744 23.0388355255127 23.1442813873291 26.3658847808838 27.1775169372559 27.8238544464111 26.7143173217773
29.2804355621338 28.2052459716797 28.2410430908203 28.8040351867676 28.1079044342041 28.4713954925537 28.9384021759033 29.5193920135498 29.941722869873 29.9968719482422 29.441822052002 28.6790618896484 28.9718227386475 28.522798538208 27.9130039215088 27.9191799163818 28.0358772277832 28.34326171875 27.4594974517822 26.9329471588135 26.3989028930664 26.6279811859131 26.0978050231934 26.4026184082031 27.3280754089355 27.5338687896729 27.503999710083 27.4717597961426 27.6642646789551 27.0670719146729 27.3158111572266 25.8107872009277 26.8609027862549 23.5924777984619 25.5827560424805 19.7728233337402 18.8638801574707 18.6467628479004 19.5753002166748 20.5939826965332 22.4799118041992 28.852840423584 28.8262062072754 25.4610061645508 25.3184242248535 27.8710308074951
29.8392848968506 29.5772285461426 28.5839004516602 29.7084465026855 28.868688583374 28.2952041625977 28.9392929077148 29.4455318450928 29.7759819030762 29.9294242858887 29.6896362304688 29.1570835113525 29.0354423522949 29.0137042999268 28.5964679718018 28.5024509429932 28.6684417724609 28.2342529296875 27.9997520446777 26.9440250396729 26.6416492462158 26.3295059204102 26.4371643066406 26.4482173919678 27.1367797851562 27.41383934021 27.3099594116211 27.3344497680664 26.9876823425293 26.0895309448242 26.329891204834 27.4006786346436 25.9891891479492 23.7308216094971 19.9111576080322 19.1531391143799 19.2899188995361 18.8120441436768 18.7873306274414 18.4018688201904 19.7020854949951 22.2085781097412 25.8667945861816 29.4648399353027 23.5979595184326 23.65207862854
30.5819854736328 29.7165431976318 29.5255470275879 30.1103687286377 29.6798648834229 29.1120223999023 28.5080528259277 29.5447063446045 30.3903369903564 29.6164627075195 29.8014068603516 29.517297744751 29.4297389984131 29.2482070922852 28.728006362915 28.4010334014893 28.4144706726074 27.8342552185059 27.0849113464355 26.2146949768066 26.2636737823486 26.7682437896729 26.8083248138428 27.0580215454102 26.7665691375732 26.6564674377441 27.9410419464111 27.1300601959229 26.9764251708984 27.1171646118164 26.5256061553955 26.6979866027832 25.9004249572754 24.8973331451416 25.389253616333 20.4944133758545 19.9763660430908 19.583683013916 18.3501796722412 18.4074211120605 18.3154335021973 21.6196308135986 25.0518741607666 27.15256690979 22.9300727844238 21.9799785614014
31.1101493835449 30.4590873718262 29.627685546875 30.0082607269287 30.2099666595459 29.5816898345947 29.5044422149658 29.8077354431152 30.0135974884033 29.7777709960938 29.6341667175293 30.091329574585 29.6008987426758 29.0697593688965 28.0661201477051 28.4199542999268 28.3336639404297 27.4941062927246 26.7143230438232 26.0771255493164 26.1414241790771 26.8340721130371 26.9615325927734 26.8875312805176 27.6958351135254 27.2877426147461 27.4235038757324 26.3352565765381 26.1551761627197 25.3890953063965 24.596752166748 25.648157119751 26.329174041748 25.4235935211182 24.9597721099854 25.2754859924316 20.6174926757812 20.0487213134766 19.5956268310547 19.2097873687744 18.4608917236328 20.6037521362305 26.0596561431885 25.1670227050781 23.2005386352539 20.1524772644043
30.175874710083 30.7248783111572 30.538444519043 30.8705005645752 30.3379936218262 29.9380760192871 28.9405841827393 29.3346786499023 29.9391193389893 30.1410636901855 30.3683280944824 30.3470630645752 29.2679538726807 28.7511806488037 28.6635990142822 28.6675777435303 28.1346626281738 27.3294429779053 26.8156795501709 26.2440414428711 25.5769519805908 26.2838954925537 26.8176460266113 27.1185550689697 27.4684314727783 27.815221786499 27.7175846099854 26.7892665863037 26.5345134735107 24.6392288208008 23.7766742706299 22.9778842926025 24.3265819549561 25.1522407531738 24.9747409820557 24.5283298492432 20.9814395904541 19.3693428039551 19.4223976135254 19.3648929595947 19.3364810943604 20.8640060424805 26.84592628479 28.041748046875 23.4477767944336 25.9314365386963
30.8186321258545 30.2744369506836 30.9778518676758 31.1081714630127 30.4735832214355 30.1767539978027 29.0778369903564 29.169059753418 29.7640037536621 29.9962711334229 29.9587364196777 29.722188949585 28.8480701446533 29.3760643005371 29.2714138031006 27.9337100982666 27.6114749908447 26.7510738372803 27.2260723114014 26.0116691589355 24.9345951080322 25.5916328430176 26.1466369628906 27.217357635498 27.5519161224365 27.8194236755371 27.5332565307617 26.5358448028564 26.1103935241699 25.5341987609863 23.4261207580566 22.9219131469727 23.6394348144531 23.5056819915771 24.0923156738281 24.3011608123779 20.2903957366943 19.3444499969482 19.1276817321777 19.5189056396484 19.6133079528809 20.6243019104004 21.8747253417969 23.1835632324219 23.2872009277344 20.8264408111572
30.0340976715088 30.7048053741455 30.3261222839355 30.4730815887451 30.3631591796875 30.2820129394531 29.8152847290039 28.9979305267334 29.4039535522461 29.898494720459 30.0597896575928 30.4621238708496 30.6482257843018 29.4859313964844 29.033447265625 27.662956237793 27.4948253631592 27.3728809356689 27.6138801574707 26.1943359375 26.1921920776367 25.7871608734131 26.1352825164795 27.0841274261475 27.6397914886475 27.9492263793945 26.8774147033691 25.1846733093262 25.6506099700928 25.4902610778809 24.3800048828125 23.4065265655518 23.1630382537842 22.4255599975586 25.081714630127 22.9886169433594 23.8298282623291 24.1156101226807 19.2497386932373 19.1422214508057 19.172248840332 19.3341960906982 19.6580638885498 21.5410022735596 22.2816028594971 20.7592849731445
29.3568229675293 30.337007522583 30.565465927124 31.0104904174805 30.3340435028076 30.3917102813721 29.9030628204346 29.3463077545166 29.4793891906738 29.5266857147217 29.9880847930908 29.978931427002 28.8263473510742 28.7466640472412 28.7273197174072 28.4826602935791 28.3250484466553 28.0063877105713 27.4492301940918 27.249885559082 27.2071495056152 26.2734451293945 26.7203826904297 27.6179275512695 28.3891372680664 28.2679615020752 27.06103515625 26.4686870574951 25.664083480835 24.470832824707 23.6219215393066 23.3056297302246 23.2738475799561 23.9067478179932 24.3095741271973 22.6645374298096 19.7018203735352 22.9840354919434 19.7564296722412 18.9113502502441 18.8912029266357 18.6284980773926 19.0860462188721 19.9612979888916 20.0827770233154 19.7299175262451
29.6367073059082 30.6919746398926 30.6512317657471 30.1125659942627 30.822732925415 30.9685668945312 30.3734512329102 29.7462177276611 29.8268203735352 29.8394832611084 30.1990795135498 29.5838489532471 29.2701377868652 28.0482730865479 28.2227020263672 28.2866764068604 28.2514991760254 28.420934677124 27.9437789916992 27.877103805542 26.7013740539551 26.5892391204834 26.4330921173096 27.3810901641846 27.7261219024658 28.5427875518799 26.8224601745605 24.8971118927002 24.0326042175293 23.8455829620361 23.4531383514404 23.9065437316895 24.6671466827393 24.5663299560547 24.0502433776855 22.3147029876709 19.8047199249268 19.5307712554932 19.5962181091309 18.8948287963867 18.9812488555908 18.5600204467773 18.4762134552002 19.1026210784912 19.4932098388672 19.747766494751
30.1019077301025 29.5297660827637 30.2984294891357 30.4339294433594 30.4863739013672 31.396671295166 30.671781539917 29.8860569000244 29.7038669586182 30.0131759643555 29.7054405212402 30.1572380065918 29.7459335327148 29.1299476623535 28.8798885345459 28.7075481414795 28.9720344543457 28.7682723999023 28.5070667266846 27.7635612487793 26.8918704986572 26.4094924926758 26.8880500793457 26.8715896606445 26.7453842163086 27.3741989135742 25.7256546020508 24.8708324432373 24.2440853118896 24.5391693115234 24.8363285064697 24.8070850372314 24.8154582977295 24.2447910308838 24.1263313293457 23.0465202331543 23.8893642425537 18.9940967559814 19.5183048248291 19.7134914398193 19.5747871398926 19.3259296417236 18.5413951873779 19.213415145874 19.3715896606445 19.3699111938477
30.2356777191162 30.4079074859619 30.4622955322266 31.1626300811768 31.0432224273682 31.093864440918 30.409460067749 29.6414432525635 29.9881134033203 31.0098648071289 29.982795715332 30.3213081359863 29.611722946167 30.108039855957 29.624942779541 29.3139400482178 29.808443069458 29.2689056396484 28.9654521942139 27.6229820251465 27.3740921020508 27.803071975708 27.8968257904053 28.3687076568604 28.2054214477539 27.621488571167 27.2161674499512 26.346378326416 25.4882793426514 25.1516036987305 26.0035305023193 25.6889305114746 25.5171642303467 24.9518737792969 23.5727024078369 22.9220848083496 21.8661651611328 23.0618076324463 22.0115776062012 20.3330516815186 18.9821510314941 18.7469654083252 18.4141082763672 18.1994380950928 19.6671237945557 19.9688758850098
30.9601631164551 31.2209281921387 29.9458847045898 30.4200401306152 30.0058784484863 30.038724899292 30.7752513885498 30.1849536895752 30.3558921813965 30.3250637054443 30.274435043335 30.0886707305908 29.7024116516113 29.2323627471924 29.5496387481689 29.149715423584 29.5627059936523 29.2666110992432 29.0519733428955 28.3805694580078 28.5695190429688 28.6302051544189 28.3427085876465 28.4844379425049 27.6769847869873 25.86106300354 25.4535503387451 25.3584899902344 24.5918636322021 25.1088485717773 26.0345211029053 25.8247776031494 25.2488479614258 24.4431858062744 23.7657260894775 25.3157730102539 23.835298538208 20.0931510925293 24.3171329498291 25.7255058288574 24.8811569213867 20.24534034729 19.4055919647217 19.3123397827148 19.7060604095459 20.6491069793701
29.368766784668 29.6454582214355 30.2321014404297 30.6350860595703 30.3674373626709 30.209171295166 30.2130870819092 30.8791408538818 29.7599468231201 29.5402946472168 29.6682300567627 29.4167728424072 28.7255325317383 28.6747455596924 29.0066604614258 28.4102878570557 29.2826461791992 29.3641166687012 29.1931343078613 29.2828388214111 28.9983654022217 28.2895221710205 27.45778465271 27.6266384124756 27.4855861663818 27.283088684082 26.9850387573242 26.3692512512207 25.7687206268311 26.4939403533936 25.8419799804688 26.1559963226318 25.9092540740967 25.9948692321777 25.6140193939209 24.0774593353271 24.8592014312744 24.2750930786133 24.1121482849121 25.6828441619873 25.4328632354736 25.4524631500244 20.2201595306396 19.4258480072021 19.806282043457 20.9742546081543
27.6878890991211 29.2936687469482 30.3435382843018 30.0814514160156 30.7720432281494 30.728157043457 30.4920539855957 30.0527896881104 30.5924587249756 30.0078983306885 28.5042362213135 29.3681926727295 28.109130859375 27.2575988769531 28.4630241394043 28.2628593444824 27.7154769897461 28.4282302856445 29.2089862823486 28.9544353485107 28.8147163391113 28.6135654449463 28.4944458007812 28.4280300140381 28.0207462310791 27.5962886810303 27.8021278381348 27.3500537872314 27.168628692627 26.8221263885498 26.5723209381104 25.8706951141357 25.8236503601074 26.4038867950439 26.2214183807373 26.0691375732422 26.4883079528809 24.7569408416748 26.0177421569824 26.6540374755859 26.0187225341797 24.4277629852295 19.462423324585 18.7115020751953 19.2718334197998 20.1115245819092
29.0397033691406 27.9297370910645 29.4126148223877 30.4612331390381 29.5339527130127 29.506217956543 30.6582736968994 29.9169654846191 29.8210353851318 30.0933208465576 28.9110946655273 28.9639015197754 27.5985469818115 26.962984085083 27.9748611450195 26.9480857849121 26.7229442596436 27.9216117858887 27.9531669616699 28.1938972473145 28.7642555236816 28.7420825958252 28.1923522949219 28.1514549255371 27.329216003418 26.665958404541 26.0315380096436 26.473237991333 27.1502265930176 26.0424690246582 25.6611862182617 24.9205112457275 25.3405704498291 26.2832088470459 26.4920463562012 26.2096519470215 26.7506828308105 26.7098846435547 26.1669368743896 25.6899433135986 25.9711589813232 24.1945171356201 23.0411281585693 19.9763450622559 19.4313526153564 20.3691139221191
29.4439220428467 29.3760395050049 29.4544353485107 30.629732131958 29.937629699707 30.3590869903564 30.8920211791992 30.9063568115234 31.1243076324463 30.767147064209 30.3699588775635 29.8524112701416 27.8333683013916 27.1614189147949 27.6627788543701 27.105110168457 26.8096656799316 26.6346607208252 25.9041042327881 27.137866973877 28.189624786377 29.0258293151855 29.2737636566162 28.6506881713867 27.2268028259277 25.5249118804932 24.579475402832 25.3673782348633 26.4471416473389 25.8422069549561 25.6861877441406 26.6167411804199 26.5621070861816 26.5831832885742 27.2498950958252 26.324836730957 25.8194942474365 25.6708240509033 26.2903232574463 26.3663482666016 26.8575057983398 26.4038829803467 25.2416706085205 24.7668914794922 21.9745788574219 21.4421005249023
30.5086231231689 29.2866382598877 28.8547878265381 29.4549331665039 29.7069969177246 30.2906436920166 31.1195869445801 30.3392543792725 31.218505859375 30.7888889312744 29.3059139251709 29.5672473907471 28.5426826477051 25.6016254425049 26.0903263092041 25.3267345428467 25.7295169830322 25.0130500793457 26.2719688415527 27.3822345733643 28.7618980407715 28.5514392852783 29.1165542602539 29.0674839019775 27.5864200592041 26.1254348754883 24.4894943237305 25.0839939117432 26.7372570037842 25.8582134246826 26.2648315429688 27.0799789428711 27.9774322509766 27.9598598480225 27.0805683135986 26.6665821075439 26.0928440093994 26.106559753418 26.9080104827881 26.9181079864502 27.0189418792725 26.9148597717285 26.5976409912109 26.2904872894287 24.3964710235596 21.3219470977783
29.4177875518799 29.4570007324219 29.84228515625 29.4990100860596 30.2910842895508 30.1892604827881 31.104549407959 31.0798740386963 30.0364475250244 30.3468189239502 30.6436500549316 29.7223072052002 28.605489730835 25.2138442993164 25.7591571807861 25.8630867004395 25.3543567657471 25.7439651489258 25.815502166748 27.1481037139893 28.5170269012451 28.1575202941895 28.8627281188965 28.9052124023438 28.3473873138428 27.3251285552979 25.9883346557617 25.7255916595459 26.5218105316162 26.7584857940674 27.533317565918 27.9703617095947 27.9817714691162 27.9909381866455 28.0457363128662 27.0037212371826 26.122386932373 26.0448169708252 26.1000061035156 26.5996417999268 27.4105587005615 26.9824295043945 26.0144519805908 26.0854721069336 25.0073719024658 24.4197463989258
