inst/extdata/Tmax/Tmax98.asc
NCOLS 100 
NROWS 79 
XLLCORNER 148.06 
YLLCORNER -21.49 
CELLSIZE 0.01 
NODATA_value -3.4e+38 
[rows 0 to 19 of 79, columns 0 to 45 of 100]
34.602912902832003 34.2395286560059 33.2146301269531 33.5919227600098 33.7363014221191 34.18115234375 34.3862991333008 34.5591049194336 34.5066223144531 34.3121681213379 33.8016700744629 33.5788230895996 33.4857025146484 32.1699562072754 32.6803283691406 33.1195640563965 33.5312728881836 33.4856300354004 32.6154937744141 31.9010963439941 31.740104675293 30.7399578094482 31.1919479370117 32.5500373840332 33.085147857666 33.3440246582031 33.2114791870117 33.2516784667969 32.9104881286621 32.5081939697266 31.5658493041992 29.5563869476318 30.920036315918 30.8223171234131 29.5270748138428 28.3289012908936 28.2061538696289 27.7879123687744 28.6147880554199 30.6261672973633 32.2658424377441 32.5504989624023 33.3284187316895 33.6783676147461 33.8513107299805 33.977970123291
34.4395751953125 33.8830718994141 33.0620002746582 33.1542549133301 32.5420951843262 33.5095748901367 34.1149101257324 34.4557571411133 34.5872611999512 34.4518661499023 34.0789070129395 33.7406463623047 33.8554496765137 33.3996810913086 33.2165641784668 33.0876388549805 33.5280838012695 33.5488243103027 32.4782333374023 31.8342571258545 32.3910369873047 32.1177101135254 31.9921073913574 32.4586067199707 32.9525146484375 33.1410179138184 33.4429130554199 33.3753089904785 33.1388626098633 32.9020195007324 31.9891986846924 30.4775695800781 31.737211227417 31.2829914093018 30.5497550964355 29.4966907501221 29.016695022583 29.415563583374 30.5826168060303 31.7943248748779 33.397632598877 33.841236114502 33.9649848937988 33.9532241821289 34.0003204345703 34.0334739685059
34.4550552368164 33.5859870910645 33.7002716064453 33.8320083618164 33.3360328674316 33.4559745788574 33.8898506164551 34.4982757568359 34.6862831115723 34.5311737060547 34.2121810913086 34.0688018798828 33.9642372131348 33.8988761901855 33.5665969848633 33.3994941711426 33.6267166137695 33.7792129516602 33.153491973877 32.9418106079102 32.7768325805664 32.4224586486816 32.1673812866211 32.2932929992676 33.2017250061035 33.4848175048828 33.3074836730957 33.2737426757812 33.264720916748 32.9210357666016 32.974536895752 31.9033870697021 32.1614761352539 30.8115749359131 30.474588394165 29.7728805541992 29.2062530517578 28.6752414703369 29.8024787902832 31.1139755249023 32.6170425415039 33.713981628418 34.0519981384277 34.114387512207 34.0829544067383 34.0224113464355
34.7088623046875 34.3291549682617 33.9549598693848 34.6232604980469 34.0572090148926 33.5895843505859 33.9997482299805 34.6126403808594 34.7899780273438 34.6338157653809 34.4677848815918 34.4222984313965 34.3001327514648 34.1136627197266 33.6350402832031 33.4425659179688 33.8333930969238 33.8739471435547 33.6261940002441 33.1111640930176 32.7544479370117 32.3418464660645 32.4217567443848 32.3761405944824 33.0122528076172 33.4811363220215 33.0826873779297 33.3648719787598 33.1566619873047 32.245044708252 32.8503608703613 32.9293060302734 32.1043319702148 30.7265453338623 30.0944805145264 29.1268005371094 29.4309062957764 28.8757972717285 28.742504119873 28.1970481872559 29.9165649414062 32.8768615722656 33.8768653869629 34.1080360412598 33.824462890625 33.7046279907227
35.3455352783203 34.7391891479492 34.4639549255371 34.9073944091797 34.6432762145996 33.928596496582 33.9657821655273 34.6726264953613 34.8290061950684 34.4090881347656 34.406364440918 34.6279373168945 34.4825553894043 34.1678352355957 33.7609634399414 33.9239234924316 34.0127067565918 33.7162208557129 33.2042121887207 32.392391204834 32.5888328552246 32.7734489440918 32.9097099304199 33.1187705993652 33.1199760437012 32.7488670349121 33.5626029968262 33.1260643005371 32.9752769470215 32.428768157959 32.818790435791 32.619384765625 32.2727890014648 31.1796531677246 30.6054878234863 30.9456062316895 30.6035690307617 29.9932746887207 29.390064239502 28.5668601989746 28.1726341247559 31.9582824707031 33.5892372131348 34.0376968383789 33.2831382751465 32.4935989379883
35.5387382507324 35.2643280029297 34.4810447692871 34.9541435241699 35.0262985229492 34.5568084716797 34.2411651611328 34.740421295166 34.9116096496582 34.5842704772949 34.4539184570312 34.7476806640625 34.5664138793945 34.2533073425293 33.5185432434082 34.0764694213867 33.9847030639648 33.4774780273438 32.8675804138184 32.4008255004883 32.5060729980469 32.789608001709 33.1313247680664 33.1245040893555 33.4460334777832 33.3204002380371 33.4098510742188 32.5570411682129 32.5473937988281 31.3434028625488 32.1536254882812 32.686279296875 32.7867622375488 32.4149551391602 32.0186958312988 31.9429187774658 31.0131034851074 30.4656448364258 30.0980663299561 29.183406829834 28.6191902160645 31.5169563293457 33.4960479736328 34.0231475830078 33.4829902648926 31.2087249755859
35.7754898071289 35.4865608215332 35.0597610473633 35.2416915893555 35.1793479919434 34.7542419433594 34.0255088806152 34.6481170654297 34.851261138916 34.9989967346191 34.9260711669922 34.7492523193359 34.2657127380371 34.3849639892578 34.3447914123535 34.1785888671875 33.962474822998 33.3295669555664 33.0875205993652 32.745922088623 32.0938034057617 32.3235397338867 32.8452186584473 33.2735252380371 33.6616401672363 33.5729484558105 33.5946578979492 32.9818687438965 32.5735473632812 31.2284603118896 31.2318096160889 31.364501953125 32.4326934814453 32.6169509887695 32.0998458862305 31.9727573394775 31.3358669281006 29.778865814209 30.0460529327393 29.5480651855469 29.3645153045654 31.342845916748 33.2981109619141 33.8048324584961 33.5604286193848 31.72776222229
35.8025321960449 35.6907081604004 35.3674926757812 35.3934478759766 35.3415679931641 35.0384750366211 34.3776550292969 34.2300148010254 34.57666015625 34.9564628601074 35.0722808837891 34.7410163879395 33.9758110046387 34.221794128418 34.4751739501953 33.6940689086914 33.6384735107422 32.7716636657715 32.6837730407715 32.4158172607422 31.6561889648438 32.1906967163086 32.677978515625 33.3015518188477 33.8288803100586 33.8381156921387 33.3735656738281 32.8630180358887 32.6562652587891 31.7912406921387 30.3019981384277 30.6321182250977 31.0120716094971 31.6810913085938 32.1137313842773 31.4308700561523 31.5146522521973 30.5184097290039 29.3866748809814 29.7083625793457 29.9462776184082 31.2135448455811 32.3535652160645 33.471378326416 33.4119338989258 31.3935050964355
35.5585060119629 35.8064422607422 35.6191520690918 35.5582962036133 35.4041709899902 35.1208229064941 34.7094078063965 34.1750030517578 34.3687705993652 34.9484596252441 35.1201820373535 35.0566558837891 34.8151741027832 34.6391677856445 34.2230644226074 33.3544387817383 33.5747222900391 33.2856025695801 33.4363098144531 32.3871040344238 32.3849906921387 32.2143478393555 32.3263130187988 33.0915870666504 33.7529907226562 33.9545593261719 32.9128952026367 31.9132652282715 32.0095367431641 31.9020175933838 31.2302589416504 30.6029434204102 30.1123485565186 30.6358413696289 31.664644241333 30.9710216522217 30.7066955566406 30.6485195159912 29.5761241912842 29.209602355957 29.4581623077393 29.5803184509277 30.6023941040039 32.3973121643066 32.914234161377 31.5131397247314
35.2573051452637 35.7244644165039 35.7949752807617 35.6298484802246 35.3916816711426 35.2496490478516 35.0209617614746 34.4914627075195 34.1107139587402 34.8807106018066 35.1430740356445 34.686222076416 33.8647537231445 33.9365615844727 34.0508270263672 34.0180168151855 34.0577926635742 33.8817253112793 33.6399536132812 33.280818939209 32.9055404663086 32.1819076538086 32.559383392334 33.5065078735352 34.0134353637695 33.8925285339355 33.0931396484375 32.9062614440918 32.3247451782227 31.7376136779785 30.317081451416 29.882417678833 31.1004104614258 30.9380931854248 30.6998615264893 30.4308338165283 30.184907913208 30.5157928466797 29.8955097198486 29.0471267700195 29.0830631256104 28.4564914703369 29.4183864593506 30.7389240264893 31.0960884094238 30.3774566650391
34.911376953125 35.2714653015137 35.8360443115234 35.7216377258301 35.5657081604004 35.4653930664062 35.246753692627 34.8190307617188 34.7953567504883 35.0554389953613 35.2121543884277 34.7805633544922 34.3953247070312 33.5357818603516 33.7298698425293 34.0563201904297 34.2025032043457 34.4196548461914 33.901065826416 33.6696243286133 33.2061958312988 32.7847175598145 32.8661880493164 33.5116806030273 34.0046501159668 33.8930778503418 33.1018257141113 32.240177154541 31.0942687988281 31.0893878936768 30.675012588501 30.6137256622314 31.5892181396484 31.2946395874023 30.2685356140137 29.9757175445557 30.5176105499268 30.1882724761963 29.7519454956055 29.123083114624 29.183910369873 28.8950004577637 28.4993762969971 29.3241386413574 29.8166255950928 30.1712474822998
34.7452774047852 34.8253173828125 35.8198394775391 35.8141479492188 35.7125129699707 35.5664176940918 35.3712844848633 34.9858436584473 35.0247802734375 35.3508949279785 35.2851142883301 35.062427520752 34.6395606994629 34.0701751708984 33.9485664367676 34.2947807312012 34.6532363891602 34.6342887878418 34.3320732116699 33.7981834411621 33.2112045288086 32.8295211791992 33.0137062072754 33.1850662231445 33.4330139160156 33.8174819946289 32.6974334716797 31.781909942627 31.0838432312012 31.3546314239502 31.42897605896 31.3354549407959 31.8116512298584 31.2003364562988 30.910737991333 30.8064517974854 30.3191661834717 29.6461563110352 30.2426719665527 30.5033321380615 30.0030632019043 29.4948101043701 28.8954067230225 29.4021434783936 30.0038604736328 30.4581146240234
34.9562377929688 35.532054901123 35.8347587585449 35.7850456237793 35.7927513122559 35.6794166564941 35.5203247070312 35.0887107849121 35.1826057434082 35.5290260314941 35.2998046875 35.2196846008301 34.9703178405762 35.048095703125 34.9320869445801 34.905704498291 34.9205665588379 34.8216667175293 34.561149597168 33.9566841125488 33.6393394470215 33.8269691467285 34.1254920959473 34.3892669677734 34.217529296875 33.7286643981934 33.4977607727051 32.9348258972168 32.5111541748047 32.2963752746582 32.3674774169922 32.131591796875 32.0180778503418 31.3539505004883 30.7060031890869 30.1873035430908 29.5744018554688 30.8378486633301 31.165111541748 31.1000270843506 29.5607643127441 29.4828147888184 28.9259910583496 28.6147766113281 30.1036739349365 30.746374130249
35.48291015625 35.7272682189941 35.7920837402344 35.6956825256348 35.7076797485352 35.7575073242188 35.6913795471191 35.550365447998 35.3105659484863 35.4617919921875 35.4227561950684 35.3413772583008 35.1911659240723 35.0705146789551 34.944149017334 34.8513145446777 35.0179595947266 34.910701751709 34.7438888549805 34.6110382080078 34.4900321960449 34.4468536376953 34.2095909118652 34.3407096862793 33.8302917480469 32.659049987793 32.5995140075684 32.1211624145508 31.4812698364258 32.3694725036621 32.6863555908203 32.6430892944336 31.7797355651855 31.4277782440186 31.2871398925781 31.2186374664307 31.1962108612061 30.8359146118164 31.5479583740234 31.9387035369873 31.3401699066162 30.8244762420654 30.0875263214111 29.4627723693848 30.672191619873 31.2424087524414
34.6273880004883 35.290412902832 35.7736053466797 35.6910667419434 35.5466651916504 35.6539039611816 35.6055793762207 35.4109954833984 34.9299392700195 34.9797859191895 35.3539237976074 35.1350479125977 34.5314826965332 34.7201309204102 34.9262657165527 34.2925834655762 34.7921524047852 34.995174407959 34.9328231811523 34.8711318969727 34.802677154541 34.3398933410645 33.6038780212402 34.0504379272461 33.8516960144043 33.5376205444336 33.452278137207 33.0617294311523 32.6411361694336 32.9384460449219 32.8844757080078 32.5862770080566 32.0725936889648 32.3473968505859 32.3006362915039 31.2250671386719 31.8641395568848 30.8960361480713 31.2612800598145 32.1300582885742 32.1035079956055 31.8135833740234 30.9467792510986 30.000919342041 30.7178192138672 31.5887832641602
33.6515350341797 34.8124389648438 35.6566963195801 35.7979850769043 35.7180023193359 35.6849555969238 35.568962097168 35.4392471313477 35.189826965332 34.6027603149414 34.1443328857422 34.9861030578613 34.0329475402832 33.6774749755859 34.6711082458496 34.2602996826172 34.2405128479004 34.767822265625 34.7961349487305 34.7931632995605 34.7999534606934 34.7706413269043 34.6095581054688 34.3375816345215 33.8541946411133 33.4121551513672 33.4311218261719 33.3588981628418 33.2900505065918 33.0774345397949 32.8799743652344 32.417854309082 32.1004676818848 32.825023651123 32.6819458007812 32.3725395202637 32.3849411010742 31.7362747192383 31.3376617431641 32.104736328125 32.3221817016602 31.6105499267578 30.1734294891357 28.9286594390869 29.4281215667725 31.3795261383057
34.805347442627 34.6233367919922 35.2816543579102 35.4897499084473 35.738151550293 35.6991386413574 35.56640625 35.406421661377 35.228946685791 34.8981666564941 34.1668319702148 34.6409759521484 33.4533386230469 33.1744537353516 34.0222511291504 33.8572425842285 33.0895576477051 34.3238639831543 34.3143653869629 34.289363861084 34.5768089294434 34.7556457519531 34.6416511535645 34.1569480895996 33.2095184326172 32.5605010986328 32.1289405822754 32.5030288696289 33.122013092041 32.4735679626465 32.2285919189453 31.384464263916 32.1781997680664 33.1211051940918 32.9101753234863 32.6894340515137 32.7428092956543 32.2579879760742 31.8433151245117 32.1614074707031 32.385139465332 31.133903503418 30.0203189849854 30.3681926727295 30.7610359191895 31.4256248474121
34.9759368896484 35.3716278076172 35.4543800354004 35.4664993286133 35.6210784912109 35.6808128356934 35.6112861633301 35.5141563415527 35.3368911743164 34.8214797973633 34.3774223327637 33.9549331665039 33.5014839172363 33.0977935791016 33.6746215820312 33.5142593383789 33.5451889038086 33.3429145812988 33.0589828491211 33.037467956543 34.3243637084961 34.6277389526367 34.6017951965332 34.4798202514648 33.8173370361328 32.5380592346191 30.9976081848145 31.9045963287354 32.7955055236816 31.7434158325195 32.159481048584 32.8056182861328 33.1290130615234 33.429328918457 33.3286514282227 33.1041870117188 32.5749473571777 31.6535034179688 32.1565246582031 32.4087715148926 32.761547088623 32.3785285949707 32.209587097168 32.1835861206055 32.1280975341797 31.5020656585693
35.2581443786621 35.2465133666992 35.0772438049316 35.1879844665527 35.6854400634766 35.5660820007324 35.583065032959 35.5622367858887 35.4567451477051 35.063793182373 33.8308410644531 33.9284019470215 33.4487380981445 32.2143669128418 33.0194931030273 32.7644729614258 32.5817527770996 31.8241634368896 32.7360954284668 33.1418418884277 34.342529296875 34.3712196350098 34.5194664001465 34.630786895752 33.6865310668945 32.5112037658691 31.2501602172852 32.1029167175293 32.7727737426758 32.229076385498 32.7687683105469 33.2564353942871 33.6724166870117 33.6753158569336 33.1898307800293 32.900821685791 32.503963470459 32.2070960998535 32.7832984924316 32.8751678466797 32.9164886474609 32.8294563293457 32.6911315917969 31.9776191711426 31.0510787963867 31.0088996887207
35.4363479614258 35.4274368286133 35.4006233215332 35.242805480957 35.7193031311035 35.7148170471191 35.6489143371582 35.5844078063965 35.5066223144531 35.3933982849121 35.0312881469727 34.2195167541504 33.3012580871582 32.0070762634277 32.3532676696777 32.3100891113281 31.8371238708496 32.1468467712402 32.4170837402344 33.536865234375 34.3863334655762 33.9313430786133 34.6924095153809 34.5214805603027 33.8726997375488 33.6066093444824 32.4462242126465 32.5610961914062 32.9382476806641 32.7460746765137 33.4057235717773 33.3718452453613 33.8483619689941 33.7677688598633 33.6014213562012 33.3311614990234 32.4195823669434 32.6020126342773 32.8848495483398 32.8767127990723 32.9114570617676 32.7604484558105 32.6751365661621 32.1144676208496 32.0314712524414 31.8888874053955
