inst/extdata/Tmax/Tmax53.asc
NCOLS 100 
NROWS 79 
XLLCORNER 148.06 
YLLCORNER -21.49 
CELLSIZE 0.01 
NODATA_value -3.4e+38 
[rows 20 to 39 of 79, columns 0 to 45 of 100]
31.463903427123999 31.9949150085449 32.2083892822266 31.9548816680908 32.1767044067383 33.0559196472168 32.6016311645508 32.9003105163574 31.7498626708984 31.6794490814209 32.7511825561523 32.3072319030762 31.21750831604 29.435619354248 28.3026504516602 27.5414123535156 27.2094783782959 28.5438365936279 29.5224437713623 30.3954448699951 30.5384635925293 31.0309085845947 31.2364559173584 31.5967712402344 31.5475826263428 31.29030418396 30.1914939880371 28.3166656494141 29.2683353424072 29.1065616607666 30.2871150970459 30.6031856536865 30.6917381286621 30.7755565643311 30.5343170166016 30.2319927215576 30.01828956604 29.8023414611816 28.9030265808105 29.2369918823242 29.034107208252 28.1198577880859 28.8903903961182 28.7064914703369 27.2860584259033 27.4366817474365
32.2330665588379 32.5508804321289 32.585807800293 32.2260055541992 32.1844749450684 32.1223564147949 31.718433380127 32.5202293395996 32.7938957214355 33.0675201416016 32.7546844482422 32.7622184753418 32.2508506774902 29.71559715271 28.2344665527344 28.0476913452148 28.1789398193359 28.7658863067627 29.2481327056885 30.2956981658936 30.9895191192627 31.5899753570557 30.7593288421631 31.2859191894531 31.2383136749268 30.9531993865967 30.6888599395752 29.1680889129639 29.2567157745361 30.2216796875 30.6846828460693 30.4525394439697 30.3965015411377 29.1905345916748 28.9070625305176 29.1398773193359 30.1321811676025 28.282283782959 27.8768177032471 28.1894493103027 27.4071102142334 28.001823425293 28.1984825134277 25.99196434021 25.8960762023926 26.6355972290039
32.5181579589844 32.8073654174805 32.6428451538086 31.9746208190918 33.2297630310059 32.3402709960938 32.5983238220215 32.2866554260254 33.0062866210938 32.2141265869141 33.318977355957 32.9499320983887 32.7495918273926 31.7964725494385 31.0224666595459 29.3211650848389 27.7098789215088 28.2563610076904 28.6366214752197 30.5858097076416 31.452299118042 30.6058216094971 30.6939220428467 30.2256565093994 29.7504863739014 30.6073532104492 30.5383758544922 30.205602645874 30.139741897583 30.1681346893311 29.8118095397949 29.3630905151367 28.8550510406494 28.3794364929199 27.7330303192139 28.5217094421387 28.6000366210938 27.4989337921143 27.5151920318604 27.5108947753906 26.2089099884033 26.1246852874756 26.6336479187012 27.3362731933594 21.8805713653564 26.3849449157715
32.6587791442871 33.1341972351074 33.6688499450684 31.9783191680908 31.924186706543 32.8018836975098 31.8837223052979 32.8384666442871 33.0476112365723 32.1741104125977 32.7340927124023 32.6154899597168 32.8678321838379 31.9116649627686 30.0895824432373 29.1895885467529 28.0661602020264 28.412223815918 29.0470523834229 30.0225524902344 30.4988269805908 31.0551719665527 30.2857036590576 28.9984931945801 29.4839839935303 29.6136112213135 29.6065635681152 30.5205421447754 30.8386859893799 30.5960903167725 30.236385345459 29.2121906280518 28.6018733978271 28.7493934631348 29.2309455871582 28.9195690155029 26.7927742004395 26.4478416442871 26.9269981384277 27.2540416717529 25.8816814422607 25.6708698272705 25.2454528808594 23.5354404449463 25.0108184814453 25.1464557647705
32.8501167297363 32.7594375610352 32.6035461425781 33.342830657959 33.4535942077637 33.1597633361816 31.9536781311035 33.0242462158203 31.5935649871826 31.8234100341797 31.8730411529541 31.644474029541 31.4741821289062 31.8089542388916 30.3193531036377 28.8713855743408 28.2084827423096 28.1098918914795 29.224479675293 29.4031219482422 30.676513671875 30.8924541473389 28.3376045227051 28.114860534668 28.3525238037109 28.7156066894531 28.9773654937744 30.2804431915283 30.6787433624268 30.0802268981934 30.4842071533203 30.0574321746826 29.9606552124023 29.8032913208008 29.2679901123047 28.8605766296387 28.205358505249 27.4266490936279 26.2251605987549 25.6586132049561 24.526180267334 23.5776386260986 24.2272205352783 26.1162586212158 21.1622676849365 20.9646625518799
33.3061408996582 33.0416946411133 33.5151786804199 32.876594543457 33.4171333312988 33.2981300354004 33.1842575073242 32.973316192627 32.8108177185059 31.4211730957031 32.4585380554199 31.7654342651367 30.9715003967285 31.1112823486328 31.1483612060547 31.0146026611328 29.7813701629639 29.5677127838135 30.2017784118652 30.8076591491699 30.1347141265869 28.5494499206543 28.0578765869141 26.918758392334 27.6204280853271 28.4690284729004 28.5036449432373 29.3878345489502 30.4478359222412 30.2837028503418 28.6768379211426 29.6496067047119 29.4667453765869 29.4850044250488 29.0615139007568 28.7436256408691 28.1467380523682 27.0665435791016 24.7327671051025 25.2745895385742 23.8124980926514 24.9036560058594 26.4289283752441 25.8627490997314 21.1481437683105 20.3652420043945
31.3518104553223 32.5723609924316 33.629467010498 33.4162979125977 33.3178825378418 33.1782188415527 33.092830657959 33.1284446716309 32.8515472412109 31.5562210083008 31.1260623931885 31.3241291046143 31.161657333374 30.8804092407227 30.9923706054688 30.0567836761475 29.2894859313965 29.4192790985107 30.2928295135498 30.1669082641602 29.8739624023438 30.1444988250732 28.9945659637451 27.6802291870117 27.1380214691162 27.8541202545166 29.1263904571533 30.3982315063477 29.8528327941895 30.0298557281494 29.2490139007568 29.0559692382812 29.3328266143799 28.7800159454346 28.7595653533936 28.0512809753418 26.7371845245361 26.9643096923828 22.3770809173584 20.7466049194336 23.4392528533936 20.9759941101074 25.7938842773438 22.0796871185303 24.4464931488037 20.1459903717041
31.5281639099121 31.1549282073975 32.306266784668 33.1805610656738 33.1584014892578 33.0634002685547 33.2766494750977 33.4222793579102 33.038703918457 32.3039283752441 31.8335666656494 31.1254997253418 30.9624156951904 31.3574466705322 29.8081283569336 30.0208301544189 29.5887718200684 29.147891998291 29.4803562164307 29.5616340637207 29.6098384857178 29.696662902832 29.2614879608154 28.0892753601074 27.9757328033447 28.2216491699219 27.7198734283447 30.1840286254883 30.5846004486084 29.3047924041748 29.0372848510742 29.1068744659424 29.419563293457 28.5808410644531 28.3093490600586 27.5104312896729 26.0471782684326 26.3735523223877 26.1171741485596 24.9574298858643 23.7963352203369 24.2406845092773 24.0604076385498 21.372486114502 20.7690811157227 20.4425086975098
30.3496437072754 30.7988872528076 31.3872947692871 32.2995414733887 33.3577156066895 32.8776626586914 33.3254241943359 32.991756439209 33.0074768066406 32.0471153259277 32.1369857788086 31.31614112854 31.6063079833984 31.5927295684814 31.3147602081299 29.1968803405762 29.2350997924805 29.0365371704102 29.399393081665 30.3219738006592 29.1303367614746 29.6280498504639 28.6732196807861 27.6980094909668 27.9683704376221 28.3020477294922 28.2889976501465 29.0280342102051 29.793664932251 29.6986293792725 29.7977275848389 28.8411350250244 28.4222564697266 27.3047466278076 26.6709671020508 25.74143409729 26.0379486083984 26.0685062408447 26.2065868377686 23.7333660125732 20.848217010498 20.9096031188965 24.2868976593018 20.6804714202881 20.8947887420654 20.7944049835205
29.3011913299561 29.9637813568115 30.5703945159912 31.3053798675537 32.7045059204102 32.7618522644043 32.130298614502 33.3235626220703 33.1139831542969 32.7623863220215 31.6718940734863 32.0838661193848 31.4369163513184 31.1659107208252 31.754337310791 31.5362586975098 31.1509590148926 29.4075450897217 29.6717834472656 29.6601028442383 29.6121845245361 29.6061191558838 29.1720905303955 28.2221641540527 28.0174503326416 28.0549163818359 27.6132621765137 28.9978885650635 29.9001045227051 29.3901443481445 30.0076370239258 28.5929279327393 27.5593814849854 27.4226913452148 26.9161739349365 26.5592384338379 26.5267009735107 25.938325881958 25.3070907592773 24.9182548522949 26.068338394165 26.0582904815674 23.6118545532227 23.622579574585 20.953893661499 21.8254280090332
29.8232727050781 30.4463119506836 30.579517364502 31.3615627288818 31.6488857269287 31.4759941101074 31.6990737915039 32.7648658752441 32.7377510070801 32.239616394043 32.7265625 32.6538047790527 32.6874771118164 31.8794956207275 31.9250011444092 31.9364833831787 30.7541847229004 30.2314682006836 29.3078002929688 29.6827487945557 29.513126373291 28.9468784332275 28.7528476715088 28.3705730438232 27.818172454834 27.1339988708496 27.5374526977539 29.2432174682617 29.6263828277588 29.8020877838135 30.0958251953125 30.2673149108887 28.6224613189697 27.477294921875 26.7619514465332 27.5754280090332 27.168285369873 26.4880180358887 25.664571762085 25.6837062835693 27.5200443267822 27.3891086578369 26.9981746673584 26.1482543945312 22.9129047393799 22.209680557251
30.8403816223145 30.7649726867676 31.6499824523926 32.4935493469238 32.9968070983887 31.7374496459961 31.8362579345703 33.1237258911133 33.0971221923828 32.4412536621094 32.8501014709473 32.5066680908203 32.4648513793945 32.0771903991699 31.1434879302979 31.4964809417725 29.270263671875 27.9797077178955 29.3724193572998 29.0258445739746 29.0131225585938 29.1820831298828 28.6616039276123 28.4195213317871 28.0137195587158 28.014461517334 28.3815441131592 29.5609302520752 30.2766532897949 29.2641773223877 29.7427635192871 29.7716236114502 30.0929355621338 29.1988067626953 28.5432281494141 27.462818145752 27.5147132873535 27.5765628814697 27.1618232727051 28.6871376037598 27.7018737792969 27.320463180542 22.272632598877 23.9150123596191 21.5112190246582 20.8358688354492
30.3965930938721 31.7482948303223 31.6212406158447 31.7323474884033 32.9251747131348 32.1312599182129 32.7654190063477 32.440071105957 33.0367126464844 32.0437164306641 33.0289916992188 32.5275077819824 32.5029983520508 31.9062728881836 31.5043754577637 30.9969692230225 30.9886531829834 29.3080577850342 28.167989730835 28.5390815734863 28.6206226348877 29.1513938903809 28.5430011749268 28.6434211730957 28.2785930633545 28.0971794128418 29.7899475097656 29.9113025665283 29.7932910919189 31.2265434265137 29.8711204528809 29.4031314849854 30.5839576721191 30.4632587432861 29.7486438751221 29.0478553771973 28.7210330963135 28.6568851470947 28.19606590271 28.3746509552002 27.5993938446045 25.1205501556396 20.5051021575928 20.82546043396 21.0152854919434 19.7921695709229
31.1419429779053 31.282787322998 31.8880577087402 30.8611545562744 31.4125213623047 30.368537902832 31.0835647583008 32.4370536804199 32.9740219116211 32.7930488586426 33.1112098693848 32.3571624755859 32.2068748474121 32.2621078491211 31.6542167663574 31.4291648864746 31.8270263671875 31.3613967895508 30.6501846313477 30.2476387023926 29.0714263916016 28.8214454650879 29.3526439666748 29.0083236694336 28.6364917755127 28.242015838623 29.792989730835 30.5524501800537 30.1068305969238 30.2566432952881 30.0345249176025 28.9267120361328 28.6163558959961 28.6070365905762 29.0451068878174 29.2827491760254 29.3098621368408 29.7651557922363 29.3297348022461 29.4580268859863 27.7641773223877 23.2315578460693 21.7346611022949 21.9796466827393 21.7887935638428 20.8299694061279
31.6562480926514 32.0446434020996 31.8216152191162 30.0474834442139 30.7485637664795 31.7896575927734 31.0220355987549 32.4501838684082 32.8428535461426 32.5044975280762 32.9576263427734 32.6918029785156 33.0379219055176 32.5541381835938 32.143913269043 31.9623565673828 31.6854267120361 31.3868198394775 30.985387802124 30.0320453643799 28.6204109191895 29.6873474121094 30.1122627258301 28.9638214111328 28.5423641204834 28.452320098877 28.3154640197754 29.6548862457275 29.4950351715088 28.5799980163574 29.5481128692627 28.5095901489258 28.1080951690674 28.1542720794678 27.8734817504883 28.0612926483154 28.7126064300537 28.2386493682861 28.8977737426758 28.6651458740234 27.0053730010986 26.7202854156494 23.9078311920166 23.275276184082 22.5810527801514 22.4967842102051
31.3865585327148 32.7282485961914 31.8115177154541 30.998815536499 29.47780418396 31.776704788208 33.1851959228516 31.3344421386719 32.331371307373 32.9419250488281 32.8503189086914 32.7233619689941 32.2304344177246 32.3887214660645 32.0361251831055 32.1906433105469 31.2673625946045 30.8429393768311 30.7727661132812 30.2291259765625 29.170991897583 29.8374633789062 29.0159740447998 27.6714286804199 28.0719413757324 27.6645584106445 29.058235168457 28.3036556243896 28.1432399749756 25.5544395446777 27.4402732849121 28.0093517303467 28.3232707977295 27.9991893768311 28.0303955078125 27.1303329467773 27.321647644043 27.7050800323486 28.6614665985107 27.9929180145264 23.1484146118164 22.8396263122559 22.5936412811279 23.1233520507812 22.8596267700195 21.7100715637207
31.9856376647949 31.1397819519043 32.470645904541 31.7632255554199 31.6424751281738 31.6615467071533 31.6915493011475 31.7904796600342 31.9595966339111 33.2856140136719 33.2947883605957 32.746452331543 32.6585426330566 32.9242210388184 32.6734504699707 31.5278244018555 30.9167499542236 30.8717403411865 30.8701305389404 30.8701953887939 30.2071228027344 29.2417049407959 28.192066192627 27.965087890625 28.2580108642578 28.8890113830566 29.4670829772949 28.5936622619629 28.2640686035156 26.3372554779053 26.1158447265625 25.1490440368652 26.6593685150146 28.0275650024414 27.9882106781006 26.1383266448975 26.1000194549561 25.7280464172363 25.5080451965332 22.0073413848877 22.0158672332764 21.2851276397705 21.7992248535156 22.6979942321777 22.7366333007812 21.1585960388184
31.3594779968262 30.8556613922119 32.164608001709 30.979606628418 31.1468372344971 31.1748600006104 29.9727325439453 30.7638740539551 31.8059635162354 32.133617401123 32.8776168823242 32.9147796630859 32.8164405822754 32.3345146179199 32.6583824157715 32.5467796325684 31.8680839538574 30.5819396972656 31.1021747589111 30.6493968963623 30.4843158721924 29.789831161499 28.3656692504883 28.2072639465332 27.6817417144775 28.328052520752 29.2670211791992 28.3838939666748 28.5801486968994 28.2804489135742 28.2712001800537 27.1926517486572 26.8637866973877 25.6160221099854 21.625 20.4698314666748 20.611608505249 20.3838806152344 20.3243179321289 20.5584354400635 20.7517490386963 20.8504333496094 21.1416072845459 21.9767875671387 22.3169403076172 21.8567714691162
31.3450832366943 30.7306728363037 30.7757873535156 31.9917182922363 31.6840286254883 31.8170127868652 30.3915195465088 29.5445423126221 30.472318649292 31.3886413574219 32.6983451843262 33.0593109130859 32.9883651733398 32.8302154541016 31.7390995025635 31.3390007019043 31.3486995697021 30.9665660858154 31.4219036102295 31.2985019683838 31.2786617279053 29.9992942810059 29.362283706665 28.9827938079834 28.1202144622803 28.9099369049072 28.6397361755371 28.7839164733887 27.1436328887939 28.0712337493896 27.2997436523438 27.1121044158936 27.4055843353271 26.727876663208 25.2728385925293 20.1007061004639 19.7304840087891 19.6443920135498 19.5188064575195 20.0380077362061 20.6480655670166 22.1607875823975 20.7165966033936 21.8153495788574 21.3003082275391 21.1835384368896
30.9583568572998 30.4701862335205 31.7218132019043 31.7072525024414 31.9670696258545 31.0869464874268 30.7600154876709 30.1181831359863 31.0195121765137 30.4014225006104 31.3479061126709 32.8520355224609 32.5853576660156 32.3882369995117 31.7050952911377 31.9989395141602 30.3575477600098 30.6214847564697 31.019660949707 30.831205368042 30.9236164093018 30.2816200256348 30.3607501983643 29.7934093475342 28.6871089935303 28.6358470916748 28.2914943695068 28.2018489837646 28.6902561187744 27.740478515625 26.7021446228027 25.7522106170654 27.7162818908691 27.9125061035156 27.9479656219482 25.4869384765625 22.6018238067627 22.1860637664795 21.1778926849365 20.2307758331299 21.0077629089355 20.9920272827148 21.0564460754395 21.4942607879639 21.4040756225586 21.0741634368896
