inst/extdata/Tmax/Tmax2.asc
NCOLS 100 
NROWS 79 
XLLCORNER 148.06 
YLLCORNER -21.49 
CELLSIZE 0.01 
NODATA_value -3.4e+38 
[rows 0 to 19 of 79, columns 46 to 91 of 100]
27.7369327545166 26.4322757720947 26.6200561523438 26.8669776916504 27.4359436035156 27.3842430114746 27.6273498535156 27.6518154144287 26.6522598266602 24.6634407043457 26.376766204834 25.7533798217773 26.5377941131592 27.2232265472412 27.3814010620117 27.5821361541748 27.7950057983398 28.2377586364746 26.8365650177002 27.4295806884766 27.6516151428223 -3.4e+38 -3.4e+38 -3.4e+38 -3.4e+38 -3.4e+38 -3.4e+38 -3.4e+38 -3.4e+38 -3.4e+38 -3.4e+38 -3.4e+38 -3.4e+38 -3.4e+38 -3.4e+38 -3.4e+38 -3.4e+38 -3.4e+38 -3.4e+38 -3.4e+38 -3.4e+38 -3.4e+38 -3.4e+38 -3.4e+38 -3.4e+38 -3.4e+38
28.0834350585938 27.5664176940918 26.2164611816406 26.5279636383057 26.7243461608887 26.7156181335449 27.0948886871338 27.5012226104736 26.1992454528809 25.1715488433838 27.2526931762695 26.8849925994873 28.7443923950195 28.404239654541 27.249547958374 26.2673625946045 27.4381427764893 29.3196907043457 28.2633323669434 27.0630226135254 27.7922058105469 29.8860206604004 -3.4e+38 -3.4e+38 -3.4e+38 -3.4e+38 -3.4e+38 -3.4e+38 -3.4e+38 -3.4e+38 -3.4e+38 -3.4e+38 -3.4e+38 -3.4e+38 -3.4e+38 -3.4e+38 -3.4e+38 -3.4e+38 -3.4e+38 -3.4e+38 -3.4e+38 -3.4e+38 -3.4e+38 -3.4e+38 -3.4e+38 -3.4e+38
29.8492546081543 26.7470035552979 24.6290721893311 25.1826763153076 25.0513114929199 26.6199226379395 25.8197975158691 25.7597064971924 24.9239368438721 24.6701126098633 26.5458011627197 28.027624130249 29.4292030334473 28.9302005767822 26.4215297698975 25.7188377380371 27.3001708984375 26.9675579071045 26.8703422546387 27.120189666748 26.8167018890381 27.0842685699463 26.9625549316406 27.4979915618896 -3.4e+38 -3.4e+38 -3.4e+38 -3.4e+38 -3.4e+38 -3.4e+38 -3.4e+38 -3.4e+38 -3.4e+38 -3.4e+38 -3.4e+38 -3.4e+38 -3.4e+38 -3.4e+38 -3.4e+38 -3.4e+38 -3.4e+38 -3.4e+38 -3.4e+38 -3.4e+38 -3.4e+38 -3.4e+38
25.8921508789062 25.425199508667 22.4593143463135 23.5545425415039 25.2141532897949 25.0576248168945 25.5423030853271 25.7262516021729 25.4351921081543 25.020092010498 26.3267269134521 25.957763671875 28.7581119537354 29.3548202514648 26.8212966918945 26.2653694152832 28.1342315673828 28.8255805969238 28.2764167785645 27.5615501403809 26.1682662963867 27.1419448852539 26.905387878418 27.7775783538818 28.3029270172119 28.3037033081055 -3.4e+38 -3.4e+38 -3.4e+38 -3.4e+38 -3.4e+38 -3.4e+38 -3.4e+38 -3.4e+38 -3.4e+38 -3.4e+38 -3.4e+38 -3.4e+38 -3.4e+38 -3.4e+38 -3.4e+38 -3.4e+38 -3.4e+38 -3.4e+38 -3.4e+38 -3.4e+38
26.840202331543 25.0277519226074 22.2378768920898 21.9909076690674 23.5806446075439 25.9027500152588 26.6043567657471 26.9755249023438 25.0663394927979 24.0858287811279 24.787956237793 23.1944770812988 24.7223300933838 28.8311519622803 26.0154914855957 26.3728485107422 28.2608985900879 28.0821895599365 28.7640113830566 28.7049255371094 22.2851161956787 27.1257743835449 27.4470252990723 26.9705448150635 27.8047008514404 28.2985000610352 -3.4e+38 -3.4e+38 -3.4e+38 -3.4e+38 -3.4e+38 -3.4e+38 -3.4e+38 -3.4e+38 -3.4e+38 -3.4e+38 -3.4e+38 -3.4e+38 -3.4e+38 -3.4e+38 -3.4e+38 -3.4e+38 -3.4e+38 -3.4e+38 -3.4e+38 -3.4e+38
22.5135364532471 23.3965644836426 21.3484134674072 20.6174793243408 23.5496425628662 25.7753295898438 25.2002334594727 25.6569366455078 24.5107898712158 24.8448028564453 22.545051574707 22.2463645935059 26.3529949188232 27.18625831604 25.0639991760254 26.4184322357178 27.7113285064697 28.8625926971436 27.8996448516846 27.7022075653076 22.3528327941895 24.4502964019775 28.0961112976074 27.1135292053223 27.5907325744629 27.5675659179688 -3.4e+38 -3.4e+38 -3.4e+38 -3.4e+38 -3.4e+38 -3.4e+38 -3.4e+38 -3.4e+38 -3.4e+38 -3.4e+38 -3.4e+38 -3.4e+38 -3.4e+38 -3.4e+38 -3.4e+38 -3.4e+38 -3.4e+38 -3.4e+38 -3.4e+38 -3.4e+38
21.2114086151123 22.1909770965576 22.5084800720215 22.0786533355713 26.140754699707 25.8062477111816 25.8217258453369 24.7040767669678 25.55637550354 24.4890975952148 23.6087207794189 23.9519844055176 25.1000308990479 28.7839946746826 28.7150611877441 29.8020114898682 26.3493824005127 26.7031784057617 26.7494144439697 27.2601165771484 29.0851917266846 26.8778476715088 27.703332901001 27.2740612030029 26.7165050506592 26.0619411468506 26.0358791351318 26.6372814178467 -3.4e+38 -3.4e+38 -3.4e+38 -3.4e+38 -3.4e+38 -3.4e+38 -3.4e+38 -3.4e+38 -3.4e+38 -3.4e+38 -3.4e+38 -3.4e+38 -3.4e+38 -3.4e+38 -3.4e+38 -3.4e+38 -3.4e+38 -3.4e+38
20.0651111602783 22.9038257598877 28.1293525695801 22.636157989502 21.5177612304688 23.3518733978271 25.2138690948486 24.3338375091553 24.687427520752 25.5624618530273 24.0040760040283 23.5633087158203 24.6303234100342 26.0958156585693 24.4159698486328 27.292387008667 24.3087558746338 24.1353397369385 25.4701652526855 26.8697185516357 27.1498756408691 25.8454608917236 26.413724899292 27.0692806243896 26.0867862701416 25.3665618896484 25.1435947418213 25.8469371795654 27.248477935791 25.8080997467041 27.0832786560059 -3.4e+38 -3.4e+38 -3.4e+38 -3.4e+38 -3.4e+38 -3.4e+38 -3.4e+38 -3.4e+38 -3.4e+38 -3.4e+38 -3.4e+38 -3.4e+38 -3.4e+38 -3.4e+38 -3.4e+38
20.0161209106445 22.2163276672363 23.0250720977783 26.9568042755127 22.5083713531494 20.7589149475098 23.0074062347412 23.4030055999756 25.6970462799072 25.992338180542 26.214391708374 24.552225112915 24.1929512023926 24.8256549835205 22.729959487915 22.6171932220459 21.9028778076172 26.1980571746826 24.776834487915 26.1845760345459 28.2702484130859 28.1904449462891 25.7355194091797 23.7938060760498 24.8918704986572 25.5503540039062 26.2198238372803 27.3982563018799 27.0781784057617 25.8936042785645 25.4107398986816 27.8521633148193 -3.4e+38 -3.4e+38 -3.4e+38 -3.4e+38 -3.4e+38 -3.4e+38 -3.4e+38 -3.4e+38 -3.4e+38 -3.4e+38 -3.4e+38 -3.4e+38 -3.4e+38 -3.4e+38
21.3567199707031 22.1923141479492 22.8229522705078 23.6186866760254 25.1967029571533 22.0872097015381 21.8080673217773 23.5504932403564 25.1019744873047 25.3935356140137 25.3275012969971 25.0865879058838 24.052131652832 24.1666641235352 22.5865268707275 22.2323780059814 21.8709125518799 26.8926296234131 26.6843891143799 24.9376277923584 26.08274269104 27.910701751709 28.6748886108398 27.6772708892822 27.686149597168 25.387020111084 25.9934215545654 28.5521793365479 26.565975189209 25.9075756072998 28.9829730987549 29.4759197235107 -3.4e+38 -3.4e+38 -3.4e+38 -3.4e+38 -3.4e+38 -3.4e+38 -3.4e+38 -3.4e+38 -3.4e+38 -3.4e+38 -3.4e+38 -3.4e+38 -3.4e+38 -3.4e+38
20.2821426391602 22.5550136566162 22.4972553253174 22.5002193450928 24.0292339324951 26.9167766571045 24.0729942321777 24.9374256134033 24.7544555664062 24.9877758026123 25.7863903045654 25.283842086792 24.8359470367432 25.441478729248 24.8541202545166 24.9519844055176 26.0859260559082 26.3737144470215 27.6034851074219 27.3921356201172 25.0130577087402 28.1805076599121 25.8587455749512 24.749626159668 26.5383319854736 26.2632427215576 27.2878875732422 27.2477931976318 29.2586193084717 29.9032592773438 -3.4e+38 -3.4e+38 -3.4e+38 -3.4e+38 -3.4e+38 -3.4e+38 -3.4e+38 -3.4e+38 -3.4e+38 -3.4e+38 -3.4e+38 -3.4e+38 -3.4e+38 -3.4e+38 -3.4e+38 -3.4e+38
19.7097034454346 20.8577880859375 21.0274753570557 20.2297134399414 21.1542930603027 22.2545413970947 28.9190979003906 25.6766185760498 25.3974704742432 25.1056594848633 25.3136310577393 25.7374076843262 24.8883190155029 25.4591217041016 25.1947269439697 27.0604496002197 27.0335159301758 26.9840984344482 30.0618515014648 27.8572406768799 26.0867729187012 26.1406784057617 26.2368354797363 25.6645183563232 29.6663513183594 25.5118217468262 26.8848972320557 26.6802883148193 27.4960460662842 26.3518772125244 -3.4e+38 -3.4e+38 -3.4e+38 -3.4e+38 -3.4e+38 -3.4e+38 -3.4e+38 -3.4e+38 -3.4e+38 -3.4e+38 -3.4e+38 -3.4e+38 -3.4e+38 -3.4e+38 -3.4e+38 -3.4e+38
19.4318561553955 18.1381587982178 17.7876129150391 17.7548522949219 20.1897315979004 21.0068225860596 22.61403465271 22.9893970489502 24.8359432220459 25.3513031005859 23.936803817749 24.2572021484375 24.1589412689209 24.7072257995605 25.1000709533691 25.1323337554932 25.3816547393799 27.1323776245117 29.5001277923584 29.2087211608887 26.9950637817383 27.2403812408447 27.1414108276367 28.9280796051025 27.2952518463135 26.5615329742432 27.4437046051025 26.7477226257324 25.1686019897461 23.3483982086182 26.4825458526611 27.9026985168457 -3.4e+38 -3.4e+38 -3.4e+38 -3.4e+38 -3.4e+38 -3.4e+38 -3.4e+38 -3.4e+38 -3.4e+38 -3.4e+38 -3.4e+38 -3.4e+38 -3.4e+38 -3.4e+38
19.4287223815918 18.483585357666 17.9034423828125 17.4766139984131 18.10426902771 18.7619190216064 20.7651424407959 21.9000930786133 24.3830833435059 25.5185546875 24.6216049194336 24.5618286132812 25.0845279693604 25.552755355835 25.8982391357422 27.1793918609619 25.3769912719727 27.3681335449219 28.4718761444092 27.3766803741455 27.385046005249 29.7942066192627 27.5102443695068 27.0152168273926 28.405158996582 26.6847324371338 25.7005290985107 25.521167755127 24.6391544342041 25.9359588623047 27.9321155548096 27.7126045227051 26.6839084625244 -3.4e+38 -3.4e+38 -3.4e+38 -3.4e+38 23.057092666626 29.2793006896973 -3.4e+38 -3.4e+38 -3.4e+38 -3.4e+38 -3.4e+38 -3.4e+38 -3.4e+38
19.9108772277832 19.1117782592773 17.9604396820068 17.5634784698486 18.2478637695312 17.9994697570801 19.3240070343018 21.0563335418701 22.2629318237305 23.2975330352783 21.652193069458 25.0580978393555 24.3576240539551 25.0814838409424 26.3772735595703 25.4279975891113 26.2455291748047 29.7247371673584 26.2873630523682 28.1200332641602 27.3045024871826 29.2574195861816 27.9671535491943 27.2702827453613 27.2445106506348 27.3636226654053 27.2745819091797 25.9394092559814 25.5197772979736 28.3663940429688 28.3563823699951 27.5594367980957 27.0002136230469 -3.4e+38 -3.4e+38 -3.4e+38 -3.4e+38 24.2191905975342 28.0663146972656 29.569507598877 29.2193832397461 29.1216316223145 -3.4e+38 -3.4e+38 -3.4e+38 -3.4e+38
19.8157806396484 18.4669952392578 17.9216728210449 18.0467586517334 17.6369972229004 18.730884552002 18.5835380554199 20.0417594909668 24.0966358184814 25.7004089355469 23.6451644897461 21.9388084411621 25.7071418762207 21.3365154266357 21.3672218322754 22.2263698577881 27.4626026153564 25.7394180297852 25.3200931549072 26.5162105560303 26.7168502807617 27.5063591003418 27.3503551483154 26.6619682312012 26.6415901184082 26.7873630523682 27.9441337585449 26.975456237793 26.1753482818604 26.1815242767334 26.9955081939697 23.5672950744629 29.8629264831543 -3.4e+38 -3.4e+38 27.2713470458984 29.0338478088379 28.2888317108154 27.0788440704346 28.1826934814453 28.1403312683105 29.5907135009766 -3.4e+38 -3.4e+38 -3.4e+38 -3.4e+38
18.2272682189941 16.8423652648926 16.9571361541748 18.4043788909912 18.9316997528076 18.6872406005859 18.2349872589111 19.0979328155518 26.2665691375732 24.7492256164551 28.9715919494629 21.7248554229736 22.6584072113037 23.5422954559326 21.4335956573486 21.6735801696777 22.3495178222656 24.2288017272949 26.021821975708 25.4581470489502 28.3232536315918 25.6728363037109 26.3971652984619 26.7278575897217 26.2094955444336 27.3279438018799 27.3043041229248 27.6584625244141 28.0009593963623 26.7030982971191 26.9771327972412 23.6006317138672 25.6808605194092 -3.4e+38 29.6422214508057 25.1031799316406 27.0902976989746 -3.4e+38 29.6024608612061 -3.4e+38 29.3519725799561 -3.4e+38 -3.4e+38 -3.4e+38 -3.4e+38 -3.4e+38
18.8406505584717 16.9627323150635 16.2054824829102 19.2439441680908 19.3757495880127 18.4591503143311 18.0559368133545 18.1734752655029 20.073450088501 22.5092868804932 22.908203125 26.7819271087646 28.482141494751 23.8558292388916 23.3398246765137 24.6654300689697 25.1051597595215 25.4022102355957 24.9655857086182 24.9081726074219 26.4879875183105 26.5521430969238 28.1245784759521 28.1762390136719 26.4846820831299 26.2800922393799 27.2519016265869 26.2396335601807 26.5481491088867 26.4343795776367 24.1398582458496 25.4441432952881 29.4350357055664 26.4765014648438 25.5454216003418 28.2448978424072 27.9098262786865 -3.4e+38 -3.4e+38 -3.4e+38 -3.4e+38 -3.4e+38 -3.4e+38 29.3254432678223 -3.4e+38 -3.4e+38
19.8524379730225 19.596342086792 16.9466419219971 18.8338947296143 17.3510437011719 17.6258029937744 18.7508811950684 18.9250240325928 20.8263092041016 23.6395282745361 22.7194976806641 22.8793277740479 25.5275344848633 29.5063037872314 24.9868049621582 25.2930679321289 25.098258972168 24.3489837646484 23.8788909912109 23.8342742919922 29.2538871765137 26.8911628723145 28.9511260986328 27.1433582305908 27.3549327850342 25.872989654541 26.3459968566895 25.2801246643066 25.9332981109619 26.0146522521973 24.4260444641113 24.7178993225098 27.7978286743164 27.9477386474609 27.475305557251 27.8717651367188 27.5319766998291 29.2108459472656 27.8141822814941 24.8391017913818 27.2590217590332 26.9968757629395 28.1282367706299 27.2886505126953 -3.4e+38 -3.4e+38
20.3996429443359 19.5299034118652 19.9699096679688 20.1354522705078 18.5945091247559 18.0645370483398 17.8211784362793 18.2351684570312 20.6453056335449 28.4072608947754 23.0460815429688 28.8771839141846 27.7484912872314 24.9588851928711 25.1603679656982 22.7907161712646 22.9251728057861 25.4251098632812 23.9768619537354 24.2939796447754 26.4619827270508 27.998046875 30.0129985809326 27.7555389404297 29.4019031524658 26.2324314117432 28.948205947876 27.3638286590576 26.5511837005615 26.2915077209473 25.5425643920898 26.7095966339111 28.2826404571533 28.8955364227295 29.1107864379883 26.3754997253418 26.125617980957 27.5634784698486 28.6913719177246 29.4796104431152 29.0797843933105 29.1685657501221 27.5102481842041 27.3728351593018 23.7713718414307 -3.4e+38
