inst/extdata/Tmax/Tmax94.asc
NCOLS 100 
NROWS 79 
XLLCORNER 148.06 
YLLCORNER -21.49 
CELLSIZE 0.01 
NODATA_value -3.4e+38 
[rows 0 to 19 of 79, columns 46 to 91 of 100]
39.801887512207 39.6299591064453 39.5301551818848 39.5254058837891 39.504322052002 39.3936882019043 39.5684547424316 39.4072608947754 39.22802734375 39.0651245117188 38.9763336181641 38.7232818603516 38.6238250732422 38.813304901123 39.0502090454102 38.9559135437012 38.8242835998535 38.6467628479004 38.3486061096191 38.1465263366699 37.9982719421387 -3.4e+38 -3.4e+38 -3.4e+38 -3.4e+38 -3.4e+38 -3.4e+38 -3.4e+38 -3.4e+38 -3.4e+38 -3.4e+38 -3.4e+38 -3.4e+38 -3.4e+38 -3.4e+38 -3.4e+38 -3.4e+38 -3.4e+38 -3.4e+38 -3.4e+38 -3.4e+38 -3.4e+38 -3.4e+38 -3.4e+38 -3.4e+38 -3.4e+38
39.7917060852051 39.5261726379395 39.3133850097656 39.5397834777832 39.6843299865723 39.6851844787598 39.6247177124023 39.5278434753418 39.2128028869629 38.8079872131348 38.9141426086426 38.4231338500977 38.8728218078613 39.1432800292969 39.1129608154297 39.0097770690918 38.8948173522949 38.7529678344727 38.5521812438965 38.4443893432617 38.3412780761719 38.1791191101074 -3.4e+38 -3.4e+38 -3.4e+38 -3.4e+38 -3.4e+38 -3.4e+38 -3.4e+38 -3.4e+38 -3.4e+38 -3.4e+38 -3.4e+38 -3.4e+38 -3.4e+38 -3.4e+38 -3.4e+38 -3.4e+38 -3.4e+38 -3.4e+38 -3.4e+38 -3.4e+38 -3.4e+38 -3.4e+38 -3.4e+38 -3.4e+38
39.7371444702148 39.0527610778809 38.2960433959961 39.5303726196289 39.7050819396973 39.7123680114746 39.6759452819824 39.6197814941406 39.4021377563477 38.8577575683594 38.9274215698242 39.0432395935059 39.1044845581055 39.2338485717773 39.192024230957 39.085262298584 38.9925384521484 38.8893928527832 38.7582740783691 38.5397758483887 38.5004043579102 38.298957824707 38.0376014709473 37.7107276916504 -3.4e+38 -3.4e+38 -3.4e+38 -3.4e+38 -3.4e+38 -3.4e+38 -3.4e+38 -3.4e+38 -3.4e+38 -3.4e+38 -3.4e+38 -3.4e+38 -3.4e+38 -3.4e+38 -3.4e+38 -3.4e+38 -3.4e+38 -3.4e+38 -3.4e+38 -3.4e+38 -3.4e+38 -3.4e+38
39.3604545593262 39.4126625061035 38.4277610778809 39.4353179931641 39.6057472229004 39.6530952453613 39.6895179748535 39.5930023193359 39.4659233093262 39.1542663574219 39.0455093383789 38.8023719787598 39.1122856140137 39.2230834960938 39.2365112304688 39.1324615478516 39.0721282958984 38.9998588562012 38.8616218566895 38.5071983337402 38.3216552734375 38.2967681884766 38.2094955444336 38.1076011657715 37.9165725708008 37.4463920593262 -3.4e+38 -3.4e+38 -3.4e+38 -3.4e+38 -3.4e+38 -3.4e+38 -3.4e+38 -3.4e+38 -3.4e+38 -3.4e+38 -3.4e+38 -3.4e+38 -3.4e+38 -3.4e+38 -3.4e+38 -3.4e+38 -3.4e+38 -3.4e+38 -3.4e+38 -3.4e+38
39.3686218261719 39.3861694335938 38.2945137023926 38.4989204406738 39.2054824829102 39.6609954833984 39.718692779541 39.5821533203125 39.5482902526855 39.2518730163574 38.9680404663086 38.7835845947266 38.4231758117676 38.9986801147461 39.2235107421875 39.1313362121582 39.156436920166 39.1042442321777 38.8698806762695 38.1596565246582 37.6686897277832 38.3289260864258 38.3843116760254 38.3039855957031 38.0286636352539 37.6818008422852 -3.4e+38 -3.4e+38 -3.4e+38 -3.4e+38 -3.4e+38 -3.4e+38 -3.4e+38 -3.4e+38 -3.4e+38 -3.4e+38 -3.4e+38 -3.4e+38 -3.4e+38 -3.4e+38 -3.4e+38 -3.4e+38 -3.4e+38 -3.4e+38 -3.4e+38 -3.4e+38
38.6200332641602 39.28173828125 37.8809204101562 37.2934799194336 38.8958282470703 39.746208190918 39.6661186218262 39.6063003540039 39.5487251281738 39.1671524047852 38.3153419494629 38.0008392333984 38.2944984436035 39.1397476196289 39.0446510314941 39.1860885620117 39.2250442504883 39.151195526123 39.052677154541 38.4395866394043 37.7436637878418 37.780158996582 38.2383422851562 38.2681579589844 38.2069702148438 38.0691986083984 -3.4e+38 -3.4e+38 -3.4e+38 -3.4e+38 -3.4e+38 -3.4e+38 -3.4e+38 -3.4e+38 -3.4e+38 -3.4e+38 -3.4e+38 -3.4e+38 -3.4e+38 -3.4e+38 -3.4e+38 -3.4e+38 -3.4e+38 -3.4e+38 -3.4e+38 -3.4e+38
37.8122367858887 39.279541015625 38.7047958374023 38.6220321655273 39.4958724975586 39.7296295166016 39.550407409668 39.4404106140137 39.5718383789062 39.1188354492188 38.4424247741699 38.4240112304688 39.0235900878906 39.1327247619629 38.2777442932129 39.0800933837891 39.1279525756836 39.1215858459473 39.1440010070801 38.8705978393555 38.503345489502 38.2204475402832 38.4049530029297 38.1527557373047 38.3604049682617 38.3528327941895 38.2099876403809 37.8963775634766 -3.4e+38 -3.4e+38 -3.4e+38 -3.4e+38 -3.4e+38 -3.4e+38 -3.4e+38 -3.4e+38 -3.4e+38 -3.4e+38 -3.4e+38 -3.4e+38 -3.4e+38 -3.4e+38 -3.4e+38 -3.4e+38 -3.4e+38 -3.4e+38
37.050178527832 39.3179130554199 39.7205657958984 39.5381851196289 38.6169242858887 38.846061706543 39.3952751159668 39.5245475769043 39.6604690551758 39.4773178100586 39.0973091125488 38.702392578125 38.7172203063965 38.9096412658691 38.4855613708496 39.1141014099121 38.4391937255859 38.390453338623 39.0361480712891 39.1422119140625 38.9759826660156 38.7061996459961 38.5881958007812 38.6159896850586 38.5704650878906 38.5090408325195 38.2957763671875 38.107494354248 37.7864151000977 37.2704620361328 37.2662010192871 -3.4e+38 -3.4e+38 -3.4e+38 -3.4e+38 -3.4e+38 -3.4e+38 -3.4e+38 -3.4e+38 -3.4e+38 -3.4e+38 -3.4e+38 -3.4e+38 -3.4e+38 -3.4e+38 -3.4e+38
36.9972991943359 38.9003829956055 39.7499389648438 39.6371078491211 38.8455047607422 37.4597854614258 38.688793182373 39.6241569519043 39.6832847595215 39.5684547424316 39.4109916687012 39.1588325500488 39.1679878234863 38.9975929260254 38.5036735534668 38.4222183227539 38.0179023742676 38.7221641540527 38.9959678649902 39.0497703552246 39.0500106811523 38.6878890991211 38.3038101196289 37.9863014221191 38.6160621643066 38.6225051879883 38.4769897460938 38.2956962585449 38.1548194885254 37.6070976257324 37.3711738586426 37.4918479919434 -3.4e+38 -3.4e+38 -3.4e+38 -3.4e+38 -3.4e+38 -3.4e+38 -3.4e+38 -3.4e+38 -3.4e+38 -3.4e+38 -3.4e+38 -3.4e+38 -3.4e+38 -3.4e+38
37.8881492614746 38.9244194030762 39.6481552124023 39.6302452087402 39.5961036682129 38.3265228271484 38.5862045288086 39.555362701416 39.7081909179688 39.5885047912598 39.3897666931152 39.1439971923828 39.0193061828613 39.1108093261719 38.4835586547852 38.1835670471191 38.0978546142578 39.1386108398438 38.9821586608887 38.6871223449707 39.0432891845703 38.9797782897949 38.780689239502 38.4412879943848 38.7971954345703 38.7095565795898 38.5431060791016 38.5665473937988 38.3873138427734 38.0539817810059 37.5189628601074 37.5239219665527 -3.4e+38 -3.4e+38 -3.4e+38 -3.4e+38 -3.4e+38 -3.4e+38 -3.4e+38 -3.4e+38 -3.4e+38 -3.4e+38 -3.4e+38 -3.4e+38 -3.4e+38 -3.4e+38
37.0109481811523 38.7930946350098 39.1412162780762 38.9337158203125 39.2504005432129 39.4924621582031 39.2042999267578 39.6005744934082 39.6862754821777 39.5833702087402 39.4107551574707 39.2356452941895 39.0388488769531 39.366325378418 39.2114410400391 39.106014251709 39.1575622558594 39.3465766906738 39.3344650268555 38.8156585693359 38.3759918212891 38.9763221740723 39.1337928771973 38.6402320861816 38.6365127563477 38.4713096618652 38.4242935180664 38.6871604919434 38.5076026916504 38.1924667358398 -3.4e+38 -3.4e+38 -3.4e+38 -3.4e+38 -3.4e+38 -3.4e+38 -3.4e+38 -3.4e+38 -3.4e+38 -3.4e+38 -3.4e+38 -3.4e+38 -3.4e+38 -3.4e+38 -3.4e+38 -3.4e+38
36.3554229736328 37.3341979980469 37.6555976867676 37.3944206237793 38.395336151123 39.025520324707 39.3587112426758 39.6174774169922 39.6097869873047 39.5234260559082 39.3383827209473 39.1581268310547 39.0125579833984 39.5962944030762 39.5819129943848 39.4322624206543 39.4346771240234 39.5147438049316 39.5474052429199 39.446403503418 39.0806579589844 38.858341217041 39.2056770324707 39.0114784240723 38.7675399780273 38.8525695800781 38.8571853637695 38.5820808410645 38.4383087158203 38.2369384765625 -3.4e+38 -3.4e+38 -3.4e+38 -3.4e+38 -3.4e+38 -3.4e+38 -3.4e+38 -3.4e+38 -3.4e+38 -3.4e+38 -3.4e+38 -3.4e+38 -3.4e+38 -3.4e+38 -3.4e+38 -3.4e+38
36.3694725036621 35.3636131286621 34.7600021362305 34.8891067504883 37.0704803466797 37.6208686828613 38.8153877258301 39.1538734436035 39.4529991149902 39.3411979675293 39.1228218078613 39.4339332580566 39.4327507019043 39.3304100036621 39.7480316162109 39.7112464904785 39.6452369689941 39.6490516662598 39.656436920166 39.6345367431641 39.5821380615234 39.4818153381348 39.3306159973145 39.2632522583008 38.9576568603516 39.0056457519531 38.9636917114258 38.6766357421875 38.3881492614746 38.2424850463867 38.0634613037109 37.7025413513184 -3.4e+38 -3.4e+38 -3.4e+38 -3.4e+38 -3.4e+38 -3.4e+38 -3.4e+38 -3.4e+38 -3.4e+38 -3.4e+38 -3.4e+38 -3.4e+38 -3.4e+38 -3.4e+38
36.3905639648438 35.5790977478027 34.6934585571289 34.1724166870117 34.7540740966797 35.6015167236328 37.553092956543 38.7484436035156 39.4494323730469 39.2788314819336 38.7896003723145 39.368522644043 39.6797065734863 39.7210578918457 39.7358360290527 39.7431678771973 39.7646636962891 39.7502632141113 39.7262496948242 39.6907386779785 39.6521415710449 39.5647888183594 39.4799308776855 39.3857078552246 39.1407737731934 39.1446990966797 39.0329856872559 38.8105545043945 38.5461196899414 38.4491195678711 38.3597106933594 38.1797790527344 37.8373603820801 -3.4e+38 -3.4e+38 -3.4e+38 -3.4e+38 37.3318710327148 37.3566436767578 -3.4e+38 -3.4e+38 -3.4e+38 -3.4e+38 -3.4e+38 -3.4e+38 -3.4e+38
37.012523651123 35.6867866516113 34.8037490844727 34.4359092712402 34.9677543640137 34.7314605712891 35.9452285766602 37.721607208252 39.0257873535156 39.3911399841309 38.325611114502 39.1420936584473 39.5655212402344 39.122127532959 39.201831817627 39.5863952636719 39.6832237243652 39.7491416931152 39.6964263916016 39.5678405761719 39.5971069335938 39.5219650268555 39.5142784118652 39.4534759521484 39.3654441833496 39.2042999267578 39.0851135253906 38.9302825927734 38.7821159362793 38.677116394043 38.619026184082 38.4308586120605 38.0170249938965 -3.4e+38 -3.4e+38 -3.4e+38 -3.4e+38 37.452693939209 37.4010124206543 37.5379219055176 37.5096244812012 37.3428916931152 -3.4e+38 -3.4e+38 -3.4e+38 -3.4e+38
36.9875297546387 35.6744079589844 34.854362487793 35.2981071472168 35.0808296203613 35.5072174072266 35.2377738952637 36.7210350036621 38.8668632507324 39.5656089782715 38.5601425170898 38.5197334289551 39.3024406433105 37.498477935791 38.4840049743652 38.8425598144531 39.3716087341309 39.7381477355957 39.7140579223633 39.6195678710938 39.6078453063965 39.5610733032227 39.5590934753418 39.4975738525391 39.4183921813965 39.158016204834 39.1179733276367 39.0383338928223 38.9690971374512 38.9077301025391 38.7890892028809 38.5971183776855 38.3788681030273 -3.4e+38 -3.4e+38 38.1011581420898 37.8497505187988 37.5547332763672 37.4338874816895 37.2355575561523 37.3416481018066 37.5189819335938 -3.4e+38 -3.4e+38 -3.4e+38 -3.4e+38
35.573558807373 34.3241424560547 34.2743225097656 35.5748748779297 35.9370651245117 35.8495635986328 35.4025840759277 35.7846832275391 38.1699142456055 39.4107971191406 39.4145126342773 38.6116027832031 39.1096115112305 37.7757377624512 37.7834358215332 37.8338737487793 39.1033172607422 39.7468719482422 39.7522888183594 39.7598190307617 39.7536697387695 39.6725845336914 39.614128112793 39.373291015625 39.3642196655273 39.2323303222656 39.2018165588379 39.1801300048828 39.1355209350586 39.0361938476562 38.9212951660156 38.7755508422852 38.645923614502 -3.4e+38 38.4557914733887 38.4171333312988 38.3226051330566 -3.4e+38 37.5868148803711 -3.4e+38 37.3093223571777 -3.4e+38 -3.4e+38 -3.4e+38 -3.4e+38 -3.4e+38
35.5475616455078 34.099536895752 33.3783798217773 36.007007598877 36.2297897338867 35.55859375 35.1424102783203 35.2822685241699 36.9054336547852 39.1627044677734 39.2593231201172 38.8457450866699 38.9563751220703 39.0590553283691 38.4117546081543 39.4655303955078 39.6794700622559 39.7718467712402 39.7998886108398 39.7799415588379 39.7689552307129 39.7083511352539 39.6631126403809 39.5655364990234 39.5406341552734 39.4512138366699 39.3940963745117 39.3357124328613 39.2191963195801 39.1721267700195 39.0835037231445 38.9766159057617 38.8865928649902 38.7947654724121 38.7366600036621 38.7090606689453 38.5204238891602 -3.4e+38 -3.4e+38 -3.4e+38 -3.4e+38 -3.4e+38 -3.4e+38 37.5519104003906 -3.4e+38 -3.4e+38
37.4064292907715 37.0821495056152 34.8492660522461 36.4398307800293 34.8913803100586 34.8944473266602 35.3484039306641 35.6687965393066 37.7820243835449 39.1428985595703 38.8455009460449 38.2476921081543 39.0844650268555 39.4738731384277 39.5668869018555 39.6091690063477 39.7176361083984 39.4027290344238 39.5450553894043 39.6953544616699 39.6670417785645 39.6765251159668 39.675853729248 39.6371154785156 39.5989112854004 39.5335311889648 39.4877471923828 39.3447532653809 39.0137634277344 39.1198234558105 39.1937408447266 39.1393852233887 39.075080871582 38.9807624816895 38.9316749572754 38.8335876464844 38.6624450683594 38.5022239685059 38.3566398620605 38.2692451477051 38.2481460571289 38.1157379150391 37.8023071289062 37.5596008300781 -3.4e+38 -3.4e+38
37.5051078796387 36.6393394470215 37.31201171875 37.1212501525879 35.6527976989746 35.6936454772949 35.2732353210449 35.4995651245117 37.5886726379395 38.8796615600586 39.2665519714355 39.0377006530762 39.3633995056152 39.637279510498 39.5087661743164 39.3588752746582 39.537956237793 39.2714614868164 39.1086311340332 39.2718467712402 39.5825958251953 39.622428894043 39.6344413757324 39.6594009399414 39.6521873474121 39.6022987365723 39.5412902832031 39.3421630859375 39.0727691650391 39.2489891052246 39.2132225036621 39.2699127197266 39.1519393920898 39.0879592895508 39.0383033752441 38.8815803527832 38.7715797424316 38.6958465576172 38.635425567627 38.5857353210449 38.5345611572266 38.3822479248047 37.9761810302734 37.5041427612305 37.5454406738281 -3.4e+38
