inst/extdata/Tmax/Tmax115.asc
NCOLS 100 
NROWS 79 
XLLCORNER 148.06 
YLLCORNER -21.49 
CELLSIZE 0.01 
NODATA_value -3.4e+38 
[rows 0 to 19 of 79, columns 0 to 45 of 100]
33.263393402099602 32.9551467895508 32.1008377075195 32.4325904846191 32.5688362121582 32.9671516418457 33.1625823974609 33.3309898376465 33.2997627258301 33.1425514221191 32.7091331481934 32.530387878418 32.4637641906738 31.3489055633545 31.7969207763672 32.1887664794922 32.5554733276367 32.537239074707 31.7954483032227 31.1949653625488 31.0698337554932 30.2292709350586 30.626392364502 31.8090629577637 32.2909088134766 32.5339317321777 32.4259986877441 32.4836196899414 32.1979179382324 31.8596115112305 31.0521125793457 29.3305740356445 30.5189266204834 30.4469909667969 29.3382740020752 28.3168830871582 28.221492767334 27.8709468841553 28.5933418273926 30.3544368743896 31.8100624084473 32.0706901550293 32.7843780517578 33.1131553649902 33.2844848632812 33.4148025512695
33.1099586486816 32.6381149291992 31.9615116119385 32.0505981445312 31.5469722747803 32.3764839172363 32.912654876709 33.226734161377 33.3589134216309 33.2537994384766 32.9394111633301 32.6589050292969 32.7737884521484 32.3910484313965 32.2464714050293 32.1488838195801 32.5400161743164 32.5798645019531 31.6650466918945 31.1259117126465 31.6168041229248 31.395450592041 31.3005828857422 31.7171783447266 32.1617813110352 32.3419799804688 32.6173667907715 32.5798263549805 32.3861198425293 32.1924934387207 31.4080104827881 30.1119422912598 31.2171268463135 30.8352165222168 30.2113914489746 29.312084197998 28.9092807769775 29.264949798584 30.2916278839111 31.3673534393311 32.8022003173828 33.2091865539551 33.3436317443848 33.3489303588867 33.4074974060059 33.4536514282227
33.0992736816406 32.3618927001953 32.4775848388672 32.6025085449219 32.1923599243164 32.3065528869629 32.692497253418 33.2386054992676 33.4210815429688 33.2981719970703 33.0308723449707 32.9204444885254 32.8434104919434 32.8008308410645 32.5248985290527 32.3937759399414 32.6004409790039 32.7562141418457 32.2234802246094 32.0538063049316 31.9248142242432 31.6328926086426 31.4263858795166 31.5485687255859 32.3541946411133 32.6187629699707 32.4712791442871 32.4636878967285 32.4709396362305 32.1831169128418 32.2452278137207 31.3225059509277 31.562047958374 30.4008808135986 30.1215362548828 29.5265235900879 29.0491619110107 28.6016426086426 29.5878944396973 30.7446937561035 32.0828819274902 33.069278717041 33.3966827392578 33.4692611694336 33.4570655822754 33.4185791015625
33.3272705078125 33.0043144226074 32.7019653320312 33.2952194213867 32.8158187866211 32.4272003173828 32.7939605712891 33.3456420898438 33.5191268920898 33.3948974609375 33.2623901367188 33.2382698059082 33.1450805664062 32.9952964782715 32.5902290344238 32.4369354248047 32.7873191833496 32.8450393676758 32.6419830322266 32.2066192626953 31.9112510681152 31.5694580078125 31.6519565582275 31.6262035369873 32.1936340332031 32.6207580566406 32.2789649963379 32.5495643615723 32.381046295166 31.5971927642822 32.1415557861328 32.2270698547363 31.5181331634521 30.3340072631836 29.7998676300049 28.9770679473877 29.2508239746094 28.782787322998 28.6782093048096 28.2177772521973 29.7186698913574 32.329158782959 33.2454986572266 33.4703636169434 33.2307777404785 33.1392593383789
33.8828582763672 33.3511199951172 33.130973815918 33.5354957580566 33.3160438537598 32.7072868347168 32.7535209655762 33.3871116638184 33.5419006347656 33.1833877563477 33.1958770751953 33.4092292785645 33.2948760986328 33.0309448242188 32.6882743835449 32.8458480834961 32.9330787658691 32.6939735412598 32.2613677978516 31.5739479064941 31.7563781738281 31.9306621551514 32.0631141662598 32.2599411010742 32.2757110595703 31.9660453796387 32.6896095275879 32.3266868591309 32.2091598510742 31.7454204559326 32.1015701293945 31.9423847198486 31.6534328460693 30.7152576446533 30.2306385040283 30.5384578704834 30.2552337646484 29.7382545471191 29.2276420593262 28.5272274017334 28.1972064971924 31.5048561096191 32.9757080078125 33.3952941894531 32.7342376708984 32.0471954345703
34.0470657348633 33.8073234558105 33.1353912353516 33.5659790039062 33.6451797485352 33.2431221008301 32.9817008972168 33.4357833862305 33.6039886474609 33.3268356323242 33.2261695861816 33.5042114257812 33.3574600219727 33.0944900512695 32.4654884338379 32.9682273864746 32.8962631225586 32.4732246398926 31.9582176208496 31.5698432922363 31.6735572814941 31.932991027832 32.2443733215332 32.2529754638672 32.5498886108398 32.4543914794922 32.5422897338867 31.8166790008545 31.8226337432861 30.7922649383545 31.5080413818359 31.9890995025635 32.0923614501953 31.7807674407959 31.4484024047852 31.3965511322021 30.6002006530762 30.1373691558838 29.8308219909668 29.0501251220703 28.5733394622803 31.1049423217773 32.8808708190918 33.3707695007324 32.9018516540527 30.898853302002
34.2528190612793 33.9972877502441 33.6347465515137 33.8125534057617 33.7713012695312 33.4063873291016 32.7837104797363 33.3424377441406 33.5381088256836 33.6860275268555 33.6357765197754 33.493537902832 33.0788383483887 33.1992454528809 33.1786994934082 33.0465278625488 32.8648109436035 32.3329277038574 32.1369857788086 31.8555107116699 31.3084526062012 31.5193519592285 31.9836654663086 32.3715057373047 32.7279739379883 32.6648902893066 32.6933898925781 32.1760787963867 31.8337421417236 30.6821060180664 30.6978702545166 30.8264617919922 31.7698955535889 31.9463367462158 31.5078659057617 31.4112224578857 30.8702144622803 29.5319843292236 29.7753582000732 29.3558864593506 29.2085361480713 30.9409732818604 32.6927299499512 33.1628875732422 32.9601554870605 31.3467407226562
34.2520790100098 34.1583404541016 33.8863105773926 33.9245910644531 33.8925514221191 33.6346549987793 33.0659332275391 32.950798034668 33.2689971923828 33.6221122741699 33.7417602539062 33.4606170654297 32.7995796203613 33.0297927856445 33.2690887451172 32.5962524414062 32.5560264587402 31.8267631530762 31.7643928527832 31.5474319458008 30.9109497070312 31.3810691833496 31.8141536712646 32.3709678649902 32.850414276123 32.8740272521973 32.4729080200195 32.0470428466797 31.8810634613037 31.1437187194824 29.8749103546143 30.1709613800049 30.5108585357666 31.1039123535156 31.4953460693359 30.9139518737793 31.0018348693848 30.1488666534424 29.1819286346436 29.4716758728027 29.6902008056641 30.8034038543701 31.8292388916016 32.8392028808594 32.802318572998 31.0261154174805
34.0355110168457 34.2707862854004 34.1212882995605 34.0806655883789 33.9554786682129 33.7148475646973 33.3643798828125 32.9099960327148 33.0928039550781 33.6209869384766 33.7907600402832 33.7500953674316 33.548210144043 33.4060401916504 33.0519599914551 32.3081283569336 32.5071411132812 32.2769622802734 32.4218406677246 31.5298671722412 31.5409507751465 31.4084701538086 31.5177154541016 32.1940307617188 32.7893218994141 32.9834098815918 32.0757179260254 31.2293491363525 31.3260631561279 31.2466373443604 30.6798362731934 30.1536827087402 29.7445201873779 30.2066287994385 31.1107807159424 30.5220718383789 30.3071193695068 30.2697200775146 29.3541393280029 29.0493240356445 29.2756271362305 29.3875637054443 30.2971992492676 31.8904228210449 32.3647537231445 31.1383781433105
33.7544059753418 34.1844787597656 34.2711334228516 34.1347198486328 33.9330673217773 33.8195953369141 33.6303901672363 33.1759147644043 32.8571624755859 33.5490684509277 33.7997169494629 33.4065589904785 32.69873046875 32.7751655578613 32.8893203735352 32.8749313354492 32.9185791015625 32.785472869873 32.5882720947266 32.2896270751953 31.9783306121826 31.369966506958 31.7076282501221 32.5455894470215 33.0083618164062 32.9165115356445 32.2218780517578 32.0801467895508 31.5882129669189 31.0936470031738 29.8856449127197 29.5264110565186 30.5841770172119 30.457010269165 30.2641773223877 30.0446014404297 29.8457736968994 30.1444206237793 29.6203060150146 28.9001026153564 28.9422912597656 28.4066162109375 29.2551975250244 30.4183902740479 30.7453365325928 30.1277656555176
33.4387817382812 33.7648010253906 34.2976570129395 34.2074699401855 34.0799255371094 34.0035400390625 33.8219947814941 33.4543075561523 33.4475860595703 33.6943397521973 33.8505706787109 33.4793891906738 33.1524620056152 32.416618347168 32.5983238220215 32.8974990844727 33.0348701477051 33.249210357666 32.8058853149414 32.6175231933594 32.2279014587402 31.8777770996094 31.9619483947754 32.5388107299805 32.9888763427734 32.9053726196289 32.2182693481445 31.4901790618896 30.5168895721436 30.5251350402832 30.1820888519287 30.1426296234131 30.9962158203125 30.7547473907471 29.8825721740723 29.6427688598633 30.1231231689453 29.851167678833 29.486759185791 28.9560260772705 29.0190773010254 28.7746047973633 28.4504852294922 29.1742725372314 29.6142063140869 29.936279296875
33.2842445373535 33.360767364502 34.2717514038086 34.2811164855957 34.2027473449707 34.0842552185059 33.9233932495117 33.5920066833496 33.6411743164062 33.9495849609375 33.905101776123 33.720573425293 33.3576278686523 32.8704223632812 32.7781677246094 33.096378326416 33.4236679077148 33.4290885925293 33.1751403808594 32.7191162109375 32.2214393615723 31.9058246612549 32.0790405273438 32.2422142028809 32.4734725952148 32.8270034790039 31.8549289703369 31.0842189788818 30.4978103637695 30.7427387237549 30.819673538208 30.7531604766846 31.1784591674805 30.6628971099854 30.425910949707 30.348804473877 29.9419288635254 29.3741931915283 29.9001998901367 30.1382999420166 29.7168140411377 29.2825984954834 28.7824249267578 29.2318496704102 29.7670555114746 30.1768093109131
33.445873260498 33.9645652770996 34.2604942321777 34.2294120788574 34.2509994506836 34.1621170043945 34.0334854125977 33.6594924926758 33.7579879760742 34.0860748291016 33.8931617736816 33.8371620178223 33.6278953552246 33.7127647399902 33.6236839294434 33.6151924133301 33.6379928588867 33.571704864502 33.3539810180664 32.8338813781738 32.5702285766602 32.7504348754883 33.028938293457 33.2789840698242 33.1414909362793 32.7238311767578 32.5297889709473 32.0587272644043 31.7044315338135 31.5321216583252 31.6080188751221 31.418363571167 31.3338985443115 30.7722797393799 30.2262706756592 29.7923069000244 29.2783660888672 30.379077911377 30.6762313842773 30.6329135894775 29.3109512329102 29.2490520477295 28.7860889434814 28.5280380249023 29.8304615020752 30.40553855896
33.9203948974609 34.148323059082 34.2284126281738 34.1548118591309 34.1799774169922 34.239875793457 34.1957015991211 34.0820655822754 33.8798522949219 34.0312843322754 34.0108375549316 33.9536323547363 33.8329772949219 33.7393989562988 33.640998840332 33.5729103088379 33.732006072998 33.6580505371094 33.5237693786621 33.4203071594238 33.3276710510254 33.3059196472168 33.1102638244629 33.2422332763672 32.8051681518555 31.7969741821289 31.7535762786865 31.3607559204102 30.8234367370605 31.6031074523926 31.8931274414062 31.871244430542 31.1350078582764 30.8441314697266 30.7356414794922 30.6893825531006 30.6842098236084 30.3850364685059 31.0170288085938 31.3727626800537 30.8633155822754 30.4212341308594 29.7998943328857 29.2699089050293 30.3349933624268 30.8488578796387
33.1587600708008 33.7464637756348 34.2011947631836 34.1401824951172 34.0235252380371 34.1347465515137 34.1067504882812 33.9451522827148 33.5291023254395 33.5874633789062 33.9374465942383 33.7565727233887 33.2341613769531 33.4154319763184 33.6139183044434 33.0663986206055 33.5182266235352 33.7226524353027 33.6819610595703 33.641960144043 33.5960006713867 33.1995544433594 32.5657768249512 32.9734268188477 32.8130760192871 32.5518226623535 32.4861068725586 32.1661415100098 31.8143444061279 32.0878562927246 32.0554542541504 31.8110790252686 31.3784122467041 31.6314830780029 31.6049671173096 30.6842479705811 31.2538299560547 30.426513671875 30.7565536499023 31.5294284820557 31.5208168029785 31.2751998901367 30.5375995635986 29.7268657684326 30.3644695281982 31.1429767608643
32.3167037963867 33.3166618347168 34.0851593017578 34.226921081543 34.1682357788086 34.1523475646973 34.0629463195801 33.9600639343262 33.7503318786621 33.2439193725586 32.8568229675293 33.6125984191895 32.7876243591309 32.4928169250488 33.3758087158203 33.0275535583496 33.0186767578125 33.5076599121094 33.5481185913086 33.5607490539551 33.5822372436523 33.5728797912598 33.4441452026367 33.2170639038086 32.8044395446777 32.4312171936035 32.4568481445312 32.4154281616211 32.370002746582 32.1987457275391 32.0408477783203 31.6535358428955 31.3917083740234 32.0379066467285 31.9272842407227 31.6711254119873 31.6977691650391 31.145528793335 30.8123149871826 31.4961776733398 31.7019901275635 31.0863742828369 29.8543071746826 28.7896022796631 29.2322788238525 30.9481544494629
33.2955169677734 33.1434326171875 33.7397308349609 33.9385185241699 34.1761474609375 34.1547431945801 34.0501708984375 33.9200782775879 33.7749977111816 33.4944953918457 32.8666381835938 33.2961959838867 32.2774887084961 32.0509605407715 32.7952461242676 32.6652183532715 32.0099220275879 33.1030006408691 33.1091766357422 33.1017913818359 33.3717269897461 33.5482139587402 33.4616737365723 33.0458641052246 32.2294921875 31.6810626983643 31.316987991333 31.6599674224854 32.212345123291 31.6620826721191 31.4634914398193 30.7494468688965 31.4484367370605 32.2867546081543 32.1163940429688 31.9375896453857 32.0006332397461 31.5902671813965 31.2421913146973 31.5349597930908 31.7464027404785 30.6593914031982 29.7117710113525 30.0261898040771 30.381778717041 30.9782009124756
33.4219741821289 33.7767906188965 33.8703002929688 33.894172668457 34.0462684631348 34.1138954162598 34.0664863586426 33.9928855895996 33.8476295471191 33.4031219482422 33.0269012451172 32.6741256713867 32.2961235046387 31.9629306793213 32.4705505371094 32.3451538085938 32.3791809082031 32.2246589660645 31.9932537078857 31.9877490997314 33.1233711242676 33.4091796875 33.4013862609863 33.3080673217773 32.7372131347656 31.6385250091553 30.3276863098145 31.1210803985596 31.9037246704102 31.0080795288086 31.3799171447754 31.9564094543457 32.2542381286621 32.5337905883789 32.4602851867676 32.2776794433594 31.8289909362793 31.0389881134033 31.4919319152832 31.727855682373 32.053783416748 31.7257118225098 31.5992031097412 31.5914974212646 31.5578384399414 31.0216369628906
33.6781463623047 33.674373626709 33.544548034668 33.654598236084 34.1117744445801 34.0178527832031 34.0484085083008 34.0435256958008 33.9625663757324 33.6253280639648 32.5615081787109 32.6594047546387 32.2592277526855 31.2225952148438 31.9165325164795 31.7111835479736 31.5620002746582 30.9384613037109 31.7247123718262 32.085693359375 33.1467056274414 33.1884269714355 33.3351249694824 33.4497146606445 32.6299133300781 31.6233291625977 30.5508327484131 31.2992858886719 31.8914260864258 31.4342842102051 31.9160690307617 32.3584289550781 32.7402763366699 32.758373260498 32.3450469970703 32.1060104370117 31.7743072509766 31.5292625427246 32.0495452880859 32.145923614502 32.1980018615723 32.1311302185059 32.0316047668457 31.4179592132568 30.6201972961426 30.597318649292
33.8267402648926 33.8254356384277 33.8211708068848 33.6938056945801 34.1323623657227 34.1418113708496 34.0976295471191 34.0532760620117 33.9971733093262 33.9094543457031 33.6002464294434 32.9021873474121 32.1237945556641 31.0392036437988 31.3417949676514 31.3164825439453 30.9226493835449 31.2021942138672 31.4432716369629 32.4172821044922 33.1749420166016 32.7905197143555 33.4784355163574 33.3413963317871 32.7826347351074 32.5637550354004 31.5646286010742 31.683952331543 32.0247039794922 31.8716526031494 32.4623222351074 32.4489212036133 32.8849906921387 32.8291511535645 32.6974029541016 32.4740295410156 31.6898250579834 31.864315032959 32.1281394958496 32.1363945007324 32.1826629638672 32.0592918395996 32.006664276123 31.5278091430664 31.4699592590332 31.3596019744873
