inst/extdata/Tmax/Tmax38.asc
NCOLS 100 
NROWS 79 
XLLCORNER 148.06 
YLLCORNER -21.49 
CELLSIZE 0.01 
NODATA_value -3.4e+38 
[rows 20 to 39 of 79, columns 0 to 45 of 100]
27.069131851196300 27.6078548431396 27.8283424377441 27.5810394287109 27.8098831176758 28.6977424621582 28.2485008239746 28.552001953125 27.4061889648438 27.339527130127 28.4125709533691 27.9633274078369 26.835470199585 24.9640064239502 23.6400890350342 22.825382232666 22.4926166534424 23.9882717132568 25.1512565612793 26.0681228637695 26.2143154144287 26.709831237793 26.9295864105225 27.2929668426514 27.2404899597168 26.9743518829346 25.8520069122314 23.8553104400635 24.9128742218018 24.754508972168 25.9610176086426 26.2702445983887 26.3452167510986 26.4198093414307 26.1690273284912 25.8620414733887 25.6453285217285 25.417459487915 24.5148067474365 24.8313426971436 24.6195087432861 23.6853675842285 24.4578323364258 24.2586154937744 22.8206996917725 22.955135345459
27.8306446075439 28.1562843322754 28.1981773376465 27.844425201416 27.8094177246094 27.7535362243652 27.3534851074219 28.1597156524658 28.4385852813721 28.7163600921631 28.4060745239258 28.4146347045898 27.9019050598145 25.2619781494141 23.5620651245117 23.3375549316406 23.5144844055176 24.2406692504883 24.8171367645264 25.9401760101318 26.645336151123 27.2452564239502 26.4355297088623 26.9683628082275 26.9161071777344 26.6327133178711 26.368350982666 24.8195514678955 24.9018936157227 25.8876609802246 26.3415451049805 26.1029815673828 26.0462627410889 24.8145446777344 24.5299472808838 24.7594165802002 25.7414855957031 23.8857364654541 23.4545993804932 23.7789421081543 22.9794864654541 23.5709915161133 23.7529392242432 21.3922920227051 21.3566074371338 22.1506538391113
28.1077289581299 28.4042301177979 28.2463493347168 27.584264755249 28.8453216552734 27.9613075256348 28.2223892211914 27.9140472412109 28.6380310058594 27.8503837585449 28.9576873779297 28.5919513702393 28.3918132781982 27.3957786560059 26.4582443237305 24.6409454345703 22.9445133209229 23.574146270752 24.0525970458984 26.1444435119629 27.0418930053711 26.2298049926758 26.3538227081299 25.8800029754639 25.3910026550293 26.2622966766357 26.1965160369873 25.867000579834 25.7910747528076 25.8204956054688 25.4534473419189 24.996603012085 24.4639682769775 23.9419403076172 23.2622966766357 24.0969009399414 24.1716251373291 22.9782905578613 22.9957084655762 22.9831485748291 21.633430480957 21.4292964935303 22.0752086639404 22.7332592010498 17.1219615936279 21.8662872314453
28.2393703460693 28.7215824127197 29.2627429962158 27.5781764984131 27.5293731689453 28.4126930236816 27.4990406036377 28.4541397094727 28.6663074493408 27.7980480194092 28.3588638305664 28.2404327392578 28.4993114471436 27.5365371704102 25.6019477844238 24.5912609100342 23.3535976409912 23.6662616729736 24.4014797210693 25.4360828399658 26.0109367370605 26.6964321136475 25.9203586578369 24.5692119598389 25.0910987854004 25.2399158477783 25.2070636749268 26.1696014404297 26.4819412231445 26.2355289459229 25.8719749450684 24.7773323059082 24.1176166534424 24.308385848999 24.826135635376 24.4716281890869 22.1946697235107 21.7660942077637 22.3717384338379 22.6185493469238 21.1341495513916 20.7136993408203 20.416690826416 18.8997001647949 20.0986423492432 20.4421634674072
28.4213695526123 28.3375072479248 28.1879901885986 28.9326629638672 29.0485572814941 28.7602195739746 27.5595111846924 28.6325435638428 27.2037410736084 27.434986114502 27.4868469238281 27.2617111206055 27.0913238525391 27.4023151397705 25.8056945800781 24.2624702453613 23.498327255249 23.3555641174316 24.5090732574463 24.6968002319336 26.1690616607666 26.5156097412109 23.8088569641113 23.5084342956543 23.8900032043457 24.2594718933105 24.5630321502686 25.9098339080811 26.3091793060303 25.7036018371582 26.1044845581055 25.6683826446533 25.5686531066895 25.4058990478516 24.861385345459 24.4397983551025 23.7576465606689 22.7953433990479 21.5626907348633 20.9595928192139 19.5704517364502 18.5274085998535 19.2624206542969 21.4358158111572 16.1870918273926 16.0465145111084
28.8631782531738 28.6099090576172 29.0892276763916 28.4558353424072 29.0018920898438 28.8881530761719 28.7797317504883 28.5729961395264 28.4129772186279 27.0236625671387 28.0614891052246 27.3695049285889 26.5758228302002 26.6582717895508 26.6382141113281 26.4305763244629 25.115104675293 24.861234664917 25.5732440948486 26.2999744415283 25.6357269287109 24.0469055175781 23.4868412017822 22.1587257385254 22.9472045898438 23.92893409729 23.998025894165 25.0055446624756 26.0670337677002 25.8940734863281 24.2386417388916 25.2483997344971 25.0589408874512 25.070369720459 24.6347103118896 24.3025150299072 23.6935195922852 22.3723564147949 19.8467884063721 20.4542179107666 18.7842998504639 20.0030670166016 21.5866165161133 21.1676769256592 16.2997779846191 15.3609590530396
26.882209777832 28.1215953826904 29.1932735443115 28.9854488372803 28.8920860290527 28.7573490142822 28.6778659820557 28.7180519104004 28.4437866210938 27.1459636688232 26.7176151275635 26.8960113525391 26.7465000152588 26.4203090667725 26.4293727874756 25.3455600738525 24.5328102111816 24.7008190155029 25.6550102233887 25.5247459411621 25.2708187103271 25.6967372894287 24.5337944030762 22.9874515533447 22.3913612365723 23.2617168426514 24.6752796173096 26.0048732757568 25.4605445861816 25.6302394866943 24.819242477417 24.5703868865967 24.9140434265137 24.3412036895752 24.2625179290771 23.4226608276367 22.0697460174561 22.3207759857178 17.5717010498047 15.7548627853394 18.3910541534424 15.9812040328979 20.79030418396 17.2327041625977 19.4673309326172 15.0531234741211
27.0260772705078 26.6702690124512 27.8407917022705 28.7363300323486 28.7224636077881 28.6328010559082 28.8516788482666 29.0015468597412 28.6212539672852 27.8878841400146 27.4176788330078 26.7056064605713 26.5375823974609 26.9151821136475 25.237133026123 25.2919750213623 24.8225250244141 24.3844680786133 24.7446594238281 24.8315181732178 25.0640125274658 25.2660350799561 24.7535629272461 23.4536685943604 23.2606048583984 23.5506896972656 23.0761947631836 25.7670269012451 26.1760330200195 24.8915004730225 24.5930080413818 24.6574153900146 24.982666015625 24.0703525543213 23.6906185150146 22.8061695098877 21.2090473175049 21.6506690979004 21.3740348815918 19.9486656188965 18.7229881286621 19.2054347991943 19.018518447876 16.4208850860596 15.7374210357666 15.3532180786133
25.7671089172363 26.2237586975098 26.8626804351807 27.8321533203125 28.9129085540771 28.4381103515625 28.8905429840088 28.5608215332031 28.5792293548584 27.621431350708 27.7127056121826 26.8554706573486 27.1728496551514 27.1489925384521 26.8043155670166 24.5159530639648 24.4590358734131 24.1976566314697 24.6134834289551 25.6759967803955 24.572925567627 25.1396427154541 24.0568561553955 22.9786529541016 23.2290897369385 23.5930690765381 23.6556568145752 24.5508232116699 25.3697605133057 25.2743892669678 25.357723236084 24.3913650512695 23.921350479126 22.6424026489258 21.8343200683594 20.8476753234863 21.1033325195312 21.168815612793 21.3347759246826 18.8075141906738 15.8510084152222 15.9363508224487 19.2809314727783 15.6487674713135 15.8697652816772 15.7650232315063
24.5931777954102 25.3803730010986 26.0456352233887 26.757116317749 28.2479839324951 28.3128318786621 27.6857242584229 28.8829879760742 28.6752128601074 28.3254470825195 27.2382926940918 27.6497097015381 26.9847278594971 26.7059364318848 27.2677822113037 26.9828224182129 26.5246696472168 24.5921001434326 24.9107074737549 24.9191875457764 24.9026489257812 25.052225112915 24.5607814788818 23.495059967041 23.2671146392822 23.2805328369141 22.8417072296143 24.4963970184326 25.4645328521729 24.9542388916016 25.5473308563232 23.9818172454834 22.9051475524902 22.7188835144043 22.1765098571777 21.6724910736084 21.6367149353027 20.9932613372803 20.307107925415 19.9598617553711 21.3884925842285 21.3976268768311 18.7824764251709 18.5897235870361 16.0771007537842 16.9697780609131
25.141544342041 25.8930206298828 26.0434036254883 26.7647190093994 27.1727848052979 27.0177516937256 27.2453460693359 28.3148784637451 28.2909278869629 27.7939910888672 28.282901763916 28.2123985290527 28.246301651001 27.4291248321533 27.4420928955078 27.3768100738525 26.0821151733398 25.5042095184326 24.5229587554932 24.9432811737061 24.7935123443604 24.3038425445557 24.0258979797363 23.6258010864258 23.0356044769287 22.2659435272217 22.7174911499023 24.7074222564697 25.1759738922119 25.3504600524902 25.6412467956543 25.806209564209 24.0577087402344 22.7673625946045 22.0472831726074 22.7917537689209 22.4123935699463 21.7079334259033 20.8263893127441 20.9256248474121 22.9958972930908 22.8580474853516 22.4362564086914 21.4995517730713 18.2503662109375 17.459716796875
26.2459239959717 26.2197551727295 27.1268939971924 27.9832725524902 28.5115432739258 27.270206451416 27.3731594085693 28.6642417907715 28.6407489776611 27.9875221252441 28.3976707458496 28.0564289093018 28.015983581543 27.6278610229492 26.6745662689209 26.9656867980957 24.6237983703613 23.2814540863037 24.5815906524658 24.2271995544434 24.2323017120361 24.4753894805908 23.9072895050049 23.634651184082 23.2267322540283 23.2387847900391 23.7353191375732 25.0933399200439 25.8154773712158 24.7892150878906 25.2631149291992 25.2894477844238 25.6122627258301 24.6956977844238 24.0020198822021 22.8047847747803 23.0073204040527 23.0618133544922 22.6422138214111 24.1633739471436 23.1683197021484 22.6586761474609 17.470588684082 19.0692501068115 16.6502819061279 15.8724412918091
25.7533931732178 27.2139434814453 27.1086196899414 27.234619140625 28.4396362304688 27.6549110412598 28.2925872802734 27.9709701538086 28.5707931518555 27.5806999206543 28.5684089660645 28.0685176849365 28.0445251464844 27.4479637145996 27.0414581298828 26.5080223083496 26.4392414093018 24.6695938110352 23.429235458374 23.7076797485352 23.8005485534668 24.4051971435547 23.7863922119141 23.8531665802002 23.4745235443115 23.3231010437012 25.2414131164551 25.4401893615723 25.321231842041 26.7484893798828 25.371000289917 24.8147945404053 26.088399887085 25.9663181304932 25.248556137085 24.5332012176514 24.2059326171875 24.1369609832764 23.669002532959 23.8395709991455 22.90185546875 20.2166786193848 15.4277210235596 15.8004131317139 15.9829568862915 14.6625366210938
26.4685649871826 26.7046375274658 27.2982540130615 26.2669239044189 26.8487434387207 25.8700504302979 26.5992870330811 27.9582958221436 28.4983654022217 28.3201179504395 28.6406440734863 27.8888301849365 27.7397766113281 27.7954139709473 27.1874198913574 26.9530429840088 27.2972469329834 26.7798767089844 26.0376644134521 25.5510139465332 24.2470855712891 24.0390548706055 24.5453929901123 24.2184543609619 23.8358573913574 23.4441089630127 25.159839630127 26.0690155029297 25.6224422454834 25.7635459899902 25.5357265472412 24.2790355682373 24.0205268859863 24.0578937530518 24.5288009643555 24.7651119232178 24.785665512085 25.2334537506104 24.7703628540039 24.9108047485352 23.1734180450439 18.454532623291 16.8442993164062 17.1744270324707 16.9233684539795 15.8068132400513
27.0151557922363 27.4525375366211 27.1877822875977 25.3373565673828 26.0631618499756 27.2441577911377 26.5194759368896 27.9549160003662 28.3575439453125 28.0219306945801 28.4768600463867 28.2136192321777 28.5613174438477 28.0783271789551 27.6681346893311 27.4856204986572 27.1759376525879 26.7888603210449 26.336706161499 25.3247013092041 23.8237991333008 24.8868961334229 25.2927417755127 24.1208629608154 23.701208114624 23.6724815368652 23.7121810913086 25.1596755981445 24.9501514434814 24.0078010559082 24.9997482299805 23.913818359375 23.4697170257568 23.4716854095459 23.1563205718994 23.4259624481201 24.0552387237549 23.6384963989258 24.2907485961914 24.0321559906006 22.3368453979492 22.1069469451904 19.2614631652832 18.5844135284424 17.8039379119873 17.6533584594727
26.7511959075928 28.117618560791 27.1874217987061 26.3446521759033 24.7944202423096 27.1789131164551 28.6424694061279 26.8067989349365 27.8221263885498 28.4498710632324 28.3603897094727 28.2357501983643 27.7441844940186 27.9035835266113 27.5510158538818 27.7035713195801 26.7559680938721 26.3101673126221 26.1903476715088 25.559513092041 24.4536304473877 25.0915126800537 24.2040405273438 22.7755603790283 23.2047080993652 22.8388290405273 24.452844619751 23.7874145507812 23.3494110107422 20.70751953125 22.6938629150391 23.3040733337402 23.6179122924805 23.2675228118896 23.23219871521 22.3001499176025 22.5774612426758 22.9422454833984 23.899133682251 23.2283172607422 18.3493175506592 18.0010871887207 17.7972965240479 18.4023742675781 18.0491600036621 16.7419776916504
27.3206348419189 26.4903469085693 27.836519241333 27.1037998199463 26.9568538665771 27.0118389129639 27.0838489532471 27.2213802337646 27.417459487915 28.7724189758301 28.7902545928955 28.2487754821777 28.1629447937012 28.4295196533203 28.1790447235107 27.0241146087646 26.4205894470215 26.3637104034424 26.3348007202148 26.2869701385498 25.6108455657959 24.5374298095703 23.408561706543 23.1211719512939 23.4199771881104 24.1126079559326 24.8512496948242 23.9704246520996 23.6030349731445 21.6675434112549 21.3376026153564 20.3688907623291 21.8573932647705 23.210428237915 23.0722351074219 21.1700649261475 21.1681575775146 20.7933731079102 20.6119384765625 17.0871410369873 17.0985374450684 16.2437286376953 16.8618717193604 17.8883991241455 17.8962135314941 16.1157665252686
26.612096786499 26.1612567901611 27.5091819763184 26.3212242126465 26.4726963043213 26.4939861297607 25.3015804290771 26.1544933319092 27.2233505249023 27.5867614746094 28.3536491394043 28.4027309417725 28.3111782073975 27.8304748535156 28.154182434082 28.0424823760986 27.363582611084 26.0756645202637 26.5818004608154 26.1081676483154 25.9213047027588 25.1298198699951 23.5471706390381 23.4080562591553 22.7909336090088 23.5258541107178 24.6136779785156 23.6545963287354 23.8863544464111 23.6648349761963 23.6447792053223 22.5499172210693 22.1257705688477 20.8203105926514 16.6106834411621 15.2891550064087 15.4423389434814 15.20432472229 15.1439514160156 15.4450216293335 15.6647539138794 15.7947702407837 16.1168689727783 17.0789947509766 17.4025535583496 16.8905162811279
26.6016693115234 26.0098361968994 26.0835666656494 27.306999206543 27.0051975250244 27.1073513031006 25.6639137268066 24.7917938232422 25.81911277771 26.8161029815674 28.1557521820068 28.5347728729248 28.4740581512451 28.3168525695801 27.2127704620361 26.7635803222656 26.7866611480713 26.4229373931885 26.8944416046143 26.7619686126709 26.7295055389404 25.3983001708984 24.6051177978516 24.2772903442383 23.2822036743164 24.0775489807129 23.836124420166 24.0342502593994 22.2496776580811 23.2792224884033 22.4600887298584 22.2961139678955 22.7829627990723 22.0459175109863 20.4530849456787 14.9745044708252 14.5476264953613 14.4626998901367 14.4144067764282 14.8867034912109 15.4770545959473 16.9930400848389 15.5645246505737 16.8537921905518 16.2811050415039 16.0954704284668
26.2131786346436 25.7254276275635 26.9948959350586 26.9649448394775 27.2613773345947 26.3798866271973 26.0335464477539 25.3663597106934 26.303524017334 25.7799472808838 26.7719821929932 28.3150386810303 28.0619220733643 27.8654727935791 27.1826686859131 27.4365253448486 25.7492771148682 25.9937572479248 26.4404907226562 26.2793350219727 26.3594264984131 25.705135345459 25.7437953948975 25.0980339050293 23.8440780639648 23.7693214416504 23.4255695343018 23.3561058044434 23.8583316802979 22.839054107666 21.7266407012939 20.8927917480469 23.039981842041 23.131383895874 23.205041885376 20.6695289611816 17.7279090881348 17.2979888916016 16.1562919616699 15.0634708404541 15.9410047531128 15.8869371414185 16.0087375640869 16.4758586883545 16.3481178283691 15.9582281112671
