inst/extdata/Tmax/Tmax59.asc
NCOLS 100 
NROWS 79 
XLLCORNER 148.06 
YLLCORNER -21.49 
CELLSIZE 0.01 
NODATA_value -3.4e+38 
[rows 20 to 39 of 79, columns 0 to 45 of 100]
40.009254455566399 40.0159683227539 39.9870109558105 39.9304656982422 39.9173431396484 39.9845848083496 39.8925857543945 39.8043670654297 39.7209548950195 39.6141471862793 39.4347076416016 39.0684089660645 38.650634765625 38.0530319213867 36.8337516784668 36.418888092041 36.3339004516602 37.2026062011719 38.1013565063477 38.4493293762207 38.472297668457 38.4975891113281 38.8368644714355 38.8679656982422 38.7231369018555 38.4465293884277 37.8524322509766 36.9393119812012 37.4823799133301 37.5528755187988 38.1573104858398 38.180233001709 38.3229064941406 38.2922096252441 38.2550926208496 38.0179443359375 37.6400299072266 37.6455116271973 37.1852493286133 37.4400177001953 37.2267112731934 36.5144462585449 36.7469444274902 36.8008270263672 36.9236602783203 36.9562301635742
40.0885429382324 40.1154975891113 40.0967483520508 40.0391998291016 40.0154800415039 39.9861679077148 39.8490829467773 39.7567367553711 39.709041595459 39.6269111633301 39.49462890625 39.3228797912598 39.0983657836914 38.2506217956543 36.869026184082 36.5515022277832 36.750316619873 37.470157623291 37.8900108337402 38.1871452331543 38.2747344970703 38.2000770568848 38.7332153320312 38.8739013671875 38.6881675720215 38.7078666687012 38.6838455200195 37.9365997314453 37.7858810424805 38.3062591552734 38.4269218444824 38.3293991088867 38.0070037841797 37.4118309020996 37.4336547851562 37.4139518737793 37.869758605957 37.176586151123 36.7834777832031 37.096996307373 36.7148284912109 36.8038177490234 36.5346298217773 35.6282272338867 35.9561195373535 36.6364135742188
40.1611938476562 40.1765403747559 40.1553649902344 40.1156425476074 40.0736503601074 40.0168304443359 39.8457145690918 39.7150077819824 39.6425476074219 39.5882377624512 39.463565826416 39.3798522949219 39.2041778564453 38.6488609313965 37.6281776428223 36.8432998657227 36.2316398620605 36.6652450561523 37.1585006713867 37.8500747680664 37.9191818237305 37.9997062683105 38.6491203308105 38.4418678283691 38.0343589782715 38.404842376709 38.4821510314941 38.5689239501953 38.2925758361816 38.3346977233887 38.0751533508301 37.897346496582 37.3344650268555 37.0059509277344 36.7771797180176 36.9974021911621 36.9374771118164 36.3796691894531 36.3538703918457 36.275463104248 35.9681358337402 35.2144927978516 36.0127105712891 35.7244110107422 34.7339172363281 36.1694564819336
40.1690521240234 40.1709480285645 40.1583061218262 40.1242332458496 40.0636215209961 40.0279273986816 39.9417190551758 39.6686630249023 39.5517959594727 39.5413703918457 39.3618011474609 39.17822265625 39.2374305725098 38.8851203918457 38.1660652160645 37.4342727661133 36.658203125 36.3669166564941 36.8937072753906 37.1508178710938 37.6068801879883 38.5145111083984 38.2712097167969 37.664608001709 37.8194046020508 37.9716911315918 37.6685752868652 38.6222534179688 38.6496124267578 38.5152854919434 38.2925033569336 37.2125663757324 36.8853569030762 37.0920829772949 37.4313049316406 36.9748802185059 36.0609512329102 35.5157814025879 36.2513999938965 35.7416954040527 35.0124015808105 33.5727157592773 34.4251480102539 35.631031036377 33.8058662414551 35.1583557128906
40.143310546875 40.1684951782227 40.1668815612793 40.112865447998 40.0532913208008 40.026782989502 40.002368927002 39.8283729553223 39.6532249450684 39.4816665649414 39.3665046691895 39.3089981079102 39.1332206726074 38.8124046325684 38.1157073974609 37.4663963317871 36.7648735046387 36.4061698913574 36.5673408508301 36.5428199768066 37.5959892272949 38.3268737792969 37.3077774047852 36.8022499084473 37.5125160217285 37.4955596923828 37.6879463195801 38.4356079101562 38.6791381835938 38.305492401123 38.2532119750977 38.0302658081055 38.0052108764648 38.0650024414062 37.7441482543945 37.4416351318359 37.0466270446777 35.9304542541504 35.7082862854004 35.4508018493652 33.7241401672363 33.1972427368164 33.5834197998047 35.4583930969238 33.459529876709 33.8387107849121
40.1248397827148 40.1183929443359 40.1007347106934 40.0527076721191 40.034252166748 40.0133628845215 40.010326385498 39.9454689025879 39.7918701171875 39.5607070922852 39.369556427002 39.2291984558105 39.0736846923828 38.651668548584 38.2293319702148 37.7063369750977 37.126277923584 36.7947387695312 37.178840637207 37.7770881652832 37.7367057800293 37.6281776428223 37.1717758178711 36.0083274841309 36.4431915283203 37.1010475158691 37.2499694824219 38.4913558959961 38.6774711608887 38.3239250183105 37.4550514221191 38.0727996826172 37.9430046081543 37.8204383850098 37.5532264709473 37.2388916015625 37.1253814697266 35.6412925720215 34.3420333862305 34.7623481750488 33.3862648010254 34.1596832275391 34.5304222106934 35.4702606201172 34.4415893554688 33.3463706970215
40.0505676269531 40.0505867004395 40.0302314758301 40.0126419067383 39.9818000793457 39.9554481506348 40.0058059692383 39.979679107666 39.8387985229492 39.4601249694824 39.3423538208008 39.0905380249023 39.0592155456543 38.7056198120117 38.0158729553223 37.0260581970215 36.6575660705566 36.8133163452148 37.217472076416 37.1090202331543 37.2524261474609 38.0172424316406 37.8620262145996 36.4980278015137 36.1090507507324 36.9142837524414 37.6827926635742 38.5697746276855 38.6539993286133 38.4414596557617 37.6129264831543 37.2375717163086 38.0195274353027 37.4896087646484 37.0519905090332 36.2214736938477 35.9438934326172 36.0633735656738 34.9899787902832 33.7372245788574 33.3592224121094 33.6184310913086 33.5128593444824 34.573673248291 33.6146011352539 32.9768943786621
39.937255859375 39.932804107666 39.9346351623535 39.950439453125 39.9429893493652 39.9652061462402 40.018913269043 39.9875411987305 39.8997459411621 39.7108001708984 39.47900390625 39.2290458679199 39.0980949401855 38.8991889953613 38.0608329772949 37.0065650939941 36.6880569458008 36.6236610412598 36.7184753417969 36.674617767334 37.6690444946289 38.2048759460449 37.7061462402344 36.9194183349609 36.3868064880371 36.5698776245117 36.6515464782715 38.1881523132324 38.5417137145996 38.4274978637695 37.6359939575195 37.5592231750488 37.8556480407715 37.1163673400879 36.4199104309082 35.8451614379883 34.9231300354004 35.6613006591797 35.4990234375 33.7209358215332 33.308521270752 33.456974029541 33.3619575500488 33.9264869689941 33.3223915100098 33.0360794067383
39.5097045898438 39.4498519897461 39.6616477966309 39.9029579162598 39.9884796142578 40.0298919677734 40.0352210998535 39.9964981079102 39.8605651855469 39.740608215332 39.5727996826172 39.0907707214355 39.1443023681641 38.9858207702637 38.5082168579102 37.3997611999512 36.7179260253906 36.232048034668 36.4971199035645 37.273509979248 37.700122833252 37.99365234375 37.2014999389648 36.5282897949219 36.3383750915527 36.445426940918 36.8047370910645 37.6857681274414 38.4506797790527 38.5155563354492 38.0055389404297 37.7506294250488 37.3208503723145 36.2837181091309 35.1263389587402 34.7309112548828 34.4262962341309 34.5846328735352 34.7308387756348 34.3235778808594 33.8341941833496 33.926025390625 33.6644630432129 33.448299407959 33.4448699951172 33.3809585571289
38.7328872680664 39.4863014221191 39.7512054443359 39.4964370727539 39.9512710571289 40.0505409240723 40.0478973388672 40.00830078125 39.8074951171875 39.6533660888672 39.6173439025879 39.3666610717773 39.1325645446777 38.9890251159668 38.7402153015137 38.2603073120117 37.7402420043945 36.4768142700195 36.746639251709 36.7949447631836 36.9092178344727 37.7302436828613 37.3259735107422 36.5764770507812 36.3665390014648 36.1534004211426 36.1026725769043 37.645149230957 38.493480682373 38.5730819702148 37.7614784240723 36.7866134643555 36.474723815918 36.1192970275879 35.8506546020508 34.8663291931152 34.7890739440918 34.400764465332 34.0084495544434 34.2123947143555 36.0460472106934 36.134952545166 34.9862899780273 33.5223617553711 34.5949287414551 34.7111053466797
39.0142250061035 39.7715339660645 39.7708320617676 39.2770042419434 39.9260864257812 40.054084777832 40.0724182128906 40.0287475585938 39.9508666992188 39.7296867370605 39.6099891662598 39.5280151367188 39.346996307373 39.1396102905273 38.8570594787598 38.3187942504883 37.5571479797363 37.130672454834 36.6902923583984 36.8979148864746 36.9426689147949 37.3179206848145 36.7451934814453 36.565372467041 36.2665557861328 35.6714859008789 35.9043312072754 37.5389823913574 38.3902282714844 38.4391136169434 38.4268074035645 38.2660598754883 37.1471557617188 36.1824417114258 36.1173973083496 35.6242637634277 35.7767868041992 35.5838394165039 35.1520690917969 35.6602478027344 37.174430847168 37.238395690918 36.8154830932617 36.2402801513672 36.1220550537109 35.5210342407227
39.701358795166 39.9130630493164 39.9432334899902 39.9146842956543 39.9599723815918 40.0572738647461 40.0599479675293 40.0272407531738 39.9594650268555 39.8694458007812 39.6857757568359 39.6097869873047 39.4970321655273 39.292594909668 39.0337257385254 38.5833320617676 37.8081398010254 37.4050636291504 36.7462730407715 36.621452331543 36.6597557067871 37.0366973876953 36.6743049621582 36.4162254333496 36.3340835571289 36.3344116210938 37.022777557373 38.0749244689941 38.4548568725586 37.950122833252 37.8684959411621 37.887882232666 38.1008491516113 37.6018104553223 37.3292274475098 36.5561370849609 37.6113967895508 37.4629516601562 37.4358978271484 37.4529762268066 37.2244262695312 36.317699432373 35.3534126281738 35.021053314209 34.8847961425781 34.1228675842285
39.4648475646973 40.069637298584 40.0946769714355 40.0791969299316 40.0471382141113 40.0256462097168 39.980339050293 39.9902839660645 39.9549903869629 39.9103622436523 39.840259552002 39.7085762023926 39.5241928100586 39.3579025268555 39.1643829345703 38.9210166931152 38.4797821044922 37.8631744384766 37.167610168457 36.5049171447754 36.5048637390137 36.8907890319824 36.7539405822754 36.476432800293 36.3226165771484 36.4379005432129 37.7227592468262 38.4415550231934 38.5135231018066 38.3415260314941 37.8505401611328 37.2510948181152 37.956859588623 38.0683898925781 38.1097297668457 37.5867691040039 38.0038146972656 37.7115478515625 37.5809478759766 37.4171905517578 36.2119522094727 34.7663269042969 33.5380516052246 33.8184814453125 33.7308959960938 32.8239631652832
39.3470115661621 39.8785972595215 39.6951217651367 39.562557220459 39.6535758972168 39.9538841247559 39.9332008361816 39.9238166809082 39.9069404602051 39.8661727905273 39.8084678649902 39.7617988586426 39.6368560791016 39.4766807556152 39.3151702880859 39.0929336547852 38.6917724609375 38.2983779907227 38.0305137634277 37.4443702697754 36.5720863342285 36.7621994018555 36.5355606079102 36.5739898681641 36.4389533996582 36.3883094787598 37.2922401428223 38.3997764587402 38.4838256835938 38.1688537597656 38.0355491638184 36.9727325439453 37.2712516784668 37.5287322998047 37.8306541442871 37.9556579589844 37.8210601806641 37.6528930664062 37.2670745849609 37.3236618041992 37.0003814697266 35.742790222168 34.9186096191406 35.4856224060059 35.0361595153809 33.8581809997559
39.6561851501465 39.8761901855469 39.4955253601074 38.8775405883789 38.9486389160156 39.7559509277344 39.9151039123535 39.857234954834 39.8424072265625 39.8268203735352 39.7300987243652 39.7445526123047 39.6733360290527 39.5500411987305 39.3931274414062 39.2013053894043 38.9079246520996 38.2982177734375 37.9112358093262 37.4748001098633 36.8432579040527 36.7441482543945 36.5534629821777 36.3369064331055 36.2812385559082 36.5945777893066 37.5828628540039 38.3724212646484 37.8729248046875 37.6539154052734 37.7660217285156 37.4160690307617 37.0948677062988 36.7614135742188 36.4907035827637 36.9932518005371 36.8080291748047 37.1432876586914 37.0637588500977 36.8615036010742 36.5965042114258 36.9254684448242 36.6777877807617 36.3563232421875 35.7461051940918 35.2575569152832
39.783073425293 39.8439521789551 39.649600982666 39.3490943908691 39.0541725158691 39.5173454284668 39.7611236572266 39.753776550293 39.7664756774902 39.7896957397461 39.7515335083008 39.7648048400879 39.6836357116699 39.6040916442871 39.443603515625 39.2281913757324 38.996166229248 38.7806243896484 38.4039306640625 37.8015975952148 37.4328842163086 37.1796226501465 36.6965713500977 36.0925140380859 36.2110710144043 36.4074974060059 37.6771240234375 38.2141151428223 36.4070472717285 36.0198059082031 36.5597381591797 36.7886581420898 36.7458763122559 36.5270004272461 36.0305633544922 35.7691955566406 36.3244323730469 36.1613388061523 36.1303100585938 36.0812225341797 35.811149597168 35.5043182373047 35.7663955688477 36.2534980773926 35.6116409301758 34.449577331543
39.6720275878906 39.6754112243652 39.6735382080078 39.4049072265625 39.1307525634766 39.2727127075195 39.444522857666 39.5906677246094 39.6601753234863 39.7395401000977 39.6951637268066 39.668083190918 39.7140884399414 39.6261558532715 39.4940452575684 39.2304458618164 39.1853942871094 39.0249252319336 38.779483795166 38.4152603149414 38.2577476501465 37.5316314697266 36.9707260131836 36.5211601257324 36.4915885925293 36.8084373474121 37.7160911560059 37.6191940307617 37.3211364746094 37.2162971496582 36.459171295166 36.3781051635742 36.1819381713867 36.0294647216797 35.3588371276855 34.9698638916016 35.1373748779297 35.0619964599609 35.2825927734375 35.0750503540039 35.0639495849609 34.1633834838867 34.8537063598633 35.7417144775391 35.4970893859863 33.9796943664551
39.1861152648926 39.4589157104492 39.6210060119629 39.5023231506348 39.298942565918 39.1574440002441 39.1237144470215 39.4288520812988 39.5019187927246 39.6283073425293 39.6731109619141 39.647590637207 39.6715049743652 39.6571655273438 39.4735794067383 39.354850769043 39.263557434082 39.1352157592773 38.9668426513672 38.7610664367676 38.5517692565918 37.8960266113281 36.84521484375 36.8980560302734 36.2490081787109 36.7449111938477 37.5714416503906 37.0480346679688 37.1946258544922 37.6772689819336 37.5594177246094 37.4033546447754 36.7139625549316 36.2727661132812 34.8165473937988 33.6506690979004 33.6708183288574 33.546817779541 33.4878883361816 33.8831596374512 34.0043563842773 34.1557388305664 34.2995643615723 35.2059783935547 35.0575523376465 34.6476669311523
39.3054885864258 39.3667449951172 39.4635581970215 39.4170265197754 39.359806060791 39.0568656921387 38.8388748168945 38.5766448974609 39.1466407775879 39.5650787353516 39.6560745239258 39.6698226928711 39.7104835510254 39.6790885925293 39.3841247558594 38.9995994567871 38.9940376281738 39.0155715942383 39.0268936157227 38.8903617858887 38.7345886230469 38.3470344543457 37.3271255493164 37.5727996826172 36.6823463439941 36.650032043457 36.7593383789062 37.0153503417969 36.052173614502 36.6198425292969 36.2609176635742 36.3379249572754 37.5964088439941 37.1553497314453 36.1593894958496 34.1036796569824 33.2605972290039 33.2411918640137 32.613597869873 32.982105255127 33.5296974182129 33.5002555847168 33.5511589050293 34.8302726745605 34.3688507080078 33.824520111084
39.3844337463379 39.2905235290527 39.3165435791016 39.1141662597656 39.271167755127 39.1677436828613 38.9405250549316 38.6771697998047 38.8287506103516 39.3526992797852 39.5469436645508 39.6918716430664 39.7019195556641 39.643741607666 39.5631217956543 39.1780242919922 38.8133392333984 38.6083145141602 38.8203582763672 38.9014282226562 38.747989654541 38.5934715270996 38.2767028808594 37.7325630187988 36.7421226501465 36.5217018127441 36.4563217163086 36.5122833251953 36.5307464599609 36.0267944335938 35.4855499267578 36.1590003967285 37.3339767456055 36.5666961669922 36.7959098815918 36.2345695495605 35.7897758483887 35.6524353027344 34.7109222412109 33.6914405822754 34.3087882995605 34.0039825439453 34.3256149291992 34.4945793151855 34.1789703369141 33.7284965515137
