inst/extdata/Tmax/Tmax100.asc
NCOLS 100 
NROWS 79 
XLLCORNER 148.06 
YLLCORNER -21.49 
CELLSIZE 0.01 
NODATA_value -3.4e+38 
[rows 0 to 19 of 79, columns 46 to 91 of 100]
39.1389617919922 38.9720001220703 38.8682556152344 38.8493461608887 38.8144912719727 38.6980590820312 38.8335914611816 38.6714363098145 38.4913673400879 38.324275970459 38.2200126647949 37.9658126831055 37.8502235412598 37.9942855834961 38.1725425720215 38.0537757873535 37.9020652770996 37.707103729248 37.4026145935059 37.1777954101562 36.9967803955078 -3.4e+38 -3.4e+38 -3.4e+38 -3.4e+38 -3.4e+38 -3.4e+38 -3.4e+38 -3.4e+38 -3.4e+38 -3.4e+38 -3.4e+38 -3.4e+38 -3.4e+38 -3.4e+38 -3.4e+38 -3.4e+38 -3.4e+38 -3.4e+38 -3.4e+38 -3.4e+38 -3.4e+38 -3.4e+38 -3.4e+38 -3.4e+38 -3.4e+38
39.1247596740723 38.8728523254395 38.6652603149414 38.8585815429688 38.9723663330078 38.9561462402344 38.8829154968262 38.778938293457 38.4779090881348 38.0879287719727 38.1624717712402 37.6897773742676 38.0770988464355 38.2896575927734 38.2326431274414 38.1080741882324 37.9737167358398 37.8138236999512 37.6002159118652 37.4671821594238 37.3386650085449 37.1539840698242 -3.4e+38 -3.4e+38 -3.4e+38 -3.4e+38 -3.4e+38 -3.4e+38 -3.4e+38 -3.4e+38 -3.4e+38 -3.4e+38 -3.4e+38 -3.4e+38 -3.4e+38 -3.4e+38 -3.4e+38 -3.4e+38 -3.4e+38 -3.4e+38 -3.4e+38 -3.4e+38 -3.4e+38 -3.4e+38 -3.4e+38 -3.4e+38
39.0725402832031 38.4307403564453 37.7075462341309 38.8482208251953 38.9905090332031 38.9810943603516 38.9300575256348 38.860782623291 38.6473007202148 38.1338195800781 38.1756439208984 38.2578735351562 38.2880935668945 38.3754539489746 38.310302734375 38.1849937438965 38.072696685791 37.9504852294922 37.8030662536621 37.5790557861328 37.5105781555176 37.2855644226074 37.0030746459961 36.6542510986328 -3.4e+38 -3.4e+38 -3.4e+38 -3.4e+38 -3.4e+38 -3.4e+38 -3.4e+38 -3.4e+38 -3.4e+38 -3.4e+38 -3.4e+38 -3.4e+38 -3.4e+38 -3.4e+38 -3.4e+38 -3.4e+38 -3.4e+38 -3.4e+38 -3.4e+38 -3.4e+38 -3.4e+38 -3.4e+38
38.7232246398926 38.7612075805664 37.8303909301758 38.7586784362793 38.899772644043 38.9264831542969 38.9391746520996 38.8350639343262 38.7026786804199 38.403263092041 38.283031463623 38.041576385498 38.2982521057129 38.3713684082031 38.3566513061523 38.2358741760254 38.1549072265625 38.0628547668457 37.9133186340332 37.5706672668457 37.3706398010254 37.3082656860352 37.1913261413574 37.0626373291016 36.8502616882324 36.3604621887207 -3.4e+38 -3.4e+38 -3.4e+38 -3.4e+38 -3.4e+38 -3.4e+38 -3.4e+38 -3.4e+38 -3.4e+38 -3.4e+38 -3.4e+38 -3.4e+38 -3.4e+38 -3.4e+38 -3.4e+38 -3.4e+38 -3.4e+38 -3.4e+38 -3.4e+38 -3.4e+38
38.7266464233398 38.7330513000488 37.704719543457 37.8857269287109 38.5315818786621 38.930305480957 38.9625625610352 38.8237800598145 38.7749633789062 38.4911842346191 38.2138519287109 38.0266304016113 37.6775817871094 38.1779136657715 38.3531837463379 38.2450370788574 38.2413215637207 38.1697387695312 37.936092376709 37.2750816345215 36.804859161377 37.361888885498 37.3788909912109 37.2748908996582 36.9815330505371 36.6077346801758 -3.4e+38 -3.4e+38 -3.4e+38 -3.4e+38 -3.4e+38 -3.4e+38 -3.4e+38 -3.4e+38 -3.4e+38 -3.4e+38 -3.4e+38 -3.4e+38 -3.4e+38 -3.4e+38 -3.4e+38 -3.4e+38 -3.4e+38 -3.4e+38 -3.4e+38 -3.4e+38
38.0260734558105 38.6333503723145 37.3192367553711 36.7678680419922 38.2421913146973 39.0034103393555 38.9142036437988 38.8441505432129 38.7752304077148 38.4153442382812 37.6170845031738 37.310905456543 37.5637245178223 38.3093795776367 38.2028923034668 38.3031272888184 38.3137702941895 38.223274230957 38.1093940734863 37.539794921875 36.8904495239258 36.8958625793457 37.2757148742676 37.2645721435547 37.1689529418945 37.0002861022949 -3.4e+38 -3.4e+38 -3.4e+38 -3.4e+38 -3.4e+38 -3.4e+38 -3.4e+38 -3.4e+38 -3.4e+38 -3.4e+38 -3.4e+38 -3.4e+38 -3.4e+38 -3.4e+38 -3.4e+38 -3.4e+38 -3.4e+38 -3.4e+38 -3.4e+38 -3.4e+38
37.2743606567383 38.6273155212402 38.0843544006348 37.9970626831055 38.7906112670898 38.9865112304688 38.8095321655273 38.6953086853027 38.7959976196289 38.3724670410156 37.736644744873 37.7037010192871 38.2310981750488 38.3092002868652 37.5181007385254 38.2192192077637 38.2383308410645 38.2082977294922 38.2026214599609 37.9372138977051 37.5874443054199 37.3077621459961 37.4410171508789 37.1852569580078 37.3353881835938 37.2937049865723 37.1334266662598 36.8016700744629 -3.4e+38 -3.4e+38 -3.4e+38 -3.4e+38 -3.4e+38 -3.4e+38 -3.4e+38 -3.4e+38 -3.4e+38 -3.4e+38 -3.4e+38 -3.4e+38 -3.4e+38 -3.4e+38 -3.4e+38 -3.4e+38 -3.4e+38 -3.4e+38
36.5796966552734 38.6603240966797 39.0166358947754 38.8401336669922 37.9815635681152 38.18212890625 38.670295715332 38.7719306945801 38.8769683837891 38.6975975036621 38.3380088806152 37.9632148742676 37.9602394104004 38.1168518066406 37.7156715393066 38.258659362793 37.6333961486816 37.5690116882324 38.1230239868164 38.1933250427246 38.0222778320312 37.7554550170898 37.6233596801758 37.6198425292969 37.5517654418945 37.466121673584 37.2373313903809 37.0240707397461 36.6859931945801 36.1827354431152 36.1642532348633 -3.4e+38 -3.4e+38 -3.4e+38 -3.4e+38 -3.4e+38 -3.4e+38 -3.4e+38 -3.4e+38 -3.4e+38 -3.4e+38 -3.4e+38 -3.4e+38 -3.4e+38 -3.4e+38 -3.4e+38
36.5331420898438 38.2721138000488 39.0399169921875 38.9269905090332 38.1920013427734 36.9059982299805 38.0235595703125 38.8609275817871 38.8982772827148 38.7805595397949 38.6222229003906 38.3801422119141 38.3717498779297 38.2017784118652 37.7380409240723 37.6448974609375 37.2611618041992 37.8769416809082 38.1001510620117 38.1250076293945 38.1009063720703 37.7548675537109 37.390193939209 37.0842247009277 37.6160125732422 37.5868988037109 37.4241409301758 37.2289237976074 37.0702323913574 36.5432891845703 36.2692604064941 36.3601188659668 -3.4e+38 -3.4e+38 -3.4e+38 -3.4e+38 -3.4e+38 -3.4e+38 -3.4e+38 -3.4e+38 -3.4e+38 -3.4e+38 -3.4e+38 -3.4e+38 -3.4e+38 -3.4e+38
37.3451919555664 38.2922821044922 38.9452972412109 38.9184761047363 38.8763542175293 37.7028541564941 37.9296989440918 38.7998390197754 38.9216918945312 38.8005104064941 38.6062698364258 38.3706359863281 38.2428169250488 38.3081817626953 37.7259254455566 37.4363174438477 37.3424606323242 38.257640838623 38.0983657836914 37.8150100708008 38.1086044311523 38.0282402038574 37.830451965332 37.5066299438477 37.7934608459473 37.6856498718262 37.5108184814453 37.5030708312988 37.3079223632812 36.9614448547363 36.4116630554199 36.40087890625 -3.4e+38 -3.4e+38 -3.4e+38 -3.4e+38 -3.4e+38 -3.4e+38 -3.4e+38 -3.4e+38 -3.4e+38 -3.4e+38 -3.4e+38 -3.4e+38 -3.4e+38 -3.4e+38
36.5484352111816 38.1695442199707 38.4810104370117 38.2813186645508 38.5613708496094 38.7701530456543 38.4958114624023 38.8409080505371 38.9038162231445 38.7982788085938 38.6281280517578 38.4565887451172 38.2644195556641 38.5411224365234 38.386589050293 38.2738227844238 38.302375793457 38.4499702453613 38.4191398620605 37.9407234191895 37.5296401977539 38.0406455993652 38.15673828125 37.6983337402344 37.6706924438477 37.4986152648926 37.4312210083008 37.6275215148926 37.429370880127 37.1021690368652 -3.4e+38 -3.4e+38 -3.4e+38 -3.4e+38 -3.4e+38 -3.4e+38 -3.4e+38 -3.4e+38 -3.4e+38 -3.4e+38 -3.4e+38 -3.4e+38 -3.4e+38 -3.4e+38 -3.4e+38 -3.4e+38
35.9630546569824 36.8341751098633 37.1180114746094 36.8724327087402 37.7775077819824 38.3454055786133 38.6360397338867 38.8569068908691 38.8374404907227 38.7472610473633 38.5661773681641 38.3902473449707 38.2449493408203 38.7500228881836 38.7211036682129 38.5705795288086 38.554759979248 38.6065101623535 38.6161003112793 38.5087203979492 38.1683959960938 37.9497337341309 38.2338485717773 38.0414237976074 37.8033218383789 37.8482780456543 37.8220901489258 37.5468444824219 37.381217956543 37.1564292907715 -3.4e+38 -3.4e+38 -3.4e+38 -3.4e+38 -3.4e+38 -3.4e+38 -3.4e+38 -3.4e+38 -3.4e+38 -3.4e+38 -3.4e+38 -3.4e+38 -3.4e+38 -3.4e+38 -3.4e+38 -3.4e+38
35.9795417785645 35.0783767700195 34.5117797851562 34.6280899047852 36.575569152832 37.0647048950195 38.1440010070801 38.4417991638184 38.7004776000977 38.587703704834 38.3765525817871 38.6423263549805 38.627197265625 38.521656036377 38.8755035400391 38.8242034912109 38.749210357666 38.735107421875 38.7238845825195 38.6869621276855 38.6217803955078 38.5118408203125 38.3581657409668 38.2754516601562 37.9825782775879 37.9959144592285 37.9301910400391 37.6467781066895 37.3576469421387 37.1876945495605 36.9796333312988 36.6082153320312 -3.4e+38 -3.4e+38 -3.4e+38 -3.4e+38 -3.4e+38 -3.4e+38 -3.4e+38 -3.4e+38 -3.4e+38 -3.4e+38 -3.4e+38 -3.4e+38 -3.4e+38 -3.4e+38
36.0005531311035 35.2752723693848 34.4548187255859 33.9648971557617 34.5042724609375 35.264217376709 36.9960823059082 38.0747566223145 38.6987838745117 38.5336380004883 38.0781478881836 38.5875625610352 38.8507766723633 38.872917175293 38.8705444335938 38.8590049743652 38.8616638183594 38.8327331542969 38.7952995300293 38.7461891174316 38.6927375793457 38.5933113098145 38.4974250793457 38.392406463623 38.1544570922852 38.1305046081543 38.0058441162109 37.7824592590332 37.5193939208984 37.4015769958496 37.2889289855957 37.0956268310547 36.7424392700195 -3.4e+38 -3.4e+38 -3.4e+38 -3.4e+38 36.2188148498535 36.2317695617676 -3.4e+38 -3.4e+38 -3.4e+38 -3.4e+38 -3.4e+38 -3.4e+38 -3.4e+38
36.5582695007324 35.3730506896973 34.5629272460938 34.2160720825195 34.7096176147461 34.4858474731445 35.5620040893555 37.1432151794434 38.3181838989258 38.6368370056152 37.6608352661133 38.3882751464844 38.754093170166 38.3452301025391 38.403133392334 38.7280960083008 38.7983665466309 38.8408050537109 38.7767524719238 38.6457939147949 38.6522750854492 38.5645027160645 38.5371131896973 38.4625511169434 38.3632698059082 38.1971321105957 38.068489074707 37.9076232910156 37.7519607543945 37.6338157653809 37.558422088623 37.355884552002 36.9417762756348 -3.4e+38 -3.4e+38 -3.4e+38 -3.4e+38 36.3397750854492 36.2857360839844 36.3984107971191 36.3635559082031 36.2089080810547 -3.4e+38 -3.4e+38 -3.4e+38 -3.4e+38
36.5377159118652 35.3650436401367 34.6154479980469 35.0206184387207 34.821418762207 35.1899833679199 34.9435844421387 36.2471961975098 38.1762657165527 38.7954406738281 37.8772583007812 37.8302993774414 38.5236473083496 36.8874740600586 37.7643432617188 38.0727424621582 38.5300025939941 38.8364944458008 38.7983283996582 38.6980972290039 38.6696891784668 38.6077156066895 38.5865898132324 38.5128364562988 38.4231185913086 38.1720695495605 38.1153450012207 38.0236663818359 37.9409828186035 37.8660087585449 37.7336692810059 37.5300331115723 37.3024787902832 -3.4e+38 -3.4e+38 37.0015830993652 36.7430114746094 36.4437408447266 36.3292236328125 36.1465797424316 36.2306976318359 36.3800430297852 -3.4e+38 -3.4e+38 -3.4e+38 -3.4e+38
35.2854804992676 34.1257095336914 34.076789855957 35.2673110961914 35.5796966552734 35.4952735900879 35.092399597168 35.4211082458496 37.5470809936523 38.6594123840332 38.6503028869629 37.9171447753906 38.3549613952637 37.1428260803223 37.1390800476074 37.1708145141602 38.2963409423828 38.8496780395508 38.8382339477539 38.8280067443848 38.8053665161133 38.7147216796875 38.6455421447754 38.416618347168 38.3898315429688 38.2531127929688 38.2070960998535 38.1687889099121 38.1109924316406 37.999927520752 37.8735885620117 37.7173156738281 37.578441619873 -3.4e+38 37.3735466003418 37.3280143737793 37.2267990112305 -3.4e+38 36.4781646728516 -3.4e+38 36.21728515625 -3.4e+38 -3.4e+38 -3.4e+38 -3.4e+38 -3.4e+38
35.2671356201172 33.9196128845215 33.2387733459473 35.6534156799316 35.8438110351562 35.2447166442871 34.8704261779785 34.985969543457 36.4145050048828 38.4403877258301 38.5156631469727 38.1336822509766 38.223087310791 38.3036003112793 37.7101974487305 38.6383247375488 38.8130989074707 38.8794555664062 38.8886566162109 38.8554916381836 38.8297004699707 38.7579803466797 38.7015914916992 38.5992851257324 38.5601768493652 38.462474822998 38.3952369689941 38.326831817627 38.2041282653809 38.1416664123535 38.0423240661621 37.9257507324219 37.8274841308594 37.7307548522949 37.6669731140137 37.6303291320801 37.4355812072754 -3.4e+38 -3.4e+38 -3.4e+38 -3.4e+38 -3.4e+38 -3.4e+38 36.4297180175781 -3.4e+38 -3.4e+38
36.920295715332 36.6241111755371 34.6269302368164 36.0396537780762 34.6625633239746 34.6634407043457 35.0551567077637 35.330020904541 37.2047729492188 38.4249572753906 38.1463470458984 37.5976028442383 38.3406639099121 38.6770286560059 38.7472839355469 38.7698097229004 38.8519439697266 38.5606422424316 38.6722755432129 38.7895889282227 38.749755859375 38.7404594421387 38.7242736816406 38.674674987793 38.6254692077637 38.5503463745117 38.4940719604492 38.3509407043457 38.0427474975586 38.1169471740723 38.1633491516113 38.0960884094238 38.0243110656738 37.9284629821777 37.8746681213379 37.7688026428223 37.5919876098633 37.4238166809082 37.2718505859375 37.178409576416 37.1523895263672 37.0154418945312 36.6988143920898 36.4520874023438 -3.4e+38 -3.4e+38
37.0104293823242 36.2312622070312 36.8260917663574 36.6494522094727 35.3411712646484 35.3709869384766 34.9932899475098 35.1852035522461 37.0342292785645 38.1900901794434 38.5267906188965 38.3116569519043 38.5928840637207 38.825267791748 38.6997222900391 38.5528144836426 38.6991119384766 38.4505844116211 38.2933807373047 38.4248847961426 38.6849784851074 38.7034759521484 38.6997108459473 38.7069816589355 38.686206817627 38.6252174377441 38.5555038452148 38.3651504516602 38.1127815246582 38.2508087158203 38.2038993835449 38.2363166809082 38.1200637817383 38.0527420043945 37.9981307983398 37.8375930786133 37.7198715209961 37.6337661743164 37.5644645690918 37.5085601806641 37.4533081054688 37.2985763549805 36.8966064453125 36.4185943603516 36.4502716064453 -3.4e+38
