inst/extdata/Tmax/Tmax147.asc
NCOLS 100 
NROWS 79 
XLLCORNER 148.06 
YLLCORNER -21.49 
CELLSIZE 0.01 
NODATA_value -3.4e+38 
[rows 0 to 19 of 79, columns 0 to 45 of 100]
42.729946136474602 42.350284576416 41.354061126709 41.7254371643066 41.8665771484375 42.2966690063477 42.474250793457 42.6365661621094 42.5838317871094 42.3964691162109 41.9082336425781 41.6767883300781 41.5872001647949 40.3237762451172 40.8175163269043 41.2376899719238 41.601734161377 41.565071105957 40.7429885864258 40.0641441345215 39.913158416748 38.9382133483887 39.3780212402344 40.6688537597656 41.1677703857422 41.406192779541 41.2580871582031 41.3014373779297 40.9877853393555 40.6179809570312 39.7447128295898 37.8708457946777 39.1282081604004 39.0408096313477 37.8596343994141 36.7737464904785 36.6491394042969 36.2735595703125 37.0313606262207 38.8697853088379 40.3785057067871 40.6112403869629 41.3151245117188 41.6319580078125 41.7923774719238 41.9131622314453
42.5638275146484 41.9947547912598 41.196834564209 41.289665222168 40.6902160644531 41.6397361755371 42.2080154418945 42.5327987670898 42.6554183959961 42.5243072509766 42.1677322387695 41.8264808654785 41.9346351623535 41.5001907348633 41.3256416320801 41.2031402587891 41.5952339172363 41.621280670166 40.6085777282715 39.9959297180176 40.5292358398438 40.254337310791 40.137638092041 40.580322265625 41.0429191589355 41.2177352905273 41.4704360961914 41.4146957397461 41.197135925293 40.9797515869141 40.1378326416016 38.7040634155273 39.8914451599121 39.4713325500488 38.7858924865723 37.8325538635254 37.3827285766602 37.751148223877 38.8216972351074 39.949291229248 41.3982467651367 41.7754249572754 41.8980140686035 41.8904342651367 41.9377708435059 41.9733924865723
42.5564002990723 41.6807289123535 41.8018417358398 41.9312629699707 41.4477310180664 41.5661010742188 41.9701538085938 42.5532608032227 42.7298355102539 42.580192565918 42.2751159667969 42.1196517944336 42.0189628601074 41.9557228088379 41.6397094726562 41.4808197021484 41.6702880859375 41.8202705383301 41.2306098937988 41.0312080383301 40.8763580322266 40.5252494812012 40.285888671875 40.4073028564453 41.2586135864258 41.5203590393066 41.3310699462891 41.3070526123047 41.2986145019531 40.9829177856445 41.0327301025391 40.0272789001465 40.2695846557617 39.0111312866211 38.6979522705078 38.0653343200684 37.5369262695312 37.0586357116699 38.0900230407715 39.3081130981445 40.6871376037598 41.6528968811035 41.9715156555176 42.0329246520996 42.0084609985352 41.9576454162598
42.8179817199707 42.4231185913086 42.0660934448242 42.7138214111328 42.1659469604492 41.7120513916016 42.0922508239746 42.6789741516113 42.8453254699707 42.6948547363281 42.5352668762207 42.4723663330078 42.3548622131348 42.176872253418 41.7223968505859 41.5395393371582 41.8833465576172 41.9278945922852 41.6942825317383 41.2094116210938 40.87353515625 40.4668350219727 40.5447731018066 40.5038795471191 41.1020240783691 41.5376281738281 41.1434860229492 41.4118957519531 41.2202262878418 40.3773078918457 40.9398078918457 40.9955444335938 40.2367935180664 38.9489364624023 38.3687553405762 37.4936676025391 37.757495880127 37.2575073242188 37.1413688659668 36.650074005127 38.2204475402832 40.9235610961914 41.838794708252 42.0553817749023 41.7990455627441 41.6943588256836
43.4233474731445 42.8135528564453 42.5540618896484 42.9801177978516 42.7251205444336 42.034797668457 42.053279876709 42.7306671142578 42.8773498535156 42.4763145446777 42.4722557067871 42.66259765625 42.5232353210449 42.2240867614746 41.837760925293 41.9914512634277 42.0488967895508 41.7764053344727 41.293270111084 40.5239753723145 40.7131690979004 40.8719291687012 41.0017280578613 41.1987342834473 41.2006530761719 40.855297088623 41.5868339538574 41.1907653808594 41.0522232055664 40.5469207763672 40.9104385375977 40.710205078125 40.3921012878418 39.3747444152832 38.8371734619141 39.1648330688477 38.8297843933105 38.2694511413574 37.7261543273926 36.9822654724121 36.6287803649902 40.0926055908203 41.5834426879883 41.9979019165039 41.3140487670898 40.6055526733398
43.6005249023438 43.3112564086914 42.5635070800781 43.0183410644531 43.085578918457 42.6345596313477 42.3126564025879 42.7897987365723 42.9506950378418 42.6380004882812 42.5126609802246 42.7715835571289 42.5984535217285 42.3009452819824 41.6030540466309 42.1318778991699 42.0192375183105 41.5476455688477 40.9703330993652 40.5279960632324 40.6309051513672 40.8840484619141 41.2072906494141 41.2019729614258 41.5028305053711 41.3865242004395 41.4448623657227 40.6601715087891 40.6535530090332 39.524974822998 40.2917823791504 40.7716751098633 40.8667221069336 40.5262107849121 40.1625709533691 40.0962448120117 39.2143096923828 38.7031936645508 38.365119934082 37.538761138916 37.0307159423828 39.6875267028809 41.5048522949219 41.9917106628418 41.5020370483398 39.4345169067383
43.8185920715332 43.5164489746094 43.1143417358398 43.2866744995117 43.2253875732422 42.8176956176758 42.098461151123 42.6961784362793 42.8883209228516 43.0266571044922 42.9557266235352 42.768856048584 42.3094291687012 42.421516418457 42.3825302124023 42.224723815918 41.9948844909668 41.4038467407227 41.1754760742188 40.852840423584 40.233772277832 40.4385871887207 40.935417175293 41.3393630981445 41.7022094726562 41.620189666748 41.6155586242676 41.0549049377441 40.6764183044434 39.4128227233887 39.4212684631348 39.5343437194824 40.5391273498535 40.7128448486328 40.2373313903809 40.1234588623047 39.5159530639648 38.0647125244141 38.312915802002 37.8657341003418 37.7042465209961 39.5262336730957 41.3303718566895 41.7977066040039 41.5792541503906 39.9147033691406
43.8228187561035 43.6892776489258 43.3872222900391 43.410270690918 43.3591003417969 43.0686569213867 42.4168739318848 42.2748680114746 42.6067581176758 42.9670524597168 43.0751152038574 42.742244720459 42.0144500732422 42.2483177185059 42.4875335693359 41.7475357055664 41.6701354980469 40.853889465332 40.7725372314453 40.5194931030273 39.7948608398438 40.2935905456543 40.7599105834961 41.3492279052734 41.842586517334 41.8516082763672 41.3952026367188 40.9284820556641 40.7379112243652 39.9289131164551 38.5202522277832 38.8201446533203 39.1886711120605 39.8262557983398 40.2354621887207 39.6017189025879 39.6680030822754 38.7341346740723 37.694881439209 37.9927406311035 38.2144470214844 39.3912658691406 40.4591751098633 41.4847831726074 41.4355926513672 39.5926666259766
43.6059112548828 43.8148803710938 43.6427001953125 43.5831527709961 43.4349250793457 43.1635246276855 42.7513389587402 42.2379760742188 42.4243774414062 42.9767112731934 43.1381721496582 43.0586090087891 42.8289489746094 42.6615104675293 42.2671012878418 41.441650390625 41.6273384094238 41.3614692687988 41.5060958862305 40.5094947814941 40.5109596252441 40.3336906433105 40.4441337585449 41.1711769104004 41.7921752929688 41.9807434082031 40.9848022460938 40.0539283752441 40.1493949890137 40.0522727966309 39.4206047058105 38.809814453125 38.3560028076172 38.8546142578125 39.8353729248047 39.1867446899414 38.9245223999023 38.8762168884277 37.8828964233398 37.5552940368652 37.7867202758789 37.8778266906738 38.8511734008789 40.5273857116699 41.0056571960449 39.7242012023926
43.3097953796387 43.7302742004395 43.8033905029297 43.644962310791 43.4169120788574 43.2803955078125 43.0433387756348 42.5361709594727 42.170783996582 42.907356262207 43.1554412841797 42.7032470703125 41.9205894470215 41.9900779724121 42.0995483398438 42.0689468383789 42.0816345214844 41.9231872558594 41.6954460144043 41.3568687438965 41.0030174255371 40.2987060546875 40.662239074707 41.5587387084961 42.0341300964355 41.9223098754883 41.1519012451172 40.9870338439941 40.4443244934082 39.8941612243652 38.5442199707031 38.1366729736328 39.2880783081055 39.1399383544922 38.919563293457 38.669677734375 38.4237937927246 38.747501373291 38.167839050293 37.4028205871582 37.440990447998 36.8512306213379 37.7374534606934 38.9854316711426 39.3283576965332 38.6593780517578
42.968204498291 43.2900085449219 43.8360366821289 43.7260322570801 43.5765342712402 43.4799842834473 43.2528800964355 42.8440856933594 42.8212585449219 43.068531036377 43.2164535522461 42.7882957458496 42.4219779968262 41.6021270751953 41.7894554138184 42.1013374328613 42.2150382995605 42.4280319213867 41.9390983581543 41.721607208252 41.2848777770996 40.8695869445801 40.9500389099121 41.5615348815918 42.0249137878418 41.9220085144043 41.1583480834961 40.3578910827637 39.2721977233887 39.2737159729004 38.883056640625 38.8131942749023 39.7493209838867 39.476203918457 38.5035552978516 38.2372131347656 38.7391510009766 38.4317474365234 38.0322685241699 37.4665565490723 37.5267944335938 37.2439002990723 36.8967895507812 37.6509857177734 38.1150932312012 38.4617385864258
42.7993011474609 42.8522567749023 43.8142127990723 43.807804107666 43.7101860046387 43.5703086853027 43.3658256530762 42.9977722167969 43.0346870422363 43.3442840576172 43.2811546325684 43.0513801574707 42.6497459411621 42.1082572937012 41.993537902832 42.3236923217773 42.6377754211426 42.6275939941406 42.3429946899414 41.8400268554688 41.2862014770508 40.9086380004883 41.086669921875 41.2516326904297 41.4877433776855 41.8503646850586 40.7757911682129 39.9198989868164 39.2585372924805 39.523853302002 39.6007804870605 39.499870300293 39.9574508666992 39.3840637207031 39.1150436401367 39.0226821899414 38.5463371276855 37.9252624511719 38.4885673522949 38.7453231811523 38.2750205993652 37.7826805114746 37.250789642334 37.7159881591797 38.2913780212402 38.7320861816406
42.9811592102051 43.5108375549316 43.8072662353516 43.7592430114746 43.7659072875977 43.6573944091797 43.4874572753906 43.0756340026855 43.1651039123535 43.4940414428711 43.2760200500488 43.1816940307617 42.9449577331543 43.0187072753906 42.9088592529297 42.884033203125 42.8727416992188 42.787181854248 42.5419120788574 41.972339630127 41.6741256713867 41.8354339599609 42.1181831359863 42.3672332763672 42.2077445983887 41.7516098022461 41.5121612548828 40.9942054748535 40.5990867614746 40.4009590148926 40.4729995727539 40.2376556396484 40.1360015869141 39.5130462646484 38.9019241333008 38.4118041992188 37.8352661132812 39.031795501709 39.3497657775879 39.2952308654785 37.8431625366211 37.7520294189453 37.2590942382812 36.9817199707031 38.36962890625 38.9890098571777
43.5043144226074 43.7129516601562 43.7822875976562 43.6899948120117 43.7011566162109 43.7482566833496 43.6667747497559 43.5322685241699 43.3038177490234 43.4475631713867 43.4103050231934 43.3147659301758 43.172248840332 43.0579833984375 42.9385223388672 42.85107421875 42.9835014343262 42.8901901245117 42.7333908081055 42.609001159668 42.49609375 42.4385414123535 42.216869354248 42.3418655395508 41.8644676208496 40.762565612793 40.6847991943359 40.2432098388672 39.6386184692383 40.4890060424805 40.7927093505859 40.7385711669922 39.9294166564941 39.6016693115234 39.4745101928711 39.4161224365234 39.3835525512695 39.0478401184082 39.7303619384766 40.1044807434082 39.5483207702637 39.0418510437012 38.3547554016113 37.7659721374512 38.929256439209 39.4762535095215
42.6685180664062 43.2863502502441 43.757942199707 43.6791076660156 43.541202545166 43.6436882019043 43.5794639587402 43.3940391540527 42.935001373291 42.9833831787109 43.3403205871582 43.114330291748 42.5402565002441 42.7211303710938 42.9178352355957 42.3170471191406 42.7667236328125 42.9673194885254 42.9093055725098 42.8521041870117 42.7887535095215 42.3357620239258 41.6434059143066 42.0673332214355 41.8828582763672 41.5902099609375 41.4875259399414 41.1310729980469 40.7385787963867 41.0236511230469 40.9775009155273 40.6836700439453 40.2043838500977 40.4693298339844 40.4308967590332 39.4193382263184 40.0135459899902 39.102237701416 39.4570960998535 40.2829322814941 40.2646751403809 39.9740905761719 39.1713790893555 38.2776069641113 38.970703125 39.8010749816895
41.7059860229492 42.8166656494141 43.639274597168 43.7747840881348 43.6986427307129 43.6673622131348 43.5388259887695 43.4154396057129 43.1778793334961 42.6170883178711 42.1787605285645 42.9678840637207 42.0583190917969 41.719783782959 42.6714897155762 42.282154083252 42.2396125793457 42.7492752075195 42.7775001525879 42.7761878967285 42.7841835021973 42.7399940490723 42.5899963378906 42.3359756469727 41.8833656311035 41.4698638916016 41.4657897949219 41.4092025756836 41.348518371582 41.1528854370117 40.9717178344727 40.5227127075195 40.2282104492188 40.9166374206543 40.7876777648926 40.5027351379395 40.502124786377 39.8975524902344 39.5272483825684 40.2583198547363 40.4689178466797 39.7820243835449 38.4312286376953 37.2700538635254 37.7323608398438 39.6038360595703
42.8257484436035 42.6252937316895 43.2719268798828 43.4730262756348 43.7116203308105 43.6749038696289 43.5305709838867 43.3784370422363 43.2097282409668 42.8945198059082 42.1946754455566 42.6334266662598 41.495361328125 41.2300415039062 42.0480728149414 41.8930015563965 41.1346435546875 42.3247947692871 42.3180732727051 42.2967376708984 42.5711135864258 42.7240219116211 42.6186065673828 42.1639137268066 41.2716217041016 40.6595191955566 40.2275695800781 40.597297668457 41.1884918212891 40.5801849365234 40.3533935546875 39.5371284484863 40.2992973327637 41.1932601928711 41.0007133483887 40.7992095947266 40.8369026184082 40.3878746032715 40.0038681030273 40.310619354248 40.5275688171387 39.3292770385742 38.2811622619629 38.6239776611328 39.0079536437988 39.6465454101562
42.9685173034668 43.3273849487305 43.4161758422852 43.4290771484375 43.5784683227539 43.6365966796875 43.552921295166 43.4610443115234 43.2926902770996 42.8007431030273 42.3766441345215 41.9549713134766 41.5213508605957 41.1356048583984 41.6951904296875 41.5447998046875 41.5523910522461 41.370044708252 41.1020011901855 41.085823059082 42.3150405883789 42.5866470336914 42.5647468566895 42.4523468017578 41.8299827575684 40.6201705932617 39.1215057373047 40.0084609985352 40.8627624511719 39.8669662475586 40.2702102661133 40.8700752258301 41.1800918579102 41.4671897888184 41.3780326843262 41.1731719970703 40.6640548706055 39.8005523681641 40.2835350036621 40.5279502868652 40.8656997680664 40.4882774353027 40.344841003418 40.3283081054688 40.2843360900879 39.7035751342773
43.2566337585449 43.2213516235352 43.0674362182617 43.1763000488281 43.6559753417969 43.542839050293 43.5420799255371 43.5234146118164 43.4238510131836 43.0494117736816 41.8662986755371 41.9455871582031 41.4866104125977 40.295223236084 41.0807456970215 40.8391876220703 40.6417808532715 39.9217224121094 40.8086776733398 41.2031097412109 42.351016998291 42.3629112243652 42.5063285827637 42.6146697998047 41.7252426147461 40.6123695373535 39.3819885253906 40.2155532836914 40.8595428466797 40.348331451416 40.8668327331543 41.3143501281738 41.7106285095215 41.7184448242188 41.2681198120117 41.0024032592773 40.6167221069336 40.3434829711914 40.8929672241211 40.986026763916 41.0317764282227 40.9315605163574 40.8170356750488 40.1548347473145 39.2863349914551 39.2554016113281
43.4211311340332 43.3885192871094 43.3722686767578 43.2220611572266 43.6819458007812 43.6791000366211 43.5991439819336 43.538890838623 43.4660339355469 43.3593940734863 43.0148048400879 42.2201232910156 41.3382835388184 40.0875473022461 40.4299583435059 40.3937721252441 39.9147796630859 40.229076385498 40.4961891174316 41.5768165588379 42.3896064758301 41.9425964355469 42.6679267883301 42.5094337463379 41.8988761901855 41.6509742736816 40.5262145996094 40.6493530273438 41.0136985778809 40.8369331359863 41.4666366577148 41.4215660095215 41.8753433227539 41.8048629760742 41.6541328430176 41.4061470031738 40.535572052002 40.714729309082 40.987922668457 40.9873504638672 41.0272674560547 40.8670883178711 40.8023452758789 40.2832489013672 40.2136154174805 40.0880012512207
