inst/extdata/Tmax/Tmax145.asc
NCOLS 100 
NROWS 79 
XLLCORNER 148.06 
YLLCORNER -21.49 
CELLSIZE 0.01 
NODATA_value -3.4e+38 
[rows 20 to 39 of 79, columns 46 to 91 of 100]
28.4971885681152 26.7809371948242 26.9763450622559 28.3302574157715 28.0665245056152 27.506950378418 27.222053527832 26.0584754943848 27.838565826416 29.5029106140137 30.7389221191406 30.2360038757324 30.2246017456055 30.9419803619385 30.5680122375488 30.2863502502441 30.6180191040039 31.2692928314209 31.4581680297852 31.4755535125732 31.4254112243652 31.3083381652832 31.6429920196533 31.7463893890381 31.7009525299072 31.6278648376465 31.5224361419678 31.5699787139893 31.5414409637451 31.1871433258057 31.2738552093506 31.577615737915 31.4731712341309 31.1795215606689 31.1901626586914 31.1693725585938 31.0857429504395 31.087272644043 31.0794143676758 31.0585117340088 30.9896659851074 30.80517578125 30.1599235534668 30.0137176513672 30.2557487487793 30.2640419006348
28.7829055786133 26.760856628418 25.596492767334 27.275951385498 27.1323547363281 26.5895442962646 27.4246006011963 25.5571689605713 26.7732162475586 28.9350070953369 30.4247207641602 28.9277935028076 28.1986351013184 30.3002109527588 28.9675960540771 28.5807304382324 29.5922775268555 31.0956287384033 31.1186771392822 31.6018886566162 31.7307052612305 31.7393550872803 31.5200653076172 31.1516704559326 31.1564884185791 31.2524166107178 31.4463157653809 31.4249362945557 31.3347797393799 31.2555198669434 31.6007461547852 31.661808013916 31.6056022644043 31.2091064453125 31.3083591461182 31.2726230621338 31.1368312835693 31.1560325622559 31.1696491241455 31.1770839691162 31.0438652038574 30.9217758178711 30.706184387207 30.488655090332 30.3437042236328 30.3461894989014
29.3792953491211 28.8922386169434 27.0277442932129 26.379524230957 25.8989448547363 27.0172958374023 26.4226589202881 26.6563892364502 26.0456504821777 26.9532871246338 29.3648719787598 29.8437995910645 28.1138610839844 28.5888214111328 28.207010269165 28.8794918060303 30.1086463928223 30.5821647644043 29.0626335144043 30.5311756134033 31.4585552215576 31.550609588623 30.8782329559326 29.9549217224121 30.6498279571533 30.6519584655762 31.3297023773193 31.5534267425537 31.2250270843506 31.4681053161621 31.6720390319824 31.7293663024902 31.7326698303223 31.6665458679199 31.5536422729492 31.3636569976807 31.1670665740967 31.0300140380859 31.1211776733398 31.2384872436523 31.1271095275879 31.0570869445801 30.7655029296875 30.6382102966309 30.4992599487305 30.6683292388916
28.7613182067871 28.5876903533936 27.966121673584 27.168586730957 25.6931400299072 26.4165019989014 27.0422382354736 27.2241477966309 26.9659633636475 26.5087699890137 27.8220195770264 27.8008689880371 28.8546714782715 27.0100746154785 27.9420719146729 29.692195892334 29.6782379150391 30.1251602172852 28.5891952514648 30.9614448547363 31.8452205657959 31.7313232421875 30.6812782287598 29.1623039245605 30.5816383361816 30.7959442138672 30.9253883361816 31.4601554870605 31.6915874481201 31.7691593170166 31.8007793426514 31.8380889892578 31.8170127868652 31.7244777679443 31.6181697845459 31.4556903839111 30.9906578063965 30.6077518463135 30.7773056030273 31.0975246429443 31.0827693939209 31.1539707183838 30.8759250640869 30.8578624725342 30.5879554748535 30.6350116729736
26.832067489624 28.1381950378418 28.4774951934814 28.2257843017578 27.1984767913818 26.5647735595703 26.5558338165283 26.2295436859131 27.1055946350098 26.5530185699463 26.5467205047607 26.0652198791504 28.0223598480225 29.0335865020752 28.1037902832031 29.344856262207 30.251708984375 30.9301109313965 30.5947914123535 31.7604598999023 31.7791080474854 31.6242713928223 30.8612976074219 29.9239826202393 30.8353614807129 31.1825618743896 30.8518218994141 30.9729194641113 31.1067409515381 31.679027557373 31.5108509063721 31.8887577056885 31.758768081665 31.7273578643799 31.64089012146 31.2727527618408 31.1836166381836 30.5411472320557 30.2287216186523 30.777853012085 30.9518260955811 31.0746688842773 30.8931274414062 30.9736824035645 31.0551204681396 30.9018306732178
25.346851348877 26.3477077484131 27.6781902313232 27.586576461792 26.7269115447998 25.9628353118896 25.5580978393555 24.9636821746826 26.1677265167236 26.7856712341309 26.250883102417 26.4765472412109 27.8996086120605 30.1516628265381 29.5850124359131 29.7003860473633 29.896354675293 31.4837913513184 31.6074981689453 31.6068382263184 31.6127586364746 31.2721939086914 29.8729686737061 29.951286315918 30.086483001709 30.8392581939697 30.5425643920898 29.8481864929199 30.5828895568848 31.7802257537842 31.7314319610596 31.8772163391113 31.8443832397461 31.8249015808105 31.6853218078613 31.5307102203369 31.5627689361572 30.8976535797119 30.321174621582 30.7151012420654 30.3760871887207 30.5418739318848 30.23193359375 30.9901847839355 31.0580921173096 31.0365543365479
25.229248046875 25.0601863861084 25.7873420715332 26.4337043762207 27.1242065429688 24.8343658447266 24.5489597320557 25.4038677215576 25.91455078125 26.6644248962402 26.6826229095459 27.0928611755371 29.0320854187012 30.0965061187744 30.6807384490967 30.8943939208984 31.0687408447266 31.6549530029297 31.2600059509277 31.0844650268555 31.1372356414795 30.6482906341553 30.8763637542725 31.1965465545654 31.2207698822021 30.5516338348389 30.0820751190186 31.1321086883545 31.4361686706543 31.4017658233643 30.7867965698242 31.5557899475098 31.7468814849854 31.8529891967773 31.8513507843018 31.7665710449219 31.4123935699463 31.052453994751 31.1548805236816 30.8941116333008 30.7700958251953 30.1537132263184 30.7211055755615 30.9716320037842 30.8813247680664 30.7679424285889
25.4177780151367 24.8830337524414 25.1923770904541 25.43922996521 25.9942245483398 24.2532825469971 23.9509029388428 24.3796119689941 25.7161178588867 26.4781913757324 25.9455146789551 26.5311470031738 27.4402141571045 28.7850856781006 30.4543533325195 30.1014556884766 31.3652687072754 31.6591339111328 30.8801956176758 30.0503616333008 30.8023109436035 31.0445575714111 31.4225387573242 31.6948394775391 31.8310279846191 31.3811779022217 31.3914928436279 31.8036098480225 31.8876838684082 31.1052055358887 30.6170520782471 31.2516059875488 31.3897075653076 31.8651695251465 31.9282855987549 31.880578994751 31.7246074676514 31.4999122619629 31.0635223388672 30.1940174102783 29.9426460266113 29.8089809417725 29.8651809692383 30.6479263305664 30.7091999053955 31.1568088531494
26.3246402740479 25.8728351593018 26.6460552215576 26.4802932739258 26.0700168609619 24.619592666626 25.423864364624 25.1501007080078 25.4627323150635 26.0674285888672 25.7776184082031 26.0566062927246 26.1885948181152 28.5368766784668 29.9970970153809 29.201623916626 30.9302616119385 31.2765502929688 30.9410209655762 29.672420501709 29.9977245330811 31.2636260986328 31.7279586791992 31.88258934021 31.919979095459 31.8303050994873 31.860164642334 31.9996776580811 31.585693359375 30.7967338562012 30.6583385467529 31.4278106689453 31.908519744873 31.9620590209961 31.964729309082 31.9545230865479 31.9179096221924 31.7796096801758 31.5162086486816 30.2410449981689 29.5826835632324 28.6596088409424 29.7964420318604 29.7926063537598 30.8238563537598 31.2440204620361
27.9848117828369 27.8226337432861 27.2176170349121 27.1497116088867 26.6057910919189 26.0980110168457 25.7883014678955 24.750114440918 25.4120578765869 24.8812580108643 24.3712196350098 25.735107421875 26.0782928466797 28.0140914916992 29.1925888061523 28.3458919525146 29.2077732086182 30.1295757293701 30.7844505310059 30.6576385498047 30.1581249237061 31.2818584442139 31.8234481811523 31.6162128448486 31.6007480621338 31.2686767578125 31.7458572387695 32.0294227600098 31.0078754425049 30.0505218505859 30.8199882507324 31.4797058105469 31.8837203979492 31.9848480224609 32.0100936889648 31.9679336547852 31.9573822021484 31.8686084747314 31.6740818023682 31.2549591064453 30.5041046142578 29.9444980621338 29.4581718444824 29.2453594207764 30.2602767944336 30.8297061920166
26.8566837310791 26.8558406829834 26.8824291229248 26.5085296630859 26.0067024230957 26.2387638092041 25.3092746734619 24.766695022583 24.2224197387695 24.3092479705811 23.6867332458496 24.6408309936523 24.6272468566895 26.9067039489746 27.989574432373 26.7543163299561 27.2984867095947 29.1922016143799 30.7380561828613 31.3806056976318 30.8507862091064 31.5562229156494 31.8014507293701 31.3662357330322 31.3584651947021 31.5215759277344 32.0503273010254 32.0355224609375 31.4381618499756 30.6973648071289 31.1335926055908 31.4599380493164 31.9495410919189 31.9878196716309 31.947078704834 31.9316501617432 31.9412078857422 31.8698616027832 31.8006477355957 31.5901012420654 31.3249835968018 30.7160358428955 30.2870273590088 30.2483692169189 30.5111999511719 30.9891719818115
26.0988216400146 26.3690567016602 26.247859954834 26.1970119476318 25.2576847076416 26.0868282318115 25.0843696594238 23.7676525115967 23.1294250488281 23.5330410003662 23.1837692260742 23.8938217163086 24.7121315002441 26.6296348571777 26.9391441345215 26.5622215270996 28.9525833129883 30.0944442749023 30.9716186523438 31.5300426483154 31.8583221435547 31.9357948303223 31.8854846954346 31.7985706329346 31.5654792785645 31.9153003692627 32.0690383911133 31.9532947540283 31.5414218902588 30.8230609893799 30.9376373291016 31.6101398468018 31.8613796234131 31.3505020141602 31.7787914276123 31.9234313964844 31.910623550415 31.8809909820557 31.8420543670654 31.7294807434082 31.4141960144043 30.5623340606689 30.9571132659912 31.0124340057373 30.9159889221191 30.8475914001465
25.3877849578857 25.7012405395508 25.531379699707 25.8112239837646 25.8989734649658 25.9023380279541 25.5084266662598 24.3337898254395 24.4283504486084 24.5301609039307 23.4561309814453 23.2400360107422 24.2359580993652 26.5576667785645 27.083667755127 27.6082077026367 27.7089157104492 28.7487258911133 30.9310531616211 31.6166591644287 31.8515758514404 31.8130779266357 31.6580467224121 31.6174869537354 31.8063125610352 31.9163665771484 31.9010944366455 31.4731044769287 30.4108448028564 30.6275119781494 31.0156726837158 31.9314098358154 31.6403961181641 31.0084438323975 31.7970485687256 31.737174987793 31.780179977417 31.8521537780762 31.7544841766357 31.4459896087646 30.7926750183105 29.3243446350098 29.0317707061768 30.268913269043 30.6960945129395 31.0460872650146
26.1126518249512 25.6020011901855 25.4289016723633 25.6001586914062 25.7395706176758 25.6469650268555 25.1662921905518 24.762321472168 25.3662204742432 24.6335010528564 24.4874725341797 24.4700241088867 25.2936267852783 26.4703063964844 26.626392364502 27.3772315979004 28.5401077270508 29.9253101348877 31.0168876647949 31.5054931640625 31.9016876220703 31.8907279968262 31.3438987731934 31.0340042114258 31.3101863861084 31.1714210510254 31.3050746917725 31.5118522644043 31.4032325744629 31.4002285003662 31.763671875 32.079475402832 31.3906745910645 31.3068504333496 31.9674243927002 31.4160900115967 31.5821876525879 31.5471839904785 31.6425609588623 31.3162708282471 29.6812915802002 28.8203010559082 28.1268539428711 30.2488956451416 30.9057064056396 30.716136932373
26.5646896362305 25.2885246276855 25.2341537475586 25.3485794067383 25.4904289245605 25.344596862793 25.361873626709 25.936954498291 25.5547428131104 24.7483024597168 25.9336223602295 26.4052429199219 26.5903987884521 25.9349708557129 25.9526405334473 27.0345916748047 28.4791698455811 30.0972633361816 30.2290420532227 31.1797924041748 31.7219524383545 31.7628479003906 31.2390232086182 30.9804859161377 30.0797061920166 30.7570304870605 31.3680610656738 31.558765411377 31.8414726257324 31.8683204650879 32.0801010131836 32.0294151306152 32.0058860778809 32.0518035888672 32.0149307250977 31.7568225860596 30.6980781555176 31.3983421325684 31.6248149871826 31.5806293487549 31.5449275970459 30.1090965270996 29.9354305267334 31.4509029388428 31.7681827545166 31.7478656768799
26.6261100769043 25.5697288513184 25.2035980224609 25.121826171875 25.3401222229004 25.1431713104248 25.8505058288574 27.5602054595947 26.6438007354736 25.9204406738281 27.8537769317627 28.5347061157227 28.1332836151123 26.0935306549072 26.5098628997803 26.6196975708008 28.779748916626 28.8832397460938 28.7511959075928 29.87087059021 31.2288990020752 31.5118637084961 31.1581230163574 31.1684665679932 31.0375652313232 30.671422958374 30.776798248291 30.9645099639893 31.7701416015625 31.746919631958 31.8539180755615 31.6536960601807 31.8974227905273 32.0788040161133 31.7678813934326 31.7601356506348 31.0112400054932 31.1705627441406 31.4936714172363 31.3219451904297 31.8029289245605 31.8172397613525 31.719482421875 31.7778015136719 31.9101638793945 31.7808208465576
26.3303298950195 25.6328926086426 25.4049911499023 25.592830657959 25.5184669494629 25.6169872283936 26.0600490570068 28.2714462280273 28.4531688690186 27.0617809295654 29.1334056854248 30.3039150238037 29.4608459472656 28.0461978912354 27.9602470397949 28.7055110931396 29.5490016937256 30.1269264221191 30.5264530181885 30.9066734313965 31.1786327362061 30.8911895751953 29.3308010101318 29.689094543457 30.3348693847656 29.9147987365723 30.1871891021729 31.1983661651611 31.6483573913574 31.896333694458 30.6763973236084 30.6704711914062 31.6294689178467 31.9836158752441 31.453763961792 31.4995613098145 30.596996307373 31.2108745574951 31.4559783935547 31.3038158416748 31.8410148620605 31.9472579956055 31.9859180450439 31.9938259124756 31.942066192627 31.5994625091553
26.3600006103516 25.9290618896484 25.8776931762695 26.0328521728516 26.2298927307129 26.37282371521 27.2176208496094 28.996431350708 28.8656711578369 28.3656005859375 29.9583110809326 31.3065814971924 30.3514137268066 29.000617980957 28.3646697998047 30.4624137878418 30.9098701477051 31.1752529144287 31.4319705963135 31.4803524017334 31.0105590820312 30.7218723297119 30.8661251068115 30.235746383667 30.6479606628418 31.2178077697754 31.4848041534424 31.5918884277344 31.8484535217285 31.7831020355225 29.9150276184082 30.782039642334 31.7711944580078 31.6975154876709 31.2192573547363 31.1852016448975 31.0152816772461 31.6150226593018 31.6608028411865 31.6831932067871 31.663948059082 31.8606472015381 31.9266624450684 31.9495887756348 31.8777503967285 31.8346691131592
26.3154621124268 25.9981174468994 26.5681648254395 27.3595371246338 27.470178604126 27.9545230865479 29.0695209503174 29.6951808929443 29.0580768585205 29.4782447814941 31.2137088775635 31.8356876373291 31.2063808441162 30.0075149536133 29.1135120391846 30.4044055938721 30.4228229522705 30.7958068847656 31.6825981140137 31.934513092041 31.5980319976807 31.2198600769043 31.6331901550293 31.4254875183105 31.2906074523926 31.8547477722168 31.7532348632812 31.6747856140137 31.9875259399414 31.7421569824219 31.0386486053467 31.6041641235352 31.821569442749 31.4854869842529 30.4091968536377 30.3753299713135 30.7725410461426 31.6261234283447 31.304256439209 31.2927875518799 31.3305854797363 31.675594329834 31.6660308837891 31.7476654052734 31.5934600830078 31.7555179595947
26.3725299835205 26.5648517608643 27.7578258514404 28.5275344848633 29.2425193786621 30.2176189422607 31.0106964111328 30.1974124908447 28.1600131988525 28.7933540344238 30.5571708679199 31.8744297027588 31.3878059387207 31.0086631774902 29.9516773223877 31.1495780944824 31.3472099304199 30.6366882324219 31.5744132995605 31.9962348937988 31.9476718902588 31.4566440582275 31.8656253814697 32.0021286010742 31.8397102355957 31.9594783782959 31.7597961425781 30.8889465332031 31.8421325683594 32.020866394043 31.9359970092773 31.825023651123 31.4731464385986 31.0926933288574 30.1161727905273 30.1961669921875 31.0990543365479 31.0369834899902 30.8826808929443 30.6760215759277 30.8597984313965 31.2268600463867 31.0124969482422 31.4395408630371 30.9163017272949 31.3767356872559
