inst/extdata/Tmax/Tmax99.asc
NCOLS 100 
NROWS 79 
XLLCORNER 148.06 
YLLCORNER -21.49 
CELLSIZE 0.01 
NODATA_value -3.4e+38 
[rows 40 to 59 of 79, columns 46 to 91 of 100]
32.1206817626953 33.1843338012695 33.6558074951172 34.622974395752 36.3738288879395 37.4494667053223 36.9499855041504 34.9174003601074 34.5321464538574 35.2758407592773 35.8434104919434 37.7350044250488 37.3355751037598 37.5813941955566 36.6964683532715 37.7988357543945 38.0130271911621 37.7156448364258 37.8353157043457 37.9547004699707 37.9872245788574 37.0008811950684 37.4305992126465 37.7826766967773 37.8884696960449 37.9583854675293 37.8631591796875 37.4707412719727 37.6739349365234 37.8857116699219 37.8566055297852 37.6921653747559 37.357608795166 36.0519256591797 36.345085144043 37.0594596862793 36.9671173095703 36.8723831176758 37.1238479614258 36.5550727844238 35.8015556335449 36.2961921691895 36.6234893798828 36.4155197143555 36.6883010864258 36.7400245666504
33.5417938232422 34.8173828125 34.7404365539551 34.7062835693359 36.404052734375 37.7510948181152 36.5356788635254 36.121940612793 36.7738304138184 36.8759765625 37.2781982421875 38.0427665710449 37.9304313659668 37.9594039916992 37.8126564025879 38.1570663452148 38.2105522155762 38.1504516601562 38.1149749755859 38.1478385925293 38.145751953125 37.5999221801758 36.8713798522949 37.2597351074219 37.1869850158691 37.713020324707 38.0437965393066 37.5553207397461 37.5479698181152 37.9594459533691 38.0031471252441 37.9115371704102 37.7400169372559 37.1107749938965 37.3645057678223 37.4065093994141 37.1882667541504 37.1831169128418 37.2902641296387 37.4188003540039 36.4281539916992 36.6626319885254 37.2914428710938 37.0898246765137 37.2260208129883 37.1697425842285
36.1340408325195 36.3374404907227 36.5438423156738 37.0707778930664 37.4381446838379 37.975944519043 37.5225677490234 36.9600868225098 37.5259704589844 37.9696235656738 37.8888092041016 38.2378349304199 38.2853393554688 38.2114486694336 38.1926155090332 38.2924728393555 38.3147087097168 38.2997512817383 38.2758522033691 38.2740364074707 38.1970672607422 37.2210083007812 37.0210647583008 37.554744720459 37.0205612182617 37.4996147155762 37.9669914245605 37.8685684204102 37.8125915527344 38.0778465270996 38.1083984375 38.0933494567871 38.0525741577148 37.934627532959 37.8317794799805 37.4897270202637 36.5464935302734 37.1621742248535 37.7114715576172 37.7032012939453 37.565128326416 37.5023384094238 37.6203804016113 37.6525192260742 37.6900100708008 37.6369018554688
37.4483909606934 37.481014251709 37.6328048706055 37.8000869750977 38.0638999938965 38.1656646728516 38.0762138366699 37.8366012573242 38.0321350097656 38.2765045166016 38.2851715087891 38.3489570617676 38.3364028930664 38.3070411682129 38.3380165100098 38.3174705505371 38.2583847045898 38.2423934936523 38.2852096557617 38.3248672485352 38.2945137023926 38.0446815490723 37.7884101867676 37.9778289794922 37.8447914123535 37.3861885070801 37.6906814575195 37.9749794006348 38.1364822387695 38.1603050231934 38.1630401611328 38.1451988220215 38.1144866943359 38.070629119873 38.0625686645508 37.9074745178223 37.4113845825195 37.7307357788086 37.9131546020508 37.8930587768555 37.8519973754883 37.8456764221191 37.8270225524902 37.8397026062012 37.8411331176758 37.8112411499023
37.2474632263184 37.5494194030762 37.8432731628418 37.862434387207 37.9328918457031 38.0816078186035 38.1371765136719 38.221794128418 38.2619705200195 38.211540222168 37.9976043701172 38.1239128112793 38.0526962280273 37.785457611084 37.9888572692871 38.138988494873 38.0286598205566 38.1546020507812 38.2611770629883 38.319034576416 38.3481369018555 38.2096633911133 37.8885269165039 37.6261520385742 37.8668632507324 38.0492706298828 38.101806640625 38.147891998291 38.1568145751953 38.1908798217773 38.1790199279785 38.1577453613281 38.1120643615723 38.0687484741211 38.0953826904297 38.0306701660156 38.0062294006348 37.9979019165039 37.9355392456055 37.9324264526367 37.9014472961426 37.8839263916016 37.883056640625 37.8653450012207 37.7645950317383 37.7958679199219
35.2823791503906 36.1491241455078 36.6223754882812 36.8689651489258 37.2814865112305 37.6601867675781 37.601188659668 37.8275718688965 37.8354721069336 37.6705932617188 36.8529663085938 36.8799171447754 36.9749069213867 35.378288269043 36.4214057922363 37.2569427490234 37.8510932922363 38.2120094299316 38.3131141662598 38.344123840332 38.3649253845215 38.1765480041504 37.7255249023438 37.3444976806641 37.633186340332 37.9120559692383 38.0500259399414 38.0379867553711 38.1066207885742 38.1808204650879 38.1890106201172 38.1748275756836 38.1523551940918 38.1406593322754 38.1040649414062 37.9990463256836 37.9849624633789 37.9737815856934 37.9404106140137 37.928466796875 37.892017364502 37.8793563842773 37.8650588989258 37.8089179992676 37.7982978820801 37.8261642456055
32.641487121582 34.0570678710938 33.9649963378906 33.9443740844727 35.4112548828125 36.0111885070801 36.1440010070801 36.4417762756348 36.9480743408203 36.2856903076172 35.5640182495117 34.9477691650391 35.6818351745605 35.5542678833008 36.0478591918945 37.3034477233887 38.0434074401855 38.2514572143555 38.2928733825684 38.2771339416504 38.3399963378906 38.3515090942383 37.9147033691406 37.5514259338379 37.4374961853027 37.7265472412109 37.9487419128418 38.0690650939941 38.1759719848633 38.1949424743652 38.2201156616211 38.2168045043945 38.2053298950195 38.1710510253906 38.0848846435547 38.0177803039551 38.0096168518066 38.0020408630371 37.9838447570801 37.9653091430664 37.928466796875 37.9205589294434 37.9137077331543 37.8763999938965 37.8653678894043 37.7560348510742
32.7765159606934 32.7143173217773 32.5127182006836 32.6134872436523 32.5616455078125 33.448600769043 34.8355827331543 35.5697250366211 35.780029296875 35.6537170410156 36.2425575256348 36.0708618164062 35.9074440002441 36.5481033325195 36.8754577636719 37.8209915161133 38.1005058288574 38.136302947998 38.0760307312012 38.2099952697754 38.3488655090332 38.3976211547852 38.2504425048828 37.9290390014648 37.4941253662109 37.7793884277344 37.985466003418 38.1571464538574 38.2310180664062 38.2689590454102 38.2846031188965 38.2547035217285 38.1852416992188 38.1057243347168 38.0398139953613 38.0090217590332 38.0196533203125 38.0330924987793 38.0206336975098 38.0033874511719 37.9813346862793 37.9807586669922 37.9707260131836 37.9454650878906 37.7373924255371 37.5209846496582
32.3219528198242 32.4520530700684 32.7220306396484 32.4169998168945 32.3273277282715 32.4650115966797 33.4418258666992 35.2699089050293 35.8704223632812 36.0753593444824 35.90380859375 36.1180114746094 36.4461402893066 36.7710380554199 36.8436164855957 37.4233207702637 37.8364181518555 37.8428764343262 37.8420448303223 38.166934967041 38.2928199768066 38.3058929443359 38.3978881835938 38.3134231567383 38.1950836181641 38.1604804992676 38.253303527832 38.3244132995605 38.3317756652832 38.3339004516602 38.3102226257324 38.2301597595215 38.1417922973633 38.005313873291 37.9618682861328 38.017520904541 38.0265579223633 38.0443725585938 38.0603485107422 38.0439224243164 38.038631439209 38.0355682373047 38.0178108215332 38.0014457702637 37.8374214172363 37.6981506347656
32.3974227905273 32.6116714477539 32.656852722168 32.3010673522949 32.8759231567383 33.8415451049805 33.9676513671875 35.3632736206055 35.8988418579102 36.1339454650879 35.9373054504395 36.4667282104492 36.7792854309082 36.7939338684082 36.9016189575195 36.7992324829102 36.9136581420898 37.1724243164062 37.577693939209 37.960636138916 38.0771255493164 38.0898132324219 38.3479156494141 38.4013366699219 38.4213790893555 38.3984031677246 38.3727912902832 38.1965293884277 38.2625694274902 38.3339385986328 38.2992248535156 38.1709747314453 38.1257705688477 37.9233016967773 37.8552856445312 38.039981842041 38.0413475036621 38.0238876342773 38.0858879089355 38.0930023193359 38.0697937011719 38.0750312805176 38.0594024658203 38.0252227783203 37.9446678161621 37.8708839416504
32.4287872314453 32.3097877502441 32.576244354248 32.2648391723633 33.0218925476074 34.2828521728516 34.6789894104004 35.3390159606934 36.1273651123047 36.6288375854492 36.6572074890137 36.7999534606934 36.8897132873535 36.9330368041992 36.9309387207031 36.880859375 36.9626846313477 36.682315826416 36.3147659301758 37.5485725402832 37.4409942626953 37.9047164916992 38.2610397338867 38.3288345336914 38.3857345581055 38.3690948486328 38.2951011657715 38.0667953491211 38.2241973876953 38.3331680297852 38.1671981811523 37.9845695495605 38.0022010803223 37.9824142456055 38.0171203613281 38.1000175476074 38.1086158752441 38.0945053100586 38.0937919616699 38.1306190490723 38.1253051757812 38.1055297851562 38.07666015625 38.0379829406738 37.9910850524902 37.8980674743652
31.9218273162842 31.9076366424561 32.3631248474121 31.6564388275146 31.8462963104248 34.1469459533691 35.0093688964844 35.7228965759277 36.1088905334473 36.4313201904297 36.5080223083496 36.5260009765625 36.3219604492188 36.334846496582 36.6379013061523 36.7889442443848 37.1626167297363 37.0934028625488 36.9025001525879 36.956714630127 36.8001022338867 37.647346496582 38.0878677368164 38.2783279418945 38.2912063598633 38.3079071044922 37.9417419433594 37.5560188293457 38.1958503723145 38.3374633789062 38.0531616210938 37.7300415039062 37.99658203125 38.0501518249512 38.0834121704102 38.0493240356445 38.0480003356934 38.053539276123 38.0780906677246 38.0674934387207 38.072826385498 38.104419708252 38.0878372192383 38.0523719787598 38.0096969604492 37.9377593994141
31.4981842041016 31.3465175628662 31.9042129516602 31.7793960571289 31.8967571258545 33.0724296569824 34.242561340332 34.9938430786133 35.5439414978027 35.9582099914551 35.9108810424805 35.8458671569824 35.9297027587891 36.2542152404785 37.0722846984863 37.1942443847656 37.4043731689453 37.3089065551758 37.2292823791504 37.0561065673828 36.8072166442871 37.5236740112305 38.0095024108887 38.2206268310547 38.1608619689941 38.2599487304688 37.8564376831055 36.8722839355469 37.9404106140137 38.3238334655762 38.0449256896973 37.7890129089355 38.0036201477051 37.944091796875 37.8748664855957 37.9039497375488 37.958797454834 37.8946533203125 37.8114395141602 37.793586730957 37.9070510864258 38.0002632141113 38.0887985229492 38.0664863586426 38.0276679992676 37.980037689209
32.7673072814941 31.592586517334 31.7346839904785 32.2144737243652 32.667839050293 33.9173393249512 34.0041694641113 34.9035415649414 35.8059234619141 36.1882934570312 36.5854606628418 36.7140655517578 36.872386932373 37.130298614502 37.3467178344727 37.402889251709 37.359260559082 37.4496879577637 37.4219245910645 37.1776580810547 36.9735527038574 37.0051536560059 37.5847015380859 37.8380279541016 37.7650032043457 38.2218551635742 38.1152076721191 37.4361343383789 38.0176963806152 38.3049278259277 38.0734252929688 37.87451171875 37.7887687683105 37.4387245178223 37.6435585021973 37.5791511535645 37.5901679992676 37.1492500305176 37.2575454711914 36.183723449707 37.6097373962402 37.8775024414062 38.0634727478027 38.0687980651855 38.0363883972168 37.990104675293
33.5665168762207 32.4256057739258 31.828929901123 32.7767181396484 33.5442428588867 34.4033699035645 34.4973106384277 35.0473709106445 35.9111251831055 36.3906059265137 36.4542808532715 36.4860572814941 36.9522933959961 37.1526870727539 37.2846946716309 37.2758865356445 37.5124549865723 37.666446685791 37.6429710388184 37.3812217712402 37.210090637207 37.1244964599609 37.2769889831543 37.2983589172363 37.2784004211426 38.0169982910156 38.2142639160156 37.9064292907715 37.5942268371582 38.1709098815918 37.6896820068359 36.826042175293 37.4919662475586 37.6695365905762 37.9822044372559 37.9845657348633 37.9411964416504 37.9055938720703 37.6682167053223 36.622745513916 37.4792633056641 37.8247909545898 38.005672454834 38.0519180297852 38.0424461364746 38.0003623962402
33.6089782714844 32.6195449829102 31.9766292572021 33.4971694946289 34.6383972167969 35.151912689209 35.9904441833496 36.2659225463867 36.5141716003418 36.6523857116699 36.454776763916 36.4224548339844 37.0527229309082 37.1646537780762 37.1884384155273 37.2769660949707 37.4132614135742 37.4118309020996 37.9931945800781 37.7377853393555 37.4450416564941 37.2849998474121 37.2689399719238 37.1049842834473 37.1257591247559 37.8073844909668 38.1889228820801 38.093692779541 37.9407920837402 38.277660369873 37.541805267334 36.3647994995117 36.9092445373535 37.6444702148438 37.6843338012695 37.2672119140625 37.3313865661621 37.9010810852051 38.0268173217773 37.9832496643066 38.0152740478516 38.0033226013184 38.0147285461426 38.0102195739746 38.0324783325195 38.0141677856445
33.4500617980957 32.3334007263184 31.7959213256836 33.2333297729492 34.7302284240723 35.156867980957 34.5111618041992 36.0372428894043 35.9934692382812 35.3904609680176 36.4687957763672 36.7181015014648 36.7570152282715 36.8372039794922 36.869815826416 37.1144752502441 37.2702293395996 37.4069213867188 37.952823638916 38.0918922424316 37.8847274780273 37.5477600097656 37.3723182678223 37.2967681884766 37.0471267700195 37.5609016418457 38.0645561218262 38.0856475830078 38.2933349609375 38.3648452758789 37.810173034668 35.9152755737305 36.627254486084 36.1004638671875 36.480167388916 35.7222175598145 36.7439804077148 37.8626365661621 37.9861183166504 38.0511779785156 38.0596618652344 37.9660835266113 37.8470420837402 37.9590110778809 37.982723236084 37.9834671020508
33.421817779541 32.561351776123 32.6471176147461 33.2594985961914 34.3412475585938 34.8455123901367 35.3343963623047 35.6135864257812 34.1702156066895 34.0834121704102 35.8288345336914 34.7345352172852 35.1618614196777 35.6731948852539 36.4900856018066 37.0165328979492 37.1982765197754 37.4495887756348 37.8380851745605 37.9883270263672 38.0575904846191 37.7916603088379 37.4451675415039 37.5293769836426 37.4021759033203 37.6603736877441 37.6641998291016 37.4892349243164 38.0855522155762 38.288703918457 38.0379981994629 37.2634429931641 35.7052459716797 33.5350875854492 33.744945526123 35.6042366027832 37.1658821105957 37.825611114502 37.9440841674805 37.8801383972168 37.8729133605957 37.625602722168 37.4915657043457 37.8848876953125 37.6047096252441 37.6671180725098
33.3742027282715 32.967155456543 32.7430114746094 33.1167869567871 33.8380508422852 34.7770347595215 34.9672737121582 34.508056640625 33.9832572937012 34.9593276977539 35.5181655883789 34.4118232727051 34.7926292419434 35.2870330810547 36.3629264831543 36.822452545166 37.1640892028809 37.6581192016602 38.1190414428711 37.9370956420898 37.8029479980469 38.1226348876953 37.8506126403809 37.6556053161621 37.4880409240723 37.4870719909668 37.5819358825684 37.4800033569336 37.8402404785156 38.2064361572266 38.2467994689941 37.6736907958984 36.8971405029297 35.1058311462402 34.4438400268555 35.6550369262695 37.1492576599121 37.7504920959473 37.813549041748 37.3116874694824 37.5831298828125 37.7723808288574 37.5457344055176 37.6094093322754 37.2587356567383 37.5289115905762
32.9665832519531 32.7323608398438 32.1917304992676 32.5986785888672 33.5041770935059 33.7140312194824 34.2031745910645 34.5903434753418 34.9314308166504 35.061466217041 35.4580039978027 35.7106590270996 36.458740234375 36.5695266723633 36.7429046630859 36.2451972961426 37.3108329772949 37.7309455871582 37.9684295654297 37.6679191589355 37.8049049377441 38.0152168273926 38.1304473876953 38.0713729858398 37.7636489868164 37.6901435852051 37.3055839538574 37.4852027893066 37.91943359375 38.0131683349609 38.1751556396484 38.1983604431152 37.5953063964844 36.8714256286621 35.8930244445801 35.5785331726074 36.8208351135254 37.652530670166 37.1210784912109 36.549388885498 37.5213851928711 37.7882804870605 37.4846305847168 36.6541900634766 37.0258026123047 37.5760612487793
