inst/extdata/Tmax/Tmax23.asc
NCOLS 100 
NROWS 79 
XLLCORNER 148.06 
YLLCORNER -21.49 
CELLSIZE 0.01 
NODATA_value -3.4e+38 
[rows 0 to 19 of 79, columns 46 to 91 of 100]
36.2304077148438 34.8840026855469 35.0391960144043 35.2657012939453 35.8117561340332 35.725513458252 35.971492767334 35.9552154541016 34.9125900268555 32.8825454711914 34.5639266967773 33.8840751647949 34.6306076049805 35.3115081787109 35.465404510498 35.625057220459 35.7886505126953 36.1743698120117 34.7010650634766 35.2259864807129 35.3799705505371 -3.4e+38 -3.4e+38 -3.4e+38 -3.4e+38 -3.4e+38 -3.4e+38 -3.4e+38 -3.4e+38 -3.4e+38 -3.4e+38 -3.4e+38 -3.4e+38 -3.4e+38 -3.4e+38 -3.4e+38 -3.4e+38 -3.4e+38 -3.4e+38 -3.4e+38 -3.4e+38 -3.4e+38 -3.4e+38 -3.4e+38 -3.4e+38 -3.4e+38
36.5651779174805 35.9936447143555 34.5955009460449 34.9179458618164 35.1125450134277 35.0831413269043 35.4361877441406 35.8098030090332 34.4470977783203 33.3439064025879 35.417423248291 34.962230682373 36.8532676696777 36.5160522460938 35.3277587890625 34.3044776916504 35.4295501708984 37.2607040405273 36.146240234375 34.8959846496582 35.5761375427246 37.6142692565918 -3.4e+38 -3.4e+38 -3.4e+38 -3.4e+38 -3.4e+38 -3.4e+38 -3.4e+38 -3.4e+38 -3.4e+38 -3.4e+38 -3.4e+38 -3.4e+38 -3.4e+38 -3.4e+38 -3.4e+38 -3.4e+38 -3.4e+38 -3.4e+38 -3.4e+38 -3.4e+38 -3.4e+38 -3.4e+38 -3.4e+38 -3.4e+38
38.3113021850586 35.0948524475098 32.8478240966797 33.5587425231934 33.4299278259277 34.9789886474609 34.1558151245117 34.065601348877 33.1795387268066 32.832935333252 34.6962661743164 36.1675720214844 37.5502319335938 37.0380592346191 34.4955177307129 33.7528076171875 35.2924499511719 34.9164543151855 34.7725028991699 34.967700958252 34.6251411437988 34.8248329162598 34.6193809509277 35.0539932250977 -3.4e+38 -3.4e+38 -3.4e+38 -3.4e+38 -3.4e+38 -3.4e+38 -3.4e+38 -3.4e+38 -3.4e+38 -3.4e+38 -3.4e+38 -3.4e+38 -3.4e+38 -3.4e+38 -3.4e+38 -3.4e+38 -3.4e+38 -3.4e+38 -3.4e+38 -3.4e+38 -3.4e+38 -3.4e+38
34.2918891906738 33.8134346008301 30.6874809265137 31.9073905944824 33.56982421875 33.398006439209 33.8668022155762 34.0156631469727 33.6853218078613 33.2075233459473 34.4787292480469 34.0548362731934 36.8677215576172 37.4501991271973 34.890007019043 34.2955741882324 36.1283912658691 36.781909942627 36.1886672973633 35.4052124023438 33.9543647766113 34.8851699829102 34.5956611633301 35.4145317077637 35.8716239929199 35.7426872253418 -3.4e+38 -3.4e+38 -3.4e+38 -3.4e+38 -3.4e+38 -3.4e+38 -3.4e+38 -3.4e+38 -3.4e+38 -3.4e+38 -3.4e+38 -3.4e+38 -3.4e+38 -3.4e+38 -3.4e+38 -3.4e+38 -3.4e+38 -3.4e+38 -3.4e+38 -3.4e+38
35.2307548522949 33.4018783569336 30.4368667602539 30.2008495330811 31.8703460693359 34.2312774658203 34.9196014404297 35.2506637573242 33.3137092590332 32.2726593017578 32.9174575805664 31.2766723632812 32.7346534729004 36.8895492553711 34.0731391906738 34.394718170166 36.2575836181641 36.0452499389648 36.6717071533203 36.5031661987305 29.9969844818115 34.875244140625 35.1664772033691 34.644847869873 35.3935241699219 35.7767181396484 -3.4e+38 -3.4e+38 -3.4e+38 -3.4e+38 -3.4e+38 -3.4e+38 -3.4e+38 -3.4e+38 -3.4e+38 -3.4e+38 -3.4e+38 -3.4e+38 -3.4e+38 -3.4e+38 -3.4e+38 -3.4e+38 -3.4e+38 -3.4e+38 -3.4e+38 -3.4e+38
30.7865409851074 31.7457122802734 29.4779396057129 28.6458072662354 31.7841167449951 34.1021575927734 33.4964714050293 33.9226531982422 32.7459030151367 33.0085525512695 30.5772647857666 30.2149181365967 34.3370819091797 35.2506065368652 33.0915374755859 34.4379806518555 35.7086181640625 36.8227577209473 35.8182220458984 35.5234069824219 30.0677032470703 32.1420440673828 35.8034934997559 34.780460357666 35.202507019043 35.1133041381836 -3.4e+38 -3.4e+38 -3.4e+38 -3.4e+38 -3.4e+38 -3.4e+38 -3.4e+38 -3.4e+38 -3.4e+38 -3.4e+38 -3.4e+38 -3.4e+38 -3.4e+38 -3.4e+38 -3.4e+38 -3.4e+38 -3.4e+38 -3.4e+38 -3.4e+38 -3.4e+38
29.3589420318604 30.5281658172607 30.7447643280029 30.2833728790283 34.4449234008789 34.1188278198242 34.0911064147949 32.9367141723633 33.7823333740234 32.6345100402832 31.6459407806396 31.9642753601074 33.1644592285156 36.8370666503906 36.6394653320312 37.8007278442383 34.3260765075684 34.650520324707 34.6697044372559 35.1214141845703 36.8778266906738 34.6112861633301 35.420352935791 34.927188873291 34.350284576416 33.6566886901855 33.5746879577637 34.0774917602539 -3.4e+38 -3.4e+38 -3.4e+38 -3.4e+38 -3.4e+38 -3.4e+38 -3.4e+38 -3.4e+38 -3.4e+38 -3.4e+38 -3.4e+38 -3.4e+38 -3.4e+38 -3.4e+38 -3.4e+38 -3.4e+38 -3.4e+38 -3.4e+38
28.0964851379395 31.2327651977539 36.492301940918 30.9534568786621 29.6883029937744 31.5331020355225 33.4491920471191 32.5632019042969 32.9106292724609 33.7393569946289 32.1120376586914 31.5980186462402 32.6437454223633 34.1093902587891 32.3538131713867 35.2821502685547 32.1925010681152 31.9871978759766 33.3688278198242 34.7521858215332 34.9839401245117 33.6198196411133 34.1418304443359 34.7661247253418 33.7446441650391 32.9835624694824 32.6888389587402 33.3143539428711 34.6155738830566 33.0697364807129 34.3249435424805 -3.4e+38 -3.4e+38 -3.4e+38 -3.4e+38 -3.4e+38 -3.4e+38 -3.4e+38 -3.4e+38 -3.4e+38 -3.4e+38 -3.4e+38 -3.4e+38 -3.4e+38 -3.4e+38 -3.4e+38
28.033130645752 30.4762172698975 31.3805675506592 35.2758293151855 30.6993255615234 28.7427043914795 31.1373596191406 31.6334457397461 33.9117393493652 34.1692504882812 34.3502960205078 32.633243560791 32.2514305114746 32.8393096923828 30.6583862304688 30.5131530761719 29.7257537841797 34.0786056518555 32.6623420715332 34.0473976135254 36.1025695800781 35.9542961120605 33.4276504516602 31.4224052429199 32.5525665283203 33.1723937988281 33.7831420898438 34.8980865478516 34.5193367004395 33.228702545166 32.6377754211426 35.0699920654297 -3.4e+38 -3.4e+38 -3.4e+38 -3.4e+38 -3.4e+38 -3.4e+38 -3.4e+38 -3.4e+38 -3.4e+38 -3.4e+38 -3.4e+38 -3.4e+38 -3.4e+38 -3.4e+38
29.4864082336426 30.445198059082 31.1537265777588 31.9255599975586 33.4772605895996 30.1767139434814 29.9135761260986 31.7608833312988 33.3086318969727 33.5618476867676 33.4497833251953 33.154842376709 32.0812835693359 32.1823692321777 30.5011749267578 30.0888328552246 29.6930847167969 34.8114433288574 34.557430267334 32.7487945556641 33.9047431945801 35.6981964111328 36.4111824035645 35.3460998535156 35.3569450378418 33.0132064819336 33.5651779174805 36.0884323120117 34.0351867675781 33.2756309509277 36.1990432739258 36.673454284668 -3.4e+38 -3.4e+38 -3.4e+38 -3.4e+38 -3.4e+38 -3.4e+38 -3.4e+38 -3.4e+38 -3.4e+38 -3.4e+38 -3.4e+38 -3.4e+38 -3.4e+38 -3.4e+38
28.2872219085693 30.7797908782959 30.7488594055176 30.7028026580811 32.2529754638672 35.1506423950195 32.2493286132812 33.1425323486328 32.9474220275879 33.1445388793945 33.9004287719727 33.3523635864258 32.8558654785156 33.4766883850098 32.8455924987793 32.907844543457 34.022590637207 34.305103302002 35.5054779052734 35.2071838378906 32.7515525817871 35.9592247009277 33.6243286132812 32.4294013977051 34.1845359802246 33.8608856201172 34.845329284668 34.7854385375977 36.7245407104492 37.2720184326172 -3.4e+38 -3.4e+38 -3.4e+38 -3.4e+38 -3.4e+38 -3.4e+38 -3.4e+38 -3.4e+38 -3.4e+38 -3.4e+38 -3.4e+38 -3.4e+38 -3.4e+38 -3.4e+38 -3.4e+38 -3.4e+38
27.6249923706055 28.8790473937988 29.0709972381592 28.2199230194092 29.2543315887451 30.4163913726807 37.1048164367676 33.8730773925781 33.5700225830078 33.2441291809082 33.407470703125 33.7848052978516 32.8936538696289 33.5110054016113 33.2197380065918 35.0443305969238 34.9909324645996 34.9236679077148 37.9776611328125 35.7337265014648 33.8940162658691 33.8958320617676 33.9996490478516 33.3746566772461 37.3171081542969 33.1353454589844 34.4675979614258 34.1888046264648 34.9370269775391 33.7086410522461 -3.4e+38 -3.4e+38 -3.4e+38 -3.4e+38 -3.4e+38 -3.4e+38 -3.4e+38 -3.4e+38 -3.4e+38 -3.4e+38 -3.4e+38 -3.4e+38 -3.4e+38 -3.4e+38 -3.4e+38 -3.4e+38
27.3415813446045 25.9073715209961 25.5580921173096 25.4897117614746 28.1106224060059 28.9761390686035 30.7169094085693 31.1138210296631 32.975902557373 33.4537734985352 31.9904747009277 32.325511932373 32.2027473449707 32.7140350341797 33.1323013305664 33.1358032226562 33.3505401611328 35.0748138427734 37.4163513183594 37.0951728820801 34.8463973999023 35.0523986816406 34.90478515625 36.6498260498047 34.9479141235352 34.1834526062012 35.020378112793 34.2501068115234 32.5925445556641 30.7001476287842 33.7470283508301 35.0628814697266 -3.4e+38 -3.4e+38 -3.4e+38 -3.4e+38 -3.4e+38 -3.4e+38 -3.4e+38 -3.4e+38 -3.4e+38 -3.4e+38 -3.4e+38 -3.4e+38 -3.4e+38 -3.4e+38
27.3359088897705 26.2750091552734 25.7069892883301 25.3102722167969 25.8571605682373 26.4848937988281 28.7002773284912 29.962818145752 32.5117454528809 33.6021728515625 32.6231918334961 32.6111145019531 33.1476974487305 33.5959587097168 33.917293548584 35.1752586364746 33.3489685058594 35.3117752075195 36.3859481811523 35.2580718994141 35.2316360473633 37.6010704040527 35.2746315002441 34.7350158691406 36.0625038146973 34.3073883056641 33.2717514038086 33.0272407531738 32.0732765197754 33.3128814697266 35.250244140625 34.9657363891602 33.8311538696289 -3.4e+38 -3.4e+38 -3.4e+38 -3.4e+38 30.0178050994873 36.2198066711426 -3.4e+38 -3.4e+38 -3.4e+38 -3.4e+38 -3.4e+38 -3.4e+38 -3.4e+38
27.8892955780029 26.911901473999 25.7791080474854 25.3973903656006 26.0054340362549 25.7592849731445 27.065128326416 28.9831771850586 30.3276596069336 31.3845081329346 29.587553024292 33.0689582824707 32.3957862854004 33.0407104492188 34.3207931518555 33.393798828125 34.1968002319336 37.6574592590332 34.1845474243164 35.972225189209 35.1295547485352 37.0443572998047 35.7208442687988 34.9836006164551 34.9132194519043 34.9806823730469 34.8412094116211 33.4506454467773 32.9757118225098 35.7710571289062 35.7161636352539 34.849910736084 34.1791915893555 -3.4e+38 -3.4e+38 -3.4e+38 -3.4e+38 31.1658611297607 34.986213684082 36.4785232543945 36.1050300598145 35.9705543518066 -3.4e+38 -3.4e+38 -3.4e+38 -3.4e+38
27.7855129241943 26.2617607116699 25.7615413665771 25.8193588256836 25.4094314575195 26.4385452270508 26.2937850952148 27.8453426361084 32.1316833496094 33.7987098693848 31.5992412567139 29.8646450042725 33.7020530700684 29.1002292633057 29.2165565490723 30.0938682556152 35.3645935058594 33.6563606262207 33.2049331665039 34.3600769042969 34.5288925170898 35.283748626709 35.095630645752 34.367374420166 34.3044128417969 34.3885383605957 35.5056533813477 34.4924621582031 33.6486587524414 33.6126747131348 34.3700408935547 30.8736209869385 37.0928802490234 -3.4e+38 -3.4e+38 34.3737411499023 36.0542068481445 35.220516204834 33.9774856567383 35.0425453186035 34.987060546875 36.429759979248 -3.4e+38 -3.4e+38 -3.4e+38 -3.4e+38
26.0645198822021 24.7834548950195 24.881721496582 26.1760406494141 26.6980838775635 26.4252262115479 25.9547290802002 26.7932987213135 34.2086639404297 32.8181114196777 37.0188255310059 29.6516246795654 30.6194763183594 31.3278827667236 29.1961402893066 29.4183158874512 30.206844329834 32.1328773498535 33.897403717041 33.304859161377 36.1389541625977 33.4502372741699 34.1362228393555 34.4071083068848 33.8550872802734 34.9276237487793 34.867057800293 35.1850624084473 35.4892768859863 34.1409454345703 34.3608016967773 30.9277210235596 32.9522743225098 -3.4e+38 36.8230781555176 32.2570838928223 34.1993141174316 -3.4e+38 36.4905166625977 -3.4e+38 36.1717147827148 -3.4e+38 -3.4e+38 -3.4e+38 -3.4e+38 -3.4e+38
26.7084999084473 24.9537506103516 24.2455272674561 27.0307903289795 27.1687088012695 26.2152652740479 25.8296585083008 25.9108238220215 27.8637809753418 30.5357284545898 30.924243927002 34.7244987487793 36.4131164550781 31.7726974487305 31.1576404571533 32.577709197998 33.0147094726562 33.2942504882812 32.8318786621094 32.7425575256348 34.2910270690918 34.3196105957031 35.8557205200195 35.8645553588867 34.1383476257324 33.8935279846191 34.8266487121582 33.7753143310547 34.0342712402344 33.8781051635742 31.5357208251953 32.7929840087891 36.7380027770996 33.7366790771484 32.7700347900391 35.441764831543 35.0384216308594 -3.4e+38 -3.4e+38 -3.4e+38 -3.4e+38 -3.4e+38 -3.4e+38 36.070068359375 -3.4e+38 -3.4e+38
27.8545570373535 27.5402774810791 24.867073059082 26.665075302124 25.2223110198975 25.4742946624756 26.5302085876465 26.6491260528564 28.7065734863281 31.6538200378418 30.6767120361328 30.7441024780273 33.4617042541504 37.4596099853516 32.9239807128906 33.2097969055176 32.9997444152832 32.1852912902832 31.7028026580811 31.6463279724121 37.0328025817871 34.6431312561035 36.6725387573242 34.8294296264648 35.0055122375488 33.4869232177734 33.9227752685547 32.8063163757324 33.388370513916 33.4456405639648 31.83034324646 32.0838317871094 35.1240768432617 35.2330627441406 34.7272300720215 35.0791664123535 34.6748542785645 36.2893028259277 34.8333892822266 31.8133544921875 34.2095680236816 33.893009185791 34.9284629821777 34.0090789794922 -3.4e+38 -3.4e+38
28.4081707000732 27.4178447723389 27.915210723877 28.0386390686035 26.4154739379883 25.8589630126953 25.6341953277588 26.0021228790283 28.4972991943359 36.3808708190918 31.0419445037842 36.8207015991211 35.7037162780762 32.9196929931641 33.0788269042969 30.6664142608643 30.793586730957 33.23486328125 31.7401504516602 32.0461158752441 34.2196922302246 35.7325172424316 37.7188453674316 35.4339599609375 37.0490913391113 33.8445777893066 36.520378112793 34.8800392150879 34.0043792724609 33.7302398681641 32.9443206787109 34.0876350402832 35.6164283752441 36.1929740905762 36.3734512329102 33.5827178955078 33.2801132202148 34.6705093383789 35.756046295166 36.5071716308594 36.0762214660645 36.1069831848145 34.3379287719727 34.0636177062988 30.441837310791 -3.4e+38
