inst/extdata/Tmax/Tmax45.asc
NCOLS 100 
NROWS 79 
XLLCORNER 148.06 
YLLCORNER -21.49 
CELLSIZE 0.01 
NODATA_value -3.4e+38 
[rows 20 to 39 of 79, columns 46 to 91 of 100]
21.5811176300049 19.6410007476807 19.3192138671875 20.7298717498779 20.3581867218018 19.9201507568359 18.8183917999268 17.6890563964844 20.0847797393799 21.8749980926514 22.5822238922119 22.8707008361816 22.7317276000977 23.4361305236816 22.3296985626221 22.8141307830811 23.0042629241943 23.4633331298828 24.6776332855225 24.4745407104492 26.273021697998 28.3942203521729 29.4454193115234 29.0850830078125 27.5591011047363 27.9105854034424 28.609619140625 27.0621643066406 26.0840587615967 26.9389457702637 26.1184997558594 26.8064041137695 27.1967792510986 28.0835609436035 27.7878913879395 26.353723526001 25.755916595459 25.6146430969238 27.0283031463623 28.3699150085449 27.3989734649658 27.9231586456299 27.102840423584 26.7185306549072 26.8353500366211 27.5720729827881
24.1183414459229 18.7414951324463 18.1600799560547 19.5524959564209 19.2733268737793 18.5003929138184 19.5417098999023 17.9716796875 18.9173278808594 21.3764610290527 23.5820713043213 21.0402431488037 20.4159736633301 22.6910991668701 21.0684127807617 21.0261192321777 21.9030113220215 23.539436340332 23.3167400360107 23.9474811553955 26.4878559112549 28.8131885528564 23.5190353393555 23.3128299713135 26.6638298034668 28.2739944458008 29.4413280487061 25.9113025665283 26.7387199401855 25.5899105072021 25.923189163208 25.8460464477539 26.4227981567383 25.9104309082031 27.4357814788818 27.215404510498 27.110164642334 27.3246421813965 26.4804573059082 29.6480941772461 28.3891925811768 27.1364727020264 25.9405765533447 25.2314586639404 24.5207099914551 24.7808799743652
25.1874542236328 21.1026344299316 19.4375019073486 19.0504951477051 18.1573448181152 19.2708950042725 18.4867382049561 19.0698337554932 18.3264026641846 19.227087020874 21.6943778991699 22.0960159301758 20.7857131958008 20.8041038513184 20.6081123352051 21.265625 22.1933441162109 22.7342662811279 21.4394207000732 22.7238845825195 28.4302310943604 26.6276321411133 23.138334274292 22.2299213409424 22.8028297424316 22.9326496124268 26.0112628936768 28.5955772399902 25.2983741760254 28.0956382751465 29.0075054168701 30.3180294036865 27.4694328308105 26.3598785400391 27.2764759063721 27.7625198364258 29.1064949035645 28.7229824066162 29.9795608520508 28.1440181732178 27.131664276123 27.9757270812988 27.2101573944092 27.3077220916748 23.4192638397217 23.5482978820801
25.0168800354004 20.8549709320068 20.5325965881348 19.330940246582 17.2363929748535 18.73313331604 19.5961971282959 19.0161933898926 18.9260272979736 19.07346534729 20.338960647583 19.7178802490234 20.8924045562744 19.8049507141113 24.2334613800049 25.7892627716064 21.6906776428223 22.1106300354004 21.042947769165 22.6404323577881 27.185998916626 25.7367725372314 24.2390079498291 21.4341983795166 22.3542461395264 22.9901237487793 23.2316799163818 27.3411388397217 26.7850513458252 25.2276210784912 26.473991394043 26.6657180786133 27.1541156768799 26.7417430877686 26.6840877532959 26.8577747344971 27.7550868988037 28.9154262542725 29.1933708190918 29.1346397399902 28.7102203369141 28.2280502319336 26.8204364776611 27.069787979126 25.4568519592285 22.9209823608398
23.3004283905029 23.8009586334229 23.9779567718506 20.5541725158691 20.0655250549316 19.1401138305664 18.7297191619873 18.7534408569336 19.5957260131836 18.8781337738037 19.1884078979492 18.6887340545654 20.5682373046875 27.5024719238281 20.4262542724609 21.6575508117676 22.5895957946777 22.933032989502 22.4537315368652 24.0100688934326 26.6847953796387 26.406665802002 23.4196262359619 22.424295425415 22.672815322876 23.3251514434814 22.9428768157959 23.0574779510498 22.9949913024902 26.9092845916748 28.5783805847168 27.9073867797852 26.5479984283447 27.2359294891357 25.9151592254639 25.4835910797119 28.0710353851318 23.1283855438232 27.8552074432373 28.9413299560547 29.2355804443359 27.2540702819824 29.3336944580078 28.2768802642822 26.9034175872803 24.7656288146973
18.0324516296387 19.09889793396 20.1621723175049 20.0730991363525 19.2842636108398 18.2762603759766 17.8785133361816 17.4639739990234 18.7257919311523 19.2773571014404 18.8986301422119 18.8958358764648 20.7272777557373 22.299955368042 22.1432418823242 22.1546001434326 22.2786083221436 25.5686740875244 26.889928817749 23.9898777008057 23.8958530426025 23.7911930084229 22.2002334594727 22.0111827850342 22.2406768798828 23.0297183990479 23.0316390991211 22.3096008300781 25.7753620147705 24.0392189025879 28.5411643981934 27.6316928863525 28.7208881378174 25.9403343200684 26.634220123291 25.4542579650879 27.1026496887207 25.1845817565918 25.3369026184082 28.9065628051758 25.0984115600586 22.8414440155029 22.6301326751709 27.4995956420898 28.081880569458 25.5701084136963
17.8187408447266 17.8601665496826 18.4457244873047 19.032657623291 19.4570407867432 17.0643329620361 16.7631549835205 17.6440906524658 18.298698425293 19.0853099822998 19.2788276672363 19.9241561889648 21.8200569152832 22.8471946716309 22.954610824585 23.2017250061035 24.6358394622803 24.8655109405518 24.8366241455078 23.7060394287109 23.4514198303223 24.6079406738281 24.8076133728027 24.5196437835693 27.2582950592041 22.7247943878174 25.2056312561035 24.9292697906494 23.5710830688477 22.9527225494385 22.4554538726807 30.072998046875 25.3973789215088 26.0582180023193 27.6515884399414 26.6588745117188 27.2438545227051 26.1078052520752 23.4246158599854 23.7273178100586 28.6877574920654 27.2263050079346 23.6280765533447 23.2487487792969 27.3224239349365 26.5329093933105
18.3126926422119 17.6783790588379 17.9164791107178 18.071325302124 18.6231117248535 16.6990184783936 16.4187526702881 16.529634475708 18.1249656677246 19.0610523223877 18.5546474456787 18.7829570770264 20.3410243988037 21.499454498291 22.9760990142822 22.5353240966797 23.4044895172119 24.9389038085938 23.6014423370361 22.4565696716309 23.4775352478027 24.6978340148926 26.6596832275391 29.231071472168 28.7808094024658 28.5838203430176 24.6746616363525 25.7196998596191 23.9785137176514 23.0881366729736 22.9615516662598 28.2441349029541 26.5634708404541 25.2861137390137 26.0637454986572 26.1659069061279 26.2001628875732 26.9385814666748 23.7549705505371 22.5848140716553 22.3094158172607 21.93239402771 26.1087093353271 22.7181224822998 23.6667881011963 25.6364250183105
19.2697429656982 18.5006084442139 18.7983474731445 18.2735404968262 18.3003997802734 16.8424243927002 18.0552444458008 17.6551723480225 18.0406494140625 18.2717800140381 18.3837623596191 18.6925010681152 18.7620029449463 20.7333526611328 22.2511539459229 21.8265151977539 23.3486347198486 24.3531589508057 23.5451622009277 22.1985683441162 22.4725246429443 26.5790271759033 27.5081043243408 29.2747783660889 28.8290233612061 29.823091506958 26.1328544616699 28.4659671783447 25.807975769043 22.803279876709 22.947265625 27.0725383758545 27.1778221130371 26.9034843444824 25.0368938446045 25.8313579559326 27.1084976196289 27.1798973083496 29.165994644165 26.0474758148193 28.1949481964111 26.8353099822998 22.0634937286377 22.614673614502 27.9854793548584 26.9637928009033
20.4681987762451 20.3714828491211 19.6577701568604 19.750431060791 18.8782653808594 18.4730453491211 18.4472026824951 17.3080959320068 17.8835582733154 17.6839447021484 16.9260501861572 18.2341747283936 18.5295925140381 20.6395034790039 21.4252471923828 20.3425006866455 21.8456172943115 22.4941177368164 22.6420936584473 22.9024219512939 22.7336044311523 24.4734172821045 25.1188545227051 27.4359817504883 29.5845851898193 27.5747814178467 27.599100112915 26.0101833343506 26.1974029541016 22.6109447479248 22.8789119720459 25.5624237060547 26.5644798278809 25.199670791626 26.7750263214111 24.8767032623291 26.953031539917 25.6352672576904 27.7688770294189 24.0740566253662 22.9993629455566 22.4960041046143 24.5311298370361 21.8188076019287 23.5548973083496 25.1201820373535
19.0652751922607 18.8883647918701 19.1179237365723 18.8741855621338 18.6800498962402 18.7687320709229 17.4545288085938 17.4234294891357 16.7676162719727 17.3121814727783 16.2790126800537 17.8507385253906 17.3799228668213 19.2527599334717 20.4203968048096 19.1627063751221 19.5576553344727 21.7949466705322 22.8849239349365 24.4766807556152 23.5432281494141 24.1269187927246 25.1998443603516 25.7284889221191 25.8336448669434 26.3619403839111 27.1843109130859 28.4522323608398 28.4922294616699 27.1173362731934 24.7413330078125 25.9880599975586 27.0428256988525 26.513650894165 28.6559028625488 29.5048561096191 26.4152145385742 25.2505931854248 25.4714298248291 26.3134632110596 25.6729755401611 24.8374996185303 22.6504764556885 27.205587387085 27.7734699249268 24.7413883209229
18.1105041503906 18.7556838989258 18.8943386077881 18.7991027832031 17.8537311553955 18.7943916320801 17.6189308166504 16.4890308380127 15.8177661895752 15.7482128143311 15.8372764587402 16.4496383666992 23.8764610290527 19.4705982208252 19.2577953338623 19.0834484100342 21.2882747650146 22.4204769134521 23.1125450134277 23.7245140075684 26.855037689209 25.6195411682129 26.006254196167 25.5123805999756 26.1172714233398 27.5206508636475 29.6765556335449 27.2914009094238 27.9093170166016 24.8620471954346 23.1120586395264 26.2492179870605 26.4880523681641 25.1733150482178 27.7566719055176 29.615514755249 28.5780010223389 25.447624206543 26.0514240264893 28.5572052001953 24.1210746765137 23.3541011810303 25.1675987243652 24.7131977081299 27.096809387207 26.6347694396973
17.8748340606689 18.3125057220459 18.277811050415 18.6003131866455 18.6107692718506 18.532470703125 18.3904304504395 17.2124614715576 16.8538703918457 16.9189853668213 15.9126625061035 15.9748802185059 16.9863090515137 19.1803455352783 19.2366809844971 20.2740173339844 20.6981315612793 21.3449382781982 22.9428081512451 23.6194324493408 25.1094532012939 25.0438823699951 25.0619831085205 24.8067321777344 25.6617221832275 27.61399269104 29.5036754608154 26.1582260131836 22.8661212921143 22.9712047576904 23.1311187744141 27.0847244262695 28.6210136413574 25.1740875244141 27.6847229003906 29.3714294433594 25.6642742156982 25.6692543029785 26.8908843994141 27.8530464172363 28.1726016998291 27.6290740966797 21.3748302459717 22.4179649353027 22.4685211181641 22.8049583435059
18.2649383544922 17.4955444335938 17.7283897399902 18.3678741455078 18.5060234069824 18.4394416809082 18.0344848632812 17.5465030670166 18.0353412628174 17.553258895874 17.2165412902832 17.1024894714355 18.270040512085 18.9275779724121 18.7503070831299 20.2937965393066 21.2167720794678 22.0758819580078 22.9424877166748 23.2458171844482 26.1363201141357 28.9409084320068 30.228235244751 23.6708202362061 23.6859378814697 23.6986885070801 23.4596652984619 26.08518409729 25.1107692718506 26.7412242889404 26.1458015441895 26.6601428985596 25.6404876708984 27.5187969207764 27.9282760620117 23.549690246582 26.7954998016357 26.5950202941895 28.281229019165 28.3740425109863 25.4035243988037 26.5721244812012 25.8618621826172 24.6298732757568 24.7837982177734 24.2902946472168
19.4015769958496 17.9151401519775 17.78981590271 17.4428939819336 18.232234954834 18.129861831665 18.1082630157471 18.8380851745605 18.4136714935303 17.5601539611816 18.2232341766357 18.7377109527588 19.2437019348145 18.1053409576416 18.5096569061279 19.7206077575684 21.5194091796875 22.7676048278809 22.1967220306396 23.4440135955811 25.5742816925049 28.4958591461182 29.086540222168 23.6146488189697 22.7187690734863 23.1031360626221 23.7234630584717 23.827465057373 25.4545421600342 25.6902027130127 28.4642105102539 29.8372936248779 30.4404563903809 28.0934867858887 29.0259037017822 25.7453594207764 26.7818279266357 27.1363277435303 26.3831157684326 27.4348087310791 28.1341438293457 25.4443950653076 23.0395469665527 25.8500308990479 25.4953479766846 26.3522148132324
19.1347370147705 18.0978584289551 17.8225631713867 17.8583297729492 18.0958385467529 17.9850196838379 18.6062564849854 20.0412769317627 25.1833877563477 17.8529033660889 20.310640335083 20.9888343811035 20.8906726837158 18.358678817749 19.1752185821533 19.3246650695801 20.9725875854492 21.4237575531006 21.3367156982422 22.5877494812012 23.5390033721924 24.1652507781982 25.9126472473145 29.0236740112305 23.9868831634521 23.3072319030762 22.7748031616211 22.9655494689941 26.1174602508545 30.3847026824951 26.6343517303467 23.7996139526367 29.5874500274658 27.740571975708 27.466178894043 24.2012615203857 26.2128467559814 25.5290241241455 29.2030029296875 28.8422622680664 27.0285663604736 27.0987968444824 26.5865325927734 26.7106037139893 26.8132648468018 28.1853828430176
18.4893760681152 18.1306610107422 17.8787517547607 18.2186698913574 18.3006992340088 18.4951667785645 18.7338638305664 20.9772815704346 21.0661811828613 19.2955722808838 21.9511203765869 22.7160549163818 22.2141513824463 20.5242443084717 20.6290531158447 21.3721504211426 22.0215969085693 22.7414245605469 23.062385559082 23.3229160308838 23.6343364715576 23.9864368438721 21.93896484375 22.0933895111084 22.7157115936279 22.192403793335 22.634407043457 28.4458675384521 26.1836986541748 29.8752040863037 23.1071281433105 22.5008773803711 23.3060302734375 27.0447216033936 27.7057399749756 26.5455799102783 24.9291381835938 26.3518409729004 26.0992259979248 27.08349609375 28.3539505004883 29.2431602478027 29.0743789672852 28.8510208129883 27.6670207977295 28.0318202972412
18.6231098175049 19.2318687438965 18.1522026062012 18.6696453094482 18.7642841339111 19.4616355895996 20.0816478729248 23.7626953125 21.7755241394043 21.4096603393555 22.7190723419189 23.7820072174072 22.9426765441895 21.8646469116211 21.9049854278564 23.2338352203369 23.6808795928955 23.6926307678223 24.8696022033691 24.5496120452881 25.9845352172852 24.3876667022705 23.5805282592773 22.96360206604 23.3233203887939 23.6989612579346 26.3552436828613 25.3999614715576 25.2686080932617 25.4840202331543 24.2573070526123 25.2822113037109 24.273717880249 26.7824859619141 23.6116790771484 27.1439399719238 28.1235885620117 28.0196475982666 27.9588470458984 25.3552322387695 25.9438972473145 27.4776153564453 26.6289939880371 27.8326377868652 28.3769302368164 28.4486522674561
20.0750389099121 19.8953056335449 18.8060245513916 20.0364685058594 20.1337966918945 20.5144195556641 21.3718700408936 22.7737560272217 21.683614730835 22.2776031494141 24.2464923858643 25.8941307067871 23.8947486877441 22.8472709655762 21.9498825073242 23.0467166900635 22.9535160064697 23.4939231872559 24.5312519073486 29.1330127716064 24.4559535980225 24.7579154968262 26.9663219451904 26.2800178527832 26.040225982666 25.7541942596436 27.4099159240723 26.6318130493164 27.1972351074219 26.6125087738037 24.9979000091553 25.6984882354736 27.5691795349121 27.3167953491211 23.3829040527344 22.7045631408691 23.1525421142578 24.3724403381348 23.9219493865967 25.989013671875 29.5685234069824 29.1619701385498 26.1852474212646 25.5429859161377 24.047191619873 24.2567138671875
19.303316116333 19.351806640625 19.8333854675293 21.3998622894287 22.0715236663818 22.7793312072754 23.9528121948242 22.3682994842529 21.1652946472168 21.7069435119629 22.652271270752 24.8143920898438 24.337459564209 23.8595848083496 22.7139644622803 25.2975654602051 25.0750732421875 27.1281986236572 29.5967082977295 27.4653663635254 27.7041015625 26.4067649841309 25.8017749786377 26.2043991088867 26.2947998046875 25.8813552856445 25.8191337585449 25.5262928009033 26.1011714935303 27.1824169158936 26.5402603149414 25.9902515411377 23.9056396484375 23.668851852417 22.5615158081055 25.7531566619873 27.0931224822998 23.5556297302246 23.5275096893311 23.3644351959229 23.2574520111084 25.9717235565186 25.5044612884521 26.6998157501221 25.2751617431641 24.7437362670898
