inst/extdata/Tmax/Tmax81.asc
NCOLS 100 
NROWS 79 
XLLCORNER 148.06 
YLLCORNER -21.49 
CELLSIZE 0.01 
NODATA_value -3.4e+38 
[rows 0 to 19 of 79, columns 0 to 45 of 100]
37.368095397949197 37.0634460449219 36.1979331970215 36.5080986022949 36.6213836669922 36.9808387756348 37.1358108520508 37.2659759521484 37.2146987915039 37.0490570068359 36.6235580444336 36.4273986816406 36.3414497375488 35.2303886413574 35.6514129638672 36.0098648071289 36.3417510986328 36.2907867431641 35.5565147399902 34.9466972351074 34.8014488220215 33.9482040405273 34.3171997070312 35.4460372924805 35.8805389404297 36.0828247070312 35.9611549377441 35.9784202575684 35.682933807373 35.334587097168 34.5328330993652 32.8442993164062 33.9626007080078 33.8670310974121 32.7802772521973 31.7860488891602 31.6691951751709 31.3166027069092 31.9725227355957 33.6064262390137 34.9514083862305 35.1684989929199 35.783504486084 36.040470123291 36.1502342224121 36.2195587158203
37.2305603027344 36.7639503479004 36.0652313232422 36.1367073059082 35.6134757995605 36.4210891723633 36.9110565185547 37.179443359375 37.2758255004883 37.1581573486328 36.8472671508789 36.5576133728027 36.6429862976074 36.2579193115234 36.0967674255371 35.9802627563477 36.3361167907715 36.3398971557617 35.4389724731445 34.888484954834 35.3460311889648 35.1031837463379 34.9873580932617 35.3674278259277 35.7680206298828 35.91259765625 36.1493377685547 36.077823638916 35.8700828552246 35.6607780456543 34.8863105773926 33.6081771850586 34.6448974609375 34.2514686584473 33.6270942687988 32.7432861328125 32.3322219848633 32.6442794799805 33.5895805358887 34.5784187316895 35.8843650817871 36.2180099487305 36.2879753112793 36.2547721862793 36.2653198242188 36.2634963989258
37.2361602783203 36.5086212158203 36.5943794250488 36.6972503662109 36.2761077880859 36.3695907592773 36.7194480895996 37.207691192627 37.3491592407227 37.2161102294922 36.94970703125 36.8205223083496 36.7260971069336 36.6634292602539 36.3810615539551 36.2335891723633 36.4116592407227 36.5233116149902 35.9973258972168 35.8112182617188 35.6635284423828 35.3536682128906 35.1296539306641 35.2243156433105 35.9695053100586 36.1908721923828 36.0329475402832 35.9893226623535 35.9691619873047 35.6720733642578 35.702995300293 34.7943267822266 34.9959030151367 33.8569984436035 33.5634651184082 32.970027923584 32.4875335693359 32.0402069091797 32.9469985961914 34.0127792358398 35.24169921875 36.1149749755859 36.3534126281738 36.3771476745605 36.3282279968262 36.256233215332
37.4377250671387 37.1209373474121 36.8016891479492 37.3416061401367 36.8718719482422 36.4769134521484 36.8058090209961 37.2955703735352 37.4277420043945 37.2943687438965 37.1522789001465 37.1028137207031 36.9950866699219 36.834831237793 36.4339561462402 36.2658424377441 36.5776901245117 36.5973129272461 36.3845252990723 35.9490966796875 35.6421585083008 35.2838897705078 35.3403091430664 35.2914695739746 35.8100776672363 36.1851425170898 35.8449363708496 36.0617561340332 35.8777465820312 35.1081733703613 35.5983772277832 35.6466979980469 34.9475479125977 33.7872619628906 33.250617980957 32.442066192627 32.6740531921387 32.2067527770996 32.084400177002 31.6281280517578 33.0127639770508 35.4375953674316 36.2180709838867 36.3735542297363 36.131534576416 36.0141258239746
37.9388542175293 37.4496002197266 37.2153701782227 37.5646286010742 37.3449592590332 36.7537307739258 36.7733764648438 37.3393173217773 37.454662322998 37.1100425720215 37.0989074707031 37.2632904052734 37.1377906799316 36.8749198913574 36.5337677001953 36.6577072143555 36.7201728820801 36.4649391174316 36.033088684082 35.3468551635742 35.5012321472168 35.6416435241699 35.744457244873 35.906867980957 35.8966903686523 35.5775756835938 36.2370338439941 35.8627853393555 35.7258224487305 35.2597846984863 35.5704917907715 35.3884544372559 35.0869636535645 34.1641502380371 33.6744613647461 33.9422225952148 33.6414909362793 33.1242294311523 32.6157112121582 31.9317798614502 31.5990924835205 34.6822204589844 35.9917945861816 36.3211441040039 35.7050437927246 35.0429229736328
38.0837364196777 37.8621597290039 37.2242317199707 37.5970306396484 37.6456489562988 37.2623748779297 36.9945297241211 37.3890724182129 37.5157470703125 37.2465858459473 37.132999420166 37.3543586730957 37.2008819580078 36.9401168823242 36.3304176330566 36.7779769897461 36.693733215332 36.265251159668 35.7501945495605 35.3512229919434 35.4294662475586 35.6523666381836 35.925350189209 35.9088821411133 36.1624145507812 36.047737121582 36.109245300293 35.3893356323242 35.3691864013672 34.3547630310059 35.0169219970703 35.4425010681152 35.5120124816895 35.1903762817383 34.8476028442383 34.7703971862793 33.9819755554199 33.5155792236328 33.1989593505859 32.4368019104004 31.9647960662842 34.3206558227539 35.9183959960938 36.3115081787109 35.8668327331543 33.993408203125
38.2599639892578 38.0300750732422 37.6840133666992 37.8186988830566 37.7612609863281 37.4161643981934 36.8130874633789 37.3107604980469 37.4637451171875 37.5708618164062 37.504207611084 37.3515396118164 36.9552764892578 37.0420684814453 37.0003051757812 36.8567085266113 36.6718368530273 36.1395645141602 35.929744720459 35.6363182067871 35.08251953125 35.2613334655762 35.6854095458984 36.0288848876953 36.3356437683105 36.2517585754395 36.257511138916 35.7391319274902 35.3891105651855 34.2587585449219 34.2496795654297 34.3442420959473 35.2180137634277 35.3567924499512 34.9148864746094 34.7955551147461 34.2505187988281 32.9539833068848 33.1594390869141 32.738094329834 32.5745124816895 34.1804161071777 35.7608871459961 36.1436195373535 35.930492401123 34.4244995117188
38.2743644714355 38.1804809570312 37.9186973571777 37.9302864074707 37.8812484741211 37.6352005004883 37.0935745239258 36.9655227661133 37.2380065917969 37.5312805175781 37.6126747131348 37.3387832641602 36.7130584716797 36.9040985107422 37.0986251831055 36.4555740356445 36.4007415771484 35.6705322265625 35.5882263183594 35.3555488586426 34.7117347717285 35.1453704833984 35.5412139892578 36.0465126037598 36.4661331176758 36.4619369506836 36.0717010498047 35.6361808776855 35.4533157348633 34.7234802246094 33.4766273498535 33.7347183227539 34.0372085571289 34.5788993835449 34.9238433837891 34.3450813293457 34.3971519470215 33.5615158081055 32.6211166381836 32.8703765869141 33.0508918762207 34.0749359130859 34.9918060302734 35.879955291748 35.811695098877 34.1497001647949
38.082160949707 38.2637405395508 38.1081390380859 38.0526962280273 37.9249877929688 37.6950950622559 37.3562469482422 36.9155960083008 37.0653610229492 37.5204582214355 37.6457901000977 37.5828628540039 37.3836822509766 37.2347259521484 36.8916625976562 36.171760559082 36.3443908691406 36.0934715270996 36.2083969116211 35.3287544250488 35.3176765441895 35.1625938415527 35.2460975646973 35.8704643249512 36.4012985229492 36.5528526306152 35.690113067627 34.8466911315918 34.9154090881348 34.8145484924316 34.245532989502 33.7111587524414 33.2949142456055 33.7147331237793 34.5525741577148 33.9664268493652 33.7320327758789 33.6710052490234 32.7791442871094 32.4677619934082 32.6570053100586 32.7430648803711 33.5586547851562 35.0106163024902 35.4105186462402 34.248893737793
37.8410491943359 38.1962585449219 38.2374076843262 38.1026802062988 37.9102439880371 37.7910270690918 37.599048614502 37.1676177978516 36.8502769470215 37.4621658325195 37.6591720581055 37.2861938476562 36.6132202148438 36.6633911132812 36.747673034668 36.7118606567383 36.7348175048828 36.5786819458008 36.3717193603516 36.0670433044434 35.747257232666 35.1330108642578 35.437255859375 36.2082862854004 36.6086273193359 36.4996337890625 35.8361396789551 35.6674537658691 35.1753768920898 34.6772613525391 33.4902000427246 33.1179237365723 34.1113204956055 33.9652709960938 33.756664276123 33.5230102539062 33.3052520751953 33.5642471313477 33.043270111084 32.3397216796875 32.3565940856934 31.8359031677246 32.5959281921387 33.6546363830566 33.9287567138672 33.3254241943359
37.559383392334 37.8387451171875 38.2635841369629 38.1678581237793 38.0396881103516 37.9536323547363 37.7712326049805 37.4252395629883 37.3980560302734 37.5950927734375 37.7083511352539 37.3563766479492 37.03955078125 36.3300094604492 36.4811172485352 36.7385559082031 36.8475723266602 37.0085906982422 36.5807571411133 36.3824043273926 35.9923820495605 35.6309661865234 35.6885948181152 36.2092056274414 36.5981636047363 36.4969215393066 35.8407325744629 35.1148986816406 34.1542549133301 34.1395683288574 33.7861480712891 33.7212409973145 34.5156478881836 34.2603721618652 33.4032440185547 33.1513748168945 33.5804977416992 33.2980804443359 32.9291725158691 32.4043617248535 32.4401626586914 32.1923446655273 31.8554592132568 32.5068206787109 32.890007019043 33.1609764099121
37.4191970825195 37.4771347045898 38.2461051940918 38.2331771850586 38.1470909118652 38.026424407959 37.8630752563477 37.5523910522461 37.5746612548828 37.8204727172852 37.7602272033691 37.5736694335938 37.2304153442383 36.7629241943359 36.6553115844727 36.9268112182617 37.2037124633789 37.1750640869141 36.9243545532227 36.4833183288574 35.9929428100586 35.6649627685547 35.8073501586914 35.9383583068848 36.1310691833496 36.4326820373535 35.5052604675293 34.7336692810059 34.1450958251953 34.3587303161621 34.4093589782715 34.317497253418 34.6992950439453 34.1831016540527 33.9327964782715 33.8351135253906 33.4197158813477 32.8572158813477 33.3311920166016 33.5304107666016 33.1078033447266 32.6803588867188 32.1776084899902 32.5727958679199 33.0448112487793 33.3968315124512
37.5806617736816 38.029182434082 38.250617980957 38.2042503356934 38.2016220092773 38.1063652038574 37.971508026123 37.6262588500977 37.6915664672852 37.9511604309082 37.7651176452637 37.6897506713867 37.4854698181152 37.5371589660645 37.4366455078125 37.4062538146973 37.4080810546875 37.316650390625 37.1007385253906 36.6057205200195 36.3379058837891 36.4771423339844 36.7078323364258 36.9077224731445 36.7598571777344 36.3553581237793 36.1567192077637 35.6816215515137 35.3220062255859 35.1337890625 35.1812286376953 34.9719314575195 34.8667449951172 34.3077239990234 33.7630424499512 33.3260536193848 32.8094482421875 33.8300476074219 34.0845413208008 34.0168647766113 32.7473030090332 32.6704902648926 32.2028045654297 31.9384002685547 33.1262550354004 33.6314659118652
37.9920425415039 38.1744079589844 38.2123985290527 38.1302528381348 38.1312103271484 38.1608200073242 38.0976257324219 37.9806289672852 37.7862319946289 37.8945007324219 37.8552398681641 37.7792663574219 37.6534080505371 37.5499076843262 37.44140625 37.3588714599609 37.4798126220703 37.3820877075195 37.2409439086914 37.1258888244629 37.0196685791016 36.9712829589844 36.7714996337891 36.8654708862305 36.4450759887695 35.4767303466797 35.4174728393555 35.0089416503906 34.4698753356934 35.1926422119141 35.442138671875 35.3915748596191 34.6699562072754 34.3687973022461 34.2408485412598 34.1718597412109 34.1369781494141 33.8284645080566 34.3980255126953 34.7031555175781 34.1989974975586 33.7633171081543 33.1456565856934 32.6253967285156 33.5901641845703 34.0366706848145
37.3019714355469 37.8271408081055 38.1923751831055 38.120922088623 38.001293182373 38.0759506225586 38.0263824462891 37.8674240112305 37.4813194274902 37.5125770568848 37.7969703674316 37.6136856079102 37.1266899108887 37.268627166748 37.4225311279297 36.9087562561035 37.2979736328125 37.443733215332 37.3849105834961 37.3263473510742 37.2623481750488 36.8820686340332 36.2783889770508 36.6295204162598 36.458927154541 36.1938705444336 36.1138458251953 35.7808952331543 35.4252777099609 35.6582450866699 35.6027908325195 35.3436584472656 34.9099731445312 35.1230621337891 35.0717697143555 34.176342010498 34.6839065551758 33.8776702880859 34.1632194519043 34.8588333129883 34.8220252990723 34.5705604553223 33.8459930419922 33.0635948181152 33.629810333252 34.3199996948242
36.4933967590332 37.4389152526855 38.0961685180664 38.1972465515137 38.1277923583984 38.0941925048828 37.9925956726074 37.8838272094727 37.6808013916016 37.2064437866211 36.8282241821289 37.4914741516113 36.7186088562012 36.4204711914062 37.2156982421875 36.8778419494629 36.8531532287598 37.2607650756836 37.2732887268066 37.2609634399414 37.2560386657715 37.2188148498535 37.0815353393555 36.8554649353027 36.4574699401855 36.0886535644531 36.0936889648438 36.0207748413086 35.9538879394531 35.7696990966797 35.5970573425293 35.2030487060547 34.9305534362793 35.5111122131348 35.3812942504883 35.1154136657715 35.108470916748 34.5648612976074 34.2256011962891 34.8375854492188 34.9995651245117 34.4057426452637 33.2197189331055 32.2008743286133 32.590015411377 34.1530570983887
37.4326210021973 37.279369354248 37.7964553833008 37.9526138305664 38.1373596191406 38.0993041992188 37.9848747253418 37.8525390625 37.705738067627 37.4366188049316 36.8409881591797 37.2118644714355 36.2390365600586 36.0018615722656 36.6887283325195 36.5463943481445 35.9090118408203 36.9027442932129 36.8859596252441 36.8565826416016 37.0758628845215 37.202953338623 37.1028366088867 36.7074356079102 35.9301414489746 35.3880729675293 35.0231666564941 35.3178939819336 35.8144569396973 35.2725524902344 35.0601844787598 34.3518753051758 34.9921035766602 35.7490081787109 35.564624786377 35.3718414306641 35.3980293273926 34.9898071289062 34.6380882263184 34.8832054138184 35.0502967834473 34.018871307373 33.0979690551758 33.3662071228027 33.6702270507812 34.1930236816406
37.5609092712402 37.8694763183594 37.9238929748535 37.9262390136719 38.0391998291016 38.0776405334473 38.0120620727539 37.9287414550781 37.7825889587402 37.3677711486816 37.0036849975586 36.6497192382812 36.2711639404297 35.931453704834 36.3980903625488 36.2590484619141 36.2763671875 36.0990791320801 35.8577041625977 35.8317222595215 36.8685722351074 37.0960998535156 37.0654487609863 36.9586334228516 36.4183540344238 35.3646354675293 34.0864601135254 34.8206825256348 35.5417213439941 34.6674194335938 34.9984245300293 35.5120544433594 35.7629013061523 35.9927101135254 35.8982429504395 35.7035713195801 35.257495880127 34.4936294555664 34.8902473449707 35.0811614990234 35.3519287109375 35.0275573730469 34.8724021911621 34.8361968994141 34.7758979797363 34.2551422119141
37.7792625427246 37.7636756896973 37.6188735961914 37.7002449035645 38.0828399658203 37.9826469421387 37.9842262268066 37.9601249694824 37.8701591491699 37.5541458129883 36.5535469055176 36.622631072998 36.2227745056152 35.1958847045898 35.8550987243652 35.637378692627 35.4791259765625 34.8415489196777 35.5878639221191 35.9135589599609 36.878662109375 36.8883285522461 36.996208190918 37.0738830566406 36.3090019226074 35.3396606445312 34.2922554016113 34.9808158874512 35.5195770263672 35.0636558532715 35.4941101074219 35.8751754760742 36.1977043151855 36.1869468688965 35.7834815979004 35.5366897583008 35.198127746582 34.943790435791 35.3974304199219 35.457332611084 35.475944519043 35.3910293579102 35.2610282897949 34.670955657959 33.9077033996582 33.8596839904785
37.9132270812988 37.8997917175293 37.8682975769043 37.737003326416 38.1027145385742 38.0916595458984 38.0291366577148 37.9713020324707 37.9029998779297 37.8068428039551 37.5146942138672 36.853572845459 36.0964698791504 35.0201530456543 35.3002853393555 35.2577285766602 34.8595161437988 35.1051940917969 35.3210411071777 36.2324409484863 36.9091644287109 36.5312347412109 37.1285743713379 36.9834632873535 36.4547500610352 36.2295036315918 35.272876739502 35.3534812927246 35.6510925292969 35.4834976196289 36.0078201293945 35.9649620056152 36.334716796875 36.2574310302734 36.1113815307617 35.8815040588379 35.1280860900879 35.263053894043 35.4780960083008 35.4575576782227 35.4712333679199 35.335319519043 35.2484245300293 34.7826232910156 34.7012329101562 34.5717468261719
