inst/extdata/Tmax/Tmax38.asc
NCOLS 100 
NROWS 79 
XLLCORNER 148.06 
YLLCORNER -21.49 
CELLSIZE 0.01 
NODATA_value -3.4e+38 
[rows 0 to 19 of 79, columns 0 to 45 of 100]
26.645923614501999 26.7010116577148 25.8770503997803 26.937292098999 26.991605758667 27.3663845062256 27.4285049438477 27.2132453918457 26.9813499450684 27.1185474395752 26.6170883178711 26.5971088409424 26.6089248657227 25.3177089691162 25.8488311767578 26.2985038757324 26.5991687774658 26.6562042236328 25.1597423553467 24.4883270263672 23.5731544494629 22.0658435821533 22.6359691619873 24.2485637664795 24.9819030761719 25.6747303009033 25.2544994354248 25.2467803955078 25.4514102935791 25.0035858154297 22.7916202545166 20.5561943054199 18.8413276672363 18.9803657531738 17.5360431671143 16.0483341217041 15.6135692596436 15.2516994476318 16.0594730377197 18.3076915740967 20.2846622467041 20.6581058502197 21.3458671569824 26.9450206756592 26.5842685699463 25.5839824676514
27.2403030395508 26.1506271362305 24.6723518371582 25.404369354248 25.3329029083252 26.5047836303711 27.0726947784424 27.3095893859863 27.9099254608154 27.9950046539307 27.3646144866943 26.3677673339844 27.0354919433594 25.9397010803223 26.2036724090576 25.8669300079346 26.7727317810059 26.5978660583496 25.6461734771729 24.6394290924072 24.965295791626 24.1264724731445 23.8554058074951 24.3789234161377 24.9420700073242 25.4993000030518 25.9625434875488 25.9332294464111 25.5798740386963 25.1042366027832 23.8456802368164 21.6648960113525 19.6943225860596 21.9156341552734 18.5679149627686 17.0889873504639 16.4210433959961 17.4482250213623 18.7658939361572 19.7901821136475 21.4079055786133 21.4977493286133 24.7072849273682 25.5091457366943 26.1440277099609 25.0228881835938
27.0436782836914 25.9891204833984 26.0457038879395 26.6310062408447 25.9524803161621 26.3377513885498 26.8339405059814 27.4560928344727 27.911247253418 27.986083984375 27.4434814453125 26.6999320983887 27.0126838684082 26.5849895477295 25.9834327697754 26.004638671875 26.1560897827148 26.4963150024414 25.5997447967529 25.0829582214355 24.5605030059814 24.7897109985352 24.2641258239746 24.5956764221191 25.6053295135498 25.8556308746338 25.8341026306152 25.8219108581543 26.0356407165527 25.4299125671387 25.7043018341064 24.1259479522705 25.2162075042725 21.8572559356689 23.7850074768066 17.7558441162109 16.6816177368164 16.3120574951172 17.6331558227539 18.9720287322998 20.8472366333008 27.1981868743896 27.1556434631348 23.7791004180908 23.6269340515137 26.1703796386719
27.5994834899902 27.3570919036865 26.3836460113525 27.5402526855469 26.7139682769775 26.1561489105225 26.8293952941895 27.3771266937256 27.7398014068604 27.9127159118652 27.6915168762207 27.1825542449951 27.0804958343506 27.0747928619385 26.6591053009033 26.5788688659668 26.787691116333 26.3799953460693 26.1547393798828 25.0916061401367 24.7899570465088 24.4750461578369 24.606502532959 24.6341285705566 25.3855609893799 25.7194232940674 25.606481552124 25.6756763458252 25.333251953125 24.3806190490723 24.6906147003174 25.7891674041748 24.3242092132568 21.9777431488037 17.9684429168701 16.9112987518311 17.1681613922119 16.5285301208496 16.4790573120117 15.9388799667358 17.8253650665283 20.5554389953613 24.1895027160645 27.7729263305664 21.9023590087891 21.9489517211914
28.3491516113281 27.4953174591064 27.3239860534668 27.9418144226074 27.5293292999268 26.9706211090088 26.3897037506104 27.4692974090576 28.3458442687988 27.5812110900879 27.7905406951904 27.5408782958984 27.4718818664551 27.3005294799805 26.7853488922119 26.4893188476562 26.5309448242188 25.9586315155029 25.2040596008301 24.3133354187012 24.3912200927734 24.9262256622314 24.9948482513428 25.2789783477783 25.0087013244629 24.8930721282959 26.258882522583 25.4360618591309 25.2910251617432 25.4080142974854 24.8672332763672 25.0426940917969 24.2342643737793 23.1626415252686 23.6072540283203 18.7723197937012 18.2400093078613 17.6558361053467 16.2386341094971 16.0471611022949 15.8480777740479 19.966775894165 23.3698291778564 25.4522399902344 21.2352161407471 20.2887668609619
28.8766002655029 28.2427597045898 27.4200839996338 27.8336162567139 28.0621204376221 27.4454669952393 27.3842582702637 27.7255516052246 27.9624309539795 27.7391796112061 27.6149864196777 28.1090221405029 27.6354656219482 27.1146430969238 26.102165222168 26.5038471221924 26.4362888336182 25.5938739776611 24.8050670623779 24.165376663208 24.2533187866211 24.9806842803955 25.1486835479736 25.0949783325195 25.9460697174072 25.550365447998 25.7137279510498 24.5836009979248 24.4216213226318 23.5911865234375 22.8701457977295 23.9822444915771 24.6903495788574 23.7712593078613 23.2912921905518 23.6170558929443 18.9016704559326 18.2683029174805 17.707649230957 17.0335464477539 16.1199321746826 18.9464263916016 24.3693561553955 23.4571380615234 21.4924793243408 18.4702224731445
27.9433765411377 28.508113861084 28.3349685668945 28.696418762207 28.1868133544922 27.7990417480469 26.8081150054932 27.2405796051025 27.8759899139404 28.1081409454346 28.3573055267334 28.3537464141846 27.2787456512451 26.7905178070068 26.7247657775879 26.7443733215332 26.2239379882812 25.4103260040283 24.9055728912354 24.3372974395752 23.6588230133057 24.3942794799805 24.9745845794678 25.3216781616211 25.7182064056396 26.0802249908447 26.0052013397217 25.0534839630127 24.7883033752441 22.8226833343506 21.9751071929932 21.1998691558838 22.6420783996582 23.5003528594971 23.2972927093506 22.8566646575928 19.2755851745605 17.3381843566895 17.4999523162842 17.2933025360107 17.221809387207 19.2000331878662 25.1493015289307 26.3268661499023 21.7287311553955 24.2339878082275
28.5795497894287 28.0564785003662 28.7749557495117 28.930492401123 28.3188533782959 28.0371208190918 26.9446125030518 27.0546722412109 27.6818199157715 27.9508533477783 27.9420795440674 27.7169647216797 26.8366851806641 27.3965835571289 27.325891494751 25.9763088226318 25.6729526519775 24.7960529327393 25.2860698699951 24.0785579681396 22.9883918762207 23.6839447021484 24.2809715270996 25.4072647094727 25.7962112426758 26.0855293273926 25.7884006500244 24.7756786346436 24.3543720245361 23.7379455566406 21.4116516113281 21.0373916625977 21.8409633636475 21.7648277282715 22.3991584777832 22.572093963623 18.5823574066162 17.5428371429443 16.9650707244873 17.4794254302979 17.6719017028809 18.9537258148193 20.1830883026123 21.46608543396 21.5618782043457 19.1253662109375
27.7811241149902 28.4832706451416 28.1232681274414 28.2926254272461 28.2021465301514 28.1364917755127 27.6820335388184 26.8741550445557 27.3067817687988 27.8426380157471 28.0340957641602 28.4582557678223 28.6585311889648 27.5124111175537 27.0652961730957 25.6811199188232 25.5421466827393 25.4283638000488 25.6962585449219 24.2495059967041 24.2645969390869 23.8696250915527 24.2399368286133 25.2477798461914 25.8637943267822 26.2067279815674 25.086893081665 23.3511867523193 23.8388004302979 23.6879081726074 22.553581237793 21.4982280731201 21.1134567260742 20.5668983459473 23.3405361175537 21.2155342102051 22.0538196563721 22.3415012359619 17.1333980560303 16.9238014221191 17.0508079528809 17.2696285247803 17.9470520019531 19.832010269165 20.5557994842529 19.0479393005371
27.0910739898682 28.1056880950928 28.3604068756104 28.8242416381836 28.1644630432129 28.2415561676025 27.7698707580566 27.2216567993164 27.3671646118164 27.4585075378418 27.9524059295654 27.9501361846924 26.7911167144775 26.7347793579102 26.7409343719482 26.5163192749023 26.3818016052246 26.076810836792 25.5291614532471 25.3328876495361 25.2915687561035 24.3436985015869 24.8246574401855 25.7919883728027 26.6135654449463 26.5054988861084 25.2676010131836 24.6821517944336 23.8582172393799 22.6459789276123 21.5861282348633 21.1520481109619 21.4562397003174 22.0933303833008 22.4759349822998 20.759334564209 17.7354354858398 21.1469326019287 17.7289867401123 16.625904083252 16.6324577331543 16.1893405914307 16.9728813171387 18.2575740814209 18.3770618438721 18.0001621246338
27.3604583740234 28.4428901672363 28.4396305084229 27.9210262298584 28.649995803833 28.8162097930908 28.2380619049072 27.6214656829834 27.7237167358398 27.7671089172363 28.1550540924072 27.5477867126465 27.2426338195801 26.0129928588867 26.2136135101318 26.3104572296143 26.3025016784668 26.5034027099609 26.0235328674316 25.966272354126 24.7879581451416 24.6747989654541 24.5403690338135 25.5413379669189 25.9344024658203 26.7644882202148 25.015064239502 23.056755065918 22.1492328643799 21.9753284454346 21.5188045501709 21.9732437133789 22.8650722503662 22.760705947876 22.0580463409424 20.2445640563965 17.9330520629883 17.5668048858643 17.5055828094482 16.6191520690918 16.7413940429688 16.2449893951416 16.0559406280518 16.9611148834229 17.5327644348145 17.9269599914551
27.8188858032227 27.2679691314697 28.0786037445068 28.2369689941406 28.3095111846924 29.2385444641113 28.5310878753662 27.757007598877 27.5981636047363 27.9402351379395 27.6530933380127 28.1201820373535 27.7162837982178 27.101842880249 26.8679370880127 26.72926902771 27.0297603607178 26.8471069335938 26.5937881469727 25.8461360931396 24.9666042327881 24.4853363037109 24.9901828765869 25.000452041626 24.906135559082 25.575834274292 23.8807754516602 22.9941883087158 22.3494281768799 22.6701183319092 22.9846000671387 22.9644813537598 23.0133609771729 22.4213085174561 22.2999420166016 21.2267284393311 21.9352359771729 16.8383560180664 17.5743503570557 17.8754138946533 17.586893081665 17.1886138916016 16.2313823699951 17.081937789917 17.4571685791016 17.629955291748
27.9487056732178 28.1507453918457 28.2347812652588 28.9563045501709 28.8596744537354 28.9297142028809 28.2635402679443 27.5058135986328 27.8770580291748 28.9315872192383 27.9196453094482 28.2779884338379 27.5819759368896 28.1028156280518 27.6372718811035 27.3468647003174 27.8634300231934 27.3416175842285 27.0482978820801 25.6993217468262 25.4553298950195 25.9127426147461 26.0408496856689 26.5457630157471 26.3933544158936 25.8019332885742 25.4018630981445 24.5175838470459 23.6517601013184 23.3185691833496 24.1898555755615 23.8768005371094 23.7128067016602 23.1233692169189 21.6878852844238 20.8851737976074 19.6533908843994 21.2546691894531 20.2350788116455 18.5644626617432 16.8300800323486 16.5860862731934 16.0948429107666 15.798378944397 17.7637252807617 18.2390613555908
28.6741676330566 28.9611988067627 27.7097091674805 28.2034606933594 27.8115921020508 27.8678436279297 28.6249084472656 28.0527629852295 28.2388515472412 28.234260559082 28.2043514251709 28.0381183624268 27.6687145233154 27.2161293029785 27.5503177642822 27.1681365966797 27.6083126068115 27.3294410705566 27.128927230835 26.4724426269531 26.676305770874 26.7553234100342 26.4763069152832 26.643726348877 25.829460144043 23.9708862304688 23.5763854980469 23.4734344482422 22.6915321350098 23.2663955688477 24.2254085540771 24.0289573669434 23.417387008667 22.6059799194336 21.9337749481201 23.4925518035889 22.0234565734863 18.2736206054688 22.5504512786865 23.9967956542969 23.1253604888916 18.4693756103516 17.4455299377441 17.1641826629639 17.9525089263916 18.9025287628174
27.0692138671875 27.3711128234863 27.98801612854 28.4105777740479 28.1610298156738 28.0268001556396 28.0512619018555 28.7337589263916 27.623441696167 27.4258117675781 27.5853633880615 27.3488636016846 26.6600360870361 26.6354064941406 26.9947414398193 26.3966865539551 27.3070697784424 27.4166812896729 27.2637538909912 27.3712692260742 27.1040363311768 26.3954582214355 25.5486888885498 25.7569732666016 25.6244964599609 25.4238243103027 25.1385974884033 24.5191383361816 23.9120826721191 24.6691226959229 24.0297203063965 24.3420906066895 24.0805683135986 24.1960391998291 23.8264484405518 22.2420692443848 23.0725173950195 22.4464054107666 22.3145923614502 23.9513111114502 23.6981964111328 23.7159595489502 18.4489688873291 17.4364814758301 18.0418376922607 19.2132873535156
25.386266708374 27.0082664489746 28.0896339416504 27.8515224456787 28.5614070892334 28.5378570556641 28.3202648162842 27.8988304138184 28.4531307220459 27.8747215270996 26.3800754547119 27.2852516174316 26.0198173522949 25.1774997711182 26.4309616088867 26.2368431091309 25.7078742980957 26.4593410491943 27.2608852386475 27.025842666626 26.9058494567871 26.7231464385986 26.6165161132812 26.556978225708 26.14524269104 25.7165431976318 25.9400825500488 25.5012493133545 25.3324604034424 24.9903011322021 24.7450256347656 24.0332183837891 23.983039855957 24.6186599731445 24.4419574737549 24.2848052978516 24.7186431884766 22.9610748291016 24.2110805511475 24.9051322937012 24.271936416626 22.6711807250977 17.4968585968018 16.3639755249023 17.0954036712646 18.3470973968506
26.7299633026123 25.6375923156738 27.1453704833984 28.2173748016357 27.3155212402344 27.3075885772705 28.477466583252 27.7530059814453 27.6732654571533 27.957763671875 26.7784786224365 26.8613624572754 25.4868831634521 24.8622779846191 25.9120426177979 24.8985328674316 24.6688537597656 25.9242153167725 25.97412109375 26.2324924468994 26.8326263427734 26.8363952636719 26.3008213043213 26.2576732635498 25.4100074768066 24.7341251373291 24.0962829589844 24.5685863494873 25.2906227111816 24.1653022766113 23.786111831665 23.0201625823975 23.4905910491943 24.4996585845947 24.7105388641357 24.4289493560791 24.9871730804443 24.9301471710205 24.3750190734863 23.9289627075195 24.2148895263672 22.3958225250244 21.0087203979492 18.0728130340576 17.6422538757324 18.5962390899658
27.1293315887451 27.0835990905762 27.1826610565186 28.3778133392334 27.7083797454834 28.1511421203613 28.7029438018799 28.7352867126465 28.9692649841309 28.6202049255371 28.2323627471924 27.7243137359619 25.7134685516357 25.0501079559326 25.5802326202393 25.0353736877441 24.7575054168701 24.593505859375 23.8707218170166 25.1195545196533 26.2341117858887 27.1002922058105 27.3653240203857 26.7552623748779 25.3204002380371 23.5794906616211 22.5719013214111 23.4250049591064 24.5569744110107 23.9193286895752 23.7943019866943 24.7708873748779 24.7478618621826 24.7999076843262 25.4753570556641 24.5514583587646 24.0293312072754 23.841833114624 24.5008335113525 24.6036396026611 25.085973739624 24.6328372955322 23.4667739868164 22.9853324890137 20.1868209838867 19.6604690551758
28.1900997161865 26.9865798950195 26.5717754364014 27.1917972564697 27.4709167480469 28.0719909667969 28.9210567474365 28.1599769592285 29.0566215515137 28.6378517150879 27.1496200561523 27.4296703338623 26.4130115509033 23.4690799713135 23.9841403961182 23.2306537628174 23.6443767547607 22.9277763366699 24.2195911407471 25.3563499450684 26.7938232421875 26.6022796630859 27.1904926300049 27.1630630493164 25.6605358123779 24.1671276092529 22.5019836425781 23.1377716064453 24.8327980041504 23.9435939788818 24.3884963989258 25.2426071166992 26.1759243011475 26.1729583740234 25.2819805145264 24.8656444549561 24.2833423614502 24.2930374145508 25.1389656066895 25.1428718566895 25.2358379364014 25.1263618469238 24.8045845031738 24.5053939819336 22.5946807861328 19.5269222259521
27.0948162078857 27.1524143218994 27.556079864502 27.2295074462891 28.0475387573242 27.9649333953857 28.8984527587891 28.8918209075928 27.8660640716553 28.1932182312012 28.5011444091797 27.5812034606934 26.4647426605225 23.0714702606201 23.6337509155273 23.750560760498 23.2480945587158 23.6555767059326 23.7459411621094 25.1233329772949 26.5373420715332 26.1788940429688 26.9285373687744 26.9819736480713 26.4155120849609 25.3982486724854 24.0297050476074 23.78537940979 24.6114311218262 24.8536319732666 25.6732845306396 26.123462677002 26.1723079681396 26.1917743682861 26.2521629333496 25.2096824645996 24.2933616638184 24.2375373840332 24.3201465606689 24.8159828186035 25.6191749572754 25.1871147155762 24.2135581970215 24.2896766662598 23.2062072753906 22.6145095825195
