inst/extdata/Tmax/Tmax152.asc
NCOLS 100 
NROWS 79 
XLLCORNER 148.06 
YLLCORNER -21.49 
CELLSIZE 0.01 
NODATA_value -3.4e+38 
[rows 40 to 59 of 79, columns 0 to 45 of 100]
39.366905212402301 39.0443572998047 39.1083297729492 39.1685562133789 39.045524597168 39.2036361694336 39.1577301025391 38.9384841918945 38.3925857543945 38.9315032958984 39.7254486083984 40.1313934326172 40.201530456543 40.2900543212891 40.3965682983398 40.1622009277344 39.8388977050781 39.4331893920898 38.7490463256836 39.3779144287109 39.3906478881836 39.2696762084961 39.2171745300293 38.7508659362793 37.675365447998 36.9109687805176 36.6791152954102 36.8168029785156 36.9814758300781 36.2311019897461 35.4728240966797 35.9984321594238 37.5642204284668 37.257511138916 36.9667015075684 37.3920860290527 37.2948608398438 36.9246864318848 36.6801605224609 36.1545562744141 36.1273193359375 35.0813941955566 34.4057579040527 34.4203605651855 34.1297492980957 33.9562149047852
39.5449066162109 39.0775375366211 38.9546279907227 39.1019897460938 39.0012969970703 39.1223068237305 39.1423873901367 39.0364303588867 38.7581253051758 38.9292373657227 39.3630676269531 39.8042144775391 40.1105041503906 40.3414306640625 40.4213409423828 40.2625961303711 39.8996734619141 39.307373046875 38.9208679199219 39.1227722167969 39.1749114990234 38.8998336791992 39.1430282592773 38.824161529541 38.0352630615234 37.4519538879395 36.710994720459 36.637825012207 36.9163970947266 36.4111557006836 35.9190979003906 36.6972236633301 37.5459976196289 36.6560020446777 35.8003883361816 36.7498207092285 36.8154106140137 37.0951080322266 37.0731658935547 36.8137626647949 36.6916809082031 35.8158912658691 34.1423606872559 34.0172958374023 34.1283798217773 34.1010131835938
39.3748321533203 39.3212890625 39.0897216796875 38.9671478271484 39.0633773803711 39.1124954223633 39.0969390869141 39.073616027832 39.0550842285156 39.0203247070312 39.1037750244141 39.6987915039062 40.1154174804688 40.3176727294922 40.3600921630859 40.3269653320312 40.0564727783203 39.6843109130859 39.4285202026367 39.3933181762695 39.3112564086914 38.5311164855957 38.4680404663086 38.7633972167969 38.8190612792969 38.3044586181641 37.2570648193359 36.8821334838867 36.8099822998047 36.5606727600098 35.4968147277832 36.8062324523926 36.8958587646484 35.6154708862305 34.6519241333008 35.7695503234863 35.7797355651855 36.5907897949219 36.8148498535156 36.4726638793945 36.2130928039551 36.2818145751953 35.576416015625 35.3330955505371 35.8646278381348 37.0973968505859
38.9740600585938 39.0969772338867 39.1037368774414 39.1197814941406 39.1775665283203 39.1909370422363 39.1608810424805 39.120979309082 39.2105484008789 39.1974029541016 39.2313461303711 39.7420043945312 40.0689430236816 40.2834815979004 40.3345031738281 40.3792381286621 40.2610092163086 40.0211906433105 39.7002944946289 39.7714653015137 39.5796279907227 39.274730682373 38.4696655273438 38.0635147094727 38.9024848937988 38.6666374206543 38.1788597106934 37.6188011169434 37.2342987060547 37.0442047119141 36.1019020080566 36.0086097717285 36.8783340454102 36.2888336181641 35.5325736999512 34.9961242675781 35.1106300354004 35.4314842224121 35.7296447753906 35.4652214050293 34.9339599609375 35.816219329834 35.3049583435059 36.4775695800781 38.6490859985352 39.4109878540039
38.6199722290039 38.8517303466797 38.850025177002 38.872241973877 39.1164932250977 39.2760391235352 39.3212280273438 39.2763519287109 39.3726387023926 39.4516181945801 39.6799774169922 39.858642578125 40.0403671264648 40.1889152526855 40.2886810302734 40.3788070678711 40.3491630554199 40.1953315734863 40.0260314941406 39.9902000427246 39.8526916503906 39.6875343322754 39.3401947021484 39.1022758483887 38.9081268310547 38.3687934875488 38.6865539550781 38.5614204406738 38.190544128418 37.3823699951172 36.6670112609863 36.667552947998 37.0725479125977 37.2937507629395 36.9573364257812 35.5651626586914 33.9777221679688 33.9545822143555 34.1021728515625 34.5265464782715 34.3999633789062 35.0714111328125 34.517692565918 35.5505065917969 37.723762512207 39.4294776916504
38.6369247436523 38.7220268249512 38.5593109130859 38.4489784240723 38.7155647277832 39.0024909973145 39.2946929931641 39.4618492126465 39.5662956237793 39.7016181945801 39.8095512390137 39.727840423584 39.4787330627441 39.9590225219727 40.2627754211426 40.3464050292969 40.3548927307129 40.297061920166 40.2081680297852 40.1513061523438 40.0617790222168 39.9408569335938 39.8945617675781 39.1677169799805 38.7643013000488 38.6930961608887 38.8024826049805 38.6196670532227 38.4118843078613 37.8101806640625 36.3296928405762 36.5858154296875 36.9776916503906 37.0755729675293 37.2154197692871 36.1523857116699 34.6045036315918 34.3361129760742 34.3959274291992 34.9427947998047 34.2476196289062 34.6874389648438 35.1885147094727 35.5830841064453 36.6672096252441 38.1076354980469
38.4631423950195 38.438232421875 38.4702224731445 38.4031219482422 38.3063507080078 38.3968162536621 39.0073547363281 39.1815071105957 39.352108001709 39.397388458252 39.6864471435547 39.826171875 39.5458221435547 39.8837661743164 40.184928894043 40.3046760559082 40.3231315612793 40.2660598754883 40.238639831543 40.2107696533203 40.1401214599609 40.0661392211914 39.9629516601562 39.4013900756836 38.4198455810547 38.5751838684082 38.7960395812988 38.5452346801758 38.5044288635254 38.3462104797363 37.4013824462891 37.0206604003906 36.6134490966797 36.9467811584473 37.1319007873535 36.5840263366699 35.3204193115234 35.6797142028809 35.0611152648926 35.927661895752 35.2739639282227 35.4689292907715 35.632194519043 35.7824211120605 35.7943077087402 35.5864143371582
38.9817810058594 38.224048614502 38.150562286377 38.1080589294434 38.0977897644043 38.2681274414062 38.6573944091797 38.6252593994141 38.9489555358887 39.0308227539062 39.1510963439941 39.2435722351074 39.4930114746094 39.859691619873 40.1143379211426 40.28173828125 40.2773017883301 40.1552658081055 39.9561653137207 39.8586158752441 40.043098449707 39.8277587890625 39.8709449768066 39.8112335205078 39.2725257873535 39.1735038757324 39.2006301879883 38.9797134399414 38.7947044372559 38.5441474914551 37.7316932678223 37.3026428222656 36.4688262939453 36.9610710144043 37.0333976745605 36.7744026184082 36.2639274597168 36.5551414489746 36.2555770874023 36.5683670043945 36.271842956543 36.0299987792969 35.8767585754395 35.7155609130859 35.3230743408203 35.0600891113281
39.8196029663086 38.8721694946289 37.9939651489258 37.837963104248 38.0135345458984 38.2560806274414 38.1882209777832 38.2086410522461 38.6355934143066 39.0151519775391 39.1251029968262 39.117130279541 39.4198150634766 39.8161582946777 40.1337432861328 40.2391357421875 40.257568359375 40.1944999694824 40.0074920654297 39.7527656555176 39.8605537414551 39.8040046691895 39.726749420166 39.9073181152344 39.7934494018555 39.6819343566895 39.3400077819824 39.118839263916 39.0297660827637 38.6924476623535 38.2354125976562 37.6845359802246 36.6636848449707 36.8688201904297 36.8529815673828 36.9449882507324 36.8366317749023 36.8231887817383 36.7044067382812 36.5030403137207 35.5625343322754 35.3657608032227 35.6246452331543 35.3341178894043 35.191593170166 34.7930526733398
40.1227798461914 39.5247764587402 38.5376205444336 37.8732452392578 37.8777656555176 37.8868255615234 37.9311637878418 38.3653106689453 38.671501159668 38.5684089660645 39.336856842041 39.6286468505859 39.7823371887207 39.927490234375 40.0695381164551 40.1946830749512 40.2110824584961 40.1694107055664 40.0634689331055 39.9097518920898 39.8009605407715 39.7243614196777 39.517017364502 39.5861854553223 39.8107566833496 39.8107299804688 39.5447235107422 38.9057235717773 38.3202476501465 38.6644058227539 38.3179397583008 37.9537010192871 36.999153137207 36.6604080200195 36.427360534668 36.8102645874023 36.9140090942383 36.8128776550293 36.7805023193359 36.4248695373535 35.6119270324707 35.1396942138672 35.3760070800781 34.9519119262695 34.8645896911621 34.7733116149902
40.0979537963867 39.8984260559082 39.3752517700195 38.64697265625 38.0287094116211 37.6898574829102 37.8913307189941 38.2923126220703 38.3667449951172 38.7512512207031 39.47119140625 39.7659034729004 39.9416007995605 40.0887336730957 40.1338043212891 40.185417175293 40.0483283996582 40.0838279724121 40.1115989685059 40.0340309143066 39.9158973693848 39.7278251647949 39.5054588317871 39.424243927002 39.5761375427246 39.645191192627 39.701171875 39.4393348693848 39.1130027770996 38.9527816772461 38.306468963623 38.1173553466797 37.1249351501465 36.6522254943848 35.9342041015625 36.5165252685547 36.6799125671387 36.6881713867188 36.7662582397461 36.5617752075195 35.9545783996582 35.75537109375 35.6538581848145 35.4143524169922 35.0425071716309 34.8479156494141
40.0412940979004 40.0112190246582 39.7264938354492 38.9456443786621 38.2671279907227 37.9505882263184 37.9108924865723 38.0318565368652 37.759651184082 37.9650840759277 39.0132637023926 39.5107688903809 39.7493286132812 40.0204200744629 40.1461753845215 40.1201133728027 40.0283546447754 40.047779083252 40.0246162414551 40.0299339294434 39.9313735961914 39.8092308044434 39.6999816894531 39.4675445556641 39.3433303833008 39.286979675293 39.2463798522949 39.4075813293457 39.1519241333008 39.3137817382812 39.359260559082 38.4053611755371 37.7028465270996 37.181266784668 36.6063079833984 36.7797088623047 36.7339706420898 36.5414047241211 36.7268753051758 36.6251983642578 36.0487785339355 35.8578910827637 35.7375946044922 35.5326766967773 34.9599533081055 34.7485656738281
39.8140983581543 39.9167861938477 39.7672462463379 38.6224670410156 37.6943092346191 37.6825828552246 37.8161582946777 37.6748962402344 37.3933296203613 37.5731811523438 38.9150238037109 39.4946174621582 39.7799415588379 40.0267524719238 40.060417175293 40.0206565856934 40.0112838745117 39.9593849182129 39.9277687072754 39.9404449462891 39.9711952209473 39.9094772338867 39.7316856384277 39.5032730102539 39.2516784667969 39.0757484436035 39.0486946105957 39.0116996765137 39.021900177002 38.9133224487305 39.1620597839355 39.0124893188477 38.3461494445801 37.622673034668 37.1132125854492 37.5326690673828 37.4748229980469 36.9201354980469 36.7011795043945 36.798038482666 36.6185035705566 36.3100242614746 35.95263671875 35.6723403930664 35.282413482666 34.8351936340332
39.5696716308594 39.6619529724121 39.8193016052246 39.3222541809082 38.1492347717285 37.7623252868652 38.1910591125488 37.619197845459 37.4547424316406 37.5734596252441 38.8662719726562 39.6048736572266 39.885139465332 40.0180969238281 39.9519805908203 39.856517791748 39.8545112609863 39.9056243896484 39.8849029541016 39.7749443054199 39.8529739379883 39.9369812011719 39.7814292907715 39.6137390136719 39.3943252563477 39.2163505554199 38.7980346679688 38.5871315002441 38.1831588745117 38.615177154541 38.4325675964355 39.095630645752 39.1668014526367 38.765625 38.1894721984863 38.2447052001953 37.805778503418 37.3988838195801 37.0454292297363 37.5096168518066 37.0255584716797 36.7011566162109 36.5276870727539 36.3753929138184 36.0581130981445 35.8934135437012
39.4051399230957 39.3759002685547 39.6208839416504 39.6583518981934 39.1514015197754 38.8893394470215 38.8314247131348 38.4314422607422 38.2095680236816 38.2429428100586 38.4891510009766 38.976921081543 39.7734909057617 39.9526252746582 39.8264846801758 39.7419090270996 39.7362213134766 39.8167037963867 39.7891693115234 39.7298431396484 39.7746086120605 39.9029846191406 39.8620643615723 39.664119720459 39.5500106811523 39.3449821472168 38.9557762145996 38.7133140563965 38.2358512878418 38.5263786315918 37.7930107116699 38.3035736083984 38.5967063903809 38.6391639709473 38.8006591796875 38.6704635620117 38.3111724853516 38.1546936035156 37.6351623535156 37.0584564208984 36.9861068725586 37.0432281494141 36.7731552124023 36.5543022155762 36.5613708496094 36.4019317626953
39.4956932067871 39.4932899475098 39.5778656005859 39.6370239257812 39.5187759399414 38.8265724182129 38.8455772399902 38.940975189209 38.704833984375 38.6748886108398 38.990795135498 39.4244766235352 39.8253364562988 39.9276733398438 39.828987121582 39.6315269470215 39.7006645202637 39.7160110473633 39.5015487670898 39.4977798461914 39.6743621826172 39.7706871032715 39.8500442504883 39.7520484924316 39.627010345459 39.4644966125488 39.2325134277344 38.9433174133301 38.7622032165527 38.5917091369629 38.1078796386719 37.6860542297363 37.8607292175293 37.833568572998 38.3755111694336 38.0390739440918 38.3593635559082 38.0937995910645 37.6853866577148 37.2126922607422 36.9532699584961 36.6990928649902 36.1505012512207 35.4763259887695 36.166072845459 36.402271270752
39.6098442077637 39.5868606567383 39.5773315429688 39.5817527770996 39.4253768920898 38.5245475769043 38.2911376953125 38.8149185180664 38.7049331665039 38.3541564941406 38.711555480957 39.4948234558105 39.8237800598145 39.8777923583984 39.7955513000488 39.5968322753906 39.5922050476074 39.3747940063477 39.0974235534668 39.2817001342773 39.6481094360352 39.6643829345703 39.7759132385254 39.7828598022461 39.6056098937988 39.5484085083008 39.3390426635742 39.0234031677246 38.9373168945312 38.6879425048828 38.222412109375 37.4365158081055 37.1014747619629 37.2834014892578 37.8348388671875 38.0141487121582 37.5797348022461 37.1876335144043 37.43359375 37.3672943115234 36.9819946289062 36.7077560424805 36.1012992858887 35.162052154541 35.7000007629395 36.1478958129883
39.6557502746582 39.6135444641113 39.5827484130859 39.5652389526367 39.5392417907715 39.1624374389648 38.6467361450195 38.384651184082 38.410514831543 38.182746887207 38.7570304870605 39.4903907775879 39.7792510986328 39.809928894043 39.7289276123047 39.5345764160156 39.3482398986816 39.1359100341797 39.0232429504395 39.3549537658691 39.5214767456055 39.6041030883789 39.5801162719727 39.7140464782715 39.662036895752 39.574577331543 39.3804817199707 39.086181640625 38.9620933532715 38.7481117248535 38.2816047668457 38.0476722717285 37.5312767028809 37.3264770507812 37.2778358459473 37.466968536377 37.7808151245117 37.6195983886719 37.2129058837891 36.9911270141602 36.7691268920898 36.5380821228027 36.2639808654785 35.9080581665039 35.1756477355957 35.5294914245605
39.6984062194824 39.6385269165039 39.606029510498 39.611385345459 39.5457763671875 39.319408416748 38.9991874694824 38.3514099121094 38.2455711364746 38.4791450500488 39.0327758789062 39.5253372192383 39.7241020202637 39.7345237731934 39.6026077270508 39.4299392700195 39.0936584472656 39.0237655639648 39.1708717346191 39.224437713623 39.4119415283203 39.3533897399902 39.1642417907715 39.4742469787598 39.6985054016113 39.5763130187988 39.3299827575684 39.1750946044922 39.0365371704102 38.9293670654297 38.7205619812012 38.4681358337402 38.1229934692383 38.0743827819824 37.7096672058105 37.329662322998 37.4506721496582 37.5526008605957 37.298454284668 37.1369819641113 36.9882164001465 36.7150917053223 36.0221862792969 35.5902099609375 35.7537498474121 35.7903594970703
39.6948623657227 39.7055816650391 39.6656265258789 39.6426582336426 39.5324020385742 39.425365447998 39.3103141784668 38.9159622192383 38.4001770019531 38.5289573669434 38.7353172302246 39.0880012512207 39.4361763000488 39.5094947814941 39.459831237793 39.3184432983398 39.0870361328125 38.9616508483887 38.8534812927246 38.9233894348145 39.2135047912598 39.2290878295898 38.9693412780762 39.446475982666 39.7065582275391 39.5968971252441 39.4164199829102 39.2600746154785 39.1884002685547 39.0732536315918 38.950511932373 38.7028427124023 38.3443489074707 38.5998344421387 38.4624824523926 38.0417709350586 37.5216751098633 37.4065475463867 37.5619926452637 38.0570030212402 37.2000770568848 36.8870086669922 36.4357414245605 35.656795501709 35.589599609375 35.4630737304688
