inst/extdata/Tmax/Tmax155.asc
NCOLS 100 
NROWS 79 
XLLCORNER 148.06 
YLLCORNER -21.49 
CELLSIZE 0.01 
NODATA_value -3.4e+38 
[rows 20 to 39 of 79, columns 0 to 45 of 100]
38.373790740966797 38.4048156738281 38.4128875732422 38.3869743347168 38.4101829528809 38.5253601074219 38.4497947692871 38.3884735107422 38.3327255249023 38.250545501709 38.0866661071777 37.7068901062012 37.2872352600098 36.6833038330078 35.446231842041 35.047435760498 34.9739112854004 35.9051475524902 36.8914833068848 37.3010711669922 37.3186798095703 37.3282699584961 37.6479034423828 37.6742057800293 37.5319137573242 37.2647132873535 36.6874389648438 35.8361778259277 36.3364486694336 36.3984069824219 36.962833404541 36.9709739685059 37.1034317016602 37.0713119506836 37.0331726074219 36.8052177429199 36.4355735778809 36.4378089904785 36.0038528442383 36.2392616271973 36.0367851257324 35.358154296875 35.5736923217773 35.6210899353027 35.7330207824707 35.7722930908203
38.44482421875 38.4988555908203 38.5185623168945 38.4913787841797 38.502742767334 38.5080299377441 38.381103515625 38.3150253295898 38.2995796203613 38.2452278137207 38.134349822998 37.9697723388672 37.7572174072266 36.8733978271484 35.4626846313477 35.1635322570801 35.3830680847168 36.165943145752 36.6438903808594 36.9990997314453 37.1198501586914 37.0351524353027 37.5368537902832 37.6680870056152 37.48681640625 37.5022811889648 37.4629516601562 36.7539978027344 36.6088905334473 37.0962295532227 37.207893371582 37.1017303466797 36.7931175231934 36.2311096191406 36.2482147216797 36.2266120910645 36.6415481567383 35.9884376525879 35.6196746826172 35.908317565918 35.5498695373535 35.6165962219238 35.3665199279785 34.5256690979004 34.825366973877 35.4532470703125
38.4978866577148 38.5389556884766 38.5557708740234 38.5486106872559 38.5390701293945 38.512825012207 38.3471870422363 38.2377777099609 38.1941299438477 38.1709518432617 38.0687599182129 38.0028381347656 37.8441123962402 37.2708587646484 36.2196922302246 35.4340934753418 34.817928314209 35.2958679199219 35.8389625549316 36.6039848327637 36.7122917175293 36.824333190918 37.4353179931641 37.2348098754883 36.8465003967285 37.1926765441895 37.2496643066406 37.3318748474121 37.0658836364746 37.1027030944824 36.8537864685059 36.6726112365723 36.142147064209 35.8330993652344 35.6174812316895 35.8184967041016 35.749210357666 35.2291564941406 35.2020683288574 35.1264190673828 34.8394546508789 34.1286087036133 34.8641052246094 34.5949935913086 33.678955078125 35.0007972717285
38.4992828369141 38.5247497558594 38.5508651733398 38.5498275756836 38.5188598632812 38.5164031982422 38.4466896057129 38.1766815185547 38.0832633972168 38.1087532043457 37.9455795288086 37.7688026428223 37.8710975646973 37.5184097290039 36.7769546508789 36.0374641418457 35.2471694946289 34.9765510559082 35.5517539978027 35.8510475158691 36.3662300109863 37.308349609375 37.0745429992676 36.5016174316406 36.6425094604492 36.7816543579102 36.4808235168457 37.3806571960449 37.4039192199707 37.2727012634277 37.0577735900879 36.0301055908203 35.722770690918 35.9113464355469 36.2244453430176 35.795970916748 34.9364738464355 34.430778503418 35.1057891845703 34.632266998291 33.957347869873 32.6136894226074 33.3994979858398 34.5074996948242 32.8219757080078 34.0657806396484
38.4537010192871 38.5047760009766 38.5429763793945 38.5190887451172 38.4890823364258 38.4967193603516 38.4970741271973 38.3376884460449 38.1780967712402 38.0234718322754 37.9320869445801 37.8948402404785 37.7365036010742 37.4200630187988 36.7047080993652 36.0521087646484 35.338191986084 34.9974746704102 35.1923637390137 35.1950912475586 36.3352699279785 37.1191596984863 36.081729888916 35.5752906799316 36.3445053100586 36.3249778747559 36.4877700805664 37.1917762756348 37.421257019043 37.0622673034668 37.0098114013672 36.7854957580566 36.7590103149414 36.812816619873 36.5074462890625 36.2208786010742 35.8388671875 34.8023872375488 34.5943756103516 34.3539657592773 32.7421493530273 32.1857261657715 32.6132965087891 34.3383483886719 32.4922332763672 32.8390884399414
38.4165077209473 38.4316940307617 38.4512176513672 38.4337387084961 38.4497833251953 38.46337890625 38.4876747131348 38.4518585205078 38.315616607666 38.0931587219238 37.9170036315918 37.7877807617188 37.6522102355957 37.2271881103516 36.8073120117188 36.2852478027344 35.6946868896484 35.381233215332 35.8119087219238 36.4773864746094 36.4668884277344 36.3731346130371 35.9172668457031 34.7190551757812 35.2056045532227 35.9370765686035 36.0683975219727 37.2339057922363 37.4088401794434 37.0690765380859 36.2485313415527 36.8151893615723 36.6899032592773 36.5716896057129 36.3179740905762 36.0212554931641 35.902099609375 34.5255165100098 33.3262062072754 33.7098426818848 32.3556137084961 33.1351318359375 33.476203918457 34.3394966125488 33.388313293457 32.3744354248047
38.3179016113281 38.3395309448242 38.3554763793945 38.3716201782227 38.3733139038086 38.3802795410156 38.4643058776855 38.4723052978516 38.3502044677734 37.9630966186523 37.8686485290527 37.6171646118164 37.6181793212891 37.2675476074219 36.5624618530273 35.5560455322266 35.1886825561523 35.3815116882324 35.8336372375488 35.7495918273926 35.9315567016602 36.7745590209961 36.6399879455566 35.2143669128418 34.833251953125 35.7172622680664 36.4609298706055 37.2978210449219 37.3756484985352 37.170223236084 36.3855781555176 36.0215263366699 36.7518348693848 36.2509536743164 35.8397941589355 35.0671691894531 34.7973327636719 34.9045829772949 33.9123268127441 32.6865234375 32.304615020752 32.5972900390625 32.5122184753418 33.5031547546387 32.6153717041016 31.9997215270996
38.1784477233887 38.1942901611328 38.234001159668 38.2865524291992 38.3138732910156 38.3748931884766 38.4624328613281 38.4642295837402 38.4021415710449 38.22607421875 38.0035667419434 37.7528419494629 37.6442756652832 37.4614715576172 36.5933418273926 35.5183258056641 35.2024917602539 35.166431427002 35.2933235168457 35.276008605957 36.357837677002 36.9616928100586 36.4533348083496 35.6425628662109 35.1079330444336 35.331729888916 35.4359931945801 36.9260139465332 37.2589645385742 37.1476249694824 36.3979072570801 36.3126831054688 36.5882759094238 35.8935966491699 35.2445526123047 34.710823059082 33.8480644226074 34.5247688293457 34.3722190856934 32.6488304138184 32.2295799255371 32.402286529541 32.328483581543 32.8975563049316 32.334644317627 32.0478172302246
37.7090072631836 37.663444519043 37.9264259338379 38.2244873046875 38.3548698425293 38.4374580383301 38.470287322998 38.4635543823242 38.3470649719238 38.2490310668945 38.0977058410645 37.590705871582 37.6845207214355 37.5456695556641 37.060863494873 35.9170227050781 35.2217788696289 34.7479209899902 35.0506286621094 35.8940162658691 36.3796348571777 36.7194862365723 35.899974822998 35.2158546447754 35.044303894043 35.1870880126953 35.5874061584473 36.4499359130859 37.1687698364258 37.228141784668 36.7419891357422 36.4889335632324 36.0838508605957 35.118408203125 34.0201759338379 33.6237754821777 33.3139305114746 33.5115089416504 33.6615409851074 33.2834320068359 32.7827682495117 32.8958740234375 32.642333984375 32.4341659545898 32.4465827941895 32.3843688964844
36.8807067871094 37.6864967346191 38.0076103210449 37.7646255493164 38.2964668273926 38.4433898925781 38.4670944213867 38.4593811035156 38.2698516845703 38.133716583252 38.1299247741699 37.8769340515137 37.654052734375 37.5315284729004 37.2944107055664 36.809700012207 36.2743530273438 34.9829788208008 35.2921676635742 35.371395111084 35.5207633972168 36.4158935546875 36.0141067504883 35.2476043701172 35.0547027587891 34.858039855957 34.8198623657227 36.4013366699219 37.1990966796875 37.2727203369141 36.5020446777344 35.5795440673828 35.2877197265625 34.9562911987305 34.705451965332 33.7483596801758 33.6830368041992 33.2925338745117 32.8967590332031 33.1436729431152 34.8591346740723 34.9258003234863 33.8648643493652 32.4935073852539 33.4984169006348 33.6030082702637
37.1562805175781 37.9776306152344 38.0129737854004 37.5134773254395 38.2518501281738 38.4304542541504 38.4776802062988 38.4651794433594 38.4140625 38.2017822265625 38.1042098999023 38.038990020752 37.8734931945801 37.6795616149902 37.404239654541 36.8548240661621 36.0629234313965 35.647102355957 35.2145538330078 35.4608955383301 35.5373687744141 35.9555435180664 35.3776435852051 35.2167549133301 34.929630279541 34.3293952941895 34.5900497436523 36.2915573120117 37.0905380249023 37.1347427368164 37.1208572387695 36.9554443359375 35.9017181396484 35.0044326782227 34.9415283203125 34.4836730957031 34.6110229492188 34.4303092956543 34.0294380187988 34.4954414367676 35.8990821838379 35.9441223144531 35.5496368408203 35.012565612793 34.9008941650391 34.342041015625
37.8672790527344 38.115966796875 38.185718536377 38.1884269714355 38.2732200622559 38.417350769043 38.4466247558594 38.4462814331055 38.4064636230469 38.3416290283203 38.1717071533203 38.112979888916 38.0231475830078 37.8313941955566 37.5805473327637 37.1227989196777 36.3106880187988 35.9176902770996 35.2545356750488 35.1520385742188 35.220703125 35.6379737854004 35.2838134765625 35.0399589538574 34.9818840026855 35.01123046875 35.7639923095703 36.7842483520508 37.1417388916016 36.6616821289062 36.5824356079102 36.587890625 36.7868461608887 36.3144836425781 36.0569534301758 35.3350143432617 36.3069190979004 36.1656646728516 36.1385269165039 36.152946472168 35.9368591308594 35.0765419006348 34.1845092773438 33.8751754760742 33.7469520568848 33.0408134460449
37.6002082824707 38.273323059082 38.3384475708008 38.3559265136719 38.355224609375 38.3666114807129 38.3416481018066 38.3888473510742 38.3854827880859 38.3717575073242 38.3293647766113 38.2077445983887 38.0373153686523 37.8877983093262 37.7085952758789 37.4752464294434 37.0145454406738 36.3871841430664 35.6801490783691 35.0124626159668 35.0404472351074 35.466136932373 35.3506965637207 35.085994720459 34.9519500732422 35.1034049987793 36.4439010620117 37.1222763061523 37.1886138916016 37.0229568481445 36.5567474365234 35.982421875 36.6422348022461 36.7457542419434 36.7831878662109 36.2879829406738 36.6693878173828 36.3916435241699 36.2670745849609 36.1115608215332 34.9857063293457 33.6339950561523 32.4225044250488 32.7544555664062 32.6730728149414 31.7223148345947
37.4673538208008 38.0557403564453 37.8922424316406 37.7812232971191 37.9127578735352 38.2774848937988 38.2796173095703 38.3046684265137 38.3216285705566 38.3119812011719 38.2834243774414 38.2574310302734 38.1533584594727 38.0100631713867 37.8657569885254 37.6545600891113 37.2349052429199 36.844123840332 36.5878372192383 35.9923934936523 35.0996017456055 35.3186645507812 35.1079902648926 35.1776313781738 35.0634384155273 35.0387268066406 36.0256958007812 37.0794563293457 37.1573028564453 36.8563575744629 36.7282867431641 35.7202606201172 35.9960899353027 36.2349014282227 36.5169906616211 36.6335067749023 36.4943428039551 36.3342437744141 35.9701995849609 36.0217475891113 35.7174263000488 34.5334777832031 33.7722816467285 34.2941627502441 33.8764686584473 32.7856597900391
37.7814674377441 38.0378456115723 37.6617431640625 37.0366287231445 37.1414451599121 38.0425643920898 38.2431030273438 38.2137832641602 38.232593536377 38.2508697509766 38.1783676147461 38.2207183837891 38.1769790649414 38.0748023986816 37.9352569580078 37.7572708129883 37.4545936584473 36.8265228271484 36.4421119689941 36.0069046020508 35.3670501708984 35.2811279296875 35.1082763671875 34.9077224731445 34.877254486084 35.2396125793457 36.2994041442871 37.0433921813965 36.5694351196289 36.3615455627441 36.4646224975586 36.1239128112793 35.8218765258789 35.5093612670898 35.2558174133301 35.7209281921387 35.5358848571777 35.8468818664551 35.770866394043 35.5803451538086 35.3316993713379 35.6237869262695 35.3938255310059 35.0928535461426 34.5245590209961 34.0702667236328
37.902961730957 37.9875640869141 37.8123359680176 37.5208854675293 37.2375450134277 37.7661437988281 38.0563201904297 38.0825691223145 38.1314315795898 38.1925468444824 38.1854629516602 38.2263259887695 38.1712493896484 38.118091583252 37.9742813110352 37.7697525024414 37.534538269043 37.3349304199219 36.9568481445312 36.3385391235352 35.975025177002 35.7252082824707 35.2413787841797 34.6304969787598 34.783992767334 35.0213928222656 36.3774604797363 36.8833961486816 35.0992736816406 34.7134857177734 35.3248634338379 35.5295104980469 35.4874954223633 35.2820854187012 34.8200378417969 34.5760841369629 35.077220916748 34.9239730834961 34.8932075500488 34.8457641601562 34.5936279296875 34.2944259643555 34.5379371643066 34.9884605407715 34.3910903930664 33.3140029907227
37.768440246582 37.790096282959 37.8229637145996 37.5653076171875 37.3034057617188 37.4863624572754 37.6940002441406 37.8867263793945 37.9972839355469 38.1200294494629 38.1057472229004 38.100944519043 38.1883163452148 38.1255683898926 38.0134124755859 37.7549781799316 37.7269325256348 37.5872611999512 37.3507537841797 36.9852180480957 36.8467674255371 36.0837631225586 35.5145301818848 35.0657234191895 35.0632019042969 35.4310607910156 36.4038887023926 36.3136253356934 36.0327453613281 35.932731628418 35.1975936889648 35.1307029724121 34.9490814208984 34.8116188049316 34.1189804077148 33.7277450561523 33.9271049499512 33.8741722106934 34.099666595459 33.905818939209 33.8934288024902 32.9967994689941 33.6845207214355 34.5044937133789 34.2761573791504 32.8705253601074
37.2380790710449 37.5439567565918 37.752197265625 37.6558418273926 37.4687385559082 37.3484039306641 37.3334465026855 37.6951789855957 37.8082504272461 37.9814338684082 38.0658340454102 38.0625686645508 38.1247749328613 38.1445083618164 37.9745674133301 37.8775367736816 37.7979125976562 37.6936912536621 37.5417900085449 37.3488349914551 37.1525268554688 36.4602203369141 35.3640174865723 35.4499359130859 34.7879943847656 35.3458557128906 36.2567176818848 35.723690032959 35.9060745239258 36.3554573059082 36.2430610656738 36.0845718383789 35.4398040771484 35.0283584594727 33.5165634155273 32.290111541748 32.3267860412598 32.2184562683105 32.180061340332 32.6331748962402 32.7911224365234 32.9695358276367 33.1573257446289 34.0006942749023 33.8616371154785 33.4806632995605
37.3563461303711 37.4379043579102 37.5750160217285 37.5561332702637 37.5259170532227 37.2327156066895 37.0211372375488 36.7733840942383 37.4130439758301 37.902587890625 38.0376434326172 38.0778770446777 38.1587142944336 38.1591873168945 37.8649635314941 37.4743385314941 37.4890670776367 37.5507011413574 37.5981636047363 37.481575012207 37.3438034057617 36.9411239624023 35.867992401123 36.1638259887695 35.2380256652832 35.2330780029297 35.3671340942383 35.6774482727051 34.6712532043457 35.3120422363281 34.9548568725586 35.0584335327148 36.2616233825684 35.8468399047852 34.9187469482422 32.763599395752 31.872127532959 31.8756351470947 31.2232799530029 31.6448345184326 32.2625312805176 32.242919921875 32.327449798584 33.6511421203613 33.2226409912109 32.7062225341797
37.4250602722168 37.3418464660645 37.4027633666992 37.2176208496094 37.4155006408691 37.3356704711914 37.1136016845703 36.8639373779297 37.0557632446289 37.6535148620605 37.9004440307617 38.0858955383301 38.1323051452637 38.1025733947754 38.0477828979492 37.654239654541 37.2735939025879 37.0860748291016 37.3523330688477 37.4764518737793 37.3411293029785 37.194751739502 36.8800354003906 36.3191795349121 35.2838592529297 35.077766418457 35.023983001709 35.1170082092285 35.1670341491699 34.6545677185059 34.1024436950684 34.8462448120117 36.006275177002 35.289134979248 35.5006675720215 34.977222442627 34.5527420043945 34.4237976074219 33.4705429077148 32.3916778564453 33.088565826416 32.770435333252 33.1521110534668 33.3318099975586 33.0381622314453 32.580135345459
