inst/extdata/Tmax/Tmax42.asc
NCOLS 100 
NROWS 79 
XLLCORNER 148.06 
YLLCORNER -21.49 
CELLSIZE 0.01 
NODATA_value -3.4e+38 
[rows 0 to 19 of 79, columns 0 to 45 of 100]
30.489986419677699 30.6008415222168 29.9737529754639 30.9336910247803 30.9357280731201 31.1876792907715 31.1767234802246 30.896110534668 30.652286529541 30.8126316070557 30.4136409759521 30.4248867034912 30.4383640289307 29.4567222595215 29.8422737121582 30.1587371826172 30.3288192749023 30.3737926483154 29.0920429229736 28.59352684021 27.7047004699707 26.4419288635254 26.8804817199707 28.1008415222168 28.6584873199463 29.2534217834473 28.8510646820068 28.8094234466553 29.1075077056885 28.7720413208008 26.8256454467773 25.1283779144287 23.0523128509521 23.2187652587891 22.1196117401123 20.9337692260742 20.52903175354 20.2700214385986 20.8794555664062 22.6068649291992 24.1194267272949 24.4114303588867 24.8751964569092 30.3835296630859 29.9844093322754 28.9609851837158
31.1338481903076 30.1410484313965 28.8156299591064 29.510311126709 29.553747177124 30.4948463439941 30.9014205932617 31.0348892211914 31.5796184539795 31.673376083374 31.1110057830811 30.1734809875488 30.7901573181152 29.7881565093994 30.0781784057617 29.7544269561768 30.5234909057617 30.3190689086914 29.6341419219971 28.7800731658936 28.9403133392334 28.1560039520264 27.9022178649902 28.2780628204346 28.6800861358643 29.1617259979248 29.514705657959 29.4822940826416 29.1920719146729 28.7808475494385 27.7784957885742 26.0099182128906 23.6951351165771 26.0433712005615 22.8965549468994 21.695104598999 21.1484565734863 22.0770816802979 23.0903797149658 23.7794513702393 24.9400997161865 24.91477394104 28.095874786377 28.9058303833008 29.5358715057373 28.4146575927734
30.9516372680664 30.0595550537109 30.0713653564453 30.6085205078125 30.0189418792725 30.3588409423828 30.7348575592041 31.1926250457764 31.5792083740234 31.6675796508789 31.1794452667236 30.4465560913086 30.76291847229 30.3294086456299 29.7910118103027 29.8343200683594 29.9051094055176 30.1808261871338 29.4308242797852 28.9512462615967 28.4543781280518 28.7597599029541 28.2864875793457 28.5659885406494 29.2984733581543 29.4460220336914 29.4553871154785 29.4303359985352 29.6378841400146 29.1256656646729 29.3837451934814 28.1024055480957 29.1204433441162 26.1338596343994 28.1527881622314 22.3084278106689 21.3778953552246 21.1419849395752 22.1824970245361 23.1744441986084 24.6279354095459 30.6777763366699 30.5535507202148 27.1684150695801 27.0303497314453 29.5952606201172
31.4678821563721 31.2851867675781 30.3696422576904 31.358715057373 30.636890411377 30.1631126403809 30.721622467041 31.1044540405273 31.4015045166016 31.588171005249 31.3838500976562 30.8609008789062 30.7660732269287 30.7845077514648 30.4686145782471 30.4169673919678 30.5030097961426 30.0606460571289 29.8797035217285 28.9345607757568 28.7101535797119 28.4867191314697 28.5790863037109 28.6018180847168 29.1559505462646 29.3353595733643 29.3176956176758 29.2822818756104 28.98583984375 28.2836608886719 28.4250335693359 29.4986705780029 28.263111114502 26.2925968170166 22.4503231048584 21.6398315429688 21.8209457397461 21.3213996887207 21.3070316314697 20.9009304046631 22.3649806976318 24.288013458252 27.6561737060547 31.1903209686279 25.3936405181885 25.4766693115234
32.0940055847168 31.3501033782959 31.2152099609375 31.712739944458 31.3370666503906 30.9177417755127 30.3062686920166 31.2004127502441 32.016902923584 31.3293647766113 31.516845703125 31.188404083252 31.132080078125 31.0165767669678 30.5824604034424 30.2235507965088 30.2205295562744 29.7021102905273 29.062313079834 28.3671035766602 28.3758945465088 28.8412113189697 28.8541145324707 29.0612030029297 28.7713508605957 28.7421417236328 29.8559093475342 29.137264251709 29.017505645752 29.2792301177979 28.6305503845215 28.8582401275635 28.1454010009766 27.3724956512451 27.9707946777344 23.0475292205811 22.6055526733398 22.1819953918457 20.9196834564209 20.9323558807373 20.8301677703857 23.9785442352295 26.9353275299072 28.9123516082764 24.8917026519775 24.1667404174805
32.5943260192871 31.9980049133301 31.3230133056641 31.6104564666748 31.7999362945557 31.267370223999 31.2547512054443 31.4588432312012 31.632719039917 31.4641609191895 31.348840713501 31.7473831176758 31.2952060699463 30.8294582366943 29.9799995422363 30.2197570800781 30.1542816162109 29.4206409454346 28.7716789245605 28.2359790802002 28.2796764373779 28.9120464324951 28.9688167572021 28.8981285095215 29.6403999328613 29.2606163024902 29.3793029785156 28.4724750518799 28.2962837219238 27.7908763885498 26.8347778320312 27.7993583679199 28.4799919128418 27.6631183624268 27.2925052642822 27.640266418457 23.175121307373 22.6876029968262 22.2241439819336 21.7815799713135 21.0075664520264 23.0987224578857 27.9843444824219 26.9468727111816 25.1220645904541 22.7210807800293
31.6247005462646 32.2302131652832 32.1270179748535 32.4254913330078 31.9071273803711 31.5931510925293 30.7443828582764 31.0133514404297 31.5791969299316 31.7539710998535 31.9975814819336 32.0117645263672 31.0321350097656 30.493013381958 30.4155349731445 30.4553165435791 29.9687442779541 29.2957763671875 28.8349838256836 28.3377075195312 27.8117065429688 28.4697494506836 28.8942165374756 29.1063652038574 29.3766937255859 29.74387550354 29.6435012817383 28.8445777893066 28.6786041259766 27.073657989502 26.212345123291 25.3919639587402 26.5481567382812 27.3570404052734 27.2953262329102 26.8905830383301 23.480224609375 21.946834564209 22.0442943572998 21.9649658203125 21.9418106079102 23.4175434112549 28.8408317565918 29.8948402404785 25.3640670776367 28.364990234375
32.2744789123535 31.7532577514648 32.5187492370605 32.6460609436035 32.0234603881836 31.7876968383789 30.821626663208 30.9449043273926 31.4712238311768 31.6296634674072 31.571346282959 31.4006576538086 30.683967590332 31.1632900238037 31.009069442749 29.8336868286133 29.5249423980713 28.8472805023193 29.3428363800049 28.1873321533203 27.2743721008301 27.8174533843994 28.2705860137939 29.2113227844238 29.437593460083 29.7050361633301 29.5177402496338 28.6283798217773 28.2487907409668 27.8593235015869 25.918773651123 25.4456024169922 26.1466693878174 25.8962860107422 26.4165267944336 26.7729835510254 22.7610950469971 21.9833221435547 21.6904563903809 22.1290607452393 22.265905380249 23.2272834777832 24.1547203063965 25.1466178894043 25.2632465362549 23.3667030334473
31.5453090667725 32.1712074279785 31.8282241821289 31.9887256622314 31.9102630615234 31.8860759735107 31.5012722015381 30.7942657470703 31.1625347137451 31.542667388916 31.6722068786621 32.0873641967773 32.3230285644531 31.1977920532227 30.8314476013184 29.6428604125977 29.4305267333984 29.3693313598633 29.5806427001953 28.3845767974854 28.3847942352295 28.0163116455078 28.3425407409668 29.1311359405518 29.5502738952637 29.8199234008789 28.9679737091064 27.4880847930908 27.935474395752 27.8000431060791 26.8352870941162 25.9327697753906 25.6651058197021 24.9861965179443 27.4955673217773 25.5530567169189 26.4592952728271 26.7644271850586 21.8260746002197 21.708044052124 21.7785377502441 21.9713916778564 22.3970184326172 23.8166790008545 24.4080657958984 23.2747707366943
30.9357814788818 31.828161239624 32.0438423156738 32.5219039916992 31.8929061889648 31.9800052642822 31.536491394043 31.0874557495117 31.3000392913818 31.1935482025146 31.6052665710449 31.68678855896 30.703405380249 30.6107501983643 30.5697746276855 30.3337230682373 30.1698341369629 29.8876667022705 29.3824977874756 29.26003074646 29.2981185913086 28.5179100036621 28.88671875 29.5869140625 30.2550506591797 30.1606826782227 29.1224670410156 28.5698204040527 27.8903770446777 26.8240547180176 26.1246204376221 25.7884216308594 25.7714004516602 26.4514389038086 26.896276473999 25.2494010925293 22.2871398925781 25.6188735961914 22.3575630187988 21.4615783691406 21.4629745483398 21.1691379547119 21.7279415130615 22.6913299560547 22.7240161895752 22.5324745178223
31.2936725616455 32.2796173095703 32.1313285827637 31.6160640716553 32.3577041625977 32.5246353149414 31.9721126556396 31.4309940338135 31.5181789398193 31.481258392334 31.8121318817139 31.2821998596191 31.0477981567383 30.004581451416 30.1405487060547 30.1390781402588 30.0758895874023 30.201509475708 29.8321552276611 29.8152046203613 28.738037109375 28.7147312164307 28.5433616638184 29.3580951690674 29.603120803833 30.4447021484375 28.8910942077637 27.147985458374 26.5287914276123 26.344877243042 25.9842548370361 26.4421939849854 27.0715351104736 27.0442218780518 26.6009521484375 24.8614253997803 22.4170608520508 22.1349678039551 22.1829833984375 21.4492282867432 21.5599613189697 21.1342926025391 21.0380439758301 21.7543411254883 22.212043762207 22.5242214202881
31.8018932342529 31.2153739929199 31.7910633087158 31.9295082092285 32.002986907959 32.9429130554199 32.2558326721191 31.5472660064697 31.3592433929443 31.6068458557129 31.3137168884277 31.8092842102051 31.4837608337402 30.9850635528564 30.7618179321289 30.5205707550049 30.7146759033203 30.5150299072266 30.316614151001 29.6842765808105 28.9364738464355 28.5344009399414 28.9762439727783 28.925874710083 28.7499084472656 29.3010425567627 27.8883171081543 27.2273063659668 26.7504787445068 26.9903373718262 27.2738666534424 27.2648887634277 27.1801662445068 26.7452526092529 26.6986179351807 25.6536865234375 26.4831771850586 21.5515804290771 22.1460933685303 22.3859596252441 22.2225303649902 21.9489803314209 21.1334819793701 21.8691272735596 22.1047477722168 22.1713237762451
31.9063472747803 31.9675235748291 31.9646339416504 32.6761436462402 32.5571556091309 32.6310806274414 31.9773654937744 31.2949905395508 31.6250915527344 32.581714630127 31.6006984710693 31.9550914764404 31.2962741851807 31.7791786193848 31.3208141326904 31.0169239044189 31.5104122161865 30.9908084869385 30.7412853240967 29.5235328674316 29.3419723510742 29.7325019836426 29.7670192718506 30.1873149871826 30.0608711242676 29.5791759490967 29.2236766815186 28.4717350006104 27.7047462463379 27.4154090881348 28.2545204162598 27.9901638031006 27.8485946655273 27.4289608001709 26.1566505432129 25.4826927185059 24.3975524902344 25.6956348419189 24.5972347259521 22.945686340332 21.587911605835 21.3653984069824 21.0050048828125 20.7830810546875 22.4045734405518 22.7283763885498
32.5373649597168 32.7530174255371 31.4659614562988 31.9601631164551 31.5455322265625 31.570764541626 32.320140838623 31.7585506439209 31.9775657653809 31.9193382263184 31.8780879974365 31.7083778381348 31.3531818389893 30.9086151123047 31.2526416778564 30.8729839324951 31.2549858093262 30.9803619384766 30.8007373809814 30.1578102111816 30.3729953765869 30.4427433013916 30.2052364349365 30.3223819732666 29.6210632324219 28.0507316589355 27.6577835083008 27.6636600494385 27.0338611602783 27.3660869598389 28.2274494171143 28.0272979736328 27.6350917816162 26.9096946716309 26.2741928100586 27.8518352508545 26.3884506225586 22.7299022674561 26.8327655792236 28.1837730407715 27.4656772613525 22.9404335021973 22.0962696075439 21.9657135009766 22.470458984375 23.2854557037354
31.1251525878906 31.2717056274414 31.7654571533203 32.1858596801758 31.9475803375244 31.7705726623535 31.7839641571045 32.4892120361328 31.4659957885742 31.2382507324219 31.2947998046875 31.0862483978271 30.5167121887207 30.4299602508545 30.7227840423584 30.2552261352539 31.0291290283203 31.0707778930664 30.9140148162842 31.0178394317627 30.7489204406738 30.1331615447998 29.453857421875 29.5330600738525 29.4347095489502 29.2989234924316 29.0206069946289 28.486364364624 27.9757709503174 28.6410789489746 28.002555847168 28.3794555664062 28.2423934936523 28.285982131958 27.929708480835 26.6152477264404 27.2872409820557 26.9028453826904 26.6842098236084 28.1077289581299 27.8646297454834 27.9585304260254 22.9070644378662 22.1250190734863 22.5636730194092 23.5274200439453
29.6533794403076 31.0244159698486 31.909029006958 31.6217727661133 32.329273223877 32.2934188842773 32.0797157287598 31.6671810150146 32.2571029663086 31.7906875610352 30.3814830780029 31.0766563415527 30.0109672546387 29.2340927124023 30.2395133972168 30.1238803863525 29.5823917388916 30.1894798278809 30.9665355682373 30.7145252227783 30.57541847229 30.380500793457 30.2954750061035 30.285737991333 29.9788341522217 29.6473846435547 29.851411819458 29.4147567749023 29.2497310638428 28.9495334625244 28.7428798675537 28.1378116607666 28.1590003967285 28.6072731018066 28.4678478240967 28.3897953033447 28.8207817077637 27.2268695831299 28.5777225494385 29.0855579376221 28.4018535614014 26.9808826446533 22.1545658111572 21.3119354248047 21.9337406158447 22.7291679382324
30.7803497314453 29.7083835601807 31.0606327056885 32.0704498291016 31.0972080230713 31.07861328125 32.2562599182129 31.547513961792 31.4878406524658 31.8269577026367 30.7933940887451 30.7506713867188 29.628849029541 29.0526676177979 29.8920097351074 28.9007663726807 28.8356475830078 29.7814979553223 29.8168716430664 30.0645923614502 30.5790863037109 30.5216541290283 29.9966259002686 30.0553016662598 29.4293956756592 28.9029369354248 28.3605766296387 28.7247734069824 29.2753658294678 28.3041744232178 27.9758224487305 27.4115886688232 27.6678524017334 28.4340915679932 28.6986083984375 28.4735374450684 29.0189571380615 29.0842456817627 28.6340522766113 28.1130447387695 28.3475341796875 26.8375587463379 25.7157974243164 22.7025623321533 22.1836681365967 22.9836196899414
31.1637687683105 31.0195598602295 31.0818729400635 32.2564239501953 31.5361480712891 31.9478397369385 32.4942512512207 32.5289649963379 32.7829399108887 32.5289001464844 32.2224082946777 31.7907066345215 29.8663005828857 29.2793674468994 29.6636657714844 29.1407432556152 28.8407459259033 28.707592010498 28.0375480651855 29.2776527404785 30.0679149627686 30.8435859680176 31.0987339019775 30.5021228790283 29.2145099639893 27.7786273956299 27.1331844329834 27.7552165985107 28.651668548584 28.2673206329346 28.0265960693359 28.8231391906738 28.7035121917725 28.6825313568115 29.3841876983643 28.5169582366943 28.1246032714844 28.1645774841309 28.7041301727295 28.7487049102783 29.1488990783691 28.7930870056152 27.6705589294434 27.2001647949219 24.4201679229736 24.0496025085449
32.1829795837402 30.9647655487061 30.5661315917969 31.1460132598877 31.3032035827637 31.9113903045654 32.7371864318848 31.9625377655029 32.863826751709 32.512580871582 31.2790641784668 31.5205707550049 30.5958786010742 27.9116744995117 28.2354354858398 27.5263366699219 27.968770980835 27.4096565246582 28.4813041687012 29.509651184082 30.6461601257324 30.4303035736084 30.9676742553711 30.8984069824219 29.6103057861328 28.3934555053711 27.0210971832275 27.43869972229 28.9549827575684 28.1904697418213 28.4871444702148 29.2019176483154 30.0187072753906 30.0167922973633 29.2438220977783 28.8995380401611 28.4140167236328 28.4984436035156 29.208028793335 29.1933765411377 29.2804183959961 29.1962223052979 28.9104328155518 28.7874126434326 27.101469039917 24.0485153198242
31.0675811767578 31.1100063323975 31.5004482269287 31.1894817352295 31.8908729553223 31.7915096282959 32.7195243835449 32.708869934082 31.682092666626 32.0160484313965 32.3853759765625 31.62624168396 30.6983737945557 27.5755767822266 28.0510215759277 28.165657043457 27.7566356658936 28.0822925567627 28.0997772216797 29.2036800384521 30.4021549224854 30.1349277496338 30.689058303833 30.7676181793213 30.3424472808838 29.3762245178223 28.2800140380859 27.9937191009521 28.7139549255371 28.9921092987061 29.6331119537354 30.0773773193359 29.9938812255859 30.0340175628662 30.1355972290039 29.1595020294189 28.4622840881348 28.3654918670654 28.3836326599121 28.8850917816162 29.684103012085 29.2923965454102 28.3419971466064 28.5564498901367 27.4978351593018 26.9452896118164
