inst/extdata/Tmax/Tmax141.asc
NCOLS 100 
NROWS 79 
XLLCORNER 148.06 
YLLCORNER -21.49 
CELLSIZE 0.01 
NODATA_value -3.4e+38 
[rows 20 to 39 of 79, columns 46 to 91 of 100]
36.5691070556641 34.7074737548828 34.9486503601074 36.4695053100586 36.2064933776855 35.5962524414062 35.3094329833984 34.0534477233887 36.0506858825684 37.6405944824219 38.7653274536133 38.2894401550293 38.2719268798828 38.9330368041992 38.5777854919434 38.2882194519043 38.589771270752 39.1888198852539 39.3577537536621 39.3670845031738 39.2929573059082 39.1774749755859 39.4825630187988 39.5727386474609 39.5237884521484 39.4279975891113 39.3230323791504 39.3605728149414 39.32763671875 38.9924354553223 39.0469589233398 39.3254165649414 39.224967956543 38.9499282836914 38.9535865783691 38.9059524536133 38.8213882446289 38.8174819946289 38.8066482543945 38.7861328125 38.6989135742188 38.5128135681152 37.8986358642578 37.7483177185059 37.9649620056152 37.9508056640625
36.8633079528809 34.665355682373 33.497184753418 35.2853965759277 35.1545372009277 34.5640029907227 35.5142097473145 33.4845848083496 34.8513717651367 37.1032447814941 38.4641494750977 37.0639762878418 36.3811111450195 38.3280830383301 37.0836029052734 36.6985931396484 37.6306648254395 39.0212326049805 39.0362129211426 39.479793548584 39.5728797912598 39.5748405456543 39.3646469116211 39.0155639648438 39.0136413574219 39.0757904052734 39.250057220459 39.2243576049805 39.1351699829102 39.0565376281738 39.3527565002441 39.406307220459 39.3515090942383 38.9792633056641 39.0651702880859 39.0055694580078 38.874397277832 38.8886871337891 38.8994445800781 38.906005859375 38.7528800964355 38.6291122436523 38.4196701049805 38.2114028930664 38.0752983093262 38.0579223632812
37.4981842041016 36.9914360046387 34.9646186828613 34.2795639038086 33.7797927856445 35.0162391662598 34.3888740539551 34.6745796203613 34.0294456481934 35.060791015625 37.468578338623 37.908374786377 36.2949867248535 36.7304916381836 36.3714141845703 36.9687309265137 38.1035995483398 38.5376777648926 37.1228637695312 38.4787406921387 39.3147354125977 39.394847869873 38.7633247375488 37.9015884399414 38.5396423339844 38.5153045654297 39.1393737792969 39.3425407409668 39.0323944091797 39.2543487548828 39.4200820922852 39.470703125 39.4719009399414 39.4051094055176 39.2949714660645 39.0929565429688 38.9067764282227 38.7770462036133 38.8606109619141 38.9658355712891 38.834156036377 38.7626037597656 38.486515045166 38.3655967712402 38.2366371154785 38.3741340637207
36.7995643615723 36.6367874145508 35.9797859191895 35.128849029541 33.5997734069824 34.3369750976562 35.0544738769531 35.2845115661621 35.027889251709 34.551097869873 36.018123626709 36.0063018798828 36.9794769287109 35.2066993713379 36.12353515625 37.7202453613281 37.7018966674805 38.1113700866699 36.6835899353027 38.8776550292969 39.6746139526367 39.5625 38.5799713134766 37.169075012207 38.4769058227539 38.6499061584473 38.7653388977051 39.2580108642578 39.4695014953613 39.5383720397949 39.5441055297852 39.5766868591309 39.553768157959 39.4630470275879 39.3599700927734 39.1844749450684 38.749828338623 38.3936462402344 38.5492668151855 38.840404510498 38.8007354736328 38.8623199462891 38.6013336181641 38.5833587646484 38.3341407775879 38.3588066101074
34.6574401855469 36.1204261779785 36.5235900878906 36.2750053405762 35.1698684692383 34.4802360534668 34.498218536377 34.1669769287109 35.162670135498 34.5803146362305 34.5824890136719 34.0788497924805 36.1996269226074 37.1330146789551 36.2663307189941 37.3910713195801 38.2279815673828 38.8535995483398 38.5364799499512 39.6165733337402 39.6075210571289 39.4576568603516 38.7423477172852 37.8684692382812 38.7085723876953 39.0057907104492 38.6943702697754 38.802978515625 38.9238166809082 39.453369140625 39.2734146118164 39.6236457824707 39.4983024597168 39.4653739929199 39.3815116882324 39.0155067443848 38.9307975769043 38.3345718383789 38.0426216125488 38.5458068847656 38.6823997497559 38.7935180664062 38.6235389709473 38.6980590820312 38.7747497558594 38.6139640808105
33.2896461486816 34.1711463928223 35.6212997436523 35.5488662719727 34.6305732727051 33.8239364624023 33.470775604248 32.9509963989258 34.1069526672363 34.8176422119141 34.2353172302246 34.5138931274414 36.0784072875977 38.164665222168 37.6328086853027 37.7142486572266 37.8913764953613 39.3632965087891 39.4734535217285 39.4674377441406 39.446907043457 39.1244964599609 37.8210220336914 37.8892669677734 38.0104141235352 38.6834754943848 38.4046249389648 37.7590408325195 38.4358520507812 39.5462417602539 39.4778709411621 39.6108322143555 39.5767936706543 39.5555305480957 39.4228019714355 39.2560043334961 39.2845764160156 38.664909362793 38.1282081604004 38.4890823364258 38.1522979736328 38.3038139343262 38.017204284668 38.7184600830078 38.7829933166504 38.7343444824219
33.1888389587402 33.0434494018555 33.6841430664062 34.2613220214844 35.0471038818359 32.8349609375 32.5872421264648 33.3408660888672 33.8085060119629 34.6631240844727 34.692554473877 35.1775436401367 37.1213493347168 38.1058692932129 38.6446113586426 38.8177032470703 38.9751510620117 39.5166893005371 39.1432304382324 38.9747428894043 38.9982299804688 38.5390548706055 38.7466049194336 39.0402297973633 39.058837890625 38.4129371643066 37.9749908447266 38.9456062316895 39.225887298584 39.1916999816895 38.597599029541 39.308910369873 39.4840965270996 39.58056640625 39.5770416259766 39.4756736755371 39.144889831543 38.8075141906738 38.899772644043 38.6555824279785 38.5182647705078 37.948371887207 38.4720916748047 38.7040061950684 38.6135368347168 38.4799537658691
33.3563117980957 32.8906669616699 33.1644287109375 33.3839149475098 33.8747901916504 32.3284454345703 32.0661659240723 32.4441566467285 33.621883392334 34.4367561340332 33.8578414916992 34.5333709716797 35.574047088623 36.8802337646484 38.4265937805176 38.0729179382324 39.2447509765625 39.5139465332031 38.7831153869629 38.0076866149902 38.680908203125 38.9019927978516 39.2498779296875 39.4999084472656 39.6233673095703 39.1798553466797 39.1864356994629 39.5679664611816 39.6441688537598 38.9135856628418 38.4372901916504 39.0233917236328 39.1493301391602 39.5904388427734 39.6478042602539 39.5813598632812 39.4340362548828 39.222225189209 38.8145561218262 38.0091171264648 37.7559471130371 37.6329040527344 37.6836738586426 38.3992538452148 38.4495506286621 38.8361778259277
34.1616973876953 33.7681274414062 34.4513778686523 34.309009552002 33.9513320922852 32.6595458984375 33.368595123291 33.1310005187988 33.409236907959 33.9684410095215 33.6727180480957 33.9931945800781 34.1676330566406 36.649829864502 38.0010566711426 37.237720489502 38.8396034240723 39.1576652526855 38.8405876159668 37.6584815979004 37.9356384277344 39.108081817627 39.537239074707 39.678050994873 39.7097091674805 39.6023788452148 39.6275939941406 39.7555885314941 39.3673286437988 38.6318817138672 38.4804458618164 39.1925659179688 39.6386184692383 39.6870422363281 39.6883010864258 39.6572456359863 39.6207885742188 39.4897384643555 39.2426872253418 38.0606994628906 37.4341125488281 36.5868453979492 37.6242637634277 37.6156806945801 38.5603256225586 38.9228897094727
35.8202819824219 35.6707611083984 35.0347518920898 34.9883041381836 34.4258193969727 33.9612655639648 33.6920852661133 32.7825622558594 33.3676681518555 32.9038963317871 32.4378128051758 33.6422805786133 34.0246353149414 36.1582489013672 37.2463722229004 36.4378051757812 37.232234954834 38.0834846496582 38.6882820129395 38.5664863586426 38.0784034729004 39.1195030212402 39.6212120056152 39.4246139526367 39.4072608947754 39.0746574401855 39.517032623291 39.7798690795898 38.8263931274414 37.9373474121094 38.6268310546875 39.2378616333008 39.612907409668 39.7060852050781 39.7287902832031 39.6671943664551 39.6555061340332 39.5710792541504 39.3885345458984 38.9980430603027 38.2799644470215 37.7604141235352 37.3096733093262 37.1101760864258 38.0372657775879 38.5367240905762
34.6340942382812 34.6371612548828 34.6644401550293 34.3389663696289 33.9009323120117 34.0879936218262 33.2735557556152 32.8000640869141 32.3255310058594 32.4046211242676 31.8406562805176 32.6812400817871 32.6725692749023 34.9518280029297 36.1246719360352 34.8238334655762 35.4602699279785 37.2072143554688 38.6384544372559 39.2332725524902 38.7157173156738 39.3696174621582 39.5953979492188 39.1865005493164 39.1767044067383 39.3057670593262 39.7973403930664 39.7817535400391 39.2224235534668 38.5319404602051 38.9143295288086 39.2162704467773 39.671516418457 39.706298828125 39.6672515869141 39.6305198669434 39.638011932373 39.5703086853027 39.5050163269043 39.3062934875488 39.0356369018555 38.467658996582 38.0679206848145 38.0284309387207 38.2666625976562 38.6836357116699
33.9701957702637 34.2112503051758 34.1083755493164 34.0673141479492 33.2452850341797 33.9569129943848 33.0787544250488 31.9274635314941 31.3721332550049 31.727560043335 31.4036560058594 32.0283050537109 32.7504348754883 34.6222267150879 34.9971771240234 34.5881309509277 36.9812889099121 38.0367774963379 38.8490905761719 39.3663330078125 39.6490364074707 39.7183532714844 39.6684265136719 39.5845947265625 39.3647155761719 39.6686363220215 39.8105659484863 39.7008018493652 39.3142051696777 38.6443786621094 38.7285385131836 39.3527069091797 39.5860595703125 39.1093444824219 39.5068664550781 39.6199150085449 39.6068344116211 39.5784530639648 39.5395317077637 39.4314575195312 39.1142616271973 38.3218231201172 38.6838226318359 38.7318801879883 38.6392364501953 38.5519561767578
33.3488616943359 33.6270370483398 33.4813957214355 33.7306709289551 33.8114547729492 33.7972564697266 33.4543762207031 32.4262504577637 32.5123023986816 32.6048622131348 31.6451358795166 31.4584827423096 32.3346939086914 34.5206642150879 35.136547088623 35.7340507507324 35.8247184753418 36.7826881408691 38.8044700622559 39.4407196044922 39.6365814208984 39.5977821350098 39.4503974914551 39.4102058410645 39.584400177002 39.6648330688477 39.6490440368652 39.2478866577148 38.2593460083008 38.4586982727051 38.7969970703125 39.6488418579102 39.3765258789062 38.7879180908203 39.5204391479492 39.442928314209 39.4822807312012 39.5467529296875 39.4530029296875 39.1630668640137 38.5338706970215 37.1793594360352 36.9090232849121 38.0429191589355 38.4345932006836 38.7355079650879
33.9942169189453 33.5496368408203 33.4012565612793 33.555061340332 33.6811828613281 33.5827751159668 33.1639289855957 32.8126182556152 33.3469772338867 32.7060966491699 32.5602645874023 32.5481147766113 33.2768898010254 34.4072532653809 34.6103973388672 35.4598846435547 36.5924110412598 37.8727226257324 38.8848533630371 39.3376426696777 39.6847305297852 39.6718826293945 39.1590690612793 38.8684692382812 39.123908996582 38.9728698730469 39.0959548950195 39.2867584228516 39.1839752197266 39.1798439025879 39.4972152709961 39.791446685791 39.1483345031738 39.0692253112793 39.6838722229004 39.1485137939453 39.3007049560547 39.2657852172852 39.3523483276367 39.0466194152832 37.5141258239746 36.7226142883301 36.0867614746094 38.0311737060547 38.6357917785645 38.4388465881348
34.3936157226562 33.2772789001465 33.2330131530762 33.3368072509766 33.4649276733398 33.319751739502 33.3386039733887 33.8486404418945 33.5158195495605 32.8098182678223 33.8369903564453 34.2580909729004 34.4886169433594 33.8507194519043 33.8707084655762 35.0543632507324 36.5286407470703 38.0249900817871 38.1448936462402 39.0270729064941 39.5102500915527 39.5461883544922 39.0553398132324 38.8129119873047 37.9755363464355 38.5822982788086 39.1491622924805 39.325366973877 39.5878219604492 39.6117973327637 39.7885551452637 39.7405586242676 39.7177238464355 39.7596549987793 39.723949432373 39.4604187011719 38.4748611450195 39.1224975585938 39.3313827514648 39.2884216308594 39.2330284118652 37.9027900695801 37.741813659668 39.1412658691406 39.4357681274414 39.3957786560059
34.4498748779297 33.5261917114258 33.2087631225586 33.1405258178711 33.3355827331543 33.1456108093262 33.7712364196777 35.4079551696777 34.479248046875 33.8447875976562 35.8065490722656 36.5967407226562 36.1820373535156 33.9942207336426 34.4365272521973 34.5693130493164 36.7989311218262 36.8927116394043 36.7689399719238 37.8033294677734 39.0433959960938 39.3054237365723 38.9737892150879 38.9819641113281 38.8589172363281 38.4970817565918 38.5936050415039 38.7668151855469 39.5162162780762 39.4936981201172 39.5726699829102 39.3853378295898 39.6118850708008 39.7800102233887 39.4876365661621 39.4581451416016 38.7599411010742 38.9062080383301 39.204948425293 39.0438766479492 39.4699249267578 39.4820938110352 39.3900184631348 39.4437217712402 39.566837310791 39.4255676269531
34.1922302246094 33.5839958190918 33.3878021240234 33.5563087463379 33.494800567627 33.5645561218262 33.958309173584 36.1709136962891 36.4041213989258 34.8949012756348 37.1533470153809 38.2383766174316 37.4515991210938 36.0943336486816 36.0310211181641 36.724479675293 37.5033683776855 38.0375328063965 38.4067840576172 38.7586135864258 38.9897842407227 38.7203712463379 37.2723236083984 37.6028900146484 38.2003211975098 37.7897644042969 38.0410423278809 38.978832244873 39.3973846435547 39.6283569335938 38.472297668457 38.466381072998 39.356388092041 39.685230255127 39.1893272399902 39.2100830078125 38.3712577819824 38.93896484375 39.1655731201172 39.0230979919434 39.5019569396973 39.6004638671875 39.6360893249512 39.6432838439941 39.5949363708496 39.2555389404297
34.2205390930176 33.8462219238281 33.8050422668457 33.9453544616699 34.1228179931641 34.2321586608887 34.9820556640625 36.9494018554688 36.8375434875488 36.315486907959 37.9105949401855 39.1649780273438 38.2706985473633 37.0139007568359 36.4237594604492 38.3459281921387 38.7604026794434 39.0056915283203 39.2432556152344 39.2865257263184 38.826229095459 38.5561447143555 38.6891937255859 38.1028633117676 38.4845657348633 38.9930458068848 39.2409133911133 39.3400115966797 39.5789794921875 39.5175323486328 37.7625541687012 38.5638236999512 39.482536315918 39.4123001098633 38.9657211303711 38.9124870300293 38.7537117004395 39.3102340698242 39.3520469665527 39.372200012207 39.3334007263184 39.5165176391602 39.5781364440918 39.5996932983398 39.5330848693848 39.4733657836914
34.1909255981445 33.9164237976074 34.4214820861816 35.1231498718262 35.2255668640137 35.7312622070312 36.97802734375 37.6926765441895 37.0315208435059 37.4851341247559 39.079216003418 39.6583251953125 39.0664138793945 37.946590423584 37.1152572631836 38.291130065918 38.306266784668 38.6515884399414 39.477409362793 39.7113952636719 39.3749389648438 39.0206527709961 39.4053649902344 39.2105827331543 39.0835990905762 39.589111328125 39.4933662414551 39.419506072998 39.7113876342773 39.4819030761719 38.8050155639648 39.3300666809082 39.5315780639648 39.2169456481934 38.2173042297363 38.1651344299316 38.5320663452148 39.3242645263672 39.0243301391602 39.0134239196777 39.0282974243164 39.349365234375 39.3407363891602 39.4173736572266 39.2746887207031 39.4067268371582
34.2432746887207 34.4164810180664 35.5004501342773 36.3603401184082 37.149284362793 38.1756057739258 38.9128799438477 38.1503105163574 36.0123977661133 36.7468910217285 38.4567756652832 39.6855545043945 39.2270927429199 38.8703231811523 37.8840255737305 38.9773254394531 39.1598892211914 38.4955596923828 39.3687057495117 39.7619781494141 39.6949882507324 39.234676361084 39.616081237793 39.742847442627 39.5897750854492 39.6808738708496 39.4934997558594 38.6816902160645 39.5698699951172 39.735725402832 39.6348762512207 39.5299186706543 39.2005844116211 38.8457984924316 37.9409103393555 37.9942665100098 38.8298721313477 38.7720336914062 38.628978729248 38.4379234313965 38.5882034301758 38.9289398193359 38.7310180664062 39.128173828125 38.6445999145508 39.0526962280273
