inst/extdata/Tmax/Tmax108.asc
NCOLS 100 
NROWS 79 
XLLCORNER 148.06 
YLLCORNER -21.49 
CELLSIZE 0.01 
NODATA_value -3.4e+38 
[rows 40 to 59 of 79, columns 0 to 45 of 100]
34.279800415039098 33.982982635498 34.031005859375 34.0755233764648 33.9527702331543 34.08642578125 34.0418472290039 33.8312911987305 33.322624206543 33.8035316467285 34.5157775878906 34.8822135925293 34.935001373291 35.0044784545898 35.0903358459473 34.8658218383789 34.5683174133301 34.1880569458008 33.5546188354492 34.1153259277344 34.1156349182129 34.0022277832031 33.9434280395508 33.5090255737305 32.5205726623535 31.8139457702637 31.6002006530762 31.7155380249023 31.855354309082 31.1609554290771 30.4578590393066 30.9363918304443 32.3522529602051 32.0631523132324 31.7884693145752 32.164981842041 32.0742645263672 31.7276496887207 31.4951343536377 31.0066680908203 30.9882278442383 30.0241508483887 29.4036712646484 29.4330978393555 29.1750030517578 29.0269584655762
34.4556427001953 34.0266647338867 33.9041061401367 34.0282936096191 33.925910949707 34.0258407592773 34.0415191650391 33.9342460632324 33.6697273254395 33.8151245117188 34.1996688842773 34.5983390808105 34.8661575317383 35.0653114318848 35.1269493103027 34.971248626709 34.6376495361328 34.0875701904297 33.7247695922852 33.8972702026367 33.9334487915039 33.6804313659668 33.8909606933594 33.5904083251953 32.8623390197754 32.3207397460938 31.6426429748535 31.5656356811523 31.8096179962158 31.33837890625 30.8786754608154 31.5870361328125 32.3496284484863 31.5291290283203 30.7381458282471 31.5942497253418 31.6517009735107 31.8960552215576 31.8659191131592 31.6197605133057 31.5160789489746 30.7103233337402 29.1571884155273 29.0450706481934 29.1648178100586 29.1544075012207
34.3139343261719 34.2627296447754 34.0409736633301 33.9186630249023 33.996166229248 34.0305252075195 34.0137367248535 33.9818840026855 33.9543075561523 33.9119262695312 33.9772758483887 34.5163879394531 34.8846969604492 35.0577507019043 35.0852546691895 35.0439796447754 34.7944869995117 34.4446029663086 34.2006645202637 34.1575317382812 34.0722961425781 33.3596839904785 33.2917213439941 33.5499496459961 33.5900344848633 33.1112785339355 32.1545448303223 31.8021202087402 31.7260074615479 31.4881362915039 30.5045394897461 31.6998558044434 31.7713623046875 30.5914859771729 29.6978759765625 30.7125358581543 30.7198371887207 31.4501934051514 31.6441593170166 31.3222484588623 31.075496673584 31.144214630127 30.4916839599609 30.2779846191406 30.8006362915039 31.9998016357422
33.9515991210938 34.0619354248047 34.0578842163086 34.0622291564941 34.1046676635742 34.1064109802246 34.076545715332 34.029541015625 34.1006355285645 34.0779685974121 34.0981674194336 34.5606460571289 34.8473129272461 35.0315895080566 35.0669288635254 35.0965270996094 34.985767364502 34.7562789916992 34.4534568786621 34.5076293945312 34.322437286377 34.0423583984375 33.2988815307617 32.9182891845703 33.6717948913574 33.4466018676758 32.9999389648438 32.4791297912598 32.1180458068848 31.9342384338379 31.0625476837158 30.9751796722412 31.7600708007812 31.2113971710205 30.5090961456299 30.0070819854736 30.1104888916016 30.3947582244873 30.6577949523926 30.4058246612549 29.9090557098389 30.7150268554688 30.2374362945557 31.3490524291992 33.454647064209 34.2099838256836
33.640796661377 33.8511123657227 33.8394470214844 33.8495788574219 34.0625762939453 34.1978988647461 34.2367210388184 34.1852149963379 34.2624244689941 34.3237533569336 34.521125793457 34.6809692382812 34.8354797363281 34.9597129821777 35.0394592285156 35.1103668212891 35.0802879333496 34.9297370910645 34.7650604248047 34.7218589782715 34.586124420166 34.4331703186035 34.1064071655273 33.8792037963867 33.6918487548828 33.1900329589844 33.4769248962402 33.3524055480957 33.004077911377 32.2567176818848 31.5928249359131 31.591194152832 31.9509220123291 32.1424446105957 31.8251476287842 30.5414047241211 29.0799255371094 29.0489807128906 29.175365447998 29.5563144683838 29.4301204681396 30.0452671051025 29.5270843505859 30.4645652770996 32.5551223754883 34.2188529968262
33.669677734375 33.7458343505859 33.5866966247559 33.4754829406738 33.7095832824707 33.9618301391602 34.2264099121094 34.3684616088867 34.4530754089355 34.5657653808594 34.6533126831055 34.5760383605957 34.3382034301758 34.7646980285645 35.0301361083984 35.0955047607422 35.1006851196289 35.0375175476074 34.9460716247559 34.883731842041 34.7916603088379 34.678955078125 34.6262054443359 33.9538116455078 33.5757293701172 33.5002517700195 33.5973243713379 33.4202270507812 33.2203025817871 32.6612167358398 31.2972221374512 31.5297679901123 31.8779296875 31.9570541381836 32.0743713378906 31.0922203063965 29.6689071655273 29.4119415283203 29.457311630249 29.9506816864014 29.3012371063232 29.7044830322266 30.1549205780029 30.5067882537842 31.5317058563232 32.936767578125
33.523624420166 33.4990310668945 33.5184555053711 33.4469032287598 33.3480567932129 33.4209365844727 33.9778251647949 34.1265335083008 34.2717742919922 34.3024864196777 34.5553703308105 34.6798706054688 34.41357421875 34.7105140686035 34.9742012023926 35.0727005004883 35.0869941711426 35.0245208740234 34.9890289306641 34.9531211853027 34.878231048584 34.8083000183105 34.7037353515625 34.1817474365234 33.2764549255371 33.4075736999512 33.6063423156738 33.3671493530273 33.3193702697754 33.1645278930664 32.2916259765625 31.9412136077881 31.5581893920898 31.8529529571533 32.0118370056152 31.5004959106445 30.3395290374756 30.6595153808594 30.0812606811523 30.8667526245117 30.2570743560791 30.4343166351318 30.5741291046143 30.7018775939941 30.7028408050537 30.508171081543
34.0128479003906 33.3156471252441 33.23828125 33.1893310546875 33.1699371337891 33.3163909912109 33.6713600158691 33.6316261291504 33.9175300598145 33.9818382263184 34.0811576843262 34.1629295349121 34.3799209594727 34.7036972045898 34.9251441955566 35.0670318603516 35.0605392456055 34.9389266967773 34.7471656799316 34.6477432250977 34.8051795959473 34.6065063476562 34.6352081298828 34.5702133178711 34.0688209533691 33.967960357666 33.9900360107422 33.778076171875 33.5987930297852 33.3596992492676 32.6075706481934 32.2129516601562 31.4389247894287 31.8796577453613 31.9354801177979 31.6881198883057 31.2183094024658 31.4748477935791 31.190221786499 31.4664573669434 31.184886932373 30.9614124298096 30.810941696167 30.6531848907471 30.2831192016602 30.0317268371582
34.7834739685059 33.9147796630859 33.0978889465332 32.9444198608398 33.096248626709 33.3093147277832 33.2451591491699 33.253776550293 33.6352233886719 33.9722595214844 34.062198638916 34.0528526306152 34.3189735412598 34.670036315918 34.9488639831543 35.0343704223633 35.048755645752 34.9808540344238 34.8000526428223 34.5575408935547 34.6451301574707 34.5911178588867 34.5101470947266 34.6639938354492 34.5496520996094 34.4374084472656 34.1232719421387 33.9110145568848 33.8191299438477 33.5008316040039 33.073112487793 32.5673828125 31.6220779418945 31.7998390197754 31.7749786376953 31.8488864898682 31.7474689483643 31.7248077392578 31.6058006286621 31.4111824035645 30.5380897521973 30.3555507659912 30.5835018157959 30.3066444396973 30.1657085418701 29.789176940918
35.0740928649902 34.5262603759766 33.6115074157715 32.9901924133301 32.9845695495605 32.9830665588379 33.0222549438477 33.4113960266113 33.6820602416992 33.577335357666 34.2705459594727 34.5348472595215 34.6646995544434 34.7866477966309 34.9056282043457 35.0091819763184 35.0217132568359 34.9732856750488 34.8663291931152 34.7158241271973 34.6061134338379 34.5338592529297 34.3342933654785 34.3866882324219 34.5806770324707 34.5699768066406 34.3249931335449 33.7316398620605 33.1864471435547 33.4900817871094 33.1630821228027 32.8277740478516 31.9433250427246 31.6221580505371 31.3978786468506 31.7389507293701 31.8318862915039 31.728931427002 31.6890163421631 31.352819442749 30.5960502624512 30.1597309112549 30.3673839569092 29.9670104980469 29.8766994476318 29.7827739715576
35.0655326843262 34.8816871643066 34.3935585021973 33.7158279418945 33.1370964050293 32.8147964477539 32.9990386962891 33.3580894470215 33.4166145324707 33.7596015930176 34.4082489013672 34.6751403808594 34.8250465393066 34.9487457275391 34.979434967041 35.0160064697266 34.888843536377 34.9107131958008 34.9254913330078 34.8443374633789 34.7261657714844 34.5522956848145 34.3389739990234 34.2543029785156 34.382137298584 34.434383392334 34.4828262329102 34.2334403991699 33.9250869750977 33.7681884765625 33.1672439575195 32.9918632507324 32.0724487304688 31.6280765533447 30.9572868347168 31.4827785491943 31.6308364868164 31.6281795501709 31.6895503997803 31.4917163848877 30.9238452911377 30.7388744354248 30.6354389190674 30.4050121307373 30.0525989532471 29.8633251190186
35.0279808044434 34.9987602233887 34.7288818359375 34.0039978027344 33.3703079223633 33.0687446594238 33.0306587219238 33.1325607299805 32.8719673156738 33.0516319274902 34.0044555664062 34.4575004577637 34.6650085449219 34.901798248291 35.0059814453125 34.9718780517578 34.8859748840332 34.8932113647461 34.861644744873 34.8559188842773 34.7555999755859 34.6418266296387 34.531623840332 34.3090476989746 34.1850662231445 34.1229476928711 34.0833396911621 34.219654083252 33.975700378418 34.1126136779785 34.1433067321777 33.2697906494141 32.6162872314453 32.1275062561035 31.5889530181885 31.7380962371826 31.6940460205078 31.5068836212158 31.6669597625732 31.5633239746094 31.0233917236328 30.8459053039551 30.725076675415 30.5263614654541 29.9884452819824 29.7834529876709
34.8347244262695 34.926830291748 34.7803535461426 33.7210159301758 32.8552474975586 32.8349418640137 32.9572601318359 32.817310333252 32.5475234985352 32.7041969299316 33.9293327331543 34.4578857421875 34.7081413269043 34.9228668212891 34.9432373046875 34.896656036377 34.8857803344727 34.8280448913574 34.788761138916 34.7897758483887 34.807243347168 34.7485198974609 34.5758361816406 34.3568878173828 34.1166000366211 33.9452705383301 33.9180107116699 33.8735237121582 33.8720703125 33.7621421813965 33.9784927368164 33.8392677307129 33.2196197509766 32.5464973449707 32.0685501098633 32.443042755127 32.3877296447754 31.8683757781982 31.6568927764893 31.7355632781982 31.5603122711182 31.2747535705566 30.9357681274414 30.6674938201904 30.2979850769043 29.8752269744873
34.6158142089844 34.698802947998 34.8327941894531 34.3681373596191 33.2797393798828 32.9128570556641 33.3078498840332 32.7701187133789 32.6084976196289 32.7088012695312 33.8900680541992 34.5645370483398 34.8101692199707 34.9211158752441 34.8505744934082 34.7531890869141 34.7491912841797 34.7853317260742 34.7559623718262 34.6452178955078 34.7058029174805 34.779956817627 34.627555847168 34.4639663696289 34.2530326843262 34.0798187255859 33.6949996948242 33.4913444519043 33.1106262207031 33.4955825805664 33.3177070617676 33.9213523864746 33.9756050109863 33.5984916687012 33.0608520507812 33.1007919311523 32.6965599060059 32.3129348754883 31.9779834747314 32.3934326171875 31.9388408660889 31.6388244628906 31.468994140625 31.3186130523682 31.0163993835449 30.8545150756836
34.4792556762695 34.4511070251465 34.6659469604492 34.6907196044922 34.2167282104492 33.966495513916 33.9120216369629 33.5342826843262 33.3201179504395 33.3412170410156 33.5582656860352 34.0048713684082 34.7235946655273 34.8767967224121 34.7514877319336 34.6640090942383 34.6566734313965 34.7196769714355 34.6840896606445 34.6194343566895 34.6497001647949 34.7643661499023 34.7164268493652 34.5252342224121 34.4104309082031 34.2125282287598 33.854377746582 33.6217727661133 33.1735954284668 33.4291725158691 32.7458648681641 33.2119750976562 33.4697113037109 33.4978523254395 33.6348266601562 33.5050811767578 33.1739654541016 33.0200271606445 32.5332908630371 31.9932708740234 31.9163303375244 31.966667175293 31.7080078125 31.4963645935059 31.4924354553223 31.3353939056396
34.5764923095703 34.5733337402344 34.6414527893066 34.6861724853516 34.5684356689453 33.9234924316406 33.9398155212402 34.0178642272949 33.7910270690918 33.7537422180176 34.0342407226562 34.430061340332 34.7862510681152 34.8694152832031 34.7691268920898 34.5785713195801 34.6396102905273 34.6432037353516 34.4369010925293 34.4229698181152 34.5736427307129 34.6591491699219 34.7208557128906 34.6208267211914 34.4960403442383 34.3369407653809 34.1225357055664 33.8473281860352 33.670783996582 33.5038909912109 33.0496101379395 32.6599235534668 32.8098945617676 32.7743644714355 33.2607536315918 32.941722869873 33.2328224182129 32.9788284301758 32.5936126708984 32.1488990783691 31.8998050689697 31.6637954711914 31.1479339599609 30.5151557922363 31.1415958404541 31.3487606048584
34.695915222168 34.6739540100098 34.6559066772461 34.6505661010742 34.4978332519531 33.6598434448242 33.443359375 33.9168090820312 33.8059043884277 33.4728851318359 33.7925148010254 34.5096664428711 34.8001976013184 34.8393058776855 34.7539939880371 34.5622482299805 34.5559501647949 34.3468055725098 34.0824928283691 34.2407531738281 34.5650787353516 34.577564239502 34.6686935424805 34.6643409729004 34.4918746948242 34.4288673400879 34.2351112365723 33.9357032775879 33.8461380004883 33.6070976257324 33.1695251464844 32.4446144104004 32.1253662109375 32.2826347351074 32.7794456481934 32.9334411621094 32.5321235656738 32.1608352661133 32.3765563964844 32.3049659729004 31.939905166626 31.6852474212646 31.1154651641846 30.2365837097168 30.7241764068604 31.1273651123047
34.7528419494629 34.7133102416992 34.6758460998535 34.6504783630371 34.6172332763672 34.262020111084 33.7861785888672 33.5348205566406 33.549144744873 33.3291244506836 33.8492660522461 34.5208778381348 34.7748985290527 34.7927742004395 34.7085914611816 34.5206832885742 34.3481712341309 34.1433601379395 34.0296974182129 34.3230743408203 34.4648094177246 34.5379676818848 34.5053863525391 34.616943359375 34.5587539672852 34.4681015014648 34.2882461547852 34.0083694458008 33.8840789794922 33.6773948669434 33.2387504577637 33.0215263366699 32.5357131958008 32.3364639282227 32.2811164855957 32.4448280334473 32.7312850952148 32.5724143981934 32.1874885559082 31.9726085662842 31.7573871612549 31.5422058105469 31.2787036895752 30.9394550323486 30.2511920928955 30.568696975708
34.7972450256348 34.7416458129883 34.7026786804199 34.6982917785645 34.6287956237793 34.4116477966309 34.1162300109863 33.5090484619141 33.401683807373 33.6080169677734 34.108470916748 34.5588722229004 34.7306709289551 34.7300720214844 34.5992736816406 34.4310302734375 34.1209259033203 34.0464935302734 34.1710548400879 34.2097129821777 34.3708610534668 34.3151016235352 34.1313209533691 34.404296875 34.5984001159668 34.4760322570801 34.2485084533691 34.0961074829102 33.9585266113281 33.8496360778809 33.6475067138672 33.4135932922363 33.0858268737793 33.0304489135742 32.6841926574707 32.3233795166016 32.4328727722168 32.5160789489746 32.2713394165039 32.1118621826172 31.9640979766846 31.7100486755371 31.0592231750488 30.6489086151123 30.7900905609131 30.8136291503906
34.808952331543 34.8181037902832 34.7723426818848 34.7420310974121 34.6316146850586 34.5240058898926 34.4173469543457 34.0449981689453 33.5593032836914 33.6687850952148 33.8495903015137 34.1729583740234 34.4825477600098 34.5396270751953 34.4839706420898 34.3442306518555 34.1300888061523 34.0046424865723 33.8949203491211 33.9487800598145 34.2044906616211 34.2166175842285 33.9678573608398 34.3942794799805 34.6211585998535 34.5102653503418 34.3429794311523 34.189266204834 34.1128845214844 33.9966812133789 33.8734703063965 33.6439933776855 33.304084777832 33.5278625488281 33.3909645080566 32.9936180114746 32.5124740600586 32.3956680297852 32.5281944274902 32.9727249145508 32.1732330322266 31.8822784423828 31.4547786712646 30.7231006622314 30.6504898071289 30.5229015350342
