inst/extdata/Tmax/Tmax80.asc
NCOLS 100 
NROWS 79 
XLLCORNER 148.06 
YLLCORNER -21.49 
CELLSIZE 0.01 
NODATA_value -3.4e+38 
[rows 40 to 59 of 79, columns 46 to 91 of 100]
27.6946220397949 28.5079116821289 28.8585224151611 29.5945358276367 30.9364452362061 31.7499408721924 31.3469638824463 29.7539329528809 29.4370803833008 29.9973773956299 30.4200801849365 31.8650856018066 31.539571762085 31.711799621582 31.0105400085449 31.8445377349854 31.9923324584961 31.7456283569336 31.8206672668457 31.895528793335 31.9034233093262 31.1236419677734 31.438793182373 31.6936416625977 31.7581806182861 31.7949333190918 31.7041664123535 31.3832626342773 31.5231323242188 31.6697559356689 31.6298007965088 31.4846630096436 31.2071838378906 30.1731986999512 30.3833026885986 30.9222393035889 30.8326396942139 30.7411289215088 30.9202690124512 30.4579486846924 29.8504161834717 30.2200660705566 30.4594745635986 30.2790775299072 30.4765167236328 30.5005397796631
28.8134956359863 29.7898292541504 29.7128219604492 29.6690788269043 30.9688625335693 31.9904918670654 31.0356636047363 30.6980476379395 31.1847896575928 31.2462120056152 31.5390243530273 32.1103553771973 32.0066261291504 32.011589050293 31.881275177002 32.1289215087891 32.15283203125 32.08935546875 32.0448303222656 32.0529594421387 32.0342178344727 31.595874786377 31.0154628753662 31.2983455657959 31.2247142791748 31.6140174865723 31.852502822876 31.4574413299561 31.4341125488281 31.7352447509766 31.7517852783203 31.663402557373 31.5130214691162 31.0066165924072 31.1864624023438 31.2017307281494 31.0143871307373 30.9930686950684 31.0594959259033 31.1428699493408 30.351131439209 30.517297744751 30.9928283691406 30.8182144165039 30.908504486084 30.8479785919189
30.8398609161377 30.9800224304199 31.1223125457764 31.5116729736328 31.7772655487061 32.1731910705566 31.8074035644531 31.3566970825195 31.7753047943115 32.0990447998047 32.0194702148438 32.2702331542969 32.2894592285156 32.2154884338379 32.183780670166 32.2431259155273 32.2430229187012 32.2143630981445 32.1788368225098 32.1603164672852 32.0839958190918 31.3141803741455 31.1423301696777 31.5370807647705 31.1071681976318 31.4599361419678 31.803409576416 31.7099456787109 31.6492214202881 31.8370018005371 31.8434181213379 31.8166561126709 31.7680168151855 31.6572208404541 31.5602836608887 31.2772235870361 30.5256290435791 30.9877910614014 31.398775100708 31.3755359649658 31.2510604858398 31.1853580474854 31.2610321044922 31.2718238830566 31.2908229827881 31.2299213409424
31.8624706268311 31.8703594207764 31.9697437286377 32.0809173583984 32.2659606933594 32.3267211914062 32.2407913208008 32.0397529602051 32.1725158691406 32.3426208496094 32.331859588623 32.3635444641113 32.3367309570312 32.2970199584961 32.3035926818848 32.2704772949219 32.207950592041 32.1785202026367 32.1942825317383 32.2076568603516 32.1672744750977 31.957799911499 31.7432613372803 31.8719749450684 31.7523384094238 31.3810501098633 31.5984287261963 31.8003921508789 31.9077491760254 31.9089183807373 31.8938655853271 31.8651103973389 31.8252620697021 31.7738456726074 31.7536888122559 31.6104106903076 31.207971572876 31.4392623901367 31.570629119873 31.5395278930664 31.4909248352051 31.4717063903809 31.4415550231934 31.4388084411621 31.426082611084 31.3855743408203
31.7163619995117 31.931173324585 32.1393661499023 32.1368789672852 32.1736869812012 32.2703971862793 32.2955665588379 32.3431510925293 32.3567161560059 32.300910949707 32.1195487976074 32.199161529541 32.127326965332 31.9049377441406 32.0438652038574 32.1417045593262 32.0398330688477 32.1193618774414 32.1840515136719 32.2113838195801 32.2166442871094 32.0929794311523 31.8288993835449 31.6097393035889 31.7777404785156 31.9006061553955 31.9237060546875 31.9419136047363 31.9315433502197 31.9406280517578 31.9143218994141 31.8806781768799 31.8282985687256 31.777759552002 31.7854328155518 31.7165412902832 31.6818466186523 31.6612014770508 31.593111038208 31.576847076416 31.5370483398438 31.5079345703125 31.4933128356934 31.4637660980225 31.3611316680908 31.3743572235107
30.2074165344238 30.8612289428711 31.209321975708 31.3820838928223 31.682165145874 31.9556465148926 31.8929824829102 32.0493354797363 32.038158416748 31.8944511413574 31.2484264373779 31.2518463134766 31.3076438903809 30.0582122802734 30.8464469909668 31.4725646972656 31.9118900299072 32.1716384887695 32.2320709228516 32.2388000488281 32.2376327514648 32.0757827758789 31.7120532989502 31.4014453887939 31.6060695648193 31.8030891418457 31.8919010162354 31.8653106689453 31.9009208679199 31.9409236907959 31.9301128387451 31.9019546508789 31.8675670623779 31.8415508270264 31.7963123321533 31.6980304718018 31.6702671051025 31.6448078155518 31.6022167205811 31.5763397216797 31.5316944122314 31.5067481994629 31.4803009033203 31.4175548553467 31.3935260772705 31.4036693572998
28.1638336181641 29.2488422393799 29.1605529785156 29.1277885437012 30.2483940124512 30.6950340270996 30.7802219390869 30.9926433563232 31.3652210235596 30.8377494812012 30.2632350921631 29.7695751190186 30.3197555541992 30.2039833068848 30.5677261352539 31.5170936584473 32.0677490234375 32.2100372314453 32.2246971130371 32.1955337524414 32.2265892028809 32.218147277832 31.8657913208008 31.569055557251 31.4637775421143 31.6685085296631 31.8220558166504 31.8973236083984 31.9623870849609 31.9598331451416 31.9621162414551 31.9423713684082 31.916524887085 31.8731098175049 31.7896213531494 31.720739364624 31.6975746154785 31.674934387207 31.6441459655762 31.6131477355957 31.5679454803467 31.5459327697754 31.5259838104248 31.47922706604 31.4553813934326 31.3524971008301
28.2807903289795 28.2160968780518 28.0429611206055 28.1050682067871 28.0484523773193 28.7211227416992 29.7798118591309 30.3306007385254 30.4758491516113 30.3611373901367 30.798059463501 30.6484565734863 30.5052013397217 30.9816017150879 31.2161922454834 31.9246425628662 32.12158203125 32.131893157959 32.0686416625977 32.1540718078613 32.2432975769043 32.2633285522461 32.133243560791 31.8692779541016 31.5175857543945 31.7192707061768 31.8602981567383 31.9749984741211 32.0146064758301 32.026668548584 32.0216407775879 31.9814682006836 31.9109382629395 31.832633972168 31.7648239135742 31.7240390777588 31.7154083251953 31.7090435028076 31.6827144622803 31.6527481079102 31.6190700531006 31.6030521392822 31.5803050994873 31.544132232666 31.3644714355469 31.1802082061768
27.9369831085205 28.0221729278564 28.2160129547119 27.9626121520996 27.8766975402832 27.9674663543701 28.7093830108643 30.1083831787109 30.5549087524414 30.6957340240479 30.5462036132812 30.6940631866455 30.929479598999 31.1620998382568 31.2006549835205 31.6282844543457 31.9276523590088 31.9154815673828 31.8976612091064 32.1292114257812 32.208366394043 32.2008666992188 32.2539901733398 32.1720275878906 32.0640106201172 32.0200157165527 32.0740089416504 32.1114120483398 32.0999412536621 32.0844917297363 32.0492324829102 31.9704856872559 31.885440826416 31.7632713317871 31.7127933502197 31.738712310791 31.7288494110107 31.7258567810059 31.7215213775635 31.6922225952148 31.6715259552002 31.6544227600098 31.6249504089355 31.5965995788574 31.4499473571777 31.3247966766357
28.0058937072754 28.1565284729004 28.1755390167236 27.8828048706055 28.3132839202881 29.0461540222168 29.1271839141846 30.1899890899658 30.5860691070557 30.7500324249268 30.5813102722168 30.9715938568115 31.1945648193359 31.1886100769043 31.2540855407715 31.1581439971924 31.2288150787354 31.4101753234863 31.7035293579102 31.979455947876 32.0511512756348 32.043285369873 32.2234802246094 32.2471008300781 32.2452278137207 32.2102737426758 32.1734733581543 32.0210914611816 32.0546264648438 32.0923271179199 32.0486145019531 31.932861328125 31.8810768127441 31.7081756591797 31.6387519836426 31.7640838623047 31.74831199646 31.7180843353271 31.7492504119873 31.7381553649902 31.7036228179932 31.6925430297852 31.6649932861328 31.6229000091553 31.5402946472168 31.4657382965088
28.0404262542725 27.9318904876709 28.1230564117432 27.8649711608887 28.4368076324463 29.3979835510254 29.6876735687256 30.1806831359863 30.7712173461914 31.1396083831787 31.1440677642822 31.236457824707 31.2881374359131 31.3041896820068 31.2853965759277 31.2296752929688 31.275276184082 31.0429134368896 30.7433109283447 31.6720523834229 31.572078704834 31.9095268249512 32.1647605895996 32.1993370056152 32.2256469726562 32.1955375671387 32.1216812133789 31.9294548034668 32.0330047607422 32.0995063781738 31.9550361633301 31.7974987030029 31.7939834594727 31.7617454528809 31.7714881896973 31.8183040618896 31.808126449585 31.7805118560791 31.7632999420166 31.7750988006592 31.7543926239014 31.7239742279053 31.6865386962891 31.6406269073486 31.587589263916 31.4942321777344
27.6561374664307 27.6293449401855 27.9676151275635 27.402551651001 27.5342693328857 29.3025398254395 29.9525871276855 30.4860057830811 30.7660579681396 30.996768951416 31.0383930206299 31.0350456237793 30.8612251281738 30.8539791107178 31.0694751739502 31.1680355072021 31.4371490478516 31.3668804168701 31.2029342651367 31.22682762146 31.0890312194824 31.7205352783203 32.0401268005371 32.1684341430664 32.1610336303711 32.1564140319824 31.8587875366211 31.5456447601318 32.0190734863281 32.1105270385742 31.8753833770752 31.6099586486816 31.797643661499 31.8217926025391 31.8304271697998 31.7872009277344 31.7693653106689 31.756872177124 31.759090423584 31.7341442108154 31.7209644317627 31.729455947876 31.7028675079346 31.6598739624023 31.6106185913086 31.535852432251
27.3384666442871 27.2049713134766 27.6229400634766 27.5102119445801 27.5856304168701 28.481761932373 29.3713645935059 29.9350070953369 30.3421802520752 30.6439781188965 30.5904331207275 30.5233860015869 30.5707817077637 30.8029842376709 31.4129638671875 31.4890289306641 31.6324844360352 31.5419216156006 31.4634246826172 31.3132209777832 31.1048393249512 31.6358680725098 31.9899654388428 32.1339797973633 32.0710220336914 32.1293830871582 31.8033294677734 31.0310726165771 31.8331127166748 32.1097106933594 31.8788776397705 31.6652851104736 31.8129062652588 31.7501945495605 31.6800231933594 31.6853275299072 31.7106285095215 31.6445026397705 31.5630435943604 31.5318622589111 31.6018886566162 31.6565418243408 31.7114658355713 31.6800556182861 31.6343097686768 31.5809059143066
28.3354377746582 27.406644821167 27.5014896392822 27.8584079742432 28.1942939758301 29.1461696624756 29.196798324585 29.8748416900635 30.5530204772949 30.8298206329346 31.1173057556152 31.1987361907959 31.3028564453125 31.4830455780029 31.63134765625 31.6569271087646 31.6060981750488 31.6576557159424 31.6189002990723 31.41455078125 31.2407054901123 31.2471542358398 31.6731491088867 31.849401473999 31.776180267334 32.1079711914062 32.009220123291 31.472053527832 31.9001941680908 32.1029052734375 31.9085655212402 31.7388858795166 31.6560192108154 31.3701839447021 31.5104064941406 31.4438037872314 31.4348049163818 31.0777206420898 31.143274307251 30.2968101501465 31.3793449401855 31.568531036377 31.6960506439209 31.6888275146484 31.6487884521484 31.5966796875
28.9657344818115 28.0641403198242 27.5850009918213 28.3048686981201 28.8835716247559 29.5317058563232 29.5875759124756 29.9951915740967 30.6429634094238 30.9939365386963 31.0255565643311 31.0328330993652 31.3726100921631 31.5086765289307 31.5923881530762 31.5680332183838 31.7311172485352 31.8311176300049 31.7957324981689 31.5783538818359 31.4300003051758 31.3468170166016 31.4459228515625 31.4447574615479 31.4119834899902 31.9591979980469 32.092643737793 31.8401489257812 31.5839595794678 32.0080413818359 31.6225337982178 30.942798614502 31.4364566802979 31.5555057525635 31.7780017852783 31.7622032165527 31.7114524841309 31.6666278839111 31.4665031433105 30.6427612304688 31.2855358123779 31.5345821380615 31.6568565368652 31.6808433532715 31.6609172821045 31.6126194000244
29.0083541870117 28.2247352600098 27.7099342346191 28.8731880187988 29.7393341064453 30.1187324523926 30.7467937469482 30.9412136077881 31.1144371032715 31.2032070159912 31.0347290039062 30.9929294586182 31.4578971862793 31.5262699127197 31.5270366668701 31.5769271850586 31.6634197235107 31.6448135375977 32.0705680847168 31.8585090637207 31.6176605224609 31.4777374267578 31.4479541778564 31.3050670623779 31.3034381866455 31.8069190979004 32.0809516906738 31.9910507202148 31.8570232391357 32.097282409668 31.5173454284668 30.5975723266602 30.9977035522461 31.5435943603516 31.5564556121826 31.2183513641357 31.2497882843018 31.6699771881104 31.7491760253906 31.6982765197754 31.7054824829102 31.6789569854736 31.6704578399658 31.6512298583984 31.6590614318848 31.6316223144531
28.8948154449463 28.0126190185547 27.5798492431641 28.6787033081055 29.81960105896 30.1317882537842 29.6173801422119 30.7746849060059 30.7241554260254 30.2442512512207 31.0542106628418 31.2278385162354 31.2405281066895 31.2844944000244 31.2918796539307 31.460994720459 31.5623226165771 31.6490802764893 32.0475578308105 32.1360397338867 31.9609222412109 31.6864223480225 31.5350551605225 31.4598751068115 31.2515888214111 31.6266040802002 31.9937305450439 31.9926071166992 32.1339111328125 32.17138671875 31.7306308746338 30.2607879638672 30.7886142730713 30.3659477233887 30.6391220092773 30.038013458252 30.8051948547363 31.6472187042236 31.724609375 31.7572364807129 31.7463073730469 31.6568794250488 31.547679901123 31.6167488098145 31.6224231719971 31.6116714477539
28.8843173980713 28.201208114624 28.2519931793213 28.7105140686035 29.5306148529053 29.903003692627 30.2625560760498 30.4603042602539 29.3327922821045 29.2494335174561 30.5747241973877 29.7175636291504 30.0289878845215 30.4039001464844 31.0118293762207 31.3962707519531 31.5174083709717 31.6914882659912 31.9698848724365 32.066822052002 32.1021614074707 31.8821754455566 31.6006183624268 31.6474132537842 31.5329341888428 31.7124290466309 31.6980094909668 31.5470943450928 31.984956741333 32.1224517822266 31.9135684967041 31.3033771514893 30.0904846191406 28.4060325622559 28.5479221343994 29.9567680358887 31.1385517120361 31.6275272369385 31.7009830474854 31.6343173980713 31.6111679077148 31.4030780792236 31.281982421875 31.5680351257324 31.3340625762939 31.3647766113281
28.8570785522461 28.5257511138916 28.3362350463867 28.6098518371582 29.1515617370605 29.8595733642578 29.9893646240234 29.6192283630371 29.1983528137207 29.9332542419434 30.3455352783203 29.4787998199463 29.7542896270752 30.1165008544922 30.9230041503906 31.2563400268555 31.4994010925293 31.8581523895264 32.1911811828613 32.0355377197266 31.916109085083 32.1417427062988 31.9174537658691 31.7515640258789 31.6064434051514 31.5881652832031 31.6431541442871 31.5477428436279 31.804838180542 32.066520690918 32.0797805786133 31.6242694854736 31.0118885040283 29.6193046569824 29.0921840667725 30.0032920837402 31.1328048706055 31.5766296386719 31.6074047088623 31.2037200927734 31.3947925567627 31.5228862762451 31.3305244445801 31.3619842529297 31.0732383728027 31.2644500732422
28.5508632659912 28.3535842895508 27.9189052581787 28.2185897827148 28.9032249450684 29.0492000579834 29.4102325439453 29.6920223236084 29.937801361084 30.0210399627686 30.3084964752197 30.4847660064697 31.0395488739014 31.1066818237305 31.2215042114258 30.8237991333008 31.6191883087158 31.9213275909424 32.0843849182129 31.8385677337646 31.9253425598145 32.0676803588867 32.137939453125 32.0757369995117 31.8242950439453 31.7506504058838 31.4396457672119 31.5587673187256 31.8721542358398 31.9259510040283 32.0319061279297 32.0319175720215 31.5534591674805 30.9811935424805 30.212308883667 29.9520568847656 30.8876686096191 31.5082244873047 31.0820636749268 30.6239547729492 31.354040145874 31.5417919158936 31.2901420593262 30.631046295166 30.8999729156494 31.3075504302979
