inst/extdata/Tmax/Tmax49.asc
NCOLS 100 
NROWS 79 
XLLCORNER 148.06 
YLLCORNER -21.49 
CELLSIZE 0.01 
NODATA_value -3.4e+38 
[rows 20 to 39 of 79, columns 0 to 45 of 100]
31.541963577270501 32.0560607910156 32.2590599060059 32.0011825561523 32.2093048095703 33.0573425292969 32.6049919128418 32.9052467346191 31.7551727294922 31.6899700164795 32.782169342041 32.3966255187988 31.3456058502197 29.5927085876465 28.5219345092773 27.7797145843506 27.4497184753418 28.7357387542725 29.6636257171631 30.4726009368896 30.6009330749512 31.0775661468506 31.209939956665 31.5535850524902 31.5202350616455 31.3032627105713 30.3032035827637 28.5000782012939 29.4256973266602 29.2408924102783 30.2981395721436 30.5910091400146 30.623233795166 30.6950817108154 30.4434280395508 30.1821804046631 30.044469833374 29.8071975708008 29.0049362182617 29.2542953491211 29.0858211517334 28.3114852905273 29.0234279632568 28.8059959411621 27.3340625762939 27.4672222137451
32.2949752807617 32.5917015075684 32.6140785217285 32.2502708435059 32.1973419189453 32.1247596740723 31.7325439453125 32.5369415283203 32.8035659790039 33.0773124694824 32.7750930786133 32.8007659912109 32.3189086914062 29.8575229644775 28.4466876983643 28.2738666534424 28.3924770355225 28.9387817382812 29.3961124420166 30.4254703521729 31.0896701812744 31.6928691864014 30.754487991333 31.2443580627441 31.2202167510986 30.9205532073975 30.6497058868408 29.2557125091553 29.3614025115967 30.2191200256348 30.6355075836182 30.4080982208252 30.4148387908936 29.3104267120361 29.0121402740479 29.237813949585 30.1058216094971 28.4025821685791 28.0545597076416 28.3000335693359 27.5820159912109 28.1470508575439 28.3842697143555 26.219856262207 26.1076164245605 26.7433891296387
32.5673942565918 32.8380241394043 32.66162109375 31.9857788085938 33.2335548400879 32.3396530151367 32.6167602539062 32.3159103393555 33.0339660644531 32.2362403869629 33.3501815795898 32.9808921813965 32.800048828125 31.9137325286865 31.1905403137207 29.5276947021484 27.945011138916 28.4671764373779 28.8194026947021 30.7298221588135 31.590368270874 30.7372493743896 30.7089099884033 30.2680377960205 29.8566112518311 30.6353645324707 30.5414161682129 30.1812152862549 30.1556453704834 30.1653423309326 29.846305847168 29.4192237854004 29.004487991333 28.5477142333984 27.9110984802246 28.688871383667 28.7690181732178 27.6929473876953 27.7095966339111 27.7081336975098 26.4196815490723 26.3694534301758 26.8405342102051 27.5559349060059 22.1450958251953 26.5825786590576
32.7068023681641 33.166690826416 33.6879005432129 31.9887638092041 31.9314079284668 32.800407409668 31.8834552764893 32.879093170166 33.096061706543 32.2081108093262 32.7886810302734 32.6906318664551 32.9138298034668 32.0125923156738 30.2249088287354 29.3606491088867 28.2747631072998 28.6332702636719 29.239330291748 30.1993007659912 30.649471282959 31.1075286865234 30.3718776702881 29.1398582458496 29.6179790496826 29.7232913970947 29.7461433410645 30.4894752502441 30.7855052947998 30.5581951141357 30.2337989807129 29.3688144683838 28.7726421356201 28.9100818634033 29.3444156646729 29.0841007232666 26.9982395172119 26.6773529052734 27.1222114562988 27.4718494415283 26.1315536499023 25.9793968200684 25.5193691253662 23.7554702758789 25.3093967437744 25.3870067596436
32.9039688110352 32.7932052612305 32.6217880249023 33.3568572998047 33.4643707275391 33.1601142883301 31.9423027038574 33.0332679748535 31.6228504180908 31.8718948364258 31.9288501739502 31.6949768066406 31.5442695617676 31.9091663360596 30.4528026580811 29.0362396240234 28.407039642334 28.324197769165 29.4288501739502 29.6067428588867 30.823938369751 30.9810390472412 28.4953994750977 28.2966804504395 28.4962959289551 28.8596439361572 29.1123905181885 30.2869739532471 30.6240100860596 30.08935546875 30.4922714233398 30.0953998565674 29.9925384521484 29.8083190917969 29.3267631530762 28.9647083282471 28.3621730804443 27.6331672668457 26.4409408569336 25.8852043151855 24.8244819641113 23.8799743652344 24.5294704437256 26.3401317596436 21.4686908721924 21.2564010620117
33.3592910766602 33.0866661071777 33.5482711791992 32.9044418334961 33.4333610534668 33.3029670715332 33.1730766296387 32.9595947265625 32.8131637573242 31.4554481506348 32.5159873962402 31.8347702026367 31.0562744140625 31.2153930664062 31.2719230651855 31.1629314422607 29.9572334289551 29.7581272125244 30.3709011077881 30.944164276123 30.2711925506592 28.6892223358154 28.2189254760742 27.1364269256592 27.8144931793213 28.6272201538086 28.6542530059814 29.3873538970947 30.3996601104736 30.2927856445312 28.816198348999 29.6830959320068 29.513521194458 29.5437393188477 29.158878326416 28.8881645202637 28.2965488433838 27.2817096710205 25.0019435882568 25.5261745452881 24.1173458099365 25.1789379119873 26.6888828277588 26.082010269165 21.4110012054443 20.6665573120117
31.403736114502 32.6230354309082 33.6781806945801 33.4537315368652 33.3465270996094 33.1968994140625 33.0845718383789 33.109619140625 32.846263885498 31.6134643554688 31.1914119720459 31.4060039520264 31.2434673309326 30.9779319763184 31.1227416992188 30.2350387573242 29.4840278625488 29.6042919158936 30.4558486938477 30.333459854126 30.0313034057617 30.2610492706299 29.1168880462646 27.8694362640381 27.3444900512695 28.0182762145996 29.2543354034424 30.3867111206055 29.8153610229492 30.0208034515381 29.3780422210693 29.2005748748779 29.3689785003662 28.9026069641113 28.9105453491211 28.2381839752197 26.9355049133301 27.1567459106445 22.6149978637695 21.0358238220215 23.7386589050293 21.2675457000732 26.088399887085 22.3328247070312 24.7370777130127 20.4325122833252
31.580738067627 31.2065143585205 32.3564109802246 33.2286911010742 33.1963920593262 33.0816078186035 33.2674522399902 33.4038124084473 33.0227165222168 32.3114891052246 31.873197555542 31.1967506408691 31.0384922027588 31.4415874481201 29.9321517944336 30.1954593658447 29.7771320343018 29.3375663757324 29.6637325286865 29.7453937530518 29.7423400878906 29.8005065917969 29.3881168365479 28.2534008026123 28.1643371582031 28.3992786407471 27.8914489746094 30.2449226379395 30.5709743499756 29.3015956878662 29.1618309020996 29.2340908050537 29.488941192627 28.7259960174561 28.4841842651367 27.7095241546631 26.2840557098389 26.5792713165283 26.3294162750244 25.2423057556152 24.0893630981445 24.5337429046631 24.3559627532959 21.6468982696533 21.0646171569824 20.72825050354
30.418628692627 30.869607925415 31.4460945129395 32.3453598022461 33.3880233764648 32.8843269348145 33.3149452209473 32.9737510681152 33.0022659301758 32.0511436462402 32.1599998474121 31.390230178833 31.6763954162598 31.6689624786377 31.4126796722412 29.3478717803955 29.417423248291 29.2398777008057 29.5888710021973 30.472188949585 29.2576351165771 29.7388782501221 28.8214111328125 27.87744140625 28.1551971435547 28.4818897247314 28.449254989624 29.1481742858887 29.8001346588135 29.6829509735107 29.8644123077393 28.943151473999 28.5557174682617 27.4820594787598 26.8971786499023 25.984016418457 26.2923049926758 26.3144073486328 26.4457950592041 23.987979888916 21.1223163604736 21.1791095733643 24.5664978027344 20.9682140350342 21.1825275421143 21.0849018096924
29.4039669036865 30.0278415679932 30.6201076507568 31.3663768768311 32.7423133850098 32.7662467956543 32.1194458007812 33.3056221008301 33.1224784851074 32.7872505187988 31.6885757446289 32.1357879638672 31.5038795471191 31.2383327484131 31.8372611999512 31.6409530639648 31.2795219421387 29.5948829650879 29.845006942749 29.8294467926025 29.7744274139404 29.7264308929443 29.3104591369629 28.3952045440674 28.1988067626953 28.2446594238281 27.8037147521973 29.1162090301514 29.9023742675781 29.3676986694336 30.1202239990234 28.7459354400635 27.7251625061035 27.6029510498047 27.107177734375 26.7913818359375 26.7606811523438 26.1878852844238 25.5717430114746 25.1734313964844 26.2499351501465 26.2364444732666 23.8375339508057 23.9032688140869 21.195779800415 22.0633392333984
29.9069595336914 30.4916114807129 30.6236457824707 31.4286594390869 31.6835079193115 31.4818725585938 31.6855621337891 32.7452850341797 32.7190895080566 32.2515449523926 32.747730255127 32.6756858825684 32.7308769226074 31.94118309021 31.9987049102783 32.0345993041992 30.8876457214355 30.3837051391602 29.4792594909668 29.8429756164551 29.6696815490723 29.0836563110352 28.9154605865479 28.5400829315186 28.0000762939453 27.3414611816406 27.7329330444336 29.3624801635742 29.6508960723877 29.8076725006104 30.0934371948242 30.2832984924316 28.7563228607178 27.6509342193604 26.9379711151123 27.771312713623 27.357629776001 26.6849784851074 25.8789939880371 25.8781681060791 27.6425189971924 27.4865970611572 27.1458015441895 26.3201293945312 23.0901203155518 22.4120826721191
30.8853607177734 30.7987785339355 31.6812591552734 32.5254287719727 33.0257606506348 31.7450065612793 31.8279190063477 33.1072044372559 33.0795631408691 32.4271392822266 32.8587112426758 32.5148887634277 32.4807395935059 32.1194152832031 31.2053470611572 31.5782642364502 29.3877029418945 28.1147842407227 29.5368824005127 29.1946678161621 29.1787815093994 29.3285007476807 28.8235168457031 28.5918807983398 28.1883525848389 28.1875610351562 28.5205192565918 29.6549777984619 30.2931823730469 29.3610134124756 29.8443069458008 29.8593349456787 30.1324138641357 29.3105373382568 28.6658477783203 27.61692237854 27.6017532348633 27.6805286407471 27.2608394622803 28.7731876373291 27.8194370269775 27.4860420227051 22.4772968292236 24.1330642700195 21.7349872589111 21.0880298614502
30.4482898712158 31.7701110839844 31.6411113739014 31.7523136138916 32.9459609985352 32.1475372314453 32.7759437561035 32.4338302612305 33.0228385925293 32.0239715576172 33.0085220336914 32.5183753967285 32.5165100097656 31.9384231567383 31.556697845459 31.0593547821045 31.0704250335693 29.4174785614014 28.3087215423584 28.7087059020996 28.7889881134033 29.300651550293 28.6971569061279 28.8088569641113 28.4495792388916 28.2614803314209 29.8949661254883 29.9435138702393 29.8027820587158 31.2569580078125 29.9704437255859 29.5261898040771 30.6529388427734 30.5022640228271 29.7701435089111 29.1535377502441 28.7360019683838 28.7200717926025 28.2729587554932 28.471248626709 27.7662658691406 25.3436679840088 20.773006439209 21.0824966430664 21.2757415771484 20.0528526306152
31.1947650909424 31.3094444274902 31.9226951599121 30.9014110565186 31.44775390625 30.3890724182129 31.1042594909668 32.4473838806152 32.97314453125 32.7856941223145 33.1007194519043 32.3404693603516 32.2006988525391 32.2735328674316 31.683292388916 31.4803047180176 31.895435333252 31.4467391967773 30.7467727661133 30.3702545166016 29.2324638366699 28.9725551605225 29.5126457214355 29.1652774810791 28.7981548309326 28.4045944213867 29.9124450683594 30.5957622528076 30.1254577636719 30.3215732574463 30.1133785247803 29.0577335357666 28.735408782959 28.7161140441895 29.1211109161377 29.3266220092773 29.3675861358643 29.8432884216309 29.4513778686523 29.5756988525391 27.8973236083984 23.4145946502686 21.9490509033203 22.1734638214111 21.9999980926514 21.0826225280762
31.6897792816162 32.0671920776367 31.8615093231201 30.1160106658936 30.8130054473877 31.8154602050781 31.0397510528564 32.4699592590332 32.8583145141602 32.5085296630859 32.9666900634766 32.6822738647461 33.0279006958008 32.5542449951172 32.160888671875 32.0031127929688 31.7406101226807 31.468713760376 31.0839748382568 30.1494903564453 28.7652015686035 29.8351993560791 30.2673397064209 29.1271686553955 28.7069320678711 28.6017475128174 28.4192657470703 29.7067279815674 29.5873394012451 28.680908203125 29.6447277069092 28.6199321746826 28.2315406799316 28.2912883758545 28.0215263366699 28.1901416778564 28.8490943908691 28.3625545501709 29.0252895355225 28.8010730743408 27.152135848999 26.8548145294189 24.0524215698242 23.4328517913818 22.7625846862793 22.6971454620361
31.4097213745117 32.7481079101562 31.8399257659912 31.0408000946045 29.5329875946045 31.809663772583 33.2061653137207 31.3552055358887 32.3509750366211 32.9568557739258 32.8584403991699 32.713306427002 32.2220764160156 32.3815956115723 32.0467376708984 32.2291412353516 31.3153133392334 30.8994541168213 30.8452949523926 30.3279800415039 29.2854232788086 29.9619617462158 29.1607131958008 27.8409214019775 28.2353649139404 27.8183574676514 29.1549491882324 28.3796482086182 28.2932090759277 25.720085144043 27.5811958312988 28.1416320800781 28.4577293395996 28.142578125 28.1931190490723 27.3033084869385 27.474214553833 27.8643684387207 28.8224601745605 28.156322479248 23.3224868774414 23.0255603790283 22.7703971862793 23.2824325561523 23.043285369873 21.9351978302002
32.0097007751465 31.1633529663086 32.493766784668 31.7984275817871 31.6898956298828 31.7018451690674 31.7232418060303 31.8149394989014 31.9803638458252 33.3022880554199 33.3128852844238 32.7599411010742 32.6477966308594 32.9165496826172 32.677806854248 31.5630187988281 30.9531307220459 30.9142322540283 30.9225826263428 30.9379215240479 30.2808456420898 29.3468170166016 28.3209133148193 28.1122779846191 28.4053993225098 29.0215148925781 29.5589790344238 28.6893978118896 28.3715877532959 26.4494018554688 26.2585430145264 25.2943820953369 26.8124961853027 28.1866493225098 28.1746425628662 26.3397102355957 26.2941665649414 25.9246578216553 25.6967945098877 22.20387840271 22.2134265899658 21.5144119262695 22.0051155090332 22.8733539581299 22.9214286804199 21.3945770263672
31.4017372131348 30.8850002288818 32.1859970092773 31.0061111450195 31.1823101043701 31.2163753509521 30.0151557922363 30.7919006347656 31.8302097320557 32.1516990661621 32.8932075500488 32.9308662414551 32.8181457519531 32.3243370056152 32.6708526611328 32.5684547424316 31.893253326416 30.6164894104004 31.1432628631592 30.6986255645752 30.5418338775635 29.8752460479736 28.4960632324219 28.3343734741211 27.8351707458496 28.4596061706543 29.3613185882568 28.5003223419189 28.6897716522217 28.3725433349609 28.3684387207031 27.2963237762451 26.993932723999 25.7630634307861 21.8288516998291 20.7128200531006 20.8538360595703 20.6298542022705 20.5720462799072 20.7936515808105 20.9827461242676 21.0760078430176 21.3616809844971 22.1678581237793 22.5137157440186 22.0677528381348
31.3773860931396 30.7599582672119 30.8002548217773 32.0180473327637 31.7126617431641 31.8590278625488 30.4428234100342 29.6071224212646 30.5088672637939 31.4060134887695 32.7112808227539 33.0710906982422 32.9861221313477 32.8197212219238 31.7618503570557 31.3779296875 31.3871822357178 31.0032787322998 31.4574069976807 31.3391361236572 31.3252353668213 30.0617179870605 29.4682636260986 29.0771141052246 28.2517204284668 29.042013168335 28.7666339874268 28.8991775512695 27.2986507415771 28.2021808624268 27.445182800293 27.2536373138428 27.5005378723145 26.8397846221924 25.4216041564941 20.324878692627 19.9797248840332 19.8942604064941 19.7393074035645 20.2787761688232 20.8898544311523 22.4034576416016 20.9576435089111 22.0153331756592 21.5153961181641 21.4156398773193
30.98264503479 30.4986324310303 31.7487716674805 31.7431411743164 31.9956798553467 31.1199207305908 30.8026943206787 30.172191619873 31.0664253234863 30.4246768951416 31.3622188568115 32.8595657348633 32.5889663696289 32.3892211914062 31.7078952789307 32.0269165039062 30.4007606506348 30.672815322876 31.0611000061035 30.8684787750244 30.9667186737061 30.3304405212402 30.4223880767822 29.8776435852051 28.8127021789551 28.7700233459473 28.427906036377 28.3354339599609 28.8226261138916 27.8927669525146 26.8749675750732 25.8982582092285 27.8185405731201 28.0431327819824 28.0711841583252 25.6307888031006 22.7616405487061 22.3512783050537 21.376838684082 20.4630851745605 21.2203369140625 21.2145881652832 21.2680625915527 21.7008304595947 21.6207065582275 21.3052501678467
