inst/extdata/Tmax/Tmax144.asc
NCOLS 100 
NROWS 79 
XLLCORNER 148.06 
YLLCORNER -21.49 
CELLSIZE 0.01 
NODATA_value -3.4e+38 
[rows 20 to 39 of 79, columns 0 to 45 of 100]
34.225727081298800 34.2841148376465 34.3096771240234 34.2943382263184 34.3382682800293 34.4932632446289 34.4235496520996 34.3654708862305 34.3139877319336 34.2303466796875 34.0473136901855 33.6065788269043 33.1100845336914 32.3875885009766 30.8973731994629 30.4260902404785 30.3525371551514 31.493408203125 32.7148399353027 33.2323188781738 33.2677879333496 33.298999786377 33.7060165405273 33.7520523071289 33.590633392334 33.2742691040039 32.5774459838867 31.5326156616211 32.1648292541504 32.2532272338867 32.9669151306152 32.9941558837891 33.169361114502 33.1399841308594 33.1027183532715 32.8290252685547 32.3831176757812 32.3947563171387 31.860408782959 32.1629943847656 31.9171600341797 31.0814628601074 31.3575229644775 31.4231357574463 31.5690822601318 31.6096324920654
34.3052635192871 34.3909454345703 34.4301681518555 34.4130401611328 34.442325592041 34.4643135070801 34.3322906494141 34.2680435180664 34.2648468017578 34.2145233154297 34.0955772399902 33.9166259765625 33.6732025146484 32.61083984375 30.9110488891602 30.5602073669434 30.8408031463623 31.8035583496094 32.4006423950195 32.8495330810547 33.0112419128418 32.9260063171387 33.5563621520996 33.7305564880371 33.5211715698242 33.552906036377 33.5228004455566 32.6590423583984 32.4905853271484 33.1059761047363 33.2551345825195 33.1405601501465 32.7684860229492 32.079174041748 32.1099662780762 32.0921592712402 32.6238975524902 31.8182792663574 31.3663997650146 31.7339115142822 31.2940273284912 31.3899631500244 31.0846138000488 30.0475311279297 30.4237823486328 31.2099361419678
34.3629875183105 34.4326705932617 34.4680061340332 34.4746017456055 34.4783401489258 34.461986541748 34.2830581665039 34.1661605834961 34.1284408569336 34.1153411865234 34.0065155029297 33.9468803405762 33.7688636779785 33.0858917236328 31.820384979248 30.8803329467773 30.1531562805176 30.7385654449463 31.4078845977783 32.3543319702148 32.4995422363281 32.6553535461426 33.4186973571777 33.1852416992188 32.7193565368652 33.158073425293 33.2459678649902 33.3588638305664 33.0425186157227 33.0990600585938 32.802131652832 32.593936920166 31.9455718994141 31.5712718963623 31.3126258850098 31.5704727172852 31.4985046386719 30.8611869812012 30.8348655700684 30.748119354248 30.3998889923096 29.5378761291504 30.4482040405273 30.1217422485352 29.0052471160889 30.6339321136475
34.3627014160156 34.4134063720703 34.4594764709473 34.4730072021484 34.4505920410156 34.4624519348145 34.3989524841309 34.0884017944336 33.9901885986328 34.0353698730469 33.8524398803711 33.6581916809082 33.7961654663086 33.3819427490234 32.493579864502 31.6076641082764 30.6685028076172 30.3520393371582 31.0564002990723 31.4303245544434 32.0701942443848 33.2426605224609 32.968433380127 32.2763786315918 32.4610366821289 32.6436882019043 32.2900619506836 33.4091033935547 33.448673248291 33.2983551025391 33.0442695617676 31.789852142334 31.4189739227295 31.6608772277832 32.0573921203613 31.5347270965576 30.4870414733887 29.8736572265625 30.7094535827637 30.1331062316895 29.3140830993652 27.7050437927246 28.6538715362549 30.0087795257568 27.9682712554932 29.4779872894287
34.3019523620605 34.3828430175781 34.442943572998 34.4286575317383 34.4070358276367 34.430591583252 34.4509582519531 34.2736396789551 34.0956649780273 33.9232406616211 33.8267593383789 33.8011627197266 33.6231460571289 33.252799987793 32.3971862792969 31.6179275512695 30.7719764709473 30.371337890625 30.6150856018066 30.6276473999023 32.022891998291 32.999137878418 31.7405967712402 31.1324501037598 32.0836219787598 32.0702133178711 32.2867317199707 33.162956237793 33.4547462463379 33.0248336791992 32.970344543457 32.7097091674805 32.6863555908203 32.7616271972656 32.3932991027832 32.0471954345703 31.5884780883789 30.3187007904053 30.0702648162842 29.78249168396 27.8422584533691 27.1902122497559 27.703296661377 29.7910842895508 27.567684173584 27.9862537384033
34.2512474060059 34.2887001037598 34.3259353637695 34.3188972473145 34.3520812988281 34.3823280334473 34.4310073852539 34.4019393920898 34.2521057128906 33.9980506896973 33.7991828918457 33.6621017456055 33.511344909668 33.0096549987793 32.5131912231445 31.8924808502197 31.1950531005859 30.8268356323242 31.3567504882812 32.1756935119629 32.1739196777344 32.0762252807617 31.530590057373 30.0867614746094 30.683723449707 31.5841979980469 31.7604866027832 33.2004165649414 33.4245338439941 33.018684387207 32.0192947387695 32.7317237854004 32.5865516662598 32.4495506286621 32.1450347900391 31.7868328094482 31.6532077789307 29.9703006744385 28.5251903533936 28.9920253753662 27.3767070770264 28.316312789917 28.7309894561768 29.7822132110596 28.6341400146484 27.4258880615234
34.1272277832031 34.1718559265137 34.2043342590332 34.2370986938477 34.2526321411133 34.2744941711426 34.3942794799805 34.4174118041992 34.2844047546387 33.8322715759277 33.7315292358398 33.4467582702637 33.4608001708984 33.0495109558105 32.2086791992188 31.0061531066895 30.579963684082 30.8205337524414 31.3752937316895 31.283374786377 31.5135688781738 32.5556564331055 32.4023017883301 30.677791595459 30.225528717041 31.3061103820801 32.2301940917969 33.2643013000488 33.3691520690918 33.1279792785645 32.1750984191895 31.7425670623779 32.6481285095215 32.0407791137695 31.5429954528809 30.6028728485107 30.2857131958008 30.4227523803711 29.2231674194336 27.7597026824951 27.3111476898193 27.6679992675781 27.5711727142334 28.7600860595703 27.7026767730713 26.9773826599121
33.9546394348145 33.9918060302734 34.0521430969238 34.1279563903809 34.1737098693848 34.2598533630371 34.3833389282227 34.3986434936523 34.3373565673828 34.1391448974609 33.8847236633301 33.6012840270996 33.4829521179199 33.2746543884277 32.2379112243652 30.9544277191162 30.5903816223145 30.5558280944824 30.7167472839355 30.7046318054199 32.0220069885254 32.7726287841797 32.1641883850098 31.1882400512695 30.5496101379395 30.8285484313965 30.9690551757812 32.7964363098145 33.2123413085938 33.0858497619629 32.1774024963379 32.0872383117676 32.4332313537598 31.5891819000244 30.8022155761719 30.1586971282959 29.1271953582764 29.9503040313721 29.7709770202637 27.7093276977539 27.2173442840576 27.4310283660889 27.3480892181396 28.0285949707031 27.3644981384277 27.0298347473145
33.3930740356445 33.3561553955078 33.6815719604492 34.0498390197754 34.2183151245117 34.3298034667969 34.3874130249023 34.3921508789062 34.2655563354492 34.1608467102051 33.9919395446777 33.4004440307617 33.5254745483398 33.3701972961426 32.7969970703125 31.4295997619629 30.6108589172363 30.053165435791 30.4227066040039 31.445291519165 32.0423889160156 32.4706878662109 31.4858551025391 30.667501449585 30.4686317443848 30.64870262146 31.1472129821777 32.2059898376465 33.0918006896973 33.1729888916016 32.5887031555176 32.2935218811035 31.8058586120605 30.635124206543 29.3136920928955 28.8438091278076 28.484302520752 28.7252635955811 28.9098682403564 28.4623126983643 27.8708057403564 28.0154285430908 27.7190799713135 27.4770336151123 27.4961338043213 27.4268054962158
32.4055061340332 33.3775863647461 33.7716979980469 33.4939231872559 34.1406936645508 34.3285369873047 34.3749008178711 34.3782730102539 34.1641120910645 34.0134391784668 34.021167755127 33.7353553771973 33.4794006347656 33.3436317443848 33.0694313049316 32.4960670471191 31.8669662475586 30.3276634216309 30.7053356170654 30.8086013793945 30.9964504241943 32.0921249389648 31.6148643493652 30.6978950500488 30.473445892334 30.244348526001 30.2112598419189 32.1349334716797 33.1146583557129 33.2126655578613 32.2825546264648 31.1717987060547 30.8240795135498 30.4285984039307 30.1311588287354 28.9858436584473 28.9184150695801 28.4572563171387 27.9914684295654 28.2894477844238 30.3570384979248 30.4492969512939 29.172119140625 27.5422763824463 28.7420501708984 28.8717613220215
32.7264556884766 33.7175979614258 33.7712898254395 33.1880950927734 34.0796852111816 34.3048934936523 34.3789901733398 34.3763008117676 34.3274307250977 34.0857543945312 33.9809074401855 33.9202003479004 33.7334175109863 33.5120010375977 33.1921272277832 32.5415306091309 31.6048583984375 31.1150741577148 30.6057205200195 30.9086666107178 31.0086669921875 31.5261669158936 30.8385181427002 30.6529102325439 30.3155956268311 29.6043148040771 29.9280109405518 31.9899063110352 32.9690246582031 33.0309371948242 33.0220756530762 32.8347320556641 31.5594787597656 30.4772357940674 30.4072151184082 29.8604869842529 30.0251312255859 29.8126087188721 29.3361797332764 29.9022426605225 31.6118049621582 31.677885055542 31.2024059295654 30.5543022155762 30.423454284668 29.7519874572754
33.5634307861328 33.8755035400391 33.969913482666 33.9848289489746 34.0975608825684 34.2811088562012 34.3333930969238 34.3448448181152 34.3091773986816 34.243537902832 34.0521926879883 33.9990196228027 33.902889251709 33.6843376159668 33.3942642211914 32.8547210693359 31.8942489624023 31.431827545166 30.6467094421387 30.5320358276367 30.6216888427734 31.1352996826172 30.7180213928223 30.4331665039062 30.370698928833 30.4128913879395 31.3321990966797 32.5760192871094 33.0174407958984 32.443286895752 32.3546485900879 32.3743782043457 32.6230697631836 32.0560188293457 31.7494983673096 30.8792533874512 32.0718307495117 31.9062938690186 31.8792476654053 31.9024791717529 31.6450862884521 30.6114902496338 29.5401134490967 29.1736755371094 29.0245609283447 28.1875381469727
33.2408981323242 34.0557136535645 34.1445159912109 34.1767921447754 34.1874580383301 34.2125434875488 34.1998176574707 34.2675170898438 34.2749671936035 34.2700119018555 34.2307777404785 34.1023864746094 33.9098281860352 33.7418365478516 33.5378532409668 33.2684135437012 32.730827331543 31.9867649078369 31.1481285095215 30.3589038848877 30.3994750976562 30.9211177825928 30.7903671264648 30.4807395935059 30.3273296356201 30.5154628753662 32.1437530517578 32.972354888916 33.0604705810547 32.8678932189941 32.3107070922852 31.6274032592773 32.4340705871582 32.5661849975586 32.6179733276367 32.0240211486816 32.498664855957 32.1678771972656 32.0224647521973 31.8392295837402 30.4806423187256 28.8693180084229 27.4395332336426 27.8346862792969 27.7426013946533 26.6943111419678
33.0814781188965 33.7942848205566 33.6111526489258 33.4900894165039 33.6571006774902 34.1018142700195 34.1210250854492 34.1619606018066 34.193229675293 34.1927833557129 34.1697311401367 34.155200958252 34.0418434143066 33.8813514709473 33.7192916870117 33.4767074584961 32.9891548156738 32.5296974182129 32.2311668395996 31.5255889892578 30.4666595458984 30.740629196167 30.4962024688721 30.5862731933594 30.4566078186035 30.4337062835693 31.6315822601318 32.9112014770508 33.0127792358398 32.6568222045898 32.5091247558594 31.3030815124512 31.6427268981934 31.9382019042969 32.2862014770508 32.4335174560547 32.276969909668 32.0889587402344 31.6537322998047 31.7214012145996 31.3580684661865 29.940990447998 29.0351066589355 29.6627006530762 29.1674156188965 27.8774261474609
33.4471702575684 33.7665405273438 33.3313674926758 32.6013259887695 32.7349548339844 33.8146133422852 34.0692100524902 34.0451240539551 34.0782051086426 34.110652923584 34.0349197387695 34.1014709472656 34.0598030090332 33.9482955932617 33.7919120788574 33.5891876220703 33.242359161377 32.4991073608398 32.0472793579102 31.534553527832 30.7780857086182 30.688289642334 30.489143371582 30.2568836212158 30.2269954681396 30.6658134460449 31.9508113861084 32.8548316955566 32.2907409667969 32.0469284057617 32.1781349182129 31.7793197631836 31.421573638916 31.0512809753418 30.7521324157715 31.3182716369629 31.1065788269043 31.4873714447021 31.4008731842041 31.1759777069092 30.8809566497803 31.2434959411621 30.9704437255859 30.6119918823242 29.9334869384766 29.3940582275391
33.5847625732422 33.7004280090332 33.5031852722168 33.1680908203125 32.8423309326172 33.4787445068359 33.8390045166016 33.880542755127 33.9489631652832 34.0319404602051 34.0337944030762 34.0981750488281 34.0427665710449 33.9894905090332 33.8279685974121 33.5935897827148 33.3276290893555 33.0980796813965 32.6543388366699 31.9225082397461 31.4956703186035 31.21022605896 30.6401710510254 29.9206008911133 30.1088027954102 30.3973293304443 32.0338478088379 32.6496543884277 30.5139694213867 30.0594120025635 30.7960243225098 31.0534706115723 31.0091972351074 30.7685508728027 30.2206382751465 29.9344482421875 30.5450172424316 30.366397857666 30.3344306945801 30.2823066711426 29.9850063323975 29.6375274658203 29.9324111938477 30.4759788513184 29.7645416259766 28.4883575439453
33.4197006225586 33.4604415893555 33.5090675354004 33.2140312194824 32.9137153625488 33.1397094726562 33.4009895324707 33.6395492553711 33.78076171875 33.9365386962891 33.9294967651367 33.9391860961914 34.0528755187988 33.9879455566406 33.8640594482422 33.5654830932617 33.5468292236328 33.3891754150391 33.1154098510742 32.6867027282715 32.5292053222656 31.6298427581787 30.9576435089111 30.430082321167 30.4332466125488 30.8776187896729 32.0546493530273 31.9531440734863 31.6226863861084 31.5093650817871 30.6351451873779 30.5667304992676 30.3554992675781 30.1969184875488 29.3780937194824 28.919620513916 29.1656455993652 29.1074352264404 29.379358291626 29.1536312103271 29.1430892944336 28.093692779541 28.9088516235352 29.8871154785156 29.6185188293457 27.9592895507812
32.7887649536133 33.1635665893555 33.4187355041504 33.3143081665039 33.1024780273438 32.969367980957 32.966251373291 33.4041519165039 33.5477714538574 33.7628784179688 33.8726577758789 33.8838424682617 33.9672164916992 34.0000534057617 33.8073081970215 33.7009696960449 33.620677947998 33.5053024291992 33.332763671875 33.1108131408691 32.8844337463379 32.0702590942383 30.7705917358398 30.8790836334229 30.0992221832275 30.7675704956055 31.8675689697266 31.236457824707 31.4611492156982 32.0062408447266 31.8778953552246 31.6996879577637 30.933162689209 30.4471244812012 28.6599159240723 27.2279663085938 27.2798385620117 27.1574764251709 27.1165161132812 27.6490955352783 27.8376789093018 28.0558738708496 28.2800903320312 29.2794075012207 29.118049621582 28.6710052490234
32.9256896972656 33.0359268188477 33.2064743041992 33.193229675293 33.1665992736816 32.8291854858398 32.5934600830078 32.3092880249023 33.0745239257812 33.6639099121094 33.8333511352539 33.8958778381348 34.0009689331055 34.0106391906738 33.6702041625977 33.2143096923828 33.2459526062012 33.327766418457 33.3926048278809 33.2618141174316 33.1054801940918 32.6381988525391 31.3653411865234 31.724494934082 30.6290016174316 30.6291046142578 30.8002033233643 31.1761016845703 29.9858589172363 30.75266456604 30.3333435058594 30.4675769805908 31.9107131958008 31.4196376800537 30.3168926239014 27.7798900604248 26.8097801208496 26.8138256072998 26.2681312561035 26.6225128173828 27.2194843292236 27.2053413391113 27.3071708679199 28.8624420166016 28.3611907958984 27.7588920593262
33.0006561279297 32.9167861938477 32.9970321655273 32.7875709533691 33.0293426513672 32.9437828063965 32.695686340332 32.4093399047852 32.6440963745117 33.3600196838379 33.6614418029785 33.8956871032715 33.9595832824707 33.9331436157227 33.8768768310547 33.4181671142578 32.9795188903809 32.7644233703613 33.0891304016113 33.2447166442871 33.0912437438965 32.9299392700195 32.5619354248047 31.9000625610352 30.6757278442383 30.437557220459 30.3852272033691 30.5012607574463 30.5663185119629 29.9644355773926 29.3176975250244 30.2074451446533 31.5943813323975 30.7440528869629 31.0011901855469 30.3826293945312 29.8887615203857 29.7402591705322 28.6197490692139 27.36181640625 28.1789875030518 27.8156242370605 28.265625 28.479679107666 28.1384124755859 27.6059532165527
