inst/extdata/Tmax/Tmax86.asc
NCOLS 100 
NROWS 79 
XLLCORNER 148.06 
YLLCORNER -21.49 
CELLSIZE 0.01 
NODATA_value -3.4e+38 
[rows 0 to 19 of 79, columns 0 to 45 of 100]
29.228046417236300 28.8872470855713 27.9297275543213 28.2841873168945 28.4213695526123 28.8402900695801 29.0429420471191 29.2494087219238 29.2091903686523 29.0137825012207 28.4896545410156 28.2822380065918 28.1961460113525 26.9859580993652 27.4546127319336 27.8581008911133 28.2842559814453 28.2511863708496 27.394868850708 26.745096206665 26.5994739532471 25.6954746246338 26.1042633056641 27.3507461547852 27.9273834228516 28.2142734527588 28.0875339508057 28.1433925628662 27.7979831695557 27.3911304473877 26.4585380554199 24.6438236236572 25.8565540313721 25.7731781005859 24.6197681427002 23.5557441711426 23.4472045898438 23.0833854675293 23.8121509552002 25.6962509155273 27.3545379638672 27.6595687866211 28.4620208740234 28.8380641937256 29.0366249084473 29.1895427703857
29.0408229827881 28.5203666687012 27.7571239471436 27.8456134796143 27.2814331054688 28.1807308197021 28.7473239898682 29.0891704559326 29.2502994537354 29.1191425323486 28.7307376861572 28.4020290374756 28.5231456756592 28.0867691040039 27.9181022644043 27.7996292114258 28.2353172302246 28.2731475830078 27.2418766021729 26.6574611663818 27.1622276306152 26.9136199951172 26.7998695373535 27.2201843261719 27.7435913085938 27.9558067321777 28.2879028320312 28.2299537658691 27.9939918518066 27.7589244842529 26.8559665679932 25.4409198760986 26.6422786712646 26.2075901031494 25.5037994384766 24.5717124938965 24.1462211608887 24.4997539520264 25.6075420379639 26.8374691009521 28.4665184020996 28.9377555847168 29.0857276916504 29.0950965881348 29.165584564209 29.2223453521729
29.0241279602051 28.2126426696777 28.3214797973633 28.446985244751 27.9877071380615 28.1014003753662 28.5066680908203 29.0876541137695 29.3106307983398 29.1577472686768 28.8275833129883 28.6897354125977 28.5933036804199 28.5390434265137 28.2126197814941 28.0585403442383 28.2944755554199 28.4732093811035 27.8310737609863 27.637279510498 27.4865741729736 27.1640567779541 26.9332466125488 27.0462684631348 27.9614505767822 28.2742652893066 28.1003799438477 28.0786399841309 28.0823707580566 27.7457160949707 27.8187694549561 26.7628612518311 27.0407257080078 25.7154941558838 25.4170169830322 24.7966957092285 24.295259475708 23.8264446258545 24.8276443481445 26.1326599121094 27.655517578125 28.7827796936035 29.1500205993652 29.2360706329346 29.2256908416748 29.1855869293213
29.2318248748779 28.8767585754395 28.5283622741699 29.158203125 28.628776550293 28.1952610015869 28.5785350799561 29.1664390563965 29.3781814575195 29.2238368988037 29.0593128204346 29.0270233154297 28.9106101989746 28.7249870300293 28.2467193603516 28.0694885253906 28.4706726074219 28.5299110412598 28.2802352905273 27.7641792297363 27.4393177032471 27.064790725708 27.1367015838623 27.0950660705566 27.7188301086426 28.2269802093506 27.8238716125488 28.1317386627197 27.9369297027588 27.0396862030029 27.6668395996094 27.7657051086426 26.9571876525879 25.6181259155273 25.0593814849854 24.2042865753174 24.4734573364258 23.9841709136963 23.8677864074707 23.3873996734619 24.9348678588867 27.9114933013916 28.9453964233398 29.204662322998 28.9348793029785 28.8341541290283
29.8052062988281 29.2315807342529 28.974365234375 29.3953285217285 29.1478385925293 28.4804039001465 28.5165138244629 29.1863746643066 29.3751373291016 28.9348430633545 28.9471435546875 29.2058563232422 29.063533782959 28.7385368347168 28.3341865539551 28.5077819824219 28.6185455322266 28.3170528411865 27.8222465515137 27.0846118927002 27.2627334594727 27.4289608001709 27.551721572876 27.7750682830811 27.7954769134521 27.4411010742188 28.2839965820312 27.8595085144043 27.7268962860107 27.1971874237061 27.608325958252 27.4275512695312 27.0996379852295 26.0273551940918 25.4895057678223 25.8338623046875 25.5132446289062 24.9498138427734 24.4195327758789 23.6954364776611 23.3495063781738 26.9657974243164 28.6271018981934 29.1072902679443 28.3589935302734 27.5850734710693
29.9711265563965 29.698413848877 28.9594841003418 29.4082279205322 29.4788722991943 29.0376300811768 28.7433032989502 29.2153148651123 29.4205417633057 29.0789527893066 28.9539260864258 29.2917633056641 29.1099319458008 28.7863235473633 28.0825614929199 28.6274299621582 28.5444526672363 28.0450115203857 27.4887638092041 27.0661239624023 27.1618404388428 27.4176425933838 27.7406311035156 27.753059387207 28.0970344543457 27.9894218444824 28.0992546081543 27.2601051330566 27.2699565887451 26.1209812164307 26.9146766662598 27.4682388305664 27.5889129638672 27.2356643676758 26.8589744567871 26.8032302856445 25.8958339691162 25.3712329864502 25.0303630828857 24.219877243042 23.7250938415527 26.4998970031738 28.5075397491455 29.067455291748 28.5370101928711 26.2758407592773
30.1923942565918 29.8858852386475 29.4747066497803 29.6507968902588 29.5997848510742 29.1929149627686 28.5124855041504 29.096284866333 29.3091678619385 29.4889144897461 29.4254207611084 29.2486686706543 28.7438774108887 28.8845901489258 28.8570899963379 28.6935272216797 28.4771270751953 27.882640838623 27.6623115539551 27.3526039123535 26.7643299102783 26.9713954925537 27.442268371582 27.8756580352783 28.2875881195068 28.217264175415 28.2588424682617 27.6599578857422 27.2694759368896 25.9963436126709 25.9998931884766 26.1207962036133 27.2074146270752 27.4120864868164 26.9142875671387 26.8073463439941 26.1921005249023 24.7219161987305 24.962121963501 24.5221290588379 24.3659896850586 26.3011989593506 28.2820320129395 28.8187236785889 28.5910606384277 26.7687854766846
30.175350189209 30.0679798126221 29.7370948791504 29.7728977203369 29.7332992553711 29.4318084716797 28.8122501373291 28.6765727996826 29.0021095275879 29.3958129882812 29.5404834747314 29.1939353942871 28.4476318359375 28.6764163970947 28.9533424377441 28.1905212402344 28.1400852203369 27.3497543334961 27.2711505889893 27.0299224853516 26.3474311828613 26.8284358978271 27.2678604125977 27.8761711120605 28.4292697906494 28.4583721160889 28.0077896118164 27.5134963989258 27.3257389068604 26.4807472229004 25.1560840606689 25.448974609375 25.785945892334 26.4504737854004 26.9024124145508 26.2413673400879 26.345027923584 25.3744163513184 24.3617267608643 24.6474590301514 24.8713665008545 26.1475257873535 27.3066539764404 28.4539165496826 28.415678024292 26.411828994751
29.8828601837158 30.1534938812256 29.9621887207031 29.9123573303223 29.7583789825439 29.4795989990234 29.093412399292 28.5963954925537 28.7787456512451 29.3429279327393 29.5491065979004 29.4965877532959 29.2477645874023 29.0719928741455 28.6505336761475 27.8524799346924 28.0549411773682 27.7909965515137 27.9291172027588 26.9789066314697 26.9782962799072 26.8251800537109 26.9269046783447 27.637336730957 28.3246936798096 28.5491523742676 27.5169296264648 26.5606460571289 26.6526126861572 26.5652332305908 25.9567184448242 25.4021759033203 24.9706039428711 25.4342632293701 26.4286994934082 25.7588634490967 25.5165328979492 25.4789848327637 24.5097675323486 24.1901893615723 24.4115810394287 24.5310611724854 25.5357036590576 27.3476619720459 27.8893966674805 26.5078926086426
29.5669364929199 30.0164489746094 30.1154727935791 29.9480972290039 29.7043266296387 29.5718078613281 29.3572463989258 28.8624019622803 28.5103378295898 29.2309436798096 29.5305500030518 29.0509738922119 28.2897338867188 28.3573532104492 28.4639663696289 28.4346790313721 28.4721584320068 28.3101539611816 28.0892333984375 27.7625846862793 27.4232711791992 26.7718238830566 27.1122856140137 28.0279674530029 28.5615158081055 28.4587001800537 27.6711940765381 27.5034236907959 26.9410991668701 26.3838920593262 25.1276435852051 24.745044708252 25.8223819732666 25.6805324554443 25.472131729126 25.2370777130127 25.0217914581299 25.3228912353516 24.7717342376709 24.029993057251 24.0642223358154 23.5169925689697 24.3737373352051 25.6696815490723 26.0467910766602 25.3538970947266
29.2246856689453 29.5520458221436 30.1174907684326 30.007022857666 29.8504409790039 29.7564945220947 29.5414848327637 29.1402988433838 29.1202373504639 29.3736209869385 29.5634803771973 29.1112632751465 28.7532615661621 27.9623184204102 28.1418647766113 28.443380355835 28.5792942047119 28.8133907318115 28.3027229309082 28.0915641784668 27.6707668304443 27.2900276184082 27.3645343780518 28.0058040618896 28.5250778198242 28.431921005249 27.6531047821045 26.8105525970459 25.7903347015381 25.7879467010498 25.4234638214111 25.3705940246582 26.2625637054443 25.9900360107422 25.0730285644531 24.8178596496582 25.2950820922852 25.0080871582031 24.6278343200684 24.0788764953613 24.1344528198242 23.8837013244629 23.5386238098145 24.2783908843994 24.7527885437012 25.1261615753174
29.0488719940186 29.1185531616211 30.0553398132324 30.0673007965088 29.9712257385254 29.8256816864014 29.6304798126221 29.2684631347656 29.3074226379395 29.6569557189941 29.6011829376221 29.373197555542 28.9533576965332 28.4268074035645 28.3164138793945 28.6372394561768 29.0080184936523 29.0040225982666 28.7094497680664 28.1876468658447 27.6508178710938 27.3064403533936 27.4737873077393 27.6497364044189 27.9193058013916 28.3280448913574 27.2210140228271 26.3772506713867 25.7598915100098 26.0017890930176 26.0694065093994 25.9875450134277 26.4584808349609 25.8717937469482 25.6186599731445 25.5289039611816 25.1022548675537 24.5143051147461 25.0391597747803 25.3041000366211 24.840446472168 24.3932914733887 23.8681316375732 24.328763961792 24.915620803833 25.3880500793457
29.2208614349365 29.7468433380127 30.0326995849609 29.9892559051514 30.0160694122314 29.9070167541504 29.7481956481934 29.3377990722656 29.4288444519043 29.8105239868164 29.573127746582 29.5024566650391 29.2452011108398 29.3470592498779 29.2364406585693 29.2239151000977 29.2563438415527 29.1650791168213 28.914587020874 28.3199787139893 28.0194263458252 28.2291431427002 28.5520896911621 28.8412342071533 28.6865653991699 28.210865020752 27.9980773925781 27.452522277832 27.0489311218262 26.854923248291 26.9461650848389 26.7313137054443 26.6386795043945 25.9991722106934 25.4213008880615 24.9682102203369 24.4319381713867 25.5701923370361 25.9157638549805 25.8724575042725 24.430513381958 24.3648471832275 23.8798789978027 23.6107139587402 24.9919700622559 25.6514854431152
29.6824035644531 29.9038982391357 29.9622287750244 29.873477935791 29.8882141113281 29.9516143798828 29.8964004516602 29.7567253112793 29.5217170715332 29.6931648254395 29.6670761108398 29.5948257446289 29.4458427429199 29.3299236297607 29.2080955505371 29.1231651306152 29.3215885162354 29.2239532470703 29.0733127593994 28.9578056335449 28.8546600341797 28.8312740325928 28.6100330352783 28.7641506195068 28.2662239074707 27.1149253845215 27.0706100463867 26.6376361846924 26.0718326568604 26.9020462036133 27.2389640808105 27.2163238525391 26.3764362335205 26.0476131439209 25.9289569854736 25.8819599151611 25.8806476593018 25.5447769165039 26.2723579406738 26.6830253601074 26.1089401245117 25.6186428070068 24.9102687835693 24.3458118438721 25.5328197479248 26.1217575073242
28.8742122650146 29.4785537719727 29.919116973877 29.8400573730469 29.7059497833252 29.8113136291504 29.7680244445801 29.586109161377 29.1356086730957 29.1850433349609 29.5489463806152 29.3355026245117 28.7735691070557 28.9512977600098 29.1494770050049 28.5588989257812 29.053092956543 29.2822952270508 29.2389068603516 29.1962833404541 29.1467437744141 28.6945190429688 27.9695911407471 28.4415760040283 28.2608413696289 27.9643077850342 27.8989429473877 27.5271511077881 27.126838684082 27.4448261260986 27.4115047454834 27.1339282989502 26.6426677703857 26.9375953674316 26.9122276306152 25.8645114898682 26.5200748443604 25.580846786499 25.9639663696289 26.8501396179199 26.8456707000732 26.5784816741943 25.7384510040283 24.8234443664551 25.5551376342773 26.4437046051025
27.9638652801514 29.0179405212402 29.7886428833008 29.9150333404541 29.8406105041504 29.8125438690186 29.7050399780273 29.5850715637207 29.3524398803711 28.8060989379883 28.3847579956055 29.1688461303711 28.287202835083 27.9642353057861 28.8820018768311 28.5038967132568 28.4878978729248 29.0206623077393 29.0704078674316 29.0881671905518 29.1160163879395 29.1070919036865 28.9630184173584 28.7062397003174 28.2364158630371 27.8113765716553 27.8511524200439 27.7993087768555 27.7509212493896 27.5582580566406 27.3813552856445 26.9408378601074 26.6458950042725 27.3904685974121 27.2687721252441 26.9810943603516 27.0151615142822 26.3904628753662 26.0161876678467 26.8010902404785 27.0405025482178 26.3527870178223 24.9499053955078 23.8366947174072 24.2871494293213 26.2120018005371
28.992618560791 28.8232727050781 29.4214305877686 29.6088371276855 29.8336334228516 29.7979679107666 29.6747894287109 29.5264663696289 29.3621368408203 29.0548477172852 28.3795433044434 28.820484161377 27.731897354126 27.4816951751709 28.2575359344482 28.109094619751 27.4140720367432 28.5417499542236 28.5511169433594 28.5463924407959 28.8598709106445 29.0640201568604 28.9683723449707 28.4953670501709 27.5608654022217 26.9617404937744 26.5798301696777 26.9170875549316 27.5562057495117 26.9293403625488 26.7065887451172 25.9329071044922 26.6987113952637 27.6628475189209 27.4729042053223 27.273567199707 27.3490200042725 26.8861846923828 26.4948997497559 26.8339023590088 27.0797672271729 25.8559837341309 24.7776832580566 25.1414012908936 25.5522308349609 26.234806060791
29.1279468536377 29.4873180389404 29.559211730957 29.5667743682861 29.7051544189453 29.7562980651855 29.69065284729 29.6020450592041 29.4378566741943 28.9579067230225 28.5491924285889 28.1631164550781 27.7523193359375 27.3893852233887 27.9163837432861 27.7735157012939 27.8046169281006 27.6233425140381 27.3697280883789 27.3533344268799 28.5749759674072 28.9052143096924 28.8998622894287 28.7965488433838 28.145450592041 26.9221687316895 25.5588645935059 26.3637580871582 27.2042350769043 26.2269382476807 26.6133518218994 27.2784214019775 27.6241264343262 27.9483413696289 27.8689956665039 27.6652526855469 27.1567764282227 26.2608776092529 26.7831802368164 27.0573043823242 27.4333019256592 27.0720748901367 26.9257526397705 26.9224987030029 26.8898754119873 26.2879619598389
29.3643932342529 29.3506126403809 29.1918182373047 29.2897872924805 29.7427139282227 29.6292972564697 29.6405124664307 29.6205863952637 29.5243339538574 29.1580963134766 28.0349521636963 28.1183853149414 27.685131072998 26.584342956543 27.2982215881348 27.0719680786133 26.9114017486572 26.2366847991943 27.0562839508057 27.4246940612793 28.5660552978516 28.616397857666 28.7885627746582 28.9236087799072 27.9869861602783 26.8771781921387 25.7616443634033 26.5191040039062 27.1564464569092 26.6370735168457 27.1952381134033 27.7054100036621 28.1468296051025 28.1720771789551 27.7046852111816 27.4367218017578 27.0617561340332 26.7876873016357 27.3860645294189 27.5009441375732 27.5653076171875 27.5007591247559 27.3848400115967 26.6934833526611 25.794376373291 25.7749137878418
29.5059108734131 29.4946918487549 29.4662895202637 29.3185138702393 29.752368927002 29.7447471618652 29.6799163818359 29.6169891357422 29.5449867248535 29.4417457580566 29.1052913665771 28.3608551025391 27.5346946716309 26.383581161499 26.6872501373291 26.6465950012207 26.2270889282227 26.5024681091309 26.7479496002197 27.7591209411621 28.5832271575928 28.143949508667 28.9379692077637 28.7849826812744 28.1484928131104 27.9018859863281 26.8014698028564 26.9060764312744 27.2965106964111 27.1262321472168 27.8085460662842 27.7965469360352 28.3000869750977 28.2409496307373 28.0951709747314 27.8449382781982 26.9535064697266 27.1580753326416 27.4640598297119 27.478702545166 27.536548614502 27.4078712463379 27.3453407287598 26.8069171905518 26.7469749450684 26.6276473999023
