inst/extdata/Tmax/Tmax123.asc
NCOLS 100 
NROWS 79 
XLLCORNER 148.06 
YLLCORNER -21.49 
CELLSIZE 0.01 
NODATA_value -3.4e+38 
[rows 40 to 59 of 79, columns 46 to 91 of 100]
38.556583404541 39.3592185974121 39.6936187744141 40.3969650268555 41.6523399353027 42.3616905212402 41.9855308532715 40.4814453125 40.1664352416992 40.6879386901855 41.0551452636719 42.3763389587402 42.0664558410645 42.2125625610352 41.5565223693848 42.2938690185547 42.4187622070312 42.1828994750977 42.2421722412109 42.3017501831055 42.2746772766113 41.5559730529785 41.8387565612793 42.0655059814453 42.1174278259277 42.1261100769043 42.0358695983887 41.7331657409668 41.85546875 41.9840126037598 41.9147338867188 41.7817573547363 41.5183143615723 40.5453948974609 40.7371215820312 41.2186164855957 41.1301116943359 41.0400428771973 41.2036895751953 40.7662239074707 40.1699676513672 40.5171279907227 40.7407913208008 40.5680923461914 40.7532577514648 40.7491455078125
39.6839218139648 40.6244468688965 40.5372772216797 40.4824028015137 41.6996116638184 42.6007308959961 41.7160682678223 41.3883819580078 41.8276100158691 41.8714790344238 42.1103858947754 42.6212043762207 42.5147438049316 42.5079498291016 42.3777389526367 42.57568359375 42.5874862670898 42.5197448730469 42.4696960449219 42.4683074951172 42.4170074462891 42.0133514404297 41.4683265686035 41.7223892211914 41.6465339660645 41.9814758300781 42.1950569152832 41.8228530883789 41.7939682006836 42.0657844543457 42.0488319396973 41.9685859680176 41.8234329223633 41.3468399047852 41.5092315673828 41.5005264282227 41.3212280273438 41.2971305847168 41.3554039001465 41.429874420166 40.6648559570312 40.8190002441406 41.2638244628906 41.0983505249023 41.1818008422852 41.0983657836914
41.6441268920898 41.7611999511719 41.8797073364258 42.2263946533203 42.4565544128418 42.7789993286133 42.4383735656738 42.0101737976074 42.3825149536133 42.6662368774414 42.5630378723145 42.7803192138672 42.7864608764648 42.7078018188477 42.6681137084961 42.6940155029297 42.6840667724609 42.6483612060547 42.6067276000977 42.5810928344727 42.4770355224609 41.7666015625 41.598876953125 41.9567718505859 41.5506019592285 41.8529510498047 42.1633644104004 42.0695915222168 42.0063247680664 42.1733016967773 42.1471557617188 42.1220664978027 42.0713005065918 41.9654006958008 41.870475769043 41.5845489501953 40.8755302429199 41.305736541748 41.6857681274414 41.6608581542969 41.524055480957 41.4602584838867 41.5287628173828 41.5352478027344 41.5461578369141 41.4658050537109
42.6276206970215 42.6199378967285 42.6964912414551 42.7838973999023 42.9388427734375 42.9548721313477 42.8705978393555 42.6736831665039 42.7823524475098 42.9253540039062 42.885498046875 42.9028205871582 42.8670959472656 42.8199310302734 42.8154487609863 42.7570152282715 42.6899795532227 42.6536560058594 42.6591911315918 42.6629447937012 42.5921096801758 42.3988151550293 42.1929702758789 42.304256439209 42.1865921020508 41.8170852661133 42.0110664367676 42.1907958984375 42.2831573486328 42.2776565551758 42.2318878173828 42.2049522399902 42.1615676879883 42.1090888977051 42.0826454162598 41.9327926635742 41.5537605285645 41.7656326293945 41.878345489502 41.8451652526855 41.7792816162109 41.7569580078125 41.7261352539062 41.718563079834 41.7032852172852 41.640193939209
42.5096893310547 42.6931419372559 42.8697624206543 42.8532905578613 42.873119354248 42.9223937988281 42.9397850036621 42.9703788757324 42.9702377319336 42.907054901123 42.7111511230469 42.7726211547852 42.6956253051758 42.4805030822754 42.5977783203125 42.659595489502 42.5563468933105 42.6202011108398 42.670825958252 42.6875190734863 42.6585540771484 42.5442733764648 42.2928428649902 42.0824966430664 42.2304611206055 42.3183708190918 42.3322677612305 42.341968536377 42.3255958557129 42.3275337219238 42.2714195251465 42.2421798706055 42.1881866455078 42.1361923217773 42.1348037719727 42.0501670837402 42.0128173828125 41.9874267578125 41.9234657287598 41.9026565551758 41.8441772460938 41.8138427734375 41.7960395812988 41.7665138244629 41.6771202087402 41.6584320068359
41.1008567810059 41.7116889953613 42.0256652832031 42.173454284668 42.4386215209961 42.6520729064941 42.5890197753906 42.7201309204102 42.6974945068359 42.5532188415527 41.9253273010254 41.9171371459961 41.9579811096191 40.7710494995117 41.5060577392578 42.0619850158691 42.4586410522461 42.6887321472168 42.7356109619141 42.7335166931152 42.6985092163086 42.5490379333496 42.2049865722656 41.9085845947266 42.0907249450684 42.2478561401367 42.3227310180664 42.2910995483398 42.3173675537109 42.3480491638184 42.3063926696777 42.2822875976562 42.2450332641602 42.2158889770508 42.1692008972168 42.0556793212891 42.0258331298828 41.9984512329102 41.9555130004883 41.9283981323242 41.8660202026367 41.8393020629883 41.8117752075195 41.7544021606445 41.730396270752 41.7092590332031
39.0917587280273 40.1656608581543 40.0674514770508 40.0242614746094 41.1037063598633 41.4918632507324 41.5681228637695 41.7562103271484 42.0928421020508 41.5869522094727 41.0135307312012 40.5297470092773 41.0460014343262 40.925479888916 41.2606239318848 42.1221313476562 42.6220970153809 42.7441864013672 42.7491149902344 42.7138175964355 42.7085952758789 42.7006225585938 42.3670463562012 42.0833053588867 41.9772682189941 42.1422500610352 42.2775650024414 42.3404121398926 42.3941345214844 42.3855094909668 42.3560523986816 42.3398323059082 42.3106079101562 42.2653732299805 42.1832580566406 42.0970573425293 42.0715255737305 42.0468215942383 42.0149192810059 41.9831275939941 41.9205932617188 41.8973350524902 41.8752555847168 41.8315773010254 41.8073272705078 41.6865234375
39.2100486755371 39.1351890563965 38.9508857727051 39.0044784545898 38.9382476806641 39.5772895812988 40.6158981323242 41.135555267334 41.2629318237305 41.1423988342285 41.5286293029785 41.3762893676758 41.229907989502 41.6697120666504 41.8796310424805 42.5109329223633 42.6835632324219 42.6842041015625 42.6172142028809 42.6876068115234 42.7362060546875 42.7543869018555 42.6258811950684 42.3733024597168 42.0382919311523 42.2007942199707 42.3246765136719 42.424259185791 42.4544830322266 42.4595031738281 42.4234008789062 42.3883895874023 42.317741394043 42.2401237487793 42.1725273132324 42.1125030517578 42.1005554199219 42.0910949707031 42.0633506774902 42.0325584411621 41.9808540344238 41.962947845459 41.9386177062988 41.9036674499512 41.7363777160645 41.536792755127
38.8861808776855 38.9637870788574 39.1509704589844 38.8855209350586 38.7896919250488 38.847354888916 39.591136932373 40.9525260925293 41.3695983886719 41.4925346374512 41.3219718933105 41.4518737792969 41.6641426086426 41.8728332519531 41.8990936279297 42.2713050842285 42.5400695800781 42.519962310791 42.4947280883789 42.7007331848145 42.7401657104492 42.7323989868164 42.7732429504395 42.689510345459 42.5818405151367 42.5159492492676 42.5589752197266 42.5869178771973 42.5699043273926 42.5495262145996 42.4855575561523 42.4148139953613 42.330680847168 42.2121658325195 42.1606254577637 42.1629295349121 42.1498908996582 42.1436233520508 42.1364212036133 42.1062812805176 42.0667915344238 42.0471305847168 42.0172157287598 41.988697052002 41.8521270751953 41.706127166748
38.964183807373 39.1083145141602 39.1185455322266 38.8127212524414 39.2396049499512 39.9377326965332 40.0164260864258 41.0446090698242 41.4138259887695 41.5591468811035 41.3702964782715 41.7302780151367 41.930103302002 41.9144439697266 41.966178894043 41.8489036560059 41.9061470031738 42.0673294067383 42.3325538635254 42.5806579589844 42.6128425598145 42.6048126220703 42.7635841369629 42.7775802612305 42.7683258056641 42.7109832763672 42.6699676513672 42.5220222473145 42.5468635559082 42.5758476257324 42.5040893554688 42.3989524841309 42.3457183837891 42.1797561645508 42.1104278564453 42.2056999206543 42.1872024536133 42.1555442810059 42.1815147399902 42.1683807373047 42.1160087585449 42.1023178100586 42.0738868713379 42.0296630859375 41.9520568847656 41.8538131713867
39.0070991516113 38.8877334594727 39.073543548584 38.8024787902832 39.372989654541 40.2966728210449 40.5794677734375 41.0487518310547 41.6048431396484 41.9434280395508 41.919319152832 41.9959602355957 42.0343971252441 42.0395774841309 42.012264251709 41.9328804016113 41.9667358398438 41.7387809753418 41.4461555480957 42.3118743896484 42.1841659545898 42.4984245300293 42.7273788452148 42.7516746520996 42.768627166748 42.7158241271973 42.6404914855957 42.4552803039551 42.5453720092773 42.601245880127 42.4357948303223 42.2914695739746 42.2831840515137 42.2483901977539 42.2531127929688 42.2750816345215 42.2618522644043 42.2326507568359 42.2135047912598 42.2217407226562 42.1822853088379 42.1489295959473 42.108325958252 42.0607452392578 42.0073394775391 41.8951263427734
38.621223449707 38.5855827331543 38.9232215881348 38.3369941711426 38.464168548584 40.2129821777344 40.8502655029297 41.3564453125 41.614185333252 41.8232345581055 41.8346900939941 41.8212738037109 41.6462821960449 41.6296997070312 41.8246955871582 41.8910903930664 42.1355247497559 42.0606117248535 41.8969764709473 41.9106063842773 41.7463302612305 42.3395042419434 42.6294555664062 42.7409820556641 42.7267608642578 42.697681427002 42.4139099121094 42.114372253418 42.5506401062012 42.6298675537109 42.3798217773438 42.1340751647949 42.304859161377 42.3227806091309 42.3265266418457 42.2644386291504 42.244083404541 42.2290191650391 42.22802734375 42.201473236084 42.1672019958496 42.1698837280273 42.1379852294922 42.0926055908203 42.0421752929688 41.9450836181641
38.2920036315918 38.1466026306152 38.5691795349121 38.4456176757812 38.5151672363281 39.3929023742676 40.2818756103516 40.8265647888184 41.2122077941895 41.4926834106445 41.4137725830078 41.3395004272461 41.3753623962402 41.588077545166 42.1569633483887 42.2019195556641 42.3276138305664 42.2333145141602 42.1504898071289 42.0002136230469 41.7692108154297 42.2693405151367 42.592456817627 42.7189445495605 42.6530914306641 42.6827735900879 42.3719902038574 41.6379318237305 42.3873405456543 42.639575958252 42.3933181762695 42.1960029602051 42.3294296264648 42.2661476135254 42.1960563659668 42.1794776916504 42.1995429992676 42.1341438293457 42.0530586242676 42.0193824768066 42.0633888244629 42.1105041503906 42.1543846130371 42.1183700561523 42.070556640625 41.9909820556641
39.3384094238281 38.3774490356445 38.4675369262695 38.8259963989258 39.1604537963867 40.0857353210449 40.135311126709 40.7959365844727 41.4453811645508 41.7011489868164 41.9479217529297 42.0152778625488 42.1041831970215 42.2648124694824 42.3951301574707 42.3926086425781 42.3354873657227 42.3747253417969 42.3293991088867 42.1284103393555 41.9303703308105 41.9363479614258 42.3299217224121 42.4875679016113 42.4118003845215 42.6973190307617 42.5986518859863 42.0885429382324 42.4844856262207 42.6679878234863 42.4557495117188 42.2995834350586 42.2169227600098 41.9428291320801 42.0709838867188 41.9867286682129 41.9736404418945 41.6302299499512 41.688117980957 40.8717727661133 41.8859901428223 42.0601348876953 42.174430847168 42.158275604248 42.1149520874023 42.0363235473633
39.9858779907227 39.0599594116211 38.5599594116211 39.2890853881836 39.8662643432617 40.4793968200684 40.5335540771484 40.9253349304199 41.5450592041016 41.871883392334 41.8747787475586 41.8719711303711 42.1852378845215 42.3044738769531 42.3742752075195 42.3244171142578 42.4684677124023 42.5531845092773 42.5112228393555 42.2984390258789 42.124870300293 42.0462341308594 42.132152557373 42.1236114501953 42.0854873657227 42.5754890441895 42.6935844421387 42.4512710571289 42.2045440673828 42.5967636108398 42.2043609619141 41.5625686645508 42.0267601013184 42.1346626281738 42.3392753601074 42.3016929626465 42.2489891052246 42.2019958496094 42.0088539123535 41.2192573547363 41.8116760253906 42.0427398681641 42.1534042358398 42.166690826416 42.1398506164551 42.0640754699707
40.0371704101562 39.2313690185547 38.6949920654297 39.8733367919922 40.7304763793945 41.0692024230957 41.678352355957 41.8551483154297 42.0107803344727 42.085391998291 41.897388458252 41.8478126525879 42.280818939209 42.3362503051758 42.327522277832 42.347770690918 42.4201049804688 42.3936309814453 42.7842788696289 42.577392578125 42.3174285888672 42.1854629516602 42.1497001647949 42.0070495605469 41.9984092712402 42.4493141174316 42.6994781494141 42.6092681884766 42.4777793884277 42.6970748901367 42.1215286254883 41.2468223571777 41.6254615783691 42.1385726928711 42.1452827453613 41.8022994995117 41.8272323608398 42.2196998596191 42.2893333435059 42.2369804382324 42.2218132019043 42.192626953125 42.1804313659668 42.1569137573242 42.1528739929199 42.0942039489746
39.9301681518555 39.0206298828125 38.5670852661133 39.6845703125 40.8200607299805 41.0929183959961 40.5835075378418 41.7075119018555 41.6487808227539 41.1729431152344 41.9295692443848 42.0859794616699 42.088794708252 42.121280670166 42.1188507080078 42.2527389526367 42.3395767211914 42.4126892089844 42.7784729003906 42.8529205322266 42.6556167602539 42.3977966308594 42.2474174499512 42.1690406799316 41.964412689209 42.2955436706543 42.6343307495117 42.6271705627441 42.7535247802734 42.7829627990723 42.338939666748 40.9349517822266 41.4387626647949 41.0254173278809 41.2839088439941 40.6789779663086 41.4162559509277 42.2125396728516 42.2805671691895 42.3065719604492 42.2743110656738 42.1860504150391 42.0792503356934 42.140064239502 42.1369705200195 42.0919418334961
39.9185256958008 39.2121887207031 39.2562713623047 39.7159881591797 40.5337066650391 40.8693199157715 41.2224082946777 41.4061470031738 40.2834320068359 40.1915588378906 41.4720268249512 40.6231994628906 40.9213485717773 41.278751373291 41.8568954467773 42.1975708007812 42.3036575317383 42.4596328735352 42.7132339477539 42.7959518432617 42.7957229614258 42.5896644592285 42.3167762756348 42.3538475036621 42.2386894226074 42.3843803405762 42.3644371032715 42.2156677246094 42.6226463317871 42.7451362609863 42.5175933837891 41.9426040649414 40.7681274414062 39.0981636047363 39.2347450256348 40.6043167114258 41.7412948608398 42.2004814147949 42.2648887634277 42.1975288391113 42.1538619995117 41.953197479248 41.8344039916992 42.1006164550781 41.8760871887207 41.8759689331055
39.9147033691406 39.5680503845215 39.3658714294434 39.6374969482422 40.1784324645996 40.8527793884277 40.9805221557617 40.6040992736816 40.1746025085449 40.8979034423828 41.2772636413574 40.4131736755371 40.6780548095703 41.0262260437012 41.8011817932129 42.0947608947754 42.3174819946289 42.6482315063477 42.9525604248047 42.7986297607422 42.6532745361328 42.865478515625 42.647647857666 42.4842567443848 42.3402366638184 42.2991485595703 42.3449325561523 42.2480163574219 42.4844703674316 42.7239646911621 42.7047538757324 42.2779197692871 41.6889495849609 40.3301239013672 39.8039779663086 40.6792030334473 41.7665061950684 42.183479309082 42.2077674865723 41.8203620910645 41.9804878234863 42.0973777770996 41.9112701416016 41.9371452331543 41.6589965820312 41.8119239807129
39.608699798584 39.398193359375 38.9428215026855 39.2439079284668 39.9351387023926 40.0493927001953 40.4131164550781 40.6861572265625 40.9215087890625 40.9950408935547 41.2522315979004 41.41552734375 41.9440727233887 41.9994850158691 42.1006355285645 41.6922035217285 42.4450225830078 42.7222023010254 42.8673362731934 42.6279678344727 42.6767616271973 42.8111457824707 42.8698577880859 42.8045310974121 42.5611000061035 42.4674911499023 42.1655082702637 42.2718811035156 42.5615997314453 42.6057777404785 42.6737594604492 42.6756401062012 42.2185974121094 41.6669731140137 40.9174728393555 40.6409912109375 41.5445785522461 42.1322708129883 41.7217826843262 41.2765655517578 41.9551696777344 42.1286735534668 41.8861999511719 41.2507133483887 41.5061531066895 41.8659019470215
