inst/extdata/Tmax/Tmax53.asc
NCOLS 100 
NROWS 79 
XLLCORNER 148.06 
YLLCORNER -21.49 
CELLSIZE 0.01 
NODATA_value -3.4e+38 
[rows 0 to 19 of 79, columns 46 to 91 of 100]
30.3938751220703 29.0641136169434 29.2343578338623 29.4719848632812 30.0312061309814 29.963228225708 30.2177486419678 30.2218799591064 29.2026233673096 27.1974658966064 28.89919090271 28.2502098083496 29.0186958312988 29.70751953125 29.8783988952637 30.0623683929443 30.2508563995361 30.6619491577148 29.2149791717529 29.7659740447998 29.9461612701416 -3.4e+38 -3.4e+38 -3.4e+38 -3.4e+38 -3.4e+38 -3.4e+38 -3.4e+38 -3.4e+38 -3.4e+38 -3.4e+38 -3.4e+38 -3.4e+38 -3.4e+38 -3.4e+38 -3.4e+38 -3.4e+38 -3.4e+38 -3.4e+38 -3.4e+38 -3.4e+38 -3.4e+38 -3.4e+38 -3.4e+38 -3.4e+38 -3.4e+38
30.7558765411377 30.2072925567627 28.8333168029785 29.1511535644531 29.3528308868408 29.3379020690918 29.7074775695801 30.0997009277344 28.7650241851807 27.7021369934082 29.7813968658447 29.376335144043 31.2526378631592 30.9280796051025 29.7626132965088 28.763147354126 29.9126110076904 31.7686634063721 30.6796684265137 29.4550132751465 30.1612319946289 32.2257461547852 -3.4e+38 -3.4e+38 -3.4e+38 -3.4e+38 -3.4e+38 -3.4e+38 -3.4e+38 -3.4e+38 -3.4e+38 -3.4e+38 -3.4e+38 -3.4e+38 -3.4e+38 -3.4e+38 -3.4e+38 -3.4e+38 -3.4e+38 -3.4e+38 -3.4e+38 -3.4e+38 -3.4e+38 -3.4e+38 -3.4e+38 -3.4e+38
32.5321846008301 29.378116607666 27.2247276306152 27.8208484649658 27.6966800689697 29.2597122192383 28.452356338501 28.3793678283691 27.5156555175781 27.2141819000244 29.0858020782471 30.5673999786377 31.966251373291 31.4722652435303 28.9522247314453 28.2328815460205 29.7964305877686 29.4448471069336 29.3257808685303 29.5468463897705 29.229341506958 29.4548301696777 29.2754917144775 29.7364311218262 -3.4e+38 -3.4e+38 -3.4e+38 -3.4e+38 -3.4e+38 -3.4e+38 -3.4e+38 -3.4e+38 -3.4e+38 -3.4e+38 -3.4e+38 -3.4e+38 -3.4e+38 -3.4e+38 -3.4e+38 -3.4e+38 -3.4e+38 -3.4e+38 -3.4e+38 -3.4e+38 -3.4e+38 -3.4e+38
28.5662708282471 28.0914211273193 25.0738983154297 26.2029304504395 27.8673458099365 27.7066535949707 28.1883220672607 28.3551845550537 28.044584274292 27.5955944061279 28.8870754241943 28.4925918579102 31.3077945709229 31.9075164794922 29.3686714172363 28.7971839904785 30.6533508300781 31.3307857513428 30.762149810791 30.0066947937012 28.581485748291 29.5350074768066 29.2703685760498 30.1148490905762 30.5979709625244 30.4952278137207 -3.4e+38 -3.4e+38 -3.4e+38 -3.4e+38 -3.4e+38 -3.4e+38 -3.4e+38 -3.4e+38 -3.4e+38 -3.4e+38 -3.4e+38 -3.4e+38 -3.4e+38 -3.4e+38 -3.4e+38 -3.4e+38 -3.4e+38 -3.4e+38 -3.4e+38 -3.4e+38
29.5314350128174 27.7091617584229 24.863676071167 24.6115550994873 26.2198791503906 28.5652656555176 29.2655754089355 29.6156444549561 27.6955833435059 26.6814079284668 27.3555431365967 25.7411003112793 27.2389545440674 31.3765525817871 28.5744705200195 28.9185428619385 30.8035411834717 30.6146507263184 31.2662296295166 31.1385707855225 24.6735095977783 29.5460987091064 29.8600826263428 29.3635387420654 30.1378860473633 30.5464973449707 -3.4e+38 -3.4e+38 -3.4e+38 -3.4e+38 -3.4e+38 -3.4e+38 -3.4e+38 -3.4e+38 -3.4e+38 -3.4e+38 -3.4e+38 -3.4e+38 -3.4e+38 -3.4e+38 -3.4e+38 -3.4e+38 -3.4e+38 -3.4e+38 -3.4e+38 -3.4e+38
25.1882705688477 26.0884323120117 23.9736442565918 23.210054397583 26.1860027313232 28.4586162567139 27.8690414428711 28.3119926452637 27.1526584625244 27.4469051361084 25.0902881622314 24.7675914764404 28.8767127990723 29.7571907043457 27.6203536987305 28.9835872650146 30.2756767272949 31.412899017334 30.4319629669189 30.1716556549072 24.7656879425049 26.8554496765137 30.5209636688232 29.5189952850342 29.9647121429443 29.9002857208252 -3.4e+38 -3.4e+38 -3.4e+38 -3.4e+38 -3.4e+38 -3.4e+38 -3.4e+38 -3.4e+38 -3.4e+38 -3.4e+38 -3.4e+38 -3.4e+38 -3.4e+38 -3.4e+38 -3.4e+38 -3.4e+38 -3.4e+38 -3.4e+38 -3.4e+38 -3.4e+38
23.8718967437744 24.8962802886963 25.1741390228271 24.7283267974854 28.8258876800537 28.5010604858398 28.4932956695557 27.3577404022217 28.2131786346436 27.1008567810059 26.1728420257568 26.5053901672363 27.6820430755615 31.3680362701416 31.2341022491455 32.3716354370117 28.916353225708 29.2623157501221 29.303539276123 29.781192779541 31.5680522918701 29.3305969238281 30.1550788879395 29.6887607574463 29.1307601928711 28.4611377716064 28.4042930603027 28.932315826416 -3.4e+38 -3.4e+38 -3.4e+38 -3.4e+38 -3.4e+38 -3.4e+38 -3.4e+38 -3.4e+38 -3.4e+38 -3.4e+38 -3.4e+38 -3.4e+38 -3.4e+38 -3.4e+38 -3.4e+38 -3.4e+38 -3.4e+38 -3.4e+38
22.7071018218994 25.624095916748 30.8654823303223 25.3474426269531 24.167013168335 25.9997272491455 27.8852787017822 27.0062999725342 27.3638916015625 28.2145290374756 26.6194591522217 26.1447143554688 27.2042694091797 28.6750869750977 26.9605369567871 29.8755435943604 26.8331851959229 26.6476898193359 28.0256633758545 29.4296569824219 29.6858768463135 28.3479671478271 28.8941230773926 29.5406017303467 28.5429725646973 27.8059673309326 27.5361099243164 28.1860771179199 29.5122528076172 27.9933815002441 29.2737617492676 -3.4e+38 -3.4e+38 -3.4e+38 -3.4e+38 -3.4e+38 -3.4e+38 -3.4e+38 -3.4e+38 -3.4e+38 -3.4e+38 -3.4e+38 -3.4e+38 -3.4e+38 -3.4e+38 -3.4e+38
22.6662139892578 24.9285869598389 25.7774486541748 29.6893520355225 25.1810302734375 23.3633651733398 25.6503410339355 26.0973663330078 28.3887424468994 28.6657295227051 28.8679428100586 27.1779956817627 26.8124141693115 27.4251365661621 25.2876930236816 25.1620101928711 24.4155197143555 28.7473049163818 27.3420505523682 28.7470359802246 30.8239650726318 30.7037887573242 28.2085227966309 26.2340049743652 27.3700218200684 28.0123691558838 28.647497177124 29.7871417999268 29.4329414367676 28.1699962615967 27.6017684936523 30.0577373504639 -3.4e+38 -3.4e+38 -3.4e+38 -3.4e+38 -3.4e+38 -3.4e+38 -3.4e+38 -3.4e+38 -3.4e+38 -3.4e+38 -3.4e+38 -3.4e+38 -3.4e+38 -3.4e+38
24.053503036499 24.9190711975098 25.5811786651611 26.3644714355469 27.9292163848877 24.7375507354736 24.4592342376709 26.2523040771484 27.8091297149658 28.0818996429443 27.9925918579102 27.7247734069824 26.6735019683838 26.7867012023926 25.1551551818848 24.7758369445801 24.4008121490479 29.4891242980957 29.2592830657959 27.4795703887939 28.6468524932861 30.4629096984863 31.2013835906982 30.1652812957764 30.1913280487061 27.8711261749268 28.4477691650391 30.9941444396973 28.9652214050293 28.2301979064941 31.1780700683594 31.6768665313721 -3.4e+38 -3.4e+38 -3.4e+38 -3.4e+38 -3.4e+38 -3.4e+38 -3.4e+38 -3.4e+38 -3.4e+38 -3.4e+38 -3.4e+38 -3.4e+38 -3.4e+38 -3.4e+38
22.954065322876 25.2887134552002 25.2362594604492 25.2158489227295 26.7513008117676 29.6448268890381 26.771915435791 27.6565017700195 27.4727268218994 27.6888580322266 28.4665088653564 27.9419345855713 27.4707088470459 28.0946655273438 27.486722946167 27.5703277587891 28.7022438049316 28.9998264312744 30.2210350036621 29.9554748535156 27.5349941253662 30.7445240020752 28.4292526245117 27.2640953063965 29.040735244751 28.7415885925293 29.7487201690674 29.7078952789307 31.6708469390869 32.2425765991211 -3.4e+38 -3.4e+38 -3.4e+38 -3.4e+38 -3.4e+38 -3.4e+38 -3.4e+38 -3.4e+38 -3.4e+38 -3.4e+38 -3.4e+38 -3.4e+38 -3.4e+38 -3.4e+38 -3.4e+38 -3.4e+38
22.4787139892578 23.5415744781494 23.7117862701416 22.8902854919434 23.8450698852539 24.9656009674072 31.6422576904297 28.4105739593506 28.1221790313721 27.8147106170654 28.0004653930664 28.4015979766846 27.5332107543945 28.1453800201416 27.8730182647705 29.719554901123 29.6853809356689 29.6367874145508 32.7111968994141 30.4895629882812 28.677001953125 28.7041110992432 28.8231582641602 28.2225894927979 32.1905212402344 28.029016494751 29.38352394104 29.1293716430664 29.9007987976074 28.695671081543 -3.4e+38 -3.4e+38 -3.4e+38 -3.4e+38 -3.4e+38 -3.4e+38 -3.4e+38 -3.4e+38 -3.4e+38 -3.4e+38 -3.4e+38 -3.4e+38 -3.4e+38 -3.4e+38 -3.4e+38 -3.4e+38
22.221923828125 21.0249176025391 20.7215518951416 20.6409358978271 22.834342956543 23.6632556915283 25.3157825469971 25.7010631561279 27.5596103668213 28.0570583343506 26.6184616088867 26.9540100097656 26.8476524353027 27.3795948028564 27.8046970367432 27.8275928497314 28.0628681182861 29.8071918487549 32.1693077087402 31.8694438934326 29.6424865722656 29.870813369751 29.7463321685791 31.5138473510742 29.8371067047119 29.0937480926514 29.9532470703125 29.2075138092041 27.5744781494141 25.7047824859619 28.7742176055908 30.1139259338379 -3.4e+38 -3.4e+38 -3.4e+38 -3.4e+38 -3.4e+38 -3.4e+38 -3.4e+38 -3.4e+38 -3.4e+38 -3.4e+38 -3.4e+38 -3.4e+38 -3.4e+38 -3.4e+38
22.2370262145996 21.3643016815186 20.8701286315918 20.5105018615723 21.0008907318115 21.5186634063721 23.4193515777588 24.6006240844727 27.1190910339355 28.2318725585938 27.2935848236084 27.2652492523193 27.8074970245361 28.2722625732422 28.6114158630371 29.8877506256104 28.0806007385254 30.0635547637939 31.1584033966064 30.0516014099121 30.0465278625488 32.4378204345703 30.1335830688477 29.6164436340332 30.9678936004639 29.2344837188721 28.2218151092529 28.0012130737305 27.0715789794922 28.3338851928711 30.2939014434814 30.0327854156494 28.9217834472656 -3.4e+38 -3.4e+38 -3.4e+38 -3.4e+38 25.2289581298828 31.4541091918945 -3.4e+38 -3.4e+38 -3.4e+38 -3.4e+38 -3.4e+38 -3.4e+38 -3.4e+38
22.6557426452637 22.0003700256348 20.9285106658936 20.569580078125 21.1362495422363 20.8924026489258 22.0248928070068 23.7177963256836 24.9814224243164 26.0315799713135 24.3099060058594 27.7562217712402 27.0812206268311 27.7594165802002 29.0524444580078 28.1305027008057 28.9504051208496 32.4296226501465 28.9771881103516 30.7866096496582 29.9640693664551 31.9003276824951 30.5981101989746 29.8828601837158 29.8348541259766 29.9252796173096 29.8086929321289 28.4414176940918 27.9898223876953 30.8081970214844 30.77610206604 29.932897567749 29.286340713501 -3.4e+38 -3.4e+38 -3.4e+38 -3.4e+38 26.3908176422119 30.2349853515625 31.7487869262695 31.3983840942383 31.2888221740723 -3.4e+38 -3.4e+38 -3.4e+38 -3.4e+38
22.5860824584961 21.3783988952637 20.9044818878174 20.9446926116943 20.5322074890137 21.5434093475342 21.3972778320312 22.6674098968506 26.8174858093262 28.4607429504395 26.327787399292 24.6083354949951 28.419261932373 23.9301509857178 24.0032920837402 24.8777236938477 30.1460285186768 28.448616027832 28.0170211791992 29.1932506561279 29.3824253082275 30.1581935882568 29.9910736083984 29.2845916748047 29.2437477111816 29.3516368865967 30.4907855987549 29.500171661377 28.6789836883545 28.6657161712646 29.4458694458008 25.97243309021 32.2148857116699 -3.4e+38 -3.4e+38 29.5657386779785 31.2695198059082 30.4593715667725 29.2408466339111 30.3309135437012 30.2971992492676 31.7604484558105 -3.4e+38 -3.4e+38 -3.4e+38 -3.4e+38
21.2021942138672 19.9668998718262 20.0627117156982 21.2898273468018 21.7405662536621 21.4765148162842 21.0489253997803 21.8314990997314 28.9610481262207 27.5093460083008 31.7232284545898 24.4107494354248 25.3667602539062 26.1603507995605 24.0403251647949 24.2712364196777 25.0168991088867 26.9448356628418 28.7285633087158 28.1556816101074 31.0100269317627 28.3423919677734 29.0496807098389 29.3438911437988 28.8130550384521 29.9080772399902 29.8693370819092 30.2092933654785 30.5358638763428 29.2101135253906 29.452657699585 26.0423946380615 28.0899105072021 -3.4e+38 32.0069999694824 27.4641914367676 29.4295883178711 -3.4e+38 31.7669715881348 -3.4e+38 31.4969100952148 -3.4e+38 -3.4e+38 -3.4e+38 -3.4e+38 -3.4e+38
21.842004776001 20.1513442993164 19.4956398010254 22.0978546142578 22.1691455841064 21.3091278076172 20.9257755279541 20.9959850311279 22.7166118621826 25.2616729736328 25.6580200195312 29.4924945831299 31.1894702911377 26.5586547851562 25.9881057739258 27.380090713501 27.8294486999512 28.1257820129395 27.6820487976074 27.6124687194824 29.1809482574463 29.2301979064941 30.7872753143311 30.8178234100342 29.1128768920898 28.8899726867676 29.8450794219971 28.8159141540527 29.0974750518799 28.9633541107178 26.6434478759766 27.9233455657959 31.891170501709 28.9129848480225 27.9694442749023 30.6639499664307 30.2836437225342 -3.4e+38 -3.4e+38 -3.4e+38 -3.4e+38 -3.4e+38 -3.4e+38 31.4745292663574 -3.4e+38 -3.4e+38
22.6331481933594 22.3903846740723 19.995080947876 21.6519317626953 20.3346290588379 20.5791835784912 21.6163730621338 21.7193450927734 23.522970199585 26.4019927978516 25.452220916748 25.5642414093018 28.2522277832031 32.2499084472656 27.7274684906006 28.0285053253174 27.8335952758789 27.0439758300781 26.5764980316162 26.5364036560059 31.942741394043 29.5726127624512 31.6222972869873 29.8001499176025 29.9974460601807 28.5003929138184 28.9579315185547 27.8641242980957 28.4709606170654 28.5485916137695 26.9541988372803 27.2298221588135 30.2927055358887 30.4249267578125 29.9420948028564 30.3167476654053 29.9353408813477 31.5724143981934 30.1392307281494 27.1418724060059 29.5607929229736 29.2668609619141 30.3249702453613 29.4279689788818 -3.4e+38 -3.4e+38
23.1973438262939 22.4058837890625 22.7306137084961 22.8808040618896 21.5052547454834 20.9398956298828 20.7175064086914 21.0720710754395 23.3430957794189 31.1631641387939 25.8171291351318 31.6195583343506 30.5030002593994 27.7251987457275 27.9041023254395 25.5118885040283 25.6510810852051 28.1164417266846 26.6434440612793 26.9631614685059 29.1496334075928 30.6811676025391 32.6873168945312 30.4224758148193 32.0583305358887 28.8749809265137 31.5723323822021 29.9551258087158 29.1035270690918 28.8489952087402 28.0850620269775 29.2493419647217 30.8013820648193 31.4008102416992 31.6040840148926 28.8362770080566 28.5562400817871 29.9688873291016 31.0767402648926 31.8503913879395 31.4421215057373 31.4956703186035 29.7500553131104 29.4978542327881 25.8974952697754 -3.4e+38
