inst/extdata/Tmax/Tmax59.asc
NCOLS 100 
NROWS 79 
XLLCORNER 148.06 
YLLCORNER -21.49 
CELLSIZE 0.01 
NODATA_value -3.4e+38 
[rows 40 to 59 of 79, columns 46 to 91 of 100]
34.0649642944336 34.9870529174805 35.3868179321289 36.2153778076172 37.7078857421875 38.6060943603516 38.1763343811035 36.4233894348145 36.0771255493164 36.7058143615723 37.1857452392578 38.7775001525879 38.4279441833496 38.6220359802246 37.8603782653809 38.7847518920898 38.9516754150391 38.6891899108887 38.7770843505859 38.8647308349609 38.8794708251953 38.0403022766113 38.3916244506836 38.6767044067383 38.7539901733398 38.806941986084 38.7153167724609 38.3727226257324 38.5343132019043 38.7033157348633 38.6696128845215 38.5278625488281 38.236011505127 37.1101112365723 37.3534240722656 37.9631118774414 37.8762702941895 37.7873611450195 37.994701385498 37.4993362426758 36.8452758789062 37.2665786743164 37.5420989990234 37.3548851013184 37.5834121704102 37.6207275390625
35.329532623291 36.4279174804688 36.3478927612305 36.3049583435059 37.7515525817871 38.8776321411133 37.8421630859375 37.4755859375 38.0172576904297 38.0903167724609 38.422966003418 39.0523071289062 38.9448776245117 38.9559020996094 38.8195838928223 39.1009178161621 39.1326713562012 39.0694618225098 39.0269012451172 39.041633605957 39.0271148681641 38.5616302490234 37.9325103759766 38.2496948242188 38.175952911377 38.6144142150879 38.8807411193848 38.4588394165039 38.4426231384277 38.7796325683594 38.8068733215332 38.7263641357422 38.572868347168 38.0305786132812 38.2375717163086 38.2705726623535 38.0767059326172 38.0640830993652 38.1473083496094 38.248649597168 37.3979339599609 37.5922889709473 38.1234664916992 37.9438056945801 38.0525512695312 37.996940612793
37.5854949951172 37.7454986572266 37.9075889587402 38.3410720825195 38.6373558044434 39.0751419067383 38.686466217041 38.1975326538086 38.6616477966309 39.0204238891602 38.9449195861816 39.2233619689941 39.2495231628418 39.1744041442871 39.1453170776367 39.2212982177734 39.2266731262207 39.2010688781738 39.1680564880371 39.1535415649414 39.0762214660645 38.2477684020996 38.0657424926758 38.504940032959 38.0403518676758 38.4397773742676 38.8223075866699 38.7291412353516 38.6717910766602 38.8846778869629 38.900463104248 38.884090423584 38.8404579162598 38.7321662902832 38.6365699768066 38.3447074890137 37.5304527282715 38.0489158630371 38.5064544677734 38.4912185668945 38.3722877502441 38.3110427856445 38.4028778076172 38.4219207763672 38.4454383850098 38.3926124572754
38.7207336425781 38.7339324951172 38.8474044799805 38.9736595153809 39.1804275512695 39.2513427734375 39.1683692932129 38.9537239074707 39.1035346984863 39.2937965393066 39.2930374145508 39.3324851989746 39.3083534240723 39.2702407836914 39.2825660705566 39.2577819824219 39.1950721740723 39.1683654785156 39.1908493041992 39.2107620239258 39.1722640991211 38.9563674926758 38.7286338806152 38.8752174377441 38.7510261535645 38.3584747314453 38.6045875549316 38.8329772949219 38.9578971862793 38.9675331115723 38.9596748352051 38.9406433105469 38.9051399230957 38.8587837219238 38.842586517334 38.7089538574219 38.2808494567871 38.5420150756836 38.6867713928223 38.6611366271973 38.6238555908203 38.6099319458008 38.5857276916504 38.5878067016602 38.5804862976074 38.5467948913574
38.5695457458496 38.8097190856934 39.0421028137207 39.0437927246094 39.0884704589844 39.1985816955566 39.2365837097168 39.2930297851562 39.3124389648438 39.2563095092773 39.0693321228027 39.1609764099121 39.0875511169434 38.8498001098633 39.0065231323242 39.1242866516113 39.0183563232422 39.1101417541504 39.1857032775879 39.2206001281738 39.2316970825195 39.1090087890625 38.8271446228027 38.5936393737793 38.7840538024902 38.9316329956055 38.9644927978516 38.9921112060547 38.98876953125 39.0066566467285 38.9863052368164 38.964038848877 38.9156799316406 38.8694381713867 38.8819236755371 38.8238716125488 38.7938575744629 38.7775077819824 38.7159194946289 38.7041511535645 38.6749496459961 38.6512145996094 38.6414756774902 38.617618560791 38.5240020751953 38.5413780212402
36.906364440918 37.6386070251465 38.0284576416016 38.2236671447754 38.558422088623 38.8628768920898 38.804744720459 38.9804039001465 38.9726943969727 38.8200569152832 38.1213607788086 38.1299705505371 38.1963195800781 36.8175163269043 37.6974830627441 38.3986473083496 38.8849105834961 39.1731986999512 39.2439041137695 39.2561416625977 39.2603073120117 39.0957374572754 38.704475402832 38.3704605102539 38.6022872924805 38.8310623168945 38.9353561401367 38.9139709472656 38.960391998291 39.0115699768066 39.007640838623 38.9910202026367 38.9617805480957 38.9416618347168 38.9008827209473 38.8086929321289 38.7869987487793 38.7678833007812 38.7301979064941 38.7106246948242 38.6764335632324 38.6563301086426 38.6349678039551 38.5783920288086 38.5601844787598 38.5742797851562
34.6119194030762 35.8432693481445 35.7490463256836 35.7173194885254 36.978443145752 37.4802742004395 37.5856285095215 37.8255462646484 38.2415351867676 37.6633262634277 37.0361595153809 36.4901351928711 37.1087303161621 36.9847030639648 37.3939781188965 38.4534797668457 39.0612525939941 39.2211036682129 39.2417526245117 39.2149848937988 39.254020690918 39.2561111450195 38.8779220581055 38.5601501464844 38.4518623352051 38.689510345459 38.864444732666 38.9537773132324 39.0318374633789 39.0364685058594 39.0464553833008 39.0386047363281 39.0182037353516 38.9789199829102 38.8962860107422 38.835521697998 38.8184776306152 38.8020133972168 38.7766990661621 38.751220703125 38.7162818908691 38.6998252868652 38.6843223571777 38.6432647705078 38.6243133544922 38.5226135253906
34.7382164001465 34.670280456543 34.4793090820312 34.5551795959473 34.4963531494141 35.2628974914551 36.4655952453613 37.0859565734863 37.2523460388184 37.1291580200195 37.6256828308105 37.4641876220703 37.3095474243164 37.8426551818848 38.1064949035645 38.895866394043 39.1156196594238 39.1313400268555 39.0668792724609 39.1651039123535 39.2673301696777 39.300537109375 39.1652526855469 38.8839149475098 38.5056381225586 38.7396774291992 38.9006729125977 39.0326080322266 39.0826797485352 39.1028289794922 39.1044883728027 39.0741729736328 39.0050430297852 38.927562713623 38.8614921569824 38.8308982849121 38.8292427062988 38.8300018310547 38.8091697692871 38.7844047546387 38.7615623474121 38.7508735656738 38.7323188781738 38.7010459899902 38.5159645080566 38.3227348327637
34.3586959838867 34.4545059204102 34.6799049377441 34.3973922729492 34.305103302002 34.413402557373 35.2653770446777 36.8438034057617 37.3465423583984 37.5075531005859 37.3517875671387 37.5206451416016 37.786262512207 38.0481262207031 38.0950622558594 38.5768699645996 38.9096450805664 38.9006271362305 38.8857688903809 39.1437187194824 39.2350883483887 39.2389144897461 39.3027610778809 39.2197380065918 39.1084594726562 39.0730590820312 39.1383323669434 39.1855659484863 39.179744720459 39.169677734375 39.1382598876953 39.0657691955566 38.9804992675781 38.8549156188965 38.807300567627 38.8488502502441 38.8455047607422 38.8495597839355 38.8521881103516 38.827751159668 38.8186187744141 38.8054656982422 38.7801055908203 38.7559585571289 38.6093482971191 38.4850616455078
34.4388389587402 34.6115074157715 34.6381492614746 34.3104286193848 34.8045768737793 35.6393737792969 35.7418556213379 36.9409561157227 37.3874244689941 37.5740928649902 37.3966789245605 37.8346290588379 38.085750579834 38.0832672119141 38.1598129272461 38.0640602111816 38.1463928222656 38.3509101867676 38.6784934997559 38.9858245849609 39.0699462890625 39.0732498168945 39.2755317687988 39.3071212768555 39.3110313415527 39.2851295471191 39.2513160705566 39.0919418334961 39.1348114013672 39.1822166442871 39.1412887573242 39.0282440185547 38.9787063598633 38.7974510192871 38.728816986084 38.8783493041992 38.8682289123535 38.8424110412598 38.8832130432129 38.8781204223633 38.8536224365234 38.8470802307129 38.8232116699219 38.7866058349609 38.7114448547363 38.6422882080078
34.4862823486328 34.3612442016602 34.5826187133789 34.2937774658203 34.948917388916 36.0416221618652 36.3787307739258 36.9364204406738 37.5998764038086 38.013011932373 38.0280494689941 38.1342506408691 38.1953086853027 38.2169532775879 38.2001152038574 38.1486015319824 38.2030143737793 37.9500885009766 37.6219902038574 38.6549949645996 38.5506820678711 38.9329071044922 39.2173957824707 39.2607269287109 39.295051574707 39.274169921875 39.199764251709 38.9964447021484 39.1154327392578 39.1938896179199 39.0431518554688 38.884033203125 38.8867568969727 38.8582382202148 38.8755149841309 38.939094543457 38.9346694946289 38.9113616943359 38.8992958068848 38.9187202453613 38.9088172912598 38.8825645446777 38.8498077392578 38.8092079162598 38.7620468139648 38.6765327453613
34.1336364746094 34.0869941711426 34.4095573425293 33.8288612365723 33.9335670471191 35.9389610290527 36.682201385498 37.2840614318848 37.6004333496094 37.860897064209 37.917049407959 37.9170455932617 37.7275924682617 37.7233123779297 37.9664611816406 38.0856971740723 38.3873519897461 38.3139190673828 38.1379165649414 38.1698226928711 38.0228042602539 38.7313613891602 39.086971282959 39.2324562072754 39.2298851013184 39.2364883422852 38.9175338745117 38.5803337097168 39.1042671203613 39.2096214294434 38.9597015380859 38.6819381713867 38.8933792114258 38.9260101318359 38.941707611084 38.9070472717285 38.8939743041992 38.8867568969727 38.8955154418945 38.8755111694336 38.8764686584473 38.8937034606934 38.8710060119629 38.8328399658203 38.7889213562012 38.720890045166
33.8335647583008 33.6850357055664 34.064525604248 33.9360656738281 33.9870262145996 35.0015335083008 36.021240234375 36.6609344482422 37.1218795776367 37.4631233215332 37.4131965637207 37.3418807983398 37.3984336853027 37.6610488891602 38.3417854309082 38.4355850219727 38.5978088378906 38.5028266906738 38.4211959838867 38.260368347168 38.034912109375 38.6331520080566 39.0269775390625 39.1895637512207 39.1261520385742 39.2012557983398 38.8505592346191 38.005443572998 38.8945426940918 39.2018737792969 38.9561729431152 38.7347183227539 38.9021224975586 38.8396377563477 38.7690620422363 38.7870826721191 38.8208274841309 38.754768371582 38.6745491027832 38.6495742797852 38.7413368225098 38.810131072998 38.8750381469727 38.847599029541 38.8066825866699 38.7586822509766
34.8172607421875 33.8924293518066 33.9625854492188 34.285816192627 34.673641204834 35.7606506347656 35.8283805847168 36.5985336303711 37.3638153076172 37.6765022277832 38.0062408447266 38.1000061035156 38.2188186645508 38.4216651916504 38.588794708252 38.6267166137695 38.5751266479492 38.6366577148438 38.5987129211426 38.3779907226562 38.1906967163086 38.2092094421387 38.6845321655273 38.8832702636719 38.8081092834473 39.1824722290039 39.079906463623 38.4961318969727 38.9714851379395 39.1979560852051 38.9916305541992 38.8178863525391 38.7328491210938 38.4246864318848 38.5848197937012 38.5236968994141 38.5215110778809 38.1367378234863 38.2182846069336 37.2867774963379 38.5027885437012 38.7186584472656 38.865047454834 38.8603744506836 38.824535369873 38.7773857116699
35.5409317016602 34.5357360839844 34.0565414428711 34.7994499206543 35.4630889892578 36.2025260925293 36.2757987976074 36.7395401000977 37.4704284667969 37.8655815124512 37.910213470459 37.9214515686035 38.3020629882812 38.4558410644531 38.5515403747559 38.5349960327148 38.7193450927734 38.8338890075684 38.7994117736816 38.5644569396973 38.4053382873535 38.3244285583496 38.4389152526855 38.4426002502441 38.4114685058594 39.0243301391602 39.1750946044922 38.9040718078613 38.6280784606934 39.097957611084 38.6812057495117 37.9419746398926 38.4937019348145 38.6302108764648 38.8804397583008 38.8769607543945 38.8293914794922 38.7885856628418 38.578197479248 37.6772422790527 38.4039497375488 38.6854820251465 38.8274879455566 38.8567276000977 38.8397102355957 38.7958183288574
35.5947532653809 34.7037162780762 34.1901969909668 35.4520683288574 36.4394569396973 36.8713874816895 37.586597442627 37.8069458007812 38.0030899047852 38.104808807373 37.926383972168 37.8827247619629 38.4025039672852 38.4811363220215 38.4856948852539 38.551212310791 38.6509132385254 38.6346244812012 39.1072387695312 38.8786392211914 38.6177673339844 38.4740676879883 38.4457893371582 38.29248046875 38.2955207824707 38.8615837097168 39.1663589477539 39.072868347168 38.931079864502 39.1984786987305 38.5680770874023 37.5590705871582 38.0105590820312 38.6212615966797 38.6428871154785 38.2845916748047 38.3274154663086 38.7966003417969 38.8909530639648 38.8437538146973 38.866024017334 38.8458061218262 38.8454208374023 38.831974029541 38.8411445617676 38.8167457580566
35.4704208374023 34.5154724121094 34.0797958374023 35.2346649169922 36.5359420776367 36.8919639587402 36.3196678161621 37.6269798278809 37.5732078552246 37.0370597839355 37.9540214538574 38.1501579284668 38.1669731140137 38.2191925048828 38.2313194274902 38.4291458129883 38.5452880859375 38.6451797485352 39.0878448486328 39.188793182373 39.0008010864258 38.7092094421387 38.5465621948242 38.4679641723633 38.2419548034668 38.6672172546387 39.0748596191406 39.0781364440918 39.237003326416 39.2823677062988 38.8051109313965 37.1856269836426 37.7831764221191 37.3186378479004 37.6318969726562 36.9733734130859 37.8393898010254 38.7758865356445 38.8680877685547 38.911434173584 38.9136848449707 38.8249626159668 38.7150268554688 38.7987976074219 38.808910369873 38.800106048584
35.4523773193359 34.7007904052734 34.7358016967773 35.264289855957 36.2024726867676 36.6279487609863 37.0436363220215 37.2691497802734 35.9965667724609 35.9048347473145 37.4122352600098 36.4483642578125 36.8037185668945 37.230037689209 37.9148368835449 38.3527374267578 38.4907722473145 38.6870803833008 38.9976081848145 39.1078186035156 39.1503677368164 38.9189414978027 38.6128005981445 38.6686134338379 38.546459197998 38.7549247741699 38.7433586120605 38.5814437866211 39.0670166015625 39.2227096557617 39.0004768371582 38.341926574707 36.9961204528809 35.1001739501953 35.2692756652832 36.8755683898926 38.2024040222168 38.7476692199707 38.83544921875 38.7705497741699 38.7594871520996 38.5407981872559 38.4171485900879 38.7378616333008 38.4924392700195 38.535327911377
35.4261932373047 35.0501327514648 34.8363876342773 35.1534156799316 35.775821685791 36.5841636657715 36.7404823303223 36.3235702514648 35.8478012084961 36.6850700378418 37.1596870422363 36.1820068359375 36.4984474182129 36.9118194580078 37.821460723877 38.2031364440918 38.4765853881836 38.8766479492188 39.2461357116699 39.0788383483887 38.9511680603027 39.2086944580078 38.96630859375 38.7876014709473 38.6315155029297 38.6215972900391 38.6863403320312 38.5861167907715 38.8748626708984 39.1670799255371 39.1872367858887 38.7006454467773 38.0305404663086 36.4775505065918 35.8897552490234 36.9317932128906 38.1997528076172 38.695499420166 38.7366180419922 38.3017044067383 38.5258522033691 38.6739616394043 38.4723129272461 38.515380859375 38.208324432373 38.427074432373
35.086856842041 34.8757667541504 34.4377937316895 34.7087287902832 35.4966850280762 35.6665573120117 36.0878295898438 36.4110527038574 36.6924705505371 36.7892379760742 37.1229782104492 37.3250961303711 37.9507217407227 38.0289916992188 38.1603736877441 37.725959777832 38.6149597167969 38.9518775939941 39.1344718933105 38.867301940918 38.9662742614746 39.1323089599609 39.2127647399902 39.1480712890625 38.87548828125 38.8048400878906 38.4667549133301 38.6038627624512 38.9541358947754 39.0185775756836 39.1399459838867 39.1517105102539 38.6336517333984 38.0076026916504 37.1562042236328 36.8778381347656 37.9315223693848 38.6237716674805 38.1621742248535 37.6620178222656 38.4835166931152 38.6965942382812 38.4297714233398 37.7114753723145 38.0185623168945 38.4747543334961
