inst/extdata/Tmax/Tmax154.asc
NCOLS 100 
NROWS 79 
XLLCORNER 148.06 
YLLCORNER -21.49 
CELLSIZE 0.01 
NODATA_value -3.4e+38 
[rows 20 to 39 of 79, columns 46 to 91 of 100]
38.1294898986816 36.192440032959 36.4097061157227 37.9164619445801 37.6166343688965 36.9985122680664 36.6736602783203 35.3542442321777 37.3454322814941 38.8545303344727 39.9173278808594 39.4231071472168 39.3659820556641 39.9554252624512 39.5763816833496 39.2905349731445 39.5374794006348 40.0714683532715 40.1957931518555 40.1663703918457 40.0861854553223 39.9360580444336 40.1955299377441 40.2468223571777 40.1624526977539 40.063159942627 39.9246520996094 39.9267807006836 39.8595199584961 39.4944267272949 39.5425186157227 39.7818717956543 39.6450424194336 39.3344268798828 39.3054885864258 39.2588310241699 39.1446876525879 39.1089363098145 39.0644149780273 39.0072402954102 38.9168319702148 38.716064453125 38.0963821411133 37.9324645996094 38.1198234558105 38.1031303405762
38.4446792602539 36.1672630310059 34.8218536376953 36.7407493591309 36.5723571777344 35.9633712768555 36.9005241394043 34.7803421020508 36.1620674133301 38.3590354919434 39.6533126831055 38.2731170654297 37.5740814208984 39.4011192321777 38.1753425598145 37.7976760864258 38.6474800109863 39.9309959411621 39.9056549072266 40.2951393127441 40.3773002624512 40.3408012390137 40.0970077514648 39.7202987670898 39.6807861328125 39.7337455749512 39.8668823242188 39.8050804138184 39.6808471679688 39.5668907165527 39.8519515991211 39.8676643371582 39.774787902832 39.3695220947266 39.4213981628418 39.35986328125 39.1965255737305 39.1756591796875 39.1495971679688 39.1176643371582 38.9700164794922 38.8241806030273 38.592472076416 38.3590812683105 38.1911888122559 38.1666603088379
39.0949058532715 38.5544853210449 36.4637908935547 35.7181282043457 35.163330078125 36.4487571716309 35.7709159851074 36.0334701538086 35.337574005127 36.3610153198242 38.723518371582 39.1045112609863 37.5103416442871 37.8949928283691 37.5098114013672 38.076358795166 39.1169853210449 39.4892883300781 38.1059761047363 39.3522682189941 40.1444892883301 40.1828346252441 39.5339736938477 38.6750526428223 39.241943359375 39.2094764709473 39.7729606628418 39.9338417053223 39.5923614501953 39.7712097167969 39.9269142150879 39.938606262207 39.9003829956055 39.7993202209473 39.6551933288574 39.4502601623535 39.2301292419434 39.0652770996094 39.1088180541992 39.1787757873535 39.0502281188965 38.9500694274902 38.6463966369629 38.4936180114746 38.3301429748535 38.4561882019043
38.4167060852051 38.2150115966797 37.5158271789551 36.6118011474609 34.9185752868652 35.7596969604492 36.4670524597168 36.6672859191895 36.3730545043945 35.854175567627 37.3256530761719 37.2773323059082 38.1879005432129 36.413948059082 37.2813987731934 38.8072814941406 38.7493362426758 39.0977668762207 37.6996383666992 39.7462844848633 40.5070304870605 40.3582420349121 39.3705787658691 37.9953689575195 39.1927604675293 39.3480682373047 39.4192924499512 39.8574981689453 40.0262641906738 40.055305480957 40.0524253845215 40.0451354980469 39.984432220459 39.8581352233887 39.7193794250488 39.5390357971191 39.0741081237793 38.6900520324707 38.8008117675781 39.0517959594727 39.0103950500488 39.0386161804199 38.7460823059082 38.6916351318359 38.4086685180664 38.4224243164062
36.2398681640625 37.7165336608887 38.0860481262207 37.7992897033691 36.6413040161133 35.928295135498 35.9150772094727 35.5403213500977 36.5295600891113 35.9030075073242 35.9041213989258 35.3567161560059 37.4501152038574 38.3170967102051 37.4398040771484 38.5139808654785 39.2703170776367 39.8256645202637 39.4813423156738 40.4796714782715 40.4609756469727 40.2749214172363 39.5444450378418 38.6733245849609 39.4313125610352 39.7067451477051 39.3667182922363 39.4306030273438 39.5066719055176 39.9828605651855 39.7958793640137 40.1014442443848 39.9395942687988 39.869384765625 39.7484321594238 39.3793640136719 39.2570686340332 38.6403121948242 38.3248596191406 38.7697639465332 38.8966941833496 38.9694480895996 38.7653732299805 38.7995719909668 38.8350524902344 38.6659240722656
34.5152282714844 35.6778717041016 37.1940422058105 37.0849151611328 36.1045227050781 35.2366371154785 34.768611907959 34.1373176574707 35.4658355712891 36.1644744873047 35.5670394897461 35.8198394775391 37.3509674072266 39.3264236450195 38.7767524719238 38.8430824279785 38.970630645752 40.3366279602051 40.4017486572266 40.3549346923828 40.3242301940918 39.9713287353516 38.6873054504395 38.7110939025879 38.784782409668 39.4133682250977 39.1060447692871 38.453784942627 39.0531616210938 40.0868377685547 40.0087089538574 40.1008262634277 40.0285110473633 39.9688301086426 39.7980308532715 39.6239242553711 39.6119499206543 38.9668083190918 38.4160041809082 38.7221946716309 38.3918762207031 38.4973678588867 38.1850357055664 38.8184967041016 38.8404426574707 38.7952041625977
34.3840065002441 34.2100639343262 35.0251007080078 35.7702941894531 36.5561637878418 33.996337890625 33.7029838562012 34.5883598327637 35.1735992431641 36.0256080627441 36.0537109375 36.5106430053711 38.3877601623535 39.2920875549316 39.764835357666 39.9177665710449 40.0262641906738 40.5061912536621 40.1037254333496 39.9000396728516 39.9107360839844 39.429500579834 39.5861549377441 39.8264350891113 39.8028564453125 39.1723365783691 38.7153816223145 39.5986747741699 39.8282051086426 39.753002166748 39.1682014465332 39.8159027099609 39.9483871459961 40.0042037963867 39.9606895446777 39.8501205444336 39.4824142456055 39.1151504516602 39.1661148071289 38.8906631469727 38.7488479614258 38.1672477722168 38.6237640380859 38.8074226379395 38.6881217956543 38.5586776733398
34.5941009521484 34.0233421325684 34.348316192627 34.6168365478516 35.2592353820801 33.3888130187988 33.076587677002 33.5278511047363 34.9426078796387 35.8119926452637 35.2130241394043 35.8761978149414 36.8907890319824 38.1349906921387 39.5783042907715 39.2276077270508 40.3071899414062 40.5250358581543 39.779182434082 38.9978218078613 39.6266975402832 39.796272277832 40.0892753601074 40.290111541748 40.3689956665039 39.9253845214844 39.8896636962891 40.2195777893066 40.2524719238281 39.4985580444336 39.0309410095215 39.5517845153809 39.6329574584961 40.0252075195312 40.0412788391113 39.9646110534668 39.7782363891602 39.5300903320312 39.0930252075195 38.285701751709 38.0372657775879 37.8819160461426 37.8892517089844 38.5274353027344 38.5421676635742 38.9188919067383
35.6367988586426 35.1093902587891 36.0023651123047 35.8082008361816 35.3321495056152 33.7576446533203 34.5931816101074 34.3128890991211 34.6359672546387 35.3281631469727 35.0050163269043 35.3216934204102 35.4689903259277 37.9151840209961 39.1768760681152 38.4328155517578 39.9234199523926 40.1860656738281 39.8389472961426 38.669677734375 38.9206390380859 39.9974555969238 40.3703956604004 40.4655380249023 40.4542961120605 40.3369827270508 40.3192520141602 40.4026298522949 39.979320526123 39.2279472351074 39.0711898803711 39.7133560180664 40.1090888977051 40.1154937744141 40.0750579833984 40.032901763916 39.9569892883301 39.7869262695312 39.502799987793 38.3289337158203 37.7331848144531 36.9139099121094 37.8325042724609 37.7878723144531 38.6433410644531 38.995906829834
37.5399131774902 37.3499755859375 36.6562080383301 36.5738716125488 35.9469108581543 35.370491027832 35.0104904174805 33.8966064453125 34.5820388793945 34.0374183654785 33.5229339599609 34.9496192932129 35.3392753601074 37.4538764953613 38.4736213684082 37.6797828674316 38.4073448181152 39.1796798706055 39.71435546875 39.5549278259277 39.0764389038086 40.0283622741699 40.4714469909668 40.2372093200684 40.1773376464844 39.8422470092773 40.2279777526855 40.4426155090332 39.473316192627 38.5872344970703 39.2270202636719 39.7723960876465 40.0972023010254 40.1470489501953 40.1271209716797 40.0552101135254 40.0030288696289 39.8783798217773 39.6565246582031 39.2328872680664 38.5362701416016 38.0116958618164 37.5570297241211 37.3365707397461 38.157886505127 38.6269149780273
36.2483825683594 36.2435073852539 36.270092010498 35.8358535766602 35.2528877258301 35.5297050476074 34.4708786010742 33.911075592041 33.3475189208984 33.4412841796875 32.8062438964844 33.8016014099121 33.7901039123535 36.2702598571777 37.4024047851562 36.101448059082 36.7009468078613 38.3626556396484 39.6879615783691 40.2154159545898 39.7045783996582 40.289924621582 40.4657096862793 40.0259475708008 39.9728507995605 40.0837364196777 40.5199661254883 40.4610633850098 39.8719215393066 39.1670761108398 39.5187225341797 39.7668914794922 40.1692237854004 40.1606292724609 40.0792770385742 40.0318489074707 39.9977722167969 39.8889198303223 39.7822875976562 39.5469245910645 39.2741889953613 38.6902465820312 38.2750015258789 38.1997108459473 38.3857040405273 38.7773933410645
35.3664894104004 35.678035736084 35.5344886779785 35.4727592468262 34.400936126709 35.3509140014648 34.2356948852539 32.8642501831055 32.1973457336426 32.6262321472168 32.2747001647949 33.0223846435547 33.8748817443848 35.9545707702637 36.2993316650391 35.881591796875 38.2072143554688 39.1777305603027 39.9111442565918 40.3649749755859 40.6252136230469 40.6490478515625 40.5566329956055 40.4311141967773 40.1735687255859 40.4552841186523 40.5504913330078 40.3986701965332 39.9785079956055 39.291690826416 39.3578643798828 39.9153900146484 40.0998687744141 39.5918006896973 39.9357566833496 40.034969329834 39.979736328125 39.9091033935547 39.8307991027832 39.6851043701172 39.3651885986328 38.5670547485352 38.8713150024414 38.8786735534668 38.7514114379883 38.6592979431152
34.5314521789551 34.8969955444336 34.6967697143555 35.0211486816406 35.1208229064941 35.1334991455078 34.6740570068359 33.4536933898926 33.5554122924805 33.664306640625 32.5563468933105 32.3342819213867 33.3787841796875 35.8694801330566 36.4585990905762 37.0483207702637 37.099365234375 37.9945945739746 39.8899765014648 40.4582328796387 40.6339378356934 40.5520095825195 40.3646278381348 40.2813148498535 40.4061241149902 40.4701538085938 40.4101791381836 39.9761734008789 38.988109588623 39.1332626342773 39.4406547546387 40.221076965332 39.9106216430664 39.299747467041 39.9642066955566 39.8752899169922 39.8706436157227 39.8936195373535 39.7610473632812 39.4372520446777 38.8226089477539 37.5224990844727 37.2354011535645 38.2401847839355 38.5676689147949 38.844799041748
35.3637008666992 34.7648391723633 34.5605697631836 34.7588996887207 34.9192123413086 34.820629119873 34.3042793273926 33.8864555358887 34.5144538879395 33.757640838623 33.6195220947266 33.604419708252 34.456958770752 35.7545013427734 35.9273834228516 36.7781524658203 37.8547554016113 39.0473899841309 39.9724502563477 40.363597869873 40.6850128173828 40.6279830932617 40.0868911743164 39.7631072998047 39.9633865356445 39.8027763366699 39.8760871887207 40.015739440918 39.8721923828125 39.823802947998 40.116455078125 40.3603553771973 39.6890525817871 39.5690879821777 40.1229667663574 39.5874786376953 39.6930618286133 39.617561340332 39.6605949401855 39.3225517272949 37.870361328125 37.1026229858398 36.4805145263672 38.2263259887695 38.7531204223633 38.5544471740723
35.8865203857422 34.4084205627441 34.3536338806152 34.4748840332031 34.6244354248047 34.48486328125 34.5043525695801 35.1470909118652 34.7063598632812 33.8739891052246 35.1462097167969 35.6840553283691 35.891284942627 35.1385650634766 35.1554870605469 36.3906440734863 37.8130798339844 39.214973449707 39.2857437133789 40.0861396789551 40.5369186401367 40.5267562866211 40.0077896118164 39.7302627563477 38.8882446289062 39.4491958618164 39.9469604492188 40.072208404541 40.2822761535645 40.2608833312988 40.419189453125 40.3271369934082 40.2603073120117 40.2576026916504 40.1789970397949 39.9082717895508 38.9210319519043 39.4957466125488 39.6561584472656 39.5724601745605 39.5066528320312 38.2049102783203 38.0146484375 39.2927017211914 39.5413208007812 39.4909973144531
35.9542922973633 34.7186660766602 34.318775177002 34.2354431152344 34.4650115966797 34.2725296020508 35.0453071594238 37.0031623840332 35.9538612365723 35.1180610656738 37.3262519836426 38.0752372741699 37.6238212585449 35.315315246582 35.7864456176758 35.9177284240723 38.0972137451172 38.1463241577148 37.9843711853027 38.9364013671875 40.1079635620117 40.3150024414062 39.950439453125 39.9128570556641 39.7494583129883 39.3882598876953 39.4354057312012 39.5556221008301 40.2314796447754 40.1643524169922 40.2256240844727 39.9982147216797 40.1741027832031 40.2953643798828 39.9659385681152 39.9241180419922 39.2090682983398 39.3054122924805 39.549732208252 39.3516502380371 39.7533111572266 39.7233200073242 39.5904769897461 39.6013717651367 39.6819305419922 39.529598236084
35.6062049865723 34.788215637207 34.5262069702148 34.7368774414062 34.6476974487305 34.7715911865234 35.284049987793 37.8011322021484 37.9961624145508 36.4233665466309 38.6874923706055 39.7010841369629 38.8940696716309 37.5177383422852 37.4149589538574 38.0874786376953 38.8010444641113 39.2709693908691 39.5802955627441 39.8723564147949 40.0781936645508 39.774299621582 38.3475570678711 38.6189193725586 39.1422500610352 38.7372741699219 38.9311294555664 39.778247833252 40.1355743408203 40.3142433166504 39.1889305114746 39.1385383605957 39.9446182250977 40.221263885498 39.6958923339844 39.7017631530762 38.8602523803711 39.354377746582 39.5284881591797 39.3480796813965 39.7996520996094 39.8542022705078 39.8470153808594 39.8115692138672 39.7206573486328 39.3719863891602
35.6366882324219 35.1303329467773 35.0675888061523 35.2457160949707 35.4715957641602 35.6453895568848 36.6129951477051 38.6039619445801 38.4513626098633 37.8893928527832 39.4508171081543 40.6204795837402 39.7115097045898 38.4464530944824 37.8246803283691 39.6793365478516 40.0327911376953 40.2232360839844 40.4063987731934 40.4022941589355 39.9431533813477 39.638786315918 39.7203598022461 39.1154937744141 39.4337387084961 39.9034652709961 40.0959739685059 40.1457252502441 40.3313484191895 40.2256622314453 38.539134979248 39.2509765625 40.0868797302246 39.9745635986328 39.5006866455078 39.4350852966309 39.2400054931641 39.7293090820312 39.7259902954102 39.701789855957 39.6499557495117 39.785514831543 39.8026733398438 39.7805099487305 39.6706924438477 39.5976829528809
35.5680694580078 35.194164276123 35.8551177978516 36.7641220092773 36.8855819702148 37.4419822692871 38.6805648803711 39.3459930419922 38.6504287719727 39.055778503418 40.5911827087402 41.1061592102051 40.4877052307129 39.3604621887207 38.5085411071777 39.6331329345703 39.6026039123535 39.8891639709473 40.6388854980469 40.8195838928223 40.476879119873 40.0892944335938 40.4136543273926 40.1793441772461 40.0113754272461 40.4826545715332 40.3437118530273 40.2260398864746 40.4631576538086 40.1937980651855 39.5284729003906 39.9868698120117 40.1374359130859 39.7885971069336 38.7959365844727 38.7318687438965 39.0324287414551 39.7434272766113 39.4104652404785 39.3555297851562 39.3543395996094 39.6193580627441 39.5664482116699 39.596549987793 39.412727355957 39.5260162353516
35.6301498413086 35.850715637207 37.2223167419434 38.0882377624512 38.8765525817871 39.9320755004883 40.6069297790527 39.8189468383789 37.6505355834961 38.3486022949219 40.0129203796387 41.1573104858398 40.6673431396484 40.2767601013184 39.2785301208496 40.317626953125 40.447681427002 39.7621459960938 40.5567855834961 40.8914642333984 40.8094329833984 40.3174629211426 40.6396293640137 40.7163887023926 40.5214195251465 40.5931015014648 40.3648147583008 39.5393447875977 40.3457908630371 40.4619178771973 40.3481750488281 40.2011032104492 39.8379554748535 39.4538459777832 38.5569458007812 38.5916481018066 39.3331680297852 39.2335090637207 39.0536270141602 38.8296089172363 38.9545707702637 39.2316017150879 38.9992370605469 39.3314018249512 38.827953338623 39.1971893310547
