inst/extdata/Tmax/Tmax69.asc
NCOLS 100 
NROWS 79 
XLLCORNER 148.06 
YLLCORNER -21.49 
CELLSIZE 0.01 
NODATA_value -3.4e+38 
[rows 40 to 59 of 79, columns 0 to 45 of 100]
39.118873596191399 38.8816604614258 38.8827667236328 38.8913307189941 38.7753982543945 38.8496284484863 38.7885475158691 38.6070671081543 38.2007789611816 38.5354042053223 39.0306358337402 39.2622985839844 39.272144317627 39.293342590332 39.3254241943359 39.1398658752441 38.9083595275879 38.5972747802734 38.1073837280273 38.489086151123 38.4612617492676 38.3481750488281 38.2769966125488 37.9313545227051 37.169189453125 36.6080513000488 36.4259719848633 36.4750823974609 36.5524864196777 35.9988403320312 35.4364891052246 35.7699851989746 36.8049850463867 36.5601692199707 36.3255195617676 36.575984954834 36.4756278991699 36.1879501342773 35.98486328125 35.5903396606445 35.534797668457 34.7969512939453 34.2867431640625 34.2614784240723 34.0267524719238 33.8725662231445
39.2667503356934 38.932445526123 38.8062400817871 38.8744354248047 38.7736358642578 38.8230400085449 38.8065490722656 38.7018089294434 38.479663848877 38.5623931884766 38.8195877075195 39.0785179138184 39.2420806884766 39.3545761108398 39.3696441650391 39.2327041625977 38.9763946533203 38.5432319641113 38.2511405944824 38.3496742248535 38.3481941223145 38.132022857666 38.2558822631836 38.0078010559082 37.4415740966797 37.0079383850098 36.4754753112793 36.3788871765137 36.5352325439453 36.15087890625 35.7742500305176 36.2792625427246 36.8204078674316 36.1780090332031 35.5533905029297 36.1684608459473 36.1790008544922 36.330867767334 36.2782669067383 36.0654640197754 35.9452934265137 35.3268775939941 34.132453918457 34.0114860534668 34.0529136657715 33.9990386962891
39.1903190612793 39.1357841491699 38.9363403320312 38.8208198547363 38.8539199829102 38.8545570373535 38.8139610290527 38.7650260925293 38.7191772460938 38.6621131896973 38.6844215393066 39.0475845336914 39.2832908630371 39.3774871826172 39.368824005127 39.3118362426758 39.1156196594238 38.8284111022949 38.625316619873 38.566089630127 38.4752540588379 37.9226760864258 37.8437805175781 38.0044250488281 38.0041618347168 37.6234016418457 36.888786315918 36.5842895507812 36.4986991882324 36.2908134460449 35.5164794921875 36.3906173706055 36.4153747558594 35.4972114562988 34.7920570373535 35.5326347351074 35.5068588256836 36.0256004333496 36.1404266357422 35.8709297180176 35.6572799682617 35.6803321838379 35.1526527404785 34.9500617980957 35.2751045227051 36.066162109375
38.9299201965332 38.9959983825684 38.9581565856934 38.9369659423828 38.9436721801758 38.9200477600098 38.8696899414062 38.8096504211426 38.8365058898926 38.7939796447754 38.7827911376953 39.089111328125 39.2668151855469 39.369255065918 39.3662109375 39.3588180541992 39.2602157592773 39.0599784851074 38.8158721923828 38.8250579833984 38.6633186340332 38.4291648864746 37.8569641113281 37.5461502075195 38.071834564209 37.8778305053711 37.5274925231934 37.1008949279785 36.8018341064453 36.6351928710938 35.9488410949707 35.851936340332 36.4151573181152 35.974063873291 35.4155502319336 35.0079574584961 35.0557479858398 35.2423133850098 35.4116859436035 35.1938438415527 34.7924118041992 35.3754119873047 34.9788208007812 35.7393989562988 37.1392059326172 37.5879936218262
38.7141494750977 38.8566284179688 38.8132514953613 38.7966194152832 38.9307250976562 39.0057907104492 39.005931854248 38.9425773620605 38.9734725952148 38.9922142028809 39.1089515686035 39.1938705444336 39.2768630981445 39.3372116088867 39.3654823303223 39.3870658874512 39.3448257446289 39.1993293762207 39.0539245605469 38.9937400817871 38.8679084777832 38.7260894775391 38.4624862670898 38.2688598632812 38.1032409667969 37.7064628601074 37.8946342468262 37.7632675170898 37.477912902832 36.8940162658691 36.3670997619629 36.33447265625 36.5753402709961 36.6886863708496 36.4228858947754 35.4297828674316 34.2939338684082 34.2439727783203 34.3127822875977 34.572868347168 34.4505043029785 34.892276763916 34.4650230407715 35.1372222900391 36.560848236084 37.6270904541016
38.7541999816895 38.795711517334 38.6413497924805 38.5334396362305 38.6855888366699 38.849235534668 39.0165901184082 39.0949668884277 39.130687713623 39.185977935791 39.2224884033203 39.1369132995605 38.9383239746094 39.2175712585449 39.377498626709 39.394603729248 39.3759765625 39.291690826416 39.1979789733887 39.1244468688965 39.0298004150391 38.9169921875 38.8495559692383 38.3396224975586 38.0355415344238 37.9508934020996 37.9992027282715 37.829662322998 37.6537017822266 37.2120742797852 36.1612854003906 36.3055610656738 36.5380477905273 36.5679054260254 36.6258239746094 35.8623352050781 34.7576599121094 34.5363311767578 34.5435981750488 34.887752532959 34.371711730957 34.6546516418457 34.9529647827148 35.1863975524902 35.8835716247559 36.8012008666992
38.6618194580078 38.6275329589844 38.6079940795898 38.5300025939941 38.4311828613281 38.4621200561523 38.8512687683105 38.935863494873 39.016773223877 39.0131759643555 39.1702575683594 39.2297286987305 39.0111808776855 39.1973037719727 39.3555450439453 39.3956108093262 39.3833389282227 39.2995376586914 39.2449684143066 39.1898994445801 39.1074180603027 39.0247116088867 38.9209747314453 38.5203170776367 37.8330841064453 37.9000129699707 38.0226402282715 37.8078651428223 37.7430114746094 37.5998268127441 36.925220489502 36.6315536499023 36.3156661987305 36.5075492858887 36.5965919494629 36.1858825683594 35.2820129394531 35.4948539733887 35.0317459106445 35.5928688049316 35.1074867248535 35.2190017700195 35.283634185791 35.3492279052734 35.3201751708984 35.1417198181152
39.0582733154297 38.5163650512695 38.423282623291 38.3624229431152 38.3239288330078 38.411075592041 38.6508445739746 38.5962104797363 38.7838134765625 38.8057823181152 38.8529243469238 38.8834075927734 39.0142517089844 39.2189102172852 39.3474197387695 39.4181518554688 39.3913192749023 39.2659454345703 39.1012916564941 39.001392364502 39.0825042724609 38.9088706970215 38.8989601135254 38.8227157592773 38.4355087280273 38.332878112793 38.3257904052734 38.1322021484375 37.972297668457 37.7684440612793 37.1861572265625 36.8606376647949 36.2524452209473 36.5537605285645 36.5660667419434 36.3524208068848 35.9691429138184 36.1317558288574 35.8901672363281 36.0663757324219 35.8271408081055 35.6386375427246 35.4863243103027 35.3393363952637 35.0346221923828 34.8183746337891
39.6354942321777 38.9778518676758 38.3251991271973 38.184398651123 38.2768325805664 38.4148025512695 38.3389091491699 38.3209838867188 38.5829544067383 38.8079528808594 38.8483734130859 38.8113174438477 38.9781723022461 39.2030754089355 39.3725357055664 39.4036521911621 39.3915863037109 39.3037719726562 39.1470489501953 38.9455909729004 38.9780464172363 38.9063491821289 38.8188514709473 38.8971633911133 38.7859802246094 38.6760101318359 38.429313659668 38.2360038757324 38.1394386291504 37.879077911377 37.5370597839355 37.1317138671875 36.3980331420898 36.5023040771484 36.4546394348145 36.4804267883301 36.372428894043 36.3260307312012 36.2077713012695 36.033260345459 35.3525733947754 35.194766998291 35.3251953125 35.0896606445312 34.9556999206543 34.6465606689453
39.8634414672852 39.4489593505859 38.7334480285645 38.2376365661621 38.2097778320312 38.1848335266113 38.1877555847168 38.4580612182617 38.6361083984375 38.5323028564453 39.0179748535156 39.1789474487305 39.2444000244141 39.3031806945801 39.3589706420898 39.4029006958008 39.3896102905273 39.3154411315918 39.2106323242188 39.07470703125 38.9673080444336 38.8825988769531 38.710578918457 38.7178382873535 38.8247566223145 38.786506652832 38.5898094177246 38.1236572265625 37.6967887878418 37.8881378173828 37.6197814941406 37.3407135009766 36.6555671691895 36.3865966796875 36.1898460388184 36.4157867431641 36.4523429870605 36.3460578918457 36.2864799499512 36.0068206787109 35.4131164550781 35.0657157897949 35.1813507080078 34.8538780212402 34.7580032348633 34.6594390869141
39.8755340576172 39.725643157959 39.3344078063965 38.8061294555664 38.3442764282227 38.0743103027344 38.1882247924805 38.4360237121582 38.4546966552734 38.6851348876953 39.1351432800293 39.2968063354492 39.3758163452148 39.4351196289062 39.4279861450195 39.4247169494629 39.3131256103516 39.2883720397949 39.269115447998 39.1822280883789 39.0690422058105 38.9125747680664 38.7308082580566 38.6402587890625 38.7011032104492 38.7076416015625 38.7182655334473 38.5000991821289 38.2492561340332 38.1058807373047 37.6396751403809 37.4780235290527 36.7688865661621 36.408088684082 35.8760719299316 36.2416534423828 36.3196144104004 36.2879524230957 36.3036575317383 36.1269721984863 35.6749610900879 35.5153846740723 35.3984375 35.1977920532227 34.906494140625 34.7370071411133
39.8668098449707 39.8282470703125 39.5975761413574 39.0396919250488 38.5395469665527 38.2864379882812 38.2302703857422 38.2826385498047 38.059383392334 38.1705017089844 38.8566970825195 39.1569137573242 39.2784461975098 39.4188652038574 39.4637031555176 39.4106140136719 39.3280487060547 39.2930145263672 39.2411270141602 39.2073593139648 39.1067085266113 38.9927864074707 38.8846473693848 38.6961669921875 38.5774078369141 38.5027236938477 38.4512596130371 38.5071601867676 38.3022880554199 38.3691215515137 38.3598175048828 37.6977005004883 37.188892364502 36.7975387573242 36.3670120239258 36.4488754272461 36.3834075927734 36.2145195007324 36.3037071228027 36.1969528198242 35.7660636901855 35.6122093200684 35.4823188781738 35.3052749633789 34.8761711120605 34.6951370239258
39.7554130554199 39.8046035766602 39.6629104614258 38.8560485839844 38.1750411987305 38.1353569030762 38.2011451721191 38.0694541931152 37.8381500244141 37.9329605102539 38.8279151916504 39.183723449707 39.3359031677246 39.4603385925293 39.4459419250488 39.3840446472168 39.3544273376465 39.2734527587891 39.2161331176758 39.1871223449707 39.1694374084473 39.0942916870117 38.9421882629395 38.7564811706543 38.5545539855957 38.4012451171875 38.3587532043457 38.2855033874512 38.2540054321289 38.144344329834 38.2684936523438 38.1344375610352 37.6566047668457 37.1333961486816 36.7499351501465 36.9965934753418 36.922176361084 36.5086059570312 36.3219604492188 36.3501434326172 36.1904602050781 35.9566612243652 35.6646995544434 35.4361610412598 35.1325874328613 34.7896842956543
39.6053237915039 39.6488189697266 39.7103500366211 39.3462791442871 38.5069580078125 38.2028770446777 38.475269317627 38.0413246154785 37.8927268981934 37.9443054199219 38.8069496154785 39.26904296875 39.4171257019043 39.4675559997559 39.3887939453125 39.2907638549805 39.2661094665527 39.251651763916 39.2013511657715 39.0931587219238 39.1062469482422 39.124813079834 38.9870262145996 38.8408279418945 38.6603355407715 38.5060424804688 38.2057113647461 38.0168991088867 37.7087287902832 37.9596786499023 37.8001441955566 38.2011680603027 38.2083282470703 37.9070625305176 37.4870567321777 37.4849853515625 37.1560897827148 36.844165802002 36.5670585632324 36.8418083190918 36.4775352478027 36.2335586547852 36.0672607421875 35.926212310791 35.6731262207031 35.5238037109375
39.5232772827148 39.4857177734375 39.6070365905762 39.5993118286133 39.2261924743652 39.0150718688965 38.945556640625 38.6375350952148 38.4506912231445 38.4407653808594 38.5772743225098 38.8783187866211 39.3723487854004 39.4531402587891 39.3353385925293 39.2441368103027 39.2172241210938 39.2219848632812 39.1672859191895 39.0918006896973 39.0834999084473 39.1307563781738 39.066650390625 38.9011764526367 38.7892646789551 38.6178245544434 38.3376350402832 38.1284255981445 37.7716865539551 37.9281425476074 37.3977432250977 37.7058639526367 37.8619346618652 37.8510360717773 37.9179611206055 37.7932167053223 37.5195732116699 37.376781463623 36.9914398193359 36.5645942687988 36.4774932861328 36.4914817810059 36.2600898742676 36.0739593505859 36.0407905578613 35.8950691223145
39.6129302978516 39.5929374694824 39.6064300537109 39.613208770752 39.5014495849609 39.0001831054688 38.983268737793 39.0150871276855 38.8205223083496 38.7664222717285 38.9473342895508 39.2058219909668 39.4341621398926 39.4649429321289 39.3649406433105 39.2000350952148 39.2220077514648 39.1845588684082 39.0078811645508 38.9685173034668 39.0463905334473 39.0733947753906 39.0866851806641 38.9856185913086 38.8668022155762 38.7232971191406 38.5470161437988 38.3081321716309 38.150333404541 37.9990615844727 37.6374397277832 37.3174781799316 37.3976554870605 37.3412170410156 37.6647758483887 37.402027130127 37.5784034729004 37.3632583618164 37.0518951416016 36.6954612731934 36.4818840026855 36.2852897644043 35.8634376525879 35.3649635314941 35.7992286682129 35.921688079834
39.717601776123 39.6837005615234 39.6342010498047 39.6045379638672 39.4671249389648 38.8202247619629 38.6288604736328 38.9572715759277 38.8486671447754 38.57373046875 38.7856826782227 39.2805252075195 39.4611778259277 39.4606056213379 39.3712158203125 39.2052955627441 39.1791801452637 38.9891700744629 38.7690811157227 38.8544654846191 39.0571899414062 39.0324821472168 39.0667266845703 39.0331611633301 38.8806533813477 38.8053817749023 38.6441535949707 38.3884506225586 38.2934532165527 38.0902252197266 37.741512298584 37.1747703552246 36.9082374572754 36.9952430725098 37.3306732177734 37.4122924804688 37.0848655700684 36.7815895080566 36.9094734191895 36.8263282775879 36.5278739929199 36.317569732666 35.8561172485352 35.1748161315918 35.5075721740723 35.7755317687988
39.7863731384277 39.7396430969238 39.6758079528809 39.6314964294434 39.5812644958496 39.2950134277344 38.9128341674805 38.6988372802734 38.6837387084961 38.4924468994141 38.8544807434082 39.3153038024902 39.4698295593262 39.4541168212891 39.3653869628906 39.202075958252 39.0564346313477 38.868465423584 38.7570877075195 38.9401016235352 39.0120582580566 39.0305061340332 38.9772491455078 39.0259246826172 38.9541320800781 38.8593063354492 38.7080764770508 38.4663887023926 38.3462753295898 38.1664733886719 37.8174934387207 37.6248321533203 37.2376556396484 37.0604858398438 36.9895935058594 37.0800476074219 37.2557945251465 37.1088333129883 36.7960777282715 36.6075973510742 36.4188575744629 36.2375411987305 36.002197265625 35.7217483520508 35.182731628418 35.3889389038086
39.8273429870605 39.7689018249512 39.703914642334 39.6748695373535 39.5981941223145 39.4133529663086 39.1662139892578 38.6876029968262 38.5810050964355 38.7096900939941 39.0539398193359 39.3511810302734 39.4466552734375 39.4178199768066 39.2955474853516 39.1458435058594 38.8999671936035 38.8062057495117 38.8678207397461 38.8665924072266 38.953067779541 38.8796195983887 38.7176971435547 38.8832244873047 38.9904136657715 38.8730583190918 38.6876640319824 38.5368843078613 38.4073448181152 38.298095703125 38.1215057373047 37.9177856445312 37.6486206054688 37.5774688720703 37.2936172485352 36.9979934692383 37.044620513916 37.0749969482422 36.8649482727051 36.7173805236816 36.5783271789551 36.3686790466309 35.8474349975586 35.514217376709 35.5895042419434 35.5774765014648
39.8533096313477 39.8418960571289 39.7719764709473 39.7240524291992 39.6176223754883 39.5128593444824 39.4049072265625 39.1045265197754 38.7165184020996 38.7721557617188 38.879955291748 39.0875854492188 39.2851486206055 39.2981910705566 39.2296905517578 39.1001472473145 38.9236030578613 38.7926559448242 38.6838264465332 38.6942291259766 38.8503150939941 38.8257598876953 38.6164665222168 38.8928871154785 39.0233154296875 38.9139518737793 38.7713661193848 38.6197814941406 38.5341339111328 38.4198265075684 38.300235748291 38.1004486083984 37.8235931396484 37.9541397094727 37.8240585327148 37.5049209594727 37.1192512512207 37.0029602050781 37.069206237793 37.3608551025391 36.7479515075684 36.5114707946777 36.1559219360352 35.585765838623 35.5028877258301 35.3793869018555
