inst/extdata/Tmax/Tmax138.asc
NCOLS 100 
NROWS 79 
XLLCORNER 148.06 
YLLCORNER -21.49 
CELLSIZE 0.01 
NODATA_value -3.4e+38 
[rows 40 to 59 of 79, columns 46 to 91 of 100]
29.810640335083 30.666446685791 31.0314769744873 31.8021755218506 33.2175559997559 34.1501350402832 33.6880073547363 31.9488258361816 31.610164642334 32.1964874267578 32.6383056640625 34.3675804138184 33.9870719909668 34.207088470459 33.3743896484375 34.3926696777344 34.5850868225098 34.2986221313477 34.4026985168457 34.5068855285645 34.5193977355957 33.5951461791992 33.9901313781738 34.3152351379395 34.4090423583984 34.4688415527344 34.372875213623 33.9956512451172 34.1861114501953 34.3870162963867 34.3498306274414 34.2044105529785 33.8869361877441 32.6428184509277 32.9217834472656 33.6058082580566 33.5190010070801 33.4297332763672 33.673770904541 33.1271133422852 32.3996238708496 32.8791084289551 33.1978569030762 32.9966163635254 33.2626724243164 33.303092956543
30.9998302459717 32.0249519348145 31.9381980895996 31.8866424560547 33.2588157653809 34.4339485168457 33.3193473815918 32.954231262207 33.5089988708496 33.5933227539062 33.9556884765625 34.6570281982422 34.5435180664062 34.5617599487305 34.4161376953125 34.7289924621582 34.7709350585938 34.7064666748047 34.6650848388672 34.6878967285156 34.6675262451172 34.1564254760742 33.4655799865723 33.8225975036621 33.7471923828125 34.2351989746094 34.5409622192383 34.0766296386719 34.0684356689453 34.457633972168 34.4891510009766 34.4124412536621 34.2500114440918 33.6507530212402 33.8934936523438 33.9344100952148 33.7265205383301 33.7226409912109 33.8269920349121 33.9521141052246 32.9973526000977 33.2244606018066 33.833667755127 33.6391334533691 33.7712860107422 33.7063255310059
33.1407203674316 33.2844276428223 33.4309921264648 33.8441963195801 34.1622924804688 34.6386451721191 34.2187271118164 33.688060760498 34.2014122009277 34.6029853820801 34.5180854797363 34.8335075378418 34.868766784668 34.7909927368164 34.7646369934082 34.8490104675293 34.8613204956055 34.8388977050781 34.8081398010254 34.7980270385742 34.7070541381836 33.7934532165527 33.5984268188477 34.0915641784668 33.5823593139648 34.0248413085938 34.4613494873047 34.3666610717773 34.3122711181641 34.5625305175781 34.5808296203613 34.5765800476074 34.5380249023438 34.4261169433594 34.3285675048828 34.0023384094238 33.099494934082 33.6891860961914 34.2165641784668 34.2096710205078 34.077709197998 34.0178718566895 34.1319274902344 34.1627540588379 34.1983680725098 34.1360778808594
34.2590026855469 34.262378692627 34.3812294006348 34.5245132446289 34.7574844360352 34.8309364318848 34.7476654052734 34.5154876708984 34.6865882873535 34.9036254882812 34.901798248291 34.9517822265625 34.9308204650879 34.8942527770996 34.9141578674316 34.8857536315918 34.8216667175293 34.7978057861328 34.8290481567383 34.8574638366699 34.8099899291992 34.5780715942383 34.3302192687988 34.5006866455078 34.3682479858398 33.9315605163574 34.2150573730469 34.4807395935059 34.6315307617188 34.6527442932129 34.6440582275391 34.6364974975586 34.6068458557129 34.5648460388184 34.5570640563965 34.4089851379395 33.9349517822266 34.2399406433105 34.4146728515625 34.3955230712891 34.3561172485352 34.3497543334961 34.3313827514648 34.3425407409668 34.3426551818848 34.3017539978027
34.1083679199219 34.3362007141113 34.5805435180664 34.5870628356934 34.6410903930664 34.7575492858887 34.8081741333008 34.8761863708496 34.9033088684082 34.8464813232422 34.6374893188477 34.7448539733887 34.6688690185547 34.4106025695801 34.5901527404785 34.7203216552734 34.6079559326172 34.7161827087402 34.8066024780273 34.8516426086426 34.8601684570312 34.7327156066895 34.4238319396973 34.1698341369629 34.3897705078125 34.557544708252 34.6040267944336 34.6448974609375 34.6509971618652 34.6812477111816 34.6582145690918 34.6465835571289 34.6020317077637 34.5598258972168 34.584114074707 34.5215225219727 34.4974670410156 34.488883972168 34.4286270141602 34.4248504638672 34.3942413330078 34.3762512207031 34.3738555908203 34.3549194335938 34.2559700012207 34.2731094360352
32.502124786377 33.1915016174316 33.5580940246582 33.7382659912109 34.0573844909668 34.3724517822266 34.3165893554688 34.5149765014648 34.511531829834 34.3481979370117 33.5796356201172 33.5935516357422 33.670768737793 32.268627166748 33.1351509094238 33.9006309509277 34.4435272216797 34.7704010009766 34.8553276062012 34.8748092651367 34.8759803771973 34.7014617919922 34.2709999084473 33.9070625305176 34.1729125976562 34.4303359985352 34.5565719604492 34.5418586730957 34.6036796569824 34.6711196899414 34.6662673950195 34.6608047485352 34.6376113891602 34.6246299743652 34.588264465332 34.486629486084 34.4716262817383 34.4594802856445 34.4259376525879 34.4128646850586 34.3761672973633 34.3617935180664 34.345817565918 34.2891883850098 34.276065826416 34.2890396118164
30.3423080444336 31.4868946075439 31.3875541687012 31.3470611572266 32.5282669067383 32.9875144958496 33.081657409668 33.3034782409668 33.6993103027344 33.1268043518066 32.5073738098145 31.9782752990723 32.5568542480469 32.4284934997559 32.81103515625 33.9457206726074 34.6238174438477 34.8077735900879 34.8365097045898 34.8126907348633 34.8527603149414 34.8650703430176 34.4491004943848 34.1037254333496 33.9916915893555 34.2577819824219 34.4622268676758 34.5716934204102 34.6688575744629 34.6835517883301 34.6942253112793 34.698413848877 34.6848793029785 34.6499824523926 34.565788269043 34.4995002746582 34.4895286560059 34.480052947998 34.4602317810059 34.4401054382324 34.4021186828613 34.3916511535645 34.3820037841797 34.3428535461426 34.3285636901855 34.2092781066895
30.4629878997803 30.3886756896973 30.1992492675781 30.2597179412842 30.194149017334 30.891450881958 32.0154457092285 32.5941619873047 32.7430419921875 32.6152496337891 33.0747833251953 32.9093627929688 32.7509994506836 33.2611846923828 33.5536918640137 34.4207458496094 34.6702842712402 34.6932487487793 34.6269416809082 34.742847442627 34.8534317016602 34.9012451171875 34.7581825256348 34.452075958252 34.0391845703125 34.3012275695801 34.489990234375 34.647144317627 34.7127113342285 34.7447128295898 34.7456817626953 34.7242546081543 34.6553840637207 34.5769805908203 34.5113067626953 34.4790077209473 34.4861335754395 34.4957504272461 34.4808082580566 34.4611778259277 34.4366722106934 34.4324531555176 34.4190254211426 34.3908348083496 34.1874313354492 33.9647407531738
30.1152095794678 30.2002220153809 30.4005928039551 30.1257781982422 30.0290298461914 30.1097869873047 30.899787902832 32.3764114379883 32.8457908630371 32.9904251098633 32.8237686157227 32.9762420654297 33.2231903076172 33.4829444885254 33.5386695861816 34.0652694702148 34.4381103515625 34.4332847595215 34.4224739074707 34.7156448364258 34.8142547607422 34.830394744873 34.9106178283691 34.8261184692383 34.7099761962891 34.6722679138184 34.7544403076172 34.8166427612305 34.8191604614258 34.8168907165527 34.7803611755371 34.7110176086426 34.6236915588379 34.4907989501953 34.4458122253418 34.4947090148926 34.4996109008789 34.5126457214355 34.5240020751953 34.5044631958008 34.495361328125 34.4880676269531 34.466724395752 34.4464836120605 34.2900695800781 34.1528396606445
30.1940174102783 30.3485488891602 30.3629989624023 30.0461540222168 30.4978809356689 31.2591609954834 31.3479385375977 32.4693870544434 32.8853950500488 33.0547904968262 32.8673248291016 33.2798156738281 33.5146598815918 33.5066909790039 33.5948181152344 33.4877586364746 33.5823631286621 33.8114242553711 34.1779327392578 34.5246734619141 34.6160545349121 34.6312561035156 34.8658905029297 34.9099807739258 34.9230766296387 34.8959884643555 34.8667907714844 34.6962356567383 34.7532157897949 34.8155517578125 34.7680625915527 34.6527519226074 34.6055641174316 34.4099349975586 34.341136932373 34.5113716125488 34.5083351135254 34.4873733520508 34.5416488647461 34.5437927246094 34.5169868469238 34.517032623291 34.4973335266113 34.4694366455078 34.3978881835938 34.3233909606934
30.2363510131836 30.1150379180908 30.3126907348633 30.0324420928955 30.6345024108887 31.6381244659424 31.9482383728027 32.4658813476562 33.0898323059082 33.4794921875 33.4774131774902 33.5714988708496 33.6218566894531 33.6381759643555 33.6242866516113 33.5655899047852 33.6296806335449 33.3579597473145 33.0050926208496 34.14453125 34.0263404846191 34.4610137939453 34.7866821289062 34.8436088562012 34.8906059265137 34.8690299987793 34.7939720153809 34.5741539001465 34.7163047790527 34.8133163452148 34.6419296264648 34.4748001098633 34.4862365722656 34.4624786376953 34.4902267456055 34.5634574890137 34.5666542053223 34.548397064209 34.5425796508789 34.572322845459 34.5618476867676 34.543140411377 34.5193138122559 34.4869804382324 34.4475212097168 34.3544120788574
29.8323631286621 29.7981185913086 30.1527862548828 29.5451145172119 29.6799430847168 31.5429496765137 32.2359390258789 32.7977523803711 33.0909652709961 33.3324127197266 33.3700180053711 33.3605461120605 33.1677780151367 33.1541938781738 33.3804016113281 33.4823112487793 33.8173065185547 33.7419509887695 33.5555534362793 33.5971069335938 33.4323654174805 34.2235298156738 34.6268310546875 34.7976913452148 34.8030815124512 34.8121223449707 34.4630126953125 34.0949668884277 34.6888198852539 34.815803527832 34.5328216552734 34.2330131530762 34.4781303405762 34.5230484008789 34.5488510131836 34.5110931396484 34.5042495727539 34.50390625 34.5214424133301 34.5077133178711 34.5148544311523 34.5475120544434 34.5353126525879 34.5058708190918 34.4701232910156 34.3971481323242
29.4896354675293 29.3414573669434 29.7819137573242 29.6560478210449 29.730749130249 30.6682510375977 31.6158103942871 32.208381652832 32.6356468200684 32.9517135620117 32.8870239257812 32.8091697692871 32.8537139892578 33.0964546203613 33.7518577575684 33.852409362793 34.0358276367188 33.9380226135254 33.8549537658691 33.6849899291992 33.4341621398926 34.1030044555664 34.5477676391602 34.7372436523438 34.674373626709 34.759895324707 34.3756904602051 33.4462890625 34.4406661987305 34.7937088012695 34.5155982971191 34.2789421081543 34.4745101928711 34.4122085571289 34.3408050537109 34.3620223999023 34.4076080322266 34.3407402038574 34.2621917724609 34.2461013793945 34.3554611206055 34.4463844299316 34.5335922241211 34.5164489746094 34.4843292236328 34.4342079162598
30.571174621582 29.5744132995605 29.6699752807617 30.0448112487793 30.3965950012207 31.392333984375 31.4487380981445 32.1630325317383 32.8796615600586 33.1697082519531 33.4714660644531 33.5532112121582 33.6597633361816 33.8494033813477 34.0203628540039 34.0602760314941 34.0099792480469 34.0843658447266 34.0494155883789 33.8132705688477 33.6040954589844 33.6345291137695 34.1658668518066 34.3939094543457 34.3179016113281 34.7367935180664 34.6299896240234 33.9872360229492 34.5245132446289 34.7866096496582 34.5528030395508 34.3694305419922 34.2819557189941 33.9454956054688 34.1315116882324 34.0637664794922 34.0712509155273 33.6528778076172 33.7547798156738 32.7320251464844 34.0905609130859 34.3468551635742 34.5264778137207 34.5352249145508 34.5089988708496 34.4599723815918
31.2490081787109 30.2817420959473 29.7645606994629 30.5261154174805 31.1358184814453 31.8085460662842 31.8704414367676 32.2977294921875 32.9827461242676 33.3528709411621 33.3794059753418 33.3809356689453 33.7418594360352 33.8835830688477 33.9689407348633 33.9463043212891 34.155517578125 34.2887001037598 34.2575721740723 34.0052642822266 33.826717376709 33.747917175293 33.8809280395508 33.8919982910156 33.8646965026855 34.545783996582 34.7222213745117 34.4269676208496 34.1270904541016 34.6595687866211 34.1910171508789 33.3819007873535 34.0004043579102 34.1599349975586 34.4491424560547 34.4499168395996 34.4079666137695 34.373893737793 34.1491928100586 33.1553192138672 33.9709777832031 34.3009185791016 34.4754333496094 34.5227813720703 34.5179786682129 34.4728736877441
31.3009300231934 30.4589805603027 29.9034957885742 31.137393951416 32.0530471801758 32.440559387207 33.1143341064453 33.3163185119629 33.4961433410645 33.5853614807129 33.3961334228516 33.3446769714355 33.8410224914551 33.9092407226562 33.9054870605469 33.9551124572754 34.0670547485352 34.0558166503906 34.585075378418 34.3389129638672 34.0474700927734 33.8993759155273 33.8750915527344 33.7130661010742 33.7232971191406 34.3504257202148 34.698169708252 34.6013412475586 34.4505844116211 34.7577667236328 34.0508117675781 32.9467620849609 33.4511260986328 34.1391906738281 34.1741371154785 33.7784576416016 33.8369445800781 34.3741073608398 34.4928016662598 34.4520606994629 34.483528137207 34.4739265441895 34.4872932434082 34.4861450195312 34.5112190246582 34.4883308410645
31.1864280700684 30.2385711669922 29.7702217102051 30.9364318847656 32.1455001831055 32.4615440368652 31.91526222229 33.1447067260742 33.0837440490723 32.5634574890137 33.4241027832031 33.6049613952637 33.6122093200684 33.6544227600098 33.6581001281738 33.836669921875 33.9432907104492 34.0542526245117 34.5501251220703 34.6694450378418 34.457820892334 34.1455039978027 33.9728660583496 33.8930969238281 33.6508941650391 34.1208229064941 34.5816993713379 34.5929985046387 34.7786483764648 34.8374252319336 34.3006172180176 32.5263595581055 33.1910781860352 32.6894226074219 33.0432739257812 32.321891784668 33.2856826782227 34.3420104980469 34.4581718444824 34.5197677612305 34.5287475585938 34.4415702819824 34.3305816650391 34.4395904541016 34.4656944274902 34.4605903625488
31.1727485656738 30.4369316101074 30.4848136901855 30.967586517334 31.8351783752441 32.2153091430664 32.6014366149902 32.8060073852539 31.5964107513428 31.5010452270508 32.9069557189941 31.984920501709 32.3107261657715 32.7061653137207 33.3543243408203 33.7651901245117 33.8929443359375 34.0888824462891 34.4384765625 34.5677223205566 34.612060546875 34.3659324645996 34.0343437194824 34.1030540466309 33.9749870300293 34.2061996459961 34.2005767822266 34.0281982421875 34.5758514404297 34.7600135803223 34.5113906860352 33.791576385498 32.3198165893555 30.5048217773438 30.6554698944092 32.2071418762207 33.6815986633301 34.3030815124512 34.4141998291016 34.3534698486328 34.3472290039062 34.1133155822754 33.987060546875 34.3634223937988 34.099308013916 34.1521682739258
31.1624946594238 30.8019962310791 30.593132019043 30.8787479400635 31.4499244689941 32.1881904602051 32.3288993835449 31.9270629882812 31.4718475341797 32.2482986450195 32.6807746887207 31.7495670318604 32.0377426147461 32.4189529418945 33.2787818908691 33.6334648132324 33.8933372497559 34.2968788146973 34.7128868103027 34.5344009399414 34.3898849487305 34.6865119934082 34.4244842529297 34.2335433959961 34.0678939819336 34.0572471618652 34.1360168457031 34.0334129333496 34.3637733459473 34.7005424499512 34.7237014770508 34.1934127807617 33.4596138000488 31.8185558319092 31.2558403015137 32.2717323303223 33.6818161010742 34.2476501464844 34.3060684204102 33.8298454284668 34.0869789123535 34.266902923584 34.0525016784668 34.1145286560059 33.7816619873047 34.0324821472168
30.8418636322021 30.6244144439697 30.1533222198486 30.467264175415 31.1916160583496 31.3304634094238 31.7178115844727 32.0115089416504 32.2668952941895 32.3488426208496 32.6481285095215 32.8314094543457 33.4225196838379 33.489933013916 33.6092834472656 33.1739845275879 34.0318984985352 34.3666763305664 34.5755996704102 34.2869834899902 34.3932609558105 34.588062286377 34.6848449707031 34.6202049255371 34.3246192932129 34.2475738525391 33.8825149536133 34.0434951782227 34.4426345825195 34.5248718261719 34.6611824035645 34.6888084411621 34.1198043823242 33.4346809387207 32.506103515625 32.2030830383301 33.3744277954102 34.1578712463379 33.6529579162598 33.107723236084 34.0301170349121 34.2831573486328 33.9952049255371 33.2024803161621 33.558967590332 34.0770111083984
