inst/extdata/Tmax/Tmax149.asc
NCOLS 100 
NROWS 79 
XLLCORNER 148.06 
YLLCORNER -21.49 
CELLSIZE 0.01 
NODATA_value -3.4e+38 
[rows 0 to 19 of 79, columns 0 to 45 of 100]
37.021621704101598 36.6923675537109 35.789379119873 36.142032623291 36.2870101928711 36.7081642150879 36.9083633422852 37.0856666564941 37.0535316467285 36.8890342712402 36.4329795837402 36.2386169433594 36.1685981750488 34.9856071472168 35.4623680114746 35.8785629272461 36.261157989502 36.2422027587891 35.4564056396484 34.8184509277344 34.6857147216797 33.7853126525879 34.2087440490723 35.4666404724121 35.9780311584473 36.2357025146484 36.1160202026367 36.1775131225586 35.8754043579102 35.5171432495117 34.6601753234863 32.8254013061523 34.0894050598145 34.0140342712402 32.8377456665039 31.754186630249 31.6489372253418 31.2785930633545 32.0484161376953 33.9182167053223 35.4645233154297 35.7371788024902 36.4963912963867 36.8466186523438 37.0299835205078 37.1699752807617
36.8567581176758 36.3541564941406 35.6381225585938 35.7335968017578 35.1992416381836 36.0806694030762 36.6417388916016 36.972599029541 37.1117515563965 37.0020713806152 36.6720314025879 36.3707046508789 36.4923324584961 36.0883522033691 35.9356422424316 35.832576751709 36.2408866882324 36.2832870483398 35.3142395019531 34.7415733337402 35.2636375427246 35.0228958129883 34.9224014282227 35.3651351928711 35.8369064331055 36.0280685424805 36.3137817382812 36.2744750976562 36.069953918457 35.865348815918 35.0337295532227 33.6522369384766 34.8263626098633 34.4217834472656 33.7606544494629 32.8075485229492 32.3757858276367 32.754768371582 33.8447418212891 34.9864730834961 36.508960723877 36.934627532959 37.078067779541 37.085506439209 37.1491470336914 37.1997146606445
36.8418235778809 36.0583610534668 36.1817436218262 36.3146896362305 35.8813438415527 36.0030899047852 36.4058685302734 36.9812812805176 37.173023223877 37.0447311401367 36.7644844055176 36.6426696777344 36.5618896484375 36.5173492431641 36.2264137268066 36.0880889892578 36.3007698059082 36.4654350280762 35.9026298522949 35.7231712341309 35.5866584777832 35.2712745666504 35.0522651672363 35.1822319030762 36.0362167358398 36.3161315917969 36.1545448303223 36.1467437744141 36.1546783447266 35.8504028320312 35.9165229797363 34.9329147338867 35.1873397827148 33.9563903808594 33.6609420776367 33.0309638977051 32.5201263427734 32.0471343994141 33.0940170288086 34.3203315734863 35.7391204833984 36.7780380249023 37.1243743896484 37.2020645141602 37.1905822753906 37.1515464782715
37.070613861084 36.7258567810059 36.4079704284668 37.033145904541 36.529655456543 36.1198387145996 36.5016021728516 37.0821685791016 37.264274597168 37.1347312927246 36.9962501525879 36.9650230407715 36.8675384521484 36.710334777832 36.2836265563965 36.1218948364258 36.4857368469238 36.5467681884766 36.3327903747559 35.8727569580078 35.5600357055664 35.1914863586426 35.2791557312012 35.2520027160645 35.8532905578613 36.3049468994141 35.9375305175781 36.2237663269043 36.0457649230957 35.2158508300781 35.7926750183105 35.8771171569824 35.1265754699707 33.8718605041504 33.3063850402832 32.4350395202637 32.7202987670898 32.2255363464355 32.1162490844727 31.6300296783447 33.2205085754395 35.9771118164062 36.9459228515625 37.1834487915039 36.9320755004883 36.8364715576172
37.6470260620117 37.0863990783691 36.8561706542969 37.2809295654297 37.051872253418 36.412109375 36.4552154541016 37.1217651367188 37.2841796875 36.9090270996094 36.9225044250488 37.140266418457 37.0207328796387 36.7438316345215 36.3831367492676 36.5493965148926 36.6351509094238 36.3833160400391 35.9264602661133 35.1983451843262 35.3919143676758 35.5703773498535 35.7106437683105 35.9188995361328 35.9355392456055 35.6079330444336 36.3664398193359 35.9831504821777 35.8588600158691 35.368091583252 35.7451133728027 35.5704574584961 35.2646903991699 34.2712783813477 33.758358001709 34.0848121643066 33.7792625427246 33.2328338623047 32.6934356689453 31.9532661437988 31.6053142547607 35.0968360900879 36.6518936157227 37.0943145751953 36.3976058959961 35.671703338623
37.8138084411621 37.5591239929199 36.8569984436035 37.3089332580566 37.3923301696777 36.9721527099609 36.6917762756348 37.1687927246094 37.3451080322266 37.0555229187012 36.950309753418 37.2355880737305 37.0822105407715 36.8065299987793 36.1439552307129 36.6740760803223 36.5921592712402 36.1461486816406 35.6016082763672 35.1901473999023 35.3001403808594 35.5686454772949 35.8979721069336 35.9069747924805 36.2204856872559 36.1195259094238 36.205982208252 35.438793182373 35.4450263977051 34.3537483215332 35.1118583679199 35.6144866943359 35.723518371582 35.393928527832 35.0422821044922 34.9873886108398 34.1389198303223 33.6498527526855 33.3262329101562 32.5017204284668 31.9985504150391 34.6667747497559 36.5424194335938 37.0583648681641 36.5642547607422 34.4496765136719
38.0231246948242 37.7528381347656 37.3761558532715 37.5622825622559 37.5199699401855 37.1393966674805 36.4794616699219 37.0670738220215 37.2722816467285 37.4271621704102 37.3750305175781 37.2203140258789 36.7857704162598 36.9123764038086 36.8909149169922 36.7521934509277 36.5547943115234 35.9938507080078 35.7866973876953 35.4888153076172 34.9091491699219 35.1264457702637 35.6179275512695 36.0276336669922 36.4034614562988 36.3367118835449 36.360279083252 35.8139991760254 35.4519119262695 34.2326927185059 34.2493743896484 34.3792495727539 35.3770332336426 35.5631828308105 35.0994987487793 34.9970436096191 34.4188461303711 33.0047378540039 33.2622680664062 32.8196411132812 32.6646461486816 34.486515045166 36.3346939086914 36.8295745849609 36.6154174804688 34.9129180908203
38.0186004638672 37.9160385131836 37.6344261169434 37.6749572753906 37.6422958374023 37.3740882873535 36.7725715637207 36.6519737243652 36.9865303039551 37.3563652038574 37.4815330505371 37.1817321777344 36.4879188537598 36.7302436828613 36.9814758300781 36.2738952636719 36.2251625061035 35.4544525146484 35.3883972167969 35.1585998535156 34.4838333129883 34.9759521484375 35.4343032836914 36.022403717041 36.5274429321289 36.5519752502441 36.122673034668 35.6727523803711 35.4969863891602 34.7169036865234 33.3736381530762 33.6809463500977 34.0405654907227 34.667366027832 35.0805397033691 34.4659805297852 34.5521659851074 33.6512908935547 32.6302680969238 32.9365882873535 33.167366027832 34.3344917297363 35.415225982666 36.478889465332 36.4398880004883 34.569393157959
37.7836608886719 38.0217056274414 37.8676376342773 37.8261947631836 37.6967849731445 37.4467277526855 37.0742340087891 36.5976104736328 36.7901382446289 37.3436889648438 37.5210914611816 37.4722595214844 37.2615966796875 37.112907409668 36.7415161132812 35.9578399658203 36.1612586975098 35.9182090759277 36.070972442627 35.1278228759766 35.1394462585449 34.9924659729004 35.1079216003418 35.8225898742676 36.449779510498 36.6534729003906 35.6897850036621 34.7947578430176 34.8966598510742 34.8123092651367 34.2125587463379 33.6492691040039 33.2163581848145 33.7050285339355 34.659740447998 34.0376625061035 33.8038749694824 33.7640609741211 32.7977867126465 32.4762535095215 32.7152366638184 32.8266906738281 33.7847099304199 35.4626197814941 35.9626731872559 34.6723403930664
37.4872703552246 37.9284973144531 38.0190391540527 37.8783912658691 37.6695518493652 37.5519561767578 37.3484306335449 36.8730506896973 36.5384140014648 37.264461517334 37.5262870788574 37.1090774536133 36.3657379150391 36.4462661743164 36.5663185119629 36.5511245727539 36.5902900695801 36.4500961303711 36.2421722412109 35.9269714355469 35.597972869873 34.9477386474609 35.3046379089355 36.188663482666 36.6750755310059 36.5779724121094 35.8391647338867 35.6889915466309 35.1690292358398 34.645938873291 33.3681716918945 32.9814186096191 34.0995788574219 33.9648284912109 33.7607917785645 33.528621673584 33.3119049072266 33.6265907287598 33.0735664367676 32.3137397766113 32.3583564758301 31.7879447937012 32.6840209960938 33.9086303710938 34.2528991699219 33.6049461364746
37.1536560058594 37.4884071350098 38.042652130127 37.9499244689941 37.8182106018066 37.7393913269043 37.5442733764648 37.1607360839844 37.153980255127 37.4120445251465 37.5751190185547 37.1811256408691 36.8386459350586 36.0643692016602 36.2558631896973 36.5706062316895 36.7081413269043 36.9327735900879 36.4668579101562 36.2682914733887 35.8571624755859 35.480598449707 35.5690422058105 36.1767807006836 36.6495513916016 36.5610809326172 35.8304100036621 35.0613899230957 34.0322723388672 34.040599822998 33.6775894165039 33.6289710998535 34.5297927856445 34.2742309570312 33.3531799316406 33.0997352600098 33.5995178222656 33.3123016357422 32.9277153015137 32.3685646057129 32.4361114501953 32.172981262207 31.8326778411865 32.5963401794434 33.0598907470703 33.3989944458008
36.9879035949707 37.0622825622559 38.0119743347168 38.0223617553711 37.9417304992676 37.8192672729492 37.645809173584 37.3006439208984 37.3522605895996 37.6739044189453 37.6277809143066 37.4288902282715 37.0494956970215 36.5382270812988 36.4410743713379 36.7752227783203 37.111328125 37.1166687011719 36.8502349853516 36.3707389831543 35.8460388183594 35.5059394836426 35.6881828308105 35.8595848083496 36.102481842041 36.4735679626465 35.4424324035645 34.6281547546387 34.007984161377 34.266170501709 34.3467445373535 34.2692527770996 34.7169914245605 34.1724472045898 33.921745300293 33.8397216796875 33.4035873413086 32.8049354553223 33.3596496582031 33.6105194091797 33.1673927307129 32.7045707702637 32.1790046691895 32.6528778076172 33.2158241271973 33.6463012695312
37.1533355712891 37.6885643005371 37.9964408874512 37.9649085998535 37.9878234863281 37.8961448669434 37.7562866210938 37.3670806884766 37.4700660705566 37.8117485046387 37.6111717224121 37.546257019043 37.3279151916504 37.4163589477539 37.3232040405273 37.3140830993652 37.330924987793 37.2612724304199 37.0330619812012 36.4869041442871 36.2090492248535 36.3913803100586 36.683177947998 36.9445686340332 36.7995300292969 36.3600463867188 36.1484565734863 35.6515579223633 35.2771415710449 35.0945243835449 35.1734199523926 34.9658432006836 34.8757095336914 34.2828941345215 33.7065620422363 33.2485198974609 32.7003173828125 33.8599853515625 34.1723594665527 34.1266174316406 32.7367095947266 32.6655693054199 32.1792526245117 31.9086856842041 33.2778205871582 33.8808250427246
37.6378707885742 37.8685989379883 37.9523582458496 37.876636505127 37.9032821655273 37.9658851623535 37.9134902954102 37.7958030700684 37.5856285095215 37.7434005737305 37.7222099304199 37.6557121276855 37.5299453735352 37.4321975708008 37.3292579650879 37.2578048706055 37.4166107177734 37.3389778137207 37.1981315612793 37.0892791748047 36.9916229248047 36.9611625671387 36.7552757263184 36.8927001953125 36.433177947998 35.3711090087891 35.3175392150879 34.9024085998535 34.334716796875 35.1557540893555 35.4598846435547 35.428653717041 34.6522445678711 34.3447608947754 34.2300033569336 34.1809463500977 34.1682357788086 33.8532371520996 34.5171203613281 34.8900985717773 34.3546600341797 33.8834228515625 33.2312774658203 32.6751899719238 33.7923927307129 34.3302421569824
36.8379364013672 37.4465942382812 37.920295715332 37.8575706481934 37.7368774414062 37.8528633117676 37.8172073364258 37.6494331359863 37.2156219482422 37.2767028808594 37.6416969299316 37.4462280273438 36.89990234375 37.0894584655762 37.2966537475586 36.7231025695801 37.1888999938965 37.4018745422363 37.3587989807129 37.3163681030273 37.2675552368164 36.8449859619141 36.1787796020508 36.6059646606445 36.4365730285645 36.1609954833984 36.0838356018066 35.74609375 35.374584197998 35.6610450744629 35.6255683898926 35.3601722717285 34.9039192199707 35.169319152832 35.1405906677246 34.1718864440918 34.7630805969238 33.8931274414062 34.2393188476562 35.0497741699219 35.0398216247559 34.7744026184082 34.0005760192871 33.150463104248 33.8182601928711 34.6322975158691
35.9480400085449 36.9935455322266 37.7959823608398 37.943717956543 37.8833084106445 37.8672218322754 37.7677154541016 37.6609306335449 37.442569732666 36.9132537841797 36.5070877075195 37.2917938232422 36.4272422790527 36.1169357299805 37.0434265136719 36.6781387329102 36.6613845825195 37.1728401184082 37.2144393920898 37.2268486022949 37.2484588623047 37.2308235168457 37.0952415466309 36.8564605712891 36.4226303100586 36.029426574707 36.0481796264648 36.0032691955566 35.9541091918945 35.7725944519043 35.6052894592285 35.1903610229492 34.9141960144043 35.5922431945801 35.4749908447266 35.2049255371094 35.2249488830566 34.6443023681641 34.2937431335449 35.0101356506348 35.2247200012207 34.5716171264648 33.2800025939941 32.1628150939941 32.6276817321777 34.4227333068848
36.9737854003906 36.8082084655762 37.432544708252 37.6401977539062 37.8876800537109 37.8658294677734 37.7505073547363 37.6153717041016 37.4643058776855 37.1714859008789 36.5134811401367 36.956901550293 35.8865394592285 35.6475982666016 36.430606842041 36.2935180664062 35.5964050292969 36.7448883056641 36.7506141662598 36.742015838623 37.0237159729004 37.2002906799316 37.1087455749512 36.6722869873047 35.8139953613281 35.2358016967773 34.844409942627 35.2042579650879 35.7835845947266 35.2042655944824 34.9945678710938 34.2357749938965 34.9700164794922 35.8490791320801 35.6690826416016 35.4802131652832 35.5381660461426 35.1065559387207 34.7404098510742 35.0460205078125 35.26611328125 34.1197471618652 33.1264457702637 33.4552421569824 33.8263816833496 34.4484405517578
37.102424621582 37.4667778015137 37.5648422241211 37.590217590332 37.748908996582 37.8195304870605 37.7635536193848 37.687183380127 37.5360374450684 37.0719604492188 36.6777992248535 36.3003158569336 35.9024124145508 35.5510749816895 36.0853424072266 35.9529342651367 35.9813537597656 35.8181190490723 35.5738105773926 35.5673027038574 36.7591819763184 37.0503082275391 37.0409393310547 36.9420471191406 36.3426246643066 35.1867942810059 33.7976341247559 34.6331977844238 35.4555473327637 34.5129127502441 34.9031066894531 35.5007476806641 35.8119506835938 36.103702545166 36.025218963623 35.8323516845703 35.3536949157715 34.5242538452148 34.997673034668 35.2432823181152 35.5827445983887 35.2308311462402 35.0967674255371 35.0869216918945 35.0499153137207 34.4882125854492
37.359561920166 37.3490943908691 37.2141151428223 37.3295707702637 37.80615234375 37.7088203430176 37.7335739135742 37.7286224365234 37.6444320678711 37.2928161621094 36.177661895752 36.2732162475586 35.8519859313965 34.7580986022949 35.4903182983398 35.2734336853027 35.1084899902344 34.4497833251953 35.2789421081543 35.6582946777344 36.7711486816406 36.806453704834 36.9586868286133 37.0771217346191 36.2171401977539 35.1584854125977 34.0213165283203 34.8088455200195 35.4303398132324 34.949031829834 35.4539489746094 35.9094734191895 36.3081321716309 36.3255081176758 35.8910331726074 35.6390495300293 35.2828140258789 35.0246276855469 35.5676765441895 35.6666717529297 35.7191925048828 35.6400299072266 35.5339164733887 34.8908081054688 34.0562019348145 34.0307388305664
37.5108489990234 37.5029220581055 37.4990501403809 37.3667182922363 37.8237762451172 37.8338928222656 37.7809066772461 37.7349128723145 37.6765518188477 37.5851554870605 37.2625122070312 36.5243606567383 35.7057266235352 34.5610046386719 34.8804893493652 34.8534812927246 34.4300842285156 34.7248954772949 34.9786338806152 36.0029220581055 36.796314239502 36.385196685791 37.103874206543 36.9592933654785 36.3733291625977 36.1427688598633 35.0854606628418 35.209903717041 35.5666160583496 35.4048385620117 36.0229339599609 36.0002212524414 36.4552230834961 36.3950881958008 36.2554473876953 36.019847869873 35.1900329589844 35.3709831237793 35.6450614929199 35.6516990661621 35.6979103088379 35.559627532959 35.5023765563965 35.0001983642578 34.9375991821289 34.8202629089355
