inst/extdata/Tmax/Tmax29.asc
NCOLS 100 
NROWS 79 
XLLCORNER 148.06 
YLLCORNER -21.49 
CELLSIZE 0.01 
NODATA_value -3.4e+38 
[rows 40 to 59 of 79, columns 46 to 91 of 100]
26.4923572540283 27.7408771514893 27.3011207580566 27.9435691833496 29.7887687683105 29.4486694335938 29.3691463470459 27.6308116912842 27.3793869018555 27.8042984008789 29.2257862091064 30.7066040039062 31.2757720947266 30.66623878479 30.099292755127 31.522668838501 32.3496284484863 31.8603935241699 32.8400535583496 32.7345275878906 32.0373687744141 32.9164848327637 30.5986785888672 29.2852058410645 30.6566944122314 31.5222778320312 32.0476264953613 31.3179626464844 31.0225086212158 31.0663948059082 30.6492919921875 31.7522869110107 30.5652828216553 27.9870586395264 29.5088176727295 33.6206321716309 31.9458026885986 30.3623905181885 28.0731925964355 27.5272617340088 27.1595363616943 29.8167896270752 30.0491333007812 29.4490547180176 30.6615524291992 27.8299236297607
27.6165370941162 27.5190200805664 28.9005737304688 30.2270374298096 30.4955177307129 29.6244277954102 29.282341003418 29.1408348083496 30.3235130310059 30.5268211364746 33.0609703063965 31.6272525787354 31.4059276580811 31.0545196533203 30.4854030609131 32.3150634765625 32.3856239318848 32.1847610473633 33.2106437683105 33.441967010498 31.3040885925293 31.7964286804199 28.1997203826904 33.851203918457 35.0121841430664 30.3893508911133 32.2061614990234 31.3151340484619 31.4675636291504 30.4640045166016 30.999044418335 31.5220966339111 31.3689441680908 30.5824031829834 30.8812274932861 32.8308143615723 31.1145420074463 30.4988861083984 30.1349411010742 29.741283416748 29.5448875427246 28.9558219909668 30.1011390686035 29.7657566070557 29.6564083099365 29.0897541046143
28.5831489562988 29.5212516784668 29.3589401245117 31.1805648803711 36.1277351379395 33.4263305664062 31.0342025756836 30.4140872955322 31.3597183227539 32.8733177185059 32.9888076782227 32.4314956665039 32.6682167053223 32.2098579406738 33.9173965454102 32.3929405212402 32.2011184692383 31.8304328918457 32.2248687744141 32.9108047485352 31.9591579437256 31.6821422576904 31.3777465820312 35.286750793457 28.7663516998291 35.2876167297363 34.3525619506836 30.1731052398682 29.4955310821533 31.9562911987305 31.5862827301025 31.8638935089111 31.1034564971924 30.4443092346191 30.8108444213867 29.6628799438477 30.0382404327393 29.2544746398926 29.0901832580566 29.4935245513916 30.6439361572266 30.7134857177734 30.9846935272217 29.6074047088623 31.622579574585 31.5629596710205
31.789213180542 32.5163307189941 32.595100402832 32.6570320129395 33.2826309204102 32.7201690673828 32.3650856018066 32.001636505127 32.2422866821289 32.5193824768066 33.1605339050293 33.1236305236816 33.2913627624512 33.1668701171875 32.6044998168945 32.1242485046387 31.7602100372314 31.9304809570312 32.5928726196289 30.1436882019043 32.3686485290527 32.4241752624512 32.2616119384766 31.5113582611084 30.9503898620605 32.7923622131348 31.8872528076172 31.2729187011719 31.8025302886963 33.4669876098633 32.7900314331055 33.1888580322266 30.9402503967285 30.301342010498 30.0940017700195 32.6150321960449 32.1727905273438 30.0914726257324 30.9388847351074 31.9633140563965 32.5331153869629 31.6389293670654 30.0336894989014 34.249755859375 31.8051261901855 29.7839756011963
31.6896381378174 31.7739219665527 31.6547870635986 31.9745464324951 33.4913368225098 34.0736923217773 33.4161109924316 32.5295753479004 32.8589401245117 32.5122604370117 32.2395706176758 32.1397705078125 31.7171382904053 31.6179313659668 31.3624610900879 31.8647441864014 30.2335109710693 31.0137500762939 31.9814891815186 32.2905654907227 33.1975975036621 33.8270606994629 33.6153984069824 32.7001533508301 30.4549121856689 30.8076114654541 31.1455593109131 31.5698261260986 33.7411079406738 34.0191459655762 32.617977142334 31.3199768066406 30.2188129425049 30.8791580200195 30.4781742095947 32.4748191833496 31.1247940063477 29.9116668701172 31.1452693939209 29.5942001342773 30.1816291809082 31.7080821990967 32.0820922851562 32.0016021728516 34.8799934387207 31.7717990875244
28.1696014404297 29.4882736206055 30.9376983642578 29.1838836669922 30.7399578094482 31.3034534454346 31.1143436431885 31.328483581543 31.592924118042 31.7145709991455 28.8375492095947 28.9804172515869 29.1015510559082 27.558406829834 28.3168354034424 29.1034088134766 31.2711563110352 31.3340911865234 31.2094039916992 31.2801818847656 33.020923614502 32.8239326477051 32.2573738098145 32.288257598877 32.262565612793 32.6162109375 32.5085830688477 32.4302635192871 31.9903163909912 32.113224029541 31.7108669281006 32.8087005615234 33.6238822937012 34.0501022338867 31.9883556365967 31.703784942627 31.1479606628418 30.9416408538818 30.8739814758301 30.5463466644287 30.3491458892822 31.371675491333 31.4983139038086 30.1629676818848 32.4323768615723 34.7710418701172
26.7136287689209 27.9453449249268 27.5247993469238 27.268159866333 28.1145172119141 28.3893661499023 28.4965133666992 28.9972476959229 29.4322319030762 28.7641716003418 28.4907207489014 27.9317665100098 28.1110458374023 27.9724979400635 28.1768646240234 29.1354942321777 31.6072845458984 31.2789459228516 30.5770206451416 32.4374046325684 32.8299560546875 33.1947898864746 32.3597297668457 31.7146015167236 34.329288482666 34.3696670532227 33.3033561706543 32.4933090209961 31.4777736663818 31.3331069946289 32.4819755554199 32.250904083252 31.6437511444092 31.9257392883301 32.1804962158203 34.7625045776367 31.5140419006348 31.6517810821533 30.5209846496582 30.3446216583252 30.2805347442627 32.8778266906738 30.8572063446045 33.6879386901855 32.2538414001465 31.6949024200439
27.0827903747559 26.9955272674561 26.8780117034912 26.9342861175537 26.7778072357178 27.0358104705811 27.8716583251953 28.7457542419434 28.9501037597656 28.7385234832764 29.2106952667236 28.600715637207 28.6255550384521 29.9403400421143 30.5861511230469 31.8090419769287 32.3398818969727 32.2032127380371 32.3118057250977 33.6122055053711 36.2391624450684 33.8953437805176 31.8069725036621 32.8852920532227 34.1891059875488 33.6626281738281 32.8990287780762 35.7184753417969 32.7910690307617 32.984001159668 32.9532318115234 30.3581237792969 30.183406829834 30.4886074066162 30.2373867034912 30.194580078125 31.5507755279541 30.502965927124 29.5573749542236 33.268440246582 32.9733390808105 34.8901138305664 31.4240112304688 33.495719909668 33.2499046325684 33.2024421691895
26.9402980804443 28.8909034729004 27.1636371612549 26.8037662506104 26.695405960083 26.6105194091797 26.6161575317383 28.4234867095947 29.0267333984375 29.1124782562256 29.0119018554688 28.9996204376221 34.2015953063965 35.2021026611328 35.6427574157715 31.8056716918945 33.5234146118164 29.8343486785889 35.4276466369629 35.1918754577637 34.8128929138184 35.0195579528809 34.323055267334 33.860969543457 33.5433311462402 31.5937232971191 32.7050628662109 33.7750396728516 35.8691864013672 35.0912590026855 34.7872581481934 35.5068359375 34.578727722168 30.6011276245117 31.5302734375 35.8579063415527 34.9761428833008 31.9093971252441 31.6666374206543 31.4381237030029 29.4694023132324 29.9544525146484 30.5385227203369 31.4087600708008 30.5421657562256 31.1537437438965
28.8516330718994 29.4749813079834 30.6321601867676 27.71608543396 27.125581741333 27.7993640899658 27.5652503967285 28.3437061309814 28.5588874816895 29.0657958984375 33.3814010620117 34.8234977722168 35.8991546630859 35.8948974609375 36.3156700134277 29.4466896057129 32.5560989379883 29.5289115905762 29.6759738922119 32.0515518188477 31.9610824584961 36.1328315734863 32.4308776855469 33.2414321899414 32.9129295349121 31.9865951538086 33.8989143371582 33.9850540161133 34.4023094177246 34.3901062011719 34.118953704834 32.4722938537598 30.7732830047607 31.2912826538086 31.9205799102783 36.035026550293 35.9513893127441 32.7264709472656 31.5161361694336 31.3143043518066 31.2539653778076 30.18723487854 31.3315296173096 29.8818740844727 30.8346767425537 31.4452533721924
32.2564582824707 29.0240173339844 31.9388866424561 26.8995189666748 26.8769874572754 27.965368270874 28.0877914428711 28.6915416717529 29.2044448852539 29.5777816772461 29.5406665802002 29.6898097991943 34.2779312133789 34.9116821289062 35.4916725158691 29.3863105773926 31.797290802002 31.7274208068848 28.6170139312744 32.0130233764648 29.5384960174561 35.0934257507324 32.5617904663086 34.0265579223633 32.3768157958984 33.3206939697266 32.2939414978027 31.924373626709 34.855541229248 34.4705276489258 33.8589782714844 33.3379440307617 32.962100982666 31.1398410797119 31.9238262176514 34.281379699707 35.5830574035645 33.6651611328125 32.5162696838379 32.9778327941895 31.4932403564453 30.3319892883301 30.3597450256348 29.4440002441406 30.8616275787354 31.6317939758301
27.7992935180664 26.3776779174805 26.7967128753662 25.9633560180664 25.8958911895752 27.1679210662842 27.8784065246582 28.879451751709 29.152645111084 29.3238849639893 29.4830131530762 29.0983276367188 29.0293960571289 28.5534248352051 28.9395160675049 32.0245170593262 29.6473522186279 32.4130020141602 29.2734489440918 31.6063022613525 31.4205703735352 32.0289840698242 34.9417037963867 35.5893173217773 32.7181396484375 32.8395957946777 33.5911674499512 31.8333225250244 31.9942035675049 35.3371276855469 33.8114166259766 33.1679000854492 32.459831237793 30.7518558502197 30.587854385376 32.2089233398438 32.549747467041 32.3467254638672 31.7132453918457 29.9938621520996 33.5649909973145 29.8177509307861 29.4929389953613 29.1154251098633 29.0978298187256 30.3587589263916
26.2224597930908 31.8957214355469 32.5756454467773 26.1780776977539 26.0873622894287 26.7726364135742 27.3451232910156 28.0818367004395 28.4744091033936 28.7019729614258 29.0273532867432 28.8267517089844 28.8051776885986 29.1420288085938 29.2970600128174 29.6284942626953 32.2126502990723 32.6052551269531 32.47705078125 32.9619941711426 31.4627590179443 32.3718414306641 33.7540397644043 35.7326393127441 33.5431785583496 34.2630996704102 34.2907562255859 34.4284934997559 33.9026184082031 35.7637138366699 34.6945877075195 34.1544914245605 34.1324081420898 34.4154586791992 31.4863224029541 30.5001392364502 31.63205909729 29.0564613342285 30.5515289306641 30.8107147216797 30.8187255859375 29.7252712249756 34.1374626159668 30.5720596313477 29.1218357086182 28.8540878295898
26.889476776123 26.21604347229 32.039005279541 26.7353954315186 26.7735919952393 27.4973201751709 27.3391933441162 27.9314517974854 28.852258682251 29.2596454620361 29.4535522460938 29.50315284729 29.4792442321777 33.0754699707031 33.0085754394531 29.9328498840332 29.6712856292725 29.7492809295654 29.737377166748 32.5585250854492 32.0809440612793 32.2230758666992 29.5325622558594 30.5881500244141 31.399112701416 33.0168190002441 32.3707160949707 33.5972328186035 35.4233512878418 32.8352165222168 32.7361373901367 31.8162746429443 32.1562004089355 33.0730323791504 31.3698863983154 30.9583225250244 28.900146484375 28.1926937103271 28.3279285430908 27.4543857574463 32.8306045532227 31.2681121826172 32.3328590393066 31.8992404937744 33.8395042419434 29.5643711090088
27.831880569458 26.9809551239014 26.5752696990967 26.9398441314697 27.3546409606934 28.1107311248779 28.1226177215576 28.316427230835 28.3821830749512 28.9014701843262 28.8981132507324 31.6023273468018 32.414608001709 29.5222110748291 33.7738037109375 33.1146202087402 33.4903297424316 30.0144424438477 32.765323638916 32.5829582214355 32.6169242858887 31.6504421234131 30.5147399902344 32.5029716491699 34.3017997741699 34.270450592041 32.2711601257324 32.8180389404297 32.0166358947754 33.7099113464355 34.0369834899902 32.8240699768066 33.910774230957 31.6839427947998 34.0790977478027 31.0461769104004 34.6197319030762 30.8998584747314 31.2572002410889 29.9232234954834 30.8050212860107 31.1877307891846 30.3915748596191 30.6147956848145 31.4232730865479 32.3740501403809
27.4277248382568 27.0281372070312 26.7251567840576 27.7422981262207 28.1648616790771 28.590051651001 29.0714092254639 29.3271312713623 29.2138957977295 29.5003356933594 29.3894596099854 31.5294742584229 32.0550575256348 33.5428009033203 33.6852874755859 33.1202278137207 33.4460334777832 33.8005447387695 33.0508728027344 29.9269466400146 32.5175094604492 31.6343765258789 32.3593597412109 32.4080123901367 33.6262626647949 34.168643951416 34.2915649414062 34.8386306762695 32.1553039550781 32.517692565918 29.8903751373291 32.4444046020508 33.6247062683105 35.2500877380371 34.1805038452148 28.3378219604492 30.8523063659668 31.5181522369385 29.9283676147461 30.8763866424561 32.7676887512207 31.9233818054199 31.2339477539062 31.5748748779297 31.0675640106201 30.8689708709717
27.4586582183838 26.8183898925781 26.2112483978271 27.3542804718018 28.3534545898438 28.7233390808105 28.1513786315918 29.2045211791992 28.8261165618896 28.2833499908447 29.2818698883057 28.8721752166748 29.1627197265625 31.975513458252 29.5864276885986 32.8317031860352 32.8822059631348 32.8092803955078 33.2053070068359 31.1499176025391 32.0446434020996 32.5580902099609 32.121150970459 29.7660236358643 32.2784805297852 34.2691650390625 33.1265068054199 32.2633819580078 32.3831787109375 32.4973907470703 29.6959629058838 28.1704902648926 28.8600654602051 31.9710292816162 27.9595527648926 27.8673896789551 31.9215335845947 30.9649848937988 31.6870307922363 30.3546085357666 32.5489082336426 33.7324104309082 30.0771083831787 30.279878616333 31.1258220672607 31.6850242614746
27.8893451690674 26.9316329956055 26.9734935760498 27.4218921661377 28.0982875823975 28.4358386993408 28.8198986053467 28.7756080627441 27.7528247833252 27.3001575469971 28.8161087036133 27.6263236999512 28.0172348022461 28.1661148071289 31.6912670135498 32.4016647338867 29.6624355316162 32.8240966796875 30.0728092193604 33.4560928344727 32.9770889282227 33.3011589050293 32.825984954834 32.4378547668457 31.6011009216309 32.7040176391602 33.4912757873535 32.4840965270996 31.6637706756592 33.1959686279297 31.3822784423828 29.020299911499 32.4931793212891 31.9421463012695 26.2846164703369 30.4033107757568 31.072732925415 31.3194713592529 31.5742301940918 33.2363929748535 31.1048107147217 33.501392364502 31.2164936065674 31.274299621582 30.7722339630127 30.5710487365723
27.9180507659912 27.6251106262207 27.3423976898193 27.4116439819336 27.9589080810547 28.4754810333252 28.3543491363525 28.1811904907227 27.5916042327881 28.4078903198242 28.4675750732422 27.4116554260254 27.6121578216553 27.6890926361084 28.7512836456299 28.9874744415283 32.6139144897461 29.6225490570068 32.7948036193848 33.073299407959 32.8725357055664 33.0844383239746 31.3380126953125 32.844799041748 32.1017799377441 32.1353607177734 31.8108997344971 32.9250144958496 31.0294647216797 30.8260879516602 32.462085723877 32.2799911499023 28.9558601379395 31.2697200775146 32.0584373474121 32.6026573181152 29.1237316131592 31.3980159759521 33.7047500610352 31.1297130584717 31.9995307922363 31.012186050415 31.477331161499 33.2332038879395 32.760627746582 30.3207035064697
27.3846912384033 27.3058109283447 26.8932323455811 27.2176933288574 27.60866355896 27.3963146209717 27.9770832061768 28.317512512207 28.6133842468262 28.6096897125244 28.4940605163574 28.6580600738525 31.7471389770508 32.4308242797852 32.2112083435059 29.029634475708 29.4718933105469 33.1398658752441 30.3952217102051 32.5723495483398 32.8234672546387 33.3171272277832 33.3324432373047 32.6130981445312 32.8427200317383 31.7442016601562 32.2286071777344 32.0242576599121 31.0394878387451 32.9059219360352 33.167667388916 33.9427757263184 30.4448337554932 31.4743633270264 31.5727462768555 27.4081211090088 30.0108089447021 32.499870300293 34.5083961486816 29.3254089355469 31.4292831420898 31.5025501251221 30.8469181060791 29.7987880706787 31.1691799163818 31.7025547027588
