inst/extdata/Tmax/Tmax71.asc
NCOLS 100 
NROWS 79 
XLLCORNER 148.06 
YLLCORNER -21.49 
CELLSIZE 0.01 
NODATA_value -3.4e+38 
[rows 0 to 19 of 79, columns 0 to 45 of 100]
39.025726318359403 38.6618576049805 37.7073936462402 38.0166015625 38.1758155822754 38.6389389038086 38.8573799133301 39.0357475280762 38.9897155761719 38.8032455444336 38.300537109375 38.0896530151367 38.0049858093262 36.9000244140625 37.2348136901855 37.6660232543945 38.0864448547363 38.0547180175781 37.1971588134766 36.6687431335449 36.552677154541 35.8797760009766 36.1733093261719 37.1956253051758 37.7328109741211 37.9941482543945 37.8758087158203 37.9290428161621 37.6103248596191 37.231803894043 36.3492317199707 35.0272483825684 35.9132690429688 35.8408470153809 34.9865188598633 34.1903686523438 34.1050415039062 33.8226470947266 34.3609008789062 35.6615104675293 37.1567230224609 37.4404067993164 38.1865844726562 38.5274391174316 38.7043952941895 38.8394737243652
38.8334426879883 38.2682876586914 37.6018867492676 37.657543182373 37.2252807617188 37.927906036377 38.5610885620117 38.9107322692871 39.0476341247559 38.920093536377 38.556453704834 38.2306976318359 38.3541450500488 37.9065361022949 37.7322959899902 37.6130332946777 38.063304901123 38.0976104736328 37.0653839111328 36.627368927002 36.9877853393555 36.7993507385254 36.7069244384766 37.0859375 37.5853385925293 37.7802543640137 38.0828514099121 38.0320434570312 37.8146324157715 37.5971450805664 36.7200965881348 35.6374816894531 36.5063552856445 36.1446304321289 35.6601295471191 34.9640579223633 34.6437187194824 34.8982734680176 35.6487884521484 36.6756019592285 38.2094268798828 38.6387023925781 38.7732124328613 38.7766532897949 38.8363304138184 38.883674621582
38.8250427246094 37.9796295166016 38.0699424743652 38.216968536377 37.7820472717285 37.8552742004395 38.3107070922852 38.9326133728027 39.1257629394531 38.9790802001953 38.6697006225586 38.5395355224609 38.4435882568359 38.3869895935059 38.0646018981934 37.9072647094727 38.1433753967285 38.3078765869141 37.6976089477539 37.4975852966309 37.3445472717285 37.011962890625 36.8340530395508 36.9071998596191 37.8140563964844 38.0997543334961 37.9382553100586 37.9207954406738 37.9229125976562 37.602123260498 37.6657943725586 36.6398582458496 36.9075050354004 35.8521614074707 35.6243629455566 35.1580352783203 34.7813034057617 34.4254493713379 35.1569747924805 36.0004730224609 37.4657516479492 38.5128173828125 38.8497009277344 38.9235992431641 38.9093399047852 38.8681030273438
39.0580215454102 38.6788330078125 38.3082962036133 38.999813079834 38.4333381652832 37.9631271362305 38.3985977172852 39.0234870910645 39.2057571411133 39.0584716796875 38.9015007019043 38.8686218261719 38.7555122375488 38.5790328979492 38.1117515563965 37.9292411804199 38.3277053833008 38.3813819885254 38.1464462280273 37.6462287902832 37.3019714355469 36.9625473022461 37.0055732727051 36.967212677002 37.6100997924805 38.078987121582 37.7022552490234 37.9922027587891 37.8018684387207 36.9243431091309 37.5291709899902 37.6226501464844 36.834156036377 35.8020095825195 35.3811302185059 34.738639831543 34.9339447021484 34.5626831054688 34.4686317443848 34.1034927368164 35.2220153808594 37.713249206543 38.6744918823242 38.908130645752 38.6555061340332 38.5585327148438
39.6702690124512 39.0708160400391 38.804817199707 39.2599296569824 39.0029678344727 38.2867202758789 38.3397178649902 39.0599479675293 39.2217636108398 38.8131942749023 38.8184928894043 39.0497093200684 38.914134979248 38.6114234924316 38.2160453796387 38.3875312805176 38.4843368530273 38.2055702209473 37.707218170166 37.0162620544434 37.1370468139648 37.3178443908691 37.4658241271973 37.684440612793 37.6972618103027 37.3440361022949 38.1512336730957 37.7431602478027 37.6083984375 37.0867729187012 37.4815139770508 37.3054161071777 36.9813537597656 36.1024131774902 35.7204856872559 35.9337387084961 35.7055816650391 35.3005409240723 34.8992042541504 34.3526153564453 34.087345123291 36.8222465515137 38.3924713134766 38.8315391540527 38.1348838806152 37.4059677124023
39.8348922729492 39.5709686279297 38.7963676452637 39.2816543579102 39.3606948852539 38.8995742797852 38.5949020385742 39.1038856506348 39.2804260253906 38.9645042419434 38.8432502746582 39.1457061767578 38.9752235412598 38.6745452880859 37.9514541625977 38.5175132751465 38.4361381530762 37.9477348327637 37.348705291748 37.0253105163574 37.0859794616699 37.3135299682617 37.6656265258789 37.6708183288574 37.9981460571289 37.8867111206055 37.985481262207 37.166820526123 37.1711006164551 36.2458076477051 36.8116340637207 37.3531875610352 37.4646301269531 37.1172866821289 36.7451553344727 36.6868515014648 35.9775543212891 35.6143836975098 35.3678283691406 34.7633209228516 34.3870391845703 36.377555847168 38.2928657531738 38.8073539733887 38.31201171875 36.1566047668457
40.0405540466309 39.7647438049316 39.3540649414062 39.5420455932617 39.487621307373 39.0728988647461 38.3511772155762 38.9883270263672 39.1979598999023 39.3508338928223 39.2866973876953 39.1254196166992 38.6560020446777 38.7830581665039 38.7522163391113 38.5973052978516 38.3932418823242 37.7787170410156 37.5481834411621 37.2580375671387 36.8159217834473 36.9618873596191 37.3614273071289 37.7983245849609 38.1902122497559 38.1149215698242 38.1474189758301 37.5660171508789 37.1780319213867 36.1753883361816 36.169734954834 36.2505073547363 37.1020851135254 37.2966346740723 36.8066596984863 36.698055267334 36.1929550170898 35.1723136901855 35.3403053283691 35.0083885192871 34.8819923400879 36.1893463134766 38.0930099487305 38.589241027832 38.3737258911133 36.6429481506348
40.0439071655273 39.9416122436523 39.6361236572266 39.6690063476562 39.6252250671387 39.3334770202637 38.6854629516602 38.5461616516113 38.9040107727051 39.2888298034668 39.4101943969727 39.0976829528809 38.346305847168 38.601863861084 38.8618011474609 38.096363067627 38.0519371032715 37.3046073913574 37.236988067627 37.0497589111328 36.5352516174316 36.8852806091309 37.198600769043 37.8090400695801 38.3376617431641 38.3577651977539 37.9165916442871 37.4332237243652 37.2433319091797 36.5569190979004 35.570987701416 35.7839012145996 36.0258560180664 36.4538459777832 36.8049278259277 36.275260925293 36.323486328125 35.6695938110352 34.9231414794922 35.1277198791504 35.2766494750977 36.0899658203125 37.1801452636719 38.2644233703613 38.2246246337891 36.3055877685547
39.7788696289062 40.0291213989258 39.8581504821777 39.8058700561523 39.6621360778809 39.3904342651367 38.9942092895508 38.4656410217285 38.6715621948242 39.2579002380371 39.4347038269043 39.3852806091309 39.1568870544434 38.9925765991211 38.5907707214355 37.7326583862305 37.9661560058594 37.6932373046875 37.8564949035645 37.0341491699219 37.0242729187012 36.9047813415527 36.970531463623 37.5812072753906 38.244930267334 38.4528312683105 37.4445381164551 36.6585655212402 36.7133255004883 36.6346282958984 36.1869087219238 35.769832611084 35.440315246582 35.7778472900391 36.4413757324219 35.9829177856445 35.8056716918945 35.7608833312988 35.0536193847656 34.8073997497559 34.9646224975586 35.0387153625488 35.6986999511719 37.2243881225586 37.7380638122559 36.4056053161621
39.4528274536133 39.923526763916 40.0046081542969 39.8509368896484 39.6249771118164 39.4930686950684 39.2799949645996 38.7602157592773 38.3864440917969 39.1675834655762 39.4345207214355 38.9982032775879 38.1880989074707 38.2716331481934 38.3969841003418 38.3752288818359 38.4256858825684 38.2668075561523 38.0379409790039 37.6918601989746 37.3733291625977 36.8870544433594 37.1287574768066 37.9714088439941 38.480297088623 38.3740692138672 37.6028594970703 37.437068939209 36.9247016906738 36.532398223877 35.5906715393066 35.2997055053711 36.0948448181152 35.9815521240234 35.8187942504883 35.6360855102539 35.4708480834961 35.6808547973633 35.2692108154297 34.707088470459 34.7254447937012 34.3076972961426 34.9342918395996 35.7850952148438 36.0071830749512 35.5361061096191
39.076789855957 39.4491081237793 40.0193710327148 39.915584564209 39.7709922790527 39.6807746887207 39.4787940979004 39.0634803771973 39.0495338439941 39.3165435791016 39.479377746582 39.0684394836426 38.6961097717285 37.8589859008789 38.0524864196777 38.3909606933594 38.5472602844238 38.7770614624023 38.2758255004883 38.0579566955566 37.6085472106934 37.2906188964844 37.335563659668 37.9563369750977 38.4527854919434 38.355827331543 37.5915946960449 36.8831062316895 36.1216773986816 36.111644744873 35.8319129943848 35.7873573303223 36.4202041625977 36.2205924987793 35.5417289733887 35.3433647155762 35.6948051452637 35.4731636047363 35.1815528869629 34.7627944946289 34.7966270446777 34.600902557373 34.3372383117676 34.8716163635254 35.1861000061035 35.4093246459961
38.8799591064453 38.9724769592285 39.9780426025391 39.9807395935059 39.8897514343262 39.7551460266113 39.5768737792969 39.204761505127 39.2529983520508 39.5833778381348 39.5278511047363 39.3232383728027 38.9155426025391 38.3588676452637 38.2487640380859 38.6055450439453 38.9701766967773 38.9667015075684 38.6804046630859 38.1640853881836 37.5916213989258 37.324390411377 37.4372749328613 37.6118049621582 37.8713493347168 38.2627105712891 37.1942977905273 36.5869827270508 36.11962890625 36.2914123535156 36.3333015441895 36.2671203613281 36.571403503418 36.164924621582 35.9687881469727 35.8941078186035 35.5711059570312 35.1235084533691 35.508171081543 35.6715469360352 35.3383178710938 34.9994697570801 34.6026916503906 34.9284629821777 35.3142700195312 35.6019744873047
39.0684051513672 39.6568183898926 39.9692573547363 39.9293212890625 39.9455718994141 39.8434371948242 39.7011642456055 39.2843284606934 39.3871040344238 39.736759185791 39.5215148925781 39.4572257995605 39.2217979431152 39.3082427978516 39.2043495178223 39.1886444091797 39.2134704589844 39.1318588256836 38.887134552002 38.302188873291 37.9995994567871 38.2036895751953 38.5104751586914 38.7807884216309 38.6250801086426 38.1586647033691 37.944995880127 37.4077644348145 37.0710716247559 36.9225578308105 36.9611930847168 36.8017654418945 36.7201919555664 36.2793769836426 35.8485069274902 35.5019950866699 35.095043182373 35.9171409606934 36.123218536377 36.0736351013184 35.0623168945312 35.0052261352539 34.6364631652832 34.4264984130859 35.393798828125 35.8038444519043
39.5707626342773 39.8231773376465 39.9012794494629 39.8157730102539 39.8368797302246 39.8949356079102 39.8441963195801 39.7152824401855 39.4889640808105 39.6473541259766 39.6186790466309 39.5534591674805 39.4160118103027 39.3076553344727 39.1938209533691 39.1131362915039 39.2873153686523 39.1977920532227 39.0452880859375 38.9262580871582 38.8190956115723 38.793399810791 38.5726852416992 38.7136268615723 38.2252578735352 37.1952667236328 37.1481323242188 36.828182220459 36.3995971679688 36.9761009216309 37.187572479248 37.1658515930176 36.5706748962402 36.3336906433105 36.2346534729004 36.1827964782715 36.1633377075195 35.9212646484375 36.3777847290039 36.6232719421387 36.2283973693848 35.8866844177246 35.4025039672852 34.9882965087891 35.7697525024414 36.1316070556641
38.7209129333496 39.3609008789062 39.8566818237305 39.7850799560547 39.6523818969727 39.7680206298828 39.7351188659668 39.5533561706543 39.0864753723145 39.1470794677734 39.5274810791016 39.3271484375 38.7392692565918 38.9385375976562 39.1535339355469 38.5369873046875 39.0436935424805 39.2591018676758 39.2091979980469 39.1601600646973 39.1047172546387 38.6676330566406 37.952808380127 38.408332824707 38.2258377075195 37.9295120239258 37.8595428466797 37.492317199707 37.1674041748047 37.4012184143066 37.3637046813965 37.1106910705566 36.7678298950195 36.9391937255859 36.9008636474609 36.1922302246094 36.6039352416992 35.9659767150879 36.1974678039551 36.7859230041504 36.7788848876953 36.5342254638672 35.9680633544922 35.3461685180664 35.8064079284668 36.3764610290527
38.0499610900879 38.8495254516602 39.7143974304199 39.8641586303711 39.7954521179199 39.7730140686035 39.6737976074219 39.5561370849609 39.3198547363281 38.7450714111328 38.3117141723633 39.1558570861816 38.2215156555176 37.9744720458984 38.878002166748 38.4813117980957 38.4742965698242 39.0139961242676 39.0536804199219 39.0626487731934 39.0812950134277 39.0695266723633 38.9241561889648 38.6701583862305 38.2075080871582 37.7840690612793 37.8178176879883 37.7662582397461 37.7134094238281 37.5184898376465 37.3388633728027 37.0062103271484 36.7911491394043 37.339973449707 37.2158966064453 36.9457015991211 36.9628639221191 36.5194931030273 36.2531585693359 36.7441139221191 36.9758453369141 36.4098625183105 35.4710121154785 34.6505584716797 34.9726486206055 36.2358894348145
38.8425521850586 38.7100563049316 39.31298828125 39.5322723388672 39.7891960144043 39.76123046875 39.6457328796387 39.4983253479004 39.3334312438965 39.0155410766602 38.3289451599121 38.7875785827637 37.8345146179199 37.6390075683594 38.2054710388184 38.0805587768555 37.5592422485352 38.5519714355469 38.5555610656738 38.5438575744629 38.8408508300781 39.034122467041 38.93505859375 38.4715461730957 37.5806350708008 37.1450004577637 36.8530426025391 37.0949974060059 37.525993347168 37.0608596801758 36.8926773071289 36.3335113525391 36.8472175598145 37.6128196716309 37.4220123291016 37.2216644287109 37.2972679138184 36.8647270202637 36.5882682800293 36.7876815795898 37.0192642211914 36.1072540283203 35.3773078918457 35.5988616943359 35.8488502502441 36.2737007141113
38.9657974243164 39.3606033325195 39.4604454040527 39.4841041564941 39.6492042541504 39.7194061279297 39.6666984558105 39.5817565917969 39.4174652099609 38.9154510498047 38.4816741943359 38.1898345947266 37.8766593933105 37.597297668457 37.9771461486816 37.8617782592773 37.8744583129883 37.7339630126953 37.5368537902832 37.515007019043 38.572135925293 38.8900833129883 38.8777961730957 38.771312713623 38.1311531066895 37.1426963806152 36.1160125732422 36.7129783630371 37.2924270629883 36.5931510925293 36.8600273132324 37.2781791687012 37.5870094299316 37.9000434875488 37.8180503845215 37.6146011352539 37.1149940490723 36.4857597351074 36.8063888549805 37.0073280334473 37.374267578125 37.0164909362793 36.8745918273926 36.8691520690918 36.8348770141602 36.339427947998
39.2054557800293 39.2062797546387 39.0530662536621 39.1773948669434 39.6863136291504 39.5793762207031 39.6127777099609 39.6036567687988 39.5107879638672 39.1320762634277 38.1139373779297 38.1742782592773 37.8435897827148 37.0040969848633 37.5401878356934 37.3618469238281 37.2324485778809 36.720100402832 37.3247413635254 37.588306427002 38.5677871704102 38.6151428222656 38.7754554748535 38.8988456726074 37.9793815612793 37.1295280456543 36.2876319885254 36.8481559753418 37.2822380065918 36.9175453186035 37.2646446228027 37.6760559082031 38.1032333374023 38.1227798461914 37.6621894836426 37.3945770263672 37.0527153015137 36.8525924682617 37.3390579223633 37.4485244750977 37.5082130432129 37.4419784545898 37.3305778503418 36.6672439575195 36.0601921081543 36.0273857116699
39.3564872741699 39.3600959777832 39.3507766723633 39.2047271728516 39.6930465698242 39.7003517150879 39.6518363952637 39.5997619628906 39.5346183776855 39.4344253540039 39.0865783691406 38.3722991943359 37.7466621398926 36.8669204711914 37.0945167541504 37.0593338012695 36.7353973388672 36.9399909973145 37.1148719787598 37.8549919128418 38.5886650085449 38.155445098877 38.9244079589844 38.7700614929199 38.1427040100098 37.8936996459961 37.0836601257324 37.1548347473145 37.395809173584 37.2621688842773 37.7815818786621 37.7700958251953 38.2569923400879 38.1946449279785 38.0483360290527 37.7999725341797 37.0041198730469 37.1211357116699 37.4201393127441 37.4312210083008 37.4847412109375 37.3555488586426 37.296329498291 36.7638053894043 36.704231262207 36.6062240600586
