inst/extdata/Tmax/Tmax154.asc
NCOLS 100 
NROWS 79 
XLLCORNER 148.06 
YLLCORNER -21.49 
CELLSIZE 0.01 
NODATA_value -3.4e+38 
[rows 40 to 59 of 79, columns 0 to 45 of 100]
42.330966949462898 41.9935989379883 42.026309967041 42.0543785095215 41.8952751159668 42.0217628479004 41.9652442932129 41.7080993652344 41.1147537231445 41.6306419372559 42.38623046875 42.7675857543945 42.7963104248047 42.8419303894043 42.9038619995117 42.6400146484375 42.3126106262207 41.8785018920898 41.1642189025879 41.745532989502 41.7181358337402 41.5842437744141 41.493221282959 40.9972190856934 39.8869705200195 39.0748100280762 38.8279571533203 38.9339447021484 39.0660552978516 38.2670211791992 37.4541168212891 37.9866218566895 39.5283737182617 39.1865615844727 38.8601531982422 39.2455215454102 39.1362953186035 38.7332305908203 38.4542045593262 37.8948936462402 37.8327140808105 36.7730598449707 36.0563888549805 36.0400199890137 35.7142181396484 35.507625579834
42.5195960998535 42.0361824035645 41.8775901794434 41.9954261779785 41.8591995239258 41.9485130310059 41.959114074707 41.8170700073242 41.4994277954102 41.6382598876953 42.0377578735352 42.4599189758301 42.7191390991211 42.9018516540527 42.9384651184082 42.7472686767578 42.3826103210449 41.7665214538574 41.3464164733887 41.5071907043457 41.5192070007324 41.2341156005859 41.4338111877441 41.0822486877441 40.2613296508789 39.6374931335449 38.8727416992188 38.7634658813477 39.0125198364258 38.4632339477539 37.9255294799805 38.7094078063965 39.5234184265137 38.5971717834473 37.6959037780762 38.6199722290039 38.6737976074219 38.9148750305176 38.8561973571777 38.5630264282227 38.4058303833008 37.5232276916504 35.7985610961914 35.640552520752 35.723030090332 35.6645011901855
42.3556175231934 42.2934379577637 42.0248107910156 41.8665924072266 41.9316787719727 41.9478454589844 41.9225616455078 41.8643608093262 41.8106536865234 41.7402992248535 41.7886276245117 42.3670043945312 42.7344627380371 42.8899612426758 42.8911666870117 42.8199806213379 42.5449905395508 42.146068572998 41.8576965332031 41.7841491699219 41.6651268005371 40.8813705444336 40.7809219360352 41.0353393554688 41.0514297485352 40.5049247741699 39.4414215087891 39.0250625610352 38.9166564941406 38.6279754638672 37.5019073486328 38.8319778442383 38.8866653442383 37.5517997741699 36.527660369873 37.6427688598633 37.6442756652832 38.4262733459473 38.6132850646973 38.2369194030762 37.9426002502441 38.0001106262207 37.2607955932617 36.9828948974609 37.479866027832 38.656063079834
41.9306182861328 42.0501976013184 42.0247917175293 42.008373260498 42.0339202880859 42.0137023925781 41.9738388061523 41.8989715576172 41.9543113708496 41.9057197570801 41.9039535522461 42.3975524902344 42.6782455444336 42.8463745117188 42.8561668395996 42.8594779968262 42.7306022644043 42.4611434936523 42.1120910644531 42.1418266296387 41.9168701171875 41.6049880981445 40.7725410461426 40.3290710449219 41.1240196228027 40.8535766601562 40.3569717407227 39.7599830627441 39.3363189697266 39.1083908081055 38.1134185791016 38.0092964172363 38.8586540222168 38.2273063659668 37.4222717285156 36.8392219543457 36.9500122070312 37.245361328125 37.5146980285645 37.213451385498 36.6411476135254 37.5242691040039 36.9762916564941 38.1123847961426 40.178050994873 40.8565063476562
41.5723648071289 41.8069229125977 41.7735023498535 41.7642440795898 41.981143951416 42.1092338562012 42.1451454162598 42.0653800964355 42.1268119812012 42.1699714660645 42.3598709106445 42.5221900939941 42.6612968444824 42.7664909362793 42.8235206604004 42.8704528808594 42.8262596130371 42.6402397155762 42.438777923584 42.3650016784668 42.1934089660645 42.0185012817383 41.642650604248 41.3715705871582 41.1426239013672 40.5720138549805 40.8717994689941 40.7101707458496 40.3059043884277 39.4620628356934 38.7027969360352 38.6932334899902 39.066520690918 39.2515716552734 38.8787002563477 37.4342041015625 35.7913856506348 35.7379379272461 35.8608436584473 36.2671279907227 36.1062812805176 36.7841148376465 36.1891212463379 37.2011566162109 39.3061256408691 40.8893699645996
41.5989952087402 41.6818618774414 41.4819030761719 41.3358879089355 41.5801162719727 41.8413543701172 42.1281585693359 42.2611083984375 42.3298263549805 42.4279251098633 42.4976463317871 42.4047203063965 42.1224937438965 42.5553550720215 42.8099136352539 42.851203918457 42.8439025878906 42.7496795654297 42.6256217956543 42.5318908691406 42.4067764282227 42.2749633789062 42.1908569335938 41.4485282897949 41.014217376709 40.9057197570801 40.9987297058105 40.7806701660156 40.5376892089844 39.9033050537109 38.3705635070801 38.622386932373 38.9836273193359 39.0459861755371 39.1494216918945 38.0439567565918 36.4508972167969 36.1430244445801 36.1741714477539 36.7039909362793 35.9602584838867 36.404354095459 36.8811340332031 37.2454147338867 38.2885818481445 39.6507987976074
41.426700592041 41.3958168029785 41.398567199707 41.2976722717285 41.1655693054199 41.2280502319336 41.8474349975586 41.9897575378418 42.1264610290527 42.1364784240723 42.3871231079102 42.5117340087891 42.199535369873 42.4933052062988 42.7468566894531 42.8233604431152 42.8258666992188 42.7325134277344 42.6672477722168 42.6013641357422 42.4944915771484 42.4077987670898 42.2694778442383 41.6890716552734 40.6860618591309 40.8023567199707 41.0056304931641 40.7206382751465 40.6420707702637 40.4478721618652 39.4700698852539 39.0751914978027 38.6277198791504 38.9290771484375 39.0786514282227 38.4925079345703 37.1983833312988 37.5322189331055 36.8680038452148 37.7155952453613 37.0199584960938 37.2091674804688 37.3401870727539 37.456958770752 37.434497833252 37.1923561096191
41.9742279052734 41.180778503418 41.0735969543457 40.9986763000488 40.9572639465332 41.1040916442871 41.4997901916504 41.4338798522949 41.730583190918 41.7790451049805 41.8652267456055 41.9467468261719 42.1584663391113 42.481517791748 42.6907844543457 42.8134880065918 42.7944030761719 42.6390342712402 42.4091949462891 42.2764549255371 42.4146766662598 42.1924476623535 42.1945419311523 42.0977058410645 41.5379486083984 41.4025955200195 41.4137077331543 41.1596565246582 40.9400825500488 40.6558685302734 39.8135643005371 39.371639251709 38.4927711486816 38.9558944702148 38.992546081543 38.6964492797852 38.1708717346191 38.4292869567871 38.0926818847656 38.3712730407715 38.0390167236328 37.7860641479492 37.5976638793945 37.401554107666 36.9730949401855 36.6749572753906
42.8101539611816 41.8413391113281 40.8942794799805 40.6997146606445 40.8547515869141 41.0777587890625 41.0008277893066 40.9902191162109 41.3982315063477 41.750732421875 41.8268814086914 41.8086128234863 42.0750694274902 42.4286651611328 42.6995391845703 42.763069152832 42.7661209106445 42.6673164367676 42.449275970459 42.1649360656738 42.2304039001465 42.1606941223145 42.047176361084 42.1813278198242 42.0325927734375 41.8858680725098 41.5402488708496 41.2864151000977 41.1606140136719 40.7923698425293 40.3043327331543 39.7439765930176 38.6798400878906 38.8522872924805 38.8006706237793 38.8573303222656 38.7370758056641 38.6875915527344 38.532787322998 38.2954711914062 37.3124961853027 37.1043586730957 37.3327255249023 37.0058670043945 36.8286743164062 36.3928833007812
43.1201477050781 42.5161514282227 41.4737243652344 40.7468338012695 40.7216949462891 40.7009353637695 40.7422180175781 41.1629867553711 41.4453926086426 41.3066101074219 42.0502815246582 42.3288345336914 42.4438362121582 42.5489234924316 42.649528503418 42.7325553894043 42.7339324951172 42.6557502746582 42.5157012939453 42.3293228149414 42.1857681274414 42.096866607666 41.8573837280273 41.8855438232422 42.0625953674316 42.0229568481445 41.7514343261719 41.0919418334961 40.4772148132324 40.7782669067383 40.3990249633789 40.0248222351074 39.0318756103516 38.6535339355469 38.3820495605469 38.7341690063477 38.8270606994629 38.6897163391113 38.6213874816895 38.2292633056641 37.3740234375 36.8856658935547 37.0927124023438 36.6295204162598 36.5083885192871 36.383472442627
43.104850769043 42.8993606567383 42.3428649902344 41.5661087036133 40.8906097412109 40.5031967163086 40.7106018066406 41.0976791381836 41.1427574157715 41.504695892334 42.1954498291016 42.4753494262695 42.6110305786133 42.7171592712402 42.7236061096191 42.73583984375 42.5898857116699 42.5861396789551 42.5745658874512 42.4616661071777 42.309497833252 42.1132011413574 41.8591957092285 41.7417144775391 41.8500709533691 41.8774566650391 41.9154434204102 41.6239242553711 41.2685737609863 41.0735969543457 40.4008865356445 40.2001342773438 39.1712074279785 38.6573066711426 37.8905029296875 38.4496078491211 38.6041603088379 38.5769653320312 38.6195907592773 38.3788681030273 37.732494354248 37.5216369628906 37.3850402832031 37.1092185974121 36.6995887756348 36.4696426391602
43.0582046508789 43.0206069946289 42.7055206298828 41.8836288452148 41.1504211425781 40.7882537841797 40.7414779663086 40.8374633789062 40.5215377807617 40.7052192687988 41.7481880187988 42.235466003418 42.4349517822266 42.6629447937012 42.7476272583008 42.6852569580078 42.5830230712891 42.5640029907227 42.503719329834 42.4705390930176 42.337329864502 42.2048187255859 42.0607261657715 41.7969551086426 41.6375999450684 41.5440864562988 41.4897003173828 41.6068344116211 41.3199348449707 41.4374198913574 41.4416732788086 40.4976119995117 39.7636528015137 39.2043190002441 38.5876655578613 38.7279815673828 38.6709442138672 38.4413948059082 38.5924682617188 38.4547119140625 37.8393745422363 37.6367454528809 37.4809951782227 37.2400245666504 36.626522064209 36.3792991638184
42.8419456481934 42.9367828369141 42.7560043334961 41.5607604980469 40.557861328125 40.5160675048828 40.6527786254883 40.4739112854004 40.1464500427246 40.3059272766113 41.6603355407715 42.2311210632324 42.4767532348633 42.6810874938965 42.6770095825195 42.6015777587891 42.5789985656738 42.4913558959961 42.4230842590332 42.3972969055176 42.3886108398438 42.3144111633301 42.1044883728027 41.8448181152344 41.5614700317383 41.3511428833008 41.3103065490723 41.2356262207031 41.206859588623 41.0620994567871 41.264949798584 41.1044235229492 40.4143180847168 39.6594200134277 39.1122779846191 39.4957008361816 39.4253845214844 38.8346824645996 38.5789566040039 38.6402282714844 38.4244918823242 38.1039657592773 37.7094459533691 37.3923187255859 36.9642868041992 36.4777336120605
42.5835952758789 42.669807434082 42.7952156066895 42.2643165588379 41.0240592956543 40.5871238708496 41.0326805114746 40.402099609375 40.1983604431152 40.2934112548828 41.5993919372559 42.3294677734375 42.5693511962891 42.6627349853516 42.5621109008789 42.4326324462891 42.4176902770996 42.4300270080566 42.3724403381348 42.2282257080078 42.2658042907715 42.332145690918 42.1437911987305 41.9431419372559 41.6916122436523 41.4796867370605 41.0551338195801 40.8090362548828 40.3702545166016 40.7607879638672 40.542552947998 41.1767311096191 41.2062644958496 40.7777976989746 40.174690246582 40.1908264160156 39.7442359924316 39.3030662536621 38.9136810302734 39.3384819030762 38.8208198547363 38.4851913452148 38.2757835388184 38.0876998901367 37.7344856262207 37.5342979431152
42.4270133972168 42.391414642334 42.6072959899902 42.6131858825684 42.0703163146973 41.7714767456055 41.7055244445801 41.2623977661133 41.0010604858398 41.0041160583496 41.2258949279785 41.7140884399414 42.472053527832 42.6112518310547 42.4521636962891 42.3332366943359 42.315055847168 42.3564529418945 42.2924308776855 42.1972999572754 42.2029724121094 42.3125839233398 42.234733581543 42.0051612854004 41.8561363220215 41.6184349060059 41.2235641479492 40.9468421936035 40.4357032775879 40.6864280700684 39.9188499450684 40.4145774841309 40.6650886535645 40.6680526733398 40.7866363525391 40.6208877563477 40.2551383972168 40.0632400512695 39.5132217407227 38.9027137756348 38.7939834594727 38.8385925292969 38.5330581665039 38.2785148620605 38.2494964599609 38.0545768737793
42.5287246704102 42.5205497741699 42.5747947692871 42.6026725769043 42.4524078369141 41.7182121276855 41.7312202453613 41.7966613769531 41.5233345031738 41.460376739502 41.7488403320312 42.1743698120117 42.5349197387695 42.5991668701172 42.4669189453125 42.2375411987305 42.2929077148438 42.2711372375488 42.0245628356934 41.9838638305664 42.118709564209 42.198070526123 42.2364158630371 42.103458404541 41.9440803527832 41.7480049133301 41.5076942443848 41.1864471435547 40.9702606201172 40.7641639709473 40.2466773986816 39.8122787475586 39.950267791748 39.8860168457031 40.3846321105957 40.0148963928223 40.3158683776855 40.0168151855469 39.5759353637695 39.0691719055176 38.7735748291016 38.5074577331543 37.9207038879395 37.2042198181152 37.865966796875 38.0667152404785
42.6544342041016 42.6254806518555 42.5850639343262 42.5582542419434 42.3695831298828 41.4179382324219 41.1702461242676 41.6794395446777 41.5349082946777 41.1420745849609 41.4768486022949 42.2562103271484 42.5455474853516 42.5628204345703 42.446647644043 42.215950012207 42.1993446350098 41.9492149353027 41.6384544372559 41.7844047546387 42.1062049865723 42.1082153320312 42.1782035827637 42.1465644836426 41.9367752075195 41.8428153991699 41.6248588562012 41.2783050537109 41.1556358337402 40.8724136352539 40.373836517334 39.5737228393555 39.1988105773926 39.347053527832 39.863037109375 40.0034484863281 39.5587921142578 39.1300582885742 39.3389091491699 39.2357559204102 38.8146209716797 38.5282707214355 37.8826103210449 36.8951988220215 37.4078254699707 37.8239288330078
42.7112503051758 42.6630706787109 42.6014366149902 42.5527648925781 42.4951934814453 42.0834465026855 41.549690246582 41.2479019165039 41.2434349060059 40.9760475158691 41.5350036621094 42.2638549804688 42.5141143798828 42.5088577270508 42.3939208984375 42.1672134399414 41.9716644287109 41.7253036499023 41.5773239135742 41.8694076538086 41.9957427978516 42.0628242492676 42.001708984375 42.0934715270996 42.0048141479492 41.8816413879395 41.6786231994629 41.3532104492188 41.1934471130371 40.945125579834 40.4458885192871 40.1999893188477 39.6457023620605 39.4030494689941 39.3178291320801 39.4714126586914 39.7717590332031 39.5740776062012 39.1312637329102 38.8725814819336 38.6135292053223 38.3699226379395 38.0583229064941 37.6639442443848 36.8864936828613 37.2120819091797
42.7420501708984 42.6762275695801 42.6130294799805 42.5874099731445 42.4902534484863 42.2307586669922 41.898983001709 41.2012252807617 41.0603866577148 41.2707939147949 41.8038177490234 42.2881202697754 42.4499320983887 42.4250869750977 42.2599868774414 42.0540504455566 41.7087135314941 41.6035270690918 41.7142295837402 41.7311019897461 41.8792152404785 41.8087387084961 41.5854949951172 41.8519248962402 42.0315856933594 41.8748359680176 41.6209182739258 41.4314994812012 41.2576713562012 41.1143798828125 40.8710021972656 40.6081161499023 40.2281265258789 40.1422920227051 39.741283416748 39.3233184814453 39.4326858520508 39.4975090026855 39.2066535949707 39.0082817077637 38.8227157592773 38.5369110107422 37.802490234375 37.3296813964844 37.4613723754883 37.4638214111328
42.7493896484375 42.7545166015625 42.6839561462402 42.6300201416016 42.4882164001465 42.3491134643555 42.2260398864746 41.7941017150879 41.2323570251465 41.333854675293 41.5133857727051 41.8629684448242 42.1775283813477 42.2156562805176 42.1314849853516 41.9560966491699 41.7146987915039 41.5540466308594 41.4103012084961 41.4446411132812 41.6967239379883 41.6995429992676 41.4057998657227 41.8381538391113 42.0528602600098 41.9083480834961 41.7186546325684 41.5280723571777 41.419750213623 41.2688522338867 41.1103401184082 40.852970123291 40.4610786437988 40.6750335693359 40.5015525817871 40.047721862793 39.516414642334 39.3642539978027 39.4823379516602 39.9346656799316 39.0470237731934 38.7214965820312 38.2318496704102 37.4083099365234 37.3058624267578 37.1433486938477
