inst/extdata/Tmax/Tmax116.asc
NCOLS 100 
NROWS 79 
XLLCORNER 148.06 
YLLCORNER -21.49 
CELLSIZE 0.01 
NODATA_value -3.4e+38 
[rows 20 to 39 of 79, columns 0 to 45 of 100]
43.007476806640597 43.0163688659668 43.0061264038086 42.9597969055176 42.9653778076172 43.0671501159668 42.9629974365234 42.8794555664062 42.8016967773438 42.695915222168 42.5028457641602 42.0684242248535 41.5865936279297 40.8857231140137 39.4330673217773 38.9732971191406 38.8895111083984 39.9871025085449 41.1424293518066 41.6204109191895 41.6486320495605 41.6630249023438 42.0318031311035 42.0685119628906 41.9159202575684 41.620231628418 40.9584274291992 39.9685707092285 40.5630340576172 40.6421852111816 41.3038864135742 41.3149223327637 41.4725570678711 41.4414939880371 41.4033012390137 41.1468353271484 40.7189178466797 40.7265892028809 40.2229080200195 40.504020690918 40.2709426879883 39.4691772460938 39.7288208007812 39.7888221740723 39.924617767334 39.9609451293945
43.0923767089844 43.1254920959473 43.1275749206543 43.0801734924316 43.0732841491699 43.0599365234375 42.9018478393555 42.8132858276367 42.7782592773438 42.702033996582 42.5655746459961 42.365421295166 42.1173324584961 41.1147117614746 39.4707679748535 39.1277236938477 39.3873329162598 40.3103370666504 40.8742713928223 41.2927017211914 41.4392433166504 41.3452301025391 41.9241600036621 42.0789680480957 41.8824043273926 41.9069976806641 41.8647766113281 41.0606498718262 40.8991966247559 41.4683265686035 41.6021881103516 41.4827423095703 41.1343803405762 40.4861335754395 40.5121192932129 40.4925918579102 40.9773826599121 40.219554901123 39.789493560791 40.1353721618652 39.7167434692383 39.7962608337402 39.5046272277832 38.5102729797363 38.8704452514648 39.6188812255859
43.1575241088867 43.1769905090332 43.1762390136719 43.1501655578613 43.1215629577637 43.0754089355469 42.8765716552734 42.7420272827148 42.6772155761719 42.63427734375 42.5068511962891 42.4125289916992 42.2233810424805 41.5765419006348 40.3721504211426 39.4625396728516 38.7439346313477 39.310474395752 39.9538345336914 40.8535575866699 40.9867897033691 41.11962890625 41.826530456543 41.6062088012695 41.1679382324219 41.5728797912598 41.640380859375 41.7406997680664 41.4445037841797 41.4933395385742 41.214168548584 41.0068054199219 40.3942718505859 40.0369529724121 39.7884063720703 40.0316848754883 39.9515800476074 39.3416137695312 39.3148307800293 39.2302589416504 38.8945617675781 38.0514640808105 38.9293327331543 38.6139984130859 37.5312232971191 39.1039276123047
43.1778755187988 43.1812629699707 43.1906929016113 43.1713829040527 43.1205749511719 43.0996513366699 43.0022811889648 42.6972389221191 42.5790596008301 42.5887260437012 42.3950881958008 42.1800804138184 42.2740211486816 41.8844604492188 41.0450172424316 40.1946144104004 39.2738304138184 38.963493347168 39.6443672180176 40.0021018981934 40.6114158630371 41.7013092041016 41.4418907165527 40.7873954772949 40.9585456848145 41.1271858215332 40.7810134887695 41.8227958679199 41.8558731079102 41.7140083312988 41.4756851196289 40.284049987793 39.9286727905273 40.1572189331055 40.531120300293 40.0335311889648 39.0181007385254 38.4238662719727 39.229907989502 38.673282623291 37.8778381347656 36.2941741943359 37.2230072021484 38.5402374267578 36.5503196716309 38.0241241455078
43.1374168395996 43.1685562133789 43.1911735534668 43.1480903625488 43.098503112793 43.0885696411133 43.0651397705078 42.8788757324219 42.6909637451172 42.5070724487305 42.3908004760742 42.3277854919434 42.1385307312012 41.7898483276367 40.9786605834961 40.2288627624512 39.3976707458496 39.0054473876953 39.2405166625977 39.2504653930664 40.5923843383789 41.5019264221191 40.3071708679199 39.7204322814941 40.6289939880371 40.613582611084 40.8063850402832 41.6252059936523 41.8923759460449 41.491325378418 41.4380035400391 41.1822891235352 41.1582565307617 41.226692199707 40.8795623779297 40.5514755249023 40.1048431396484 38.884204864502 38.6429862976074 38.363094329834 36.4646415710449 35.8126754760742 36.3174209594727 38.3598861694336 36.1831665039062 36.5946464538574
43.1053619384766 43.0988311767578 43.102294921875 43.066291809082 43.0657806396484 43.0625991821289 43.064769744873 43.0093040466309 42.8474044799805 42.5920486450195 42.3843154907227 42.2213401794434 42.060173034668 41.5866851806641 41.1132888793945 40.5167770385742 39.8315238952637 39.471996307373 39.9831619262695 40.7666320800781 40.7621994018555 40.6565628051758 40.1317253112793 38.730884552002 39.3099784851074 40.1768569946289 40.3338317871094 41.6898307800293 41.8950462341309 41.5160140991211 40.5731391906738 41.2338180541992 41.0958786010742 40.9655685424805 40.6767807006836 40.3357849121094 40.1978607177734 38.5752487182617 37.1620101928711 37.6199264526367 36.0306625366211 36.9466323852539 37.3537521362305 38.3814926147461 37.2587280273438 36.0683288574219
43.0065841674805 43.0077247619629 43.0079002380371 43.0082015991211 42.992862701416 42.9830894470215 43.0492553710938 43.0402183532715 42.8935966491699 42.4606704711914 42.3411483764648 42.0433540344238 42.0374794006348 41.648365020752 40.846549987793 39.6830902099609 39.2564010620117 39.4890289306641 40.0251541137695 39.9342613220215 40.1545448303223 41.138313293457 40.9905319213867 39.3307151794434 38.8891105651855 39.9359474182129 40.8089256286621 41.7788238525391 41.8740463256836 41.6480751037598 40.7503395080566 40.3274459838867 41.1846160888672 40.6096878051758 40.134147644043 39.2281188964844 38.9105758666992 39.0436363220215 37.87353515625 36.4330673217773 35.9896430969238 36.3329849243164 36.2374114990234 37.4098892211914 36.366569519043 35.6480102539062
42.8622169494629 42.8578987121582 42.8845024108887 42.9246292114258 42.9372406005859 42.985652923584 43.0559539794922 43.0406684875488 42.9577865600586 42.7532424926758 42.4965744018555 42.2012176513672 42.0820732116699 41.8839302062988 40.8979415893555 39.6552658081055 39.2889671325684 39.2537040710449 39.4093055725098 39.3960838317871 40.6679420471191 41.3696556091309 40.7901878356934 39.8505554199219 39.2294273376465 39.4996948242188 39.6252899169922 41.37060546875 41.7581634521484 41.6387138366699 40.7816352844238 40.6851806640625 41.0125350952148 40.2084274291992 39.449836730957 38.8245391845703 37.805347442627 38.612133026123 38.4369773864746 36.4072952270508 35.9201850891113 36.1227874755859 36.0403594970703 36.7133636474609 36.0552558898926 35.7226409912109
42.3652648925781 42.2941360473633 42.5709648132324 42.8806037902832 43.0045471191406 43.0760726928711 43.0883979797363 43.0643196105957 42.9234962463379 42.8017463684082 42.6222114562988 42.0462760925293 42.1575546264648 42.0093536376953 41.466194152832 40.151252746582 39.3425559997559 38.7950172424316 39.1562232971191 40.1504821777344 40.7240943908691 41.1213722229004 40.175910949707 39.3808746337891 39.1861915588379 39.3611183166504 39.8348770141602 40.8513565063477 41.6867370605469 41.7615509033203 41.2120056152344 40.9218597412109 40.4565773010254 39.3266410827637 38.0342216491699 37.571907043457 37.2078399658203 37.4461708068848 37.6287384033203 37.1873779296875 36.6023941040039 36.7357635498047 36.4415855407715 36.2009963989258 36.2195510864258 36.150333404541
41.4276466369629 42.3262062072754 42.6668586730957 42.3828620910645 42.9490966796875 43.0900268554688 43.0928039550781 43.0675964355469 42.848690032959 42.6856498718262 42.664867401123 42.379451751709 42.137882232666 42.0080528259277 41.7475433349609 41.2010536193848 40.5856971740723 39.0860862731934 39.4550170898438 39.5550155639648 39.7372589111328 40.7853202819824 40.3252220153809 39.4345169067383 39.2149200439453 38.9905281066895 38.9482574462891 40.8109436035156 41.7370223999023 41.8279876708984 40.950569152832 39.8741188049316 39.5371322631836 39.152458190918 38.8623580932617 37.7367362976074 37.6611289978027 37.2057304382324 36.7447052001953 37.0404434204102 39.0762176513672 39.1563301086426 37.9033088684082 36.2885513305664 37.4784698486328 37.6066551208496
41.7508811950684 42.6554489135742 42.6789703369141 42.1084136962891 42.9077377319336 43.0831336975098 43.1110877990723 43.0810394287109 43.0099868774414 42.7663688659668 42.6447410583496 42.5741157531738 42.3981590270996 42.1892471313477 41.8867797851562 41.267692565918 40.3551292419434 39.8781623840332 39.3798484802246 39.6754684448242 39.7724151611328 40.2647094726562 39.5958709716797 39.4143562316895 39.0841102600098 38.3850364685059 38.6941528320312 40.6989974975586 41.6289291381836 41.686882019043 41.6784973144531 41.4922866821289 40.2765960693359 39.2265129089355 39.1588249206543 38.6235885620117 38.7765197753906 38.5686531066895 38.0994415283203 38.656909942627 40.3203659057617 40.3740653991699 39.915843963623 39.2865219116211 39.159122467041 38.5011672973633
42.5590934753418 42.8130645751953 42.8738136291504 42.8609352111816 42.9368515014648 43.075569152832 43.0847625732422 43.0679016113281 43.0089912414551 42.9233818054199 42.7318916320801 42.6701316833496 42.5788459777832 42.3735237121582 42.1002807617188 41.5891304016113 40.6577072143555 40.208854675293 39.4420356750488 39.3293380737305 39.4170341491699 39.9088897705078 39.5014724731445 39.2225532531738 39.1614875793457 39.2031211853027 40.090446472168 41.285270690918 41.7026214599609 41.1594848632812 41.0755386352539 41.0850296020508 41.3219757080078 40.7824363708496 40.4889869689941 39.6472206115723 40.7897796630859 40.631217956543 40.6054039001465 40.6278457641602 40.3808860778809 39.3689842224121 38.3173332214355 37.9556884765625 37.8086013793945 36.977653503418
42.2656517028809 42.9898567199707 43.0446701049805 43.0476875305176 43.0310363769531 43.0272369384766 42.9788360595703 43.0132293701172 42.9933967590332 42.962459564209 42.9193267822266 42.7885704040527 42.6083221435547 42.4503135681152 42.2581939697266 42.003719329834 41.483226776123 40.7689361572266 39.9544410705566 39.18115234375 39.2211303710938 39.7229499816895 39.5952568054199 39.2921524047852 39.1419792175293 39.3272094726562 40.8989639282227 41.6876754760742 41.7710494995117 41.5899810791016 41.061279296875 40.3959197998047 41.1707649230957 41.2973709106445 41.3474082946777 40.780933380127 41.2243156433105 40.9093551635742 40.7706260681152 40.5953025817871 39.2766761779785 37.6770935058594 36.2524490356445 36.6479339599609 36.5566139221191 35.4437942504883
42.1358070373535 42.772590637207 42.5772590637207 42.4392509460449 42.5698585510254 42.9526405334473 42.9337158203125 42.9448509216309 42.9471702575684 42.9208793640137 42.8977432250977 42.8722381591797 42.765754699707 42.615348815918 42.4630432128906 42.2348403930664 41.7637214660645 41.3252792358398 41.0384330749512 40.355899810791 39.3203735351562 39.5801315307617 39.3406944274902 39.4298057556152 39.3031806945801 39.2814865112305 40.4419975280762 41.6685638427734 41.7652740478516 41.4290504455566 41.2895393371582 40.1189308166504 40.4496002197266 40.7355003356934 41.0698204040527 41.2108993530273 41.052001953125 40.8726806640625 40.4545593261719 40.5208129882812 40.1703338623047 38.7740097045898 37.8775863647461 38.5014266967773 38.0115280151367 36.7258377075195
42.4929580688477 42.7573165893555 42.3253288269043 41.6037368774414 41.7094764709473 42.7023620605469 42.8998413085938 42.8525657653809 42.8573379516602 42.8666343688965 42.794994354248 42.8449859619141 42.8050994873047 42.7004852294922 42.5538940429688 42.3635482788086 42.0264549255371 41.3188018798828 40.8839530944824 40.387077331543 39.6481399536133 39.5509262084961 39.3559341430664 39.1280822753906 39.0996131896973 39.5326080322266 40.7756118774414 41.6418609619141 41.1050109863281 40.8720169067383 40.9994659423828 40.6064376831055 40.2603492736816 39.9003715515137 39.6086120605469 40.1625709533691 39.9475250244141 40.3191452026367 40.2364311218262 40.0189437866211 39.7323036193848 40.0778503417969 39.8131637573242 39.4638366699219 38.7968292236328 38.263614654541
42.6320953369141 42.7060661315918 42.4974708557129 42.1574249267578 41.823413848877 42.4024696350098 42.701976776123 42.7154693603516 42.7533988952637 42.8150825500488 42.8157234191895 42.864128112793 42.8117980957031 42.7614669799805 42.6104125976562 42.3906784057617 42.1299743652344 41.912784576416 41.4902954101562 40.7861557006836 40.3721160888672 40.084587097168 39.5265159606934 38.8175354003906 39.0049705505371 39.2912101745605 40.8806495666504 41.4729118347168 39.401050567627 38.9541625976562 39.6811408996582 39.9246139526367 39.8823280334473 39.6476287841797 39.1095161437988 38.8279037475586 39.422191619873 39.2477607727051 39.2178192138672 39.1680221557617 38.8758888244629 38.5234756469727 38.8178062438965 39.3567962646484 38.6553344726562 37.3842697143555
42.4860801696777 42.4910087585449 42.5132942199707 42.2114601135254 41.902400970459 42.0946350097656 42.3073196411133 42.5059051513672 42.6124000549316 42.7473297119141 42.7400512695312 42.7381744384766 42.8433609008789 42.7825546264648 42.6667327880859 42.3870086669922 42.3592681884766 42.2109832763672 41.9524116516113 41.544605255127 41.3945083618164 40.5163078308105 39.860466003418 39.3426475524902 39.3472938537598 39.7864761352539 40.9253883361816 40.8288879394531 40.5099105834961 40.4006805419922 39.5457191467285 39.469913482666 39.2629508972168 39.107723236084 38.296630859375 37.8409576416016 38.0783805847168 38.0219764709473 38.2947273254395 38.0714874267578 38.0627822875977 37.0042495727539 37.822998046875 38.8002586364746 38.5355606079102 36.8762741088867
41.8914070129395 42.2191390991211 42.4382934570312 42.3167266845703 42.0929832458496 41.9435539245605 41.9079818725586 42.2986869812012 42.4094352722168 42.6055488586426 42.7080764770508 42.7080001831055 42.7855682373047 42.8160171508789 42.6361389160156 42.5366821289062 42.4514236450195 42.3433609008789 42.1812400817871 41.9718399047852 41.757396697998 40.9663696289062 39.6983489990234 39.8068161010742 39.0386505126953 39.7008094787598 40.7683296203613 40.1546516418457 40.3754806518555 40.9063835144043 40.7834625244141 40.6021423339844 39.8547821044922 39.3777847290039 37.6007843017578 36.1641159057617 36.2082138061523 36.0863571166992 36.0465087890625 36.5844802856445 36.776008605957 36.9878196716309 37.2152061462402 38.219352722168 38.0604057312012 37.6146125793457
42.0443916320801 42.1183547973633 42.2590560913086 42.2240982055664 42.1763763427734 41.8320465087891 41.5734024047852 41.276969909668 41.9892654418945 42.5449981689453 42.704216003418 42.7524948120117 42.8507614135742 42.8599624633789 42.5415802001953 42.1113739013672 42.131965637207 42.2102966308594 42.2725524902344 42.14990234375 42.0027770996094 41.5478973388672 40.3153915405273 40.6680488586426 39.5952987670898 39.5972366333008 39.7576370239258 40.128662109375 38.9549560546875 39.7155075073242 39.3029479980469 39.4278144836426 40.8438911437988 40.3678894042969 39.2846565246582 36.7496719360352 35.7047233581543 35.7139701843262 34.9559936523438 35.4537391662598 36.1836547851562 36.1616096496582 36.2663307189941 37.8356666564941 37.3341178894043 36.7289619445801
42.1252212524414 42.0128784179688 42.0683975219727 41.8454132080078 42.0557479858398 41.9521865844727 41.682487487793 41.3847579956055 41.5918884277344 42.2775344848633 42.563102722168 42.7732620239258 42.8334732055664 42.8092956542969 42.7572708129883 42.3263092041016 41.9001312255859 41.6955490112305 42.0072174072266 42.1565017700195 42.0122604370117 41.8500823974609 41.499382019043 40.8613891601562 39.6623001098633 39.4283447265625 39.3684158325195 39.4850311279297 39.5512313842773 38.9561767578125 38.3132095336914 39.1918830871582 40.559986114502 39.7275466918945 39.9833717346191 39.3748321533203 38.8768081665039 38.7312850952148 37.6112174987793 36.345085144043 37.1721382141113 36.7982177734375 37.2547264099121 37.4731521606445 37.1314849853516 36.5956878662109
