inst/extdata/Tmax/Tmax101.asc
NCOLS 100 
NROWS 79 
XLLCORNER 148.06 
YLLCORNER -21.49 
CELLSIZE 0.01 
NODATA_value -3.4e+38 
[rows 40 to 59 of 79, columns 0 to 45 of 100]
40.357219696044901 40.0153121948242 40.0450286865234 40.0730972290039 39.9139938354492 40.0404815673828 39.976432800293 39.7192878723145 39.1259422302246 39.6418304443359 40.3974189758301 40.771240234375 40.7999649047852 40.8455848693848 40.9075164794922 40.643669128418 40.3117256164551 39.8746223449707 39.1603393554688 39.7416534423828 39.7142562866211 39.5728340148926 39.4818115234375 38.9858093261719 37.875560760498 37.0634002685547 36.8120079040527 36.9150009155273 37.0471153259277 36.2480773925781 35.435173034668 35.960147857666 37.5018997192383 37.1600875854492 36.8336791992188 37.2190475463867 37.1022911071777 36.6992263793945 36.4202003479004 35.8608894348145 35.7987098693848 34.7345161437988 34.0148468017578 33.998477935791 33.6726760864258 33.4660835266113
40.5458488464355 40.0578956604004 39.8963088989258 40.0141448974609 39.8779182434082 39.9672317504883 39.9703025817871 39.8282585144043 39.5106163024902 39.6494483947754 40.0489463806152 40.4635734558105 40.7227935791016 40.9055061340332 40.9421195983887 40.7509231567383 40.3817253112793 39.7626419067383 39.3425369262695 39.5033111572266 39.5153274536133 39.2227058410645 39.4224014282227 39.0708389282227 38.2499198913574 37.6260833740234 36.8567962646484 36.7445220947266 36.9935760498047 36.4442939758301 35.9065895080566 36.682933807373 37.4969444274902 36.5706977844238 35.6694297790527 36.5934982299805 36.6397933959961 36.8808708190918 36.822193145752 36.5290222167969 36.371826171875 35.4846839904785 33.7570190429688 33.5990104675293 33.6814880371094 33.6229591369629
40.3808403015137 40.3141212463379 40.0424613952637 39.8842430114746 39.9493293762207 39.9654960632324 39.9326438903809 39.8744430541992 39.8207359313965 39.7503814697266 39.7987098693848 40.3695182800293 40.7369766235352 40.8924751281738 40.8936805725098 40.8224945068359 40.5429649353027 40.1410102844238 39.8526382446289 39.7790908813477 39.6600685119629 38.8687438964844 38.7682952880859 39.0227127075195 39.0388031005859 38.4922981262207 37.4242553710938 37.0048675537109 36.8964614868164 36.6077766418457 35.4817123413086 36.8042106628418 36.8588981628418 35.5240325927734 34.4998931884766 35.6150016784668 35.6089401245117 36.3909378051758 36.5779495239258 36.2015838623047 35.9072647094727 35.9602355957031 35.217887878418 34.9399871826172 35.4369583129883 36.6131553649902
39.954963684082 40.0700950622559 40.0416564941406 40.0252380371094 40.0507850646973 40.0305671691895 39.9832191467285 39.9083518981934 39.9636917114258 39.9151000976562 39.9133338928223 40.3994522094727 40.6801452636719 40.848274230957 40.8580665588379 40.8613777160645 40.7280502319336 40.4555587768555 40.1065063476562 40.1362419128418 39.9112854003906 39.5919227600098 38.7594757080078 38.3160057067871 39.110954284668 38.8405113220215 38.3394546508789 37.7394332885742 37.3157691955566 37.0878410339355 36.0928688049316 35.9812660217285 36.830623626709 36.199275970459 35.3942413330078 34.8111877441406 34.9144973754883 35.209846496582 35.4791831970215 35.1779365539551 34.6056327819824 35.4843063354492 34.9332962036133 36.0693893432617 38.1350555419922 38.8135108947754
39.5967102050781 39.8268203735352 39.7903671264648 39.7811088562012 39.9980087280273 40.1260986328125 40.1545257568359 40.0747604370117 40.1361923217773 40.1793518066406 40.3692512512207 40.5240898132324 40.6631965637207 40.7683906555176 40.8254203796387 40.8723526000977 40.8237075805664 40.6346549987793 40.4331932067871 40.3594169616699 40.1878242492676 40.0054359436035 39.6295852661133 39.3585052490234 39.1295585632324 38.5589485168457 38.8542823791504 38.6896209716797 38.2853546142578 37.4415130615234 36.6822471618652 36.6652030944824 37.0384902954102 37.2235412597656 36.8506698608398 35.4061737060547 33.7558708190918 33.7024230957031 33.8253288269043 34.2316131591797 34.0707664489746 34.7441482543945 34.146125793457 35.1581611633301 37.2631301879883 38.8463745117188
39.6233406066895 39.7017593383789 39.4987678527832 39.3527526855469 39.596981048584 39.8582191467285 40.1375389099121 40.2704887390137 40.3392066955566 40.4373054504395 40.5070266723633 40.4066200256348 40.1243934631348 40.5572547912598 40.8118133544922 40.8531036376953 40.8413505554199 40.7440948486328 40.6200370788574 40.5263061523438 40.4011917114258 40.2618980407715 40.177791595459 39.4354629516602 39.0011520385742 38.8926544189453 38.9812126159668 38.7601203918457 38.5171394348145 37.882755279541 36.3500137329102 36.5943565368652 36.9555969238281 37.0179557800293 37.1213912963867 36.015926361084 34.4153823852539 34.1075096130371 34.1386566162109 34.6684761047363 33.9247436523438 34.3643913269043 34.838134765625 35.2024192810059 36.2455863952637 37.6078033447266
39.4510459899902 39.415714263916 39.4154319763184 39.3145370483398 39.1824340820312 39.2449150085449 39.8568153381348 39.999137878418 40.1358413696289 40.1458587646484 40.3965034484863 40.5136337280273 40.2014350891113 40.4952049255371 40.7487564086914 40.8252601623535 40.823314666748 40.7269287109375 40.6616630554199 40.5957794189453 40.4889068603516 40.3947334289551 40.2564125061035 39.6760063171387 38.6729965209961 38.7892913818359 38.9881134033203 38.7000885009766 38.6215209960938 38.4273223876953 37.449520111084 37.0471611022949 36.5996894836426 36.9010467529297 37.0506210327148 36.4644775390625 35.1628684997559 35.4967041015625 34.8324890136719 35.6800804138184 34.9844436645508 35.1692047119141 35.297191619873 35.4139633178711 35.3915023803711 35.1493606567383
39.9975433349609 39.1996459960938 39.0893936157227 39.0144729614258 38.9730606079102 39.1198883056641 39.5080642700195 39.4421539306641 39.7388572692871 39.7873191833496 39.8735008239746 39.9475021362305 40.1592216491699 40.4822731018066 40.6915397644043 40.8142433166504 40.7907066345215 40.632266998291 40.4024276733398 40.2696876525879 40.4079093933105 40.1781616210938 40.1802558898926 40.0834197998047 39.5236625671387 39.3883094787598 39.3949699401855 39.1378517150879 38.9182777404785 38.6340637207031 37.7917594909668 37.3423156738281 36.4634475708008 36.926570892334 36.9632225036621 36.6671257019043 36.1340255737305 36.3924407958984 36.055835723877 36.3344268798828 36.0021705627441 35.7447700500488 35.5532989501953 35.3571891784668 34.9287300109863 34.6305923461914
40.8325958251953 39.8594207763672 38.9092903137207 38.7147216796875 38.8697624206543 39.0927658081055 39.0084037780762 38.9977951049805 39.4058074951172 39.7583084106445 39.8344573974609 39.8087539672852 40.0752105712891 40.4288063049316 40.6996803283691 40.7632102966309 40.7619018554688 40.660026550293 40.4419860839844 40.1576461791992 40.2231140136719 40.1459693908691 40.0324516296387 40.1666030883789 40.0178680419922 39.8711433410645 39.5211601257324 39.2642593383789 39.1384582519531 38.7702140808105 38.2821769714355 37.7143898010254 36.6502532958984 36.8227005004883 36.7710838317871 36.8277435302734 36.7000541687012 36.6505699157715 36.4957656860352 36.2584495544434 35.2754745483398 35.0629730224609 35.2882690429688 34.9614143371582 34.7842216491699 34.3484306335449
41.1425895690918 40.5342292785645 39.4887313842773 38.7618446350098 38.736701965332 38.7159461975098 38.7497940063477 39.1705627441406 39.4529685974121 39.3141860961914 40.0578575134277 40.3289756774902 40.443977355957 40.5490646362305 40.6496696472168 40.7326965332031 40.7297134399414 40.6484603881836 40.5084114074707 40.3220329284668 40.1784782409668 40.0821418762207 39.842658996582 39.8708190917969 40.0478706359863 40.0082321166992 39.7323455810547 39.0697860717773 38.4550590515137 38.7561111450195 38.3768692016602 37.9952354431152 37.0022888183594 36.6239471435547 36.3524627685547 36.7045822143555 36.7900390625 36.6526947021484 36.5843658447266 36.1922416687012 35.3370018005371 34.8442802429199 35.0482597351074 34.5850639343262 34.4639320373535 34.3390159606934
41.1272926330566 40.9174385070801 40.3578720092773 39.5811157226562 38.9056205749512 38.5182037353516 38.7181777954102 39.1052551269531 39.150333404541 39.5122718811035 40.2030258178711 40.4754905700684 40.6111717224121 40.7173004150391 40.723747253418 40.7359809875488 40.5856666564941 40.5788497924805 40.5672760009766 40.4543762207031 40.3022079467773 40.0984764099121 39.8444709777832 39.7269897460938 39.8353462219238 39.8627319335938 39.896354675293 39.6017684936523 39.2464179992676 39.051441192627 38.3787307739258 38.1705474853516 37.1416206359863 36.6277198791504 35.8609161376953 36.4200210571289 36.567138671875 36.5399436950684 36.5825691223145 36.3418464660645 35.6954727172852 35.4802513122559 35.3405838012695 35.0647621154785 34.6551361083984 34.4251861572266
41.0806465148926 41.0386848449707 40.720531463623 39.8986396789551 39.1654281616211 38.8032608032227 38.7490539550781 38.8450393676758 38.5291137695312 38.7127952575684 39.7557640075684 40.2356071472168 40.4350929260254 40.6630859375 40.7477684020996 40.6853981018066 40.5788040161133 40.556713104248 40.4964294433594 40.463249206543 40.3300399780273 40.1900939941406 40.0460014343262 39.7822303771973 39.622875213623 39.5293617248535 39.4706115722656 39.5846786499023 39.297779083252 39.4152641296387 39.4195175170898 38.4680252075195 37.7340660095215 37.174732208252 36.5580787658691 36.6983947753906 36.6339225769043 36.4043731689453 36.5554466247559 36.4176902770996 35.8023529052734 35.5953598022461 35.4365386962891 35.1955680847168 34.5820655822754 34.3348426818848
40.8633575439453 40.9538345336914 40.769947052002 39.5746994018555 38.5718040466309 38.5300064086914 38.6592483520508 38.4803810119629 38.1529197692871 38.3123970031738 39.666805267334 40.2301216125488 40.4757537841797 40.6800880432129 40.6760101318359 40.6005783081055 40.5736389160156 40.4828872680664 40.4146156311035 40.3888282775879 40.3801422119141 40.298469543457 40.0885467529297 39.8288764953613 39.5455284118652 39.3352012634277 39.2900009155273 39.2122116088867 39.1834449768066 39.0386848449707 39.2415351867676 39.073543548584 38.3834381103516 37.6285400390625 37.0813980102539 37.4648208618164 37.3870315551758 36.796329498291 36.5406036376953 36.6018753051758 36.3861389160156 36.0612487792969 35.6636199951172 35.346492767334 34.9184646606445 34.4319114685059
40.604133605957 40.6860694885254 40.8083686828613 40.2774696350098 39.0372123718262 38.6002769470215 39.0384483337402 38.4078674316406 38.2041282653809 38.2991790771484 39.6051597595215 40.3278541564941 40.5677375793457 40.6611251831055 40.5604972839355 40.431022644043 40.4118041992188 40.4210319519043 40.3634452819824 40.2192306518555 40.2568092346191 40.3157653808594 40.1274108886719 39.9267616271973 39.6752319335938 39.463306427002 39.0344772338867 38.785270690918 38.3464889526367 38.7370223999023 38.5187873840332 39.1455841064453 39.1751174926758 38.7466506958008 38.1435432434082 38.1596794128418 37.7057075500488 37.2645378112793 36.8751525878906 37.2999534606934 36.7822914123535 36.4423866271973 36.2298698425293 36.0417861938477 35.6885719299316 35.4883842468262
40.4475517272949 40.4076766967773 40.6204490661621 40.6263389587402 40.0834693908691 39.7846298217773 39.7112922668457 39.2681655883789 39.0068283081055 39.0098838806152 39.2316627502441 39.712474822998 40.4704399108887 40.6096420288086 40.450553894043 40.3316230773926 40.3091697692871 40.3474578857422 40.2834358215332 40.188304901123 40.193977355957 40.2962036132812 40.2183532714844 39.9887809753418 39.8397560119629 39.6020545959473 39.2029075622559 38.9230766296387 38.411937713623 38.6626625061035 37.8950843811035 38.383430480957 38.6339416503906 38.636905670166 38.7554893493652 38.5897407531738 38.216609954834 38.0247116088867 37.4746932983398 36.864185333252 36.7554550170898 36.7957878112793 36.4871444702148 36.2326011657715 36.2035827636719 36.0086631774902
40.5492630004883 40.5368118286133 40.587947845459 40.6158256530762 40.4655609130859 39.7313652038574 39.736988067627 39.8024291992188 39.5291023254395 39.4661445617676 39.7546081542969 40.1727600097656 40.5333099365234 40.5975570678711 40.4653091430664 40.2359313964844 40.2870216369629 40.2621421813965 40.015567779541 39.9748687744141 40.1097145080566 40.1816902160645 40.2200355529785 40.0870780944824 39.9277000427246 39.7316246032715 39.4870376586914 39.1626815795898 38.9464950561523 38.7403984069824 38.2229118347168 37.7811317443848 37.9191207885742 37.8548698425293 38.3534851074219 37.9837493896484 38.2773399353027 37.9782867431641 37.5374069213867 37.0306434631348 36.7350463867188 36.4646530151367 35.8747901916504 35.1583061218262 35.8200531005859 36.0208015441895
40.6749725341797 40.6417427062988 40.598217010498 40.5714073181152 40.3827362060547 39.4310913085938 39.1760139465332 39.6852073669434 39.5406761169434 39.1478424072266 39.4826164245605 40.2545967102051 40.5439376831055 40.561206817627 40.4450340270996 40.2143402099609 40.1934585571289 39.9402198791504 39.6294593811035 39.7754096984863 40.0972099304199 40.0918350219727 40.1618232727051 40.130184173584 39.9203948974609 39.8264350891113 39.6042022705078 39.2545394897461 39.1318702697754 38.8486480712891 38.3500709533691 37.5425758361816 37.1676635742188 37.3159065246582 37.8318901062012 37.9723014831543 37.520263671875 37.0915298461914 37.3003807067871 37.1972274780273 36.7760925292969 36.485466003418 35.8366966247559 34.8492851257324 35.3619117736816 35.7780151367188
40.7307586669922 40.6783027648926 40.6135215759277 40.5648498535156 40.5072784423828 40.095531463623 39.5543518066406 39.2525634765625 39.2481002807617 38.980712890625 39.539665222168 40.261100769043 40.511360168457 40.5060997009277 40.3911628723145 40.1644554138184 39.9646339416504 39.7151260375977 39.5671463012695 39.8592300415039 39.9855651855469 40.0452270507812 39.9841117858887 40.0758743286133 39.9872169494629 39.8640441894531 39.6567497253418 39.3281898498535 39.1684265136719 38.9201049804688 38.4208679199219 38.1675491333008 37.6132621765137 37.3706092834473 37.2853889465332 37.4389724731445 37.7318992614746 37.5342178344727 37.0914039611816 36.8327217102051 36.5736694335938 36.3257865905762 36.011043548584 35.6166648864746 34.8392143249512 35.1648025512695
40.7606811523438 40.690673828125 40.6243286132812 40.5987091064453 40.5015525817871 40.242057800293 39.902946472168 39.205192565918 39.0643539428711 39.2747573852539 39.8077850341797 40.2847518920898 40.4465637207031 40.4217185974121 40.2566184997559 40.0506820678711 39.7011566162109 39.5928230285645 39.7035255432129 39.7203979492188 39.8685111999512 39.7907028198242 39.5674591064453 39.8338890075684 40.0135498046875 39.8568000793457 39.5986938476562 39.4061279296875 39.2322998046875 39.0890083312988 38.845630645752 38.5754127502441 38.1954231262207 38.1095886230469 37.7085800170898 37.2906150817871 37.3926467895508 37.4574699401855 37.1666145324707 36.9682426452637 36.7826766967773 36.4926872253418 35.7551193237305 35.2823104858398 35.414005279541 35.4164505004883
40.7680206298828 40.7689628601074 40.695255279541 40.6413192749023 40.4995155334473 40.3604125976562 40.2300033569336 39.7980651855469 39.2363204956055 39.3378219604492 39.5173492431641 39.8596000671387 40.1741600036621 40.212287902832 40.128116607666 39.9527282714844 39.7071418762207 39.543342590332 39.3995971679688 39.4339370727539 39.6860198974609 39.6815071105957 39.3877639770508 39.8201179504395 40.0348243713379 39.8903121948242 39.6964302062988 39.5027008056641 39.3943786621094 39.243480682373 39.0849685668945 38.8202667236328 38.4283752441406 38.6423301696777 38.4688491821289 38.0150184631348 37.476375579834 37.3242149353027 37.4422988891602 37.8946266174316 37.0069847106934 36.6772727966309 36.1844825744629 35.3609428405762 35.2584915161133 35.0959777832031
