inst/extdata/Tmax/Tmax32.asc
NCOLS 100 
NROWS 79 
XLLCORNER 148.06 
YLLCORNER -21.49 
CELLSIZE 0.01 
NODATA_value -3.4e+38 
[rows 0 to 19 of 79, columns 46 to 91 of 100]
26.6406898498535 25.3213348388672 25.4928646087646 25.7198944091797 26.2713356018066 26.2072639465332 26.4295406341553 26.4439373016357 25.4371185302734 23.4425621032715 25.1477108001709 24.5266036987305 25.3062496185303 25.9771347045898 26.1325397491455 26.3354721069336 26.5522537231445 27.0010547637939 25.6072292327881 26.2133121490479 26.4535465240479 -3.4e+38 -3.4e+38 -3.4e+38 -3.4e+38 -3.4e+38 -3.4e+38 -3.4e+38 -3.4e+38 -3.4e+38 -3.4e+38 -3.4e+38 -3.4e+38 -3.4e+38 -3.4e+38 -3.4e+38 -3.4e+38 -3.4e+38 -3.4e+38 -3.4e+38 -3.4e+38 -3.4e+38 -3.4e+38 -3.4e+38 -3.4e+38 -3.4e+38
27.0073566436768 26.4813995361328 25.123571395874 25.3988475799561 25.5711727142334 25.5459785461426 25.9109020233154 26.3047752380371 24.9992752075195 23.9808673858643 26.040454864502 25.6911354064941 27.513298034668 27.1635475158691 26.0074996948242 25.025390625 26.1976299285889 28.0822105407715 27.0298881530762 25.8364009857178 26.572790145874 28.6753883361816 -3.4e+38 -3.4e+38 -3.4e+38 -3.4e+38 -3.4e+38 -3.4e+38 -3.4e+38 -3.4e+38 -3.4e+38 -3.4e+38 -3.4e+38 -3.4e+38 -3.4e+38 -3.4e+38 -3.4e+38 -3.4e+38 -3.4e+38 -3.4e+38 -3.4e+38 -3.4e+38 -3.4e+38 -3.4e+38 -3.4e+38 -3.4e+38
28.7961845397949 25.723201751709 23.6599178314209 24.0733127593994 23.9147548675537 25.4655742645264 24.6496486663818 24.5766544342041 23.7326526641846 23.4915466308594 25.347146987915 26.8119812011719 28.2029590606689 27.697286605835 25.1853141784668 24.4803276062012 26.0608654022217 25.7283382415771 25.6316699981689 25.8808822631836 25.5811786651611 25.861177444458 25.7571220397949 26.317512512207 -3.4e+38 -3.4e+38 -3.4e+38 -3.4e+38 -3.4e+38 -3.4e+38 -3.4e+38 -3.4e+38 -3.4e+38 -3.4e+38 -3.4e+38 -3.4e+38 -3.4e+38 -3.4e+38 -3.4e+38 -3.4e+38 -3.4e+38 -3.4e+38 -3.4e+38 -3.4e+38 -3.4e+38 -3.4e+38
24.885347366333 24.3886318206787 21.4926643371582 22.4692726135254 24.0982360839844 23.9210987091064 24.3878135681152 24.5587768554688 24.256628036499 23.8387031555176 25.1353511810303 24.7647876739502 27.5414485931396 28.1289501190186 25.5901222229004 25.0298023223877 26.8953838348389 27.5842571258545 27.0317859649658 26.3146419525146 24.9246997833252 25.904956817627 25.6771450042725 26.5578594207764 27.0951843261719 27.130313873291 -3.4e+38 -3.4e+38 -3.4e+38 -3.4e+38 -3.4e+38 -3.4e+38 -3.4e+38 -3.4e+38 -3.4e+38 -3.4e+38 -3.4e+38 -3.4e+38 -3.4e+38 -3.4e+38 -3.4e+38 -3.4e+38 -3.4e+38 -3.4e+38 -3.4e+38 -3.4e+38
25.8520393371582 24.0122890472412 21.3010787963867 21.0075283050537 22.5073699951172 24.7825889587402 25.4648170471191 25.823169708252 23.8997859954834 22.9138221740723 23.6131267547607 22.0144329071045 23.5492057800293 27.6163921356201 24.7889633178711 25.1397800445557 27.0226383209229 26.8389320373535 27.5160980224609 27.4622955322266 21.0518379211426 25.8765830993652 26.1999473571777 25.7262992858887 26.5758304595947 27.0991115570068 -3.4e+38 -3.4e+38 -3.4e+38 -3.4e+38 -3.4e+38 -3.4e+38 -3.4e+38 -3.4e+38 -3.4e+38 -3.4e+38 -3.4e+38 -3.4e+38 -3.4e+38 -3.4e+38 -3.4e+38 -3.4e+38 -3.4e+38 -3.4e+38 -3.4e+38 -3.4e+38
21.614595413208 22.4082202911377 20.4653739929199 19.7563743591309 22.5191097259521 24.6686305999756 24.0772075653076 24.5184440612793 23.357738494873 23.6898612976074 21.4280948638916 21.1346740722656 25.1997203826904 25.9761276245117 23.845043182373 25.1883964538574 26.4738273620605 27.6193351745605 26.6520576477051 26.4530735015869 21.1162643432617 23.2026920318604 26.835521697998 25.8578357696533 26.3450412750244 26.3358001708984 -3.4e+38 -3.4e+38 -3.4e+38 -3.4e+38 -3.4e+38 -3.4e+38 -3.4e+38 -3.4e+38 -3.4e+38 -3.4e+38 -3.4e+38 -3.4e+38 -3.4e+38 -3.4e+38 -3.4e+38 -3.4e+38 -3.4e+38 -3.4e+38 -3.4e+38 -3.4e+38
20.4021339416504 21.2207336425781 21.5629768371582 21.1144580841064 25.0819988250732 24.7158679962158 24.7178916931152 23.5858726501465 24.4160289764404 23.3498363494873 22.4941253662109 22.8190860748291 23.9152965545654 27.5818672180176 27.5382843017578 28.5768623352051 25.1145076751709 25.4608745574951 25.5013236999512 26.0051021575928 27.8261318206787 25.6164131164551 26.43674659729 26.0076789855957 25.4531593322754 24.8028507232666 24.7800998687744 25.4012260437012 -3.4e+38 -3.4e+38 -3.4e+38 -3.4e+38 -3.4e+38 -3.4e+38 -3.4e+38 -3.4e+38 -3.4e+38 -3.4e+38 -3.4e+38 -3.4e+38 -3.4e+38 -3.4e+38 -3.4e+38 -3.4e+38 -3.4e+38 -3.4e+38
19.323205947876 21.949405670166 27.1224536895752 21.6156940460205 20.5449447631836 22.3342437744141 24.1333694458008 23.2271575927734 23.5582695007324 24.4213199615479 22.8604640960693 22.4240112304688 23.4718399047852 24.9107055664062 23.2363700866699 26.0726490020752 23.0993251800537 22.9139823913574 24.2211265563965 25.6127128601074 25.8860130310059 24.5766143798828 25.1408843994141 25.7934226989746 24.8083400726318 24.0874557495117 23.871524810791 24.5891704559326 26.0099945068359 24.5758438110352 25.8395690917969 -3.4e+38 -3.4e+38 -3.4e+38 -3.4e+38 -3.4e+38 -3.4e+38 -3.4e+38 -3.4e+38 -3.4e+38 -3.4e+38 -3.4e+38 -3.4e+38 -3.4e+38 -3.4e+38 -3.4e+38
19.2889823913574 21.3140411376953 22.0338478088379 25.947416305542 21.5310230255127 19.8705730438232 21.9918174743652 22.3065624237061 24.5800094604492 24.8605289459229 25.0694103240967 23.3994064331055 23.0226802825928 23.6457099914551 21.5580825805664 21.431583404541 20.723217010498 24.9686870574951 23.5289096832275 24.9266738891602 27.0048370361328 26.9187412261963 24.4604930877686 22.5158557891846 23.6014747619629 24.2619037628174 24.9336242675781 26.1148262023926 25.7979602813721 24.6159267425537 24.1642665863037 26.5981960296631 -3.4e+38 -3.4e+38 -3.4e+38 -3.4e+38 -3.4e+38 -3.4e+38 -3.4e+38 -3.4e+38 -3.4e+38 -3.4e+38 -3.4e+38 -3.4e+38 -3.4e+38 -3.4e+38
20.5833034515381 21.3041572570801 21.8542652130127 22.6261444091797 24.1820125579834 21.1424083709717 20.814977645874 22.4704360961914 23.9968242645264 24.2730007171631 24.1944999694824 23.9452323913574 22.898157119751 22.9913005828857 21.4245986938477 21.0685939788818 20.6935482025146 25.6570339202881 25.4392795562744 23.686897277832 24.8159008026123 26.6347732543945 27.3903274536133 26.3869552612305 26.3900547027588 24.0880031585693 24.6903514862061 27.2486476898193 25.2669200897217 24.6244335174561 27.7359027862549 28.2166976928711 -3.4e+38 -3.4e+38 -3.4e+38 -3.4e+38 -3.4e+38 -3.4e+38 -3.4e+38 -3.4e+38 -3.4e+38 -3.4e+38 -3.4e+38 -3.4e+38 -3.4e+38 -3.4e+38
19.5778923034668 21.6937465667725 21.5801563262939 21.5725536346436 23.0517234802246 25.8995494842529 23.0484008789062 23.8691310882568 23.6623992919922 23.8792095184326 24.6638526916504 24.1491889953613 23.6912441253662 24.266580581665 23.6670570373535 23.751256942749 24.8681907653809 25.1396312713623 26.3574485778809 26.1405696868896 23.7605857849121 26.9018154144287 24.5710906982422 23.4540901184082 25.2345790863037 24.9520683288574 25.9705295562744 25.9369068145752 27.9545631408691 28.6123752593994 -3.4e+38 -3.4e+38 -3.4e+38 -3.4e+38 -3.4e+38 -3.4e+38 -3.4e+38 -3.4e+38 -3.4e+38 -3.4e+38 -3.4e+38 -3.4e+38 -3.4e+38 -3.4e+38 -3.4e+38 -3.4e+38
19.099250793457 20.1202144622803 20.241641998291 19.4341239929199 20.2578086853027 21.2827072143555 27.8994331359863 24.6210651397705 24.3205833435059 24.0111236572266 24.2054710388184 24.6171875 23.7551002502441 24.2874393463135 24.0068016052246 25.8584136962891 25.8165302276611 25.7528057098389 28.8178462982178 26.6004695892334 24.8185539245605 24.8625965118408 24.9467658996582 24.3641357421875 28.3572196960449 24.1982669830322 25.570405960083 25.3636131286621 26.1849594116211 25.0541458129883 -3.4e+38 -3.4e+38 -3.4e+38 -3.4e+38 -3.4e+38 -3.4e+38 -3.4e+38 -3.4e+38 -3.4e+38 -3.4e+38 -3.4e+38 -3.4e+38 -3.4e+38 -3.4e+38 -3.4e+38 -3.4e+38
18.8443355560303 17.6513214111328 17.3428745269775 17.2551422119141 19.399543762207 20.155632019043 21.6460781097412 21.9730777740479 23.7792835235596 24.2777976989746 22.8517379760742 23.1365642547607 23.0185604095459 23.5510673522949 23.9172058105469 23.9338207244873 24.1682052612305 25.9043045043945 28.2581214904785 27.9531402587891 25.7271347045898 25.960506439209 25.8501834869385 27.6282386779785 25.9858646392822 25.247371673584 26.1267986297607 25.4261245727539 23.8460464477539 22.0335273742676 25.1847019195557 26.6190128326416 -3.4e+38 -3.4e+38 -3.4e+38 -3.4e+38 -3.4e+38 -3.4e+38 -3.4e+38 -3.4e+38 -3.4e+38 -3.4e+38 -3.4e+38 -3.4e+38 -3.4e+38 -3.4e+38
18.8609580993652 17.9902572631836 17.4897842407227 17.0908622741699 17.6069602966309 18.1098880767822 19.9025287628174 20.9248332977295 23.3394088745117 24.4605255126953 23.5682621002197 23.45432472229 23.9465065002441 24.3950233459473 24.7225303649902 25.986499786377 24.1678409576416 26.1433792114258 27.2319011688232 26.1228580474854 26.1188449859619 28.5164852142334 26.2217292785645 25.7167358398438 27.0957126617432 25.3693256378174 24.3790893554688 24.1931457519531 23.3061771392822 24.6030158996582 26.6018962860107 26.3828468322754 25.3684234619141 -3.4e+38 -3.4e+38 -3.4e+38 -3.4e+38 21.6694107055664 27.8754978179932 -3.4e+38 -3.4e+38 -3.4e+38 -3.4e+38 -3.4e+38 -3.4e+38 -3.4e+38
19.2709770202637 18.6268367767334 17.5551872253418 17.1679344177246 17.744327545166 17.4900207519531 18.6030235290527 20.1673603057861 21.2563896179199 22.24587059021 20.6417655944824 23.9720611572266 23.2319793701172 23.9522266387939 25.2235622406006 24.2431087493896 25.0414714813232 28.5033664703369 25.051197052002 26.8696231842041 26.0407390594482 27.9809627532959 26.6794357299805 25.9717311859131 25.9357357025146 26.0444412231445 25.9467029571533 24.6031665802002 24.175952911377 27.0163803100586 27.0003242492676 26.2050132751465 25.655294418335 -3.4e+38 -3.4e+38 -3.4e+38 -3.4e+38 22.826623916626 26.6541881561279 28.1451034545898 27.7767238616943 27.6542510986328 -3.4e+38 -3.4e+38 -3.4e+38 -3.4e+38
19.2035484313965 18.0068531036377 17.5326633453369 17.5596084594727 17.1406002044678 18.138053894043 17.9867343902588 19.2224578857422 23.1130771636963 24.65260887146 22.629976272583 20.9012928009033 24.6013278961182 20.3167209625244 20.2597103118896 21.0752201080322 26.2703876495361 24.5240116119385 24.0888538360596 25.2697696685791 25.4558925628662 26.2317447662354 26.063175201416 25.3624572753906 25.3301677703857 25.4623737335205 26.6088943481445 25.6300048828125 24.8202705383301 24.8166542053223 25.626277923584 22.1971397399902 28.4938278198242 -3.4e+38 -3.4e+38 25.8672294616699 27.6325912475586 26.8914356231689 25.6583786010742 26.7368602752686 26.6800727844238 28.1189632415771 -3.4e+38 -3.4e+38 -3.4e+38 -3.4e+38
17.8429527282715 16.5813407897949 16.6652717590332 17.9031009674072 18.339729309082 18.0682353973389 17.6380977630615 18.4065914154053 25.3432865142822 23.7205829620361 27.9176559448242 20.6921691894531 21.5720081329346 22.5139789581299 20.3795986175537 20.5903759002686 21.17360496521 23.0192604064941 24.7953720092773 24.2157535552979 27.0657234191895 24.4003238677979 25.1103324890137 25.4254550933838 24.8938903808594 25.9986343383789 25.9625797271729 26.3049335479736 26.6351737976074 25.3288459777832 25.5958347320557 22.2129402160645 24.2860145568848 -3.4e+38 28.2240467071533 23.6665439605713 25.641716003418 -3.4e+38 28.1790084838867 -3.4e+38 27.8800487518311 -3.4e+38 -3.4e+38 -3.4e+38 -3.4e+38 -3.4e+38
18.4853858947754 16.7542152404785 16.043815612793 18.7072200775146 18.7659015655518 17.9072017669678 17.5202369689941 17.5799770355225 19.240177154541 21.5070400238037 21.8742218017578 25.7464408874512 27.4151878356934 22.7591800689697 22.2558784484863 23.5065956115723 23.9212856292725 24.1983871459961 23.7437744140625 23.6692333221436 25.2326240539551 25.2807674407959 26.8376789093018 26.8736610412598 25.1675796508789 24.9481239318848 25.9054718017578 24.8789768218994 25.1752319335938 25.051248550415 22.7464504241943 24.0398483276367 28.0188541412354 25.0456142425537 24.0977420806885 26.7795658111572 26.4400024414062 -3.4e+38 -3.4e+38 -3.4e+38 -3.4e+38 -3.4e+38 -3.4e+38 27.7925033569336 -3.4e+38 -3.4e+38
19.2483901977539 19.0020084381104 16.6299839019775 18.256368637085 16.9516696929932 17.1874103546143 18.2101497650146 18.2994918823242 19.9529476165771 22.6504230499268 21.7210025787354 21.8929100036621 24.463981628418 28.4008960723877 23.8555870056152 24.13844871521 23.9207134246826 23.1574573516846 22.6641902923584 22.5991096496582 28.0008106231689 25.620735168457 27.6640090942383 25.8397560119629 26.0351505279541 24.5370903015137 24.9946212768555 23.9134616851807 24.5499114990234 24.6194343566895 23.0201053619385 23.2990131378174 26.3637924194336 26.4958477020264 26.0046463012695 26.3880481719971 26.0413913726807 27.7149181365967 26.3103809356689 23.3221797943115 25.7205238342285 25.4481391906738 26.5842952728271 25.7443771362305 -3.4e+38 -3.4e+38
19.8043174743652 19.0281162261963 19.3203678131104 19.4745845794678 18.1153316497803 17.5401763916016 17.3143444061279 17.6571769714355 19.79514503479 27.4460792541504 22.03466796875 27.8522987365723 26.6816329956055 23.8574104309082 24.0399074554443 21.6518001556396 21.758373260498 24.2440853118896 22.7792263031006 23.0698204040527 25.2122325897217 26.7290859222412 28.7257194519043 26.4506912231445 28.0797176361084 24.8934669494629 27.5932941436768 25.9912986755371 25.1613216400146 24.8880348205566 24.1235637664795 25.2772159576416 26.8312835693359 27.4250812530518 27.6215190887451 24.8741912841797 24.6134757995605 26.0403232574463 27.154821395874 27.9263820648193 27.5064868927002 27.5842475891113 25.9307689666748 25.8147430419922 22.1937808990479 -3.4e+38
