inst/extdata/Tmax/Tmax134.asc
NCOLS 100 
NROWS 79 
XLLCORNER 148.06 
YLLCORNER -21.49 
CELLSIZE 0.01 
NODATA_value -3.4e+38 
[rows 20 to 39 of 79, columns 0 to 45 of 100]
40.458881378173800 40.4686241149902 40.4653472900391 40.4316444396973 40.441520690918 40.5323486328125 40.4465255737305 40.380973815918 40.3201217651367 40.2354278564453 40.0768127441406 39.7108345031738 39.307243347168 38.7184295654297 37.4957847595215 37.0906181335449 37.0001029968262 37.9075012207031 38.8543090820312 39.2304039001465 39.2342529296875 39.2230453491211 39.5045433044434 39.5138702392578 39.368896484375 39.1064262390137 38.5378646850586 37.6966896057129 38.1697540283203 38.2143859863281 38.7377662658691 38.721508026123 38.8283462524414 38.7807502746582 38.7271690368652 38.4952430725098 38.118766784668 38.1024971008301 37.6664505004883 37.8744926452637 37.6605529785156 36.9758186340332 37.1665077209473 37.1927642822266 37.2807273864746 37.2869148254395
40.5320854187012 40.561882019043 40.5687255859375 40.5339088439941 40.5330390930176 40.5266494750977 40.3952484130859 40.3252563476562 40.300163269043 40.2402038574219 40.1292572021484 39.9612693786621 39.7555236816406 38.9123115539551 37.5244216918945 37.2181358337402 37.4169845581055 38.174633026123 38.6269111633301 38.9551162719727 39.056640625 38.955940246582 39.410831451416 39.5163841247559 39.3355560302734 39.3347091674805 39.2755508422852 38.595874786377 38.4419631958008 38.8879013061523 38.9755058288574 38.8525733947754 38.5458183288574 37.9915885925293 37.9911727905273 37.9531593322754 38.3246192932129 37.6809120178223 37.3050384521484 37.5669441223145 37.2007141113281 37.2399482727051 36.978157043457 36.1398277282715 36.4131050109863 37.0024909973145
40.5886383056641 40.6066780090332 40.6108741760254 40.5937347412109 40.5743751525879 40.540153503418 40.3744277954102 40.2656097412109 40.2151870727539 40.182991027832 40.0795364379883 40.0005722045898 39.8446006774902 39.3005561828613 38.2791137695312 37.4973831176758 36.8717918395996 37.3318862915039 37.8541679382324 38.5861701965332 38.6774101257324 38.7643585205078 39.3253631591797 39.1246109008789 38.7440567016602 39.0559692382812 39.086612701416 39.1471824645996 38.8840370178223 38.9024124145508 38.6525077819824 38.4573822021484 37.9322624206543 37.616268157959 37.3898086547852 37.5688629150391 37.4777030944824 36.9536209106445 36.9099884033203 36.8186874389648 36.5208930969238 35.8028907775879 36.5023574829102 36.2217102050781 35.3126335144043 36.577449798584
40.6110687255859 40.6152839660645 40.6276969909668 40.6159706115723 40.5777549743652 40.5644226074219 40.4837379455566 40.2317848205566 40.1363334655762 40.1480522155762 39.9887771606445 39.8080902099609 39.8901443481445 39.5534896850586 38.8404808044434 38.1122856140137 37.3184547424316 37.0400199890137 37.5941505432129 37.8753318786621 38.3644332885742 39.2412872314453 39.0082054138184 38.4483337402344 38.5696334838867 38.6882095336914 38.3789100646973 39.2118377685547 39.2171363830566 39.080078125 38.8641395568848 37.861213684082 37.5468826293945 37.7140960693359 37.9998321533203 37.5691680908203 36.7077369689941 36.19677734375 36.8396530151367 36.3604583740234 35.6853942871094 34.361198425293 35.1032867431641 36.161491394043 34.5118675231934 35.6955299377441
40.5793800354004 40.6064796447754 40.6296272277832 40.5977630615234 40.5603294372559 40.5559387207031 40.5369338989258 40.3846702575684 40.2307395935059 40.0798683166504 39.9854583740234 39.9323577880859 39.7758750915527 39.4710807800293 38.7811470031738 38.1371917724609 37.4191932678223 37.0721817016602 37.2519378662109 37.242374420166 38.3440475463867 39.0723876953125 38.0651092529297 37.5575828552246 38.292423248291 38.2595100402832 38.394775390625 39.0451622009277 39.2409133911133 38.892951965332 38.8276824951172 38.5935211181641 38.5519256591797 38.5856246948242 38.2800140380859 37.9894256591797 37.5978012084961 36.5729103088379 36.3534660339355 36.102424621582 34.5228652954102 33.9657325744629 34.3598861694336 36.0108184814453 34.2110404968262 34.5269088745117
40.5549201965332 40.5502243041992 40.5570602416992 40.5308723449707 40.5341873168945 40.5351982116699 40.5372924804688 40.4943504333496 40.3622055053711 40.1516036987305 39.9804649353027 39.843376159668 39.7071304321289 39.299015045166 38.8885879516602 38.3737411499023 37.7795753479004 37.4604949951172 37.8700332641602 38.5033493041992 38.4803695678711 38.3699951171875 37.9150276184082 36.728458404541 37.1927680969238 37.8935508728027 37.9999542236328 39.0922050476074 39.2372932434082 38.9074859619141 38.1141967773438 38.6301574707031 38.4955902099609 38.3671646118164 38.1090469360352 37.8079376220703 37.6694374084473 36.3155097961426 35.1329765319824 35.4895210266113 34.1660766601562 34.8935852050781 35.2066116333008 36.0256309509277 35.0878067016602 34.0967483520508
40.475025177002 40.476432800293 40.480224609375 40.4840698242188 40.474739074707 40.4699554443359 40.5251770019531 40.5207595825195 40.4013366699219 40.0423469543457 39.9449729919434 39.6948127746582 39.6837577819824 39.34521484375 38.6626129150391 37.6726913452148 37.2941474914551 37.4713935852051 37.9012565612793 37.8068885803223 37.9715576171875 38.7633018493652 38.6215286254883 37.225528717041 36.8388519287109 37.6897430419922 38.3870620727539 39.1590423583984 39.2146224975586 39.0093994140625 38.2548141479492 37.8828811645508 38.5626831054688 38.0712280273438 37.6598968505859 36.8944244384766 36.6089477539062 36.697265625 35.7158050537109 34.5139312744141 34.1317558288574 34.3901634216309 34.2928314208984 35.2300872802734 34.3582305908203 33.7529373168945
40.3575706481934 40.3540954589844 40.3795852661133 40.4162902832031 40.4299926757812 40.4734382629395 40.5317192077637 40.5218467712402 40.4554824829102 40.2874603271484 40.0754127502441 39.8273468017578 39.7154884338379 39.5342445373535 38.7011451721191 37.6460571289062 37.3183860778809 37.2711524963379 37.3834457397461 37.3542556762695 38.3934555053711 38.9486541748047 38.4516906738281 37.6541709899902 37.1189193725586 37.3241996765137 37.4053726196289 38.8213577270508 39.1151351928711 38.9963417053223 38.2756538391113 38.1716232299805 38.4172744750977 37.7380142211914 37.0941009521484 36.5592956542969 35.6974906921387 36.340015411377 36.175422668457 34.4917869567871 34.0743942260742 34.2176361083984 34.1308746337891 34.6592483520508 34.1027755737305 33.8120880126953
39.9518241882324 39.8923377990723 40.1252174377441 40.3856544494629 40.4917106628418 40.554084777832 40.5637588500977 40.5463180541992 40.4314346313477 40.3321723937988 40.1845016479492 39.7023849487305 39.7767677307129 39.6365509033203 39.1712417602539 38.0611610412598 37.3640251159668 36.8879661560059 37.1726150512695 37.9833106994629 38.4396781921387 38.7440948486328 37.943546295166 37.2644577026367 37.0837020874023 37.2097473144531 37.5790557861328 38.3958282470703 39.0561981201172 39.0950088500977 38.6265411376953 38.3644981384277 37.9625396728516 37.0142822265625 35.9305458068848 35.5306625366211 35.208625793457 35.3848266601562 35.5146903991699 35.1333656311035 34.6354522705078 34.7205924987793 34.4602851867676 34.2440719604492 34.2388458251953 34.1621551513672
39.1786956787109 39.9221382141113 40.2075958251953 39.9743995666504 40.4474983215332 40.5671882629395 40.5685539245605 40.5497665405273 40.3698577880859 40.2361030578613 40.2204742431641 39.9720191955566 39.7560424804688 39.6308555603027 39.3982543945312 38.9292068481445 38.397388458252 37.1289100646973 37.4191741943359 37.4842681884766 37.617374420166 38.4629173278809 38.0632362365723 37.3057708740234 37.1044578552246 36.8992576599121 36.8417434692383 38.3581848144531 39.0917663574219 39.1434783935547 38.4085311889648 37.5021324157715 37.204517364502 36.8678512573242 36.6090545654297 35.6642265319824 35.5789489746094 35.185920715332 34.7890853881836 35.0113105773926 36.6520462036133 36.6907920837402 35.6485137939453 34.3135452270508 35.2594757080078 35.3415069580078
39.4500350952148 40.1983070373535 40.2204093933105 39.7495269775391 40.4151458740234 40.5628852844238 40.584774017334 40.5617599487305 40.5045928955078 40.3039665222168 40.2043380737305 40.1254844665527 39.9635124206543 39.7742500305176 39.5079078674316 38.9800224304199 38.2021980285645 37.786979675293 37.3535003662109 37.5813865661621 37.6432876586914 38.0289268493652 37.4555168151855 37.2858963012695 36.9929847717285 36.3942070007324 36.6284294128418 38.2620468139648 38.9990615844727 39.0241317749023 38.9952697753906 38.8185348510742 37.8068885803223 36.9255218505859 36.849235534668 36.3897247314453 36.4907455444336 36.2997741699219 35.8948440551758 36.3283958435059 37.658073425293 37.6737632751465 37.2788887023926 36.7455062866211 36.6187744140625 36.0629081726074
40.1225852966309 40.3319129943848 40.3846817016602 40.3761749267578 40.4411697387695 40.5580902099609 40.5641288757324 40.5518455505371 40.5045585632324 40.4349899291992 40.2714729309082 40.1986236572266 40.10546875 39.9195938110352 39.6778335571289 39.2402877807617 38.4495887756348 38.0586280822754 37.402458190918 37.290355682373 37.3448791503906 37.7308349609375 37.3740882873535 37.1238632202148 37.0542831420898 37.0695991516113 37.7788009643555 38.7365646362305 39.0538101196289 38.5911483764648 38.5011520385742 38.483341217041 38.6534233093262 38.1931915283203 37.9322738647461 37.2241554260254 38.127513885498 37.9755325317383 37.9310035705566 37.9253005981445 37.7016487121582 36.8546142578125 35.9784736633301 35.6628723144531 35.5216026306152 34.8271980285645
39.8833885192871 40.481086730957 40.5285224914551 40.5330047607422 40.5211029052734 40.5196800231934 40.4778137207031 40.5077323913574 40.4926147460938 40.468132019043 40.4181747436523 40.2897109985352 40.1247596740723 39.977352142334 39.8018760681152 39.5751113891602 39.1262321472168 38.5188903808594 37.8254737854004 37.1643371582031 37.1792488098145 37.5735816955566 37.4487495422363 37.1786880493164 37.035343170166 37.1693000793457 38.4381942749023 39.0586853027344 39.1043014526367 38.9358673095703 38.4850540161133 37.9177742004395 38.5260238647461 38.6059875488281 38.6235427856445 38.1418495178223 38.4730415344238 38.1949501037598 38.0590438842773 37.8934898376465 36.8021965026855 35.4772567749023 34.2995948791504 34.6001853942871 34.5056419372559 33.5855293273926
39.7837677001953 40.3083381652832 40.1486663818359 40.0362014770508 40.1458015441895 40.4638710021973 40.4461708068848 40.456600189209 40.4595947265625 40.4387512207031 40.400936126709 40.357177734375 40.2518768310547 40.1108856201172 39.9679565429688 39.7631225585938 39.3559226989746 38.977222442627 38.7219390869141 38.1397476196289 37.2629699707031 37.4562759399414 37.2390556335449 37.2937965393066 37.1699600219727 37.1327629089355 38.064338684082 39.0428848266602 39.0992469787598 38.8052558898926 38.6702308654785 37.6918907165527 37.9399909973145 38.1500854492188 38.3979568481445 38.488468170166 38.3327445983887 38.1642379760742 37.8026885986328 37.8324584960938 37.5256233215332 36.3686790466309 35.6201286315918 36.1029891967773 35.684684753418 34.6246185302734
40.0822410583496 40.298713684082 39.9435234069824 39.348575592041 39.4370727539062 40.2591323852539 40.4199867248535 40.3819389343262 40.3867530822754 40.390754699707 40.3138313293457 40.3308715820312 40.2791748046875 40.175178527832 40.0370330810547 39.863151550293 39.5658531188965 38.9679870605469 38.5911254882812 38.1621551513672 37.5320281982422 37.429271697998 37.2489852905273 37.0415916442871 36.9990844726562 37.3371124267578 38.3335647583008 39.0167121887207 38.5596122741699 38.3485565185547 38.4303703308105 38.0852661132812 37.7813453674316 37.4659690856934 37.206226348877 37.634521484375 37.4334831237793 37.7116584777832 37.6214179992676 37.4221687316895 37.1671142578125 37.418643951416 37.1814575195312 36.876293182373 36.3154220581055 35.8629570007324
40.2004890441895 40.2595520019531 40.0888404846191 39.8093719482422 39.5345497131348 40.0138664245605 40.2586784362793 40.2706031799316 40.302562713623 40.3450622558594 40.326358795166 40.3420257568359 40.2802810668945 40.2199630737305 40.0783233642578 39.8808288574219 39.6457595825195 39.4492034912109 39.0846672058105 38.4875755310059 38.1271743774414 37.8672409057617 37.3873443603516 36.7823791503906 36.9184913635254 37.1354713439941 38.415454864502 38.8755302429199 37.1631355285645 36.7762985229492 37.3514518737793 37.525260925293 37.4689903259277 37.2558708190918 36.7955513000488 36.5445594787598 37.0027198791504 36.8388481140137 36.7922859191895 36.7294883728027 36.4705200195312 36.1593246459961 36.3747711181641 36.786205291748 36.1982841491699 35.1523704528809
40.083683013916 40.0855293273926 40.1051216125488 39.8572425842285 39.6030921936035 39.7625503540039 39.9353561401367 40.0998268127441 40.1881370544434 40.2863540649414 40.2612571716309 40.2364654541016 40.3014450073242 40.2327117919922 40.1194686889648 39.8736724853516 39.827262878418 39.6869964599609 39.4570274353027 39.1049385070801 38.9622230529785 38.2193908691406 37.660099029541 37.2138557434082 37.1984596252441 37.5402793884277 38.4481163024902 38.3483238220215 38.0670700073242 37.9563369750977 37.236946105957 37.1501846313477 36.9599266052246 36.8120040893555 36.1291961669922 35.7369651794434 35.90625 35.8395881652832 36.0400772094727 35.8376808166504 35.8092880249023 34.9275512695312 35.5686798095703 36.3347473144531 36.0990028381348 34.7418403625488
39.5975952148438 39.8650894165039 40.0466232299805 39.9473724365234 39.7636642456055 39.6410140991211 39.6086769104004 39.9313697814941 40.0229377746582 40.1678619384766 40.2314949035645 40.2081298828125 40.2508926391602 40.2554473876953 40.0907135009766 39.9903945922852 39.8975067138672 39.7898559570312 39.6383323669434 39.4482421875 39.2536582946777 38.5849113464355 37.5237731933594 37.593635559082 36.941764831543 37.4671287536621 38.3164024353027 37.7943840026855 37.9532470703125 38.3630828857422 38.2410659790039 38.0678939819336 37.4385795593262 37.0286483764648 35.5588760375977 34.3675918579102 34.381290435791 34.2634239196777 34.2122840881348 34.6297225952148 34.7652473449707 34.9127578735352 35.0759620666504 35.8642501831055 35.714298248291 35.3341102600098
39.7318000793457 39.7900314331055 39.9066848754883 39.8786010742188 39.8398742675781 39.5565490722656 39.3400344848633 39.095588684082 39.6831970214844 40.1195831298828 40.2290573120117 40.2446136474609 40.3038864135742 40.2912902832031 40.0150146484375 39.6469192504883 39.6397476196289 39.6828079223633 39.712532043457 39.5927505493164 39.4529724121094 39.0596008300781 38.0324897766113 38.3012199401855 37.4016380310059 37.3833808898926 37.4909439086914 37.7735290527344 36.7922477722168 37.3938522338867 37.0359115600586 37.1130828857422 38.2409019470215 37.8331527709961 36.9322052001953 34.8479766845703 33.974925994873 33.9642944335938 33.330997467041 33.7166519165039 34.2890167236328 34.2481689453125 34.3132934570312 35.5576629638672 35.1329040527344 34.6257438659668
39.8024101257324 39.7071685791016 39.7534942626953 39.5704193115234 39.7439804077148 39.6590042114258 39.4334411621094 39.1879959106445 39.3570404052734 39.8989791870117 40.1113815307617 40.2575225830078 40.2861099243164 40.2466888427734 40.1847152709961 39.8172225952148 39.4479370117188 39.2614898681641 39.4941329956055 39.594123840332 39.4567489624023 39.3008270263672 38.9956741333008 38.4557991027832 37.4537734985352 37.2416305541992 37.1687088012695 37.2438125610352 37.2772674560547 36.7701416015625 36.223991394043 36.917537689209 38.0070343017578 37.3102569580078 37.4954071044922 36.9803276062012 36.5511665344238 36.411678314209 35.4833946228027 34.4380798339844 35.0873985290527 34.7614517211914 35.1092720031738 35.2642784118652 34.968677520752 34.5179214477539
