inst/extdata/Tmax/Tmax15.asc
NCOLS 100 
NROWS 79 
XLLCORNER 148.06 
YLLCORNER -21.49 
CELLSIZE 0.01 
NODATA_value -3.4e+38 
[rows 0 to 19 of 79, columns 0 to 45 of 100]
26.398160934448200 26.4639110565186 25.7286758422852 26.7101993560791 26.7091636657715 26.9774856567383 26.9611358642578 26.6700019836426 26.4036750793457 26.5349082946777 26.0894603729248 26.0699329376221 26.0601596832275 24.9693088531494 25.3791275024414 25.7071056365967 25.8800296783447 25.9045734405518 24.5620613098145 24.0031604766846 23.0891742706299 21.7374286651611 22.19948387146 23.4850387573242 24.1527938842773 24.8204765319824 24.4104385375977 24.3965816497803 24.6306915283203 24.2173614501953 22.0835762023926 20.203971862793 18.1823825836182 18.3288326263428 17.1237812042236 15.8230228424072 15.3879718780518 15.0718460083008 15.7286739349365 17.6713485717773 19.5273475646973 19.9258499145508 20.6586227416992 26.2889041900635 25.9525833129883 24.9751586914062
27.0203685760498 25.9643535614014 24.5463333129883 25.2371711730957 25.2066955566406 26.2255249023438 26.6618595123291 26.7969169616699 27.3284664154053 27.396203994751 26.796106338501 25.8219566345215 26.4266452789307 25.381591796875 25.6437454223633 25.2955951690674 26.0700817108154 25.8483753204346 25.0909843444824 24.1796054840088 24.3609580993652 23.5458755493164 23.2697582244873 23.6547050476074 24.1278820037842 24.6670379638672 25.1014213562012 25.0758571624756 24.7424545288086 24.2867889404297 23.1059398651123 21.1462116241455 18.9737339019775 21.2311134338379 17.957405090332 16.6736698150635 16.0715427398682 17.0038089752197 18.1350326538086 19.0625476837158 20.6890563964844 20.815092086792 24.047534942627 24.8650817871094 25.5189094543457 24.4161968231201
26.8286800384521 25.8442821502686 25.853479385376 26.3873271942139 25.7392692565918 26.0754489898682 26.4709796905518 26.9492130279541 27.3255481719971 27.3873100280762 26.864559173584 26.1060581207275 26.3985500335693 25.9432849884033 25.3698692321777 25.3867683410645 25.4509544372559 25.7147827148438 24.9192676544189 24.4122200012207 23.8904876708984 24.1616668701172 23.6589050292969 23.9300231933594 24.7741851806641 24.9978523254395 24.9905033111572 24.9791393280029 25.1922855377197 24.6159439086914 24.8845176696777 23.3962059020996 24.464771270752 21.2334270477295 23.2108936309814 17.3037757873535 16.3135356903076 16.016580581665 17.1069049835205 18.3048419952393 20.0942935943604 26.5063495635986 26.4978408813477 23.141450881958 23.0043640136719 25.5613174438477
27.3543910980225 27.1266193389893 26.1652278900146 27.1879043579102 26.4095039367676 25.882791519165 26.4578266143799 26.8600654602051 27.1461086273193 27.3064594268799 27.0753631591797 26.5315017700195 26.4120979309082 26.4032688140869 26.0457439422607 25.9665336608887 26.0534801483154 25.5944004058838 25.3850936889648 24.3995685577393 24.1408405303955 23.8796730041504 23.9612941741943 23.9662532806396 24.573787689209 24.865779876709 24.7861785888672 24.8286876678467 24.50341796875 23.6273918151855 23.8856182098389 24.9757556915283 23.5806922912598 21.389705657959 17.4892997741699 16.5908432006836 16.7722930908203 16.2115840911865 16.1660766601562 15.6965093612671 17.2485275268555 19.8253154754639 23.5206470489502 27.1334247589111 21.2646541595459 21.3221874237061
28.0086727142334 27.2123146057129 27.0420169830322 27.5502548217773 27.1414279937744 26.6562595367432 26.0321769714355 26.9521102905273 27.7568893432617 27.0306243896484 27.1994857788086 26.8622245788574 26.7806549072266 26.6326236724854 26.1608009338379 25.7918357849121 25.7741527557373 25.2254028320312 24.5443496704102 23.7872543334961 23.7930603027344 24.2531776428223 24.2563896179199 24.4625415802002 24.1909332275391 24.1048946380615 25.4004001617432 24.6136646270752 24.4805908203125 24.6426830291748 24.0686073303223 24.2597980499268 23.4800052642822 22.4941158294678 23.0376873016357 18.1220397949219 17.6211624145508 17.1446933746338 15.8245048522949 15.7581930160522 15.6048412322998 19.2391376495361 22.6849479675293 24.8073482513428 20.5703010559082 19.6077346801758
28.5084896087646 27.8815803527832 27.1420021057129 27.4422149658203 27.6171531677246 27.0408935546875 26.9917469024658 27.2069664001465 27.3699035644531 27.1677341461182 27.0277004241943 27.4206676483154 26.9421043395996 26.4442138671875 25.5397434234619 25.7901153564453 25.7025279998779 24.9285411834717 24.2306442260742 23.6515274047852 23.6873474121094 24.3208141326904 24.3773765563965 24.2897243499756 25.1039543151855 24.7176933288574 24.8722362518311 23.8117122650146 23.6500091552734 23.0064296722412 22.1295490264893 23.1971969604492 23.8964157104492 23.0083980560303 22.5608959197998 22.8929557800293 18.2489490509033 17.6748676300049 17.1704177856445 16.6528186798096 15.8183431625366 18.2587795257568 23.6781177520752 22.8099784851074 20.8352870941162 17.8099975585938
27.5388946533203 28.1151485443115 27.9737968444824 28.2633571624756 27.7237739562988 27.3702278137207 26.4586067199707 26.7496929168701 27.3073081970215 27.4695339202881 27.6912574768066 27.6797561645508 26.6601867675781 26.1084728240967 26.01096534729 26.0254821777344 25.511661529541 24.7913360595703 24.3015537261963 23.7695655822754 23.187952041626 23.8478050231934 24.2863292694092 24.5009994506836 24.8610763549805 25.2294540405273 25.1514263153076 24.2498798370361 24.0174331665039 22.2785568237305 21.4050407409668 20.5736789703369 21.8812217712402 22.7242221832275 22.5635719299316 22.1334285736084 18.6015434265137 16.9011211395264 16.99072265625 16.8611888885498 16.8051509857178 18.5296382904053 24.4468765258789 25.6665592193604 21.0738716125488 23.537015914917
28.1806049346924 27.6371688842773 28.3715629577637 28.4819450378418 27.8388595581055 27.5711231231689 26.5507469177246 26.6482105255127 27.178243637085 27.336856842041 27.2644958496094 27.062183380127 26.2902011871338 26.7652893066406 26.6045837402344 25.374942779541 25.0468940734863 24.3036022186279 24.7792873382568 23.592399597168 22.6122245788574 23.1812782287598 23.6494426727295 24.6037769317627 24.9295902252197 25.2169456481934 24.9581298828125 23.9860057830811 23.580940246582 23.0933132171631 21.0404663085938 20.5821495056152 21.2866249084473 21.0672779083252 21.6687278747559 21.8946113586426 17.8988132476807 16.9780387878418 16.598705291748 17.036205291748 17.163610458374 18.2977161407471 19.4373359680176 20.7867412567139 20.8971118927002 18.4588985443115
27.4329776763916 28.0509586334229 27.6833572387695 27.8234443664551 27.7206592559814 27.6658554077148 27.2426071166992 26.4862251281738 26.8506526947021 27.2433605194092 27.361644744873 27.7561588287354 27.963960647583 26.8133773803711 26.4109306335449 25.1591625213623 24.9440307617188 24.8516750335693 25.0556201934814 23.782377243042 23.7691249847412 23.3767108917236 23.6967678070068 24.511682510376 25.0068988800049 25.331844329834 24.2970428466797 22.7518939971924 23.1915111541748 23.037088394165 22.0201206207275 21.0633640289307 20.7473907470703 20.0827007293701 22.647518157959 20.6185894012451 21.4892158508301 21.7678985595703 16.7484588623047 16.585277557373 16.651819229126 16.8310585021973 17.3390216827393 19.1016025543213 19.864595413208 18.3749523162842
26.7987899780273 27.6965503692627 27.8974437713623 28.351583480835 27.6950435638428 27.7582168579102 27.2867679595947 26.7918357849121 26.9645080566406 26.8848400115967 27.2899627685547 27.3344669342041 26.2907295227051 26.1864681243896 26.1354789733887 25.8813056945801 25.7027587890625 25.396146774292 24.8631820678711 24.7068462371826 24.7094898223877 23.8710918426514 24.2504482269287 24.9821300506592 25.7382164001465 25.6393756866455 24.4661846160889 23.8946723937988 23.1597747802734 22.0488376617432 21.2388038635254 20.8573169708252 20.9178199768066 21.5655326843262 21.9743118286133 20.2897281646729 17.2915344238281 20.618953704834 17.3017616271973 16.3286590576172 16.3134632110596 15.9526815414429 16.5587749481201 17.6427249908447 17.7374420166016 17.4123039245605
27.1251697540283 28.117769241333 27.9784202575684 27.4414482116699 28.1594791412354 28.3047866821289 27.7256927490234 27.146484375 27.2157192230225 27.1741027832031 27.4938640594482 26.9283485412598 26.6584434509277 25.5498504638672 25.6828632354736 25.6834335327148 25.610860824585 25.7292423248291 25.3209476470947 25.277214050293 24.1615161895752 24.1009120941162 23.9201431274414 24.750804901123 25.0631084442139 25.9017143249512 24.221263885498 22.4233493804932 21.7192287445068 21.5240058898926 21.1222400665283 21.565803527832 22.2422904968262 22.1772747039795 21.6540222167969 19.874059677124 17.4420166015625 17.1196460723877 17.1200885772705 16.3226146697998 16.4176807403564 15.9512844085693 15.8062829971313 16.5596103668213 17.0222015380859 17.3548851013184
27.6116142272949 27.0162830352783 27.6295108795166 27.7505683898926 27.8029670715332 28.7198581695557 28.0077114105225 27.2640933990479 27.0612392425537 27.3058624267578 26.9925975799561 27.4620037078857 27.1005897521973 26.5563068389893 26.3107872009277 26.0714855194092 26.2645740509033 26.0474491119385 25.8201313018799 25.1482734680176 24.3557834625244 23.918643951416 24.3569068908691 24.3009147644043 24.1213245391846 24.7224922180176 23.1973037719727 22.471887588501 21.9357891082764 22.1839122772217 22.461145401001 22.4354286193848 22.3619365692139 21.8753929138184 21.7907657623291 20.717737197876 21.498498916626 16.5023822784424 17.1134948730469 17.344352722168 17.1327686309814 16.8076496124268 15.9318685531616 16.6810131072998 16.9271106719971 17.0408172607422
27.7200736999512 27.8002910614014 27.7948932647705 28.4876728057861 28.3521118164062 28.4046192169189 27.7277793884277 27.0089073181152 27.326940536499 28.2810592651367 27.273775100708 27.6080932617188 26.9217948913574 27.391056060791 26.910961151123 26.5890808105469 27.0662250518799 26.5262069702148 26.2497997283936 24.9901580810547 24.7783222198486 25.1627769470215 25.193941116333 25.6512489318848 25.5123233795166 24.9600009918213 24.5780811309814 23.7753486633301 22.9746379852295 22.6614646911621 23.4917526245117 23.203462600708 23.0398921966553 22.5674247741699 21.2375049591064 20.5096893310547 19.3611736297607 20.7168502807617 19.608922958374 17.9308967590332 16.4711952209473 16.223388671875 15.8052635192871 15.5411691665649 17.2343521118164 17.6335926055908
28.3738918304443 28.5861282348633 27.2861728668213 27.7599582672119 27.3294353485107 27.3400955200195 28.0704364776611 27.486385345459 27.6784572601318 27.609977722168 27.5502948760986 27.3607864379883 26.982666015625 26.5163917541504 26.8385124206543 26.4384651184082 26.8106555938721 26.5155410766602 26.3129405975342 25.6485328674316 25.8428764343262 25.8953075408936 25.6328830718994 25.7563171386719 25.0031757354736 23.3632316589355 22.9542827606201 22.9207286834717 22.2379188537598 22.6132469177246 23.4778804779053 23.2746505737305 22.8147830963135 22.0532646179199 21.3874244689941 22.9383773803711 21.4509563446045 17.7523803710938 21.8826942443848 23.3016662597656 22.4747505187988 17.8715171813965 16.971549987793 16.784252166748 17.3529033660889 18.2647304534912
26.8946075439453 27.0727729797363 27.5764102935791 27.9772472381592 27.7164192199707 27.5281848907471 27.5235900878906 28.204029083252 27.1411800384521 26.9003868103027 26.9582405090332 26.7241725921631 26.1093654632568 26.0166435241699 26.302978515625 25.7897434234619 26.5714244842529 26.6056022644043 26.4301986694336 26.5155162811279 26.228006362915 25.5787048339844 24.852108001709 24.9365310668945 24.8152923583984 24.6518115997314 24.3558597564697 23.7908496856689 23.2466945648193 23.9138813018799 23.2601184844971 23.6111526489258 23.435754776001 23.4679203033447 23.1026363372803 21.7030944824219 22.3818740844727 21.9296474456787 21.7049026489258 23.244441986084 22.9943695068359 23.0348224639893 17.829906463623 16.9773635864258 17.4413757324219 18.5532493591309
25.3276195526123 26.7844982147217 27.7059459686279 27.4096698760986 28.0979309082031 28.0448055267334 27.8104381561279 27.3761692047119 27.9384632110596 27.4250755310059 25.9731521606445 26.701623916626 25.5682182312012 24.7547702789307 25.8027572631836 25.6512489318848 25.0940418243408 25.711030960083 26.4736747741699 26.2059631347656 26.0515689849854 25.8403396606445 25.733736038208 25.6983032226562 25.356954574585 24.9917964935303 25.1832752227783 24.7304096221924 24.5491485595703 24.2266006469727 23.9982070922852 23.3582572937012 23.3504829406738 23.8571033477783 23.6919841766357 23.5588283538818 23.9921436309814 22.2917442321777 23.6041297912598 24.2027034759521 23.5544357299805 22.0072326660156 17.0393161773682 16.096658706665 16.7347278594971 17.7050609588623
26.5431423187256 25.444637298584 26.828426361084 27.8351440429688 26.8587818145752 26.8229694366455 27.9794330596924 27.2477016448975 27.1640090942383 27.4708137512207 26.3791465759277 26.3513317108154 25.139762878418 24.5308036804199 25.414342880249 24.3995208740234 24.2714595794678 25.2780704498291 25.2984104156494 25.5303955078125 26.0429611206055 25.9782581329346 25.4337139129639 25.4578666687012 24.773365020752 24.1976623535156 23.6165904998779 23.9933395385742 24.5647621154785 23.5476245880127 23.193603515625 22.5650291442871 22.8602962493896 23.7180995941162 23.9458255767822 23.6817893981934 24.2363605499268 24.2165241241455 23.6925964355469 23.2249221801758 23.4955253601074 21.7916393280029 20.5940532684326 17.580078125 17.0586109161377 17.9537734985352
26.9277763366699 26.7960815429688 26.8495273590088 28.0103454589844 27.2833385467529 27.6828937530518 28.2112865447998 28.2262573242188 28.4565467834473 28.1604118347168 27.8132801055908 27.3411769866943 25.3722991943359 24.7433338165283 25.1566963195801 24.6104698181152 24.299840927124 24.1415576934814 23.4404792785645 24.6671676635742 25.5162467956543 26.291332244873 26.5309448242188 25.9149475097656 24.5844917297363 23.0666484832764 22.2987823486328 22.9802112579346 23.9200859069824 23.4599800109863 23.2353343963623 24.0564231872559 23.968599319458 24.0106067657471 24.6970653533936 23.779712677002 23.2947673797607 23.2311840057373 23.7993850708008 23.8851184844971 24.377405166626 23.9249839782715 22.7682132720947 22.3012390136719 19.5161743164062 19.0165195465088
27.9562225341797 26.7239665985107 26.3015613555908 26.8749313354492 27.0453071594238 27.6329364776611 28.4452686309814 27.6547966003418 28.5361576080322 28.1502208709717 26.8253345489502 27.0618343353271 26.090633392334 23.2954177856445 23.674840927124 22.9350166320801 23.3524017333984 22.7216281890869 23.8554267883301 24.9003410339355 26.0913543701172 25.8633670806885 26.393440246582 26.3149585723877 24.9706687927246 23.6750545501709 22.201192855835 22.6719741821289 24.2181644439697 23.4101943969727 23.7267379760742 24.4553279876709 25.3904209136963 25.4024982452393 24.5079784393311 24.1088714599609 23.5563869476318 23.5888442993164 24.4102821350098 24.4331455230713 24.5434398651123 24.4462718963623 24.1351013183594 23.8267631530762 21.9969692230225 18.9220638275146
26.8422164916992 26.8708000183105 27.246639251709 26.9126758575439 27.6263656616211 27.5123863220215 28.4231224060059 28.3948001861572 27.349702835083 27.6635780334473 27.9999389648438 27.1795673370361 26.1745109558105 22.9332656860352 23.4293918609619 23.5304737091064 23.0714073181152 23.414457321167 23.4434719085693 24.6136817932129 25.8453407287598 25.5424194335938 26.1192951202393 26.1766910552979 25.708122253418 24.7158489227295 23.5411167144775 23.2515239715576 23.9823207855225 24.2382564544678 24.9013957977295 25.3324451446533 25.4030227661133 25.4343967437744 25.5033531188965 24.4654655456543 23.5864238739014 23.5073051452637 23.6049861907959 24.1160926818848 24.9365329742432 24.5142269134521 23.5535526275635 23.6229705810547 22.5520839691162 21.9706192016602
