inst/extdata/Tmax/Tmax159.asc
NCOLS 100 
NROWS 79 
XLLCORNER 148.06 
YLLCORNER -21.49 
CELLSIZE 0.01 
NODATA_value -3.4e+38 
[rows 0 to 19 of 79, columns 0 to 45 of 100]
38.613220214843800 38.260612487793 37.3426856994629 37.6880798339844 37.8225326538086 38.2293128967285 38.4353637695312 38.6266632080078 38.5868911743164 38.4016647338867 37.8959503173828 37.6689796447754 37.5888252258301 36.4194183349609 36.8778953552246 37.272159576416 37.6641578674316 37.6401863098145 36.8175354003906 36.1899566650391 36.0522613525391 35.1559104919434 35.5600433349609 36.7684745788574 37.3197937011719 37.5953369140625 37.451171875 37.5209655761719 37.1858444213867 36.7975769042969 35.9068450927734 34.1331901550293 35.333984375 35.2534675598145 34.1246910095215 33.0936660766602 32.9804229736328 32.6453666687012 33.3285827636719 35.0934448242188 36.7547073364258 37.0511093139648 37.9017105102539 38.3009452819824 38.5146522521973 38.6808319091797
38.4481925964355 37.9210624694824 37.1896553039551 37.2774848937988 36.7310562133789 37.6063575744629 38.1380996704102 38.4994506835938 38.6485900878906 38.5237426757812 38.1567916870117 37.810375213623 37.9407196044922 37.5005645751953 37.3407096862793 37.2294616699219 37.6406593322754 37.6838531494141 36.6822052001953 36.1172103881836 36.6130485534668 36.3579483032227 36.2515602111816 36.6657447814941 37.1669387817383 37.3711700439453 37.6701354980469 37.6289443969727 37.4010391235352 37.1739807128906 36.2757720947266 34.9293670654297 36.0380821228027 35.6428489685059 35.0082397460938 34.0918807983398 33.6582908630371 34.0140953063965 35.0390510559082 36.218433380127 37.9226150512695 38.3975982666016 38.5664672851562 38.5804634094238 38.6594161987305 38.7240829467773
38.4323348999023 37.6224899291992 37.7373046875 37.860466003418 37.4168739318848 37.5290946960449 37.9058837890625 38.5063629150391 38.7136459350586 38.5684280395508 38.2562713623047 38.1073112487793 38.01513671875 37.9629211425781 37.6407127380371 37.4863052368164 37.7047462463379 37.8815689086914 37.2642478942871 37.0684356689453 36.9263114929199 36.5995635986328 36.3790740966797 36.4938583374023 37.3827972412109 37.683219909668 37.4939346313477 37.4828491210938 37.4953536987305 37.1581802368164 37.2345962524414 36.1545791625977 36.4270782470703 35.206428527832 34.9172973632812 34.3089141845703 33.7999038696289 33.3398742675781 34.3337707519531 35.4810333251953 37.0646286010742 38.2255249023438 38.6264686584473 38.7220687866211 38.7154579162598 38.6774253845215
38.6701812744141 38.3030776977539 37.9748077392578 38.5972061157227 38.0748825073242 37.6568222045898 38.0119934082031 38.6249732971191 38.8216934204102 38.6751747131348 38.51904296875 38.4695243835449 38.3588371276855 38.1828842163086 37.7116851806641 37.5316925048828 37.9157104492188 37.9793548583984 37.7427139282227 37.2381286621094 36.914852142334 36.5367660522461 36.6111907958984 36.5750846862793 37.1944961547852 37.6817169189453 37.2697715759277 37.5775756835938 37.3823280334473 36.484504699707 37.1051177978516 37.1923408508301 36.3728256225586 35.1413078308105 34.5941543579102 33.7520599365234 34.00634765625 33.5257568359375 33.4150009155273 32.9652862548828 34.4546279907227 37.3383026123047 38.4381942749023 38.7174797058105 38.4360160827637 38.3342628479004
39.2968940734863 38.6602554321289 38.4208068847656 38.868278503418 38.6109771728516 37.9474411010742 37.9664497375488 38.6659202575684 38.8411712646484 38.4242706298828 38.4356994628906 38.6600646972656 38.5251922607422 38.2178649902344 37.8190727233887 37.9985504150391 38.0778961181641 37.7995872497559 37.2977600097656 36.5780563354492 36.7555694580078 36.9039077758789 37.0430183410645 37.2675933837891 37.2836799621582 36.9263610839844 37.7348098754883 37.3176231384277 37.1813278198242 36.6494140625 37.055046081543 36.8534278869629 36.5226631164551 35.5250129699707 35.029354095459 35.3314094543457 35.0202674865723 34.4932556152344 33.9717178344727 33.2566947937012 32.9412536621094 36.3564949035645 38.1098175048828 38.6222648620605 37.8367691040039 37.0301132202148
39.4775199890137 39.1804275512695 38.4210433959961 38.895866394043 38.9843673706055 38.5160598754883 38.1999282836914 38.715087890625 38.9058113098145 38.5832633972168 38.4640464782715 38.7628936767578 38.5909271240234 38.2849388122559 37.5616188049316 38.1337051391602 38.0296020507812 37.538890838623 36.9806098937988 36.5724029541016 36.6695785522461 36.9052658081055 37.2463569641113 37.2543640136719 37.5931587219238 37.4815444946289 37.5616226196289 36.728630065918 36.7342300415039 35.6543159484863 36.3720855712891 36.9022216796875 37.022834777832 36.6623802185059 36.282958984375 36.2234649658203 35.3660278320312 34.8946647644043 34.5798950195312 33.7865219116211 33.2988319396973 35.8758392333984 37.9914283752441 38.5881614685059 38.0319709777832 35.6676445007324
39.7049903869629 39.390998840332 38.9703979492188 39.1726837158203 39.122200012207 38.6979446411133 37.990894317627 38.6000518798828 38.8230781555176 38.9901351928711 38.9292411804199 38.7441825866699 38.2632446289062 38.3994293212891 38.3729248046875 38.217903137207 37.987377166748 37.3726921081543 37.1620788574219 36.864143371582 36.2933197021484 36.4819946289062 36.945499420166 37.3853416442871 37.7922439575195 37.7177391052246 37.7297019958496 37.1356163024902 36.7420616149902 35.5420036315918 35.5502433776855 35.6529998779297 36.6463813781738 36.8472595214844 36.346134185791 36.2355995178223 35.6360015869141 34.2843246459961 34.5239410400391 34.0952072143555 33.9411544799805 35.6737480163574 37.761417388916 38.3326148986816 38.0968894958496 36.1890335083008
39.6962928771973 39.5677261352539 39.2527008056641 39.2938690185547 39.2541427612305 38.9543228149414 38.2799491882324 38.1504249572754 38.5052490234375 38.9099082946777 39.0443420410156 38.6997680664062 37.9334526062012 38.1975212097168 38.4707984924316 37.6916046142578 37.624641418457 36.8519554138184 36.7785758972168 36.5464248657227 35.8816108703613 36.3390083312988 36.7724151611328 37.3794059753418 37.9274749755859 37.9522399902344 37.4724273681641 36.982795715332 36.7913208007812 36.0091018676758 34.7118301391602 34.9883117675781 35.3260879516602 35.9149627685547 36.3272171020508 35.7077522277832 35.7676582336426 34.9061546325684 33.9241600036621 34.211799621582 34.4259376525879 35.5093650817871 36.7282943725586 37.9389228820801 37.9031372070312 35.8039894104004
39.4426383972168 39.6908493041992 39.5169715881348 39.4676094055176 39.3211402893066 39.0414657592773 38.6150550842285 38.1087417602539 38.2954978942871 38.9035911560059 39.0958442687988 39.0274238586426 38.7926483154297 38.6263427734375 38.2156677246094 37.3874053955078 37.5629005432129 37.3157958984375 37.4607429504395 36.5301513671875 36.5329704284668 36.3688812255859 36.4721565246582 37.1712951660156 37.8532638549805 38.0733985900879 37.012378692627 36.1154708862305 36.2047004699707 36.1156921386719 35.5339508056641 34.9726448059082 34.5495834350586 35.0132904052734 35.9161949157715 35.3176574707031 35.0745887756348 35.0300025939941 34.1004600524902 33.7867202758789 34.010669708252 34.0985870361328 35.0025978088379 36.8021202087402 37.3753242492676 35.9296264648438
39.1100006103516 39.5842170715332 39.6808090209961 39.5219612121582 39.2878227233887 39.154655456543 38.9152069091797 38.3867683410645 38.0406951904297 38.8138046264648 39.0994758605957 38.625617980957 37.8171195983887 37.891170501709 38.0213356018066 38.0026512145996 38.0321655273438 37.8765068054199 37.6469841003418 37.3068923950195 36.9795799255371 36.3280792236328 36.6650428771973 37.5701446533203 38.0991516113281 37.9918479919434 37.1749496459961 37.0110778808594 36.4690055847168 35.9607200622559 34.7240829467773 34.3313522338867 35.4022521972656 35.2664413452148 35.0645370483398 34.8359146118164 34.6089820861816 34.9040336608887 34.3693771362305 33.6349601745605 33.6732788085938 33.1135520935059 33.9599304199219 35.1161231994629 35.4468002319336 34.8136367797852
38.7562065124512 39.0928649902344 39.7034645080566 39.5977058410645 39.4489326477051 39.3587036132812 39.1286392211914 38.7019653320312 38.6919479370117 38.9741630554199 39.1511535644531 38.7028274536133 38.3231811523438 37.5144004821777 37.6913070678711 38.0223617553711 38.1601066589355 38.4047012329102 37.8920364379883 37.6730194091797 37.2327575683594 36.8467788696289 36.9230804443359 37.5569190979004 38.0717086791992 37.9740409851074 37.165584564209 36.3787651062012 35.3812294006348 35.3827819824219 35.0263328552246 34.9602737426758 35.8180694580078 35.56689453125 34.677490234375 34.4281959533691 34.8890609741211 34.6082458496094 34.2341423034668 33.691333770752 33.750732421875 33.4790992736816 33.1499938964844 33.8733139038086 34.3090286254883 34.6240005493164
38.5907135009766 38.6417808532715 39.6660804748535 39.674446105957 39.5822639465332 39.4439392089844 39.2379188537598 38.8537139892578 38.9082260131836 39.2606201171875 39.2070350646973 38.9737358093262 38.5533714294434 37.9881782531738 37.8796463012695 38.2456207275391 38.6015892028809 38.6055068969727 38.3113403320312 37.7842216491699 37.2250442504883 36.8742904663086 37.0411796569824 37.2101173400879 37.4748458862305 37.8790893554688 36.7563056945801 35.9662780761719 35.3610305786133 35.6037750244141 35.6745567321777 35.5801086425781 36.0015487670898 35.4741363525391 35.227668762207 35.1429901123047 34.7058448791504 34.1249465942383 34.6515846252441 34.8848075866699 34.4549751281738 33.9924049377441 33.4825096130371 33.9311790466309 34.4619979858398 34.8635139465332
38.7537879943848 39.3070907592773 39.6453742980957 39.6075592041016 39.6300621032715 39.5258636474609 39.3570938110352 38.9242286682129 39.0356521606445 39.4103660583496 39.1865577697754 39.1010627746582 38.8581237792969 38.953426361084 38.8487358093262 38.8366966247559 38.8417778015137 38.7633819580078 38.5110740661621 37.9105453491211 37.6050453186035 37.7923812866211 38.1108741760254 38.395881652832 38.2363052368164 37.7555274963379 37.5126266479492 36.9708404541016 36.5856628417969 36.4029769897461 36.4705429077148 36.2513999938965 36.1579513549805 35.5844841003418 35.025520324707 34.5793838500977 34.0320510864258 35.1402168273926 35.4311218261719 35.3803825378418 34.0455474853516 33.9584350585938 33.4859924316406 33.2208366394043 34.5256500244141 35.0910911560059
39.2707138061523 39.512767791748 39.6029319763184 39.5163955688477 39.5432739257812 39.6099052429199 39.5378952026367 39.4052658081055 39.1706085205078 39.3425254821777 39.3168067932129 39.2296981811523 39.0888557434082 38.9790916442871 38.8637847900391 38.7833595275879 38.9448661804199 38.8577919006348 38.7014579772949 38.58056640625 38.4721794128418 38.4261169433594 38.1995849609375 38.3492889404297 37.8459091186523 36.7288093566895 36.6559753417969 36.2491264343262 35.6948394775391 36.4774703979492 36.7741317749023 36.729419708252 35.9606170654297 35.6596145629883 35.5428123474121 35.4889297485352 35.4564819335938 35.1486282348633 35.7745094299316 36.1427040100098 35.6056709289551 35.1375465393066 34.5093765258789 33.9715309143066 35.0310478210449 35.5516395568848
38.4496841430664 39.0403518676758 39.5637245178223 39.4917526245117 39.3556365966797 39.4817276000977 39.4284362792969 39.2405700683594 38.7586402893066 38.8243370056152 39.2256698608398 38.9963836669922 38.3917350769043 38.5993881225586 38.8262214660645 38.1930541992188 38.6930618286133 38.9260444641113 38.8772926330566 38.8293800354004 38.7746543884277 38.2983283996582 37.5676116943359 38.0352554321289 37.8495750427246 37.5481376647949 37.452392578125 37.0840072631836 36.6992797851562 36.9927940368652 36.9550704956055 36.6554679870605 36.2057571411133 36.4510841369629 36.4198837280273 35.4837760925293 36.0276565551758 35.1904449462891 35.5146522521973 36.3178329467773 36.3166007995605 36.0133323669434 35.2471885681152 34.4306678771973 35.0611000061035 35.8952217102051
37.5565605163574 38.5817909240723 39.4221229553223 39.5836791992188 39.5144729614258 39.4944343566895 39.3706398010254 39.2503929138184 39.0068397521973 38.4195022583008 38.007137298584 38.8235893249512 37.8975791931152 37.5850677490234 38.5453147888184 38.1416320800781 38.1108551025391 38.6729202270508 38.717658996582 38.7303695678711 38.7532577514648 38.7215576171875 38.5720367431641 38.3096694946289 37.8341865539551 37.4040336608887 37.4134292602539 37.3649673461914 37.31201171875 37.1148223876953 36.9333114624023 36.4909934997559 36.2191848754883 36.910285949707 36.783821105957 36.4914054870605 36.5029945373535 35.9118347167969 35.5708808898926 36.274959564209 36.5270538330078 35.8013076782227 34.5644836425781 33.486930847168 33.9290351867676 35.6559295654297
38.5829963684082 38.3969802856445 39.0146484375 39.2433929443359 39.5158805847168 39.4896354675293 39.3484687805176 39.1969413757324 39.0279846191406 38.7023620605469 38.0144920349121 38.4510192871094 37.368579864502 37.1257629394531 37.8844337463379 37.7419586181641 37.0398101806641 38.2004585266113 38.2062339782715 38.1963500976562 38.5056343078613 38.6877250671387 38.5867309570312 38.1074905395508 37.1746788024902 36.6093597412109 36.2108421325684 36.5514450073242 37.1258392333984 36.5367584228516 36.3279113769531 35.5774345397949 36.2763633728027 37.1904754638672 36.9956016540527 36.7913970947266 36.8443832397461 36.3766098022461 36.0010414123535 36.3149833679199 36.573902130127 35.3770217895508 34.4216156005859 34.7312622070312 35.0799407958984 35.6847038269043
38.7098236083984 39.0503349304199 39.157642364502 39.1841049194336 39.3584785461426 39.4350166320801 39.3597717285156 39.2734680175781 39.1044769287109 38.5892677307129 38.1766777038574 37.78466796875 37.3854637145996 37.032096862793 37.5490684509277 37.4114761352539 37.4180335998535 37.2508201599121 37.0048065185547 36.9909973144531 38.2139320373535 38.5223579406738 38.5119819641113 38.4033699035645 37.7458534240723 36.5654830932617 35.1968307495117 36.0031509399414 36.7891616821289 35.8737564086914 36.2433166503906 36.8078842163086 37.1490135192871 37.4756202697754 37.3945693969727 37.1822166442871 36.644229888916 35.8062629699707 36.2609481811523 36.5361289978027 36.936637878418 36.5331115722656 36.3908958435059 36.3913536071777 36.3609275817871 35.7295379638672
38.9747695922852 38.9425277709961 38.8004913330078 38.9051818847656 39.428352355957 39.3187484741211 39.3332252502441 39.326244354248 39.2315330505371 38.8407974243164 37.6975021362305 37.7704925537109 37.3483123779297 36.2611541748047 36.9779167175293 36.7577323913574 36.5759162902832 35.9216003417969 36.7300338745117 37.0934562683105 38.2359886169434 38.2634162902832 38.431037902832 38.5615348815918 37.6175537109375 36.5525245666504 35.4280204772949 36.1869506835938 36.7795448303223 36.3088874816895 36.7871322631836 37.264102935791 37.7104682922363 37.7399787902832 37.2486152648926 36.9754676818848 36.5773544311523 36.299674987793 36.9062652587891 37.0311317443848 37.1028022766113 37.0122985839844 36.9020233154297 36.1753082275391 35.321346282959 35.2919464111328
39.1231803894043 39.0934219360352 39.0863037109375 38.9415435791016 39.4443054199219 39.4540786743164 39.382453918457 39.3301010131836 39.26416015625 39.1617279052734 38.803394317627 38.0182228088379 37.2053642272949 36.0670433044434 36.3778076171875 36.3453979492188 35.9090118408203 36.1942138671875 36.437744140625 37.4314460754395 38.262580871582 37.7989883422852 38.5903053283691 38.4316024780273 37.7879409790039 37.5355529785156 36.4640846252441 36.5774917602539 36.9140090942383 36.7509841918945 37.3982353210449 37.363224029541 37.8795928955078 37.8195457458496 37.6677703857422 37.4055976867676 36.4764595031738 36.6764297485352 36.9945678710938 37.0134658813477 37.0782699584961 36.919807434082 36.8659439086914 36.3003730773926 36.2409553527832 36.1188201904297
