inst/extdata/Tmax/Tmax94.asc
NCOLS 100 
NROWS 79 
XLLCORNER 148.06 
YLLCORNER -21.49 
CELLSIZE 0.01 
NODATA_value -3.4e+38 
[rows 40 to 59 of 79, columns 0 to 45 of 100]
40.578117370605497 40.2795753479004 40.3060722351074 40.3464469909668 40.2156562805176 40.3470878601074 40.2891273498535 40.0687217712402 39.5413513183594 40.0300331115723 40.7479438781738 41.1026878356934 41.1494140625 41.2126541137695 41.2919616699219 41.0624809265137 40.769458770752 40.3639030456543 39.7163619995117 40.2799530029297 40.2750625610352 40.1482429504395 40.0836639404297 39.6381645202637 38.6217155456543 37.8872489929199 37.6720962524414 37.7700347900391 37.9106941223145 37.1865234375 36.4505882263184 36.9385452270508 38.3989677429199 38.0975074768066 37.8102912902832 38.1941223144531 38.0897598266602 37.728889465332 37.4851341247559 36.975887298584 36.9363899230957 35.9495849609375 35.2739562988281 35.2748641967773 34.9839096069336 34.8048820495605
40.7615127563477 40.3284072875977 40.1800231933594 40.3022537231445 40.192325592041 40.2894630432129 40.2930870056152 40.1783409118652 39.9024963378906 40.0463409423828 40.4328384399414 40.8229141235352 41.0857772827148 41.2785148620605 41.333797454834 41.1730117797852 40.8442878723145 40.2675666809082 39.8945579528809 40.0647048950195 40.0963592529297 39.8272743225098 40.0351753234863 39.725269317627 38.9771003723145 38.4154319763184 37.7201843261719 37.6186714172363 37.8674697875977 37.3749389648438 36.8931541442871 37.6180152893066 38.4006805419922 37.5502891540527 36.7255783081055 37.6100692749023 37.6586151123047 37.9068832397461 37.8720550537109 37.614559173584 37.4858322143555 36.6640892028809 35.0374183654785 34.9045372009277 34.9980392456055 34.9588851928711
40.6321907043457 40.5851669311523 40.3357238769531 40.2053565979004 40.2797164916992 40.3097686767578 40.2803955078125 40.2427062988281 40.2094459533691 40.1610450744629 40.2225685119629 40.7566337585449 41.1208686828613 41.2877655029297 41.3092575073242 41.2623100280762 41.0179901123047 40.6442832946777 40.3932991027832 40.3445281982422 40.2528038024902 39.5166282653809 39.442195892334 39.7001953125 39.7357292175293 39.2430610656738 38.2658538818359 37.8796234130859 37.796745300293 37.5461807250977 36.5190162658691 37.7507705688477 37.8207893371582 36.5922508239746 35.6566009521484 36.7112998962402 36.7085342407227 37.4627380371094 37.6596221923828 37.3231964111328 37.0641098022461 37.1340751647949 36.4345817565918 36.1897506713867 36.6810340881348 37.8283920288086
40.2525215148926 40.3712882995605 40.3446083068848 40.3440475463867 40.3823509216309 40.379035949707 40.3362884521484 40.2832069396973 40.3505859375 40.3223152160645 40.3377227783203 40.7936515808105 41.0762176513672 41.2546882629395 41.2841453552246 41.3078346252441 41.201961517334 40.9497756958008 40.6403579711914 40.6889228820801 40.4970550537109 40.2018089294434 39.441104888916 39.0465850830078 39.8106575012207 39.5767517089844 39.1265907287598 38.5700492858887 38.1935234069824 37.9994888305664 37.0914459228516 36.9899635314941 37.8004608154297 37.2281303405762 36.4940719604492 35.9672203063965 36.0649147033691 36.3578948974609 36.6283073425293 36.3627662658691 35.8419303894043 36.6884651184082 36.1709098815918 37.2695236206055 39.2796783447266 39.9639511108398
39.936164855957 40.1586456298828 40.1242942810059 40.1298675537109 40.3432273864746 40.4763488769531 40.5035972595215 40.4459648132324 40.5193405151367 40.5763702392578 40.7708396911621 40.9193534851074 41.0690231323242 41.1877517700195 41.2617034912109 41.3266754150391 41.3011665344238 41.1274566650391 40.9569549560547 40.9077987670898 40.7660369873047 40.5995941162109 40.2651214599609 40.030143737793 39.8350677490234 39.3191757202148 39.6171073913574 39.4680328369141 39.1079597473145 38.3361968994141 37.6458129882812 37.6332893371582 38.0014877319336 38.1950416564941 37.8637962341309 36.5279426574707 35.0119895935059 34.9745483398438 35.085865020752 35.4805946350098 35.3457565307617 35.9950141906738 35.433910369873 36.4076118469238 38.4417572021484 40.0004119873047
39.9696197509766 40.0539779663086 39.8677864074707 39.7484588623047 39.9849586486816 40.2389183044434 40.497013092041 40.6362800598145 40.7168731689453 40.8255424499512 40.9085311889648 40.8179550170898 40.5722541809082 40.9969902038574 41.2572135925293 41.316478729248 41.3256492614746 41.2390823364258 41.1418647766113 41.0736999511719 40.9758644104004 40.8500862121582 40.7915802001953 40.1096305847168 39.7210350036621 39.6393203735352 39.7434196472168 39.5409965515137 39.3326606750488 38.7560424804688 37.3426246643066 37.5732192993164 37.9297523498535 38.0075569152832 38.1247100830078 37.1044044494629 35.6111755371094 35.3395919799805 35.3838348388672 35.895565032959 35.2146224975586 35.6430358886719 36.0918846130371 36.454891204834 37.4690780639648 38.8030586242676
39.8223686218262 39.8030090332031 39.8009910583496 39.7225723266602 39.6159744262695 39.6866722106934 40.2470054626465 40.3939323425293 40.5367584228516 40.562816619873 40.813777923584 40.9268341064453 40.6526908874512 40.9469108581543 41.2054138183594 41.2977256774902 41.3160591125488 41.2302131652832 41.1888160705566 41.1470375061035 41.0664405822754 40.9834632873535 40.8732719421387 40.3437042236328 39.4196891784668 39.5486907958984 39.7564353942871 39.4907913208008 39.4374122619629 39.2749443054199 38.3752593994141 38.0025901794434 37.6023254394531 37.9035835266113 38.063793182373 37.5313491821289 36.3142127990723 36.6440811157227 36.0383338928223 36.852783203125 36.2150077819824 36.406867980957 36.5314788818359 36.660961151123 36.6586570739746 36.4471244812012
40.3410377502441 39.6281661987305 39.5262298583984 39.4711723327637 39.4467315673828 39.5937232971191 39.9479141235352 39.9023971557617 40.1906814575195 40.251537322998 40.3478927612305 40.419116973877 40.6340370178223 40.9551734924316 41.1715850830078 41.3074798583984 41.3051376342773 41.1603584289551 40.9626121520996 40.8572311401367 41.0091400146484 40.7973442077637 40.8205146789551 40.7498474121094 40.2400970458984 40.1330299377441 40.1605834960938 39.923770904541 39.7371482849121 39.4894218444824 38.7156677246094 38.2984580993652 37.4939575195312 37.9465026855469 38.0003318786621 37.7408790588379 37.2435836791992 37.5059852600098 37.207405090332 37.4901580810547 37.1948204040527 36.9700126647949 36.792896270752 36.6255722045898 36.2372703552246 35.9722023010254
41.1186027526855 40.2370567321777 39.3717460632324 39.2082786560059 39.3614387512207 39.5774688720703 39.4998397827148 39.5043144226074 39.8925666809082 40.2330627441406 40.3199996948242 40.2981491088867 40.5632743835449 40.9124984741211 41.1868133544922 41.2664489746094 41.2850761413574 41.1939125061035 41.0072326660156 40.7581443786621 40.8405532836914 40.7735786437988 40.6867713928223 40.8355598449707 40.7155380249023 40.5975761413574 40.2865600585938 40.0497398376465 39.9518928527832 39.6242599487305 39.183723449707 38.6541213989258 37.6744232177734 37.8546676635742 37.8251571655273 37.8978157043457 37.7823715209961 37.7552757263184 37.6284866333008 37.4233474731445 36.5130653381348 36.3302345275879 36.5467147827148 36.2552261352539 36.1051979064941 35.7095794677734
41.4160041809082 40.8658103942871 39.9061431884766 39.259162902832 39.2490844726562 39.2432556152344 39.2726936340332 39.670280456543 39.9441108703613 39.8318099975586 40.5351676940918 40.7905578613281 40.916088104248 41.0331954956055 41.1469345092773 41.244800567627 41.2616844177246 41.1900062561035 41.0772132873535 40.9206733703613 40.8050003051758 40.7196846008301 40.5134353637695 40.560905456543 40.750431060791 40.7343711853027 40.4934310913086 39.8715896606445 39.3117561340332 39.6167945861816 39.2789993286133 38.9246215820312 38.0099830627441 37.6738166809082 37.4375991821289 37.7872505187988 37.8727264404297 37.7625274658203 37.7175178527832 37.3657531738281 36.5762062072754 36.129077911377 36.3245811462402 35.9041709899902 35.8067893981934 35.7056465148926
41.4107131958008 41.2298774719238 40.7113876342773 40.0122413635254 39.4103851318359 39.0720291137695 39.2519569396973 39.6186370849609 39.6742095947266 40.0216522216797 40.6779632568359 40.9353790283203 41.080753326416 41.1992835998535 41.2242431640625 41.2550735473633 41.1321258544922 41.1308517456055 41.1399269104004 41.0529937744141 40.9289627075195 40.7417030334473 40.5215950012207 40.4309387207031 40.5545654296875 40.6019172668457 40.6556205749512 40.3823471069336 40.0661811828613 39.9025497436523 39.2864646911621 39.0958251953125 38.1463661193848 37.6828689575195 36.982852935791 37.524845123291 37.6675796508789 37.6610679626465 37.7208442687988 37.5124320983887 36.9197692871094 36.7346267700195 36.6062278747559 36.3631172180176 35.9927635192871 35.7922668457031
41.3760414123535 41.3515434265137 41.0556488037109 40.3113288879395 39.6547012329102 39.3384971618652 39.2878303527832 39.3885955810547 39.1143646240234 39.2956428527832 40.2697677612305 40.7181854248047 40.9225044250488 41.1553077697754 41.2541007995605 41.2141456604004 41.1325302124023 41.1166610717773 41.0793418884277 41.0680236816406 40.9618759155273 40.8349990844727 40.7188835144043 40.4894523620605 40.3591804504395 40.2913932800293 40.2566871643066 40.3718948364258 40.1206817626953 40.2541809082031 40.2803726196289 39.3828506469727 38.7095031738281 38.2021522521973 37.6413650512695 37.7919387817383 37.7356643676758 37.5381164550781 37.700138092041 37.5892143249512 37.0257339477539 36.8484573364258 36.7020034790039 36.4919242858887 35.9284324645996 35.7115097045898
41.1947937011719 41.2932586669922 41.1223754882812 40.0351295471191 39.1359252929688 39.110466003418 39.2259750366211 39.0764007568359 38.7920227050781 38.9501495361328 40.2071685791016 40.7329597473145 40.9805297851562 41.1910781860352 41.2058181762695 41.1533699035645 41.1470565795898 41.0661468505859 41.0211219787598 41.0166091918945 41.0286026000977 40.9571189880371 40.7783584594727 40.552661895752 40.3048858642578 40.1264228820801 40.1042594909668 40.0369987487793 40.0308036804199 39.9146728515625 40.1291275024414 39.9766654968262 39.3422698974609 38.6484184265137 38.1519203186035 38.5338668823242 38.4661521911621 37.9267234802246 37.7042846679688 37.7819480895996 37.5970039367676 37.3081550598145 36.9355010986328 36.6532821655273 36.2654342651367 35.8217163085938
40.9630851745605 41.0528411865234 41.1663780212402 40.6888160705566 39.5657615661621 39.1813888549805 39.5785522460938 39.0176010131836 38.8454437255859 38.9450225830078 40.1572647094727 40.8314819335938 41.074047088623 41.1801109313965 41.1035270690918 40.999942779541 41.0006256103516 41.0141220092773 40.9790878295898 40.8622207641602 40.9177474975586 40.9796829223633 40.8212776184082 40.6514282226562 40.4335556030273 40.2534103393555 39.8684043884277 39.638988494873 39.245475769043 39.6342239379883 39.448413848877 40.0505142211914 40.1007499694824 39.7140655517578 39.1617584228516 39.1983680725098 38.7734413146973 38.3751640319824 38.0259704589844 38.4503555297852 37.9781494140625 37.6749382019043 37.478271484375 37.3190002441406 37.0020751953125 36.8306045532227
40.8267555236816 40.8035316467285 40.9998016357422 41.019588470459 40.5314254760742 40.2702217102051 40.2024459838867 39.8095703125 39.5841598510742 39.6011352539062 39.819580078125 40.2650299072266 40.9894561767578 41.1383247375488 41.0065460205078 40.9128303527832 40.9102439880371 40.9509201049805 40.9096565246582 40.8391761779785 40.8643035888672 40.9670753479004 40.9135971069336 40.7161178588867 40.5953063964844 40.3905181884766 40.0331077575684 39.7745895385742 39.3125534057617 39.5692176818848 38.865291595459 39.3316917419434 39.5901679992676 39.6143951416016 39.7492179870605 39.6130332946777 39.2644882202148 39.1031532287598 38.6002922058105 38.0402755737305 37.9571189880371 38.0159683227539 37.7278251647949 37.5052909851074 37.497802734375 37.3317413330078
40.9286994934082 40.9305953979492 40.9772720336914 41.0173530578613 40.8923110961914 40.2284736633301 40.2332534790039 40.3080978393555 40.0707244873047 40.0274963378906 40.3094863891602 40.7002639770508 41.0552864074707 41.1335716247559 41.0270080566406 40.8292236328125 40.8957138061523 40.8765983581543 40.6629638671875 40.6436233520508 40.7904739379883 40.8642044067383 40.9209632873535 40.8151550292969 40.6844062805176 40.5189552307129 40.3076210021973 40.0065307617188 39.822452545166 39.64794921875 39.1792297363281 38.7680549621582 38.9178657531738 38.8771858215332 39.3708190917969 39.0404319763184 39.3269309997559 39.0633354187012 38.6644744873047 38.202938079834 37.9421463012695 37.7050437927246 37.1495895385742 36.4885787963867 37.1361083984375 37.3475646972656
41.0525512695312 41.0352401733398 40.9942321777344 40.9834671020508 40.8227806091309 39.9599609375 39.7253875732422 40.2069091796875 40.088249206543 39.741325378418 40.0645294189453 40.7834281921387 41.0718688964844 41.1058044433594 41.0143165588379 40.8152236938477 40.8137855529785 40.5795249938965 40.3060989379883 40.4616775512695 40.784481048584 40.7847480773926 40.8712577819824 40.8616600036621 40.6829147338867 40.6143798828125 40.4241027832031 40.0987777709961 40.0031700134277 39.7554244995117 39.3042068481445 38.5485725402832 38.2150802612305 38.3733177185059 38.8803367614746 39.0340995788574 38.6112251281738 38.224910736084 38.443302154541 38.3657760620117 37.985523223877 37.729133605957 37.1177978515625 36.2005348205566 36.7043991088867 37.1197624206543
41.1239128112793 41.0887451171875 41.0280838012695 40.9969482421875 40.9578170776367 40.5906753540039 40.0916290283203 39.8283843994141 39.8382797241211 39.606990814209 40.1363182067871 40.8086891174316 41.0603332519531 41.0728912353516 40.982479095459 40.7871627807617 40.617431640625 40.3870735168457 40.2664031982422 40.5591888427734 40.6974143981934 40.7590942382812 40.7210845947266 40.828369140625 40.7646369934082 40.668270111084 40.4920768737793 40.186695098877 40.0557899475098 39.8409881591797 39.3889312744141 39.1553268432617 38.6521110534668 38.4427032470703 38.3815574645996 38.5461845397949 38.8298301696777 38.6626205444336 38.2624397277832 38.0368690490723 37.8107261657715 37.594898223877 37.3010292053223 36.9454116821289 36.2262382507324 36.5531845092773
41.1589546203613 41.1074523925781 41.0452499389648 41.0354537963867 40.95947265625 40.733154296875 40.419506072998 39.7915916442871 39.676212310791 39.883617401123 40.3910942077637 40.8372077941895 41.0057411193848 40.9997138977051 40.8620910644531 40.6863708496094 40.3765296936035 40.2784423828125 40.4000701904297 40.4342422485352 40.5925025939941 40.5239677429199 40.332649230957 40.6040840148926 40.7948417663574 40.6664657592773 40.4419326782227 40.2654800415039 40.1211624145508 40.0058631896973 39.7956657409668 39.5458106994629 39.2063179016113 39.1452865600586 38.7858085632324 38.4103622436523 38.5123291015625 38.5939788818359 38.3380508422852 38.1697731018066 38.0134506225586 37.7576599121094 37.0623016357422 36.6324577331543 36.7757034301758 36.796703338623
41.1729125976562 41.1871871948242 41.1180953979492 41.0819702148438 40.9644241333008 40.8496475219727 40.7288589477539 40.3436012268066 39.840446472168 39.9480323791504 40.1284408569336 40.4469108581543 40.7565727233887 40.8091697692871 40.7474784851074 40.6004371643066 40.3879547119141 40.2379150390625 40.1210632324219 40.1709976196289 40.4260368347168 40.4263572692871 40.1687240600586 40.5962066650391 40.8201179504395 40.7032508850098 40.5395584106445 40.3618774414062 40.2796859741211 40.157112121582 40.0273475646973 39.7825241088867 39.4313697814941 39.6552925109863 39.5113639831543 39.1008377075195 38.5959205627441 38.4716720581055 38.6041221618652 39.0563774108887 38.2308235168457 37.9372024536133 37.4739990234375 36.711109161377 36.6321029663086 36.4959335327148
