inst/extdata/Tmax/Tmax22.asc
NCOLS 100 
NROWS 79 
XLLCORNER 148.06 
YLLCORNER -21.49 
CELLSIZE 0.01 
NODATA_value -3.4e+38 
[rows 40 to 59 of 79, columns 0 to 45 of 100]
32.895378112792997 32.5507278442383 33.4307670593262 34.0738830566406 33.2587852478027 33.1205825805664 33.1043930053711 33.0992851257324 32.3805847167969 32.7363166809082 33.3218536376953 34.7698516845703 35.2395668029785 34.2153587341309 34.2788772583008 33.8346900939941 33.7169532775879 33.0418968200684 32.3878173828125 32.6213607788086 32.6025352478027 32.7071151733398 32.6704444885254 32.660945892334 31.0189800262451 31.1988391876221 30.416467666626 30.4280967712402 30.7608680725098 29.6965789794922 28.6988716125488 27.6849231719971 29.3312377929688 29.1317691802979 28.6126403808594 29.0137634277344 28.590015411377 25.7806167602539 25.29176902771 24.8503475189209 24.4346904754639 23.5926780700684 23.0206184387207 22.7847919464111 22.5097503662109 24.3195133209229
33.3403701782227 33.0745048522949 33.1903305053711 33.876651763916 34.0029640197754 33.8624801635742 33.1306762695312 33.4718589782715 33.1031455993652 33.7036285400391 33.6972999572754 34.5457382202148 34.8158378601074 34.8303871154785 34.1015663146973 34.8218383789062 34.0234527587891 33.0447425842285 32.3381881713867 32.8747634887695 33.2616195678711 33.48388671875 32.8943290710449 31.9651756286621 30.0256958007812 29.4563045501709 30.071102142334 30.2197189331055 30.4805755615234 30.0061073303223 28.8623714447021 28.8160438537598 29.1322536468506 29.7154006958008 26.7954998016357 27.8345375061035 27.242244720459 25.6979942321777 25.5748920440674 27.106409072876 26.8898029327393 24.5979480743408 22.5804824829102 22.4900512695312 22.543025970459 22.8956623077393
33.3327217102051 33.3052825927734 33.5452270507812 33.6013069152832 33.5063819885254 33.3581008911133 33.3381881713867 33.7284355163574 33.4475975036621 33.6334037780762 34.0396423339844 34.7389221191406 35.4772071838379 34.8820304870605 34.942741394043 34.3966789245605 34.2936935424805 34.1177024841309 33.3616180419922 33.3008003234863 33.6014099121094 32.825740814209 32.7928581237793 32.0878868103027 32.1961479187012 31.5910110473633 29.5256767272949 30.2275524139404 30.2337245941162 29.7367343902588 28.1959648132324 28.2340221405029 27.1760730743408 27.1995315551758 25.9643249511719 26.4012889862061 24.2793598175049 25.192798614502 25.5039157867432 24.9545860290527 25.6773853302002 24.7902812957764 25.0300846099854 23.7304859161377 23.6344375610352 24.5227355957031
32.5549011230469 33.0563430786133 33.465202331543 33.548755645752 33.7987632751465 33.6086769104004 34.3362503051758 34.1041679382324 33.600269317627 33.553279876709 33.7323036193848 34.3628349304199 34.8627548217773 35.0055198669434 35.3822212219238 35.4196968078613 34.9499397277832 34.7072982788086 33.7287788391113 33.5648880004883 33.6452102661133 33.5015640258789 32.9275703430176 31.5715961456299 31.7773933410645 31.6694774627686 31.2333011627197 30.9494209289551 30.1803150177002 30.4041290283203 29.2566413879395 28.850154876709 30.2083587646484 28.983865737915 29.25341796875 23.237377166748 23.8125247955322 23.9577007293701 24.1999015808105 23.8361663818359 23.4776496887207 24.2221069335938 23.8594532012939 24.7037525177002 26.3776779174805 28.7271499633789
32.2290954589844 32.8923492431641 32.8185729980469 32.8170013427734 33.447509765625 33.5988578796387 33.6471061706543 33.8449096679688 33.6689949035645 33.8854103088379 33.6721229553223 34.5276832580566 34.5946044921875 35.213809967041 35.4896697998047 35.2665863037109 34.8519630432129 35.0229568481445 34.8502082824707 34.6642723083496 34.088550567627 33.902400970459 33.1075973510742 33.649486541748 32.9471473693848 31.8161125183105 31.8343334197998 31.1415023803711 31.4688911437988 30.5997257232666 30.3604927062988 29.9303226470947 30.3840923309326 32.1698951721191 32.1274108886719 24.0636348724365 22.7736167907715 22.8172550201416 22.954137802124 23.4892024993896 23.2611770629883 23.7628383636475 23.1493835449219 23.9187507629395 25.4643230438232 28.6745414733887
33.3577537536621 32.7960433959961 32.3193626403809 32.4518547058105 33.1273956298828 33.0498924255371 33.3518447875977 33.7617149353027 33.8721466064453 33.7928276062012 33.6402282714844 34.1443099975586 33.9993858337402 35.0940284729004 35.7122573852539 35.2271995544434 34.7057762145996 35.2806167602539 34.4990005493164 34.218807220459 34.126033782959 33.7754936218262 33.2458724975586 32.1495780944824 32.8334312438965 32.786247253418 31.2609214782715 31.6442985534668 31.793851852417 30.734977722168 29.5931663513184 29.5006484985352 30.5589046478271 30.5850448608398 32.6280708312988 29.2230949401855 23.6064414978027 22.8429832458496 22.9170818328857 23.706090927124 22.970682144165 23.4026527404785 23.9125633239746 23.9633007049561 25.0349273681641 25.7859191894531
32.0447273254395 32.5166091918945 32.9697723388672 32.2274398803711 32.1171188354492 32.5890808105469 33.2575912475586 33.4147300720215 33.431526184082 33.2338752746582 33.8305740356445 33.9520225524902 33.0686531066895 33.7423667907715 35.1672592163086 33.9869422912598 34.0359344482422 35.1384239196777 34.9075698852539 33.6136474609375 33.7995452880859 33.4495582580566 33.5287742614746 33.8405570983887 31.2259426116943 31.5989456176758 31.5633659362793 31.7490921020508 31.896484375 32.0291900634766 30.3836364746094 29.885986328125 29.5022602081299 29.7905197143555 31.2335033416748 31.1896133422852 23.8542957305908 24.035514831543 23.8789043426514 24.5771999359131 23.8390483856201 23.7537899017334 24.0016841888428 29.6260776519775 25.2690353393555 24.3277778625488
33.3318481445312 32.1326560974121 33.0768051147461 31.9801864624023 31.9850463867188 32.2590103149414 32.4802894592285 32.4208869934082 32.2950439453125 32.949764251709 32.70751953125 32.7765617370605 33.1539077758789 34.0071067810059 34.8815650939941 35.0359573364258 34.4301605224609 34.8605194091797 34.7160797119141 33.7305946350098 34.3291282653809 34.2652626037598 32.9172439575195 33.1505928039551 32.8787689208984 33.6205177307129 33.1849899291992 32.5430679321289 32.6358451843262 32.5065803527832 31.8643035888672 31.1245803833008 29.8728580474854 30.8839530944824 30.8748245239258 29.8204708099365 29.4999656677246 27.4725036621094 25.3143405914307 25.2853031158447 24.7775955200195 24.6675682067871 24.6791725158691 24.5076866149902 23.8418560028076 23.5495586395264
34.6731147766113 32.831111907959 31.5644817352295 31.2377319335938 31.3841609954834 32.4801025390625 32.0034980773926 31.9017486572266 31.8184928894043 32.6651000976562 32.83837890625 32.6439514160156 33.1234474182129 34.1819038391113 35.0272941589355 34.1648788452148 34.1885223388672 33.8614692687988 34.3975791931152 33.3477363586426 33.4801254272461 34.4564208984375 34.2228736877441 33.9105911254883 33.3045768737793 32.7299308776855 33.7212905883789 34.3339653015137 33.7491912841797 32.6370887756348 31.6643943786621 31.7256145477295 30.8352127075195 30.6040687561035 30.5737800598145 30.599328994751 30.910680770874 30.7372150421143 30.847749710083 29.1219158172607 24.0976982116699 24.1346416473389 24.4235153198242 24.0152549743652 23.9571132659912 23.5914669036865
34.8735389709473 33.8925628662109 32.9707641601562 31.1159763336182 31.0571556091309 31.1625442504883 31.752649307251 31.8819408416748 31.8893413543701 33.3231163024902 34.1555099487305 33.6302795410156 33.2231025695801 33.3946113586426 33.5419273376465 33.6073265075684 34.1306610107422 34.3144874572754 33.9404487609863 34.6316032409668 33.4810104370117 33.9974746704102 34.3931922912598 34.2550392150879 33.7534561157227 34.2608261108398 32.6654510498047 33.7558822631836 33.1858825683594 32.5038642883301 31.515100479126 32.0611381530762 30.151237487793 30.1014251708984 30.3363151550293 26.9766292572021 31.0475215911865 30.7572193145752 30.4314060211182 30.5577430725098 29.1358642578125 23.9709148406982 23.7014141082764 25.9322261810303 25.8802242279053 26.4173679351807
35.2211532592773 34.3775482177734 33.9069023132324 31.5175151824951 31.4722862243652 31.0617332458496 31.2291374206543 31.8743782043457 31.8155841827393 33.0590744018555 34.1745910644531 33.9821891784668 34.1061897277832 34.4792022705078 34.3116874694824 33.9184722900391 34.2241439819336 34.2221870422363 34.2455368041992 33.4559326171875 34.4154243469238 34.2280044555664 33.9557495117188 33.5004234313965 33.2129325866699 33.1988258361816 32.7963371276855 32.235782623291 33.1762199401855 32.9446792602539 31.8206233978271 32.0026206970215 30.5143928527832 30.6978340148926 29.0218868255615 30.074197769165 29.9995040893555 30.4353828430176 30.2683925628662 30.3483428955078 29.9255619049072 29.1876316070557 27.9261226654053 27.0830135345459 25.7056751251221 25.5748710632324
34.9794044494629 35.1467323303223 34.017951965332 32.3313789367676 32.0457000732422 32.4236068725586 31.8080406188965 31.3792057037354 30.7119045257568 31.6853256225586 33.7026634216309 34.3442764282227 34.5658721923828 33.7654724121094 34.3349456787109 34.2725067138672 34.4338417053223 34.7871017456055 34.92333984375 33.726505279541 34.5937232971191 34.4990501403809 33.1176490783691 33.1443672180176 32.9994049072266 32.1190605163574 31.9955368041992 32.1656188964844 32.9822006225586 33.6640472412109 33.4795227050781 31.3813724517822 31.0340538024902 30.0828037261963 29.765308380127 29.2317180633545 29.3003215789795 30.0515251159668 30.0034313201904 30.0092716217041 29.2750854492188 28.9966468811035 28.5087051391602 27.6093158721924 23.7560806274414 23.5593490600586
34.4257774353027 35.0275802612305 34.7317886352539 31.1896877288818 30.6465091705322 31.5058746337891 31.4077377319336 31.5836353302002 30.703182220459 30.9235324859619 32.7180404663086 32.3954429626465 33.2628936767578 34.3579978942871 33.9763526916504 34.3979454040527 34.5923080444336 34.8793487548828 34.7568511962891 34.6438941955566 34.5912590026855 34.3979339599609 34.2501449584961 33.1547775268555 34.0938568115234 33.7756614685059 32.3730545043945 32.4498023986816 32.5657539367676 33.2677040100098 33.3119735717773 31.9432697296143 30.9684562683105 30.330587387085 30.3005504608154 31.0331687927246 29.1926822662354 28.9216213226318 29.6444301605225 30.7311706542969 30.6479568481445 29.9325618743896 29.850700378418 29.0167236328125 24.0725555419922 23.460620880127
34.7218170166016 34.2122421264648 34.1428451538086 31.964656829834 30.896993637085 32.120002746582 32.1287117004395 31.5708808898926 30.7827854156494 30.9215145111084 32.5200157165527 32.0218544006348 34.0341911315918 34.0114479064941 33.8959312438965 34.7490310668945 34.4247436523438 34.8205986022949 33.608699798584 34.4503936767578 34.548885345459 34.6179885864258 34.4488410949707 33.6398239135742 33.0112571716309 33.225528717041 33.2370567321777 32.6828842163086 32.2044830322266 32.5348243713379 32.9199676513672 33.2318954467773 33.2401847839355 32.431079864502 31.4303283691406 32.0242080688477 30.6620826721191 29.7879199981689 28.5051536560059 29.9138927459717 30.9322605133057 31.0966339111328 30.4992980957031 30.2553730010986 27.714225769043 27.2559146881104
34.4372787475586 33.6076354980469 33.8230781555176 32.9146842956543 32.4141502380371 32.1963577270508 32.731746673584 32.276294708252 32.5717010498047 31.6523418426514 31.694522857666 32.5083503723145 32.7302703857422 33.6683158874512 34.4344024658203 34.6172294616699 34.5444374084473 34.7328414916992 34.7074127197266 33.8980331420898 33.9165840148926 34.5661010742188 34.1439590454102 34.6353569030762 33.8316040039062 33.1699829101562 32.651554107666 33.0542488098145 31.6622447967529 32.7979507446289 32.4197959899902 31.9333209991455 32.9372863769531 32.6760177612305 33.5679359436035 31.2276153564453 31.3231887817383 31.9285621643066 31.6080436706543 30.3053245544434 30.2760066986084 29.4741363525391 28.7188816070557 27.9081344604492 28.0439014434814 24.9411449432373
34.516960144043 34.5537147521973 34.4087257385254 33.3598594665527 33.0067749023438 32.8809852600098 33.3103942871094 33.7050895690918 32.9133491516113 31.778694152832 32.5615119934082 33.9141807556152 33.6313018798828 34.6031265258789 34.4018402099609 34.5218353271484 33.264518737793 33.8775787353516 34.0376930236816 34.0730285644531 33.7054100036621 33.7828063964844 33.4098777770996 34.0416793823242 33.6981353759766 33.9607238769531 33.095775604248 33.4583892822266 32.3771743774414 32.8159141540527 32.9331092834473 32.4347114562988 31.7614078521729 31.7660293579102 32.2380294799805 32.8746032714844 32.5178756713867 32.3861274719238 31.5942573547363 29.9746990203857 29.3467388153076 30.1281223297119 28.0759620666504 24.4762630462646 24.9345684051514 24.715446472168
34.0144538879395 34.4244422912598 33.993709564209 34.5893287658691 33.4198722839355 32.1440315246582 32.8411178588867 33.6048889160156 33.2326278686523 32.4797668457031 32.3697967529297 34.1344680786133 34.5006446838379 33.3638610839844 34.0091018676758 34.4276008605957 33.1713256835938 33.5988006591797 33.9173393249512 33.0215721130371 33.2227554321289 33.5482292175293 33.7696304321289 33.6502838134766 33.6948547363281 33.6228828430176 33.4282264709473 32.933406829834 32.6261177062988 33.1197509765625 31.4396553039551 32.2401084899902 30.6212596893311 30.6787261962891 31.1467590332031 32.3038597106934 31.659351348877 30.5887985229492 30.51637840271 25.7681503295898 25.4064617156982 28.9492378234863 27.6978340148926 24.0138778686523 24.5264797210693 24.7025337219238
34.4786643981934 34.7945594787598 34.4187812805176 34.2048492431641 33.7392120361328 34.0150756835938 32.9418869018555 32.8649253845215 33.28759765625 33.1945877075195 31.866081237793 33.1489677429199 34.5059509277344 34.2205390930176 33.8108749389648 34.3622741699219 33.8109359741211 33.6063575744629 32.2766494750977 33.5147438049316 33.8417816162109 33.9326019287109 33.0999794006348 33.5752716064453 34.2784385681152 33.6118125915527 33.4457702636719 32.9672431945801 33.0598945617676 33.5315284729004 32.8603172302246 32.7335891723633 32.531322479248 31.9704856872559 30.8216209411621 30.9179649353027 31.8290748596191 31.0276145935059 29.8368701934814 25.6358337402344 25.5103244781494 29.6413192749023 25.0605297088623 24.7645702362061 24.0791511535645 24.2815837860107
34.7116584777832 34.6698722839355 34.7887077331543 34.4189682006836 34.3565483093262 33.7237968444824 32.7366828918457 32.529655456543 32.8003196716309 31.8768463134766 32.1782112121582 34.2221221923828 33.9597854614258 34.6594390869141 33.7825508117676 33.8475379943848 32.6755905151367 32.5389175415039 32.4998474121094 32.5460777282715 32.6280326843262 32.9901809692383 32.3080558776855 32.9532852172852 34.1656799316406 33.515251159668 33.162410736084 33.2474098205566 33.0712356567383 33.5817794799805 32.7756729125977 32.7406730651855 32.5962829589844 32.0278549194336 31.9492835998535 30.8965721130371 30.8461780548096 30.3845634460449 26.269380569458 26.1605396270752 25.8497848510742 29.0509471893311 25.160213470459 24.3328323364258 24.39182472229 24.2973651885986
34.5130004882812 33.9086303710938 34.650993347168 33.6053771972656 34.3350791931152 33.11083984375 33.0103225708008 32.3515014648438 32.7764434814453 31.8995895385742 31.9469680786133 31.5960235595703 33.4566650390625 34.3217391967773 34.284496307373 33.5721549987793 32.4446907043457 32.5532531738281 32.4616241455078 31.7930583953857 32.1433715820312 33.5172271728516 32.5662384033203 32.9150466918945 32.9650917053223 33.4365043640137 33.268856048584 33.077278137207 33.2570724487305 33.9034233093262 32.9451446533203 32.5404014587402 32.1437873840332 32.9015235900879 32.5337028503418 32.1353797912598 31.4609184265137 30.2465362548828 29.6846771240234 29.627124786377 28.9899272918701 29.0285549163818 28.2782783508301 24.4482975006104 24.3353786468506 24.320894241333
