inst/extdata/Tmax/Tmax109.asc
NCOLS 100 
NROWS 79 
XLLCORNER 148.06 
YLLCORNER -21.49 
CELLSIZE 0.01 
NODATA_value -3.4e+38 
[rows 20 to 39 of 79, columns 0 to 45 of 100]
32.884727478027301 32.9237518310547 32.929126739502 32.8975105285645 32.9192504882812 33.0407333374023 32.9637298583984 32.8935241699219 32.8293037414551 32.736255645752 32.5540657043457 32.1439743041992 31.6796894073486 31.0109615325928 29.6447105407715 29.2030372619629 29.1270790100098 30.1462326049805 31.2293281555176 31.6757888793945 31.6908302307129 31.7057132720947 32.0512466430664 32.0750846862793 31.9144897460938 31.6164989471436 30.9850521087646 30.0414237976074 30.587610244751 30.650447845459 31.2663516998291 31.2781257629395 31.4174270629883 31.3758544921875 31.327507019043 31.0706367492676 30.6662158966064 30.6618366241455 30.1774044036865 30.4292411804199 30.1993255615234 29.4554500579834 29.6844959259033 29.7288551330566 29.8437194824219 29.8663177490234
32.9632530212402 33.0270919799805 33.0449752807617 33.0119323730469 33.020679473877 33.0227890014648 32.889965057373 32.8144950866699 32.7939872741699 32.7311325073242 32.6066703796387 32.4320945739746 32.1960639953613 31.2219524383545 29.6658306121826 29.3336524963379 29.5790023803711 30.4356689453125 30.9578552246094 31.3445739746094 31.4728660583496 31.383918762207 31.9295196533203 32.0679969787598 31.864782333374 31.8765106201172 31.8368282318115 31.0534896850586 30.8883953094482 31.4183807373047 31.5349369049072 31.4212913513184 31.0764846801758 30.4523162841797 30.4648780822754 30.4347114562988 30.8927688598633 30.1683540344238 29.7565593719482 30.0664749145508 29.6660537719727 29.7406921386719 29.4594249725342 28.534782409668 28.8535671234131 29.5309505462646
33.0220260620117 33.0716400146484 33.0862922668457 33.0749092102051 33.060905456543 33.0287551879883 32.853889465332 32.7312507629395 32.679988861084 32.650951385498 32.5358467102051 32.4687347412109 32.2916564941406 31.6600399017334 30.5003776550293 29.633358001709 28.9635162353516 29.4821510314941 30.0738334655762 30.9107971191406 31.0253715515137 31.1526660919189 31.8182544708252 31.5936660766602 31.1623973846436 31.5372200012207 31.6030406951904 31.6875114440918 31.3906059265137 31.4252109527588 31.1464023590088 30.9502944946289 30.3614273071289 30.015869140625 29.7730674743652 29.9873390197754 29.9135913848877 29.3373107910156 29.3010997772217 29.2117118835449 28.8918304443359 28.1216201782227 28.9133949279785 28.6134948730469 27.6157550811768 29.0396270751953
33.0292053222656 33.0619621276855 33.0866279602051 33.0818138122559 33.0445327758789 33.0380897521973 32.9674301147461 32.6703567504883 32.5648345947266 32.5887222290039 32.4070320129395 32.2189636230469 32.3266258239746 31.9371585845947 31.1197052001953 30.3030414581299 29.4411602020264 29.1409034729004 29.7658958435059 30.0896797180176 30.6509895324707 31.6893577575684 31.4282341003418 30.7942409515381 30.9439811706543 31.0916328430176 30.7648868560791 31.7458038330078 31.7654495239258 31.6162528991699 31.3752174377441 30.2508583068848 29.9078063964844 30.1085357666016 30.4457111358643 29.9695224761963 29.0322551727295 28.4758377075195 29.2040252685547 28.68186378479 27.9443168640137 26.5055351257324 27.3395690917969 28.5277252197266 26.7087383270264 28.0356884002686
32.9807167053223 33.041202545166 33.0789031982422 33.0492706298828 33.0129661560059 33.0174026489258 33.022590637207 32.8459053039551 32.6686401367188 32.4964447021484 32.3929061889648 32.3570594787598 32.1802673339844 31.8302593231201 31.0417709350586 30.3211784362793 29.5435047149658 29.166820526123 29.3751373291016 29.3735256195068 30.6182556152344 31.482292175293 30.3392715454102 29.7791404724121 30.6176223754883 30.5910167694092 30.7732181549072 31.5390396118164 31.7838382720947 31.3858776092529 31.3225116729736 31.0798091888428 31.0446090698242 31.0971374511719 30.7564315795898 30.4361000061035 30.020227432251 28.8827285766602 28.6503963470459 28.3833808898926 26.6454639434814 26.0562419891357 26.5045356750488 28.3480854034424 26.3634338378906 26.7259693145752
32.941291809082 32.9627799987793 32.9802093505859 32.9574699401855 32.9710159301758 32.9818725585938 33.0129165649414 32.9701461791992 32.8184471130371 32.5728073120117 32.3770065307617 32.2408638000488 32.0888023376465 31.6198577880859 31.1555004119873 30.5786457061768 29.9360275268555 29.5887184143066 30.0553188323975 30.780065536499 30.7638168334961 30.665060043335 30.1605224609375 28.847038269043 29.3722133636475 30.1669826507568 30.3143882751465 31.5848064422607 31.7697734832764 31.3931217193604 30.4893074035645 31.1123447418213 30.969108581543 30.8335018157959 30.5495586395264 30.2185916900635 30.0906352996826 28.5852470397949 27.286657333374 27.6924438476562 26.239688873291 27.0724792480469 27.4311237335205 28.3528957366943 27.3239269256592 26.2377700805664
32.8351058959961 32.8635940551758 32.8770942687988 32.8907852172852 32.8887252807617 32.8923416137695 32.9880752563477 32.9926681518555 32.856330871582 32.4317779541016 32.3248443603516 32.0552520751953 32.0520629882812 31.6646766662598 30.8883152008057 29.7823429107666 29.3856830596924 29.5915431976318 30.0810508728027 29.9844436645508 30.1787395477295 31.1057319641113 30.9533824920654 29.3892879486084 28.9692459106445 29.9280910491943 30.7452163696289 31.6542186737061 31.73313331604 31.5032768249512 30.6400394439697 30.2448577880859 31.0369281768799 30.4833736419678 30.0279312133789 29.1797485351562 28.8892345428467 28.9993381500244 27.9205360412598 26.602653503418 26.1911602020264 26.5044612884521 26.4081687927246 27.4580574035645 26.5049819946289 25.8466415405273
32.6844596862793 32.7066459655762 32.7459526062012 32.7991371154785 32.8248443603516 32.887020111084 32.9864463806152 32.984260559082 32.9128875732422 32.7178955078125 32.4719619750977 32.2035293579102 32.0808448791504 31.8770370483398 30.9233837127686 29.7435569763184 29.4034671783447 29.3596134185791 29.4932422637939 29.4696731567383 30.6465950012207 31.3108882904053 30.7499217987061 29.8586463928223 29.2707939147949 29.5093421936035 29.6264839172363 31.2484683990479 31.6056652069092 31.4783630371094 30.6541767120361 30.5638999938965 30.8585872650146 30.0942115783691 29.3810997009277 28.7957782745361 27.8673648834229 28.5908737182617 28.4197635650635 26.5677909851074 26.1172943115234 26.3029651641846 26.2187004089355 26.8161354064941 26.2123756408691 25.9027442932129
32.1780853271484 32.1333198547363 32.4160804748535 32.7362289428711 32.8736686706543 32.9590721130371 32.9990539550781 32.9875679016113 32.8571853637695 32.7466125488281 32.578067779541 32.0308074951172 32.128589630127 31.9728126525879 31.4391899108887 30.1845703125 29.4306907653809 28.9111385345459 29.235258102417 30.149486541748 30.6750659942627 31.0501556396484 30.1498947143555 29.3992500305176 29.2076473236084 29.3576717376709 29.7968311309814 30.7323951721191 31.5105590820312 31.5691337585449 31.0334701538086 30.7601165771484 30.3122711181641 29.2557067871094 28.0627593994141 27.6312713623047 27.3022842407227 27.5078620910645 27.6625919342041 27.2521553039551 26.7129325866699 26.8352127075195 26.5595016479492 26.3324966430664 26.3391590118408 26.266788482666
31.2750778198242 32.1595726013184 32.505256652832 32.2368698120117 32.8108596801758 32.9658699035645 32.995849609375 32.9831428527832 32.773624420166 32.6216506958008 32.6130638122559 32.3425559997559 32.095630645752 31.957670211792 31.6946430206299 31.1610431671143 30.5805168151855 29.1692428588867 29.5005111694336 29.581916809082 29.739616394043 30.719425201416 30.2759265899658 29.4361553192139 29.2215194702148 29.0030517578125 28.9650650024414 30.6800994873047 31.5433177947998 31.6172523498535 30.7723274230957 29.7705841064453 29.4476509094238 29.0824279785156 28.8051490783691 27.7689437866211 27.7015800476074 27.2781448364258 26.8506774902344 27.1075439453125 28.9409046173096 29.0141544342041 27.866340637207 26.400218963623 27.4608383178711 27.5652141571045
31.5777015686035 32.4774169921875 32.511848449707 31.964204788208 32.7629432678223 32.9520874023438 33.007381439209 32.9894371032715 32.9297103881836 32.6954727172852 32.5851974487305 32.5185127258301 32.334300994873 32.1189422607422 31.8146781921387 31.2111053466797 30.3513603210449 29.8936805725098 29.4186592102051 29.6815280914307 29.7597923278809 30.2186660766602 29.5848236083984 29.4050121307373 29.0885276794434 28.4345226287842 28.7193126678467 30.5612735748291 31.4251251220703 31.4670848846436 31.4457931518555 31.2684173583984 30.1163520812988 29.1370658874512 29.0630111694336 28.5628051757812 28.7024745941162 28.5015907287598 28.0644149780273 28.5582981109619 30.0673408508301 30.1169319152832 29.6821479797363 29.094633102417 28.9665985107422 28.3587017059326
32.3536224365234 32.6284255981445 32.7000312805176 32.6987495422363 32.7863845825195 32.938060760498 32.9738578796387 32.9690055847168 32.9214363098145 32.8467712402344 32.6582794189453 32.5986328125 32.4965972900391 32.2838935852051 32.0066757202148 31.5038108825684 30.6228408813477 30.1900787353516 29.4645442962646 29.3485355377197 29.4181098937988 29.8748188018799 29.4851932525635 29.2157783508301 29.1477546691895 29.1743087768555 29.9941120147705 31.0980777740479 31.4806137084961 30.9529724121094 30.8607749938965 30.869197845459 31.0789489746094 30.5594940185547 30.2734222412109 29.4845886230469 30.5396995544434 30.3792552947998 30.3424510955811 30.3504962921143 30.1088905334473 29.180606842041 28.2150325775146 27.8772525787354 27.7334003448486 26.9759616851807
32.064094543457 32.7996063232422 32.8658828735352 32.8804969787598 32.8753890991211 32.8832855224609 32.860408782959 32.9069137573242 32.8986892700195 32.879207611084 32.8287010192871 32.7010498046875 32.5118179321289 32.3449974060059 32.1457824707031 31.8875102996826 31.3902778625488 30.702522277832 29.9287757873535 29.1999435424805 29.2253246307373 29.6902103424072 29.559944152832 29.268123626709 29.1179752349854 29.2765445709229 30.7342758178711 31.4653835296631 31.5313205718994 31.3455047607422 30.833324432373 30.2125205993652 30.9221420288086 31.0278511047363 31.061637878418 30.5178260803223 30.9324398040771 30.6242485046387 30.4819164276123 30.3060760498047 29.083475112915 27.6372451782227 26.3461494445801 26.6906108856201 26.5981712341309 25.5911922454834
31.9244518280029 32.5680503845215 32.3863906860352 32.2615737915039 32.4000358581543 32.7908363342285 32.7971496582031 32.8196716308594 32.8333778381348 32.8182640075684 32.7826461791992 32.7582397460938 32.6408805847168 32.4809608459473 32.3197593688965 32.0858535766602 31.6338367462158 31.2040767669678 30.9203910827637 30.2682342529297 29.2954845428467 29.5360412597656 29.3030109405518 29.3731937408447 29.2445526123047 29.2125949859619 30.2844696044922 31.4222793579102 31.5006217956543 31.1682739257812 31.0232334136963 29.9330215454102 30.225549697876 30.4777145385742 30.7763900756836 30.8954124450684 30.7460632324219 30.5655193328857 30.1645812988281 30.2127914428711 29.8767719268799 28.6048164367676 27.784818649292 28.3345527648926 27.8819618225098 26.71875
32.2667083740234 32.5491409301758 32.1367416381836 31.4529800415039 31.5626602172852 32.5366668701172 32.7577171325684 32.7213859558105 32.7370681762695 32.752082824707 32.6689453125 32.7183494567871 32.6661720275879 32.5507736206055 32.3948287963867 32.1970977783203 31.8724842071533 31.1855659484863 30.76296043396 30.2854747772217 29.5871410369873 29.4976654052734 29.3057632446289 29.0841674804688 29.0461368560791 29.4319725036621 30.5824108123779 31.3831939697266 30.8635711669922 30.6322784423828 30.7378311157227 30.3711452484131 30.0379161834717 29.6938018798828 29.4138298034668 29.9089622497559 29.7109069824219 30.0394401550293 29.9502296447754 29.7375869750977 29.4626407623291 29.7778797149658 29.5228958129883 29.1921501159668 28.5763416290283 28.0846309661865
32.3992080688477 32.4951286315918 32.3007888793945 31.9801559448242 31.6680698394775 32.2373809814453 32.5557289123535 32.5794906616211 32.6276473999023 32.6889495849609 32.6764640808105 32.7241744995117 32.6597366333008 32.5972938537598 32.4368095397949 32.2104759216309 31.9591655731201 31.7376918792725 31.3224678039551 30.6464996337891 30.2472724914551 29.9801006317139 29.4518527984619 28.7883415222168 28.948371887207 29.1988544464111 30.6678600311279 31.210018157959 29.2749462127686 28.8541831970215 29.5065402984619 29.7296009063721 29.6779708862305 29.450216293335 28.9469432830811 28.6789112091064 29.2186832427979 29.0474109649658 29.0076560974121 28.9499282836914 28.6730556488037 28.3548583984375 28.6078872680664 29.0823936462402 28.4368324279785 27.2861347198486
32.2539939880371 32.2816314697266 32.3128433227539 32.0290412902832 31.7404289245605 31.9344444274902 32.1635475158691 32.3676567077637 32.4825782775879 32.6104850769043 32.5901870727539 32.5885543823242 32.6778793334961 32.6050796508789 32.4788398742676 32.1943435668945 32.1673240661621 32.0109710693359 31.7496681213379 31.3483848571777 31.1930446624756 30.3697185516357 29.7489166259766 29.2595634460449 29.251615524292 29.6428623199463 30.6972560882568 30.5937881469727 30.2841682434082 30.1699810028076 29.3711471557617 29.3015270233154 29.1001529693604 28.946403503418 28.1988906860352 27.7758026123047 27.9903659820557 27.9278297424316 28.161750793457 27.9489154815674 27.9292888641357 26.9807777404785 27.7025623321533 28.5678653717041 28.3175277709961 26.8225421905518
31.679573059082 32.0154571533203 32.2366790771484 32.1277923583984 31.920482635498 31.7854747772217 31.77321434021 32.1604957580566 32.2781410217285 32.4606285095215 32.5469360351562 32.5469245910645 32.6090316772461 32.6252059936523 32.4366264343262 32.3266258239746 32.2438430786133 32.1259078979492 31.9563522338867 31.7422771453857 31.524450302124 30.7782554626465 29.5885047912598 29.6758918762207 28.9581565856934 29.5530185699463 30.538911819458 29.957483291626 30.1482543945312 30.6271953582764 30.4994831085205 30.3305130004883 29.6294822692871 29.1810932159424 27.5607032775879 26.257833480835 26.2992286682129 26.1797580718994 26.133918762207 26.6053028106689 26.7660121917725 26.9564056396484 27.1485214233398 28.0350360870361 27.8807201385498 27.4707660675049
31.8127365112305 31.905122756958 32.0491752624512 32.0241775512695 31.9868755340576 31.6646461486816 31.4392204284668 31.1661472320557 31.8543720245361 32.3791847229004 32.5201454162598 32.5669593811035 32.6490783691406 32.6444282531738 32.3217353820801 31.8943977355957 31.9135246276855 31.9748477935791 32.0207443237305 31.8893451690674 31.7349739074707 31.3025760650635 30.1374855041504 30.4514751434326 29.4479637145996 29.4371929168701 29.5840740203857 29.9123306274414 28.8254280090332 29.5072231292725 29.1177597045898 29.2311344146729 30.5187835693359 30.0655689239502 29.0627937316895 26.765308380127 25.829610824585 25.8280830383301 25.1398372650146 25.5756797790527 26.2179737091064 26.1997718811035 26.2827949523926 27.6715927124023 27.2125434875488 26.662727355957
31.8880882263184 31.8019008636475 31.8633327484131 31.6582908630371 31.8679237365723 31.7768650054932 31.5402183532715 31.2652435302734 31.4681549072266 32.1100463867188 32.3719177246094 32.5754127502441 32.6203231811523 32.5830764770508 32.5187530517578 32.088809967041 31.6806926727295 31.4727382659912 31.7551307678223 31.8837127685547 31.7320861816406 31.5768508911133 31.2313594818115 30.6202182769775 29.4992275238037 29.2722759246826 29.2172355651855 29.311336517334 29.359203338623 28.8043041229248 28.209056854248 29.0058765411377 30.2445735931396 29.4679412841797 29.6883220672607 29.1211357116699 28.6696434020996 28.5258445739746 27.5075435638428 26.3641529083252 27.0920333862305 26.7590293884277 27.1550064086914 27.3382949829102 27.0226402282715 26.5353240966797
