inst/extdata/Tmax/Tmax90.asc
NCOLS 100 
NROWS 79 
XLLCORNER 148.06 
YLLCORNER -21.49 
CELLSIZE 0.01 
NODATA_value -3.4e+38 
[rows 20 to 39 of 79, columns 46 to 91 of 100]
29.9946994781494 28.56422996521 28.7209033966064 29.8623962402344 29.5786781311035 29.1509609222412 28.9209766387939 28.0107192993164 29.4094276428223 31.104341506958 32.3276100158691 31.8110446929932 31.7881546020508 32.495719909668 32.108772277832 31.8097438812256 32.129581451416 32.769603729248 32.9466438293457 32.9517250061035 32.8945999145508 32.7535514831543 33.0771522521973 33.1685829162598 33.111888885498 33.0233306884766 32.907657623291 32.9467315673828 32.9087257385254 32.5404739379883 32.6224899291992 32.9062004089355 32.7846260070801 32.4681549072266 32.4735717773438 32.4469947814941 32.3608741760254 32.3578643798828 32.3408508300781 32.3036308288574 32.2175025939941 32.0600700378418 31.4400863647461 31.3246250152588 31.5820770263672 31.5887508392334
30.3078212738037 28.5474338531494 27.633602142334 28.9585933685303 28.8498916625977 28.4320430755615 29.0793418884277 27.6137752532959 28.5764617919922 30.5390777587891 32.0104331970215 30.5053272247314 29.773416519165 31.8497619628906 30.5128231048584 30.1146450042725 31.1039123535156 32.589111328125 32.599063873291 33.069637298584 33.1910858154297 33.1752395629883 32.94140625 32.5602226257324 32.5534057617188 32.632453918457 32.8156394958496 32.7825508117676 32.6794853210449 32.5869140625 32.9272499084473 32.962574005127 32.8877601623535 32.4714965820312 32.5665969848633 32.5187568664551 32.3736343383789 32.3824348449707 32.3814849853516 32.3702125549316 32.2375335693359 32.1287269592285 31.922435760498 31.7068576812744 31.5513076782227 31.5422401428223
31.0015830993652 30.4556427001953 28.7643871307373 28.2586555480957 27.8833408355713 28.7718963623047 28.2970333099365 28.4849243164062 28.0073890686035 28.726505279541 30.9558887481689 31.4211292266846 29.6963653564453 30.1541042327881 29.7676467895508 30.4133358001709 31.6175575256348 32.0752220153809 30.5591068267822 31.9971942901611 32.9131813049316 32.9797172546387 32.2953109741211 31.3692016601562 32.0428428649902 32.0264053344727 32.6881408691406 32.8992195129395 32.5552597045898 32.7842597961426 32.9798126220703 33.0096130371094 32.9936828613281 32.9174842834473 32.7937469482422 32.5854682922363 32.3741340637207 32.2213172912598 32.2952194213867 32.4056205749512 32.2909164428711 32.2220993041992 31.9256477355957 31.7895641326904 31.6348304748535 31.7908706665039
30.259801864624 30.0796527862549 29.4861545562744 28.8658485412598 27.7073669433594 28.2865886688232 28.7717685699463 28.9187526702881 28.7202453613281 28.3645515441895 29.4036712646484 29.3860740661621 30.4133148193359 28.7714557647705 29.4939880371094 31.1994762420654 31.1729583740234 31.6016750335693 30.0778350830078 32.4029388427734 33.2762069702148 33.1371994018555 32.0769805908203 30.5726356506348 31.9509410858154 32.1429290771484 32.2564888000488 32.7744483947754 32.9914855957031 33.0531921386719 33.0734024047852 33.0812301635742 33.0445594787598 32.9392967224121 32.8194274902344 32.6359252929688 32.1531295776367 31.7557773590088 31.9052448272705 32.2206001281738 32.1957969665527 32.2633399963379 31.9728374481201 31.9411430358887 31.651891708374 31.6824703216553
28.5889587402344 29.6161079406738 29.9680213928223 29.7041606903076 28.8924903869629 28.4025688171387 28.3885192871094 28.1352825164795 28.8300685882568 28.3993396759033 28.3921966552734 28.0161285400391 29.5959434509277 30.5788631439209 29.6541061401367 30.8552055358887 31.737117767334 32.3954963684082 32.0478935241699 33.1930694580078 33.2029304504395 33.0223236083984 32.2483444213867 31.3112659454346 32.1927833557129 32.515983581543 32.1720733642578 32.2753372192383 32.3908233642578 32.9446105957031 32.762279510498 33.1127128601074 32.9679145812988 32.9223709106445 32.8205108642578 32.4281234741211 32.3214302062988 31.6672592163086 31.3511657714844 31.8774299621582 32.0346183776855 32.1465950012207 31.9506587982178 32.0139617919922 32.075511932373 31.9037208557129
27.4159889221191 28.2098922729492 29.2597160339355 29.1921367645264 28.5208740234375 27.9265594482422 27.599271774292 27.1320171356201 28.0902118682861 28.5828628540039 28.1584186553955 28.3417205810547 29.4782047271729 31.6830406188965 31.1095428466797 31.2041397094727 31.3834247589111 32.9414215087891 33.0492706298828 33.0336761474609 33.0300102233887 32.6643676757812 31.2705078125 31.3324890136719 31.4493827819824 32.1661224365234 31.8575706481934 31.1639308929443 31.8620090484619 33.0306968688965 32.9672508239746 33.086498260498 33.0382652282715 33.0032272338867 32.8455696105957 32.666259765625 32.6794700622559 31.9991474151611 31.4251899719238 31.7948970794678 31.4456481933594 31.5908336639404 31.2736549377441 31.9951477050781 32.0406723022461 32.0321006774902
27.3212833404541 27.1912612915039 27.7700653076172 28.2845020294189 28.8327884674072 27.0318470001221 26.7980537414551 27.4803352355957 27.88938331604 28.4872074127197 28.4998378753662 28.8289775848389 30.5913066864014 31.6272315979004 32.1910171508789 32.3821449279785 32.5395965576172 33.1071128845215 32.6986618041992 32.509147644043 32.5513801574707 32.0414543151855 32.2503700256348 32.550350189209 32.5574073791504 31.8754196166992 31.4003524780273 32.4103851318359 32.6926040649414 32.6384124755859 32.0176200866699 32.750072479248 32.9250373840332 33.0150947570801 32.9955215454102 32.8851280212402 32.5085601806641 32.137134552002 32.2240219116211 31.9518985748291 31.8084449768066 31.1965579986572 31.723482131958 31.9503040313721 31.8621158599854 31.7603416442871
27.4714260101318 27.0523662567139 27.3009510040283 27.5002746582031 27.9434413909912 26.572639465332 26.3249950408936 26.6692504882812 27.7343616485596 28.3426971435547 27.9189739227295 28.3881587982178 29.1123180389404 30.3403778076172 31.9675979614258 31.5989227294922 32.833251953125 33.1099052429199 32.3214416503906 31.4902095794678 32.2184257507324 32.4298706054688 32.7872352600098 33.0408096313477 33.1591758728027 32.6872940063477 32.6789932250977 33.0702514648438 33.1347045898438 32.336353302002 31.8464202880859 32.4389991760254 32.557731628418 33.0146598815918 33.0593223571777 32.9853858947754 32.8101921081543 32.5691680908203 32.1204605102539 31.2635459899902 31.0020351409912 30.8582515716553 30.8948287963867 31.6333599090576 31.690803527832 32.1443061828613
28.1774368286133 27.825065612793 28.43971824646 28.313497543335 27.9939556121826 26.8539600372314 27.4847011566162 27.2719745635986 27.5245761871338 28.0090026855469 27.7774143218994 28.0039825439453 28.1140956878662 30.0895404815674 31.5058250427246 30.7068519592285 32.3895378112793 32.7163467407227 32.3685188293457 31.1098327636719 31.4171867370605 32.6314926147461 33.07470703125 33.2110786437988 33.2301483154297 33.1163177490234 33.1268615722656 33.246768951416 32.8127250671387 32.0168914794922 31.8700408935547 32.5938873291016 33.0547027587891 33.0890884399414 33.0717124938965 33.0354766845703 32.9823341369629 32.826057434082 32.5444450378418 31.2879657745361 30.6458168029785 29.7780723571777 30.8214530944824 30.8102416992188 31.787296295166 32.2119941711426
29.4822273254395 29.3597869873047 28.8889446258545 28.8403778076172 28.4162979125977 28.0243282318115 27.7726707458496 26.9537086486816 27.4837875366211 27.0667572021484 26.6587905883789 27.7486419677734 28.0267448425293 29.5826396942139 30.7186241149902 29.8755054473877 30.7005367279053 31.5855102539062 32.2118606567383 32.07080078125 31.5716247558594 32.6450080871582 33.1640815734863 32.9394950866699 32.9052772521973 32.5520935058594 33.0046997070312 33.267448425293 32.2355155944824 31.2917499542236 32.0207977294922 32.6364288330078 33.0187606811523 33.1000213623047 33.1044616699219 33.0379447937012 33.0099296569824 32.9024772644043 32.6882057189941 32.2527198791504 31.5067939758301 30.9684524536133 30.5067844390869 30.3021354675293 31.2386684417725 31.786901473999
28.5938205718994 28.597936630249 28.6237773895264 28.3336410522461 27.9418544769287 28.1348457336426 27.3921966552734 26.9661655426025 26.5380954742432 26.6114196777344 26.1135540008545 26.8777198791504 26.8716583251953 28.690954208374 29.5506019592285 28.5759124755859 29.0126972198486 30.6727142333984 32.1644477844238 32.7799606323242 32.246509552002 32.9122009277344 33.1369781494141 32.6871490478516 32.6601791381836 32.7958145141602 33.3013191223145 33.2655906677246 32.652099609375 31.9103374481201 32.3203468322754 32.6090774536133 33.0750923156738 33.0924224853516 33.0307540893555 32.9915199279785 32.9825706481934 32.8915977478027 32.8022384643555 32.5772895812988 32.2975273132324 31.6952571868896 31.2771682739258 31.2303066253662 31.4693031311035 31.9293613433838
27.9945507049561 28.2125988006592 28.121732711792 28.0864334106445 27.3478660583496 28.0138034820557 27.2130146026611 26.1721286773682 25.6867713928223 25.9940376281738 25.7318229675293 26.2824440002441 26.9391040802002 28.4714946746826 28.7239685058594 28.423900604248 30.4562168121338 31.5508499145508 32.3923187255859 32.9248962402344 33.2378425598145 33.2851028442383 33.2161712646484 33.1104469299316 32.8597717285156 33.1808242797852 33.313419342041 33.1766777038574 32.7489318847656 32.0280380249023 32.1248321533203 32.7505645751953 32.9785842895508 32.452278137207 32.8549346923828 32.9745292663574 32.9421844482422 32.8922576904297 32.8386917114258 32.7132148742676 32.3817520141602 31.5462284088135 31.9109649658203 31.9529571533203 31.8488216400146 31.7781372070312
27.4343070983887 27.6865463256836 27.5569286346436 27.7830753326416 27.8574619293213 27.8697395324707 27.5513439178467 26.6238899230957 26.7035045623779 26.7890548706055 25.9396800994873 25.7838287353516 26.5619888305664 28.4174308776855 28.8425045013428 29.2592182159424 29.3080978393555 30.2500476837158 32.3539772033691 33.0108222961426 33.2307090759277 33.1622734069824 32.9894371032715 32.9296913146973 33.0964469909668 33.1793975830078 33.1430053710938 32.6997528076172 31.650354385376 31.8391532897949 32.1989784240723 33.0654487609863 32.7551193237305 32.1180992126465 32.8691253662109 32.7839813232422 32.8061294555664 32.862922668457 32.7508773803711 32.4311294555664 31.7786884307861 30.3973159790039 30.1175403594971 31.2427158355713 31.6311912536621 31.9601211547852
27.9969673156738 27.598424911499 27.4663219451904 27.606632232666 27.7219734191895 27.6583557128906 27.271017074585 26.95530128479 27.439868927002 26.8625259399414 26.7444648742676 26.735372543335 27.3967514038086 28.3401489257812 28.4710597991943 29.0696468353271 30.055700302124 31.3807983398438 32.4274826049805 32.8893623352051 33.2680244445801 33.2266807556152 32.6676979064941 32.3450355529785 32.5946655273438 32.4328956604004 32.5426025390625 32.7253036499023 32.5987091064453 32.575252532959 32.9168739318848 33.1976890563965 32.4959259033203 32.3942375183105 33.0235023498535 32.4544105529785 32.6004180908203 32.5498504638672 32.6278877258301 32.2922248840332 30.7309761047363 29.9290199279785 29.2852840423584 31.2114753723145 31.8139934539795 31.6235942840576
28.3522911071777 27.3493671417236 27.3111114501953 27.4064655303955 27.5237560272217 27.4179191589355 27.4254322052002 27.8869934082031 27.5890979766846 26.9533557891846 27.8947525024414 28.2758979797363 28.4296207427979 27.9138774871826 27.9342384338379 28.7976913452148 30.0005588531494 31.5491714477539 31.6601963043213 32.5684623718262 33.0884704589844 33.0980834960938 32.5635185241699 32.2917175292969 31.4035453796387 32.0294303894043 32.6026725769043 32.7691345214844 33.0269165039062 33.0323524475098 33.2269134521484 33.143138885498 33.0985832214355 33.123851776123 33.0675277709961 32.7889785766602 31.7494659423828 32.4037017822266 32.6084442138672 32.5484199523926 32.4915351867676 31.1112327575684 30.9356517791748 32.3504028320312 32.6504745483398 32.6201248168945
28.3993434906006 27.5703163146973 27.2858104705811 27.2259826660156 27.4037971496582 27.2574844360352 27.8122444152832 29.173131942749 28.4532241821289 27.8848056793213 29.4201164245605 30.1232986450195 29.67844581604 28.0405426025391 28.3793411254883 28.4674205780029 30.2941627502441 30.3792839050293 30.2376194000244 31.2986373901367 32.6033325195312 32.8498039245605 32.4839859008789 32.4740295410156 32.3264122009277 31.9470863342285 32.0293006896973 32.1904830932617 32.9543647766113 32.9101066589355 32.9993896484375 32.7692604064941 32.9883995056152 33.1492118835449 32.8234405517578 32.7926712036133 32.0487213134766 32.1835899353027 32.4786148071289 32.2942352294922 32.7431983947754 32.7406539916992 32.6260147094727 32.6669578552246 32.7833213806152 32.641056060791
28.1644821166992 27.6189632415771 27.4439353942871 27.597692489624 27.5441265106201 27.6322116851807 27.9776744842529 29.7407188415527 29.951717376709 28.7913360595703 30.7312717437744 31.8572959899902 31.0209007263184 29.597354888916 29.5371131896973 30.2409744262695 31.0397834777832 31.5820255279541 31.9516830444336 32.3028450012207 32.5545501708984 32.2443313598633 30.7272129058838 31.0516185760498 31.6500110626221 31.2252597808838 31.4663829803467 32.416633605957 32.8336372375488 33.0556488037109 31.8590145111084 31.8221912384033 32.7256546020508 33.0558128356934 32.5180587768555 32.5385398864746 31.6584358215332 32.2231521606445 32.4414482116699 32.2759475708008 32.7777366638184 32.8659515380859 32.8870391845703 32.8769302368164 32.8062515258789 32.4499435424805
28.1893272399902 27.854528427124 27.8193759918213 27.9476432800293 28.1093368530273 28.2330665588379 28.897331237793 30.5503349304199 30.4227294921875 29.8661594390869 31.5414886474609 32.8455238342285 31.8936405181885 30.5672855377197 29.9392318725586 31.9465675354004 32.364803314209 32.6057929992676 32.8383941650391 32.8666648864746 32.3946151733398 32.0843048095703 32.204345703125 31.5787258148193 31.9548664093018 32.4793281555176 32.7184181213379 32.8019599914551 33.0319480895996 32.9459114074707 31.1443977355957 31.9339752197266 32.8692932128906 32.778491973877 32.2965087890625 32.2395515441895 32.0588340759277 32.6173858642578 32.6432342529297 32.6462669372559 32.6026039123535 32.7776870727539 32.8241882324219 32.8278884887695 32.7359504699707 32.6780433654785
28.1444721221924 27.8995094299316 28.35573387146 28.9876346588135 29.0817623138428 29.4767761230469 30.5901069641113 31.3286418914795 30.6240730285645 31.0884990692139 32.763370513916 33.3592910766602 32.7226066589355 31.5367164611816 30.6564292907715 31.8833332061768 31.884090423584 32.2282943725586 33.0758018493652 33.304443359375 32.9595565795898 32.5590438842773 32.9421081542969 32.7184562683105 32.567554473877 33.0924301147461 32.9719734191895 32.8740119934082 33.1592674255371 32.896312713623 32.2033042907715 32.7184715270996 32.9119453430176 32.5655479431152 31.5240497589111 31.4689350128174 31.8230991363525 32.6198616027832 32.2895240783691 32.2589378356934 32.2696571350098 32.583381652832 32.5537338256836 32.6131057739258 32.4407920837402 32.5835647583008
28.1881618499756 28.3459339141846 29.2948760986328 29.9633960723877 30.758695602417 31.8847255706787 32.6367111206055 31.8240509033203 29.6509857177734 30.3302192687988 32.123664855957 33.400032043457 32.9034957885742 32.5148086547852 31.4705924987793 32.6117057800293 32.7867279052734 32.0769424438477 32.971492767334 33.3667411804199 33.3047485351562 32.7916221618652 33.1715202331543 33.2854194641113 33.1053085327148 33.1968269348145 32.9798049926758 32.1168060302734 33.0173492431641 33.1737327575684 33.0770568847656 32.9377403259277 32.5763320922852 32.192195892334 31.2555522918701 31.3067989349365 32.1352844238281 32.0570793151855 31.8921852111816 31.6796283721924 31.8258094787598 32.1512794494629 31.9284019470215 32.3119087219238 31.7966785430908 32.2131271362305
