inst/extdata/Tmax/Tmax158.asc
NCOLS 100 
NROWS 79 
XLLCORNER 148.06 
YLLCORNER -21.49 
CELLSIZE 0.01 
NODATA_value -3.4e+38 
[rows 40 to 59 of 79, columns 46 to 91 of 100]
32.0233840942383 33.0875663757324 33.5565414428711 34.5216255187988 36.2682495117188 37.3151206970215 36.8220291137695 34.7871742248535 34.3970527648926 35.134593963623 35.6856307983398 37.5615043640137 37.1580390930176 37.3953857421875 36.5096321105957 37.5876770019531 37.7929534912109 37.4908180236816 37.6021766662598 37.7131385803223 37.7179870605469 36.7436561584473 37.1617584228516 37.5029830932617 37.6002082824707 37.6523017883301 37.550220489502 37.1539840698242 37.3475379943848 37.5498237609863 37.4936027526855 37.3335838317871 36.9950866699219 35.7018127441406 35.9825744628906 36.66845703125 36.5698356628418 36.4689254760742 36.7090377807617 36.141845703125 35.3872680664062 35.8634185791016 36.176441192627 35.9650535583496 36.2245788574219 36.2476577758789
33.4526634216309 34.7284164428711 34.6466217041016 34.6076927185059 36.3009719848633 37.6173896789551 36.4114990234375 35.992992401123 36.6369590759277 36.7325019836426 37.1167449951172 37.8692932128906 37.7510871887207 37.7729682922363 37.6204872131348 37.9454231262207 37.9913139343262 37.9245376586914 37.8820953369141 37.9073104858398 37.8778953552246 37.3400382995605 36.611515045166 36.9884986877441 36.9091415405273 37.4125289916992 37.7324714660645 37.2414054870605 37.226749420166 37.6266746520996 37.6426849365234 37.5548362731934 37.3774490356445 36.7480812072754 36.9909858703613 37.0153732299805 36.7922973632812 36.7796096801758 36.8777313232422 36.9971084594727 36.0051689147949 36.2274589538574 36.838680267334 36.6319923400879 36.7585906982422 36.6753616333008
36.0462112426758 36.2444686889648 36.4453735351562 36.9655723571777 37.3256454467773 37.834285736084 37.3882331848145 36.8224868774414 37.3791809082031 37.8132705688477 37.717170715332 38.0566139221191 38.0969276428223 38.0168685913086 37.9912872314453 38.0738334655762 38.0887794494629 38.0668067932129 38.0359115600586 38.0268096923828 37.9232749938965 36.9598770141602 36.7548561096191 37.2756004333496 36.7399444580078 37.1967430114746 37.6518707275391 37.5471229553223 37.4843788146973 37.73974609375 37.7427864074707 37.7310333251953 37.6832313537598 37.5588836669922 37.4495162963867 37.0940933227539 36.1576309204102 36.7556838989258 37.2909507751465 37.2752418518066 37.1214714050293 37.0517196655273 37.1610641479492 37.1853561401367 37.2150077819824 37.1347312927246
37.3836822509766 37.4106101989746 37.5559692382812 37.7164649963379 37.9724884033203 38.0473785400391 37.9630088806152 37.7190093994141 37.9067039489746 38.1425132751465 38.135066986084 38.1916236877441 38.172477722168 38.1365966796875 38.1604118347168 38.1236267089844 38.0580863952637 38.0351524353027 38.070384979248 38.1024284362793 38.0450668334961 37.800895690918 37.5398979187012 37.7200393676758 37.5809516906738 37.110595703125 37.4044761657715 37.678539276123 37.831226348877 37.8475723266602 37.8230133056641 37.8085556030273 37.7707939147949 37.7199745178223 37.7046432495117 37.5339660644531 37.0357055664062 37.3439598083496 37.5173797607422 37.4900131225586 37.4323425292969 37.4186096191406 37.3926162719727 37.3977355957031 37.3916816711426 37.3344345092773
37.1858215332031 37.4809532165527 37.7674026489258 37.7806358337402 37.8446846008301 37.9662246704102 38.0257110595703 38.1033554077148 38.1368446350098 38.0804786682129 37.8524971008301 37.9711112976074 37.893913269043 37.6223793029785 37.8171653747559 37.9495124816895 37.8333015441895 37.950984954834 38.0494003295898 38.0995101928711 38.101131439209 37.9673538208008 37.6422500610352 37.375415802002 37.6063232421875 37.7701950073242 37.815055847168 37.8535194396973 37.8551635742188 37.881706237793 37.8427391052246 37.8249244689941 37.7723808288574 37.7221603393555 37.741268157959 37.6602897644043 37.6287231445312 37.6131248474121 37.543888092041 37.5334205627441 37.4858093261719 37.4610061645508 37.452709197998 37.4276657104492 37.3201179504395 37.3236770629883
35.2234878540039 36.0865173339844 36.5540390014648 36.7945289611816 37.1996917724609 37.5502777099609 37.4962158203125 37.7148284912109 37.7164535522461 37.5466079711914 36.7188568115234 36.7394714355469 36.8275680541992 35.233757019043 36.2653007507324 37.0784454345703 37.6603126525879 38.0106582641602 38.103687286377 38.1272659301758 38.1207847595215 37.9377212524414 37.4843406677246 37.1005325317383 37.378963470459 37.6381568908691 37.7675628662109 37.7485275268555 37.8093109130859 37.8756217956543 37.8565673828125 37.8458366394043 37.8163681030273 37.7975425720215 37.7540321350098 37.6331787109375 37.6119232177734 37.5935363769531 37.5531158447266 37.5339317321777 37.4809455871582 37.460994720459 37.4394149780273 37.3762893676758 37.3583145141602 37.3585243225098
32.5716400146484 33.9915885925293 33.8949279785156 33.8700218200684 35.3358459472656 35.9104156494141 36.0481719970703 36.3395080566406 36.8376960754395 36.1725921630859 35.4383354187012 34.818244934082 35.5446510314941 35.4119987487793 35.897216796875 37.1275405883789 37.8535957336426 38.0525779724121 38.0865783691406 38.0640182495117 38.0992164611816 38.1140365600586 37.6749229431152 37.3088455200195 37.1893615722656 37.4585456848145 37.6711883544922 37.783145904541 37.8818473815918 37.8935356140137 37.8913650512695 37.8914680480957 37.8729476928711 37.8318290710449 37.7392539978027 37.6560554504395 37.640739440918 37.6259803771973 37.6006736755371 37.5750160217285 37.5216979980469 37.506534576416 37.4924125671387 37.448055267334 37.429744720459 37.2939414978027
32.7005729675293 32.634407043457 32.4279747009277 32.5258140563965 32.470085144043 33.3374938964844 34.7345275878906 35.4636688232422 35.6683197021484 35.5369148254395 36.1088638305664 35.9321975708008 35.763801574707 36.394947052002 36.7137184143066 37.6348419189453 37.9047241210938 37.9333076477051 37.8667984008789 37.9924392700195 38.1028594970703 38.1547698974609 38.002384185791 37.6777114868164 37.2410125732422 37.5065879821777 37.7033233642578 37.8661193847656 37.9321975708008 37.9627265930176 37.9511795043945 37.9251327514648 37.8492546081543 37.7634048461914 37.6910057067871 37.643970489502 37.6473197937012 37.653434753418 37.6338844299316 37.6095771789551 37.5711135864258 37.5632934570312 37.5460891723633 37.5137672424316 37.300350189209 37.0592765808105
32.2670440673828 32.3947525024414 32.6631240844727 32.3525695800781 32.258861541748 32.3737525939941 33.3622360229492 35.1894493103027 35.7839622497559 35.9828224182129 35.7969284057617 36.0046463012695 36.3252182006836 36.6419258117676 36.707763671875 37.2665596008301 37.6688995361328 37.6685638427734 37.6610107421875 37.9755172729492 38.0730895996094 38.0899124145508 38.1741371154785 38.0838394165039 37.9599952697754 37.9094429016113 37.9943504333496 38.0577926635742 38.0581550598145 38.0533065795898 38.0028228759766 37.9271812438965 37.8326950073242 37.6906051635742 37.6405487060547 37.6790046691895 37.680835723877 37.6913375854492 37.7000274658203 37.6766090393066 37.6547584533691 37.6445503234863 37.6197776794434 37.5963745117188 37.4269142150879 37.262378692627
32.3446502685547 32.5571975708008 32.5992279052734 32.2374610900879 32.8125534057617 33.759162902832 33.8922805786133 35.2855033874512 35.8151245117188 36.0440635681152 35.8332138061523 36.3545341491699 36.6592102050781 36.6676979064941 36.7684059143066 36.6511993408203 36.7583618164062 37.0082817077637 37.4028205871582 37.7748489379883 37.8633422851562 37.8798522949219 38.1282920837402 38.1744003295898 38.1874809265137 38.1485061645508 38.116382598877 37.9352340698242 37.9936676025391 38.0573806762695 37.9960479736328 37.8728332519531 37.8211517333984 37.6139945983887 37.5397682189941 37.7057952880859 37.7001113891602 37.6757736206055 37.7300758361816 37.7300643920898 37.6905326843262 37.688648223877 37.666088104248 37.6256942749023 37.5393409729004 37.4396667480469
32.3777961730957 32.2544708251953 32.5196800231934 32.2024993896484 32.961296081543 34.2045135498047 34.6080741882324 35.2639770507812 36.045825958252 36.5396270751953 36.5526733398438 36.6886825561523 36.7718505859375 36.8087921142578 36.8006019592285 36.7353210449219 36.810188293457 36.5261840820312 36.1558303833008 37.3710021972656 37.2381401062012 37.7005424499512 38.0460472106934 38.1063995361328 38.1559638977051 38.1233253479004 38.0434417724609 37.8110198974609 37.9597702026367 38.0607070922852 37.8696670532227 37.6928863525391 37.7033996582031 37.6769218444824 37.704273223877 37.7697982788086 37.771354675293 37.7504272460938 37.7427406311035 37.7722206115723 37.7505111694336 37.7242622375488 37.6892013549805 37.6444664001465 37.5916137695312 37.4729766845703
31.867603302002 31.8501720428467 32.3064002990723 31.5905647277832 31.7788333892822 34.0704231262207 34.9416160583496 35.650318145752 36.0302391052246 36.3459663391113 36.4072456359863 36.4194221496582 36.2108268737793 36.2179107666016 36.5130271911621 36.6473922729492 37.0115089416504 36.9367446899414 36.7416610717773 36.7892227172852 36.6080551147461 37.4499320983887 37.8786239624023 38.0602111816406 38.0663261413574 38.0666961669922 37.6982955932617 37.3108596801758 37.935863494873 38.069091796875 37.7612686157227 37.4460601806641 37.7023315429688 37.7484092712402 37.7744216918945 37.7243728637695 37.716178894043 37.7147636413574 37.7321395874023 37.7148704528809 37.7042198181152 37.7291107177734 37.706356048584 37.6649208068848 37.6163749694824 37.5187683105469
31.4320755004883 31.2760047912598 31.8359851837158 31.7069301605225 31.8221549987793 32.9832878112793 34.1665878295898 34.9153060913086 35.4606170654297 35.8689155578613 35.80712890625 35.7369842529297 35.8150863647461 36.1324005126953 36.9385986328125 37.0439758300781 37.2458381652832 37.1452713012695 37.0603713989258 36.8829307556152 36.6105346679688 37.3233337402344 37.7967987060547 37.9988136291504 37.9332466125488 38.0151634216309 37.6101036071777 36.6327095031738 37.6797218322754 38.0517501831055 37.7494468688965 37.5008430480957 37.7058944702148 37.6403656005859 37.5652656555176 37.5777893066406 37.6251258850098 37.554988861084 37.4663772583008 37.4422798156738 37.5384826660156 37.6242828369141 37.7056922912598 37.677417755127 37.6328277587891 37.5594520568848
32.737865447998 31.5481910705566 31.6887149810791 32.1698875427246 32.6238059997559 33.8580436706543 33.9520950317383 34.8500900268555 35.7476654052734 36.1237678527832 36.5042419433594 36.6264228820801 36.7778816223145 37.0278205871582 37.236213684082 37.2762908935547 37.2271041870117 37.3105278015137 37.2769737243652 37.029296875 36.801197052002 36.8370819091797 37.4034614562988 37.6472244262695 37.5686988830566 38.0037803649902 37.8919563293457 37.2153282165527 37.7825622558594 38.0596008300781 37.8041954040527 37.6119422912598 37.5207138061523 37.169116973877 37.3642425537109 37.2846260070801 37.2889747619629 36.8488388061523 36.9488868713379 35.8894920349121 37.2731513977051 37.5310134887695 37.7088088989258 37.7080230712891 37.6699104309082 37.5979194641113
33.5462455749512 32.3908805847168 31.7849636077881 32.7386436462402 33.5087471008301 34.3487777709961 34.4496841430664 34.9967422485352 35.8554649353027 36.3281593322754 36.3767051696777 36.4027900695801 36.8602409362793 37.0531196594238 37.1779556274414 37.1539306640625 37.3821220397949 37.5283737182617 37.499080657959 37.2342414855957 37.0388221740723 36.9588508605957 37.1034049987793 37.1183204650879 37.0923881530762 37.8055419921875 37.9938201904297 37.683521270752 37.3690872192383 37.9315490722656 37.4300804138184 36.5836410522461 37.2328948974609 37.4012985229492 37.7031364440918 37.6896934509277 37.6405944824219 37.5991859436035 37.3588104248047 36.3253211975098 37.1506538391113 37.4850540161133 37.657772064209 37.6975936889648 37.6823348999023 37.6146430969238
33.5909042358398 32.5881729125977 31.9352703094482 33.4669876098633 34.6116714477539 35.1024475097656 35.9475631713867 36.2173538208008 36.4594306945801 36.5915679931641 36.3801383972168 36.3425254821777 36.9629402160645 37.0681076049805 37.0859184265137 37.1583976745605 37.2874412536621 37.2801208496094 37.8486480712891 37.5902671813965 37.274772644043 37.121280670166 37.0993347167969 36.9313125610352 36.945743560791 37.6027412414551 37.9728927612305 37.8725242614746 37.715259552002 38.0412712097168 37.2888679504395 36.1341705322266 36.6640510559082 37.3817176818848 37.4147834777832 36.9884033203125 37.0453643798828 37.6003952026367 37.7183990478516 37.6692657470703 37.6854057312012 37.667594909668 37.6729507446289 37.6626243591309 37.6788940429688 37.634895324707
33.4322090148926 32.3002052307129 31.7535858154297 33.2026176452637 34.7062568664551 35.1099014282227 34.4682731628418 35.9919662475586 35.9432067871094 35.3358459472656 36.3970260620117 36.6394462585449 36.6725273132324 36.7465896606445 36.7734260559082 37.0008850097656 37.1493682861328 37.2787857055664 37.812313079834 37.9435653686523 37.7127838134766 37.384651184082 37.2053298950195 37.1246757507324 36.8721504211426 37.363655090332 37.8542938232422 37.8688049316406 38.0674247741699 38.1316871643066 37.5579605102539 35.6959457397461 36.3915863037109 35.8674278259277 36.2353248596191 35.474853515625 36.4734497070312 37.5681533813477 37.6839828491211 37.7422714233398 37.7352828979492 37.6368942260742 37.5134010314941 37.618278503418 37.636058807373 37.6110343933105
33.3965110778809 32.5231285095215 32.6066017150879 33.2218704223633 34.3085441589355 34.7910995483398 35.2879676818848 35.5627212524414 34.1108436584473 34.0194511413574 35.7537384033203 34.6548004150391 35.0777893066406 35.5835151672363 36.3913917541504 36.8989448547363 37.073314666748 37.3162155151367 37.6942749023438 37.8366622924805 37.8788452148438 37.6211204528809 37.273006439209 37.3501358032227 37.2185401916504 37.4578857421875 37.4555282592773 37.2768363952637 37.8586959838867 38.0530548095703 37.779541015625 37.0209655761719 35.4803428649902 33.3280944824219 33.5325012207031 35.3558921813965 36.8858909606934 37.5295181274414 37.6404685974121 37.571460723877 37.5491142272949 37.2993240356445 37.1614265441895 37.5436515808105 37.2613410949707 37.2970695495605
33.3727073669434 32.9576416015625 32.7276077270508 33.1020545959473 33.8263969421387 34.7472763061523 34.9449501037598 34.4794425964355 33.9476509094238 34.9235000610352 35.468822479248 34.3563919067383 34.7337799072266 35.2237129211426 36.2908744812012 36.7324104309082 37.0653953552246 37.5483589172363 37.997688293457 37.812183380127 37.6535720825195 37.9739303588867 37.6995162963867 37.5010757446289 37.3297348022461 37.3133506774902 37.4009132385254 37.2944679260254 37.6437835693359 37.9990081787109 38.0126609802246 37.4524116516113 36.6816711425781 34.9105110168457 34.251293182373 35.4329528808594 36.8972015380859 37.483283996582 37.5396194458008 37.0395202636719 37.2914390563965 37.4722595214844 37.2431030273438 37.300163269043 36.9492301940918 37.1893424987793
32.9617462158203 32.7213668823242 32.1708564758301 32.5795936584473 33.4913368225098 33.6791152954102 34.1791305541992 34.5643920898438 34.9025001525879 35.0283699035645 35.4113883972168 35.6591606140137 36.3996963500977 36.5046615600586 36.6715850830078 36.1625518798828 37.2141036987305 37.6238250732422 37.8525695800781 37.5500297546387 37.6592216491699 37.871711730957 37.9794616699219 37.9152374267578 37.6057243347168 37.5178909301758 37.1328010559082 37.3042449951172 37.726619720459 37.8132247924805 37.9469032287598 37.9747886657715 37.3744163513184 36.6557884216309 35.6869010925293 35.3624534606934 36.5797004699707 37.3924369812012 36.8636322021484 36.2963027954102 37.2366638183594 37.4940910339355 37.1891899108887 36.3676948547363 36.7268333435059 37.2424774169922
