inst/extdata/Tmax/Tmax3.asc
NCOLS 100 
NROWS 79 
XLLCORNER 148.06 
YLLCORNER -21.49 
CELLSIZE 0.01 
NODATA_value -3.4e+38 
[rows 0 to 19 of 79, columns 46 to 91 of 100]
24.2741813659668 22.9285621643066 23.0735473632812 23.2745761871338 23.7983283996582 23.7043781280518 23.899242401123 23.8989448547363 22.8759746551514 20.8656768798828 22.5557804107666 21.9055061340332 22.6627330780029 23.3223896026611 23.4609661102295 23.6310634613037 23.8081340789795 24.2094459533691 22.7580242156982 23.2978897094727 23.4633159637451 -3.4e+38 -3.4e+38 -3.4e+38 -3.4e+38 -3.4e+38 -3.4e+38 -3.4e+38 -3.4e+38 -3.4e+38 -3.4e+38 -3.4e+38 -3.4e+38 -3.4e+38 -3.4e+38 -3.4e+38 -3.4e+38 -3.4e+38 -3.4e+38 -3.4e+38 -3.4e+38 -3.4e+38 -3.4e+38 -3.4e+38 -3.4e+38 -3.4e+38
24.6150245666504 24.0608348846436 22.6731224060059 22.9302253723145 23.0773410797119 23.0238265991211 23.3733043670654 23.7572174072266 22.4276638031006 21.3742179870605 23.4296417236328 23.0380420684814 24.8697814941406 24.5112533569336 23.3299236297607 22.3174667358398 23.4550800323486 25.3001308441162 24.2026100158691 22.9638175964355 23.6555252075195 25.7069873809814 -3.4e+38 -3.4e+38 -3.4e+38 -3.4e+38 -3.4e+38 -3.4e+38 -3.4e+38 -3.4e+38 -3.4e+38 -3.4e+38 -3.4e+38 -3.4e+38 -3.4e+38 -3.4e+38 -3.4e+38 -3.4e+38 -3.4e+38 -3.4e+38 -3.4e+38 -3.4e+38 -3.4e+38 -3.4e+38 -3.4e+38 -3.4e+38
26.3773040771484 23.2576503753662 21.1335201263428 21.5810661315918 21.3994770050049 22.9243793487549 22.1040210723877 22.0198040008545 21.1549606323242 20.8722534179688 22.722354888916 24.1802597045898 25.5585098266602 25.0394191741943 22.5045680999756 21.7728862762451 23.3237895965576 22.9597682952881 22.8294334411621 23.043737411499 22.7089672088623 22.9223461151123 22.7331314086914 23.1853065490723 -3.4e+38 -3.4e+38 -3.4e+38 -3.4e+38 -3.4e+38 -3.4e+38 -3.4e+38 -3.4e+38 -3.4e+38 -3.4e+38 -3.4e+38 -3.4e+38 -3.4e+38 -3.4e+38 -3.4e+38 -3.4e+38 -3.4e+38 -3.4e+38 -3.4e+38 -3.4e+38 -3.4e+38 -3.4e+38
22.4292831420898 21.9143619537354 18.9518070220947 19.9520092010498 21.5607585906982 21.3631687164307 21.8267574310303 21.9851665496826 21.6677074432373 21.2232151031494 22.5046119689941 22.1091728210449 24.8882865905762 25.4642143249512 22.9074459075928 22.3238525390625 24.166015625 24.8298397064209 24.2512283325195 23.4972896575928 22.0619659423828 22.994701385498 22.7134456634521 23.5422172546387 24.0127792358398 23.9040489196777 -3.4e+38 -3.4e+38 -3.4e+38 -3.4e+38 -3.4e+38 -3.4e+38 -3.4e+38 -3.4e+38 -3.4e+38 -3.4e+38 -3.4e+38 -3.4e+38 -3.4e+38 -3.4e+38 -3.4e+38 -3.4e+38 -3.4e+38 -3.4e+38 -3.4e+38 -3.4e+38
23.3717956542969 21.5131359100342 18.7329177856445 18.4287700653076 19.9344158172607 22.2090511322021 22.8899345397949 23.2343368530273 21.3014755249023 20.2912006378174 20.9667148590088 19.3479347229004 20.8522605895996 24.9365272521973 22.1034717559814 22.4350929260254 24.3013076782227 24.0981922149658 24.7455749511719 24.6410064697266 18.1855773925781 22.9970283508301 23.2880973815918 22.7757873535156 23.5404357910156 23.9386653900146 -3.4e+38 -3.4e+38 -3.4e+38 -3.4e+38 -3.4e+38 -3.4e+38 -3.4e+38 -3.4e+38 -3.4e+38 -3.4e+38 -3.4e+38 -3.4e+38 -3.4e+38 -3.4e+38 -3.4e+38 -3.4e+38 -3.4e+38 -3.4e+38 -3.4e+38 -3.4e+38
19.076587677002 19.8815517425537 17.8581829071045 17.1110420227051 19.9096202850342 22.0846996307373 21.4849987030029 21.9173336029053 20.7469024658203 21.0508804321289 18.732738494873 18.4146957397461 22.4883670806885 23.2977981567383 21.1503524780273 22.4867477416992 23.7595272064209 24.8837890625 23.8907852172852 23.648796081543 18.2672214508057 20.3334980010986 23.9506187438965 22.9249382019043 23.3515567779541 23.2706394195557 -3.4e+38 -3.4e+38 -3.4e+38 -3.4e+38 -3.4e+38 -3.4e+38 -3.4e+38 -3.4e+38 -3.4e+38 -3.4e+38 -3.4e+38 -3.4e+38 -3.4e+38 -3.4e+38 -3.4e+38 -3.4e+38 -3.4e+38 -3.4e+38 -3.4e+38 -3.4e+38
17.8084144592285 18.6676540374756 18.9661045074463 18.4929733276367 22.4708290100098 22.1164493560791 22.1053066253662 20.9625663757324 21.7944812774658 20.6969451904297 19.796817779541 20.114896774292 21.2361392974854 24.8988494873047 24.804479598999 25.8717346191406 22.3962345123291 22.7251243591309 22.7473201751709 23.2236499786377 25.0147132873535 22.7744426727295 23.5669136047363 23.0942497253418 22.503438949585 21.8129825592041 21.7427101135254 22.2611961364746 -3.4e+38 -3.4e+38 -3.4e+38 -3.4e+38 -3.4e+38 -3.4e+38 -3.4e+38 -3.4e+38 -3.4e+38 -3.4e+38 -3.4e+38 -3.4e+38 -3.4e+38 -3.4e+38 -3.4e+38 -3.4e+38 -3.4e+38 -3.4e+38
16.689395904541 19.3715286254883 24.5335311889648 18.9998188018799 17.8779811859131 19.6633377075195 21.4973201751709 20.5952854156494 20.9291019439697 21.7770614624023 20.1908683776855 19.7269229888916 20.7696990966797 22.2116394042969 20.5092163085938 23.3644714355469 20.3493709564209 20.1494331359863 21.4678192138672 22.8477935791016 23.0960445404053 21.7544689178467 22.2881946563721 22.9134654998779 21.8989334106445 21.1445140838623 20.8634700775146 21.499361038208 22.8159961700439 21.29616355896 22.5587921142578 -3.4e+38 -3.4e+38 -3.4e+38 -3.4e+38 -3.4e+38 -3.4e+38 -3.4e+38 -3.4e+38 -3.4e+38 -3.4e+38 -3.4e+38 -3.4e+38 -3.4e+38 -3.4e+38 -3.4e+38
16.6356773376465 18.6966285705566 19.420618057251 23.3163318634033 18.8494052886963 17.1314544677734 19.29860496521 19.6685352325439 21.9413909912109 22.2113494873047 22.4079132080078 20.719596862793 20.3378505706787 20.9461822509766 18.8258609771729 18.6877822875977 17.9524364471436 22.2184200286865 20.777889251709 22.1616916656494 24.2204627990723 24.1031398773193 21.6133079528809 19.6400909423828 20.7164306640625 21.3365802764893 21.9584369659424 23.0861034393311 22.7177219390869 21.4578094482422 20.8720436096191 23.3044509887695 -3.4e+38 -3.4e+38 -3.4e+38 -3.4e+38 -3.4e+38 -3.4e+38 -3.4e+38 -3.4e+38 -3.4e+38 -3.4e+38 -3.4e+38 -3.4e+38 -3.4e+38 -3.4e+38
17.9284439086914 18.6643180847168 19.2148399353027 19.9806003570557 21.5343074798584 18.414722442627 18.1041431427002 19.8172550201416 21.3492469787598 21.6155204772949 21.5236263275146 21.2573928833008 20.1991786956787 20.2902030944824 18.6856956481934 18.3098754882812 17.9242725372314 22.9237842559814 22.6868858337402 20.9089069366455 22.0348777770996 23.8358497619629 24.5685596466064 23.5349597930908 23.5189037322998 21.1828117370605 21.7487659454346 24.2739009857178 22.2323970794678 21.4888229370117 24.432071685791 24.9120864868164 -3.4e+38 -3.4e+38 -3.4e+38 -3.4e+38 -3.4e+38 -3.4e+38 -3.4e+38 -3.4e+38 -3.4e+38 -3.4e+38 -3.4e+38 -3.4e+38 -3.4e+38 -3.4e+38
16.9344348907471 19.0269145965576 18.9045925140381 18.8709259033203 20.3690776824951 23.2325134277344 20.3644161224365 21.207670211792 21.0037078857422 21.2123928070068 21.9859390258789 21.4583415985107 20.9852447509766 21.5709381103516 20.957649230957 21.0311126708984 22.1431903839111 22.411304473877 23.6163101196289 23.3677520751953 20.959846496582 24.1094856262207 21.7661647796631 20.6131286621094 22.37038230896 22.0607852935791 23.0504131317139 22.9725093841553 24.9225482940674 25.4857845306396 -3.4e+38 -3.4e+38 -3.4e+38 -3.4e+38 -3.4e+38 -3.4e+38 -3.4e+38 -3.4e+38 -3.4e+38 -3.4e+38 -3.4e+38 -3.4e+38 -3.4e+38 -3.4e+38 -3.4e+38 -3.4e+38
16.447416305542 17.4522361755371 17.5437850952148 16.7312927246094 17.511058807373 18.5750408172607 25.2137203216553 21.9500846862793 21.6480522155762 21.3321743011475 21.5148506164551 21.9135208129883 21.0400390625 21.5961475372314 21.3091468811035 23.1487884521484 23.0981025695801 23.0276775360107 26.083345413208 23.8514671325684 22.04567527771 22.0685005187988 22.1467590332031 21.5400428771973 25.5042381286621 21.3160705566406 22.649845123291 22.3896064758301 23.1460857391357 21.9272804260254 -3.4e+38 -3.4e+38 -3.4e+38 -3.4e+38 -3.4e+38 -3.4e+38 -3.4e+38 -3.4e+38 -3.4e+38 -3.4e+38 -3.4e+38 -3.4e+38 -3.4e+38 -3.4e+38 -3.4e+38 -3.4e+38
16.1890029907227 14.9546518325806 14.6266298294067 14.5425291061401 16.7059440612793 17.4179306030273 18.916431427002 19.2640991210938 21.0874576568604 21.5784034729004 20.1393508911133 20.4379119873047 20.3164978027344 20.8402671813965 21.2209243774414 21.2292785644531 21.4529399871826 23.1808013916016 25.5260982513428 25.2111892700195 22.9706363677979 23.1869220733643 23.054105758667 24.8072605133057 23.1301498413086 22.3630352020264 23.2049388885498 22.454345703125 20.8149147033691 18.9292678833008 21.9831085205078 23.3142681121826 -3.4e+38 -3.4e+38 -3.4e+38 -3.4e+38 -3.4e+38 -3.4e+38 -3.4e+38 -3.4e+38 -3.4e+38 -3.4e+38 -3.4e+38 -3.4e+38 -3.4e+38 -3.4e+38
16.203254699707 15.2987365722656 14.7695341110229 14.3578720092773 14.8886108398438 15.4180393218994 17.1594734191895 18.1830902099609 20.6372394561768 21.7478904724121 20.8292121887207 20.744197845459 21.2494144439697 21.6960964202881 22.0186996459961 23.2776222229004 21.4531764984131 23.4211082458496 24.501428604126 23.380350112915 23.3606948852539 25.7389430999756 23.4221973419189 22.8926734924316 24.2402877807617 22.4864101409912 21.4606437683105 21.2323913574219 20.2963180541992 21.5422191619873 23.4852275848389 23.21071434021 22.0909633636475 -3.4e+38 -3.4e+38 -3.4e+38 -3.4e+38 18.3814735412598 24.6000270843506 -3.4e+38 -3.4e+38 -3.4e+38 -3.4e+38 -3.4e+38 -3.4e+38 -3.4e+38
16.6414394378662 15.9366464614868 14.8358888626099 14.4392433166504 15.0306148529053 14.7696619033813 15.9226083755493 17.4078197479248 18.5205402374268 19.5299396514893 17.8712959289551 21.2423343658447 20.5216884613037 21.2166748046875 22.488302230835 21.5218315124512 22.3192176818848 25.7780342102051 22.3125286102295 24.1135997772217 23.2719211578369 25.1944332122803 23.8750171661377 23.145580291748 23.0846214294434 23.1649265289307 23.0361785888672 21.6582183837891 21.1950531005859 23.9990901947021 23.9503288269043 23.0939464569092 22.4424724578857 -3.4e+38 -3.4e+38 -3.4e+38 -3.4e+38 19.5345783233643 23.378023147583 24.8767509460449 24.5225372314453 24.4210529327393 -3.4e+38 -3.4e+38 -3.4e+38 -3.4e+38
16.5688209533691 15.3134956359863 14.8126401901245 14.8541536331177 14.4287033081055 15.4397773742676 15.2798223495483 16.53076171875 20.359188079834 21.9369773864746 19.8631801605225 18.1323661804199 21.869535446167 17.5046920776367 17.4849720001221 18.3148365020752 23.5275650024414 21.7879295349121 21.341438293457 22.5072021484375 22.6800746917725 23.4404067993164 23.2559261322021 22.5355491638184 22.4815635681152 22.5857448577881 23.7084827423096 22.7035732269287 21.8672618865967 21.8384246826172 22.6044750213623 19.1186141967773 25.3498630523682 -3.4e+38 -3.4e+38 22.6555805206299 24.3576793670654 23.5959415435791 22.3819446563721 23.4827575683594 23.4346694946289 24.8797626495361 -3.4e+38 -3.4e+38 -3.4e+38 -3.4e+38
15.1423530578613 13.8436422348022 13.9275617599487 15.2047443389893 15.6549272537231 15.3798875808716 14.9345092773438 15.7155246734619 22.5623435974121 20.9876956939697 25.1856651306152 17.9194107055664 18.8225898742676 19.7058029174805 17.5702037811279 17.7798290252686 18.4089317321777 20.2739696502686 22.0409164428711 21.4509105682373 24.2888774871826 21.6083469390869 22.3021125793457 22.5940361022949 22.0457897186279 23.1297512054443 23.074499130249 23.3973217010498 23.7081146240234 22.3683815002441 22.5972194671631 19.1735343933105 21.2075996398926 -3.4e+38 25.0957489013672 20.5363960266113 22.4869251251221 -3.4e+38 24.8970069885254 -3.4e+38 24.6374893188477 -3.4e+38 -3.4e+38 -3.4e+38 -3.4e+38 -3.4e+38
15.7803640365601 14.0082750320435 13.2853546142578 16.0216960906982 16.0894966125488 15.2057075500488 14.8063316345215 14.8702640533447 16.5424842834473 18.7508220672607 19.1242980957031 22.9760208129883 24.6497917175293 19.9957027435303 19.4604091644287 20.7535362243652 21.1713180541992 21.4449863433838 20.9830093383789 20.8982982635498 22.4508190155029 22.4859943389893 24.0289001464844 24.0483570098877 22.3274612426758 22.091329574585 23.0321083068848 21.988489151001 22.2580280303955 22.1075630187988 19.7733669281006 21.0389518737793 24.9925231933594 22.000509262085 21.0418834686279 23.7192878723145 23.326681137085 -3.4e+38 -3.4e+38 -3.4e+38 -3.4e+38 -3.4e+38 -3.4e+38 24.5842552185059 -3.4e+38 -3.4e+38
16.6236782073975 16.3609199523926 13.9021015167236 15.5857582092285 14.2269439697266 14.4635848999023 15.5005578994751 15.6005058288574 17.2100105285645 19.8839778900146 18.9418354034424 19.0867214202881 21.693754196167 25.6463775634766 21.101490020752 21.3823871612549 21.1636962890625 20.3808650970459 19.8865222930908 19.8192234039307 25.2108001708984 22.8219623565674 24.8547134399414 23.0179538726807 23.2004222869873 21.6889629364014 22.1316947937012 21.0283432006836 21.637092590332 21.6888961791992 20.071475982666 20.3306140899658 23.3787212371826 23.4979553222656 23.0000972747803 23.3597316741943 22.9657554626465 24.5891799926758 23.1419658660889 20.1429271697998 22.5572490692139 22.2832984924316 23.3945255279541 22.5376415252686 -3.4e+38 -3.4e+38
17.1808662414551 16.3616886138916 16.6878471374512 16.8326416015625 15.4117727279663 14.8386783599854 14.6004333496094 14.9503421783447 17.0723152160645 24.6570911407471 19.2652645111084 25.0709705352783 23.9142074584961 21.1004581451416 21.2736911773682 18.8758544921875 18.9856414794922 21.4549140930176 19.9779262542725 20.268383026123 22.4153385162354 23.9260005950928 25.9144325256348 23.6309070587158 25.250150680542 22.0515041351318 24.7349224090576 23.1121501922607 22.2594413757324 21.9750175476074 21.1948719024658 22.3367538452148 23.8774871826172 24.4628009796143 24.6510410308838 21.8705902099609 21.5759601593018 22.9723720550537 24.0638065338135 24.821195602417 24.3966255187988 24.4599266052246 22.7794589996338 22.6123352050781 19.0041465759277 -3.4e+38
