inst/extdata/Tmax/Tmax22.asc
NCOLS 100 
NROWS 79 
XLLCORNER 148.06 
YLLCORNER -21.49 
CELLSIZE 0.01 
NODATA_value -3.4e+38 
[rows 20 to 39 of 79, columns 46 to 91 of 100]
25.3709735870361 23.4243602752686 23.1284236907959 24.585412979126 24.2324409484863 23.8071346282959 22.7219867706299 21.5423774719238 24.0448875427246 25.8753395080566 26.6029663085938 26.9144382476807 26.7961540222168 27.5159301757812 26.4329700469971 26.9390354156494 27.146312713623 27.6147193908691 28.8430805206299 28.6572723388672 30.4744110107422 32.616039276123 33.6743698120117 33.327091217041 31.8172931671143 32.1841316223145 32.8997344970703 31.3623199462891 30.3973350524902 31.2799301147461 30.4694004058838 31.1589107513428 31.5364952087402 32.3971824645996 32.0817413330078 30.6228485107422 29.9976558685303 29.83518409729 31.2301254272461 32.5569152832031 31.5656185150146 32.0369644165039 31.1442012786865 30.7076244354248 30.7991542816162 31.5172424316406
27.8954334259033 22.5074253082275 21.945951461792 23.3734683990479 23.113883972168 22.3514785766602 23.4330196380615 21.7313652038574 22.8381881713867 25.3571720123291 27.5904445648193 25.0639572143555 24.4521026611328 26.7628173828125 25.1563167572021 25.1310024261475 26.0366630554199 27.6845169067383 27.4807262420654 28.1201210021973 30.6752338409424 33.0183029174805 27.7485370635986 27.5684680938721 30.9352874755859 32.5581512451172 33.7343330383301 30.2197895050049 31.0657157897949 29.9353790283203 30.2710800170898 30.2090740203857 30.7717475891113 30.224235534668 31.7343006134033 31.4923820495605 31.3609638214111 31.558967590332 30.700647354126 33.8564147949219 32.5613479614258 31.268159866333 30.0293884277344 29.2830944061279 28.5479202270508 28.7948741912842
28.9546031951904 24.8879470825195 23.2141914367676 22.8355693817139 21.9373874664307 23.1142406463623 22.3384857177734 22.9491081237793 22.1610717773438 23.157621383667 25.6855792999268 26.1116161346436 24.8057022094727 24.8524703979492 24.672721862793 25.3605117797852 26.315746307373 26.8754501342773 25.6001148223877 26.9065380096436 32.6186714172363 30.8332004547119 27.3756790161133 26.4948978424072 27.0795345306396 27.2269763946533 30.3075618743896 32.9015617370605 29.6322593688965 32.4393157958984 33.361701965332 34.6844139099121 31.825345993042 30.6943359375 31.5866603851318 32.0451202392578 33.3625793457031 32.9571647644043 34.2052459716797 32.3563346862793 31.3113117218018 32.125545501709 31.3219509124756 31.3938236236572 27.4845027923584 27.608190536499
28.7607097625732 24.6197376251221 24.3101005554199 23.1152324676514 20.998498916626 22.5450687408447 23.444766998291 22.8912620544434 22.8175849914551 22.9750099182129 24.2948036193848 23.69553565979 24.9076843261719 23.8099842071533 28.2793445587158 29.8775367736816 25.8005714416504 26.2430953979492 25.1864738464355 26.8102397918701 31.3593711853027 29.931396484375 28.4716529846191 25.6871109008789 26.626220703125 27.2781677246094 27.5363826751709 31.6515636444092 31.1065769195557 29.565637588501 30.8305263519287 31.0351390838623 31.5088977813721 31.0747814178467 30.9948310852051 31.1441268920898 32.0020446777344 33.1305809020996 33.4036178588867 33.3377876281738 32.8904571533203 32.3895072937012 30.9493961334229 31.1811580657959 29.544075012207 26.999002456665
27.0339679718018 27.5410938262939 27.746561050415 24.3414173126221 23.8552227020264 22.9380588531494 22.5497493743896 22.5773162841797 23.473840713501 22.7652702331543 23.0922832489014 22.5275249481201 24.5566291809082 31.5278015136719 24.4606018066406 25.7307167053223 26.6891307830811 27.0515823364258 26.5962104797363 28.15846824646 30.8521327972412 30.596830368042 27.6422939300537 26.6727657318115 26.9357986450195 27.6021270751953 27.2457637786865 27.378719329834 27.3341655731201 31.2539825439453 32.933837890625 32.2757797241211 30.8934593200684 31.5646781921387 30.2239875793457 29.7575817108154 32.3268508911133 27.3395519256592 32.035758972168 33.1277732849121 33.411075592041 31.4168643951416 33.4712791442871 32.4035224914551 31.0213031768799 28.8660793304443
21.8069839477539 22.8552989959717 23.8987140655518 23.8306369781494 23.0458965301514 22.0369758605957 21.6025009155273 21.1433334350586 22.5362033843994 23.1536693572998 22.7426681518555 22.7841510772705 24.6984996795654 26.3200187683105 26.18288230896 26.217845916748 26.3655910491943 29.6712703704834 31.0120944976807 28.1325721740723 28.0587882995605 27.9802322387695 26.4186000823975 26.2511138916016 26.5021438598633 27.3077278137207 27.3340606689453 26.5727977752686 30.0826206207275 28.3826122283936 32.9047164916992 31.9921741485596 33.0655326843262 30.2699127197266 30.9416599273682 29.7398071289062 31.377758026123 29.409200668335 29.5170555114746 33.0878639221191 29.2488269805908 26.9832534790039 26.7464447021484 31.6325054168701 32.2062377929688 29.6623020172119
21.581693649292 21.6025867462158 22.2261447906494 22.7733058929443 23.2099361419678 20.7547492980957 20.4281311035156 21.3443870544434 22.0552940368652 22.9418048858643 23.1589126586914 23.8380699157715 25.7942142486572 26.8539524078369 26.985315322876 27.2546539306641 28.7105464935303 28.9560699462891 28.9536590576172 27.8462715148926 27.6126003265381 28.7944889068604 29.0143013000488 28.7444305419922 31.5042533874512 26.9995384216309 29.4834022521973 29.242208480835 27.9009208679199 27.2971973419189 26.750919342041 34.4053802490234 29.7292194366455 30.3840217590332 31.9647331237793 30.9548377990723 31.5065498352051 30.3343734741211 27.6404800415039 27.913948059082 32.8537635803223 31.3538703918457 27.7644081115723 27.3816986083984 31.4231624603271 30.5981254577637
22.0848350524902 21.4060840606689 21.6544418334961 21.814733505249 22.3868732452393 20.3548889160156 20.0504322052002 20.1735458374023 21.836368560791 22.895809173584 22.3233795166016 22.651683807373 24.2713642120361 25.4790115356445 26.9944610595703 26.5758438110352 27.4659004211426 29.019172668457 27.7106971740723 26.5881366729736 27.6317901611328 28.8727588653564 30.8524761199951 33.441333770752 33.010139465332 32.8437805175781 28.956880569458 30.016300201416 28.295919418335 27.4050922393799 27.2368545532227 32.5490798950195 30.865364074707 29.6067943572998 30.3767585754395 30.4645500183105 30.4751853942871 31.1843967437744 27.9611415863037 26.7369518280029 26.4397888183594 26.046854019165 30.2121086120605 26.8237133026123 27.7474822998047 29.7058887481689
23.0024604797363 22.2658939361572 22.5085525512695 21.9951648712158 22.0515689849854 20.514476776123 21.7614002227783 21.3352832794189 21.7256259918213 22.0330810546875 22.1107902526855 22.4727382659912 22.5720291137695 24.694206237793 26.2544536590576 25.8449687957764 27.4010944366455 28.426815032959 27.6433296203613 26.3156890869141 26.6154708862305 30.743465423584 31.6891784667969 33.4755172729492 33.0515518188477 34.0700302124023 30.4021663665771 32.7553443908691 30.1300182342529 27.0898857116699 27.2154750823975 31.3799495697021 31.5057144165039 31.2236709594727 29.3459148406982 30.1286659240723 31.3888683319092 31.4365520477295 33.3917388916016 30.1971187591553 32.3082847595215 30.9020919799805 26.1527290344238 26.6828765869141 32.0590705871582 31.0274353027344
24.0914096832275 24.0151786804199 23.3196029663086 23.4270496368408 22.5824241638184 22.2139358520508 22.1706085205078 20.9645671844482 21.5629215240479 21.3258628845215 20.5345783233643 21.9506893157959 22.3087863922119 24.5757160186768 25.4057216644287 24.3324012756348 25.873779296875 26.5558090209961 26.7294979095459 27.0133228302002 26.8664855957031 28.6289653778076 29.2911338806152 31.6345825195312 33.8067893981934 31.8246040344238 31.8662128448486 30.295654296875 30.4979190826416 26.8373126983643 27.148530960083 29.8650321960449 30.8835124969482 29.5148067474365 31.0811042785645 29.1675071716309 31.2293434143066 29.8916893005371 31.9989280700684 28.2663688659668 27.1407108306885 26.5985202789307 28.6006984710693 25.8645172119141 27.6028003692627 29.15869140625
22.7428684234619 22.566291809082 22.7941284179688 22.5771732330322 22.4203109741211 22.4914722442627 21.1478614807129 21.0778255462646 20.3859634399414 20.9250640869141 19.8561668395996 21.4578876495361 20.9755744934082 23.1440887451172 24.3643703460693 23.0569076538086 23.5332546234131 25.8330745697021 26.9609985351562 28.5750102996826 27.6672420501709 28.2712745666504 29.3650436401367 29.9222888946533 30.0516834259033 30.6025047302246 31.4408779144287 32.733570098877 32.8067398071289 31.3781547546387 29.0226306915283 30.2812461853027 31.3591136932373 30.822151184082 32.9504432678223 33.785701751709 30.6835861206055 29.5009517669678 29.7040920257568 30.5158843994141 29.8413391113281 28.9577388763428 26.7356986999512 31.2692737579346 31.822286605835 28.7820835113525
21.8326740264893 22.4591827392578 22.6074085235596 22.5165786743164 21.5612888336182 22.5208511352539 21.2968864440918 20.0921459197998 19.3848648071289 19.3246326446533 19.3917179107666 20.0237445831299 27.4731597900391 23.314811706543 23.1563282012939 22.9358367919922 25.2844257354736 26.4566745758057 27.1774063110352 27.8119144439697 30.9634819030762 29.7510643005371 30.1624660491943 29.6939563751221 30.3259658813477 31.7496013641357 33.9277229309082 31.5694351196289 32.2160339355469 29.1220874786377 27.3716049194336 30.5443897247314 30.7907104492188 29.4319190979004 32.0317039489746 33.8884620666504 32.8374099731445 29.6924304962158 30.2770881652832 32.7574310302734 28.2841281890869 27.4594974517822 29.2690753936768 28.7962112426758 31.154125213623 30.6671276092529
21.624942779541 22.0566749572754 22.0180282592773 22.3386058807373 22.3434009552002 22.2632503509521 22.0879154205322 20.8395652770996 20.476282119751 20.5364856719971 19.4754066467285 19.5211296081543 20.5618858337402 23.0000152587891 23.1249599456787 24.2028522491455 24.6535625457764 25.3476829528809 26.9962329864502 27.696216583252 29.2088451385498 29.1682167053223 29.2124195098877 28.9823532104492 29.8604412078857 31.8364315032959 33.7516593933105 30.4350891113281 27.0958766937256 27.208812713623 27.3871879577637 31.3945598602295 32.9008140563965 29.4032249450684 31.9531879425049 33.6242980957031 29.90797996521 29.9017715454102 31.1002521514893 32.0263023376465 32.2966537475586 31.6863307952881 25.4101486206055 26.4712791442871 26.5146427154541 26.8427963256836
21.9690189361572 21.2395763397217 21.4577598571777 22.0977268218994 22.2336940765381 22.1513633728027 21.7096920013428 21.1911087036133 21.6995525360107 21.1721878051758 20.8193683624268 20.6946029663086 21.8848438262939 22.7188453674316 22.5738162994385 24.1996746063232 25.1759395599365 26.0841236114502 26.984546661377 27.3128128051758 30.2260227203369 33.0556297302246 34.371265411377 27.8395004272461 27.8800754547119 27.9188652038574 27.7051811218262 30.3538513183594 29.4004650115967 31.0222816467285 30.444278717041 30.9725017547607 29.8952102661133 31.7576732635498 32.2003440856934 27.7735748291016 31.0151062011719 30.7971534729004 32.4733200073242 32.5308609008789 29.4784412384033 30.6045036315918 29.8574409484863 28.678394317627 28.8334980010986 28.3158397674561
23.0633716583252 21.6412792205811 21.5035591125488 21.1540241241455 21.9417057037354 21.8213653564453 21.790433883667 22.5394725799561 22.0839824676514 21.1814460754395 21.8892993927002 22.4865341186523 23.0301189422607 21.8016986846924 22.2184104919434 23.599437713623 25.462532043457 26.7647743225098 26.2210159301758 27.5004043579102 29.6553745269775 32.6022415161133 33.2199668884277 27.7734680175781 26.8961753845215 27.3132266998291 27.9598007202148 28.0877437591553 29.7371845245361 29.9964904785156 32.7780227661133 34.1382827758789 34.7297134399414 32.3753089904785 33.2931671142578 29.9809379577637 30.9420852661133 31.3203811645508 30.5654335021973 31.5985336303711 32.2795753479004 29.5143566131592 27.0907745361328 29.9383106231689 29.5843944549561 30.4223785400391
22.7827014923096 21.8273735046387 21.5306549072266 21.5525913238525 21.7930660247803 21.6620388031006 22.310962677002 23.7175350189209 28.8599491119385 21.5257720947266 24.0704250335693 24.7918548583984 24.7092437744141 22.065465927124 22.9540977478027 23.1295166015625 24.9074897766113 25.3863925933838 25.3220500946045 26.6202030181885 27.6101150512695 28.2625961303711 30.0357227325439 33.173038482666 28.1622428894043 27.5064811706543 27.0001163482666 27.2128009796143 30.3932228088379 34.6737785339355 30.9234352111816 28.0655479431152 33.8608093261719 32.0157623291016 31.7060356140137 28.427526473999 30.38063621521 29.6919975280762 33.3695373535156 32.9841995239258 31.1833095550537 31.2381477355957 30.7031078338623 30.8141250610352 30.9088535308838 32.2554626464844
22.1498908996582 21.8466510772705 21.5948791503906 21.9363231658936 22.0041999816895 22.1942958831787 22.4254703521729 24.6534233093262 24.7724552154541 22.9907627105713 25.7242488861084 26.5329360961914 26.0444393157959 24.3499336242676 24.478364944458 25.2649421691895 25.9570903778076 26.7123069763184 27.0645122528076 27.3547611236572 27.6941757202148 28.070987701416 26.0271835327148 26.2151622772217 26.8744525909424 26.3610363006592 26.8202857971191 32.688793182373 30.4521026611328 34.1673927307129 27.3067531585693 26.6930103302002 27.5513706207275 31.3032741546631 31.9155330657959 30.7461032867432 29.0672931671143 30.5091934204102 30.2563209533691 31.2178955078125 32.5051918029785 33.3861541748047 33.2043304443359 32.9656791687012 31.7618236541748 32.089168548584
22.2720794677734 22.9160671234131 21.8426456451416 22.3501529693604 22.4315147399902 23.1190280914307 23.6882400512695 27.4378833770752 25.4741115570068 25.1224937438965 26.4897899627686 27.5933322906494 26.7712230682373 25.6965961456299 25.7488670349121 27.1428165435791 27.6210250854492 27.6612396240234 28.8659515380859 28.5726699829102 30.0318508148193 28.4591674804688 27.6802558898926 27.0826549530029 27.47434425354 27.8804550170898 30.563404083252 29.6340789794922 29.5279846191406 29.7598838806152 28.3976612091064 29.4722633361816 28.5195465087891 31.0116004943848 27.7983493804932 31.3173065185547 32.2756118774414 32.1932220458984 32.1215896606445 29.5052032470703 30.0786170959473 31.6099605560303 30.7508182525635 31.9407272338867 32.4646759033203 32.5186004638672
23.7188472747803 23.5660362243652 22.4351444244385 23.6079425811768 23.6984710693359 24.0954113006592 25.0044345855713 26.4454746246338 25.3690776824951 25.9980220794678 28.0161972045898 29.6936855316162 27.7174415588379 26.6821155548096 25.794605255127 26.9408302307129 26.8745918273926 27.4464073181152 28.5165023803711 33.1452522277832 28.4947452545166 28.8219890594482 31.0592708587646 30.3995609283447 30.1852550506592 29.9265098571777 31.6084880828857 30.8567199707031 31.4477024078369 30.8769626617432 29.2035999298096 29.933572769165 31.8090572357178 31.5224781036377 27.5145511627197 26.8257503509521 27.2842617034912 28.5395107269287 28.0576000213623 30.1111907958984 33.6796760559082 33.2780342102051 30.2863483428955 29.6343574523926 28.1152858734131 28.3197269439697
22.9333686828613 22.9696083068848 23.3637409210205 24.9235286712646 25.6365528106689 26.3892250061035 27.5988883972168 26.0309028625488 24.8113613128662 25.3956928253174 26.399881362915 28.6001930236816 28.1473484039307 27.6930332183838 26.5596332550049 29.1863994598389 28.9925060272217 31.065450668335 33.5696754455566 31.4665088653564 31.7323665618896 30.4609127044678 29.884593963623 30.3139934539795 30.4308052062988 30.043758392334 30.0081367492676 29.7325801849365 30.3434028625488 31.4479351043701 30.8009433746338 30.2325210571289 28.1128673553467 27.8416271209717 26.6692924499512 29.8577938079834 31.2354717254639 27.6836128234863 27.6368083953857 27.4536781311035 27.3433151245117 30.0610046386719 29.5722274780273 30.772481918335 29.3150253295898 28.7869777679443
