inst/extdata/Tmax/Tmax51.asc
NCOLS 100 
NROWS 79 
XLLCORNER 148.06 
YLLCORNER -21.49 
CELLSIZE 0.01 
NODATA_value -3.4e+38 
[rows 40 to 59 of 79, columns 0 to 45 of 100]
27.013681411743200 26.6434669494629 27.5446338653564 28.208776473999 27.3915405273438 27.2873439788818 27.2817306518555 27.2625732421875 26.4909725189209 26.9273242950439 27.6354427337646 29.1626033782959 29.6589241027832 28.6646118164062 28.76145362854 28.2957248687744 28.1472492218018 27.4286708831787 26.6968765258789 27.0326881408691 27.0321178436279 27.1387481689453 27.1114883422852 27.054744720459 25.2913341522217 25.3948726654053 24.6032485961914 24.6476287841797 25.0169334411621 23.8777236938477 22.8038063049316 21.8724384307861 23.7318954467773 23.51047706604 22.971607208252 23.4454116821289 23.029447555542 20.1895160675049 19.6864624023438 19.1940860748291 18.7921772003174 17.8322315216064 17.2089004516602 16.9828910827637 16.7171936035156 18.5361557006836
27.4865322113037 27.1752243041992 27.2885875701904 28.0066661834717 28.1335048675537 28.0220623016357 27.3092632293701 27.6506214141846 27.2605285644531 27.8969058990479 27.9627437591553 28.8918380737305 29.2237949371338 29.2906932830811 28.5907936096191 29.3011741638184 28.4649486541748 27.4151210784912 26.6710815429688 27.2511730194092 27.6613960266113 27.8650360107422 27.3263816833496 26.369987487793 24.3433437347412 23.7173271179199 24.2604866027832 24.4162139892578 24.7273330688477 24.2071418762207 23.019193649292 23.08762550354 23.5288829803467 24.0152931213379 21.0040550231934 22.1803493499756 21.6163196563721 20.1261520385742 20.0178852081299 21.5327320098877 21.3175849914551 18.9298057556152 16.7659587860107 16.68479347229 16.7470569610596 17.1090030670166
27.4605655670166 27.4414653778076 27.6642417907715 27.7177295684814 27.6482906341553 27.5197772979736 27.5140724182129 27.915096282959 27.6457691192627 27.8411808013916 28.2727737426758 29.0724697113037 29.8888473510742 29.3412704467773 29.424503326416 28.8888473510742 28.7616348266602 28.5444831848145 27.7666797637939 27.716817855835 28.022403717041 27.1587562561035 27.134033203125 26.4855079650879 26.6184844970703 25.960786819458 23.7808666229248 24.4526214599609 24.4659900665283 23.9543361663818 22.2983341217041 22.517333984375 21.4873638153076 21.3657264709473 20.0730381011963 20.618839263916 18.5169239044189 19.5518436431885 19.9095039367676 19.3322925567627 20.0378971099854 19.1796283721924 19.3422737121582 18.0265598297119 18.0190334320068 19.0937175750732
26.6322803497314 27.164342880249 27.5867919921875 27.6853141784668 27.956018447876 27.7809982299805 28.5207920074463 28.2970809936523 27.8189868927002 27.7843055725098 27.9821548461914 28.702262878418 29.2664394378662 29.4583053588867 29.8586502075195 29.9190196990967 29.449031829834 29.183967590332 28.1725196838379 28.0360336303711 28.1041984558105 27.9355754852295 27.2670307159424 25.8743209838867 26.2091178894043 26.0855026245117 25.6031360626221 25.2630653381348 24.4615268707275 24.6776599884033 23.4285259246826 23.0285701751709 24.5125503540039 23.2293567657471 23.4187335968018 17.3515205383301 17.9572849273682 18.1597232818604 18.456823348999 18.0745182037354 17.6614513397217 18.5421447753906 18.1274261474609 19.1464767456055 21.0736274719238 23.4689426422119
26.2666759490967 26.9730854034424 26.9115867614746 26.925479888916 27.600341796875 27.7860698699951 27.8565979003906 28.061918258667 27.9129886627197 28.1544284820557 27.9880466461182 28.8874588012695 28.9968528747559 29.6543617248535 29.9614086151123 29.7683792114258 29.3678016662598 29.5301895141602 29.3469219207764 29.171932220459 28.5914535522461 28.3997344970703 27.5697860717773 28.0939464569092 27.3808193206787 26.1923313140869 26.2734718322754 25.5802040100098 25.8739185333252 24.9151973724365 24.601110458374 24.1895275115967 24.7114295959473 26.54270362854 26.4728603363037 18.2454528808594 16.9030265808105 16.9547576904297 17.0986499786377 17.6399745941162 17.4210624694824 17.9787979125977 17.3265953063965 18.2316112518311 20.09375 23.4182720184326
27.4009704589844 26.8642845153809 26.3797969818115 26.5111751556396 27.2322406768799 27.2044105529785 27.5612373352051 28.007776260376 28.1467037200928 28.1009273529053 27.9784030914307 28.487699508667 28.3209762573242 29.5015411376953 30.1825428009033 29.7266635894775 29.2259750366211 29.8075618743896 29.0278415679932 28.7549285888672 28.6643905639648 28.3144836425781 27.7943668365479 26.6049995422363 27.2480850219727 27.2075004577637 25.7170219421387 26.0915279388428 26.2290058135986 25.1055793762207 23.7895355224609 23.7476558685303 24.8722763061523 24.9274997711182 27.0053958892822 23.4777603149414 17.7299213409424 16.9765224456787 17.0584411621094 17.8668117523193 17.1292476654053 17.5686264038086 18.1557006835938 18.2761573791504 19.5128116607666 20.4470291137695
26.070369720459 26.5534954071045 27.0226039886475 26.284294128418 26.1745319366455 26.6700668334961 27.4318256378174 27.6255321502686 27.6792812347412 27.50168800354 28.1538581848145 28.3132190704346 27.4027423858643 28.1412506103516 29.6285247802734 28.4831924438477 28.554370880127 29.6635437011719 29.4444007873535 28.162281036377 28.3531513214111 28.0110244750977 28.090353012085 28.3320751190186 25.5942630767822 26.0047206878662 26.0193576812744 26.1863842010498 26.3446941375732 26.4720497131348 24.7159805297852 24.1873416900635 23.7667827606201 24.1142883300781 25.5979099273682 25.497989654541 18.0155467987061 18.2593021392822 18.0361461639404 18.8652820587158 18.05539894104 18.0148372650146 18.3007984161377 23.9618530273438 19.6227741241455 18.6691455841064
27.4261341094971 26.1469497680664 27.0941104888916 26.0043563842773 26.0200634002686 26.3270072937012 26.6121463775635 26.5615005493164 26.4911041259766 27.1701564788818 26.9579086303711 27.0563201904297 27.4834518432617 28.4060707092285 29.3353633880615 29.532096862793 28.9445781707764 29.3709278106689 29.2107162475586 28.225887298584 28.8697834014893 28.7912540435791 27.4664211273193 27.7068786621094 27.369213104248 28.1127872467041 27.7008018493652 27.0429859161377 27.1255874633789 26.9771823883057 26.2396411895752 25.4616031646729 24.1167945861816 25.207878112793 25.2243404388428 24.1516723632812 23.7821483612061 21.8091850280762 19.6269989013672 19.6560726165771 19.1246318817139 19.0007877349854 19.0076484680176 18.830207824707 18.1262550354004 17.8132076263428
28.8833446502686 26.9266510009766 25.5631809234619 25.2296466827393 25.4088973999023 26.546501159668 26.0763778686523 25.9896545410156 25.9732437133789 26.8832187652588 27.0848865509033 26.9061889648438 27.4427452087402 28.574499130249 29.4842414855957 28.6540184020996 28.699390411377 28.3777503967285 28.8996276855469 27.8258285522461 27.9908142089844 28.9774513244629 28.7480354309082 28.4804782867432 27.8729038238525 27.2973022460938 28.2557601928711 28.8518543243408 28.2704372406006 27.1257667541504 26.1049385070801 26.1096382141113 25.0997505187988 24.9110851287842 24.8944225311279 24.9480628967285 25.2635021209717 25.1042251586914 25.2148818969727 23.4779682159424 18.3424110412598 18.3708343505859 18.7106151580811 18.2780723571777 18.215690612793 17.8097362518311
29.1336631774902 28.080249786377 27.0391941070557 25.1146850585938 25.0681648254395 25.1865768432617 25.7965755462646 25.992130279541 26.0516090393066 27.4849967956543 28.4353637695312 27.9694671630859 27.5996971130371 27.8080730438232 27.9924507141113 28.0929527282715 28.6374588012695 28.8299884796143 28.4544944763184 29.1369476318359 27.9850101470947 28.5085525512695 28.888313293457 28.7767162322998 28.3263931274414 28.8501243591309 27.2325649261475 28.2433414459229 27.6060771942139 26.9888572692871 25.9670715332031 26.4813003540039 24.4584083557129 24.3791828155518 24.5986022949219 21.3053188323975 25.4086227416992 25.1206073760986 24.8064365386963 24.9004573822021 23.3838062286377 18.1723079681396 17.9505138397217 20.1378383636475 20.0886917114258 20.6280841827393
29.4824562072754 28.6239395141602 28.0900936126709 25.6152248382568 25.5042762756348 25.0644264221191 25.2706127166748 25.97802734375 25.9415454864502 27.248514175415 28.477668762207 28.3459091186523 28.5111560821533 28.921781539917 28.7762317657471 28.4062385559082 28.7082824707031 28.7272491455078 28.7704582214355 27.9839248657227 28.9402103424072 28.742057800293 28.4512519836426 27.9993724822998 27.7510509490967 27.7637424468994 27.3894557952881 26.8043212890625 27.7114105224609 27.4722499847412 26.2709693908691 26.4451560974121 24.8370723724365 24.9728221893311 23.2167778015137 24.3615837097168 24.3270721435547 24.7797756195068 24.6392250061035 24.7070484161377 24.216911315918 23.4698753356934 22.2097339630127 21.348726272583 19.9346446990967 19.7914028167725
29.2370510101318 29.4148063659668 28.2557067871094 26.4720077514648 26.1101837158203 26.4604892730713 25.8544616699219 25.453161239624 24.7645931243896 25.7763328552246 27.9448089599609 28.6740417480469 28.9453830718994 28.2012233734131 28.8052768707275 28.753475189209 28.9182796478271 29.2897033691406 29.4374599456787 28.2567672729492 29.1237144470215 29.0284099578857 27.6454601287842 27.6519260406494 27.5037517547607 26.6306133270264 26.5198364257812 26.7304973602295 27.52419090271 28.246826171875 28.0855903625488 25.8645992279053 25.4343299865723 24.4272899627686 24.0475959777832 23.552734375 23.6333198547363 24.3738403320312 24.3666496276855 24.3741760253906 23.5763187408447 23.2896518707275 22.800313949585 21.8876495361328 17.9691066741943 17.7571868896484
28.6543407440186 29.2862167358398 28.9800872802734 25.2912693023682 24.642879486084 25.5125961303711 25.4454555511475 25.6161670684814 24.7134838104248 24.9683322906494 26.9502925872803 26.7267799377441 27.6510200500488 28.7987041473389 28.4368705749512 28.8667469024658 29.077522277832 29.3711833953857 29.2586784362793 29.1628456115723 29.1304016113281 28.9457912445068 28.7852592468262 27.669864654541 28.5861358642578 28.257152557373 26.8690586090088 26.9559803009033 27.0891609191895 27.790735244751 27.8884220123291 26.5160903930664 25.4589729309082 24.7346668243408 24.6500492095947 25.4561557769775 23.6261539459229 23.2938251495361 24.0019607543945 25.1176643371582 25.0250873565674 24.2850856781006 24.1688423156738 23.3108501434326 18.3268489837646 17.6662521362305
28.9161605834961 28.4344139099121 28.3999900817871 26.1617794036865 24.9501132965088 26.1366233825684 26.2139492034912 25.5963325500488 24.8001251220703 24.9658985137939 26.7459487915039 26.3700923919678 28.4389553070068 28.451078414917 28.3394451141357 29.1919975280762 28.8850517272949 29.3035640716553 28.1031970977783 28.942554473877 29.0683345794678 29.1691780090332 28.9905815124512 28.1705932617188 27.5235233306885 27.7261714935303 27.693998336792 27.124547958374 26.6038970947266 27.0113162994385 27.3854923248291 27.8143081665039 27.8496112823486 26.995849609375 25.9265747070312 26.5443878173828 25.1379795074463 24.2220039367676 22.9053230285645 24.3951072692871 25.360725402832 25.4979209899902 24.891637802124 24.641637802124 22.070972442627 21.6044826507568
28.6127891540527 27.7932376861572 28.0557613372803 27.1650867462158 26.6042804718018 26.3626689910889 26.905309677124 26.4086666107178 26.6874485015869 25.7850246429443 25.8726596832275 26.7693767547607 27.1218395233154 28.1016216278076 28.8621025085449 29.0460453033447 28.9897861480713 29.2051849365234 29.190034866333 28.3860626220703 28.4264392852783 29.1145191192627 28.7009658813477 29.176197052002 28.3698539733887 27.6918697357178 27.1330795288086 27.515209197998 26.0696182250977 27.2621688842773 26.7949523925781 26.398946762085 27.461296081543 27.2220973968506 28.1541328430176 25.8102588653564 25.8714542388916 26.4697761535645 26.0899219512939 24.7209033966064 24.6968097686768 23.9213180541992 23.1431560516357 22.3167381286621 22.468807220459 19.3585948944092
28.7099590301514 28.7609996795654 28.6402072906494 27.612154006958 27.2540264129639 27.0429172515869 27.4899845123291 27.9103336334229 27.0986499786377 25.9726009368896 26.8121719360352 28.2436141967773 28.034912109375 29.0364799499512 28.8336887359619 28.9372386932373 27.7077980041504 28.3375072479248 28.4789638519287 28.5281639099121 28.2023811340332 28.3128566741943 27.9674701690674 28.5987129211426 28.2505168914795 28.5028457641602 27.6204662322998 27.9545440673828 26.8615264892578 27.2903366088867 27.3528823852539 26.8128566741943 26.1792469024658 26.1952114105225 26.7609596252441 27.36403465271 27.0727577209473 26.9176254272461 26.0820655822754 24.4103527069092 23.760814666748 24.5241851806641 22.4094276428223 18.7288761138916 19.2999706268311 19.1296348571777
28.2292594909668 28.650520324707 28.2302131652832 28.8384819030762 27.6583156585693 26.2691650390625 26.949878692627 27.7966747283936 27.4216861724854 26.6337013244629 26.585090637207 28.4783420562744 28.9080924987793 27.7933540344238 28.4395065307617 28.8412475585938 27.6013069152832 28.0097408294678 28.3010196685791 27.4468078613281 27.7184371948242 28.0641937255859 28.3179683685303 28.2145957946777 28.2460060119629 28.1800060272217 27.9709186553955 27.4428939819336 27.1376686096191 27.6092643737793 25.8763217926025 26.5832996368408 24.932638168335 25.0300464630127 25.59104347229 26.7892436981201 26.1003227233887 24.9890727996826 24.9668159484863 20.224271774292 19.822624206543 23.3442478179932 22.0214519500732 18.2181854248047 18.8220062255859 19.0769443511963
28.7055263519287 29.0297527313232 28.6611862182617 28.4565849304199 27.9991512298584 28.2325019836426 27.102222442627 27.0018310546875 27.4401588439941 27.3288612365723 26.0912761688232 27.4961891174316 28.9105262756348 28.643383026123 28.2347316741943 28.7699184417725 28.2071495056152 27.9846839904785 26.6521892547607 27.9538249969482 28.3206005096436 28.441822052002 27.6199359893799 28.1309814453125 28.8406810760498 28.1750259399414 27.9966106414795 27.4877262115479 27.5765628814697 28.0311088562012 27.3061904907227 27.1634254455566 26.9023303985596 26.327320098877 25.186279296875 25.3241901397705 26.2982349395752 25.4885749816895 24.2544040679932 20.0366020202637 19.8942260742188 24.0099029541016 19.4046058654785 19.0722694396973 18.2958106994629 18.5634365081787
28.9466762542725 28.9104804992676 29.0361709594727 28.6790294647217 28.6188411712646 27.9649410247803 26.946928024292 26.6624736785889 26.9309482574463 26.0513381958008 26.4428806304932 28.5751132965088 28.3562774658203 29.0708599090576 28.1870555877686 28.2392578125 27.0336380004883 26.900239944458 26.8966388702393 26.9647598266602 27.0891780853271 27.4596347808838 26.7629585266113 27.4700374603271 28.7322673797607 28.0771465301514 27.7037162780762 27.7796573638916 27.5971565246582 28.1063442230225 27.2837085723877 27.2290325164795 27.0488567352295 26.4881935119629 26.3716449737549 25.2792530059814 25.2637634277344 24.8316249847412 20.6946315765381 20.5773105621338 20.2599182128906 23.4393825531006 19.4637718200684 18.5885334014893 18.6852054595947 18.610237121582
28.7528057098389 28.1644916534424 28.9124450683594 27.875093460083 28.6001987457275 27.3720970153809 27.2697467803955 26.5662021636963 26.931453704834 26.084451675415 26.1730136871338 25.888111114502 27.8132247924805 28.7024765014648 28.6708755493164 27.9505195617676 26.8049030303955 26.908374786377 26.8143825531006 26.1696548461914 26.5770149230957 27.9702568054199 26.9941158294678 27.4298191070557 27.5352363586426 28.0037994384766 27.825611114502 27.6244239807129 27.8078594207764 28.4512767791748 27.489070892334 27.0646324157715 26.6292686462402 27.4400177001953 27.066478729248 26.6206035614014 25.8879833221436 24.6716041564941 24.1469688415527 24.1772975921631 23.4290332794189 23.4398384094238 22.6387729644775 18.7105007171631 18.6017589569092 18.5827865600586
