inst/extdata/Tmax/Tmax157.asc
NCOLS 100 
NROWS 79 
XLLCORNER 148.06 
YLLCORNER -21.49 
CELLSIZE 0.01 
NODATA_value -3.4e+38 
[rows 0 to 19 of 79, columns 0 to 45 of 100]
34.505310058593800 34.1316604614258 33.0688972473145 33.4921531677246 33.66845703125 34.1682472229004 34.4150848388672 34.6257476806641 34.5928535461426 34.4062767028809 33.8788986206055 33.6648979187012 33.5882415771484 32.1995849609375 32.7692565917969 33.2650527954102 33.7274284362793 33.7110443115234 32.795783996582 32.0503234863281 31.9003791809082 30.8505325317383 31.3591918945312 32.8485984802246 33.4536514282227 33.7604026794434 33.6357498168945 33.7137908935547 33.3682136535645 32.9562301635742 31.9575233459473 29.8065433502197 31.3082599639893 31.2267608642578 29.8446655273438 28.671236038208 28.5959434509277 28.2666168212891 29.0007171630859 31.1664943695068 32.9859619140625 33.3184509277344 34.2046127319336 34.6134223937988 34.8287620544434 34.9933929443359
34.3109130859375 33.7316398620605 32.8877601623535 33.0069427490234 32.3776702880859 33.4291572570801 34.1030960083008 34.4942398071289 34.6605491638184 34.5378112792969 34.1582832336426 33.8195190429688 33.9671859741211 33.4995269775391 33.3260040283203 33.2108535766602 33.7039566040039 33.7593383789062 32.6280860900879 31.9587650299072 32.581600189209 32.3131446838379 32.2014808654785 32.7294731140137 33.2892417907715 33.5191116333008 33.8668670654297 33.8275909423828 33.5959510803223 33.3639144897461 32.3967704772949 30.7839794158936 32.1757888793945 31.7070255279541 30.9348297119141 29.8154640197754 29.32057762146 29.7773704528809 31.0725955963135 32.4216499328613 34.201000213623 34.705738067627 34.8759803771973 34.8900413513184 34.9680862426758 35.0308647155762
34.2919960021973 33.3797225952148 33.5313529968262 33.6938209533691 33.1864471435547 33.3362350463867 33.8253746032715 34.5039939880371 34.7315483093262 34.5873146057129 34.2659492492676 34.137336730957 34.0482978820801 34.0017013549805 33.6668891906738 33.5105476379395 33.7739791870117 33.972110748291 33.3196754455566 33.1152839660645 32.9613189697266 32.6053504943848 32.3540687561035 32.5140647888184 33.5225944519043 33.8555679321289 33.6821136474609 33.6795921325684 33.6954536437988 33.3470993041992 33.431079864502 32.2939491271973 32.5999145507812 31.1577816009521 30.8162975311279 30.078670501709 29.4899559020996 28.9659595489502 30.1855087280273 31.640157699585 33.3092231750488 34.528076171875 34.931713104248 35.0262298583984 35.0186538696289 34.9794731140137
34.5630035400391 34.1715354919434 33.8016052246094 34.5413284301758 33.9554214477539 33.4771919250488 33.9415626525879 34.6257247924805 34.8419494628906 34.6964225769043 34.5404167175293 34.5178298950195 34.4096031188965 34.2318229675293 33.7385559082031 33.5547943115234 33.9953651428223 34.0724143981934 33.8285675048828 33.2959175109863 32.9348831176758 32.5162963867188 32.6264724731445 32.6013488769531 33.3144302368164 33.8487739562988 33.4351081848145 33.7759590148926 33.5750007629395 32.6096649169922 33.2929382324219 33.4072532653809 32.5349998474121 31.0632934570312 30.4018230438232 29.3765335083008 29.7320671081543 29.1532173156738 29.0487079620361 28.6129779815674 30.3563823699951 33.6099853515625 34.7368698120117 35.0151062011719 34.7330474853516 34.6292114257812
35.2326354980469 34.5930519104004 34.3278694152832 34.829044342041 34.5665702819824 33.8207054138184 33.885684967041 34.671028137207 34.8645210266113 34.4331283569336 34.4540138244629 34.7210578918457 34.5874557495117 34.2704772949219 33.8545455932617 34.0548629760742 34.1694602966309 33.8813247680664 33.3520889282227 32.500904083252 32.7361373901367 32.9619178771973 33.1335182189941 33.3845138549805 33.4106712341309 33.0332374572754 33.9360198974609 33.4953460693359 33.356803894043 32.7883605957031 33.2375411987305 33.0487670898438 32.6972045898438 31.5344638824463 30.9357452392578 31.3295021057129 30.9849815368652 30.3460941314697 29.7147216796875 28.9071617126465 28.5997104644775 32.5833129882812 34.4005813598633 34.9158172607422 34.1197891235352 33.283576965332
35.4238204956055 35.1420478820801 34.3270378112793 34.8602523803711 34.9617500305176 34.4768486022949 34.1622276306152 34.724781036377 34.9344444274902 34.6030006408691 34.4856338500977 34.8311653137207 34.6584243774414 34.3430061340332 33.5730400085449 34.1999130249023 34.1188735961914 33.6029510498047 32.9689445495605 32.4900131225586 32.6268501281738 32.9591102600098 33.3529205322266 33.3701782226562 33.7438545227051 33.6325302124023 33.7489891052246 32.8568725585938 32.8712997436523 31.591625213623 32.4938774108887 33.1004066467285 33.2352867126465 32.8561401367188 32.4503402709961 32.3932151794434 31.4092998504639 30.8387298583984 30.4634571075439 29.4935283660889 28.9601268768311 32.0788726806641 34.276123046875 34.8771514892578 34.314754486084 31.8538455963135
35.6632499694824 35.364574432373 34.932243347168 35.1529159545898 35.1084518432617 34.6706619262695 33.9109153747559 34.6050643920898 34.8489799499512 35.0336112976074 34.978328704834 34.8127784729004 34.3123207092285 34.4656181335449 34.4463005065918 34.2903785705566 34.0745506286621 33.4231109619141 33.1858863830566 32.8414611816406 32.1631317138672 32.4362831115723 33.0230407714844 33.5110969543457 33.9573173522949 33.8860931396484 33.9290161132812 33.2969551086426 32.8788681030273 31.4469890594482 31.4744815826416 31.6448135375977 32.8288116455078 33.0546531677246 32.5173645019531 32.4043350219727 31.7391967773438 30.0723667144775 30.3861923217773 29.869104385376 29.6933517456055 31.8667392730713 34.0372352600098 34.6163787841797 34.3760833740234 32.3990783691406
35.6563949584961 35.5511474609375 35.2302856445312 35.2817764282227 35.2486190795898 34.9423637390137 34.2535934448242 34.1175003051758 34.5148239135742 34.950569152832 35.1007614135742 34.7670478820801 33.9624366760254 34.2520790100098 34.5509300231934 33.7294921875 33.6873588562012 32.7857131958008 32.7145080566406 32.4496688842773 31.6567993164062 32.2567024230957 32.8055381774902 33.5042762756348 34.1016464233398 34.1369209289551 33.6511154174805 33.1305885314941 32.9311904907227 32.0186462402344 30.4334049224854 30.8156070709229 31.2502212524414 31.9996891021729 32.4945983886719 31.7773494720459 31.8958625793457 30.8378505706787 29.6335716247559 30.0060787200928 30.2884254455566 31.6871757507324 32.9661254882812 34.2131042480469 34.1746292114258 31.9949798583984
35.387622833252 35.6756629943848 35.5026435852051 35.4594306945801 35.3145980834961 35.0295753479004 34.6096534729004 34.056282043457 34.2880363464355 34.9394416809082 35.1504135131836 35.1081352233887 34.869384765625 34.7022438049316 34.2750244140625 33.3610496520996 33.6162185668945 33.3367042541504 33.5231475830078 32.416618347168 32.4375801086426 32.2800140380859 32.4240036010742 33.2742691040039 34.016242980957 34.2605857849121 33.1485328674316 32.0999565124512 32.228084564209 32.1359786987305 31.4335231781006 30.7820644378662 30.2754516601562 30.8645496368408 32.0036506652832 31.2754020690918 31.0155773162842 30.9765300750732 29.8369178771973 29.4627418518066 29.7556667327881 29.9060039520264 31.0512313842773 33.0362014770508 33.6274261474609 32.1225280761719
35.040901184082 35.5662651062012 35.6752548217773 35.5178375244141 35.2812156677246 35.1498756408691 34.9274597167969 34.3775787353516 33.9902572631836 34.8458023071289 35.1551818847656 34.6850280761719 33.8204879760742 33.9213676452637 34.0684661865234 34.056884765625 34.1181144714355 33.9602661132812 33.7228660583496 33.3589096069336 32.9779167175293 32.2250099182129 32.6549034118652 33.703010559082 34.2784729003906 34.172061920166 33.3230781555176 33.1538009643555 32.5484504699707 31.9375381469727 30.4277820587158 29.9846839904785 31.3228912353516 31.1710624694824 30.9369602203369 30.6693515777588 30.4293231964111 30.8116416931152 30.162670135498 29.2663593292236 29.3281841278076 28.7653350830078 29.7423534393311 31.2043952941895 31.6194458007812 30.8606796264648
34.6478042602539 35.0534629821777 35.7004241943359 35.5983734130859 35.4512176513672 35.3650932312012 35.1530532836914 34.7119598388672 34.709644317627 35.0156631469727 35.2102890014648 34.7673072814941 34.3734169006348 33.4696273803711 33.7018775939941 34.0780563354492 34.2545127868652 34.5230941772461 33.9849510192871 33.7586631774902 33.2818984985352 32.8537673950195 32.9654579162598 33.687873840332 34.247932434082 34.1516075134277 33.3116111755371 32.4120674133301 31.1992149353027 31.2171840667725 30.7935314178467 30.7532253265381 31.8311824798584 31.5362987518311 30.4499435424805 30.1565570831299 30.7690830230713 30.4358978271484 29.9865589141846 29.3286666870117 29.4178524017334 29.1221008300781 28.8167762756348 29.6438541412354 30.2037734985352 30.6147899627686
34.4497566223145 34.551887512207 35.6628265380859 35.6797485351562 35.5917663574219 35.4554214477539 35.2687339782715 34.8729209899902 34.9386215209961 35.3174896240234 35.2696304321289 35.0536346435547 34.6179008483887 34.0253944396973 33.9176483154297 34.3158988952637 34.7234077453613 34.7358932495117 34.4318237304688 33.877269744873 33.2668876647949 32.8816947937012 33.1042137145996 33.3135032653809 33.6063690185547 34.0483741760254 32.852970123291 31.8967800140381 31.1677780151367 31.4829120635986 31.586706161499 31.512077331543 32.0511512756348 31.4134826660156 31.1239013671875 31.0347385406494 30.5336017608643 29.828742980957 30.4981708526611 30.8049430847168 30.2862243652344 29.752815246582 29.1347694396973 29.7084293365479 30.386890411377 30.9063911437988
34.640869140625 35.2806587219238 35.6424293518066 35.6110992431641 35.6427230834961 35.5420684814453 35.3945121765137 34.9479522705078 35.0734443664551 35.4750442504883 35.2485733032227 35.1879844665527 34.9403228759766 35.0490798950195 34.9469108581543 34.942455291748 34.9771766662598 34.9025802612305 34.643497467041 34.0117530822754 33.6924057006836 33.9225997924805 34.271110534668 34.5828514099121 34.4208106994629 33.914249420166 33.6824951171875 33.1054801940918 32.671215057373 32.4630737304688 32.5642623901367 32.3359146118164 32.2372512817383 31.542444229126 30.8654499053955 30.3281955718994 29.692008972168 31.0823955535889 31.4616870880127 31.4156265258789 29.7701187133789 29.7032928466797 29.1316909790039 28.8894214630127 30.4582748413086 31.1827507019043
35.2084503173828 35.491138458252 35.5933685302734 35.5109786987305 35.5471458435059 35.6248779296875 35.5789222717285 35.4482879638672 35.2102241516113 35.3988609313965 35.3800582885742 35.3180961608887 35.1782073974609 35.0707664489746 34.9572601318359 34.8803901672363 35.0805282592773 34.9967460632324 34.8395004272461 34.7193984985352 34.6123085021973 34.592903137207 34.359546661377 34.5269012451172 33.9968605041504 32.7533683776855 32.7072563171387 32.2233009338379 31.5569305419922 32.5393600463867 32.9067344665527 32.887264251709 31.976526260376 31.6197338104248 31.4916133880615 31.4415740966797 31.4443626403809 31.0782222747803 31.8748359680176 32.3243675231934 31.698673248291 31.157299041748 30.3899974822998 29.7357902526855 31.0743293762207 31.7203121185303
34.265926361084 34.9965553283691 35.5532913208008 35.4860000610352 35.3514442443848 35.4915199279785 35.4649925231934 35.276050567627 34.7764549255371 34.8538208007812 35.2845458984375 35.0727386474609 34.4411315917969 34.6692848205566 34.9172592163086 34.2534408569336 34.8138847351074 35.0680809020996 35.0245780944824 34.9818878173828 34.9318809509277 34.4556655883789 33.6817245483398 34.1903038024902 33.9990997314453 33.6829490661621 33.6091766357422 33.2190818786621 32.788158416748 33.1343460083008 33.1003608703613 32.8045234680176 32.2726135253906 32.5948219299316 32.5688285827637 31.4281063079834 32.1477088928223 31.1229228973389 31.5429248809814 32.5111999511719 32.507495880127 32.2114677429199 31.3025283813477 30.2995014190674 31.1028480529785 32.0760841369629
33.2050476074219 34.4610328674316 35.4058494567871 35.5827827453613 35.5183410644531 35.5053176879883 35.4048461914062 35.2866516113281 35.038459777832 34.4253730773926 33.953857421875 34.8903388977051 33.8825607299805 33.5229682922363 34.6194496154785 34.1980781555176 34.1946449279785 34.7996520996094 34.8548049926758 34.8760070800781 34.907958984375 34.9035987854004 34.7527618408203 34.4813804626465 33.9808082580566 33.5260467529297 33.5652198791504 33.5200271606445 33.4698867797852 33.2638702392578 33.0743827819824 32.6013107299805 32.2821846008301 33.0920295715332 32.9616279602051 32.6506729125977 32.6919250488281 32.0127601623535 31.6050052642822 32.4623985290527 32.7239608764648 31.9693946838379 30.4422130584717 29.1165809631348 29.6812782287598 31.8264045715332
34.4180603027344 34.2382736206055 34.9785041809082 35.2267951965332 35.520263671875 35.500659942627 35.3818740844727 35.2306861877441 35.0607872009277 34.7249183654785 33.9580230712891 34.495719909668 33.2396202087402 32.9631843566895 33.8970832824707 33.7424163818359 32.9340972900391 34.2968635559082 34.3105430603027 34.3075103759766 34.6440467834473 34.8662223815918 34.7666511535645 34.2639923095703 33.2618408203125 32.5851860046387 32.1379814147949 32.5733909606934 33.2666969299316 32.5894813537598 32.3488845825195 31.4645195007324 32.3456344604492 33.3924369812012 33.1883277893066 32.9735717773438 33.059455871582 32.5578460693359 32.1325416564941 32.5027046203613 32.770938873291 31.430627822876 30.2557640075684 30.6568412780762 31.1075897216797 31.8549404144287
34.5653877258301 35.008716583252 35.1292991638184 35.1648483276367 35.3556671142578 35.4436683654785 35.3938446044922 35.3110771179199 35.1412315368652 34.6050033569336 34.1482391357422 33.7190093994141 33.254753112793 32.8446960449219 33.4859390258789 33.3364295959473 33.3869476318359 33.2010498046875 32.9188842773438 32.9187927246094 34.3322372436523 34.689266204834 34.6855239868164 34.577335357666 33.8822784423828 32.5239448547363 30.8859748840332 31.8915576934814 32.8761940002441 31.7648601531982 32.237247467041 32.9631690979004 33.3384819030762 33.6896514892578 33.6052856445312 33.3863716125488 32.8394432067871 31.8648929595947 32.4348564147949 32.7336578369141 33.1423149108887 32.7450256347656 32.5949897766113 32.5917091369629 32.5563545227051 31.8999919891357
34.8674468994141 34.8710098266602 34.7186660766602 34.8604125976562 35.4231719970703 35.3159027099609 35.3604202270508 35.3607940673828 35.2690124511719 34.8649673461914 33.557975769043 33.6880989074707 33.1958923339844 31.8996257781982 32.7808265686035 32.530216217041 32.3513717651367 31.5727882385254 32.5699882507324 33.0284767150879 34.3489456176758 34.407356262207 34.592845916748 34.7385215759277 33.7375640869141 32.4924926757812 31.1550712585449 32.1028938293457 32.8491096496582 32.2861137390137 32.8932113647461 33.4491424560547 33.9258575439453 33.9540748596191 33.4513816833496 33.1624374389648 32.7596130371094 32.4622840881348 33.1126289367676 33.2375373840332 33.3075828552246 33.2323875427246 33.1156768798828 32.3644943237305 31.3823490142822 31.3608570098877
35.0404357910156 35.0469932556152 35.0486183166504 34.8997917175293 35.4399147033691 35.4577941894531 35.411922454834 35.3646240234375 35.302978515625 35.2028770446777 34.8325042724609 33.981086730957 33.0179443359375 31.6593036651611 32.0493202209473 32.0249443054199 31.5367088317871 31.8972854614258 32.2082099914551 33.4332504272461 34.3756065368652 33.9096031188965 34.7599754333496 34.5984268188477 33.91845703125 33.654541015625 32.4201126098633 32.5761604309082 33.0072822570801 32.8237457275391 33.562328338623 33.553337097168 34.0959815979004 34.0333480834961 33.8774528503418 33.6086273193359 32.6470222473145 32.8695640563965 33.2015609741211 33.2176818847656 33.2804565429688 33.1356163024902 33.0765113830566 32.4916877746582 32.4262046813965 32.2958908081055
