inst/extdata/Tmax/Tmax9.asc
NCOLS 100 
NROWS 79 
XLLCORNER 148.06 
YLLCORNER -21.49 
CELLSIZE 0.01 
NODATA_value -3.4e+38 
[rows 40 to 59 of 79, columns 46 to 91 of 100]
17.3250179290771 18.7191886901855 18.3693008422852 19.1734619140625 21.3283634185791 21.2259979248047 21.0957469940186 19.0556526184082 18.7842845916748 19.3622589111328 20.9197978973389 22.7983493804932 23.3294696807861 22.8112545013428 22.1114864349365 23.7983112335205 24.7116718292236 24.2026653289795 25.2486743927002 25.209451675415 24.5602989196777 25.2790832519531 23.0899353027344 21.891773223877 23.3273658752441 24.2514896392822 24.7983245849609 24.0275573730469 23.8195629119873 23.9539337158203 23.5768947601318 24.6937408447266 23.4820709228516 20.6688499450684 22.2985496520996 26.6136684417725 24.964635848999 23.4060916900635 21.2175846099854 20.5906772613525 20.0985794067383 22.9126167297363 23.2634315490723 22.6589450836182 23.9765243530273 21.1985664367676
18.5851955413818 18.6840667724609 20.0923099517822 21.4512405395508 22.0220489501953 21.4416084289551 20.9149703979492 20.7417831420898 22.081184387207 22.3446865081787 24.9992046356201 23.7609844207764 23.5586853027344 23.2552623748779 22.6979122161865 24.6427459716797 24.7662982940674 24.5944671630859 25.6543788909912 25.93381690979 23.8363857269287 24.258358001709 20.5542602539062 26.3262538909912 27.5136947631836 23.0432243347168 24.9700679779053 24.0213298797607 24.2177276611328 23.3458728790283 23.9358711242676 24.4876327514648 24.3443450927734 23.4696426391602 23.8683071136475 25.8745346069336 24.1566677093506 23.5849266052246 23.2891407012939 22.9677391052246 22.5990085601807 22.106372833252 23.4342727661133 23.0975646972656 23.0600605010986 22.5225505828857
19.8858757019043 20.8966598510742 20.8091163635254 22.7645282745361 27.8216037750244 25.2674198150635 22.8296661376953 22.1442756652832 23.2392883300781 24.8832855224609 25.0265502929688 24.5828037261963 24.8712921142578 24.439432144165 26.184814453125 24.7249870300293 24.5793113708496 24.2468547821045 24.6774940490723 25.4039783477783 24.4769668579102 24.0422954559326 23.7387847900391 27.7980804443359 21.2092132568359 27.8718967437744 27.0774078369141 22.9226760864258 22.2786655426025 24.8399677276611 24.5215549468994 24.8435287475586 24.1198329925537 23.4812774658203 23.8713645935059 22.6984329223633 22.9141979217529 22.3088245391846 22.3060359954834 22.7516899108887 23.9188022613525 24.0182399749756 24.3570137023926 23.025032043457 25.0337772369385 24.9780883789062
23.3013381958008 24.075740814209 24.2246761322021 24.3605861663818 25.08034324646 24.5803108215332 24.2510929107666 23.8812465667725 24.2030029296875 24.5719451904297 25.2589302062988 25.2770385742188 25.4838390350342 25.3948154449463 24.8804225921631 24.4395141601562 24.1044807434082 24.3124732971191 25.0246276855469 22.6243801116943 24.8834705352783 24.9309883117676 24.7571029663086 24.0872039794922 23.5398139953613 25.3323421478271 24.5347709655762 24.0241222381592 24.6320400238037 26.3463115692139 25.7147083282471 26.1568412780762 23.9465885162354 23.3432121276855 23.1786651611328 25.7140007019043 25.2115077972412 23.2414703369141 24.1705436706543 25.2340278625488 25.8403854370117 24.987174987793 23.419942855835 27.6521167755127 25.2047748565674 23.1846866607666
23.1471920013428 23.3282375335693 23.3068027496338 23.6717739105225 25.2439384460449 25.8975811004639 25.2949619293213 24.4673137664795 24.8466053009033 24.5312099456787 24.258617401123 24.2259349822998 23.8301811218262 23.7181816101074 23.5450553894043 24.121410369873 22.5084991455078 23.355411529541 24.3857936859131 24.7473239898682 25.7011470794678 26.3456516265869 26.10910987854 25.1810474395752 23.0277481079102 23.4646415710449 23.8579235076904 24.3362312316895 26.5537948608398 26.8833141326904 25.5241565704346 24.2681884765625 23.2018432617188 23.8973636627197 23.5456829071045 25.5748634338379 24.2633037567139 23.0917663574219 24.3555278778076 22.8464317321777 23.4719066619873 25.0364513397217 25.4513664245605 25.4069137573242 28.2942142486572 25.1796245574951
19.2935581207275 20.7811679840088 22.3483200073242 20.6775035858154 22.348934173584 23.0251808166504 22.8678321838379 23.1674480438232 23.4746971130371 23.6050052642822 20.6146392822266 20.8028469085693 20.9822444915771 19.1936550140381 20.1743297576904 21.16184425354 23.4885425567627 23.6656875610352 23.6022567749023 23.7196254730225 25.505931854248 25.3135223388672 24.6957340240479 24.6911277770996 24.768102645874 25.2251396179199 25.1900939941406 25.1533336639404 24.7716617584229 24.9538688659668 24.597110748291 25.7381038665771 26.5924377441406 27.0597496032715 25.0339527130127 24.7731800079346 24.2574558258057 24.091625213623 24.0594329833984 23.771427154541 23.6106185913086 24.6715564727783 24.8359699249268 23.5291194915771 25.8359889984131 28.1803188323975
17.5037956237793 18.9277019500732 18.530855178833 18.3066177368164 19.3913383483887 19.7988510131836 19.9687881469727 20.5597534179688 21.1253070831299 20.3785820007324 20.0237255096436 19.403736114502 19.7404651641846 19.6186428070068 19.9472522735596 21.1825332641602 23.842414855957 23.5969333648682 22.943675994873 24.8415412902832 25.2880382537842 25.6983127593994 24.815881729126 24.1405181884766 26.7755851745605 26.9207668304443 25.943717956543 25.2022228240967 24.2522678375244 24.1551189422607 25.3527412414551 25.1666164398193 24.6003093719482 24.9184455871582 25.1984691619873 27.8116073608398 24.6040859222412 24.7825565338135 23.6898403167725 23.5512409210205 23.5228328704834 26.159122467041 24.1772708892822 27.0400047302246 25.642765045166 25.099925994873
17.8704929351807 17.8090019226074 17.7024478912354 17.8014068603516 17.6714153289795 18.0646553039551 19.1214599609375 20.1440887451172 20.4205894470215 20.2267417907715 20.8388347625732 20.2380714416504 20.2734451293945 21.741060256958 22.4872932434082 23.9363555908203 24.5638198852539 24.4745597839355 24.6110820770264 25.9797058105469 28.6758422851562 26.3857307434082 24.3108329772949 25.3672161102295 26.6259517669678 26.2030696868896 25.5250473022461 28.4230918884277 25.5541553497314 25.7980575561523 25.8135547637939 23.2575740814209 23.1115951538086 23.4433040618896 23.2210578918457 23.2165031433105 24.6170177459717 23.6136245727539 22.7069301605225 26.4555416107178 26.1986713409424 28.1554317474365 24.726957321167 26.8327713012695 26.5832748413086 26.5288906097412
17.6670608520508 19.6620464324951 17.9946918487549 17.6345481872559 17.5483589172363 17.5100116729736 17.6632690429688 19.757776260376 20.4942474365234 20.6528091430664 20.5637035369873 20.6267070770264 25.9255294799805 27.0247058868408 27.5183753967285 23.8340606689453 25.6734180450439 22.0255470275879 27.659143447876 27.5296363830566 27.2174377441406 27.4722213745117 26.837739944458 26.4017467498779 26.1032905578613 24.1920795440674 25.3654727935791 26.4930381774902 28.6316661834717 27.8970031738281 27.6309795379639 28.3791198730469 27.4755249023438 23.5124168395996 24.4748096466064 28.8579139709473 28.0196876525879 24.9977874755859 24.7992248535156 24.6079692840576 22.6805114746094 23.2045612335205 23.824369430542 24.7301712036133 23.8731079101562 24.5037498474121
19.5707321166992 20.2471790313721 21.4409580230713 18.5195560455322 18.0226993560791 18.8446369171143 18.6627349853516 19.6750774383545 20.0133762359619 20.5980758666992 24.9208106994629 26.4932842254639 27.6647529602051 27.7025814056396 28.1828231811523 21.3359603881836 24.506175994873 21.5679817199707 21.834680557251 24.3273792266846 24.3033351898193 28.5228271484375 24.916130065918 25.7805881500244 25.4990997314453 24.6131973266602 26.56321144104 26.6563587188721 27.1296501159668 27.1744632720947 26.9386959075928 25.3104820251465 23.6443824768066 24.1631641387939 24.8203601837158 29.0161800384521 28.974084854126 25.7865390777588 24.6292552947998 24.4689788818359 24.4458503723145 23.4194583892822 24.5997180938721 23.1899700164795 24.1735916137695 24.8167591094971
22.9636516571045 19.7507648468018 22.7240810394287 17.6841735839844 17.7749786376953 19.0514144897461 19.264965057373 20.0021228790283 20.6791896820068 21.1778011322021 21.1868953704834 21.4010906219482 26.0450210571289 26.7261543273926 27.3451061248779 21.2715549468994 23.7371082305908 23.6539936065674 20.5148067474365 24.18869972229 21.7353000640869 27.4273128509521 25.0103073120117 26.5315227508545 24.9359264373779 25.9212875366211 24.9221248626709 24.548755645752 27.5541763305664 27.2333869934082 26.6304550170898 26.1164398193359 25.7859916687012 24.0013256072998 24.833776473999 27.2513542175293 28.5955963134766 26.7154426574707 25.606517791748 26.1152667999268 24.6710338592529 23.5494480133057 23.6177406311035 22.7409706115723 24.1962375640869 24.9950199127197
18.4434204101562 17.0508079528809 17.5450954437256 16.6729602813721 16.6542530059814 18.2200717926025 19.0861072540283 20.2326812744141 20.6067638397217 20.8713855743408 21.0845966339111 20.7419872283936 20.6757907867432 20.2406826019287 20.7198867797852 23.8734722137451 21.6060066223145 24.3983135223389 21.2640228271484 23.6488170623779 23.4745922088623 24.2928218841553 27.3361530303955 28.0646362304688 25.2384586334229 25.4078063964844 26.1276874542236 24.3338871002197 24.6663398742676 28.0796489715576 26.5383949279785 25.8730220794678 25.2605800628662 23.6047801971436 23.4885196685791 25.1456680297852 25.526683807373 25.3649787902832 24.7762584686279 23.0959911346436 26.7162342071533 23.0212821960449 22.7395153045654 22.4015712738037 22.4222869873047 23.7161540985107
16.8130722045898 22.5022468566895 23.2633533477783 16.8840732574463 16.8351383209229 17.6772956848145 18.4290218353271 19.3059673309326 19.8186473846436 20.1504688262939 20.5077781677246 20.3342742919922 20.3645858764648 20.7953033447266 21.1373195648193 21.5328235626221 24.1969795227051 24.6129550933838 24.511100769043 25.0043525695801 23.4988327026367 24.591121673584 26.112133026123 28.1752853393555 26.0159854888916 26.8000526428223 26.7884769439697 26.7699108123779 26.500825881958 28.4807262420654 27.3970336914062 26.8486766815186 26.9112300872803 27.2231197357178 24.3207035064697 23.3830509185791 24.5662708282471 22.017541885376 23.5409564971924 23.8420581817627 23.9212284088135 22.8926525115967 27.3686923980713 23.8454055786133 22.4343185424805 22.2041511535645
17.5848636627197 16.8303527832031 22.6962070465088 17.4695110321045 17.586051940918 18.4874362945557 18.3760871887207 19.126012802124 20.220947265625 20.7290019989014 21.0314044952393 21.1425342559814 21.1860084533691 24.8687400817871 24.8816013336182 21.8581733703613 21.6296501159668 21.7666511535645 21.7910957336426 24.6065807342529 24.1311340332031 24.3226718902588 21.7872276306152 22.9350090026855 23.7731437683105 25.5263023376465 24.9005737304688 26.0321731567383 28.0166873931885 25.5274600982666 25.4232540130615 24.5065059661865 24.8698806762695 25.7560329437256 24.1350650787354 23.752571105957 21.7401084899902 20.9862499237061 21.1891002655029 20.1320190429688 25.8585243225098 24.3967571258545 25.5450763702393 25.1588649749756 27.1394577026367 22.902099609375
18.5964126586914 17.659252166748 17.2269535064697 17.7170753479004 18.2501792907715 19.1474666595459 19.2085933685303 19.5154457092285 19.7508010864258 20.3876686096191 20.4354553222656 23.1835994720459 24.1177062988281 21.3010654449463 25.6163864135742 24.9985733032227 25.4608268737793 22.0563869476318 24.8443374633789 24.6526393890381 24.6948375701904 23.7551155090332 22.6903591156006 24.7240200042725 26.5601196289062 26.7192974090576 24.8008918762207 25.327465057373 24.504545211792 26.3546543121338 26.6259059906006 25.2806854248047 26.5429821014404 24.3924827575684 26.8929958343506 23.9075736999512 27.5173091888428 23.8354091644287 24.1896667480469 22.6811981201172 23.7917671203613 24.2913818359375 23.577844619751 23.8565425872803 24.7096710205078 25.6990814208984
18.1819553375244 17.7110767364502 17.3764705657959 18.5838317871094 19.1816711425781 19.7136821746826 20.3604965209961 20.6987895965576 20.6654891967773 21.0141887664795 20.9093780517578 23.0820655822754 23.7583389282227 25.3055305480957 25.492790222168 24.9874401092529 25.3803100585938 25.7758884429932 25.1807289123535 22.048267364502 24.6230716705322 23.7521629333496 24.5150775909424 24.5727195739746 25.8358745574951 26.556224822998 26.7963733673096 27.3655414581299 24.6926727294922 25.1630840301514 22.429027557373 24.7881660461426 26.1185646057129 27.9373798370361 26.9203929901123 21.0391178131104 23.6113376617432 24.4385242462158 22.9192848205566 23.9039058685303 25.8493251800537 25.0483551025391 24.4072589874268 24.7934703826904 24.3369998931885 24.1814861297607
18.1807422637939 17.4588813781738 16.8314247131348 18.1511745452881 19.3668727874756 19.8316822052002 19.2075481414795 20.5220832824707 20.1742706298828 19.5738086700439 20.7868537902832 20.4588756561279 20.7947177886963 23.6613521575928 21.3186569213867 24.6516418457031 24.7722549438477 24.7663402557373 25.3093700408936 23.3227100372314 24.2181129455566 24.7089080810547 24.2787609100342 21.9497776031494 24.454174041748 26.5886363983154 25.5867958068848 24.768726348877 24.970552444458 25.1395225524902 22.2681331634521 20.4090385437012 21.2831840515137 24.3304748535156 20.4389991760254 20.2369441986084 24.5447540283203 23.8632698059082 24.6552448272705 23.3809700012207 25.6245288848877 26.8349704742432 23.2015895843506 23.4728202819824 24.3698024749756 24.9757308959961
18.5927696228027 17.5791072845459 17.660852432251 18.2059345245361 19.0442314147949 19.483570098877 19.9746208190918 20.0088768005371 18.8165340423584 18.3868179321289 20.1961650848389 18.8749904632568 19.3662948608398 19.634349822998 23.3375911712646 24.1852169036865 21.5203685760498 24.7704219818115 22.1351013183594 25.588888168335 25.1646633148193 25.4798393249512 24.9779529571533 24.6470642089844 23.8260059356689 25.0225219726562 25.8511371612549 24.8497886657715 24.18821144104 25.8038082122803 23.9843406677246 21.5132102966309 24.7171230316162 23.8016738891602 18.2182540893555 22.7338390350342 23.767614364624 24.1939220428467 24.517520904541 26.211841583252 24.1263313293457 26.5180072784424 24.2511596679688 24.4351997375488 23.9222545623779 23.7802886962891
18.6018295288086 18.2988815307617 18.0251064300537 18.1654739379883 18.8276634216309 19.4982757568359 19.4404888153076 19.2396068572998 18.6154651641846 19.6003074645996 19.7818908691406 18.5984210968018 18.890266418457 19.0799007415771 20.3591442108154 20.7189178466797 24.4485569000244 21.5914974212646 24.8941287994385 25.1781463623047 24.9922027587891 25.3097457885742 23.5508823394775 25.0602130889893 24.3249778747559 24.4008865356445 24.1354084014893 25.2714672088623 23.4906444549561 23.4035835266113 25.0914611816406 24.8413028717041 21.4043979644775 23.4045085906982 24.1071319580078 24.9297847747803 21.8006706237793 24.2423934936523 26.6067161560059 23.9736728668213 24.946662902832 24.0431804656982 24.5074443817139 26.3219890594482 25.8221340179443 23.4847850799561
18.0121936798096 17.9416522979736 17.5076313018799 17.9029769897461 18.4235954284668 18.2689781188965 18.9453926086426 19.3715286254883 19.7501754760742 19.801025390625 19.7827568054199 20.024450302124 23.2765960693359 24.0190734863281 23.869930267334 20.6421947479248 21.3171100616455 25.1054401397705 22.4474678039551 24.6072769165039 24.925594329834 25.5031051635742 25.5816822052002 24.891393661499 25.1012439727783 24.0318984985352 24.4839038848877 24.3579425811768 23.5023708343506 25.4310245513916 25.7685623168945 26.5942573547363 23.0199680328369 23.946813583374 23.889965057373 19.7060871124268 22.6053295135498 25.3093090057373 27.2529850006104 21.9943466186523 24.348123550415 24.5207901000977 23.8482723236084 22.6693000793457 24.1647491455078 24.8593673706055
