inst/extdata/Tmax/Tmax50.asc
NCOLS 100 
NROWS 79 
XLLCORNER 148.06 
YLLCORNER -21.49 
CELLSIZE 0.01 
NODATA_value -3.4e+38 
[rows 0 to 19 of 79, columns 46 to 91 of 100]
25.9154148101807 24.5863456726074 24.7541389465332 24.98606300354 25.5399513244629 25.4692707061768 25.7104740142822 25.7132148742676 24.6919384002686 22.6832504272461 24.3836193084717 23.741828918457 24.5153884887695 25.2052822113037 25.378604888916 25.5836906433105 25.8226909637451 26.2933559417725 24.9210414886475 25.548131942749 25.8085060119629 -3.4e+38 -3.4e+38 -3.4e+38 -3.4e+38 -3.4e+38 -3.4e+38 -3.4e+38 -3.4e+38 -3.4e+38 -3.4e+38 -3.4e+38 -3.4e+38 -3.4e+38 -3.4e+38 -3.4e+38 -3.4e+38 -3.4e+38 -3.4e+38 -3.4e+38 -3.4e+38 -3.4e+38 -3.4e+38 -3.4e+38 -3.4e+38 -3.4e+38
26.2593269348145 25.7139453887939 24.3401508331299 24.6443653106689 24.8336753845215 24.8113765716553 25.1748218536377 25.5622482299805 24.2314453125 23.1776790618896 25.2529430389404 24.8597831726074 26.7272491455078 26.3992118835449 25.2411975860596 24.2535705566406 25.4468669891357 27.3536128997803 26.3231582641602 25.1507835388184 25.9076671600342 28.030481338501 -3.4e+38 -3.4e+38 -3.4e+38 -3.4e+38 -3.4e+38 -3.4e+38 -3.4e+38 -3.4e+38 -3.4e+38 -3.4e+38 -3.4e+38 -3.4e+38 -3.4e+38 -3.4e+38 -3.4e+38 -3.4e+38 -3.4e+38 -3.4e+38 -3.4e+38 -3.4e+38 -3.4e+38 -3.4e+38 -3.4e+38 -3.4e+38
28.0198955535889 24.8802299499512 22.7384052276611 23.2947387695312 23.1563243865967 24.7106704711914 23.8952598571777 23.8205108642578 22.9615345001221 22.6739330291748 24.5415744781494 26.0192737579346 27.4167823791504 26.9210243225098 24.4062328338623 23.6952781677246 25.2888965606689 24.9788284301758 24.9042701721191 25.1752490997314 24.8967475891113 25.1973876953125 25.1136703491211 25.6939468383789 -3.4e+38 -3.4e+38 -3.4e+38 -3.4e+38 -3.4e+38 -3.4e+38 -3.4e+38 -3.4e+38 -3.4e+38 -3.4e+38 -3.4e+38 -3.4e+38 -3.4e+38 -3.4e+38 -3.4e+38 -3.4e+38 -3.4e+38 -3.4e+38 -3.4e+38 -3.4e+38 -3.4e+38 -3.4e+38
24.0487575531006 23.5649433135986 20.5676040649414 21.660026550293 23.3099212646484 23.1411418914795 23.6158847808838 23.7821273803711 23.4724617004395 23.0309352874756 24.3224754333496 23.9332904815674 26.7382507324219 27.3347225189209 24.7968158721924 24.2305507659912 26.102222442627 26.8138885498047 26.2839164733887 25.5872554779053 24.2187805175781 25.2219409942627 25.0150737762451 25.9159183502197 26.4731731414795 26.5280208587646 -3.4e+38 -3.4e+38 -3.4e+38 -3.4e+38 -3.4e+38 -3.4e+38 -3.4e+38 -3.4e+38 -3.4e+38 -3.4e+38 -3.4e+38 -3.4e+38 -3.4e+38 -3.4e+38 -3.4e+38 -3.4e+38 -3.4e+38 -3.4e+38 -3.4e+38 -3.4e+38
24.9960308074951 23.1652851104736 20.3448143005371 20.0794563293457 21.6609172821045 23.9846134185791 24.6767749786377 25.0273933410645 23.1040630340576 22.0964794158936 22.7755107879639 21.1635150909424 22.6691608428955 26.7880344390869 23.9774799346924 24.3229179382324 26.2082710266113 26.047721862793 26.7473411560059 26.7026958465576 20.2986221313477 25.1728210449219 25.5186939239502 25.0659122467041 25.9360027313232 26.4789924621582 -3.4e+38 -3.4e+38 -3.4e+38 -3.4e+38 -3.4e+38 -3.4e+38 -3.4e+38 -3.4e+38 -3.4e+38 -3.4e+38 -3.4e+38 -3.4e+38 -3.4e+38 -3.4e+38 -3.4e+38 -3.4e+38 -3.4e+38 -3.4e+38 -3.4e+38 -3.4e+38
20.6596908569336 21.5304775238037 19.4556045532227 18.707836151123 21.6231555938721 23.8593368530273 23.2666664123535 23.706428527832 22.5440235137939 22.8472595214844 20.5130386352539 20.1959533691406 24.2912673950195 25.1408462524414 23.0032653808594 24.3577671051025 25.6447296142578 26.8072643280029 25.86305809021 25.6791400909424 20.3403759002686 22.4577884674072 26.1318111419678 25.1781978607178 25.6866512298584 25.6972541809082 -3.4e+38 -3.4e+38 -3.4e+38 -3.4e+38 -3.4e+38 -3.4e+38 -3.4e+38 -3.4e+38 -3.4e+38 -3.4e+38 -3.4e+38 -3.4e+38 -3.4e+38 -3.4e+38 -3.4e+38 -3.4e+38 -3.4e+38 -3.4e+38 -3.4e+38 -3.4e+38
19.3580799102783 20.3250675201416 20.6164855957031 20.1672916412354 24.2275581359863 23.8869686126709 23.879566192627 22.7420539855957 23.5863151550293 22.485424041748 21.5744361877441 21.9018173217773 23.0521926879883 26.7285919189453 26.6178379058838 27.7215251922607 24.262882232666 24.6273880004883 24.6917915344238 25.2173957824707 27.0560607910156 24.8643398284912 25.714635848999 25.3056640625 24.7761421203613 24.1461791992188 24.1438522338867 24.7850170135498 -3.4e+38 -3.4e+38 -3.4e+38 -3.4e+38 -3.4e+38 -3.4e+38 -3.4e+38 -3.4e+38 -3.4e+38 -3.4e+38 -3.4e+38 -3.4e+38 -3.4e+38 -3.4e+38 -3.4e+38 -3.4e+38 -3.4e+38 -3.4e+38
18.2273101806641 21.03857421875 26.2572231292725 20.7399044036865 19.58713722229 21.4047927856445 23.2623081207275 22.371431350708 22.716682434082 23.5680351257324 21.9801731109619 21.5130577087402 22.5650119781494 24.021671295166 22.3149738311768 25.2026290893555 22.1934204101562 22.0345268249512 23.3893814086914 24.8058624267578 25.101713180542 23.8135089874268 24.40012550354 25.0758991241455 24.1126041412354 23.4128513336182 23.2178173065186 23.9554691314697 25.3963928222656 23.9837875366211 25.2674770355225 -3.4e+38 -3.4e+38 -3.4e+38 -3.4e+38 -3.4e+38 -3.4e+38 -3.4e+38 -3.4e+38 -3.4e+38 -3.4e+38 -3.4e+38 -3.4e+38 -3.4e+38 -3.4e+38 -3.4e+38
18.1838111877441 20.3457145690918 21.1533641815186 25.0629386901855 20.5790061950684 18.8109493255615 21.0393123626709 21.4415493011475 23.7228202819824 23.9971313476562 24.1975173950195 22.5097236633301 22.1355991363525 22.746940612793 20.6230411529541 20.4941864013672 19.767951965332 24.0797576904297 22.6744060516357 24.0981674194336 26.2005424499512 26.1341037750244 23.6914234161377 21.7617568969727 22.8866367340088 23.5688972473145 24.2617244720459 25.4638557434082 25.1674118041992 24.0064563751221 23.5748538970947 26.0274295806885 -3.4e+38 -3.4e+38 -3.4e+38 -3.4e+38 -3.4e+38 -3.4e+38 -3.4e+38 -3.4e+38 -3.4e+38 -3.4e+38 -3.4e+38 -3.4e+38 -3.4e+38 -3.4e+38
19.5066814422607 20.3224658966064 20.9471664428711 21.7236652374268 23.2822513580322 20.1356754302979 19.8379764556885 21.5826549530029 23.1244812011719 23.3942127227783 23.3041229248047 23.0377826690674 21.9831562042236 22.0857048034668 20.4733276367188 20.0989303588867 19.7201995849609 24.7584400177002 24.5623970031738 22.8279857635498 23.9908027648926 25.8332767486572 26.6103038787842 25.6248512268066 25.6567974090576 23.3766441345215 24.0005722045898 26.5795879364014 24.6185913085938 23.9967422485352 27.128438949585 27.6290721893311 -3.4e+38 -3.4e+38 -3.4e+38 -3.4e+38 -3.4e+38 -3.4e+38 -3.4e+38 -3.4e+38 -3.4e+38 -3.4e+38 -3.4e+38 -3.4e+38 -3.4e+38 -3.4e+38
18.4527778625488 20.6850681304932 20.6101570129395 20.5907402038574 22.1046333312988 24.9792060852051 22.1097965240479 22.9681911468506 22.7716217041016 22.9834117889404 23.7586765289307 23.2329998016357 22.7625408172607 23.3645629882812 22.7553272247314 22.8344192504883 23.9556713104248 24.2406806945801 25.4652042388916 25.2633285522461 22.8939018249512 26.0795211791992 23.7739753723145 22.6754169464111 24.4802894592285 24.2194633483887 25.2609424591064 25.2497501373291 27.2880973815918 27.9668235778809 -3.4e+38 -3.4e+38 -3.4e+38 -3.4e+38 -3.4e+38 -3.4e+38 -3.4e+38 -3.4e+38 -3.4e+38 -3.4e+38 -3.4e+38 -3.4e+38 -3.4e+38 -3.4e+38 -3.4e+38 -3.4e+38
17.9207191467285 18.9939308166504 19.1407241821289 18.3245334625244 19.2227363586426 20.3060398101807 26.9578495025635 23.7049827575684 23.407470703125 23.0944805145264 23.2789630889893 23.6798400878906 22.8095111846924 23.3865013122559 23.1059246063232 24.9493885040283 24.9087390899658 24.8508682250977 27.9181957244873 25.7131118774414 23.9517517089844 24.0170574188232 24.1303634643555 23.5702152252197 27.5846672058105 23.4499568939209 24.8439197540283 24.6592655181885 25.5018005371094 24.3913879394531 -3.4e+38 -3.4e+38 -3.4e+38 -3.4e+38 -3.4e+38 -3.4e+38 -3.4e+38 -3.4e+38 -3.4e+38 -3.4e+38 -3.4e+38 -3.4e+38 -3.4e+38 -3.4e+38 -3.4e+38 -3.4e+38
17.6446800231934 16.3757514953613 16.0273685455322 15.969090461731 18.2705879211426 19.0600090026855 20.6427669525146 21.0023136138916 22.8367462158203 23.3303108215332 21.8923721313477 22.2039852142334 22.0883083343506 22.6154670715332 23.0117721557617 23.0283317565918 23.259370803833 24.9962577819824 27.3507194519043 27.0460796356201 24.84423828125 25.101448059082 25.0146369934082 26.8159351348877 25.195930480957 24.4806137084961 25.3819122314453 24.7038269042969 23.1456813812256 21.3544998168945 24.5257301330566 25.9810123443604 -3.4e+38 -3.4e+38 -3.4e+38 -3.4e+38 -3.4e+38 -3.4e+38 -3.4e+38 -3.4e+38 -3.4e+38 -3.4e+38 -3.4e+38 -3.4e+38 -3.4e+38 -3.4e+38
17.6421051025391 16.7137355804443 16.1472129821777 15.7167797088623 16.3041687011719 16.9052829742432 18.7992382049561 19.9073696136475 22.381498336792 23.4935283660889 22.5694637298584 22.5022411346436 23.0191135406494 23.4723033905029 23.802526473999 25.0694408416748 23.2530670166016 25.2282543182373 26.3155212402344 25.2049961090088 25.2162837982178 27.6379528045654 25.3669109344482 24.8853244781494 26.2876358032227 24.5838642120361 23.6160564422607 23.4527988433838 22.5881366729736 23.9065589904785 25.9261913299561 25.7280960083008 24.7345790863037 -3.4e+38 -3.4e+38 -3.4e+38 -3.4e+38 21.1397361755371 27.3654670715332 -3.4e+38 -3.4e+38 -3.4e+38 -3.4e+38 -3.4e+38 -3.4e+38 -3.4e+38
18.0896625518799 17.3388423919678 16.2019195556641 15.7969837188721 16.4407196044922 16.1807060241699 17.4288139343262 19.068775177002 20.2515888214111 21.2730407714844 19.5972461700439 22.9892730712891 22.2824611663818 22.9743976593018 24.2539119720459 23.30246925354 24.1082878112793 27.5751152038574 24.1213760375977 25.9336128234863 25.1184673309326 27.0830860137939 25.8055267333984 25.1213760375977 25.1086769104004 25.2406387329102 25.1657218933105 23.8448677062988 23.4400310516357 26.3023643493652 26.3076229095459 25.5334167480469 25.0056915283203 -3.4e+38 -3.4e+38 -3.4e+38 -3.4e+38 22.2807426452637 26.128812789917 27.6379623413086 27.2892932891846 27.1882438659668 -3.4e+38 -3.4e+38 -3.4e+38 -3.4e+38
17.9978713989258 16.6961936950684 16.1628971099854 16.2485752105713 15.826379776001 16.8804893493652 16.7229633331299 18.0793304443359 22.08323097229 23.6785011291504 21.5891075134277 19.8621349334717 23.6199951171875 19.2274723052979 19.2298641204834 20.0725269317627 25.3049697875977 23.5840435028076 23.1492938995361 24.3262958526611 24.5139331817627 25.3145275115967 25.1701946258545 24.4933128356934 24.4845790863037 24.6403980255127 25.8099899291992 24.853853225708 24.0665035247803 24.0849170684814 24.9162197113037 21.5085926055908 27.8267269134521 -3.4e+38 -3.4e+38 25.2634925842285 27.0495758056641 26.3292293548584 25.1177101135254 26.217586517334 26.1800670623779 27.6366233825684 -3.4e+38 -3.4e+38 -3.4e+38 -3.4e+38
16.4846134185791 15.1249055862427 15.2203512191772 16.5955142974854 17.0833015441895 16.8211135864258 16.3677940368652 17.1902675628662 24.2550792694092 22.7214088439941 26.9240627288818 19.6474571228027 20.5646076202393 21.4290580749512 19.299488067627 19.5182571411133 20.1801452636719 22.0688800811768 23.8473472595215 23.2700901031494 26.1214752197266 23.4638938903809 24.1983165740967 24.5373859405518 24.0299339294434 25.1582736968994 25.1455745697021 25.5108013153076 25.8636112213135 24.5795974731445 24.868616104126 21.507532119751 23.6022605895996 -3.4e+38 27.5832214355469 23.0468864440918 25.0430240631104 -3.4e+38 27.6216335296631 -3.4e+38 27.3656883239746 -3.4e+38 -3.4e+38 -3.4e+38 -3.4e+38 -3.4e+38
17.1015281677246 15.2547006607056 14.496431350708 17.4162464141846 17.5135879516602 16.608907699585 16.2019519805908 16.2917098999023 18.0839576721191 20.4763145446777 20.8558502197266 24.7044086456299 26.3844337463379 21.7393684387207 21.2002010345459 22.5213985443115 22.952428817749 23.2376384735107 22.7869110107422 22.7131748199463 24.2778091430664 24.3252563476562 25.9066944122314 25.9670486450195 24.2850036621094 24.0893383026123 25.0701522827148 24.066837310791 24.3861694335938 24.2845268249512 22.0020008087158 23.3174686431885 27.3184070587158 24.367166519165 23.4409999847412 26.1439876556396 25.8256378173828 -3.4e+38 -3.4e+38 -3.4e+38 -3.4e+38 -3.4e+38 -3.4e+38 27.3211231231689 -3.4e+38 -3.4e+38
18.0303649902344 17.7568302154541 15.1935157775879 16.9838695526123 15.5526885986328 15.805606842041 16.8885936737061 17.0252094268799 18.8232307434082 21.6061935424805 20.6630439758301 20.8041687011719 23.4309043884277 27.3972187042236 22.8614845275879 23.1513576507568 22.9432697296143 22.1634159088135 21.6813259124756 21.6274929046631 27.029598236084 24.6530055999756 26.7140331268311 24.9144077301025 25.1340942382812 23.6600227355957 24.1412239074707 23.0837497711182 23.7431526184082 23.8361415863037 22.2587432861328 22.5596942901611 25.6466636657715 25.8011932373047 25.3319759368896 25.7368793487549 25.4116840362549 27.1062297821045 25.7226333618164 22.755184173584 25.174186706543 24.9222888946533 26.07887840271 25.2590866088867 -3.4e+38 -3.4e+38
18.5804271697998 17.7165336608887 18.1095752716064 18.2564010620117 16.7640151977539 16.2096252441406 15.9632549285889 16.3443775177002 18.6481380462646 26.3733673095703 20.9933414459229 26.8010215759277 25.6558036804199 22.853199005127 23.0311584472656 20.6383152008057 20.7591037750244 23.2317657470703 21.7603416442871 22.0631313323975 24.225793838501 25.747989654541 27.7564220428467 25.5065898895264 27.1602020263672 23.9981594085693 26.721923828125 25.1438255310059 24.3367118835449 24.0873126983643 23.3457374572754 24.5211429595947 26.0982818603516 26.7145652770996 26.9331722259521 24.2078762054443 23.968713760376 25.4166488647461 26.552074432373 27.344575881958 26.9456253051758 27.0443019866943 25.4121913909912 25.3163261413574 21.7148742675781 -3.4e+38
