inst/extdata/Tmax/Tmax107.asc
NCOLS 100 
NROWS 79 
XLLCORNER 148.06 
YLLCORNER -21.49 
CELLSIZE 0.01 
NODATA_value -3.4e+38 
[rows 40 to 59 of 79, columns 0 to 45 of 100]
38.278537750244098 37.9842300415039 38.0204734802246 38.0529251098633 37.927188873291 38.0430641174316 37.9870872497559 37.7788581848145 37.2891235351562 37.7318458557129 38.3828392028809 38.7032127380371 38.7383575439453 38.7883605957031 38.8528289794922 38.6349983215332 38.3464965820312 37.985954284668 37.3917350769043 37.8937721252441 37.8810920715332 37.7608261108398 37.6942939758301 37.285701751709 36.3673553466797 35.7036476135254 35.4924201965332 35.5903244018555 35.7100219726562 35.0594635009766 34.3984260559082 34.8315811157227 36.1190795898438 35.8460006713867 35.5862236022949 35.9169692993164 35.8203163146973 35.4971389770508 35.2772445678711 34.8257102966309 34.7855911254883 33.9033699035645 33.3210601806641 33.3188743591309 33.0599555969238 32.8998069763184
38.4372673034668 38.018482208252 37.8931312561035 38.0015029907227 37.8952140808105 37.9797134399414 37.9806442260742 37.8696556091309 37.6108665466309 37.7372093200684 38.0850677490234 38.4380760192871 38.6713104248047 38.8400497436523 38.8827323913574 38.7276992797852 38.4065589904785 37.8905982971191 37.5451011657715 37.6914978027344 37.7122764587402 37.4644393920898 37.6440620422363 37.3574371337891 36.6790008544922 36.1696128845215 35.5285148620605 35.4483680725098 35.6650543212891 35.2207641601562 34.7866249084473 35.4286804199219 36.1152076721191 35.3573455810547 34.6225280761719 35.3982582092285 35.4369621276855 35.6482429504395 35.6109428405762 35.3791999816895 35.2604141235352 34.5240097045898 33.1062355041504 32.9864311218262 33.0665512084961 33.0295753479004
38.2961235046387 38.2349243164062 38.0159873962402 37.8910598754883 37.9550704956055 37.977855682373 37.9484977722168 37.9085311889648 37.8724784851074 37.8224449157715 37.8729476928711 38.357982635498 38.6842193603516 38.8295249938965 38.8415031433105 38.7907333374023 38.5464668273926 38.2143707275391 37.9787635803223 37.9268493652344 37.8362922668457 37.1671409606934 37.0931968688965 37.3180084228516 37.342414855957 36.8933906555176 35.9994964599609 35.6643753051758 35.5850410461426 35.3564147949219 34.4351844787598 35.529956817627 35.586254119873 34.4916381835938 33.6547622680664 34.5889358520508 34.5842666625977 35.2433166503906 35.4099273681641 35.1093292236328 34.8770179748535 34.9192924499512 34.3184585571289 34.0999488830566 34.5237503051758 35.5116348266602
37.9408187866211 38.0336418151855 38.0210380554199 38.0161476135254 38.0469131469727 38.0390167236328 37.9974212646484 37.9434051513672 37.9998741149902 37.9683074951172 37.9765892028809 38.3903274536133 38.6420593261719 38.7982025146484 38.8176879882812 38.8317031860352 38.7138442993164 38.4919967651367 38.2029724121094 38.2395172119141 38.0579071044922 37.785774230957 37.0928077697754 36.7314796447754 37.4108428955078 37.1935043334961 36.7699699401855 36.2818222045898 35.9398612976074 35.7612495422363 34.9470138549805 34.8545722961426 35.569751739502 35.0571975708008 34.4013977050781 33.9294738769531 34.0154457092285 34.2715377807617 34.5061912536621 34.2680435180664 33.805061340332 34.5321159362793 34.0895385742188 35.0438613891602 36.7826766967773 37.3741149902344
37.6368598937988 37.8263282775879 37.8070297241211 37.808235168457 38.0009307861328 38.1189727783203 38.1418647766113 38.0836639404297 38.1456489562988 38.1922950744629 38.364559173584 38.4969100952148 38.6272277832031 38.7289123535156 38.7893524169922 38.8413467407227 38.7970809936523 38.6470489501953 38.4841918945312 38.4319152832031 38.2955017089844 38.1394653320312 37.8293609619141 37.6099548339844 37.4270324707031 36.9568557739258 37.2034187316895 37.0783653259277 36.7496566772461 36.0554237365723 35.435131072998 35.4212112426758 35.7426261901855 35.9080238342285 35.6091690063477 34.4218788146973 33.0526924133301 33.0194778442383 33.1330490112305 33.4822540283203 33.360221862793 33.9180908203125 33.4355812072754 34.288215637207 36.0516166687012 37.4049224853516
37.6575050354004 37.7191467285156 37.5595817565918 37.4457473754883 37.6605796813965 37.8906707763672 38.1264762878418 38.2494812011719 38.3180961608887 38.4121398925781 38.4822387695312 38.3957672119141 38.1647415161133 38.5465469360352 38.7776107788086 38.8247528076172 38.8126525878906 38.742317199707 38.6462478637695 38.5766677856445 38.480094909668 38.3607635498047 38.2999954223633 37.6758995056152 37.3188819885254 37.2384643554688 37.3113784790039 37.1385154724121 36.9451217651367 36.4240989685059 35.1589813232422 35.3622093200684 35.6738815307617 35.7372550964355 35.8350143432617 34.9274406433105 33.5994873046875 33.3550643920898 33.3925170898438 33.8445892333984 33.2379417419434 33.6021842956543 34.0104942321777 34.3253059387207 35.2046966552734 36.3555717468262
37.5106506347656 37.476490020752 37.4878273010254 37.412052154541 37.3101921081543 37.3719940185547 37.8871841430664 38.0177001953125 38.1439361572266 38.1625556945801 38.3870697021484 38.4873733520508 38.2303237915039 38.4930725097656 38.723030090332 38.8007507324219 38.797248840332 38.7277679443359 38.6828231811523 38.6374588012695 38.5566558837891 38.4763031005859 38.3686485290527 37.8816871643066 37.0423965454102 37.151741027832 37.3179817199707 37.0885887145996 37.0338935852051 36.8818550109863 36.0738372802734 35.7389221191406 35.3779411315918 35.640308380127 35.7766494750977 35.3003311157227 34.2196578979492 34.5087509155273 33.9686470031738 34.6850051879883 34.1188278198242 34.2711372375488 34.3922538757324 34.5016479492188 34.4953651428223 34.3064460754395
37.971305847168 37.2939758300781 37.2130241394043 37.1592903137207 37.1337814331055 37.2664222717285 37.592113494873 37.5461692810059 37.806884765625 37.8579978942871 37.9413414001465 38.0038757324219 38.1949996948242 38.4828796386719 38.6746063232422 38.7924118041992 38.7702255249023 38.6470489501953 38.4598541259766 38.3569946289062 38.4881896972656 38.2909660339355 38.3047561645508 38.2333106994629 37.7651329040527 37.6615104675293 37.6657562255859 37.4613761901855 37.2869071960449 37.0582733154297 36.3616104125977 35.986572265625 35.2657279968262 35.6630859375 35.7054786682129 35.4705657958984 35.0279006958008 35.2550201416016 34.9869346618652 35.2310523986816 34.9666595458984 34.7513618469238 34.6069488525391 34.4561614990234 34.1119766235352 33.8761863708496
38.6892509460449 37.8559684753418 37.067440032959 36.9135856628418 37.0528259277344 37.2495155334473 37.1773681640625 37.1781158447266 37.5315895080566 37.8399658203125 37.9148902893066 37.8925933837891 38.1301307678223 38.4440155029297 38.68896484375 38.7555351257324 38.7526931762695 38.6787033081055 38.5016670227051 38.2681922912598 38.3363761901855 38.2710647583008 38.1853065490723 38.3131523132324 38.197093963623 38.0830535888672 37.7816886901855 37.5771217346191 37.4821472167969 37.1816139221191 36.781436920166 36.3055267333984 35.4283752441406 35.5839576721191 35.5528411865234 35.6121559143066 35.5069389343262 35.4778823852539 35.3610343933105 35.1755104064941 34.3691101074219 34.1910552978516 34.3937454223633 34.1339569091797 33.998893737793 33.6480941772461
38.9550552368164 38.4287223815918 37.5532150268555 36.9513664245605 36.9396858215332 36.9317779541016 36.9589462280273 37.3223495483398 37.5705909729004 37.4634323120117 38.1046028137207 38.3363456726074 38.4460105895996 38.5476379394531 38.645881652832 38.7293739318848 38.7251510620117 38.6691703796387 38.5597038269043 38.4104843139648 38.2986106872559 38.2168807983398 38.0230865478516 38.0593376159668 38.2240791320801 38.2023811340332 37.9639434814453 37.4127311706543 36.9042129516602 37.1708641052246 36.862361907959 36.5422325134277 35.7224082946777 35.4186134338379 35.2042579650879 35.5100975036621 35.582893371582 35.4805297851562 35.4358825683594 35.1211090087891 34.4206008911133 34.0089111328125 34.1941146850586 33.8203620910645 33.7319679260254 33.6404304504395
38.9408149719238 38.756420135498 38.2893409729004 37.6394233703613 37.0799102783203 36.7645606994629 36.9310722351074 37.266300201416 37.3142318725586 37.6300735473633 38.2282371520996 38.4620208740234 38.5900382995605 38.6931266784668 38.710262298584 38.7325744628906 38.6006965637207 38.6093406677246 38.6113395690918 38.5256309509277 38.4061546325684 38.2317848205566 38.0255126953125 37.9368934631348 38.0421752929688 38.0782051086426 38.1064262390137 37.8683433532715 37.5767860412598 37.4230728149414 36.865104675293 36.6909599304199 35.8394622802734 35.4221496582031 34.7947044372559 35.2731857299805 35.3975105285645 35.3872146606445 35.4353675842285 35.2468795776367 34.7200012207031 34.5396995544434 34.4384841918945 34.2211074829102 33.8919143676758 33.7127265930176
38.8995399475098 38.859977722168 38.5988388061523 37.9072265625 37.2970809936523 37.0021934509277 36.9556541442871 37.0461349487305 36.7907485961914 36.9549674987793 37.846435546875 38.2559356689453 38.4383125305176 38.6463851928711 38.7313690185547 38.6890869140625 38.59521484375 38.5907211303711 38.550594329834 38.5340690612793 38.4310455322266 38.3116989135742 38.1997718811035 37.9852752685547 37.860969543457 37.7932815551758 37.742073059082 37.8550910949707 37.6220741271973 37.7354164123535 37.7520294189453 36.9435615539551 36.3370971679688 35.8801918029785 35.376708984375 35.50634765625 35.4541015625 35.2747611999512 35.4137306213379 35.3113021850586 34.8098983764648 34.6364631652832 34.5192985534668 34.3309707641602 33.8312072753906 33.6374816894531
38.7122268676758 38.7867851257324 38.6413459777832 37.6324729919434 36.7976264953613 36.7722663879395 36.8797302246094 36.7394790649414 36.4749908447266 36.6186180114746 37.7712821960449 38.2520561218262 38.4743385314941 38.6622772216797 38.6704711914062 38.6169929504395 38.5922241210938 38.5284080505371 38.4814872741699 38.4714317321777 38.4763069152832 38.407398223877 38.2385368347168 38.0274429321289 37.7968826293945 37.6295051574707 37.5899963378906 37.5388145446777 37.5269355773926 37.4162063598633 37.6023368835449 37.4610252380371 36.8872413635254 36.2631416320801 35.8164138793945 36.1508712768555 36.0875396728516 35.6048049926758 35.4034996032715 35.4677276611328 35.3001251220703 35.0279541015625 34.7110939025879 34.4590721130371 34.1142578125 33.7202491760254
38.4959526062012 38.5628128051758 38.6808013916016 38.2359657287598 37.1945266723633 36.8368911743164 37.2046318054199 36.6844100952148 36.5235977172852 36.6134262084961 37.7256202697754 38.3429756164551 38.5609092712402 38.6532592773438 38.577995300293 38.4779891967773 38.4598922729492 38.4826316833496 38.4450645446777 38.3327980041504 38.3776321411133 38.4304695129395 38.2802429199219 38.1198616027832 37.9162712097168 37.7472763061523 37.3804397583008 37.1837730407715 36.8246154785156 37.1680450439453 36.9956321716309 37.5314254760742 37.569995880127 37.217357635498 36.7186813354492 36.7454376220703 36.3642883300781 36.005989074707 35.6920623779297 36.0621795654297 35.6405410766602 35.3553428649902 35.1932182312012 35.0490913391113 34.7667655944824 34.6126937866211
38.3608474731445 38.323356628418 38.5184555053711 38.5338592529297 38.0797233581543 37.8356513977051 37.7728881835938 37.4076995849609 37.1972923278809 37.2103157043457 37.4083671569824 37.8165740966797 38.4770851135254 38.6089630126953 38.4833450317383 38.3926429748535 38.371826171875 38.419677734375 38.3766555786133 38.3069152832031 38.324275970459 38.4145736694336 38.3599967956543 38.1744995117188 38.0589256286621 37.8674621582031 37.5252075195312 37.3021087646484 36.8810539245605 37.1062965393066 36.4697685241699 36.8844108581543 37.1100883483887 37.1258392333984 37.2402420043945 37.1124992370605 36.7981414794922 36.6490020751953 36.1978378295898 35.6975631713867 35.6196212768555 35.6535720825195 35.4105758666992 35.2106094360352 35.1999931335449 35.0502891540527
38.4468269348145 38.4328689575195 38.4896697998047 38.5240440368652 38.4056053161621 37.7894668579102 37.793888092041 37.8601341247559 37.6384544372559 37.5957298278809 37.8519020080566 38.2097053527832 38.5314407348633 38.5987739562988 38.4964179992676 38.3106079101562 38.3532333374023 38.3466606140137 38.1465759277344 38.1238899230957 38.2524795532227 38.3165664672852 38.362621307373 38.2606048583984 38.1360244750977 37.9801559448242 37.7696533203125 37.5077133178711 37.3362503051758 37.1737861633301 36.7477760314941 36.3766670227051 36.506031036377 36.4648170471191 36.9002075195312 36.600227355957 36.8517990112305 36.6118011474609 36.2526550292969 35.8391494750977 35.604118347168 35.3771095275879 34.8982391357422 34.3108520507812 34.8798179626465 35.0622825622559
38.5535697937012 38.5218963623047 38.4976081848145 38.4851112365723 38.3338737487793 37.5337028503418 37.3173751831055 37.7597007751465 37.6475982666016 37.3253021240234 37.6200637817383 38.2798881530762 38.540771484375 38.5676155090332 38.4792633056641 38.2924118041992 38.2731170654297 38.0702362060547 37.8161544799805 37.953369140625 38.2426261901855 38.2400131225586 38.3134346008301 38.2991714477539 38.1310691833496 38.0632362365723 37.8717269897461 37.5876998901367 37.495964050293 37.2674331665039 36.856803894043 36.1766395568848 35.8739471435547 36.0116844177246 36.4601440429688 36.5923728942871 36.212947845459 35.8650169372559 36.0545654296875 35.9812774658203 35.640323638916 35.3961982727051 34.8675117492676 34.0521240234375 34.4964904785156 34.8600769042969
38.6013565063477 38.5532455444336 38.5108070373535 38.4796257019043 38.4409141540527 38.0989952087402 37.6379699707031 37.3926467895508 37.3995933532715 37.1840629577637 37.6690521240234 38.2864303588867 38.5137977600098 38.5212478637695 38.4340934753418 38.2508583068848 38.0778312683105 37.8787994384766 37.7644157409668 38.0270576477051 38.1483497619629 38.2018966674805 38.1621589660645 38.2545585632324 38.1912040710449 38.098201751709 37.9194946289062 37.6533584594727 37.5298652648926 37.330997467041 36.9193420410156 36.7069511413574 36.2514610290527 36.0599899291992 36.0014228820801 36.1443557739258 36.3946914672852 36.2412490844727 35.881233215332 35.6770133972168 35.472728729248 35.2645950317383 35.0164794921875 34.6988945007324 34.0592613220215 34.3471450805664
38.6333694458008 38.5702095031738 38.526496887207 38.5152130126953 38.4425582885742 38.2308807373047 37.9411239624023 37.3588218688965 37.2503547668457 37.4395790100098 37.904411315918 38.3139190673828 38.4651908874512 38.4558143615723 38.3255882263184 38.1605682373047 37.8595314025879 37.78173828125 37.8888092041016 37.9157600402832 38.0556411743164 37.9908065795898 37.8120269775391 38.054069519043 38.2224731445312 38.1005325317383 37.8781242370605 37.7288131713867 37.5932197570801 37.4840469360352 37.2895851135254 37.0619697570801 36.7525062561035 36.6932487487793 36.3671569824219 36.0276184082031 36.1166038513184 36.1851959228516 35.953369140625 35.7999153137207 35.6574211120605 35.4136276245117 34.809440612793 34.4256935119629 34.5506858825684 34.5670471191406
38.6386985778809 38.6366806030273 38.5866889953613 38.5511322021484 38.4401435852051 38.3317108154297 38.2201843261719 37.8619804382324 37.3952445983887 37.4924774169922 37.6564140319824 37.9491958618164 38.2307167053223 38.2755393981934 38.2152786254883 38.0767860412598 37.8650093078613 37.7398529052734 37.6293792724609 37.6711769104004 37.8997383117676 37.8979682922363 37.6590957641602 38.0434608459473 38.2423248291016 38.1309967041016 37.9638519287109 37.8134117126465 37.7339935302734 37.6181793212891 37.4960670471191 37.2726211547852 36.9521980285645 37.1484642028809 37.0144882202148 36.6423988342285 36.1890678405762 36.0743293762207 36.188289642334 36.5861282348633 35.8485946655273 35.5710144042969 35.1724014282227 34.4928703308105 34.4208679199219 34.2983093261719
