inst/extdata/Tmax/Tmax13.asc
NCOLS 100 
NROWS 79 
XLLCORNER 148.06 
YLLCORNER -21.49 
CELLSIZE 0.01 
NODATA_value -3.4e+38 
[rows 40 to 59 of 79, columns 46 to 91 of 100]
24.1024513244629 25.3723239898682 24.9525833129883 25.6192169189453 27.5117492675781 27.2332611083984 27.152193069458 25.3863124847412 25.150074005127 25.6037864685059 27.0561962127686 28.6350898742676 29.2019424438477 28.6275615692139 28.0371742248535 29.5410747528076 30.4048137664795 29.9153709411621 30.9243183135986 30.8485279083252 30.1745777130127 31.0113086700439 28.7380676269531 27.470573425293 28.8719158172607 29.7655296325684 30.3045253753662 29.5668067932129 29.3110027313232 29.3984680175781 29.0060119628906 30.1234226226807 28.9377994537354 26.3143062591553 27.8740673065186 32.0529403686523 30.3984546661377 28.8351192474365 26.5894813537598 26.0322132110596 25.6534404754639 28.358434677124 28.6339645385742 28.0455589294434 29.2977752685547 26.4920749664307
25.2291889190674 25.1570587158203 26.5568656921387 27.9019527435303 28.2184371948242 27.4245300292969 27.0495300292969 26.9162559509277 28.1393966674805 28.3670463562012 30.9403781890869 29.5740947723389 29.3660526275635 29.0378074645996 28.4796009063721 30.3561267852783 30.4521598815918 30.2675094604492 31.311466217041 31.5661849975586 29.4485549926758 29.9215850830078 26.3045330047607 31.9974632263184 33.1753234863281 28.6078720092773 30.4713878631592 29.5674343109131 29.7451171875 28.799690246582 29.365327835083 29.9079761505127 29.7670612335205 28.9602603912354 29.3026638031006 31.2823143005371 29.5758419036865 28.9854621887207 28.6552200317383 28.2973403930664 28.0596923828125 27.508056640625 28.7220726013184 28.3940105438232 28.3181018829346 27.7688655853271
26.2201538085938 27.1824951171875 27.045467376709 28.9053153991699 33.8891868591309 31.2388134002686 28.8414573669434 28.2155132293701 29.2083282470703 30.7695140838623 30.9013576507568 30.3897724151611 30.6512508392334 30.20827293396 31.9353923797607 30.4406471252441 30.2715911865234 29.920524597168 30.3337135314941 31.0399856567383 30.1022319793701 29.7801876068115 29.4862632751465 33.4467124938965 26.9161243438721 33.4860458374023 32.6082763671875 28.446683883667 27.7904224395752 30.2990455627441 29.9579906463623 30.2616329193115 29.5238933563232 28.8803825378418 29.2639579772949 28.1143760681152 28.4543399810791 27.7320213317871 27.636417388916 28.0642719268799 29.2279090881348 29.3161315917969 29.6216106414795 28.2670307159424 30.2527675628662 30.1839351654053
29.4703350067139 30.218994140625 30.3255805969238 30.4170570373535 31.0794010162354 30.5444183349609 30.2047271728516 29.8465309143066 30.1204586029053 30.435733795166 31.0993137359619 31.0883045196533 31.2759876251221 31.1700477600098 30.631031036377 30.1708011627197 29.8227481842041 30.0122337341309 30.6984386444092 28.272777557373 30.5152378082275 30.572925567627 30.4127712249756 29.697229385376 29.1471214294434 30.9820346832275 30.1215324401855 29.5536308288574 30.1221714019775 31.8144664764404 31.1635265350342 31.5876064300537 29.3620567321777 28.7449150085449 28.5625610351562 31.095739364624 30.6374759674072 28.6064682006836 29.4953880310059 30.5424613952637 31.1335201263428 30.2623195648193 28.6784076690674 32.8904991149902 30.4242820739746 28.3883533477783
29.3619060516357 29.4799957275391 29.3968334197998 29.7380046844482 31.2793655395508 31.8916435241699 31.2590312957764 30.3990440368652 30.7520580291748 30.4224433898926 30.1561985015869 30.0856800079346 29.678617477417 29.5821571350098 29.3605079650879 29.8947887420654 28.2757930755615 29.0855083465576 30.0816402435303 30.415412902832 31.3452796936035 31.9855499267578 31.7704582214355 30.857931137085 28.6514682769775 29.0433597564697 29.4104175567627 29.8635997772217 32.0607528686523 32.3670272827148 30.990198135376 29.7164649963379 28.63645362854 29.318058013916 28.9444751739502 30.9609642028809 29.633373260498 28.444034576416 29.6959934234619 28.1684722900391 28.7774238586426 30.3250713348389 30.7212390899658 30.6597690582275 33.5388603210449 30.4017505645752
25.7908477783203 27.1443748474121 28.6262016296387 26.9004364013672 28.4932079315186 29.0956592559814 28.9240627288818 29.1713905334473 29.4566020965576 29.5888004302979 26.6928462982178 26.8566150665283 27.0016059875488 25.4303398132324 26.2352466583252 27.0767936706543 29.2989959716797 29.4075622558594 29.310718536377 29.403751373291 31.1672420501709 30.9769229888916 30.3986949920654 30.4279727935791 30.4435482025146 30.8413467407227 30.7687759399414 30.7139339447021 30.3042659759521 30.4582176208496 30.0813274383545 31.2036838531494 32.0416107177734 32.4912986755371 30.4507694244385 30.1818771362305 29.648811340332 29.4653377532959 29.4179954528809 29.1124095916748 28.9355602264404 29.9788990020752 30.1258850097656 28.8061180114746 31.0949821472168 33.4170303344727
24.3150386810303 25.572774887085 25.1699714660645 24.9315776824951 25.8132858276367 26.1194000244141 26.24951171875 26.7782192230225 27.2509346008301 26.5794792175293 26.3078517913818 25.7569999694824 25.9693031311035 25.8472270965576 26.0829849243164 27.1100044250488 29.646354675293 29.3531150817871 28.6740818023682 30.5535831451416 30.9719181060791 31.3592567443848 30.5128879547119 29.8675060272217 32.498779296875 32.581844329834 31.5553073883057 30.7788143157959 29.7962322235107 29.6775054931641 30.8529872894287 30.6469383239746 30.0629177093506 30.3659896850586 30.6368732452393 33.2375183105469 30.0119285583496 30.1722774505615 29.062629699707 28.9071445465088 28.8626613616943 31.4807891845703 29.4806423187256 32.3283500671387 30.9131412506104 30.3631801605225
24.683650970459 24.6137790679932 24.512716293335 24.5874118804932 24.4483318328857 24.7311420440674 25.5996360778809 26.5046844482422 26.7326850891113 26.5375804901123 27.0441379547119 26.4487113952637 26.4885692596436 27.8419399261475 28.5197067260742 29.811616897583 30.3808612823486 30.2663555145264 30.3903179168701 31.7211093902588 34.3793525695801 32.0618209838867 29.9854583740234 31.063570022583 32.3623657226562 31.8782577514648 31.1531066894531 34.0098571777344 31.1125316619873 31.3326663970947 31.3271789550781 28.7543258666992 28.5972785949707 28.9191570281982 28.6855373382568 28.6642189025879 30.0443897247314 29.0203762054443 28.0960826873779 31.8276290893555 31.5529804229736 33.4907569885254 30.0443267822266 32.1338119506836 31.8888854980469 31.8424777984619
24.537483215332 26.5064373016357 24.7986450195312 24.4543228149414 24.362964630127 24.2969512939453 24.3290100097656 26.176851272583 26.811450958252 26.9216213226318 26.8361625671387 26.8488826751709 32.0801773071289 33.1117935180664 33.5747032165527 29.7845268249512 31.5456962585449 27.876428604126 33.4897117614746 33.296516418457 32.9479827880859 33.1799354553223 32.5143623352051 32.0691032409668 31.7657299041748 29.8378753662109 30.9802474975586 32.0798835754395 34.198371887207 33.4442672729492 33.1618537902832 33.8988990783691 32.9865188598633 29.0206069946289 29.9690475463867 34.3248825073242 33.4664573669434 30.4233779907227 30.2039566040039 29.9955387115479 28.0484733581543 28.5538444519043 29.156587600708 30.0451393127441 29.1881427764893 29.8178215026855
26.4482364654541 27.0905838012695 28.2657718658447 25.3647270202637 24.7965869903564 25.4968852996826 25.2825736999512 26.0988636016846 26.3445701599121 26.8768196105957 31.2067203521729 32.6835594177246 33.7898559570312 33.8055305480957 34.2500228881836 27.3965606689453 30.5298976898193 27.5336532592773 27.7219791412354 30.1416645050049 30.0821266174316 34.2786254882812 30.6193313598633 31.4576625823975 31.1542682647705 30.2504234313965 32.1841354370117 32.2791786193848 32.7250671386719 32.7422142028809 32.4913330078125 30.857780456543 29.1778659820557 29.7022895812988 30.3487911224365 34.5011291503906 34.4397430419922 31.2351474761963 30.051643371582 29.8715782165527 29.8308658599854 28.7849369049072 29.9479885101318 28.5247764587402 29.5000858306885 30.1344432830811
29.8523731231689 26.6366577148438 29.5711212158203 24.5469665527344 24.5485553741455 25.667272567749 25.8134651184082 26.4466342926025 26.9965515136719 27.4048080444336 27.3885021209717 27.5623683929443 32.1734275817871 32.8282928466797 33.4275360107422 27.3397369384766 29.7733497619629 29.7118110656738 26.6083660125732 30.0802345275879 27.6221103668213 33.2282295227051 30.7449893951416 32.2381324768066 30.6160583496094 31.5827198028564 30.5731105804443 30.2086410522461 33.1750411987305 32.8219947814941 32.2196426391602 31.7076091766357 31.3556003570557 29.5541133880615 30.3630199432373 32.7501754760742 34.0743637084961 32.1768455505371 31.0489940643311 31.5346412658691 30.0709037780762 28.9335746765137 28.9877967834473 28.098217010498 29.5417385101318 30.333869934082
25.3907985687256 23.9864025115967 24.4265727996826 23.6045360565186 23.5562629699707 24.8683605194092 25.6093063354492 26.6430206298828 26.9450416564941 27.1451282501221 27.3264045715332 26.9616355895996 26.9052505493164 26.4489135742188 26.8644962310791 29.974760055542 27.6331081390381 30.4154834747314 27.2894134521484 29.6464939117432 29.4759750366211 30.1497135162354 33.113826751709 33.7983741760254 30.9510650634766 31.0975933074951 31.8444061279297 30.083517074585 30.3117618560791 33.6887969970703 32.1628913879395 31.5188961029053 30.8522357940674 29.1705379486084 29.0310649871826 30.6719398498535 31.0340309143066 30.8526306152344 30.2420272827148 28.5443572998047 32.145149230957 28.4293804168701 28.1324119567871 27.7814979553223 27.7901859283447 29.0753345489502
23.8096618652344 29.4986686706543 30.2008457183838 23.8195304870605 23.7473621368408 24.4618721008301 25.0655174255371 25.8318214416504 26.2538013458252 26.5102615356445 26.8538188934326 26.6706809997559 26.6703777313232 27.0355796813965 27.2400226593018 27.5965995788574 30.2108860015869 30.6205577850342 30.5103187561035 31.0090236663818 29.5207691192627 30.4873733520508 31.9221687316895 33.9383773803711 31.7671375274658 32.5178985595703 32.538890838623 32.6431846618652 32.2011108398438 34.1137580871582 33.045108795166 32.5093841552734 32.5246734619141 32.8249130249023 29.9122219085693 28.9502429962158 30.1074085235596 27.547679901123 29.0634651184082 29.3486785888672 29.3944129943848 28.3373966217041 32.7866477966309 29.2491760253906 27.8258800506592 27.5846290588379
24.4861316680908 23.8204345703125 29.6619987487793 24.3803958892822 24.4406871795654 25.1955051422119 25.0570125579834 25.6806888580322 26.638692855835 27.0754261016846 27.301570892334 27.3750820159912 27.376522064209 31.0029258728027 30.9653339385986 27.912540435791 27.6703510284424 27.7747898101807 27.7833862304688 30.6141395568848 30.1489505767822 30.3147754669189 27.6762275695801 28.7694969177246 29.597957611084 31.2702751159668 30.6386585235596 31.8429565429688 33.7285766601562 31.1843338012695 31.0894947052002 30.1777820587158 30.5333042144775 31.4490013122559 29.7798595428467 29.3856678009033 27.352897644043 26.6450481414795 26.8129024505615 25.9141254425049 31.3939476013184 29.8803405761719 30.9904327392578 30.5872364044189 32.5551605224609 28.306791305542
25.4352245330811 24.5922203063965 24.1986026763916 24.5899295806885 25.0306205749512 25.8155460357666 25.847620010376 26.0691242218018 26.1725959777832 26.7248764038086 26.7431526184082 29.4676570892334 30.3165988922119 27.4520397186279 31.7290115356445 31.091215133667 31.5005626678467 28.0550384521484 30.8265113830566 30.6518268585205 30.6989707946777 29.7506351470947 28.6443290710449 30.655460357666 32.4750442504883 32.5110740661621 30.5481338500977 31.0950660705566 30.2953681945801 32.0497856140137 32.364933013916 31.1266918182373 32.2698631286621 30.0753192901611 32.5155754089355 29.5102348327637 33.1072807312012 29.4118518829346 29.7789363861084 28.4110507965088 29.3693981170654 29.8060474395752 29.0544586181641 29.3118057250977 30.1500263214111 31.1282501220703
25.0317668914795 24.6409873962402 24.3495388031006 25.3998603820801 25.85524559021 26.3078174591064 26.8271503448486 27.1098537445068 27.0237903594971 27.3342971801758 27.2361888885498 29.3943424224854 29.9629650115967 31.4748840332031 31.6392517089844 31.1003894805908 31.4545764923096 31.8307857513428 31.1364402770996 28.0188236236572 30.6147480010986 29.7456169128418 30.4914798736572 30.553653717041 31.7945652008057 32.3976364135742 32.5686569213867 33.1307411193848 30.4585380554199 30.8671989440918 28.2110271453857 30.7297039031982 31.9551982879639 33.646842956543 32.6058959960938 26.764030456543 29.308406829834 30.0397129058838 28.4874992370605 29.459981918335 31.3832817077637 30.5668792724609 29.9080200195312 30.2785606384277 29.8039531707764 29.63498878479
25.0615520477295 24.4285125732422 23.8335247039795 25.009370803833 26.0464057922363 26.4425964355469 25.8785514831543 26.9824142456055 26.6219921112061 26.0835285186768 27.1309833526611 26.7493915557861 27.060619354248 29.8968162536621 27.5303478240967 30.807975769043 30.8872909545898 30.8427963256836 31.2916679382324 29.2671585083008 30.1705932617188 30.6865978240967 30.2618179321289 27.9243984222412 30.445987701416 32.4858779907227 31.3969974517822 30.5571269989014 30.7139472961426 30.855432510376 28.0356388092041 26.4452934265137 27.1867446899414 30.3013744354248 26.3300285339355 26.234504699707 30.3555812835693 29.4937171936035 30.2529487609863 28.9538478851318 31.1784000396729 32.382942199707 28.7469844818115 28.9890766143799 29.8677616119385 30.4583549499512
25.4923610687256 24.5439624786377 24.6045322418213 25.0776920318604 25.7863368988037 26.1506977081299 26.5633068084717 26.5443077087402 25.5132274627686 25.0778942108154 26.6478462219238 25.4528656005859 25.8718299865723 26.0533790588379 29.6242427825928 30.377046585083 27.6674365997314 30.8630924224854 28.1552104949951 31.5695533752441 31.1168689727783 31.4467544555664 30.9734897613525 30.6116485595703 29.7894134521484 30.9291610717773 31.7381858825684 30.7422790527344 29.9811153411865 31.5527973175049 29.7463874816895 27.361967086792 30.7931976318359 30.2032508850098 24.5749664306641 28.774377822876 29.5381031036377 29.8546581268311 30.1460762023926 31.8311290740967 29.7282390594482 32.1342353820801 29.8683071136475 29.986515045166 29.4914608001709 29.3257751464844
25.5211544036865 25.2419509887695 24.9748077392578 25.0663909912109 25.6410293579102 26.19065284729 26.0921115875244 25.9296035766602 25.3503360748291 26.2023887634277 26.2935523986816 25.2341766357422 25.4620876312256 25.5701656341553 26.6836071014404 26.9585628509521 30.6212272644043 27.6766300201416 30.8984336853027 31.1871719360352 31 31.254602432251 29.5125045776367 31.0292434692383 30.2982807159424 30.3538570404053 30.0562191009521 31.1878261566162 29.3388671875 29.1862182617188 30.8510417938232 30.6553974151611 27.3129119873047 29.5827465057373 30.3756809234619 30.9838218688965 27.5977191925049 29.9375591278076 32.2765045166016 29.694185256958 30.6108245849609 29.6662158966064 30.1429958343506 31.9328193664551 31.4640560150146 29.073938369751
24.9840297698975 24.9205913543701 24.5198059082031 24.8668804168701 25.2873668670654 25.0963535308838 25.7032299041748 26.068962097168 26.3901901245117 26.4081745147705 26.3207931518555 26.5117893218994 29.6445350646973 30.3532390594482 30.1614074707031 26.9832592010498 27.490291595459 31.2020130157471 28.4931335449219 30.6741733551025 30.9548835754395 31.4839344024658 31.5285224914551 30.8269596099854 31.058765411377 29.9791603088379 30.4663791656494 30.2964935302734 29.3634510040283 31.2616920471191 31.5607471466064 32.3644142150879 28.8504657745361 29.8646411895752 29.9456062316895 25.7948246002197 28.4763622283936 31.0422401428223 33.0435600280762 27.8566055297852 30.0459632873535 30.1675548553467 29.5177936553955 28.4458179473877 29.8668041229248 30.4690456390381
