inst/extdata/Tmax/Tmax97.asc
NCOLS 100 
NROWS 79 
XLLCORNER 148.06 
YLLCORNER -21.49 
CELLSIZE 0.01 
NODATA_value -3.4e+38 
[rows 40 to 59 of 79, columns 0 to 45 of 100]
29.782455444335898 29.5323848724365 29.5669746398926 29.60276222229 29.4940738677979 29.6068515777588 29.5702896118164 29.3857078552246 28.9426879882812 29.3563938140869 29.9679775238037 30.3269138336182 30.3800601959229 30.4584159851074 30.5682601928711 30.3607006072998 30.0892200469971 29.7190208435059 29.1266822814941 29.6883945465088 29.7105255126953 29.6228218078613 29.5846195220947 29.1632289886475 28.2179908752441 27.6121120452881 27.4493579864502 27.5361404418945 27.646692276001 27.0927295684814 26.5323257446289 26.9156684875488 28.1875171661377 27.9137001037598 27.6546020507812 28.0588092803955 27.9930725097656 27.6597919464111 27.4429492950439 26.9655799865723 26.9498310089111 26.1802825927734 25.6747417449951 25.6758785247803 25.4547080993652 25.3187370300293
29.9249954223633 29.5612010955811 29.4483699798584 29.5528888702393 29.4617614746094 29.545316696167 29.5606899261475 29.4653568267822 29.2340393066406 29.3570117950439 29.6861457824707 30.0403518676758 30.303071975708 30.5024013519287 30.5874824523926 30.4502716064453 30.1418132781982 29.5986518859863 29.2639141082764 29.4481945037842 29.5066623687744 29.2767734527588 29.5129165649414 29.228141784668 28.5092811584473 28.0313758850098 27.4776916503906 27.4114055633545 27.6047973632812 27.2288017272949 26.86203956604 27.4287910461426 28.167444229126 27.3806171417236 26.7494583129883 27.4604034423828 27.5451526641846 27.8145599365234 27.8043251037598 27.5734024047852 27.4699401855469 26.7202739715576 25.4882793426514 25.3877124786377 25.4592113494873 25.4297943115234
29.7994270324707 29.7613067626953 29.5629730224609 29.4546089172363 29.5186958312988 29.545539855957 29.5327491760254 29.5024566650391 29.4758739471436 29.4364967346191 29.4900913238525 29.9561576843262 30.3166732788086 30.4872360229492 30.5318641662598 30.5116920471191 30.2890815734863 29.9494686126709 29.7225933074951 29.700382232666 29.635232925415 28.9393081665039 28.8902282714844 29.1740665435791 29.2364292144775 28.7705097198486 27.8880233764648 27.599235534668 27.5379409790039 27.3478469848633 26.5649299621582 27.5184574127197 27.5745277404785 26.634370803833 25.9234466552734 26.7282218933105 26.7365989685059 27.3483924865723 27.5659866333008 27.2582855224609 27.0271224975586 27.1189384460449 26.5429840087891 26.3564872741699 26.7554531097412 27.9144039154053
29.4676609039307 29.5687522888184 29.5580520629883 29.5589179992676 29.592601776123 29.5912284851074 29.567066192627 29.5236797332764 29.5820808410645 29.5596694946289 29.5742092132568 29.977783203125 30.2586975097656 30.4401588439941 30.4824600219727 30.5347671508789 30.4539680480957 30.2370529174805 29.9497528076172 30.0269641876221 29.8597850799561 29.601978302002 28.8673095703125 28.530158996582 29.2893180847168 29.0814380645752 28.6587772369385 28.1470203399658 27.8347663879395 27.6878204345703 26.9937381744385 26.9271144866943 27.5506229400635 27.1129627227783 26.5534477233887 26.15354347229 26.238109588623 26.4626541137695 26.6705303192139 26.4687728881836 26.0725612640381 26.7202930450439 26.3344421386719 27.291187286377 29.3333282470703 30.063045501709
29.1904850006104 29.3778743743896 29.3605194091797 29.3663024902344 29.5469818115234 29.660572052002 29.6954784393311 29.6481838226318 29.7116794586182 29.7614765167236 29.9281101226807 30.0851707458496 30.2374305725098 30.3603210449219 30.4399299621582 30.5305442810059 30.5322914123535 30.395975112915 30.2496089935303 30.2274875640869 30.1107578277588 29.9825630187988 29.6708126068115 29.4608688354492 29.2916049957275 28.8024978637695 29.1262073516846 29.0165252685547 28.6832160949707 27.9455471038818 27.4101696014404 27.4118633270264 27.7031402587891 27.9179668426514 27.6162872314453 26.5734157562256 25.4169597625732 25.3910274505615 25.4896907806396 25.790153503418 25.6886711120605 26.1835174560547 25.7663402557373 26.5095996856689 28.4619045257568 30.0772819519043
29.2065677642822 29.2780342102051 29.133373260498 29.0343399047852 29.2333297729492 29.4477500915527 29.6769714355469 29.7960548400879 29.8657207489014 29.9594039916992 30.0411224365234 29.9734268188477 29.7593879699707 30.1606788635254 30.4211463928223 30.4968872070312 30.5346527099609 30.4877529144287 30.4162559509277 30.3745803833008 30.3024940490723 30.2154369354248 30.1836185455322 29.5186653137207 29.1552238464355 29.0999336242676 29.2308025360107 29.0675811767578 28.8854122161865 28.3381271362305 27.1700916290283 27.3578491210938 27.6339492797852 27.7125587463379 27.8521137237549 27.0064964294434 25.8794746398926 25.6745891571045 25.70920753479 26.0990238189697 25.5828132629395 25.9090843200684 26.2608242034912 26.5390453338623 27.4711456298828 28.8297328948975
29.071683883667 29.0561618804932 29.0654754638672 29.0006217956543 28.9122047424316 28.9719886779785 29.4533920288086 29.5782680511475 29.700044631958 29.7233295440674 29.9373245239258 30.0647277832031 29.8139152526855 30.0983390808105 30.3569412231445 30.4550476074219 30.5020942687988 30.4558887481689 30.4416542053223 30.4270362854004 30.3725357055664 30.3292675018311 30.244421005249 29.7328395843506 28.8331108093262 28.9875812530518 29.2218074798584 28.9954395294189 28.9682941436768 28.8320655822754 27.9666786193848 27.6796360015869 27.3745212554932 27.6081199645996 27.7713661193848 27.3262557983398 26.4069290161133 26.6598243713379 26.1997718811035 26.8223037719727 26.3367862701416 26.4843101501465 26.5897693634033 26.6900005340576 26.6894130706787 26.5286693572998
29.4897365570068 28.8946189880371 28.8202724456787 28.7748374938965 28.7549114227295 28.8780632019043 29.1852893829346 29.1478748321533 29.3908996582031 29.443078994751 29.5253314971924 29.5968589782715 29.7799797058105 30.0873966217041 30.304801940918 30.4450073242188 30.4617614746094 30.3549976348877 30.1810131072998 30.1014347076416 30.2844009399414 30.1093769073486 30.1608562469482 30.1165237426758 29.6262493133545 29.5452289581299 29.6001129150391 29.4012145996094 29.240083694458 29.0179595947266 28.2744312286377 27.9012546539307 27.2797164916992 27.62912940979 27.6817359924316 27.4754428863525 27.1049556732178 27.3080062866211 27.0808219909668 27.3134098052979 27.0744915008545 26.9037494659424 26.7785415649414 26.6518783569336 26.3565654754639 26.1555709838867
30.1316757202148 29.3913078308105 28.6799335479736 28.5442905426025 28.6719455718994 28.8523693084717 28.7981777191162 28.8023471832275 29.1277523040771 29.4145374298096 29.4886322021484 29.4815578460693 29.7066974639893 30.0333442687988 30.306489944458 30.3917751312256 30.4187355041504 30.3668880462646 30.2040977478027 29.9784698486328 30.0898208618164 30.0626850128174 30.0020084381104 30.1814804077148 30.0866794586182 29.9940319061279 29.7053813934326 29.5061798095703 29.4342956542969 29.1313209533691 28.7172317504883 28.2305927276611 27.4103469848633 27.5508575439453 27.5304508209229 27.5885047912598 27.5109119415283 27.5057888031006 27.4053630828857 27.2410011291504 26.5464687347412 26.4085083007812 26.5838108062744 26.3627967834473 26.2496871948242 25.9497489929199
30.3758201599121 29.9070453643799 29.1133670806885 28.5748863220215 28.56667137146 28.5620059967041 28.5968074798584 28.9286918640137 29.1583461761475 29.0648403167725 29.6571598052979 29.8886108398438 30.0166034698486 30.1370677947998 30.2547912597656 30.3576316833496 30.3818607330322 30.3405075073242 30.253173828125 30.1214179992676 30.0313777923584 29.9855976104736 29.8039131164551 29.8793659210205 30.0997829437256 30.1110782623291 29.8930568695068 29.304838180542 28.7717170715332 29.1021595001221 28.7907791137695 28.4771919250488 27.6601142883301 27.4046535491943 27.2260246276855 27.4960746765137 27.5768795013428 27.4929084777832 27.4727649688721 27.1897602081299 26.5880298614502 26.2490615844727 26.4080619812012 26.0894813537598 26.016658782959 25.9409160614014
30.3575210571289 30.2016696929932 29.7757835388184 29.1903743743896 28.6889820098877 28.4079818725586 28.5676021575928 28.8732757568359 28.920093536377 29.2114887237549 29.7646999359131 30.0151596069336 30.162748336792 30.2850532531738 30.3169822692871 30.3546810150146 30.2430171966553 30.2620601654053 30.2949466705322 30.2340221405029 30.1353149414062 29.9857921600342 29.7901229858398 29.7257080078125 29.878173828125 29.9536952972412 30.03590965271 29.7986240386963 29.5056705474854 29.3674774169922 28.776985168457 28.6260528564453 27.7572441101074 27.4042148590088 26.87184715271 27.2876873016357 27.4081039428711 27.4052124023438 27.4562702178955 27.2952136993408 26.8435535430908 26.7038764953613 26.6163883209229 26.4325733184814 26.1520919799805 26.0009574890137
30.3117446899414 30.2943382263184 30.0531959533691 29.4283924102783 28.8804149627686 28.6174869537354 28.5855331420898 28.6695289611816 28.4416179656982 28.5925598144531 29.4078426361084 29.7968997955322 29.997766494751 30.2297782897949 30.3332023620605 30.3021717071533 30.2307300567627 30.2355785369873 30.2110118865967 30.2271404266357 30.1466789245605 30.0585250854492 29.9680423736572 29.7629528045654 29.6584930419922 29.6171054840088 29.6090774536133 29.7659358978271 29.5388622283936 29.7008628845215 29.7544975280762 28.8907375335693 28.248176574707 27.7950916290283 27.3674945831299 27.4850578308105 27.453125 27.3039093017578 27.4301700592041 27.3471393585205 26.9178791046143 26.7842884063721 26.6831130981445 26.5245418548584 26.0973625183105 25.9339542388916
30.1423530578613 30.2260932922363 30.0927753448486 29.1813659667969 28.433765411377 28.4125785827637 28.5182838439941 28.3941612243652 28.1583461761475 28.2893505096436 29.3383121490479 29.7917613983154 30.0353870391846 30.2459716796875 30.2679138183594 30.2248191833496 30.226375579834 30.1680526733398 30.1321830749512 30.1460914611816 30.1859264373779 30.1539344787598 29.9996452331543 29.7982769012451 29.5753479003906 29.4227771759033 29.4272308349609 29.3993148803711 29.4197483062744 29.3296070098877 29.5724697113037 29.4582710266113 28.8481712341309 28.1857872009277 27.7474308013916 28.1228466033936 28.0935573577881 27.5905017852783 27.4220676422119 27.4940967559814 27.3439617156982 27.1247138977051 26.8505363464355 26.6369762420654 26.3432884216309 26.0076370239258
29.9351081848145 30.0110282897949 30.1173229217529 29.7161540985107 28.7788410186768 28.4598388671875 28.7995338439941 28.3337497711182 28.190990447998 28.2733421325684 29.2838230133057 29.8729381561279 30.1131114959717 30.2229614257812 30.1566352844238 30.0643329620361 30.0725631713867 30.1054401397705 30.0792598724365 29.9741821289062 30.0512580871582 30.1548957824707 30.0213394165039 29.8764495849609 29.6833953857422 29.5288887023926 29.1696796417236 28.9800434112549 28.615571975708 29.0275402069092 28.8683815002441 29.5112380981445 29.5888957977295 29.225606918335 28.6992816925049 28.7615528106689 28.3773612976074 28.0087051391602 27.689769744873 28.132568359375 27.6913394927979 27.4177474975586 27.2613658905029 27.1390380859375 26.8985633850098 26.769359588623
29.8085556030273 29.7893486022949 29.9646606445312 29.9818592071533 29.5724639892578 29.3542022705078 29.3078327178955 28.9800662994385 28.7924060821533 28.8065891265869 28.9888687133789 29.3720245361328 30.0196361541748 30.1703815460205 30.0510272979736 29.968469619751 29.9734859466553 30.0323963165283 30.0002422332764 29.9399662017822 29.9752902984619 30.1201648712158 30.0932960510254 29.920223236084 29.825174331665 29.6454582214355 29.3132038116455 29.0941352844238 28.6612815856934 28.9418201446533 28.2710247039795 28.7702503204346 29.0540466308594 29.1045875549316 29.2663726806641 29.1558685302734 28.8456687927246 28.7103748321533 28.2360877990723 27.7086582183838 27.6512851715088 27.7333908081055 27.4868717193604 27.2924976348877 27.308801651001 27.1695594787598
29.8819255828857 29.8838520050049 29.9335155487061 29.9676494598389 29.8629989624023 29.3072338104248 29.321418762207 29.3842220306396 29.1859683990479 29.1500186920166 29.3862190246582 29.7250270843506 30.0708694458008 30.1537055969238 30.0586948394775 29.8763999938965 29.9476337432861 29.9489822387695 29.7516994476318 29.740629196167 29.8888835906982 29.9939804077148 30.078987121582 29.9989814758301 29.8937549591064 29.7535781860352 29.5674953460693 29.3048858642578 29.1472415924072 28.9994277954102 28.5603218078613 28.1932411193848 28.3659400939941 28.3511447906494 28.8665828704834 28.5636444091797 28.8875637054443 28.6503791809082 28.2797412872314 27.8491592407227 27.617338180542 27.4090538024902 26.9952354431152 26.4938735961914 26.9887599945068 27.1663665771484
29.9738731384277 29.9596366882324 29.9355964660645 29.9268856048584 29.7922973632812 29.0714015960693 28.8861389160156 29.2873649597168 29.1883544921875 28.8991241455078 29.1687164306641 29.7916297912598 30.0749015808105 30.1150283813477 30.0346221923828 29.8513164520264 29.857385635376 29.6531467437744 29.4005851745605 29.5555763244629 29.8714752197266 29.8920230865479 30.0069046020508 30.0245609283447 29.8707141876221 29.8285713195801 29.6635150909424 29.3762359619141 29.3070392608643 29.0859050750732 28.6636981964111 28.0145606994629 27.7618312835693 27.8858375549316 28.3596878051758 28.537281036377 28.1572494506836 27.8022785186768 28.041675567627 27.9900665283203 27.6407737731934 27.420955657959 26.9649200439453 26.2695770263672 26.6539974212646 26.9722328186035
30.0178623199463 29.9885501861572 29.9477806091309 29.9218826293945 29.889274597168 29.5817184448242 29.1748695373535 28.9556121826172 28.9636936187744 28.7711944580078 29.2120933532715 29.7984352111816 30.0462589263916 30.0658149719238 29.9865989685059 29.8072052001953 29.6527938842773 29.4531517028809 29.346097946167 29.6312675476074 29.7706680297852 29.8492698669434 29.8268165588379 29.9625053405762 29.9252700805664 29.8549518585205 29.7041015625 29.4366512298584 29.3321838378906 29.1439952850342 28.7207794189453 28.5280513763428 28.0856285095215 27.9278430938721 27.8837661743164 28.0294513702393 28.3463878631592 28.2065143585205 27.8376007080078 27.6412334442139 27.4704723358154 27.3077335357666 27.0941982269287 26.8253269195557 26.2810211181641 26.530933380127
30.0352897644043 29.9921875 29.9500503540039 29.9419746398926 29.8783683776855 29.6887664794922 29.4363441467285 28.9131145477295 28.8170108795166 28.9891948699951 29.4126319885254 29.8141422271729 29.9823627471924 29.9840488433838 29.8599090576172 29.6998023986816 29.4131565093994 29.3393707275391 29.4616413116455 29.5013446807861 29.6592578887939 29.6132907867432 29.4387283325195 29.7147579193115 29.9344940185547 29.8318672180176 29.6325359344482 29.4949188232422 29.376974105835 29.2882137298584 29.10471534729 28.89479637146 28.5841865539551 28.549524307251 28.2204360961914 27.9017372131348 28.0142002105713 28.1194381713867 27.8927230834961 27.752233505249 27.6234893798828 27.425910949707 26.9064331054688 26.5817947387695 26.6925716400146 26.7104892730713
30.0350341796875 30.0470371246338 29.9990425109863 29.9687843322754 29.870246887207 29.7740821838379 29.6828269958496 29.3607120513916 28.9415149688721 29.0306987762451 29.1807918548584 29.4566688537598 29.7334384918213 29.7907619476318 29.7393760681152 29.6070156097412 29.4130439758301 29.2914505004883 29.1935214996338 29.2415256500244 29.4899730682373 29.509485244751 29.2727222442627 29.6861896514893 29.9388084411621 29.8479137420654 29.7099494934082 29.5710105895996 29.5153522491455 29.4191741943359 29.3158779144287 29.1103477478027 28.7871780395508 29.0361156463623 28.9188289642334 28.5371417999268 28.0770874023438 27.9800395965576 28.1352310180664 28.6080780029297 27.8178329467773 27.5570030212402 27.2141647338867 26.6359577178955 26.578031539917 26.4766941070557
