inst/extdata/Tmax/Tmax68.asc
NCOLS 100 
NROWS 79 
XLLCORNER 148.06 
YLLCORNER -21.49 
CELLSIZE 0.01 
NODATA_value -3.4e+38 
[rows 40 to 59 of 79, columns 0 to 45 of 100]
30.885799407958999 30.6008930206299 30.624755859375 30.6532974243164 30.5237846374512 30.6361541748047 30.5817604064941 30.3698444366455 29.8771018981934 30.3163547515869 30.9688129425049 31.2965431213379 31.330587387085 31.380033493042 31.4445266723633 31.2215270996094 30.9405994415283 30.5654182434082 29.9633445739746 30.4697608947754 30.4560356140137 30.3384990692139 30.2702178955078 29.854642868042 28.9251613616943 28.2553558349609 28.053840637207 28.1411228179932 28.2591018676758 27.601842880249 26.9356079101562 27.3716907501221 28.6716384887695 28.3928127288818 28.1273746490479 28.4630279541016 28.3689441680908 28.0380096435547 27.812370300293 27.3503723144531 27.307559967041 26.4216632843018 25.8209056854248 25.8146953582764 25.5490303039551 25.3829898834229
31.0451965332031 30.6354827880859 30.4979228973389 30.6020984649658 30.4919853210449 30.5727787017822 30.5752811431885 30.4606914520264 30.1982841491699 30.3215084075928 30.6680965423584 31.0272960662842 31.2618732452393 31.4319801330566 31.4742469787598 31.3151149749756 31.0007572174072 30.4679527282715 30.1171760559082 30.2637424468994 30.2836494445801 30.0365333557129 30.2174339294434 29.9255714416504 29.237735748291 28.7221832275391 28.0886249542236 27.9969787597656 28.2120952606201 27.7624130249023 27.3232955932617 27.971658706665 28.6654720306396 27.8950233459473 27.1503086090088 27.9326210021973 27.9756603240967 28.1898612976074 28.1508464813232 27.9129085540771 27.7902984619141 27.0503025054932 25.6033191680908 25.4782695770264 25.5545978546143 25.5129928588867
30.9133968353271 30.8612689971924 30.6299133300781 30.501033782959 30.5609893798828 30.5800018310547 30.5520172119141 30.5084953308105 30.4690494537354 30.4156742095947 30.4633464813232 30.9546508789062 31.2832469940186 31.4294300079346 31.4402866363525 31.3873519897461 31.1509914398193 30.8039627075195 30.5637168884277 30.5098552703857 30.4166393280029 29.7430820465088 29.6666088104248 29.8925247192383 29.9160823822021 29.4597492218018 28.5690727233887 28.2211170196533 28.1386222839355 27.9059047698975 26.978832244873 28.0806903839111 28.1354331970215 27.0291023254395 26.1867332458496 27.1203384399414 27.1176948547363 27.7832508087158 27.9515171051025 27.6434192657471 27.4048156738281 27.4597721099854 26.8367919921875 26.6118335723877 27.0417575836182 28.0576972961426
30.5517902374268 30.6531314849854 30.6279067993164 30.6188621520996 30.645622253418 30.6339111328125 30.5936431884766 30.5359954833984 30.5892887115479 30.5544300079346 30.5597591400146 30.9794425964355 31.232385635376 31.389347076416 31.4077281951904 31.4207592010498 31.3130760192871 31.0777339935303 30.7825660705566 30.8184337615967 30.6326141357422 30.3602752685547 29.6572170257568 29.2907180786133 29.9762516021729 29.7545719146729 29.3376121520996 28.8340969085693 28.4869594573975 28.3045387268066 27.4829158782959 27.3918571472168 28.1095123291016 27.5894985198975 26.926342010498 26.4490795135498 26.5363254547119 26.790225982666 27.0239143371582 26.7800540924072 26.3092555999756 27.0556621551514 26.595157623291 27.5663223266602 29.4918537139893 30.274076461792
30.2498455047607 30.4467010498047 30.4145812988281 30.4113540649414 30.5995750427246 30.7138481140137 30.738224029541 30.676326751709 30.735279083252 30.7791175842285 30.9499740600586 31.0865097045898 31.2164325714111 31.3178539276123 31.3777523040771 31.4293785095215 31.3966674804688 31.2340316772461 31.066822052002 31.0124111175537 30.8723773956299 30.7177715301514 30.4012985229492 30.1773071289062 29.99045753479 29.5125999450684 29.7747859954834 29.6384449005127 29.3036327362061 28.5992755889893 27.9715156555176 27.9598903656006 28.2821273803711 28.4479446411133 28.1430587768555 26.9417037963867 25.5729465484619 25.5346298217773 25.6428165435791 25.9874572753906 25.8606281280518 26.4313907623291 25.9327144622803 26.7916946411133 28.631591796875 30.2993316650391
30.2706527709961 30.3402423858643 30.1685409545898 30.0507202148438 30.2598114013672 30.4851379394531 30.7224502563477 30.8424472808838 30.9082412719727 31.0000343322754 31.0680980682373 30.9833087921143 30.7474517822266 31.1315212249756 31.3645820617676 31.4110012054443 31.410774230957 31.3293380737305 31.2300720214844 31.1579704284668 31.0584278106689 30.9411087036133 30.878324508667 30.2419948577881 29.8784637451172 29.7955760955811 29.8819885253906 29.6970100402832 29.49951171875 28.9697494506836 27.6921615600586 27.8984088897705 28.2102375030518 28.2722549438477 28.3696231842041 27.4488353729248 26.1172580718994 25.8684406280518 25.9010562896729 26.3497581481934 25.7369651794434 26.1112861633301 26.5108909606934 26.8268585205078 27.7236843109131 28.9819869995117
30.1252479553223 30.0994739532471 30.0973930358887 30.0172958374023 29.9114151000977 29.9681053161621 30.4823780059814 30.6092491149902 30.7324085235596 30.7478275299072 30.9710788726807 31.0749835968018 30.8126239776611 31.0760898590088 31.3074684143066 31.3847560882568 31.3931694030762 31.3125171661377 31.265323638916 31.217830657959 31.1343059539795 31.0566654205322 30.9459457397461 30.448751449585 29.5962753295898 29.705228805542 29.8860931396484 29.643669128418 29.586971282959 29.4314098358154 28.6110858917236 28.2758293151855 27.9092826843262 28.1716175079346 28.3076629638672 27.8231430053711 26.7365913391113 27.0235576629639 26.4767551422119 27.1953220367432 26.6201305389404 26.7839183807373 26.8951530456543 27.0034484863281 26.9944553375244 26.7993545532227
30.5921649932861 29.9280071258545 29.8342475891113 29.7758941650391 29.7455863952637 29.8721923828125 30.1964378356934 30.1463928222656 30.4027881622314 30.4503040313721 30.530445098877 30.5951480865479 30.7846965789795 31.0730972290039 31.2653999328613 31.3833274841309 31.3725605010986 31.2370109558105 31.0447769165039 30.9385871887207 31.0709419250488 30.8739624023438 30.8870029449463 30.8132457733154 30.3353538513184 30.228889465332 30.2459030151367 30.0285778045654 29.8501319885254 29.6166038513184 28.9082832336426 28.5321063995361 27.8027973175049 28.2007350921631 28.2414474487305 28.0014457702637 27.5565299987793 27.7837581634521 27.5097427368164 27.7550964355469 27.4841632843018 27.2765464782715 27.118860244751 26.9629096984863 26.6105842590332 26.3682136535645
31.3028030395508 30.4784755706787 29.6832866668701 29.5259571075439 29.6582431793213 29.8480358123779 29.7765712738037 29.7726345062256 30.1199493408203 30.4242115020752 30.4957485198975 30.4748783111572 30.7105350494385 31.0247592926025 31.2708587646484 31.3364753723145 31.3453407287598 31.259822845459 31.0778427124023 30.8386764526367 30.9065093994141 30.8439292907715 30.7553558349609 30.8847351074219 30.765453338623 30.6483306884766 30.3538780212402 30.1362533569336 30.0387077331543 29.731840133667 29.3239078521729 28.844934463501 27.9570446014404 28.1111087799072 28.0771961212158 28.134895324707 28.0313510894775 27.9997787475586 27.8790473937988 27.6884479522705 26.8695240020752 26.6998481750488 26.8928318023682 26.6266288757324 26.4864978790283 26.1283168792725
31.5701274871826 31.0501022338867 30.1641368865967 29.5633068084717 29.5463676452637 29.533275604248 29.5598926544189 29.9154300689697 30.1581783294678 30.0470771789551 30.6849517822266 30.9200878143311 31.0278301239014 31.127950668335 31.2251396179199 31.3077659606934 31.3150882720947 31.2478218078613 31.1345634460449 30.98095703125 30.8655204772949 30.7861003875732 30.5875263214111 30.6230850219727 30.7900047302246 30.7670936584473 30.5366306304932 29.9658508300781 29.4483203887939 29.7176780700684 29.4029350280762 29.0818004608154 28.2506561279297 27.9418239593506 27.7230529785156 28.0287456512451 28.1052780151367 27.99928855896 27.9517822265625 27.6300964355469 26.9189109802246 26.5140972137451 26.6884078979492 26.3078498840332 26.2147197723389 26.1183223724365
31.5555038452148 31.378755569458 30.8971786499023 30.2444229125977 29.6847972869873 29.3680229187012 29.5320358276367 29.8592262268066 29.9020576477051 30.212194442749 30.8078517913818 31.0453720092773 31.1718463897705 31.2736339569092 31.2884998321533 31.3088607788086 31.1861362457275 31.1844902038574 31.1846618652344 31.0956192016602 30.9723052978516 30.7985191345215 30.5871906280518 30.4955883026123 30.6014156341553 30.6371097564697 30.6787853240967 30.4266242980957 30.1285209655762 29.9710178375244 29.4024333953857 29.2294406890869 28.3659000396729 27.9427604675293 27.3094959259033 27.7867870330811 27.9145336151123 27.9015121459961 27.9478778839111 27.7543544769287 27.2182903289795 27.046422958374 26.9324436187744 26.7093772888184 26.3734664916992 26.1888370513916
31.5135879516602 31.482593536377 31.2069568634033 30.5104560852051 29.8994274139404 29.6024284362793 29.5559673309326 29.640157699585 29.3822345733643 29.5396308898926 30.4230461120605 30.8356914520264 31.0164279937744 31.2241706848145 31.3078079223633 31.2623519897461 31.1781978607178 31.1630668640137 31.1201972961426 31.1015205383301 30.9948577880859 30.8769664764404 30.7614765167236 30.5417442321777 30.4138698577881 30.3436412811279 30.303882598877 30.4096126556396 30.1711368560791 30.2859649658203 30.3024349212646 29.482551574707 28.8656330108643 28.4014949798584 27.8912658691406 28.0188941955566 27.9685478210449 27.7846145629883 27.9225196838379 27.8162498474121 27.3060646057129 27.1411991119385 27.0111427307129 26.8174476623535 26.309871673584 26.1107597351074
31.3339900970459 31.4175453186035 31.2581729888916 30.2459239959717 29.4150581359863 29.3842601776123 29.4893417358398 29.345308303833 29.0788917541504 29.2150478363037 30.3553733825684 30.8389854431152 31.0598754882812 31.2471389770508 31.2526397705078 31.195686340332 31.1816520690918 31.1060104370117 31.0560989379883 31.043830871582 31.0469284057617 30.98024559021 30.8066692352295 30.5903072357178 30.3543949127197 30.1828079223633 30.1546878814697 30.0927753448486 30.0794067382812 29.965539932251 30.1543064117432 30.0146026611328 29.4289741516113 28.794002532959 28.3400058746338 28.6761913299561 28.6152019500732 28.1235828399658 27.9173011779785 27.9798564910889 27.8074493408203 27.542516708374 27.2103710174561 26.9523448944092 26.6007690429688 26.2001056671143
31.1094856262207 31.1847839355469 31.2898788452148 30.8392124176025 29.7990341186523 29.4403095245361 29.8026790618896 29.2832355499268 29.1190338134766 29.2019786834717 30.3010158538818 30.9215393066406 31.1381454467773 31.2285270690918 31.1492347717285 31.044994354248 31.037525177002 31.049617767334 31.0090827941895 30.8927841186523 30.9362411499023 30.9933929443359 30.8386898040771 30.6738052368164 30.4651546478271 30.2917995452881 29.9315814971924 29.722038269043 29.3567905426025 29.7024841308594 29.5259284973145 30.0751953125 30.126012802124 29.7529582977295 29.2436370849609 29.2696113586426 28.8853588104248 28.5194435119629 28.1988086700439 28.5731468200684 28.1421356201172 27.8637752532959 27.6882724761963 27.539363861084 27.2500858306885 27.0908355712891
30.9740104675293 30.9446201324463 31.1261501312256 31.1365280151367 30.6770572662354 30.4285755157471 30.3658618927002 29.9976539611816 29.7837238311768 29.791431427002 29.9832191467285 30.390998840332 31.0512847900391 31.1813545227051 31.0509872436523 30.9561004638672 30.9456748962402 30.982982635498 30.9367752075195 30.8635787963867 30.8789291381836 30.9739608764648 30.9165630340576 30.7259922027588 30.6067028045654 30.4103603363037 30.0747966766357 29.8383693695068 29.4104270935059 29.6361560821533 28.9905624389648 29.4127388000488 29.6403942108154 29.6552066802979 29.783712387085 29.6546268463135 29.3268451690674 29.1734790802002 28.7084712982178 28.1981086730957 28.1167221069336 28.1627521514893 27.9050178527832 27.6993789672852 27.6861629486084 27.5313758850098
31.0594234466553 31.0533313751221 31.0963459014893 31.1255874633789 31.001781463623 30.3815574645996 30.3855934143066 30.4465103149414 30.220630645752 30.1731243133545 30.4239978790283 30.7834701538086 31.1040191650391 31.1686820983887 31.0617790222168 30.8706321716309 30.9241943359375 30.906177520752 30.700813293457 30.6750869750977 30.8028793334961 30.870922088623 30.9157829284668 30.8100719451904 30.6815090179443 30.5212326049805 30.3192024230957 30.0430583953857 29.867317199707 29.7007389068604 29.2675323486328 28.8955974578857 29.0236358642578 28.9796600341797 29.4196300506592 29.1130065917969 29.3817310333252 29.1288394927979 28.7597332000732 28.3375492095947 28.0967960357666 27.8777637481689 27.3819637298584 26.7867126464844 27.3569641113281 27.5392589569092
31.1653709411621 31.1414966583252 31.1032657623291 31.0854148864746 30.928747177124 30.1265869140625 29.9115295410156 30.3450870513916 30.2283535003662 29.9029426574707 30.1909332275391 30.8520202636719 31.1111640930176 31.1347160339355 31.0419044494629 30.8496704101562 30.840446472168 30.6239051818848 30.3645324707031 30.4997138977051 30.7896499633789 30.7897624969482 30.8621597290039 30.8456516265869 30.6727199554443 30.6019020080566 30.4190444946289 30.1203365325928 30.0253677368164 29.7916431427002 29.3738460540771 28.6907272338867 28.3834819793701 28.5186309814453 28.9685668945312 29.1005554199219 28.7189140319824 28.3644008636475 28.5539112091064 28.4773864746094 28.1292285919189 27.8929138183594 27.3472843170166 26.5244083404541 26.9661388397217 27.3297996520996
31.2214756011963 31.1810569763184 31.1244773864746 31.0877933502197 31.0437030792236 30.6965827941895 30.2371978759766 29.9883155822754 29.9896717071533 29.7706527709961 30.2470874786377 30.8654327392578 31.090518951416 31.0942878723145 31.0025978088379 30.8140506744385 30.6495990753174 30.4371490478516 30.3185615539551 30.5799674987793 30.6997108459473 30.7564334869385 30.7136840820312 30.8053226470947 30.7388458251953 30.6423244476318 30.4724006652832 30.1916732788086 30.0643539428711 29.8606433868408 29.4417896270752 29.229829788208 28.767936706543 28.5722312927246 28.5101890563965 28.6513633728027 28.9072723388672 28.7495231628418 28.3825588226318 28.1733379364014 27.9640312194824 27.764331817627 27.5022068023682 27.1786708831787 26.5326385498047 26.8169765472412
31.2453002929688 31.189754486084 31.1317882537842 31.1149272918701 31.0367317199707 30.819652557373 30.5301532745361 29.9465084075928 29.8334407806396 30.0153465270996 30.4728965759277 30.8836803436279 31.0318298339844 31.0184192657471 30.8832206726074 30.7131404876709 30.4201526641846 30.3296813964844 30.4336624145508 30.4573783874512 30.5953941345215 30.532018661499 30.3484783172607 30.5907363891602 30.759464263916 30.6334056854248 30.4190578460693 30.2568683624268 30.1171932220459 30.0043601989746 29.8050899505615 29.5774765014648 29.2620716094971 29.1997108459473 28.8677024841309 28.5225067138672 28.6144008636475 28.6811275482178 28.4440422058105 28.2861824035645 28.1393051147461 27.9036273956299 27.2830486297607 26.8939342498779 27.0151081085205 27.0275573730469
31.2496490478516 31.2552013397217 31.1908493041992 31.1495876312256 31.0329151153564 30.9189624786377 30.807035446167 30.4444236755371 29.9755229949951 30.0662937164307 30.2238235473633 30.5158004760742 30.793384552002 30.8341941833496 30.7694683074951 30.6261367797852 30.4229526519775 30.2848739624023 30.1701354980469 30.2082481384277 30.4346961975098 30.4347743988037 30.1907520294189 30.5761528015137 30.7755699157715 30.6601715087891 30.5018310546875 30.3383731842041 30.2556171417236 30.1359577178955 30.0099468231201 29.7863578796387 29.4595527648926 29.6563205718994 29.5190849304199 29.1389293670654 28.6831684112549 28.5645122528076 28.6770801544189 29.1035461425781 28.3280429840088 28.0581302642822 27.6442241668701 26.9578437805176 26.8813304901123 26.7540855407715
