inst/extdata/Tmax/Tmax17.asc
NCOLS 100 
NROWS 79 
XLLCORNER 148.06 
YLLCORNER -21.49 
CELLSIZE 0.01 
NODATA_value -3.4e+38 
[rows 0 to 19 of 79, columns 0 to 45 of 100]
36.113864898681598 36.1968650817871 35.512092590332 36.4567909240723 36.4289855957031 36.6401214599609 36.5803680419922 36.2464866638184 35.9670143127441 36.1039848327637 35.6964378356934 35.679141998291 35.6601257324219 34.6431045532227 35.0070343017578 35.2866897583008 35.4057502746582 35.4165725708008 34.1301689147949 33.6027755737305 32.68359375 31.3751945495605 31.7968082427979 32.9768333435059 33.4740600585938 34.0143585205078 33.586238861084 33.5027008056641 33.7804260253906 33.4264373779297 31.4862747192383 29.7748584747314 27.6452198028564 27.7706451416016 26.6535301208496 25.4267024993896 24.9868469238281 24.689790725708 25.2679405212402 26.8965167999268 28.2171974182129 28.420482635498 28.7206287384033 34.1209526062012 33.640308380127 32.5429649353027
36.7737884521484 35.74560546875 34.3568649291992 35.0289115905762 35.0117034912109 35.9657821655273 36.3340911865234 36.4110984802246 36.904956817627 36.9713935852051 36.3977394104004 35.4395027160645 36.014820098877 34.9951591491699 35.2556381225586 34.9011535644531 35.6204032897949 35.3785514831543 34.6920204162598 33.8060913085938 33.9366073608398 33.1238441467285 32.8405799865723 33.1774291992188 33.52587890625 33.9611625671387 34.2551155090332 34.1912078857422 33.8716125488281 33.4300346374512 32.4445304870605 30.6781482696533 28.2787666320801 30.6033039093018 27.4387607574463 26.2141780853271 25.6319313049316 26.5201282501221 27.4566326141357 28.0131244659424 28.9272937774658 28.7804660797119 31.886531829834 32.6439170837402 33.2127075195312 32.0329475402832
36.601806640625 35.6640548706055 35.6506233215332 36.1594543457031 35.527156829834 35.8407135009766 36.1871185302734 36.582878112793 36.9138526916504 36.9776306152344 36.4759407043457 35.7143783569336 36.0001258850098 35.5338935852051 34.9758491516113 34.9907531738281 35.0167465209961 35.2465476989746 34.4936561584473 33.9874839782715 33.4624137878418 33.7429809570312 33.2421226501465 33.4890823364258 34.1523284912109 34.2439346313477 34.2316474914551 34.1732940673828 34.3348121643066 33.8029708862305 34.0036315917969 32.7520408630371 33.7056999206543 30.7368907928467 32.7220916748047 26.8487873077393 25.8839359283447 25.6119289398193 26.6041965484619 27.4949798583984 28.7585926055908 34.605598449707 34.3748550415039 30.9267387390137 30.7405700683594 33.2619247436523
37.1202545166016 36.9127540588379 35.9642295837402 36.9059066772461 36.1668815612793 35.659252166748 36.1850624084473 36.501163482666 36.7423210144043 36.905704498291 36.6779479980469 36.120059967041 35.9976081848145 35.9929962158203 35.6678924560547 35.5892562866211 35.6211471557617 35.1392860412598 34.9389419555664 33.9838752746582 33.7371482849121 33.4890556335449 33.5496788024902 33.5422515869141 34.041919708252 34.1563873291016 34.1318817138672 34.0413818359375 33.7214698791504 33.0363998413086 33.0850791931152 34.0991821289062 32.8798065185547 30.9221382141113 27.0495872497559 26.2039051055908 26.3491744995117 25.8144302368164 25.7648773193359 25.322868347168 26.7290458679199 28.3710556030273 31.5455551147461 34.992057800293 29.1856708526611 29.2341194152832
37.7042350769043 36.9749374389648 36.8157157897949 37.2516784667969 36.8582725524902 36.4271049499512 35.7825088500977 36.6068878173828 37.3698310852051 36.681568145752 36.8322410583496 36.4453659057617 36.3651695251465 36.238525390625 35.7928810119629 35.3898391723633 35.3447151184082 34.8098793029785 34.1594429016113 33.4460983276367 33.4233818054199 33.8538284301758 33.8304595947266 33.9955863952637 33.6722145080566 33.6274299621582 34.6576156616211 33.936092376709 33.7921600341797 34.0468330383301 33.3210411071777 33.5143165588379 32.7781105041504 32.01416015625 32.5860023498535 27.6116065979004 27.1386013031006 26.6898040771484 25.3981590270996 25.3785610198975 25.2416534423828 28.2001304626465 30.9075031280518 32.7667083740234 28.8033275604248 28.1301193237305
38.1894645690918 37.5900764465332 36.9325637817383 37.1570701599121 37.3018112182617 36.7694511413574 36.7359313964844 36.8736572265625 36.9922409057617 36.8177909851074 36.6760482788086 37.0087814331055 36.5375213623047 36.0619087219238 35.2154579162598 35.3931770324707 35.298526763916 34.5578956604004 33.8934555053711 33.330982208252 33.3448066711426 33.9420166015625 33.9550666809082 33.8518142700195 34.5418319702148 34.136417388916 34.2148590087891 33.3210601806641 33.1136436462402 32.6037902832031 31.5954608917236 32.4775695800781 33.1004219055176 32.2649841308594 31.8748264312744 32.1809844970703 27.7199420928955 27.2095603942871 26.715970993042 26.2497386932373 25.4432239532471 27.3918914794922 32.0093536376953 30.8448829650879 29.0472278594971 26.8555507659912
37.1930923461914 37.8049964904785 37.7120704650879 37.9538879394531 37.4046783447266 37.0938873291016 36.2420616149902 36.4491386413574 36.9600219726562 37.0802574157715 37.2943229675293 37.2895774841309 36.3154678344727 35.7313766479492 35.6210746765137 35.6382484436035 35.1316871643066 34.4546775817871 33.9686698913574 33.4465675354004 32.8925170898438 33.5227890014648 33.9089241027832 34.0715789794922 34.2829551696777 34.6226844787598 34.4863739013672 33.6940841674805 33.5150413513184 31.9049510955811 31.0165214538574 30.1610202789307 31.2239208221436 31.971097946167 31.8998889923096 31.4574337005615 28.0376071929932 26.5062217712402 26.5625858306885 26.4540023803711 26.3969745635986 27.7553806304932 32.9314613342285 33.8655242919922 29.3194618225098 32.4892578125
37.8524780273438 37.3109970092773 38.0829429626465 38.169116973877 37.5152206420898 37.2767562866211 36.3204040527344 36.4160118103027 36.8902168273926 36.9778709411621 36.8679885864258 36.6966323852539 35.998706817627 36.4305191040039 36.2211151123047 35.0609283447266 34.7217254638672 34.0302352905273 34.496940612793 33.3127250671387 32.3628883361816 32.8861694335938 33.3066177368164 34.1945457458496 34.3520698547363 34.5843505859375 34.3984260559082 33.5042953491211 33.1022758483887 32.7053756713867 30.732234954834 30.2391395568848 30.904899597168 30.5946197509766 31.0483169555664 31.3962554931641 27.3373737335205 26.5550308227539 26.2401294708252 26.6408290863037 26.7366161346436 27.6053237915039 28.3941974639893 29.2054214477539 29.2799701690674 27.5536918640137
37.1703453063965 37.7211570739746 37.3687858581543 37.5004501342773 37.4058265686035 37.3782501220703 36.9926338195801 36.2776069641113 36.6056976318359 36.9059867858887 36.9783363342285 37.3631248474121 37.5899772644043 36.446460723877 36.0790100097656 34.8938789367676 34.6445770263672 34.5602493286133 34.7358169555664 33.5242233276367 33.4966773986816 33.1000862121582 33.3984527587891 34.1415519714355 34.4905395507812 34.7095947265625 33.892276763916 32.4066047668457 32.8248329162598 32.6626968383789 31.6750831604004 30.7430858612061 30.4440727233887 29.7322082519531 32.1768074035645 30.216760635376 31.089994430542 31.3578681945801 26.3982124328613 26.2470779418945 26.2821559906006 26.4384689331055 26.7951316833496 28.0375423431396 28.5223751068115 27.4826011657715
36.601749420166 37.4020195007324 37.5676803588867 38.0344505310059 37.4014129638672 37.46923828125 37.0131301879883 36.5684471130371 36.763599395752 36.5770149230957 36.9233894348145 37.016788482666 36.0480155944824 35.9209022521973 35.8420486450195 35.5747833251953 35.3753890991211 35.0700263977051 34.5446319580078 34.4042510986328 34.4209594726562 33.6159973144531 33.9562225341797 34.5950126647949 35.1934356689453 35.075813293457 34.0571517944336 33.4817237854004 32.7914924621582 31.706148147583 30.9704551696777 30.6017093658447 30.5725364685059 31.2164058685303 31.6264324188232 29.9453563690186 26.948917388916 30.2396755218506 26.9508190155029 26.0231132507324 25.9921913146973 25.6631698608398 26.1843700408936 27.0671882629395 27.0369052886963 26.8433170318604
36.9888572692871 37.917236328125 37.6593437194824 37.1256446838379 37.8538436889648 37.9981727600098 37.435905456543 36.9011421203613 36.9560890197754 36.8595390319824 37.1358070373535 36.6169700622559 36.379093170166 35.337963104248 35.4391937255859 35.3919944763184 35.2867660522461 35.3607940673828 34.9959831237793 34.9592475891113 33.8689384460449 33.8249473571777 33.6231842041016 34.3832168579102 34.5613670349121 35.3791847229004 33.8434104919434 32.0963325500488 31.4512310028076 31.2425746917725 30.8523235321045 31.2856426239014 31.8852157592773 31.825345993042 31.3548126220703 29.5802326202393 27.0981426239014 26.7838249206543 26.8001155853271 26.0323581695557 26.1096324920654 25.6502571105957 25.5200366973877 26.1987018585205 26.6094627380371 26.870922088623
37.50830078125 36.8887825012207 37.3320693969727 37.4351844787598 37.4884185791016 38.4137573242188 37.7158012390137 37.013744354248 36.7877044677734 36.9621620178223 36.6417465209961 37.1280517578125 36.8095741271973 36.3142204284668 36.0648765563965 35.7723503112793 35.9028053283691 35.6698989868164 35.4653587341309 34.836799621582 34.081714630127 33.6583557128906 34.0677070617676 33.9823837280273 33.7649040222168 34.2601051330566 32.8721466064453 32.1950531005859 31.6879463195801 31.9058837890625 32.1643524169922 32.1299438476562 32.009880065918 31.550163269043 31.4703502655029 30.3900108337402 31.1885318756104 26.2233905792236 26.7803630828857 26.9784965515137 26.787410736084 26.4840488433838 25.6369953155518 26.3352146148682 26.5215740203857 26.53244972229
37.6099052429199 37.5940551757812 37.5152893066406 38.1990203857422 38.0433654785156 38.0988121032715 37.4309730529785 36.7634468078613 37.0498924255371 37.9274635314941 36.9421119689941 37.2703590393066 36.6053199768066 37.0451545715332 36.5651817321777 36.2297592163086 36.6871566772461 36.1433753967285 35.8866424560547 34.6827049255371 34.4867095947266 34.8359413146973 34.8177261352539 35.1817512512207 35.0386962890625 34.5634651184082 34.1914215087891 33.4359321594238 32.6534004211426 32.3410911560059 33.1511497497559 32.8646240234375 32.694278717041 32.2530860900879 30.9515380859375 30.2435169219971 29.1206531524658 30.3786697387695 29.2327537536621 27.544002532959 26.1780986785889 25.9220066070557 25.5294017791748 25.2746124267578 26.8435249328613 27.1036682128906
38.2079887390137 38.3626823425293 37.0316963195801 37.5051155090332 37.0543975830078 37.0375442504883 37.7605400085449 37.184009552002 37.3988952636719 37.2871055603027 37.2162170410156 37.0214157104492 36.6504707336426 36.185733795166 36.5096626281738 36.1060104370117 36.4357452392578 36.1385498046875 35.9434013366699 35.2806549072266 35.4744491577148 35.5147476196289 35.265697479248 35.339111328125 34.6466331481934 33.0949974060059 32.6757698059082 32.6608428955078 32.0051422119141 32.3068084716797 33.1319618225098 32.9049606323242 32.5056838989258 31.7537288665771 31.0828189849854 32.6237716674805 31.1225814819336 27.4341087341309 31.4765644073486 32.7664680480957 32.0383758544922 27.4942188262939 26.6324138641357 26.4761734008789 26.9145851135254 27.661226272583
36.8458557128906 36.9331741333008 37.3416786193848 37.7397193908691 37.4862518310547 37.2620048522949 37.2468223571777 37.9428672790527 36.9343223571777 36.6702079772949 36.6540222167969 36.4362716674805 35.8864707946777 35.7539367675781 35.9949684143066 35.5464210510254 36.2487449645996 36.2345314025879 36.0515022277832 36.1289901733398 35.8346290588379 35.2306365966797 34.5685272216797 34.5904273986816 34.4751358032227 34.3278846740723 34.0244903564453 33.4785957336426 32.9535255432129 33.5815010070801 32.9168930053711 33.2765007019043 33.1250419616699 33.1210021972656 32.7254104614258 31.407262802124 32.0207023620605 31.6267356872559 31.3614921569824 32.703742980957 32.4203338623047 32.4909629821777 27.4419479370117 26.6503219604492 27.0315780639648 27.9096221923828
35.3610572814941 36.7165641784668 37.5072593688965 37.1691017150879 37.8544082641602 37.7897720336914 37.5568771362305 37.127124786377 37.7113647460938 37.2584037780762 35.8387641906738 36.452880859375 35.4140396118164 34.617057800293 35.5471878051758 35.4284706115723 34.8578186035156 35.3918724060059 36.133731842041 35.8496131896973 35.6773147583008 35.4522666931152 35.351863861084 35.3360176086426 35.0348358154297 34.6980018615723 34.8722801208496 34.4099578857422 34.2195777893066 33.9008331298828 33.6740531921387 33.0552787780762 33.056209564209 33.437442779541 33.2643508911133 33.1622467041016 33.5505867004395 31.9479961395264 33.2745971679688 33.7078819274902 32.9685401916504 31.5499000549316 26.73415184021 25.8667182922363 26.4556045532227 27.1526660919189
36.5029182434082 35.4085235595703 36.7014389038086 37.6618347167969 36.627613067627 36.5816307067871 37.7425498962402 37.0201454162598 36.9471473693848 37.2837524414062 36.2578773498535 36.1637954711914 35.0485496520996 34.4455528259277 35.2474746704102 34.2333679199219 34.152099609375 35.0327377319336 35.0384140014648 35.2574844360352 35.718017578125 35.610782623291 35.0657157897949 35.1357078552246 34.5303230285645 33.9905128479004 33.4250602722168 33.7614707946777 34.2685928344727 33.2889099121094 32.9382286071777 32.3520965576172 32.578498840332 33.2660751342773 33.5026168823242 33.2498435974121 33.749195098877 33.8030891418457 33.3337554931641 32.7563896179199 32.9356002807617 31.4511528015137 30.3195610046387 27.2661800384521 26.7002429962158 27.4319667816162
36.8837089538574 36.6888198852539 36.7140159606934 37.8573570251465 37.0900115966797 37.4630851745605 37.9852409362793 37.9996604919434 38.2414627075195 38.0002593994141 37.6878318786621 37.240306854248 35.2937126159668 34.6791954040527 35.0375671386719 34.4903373718262 34.1633377075195 34.0064888000488 33.3127212524414 34.5273628234863 35.2423133850098 35.9617614746094 36.1884956359863 35.5723686218262 34.303279876709 32.8794441223145 32.1926307678223 32.8074913024902 33.6698951721191 33.2704162597656 33.0036277770996 33.7592926025391 33.5983924865723 33.513843536377 34.1805076599121 33.2881851196289 32.8894920349121 32.932445526123 33.4121437072754 33.4019966125488 33.7358894348145 33.3674621582031 32.215763092041 31.7071990966797 28.891242980957 28.5215816497803
37.8913650512695 36.6462707519531 36.2294464111328 36.774486541748 36.856128692627 37.4470901489258 38.2392349243164 37.4358558654785 38.3179130554199 37.9737586975098 36.7634010314941 36.9778175354004 36.0304870605469 33.2949714660645 33.617919921875 32.8813209533691 33.2971496582031 32.6946067810059 33.7651557922363 34.7688789367676 35.832103729248 35.5839881896973 36.0793991088867 35.9697227478027 34.7197685241699 33.5065612792969 32.0976676940918 32.5032005310059 33.9867897033691 33.2050323486328 33.465950012207 34.1339912414551 34.8946571350098 34.8491439819336 34.0732917785645 33.7076072692871 33.2050361633301 33.2654228210449 33.900806427002 33.8383255004883 33.8808860778809 33.7626914978027 33.4466552734375 33.3343391418457 31.6570301055908 28.5702247619629
36.7663345336914 36.7817268371582 37.1455421447754 36.8182525634766 37.4460105895996 37.3168334960938 38.2211875915527 38.1873779296875 37.1387634277344 37.4543876647949 37.8272399902344 37.0836181640625 36.1388053894043 32.9571495056152 33.4252014160156 33.5170478820801 33.0705070495605 33.3860282897949 33.388053894043 34.466480255127 35.5973930358887 35.3286361694336 35.7992095947266 35.863338470459 35.4547843933105 34.4738922119141 33.3796997070312 33.0673751831055 33.7542953491211 34.0111198425293 34.6006050109863 35.0183563232422 34.8755302429199 34.8801383972168 34.9540596008301 33.9586219787598 33.279167175293 33.133373260498 33.0930252075195 33.5546836853027 34.310661315918 33.8904609680176 32.9061660766602 33.1208190917969 32.0294723510742 31.4481925964355
