inst/extdata/Tmax/Tmax78.asc
NCOLS 100 
NROWS 79 
XLLCORNER 148.06 
YLLCORNER -21.49 
CELLSIZE 0.01 
NODATA_value -3.4e+38 
[rows 40 to 59 of 79, columns 0 to 45 of 100]
35.592651367187500 35.337646484375 35.3504829406738 35.3713989257812 35.253002166748 35.3474235534668 35.2907943725586 35.0996246337891 34.660888671875 35.0427589416504 35.6099815368652 35.8866767883301 35.9104270935059 35.9473876953125 35.9972152709961 35.7964019775391 35.5448303222656 35.2064781188965 34.6734161376953 35.1094932556152 35.0905418395996 34.9766998291016 34.9099273681641 34.5403289794922 33.7215385437012 33.1288795471191 32.9461631774902 33.012020111084 33.1085090637207 32.5276222229004 31.938383102417 32.3095588684082 33.434268951416 33.1844329833984 32.9463577270508 33.229248046875 33.1353149414062 32.8409461975098 32.6377830505371 32.23046875 32.1857032775879 31.411584854126 30.8790893554688 30.8672389984131 30.6300601959229 30.4794902801514
35.7357292175293 35.3711013793945 35.2417373657227 35.3293190002441 35.2280616760254 35.2947120666504 35.2881622314453 35.1826782226562 34.947078704834 35.0505104064941 35.3495445251465 35.6543388366699 35.8533744812012 35.9955520629883 36.0259895324707 35.8809204101562 35.6004104614258 35.1246376037598 34.8115577697754 34.9330558776855 34.9436073303223 34.7168922424316 34.8676223754883 34.6060562133789 33.9989356994629 33.5418281555176 32.9812850952148 32.8906631469727 33.0721702575684 32.6728858947754 32.282787322998 32.8378791809082 33.4336395263672 32.7570381164551 32.1020698547363 32.7748603820801 32.800178527832 32.9773292541504 32.9352989196777 32.7216987609863 32.6076736450195 31.9613723754883 30.6956520080566 30.5806980133057 30.6408615112305 30.5983924865723
35.6182594299316 35.5683975219727 35.3565826416016 35.2389602661133 35.2874488830566 35.2997283935547 35.2663879394531 35.2234230041504 35.183910369873 35.1320533752441 35.1687545776367 35.5894660949707 35.8706092834473 35.9919013977051 35.9950256347656 35.9424629211426 35.7300987243652 35.4168434143066 35.2006568908691 35.1469306945801 35.0588417053223 34.460132598877 34.3866691589355 34.576789855957 34.5900993347168 34.1854019165039 33.4015502929688 33.0868911743164 33.0083465576172 32.7986640930176 31.9820423126221 32.9333305358887 32.9738311767578 32.0036773681641 31.2615661621094 32.070240020752 32.0569686889648 32.6267738342285 32.7642402648926 32.4902725219727 32.2764587402344 32.3159255981445 31.7665576934814 31.5649166107178 31.9277248382568 32.8127059936523
35.3029823303223 35.3883628845215 35.3579902648926 35.3458709716797 35.365104675293 35.3503608703613 35.3062438964844 35.2509002685547 35.2928123474121 35.2572135925293 35.2567100524902 35.6144104003906 35.8294486999512 35.9601745605469 35.9698944091797 35.9747657775879 35.8744926452637 35.6587867736816 35.3950691223145 35.419490814209 35.2507972717285 35.0024566650391 34.382698059082 34.0561294555664 34.6466674804688 34.4464683532715 34.0763244628906 33.6265182495117 33.317138671875 33.1513671875 32.4281425476074 32.3381958007812 32.9565048217773 32.4973831176758 31.9132823944092 31.4907646179199 31.556619644165 31.7713012695312 31.9674644470215 31.7490692138672 31.3337440490723 31.9732971191406 31.563793182373 32.3926849365234 34.1071472167969 34.7337188720703
35.0400695800781 35.2098503112793 35.1735076904297 35.166618347168 35.3279457092285 35.4238967895508 35.4365158081055 35.3774642944336 35.424243927002 35.4575614929199 35.6017608642578 35.7113037109375 35.8188819885254 35.9012565612793 35.9471778869629 35.985652923584 35.9506149291992 35.7983589172363 35.6462135314941 35.5920104980469 35.4632606506348 35.3175010681152 35.03515625 34.8331336975098 34.6633720397949 34.240406036377 34.4611129760742 34.3308982849121 34.0325813293457 33.4130554199219 32.859691619873 32.8386611938477 33.1117515563965 33.2481307983398 32.9763984680176 31.9260387420654 30.7204303741455 30.6815948486328 30.7708415985107 31.0659637451172 30.949499130249 31.4392757415771 30.9957866668701 31.7325496673584 33.358585357666 34.7689361572266
35.0618476867676 35.1194763183594 34.9602203369141 34.852481842041 35.0326042175293 35.2264862060547 35.4261207580566 35.5265426635742 35.5791969299316 35.6543426513672 35.7084655761719 35.6247024536133 35.4130706787109 35.7424468994141 35.9392356872559 35.973258972168 35.9665603637695 35.8849296569824 35.7919235229492 35.7223701477051 35.6288681030273 35.515567779541 35.453727722168 34.8937568664551 34.570484161377 34.4912109375 34.5588760375977 34.3865051269531 34.2075233459473 33.7402076721191 32.6215705871582 32.7906036376953 33.0547943115234 33.1013565063477 33.1781921386719 32.3728065490723 31.20263671875 30.9796085357666 31.0024871826172 31.3874835968018 30.8478736877441 31.1677074432373 31.5034332275391 31.7692928314209 32.5316429138184 33.6888618469238
34.9371490478516 34.9108123779297 34.901123046875 34.8266983032227 34.7294578552246 34.7753524780273 35.219066619873 35.3257598876953 35.4288597106934 35.4373512268066 35.6273307800293 35.7083702087402 35.473762512207 35.6978416442871 35.8932914733887 35.9542388916016 35.9551048278809 35.8742218017578 35.8264961242676 35.7783660888672 35.6988258361816 35.6200218200684 35.5166473388672 35.0778617858887 34.3297004699707 34.4174613952637 34.5672378540039 34.3451385498047 34.2884063720703 34.1459007263184 33.4268341064453 33.1243629455566 32.7989845275879 33.0197715759277 33.1302871704102 32.703369140625 31.7488250732422 31.9919166564941 31.510347366333 32.1270637512207 31.6221141815186 31.7572116851807 31.8419933319092 31.9280242919922 31.9127311706543 31.7373809814453
35.3475456237793 34.7587852478027 34.668327331543 34.6131629943848 34.582633972168 34.6902503967285 34.9671783447266 34.9188117980957 35.1392974853516 35.1761436462402 35.2413482666016 35.2885704040527 35.4488143920898 35.694709777832 35.8561782836914 35.952507019043 35.9367752075195 35.8082733154297 35.6346740722656 35.535701751709 35.643684387207 35.4614219665527 35.4655113220215 35.394172668457 34.9723091125488 34.8725433349609 34.8797187805176 34.6794471740723 34.5171318054199 34.3071250915527 33.6857948303223 33.3480033874512 32.7076873779297 33.0463485717773 33.0743789672852 32.859317779541 32.4626083374023 32.6521034240723 32.4079513549805 32.6123390197754 32.3711624145508 32.184700012207 32.0370674133301 31.8953342437744 31.5844268798828 31.3683567047119
35.9748039245605 35.2474479675293 34.5390205383301 34.3965873718262 34.5096054077148 34.6729545593262 34.6018333435059 34.5942039489746 34.8950958251953 35.1572647094727 35.2149772644043 35.1874542236328 35.3881568908691 35.656665802002 35.8649864196777 35.9158935546875 35.9172782897949 35.8323020935059 35.6677169799805 35.4533348083496 35.5054512023926 35.4399070739746 35.3559608459473 35.4607925415039 35.3499641418457 35.2409172058105 34.9782638549805 34.7778434753418 34.6856231689453 34.4122619628906 34.0514945983887 33.6249465942383 32.8476867675781 32.9746055603027 32.9381866455078 32.9809188842773 32.8797416687012 32.8450126647949 32.7332954406738 32.5613746643066 31.8467063903809 31.693151473999 31.8488636016846 31.6120719909668 31.4842262268066 31.1680469512939
36.2121047973633 35.7530288696289 34.9667816162109 34.4336204528809 34.4150428771973 34.3997497558594 34.4151763916016 34.7239532470703 34.9327774047852 34.8307456970215 35.3846397399902 35.5806045532227 35.6691398620605 35.7507171630859 35.8294296264648 35.895191192627 35.8953056335449 35.8262481689453 35.7214164733887 35.5814552307129 35.4745101928711 35.3944549560547 35.2151908874512 35.2389106750488 35.376148223877 35.3487167358398 35.1415977478027 34.6355972290039 34.1797828674316 34.4055480957031 34.1255836486816 33.8358688354492 33.1086196899414 32.833869934082 32.637336730957 32.8953628540039 32.9499855041504 32.8510589599609 32.8025856018066 32.5176963806152 31.8961620330811 31.5389995574951 31.6791172027588 31.343282699585 31.2562561035156 31.1664276123047
36.2028427124023 36.0443801879883 35.6145820617676 35.0376167297363 34.5412559509277 34.2583045959473 34.3949165344238 34.6787948608398 34.7122001647949 34.9799003601074 35.4962615966797 35.694091796875 35.7988357543945 35.8817520141602 35.8888397216797 35.9005165100098 35.7877883911133 35.7758026123047 35.7694816589355 35.6856269836426 35.5719337463379 35.410099029541 35.2198867797852 35.1334419250488 35.2179527282715 35.2414245605469 35.2698287963867 35.0397529602051 34.7742385864258 34.6302947998047 34.1309967041016 33.9695434570312 33.214714050293 32.8409385681152 32.2843704223633 32.6922760009766 32.7916488647461 32.7732467651367 32.8059272766113 32.6316566467285 32.1618919372559 32.0065383911133 31.8969497680664 31.6975383758545 31.4006671905518 31.234561920166
36.1698417663574 36.1388168334961 35.8896522521973 35.2753715515137 34.7344818115234 34.46923828125 34.4203681945801 34.4905624389648 34.2595977783203 34.3939628601074 35.1642837524414 35.5156059265137 35.6678848266602 35.8431510925293 35.9100723266602 35.8646545410156 35.7855033874512 35.7618827819824 35.7183074951172 35.6955642700195 35.5964088439941 35.4831390380859 35.3761215209961 35.1786918640137 35.0607986450195 34.9927711486816 34.9510116577148 35.0306167602539 34.8167877197266 34.9223289489746 34.9503173828125 34.1943778991699 33.653694152832 33.244930267334 32.7960624694824 32.8998336791992 32.8450126647949 32.6790046691895 32.7909126281738 32.6919555664062 32.2446975708008 32.0954513549805 31.9720191955566 31.798038482666 31.3528709411621 31.1742706298828
36.0121726989746 36.0813598632812 35.9338760375977 35.0426902770996 34.3076133728027 34.2769317626953 34.3616905212402 34.2310752868652 33.9925727844238 34.1086082458496 35.1051483154297 35.5185241699219 35.7057952880859 35.8632278442383 35.8623199462891 35.8070030212402 35.7888259887695 35.7127532958984 35.6631660461426 35.6460914611816 35.6421775817871 35.5733413696289 35.4160957336426 35.2217063903809 35.0103187561035 34.8546180725098 34.823127746582 34.7579536437988 34.7389373779297 34.632942199707 34.8113403320312 34.682243347168 34.1422462463379 33.5864601135254 33.1868133544922 33.4699363708496 33.4054412841797 32.9741287231445 32.7889442443848 32.8355445861816 32.6796836853027 32.444263458252 32.146656036377 31.9172821044922 31.6071872711182 31.254451751709
35.8195991516113 35.8817863464355 35.9655647277832 35.5673828125 34.6503524780273 34.3308868408203 34.6419677734375 34.1810836791992 34.0327072143555 34.1019096374512 35.0622482299805 35.5951156616211 35.7785530090332 35.8517189025879 35.7772102355957 35.6809120178223 35.6685791015625 35.6687850952148 35.6274337768555 35.5202331542969 35.5514640808105 35.590030670166 35.4492454528809 35.299560546875 35.1119079589844 34.9547805786133 34.6357917785645 34.4430046081543 34.11962890625 34.4117736816406 34.2518043518066 34.7537155151367 34.8030548095703 34.4594879150391 33.9735298156738 34.0060043334961 33.6450462341309 33.3223609924316 33.0387420654297 33.3587455749512 32.9748916625977 32.7280769348145 32.5654144287109 32.4300422668457 32.1741752624512 32.0301208496094
35.7049674987793 35.6756324768066 35.8265495300293 35.8317337036133 35.4257659912109 35.2041053771973 35.140941619873 34.81396484375 34.6221466064453 34.6248321533203 34.7887573242188 35.136833190918 35.7077178955078 35.8155212402344 35.696704864502 35.6086311340332 35.5938491821289 35.6160736083984 35.5699081420898 35.5002021789551 35.5071678161621 35.5786552429199 35.522216796875 35.3504104614258 35.2402305603027 35.063304901123 34.7658576965332 34.5498924255371 34.1723861694336 34.3607788085938 33.7950744628906 34.1488723754883 34.3498039245605 34.3752288818359 34.4999046325684 34.3815956115723 34.0773773193359 33.9369812011719 33.4929733276367 33.0380630493164 32.9605751037598 32.9924621582031 32.7592353820801 32.5751991271973 32.5562782287598 32.4160232543945
35.7838821411133 35.7750053405762 35.8047294616699 35.8264694213867 35.7143249511719 35.1674308776855 35.1628494262695 35.2121429443359 35.0101699829102 34.9643325805664 35.1794357299805 35.4843330383301 35.7584838867188 35.8094444274902 35.7111167907715 35.5394554138184 35.5803871154785 35.5546684265137 35.370433807373 35.3421020507812 35.4467735290527 35.4950294494629 35.5272407531738 35.4289894104004 35.3108749389648 35.1652641296387 34.9834976196289 34.7333068847656 34.5742530822754 34.4231262207031 34.0414810180664 33.7084846496582 33.8123321533203 33.7672386169434 34.1662406921387 33.8751792907715 34.138011932373 33.9062271118164 33.5546455383301 33.1655578613281 32.951114654541 32.755443572998 32.317310333252 31.7970771789551 32.2818069458008 32.4309234619141
35.8808135986328 35.8564109802246 35.8151206970215 35.7957572937012 35.654956817627 34.9484176635742 34.7517127990723 35.1280975341797 35.021785736084 34.7325134277344 34.9805717468262 35.5490531921387 35.7696952819824 35.784984588623 35.6989974975586 35.5264892578125 35.5129585266113 35.3148727416992 35.0836982727051 35.195442199707 35.440990447998 35.4304962158203 35.4866943359375 35.4657287597656 35.3093452453613 35.2474555969238 35.0794715881348 34.8065605163574 34.7174224853516 34.5083618164062 34.1402168273926 33.5379257202148 33.2652244567871 33.3758277893066 33.7576332092285 33.8746490478516 33.5235786437988 33.2108917236328 33.3667793273926 33.2974815368652 32.9868125915527 32.7763595581055 32.295295715332 31.5778522491455 31.9534320831299 32.2595176696777
35.929744720459 35.8909339904785 35.8336448669434 35.7978935241699 35.7555618286133 35.4482192993164 35.0378227233887 34.8157653808594 34.8130950927734 34.6170654296875 35.0303230285645 35.5613632202148 35.7524185180664 35.7506065368652 35.6656913757324 35.4964714050293 35.3480987548828 35.1535987854004 35.0449523925781 35.2664566040039 35.3644104003906 35.4031028747559 35.3597297668457 35.4325180053711 35.3782577514648 35.2947692871094 35.1393241882324 34.8718643188477 34.7578582763672 34.5703582763672 34.2014465332031 34.0070419311523 33.6008567810059 33.4249458312988 33.3646926879883 33.4798545837402 33.6974105834961 33.5519638061523 33.22265625 33.0354118347168 32.8481674194336 32.6692771911621 32.4323348999023 32.1468353271484 31.5823936462402 31.8219661712646
35.9549446105957 35.9029769897461 35.8445510864258 35.8261833190918 35.7541313171387 35.560619354248 35.29931640625 34.7840881347656 34.6811408996582 34.8367538452148 35.2328872680664 35.5824432373047 35.7066078186035 35.6899719238281 35.5673179626465 35.414234161377 35.1540794372559 35.0658111572266 35.1508636474609 35.1658897399902 35.2799110412598 35.2146644592285 35.0494422912598 35.2530937194824 35.4118118286133 35.2992935180664 35.1002502441406 34.9487762451172 34.8225364685059 34.722469329834 34.5374908447266 34.3211364746094 34.0352592468262 33.9744644165039 33.6810111999512 33.3761787414551 33.4443206787109 33.4961624145508 33.283504486084 33.1405410766602 33.0070915222168 32.7973136901855 32.2514839172363 31.9090728759766 32.0075073242188 32.0118217468262
35.9632034301758 35.9646835327148 35.9007453918457 35.8611221313477 35.7555465698242 35.6522483825684 35.5463676452637 35.2254409790039 34.8109283447266 34.8866119384766 35.0204467773438 35.2670021057129 35.5044364929199 35.5351753234863 35.4739227294922 35.3441925048828 35.1622772216797 35.0326652526855 34.9275817871094 34.9554023742676 35.1465797424316 35.1365509033203 34.9189491271973 35.2468948364258 35.440990447998 35.338794708252 35.1944923400879 35.0416831970215 34.9710845947266 34.8642349243164 34.751033782959 34.5385894775391 34.2279243469238 34.431095123291 34.3055229187012 33.9424057006836 33.5114517211914 33.4022750854492 33.513126373291 33.9182739257812 33.1875839233398 32.9385375976562 32.5711555480957 31.9725189208984 31.9003124237061 31.7842903137207
