inst/extdata/Tmax/Tmax125.asc
NCOLS 100 
NROWS 79 
XLLCORNER 148.06 
YLLCORNER -21.49 
CELLSIZE 0.01 
NODATA_value -3.4e+38 
[rows 40 to 59 of 79, columns 46 to 91 of 100]
35.3914642333984 36.245059967041 36.610237121582 37.3721466064453 38.7426261901855 39.5450439453125 39.1434440612793 37.5210266113281 37.1927604675293 37.7630653381348 38.1833610534668 39.6342430114746 39.2970314025879 39.4740524291992 38.7551383972168 39.6216011047363 39.7862358093262 39.5213394165039 39.6069564819336 39.6923828125 39.6914863586426 38.8507995605469 39.2006225585938 39.4844856262207 39.5600090026855 39.6008033752441 39.5066986083984 39.1603317260742 39.3215751647949 39.4908599853516 39.4430885314941 39.3028564453125 39.0082550048828 37.8720359802246 38.116527557373 38.7205467224121 38.6320838928223 38.5414085388184 38.7500305175781 38.2482299804688 37.5749130249023 37.9999923706055 38.2773399353027 38.0862350463867 38.3157234191895 38.3381462097168
36.557502746582 37.5699234008789 37.4882164001465 37.4407539367676 38.766674041748 39.776798248291 38.820442199707 38.4743118286133 38.960750579834 39.0169906616211 39.2993850708008 39.8984375 39.788818359375 39.7974624633789 39.6588821411133 39.9274368286133 39.956958770752 39.8914909362793 39.8466300964355 39.8590927124023 39.8288841247559 39.3630676269531 38.7298126220703 39.0458145141602 38.9695701599121 39.3970413208008 39.6622161865234 39.237247467041 39.2200393676758 39.5581245422363 39.571662902832 39.4930267333984 39.3378028869629 38.7904853820801 38.9983139038086 39.0204887390137 38.8239250183105 38.8101921081543 38.8933029174805 38.994743347168 38.1230697631836 38.3180694580078 38.8540458679199 38.6703796386719 38.778636932373 38.7068481445312
38.6335258483887 38.7727088928223 38.913272857666 39.302360534668 39.5644493103027 39.9418678283691 39.578914642334 39.1213340759277 39.5351409912109 39.8731346130371 39.7850646972656 40.0605049133301 40.084300994873 40.0070152282715 39.9756774902344 40.0390663146973 40.0422058105469 40.0143623352051 39.9790878295898 39.9622611999512 39.8691635131836 39.0397300720215 38.8549003601074 39.2931671142578 38.8247375488281 39.2129783630371 39.5955009460449 39.5010681152344 39.4425735473633 39.6558990478516 39.6578178405762 39.6437911987305 39.5992240905762 39.489387512207 39.3922424316406 39.0866355895996 38.2639274597168 38.7859115600586 39.2471351623535 39.2307167053223 39.0988845825195 39.035514831543 39.1270637512207 39.1446647644043 39.166633605957 39.0975723266602
39.6677627563477 39.6710739135742 39.765941619873 39.8721237182617 40.0525360107422 40.1071281433105 40.0249290466309 39.808422088623 39.9552383422852 40.1424903869629 40.1290435791016 40.166088104248 40.139705657959 40.0993690490723 40.1094284057617 40.0720977783203 40.007152557373 39.9781455993652 39.9983367919922 40.0159568786621 39.9616966247559 39.7464370727539 39.5161437988281 39.6609573364258 39.5342445373535 39.1284332275391 39.3743324279785 39.602710723877 39.7274208068848 39.7363739013672 39.7143859863281 39.6975898742676 39.6611213684082 39.613655090332 39.5965728759766 39.4505233764648 39.0173416137695 39.2798881530762 39.4252243041992 39.3981590270996 39.3488807678223 39.3333549499512 39.3072547912598 39.307559967041 39.298168182373 39.2483329772949
39.5126495361328 39.723934173584 39.9274864196777 39.9196929931641 39.9509162902832 40.0444221496582 40.0827140808105 40.1364517211914 40.1533622741699 40.0949897766113 39.8957061767578 39.9847564697266 39.9090805053711 39.6691970825195 39.8234176635742 39.928466796875 39.8202056884766 39.9096565246582 39.9829177856445 40.0155143737793 40.0110740661621 39.8892555236816 39.6047325134277 39.3684577941895 39.5576782226562 39.6943626403809 39.7263870239258 39.7532424926758 39.7490119934082 39.7661781311035 39.7315635681152 39.7113723754883 39.6618347167969 39.6143646240234 39.6260528564453 39.556209564209 39.5248985290527 39.5073280334473 39.4438934326172 39.4307136535645 39.3894691467285 39.3638534545898 39.352222442627 39.326057434082 39.2289352416992 39.2308120727539
37.9691467285156 38.6345481872559 38.9836730957031 39.1536026000977 39.4504737854004 39.7055358886719 39.6452751159668 39.8145866394043 39.8043518066406 39.6495018005371 38.970287322998 38.9672622680664 39.016357421875 37.75439453125 38.5414161682129 39.1925201416016 39.6765441894531 39.9625282287598 40.0309448242188 40.0408401489258 40.029670715332 39.8658638000488 39.4717254638672 39.1349868774414 39.3661766052246 39.5841979980469 39.687858581543 39.665340423584 39.7110366821289 39.7615814208984 39.7433662414551 39.7288017272949 39.6984367370605 39.6771812438965 39.6350784301758 39.5306701660156 39.5076179504395 39.4871025085449 39.4476585388184 39.426441192627 39.3800010681152 39.3578720092773 39.3343544006348 39.2748870849609 39.2541618347168 39.2525672912598
35.8369331359863 36.9685935974121 36.8748664855957 36.838695526123 37.9900093078613 38.4275207519531 38.5176124572754 38.7271690368652 39.0962600708008 38.5599937438965 37.9690093994141 37.4625930786133 38.0155830383301 37.89306640625 38.253231048584 39.237174987793 39.8427238464355 40.0002632141113 40.0185775756836 39.9896392822266 40.013355255127 40.016471862793 39.6358222961426 39.3159942626953 39.2060279846191 39.4328880310059 39.607307434082 39.6959838867188 39.7733993530273 39.7770805358887 39.7728233337402 39.767017364502 39.7454528808594 39.7048377990723 39.6203842163086 39.5475883483887 39.5291633605957 39.5112266540527 39.4841842651367 39.4568862915039 39.4095420837402 39.3910369873047 39.3733520507812 39.3295669555664 39.3079948425293 39.1889190673828
35.9432106018066 35.8742866516113 35.6915664672852 35.7555084228516 35.6948699951172 36.3818969726562 37.4813957214355 38.0399513244629 38.1827201843262 38.0614204406738 38.4925994873047 38.3360404968262 38.1857948303223 38.6578330993652 38.8938865661621 39.6710586547852 39.8884582519531 39.9018287658691 39.8350105285645 39.9312705993652 40.018238067627 40.0528259277344 39.9161567687988 39.6329727172852 39.2522773742676 39.4755401611328 39.6359748840332 39.7674102783203 39.8166999816895 39.8359413146973 39.8232269287109 39.7947769165039 39.7240791320801 39.6448631286621 39.5770111083984 39.5346221923828 39.5316276550293 39.530933380127 39.5083694458008 39.4817047119141 39.4465484619141 39.4337921142578 39.4129257202148 39.3790168762207 39.1891555786133 38.9775733947754
35.58154296875 35.6701011657715 35.872257232666 35.6052856445312 35.5139389038086 35.594310760498 36.3751182556152 37.8124923706055 38.2616844177246 38.3987731933594 38.2372550964355 38.3806266784668 38.6108818054199 38.8369064331055 38.8789901733398 39.3485488891602 39.679069519043 39.667652130127 39.650577545166 39.9066886901855 39.9829177856445 39.988655090332 40.051513671875 39.9672012329102 39.8544921875 39.8075523376465 39.8720016479492 39.9184150695801 39.9115333557129 39.9003677368164 39.8543128967285 39.7833366394043 39.6963043212891 39.5685424804688 39.5192260742188 39.5494384765625 39.5446510314941 39.5471992492676 39.5482482910156 39.5218391418457 39.5004768371582 39.4851531982422 39.4573745727539 39.4306640625 39.2811813354492 39.1424522399902
35.6465454101562 35.8036193847656 35.8222312927246 35.5138816833496 35.963321685791 36.7105979919434 36.800365447998 37.8879089355469 38.2854118347168 38.4457092285156 38.2647933959961 38.6516304016113 38.8683738708496 38.8594245910645 38.9336204528809 38.8248672485352 38.9048805236816 39.1073226928711 39.4331703186035 39.7388229370117 39.8083572387695 39.8134994506836 40.0150299072266 40.0456314086914 40.0484924316406 40.0111389160156 39.9761619567871 39.8149795532227 39.8569412231445 39.9035224914551 39.8478469848633 39.7359848022461 39.6848640441895 39.5010108947754 39.4304695129395 39.5694160461426 39.5577239990234 39.530086517334 39.5695953369141 39.5626640319824 39.5257034301758 39.5170516967773 39.4908065795898 39.4542579650879 39.3787002563477 39.2959365844727
35.6754341125488 35.5602569580078 35.7596817016602 35.4875450134277 36.0847282409668 37.0668601989746 37.3704147338867 37.8708038330078 38.4649963378906 38.8302383422852 38.8234252929688 38.9094047546387 38.9638137817383 38.983039855957 38.963752746582 38.8993835449219 38.9514579772949 38.6956634521484 38.3642311096191 39.3983001708984 39.2789306640625 39.6636199951172 39.9475555419922 39.989875793457 40.0232009887695 39.9908752441406 39.9150772094727 39.7096862792969 39.8280906677246 39.9058418273926 39.7396583557129 39.581356048584 39.5827751159668 39.5526885986328 39.5686683654785 39.6209716796875 39.614990234375 39.5898780822754 39.5759620666504 39.5937690734863 39.5715179443359 39.5444946289062 39.5118026733398 39.4713020324707 39.424259185791 39.3249740600586
35.2636260986328 35.2344818115234 35.5890846252441 34.9936141967773 35.1311492919922 36.9607925415039 37.6345634460449 38.1739082336426 38.4523277282715 38.6791610717773 38.709831237793 38.7000350952148 38.5190544128418 38.5051383972168 38.7194023132324 38.8261566162109 39.1260452270508 39.0503463745117 38.8723487854004 38.9027328491211 38.7402877807617 39.4523620605469 39.8075485229492 39.952278137207 39.9485702514648 39.9437789916992 39.6223526000977 39.282398223877 39.8075485229492 39.912296295166 39.6463203430176 39.3686485290527 39.5799942016602 39.6114807128906 39.6258506774902 39.5791168212891 39.5643463134766 39.5554008483887 39.5624694824219 39.5409927368164 39.5319595336914 39.5498008728027 39.5274238586426 39.4894943237305 39.44580078125 39.364387512207
34.9122009277344 34.7705039978027 35.2102813720703 35.0904922485352 35.1685943603516 36.0922164916992 37.021183013916 37.5964584350586 38.0069999694824 38.3075714111328 38.2429275512695 38.1694374084473 38.2112274169922 38.4382095336914 39.0866622924805 39.1679763793945 39.3282928466797 39.2316513061523 39.1483421325684 38.9856300354004 38.7445602416992 39.3461837768555 39.7397079467773 39.9015655517578 39.836799621582 39.9007453918457 39.5474319458008 38.6971282958984 39.5890579223633 39.8967704772949 39.6350440979004 39.4140739440918 39.5811080932617 39.5167503356934 39.4441871643066 39.4504737854004 39.4828224182129 39.4144821166992 39.3335571289062 39.3084259033203 39.3910598754883 39.4610443115234 39.5273551940918 39.5003814697266 39.4598731994629 39.3988494873047
35.9612503051758 34.9828262329102 35.0818328857422 35.4560890197754 35.8066864013672 36.7823219299316 36.840389251709 37.5344581604004 38.2206077575684 38.4948959350586 38.7730484008789 38.8481063842773 38.9646606445312 39.1655006408691 39.3305320739746 39.3560523986816 39.3028411865234 39.362979888916 39.323543548584 39.1008911132812 38.8981590270996 38.9183654785156 39.3937530517578 39.5918006896973 39.5151138305664 39.8793296813965 39.7751922607422 39.1875801086426 39.6638145446777 39.8902320861816 39.6680870056152 39.4951019287109 39.4081115722656 39.0965385437012 39.2560577392578 39.1825256347656 39.1796875 38.7919273376465 38.8738594055176 37.9344902038574 39.1506156921387 39.3691101074219 39.5179862976074 39.5141372680664 39.478874206543 39.4187774658203
36.6135635375977 35.6677474975586 35.1623992919922 35.9169235229492 36.5186767578125 37.1735954284668 37.236328125 37.6504974365234 38.3047332763672 38.6533279418945 38.6739730834961 38.6748352050781 39.0376930236816 39.1894416809082 39.2830810546875 39.2545967102051 39.4377174377441 39.5510482788086 39.5151748657227 39.2783889770508 39.1040306091309 39.0245819091797 39.1380577087402 39.1403770446777 39.1077575683594 39.7113494873047 39.8615608215332 39.5881156921387 39.3095245361328 39.7804908752441 39.3467216491699 38.6049880981445 39.1583557128906 39.2941398620605 39.5451278686523 39.5313377380371 39.4834671020508 39.4424781799316 39.2303810119629 38.3217086791992 39.044605255127 39.329517364502 39.4740219116211 39.5046234130859 39.4885063171387 39.4318618774414
36.6509857177734 35.829174041748 35.2865905761719 36.5032119750977 37.3974876403809 37.7698287963867 38.4136695861816 38.6050453186035 38.7739372253418 38.8570404052734 38.6764373779297 38.6280136108398 39.1279296875 39.2045249938965 39.207405090332 39.26123046875 39.3596687316895 39.3419952392578 39.8141059875488 39.583869934082 39.3076477050781 39.1653289794922 39.1356163024902 38.9803886413574 38.9820709228516 39.538745880127 39.8435935974121 39.7485160827637 39.6048316955566 39.8723945617676 39.2238540649414 38.2105293273926 38.6635246276855 39.2776107788086 39.2992744445801 38.9279937744141 38.9709854125977 39.4441452026367 39.539794921875 39.4925880432129 39.5054206848145 39.4856986999512 39.4862289428711 39.4736404418945 39.4841766357422 39.447380065918
36.5255317687988 35.5992088317871 35.1422996520996 36.2933082580566 37.4732933044434 37.7764205932617 37.2529907226562 38.429988861084 38.3733978271484 37.8812599182129 38.6894569396973 38.8669815063477 38.881721496582 38.9322357177734 38.9428825378418 39.1293296813965 39.2443008422852 39.3430519104004 39.7852821350098 39.8852653503418 39.6822929382324 39.3918266296387 39.2274055480957 39.1472434997559 38.9189949035645 39.3343925476074 39.7425079345703 39.7446441650391 39.9031524658203 39.9476280212402 39.4530792236328 37.8260879516602 38.4274864196777 37.9589080810547 38.2742080688477 37.5990600585938 38.4724044799805 39.4168281555176 39.510368347168 39.554744720459 39.5474662780762 39.4584846496582 39.3480339050293 39.4339599609375 39.4455032348633 39.4245986938477
36.498779296875 35.7813110351562 35.8328590393066 36.310619354248 37.1596832275391 37.5263366699219 37.899097442627 38.0958595275879 36.9367713928223 36.8470764160156 38.1911010742188 37.3144340515137 37.6271705627441 38.0022392272949 38.6172828674316 39.0446128845215 39.1815872192383 39.3770217895508 39.6869812011719 39.7962913513184 39.824405670166 39.5944023132324 39.2861175537109 39.3409271240234 39.2170600891113 39.4148712158203 39.4020385742188 39.2381553649902 39.7248115539551 39.8810653686523 39.6441192626953 38.9846534729004 37.6283226013184 35.8811721801758 36.0209617614746 37.4945983886719 38.8332328796387 39.3835029602051 39.4726638793945 39.4076385498047 39.386905670166 39.1663475036621 39.0419731140137 39.3678359985352 39.1200752258301 39.1513748168945
36.4703216552734 36.1215705871582 35.9210357666016 36.2053833007812 36.7671165466309 37.4818916320801 37.6198539733887 37.2356414794922 36.797966003418 37.5491600036621 37.9592628479004 37.0702629089355 37.348461151123 37.7126312255859 38.5205535888672 38.8916854858398 39.1644973754883 39.5642127990723 39.9333229064941 39.7646179199219 39.6220703125 39.8824195861816 39.6382484436035 39.4578094482422 39.299976348877 39.2785034179688 39.3423309326172 39.2409782409668 39.5309295654297 39.8247489929199 39.8316879272461 39.3451614379883 38.6704063415527 37.1025238037109 36.5664367675781 37.5506896972656 38.8303375244141 39.3308639526367 39.3729400634766 38.9340057373047 39.1507568359375 39.301383972168 39.0980834960938 39.1426239013672 38.8324508666992 39.0418548583984
36.142894744873 35.9341125488281 35.4756698608398 35.7887229919434 36.5020751953125 36.6375999450684 37.017204284668 37.3038940429688 37.5518379211426 37.6323547363281 37.9153366088867 38.0894813537598 38.6433525085449 38.7202453613281 38.850658416748 38.4045715332031 39.2935523986816 39.6300621032715 39.8120002746582 39.543140411377 39.6278610229492 39.7965316772461 39.8762550354004 39.810359954834 39.535717010498 39.4537048339844 39.1137847900391 39.2513313293457 39.6033515930176 39.6682319641113 39.7770538330078 39.7923240661621 39.2706832885742 38.6399116516113 37.7807273864746 37.4887466430664 38.5528182983398 39.2518005371094 38.7860260009766 38.2810440063477 39.1014671325684 39.317928314209 39.0486183166504 38.3222122192383 38.6338653564453 39.0840148925781
