inst/extdata/Tmax/Tmax72.asc
NCOLS 100 
NROWS 79 
XLLCORNER 148.06 
YLLCORNER -21.49 
CELLSIZE 0.01 
NODATA_value -3.4e+38 
[rows 40 to 59 of 79, columns 46 to 91 of 100]
33.652458190918 34.5060539245605 34.8712310791016 35.6331405639648 37.0036201477051 37.8193511962891 37.4063682556152 35.7839508056641 35.4556846618652 36.0259895324707 36.4482192993164 37.8991012573242 37.5618896484375 37.7389106750488 37.0199966430664 37.8883934020996 38.0530281066895 37.7881317138672 37.8737487792969 37.9591751098633 37.9715957641602 37.1195259094238 37.4693489074707 37.7532119750977 37.8287353515625 37.8714599609375 37.7773551940918 37.4309883117676 37.5922317504883 37.7615165710449 37.7270622253418 37.5754508972168 37.2808494567871 36.1446304321289 36.3891220092773 36.9950714111328 36.906608581543 36.8159332275391 37.0245552062988 36.5227546691895 35.8513717651367 36.2764511108398 36.5537986755371 36.3626937866211 36.5921821594238 36.6279182434082
34.8184967041016 35.8309173583984 35.749210357666 35.7017478942871 37.0276679992676 38.0511054992676 37.083366394043 36.7372360229492 37.2236747741699 37.279914855957 37.5642433166504 38.1632957458496 38.0536766052246 38.0623207092285 37.9237403869629 38.1942291259766 38.2237510681152 38.1582832336426 38.1134223937988 38.1258850097656 38.1089935302734 37.6317939758301 36.9985389709473 37.3145408630371 37.2382965087891 37.6676979064941 37.9328727722168 37.5079040527344 37.4906959533691 37.8287811279297 37.8556365966797 37.7656211853027 37.6103973388672 37.0630798339844 37.2709083557129 37.2950134277344 37.0984497070312 37.084716796875 37.1678276062012 37.2692680358887 36.399528503418 36.5945281982422 37.1305046081543 36.9468383789062 37.0550956726074 36.9966201782227
36.8973426818848 37.0365257263184 37.1770896911621 37.5661773681641 37.8282661437988 38.2189979553223 37.8445854187012 37.3870048522949 37.8008117675781 38.1388053894043 38.0525970458984 38.3280372619629 38.3518333435059 38.2745475769043 38.2432098388672 38.3084564208984 38.311595916748 38.2837524414062 38.248477935791 38.2316513061523 38.1518707275391 37.310977935791 37.126148223877 37.5644149780273 37.0959854125977 37.486083984375 37.8686065673828 37.7741737365723 37.7156791687012 37.9290046691895 37.9442405700684 37.9187545776367 37.8741912841797 37.7643508911133 37.6672058105469 37.3634567260742 36.5407485961914 37.0627326965332 37.5239562988281 37.5075378417969 37.3775672912598 37.3141975402832 37.4057464599609 37.4233474731445 37.4453163146973 37.3895683288574
37.9246940612793 37.9280052185059 38.0228729248047 38.1290550231934 38.3094673156738 38.3774147033691 38.2837562561035 38.0672492980957 38.2140655517578 38.4013175964355 38.3897705078125 38.426815032959 38.4004325866699 38.3600959777832 38.3701553344727 38.3347244262695 38.2697792053223 38.2407722473145 38.2609634399414 38.2785835266113 38.237678527832 38.0109596252441 37.7806663513184 37.925479888916 37.7987670898438 37.3948554992676 37.640754699707 37.8691329956055 37.9938430786133 38.0027961730957 37.9941635131836 37.9659118652344 37.929443359375 37.8819732666016 37.8648910522461 37.7207412719727 37.2875595092773 37.550106048584 37.695442199707 37.6683769226074 37.6209983825684 37.6054725646973 37.5793724060059 37.5796775817871 37.5702857971191 37.533805847168
37.7695808410645 37.9808654785156 38.1844177246094 38.1766242980957 38.2078475952148 38.3147087097168 38.3415412902832 38.3952789306641 38.4121894836426 38.353816986084 38.1564331054688 38.2454833984375 38.169807434082 37.9299240112305 38.0841445922852 38.1910934448242 38.0828323364258 38.1722831726074 38.2455444335938 38.2781410217285 38.2870559692383 38.1537780761719 37.869255065918 37.6329803466797 37.8222007751465 37.9607849121094 37.9928092956543 38.0196647644043 38.0154342651367 38.032600402832 38.0113410949707 37.9796905517578 37.9301528930664 37.882682800293 37.8943710327148 37.8264274597168 37.7951164245605 37.7775459289551 37.714111328125 37.7009315490723 37.6615867614746 37.6359710693359 37.624340057373 37.5981750488281 37.5010528564453 37.516284942627
36.2260780334473 36.8914794921875 37.2406044006348 37.4105339050293 37.707405090332 37.9758224487305 37.9041023254395 38.073413848877 38.0631790161133 37.9083290100098 37.231014251709 37.2279891967773 37.2770843505859 36.0151214599609 36.8021430969238 37.4551467895508 37.9391708374023 38.225154876709 38.293571472168 38.303466796875 38.3056526184082 38.1303863525391 37.7362480163574 37.3995094299316 37.6306991577148 37.8506202697754 37.9542808532715 37.9317626953125 37.9774589538574 38.028003692627 38.0231437683105 37.9971237182617 37.9667587280273 37.9455032348633 37.9033966064453 37.8008880615234 37.7778358459473 37.7573204040527 37.7178764343262 37.6966590881348 37.6521186828613 37.6299896240234 37.6064720153809 37.547004699707 37.5262794494629 37.5380401611328
34.093864440918 35.2255249023438 35.1317977905273 35.0956268310547 36.246940612793 36.6978073120117 36.776439666748 36.9859962463379 37.3550872802734 36.8188209533691 36.229736328125 35.7233200073242 36.276309967041 36.1537933349609 36.5139579772949 37.4998016357422 38.1053504943848 38.2628898620605 38.2812042236328 38.2522659301758 38.2893371582031 38.2809944152832 37.9003448486328 37.5805168151855 37.4705505371094 37.6993103027344 37.8737297058105 37.9624061584473 38.0398216247559 38.0435028076172 38.0526008605957 38.0353393554688 38.0137710571289 37.9731597900391 37.8887023925781 37.8178062438965 37.7993812561035 37.7814445495605 37.7544021606445 37.7271041870117 37.6816596984863 37.6631546020508 37.6454696655273 37.6016845703125 37.5801124572754 37.4743919372559
34.2029647827148 34.1340408325195 33.9513206481934 34.0152626037598 33.9546241760254 34.6550064086914 35.7429733276367 36.3015289306641 36.4442977905273 36.322998046875 36.7560005187988 36.5994415283203 36.4491958618164 36.9212341308594 37.1572875976562 37.9362831115723 38.1536827087402 38.1670532226562 38.1002349853516 38.1964950561523 38.296817779541 38.3198699951172 38.1832008361816 37.900016784668 37.5193214416504 37.7444076538086 37.904842376709 38.0362777709961 38.0855674743652 38.104808807373 38.1054496765137 38.0654678344727 37.9947700500488 37.9155540466309 37.8477020263672 37.8071365356445 37.804141998291 37.8034477233887 37.7808837890625 37.7542190551758 37.7208862304688 37.7081298828125 37.6872634887695 37.6533546447754 37.463493347168 37.265266418457
33.834415435791 33.9229736328125 34.1251258850098 33.8581581115723 33.7668075561523 33.8605766296387 34.6298522949219 36.0672264099121 36.5164184570312 36.653507232666 36.4938545227051 36.6372261047363 36.8674812316895 37.093505859375 37.1355895996094 37.6070098876953 37.9375305175781 37.9261131286621 37.9090385437012 38.1651496887207 38.2547760009766 38.2489738464355 38.3118362426758 38.2275238037109 38.1148109436035 38.0697364807129 38.1341857910156 38.1805992126465 38.1737174987793 38.1625518798828 38.1298904418945 38.0473823547363 37.9603500366211 37.8325881958008 37.7832717895508 37.8153495788574 37.8105621337891 37.8131103515625 37.8141593933105 37.7877502441406 37.7682495117188 37.7529258728027 37.7251472473145 37.6984367370605 37.5489540100098 37.4236221313477
33.8994140625 34.0564918518066 34.0750999450684 33.7667503356934 34.216194152832 34.976863861084 35.0550994873047 36.1426429748535 36.5401458740234 36.7004432678223 36.5213928222656 36.9082298278809 37.1249732971191 37.116024017334 37.1902198791504 37.0833282470703 37.1633415222168 37.3657836914062 37.6916313171387 37.9972839355469 38.0802154541016 38.0738220214844 38.2753486633301 38.3059501647949 38.3088111877441 38.273323059082 38.2383460998535 38.0771636962891 38.1191253662109 38.1657066345215 38.1234245300293 38.0000305175781 37.9489097595215 37.7650566101074 37.6945152282715 37.8353271484375 37.8236351013184 37.7959976196289 37.835506439209 37.8285751342773 37.7934761047363 37.7848243713379 37.7585792541504 37.7220306396484 37.6464729309082 37.5771064758301
33.9283065795898 33.8131256103516 34.0125541687012 33.7404174804688 34.3375968933105 35.3331260681152 35.6251487731934 36.1255378723145 36.7197303771973 37.0849723815918 37.0800247192383 37.1660041809082 37.2204132080078 37.2396392822266 37.2203521728516 37.157844543457 37.2099189758301 36.9541244506836 36.6226921081543 37.6567611694336 37.5507888793945 37.923942565918 38.2078742980957 38.2501945495605 38.283519744873 38.253059387207 38.1772613525391 37.9718704223633 38.090274810791 38.168025970459 38.0152359008789 37.845401763916 37.8468208312988 37.8167343139648 37.8327140808105 37.8868827819824 37.8809013366699 37.8557891845703 37.8418731689453 37.8596801757812 37.8392906188965 37.8122673034668 37.7795753479004 37.7390747070312 37.6920318603516 37.606143951416
33.5164985656738 33.4873542785645 33.8419532775879 33.2464866638184 33.3840217590332 35.2270584106445 35.8892974853516 36.4286422729492 36.7070617675781 36.933895111084 36.9664306640625 36.9566345214844 36.7756538391113 36.7617378234863 36.976001739502 37.0846176147461 37.3845062255859 37.3088073730469 37.1308097839355 37.1611938476562 37.0121421813965 37.7126846313477 38.0678672790527 38.2126007080078 38.2088928222656 38.2059631347656 37.8845367431641 37.5445823669434 38.0697326660156 38.1744804382324 37.9218978881836 37.6326942443848 37.8440399169922 37.8755264282227 37.8898963928223 37.845027923584 37.8302574157715 37.8213119506836 37.8283805847168 37.8069038391113 37.799732208252 37.8175735473633 37.7951965332031 37.757266998291 37.7135734558105 37.6455574035645
33.1678924560547 33.0261993408203 33.4659729003906 33.3461875915527 33.4242897033691 34.3613052368164 35.2786636352539 35.8539390563965 36.2644805908203 36.5650520324707 36.502197265625 36.4287071228027 36.4704971313477 36.6974792480469 37.3459320068359 37.4290313720703 37.5893478393555 37.4927062988281 37.4093971252441 37.2466850280762 37.0190124511719 37.6090316772461 38.002555847168 38.1644134521484 38.0996437072754 38.1653785705566 37.8120651245117 36.9617614746094 37.8536911010742 38.1614036560059 37.9130706787109 37.680492401123 37.847526550293 37.7831687927246 37.7106056213379 37.7186813354492 37.7510299682617 37.682689666748 37.6017646789551 37.5766334533691 37.6610565185547 37.7310409545898 37.7973518371582 37.770378112793 37.7298698425293 37.682243347168
34.2100601196289 33.2316360473633 33.3306427001953 33.7048988342285 34.0554962158203 35.0445671081543 35.0910263061523 35.7850952148438 36.4712448120117 36.745532989502 37.0255126953125 37.1005706787109 37.2171249389648 37.4179649353027 37.5829963684082 37.6103439331055 37.5571327209473 37.6172714233398 37.5778350830078 37.3551826477051 37.165885925293 37.174488067627 37.6498756408691 37.8479232788086 37.7712364196777 38.137279510498 38.0331420898438 37.4455299377441 37.9217643737793 38.1481819152832 37.9394721984863 37.7548789978027 37.6678886413574 37.356315612793 37.5158348083496 37.4441299438477 37.441291809082 37.0535316467285 37.1354637145996 36.1960945129395 37.4140510559082 37.6325454711914 37.781421661377 37.7775726318359 37.7423095703125 37.6956481933594
34.8623733520508 33.9165573120117 33.4112091064453 34.1657333374023 34.7674865722656 35.4358406066895 35.4869651794434 35.9011344909668 36.5553703308105 36.9039649963379 36.9264373779297 36.9272994995117 37.2901573181152 37.4419059753418 37.5355453491211 37.5088882446289 37.692008972168 37.8053398132324 37.7694664001465 37.5326805114746 37.3717575073242 37.280704498291 37.3941802978516 37.3964996337891 37.3638801574707 37.9692993164062 38.1195106506348 37.8460655212402 37.5674743652344 38.0384407043457 37.618106842041 36.8647651672363 37.4181327819824 37.5539169311523 37.8049049377441 37.7929420471191 37.7450714111328 37.7040824890137 37.4919853210449 36.5833129882812 37.3080406188965 37.5929527282715 37.7374572753906 37.7680587768555 37.7519416809082 37.7087287902832
34.8997955322266 34.0779838562012 33.535400390625 34.7520217895508 35.646297454834 36.0320739746094 36.664306640625 36.8556823730469 37.0245742797852 37.1076774597168 36.9289016723633 36.8804779052734 37.3803939819336 37.4569892883301 37.4598693847656 37.5155220031738 37.6139602661133 37.5962867736816 38.0683975219727 37.8381614685059 37.5753746032715 37.4214515686035 37.3917388916016 37.2365112304688 37.2381935119629 37.7966957092285 38.1015434265137 38.0064659118652 37.8627815246582 38.1303443908691 37.4952392578125 36.4703063964844 36.9233016967773 37.5373878479004 37.5590515136719 37.1895980834961 37.2325897216797 37.7057495117188 37.801399230957 37.7541923522949 37.768856048584 37.7491340637207 37.7496643066406 37.7370758056641 37.7476119995117 37.7242469787598
34.774341583252 33.8480186462402 33.3911094665527 34.5421180725098 35.7221031188965 36.0386657714844 35.5036277770996 36.6806259155273 36.6240348815918 36.1318969726562 36.9419212341309 37.1194458007812 37.1341857910156 37.184700012207 37.1953468322754 37.3836212158203 37.498592376709 37.5973434448242 38.0395736694336 38.1395568847656 37.9500198364258 37.64794921875 37.483528137207 37.4033660888672 37.1751174926758 37.592342376709 38.0004577636719 38.0025939941406 38.1611022949219 38.2055778503418 37.7244644165039 36.085865020752 36.6872634887695 36.2186851501465 36.5339851379395 35.8606643676758 36.7340087890625 37.6784324645996 37.77197265625 37.816349029541 37.8109016418457 37.7219200134277 37.6114692687988 37.697395324707 37.7089385986328 37.7014694213867
34.7504119873047 34.0329437255859 34.0844917297363 34.5622520446777 35.4113159179688 35.7914047241211 36.1524810791016 36.3492431640625 35.1901550292969 35.1004600524902 36.4462394714355 35.5695724487305 35.8823089599609 36.2573776245117 36.8724212646484 37.3015022277832 37.4384765625 37.6339111328125 37.9438705444336 38.0531806945801 38.0947303771973 37.8530464172363 37.5447616577148 37.5995712280273 37.4757041931152 37.6752662658691 37.6624336242676 37.4985504150391 37.9852066040039 38.1414604187012 37.9179496765137 37.2468032836914 35.8904724121094 34.1433181762695 34.2831077575684 35.7584991455078 37.0971336364746 37.647403717041 37.7365646362305 37.6715393066406 37.6525611877441 37.4320030212402 37.3076286315918 37.6334915161133 37.3857307434082 37.4304618835449
34.7150726318359 34.3663215637207 34.1657867431641 34.4501342773438 35.0118675231934 35.7401161193848 35.8663940429688 35.4821815490723 35.044506072998 35.7957000732422 36.2075996398926 35.3185997009277 35.5967979431152 35.9609680175781 36.7688903808594 37.1418113708496 37.414623260498 37.814338684082 38.1834487915039 38.0147438049316 37.885669708252 38.1343383789062 37.8901672363281 37.7097282409668 37.5518951416016 37.5322151184082 37.5960426330566 37.4946899414062 37.7846412658691 38.0784606933594 38.0988731384277 37.6006660461426 36.925910949707 35.3580284118652 34.8219413757324 35.8079872131348 37.0876350402832 37.5881614685059 37.6302337646484 37.1912994384766 37.4098472595215 37.560474395752 37.3571739196777 37.4017143249512 37.0915412902832 37.3144187927246
34.3876457214355 34.1788635253906 33.7204170227051 34.0334701538086 34.746826171875 34.895824432373 35.263744354248 35.5504341125488 35.7983779907227 35.8788948059082 36.1636734008789 36.337818145752 36.8916893005371 36.9685821533203 37.0989952087402 36.6546974182129 37.5436782836914 37.8801879882812 38.062126159668 37.7932662963867 37.8914604187012 38.0484504699707 38.128173828125 38.0622787475586 37.7876358032227 37.7074165344238 37.3674964904785 37.5050430297852 37.857063293457 37.9219436645508 38.0442390441895 38.0478286743164 37.5261878967285 36.8954162597656 36.0362319946289 35.7460403442383 36.8101119995117 37.5090980529785 37.0433197021484 36.5383415222168 37.3605575561523 37.577018737793 37.3077087402344 36.5813026428223 36.8929557800293 37.3565788269043
