inst/extdata/Tmax/Tmax116.asc
NCOLS 100 
NROWS 79 
XLLCORNER 148.06 
YLLCORNER -21.49 
CELLSIZE 0.01 
NODATA_value -3.4e+38 
[rows 40 to 59 of 79, columns 0 to 45 of 100]
42.182769775390597 41.8532409667969 41.8849487304688 41.9127807617188 41.7699279785156 41.8883895874023 41.8156967163086 41.5832290649414 41.0520477294922 41.5503387451172 42.2790145874023 42.6414413452148 42.6980361938477 42.7711563110352 42.8602828979492 42.6405410766602 42.3363571166992 41.9554977416992 41.3111724853516 41.8893127441406 41.8935089111328 41.7723159790039 41.7158355712891 41.2729644775391 40.2497444152832 39.5127182006836 39.28173828125 39.4053192138672 39.5545501708984 38.8270950317383 38.0895080566406 38.5858535766602 40.0759620666504 39.7752418518066 39.4888687133789 39.8864822387695 39.7842483520508 39.4219093322754 39.1790237426758 38.6657218933105 38.6306953430176 37.613941192627 36.9534149169922 36.9584083557129 36.6689682006836 36.4923896789551
42.3584175109863 41.8956604003906 41.7530212402344 41.8626937866211 41.7407531738281 41.8251953125 41.81396484375 41.6870803833008 41.415885925293 41.5690002441406 41.9655914306641 42.3637161254883 42.6365737915039 42.8391189575195 42.9042663574219 42.7534790039062 42.4138946533203 41.8610076904297 41.4939346313477 41.6747512817383 41.7157974243164 41.4504127502441 41.6693916320801 41.364143371582 40.6135673522949 40.0515327453613 39.3344345092773 39.2561721801758 39.5148696899414 39.0222702026367 38.5409622192383 39.2793273925781 40.0821266174316 39.2230529785156 38.3921852111816 39.2961082458496 39.3496398925781 39.6088600158691 39.5793228149414 39.3223457336426 39.1966285705566 38.3449935913086 36.7212181091309 36.5914535522461 36.6896781921387 36.6541709899902
42.2123336791992 42.1336441040039 41.890739440918 41.7486190795898 41.8105621337891 41.8282241821289 41.7841567993164 41.7377319335938 41.7137832641602 41.6746139526367 41.7455596923828 42.2878799438477 42.6621856689453 42.8389205932617 42.8703765869141 42.8334045410156 42.5788040161133 42.2309341430664 41.9878082275391 41.9479598999023 41.8644485473633 41.1268997192383 41.0599555969238 41.329647064209 41.3740692138672 40.8826217651367 39.879020690918 39.5124588012695 39.435302734375 39.1880569458008 38.1559219360352 39.4065170288086 39.4842109680176 38.2446594238281 37.3061714172363 38.3763809204102 38.3770141601562 39.1491050720215 39.3557205200195 39.0186462402344 38.7603721618652 38.8171882629395 38.1285591125488 37.8848724365234 38.3891792297363 39.5659103393555
41.8513259887695 41.9378662109375 41.9167900085449 41.9042015075684 41.9302139282227 41.9147453308105 41.8573875427246 41.803653717041 41.8804321289062 41.8615989685059 41.8864936828613 42.3503036499023 42.6429176330566 42.8312721252441 42.8707275390625 42.9043807983398 42.7884788513184 42.5632820129395 42.2620468139648 42.3202171325684 42.1363105773926 41.8452758789062 41.0848388671875 40.6936683654785 41.4759902954102 41.247371673584 40.7788391113281 40.2394790649414 39.8647270202637 39.674919128418 38.7616195678711 38.662899017334 39.491081237793 38.9164733886719 38.1790199279785 37.6523704528809 37.7539596557617 38.0555725097656 38.3350715637207 38.0712089538574 37.5490341186523 38.3924865722656 37.8899269104004 39.0130767822266 41.0743103027344 41.7762985229492
41.528678894043 41.7193145751953 41.6907043457031 41.684383392334 41.8851127624512 42.0054817199707 42.0178260803223 41.9681663513184 42.051082611084 42.1177635192871 42.3220405578613 42.4780311584473 42.6376762390137 42.7663803100586 42.8503227233887 42.9252738952637 42.8897819519043 42.7432594299316 42.5820083618164 42.5421829223633 42.4091682434082 42.2486419677734 41.9205551147461 41.6920890808105 41.5034675598145 40.9892616271973 41.279655456543 41.1545181274414 40.7969818115234 40.0206909179688 39.3272857666016 39.3191108703613 39.6998329162598 39.9036560058594 39.5734214782715 38.2240104675293 36.6788291931152 36.6479377746582 36.7823448181152 37.1848220825195 37.0536804199219 37.6948165893555 37.1499099731445 38.1414527893066 40.2234039306641 41.8190727233887
41.5555725097656 41.6082763671875 41.4280128479004 41.2968902587891 41.5215835571289 41.763053894043 42.0113258361816 42.1599922180176 42.2502555847168 42.3686752319336 42.4615516662598 42.3784599304199 42.1422882080078 42.5775451660156 42.8478050231934 42.9169616699219 42.9159698486328 42.856746673584 42.7691688537598 42.7105140686035 42.6219444274902 42.5027160644531 42.4532470703125 41.7749557495117 41.3907928466797 41.3166618347168 41.4106712341309 41.2316856384277 41.0285568237305 40.4508895874023 39.0244522094727 39.2625312805176 39.6312866210938 39.7173500061035 39.8435401916504 38.813117980957 37.3065376281738 37.0380821228027 37.0876960754395 37.6094398498535 36.9270248413086 37.3444557189941 37.8217735290527 38.1955909729004 39.2347259521484 40.6050491333008
41.4016799926758 41.3508415222168 41.3548164367676 41.2647361755371 41.146354675293 41.2054061889648 41.7635231018066 41.9197082519531 42.0720252990723 42.1078071594238 42.368579864502 42.4891357421875 42.2247581481934 42.5292930603027 42.7977104187012 42.8998603820801 42.9080619812012 42.8496246337891 42.8179779052734 42.7858505249023 42.7147407531738 42.6386489868164 42.5374946594238 42.0136871337891 41.088565826416 41.2277526855469 41.4267616271973 41.1838722229004 41.1381225585938 40.9814796447754 40.0755577087402 39.7023696899414 39.30322265625 39.616081237793 39.7860527038574 39.2515068054199 38.021411895752 38.3613471984863 37.7537689208984 38.5851593017578 37.9437484741211 38.123908996582 38.2738838195801 38.4111595153809 38.4143867492676 38.2045593261719
41.9015274047852 41.1580276489258 41.0619621276855 40.9953193664551 40.959300994873 41.0957870483398 41.4553298950195 41.4191246032715 41.7164268493652 41.7868041992188 41.8927955627441 41.9712600708008 42.1962242126465 42.5275039672852 42.7538604736328 42.8996200561523 42.8872146606445 42.7697944641113 42.5815353393555 42.485538482666 42.6475563049316 42.442066192627 42.4748344421387 42.4132080078125 41.9088287353516 41.8097457885742 41.8265647888184 41.6135139465332 41.4331855773926 41.1904792785645 40.413013458252 39.9947052001953 39.1855545043945 39.6519088745117 39.7137985229492 39.4570426940918 38.956169128418 39.2295150756836 38.9324035644531 39.2266006469727 38.9322662353516 38.6896133422852 38.5331153869629 38.3687057495117 37.9795532226562 37.7157135009766
42.6894111633301 41.7832679748535 40.9487113952637 40.7869682312012 40.8973159790039 41.1047592163086 41.0335884094238 41.0469551086426 41.4436798095703 41.7934265136719 41.8900299072266 41.8750762939453 42.1501846313477 42.5095863342285 42.7938804626465 42.883472442627 42.8920059204102 42.8282585144043 42.6512718200684 42.4111709594727 42.503589630127 42.4433975219727 42.3656921386719 42.524730682373 42.4134941101074 42.304084777832 41.9795455932617 41.7668685913086 41.6767463684082 41.3535423278809 40.914981842041 40.3828277587891 39.3957786560059 39.5859146118164 39.5631561279297 39.6441955566406 39.531551361084 39.5109825134277 39.3887825012207 39.1866264343262 38.2675704956055 38.0678482055664 38.3112564086914 38.0209007263184 37.8741569519043 37.4781074523926
42.9755020141602 42.401065826416 41.4525337219238 40.8422393798828 40.8123588562012 40.7859840393066 40.8089027404785 41.2141914367676 41.4967994689941 41.3939018249512 42.1066055297852 42.3691291809082 42.5045928955078 42.6316871643066 42.755443572998 42.8633003234863 42.8701629638672 42.8259620666504 42.7230491638184 42.5760650634766 42.4697952270508 42.3912315368652 42.1934204101562 42.2507171630859 42.450855255127 42.4441528320312 42.1908149719238 41.5894737243652 41.0312690734863 41.3491172790527 41.0151023864746 40.6612777709961 39.7403564453125 39.406608581543 39.1740875244141 39.5362930297852 39.6280975341797 39.5231132507324 39.4843254089355 39.1330795288086 38.3369445800781 37.8692512512207 38.0911674499512 37.6703338623047 37.5771522521973 37.4800224304199
42.9632949829102 42.7538528442383 42.2471466064453 41.5405502319336 40.962516784668 40.6502265930176 40.7898635864258 41.164249420166 41.2287673950195 41.5850067138672 42.2505760192871 42.5150947570801 42.6704025268555 42.7989349365234 42.8340225219727 42.8749771118164 42.742115020752 42.7683410644531 42.7874526977539 42.7103958129883 42.5960006713867 42.4153022766113 42.203727722168 42.1220436096191 42.2560539245605 42.313232421875 42.3566436767578 42.1082038879395 41.7981071472168 41.6416015625 41.0260162353516 40.8386764526367 39.8827705383301 39.419994354248 38.7175483703613 39.2741737365723 39.4239959716797 39.4245452880859 39.4925117492676 39.2873802185059 38.6911735534668 38.4893112182617 38.3828048706055 38.1418342590332 37.7715492248535 37.5737228393555
42.9221038818359 42.8667602539062 42.580940246582 41.8317832946777 41.1836814880371 40.8910102844238 40.8270835876465 40.9362564086914 40.6716461181641 40.8612480163574 41.8437767028809 42.2992057800293 42.5134696960449 42.756233215332 42.865119934082 42.8354301452637 42.7439460754395 42.7556495666504 42.7283973693848 42.7271308898926 42.6307754516602 42.5108451843262 42.4040870666504 42.1830978393555 42.0615119934082 42.0027084350586 41.9570503234863 42.1002578735352 41.8559646606445 42.0000457763672 42.0356750488281 41.133373260498 40.4583473205566 39.9511680603027 39.3894882202148 39.5497970581055 39.4976692199707 39.3041343688965 39.4761695861816 39.3704528808594 38.8040161132812 38.6103019714355 38.4855918884277 38.2782897949219 37.7118682861328 37.4974937438965
42.7251930236816 42.791187286377 42.6286506652832 41.538745880127 40.7395896911621 40.6963539123535 40.7690696716309 40.6186485290527 40.3519096374512 40.5065689086914 41.7709350585938 42.3035202026367 42.5610237121582 42.7815589904785 42.8065528869629 42.7644157409668 42.7482719421387 42.6948890686035 42.6599731445312 42.6655769348145 42.6876678466797 42.623363494873 42.4539566040039 42.2369575500488 41.9971961975098 41.8268089294434 41.793830871582 41.752815246582 41.7559089660645 41.6477394104004 41.8738136291504 41.7262344360352 41.0921859741211 40.3961524963379 39.899845123291 40.2960243225098 40.2327270507812 39.6916313171387 39.4727935791016 39.5592308044434 39.3781776428223 39.0710182189941 38.7161064147949 38.4355087280273 38.0474090576172 37.6026496887207
42.5126304626465 42.5703010559082 42.6885833740234 42.2099609375 41.1440200805664 40.7920265197754 41.1308784484863 40.6026077270508 40.4325332641602 40.5263481140137 41.7456207275391 42.4263229370117 42.6787986755371 42.7950286865234 42.7288627624512 42.6355972290039 42.6263618469238 42.6674766540527 42.6426239013672 42.5356864929199 42.6014823913574 42.6709022521973 42.5220832824707 42.361442565918 42.1521301269531 41.9803657531738 41.5812492370605 41.3762855529785 40.9873085021973 41.3899230957031 41.2108688354492 41.827018737793 41.8870162963867 41.5044937133789 40.952751159668 40.9985389709473 40.5723609924316 40.175235748291 39.8276557922363 40.267749786377 39.7942848205566 39.4725532531738 39.297046661377 39.141788482666 38.8256187438965 38.6575546264648
42.3704376220703 42.3164825439453 42.5169143676758 42.539176940918 42.0638847351074 41.8137588500977 41.7530097961426 41.3711853027344 41.1558380126953 41.1820182800293 41.4094314575195 41.8613243103027 42.5953140258789 42.7543258666992 42.6330490112305 42.5496444702148 42.537181854248 42.6055450439453 42.5745086669922 42.5141296386719 42.5495338439941 42.6599769592285 42.6165351867676 42.428409576416 42.3169784545898 42.1207618713379 41.7499694824219 41.515983581543 41.0580863952637 41.3270225524902 40.6231384277344 41.1021347045898 41.3731651306152 41.4067878723145 41.5524978637695 41.4233322143555 41.0756187438965 40.9202079772949 40.4168243408203 39.8545379638672 39.7775955200195 39.8251419067383 39.5565948486328 39.3370246887207 39.3366622924805 39.1743354797363
42.4640502929688 42.4349212646484 42.4875221252441 42.5373687744141 42.4232025146484 41.7729148864746 41.7844276428223 41.8687210083008 41.6418838500977 41.6084327697754 41.8996772766113 42.297119140625 42.6619415283203 42.7505340576172 42.6545448303223 42.4671440124512 42.523853302002 42.5324325561523 42.3286781311035 42.3195114135742 42.4770660400391 42.5585021972656 42.6256828308105 42.5297431945801 42.4085578918457 42.2522277832031 42.0291633605957 41.7527465820312 41.5764617919922 41.4095191955566 40.9442825317383 40.5339736938477 40.6946792602539 40.6622161865234 41.172119140625 40.8455238342285 41.1428642272949 40.883716583252 40.4864234924316 40.0247001647949 39.7670249938965 39.5130424499512 38.9722900390625 38.3065605163574 38.9730072021484 39.195972442627
42.5789604187012 42.5309371948242 42.5046463012695 42.5040550231934 42.3545074462891 41.5065422058105 41.2797698974609 41.7686386108398 41.6601829528809 41.3239517211914 41.6560440063477 42.3809776306152 42.6793098449707 42.7237014770508 42.6428451538086 42.4542198181152 42.4430122375488 42.2360992431641 41.972110748291 42.1384086608887 42.4725761413574 42.4804191589355 42.5775337219238 42.5782279968262 42.409008026123 42.3503074645996 42.1487464904785 41.8482666015625 41.7615852355957 41.5209197998047 41.073802947998 40.3148040771484 39.985466003418 40.1544418334961 40.6777305603027 40.8427619934082 40.4192657470703 40.0349349975586 40.265495300293 40.1949424743652 39.8158226013184 39.5423622131348 38.9448738098145 38.0187911987305 38.5382766723633 38.9688606262207
42.6307334899902 42.5651741027832 42.5271415710449 42.5063819885254 42.4777069091797 42.1228790283203 41.6333808898926 41.3810424804688 41.4004745483398 41.1795349121094 41.7171058654785 42.3953857421875 42.6570205688477 42.680118560791 42.6003723144531 42.4156112670898 42.2359848022461 42.032772064209 41.9219818115234 42.2259826660156 42.3750267028809 42.4444427490234 42.4167175292969 42.5348014831543 42.4811859130859 42.3946876525879 42.20751953125 41.9273071289062 41.80517578125 41.5980339050293 41.1504325866699 40.9205551147461 40.4197158813477 40.2162017822266 40.1628570556641 40.3386917114258 40.6330413818359 40.4718551635742 40.0733680725098 39.8521347045898 39.6300506591797 39.3980293273926 39.1239967346191 38.7692489624023 38.0443725585938 38.3840980529785
42.6813087463379 42.6022186279297 42.567798614502 42.5682945251465 42.5030822753906 42.2883834838867 41.9834671020508 41.3685684204102 41.2632751464844 41.4795112609863 41.9954643249512 42.4478454589844 42.6265563964844 42.6311492919922 42.504264831543 42.3390884399414 42.0190887451172 41.9483757019043 42.0806274414062 42.1252593994141 42.2944602966309 42.2331619262695 42.0513343811035 42.3344802856445 42.5365142822266 42.4179878234863 42.1821937561035 42.0320205688477 41.8965911865234 41.7901954650879 41.5876884460449 41.3418731689453 41.0075912475586 40.9550857543945 40.5996284484863 40.2274398803711 40.3370590209961 40.428882598877 40.177318572998 40.0146293640137 39.8638610839844 39.5912857055664 38.9084625244141 38.4783554077148 38.6315307617188 38.660270690918
42.6874313354492 42.6812133789062 42.6400756835938 42.6145324707031 42.5081443786621 42.4044036865234 42.2914772033691 41.9183921813965 41.4274826049805 41.5444107055664 41.7341690063477 42.0589866638184 42.378490447998 42.4415740966797 42.3905334472656 42.2540435791016 42.0316009521484 41.9089508056641 41.8021011352539 41.8624801635742 42.1288146972656 42.136661529541 41.8882179260254 42.3282470703125 42.5636520385742 42.4568290710449 42.2824401855469 42.1312789916992 42.0587348937988 41.9453048706055 41.824390411377 41.5841293334961 41.2385635375977 41.4750137329102 41.3388900756836 40.9319953918457 40.4257164001465 40.3084030151367 40.4520149230957 40.921142578125 40.0896072387695 39.778736114502 39.33251953125 38.5632247924805 38.4902038574219 38.3587989807129
