inst/extdata/Tmax/Tmax147.asc
NCOLS 100 
NROWS 79 
XLLCORNER 148.06 
YLLCORNER -21.49 
CELLSIZE 0.01 
NODATA_value -3.4e+38 
[rows 40 to 59 of 79, columns 46 to 91 of 100]
37.4679489135742 38.4664115905762 38.8989334106445 39.793815612793 41.4017601013184 42.345386505127 41.8880767822266 40.0015068054199 39.6293830871582 40.3104095458984 40.8083610534668 42.5305709838867 42.1562042236328 42.3701171875 41.5500144958496 42.5324249267578 42.7180786132812 42.4379119873047 42.5381088256836 42.6382827758789 42.6337356567383 41.7306480407715 42.1173439025879 42.4323921203613 42.5218124389648 42.5624542236328 42.4682998657227 42.1009063720703 42.2819862365723 42.47119140625 42.4138412475586 42.2676696777344 41.9543571472168 40.7290229797363 40.9998512268066 41.6490135192871 41.5591125488281 41.466911315918 41.698917388916 41.1615676879883 40.4260330200195 40.8938293457031 41.201416015625 41.0011215209961 41.2574310302734 41.278133392334
38.8346214294434 40.0197715759277 39.9346466064453 39.8895797729492 41.4489135742188 42.6391906738281 41.5285682678223 41.1360206604004 41.7227363586426 41.8045959472656 42.1446914672852 42.8295021057129 42.7171020507812 42.7332344055176 42.5897369384766 42.8770294189453 42.9162216186523 42.8523941040039 42.8111114501953 42.8322219848633 42.795970916748 42.2984848022461 41.6198616027832 41.9696044921875 41.8945503234863 42.354564666748 42.6501770019531 42.1958503723145 42.1831512451172 42.5555686950684 42.5647315979004 42.4854545593262 42.3232231140137 41.7363739013672 41.9676170349121 41.986442565918 41.7797889709473 41.7712440490723 41.8675765991211 41.9838027954102 41.0346832275391 41.2531433105469 41.8406829833984 41.6494293212891 41.7741622924805 41.6931343078613
41.2644882202148 41.4381217956543 41.6143188476562 42.0831413269043 42.4050102233887 42.854907989502 42.4412269592285 41.9164237976074 42.4207763671875 42.8124809265137 42.7120056152344 43.0178375244141 43.0504417419434 42.9732360839844 42.9461326599121 43.010871887207 43.0215072631836 42.9985961914062 42.9677581787109 42.9571533203125 42.8526268005371 41.9605026245117 41.767578125 42.2502975463867 41.7500686645508 42.1677169799805 42.5894927978516 42.4930877685547 42.4357070922852 42.6730041503906 42.6697845458984 42.6605606079102 42.6183166503906 42.5055198669434 42.4065589904785 42.070728302002 41.1852073669434 41.7580299377441 42.2638168334961 42.2526702880859 42.1057662963867 42.0443267822266 42.1504058837891 42.1769180297852 42.2222595214844 42.1723976135254
42.5022468566895 42.5186386108398 42.6434020996094 42.7823066711426 43.0086631774902 43.0628852844238 42.9796028137207 42.750659942627 42.9163703918457 43.1263732910156 43.1071815490723 43.1541404724121 43.1322250366211 43.095272064209 43.1132202148438 43.0686721801758 43.0053367614746 42.9812660217285 43.0108184814453 43.0377159118652 42.9755668640137 42.7491874694824 42.5066680908203 42.6715698242188 42.5418510437012 42.0972595214844 42.3702964782715 42.6243286132812 42.7657623291016 42.7815818786621 42.7527618408203 42.7407035827637 42.7074012756348 42.6622695922852 42.6500854492188 42.4873847961426 42.0250663757324 42.3160934448242 42.479850769043 42.457462310791 42.4000625610352 42.3905410766602 42.3697929382324 42.3778419494629 42.398681640625 42.3727226257324
42.3392448425293 42.6004600524902 42.8538780212402 42.8584480285645 42.9096946716309 43.0063667297363 43.0541572570801 43.1188659667969 43.1436157226562 43.086597442627 42.8654518127441 42.9689865112305 42.8935585021973 42.6399154663086 42.8144989013672 42.9247665405273 42.8144836425781 42.9192199707031 43.0065307617188 43.0497665405273 43.0415534973145 42.9165954589844 42.6151275634766 42.3663368225098 42.5788841247559 42.7224388122559 42.7634429931641 42.7988204956055 42.8005065917969 42.8253974914551 42.7829933166504 42.7674865722656 42.7202072143555 42.6752586364746 42.6944732666016 42.614372253418 42.5872230529785 42.5750122070312 42.5133934020996 42.5062370300293 42.4577484130859 42.437572479248 42.4327507019043 42.4125175476074 42.3224639892578 42.3595542907715
40.5475883483887 41.3380546569824 41.7602424621582 41.9731254577637 42.3371124267578 42.6435394287109 42.5871772766113 42.7807273864746 42.7760162353516 42.6144180297852 41.8394432067871 41.8524551391602 41.9281578063965 40.4381980895996 41.3956146240234 42.1378555297852 42.6705207824707 42.9889373779297 43.0710487365723 43.0896949768066 43.0738792419434 42.9033393859863 42.482723236084 42.1242332458496 42.3816146850586 42.6136779785156 42.7325859069824 42.7145805358887 42.7705764770508 42.831844329834 42.8074340820312 42.7981376647949 42.771785736084 42.755443572998 42.7165489196777 42.5992240905762 42.5812149047852 42.5660438537598 42.5306243896484 42.5150146484375 42.4611358642578 42.4450263977051 42.4275436401367 42.3716011047363 42.3589935302734 42.3924217224121
38.0675048828125 39.4005813598633 39.3000144958496 39.26708984375 40.6315765380859 41.150089263916 41.2698173522949 41.5319557189941 41.9849510192871 41.3629264831543 40.6651496887207 40.0766792297363 40.7502822875977 40.6193046569824 41.0668029785156 42.1980590820312 42.8631324768066 43.0420837402344 43.0697937011719 43.0459175109863 43.0681037902832 43.0791015625 42.6724624633789 42.3313369750977 42.2183303833008 42.4601211547852 42.6561126708984 42.7588958740234 42.8495101928711 42.8600692749023 42.8508987426758 42.8512344360352 42.8346214294434 42.7974014282227 42.7128639221191 42.6299209594727 42.6170463562012 42.6048469543457 42.5830154418945 42.5610198974609 42.5064125061035 42.4943504333496 42.4833488464355 42.4444313049316 42.4297065734863 42.3200912475586
38.203784942627 38.130916595459 37.9246559143066 38.0078582763672 37.9450302124023 38.7523574829102 40.0600662231445 40.7335891723633 40.9164428710938 40.7861824035645 41.3046760559082 41.13330078125 40.9693298339844 41.551082611084 41.8414421081543 42.6808586120605 42.9247360229492 42.946964263916 42.8820266723633 42.9941558837891 43.0852127075195 43.1300926208496 42.9878082275391 42.6863479614258 42.279167175293 42.5172309875488 42.6981468200684 42.8475074768066 42.907657623291 42.9352340698242 42.9170608520508 42.8929824829102 42.8231964111328 42.7443046569824 42.6778945922852 42.627986907959 42.632007598877 42.6387100219727 42.6218338012695 42.6006851196289 42.5594215393066 42.5537300109863 42.5394592285156 42.5112915039062 42.3148345947266 42.0836563110352
37.7999572753906 37.9114379882812 38.15673828125 37.8512153625488 37.7519950866699 37.8452606201172 38.7750930786133 40.4874305725098 41.0344047546387 41.2119407653809 41.0244598388672 41.2109413146973 41.5026664733887 41.7907524108887 41.8459968566895 42.3515968322754 42.7182235717773 42.713508605957 42.7024421691895 42.9884796142578 43.067798614502 43.0804290771484 43.1552352905273 43.0699920654297 42.9539642333984 42.8985710144043 42.9752464294434 43.0323181152344 43.0315628051758 43.0262298583984 42.9720993041992 42.902027130127 42.8146553039551 42.6832237243652 42.6370010375977 42.6661224365234 42.6683578491211 42.6787338256836 42.687572479248 42.6668510437012 42.640739440918 42.6324234008789 42.6107597351074 42.5904426574707 42.4356002807617 42.2789115905762
37.8873901367188 38.0795440673828 38.1094284057617 37.7547912597656 38.2923927307129 39.1738624572754 39.290283203125 40.5916290283203 41.0780029296875 41.2834968566895 41.0725975036621 41.5510139465332 41.8273849487305 41.8289260864258 41.9164123535156 41.7947578430176 41.8888778686523 42.1160507202148 42.4773712158203 42.8171081542969 42.8882484436035 42.9003028869629 43.126091003418 43.165885925293 43.1755790710449 43.1306419372559 43.0992851257324 42.9309120178223 42.9833602905273 43.0408210754395 42.9763679504395 42.8620338439941 42.8137321472168 42.6214637756348 42.5522766113281 42.6995544433594 42.6944427490234 42.6722068786621 42.7228660583496 42.7233657836914 42.6805114746094 42.6794776916504 42.6594848632812 42.6245498657227 42.5473594665527 42.454906463623
37.9324111938477 37.8045997619629 38.0470695495605 37.7346267700195 38.4470901489258 39.608097076416 39.9789352416992 40.5856628417969 41.3073539733887 41.758544921875 41.7564926147461 41.8756942749023 41.9461517333984 41.974006652832 41.9602088928223 41.8866729736328 41.950569152832 41.6802139282227 41.3278388977051 42.4569435119629 42.3227043151855 42.7476577758789 43.0631370544434 43.1157913208008 43.1587333679199 43.1193199157715 43.0436973571777 42.8273391723633 42.9629669189453 43.0544204711914 42.8700408935547 42.7053451538086 42.7141799926758 42.688907623291 42.713737487793 42.7671051025391 42.7682991027832 42.7488632202148 42.7417678833008 42.7691345214844 42.7423133850098 42.7191886901855 42.6885795593262 42.6492958068848 42.6027526855469 42.4886360168457
37.4590339660645 37.4319763183594 37.8570709228516 37.1631355285645 37.3328704833984 39.495189666748 40.3062553405762 40.9610939025879 41.3071670532227 41.5930976867676 41.6356658935547 41.6396636962891 41.4381294250488 41.4376564025879 41.7062034606934 41.8182373046875 42.1510734558105 42.076042175293 41.8890342712402 41.9284248352051 41.7474479675293 42.5281105041504 42.9212265014648 43.085391998291 43.0881118774414 43.0787544250488 42.7361030578613 42.3733558654785 42.9514617919922 43.0723915100098 42.7796401977539 42.485164642334 42.722297668457 42.7639465332031 42.7871284484863 42.7331123352051 42.7249069213867 42.7231330871582 42.7388687133789 42.7229423522949 42.7071838378906 42.7313613891602 42.7117729187012 42.675178527832 42.6322288513184 42.5372505187988
37.0557899475098 36.8958854675293 37.4210815429688 37.2873153686523 37.3871307373047 38.4779052734375 39.5899200439453 40.286205291748 40.7890510559082 41.1625556945801 41.089958190918 41.0163536071777 41.0816955566406 41.3711433410645 42.1155586242676 42.2002906799316 42.3817138671875 42.283016204834 42.1988792419434 42.0284690856934 41.7620277404785 42.4227561950684 42.857723236084 43.0406494140625 42.9769821166992 43.0425186157227 42.6651344299316 41.7469635009766 42.7246551513672 43.0663909912109 42.7782287597656 42.5453643798828 42.7344436645508 42.6721267700195 42.6009521484375 42.6046600341797 42.6477241516113 42.5815849304199 42.4991989135742 42.4772644042969 42.5610542297363 42.6417274475098 42.7180862426758 42.6932640075684 42.6536102294922 42.5806083679199
38.3102340698242 37.1640930175781 37.2879867553711 37.7373504638672 38.1600112915039 39.3163146972656 39.3955383300781 40.2336807250977 41.0668334960938 41.4096832275391 41.7494964599609 41.8555297851562 41.9890174865723 42.2141304016113 42.4007415771484 42.424919128418 42.3734664916992 42.4452896118164 42.4088363647461 42.173210144043 41.9485206604004 41.9771156311035 42.5010452270508 42.7234344482422 42.6468963623047 43.0394592285156 42.9331550598145 42.3008155822754 42.8263130187988 43.0798072814941 42.8348007202148 42.6541557312012 42.5671310424805 42.2357215881348 42.4171829223633 42.334342956543 42.3376197814941 41.9210548400879 42.015926361084 40.9969177246094 42.3168296813965 42.5588607788086 42.724552154541 42.7247009277344 42.6906318664551 42.6187019348145
39.0915985107422 37.9821929931641 37.3928909301758 38.2927169799805 39.0146865844727 39.7935600280762 39.8790702819824 40.3850402832031 41.1812629699707 41.6138954162598 41.6444053649902 41.660831451416 42.0789489746094 42.2508926391602 42.3598976135254 42.3245468139648 42.5300979614258 42.6598510742188 42.627326965332 42.3762130737305 42.1823463439941 42.102596282959 42.2328338623047 42.2422256469727 42.2136573791504 42.8669815063477 43.0375480651855 42.7471618652344 42.4511833190918 42.9710426330566 42.4957389831543 41.6953468322754 42.3058662414551 42.4614639282227 42.7413635253906 42.7211418151855 42.6746482849121 42.6355056762695 42.4104537963867 41.4261817932129 42.2082061767578 42.5224609375 42.683464050293 42.720817565918 42.7074127197266 42.6390686035156
39.1473693847656 38.183349609375 37.5494155883789 38.998405456543 40.0711822509766 40.5167617797852 41.2987251281738 41.5413627624512 41.7580947875977 41.8726387023926 41.661018371582 41.6178703308105 42.1875534057617 42.2778968811035 42.2875289916992 42.341552734375 42.4550094604492 42.4421920776367 42.9627914428711 42.7186508178711 42.4138526916504 42.2656669616699 42.2401466369629 42.0780563354492 42.0868301391602 42.6892967224121 43.0283241271973 42.9320526123047 42.7829475402832 43.0814666748047 42.3722839355469 41.2754554748535 41.7765426635742 42.4515495300293 42.4808387756348 42.0715141296387 42.1240234375 42.6441230773926 42.7530937194824 42.7069435119629 42.7148818969727 42.6982078552246 42.703197479248 42.6938209533691 42.7091674804688 42.662239074707
39.010124206543 37.9215621948242 37.3884124755859 38.7601928710938 40.1736831665039 40.5372009277344 39.9228401184082 41.3447189331055 41.2901649475098 40.7117309570312 41.6899948120117 41.9076538085938 41.9305648803711 41.991943359375 42.0096588134766 42.2078018188477 42.3392333984375 42.4531555175781 42.9413223266602 43.0569305419922 42.8317413330078 42.5221748352051 42.349983215332 42.2696151733398 42.0280609130859 42.4768218994141 42.9285202026367 42.9380989074707 43.1179275512695 43.1736755371094 42.6321563720703 40.8646965026855 41.5262069702148 41.02099609375 41.3706092834473 40.6290473937988 41.5874404907227 42.6212425231934 42.7279510498047 42.7810897827148 42.7671394348145 42.6754150390625 42.5603256225586 42.6576309204102 42.674072265625 42.6442832946777
38.9894256591797 38.1471557617188 38.2160034179688 38.7913665771484 39.8114624023438 40.250415802002 40.7080345153809 40.9563179016113 39.5775184631348 39.4809074401855 41.101448059082 40.0570983886719 40.4475631713867 40.9154853820801 41.6654739379883 42.1252899169922 42.2806854248047 42.499885559082 42.8440704345703 42.969856262207 42.9964942932129 42.7527160644531 42.4237670898438 42.4904327392578 42.3625755310059 42.5744590759277 42.5677185058594 42.3964500427246 42.9339981079102 43.1101989746094 42.8473091125488 42.1348495483398 40.6618576049805 38.5751686096191 38.7658729553223 40.522045135498 41.9877395629883 42.5919799804688 42.6939353942871 42.6284294128418 42.599967956543 42.3655128479004 42.235179901123 42.592845916748 42.3287963867188 42.3558540344238
38.9748039245605 38.5690422058105 38.3389778137207 38.6849784851074 39.3627510070801 40.217399597168 40.3936767578125 39.9442405700684 39.4303207397461 40.3439903259277 40.8420448303223 39.7820434570312 40.129997253418 40.5839614868164 41.5791893005371 41.9780082702637 42.281177520752 42.7229309082031 43.1318130493164 42.9546356201172 42.7954521179199 43.0860290527344 42.8268432617188 42.6372337341309 42.4723205566406 42.4454917907715 42.5223083496094 42.418327331543 42.7402000427246 43.0659141540527 43.0685043334961 42.5446891784668 41.8151321411133 40.1113471984863 39.4671287536621 40.6002349853516 42.0016479492188 42.5518264770508 42.6026840209961 42.1306686401367 42.3608360290527 42.5291366577148 42.3132209777832 42.366096496582 42.033863067627 42.254638671875
38.5967216491699 38.356632232666 37.820068359375 38.199535369873 39.0572509765625 39.2189865112305 39.682804107666 40.0371398925781 40.3464469909668 40.4553680419922 40.8004341125488 41.024242401123 41.7095909118652 41.7993812561035 41.9472618103027 41.4564437866211 42.4312400817871 42.8043670654297 43.0093154907227 42.7229919433594 42.8115005493164 43.0022087097168 43.096061706543 43.0312614440918 42.7390213012695 42.6457061767578 42.2811126708984 42.4369239807129 42.8263626098633 42.9027709960938 43.016284942627 43.038516998291 42.4764709472656 41.7947731018066 40.8632354736328 40.5396499633789 41.7061614990234 42.4728927612305 41.9712944030762 41.4260292053223 42.314266204834 42.5540771484375 42.2665252685547 41.4807472229004 41.8249206542969 42.3073616027832
