inst/extdata/Tmax/Tmax13.asc
NCOLS 100 
NROWS 79 
XLLCORNER 148.06 
YLLCORNER -21.49 
CELLSIZE 0.01 
NODATA_value -3.4e+38 
[rows 20 to 39 of 79, columns 46 to 91 of 100]
25.4145488739014 23.971118927002 23.5847682952881 24.5832462310791 24.281909942627 24.0015735626221 22.9757270812988 22.1315803527832 24.0363998413086 25.3795700073242 25.7671279907227 26.1834850311279 26.0479698181152 26.5744934082031 25.5615978240967 26.1165294647217 26.2261962890625 26.5334930419922 27.7089557647705 27.5063400268555 29.3192443847656 31.4710597991943 32.4552917480469 32.0793418884277 30.5691623687744 30.9413204193115 31.6690139770508 30.1191329956055 29.154354095459 30.0891456604004 29.2568988800049 29.8915729522705 30.2744522094727 31.1663551330566 30.8507518768311 29.4021186828613 28.7963542938232 28.6370334625244 30.031494140625 31.3516807556152 30.3660373687744 30.9082469940186 30.1559200286865 29.7870616912842 29.8699283599854 30.5869216918945
27.869779586792 23.081470489502 22.7681446075439 23.7264728546143 23.4809017181396 22.8561859130859 23.6424713134766 22.4951648712158 23.1926689147949 25.0314884185791 26.8492336273193 24.6949348449707 24.2598686218262 25.9917755126953 24.7127819061279 24.7696285247803 25.3857154846191 26.6523971557617 26.4275455474854 26.953441619873 29.46950340271 31.798038482666 26.5557918548584 26.4354152679443 29.7903709411621 31.3837337493896 32.515682220459 28.9965190887451 29.8492393493652 28.7235298156738 28.9918365478516 28.9095134735107 29.4675750732422 28.9730949401855 30.4685039520264 30.2318458557129 30.1206760406494 30.3116493225098 29.4426860809326 32.5842247009277 31.3260440826416 30.0772457122803 28.8932952880859 28.1930599212646 27.4774017333984 27.7121868133545
28.7625179290771 24.8152389526367 23.6969032287598 23.4881820678711 22.6951446533203 23.5054092407227 22.8855152130127 23.392110824585 22.7652549743652 23.4436569213867 25.2375049591064 25.5150318145752 24.6530704498291 24.5486488342285 24.4514255523682 24.9339294433594 25.5474967956543 25.9728317260742 25.0628757476807 25.9798145294189 31.4726028442383 29.6541843414307 26.3203659057617 25.6363353729248 26.0458469390869 26.1780071258545 29.110071182251 31.6529693603516 28.4309921264648 31.183012008667 32.0584564208984 33.3590545654297 30.4842624664307 29.3603363037109 30.2671222686768 30.7502765655518 32.0923652648926 31.7001953125 32.9209060668945 31.0522346496582 30.0359439849854 30.8718147277832 30.1194286346436 30.210542678833 26.3140773773193 26.3970470428467
28.7893238067627 24.6697559356689 24.5243244171143 23.5490436553955 21.8129901885986 23.1501274108887 23.8224716186523 23.1793422698975 23.1566467285156 23.4286098480225 24.2906131744385 23.6712856292725 24.5740776062012 23.9745655059814 28.1507530212402 29.2547378540039 25.1607513427734 25.4690475463867 24.7946929931641 25.7999172210693 30.1495933532715 28.7292213439941 27.4728736877441 25.0429954528809 25.6186637878418 26.2072334289551 26.4236431121826 30.420747756958 29.8219738006592 28.2546100616455 29.4994411468506 29.6828594207764 30.1490917205811 29.7234859466553 29.6537017822266 29.8200073242188 30.7463817596436 31.9324417114258 32.1601867675781 32.0409278869629 31.5978355407715 31.0887393951416 29.6894092559814 29.9169750213623 28.3103523254395 25.7400493621826
27.645393371582 27.7551746368408 27.8199329376221 24.4617938995361 24.2695541381836 23.5182666778564 23.1020736694336 23.201171875 23.7891864776611 23.2258224487305 23.5219879150391 23.0797157287598 24.4666519165039 31.1404190063477 24.3041553497314 25.2149276733398 25.9178028106689 26.0973854064941 25.7012100219727 26.9909839630127 29.6644420623779 29.4240093231201 26.6134166717529 25.8470325469971 25.8798522949219 26.4559745788574 26.1528606414795 26.2443008422852 26.1565532684326 29.9532241821289 31.6457138061523 30.9067821502686 29.5369720458984 30.2041435241699 28.8679962158203 28.4516124725342 31.0236415863037 26.1432209014893 30.8951530456543 31.8726005554199 32.1196441650391 30.0998821258545 32.1765975952148 31.0838794708252 29.6736888885498 27.5242671966553
22.7408962249756 23.5766124725342 24.2473278045654 24.1759510040283 23.6296424865723 22.8107452392578 22.4530544281006 22.1057662963867 23.1704711914062 23.5612392425537 23.2878913879395 23.2264633178711 24.6591033935547 25.654296875 25.6425914764404 25.6239395141602 25.6993312835693 28.6071186065674 29.90354347229 27.0069580078125 26.913932800293 26.8891181945801 25.6359806060791 25.4299240112305 25.6289100646973 26.2403335571289 26.3154144287109 25.7003154754639 29.0189571380615 27.0613193511963 31.5736026763916 30.6226596832275 31.6903553009033 28.8867683410645 29.5695133209229 28.3793525695801 29.9970932006836 28.1364269256592 28.3536224365234 31.8347320556641 28.0532360076904 25.7431221008301 25.5557136535645 30.2828044891357 30.8278980255127 28.3027439117432
22.5508232116699 22.5978031158447 23.0694465637207 23.4742946624756 23.6911430358887 21.7659168243408 21.4873065948486 22.2309169769287 22.7903347015381 23.4097270965576 23.5878372192383 24.102502822876 25.4633197784424 26.2187366485596 26.1816730499268 26.3770523071289 27.7714290618896 27.8683700561523 27.9321517944336 26.8450965881348 26.5797138214111 27.8544330596924 28.0028648376465 27.6441879272461 30.3810386657715 26.005199432373 28.5816383361816 28.0827045440674 26.6614761352539 26.0460834503174 25.6077880859375 33.0920906066895 28.367883682251 28.9910354614258 30.5579490661621 29.5461807250977 30.143310546875 29.0288696289062 26.3056411743164 26.618480682373 31.5695877075195 30.1841621398926 26.461799621582 26.0179214477539 30.0841121673584 29.2910842895508
23.0289916992188 22.4474849700928 22.6289443969727 22.7334804534912 23.1856670379639 21.487003326416 21.2314643859863 21.2694072723389 22.654993057251 23.4449501037598 23.0087051391602 23.1197471618652 24.4112377166748 25.2094230651855 26.262508392334 25.9096755981445 26.4739456176758 27.9438781738281 26.7894859313965 25.8495540618896 26.6875839233398 27.8534717559814 29.731954574585 32.2468109130859 31.7712097167969 31.6751003265381 27.7675914764404 28.7275428771973 26.9731502532959 26.2175159454346 26.1378479003906 31.2969646453857 29.5701179504395 28.2081623077393 28.9516525268555 29.0301513671875 29.0540161132812 29.7920742034912 26.6392917633057 25.5856418609619 25.329418182373 24.9514675140381 29.0894165039062 25.5300846099854 26.4463920593262 28.3374538421631
23.7763366699219 23.1258201599121 23.1988754272461 22.7134952545166 22.8490505218506 21.5916767120361 22.6755924224854 22.2970428466797 22.6187171936035 22.7376155853271 22.874340057373 23.1179828643799 23.1444854736328 24.5124130249023 25.6580944061279 25.435209274292 26.5265102386475 27.4511680603027 26.7244262695312 25.6922149658203 25.8848876953125 29.6891708374023 30.5172920227051 32.2541236877441 31.8042411804199 32.8201789855957 29.1276073455811 31.4355201721191 28.8699398040771 25.9787673950195 26.116605758667 30.0979976654053 30.1161651611328 29.8079833984375 27.9128437042236 28.6792907714844 29.9337596893311 29.9930171966553 31.9822235107422 29.0376567840576 31.2878932952881 30.1023941040039 25.0584983825684 25.5839347839355 30.7422790527344 29.6454277038574
24.5023727416992 24.4441547393799 23.8984432220459 24.0024528503418 23.2792835235596 23.0096321105957 23.0231189727783 22.0154094696045 22.4777965545654 22.3384075164795 21.6364421844482 22.720142364502 22.9389610290527 24.5547962188721 25.0400104522705 24.1729698181152 25.456714630127 25.873363494873 25.8623065948486 26.1553211212158 26.1095542907715 27.5823650360107 28.1096229553223 30.4756546020508 32.6311225891113 30.6980361938477 30.6199245452881 28.9745101928711 29.3665218353271 25.9142169952393 26.0206737518311 28.5769348144531 29.4994678497314 28.0945911407471 29.6382293701172 27.7158966064453 29.7659492492676 28.4299468994141 30.557243347168 26.8883247375488 25.9085178375244 25.4867076873779 27.59743309021 24.9050464630127 26.4022083282471 27.8445930480957
23.430492401123 23.2459888458252 23.4600601196289 23.315465927124 23.2560482025146 23.2703590393066 22.1088409423828 22.1373138427734 21.540864944458 22.0573635101318 21.0942459106445 22.5139102935791 22.0278186798096 23.4965324401855 24.3451061248779 23.3933200836182 23.6570987701416 25.4143543243408 26.1199035644531 27.5621128082275 26.7540187835693 27.1764793395996 28.1980018615723 28.8270626068115 28.9371242523193 29.4306640625 30.1417789459229 31.4165954589844 31.590160369873 30.3082885742188 27.8325595855713 29.0022964477539 29.965181350708 29.40234375 31.5199813842773 32.3418579101562 29.2228202819824 28.0374317169189 28.2370510101318 29.0774879455566 28.4452934265137 27.6793003082275 25.5443000793457 30.0793209075928 30.5701580047607 27.4332790374756
22.6933116912842 23.2559509277344 23.4215412139893 23.3335132598877 22.5602340698242 23.3442344665527 22.3142127990723 21.3480243682861 20.7460651397705 20.6090030670166 20.7296333312988 21.2297325134277 28.520601272583 23.7805919647217 23.4882526397705 23.3581466674805 24.97092628479 25.81569480896 26.2951393127441 26.7791728973389 29.8375930786133 28.5880661010742 28.9888019561768 28.5170803070068 29.1768341064453 30.5053119659424 32.6318626403809 30.2749214172363 30.9863777160645 28.0327320098877 26.2340965270996 29.2405529022217 29.4170570373535 28.1419792175293 30.6368885040283 32.4484634399414 31.3833255767822 28.2268924713135 28.8081321716309 31.3007411956787 26.8775806427002 26.2221584320068 27.9381618499756 27.447452545166 29.8192558288574 29.3402996063232
22.6413173675537 23.0033931732178 22.9908466339111 23.2477836608887 23.2271270751953 23.1375255584717 23.0342426300049 22.0045318603516 21.616813659668 21.6511363983154 20.7775554656982 20.8545207977295 21.710428237915 23.5121326446533 23.4317798614502 24.3001594543457 24.6999473571777 25.0840530395508 26.1388607025146 26.6579284667969 28.096700668335 28.0423889160156 28.0978145599365 27.854549407959 28.6706523895264 30.60085105896 32.497142791748 29.2496910095215 26.1383724212646 26.176887512207 26.2411193847656 30.032434463501 31.5766162872314 28.1965675354004 30.5598926544189 32.2238998413086 28.4812335968018 28.4496307373047 29.6556377410889 30.6309471130371 31.0263919830322 30.7583637237549 24.543737411499 25.2856292724609 25.2244052886963 25.4723739624023
22.8564567565918 22.2215614318848 22.4660930633545 23.0645637512207 23.1649894714355 23.0924282073975 22.7381896972656 22.2900371551514 22.6742649078369 22.28147315979 21.9481639862061 21.819896697998 22.8446311950684 23.2858848571777 23.0580310821533 24.4001445770264 25.0137119293213 25.5234966278076 26.1243782043457 26.3155937194824 29.1180782318115 31.9277496337891 33.3412017822266 26.8587608337402 26.8121433258057 26.8585929870605 26.5915603637695 29.1729507446289 28.2224521636963 29.8238105773926 29.1455154418945 29.5894794464111 28.6334915161133 30.4949932098389 30.7813453674316 26.4479179382324 29.6402587890625 29.4159278869629 31.0601501464844 31.1712894439697 28.4867382049561 29.822925567627 29.247486114502 27.5043754577637 27.501184463501 27.0111560821533
23.8718433380127 22.6980972290039 22.5631580352783 22.1837120056152 22.9358787536621 22.8354339599609 22.7935733795166 23.419771194458 23.0339660644531 22.2813587188721 22.744930267334 23.1610145568848 23.6131553649902 22.5652179718018 22.94553565979 23.9375133514404 25.3352546691895 26.1762351989746 25.5742607116699 26.5933380126953 28.599645614624 31.5145511627197 32.2275428771973 26.8190078735352 26.1445846557617 26.3647441864014 26.8441276550293 26.9076442718506 28.4749279022217 28.7072067260742 31.423168182373 32.7720527648926 33.3479270935059 30.9652538299561 31.8724269866943 28.5955123901367 29.7757873535156 29.9798011779785 29.1638374328613 30.1924018859863 30.8666458129883 28.4095363616943 26.0136032104492 28.5074596405029 28.0838985443115 28.9136924743652
23.5929641723633 22.8430728912354 22.6096096038818 22.6395282745361 22.8300800323486 22.7284622192383 23.2299270629883 24.1749114990234 29.5782241821289 22.4074172973633 24.3296127319336 24.7925186157227 24.8077850341797 22.8015613555908 23.5234107971191 23.6288356781006 24.7157783508301 25.1421375274658 25.0901203155518 26.0602703094482 26.6815757751465 27.2445297241211 29.0764675140381 32.1875534057617 27.1842041015625 26.5933113098145 26.038064956665 26.1824054718018 29.1564559936523 33.4198684692383 29.6233406066895 26.7861976623535 32.5096054077148 30.6097049713135 30.3465728759766 27.0523929595947 29.1526546478271 28.4111709594727 32.0031585693359 31.6390476226807 29.7255039215088 29.7645225524902 29.2346363067627 29.3217811584473 29.3803462982178 30.7359485626221
23.0358371734619 22.8639087677002 22.6485996246338 22.9453239440918 23.0198707580566 23.1814517974854 23.3155422210693 24.9050254821777 24.9303646087646 23.5670337677002 25.6038265228271 26.0759124755859 25.7857532501221 24.4666519165039 24.5893955230713 25.1364936828613 25.574125289917 26.1508903503418 26.3750667572021 26.5453701019287 26.7928314208984 27.2154006958008 25.5559234619141 25.622537612915 26.0868663787842 25.6588115692139 26.0229072570801 31.615743637085 29.2531127929688 32.8919334411621 26.2902050018311 25.6557903289795 26.2687892913818 29.928201675415 30.6356296539307 29.4372653961182 27.9503231048584 29.2299118041992 28.9067420959473 29.8848838806152 31.0452461242676 31.8915863037109 31.6885643005371 31.4343338012695 30.2255687713623 30.599760055542
23.166748046875 23.888988494873 22.8174571990967 23.2855625152588 23.3185710906982 23.9671516418457 24.3365001678467 27.4794406890869 25.5223636627197 25.2984085083008 26.1680774688721 26.9031429290771 26.2957782745361 25.5571308135986 25.7593231201172 26.561731338501 26.9015464782715 26.8517074584961 27.9703636169434 27.641170501709 29.1871013641357 27.6616744995117 26.8220367431641 26.3610286712646 26.6222171783447 26.8629150390625 29.4598770141602 28.482852935791 28.2966918945312 28.5197372436523 27.5927982330322 28.4220199584961 27.2196426391602 29.7090454101562 26.5842304229736 30.0910606384277 31.0704689025879 30.8359279632568 30.7376022338867 28.099910736084 28.6594772338867 30.1356143951416 29.247896194458 30.417896270752 30.9391765594482 30.9835033416748
24.6396312713623 24.5418586730957 23.2867736816406 24.2837829589844 24.3412914276123 24.5699577331543 25.0862598419189 26.2947025299072 25.383020401001 25.8540172576904 27.3954925537109 28.8993701934814 27.0474662780762 26.2933864593506 25.6215057373047 26.3956985473633 26.299446105957 26.7505912780762 27.5809593200684 32.1278495788574 27.5277805328369 27.9198246002197 30.0346393585205 29.3985385894775 29.1925182342529 28.7785186767578 30.4596385955811 29.7019271850586 30.2002773284912 29.6597461700439 28.1287937164307 28.7056560516357 30.5137386322021 30.2820949554443 26.5148372650146 25.8129596710205 26.1521663665771 27.1918621063232 26.76243019104 28.8002090454102 32.3407249450684 31.847505569458 28.8403377532959 28.1543464660645 26.6485042572021 26.8011035919189
23.8577346801758 23.8459568023682 23.9790058135986 25.3113574981689 25.7619495391846 26.1734161376953 27.1536865234375 25.7680625915527 25.1417121887207 25.4845218658447 25.9639911651611 27.8152847290039 27.4518527984619 27.0650768280029 26.1794528961182 28.4707927703857 28.2032566070557 30.4279499053955 32.6756553649902 30.4507007598877 30.701078414917 29.5177669525146 28.8216743469238 29.1962184906006 29.325309753418 28.886302947998 28.8713455200195 28.7797870635986 29.140193939209 30.1845455169678 29.5342121124268 28.9698219299316 26.9089603424072 26.7068042755127 25.7605972290039 28.9056644439697 30.0373134613037 26.4804496765137 26.4509410858154 26.2985725402832 26.1223411560059 28.73486328125 28.2762908935547 29.3610095977783 28.0027084350586 27.3490161895752
