inst/extdata/Tmax/Tmax136.asc
NCOLS 100 
NROWS 79 
XLLCORNER 148.06 
YLLCORNER -21.49 
CELLSIZE 0.01 
NODATA_value -3.4e+38 
[rows 40 to 59 of 79, columns 0 to 45 of 100]
40.755508422851598 40.5005722045898 40.5322570800781 40.5607261657715 40.443489074707 40.5493354797363 40.5134506225586 40.3195266723633 39.8642730712891 40.273868560791 40.8799743652344 41.1961250305176 41.2297172546387 41.2773323059082 41.3385734558105 41.1359977722168 40.8833122253418 40.5445785522461 39.9837417602539 40.4585037231445 40.4470291137695 40.3506736755371 40.287841796875 39.8987998962402 39.0233764648438 38.3917541503906 38.2059173583984 38.2951431274414 38.4056549072266 37.7853012084961 37.1586151123047 37.5783653259277 38.8045845031738 38.5393409729004 38.2866630554199 38.6030082702637 38.5245246887207 38.2091484069824 37.993522644043 37.5548858642578 37.5120162963867 36.6817817687988 36.1260833740234 36.1172485351562 35.8672332763672 35.7100143432617
40.9102363586426 40.5410995483398 40.4241218566895 40.5219955444336 40.4225120544434 40.4989967346191 40.5154495239258 40.4115409851074 40.1704139709473 40.2863655090332 40.6092300415039 40.9550933837891 41.1729583740234 41.3309288024902 41.3715476989746 41.2277145385742 40.9447288513184 40.4599800109863 40.1341361999512 40.2721710205078 40.2918395996094 40.0739097595215 40.244026184082 39.9712905883789 39.3248291015625 38.8390121459961 38.2464981079102 38.1671524047852 38.368766784668 37.9442901611328 37.5303726196289 38.1510391235352 38.8050956726074 38.0758285522461 37.3731269836426 38.1078720092773 38.1589431762695 38.3594551086426 38.3204116821289 38.0930862426758 37.9747276306152 37.2792015075684 35.9325561523438 35.8134536743164 35.8810081481934 35.8391151428223
40.7897491455078 40.7485504150391 40.5457191467285 40.4289855957031 40.486011505127 40.5053672790527 40.493595123291 40.4552268981934 40.4205322265625 40.372859954834 40.4186706542969 40.8866348266602 41.1906585693359 41.3264045715332 41.3381156921387 41.291374206543 41.0806350708008 40.7695617675781 40.5480728149414 40.4991302490234 40.4133644104004 39.7969169616699 39.7256736755371 39.9378929138184 39.9602890014648 39.5318984985352 38.6977844238281 38.3774261474609 38.2988204956055 38.0787658691406 37.2079391479492 38.2529525756836 38.3030967712402 37.2615013122559 36.4729309082031 37.3427581787109 37.3503570556641 37.9740943908691 38.1305122375488 37.8375053405762 37.610179901123 37.6636581420898 37.0832595825195 36.8694915771484 37.2691993713379 38.2226448059082
40.4677619934082 40.5668907165527 40.553092956543 40.5465087890625 40.5728569030762 40.5638198852539 40.5405502319336 40.4890747070312 40.5398979187012 40.5093460083008 40.5158615112305 40.9168014526367 41.150936126709 41.2963714599609 41.3147811889648 41.3281860351562 41.2355155944824 41.0283889770508 40.7572212219238 40.7913665771484 40.6201782226562 40.380012512207 39.7236557006836 39.3800735473633 40.0227241516113 39.8151473999023 39.4279479980469 38.9616775512695 38.6342086791992 38.4615020751953 37.688404083252 37.6135635375977 38.2860527038574 37.7952880859375 37.1716537475586 36.723705291748 36.8147659301758 37.0493774414062 37.265552520752 37.0345458984375 36.5920677185059 37.2914047241211 36.8650512695312 37.772777557373 39.4635772705078 40.036491394043
40.1993522644043 40.3859367370605 40.3655090332031 40.3639831542969 40.5385894775391 40.6452560424805 40.6814002990723 40.6260528564453 40.6819229125977 40.723876953125 40.8827095031738 41.0218620300293 41.1426200866699 41.2370147705078 41.2932167053223 41.3416900634766 41.3174705505371 41.1773414611816 41.0248260498047 40.9756011962891 40.8472709655762 40.7171440124512 40.4241371154785 40.2159042358398 40.0416259765625 39.5942420959473 39.8440017700195 39.7236175537109 39.4087905883789 38.7457160949707 38.1544914245605 38.1542358398438 38.4554977416992 38.6098747253418 38.3210868835449 37.1918334960938 35.9283142089844 35.8900451660156 35.9873008728027 36.3040313720703 36.1832733154297 36.7155685424805 36.2561149597168 37.0534629821777 38.750675201416 40.0653038024902
40.2272300720215 40.2967720031738 40.1478309631348 40.0405197143555 40.2341423034668 40.4428024291992 40.6745491027832 40.786304473877 40.848258972168 40.9340553283691 40.9980125427246 40.9336891174316 40.7179794311523 41.0724411010742 41.2870292663574 41.3305320739746 41.335765838623 41.2698707580566 41.1798515319824 41.1144409179688 41.023624420166 40.9282531738281 40.8706855773926 40.281623840332 39.9427375793457 39.8650360107422 39.9498023986816 39.7840766906738 39.5984039306641 39.1004104614258 37.9001770019531 38.1039428710938 38.3948554992676 38.4513168334961 38.5409240722656 37.6743049621582 36.4416580200195 36.2079925537109 36.2353401184082 36.6493148803711 36.0771789550781 36.4258689880371 36.8023948669434 37.0940628051758 37.9309463500977 39.0455322265625
40.1025428771973 40.0842895507812 40.0909729003906 40.0182456970215 39.921630859375 39.9747085571289 40.4614868164062 40.5794143676758 40.6939239501953 40.7093696594238 40.9157562255859 41.0244140625 40.7846374511719 41.0278167724609 41.2406806945801 41.3121795654297 41.3251304626465 41.2598266601562 41.2173042297363 41.1743469238281 41.0982360839844 41.0393371582031 40.9377670288086 40.4789047241211 39.6851577758789 39.7864456176758 39.9591331481934 39.7398376464844 39.6859550476074 39.5393524169922 38.7689781188965 38.4651412963867 38.1196594238281 38.3636856079102 38.4893455505371 38.0325355529785 37.0262794494629 37.2913551330566 36.7786903381348 37.4463157653809 36.9062919616699 37.0604019165039 37.1688194274902 37.2667007446289 37.2548904418945 37.069164276123
40.5306549072266 39.9270896911621 39.8493194580078 39.7962799072266 39.7689781188965 39.8862266540527 40.1978416442871 40.1525840759277 40.3897132873535 40.4344329833984 40.5092086791992 40.5819129943848 40.7573165893555 41.0230445861816 41.1999092102051 41.3083229064941 41.3036270141602 41.1881141662598 41.0125885009766 40.915470123291 41.0370979309082 40.8685035705566 40.8804168701172 40.8123741149902 40.3706359863281 40.2714042663574 40.2910003662109 40.096061706543 39.9289474487305 39.7099456787109 39.0458831787109 38.7040977478027 38.0191917419434 38.3897666931152 38.4258079528809 38.198600769043 37.7918243408203 38.0019454956055 37.7426872253418 37.9695739746094 37.7129440307617 37.5201148986816 37.3773612976074 37.2284126281738 36.8964920043945 36.667423248291
41.1881370544434 40.4412536621094 39.7200012207031 39.5757217407227 39.6978378295898 39.8730392456055 39.8197898864746 39.8166275024414 40.1374168395996 40.4184303283691 40.4850845336914 40.4786911010742 40.6963310241699 40.9855575561523 41.211368560791 41.2718620300293 41.2848243713379 41.2148742675781 41.048828125 40.8296051025391 40.8919868469238 40.846492767334 40.7648429870605 40.8833885192871 40.7732810974121 40.6648063659668 40.3964691162109 40.2016372680664 40.1099891662598 39.8232460021973 39.4411773681641 39.0038223266602 38.1710815429688 38.313060760498 38.2790985107422 38.3307609558105 38.2435455322266 38.2113761901855 38.0956230163574 37.9144020080566 37.1467094421387 36.9898796081543 37.1741523742676 36.9228515625 36.7890090942383 36.4527969360352
41.438663482666 40.9716720581055 40.1700057983398 39.6187057495117 39.6033782958984 39.591552734375 39.6283645629883 39.9562454223633 40.1802978515625 40.0784454345703 40.6660652160645 40.8945350646973 40.9939155578613 41.0861549377441 41.1755142211914 41.2513618469238 41.2627716064453 41.2093467712402 41.1061019897461 40.9655914306641 40.8596649169922 40.7985763549805 40.6155242919922 40.6478157043457 40.8006973266602 40.7788543701172 40.5702133178711 40.0487327575684 39.5659828186035 39.815486907959 39.5207252502441 39.2314529418945 38.4526824951172 38.1618995666504 37.9552040100098 38.2383499145508 38.3195533752441 38.2177772521973 38.1705627441406 37.8669776916504 37.2005157470703 36.8251113891602 36.9916000366211 36.6346015930176 36.5446662902832 36.4516677856445
41.4331703186035 41.278450012207 40.8487854003906 40.2524719238281 39.739128112793 39.4478759765625 39.6109924316406 39.912425994873 39.9521408081055 40.2380180358887 40.7856559753418 41.0157012939453 41.1318130493164 41.225170135498 41.2391548156738 41.2580490112305 41.1507759094238 41.1570434570312 41.1572113037109 41.0758171081543 40.9628372192383 40.8152542114258 40.6205558776855 40.5355834960938 40.6323089599609 40.664249420166 40.7058563232422 40.4802627563477 40.2035217285156 40.0561370849609 39.5260162353516 39.3751831054688 38.5672225952148 38.1699829101562 37.5771102905273 38.0194702148438 38.1482543945312 38.133358001709 38.1737861633301 37.9901008605957 37.4870109558105 37.328052520752 37.2263832092285 37.0154495239258 36.6999664306641 36.5251121520996
41.4029273986816 41.3802871704102 41.1386795043945 40.5041198730469 39.9445724487305 39.6718826293945 39.6412582397461 39.7187614440918 39.4811744689941 39.6261405944824 40.439510345459 40.8304138183594 40.9961547851562 41.1861152648926 41.262580871582 41.2214050292969 41.1491851806641 41.1430168151855 41.1037940979004 41.0865211486816 40.9887351989746 40.8924255371094 40.7859878540039 40.5834007263184 40.4647979736328 40.399055480957 40.3656044006348 40.4695243835449 40.2480506896973 40.3524742126465 40.3658866882324 39.616584777832 39.0400619506836 38.6049652099609 38.1267013549805 38.2431411743164 38.2056770324707 38.0313453674316 38.1570205688477 38.0548515319824 37.5762329101562 37.4238243103027 37.3072052001953 37.1236267089844 36.6490097045898 36.4608955383301
41.2395935058594 41.3206253051758 41.1845397949219 40.2617034912109 39.4997863769531 39.4713287353516 39.5799026489258 39.4472274780273 39.2016067504883 39.3266792297363 40.3761749267578 40.8318405151367 41.0339698791504 41.2049102783203 41.2100830078125 41.1582946777344 41.1498413085938 41.0884437561035 41.0426635742188 41.0311050415039 41.0334510803223 40.9840278625488 40.8245429992676 40.6252403259277 40.4072341918945 40.2478866577148 40.2250480651855 40.1742782592773 40.160400390625 40.0534515380859 40.2260437011719 40.1071624755859 39.5622711181641 38.9692535400391 38.5438499450684 38.8545341491699 38.8072357177734 38.3462448120117 38.151050567627 38.206226348877 38.042366027832 37.7966613769531 37.4920234680176 37.2486419677734 36.9186668395996 36.5437469482422
41.0444869995117 41.1178512573242 41.2216300964355 40.8123588562012 39.8612899780273 39.5319671630859 39.876579284668 39.3990516662598 39.24755859375 39.3234596252441 40.3341064453125 40.9144592285156 41.1122055053711 41.1946182250977 41.1224670410156 41.0273818969727 41.0246887207031 41.0431671142578 41.0058174133301 40.8991165161133 40.9382362365723 41.0016784667969 40.8595085144043 40.7075805664062 40.5149765014648 40.3542671203613 40.0248184204102 39.8372917175293 39.4970855712891 39.815788269043 39.6502685546875 40.1684303283691 40.2018775939941 39.8660621643066 39.3913345336914 39.4128189086914 39.0650672912598 38.7217025756836 38.4202041625977 38.765453338623 38.3609771728516 38.1027679443359 37.9437980651855 37.8016510009766 37.5290374755859 37.3772811889648
40.9292488098145 40.9073181152344 41.0804748535156 41.0904006958008 40.6724433898926 40.445743560791 40.400520324707 40.063232421875 39.8667526245117 39.8735961914062 40.0495681762695 40.4356842041016 41.0393295288086 41.1577529907227 41.038948059082 40.9522247314453 40.946704864502 40.9880714416504 40.9454231262207 40.8779907226562 40.8913116455078 40.9891967773438 40.9358673095703 40.7606353759766 40.6501884460449 40.4686965942383 40.162654876709 39.9506378173828 39.5529136657715 39.7600746154785 39.1595458984375 39.5611305236816 39.7696685791016 39.7809371948242 39.8853645324707 39.7612342834473 39.4772300720215 39.3320960998535 38.9006729125977 38.4230079650879 38.3439865112305 38.387565612793 38.1522178649902 37.9574012756348 37.9412803649902 37.7935562133789
41.0146446228027 41.013786315918 41.0608863830566 41.0878028869629 40.9756317138672 40.4103622436523 40.4260635375977 40.4817543029785 40.275016784668 40.2313385009766 40.4609756469727 40.8015213012695 41.093620300293 41.1523056030273 41.0548248291016 40.880256652832 40.9330024719238 40.9237670898438 40.7355537414551 40.7113075256348 40.8273468017578 40.9005279541016 40.9403800964355 40.8427314758301 40.7239227294922 40.5757369995117 40.3930702209473 40.1451034545898 39.9812698364258 39.8255233764648 39.4226379394531 39.087718963623 39.2040977478027 39.1608238220215 39.5658683776855 39.2790870666504 39.5290870666504 39.298210144043 38.9543952941895 38.5591583251953 38.3321685791016 38.1295280456543 37.6735687255859 37.1181488037109 37.6428070068359 37.807918548584
41.1184043884277 41.1013488769531 41.0746116638184 41.0586624145508 40.9165229797363 40.1849822998047 39.9999885559082 40.3963928222656 40.2894515991211 39.9910774230957 40.2546424865723 40.8706283569336 41.1063613891602 41.1275253295898 41.0427856445312 40.8672027587891 40.8625411987305 40.6718215942383 40.4335441589355 40.5565986633301 40.8208312988281 40.8318824768066 40.8967704772949 40.8804244995117 40.7211418151855 40.654857635498 40.4900360107422 40.2217483520508 40.1324844360352 39.9151191711426 39.527099609375 38.9042892456055 38.616943359375 38.7396697998047 39.1540641784668 39.2734870910645 38.9290008544922 38.5971374511719 38.7697067260742 38.6953964233398 38.3689918518066 38.1504936218262 37.648738861084 36.8833198547363 37.2881088256836 37.6209106445312
41.168529510498 41.1364135742188 41.0930213928223 41.059886932373 41.0199737548828 40.7043647766113 40.297233581543 40.0693664550781 40.0701942443848 39.8690795898438 40.3049392700195 40.8812408447266 41.0857238769531 41.0887832641602 41.0049514770508 40.8326721191406 40.6861991882324 40.4989356994629 40.3894462585449 40.6278343200684 40.7362365722656 40.7989273071289 40.758659362793 40.8408889770508 40.7787475585938 40.6889991760254 40.5361518859863 40.2847366333008 40.1657981872559 39.9762840270996 39.5877990722656 39.4017333984375 38.9718742370605 38.7879829406738 38.7277412414551 38.8556327819824 39.1017227172852 38.9525451660156 38.6093559265137 38.4121017456055 38.2146453857422 38.0302810668945 37.791633605957 37.4883003234863 36.8870964050293 37.145881652832
41.1985092163086 41.1525344848633 41.1078071594238 41.0925598144531 41.0216369628906 40.8244018554688 40.572639465332 40.0394477844238 39.9354591369629 40.1013450622559 40.5190353393555 40.9049911499023 41.0392875671387 41.0266189575195 40.9030723571777 40.7474250793457 40.4832344055176 40.4073524475098 40.5015449523926 40.5221939086914 40.6472320556641 40.6000480651855 40.4307746887207 40.6509094238281 40.8032836914062 40.6865882873535 40.4930419921875 40.3503570556641 40.2201881408691 40.1143989562988 39.9288749694824 39.7288589477539 39.4353561401367 39.3750839233398 39.0654449462891 38.7431564331055 38.8371925354004 38.8957405090332 38.6730499267578 38.5235061645508 38.3840065002441 38.166374206543 37.5962219238281 37.2326583862305 37.3407363891602 37.3482284545898
41.2099456787109 41.2191581726074 41.1686096191406 41.1311988830566 41.0253601074219 40.921802520752 40.8318138122559 40.5014533996582 40.0729560852051 40.1552848815918 40.2986030578613 40.5764770507812 40.8288230895996 40.865348815918 40.8057403564453 40.6743316650391 40.4921493530273 40.3726921081543 40.2665748596191 40.3003044128418 40.5062637329102 40.5169677734375 40.2922019958496 40.6431465148926 40.8232727050781 40.7163276672363 40.574104309082 40.4304275512695 40.3525390625 40.240650177002 40.122688293457 39.9268341064453 39.6234664916992 39.8018417358398 39.6719665527344 39.3192176818848 38.9072532653809 38.7943534851074 38.8950271606445 39.2625465393066 38.5653190612793 38.3162231445312 37.9375534057617 37.2993774414062 37.2247848510742 37.1033096313477
