inst/extdata/Tmax/Tmax105.asc
NCOLS 100 
NROWS 79 
XLLCORNER 148.06 
YLLCORNER -21.49 
CELLSIZE 0.01 
NODATA_value -3.4e+38 
[rows 0 to 19 of 79, columns 0 to 45 of 100]
35.309188842773402 34.9457473754883 33.8824195861816 34.3024291992188 34.4774322509766 34.9730415344238 35.2136764526367 35.422119140625 35.3891983032227 35.2039108276367 34.6803283691406 34.4632415771484 34.386173248291 33.0073661804199 33.5709571838379 34.0614624023438 34.5247764587402 34.4967422485352 33.5865211486816 32.8458251953125 32.6953086853027 31.6529426574707 32.1521110534668 33.6224212646484 34.2192306518555 34.5200576782227 34.3987655639648 34.4622650146484 34.1155166625977 33.703052520752 32.7118988037109 30.5946464538574 32.0604782104492 31.9759979248047 30.6211776733398 29.3789596557617 29.267297744751 28.847843170166 29.7337608337402 31.8810539245605 33.6587982177734 33.9844131469727 34.8391609191895 35.2309761047363 35.4308738708496 35.579647064209
35.1084632873535 34.5412292480469 33.6950263977051 33.8133926391602 33.1895980834961 34.2321510314941 34.8963394165039 35.2836303710938 35.4479293823242 35.3259735107422 34.9493865966797 34.6087760925293 34.7542877197266 34.2892875671387 34.1158752441406 34.0002136230469 34.4938354492188 34.5370254516602 33.4132499694824 32.7486305236816 33.362907409668 33.0908126831055 32.9778366088867 33.4976387023926 34.0491981506348 34.2737007141113 34.620777130127 34.568042755127 34.3344573974609 34.1003265380859 33.139533996582 31.5454139709473 32.9085998535156 32.4425659179688 31.6808166503906 30.5847969055176 30.0962619781494 30.5355739593506 31.7914085388184 33.1064872741699 34.8522186279297 35.3457870483398 35.493091583252 35.4968605041504 35.5623970031738 35.6123466491699
35.0918159484863 34.1947975158691 34.3354377746582 34.4967155456543 33.9939651489258 34.142448425293 34.6232948303223 35.2953109741211 35.520149230957 35.3770408630371 35.0582504272461 34.9261360168457 34.8369903564453 34.7897338867188 34.4565734863281 34.3001518249512 34.5658416748047 34.7504997253418 34.1017990112305 33.8971214294434 33.7423362731934 33.3834953308105 33.1324081420898 33.2879791259766 34.2836380004883 34.6102027893066 34.4408950805664 34.4246788024902 34.4364051818848 34.0873756408691 34.1660537719727 33.0342292785645 33.3314361572266 31.9089374542236 31.5705509185791 30.8469982147217 30.2669696807861 29.7277126312256 30.9340133666992 32.3464851379395 33.9785232543945 35.1765289306641 35.5527839660645 35.63525390625 35.6177558898926 35.5690536499023
35.3345909118652 34.9537963867188 34.5779609680176 35.3105888366699 34.7308197021484 34.2570991516113 34.7130813598633 35.3902359008789 35.6037254333496 35.4594383239746 35.3045501708984 35.2773971557617 35.1693992614746 34.9923629760742 34.5024566650391 34.3189926147461 34.7599716186523 34.8246040344238 34.5811576843262 34.0513496398926 33.6916084289551 33.2710227966309 33.3775672912598 33.3500938415527 34.0528526306152 34.5787124633789 34.1717071533203 34.495433807373 34.2927017211914 33.3345146179199 34.0053939819336 34.1098251342773 33.244026184082 31.7940349578857 31.143913269043 30.1430759429932 30.4805507659912 29.9158191680908 29.7948589324951 29.2421073913574 31.0693416595459 34.2507629394531 35.3398590087891 35.6023979187012 35.317684173584 35.2064514160156
35.9878425598145 35.3627090454102 35.0909652709961 35.5868911743164 35.3277130126953 34.5896301269531 34.6498870849609 35.4269409179688 35.6179084777832 35.1909866333008 35.211109161377 35.4703750610352 35.3374481201172 35.0228424072266 34.6098327636719 34.8069152832031 34.9247856140137 34.6278686523438 34.1019096374512 33.2575416564941 33.4881858825684 33.7052841186523 33.8726692199707 34.1184196472168 34.1414566040039 33.7650146484375 34.6607360839844 34.2112846374512 34.0705871582031 33.5051307678223 33.9446716308594 33.7498550415039 33.3985786437988 32.2510299682617 31.6609573364258 32.0417442321777 31.6965274810791 31.0698089599609 30.4528846740723 29.6074295043945 29.2136669158936 33.2383880615234 35.0061378479004 35.5017509460449 34.7137680053711 33.8849601745605
36.1680755615234 35.8968276977539 35.0821685791016 35.6096115112305 35.7101173400879 35.2311401367188 34.9158325195312 35.4720687866211 35.6789169311523 35.3510894775391 35.2345161437988 35.571231842041 35.399772644043 35.0869102478027 34.3236389160156 34.942943572998 34.8672218322754 34.344970703125 33.7156829833984 33.2402420043945 33.3735694885254 33.6959114074707 34.0831108093262 34.097599029541 34.4644241333008 34.3512992858887 34.469108581543 33.5741004943848 33.5848770141602 32.3211097717285 33.2052688598633 33.7952156066895 33.9239120483398 33.545467376709 33.1413612365723 33.0804634094238 32.1072235107422 31.5459156036377 31.1764793395996 30.2320518493652 29.6592350006104 32.7414932250977 34.8801574707031 35.4603729248047 34.9018249511719 32.4865036010742
36.3956413269043 36.1080665588379 35.6722183227539 35.8903770446777 35.8468208312988 35.4147682189941 34.6593933105469 35.3458557128906 35.5865745544434 35.7684135437012 35.7133674621582 35.5452308654785 35.049877166748 35.200511932373 35.1803398132324 35.0249252319336 34.8159790039062 34.1598739624023 33.9235343933105 33.5811462402344 32.9092407226562 33.1728401184082 33.7503089904785 34.2303581237793 34.668773651123 34.5954093933105 34.6405181884766 34.0027236938477 33.586555480957 32.1741065979004 32.1979522705078 32.3575706481934 33.5178527832031 33.7359886169434 33.2025947570801 33.086971282959 32.4260597229004 30.797191619873 31.0982990264893 30.592887878418 30.4190692901611 32.5314750671387 34.6420936584473 35.2021026611328 34.9589233398438 33.0162658691406
36.3910140991211 36.2939758300781 35.9684371948242 36.0196189880371 35.9872398376465 35.6853942871094 35.0008811950684 34.8662414550781 35.2588691711426 35.6888313293457 35.8364677429199 35.5025100708008 34.7064895629883 34.9920425415039 35.286376953125 34.4730072021484 34.4359512329102 33.5328483581543 33.4609718322754 33.1977386474609 32.414134979248 32.9995765686035 33.5392150878906 34.2272109985352 34.814826965332 34.8467254638672 34.3697280883789 33.8425598144531 33.6425819396973 32.7406883239746 31.1845397949219 31.5510711669922 31.9730377197266 32.7038650512695 33.1857261657715 32.4779472351074 32.5855979919434 31.5483417510986 30.3753929138184 30.7328987121582 31.002799987793 32.3636627197266 33.5980415344238 34.814022064209 34.7682723999023 32.6292304992676
36.1012229919434 36.3912239074707 36.2114868164062 36.1693878173828 36.0270652770996 35.7462921142578 35.3276481628418 34.7807006835938 35.0096740722656 35.6527252197266 35.8602981567383 35.8137893676758 35.5776138305664 35.4118118286133 34.9888305664062 34.0840530395508 34.3409194946289 34.0531883239746 34.2359809875488 33.1412467956543 33.1602516174316 32.9988174438477 33.138858795166 33.9758224487305 34.7061157226562 34.9445190429688 33.8495941162109 32.8035583496094 32.9267616271973 32.8331680297852 32.1407241821289 31.4961910247803 30.9992351531982 31.5709476470947 32.6817169189453 31.965461730957 31.704008102417 31.6623020172119 30.5517692565918 30.1865653991699 30.4667377471924 30.6144218444824 31.7096672058105 33.6385078430176 34.2096977233887 32.7321968078613
35.7515106201172 36.2756042480469 36.3733749389648 36.2189407348633 35.986270904541 35.8570785522461 35.6336402893066 35.0907363891602 34.7078285217285 35.5526542663574 35.8573036193848 35.3888473510742 34.5340347290039 34.6329727172852 34.777458190918 34.7649307250977 34.8299942016602 34.6626472473145 34.4265747070312 34.0653419494629 33.6873321533203 32.9386405944824 33.3605880737305 34.3929328918457 34.9584617614746 34.8507118225098 34.0159072875977 33.8360786437988 33.2367401123047 32.6332473754883 31.1527843475342 30.7143630981445 32.0177879333496 31.8663177490234 31.6346836090088 31.3707733154297 31.1298408508301 31.4985122680664 30.8647155761719 29.9941844940186 30.0512561798096 29.4153900146484 30.4394512176514 31.849494934082 32.2466354370117 31.505298614502
35.355827331543 35.7625312805176 36.3902130126953 36.2903175354004 36.1458740234375 36.0613212585449 35.8483352661133 35.4133529663086 35.4109764099121 35.7125930786133 35.9039688110352 35.4625473022461 35.0731430053711 34.1794586181641 34.4081192016602 34.7787628173828 34.9576644897461 35.2114219665527 34.6786918640137 34.4535980224609 33.9811325073242 33.5525970458984 33.660888671875 34.3716621398926 34.9218597412109 34.8242378234863 33.998779296875 33.1000328063965 31.9070339202881 31.9223098754883 31.5056571960449 31.4596538543701 32.5111351013184 32.2193565368652 31.1564483642578 30.8684997558594 31.4570846557617 31.1300239562988 30.6911315917969 30.0514984130859 30.13454246521 29.8516330718994 29.4559707641602 30.3374977111816 30.8732776641846 31.2651691436768
35.1526412963867 35.2599716186523 36.3454132080078 36.3625221252441 36.2763862609863 36.1425132751465 35.9546432495117 35.5645942687988 35.6292991638184 36.0023307800293 35.9548301696777 35.7373886108398 35.3071823120117 34.7215347290039 34.6143112182617 35.0065841674805 35.4132614135742 35.4142456054688 35.1129302978516 34.5641021728516 33.9599914550781 33.5741004943848 33.7917327880859 33.9961585998535 34.2828063964844 34.7162704467773 33.5411834716797 32.5884895324707 31.8716106414795 32.1779861450195 32.2771835327148 32.1972312927246 32.7224006652832 32.095272064209 31.8096237182617 31.7197513580322 31.2247219085693 30.5377254486084 31.1838359832764 31.4779949188232 30.9710750579834 30.457202911377 29.8477478027344 30.3970947265625 31.0475578308105 31.5445995330811
35.3438873291016 35.9811859130859 36.3278427124023 36.2975120544434 36.3290214538574 36.2303085327148 36.0810470581055 35.6412506103516 35.7648811340332 36.1599922180176 35.9368629455566 35.8724746704102 35.6279716491699 35.7344207763672 35.632926940918 35.6275520324707 35.6664009094238 35.5816307067871 35.3249588012695 34.7004127502441 34.383731842041 34.6048393249512 34.9466094970703 35.2516784667969 35.0897674560547 34.5881423950195 34.3629951477051 33.7819747924805 33.3521308898926 33.1449279785156 33.2416191101074 33.0103073120117 32.9105949401855 32.2274551391602 31.564022064209 31.0386390686035 30.414192199707 31.7615699768066 32.1271476745605 32.0781707763672 30.4785327911377 30.4164428710938 29.8520679473877 29.546760559082 31.1240100860596 31.8196430206299
35.8787269592285 36.1634941101074 36.2546997070312 36.1741790771484 36.2101974487305 36.2869453430176 36.237548828125 36.1091384887695 35.8748207092285 36.0602874755859 36.0414962768555 35.9757423400879 35.8375511169434 35.7311058044434 35.6185264587402 35.5418968200684 35.7435569763184 35.6498107910156 35.4936408996582 35.3738861083984 35.266773223877 35.2415313720703 35.0097236633301 35.1725540161133 34.6481704711914 33.4211616516113 33.3793525695801 32.8915328979492 32.2358818054199 33.1972770690918 33.5555648803711 33.5291404724121 32.6330223083496 32.2812690734863 32.1530494689941 32.1009635925293 32.0958557128906 31.7357749938965 32.5081329345703 32.9425354003906 32.3279876708984 31.8030681610107 31.0457553863525 30.4106159210205 31.6993827819824 32.3202171325684
34.941764831543 35.6688117980957 36.2076454162598 36.142017364502 36.0100631713867 36.1482582092285 36.1179847717285 35.9321975708008 35.4400901794434 35.5162582397461 35.9402236938477 35.7269897460938 35.1040878295898 35.3284950256348 35.5721015930176 34.9169921875 35.4741058349609 35.7131652832031 35.6690635681152 35.625602722168 35.5748481750488 35.0999145507812 34.3355255126953 34.8348045349121 34.6444358825684 34.3308906555176 34.2616767883301 33.865364074707 33.4392776489258 33.7771148681641 33.7410125732422 33.4432754516602 32.9186210632324 33.231128692627 33.2021446228027 32.0835914611816 32.7782745361328 31.7754402160645 32.1808090209961 33.1211090087891 33.1128540039062 32.8250503540039 31.9267463684082 30.9520206451416 31.7246131896973 32.6631622314453
33.887523651123 35.1333274841309 36.0550308227539 36.2297019958496 36.1668128967285 36.1543769836426 36.0514221191406 35.9352951049805 35.6910057067871 35.0867042541504 34.6214752197266 35.5402488708496 34.5462265014648 34.1910781860352 35.2718048095703 34.8556785583496 34.8571395874023 35.442211151123 35.4953117370605 35.5148506164551 35.5447959899902 35.5344886779785 35.3843307495117 35.1153869628906 34.6205787658691 34.1707992553711 34.2129211425781 34.1561965942383 34.1044998168945 33.8994789123535 33.7105979919434 33.2388381958008 32.9230842590332 33.7137908935547 33.5823173522949 33.2740211486816 33.3062057495117 32.638671875 32.2375640869141 33.0696182250977 33.3205299377441 32.5860404968262 31.0908355712891 29.8095951080322 30.3503131866455 32.4187202453613
35.0770835876465 34.9062881469727 35.6267852783203 35.8719673156738 36.1612663269043 36.1424026489258 36.0214805603027 35.872917175293 35.7057762145996 35.3749351501465 34.6187362670898 35.1443748474121 33.9054756164551 33.6326522827148 34.5529518127441 34.3998603820801 33.6081504821777 34.9403648376465 34.952808380127 34.9486618041992 35.2787132263184 35.4914093017578 35.3917922973633 34.8953895568848 33.9071006774902 33.2400321960449 32.8049621582031 33.2205238342285 33.8995971679688 33.2319374084473 32.9934577941895 32.1211967468262 32.9804458618164 34.0035362243652 33.7997779846191 33.585693359375 33.6615943908691 33.1670036315918 32.7479858398438 33.1052513122559 33.3628196716309 32.0592803955078 30.9080829620361 31.2924499511719 31.7247295379639 32.4443283081055
35.225284576416 35.6686935424805 35.7781600952148 35.8138465881348 36.0022354125977 36.0892791748047 36.0362091064453 35.9550323486328 35.788028717041 35.2599639892578 34.8096961975098 34.3819885253906 33.9241256713867 33.5198020935059 34.1513481140137 34.0035285949707 34.0583457946777 33.8644561767578 33.585823059082 33.5848541259766 34.9756813049316 35.3212394714355 35.3160247802734 35.2079277038574 34.5222702026367 33.1849174499512 31.5846042633057 32.5569038391113 33.5205688476562 32.4289627075195 32.8892250061035 33.5937080383301 33.9589385986328 34.300163269043 34.2138442993164 33.9955749511719 33.4519424438477 32.4967918395996 33.0492630004883 33.3370742797852 33.7319679260254 33.3453636169434 33.1846809387207 33.1769905090332 33.1379318237305 32.4960098266602
35.4985389709473 35.5085067749023 35.3491630554199 35.4895439147949 36.0441780090332 35.9391441345215 35.978816986084 35.9794769287109 35.8893737792969 35.4917488098145 34.2037200927734 34.3274612426758 33.8422775268555 32.5662155151367 33.4330444335938 33.1860618591309 33.0152854919434 32.2398681640625 33.2191734313965 33.6694946289062 34.968448638916 35.0201416015625 35.2011909484863 35.342845916748 34.3566360473633 33.1312408447266 31.8250732421875 32.7411193847656 33.4708862304688 32.9166984558105 33.5094299316406 34.0475730895996 34.5123176574707 34.5366706848145 34.0403251647949 33.7538566589355 33.3517456054688 33.0578765869141 33.6896133422852 33.8077125549316 33.8719444274902 33.7996368408203 33.6712188720703 32.9353561401367 31.9785270690918 31.9541091918945
35.6616249084473 35.6745758056641 35.6669692993164 35.521167755127 36.0534324645996 36.0715560913086 36.0223579406738 35.9761581420898 35.9157600402832 35.8174133300781 35.4529418945312 34.6096534729004 33.660701751709 32.3242492675781 32.7074851989746 32.6834030151367 32.209300994873 32.5529632568359 32.8579559326172 34.0620880126953 34.9886589050293 34.5243988037109 35.3596153259277 35.1992454528809 34.5287017822266 34.2673225402832 33.058708190918 33.1999244689941 33.6208648681641 33.4386138916016 34.160774230957 34.1446838378906 34.6740531921387 34.6093902587891 34.4532051086426 34.1863861083984 33.2376594543457 33.4518089294434 33.7727165222168 33.7846450805664 33.8419952392578 33.7019805908203 33.6300849914551 33.0565299987793 32.9888381958008 32.8581809997559
