inst/extdata/Tmax/Tmax31.asc
NCOLS 100 
NROWS 79 
XLLCORNER 148.06 
YLLCORNER -21.49 
CELLSIZE 0.01 
NODATA_value -3.4e+38 
[rows 0 to 19 of 79, columns 0 to 45 of 100]
34.306056976318402 34.3965644836426 33.6879577636719 34.6796646118164 34.6910285949707 34.9689865112305 34.964427947998 34.6856689453125 34.437255859375 34.588508605957 34.1607627868652 34.1551208496094 34.1597595214844 33.0496063232422 33.4878997802734 33.8449287414551 34.0472145080566 34.0880470275879 32.7263031005859 32.1475143432617 31.2381744384766 29.8521118164062 30.3446559906006 31.7232913970947 32.3338165283203 32.951057434082 32.5370750427246 32.4975471496582 32.7526817321777 32.3648643493652 30.3044166564941 28.3498249053955 26.4240703582764 26.5623092651367 25.2912673950195 23.9454612731934 23.5120506286621 23.188943862915 23.8798007965088 25.8250751495361 27.4872589111328 27.7838516235352 28.2786197662354 33.7778549194336 33.3586807250977 32.311351776123
34.9444198608398 33.9142456054688 32.5160179138184 33.2181625366211 33.1985893249512 34.2310333251953 34.678150177002 34.8235473632812 35.368522644043 35.4556159973145 34.8752479553223 33.9157600402832 34.5376815795898 33.5013618469238 33.7743835449219 33.4375991821289 34.2415504455566 34.0377082824707 33.253288269043 32.3255233764648 32.5470924377441 31.7316837310791 31.461820602417 31.8888759613037 32.340747833252 32.8392486572266 33.2173500061035 33.1791877746582 32.8549461364746 32.4076843261719 31.3036289215088 29.3463459014893 27.1593704223633 29.4406185150146 26.1924076080322 24.8488712310791 24.2298412322998 25.1899394989014 26.3222370147705 27.1221179962158 28.3852977752686 28.3525714874268 31.5128440856934 32.3003387451172 32.9070663452148 31.7616004943848
34.7628593444824 33.8078918457031 33.828052520752 34.373348236084 33.7408180236816 34.0894355773926 34.4973526000977 34.9832954406738 35.3712043762207 35.452766418457 34.9499702453613 34.2078285217285 34.5160713195801 34.0765190124512 33.5137138366699 33.5422172546387 33.6285133361816 33.9133110046387 33.113525390625 32.6128807067871 32.0983200073242 32.3659019470215 31.8625984191895 32.154613494873 32.9780921936035 33.1481857299805 33.1422119140625 33.1140594482422 33.3085403442383 32.7530860900879 32.9964065551758 31.6004867553711 32.6263847351074 29.4760761260986 31.4387855529785 25.4946765899658 24.4815196990967 24.1670398712158 25.323637008667 26.4455375671387 28.0216541290283 34.1105003356934 33.9680442810059 30.559383392334 30.3981285095215 32.9397392272949
35.2899284362793 35.0868492126465 34.1454658508301 35.1674499511719 34.4147033691406 33.9045066833496 34.4911079406738 34.8990058898926 35.1959381103516 35.3764381408691 35.1644554138184 34.637321472168 34.5352592468262 34.5428047180176 34.1953201293945 34.1270637512207 34.2389793395996 33.7975997924805 33.5986022949219 32.6099166870117 32.3496398925781 32.0817680358887 32.1809997558594 32.1969223022461 32.8149223327637 33.0335922241211 32.9804649353027 32.9694175720215 32.6492042541504 31.8509845733643 32.0278930664062 33.0892372131348 31.763204574585 29.6252174377441 25.6918792724609 24.749963760376 24.9522972106934 24.3713932037354 24.325590133667 23.840705871582 25.4856071472168 27.6782722473145 31.0673370361328 34.5787086486816 28.7586688995361 28.8168716430664
35.9233474731445 35.1692962646484 35.0205993652344 35.5283660888672 35.1427574157715 34.6837730407715 34.0728073120117 34.9964599609375 35.8120994567871 35.1105690002441 35.2948913574219 34.9700660705566 34.9069480895996 34.7764205932617 34.3163795471191 33.9654846191406 33.9652099609375 33.4270210266113 32.7452964782715 31.9681739807129 31.995735168457 32.4787368774414 32.5031433105469 32.7280082702637 32.4365196228027 32.3696327209473 33.554573059082 32.7987022399902 32.6630783081055 32.8635139465332 32.2301254272461 32.4232330322266 31.6608333587646 30.7567005157471 31.2725353240967 26.3707656860352 25.8737659454346 25.3631935119629 24.0143890380859 23.9158992767334 23.7528800964355 27.2935180664062 30.3373508453369 32.2982292175293 28.2380504608154 27.4440727233887
36.4200553894043 35.8236618041992 35.1281433105469 35.4263954162598 35.6124458312988 35.0658645629883 35.0362930297852 35.2558288574219 35.4284210205078 35.2502632141113 35.1275100708008 35.530445098877 35.0712814331055 34.5915832519531 33.6941757202148 33.9680709838867 33.8951454162598 33.1254806518555 32.4207077026367 31.8351039886475 31.8877334594727 32.5477447509766 32.6347503662109 32.5614128112793 33.3289070129395 32.9369812011719 33.061107635498 32.0720367431641 31.892599105835 31.2427501678467 30.3734340667725 31.3686580657959 32.0382843017578 31.171443939209 30.7454967498779 31.0672721862793 26.4883861541748 25.922534942627 25.4002475738525 24.8365459442139 23.9819812774658 26.3705863952637 31.3799514770508 30.3295135498047 28.4723682403564 25.8846645355225
35.4419364929199 36.0523719787598 35.9473533630371 36.2417221069336 35.71923828125 35.3964385986328 34.5115356445312 34.8067855834961 35.3733100891113 35.5453910827637 35.7848777770996 35.7935256958008 34.7955436706543 34.2583618164062 34.1763687133789 34.2061157226562 33.7054595947266 32.9854774475098 32.501277923584 31.969123840332 31.3715629577637 32.0531921386719 32.5291175842285 32.7781410217285 33.0762710571289 33.4349021911621 33.3339042663574 32.4816856384277 32.2721366882324 30.5067157745361 29.6424140930176 28.8295192718506 30.0752086639404 30.8807201385498 30.7544193267822 30.3188381195068 26.8268642425537 25.1033592224121 25.2142124176025 25.0616073608398 25.0008411407471 26.6707286834717 32.2248840332031 33.2721519470215 28.7128295898438 31.5744552612305
36.0914077758789 35.5694999694824 36.3376274108887 36.4599533081055 35.8334617614746 35.5939826965332 34.6052780151367 34.7179641723633 35.2564659118652 35.4193420410156 35.3574600219727 35.1800117492676 34.4283180236816 34.9182167053223 34.7712936401367 33.5512084960938 33.2358169555664 32.4808807373047 32.965160369873 31.7794094085693 30.7792682647705 31.3807487487793 31.8827819824219 32.8791389465332 33.1417846679688 33.4072494506836 33.1839141845703 32.2465629577637 31.8433723449707 31.3539619445801 29.2254219055176 28.7906799316406 29.5247611999512 29.3292198181152 29.8735008239746 30.1437911987305 26.1229724884033 25.2209396362305 24.7837696075439 25.2418155670166 25.3877277374268 26.4644165039062 27.4747714996338 28.510913848877 28.6026287078857 26.5426330566406
35.3693237304688 35.9823150634766 35.6408004760742 35.7980918884277 35.7180862426758 35.6910095214844 35.2952537536621 34.5613670349121 34.9366111755371 35.330135345459 35.4562911987305 35.8674850463867 36.0974617004395 34.9650497436523 34.579948425293 33.3301734924316 33.1326370239258 33.0461502075195 33.2671279907227 31.9695129394531 31.966682434082 31.5778503417969 31.9132308959961 32.7752075195312 33.2437438964844 33.5228271484375 32.5868263244629 30.9980449676514 31.4531173706055 31.3018836975098 30.2529830932617 29.2694416046143 28.9355697631836 28.3034629821777 30.9066410064697 28.8732318878174 29.7339305877686 30.0150833129883 24.9404983520508 24.7647686004639 24.8460559844971 25.0350799560547 25.552303314209 27.1159191131592 27.7198963165283 26.459400177002
34.7597846984863 35.6413230895996 35.848991394043 36.3278732299805 35.6990509033203 35.7827568054199 35.334114074707 34.8669815063477 35.0569458007812 34.9773025512695 35.3868255615234 35.4590339660645 34.4333572387695 34.3423309326172 34.3051223754883 34.0640678405762 33.899299621582 33.6040992736816 33.0795974731445 32.9260177612305 32.9275169372559 32.0712356567383 32.4767417907715 33.2596664428711 33.9577789306641 33.8534164428711 32.7515487670898 32.1791152954102 31.4368896484375 30.3006458282471 29.4246292114258 29.0308666229248 29.1560134887695 29.8010234832764 30.2023487091064 28.5084552764893 25.5026435852051 28.8536357879639 25.5068836212158 24.5000686645508 24.4888916015625 24.1100540161133 24.757116317749 25.840087890625 25.8880977630615 25.6067981719971
35.1081619262695 36.0966644287109 35.9333038330078 35.4173240661621 36.1585311889648 36.3227424621582 35.7677612304688 35.2178268432617 35.3006172180176 35.263744354248 35.5904426574707 35.0529403686523 34.8025169372559 33.7033615112305 33.8507118225098 33.866870880127 33.8080596923828 33.9398612976074 33.5414237976074 33.505931854248 32.3891372680664 32.3247833251953 32.1579818725586 33.0248603820801 33.298656463623 34.1304473876953 32.513988494873 30.6823539733887 29.9274311065674 29.7386112213135 29.3232975006104 29.7699756622314 30.5061340332031 30.4302921295166 29.8570785522461 28.0680179595947 25.6678371429443 25.3324661254883 25.3154811859131 24.4958171844482 24.596607208252 24.1228466033936 23.968204498291 24.7554492950439 25.2467651367188 25.5764579772949
35.606616973877 35.0198440551758 35.5916557312012 35.7252616882324 35.7973175048828 36.736328125 36.0475616455078 35.3335571289062 35.1419372558594 35.385082244873 35.0881004333496 35.5797119140625 35.242733001709 34.7152824401855 34.4814147949219 34.2554016113281 34.4585800170898 34.2547607421875 34.0424652099609 33.3778190612793 32.5820503234863 32.1428375244141 32.5983200073242 32.5595550537109 32.4003028869629 32.974796295166 31.4660816192627 30.7044582366943 30.1423873901367 30.4096870422363 30.6974487304688 30.6738109588623 30.6343955993652 30.1188125610352 30.0237903594971 28.9502639770508 29.7105350494385 24.6881046295166 25.3307056427002 25.5805206298828 25.3465728759766 25.0014781951904 24.1058254241943 24.8777408599854 25.1574153900146 25.2503185272217
35.7135581970215 35.7770767211914 35.7626190185547 36.4708290100098 36.3465919494629 36.4190406799316 35.7638626098633 35.0782699584961 35.4047546386719 36.3536567687988 35.3712196350098 35.721435546875 35.0571022033691 35.5364151000977 35.0726776123047 34.7642097473145 35.2536163330078 34.7285232543945 34.4688301086426 33.2196846008301 33.0136108398438 33.413688659668 33.4613914489746 33.8890075683594 33.7515182495117 33.2384719848633 32.8626174926758 32.0600128173828 31.2477436065674 30.9318408966064 31.7740154266357 31.4807891845703 31.3180370330811 30.814266204834 29.4557075500488 28.7081356048584 27.5397129058838 28.9571838378906 27.873779296875 26.1971893310547 24.6619892120361 24.4140148162842 23.9785099029541 23.706974029541 25.464225769043 25.8314208984375
36.3475036621094 36.5557441711426 35.2620811462402 35.7539672851562 35.3342018127441 35.3530883789062 36.0991668701172 35.5359268188477 35.7528686523438 35.6885681152344 35.6430778503418 35.4694595336914 35.1103744506836 34.6609420776367 34.9993324279785 34.613899230957 34.9934501647949 34.7134323120117 34.5266876220703 33.8762092590332 34.0834083557129 34.1476669311523 33.8962936401367 34.0147132873535 33.2830581665039 31.6126976013184 31.2096996307373 31.1628513336182 30.4578704833984 30.8822994232178 31.770788192749 31.5624561309814 31.0740509033203 30.2994823455811 29.631929397583 31.18479347229 29.7019577026367 25.9888038635254 30.1432094573975 31.5097103118896 30.718412399292 26.1247882843018 25.1893520355225 24.9769859313965 25.5836029052734 26.4309597015381
34.9095916748047 35.0724143981934 35.5582542419434 35.9757766723633 35.7351303100586 35.5516204833984 35.5609512329102 36.2639656066895 35.2326545715332 35.0016555786133 35.0557632446289 34.8426780700684 34.2552032470703 34.1705627441406 34.4634284973145 33.9713439941406 34.7583656311035 34.7984428405762 34.6363906860352 34.734748840332 34.4600791931152 33.8266258239746 33.1012153625488 33.2040214538574 33.0898475646973 32.9285430908203 32.6394119262695 32.0695152282715 31.5156059265137 32.2039260864258 31.5556392669678 31.9000663757324 31.7052040100098 31.7586650848389 31.3793544769287 29.9458293914795 30.6612606048584 30.1651878356934 29.964282989502 31.4457263946533 31.1802577972412 31.2301445007324 26.0821342468262 25.1892700195312 25.6785507202148 26.6989250183105
33.3686637878418 34.8080520629883 35.6997184753418 35.4048233032227 36.1093673706055 36.0693283081055 35.8526611328125 35.4367485046387 36.0219993591309 35.537525177002 34.1022758483887 34.8257446289062 33.7181968688965 32.913990020752 33.9679908752441 33.8316764831543 33.2850303649902 33.907054901123 34.6799545288086 34.4230690002441 34.2791900634766 34.0789108276367 33.9853630065918 33.9617500305176 33.6256332397461 33.2591209411621 33.4598579406738 33.0134658813477 32.8381195068359 32.5153999328613 32.286319732666 31.6328792572021 31.6162586212158 32.1130790710449 31.9434661865234 31.8217849731445 32.234748840332 30.5665187835693 31.8617286682129 32.4173889160156 31.7301006317139 30.2314643859863 25.2521572113037 24.2663631439209 24.9210357666016 25.8797359466553
34.5611000061035 33.4781341552734 34.8465957641602 35.8529624938965 34.8720283508301 34.8493156433105 36.0240859985352 35.3118209838867 35.2472152709961 35.576789855957 34.5089683532715 34.4845390319824 33.2888870239258 32.6862907409668 33.5839157104492 32.5783348083496 32.4506683349609 33.4767303466797 33.5071296691895 33.7490997314453 34.2696838378906 34.211841583252 33.6790733337402 33.7147636413574 33.0212669372559 32.4321556091309 31.8420219421387 32.2393608093262 32.8408126831055 31.8056373596191 31.447624206543 30.7887649536133 31.1243534088135 31.9548492431641 32.1855812072754 31.9250965118408 32.4546775817871 32.4638977050781 31.9597930908203 31.445032119751 31.6758270263672 30.0421485900879 28.7959861755371 25.7981548309326 25.2968044281006 26.1343288421631
34.9439086914062 34.8043479919434 34.8630599975586 36.0332794189453 35.3076705932617 35.7137603759766 36.2561340332031 36.2869415283203 36.5365867614746 36.2696876525879 35.9414672851562 35.4823417663574 33.5220985412598 32.8984489440918 33.3245086669922 32.7857551574707 32.483959197998 32.3316688537598 31.6339130401611 32.8678512573242 33.7403030395508 34.5220375061035 34.7711181640625 34.1653251647949 32.8403053283691 31.2960987091064 30.4847564697266 31.199878692627 32.1783218383789 31.6843109130859 31.4812355041504 32.334831237793 32.2369194030762 32.2146987915039 32.8903961181641 31.9897842407227 31.5424060821533 31.4874324798584 32.0500717163086 32.0935287475586 32.4965019226074 32.0941696166992 30.9391632080078 30.4457473754883 27.6404495239258 27.2014026641846
35.9638290405273 34.7416000366211 34.3357009887695 34.9139785766602 35.0681228637695 35.6726722717285 36.4934120178223 35.7140007019043 36.6109962463379 36.2521858215332 34.9587020874023 35.203311920166 34.2405395507812 31.4423160552979 31.8369579315186 31.1011867523193 31.5226211547852 30.8856086730957 32.0415954589844 33.1008720397949 34.3107490539551 34.0911979675293 34.6286125183105 34.5570182800293 33.2184829711914 31.9000988006592 30.3935890197754 30.8957252502441 32.4704551696777 31.6490135192871 31.990894317627 32.7409324645996 33.5775413513184 33.554874420166 32.7367820739746 32.3542900085449 31.8215713500977 31.8634834289551 32.5940017700195 32.5639419555664 32.6319618225098 32.5211181640625 32.2059097290039 32.0133934020996 30.2323055267334 27.1557769775391
34.8442802429199 34.8825836181641 35.2686996459961 34.9516525268555 35.6491928100586 35.5449562072754 36.4687194824219 36.453685760498 35.4224014282227 35.7515869140625 36.1124687194824 35.3187026977539 34.3241386413574 31.079704284668 31.5847263336182 31.6910648345947 31.2311954498291 31.5839767456055 31.6230163574219 32.817325592041 34.0597114562988 33.7648849487305 34.3457679748535 34.4136161804199 33.9528121948242 32.9641914367676 31.766773223877 31.4864196777344 32.2344017028809 32.4900703430176 33.1782188415527 33.6142959594727 33.553897857666 33.5699653625488 33.6436653137207 32.6337738037109 31.8583908081055 31.7546882629395 31.7704658508301 32.2502975463867 33.0298881530762 32.6078758239746 31.6312122344971 31.7875938415527 30.7018871307373 30.1178665161133
