inst/extdata/Tmax/Tmax88.asc
NCOLS 100 
NROWS 79 
XLLCORNER 148.06 
YLLCORNER -21.49 
CELLSIZE 0.01 
NODATA_value -3.4e+38 
[rows 0 to 19 of 79, columns 46 to 91 of 100]
37.9414749145508 37.7657279968262 37.6666564941406 37.6693153381348 37.6538352966309 37.5419158935547 37.7351112365723 37.5689392089844 37.3825798034668 37.2128372192383 37.1245613098145 36.8596839904785 36.7599105834961 36.968879699707 37.2247467041016 37.1314964294434 36.9988479614258 36.8190040588379 36.5136184692383 36.3110198974609 36.1662864685059 -3.4e+38 -3.4e+38 -3.4e+38 -3.4e+38 -3.4e+38 -3.4e+38 -3.4e+38 -3.4e+38 -3.4e+38 -3.4e+38 -3.4e+38 -3.4e+38 -3.4e+38 -3.4e+38 -3.4e+38 -3.4e+38 -3.4e+38 -3.4e+38 -3.4e+38 -3.4e+38 -3.4e+38 -3.4e+38 -3.4e+38 -3.4e+38 -3.4e+38
37.8936042785645 37.6169242858887 37.3955192565918 37.6482620239258 37.8098373413086 37.8169784545898 37.7595405578613 37.6619453430176 37.3315734863281 36.903450012207 37.026424407959 36.5055046081543 36.9956130981445 37.2881240844727 37.261360168457 37.159049987793 37.0438652038574 36.9009895324707 36.696849822998 36.5905876159668 36.4889450073242 36.3270988464355 -3.4e+38 -3.4e+38 -3.4e+38 -3.4e+38 -3.4e+38 -3.4e+38 -3.4e+38 -3.4e+38 -3.4e+38 -3.4e+38 -3.4e+38 -3.4e+38 -3.4e+38 -3.4e+38 -3.4e+38 -3.4e+38 -3.4e+38 -3.4e+38 -3.4e+38 -3.4e+38 -3.4e+38 -3.4e+38 -3.4e+38 -3.4e+38
37.7969818115234 37.064094543457 36.2472457885742 37.6006088256836 37.7951278686523 37.8094444274902 37.77783203125 37.7248153686523 37.500114440918 36.9238395690918 37.0077857971191 37.1386528015137 37.2101020812988 37.3525238037109 37.313835144043 37.2078475952148 37.1159858703613 37.0132522583008 36.8812561035156 36.6572151184082 36.6220321655273 36.4223747253418 36.1618423461914 35.8362121582031 -3.4e+38 -3.4e+38 -3.4e+38 -3.4e+38 -3.4e+38 -3.4e+38 -3.4e+38 -3.4e+38 -3.4e+38 -3.4e+38 -3.4e+38 -3.4e+38 -3.4e+38 -3.4e+38 -3.4e+38 -3.4e+38 -3.4e+38 -3.4e+38 -3.4e+38 -3.4e+38 -3.4e+38 -3.4e+38
37.3527412414551 37.4193344116211 36.3563842773438 37.4619636535645 37.6532249450684 37.7116279602051 37.7589378356934 37.663501739502 37.5353965759277 37.2100944519043 37.1023406982422 36.8495597839355 37.1872673034668 37.3106651306152 37.3304595947266 37.2274475097656 37.1694221496582 37.0988616943359 36.9587364196777 36.5918502807617 36.405330657959 36.3898620605469 36.3080940246582 36.21044921875 36.0215454101562 35.5529632568359 -3.4e+38 -3.4e+38 -3.4e+38 -3.4e+38 -3.4e+38 -3.4e+38 -3.4e+38 -3.4e+38 -3.4e+38 -3.4e+38 -3.4e+38 -3.4e+38 -3.4e+38 -3.4e+38 -3.4e+38 -3.4e+38 -3.4e+38 -3.4e+38 -3.4e+38 -3.4e+38
37.3251342773438 37.354248046875 36.1771583557129 36.4098777770996 37.1876487731934 37.6862754821777 37.7566261291504 37.6190414428711 37.5903244018555 37.2820243835449 36.9873428344727 36.7976455688477 36.4192924499512 37.0420722961426 37.2862892150879 37.1958389282227 37.2277717590332 37.1781158447266 36.9377670288086 36.1955833435059 35.6852149963379 36.3925704956055 36.4585266113281 36.3822021484375 36.1086273193359 35.7673187255859 -3.4e+38 -3.4e+38 -3.4e+38 -3.4e+38 -3.4e+38 -3.4e+38 -3.4e+38 -3.4e+38 -3.4e+38 -3.4e+38 -3.4e+38 -3.4e+38 -3.4e+38 -3.4e+38 -3.4e+38 -3.4e+38 -3.4e+38 -3.4e+38 -3.4e+38 -3.4e+38
36.4749717712402 37.2050170898438 35.6973190307617 35.0789489746094 36.8185577392578 37.7433624267578 37.6674270629883 37.6116943359375 37.5581283569336 37.158992767334 36.2538528442383 35.9253692626953 36.2499122619629 37.1605339050293 37.0663223266602 37.2230415344238 37.2696990966797 37.1982536315918 37.1014289855957 36.4623870849609 35.7342834472656 35.7824325561523 36.2745094299316 36.3173942565918 36.2658576965332 36.1361618041992 -3.4e+38 -3.4e+38 -3.4e+38 -3.4e+38 -3.4e+38 -3.4e+38 -3.4e+38 -3.4e+38 -3.4e+38 -3.4e+38 -3.4e+38 -3.4e+38 -3.4e+38 -3.4e+38 -3.4e+38 -3.4e+38 -3.4e+38 -3.4e+38 -3.4e+38 -3.4e+38
35.5685806274414 37.1681175231934 36.5561637878418 36.4777717590332 37.4327049255371 37.6920204162598 37.5106811523438 37.4017639160156 37.5500335693359 37.0748672485352 36.3589820861816 36.3484840393066 36.9985046386719 37.1218376159668 36.2181243896484 37.0804481506348 37.1380348205566 37.1382865905762 37.1687393188477 36.8878440856934 36.5075988769531 36.2182083129883 36.4226951599121 36.1677589416504 36.3964195251465 36.3991622924805 36.2600212097168 35.9506225585938 -3.4e+38 -3.4e+38 -3.4e+38 -3.4e+38 -3.4e+38 -3.4e+38 -3.4e+38 -3.4e+38 -3.4e+38 -3.4e+38 -3.4e+38 -3.4e+38 -3.4e+38 -3.4e+38 -3.4e+38 -3.4e+38 -3.4e+38 -3.4e+38
34.724967956543 37.173885345459 37.6185569763184 37.4329414367676 36.44921875 36.7075500488281 37.310188293457 37.4575119018555 37.6105918884277 37.4240188598633 37.0281639099121 36.6141967773438 36.6387405395508 36.8522987365723 36.4079856872559 37.0857810974121 36.3774185180664 36.3342437744141 37.0254287719727 37.1438751220703 36.9765930175781 36.7021751403809 36.5870742797852 36.6252212524414 36.586181640625 36.5319633483887 36.3225250244141 36.1420478820801 35.8258247375488 35.3030395507812 35.303092956543 -3.4e+38 -3.4e+38 -3.4e+38 -3.4e+38 -3.4e+38 -3.4e+38 -3.4e+38 -3.4e+38 -3.4e+38 -3.4e+38 -3.4e+38 -3.4e+38 -3.4e+38 -3.4e+38 -3.4e+38
34.6393699645996 36.6881828308105 37.6155395507812 37.5049514770508 36.6631126403809 35.1875038146973 36.5172691345215 37.5307197570801 37.6022186279297 37.488582611084 37.3305511474609 37.0702819824219 37.0881538391113 36.9148292541504 36.397403717041 36.320930480957 35.9000778198242 36.6566734313965 36.953987121582 37.0186729431152 37.0272064208984 36.655460357666 36.2595634460449 35.9342041015625 36.6061820983887 36.6253852844238 36.4852523803711 36.3082046508789 36.1733436584473 35.6164512634277 35.3952522277832 35.5275764465332 -3.4e+38 -3.4e+38 -3.4e+38 -3.4e+38 -3.4e+38 -3.4e+38 -3.4e+38 -3.4e+38 -3.4e+38 -3.4e+38 -3.4e+38 -3.4e+38 -3.4e+38 -3.4e+38
35.5542907714844 36.6805686950684 37.4720001220703 37.4635124206543 37.4373588562012 36.0831336975098 36.3745536804199 37.4244537353516 37.5961265563965 37.4776382446289 37.2759742736816 37.0227737426758 36.8985939025879 37.0049095153809 36.3461418151855 36.0374298095703 35.9558219909668 37.068058013916 36.9112243652344 36.6083145141602 36.9927215576172 36.9351043701172 36.734016418457 36.3861465454102 36.7707786560059 36.6904449462891 36.5266952514648 36.5620727539062 36.3889198303223 36.0608215332031 35.5319442749023 35.5437278747559 -3.4e+38 -3.4e+38 -3.4e+38 -3.4e+38 -3.4e+38 -3.4e+38 -3.4e+38 -3.4e+38 -3.4e+38 -3.4e+38 -3.4e+38 -3.4e+38 -3.4e+38 -3.4e+38
34.5942916870117 36.5056343078613 36.8925666809082 36.6807250976562 37.0327262878418 37.3031234741211 37.0059432983398 37.439811706543 37.5403594970703 37.439998626709 37.2664260864258 37.0890579223633 36.888786315918 37.245849609375 37.0902366638184 36.9880523681641 37.0509414672852 37.2592163085938 37.2549133300781 36.7162857055664 36.260871887207 36.9040260314941 37.0785865783691 36.5696105957031 36.5760231018066 36.4136276245117 36.3752746582031 36.665210723877 36.4935493469238 36.1840286254883 -3.4e+38 -3.4e+38 -3.4e+38 -3.4e+38 -3.4e+38 -3.4e+38 -3.4e+38 -3.4e+38 -3.4e+38 -3.4e+38 -3.4e+38 -3.4e+38 -3.4e+38 -3.4e+38 -3.4e+38 -3.4e+38
33.8809204101562 34.9167594909668 35.2688980102539 35.0044593811035 36.0816268920898 36.7691497802734 37.1384658813477 37.4250564575195 37.4265518188477 37.3441276550293 37.157829284668 36.9755439758301 36.8302116394043 37.4590454101562 37.4523658752441 37.3037223815918 37.3151321411133 37.4082260131836 37.4510841369629 37.3533134460449 36.9769096374512 36.7530746459961 37.1281890869141 36.9338645935059 36.6880912780762 36.790412902832 36.8082084655762 36.5344581604004 36.4006690979004 36.2100296020508 -3.4e+38 -3.4e+38 -3.4e+38 -3.4e+38 -3.4e+38 -3.4e+38 -3.4e+38 -3.4e+38 -3.4e+38 -3.4e+38 -3.4e+38 -3.4e+38 -3.4e+38 -3.4e+38 -3.4e+38 -3.4e+38
33.8664321899414 32.8391494750977 32.2018508911133 32.3574256896973 34.6449127197266 35.2367095947266 36.5227165222168 36.8961067199707 37.2261428833008 37.1171836853027 36.8958168029785 37.237117767334 37.245433807373 37.1462364196777 37.5971298217773 37.5683517456055 37.5077629089355 37.5206108093262 37.5370674133301 37.5226440429688 37.4767837524414 37.3817520141602 37.2330551147461 37.1732978820801 36.8641815185547 36.9277000427246 36.8968391418457 36.610523223877 36.3245658874512 36.1908073425293 36.0256080627441 35.6717338562012 -3.4e+38 -3.4e+38 -3.4e+38 -3.4e+38 -3.4e+38 -3.4e+38 -3.4e+38 -3.4e+38 -3.4e+38 -3.4e+38 -3.4e+38 -3.4e+38 -3.4e+38 -3.4e+38
33.8598251342773 33.0375442504883 32.1062698364258 31.5594120025635 32.2040824890137 33.1071319580078 35.1479530334473 36.430477142334 37.1904182434082 37.0192527770996 36.5094871520996 37.1367111206055 37.4766616821289 37.5298919677734 37.5550689697266 37.5731506347656 37.6049995422363 37.5989151000977 37.5826225280762 37.5548095703125 37.5243263244629 37.4439811706543 37.3657493591309 37.2781105041504 37.0329627990723 37.0502510070801 36.9462280273438 36.7271041870117 36.4652252197266 36.3794975280762 36.3024101257324 36.1313133239746 35.7970199584961 -3.4e+38 -3.4e+38 -3.4e+38 -3.4e+38 35.3235321044922 35.3587646484375 -3.4e+38 -3.4e+38 -3.4e+38 -3.4e+38 -3.4e+38 -3.4e+38 -3.4e+38
34.476879119873 33.1204986572266 32.2019348144531 31.820592880249 32.4116592407227 32.1726226806641 33.4449806213379 35.3081893920898 36.7068023681641 37.1075553894043 35.9850616455078 36.8650970458984 37.3253974914551 36.865421295166 36.9605827331543 37.3788375854492 37.4906959533691 37.5696296691895 37.524600982666 37.3999404907227 37.4414253234863 37.3743133544922 37.377368927002 37.325023651123 37.2445678710938 37.0887489318848 36.9766883850098 36.8278427124023 36.6863861083984 36.5904235839844 36.5431098937988 36.3648376464844 35.9559555053711 -3.4e+38 -3.4e+38 -3.4e+38 -3.4e+38 35.4341850280762 35.3901138305664 35.5428810119629 35.5243988037109 35.3611946105957 -3.4e+38 -3.4e+38 -3.4e+38 -3.4e+38
34.421443939209 33.0807647705078 32.2331237792969 32.7213706970215 32.5106201171875 32.9577255249023 32.6957054138184 34.2312278747559 36.5061111450195 37.2618446350098 36.2041473388672 36.1729736328125 37.016242980957 35.1174697875977 36.1699447631836 36.5622940063477 37.1337432861328 37.531421661377 37.516918182373 37.4284973144531 37.4272651672363 37.3903007507324 37.3995895385742 37.3466873168945 37.2755470275879 37.0157661437988 36.9863700866699 36.9157218933105 36.8561477661133 36.8046760559082 36.6961402893066 36.5137481689453 36.3044548034668 -3.4e+38 -3.4e+38 36.0535087585449 35.8114051818848 35.5249710083008 35.4092407226562 35.2130470275879 35.335090637207 35.5307350158691 -3.4e+38 -3.4e+38 -3.4e+38 -3.4e+38
32.9391555786133 31.6204051971436 31.5829296112061 32.976318359375 33.3581085205078 33.2807159423828 32.8372802734375 33.2389984130859 35.7348823547363 37.0658874511719 37.0825119018555 36.240894317627 36.7815780639648 35.381031036377 35.401538848877 35.4683227539062 36.8227462768555 37.5138168334961 37.5307121276855 37.5498847961426 37.5547218322754 37.4819030761719 37.4321784973145 37.1913757324219 37.1939353942871 37.0687446594238 37.0491485595703 37.0388832092285 37.0045204162598 36.9150733947754 36.810131072998 36.6742172241211 36.5541877746582 -3.4e+38 36.3826713562012 36.3535499572754 36.2687797546387 -3.4e+38 35.5532302856445 -3.4e+38 35.2869453430176 -3.4e+38 -3.4e+38 -3.4e+38 -3.4e+38 -3.4e+38
32.8856430053711 31.3564414978027 30.7258605957031 33.3900032043457 33.6305809020996 32.9571495056152 32.5473213195801 32.7010040283203 34.3786087036133 36.7701148986816 36.886043548584 36.4587440490723 36.5882225036621 36.7096176147461 36.0365219116211 37.1655578613281 37.4033088684082 37.5122604370117 37.5533409118652 37.5439338684082 37.5440330505371 37.4930191040039 37.4573936462402 37.3670234680176 37.3529930114746 37.2722930908203 37.2246932983398 37.1759147644043 37.0677528381348 37.0325660705566 36.9542961120605 36.8575897216797 36.7774543762207 36.6945686340332 36.6459350585938 36.629264831543 36.4508018493652 -3.4e+38 -3.4e+38 -3.4e+38 -3.4e+38 -3.4e+38 -3.4e+38 35.5600357055664 -3.4e+38 -3.4e+38
34.7683639526367 34.4440498352051 32.1562576293945 33.8062705993652 32.2356071472168 32.2559852600098 32.7301788330078 33.0677833557129 35.2659187316895 36.7184791564941 36.4162521362305 35.7962493896484 36.695442199707 37.1207962036133 37.231559753418 37.289436340332 37.4160041809082 37.095832824707 37.2581520080566 37.4285163879395 37.4108047485352 37.4337463378906 37.445125579834 37.416633605957 37.3887786865234 37.3333549499512 37.2979011535645 37.1615409851074 36.8285789489746 36.9536285400391 37.0447196960449 37.0023345947266 36.9482841491699 36.8623580932617 36.8230361938477 36.7360496520996 36.5755348205566 36.4270057678223 36.292854309082 36.2170639038086 36.2074813842773 36.0867614746094 35.7848739624023 35.5542984008789 -3.4e+38 -3.4e+38
34.8413467407227 33.9580497741699 34.666618347168 34.4815330505371 32.9879684448242 33.0418128967285 32.6283760070801 32.8698806762695 35.0343856811523 36.4088439941406 36.8337020874023 36.6039733886719 36.9623146057129 37.265079498291 37.1416931152344 36.9968338012695 37.198673248291 36.9298667907715 36.7707138061523 36.9557113647461 37.2955932617188 37.3508377075195 37.3758277893066 37.4144287109375 37.4192352294922 37.380485534668 37.3298149108887 37.1346473693848 36.866081237793 37.0643463134766 37.0404472351074 37.1138381958008 37.0035095214844 36.9491920471191 36.9100151062012 36.7636260986328 36.6655883789062 36.6029853820801 36.5554313659668 36.5179710388184 36.4785919189453 36.3378067016602 35.9414215087891 35.4827041625977 35.5387649536133 -3.4e+38
