inst/extdata/Tmax/Tmax59.asc
NCOLS 100 
NROWS 79 
XLLCORNER 148.06 
YLLCORNER -21.49 
CELLSIZE 0.01 
NODATA_value -3.4e+38 
[rows 20 to 39 of 79, columns 46 to 91 of 100]
35.7922821044922 34.0802116394043 34.2917022705078 35.6684112548828 35.4184226989746 34.875659942627 34.6002082824707 33.4387512207031 35.2524108886719 36.6720542907715 37.6806297302246 37.2452621459961 37.2165985107422 37.7888488769531 37.4610214233398 37.2110404968262 37.4641914367676 37.9785690307617 38.1128349304199 38.1064414978027 38.0493583679199 37.9300308227539 38.1830902099609 38.2470359802246 38.1887702941895 38.1092300415039 38.0016098022461 38.018985748291 37.9743270874023 37.6641426086426 37.7186660766602 37.9438171386719 37.8389549255371 37.5804862976074 37.5673789978027 37.5292892456055 37.4387054443359 37.4185829162598 37.3920059204102 37.3564147949219 37.282341003418 37.1037864685059 36.5504684448242 36.4033813476562 36.5761489868164 36.5687103271484
36.0842781066895 34.0650863647461 32.9020500183105 34.6134567260742 34.4827461242676 33.9541053771973 34.8106269836426 32.9370040893555 34.1837615966797 36.2139854431152 37.4365615844727 36.1741828918457 35.5479011535645 37.2752876281738 36.1533813476562 35.8160743713379 36.6349143981934 37.8514099121094 37.8498992919922 38.2251815795898 38.3146171569824 38.2981109619141 38.0980224609375 37.7758369445801 37.7586517333984 37.8174858093262 37.9546546936035 37.9160690307617 37.8215637207031 37.7361679077148 38.0023956298828 38.0296974182129 37.964485168457 37.6205749511719 37.6793823242188 37.6301422119141 37.497974395752 37.4931907653809 37.4849510192871 37.4726943969727 37.3415260314941 37.2165489196777 37.0161590576172 36.8163986206055 36.6791343688965 36.6680374145508
36.6934432983398 36.2240562438965 34.3638305664062 33.7221260070801 33.2502975463867 34.4031639099121 33.8136596679688 34.0657348632812 33.4624671936035 34.3976020812988 36.5827865600586 36.9621315002441 35.5030670166016 35.882251739502 35.546703338623 36.0898132324219 37.0862197875977 37.455696105957 36.1863098144531 37.3738098144531 38.1174697875977 38.1693344116211 37.5985260009766 36.823787689209 37.3704147338867 37.353099822998 37.8850708007812 38.0469627380371 37.758113861084 37.936092376709 38.0873718261719 38.1117477416992 38.0953521728516 38.0196762084961 37.9057846069336 37.7309494018555 37.5499153137207 37.4182510375977 37.4733772277832 37.5480537414551 37.4352149963379 37.355052947998 37.095142364502 36.9710121154785 36.839427947998 36.9635543823242
36.0704727172852 35.910816192627 35.3010673522949 34.5109672546387 33.0318717956543 33.7852020263672 34.4312286376953 34.6306076049805 34.3847007751465 33.9368438720703 35.2836036682129 35.2605972290039 36.124641418457 34.5109024047852 35.3286552429199 36.7652320861816 36.734561920166 37.0831604003906 35.7983589172363 37.7292442321777 38.4369697570801 38.3197174072266 37.440071105957 36.178653717041 37.3174285888672 37.4732513427734 37.5581092834473 37.9737358093262 38.1423454284668 38.1855926513672 38.1961250305176 38.2042770385742 38.166633605957 38.0695037841797 37.9613418579102 37.8093872070312 37.410041809082 37.0799446105957 37.197639465332 37.434886932373 37.4021453857422 37.4381828308105 37.190788269043 37.1562576293945 36.9189453125 36.9438591003418
34.1325798034668 35.4661521911621 35.8217010498047 35.5837936401367 34.5621528625488 33.9408378601074 33.9438018798828 33.6278419494629 34.5312728881836 33.9863777160645 33.9981575012207 33.5246849060059 35.4454956054688 36.2712745666504 35.479377746582 36.4939422607422 37.2226257324219 37.7598342895508 37.4645347595215 38.3991203308105 38.3979110717773 38.2471809387207 37.6022911071777 36.8163757324219 37.5397033691406 37.8039588928223 37.5136070251465 37.5918121337891 37.6804809570312 38.1275062561035 37.9746475219727 38.2613525390625 38.133544921875 38.0867691040039 37.9950790405273 37.6755447387695 37.5827903747559 37.0423469543457 36.769214630127 37.1902503967285 37.3111305236816 37.3897666931152 37.2218627929688 37.2678489685059 37.3155632019043 37.1776733398438
32.6759262084961 33.6622200012207 35.0234680175781 34.9456214904785 34.0899810791016 33.3353271484375 32.936408996582 32.3481788635254 33.5845489501953 34.2269096374512 33.7017440795898 33.9461212158203 35.3586273193359 37.2133712768555 36.7256546020508 36.8035888671875 36.9458312988281 38.2294883728027 38.3101005554199 38.2885131835938 38.276912689209 37.9742889404297 36.8099670410156 36.8540267944336 36.9443626403809 37.5393486022949 37.2772598266602 36.6926879882812 37.2698059082031 38.2258377075195 38.1705627441406 38.2663803100586 38.218391418457 38.1814880371094 38.0464477539062 37.9013328552246 37.9075736999512 37.3456649780273 36.8584403991699 37.1545219421387 36.8616790771484 36.9745330810547 36.7056541442871 37.2974853515625 37.3340682983398 37.2958755493164
32.5803413391113 32.4274520874023 33.1135292053223 33.7832450866699 34.4979133605957 32.2236671447754 31.9653778076172 32.7982902526855 33.3313484191895 34.107967376709 34.1441802978516 34.5757179260254 36.3204536437988 37.1838188171387 37.645565032959 37.8027000427246 37.9254379272461 38.3854103088379 38.0407638549805 37.8760757446289 37.9029846191406 37.4794425964355 37.6451797485352 37.8859825134277 37.8849639892578 37.3203926086426 36.9180946350098 37.7524871826172 37.9801712036133 37.9319038391113 37.4157218933105 38.0178909301758 38.1531219482422 38.2192230224609 38.1973419189453 38.1092948913574 37.7997207641602 37.4852828979492 37.5468864440918 37.3141059875488 37.1946411132812 36.6789855957031 37.1149215698242 37.2973823547363 37.1993026733398 37.0864028930664
32.756950378418 32.2776679992676 32.5515060424805 32.777587890625 33.3547744750977 31.7163143157959 31.4445781707764 31.8214321136475 33.1318626403809 33.9211082458496 33.3966102600098 34.0069770812988 34.9451484680176 36.111156463623 37.4736862182617 37.1647071838379 38.1828918457031 38.4028091430664 37.743480682373 37.0427513122559 37.6428527832031 37.8172798156738 38.1054153442383 38.3071899414062 38.3977088928223 38.0107078552246 37.9984092712402 38.3147315979004 38.3631439208984 37.7040061950684 37.2911796569824 37.7828826904297 37.8743629455566 38.2422637939453 38.2735252380371 38.2157859802246 38.067024230957 37.8617973327637 37.4854011535645 36.763858795166 36.5441207885742 36.417854309082 36.442455291748 37.0440559387207 37.0682487487793 37.4094696044922
33.6281776428223 33.1835632324219 33.9821891784668 33.8279724121094 33.4253044128418 32.0408515930176 32.7995910644531 32.5353698730469 32.866870880127 33.4960250854492 33.2181930541992 33.5164260864258 33.6651306152344 35.9118728637695 37.1042175292969 36.4290428161621 37.8333320617676 38.0964851379395 37.8005714416504 36.7398338317871 36.9915199279785 38.0037117004395 38.3625373840332 38.4680824279785 38.4777412414551 38.3851852416992 38.3888702392578 38.4825477600098 38.1232986450195 37.4601898193359 37.3316535949707 37.9331893920898 38.3051109313965 38.3283004760742 38.3099365234375 38.282901763916 38.2313613891602 38.0965385437012 37.8598976135254 36.8089828491211 36.2647857666016 35.5097160339355 36.3912506103516 36.3644142150879 37.1633834838867 37.4831771850586
35.3151359558105 35.1654205322266 34.5668678283691 34.5120620727539 33.9738273620605 33.4774284362793 33.1734161376953 32.1588592529297 32.8182907104492 32.2922439575195 31.8193206787109 33.1913757324219 33.5550994873047 35.4912223815918 36.4546508789062 35.734546661377 36.430908203125 37.1709747314453 37.687931060791 37.5633697509766 37.1385688781738 38.0341835021973 38.4561958312988 38.265567779541 38.2319526672363 37.941650390625 38.3106803894043 38.5222282409668 37.6676368713379 36.8699569702148 37.4776954650879 37.9902229309082 38.2994079589844 38.3615303039551 38.3616676330566 38.3076248168945 38.2775039672852 38.1833038330078 38.0028419494629 37.6405906677246 37.0147018432617 36.5442581176758 36.1345481872559 35.9428024291992 36.7237434387207 37.1588935852051
34.1776008605957 34.1905174255371 34.2313270568848 33.8652687072754 33.3687553405762 33.6242599487305 32.6895523071289 32.1823883056641 31.6985778808594 31.7732257843018 31.2249984741211 32.0792961120605 32.0786781311035 34.4163246154785 35.469108581543 34.2929878234863 34.8586463928223 36.4147300720215 37.6656799316406 38.1709594726562 37.7211151123047 38.2742118835449 38.4537620544434 38.0767555236816 38.0494995117188 38.1635780334473 38.5753593444824 38.5424842834473 38.0330543518066 37.4093856811523 37.7472915649414 37.9889144897461 38.3679466247559 38.3784866333008 38.3241233825684 38.2916412353516 38.2780075073242 38.1981811523438 38.1203269958496 37.9256782531738 37.6882705688477 37.173095703125 36.8060913085938 36.7514343261719 36.9367752075195 37.3004035949707
33.4124908447266 33.7004165649414 33.5906944274902 33.552490234375 32.6318054199219 33.4731826782227 32.4753952026367 31.3089046478271 30.7475490570068 31.0988845825195 30.7931804656982 31.413818359375 32.1667861938477 34.1364822387695 34.4664764404297 34.0990715026855 36.2515182495117 37.173828125 37.8728790283203 38.3090934753418 38.561336517334 38.6006050109863 38.5381393432617 38.4458160400391 38.234130859375 38.5010299682617 38.6060638427734 38.4903564453125 38.1321754455566 37.5264434814453 37.6031036376953 38.1261596679688 38.310375213623 37.8728218078613 38.200325012207 38.298828125 38.2667961120605 38.2211761474609 38.1664772033691 38.0511016845703 37.7724838256836 37.0622291564941 37.3554344177246 37.3761100769043 37.2743606567383 37.1997756958008
32.7864227294922 33.0412750244141 32.8872680664062 33.1622772216797 33.2647399902344 33.2871932983398 32.8963928222656 31.8150215148926 31.8964347839355 31.9843292236328 31.038911819458 30.8478317260742 31.7203674316406 34.063892364502 34.6147155761719 35.1647033691406 35.2316207885742 36.0782775878906 37.8540306091309 38.3943252563477 38.5700492858887 38.5142517089844 38.3661193847656 38.3117637634277 38.4450378417969 38.5157623291016 38.4822769165039 38.1112823486328 37.2263603210449 37.3813171386719 37.6798896789551 38.4018478393555 38.1429290771484 37.6081924438477 38.2277145385742 38.1588401794434 38.1723899841309 38.2081489562988 38.1051292419434 37.8305130004883 37.2813529968262 36.0882759094238 35.8346214294434 36.7930450439453 37.109992980957 37.3717346191406
33.4223518371582 32.9605445861816 32.7968635559082 32.9452362060547 33.0949211120605 33.0195693969727 32.5542030334473 32.1933708190918 32.7693290710449 32.0749740600586 31.9459590911865 31.9284286499023 32.7508392333984 33.9662742614746 34.1394309997559 34.9226837158203 35.9313621520996 37.0568466186523 37.931999206543 38.310863494873 38.618709564209 38.5853614807129 38.1168022155762 37.8427200317383 38.0471076965332 37.9148216247559 38.0027809143066 38.1498489379883 38.0398406982422 38.015998840332 38.2957725524902 38.5299110412598 37.946460723877 37.8566627502441 38.3732147216797 37.9036140441895 38.0155410766602 37.963924407959 38.0183525085449 37.7301483154297 36.3999214172363 35.694164276123 35.1223945617676 36.7837524414062 37.2842292785645 37.1141929626465
33.8857192993164 32.7050514221191 32.6435470581055 32.7289085388184 32.8530731201172 32.726131439209 32.7416839599609 33.340576171875 32.9637794494629 32.1849060058594 33.3797378540039 33.8747596740723 34.0774192810059 33.4207992553711 33.4520797729492 34.5749740600586 35.8966827392578 37.2143325805664 37.3021583557129 38.0602493286133 38.4873924255371 38.4964942932129 38.0469284057617 37.814826965332 37.059871673584 37.5929260253906 38.0693397521973 38.2032814025879 38.4124908447266 38.4128875732422 38.5695381164551 38.503662109375 38.4626884460449 38.4783706665039 38.4259414672852 38.1937408447266 37.313793182373 37.8559799194336 38.016716003418 37.9575386047363 37.9070014953613 36.7320137023926 36.5719108581543 37.7608947753906 37.9964561462402 37.961841583252
33.9518814086914 32.9606132507324 32.6311073303223 32.5461921691895 32.7271003723145 32.5549583435059 33.2420768737793 34.9977951049805 34.0775833129883 33.3523559570312 35.3401718139648 36.0429039001465 35.6511688232422 33.5844841003418 34.0235748291016 34.152214050293 36.1623268127441 36.229118347168 36.1008682250977 37.0039024353027 38.0999450683594 38.3070602416992 37.9966926574707 37.984001159668 37.856201171875 37.5387954711914 37.6033554077148 37.7347030639648 38.3693351745605 38.328784942627 38.3994331359863 38.211555480957 38.3884162902832 38.5143241882324 38.237133026123 38.2095222473145 37.5794525146484 37.6850547790527 37.9233360290527 37.7611045837402 38.1303634643555 38.1188850402832 38.0159912109375 38.0406494140625 38.1263313293457 38.0023727416992
33.6544761657715 33.0286331176758 32.8178443908691 32.9639663696289 32.8936004638672 32.9967803955078 33.4584541320801 35.7225189208984 35.9197692871094 34.5200653076172 36.5859298706055 37.5385131835938 36.8195495605469 35.5791435241699 35.5054473876953 36.1356773376465 36.8151321411133 37.2710418701172 37.578369140625 37.8688125610352 38.074878692627 37.8157424926758 36.5190696716309 36.7926712036133 37.2994270324707 36.938404083252 37.1394958496094 37.940258026123 38.2851638793945 38.4659576416016 37.4578094482422 37.4287986755371 38.1838760375977 38.4497756958008 37.9950637817383 38.0110054016113 37.259937286377 37.731201171875 37.9062690734863 37.760082244873 38.1748275756836 38.2387046813965 38.2474784851074 38.2312049865723 38.1659965515137 37.8683433532715
33.6865768432617 33.2951850891113 33.2356948852539 33.3909683227539 33.6043663024902 33.768928527832 34.6404113769531 36.4545822143555 36.3369789123535 35.8466377258301 37.2877883911133 38.3806915283203 37.5722198486328 36.4322662353516 35.8831176757812 37.6031265258789 37.9497337341309 38.146053314209 38.3348846435547 38.3529586791992 37.9519920349121 37.6918678283691 37.7886390686035 37.2533988952637 37.5686378479004 38.013126373291 38.2090301513672 38.2745971679688 38.4622077941895 38.3871116638184 36.8556098937988 37.5317306518555 38.3114280700684 38.2283363342285 37.8172836303711 37.7685699462891 37.6086044311523 38.070484161377 38.0845260620117 38.0795593261719 38.0425872802734 38.1797752380371 38.2108726501465 38.2068290710449 38.1253280639648 38.0724029541016
33.6468391418457 33.3589782714844 33.9160614013672 34.7348556518555 34.8605461120605 35.3720397949219 36.5074615478516 37.1354370117188 36.5227966308594 36.9145660400391 38.3339157104492 38.8239250183105 38.2850227355957 37.2754669189453 36.5145683288574 37.5634613037109 37.5577201843262 37.8429565429688 38.5480804443359 38.732666015625 38.4403953552246 38.1066589355469 38.422924041748 38.2317352294922 38.0998382568359 38.5403442382812 38.4354515075684 38.3495674133301 38.5831069946289 38.3609428405762 37.7712326049805 38.2044868469238 38.3584594726562 38.0620040893555 37.1706161499023 37.123119354248 37.4197273254395 38.0855751037598 37.8020553588867 37.7698631286621 37.779239654541 38.0353546142578 38.0046463012695 38.0481643676758 37.9003791809082 38.0143356323242
33.7092666625977 33.9030609130859 35.1299438476562 35.9226875305176 36.6544227600098 37.6318359375 38.2665748596191 37.5709571838379 35.620174407959 36.2734336853027 37.8089065551758 38.8725204467773 38.450927734375 38.117618560791 37.2253799438477 38.1924324035645 38.3329887390137 37.7287635803223 38.4757881164551 38.7994766235352 38.7427558898926 38.3162956237793 38.6290473937988 38.7187957763672 38.5638198852539 38.6415901184082 38.4563903808594 37.7256851196289 38.4797210693359 38.6028099060059 38.5152473449707 38.3985557556152 38.0892105102539 37.7582130432129 36.949577331543 36.9938087463379 37.6967735290527 37.6240310668945 37.477466583252 37.2895927429199 37.4159393310547 37.6874885559082 37.4931640625 37.8132476806641 37.3720855712891 37.7227897644043
