inst/extdata/Tmax/Tmax156.asc
NCOLS 100 
NROWS 79 
XLLCORNER 148.06 
YLLCORNER -21.49 
CELLSIZE 0.01 
NODATA_value -3.4e+38 
[rows 40 to 59 of 79, columns 0 to 45 of 100]
32.640789031982401 32.3376617431641 32.393913269043 32.446605682373 32.3247871398926 32.4705963134766 32.430835723877 32.2174110412598 31.6945190429688 32.2011489868164 32.9534759521484 33.3465232849121 33.4089775085449 33.4891204833984 33.5866546630859 33.3563385009766 33.0500259399414 32.656867980957 32.0002021789551 32.5938415527344 32.6008377075195 32.488956451416 32.4339294433594 31.9856414794922 30.9634895324707 30.2402305603027 30.0267734527588 30.1512680053711 30.3012256622314 29.5939865112305 28.8822383880615 29.3760452270508 30.8399047851562 30.5466747283936 30.2689819335938 30.6644878387451 30.5770702362061 30.2247562408447 29.9909439086914 29.49462890625 29.464786529541 28.4940414428711 27.8624610900879 27.8715972900391 27.5979270935059 27.4328994750977
32.8097343444824 32.3685264587402 32.2470359802246 32.3825416564941 32.2820472717285 32.3924560546875 32.4155578613281 32.309944152832 32.0406761169434 32.1983909606934 32.6065139770508 33.0318336486816 33.3204574584961 33.5373344421387 33.6092414855957 33.451602935791 33.1072196960449 32.536003112793 32.1629180908203 32.3498725891113 32.3943481445312 32.1366844177246 32.3636741638184 32.0558013916016 31.3038520812988 30.7492752075195 30.057466506958 29.9843692779541 30.241003036499 29.7631778717041 29.2990398406982 30.0304222106934 30.8234481811523 29.9828662872314 29.1786937713623 30.0618457794189 30.1273460388184 30.3855476379395 30.3605442047119 30.1125679016113 29.9936962127686 29.1787757873535 27.6193656921387 27.4991645812988 27.597583770752 27.5678367614746
32.6467742919922 32.599910736084 32.3748741149902 32.2536811828613 32.3404998779297 32.3824996948242 32.3716773986816 32.3447456359863 32.3222923278809 32.2844314575195 32.3589515686035 32.93017578125 33.3241424560547 33.5133361816406 33.5491256713867 33.5123329162598 33.2565536499023 32.895149230957 32.6457748413086 32.6071968078613 32.5245628356934 31.7872276306152 31.722957611084 31.998649597168 32.0471038818359 31.554630279541 30.5707702636719 30.2142276763916 30.1420478820801 29.9039878845215 28.9064407348633 30.133472442627 30.2130470275879 29.0117797851562 28.1117057800293 29.1463928222656 29.1597518920898 29.9132213592529 30.1187686920166 29.7937393188477 29.546537399292 29.6147613525391 28.951976776123 28.7210159301758 29.2118721008301 30.3621711730957
32.2544288635254 32.3754844665527 32.3773078918457 32.3879127502441 32.4382400512695 32.4462394714355 32.4217681884766 32.3790321350098 32.4594383239746 32.4421234130859 32.4695701599121 32.9605102539062 33.2683296203613 33.4691162109375 33.5131072998047 33.551082611084 33.4415702819824 33.20654296875 32.8949317932129 32.9585952758789 32.7708969116211 32.484546661377 31.7153739929199 31.3267440795898 32.1170425415039 31.8886966705322 31.4309539794922 30.8979167938232 30.5316905975342 30.3486652374268 29.4621162414551 29.378999710083 30.1881084442139 29.6317157745361 28.9218139648438 28.4185314178467 28.5287952423096 28.8226890563965 29.0959281921387 28.8452014923096 28.3468437194824 29.1717166900635 28.6911315917969 29.7807579040527 31.8248462677002 32.5488471984863
31.9181098937988 32.1420402526855 32.1358604431152 32.1523323059082 32.3796539306641 32.5267066955566 32.5738410949707 32.5263786315918 32.6132431030273 32.6836624145508 32.8966102600098 33.071231842041 33.2401351928711 33.377498626709 33.468189239502 33.5496635437012 33.5252532958984 33.3733825683594 33.2068176269531 33.1681709289551 33.0322532653809 32.8788909912109 32.5430526733398 32.3120727539062 32.1230659484863 31.6071796417236 31.9125843048096 31.7894496917725 31.4338665008545 30.6673069000244 29.9914817810059 29.9960174560547 30.3712711334229 30.5746269226074 30.25417137146 28.9487056732178 27.4797267913818 27.4538726806641 27.5859146118164 27.9744453430176 27.8526763916016 28.4794597625732 27.9612197875977 28.9164047241211 30.9487419128418 32.5667877197266
31.933837890625 32.018684387207 31.8599739074707 31.7509326934814 31.9987812042236 32.2663307189941 32.5481185913086 32.7025337219238 32.797248840332 32.9215240478516 33.0196800231934 32.945686340332 32.7032623291016 33.1566734313965 33.442455291748 33.5180549621582 33.5308494567871 33.4710845947266 33.3815650939941 33.3227462768555 33.2326736450195 33.1214904785156 33.0728569030762 32.3749580383301 31.9872035980225 31.9151878356934 32.0233039855957 31.8454418182373 31.6440753936768 31.0711097717285 29.6769504547119 29.9205112457275 30.2832317352295 30.3706188201904 30.4974403381348 29.4973106384277 28.0612335205078 27.8081130981445 27.8590278625488 28.3616828918457 27.7127704620361 28.1242046356201 28.5851039886475 28.9479331970215 29.9562759399414 31.3083724975586
31.7691097259521 31.7497253417969 31.7754459381104 31.7074127197266 31.6113109588623 31.692211151123 32.2747344970703 32.4354019165039 32.5928611755371 32.6311683654785 32.9017028808594 33.039005279541 32.7667541503906 33.0841827392578 33.3678016662598 33.4781875610352 33.5005493164062 33.4415397644043 33.4109687805176 33.3799858093262 33.3079948425293 33.2417907714844 33.1386833190918 32.5980949401855 31.6616172790527 31.8042106628418 32.0179290771484 31.7756767272949 31.7325706481934 31.5783081054688 30.6826438903809 30.3290958404541 29.9429531097412 30.2507648468018 30.4200019836426 29.901912689209 28.7271137237549 29.0570259094238 28.4771766662598 29.2792091369629 28.6661052703857 28.8515167236328 28.9991970062256 29.1349010467529 29.1417140960693 28.9437065124512
32.2602577209473 31.5471534729004 31.4732551574707 31.4285831451416 31.4142951965332 31.5705299377441 31.9427452087402 31.9076194763184 32.209659576416 32.2825317382812 32.3919410705566 32.4837112426758 32.7163429260254 33.0615501403809 33.3005409240723 33.4564208984375 33.4568710327148 33.3357009887695 33.140998840332 33.0434112548828 33.2154655456543 33.0141792297363 33.0510864257812 32.9896850585938 32.4715690612793 32.3729591369629 32.4031562805176 32.1886940002441 32.0085868835449 31.7665615081787 30.9945621490479 30.5949401855469 29.8087272644043 30.2652645111084 30.3286190032959 30.0812931060791 29.6076984405518 29.8754844665527 29.5909099578857 29.878978729248 29.5973739624023 29.37571144104 29.2284297943115 29.0738792419434 28.7042026519775 28.4554824829102
33.0462265014648 32.1501350402832 31.3153686523438 31.1637840270996 31.3247375488281 31.5490226745605 31.4890918731689 31.5036945343018 31.9025573730469 32.2574043273926 32.3568992614746 32.3538398742676 32.6371192932129 33.0102958679199 33.3092041015625 33.4057083129883 33.4280662536621 33.3634300231934 33.1802940368652 32.9328079223633 33.0312995910645 32.9819374084473 32.903865814209 33.0719375610352 32.9588432312012 32.8480339050293 32.526683807373 32.3118782043457 32.2227935791016 31.8982162475586 31.4612083435059 30.9457950592041 29.9828777313232 30.1704883575439 30.15114402771 30.2328758239746 30.135425567627 30.1183490753174 30.0027141571045 29.8099327087402 28.9281063079834 28.7492122650146 28.985782623291 28.7111396789551 28.5743179321289 28.1999683380127
33.3349075317383 32.7695693969727 31.8288726806641 31.1972007751465 31.1969223022461 31.2008972167969 31.2468013763428 31.6518154144287 31.9365825653076 31.8344802856445 32.5585899353027 32.8407402038574 32.9828300476074 33.1169548034668 33.2482299804688 33.3635559082031 33.3839225769043 33.3397789001465 33.2342300415039 33.0831451416016 32.9749488830566 32.9065284729004 32.7045669555664 32.7660636901855 32.9758949279785 32.9715042114258 32.7223358154297 32.1102561950684 31.5513610839844 31.8725471496582 31.5401992797852 31.2005424499512 30.2983665466309 29.9764823913574 29.7539939880371 30.1077823638916 30.2091388702393 30.109992980957 30.0753231048584 29.7382297515869 28.9755191802979 28.540506362915 28.7558345794678 28.3574714660645 28.2720966339111 28.1831111907959
33.3107299804688 33.1249923706055 32.6227340698242 31.9278297424316 31.3394317626953 31.0157165527344 31.2095336914062 31.5830612182617 31.6489906311035 32.0082855224609 32.6869010925293 32.971981048584 33.1351852416992 33.2712860107422 33.31005859375 33.3550682067871 33.2288475036621 33.2584686279297 33.2806930541992 33.2023162841797 33.0852165222168 32.9104309082031 32.6942329406738 32.6125755310059 32.752799987793 32.8141975402832 32.8721656799316 32.6182670593262 32.3034744262695 32.1469116210938 31.530387878418 31.3560428619385 30.4175701141357 29.970100402832 29.2949275970459 29.8341732025146 29.9912567138672 29.9946441650391 30.0634098052979 29.8676624298096 29.2962093353271 29.1147422790527 29.0158424377441 28.788595199585 28.4387321472168 28.2537879943848
33.2562942504883 33.2321090698242 32.9564971923828 32.2106857299805 31.5645637512207 31.2615509033203 31.2283782958984 31.33815574646 31.077507019043 31.2667236328125 32.252986907959 32.7298583984375 32.9525566101074 33.2065925598145 33.3223190307617 33.2931861877441 33.2102928161621 33.2245483398438 33.198169708252 33.1988983154297 33.1005592346191 32.9887084960938 32.8802185058594 32.6545562744141 32.5320205688477 32.4740219116211 32.4399223327637 32.5887832641602 32.3413276672363 32.4907417297363 32.5295639038086 31.629222869873 30.9619464874268 30.4671764373779 29.923957824707 30.0819129943848 30.0433197021484 29.8587703704834 30.0279693603516 29.9284439086914 29.3855762481689 29.2117557525635 29.0953063964844 28.9001960754395 28.3636131286621 28.1631736755371
33.0396614074707 33.1418838500977 32.9950828552246 31.9049949645996 31.0251731872559 31.0098762512207 31.1400947570801 31.0029850006104 30.7340908050537 30.8988723754883 32.1607666015625 32.7152099609375 32.982307434082 33.2131805419922 33.2410469055176 33.1988677978516 33.194580078125 33.1408004760742 33.106372833252 33.1141357421875 33.1391563415527 33.0849266052246 32.9111099243164 32.6893119812012 32.4457550048828 32.274341583252 32.2530975341797 32.2135887145996 32.2187843322754 32.1113471984863 32.342960357666 32.2053489685059 31.5698623657227 30.8832931518555 30.4003200531006 30.7899341583252 30.7398529052734 30.2148361206055 30.0053997039795 30.0917625427246 29.9193325042725 29.6351490020752 29.297269821167 29.0317306518555 28.664644241333 28.2450847625732
32.7968139648438 32.8890380859375 33.0341682434082 32.5576438903809 31.4443397521973 31.075798034668 31.4843254089355 30.9416313171387 30.7828960418701 30.8902530670166 32.105411529541 32.8106231689453 33.0729866027832 33.1953582763672 33.1281356811523 33.0329551696777 33.0357933044434 33.0801582336426 33.0561180114746 32.9471244812012 33.0170974731445 33.1018295288086 32.9492988586426 32.7853126525879 32.5722846984863 32.3988571166992 32.006778717041 31.8027572631836 31.4166889190674 31.8203372955322 31.6431846618652 32.2755355834961 32.3387794494629 31.9540138244629 31.4049396514893 31.4527549743652 31.0433769226074 30.6562805175781 30.3201694488525 30.7516193389893 30.2927894592285 29.9932918548584 29.8266258239746 29.6799011230469 29.3793430328369 29.2214088439941
32.6406936645508 32.617504119873 32.845817565918 32.8773422241211 32.3923568725586 32.1401443481445 32.0901184082031 31.7079620361328 31.4944477081299 31.5217208862305 31.7498817443848 32.2157859802246 32.9674377441406 33.1336669921875 33.0093765258789 32.924674987793 32.9239807128906 32.9962692260742 32.9657554626465 32.9049682617188 32.9432182312012 33.0701446533203 33.0268287658691 32.834041595459 32.7211570739746 32.5219459533691 32.1573143005371 31.923246383667 31.467622756958 31.7375411987305 31.041316986084 31.5270690917969 31.7997398376465 31.8355693817139 31.9841556549072 31.8565807342529 31.5214462280273 31.3693752288818 30.8755340576172 30.3295459747314 30.257381439209 30.3152732849121 30.0578422546387 29.8487167358398 29.8509330749512 29.6975135803223
32.7266960144043 32.7293815612793 32.8056297302246 32.8577690124512 32.7415046691895 32.0816917419434 32.1044731140137 32.1905860900879 31.9630889892578 31.9306240081787 32.2252311706543 32.6409873962402 33.017520904541 33.1106414794922 33.0125160217285 32.8205718994141 32.8910064697266 32.9013023376465 32.6932029724121 32.6852989196777 32.8487205505371 32.9449920654297 33.0161514282227 32.9185562133789 32.7952613830566 32.6364097595215 32.4207534790039 32.1421585083008 31.9662208557129 31.8005142211914 31.3394050598145 30.9466533660889 31.1066837310791 31.0767440795898 31.583423614502 31.261646270752 31.5683670043945 31.3133678436279 30.9242897033691 30.4758167266846 30.2281856536865 29.9945011138916 29.4775428771973 28.8451805114746 29.4832916259766 29.6994171142578
32.8356971740723 32.8189010620117 32.8058586120605 32.8060417175293 32.6536865234375 31.797306060791 31.5818099975586 32.0723495483398 31.964225769043 31.6288414001465 31.9621620178223 32.7086372375488 33.0168495178223 33.0639762878418 32.9815368652344 32.7885360717773 32.7888565063477 32.5782051086426 32.3109703063965 32.4812698364258 32.8246803283691 32.8447875976562 32.9464912414551 32.9487457275391 32.7758522033691 32.7170829772949 32.5228614807129 32.2191352844238 32.133171081543 31.8928642272949 31.4488964080811 30.7136650085449 30.3949279785156 30.5612106323242 31.0751514434814 31.2396697998047 30.8352470397949 30.462646484375 30.6891841888428 30.6225185394287 30.2567138671875 30.0042762756348 29.4333114624023 28.554895401001 29.0506381988525 29.4636287689209
32.8799705505371 32.8449516296387 32.8117790222168 32.7911987304688 32.762523651123 32.4014282226562 31.9185333251953 31.6670475006104 31.6873054504395 31.4683856964111 32.0062599182129 32.7053565979004 32.9753570556641 33.0003128051758 32.9191436767578 32.7303771972656 32.5583229064941 32.3528327941895 32.2418365478516 32.5517616271973 32.7054061889648 32.7885093688965 32.761344909668 32.8842010498047 32.8304252624512 32.742919921875 32.5632247924805 32.2798271179199 32.1579971313477 31.9512233734131 31.5062808990479 31.290225982666 30.7999668121338 30.6032962799072 30.5532913208008 30.7264919281006 31.0259647369385 30.8699798583984 30.4836444854736 30.2713603973389 30.0590744018555 29.8472995758057 29.5868511199951 29.2505493164062 28.5649471282959 28.8893795013428
32.9108238220215 32.8591461181641 32.8244094848633 32.8255233764648 32.759334564209 32.5408020019531 32.2426910400391 31.6267871856689 31.5229187011719 31.7390613555908 32.2580337524414 32.7294044494629 32.9138259887695 32.9195251464844 32.7901077270508 32.6221237182617 32.3083267211914 32.2378959655762 32.3728256225586 32.4192504882812 32.5925941467285 32.541805267334 32.3582153320312 32.6476631164551 32.8561553955078 32.7357444763184 32.5067749023438 32.3556900024414 32.2201461791992 32.1144104003906 31.9126129150391 31.6787853240967 31.3489112854004 31.2987670898438 30.951135635376 30.5898113250732 30.7079296112061 30.7992839813232 30.5562896728516 30.4004421234131 30.2566604614258 30.0053844451904 29.3539810180664 28.9473819732666 29.0951805114746 29.124870300293
32.9082489013672 32.9235649108887 32.8817672729492 32.856029510498 32.7475433349609 32.6421394348145 32.5381965637207 32.161003112793 31.6699123382568 31.7872982025146 31.9780120849609 32.3162574768066 32.6417770385742 32.7070693969727 32.6557502746582 32.5175857543945 32.3032455444336 32.1803436279297 32.0737838745117 32.1355590820312 32.4057273864746 32.4251708984375 32.1749496459961 32.6224365234375 32.864818572998 32.7564125061035 32.5900192260742 32.4375762939453 32.365348815918 32.2520141601562 32.1315689086914 31.9020195007324 31.5592136383057 31.796028137207 31.6619758605957 31.2609729766846 30.7763004302979 30.6638317108154 30.8054084777832 31.2667045593262 30.4569606781006 30.1680717468262 29.7416687011719 29.0111656188965 28.9442768096924 28.8222846984863
