inst/extdata/Tmax/Tmax38.asc
NCOLS 100 
NROWS 79 
XLLCORNER 148.06 
YLLCORNER -21.49 
CELLSIZE 0.01 
NODATA_value -3.4e+38 
[rows 0 to 19 of 79, columns 46 to 91 of 100]
26.2679042816162 24.9292106628418 25.0865859985352 25.3082103729248 25.8505973815918 25.7671527862549 25.9938335418701 25.9836616516113 24.9479961395264 22.9234066009521 24.6065368652344 23.9436359405518 24.6971530914307 25.3668441772461 25.5094470977783 25.6803779602051 25.8616733551025 26.271692276001 24.8337287902832 25.3952198028564 25.5887775421143 -3.4e+38 -3.4e+38 -3.4e+38 -3.4e+38 -3.4e+38 -3.4e+38 -3.4e+38 -3.4e+38 -3.4e+38 -3.4e+38 -3.4e+38 -3.4e+38 -3.4e+38 -3.4e+38 -3.4e+38 -3.4e+38 -3.4e+38 -3.4e+38 -3.4e+38 -3.4e+38 -3.4e+38 -3.4e+38 -3.4e+38 -3.4e+38 -3.4e+38
26.6045818328857 26.0476341247559 24.6599559783936 24.9594497680664 25.1373958587646 25.1021461486816 25.4523754119873 25.8267459869385 24.4817066192627 23.4054431915283 25.4677047729492 25.0463447570801 26.9046325683594 26.5503063201904 25.3670845031738 24.3541297912598 25.493143081665 27.342170715332 26.2512989044189 25.0202617645264 25.7184982299805 27.7802410125732 -3.4e+38 -3.4e+38 -3.4e+38 -3.4e+38 -3.4e+38 -3.4e+38 -3.4e+38 -3.4e+38 -3.4e+38 -3.4e+38 -3.4e+38 -3.4e+38 -3.4e+38 -3.4e+38 -3.4e+38 -3.4e+38 -3.4e+38 -3.4e+38 -3.4e+38 -3.4e+38 -3.4e+38 -3.4e+38 -3.4e+38 -3.4e+38
28.3573799133301 25.1879196166992 22.9932594299316 23.6024017333984 23.4539108276367 24.9958896636963 24.1674518585205 24.0777740478516 23.2045154571533 22.8950691223145 24.7492179870605 26.2102184295654 27.587495803833 27.0666446685791 24.5282955169678 23.7939300537109 25.3435688018799 24.9787750244141 24.8482074737549 25.060827255249 24.7277336120605 24.9635906219482 24.809196472168 25.3120651245117 -3.4e+38 -3.4e+38 -3.4e+38 -3.4e+38 -3.4e+38 -3.4e+38 -3.4e+38 -3.4e+38 -3.4e+38 -3.4e+38 -3.4e+38 -3.4e+38 -3.4e+38 -3.4e+38 -3.4e+38 -3.4e+38 -3.4e+38 -3.4e+38 -3.4e+38 -3.4e+38 -3.4e+38 -3.4e+38
24.3690433502197 23.8799839019775 20.8247737884521 21.9587669372559 23.6010780334473 23.4202156066895 23.8805656433105 24.0326519012451 23.7081203460693 23.2501583099365 24.5248432159424 24.1160659790039 26.9042453765869 27.4778137207031 24.9163799285889 24.3281898498535 26.1657218933105 26.8251266479492 26.2409763336182 25.4826812744141 24.0548763275146 25.0019721984863 24.7356281280518 25.5768337249756 26.069278717041 26.094259262085 -3.4e+38 -3.4e+38 -3.4e+38 -3.4e+38 -3.4e+38 -3.4e+38 -3.4e+38 -3.4e+38 -3.4e+38 -3.4e+38 -3.4e+38 -3.4e+38 -3.4e+38 -3.4e+38 -3.4e+38 -3.4e+38 -3.4e+38 -3.4e+38 -3.4e+38 -3.4e+38
25.3092002868652 23.4720554351807 20.5869598388672 20.3281097412109 21.9359855651855 24.2561550140381 24.9340744018555 25.2711162567139 23.3325042724609 22.3097763061523 22.9706649780273 21.3399925231934 22.8214282989502 26.9309787750244 24.0964183807373 24.4212799072266 26.2807960510254 26.0700092315674 26.7127952575684 26.5950660705566 20.1262512207031 24.9675407409668 25.262092590332 24.753604888916 25.5537395477295 26.0531387329102 -3.4e+38 -3.4e+38 -3.4e+38 -3.4e+38 -3.4e+38 -3.4e+38 -3.4e+38 -3.4e+38 -3.4e+38 -3.4e+38 -3.4e+38 -3.4e+38 -3.4e+38 -3.4e+38 -3.4e+38 -3.4e+38 -3.4e+38 -3.4e+38 -3.4e+38 -3.4e+38
20.9274501800537 21.8261852264404 19.6653270721436 18.8741779327393 21.8783931732178 24.123477935791 23.5176162719727 23.9434585571289 22.7663536071777 23.0535793304443 20.6822128295898 20.3393859863281 24.4338397979736 25.2795505523682 23.1235313415527 24.4550151824951 25.7192325592041 26.837516784668 25.8408718109131 25.5884838104248 20.1805686950684 22.2509098052979 25.8858108520508 24.8772602081299 25.3258514404297 25.2802257537842 -3.4e+38 -3.4e+38 -3.4e+38 -3.4e+38 -3.4e+38 -3.4e+38 -3.4e+38 -3.4e+38 -3.4e+38 -3.4e+38 -3.4e+38 -3.4e+38 -3.4e+38 -3.4e+38 -3.4e+38 -3.4e+38 -3.4e+38 -3.4e+38 -3.4e+38 -3.4e+38
19.5693092346191 20.6132659912109 20.8706207275391 20.4099044799805 24.494722366333 24.1442947387695 24.1238327026367 22.9725399017334 23.8025646209717 22.6848373413086 21.7426052093506 22.0566997528076 23.2049942016602 26.8642063140869 26.7261390686035 27.8201293945312 24.3393859863281 24.6626644134521 24.6794128417969 25.1483173370361 26.9276714324951 24.6794681549072 25.4830551147461 25.0150928497314 24.4365520477295 23.7530078887939 23.7159194946289 24.3381462097168 -3.4e+38 -3.4e+38 -3.4e+38 -3.4e+38 -3.4e+38 -3.4e+38 -3.4e+38 -3.4e+38 -3.4e+38 -3.4e+38 -3.4e+38 -3.4e+38 -3.4e+38 -3.4e+38 -3.4e+38 -3.4e+38 -3.4e+38 -3.4e+38
18.3756217956543 21.3204116821289 26.5407104492188 21.0106163024902 19.8145809173584 21.6342678070068 23.498140335083 22.5958442687988 22.9267063140869 23.7640075683594 22.1592712402344 21.670316696167 22.7085666656494 24.1529541015625 22.4238243103027 25.2983837127686 22.2556266784668 22.049919128418 23.3803386688232 24.7527008056641 24.9951267242432 23.6501598358154 24.1833667755127 24.809289932251 23.7940883636475 23.0415573120117 22.7972202301025 23.5167369842529 24.938720703125 23.5036926269531 24.7682552337646 -3.4e+38 -3.4e+38 -3.4e+38 -3.4e+38 -3.4e+38 -3.4e+38 -3.4e+38 -3.4e+38 -3.4e+38 -3.4e+38 -3.4e+38 -3.4e+38 -3.4e+38 -3.4e+38 -3.4e+38
18.3229484558105 20.6029586791992 21.4302291870117 25.3283805847168 20.8107738494873 18.9619064331055 21.2469787597656 21.6600971221924 23.9272747039795 24.1875839233398 24.3733367919922 22.6696281433105 22.2803020477295 22.8748760223389 20.7275466918945 20.5817852020264 19.8206977844238 24.1129817962646 22.6710262298584 24.0493907928467 26.1037216186523 25.9791126251221 23.4783535003662 21.4938488006592 22.5826416015625 23.2123279571533 23.8500137329102 25.0326709747314 24.717342376709 23.5336303710938 23.0851554870605 25.5208492279053 -3.4e+38 -3.4e+38 -3.4e+38 -3.4e+38 -3.4e+38 -3.4e+38 -3.4e+38 -3.4e+38 -3.4e+38 -3.4e+38 -3.4e+38 -3.4e+38 -3.4e+38 -3.4e+38
19.7091407775879 20.5746021270752 21.2156391143799 21.9822254180908 23.5300121307373 20.3285636901855 20.0351181030273 21.7950916290283 23.3234958648682 23.5795059204102 23.4750099182129 23.1926536560059 22.1220359802246 22.2096691131592 20.5726928710938 20.176628112793 19.781005859375 24.8109741210938 24.5647716522217 22.7749900817871 23.9014873504639 25.6953315734863 26.4194412231445 25.3773860931396 25.3676776885986 23.0347270965576 23.6034488677979 26.1576194763184 24.1775455474854 23.5363941192627 26.6491394042969 27.1311168670654 -3.4e+38 -3.4e+38 -3.4e+38 -3.4e+38 -3.4e+38 -3.4e+38 -3.4e+38 -3.4e+38 -3.4e+38 -3.4e+38 -3.4e+38 -3.4e+38 -3.4e+38 -3.4e+38
18.5887794494629 20.9251174926758 20.8575973510742 20.8219814300537 22.3381900787354 25.208194732666 22.3223133087158 23.1750640869141 22.9655017852783 23.1636772155762 23.9246959686279 23.3836765289307 22.8965301513672 23.4841442108154 22.8587608337402 22.9211273193359 24.0247554779053 24.2877502441406 25.4846820831299 25.2212181091309 22.7943649291992 25.9502372741699 23.6016883850098 22.4420204162598 24.1980323791504 23.8850727081299 24.8756008148193 24.8369808197021 26.8566474914551 27.515962600708 -3.4e+38 -3.4e+38 -3.4e+38 -3.4e+38 -3.4e+38 -3.4e+38 -3.4e+38 -3.4e+38 -3.4e+38 -3.4e+38 -3.4e+38 -3.4e+38 -3.4e+38 -3.4e+38 -3.4e+38 -3.4e+38
17.9875717163086 19.1530094146729 19.3107147216797 18.4743385314941 19.4162521362305 20.5168190002441 27.1676597595215 23.9063110351562 23.5960750579834 23.2695636749268 23.4393634796143 23.8244781494141 22.9381160736084 23.5002517700195 23.2029075622559 25.030818939209 24.9714736938477 24.8924617767334 27.9385643005371 25.6968059539795 23.87912940979 23.8925933837891 23.9682445526123 23.3554420471191 27.3155841827393 23.1328315734863 24.4750690460205 24.2533988952637 25.0774211883545 23.9490165710449 -3.4e+38 -3.4e+38 -3.4e+38 -3.4e+38 -3.4e+38 -3.4e+38 -3.4e+38 -3.4e+38 -3.4e+38 -3.4e+38 -3.4e+38 -3.4e+38 -3.4e+38 -3.4e+38 -3.4e+38 -3.4e+38
17.7113399505615 16.3542041778564 15.9574327468872 15.9055185317993 18.3918952941895 19.2026596069336 20.830904006958 21.1904296875 23.018669128418 23.4982509613037 22.0443725585938 22.3454303741455 22.2150039672852 22.7269344329834 23.1031970977783 23.1019496917725 23.3157005310059 25.0333290100098 27.36789894104 27.041934967041 24.7927875518799 25.0014038085938 24.8633136749268 26.6146450042725 24.9377841949463 24.1742057800293 25.0232791900635 24.3070278167725 22.728214263916 20.9187355041504 24.07275390625 25.508674621582 -3.4e+38 -3.4e+38 -3.4e+38 -3.4e+38 -3.4e+38 -3.4e+38 -3.4e+38 -3.4e+38 -3.4e+38 -3.4e+38 -3.4e+38 -3.4e+38 -3.4e+38 -3.4e+38
17.7109813690186 16.7109336853027 16.0755519866943 15.6081008911133 16.2305564880371 16.8888854980469 18.9278736114502 20.0778121948242 22.5577697753906 23.6550159454346 22.7086944580078 22.638500213623 23.1404914855957 23.5774307250977 23.8905162811279 25.1394062042236 23.3043670654297 25.2612323760986 26.3300762176514 25.1997776031494 25.1731815338135 27.5463047027588 25.2257709503174 24.6939067840576 26.0413436889648 24.2890129089355 23.268180847168 23.0654926300049 22.1799087524414 23.4797077178955 25.481351852417 25.2642726898193 24.2515563964844 -3.4e+38 -3.4e+38 -3.4e+38 -3.4e+38 20.557954788208 26.7653484344482 -3.4e+38 -3.4e+38 -3.4e+38 -3.4e+38 -3.4e+38 -3.4e+38 -3.4e+38
18.2185459136963 17.3461856842041 16.1410274505615 15.7085380554199 16.3848342895508 16.10498046875 17.4369049072266 19.1928749084473 20.414176940918 21.4306716918945 19.7170944213867 23.1181793212891 22.4000778198242 23.0753993988037 24.3406562805176 23.3717479705811 24.1588745117188 27.6063804626465 24.1333599090576 25.9274501800537 25.079174041748 26.9960880279541 25.6717777252197 24.9388790130615 24.876127243042 24.9561214447021 24.8292179107666 23.4667282104492 23.0418262481689 25.8848056793213 25.87135887146 25.0782871246338 24.5299491882324 -3.4e+38 -3.4e+38 -3.4e+38 -3.4e+38 21.7086162567139 25.5371780395508 27.0299701690674 26.6626586914062 26.5404968261719 -3.4e+38 -3.4e+38 -3.4e+38 -3.4e+38
18.1237258911133 16.7045593261719 16.1087474822998 16.2223720550537 15.7813663482666 16.8607292175293 16.6813068389893 18.1483325958252 22.2362194061279 23.8325672149658 21.7117137908936 19.9720840454102 23.732027053833 19.281343460083 19.3015365600586 20.1370754241943 25.3552665710449 23.6107234954834 23.1564331054688 24.3148765563965 24.4807929992676 25.2349281311035 25.0445575714111 24.3195400238037 24.2618350982666 24.3640518188477 25.4849720001221 24.4846591949463 23.6778793334961 23.67702293396 24.4892177581787 21.0623722076416 27.3610935211182 -3.4e+38 -3.4e+38 24.7397003173828 26.5065822601318 25.7667465209961 24.5344696044922 25.6131420135498 25.5584182739258 26.9993686676025 -3.4e+38 -3.4e+38 -3.4e+38 -3.4e+38
16.4910469055176 15.0425329208374 15.1322240829468 16.5913944244385 17.1019477844238 16.8286170959473 16.3399639129639 17.184362411499 24.3799514770508 22.8689098358154 27.0590991973877 19.7550964355469 20.6697311401367 21.4885768890381 19.3477249145508 19.5562648773193 20.2256278991699 22.0907859802246 23.8494892120361 23.2515106201172 26.0817337036133 23.3941535949707 24.0814590454102 24.3682460784912 23.8144454956055 24.8935489654541 24.8335304260254 25.1515922546387 25.4844665527344 24.1809730529785 24.4505996704102 21.0701370239258 23.145435333252 -3.4e+38 27.0873737335205 22.5316429138184 24.508487701416 -3.4e+38 27.0488567352295 -3.4e+38 26.7514476776123 -3.4e+38 -3.4e+38 -3.4e+38 -3.4e+38 -3.4e+38
17.1076526641846 15.1620111465454 14.4811229705811 17.4453601837158 17.5557403564453 16.5967636108398 16.1589508056641 16.2528953552246 18.155179977417 20.6144428253174 20.9837608337402 24.8124904632568 26.4821548461914 21.824914932251 21.2604484558105 22.5779972076416 22.9898014068604 23.2551383972168 22.7845668792725 22.6913681030273 24.2356204986572 24.2629299163818 25.7983169555664 25.810827255249 24.08274269104 23.8396873474121 24.7734355926514 23.7229423522949 24.0158977508545 23.8951835632324 21.5931758880615 22.8891468048096 26.8705101013184 23.899341583252 22.9534664154053 25.6373405456543 25.2995929718018 -3.4e+38 -3.4e+38 -3.4e+38 -3.4e+38 -3.4e+38 -3.4e+38 26.6625576019287 -3.4e+38 -3.4e+38
18.1782665252686 17.8843116760254 15.1490421295166 17.0491771697998 15.5044441223145 15.7538909912109 16.8620128631592 17.0148582458496 18.925106048584 21.7388820648193 20.7782077789307 20.891939163208 23.5252151489258 27.4802570343018 22.9289016723633 23.2021179199219 22.9756278991699 22.1816864013672 21.6801242828369 21.6046085357666 26.9875221252441 24.5898571014404 26.613826751709 24.7685604095459 24.9424991607666 23.4223823547363 23.8572940826416 22.7500324249268 23.3790740966797 23.4537868499756 21.8586235046387 22.140474319458 25.2077522277832 25.3418846130371 24.8528079986572 25.2383804321289 24.8936920166016 26.5691947937012 25.1664752960205 22.1800003051758 24.5799541473389 24.309103012085 25.4466876983643 24.6081848144531 -3.4e+38 -3.4e+38
18.730052947998 17.8083915710449 18.2375221252441 18.3694477081299 16.7687339782715 16.2126235961914 15.9353179931641 16.326042175293 18.73948097229 26.4954280853271 21.1109428405762 26.9025039672852 25.7476482391357 22.9308700561523 23.0937976837158 20.6855049133301 20.7891731262207 23.2466068267822 21.7588233947754 22.0432682037354 24.1830921173096 25.6844787597656 27.6632061004639 25.3699111938477 26.9791870117188 23.7717781066895 26.4487552642822 24.8203563690186 23.9817905426025 23.7144546508789 22.9532718658447 24.1107978820801 25.6670455932617 26.2631855010986 26.4619426727295 23.7167663574219 23.4583053588867 24.8874282836914 26.004020690918 26.7774696350098 26.3592967987061 26.4386501312256 24.7864532470703 24.6720638275146 21.0528125762939 -3.4e+38
