inst/extdata/Tmax/Tmax112.asc
NCOLS 100 
NROWS 79 
XLLCORNER 148.06 
YLLCORNER -21.49 
CELLSIZE 0.01 
NODATA_value -3.4e+38 
[rows 20 to 39 of 79, columns 46 to 91 of 100]
37.8360595703125 36.1239891052246 36.3354797363281 37.7121887207031 37.4622001647949 36.9242477416992 36.6517028808594 35.4902458190918 37.3039054870605 38.7235488891602 39.7398414611816 39.3044738769531 39.2758102416992 39.8480606079102 39.5202331542969 39.2779693603516 39.531120300293 40.0454978942871 40.1797637939453 40.1733703613281 40.12109375 40.0046768188477 40.2577362060547 40.3216819763184 40.2634162902832 40.1915969848633 40.0839767456055 40.1013526916504 40.0566940307617 39.746509552002 39.8058395385742 40.0338973999023 39.9290351867676 39.6705665588379 39.6574592590332 39.6270904541016 39.536506652832 39.5163841247559 39.4898071289062 39.454216003418 39.3878593444824 39.2093048095703 38.6559867858887 38.5088996887207 38.6816673278809 38.6790351867676
38.1280555725098 36.1088638305664 34.9458274841309 36.6572341918945 36.5265235900879 36.0026893615723 36.8621215820312 34.9884986877441 36.2352561950684 38.2654800415039 39.4957733154297 38.2333946228027 37.6071128845215 39.3344993591309 38.2125930786133 37.8830032348633 38.7018432617188 39.9183387756348 39.9168281555176 40.2921104431152 40.3863525390625 40.3727569580078 40.1726684570312 39.8504829406738 39.8332977294922 39.8998527526855 40.0370216369629 39.9984359741211 39.9039306640625 39.8185348510742 40.0895690917969 40.1197776794434 40.0545654296875 39.7106552124023 39.7694625854492 39.7279434204102 39.595775604248 39.590991973877 39.5827522277832 39.5704956054688 39.4470443725586 39.3220672607422 39.1216773986816 38.9219169616699 38.7846527099609 38.7783622741699
38.7270698547363 38.257682800293 36.3974571228027 35.7557525634766 35.2839241027832 36.4415969848633 35.85498046875 36.1070556640625 35.5037879943848 36.4389190673828 38.6317939758301 39.0111389160156 37.552074432373 37.9312591552734 37.5957107543945 38.1465148925781 39.1429214477539 39.5123977661133 38.2430114746094 39.4305114746094 40.1789779663086 40.2337226867676 39.662914276123 38.8881759643555 39.4348030090332 39.4251823425293 39.9571533203125 40.1190452575684 39.8301963806152 40.0081748962402 40.1642608642578 40.191520690918 40.175121307373 40.0994453430176 39.9855537414551 39.8184127807617 39.637378692627 39.5057144165039 39.5608406066895 39.6355171203613 39.5303688049316 39.4502067565918 39.1902961730957 39.0661659240723 38.9345817565918 39.0635147094727
38.1153182983398 37.9556617736816 37.3459129333496 36.5558128356934 35.076717376709 35.834846496582 36.483757019043 36.6831359863281 36.4372291564941 35.989372253418 37.3438110351562 37.3208045959473 38.1848487854004 36.5711097717285 37.3888626098633 38.833122253418 38.8024520874023 39.151050567627 37.8662490844727 39.7971343994141 40.5096588134766 40.3952865600586 39.5156402587891 38.254222869873 39.3929977416992 39.5565032958984 39.6413612365723 40.0569877624512 40.2255973815918 40.2688446044922 40.2841758728027 40.2952079772949 40.2575645446777 40.1604347229004 40.0522766113281 39.9080009460449 39.5086555480957 39.1785583496094 39.2962532043457 39.5335006713867 39.5084419250488 39.5444793701172 39.2970848083496 39.2625541687012 39.0252418518066 39.0549545288086
36.1774253845215 37.5109977722168 37.8665466308594 37.6286392211914 36.6069984436035 35.9904823303223 35.9963302612305 35.6803703308105 36.5838012695312 36.0389060974121 36.0583686828613 35.5848922729492 37.5057029724121 38.3314819335938 37.5395851135254 38.5618324279785 39.2905158996582 39.8277244567871 39.5324249267578 40.4670104980469 40.4706001281738 40.3227500915527 39.6778602600098 38.8919448852539 39.6152725219727 39.8872108459473 39.5968589782715 39.6750640869141 39.7637329101562 40.2107582092285 40.0626983642578 40.3522872924805 40.224479675293 40.1777000427246 40.0860137939453 39.7741584777832 39.6814041137695 39.1409606933594 38.8678283691406 39.2888641357422 39.4174270629883 39.4960632324219 39.3281593322754 39.3741455078125 39.4218597412109 39.2887687683105
34.7207717895508 35.7070655822754 37.0683135986328 36.9904670715332 36.1348266601562 35.3849716186523 34.9889373779297 34.400707244873 35.637077331543 36.2794380187988 35.7619552612305 36.0063285827637 37.4188346862793 39.2735786437988 38.7858619689941 38.8714790344238 39.0137214660645 40.2973785400391 40.3779907226562 40.3564033508301 40.3496017456055 40.0498580932617 38.8855361938477 38.9295959472656 39.0199317932129 39.6226005554199 39.3605117797852 38.7759399414062 39.3530578613281 40.3090896606445 40.2586135864258 40.3573112487793 40.309326171875 40.2724189758301 40.1373825073242 39.9999465942383 40.0061874389648 39.444278717041 38.9570541381836 39.2531356811523 38.9679756164551 39.0808296203613 38.8119506835938 39.4037818908691 39.4403648376465 39.4069709777832
34.625186920166 34.472297668457 35.158374786377 35.8280906677246 36.5427589416504 34.2733116149902 34.0179061889648 34.8508186340332 35.3838768005371 36.1604957580566 36.2043876647949 36.6359252929688 38.3806610107422 39.244026184082 39.7057723999023 39.8705902099609 39.9933280944824 40.4533004760742 40.1086540222168 39.9439659118652 39.9756736755371 39.5550117492676 39.7207489013672 39.9615516662598 39.9605331420898 39.4036445617676 39.0013465881348 39.8357391357422 40.0634231567383 40.0151557922363 39.5037727355957 40.1088256835938 40.2440567016602 40.3101577758789 40.2882766723633 40.2079086303711 39.8983345031738 39.5838966369629 39.6455001831055 39.4127197265625 39.3009376525879 38.7852821350098 39.2212181091309 39.403678894043 39.3055992126465 39.1974983215332
34.8032035827637 34.3239212036133 34.5977592468262 34.8238410949707 35.4010276794434 33.7673645019531 33.4985504150391 33.8754043579102 35.1858329772949 35.9750785827637 35.4583015441895 36.0686683654785 37.0068397521973 38.1728439331055 39.5353736877441 39.2341156005859 40.2523002624512 40.4722175598145 39.8128890991211 39.1121597290039 39.7170600891113 39.8944053649902 40.1825408935547 40.3843154907227 40.4748344421387 40.0955543518066 40.0832557678223 40.3995780944824 40.4479904174805 39.7888526916504 39.3808250427246 39.8754463195801 39.966926574707 40.3348274230957 40.3660888671875 40.3160705566406 40.167308807373 39.9620819091797 39.5856857299805 38.864143371582 38.6521224975586 38.5258560180664 38.5504570007324 39.1520576477051 39.1762504577637 39.5222702026367
35.674430847168 35.2298202514648 36.0284423828125 35.8742294311523 35.4715576171875 34.0918197631836 34.8534774780273 34.5892562866211 34.9207534790039 35.5499114990234 35.279712677002 35.5779418945312 35.7266464233398 37.973388671875 39.1657333374023 38.4981918334961 39.9024810791016 40.1656341552734 39.8697204589844 38.8089828491211 39.0653800964355 40.0804901123047 40.4393157958984 40.5448608398438 40.5545196533203 40.4696006774902 40.4732856750488 40.5669631958008 40.2077140808105 39.544605255127 39.4207801818848 40.0252342224121 40.3971557617188 40.4203453063965 40.4019813537598 40.3825798034668 40.3310394287109 40.196216583252 39.9595756530762 38.9086608886719 38.3720932006836 37.6170234680176 38.4985580444336 38.4717216491699 39.2706909179688 39.5951957702637
37.3613929748535 37.2116775512695 36.6131210327148 36.5583152770996 36.0200805664062 35.5283966064453 35.2273025512695 34.2127456665039 34.8721771240234 34.3461303710938 33.8808403015137 35.2528953552246 35.6166152954102 37.5527381896973 38.5161666870117 37.8036956787109 38.500057220459 39.2401237487793 39.757080078125 39.6325187683105 39.2124290466309 40.1109619140625 40.5329742431641 40.3423461914062 40.3087310791016 40.026065826416 40.3950958251953 40.6066436767578 39.7520523071289 38.9543724060059 39.566822052002 40.0822677612305 40.3914527893066 40.4535751342773 40.4537124633789 40.4073028564453 40.3771820068359 40.2829818725586 40.1025199890137 39.7402687072754 39.1220092773438 38.6515655517578 38.2418556213379 38.0501098632812 38.8310508728027 39.2709121704102
36.2238578796387 36.2367706298828 36.2775840759277 35.9115257263184 35.4150123596191 35.6752281188965 34.7434387207031 34.2362747192383 33.7524642944336 33.8271102905273 33.2865180969238 34.1408157348633 34.140193939209 36.4778442382812 37.5306243896484 36.3621368408203 36.9277954101562 38.4838790893555 39.7348289489746 40.2401084899902 39.7949752807617 40.3509902954102 40.5305404663086 40.1535339355469 40.126277923584 40.2479934692383 40.6597747802734 40.6268997192383 40.1174697875977 39.4938011169434 39.8364181518555 40.0809593200684 40.4599914550781 40.470531463623 40.4161682128906 40.3913192749023 40.377685546875 40.2978591918945 40.2200050354004 40.0253562927246 39.7955780029297 39.280403137207 38.9133987426758 38.8587417602539 39.0440826416016 39.4124221801758
35.4587440490723 35.7466735839844 35.6369476318359 35.598747253418 34.6780624389648 35.5241508483887 34.5292816162109 33.36279296875 32.8014373779297 33.1527709960938 32.8546981811523 33.4753379821777 34.2283058166504 36.197998046875 36.5279960632324 36.1682205200195 38.3206672668457 39.242977142334 39.9420280456543 40.3782424926758 40.635196685791 40.6773834228516 40.614917755127 40.5225944519043 40.3109092712402 40.5854454040527 40.6904792785645 40.5747718811035 40.2165908813477 39.6108589172363 39.6922302246094 40.218204498291 40.4024200439453 39.9648666381836 40.2923698425293 40.3985061645508 40.3664741516113 40.3208541870117 40.2661552429199 40.1507797241211 39.8797912597656 39.1695365905762 39.4627418518066 39.4834175109863 39.3816680908203 39.3117942810059
34.8340835571289 35.0889358520508 34.934928894043 35.2099380493164 35.3124008178711 35.3395690917969 34.9517211914062 33.8703536987305 33.9517669677734 34.0396575927734 33.1019096374512 32.910831451416 33.7833671569824 36.1268920898438 36.6777153015137 37.2353706359863 37.3022880554199 38.1489448547363 39.9246978759766 40.4649925231934 40.6454277038574 40.592586517334 40.4444541931152 40.3900985717773 40.5233726501465 40.6017723083496 40.568286895752 40.1972923278809 39.312370300293 39.4673271179199 39.7706108093262 40.4955253601074 40.2366065979004 39.7018699645996 40.3213920593262 40.2601852416992 40.2737350463867 40.3094940185547 40.2064743041992 39.9318580627441 39.3903694152832 38.1972923278809 37.9436378479004 38.9020614624023 39.2190093994141 39.4854621887207
35.4700164794922 35.0082092285156 34.8445281982422 34.9929008483887 35.1425857543945 35.0718574523926 34.609447479248 34.2486152648926 34.8245735168457 34.1302185058594 34.0087852478027 33.9912567138672 34.8136672973633 36.0290985107422 36.2022552490234 36.993091583252 38.0017700195312 39.127254486084 40.0024070739746 40.3812713623047 40.6937408447266 40.6633529663086 40.1947937011719 39.9207077026367 40.1250991821289 40.0003967285156 40.0883560180664 40.235424041748 40.125415802002 40.1015739440918 40.3859710693359 40.6230659484863 40.0396156311035 39.9498176574707 40.4663696289062 40.0043487548828 40.1162757873535 40.0646591186523 40.1190872192383 39.830883026123 38.5082397460938 37.8024826049805 37.230712890625 38.8920745849609 39.3925476074219 39.2271385192871
35.9333839416504 34.7527160644531 34.6912117004395 34.7765731811523 34.9007377624512 34.7784194946289 34.7969284057617 35.3958206176758 35.0190238952637 34.2401504516602 35.4425659179688 35.9375877380371 36.1402473449707 35.4836273193359 35.5149078369141 36.6453819274902 37.9670906066895 39.284740447998 39.3725662231445 40.1306571960449 40.5624237060547 40.5744857788086 40.1249160766602 39.8928146362305 39.1378631591797 39.6785011291504 40.154914855957 40.2888565063477 40.4980659484863 40.498462677002 40.6597366333008 40.5968170166016 40.5558433532715 40.5715255737305 40.5190963745117 40.2944755554199 39.4145278930664 39.956714630127 40.1174507141113 40.0582733154297 40.0153198242188 38.84033203125 38.6802291870117 39.8692169189453 40.1047744750977 40.0747871398926
35.9995422363281 35.0082778930664 34.6787719726562 34.5938568115234 34.7747650146484 34.6072463989258 35.2973213195801 37.0530395507812 36.1328277587891 35.407600402832 37.4029998779297 38.1057319641113 37.713996887207 35.6473121643066 36.0864028930664 36.2226257324219 38.2327346801758 38.2995262145996 38.1712760925293 39.0743103027344 40.1749801635742 40.3850479125977 40.0746841430664 40.0619888305664 39.9341888427734 39.6243705749512 39.6889305114746 39.8202781677246 40.4549102783203 40.4143600463867 40.489631652832 40.3047103881836 40.4815711975098 40.607479095459 40.3302879333496 40.3102569580078 39.6801872253418 39.7857894897461 40.0240707397461 39.8618392944336 40.2386856079102 40.2272033691406 40.1243133544922 40.1489715576172 40.2346496582031 40.1153182983398
35.7021408081055 35.0762939453125 34.8655090332031 35.0116310119629 34.9412651062012 35.0490684509277 35.5136985778809 37.7777633666992 37.9750137329102 36.575309753418 38.6487579345703 39.6013412475586 38.8823776245117 37.6419715881348 37.5682754516602 38.2060852050781 38.8855400085449 39.3414497375488 39.6487770080566 39.9392204284668 40.1499099731445 39.8937301635742 38.5970611572266 38.8706588745117 39.3774185180664 39.0239791870117 39.2250709533691 40.0258331298828 40.3707389831543 40.5515327453613 39.5480079650879 39.5219535827637 40.2770309448242 40.5429306030273 40.0882186889648 40.1117401123047 39.3606719970703 39.8319358825684 40.0070037841797 39.8608169555664 40.2831497192383 40.3470230102539 40.3557968139648 40.3395233154297 40.2743148803711 39.9812889099121
35.7356452941895 35.3442535400391 35.2847671508789 35.4400405883789 35.653434753418 35.8226203918457 36.6971015930176 38.5112724304199 38.393669128418 37.9033279418945 39.3520965576172 40.4449996948242 39.6365280151367 38.4965744018555 37.9474258422852 39.6750526428223 40.0216598510742 40.2179794311523 40.406810760498 40.4248847961426 40.0285415649414 39.7714157104492 39.8681869506836 39.3329467773438 39.6481857299805 40.1002922058105 40.2961959838867 40.3617630004883 40.549373626709 40.4742774963379 38.9473991394043 39.6265182495117 40.4062156677246 40.3231239318848 39.9120712280273 39.8709754943848 39.711009979248 40.1728897094727 40.1869316101074 40.1819648742676 40.1526107788086 40.2898025512695 40.3208999633789 40.3168563842773 40.2353515625 40.1870536804199
35.6959114074707 35.4080505371094 35.9651336669922 36.7839279174805 36.9096183776855 37.4256477355957 38.5640640258789 39.1920394897461 38.5793991088867 38.9711685180664 40.3980522155762 40.8880615234375 40.3491592407227 39.3396034240723 38.5787048339844 39.6351280212402 39.6293869018555 39.914623260498 40.6197471618652 40.8043327331543 40.5166015625 40.1858596801758 40.502124786377 40.3109359741211 40.1790390014648 40.6270751953125 40.5221824645996 40.4362983703613 40.6698379516602 40.4476737976074 39.8624992370605 40.2987518310547 40.4527244567871 40.1562690734863 39.2648811340332 39.2249183654785 39.5215263366699 40.1873741149902 39.9038543701172 39.8716621398926 39.8885688781738 40.1446838378906 40.1139755249023 40.1574935913086 40.009708404541 40.1282043457031
35.7583389282227 35.9521331787109 37.1790161132812 37.9717597961426 38.7034950256348 39.6854438781738 40.3231773376465 39.6275596618652 37.6767768859863 38.3300361633301 39.8730430603027 40.9366569519043 40.515064239502 40.181755065918 39.2895164489746 40.2640991210938 40.404655456543 39.8004302978516 40.5474548339844 40.8711433410645 40.818962097168 40.3954963684082 40.7082481384277 40.7979965209961 40.6430206298828 40.7283210754395 40.5431213378906 39.8124160766602 40.5664520263672 40.6895408630371 40.6065139770508 40.4928207397461 40.1834754943848 39.8524780273438 39.0438423156738 39.0956077575684 39.7985725402832 39.725830078125 39.5792655944824 39.3913917541504 39.5252685546875 39.796817779541 39.6024932861328 39.9225769042969 39.4814147949219 39.8366546630859
