inst/extdata/Tmax/Tmax132.asc
NCOLS 100 
NROWS 79 
XLLCORNER 148.06 
YLLCORNER -21.49 
CELLSIZE 0.01 
NODATA_value -3.4e+38 
[rows 40 to 59 of 79, columns 46 to 91 of 100]
27.3652591705322 28.3352241516113 28.7621936798096 29.6437301635742 31.2555618286133 32.2521820068359 31.7859058380127 29.8946857452393 29.5363521575928 30.2155475616455 30.7353572845459 32.514102935791 32.1285934448242 32.3604431152344 31.5162048339844 32.5636901855469 32.7686767578125 32.4964637756348 32.6360931396484 32.7756805419922 32.8192825317383 31.881649017334 32.3238716125488 32.693790435791 32.8213386535645 32.9134712219238 32.8415985107422 32.4754028320312 32.7031745910645 32.941780090332 32.9314918518066 32.8073997497559 32.5037117004395 31.2375106811523 31.5545616149902 32.2933235168457 32.2299308776855 32.1638031005859 32.4439163208008 31.902271270752 31.1750431060791 31.6974124908447 32.0531196594238 31.8698310852051 32.1700744628906 32.2366752624512
28.6737575531006 29.8387794494629 29.7630653381348 29.7267017364502 31.2904949188232 32.5458564758301 31.4038314819336 31.0137004852295 31.6183319091797 31.7102432250977 32.0862426757812 32.8154716491699 32.703784942627 32.7286605834961 32.5837745666504 32.914478302002 32.9638938903809 32.9230842590332 32.909797668457 32.9638214111328 32.9727363586426 32.4661827087402 31.7743377685547 32.176139831543 32.1266632080078 32.6662483215332 33.0152130126953 32.5578155517578 32.5778999328613 33.0133285522461 33.0748405456543 33.022388458252 32.8802223205566 32.2826232910156 32.5628471374512 32.6329116821289 32.4431533813477 32.4656372070312 32.6004524230957 32.7565460205078 31.7913265228271 32.0523986816406 32.7097473144531 32.5325622558594 32.6941375732422 32.6512756347656
31.0581550598145 31.2420215606689 31.429328918457 31.9182357788086 32.2606735229492 32.7590827941895 32.3322105407715 31.7958889007568 32.3273773193359 32.7482490539551 32.6669998168945 33.0007934570312 33.0437240600586 32.9687652587891 32.9473075866699 33.0415687561035 33.0602264404297 33.060791015625 33.0585289001465 33.0777931213379 33.0123558044434 32.0849227905273 31.9110870361328 32.4553604125977 31.9528789520264 32.4440841674805 32.9297561645508 32.8592834472656 32.8308639526367 33.1210403442383 33.1686172485352 33.1918716430664 33.1789894104004 33.089225769043 33.0143432617188 32.701286315918 31.7890930175781 32.4283447265625 33.0035133361816 33.0220680236816 32.9105491638184 32.8735046386719 33.0170440673828 33.0736694335938 33.134952545166 33.0945510864258
32.3081665039062 32.3341941833496 32.4734420776367 32.6281661987305 32.8762969970703 32.959831237793 32.8800506591797 32.6461524963379 32.829891204834 33.0620613098145 33.0670280456543 33.1255264282227 33.109920501709 33.0779457092285 33.1047973632812 33.0815925598145 33.0206565856934 33.015438079834 33.0783538818359 33.1380767822266 33.1182746887207 32.9041519165039 32.673656463623 32.8815269470215 32.7717056274414 32.3444671630859 32.6696968078613 32.9764251708984 33.1627388000488 33.213062286377 33.2323036193848 33.252010345459 33.248363494873 33.2315864562988 33.2503509521484 33.1227912902832 32.6550140380859 32.999080657959 33.2072143554688 33.2128639221191 33.1975784301758 33.216007232666 33.2216567993164 33.2577476501465 33.2820587158203 33.2637939453125
32.1260261535645 32.4062652587891 32.6807975769043 32.6945419311523 32.7573738098145 32.8853492736816 32.9447441101074 33.0222244262695 33.0571441650391 33.0045738220215 32.7944107055664 32.9122123718262 32.8396339416504 32.5786285400391 32.7703666687012 32.9118385314941 32.801139831543 32.9284019470215 33.0534591674805 33.1305961608887 33.1696701049805 33.0651473999023 32.7703323364258 32.5335502624512 32.792839050293 32.998104095459 33.0755653381348 33.1469116210938 33.1815719604492 33.2412948608398 33.2454566955566 33.2608375549316 33.2415504455566 33.2245140075684 33.2767486572266 33.2383995056152 33.239631652832 33.2567710876465 33.2197456359863 33.241382598877 33.2352180480957 33.2415008544922 33.2637405395508 33.2684783935547 33.1897010803223 33.2318305969238
30.3044338226318 31.101224899292 31.5367164611816 31.7623653411865 32.1454582214355 32.4892539978027 32.4385833740234 32.6498565673828 32.6529922485352 32.4911575317383 31.7123699188232 31.7329425811768 31.8177337646484 30.324893951416 31.2887191772461 32.0706367492676 32.6339797973633 32.984489440918 33.103702545166 33.1538619995117 33.1851844787598 33.0311546325684 32.6091194152832 32.257999420166 32.5649032592773 32.8637046813965 33.0246467590332 33.0376968383789 33.1306915283203 33.2293167114258 33.2524566650391 33.2742538452148 33.2772598266602 33.2907104492188 33.2794914245605 33.2003288269043 33.2109909057617 33.2243919372559 33.2152061462402 33.2271347045898 33.2146072387695 33.2246284484863 33.2327308654785 33.1982421875 33.2087821960449 33.2465667724609
27.8832626342773 29.1783828735352 29.0885581970215 29.0643939971924 30.4090747833252 30.9489631652832 31.0769481658936 31.3490982055664 31.8182678222656 31.1933040618896 30.5180244445801 29.9442958831787 30.6168441772461 30.4937133789062 30.9463653564453 32.1200294494629 32.8236999511719 33.0231056213379 33.083122253418 33.0877418518066 33.1599006652832 33.2021408081055 32.7948226928711 32.4627304077148 32.3748474121094 32.6822738647461 32.9248847961426 33.0679512023926 33.1978988647461 33.2412147521973 33.2805709838867 33.3124122619629 33.3254508972168 33.3159332275391 33.2546691894531 33.2124099731445 33.2282981872559 33.2444496154785 33.2495460510254 33.254077911377 33.2401657104492 33.2542457580566 33.268913269043 33.2525978088379 33.2619018554688 33.1621589660645
28.005687713623 27.9434814453125 27.7532196044922 27.8408184051514 27.788215637207 28.5872459411621 29.8663063049316 30.5382595062256 30.727632522583 30.6053791046143 31.146505355835 30.9815521240234 30.8245525360107 31.4163055419922 31.7183723449707 32.6110382080078 32.8752899169922 32.9052391052246 32.8624267578125 33.0138130187988 33.1599922180176 33.2395629882812 33.1185455322266 32.8267021179199 32.4239616394043 32.7271156311035 32.9532661437988 33.1462326049805 33.2430305480957 33.3044204711914 33.3335418701172 33.3385009765625 33.2936058044434 33.238582611084 33.1966972351074 33.1899375915527 33.2236557006836 33.2597007751465 33.2698631286621 33.2748908996582 33.2750091552734 33.2955741882324 33.3062858581543 33.3013648986816 33.1139793395996 32.9070892333984
27.6063404083252 27.7209758758545 27.9641284942627 27.6787376403809 27.5913848876953 27.7027473449707 28.6044731140137 30.2805233001709 30.8306674957275 31.0155506134033 30.8506450653076 31.0443782806396 31.3448829650879 31.6438617706299 31.7067985534668 32.2493019104004 32.6385116577148 32.6397514343262 32.6472778320312 32.9843482971191 33.1178817749023 33.1642646789551 33.277774810791 33.2180519104004 33.1250419616699 33.1146850585938 33.2293090820312 33.3227767944336 33.3534240722656 33.3788299560547 33.3686180114746 33.323371887207 33.2591667175293 33.147216796875 33.1269836425781 33.2049942016602 33.2363586425781 33.275951385498 33.3135299682617 33.3186302185059 33.334789276123 33.3521308898926 33.3545913696289 33.3579444885254 33.219669342041 33.1020545959473
27.6821670532227 27.8742027282715 27.91064453125 27.5784664154053 28.1018447875977 28.9736881256104 29.0941104888916 30.3738708496094 30.8641719818115 31.0770797729492 30.8887042999268 31.3761444091797 31.6633834838867 31.6717929840088 31.7676811218262 31.6659965515137 31.768253326416 32.0071754455566 32.3916244506836 32.7840423583984 32.9099273681641 32.9552764892578 33.2307395935059 33.306022644043 33.3485412597656 33.349178314209 33.3469047546387 33.1962776184082 33.2839775085449 33.3770561218262 33.3553276062012 33.2619667053223 33.2397499084473 33.0622863769531 33.0172386169434 33.2218704223633 33.2449264526367 33.2490310668945 33.3313751220703 33.3590698242188 33.3567543029785 33.3817481994629 33.385929107666 33.3818893432617 33.332218170166 33.2797431945801
27.7175235748291 27.6029243469238 27.8430271148682 27.551513671875 28.2425937652588 29.3864135742188 29.7555065155029 30.3587608337402 31.0836734771729 31.5457305908203 31.5666770935059 31.6949806213379 31.7737979888916 31.8090839385986 31.8017425537109 31.7490844726562 31.8206272125244 31.5524787902832 31.2043380737305 32.3868637084961 32.2934989929199 32.7771682739258 33.1477661132812 33.236457824707 33.314525604248 33.320915222168 33.2705230712891 33.0683898925781 33.2452278137207 33.3745918273926 33.2231483459473 33.0757217407227 33.1148338317871 33.1169548034668 33.1726341247559 33.2760047912598 33.305534362793 33.3124313354492 33.3320617675781 33.388542175293 33.4032440185547 33.4090156555176 33.4094276428223 33.4007949829102 33.3845481872559 33.3127136230469
27.2570915222168 27.2390480041504 27.6534519195557 26.9978160858154 27.1677303314209 29.2684993743896 30.0673236846924 30.7213153839111 31.0739364624023 31.368579864502 31.4343795776367 31.4456214904785 31.2496547698975 31.2561321258545 31.5335807800293 31.6693515777588 32.0157699584961 31.9458332061768 31.763542175293 31.8177433013916 31.6765823364258 32.5293350219727 32.9805335998535 33.1886405944824 33.2229957580566 33.2614822387695 32.9241218566895 32.5678596496582 33.2166175842285 33.377326965332 33.109130859375 32.8233451843262 33.1064376831055 33.1802749633789 33.2338905334473 33.2213516235352 33.2404022216797 33.2660102844238 33.3100204467773 33.3212966918945 33.3548851013184 33.4144058227539 33.4269714355469 33.4213714599609 33.4090118408203 33.3581581115723
26.8648777008057 26.7201404571533 27.2292785644531 27.1093502044678 27.2124767303467 28.279088973999 29.3601531982422 30.046875 30.5495147705078 30.9277935028076 30.8780345916748 30.8120670318604 30.8841819763184 31.180154800415 31.9401664733887 32.0494613647461 32.2432899475098 32.1503219604492 32.0724754333496 31.9100914001465 31.6795234680176 32.4043312072754 32.8983764648438 33.1258316040039 33.0886039733887 33.2072257995605 32.833324432373 31.8934097290039 32.9573936462402 33.3545532226562 33.091495513916 32.871654510498 33.1029968261719 33.0648384094238 33.017032623291 33.0660781860352 33.1398620605469 33.0961456298828 33.0405120849609 33.0497703552246 33.1898651123047 33.3101234436035 33.4262924194336 33.433536529541 33.4249992370605 33.3979530334473
28.0536155700684 26.9656143188477 27.0917091369629 27.5288276672363 27.9411964416504 29.0757484436035 29.1601715087891 29.9832611083984 30.8120250701904 31.161413192749 31.5258483886719 31.6403884887695 31.7829971313477 32.0196876525879 32.2180824279785 32.2660522460938 32.2217102050781 32.3046264648438 32.2757949829102 32.044189453125 31.8565731048584 31.9172878265381 32.4994812011719 32.7665824890137 32.7158317565918 33.1831665039062 33.0995559692383 32.4563369750977 33.0451889038086 33.3471527099609 33.1304550170898 32.9661903381348 32.9020385742188 32.5784339904785 32.7989120483398 32.7553253173828 32.7897186279297 32.3813819885254 32.5135955810547 31.480619430542 32.9150123596191 33.2073059082031 33.4197387695312 33.453987121582 33.4516220092773 33.4257545471191
28.7974281311035 27.7402992248535 27.1851005554199 28.0534896850586 28.755069732666 29.5308475494385 29.6218376159668 30.1236457824707 30.9174003601074 31.3575458526611 31.4110107421875 31.4348526000977 31.865364074707 32.0479164123535 32.166633605957 32.1548881530762 32.3756942749023 32.5192489624023 32.4943313598633 32.2454223632812 32.0892677307129 32.0364456176758 32.2037506103516 32.2440910339355 32.2443389892578 32.984130859375 33.1971054077148 32.9162292480469 32.6310958862305 33.2150497436523 32.7535400390625 31.9394359588623 32.6094627380371 32.802619934082 33.1310806274414 33.1591415405273 33.1419944763184 33.1329002380371 32.9251289367676 31.9198951721191 32.7922477722168 33.161060333252 33.3681716918945 33.4426689147949 33.4626426696777 33.4409065246582
28.843936920166 27.9260215759277 27.3279228210449 28.7244033813477 29.7711296081543 30.2295341491699 31.0106945037842 31.2609939575195 31.4865264892578 31.6097164154053 31.4192199707031 31.3831939697266 31.9671592712402 32.0665855407715 32.0848350524902 32.1650428771973 32.290699005127 32.2864303588867 32.8370132446289 32.5950622558594 32.3206443786621 32.1955070495605 32.1991577148438 32.0594482421875 32.0986862182617 32.7811050415039 33.1731033325195 33.0997581481934 32.9699783325195 33.3189315795898 32.6085395812988 31.4900684356689 32.0397796630859 32.7824974060059 32.8459968566895 32.4616088867188 32.5491828918457 33.1348190307617 33.284797668457 33.2683486938477 33.3273963928223 33.3430061340332 33.3823623657227 33.4063873291016 33.45751953125 33.4589424133301
28.7047233581543 27.6689796447754 27.1678771972656 28.4884338378906 29.8637619018555 30.2420825958252 29.6498565673828 31.0562973022461 31.0096912384033 30.4447574615479 31.4402008056641 31.6671333312988 31.6975708007812 31.7678718566895 31.7947769165039 32.0211181640625 32.1645927429199 32.2906188964844 32.8068161010742 32.9426422119141 32.7507553100586 32.4536247253418 32.3026123046875 32.2483139038086 32.0251045227051 32.5429611206055 33.0525970458984 33.0924339294434 33.3145599365234 33.4036903381348 32.8703956604004 31.0578212738037 31.7721538543701 31.2807445526123 31.673698425293 30.9560356140137 31.9790000915527 33.1033058166504 33.2506408691406 33.3408889770508 33.3765144348145 33.3113250732422 33.2212600708008 33.3599967956543 33.4122505187988 33.4322395324707
28.6780242919922 27.8782844543457 27.9521789550781 28.5118255615234 29.5043296813965 29.9541149139404 30.4105434417725 30.6632194519043 29.3238258361816 29.2381992340088 30.8449783325195 29.8270263671875 30.2163238525391 30.6852760314941 31.440975189209 31.9304046630859 32.0979080200195 32.3319625854492 32.6978607177734 32.8384170532227 32.9140548706055 32.6855964660645 32.368522644043 32.4688186645508 32.363941192627 32.6337509155273 32.6560974121094 32.5044593811035 33.1039390563965 33.3244323730469 33.0925827026367 32.3699150085449 30.8745727539062 28.797477722168 29.0170154571533 30.8399486541748 32.3918342590332 33.0648765563965 33.2069664001465 33.1697769165039 33.1896133422852 32.9719619750977 32.8663711547852 33.2830352783203 33.033618927002 33.113941192627
28.6537246704102 28.2723331451416 28.0600433349609 28.3997097015381 29.0598106384277 29.9110374450684 30.0911903381348 29.6611137390137 29.1712989807129 30.066291809082 30.5773010253906 29.549674987793 29.8966331481934 30.3491802215576 31.3439464569092 31.7697925567627 32.087100982666 32.5507774353027 32.9868850708008 32.8100852966309 32.6831817626953 33.0224685668945 32.7771110534668 32.6063919067383 32.4622077941895 32.4798965454102 32.5901794433594 32.5114440917969 32.8840484619141 33.2639198303223 33.3163032531738 32.7900810241699 32.0545234680176 30.3327083587646 29.7109432220459 30.9084644317627 32.3939247131348 33.008975982666 33.0961647033691 32.6270523071289 32.9207153320312 33.1336708068848 32.9363479614258 33.0262413024902 32.7059898376465 32.9917449951172
28.284538269043 28.062744140625 27.5580368041992 27.9287014007568 28.7592792510986 28.9372749328613 29.3932609558105 29.7450256347656 30.0543670654297 30.1687164306641 30.5297393798828 30.7594776153564 31.4509677886963 31.5502395629883 31.7083873748779 31.2396030426025 32.2346229553223 32.6287651062012 32.8515243530273 32.5623359680176 32.689022064209 32.9216270446777 33.0517082214355 33.012638092041 32.7321395874023 32.6805877685547 32.3286819458008 32.5245018005371 32.9689292907715 33.0827522277832 33.2534141540527 33.3098182678223 32.7433433532715 32.0585403442383 31.1253509521484 30.8402767181396 32.077522277832 32.9180603027344 32.4196662902832 31.8809280395508 32.8642196655273 33.1532402038574 32.8794937133789 32.0832595825195 32.4778671264648 33.0407638549805
