inst/extdata/Tmax/Tmax33.asc
NCOLS 100 
NROWS 79 
XLLCORNER 148.06 
YLLCORNER -21.49 
CELLSIZE 0.01 
NODATA_value -3.4e+38 
[rows 20 to 39 of 79, columns 46 to 91 of 100]
16.3244609832764 14.4765062332153 14.1430196762085 15.5437469482422 15.1973657608032 14.7879981994629 13.7126417160034 12.6332521438599 15.0207405090332 16.8359508514404 17.5857105255127 17.8927326202393 17.7810573577881 18.5281524658203 17.4414768218994 17.9489669799805 18.175142288208 18.6827430725098 19.9342555999756 19.7626686096191 21.5904712677002 23.7383632659912 24.8349533081055 24.5110359191895 23.0162868499756 23.3992900848389 24.1283493041992 22.6184177398682 21.6742038726807 22.5471115112305 21.7648696899414 22.4997062683105 22.8803634643555 23.7212352752686 23.4381275177002 22.0183544158936 21.423734664917 21.2941360473633 22.7132148742676 24.0600109100342 23.097692489624 23.6565475463867 22.8010005950928 22.4612312316895 22.6601409912109 23.4198036193848
18.8372001647949 13.5608386993408 13.1655550003052 14.3569765090942 14.1024417877197 13.3863677978516 14.4129953384399 12.9285154342651 13.8440952301025 16.3151378631592 18.5600986480713 16.0311889648438 15.4322528839111 17.7496967315674 16.1397647857666 16.1227169036865 17.0354042053223 18.7327861785889 18.540678024292 19.2192687988281 21.7958908081055 24.1525325775146 18.880033493042 18.691577911377 22.0755786895752 23.722936630249 24.9319553375244 21.4345626831055 22.2911205291748 21.1717014312744 21.5532417297363 21.5098285675049 22.0766334533691 21.508337020874 23.0591678619385 22.844690322876 22.7288398742676 22.9513092041016 22.109806060791 25.2748165130615 24.0265426635742 22.8023815155029 21.6164073944092 20.9083290100098 20.1946697235107 20.4667167663574
19.8817043304443 15.8219509124756 14.2185764312744 13.9215564727783 13.0998086929321 14.1043100357056 13.3851547241211 13.9552459716797 13.2407903671265 14.1556215286255 16.6407318115234 17.0732040405273 15.7819404602051 15.8269052505493 15.6567869186401 16.3434677124023 17.3132400512695 17.8928356170654 16.6013431549072 17.9394493103027 23.7052764892578 21.9366035461426 18.4542846679688 17.5518627166748 18.1747741699219 18.3366546630859 21.472354888916 24.0986404418945 20.8191585540771 23.6583976745605 24.6106472015381 25.948881149292 23.0970039367676 21.9850940704346 22.8924446105957 23.3579902648926 24.6778202056885 24.2767601013184 25.5434417724609 23.7322883605957 22.7256011962891 23.5788631439209 22.7955875396729 22.8952770233154 18.9987106323242 19.1633529663086
19.6915168762207 15.554347038269 15.2621688842773 14.096040725708 12.1972122192383 13.6046257019043 14.4328546524048 13.8739261627197 13.8109741210938 13.9873294830322 15.2645854949951 14.669020652771 15.8692045211792 14.8111705780029 19.2618522644043 20.8541297912598 16.7832145690918 17.2384757995605 16.1800861358643 17.8464546203613 22.454517364502 21.0316696166992 19.5274085998535 16.7179260253906 17.7016220092773 18.3754463195801 18.6525897979736 22.8141708374023 22.2994651794434 20.7760486602783 22.0539989471436 22.2695541381836 22.7556438446045 22.3347644805908 22.2659358978271 22.4198665618896 23.2549152374268 24.3670082092285 24.6628665924072 24.6579513549805 24.2447242736816 23.7845897674561 22.3453121185303 22.5970001220703 20.9513683319092 18.4293479919434
18.0576629638672 18.4840145111084 18.6811542510986 15.2839269638062 14.8331441879272 13.9753160476685 13.5776615142822 13.6420412063599 14.4590148925781 13.7730588912964 14.1012783050537 13.5723972320557 15.5243158340454 22.4865303039551 15.4343843460083 16.6982383728027 17.6710338592529 18.0591106414795 17.5996894836426 19.2236614227295 21.9300327301025 21.6763134002686 18.6926536560059 17.7028350830078 18.0060691833496 18.7014179229736 18.3378124237061 18.4868946075439 18.459400177002 22.4270896911621 24.1021766662598 23.4812126159668 22.1062698364258 22.7923946380615 21.4612293243408 20.9796085357666 23.5540256500244 18.5316219329834 23.2309093475342 24.3830184936523 24.7062873840332 22.7463321685791 24.8043918609619 23.7564945220947 22.3889865875244 20.2317295074463
13.0581884384155 13.934645652771 14.8549175262451 14.7907867431641 14.0704393386841 13.1789445877075 12.8199520111084 12.4684495925903 13.5990772247314 14.1493101119995 13.7711000442505 13.7941150665283 15.6634893417358 17.2755928039551 17.1386642456055 17.1789054870605 17.3334484100342 20.6920070648193 22.0471439361572 19.1771831512451 19.113826751709 19.0267810821533 17.427152633667 17.2691917419434 17.5312156677246 18.371374130249 18.3937225341797 17.6184253692627 21.1588573455811 19.5362014770508 24.0610122680664 23.172119140625 24.2581043243408 21.4759159088135 22.1496315002441 20.9471416473389 22.5970573425293 20.5927486419678 20.6890239715576 24.303279876709 20.4636096954346 18.2243919372559 17.981424331665 22.9292087554932 23.5134391784668 21.0250301361084
12.851375579834 12.9035921096802 13.3947591781616 13.8452310562134 14.1860446929932 12.098014831543 11.8223638534546 12.5879096984863 13.1666412353516 13.9396047592163 14.1565542221069 14.8208627700806 16.7368946075439 17.8017692565918 17.9482707977295 18.2290000915527 19.6963977813721 19.9748859405518 19.961519241333 18.8549251556396 18.6319198608398 19.8033180236816 20.0393886566162 19.7918109893799 22.5611972808838 18.0355930328369 20.5120086669922 20.3178367614746 19.0003318786621 18.4001750946045 17.826961517334 25.5381736755371 20.8886566162109 21.5641593933105 23.1557865142822 22.1488037109375 22.6807823181152 21.5027599334717 18.8346004486084 19.1085472106934 24.0562591552734 22.5343170166016 18.9869480133057 18.6331005096436 22.715503692627 21.9365978240967
13.3172569274902 12.7364320755005 12.929515838623 13.0456485748291 13.5165033340454 11.7975435256958 11.5454568862915 11.5956077575684 13.0123329162598 13.9026718139648 13.3980846405029 13.6535482406616 15.2395648956299 16.4216690063477 17.9446258544922 17.5251350402832 18.4544429779053 20.0286884307861 18.6948623657227 17.5593318939209 18.6275043487549 19.8846702575684 21.8892936706543 24.5010738372803 24.0862941741943 23.900785446167 20.0214233398438 21.1124038696289 19.4037055969238 18.4701080322266 18.288948059082 23.6419849395752 21.9772491455078 20.7615051269531 21.5455589294434 21.637866973877 21.6488704681396 22.358211517334 19.1215400695801 17.8653297424316 17.5693531036377 17.1807880401611 21.3617401123047 18.0500831604004 19.0217361450195 21.0690307617188
14.0884313583374 13.4142198562622 13.5560388565063 13.064998626709 13.1739435195923 11.8928966522217 12.9967336654663 12.621205329895 12.9564990997314 13.1055545806885 13.2352638244629 13.5226802825928 13.5918302536011 15.6347723007202 17.1912097930908 16.7850093841553 18.365327835083 19.4093360900879 18.6202392578125 17.2746124267578 17.5829162597656 21.7523860931396 22.7284069061279 24.5311069488525 24.1164150238037 25.1362247467041 21.476354598999 23.8444137573242 21.1972007751465 18.1238803863525 18.2530517578125 22.4636154174805 22.6303577423096 22.3606643676758 20.4909191131592 21.2807350158691 22.5534324645996 22.6054649353027 24.5554161071777 21.3023738861084 23.4008235931396 21.9910926818848 17.2956218719482 17.8577194213867 23.3310127258301 22.3819332122803
15.0268650054932 14.9568176269531 14.2964601516724 14.403772354126 13.6397790908813 13.3351554870605 13.3370656967163 12.3197803497314 12.8008241653442 12.6600465774536 11.957986831665 13.0747060775757 13.3462772369385 15.5210990905762 16.3365058898926 15.2771911621094 16.8121299743652 17.5014705657959 17.6930274963379 17.9788780212402 17.8272266387939 19.6270847320557 20.322452545166 22.6604747772217 24.8376426696777 22.8445091247559 22.9161357879639 21.3679370880127 21.5187454223633 17.8359355926514 18.1774425506592 20.9336090087891 21.9852466583252 20.6308765411377 22.2054100036621 20.3002662658691 22.3747329711914 21.0434646606445 23.1484432220459 19.3983516693115 18.2517414093018 17.7126617431641 19.725528717041 17.0115184783936 18.8250370025635 20.459020614624
13.764910697937 13.5897016525269 13.8155879974365 13.6471872329712 13.5541019439697 13.5972623825073 12.4001331329346 12.4285430908203 11.8328714370728 12.3578596115112 11.3948211669922 12.8342905044556 12.3556747436523 14.1232309341431 15.3089179992676 14.0439605712891 14.5009250640869 16.7694263458252 17.9148635864258 19.5552082061768 18.6341800689697 19.27028465271 20.3820114135742 20.92307472229 21.0568237304688 21.6202354431152 22.4931392669678 23.7888069152832 23.833438873291 22.3816184997559 20.0500431060791 21.3314323425293 22.445671081543 21.9174957275391 24.0501918792725 24.8967113494873 21.8069362640381 20.6301975250244 20.8386306762695 21.6559410095215 20.9899082183838 20.0978260040283 17.8823719024658 22.4427947998047 23.0411701202393 20.0685958862305
12.953405380249 13.5467023849487 13.7112007141113 13.6278295516968 12.8204517364502 13.6475858688354 12.588433265686 11.6153764724731 11.0153503417969 10.8886547088623 11.0132293701172 11.5276250839233 18.8371620178223 14.3036460876465 14.1323766708374 13.9285516738892 16.2136173248291 17.3878974914551 18.1293125152588 18.7884712219238 21.9610424041748 20.7579097747803 21.1716918945312 20.7032604217529 21.3277702331543 22.7741851806641 24.9652462005615 22.6034851074219 23.2346935272217 20.117151260376 18.3769969940186 21.58664894104 21.8532962799072 20.4709568023682 23.1038799285889 24.9806938171387 23.9391212463379 20.8015766143799 21.4033679962158 23.8993072509766 19.4294300079346 18.5824565887451 20.4378070831299 19.9959926605225 22.3775672912598 21.9177112579346
12.8557605743408 13.2303152084351 13.2238798141479 13.5002136230469 13.4952182769775 13.415132522583 13.3011589050293 12.264458656311 11.8855352401733 11.928900718689 11.0515804290771 11.1336479187012 12.0076351165771 13.9902057647705 14.0924224853516 15.1513662338257 15.6015071868896 16.276912689209 17.9388008117676 18.6668567657471 20.1953277587891 20.1572589874268 20.1982173919678 19.9702911376953 20.8615703582764 22.8472232818604 24.7646579742432 21.4314708709717 18.0627880096436 18.1862087249756 18.3823528289795 22.4395198822021 23.9340229034424 20.4135036468506 23.0109729766846 24.6880493164062 20.9831562042236 21.0006980895996 22.2129535675049 23.1407051086426 23.3975105285645 22.7593688964844 16.4965858459473 17.6147804260254 17.703462600708 18.0794086456299
13.0948829650879 12.4324798583984 12.6835613250732 13.2928123474121 13.4091463088989 13.338885307312 12.9863882064819 12.5415439605713 12.9423303604126 12.5475950241089 12.2204856872559 12.099889755249 13.1455020904541 13.7120189666748 13.5595722198486 15.1535482406616 16.1011257171631 17.0011806488037 17.9211387634277 18.2692546844482 21.2040977478027 24.0373096466064 25.3328819274902 18.7939224243164 18.8467540740967 18.8833675384521 18.6775226593018 21.3404312133789 20.3878173828125 22.0147762298584 21.4593334197998 22.010274887085 20.9009685516357 22.7675685882568 23.2530651092529 18.8056907653809 22.0722427368164 21.8697128295898 23.5696983337402 23.6273899078369 20.5320529937744 21.6613388061523 20.926456451416 19.8041095733643 20.0121078491211 19.5051727294922
14.1354923248291 12.8915033340454 12.7645578384399 12.3948812484741 13.1574478149414 13.0638847351074 13.0309143066406 13.6969118118286 13.2916851043701 12.5360517501831 13.0496740341187 13.5173664093018 14.0160121917725 12.8979368209839 13.2892589569092 14.5646028518677 16.3843307495117 17.6765289306641 17.1365451812744 18.4370136260986 20.6154613494873 23.5675621032715 24.1681022644043 18.71657371521 17.8252944946289 18.2552909851074 18.9247741699219 19.0655002593994 20.7334690093994 20.9989738464355 23.7970428466797 25.1586666107178 25.7550239562988 23.4112129211426 24.3368644714355 21.0252685546875 21.9547920227051 22.3773250579834 21.6514282226562 22.6996078491211 23.3975067138672 20.5852851867676 18.1728401184082 21.1083965301514 20.7964000701904 21.6532516479492
13.8506441116333 13.0278186798096 12.7969217300415 12.8346519470215 13.0361099243164 12.9410352706909 13.4807929992676 14.6577939987183 19.9162330627441 12.6914339065552 14.9989385604858 15.6991987228394 15.6290531158447 13.1390590667725 13.9422292709351 14.1117362976074 15.8194227218628 16.298641204834 16.2382564544678 17.5299797058105 18.5433902740479 19.2081680297852 20.9723091125488 24.1123142242432 19.0998020172119 18.438117980957 17.9381618499756 18.1598434448242 21.3746032714844 25.6582431793213 21.9172382354736 19.0538921356201 24.8682594299316 23.0435218811035 22.7301044464111 19.465669631958 21.3981628417969 20.730152130127 24.4385967254639 24.0602035522461 22.3040809631348 22.3775291442871 21.8534774780273 21.9859199523926 22.1077728271484 23.4628009796143
13.2588491439819 13.0429353713989 12.8240089416504 13.1387929916382 13.2164964675903 13.3948736190796 13.5733032226562 15.5642232894897 15.6776285171509 13.9522256851196 16.6154136657715 17.420015335083 16.9355487823486 15.2704582214355 15.402232170105 16.1721439361572 16.8556385040283 17.6124248504639 17.9702663421631 18.2693786621094 18.6179313659668 18.9901142120361 16.9381580352783 17.1261119842529 17.7900543212891 17.2767963409424 17.7411994934082 23.6337642669678 21.4174346923828 25.1476707458496 18.2480201721191 17.639009475708 18.5383434295654 22.3199329376221 22.9188404083252 21.7643146514893 20.064697265625 21.541166305542 21.3137912750244 22.2823314666748 23.614839553833 24.5183219909668 24.3551006317139 24.1326503753662 22.9407920837402 23.2594165802002
13.3813457489014 14.0796804428101 13.0132942199707 13.5025224685669 13.5606641769409 14.2311067581177 14.6862335205078 18.325366973877 16.3654460906982 16.0287075042725 17.3702354431152 18.4901447296143 17.656322479248 16.5915546417236 16.6581573486328 18.0353546142578 18.5219097137451 18.5702056884766 19.7844829559326 19.4951457977295 20.943998336792 19.3677024841309 18.5932559967041 17.9885997772217 18.3874282836914 18.8101787567139 21.5054168701172 20.5836601257324 20.4918060302734 20.7241554260254 19.3212413787842 20.4160842895508 19.5082759857178 22.0082130432129 18.7863254547119 22.3158264160156 23.2797374725342 23.2355785369873 23.1795120239258 20.577974319458 21.1642532348633 22.7211227416992 21.8798770904541 23.085334777832 23.6179466247559 23.6818771362305
14.8392734527588 14.7265634536743 13.5258054733276 14.6021776199341 14.6809635162354 15.0160760879517 15.8876180648804 17.3187961578369 16.2536869049072 16.8766975402832 18.9033660888672 20.6004791259766 18.6090240478516 17.564172744751 16.6858196258545 17.8276634216309 17.763521194458 18.3414554595947 19.435733795166 24.0763530731201 19.4156951904297 19.7336120605469 21.9852848052979 21.3202991485596 21.1056365966797 20.8703422546387 22.5517692565918 21.8001766204834 22.4075393676758 21.8290481567383 20.1411552429199 20.8992767333984 22.7945384979248 22.5040035247803 18.4749698638916 17.7953147888184 18.2735176086426 19.5729732513428 19.0881862640381 21.1529960632324 24.7352752685547 24.3630313873291 21.3831748962402 20.7478275299072 19.231107711792 19.4559307098389
14.0512027740479 14.0642786026001 14.3128910064697 15.8213376998901 16.5128402709961 17.2538299560547 18.470043182373 16.8986396789551 15.7217206954956 16.2851238250732 17.2737789154053 19.5028591156006 19.037956237793 18.5779342651367 17.4392585754395 20.0780220031738 19.8907680511475 21.9528999328613 24.4784259796143 22.3923892974854 22.6585597991943 21.3718147277832 20.8110504150391 21.2486534118652 21.3623828887939 20.9837436676025 20.9432582855225 20.6453170776367 21.2876586914062 22.4081478118896 21.7667427062988 21.2029590606689 19.0787258148193 18.8042068481445 17.6205749511719 20.8189964294434 22.2279815673828 18.6842575073242 18.6425533294678 18.4631462097168 18.3687896728516 21.1109638214111 20.6235694885254 21.8529224395752 20.3813705444336 19.883056640625
