inst/extdata/Tmax/Tmax91.asc
NCOLS 100 
NROWS 79 
XLLCORNER 148.06 
YLLCORNER -21.49 
CELLSIZE 0.01 
NODATA_value -3.4e+38 
[rows 0 to 19 of 79, columns 46 to 91 of 100]
32.1147079467773 31.9243640899658 31.8154258728027 31.8157691955566 31.7957077026367 31.6710033416748 31.8862724304199 31.702657699585 31.4953536987305 31.304027557373 31.2197799682617 30.9337158203125 30.828254699707 31.058443069458 31.3351860046387 31.2572116851807 31.1283226013184 30.9556560516357 30.6569919586182 30.4775199890137 30.3677749633789 -3.4e+38 -3.4e+38 -3.4e+38 -3.4e+38 -3.4e+38 -3.4e+38 -3.4e+38 -3.4e+38 -3.4e+38 -3.4e+38 -3.4e+38 -3.4e+38 -3.4e+38 -3.4e+38 -3.4e+38 -3.4e+38 -3.4e+38 -3.4e+38 -3.4e+38 -3.4e+38 -3.4e+38 -3.4e+38 -3.4e+38 -3.4e+38 -3.4e+38
32.0489692687988 31.7481498718262 31.5045928955078 31.7758007049561 31.9439105987549 31.945333480835 31.891149520874 31.7790813446045 31.4188117980957 30.9530086517334 31.1014251708984 30.5338497161865 31.0689849853516 31.3820056915283 31.3557319641113 31.2658596038818 31.1509857177734 31.0103168487549 30.808500289917 30.7111797332764 30.6167984008789 30.4776630401611 -3.4e+38 -3.4e+38 -3.4e+38 -3.4e+38 -3.4e+38 -3.4e+38 -3.4e+38 -3.4e+38 -3.4e+38 -3.4e+38 -3.4e+38 -3.4e+38 -3.4e+38 -3.4e+38 -3.4e+38 -3.4e+38 -3.4e+38 -3.4e+38 -3.4e+38 -3.4e+38 -3.4e+38 -3.4e+38 -3.4e+38 -3.4e+38
31.9260330200195 31.1232376098633 30.2159080505371 31.7025032043457 31.9053268432617 31.9131393432617 31.8853645324707 31.8252182006836 31.5827045440674 30.9582691192627 31.0631580352783 31.2029800415039 31.2778987884521 31.4275588989258 31.3860721588135 31.2890110015869 31.1945762634277 31.0892066955566 30.9535179138184 30.718677520752 30.687047958374 30.5248241424561 30.3007221221924 30.0291557312012 -3.4e+38 -3.4e+38 -3.4e+38 -3.4e+38 -3.4e+38 -3.4e+38 -3.4e+38 -3.4e+38 -3.4e+38 -3.4e+38 -3.4e+38 -3.4e+38 -3.4e+38 -3.4e+38 -3.4e+38 -3.4e+38 -3.4e+38 -3.4e+38 -3.4e+38 -3.4e+38 -3.4e+38 -3.4e+38
31.4302864074707 31.4994506835938 30.325855255127 31.5359420776367 31.7356605529785 31.7931480407715 31.8535556793213 31.7477531433105 31.6072273254395 31.2553405761719 31.150634765625 30.8752555847168 31.2355461120605 31.3634147644043 31.3810787200928 31.2840423583984 31.2200889587402 31.1431293487549 30.9911289215088 30.6032066345215 30.4201641082764 30.4389495849609 30.3752555847168 30.2912921905518 30.1236057281494 29.8062381744385 -3.4e+38 -3.4e+38 -3.4e+38 -3.4e+38 -3.4e+38 -3.4e+38 -3.4e+38 -3.4e+38 -3.4e+38 -3.4e+38 -3.4e+38 -3.4e+38 -3.4e+38 -3.4e+38 -3.4e+38 -3.4e+38 -3.4e+38 -3.4e+38 -3.4e+38 -3.4e+38
31.3877868652344 31.4150009155273 30.1176223754883 30.3699645996094 31.2207183837891 31.7547950744629 31.8390998840332 31.687858581543 31.6520118713379 31.3180999755859 31.0111484527588 30.8022613525391 30.3882141113281 31.0570774078369 31.3109455108643 31.2236652374268 31.2507915496826 31.1908893585205 30.9347057342529 30.1478824615479 29.6057376861572 30.387601852417 30.462495803833 30.3887386322021 30.1502017974854 29.930212020874 -3.4e+38 -3.4e+38 -3.4e+38 -3.4e+38 -3.4e+38 -3.4e+38 -3.4e+38 -3.4e+38 -3.4e+38 -3.4e+38 -3.4e+38 -3.4e+38 -3.4e+38 -3.4e+38 -3.4e+38 -3.4e+38 -3.4e+38 -3.4e+38 -3.4e+38 -3.4e+38
30.4452171325684 31.2398834228516 29.5858345031738 28.9093284606934 30.8090400695801 31.8040657043457 31.7320404052734 31.666748046875 31.6035404205322 31.1710357666016 30.1989879608154 29.8362483978271 30.1860942840576 31.1615543365479 31.0537109375 31.2256546020508 31.2650547027588 31.184196472168 31.079761505127 30.4011077880859 29.6184692382812 29.6840286254883 30.2134571075439 30.2809028625488 30.2569141387939 30.1804809570312 -3.4e+38 -3.4e+38 -3.4e+38 -3.4e+38 -3.4e+38 -3.4e+38 -3.4e+38 -3.4e+38 -3.4e+38 -3.4e+38 -3.4e+38 -3.4e+38 -3.4e+38 -3.4e+38 -3.4e+38 -3.4e+38 -3.4e+38 -3.4e+38 -3.4e+38 -3.4e+38
29.4495735168457 31.1925582885742 30.5215110778809 30.4323768615723 31.4660339355469 31.7377471923828 31.5525569915771 31.429557800293 31.58056640625 31.0658950805664 30.2995338439941 30.2819995880127 30.9760417938232 31.0987091064453 30.1191234588623 31.0485992431641 31.102518081665 31.0965690612793 31.1227073669434 30.8197956085205 30.4092254638672 30.1126918792725 30.3380851745605 30.0782279968262 30.3328227996826 30.3593597412109 30.2492637634277 30.0439910888672 -3.4e+38 -3.4e+38 -3.4e+38 -3.4e+38 -3.4e+38 -3.4e+38 -3.4e+38 -3.4e+38 -3.4e+38 -3.4e+38 -3.4e+38 -3.4e+38 -3.4e+38 -3.4e+38 -3.4e+38 -3.4e+38 -3.4e+38 -3.4e+38
28.5341758728027 31.1865310668945 31.6613578796387 31.4567413330078 30.3848533630371 30.6608543395996 31.3210697174072 31.4714698791504 31.6260223388672 31.4193649291992 31.0025768280029 30.5485706329346 30.5661754608154 30.7857437133789 30.2979698181152 31.0296516418457 30.2661075592041 30.2128257751465 30.9396324157715 31.0538787841797 30.8715476989746 30.5948543548584 30.4737777709961 30.5140438079834 30.471866607666 30.4313850402832 30.2553558349609 30.1608276367188 29.9495849609375 29.4929275512695 29.4838371276855 -3.4e+38 -3.4e+38 -3.4e+38 -3.4e+38 -3.4e+38 -3.4e+38 -3.4e+38 -3.4e+38 -3.4e+38 -3.4e+38 -3.4e+38 -3.4e+38 -3.4e+38 -3.4e+38 -3.4e+38
28.4439163208008 30.6528148651123 31.6488590240479 31.5242862701416 30.6096591949463 29.0047283172607 30.4538555145264 31.5361099243164 31.6026020050049 31.47243309021 31.3090705871582 31.0212078094482 31.0290145874023 30.83274269104 30.2699203491211 30.1940059661865 29.7332763671875 30.5332107543945 30.8370704650879 30.8968448638916 30.8998126983643 30.5166130065918 30.0912933349609 29.7394371032715 30.4490375518799 30.4954452514648 30.367618560791 30.240291595459 30.1545028686523 29.6521797180176 29.579288482666 29.72585105896 -3.4e+38 -3.4e+38 -3.4e+38 -3.4e+38 -3.4e+38 -3.4e+38 -3.4e+38 -3.4e+38 -3.4e+38 -3.4e+38 -3.4e+38 -3.4e+38 -3.4e+38 -3.4e+38
29.4258079528809 30.6389484405518 31.4864349365234 31.4704494476318 31.4350700378418 29.9673366546631 30.2900657653809 31.4100074768066 31.5818614959717 31.4456596374512 31.2349090576172 30.95361328125 30.809534072876 30.912561416626 30.1987800598145 29.8723030090332 29.7741355895996 30.9458923339844 30.7704887390137 30.4413280487061 30.8384475708008 30.7823314666748 30.5603713989258 30.1867160797119 30.5933895111084 30.5265007019043 30.3568840026855 30.4225997924805 30.3070678710938 30.0791130065918 29.7228393554688 29.7398796081543 -3.4e+38 -3.4e+38 -3.4e+38 -3.4e+38 -3.4e+38 -3.4e+38 -3.4e+38 -3.4e+38 -3.4e+38 -3.4e+38 -3.4e+38 -3.4e+38 -3.4e+38 -3.4e+38
28.3985805511475 30.4447154998779 30.8558197021484 30.6203880310059 30.9918575286865 31.2729358673096 30.9604148864746 31.4135227203369 31.5089473724365 31.391019821167 31.2092094421387 31.008846282959 30.7846813201904 31.1518611907959 30.9747219085693 30.8678169250488 30.9202556610107 31.1284694671631 31.1127414703369 30.5339126586914 30.0402393341064 30.7219047546387 30.8959293365479 30.3553333282471 30.3578758239746 30.1961708068848 30.1544990539551 30.501350402832 30.3978309631348 30.1814727783203 -3.4e+38 -3.4e+38 -3.4e+38 -3.4e+38 -3.4e+38 -3.4e+38 -3.4e+38 -3.4e+38 -3.4e+38 -3.4e+38 -3.4e+38 -3.4e+38 -3.4e+38 -3.4e+38 -3.4e+38 -3.4e+38
27.646656036377 28.7357540130615 29.104398727417 28.814432144165 29.9607982635498 30.6912059783936 31.0914211273193 31.3853797912598 31.3750400543213 31.2753467559814 31.0802440643311 30.8749256134033 30.7083644866943 31.3602962493896 31.3389568328857 31.1824264526367 31.1819019317627 31.2667140960693 31.2982082366943 31.1819515228271 30.7728443145752 30.5408325195312 30.9256172180176 30.7127723693848 30.4491119384766 30.574951171875 30.6031951904297 30.3571586608887 30.2905731201172 30.1926155090332 -3.4e+38 -3.4e+38 -3.4e+38 -3.4e+38 -3.4e+38 -3.4e+38 -3.4e+38 -3.4e+38 -3.4e+38 -3.4e+38 -3.4e+38 -3.4e+38 -3.4e+38 -3.4e+38 -3.4e+38 -3.4e+38
27.6298980712891 26.5488567352295 25.879358291626 26.0319709777832 28.418025970459 29.0377655029297 30.4184665679932 30.8065528869629 31.1457138061523 31.0180721282959 30.7857303619385 31.1349716186523 31.1300983428955 31.0110912322998 31.4700756072998 31.4409408569336 31.3636875152588 31.3625812530518 31.3645896911621 31.3337306976318 31.27317237854 31.1765766143799 31.012264251709 30.9457187652588 30.6206092834473 30.7040748596191 30.6794013977051 30.4147205352783 30.1789073944092 30.1223526000977 30.0629081726074 29.8235626220703 -3.4e+38 -3.4e+38 -3.4e+38 -3.4e+38 -3.4e+38 -3.4e+38 -3.4e+38 -3.4e+38 -3.4e+38 -3.4e+38 -3.4e+38 -3.4e+38 -3.4e+38 -3.4e+38
27.6260871887207 26.7593193054199 25.7850818634033 25.2118530273438 25.8680667877197 26.7952156066895 28.9445323944092 30.30006980896 31.0972347259521 30.9035987854004 30.364185333252 31.016040802002 31.3592758178711 31.4001140594482 31.4123649597168 31.4310111999512 31.4489974975586 31.4266929626465 31.3930511474609 31.3503665924072 31.3079319000244 31.2299957275391 31.1413593292236 31.0445613861084 30.7850475311279 30.8176307678223 30.7126579284668 30.5079765319824 30.2845478057861 30.250415802002 30.2311687469482 30.1251926422119 29.8943424224854 -3.4e+38 -3.4e+38 -3.4e+38 -3.4e+38 29.4283065795898 29.4521217346191 -3.4e+38 -3.4e+38 -3.4e+38 -3.4e+38 -3.4e+38 -3.4e+38 -3.4e+38
28.2767639160156 26.8495216369629 25.8886795043945 25.4858074188232 26.086404800415 25.8295402526855 27.1527690887451 29.1004962921143 30.5750026702881 30.9868583679199 29.7979393005371 30.7170543670654 31.1876411437988 30.6894283294678 30.7751941680908 31.2133903503418 31.3139381408691 31.3793983459473 31.3208179473877 31.1796360015869 31.2123374938965 31.1472053527832 31.1419925689697 31.0804214477539 30.9913196563721 30.8391857147217 30.7211723327637 30.5783863067627 30.4661521911621 30.4022903442383 30.3847713470459 30.2788143157959 29.9642448425293 -3.4e+38 -3.4e+38 -3.4e+38 -3.4e+38 29.5432319641113 29.4817028045654 29.6310157775879 29.6112461090088 29.4210300445557 -3.4e+38 -3.4e+38 -3.4e+38 -3.4e+38
28.2207355499268 26.8123321533203 25.9256591796875 26.4204425811768 26.192403793335 26.6447982788086 26.377815246582 27.96462059021 30.3543319702148 31.1394424438477 30.0220890045166 29.9757537841797 30.8519248962402 28.8365154266357 29.9307727813721 30.3429698944092 30.9292011260986 31.3318538665771 31.3043670654297 31.2002277374268 31.1874332427979 31.1526737213135 31.1522464752197 31.0881023406982 31.0057926177979 30.7420234680176 30.7053852081299 30.6318511962891 30.5946884155273 30.5637378692627 30.4953994750977 30.3795909881592 30.2308444976807 -3.4e+38 -3.4e+38 30.0300521850586 29.8535327911377 29.6373748779297 29.4985771179199 29.2735118865967 29.4038982391357 29.598331451416 -3.4e+38 -3.4e+38 -3.4e+38 -3.4e+38
26.6796016693115 25.3094806671143 25.2611923217773 26.6881694793701 27.0736217498779 26.9829845428467 26.5276165008545 26.9325504302979 29.5321178436279 30.9235649108887 30.9413070678711 30.0404815673828 30.595422744751 29.1074886322021 29.1159572601318 29.1889171600342 30.5969924926758 31.305549621582 31.3098297119141 31.3168869018555 31.3092594146729 31.2355155944824 31.1720867156982 30.9100093841553 30.9018955230713 30.775203704834 30.7444763183594 30.7233715057373 30.7032775878906 30.6427440643311 30.5712509155273 30.4843254089355 30.3965034484863 -3.4e+38 30.2554321289062 30.2294044494629 30.1583290100098 -3.4e+38 29.64990234375 -3.4e+38 29.348388671875 -3.4e+38 -3.4e+38 -3.4e+38 -3.4e+38 -3.4e+38
26.6249942779541 25.0368461608887 24.3661937713623 27.1164054870605 27.3555221557617 26.6472911834717 26.2280197143555 26.3752746582031 28.1020336151123 30.6005229949951 30.7227096557617 30.2587242126465 30.3796329498291 30.4939746856689 29.7753429412842 30.9586601257324 31.1925258636475 31.2916145324707 31.320219039917 31.2963256835938 31.2825660705566 31.2304000854492 31.1799430847168 31.0726299285889 31.044792175293 30.961820602417 30.8984470367432 30.8337688446045 30.7390232086182 30.7272872924805 30.6728363037109 30.611047744751 30.5481815338135 30.4731178283691 30.4236450195312 30.4146461486816 30.2806568145752 -3.4e+38 -3.4e+38 -3.4e+38 -3.4e+38 -3.4e+38 -3.4e+38 29.5856113433838 -3.4e+38 -3.4e+38
28.5871410369873 28.2374362945557 25.8580265045166 27.5520706176758 25.9189548492432 25.9291400909424 26.4203205108643 26.7566585540771 29.028938293457 30.5400829315186 30.222635269165 29.5593738555908 30.488597869873 30.9195041656494 31.0207767486572 31.0809841156006 31.1979141235352 30.849781036377 31.0035667419434 31.1656551361084 31.1322059631348 31.1554107666016 31.1519813537598 31.1070499420166 31.062536239624 31.0034008026123 30.951416015625 30.7985649108887 30.4645500183105 30.6114311218262 30.7225456237793 30.7082195281982 30.6617984771729 30.5758380889893 30.5310955047607 30.4723892211914 30.3502941131592 30.2438983917236 30.1425952911377 30.0798053741455 30.0662841796875 29.9695301055908 29.7468891143799 29.5753498077393 -3.4e+38 -3.4e+38
28.6659641265869 27.7351741790771 28.4618072509766 28.2574901580811 26.6985664367676 26.742618560791 26.3196773529053 26.556791305542 28.786153793335 30.2109985351562 30.6573390960693 30.4032230377197 30.7636642456055 31.0646076202393 30.9210567474365 30.7695865631104 30.9640846252441 30.6689872741699 30.4878082275391 30.6641407012939 31.0005378723145 31.055944442749 31.0648593902588 31.087890625 31.0752468109131 31.0331554412842 30.966817855835 30.7498226165771 30.4763031005859 30.6922054290771 30.6777095794678 30.7762413024902 30.6655311584473 30.6077270507812 30.5652503967285 30.4555644989014 30.3827533721924 30.3425960540771 30.3084735870361 30.2732257843018 30.2383728027344 30.1225872039795 29.8132076263428 29.4946689605713 29.5374050140381 -3.4e+38
