inst/extdata/Tmax/Tmax127.asc
NCOLS 100 
NROWS 79 
XLLCORNER 148.06 
YLLCORNER -21.49 
CELLSIZE 0.01 
NODATA_value -3.4e+38 
[rows 40 to 59 of 79, columns 46 to 91 of 100]
27.4054985046387 28.3489742279053 28.7606353759766 29.6158599853516 31.1735706329346 32.124137878418 31.6726188659668 29.8383903503418 29.4824466705322 30.1369667053223 30.637716293335 32.3307876586914 31.958251953125 32.1699638366699 31.3593826293945 32.3492774963379 32.5819244384766 32.302188873291 32.4485015869141 32.5942802429199 32.6450729370117 31.6661071777344 32.1321220397949 32.5183181762695 32.651252746582 32.7518768310547 32.6788291931152 32.3000106811523 32.5371475219727 32.7835731506348 32.7775650024414 32.6498107910156 32.3352127075195 30.9967403411865 31.3354167938232 32.1212615966797 32.0552749633789 31.986385345459 32.2803115844727 31.7117137908936 30.9406661987305 31.5004043579102 31.8789901733398 31.6859817504883 32.0054969787598 32.0824356079102
28.6815700531006 29.8132419586182 29.7331352233887 29.6913375854492 31.2010765075684 32.3961372375488 31.3002223968506 30.9177169799805 31.491828918457 31.5725364685059 31.9273128509521 32.6085815429688 32.4957656860352 32.5112419128418 32.367000579834 32.680347442627 32.7588577270508 32.7215919494629 32.7092361450195 32.7663192749023 32.7815017700195 32.2577781677246 31.5315532684326 31.9565181732178 31.9056854248047 32.4756774902344 32.8376388549805 32.365104675293 32.3864669799805 32.8371047973633 32.9050598144531 32.8517227172852 32.7060775756836 32.0856552124023 32.3789443969727 32.457145690918 32.2606506347656 32.2851104736328 32.4264907836914 32.5893630981445 31.5828170776367 31.861026763916 32.5505256652832 32.368824005127 32.5389404296875 32.501823425293
30.9970741271973 31.1680011749268 31.3417358398438 31.8035449981689 32.1228637695312 32.591064453125 32.1802864074707 31.6625919342041 32.1611404418945 32.551197052002 32.4707069396973 32.7765045166016 32.8088531494141 32.7307510375977 32.7026824951172 32.7864189147949 32.8318672180176 32.8403854370117 32.8396987915039 32.8612060546875 32.8001594543457 31.8357944488525 31.6538505554199 32.2271690368652 31.700834274292 32.223274230957 32.728572845459 32.6565742492676 32.6279678344727 32.9273071289062 32.9811973571777 33.0056686401367 32.9933052062988 32.9024467468262 32.8267364501953 32.5097999572754 31.5532455444336 32.2285232543945 32.8252906799316 32.8458862304688 32.7379455566406 32.7019271850586 32.8512992858887 32.9116096496582 32.976734161377 32.9431610107422
32.1877517700195 32.2058029174805 32.3311538696289 32.4706916809082 32.6976890563965 32.7725524902344 32.6902465820312 32.4625587463379 32.6282806396484 32.8387184143066 32.839168548584 32.8861770629883 32.8637847900391 32.8260307312012 32.8432083129883 32.816967010498 32.7606811523438 32.7678985595703 32.8346672058105 32.8980712890625 32.8841400146484 32.665225982666 32.4280776977539 32.6454429626465 32.5336036682129 32.0941276550293 32.4347305297852 32.7533149719238 32.9458122253418 32.9983406066895 33.0233879089355 33.0445747375488 33.0419960021973 33.0261077880859 33.0465316772461 32.9221343994141 32.4416961669922 32.7987823486328 33.0132942199707 33.0210113525391 33.0118827819824 33.0329818725586 33.0412902832031 33.0807304382324 33.1083984375 33.0975799560547
32.0078048706055 32.2677001953125 32.5208702087402 32.5269088745117 32.5791893005371 32.6961364746094 32.744758605957 32.8101844787598 32.8354911804199 32.7786827087402 32.5772018432617 32.6803283691406 32.6045036315918 32.3511428833008 32.5239295959473 32.6523666381836 32.5406532287598 32.6544494628906 32.7857704162598 32.8674430847168 32.9141731262207 32.8086967468262 32.5060043334961 32.2616729736328 32.5332641601562 32.7513465881348 32.8324508666992 32.9070701599121 32.943962097168 33.0064468383789 33.0164031982422 33.0335655212402 33.0153884887695 32.999584197998 33.0545463562012 33.0215606689453 33.0247192382812 33.0441703796387 33.0086479187012 33.0330085754395 33.0335235595703 33.0426406860352 33.0681953430176 33.0762214660645 32.9997367858887 33.050537109375
30.2478256225586 31.0122108459473 31.4245414733887 31.6340599060059 31.9928226470947 32.3158073425293 32.2607536315918 32.4533462524414 32.4490394592285 32.2888336181641 31.5449676513672 31.5574207305908 31.6310253143311 30.1892337799072 31.1106758117676 31.8528633117676 32.3777008056641 32.6935272216797 32.8140029907227 32.8681716918945 32.9070472717285 32.7508125305176 32.3155288696289 31.9500999450684 32.2731857299805 32.5899772644043 32.7578659057617 32.773006439209 32.8703155517578 32.9731254577637 33.0028686523438 33.0268974304199 33.0318031311035 33.0474624633789 33.038028717041 32.9637069702148 32.9768600463867 32.9929046630859 32.9860992431641 33.0009498596191 32.9953460693359 33.0086822509766 33.0202140808105 32.9886932373047 33.0031890869141 33.049934387207
27.882740020752 29.1404247283936 29.0466117858887 29.0167751312256 30.3176727294922 30.8366317749023 30.9532489776611 31.208101272583 31.6502628326416 31.04469871521 30.3906879425049 29.8283195495605 30.4723739624023 30.3465309143066 30.7758541107178 31.8936424255371 32.5501861572266 32.7272071838379 32.7690544128418 32.7764625549316 32.8577270507812 32.903736114502 32.4854049682617 32.1412353515625 32.0511474609375 32.3788146972656 32.6324577331543 32.7820281982422 32.917552947998 32.9639434814453 33.0105590820312 33.0451507568359 33.0606231689453 33.0531463623047 32.9929962158203 32.9566192626953 32.9754028320312 32.9945793151855 33.0026512145996 33.0102767944336 33.0036087036133 33.0213432312012 33.0398559570312 33.0270767211914 33.0405769348145 32.947566986084
27.9972362518311 27.930347442627 27.7384471893311 27.8177280426025 27.7601509094238 28.5373306274414 29.7760334014893 30.4205570220947 30.5967617034912 30.4719867706299 30.9901657104492 30.8246231079102 30.666540145874 31.2277660369873 31.5091743469238 32.3517227172852 32.5926513671875 32.6130867004395 32.5464744567871 32.6762237548828 32.8342094421387 32.9186477661133 32.7963485717773 32.4968147277832 32.0791244506836 32.4023361206055 32.6390495300293 32.8401947021484 32.9417991638184 33.0069274902344 33.0433464050293 33.05078125 33.007396697998 32.9537048339844 32.9135131835938 32.9137001037598 32.951057434082 32.9909019470215 33.0044059753418 33.012825012207 33.0207366943359 33.0453453063965 33.0600891113281 33.0591278076172 32.8720245361328 32.6676330566406
27.6011028289795 27.7067966461182 27.9378337860107 27.6531963348389 27.5617294311523 27.6678237915039 28.5409030914307 30.163631439209 30.6884689331055 30.8597393035889 30.6977272033691 30.8772487640381 31.1586952209473 31.4375648498535 31.490442276001 32.0022850036621 32.3624954223633 32.3561134338379 32.343578338623 32.6261825561523 32.7641944885254 32.8144226074219 32.9335517883301 32.8746070861816 32.7813186645508 32.7773666381836 32.8977203369141 32.9960098266602 33.0298690795898 33.0583877563477 33.0547180175781 33.0111656188965 32.9482345581055 32.8362655639648 32.8184280395508 32.9057769775391 32.9410400390625 32.9848251342773 33.0265960693359 33.0353507995605 33.0596809387207 33.0812377929688 33.0877914428711 33.0954360961914 32.9577484130859 32.8434944152832
27.6700382232666 27.8511600494385 27.8805198669434 27.5503559112549 28.0544834136963 28.9013786315918 29.0122203826904 30.2477569580078 30.7143802642822 30.9124946594238 30.7280216217041 31.1892490386963 31.4569129943848 31.4578227996826 31.5420932769775 31.4414119720459 31.5316295623779 31.7514820098877 32.1041564941406 32.4382553100586 32.5275993347168 32.5741157531738 32.8610877990723 32.9410629272461 32.9873199462891 32.9948425292969 32.9951972961426 32.8434066772461 32.9362411499023 33.0343399047852 33.0191802978516 32.9265670776367 32.9068260192871 32.7274551391602 32.6841659545898 32.9022827148438 32.9293022155762 32.9370307922363 33.0248603820801 33.0569000244141 33.0626373291016 33.0921859741211 33.1006393432617 33.0986137390137 33.0501747131348 33.0028991699219
27.699390411377 27.5815048217773 27.8093872070312 27.5189990997314 28.1863403320312 29.297061920166 29.649040222168 30.2268466949463 30.9191379547119 31.3554344177246 31.3720302581787 31.487606048584 31.5557384490967 31.5822582244873 31.5680828094482 31.5142040252686 31.5751094818115 31.3120288848877 30.9716262817383 32.0670204162598 31.9536075592041 32.3714599609375 32.7512512207031 32.8454895019531 32.9286155700684 32.9422988891602 32.8935394287109 32.6884765625 32.8736038208008 33.00927734375 32.8613777160645 32.7128639221191 32.756462097168 32.7620010375977 32.8227424621582 32.9365882873535 32.9704399108887 32.9812164306641 33.0051651000977 33.0667877197266 33.0900726318359 33.0989265441895 33.1015892028809 33.0949554443359 33.0805206298828 33.0136947631836
27.2455024719238 27.2217597961426 27.6194038391113 26.9743461608887 27.1336917877197 29.1765480041504 29.9451179504395 30.5704784393311 30.9031963348389 31.1791591644287 31.2388343811035 31.2426528930664 31.048002243042 31.0472259521484 31.3056926727295 31.4316902160645 31.7540874481201 31.6800575256348 31.4983234405518 31.5362033843994 31.379020690918 32.1392669677734 32.5537872314453 32.7718963623047 32.810432434082 32.8574295043945 32.5124168395996 32.1446380615234 32.8209915161133 32.9892082214355 32.7212715148926 32.428783416748 32.7254486083984 32.805061340332 32.8638305664062 32.8589248657227 32.8823356628418 32.9125556945801 32.9617080688477 32.9769744873047 33.0179595947266 33.0810127258301 33.096061706543 33.0925636291504 33.0821495056152 33.0366630554199
26.8583946228027 26.7112846374512 27.2009963989258 27.0779857635498 27.1722316741943 28.2083511352539 29.2532081604004 29.9125118255615 30.391637802124 30.7493305206299 30.6982803344727 30.6280193328857 30.6905574798584 30.9678401947021 31.6867065429688 31.7868881225586 31.9632415771484 31.8668155670166 31.7846260070801 31.6186447143555 31.3787498474121 32.0208168029785 32.4488067626953 32.6825065612793 32.6474380493164 32.7774772644043 32.3940505981445 31.409912109375 32.5297927856445 32.9427146911621 32.6799392700195 32.4558982849121 32.6991539001465 32.6635398864746 32.6179389953613 32.6768951416016 32.7570648193359 32.7161026000977 32.6614646911621 32.6738395690918 32.8251686096191 32.9509429931641 33.0717239379883 33.0813255310059 33.0747909545898 33.0535125732422
28.0094604492188 26.9439678192139 27.0605602264404 27.4799537658691 27.8751697540283 28.9759140014648 29.0515480041504 29.8431968688965 30.6366844177246 30.9657897949219 31.3114929199219 31.4140243530273 31.5431175231934 31.7613964080811 31.9426784515381 31.9840888977051 31.9339466094971 32.0042190551758 31.9685382843018 31.7385940551758 31.5385456085205 31.5657386779785 32.0755729675293 32.2935066223145 32.2329597473145 32.7255096435547 32.6428260803223 31.9764709472656 32.5939712524414 32.9089317321777 32.6937713623047 32.527660369873 32.4649467468262 32.1310119628906 32.3654823303223 32.328296661377 32.3675079345703 31.941967010498 32.0841789245605 30.9871807098389 32.5138320922852 32.818416595459 33.0380058288574 33.0751304626465 33.0748825073242 33.0546798706055
28.7273750305176 27.6928443908691 27.1463012695312 27.9851779937744 28.6611862182617 29.4115352630615 29.4933109283447 29.9725723266602 30.7313671112061 31.1470603942871 31.1948127746582 31.2107524871826 31.6147937774658 31.781457901001 31.8870754241943 31.8712921142578 32.0723648071289 32.1997756958008 32.1678695678711 31.9219875335693 31.751256942749 31.6733646392822 31.7993297576904 31.8076992034912 31.7789840698242 32.4949722290039 32.7190361022949 32.4321899414062 32.1388320922852 32.7492027282715 32.2787666320801 31.4251937866211 32.1360473632812 32.3419799804688 32.6866226196289 32.7228126525879 32.708194732666 32.7018241882324 32.4897689819336 31.4334716796875 32.3616523742676 32.7465133666992 32.9612159729004 33.0394248962402 33.0619201660156 33.0458793640137
28.7666549682617 27.8680248260498 27.2799949645996 28.6317672729492 29.6409606933594 30.0814018249512 30.8275890350342 31.061185836792 31.270450592041 31.3814277648926 31.1958160400391 31.154483795166 31.7048301696777 31.7923259735107 31.8019981384277 31.8734397888184 31.9844551086426 31.9722003936768 32.4836273193359 32.2430038452148 31.9627304077148 31.817943572998 31.7925910949707 31.6346244812012 31.6423244476318 32.258903503418 32.6695365905762 32.597785949707 32.4673805236816 32.8320083618164 32.1029396057129 30.9220733642578 31.5110664367676 32.2961540222168 32.3656234741211 31.9707279205322 32.0659523010254 32.6788711547852 32.8362007141113 32.822265625 32.8896827697754 32.9083862304688 32.9511299133301 32.9780693054199 33.0322952270508 33.0397796630859
28.6254444122314 27.6124744415283 27.1189804077148 28.3966064453125 29.7241859436035 30.0869064331055 29.5077857971191 30.8578948974609 30.8064575195312 30.2562236785889 31.2089614868164 31.4189167022705 31.4410457611084 31.5007095336914 31.5185470581055 31.7292823791504 31.8574542999268 31.9687595367432 32.4479026794434 32.5622711181641 32.3585319519043 32.0543594360352 31.8858699798584 31.807092666626 31.5722599029541 32.0258331298828 32.5199165344238 32.5653686523438 32.7988471984863 32.8947219848633 32.3518371582031 30.4924983978271 31.2011871337891 30.679084777832 31.1023998260498 30.340461730957 31.4382286071777 32.6211242675781 32.7760353088379 32.8716239929199 32.9149780273438 32.8511352539062 32.761604309082 32.9061431884766 32.9617195129395 32.9881477355957
28.5935287475586 27.8103446960449 27.8759517669678 28.4133949279785 29.3697929382324 29.8020935058594 30.2362613677979 30.473123550415 29.1727638244629 29.0833587646484 30.6313629150391 29.6436042785645 30.0125694274902 30.4567470550537 31.1734809875488 31.6355228424072 31.7867012023926 32.0004653930664 32.3379058837891 32.4619903564453 32.5070648193359 32.2666397094727 31.9443626403809 32.0089225769043 31.883602142334 32.1081161499023 32.1005668640137 31.9321479797363 32.5565605163574 32.7879447937012 32.5563697814941 31.8052635192871 30.2929573059082 28.3535804748535 28.5311431884766 30.19091796875 31.8498306274414 32.556022644043 32.7058296203613 32.6706962585449 32.6982612609863 32.4766273498535 32.3700103759766 32.8025703430176 32.5488700866699 32.6382751464844
28.5626029968262 28.1860771179199 27.9736595153809 28.2972526550293 28.9314155578613 29.752462387085 29.9200229644775 29.497896194458 29.0172634124756 29.8763847351074 30.3656120300293 29.3673057556152 29.695463180542 30.1245994567871 31.0718364715576 31.473653793335 31.7674579620361 32.1984825134277 32.601318359375 32.4266471862793 32.2885284423828 32.5750312805176 32.3191337585449 32.1327247619629 31.9711227416992 31.9624423980713 32.0365524291992 31.9350719451904 32.2990417480469 32.6964492797852 32.7580680847168 32.2164115905762 31.4464168548584 29.7636585235596 29.1657314300537 30.2387237548828 31.8230934143066 32.4694137573242 32.5629577636719 32.078052520752 32.3917427062988 32.6151466369629 32.4141044616699 32.5101089477539 32.1800498962402 32.4838600158691
28.1982192993164 27.9766616821289 27.4803047180176 27.8340301513672 28.6337738037109 28.8033638000488 29.2386608123779 29.5724658966064 29.8647346496582 29.9684906005859 30.3129596710205 30.52659034729 31.1817684173584 31.2690124511719 31.4121761322021 30.9601535797119 31.899845123291 32.2646713256836 32.4665718078613 32.1856575012207 32.290901184082 32.4786758422852 32.5713729858398 32.5071067810059 32.2190475463867 32.1459274291992 31.7913818359375 31.9435424804688 32.3606338500977 32.4825897216797 32.666820526123 32.7286796569824 32.1450386047363 31.4281940460205 30.4597320556641 30.1739482879639 31.4630088806152 32.3492393493652 31.83127784729 31.2639350891113 32.3074340820312 32.609806060791 32.3296165466309 31.495418548584 31.9155101776123 32.5091934204102
