inst/extdata/Tmax/Tmax143.asc
NCOLS 100 
NROWS 79 
XLLCORNER 148.06 
YLLCORNER -21.49 
CELLSIZE 0.01 
NODATA_value -3.4e+38 
[rows 20 to 39 of 79, columns 46 to 91 of 100]
31.7176094055176 30.2871398925781 30.4438133239746 31.5853080749512 31.3015899658203 30.8607902526855 30.6418952941895 29.7316360473633 31.1303443908691 32.8252601623535 34.0465354919434 33.5299682617188 33.507080078125 34.2146453857422 33.8276977539062 33.5266761779785 33.8465118408203 34.4865341186523 34.66357421875 34.6686553955078 34.5984497070312 34.4684867858887 34.7920875549316 34.8835182189941 34.8268280029297 34.7362747192383 34.6206016540527 34.6596755981445 34.6216697692871 34.25341796875 34.3223533630371 34.6171493530273 34.4955749511719 34.1791076660156 34.1845207214355 34.1559524536133 34.0698318481445 34.066822052002 34.0498085021973 34.0125885009766 33.9244689941406 33.767032623291 33.1470489501953 33.0315895080566 33.2890396118164 33.2826347351074
32.0307312011719 30.2703437805176 29.3565139770508 30.6815032958984 30.5728034973145 30.1418724060059 30.8002586364746 29.3346939086914 30.2973785400391 32.2599945068359 33.7293586730957 32.224250793457 31.4923419952393 33.5686874389648 32.231746673584 31.8315773010254 32.8208427429199 34.3060417175293 34.3159942626953 34.7865676879883 34.8949356079102 34.8901748657227 34.6563453674316 34.2751617431641 34.2683448791504 34.3453979492188 34.5285835266113 34.4954948425293 34.3924293518066 34.2998580932617 34.6271133422852 34.673526763916 34.5987091064453 34.1824493408203 34.2775459289551 34.2277145385742 34.082592010498 34.0913925170898 34.0904426574707 34.0791702270508 33.9444961547852 33.835693359375 33.6293983459473 33.4138221740723 33.2582702636719 33.2361221313477
32.7198867797852 32.1739463806152 30.4826889038086 29.9769592285156 29.6016426086426 30.4771194458008 30.0134124755859 30.201301574707 29.7237663269043 30.4428825378418 32.6703453063965 33.1355857849121 31.4108219146729 31.8685607910156 31.4821033477783 32.1258659362793 33.3300895690918 33.7877502441406 32.2716369628906 33.7097244262695 34.6126289367676 34.6903228759766 34.005916595459 33.0798072814941 33.7534484863281 33.7350883483887 34.3968238830566 34.6079025268555 34.2639427185059 34.4929428100586 34.6754150390625 34.7163734436035 34.7004432678223 34.6242446899414 34.5005035400391 34.2903022766113 34.0789680480957 33.9261512756348 34.0000534057617 34.1104545593262 33.993824005127 33.9250068664551 33.6285591125488 33.4924736022949 33.3377418518066 33.4807014465332
31.9866275787354 31.8064785003662 31.2129802703857 30.5926742553711 29.4341926574707 30.0002193450928 30.4965553283691 30.6435394287109 30.445032119751 30.0893383026123 31.1264190673828 31.1088218688965 32.1360626220703 30.4942054748535 31.2167358398438 32.9201850891113 32.893669128418 33.3223838806152 31.7985439300537 34.1236457824707 34.9837188720703 34.8558692932129 33.7956504821777 32.2913055419922 33.6696128845215 33.859561920166 33.9731216430664 34.491081237793 34.7081184387207 34.7698249816895 34.7768363952637 34.7958221435547 34.7591514587402 34.6538887023926 34.5340194702148 34.3484764099121 33.8656806945801 33.4683303833008 33.6177978515625 33.9331550598145 33.9063110351562 33.9738540649414 33.6833534240723 33.6516571044922 33.3624076843262 33.3797912597656
30.3157844543457 31.3429336547852 31.6948471069336 31.4309864044189 30.6193161010742 30.1161994934082 30.1133060455322 29.8600692749023 30.5548553466797 30.1241264343262 30.1149444580078 29.7388763427734 31.3186912536621 32.3016128540039 31.3768539428711 32.5759162902832 33.4578285217285 34.1162071228027 33.7686042785645 34.9137763977051 34.9104423522949 34.7409934997559 33.9670143127441 33.0299377441406 33.9114532470703 34.2326164245605 33.8887062072754 33.9919700622559 34.1074562072754 34.6612434387207 34.4657173156738 34.8273048400879 34.6825065612793 34.636962890625 34.5351028442383 34.1406784057617 34.0339813232422 33.3798141479492 33.063720703125 33.5899848937988 33.7451324462891 33.8571090698242 33.6611747741699 33.7244758605957 33.7860260009766 33.6010398864746
29.1428146362305 29.9367179870605 30.9865417480469 30.9189624786377 30.2476997375488 29.6401901245117 29.3240585327148 28.856803894043 29.814998626709 30.3076496124268 29.8811683654785 30.0644683837891 31.2009544372559 33.4057884216309 32.8322906494141 32.9248504638672 33.104133605957 34.6621284484863 34.7699775695801 34.7543869018555 34.7375221252441 34.3830375671387 32.9891777038574 33.0511589050293 33.1680526733398 33.882755279541 33.5742034912109 32.8805618286133 33.5786399841309 34.7473297119141 34.6706848144531 34.8010902404785 34.752857208252 34.7178192138672 34.5601615905762 34.3788108825684 34.3920249938965 33.7117004394531 33.1377449035645 33.5074501037598 33.1561622619629 33.3013496398926 32.9841690063477 33.7056617736816 33.7511863708496 33.729419708252
29.0481090545654 28.9180870056152 29.4968910217285 30.0113277435303 30.5596141815186 28.7454776763916 28.5228404998779 29.2051219940186 29.6141700744629 30.2119941711426 30.2225875854492 30.5517272949219 32.3140563964844 33.3499794006348 33.9137649536133 34.1028518676758 34.2603073120117 34.827823638916 34.4193725585938 34.2298583984375 34.2588958740234 33.760124206543 33.9690399169922 34.2690200805664 34.2760772705078 33.5920524597168 33.1169853210449 34.1270179748535 34.409236907959 34.3550453186035 33.7210540771484 34.4646644592285 34.6396293640137 34.7296867370605 34.7101135253906 34.5976829528809 34.2211151123047 33.8496856689453 33.9365768432617 33.6644515991211 33.5189590454102 32.9070739746094 33.4339981079102 33.6608200073242 33.5726318359375 33.4576606750488
29.1954288482666 28.7763690948486 29.0249538421631 29.2242774963379 29.667444229126 28.283447265625 28.0470352172852 28.3912906646729 29.4564018249512 30.0647373199463 29.6390495300293 30.1082344055176 30.8323936462402 32.0604515075684 33.687671661377 33.3170356750488 34.5513648986816 34.8280181884766 34.03955078125 33.2083206176758 33.9233436584473 34.1460189819336 34.5033836364746 34.7569580078125 34.8753242492676 34.4014778137207 34.393180847168 34.7844352722168 34.8488922119141 34.050537109375 33.5474090576172 34.1512184143066 34.2699508666992 34.726879119873 34.771541595459 34.6956443786621 34.5204467773438 34.2794227600098 33.8307151794434 32.9738006591797 32.7103271484375 32.5665435791016 32.6031227111816 33.3416519165039 33.399097442627 33.8394050598145
29.9083232879639 29.5559520721436 30.1706047058105 30.0443840026855 29.7248420715332 28.5716114044189 29.2135848999023 29.0008583068848 29.2534599304199 29.737886428833 29.5042915344238 29.7308616638184 29.8409729003906 31.8164176940918 33.2327041625977 32.4317283630371 34.1144104003906 34.441219329834 34.0933952331543 32.8347091674805 33.1288261413574 34.3543663024902 34.7975769042969 34.9339485168457 34.9530220031738 34.8371849060059 34.8477325439453 34.9676399230957 34.5335922241211 33.7377586364746 33.5776748657227 34.3127517700195 34.773567199707 34.8079528808594 34.7905769348145 34.7523384094238 34.6991958618164 34.5429191589355 34.2613067626953 33.004825592041 32.3606719970703 31.4929294586182 32.5363082885742 32.5250968933105 33.5021514892578 33.9136123657227
31.21311378479 31.0906734466553 30.6198310852051 30.5712642669678 30.1471843719482 29.741979598999 29.5015544891357 28.6825923919678 29.2126712799072 28.7956409454346 28.385669708252 29.4755210876465 29.7536239624023 31.3095169067383 32.4455032348633 31.6003799438477 32.4254112243652 33.3103866577148 33.9367370605469 33.7956733703613 33.2832641601562 34.3678779602051 34.8869552612305 34.6623687744141 34.6281509399414 34.2729644775391 34.7255706787109 34.9883193969727 33.9563827514648 33.0126190185547 33.7284317016602 34.3552932739258 34.7376251220703 34.8188858032227 34.8233261108398 34.7548065185547 34.7267913818359 34.6193389892578 34.4050674438477 33.9695816040039 33.2216491699219 32.6833076477051 32.2216415405273 32.0169906616211 32.9535255432129 33.4885215759277
30.32470703125 30.3288230895996 30.354663848877 30.0645275115967 29.6727409362793 29.8524971008301 29.1210803985596 28.6950492858887 28.2669792175293 28.3403034210205 27.8404312133789 28.6045989990234 28.5985374450684 30.4178314208984 31.2774810791016 30.3007888793945 30.7375717163086 32.397590637207 33.8893241882324 34.5048370361328 33.9581489562988 34.6350708007812 34.8598480224609 34.4100227355957 34.3830490112305 34.5166816711426 35.0221862792969 34.986457824707 34.3729667663574 33.6312065124512 34.0279808044434 34.3279418945312 34.7939567565918 34.8112869262695 34.7496185302734 34.708381652832 34.6994323730469 34.6084594726562 34.519100189209 34.2941513061523 34.0123825073242 33.4101142883301 32.9920234680176 32.9451637268066 33.1841583251953 33.6309814453125
29.7254371643066 29.9434852600098 29.8526191711426 29.8173198699951 29.0787525177002 29.7314548492432 28.9418983459473 27.9010124206543 27.4156551361084 27.72292137146 27.4587020874023 28.0093231201172 28.6659812927246 30.198371887207 30.4508476257324 30.1487770080566 32.1810913085938 33.2757263183594 34.1171913146973 34.6497688293457 34.9494819641113 35.0079727172852 34.9390411376953 34.8333168029785 34.5826416015625 34.9016914367676 35.0342903137207 34.8975448608398 34.469799041748 33.7489051818848 33.8324661254883 34.4694290161133 34.6974487304688 34.171142578125 34.5737991333008 34.6913909912109 34.6590461730957 34.6091194152832 34.5555534362793 34.4300765991211 34.096607208252 33.2610855102539 33.6258201599121 33.6678123474121 33.5636787414551 33.4797592163086
29.1623706817627 29.4146099090576 29.2849922180176 29.5111389160156 29.5855255126953 29.5845680236816 29.2774791717529 28.350025177002 28.4296398162842 28.5151901245117 27.6638870239258 27.5080337524414 28.2861938476562 30.1416358947754 30.5667114257812 30.9814949035645 31.0303764343262 31.9723243713379 34.0762557983398 34.7331008911133 34.9397506713867 34.8826217651367 34.7097854614258 34.6500396728516 34.8167953491211 34.897819519043 34.8614273071289 34.4181747436523 33.3687744140625 33.5575752258301 33.9041633605957 34.7819442749023 34.4716148376465 33.8345909118652 34.5856170654297 34.4985466003418 34.520694732666 34.5774879455566 34.4654426574707 34.145694732666 33.4913215637207 32.1099510192871 31.8301753997803 32.9553489685059 33.3438262939453 33.6595191955566
29.7319145202637 29.3333721160889 29.2012691497803 29.3415794372559 29.4569206237793 29.3800277709961 29.0039939880371 28.6882781982422 29.1728477478027 28.5955047607422 28.4754753112793 28.4663829803467 29.1277618408203 30.071159362793 30.2020702362061 30.7986869812012 31.784740447998 33.1098403930664 34.1565246582031 34.6184043884277 34.9837913513184 34.9537544250488 34.3947715759277 34.0721092224121 34.3217391967773 34.1580009460449 34.267707824707 34.4504089355469 34.3238143920898 34.3003578186035 34.6287040710449 34.920825958252 34.2190628051758 34.117374420166 34.746639251709 34.1755790710449 34.3215866088867 34.2710189819336 34.3490562438965 34.0133934020996 32.4501762390137 31.6482181549072 31.0044822692871 32.9306755065918 33.5331916809082 33.329517364502
30.0872383117676 29.0843143463135 29.0460586547852 29.1414127349854 29.2587032318115 29.139591217041 29.1584091186523 29.6199722290039 29.3220748901367 28.6863327026367 29.6257629394531 30.006908416748 30.1606311798096 29.6448879241943 29.6652488708496 30.5267333984375 31.7295989990234 33.2782135009766 33.3892364501953 34.2975044250488 34.8042373657227 34.8251571655273 34.2905921936035 34.0187911987305 33.1306190490723 33.7545356750488 34.3277778625488 34.4942398071289 34.7520217895508 34.7574577331543 34.9387435913086 34.8662757873535 34.821720123291 34.8469886779785 34.7906646728516 34.5101470947266 33.4706344604492 34.124870300293 34.3296127319336 34.269588470459 34.2107353210449 32.8304328918457 32.6548500061035 34.0696029663086 34.3696746826172 34.3260498046875
30.1342906951904 29.3052635192871 29.0207576751709 28.9609298706055 29.138744354248 28.9791564941406 29.545223236084 30.9061088562012 30.1862030029297 29.6177825927734 31.1511268615723 31.8543090820312 31.4094562530518 29.7715530395508 30.1103515625 30.196460723877 32.0232048034668 32.108325958252 31.9666595458984 33.0276794433594 34.3190994262695 34.5768775939941 34.2110595703125 34.2011032104492 34.0534858703613 33.672191619873 33.7544059753418 33.9155883789062 34.6794700622559 34.6352119445801 34.7112197875977 34.4923973083496 34.7115364074707 34.8723487854004 34.5465774536133 34.5138397216797 33.769889831543 33.9047584533691 34.1997833251953 34.0154037475586 34.4623985290527 34.4598541259766 34.34521484375 34.386157989502 34.5025215148926 34.346981048584
29.8994293212891 29.353910446167 29.178882598877 29.3326396942139 29.27907371521 29.3538818359375 29.7106513977051 31.4736976623535 31.6846961975098 30.5243148803711 32.4622802734375 33.588306427002 32.7519111633301 31.3283653259277 31.268123626709 31.9700164794922 32.7688255310059 33.3110656738281 33.6807250976562 34.0318870544434 34.2703170776367 33.9714050292969 32.4542846679688 32.7786903381348 33.377082824707 32.9503631591797 33.1914863586426 34.1417388916016 34.5587425231934 34.7807540893555 33.5708427429199 33.5453262329102 34.4487915039062 34.7789497375488 34.2411956787109 34.259708404541 33.3796043395996 33.9443206787109 34.1626167297363 33.9971160888672 34.4969367980957 34.5851516723633 34.6062393188477 34.5961303710938 34.5254516601562 34.1558685302734
29.9214515686035 29.5866527557373 29.5515003204346 29.6797676086426 29.8414611816406 29.9519157409668 30.6275634765625 32.2805671691895 32.152961730957 31.5963897705078 33.2698249816895 34.573860168457 33.6219787597656 32.2956237792969 31.6675701141357 33.6730117797852 34.0912475585938 34.3322372436523 34.5648384094238 34.5931091308594 34.1077842712402 33.8088531494141 33.928897857666 33.3032760620117 33.6794166564941 34.2019844055176 34.4410743713379 34.5246200561523 34.7546081542969 34.668571472168 32.8537788391113 33.6547393798828 34.5900573730469 34.4992561340332 34.0172729492188 33.958423614502 33.7777061462402 34.3362579345703 34.3621025085449 34.3651390075684 34.3195838928223 34.4946632385254 34.5411682128906 34.544864654541 34.4529304504395 34.3817481994629
29.8834800720215 29.6385154724121 30.0947418212891 30.7266426086426 30.8207702636719 31.2024688720703 32.3271827697754 33.0657157897949 32.3611488342285 32.8255729675293 34.4985122680664 35.0944328308105 34.4577484130859 33.271858215332 32.3915710449219 33.6165390014648 33.6172981262207 33.9615020751953 34.809009552002 35.0376510620117 34.6794509887695 34.2903175354004 34.6733818054199 34.4497299194336 34.298828125 34.8217697143555 34.7013130187988 34.6033554077148 34.8886070251465 34.6256523132324 33.9193305969238 34.4458808898926 34.6393508911133 34.2929534912109 33.2514572143555 33.194408416748 33.5485725402832 34.3453330993652 34.0149993896484 33.9844131469727 33.9931983947754 34.3069229125977 34.2772750854492 34.3366470336914 34.1643333435059 34.2937927246094
29.9271697998047 30.0849418640137 31.0338821411133 31.7024040222168 32.4977035522461 33.6104164123535 34.3737831115723 33.5611267089844 31.3880615234375 32.0672950744629 33.8588066101074 35.1351737976074 34.6386375427246 34.2499504089355 33.2057342529297 34.344913482666 34.5199356079102 33.8101501464844 34.7047004699707 35.0999488830566 35.0246429443359 34.5228958129883 34.9027938842773 35.0166931152344 34.8365821838379 34.9261665344238 34.7091445922852 33.8461456298828 34.7466926574707 34.903076171875 34.793083190918 34.6651496887207 34.3037376403809 33.9196014404297 32.9829597473145 33.0322723388672 33.8607559204102 33.7825546264648 33.6176605224609 33.405101776123 33.5493507385254 33.8748207092285 33.6519432067871 34.0354499816895 33.5202178955078 33.9233512878418
