inst/extdata/Tmax/Tmax79.asc
NCOLS 100 
NROWS 79 
XLLCORNER 148.06 
YLLCORNER -21.49 
CELLSIZE 0.01 
NODATA_value -3.4e+38 
[rows 40 to 59 of 79, columns 0 to 45 of 100]
29.967628479003899 29.6762351989746 29.7252941131592 29.7750091552734 29.6525688171387 29.7939910888672 29.7582702636719 29.545654296875 29.0280437469482 29.5249633789062 30.2624759674072 30.6519298553467 30.7105350494385 30.7864952087402 30.8795280456543 30.6504535675049 30.357027053833 29.9643821716309 29.317756652832 29.8974323272705 29.9017333984375 29.7953605651855 29.7389602661133 29.2975330352783 28.2935371398926 27.5810852050781 27.3794918060303 27.4961910247803 27.6419792175293 26.9446926116943 26.240909576416 26.7331676483154 28.1690254211426 27.8802490234375 27.6065979003906 27.9922428131104 27.91086769104 27.5645503997803 27.3341159820557 26.8459854125977 26.8155288696289 25.8689746856689 25.2394733428955 25.2479362487793 24.976188659668 24.8120098114014
30.1412258148193 29.7134304046631 29.5870132446289 29.7185878753662 29.6171760559082 29.7238082885742 29.7500877380371 29.6436614990234 29.3759880065918 29.5290946960449 29.928409576416 30.3499431610107 30.6310119628906 30.8414821624756 30.9093933105469 30.751651763916 30.4206657409668 29.8530597686768 29.4844341278076 29.6654434204102 29.7066059112549 29.457311630249 29.6773681640625 29.3732852935791 28.6339778900146 28.0876731872559 27.4156074523926 27.3378486633301 27.5888195037842 27.1170806884766 26.6580905914307 27.3829689025879 28.1592979431152 27.3332939147949 26.5405044555664 27.4079437255859 27.4765319824219 27.7280426025391 27.7020626068115 27.4577980041504 27.3399887084961 26.5488586425781 25.0030307769775 24.8831844329834 24.9803810119629 24.9503784179688
29.9927272796631 29.9543113708496 29.725513458252 29.603630065918 29.6871452331543 29.7263298034668 29.7191295623779 29.6902599334717 29.6658000946045 29.6261577606201 29.697193145752 30.2626037597656 30.6474647521973 30.8308334350586 30.8632850646973 30.824348449707 30.5802536010742 30.2182559967041 29.970832824707 29.9304389953613 29.8468284606934 29.1266860961914 29.0613708496094 29.3295059204102 29.3746795654297 28.889705657959 27.9319515228271 27.5752086639404 27.5025863647461 27.2666854858398 26.2805194854736 27.4952411651611 27.571891784668 26.3872623443604 25.4948844909668 26.5179634094238 26.5357894897461 27.2758827209473 27.4761753082275 27.1559352874756 26.9119110107422 26.9877891540527 26.3305549621582 26.1019954681396 26.5843734741211 27.7106418609619
29.5998115539551 29.7275333404541 29.7228698730469 29.7311706542969 29.7786445617676 29.7842788696289 29.7635955810547 29.7191410064697 29.7960929870605 29.7766647338867 29.8013191223145 30.287914276123 30.5882148742676 30.7831039428711 30.8236770629883 30.8583221435547 30.7579345703125 30.5198669433594 30.2110595703125 30.2709903717041 30.0841083526611 29.8062324523926 29.0489387512207 28.6651172637939 29.4385204315186 29.2123241424561 28.7712478637695 28.2417430877686 27.8800735473633 27.6984233856201 26.8233547210693 26.7457866668701 27.5415077209473 26.9924964904785 26.2906227111816 25.7914066314697 25.9055671691895 26.1953563690186 26.4640922546387 26.2156372070312 25.7220439910889 26.5456771850586 26.0665092468262 27.1377696990967 29.1349143981934 29.8408050537109
29.2735786437988 29.5034580230713 29.4909896850586 29.5052146911621 29.7277374267578 29.8707084655762 29.92067527771 29.8715190887451 29.9548263549805 30.0218353271484 30.2291679382324 30.4043273925781 30.5680198669434 30.7005920410156 30.7871894836426 30.8646965026855 30.848030090332 30.6916027069092 30.525146484375 30.4845199584961 30.3483467102051 30.200834274292 29.8685817718506 29.6394500732422 29.4516277313232 28.9431266784668 29.2506217956543 29.1233406066895 28.7724895477295 28.0179786682129 27.3513126373291 27.360034942627 27.727689743042 27.9258060455322 27.6094646453857 26.3215255737305 24.8681526184082 24.8418350219727 24.972806930542 25.3584823608398 25.236873626709 25.8676223754883 25.3491287231445 26.2931041717529 28.2859916687012 29.8657989501953
29.2958641052246 29.3881282806396 29.2246742248535 29.1147613525391 29.3581237792969 29.6205596923828 29.9024047851562 30.0524616241455 30.1434917449951 30.2635726928711 30.3578128814697 30.2881278991699 30.0468406677246 30.4908180236816 30.769588470459 30.8413619995117 30.8613357543945 30.7955093383789 30.7047595977783 30.6442565917969 30.5530548095703 30.446870803833 30.3965110778809 29.7085285186768 29.32546043396 29.252513885498 29.3664150238037 29.1853523254395 28.9856433868408 28.4212265014648 27.0469703674316 27.2916164398193 27.6473178863525 27.7316722869873 27.8546924591064 26.8688735961914 25.4517726898193 25.1993293762207 25.2493114471436 25.7476234436035 25.1025581359863 25.5207042694092 25.9720611572266 26.3295211791992 27.3204154968262 28.6425743103027
29.1392402648926 29.1283302307129 29.1476593017578 29.0783615112305 28.9812545776367 29.0595054626465 29.6394729614258 29.7959785461426 29.9491271972656 29.9845790863037 30.248966217041 30.3875617980957 30.1167831420898 30.4270210266113 30.7037925720215 30.809886932373 30.8393249511719 30.7742500305176 30.7415199279785 30.7084007263184 30.6349487304688 30.5729541778564 30.4689865112305 29.9351615905762 29.012674331665 29.1506462097168 29.3683700561523 29.1239948272705 29.0795402526855 28.926025390625 28.0441551208496 27.7002696990967 27.318286895752 27.6199989318848 27.7848968505859 27.2735500335693 26.1176662445068 26.4431190490723 25.8680934906006 26.6603183746338 26.0534248352051 26.2459354400635 26.3864822387695 26.5193405151367 26.5250225067139 26.3287696838379
29.6385631561279 28.9395618438721 28.8600692749023 28.8139896392822 28.7980537414551 28.9511680603027 29.3235607147217 29.2867698669434 29.5832862854004 29.6530723571777 29.7588424682617 29.8527774810791 30.0798301696777 30.4176177978516 30.6505680084229 30.8015689849854 30.8094520568848 30.6830825805664 30.4887752532959 30.3901691436768 30.5569591522217 30.3619937896729 30.3957901000977 30.3328971862793 29.821117401123 29.7218627929688 29.7592353820801 29.5418949127197 29.3628005981445 29.1230049133301 28.3625659942627 27.9733295440674 27.1968803405762 27.6455059051514 27.7063064575195 27.4612941741943 26.998743057251 27.2613945007324 26.9796180725098 27.2621059417725 26.9834690093994 26.7738342285156 26.6230449676514 26.4694728851318 26.1033191680908 25.856409072876
30.4119873046875 29.532621383667 28.6979293823242 28.5456390380859 28.7038688659668 28.9246654510498 28.8691120147705 28.8817367553711 29.2747573852539 29.6235046386719 29.7195835113525 29.7199611663818 29.9971942901611 30.3627872467041 30.6549472808838 30.7475032806396 30.7770042419434 30.7063217163086 30.5233345031738 30.2770881652832 30.3715572357178 30.3260974884033 30.2467861175537 30.4096927642822 30.2959537506104 30.184534072876 29.8762378692627 29.6584224700928 29.5686340332031 29.2475910186768 28.8161582946777 28.3131446838379 27.3628215789795 27.5463771820068 27.5257892608643 27.604793548584 27.5129508972168 27.4946632385254 27.3793563842773 27.188081741333 26.3162631988525 26.1482944488525 26.3769149780273 26.1043128967285 25.9679832458496 25.5962104797363
30.7049808502197 30.1533946990967 29.2146282196045 28.5854434967041 28.5835285186768 28.5858154296875 28.6354274749756 29.0353717803955 29.3154468536377 29.2123508453369 29.926082611084 30.2079753875732 30.3457736968994 30.4756183624268 30.6025867462158 30.713773727417 30.7413520812988 30.6908721923828 30.5842933654785 30.4328956604004 30.3238258361816 30.2596073150635 30.05832862854 30.1164455413818 30.32053565979 30.3137798309326 30.076265335083 29.4676628112793 28.9158687591553 29.2296123504639 28.9008255004883 28.5704860687256 27.6802864074707 27.3611469268799 27.1400012969971 27.4877319335938 27.5917720794678 27.4925937652588 27.4569778442383 27.1233367919922 26.3686389923096 25.9467830657959 26.1548252105713 25.759090423584 25.6735687255859 25.5844841003418
30.6885375976562 30.5125961303711 30.0087585449219 29.3179035186768 28.7318420410156 28.4083404541016 28.6051025390625 28.9740982055664 29.0375690460205 29.3914337158203 30.060245513916 30.3451080322266 30.5037841796875 30.6356258392334 30.6713733673096 30.7132530212402 30.5962734222412 30.6185703277588 30.63796043396 30.5581722259521 30.4402561187744 30.2712078094482 30.0558204650879 29.9730186462402 30.1086978912354 30.1667499542236 30.2314567565918 29.9748439788818 29.662899017334 29.5067043304443 28.8982486724854 28.7303714752197 27.8042182922363 27.3609714508057 26.6916999816895 27.2238273620605 27.3831386566162 27.38503074646 27.4513912200928 27.2569732666016 26.691442489624 26.5209293365479 26.4176082611084 26.1916580200195 25.8440017700195 25.6596717834473
30.642162322998 30.6261234283447 30.3466701507568 29.605562210083 28.9623546600342 28.6594772338867 28.6305465698242 28.7378787994385 28.4772071838379 28.6633911132812 29.6386489868164 30.1135330200195 30.3311519622803 30.5795574188232 30.6913146972656 30.6600570678711 30.5858154296875 30.5929832458496 30.5644664764404 30.5626888275146 30.4632339477539 30.3561496734619 30.2467861175537 30.0220355987549 29.8989715576172 29.839527130127 29.8136768341064 29.953519821167 29.7076816558838 29.8524532318115 29.8883972167969 29.0062160491943 28.3473968505859 27.8579483032227 27.3200569152832 27.4746074676514 27.4406814575195 27.2570343017578 27.4226055145264 27.322998046875 26.785530090332 26.6225204467773 26.5017852783203 26.3075904846191 25.7746276855469 25.5747337341309
30.440616607666 30.5498676300049 30.3978385925293 29.3147525787354 28.4380302429199 28.4212303161621 28.5548839569092 28.4168357849121 28.1476230621338 28.3099994659424 29.5600643157959 30.1119270324707 30.3735446929932 30.5991878509521 30.6242504119873 30.5801334381104 30.5834903717041 30.5234565734863 30.4870147705078 30.4922103881836 30.5144309997559 30.4640579223633 30.2902164459229 30.0691680908203 29.8267765045166 29.6555709838867 29.642427444458 29.596794128418 29.5996894836426 29.4917068481445 29.7174987792969 29.5854339599609 28.9579620361328 28.279857635498 27.8018112182617 28.1843280792236 28.1388320922852 27.61962890625 27.4114456176758 27.4952125549316 27.3236503601074 27.0517845153809 26.7121067047119 26.4482078552246 26.0834465026855 25.6660633087158
30.1953792572021 30.2948989868164 30.4321727752686 29.9577236175537 28.8500804901123 28.4815711975098 28.8920249938965 28.3504371643066 28.1907844543457 28.2960777282715 29.5005912780762 30.2019348144531 30.4589653015137 30.5774917602539 30.5086441040039 30.4121913909912 30.4226207733154 30.4595203399658 30.433349609375 30.3233299255371 30.3899631500244 30.4767036437988 30.3237895965576 30.159646987915 29.9472236633301 29.7739353179932 29.3951950073242 29.1874198913574 28.8046360015869 29.2005290985107 29.0238952636719 29.6501159667969 29.7101936340332 29.3293342590332 28.7868041992188 28.8319492340088 28.4325523376465 28.0494136810303 27.7163524627686 28.140007019043 27.6862773895264 27.3994026184082 27.2290420532227 27.0828456878662 26.7846164703369 26.6272850036621
30.0478591918945 30.0329875946045 30.2530078887939 30.2821769714355 29.799108505249 29.5468101501465 29.5008163452148 29.1194438934326 28.9054622650146 28.9307270050049 29.1553325653076 29.6207675933838 30.3623847961426 30.5243682861328 30.3991069793701 30.3130054473877 30.3199901580811 30.3845310211182 30.3519840240479 30.2895450592041 30.3249111175537 30.453369140625 30.4081897735596 30.2155437469482 30.1018028259277 29.9029712677002 29.5511093139648 29.313591003418 28.8619995117188 29.1262187957764 28.4373092651367 28.9201679229736 29.1868515014648 29.2200794219971 29.3643283843994 29.2366752624512 28.9102954864502 28.7586669921875 28.2704658508301 27.7304458618164 27.6576976776123 27.7233295440674 27.4634075164795 27.2555732727051 27.2564220428467 27.1036434173584
30.1406898498535 30.1514892578125 30.2206745147705 30.270336151123 30.1529350280762 29.4960327148438 29.522346496582 29.6058406829834 29.3780555725098 29.3438587188721 29.6340389251709 30.0493564605713 30.4197101593018 30.5094623565674 30.4100437164307 30.2178745269775 30.2952175140381 30.2985458374023 30.0905208587646 30.0803680419922 30.2394523620605 30.3377246856689 30.405590057373 30.3068351745605 30.1827602386475 30.0236473083496 29.8185920715332 29.5370082855225 29.3612537384033 29.1956520080566 28.7385807037354 28.3543949127197 28.5105724334717 28.4791526794434 28.9769077301025 28.657787322998 28.9636764526367 28.7105503082275 28.3252925872803 27.8812561035156 27.6352310180664 27.4129734039307 26.895866394043 26.2677841186523 26.8990612030029 27.111499786377
30.2564430236816 30.2478942871094 30.2284660339355 30.2266101837158 30.0733623504639 29.2205581665039 29.0100040435791 29.4958057403564 29.3864631652832 29.051326751709 29.3804607391357 30.1240139007568 30.4268798828125 30.4711761474609 30.3872547149658 30.1939678192139 30.2020206451416 29.986873626709 29.7202625274658 29.8864288330078 30.2235565185547 30.2466373443604 30.3447341918945 30.344575881958 30.1714630126953 30.1110935211182 29.9270839691162 29.6205463409424 29.5334930419922 29.2941627502441 28.8538055419922 28.1308555603027 27.8136978149414 27.9765758514404 28.4826469421387 28.6431331634521 28.2477512359619 27.8780288696289 28.1000995635986 28.0326194763184 27.6697864532471 27.4288578033447 26.857946395874 25.9847221374512 26.4761829376221 26.884241104126
30.3135414123535 30.2868957519531 30.2474136352539 30.2249565124512 30.1944465637207 29.833869934082 29.3575592041016 29.1055488586426 29.1238708496094 28.9042587280273 29.4369773864746 30.1337928771973 30.3989734649658 30.4213676452637 30.3386878967285 30.1495170593262 29.9869899749756 29.7767753601074 29.664680480957 29.9691047668457 30.1187419891357 30.204065322876 30.1748676300049 30.2939205169678 30.2384262084961 30.1496353149414 29.9798812866211 29.6931896209717 29.5706596374512 29.3643131256104 28.9227695465088 28.7128124237061 28.2262306213379 28.0298805236816 27.9786891937256 28.1482620239258 28.4478378295898 28.2920169830322 27.9086399078369 27.6971645355225 27.4856662750244 27.284704208374 27.0208721160889 26.6862277984619 26.0039882659912 26.3254871368408
30.3398857116699 30.2966823577881 30.2556457519531 30.2547454833984 30.1869812011719 29.967903137207 29.675235748291 29.0606517791748 28.9554443359375 29.1687202453613 29.6824283599854 30.1534080505371 30.333927154541 30.3372859954834 30.20680809021 30.038143157959 29.7351055145264 29.6585884094238 29.7900238037109 29.8337421417236 30.0030136108398 29.9559688568115 29.7720909118652 30.0560455322266 30.2598171234131 30.1384658813477 29.9199237823486 29.7638206481934 29.6276760101318 29.5210266113281 29.3195343017578 29.0919322967529 28.7639656066895 28.7124614715576 28.3669528961182 28.0077571868896 28.128381729126 28.2169513702393 27.975025177002 27.8192653656006 27.6754608154297 27.4353446960449 26.7838134765625 26.378776550293 26.5244922637939 26.5528202056885
30.3450031280518 30.3683834075928 30.3203239440918 30.2927551269531 30.1829528808594 30.0762062072754 29.9764499664307 29.5995464324951 29.1090030670166 29.223991394043 29.4117336273193 29.7512474060059 30.072078704834 30.1345977783203 30.0814933776855 29.9423141479492 29.7377071380615 29.6091461181641 29.5013580322266 29.5604286193848 29.8258228302002 29.8483219146729 29.5983905792236 30.038948059082 30.2763366699219 30.1668014526367 30.0100116729736 29.852481842041 29.7788410186768 29.6646041870117 29.543384552002 29.3199005126953 28.9790382385254 29.2109909057617 29.0765228271484 28.6783561706543 28.2027778625488 28.0897636413574 28.2280426025391 28.6819305419922 27.8800945281982 27.602710723877 27.1743316650391 26.4478397369385 26.3801975250244 26.2577800750732
