inst/extdata/Tmax/Tmax117.asc
NCOLS 100 
NROWS 79 
XLLCORNER 148.06 
YLLCORNER -21.49 
CELLSIZE 0.01 
NODATA_value -3.4e+38 
[rows 20 to 39 of 79, columns 46 to 91 of 100]
38.81396484375 37.3219795227051 37.5030860900879 38.7020988464355 38.4828338623047 37.9806442260742 37.739429473877 36.7163467407227 38.3067970275879 39.5535697937012 40.4161376953125 40.0344772338867 40.0099639892578 40.5156631469727 40.2279777526855 39.9846343994141 40.2104721069336 40.6682090759277 40.7896156311035 40.7867469787598 40.7131767272949 40.6130104064941 40.8408203125 40.9012451171875 40.8520812988281 40.7594871520996 40.6653099060059 40.6820030212402 40.6440162658691 40.3704566955566 40.3967056274414 40.6053581237793 40.5197830200195 40.2995986938477 40.2874526977539 40.2257461547852 40.1415786743164 40.1235580444336 40.1035232543945 40.080940246582 39.996467590332 39.8100738525391 39.2789268493652 39.1180458068848 39.2666206359863 39.2388343811035
39.0742950439453 37.3141288757324 36.2963409423828 37.7877731323242 37.6712074279785 37.1792488098145 37.9294700622559 36.2788124084473 37.3705101013184 39.1578712463379 40.2111587524414 39.097900390625 38.5418472290039 40.0731544494629 39.078254699707 38.753719329834 39.4848403930664 40.569450378418 40.5713272094727 40.9077262878418 40.9650115966797 40.9572257995605 40.784309387207 40.500617980957 40.4878959655762 40.5198020935059 40.6450996398926 40.6140937805176 40.5339813232422 40.4624252319336 40.6796760559082 40.7141227722168 40.6657371520996 40.3662033081055 40.4181594848633 40.3513412475586 40.2348022460938 40.235107421875 40.2358245849609 40.2363128662109 40.0857925415039 39.9588279724121 39.7656784057617 39.5784683227539 39.4582862854004 39.4336585998535
39.6019058227539 39.1933517456055 37.568790435791 37.0050468444824 36.5876655578613 37.5675888061523 37.0483932495117 37.2658386230469 36.7300796508789 37.5510139465332 39.4581604003906 39.7941932678223 38.5003433227539 38.8368873596191 38.537181854248 38.9986915588379 39.8898735046387 40.2221298217773 39.0881538391113 40.1563758850098 40.7976608276367 40.8513412475586 40.3461570739746 39.6516380310059 40.1482391357422 40.1130142211914 40.5950241088867 40.7444763183594 40.492359161377 40.6580963134766 40.7745552062988 40.807674407959 40.8039398193359 40.7393188476562 40.6407737731934 40.4651565551758 40.3087844848633 40.1979904174805 40.2580947875977 40.3281478881836 40.1972236633301 40.1204605102539 39.8837738037109 39.7744483947754 39.663761138916 39.7642402648926
39.085262298584 38.945728302002 38.4117317199707 37.7173614501953 36.4176406860352 37.0471878051758 37.6136817932129 37.7861976623535 37.5662574768066 37.1671867370605 38.3335266113281 38.3116722106934 39.0793228149414 37.6407852172852 38.3693313598633 39.6308250427246 39.6057968139648 39.9207611083984 38.7689323425293 40.5068626403809 41.1154327392578 41.0186233520508 40.2377319335938 39.0986251831055 40.1358795166016 40.2581062316895 40.340259552002 40.7195320129395 40.8768348693848 40.923412322998 40.9157333374023 40.9358444213867 40.9099960327148 40.8281936645508 40.7371101379395 40.5844841003418 40.2334899902344 39.9428672790527 40.0608406066895 40.2752227783203 40.222053527832 40.2547950744629 40.035945892334 40.0124206542969 39.8082962036133 39.8198509216309
37.4002494812012 38.5618019104004 38.8708992004395 38.6609153747559 37.7621612548828 37.1870155334473 37.1884536743164 36.9064178466797 37.7002983093262 37.2154769897461 37.1991119384766 36.7758522033691 38.4821090698242 39.2191314697266 38.5122032165527 39.3984107971191 40.0536117553711 40.5376930236816 40.2789726257324 41.1170806884766 41.0950927734375 40.9691543579102 40.3981857299805 39.6929473876953 40.3530578613281 40.5735855102539 40.3191184997559 40.3972625732422 40.4855155944824 40.895393371582 40.7432060241699 41.0117530822754 40.9040298461914 40.8687591552734 40.7940902709961 40.4930534362793 40.4191513061523 39.9376945495605 39.6900215148926 40.082275390625 40.1729698181152 40.2494506835938 40.1049957275391 40.1575050354004 40.2140350341797 40.0787391662598
36.0959930419922 36.9875144958496 38.1753349304199 38.104736328125 37.3507652282715 36.6581192016602 36.3056602478027 35.7836418151855 36.8680229187012 37.4329376220703 36.9412612915039 37.1551361083984 38.4116134643555 40.0680503845215 39.6361808776855 39.6857261657715 39.8169059753418 40.9682960510254 41.0458374023438 41.032169342041 41.0016098022461 40.7402648925781 39.6962509155273 39.7413330078125 39.8293380737305 40.3527412414551 40.1228561401367 39.5963096618652 40.133171081543 41.005054473877 40.940975189209 41.037166595459 41.001823425293 40.976692199707 40.8652610778809 40.7221565246582 40.7388229370117 40.2406311035156 39.7960433959961 40.0763740539551 39.7884750366211 39.9022026062012 39.6617851257324 40.2222442626953 40.2703170776367 40.2006454467773
35.9979705810547 35.8553657531738 36.5055274963379 37.0878372192383 37.7122535705566 35.6608085632324 35.4141311645508 36.1826095581055 36.6483268737793 37.3321723937988 37.3384780883789 37.7204780578613 39.2774696350098 40.0511054992676 40.4671745300293 40.5889167785645 40.7040252685547 41.1190948486328 40.8183326721191 40.6770210266113 40.6811676025391 40.3095169067383 40.4653244018555 40.6891479492188 40.6959991455078 40.1704025268555 39.8114471435547 40.5797500610352 40.7950668334961 40.762767791748 40.2800712585449 40.8356552124023 40.965087890625 41.0329360961914 41.0234336853027 40.9326820373535 40.6678352355957 40.3897552490234 40.4530334472656 40.2482147216797 40.124080657959 39.653247833252 40.0732192993164 40.2532196044922 40.1586151123047 40.0214958190918
36.1697616577148 35.704418182373 35.9843254089355 36.2102928161621 36.7118682861328 35.1513519287109 34.8895645141602 35.2757873535156 36.4771461486816 37.1722106933594 36.6812400817871 37.2208938598633 38.0566329956055 39.1015396118164 40.3251724243164 40.0303535461426 40.9456520080566 41.1473350524902 40.565242767334 39.9400787353516 40.4614791870117 40.6278610229492 40.8939056396484 41.082405090332 41.1716918945312 40.8114585876465 40.809944152832 41.1035003662109 41.1575889587402 40.5771942138672 40.1839561462402 40.6440544128418 40.7363433837891 41.0764961242676 41.1152496337891 41.0523834228516 40.929817199707 40.7539710998535 40.4210891723633 39.7603530883789 39.5396499633789 39.4306182861328 39.4634208679199 40.0319175720215 40.0519866943359 40.332160949707
36.9848251342773 36.5924606323242 37.287956237793 37.1496162414551 36.7927780151367 35.4885940551758 36.212043762207 35.9754333496094 36.2635307312012 36.8164482116699 36.5441589355469 36.8062591552734 36.9365768432617 38.9468803405762 40.0205192565918 39.3945922851562 40.6609306335449 40.9023628234863 40.6441192626953 39.6927871704102 39.9009590148926 40.8250427246094 41.1544456481934 41.2573204040527 41.2752685546875 41.1792831420898 41.1929550170898 41.2873229980469 40.9781303405762 40.3882102966309 40.2537689208984 40.8145446777344 41.1585998535156 41.1904983520508 41.1859817504883 41.1508483886719 41.1137199401855 41.0027847290039 40.8003578186035 39.8400993347168 39.3104476928711 38.5900268554688 39.4411277770996 39.416332244873 40.1718215942383 40.4340209960938
38.4632987976074 38.3306465148926 37.8033905029297 37.7533187866211 37.2775535583496 36.8120536804199 36.5438613891602 35.6238670349121 36.2240600585938 35.7562637329102 35.2862243652344 36.5221328735352 36.8435440063477 38.576042175293 39.4447288513184 38.7755470275879 39.4076499938965 40.0810661315918 40.5533638000488 40.4482955932617 40.0450096130371 40.8647918701172 41.2513580322266 41.0905838012695 41.0703544616699 40.7962989807129 41.1388854980469 41.3392143249512 40.5820007324219 39.8581390380859 40.4025497436523 40.8827438354492 41.1719055175781 41.2392654418945 41.2520217895508 41.191234588623 41.174186706543 41.1005325317383 40.9501152038574 40.6338920593262 40.0375823974609 39.5951690673828 39.2040252685547 39.0195846557617 39.7738380432129 40.1570472717285
37.468635559082 37.4774475097656 37.5109519958496 37.1870269775391 36.7480087280273 36.9440383911133 36.1208839416504 35.6438865661621 35.1655158996582 35.2498207092285 34.680290222168 35.5410346984863 35.5368499755859 37.6167755126953 38.5635452270508 37.4824295043945 37.9927787780762 39.4051094055176 40.543285369873 41.0052452087402 40.5830383300781 41.0920829772949 41.2621574401855 40.9340744018555 40.9198913574219 41.0101585388184 41.3900527954102 41.3728790283203 40.9274482727051 40.3690719604492 40.6635284423828 40.8974838256836 41.2503814697266 41.2724456787109 41.2364120483398 41.1944961547852 41.1931114196777 41.1332511901855 41.0756301879883 40.9081077575684 40.6744003295898 40.2023391723633 39.8600234985352 39.8120727539062 39.9920120239258 40.3087501525879
36.8008117675781 37.0497016906738 36.9507522583008 36.9144287109375 36.0848999023438 36.8135757446289 35.9250259399414 34.7596702575684 34.1999931335449 34.5631675720215 34.2378044128418 34.8763656616211 35.6184768676758 37.3705863952637 37.6665153503418 37.3131294250488 39.2597427368164 40.1009178161621 40.739429473877 41.1396408081055 41.3481941223145 41.3954200744629 41.3497123718262 41.277717590332 41.0988731384277 41.3261909484863 41.4318351745605 41.3410682678223 41.0302238464355 40.4893798828125 40.5451431274414 41.0365753173828 41.2151870727539 40.832893371582 41.1412124633789 41.2175636291504 41.2005233764648 41.1720085144043 41.1305732727051 41.0331344604492 40.7637062072754 40.1097106933594 40.3912696838379 40.4161224365234 40.3264541625977 40.2356147766113
36.1750106811523 36.460693359375 36.3176422119141 36.5751914978027 36.6623153686523 36.653564453125 36.3094749450684 35.2674446105957 35.3588333129883 35.457218170166 34.4842185974121 34.2975845336914 35.1945877075195 37.3111152648926 37.8058471679688 38.2800331115723 38.3431777954102 39.1153450012207 40.7330703735352 41.2275352478027 41.368236541748 41.3311004638672 41.2089385986328 41.1709938049316 41.3018569946289 41.3537750244141 41.3362884521484 41.0141639709473 40.2148208618164 40.3689727783203 40.6298675537109 41.3005599975586 41.0808715820312 40.604736328125 41.1820449829102 41.1087646484375 41.1335411071777 41.1734771728516 41.0884170532227 40.846794128418 40.322437286377 39.186580657959 38.9450187683105 39.8811225891113 40.1908187866211 40.4177856445312
36.8297958374023 36.3841667175293 36.2381553649902 36.3987121582031 36.5317039489746 36.4369812011719 36.0151672363281 35.661735534668 36.2115020751953 35.5616416931152 35.4175834655762 35.4094886779785 36.1616134643555 37.2444038391113 37.3998756408691 38.0833778381348 39.0002326965332 40.0285186767578 40.8290214538574 41.1792449951172 41.4390335083008 41.4222717285156 41.0121688842773 40.7748107910156 40.971794128418 40.8406066894531 40.9327850341797 41.0774459838867 40.9893913269043 40.9798545837402 41.2203216552734 41.4463653564453 40.9328956604004 40.8627624511719 41.343921661377 40.9072761535645 41.0184555053711 40.9802703857422 41.0385475158691 40.7836494445801 39.5084686279297 38.8300399780273 38.2771759033203 39.9029579162598 40.3892517089844 40.2122116088867
37.2365417480469 36.1100234985352 36.0692443847656 36.1788101196289 36.3135299682617 36.1708831787109 36.1947822570801 36.7207717895508 36.3858261108398 35.6688842773438 36.7271461486816 37.1667861938477 37.3475761413574 36.7603492736816 36.7876739501953 37.7741546630859 38.9743728637695 40.178581237793 40.2664260864258 40.9627151489258 41.3312873840332 41.3528861999512 40.958854675293 40.7592887878418 40.0781059265137 40.5568542480469 41.0033950805664 41.1366882324219 41.3377647399902 41.3508644104004 41.478759765625 41.4360618591309 41.4122619628906 41.438720703125 41.4034042358398 41.1804389953613 40.3772201538086 40.8914184570312 41.048168182373 41.0037460327148 40.9438438415527 39.8467903137207 39.7010841369629 40.8391036987305 41.0625801086426 41.0154037475586
37.2956848144531 36.3638000488281 36.0460739135742 35.9809074401855 36.1834411621094 35.9949798583984 36.6378593444824 38.1927070617676 37.3747520446777 36.7301139831543 38.4794692993164 39.1133575439453 38.7641906738281 36.9101295471191 37.3038444519043 37.3973693847656 39.2212219238281 39.2879180908203 39.1770439147949 40.0099983215332 40.9913139343262 41.1919288635254 40.9223861694336 40.9224891662598 40.8181457519531 40.515983581543 40.5864334106445 40.7187843322754 41.3097724914551 41.2862777709961 41.3379020690918 41.1842498779297 41.357006072998 41.481575012207 41.2418365478516 41.2037086486816 40.6341209411621 40.7428550720215 40.9734420776367 40.8343963623047 41.1595230102539 41.1592788696289 41.0767974853516 41.1098289489746 41.197380065918 41.0715751647949
37.0361938476562 36.4238090515137 36.2290229797363 36.404727935791 36.3467712402344 36.4231452941895 36.8305587768555 38.8409538269043 39.019702911377 37.7709274291992 39.6013221740723 40.4633369445801 39.8219985961914 38.7065505981445 38.6436996459961 39.1964263916016 39.8204727172852 40.2431716918945 40.5316162109375 40.8051681518555 40.9767303466797 40.7548980712891 39.574405670166 39.8366737365723 40.315502166748 39.9686851501465 40.1656379699707 40.9162712097168 41.2436599731445 41.4207191467285 40.4837913513184 40.4718399047852 41.1802940368652 41.4318237304688 41.0287857055664 41.031177520752 40.3416175842285 40.7945747375488 40.9677848815918 40.8438377380371 41.2122688293457 41.2809524536133 41.2999420166016 41.296875 41.2503356933594 40.9683799743652
37.0664215087891 36.6912612915039 36.6541938781738 36.8019790649414 36.9882354736328 37.1061592102051 37.8798484802246 39.4988327026367 39.3972930908203 38.961311340332 40.2374229431152 41.224796295166 40.5066833496094 39.4831619262695 38.9909744262695 40.5348663330078 40.8573303222656 41.044303894043 41.224853515625 41.251895904541 40.8739776611328 40.6506385803223 40.7504043579102 40.2704048156738 40.5719947814941 40.9680633544922 41.1590461730957 41.2315406799316 41.4149169921875 41.3607597351074 39.9290237426758 40.575496673584 41.3048057556152 41.2402458190918 40.8735046386719 40.8164138793945 40.6784973144531 41.1182594299316 41.1428718566895 41.1501884460449 41.1054496765137 41.2425537109375 41.2831153869629 41.2919921875 41.2317390441895 41.1719665527344
37.0373687744141 36.7634239196777 37.2824935913086 38.0037727355957 38.1152305603027 38.5443000793457 39.5614471435547 40.1273536682129 39.5832099914551 39.9396553039551 41.1967887878418 41.6423721313477 41.1691741943359 40.2672805786133 39.5844535827637 40.5210571289062 40.5245971679688 40.7929534912109 41.4404373168945 41.6172637939453 41.3403282165527 41.0525970458984 41.351432800293 41.1908874511719 41.0825691223145 41.4716873168945 41.3896865844727 41.3250503540039 41.5500679016113 41.363109588623 40.807014465332 41.2198600769043 41.3714599609375 41.1119422912598 40.2901077270508 40.2329025268555 40.5251121520996 41.1581535339355 40.9083213806152 40.8910255432129 40.8898696899414 41.1403427124023 41.1256256103516 41.1794204711914 41.0581893920898 41.1522827148438
37.0915718078613 37.2729644775391 38.3533554077148 39.0568695068359 39.7103385925293 40.5604629516602 41.1351089477539 40.5200653076172 38.7766761779785 39.3662796020508 40.7302932739258 41.690788269043 41.3228492736816 41.0322380065918 40.2337455749512 41.0951538085938 41.2317962646484 40.6946258544922 41.3818054199219 41.6841125488281 41.6193771362305 41.2495994567871 41.5447540283203 41.6379661560059 41.5106964111328 41.5705833435059 41.4163398742676 40.7601470947266 41.4648971557617 41.5877571105957 41.4943161010742 41.402702331543 41.1314239501953 40.8365821838379 40.0853652954102 40.1152572631836 40.792407989502 40.7366333007812 40.6110000610352 40.4451103210449 40.5559234619141 40.8269500732422 40.6572799682617 40.97412109375 40.5712814331055 40.8950386047363
