inst/extdata/Tmax/Tmax142.asc
NCOLS 100 
NROWS 79 
XLLCORNER 148.06 
YLLCORNER -21.49 
CELLSIZE 0.01 
NODATA_value -3.4e+38 
[rows 20 to 39 of 79, columns 0 to 45 of 100]
39.084842681884801 39.1336135864258 39.1452178955078 39.1263427734375 39.151668548584 39.259693145752 39.2129287719727 39.1624412536621 39.1170272827148 39.0479011535645 38.9054069519043 38.5853042602539 38.2125053405762 37.6735420227051 36.5645790100098 36.2104263305664 36.1653366088867 37.0083923339844 37.9025535583496 38.2766799926758 38.2976875305176 38.3280830383301 38.6204414367676 38.648868560791 38.5259094238281 38.2904891967773 37.7918548583984 37.0280227661133 37.4849433898926 37.5458145141602 38.0597801208496 38.0885200500488 38.2150573730469 38.2115745544434 38.2004776000977 37.9585800170898 37.6469078063965 37.6537628173828 37.2667198181152 37.4842224121094 37.3062133789062 36.713565826416 36.913646697998 36.9613952636719 37.0674858093262 37.104564666748
39.1508903503418 39.22021484375 39.2421722412109 39.2220458984375 39.2366256713867 39.2458114624023 39.1528015136719 39.0979652404785 39.0886840820312 39.0444869995117 38.949535369873 38.8229370117188 38.6366424560547 37.8460998535156 36.5811500549316 36.3166351318359 36.535099029541 37.2447357177734 37.680362701416 38.005500793457 38.1191711425781 38.0643196105957 38.5206565856934 38.6433448791504 38.485294342041 38.5039901733398 38.4899673461914 37.8567886352539 37.730827331543 38.1747055053711 38.2799263000488 38.2058486938477 37.932933807373 37.4309234619141 37.4512367248535 37.4366264343262 37.8322830200195 37.2478103637695 36.9191818237305 37.1851272583008 36.8657264709473 36.947624206543 36.7261238098145 35.9689598083496 36.2488784790039 36.8279685974121
39.2006759643555 39.2582473754883 39.277515411377 39.2752876281738 39.2709922790527 39.2517471313477 39.1238899230957 39.0300559997559 38.9953308105469 38.9790687561035 38.8918724060059 38.8538360595703 38.7159042358398 38.2050590515137 37.2637252807617 36.5615844726562 36.0288429260254 36.4627532958984 36.9561080932617 37.6500091552734 37.7523231506348 37.8746185302734 38.4294242858887 38.2538375854492 37.9089965820312 38.2254905700684 38.2981033325195 38.3767433166504 38.1423797607422 38.1802635192871 37.9610748291016 37.8192863464355 37.3456001281738 37.0712814331055 36.8812026977539 37.0677604675293 37.0266227722168 36.5610504150391 36.5413436889648 36.4776763916016 36.2226715087891 35.6006278991699 36.2712059020996 36.0321197509766 35.2308044433594 36.4227066040039
39.2066307067871 39.2501602172852 39.2776718139648 39.2808570861816 39.2572364807129 39.2592468261719 39.2175979614258 38.9794120788574 38.89990234375 38.9272918701172 38.7852020263672 38.6475715637207 38.7441368103027 38.4317398071289 37.769401550293 37.1086006164551 36.4191055297852 36.180118560791 36.7014770507812 36.9752922058105 37.4439086914062 38.3136558532715 38.1079597473145 37.5966186523438 37.7283058166504 37.8584518432617 37.6087913513184 38.423511505127 38.4490737915039 38.3359413146973 38.147518157959 37.2427864074707 36.9700469970703 37.1451530456543 37.4326400756836 37.0505714416504 36.2951393127441 35.8427085876465 36.457706451416 36.0341339111328 35.4286003112793 34.2588539123535 34.9610176086426 35.9564666748047 34.4797973632812 35.5931701660156
39.167667388916 39.2341117858887 39.272388458252 39.2549629211426 39.232105255127 39.2430992126465 39.2642669677734 39.1254272460938 38.9864273071289 38.8519134521484 38.7742614746094 38.7619361877441 38.6242065429688 38.3443489074707 37.7055549621582 37.1229515075684 36.5021362304688 36.2002372741699 36.3793907165527 36.3860130310059 37.41650390625 38.1435356140137 37.2139091491699 36.7621688842773 37.459903717041 37.4469566345215 37.615062713623 38.2535171508789 38.4643211364746 38.1465110778809 38.1040306091309 37.9236450195312 37.9045448303223 37.9577331542969 37.6875610351562 37.4340057373047 37.1107597351074 36.1789398193359 35.9956245422363 35.7829856872559 34.3441925048828 33.8872337341309 34.2728462219238 35.805908203125 34.1917686462402 34.509449005127
39.1362113952637 39.1702995300293 39.1917152404785 39.1799736022949 39.198371887207 39.214656829834 39.2572174072266 39.229248046875 39.1111526489258 38.915714263916 38.7618370056152 38.6668357849121 38.5494689941406 38.171817779541 37.7986259460449 37.3334770202637 36.8235244750977 36.5460586547852 36.9373016357422 37.5403938293457 37.5354232788086 37.4721946716309 37.0662307739258 35.9924926757812 36.4343147277832 37.0975723266602 37.2371788024902 38.2910995483398 38.4528160095215 38.1522903442383 37.4182090759277 37.9500312805176 37.8419914245605 37.7403182983398 37.5164794921875 37.2536849975586 37.1676712036133 35.9292297363281 34.8526382446289 35.2023658752441 34.009204864502 34.718822479248 35.0315284729004 35.8080749511719 34.9814949035645 34.1022415161133
39.0495262145996 39.0893402099609 39.1074295043945 39.1258010864258 39.1312255859375 39.1414604187012 39.2375907897949 39.248851776123 39.1433944702148 38.8000335693359 38.7194976806641 38.5145072937012 38.5195960998535 38.2087593078613 37.5792655944824 36.6793823242188 36.3703460693359 36.5473556518555 36.9576187133789 36.8862762451172 37.0541763305664 37.833740234375 37.7171325683594 36.438606262207 36.1001739501953 36.8998565673828 37.5908317565918 38.3481979370117 38.4226531982422 38.2428092956543 37.5415344238281 37.2348289489746 37.8973541259766 37.4510536193848 37.0850257873535 36.3925361633301 36.1703414916992 36.2717361450195 35.3812026977539 34.2875022888184 33.9668846130371 34.250301361084 34.1881866455078 35.0704345703125 34.3026428222656 33.7747230529785
38.9261856079102 38.9606781005859 39.0000190734863 39.0509757995605 39.0793304443359 39.138011932373 39.2371788024902 39.2427978515625 39.1911315917969 39.0372085571289 38.8414726257324 38.6370239257812 38.5436172485352 38.3835754394531 37.6077537536621 36.6466407775879 36.3839073181152 36.3554191589355 36.4731979370117 36.4616546630859 37.4380340576172 38.0021514892578 37.5493354797363 36.8242950439453 36.3478126525879 36.5532989501953 36.6681022644043 38.0137939453125 38.3175048828125 38.2220878601074 37.552417755127 37.496997833252 37.7497825622559 37.1286964416504 36.5480918884277 36.071403503418 35.3154487609863 35.9292945861816 35.7960739135742 34.2568283081055 33.9037780761719 34.0821876525879 34.0293807983398 34.538990020752 34.0576133728027 33.8178939819336
38.5010986328125 38.4803085327148 38.7198486328125 38.9910469055176 39.1118316650391 39.1897773742676 39.239688873291 39.2375526428223 39.1368560791016 39.0527381896973 38.9208374023438 38.4862289428711 38.5744857788086 38.4538650512695 38.0225257873535 36.99951171875 36.3964691162109 35.9757385253906 36.2506713867188 37.0115089416504 37.4520874023438 37.7785377502441 37.0459938049316 36.4353637695312 36.2853813171387 36.4178085327148 36.7986679077148 37.5792999267578 38.2301330566406 38.2879829406738 37.8557319641113 37.6493072509766 37.2892074584961 36.423942565918 35.439811706543 35.0877914428711 34.830249786377 35.0116081237793 35.1504898071289 34.8147087097168 34.3817863464355 34.5085868835449 34.2987632751465 34.128360748291 34.1507186889648 34.1077690124512
37.7607688903809 38.5027275085449 38.7943000793457 38.5798377990723 39.0607757568359 39.1963577270508 39.2379035949707 39.234619140625 39.0682754516602 38.9499015808105 38.950309753418 38.7437362670898 38.5476036071777 38.441593170166 38.2327117919922 37.8015251159668 37.3414840698242 36.1873893737793 36.4681625366211 36.5430755615234 36.6810302734375 37.5057830810547 37.1489067077637 36.4644889831543 36.2953643798828 36.122875213623 36.1092414855957 37.5354347229004 38.2569046020508 38.3274726867676 37.6395492553711 36.8303527832031 36.5720634460449 36.2781257629395 36.0567092895508 35.2004013061523 35.1623229980469 34.8157691955566 34.4647979736328 34.6898155212402 36.2371063232422 36.3177719116211 35.3719482421875 34.1814765930176 35.0752487182617 35.1803855895996
38.0094375610352 38.7655067443848 38.8006401062012 38.3560943603516 39.0219879150391 39.1857376098633 39.2482147216797 39.2405548095703 39.1983261108398 39.0115699768066 38.9277610778809 38.8896102905273 38.7449645996094 38.5748481750488 38.3316841125488 37.8424758911133 37.1523971557617 36.7833633422852 36.3995170593262 36.6240997314453 36.6965751647949 37.0924949645996 36.5777702331543 36.4373931884766 36.1837844848633 35.6496238708496 35.903678894043 37.4365158081055 38.1589889526367 38.2031326293945 38.1951599121094 38.0677490234375 37.1247329711914 36.3216094970703 36.2692947387695 35.8615989685059 35.9969711303711 35.8385238647461 35.4817276000977 35.9047508239746 37.1732711791992 37.2344131469727 36.8829612731934 36.4027404785156 36.3170967102051 35.8348617553711
38.6482963562012 38.8911437988281 38.9570693969727 38.9627380371094 39.0421371459961 39.1748466491699 39.2211074829102 39.2242774963379 39.1920967102051 39.1375389099121 38.9887542724609 38.9563827514648 38.8795700073242 38.711368560791 38.4901847839355 38.0833358764648 37.3752098083496 37.0266380310059 36.4362144470215 36.3481178283691 36.4133567810059 36.8078765869141 36.4941673278809 36.2794342041016 36.2312660217285 36.2615089416504 36.9579620361328 37.8790473937988 38.2044372558594 37.7777557373047 37.7110061645508 37.7370071411133 37.9202651977539 37.5001220703125 37.2728652954102 36.6275482177734 37.52294921875 37.3998565673828 37.3794097900391 37.396312713623 37.2058143615723 36.4515800476074 35.6552619934082 35.3958358764648 35.2958183288574 34.6868934631348
38.4105529785156 39.0336647033691 39.0951881408691 39.1140289306641 39.1166343688965 39.1301193237305 39.1276473999023 39.1733932495117 39.1738319396973 39.1650199890137 39.1305694580078 39.0417060852051 38.8925399780273 38.7621803283691 38.6052513122559 38.399772644043 38.0069198608398 37.4480819702148 36.8181228637695 36.224048614502 36.2527008056641 36.6542778015137 36.5546493530273 36.3212814331055 36.205020904541 36.3446388244629 37.5686912536621 38.1820983886719 38.2459564208984 38.1016845703125 37.6874237060547 37.1922836303711 37.7895889282227 37.8869323730469 37.9248428344727 37.4838562011719 37.8470764160156 37.6014938354492 37.4934577941895 37.357536315918 36.3483009338379 35.1595153808594 34.1125297546387 34.4135551452637 34.3538398742676 33.5344200134277
38.2873497009277 38.833984375 38.6903953552246 38.5939407348633 38.714973449707 39.0452270507812 39.0669403076172 39.0927200317383 39.1113128662109 39.106086730957 39.0839538574219 39.0807189941406 38.9909973144531 38.8661804199219 38.7404975891113 38.5548782348633 38.1988792419434 37.8522491455078 37.6262512207031 37.0962753295898 36.3005447387695 36.5167922973633 36.3318862915039 36.3980026245117 36.2995300292969 36.2812118530273 37.1869773864746 38.1371574401855 38.2112846374512 37.9455795288086 37.8349533081055 36.9502067565918 37.2022666931152 37.4209098815918 37.6782455444336 37.786750793457 37.6822204589844 37.5422897338867 37.2189750671387 37.2691764831543 36.9994010925293 35.954891204834 35.2886123657227 35.7610969543457 35.4057464599609 34.459300994873
38.5699691772461 38.8190536499023 38.484935760498 37.9282646179199 38.0250015258789 38.8353157043457 39.0348358154297 39.0117568969727 39.0319366455078 39.0516586303711 38.9900894165039 39.0480308532715 39.0123291015625 38.9243240356445 38.802864074707 38.6469993591309 38.3959045410156 37.8365936279297 37.4957962036133 37.1096115112305 36.5404586791992 36.4837265014648 36.3327140808105 36.1569557189941 36.1333541870117 36.461555480957 37.4324569702148 38.1042442321777 37.6831970214844 37.5007858276367 37.5974998474121 37.3122291564941 37.0447769165039 36.767879486084 36.5439338684082 36.9655227661133 36.8195953369141 37.1028785705566 37.0383987426758 36.8709716796875 36.651252746582 36.9342193603516 36.7312545776367 36.4691047668457 35.9790649414062 35.5906219482422
38.6799964904785 38.7750663757324 38.6208648681641 38.3627166748047 38.1120262145996 38.588306427002 38.8679809570312 38.8946533203125 38.9416656494141 38.9997406005859 38.9967193603516 39.0532455444336 39.0073280334473 38.9631729125977 38.8378410339355 38.6581611633301 38.467529296875 38.2923393249512 37.957202911377 37.4069061279297 37.0850372314453 36.881591796875 36.4522857666016 35.9097785949707 36.0505027770996 36.2665176391602 37.5021858215332 37.9601516723633 36.3641357421875 36.0224266052246 36.5738792419434 36.7776184082031 36.7435913085938 36.5629501342773 36.1521224975586 35.9369659423828 36.4066581726074 36.2727661132812 36.2488250732422 36.209888458252 35.9871826171875 35.7388114929199 35.9648780822754 36.3771209716797 35.8617935180664 34.9253616333008
38.5606956481934 38.5992088317871 38.6313629150391 38.403434753418 38.1718826293945 38.338508605957 38.5439300537109 38.7196426391602 38.8218460083008 38.9350433349609 38.9254989624023 38.941032409668 39.0226707458496 38.9698867797852 38.8728561401367 38.644847869873 38.6398277282715 38.518310546875 38.3100700378418 37.9862594604492 37.8659744262695 37.202766418457 36.6969833374023 36.2992630004883 36.3006019592285 36.6334228515625 37.5255165100098 37.4485549926758 37.200569152832 37.1145210266113 36.4591484069824 36.4192695617676 36.2600593566895 36.1404266357422 35.523796081543 35.177318572998 35.3753852844238 35.3314170837402 35.5366439819336 35.3665313720703 35.3588638305664 34.6026840209961 35.2155303955078 35.9496612548828 35.7611808776855 34.5376968383789
38.087474822998 38.3799514770508 38.5689125061035 38.4853630065918 38.3206596374512 38.2158050537109 38.2218017578125 38.5485534667969 38.6528472900391 38.8111114501953 38.8899154663086 38.9067535400391 38.9657707214355 38.9867935180664 38.8379707336426 38.754508972168 38.7032203674316 38.6134262084961 38.4809799194336 38.3118057250977 38.1396522521973 37.5398216247559 36.562686920166 36.6430740356445 36.0551452636719 36.5573081970215 37.3931198120117 36.9192008972168 37.0860939025879 37.4924583435059 37.395320892334 37.2733993530273 36.6990203857422 36.3339347839355 34.9855766296387 33.8967323303223 33.954402923584 33.8708305358887 33.8476486206055 34.2504119873047 34.3982925415039 34.5807113647461 34.7557945251465 35.5068016052246 35.3969459533691 35.0742225646973
38.1887016296387 38.2804489135742 38.405574798584 38.3912696838379 38.3668937683105 38.1074104309082 37.9374885559082 37.7189483642578 38.2936935424805 38.7349815368652 38.8590469360352 38.9147186279297 38.9903450012207 38.9940528869629 38.7338447570801 38.3874130249023 38.4205207824707 38.4792175292969 38.5252838134766 38.4244956970215 38.3047637939453 37.964298248291 37.0075263977051 37.2758483886719 36.4515533447266 36.4505615234375 36.5901336669922 36.8710899353027 35.9747543334961 36.5509147644043 36.2347869873047 36.3472633361816 37.4284439086914 37.0603294372559 36.2325477600098 34.3121376037598 33.5588798522949 33.5714454650879 33.0182418823242 33.391284942627 33.9356307983398 33.944938659668 34.028678894043 35.1952171325684 34.8315200805664 34.3910217285156
38.2512092590332 38.1956062316895 38.2524604797363 38.0894889831543 38.2688751220703 38.2001533508301 38.020809173584 37.8005104064941 37.9746742248535 38.5122146606445 38.7362937927246 38.9219093322754 38.9666213989258 38.9432029724121 38.8973960876465 38.5483360290527 38.2274131774902 38.0630035400391 38.3048095703125 38.4194679260254 38.3019256591797 38.190975189209 37.9128837585449 37.4145927429199 36.4923934936523 36.3115386962891 36.2830963134766 36.3693695068359 36.4173126220703 35.9628219604492 35.4733810424805 36.1569442749023 37.1983680725098 36.5597953796387 36.7526397705078 36.2875633239746 35.9277305603027 35.815803527832 34.9677543640137 34.0395851135254 34.6550598144531 34.4052696228027 34.7487297058105 34.9170875549316 34.6716461181641 34.2825126647949
