inst/extdata/Tmax/Tmax144.asc
NCOLS 100 
NROWS 79 
XLLCORNER 148.06 
YLLCORNER -21.49 
CELLSIZE 0.01 
NODATA_value -3.4e+38 
[rows 40 to 59 of 79, columns 46 to 91 of 100]
27.9933967590332 28.9958782196045 29.4342060089111 30.3481273651123 32.0199394226074 33.0341796875 32.5471611022949 30.5759735107422 30.1928424835205 30.8911743164062 31.421178817749 33.2286949157715 32.827033996582 33.0481224060059 32.1786918640137 33.2247734069824 33.4148063659668 33.1103439331055 33.2084083557129 33.3060188293457 33.3091468811035 32.3501167297363 32.7451820373535 33.0676155090332 33.1524124145508 33.2022285461426 33.0921096801758 32.6949996948242 32.8764686584473 33.0708312988281 33.0393104553223 32.8984756469727 32.5844268798828 31.3411960601807 31.6265811920166 32.318187713623 32.2362403869629 32.1517677307129 32.401294708252 31.8586044311523 31.1374053955078 31.620361328125 31.9429492950439 31.7464656829834 32.0158920288086 32.06005859375
29.3508644104004 30.5609512329102 30.4738388061523 30.4276733398438 32.0467758178711 33.3214988708496 32.1444892883301 31.7313537597656 32.3439903259277 32.4270401000977 32.7988166809082 33.5202865600586 33.3956756591797 33.4071807861328 33.2489128112793 33.5642242431641 33.598804473877 33.5233612060547 33.4714508056641 33.4853057861328 33.4547386169434 32.919807434082 32.2023658752441 32.557502746582 32.4700698852539 32.9578514099121 33.2589416503906 32.7724800109863 32.7516098022461 33.1370086669922 33.1748466491699 33.1032943725586 32.9452781677246 32.3480033874512 32.5974998474121 32.6439819335938 32.4403266906738 32.4414710998535 32.5510330200195 32.6812629699707 31.7302188873291 31.9617080688477 32.5754890441895 32.3847732543945 32.5209655761719 32.4597473144531
31.8324089050293 32.0146064758301 32.1994667053223 32.6930236816406 33.032543182373 33.5258293151855 33.0840034484863 32.5269813537598 33.056526184082 33.4682006835938 33.374439239502 33.6946029663086 33.7239608764648 33.6361351013184 33.6011428833008 33.680362701416 33.6845092773438 33.6525421142578 33.6117095947266 33.5918426513672 33.488899230957 32.5417900085449 32.3328323364258 32.8271675109863 32.297004699707 32.7380104064941 33.1722564697266 33.0632858276367 32.9953117370605 33.2379302978516 33.2625122070312 33.2640953063965 33.2309226989746 33.123706817627 33.0308876037598 32.7080764770508 31.8079719543457 32.4040184020996 32.9384689331055 32.9362182617188 32.8082237243652 32.7525634765625 32.8713150024414 32.9063682556152 32.9460983276367 32.8874053955078
33.1094551086426 33.1266326904297 33.258373260498 33.4048004150391 33.6439094543457 33.7165451049805 33.6253852844238 33.3792572021484 33.5517539978027 33.7710113525391 33.7632522583008 33.8083267211914 33.779670715332 33.7345809936523 33.747444152832 33.7104530334473 33.636100769043 33.6029243469238 33.6261558532715 33.6461296081543 33.5880966186523 33.340087890625 33.0759544372559 33.2402954101562 33.0941886901855 32.6376953125 32.9154205322266 33.1746673583984 33.3163604736328 33.3253746032715 33.3215484619141 33.319881439209 33.2957801818848 33.2590942382812 33.2567443847656 33.1130294799805 32.6416435241699 32.9532470703125 33.1339302062988 33.1194229125977 33.0844688415527 33.0825424194336 33.0684127807617 33.0838279724121 33.0880126953125 33.0508804321289
32.9136810302734 33.1897621154785 33.4577827453613 33.4614105224609 33.5140991210938 33.6316108703613 33.6797256469727 33.7453956604004 33.7681846618652 33.7036437988281 33.4816780090332 33.5865173339844 33.5013465881348 33.2277183532715 33.4059219360352 33.5328407287598 33.4091262817383 33.512264251709 33.5966148376465 33.6339111328125 33.6335716247559 33.4929885864258 33.1664428710938 32.8966407775879 33.111083984375 33.2717590332031 33.3077926635742 33.337760925293 33.3319091796875 33.3504486083984 33.3313636779785 33.3256912231445 33.286678314209 33.2498931884766 33.279972076416 33.2224426269531 33.2035255432129 33.2000427246094 33.1444129943848 33.1454849243164 33.1194877624512 33.1059875488281 33.1080322265625 33.0933113098145 32.9980659484863 33.0193824768066
31.0239200592041 31.8418102264404 32.2818374633789 32.5039482116699 32.8850631713867 33.2231025695801 33.1610641479492 33.3626098632812 33.354175567627 33.1797676086426 32.3794746398926 32.3888664245605 32.4632148742676 30.9220848083496 31.9003200531006 32.6818161010742 33.2333374023438 33.561653137207 33.6405067443848 33.6517372131348 33.643970489502 33.4553833007812 33.0048446655273 32.6234474182129 32.884578704834 33.1369018554688 33.2546806335449 33.2281913757324 33.2795295715332 33.3363342285156 33.3351898193359 33.3358459472656 33.3184700012207 33.3112411499023 33.2803039550781 33.1835746765137 33.1738967895508 33.1669502258301 33.1383323669434 33.1301765441895 33.0981826782227 33.0884399414062 33.0769577026367 33.0245018005371 33.0156288146973 33.0328826904297
28.5011787414551 29.8378257751465 29.7364940643311 29.7032508850098 31.0903759002686 31.639554977417 31.7616596221924 32.0311851501465 32.5001029968262 31.8502540588379 31.1451816558838 30.54248046875 31.2255802154541 31.0878677368164 31.5413246154785 32.7222175598145 33.4126358032227 33.5939483642578 33.6152267456055 33.5821304321289 33.614559173584 33.6179122924805 33.1820678710938 32.8193016052246 32.6952171325684 32.9563293457031 33.1540756225586 33.2546043395996 33.3423080444336 33.3455467224121 33.3592720031738 33.369758605957 33.3622169494629 33.3329963684082 33.2539825439453 33.1929817199707 33.1884803771973 33.1843376159668 33.1696434020996 33.1545066833496 33.1213302612305 33.1156387329102 33.1106376647949 33.0758628845215 33.0659408569336 32.9505233764648
28.6227836608887 28.5508785247803 28.3464546203613 28.4292793273926 28.3670215606689 29.1858863830566 30.5025043487549 31.1878967285156 31.3731861114502 31.2370071411133 31.7828044891357 31.6027336120605 31.4306030273438 32.0244369506836 32.3194770812988 33.2049713134766 33.4544067382812 33.4703559875488 33.3942794799805 33.5048980712891 33.609920501709 33.6498107910156 33.4934730529785 33.1703834533691 32.7393188476562 32.9964485168457 33.1783981323242 33.3278465270996 33.3835601806641 33.4047546386719 33.4072265625 33.391975402832 33.3287506103516 33.2558212280273 33.1956176757812 33.1689758300781 33.1818084716797 33.1970024108887 33.1873321533203 33.1728134155273 33.1533203125 33.1540298461914 33.1453514099121 33.1217079162598 32.922061920166 32.7034645080566
28.2042903900146 28.3152370452881 28.5588665008545 28.2562503814697 28.1582508087158 28.2654590606689 29.1887283325195 30.9133815765381 31.4704341888428 31.6499481201172 31.470329284668 31.6581325531006 31.9540462493896 32.2466354370117 32.2984237670898 32.8334274291992 33.2096786499023 33.1974678039551 33.1787605285645 33.4714279174805 33.5642852783203 33.5717010498047 33.6444664001465 33.548168182373 33.4193687438965 33.3708572387695 33.4443588256836 33.4971809387207 33.4887580871582 33.4752311706543 33.4383163452148 33.3748512268066 33.2931594848633 33.1655006408691 33.1262969970703 33.181510925293 33.1922187805176 33.2109680175781 33.2278823852539 33.2135772705078 33.2096939086914 33.2074356079102 33.1909255981445 33.1753997802734 33.0230255126953 32.8900451660156
28.2776317596436 28.468391418457 28.4983062744141 28.1477203369141 28.6798343658447 29.573055267334 29.6888389587402 31.0018005371094 31.4964046478271 31.7043609619141 31.5008735656738 31.9883766174316 32.2691535949707 32.2658729553223 32.3509674072266 32.2358779907227 32.3268508911133 32.5549507141113 32.9231491088867 33.2706451416016 33.356086730957 33.3628807067871 33.5940017700195 33.6296501159668 33.6332817077637 33.5957679748535 33.5556297302246 33.3709259033203 33.4184112548828 33.471134185791 33.4222984313965 33.312614440918 33.2715187072754 33.0808601379395 33.0178680419922 33.1952629089355 33.1981048583984 33.1827697753906 33.2429847717285 33.2506103515625 33.2290458679199 33.2342987060547 33.2195701599121 33.1965522766113 33.1295547485352 33.0595626831055
28.309103012085 28.1833381652832 28.4232521057129 28.1148910522461 28.8195686340332 29.9932479858398 30.365535736084 30.9783134460449 31.7129859924316 32.1742477416992 32.1846694946289 32.3036956787109 32.3719863891602 32.3958358764648 32.3763122558594 32.3109245300293 32.3707122802734 32.0870704650879 31.7215824127197 32.8767776489258 32.7485008239746 33.1842765808105 33.5085487365723 33.5575866699219 33.5961837768555 33.564582824707 33.4778861999512 33.243465423584 33.3780174255371 33.4663848876953 33.291675567627 33.130012512207 33.1481323242188 33.130672454834 33.1649131774902 33.2448501586914 33.2540740966797 33.241569519043 33.2414474487305 33.276969909668 33.2719573974609 33.2585182189941 33.2398376464844 33.2124938964844 33.1778793334961 33.0893020629883
27.829761505127 27.8037071228027 28.2226524353027 27.5404930114746 27.70725440979 29.8646869659424 30.6798858642578 31.3431396484375 31.6944103240967 31.9847717285156 32.0410537719727 32.0412979125977 31.8304824829102 31.8256244659424 32.0957641601562 32.2213020324707 32.5582237243652 32.4750099182129 32.278263092041 32.313907623291 32.1395263671875 32.9376487731934 33.3410301208496 33.5067863464355 33.5030860900879 33.5030822753906 33.1373748779297 32.7538604736328 33.3475189208984 33.4667053222656 33.178466796875 32.8835754394531 33.1369552612305 33.1887435913086 33.221134185791 33.1894760131836 33.1887283325195 33.1943893432617 33.2178955078125 33.2098388671875 33.2227401733398 33.2611236572266 33.2542762756348 33.2299728393555 33.19921875 33.1310043334961
27.4219932556152 27.2660579681396 27.7812595367432 27.6503276824951 27.7483711242676 28.8377552032471 29.9435424804688 30.6417675018311 31.1485824584961 31.5259017944336 31.46462059021 31.3863868713379 31.4491176605225 31.7396221160889 32.4978485107422 32.5956268310547 32.7774658203125 32.6710472106934 32.5796279907227 32.3996086120605 32.137866973877 32.8110160827637 33.2565383911133 33.4414520263672 33.3683280944824 33.4466857910156 33.0458679199219 32.0963478088379 33.0928039550781 33.4422035217285 33.1580429077148 32.9268417358398 33.1304664611816 33.0744743347168 33.0092430114746 33.0370635986328 33.0891799926758 33.0281372070312 32.9553375244141 32.945140838623 33.0607986450195 33.157829284668 33.2510604858398 33.2392654418945 33.2123069763184 33.1671981811523
28.6397094726562 27.5130882263184 27.6348876953125 28.0760269165039 28.4919815063477 29.6523189544678 29.7303657531738 30.5684986114502 31.4092235565186 31.7558174133301 32.116081237793 32.2210350036621 32.3538703918457 32.580883026123 32.7681884765625 32.8038024902344 32.7463912963867 32.8161659240723 32.7738876342773 32.5263938903809 32.307014465332 32.3310050964355 32.8636131286621 33.0876960754395 33.0019073486328 33.4200592041016 33.3020477294922 32.6403884887695 33.1759300231934 33.4330062866211 33.1925239562988 33.015022277832 32.9340400695801 32.603084564209 32.7965278625488 32.7352142333984 32.7492485046387 32.3367004394531 32.4449882507324 31.4314632415771 32.7933959960938 33.0563430786133 33.2425308227539 33.2569122314453 33.2360153198242 33.1921577453613
29.400993347168 28.3041152954102 27.7259712219238 28.6102561950684 29.3240623474121 30.1144638061523 30.1989192962646 30.7053203582764 31.5087356567383 31.9470119476318 31.990608215332 32.0036773681641 32.428050994873 32.6001815795898 32.7073516845703 32.6829490661621 32.8910675048828 33.0209922790527 32.9826126098633 32.7184867858887 32.5301284790039 32.4431495666504 32.5710067749023 32.5747337341309 32.5393142700195 33.2228622436523 33.3937873840332 33.0843200683594 32.7712783813477 33.3021659851074 32.8257713317871 32.0218772888184 32.6487922668457 32.8159637451172 33.1134376525879 33.1209831237793 33.0853881835938 33.0576019287109 32.8383827209473 31.8512763977051 32.6721801757812 33.0089454650879 33.190071105957 33.2434005737305 33.2441902160645 33.204418182373
29.4429473876953 28.4898719787598 27.8676490783691 29.2949447631836 30.3635635375977 30.8257236480713 31.6161880493164 31.8613090515137 32.0802001953125 32.1943778991699 31.9902267456055 31.9425239562988 32.521671295166 32.6098518371582 32.6158866882324 32.6837997436523 32.7967185974121 32.779296875 33.3135986328125 33.0553131103516 32.751636505127 32.5941505432129 32.5624465942383 32.3910179138184 32.3940200805664 33.0219573974609 33.3672485351562 33.2598762512207 33.0977478027344 33.4008979797363 32.6823959350586 31.5850696563721 32.0963134765625 32.7929916381836 32.8350944519043 32.4453392028809 32.5107460021973 33.0561637878418 33.1819114685059 33.1472816467285 33.1851692199707 33.1816024780273 33.2010154724121 33.2057304382324 33.236701965332 33.2194137573242
29.2935905456543 28.2205467224121 27.6986961364746 29.046257019043 30.4517135620117 30.8310699462891 30.2137145996094 31.6442394256592 31.5863456726074 30.9990634918213 32.0028305053711 32.2214317321777 32.2407150268555 32.2998695373535 32.3148536682129 32.5301399230957 32.6612319946289 32.7742233276367 33.2743072509766 33.3895645141602 33.1667556762695 32.8416442871094 32.6592330932617 32.5712127685547 32.3189315795898 32.7870712280273 33.2469062805176 33.2499008178711 33.4301147460938 33.4810333251953 32.9310417175293 31.1643733978271 31.8344707489014 31.3419399261475 31.7018928527832 30.9913940429688 31.9580688476562 33.0224342346191 33.1457366943359 33.2141151428223 33.2295379638672 33.1481285095215 33.0427742004395 33.1582641601562 33.1904067993164 33.1911430358887
29.2602348327637 28.430233001709 28.4980201721191 29.0644454956055 30.0754890441895 30.5282936096191 30.9864311218262 31.2348766326904 29.8533325195312 29.7559604644775 31.3892860412598 30.3393135070801 30.7267036437988 31.1938056945801 31.9488525390625 32.4299011230469 32.5852584838867 32.806266784668 33.1569595336914 33.2824935913086 33.3212471008301 33.063404083252 32.7193756103516 32.7820777893066 32.6450462341309 32.8719940185547 32.8585090637207 32.6761665344238 33.2227783203125 33.401008605957 33.1409187316895 32.4255867004395 30.9651184082031 28.9425487518311 29.136962890625 30.8760566711426 32.3522148132324 32.9820022583008 33.100341796875 33.0459327697754 33.0461921691895 32.8178977966309 32.6977119445801 33.081241607666 32.822380065918 32.8813285827637
29.2290477752686 28.8290557861328 28.602970123291 28.9431819915771 29.6121139526367 30.476619720459 30.6516609191895 30.2014694213867 29.690013885498 30.5965347290039 31.1082286834717 30.0482215881348 30.3924999237061 30.8433876037598 31.8419322967529 32.2593841552734 32.565299987793 33.015079498291 33.4339370727539 33.2453536987305 33.0917778015137 33.3874740600586 33.1135406494141 32.9124603271484 32.7373886108398 32.7195281982422 32.791805267334 32.6801795959473 33.0059928894043 33.3388938903809 33.3534812927246 32.8268127441406 32.0992012023926 30.4208850860596 29.8033275604248 30.9389610290527 32.3511352539062 32.9251174926758 32.9906272888184 32.5201148986816 32.7842903137207 32.9712448120117 32.7627182006836 32.8311767578125 32.5043258666992 32.7613296508789
28.8441543579102 28.608470916748 28.0831604003906 28.4546089172363 29.2975311279297 29.4714164733887 29.929630279541 30.2803840637207 30.5870056152344 30.6937561035156 31.0518989562988 31.2749919891357 31.9649105072021 32.0534553527832 32.2008743286133 31.7160930633545 32.7037544250488 33.0833625793457 33.2908134460449 32.9905624389648 33.092830657959 33.2848129272461 33.3766899108887 33.3038482666016 32.9962615966797 32.9109649658203 32.5341682434082 32.6889762878418 33.0846099853516 33.1594200134277 33.2890625 33.3233795166016 32.7588996887207 32.0804481506348 31.162914276123 30.8696918487549 32.0428161621094 32.8340034484863 32.3354682922363 31.7984828948975 32.726676940918 32.987060546875 32.7049789428711 31.9201164245605 32.2818756103516 32.8059997558594
