inst/extdata/Tmax/Tmax140.asc
NCOLS 100 
NROWS 79 
XLLCORNER 148.06 
YLLCORNER -21.49 
CELLSIZE 0.01 
NODATA_value -3.4e+38 
[rows 40 to 59 of 79, columns 46 to 91 of 100]
33.9132499694824 34.8797454833984 35.300178527832 36.1785621643066 37.8229293823242 38.8292236328125 38.3390464782715 36.3821868896484 36.0116157531738 36.6849632263184 37.1919631958008 39.0140266418457 38.6108779907227 38.8350982666016 37.9593811035156 39.0079650878906 39.2021560668945 38.8988494873047 39.001537322998 39.104133605957 39.1024856567383 38.1373291015625 38.5438194274902 38.8742370605469 38.9645233154297 39.010311126709 38.9051399230957 38.5097389221191 38.6959571838379 38.8902587890625 38.8298759460449 38.6677780151367 38.3286666870117 37.0394172668457 37.3058815002441 37.9915733337402 37.8893127441406 37.7846603393555 38.0222702026367 37.4479598999023 36.696949005127 37.1584854125977 37.475341796875 37.2571907043457 37.5202941894531 37.5425071716309
35.2324905395508 36.3954315185547 36.3096694946289 36.2634544372559 37.8678092956543 39.1374168395996 37.9526977539062 37.5351791381836 38.1514472961426 38.2347450256348 38.6000633239746 39.327579498291 39.203441619873 39.2167625427246 39.0594329833984 39.3700218200684 39.4077033996582 39.3351860046387 39.2867584228516 39.3049430847168 39.2694320678711 38.7347869873047 38.0094947814941 38.3758354187012 38.2914199829102 38.7828598022461 39.0924911499023 38.6034660339355 38.583610534668 38.9725685119629 38.9828186035156 38.8917274475098 38.7126197814941 38.0841941833496 38.321891784668 38.3420181274414 38.1163673400879 38.1001968383789 38.1947059631348 38.3101425170898 37.3089561462402 37.5321846008301 38.1446304321289 37.936092376709 38.0607109069824 37.9758682250977
37.6814842224121 37.8611755371094 38.044002532959 38.5376586914062 38.8771896362305 39.3625602722168 38.9168319702148 38.3549308776855 38.888126373291 39.3031234741211 39.1995048522949 39.5231094360352 39.5540924072266 39.467342376709 39.4342231750488 39.5069541931152 39.5140686035156 39.4852294921875 39.4478797912598 39.4321556091309 39.3236923217773 38.3692932128906 38.1599617004395 38.6678504943848 38.1320648193359 38.5780029296875 39.0208206176758 38.9119529724121 38.8445434570312 39.0900535583496 39.0872459411621 39.0704879760742 39.018627166748 38.8919639587402 38.7800216674805 38.4248313903809 37.4823722839355 38.0802803039551 38.6075248718262 38.5884628295898 38.4335021972656 38.3615989685059 38.466365814209 38.4873809814453 38.5136795043945 38.4323654174805
38.9929389953613 39.0074844360352 39.1376609802246 39.2830619812012 39.5222969055176 39.584587097168 39.4918060302734 39.2431564331055 39.4168968200684 39.6382369995117 39.6212730407715 39.6676826477051 39.6401596069336 39.5964775085449 39.6115264892578 39.5670280456543 39.4949722290039 39.4649314880371 39.4921646118164 39.5164985656738 39.4530448913574 39.2066650390625 38.9434432983398 39.1142578125 38.9712905883789 38.5004920959473 38.7845077514648 39.0483512878418 39.1922836303711 39.2024574279785 39.1723098754883 39.1526260375977 39.1103324890137 39.0554542541504 39.035457611084 38.8632507324219 38.3672103881836 38.6679801940918 38.833854675293 38.8030586242676 38.7424049377441 38.7253341674805 38.6964988708496 38.6981811523438 38.689136505127 38.6300773620605
38.8144378662109 39.0897369384766 39.3574485778809 39.3591041564941 39.41064453125 39.518238067627 39.5659523010254 39.6317138671875 39.6545219421387 39.5895805358887 39.3563804626465 39.4632568359375 39.3785552978516 39.1035461425781 39.2858734130859 39.4069061279297 39.2848281860352 39.3924293518066 39.4813575744629 39.523136138916 39.5171279907227 39.378833770752 39.052604675293 38.7830581665039 39.0038604736328 39.1579246520996 39.1953735351562 39.2266731262207 39.2220153808594 39.2418937683105 39.1973571777344 39.1741371154785 39.1171226501465 39.0625610351562 39.076000213623 38.9913291931152 38.9555854797363 38.935619354248 38.863468170166 38.8489227294922 38.7978286743164 38.7696990966797 38.757869720459 38.7299499511719 38.6218490600586 38.6217842102051
36.926944732666 37.7488899230957 38.1899452209473 38.4116020202637 38.7943916320801 39.124683380127 39.0610046386719 39.2640037536621 39.2552490234375 39.0789451599121 38.2588386535645 38.2687225341797 38.3449401855469 36.7747116088867 37.7740745544434 38.562385559082 39.1251182556152 39.460750579834 39.5440979003906 39.5595817565918 39.545223236084 39.3582992553711 38.9053153991699 38.5192337036133 38.7868194580078 39.0349006652832 39.1552658081055 39.1298789978027 39.183032989502 39.2416610717773 39.2163581848145 39.199779510498 39.1650466918945 39.1409301757812 39.0928421020508 38.9688682556152 38.9429473876953 38.9200134277344 38.8757476806641 38.8524284362793 38.7958145141602 38.7721862792969 38.747142791748 38.6817626953125 38.6606826782227 38.6570892333984
34.4560165405273 35.7477378845215 35.6476097106934 35.6134948730469 36.995777130127 37.5401611328125 37.6619262695312 37.9337615966797 38.4083862304688 37.7480773925781 37.0198669433594 36.4035339355469 37.1003646850586 36.9592895507812 37.4233474731445 38.6206474304199 39.3246421813965 39.511417388916 39.5366020202637 39.5064353942871 39.5326538085938 39.5394897460938 39.1006698608398 38.732120513916 38.6063652038574 38.8644790649414 39.0667915344238 39.169849395752 39.2598762512207 39.2646446228027 39.2555541992188 39.249267578125 39.2249603271484 39.1787300109863 39.0823936462402 38.9949378967285 38.9745178222656 38.954833984375 38.9250411987305 38.8950881958008 38.8378639221191 38.8185806274414 38.8004951477051 38.753116607666 38.7313652038574 38.5945014953613
34.5804748535156 34.507926940918 34.3068199157715 34.3846092224121 34.321647644043 35.1050262451172 36.3980331420898 37.0930099487305 37.2797355651855 37.1395492553711 37.6851654052734 37.5011291503906 37.3250885009766 37.9319953918457 38.2343139648438 39.1285743713379 39.3844032287598 39.4037399291992 39.3299560546875 39.44482421875 39.5445365905762 39.587272644043 39.4296073913574 39.1025657653809 38.664005279541 38.9181442260742 39.1044006347656 39.2570190429688 39.314640045166 39.337516784668 39.3189239501953 39.286750793457 39.2060470581055 39.11572265625 39.0387191772461 38.9863395690918 38.9839057922363 38.9843597412109 38.9598617553711 38.9309043884277 38.8878631591797 38.8754081726074 38.8539695739746 38.8179702758789 38.6046752929688 38.3619804382324
34.1918106079102 34.2966041564941 34.5304107666016 34.2338943481445 34.1360092163086 34.2276573181152 35.1236763000488 36.8386650085449 37.4043121337891 37.5859565734863 37.3920631408691 37.5831031799316 37.8853149414062 38.1847229003906 38.2388000488281 38.7770767211914 39.1627388000488 39.1533050537109 39.1368865966797 39.4370040893555 39.5237426757812 39.5314750671387 39.6054382324219 39.5085411071777 39.3788757324219 39.320873260498 39.3963241577148 39.4507713317871 39.4435882568359 39.4314804077148 39.3744659423828 39.2934913635254 39.1941986083984 39.0482711791992 38.9927444458008 39.0239753723145 39.0197372436523 39.024169921875 39.0269546508789 38.9985198974609 38.9713249206543 38.9561653137207 38.9269523620605 38.8992614746094 38.7282943725586 38.5604820251465
34.2693176269531 34.45166015625 34.4780769348145 34.1347427368164 34.6495933532715 35.5056266784668 35.6167869567871 36.9434623718262 37.4459457397461 37.6567497253418 37.4382629394531 37.9358024597168 38.222713470459 38.2200202941895 38.308048248291 38.1820373535156 38.2770080566406 38.5128593444824 38.8914337158203 39.2480010986328 39.3252983093262 39.3324279785156 39.5673141479492 39.6037559509277 39.6079978942871 39.5610313415527 39.5213661193848 39.3358955383301 39.3853645324707 39.4400444030762 39.3721046447754 39.2441825866699 39.1864395141602 38.9760437011719 38.8962631225586 39.0527267456055 39.0407676696777 39.0107116699219 39.0578231811523 39.051887512207 39.0070610046387 38.9996185302734 38.9721412658691 38.9260749816895 38.8352928161621 38.7310066223145
34.3061447143555 34.1811141967773 34.411491394043 34.1090698242188 34.7918701171875 35.9344863891602 36.3110389709473 36.9339065551758 37.6819725036621 38.1515426635742 38.1518630981445 38.2732086181641 38.3432197570801 38.3682479858398 38.3492202758789 38.2739524841309 38.3369293212891 38.0469017028809 37.6713371276855 38.8583221435547 38.7173194885254 39.1631050109863 39.4932403564453 39.5433807373047 39.5830764770508 39.5419845581055 39.4552192687988 39.2188682556152 39.3567504882812 39.4475936889648 39.2522506713867 39.0710487365723 39.0739974975586 39.0407447814941 39.0605850219727 39.117603302002 39.1123504638672 39.0852432250977 39.0712890625 39.0937881469727 39.0659561157227 39.0335426330566 38.9921722412109 38.9413986206055 38.8827629089355 38.7595863342285
33.8467330932617 33.8183517456055 34.2227516174316 33.5564117431641 33.7158813476562 35.8165512084961 36.6460227966309 37.3209457397461 37.6778526306152 37.9732131958008 38.0202484130859 38.0199890136719 37.8037719726562 37.798698425293 38.0764083862305 38.1966819763184 38.5435981750488 38.4593849182129 38.2563858032227 38.2924575805664 38.1027679443359 38.9231376647949 39.3352699279785 39.5041198730469 39.5009307861328 39.4918746948242 39.1212730407715 38.7302742004395 39.3376159667969 39.4597930908203 39.1494178771973 38.8307838439941 39.0757827758789 39.1134796142578 39.1315803527832 39.0748062133789 39.0596580505371 39.0513191223145 39.0615463256836 39.0376968383789 39.019214630127 39.0358467102051 39.0059547424316 38.9579086303711 38.9029846191406 38.7997970581055
33.474063873291 33.3411903381348 33.7996368408203 33.6693115234375 33.7619819641113 34.8099708557129 35.9065017700195 36.6177673339844 37.1339454650879 37.5183601379395 37.4444961547852 37.3630065917969 37.4264831542969 37.724536895752 38.5032997131348 38.5951652526855 38.7824401855469 38.6724319458008 38.5778770446777 38.3921318054199 38.1122093200684 38.8049163818359 39.2610130310059 39.4496994018555 39.3758239746094 39.446475982666 39.0391616821289 38.0617599487305 39.0899085998535 39.4465484619141 39.1410827636719 38.8877754211426 39.0818023681641 39.009334564209 38.9275016784668 38.931957244873 38.9711303710938 38.8947296142578 38.7993583679199 38.767749786377 38.8544692993164 38.9307060241699 39.0020637512207 38.9663162231445 38.9147109985352 38.8345832824707
34.6566162109375 33.5654411315918 33.6740417480469 34.1004257202148 34.5026969909668 35.6354904174805 35.7112655639648 36.5663299560547 37.4249267578125 37.7781562805176 38.1363258361816 38.2432022094727 38.3791465759277 38.6120910644531 38.8048515319824 38.8323669433594 38.7724685668945 38.8430404663086 38.7988014221191 38.5438079833984 38.3074836730957 38.3318557739258 38.8801383972168 39.1101150512695 39.0228309631348 39.4406204223633 39.3213157653809 38.6445159912109 39.1952438354492 39.4581451416016 39.198299407959 39.000316619873 38.9017333984375 38.5447006225586 38.730224609375 38.6429634094238 38.6389274597168 38.1910285949707 38.2829322814941 37.2034111022949 38.5900421142578 38.8365669250488 39.0020446777344 38.9925727844238 38.9467391967773 38.8674278259277
35.4252700805664 34.3337898254395 33.7685852050781 34.6262397766113 35.3262939453125 36.1215972900391 36.2041854858398 36.7198028564453 37.5407409667969 37.988151550293 38.0218620300293 38.034309387207 38.4693870544434 38.6461296081543 38.7565612792969 38.7204818725586 38.9326362609863 39.0646438598633 39.0244293212891 38.7525672912598 38.5484466552734 38.4583396911621 38.5899772644043 38.593921661377 38.5576782226562 39.2505760192871 39.4255867004395 39.1108551025391 38.7908897399902 39.335750579834 38.8321418762207 37.9808731079102 38.6185188293457 38.776683807373 39.06591796875 39.0431671142578 38.9857559204102 38.9359664916992 38.6896553039551 37.6444282531738 38.4654884338379 38.7879638671875 38.948356628418 38.9780120849609 38.9538879394531 38.8781890869141
35.4809951782227 34.5203094482422 33.9123344421387 35.3138236999512 36.403564453125 36.8632049560547 37.6695289611816 37.9180908203125 38.1403045654297 38.255744934082 38.0353050231934 37.985179901123 38.5793952941895 38.6698875427246 38.6747360229492 38.7329521179199 38.8473663330078 38.8280868530273 39.3747444152832 39.1094703674316 38.7873077392578 38.6246299743652 38.5916633605957 38.414493560791 38.4176292419434 39.0554389953613 39.4091033935547 39.3004455566406 39.1358032226562 39.4462547302246 38.6948547363281 37.5338668823242 38.0533332824707 38.7578353881836 38.7808799743652 38.3473129272461 38.3945732116699 38.9354400634766 39.041919708252 38.9842720031738 38.9902114868164 38.9632911682129 38.9589576721191 38.9392585754395 38.9453201293945 38.8921012878418
35.3409004211426 34.2643280029297 33.753719329834 35.0713577270508 36.5068626403809 36.8819160461426 36.2449188232422 37.709415435791 37.6475601196289 37.0417327880859 38.0617828369141 38.2852210998535 38.3043098449707 38.3635482788086 38.3765678405762 38.586311340332 38.719367980957 38.8340301513672 39.3458709716797 39.4628524780273 39.2242774963379 38.8899803161621 38.701732635498 38.6106758117676 38.3496932983398 38.823974609375 39.2964859008789 39.3002395629883 39.4847564697266 39.5374488830566 38.963207244873 37.0979309082031 37.7820167541504 37.2455368041992 37.6032371520996 36.827507019043 37.820930480957 38.9017105102539 39.0056762695312 39.0528259277344 39.0355072021484 38.9292984008789 38.7983665466309 38.8910675048828 38.8982086181641 38.8629608154297
35.3192672729492 34.4740600585938 34.5372734069824 35.1020812988281 36.1340026855469 36.5844345092773 37.05078125 37.302604675293 35.8789329528809 35.7747917175293 37.4438896179199 36.3593673706055 36.7557640075684 37.234188079834 38.0103912353516 38.4941482543945 38.6521835327148 38.8779029846191 39.2366561889648 39.3642120361328 39.3932304382324 39.1282386779785 38.7737655639648 38.8380126953125 38.6966094970703 38.9210357666016 38.9075202941895 38.7199859619141 39.282772064209 39.4624176025391 39.1825294494629 38.4216194152832 36.8719177246094 34.787956237793 34.9653244018555 36.7088432312012 38.2329635620117 38.8614692687988 38.9602546691895 38.8820724487305 38.849422454834 38.5929565429688 38.446216583252 38.8128929138184 38.5250053405762 38.5497131347656
35.3099632263184 34.8941879272461 34.6564865112305 34.9998474121094 35.6811218261719 36.5541801452637 36.7298927307129 36.2631950378418 35.7328147888184 36.662410736084 37.1768493652344 36.0803413391113 36.4309844970703 36.8925361633301 37.9206848144531 38.3390197753906 38.6522102355957 39.1131477355957 39.5411682128906 39.3467216491699 39.1782188415527 39.4804573059082 39.1989593505859 38.9917602539062 38.8109855651855 38.7827186584473 38.8574600219727 38.7405738830566 39.0734977722168 39.4110641479492 39.4125137329102 38.8499374389648 38.073371887207 36.2918090820312 35.6394233703613 36.7868194580078 38.2428359985352 38.813793182373 38.8585052490234 38.3522071838379 38.5917053222656 38.7595100402832 38.5225677490234 38.5683784484863 38.2092781066895 38.4372367858887
34.9276084899902 34.6798439025879 34.1558227539062 34.5145683288574 35.3700675964355 35.5337371826172 35.9999771118164 36.3564605712891 36.6681900024414 36.7746315002441 37.1309127807617 37.3567314147949 38.0646057128906 38.1526679992676 38.3017044067383 37.7883338928223 38.8053779602051 39.1939392089844 39.4051971435547 39.0953712463379 39.189395904541 39.3853569030762 39.4786376953125 39.4033508300781 39.0870170593262 38.9879608154297 38.5955505371094 38.7524490356445 39.1566162109375 39.2297325134277 39.3486328125 39.364086151123 38.7614555358887 38.0359268188477 37.0549278259277 36.7168235778809 37.9241065979004 38.7215385437012 38.1848182678223 37.6043891906738 38.5334625244141 38.7764015197754 38.4641227722168 37.630298614502 37.9807777404785 38.4830589294434
