inst/extdata/Tmax/Tmax85.asc
NCOLS 100 
NROWS 79 
XLLCORNER 148.06 
YLLCORNER -21.49 
CELLSIZE 0.01 
NODATA_value -3.4e+38 
[rows 20 to 39 of 79, columns 0 to 45 of 100]
33.618965148925803 33.648509979248 33.6357650756836 33.5911064147949 33.6035804748535 33.7120780944824 33.6330909729004 33.5593032836914 33.4912261962891 33.3958473205566 33.2160606384277 32.8222503662109 32.376766204834 31.7385921478271 30.4372901916504 30.0113258361816 29.9394378662109 30.8990039825439 31.9149150848389 32.3284950256348 32.3361892700195 32.3450050354004 32.6638221740723 32.6802597045898 32.5232276916504 32.2376556396484 31.6457481384277 30.7516937255859 31.2592792510986 31.3132419586182 31.8843803405762 31.8918380737305 32.0282821655273 31.9953651428223 31.9557113647461 31.7013988494873 31.2999629974365 31.3025074005127 30.8362598419189 31.0842380523682 30.8570518493652 30.1561679840088 30.3642730712891 30.4042835235596 30.5371952056885 30.573787689209
33.7032852172852 33.7569236755371 33.7563171386719 33.7103424072266 33.705924987793 33.7009315490723 33.5689506530762 33.4902458190918 33.4637641906738 33.3970947265625 33.2720718383789 33.1010131835938 32.870777130127 31.9437999725342 30.4628410339355 30.1413116455078 30.3754234313965 31.1783504486084 31.6652660369873 32.0231552124023 32.1377334594727 32.0494155883789 32.5563697814941 32.6807861328125 32.4836578369141 32.4889526367188 32.4513702392578 31.7071380615234 31.5473613739014 32.0387115478516 32.1430015563965 32.0328788757324 31.7054023742676 31.1171321868896 31.1247100830078 31.0924377441406 31.5272274017334 30.8369541168213 30.4477005004883 30.7347526550293 30.3563842773438 30.4286918640137 30.1578025817871 29.2824077606201 29.5818481445312 30.217945098877
33.777702331543 33.8176307678223 33.8140029907227 33.7890739440918 33.7614936828613 33.7217483520508 33.5498390197754 33.4263877868652 33.3708076477051 33.3363304138184 33.2202453613281 33.1510925292969 32.9765739440918 32.3728485107422 31.2701301574707 30.441478729248 29.8030319213867 30.2888469696045 30.8454246520996 31.6303596496582 31.7325477600098 31.8478469848633 32.4678573608398 32.2507820129395 31.8400402069092 32.1864051818848 32.247989654541 32.3179588317871 32.0339164733887 32.0613059997559 31.7949619293213 31.6077518463135 31.0516529083252 30.7232875823975 30.4912128448486 30.6884994506836 30.616735458374 30.0713119506836 30.0337810516357 29.9462413787842 29.6410255432129 28.9119453430176 29.6568870544434 29.3703212738037 28.416618347168 29.7689571380615
33.7783355712891 33.8020858764648 33.8083457946777 33.7899169921875 33.7399826049805 33.7223052978516 33.649471282959 33.360279083252 33.253288269043 33.2691040039062 33.0900192260742 32.9063987731934 33.0015869140625 32.6265296936035 31.84765625 31.06884765625 30.2498435974121 29.9548072814941 30.5449638366699 30.8468818664551 31.3718967437744 32.3450965881348 32.0935707092285 31.4917736053467 31.6271915435791 31.7604885101318 31.45361328125 32.3655815124512 32.3788414001465 32.2334365844727 32.0020980834961 30.944091796875 30.6173648834229 30.8017902374268 31.113899230957 30.6631164550781 29.7773056030273 29.2459812164307 29.9327259063721 29.4352169036865 28.7296581268311 27.3464546203613 28.1453742980957 29.2786407470703 27.5315647125244 28.8052234649658
33.7396850585938 33.7905311584473 33.8095779418945 33.7672691345215 33.7184448242188 33.7089462280273 33.7081146240234 33.5332107543945 33.3579788208008 33.1877822875977 33.0828552246094 33.0434494018555 32.8693389892578 32.5316543579102 31.779914855957 31.091911315918 30.3531494140625 29.9852638244629 30.1791915893555 30.1729545593262 31.3472461700439 32.1569709777832 31.0746364593506 30.5402545928955 31.3265953063965 31.2963829040527 31.4678478240967 32.1781768798828 32.4032897949219 32.0239295959473 31.9595031738281 31.7281169891357 31.6904697418213 31.7352409362793 31.4113578796387 31.1067905426025 30.7136764526367 29.6370182037354 29.4131317138672 29.1559219360352 27.4834423065186 26.9139308929443 27.3426876068115 29.1119976043701 27.2004261016846 27.5493392944336
33.7098808288574 33.7231025695801 33.7227249145508 33.6872749328613 33.6869049072266 33.6837539672852 33.7051086425781 33.657585144043 33.5065574645996 33.2664794921875 33.074047088623 32.9396324157715 32.7890434265137 32.3390197753906 31.893798828125 31.3420867919922 30.7324485778809 30.3931636810303 30.8314399719238 31.511754989624 31.4908981323242 31.3935432434082 30.9118900299072 29.6601943969727 30.1555767059326 30.9029922485352 31.0423336029053 32.228199005127 32.3971672058105 32.0376129150391 31.1835975646973 31.7652893066406 31.6261615753174 31.4943466186523 31.2234897613525 30.9084930419922 30.7854709625244 29.3592929840088 28.1130390167236 28.4998302459717 27.0939102172852 27.9028644561768 28.2414073944092 29.120719909668 28.1327590942383 27.0796508789062
33.6152305603027 33.6354751586914 33.6315383911133 33.6316070556641 33.6163063049316 33.6063804626465 33.6877059936523 33.6853179931641 33.548885345459 33.1389579772949 33.0308837890625 32.7701683044434 32.7608375549316 32.3879508972168 31.6472511291504 30.5919914245605 30.2144508361816 30.4017562866211 30.8618850708008 30.7651481628418 30.9441413879395 31.8155136108398 31.6663703918457 30.1821022033691 29.7779064178467 30.6833362579346 31.4543170928955 32.300537109375 32.3697052001953 32.1481246948242 31.3315277099609 30.9563999176025 31.6963787078857 31.1717414855957 30.739107131958 29.9344310760498 29.6565132141113 29.7572345733643 28.7260494232178 27.4534282684326 27.0510120391846 27.3575820922852 27.2571640014648 28.2684688568115 27.3458633422852 26.7033843994141
33.4827156066895 33.4971656799316 33.5185165405273 33.5571937561035 33.5690078735352 33.6159553527832 33.7000503540039 33.6890640258789 33.6144485473633 33.4223899841309 33.1823997497559 32.9226722717285 32.8001098632812 32.6008644104004 31.6921310424805 30.5663776397705 30.2426300048828 30.1919193267822 30.3144550323486 30.2871894836426 31.3981075286865 32.0207557678223 31.4860954284668 30.6384315490723 30.0757541656494 30.2977161407471 30.40944480896 31.9303855895996 32.2616577148438 32.1366577148438 31.3561954498291 31.2677135467529 31.5402221679688 30.8165721893311 30.1392307281494 29.5802021026611 28.691577911377 29.3790397644043 29.2126083374023 27.4289627075195 26.9884128570557 27.1711559295654 27.0823783874512 27.659143447876 27.0712738037109 26.7675228118896
32.9852485656738 32.9351692199707 33.195011138916 33.4938468933105 33.6142120361328 33.6837501525879 33.7105560302734 33.6876182556152 33.5570487976074 33.4454574584961 33.2789268493652 32.7548027038574 32.841236114502 32.687442779541 32.1761894226074 30.9811382293701 30.2637634277344 29.7585296630859 30.0636196136475 30.9283332824707 31.4206676483154 31.7708129882812 30.9146862030029 30.1976566314697 30.0107440948486 30.1488513946533 30.5661792755127 31.4405746459961 32.1685028076172 32.2186431884766 31.7091445922852 31.4483604431152 31.0220680236816 30.0195789337158 28.8791599273682 28.4615364074707 28.1428108215332 28.3372421264648 28.4825115203857 28.0843486785889 27.5602684020996 27.6813545227051 27.4076709747314 27.1848278045654 27.1887741088867 27.1160106658936
32.1060333251953 32.9696502685547 33.2908477783203 33.0169486999512 33.5625534057617 33.6997566223145 33.717113494873 33.6917266845703 33.4843559265137 33.3334922790527 33.3189926147461 33.0571937561035 32.816780090332 32.6798629760742 32.4246711730957 31.913553237915 31.363317489624 30.011209487915 30.3225021362305 30.3951473236084 30.5402393341064 31.4648952484131 31.0401496887207 30.2385730743408 30.0296802520752 29.8170146942139 29.781810760498 31.397632598877 32.2062759399414 32.2709541320801 31.4696788787842 30.5212268829346 30.2111759185791 29.860481262207 29.5927829742432 28.5985870361328 28.5316867828369 28.120792388916 27.7046661376953 27.9496250152588 29.7016735076904 29.7737941741943 28.6723747253418 27.255334854126 28.2778491973877 28.3758411407471
32.413158416748 33.2890701293945 33.3063049316406 32.7597465515137 33.5254287719727 33.6961288452148 33.738224029541 33.7078742980957 33.6396675109863 33.4104843139648 33.2993621826172 33.231086730957 33.0499649047852 32.8395080566406 32.5450782775879 31.9675197601318 31.1521682739258 30.7078704833984 30.2504463195801 30.4959545135498 30.5654373168945 30.9972515106201 30.3906154632568 30.2147922515869 29.9087142944336 29.2794704437256 29.5529346466064 31.2918701171875 32.1015968322754 32.1360969543457 32.1110191345215 31.9401569366455 30.8491859436035 29.9177055358887 29.8432464599609 29.3631782531738 29.4938087463379 29.2986259460449 28.877649307251 29.3463096618652 30.7735347747803 30.8228530883789 30.4053993225098 29.8462791442871 29.7221946716309 29.1408386230469
33.1834602355957 33.445369720459 33.4986915588379 33.4851684570312 33.5578804016113 33.6923828125 33.7157669067383 33.6982078552246 33.6392707824707 33.5612754821777 33.3757286071777 33.3141059875488 33.2109375 33.0028419494629 32.733829498291 32.2514038085938 31.4161739349365 30.9958477020264 30.3001937866211 30.184700012207 30.2462043762207 30.6771583557129 30.3017807006836 30.0404319763184 29.9709243774414 29.9916038513184 30.7708930969238 31.8048896789551 32.1607780456543 31.6577816009521 31.5658512115479 31.5702266693115 31.7632789611816 31.2688808441162 30.9946136474609 30.2446193695068 31.2389354705811 31.0840644836426 31.0459384918213 31.0503063201904 30.8191432952881 29.9431095123291 29.0164432525635 28.6901988983154 28.5494594573975 27.8170948028564
32.9144515991211 33.6269340515137 33.6750526428223 33.6769256591797 33.6595115661621 33.6546630859375 33.6212501525879 33.6536102294922 33.6328773498535 33.6044883728027 33.5501441955566 33.4237518310547 33.2376899719238 33.0731048583984 32.8779525756836 32.6270484924316 32.1554870605469 31.4938545227051 30.7537078857422 30.0540771484375 30.0735416412354 30.5129203796387 30.3840656280518 30.1013469696045 29.9534969329834 30.099925994873 31.4823341369629 32.1634750366211 32.220573425293 32.0399284362793 31.5514717102051 30.9616394042969 31.6269836425781 31.7221660614014 31.7496871948242 31.2326488494873 31.6214637756348 31.3270263671875 31.1892395019531 31.0199222564697 29.8591403961182 28.4796371459961 27.2250576019287 27.5561275482178 27.4636821746826 26.4810523986816
32.7750701904297 33.3993492126465 33.2061347961426 33.0725555419922 33.1957130432129 33.5635414123535 33.5587272644043 33.5680389404297 33.5686950683594 33.5424270629883 33.5023193359375 33.4742889404297 33.3564949035645 33.198356628418 33.039176940918 32.8111877441406 32.3822860717773 31.9651279449463 31.6906909942627 31.0666694641113 30.1356868743896 30.3615741729736 30.1346321105957 30.1967144012451 30.0693454742432 30.0341739654541 31.0528106689453 32.1191101074219 32.1879539489746 31.8687992095947 31.7268161773682 30.6930141448975 30.9652309417725 31.199239730835 31.4772644042969 31.5857830047607 31.4423408508301 31.2682094573975 30.8858699798584 30.9280891418457 30.6070022583008 29.4011363983154 28.6090335845947 29.1328105926514 28.6963844299316 27.5719604492188
33.1201095581055 33.3904571533203 32.971736907959 32.290153503418 32.3869285583496 33.3264961242676 33.5305252075195 33.4828987121582 33.4856338500977 33.4876823425293 33.401123046875 33.4433746337891 33.3875923156738 33.2717399597168 33.1174812316895 32.9237022399902 32.6153793334961 31.9542617797852 31.5479736328125 31.089376449585 30.4198837280273 30.3310585021973 30.1432189941406 29.926965713501 29.8859462738037 30.2489986419678 31.3411083221436 32.088924407959 31.5925426483154 31.3688831329346 31.463794708252 31.1138191223145 30.7942638397217 30.4641227722168 30.1944694519043 30.660099029541 30.4700565338135 30.7775058746338 30.6894817352295 30.4846248626709 30.2205486297607 30.5218048095703 30.272777557373 29.9556293487549 29.3660202026367 28.8927555084229
33.2593116760254 33.3473320007324 33.1417655944824 32.8167762756348 32.4998817443848 33.0449676513672 33.344409942627 33.3553276062012 33.3897933959961 33.4368515014648 33.4152870178223 33.4559593200684 33.3885231018066 33.3230438232422 33.1644248962402 32.943416595459 32.7045288085938 32.484432220459 32.0850715637207 31.438533782959 31.0541725158691 30.7964382171631 30.2885360717773 29.6500778198242 29.7984218597412 30.0327816009521 31.4283828735352 31.9318771362305 30.0925312042236 29.6867961883545 30.3038349151611 30.5127925872803 30.4596176147461 30.2392635345459 29.7564125061035 29.4969139099121 30.0088920593262 29.8422183990479 29.8007526397705 29.7422657012939 29.4748573303223 29.1730823516846 29.407470703125 29.8566932678223 29.2378063201904 28.1297035217285
33.1266860961914 33.1482810974121 33.1632461547852 32.874324798584 32.5804977416992 32.759105682373 32.9726982116699 33.1595916748047 33.259220123291 33.371150970459 33.3402214050293 33.3339653015137 33.4128837585449 33.3375358581543 33.2114601135254 32.9351348876953 32.9090919494629 32.7506256103516 32.4969253540039 32.1107521057129 31.9578819274902 31.1729545593262 30.5776271820068 30.1062831878662 30.0938606262207 30.46169090271 31.46266746521 31.3553981781006 31.0572032928467 30.9444351196289 30.181468963623 30.1123809814453 29.9164867401123 29.7658863067627 29.0473518371582 28.6374435424805 28.8412780761719 28.7775650024414 28.9983520507812 28.7906608581543 28.7683429718018 27.8568477630615 28.5451965332031 29.3713092803955 29.1287040710449 27.6864051818848
32.577579498291 32.9027137756348 33.1040229797363 32.9861793518066 32.7720794677734 32.6287231445312 32.6069602966309 32.9734420776367 33.0761566162109 33.2414894104004 33.3130683898926 33.3067398071289 33.3597869873047 33.3691329956055 33.1837310791016 33.0731925964355 32.9941558837891 32.8720092773438 32.7052116394043 32.4963264465332 32.2840728759766 31.572301864624 30.4361763000488 30.5143966674805 29.8247127532959 30.3874034881592 31.3243675231934 30.7637615203857 30.9402389526367 31.3895626068115 31.2640647888184 31.1008358001709 30.4314308166504 30.0006980895996 28.4449272155762 27.1809272766113 27.2188396453857 27.0991039276123 27.0508975982666 27.5048503875732 27.6569499969482 27.8433113098145 28.0212326049805 28.8711433410645 28.7196865081787 28.322021484375
32.706657409668 32.7926559448242 32.9187889099121 32.8831939697266 32.8354988098145 32.5087852478027 32.2784271240234 32.0110511779785 32.6621971130371 33.1614952087402 33.2863502502441 33.322021484375 33.3941421508789 33.3836822509766 33.0707473754883 32.6587982177734 32.6767654418945 32.7248992919922 32.7626419067383 32.6321182250977 32.4799194335938 32.0656318664551 30.9543590545654 31.2473926544189 30.2877025604248 30.2726230621338 30.4136600494385 30.7170829772949 29.676721572876 30.3227424621582 29.9472694396973 30.0525436401367 31.271333694458 30.8373413085938 29.879602432251 27.668041229248 26.7571620941162 26.7519016265869 26.0765933990479 26.4984531402588 27.1201000213623 27.1045894622803 27.1774234771729 28.5167179107666 28.0708160400391 27.5355587005615
32.7904739379883 32.7009811401367 32.7463188171387 32.5341720581055 32.7289428710938 32.6286544799805 32.3873481750488 32.1122589111328 32.2998504638672 32.9100074768066 33.1528701782227 33.3399391174316 33.3739128112793 33.3324394226074 33.265251159668 32.8505020141602 32.4626617431641 32.255184173584 32.5175094604492 32.6338157653809 32.4841499328613 32.3326110839844 31.9993362426758 31.4141025543213 30.3429794311523 30.1218338012695 30.0704574584961 30.1514930725098 30.19264793396 29.6584415435791 29.0839424133301 29.843936920166 31.0181274414062 30.2758979797363 30.4813461303711 29.9372520446777 29.5036430358887 29.3621959686279 28.3806304931641 27.2710208892822 27.9722461700439 27.6522407531738 28.0272979736328 28.2006034851074 27.8922443389893 27.4167957305908
