inst/extdata/Tmax/Tmax153.asc
NCOLS 100 
NROWS 79 
XLLCORNER 148.06 
YLLCORNER -21.49 
CELLSIZE 0.01 
NODATA_value -3.4e+38 
[rows 0 to 19 of 79, columns 0 to 45 of 100]
42.042568206787102 41.710865020752 40.8436698913574 41.1677284240723 41.2917556762695 41.6700248718262 41.8247833251953 41.9697418212891 41.9255142211914 41.7620544433594 41.3307418823242 41.1231117248535 41.0438690185547 39.9201965332031 40.3569869995117 40.7316246032715 41.0560684204102 41.0234527587891 40.2822151184082 39.6716613769531 39.5337104797363 38.6610336303711 39.0463256835938 40.2040138244629 40.6580238342285 40.8762474060059 40.7371063232422 40.7761611938477 40.4846572875977 40.1406173706055 39.3368148803711 37.610179901123 38.7655448913574 38.6804733276367 37.5809211730957 36.5659446716309 36.4424171447754 36.0876579284668 36.7841377258301 38.4795265197754 39.8644943237305 40.0766105651855 40.7381553649902 41.0279960632324 41.1671028137207 41.2662200927734
41.8938446044922 41.3969116210938 40.7022285461426 40.7827758789062 40.2589149475098 41.0890884399414 41.5862121582031 41.8739166259766 41.9841842651367 41.8706512451172 41.5566635131836 41.2519416809082 41.3492622375488 40.9623832702637 40.8065299987793 40.696662902832 41.0459442138672 41.0698394775391 40.1579475402832 39.6076202392578 40.0828514099121 39.8307151794434 39.7230033874512 40.1201934814453 40.5397338867188 40.6987190246582 40.9282684326172 40.8762130737305 40.6741027832031 40.4712448120117 39.6930389404297 38.3877410888672 39.4565391540527 39.0684547424316 38.4441795349121 37.5504722595215 37.1244697570801 37.4600143432617 38.4444618225098 39.4677886962891 40.8240814208984 41.1686172485352 41.2741737365723 41.2592124938965 41.2929611206055 41.3146133422852
41.882926940918 41.1190643310547 41.2250366210938 41.338737487793 40.9163284301758 41.0201301574707 41.3725814819336 41.8874435424805 42.0452423095703 41.91552734375 41.6474227905273 41.508186340332 41.4199676513672 41.3647804260254 41.083179473877 40.9412536621094 41.1090850830078 41.2447280883789 40.7134590148926 40.5329856872559 40.3921432495117 40.0712814331055 39.8533248901367 39.960262298584 40.73291015625 40.972038269043 40.7955322265625 40.7724533081055 40.7634887695312 40.4702606201172 40.5141372680664 39.5832023620605 39.8011016845703 38.6520614624023 38.3646011352539 37.7685089111328 37.2692184448242 36.8189430236816 37.770378112793 38.8776397705078 40.1492347717285 41.048957824707 41.3348274230957 41.382152557373 41.3509941101074 41.2952690124512
42.1086578369141 41.7637710571289 41.4538803100586 42.0210647583008 41.54345703125 41.146484375 41.478199005127 41.9962196350098 42.1450004577637 42.0147857666016 41.8759002685547 41.8193130493164 41.7168464660645 41.5599784851074 41.1551132202148 40.9919166564941 41.2982597351074 41.3392486572266 41.1294784545898 40.6919174194336 40.3880271911621 40.0174827575684 40.0855445861816 40.0463981628418 40.5877418518066 40.9851036071777 40.620906829834 40.8661956787109 40.688549041748 39.9122657775879 40.4260063171387 40.4731178283691 39.770206451416 38.5977172851562 38.0602912902832 37.2394752502441 37.477481842041 37.0068855285645 36.8932838439941 36.4313507080078 37.8827209472656 40.361930847168 41.2096710205078 41.3988838195801 41.1575927734375 41.0526580810547
42.6294860839844 42.0991363525391 41.8750686645508 42.2490310668945 42.0285720825195 41.425178527832 41.4394569396973 42.0370941162109 42.1685371398926 41.817138671875 41.8154983520508 41.9832191467285 41.8618087768555 41.5974731445312 41.2538452148438 41.3922958374023 41.4422760009766 41.1984558105469 40.7639236450195 40.0720329284668 40.2400436401367 40.3790893554688 40.495189666748 40.6729278564453 40.6737174987793 40.3576736450195 41.0229835510254 40.6588516235352 40.5300598144531 40.0644340515137 40.3953018188477 40.2061500549316 39.910228729248 38.9795265197754 38.4909400939941 38.7786636352539 38.4687232971191 37.9504623413086 37.4389762878418 36.742115020752 36.4083557128906 39.5833358764648 40.9687194824219 41.3417320251465 40.7038841247559 40.0323677062988
42.7783241271973 42.5272674560547 41.8787536621094 42.2777938842773 42.3390960693359 41.9468154907227 41.6629638671875 42.0844535827637 42.2283477783203 41.9553146362305 41.8466262817383 42.0748977661133 41.9238433837891 41.6613082885742 41.0398826599121 41.5133819580078 41.4110794067383 40.9885177612305 40.4698867797852 40.0722122192383 40.162670135498 40.3863906860352 40.6775970458984 40.6719245910645 40.9449310302734 40.8382339477539 40.8885192871094 40.1701164245605 40.1615753173828 39.1358528137207 39.8254928588867 40.2594795227051 40.3440818786621 40.0270614624023 39.6891326904297 39.6236839294434 38.8142395019531 38.3489456176758 38.0367202758789 37.2619171142578 36.7844009399414 39.2096748352051 40.8911094665527 41.3311920166016 40.8745574951172 38.9477424621582
42.9621734619141 42.7006301879883 42.3542327880859 42.5069961547852 42.4564437866211 42.1026840209961 41.4701614379883 41.9975128173828 42.1688079833984 42.2929725646973 42.2331428527832 42.0677185058594 41.6625595092773 41.7639083862305 41.7309646606445 41.591724395752 41.3846740722656 40.8552589416504 40.6500816345215 40.359733581543 39.8039016723633 39.9823265075684 40.4278182983398 40.7926292419434 41.1220092773438 41.0470390319824 41.0400810241699 40.5267677307129 40.1793022155762 39.0336418151855 39.0366554260254 39.131031036377 40.0398406982422 40.1959838867188 39.7556304931641 39.6469383239746 39.0864181518555 37.7649841308594 37.9912414550781 37.569206237793 37.4136428833008 39.0625190734863 40.7249870300293 41.1498832702637 40.9419174194336 39.3893661499023
42.9612236022949 42.8456192016602 42.5868759155273 42.6098480224609 42.5682754516602 42.3176422119141 41.7453765869141 41.6221961975098 41.9163017272949 42.2357978820801 42.3333969116211 42.0394134521484 41.3959083557129 41.605167388916 41.8196983337402 41.1607704162598 41.0894241333008 40.359188079834 40.2854042053223 40.0578193664551 39.4101371765137 39.8493041992188 40.265998840332 40.7975196838379 41.2449951171875 41.2531471252441 40.8346862792969 40.4078750610352 40.2322120666504 39.495735168457 38.228199005127 38.4911117553711 38.8147430419922 39.3840827941895 39.7519989013672 39.1711311340332 39.223575592041 38.3774452209473 37.4180450439453 37.6908378601074 37.8923988342285 38.9403266906738 39.9129371643066 40.8580017089844 40.8054962158203 39.0941390991211
42.772159576416 42.9525375366211 42.8067626953125 42.7582359313965 42.632453918457 42.3986396789551 42.0370445251465 41.5877876281738 41.7535820007324 42.2421722412109 42.3866577148438 42.3161888122559 42.1160202026367 41.9699401855469 41.6211357116699 40.8858108520508 41.0491142272949 40.8113746643066 40.94091796875 40.0478591918945 40.047435760498 39.8843383789062 39.9811515808105 40.6344223022461 41.1966209411621 41.3676795959473 40.4592971801758 39.6151504516602 39.6979904174805 39.6070327758789 39.035472869873 38.4834594726562 38.0670700073242 38.512939453125 39.3884887695312 38.7990112304688 38.5560188293457 38.5070152282715 37.5976943969727 37.2876968383789 37.4989395141602 37.5774269104004 38.4496383666992 39.9695663452148 40.4054336547852 39.2163543701172
42.5108833312988 42.8747100830078 42.9411163330078 42.8071098327637 42.6120109558105 42.4959182739258 42.288215637207 41.8454704284668 41.5254898071289 42.1763534545898 42.3969573974609 41.9979133605957 41.3060569763184 41.3687896728516 41.4673156738281 41.441162109375 41.4508323669434 41.3100433349609 41.1065368652344 40.8027877807617 40.4846458435059 39.8500022888184 40.1736373901367 40.9810371398926 41.411205291748 41.309986114502 40.6074562072754 40.4562225341797 39.9619750976562 39.4626235961914 38.2538261413574 37.8666000366211 38.9041061401367 38.7669067382812 38.5652084350586 38.3374557495117 38.1106948852539 38.3925552368164 37.8669052124023 37.1484489440918 37.1800651550293 36.6239433288574 37.4454689025879 38.5632972717285 38.8649024963379 38.2555160522461
42.2095985412598 42.4883232116699 42.9645805358887 42.8725967407227 42.746021270752 42.6650657653809 42.4666366577148 42.1112442016602 42.0935096740723 42.3132019042969 42.4456176757812 42.0681915283203 41.7461853027344 41.0196838378906 41.1867828369141 41.4654846191406 41.5653266906738 41.7567672729492 41.3205795288086 41.126033782959 40.7338638305664 40.3577079772949 40.4288215637207 40.9794082641602 41.3981819152832 41.3051490783691 40.6096992492676 39.883975982666 38.9084777832031 38.9058456420898 38.5543670654297 38.4849319458008 39.3168640136719 39.0672454833984 38.1955947875977 37.9480972290039 38.3911094665527 38.1125183105469 37.7433891296387 37.2107200622559 37.2629165649414 36.9930114746094 36.664981842041 37.3640098571777 37.7810440063477 38.0809555053711
42.0580596923828 42.1029739379883 42.9409255981445 42.9385681152344 42.8571815490723 42.7388076782227 42.5603828430176 42.2412376403809 42.2761077880859 42.549991607666 42.4974098205566 42.2951240539551 41.9430656433105 41.4647331237793 41.3639183044434 41.6589126586914 41.9370765686035 41.9297180175781 41.6773948669434 41.227954864502 40.7311782836914 40.3892517089844 40.5481147766113 40.6958160400391 40.9082794189453 41.2358551025391 40.2602729797363 39.4882431030273 38.8948287963867 39.1274909973145 39.192554473877 39.0957489013672 39.5029449462891 38.9838562011719 38.7389221191406 38.6517105102539 38.2201728820801 37.6497650146484 38.1573295593262 38.3794059753418 37.9553604125977 37.4993133544922 36.9985504150391 37.4287376403809 37.9389991760254 38.3238677978516
42.2112236022949 42.6703033447266 42.9300956726074 42.8916931152344 42.9006233215332 42.8095970153809 42.6615028381348 42.3045959472656 42.3855514526367 42.6758613586426 42.4879837036133 42.4046897888184 42.1988563537598 42.2661514282227 42.1713943481445 42.1515045166016 42.1405601501465 42.0665817260742 41.8500938415527 41.3421363830566 41.0752182006836 41.2176933288574 41.4722480773926 41.6965484619141 41.5537376403809 41.1422843933105 40.9227485656738 40.4528541564941 40.0939712524414 39.9128074645996 39.9752464294434 39.7573623657227 39.6624298095703 39.0985412597656 38.5488128662109 38.1094360351562 37.5710906982422 38.646427154541 38.9256935119629 38.8711853027344 37.5647659301758 37.4742012023926 37.009651184082 36.7468185424805 38.010082244873 38.5554542541504
42.6632308959961 42.8434715270996 42.906623840332 42.8297996520996 42.8425712585449 42.8865051269531 42.8154220581055 42.7013702392578 42.5047988891602 42.6331481933594 42.6033096313477 42.519115447998 42.3965835571289 42.2984008789062 42.1952133178711 42.119930267334 42.2360496520996 42.1553764343262 42.0179710388184 41.9087753295898 41.8093185424805 41.756217956543 41.5584602355957 41.6712379455566 41.2421569824219 40.2486381530762 40.1744689941406 39.7757568359375 39.2323684692383 39.9919509887695 40.2640151977539 40.2102394104004 39.4769248962402 39.1792144775391 39.0611190795898 39.0043144226074 38.9677238464355 38.6626052856445 39.2696113586426 39.6030197143555 39.0950736999512 38.6321067810059 38.0141754150391 37.4852104187012 38.5124435424805 38.9970283508301
41.9328002929688 42.4686965942383 42.8806343078613 42.8154411315918 42.6987342834473 42.7907943725586 42.7345695495605 42.5759010314941 42.1767768859863 42.221607208252 42.5371170043945 42.338306427002 41.8344612121582 41.9962196350098 42.1720275878906 41.6414794921875 42.0392684936523 42.2186737060547 42.1691055297852 42.120002746582 42.0652160644531 41.6595764160156 41.0392036437988 41.4201965332031 41.254508972168 40.9906387329102 40.894905090332 40.572151184082 40.2165374755859 40.4721527099609 40.4285736083984 40.1581268310547 39.7226676940918 39.9585609436035 39.9204711914062 39.0062255859375 39.5331382751465 38.710765838623 39.0232620239258 39.7638282775879 39.7424697875977 39.4714469909668 38.7427139282227 37.9407806396484 38.5508804321289 39.2915382385254
41.0913619995117 42.0554885864258 42.772891998291 42.8934135437012 42.8305168151855 42.8064079284668 42.694263458252 42.5896339416504 42.3847427368164 41.8947944641113 41.5103950500488 42.2046699523926 41.4036598205566 41.1050491333008 41.9494132995605 41.6058883666992 41.566535949707 42.0206832885742 42.0473556518555 42.0477409362793 42.0562591552734 42.0154075622559 41.8829078674316 41.6566772460938 41.2508125305176 40.878475189209 40.8716430664062 40.8198318481445 40.7640380859375 40.5859832763672 40.4205093383789 40.0102005004883 39.7419738769531 40.3611183166504 40.2413597106934 39.9799728393555 39.9734535217285 39.4231338500977 39.0857391357422 39.740348815918 39.9269180297852 39.2975616455078 38.084285736084 37.0288276672363 37.455150604248 39.1143608093262
42.0595741271973 41.8840751647949 42.4490203857422 42.626636505127 42.836784362793 42.8079681396484 42.6821022033691 42.5523681640625 42.4076652526855 42.1338233947754 41.5198364257812 41.9052810668945 40.9017105102539 40.6676750183105 41.3924751281738 41.2559432983398 40.5803604125977 41.638973236084 41.6342315673828 41.6163597106934 41.8619728088379 41.9963798522949 41.9036636352539 41.4980812072754 40.6972961425781 40.1475524902344 39.756950378418 40.0860214233398 40.6163558959961 40.0667495727539 39.8605728149414 39.1245613098145 39.803825378418 40.608959197998 40.4318885803223 40.2463569641113 40.274974822998 39.8645629882812 39.5137252807617 39.7866325378418 39.9790077209473 38.8907356262207 37.9526863098145 38.2507820129395 38.5870018005371 39.1539840698242
42.1786041259766 42.4894180297852 42.5693435668945 42.5834426879883 42.716194152832 42.7696990966797 42.6965599060059 42.6194381713867 42.4752502441406 42.0466194152832 41.6755218505859 41.3022003173828 40.9204254150391 40.580265045166 41.0754699707031 40.9428405761719 40.9471321105957 40.7855186462402 40.5473213195801 40.5326690673828 41.6292114257812 41.8694458007812 41.851001739502 41.7516212463379 41.194766998291 40.1095886230469 38.7731018066406 39.5570755004883 40.3198089599609 39.4257354736328 39.7836074829102 40.3181419372559 40.5961112976074 40.8538818359375 40.7709541320801 40.5827903747559 40.1162109375 39.3340759277344 39.7650756835938 39.982250213623 40.2846832275391 39.9355583190918 39.8010406494141 39.7812690734863 39.7363929748535 39.2064628601074
42.426628112793 42.3952789306641 42.2641143798828 42.361457824707 42.7814254760742 42.6860885620117 42.6849822998047 42.6716232299805 42.5876235961914 42.2626495361328 41.2241249084473 41.2920417785645 40.8881340026855 39.8391456604004 40.5305290222168 40.317066192627 40.1392555236816 39.5033760070801 40.2858657836914 40.6358070373535 41.6591567993164 41.6679344177246 41.796703338623 41.8941268920898 41.0991668701172 40.1020889282227 39.0036201477051 39.741512298584 40.3160209655762 39.8558158874512 40.3190727233887 40.7180862426758 41.074291229248 41.0796737670898 40.6704177856445 40.427547454834 40.0735130310059 39.8236198425293 40.3169937133789 40.3978958129883 40.4357414245605 40.3384971618652 40.230396270752 39.6262741088867 38.8406410217285 38.8077583312988
42.5641937255859 42.5353393554688 42.5241012573242 42.3962860107422 42.7989196777344 42.7994918823242 42.729606628418 42.6800804138184 42.6194229125977 42.5290451049805 42.2297897338867 41.5295257568359 40.7531929016113 39.6533126831055 39.9532585144043 39.9207611083984 39.4953918457031 39.7709350585938 40.0058898925781 40.9645729064941 41.6890754699707 41.2887268066406 41.9359703063965 41.7958374023438 41.2506294250488 41.0283737182617 40.0178756713867 40.126335144043 40.4513473510742 40.2911529541016 40.8560600280762 40.8115081787109 41.2191581726074 41.1541137695312 41.016300201416 40.7901191711426 39.9985694885254 40.1571998596191 40.4011344909668 40.3973617553711 40.4300575256348 40.2787818908691 40.2161636352539 39.7423324584961 39.6749229431152 39.5568084716797
