inst/extdata/Tmax/Tmax11.asc
NCOLS 100 
NROWS 79 
XLLCORNER 148.06 
YLLCORNER -21.49 
CELLSIZE 0.01 
NODATA_value -3.4e+38 
[rows 40 to 59 of 79, columns 0 to 45 of 100]
33.879566192627003 33.583869934082 34.4571304321289 35.0943336486816 34.3015098571777 34.1429481506348 34.1346321105957 34.1670684814453 33.5380706787109 33.8140525817871 34.2875022888184 35.6824989318848 36.1487083435059 35.1190299987793 35.186882019043 34.7678565979004 34.6973571777344 34.0856742858887 33.5389366149902 33.6873779296875 33.6743507385254 33.8011322021484 33.7800178527832 33.8463745117188 32.3760604858398 32.6836395263672 31.9421062469482 31.9395332336426 32.2544403076172 31.3150596618652 30.4430046081543 29.3519077301025 30.768367767334 30.6244029998779 30.1583976745605 30.5064849853516 30.1045227050781 27.3596611022949 26.9168529510498 26.5620002746582 26.160343170166 25.4752101898193 25.0079345703125 24.7785587310791 24.5525131225586 26.3945751190186
34.3074760437012 34.111572265625 34.2493133544922 34.9163627624512 35.0615272521973 34.9063606262207 34.1724891662598 34.5338287353516 34.2120094299316 34.790828704834 34.7247467041016 35.5129776000977 35.7473907470703 35.7410011291504 35.0247383117676 35.7526016235352 35.0059623718262 34.1162948608398 33.4728965759277 33.9871025085449 34.3739433288574 34.6407814025879 34.0240592956543 33.148983001709 31.335262298584 30.8634166717529 31.5983657836914 31.7658729553223 31.9911499023438 31.6028137207031 30.5428810119629 30.382022857666 30.5797061920166 31.3051490783691 28.522705078125 29.4289131164551 28.8338279724121 27.2591743469238 27.1499271392822 28.7293453216553 28.5409336090088 26.3810253143311 24.6092357635498 24.5443344116211 24.5901432037354 24.9550018310547
34.3342704772949 34.3147850036621 34.5925979614258 34.6706161499023 34.5645790100098 34.4126434326172 34.3960571289062 34.7939987182617 34.5203590393066 34.7160148620605 35.1146850585938 35.7307624816895 36.4184684753418 35.8033065795898 35.8693656921387 35.3298721313477 35.2658538818359 35.1464958190918 34.4328765869141 34.384334564209 34.7039756774902 34.0460205078125 34.0300903320312 33.2896156311035 33.3981590270996 32.876594543457 30.9749488830566 31.7424373626709 31.7675380706787 31.3167705535889 29.9472599029541 29.7901477813721 28.7275371551514 28.9521026611328 27.8691291809082 28.1471309661865 26.0293521881104 26.8335647583008 27.1226558685303 26.6325607299805 27.4025249481201 26.5133152008057 26.8622131347656 25.6063232421875 25.4472808837891 26.1811447143555
33.6295013427734 34.1121215820312 34.5230903625488 34.6075782775879 34.8525009155273 34.6642227172852 35.3972969055176 35.1753768920898 34.6627082824707 34.6223564147949 34.8013648986816 35.3618545532227 35.8234748840332 35.944580078125 36.3212509155273 36.3598403930664 35.9093437194824 35.7045402526855 34.7757987976074 34.6098670959473 34.7237014770508 34.6270751953125 34.1766357421875 32.8889579772949 32.979923248291 32.9142532348633 32.5547485351562 32.3626670837402 31.6598377227783 31.9206809997559 30.9244537353516 30.5368156433105 31.772632598877 30.6446933746338 31.0352268218994 25.1065425872803 25.6695995330811 25.7760753631592 25.9838600158691 25.6670989990234 25.3930625915527 26.0193290710449 25.7377853393555 26.4306735992432 27.7613945007324 29.9433631896973
33.3671607971191 33.9943618774414 33.9239196777344 33.9222450256348 34.5195198059082 34.6511154174805 34.6939239501953 34.9025573730469 34.7172508239746 34.9271774291992 34.6869201660156 35.5207672119141 35.5692749023438 36.1753044128418 36.4449043273926 36.218318939209 35.8108825683594 36.0082740783691 35.8644599914551 35.6907844543457 35.1407356262207 34.9817008972168 34.2417449951172 34.8247222900391 34.1579780578613 33.1125946044922 33.0910568237305 32.4249725341797 32.8145217895508 32.0727157592773 31.948917388916 31.5239658355713 31.92649269104 33.6893577575684 33.7052230834961 25.8540802001953 24.8010768890381 24.8547458648682 24.9773044586182 25.4590969085693 25.2568454742432 25.6695613861084 25.141918182373 25.7778186798096 27.044584274292 29.8999557495117
34.5017929077148 33.9267120361328 33.4781723022461 33.6310157775879 34.2688484191895 34.1517524719238 34.4118728637695 34.8021278381348 34.902458190918 34.8092498779297 34.6471099853516 35.1650238037109 35.0600662231445 36.0955429077148 36.6811065673828 36.1923522949219 35.674446105957 36.2636604309082 35.5005493164062 35.2351951599121 35.1616325378418 34.8320770263672 34.316822052002 33.3250961303711 34.0734901428223 34.0448837280273 32.5102844238281 32.9282493591309 33.1162376403809 32.152660369873 31.2386589050293 31.1129379272461 32.1220588684082 32.1431007385254 34.175537109375 30.933349609375 25.5471668243408 24.8297653198242 24.9025630950928 25.621467590332 24.9922180175781 25.3677024841309 25.8168144226074 25.8229732513428 26.7596778869629 27.3001708984375
33.2243041992188 33.6997451782227 34.1509437561035 33.4222068786621 33.3303146362305 33.7917938232422 34.3688201904297 34.5047492980957 34.501594543457 34.3023490905762 34.8639984130859 34.9693260192871 34.1296653747559 34.7637825012207 36.1561431884766 34.9675750732422 35.0188598632812 36.135612487793 35.915657043457 34.6329574584961 34.8356056213379 34.5005950927734 34.601188659668 34.9939651489258 32.5236587524414 32.8829002380371 32.8224906921387 33.0520629882812 33.2143516540527 33.3785247802734 31.8770942687988 31.4408111572266 31.1253261566162 31.3739700317383 32.7997932434082 32.8436393737793 25.6961688995361 25.8341236114502 25.7741413116455 26.358793258667 25.7211875915527 25.6150550842285 25.8499698638916 31.463830947876 27.1154003143311 26.2121162414551
34.4409599304199 33.3576240539551 34.316219329834 33.229377746582 33.239143371582 33.4900703430176 33.6526107788086 33.6021575927734 33.4325752258301 34.0800437927246 33.8253974914551 33.8836708068848 34.2317543029785 35.0415458679199 35.889476776123 36.0296630859375 35.428955078125 35.8815650939941 35.7694931030273 34.8040466308594 35.3872871398926 35.3561210632324 34.0111198425293 34.2607002258301 34.0673561096191 34.8311614990234 34.3985404968262 33.7953491210938 33.9225044250488 33.8369026184082 33.3176040649414 32.6454925537109 31.5233936309814 32.4720230102539 32.4618797302246 31.4536952972412 31.2120704650879 29.152904510498 27.0462551116943 26.9836673736572 26.5267524719238 26.4570121765137 26.4993782043457 26.3595733642578 25.7561340332031 25.5083904266357
35.6746559143066 33.9689445495605 32.8403930664062 32.5413360595703 32.6633110046387 33.7249984741211 33.2595100402832 33.1585502624512 33.0147361755371 33.8101043701172 33.9725036621094 33.7814865112305 34.2239837646484 35.2348899841309 36.0457229614258 35.1768417358398 35.2027282714844 34.8906364440918 35.4573860168457 34.4475135803223 34.5739669799805 35.5630035400391 35.3476257324219 35.0214233398438 34.4385452270508 33.8870811462402 34.9288520812988 35.5798149108887 35.0163688659668 33.9588851928711 33.0580863952637 33.2027053833008 32.4670753479004 32.2152137756348 32.1962547302246 32.218204498291 32.551513671875 32.3897132873535 32.5265579223633 30.8383235931396 25.9529476165771 26.0231456756592 26.2860507965088 25.9263706207275 25.8966541290283 25.5931243896484
35.8440208435059 34.9448661804199 34.1707992553711 32.4219741821289 32.365650177002 32.4730186462402 33.0566825866699 33.1231575012207 33.088939666748 34.5425224304199 35.268856048584 34.7062225341797 34.2842597961426 34.4428405761719 34.5783653259277 34.6347999572754 35.1605987548828 35.3567428588867 35.0031776428223 35.7211227416992 34.5920906066895 35.1237945556641 35.5543212890625 35.4157905578613 34.8949165344238 35.4115524291992 33.8561859130859 35.0387344360352 34.557258605957 33.8378524780273 32.9054794311523 33.5082397460938 31.7414703369141 31.748706817627 32.0254859924316 28.6207904815674 32.6839942932129 32.4173889160156 32.1059150695801 32.2906494140625 30.989387512207 25.8951282501221 25.6024360656738 27.8992958068848 27.8677959442139 28.4259243011475
36.2046699523926 35.388126373291 34.9928665161133 32.7129096984863 32.7652854919434 32.4110069274902 32.5473899841309 33.1350479125977 33.0691452026367 34.2600708007812 35.2786407470703 35.0494041442871 35.156307220459 35.5167274475098 35.3499565124512 34.9570236206055 35.2840309143066 35.2848281860352 35.3122100830078 34.5397834777832 35.5217514038086 35.3634147644043 35.127685546875 34.6912307739258 34.3931121826172 34.3794555664062 33.9770164489746 33.4585762023926 34.4501991271973 34.2491569519043 33.2204971313477 33.435001373291 32.0934906005859 32.3525314331055 30.7871742248535 31.7656307220459 31.6745567321777 32.118782043457 31.9509258270264 32.0684700012207 31.7375469207764 31.0332012176514 29.7947292327881 28.9929370880127 27.6740703582764 27.5779113769531
35.9800872802734 36.1520195007324 35.0646781921387 33.4914512634277 33.3102989196777 33.7402000427246 33.1312561035156 32.6875839233398 32.0659866333008 33.0119857788086 34.8794975280762 35.4548377990723 35.6504554748535 34.8213348388672 35.3815116882324 35.3289108276367 35.5059547424316 35.863941192627 36.0104064941406 34.8205757141113 35.7077560424805 35.6337814331055 34.274284362793 34.3387870788574 34.2183418273926 33.354076385498 33.2422790527344 33.4014320373535 34.2599411010742 34.9313354492188 34.7514915466309 32.7829856872559 32.5398788452148 31.6697635650635 31.4413681030273 30.8926067352295 30.9740238189697 31.7609786987305 31.6973094940186 31.7267055511475 31.0796413421631 30.8335723876953 30.3711395263672 29.5083389282227 25.7397994995117 25.5796546936035
35.4662551879883 36.0549468994141 35.7825126647949 32.4059600830078 32.0074234008789 32.8718528747559 32.7533645629883 32.9546661376953 32.1216354370117 32.3179817199707 33.9175643920898 33.5174255371094 34.3529815673828 35.4227409362793 35.0432357788086 35.4763221740723 35.6761894226074 35.9767112731934 35.8654327392578 35.7584991455078 35.7099761962891 35.5298461914062 35.4121780395508 34.3537864685059 35.3334846496582 35.0467376708984 33.653938293457 33.7446212768555 33.8686943054199 34.5942153930664 34.6170349121094 33.2748374938965 32.3956489562988 31.863920211792 31.9126453399658 32.5981216430664 30.772741317749 30.5857410430908 31.3476963043213 32.4314384460449 32.3820648193359 31.7147274017334 31.6897468566895 30.9022064208984 26.018440246582 25.4738521575928
35.8081169128418 35.2863464355469 35.1992340087891 33.0923728942871 32.1994361877441 33.4849433898926 33.4287643432617 32.9617385864258 32.2027397155762 32.3270416259766 33.7384376525879 33.1415405273438 35.1232528686523 35.0897827148438 34.9887847900391 35.8603515625 35.5404968261719 35.9369812011719 34.7349052429199 35.5977249145508 35.6943054199219 35.7588005065918 35.616870880127 34.8369979858398 34.2445106506348 34.4901313781738 34.5620536804199 34.044548034668 33.6291313171387 33.9110946655273 34.3296432495117 34.5643310546875 34.5744743347168 33.8256721496582 32.908805847168 33.5060882568359 32.2084884643555 31.3977947235107 30.1716842651367 31.53053855896 32.6219787597656 32.8362007141113 32.2716598510742 32.0576972961426 29.5674819946289 29.1403484344482
35.5555267333984 34.7302284240723 34.9154243469238 34.0055274963379 33.5783309936523 33.4014282226562 33.9460983276367 33.5526390075684 33.8848419189453 32.9647636413574 32.9754333496094 33.7220573425293 33.8429641723633 34.7643127441406 35.552433013916 35.7523651123047 35.6843757629395 35.8696136474609 35.854793548584 35.0602149963379 35.0808982849121 35.720329284668 35.3114280700684 35.8353652954102 35.0543060302734 34.427001953125 33.9643363952637 34.4073715209961 33.0874214172363 34.1937217712402 33.9223594665527 33.3744735717773 34.3505821228027 34.0942726135254 34.9768104553223 32.663501739502 32.8122062683105 33.4481811523438 33.2043037414551 31.9863586425781 31.9767208099365 31.1755218505859 30.4653034210205 29.6929321289062 29.838472366333 26.7664432525635
35.6318626403809 35.6692581176758 35.5160827636719 34.4627952575684 34.129322052002 34.1036338806152 34.5312995910645 34.9165992736816 34.1626014709473 33.0366363525391 33.779727935791 35.0759468078613 34.7467002868652 35.7116279602051 35.5288581848145 35.6801910400391 34.4181289672852 35.0361137390137 35.230354309082 35.2734069824219 34.8912048339844 34.9622116088867 34.5879402160645 35.2400093078613 34.9202880859375 35.211597442627 34.3818740844727 34.7900047302246 33.7410697937012 34.2110061645508 34.4006881713867 33.9648933410645 33.2774810791016 33.295166015625 33.707405090332 34.397029876709 34.0081062316895 33.9203224182129 33.1906280517578 31.6418437957764 31.0574817657471 31.8791179656982 29.9074611663818 26.4044055938721 26.7839870452881 26.545726776123
35.122974395752 35.5364379882812 35.1102867126465 35.7088241577148 34.5641098022461 33.4186515808105 34.1505584716797 34.8427429199219 34.4902839660645 33.7920837402344 33.6355667114258 35.295970916748 35.6255035400391 34.4878692626953 35.1495208740234 35.5994262695312 34.3476867675781 34.8096313476562 35.1711006164551 34.2583541870117 34.4207611083984 34.749584197998 34.9656105041504 34.8538665771484 34.9283981323242 34.8721885681152 34.7096176147461 34.2630767822266 33.9757919311523 34.5102844238281 32.8994941711426 33.8106803894043 32.2458267211914 32.2874984741211 32.692268371582 33.8363723754883 33.2549819946289 32.2450637817383 32.1510581970215 27.4216537475586 27.1192722320557 30.7046089172363 29.5406932830811 25.9873046875 26.4397411346436 26.5692939758301
35.5901870727539 35.9121246337891 35.5437622070312 35.3356590270996 34.8771820068359 35.2079086303711 34.2080574035645 34.1726608276367 34.5956420898438 34.5398292541504 33.133846282959 34.3200225830078 35.6455917358398 35.3621940612793 34.96875 35.5509719848633 35.0273399353027 34.8568954467773 33.548656463623 34.7508087158203 35.0643005371094 35.1501655578613 34.3284912109375 34.7959175109863 35.5139122009277 34.8665809631348 34.7305335998535 34.2972183227539 34.4144668579102 34.922191619873 34.3197708129883 34.2299423217773 34.104606628418 33.5798950195312 32.4465065002441 32.5274124145508 33.4055252075195 32.6346702575684 31.5058002471924 27.343090057373 27.2558841705322 31.4236602783203 26.8875789642334 26.6465263366699 26.0638179779053 26.2303333282471
35.8298034667969 35.7963676452637 35.9228019714355 35.5558433532715 35.505802154541 34.9072189331055 33.9650764465332 33.8536949157715 34.1436424255371 33.190803527832 33.4196472167969 35.4005889892578 35.1183738708496 35.822509765625 34.9682464599609 35.0614013671875 33.9367942810059 33.8157005310059 33.764045715332 33.8103179931641 33.8757667541504 34.2502670288086 33.5996932983398 34.2143630981445 35.4082069396973 34.7811050415039 34.4644317626953 34.5773544311523 34.4273719787598 34.9604606628418 34.1897201538086 34.1933212280273 34.1022148132324 33.5495147705078 33.527214050293 32.5331153869629 32.4739723205566 32.0092620849609 27.9362735748291 27.8578929901123 27.5759735107422 30.8190441131592 27.0259075164795 26.2628612518311 26.3102569580078 26.2206954956055
35.640739440918 35.035400390625 35.7862968444824 34.7471923828125 35.4950866699219 34.2888870239258 34.2050361633301 33.6039810180664 34.1055221557617 33.2146110534668 33.2376441955566 32.840763092041 34.6608810424805 35.5221710205078 35.4971466064453 34.8090133666992 33.7151832580566 33.8465309143066 33.7756576538086 33.1046028137207 33.4245758056641 34.8013114929199 33.8908920288086 34.1879463195801 34.215217590332 34.708324432373 34.5686645507812 34.4049301147461 34.6025848388672 35.2722587585449 34.3384323120117 33.9711647033691 33.6287002563477 34.3646545410156 34.0237617492676 33.6875114440918 33.0858383178711 31.895809173584 31.3244400024414 31.2169609069824 30.6951808929443 30.7804203033447 30.0965156555176 26.374324798584 26.2789459228516 26.2894439697266
