inst/extdata/Tmax/Tmax26.asc
NCOLS 100 
NROWS 79 
XLLCORNER 148.06 
YLLCORNER -21.49 
CELLSIZE 0.01 
NODATA_value -3.4e+38 
[rows 0 to 19 of 79, columns 46 to 91 of 100]
24.8824234008789 23.5594749450684 23.7317905426025 23.9651679992676 24.5218162536621 24.4575271606445 24.6971817016602 24.7079200744629 23.6964168548584 21.6981868743896 23.4056034088135 22.7779693603516 23.5716342926025 24.2961006164551 24.5061912536621 24.7450733184814 24.9954242706299 25.4762897491455 24.1094436645508 24.7491436004639 25.0265827178955 -3.4e+38 -3.4e+38 -3.4e+38 -3.4e+38 -3.4e+38 -3.4e+38 -3.4e+38 -3.4e+38 -3.4e+38 -3.4e+38 -3.4e+38 -3.4e+38 -3.4e+38 -3.4e+38 -3.4e+38 -3.4e+38 -3.4e+38 -3.4e+38 -3.4e+38 -3.4e+38 -3.4e+38 -3.4e+38 -3.4e+38 -3.4e+38 -3.4e+38
25.2377815246582 24.7027740478516 23.3394718170166 23.634220123291 23.8214149475098 23.8023986816406 24.1706447601318 24.5644474029541 23.2468814849854 22.2137184143066 24.2861576080322 23.9195003509521 25.7823448181152 25.4895038604736 24.3714199066162 23.4242267608643 24.6300468444824 26.5472164154053 25.5249347686768 24.3662490844727 25.136999130249 27.2724285125732 -3.4e+38 -3.4e+38 -3.4e+38 -3.4e+38 -3.4e+38 -3.4e+38 -3.4e+38 -3.4e+38 -3.4e+38 -3.4e+38 -3.4e+38 -3.4e+38 -3.4e+38 -3.4e+38 -3.4e+38 -3.4e+38 -3.4e+38 -3.4e+38 -3.4e+38 -3.4e+38 -3.4e+38 -3.4e+38 -3.4e+38 -3.4e+38
27.011962890625 23.9081192016602 21.8189640045166 22.2967643737793 22.1545639038086 23.7117710113525 22.9004783630371 22.8307781219482 21.9808578491211 21.7174453735352 23.5838508605957 25.0612697601318 26.4728126525879 26.0144577026367 23.5391731262207 22.8681602478027 24.48264503479 24.1834049224854 24.1184844970703 24.3945446014404 24.1312599182129 24.4448642730713 24.3730792999268 24.9657001495361 -3.4e+38 -3.4e+38 -3.4e+38 -3.4e+38 -3.4e+38 -3.4e+38 -3.4e+38 -3.4e+38 -3.4e+38 -3.4e+38 -3.4e+38 -3.4e+38 -3.4e+38 -3.4e+38 -3.4e+38 -3.4e+38 -3.4e+38 -3.4e+38 -3.4e+38 -3.4e+38 -3.4e+38 -3.4e+38
23.0700626373291 22.5827541351318 19.6483745574951 20.6773242950439 22.3218822479248 22.1538677215576 22.6303024291992 22.8022079467773 22.4993457794189 22.0709590911865 23.3692207336426 22.9928951263428 25.7986793518066 26.4320831298828 23.932674407959 23.4058227539062 25.3061275482178 26.0288753509521 25.5063076019287 24.8081855773926 23.4488410949707 24.4698047637939 24.2782402038574 25.1934146881104 25.7626895904541 25.8288154602051 -3.4e+38 -3.4e+38 -3.4e+38 -3.4e+38 -3.4e+38 -3.4e+38 -3.4e+38 -3.4e+38 -3.4e+38 -3.4e+38 -3.4e+38 -3.4e+38 -3.4e+38 -3.4e+38 -3.4e+38 -3.4e+38 -3.4e+38 -3.4e+38 -3.4e+38 -3.4e+38
24.0279331207275 22.1956005096436 19.444637298584 19.1639652252197 20.7007255554199 23.0068950653076 23.7000064849854 24.0570125579834 22.1381301879883 21.1423397064209 21.8343048095703 20.2329273223877 21.7579898834229 25.8921241760254 23.1167774200439 23.5010719299316 25.422758102417 25.2730388641357 25.9750518798828 25.9194087982178 19.5187358856201 24.4234790802002 24.7875633239746 24.3475551605225 25.2281055450439 25.7854461669922 -3.4e+38 -3.4e+38 -3.4e+38 -3.4e+38 -3.4e+38 -3.4e+38 -3.4e+38 -3.4e+38 -3.4e+38 -3.4e+38 -3.4e+38 -3.4e+38 -3.4e+38 -3.4e+38 -3.4e+38 -3.4e+38 -3.4e+38 -3.4e+38 -3.4e+38 -3.4e+38
19.7494602203369 20.5773372650146 18.5915718078613 17.8790168762207 20.6901416778564 22.8890228271484 22.3005218505859 22.7447662353516 21.5871524810791 21.9053039550781 19.6135578155518 19.3154144287109 23.3955898284912 24.2470264434814 22.1479740142822 23.5383281707764 24.8627529144287 26.0413475036621 25.106201171875 24.9106044769287 19.569408416748 21.6977310180664 25.39599609375 24.4606533050537 24.9859790802002 25.0125427246094 -3.4e+38 -3.4e+38 -3.4e+38 -3.4e+38 -3.4e+38 -3.4e+38 -3.4e+38 -3.4e+38 -3.4e+38 -3.4e+38 -3.4e+38 -3.4e+38 -3.4e+38 -3.4e+38 -3.4e+38 -3.4e+38 -3.4e+38 -3.4e+38 -3.4e+38 -3.4e+38
18.5094604492188 19.3819236755371 19.7065010070801 19.2612628936768 23.273717880249 22.9266948699951 22.9262046813965 21.794563293457 22.6379528045654 21.5545387268066 20.6767826080322 21.0065689086914 22.1336421966553 25.8388290405273 25.7781391143799 26.906099319458 23.4840259552002 23.8672580718994 23.9458312988281 24.4712009429932 26.308032989502 24.1203861236572 24.9902305603027 24.5866012573242 24.08131980896 23.468433380127 23.4762287139893 24.1278667449951 -3.4e+38 -3.4e+38 -3.4e+38 -3.4e+38 -3.4e+38 -3.4e+38 -3.4e+38 -3.4e+38 -3.4e+38 -3.4e+38 -3.4e+38 -3.4e+38 -3.4e+38 -3.4e+38 -3.4e+38 -3.4e+38 -3.4e+38 -3.4e+38
17.4183177947998 20.1040420532227 25.3039646148682 19.7942333221436 18.6903438568115 20.4940414428711 22.3245735168457 21.4311218261719 21.7756099700928 22.6348247528076 21.0618343353271 20.6138916015625 21.6676578521729 23.1392669677734 21.4750862121582 24.3897724151611 21.4120502471924 21.2612991333008 22.6441841125488 24.0774536132812 24.3780784606934 23.0920944213867 23.6872634887695 24.3779373168945 23.4265480041504 22.7395362854004 22.5537090301514 23.3046531677246 24.7554874420166 23.3403072357178 24.6327056884766 -3.4e+38 -3.4e+38 -3.4e+38 -3.4e+38 -3.4e+38 -3.4e+38 -3.4e+38 -3.4e+38 -3.4e+38 -3.4e+38 -3.4e+38 -3.4e+38 -3.4e+38 -3.4e+38 -3.4e+38
17.3798217773438 19.4442367553711 20.2089538574219 24.1231632232666 19.6778373718262 17.9906997680664 20.1454677581787 20.5075740814209 22.7901554107666 23.0704212188721 23.2778224945068 21.6010971069336 21.2301502227783 21.8669910430908 19.7856388092041 19.6926078796387 18.9961032867432 23.3224430084229 21.9352111816406 23.372371673584 25.4869346618652 25.418285369873 22.9746322631836 21.0478343963623 22.2047595977783 22.9040107727051 23.6066837310791 24.8172855377197 24.5309810638428 23.3647155761719 22.9510059356689 25.4188899993896 -3.4e+38 -3.4e+38 -3.4e+38 -3.4e+38 -3.4e+38 -3.4e+38 -3.4e+38 -3.4e+38 -3.4e+38 -3.4e+38 -3.4e+38 -3.4e+38 -3.4e+38 -3.4e+38
18.6759395599365 19.4287071228027 20.0164661407471 20.7939052581787 22.3544025421143 19.2726459503174 18.9587593078613 20.6599464416504 22.2001171112061 22.4757766723633 22.3937644958496 22.1383934020996 21.0911655426025 21.2078037261963 19.6389026641846 19.3023338317871 18.9586696624756 24.022102355957 23.8315086364746 22.0982398986816 23.2837696075439 25.1355304718018 25.9154453277588 24.9292106628418 24.987886428833 22.7185688018799 23.3486385345459 25.9431591033936 23.9914360046387 23.3776798248291 26.5181903839111 27.0280933380127 -3.4e+38 -3.4e+38 -3.4e+38 -3.4e+38 -3.4e+38 -3.4e+38 -3.4e+38 -3.4e+38 -3.4e+38 -3.4e+38 -3.4e+38 -3.4e+38 -3.4e+38 -3.4e+38
17.6610488891602 19.8077354431152 19.7126960754395 19.7035312652588 21.2010517120361 24.0657081604004 21.2084255218506 22.0532550811768 21.8566417694092 22.0738582611084 22.8563842773438 22.3390407562256 21.8780460357666 22.487325668335 21.9147090911865 22.0297431945801 23.1856689453125 23.5043811798096 24.7572479248047 24.5461463928223 22.1758136749268 25.3880958557129 23.1008815765381 21.9932117462158 23.8093357086182 23.5543785095215 24.6061058044434 24.6234226226807 26.6721725463867 27.3584480285645 -3.4e+38 -3.4e+38 -3.4e+38 -3.4e+38 -3.4e+38 -3.4e+38 -3.4e+38 -3.4e+38 -3.4e+38 -3.4e+38 -3.4e+38 -3.4e+38 -3.4e+38 -3.4e+38 -3.4e+38 -3.4e+38
17.1294994354248 18.2053375244141 18.3340797424316 17.5303726196289 18.3731479644775 19.4226360321045 26.0592384338379 22.7986259460449 22.5034370422363 22.1953506469727 22.3874626159668 22.7968215942383 21.9341316223145 22.5108489990234 22.265209197998 24.1445159912109 24.1386814117432 24.1151561737061 27.2171421051025 25.0289077758789 23.2612781524658 23.3290672302246 23.467342376709 22.909273147583 26.9248085021973 22.807674407959 24.2166919708252 24.0345649719238 24.8885917663574 23.7905445098877 -3.4e+38 -3.4e+38 -3.4e+38 -3.4e+38 -3.4e+38 -3.4e+38 -3.4e+38 -3.4e+38 -3.4e+38 -3.4e+38 -3.4e+38 -3.4e+38 -3.4e+38 -3.4e+38 -3.4e+38 -3.4e+38
16.8602561950684 15.5864725112915 15.2364187240601 15.1810865402222 17.4972343444824 18.2600116729736 19.7787284851074 20.122989654541 21.9470710754395 22.4462928771973 21.0175361633301 21.3208713531494 21.208122253418 21.7458934783936 22.1732349395752 22.2243766784668 22.4902687072754 24.2616157531738 26.6504764556885 26.3785190582275 24.1842231750488 24.4476680755615 24.3641929626465 26.174129486084 24.5517921447754 23.8525657653809 24.766134262085 24.0888576507568 22.5335578918457 20.7546157836914 23.9404735565186 25.4025115966797 -3.4e+38 -3.4e+38 -3.4e+38 -3.4e+38 -3.4e+38 -3.4e+38 -3.4e+38 -3.4e+38 -3.4e+38 -3.4e+38 -3.4e+38 -3.4e+38 -3.4e+38 -3.4e+38
16.8649501800537 15.9329013824463 15.3630323410034 14.9314193725586 15.5248165130615 16.1315517425537 18.008207321167 19.0555267333984 21.5006523132324 22.6202735900879 21.7167434692383 21.6292285919189 22.1409511566162 22.6030216217041 22.9671325683594 24.2679595947266 22.4855613708496 24.4948844909668 25.6162967681885 24.5398406982422 24.5685710906982 26.9974422454834 24.7331829071045 24.2582988739014 25.6600151062012 23.9699954986572 23.0098552703857 22.8492164611816 21.9864273071289 23.3156471252441 25.3473129272461 25.1571464538574 24.1704444885254 -3.4e+38 -3.4e+38 -3.4e+38 -3.4e+38 20.5947818756104 26.8276996612549 -3.4e+38 -3.4e+38 -3.4e+38 -3.4e+38 -3.4e+38 -3.4e+38 -3.4e+38
17.3256549835205 16.5660648345947 15.4259119033813 15.0209541320801 15.6700077056885 15.4109449386597 16.6657047271729 18.2758731842041 19.3958644866943 20.4042224884033 18.7738456726074 22.1320323944092 21.4145412445068 22.1217956542969 23.4254970550537 22.504508972168 23.3434200286865 26.8435707092285 23.42360496521 25.2699222564697 24.4775848388672 26.4495258331299 25.1822624206543 24.5060043334961 24.500150680542 24.6363048553467 24.5674991607666 23.2513408660889 22.8518333435059 25.7218341827393 25.7365493774414 24.9706249237061 24.4451274871826 -3.4e+38 -3.4e+38 -3.4e+38 -3.4e+38 21.7470550537109 25.5984001159668 27.1199169158936 26.7762279510498 26.6724414825439 -3.4e+38 -3.4e+38 -3.4e+38 -3.4e+38
17.2412929534912 15.9310340881348 15.3949213027954 15.4852666854858 15.0640354156494 16.121883392334 15.9652376174927 17.3296813964844 21.2427349090576 22.8124141693115 20.7626895904541 19.0381717681885 22.7671012878418 18.4506034851074 18.4105129241943 19.2822265625 24.5439510345459 22.8542518615723 22.4527263641357 23.663200378418 23.883373260498 24.6922168731689 24.5578498840332 23.8881340026855 23.8858661651611 24.0400104522705 25.2185287475586 24.2694911956787 23.4898471832275 23.5160713195801 24.355260848999 20.9546775817871 27.2788410186768 -3.4e+38 -3.4e+38 24.7316741943359 26.5228843688965 25.8064231872559 24.5944194793701 25.6905918121338 25.6638526916504 27.1341342926025 -3.4e+38 -3.4e+38 -3.4e+38 -3.4e+38
15.7247581481934 14.3585538864136 14.4562711715698 15.8416309356689 16.333028793335 16.0721168518066 15.6188449859619 16.444372177124 23.4546947479248 21.8686256408691 26.0719337463379 18.827018737793 19.7257862091064 20.6464710235596 18.5168495178223 18.7350635528564 19.4225597381592 21.3407917022705 23.1519622802734 22.6073131561279 25.4912357330322 22.8565101623535 23.5973663330078 23.9337902069092 23.4354839324951 24.5679340362549 24.5635795593262 24.9376945495605 25.298038482666 24.0209808349609 24.3168487548828 20.9622402191162 23.0628967285156 -3.4e+38 27.0541114807129 22.5226955413818 24.5236740112305 -3.4e+38 27.1117610931396 -3.4e+38 26.8533191680908 -3.4e+38 -3.4e+38 -3.4e+38 -3.4e+38 -3.4e+38
16.3495655059814 14.4944086074829 13.731912612915 16.6729125976562 16.7732315063477 15.8670215606689 15.4604225158691 15.552619934082 17.347318649292 19.6411781311035 20.0174255371094 23.8825359344482 25.5593185424805 20.91162109375 20.3977680206299 21.7317638397217 22.1940803527832 22.5112972259521 22.0928077697754 22.0514125823975 23.6482429504395 23.7278900146484 25.3159961700439 25.3802642822266 23.7060165405273 23.5157356262207 24.50270652771 23.5055179595947 23.829381942749 23.7361526489258 21.4600963592529 22.7816009521484 26.7879619598389 23.8406944274902 22.9188480377197 25.6276111602783 25.313777923584 -3.4e+38 -3.4e+38 -3.4e+38 -3.4e+38 -3.4e+38 -3.4e+38 26.8387088775635 -3.4e+38 -3.4e+38
17.2866039276123 17.0251579284668 14.4500427246094 16.2519111633301 14.8142375946045 15.0694561004639 16.1565322875977 16.2961864471436 18.0554676055908 20.7797451019287 19.8481197357178 20.0144329071045 22.6081428527832 26.5637397766113 22.0420627593994 22.3635139465332 22.1869449615479 21.4402084350586 20.9895248413086 20.9670925140381 26.4011116027832 24.056116104126 26.132625579834 24.3393154144287 24.5654029846191 23.0972366333008 23.5846691131592 22.5291748046875 23.1820945739746 23.2892112731934 21.7250366210938 22.0333309173584 25.1253108978271 25.2822933197021 24.8169116973877 25.2269611358643 24.9060173034668 26.605785369873 25.226749420166 22.2637195587158 24.6866645812988 24.438549041748 25.5983581542969 24.7821426391602 -3.4e+38 -3.4e+38
17.8390655517578 16.9916744232178 17.3737812042236 17.5272331237793 16.0381984710693 15.4859466552734 15.2398338317871 15.6237907409668 17.8953628540039 25.5649032592773 20.1699542999268 25.9862976074219 24.8310718536377 22.0226631164551 22.214916229248 19.8540897369385 20.0056133270264 22.5106468200684 21.0709972381592 21.4048442840576 23.5982494354248 25.1516456604004 27.1819095611572 24.940881729126 26.6018047332764 23.4461326599121 26.1753044128418 24.5956382751465 23.7844543457031 23.5513763427734 22.81618309021 24.0035209655762 25.5816879272461 26.2011756896973 26.4236621856689 23.7017803192139 23.4676284790039 24.9216804504395 26.0626239776611 26.8595275878906 26.464075088501 26.5655536651611 24.9335651397705 24.8419857025146 21.2463455200195 -3.4e+38
