inst/extdata/Tmax/Tmax70.asc
NCOLS 100 
NROWS 79 
XLLCORNER 148.06 
YLLCORNER -21.49 
CELLSIZE 0.01 
NODATA_value -3.4e+38 
[rows 0 to 19 of 79, columns 0 to 45 of 100]
41.645702362060497 41.3166465759277 40.4039535522461 40.7022094726562 40.7942085266113 41.1237716674805 41.236759185791 41.3293533325195 41.2514266967773 41.0678253173828 40.6400947570801 40.4202156066895 40.313663482666 39.2185668945312 39.6098976135254 39.9288024902344 40.2116088867188 40.1306915283203 39.4298248291016 38.8352241516113 38.6804656982422 37.8365859985352 38.1808776855469 39.2145156860352 39.5783081054688 39.7292900085449 39.5989151000977 39.5798950195312 39.3023529052734 38.9794883728027 38.2538070678711 36.6596908569336 37.7005844116211 37.6008491516113 36.5771522521973 35.6074371337891 35.4817085266113 35.1304588317871 35.771614074707 37.2875442504883 38.4229698181152 38.5830345153809 39.0576286315918 39.2578773498535 39.3418006896973 39.3966255187988
41.5087051391602 41.0133857727051 40.2666816711426 40.323112487793 39.7663993835449 40.5729484558105 41.0249214172363 41.2532653808594 41.3136329650879 41.1750183105469 40.8567581176758 40.5493965148926 40.6035118103027 40.2164306640625 40.0406150817871 39.9078941345215 40.215030670166 40.1845970153809 39.326732635498 38.7858810424805 39.2007904052734 38.9473342895508 38.8214530944824 39.1530532836914 39.4911499023438 39.5948333740234 39.7754516601562 39.6800804138184 39.4775733947754 39.2747840881348 38.5797996520996 37.3925857543945 38.3235702514648 37.958122253418 37.3783912658691 36.5411338806152 36.1331825256348 36.4263916015625 37.2934951782227 38.1449394226074 39.2092170715332 39.4734954833984 39.5120735168457 39.471305847168 39.4716606140137 39.463623046875
41.5205841064453 40.7575035095215 40.8187141418457 40.9020233154297 40.4547996520996 40.5297660827637 40.8481178283691 41.2916717529297 41.3945388793945 41.2421684265137 40.9660034179688 40.8099365234375 40.6951065063477 40.6104049682617 40.3219184875488 40.159984588623 40.3004341125488 40.3681411743164 39.862548828125 39.6684951782227 39.5108337402344 39.1958541870117 38.9691925048828 39.0386428833008 39.6890029907227 39.8586883544922 39.696949005127 39.6264801025391 39.5854835510254 39.3067741394043 39.3115081787109 38.4915351867676 38.6516494750977 37.6166915893555 37.3349456787109 36.7698287963867 36.2947731018066 35.8570289611816 36.7186622619629 37.6775054931641 38.7086715698242 39.4182472229004 39.6033248901367 39.6145668029785 39.5620536804199 39.4899139404297
41.719669342041 41.3804969787598 41.0292778015137 41.5398864746094 41.0548439025879 40.6389579772949 40.9350547790527 41.3783149719238 41.4723243713379 41.3202018737793 41.1603240966797 41.0782623291016 40.9511184692383 40.7761459350586 40.3781852722168 40.197151184082 40.4610443115234 40.4446105957031 40.225902557373 39.8040313720703 39.4993667602539 39.1386947631836 39.172794342041 39.1091537475586 39.5591163635254 39.8672943115234 39.5457916259766 39.703540802002 39.5210800170898 38.8251647949219 39.2360038757324 39.2480354309082 38.6219367980957 37.560718536377 37.0495109558105 36.268798828125 36.4793891906738 36.0236701965332 35.9009666442871 35.4516830444336 36.7734680175781 38.8748016357422 39.5093078613281 39.636775970459 39.4114036560059 39.299186706543
42.1998863220215 41.7049865722656 41.4425315856934 41.7546310424805 41.5179176330566 40.9162292480469 40.9053993225098 41.4233016967773 41.5022850036621 41.1537475585938 41.1164360046387 41.232364654541 41.0892906188965 40.8202857971191 40.478157043457 40.5681915283203 40.5997581481934 40.3329391479492 39.9118041992188 39.2486267089844 39.3759155273438 39.4788627624512 39.552864074707 39.6786575317383 39.6476821899414 39.3406372070312 39.9024696350098 39.5436744689941 39.402271270752 38.9715270996094 39.2257499694824 39.0389213562012 38.7570304870605 37.9160118103027 37.4538688659668 37.6901550292969 37.3957672119141 36.9062652587891 36.418327331543 35.7533874511719 35.4247207641602 38.259090423584 39.3383674621582 39.6144752502441 39.069019317627 38.5020751953125
42.3340644836426 42.0998191833496 41.4510116577148 41.7865676879883 41.8049545288086 41.4143600463867 41.1231803894043 41.473690032959 41.5635528564453 41.2862701416016 41.1535720825195 41.3224411010742 41.1541633605957 40.8874588012695 40.2934455871582 40.6866111755371 40.5840797424316 40.1570320129395 39.6547622680664 39.2591209411621 39.3157577514648 39.4970817565918 39.7270660400391 39.6909217834473 39.8960342407227 39.7718658447266 39.8040390014648 39.1351737976074 39.0987739562988 38.1582984924316 38.748779296875 39.0996398925781 39.1415863037109 38.8436164855957 38.5265007019043 38.4435005187988 37.7165222167969 37.2787628173828 36.9762649536133 36.2476196289062 35.7870178222656 37.9619522094727 39.298942565918 39.6302528381348 39.2305221557617 37.6266784667969
42.495002746582 42.2564239501953 41.8965797424316 41.9962120056152 41.9149971008301 41.5632781982422 40.9478569030762 41.4034614562988 41.5200805664062 41.5912170410156 41.5022277832031 41.3264045715332 40.9335632324219 40.9884338378906 40.9241218566895 40.7667427062988 40.5720558166504 40.0472984313965 39.8302879333496 39.5353927612305 38.9928436279297 39.1390266418457 39.516716003418 39.8096313476562 40.0620498657227 39.9650611877441 39.9478225708008 39.4593544006348 39.1277694702148 38.0763206481934 38.0561141967773 38.1236610412598 38.8978233337402 39.0027008056641 38.5983505249023 38.4781951904297 37.9698524475098 36.7584190368652 36.9464073181152 36.5416450500488 36.380729675293 37.8517875671387 39.186824798584 39.5051689147949 39.3088035583496 38.014762878418
42.516658782959 42.4031143188477 42.125602722168 42.1090850830078 42.0361938476562 41.7799072265625 41.2301483154297 41.0830917358398 41.3199806213379 41.5678367614746 41.6152839660645 41.3284721374512 40.7188377380371 40.874641418457 41.0294952392578 40.4087448120117 40.3354606628418 39.617000579834 39.5210571289062 39.2823753356934 38.647590637207 39.0427474975586 39.3987579345703 39.8434295654297 40.1981010437012 40.1717796325684 39.8038864135742 39.3863334655762 39.2039489746094 38.5236358642578 37.3359642028809 37.5667915344238 37.8423538208008 38.3297996520996 38.6260375976562 38.0930519104004 38.1198959350586 37.3443946838379 36.4465408325195 36.6803855895996 36.8456115722656 37.7774124145508 38.5589599609375 39.305980682373 39.2361946105957 37.7982330322266
42.339672088623 42.4797859191895 42.3017654418945 42.2235794067383 42.0787582397461 41.8382339477539 41.4844398498535 41.0366363525391 41.1587104797363 41.5627021789551 41.651538848877 41.5587348937988 41.3498687744141 41.1872215270996 40.8453712463379 40.1460456848145 40.2891960144043 40.0245780944824 40.1123313903809 39.2623023986816 39.2362861633301 39.0652351379395 39.129337310791 39.6927642822266 40.1524353027344 40.2655220031738 39.4726104736328 38.6735229492188 38.7233238220215 38.6163368225098 38.0743522644043 37.5505218505859 37.1433944702148 37.5368957519531 38.3034324645996 37.7546234130859 37.5193862915039 37.4542121887207 36.6039161682129 36.2991676330566 36.4775848388672 36.555492401123 37.3038444519043 38.5803642272949 38.912483215332 37.8990745544434
42.1104164123535 42.418701171875 42.4212036132812 42.2711639404297 42.067008972168 41.9300689697266 41.7165603637695 41.2822761535645 40.953670501709 41.5130081176758 41.6695671081543 41.2909851074219 40.6330299377441 40.6595420837402 40.7171211242676 40.6613845825195 40.6604080200195 40.4851455688477 40.2717094421387 39.9677352905273 39.6495246887207 39.0428352355957 39.3163108825684 40.0104484558105 40.3499374389648 40.2309913635254 39.6152954101562 39.4361915588379 38.9715766906738 38.497428894043 37.3593139648438 36.9827003479004 37.9267082214355 37.7800331115723 37.5748901367188 37.3461112976074 37.1242294311523 37.3620758056641 36.8625602722168 36.1791763305664 36.1924209594727 35.6804313659668 36.4092063903809 37.3945236206055 37.6355361938477 37.0810775756836
41.8346786499023 42.0830307006836 42.4463577270508 42.3325958251953 42.1886901855469 42.083381652832 41.8802452087402 41.5304489135742 41.4809799194336 41.6410026550293 41.7202949523926 41.3615226745605 41.0417060852051 40.3454284667969 40.470645904541 40.6926765441895 40.7721099853516 40.889232635498 40.4731330871582 40.2687149047852 39.8864059448242 39.5217132568359 39.5591201782227 40.0212516784668 40.3526611328125 40.2409362792969 39.6298980712891 38.9390602111816 38.0211906433105 37.9975395202637 37.6501884460449 37.5718307495117 38.3115921020508 38.0637397766113 37.2449684143066 36.9966239929199 37.3917655944824 37.1172943115234 36.7589340209961 36.2467041015625 36.2786827087402 36.0346717834473 35.6947784423828 36.3266410827637 36.6882286071777 36.9379463195801
41.6935768127441 41.7305946350098 42.4314193725586 42.3940963745117 42.2895965576172 42.153076171875 41.9683723449707 41.6531791687012 41.6503028869629 41.853931427002 41.7734375 41.5683326721191 41.225643157959 40.7636299133301 40.6410255432129 40.8747673034668 41.1080741882324 41.0501976013184 40.7978248596191 40.3700408935547 39.8940353393555 39.5604400634766 39.6775245666504 39.7818603515625 39.9407043457031 40.195068359375 39.3321342468262 38.5894393920898 38.01806640625 38.212329864502 38.2499160766602 38.1449699401855 38.490104675293 37.9992332458496 37.7549514770508 37.6547355651855 37.2455825805664 36.6992835998535 37.1493721008301 37.3315811157227 36.9266128540039 36.5133628845215 36.0151100158691 36.3958435058594 36.8414344787598 37.1653633117676
41.8582458496094 42.2697105407715 42.4441833496094 42.3768043518066 42.3496246337891 42.2371063232422 42.0793609619141 41.732837677002 41.7706184387207 41.9867248535156 41.7908935546875 41.6886940002441 41.4759826660156 41.5002059936523 41.3840827941895 41.3328399658203 41.3113288879395 41.1960563659668 40.9758186340332 40.4987182617188 40.2307968139648 40.3319282531738 40.5230941772461 40.6838493347168 40.5295791625977 40.1439552307129 39.945426940918 39.4867858886719 39.1410102844238 38.9533653259277 38.9838485717773 38.7697830200195 38.6607131958008 38.1306114196777 37.6075668334961 37.1823234558105 36.6683120727539 37.6409683227539 37.8706398010254 37.8002243041992 36.593433380127 36.5159759521484 36.0506553649902 35.7897644042969 36.9323577880859 37.3980255126953
42.2556114196777 42.405647277832 42.4092864990234 42.3092346191406 42.2863731384277 42.2897605895996 42.1988487243652 42.0666770935059 41.8623886108398 41.9392623901367 41.8792037963867 41.7769203186035 41.6372528076172 41.5184631347656 41.3953552246094 41.2965888977051 41.3854217529297 41.2647590637207 41.1132354736328 40.9861450195312 40.8676948547363 40.7940559387207 40.5913276672363 40.6568756103516 40.2548370361328 39.3441276550293 39.2745704650879 38.8700714111328 38.347599029541 39.016529083252 39.2328033447266 39.1642608642578 38.4870376586914 38.1954689025879 38.0664443969727 37.9932670593262 37.9440956115723 37.6471099853516 38.1690940856934 38.4380340576172 37.9699249267578 37.5601463317871 36.9658317565918 36.4643363952637 37.3742256164551 37.7789688110352
41.575553894043 42.0740509033203 42.3908424377441 42.3012161254883 42.1663551330566 42.2132568359375 42.1355895996094 41.9643821716309 41.5782890319824 41.5863571166992 41.8301696777344 41.6286659240723 41.1497955322266 41.2625465393066 41.3844528198242 40.8835144042969 41.225715637207 41.3299865722656 41.2543182373047 41.1792449951172 41.0995635986328 40.7222328186035 40.1467170715332 40.4522094726562 40.2776298522949 40.017162322998 39.9270782470703 39.596981048584 39.2540855407715 39.4548263549805 39.3898696899414 39.1305656433105 38.7186508178711 38.9037017822266 38.8452033996582 38.0052642822266 38.4600563049316 37.7009735107422 37.9613761901855 38.5905685424805 38.547981262207 38.3118133544922 37.6314392089844 36.8907012939453 37.4199180603027 38.0474853515625
40.746753692627 41.6919441223145 42.3003692626953 42.3731384277344 42.285888671875 42.2320899963379 42.1064376831055 41.9823913574219 41.7696800231934 41.2975120544434 40.9134140014648 41.518928527832 40.763484954834 40.4578590393066 41.1975250244141 40.85986328125 40.8174858093262 41.169376373291 41.1603469848633 41.128490447998 41.1036415100098 41.0408554077148 40.8953475952148 40.6692276000977 40.2861137390137 39.9295692443848 39.9183349609375 39.8271484375 39.7505264282227 39.5670318603516 39.3947944641113 39.010627746582 38.7466239929199 39.2686882019043 39.138355255127 38.8846015930176 38.8589401245117 38.3509063720703 38.0281639099121 38.5829963684082 38.720573425293 38.1725044250488 37.0497283935547 36.060131072998 36.4386520385742 37.9070739746094
41.7006759643555 41.5306587219238 42.0133094787598 42.1427612304688 42.2959289550781 42.2385559082031 42.1012992858887 41.9554634094238 41.7958831787109 41.5200881958008 40.9279251098633 41.2583084106445 40.2990646362305 40.0512619018555 40.7029685974121 40.5493812561035 39.9182739257812 40.8429794311523 40.8085594177246 40.7625274658203 40.9469718933105 41.0363616943359 40.9252281188965 40.5432815551758 39.8058090209961 39.2817153930664 38.9228973388672 39.182502746582 39.632137298584 39.1160163879395 38.9059448242188 38.2179260253906 38.8126258850098 39.4965705871582 39.3166351318359 39.1296157836914 39.1337242126465 38.7516326904297 38.4197273254395 38.635929107666 38.7789421081543 37.8242645263672 36.9394721984863 37.1921615600586 37.4747772216797 37.9544639587402
41.832691192627 42.1173210144043 42.1423416137695 42.1247978210449 42.2119178771973 42.2273445129395 42.1362838745117 42.0369873046875 41.878532409668 41.4641189575195 41.0950813293457 40.7259941101074 40.339729309082 39.9908638000488 40.4336166381836 40.2834930419922 40.2851104736328 40.0909957885742 39.8436660766602 39.804988861084 40.770565032959 40.9547843933105 40.9081840515137 40.7917861938477 40.2759056091309 39.2729148864746 38.0260162353516 38.7234268188477 39.3950462341309 38.558048248291 38.8627510070801 39.3224182128906 39.5407333374023 39.7375106811523 39.6391792297363 39.4505271911621 39.0244827270508 38.3099670410156 38.6691017150879 38.835075378418 39.0718841552734 38.7695159912109 38.6121139526367 38.5721054077148 38.5107231140137 38.0291366577148
42.0454063415527 42.0123977661133 41.8448829650879 41.9062843322754 42.2537269592285 42.1387672424316 42.1117935180664 42.0687980651855 41.9637680053711 41.64453125 40.6569061279297 40.701530456543 40.2939872741699 39.2575531005859 39.9046630859375 39.677303314209 39.5092887878418 38.8571891784668 39.5850524902344 39.8884124755859 40.787712097168 40.770923614502 40.8536796569824 40.9080924987793 40.1827964782715 39.2552261352539 38.2321662902832 38.8828506469727 39.3825073242188 38.941822052002 39.3353385925293 39.6671943664551 39.9495735168457 39.9269218444824 39.5469856262207 39.3102760314941 38.9808807373047 38.7373313903809 39.1443290710449 39.1895561218262 39.1975250244141 39.112117767334 38.9776802062988 38.4330978393555 37.7209205627441 37.6718559265137
42.1738243103027 42.1429824829102 42.086296081543 41.940990447998 42.2730293273926 42.2429542541504 42.1557960510254 42.081485748291 41.9973449707031 41.8869972229004 41.590747833252 40.928783416748 40.1707496643066 39.0809097290039 39.3540420532227 39.3016204833984 38.8933181762695 39.1223182678223 39.3262176513672 40.1993980407715 40.8237457275391 40.4445495605469 40.9855995178223 40.8342170715332 40.3271484375 40.1024398803711 39.1867065429688 39.2445068359375 39.513916015625 39.3452301025391 39.8211288452148 39.7605438232422 40.0872802734375 40.0041007995605 39.858699798584 39.6374168395996 38.9265251159668 39.0420951843262 39.2301330566406 39.2024765014648 39.2064361572266 39.0746383666992 38.9793510437012 38.5468482971191 38.4663047790527 38.3420486450195
