inst/extdata/Tmax/Tmax26.asc
NCOLS 100 
NROWS 79 
XLLCORNER 148.06 
YLLCORNER -21.49 
CELLSIZE 0.01 
NODATA_value -3.4e+38 
[rows 40 to 59 of 79, columns 46 to 91 of 100]
15.7029047012329 17.1951274871826 16.8891124725342 17.774040222168 20.0733604431152 20.0760612487793 19.8994579315186 17.6955432891846 17.3998527526855 18.0361747741699 19.6407699584961 21.6983280181885 22.1883811950684 21.6992149353027 20.9139785766602 22.7175960540771 23.6598873138428 23.1359691619873 24.2252578735352 24.2294883728027 23.6115951538086 24.2297286987305 22.1202373504639 20.9965782165527 22.4742832183838 23.4369049072266 23.9969940185547 23.1990299224854 23.0487880706787 23.2447338104248 22.8955421447754 24.0225009918213 22.7968730926514 19.8589210510254 21.5520553588867 25.985424041748 24.3559455871582 22.8165245056152 20.6911373138428 20.0236568450928 19.479118347168 22.3768119812012 22.7947635650635 22.1943054199219 23.5714950561523 20.82643699646
17.0823135375977 17.2893295288086 18.6954879760742 20.055793762207 20.7681064605713 20.3233451843262 19.6792774200439 19.4734916687012 20.8725337982178 21.1481952667236 23.8456802368164 22.6961936950684 22.4829349517822 22.1857109069824 21.613317489624 23.6047630310059 23.7380847930908 23.5815658569336 24.6634845733643 24.974437713623 22.9031047821045 23.2775650024414 19.5096549987793 25.3558158874512 26.5611000061035 22.1868209838867 24.1864013671875 23.1996383666992 23.4262008666992 22.6429634094238 23.2710762023926 23.8424587249756 23.7060108184814 22.777515411377 23.2403049468994 25.2844772338867 23.5680141448975 23.0258827209473 22.7746181488037 22.5007572174072 22.0372829437256 21.6008853912354 23.0379772186279 22.7013130187988 22.7088298797607 22.1895141601562
18.5942306518555 19.6259174346924 19.5597839355469 21.5676498413086 26.6647338867188 24.17311668396 21.6882438659668 20.9485034942627 22.1035633087158 23.8005466461182 23.9382877349854 23.5403518676758 23.8378238677979 23.3991622924805 25.1448249816895 23.7022247314453 23.5621814727783 23.2484951019287 23.7025299072266 24.4552783966064 23.5433330535889 23.0062599182129 22.7054538726807 26.8583354949951 20.2290554046631 26.979118347168 26.2772617340088 22.1395778656006 21.5186462402344 24.1490612030029 23.8663330078125 24.2188816070557 23.5202007293701 22.8950157165527 23.3007068634033 22.1111030578613 22.2377948760986 21.7371482849121 21.8398170471191 22.3137302398682 23.490966796875 23.6096229553223 23.993371963501 22.6930675506592 24.7336692810059 24.6952781677246
22.133996963501 22.9145069122314 23.0824794769287 23.2397022247314 23.9929294586182 23.5080394744873 23.1720809936523 22.7766952514648 23.1242694854736 23.5264091491699 24.2187900543213 24.2481155395508 24.4560947418213 24.3659381866455 23.8584251403809 23.418872833252 23.0785179138184 23.3006000518799 24.0454025268555 21.6771965026855 23.9578456878662 23.9982852935791 23.8160991668701 23.1988868713379 22.6594924926758 24.4212512969971 23.6938667297363 23.2529983520508 23.914924621582 25.6634902954102 25.0629901885986 25.5347690582275 23.3504981994629 22.7709617614746 22.6355094909668 25.1790504455566 24.6355609893799 22.7393550872803 23.7248439788818 24.8140316009521 25.4440498352051 24.617546081543 23.0745983123779 27.3350143432617 24.9135990142822 22.9134559631348
21.9580497741699 22.1735210418701 22.1874237060547 22.5573959350586 24.140474319458 24.8145542144775 24.2227878570557 23.4084911346436 23.7957744598389 23.4768753051758 23.1819629669189 23.1674308776855 22.7655277252197 22.6242504119873 22.4777126312256 23.0766220092773 21.4521255493164 22.3262958526611 23.3980522155762 23.7939891815186 24.7784099578857 25.4314937591553 25.1766719818115 24.2398262023926 22.1468296051025 22.6407814025879 23.071849822998 23.5871829986572 25.8363246917725 26.2012004852295 24.8706150054932 23.643138885498 22.5999965667725 23.3188991546631 23.0008277893066 25.0512065887451 23.765115737915 22.6212711334229 23.9040813446045 22.4226131439209 23.0726280212402 24.6614799499512 25.1025676727295 25.0809440612793 27.9776382446289 24.8919506072998
17.9238166809082 19.4896545410156 21.1029186248779 19.4584770202637 21.1737880706787 21.8931560516357 21.7332458496094 22.0610427856445 22.371940612793 22.486291885376 19.4160556793213 19.6094799041748 19.8005390167236 17.8826351165771 18.9482307434082 20.0163288116455 22.4103527069092 22.64035987854 22.6174182891846 22.7650566101074 24.5813446044922 24.3901062011719 23.7369251251221 23.7107601165771 23.8543834686279 24.3801593780518 24.3944187164307 24.3856964111328 24.0438060760498 24.266731262207 23.9409313201904 25.1111278533936 25.9916610717773 26.4864807128906 24.4843635559082 24.238224029541 23.7489452362061 23.6097545623779 23.6002902984619 23.3379421234131 23.2002182006836 24.2854099273682 24.4734516143799 23.1829719543457 25.5126781463623 27.8847713470459
15.9064788818359 17.4582481384277 17.0588665008545 16.8380641937256 18.0464935302734 18.5078659057617 18.6934871673584 19.3137073516846 19.9290809631348 19.1251010894775 18.7154350280762 18.0522994995117 18.4484577178955 18.3203544616699 18.6905117034912 20.0420055389404 22.7876300811768 22.5732536315918 21.9517097473145 23.8736972808838 24.3559608459473 24.795991897583 23.8796234130859 23.1854915618896 25.8352451324463 26.0489196777344 25.1316375732422 24.4367256164551 23.531665802002 23.4667491912842 24.6975498199463 24.5418186187744 24.0027904510498 24.344690322876 24.640323638916 27.2733173370361 24.0927505493164 24.2978687286377 23.2296409606934 23.1151676177979 23.1090927124023 25.7699718475342 23.8123455047607 26.6939525604248 25.3189849853516 24.7826671600342
16.2815113067627 16.2206840515137 16.1023941040039 16.2166767120361 16.0884246826172 16.5632076263428 17.7375068664551 18.8230533599854 19.1204433441162 18.9199829101562 19.5850048065186 18.9730777740479 18.9984607696533 20.5227432250977 21.3012676239014 22.8521175384521 23.5156097412109 23.4330196380615 23.5840797424316 24.9980297088623 27.7404689788818 25.4863052368164 23.4196281433105 24.4604682922363 25.6907234191895 25.3357963562012 24.7152271270752 27.6669368743896 24.837963104248 25.1165637969971 25.1633472442627 22.6333808898926 22.5056743621826 22.853982925415 22.6500453948975 22.6704387664795 24.1001930236816 23.1259536743164 22.2442665100098 26.0167121887207 25.7839431762695 27.7659282684326 24.3607273101807 26.4869384765625 26.2299671173096 26.167724609375
16.0337142944336 18.0471820831299 16.4105606079102 16.0294895172119 15.9418210983276 15.9222755432129 16.1658020019531 18.4119300842285 19.2013645172119 19.3806686401367 19.2816314697266 19.3659076690674 24.6959190368652 25.8271236419678 26.3302097320557 22.7067375183105 24.59423828125 20.9492835998535 26.5980625152588 26.5391960144043 26.2717266082764 26.5591793060303 25.9673099517822 25.548318862915 25.2620429992676 23.3765544891357 24.5923671722412 25.7594203948975 27.9280662536621 27.2224864959717 26.9816188812256 27.7478828430176 26.8594303131104 22.9043445587158 23.8881359100342 28.3083248138428 27.4986457824707 24.5060863494873 24.3363418579102 24.1686096191406 22.2674961090088 22.8159828186035 23.4576168060303 24.384916305542 23.5316047668457 24.1759777069092
17.941442489624 18.644079208374 19.8483390808105 16.9012794494629 16.462194442749 17.3719062805176 17.2066402435303 18.3363437652588 18.7229061126709 19.3311996459961 23.6418018341064 25.263032913208 26.4659748077393 26.5080833435059 27.0012493133545 20.1485824584961 23.3320789337158 20.4213695526123 20.7372512817383 23.3067741394043 23.3275680541992 27.5792808532715 24.0380821228027 24.9394207000732 24.689884185791 23.8311462402344 25.8062953948975 25.9023723602295 26.41379737854 26.4976634979248 26.2850513458252 24.6675453186035 23.0226516723633 23.5399360656738 24.2148914337158 28.4657306671143 28.4506587982178 25.2869663238525 24.1648979187012 24.0312919616699 24.031421661377 23.0304832458496 24.2328052520752 22.8515186309814 23.8568019866943 24.5232944488525
21.3344841003418 18.1172142028809 21.1216506958008 16.0599536895752 16.2250576019287 17.6136875152588 17.865629196167 18.6612224578857 19.4085750579834 19.9555397033691 19.9715919494629 20.202320098877 24.8578319549561 25.5460662841797 26.1677646636963 20.0932998657227 22.5693225860596 22.4638290405273 19.2971210479736 23.1147212982178 20.6762733459473 26.4585590362549 24.1197414398193 25.679479598999 24.1208477020264 25.1341018676758 24.1527042388916 23.7749271392822 26.8311424255371 26.554515838623 25.9552745819092 25.4442729949951 25.143835067749 23.3836364746094 24.2481098175049 26.7060260772705 28.0780296325684 26.2220020294189 25.1386413574219 25.6782703399658 24.2596569061279 23.1650848388672 23.2622776031494 22.4134483337402 23.8958358764648 24.7149925231934
16.7634429931641 15.3765211105347 15.9206266403198 14.9888181686401 14.995361328125 16.7700233459473 17.7133121490479 18.9238834381104 19.3351821899414 19.6321086883545 19.8567447662354 19.5192356109619 19.438404083252 19.007926940918 19.5171394348145 22.6885108947754 20.4599704742432 23.2489852905273 20.1020698547363 22.5030899047852 22.3388385772705 23.2904224395752 26.4213409423828 27.2052364349365 24.4093914031982 24.6111450195312 25.3074779510498 23.4900550842285 23.9380531311035 27.3998928070068 25.8451538085938 25.1639099121094 24.6154727935791 22.99440574646 22.9097061157227 24.5899887084961 24.996940612793 24.8618946075439 24.3022155761719 22.6475257873535 26.3028736114502 22.6457099914551 22.39501953125 22.0856876373291 22.1342029571533 23.4519958496094
15.0878591537476 20.7693424224854 21.5922622680664 15.208212852478 15.1776075363159 16.1336154937744 16.9916877746582 17.9358329772949 18.4987850189209 18.8698978424072 19.2281169891357 19.0532035827637 19.0944976806641 19.5564308166504 19.9766502380371 20.3882751464844 23.077564239502 23.4891529083252 23.3847599029541 23.8702030181885 22.3635711669922 23.572416305542 25.1858024597168 27.3066349029541 25.1671905517578 25.9950199127197 25.9552001953125 25.8401145935059 25.7344951629639 27.7965717315674 26.7002544403076 26.1452007293701 26.2644348144531 26.5946350097656 23.7090911865234 22.8031482696533 24.0199928283691 21.4877185821533 23.0312175750732 23.3618907928467 23.4912757873535 22.5094528198242 27.032398223877 23.5399074554443 22.1575469970703 21.9550952911377
15.9789867401123 15.119010925293 21.0061683654785 15.8325614929199 15.9979381561279 17.0153656005859 16.9181098937988 17.7484512329102 18.924036026001 19.4696254730225 19.8128128051758 19.9396171569824 20.0016345977783 23.7130031585693 23.7510643005371 20.7381000518799 20.5103950500488 20.6625175476074 20.6897411346436 23.4880199432373 23.016206741333 23.2407817840576 20.805154800415 22.0142269134521 22.8705635070801 24.7159023284912 24.103006362915 25.1713638305664 27.2607040405273 24.8397789001465 24.7297077178955 23.813756942749 24.1921482086182 25.0587100982666 23.4906406402588 23.1269245147705 21.1456279754639 20.3670711517334 20.6149044036865 19.4652214050293 25.3961124420166 24.0048389434814 25.2145652770996 24.8634052276611 26.873893737793 22.6646404266357
17.061975479126 16.0259609222412 15.5435695648193 16.130298614502 16.7387580871582 17.7161273956299 17.791748046875 18.1501922607422 18.4641132354736 19.148021697998 19.206600189209 21.9615859985352 22.9433898925781 20.1500778198242 24.4822635650635 23.8700275421143 24.3629188537598 20.9812107086182 23.7723159790039 23.5603408813477 23.6094207763672 22.6885318756104 21.6703510284424 23.7344379425049 25.595775604248 25.8806457519531 24.0175437927246 24.528736114502 23.6915054321289 25.6474323272705 25.8794841766357 24.4547500610352 25.8254528045654 23.7245063781738 26.296142578125 23.3441505432129 26.9794368743896 23.3245220184326 23.6779041290283 22.0712223052979 23.3207988739014 23.9011287689209 23.2480392456055 23.5681133270264 24.4546909332275 25.4731864929199
16.6498546600342 16.0940799713135 15.7051010131836 17.0607814788818 17.7646598815918 18.3465232849121 19.0730495452881 19.4408798217773 19.4349403381348 19.8008155822754 19.682559967041 21.8563919067383 22.5965309143066 24.1586265563965 24.3534393310547 23.8640995025635 24.2770900726318 24.6784496307373 24.1550407409668 21.0029640197754 23.5681304931641 22.7064743041992 23.4951496124268 23.5603656768799 24.8536586761475 25.6898365020752 26.0099754333496 26.5931510925293 23.926383972168 24.4712657928467 21.6634101867676 23.909351348877 25.3299236297607 27.2716197967529 26.2912006378174 20.3884468078613 23.0001926422119 23.935697555542 22.4670104980469 23.478006362915 25.4628124237061 24.6935577392578 24.0882549285889 24.5082244873047 24.0901985168457 23.967472076416
16.6326751708984 15.8126430511475 15.1401433944702 16.6031131744385 17.9578456878662 18.4654502868652 17.791898727417 19.2448024749756 18.8977298736572 18.2495059967041 19.5635795593262 19.2632827758789 19.6068630218506 22.4862651824951 20.1527709960938 23.5169696807861 23.659496307373 23.6739387512207 24.2846508026123 22.3263530731201 23.2217903137207 23.6977577209473 23.273063659668 20.9622611999512 23.4634895324707 25.6909103393555 24.7837924957275 23.9959373474121 24.2543926239014 24.4607925415039 21.5384731292725 19.4844264984131 20.469030380249 23.4875450134277 19.6697769165039 19.4159851074219 23.8699512481689 23.3639278411865 24.2060165405273 22.974027633667 25.2537479400635 26.4838733673096 22.8668785095215 23.1890201568604 24.1246643066406 24.766393661499
17.0399303436279 15.9520635604858 16.0491600036621 16.6583728790283 17.6002197265625 18.0897960662842 18.6302623748779 18.6943912506104 17.3831520080566 16.9522113800049 18.9166564941406 17.5079231262207 18.0408706665039 18.3586521148682 22.1401348114014 23.0452556610107 20.4048652648926 23.6874561309814 21.1018486022949 24.5796546936035 24.1922988891602 24.5010547637939 23.9820137023926 23.6894397735596 22.8795566558838 24.1380233764648 24.9943542480469 23.9974498748779 23.4424438476562 25.1168651580811 23.2928924560547 20.7516918182373 23.8060722351074 22.6879615783691 17.1578102111816 21.9060020446777 23.1513004302979 23.6969203948975 24.0698871612549 25.7877826690674 23.7360038757324 26.1259269714355 23.8742637634277 24.1484222412109 23.6294364929199 23.5314826965332
17.0432739257812 16.7089347839355 16.4210548400879 16.6037139892578 17.33860206604 18.0989761352539 18.0647811889648 17.8297004699707 17.1662673950195 18.2411880493164 18.477352142334 17.2059707641602 17.5372714996338 17.7755012512207 19.1548919677734 19.5652809143066 23.3352355957031 20.5375061035156 23.9009647369385 24.1690826416016 23.9877071380615 24.377592086792 22.6095371246338 24.1206550598145 23.3911914825439 23.4956035614014 23.2694911956787 24.4214668273926 22.7184906005859 22.7130699157715 24.4378833770752 24.1408748626709 20.636510848999 22.4656734466553 23.1277179718018 24.1143264770508 21.190523147583 23.7436389923096 26.1493606567383 23.4808616638184 24.5243473052979 23.6807708740234 24.146879196167 26.0042629241943 25.4907093048096 23.2250366210938
16.4136848449707 16.3278923034668 15.8487100601196 16.291145324707 16.903829574585 16.77516746521 17.502986907959 17.969575881958 18.3841228485107 18.4521942138672 18.47509765625 18.7460060119629 22.0727672576904 22.8323001861572 22.7063694000244 19.4399070739746 20.2249565124512 24.0659255981445 21.4422855377197 23.5733985900879 23.9235992431641 24.5584506988525 24.68039894104 24.0094871520996 24.2052593231201 23.1561107635498 23.5889701843262 23.51633644104 22.7490177154541 24.7215557098389 25.1130123138428 25.974925994873 22.3484840393066 23.2146511077881 23.0753040313721 18.8889675140381 21.9626808166504 24.8057174682617 26.7115840911865 21.415376663208 23.9260959625244 24.1694564819336 23.4879989624023 22.2360553741455 23.8115940093994 24.6150398254395
