inst/extdata/Tmax/Tmax95.asc
NCOLS 100 
NROWS 79 
XLLCORNER 148.06 
YLLCORNER -21.49 
CELLSIZE 0.01 
NODATA_value -3.4e+38 
[rows 0 to 19 of 79, columns 46 to 91 of 100]
35.9982223510742 35.8601570129395 35.7875480651855 35.8010520935059 35.799488067627 35.7167434692383 35.9033889770508 35.7746162414551 35.629322052002 35.4984893798828 35.4494171142578 35.2430648803711 35.1755905151367 35.3671989440918 35.6003036499023 35.5522994995117 35.4614601135254 35.3332824707031 35.1028327941895 34.9620590209961 34.8719367980957 -3.4e+38 -3.4e+38 -3.4e+38 -3.4e+38 -3.4e+38 -3.4e+38 -3.4e+38 -3.4e+38 -3.4e+38 -3.4e+38 -3.4e+38 -3.4e+38 -3.4e+38 -3.4e+38 -3.4e+38 -3.4e+38 -3.4e+38 -3.4e+38 -3.4e+38 -3.4e+38 -3.4e+38 -3.4e+38 -3.4e+38 -3.4e+38 -3.4e+38
35.9644660949707 35.7409782409668 35.5655784606934 35.7881813049316 35.9355735778809 35.9525947570801 35.9263343811035 35.8545036315918 35.5875549316406 35.2427062988281 35.3703269958496 34.9502143859863 35.3737945556641 35.6355514526367 35.6297645568848 35.572582244873 35.4941673278809 35.3938217163086 35.2435760498047 35.1756820678711 35.1108512878418 35.0085525512695 -3.4e+38 -3.4e+38 -3.4e+38 -3.4e+38 -3.4e+38 -3.4e+38 -3.4e+38 -3.4e+38 -3.4e+38 -3.4e+38 -3.4e+38 -3.4e+38 -3.4e+38 -3.4e+38 -3.4e+38 -3.4e+38 -3.4e+38 -3.4e+38 -3.4e+38 -3.4e+38 -3.4e+38 -3.4e+38 -3.4e+38 -3.4e+38
35.894157409668 35.2907562255859 34.6266326904297 35.7576179504395 35.9317817687988 35.9539260864258 35.9488716125488 35.9160423278809 35.7385292053223 35.2680778503418 35.3624496459961 35.4855003356934 35.5595092773438 35.6941299438477 35.676700592041 35.6146583557129 35.5537338256836 35.4839324951172 35.3898506164551 35.2183265686035 35.2059440612793 35.0772476196289 34.8917465209961 34.6588325500488 -3.4e+38 -3.4e+38 -3.4e+38 -3.4e+38 -3.4e+38 -3.4e+38 -3.4e+38 -3.4e+38 -3.4e+38 -3.4e+38 -3.4e+38 -3.4e+38 -3.4e+38 -3.4e+38 -3.4e+38 -3.4e+38 -3.4e+38 -3.4e+38 -3.4e+38 -3.4e+38 -3.4e+38 -3.4e+38
35.528434753418 35.5927391052246 34.721622467041 35.646183013916 35.8160743713379 35.8756332397461 35.9384346008301 35.868968963623 35.7723808288574 35.5106887817383 35.4439010620117 35.2448692321777 35.5404243469238 35.6575889587402 35.6879196166992 35.6266441345215 35.5917434692383 35.5464057922363 35.4421005249023 35.1499214172363 35.0138816833496 35.0336456298828 34.9871444702148 34.9259567260742 34.7928123474121 34.462287902832 -3.4e+38 -3.4e+38 -3.4e+38 -3.4e+38 -3.4e+38 -3.4e+38 -3.4e+38 -3.4e+38 -3.4e+38 -3.4e+38 -3.4e+38 -3.4e+38 -3.4e+38 -3.4e+38 -3.4e+38 -3.4e+38 -3.4e+38 -3.4e+38 -3.4e+38 -3.4e+38
35.5124855041504 35.5448379516602 34.5801086425781 34.7791366577148 35.432071685791 35.8603515625 35.9419708251953 35.8361434936523 35.8227081298828 35.574047088623 35.3497428894043 35.2025451660156 34.8988227844238 35.4303512573242 35.6476440429688 35.5951614379883 35.6340675354004 35.6039390563965 35.4153747558594 34.8105430603027 34.4016914367676 35.0185317993164 35.0887603759766 35.0408668518066 34.8429794311523 34.6122055053711 -3.4e+38 -3.4e+38 -3.4e+38 -3.4e+38 -3.4e+38 -3.4e+38 -3.4e+38 -3.4e+38 -3.4e+38 -3.4e+38 -3.4e+38 -3.4e+38 -3.4e+38 -3.4e+38 -3.4e+38 -3.4e+38 -3.4e+38 -3.4e+38 -3.4e+38 -3.4e+38
34.8166999816895 35.4271659851074 34.1942825317383 33.6969146728516 35.1319808959961 35.9147033691406 35.8717956542969 35.8344841003418 35.7992248535156 35.4737434387207 34.7417831420898 34.4794769287109 34.758056640625 35.528190612793 35.4596519470215 35.613468170166 35.6630325317383 35.6146621704102 35.5461082458496 35.0241775512695 34.4300956726074 34.4940147399902 34.9177627563477 34.9736595153809 34.9532928466797 34.8814468383789 -3.4e+38 -3.4e+38 -3.4e+38 -3.4e+38 -3.4e+38 -3.4e+38 -3.4e+38 -3.4e+38 -3.4e+38 -3.4e+38 -3.4e+38 -3.4e+38 -3.4e+38 -3.4e+38 -3.4e+38 -3.4e+38 -3.4e+38 -3.4e+38 -3.4e+38 -3.4e+38
34.0837669372559 35.4047927856445 34.9061012268066 34.8491363525391 35.6503105163574 35.8772964477539 35.7448272705078 35.662109375 35.7961082458496 35.4063034057617 34.830940246582 34.8309860229492 35.3815650939941 35.4942169189453 34.7491683959961 35.4893569946289 35.5482597351074 35.559398651123 35.596076965332 35.3710174560547 35.0632934570312 34.8450202941895 35.0307464599609 34.8343658447266 35.0408935546875 35.069393157959 34.969409942627 34.7445831298828 -3.4e+38 -3.4e+38 -3.4e+38 -3.4e+38 -3.4e+38 -3.4e+38 -3.4e+38 -3.4e+38 -3.4e+38 -3.4e+38 -3.4e+38 -3.4e+38 -3.4e+38 -3.4e+38 -3.4e+38 -3.4e+38 -3.4e+38 -3.4e+38
33.4130325317383 35.4227485656738 35.8021965026855 35.6540756225586 34.8447723388672 35.0654945373535 35.586597442627 35.7184371948242 35.8558006286621 35.706901550293 35.3949546813965 35.0579261779785 35.0863304138184 35.2724838256836 34.9099884033203 35.4969367980957 34.9142990112305 34.8876037597656 35.4744148254395 35.5826759338379 35.4525756835938 35.2463150024414 35.1624603271484 35.2062225341797 35.1850090026855 35.1635971069336 35.0104598999023 34.8862457275391 34.6552543640137 34.2482490539551 34.2474594116211 -3.4e+38 -3.4e+38 -3.4e+38 -3.4e+38 -3.4e+38 -3.4e+38 -3.4e+38 -3.4e+38 -3.4e+38 -3.4e+38 -3.4e+38 -3.4e+38 -3.4e+38 -3.4e+38 -3.4e+38
33.3527297973633 35.0289344787598 35.8075790405273 35.7217903137207 35.0279884338379 33.8232345581055 34.9325065612793 35.7846717834473 35.8524703979492 35.7641983032227 35.650520324707 35.4396133422852 35.4618110656738 35.324047088623 34.9008102416992 34.8566932678223 34.5149230957031 35.1521224975586 35.4085578918457 35.4717178344727 35.4886589050293 35.1990127563477 34.8781700134277 34.6164588928223 35.1868286132812 35.2293853759766 35.128734588623 34.9979133605957 34.9011726379395 34.4620819091797 34.3181762695312 34.4370155334473 -3.4e+38 -3.4e+38 -3.4e+38 -3.4e+38 -3.4e+38 -3.4e+38 -3.4e+38 -3.4e+38 -3.4e+38 -3.4e+38 -3.4e+38 -3.4e+38 -3.4e+38 -3.4e+38
34.103702545166 35.0311317443848 35.6950988769531 35.6944808959961 35.6791229248047 34.562915802002 34.8201675415039 35.6999931335449 35.8512191772461 35.7580871582031 35.6069450378418 35.4013290405273 35.3040885925293 35.400074005127 34.8581314086914 34.6201515197754 34.5588912963867 35.4924697875977 35.3689384460449 35.1239051818848 35.4535675048828 35.4248161315918 35.2641258239746 34.9824600219727 35.3146324157715 35.2707824707031 35.1453437805176 35.1854934692383 35.0590057373047 34.8159255981445 34.4260787963867 34.4450225830078 -3.4e+38 -3.4e+38 -3.4e+38 -3.4e+38 -3.4e+38 -3.4e+38 -3.4e+38 -3.4e+38 -3.4e+38 -3.4e+38 -3.4e+38 -3.4e+38 -3.4e+38 -3.4e+38
33.3346138000488 34.8957138061523 35.2205581665039 35.050853729248 35.3482475280762 35.5795707702637 35.349048614502 35.7177543640137 35.808277130127 35.7297325134277 35.6014823913574 35.4588432312012 35.2977676391602 35.6028747558594 35.4785537719727 35.4106483459473 35.4690933227539 35.6508750915527 35.6542739868164 35.2097587585449 34.8365707397461 35.3913345336914 35.5450172424316 35.1278381347656 35.1420364379883 35.0266380310059 35.0041465759277 35.2672576904297 35.1415481567383 34.9083023071289 -3.4e+38 -3.4e+38 -3.4e+38 -3.4e+38 -3.4e+38 -3.4e+38 -3.4e+38 -3.4e+38 -3.4e+38 -3.4e+38 -3.4e+38 -3.4e+38 -3.4e+38 -3.4e+38 -3.4e+38 -3.4e+38
32.768310546875 33.6083908081055 33.8979911804199 33.6867332458496 34.5701560974121 35.1416358947754 35.4653244018555 35.7104034423828 35.7168350219727 35.6528015136719 35.513744354248 35.3668746948242 35.2510261535645 35.7831382751465 35.7827835083008 35.6746406555176 35.6902275085449 35.7745399475098 35.8164443969727 35.7396278381348 35.4289436340332 35.2597122192383 35.5807838439941 35.424747467041 35.2271423339844 35.3352508544922 35.363883972168 35.1490783691406 35.0565986633301 34.9231033325195 -3.4e+38 -3.4e+38 -3.4e+38 -3.4e+38 -3.4e+38 -3.4e+38 -3.4e+38 -3.4e+38 -3.4e+38 -3.4e+38 -3.4e+38 -3.4e+38 -3.4e+38 -3.4e+38 -3.4e+38 -3.4e+38
32.7715110778809 31.9456043243408 31.4331169128418 31.5595874786377 33.4110260009766 33.8954696655273 34.9653396606445 35.2789192199707 35.5584259033203 35.4720649719238 35.3040351867676 35.5938262939453 35.6054344177246 35.5268287658691 35.9103088378906 35.9032249450684 35.8572082519531 35.872917175293 35.8914375305176 35.8836555480957 35.8504333496094 35.788028717041 35.6695785522461 35.6275024414062 35.3774223327637 35.4522666931152 35.4440956115723 35.2118225097656 34.9897193908691 34.8990287780762 34.7885093688965 34.5337905883789 -3.4e+38 -3.4e+38 -3.4e+38 -3.4e+38 -3.4e+38 -3.4e+38 -3.4e+38 -3.4e+38 -3.4e+38 -3.4e+38 -3.4e+38 -3.4e+38 -3.4e+38 -3.4e+38
32.7760429382324 32.1149368286133 31.365104675293 30.924186706543 31.4451560974121 32.175666809082 33.8446159362793 34.8990936279297 35.5339088439941 35.3952522277832 34.9875335693359 35.5130958557129 35.8020439147949 35.8508529663086 35.8764762878418 35.9079780578613 35.9389762878418 35.9377250671387 35.9275970458984 35.9087829589844 35.8887405395508 35.8393211364746 35.7801856994629 35.7136535644531 35.5156936645508 35.5525856018066 35.4825172424316 35.3058853149414 35.094409942627 35.0406036376953 34.9986305236816 34.8819046020508 34.6181945800781 -3.4e+38 -3.4e+38 -3.4e+38 -3.4e+38 34.2744483947754 34.3202972412109 -3.4e+38 -3.4e+38 -3.4e+38 -3.4e+38 -3.4e+38 -3.4e+38 -3.4e+38
33.2838478088379 32.1914138793945 31.4515132904053 31.1438961029053 31.6213226318359 31.428466796875 32.4693450927734 33.9850158691406 35.1374015808105 35.4739723205566 34.5594100952148 35.2902374267578 35.6780204772949 35.2973022460938 35.3800163269043 35.7454261779785 35.842700958252 35.9122505187988 35.8792190551758 35.7793045043945 35.8193817138672 35.7803039550781 35.7885932922363 35.7506408691406 35.6895637512207 35.5812911987305 35.502269744873 35.389232635498 35.2832107543945 35.2194709777832 35.1996650695801 35.0774383544922 34.7364196777344 -3.4e+38 -3.4e+38 -3.4e+38 -3.4e+38 34.369743347168 34.3422546386719 34.4955978393555 34.5042343139648 34.3660163879395 -3.4e+38 -3.4e+38 -3.4e+38 -3.4e+38
33.2493171691895 32.1692352294922 31.4860820770264 31.8800201416016 31.7099895477295 32.0714302062988 31.871488571167 33.115966796875 34.9775314331055 35.6081161499023 34.7448539733887 34.7216606140137 35.4233589172363 33.8595657348633 34.726634979248 35.0653495788574 35.544849395752 35.8827056884766 35.8746528625488 35.8044662475586 35.8077774047852 35.7931976318359 35.8056488037109 35.7660331726074 35.7112617492676 35.510555267334 35.5020904541016 35.460132598877 35.4282341003418 35.4030532836914 35.3285102844238 35.2012062072754 35.036865234375 -3.4e+38 -3.4e+38 34.8761825561523 34.6814994812012 34.4469337463379 34.3532295227051 34.1846809387207 34.3229560852051 34.514835357666 -3.4e+38 -3.4e+38 -3.4e+38 -3.4e+38
32.0651512145996 31.0018215179443 30.9708557128906 32.0951118469238 32.4035987854004 32.3414726257324 31.9945888519287 32.3198471069336 34.3499488830566 35.4501838684082 35.4781913757324 34.7828903198242 35.2323265075684 34.0798530578613 34.0985565185547 34.1674728393555 35.2888984680176 35.8706169128418 35.8881950378418 35.9078102111816 35.9153633117676 35.8694877624512 35.831241607666 35.6325988769531 35.6383819580078 35.5489044189453 35.5515251159668 35.5644569396973 35.5541343688965 35.4952278137207 35.4225006103516 35.3345756530762 35.2470245361328 -3.4e+38 35.1280517578125 35.1289405822754 35.0693473815918 -3.4e+38 34.4795074462891 -3.4e+38 34.2717475891113 -3.4e+38 -3.4e+38 -3.4e+38 -3.4e+38 -3.4e+38
32.0377922058105 30.8011360168457 30.18381690979 32.4439392089844 32.6384315490723 32.0942611694336 31.7742500305176 31.8981704711914 33.2571983337402 35.2158393859863 35.3256607055664 34.9733848571777 35.0819244384766 35.1848602294922 34.6311378479004 35.5813789367676 35.7830924987793 35.8771820068359 35.9143562316895 35.9089965820312 35.9116592407227 35.8834037780762 35.8559646606445 35.7824363708496 35.7748832702637 35.7338943481445 35.7109909057617 35.6867065429688 35.6087036132812 35.5987586975098 35.5486106872559 35.4941787719727 35.4404373168945 35.382194519043 35.3536376953125 35.3667335510254 35.2262382507324 -3.4e+38 -3.4e+38 -3.4e+38 -3.4e+38 -3.4e+38 -3.4e+38 34.5549430847168 -3.4e+38 -3.4e+38
33.5668525695801 33.3050498962402 31.4587726593018 32.7901458740234 31.5212821960449 31.5369319915771 31.9310932159424 32.2035255432129 33.9869804382324 35.1798973083496 34.9431343078613 34.4348945617676 35.1772727966309 35.5326614379883 35.6270484924316 35.6893615722656 35.7973289489746 35.5310935974121 35.6684989929199 35.8131256103516 35.799934387207 35.8328857421875 35.8438949584961 35.8238830566406 35.8191604614258 35.8013381958008 35.7890625 35.676212310791 35.3759307861328 35.5175857543945 35.6359786987305 35.6327743530273 35.5999526977539 35.5319938659668 35.508228302002 35.4598503112793 35.3329811096191 35.2193336486816 35.1160697937012 35.0626258850098 35.077262878418 34.9832763671875 34.7316856384277 34.5429954528809 -3.4e+38 -3.4e+38
33.6370544433594 32.9236068725586 33.4960861206055 33.3463439941406 32.1389503479004 32.1816215515137 31.858003616333 32.0526161193848 33.8066673278809 34.931755065918 35.2960014343262 35.107048034668 35.4053688049316 35.658992767334 35.5571937561035 35.4495964050293 35.6190567016602 35.395923614502 35.2645072937012 35.4191970825195 35.7037773132324 35.7628288269043 35.7841682434082 35.8313293457031 35.8584022521973 35.8570098876953 35.8295631408691 35.6546592712402 35.4055519104004 35.6309127807617 35.6292762756348 35.740779876709 35.647891998291 35.609733581543 35.5866775512695 35.482307434082 35.4121131896973 35.3757820129395 35.3504676818848 35.3304557800293 35.3185691833496 35.2048072814941 34.8628349304199 34.4799461364746 34.544734954834 -3.4e+38
