inst/extdata/Tmax/Tmax53.asc
NCOLS 100 
NROWS 79 
XLLCORNER 148.06 
YLLCORNER -21.49 
CELLSIZE 0.01 
NODATA_value -3.4e+38 
[rows 40 to 59 of 79, columns 46 to 91 of 100]
21.4065265655518 22.807788848877 22.4564685821533 23.2574520111084 25.6308822631836 25.7505760192871 25.5362110137939 23.1243762969971 22.8434772491455 23.5221900939941 25.2007865905762 27.4632720947266 27.9270477294922 27.472261428833 26.6096496582031 28.5340061187744 29.5061016082764 28.9497680664062 30.0349521636963 30.0351657867432 29.4074611663818 29.9405651092529 27.8532981872559 26.7436103820801 28.2171230316162 29.1740112304688 29.7166919708252 28.8799018859863 28.7322368621826 28.9300003051758 28.5659980773926 29.6698665618896 28.4079608917236 25.3488063812256 27.0567951202393 31.5399360656738 29.8922176361084 28.3346157073975 26.218807220459 25.4951114654541 24.872579574585 27.8075389862061 28.2462463378906 27.6194114685059 29.0136299133301 26.2665424346924
22.6816883087158 22.7806053161621 24.1835765838623 25.5373725891113 26.3275680541992 26.0250473022461 25.2724838256836 25.0324554443359 26.5103149414062 26.8067741394043 29.5562992095947 28.4876308441162 28.2757129669189 27.9921340942383 27.4183330535889 29.4512577056885 29.600399017334 29.4302711486816 30.4971923828125 30.798152923584 28.7148780822754 29.0395317077637 25.2021236419678 31.0681228637695 32.256233215332 27.9121856689453 29.9244899749756 28.8906497955322 29.1039772033691 28.3373489379883 28.9557132720947 29.5094699859619 29.3494167327881 28.3628330230713 28.8340129852295 30.871150970459 29.1278018951416 28.5751495361328 28.3221015930176 28.0480270385742 27.495964050293 27.0719795227051 28.5513610839844 28.1925563812256 28.2036075592041 27.6741695404053
24.0879745483398 25.1491279602051 25.1130256652832 27.1831855773926 32.3255767822266 29.8932666778564 27.3779258728027 26.5930805206299 27.8140487670898 29.562047958374 29.7042217254639 29.3468151092529 29.6590595245361 29.2255229949951 30.9809551239014 29.5586280822754 29.4319534301758 29.110710144043 29.5507659912109 30.2914123535156 29.3626270294189 28.7419261932373 28.4130058288574 32.5970191955566 25.9139347076416 32.6926307678223 32.013256072998 27.8558826446533 27.2184505462646 29.8546485900879 29.5616130828857 29.9017467498779 29.1886234283447 28.5443801879883 28.9322128295898 27.7089958190918 27.7486248016357 27.290397644043 27.4231910705566 27.8872394561768 29.0474548339844 29.1537094116211 29.5374622344971 28.2320766448975 30.2684001922607 30.2209987640381
27.7567653656006 28.5495758056641 28.7411842346191 28.9233779907227 29.7098941802979 29.2436752319336 28.9108810424805 28.5044288635254 28.879732131958 29.3131065368652 30.0176486968994 30.0628795623779 30.2807865142822 30.1994209289551 29.7056465148926 29.2767887115479 28.9434680938721 29.1623916625977 29.8980770111084 27.5208168029785 29.7880077362061 29.7999458312988 29.5875072479248 28.972936630249 28.4130172729492 30.1286678314209 29.4123306274414 28.9796943664551 29.6402988433838 31.3781986236572 30.7658824920654 31.2253894805908 29.027645111084 28.4341163635254 28.2872314453125 30.8111667633057 30.2231731414795 28.3402404785156 29.327953338623 30.4069290161133 31.0265712738037 30.1917133331299 28.6401767730713 32.8944969177246 30.4668388366699 28.4595012664795
27.5600414276123 27.8135566711426 27.8640766143799 28.2453212738037 29.844482421875 30.541618347168 29.9656429290771 29.1687431335449 29.5696926116943 29.2570190429688 28.9552745819092 28.9625873565674 28.5656032562256 28.4117393493652 28.2949028015137 28.91916847229 27.2971744537354 28.1849536895752 29.2523746490479 29.6407623291016 30.6156463623047 31.2481498718262 30.958869934082 29.9911289215088 27.9047222137451 28.4000453948975 28.8222942352295 29.3284473419189 31.5660877227783 31.921293258667 30.5781917572021 29.3386268615723 28.2813816070557 28.9866523742676 28.6597843170166 30.6965942382812 29.3991470336914 28.2452812194824 29.5151844024658 28.0249176025391 28.6655349731445 30.2457370758057 30.6797504425049 30.6506671905518 33.5355529785156 30.4465274810791
23.4052505493164 24.9881362915039 26.6589469909668 25.0487480163574 26.8147106170654 27.58030128479 27.4258365631104 27.7849197387695 28.1069164276123 28.2164669036865 25.0760631561279 25.2829113006592 25.494758605957 23.4072380065918 24.6037998199463 25.774715423584 28.2381629943848 28.5057029724121 28.4782371520996 28.6167144775391 30.4226474761963 30.2074565887451 29.5096035003662 29.4415340423584 29.5958080291748 30.1312637329102 30.1432571411133 30.1217441558838 29.7728176116943 29.9891700744629 29.6525554656982 30.8113651275635 31.6795864105225 32.1631698608398 30.1484851837158 29.8864822387695 29.3868522644043 29.2378406524658 29.2176666259766 28.9463405609131 28.7992267608643 29.8765125274658 30.0569610595703 28.7569847106934 31.0804557800293 33.4493675231934
21.5996723175049 23.0322647094727 22.6308345794678 22.4024715423584 23.4898414611816 24.0244235992432 24.2345733642578 24.8962574005127 25.5749397277832 24.7101898193359 24.2304668426514 23.5057144165039 23.995922088623 23.8626461029053 24.3004760742188 25.8027801513672 28.6306762695312 28.443660736084 27.8136234283447 29.7229137420654 30.1980228424072 30.6282958984375 29.6685428619385 28.9336757659912 31.5620174407959 31.7873668670654 30.8749294281006 30.1769123077393 29.2677822113037 29.1928176879883 30.4141597747803 30.2480316162109 29.6977481842041 30.027172088623 30.3073787689209 32.9272003173828 29.7368965148926 29.9327335357666 28.8550491333008 28.7314777374268 28.7163524627686 31.3698310852051 29.4053478240967 32.2787857055664 30.8978061676025 30.3499279022217
21.9694595336914 21.9043121337891 21.7927055358887 21.889949798584 21.7567043304443 22.1530323028564 23.2082977294922 24.3066844940186 24.6363334655762 24.4308643341064 25.172571182251 24.55126953125 24.5678901672363 26.1751384735107 27.0006141662598 28.6601276397705 29.3606815338135 29.2932796478271 29.4314098358154 30.8435726165771 33.5845947265625 31.3229503631592 29.2331771850586 30.2379322052002 31.4220066070557 31.0786819458008 30.4619483947754 33.4144515991211 30.5792484283447 30.8493175506592 30.8863067626953 28.3444671630859 28.2019004821777 28.5349864959717 28.317102432251 28.3269195556641 29.7484951019287 28.7667217254639 27.8761386871338 31.6398277282715 31.3992176055908 33.37451171875 29.9624900817871 32.081413269043 31.8056526184082 31.7231044769287
21.7618656158447 23.7559509277344 22.0889453887939 21.7228221893311 21.6331329345703 21.5936088562012 21.7505226135254 23.859354019165 24.7242641448975 24.9356727600098 24.8280944824219 24.9462108612061 30.3232135772705 31.5009288787842 32.0228805541992 28.4731330871582 30.4127464294434 26.7804393768311 32.4285049438477 32.3829193115234 32.1130867004395 32.3895645141602 31.791690826416 31.3544311523438 31.0476322174072 29.1485900878906 30.3593978881836 31.5199375152588 33.6779136657715 32.9615821838379 32.7084693908691 33.4597663879395 32.5553550720215 28.5812034606934 29.5526809692383 33.9685668945312 33.1508750915527 30.1513519287109 29.9748306274414 29.798620223999 27.8908920288086 28.4327354431152 29.0671825408936 29.9878616333008 29.1161632537842 29.7405433654785
23.6681690216064 24.3447380065918 25.536319732666 22.608283996582 22.114616394043 22.9393768310547 22.754264831543 23.7909164428711 24.2457103729248 24.8894081115723 29.1886444091797 30.8789863586426 32.1266021728516 32.1809501647949 32.6967277526855 25.845027923584 29.0524158477783 26.1813812255859 26.5469608306885 29.13547706604 29.1525802612305 33.3936042785645 29.8590774536133 30.7520160675049 30.4919490814209 29.6206321716309 31.5825119018555 31.6550884246826 32.1602783203125 32.2383422851562 32.0129661560059 30.3773536682129 28.7195987701416 29.2130279541016 29.873929977417 34.1301383972168 34.1067581176758 30.933874130249 29.8083992004395 29.6680603027344 29.660608291626 28.6536769866943 29.8489627838135 28.4546737670898 29.4441089630127 30.095064163208
27.0631809234619 23.8461952209473 26.8203582763672 21.7742576599121 21.8702011108398 23.1502704620361 23.3605613708496 24.1096782684326 24.9532089233398 25.5645637512207 25.5947666168213 25.8511333465576 30.5267734527588 31.2303504943848 31.8626441955566 25.7948760986328 28.2911033630371 28.1650848388672 24.9660320281982 28.9093742370605 26.4496059417725 32.2581787109375 29.9342288970947 31.4869480133057 29.9206695556641 30.9219570159912 29.92409324646 29.5188789367676 32.5758247375488 32.2963371276855 31.6753196716309 31.1421070098877 30.8334674835205 29.0626392364502 29.9207553863525 32.3767547607422 33.7411308288574 31.8762512207031 30.7854290008545 31.320442199707 29.895580291748 28.790470123291 28.8749618530273 28.0127143859863 29.4811458587646 30.2835350036621
22.5370388031006 21.142126083374 21.6405944824219 20.7565860748291 20.7386360168457 22.3211536407471 23.1850833892822 24.411247253418 24.8740730285645 25.215856552124 25.4598045349121 25.1341743469238 25.0404739379883 24.6214752197266 25.1754093170166 28.3756771087646 26.1991329193115 28.991678237915 25.8337326049805 28.2455463409424 28.0550575256348 29.0685176849365 32.2223625183105 33.0087203979492 30.2023010253906 30.3947200775146 31.052864074707 29.1940174102783 29.6811618804932 33.1427726745605 31.5577030181885 30.8429355621338 30.3056926727295 28.6794948577881 28.5884799957275 30.2586975097656 30.6575469970703 30.5152206420898 29.9499778747559 28.2865333557129 31.9321174621582 28.2661418914795 28.0033378601074 27.6806526184082 27.7154064178467 29.0175075531006
20.9009780883789 26.5858039855957 27.3541507720947 20.9710903167725 20.9218845367432 21.7744102478027 22.5295085906982 23.4038429260254 23.9699440002441 24.3961811065674 24.7593803405762 24.5862255096436 24.6464595794678 25.1554183959961 25.6775074005127 26.1143989562988 28.8367748260498 29.2484378814697 29.1457443237305 29.6189136505127 28.0779323577881 29.3382568359375 30.9792175292969 33.1045989990234 30.9493312835693 31.7742252349854 31.6928653717041 31.4831485748291 31.4579200744629 33.5383071899414 32.4118499755859 31.8284168243408 31.9550495147705 32.2719345092773 29.372537612915 28.4614810943604 29.674596786499 27.1300163269043 28.6566123962402 28.975399017334 29.1033706665039 28.1172275543213 32.6349639892578 29.1298141479492 27.7337017059326 27.5169525146484
21.6942939758301 20.919750213623 26.7861423492432 21.5644340515137 21.6841468811035 22.5927696228027 22.4784984588623 23.2271118164062 24.4203014373779 25.0173435211182 25.4150505065918 25.5657634735107 25.6551742553711 29.4047775268555 29.4764919281006 26.4813346862793 26.2590732574463 26.430685043335 26.4651527404785 29.2454223632812 28.7435321807861 28.9600849151611 26.5629577636719 27.7814178466797 28.6207427978516 30.4915924072266 29.8599491119385 30.8631324768066 32.9896087646484 30.5801086425781 30.4432888031006 29.5035343170166 29.8661212921143 30.6948432922363 29.1356525421143 28.7594394683838 26.7692413330078 25.9416828155518 26.1889591217041 24.9247646331787 30.9801406860352 29.598503112793 30.8097343444824 30.4476146697998 32.4445838928223 28.2209568023682
22.7176628112793 21.7634239196777 21.3201370239258 21.8209991455078 22.3588027954102 23.258020401001 23.3158512115479 23.6201095581055 23.9677124023438 24.7136459350586 24.7898139953613 27.5578784942627 28.6008548736572 25.8394527435303 30.1962585449219 29.5940380096436 30.1214427947998 26.7653121948242 29.5641822814941 29.3331890106201 29.3555297851562 28.4163684844971 27.4000778198242 29.4547805786133 31.3033447265625 31.6395816802979 29.7809982299805 30.2581481933594 29.3854103088379 31.3773632049561 31.5620670318604 30.05246925354 31.4741401672363 29.3795185089111 31.9665679931641 29.0045204162598 32.6255874633789 28.9570598602295 29.2812671661377 27.5699405670166 28.8885746002197 29.4851932525635 28.8335266113281 29.1452140808105 30.0196323394775 31.0237617492676
22.3059329986572 21.8199424743652 21.4737930297852 22.6975345611572 23.3000755310059 23.8302383422852 24.5639095306396 24.9702777862549 25.0002422332764 25.3903617858887 25.2610301971436 27.4406795501709 28.2598285675049 29.8441772460938 30.0512275695801 29.5819988250732 30.0190296173096 30.4300441741943 29.974536895752 26.8035144805908 29.3322658538818 28.4461135864258 29.2220211029053 29.2615776062012 30.5457439422607 31.4304962158203 31.7702255249023 32.3358993530273 29.6471939086914 30.2081756591797 27.3322811126709 29.4611225128174 30.9242992401123 32.9205474853516 31.9324417114258 25.9840927124023 28.5908546447754 29.5622653961182 28.0917739868164 29.0886135101318 31.0653381347656 30.2840919494629 29.6681861877441 30.0764274597168 29.6481380462646 29.5124187469482
22.3051471710205 21.5655860900879 20.9277515411377 22.2646865844727 23.4888095855713 23.951623916626 23.3211078643799 24.7445449829102 24.4011211395264 23.6938514709473 25.1385517120361 24.8751392364502 25.232723236084 28.1303482055664 25.809534072876 29.2109832763672 29.3797607421875 29.4183731079102 30.0936889648438 28.153133392334 29.020206451416 29.4575595855713 29.0065231323242 26.6780529022217 29.1462020874023 31.4090404510498 30.5328044891357 29.7364749908447 30.0008430480957 30.2028293609619 27.2281627655029 24.9880619049072 26.0312957763672 28.9871158599854 25.1957740783691 24.8564472198486 29.4009456634521 28.9816207885742 29.8218574523926 28.5833988189697 30.8531818389893 32.0656394958496 28.4291324615479 28.7476062774658 29.6731090545654 30.3029594421387
22.7190093994141 21.6911201477051 21.7718734741211 22.3220539093018 23.1668071746826 23.6054744720459 24.0946464538574 24.1417865753174 22.9250392913818 22.491849899292 24.4138374328613 22.9749603271484 23.4780292510986 23.8627052307129 27.746789932251 28.7209987640381 26.1097316741943 29.4285755157471 26.8920841217041 30.3943290710449 30.0013637542725 30.2779693603516 29.7183818817139 29.4220771789551 28.5904808044434 29.8615188598633 30.7079086303711 29.6859817504883 29.1705532073975 30.8492641448975 28.9944610595703 26.3778057098389 29.2714195251465 27.9293308258057 22.4073390960693 27.3285636901855 28.7149448394775 29.3051357269287 29.6759643554688 31.3780841827393 29.3154582977295 31.6757850646973 29.4026317596436 29.6949577331543 29.1446743011475 29.0399856567383
22.7297801971436 22.4188270568848 22.1396503448486 22.2824211120605 22.9492416381836 23.6231231689453 23.5626468658447 23.3561630249023 22.726261138916 23.7114181518555 23.9340553283691 22.701602935791 22.9904022216797 23.2284107208252 24.7403888702393 25.2127170562744 29.0293884277344 26.2929096221924 29.710765838623 29.971607208252 29.7730407714844 30.1785259246826 28.3773155212402 29.8612442016602 29.1067371368408 29.2015743255615 28.9734210968018 30.1055393218994 28.4214324951172 28.4333267211914 30.1494693756104 29.7965183258057 26.2122383117676 27.854564666748 28.4397373199463 29.5366153717041 26.7466144561768 29.3397235870361 31.7392654418945 29.0190372467041 30.0752563476562 29.2352428436279 29.6729831695557 31.5243110656738 30.9717693328857 28.7166728973389
22.1367702484131 22.0604953765869 21.6161708831787 22.0156421661377 22.5447750091553 22.3894233703613 23.0667266845703 23.4918613433838 23.8685035705566 23.916187286377 23.9194831848145 24.2263450622559 27.6455535888672 28.4258632659912 28.3278656005859 25.0147380828857 25.9275703430176 29.821310043335 27.2305335998535 29.3417644500732 29.7058372497559 30.3476734161377 30.4678764343262 29.7814197540283 29.9412956237793 28.875846862793 29.2635021209717 29.1948776245117 28.4523258209229 30.4206619262695 30.8130474090576 31.6659088134766 27.9801273345947 28.770902633667 28.525821685791 24.298038482666 27.4824466705322 30.3875541687012 32.2373580932617 26.8770599365234 29.465446472168 29.7184658050537 29.0025653839111 27.6664867401123 29.2657222747803 30.1033344268799
