inst/extdata/Tmax/Tmax119.asc
NCOLS 100 
NROWS 79 
XLLCORNER 148.06 
YLLCORNER -21.49 
CELLSIZE 0.01 
NODATA_value -3.4e+38 
[rows 40 to 59 of 79, columns 46 to 91 of 100]
35.3888816833496 36.1364936828613 36.4497375488281 37.112979888916 38.3180236816406 39.0303688049316 38.6596298217773 37.2064437866211 36.9075622558594 37.4041481018066 37.768684387207 39.0687637329102 38.7600555419922 38.9066886901855 38.2573013305664 39.0019836425781 39.12841796875 38.890682220459 38.9499702453613 39.0095367431641 38.9939918518066 38.2749557495117 38.5534286499023 38.7795143127441 38.8306999206543 38.8507385253906 38.7577705383301 38.4518241882324 38.574031829834 38.7041549682617 38.6475143432617 38.5138740539551 38.2501907348633 37.2984504699707 37.4821281433105 37.9633102416992 37.8749084472656 37.7848663330078 37.9447288513184 37.513298034668 36.9487457275391 37.2784156799316 37.4917030334473 37.3204650878906 37.495735168457 37.4986114501953
36.4447059631348 37.3305816650391 37.2485160827637 37.1969337463379 38.3648986816406 39.2680282592773 38.3950729370117 38.0774536132812 38.5061836242676 38.5500831604004 38.7988395690918 39.3112716674805 39.2048034667969 39.198657989502 39.0679588317871 39.2806587219238 39.2927856445312 39.2238426208496 39.1725959777832 39.1703834533691 39.1299133300781 38.7219314575195 38.1809425354004 38.429515838623 38.3526153564453 38.6959419250488 38.9088401794434 38.5342559814453 38.5054588317871 38.7786979675293 38.7746467590332 38.6934585571289 38.5468254089355 38.0709228515625 38.2307586669922 38.2332191467285 38.0534515380859 38.0276870727539 38.0835227966309 38.1555976867676 37.4131164550781 37.558952331543 37.9932250976562 37.8246421813965 37.9027900695801 37.8269233703613
38.3081512451172 38.4226722717285 38.5390853881836 38.8799743652344 39.109203338623 39.4457664489746 39.1064109802246 38.6838874816895 39.0531311035156 39.3382034301758 39.2479705810547 39.4681129455566 39.4750518798828 39.3957748413086 39.3557739257812 39.3948059082031 39.3844528198242 39.3476371765137 39.3045272827148 39.2773170471191 39.1829833984375 38.4705772399902 38.3036231994629 38.6554679870605 38.2516746520996 38.5596542358398 38.8694114685059 38.775032043457 38.7112808227539 38.8796653747559 38.8658294677734 38.8401756286621 38.7882347106934 38.6801452636719 38.5831489562988 38.3070297241211 37.6081085205078 38.0256881713867 38.4025840759277 38.3750801086426 38.2468719482422 38.1793937683105 38.2446632385254 38.247013092041 38.2534332275391 38.1795043945312
39.2632598876953 39.2574348449707 39.3352966308594 39.4242744445801 39.5815238952637 39.6118202209473 39.5283050537109 39.3315963745117 39.4416885375977 39.5869941711426 39.5600166320801 39.5781784057617 39.5422782897949 39.4945182800293 39.4898681640625 39.4428405761719 39.3742065429688 39.3363914489746 39.3407096862793 39.3429756164551 39.2818412780762 39.0849647521973 38.8765029907227 38.9860420227051 38.8655090332031 38.5082778930664 38.7003898620605 38.8800849914551 38.973014831543 38.9670677185059 38.9327239990234 38.9047317504883 38.859806060791 38.8054237365723 38.777286529541 38.6362190246582 38.2536659240723 38.4629325866699 38.5744972229004 38.5380325317383 38.480640411377 38.4543724060059 38.419059753418 38.4068260192871 38.3863334655762 38.3291397094727
39.1486358642578 39.3314933776855 39.508960723877 39.4939041137695 39.5150184631348 39.5780487060547 39.5965957641602 39.6283874511719 39.629035949707 39.5657501220703 39.3811111450195 39.4429244995117 39.3651885986328 39.148998260498 39.265625 39.3393249511719 39.2341270446777 39.296932220459 39.3463668823242 39.3613395690918 39.3427124023438 39.2253761291504 38.9702911376953 38.7578277587891 38.9036521911621 39.0037117004395 39.017162322998 39.0263557434082 39.0090255737305 39.0101509094238 38.9649238586426 38.9340476989746 38.8778915405273 38.8235549926758 38.8202781677246 38.7448959350586 38.7046279907227 38.6762733459473 38.6083946228027 38.5839805603027 38.5336074829102 38.4986839294434 38.4760055541992 38.4408950805664 38.3445129394531 38.3320770263672
37.7902183532715 38.374698638916 38.6787528991699 38.8230781555176 39.0836334228516 39.3073654174805 39.2450103759766 39.3758125305176 39.3532638549805 39.2092742919922 38.6016235351562 38.5925407409668 38.6312637329102 37.4850616455078 38.1881980895996 38.740421295166 39.1319427490234 39.361011505127 39.406322479248 39.4018745422363 39.377254486084 39.2241439819336 38.8770637512207 38.5813865661621 38.7602424621582 38.927921295166 39.0020332336426 38.9689636230469 38.9941787719727 39.0238304138184 38.9927368164062 38.9666938781738 38.9270935058594 38.8954124450684 38.8457794189453 38.7407188415527 38.7075958251953 38.6767120361328 38.6296501159668 38.5983390808105 38.5435409545898 38.5117111206055 38.4787559509277 38.414981842041 38.3846778869629 38.3692741394043
35.9105758666992 36.9116630554199 36.818416595459 36.7766609191895 37.794620513916 38.1761054992676 38.2485809326172 38.4292182922363 38.755729675293 38.2632904052734 37.7229042053223 37.2614593505859 37.7501525878906 37.6330490112305 37.951301574707 38.7973480224609 39.2917442321777 39.4122848510742 39.4148139953613 39.3769454956055 39.3820304870605 39.3715782165527 39.0342597961426 38.750919342041 38.6445579528809 38.8182258605957 38.9515838623047 39.013069152832 39.0654945373535 39.0550003051758 39.0358924865723 39.0174140930176 38.9854621887207 38.9371147155762 38.8511009216309 38.7733459472656 38.744213104248 38.7155952453613 38.679271697998 38.6427917480469 38.5873260498047 38.5586547851562 38.5308036804199 38.4805908203125 38.449649810791 38.3331184387207
36.0265808105469 35.9553298950195 35.7822952270508 35.8303070068359 35.7668762207031 36.3707885742188 37.3440437316895 37.8354988098145 37.9554824829102 37.8385848999023 38.2181015014648 38.0696487426758 37.9271240234375 38.3479652404785 38.5492744445801 39.1798553466797 39.3498611450195 39.3478927612305 39.2779846191406 39.3462104797363 39.4050521850586 39.4212532043457 39.2905502319336 39.0359764099121 38.7017784118652 38.8726043701172 38.9941749572754 39.0921783447266 39.1206283569336 39.1235504150391 39.0972557067871 39.0593299865723 38.9850921630859 38.9036407470703 38.8320732116699 38.7804565429688 38.764591217041 38.750862121582 38.7184181213379 38.682544708252 38.637638092041 38.6139945983887 38.5834770202637 38.5418319702148 38.3664894104004 38.172290802002
35.7235412597656 35.7936630249023 35.9656448364258 35.7170028686523 35.6259613037109 35.6876525878906 36.3779106140137 37.6556739807129 38.0509834289551 38.1667327880859 38.0121994018555 38.1343765258789 38.3361663818359 38.5355567932129 38.5583152770996 38.9309120178223 39.193790435791 39.1707191467285 39.1427459716797 39.3454933166504 39.3947601318359 39.3856353759766 39.4254455566406 39.3394546508789 39.2293472290039 39.1734199523926 39.2146034240723 39.240650177002 39.2211418151855 39.1980247497559 39.1430625915527 39.0685997009277 38.9804649353027 38.8576889038086 38.8021049499512 38.812557220459 38.7951774597168 38.7842483520508 38.7721519470215 38.7365646362305 38.7035713195801 38.6777954101562 38.6413650512695 38.6059722900391 38.4640121459961 38.3284950256348
35.8023910522461 35.934139251709 35.9415092468262 35.655345916748 36.0496673583984 36.7088966369629 36.7802734375 37.7466201782227 38.0960655212402 38.2329292297363 38.0606460571289 38.403694152832 38.5942878723145 38.5762634277344 38.623477935791 38.5177955627441 38.5698928833008 38.7232818603516 38.9801750183105 39.2227554321289 39.2651062011719 39.255241394043 39.4126052856445 39.4248809814453 39.4135437011719 39.3658676147461 39.3221588134766 39.1704978942871 39.1926612854004 39.2190208435059 39.1558227539062 39.0464134216309 38.9891738891602 38.8188514709473 38.7453498840332 38.848274230957 38.8250198364258 38.7882194519043 38.8091278076172 38.7903594970703 38.7440032958984 38.724006652832 38.6889152526855 38.642951965332 38.563304901123 38.4754905700684
35.8488426208496 35.7357978820801 35.9059295654297 35.6519584655762 36.1795234680176 37.0502281188965 37.3135719299316 37.7544021606445 38.2818794250488 38.6052284240723 38.5906105041504 38.662052154541 38.6964149475098 38.6983337402344 38.6685371398926 38.5993423461914 38.628475189209 38.4042816162109 38.1194038391113 38.9561996459961 38.8399505615234 39.1474533081055 39.3736343383789 39.3957290649414 39.4103546142578 39.3669471740723 39.2883415222168 39.0995178222656 39.1865386962891 39.2394828796387 39.0817260742188 38.9332695007324 38.9208106994629 38.8816413879395 38.8817558288574 38.9111595153809 38.8928718566895 38.8582801818848 38.8334197998047 38.8359184265137 38.8022956848145 38.765308380127 38.7227516174316 38.6733665466309 38.6182556152344 38.5161895751953
35.4978790283203 35.4623603820801 35.7728271484375 35.2269668579102 35.3420639038086 36.9770660400391 37.5735473632812 38.0506820678711 38.2940254211426 38.491828918457 38.5110626220703 38.495044708252 38.3235244750977 38.304141998291 38.4879608154297 38.5594215393066 38.7927284240723 38.7161521911621 38.5547065734863 38.5649681091309 38.4143371582031 38.9892425537109 39.2736358642578 39.3823928833008 39.3652877807617 39.345344543457 39.058464050293 38.7587356567383 39.1877403259277 39.2636413574219 39.0210762023926 38.7725410461426 38.9374122619629 38.9506187438965 38.9494590759277 38.8943061828613 38.8684959411621 38.8477516174316 38.8408355712891 38.8091354370117 38.7849655151367 38.7858810424805 38.7521667480469 38.7049865722656 38.6527976989746 38.5660934448242
35.2001113891602 35.0628967285156 35.4512939453125 35.334098815918 35.3956604003906 36.2175750732422 37.0442123413086 37.553092956543 37.9147605895996 38.1783866882324 38.1107597351074 38.0365676879883 38.0670852661133 38.2663269042969 38.8105621337891 38.8616065979004 38.9804344177246 38.8855476379395 38.8018569946289 38.6527328491211 38.4373397827148 38.9199066162109 39.2353591918945 39.3581924438477 39.2891693115234 39.3275184631348 39.0144309997559 38.2938919067383 39.0214233398438 39.2691535949707 39.0305595397949 38.8300476074219 38.9574432373047 38.8893280029297 38.8143730163574 38.8041763305664 38.8182830810547 38.7471122741699 38.6637649536133 38.6275634765625 38.6808052062988 38.7258720397949 38.7683448791504 38.7306098937988 38.6811370849609 38.6120834350586
36.1688690185547 35.275146484375 35.3556518554688 35.6847724914551 35.992057800293 36.8607368469238 36.903923034668 37.5203475952148 38.1315307617188 38.3720626831055 38.6161918640137 38.6774406433105 38.7594718933105 38.9111976623535 39.0339393615723 39.0388145446777 38.9799880981445 39.0152206420898 38.9677658081055 38.7686309814453 38.5843772888184 38.5863418579102 38.9656143188477 39.1169128417969 39.0382881164551 39.3293380737305 39.2270088195801 38.7197303771973 39.1048583984375 39.2835083007812 39.0787773132324 38.9187507629395 38.831729888916 38.5572624206543 38.6766662597656 38.5993423461914 38.5822601318359 38.2446327209473 38.2968673706055 37.5147972106934 38.4948577880859 38.6648178100586 38.7776184082031 38.7598304748535 38.7148971557617 38.6466522216797
36.7787895202637 35.9146690368652 35.4482460021973 36.1212310791016 36.6550445556641 37.2351150512695 37.2825584411621 37.6474266052246 38.2307319641113 38.539249420166 38.5491485595703 38.5425109863281 38.840160369873 38.9514656066895 39.0149688720703 38.9743995666504 39.1116600036621 39.1914024353027 39.1468505859375 38.935230255127 38.7738800048828 38.6936111450195 38.7727890014648 38.7601737976074 38.7186698913574 39.2063598632812 39.3194961547852 39.0743560791016 38.8267593383789 39.2092018127441 38.8275260925293 38.1999130249023 38.6424102783203 38.7419700622559 38.9390487670898 38.9104995727539 38.8551139831543 38.8055038452148 38.6114349365234 37.8449974060059 38.4228591918945 38.6479911804199 38.7566032409668 38.7683715820312 38.739990234375 38.6747207641602
36.8339614868164 36.0810394287109 35.5804710388184 36.6715927124023 37.4698257446289 37.7956771850586 38.3696441650391 38.5348167419434 38.6802253723145 38.748046875 38.5744361877441 38.5227317810059 38.9351806640625 38.9844284057617 38.9722328186035 38.9996566772461 39.0665092468262 39.0370903015137 39.4167366027832 39.2092437744141 38.9623222351074 38.8297119140625 38.7905502319336 38.6477966308594 38.6346549987793 39.0807037353516 39.3235816955566 39.2291488647461 39.0939331054688 39.3066635131836 38.7446937561035 37.8989562988281 38.253589630127 38.7462577819824 38.7492294311523 38.4224662780762 38.4426689147949 38.8241081237793 38.8905601501465 38.8355979919434 38.8298759460449 38.79833984375 38.7841377258301 38.7587356567383 38.7532844543457 38.705207824707
36.7417106628418 35.8929595947266 35.469367980957 36.5028038024902 37.560432434082 37.8240776062012 37.3413581848145 38.3987579345703 38.3388023376465 37.8836288452148 38.6091918945312 38.7548294067383 38.7529144287109 38.7800102233887 38.7739410400391 38.9104461669922 38.9907112121582 39.0578002929688 39.4121551513672 39.4817695617676 39.294620513916 39.037525177002 38.8864288330078 38.8055114746094 38.6026649475098 38.9297256469727 39.2576026916504 39.2454223632812 39.3659133911133 39.3901290893555 38.9560966491699 37.6072235107422 38.0784034729004 37.6831092834473 37.9224853515625 37.3598289489746 38.0499038696289 38.8183670043945 38.8828468322754 38.9059829711914 38.8831787109375 38.7924041748047 38.6833763122559 38.7420654296875 38.7373580932617 38.7029495239258
36.7385673522949 36.0782928466797 36.1156616210938 36.5392570495605 37.2985572814941 37.6198654174805 37.9484367370605 38.1179847717285 37.0587501525879 36.9687309265137 38.1777534484863 37.3735542297363 37.648868560791 37.9815902709961 38.526668548584 38.8605194091797 38.9588012695312 39.1059226989746 39.3495483398438 39.4266395568848 39.4336853027344 39.2263565063477 38.9550590515137 38.9860877990723 38.8688583374023 39.0166854858398 38.9917297363281 38.8410873413086 39.2344093322754 39.3521614074707 39.1346130371094 38.5687255859375 37.4502334594727 35.9013023376465 36.0227088928223 37.2935981750488 38.3639106750488 38.8078880310059 38.8684272766113 38.798397064209 38.763858795166 38.5622825622559 38.4424247741699 38.7031402587891 38.477653503418 38.4869842529297
36.7343940734863 36.4081382751465 36.2165870666504 36.4651756286621 36.9650268554688 37.6021842956543 37.7179908752441 37.3604850769043 36.9548377990723 37.6269607543945 37.9896469116211 37.1740264892578 37.417594909668 37.739990234375 38.468807220459 38.7559013366699 38.9659194946289 39.2827262878418 39.5771789550781 39.4210014343262 39.2849807739258 39.4889869689941 39.2695846557617 39.1044883728027 38.9588050842285 38.9243354797363 38.9630928039551 38.8639869689941 39.0906105041504 39.3232536315918 39.3123245239258 38.8874664306641 38.3137893676758 37.0326461791992 36.5417709350586 37.3575057983398 38.3806610107422 38.7824401855469 38.802848815918 38.419921875 38.5834159851074 38.6953392028809 38.5086860656738 38.5310211181641 38.255558013916 38.4135475158691
36.4576721191406 36.2582321166992 35.8319244384766 36.1072273254395 36.74560546875 36.8579292297363 37.1929740905762 37.4438819885254 37.6599044799805 37.7241668701172 37.9715805053711 38.1214065551758 38.6188812255859 38.6673240661621 38.7595710754395 38.3757820129395 39.0927848815918 39.3576774597168 39.4951972961426 39.2559356689453 39.309814453125 39.4366188049316 39.4893379211426 39.4196166992188 39.1751518249512 39.0898208618164 38.7922744750977 38.8908424377441 39.169548034668 39.2090721130371 39.2840118408203 39.282169342041 38.8281898498535 38.2913932800293 37.5785179138184 37.3256759643555 38.1707458496094 38.7341232299805 38.331184387207 37.9017028808594 38.5603103637695 38.7275619506836 38.4855117797852 37.8692436218262 38.1092987060547 38.4676704406738
