inst/extdata/Tmax/Tmax65.asc
NCOLS 100 
NROWS 79 
XLLCORNER 148.06 
YLLCORNER -21.49 
CELLSIZE 0.01 
NODATA_value -3.4e+38 
[rows 0 to 19 of 79, columns 0 to 45 of 100]
39.989818572997997 39.5786247253418 38.4285316467285 38.8510932922363 39.0094985961914 39.4993286132812 39.7249183654785 39.9072723388672 39.8427925109863 39.6238670349121 39.0605545043945 38.8174057006836 38.7111511230469 37.2673530578613 37.8256454467773 38.300708770752 38.7408103942871 38.6917953491211 37.7518730163574 36.9782905578613 36.8041687011719 35.7261047363281 36.2189598083496 37.6749382019043 38.2376518249512 38.5050201416016 38.3614196777344 38.4038276672363 38.0440368652344 37.6217651367188 36.6339416503906 34.5526351928711 35.9621887207031 35.862247467041 34.5424690246582 33.6264190673828 33.539909362793 33.2232284545898 33.8637275695801 35.6857833862305 37.3713760375977 37.659984588623 38.4523239135742 38.8117256164551 38.9936332702637 39.130729675293
39.7891578674316 39.1606979370117 38.2392425537109 38.3424873352051 37.6537208557129 38.7369079589844 39.4103469848633 39.7791442871094 39.915943145752 39.7615776062012 39.3489036560059 38.9799575805664 39.0998001098633 38.5994071960449 38.3964157104492 38.2529945373535 38.7250289916992 38.7476654052734 37.5910682678223 36.8931159973145 37.4940719604492 37.2044105529785 37.0690078735352 37.5667724609375 38.0879364013672 38.2828712463379 38.5951766967773 38.5248260498047 38.2738952636719 38.0237083435059 37.0687866210938 35.4782943725586 36.8106651306152 36.3364906311035 35.5677032470703 34.5156936645508 34.1551704406738 34.4649467468262 35.6255989074707 36.8831367492676 38.5166893005371 38.9730529785156 39.1079788208008 39.0975151062012 39.1500625610352 39.1893310546875
39.7884674072266 38.8083381652832 38.9410133361816 39.0862159729004 38.5287551879883 38.6610527038574 39.1461219787598 39.811149597168 40.0098991394043 39.8342933654785 39.4807090759277 39.3244209289551 39.2053070068359 39.129093170166 38.764102935791 38.5789642333984 38.820011138916 38.9842872619629 38.3079948425293 38.0774345397949 37.8978042602539 37.5212135314941 37.2466506958008 37.3807563781738 38.3429107666016 38.6369743347168 38.4464645385742 38.412353515625 38.3991470336914 38.037296295166 38.0903663635254 36.9765434265137 37.2464256286621 35.8314018249512 35.4789733886719 34.7389221191406 34.2995147705078 33.897331237793 34.7955589294434 36.1756782531738 37.7203254699707 38.8420562744141 39.2006340026855 39.2688522338867 39.2388610839844 39.1788749694824
40.0538215637207 39.6256942749023 39.2093620300293 39.9497032165527 39.3172798156738 38.7936172485352 39.2517127990723 39.9209861755371 40.1080932617188 39.9315719604492 39.7447090148926 39.6946563720703 39.5561714172363 39.3484878540039 38.8251037597656 38.6126098632812 39.0302391052246 39.0741424560547 38.8036003112793 38.2473907470703 37.8619270324707 37.4227027893066 37.5076179504395 37.4579124450684 38.1326293945312 38.6242027282715 38.2012176513672 38.4994964599609 38.2780685424805 37.3203125 37.953052520752 38.0383758544922 37.1779479980469 35.7304077148438 35.0637168884277 34.2239074707031 34.4643249511719 34.0441665649414 33.9470520019531 33.5343017578125 34.9181594848633 37.9812660217285 39.015796661377 39.2610778808594 38.9657402038574 38.8440818786621
40.7405548095703 40.0649757385254 39.760311126709 40.2463645935059 39.9498825073242 39.1543807983398 39.198055267334 39.9713325500488 40.1359024047852 39.672119140625 39.6636924743652 39.9040145874023 39.7403984069824 39.3939666748047 38.9484214782715 39.1202392578125 39.2110404968262 38.8928146362305 38.3382797241211 37.4605674743652 37.671817779541 37.8741111755371 38.0179214477539 38.2381057739258 38.2366065979004 37.841136932373 38.6972274780273 38.2401580810547 38.0793724060059 37.5039520263672 37.9118194580078 37.7074279785156 37.3450508117676 36.1988716125488 35.5953140258789 35.9591522216797 35.6080780029297 34.9677696228027 34.4354934692383 33.8112182617188 33.5147666931152 37.0363006591797 38.7150192260742 39.1853713989258 38.4034042358398 37.5996246337891
40.9349174499512 40.6277923583984 39.7618217468262 40.2809982299805 40.3547592163086 39.8332214355469 39.486385345459 40.0301742553711 40.2111511230469 39.8486328125 39.7012214660645 40.0202293395996 39.8178825378418 39.4733276367188 38.6718978881836 39.2723045349121 39.1686973571777 38.6234703063965 37.9626502990723 37.4570007324219 37.570369720459 37.8797340393066 38.2433242797852 38.233642578125 38.5721168518066 38.4360961914062 38.5276184082031 37.6307258605957 37.6198921203613 36.3447380065918 37.2047309875488 37.7688789367676 37.8730239868164 37.4850234985352 37.0722198486328 36.9946441650391 36.0288314819336 35.4563827514648 35.0733413696289 34.2761650085449 33.8503646850586 36.5735893249512 38.6160163879395 39.1683387756348 38.6070594787598 36.2784614562988
41.1763687133789 40.8544464111328 40.3854751586914 40.580192565918 40.5062217712402 40.034366607666 39.2318954467773 39.9137344360352 40.1306190490723 40.2857398986816 40.2005653381348 40.0083389282227 39.478141784668 39.6027603149414 39.5543174743652 39.3699989318848 39.1324272155762 38.4512825012207 38.1876792907715 37.8174362182617 37.112247467041 37.3664932250977 37.9264144897461 38.381706237793 38.7910003662109 38.6938285827637 38.7137298583984 38.0698394775391 37.6377143859863 36.2107009887695 36.2174263000488 36.3668937683105 37.4946365356445 37.6874809265137 37.1480674743652 37.0168342590332 36.3577270507812 34.7155380249023 35.0063056945801 34.5481224060059 34.4132118225098 36.3841552734375 38.408203125 38.9368743896484 38.6848640441895 36.8041610717773
41.189208984375 41.0613212585449 40.7074089050293 40.7305145263672 40.6682357788086 40.3309440612793 39.6054573059082 39.4392738342285 39.8162460327148 40.2259902954102 40.3463516235352 39.986686706543 39.1495895385742 39.413516998291 39.6835823059082 38.8338775634766 38.7708129882812 37.8348808288574 37.739128112793 37.4487342834473 36.625560760498 37.2120018005371 37.736946105957 38.4025115966797 38.9605293273926 38.9670906066895 38.4726219177246 37.9362869262695 37.7170066833496 36.8006820678711 35.2114372253418 35.5762710571289 35.9863014221191 36.6985321044922 37.1555023193359 36.4407539367676 36.5374565124512 35.4912986755371 34.4203414916992 34.6706314086914 34.9036407470703 36.2422523498535 37.4324836730957 38.5887641906738 38.5304374694824 36.4556007385254
40.9042587280273 41.1708755493164 40.9663734436035 40.8944854736328 40.7206001281738 40.4052314758301 39.9547920227051 39.3628234863281 39.5729866027832 40.2028503417969 40.3845443725586 40.3157920837402 40.0486183166504 39.8529510498047 39.3976783752441 38.4515991210938 38.6889038085938 38.3793296813965 38.5404891967773 37.4046592712402 37.4031143188477 37.2250137329102 37.346794128418 38.1676788330078 38.8704414367676 39.0816421508789 37.9744758605957 36.9157028198242 37.0201644897461 36.9075775146484 36.1943817138672 35.5329437255859 35.0119476318359 35.5781364440918 36.6737213134766 35.944149017334 35.6741027832031 35.6176338195801 34.5588836669922 34.2845115661621 34.4793586730957 34.5776748657227 35.6029014587402 37.4753303527832 38.0130653381348 36.5724716186523
40.5541954040527 41.0641860961914 41.1420249938965 40.9564094543457 40.690788269043 40.530460357666 40.2809944152832 39.6956481933594 39.2736930847168 40.1144561767578 40.395580291748 39.8994255065918 39.0000839233398 39.0760154724121 39.1975479125977 39.1590118408203 39.1990623474121 39.0114250183105 38.7479782104492 38.3587799072266 37.9530830383301 37.1773109436035 37.5856628417969 38.6000366210938 39.1380271911621 39.0067481994629 38.1558418273926 37.9622230529785 37.3448295593262 36.7213706970215 35.2026138305664 34.7493209838867 36.0574264526367 35.8887557983398 35.6396369934082 35.358097076416 35.1070137023926 35.4653015136719 34.8112335205078 34.1548118591309 34.1878509521484 33.7150039672852 34.4565277099609 35.7443008422852 36.1249122619629 35.3805465698242
40.1521644592285 40.548469543457 41.1704139709473 41.0405311584473 40.8652305603027 40.750846862793 40.5127410888672 40.0399284362793 40.0103149414062 40.2905883789062 40.4568748474121 39.9882545471191 39.5649833679199 38.6245384216309 38.8348999023438 39.187572479248 39.3430824279785 39.5799407958984 39.0175361633301 38.7658920288086 38.2651023864746 37.8159599304199 37.90380859375 38.5950012207031 39.1192436218262 38.998104095459 38.1549224853516 37.2423667907715 36.0169830322266 36.0158996582031 35.5752983093262 35.5200271606445 36.5665130615234 36.2569389343262 35.1665191650391 34.8589630126953 35.449779510498 35.104679107666 34.6813278198242 34.2069435119629 34.2585678100586 34.0436210632324 33.7503776550293 34.3840255737305 34.7703437805176 35.1538200378418
39.9488525390625 40.0361328125 41.1361274719238 41.1255531311035 41.0099334716797 40.8456993103027 40.6335601806641 40.2074356079102 40.2464256286621 40.5984878540039 40.5224761962891 40.2813835144043 39.8172378540039 39.1940574645996 39.0594863891602 39.4333038330078 39.8183212280273 39.7999153137207 39.470573425293 38.8925590515137 38.2583923339844 37.8520469665527 38.0506439208984 38.2344093322754 38.4991302490234 38.9081497192383 37.7131309509277 36.7402153015137 35.9934577941895 36.2884712219238 36.3718757629395 36.2811546325684 36.7920150756836 36.145206451416 35.8410415649414 35.7349624633789 35.226001739502 34.5895080566406 35.1580848693848 35.442554473877 34.918098449707 34.4946136474609 34.046573638916 34.437671661377 34.9578247070312 35.4458465576172
40.1660575866699 40.801456451416 41.1364898681641 41.0780982971191 41.08251953125 40.9544143676758 40.7820281982422 40.3055648803711 40.4049339294434 40.7794342041016 40.5253982543945 40.4399452209473 40.1647262573242 40.2457275390625 40.1161613464355 40.0840721130371 40.0967178344727 39.9919738769531 39.7074089050293 39.0528526306152 38.7092628479004 38.9155769348145 39.2344055175781 39.5151023864746 39.3290557861328 38.8051605224609 38.5580673217773 37.9635391235352 37.5127906799316 37.2856101989746 37.3633995056152 37.1203155517578 37.0024147033691 36.2992630004883 35.612133026123 35.0624847412109 34.5298080444336 35.7762794494629 36.1295890808105 36.0667419433594 34.5401763916016 34.486156463623 34.0707778930664 33.8394012451172 35.0549011230469 35.7414474487305
40.7324981689453 40.9992446899414 41.0730056762695 40.9637184143066 40.9733963012695 41.0243682861328 40.9540023803711 40.7960166931152 40.5301055908203 40.6919136047363 40.6456604003906 40.559009552002 40.3918342590332 40.2571601867676 40.1165885925293 40.0127372741699 40.1904182434082 40.0768127441406 39.8934707641602 39.7473297119141 39.6144332885742 39.5713233947754 39.3142738342285 39.4532775878906 38.9048156738281 37.6498832702637 37.587532043457 37.082218170166 36.3980560302734 37.3527603149414 37.6922645568848 37.6535949707031 36.7380676269531 36.3667221069336 36.2216873168945 36.1540718078613 36.1412773132324 35.7638969421387 36.5251655578613 36.9423789978027 36.3171806335449 35.7787132263184 35.0099143981934 34.4794425964355 35.6456909179688 36.2532691955566
39.7629508972168 40.499454498291 41.0359992980957 40.9422416687012 40.7805290222168 40.8952255249023 40.8448104858398 40.6283874511719 40.0980072021484 40.1502380371094 40.5566062927246 40.3202934265137 39.6587715148926 39.8624610900879 40.0843887329102 39.3930168151855 39.9335441589355 40.156810760498 40.0866317749023 40.0173988342285 39.941047668457 39.4455604553223 38.652214050293 39.131591796875 38.9174995422363 38.5806541442871 38.4894523620605 38.0781326293945 37.6300430297852 37.9489936828613 37.8930816650391 37.5832786560059 37.0395660400391 37.3353538513184 37.2892761230469 36.1506652832031 36.8405570983887 35.8175468444824 36.212100982666 37.1356735229492 37.1127700805664 36.8132057189941 35.9108772277832 34.9152221679688 35.6839027404785 36.6080474853516
38.6509552001953 39.950927734375 40.890495300293 41.0434188842773 40.9527397155762 40.9136428833008 40.7892951965332 40.644229888916 40.368091583252 39.7216835021973 39.2167778015137 40.143684387207 39.0991249084473 38.7093925476074 39.7936630249023 39.3447799682617 39.3220520019531 39.8985748291016 39.9272575378418 39.9220542907715 39.9275054931641 39.8996543884277 39.7242012023926 39.4299812316895 38.9098243713379 38.4356346130371 38.45654296875 38.3855133056641 38.312873840332 38.0871925354004 37.8785057067871 37.3942947387695 37.0595054626465 37.8334007263184 37.6847648620605 37.3604698181152 37.3830986022949 36.700740814209 36.2833938598633 37.1008415222168 37.3351249694824 36.5906639099121 35.079402923584 34.0630073547363 34.4487648010254 36.3796806335449
39.9255752563477 39.7224464416504 40.4591865539551 40.6874465942383 40.9588928222656 40.91357421875 40.7710990905762 40.5930709838867 40.3960609436035 40.0311164855957 39.2265167236328 39.751880645752 38.4483604431152 38.1431274414062 39.072437286377 38.8920631408691 38.0544776916504 39.4046058654785 39.3933410644531 39.3653297424316 39.6753273010254 39.8730850219727 39.7486801147461 39.2252960205078 38.2059860229492 37.5088386535645 37.0465087890625 37.4576263427734 38.1232147216797 37.4318504333496 37.1730690002441 36.278076171875 37.1325416564941 38.1393966674805 37.9184761047363 37.6878318786621 37.7536506652832 37.2446174621582 36.8103790283203 37.1523742675781 37.3937721252441 36.076904296875 34.9048004150391 35.2840690612793 35.7093238830566 36.4192886352539
40.0980529785156 40.537296295166 40.6336936950684 40.6456489562988 40.8144760131836 40.878288269043 40.8056793212891 40.6969184875488 40.5003128051758 39.9326438903809 39.4437980651855 38.9851570129395 38.4873466491699 38.0451011657715 38.6791877746582 38.5045433044434 38.5392723083496 38.3254737854004 38.0174903869629 37.9958343505859 39.3920516967773 39.7254219055176 39.696590423584 39.5642967224121 38.8504486083984 37.4740257263184 35.811206817627 36.803337097168 37.7650680541992 36.6387634277344 37.0901069641113 37.7905883789062 38.1383895874023 38.4608764648438 38.3566741943359 38.1215286254883 37.5694389343262 36.5955238342285 37.1353073120117 37.4076271057129 37.785530090332 37.3864364624023 37.2194747924805 37.1982078552246 37.1461753845215 36.4930000305176
40.3943519592285 40.3810005187988 40.1986045837402 40.3208503723145 40.8692741394043 40.7361907958984 40.759204864502 40.7346420288086 40.617073059082 40.184009552002 38.826976776123 38.9411468505859 38.4145965576172 37.057933807373 37.9466552734375 37.6692581176758 37.4717407226562 36.650764465332 37.6519393920898 38.0963134765625 39.4002456665039 39.4369087219238 39.5971069335938 39.7172393798828 38.6987342834473 37.4332122802734 36.0729179382324 37.0058898925781 37.7304077148438 37.1500549316406 37.7326583862305 38.2627906799316 38.7095603942871 38.7152824401855 38.2011795043945 37.8974533081055 37.4854850769043 37.1748809814453 37.7913436889648 37.8934936523438 37.9422340393066 37.8554420471191 37.7203979492188 36.97265625 35.9986228942871 35.9616813659668
40.5746879577637 40.564395904541 40.5401000976562 40.3647422790527 40.8905258178711 40.8842964172363 40.8162574768066 40.7439346313477 40.6570739746094 40.5313949584961 40.1326789855957 39.2465019226074 38.2375259399414 36.8146934509277 37.1999244689941 37.1561164855957 36.6406211853027 36.9904136657715 37.2898063659668 38.5130844116211 39.4361877441406 38.9491882324219 39.7737998962402 39.5888633728027 38.8889770507812 38.6036758422852 37.3552742004395 37.4886169433594 37.8978118896484 37.6948204040527 38.405101776123 38.3773612976074 38.8898429870605 38.8064804077148 38.6319732666016 38.3473777770996 37.3868141174316 37.5858993530273 37.8912963867188 37.8876571655273 37.9297027587891 37.7751846313477 37.6962356567383 37.1090431213379 37.0279769897461 36.8842391967773
