inst/extdata/Tmax/Tmax43.asc
NCOLS 100 
NROWS 79 
XLLCORNER 148.06 
YLLCORNER -21.49 
CELLSIZE 0.01 
NODATA_value -3.4e+38 
[rows 20 to 39 of 79, columns 46 to 91 of 100]
22.860523223877 21.1110591888428 20.7796020507812 22.0632858276367 21.7299633026123 21.3597526550293 20.2992057800293 19.2575244903564 21.5293369293213 23.2049083709717 23.8474235534668 24.1858940124512 24.0658931732178 24.7447280883789 23.6793041229248 24.1995506286621 24.3883399963379 24.8299293518066 26.0539875030518 25.8698081970215 27.6903457641602 29.8372707366943 30.8921203613281 30.5469093322754 29.044340133667 29.4214305877686 30.1478691101074 28.6212539672852 27.6671257019043 28.5594139099121 27.755952835083 28.4501972198486 28.8269233703613 29.6805953979492 29.3833599090576 27.9519824981689 27.3517475128174 27.2086544036865 28.6147232055664 29.9400081634521 28.9561347961426 29.5066699981689 28.6949253082275 28.3423194885254 28.4861583709717 29.2167987823486
25.3536624908447 20.199951171875 19.7070693969727 20.9780616760254 20.7256946563721 20.021541595459 20.9871292114258 19.5172672271729 20.4548854827881 22.7306575775146 24.8482208251953 22.4288883209229 21.8775329589844 24.0192794799805 22.5064029693604 22.5098114013672 23.3322143554688 24.893424987793 24.6882991790771 25.3126068115234 27.8654384613037 30.2094993591309 24.9450206756592 24.777738571167 28.1491622924805 29.7750263214111 30.9539012908936 27.4457302093506 28.2975845336914 27.172290802002 27.5086097717285 27.4461498260498 28.0043144226074 27.4582366943359 28.9865818023682 28.7612171173096 28.6438159942627 28.8504962921143 27.9933853149414 31.142993927002 29.8889217376709 28.6492576599121 27.4585342407227 26.7462215423584 26.0205917358398 26.2634716033936
26.3496742248535 22.3237705230713 20.8641204833984 20.5594730377197 19.7027797698975 20.7328872680664 20.0243797302246 20.5940799713135 19.8761768341064 20.7443199157715 23.015588760376 23.4002418518066 22.2368659973145 22.2350120544434 22.0855197906494 22.7085628509521 23.5677814483643 24.0965995788574 22.9211540222168 24.1252975463867 29.7970390319824 28.0080013275146 24.574089050293 23.7407684326172 24.2905082702637 24.4392471313477 27.5007953643799 30.0935363769531 26.8308868408203 29.6344242095947 30.5538482666016 31.8730220794678 29.0067768096924 27.887134552002 28.7908458709717 29.2590198516846 30.5823726654053 30.1792335510254 31.4227046966553 29.586462020874 28.5754108428955 29.420747756958 28.6417369842529 28.7271156311035 24.8181285858154 24.9337978363037
26.2241153717041 22.0919227600098 21.8459701538086 20.7417945861816 18.7681427001953 20.2488555908203 21.0555553436279 20.4682750701904 20.4174900054932 20.6242733001709 21.7668018341064 21.1625556945801 22.2694873809814 21.3530616760254 25.715648651123 27.1555423736572 23.0752487182617 23.482084274292 22.5409832000732 23.9946136474609 28.5101013183594 27.08544921875 25.663948059082 22.975435256958 23.8222522735596 24.4634475708008 24.7157688140869 28.8148975372314 28.2652950286865 26.720983505249 27.9815807342529 28.1795787811279 28.6534557342529 28.2268924713135 28.1534538269043 28.3071708679199 29.170389175415 30.3036842346191 30.5682697296143 30.5185661315918 30.0914001464844 29.610050201416 28.180871963501 28.4163131713867 26.7743530273438 24.2171878814697
24.7017097473145 25.069860458374 25.2239189147949 21.8385810852051 21.4715423583984 20.6267585754395 20.2287254333496 20.2892894744873 21.0586738586426 20.4121646881104 20.728572845459 20.21755027771 21.9944133758545 28.8648777008057 21.8782844543457 23.0297603607178 23.9150295257568 24.2324829101562 23.7910251617432 25.2979488372803 27.989709854126 27.7377338409424 24.811149597168 23.8930149078369 24.1013603210449 24.7511520385742 24.4047241210938 24.5290946960449 24.4754104614258 28.3758544921875 30.0517921447754 29.3814525604248 28.0041236877441 28.6786231994629 27.3407096862793 26.8777046203613 29.4453258514404 24.4691905975342 29.1840076446533 30.2669143676758 30.5575828552246 28.5706043243408 30.6298942565918 29.5584888458252 28.1672840118408 25.9990253448486
19.5416793823242 20.5543766021729 21.4788551330566 21.4116153717041 20.7294979095459 19.7987651824951 19.3915309906006 18.9645557403564 20.2502250671387 20.7730731964111 20.4222602844238 20.4221096038818 22.1471500396729 23.5623836517334 23.4628143310547 23.4819660186768 23.6086578369141 26.8148784637451 28.1464862823486 25.2641868591309 25.1871757507324 25.1187858581543 23.6334362030029 23.456033706665 23.6931381225586 24.4503650665283 24.486837387085 23.7627449035645 27.2208614349365 25.471471786499 29.9857997894287 29.0687999725342 30.1431560516357 27.3479499816895 28.0195178985596 26.8156089782715 28.4471244812012 26.4904308319092 26.6282138824463 30.1874599456787 26.365234375 24.0933494567871 23.8658676147461 28.7216739654541 29.2829246520996 26.7805233001709
19.3191356658936 19.3566970825195 19.9583320617676 20.4877872467041 20.8450622558594 18.5558452606201 18.2490711212158 19.1457958221436 19.8091602325439 20.5811500549316 20.7836475372314 21.3964881896973 23.1309680938721 24.0948390960693 24.1791191101074 24.4287891387939 25.868673324585 26.0813827514648 26.091968536377 24.9889488220215 24.7478923797607 25.9513912200928 26.1535472869873 25.8629875183105 28.6166076660156 24.1395397186279 26.6464710235596 26.3394107818604 24.9788360595703 24.3674068450928 23.8378562927246 31.4607200622559 26.7782421112061 27.4287414550781 29.0052261352539 27.9900703430176 28.5395164489746 27.380392074585 24.6863498687744 24.9697380065918 29.9130458831787 28.4383277893066 24.8159275054932 24.4204540252686 28.4953193664551 27.7106151580811
19.8112983703613 19.1653022766113 19.4095668792725 19.5690174102783 20.1280059814453 18.1734180450439 17.887767791748 18.0060348510742 19.6235122680664 20.564811706543 20.0539321899414 20.2890548706055 21.7744903564453 22.829008102417 24.196626663208 23.796272277832 24.5997619628906 26.1343574523926 24.859827041626 23.7872714996338 24.7737045288086 25.9953746795654 27.9512844085693 30.5238132476807 30.0823402404785 29.9247722625732 26.0302600860596 27.067798614502 25.3365573883057 24.4628067016602 24.3137912750244 29.5900726318359 27.8967552185059 26.6204891204834 27.383113861084 27.4635772705078 27.4732398986816 28.1877765655518 24.9772834777832 23.7940502166748 23.5082492828369 23.1182537078857 27.2769947052002 23.8642921447754 24.8125171661377 26.7990703582764
20.6835594177246 19.9787311553955 20.1953506469727 19.7007083892822 19.7862358093262 18.3172988891602 19.5433044433594 19.1376686096191 19.5269775390625 19.7657508850098 19.8716430664062 20.1819896697998 20.2505340576172 22.0673675537109 23.4862804412842 23.1379146575928 24.5519065856934 25.5514335632324 24.7806816101074 23.5385475158691 23.804256439209 27.8427810668945 28.7612838745117 30.5354404449463 30.1031112670898 31.1165981292725 27.439432144165 29.7796211242676 27.1569766998291 24.1453666687012 24.2727298736572 28.392541885376 28.4978065490723 28.2074317932129 26.3216152191162 27.0958671569824 28.3559513092041 28.4046688079834 30.3631744384766 27.2240810394287 29.3773880004883 28.0530261993408 23.2156829833984 23.76096534729 29.1052341461182 28.0978260040283
21.6759033203125 21.609073638916 20.9760875701904 21.087739944458 20.2898044586182 19.9541168212891 19.9341735839844 18.7776622772217 19.3617095947266 19.1533546447754 18.3876781463623 19.7108631134033 20.0074291229248 22.0018501281738 22.7048492431641 21.7072906494141 23.1555290222168 23.7499198913574 23.8684520721436 24.1531524658203 24.0345458984375 25.7152309417725 26.3451805114746 28.6888656616211 30.8532409667969 28.8770637512207 28.888147354126 27.2980041503906 27.5326824188232 23.9300861358643 24.179256439209 26.8547134399414 27.8516292572021 26.4717807769775 28.0278778076172 26.1099739074707 28.1691360473633 26.8297080993652 28.9364318847656 25.2106170654297 24.1249370574951 23.6301212310791 25.6804885864258 22.9735527038574 24.6544036865234 26.2088279724121
20.3924293518066 20.2263298034668 20.4635162353516 20.2748565673828 20.1509914398193 20.2219161987305 18.9270763397217 18.8869609832764 18.2226314544678 18.7674579620361 17.7255592346191 19.3076992034912 18.8352451324463 20.7168712615967 21.7850360870361 20.6253604888916 21.0135383605957 23.1049365997314 24.0954399108887 25.6616954803467 24.7769565582275 25.331916809082 26.4060249328613 26.9746685028076 27.0947704315186 27.6272087097168 28.434289932251 29.7162933349609 29.8035354614258 28.4101009368896 26.0188331604004 27.2520713806152 28.3027400970459 27.7547836303711 29.875057220459 30.7060699462891 27.5988159179688 26.4120922088623 26.6101970672607 27.4307746887207 26.7731628417969 25.9270439147949 23.7409610748291 28.2878112792969 28.8387622833252 25.7966823577881
19.5185356140137 20.140926361084 20.3046283721924 20.2259006500244 19.3218193054199 20.254524230957 19.0819244384766 17.9329891204834 17.3500003814697 17.2084922790527 17.3422374725342 17.8920402526855 25.3260192871094 20.9312076568604 20.7156219482422 20.5354957580566 22.5855884552002 23.64306640625 24.2888164520264 24.8810138702393 28.0075645446777 26.7828178405762 27.1870899200439 26.7125148773193 27.3449554443359 28.7419834136963 30.9031219482422 28.5372352600098 29.1931686401367 26.1320247650146 24.3641529083252 27.4903583526611 27.7162055969238 26.3682022094727 28.9419345855713 30.7874889373779 29.7303142547607 26.5786190032959 27.167049407959 29.6565761566162 25.199686050415 24.4251499176025 26.2195701599121 25.7537727355957 28.1272640228271 27.6556625366211
19.3441143035889 19.7690773010254 19.7469615936279 20.0632972717285 20.0731925964355 20.0019149780273 19.8526802062988 18.6585483551025 18.299877166748 18.3647956848145 17.3757801055908 17.4630432128906 18.4254207611084 20.6316032409668 20.6674251556396 21.6574306488037 22.0875129699707 22.6586093902588 24.1033611297607 24.751579284668 26.242639541626 26.1939468383789 26.2354526519775 25.9968070983887 26.8547649383545 28.8140468597412 30.7176856994629 27.4111824035645 24.1345462799072 24.2205181121826 24.3605766296387 28.3097438812256 29.8165683746338 26.3442363739014 28.8446598052979 30.5101623535156 26.7839374542236 26.7771835327148 27.9815692901611 28.9224605560303 29.2299404144287 28.7417125701904 22.4960861206055 23.4519481658936 23.4734706878662 23.7921104431152
19.6515102386475 18.9556827545166 19.1901588439941 19.8305053710938 19.968713760376 19.8990058898926 19.4863033294678 18.9919872283936 19.4853572845459 18.9942817687988 18.6548118591309 18.5391159057617 19.7106456756592 20.3699684143066 20.1885204315186 21.6909313201904 22.5183715820312 23.2778148651123 24.0798416137695 24.3665390014648 27.2479267120361 30.0676536560059 31.4021625518799 24.8791904449463 24.8897151947021 24.9245567321777 24.690055847168 27.3166427612305 26.3591823577881 27.9705200195312 27.3617897033691 27.8652629852295 26.8083229064941 28.6669006347656 29.0686950683594 24.6591625213623 27.8912239074707 27.674690246582 29.3472938537598 29.4205875396729 26.4903736114502 27.7027359008789 27.0310859680176 25.6428413391113 25.7568511962891 25.2517738342285
20.7213382720947 19.3709945678711 19.2434577941895 18.8965091705322 19.6858291625977 19.5798816680908 19.556453704834 20.289644241333 19.8592414855957 18.9967651367188 19.6664123535156 20.1799507141113 20.682559967041 19.5385856628418 19.9391956329346 21.1441917419434 22.8111629486084 23.9394836425781 23.373441696167 24.5673561096191 26.6775722503662 29.6109600067139 30.2485179901123 24.808012008667 23.9928321838379 24.3389053344727 24.9309577941895 25.0366725921631 26.6602878570557 26.9069023132324 29.6670608520508 31.0170822143555 31.5989780426025 29.2336902618408 30.1458187103271 26.841926574707 27.866361618042 28.1954708099365 27.4282112121582 28.4628257751465 29.1455459594727 26.4753475189209 24.0657176971436 26.8105449676514 26.4486408233643 27.2883033752441
20.4362869262695 19.5425434112549 19.2707195281982 19.3038597106934 19.5421695709229 19.4273052215576 20.0534172058105 21.3038177490234 26.566068649292 19.2924346923828 21.5725383758545 22.1864204406738 22.1440753936768 19.7849311828613 20.5968475341797 20.740852355957 22.2228393554688 22.6799125671387 22.6192569732666 23.7907257080078 24.6554222106934 25.2773323059082 27.0619163513184 30.1858978271484 25.1715335845947 24.5315265655518 24.0054016113281 24.1920604705811 27.3081741333008 31.5777950286865 27.8088607788086 24.9491271972656 30.7217864990234 28.8618068695068 28.5620956420898 25.2802448272705 27.2742214202881 26.5709857940674 30.2268123626709 29.8483409881592 28.0235004425049 28.0771064758301 27.5441074371338 27.6521301269531 27.7427349090576 29.0905437469482
19.8179721832275 19.5578136444092 19.3244895935059 19.6646194458008 19.7436809539795 19.9368534088135 20.1565017700195 22.1456279754639 22.2256240844727 20.6280326843262 23.0649681091309 23.7487564086914 23.3305511474609 21.78639793396 21.9122943878174 22.5991649627686 23.1906871795654 23.8783950805664 24.1832466125488 24.4304332733154 24.7366790771484 25.1229972839355 23.2134990692139 23.3516616821289 23.9352684020996 23.4499168395996 23.8711395263672 29.6423892974854 27.3633842468262 31.0518779754639 24.2630977630615 23.6384677886963 24.4184474945068 28.146448135376 28.7823543548584 27.6046161651611 25.9863319396973 27.37646484375 27.104377746582 28.0708599090576 29.3280754089355 30.2025527954102 30.0169830322266 29.7750587463379 28.5691928863525 28.9016609191895
19.9379653930664 20.6117382049561 19.5484828948975 20.0561828613281 20.1360912322998 20.8251056671143 21.3516178131104 24.8381290435791 22.8769569396973 22.5782737731934 23.7484951019287 24.7266330718994 23.9716148376465 23.0213565826416 23.1341037750244 24.2991809844971 24.7279434204102 24.7357330322266 25.9099273681641 25.6010093688965 27.0816841125488 25.5198421478271 24.7158050537109 24.1609554290771 24.5022125244141 24.8496494293213 27.5012969970703 26.5522575378418 26.4176139831543 26.6399688720703 25.4203319549561 26.4039287567139 25.3732109069824 27.8631935119629 24.6745281219482 28.1893081665039 29.1540832519531 29.0265026092529 28.9471969604492 26.3247299194336 26.893669128418 28.411600112915 27.5449085235596 28.7291221618652 29.2495403289795 29.2978000640869
21.3871784210205 21.2581901550293 20.1061019897461 21.2478179931641 21.3423805236816 21.6747932434082 22.4161987304688 23.7653217315674 22.7527770996094 23.3186206817627 25.1670112609863 26.7897624969482 24.8463363647461 23.9043941497803 23.0981349945068 24.1017322540283 24.0219116210938 24.5486602783203 25.539421081543 30.1397705078125 25.4971752166748 25.8382930755615 28.0324115753174 27.3730640411377 27.156530380249 26.8465232849121 28.5220241546631 27.762077331543 28.3206729888916 27.750581741333 26.1197395324707 26.8000736236572 28.65505027771 28.3821849822998 24.455078125 23.7613773345947 24.1764297485352 25.362943649292 24.8945827484131 26.9420375823975 30.5006427764893 30.071928024292 27.0739040374756 26.410717010498 24.8908176422119 25.0784282684326
20.5984878540039 20.6322746276855 20.9740619659424 22.4592685699463 23.0617160797119 23.682071685791 24.8106803894043 23.3038139343262 22.3238773345947 22.8045482635498 23.6053009033203 25.6918678283691 25.2611331939697 24.8246021270752 23.7758464813232 26.2818355560303 26.0603351593018 28.1793212890625 30.5955047607422 28.4517498016357 28.70680809021 27.4545192718506 26.8363380432129 27.2441310882568 27.3582725524902 26.9504737854004 26.9140319824219 26.6916980743408 27.2165184020996 28.3014316558838 27.6507511138916 27.0809173583984 24.9762516021729 24.7255954742432 23.6353816986084 26.8068084716797 28.0941677093506 24.539234161377 24.4969902038574 24.3235816955566 24.1882820129395 26.8687591552734 26.3873710632324 27.5480670928955 26.1186981201172 25.54563331604
