inst/extdata/Tmax/Tmax56.asc
NCOLS 100 
NROWS 79 
XLLCORNER 148.06 
YLLCORNER -21.49 
CELLSIZE 0.01 
NODATA_value -3.4e+38 
[rows 20 to 39 of 79, columns 0 to 45 of 100]
30.944339752197301 30.9889831542969 30.9863529205322 30.9547386169434 30.9764785766602 31.0979595184326 31.0185718536377 30.9483661651611 30.8841457366943 30.7910957336426 30.6089057922363 30.1964340209961 29.7321472167969 29.063419342041 27.6971683502197 27.2554950714111 27.1851558685303 28.1963062286377 29.2794017791748 29.7258644104004 29.7409057617188 29.7534027099609 30.098934173584 30.1227722167969 29.96217918396 29.6641883850098 29.0383605957031 28.0867290496826 28.6329154968262 28.6957530975342 29.3116569519043 29.3210468292236 29.4603481292725 29.4187755584717 29.3704299926758 29.1135597229004 28.7067546844482 28.7023754119873 28.2179431915283 28.4697799682617 28.2398643493652 27.5016078948975 27.7226486206055 27.7670078277588 27.881872177124 27.9044704437256
31.0228633880615 31.092321395874 31.1022033691406 31.0691585540771 31.0779056549072 31.0800170898438 30.9448051452637 30.8693351745605 30.8488292694092 30.7859745025635 30.6615104675293 30.4845523834229 30.2485218048096 29.2744102478027 27.7182884216309 27.3861103057861 27.6370792388916 28.4857425689697 29.0079307556152 29.3946495056152 29.5229396820068 29.4316082000732 29.9772090911865 30.1156845092773 29.9124717712402 29.9242000579834 29.89013671875 29.0987949371338 28.9337005615234 29.4636859893799 29.5802421569824 29.4642124176025 29.1194076538086 28.4952392578125 28.5077991485596 28.477632522583 28.9333076477051 28.2088928222656 27.79709815979 28.1070137023926 27.7065925598145 27.7868499755859 27.4975776672363 26.5729351043701 26.8917198181152 27.5691032409668
31.0944938659668 31.149730682373 31.1563358306885 31.1449527740479 31.1309471130371 31.0987987518311 30.9215049743652 30.798864364624 30.7476024627686 30.7185649871826 30.6034622192383 30.5339241027832 30.3568458557129 29.725227355957 28.5655651092529 27.6985454559326 27.0343227386475 27.5449104309082 28.1365947723389 28.9735565185547 29.0881309509277 29.2129993438721 29.8785877227783 29.6539993286133 29.2227306365967 29.5975532531738 29.6689929962158 29.7454166412354 29.4485111236572 29.4831161499023 29.2043075561523 29.0057735443115 28.4169063568115 28.0713481903076 27.8285446166992 28.042818069458 27.9666442871094 27.3903617858887 27.3541526794434 27.264762878418 26.944881439209 26.180290222168 26.9640197753906 26.664119720459 25.6663780212402 27.0902519226074
31.0865802764893 31.1249370574951 31.1415557861328 31.136739730835 31.0994606018066 31.0930156707764 31.0199127197266 30.7228355407715 30.617317199707 30.6412029266357 30.4595127105713 30.2689971923828 30.3766593933105 29.9871921539307 29.1697387695312 28.3530750274658 27.4967956542969 27.1884918212891 27.8134841918945 28.1372680664062 28.6985778808594 29.7344989776611 29.4733753204346 28.8393821716309 28.9891223907471 29.1367740631104 28.8156299591064 29.7884998321533 29.8081455230713 29.6589488983154 29.4179134368896 28.2911071777344 27.948055267334 28.1487846374512 28.4859600067139 28.0097713470459 27.0700569152832 26.5136413574219 27.241828918457 26.7196655273438 25.982120513916 24.5489387512207 25.374927520752 26.5630836486816 24.7440948486328 26.071044921875
31.0380897521973 31.1041774749756 31.1338310241699 31.1041965484619 31.0678939819336 31.0723285675049 31.0750694274902 30.8983860015869 30.7211227416992 30.5489253997803 30.4453887939453 30.4070930480957 30.2303009033203 29.8802928924561 29.0918045043945 28.3712120056152 27.5991401672363 27.2144088745117 27.4227256774902 27.4211139678955 28.665843963623 29.5274333953857 28.3844127655029 27.8242816925049 28.6627635955811 28.636157989502 28.8239612579346 29.5817356109619 29.8265342712402 29.4285736083984 29.3652076721191 29.1200580596924 29.0848579406738 29.1373863220215 28.7966804504395 28.4763488769531 28.0580291748047 26.9205322265625 26.6881980895996 26.4211845397949 24.6832656860352 24.0996475219727 24.5398941040039 26.3834419250488 24.3987922668457 24.7613258361816
30.998664855957 31.0257549285889 31.0351371765137 31.0123958587646 31.0259437561035 31.0367984771729 31.0653972625732 31.0226249694824 30.8709278106689 30.6252880096436 30.4294872283936 30.2908973693848 30.1388378143311 29.6698913574219 29.2055339813232 28.6286792755127 27.991662979126 27.6363067626953 28.1029071807861 28.8276538848877 28.8114051818848 28.7102012634277 28.2056636810303 26.8921794891357 27.4173545837402 28.2121238708496 28.3651313781738 29.6275024414062 29.8124694824219 29.4358177185059 28.53200340271 29.1525936126709 29.0093574523926 28.8737506866455 28.589807510376 28.2588405609131 28.1284370422363 26.6230506896973 25.3244590759277 25.7302474975586 24.2774925231934 25.1158828735352 25.466480255127 26.3882522583008 25.3592834472656 24.2731285095215
30.8924789428711 30.9265670776367 30.9320201873779 30.9457111358643 30.9436511993408 30.9472675323486 31.0405578613281 31.0451488494873 30.9088115692139 30.484260559082 30.3773250579834 30.1052856445312 30.1020984649658 29.7147102355957 28.9383487701416 27.8323764801025 27.4413185119629 27.6391315460205 28.1286392211914 28.0320320129395 28.2263278961182 29.1508731842041 28.9985237121582 27.4344291687012 27.0143871307373 27.9732322692871 28.7959594726562 29.6969146728516 29.7758293151855 29.5459728240967 28.6827354431152 28.2851066589355 29.0771770477295 28.5236225128174 28.0681800842285 27.2199974060059 26.9270362854004 27.0371398925781 25.9583396911621 24.6404571533203 24.2289619445801 24.5478668212891 24.4435272216797 25.4934158325195 24.540340423584 23.8819999694824
30.7509841918945 30.7787704467773 30.8099632263184 30.8631477355957 30.8888549804688 30.9510288238525 31.047945022583 31.0457611083984 30.9743881225586 30.7793922424316 30.5334625244141 30.2625179290771 30.1398334503174 29.9360237121582 28.9823703765869 27.8025436401367 27.4680557250977 27.416088104248 27.5497169494629 27.5261478424072 28.7030696868896 29.3648509979248 28.8038845062256 27.9126091003418 27.3247566223145 27.563304901123 27.6860485076904 29.2999210357666 29.6571178436279 29.5298156738281 28.7056293487549 28.6128387451172 28.9075260162354 28.1431503295898 27.4300384521484 26.8447170257568 25.9137916564941 26.637300491333 26.4661903381348 24.6142177581787 24.1637210845947 24.3549938201904 24.2626171112061 24.8600521087646 24.2562923431396 23.9466609954834
30.2327976226807 30.1937599182129 30.4684066772461 30.7885551452637 30.9259948730469 31.0113983154297 31.0489959716797 31.0375118255615 30.9071273803711 30.7965545654297 30.6280117034912 30.0783672332764 30.1761474609375 30.0203704833984 29.4867477416992 28.2321281433105 27.4839763641357 26.9563102722168 27.2804298400879 28.1946582794189 28.7202377319336 29.0929431915283 28.1926822662354 27.4420375823975 27.2504348754883 27.4004592895508 27.8453464508057 28.772798538208 29.5509624481201 29.6095371246338 29.0738735198975 28.7981338500977 28.3502864837646 27.2937240600586 26.1007747650146 25.6692867279053 25.3379154205322 25.543493270874 25.6982231140137 25.2877864837646 24.7485637664795 24.8765716552734 24.5927486419678 24.365743637085 24.3724060058594 24.3000354766846
29.3297920227051 30.2200145721436 30.5575828552246 30.2891960144043 30.863187789917 31.018196105957 31.0457935333252 31.0330848693848 30.8235664367676 30.671594619751 30.6630058288574 30.390115737915 30.1431903839111 30.0052280426025 29.7422008514404 29.2086009979248 28.6338024139404 27.2144145965576 27.5456829071045 27.6270885467529 27.7847881317139 28.7622127532959 28.3187141418457 27.4789428710938 27.2643070220947 27.0458393096924 27.0135803222656 28.7205028533936 29.5837211608887 29.6576557159424 28.8127307891846 27.8086013793945 27.485668182373 27.1204452514648 26.8431644439697 25.8069610595703 25.737211227417 25.3137760162354 24.8863086700439 25.1431751251221 26.9765357971191 27.055513381958 25.8995876312256 24.4334659576416 25.4940853118896 25.598461151123
29.6324157714844 30.5378570556641 30.5641765594482 30.0165328979492 30.8152694702148 31.004415512085 31.0573234558105 31.039379119873 30.9796524047852 30.7454166412354 30.635139465332 30.5660705566406 30.3818607330322 30.1665000915527 29.8622360229492 29.2586631774902 28.4046459197998 27.9388523101807 27.463830947876 27.7266998291016 27.8049640655518 28.26145362854 27.6276111602783 27.4477996826172 27.1313152313232 26.4773101806641 26.7678279876709 28.601676940918 29.4655284881592 29.5074882507324 29.4861965179443 29.3064346313477 28.154369354248 27.1750812530518 27.1010265350342 26.6008205413818 26.7381057739258 26.5372219085693 26.1000461578369 26.5939292907715 28.1029720306396 28.1582908630371 27.7153949737549 27.1278800964355 26.9998455047607 26.3919486999512
30.4083385467529 30.6888656616211 30.7523574829102 30.7510757446289 30.8387107849121 30.9903869628906 31.0238018035889 31.018949508667 30.9713802337646 30.8967132568359 30.7082214355469 30.6461906433105 30.5441570281982 30.3314514160156 30.054235458374 29.5513687133789 28.6761264801025 28.2352504730225 27.5097160339355 27.3937072753906 27.4632816314697 27.9176063537598 27.5279808044434 27.25856590271 27.1905422210693 27.2170963287354 28.0426273345947 29.1384811401367 29.521017074585 28.9933757781982 28.9011783599854 28.9072132110596 29.11696434021 28.5975112915039 28.3114376068115 27.5226058959961 28.5753307342529 28.4148864746094 28.3780822753906 28.3861274719238 28.1445217132568 27.2219657897949 26.2482795715332 25.9104995727539 25.7666473388672 25.0092086791992
30.1279544830322 30.8691959381104 30.9272937774658 30.9419078826904 30.9368000030518 30.9446964263916 30.9193706512451 30.9658756256104 30.9576511383057 30.9381675720215 30.8876609802246 30.7575607299805 30.5683288574219 30.4015083312988 30.2022914886475 29.944019317627 29.4525146484375 28.7565803527832 27.9828338623047 27.2540016174316 27.2793827056885 27.7418193817139 27.6115531921387 27.3197326660156 27.169584274292 27.3281536102295 28.7916126251221 29.5145416259766 29.5804786682129 29.3946628570557 28.8824825286865 28.2592277526855 28.9688472747803 29.074556350708 29.1083450317383 28.5645332336426 28.9766960144043 28.6685047149658 28.5261726379395 28.3503322601318 27.1277313232422 25.6872291564941 24.3879547119141 24.7324161529541 24.6399765014648 23.6329975128174
29.976505279541 30.6259574890137 30.4361209869385 30.3113040924072 30.449764251709 30.8405647277832 30.844554901123 30.8670768737793 30.8807830810547 30.8656692504883 30.8300533294678 30.8033199310303 30.6859607696533 30.5260410308838 30.3648414611816 30.1309337615967 29.6847705841064 29.2468318939209 28.9631462097168 28.3109893798828 27.3382396697998 27.5764751434326 27.3434448242188 27.4136276245117 27.2849864959717 27.2530288696289 28.3307571411133 29.4603881835938 29.5387306213379 29.2063827514648 29.0613422393799 27.9688053131104 28.2613334655762 28.5134983062744 28.8121738433838 28.9311962127686 28.7795238494873 28.5989799499512 28.1980419158936 28.2462520599365 27.9102325439453 26.6441307067871 25.815954208374 26.3656883239746 25.9130973815918 24.749885559082
30.3187618255615 30.6070461273193 30.1864719390869 29.5027084350586 29.6123886108398 30.5863971710205 30.8051223754883 30.7687931060791 30.7844734191895 30.7994899749756 30.7163524627686 30.7634315490723 30.7112522125244 30.5958557128906 30.4399108886719 30.2421779632568 29.9234180450439 29.2283210754395 28.8057155609131 28.3282299041748 27.6298961639404 27.5380992889404 27.3461971282959 27.1246013641357 27.0865707397461 27.4724063873291 28.628698348999 29.4213027954102 28.9016799926758 28.6703872680664 28.7759399414062 28.4069290161133 28.0736999511719 27.729585647583 27.449613571167 27.9447460174561 27.7443675994873 28.0729007720947 27.9836902618408 27.7710475921631 27.4961013793945 27.8171939849854 27.5540313720703 27.2232856750488 26.6074771881104 26.1157665252686
30.4512596130371 30.553035736084 30.3505191802979 30.0298843383789 29.7177982330322 30.287109375 30.6031360626221 30.626895904541 30.6750526428223 30.7363567352295 30.7238693237305 30.7692565917969 30.7048168182373 30.6423740386963 30.4818916320801 30.2555561065674 30.0100994110107 29.7804470062256 29.3652229309082 28.6892547607422 28.2900276184082 28.0205345153809 27.4922866821289 26.8287754058838 26.988805770874 27.2392883300781 28.714147567749 29.2481269836426 27.3130550384521 26.8922920227051 27.5446491241455 27.7653846740723 27.7137546539307 27.4860000610352 26.9827270507812 26.7146949768066 27.2521438598633 27.0808715820312 27.0411167144775 26.9833889007568 26.7065162658691 26.394172668457 26.6390228271484 27.1135292053223 26.4679679870605 25.3172702789307
30.3060474395752 30.3395366668701 30.3625717163086 30.0787696838379 29.7901573181152 29.9841728210449 30.2109527587891 30.4150619506836 30.5299835205078 30.6578903198242 30.6375942230225 30.6336345672607 30.7229595184326 30.6501617431641 30.5239200592041 30.2394256591797 30.2182598114014 30.0537281036377 29.792423248291 29.3911399841309 29.2357997894287 28.4101524353027 27.7893505096436 27.2999973297119 27.292049407959 27.6832962036133 28.7435436248779 28.6318969726562 28.3222770690918 28.2080898284912 27.4092559814453 27.3373107910156 27.1359367370605 26.9821872711182 26.2346744537354 25.8115863800049 26.0238265991211 25.9612903594971 26.1952114105225 25.9823760986328 25.9627494812012 25.020092010498 25.7336978912354 26.5990009307861 26.3486633300781 24.8536777496338
29.7407741546631 30.0825138092041 30.2954921722412 30.1866035461426 29.9792938232422 29.8442859649658 29.8296356201172 30.2169170379639 30.3345642089844 30.5170516967773 30.6033592224121 30.6009578704834 30.663064956665 30.6792392730713 30.4906578063965 30.3806571960449 30.3037281036377 30.1775493621826 30.0079936981201 29.7939186096191 29.5760917663574 28.8275089263916 27.6377582550049 27.7251453399658 27.0074100494385 27.6022720336914 28.5940189361572 28.0043468475342 28.1951179504395 28.6740589141846 28.5463466644287 28.3749866485596 27.6739559173584 27.2255668640137 25.6051769256592 24.3023071289062 24.3413124084473 24.2218418121338 24.1760025024414 24.6473865509033 24.8080959320068 25.0043430328369 25.1882152557373 26.0747299194336 25.9204139709473 25.5104598999023
29.8621292114258 29.9604949951172 30.0963039398193 30.0713081359863 30.0340042114258 29.7117748260498 29.4840869903564 29.2110137939453 29.8992385864258 30.42405128479 30.5650119781494 30.609561920166 30.6916809082031 30.6870307922363 30.3643379211426 29.9370002746582 29.9621086120605 30.0151882171631 30.0610847473145 29.9296855926514 29.7753143310547 29.3406524658203 28.1755619049072 28.4895515441895 27.4860401153564 27.475269317627 27.6281318664551 27.9481449127197 26.8612422943115 27.5430374145508 27.1535739898682 27.264684677124 28.5523338317871 28.0991191864014 27.0963439941406 24.7988586425781 23.8608989715576 23.8593711853027 23.1711254119873 23.6069679260254 24.2492618560791 24.2370414733887 24.3118209838867 25.7006187438965 25.2415676116943 24.6917533874512
29.937479019165 29.8572731018066 29.9104614257812 29.7054195404053 29.9150524139404 29.8239936828613 29.5850849151611 29.3101100921631 29.5130214691162 30.1549129486084 30.416784286499 30.6180152893066 30.6629257202148 30.6256809234619 30.5613555908203 30.1314125061035 29.7292766571045 29.5130786895752 29.7954711914062 29.9240531921387 29.7724266052246 29.6149272918701 29.2694358825684 28.6582946777344 27.5373039245605 27.3103523254395 27.2612934112549 27.3471508026123 27.3950176239014 26.8401184082031 26.2448711395264 27.0394268035889 28.2781238555908 27.5014915466309 27.7218723297119 27.1546859741211 26.7009315490723 26.5571327209473 25.5388317108154 24.3954410552979 25.1233215332031 24.7962989807129 25.1840324401855 25.3673191070557 25.051664352417 24.5643482208252
