inst/extdata/Tmax/Tmax66.asc
NCOLS 100 
NROWS 79 
XLLCORNER 148.06 
YLLCORNER -21.49 
CELLSIZE 0.01 
NODATA_value -3.4e+38 
[rows 20 to 39 of 79, columns 0 to 45 of 100]
38.862457275390597 38.8768272399902 38.8492164611816 38.8105049133301 38.814395904541 38.8976402282715 38.8159484863281 38.746280670166 38.6813850402832 38.5935516357422 38.4347229003906 38.086971282959 37.7009811401367 37.1471672058105 36.0122146606445 35.6344795227051 35.5664558410645 36.3894691467285 37.2573699951172 37.6020126342773 37.6011505126953 37.5935173034668 37.8542137145996 37.8599166870117 37.7200813293457 37.4718055725098 36.9630546569824 36.1840972900391 36.6117858886719 36.6505355834961 37.1271057128906 37.117862701416 37.2157745361328 37.1713523864746 37.1217765808105 36.9083442687988 36.5718307495117 36.5576477050781 36.1638336181641 36.353084564209 36.1611022949219 35.5632934570312 35.7260437011719 35.7521133422852 35.8342666625977 35.8431358337402
38.9363746643066 38.9705963134766 38.9598083496094 38.919994354248 38.9134941101074 38.9016036987305 38.7754859924316 38.7017059326172 38.6717681884766 38.6080665588379 38.4952850341797 38.3359413146973 38.1340370178223 37.3366432189941 36.046802520752 35.7603721618652 35.9597663879395 36.6440238952637 37.0569343566895 37.3561058044434 37.4463272094727 37.3562316894531 37.7773284912109 37.8739166259766 37.7003173828125 37.6968154907227 37.6572151184082 37.0133209228516 36.8701858520508 37.2785186767578 37.3584632873535 37.2502098083496 36.9662780761719 36.460018157959 36.4591598510742 36.424430847168 36.7696189880371 36.1849937438965 35.8460960388184 36.0836410522461 35.7542266845703 35.8088798522949 35.5632781982422 34.8062591552734 35.0570335388184 35.5933876037598
38.9998207092285 39.0286636352539 39.0159950256348 38.9935607910156 38.9689712524414 38.9298515319824 38.7701606750488 38.6587677001953 38.6044273376465 38.5678367614746 38.4625434875488 38.3889389038086 38.234203338623 37.7143173217773 36.7590446472168 36.0321311950684 35.4678421020508 35.8804931640625 36.3594169616699 37.0303726196289 37.111026763916 37.1947402954102 37.7133331298828 37.5222511291504 37.1663665771484 37.4524841308594 37.4967308044434 37.5400390625 37.2928085327148 37.3081474304199 37.0754928588867 36.9016571044922 36.4214668273926 36.133861541748 35.9281997680664 36.0902671813965 36.0142784118652 35.5401229858398 35.501335144043 35.4196128845215 35.1507606506348 34.5152969360352 35.1439361572266 34.8910942077637 34.0610313415527 35.2199325561523
39.0088043212891 39.0266189575195 39.0221138000488 39.005054473877 38.9619903564453 38.9434967041016 38.8670425415039 38.616268157959 38.5185890197754 38.524528503418 38.3659324645996 38.1954803466797 38.2686958312988 37.9435806274414 37.2706069946289 36.5910987854004 35.8713989257812 35.6000671386719 36.1103439331055 36.3668899536133 36.8142242431641 37.6304817199707 37.4096603393555 36.8891792297363 36.9979553222656 37.1044273376465 36.835563659668 37.5935821533203 37.5968170166016 37.4666290283203 37.2638816833496 36.3494834899902 36.0626068115234 36.2138900756836 36.4732704162598 36.0814666748047 35.3057861328125 34.8400802612305 35.4270820617676 34.9919013977051 34.3748588562012 33.1633148193359 33.8480949401855 34.8243522644043 33.3024101257324 34.4032783508301
38.9875335693359 39.0278015136719 39.0338821411133 38.9970855712891 38.9549102783203 38.9452438354492 38.9294090270996 38.7750587463379 38.6201095581055 38.4691009521484 38.3730964660645 38.3247108459473 38.1700592041016 37.8760261535645 37.2251129150391 36.6234893798828 35.9735908508301 35.6384048461914 35.8029632568359 35.792064666748 36.8055572509766 37.483943939209 36.5498657226562 36.0812530517578 36.7534599304199 36.7207298278809 36.8606033325195 37.4489860534668 37.6308670043945 37.3033714294434 37.2412643432617 37.0301895141602 36.990779876709 37.0211296081543 36.7393074035645 36.4731483459473 36.1230201721191 35.1907119750977 34.9910202026367 34.7623023986816 33.2987480163574 32.7945213317871 33.1580467224121 34.692554473877 33.0237312316895 33.3236312866211
38.9735107421875 38.9826583862305 38.9727210998535 38.9416007995605 38.9394874572754 38.9351043701172 38.9400634765625 38.8926963806152 38.7583541870117 38.5487403869629 38.3788032531738 38.2500228881836 38.1151123046875 37.7244873046875 37.3357124328613 36.8527984619141 36.3168182373047 36.0073165893555 36.3837966918945 36.9663009643555 36.9417610168457 36.8436813354492 36.4216270446777 35.3259353637695 35.7530097961426 36.394905090332 36.508430480957 37.5045127868652 37.63916015625 37.3282279968262 36.5947303771973 37.0749359130859 36.949535369873 36.8303146362305 36.5927581787109 36.3170623779297 36.1972961425781 34.9622802734375 33.8707122802734 34.2034530639648 32.967357635498 33.6715431213379 33.9541511535645 34.7120590209961 33.8486442565918 32.9233627319336
38.9055938720703 38.9206466674805 38.9077835083008 38.9061012268066 38.8916511535645 38.8816719055176 38.938591003418 38.9291305541992 38.8071212768555 38.4540214538574 38.3553466796875 38.1190719604492 38.1039924621582 37.7789878845215 37.1354370117188 36.2115592956543 35.8754692077637 36.0265998840332 36.4223480224609 36.3323249816895 36.481819152832 37.2184600830078 37.0838356018066 35.7937164306641 35.4351463317871 36.217399597168 36.8746299743652 37.578857421875 37.6294364929199 37.434871673584 36.7340087890625 36.3983421325684 37.0222854614258 36.5687675476074 36.1917266845703 35.4922027587891 35.2378807067871 35.3190498352051 34.4175148010254 33.2981262207031 32.9397354125977 33.2044410705566 33.1039276123047 33.9834785461426 33.1715812683105 32.6029472351074
38.8050079345703 38.8153228759766 38.8235130310059 38.8539009094238 38.8619575500488 38.8991203308105 38.9590721130371 38.9443054199219 38.8742408752441 38.7053260803223 38.4953689575195 38.2602386474609 38.1489372253418 37.972240447998 37.1852798461914 36.199577331543 35.9104537963867 35.8530769348145 35.9551620483398 35.9258728027344 36.8855247497559 37.4053993225098 36.9404792785645 36.201530456543 35.7057647705078 35.8935089111328 35.9847106933594 37.2774467468262 37.5504608154297 37.4372520446777 36.766716003418 36.676383972168 36.9015960693359 36.2763214111328 35.6863861083984 35.1958885192871 34.4080238342285 35.001838684082 34.8513107299805 33.2855339050293 32.8932723999023 33.0495300292969 32.9590072631836 33.4598731994629 32.9390869140625 32.6672477722168
38.4004707336426 38.3570671081543 38.5647315979004 38.8117713928223 38.909912109375 38.9657440185547 38.9782752990723 38.9561729431152 38.8389701843262 38.7375755310059 38.5897064208984 38.1301002502441 38.1966133117676 38.0586700439453 37.6146697998047 36.5739135742188 35.9405288696289 35.4833908081055 35.7467613220215 36.4970436096191 36.917366027832 37.2042617797852 36.4594345092773 35.8295440673828 35.6606750488281 35.7756538391113 36.1327857971191 36.8724594116211 37.4849395751953 37.5197639465332 37.0805053710938 36.8434638977051 36.4719696044922 35.6010322570801 34.6015090942383 34.2303504943848 33.9379043579102 34.1035270690918 34.2256011962891 33.8715744018555 33.4064903259277 33.5076484680176 33.2544364929199 33.0534934997559 33.0518074035645 32.9827346801758
37.6718406677246 38.3961448669434 38.6549453735352 38.4248390197754 38.877513885498 38.9894485473633 38.9940719604492 38.9710655212402 38.7904968261719 38.655876159668 38.6362838745117 38.3997764587402 38.1884613037109 38.0648536682129 37.8400764465332 37.3946571350098 36.9125785827637 35.7171745300293 35.9854316711426 36.0436820983887 36.164981842041 36.9537239074707 36.5803184509277 35.8769912719727 35.6888427734375 35.4972801208496 35.4610443115234 36.848316192627 37.5300140380859 37.5771255493164 36.8892860412598 36.0597648620605 35.7852020263672 35.4748382568359 35.2361373901367 34.3614807128906 34.2899932861328 33.9241790771484 33.5533180236816 33.7637023925781 35.2862739562988 35.3418617248535 34.3717002868652 33.1250343322754 34.0155372619629 34.0950317382812
37.940616607666 38.6731643676758 38.6781120300293 38.219783782959 38.8570137023926 38.996639251709 39.0216484069824 38.9945335388184 38.9339599609375 38.7335739135742 38.6324348449707 38.5596542358398 38.3991165161133 38.2133560180664 37.9555282592773 37.4534797668457 36.7410430908203 36.3399658203125 35.9337196350098 36.1435585021973 36.1987457275391 36.561351776123 36.0271301269531 35.8678703308105 35.5944595336914 35.0364990234375 35.271800994873 36.7700347900391 37.4544143676758 37.4762382507324 37.4475517272949 37.2876281738281 36.3485641479492 35.5364074707031 35.4657402038574 35.0417404174805 35.1422309875488 34.9663581848145 34.5928802490234 34.9954872131348 36.219856262207 36.25439453125 35.8820266723633 35.3941802978516 35.2801933288574 34.7707443237305
38.5967979431152 38.8136291503906 38.8485260009766 38.8354415893555 38.8939895629883 39.0036163330078 39.0131378173828 38.9966049194336 38.9458274841309 38.8733406066895 38.7095985412598 38.6425094604492 38.5480537414551 38.3646621704102 38.1290321350098 37.709903717041 36.9825897216797 36.6032600402832 35.9888648986816 35.8821754455566 35.9308853149414 36.2947006225586 35.9610939025879 35.7267303466797 35.6604270935059 35.6731224060059 36.346549987793 37.2220802307129 37.517578125 37.0824394226074 36.9969291687012 36.9859237670898 37.1431655883789 36.7143974304199 36.472484588623 35.8195838928223 36.6595649719238 36.5197410583496 36.4796104431152 36.4756965637207 36.2706718444824 35.5106506347656 34.6927719116211 34.4022598266602 34.2734107971191 33.6270408630371
38.3806457519531 38.9737510681152 39.0040054321289 39.0036544799805 38.9873046875 38.9813346862793 38.9438400268555 38.9686813354492 38.9495124816895 38.9212799072266 38.8681831359863 38.7465744018555 38.582218170166 38.435718536377 38.2630348205566 38.0424728393555 37.6321067810059 37.0470314025879 36.3965682983398 35.7772941589355 35.7892723083496 36.1616363525391 36.0433540344238 35.7902336120605 35.6551971435547 35.7781181335449 36.9718017578125 37.5389556884766 37.5800476074219 37.4194679260254 36.9960861206055 36.4753723144531 37.0386428833008 37.1124000549316 37.1283378601074 36.6801147460938 36.9959526062012 36.7377014160156 36.6125564575195 36.4603958129883 35.4547996520996 34.2466201782227 33.1304130554199 33.4170455932617 33.3304786682129 32.4592781066895
38.2734375 38.7942581176758 38.6234703063965 38.5101623535156 38.6113395690918 38.9157028198242 38.9019508361816 38.9077301025391 38.9063148498535 38.8816947937012 38.8406028747559 38.8018646240234 38.6952285766602 38.5543975830078 38.4124450683594 38.2118225097656 37.8390121459961 37.4664649963379 37.2233123779297 36.6757888793945 35.8552131652832 36.0406494140625 35.8361701965332 35.8852844238281 35.7681999206543 35.7319564819336 36.613655090332 37.5140838623047 37.5652885437012 37.2866821289062 37.1585121154785 36.2554893493652 36.4839820861816 36.6781044006348 36.9084968566895 36.9932823181152 36.8556632995605 36.6995124816895 36.3649978637695 36.3936996459961 36.1110687255859 35.0618057250977 34.356803894043 34.8079490661621 34.4212913513184 33.430118560791
38.5724601745605 38.7966651916504 38.4371528625488 37.8625946044922 37.942741394043 38.7284355163574 38.8884506225586 38.8469696044922 38.8473281860352 38.8470497131348 38.7678527832031 38.7884941101074 38.7341537475586 38.6290969848633 38.4914245605469 38.3200225830078 38.0506629943848 37.4693489074707 37.1119041442871 36.7073822021484 36.1162490844727 36.0253028869629 35.8550262451172 35.6596603393555 35.6183700561523 35.9315910339355 36.874885559082 37.5011711120605 37.0701026916504 36.8713340759277 36.945972442627 36.630687713623 36.3481597900391 36.0557327270508 35.8151893615723 36.2116622924805 36.0329360961914 36.2909164428711 36.2080383300781 36.0245666503906 35.789794921875 36.0422019958496 35.8130493164062 35.532527923584 35.0151519775391 34.5970344543457
38.6986198425293 38.7704658508301 38.5891799926758 38.3152732849121 38.0473937988281 38.5032043457031 38.7435264587402 38.7507629394531 38.7775497436523 38.8147354125977 38.7924003601074 38.8117637634277 38.7476234436035 38.6850891113281 38.5438041687012 38.3493728637695 38.1391868591309 37.9367523193359 37.5877265930176 37.0229034423828 36.6826629638672 36.4443550109863 35.9939651489258 35.4266662597656 35.5524406433105 35.753360748291 36.9623603820801 37.3799095153809 35.7817077636719 35.4204559326172 35.9545364379883 36.1223297119141 36.0696334838867 35.8716659545898 35.4444847106934 35.2115440368652 35.644344329834 35.492919921875 35.4504432678223 35.3931274414062 35.1539573669434 34.8845138549805 35.0749435424805 35.4582138061523 34.9145431518555 33.9398498535156
38.5973205566406 38.6137542724609 38.6168327331543 38.3731498718262 38.1247291564941 38.2733268737793 38.4429359436035 38.5974044799805 38.6786766052246 38.7699394226074 38.7414245605469 38.7213020324707 38.7808113098145 38.7099952697754 38.5962257385254 38.3549118041992 38.3257293701172 38.176212310791 37.9530067443848 37.6154975891113 37.4775047302246 36.7843360900879 36.2588768005371 35.8397407531738 35.8235397338867 36.1406631469727 37.0041198730469 36.8973579406738 36.6331443786621 36.5288352966309 35.8587417602539 35.7846183776855 35.6073265075684 35.4695663452148 34.8331184387207 34.4664611816406 34.6330490112305 34.571475982666 34.7598342895508 34.5717811584473 34.5464859008789 33.7385406494141 34.3315544128418 35.0478935241699 34.8302268981934 33.5598030090332
38.1442337036133 38.4163551330566 38.5757904052734 38.475456237793 38.2942008972168 38.1721725463867 38.1445503234863 38.4504051208496 38.5345611572266 38.6706924438477 38.7284049987793 38.7096252441406 38.747428894043 38.7481498718262 38.5842361450195 38.4834632873535 38.4093322753906 38.290771484375 38.1418952941895 37.9568786621094 37.7685585021973 37.1415252685547 36.1448631286621 36.2080421447754 35.5962295532227 36.0857124328613 36.8954772949219 36.3949394226074 36.5418663024902 36.923469543457 36.8083419799805 36.6528968811035 36.0661201477051 35.6843070983887 34.3100090026855 33.1831703186035 33.2048988342285 33.0939674377441 33.0466613769531 33.4450263977051 33.5749282836914 33.7347412109375 33.8789939880371 34.6204032897949 34.4818572998047 34.1273345947266
38.2623748779297 38.3333015441895 38.4299926757812 38.3985633850098 38.3569526672363 38.0806274414062 37.8770904541016 37.640022277832 38.197338104248 38.6136703491211 38.7158546447754 38.7350425720215 38.7890205383301 38.7730407714844 38.5009613037109 38.1430625915527 38.1516761779785 38.1781158447266 38.2032928466797 38.0851707458496 37.9484176635742 37.5790901184082 36.6100654602051 36.8593902587891 36.0149230957031 35.9961585998535 36.1140327453613 36.3653984069824 35.4474411010742 36.0087776184082 35.673957824707 35.7526168823242 36.8043251037598 36.4228782653809 35.5831031799316 33.6254806518555 32.8024482727051 32.7935676574707 32.1873359680176 32.5593566894531 33.1079559326172 33.089599609375 33.1419448852539 34.3196754455566 33.9217720031738 33.4442901611328
38.3423194885254 38.2654876708984 38.2944259643555 38.1142272949219 38.2768211364746 38.1909523010254 37.978328704834 37.739875793457 37.8973274230957 38.4130439758301 38.6142730712891 38.7603340148926 38.7844352722168 38.7422943115234 38.6783485412598 38.3191146850586 37.9806861877441 37.7881698608398 38.0065994262695 38.0990600585938 37.9644546508789 37.8203086853027 37.5277214050293 37.0159111022949 36.0744171142578 35.8742713928223 35.8234443664551 35.8813323974609 35.9116325378418 35.4362182617188 34.9234466552734 35.5803756713867 36.5974082946777 35.9462699890137 36.1186866760254 35.6380882263184 35.244701385498 35.1146926879883 34.2443389892578 33.2555160522461 33.8727951049805 33.5844078063965 33.9035797119141 34.0512657165527 33.7738723754883 33.3485641479492
