inst/extdata/Tmax/Tmax121.asc
NCOLS 100 
NROWS 79 
XLLCORNER 148.06 
YLLCORNER -21.49 
CELLSIZE 0.01 
NODATA_value -3.4e+38 
[rows 20 to 39 of 79, columns 0 to 45 of 100]
33.804100036621101 33.8303260803223 33.8246116638184 33.7836990356445 33.7932624816895 33.89697265625 33.8125953674316 33.735034942627 33.6632194519043 33.5643844604492 33.382007598877 32.985912322998 32.5400581359863 31.9018478393555 30.5959072113037 30.1664047241211 30.088565826416 31.0557899475098 32.0637474060059 32.469066619873 32.4736022949219 32.4776306152344 32.7871932983398 32.799690246582 32.6423225402832 32.3594245910645 31.771505355835 30.8950252532959 31.3925628662109 31.44358253479 32.0547218322754 32.1023483276367 32.298957824707 32.2831764221191 32.2593536376953 31.9896812438965 31.546537399292 31.5736789703369 31.0341053009033 31.3633499145508 31.1233234405518 30.3009757995605 30.5780124664307 30.6615600585938 30.8290004730225 30.8871574401855
33.8757095336914 33.9257278442383 33.932071685791 33.8899536132812 33.8874130249023 33.8784942626953 33.7416191101074 33.6594352722168 33.6292190551758 33.5591163635254 33.4311752319336 33.2561225891113 33.0242195129395 32.0995941162109 30.6136417388916 30.2894687652588 30.5198936462402 31.3278694152832 31.8107795715332 32.1630325317383 32.2734718322754 32.1820068359375 32.6777992248535 32.7968521118164 32.6002082824707 32.6024742126465 32.5859146118164 31.82958984375 31.6710605621338 32.1948928833008 32.3642539978027 32.2647819519043 31.8927574157715 31.2414588928223 31.2480125427246 31.2351455688477 31.8073577880859 30.9858856201172 30.5834312438965 30.9284248352051 30.4950790405273 30.6070137023926 30.3074569702148 29.4406929016113 29.7380313873291 30.4819622039795
33.9286499023438 33.9653930664062 33.9689331054688 33.9476203918457 33.9237632751465 33.8826713562012 33.7061958312988 33.579704284668 33.5208511352539 33.4830474853516 33.3642272949219 33.2904853820801 33.1139488220215 32.5110893249512 31.4081916809082 30.574914932251 29.9252166748047 30.4199752807617 30.9783020019531 31.7591018676758 31.8584632873535 31.9687786102295 32.5776329040527 32.3613243103027 31.9547996520996 32.2931709289551 32.3457107543945 32.439281463623 32.1355400085449 32.1976432800293 31.9036540985107 31.7117767333984 31.165943145752 30.8430213928223 30.6146392822266 30.8087272644043 30.7367973327637 30.2006797790527 30.1645908355713 30.0793533325195 29.7792568206787 29.0516357421875 29.796594619751 29.5149765014648 28.5677146911621 29.9122695922852
33.9332427978516 33.954273223877 33.9676742553711 33.9529151916504 33.9072685241699 33.890869140625 33.8132972717285 33.5217742919922 33.4119720458984 33.4246025085449 33.2432556152344 33.0559997558594 33.147777557373 32.7721786499023 31.9940090179443 31.2132835388184 30.3835334777832 30.0902137756348 30.6846961975098 30.9869022369385 31.509578704834 32.4698829650879 32.2193336486816 31.6229228973389 31.7553176879883 31.8852977752686 31.5757446289062 32.4997863769531 32.5553169250488 32.4132995605469 32.1635208129883 31.0721015930176 30.7498359680176 30.9317264556885 31.2384490966797 30.7957134246826 29.9197158813477 29.3926944732666 30.0762500762939 29.5845985412598 28.8830165863037 27.4879474639893 28.3004131317139 29.4352951049805 27.6875610351562 28.9686145782471
33.8840408325195 33.9318962097168 33.9580459594727 33.919979095459 33.8755569458008 33.8698196411133 33.8644638061523 33.6869888305664 33.5092849731445 33.3367347717285 33.2294082641602 33.1858558654785 33.0099334716797 32.6713562011719 31.9193248748779 31.2287673950195 30.4793853759766 30.1125221252441 30.3087787628174 30.3029270172119 31.478551864624 32.2789535522461 31.2039031982422 30.6706371307373 31.4526824951172 31.4219074249268 31.5850467681885 32.2878799438477 32.5714912414551 32.1384544372559 32.096378326416 31.8452053070068 31.8357543945312 31.9291572570801 31.5611476898193 31.2289257049561 30.8412322998047 29.7769603729248 29.5559043884277 29.3014011383057 27.6218948364258 27.0419216156006 27.4837245941162 29.2649841308594 27.3458042144775 27.7018241882324
33.8434906005859 33.8544960021973 33.8617286682129 33.8305854797363 33.8339385986328 33.8346519470215 33.8541984558105 33.8039093017578 33.6504249572754 33.4083137512207 33.2138366699219 33.0758514404297 32.9234580993652 32.4724082946777 32.0258178710938 31.4720439910889 30.8534049987793 30.5158557891846 30.9568309783936 31.6367950439453 31.6150894165039 31.5156993865967 31.0350856781006 29.7801189422607 30.2789249420166 31.0257320404053 31.1584701538086 32.3338203430176 32.5496978759766 32.1441650390625 31.3018550872803 31.8776969909668 31.7416362762451 31.6142349243164 31.340446472168 31.0307922363281 30.9088230133057 29.4948139190674 28.2453079223633 28.6378993988037 27.2191963195801 28.0359630584717 28.3842964172363 29.2689590454102 28.2808055877686 27.219030380249
33.739013671875 33.7571411132812 33.7610244750977 33.7649841308594 33.7538375854492 33.748046875 33.8295135498047 33.8244934082031 33.6857070922852 33.2739944458008 33.1638870239258 32.899787902832 32.8883476257324 32.5140571594238 31.7712345123291 30.7089176177979 30.3223609924316 30.5162696838379 30.9797306060791 30.8826751708984 31.0622119903564 31.9293022155762 31.7801628112793 30.2975063323975 29.8920478820801 30.800573348999 31.5617904663086 32.4018058776855 32.5014991760254 32.2648620605469 31.4438514709473 31.0714263916016 31.8152675628662 31.2856273651123 30.8587684631348 30.06103515625 29.7841262817383 29.8867015838623 28.8563327789307 27.573055267334 27.1674785614014 27.4765033721924 27.381950378418 28.4081363677979 27.4779567718506 26.8283157348633
33.5917358398438 33.6043167114258 33.6333465576172 33.6754531860352 33.6911582946777 33.7414970397949 33.8268699645996 33.8157119750977 33.7388114929199 33.5447044372559 33.3026733398438 33.0395164489746 32.9151077270508 32.7142868041992 31.803165435791 30.6691761016846 30.3368949890137 30.2906112670898 30.4152774810791 30.3885765075684 31.5040531158447 32.1223564147949 31.5896282196045 30.7428588867188 30.1789493560791 30.4028797149658 30.5101318359375 32.0272178649902 32.354377746582 32.2305641174316 31.459041595459 31.3704166412354 31.6405143737793 30.9252071380615 30.2531623840332 29.6965560913086 28.804479598999 29.4982166290283 29.33371925354 27.5352001190186 27.0905418395996 27.2742462158203 27.1912670135498 27.7795543670654 27.1858043670654 26.8798713684082
33.1022872924805 33.0514984130859 33.3154335021973 33.6137428283691 33.7364921569824 33.8092765808105 33.8383445739746 33.8186149597168 33.6857795715332 33.5719947814941 33.4034004211426 32.8756484985352 32.9604797363281 32.8051223754883 32.2923278808594 31.0909786224365 30.3609409332275 29.8541946411133 30.1646747589111 31.0374641418457 31.5311126708984 31.8787956237793 31.023323059082 30.3041038513184 30.1171817779541 30.2574234008789 30.6714057922363 31.5479869842529 32.2697906494141 32.3288803100586 31.8154926300049 31.5561714172363 31.1344108581543 30.1371726989746 28.9936141967773 28.5744171142578 28.2530498504639 28.4528884887695 28.6027240753174 28.2029762268066 27.6746406555176 27.79469871521 27.5238246917725 27.3002834320068 27.3073062896729 27.2363815307617
32.224925994873 33.0737648010254 33.3983764648438 33.1331672668457 33.674732208252 33.8143653869629 33.8341903686523 33.8135223388672 33.6054840087891 33.4525604248047 33.4361724853516 33.1708831787109 32.9287528991699 32.7903823852539 32.5338134765625 32.0209007263184 31.4622917175293 30.1016635894775 30.418062210083 30.4925365447998 30.6398620605469 31.5669498443604 31.1420612335205 30.3376808166504 30.1286029815674 29.9157791137695 29.8762798309326 31.5001049041748 32.3034744262695 32.3794746398926 31.5739517211914 30.629207611084 30.3209991455078 29.9717559814453 29.7053718566895 28.7054862976074 28.6391124725342 28.2258930206299 27.8066368103027 28.0584583282471 29.8275451660156 29.8962001800537 28.796350479126 27.3633213043213 28.4034748077393 28.5053844451904
32.5152130126953 33.3766937255859 33.4021873474121 32.8685646057129 33.6270942687988 33.7997665405273 33.8440437316895 33.8186340332031 33.7534294128418 33.5221328735352 33.4091987609863 33.3376350402832 33.1549072265625 32.943000793457 32.6471900939941 32.0675315856934 31.2417182922363 30.7981719970703 30.3367252349854 30.5861682891846 30.657377243042 31.091287612915 30.4819011688232 30.3060264587402 29.9987812042236 29.364185333252 29.6374073028564 31.3892364501953 32.1956481933594 32.2305374145508 32.2064476013184 32.0362091064453 30.9528388977051 30.0228958129883 29.950496673584 29.4701957702637 29.6028022766113 29.4090938568115 28.9870109558105 29.4618530273438 30.907133102417 30.9901828765869 30.5336418151855 29.9719161987305 29.8504047393799 29.2697410583496
33.2621574401855 33.5191688537598 33.5803871154785 33.5714721679688 33.6476631164551 33.7848930358887 33.8108673095703 33.7982292175293 33.7448425292969 33.6657104492188 33.4782829284668 33.4135627746582 33.308952331543 33.0994300842285 32.8290977478027 32.3449554443359 31.4997520446777 31.080717086792 30.3785858154297 30.2630825042725 30.3268451690674 30.76171875 30.3844509124756 30.1221179962158 30.0537033081055 30.0764560699463 30.8566513061523 31.8952674865723 32.2502784729004 31.7507648468018 31.660514831543 31.664680480957 31.8582344055176 31.3680000305176 31.0966186523438 30.3493843078613 31.3450469970703 31.1922588348389 31.1671257019043 31.1965065002441 30.9513854980469 30.0537261962891 29.1289100646973 28.8024311065674 28.6632061004639 27.9239730834961
32.9795608520508 33.6811408996582 33.7372589111328 33.7436599731445 33.7311096191406 33.7309875488281 33.7011604309082 33.7379417419434 33.7223930358887 33.6961364746094 33.6403579711914 33.5108909606934 33.3233070373535 33.1574249267578 32.9610977172852 32.7090644836426 32.2300796508789 31.5694427490234 30.8236904144287 30.1168098449707 30.1382961273193 30.5829524993896 30.4543704986572 30.1704235076904 30.0228633880615 30.1728496551514 31.5576877593994 32.2426109313965 32.3004608154297 32.1217079162598 31.6363487243652 31.0475730895996 31.7133712768555 31.8113327026367 31.8686180114746 31.325813293457 31.7806377410889 31.4504241943359 31.3143329620361 31.1438426971436 29.9613742828369 28.5662288665771 27.2976989746094 27.6385345458984 27.5477809906006 26.5485076904297
32.841625213623 33.4562530517578 33.2743721008301 33.1473770141602 33.2736206054688 33.6413612365723 33.6397819519043 33.6539497375488 33.6596794128418 33.6378784179688 33.596565246582 33.5657768249512 33.4467124938965 33.2873573303223 33.1271057128906 32.8980598449707 32.4617958068848 32.0471954345703 31.77174949646 31.1440830230713 30.2040576934814 30.4330444335938 30.2051982879639 30.2699909210205 30.1431922912598 30.1097469329834 31.1321392059326 32.2045936584473 32.2745094299316 31.957540512085 31.8174915313721 30.7833709716797 31.0584011077881 31.2943687438965 31.5736904144287 31.7019157409668 31.560884475708 31.3872699737549 30.9897518157959 31.0478706359863 30.7160148620605 29.5013942718506 28.7076091766357 29.2410888671875 28.8029022216797 27.6637668609619
33.1696357727051 33.4353866577148 33.0310554504395 32.3639373779297 32.4643630981445 33.3958587646484 33.6006088256836 33.5586891174316 33.5666275024414 33.5739288330078 33.4874458312988 33.527458190918 33.4707641601562 33.3539161682129 33.1986694335938 33.0039596557617 32.6886138916016 32.0288200378418 31.6204853057861 31.1590595245361 30.483585357666 30.3938751220703 30.2055816650391 29.9885520935059 29.9492588043213 30.3190803527832 31.414981842041 32.1694145202637 31.6745529174805 31.4524269104004 31.5493450164795 31.1991748809814 30.8805332183838 30.5509719848633 30.281982421875 30.7523155212402 30.5622711181641 30.8731651306152 30.7875595092773 30.5848712921143 30.3226318359375 30.62233543396 30.3797378540039 30.0642871856689 29.4732913970947 28.9981288909912
33.2947273254395 33.3806533813477 33.1866760253906 32.8709487915039 32.5635185241699 33.1063003540039 33.4053573608398 33.4213981628418 33.4607925415039 33.5127410888672 33.4940452575684 33.5327301025391 33.4644966125488 33.3983306884766 33.2387733459473 33.0167579650879 32.7710762023926 32.5544853210449 32.1536331176758 31.5035209655762 31.1169757843018 30.8565826416016 30.3444843292236 29.6988582611084 29.8520698547363 30.0922660827637 31.4961814880371 32.006950378418 30.1587371826172 29.7506732940674 30.3771018981934 30.5882949829102 30.5369472503662 30.3172798156738 29.8324241638184 29.5727119445801 30.0912075042725 29.925895690918 29.8870372772217 29.8310794830322 29.5641117095947 29.256217956543 29.5011730194092 29.9584255218506 29.3367729187012 28.2152976989746
33.1513595581055 33.1717643737793 33.1957092285156 32.91552734375 32.6307907104492 32.8123092651367 33.0267066955566 33.2166213989258 33.3205184936523 33.4366874694824 33.410774230957 33.4025497436523 33.4816627502441 33.4057502746582 33.2789459228516 33.0013389587402 32.9695510864258 32.8148765563965 32.5605049133301 32.1730575561523 32.0203247070312 31.2290496826172 30.6290473937988 30.1535720825195 30.1434288024902 30.5184841156006 31.5241374969482 31.4224758148193 31.1245574951172 31.0129489898682 30.2454967498779 30.1764717102051 29.9809246063232 29.8312320709229 29.1053638458252 28.6915817260742 28.9005756378174 28.83909034729 29.0667552947998 28.8591594696045 28.8399639129639 27.9092597961426 28.6186828613281 29.4611072540283 29.2190704345703 27.7548332214355
32.5910415649414 32.9113273620605 33.1195297241211 33.0083541870117 32.8022270202637 32.6661224365234 32.6484794616699 33.0158004760742 33.1228675842285 33.2919387817383 33.3685302734375 33.3621101379395 33.4154891967773 33.4249229431152 33.2385635375977 33.1276473999023 33.0427093505859 32.9246788024902 32.7576675415039 32.5485153198242 32.3361129760742 31.6191749572754 30.4721546173096 30.5538120269775 29.8563785552979 30.4300975799561 31.3729438781738 30.8138637542725 30.9939956665039 31.4484195709229 31.324239730835 31.1606540679932 30.4883880615234 30.0557289123535 28.4778842926025 27.1890277862549 27.2300033569336 27.1110210418701 27.065357208252 27.5337657928467 27.6930465698242 27.8813972473145 28.0712299346924 28.9410285949707 28.7909469604492 28.3899688720703
32.7175903320312 32.8017463684082 32.9358215332031 32.9059906005859 32.8642845153809 32.5471878051758 32.3236389160156 32.054256439209 32.7139205932617 33.2130165100098 33.3424186706543 33.3811454772949 33.4539756774902 33.4436721801758 33.1289024353027 32.7144393920898 32.727352142334 32.7809295654297 32.8198127746582 32.6895027160645 32.5375366210938 32.1202011108398 31.0001430511475 31.2986450195312 30.3292922973633 30.3165340423584 30.4558925628662 30.7695789337158 29.7173004150391 30.3753643035889 29.9975128173828 30.1053485870361 31.33860206604 30.9041042327881 29.9389152526855 27.6889038085938 26.7574996948242 26.7559108734131 26.0665855407715 26.5035991668701 27.144905090332 27.1269569396973 27.2098655700684 28.5826988220215 28.1317749023438 27.5886993408203
32.7876663208008 32.6985206604004 32.7528991699219 32.548755645752 32.7466888427734 32.6532516479492 32.418872833252 32.1476707458496 32.3391532897949 32.9528427124023 33.199047088623 33.388557434082 33.4259643554688 33.3846054077148 33.3174133300781 32.9001007080078 32.5038681030273 32.2999382019043 32.5658073425293 32.6842269897461 32.5348777770996 32.382080078125 32.047981262207 31.4594230651855 30.3766345977783 30.1544246673584 30.098783493042 30.1879806518555 30.2323780059814 29.6925201416016 29.1105213165283 29.8852367401123 31.0764541625977 30.3292503356934 30.5401821136475 29.9924621582031 29.5540637969971 29.4138107299805 28.4172782897949 27.2859210968018 28.0076694488525 27.6782722473145 28.0702819824219 28.2515106201172 27.9404449462891 27.4580230712891
