inst/extdata/Tmax/Tmax64.asc
NCOLS 100 
NROWS 79 
XLLCORNER 148.06 
YLLCORNER -21.49 
CELLSIZE 0.01 
NODATA_value -3.4e+38 
[rows 40 to 59 of 79, columns 46 to 91 of 100]
35.257568359375 36.068302154541 36.4221801757812 37.1589508056641 38.4919815063477 39.2979125976562 38.9068298339844 37.3434791564941 37.0371704101562 37.6066665649414 38.0299110412598 39.4679183959961 39.1640014648438 39.3473587036133 38.6706428527832 39.4981689453125 39.6580543518066 39.4338912963867 39.5240859985352 39.6143493652344 39.6396827697754 38.8781814575195 39.2102241516113 39.4801177978516 39.5622940063477 39.6079330444336 39.5389747619629 39.2425231933594 39.4011917114258 39.5652961730957 39.5465507507324 39.415412902832 39.1615104675293 38.1211891174316 38.3629913330078 38.9323539733887 38.8644409179688 38.794506072998 39.0013008117676 38.5497512817383 37.9196586608887 38.3400535583496 38.6183815002441 38.4541816711426 38.6888313293457 38.740779876709
36.3699340820312 37.3429489135742 37.2747116088867 37.2395401000977 38.5329093933105 39.542236328125 38.6108436584473 38.2888641357422 38.7813186645508 38.854377746582 39.1459617614746 39.7174110412598 39.6310997009277 39.6507530212402 39.5389976501465 39.7859344482422 39.8250961303711 39.7799873352051 39.7535781860352 39.7786674499512 39.7780952453613 39.3574829101562 38.7966995239258 39.0987777709961 39.0439186096191 39.4410552978516 39.6945304870605 39.3256187438965 39.3224067687988 39.6390800476074 39.6753273010254 39.6001853942871 39.4739685058594 38.9899749755859 39.193733215332 39.2222518920898 39.0570297241211 39.059024810791 39.1498908996582 39.2573394775391 38.4588203430176 38.6588821411133 39.1723022460938 39.0216484069824 39.1391677856445 39.1044883728027
38.3801574707031 38.5267753601074 38.675968170166 39.0674362182617 39.3376007080078 39.7339515686035 39.3809471130371 38.9516983032227 39.3746147155762 39.7033081054688 39.6301078796387 39.8875961303711 39.9206733703613 39.8639030456543 39.8484039306641 39.9120330810547 39.9279289245605 39.9165687561035 39.8989372253418 39.8981628417969 39.8417091369629 39.0916862487793 38.9373092651367 39.3501930236816 38.9386940002441 39.3024978637695 39.6610412597656 39.5887184143066 39.5487327575684 39.7523422241211 39.7785720825195 39.7613296508789 39.7347412109375 39.6503524780273 39.5772933959961 39.3106918334961 38.5649147033691 39.0657348632812 39.4997634887695 39.5003509521484 39.3925590515137 39.351993560791 39.451057434082 39.4842681884766 39.521800994873 39.491096496582
39.387882232666 39.4056129455566 39.5126991271973 39.631591796875 39.8223762512207 39.8930015563965 39.8124771118164 39.6297416687012 39.7717208862305 39.9499664306641 39.943775177002 39.9885139465332 39.9770545959473 39.9534797668457 39.9750633239746 39.9491195678711 39.9045066833496 39.8923492431641 39.9244155883789 39.9545135498047 39.9328956604004 39.737247467041 39.5447998046875 39.6898345947266 39.5911750793457 39.2320823669434 39.4678268432617 39.686222076416 39.8104286193848 39.831184387207 39.8365020751953 39.8171463012695 39.7981338500977 39.7696228027344 39.7683029174805 39.6471977233887 39.2717514038086 39.5246276855469 39.6693572998047 39.660961151123 39.6276397705078 39.6304702758789 39.6244316101074 39.6423950195312 39.6522750854492 39.6392364501953
39.2548065185547 39.4741287231445 39.6870574951172 39.6956520080566 39.742805480957 39.8484725952148 39.8756256103516 39.9343414306641 39.9604530334473 39.9197082519531 39.7476921081543 39.8392753601074 39.7838249206543 39.581298828125 39.7324829101562 39.8340950012207 39.7507514953613 39.8447341918945 39.9244422912598 39.9680938720703 39.9905624389648 39.8785591125488 39.6381301879883 39.4398803710938 39.6247749328613 39.7546806335449 39.7960510253906 39.8328475952148 39.8420829772949 39.8704833984375 39.8648223876953 39.8429107666016 39.8126525878906 39.7844924926758 39.809196472168 39.7561912536621 39.7433280944824 39.7429237365723 39.702320098877 39.7066612243652 39.6808891296387 39.6752395629883 39.6825370788574 39.6776313781738 39.6106147766113 39.6435356140137
37.7781181335449 38.4334564208984 38.786304473877 38.9666519165039 39.2722930908203 39.5515174865723 39.4929122924805 39.6581649780273 39.6601524353027 39.5327758789062 38.8991813659668 38.9159660339355 38.9852752685547 37.7426109313965 38.552131652832 39.1842918395996 39.6345176696777 39.9050445556641 39.9805488586426 40.0041656494141 40.0201988220215 39.8708229064941 39.5310897827148 39.2394485473633 39.4623260498047 39.6668128967285 39.7729034423828 39.765983581543 39.8201942443848 39.8787574768066 39.8880996704102 39.8714218139648 39.858512878418 39.8540573120117 39.8312911987305 39.7478942871094 39.742748260498 39.740161895752 39.7212829589844 39.718921661377 39.6889457702637 39.6869125366211 39.6840209960938 39.6499862670898 39.6507110595703 39.6809616088867
35.7497406005859 36.8380012512207 36.7570419311523 36.7316360473633 37.8602294921875 38.3153381347656 38.4016304016113 38.6244049072266 39.0064239501953 38.4937705993652 37.9197959899902 37.4324150085449 38.0007781982422 37.8960456848145 38.2775077819824 39.236457824707 39.796070098877 39.9513893127441 39.982349395752 39.9708480834961 40.0182266235352 40.0180473327637 39.6907920837402 39.4141235351562 39.326976776123 39.5407981872559 39.7116279602051 39.8046646118164 39.8875389099121 39.9045600891113 39.9265327453613 39.9179229736328 39.9132080078125 39.8917846679688 39.8318099975586 39.7767753601074 39.7759819030762 39.7760200500488 39.7684860229492 39.761058807373 39.730712890625 39.7321128845215 39.7346954345703 39.7147560119629 39.7150077819824 39.6411895751953
35.8734855651855 35.8144874572754 35.647087097168 35.715015411377 35.6642761230469 36.3463401794434 37.4100456237793 37.9731330871582 38.1297721862793 38.0257301330566 38.4677391052246 38.3298645019531 38.1979751586914 38.6915512084961 38.941349029541 39.6521186828613 39.8614921569824 39.887866973877 39.8424797058105 39.9429588317871 40.0471343994141 40.0745658874512 39.9650459289551 39.7234878540039 39.3915786743164 39.6023826599121 39.7607154846191 39.892276763916 39.9500770568848 39.9811820983887 39.9959297180176 39.9675712585449 39.9193954467773 39.8638648986816 39.8187713623047 39.7910842895508 39.8043823242188 39.8201866149902 39.816822052002 39.8102378845215 39.791088104248 39.7978477478027 39.7978668212891 39.7868118286133 39.6371192932129 39.4779510498047
35.5334205627441 35.6237297058105 35.8232536315918 35.5751800537109 35.494758605957 35.5918502807617 36.3364295959473 37.755256652832 38.2149467468262 38.3679695129395 38.2204055786133 38.3816909790039 38.6317481994629 38.8792724609375 38.9322776794434 39.3659362792969 39.6784744262695 39.6826248168945 39.6814231872559 39.9261894226074 40.0206031799316 40.0208435058594 40.0896949768066 40.0272941589355 39.9395637512207 39.9054145812988 39.9766654968262 40.0317420959473 40.0395126342773 40.0437164306641 40.0290069580078 39.9630928039551 39.9005165100098 39.8015975952148 39.7730941772461 39.8107643127441 39.8227424621582 39.8417205810547 39.8596229553223 39.8535079956055 39.8467636108398 39.8514556884766 39.8454513549805 39.8408584594727 39.7239685058594 39.6237754821777
35.6049613952637 35.7609062194824 35.7855796813965 35.497745513916 35.9359436035156 36.6806106567383 36.7612571716309 37.8423881530762 38.251781463623 38.4282264709473 38.2612190246582 38.6668510437012 38.9041404724121 38.9120101928711 38.9920654296875 38.9011039733887 38.9873352050781 39.185417175293 39.4952049255371 39.7856636047363 39.872932434082 39.8728675842285 40.0665473937988 40.106861114502 40.1226272583008 40.0972328186035 40.0796508789062 39.9496421813965 40.0013771057129 40.0572166442871 40.0341682434082 39.9319229125977 39.9015045166016 39.7520370483398 39.7043609619141 39.8402786254883 39.8463096618652 39.8384819030762 39.8909530639648 39.9023551940918 39.881950378418 39.892635345459 39.8879585266113 39.867618560791 39.8126373291016 39.7627220153809
35.6420555114746 35.5386047363281 35.7355766296387 35.4821815490723 36.0629425048828 37.0387992858887 37.3306732177734 37.8377075195312 38.4432220458984 38.8248405456543 38.8328666687012 38.9385452270508 39.0038719177246 39.0338973999023 39.0292854309082 38.9787712097168 39.0397186279297 38.8196792602539 38.5293312072754 39.4857788085938 39.4020309448242 39.7465362548828 40.0151519775391 40.066276550293 40.109504699707 40.0887145996094 40.0348587036133 39.8648796081543 39.9855461120605 40.0695266723633 39.9478721618652 39.8035316467285 39.8203620910645 39.8091163635254 39.8396110534668 39.8974723815918 39.9087677001953 39.9032859802246 39.908275604248 39.9417762756348 39.9345741271973 39.9250259399414 39.9081916809082 39.8841400146484 39.854061126709 39.7894515991211
35.2599792480469 35.237850189209 35.5819625854492 35.0201683044434 35.1573715209961 36.9459915161133 37.6020164489746 38.1500549316406 38.4431076049805 38.686939239502 38.7321319580078 38.7415008544922 38.5789794921875 38.5847854614258 38.8166618347168 38.9216613769531 39.2079925537109 39.1525077819824 39.0019416809082 39.0417900085449 38.9174766540527 39.5634117126465 39.8980255126953 40.0414619445801 40.0517425537109 40.0557861328125 39.7808685302734 39.4863204956055 39.9765815734863 40.0850067138672 39.8737564086914 39.6204032897949 39.8277282714844 39.871997833252 39.9011459350586 39.8703155517578 39.8739624023438 39.8831329345703 39.9069976806641 39.904182434082 39.9030570983887 39.9311027526855 39.9230804443359 39.9010620117188 39.8738059997559 39.8246726989746
34.947925567627 34.8186149597168 35.2417984008789 35.133544921875 35.21435546875 36.123477935791 37.021800994873 37.6014099121094 38.0236358642578 38.3398971557617 38.2885360717773 38.2323875427246 38.2926940917969 38.5413932800293 39.1720314025879 39.2543182373047 39.4133529663086 39.3375625610352 39.2739143371582 39.1376495361328 38.9414253234863 39.4872779846191 39.8576774597168 40.0170440673828 39.9725570678711 40.0386962890625 39.7342948913574 38.9682388305664 39.8014259338379 40.093147277832 39.8854179382324 39.6834983825684 39.8507614135742 39.8088188171387 39.7595405578613 39.7768745422363 39.8232154846191 39.7788963317871 39.7186622619629 39.708869934082 39.7910766601562 39.8660774230957 39.9368362426758 39.9242706298828 39.8994674682617 39.8681755065918
35.9482917785645 35.0219383239746 35.1215324401855 35.4851036071777 35.8290672302246 36.797534942627 36.8478507995605 37.5438804626465 38.240852355957 38.5318984985352 38.8251647949219 38.9199371337891 39.038028717041 39.2330055236816 39.396110534668 39.427547454834 39.391300201416 39.4581336975098 39.4346160888672 39.2441101074219 39.0834083557129 39.0973587036133 39.5454750061035 39.7392158508301 39.6835250854492 40.0217475891113 39.9423446655273 39.4224586486816 39.8713493347168 40.0900840759277 39.9178276062012 39.7596473693848 39.6965751647949 39.4271659851074 39.5905609130859 39.5350799560547 39.5468597412109 39.2005882263184 39.2903594970703 38.4131660461426 39.5673637390137 39.7783126831055 39.9229965209961 39.9307708740234 39.9103355407715 39.8796272277832
36.5834999084473 35.6831359863281 35.2067604064941 35.9364471435547 36.5270767211914 37.1903533935547 37.2465972900391 37.6690635681152 38.335620880127 38.7016563415527 38.7368431091309 38.7566528320312 39.1126136779785 39.2632179260254 39.3615036010742 39.3424339294434 39.5207710266113 39.6358795166016 39.6158981323242 39.4131546020508 39.2789993286133 39.2018699645996 39.3190879821777 39.3347854614258 39.318660736084 39.878116607666 40.0280151367188 39.795768737793 39.5568504333496 39.9997444152832 39.633975982666 38.9460105895996 39.4756698608398 39.6167945861816 39.8603439331055 39.8554458618164 39.824951171875 39.8005294799805 39.6203575134277 38.7840118408203 39.4703903198242 39.7428855895996 39.8840637207031 39.9222831726074 39.9186210632324 39.8905754089355
36.6287384033203 35.846248626709 35.3335952758789 36.5118713378906 37.3948593139648 37.7872543334961 38.4226493835449 38.6294174194336 38.8152885437012 38.9165687561035 38.7499198913574 38.7199478149414 39.2025146484375 39.2849731445312 39.299560546875 39.355037689209 39.4565200805664 39.4526557922363 39.8935432434082 39.6979141235352 39.4718399047852 39.3375930786133 39.3237495422363 39.1947822570801 39.210033416748 39.7289009094238 40.0193710327148 39.9483833312988 39.8333320617676 40.0900344848633 39.5286674499512 38.5831108093262 39.0226936340332 39.6048889160156 39.637638092041 39.3031616210938 39.3560905456543 39.802848815918 39.9013671875 39.8710861206055 39.8891906738281 39.8831672668457 39.8948287963867 39.8945388793945 39.9142913818359 39.9036026000977
36.5166511535645 35.6343612670898 35.203914642334 36.3172302246094 37.4786796569824 37.8033638000488 37.281795501709 38.4648818969727 38.4246253967285 37.9478912353516 38.7730751037598 38.9610595703125 38.9867744445801 39.0443687438965 39.0651931762695 39.2413177490234 39.3579025268555 39.4600524902344 39.8741188049316 39.9774932861328 39.8191947937012 39.5511207580566 39.4143981933594 39.3546028137207 39.1585273742676 39.5492935180664 39.9352645874023 39.9520034790039 40.1097831726074 40.1647911071777 39.7454299926758 38.2250213623047 38.8028602600098 38.373176574707 38.6830177307129 38.0498733520508 38.8901863098145 39.7785568237305 39.875301361084 39.9271202087402 39.9268684387207 39.8587379455566 39.7709503173828 39.8589630126953 39.8795928955078 39.8828163146973
36.5116500854492 35.8291435241699 35.8856353759766 36.3545951843262 37.1919784545898 37.5777130126953 37.9428443908691 38.1532669067383 37.0147094726562 36.9380531311035 38.2930183410645 37.4271583557129 37.7569198608398 38.1527404785156 38.7870025634766 39.182674407959 39.3193893432617 39.5096435546875 39.8039207458496 39.915958404541 39.9668006896973 39.7545127868652 39.487003326416 39.550895690918 39.4515342712402 39.641975402832 39.6448631286621 39.5094947814941 39.9684867858887 40.1223373413086 39.9330902099609 39.3241271972656 38.0637435913086 36.2675170898438 36.4333953857422 37.9647521972656 39.2420616149902 39.7616386413574 39.8545036315918 39.8077735900879 39.7956924438477 39.6072540283203 39.5050621032715 39.8122749328613 39.5993995666504 39.6507110595703
36.4858627319336 36.1574974060059 35.9717903137207 36.2540969848633 36.8094520568848 37.5357704162598 37.6677360534668 37.2998428344727 36.8788833618164 37.6385498046875 38.0614204406738 37.1835174560547 37.4761543273926 37.8591346740723 38.698371887207 39.0428657531738 39.3034515380859 39.6795845031738 40.0267639160156 39.8872299194336 39.783374786377 40.0155258178711 39.8079605102539 39.6575584411621 39.5273094177246 39.5170555114746 39.5901222229004 39.5104293823242 39.7882499694824 40.0668983459473 40.0974731445312 39.6510734558105 39.0390434265137 37.572566986084 37.0190734863281 38.0129089355469 39.2335968017578 39.707878112793 39.7582321166992 39.3673439025879 39.57470703125 39.7237014770508 39.5499610900879 39.602108001709 39.3279991149902 39.5443534851074
36.1785583496094 35.9849433898926 35.5515403747559 35.8593139648438 36.5588340759277 36.7139358520508 37.080135345459 37.3755569458008 37.6352920532227 37.7298431396484 38.0253257751465 38.2162818908691 38.7941551208496 38.8748779296875 39.0045776367188 38.602596282959 39.4265747070312 39.745059967041 39.9228401184082 39.6918296813965 39.7943496704102 39.9436264038086 40.0295257568359 39.9838638305664 39.7484741210938 39.6821594238281 39.3825187683105 39.521167755127 39.8552742004395 39.9264221191406 40.0492286682129 40.0578765869141 39.5959815979004 39.023567199707 38.2256927490234 37.9550971984863 38.9740982055664 39.6356430053711 39.2171974182129 38.7537117004395 39.5290794372559 39.7382011413574 39.5039405822754 38.8355865478516 39.141674041748 39.5817489624023
