inst/extdata/Tmax/Tmax50.asc
NCOLS 100 
NROWS 79 
XLLCORNER 148.06 
YLLCORNER -21.49 
CELLSIZE 0.01 
NODATA_value -3.4e+38 
[rows 20 to 39 of 79, columns 0 to 45 of 100]
26.724029541015600 27.2609348297119 27.4799308776855 27.2314701080322 27.4587993621826 28.3445091247559 27.8945484161377 28.1974811553955 27.0512084960938 26.9845523834229 28.058967590332 27.6155586242676 26.4971237182617 24.6691551208496 23.4654083251953 22.682279586792 22.3509292602539 23.752311706543 24.8257160186768 25.7304172515869 25.8768272399902 26.3725719451904 26.5851097106934 26.9492015838623 26.9015655517578 26.6445026397705 25.5436210632324 23.5851173400879 24.62331199646 24.4649543762207 25.6522998809814 25.9638519287109 26.0378150939941 26.1170597076416 25.8714027404785 25.5763168334961 25.3777484893799 25.1543388366699 24.2752475738525 24.5864200592041 24.3887195587158 23.4909934997559 24.2588806152344 24.0634098052979 22.6266555786133 22.7664432525635
27.4811325073242 27.8050498962402 27.8455810546875 27.4908275604248 27.4546318054199 27.3976707458496 26.9975414276123 27.803524017334 28.0817852020264 28.3594818115234 28.0500049591064 28.0603504180908 27.5511093139648 24.9409790039062 23.3802623748779 23.1784515380859 23.3300094604492 23.9723682403564 24.4990901947021 25.6112594604492 26.3136768341064 26.9170532226562 26.094388961792 26.6257591247559 26.5794219970703 26.2975788116455 26.0360260009766 24.5117435455322 24.602123260498 25.5734405517578 26.0269985198975 25.7945213317871 25.7516002655029 24.5458145141602 24.2644119262695 24.4989566802979 25.4683780670166 23.6440944671631 23.2345180511475 23.550853729248 22.7730007171631 23.3664054870605 23.5656318664551 21.2558422088623 21.2065010070801 21.9782524108887
27.7540607452393 28.0491733551025 27.8901672363281 27.2271518707275 28.4873580932617 27.6026782989502 27.8641662597656 27.5562496185303 28.2801837921143 27.4923839569092 28.6006851196289 28.2355155944824 28.0378799438477 27.0544490814209 26.1972522735596 24.4515991210938 22.8046798706055 23.3882732391357 23.8093929290771 25.8280467987061 26.7231864929199 25.9083728790283 26.0157737731934 25.5490837097168 25.0742702484131 25.9366569519043 25.8712024688721 25.5420322418213 25.4765224456787 25.5078201293945 25.1520290374756 24.704568862915 24.1965656280518 23.6917495727539 23.0258350372314 23.8557834625244 23.9375457763672 22.7725868225098 22.7962131500244 22.7923011779785 21.46116065979 21.322395324707 21.9125308990479 22.5887641906738 17.0614433288574 21.716121673584
27.8819580078125 28.3630867004395 28.9032917022705 27.2179718017578 27.1686477661133 28.0513820648193 27.1375637054443 28.0946865081787 28.3076820373535 27.438907623291 28.0019245147705 27.8862781524658 28.1435737609863 27.1879787445068 25.2768306732178 24.3391342163086 23.1710071563721 23.5040664672852 24.1826763153076 25.1832275390625 25.7040596008301 26.3605785369873 25.5929069519043 24.2629718780518 24.782054901123 24.9284152984619 24.9084720611572 25.8451461791992 26.1599731445312 25.920093536377 25.5660209655762 24.512228012085 23.8694515228271 24.0561904907227 24.5652351379395 24.23313331604 22.0005226135254 21.6226844787598 22.1779632568359 22.4583854675293 21.0379543304443 20.7214584350586 20.3693618774414 18.7603988647461 20.0985870361328 20.3479270935059
28.0604457855225 27.9755668640137 27.8252468109131 28.569486618042 28.6850738525391 28.3963050842285 27.1952171325684 28.2691287994385 26.8417491912842 27.0748977661133 27.1282043457031 26.9037055969238 26.736385345459 27.0544204711914 25.4835662841797 24.0032577514648 23.3013648986816 23.1852779388428 24.3182010650635 24.5024166107178 25.8623962402344 26.1849956512451 23.5154876708984 23.2635498046875 23.5917663574219 23.9646530151367 24.2645492553711 25.5916442871094 25.9885215759277 25.3956413269043 25.8016967773438 25.3760261535645 25.2812271118164 25.1210346221924 24.5914154052734 24.1852626800537 23.5228633880615 22.61181640625 21.4007015228271 20.821683883667 19.5624046325684 18.5568923950195 19.2660293579102 21.306957244873 16.2032146453857 16.0421142578125
28.4987163543701 28.2448272705078 28.7236328125 28.0900039672852 28.6357078552246 28.5217056274414 28.4129905700684 28.2064514160156 28.0474967956543 26.6606292724609 27.7011528015137 27.0114727020264 26.2208232879639 26.3133029937744 26.3055400848389 26.1419563293457 24.8789482116699 24.6504497528076 25.3176879882812 25.9854106903076 25.3236083984375 23.7398071289062 23.2045307159424 21.9898452758789 22.7314167022705 23.6487770080566 23.7153968811035 24.6875057220459 25.7482967376709 25.5874290466309 23.9631862640381 24.956714630127 24.7755031585693 24.7953433990479 24.3733558654785 24.0573234558105 23.4575710296631 22.2111148834229 19.7873382568359 20.3666019439697 18.7955112457275 19.9621162414551 21.5224304199219 21.0370903015137 16.247465133667 15.3806848526001
26.5146255493164 27.7535305023193 28.8249206542969 28.6168613433838 28.5234394073486 28.3886890411377 28.3087406158447 28.349100112915 28.0758953094482 26.78249168396 26.3560562133789 26.5391578674316 26.3905220031738 26.0727481842041 26.1113033294678 25.1210670471191 24.3361186981201 24.4836559295654 25.3915233612061 25.26589012146 24.9901542663574 25.3758640289307 24.2196407318115 22.767484664917 22.2044773101807 22.9896678924561 24.3783645629883 25.6865196228027 25.1440753936768 25.3224105834961 24.5396003723145 24.3079071044922 24.6302852630615 24.0790233612061 24.020788192749 23.2176609039307 21.8807125091553 22.1324901580811 17.4604206085205 15.7360792160034 18.3987560272217 15.9710512161255 20.7877559661865 17.1633167266846 19.4625339508057 15.0885143280029
26.6557674407959 26.2997055053711 27.4699478149414 28.3651752471924 28.3512687683105 28.2614269256592 28.4800605773926 28.6303386688232 28.2509002685547 27.5194492340088 27.0523929595947 26.344633102417 26.179515838623 26.5618209838867 24.9098148345947 25.0641422271729 24.6178169250488 24.179744720459 24.5257167816162 24.6112022399902 24.7538070678711 24.939338684082 24.4450988769531 23.1864681243896 23.0427379608154 23.3098163604736 22.8220462799072 25.4593715667725 25.8635749816895 24.5856971740723 24.313814163208 24.3850479125977 24.7055816650391 23.8226222991943 23.4736061096191 22.6171684265137 21.0943965911865 21.4797592163086 21.2181968688965 19.925651550293 18.7284564971924 19.201114654541 19.0207195281982 16.3883037567139 15.7433071136475 15.3785152435303
25.4141483306885 25.8664302825928 26.4914474487305 27.4583530426025 28.5385303497314 28.063684463501 28.516414642334 28.187349319458 28.2071475982666 27.2509346008301 27.3446083068848 26.4955463409424 26.8126010894775 26.7926216125488 26.4601459503174 24.2454414367676 24.2462692260742 24.0215950012207 24.4096374511719 25.3917598724365 24.2613105773926 24.8197441101074 23.7671012878418 22.7473220825195 23.011646270752 23.360897064209 23.3908462524414 24.2586803436279 25.0608177185059 24.9682712554932 25.0687084197998 24.1143093109131 23.6628704071045 22.4260749816895 21.6992816925049 20.7447471618652 21.0236225128174 21.0758857727051 21.2320461273193 18.73459815979 15.8145265579224 15.8932390213013 19.2564659118652 15.6395206451416 15.8619604110718 15.7634115219116
24.3102016448975 25.0121212005615 25.6700859069824 26.3849716186523 27.8710289001465 27.9356555938721 27.3091239929199 28.5072822570801 28.301549911499 27.9539909362793 26.8680782318115 27.2835464477539 26.6233654022217 26.3483295440674 26.9166870117188 26.6455059051514 26.207555770874 24.3894481658936 24.6789493560791 24.6776905059814 24.6448612213135 24.7410449981689 24.2661075592041 23.2545680999756 23.0424423217773 23.0719547271729 22.6342220306396 24.2061538696289 25.1560535430908 24.6485576629639 25.266658782959 23.7378368377686 22.6772556304932 22.5090866088867 21.9819011688232 21.5535259246826 21.5229396820068 20.9096946716309 20.2525329589844 19.8900279998779 21.2215270996094 21.2339286804199 18.6661624908447 18.5694522857666 15.9921827316284 16.8826808929443
24.8247222900391 25.5137138366699 25.6643848419189 26.3928508758545 26.7931823730469 26.63796043396 26.8662643432617 27.9368991851807 27.9143218994141 27.4199638366699 27.911111831665 27.8426475524902 27.8801116943359 27.0675029754639 27.0873031616211 27.0367641448975 25.7790546417236 25.2366142272949 24.2908611297607 24.6868858337402 24.5275955200195 24.0069522857666 23.768970489502 23.3816757202148 22.815450668335 22.0948791503906 22.5231742858887 24.4209651947021 24.8710289001465 25.0490303039551 25.344877243042 25.5183372497559 23.8071460723877 22.5556316375732 21.8432693481445 22.6111717224121 22.2318077087402 21.5401420593262 20.6821670532227 20.7670574188232 22.7921142578125 22.6593112945557 22.2577285766602 21.3471202850342 18.1090888977051 17.3458690643311
25.8635292053223 25.8356418609619 26.743013381958 27.600248336792 28.1288795471191 26.8878078460693 26.9917335510254 28.2840671539307 28.2620887756348 27.6106357574463 28.0234851837158 27.6843299865723 27.6465663909912 27.2626304626465 26.3151893615723 26.617654800415 24.2995662689209 22.9818134307861 24.3387565612793 23.9908256530762 23.9878482818604 24.1898460388184 23.6521835327148 23.3994636535645 22.9952545166016 23.0035915374756 23.462553024292 24.7924613952637 25.5103492736816 24.5007438659668 24.9817028045654 25.0125045776367 25.3351726531982 24.4374732971191 23.7575988769531 22.5915069580078 22.766357421875 22.8314208984375 22.4191207885742 23.9465427398682 22.9650478363037 22.4911766052246 17.3425102233887 18.9591541290283 16.551513671875 15.8078889846802
25.375509262085 26.8252429962158 26.7205238342285 26.8474731445312 28.0536136627197 27.2700595855713 27.9091167449951 27.5887222290039 28.1901092529297 27.2017440795898 28.1914367675781 27.6940784454346 27.6734752655029 27.0806446075439 26.6787738800049 26.1515350341797 26.0945949554443 24.3443832397461 23.1414642333984 23.4756088256836 23.564208984375 24.1286449432373 23.5183849334717 23.6069717407227 23.2386608123779 23.07301902771 24.9461307525635 25.1317310333252 25.0160655975342 26.451717376709 25.0911064147949 24.5573577880859 25.8163452148438 25.6972198486328 24.9844303131104 24.288516998291 23.9568061828613 23.901611328125 23.4438190460205 23.6257438659668 22.7322158813477 20.1024684906006 15.3866767883301 15.7413120269775 15.9313764572144 14.6036777496338
26.0949440002441 26.3140468597412 26.91037940979 25.8815803527832 26.4632797241211 25.4829883575439 26.2136421203613 27.5741367340088 28.115852355957 27.9395027160645 28.2621536254883 27.5125160217285 27.3663425445557 27.4255104064941 26.8215198516846 26.5925559997559 26.9466896057129 26.4411087036133 25.7087211608887 25.2431602478027 23.9988231658936 23.7690944671631 24.2920837402344 23.9577674865723 23.5838947296143 23.1933326721191 24.8776683807373 25.7622890472412 25.3189258575439 25.4716835021973 25.252197265625 24.0309734344482 23.7686958312988 23.8042697906494 24.2731113433838 24.5126628875732 24.5428619384766 25.0015277862549 24.5556564331055 24.7014503479004 22.9803409576416 18.3080596923828 16.7316761016846 17.0501365661621 16.820629119873 15.7482690811157
26.6225700378418 27.0586013793945 26.7991962432861 24.9758529663086 25.6862564086914 26.8560276031494 26.131477355957 27.5688896179199 27.9733123779297 27.6396293640137 28.097146987915 27.8358592987061 28.1862354278564 27.7065086364746 27.300235748291 27.12255859375 26.8201274871826 26.4492626190186 26.0105381011963 25.0150108337402 23.5450744628906 24.6127510070801 25.0319366455078 23.8757095336914 23.4576358795166 23.4126491546631 23.421257019043 24.8542823791504 24.6611499786377 23.7296657562256 24.7239456176758 23.652982711792 23.2239799499512 23.242057800293 22.9412689208984 23.2011680603027 23.8423080444336 23.4220752716064 24.0833740234375 23.8376026153564 22.1572551727295 21.9249324798584 19.0939464569092 18.4339141845703 17.6795234680176 17.551477432251
26.3536491394043 27.7206077575684 26.7936401367188 25.9562110900879 24.4123115539551 26.7907829284668 28.2531547546387 26.4192485809326 27.43630027771 28.0658512115479 27.9787464141846 27.856273651123 27.3676109313965 27.5300827026367 27.1814975738525 27.3391876220703 26.3977489471436 25.9585475921631 25.8498611450195 25.2385578155518 24.1473655700684 24.7967987060547 23.9299335479736 22.5450859069824 22.9611492156982 22.5858516693115 24.1595039367676 23.4859714508057 23.1076335906982 20.4848766326904 22.4544544219971 23.0626125335693 23.3834667205811 23.0458202362061 23.0325908660889 22.1152305603027 22.3804798126221 22.7568874359131 23.7213172912598 23.0587692260742 18.195161819458 17.8635902404785 17.6585006713867 18.2562026977539 17.9297752380371 16.665470123291
26.9207801818848 26.0917320251465 27.4392414093018 26.7114486694336 26.5704250335693 26.624532699585 26.6955814361572 26.8330783843994 27.0303764343262 28.3867664337158 28.4072017669678 27.8682994842529 27.7847290039062 28.054573059082 27.8079299926758 26.6587047576904 26.0586700439453 26.00705909729 25.9854393005371 25.9485092163086 25.2794017791748 24.230260848999 23.1238040924072 22.8563327789307 23.1597766876221 23.8442649841309 24.557014465332 23.6836910247803 23.3296680450439 21.4025363922119 21.1022453308105 20.1408958435059 21.6413841247559 23.0050315856934 22.8976097106934 21.0155467987061 21.011848449707 20.6450672149658 20.461877822876 16.950325012207 16.9686813354492 16.1509704589844 16.7521572113037 17.7584705352783 17.7810821533203 16.0536708831787
26.2202682495117 25.7620487213135 27.1092872619629 25.9244136810303 26.080493927002 26.1058292388916 24.9157333374023 25.7657661437988 26.8357448577881 27.2000122070312 27.9689064025879 28.0207195281982 27.9317169189453 27.4539985656738 27.7820625305176 27.6745624542236 26.9998149871826 25.7166938781738 26.2285766601562 25.7618312835693 25.5825595855713 24.810962677002 23.2662353515625 23.128755569458 22.5393733978271 23.2595157623291 24.3232975006104 23.3853511810303 23.616662979126 23.3877201080322 23.3763866424561 22.2914142608643 21.8929271697998 20.6071319580078 16.4573192596436 15.2048063278198 15.3562393188477 15.1259155273438 15.0692329406738 15.3522691726685 15.5726900100708 15.7024812698364 16.024772644043 16.9658069610596 17.3011341094971 16.8086242675781
26.199857711792 25.6086120605469 25.682502746582 26.9083042144775 26.6091327667236 26.7182197570801 25.2809104919434 24.4165554046631 25.4343929290771 26.4279022216797 27.7692565917969 28.15087890625 28.0928230285645 27.9388809204102 26.8402900695801 26.3994026184082 26.4256973266602 26.0648860931396 26.5397052764893 26.4129161834717 26.3868064880371 25.0672779083252 24.306921005249 23.9749412536621 23.0139102935791 23.8143177032471 23.5729446411133 23.7661762237549 22.0209846496582 23.033805847168 22.2323436737061 22.0700778961182 22.5263614654541 21.8070240020752 20.24977684021 14.8534927368164 14.4322319030762 14.3545932769775 14.1857748031616 14.7467269897461 15.4026012420654 16.9249439239502 15.4998846054077 16.7522964477539 16.2005577087402 16.0384044647217
25.8066234588623 25.3220367431641 26.5927963256836 26.5680980682373 26.8637599945068 25.9859886169434 25.645845413208 24.9863243103027 25.9224586486816 25.3921794891357 26.3845405578613 27.9292373657227 27.6791515350342 27.4862842559814 26.8073654174805 27.0685043334961 25.3904209136963 25.6422328948975 26.0883445739746 25.9295806884766 26.0160865783691 25.3685512542725 25.4179954528809 24.7905883789062 23.5731105804443 23.5103225708008 23.1730709075928 23.1056842803955 23.6116275787354 22.61545753479 21.5282917022705 20.6734771728516 22.7905826568604 22.9095993041992 22.9831047058105 20.4705505371094 17.5490169525146 17.1299877166748 16.0272827148438 14.9778003692627 15.8379507064819 15.8006219863892 15.9164304733276 16.384614944458 16.2733097076416 15.9048700332642
