inst/extdata/Tmax/Tmax151.asc
NCOLS 100 
NROWS 79 
XLLCORNER 148.06 
YLLCORNER -21.49 
CELLSIZE 0.01 
NODATA_value -3.4e+38 
[rows 0 to 19 of 79, columns 0 to 45 of 100]
36.535530090332003 36.1660461425781 35.149040222168 35.5263328552246 35.670711517334 36.1155624389648 36.3225021362305 36.4953079223633 36.4428253173828 36.2483711242676 35.7378730773926 35.5168190002441 35.423698425293 34.1079559326172 34.6183280944824 35.0575637817383 35.4631729125977 35.425422668457 34.5552864074707 33.8408889770508 33.6798973083496 32.6815452575684 33.1335334777832 34.4916229248047 35.0267333984375 35.2856101989746 35.1469688415527 35.1950569152832 34.8538703918457 34.4515762329102 33.5092315673828 31.5015640258789 32.8652114868164 32.7674942016602 31.4722518920898 30.2740783691406 30.1531238555908 29.7348823547363 30.5617580413818 32.5731391906738 34.2128143310547 34.4913749694824 35.2771873474121 35.6271324157715 35.8000755310059 35.9267349243164
36.3721885681152 35.8095893859863 34.996410369873 35.0886650085449 34.476505279541 35.4439849853516 36.0511131286621 36.391960144043 36.5234642028809 36.388069152832 36.0151100158691 35.6786422729492 35.7934455871582 35.3376770019531 35.1545600891113 35.0256385803223 35.4599838256836 35.4886169433594 34.418025970459 33.7740478515625 34.3308296203613 34.0592956542969 33.9336929321289 34.4001960754395 34.8941040039062 35.0826072692871 35.3784027099609 35.3186874389648 35.0822410583496 34.8453979492188 33.9325790405273 32.4227447509766 33.6823883056641 33.2281684875488 32.4949340820312 31.4418678283691 30.9636650085449 31.3625335693359 32.5295867919922 33.7412948608398 35.3446044921875 35.7821083068848 35.9137535095215 35.9019889831543 35.949089050293 35.9822425842285
36.3722457885742 35.4970817565918 35.6192855834961 35.7510223388672 35.2550468444824 35.3749885559082 35.8106880187988 36.4191131591797 36.607120513916 36.4520111083984 36.1330184936523 35.9914588928223 35.8868942260742 35.8215370178223 35.4892578125 35.322151184082 35.5432777404785 35.7036933898926 35.0779724121094 34.8662910461426 34.7013130187988 34.348762512207 34.0936851501465 34.219596862793 35.1280288696289 35.4111213684082 35.2276878356934 35.2018699645996 35.1928482055664 34.8491630554199 34.902660369873 33.8333358764648 34.0914268493652 32.7415237426758 32.4045372009277 31.7028293609619 31.1380233764648 30.6070117950439 31.7342491149902 33.0457458496094 34.5488166809082 35.6396560668945 35.9855918884277 36.047981262207 36.0165481567383 35.9560050964355
36.6434211730957 36.2577362060547 35.8914604187012 36.5597610473633 35.993709564209 35.5260848999023 35.9381904602051 36.551082611084 36.7284202575684 36.5722579956055 36.4062309265137 36.3626823425293 36.2405166625977 36.0540466308594 35.5754241943359 35.3829498291016 35.7677993774414 35.8162727355957 35.5685195922852 35.0534896850586 34.6967735290527 34.2861137390137 34.3660278320312 34.3204078674316 34.9565200805664 35.4254035949707 35.0209808349609 35.3110809326172 35.1028709411621 34.1912536621094 34.7965698242188 34.8774566650391 34.0524826049805 32.6746978759766 32.0426330566406 31.0749530792236 31.3809986114502 30.8258895874023 30.6925964355469 30.1471405029297 31.8666572570801 34.8209762573242 35.8288993835449 36.0600738525391 35.776496887207 35.6566619873047
37.2800941467285 36.6677703857422 36.4004554748535 36.8438949584961 36.579776763916 35.8650970458984 35.9042282104492 36.6110687255859 36.767448425293 36.3475303649902 36.3448104858398 36.5683212280273 36.4229393005371 36.1082191467285 35.7013473510742 35.8643074035645 35.9471130371094 35.6585464477539 35.1465377807617 34.334716796875 34.5311584472656 34.717716217041 34.8539772033691 35.0630416870117 35.0642433166504 34.6931343078613 35.5008926391602 35.0722732543945 34.9214859008789 34.3749771118164 34.7649993896484 34.5675354003906 34.2209396362305 33.1278038024902 32.553638458252 32.8937568664551 32.5536613464355 31.9433670043945 31.3401565551758 30.5169525146484 30.1227264404297 33.9023971557617 35.5412750244141 35.9897308349609 35.2351722717285 34.4456329345703
37.4732971191406 37.1929092407227 36.4175453186035 36.8906440734863 36.9627990722656 36.4933090209961 36.1796112060547 36.6788635253906 36.8500518798828 36.5227127075195 36.3923645019531 36.6880645751953 36.5067977905273 36.1936912536621 35.458927154541 36.0168533325195 35.9191093444824 35.4198036193848 34.8099060058594 34.3431510925293 34.4483985900879 34.7338790893555 35.0755920410156 35.0687713623047 35.3903007507324 35.2646675109863 35.3481407165527 34.5032501220703 34.4936065673828 33.2896118164062 34.0998344421387 34.6344299316406 34.7349128723145 34.3631057739258 33.9668464660645 33.8910713195801 32.9631958007812 32.4157371520996 32.0481605529785 31.1334991455078 30.5692825317383 33.4610710144043 35.4480819702148 35.9751815795898 35.4350280761719 33.160758972168
37.7100486755371 37.4151420593262 36.9962615966797 37.1781921386719 37.1158485412598 36.6907424926758 35.9639549255371 36.5865592956543 36.7897033691406 36.9374389648438 36.8645133972168 36.6896362304688 36.2060966491699 36.3253479003906 36.2851753234863 36.1189727783203 35.8968811035156 35.2718925476074 35.0298461914062 34.6882476806641 34.0361289978027 34.2678070068359 34.7894897460938 35.2177963256836 35.6059112548828 35.517219543457 35.5329513549805 34.9280776977539 34.5197601318359 33.1746711730957 33.1780204772949 33.3126525878906 34.3808441162109 34.5651016235352 34.0479965209961 33.9209098815918 33.285961151123 31.7289581298828 31.9961452484131 31.4981575012207 31.3146076202393 33.2869606018066 35.2501449584961 35.7568664550781 35.5124664306641 33.6797981262207
37.7216682434082 37.6038665771484 37.2885971069336 37.3145523071289 37.2626724243164 36.9595794677734 36.3007316589355 36.1530914306641 36.4997367858887 36.8795394897461 36.9953575134277 36.6660614013672 35.9008560180664 36.1468391418457 36.400218963623 35.6191139221191 35.5575408935547 34.6986808776855 34.6107864379883 34.3428344726562 33.5832023620605 34.1196823120117 34.6069641113281 35.2305374145508 35.7578659057617 35.7671012878418 35.296573638916 34.7939758300781 34.5872192382812 33.7221946716309 32.2329521179199 32.5650405883789 32.944995880127 33.614013671875 34.0466537475586 33.3637924194336 33.4495468139648 32.4533042907715 31.3215675354004 31.6432552337646 31.8811702728271 33.1424598693848 34.2904281616211 35.4082412719727 35.3488006591797 33.3303680419922
37.4950103759766 37.7370872497559 37.5577430725098 37.4968872070312 37.3427619934082 37.0594139099121 36.650089263916 36.1156845092773 36.3094520568848 36.8891410827637 37.060863494873 36.9994239807129 36.757942199707 36.5819358825684 36.1658363342285 35.2972106933594 35.5116348266602 35.2304611206055 35.3811721801758 34.3319664001465 34.3298492431641 34.1612968444824 34.2732620239258 35.0385360717773 35.6999397277832 35.9015083312988 34.8539848327637 33.8623008728027 33.9585723876953 33.8510551452637 33.1792945861816 32.554069519043 32.0634765625 32.5869674682617 33.6157722473145 32.9221496582031 32.659912109375 32.601734161377 31.5293407440186 31.1628189086914 31.4113788604736 31.5276756286621 32.5577011108398 34.3526153564453 34.8695373535156 33.4684448242188
37.1938095092773 37.6551094055176 37.7335662841797 37.5684394836426 37.3302726745605 37.1882400512695 36.9616432189941 36.4321441650391 36.0513954162598 36.8213920593262 37.0837554931641 36.6289901733398 35.8075218200684 35.8793334960938 35.993595123291 35.9607849121094 35.9947052001953 35.8265838623047 35.5848159790039 35.2256813049316 34.850399017334 34.1288566589355 34.5063323974609 35.4534568786621 35.9603843688965 35.8394775390625 35.0342292785645 34.855297088623 34.2737846374512 33.6866493225098 32.2661170959473 31.8335437774658 33.0515365600586 32.8892211914062 32.6509895324707 32.3819618225098 32.1381225585938 32.4690093994141 31.848726272583 31.0003433227539 31.0362796783447 30.4038486480713 31.3736915588379 32.6942291259766 33.0513916015625 32.332763671875
36.8478813171387 37.2021102905273 37.7746353149414 37.660228729248 37.5042991638184 37.4039840698242 37.1874351501465 36.7597122192383 36.7360382080078 36.9961204528809 37.1528358459473 36.723331451416 36.3380966186523 35.4785499572754 35.6726417541504 35.9990882873535 36.1394157409668 36.3645133972168 35.8459243774414 35.6144866943359 35.1510581970215 34.7316665649414 34.8131370544434 35.4586296081543 35.9515991210938 35.8400268554688 35.0429153442383 34.1892127990723 33.0433044433594 33.0384254455566 32.6240501403809 32.5648536682129 33.5403442382812 33.2457656860352 32.2196617126465 31.9268436431885 32.4708251953125 32.141487121582 31.7051620483398 31.0762996673584 31.1371269226074 30.842357635498 30.4546813964844 31.2794437408447 31.7719306945801 32.1265525817871
36.6817817687988 36.7559623718262 37.758430480957 37.7527389526367 37.6511039733887 37.5050086975098 37.3119659423828 36.9265251159668 36.965461730957 37.291576385498 37.2257957458496 37.0051956176758 36.5823287963867 36.0129470825195 35.8913345336914 36.237548828125 36.5901489257812 36.5791511535645 36.2769317626953 35.7430419921875 35.156063079834 34.7764701843262 34.9606552124023 35.1320152282715 35.3799629211426 35.7644309997559 34.6385231018066 33.7309455871582 33.0328788757324 33.3036689758301 33.3780136108398 33.2865829467773 33.7627792358398 33.1514625549316 32.8618659973145 32.7575798034668 32.2723808288574 31.5993728637695 32.1958885192871 32.4565467834473 31.9562797546387 31.4421672821045 30.8507118225098 31.3574485778809 31.9591655731201 32.4134216308594
36.8773193359375 37.4472770690918 37.7579536437988 37.7082405090332 37.7159461975098 37.602611541748 37.4456367492676 37.0140228271484 37.1079177856445 37.4543380737305 37.2251167297363 37.1471138000488 36.8977470397949 36.9755249023438 36.8595161437988 36.8331336975098 36.8421401977539 36.7512168884277 36.4906997680664 35.88623046875 35.5688858032227 35.7586364746094 36.0571594238281 36.3209342956543 36.1491928100586 35.660327911377 35.4235687255859 34.8686103820801 34.4449348449707 34.2301559448242 34.3012619018555 34.0674934387207 33.9539794921875 33.289852142334 32.641902923584 32.1232032775879 31.5124187469482 32.7758636474609 33.1031265258789 33.0380439758301 31.4987812042236 31.4149723052979 30.8661251068115 30.55491065979 32.0438079833984 32.6865081787109
37.4213562011719 37.6599769592285 37.7327651977539 37.6363639831543 37.6483612060547 37.6981887817383 37.6342964172363 37.4932823181152 37.2534828186035 37.4047088623047 37.3656730651855 37.2865333557129 37.1363220214844 37.0156707763672 36.8893051147461 36.7964706420898 36.9573745727539 36.8580932617188 36.6912803649902 36.5584297180176 36.4374237060547 36.396484375 36.1592216491699 36.290340423584 35.7799224853516 34.6086807250977 34.5434036254883 34.0730285644531 33.4331359863281 34.3213386535645 34.6382217407227 34.5971908569336 33.7338371276855 33.3818817138672 33.2412414550781 33.1727409362793 33.1525497436523 32.7922515869141 33.5042953491211 33.8950424194336 33.2965087890625 32.775074005127 32.0461006164551 31.4213485717773 32.6307678222656 33.200984954834
36.5658340454102 37.2231216430664 37.7142868041992 37.6317481994629 37.4873466491699 37.5945854187012 37.5484962463379 37.3539123535156 36.8728561401367 36.9227027893066 37.2968406677246 37.0802040100098 36.4766387939453 36.6652870178223 36.8714218139648 36.2377395629883 36.7315673828125 36.9425659179688 36.8802146911621 36.8185234069824 36.7500686645508 36.2895202636719 35.5535049438477 36.0000648498535 35.8013229370117 35.487247467041 35.396167755127 35.0135955810547 34.5930023193359 34.8903121948242 34.8363418579102 34.5403785705566 34.0266952514648 34.3014984130859 34.2547378540039 33.1791687011719 33.8204765319824 32.8523750305176 33.2176170349121 34.0863952636719 34.0598487854004 33.7641830444336 32.9053535461426 31.9594955444336 32.6763954162598 33.5473594665527
35.5899810791016 36.7451477050781 37.5973777770996 37.7386665344238 37.6586837768555 37.6256370544434 37.5118789672852 37.3821640014648 37.1327438354492 36.5456771850586 36.0872535705566 36.9312591552734 35.9781036376953 35.622631072998 36.6162643432617 36.2054557800293 36.1799278259277 36.7152137756348 36.7435264587402 36.7405548095703 36.7473449707031 36.720272064209 36.5591888427734 36.2872085571289 35.8038215637207 35.3617820739746 35.3750114440918 35.3107643127441 35.2419166564941 35.0293006896973 34.8318405151367 34.371955871582 34.0545692443848 34.779125213623 34.6360473632812 34.3266410827637 34.3412780761719 33.6926116943359 33.2939987182617 34.0610733032227 34.2785224914551 33.561149597168 32.1320037841797 30.8872356414795 31.386697769165 33.3381004333496
36.7437934875488 36.5560455322266 37.2223358154297 37.4304313659668 37.6788330078125 37.639820098877 37.5093231201172 37.3493385314941 37.1718635559082 36.8410835266113 36.109748840332 36.5861320495605 35.398494720459 35.1196098327637 35.9674072265625 35.8023986816406 35.0289764404297 36.2712554931641 36.2617568969727 36.2367553710938 36.5242004394531 36.7052764892578 36.5912818908691 36.1065788269043 35.1591453552246 34.5101318359375 34.0728302001953 34.4548950195312 35.0738792419434 34.4254341125488 34.1804580688477 33.338565826416 34.1323013305664 35.0752067565918 34.8642768859863 34.6435356140137 34.6991500854492 34.2143249511719 33.7996520996094 34.1177444458008 34.3414764404297 33.0845031738281 31.9788951873779 32.3267669677734 32.719612121582 33.3842010498047
36.8989601135254 37.2889137268066 37.3796691894531 37.391788482666 37.5463676452637 37.6061019897461 37.5388374328613 37.441707611084 37.2644424438477 36.7490310668945 36.3049736022949 35.8847465515137 35.4312973022461 35.0276107788086 35.6044387817383 35.4440765380859 35.4692649841309 35.2749977111816 34.9910621643066 34.9695472717285 36.2564468383789 36.562084197998 36.5361404418945 36.4141654968262 35.7516822814941 34.4724044799805 32.9262161254883 33.8412055969238 34.7321128845215 33.6800270080566 34.0960884094238 34.7444953918457 35.0678863525391 35.3682022094727 35.2675247192383 35.0430641174316 34.5160865783691 33.5946426391602 34.0976638793945 34.349910736084 34.7026863098145 34.3139266967773 34.1529922485352 34.1269874572754 34.0714988708496 33.4454689025879
37.1985359191895 37.1812858581543 37.02001953125 37.1307601928711 37.6282157897949 37.5088577270508 37.5282249450684 37.507396697998 37.4019050598145 37.0089530944824 35.7760009765625 35.8759422302246 35.3962783813477 34.1619071960449 34.9670333862305 34.7120132446289 34.5236740112305 33.7740898132324 34.6860237121582 35.0917663574219 36.2924537658691 36.3235282897949 36.4717750549316 36.5830955505371 35.6388397216797 34.4635124206543 33.196849822998 34.0576095581055 34.727466583252 34.1837692260742 34.723461151123 35.2135162353516 35.6294937133789 35.6323928833008 35.1469116210938 34.8578987121582 34.4634246826172 34.166561126709 34.7427597045898 34.8346328735352 34.8759498596191 34.7832984924316 34.6529769897461 33.9394645690918 33.0129241943359 32.9707450866699
37.3767395019531 37.3622093200684 37.3433990478516 37.1855812072754 37.6620788574219 37.6575927734375 37.5940742492676 37.5295677185059 37.4517822265625 37.3385581970215 36.976448059082 36.1670570373535 35.2487983703613 33.9546165466309 34.3008079528809 34.2576293945312 33.7790451049805 34.0967712402344 34.3670120239258 35.4867897033691 36.3362579345703 35.8836517333984 36.644718170166 36.4737892150879 35.825008392334 35.5589218139648 34.3929138183594 34.5157890319824 34.8929405212402 34.7007675170898 35.3604164123535 35.3289222717285 35.8054428100586 35.7248458862305 35.5584983825684 35.2882423400879 34.3790473937988 34.5614738464355 34.844310760498 34.8361740112305 34.8709182739258 34.7142906188965 34.6369819641113 34.0763130187988 33.9933166503906 33.8507347106934
