inst/extdata/Tmax/Tmax55.asc
NCOLS 100 
NROWS 79 
XLLCORNER 148.06 
YLLCORNER -21.49 
CELLSIZE 0.01 
NODATA_value -3.4e+38 
[rows 20 to 39 of 79, columns 0 to 45 of 100]
33.074275970458999 33.1295700073242 33.1407089233398 33.1179313659668 33.1502456665039 33.2857398986816 33.2182121276855 33.1560745239258 33.1002159118652 33.0147590637207 32.8376579284668 32.4291152954102 31.965368270874 31.29541015625 29.9179763793945 29.4775447845459 29.4150276184082 30.4583950042725 31.5708141326904 32.0377960205078 32.0789031982422 32.1394309997559 32.553165435791 32.6226844787598 32.4941177368164 32.2175712585449 31.587459564209 30.6109504699707 31.2407512664795 31.3513870239258 32.0613784790039 32.1204376220703 32.3158912658691 32.3153915405273 32.3075370788574 32.0726013183594 31.6777629852295 31.717191696167 31.2305374145508 31.550853729248 31.3422374725342 30.5724716186523 30.8642673492432 30.9567794799805 31.1276969909668 31.1967582702637
33.159610748291 33.2405891418457 33.2646789550781 33.2404251098633 33.259407043457 33.2716674804688 33.1464958190918 33.078914642334 33.0681076049805 33.0137367248535 32.8960189819336 32.7287101745605 32.4969329833984 31.5131053924561 29.9415473937988 29.6124477386475 29.8775901794434 30.7553272247314 31.297269821167 31.7024517059326 31.8448619842529 31.7769622802734 32.4043388366699 32.5967216491699 32.4223747253418 32.4789505004883 32.4864540100098 31.6818580627441 31.5469436645508 32.1634063720703 32.3337326049805 32.2571487426758 31.9274387359619 31.2926025390625 31.349702835083 31.3603191375732 31.9066410064697 31.1583042144775 30.7500877380371 31.1335735321045 30.7364521026611 30.8680114746094 30.5965099334717 29.6166152954102 30.0109443664551 30.805871963501
33.2339363098145 33.3003349304199 33.3210983276367 33.319164276123 33.3146324157715 33.2914848327637 33.1228828430176 33.0066604614258 32.9641189575195 32.9445533752441 32.8364562988281 32.7796936035156 32.608211517334 31.9721603393555 30.8017387390137 29.9290199279785 29.2601470947266 29.7954177856445 30.4087142944336 31.2724666595459 31.4004611968994 31.5435466766357 32.2757530212402 32.0783004760742 31.6585731506348 32.1046447753906 32.2253150939941 32.3563919067383 32.0799751281738 32.161449432373 31.9037208557129 31.7370872497559 31.1412143707275 30.8083400726318 30.5864429473877 30.8624286651611 30.8267135620117 30.2386703491211 30.2407531738281 30.1844615936279 29.8744583129883 29.0744705200195 29.9832019805908 29.6933631896973 28.6316814422607 30.2501754760742
33.2304534912109 33.2794227600098 33.3104782104492 33.3152732849121 33.2866401672363 33.2900238037109 33.2288818359375 32.9327774047852 32.8343925476074 32.8691673278809 32.6926879882812 32.5116996765137 32.632625579834 32.2437133789062 31.4195022583008 30.5979804992676 29.7345809936523 29.4332046508789 30.0818691253662 30.4226245880127 31.0061855316162 32.0815620422363 31.8253841400146 31.1877365112305 31.3893432617188 31.5904483795166 31.2878170013428 32.384162902832 32.4496269226074 32.332820892334 32.1163101196289 30.9431915283203 30.6133594512939 30.8736705780029 31.2838268280029 30.8073749542236 29.8283081054688 29.2615985870361 30.0983638763428 29.5668354034424 28.7982234954834 27.2698307037354 28.2141284942627 29.5623111724854 27.5965995788574 29.0991649627686
33.1852416992188 33.2626838684082 33.30712890625 33.2862396240234 33.2585983276367 33.2731513977051 33.2903747558594 33.1180267333984 32.9454879760742 32.7785263061523 32.6823539733887 32.6575775146484 32.4864158630371 32.1381301879883 31.3433952331543 30.6193199157715 29.8415031433105 29.4617938995361 29.6848106384277 29.6930980682373 30.9760246276855 31.8730487823486 30.7143096923828 30.1518249511719 31.021577835083 31.0340270996094 31.2779445648193 32.1423721313477 32.4506072998047 32.064868927002 32.0403938293457 31.8233776092529 31.8291549682617 31.9303321838379 31.6034717559814 31.297700881958 30.8884201049805 29.6862125396729 29.4724559783936 29.2200660705566 27.3603553771973 26.7608757019043 27.2803745269775 29.3442249298096 27.1975841522217 27.6320819854736
33.1493453979492 33.1865539550781 33.2099609375 33.196117401123 33.2198638916016 33.2409324645996 33.284839630127 33.2507553100586 33.1043014526367 32.8613204956055 32.6702041625977 32.5423278808594 32.3966026306152 31.9269371032715 31.4631118774414 30.885009765625 30.2450294494629 29.895866394043 30.382926940918 31.1339702606201 31.1281585693359 31.0397663116455 30.5342617034912 29.1965160369873 29.7472705841064 30.5739784240723 30.7657680511475 32.1727638244629 32.4164505004883 32.0536918640137 31.1187782287598 31.8395729064941 31.7280139923096 31.6243839263916 31.3587741851807 31.040864944458 30.9460926055908 29.3416576385498 27.9652824401855 28.4445266723633 26.8992919921875 27.8484382629395 28.2748394012451 29.3297348022461 28.2330360412598 27.0756015777588
33.0448837280273 33.089111328125 33.1083793640137 33.1319694519043 33.1395263671875 33.1530570983887 33.2636070251465 33.2784767150879 33.1477851867676 32.7205543518066 32.620777130127 32.3561096191406 32.3632926940918 31.9769515991211 31.1942596435547 30.0752639770508 29.6847457885742 29.9012088775635 30.4120845794678 30.3234672546387 30.5327186584473 31.4944496154785 31.3495121002197 29.756311416626 29.3344020843506 30.3313789367676 31.2096786499023 32.2284851074219 32.3577499389648 32.1536331176758 31.2627639770508 30.8791790008545 31.7824020385742 31.2239112854004 30.7706241607666 29.8877258300781 29.6135730743408 29.7742862701416 28.6353244781494 27.2382106781006 26.8265075683594 27.2083301544189 27.1346797943115 28.3224754333496 27.3132019042969 26.6279125213623
32.9004020690918 32.9379997253418 32.9835433959961 33.0476455688477 33.0837020874023 33.1575164794922 33.2717971801758 33.279613494873 33.2160034179688 33.0248756408691 32.7819213867188 32.5181007385254 32.4026107788086 32.204029083252 31.2390174865723 30.0435428619385 29.7105617523193 29.6711273193359 29.8179321289062 29.8036575317383 31.0200653076172 31.7137241363525 31.1494255065918 30.2459602355957 29.6520519256592 29.9082622528076 30.0454635620117 31.7765502929688 32.2059326171875 32.112476348877 31.2637367248535 31.2108020782471 31.5741786956787 30.7857818603516 30.051362991333 29.4548149108887 28.4864673614502 29.3129329681396 29.1657772064209 27.185173034668 26.7309799194336 26.9734516143799 26.912992477417 27.6032981872559 26.9784088134766 26.675271987915
32.3749504089355 32.3438529968262 32.6377143859863 32.975456237793 33.1264839172363 33.224308013916 33.2773399353027 33.2755241394043 33.1510925292969 33.0473518371582 32.8840103149414 32.3335952758789 32.4443550109863 32.2949180603027 31.7584667205811 30.4857234954834 29.7291793823242 29.2007122039795 29.5436420440674 30.4917507171631 31.0409107208252 31.43825340271 30.5254249572754 29.7643699645996 29.5773391723633 29.7425441741943 30.2116851806641 31.1886405944824 32.0718193054199 32.1791496276855 31.6431922912598 31.3923053741455 30.9488716125488 29.842622756958 28.5889263153076 28.1594047546387 27.8420810699463 28.1017284393311 28.3074321746826 27.8975086212158 27.3464374542236 27.5228614807129 27.2545108795166 27.0428466796875 27.0866451263428 27.0438556671143
31.4599113464355 32.3749084472656 32.7334861755371 32.4677505493164 33.0662536621094 33.2358207702637 33.2786178588867 33.275764465332 33.0696296691895 32.9232025146484 32.9248085021973 32.6584129333496 32.4149856567383 32.283748626709 32.0243110656738 31.4879493713379 30.9097862243652 29.4682121276855 29.8184261322021 29.9119472503662 30.0840663909912 31.1022148132324 30.657642364502 29.8044548034668 29.5935039520264 29.3782253265381 29.3552894592285 31.1306915283203 32.0875968933105 32.2115592956543 31.3404731750488 30.2993087768555 29.9903469085693 29.6345863342285 29.3734016418457 28.288257598877 28.2547054290771 27.8322525024414 27.4045372009277 27.7202014923096 29.7685146331787 29.8981742858887 28.6694316864014 27.0977478027344 28.3018569946289 28.4571342468262
31.7713737487793 32.7044143676758 32.7446670532227 32.193187713623 33.0214538574219 33.2263717651367 33.2954216003418 33.2871170043945 33.2356796264648 33.0040817260742 32.9007453918457 32.844310760498 32.6650123596191 32.4538841247559 32.1516952514648 31.543025970459 30.678279876709 30.214786529541 29.7365207672119 30.0167045593262 30.1072483062744 30.5910148620605 29.9494209289551 29.7743968963623 29.4579334259033 28.7907199859619 29.1022453308105 31.0111484527588 31.9401245117188 32.0293655395508 32.0503578186035 31.9043159484863 30.6961097717285 29.6737232208252 29.6335353851318 29.1294975280762 29.3233032226562 29.1438884735107 28.7063694000244 29.2874164581299 30.9920825958252 31.0981197357178 30.658016204834 30.0506706237793 29.951940536499 29.3187694549561
32.5672454833984 32.8637619018555 32.9423599243164 32.9505653381348 33.0504493713379 33.2167434692383 33.2656326293945 33.2708168029785 33.2319412231445 33.1651268005371 32.9808692932129 32.9316062927246 32.8368835449219 32.628173828125 32.3533325195312 31.8471145629883 30.9597206115723 30.5217456817627 29.7859363555908 29.6762390136719 29.7578067779541 30.2400798797607 29.8489189147949 29.5810127258301 29.5209007263184 29.5586833953857 30.4219665527344 31.5676364898682 31.9801406860352 31.4530963897705 31.3964347839355 31.4509792327881 31.7225189208984 31.2010498046875 30.932445526123 30.1137256622314 31.3131427764893 31.1820983886719 31.1864833831787 31.2403526306152 31.0191707611084 30.0443840026855 29.015697479248 28.6833553314209 28.5645523071289 27.7665729522705
32.280948638916 33.0498695373535 33.1233749389648 33.1480407714844 33.1524887084961 33.1705284118652 33.1586494445801 33.2168159484863 33.2185821533203 33.2088241577148 33.1670570373535 33.0473747253418 32.8624992370605 32.7009773254395 32.5062255859375 32.2509002685547 31.7561302185059 31.0560874938965 30.2712688446045 29.5302581787109 29.5662422180176 30.0575256347656 29.93337059021 29.6421604156494 29.4970092773438 29.6714038848877 31.193172454834 31.9553108215332 32.0353469848633 31.8628234863281 31.3516101837158 30.723014831543 31.537109375 31.6961364746094 31.777364730835 31.2285919189453 31.7289733886719 31.4368457794189 31.3257827758789 31.1775226593018 29.8737468719482 28.3292217254639 26.9487495422363 27.3622436523438 27.2978191375732 26.2293262481689
32.1305236816406 32.8046112060547 32.623218536377 32.5044631958008 32.6559791564941 33.0678863525391 33.0861892700195 33.1195106506348 33.143856048584 33.1385498046875 33.1121673583984 33.0993347167969 32.9885940551758 32.8339920043945 32.6782531738281 32.4476776123047 31.9988193511963 31.5632076263428 31.2820301055908 30.621675491333 29.6289901733398 29.8892021179199 29.6584854125977 29.7411556243896 29.618221282959 29.5953807830811 30.7203826904297 31.9026927947998 31.9954853057861 31.6634159088135 31.5251922607422 30.4103527069092 30.7475814819336 31.0653324127197 31.435302734375 31.6101627349854 31.4942035675049 31.3414916992188 30.9460353851318 31.0437812805176 30.717903137207 29.3629608154297 28.495288848877 29.142993927002 28.6825847625732 27.4360084533691
32.4851150512695 32.7899055480957 32.3718109130859 31.6811428070068 31.8022899627686 32.8107452392578 33.0502281188965 33.0227699279785 33.0490570068359 33.0748481750488 32.9992599487305 33.0626983642578 33.0193138122559 32.9106254577637 32.7601661682129 32.5666961669922 32.2486457824707 31.5478382110596 31.1234931945801 30.6422939300537 29.9323196411133 29.8517112731934 29.6632595062256 29.4437427520752 29.4143486022949 29.8244495391846 31.0307960510254 31.8655643463135 31.3396835327148 31.1119213104248 31.2328033447266 30.8667793273926 30.5335388183594 30.1923694610596 29.9296054840088 30.5124740600586 30.3411884307861 30.7449169158936 30.6909255981445 30.5008125305176 30.2412300109863 30.6399765014648 30.3976898193359 30.07444190979 29.4330806732178 28.9281387329102
32.6255111694336 32.7390670776367 32.5445518493652 32.2248764038086 31.914270401001 32.5075531005859 32.8466262817383 32.881031036377 32.940746307373 33.014217376709 33.0116233825684 33.0732955932617 33.0171775817871 32.9632186889648 32.8079490661621 32.5847854614258 32.3421363830566 32.1202087402344 31.7029228210449 31.0171222686768 30.6159591674805 30.3523464202881 29.8164348602295 29.1382942199707 29.3144474029541 29.5845603942871 31.1219348907471 31.689640045166 29.6966247558594 29.269437789917 29.9592266082764 30.2045097351074 30.1627368927002 29.9377288818359 29.4248237609863 29.1563415527344 29.7828674316406 29.6371822357178 29.6353092193604 29.6137390136719 29.3506603240967 29.0476036071777 29.3641223907471 29.9326038360596 29.2579231262207 28.0221061706543
32.4810371398926 32.5244293212891 32.5614242553711 32.2793426513672 31.992561340332 32.2008323669434 32.4475173950195 32.6672897338867 32.7956466674805 32.9377632141113 32.9270286560059 32.9375762939453 33.0404777526855 32.9757194519043 32.8557968139648 32.5723876953125 32.5612144470215 32.4062919616699 32.1472549438477 31.7439250946045 31.5943336486816 30.757266998291 30.1260051727295 29.6291351318359 29.6309471130371 30.0469532012939 31.1552085876465 31.0551147460938 30.7458057403564 30.6391506195068 29.8210716247559 29.7619705200195 29.5636100769043 29.4146499633789 28.643310546875 28.2095184326172 28.4486389160156 28.3941097259521 28.6885147094727 28.4950199127197 28.5128211975098 27.5182571411133 28.3444404602051 29.3412933349609 29.1050319671631 27.4893016815186
31.9022960662842 32.261287689209 32.4931449890137 32.3905029296875 32.1869163513184 32.0576248168945 32.05615234375 32.4638404846191 32.5948104858398 32.7929801940918 32.8922538757324 32.9043464660645 32.9790267944336 33.0063247680664 32.8217887878418 32.7186813354492 32.6498336791992 32.5344200134277 32.3699378967285 32.1595153808594 31.9452972412109 31.1872005462646 29.9672946929932 30.0679416656494 29.3327922821045 29.9609661102295 30.9994659423828 30.4040050506592 30.6133270263672 31.1217365264893 31.0012531280518 30.8396968841553 30.1226902008057 29.6668567657471 27.9777126312256 26.6070251464844 26.6631870269775 26.5460147857666 26.5073070526123 27.0204620361328 27.2252902984619 27.476146697998 27.7196922302246 28.7355155944824 28.6048202514648 28.1901626586914
32.0306701660156 32.1403656005859 32.2929344177246 32.2764091491699 32.2473411560059 31.9256610870361 31.7053680419922 31.4342250823975 32.1509437561035 32.7014427185059 32.8571166992188 32.9177017211914 33.0130805969238 33.0187950134277 32.6954765319824 32.2645034790039 32.3009071350098 32.3706436157227 32.4288330078125 32.3037300109863 32.1549377441406 31.7206497192383 30.5265483856201 30.8618717193604 29.8320713043213 29.8312549591064 30.0009384155273 30.3487777709961 29.2282905578613 29.9501132965088 29.5553817749023 29.6869449615479 31.0393848419189 30.580041885376 29.5454959869385 27.1350269317627 26.1500453948975 26.1582279205322 25.4298858642578 25.9075946807861 26.6056537628174 26.6185073852539 26.7398681640625 28.3014221191406 27.8334064483643 27.2645874023438
32.1120109558105 32.0385818481445 32.106315612793 31.9048519134521 32.1293029785156 32.044979095459 31.8129825592041 31.5397071838379 31.7577056884766 32.4282035827637 32.7083930969238 32.9308738708496 32.9877281188965 32.9596405029297 32.9036102294922 32.4693832397461 32.0644111633301 31.8558368682861 32.1581115722656 32.3018226623535 32.1557121276855 32.0078468322754 31.6611976623535 31.039421081543 29.8877086639404 29.6622734069824 29.6218719482422 29.7264881134033 29.7873287200928 29.2189884185791 28.6059856414795 29.4538116455078 30.7573394775391 29.959508895874 30.2014331817627 29.6201667785645 29.1601963043213 29.0205669403076 27.9567184448242 26.7509078979492 27.5374546051025 27.2075653076172 27.6737194061279 27.9130344390869 27.6031303405762 27.1032829284668
