inst/extdata/Tmax/Tmax107.asc
NCOLS 100 
NROWS 79 
XLLCORNER 148.06 
YLLCORNER -21.49 
CELLSIZE 0.01 
NODATA_value -3.4e+38 
[rows 20 to 39 of 79, columns 46 to 91 of 100]
35.0484466552734 33.4754257202148 33.6630325317383 34.9047813415527 34.6699676513672 34.1578521728516 33.902042388916 32.8285255432129 34.4716644287109 35.7256164550781 36.6202507019043 36.2114791870117 36.1765441894531 36.6994895935059 36.3857574462891 36.1373062133789 36.3657379150391 36.8537292480469 36.9844856262207 36.9774322509766 36.9070053100586 36.7973785400391 37.0501937866211 37.1201286315918 37.0716209411621 36.9927864074707 36.8966064453125 36.9234886169434 36.8892707824707 36.5925941467285 36.6417236328125 36.8754959106445 36.777946472168 36.5263862609863 36.5251579284668 36.4918403625488 36.4157943725586 36.4081726074219 36.3916549682617 36.3622360229492 36.2868957519531 36.1392478942871 35.6157913208008 35.4996223449707 35.6965866088867 35.6866188049316
35.3054466247559 33.4533348083496 32.3567161560059 33.9428558349609 33.8151245117188 33.3087882995605 34.0862693786621 32.3521881103516 33.4997253417969 35.3136749267578 36.3925437927246 35.2476806640625 34.6815643310547 36.2189903259277 35.2006568908691 34.8815689086914 35.6029472351074 36.7252082824707 36.720272064209 37.0895500183105 37.1672782897949 37.1543121337891 36.956615447998 36.6519546508789 36.6425552368164 36.6968383789062 36.838451385498 36.8088912963867 36.724178314209 36.6480751037598 36.9043350219727 36.9409103393555 36.8818016052246 36.5488624572754 36.6187782287598 36.5712814331055 36.4509162902832 36.4552688598633 36.4540138244629 36.4465560913086 36.3246726989746 36.2227935791016 36.0435943603516 35.8603744506836 35.7321510314941 35.7130432128906
35.8392333984375 35.405345916748 33.7050743103027 33.1033897399902 32.6560363769531 33.7047691345215 33.157657623291 33.382869720459 32.8193016052246 33.6709938049316 35.6092300415039 35.940055847168 34.6283187866211 34.9563903808594 34.6492195129395 35.1123237609863 36.0000457763672 36.3352279663086 35.1729507446289 36.2473487854004 36.9499168395996 37.0039100646973 36.4569664001465 35.727424621582 36.2508277893066 36.2297897338867 36.749095916748 36.9141426086426 36.6391372680664 36.8194351196289 36.9613571166992 36.994140625 36.9827079772949 36.9181900024414 36.815731048584 36.6420669555664 36.4713096618652 36.3482780456543 36.407886505127 36.4921684265137 36.386547088623 36.3226890563965 36.0776100158691 35.9643287658691 35.8397407531738 35.9542617797852
35.28076171875 35.1259994506836 34.5639953613281 33.8338317871094 32.4506874084473 33.1362113952637 33.7267799377441 33.9007682800293 33.6690483093262 33.252082824707 34.4540710449219 34.4247093200684 35.1861534118652 33.7352104187012 34.459774017334 35.7219848632812 35.6861228942871 35.9953079223633 34.8334007263184 36.5884590148926 37.2732925415039 37.156909942627 36.3065872192383 35.1272811889648 36.2006378173828 36.3441162109375 36.4309997558594 36.8386650085449 37.0096473693848 37.0581970214844 37.0611267089844 37.077091217041 37.0470161437988 36.9603233337402 36.8623085021973 36.7099380493164 36.3245086669922 36.0083618164062 36.1273307800293 36.3714179992676 36.3408851623535 36.3889007568359 36.1530418395996 36.1262054443359 35.8960151672363 35.9102630615234
33.498462677002 34.7169418334961 35.0294647216797 34.804557800293 33.8658790588379 33.2730140686035 33.271800994873 32.9728317260742 33.7964859008789 33.291130065918 33.2847633361816 32.8429374694824 34.5771446228027 35.3047065734863 34.5904541015625 35.475658416748 36.1278495788574 36.623420715332 36.3389053344727 37.2420806884766 37.2266616821289 37.0763511657715 36.4537048339844 35.7168159484863 36.4045829772949 36.6525077819824 36.3794784545898 36.4593620300293 36.549560546875 36.9881553649902 36.8307151794434 37.1188850402832 37.0014953613281 36.9633750915527 36.8807373046875 36.5635070800781 36.478443145752 35.9592704772949 35.7040176391602 36.117561340332 36.2339859008789 36.3199157714844 36.1618423461914 36.2125701904297 36.263671875 36.1167678833008
32.0750389099121 33.0439491271973 34.2977256774902 34.2182273864746 33.4237174987793 32.7013244628906 32.3238296508789 31.7621326446533 32.9197273254395 33.5055084228516 33.0060195922852 33.2247581481934 34.4955940246582 36.1511840820312 35.7005424499512 35.751823425293 35.8725967407227 37.0736541748047 37.149730682373 37.1256065368652 37.0985679626465 36.7992286682129 35.701530456543 35.7466468811035 35.8352317810059 36.3910865783691 36.1467933654785 35.6004486083984 36.1480560302734 37.0721473693848 37.0095634460449 37.1124076843262 37.0726623535156 37.0436058044434 36.917610168457 36.7707710266113 36.7819404602051 36.2409057617188 35.7806358337402 36.0710144042969 35.7854385375977 35.8993492126465 35.6457214355469 36.2223625183105 36.2613220214844 36.2282600402832
31.9565944671631 31.8016052246094 32.5129585266113 33.1373519897461 33.793327331543 31.6128787994385 31.3456039428711 32.1811981201172 32.6771469116211 33.390567779541 33.4068832397461 33.7936363220215 35.3521270751953 36.1220664978027 36.5400581359863 36.6701469421387 36.7804679870605 37.2233390808105 36.8811645507812 36.7175369262695 36.7259216308594 36.3195495605469 36.4806747436523 36.7145729064941 36.7186622619629 36.1765632629395 35.802303314209 36.5958137512207 36.8188362121582 36.7765731811523 36.273265838623 36.8598136901855 36.9975929260254 37.0685119628906 37.0529708862305 36.9615631103516 36.6637840270996 36.3663291931152 36.4327735900879 36.2142105102539 36.0943069458008 35.6062240600586 36.0266304016113 36.2076988220215 36.126277923584 36.0188026428223
32.1349639892578 31.6243591308594 31.9346256256104 32.182559967041 32.7239799499512 31.0415382385254 30.7617435455322 31.1857357025146 32.4848518371582 33.2139625549316 32.7122001647949 33.270866394043 34.1176223754883 35.1549911499023 36.3796081542969 36.0772247314453 37.0268936157227 37.2381324768066 36.594482421875 35.9362258911133 36.4748382568359 36.6392440795898 36.9162635803223 37.1150131225586 37.2051239013672 36.8271598815918 36.8201522827148 37.1295928955078 37.1812400817871 36.5508842468262 36.150260925293 36.6259422302246 36.7191772460938 37.0813827514648 37.1173248291016 37.0553741455078 36.916015625 36.7230377197266 36.3651390075684 35.6828727722168 35.4696273803711 35.3547668457031 35.3819007873535 35.9613876342773 35.9966850280762 36.3331260681152
33.001148223877 32.5756378173828 33.3222503662109 33.1723861694336 32.7896118164062 31.3907127380371 32.1797065734863 31.9251499176025 32.2353668212891 32.8207130432129 32.5463790893555 32.8194427490234 32.9521865844727 34.9810066223145 36.0456390380859 35.4171676635742 36.6960830688477 36.9418563842773 36.6528739929199 35.6659889221191 35.874340057373 36.8224563598633 37.1736221313477 37.2780113220215 37.2859039306641 37.1857032775879 37.1941833496094 37.2896118164062 36.9471321105957 36.3194465637207 36.1893043518066 36.7690238952637 37.1338119506836 37.1616096496582 37.1486892700195 37.1167221069336 37.0734024047852 36.9484405517578 36.7242584228516 35.7259750366211 35.2108612060547 34.5172882080078 35.3387069702148 35.3203239440918 36.0906448364258 36.4052391052246
34.5639457702637 34.418399810791 33.8589553833008 33.8016471862793 33.2958488464355 32.8132095336914 32.5255661010742 31.532693862915 32.1824569702148 31.6798343658447 31.1868515014648 32.5109481811523 32.8450546264648 34.6014175415039 35.4570846557617 34.7937965393066 35.4092292785645 36.071403503418 36.5441665649414 36.4209213256836 36.0074462890625 36.8483352661133 37.2623023986816 37.0679740905762 37.036304473877 36.753532409668 37.1106605529785 37.3191680908203 36.5054550170898 35.7619285583496 36.3215522766113 36.816234588623 37.1191482543945 37.1843414306641 37.1890907287598 37.1319618225098 37.1090888977051 37.0234565734863 36.8535079956055 36.5084419250488 35.9086303710938 35.4736671447754 35.0979042053223 34.9252967834473 35.6643524169922 36.0795097351074
33.5018310546875 33.5081100463867 33.5403823852539 33.1928749084473 32.721607208252 32.9439315795898 32.0602798461914 31.5436592102051 31.0319576263428 31.1210155487061 30.5649833679199 31.4538879394531 31.4508972167969 33.6264572143555 34.5715065002441 33.4924964904785 33.9989204406738 35.3857383728027 36.5214500427246 36.9981689453125 36.5481109619141 37.0796775817871 37.2545928955078 36.8771095275879 36.8556861877441 36.958194732666 37.3577690124512 37.3305015563965 36.8464431762695 36.2613334655762 36.5708999633789 36.8079643249512 37.1771507263184 37.1919708251953 37.1440658569336 37.1082153320312 37.1008987426758 37.0289306640625 36.958553314209 36.7775955200195 36.546760559082 36.0625953674316 35.7231178283691 35.6786651611328 35.8621368408203 36.2085380554199
32.7728157043457 33.0406227111816 32.9324760437012 32.8919219970703 31.9945659637451 32.7952308654785 31.8376350402832 30.6167392730713 30.0567054748535 30.4275646209717 30.1169090270996 30.7643165588379 31.5282287597656 33.366325378418 33.6626358032227 33.3116798400879 35.2455902099609 36.0717620849609 36.7153625488281 37.1301727294922 37.3625297546387 37.4012603759766 37.3347549438477 37.2382888793945 37.0249977111816 37.2766418457031 37.3807258605957 37.2727279663086 36.934944152832 36.3666076660156 36.4295082092285 36.9326667785645 37.1138763427734 36.699089050293 37.0174293518066 37.1076240539551 37.0821304321289 37.0431060791016 36.9980354309082 36.8949279785156 36.6237411499023 35.954719543457 36.2400169372559 36.2680931091309 36.1792106628418 36.1033515930176
32.0789909362793 32.3927841186523 32.2370223999023 32.5168342590332 32.6101722717285 32.6143531799316 32.2436447143555 31.1256732940674 31.2215213775635 31.3242340087891 30.3635864257812 30.1801795959473 31.0858955383301 33.2966537475586 33.7952995300293 34.276798248291 34.3309593200684 35.0834083557129 36.6974754333496 37.2126197814941 37.3690948486328 37.3120956420898 37.1604537963867 37.1022148132324 37.2306671142578 37.2877464294434 37.2553443908691 36.90625 36.0801658630371 36.2282905578613 36.4986000061035 37.1921501159668 36.9481887817383 36.4455795288086 37.0390739440918 36.9676399230957 36.9855995178223 37.0277976989746 36.9361953735352 36.679573059082 36.1535987854004 35.0494956970215 34.8206367492676 35.7128753662109 36.0181846618652 36.2628402709961
32.7745208740234 32.2884635925293 32.1292915344238 32.3048477172852 32.4488487243652 32.3607330322266 31.9040107727051 31.5200958251953 32.1169815063477 31.4168663024902 31.2891998291016 31.2850513458252 32.0780563354492 33.2091979980469 33.3642120361328 34.062442779541 34.9641952514648 35.971809387207 36.776927947998 37.1353645324707 37.4212036132812 37.3865127563477 36.9203948974609 36.6517753601074 36.8448944091797 36.7139358520508 36.8008079528809 36.9444961547852 36.8449096679688 36.8267631530762 37.0837135314941 37.315502166748 36.7626419067383 36.6823234558105 37.1797370910645 36.7255516052246 36.8386116027832 36.7960968017578 36.8553085327148 36.5865058898926 35.3379745483398 34.6952362060547 34.1772956848145 35.7080192565918 36.1851959228516 36.0167274475098
33.205924987793 31.9779949188232 31.9343929290771 32.0555152893066 32.2028503417969 32.0629463195801 32.0891761779785 32.6538925170898 32.2947731018066 31.522274017334 32.6700706481934 33.1281623840332 33.3116226196289 32.6986236572266 32.7245712280273 33.7439079284668 34.9319114685059 36.1153602600098 36.1889228820801 36.8918838500977 37.2880554199219 37.2951164245605 36.8512725830078 36.6240692138672 35.92236328125 36.4087829589844 36.8591957092285 36.9903450012207 37.1938629150391 37.1988868713379 37.3401756286621 37.284252166748 37.249828338623 37.2701454162598 37.2254791259766 36.9991874694824 36.1745262145996 36.6901779174805 36.8500900268555 36.8002700805664 36.7483978271484 35.6482238769531 35.5048179626465 36.6290817260742 36.8650054931641 36.8256568908691
33.2611312866211 32.247371673584 31.8993186950684 31.8290157318115 32.0517578125 31.8617210388184 32.5576324462891 34.1900939941406 33.3344039916992 32.6523323059082 34.4750862121582 35.106273651123 34.7450828552246 32.8464012145996 33.2498588562012 33.3539428710938 35.1697959899902 35.2233848571777 35.101879119873 35.9095573425293 36.9097518920898 37.107063293457 36.8020782470703 36.7841644287109 36.657096862793 36.355297088623 36.4195213317871 36.5461158752441 37.1478843688965 37.1138687133789 37.1721534729004 37.0007171630859 37.1739387512207 37.3003997802734 37.041675567627 37.0113525390625 36.4211311340332 36.5258941650391 36.7575950622559 36.6095352172852 36.9590797424316 36.955207824707 36.8627090454102 36.8935852050781 36.9843101501465 36.8570594787598
32.9721374511719 32.304012298584 32.0909996032715 32.2835426330566 32.220516204834 32.3180046081543 32.7556762695312 34.8500175476074 35.023250579834 33.7353096008301 35.6040878295898 36.467945098877 35.8016929626465 34.6716842651367 34.5992088317871 35.1515007019043 35.7586822509766 36.1673698425293 36.4440803527832 36.7091522216797 36.8851585388184 36.6361541748047 35.4425849914551 35.6828575134277 36.1378479003906 35.8001289367676 35.9885902404785 36.7349395751953 37.0637969970703 37.23974609375 36.2849006652832 36.2649154663086 36.9763374328613 37.235595703125 36.8095512390137 36.8199577331543 36.1219139099121 36.5672569274902 36.7385330200195 36.6058311462402 36.9976501464844 37.066234588623 37.0817565917969 37.0728225708008 37.0160522460938 36.7200508117676
32.9965934753418 32.5875053405762 32.546630859375 32.706127166748 32.905330657959 33.0440139770508 33.8573379516602 35.5165939331055 35.4021606445312 34.9487495422363 36.2453384399414 37.2606086730957 36.4926071166992 35.4437637329102 34.940601348877 36.4891929626465 36.8064193725586 36.9860763549805 37.1612243652344 37.1728706359863 36.769702911377 36.5217552185059 36.6062278747559 36.1039810180664 36.3886337280273 36.7923851013184 36.980640411377 37.0469703674316 37.2289237976074 37.1622695922852 35.7315864562988 36.3604316711426 37.0965843200684 37.0237998962402 36.6419715881348 36.5912475585938 36.4468269348145 36.8875503540039 36.9069175720215 36.9082565307617 36.8685188293457 37.0063285827637 37.0425834655762 37.044994354248 36.9720115661621 36.9130477905273
32.9458312988281 32.6466178894043 33.2070159912109 33.9715347290039 34.0837326049805 34.5386238098145 35.5767555236816 36.1447944641113 35.5765495300293 35.9272766113281 37.2293701171875 37.696662902832 37.1687049865723 36.2184371948242 35.5180282592773 36.4594802856445 36.4473609924316 36.7064819335938 37.3748397827148 37.551342010498 37.245246887207 36.9205169677734 37.2201385498047 37.0289916992188 36.8969039916992 37.3106269836426 37.2023696899414 37.1208534240723 37.3464431762695 37.1406173706055 36.5804061889648 36.9941711425781 37.1457138061523 36.871410369873 36.0474624633789 35.9978790283203 36.2766151428223 36.9061546325684 36.6438446044922 36.618824005127 36.6223754882812 36.8706741333008 36.8468933105469 36.8939323425293 36.7576179504395 36.8582382202148
32.9967498779297 33.1914443969727 34.339225769043 35.0676460266113 35.7341690063477 36.6150894165039 37.2051734924316 36.5456924438477 34.7491836547852 35.3404655456543 36.7339515686035 37.7438087463379 37.327522277832 37.0028343200684 36.1657295227051 37.0501365661621 37.1782188415527 36.6003913879395 37.3042259216309 37.6169738769531 37.5422248840332 37.1221733093262 37.422290802002 37.5066871643066 37.3483200073242 37.4106254577637 37.2226142883301 36.5357818603516 37.2450408935547 37.3675804138184 37.27734375 37.1757125854492 36.8898582458496 36.5857429504395 35.844669342041 35.8791961669922 36.5335235595703 36.4707717895508 36.3393249511719 36.1699256896973 36.281120300293 36.5393180847168 36.3621711730957 36.6672210693359 36.2579460144043 36.5771369934082
