inst/extdata/Tmax/Tmax77.asc
NCOLS 100 
NROWS 79 
XLLCORNER 148.06 
YLLCORNER -21.49 
CELLSIZE 0.01 
NODATA_value -3.4e+38 
[rows 0 to 19 of 79, columns 46 to 91 of 100]
41.2862892150879 41.1316909790039 41.0292320251465 40.9972381591797 40.9519691467285 40.8390274047852 40.9455757141113 40.7953147888184 40.6297988891602 40.4745979309082 40.3825912475586 40.1534271240234 40.0402679443359 40.1438636779785 40.2721214294434 40.1661834716797 40.0217094421387 39.8410682678223 39.5699157714844 39.362476348877 39.1895332336426 -3.4e+38 -3.4e+38 -3.4e+38 -3.4e+38 -3.4e+38 -3.4e+38 -3.4e+38 -3.4e+38 -3.4e+38 -3.4e+38 -3.4e+38 -3.4e+38 -3.4e+38 -3.4e+38 -3.4e+38 -3.4e+38 -3.4e+38 -3.4e+38 -3.4e+38 -3.4e+38 -3.4e+38 -3.4e+38 -3.4e+38 -3.4e+38 -3.4e+38
41.2828903198242 41.0569915771484 40.8668556213379 41.0123710632324 41.089916229248 41.0596389770508 40.993522644043 40.8910713195801 40.6248741149902 40.281307220459 40.3394355773926 39.9242858886719 40.2346534729004 40.3924026489258 40.3265113830566 40.2158966064453 40.0858840942383 39.9344749450684 39.7386283874512 39.6083030700684 39.4817123413086 39.3194847106934 -3.4e+38 -3.4e+38 -3.4e+38 -3.4e+38 -3.4e+38 -3.4e+38 -3.4e+38 -3.4e+38 -3.4e+38 -3.4e+38 -3.4e+38 -3.4e+38 -3.4e+38 -3.4e+38 -3.4e+38 -3.4e+38 -3.4e+38 -3.4e+38 -3.4e+38 -3.4e+38 -3.4e+38 -3.4e+38 -3.4e+38 -3.4e+38
41.2523803710938 40.6953201293945 40.0558815002441 41.0156707763672 41.1171112060547 41.0923881530762 41.0445976257324 40.9699783325195 40.7761650085449 40.3297119140625 40.3603210449219 40.4122276306152 40.4197731018066 40.473331451416 40.4008369445801 40.2900009155273 40.1782836914062 40.0582809448242 39.9175109863281 39.7141494750977 39.6375350952148 39.4402198791504 39.1825180053711 38.8676948547363 -3.4e+38 -3.4e+38 -3.4e+38 -3.4e+38 -3.4e+38 -3.4e+38 -3.4e+38 -3.4e+38 -3.4e+38 -3.4e+38 -3.4e+38 -3.4e+38 -3.4e+38 -3.4e+38 -3.4e+38 -3.4e+38 -3.4e+38 -3.4e+38 -3.4e+38 -3.4e+38 -3.4e+38 -3.4e+38
40.9666709899902 40.9824371337891 40.1686935424805 40.9475021362305 41.0488014221191 41.0538787841797 41.0581855773926 40.9546127319336 40.8275337219238 40.5610694885254 40.4550285339355 40.2355461120605 40.4330024719238 40.4751853942871 40.4442367553711 40.3372421264648 40.2515716552734 40.156665802002 40.0148620605469 39.7134399414062 39.5276336669922 39.4659271240234 39.3471832275391 39.2188873291016 39.0203857421875 38.5966377258301 -3.4e+38 -3.4e+38 -3.4e+38 -3.4e+38 -3.4e+38 -3.4e+38 -3.4e+38 -3.4e+38 -3.4e+38 -3.4e+38 -3.4e+38 -3.4e+38 -3.4e+38 -3.4e+38 -3.4e+38 -3.4e+38 -3.4e+38 -3.4e+38 -3.4e+38 -3.4e+38
40.9764442443848 40.965389251709 40.0645446777344 40.2072486877441 40.7456550598145 41.0630340576172 41.083381652832 40.9509162902832 40.8927612304688 40.6394271850586 40.4015197753906 40.2270622253418 39.9146347045898 40.3197631835938 40.4466514587402 40.3501853942871 40.3281631469727 40.2503967285156 40.0390663146973 39.4704284667969 39.0558547973633 39.5164108276367 39.5099830627441 39.4033508300781 39.1360626220703 38.8089599609375 -3.4e+38 -3.4e+38 -3.4e+38 -3.4e+38 -3.4e+38 -3.4e+38 -3.4e+38 -3.4e+38 -3.4e+38 -3.4e+38 -3.4e+38 -3.4e+38 -3.4e+38 -3.4e+38 -3.4e+38 -3.4e+38 -3.4e+38 -3.4e+38 -3.4e+38 -3.4e+38
40.3809776306152 40.8872413635254 39.7311019897461 39.2274436950684 40.5046119689941 41.1294746398926 41.0491218566895 40.9732666015625 40.8982963562012 40.580680847168 39.8972549438477 39.617561340332 39.820384979248 40.4334754943848 40.327033996582 40.4030494689941 40.3930778503418 40.2993621826172 40.1859893798828 39.6951522827148 39.1298942565918 39.129711151123 39.4303665161133 39.3993949890137 39.2967414855957 39.1436920166016 -3.4e+38 -3.4e+38 -3.4e+38 -3.4e+38 -3.4e+38 -3.4e+38 -3.4e+38 -3.4e+38 -3.4e+38 -3.4e+38 -3.4e+38 -3.4e+38 -3.4e+38 -3.4e+38 -3.4e+38 -3.4e+38 -3.4e+38 -3.4e+38 -3.4e+38 -3.4e+38
39.725902557373 40.8881416320801 40.4058456420898 40.3145027160645 40.9751663208008 41.1211471557617 40.9675445556641 40.8545951843262 40.9206428527832 40.5490531921387 40.0034561157227 39.9592590332031 40.3899421691895 40.4375762939453 39.7522239685059 40.3381614685059 40.3353157043457 40.2913703918457 40.2671203613281 40.0290718078613 39.7198600769043 39.4789237976074 39.5705604553223 39.3376274108887 39.4404335021973 39.3950271606445 39.2405433654785 38.9387550354004 -3.4e+38 -3.4e+38 -3.4e+38 -3.4e+38 -3.4e+38 -3.4e+38 -3.4e+38 -3.4e+38 -3.4e+38 -3.4e+38 -3.4e+38 -3.4e+38 -3.4e+38 -3.4e+38 -3.4e+38 -3.4e+38 -3.4e+38 -3.4e+38
39.1145477294922 40.9265251159668 41.2099914550781 41.0442962646484 40.2943916320801 40.4511108398438 40.860897064209 40.928409576416 40.9977836608887 40.8306503295898 40.5234718322754 40.1889991760254 40.1697235107422 40.2851448059082 39.9281578063965 40.3799018859863 39.8365325927734 39.7648887634277 40.2111663818359 40.25 40.0892562866211 39.8600883483887 39.7305183410645 39.7071800231934 39.6302909851074 39.5497627258301 39.3366737365723 39.1340675354004 38.8265342712402 38.3862037658691 38.3532562255859 -3.4e+38 -3.4e+38 -3.4e+38 -3.4e+38 -3.4e+38 -3.4e+38 -3.4e+38 -3.4e+38 -3.4e+38 -3.4e+38 -3.4e+38 -3.4e+38 -3.4e+38 -3.4e+38 -3.4e+38
39.078182220459 40.5992469787598 41.2352256774902 41.1227149963379 40.4806098937988 39.3398132324219 40.3147888183594 41.0074615478516 41.0203285217285 40.9042510986328 40.7658004760742 40.5452003479004 40.5204238891602 40.3599052429199 39.9495697021484 39.8652534484863 39.519905090332 40.0271759033203 40.1956405639648 40.1971015930176 40.157356262207 39.8623809814453 39.5386276245117 39.2626724243164 39.6876068115234 39.6524467468262 39.4950103759766 39.3105354309082 39.1561698913574 38.696460723877 38.4377517700195 38.5052604675293 -3.4e+38 -3.4e+38 -3.4e+38 -3.4e+38 -3.4e+38 -3.4e+38 -3.4e+38 -3.4e+38 -3.4e+38 -3.4e+38 -3.4e+38 -3.4e+38 -3.4e+38 -3.4e+38
39.8088226318359 40.6218147277832 41.1612777709961 41.1208229064941 41.0675048828125 40.0448760986328 40.2377395629883 40.9610786437988 41.0444488525391 40.9252624511719 40.7565231323242 40.5407485961914 40.4152450561523 40.4524307250977 39.9413833618164 39.6883850097656 39.5911331176758 40.3484077453613 40.19677734375 39.9408798217773 40.1667251586914 40.0920524597168 39.9084968566895 39.6190910339355 39.8366394042969 39.7373542785645 39.571403503418 39.5427360534668 39.3571548461914 39.0424041748047 38.5526123046875 38.5368118286133 -3.4e+38 -3.4e+38 -3.4e+38 -3.4e+38 -3.4e+38 -3.4e+38 -3.4e+38 -3.4e+38 -3.4e+38 -3.4e+38 -3.4e+38 -3.4e+38 -3.4e+38 -3.4e+38
39.1023063659668 40.5206031799316 40.7719612121582 40.5832939147949 40.805736541748 40.9648933410645 40.7267761230469 40.9998626708984 41.0340347290039 40.9275856018066 40.7786521911621 40.6164665222168 40.4364318847656 40.6506271362305 40.5029335021973 40.4017715454102 40.4072074890137 40.5108757019043 40.4658126831055 40.0482368469238 39.6833686828613 40.105110168457 40.1810264587402 39.7806091308594 39.7374420166016 39.5856513977051 39.5088882446289 39.6467895507812 39.4573631286621 39.1588897705078 -3.4e+38 -3.4e+38 -3.4e+38 -3.4e+38 -3.4e+38 -3.4e+38 -3.4e+38 -3.4e+38 -3.4e+38 -3.4e+38 -3.4e+38 -3.4e+38 -3.4e+38 -3.4e+38 -3.4e+38 -3.4e+38
38.5796241760254 39.348258972168 39.5856742858887 39.3519134521484 40.1340141296387 40.6080055236816 40.8497047424316 41.0175094604492 40.982780456543 40.8888244628906 40.7301406860352 40.5636367797852 40.4227180480957 40.8278350830078 40.7848052978516 40.6523590087891 40.6199417114258 40.6432418823242 40.6313552856445 40.5229988098145 40.2214660644531 40.0312690734863 40.2469863891602 40.067440032959 39.8493423461914 39.8761520385742 39.8312454223633 39.5802574157715 39.4176292419434 39.2034339904785 -3.4e+38 -3.4e+38 -3.4e+38 -3.4e+38 -3.4e+38 -3.4e+38 -3.4e+38 -3.4e+38 -3.4e+38 -3.4e+38 -3.4e+38 -3.4e+38 -3.4e+38 -3.4e+38 -3.4e+38 -3.4e+38
38.6031646728516 37.7737274169922 37.2474021911621 37.3396797180176 39.0796432495117 39.4989547729492 40.4378814697266 40.6752853393555 40.8763694763184 40.7628784179688 40.5779838562012 40.7838821411133 40.7525329589844 40.6453704833984 40.9211845397949 40.8708305358887 40.7891616821289 40.7577667236328 40.7286491394043 40.6782989501953 40.6042213439941 40.5047378540039 40.3571624755859 40.2673721313477 40.0037460327148 40.0040626525879 39.9264755249023 39.6689872741699 39.4053802490234 39.237964630127 39.0359764099121 38.7110023498535 -3.4e+38 -3.4e+38 -3.4e+38 -3.4e+38 -3.4e+38 -3.4e+38 -3.4e+38 -3.4e+38 -3.4e+38 -3.4e+38 -3.4e+38 -3.4e+38 -3.4e+38 -3.4e+38
38.627010345459 37.957145690918 37.2011947631836 36.74560546875 37.2195472717285 37.8913688659668 39.4381332397461 40.3639678955078 40.8783988952637 40.7202987670898 40.3262100219727 40.7408294677734 40.9423828125 40.9415397644043 40.9200439453125 40.9025459289551 40.8849449157715 40.8411979675293 40.790412902832 40.7295570373535 40.6646575927734 40.573184967041 40.472728729248 40.3644523620605 40.1463584899902 40.1156616210938 39.9898071289062 39.7822074890137 39.5410232543945 39.4188499450684 39.3001556396484 39.1269493103027 38.8046989440918 -3.4e+38 -3.4e+38 -3.4e+38 -3.4e+38 38.2818756103516 38.2732086181641 -3.4e+38 -3.4e+38 -3.4e+38 -3.4e+38 -3.4e+38 -3.4e+38 -3.4e+38
39.1336517333984 38.0504875183105 37.3042182922363 36.9776306152344 37.4095420837402 37.1941566467285 38.1615409851074 39.554615020752 40.55810546875 40.8106422424316 39.9687652587891 40.5750198364258 40.8645553588867 40.5013885498047 40.531551361084 40.7965469360352 40.8352966308594 40.8505821228027 40.7770690917969 40.6481132507324 40.6325798034668 40.5506248474121 40.5065269470215 40.4232749938965 40.3193626403809 40.171817779541 40.0430335998535 39.8873825073242 39.735767364502 39.6148490905762 39.5294303894043 39.3476181030273 38.9755516052246 -3.4e+38 -3.4e+38 -3.4e+38 -3.4e+38 38.3778228759766 38.3139457702637 38.3869285583496 38.3503608703613 38.203742980957 -3.4e+38 -3.4e+38 -3.4e+38 -3.4e+38
39.119571685791 38.0480537414551 37.356803894043 37.7085990905762 37.5148887634277 37.8325576782227 37.6097030639648 38.7630844116211 40.4392395019531 40.9474487304688 40.1580924987793 40.0997352600098 40.6732330322266 39.2449989318848 39.9891548156738 40.2467231750488 40.6135749816895 40.8486099243164 40.7963714599609 40.6926689147949 40.6482048034668 40.5874481201172 40.5485153198242 40.4659614562988 40.370059967041 40.1526107788086 40.0835151672363 39.9854125976562 39.894603729248 39.8102684020996 39.6764717102051 39.4940490722656 39.2793235778809 -3.4e+38 -3.4e+38 38.976432800293 38.7352066040039 38.459716796875 38.3460311889648 38.1760292053223 38.2372093200684 38.3402290344238 -3.4e+38 -3.4e+38 -3.4e+38 -3.4e+38
37.9954147338867 36.9334678649902 36.8759536743164 37.9354400634766 38.2017784118652 38.1110610961914 37.7475051879883 38.0276679992676 39.8968276977539 40.83544921875 40.8207054138184 40.1765251159668 40.532470703125 39.4697380065918 39.4492416381836 39.4720840454102 40.418384552002 40.8610572814941 40.8308219909668 40.8013725280762 40.761474609375 40.6770095825195 40.5984230041504 40.3878517150879 40.3440475463867 40.2209815979004 40.1610298156738 40.1073150634766 40.03759765625 39.9223365783691 39.7939147949219 39.6521492004395 39.5133209228516 -3.4e+38 39.2990646362305 39.2531661987305 39.1470222473145 -3.4e+38 38.4646797180176 -3.4e+38 38.2220649719238 -3.4e+38 -3.4e+38 -3.4e+38 -3.4e+38 -3.4e+38
37.9874153137207 36.7569465637207 36.1314659118652 38.2908935546875 38.4466247558594 37.8937683105469 37.5561790466309 37.645191192627 38.9056167602539 40.6565132141113 40.7139434814453 40.3691558837891 40.4268951416016 40.4765205383301 39.9500312805176 40.7322769165039 40.8580894470215 40.8926429748535 40.8794059753418 40.8309478759766 40.7884216308594 40.7196960449219 40.6516494750977 40.5456237792969 40.4916381835938 40.4011001586914 40.3237991333008 40.2454605102539 40.1213035583496 40.0465698242188 39.9411888122559 39.8336334228516 39.7296447753906 39.6277847290039 39.5539779663086 39.5149955749512 39.3281631469727 -3.4e+38 -3.4e+38 -3.4e+38 -3.4e+38 -3.4e+38 -3.4e+38 38.3389129638672 -3.4e+38 -3.4e+38
39.4778518676758 39.1968612670898 37.3860092163086 38.6416320800781 37.3896064758301 37.3759994506836 37.725944519043 37.9570465087891 39.6062126159668 40.6456871032715 40.4006576538086 39.9086799621582 40.5288429260254 40.794059753418 40.8331108093262 40.8438301086426 40.891902923584 40.6281509399414 40.7009773254395 40.7776756286621 40.7235565185547 40.7065048217773 40.6717109680176 40.6092071533203 40.5469665527344 40.4751396179199 40.4068298339844 40.2662582397461 39.9888916015625 40.0277671813965 40.0433311462402 39.9770469665527 39.8957138061523 39.7951164245605 39.7298049926758 39.6312599182129 39.4596099853516 39.2947120666504 39.1440582275391 39.0437850952148 39.0142288208008 38.8767051696777 38.584774017334 38.3527069091797 -3.4e+38 -3.4e+38
39.5619888305664 38.8491363525391 39.3642082214355 39.1902198791504 38.0036125183105 38.0150375366211 37.6744766235352 37.8312377929688 39.458683013916 40.4466743469238 40.7276954650879 40.525089263916 40.7445373535156 40.9203033447266 40.7947006225586 40.6631317138672 40.7656593322754 40.5367813110352 40.3842391967773 40.4744606018066 40.6708717346191 40.6770057678223 40.6525955200195 40.6371612548828 40.5984535217285 40.5381355285645 40.4583549499512 40.2788505554199 40.0476455688477 40.1397438049316 40.0787620544434 40.0951843261719 39.9775428771973 39.9006652832031 39.8342437744141 39.6893005371094 39.567684173584 39.4725112915039 39.3920745849609 39.3237686157227 39.2689590454102 39.1163368225098 38.7524719238281 38.3204574584961 38.3261489868164 -3.4e+38
