inst/extdata/Tmax/Tmax89.asc
NCOLS 100 
NROWS 79 
XLLCORNER 148.06 
YLLCORNER -21.49 
CELLSIZE 0.01 
NODATA_value -3.4e+38 
[rows 0 to 19 of 79, columns 0 to 45 of 100]
36.627422332763700 36.3526077270508 35.571662902832 35.8706512451172 35.9903335571289 36.3428840637207 36.5132751464844 36.6558074951172 36.6225509643555 36.4788513183594 36.091381072998 35.9302825927734 35.8663558959961 34.8677368164062 35.2653121948242 35.6086120605469 35.9310302734375 35.9061126708984 35.249885559082 34.7147483825684 34.6006126403809 33.852668762207 34.2040481567383 35.2404899597168 35.6524124145508 35.8548545837402 35.7609519958496 35.8003158569336 35.549690246582 35.254077911377 34.5535774230957 33.0478210449219 34.086311340332 34.0208625793457 33.0519714355469 32.1528167724609 32.0714950561523 31.7651901245117 32.3994293212891 33.924633026123 35.221607208252 35.5664901733398 36.4425315856934 36.8621711730957 37.0931854248047 37.2748718261719
36.482738494873 36.0592956542969 35.4378318786621 35.5169944763184 35.0557518005371 35.8067207336426 36.2851638793945 36.5577278137207 36.6679000854492 36.5700302124023 36.2883720397949 36.0378646850586 36.1338500976562 35.7911643981934 35.6585693359375 35.5676574707031 35.9119148254395 35.9378433227539 35.1292991638184 34.6481246948242 35.0786018371582 34.881908416748 34.7946395874023 35.1554183959961 35.5362319946289 35.6855888366699 35.9203567504883 35.8782844543457 35.7063064575195 35.5346527099609 34.8564910888672 33.7296447753906 34.6851501464844 34.3521995544434 33.8092803955078 33.0235061645508 32.672061920166 32.9825630187988 33.8697319030762 34.7816429138184 36.3908386230469 36.9113311767578 37.0947761535645 37.1270751953125 37.2228965759277 37.3037185668945
36.4832000732422 35.818920135498 35.9181938171387 36.0279960632324 35.6541519165039 35.7545013427734 36.0998306274414 36.579174041748 36.7333908081055 36.6201210021973 36.3801307678223 36.2798347473145 36.2066650390625 36.1637649536133 35.9159889221191 35.7955207824707 35.9768447875977 36.1037788391113 35.6330375671387 35.4793739318848 35.3615493774414 35.1032905578613 34.9179039001465 35.0209274291992 35.7154273986816 35.9365539550781 35.8088874816895 35.792839050293 35.792537689209 35.5404815673828 35.5873184204102 34.7939491271973 34.9948196411133 33.9899101257324 33.7447204589844 33.2244148254395 32.8081092834473 32.4153671264648 33.275821685791 34.268138885498 35.5342864990234 36.7460823059082 37.1599617004395 37.272045135498 37.2828788757324 37.2625427246094
36.6640815734863 36.3768043518066 36.0982437133789 36.6247901916504 36.1934432983398 35.8408699035645 36.1680221557617 36.6511917114258 36.7972259521484 36.682991027832 36.561408996582 36.5365982055664 36.449348449707 36.3126640319824 35.9520835876465 35.8122253417969 36.1189384460449 36.1601638793945 35.9776191711426 35.5922813415527 35.3288230895996 35.0266532897949 35.0949401855469 35.0681495666504 35.556640625 35.9185676574707 35.6239967346191 35.846752166748 35.696346282959 35.0178718566895 35.4796524047852 35.5485687255859 34.9376182556152 33.9116020202637 33.4441871643066 32.7224922180176 32.9640846252441 32.5536766052246 32.461971282959 32.0660591125488 33.3655700683594 35.8237838745117 36.9409141540527 37.2346420288086 36.9740104675293 36.890323638916
37.146800994873 36.6791381835938 36.4759864807129 36.8298263549805 36.6315612792969 36.0856628417969 36.1252975463867 36.6810455322266 36.8107604980469 36.491569519043 36.4970703125 36.6796035766602 36.5740737915039 36.338020324707 36.0324630737305 36.1649971008301 36.2404670715332 36.0233039855957 35.6398963928223 35.0308570861816 35.187686920166 35.338249206543 35.4490737915039 35.6148490905762 35.6230049133301 35.3497619628906 35.9721374511719 35.6517791748047 35.5451583862305 35.1413497924805 35.4416542053223 35.3020133972168 35.049617767334 34.2379493713379 33.8149566650391 34.078971862793 33.8335113525391 33.3833503723145 32.9377708435059 32.3252105712891 32.0531959533691 34.8862800598145 36.6019821166992 37.1282920837402 36.364372253418 35.5723342895508
37.2825546264648 37.0739784240723 36.4727821350098 36.8496322631836 36.914119720459 36.5555877685547 36.321704864502 36.717212677002 36.8585662841797 36.6110458374023 36.5174713134766 36.756275177002 36.6227378845215 36.3877639770508 35.8307838439941 36.266242980957 36.2030296325684 35.8250923156738 35.368293762207 35.0219573974609 35.1096839904785 35.3352584838867 35.6018981933594 35.6041297912598 35.8551368713379 35.7670288085938 35.841796875 35.2082672119141 35.2085762023926 34.3107452392578 34.9279708862305 35.3382034301758 35.4209136962891 35.1497917175293 34.860954284668 34.8121643066406 34.1272048950195 33.7250518798828 33.4577026367188 32.7778778076172 32.3672943115234 34.5457000732422 36.4721260070801 37.0822105407715 36.5470161437988 34.3731536865234
37.4535827636719 37.2325172424316 36.9077377319336 37.0585975646973 37.0175323486328 36.6928100585938 36.1389579772949 36.6288909912109 36.7948875427246 36.9179725646973 36.8685073852539 36.7411613464355 36.3738136291504 36.4734344482422 36.4498100280762 36.3289985656738 36.1702575683594 35.6967506408691 35.5201797485352 35.2685279846191 34.7824745178223 34.9673042297363 35.370059967041 35.702205657959 36.0041580200195 35.9438896179199 35.967414855957 35.514087677002 35.2139549255371 34.2100448608398 34.2210540771484 34.3320922851562 35.1418151855469 35.2875862121582 34.9081840515137 34.8211288452148 34.3556098937988 33.195255279541 33.4054374694824 33.0398254394531 32.910816192627 34.403491973877 36.2308769226074 36.817066192627 36.5993156433105 34.7418670654297
37.4633712768555 37.3826713562012 37.1384201049805 37.1668739318848 37.1339416503906 36.9038963317871 36.4006805419922 36.2943992614746 36.5705604553223 36.8739395141602 36.9720993041992 36.7243232727051 36.1404876708984 36.3374328613281 36.5405693054199 35.9474220275879 35.9125595092773 35.2631988525391 35.204475402832 35.0093879699707 34.4428405761719 34.8582458496094 35.2348747253418 35.7149467468262 36.1230697631836 36.1372337341309 35.7918281555176 35.416561126709 35.2684860229492 34.6257629394531 33.513484954834 33.7739219665527 34.0684700012207 34.5793075561523 34.9117851257324 34.4086799621582 34.4828796386719 33.744800567627 32.902645111084 33.1542167663574 33.342456817627 34.3012161254883 35.2045936584473 36.4316368103027 36.4131126403809 34.4891662597656
37.2533187866211 37.4579277038574 37.3206634521484 37.2805290222168 37.1668319702148 36.9521179199219 36.6420631408691 36.2361259460449 36.3936157226562 36.8516044616699 36.9935035705566 36.9545249938965 36.7736549377441 36.6444435119629 36.330436706543 35.672721862793 35.8486251831055 35.6389541625977 35.7615242004395 34.972900390625 34.9794502258301 34.8615341186523 34.9543571472168 35.5412406921387 36.0509071350098 36.2118034362793 35.4294242858887 34.6869621276855 34.7677459716797 34.6951713562012 34.1985740661621 33.7383880615234 33.3780746459961 33.7809791564941 34.5621185302734 34.0506477355957 33.8641090393066 33.8295097351074 33.0326080322266 32.7659645080566 32.9626693725586 33.0641479492188 33.843692779541 35.2664451599121 35.8570747375488 34.5635414123535
36.9999771118164 37.3763999938965 37.4436531066895 37.3207588195801 37.1407432556152 37.0370140075684 36.8689651489258 36.4650039672852 36.1788749694824 36.782886505127 36.9955024719238 36.6501655578613 36.0242958068848 36.0871772766113 36.1826515197754 36.1651306152344 36.2033081054688 36.0790176391602 35.901912689209 35.6361312866211 35.3591232299805 34.8225784301758 35.1161422729492 35.8416862487793 36.2353706359863 36.1505012512207 35.5516014099121 35.4212913513184 34.9911346435547 34.5578155517578 33.4978981018066 33.1826095581055 34.1079292297363 33.9948844909668 33.8249092102051 33.6318740844727 33.4591674804688 33.7170181274414 33.2602729797363 32.6311264038086 32.6678199768066 32.222900390625 32.9493064880371 33.9414596557617 34.2212677001953 33.7145576477051
36.7137184143066 37.0031585693359 37.4599647521973 37.3772201538086 37.2618598937988 37.1906585693359 37.0298500061035 36.7035942077637 36.6930160522461 36.9035186767578 37.0338745117188 36.7079124450684 36.4172630310059 35.7652549743652 35.9215354919434 36.1794815063477 36.2994918823242 36.477367401123 36.0867080688477 35.9176063537598 35.5727882385254 35.2641944885254 35.3339805603027 35.8314323425293 36.214656829834 36.1370887756348 35.544361114502 34.9054374694824 34.0515747070312 34.0567512512207 33.7539825439453 33.7198486328125 34.461799621582 34.2495040893555 33.4877510070801 33.2768402099609 33.6963653564453 33.4582977294922 33.1397743225098 32.6757698059082 32.7307510375977 32.5308380126953 32.2625770568848 32.8865699768066 33.268138885498 33.5495185852051
36.5689926147461 36.6391410827637 37.4309844970703 37.4344825744629 37.361930847168 37.2544136047363 37.1118621826172 36.8179740905762 36.8561935424805 37.1193618774414 37.0754776000977 36.9120826721191 36.5909423828125 36.1595840454102 36.0741195678711 36.3478927612305 36.6323204040527 36.6283912658691 36.4028015136719 36.0012702941895 35.5622406005859 35.2839241027832 35.4315757751465 35.5695266723633 35.7655906677246 36.065788269043 35.225212097168 34.5467720031738 34.0303039550781 34.2428779602051 34.3076362609863 34.2491836547852 34.6157379150391 34.1657066345215 33.9573974609375 33.8883094787598 33.5346374511719 33.0380630493164 33.4955101013184 33.7002220153809 33.3337898254395 32.9610252380371 32.5399971008301 32.9308204650879 33.3926277160645 33.7475166320801
36.7230262756348 37.181697845459 37.4321708679199 37.4007873535156 37.4149055480957 37.3331985473633 37.2189254760742 36.888355255127 36.9696159362793 37.2494277954102 37.0770874023438 37.0253791809082 36.8384475708008 36.906852722168 36.8242073059082 36.8114204406738 36.8307037353516 36.7647895812988 36.5708122253418 36.1141090393066 35.879753112793 36.033878326416 36.2699737548828 36.4801826477051 36.3561325073242 35.9907341003418 35.8232955932617 35.4084968566895 35.0974044799805 34.9442481994629 35.006404876709 34.8407859802246 34.7643127441406 34.2746543884277 33.7973747253418 33.4170532226562 32.9684600830078 33.926628112793 34.1809997558594 34.1411819458008 32.9951553344727 32.9458808898926 32.5567588806152 32.3476066589355 33.4600410461426 33.9538612365723
37.1194648742676 37.3199996948242 37.3826179504395 37.3144111633301 37.331901550293 37.3792915344238 37.3383026123047 37.2349891662598 37.0544815063477 37.1810989379883 37.1582984924316 37.1055679321289 36.9957695007324 36.9093742370605 36.8187561035156 36.7544250488281 36.8918647766113 36.8194122314453 36.6977653503418 36.6028213500977 36.5172843933105 36.4950523376465 36.3206062316895 36.4291839599609 36.0465927124023 35.1669769287109 35.1305732727051 34.7817497253418 34.3091163635254 34.9861602783203 35.233470916748 35.2125854492188 34.5724716186523 34.3173141479492 34.2206802368164 34.1781959533691 34.1733436584473 33.9121437072754 34.4549789428711 34.7566032409668 34.3173599243164 33.9402198791504 33.3999214172363 32.9570770263672 33.8652610778809 34.3070411682129
36.4375495910645 36.961181640625 37.352424621582 37.2952537536621 37.1894645690918 37.2819633483887 37.2551460266113 37.1100654602051 36.7422065734863 36.7889289855957 37.0891456604004 36.9290733337402 36.4684181213379 36.6222839355469 36.7901725769043 36.3082275390625 36.7018852233887 36.8707466125488 36.830150604248 36.7901306152344 36.7449798583984 36.3989143371582 35.8442726135254 36.1930999755859 36.0494766235352 35.8186798095703 35.7622337341309 35.4779777526855 35.1690826416016 35.4020462036133 35.3699836730957 35.1571159362793 34.7795791625977 34.9947700500488 34.9683227539062 34.1699485778809 34.6613121032715 33.9443435668945 34.2273979187012 34.8875312805176 34.8766174316406 34.6685791015625 34.0317420959473 33.33935546875 33.8866539001465 34.5510177612305
35.6727867126465 36.5738677978516 37.2447814941406 37.3643455505371 37.3092041015625 37.2911567687988 37.2110748291016 37.1171264648438 36.929817199707 36.4816856384277 36.1365242004395 36.7982025146484 36.0703239440918 35.806468963623 36.5778045654297 36.2690925598145 36.2619934082031 36.6799545288086 36.7099266052246 36.7156829833984 36.7290077209473 36.7175827026367 36.6011123657227 36.3997955322266 36.0380744934082 35.7102012634277 35.7330856323242 35.6899299621582 35.646354675293 35.4942283630371 35.3538246154785 35.0172729492188 34.7873344421387 35.3411827087402 35.2421379089355 35.0182991027832 35.0394973754883 34.5617256164551 34.272029876709 34.8562545776367 35.0284652709961 34.5043716430664 33.4397583007812 32.5416603088379 32.9274940490723 34.3846397399902
36.5456199645996 36.4126892089844 36.9353675842285 37.1063537597656 37.3098945617676 37.287181854248 37.1939926147461 37.0763816833496 36.9455223083496 36.6959075927734 36.1393661499023 36.5159187316895 35.6131744384766 35.4092254638672 36.0641288757324 35.9460525512695 35.3697624206543 36.3232879638672 36.3241767883301 36.3131866455078 36.5427169799805 36.6923751831055 36.6124458312988 36.2478904724121 35.5347938537598 35.0527687072754 34.7363395690918 35.0301818847656 35.5063934326172 35.0256080627441 34.8499336242676 34.227424621582 34.8327598571777 35.551815032959 35.4014167785645 35.2440147399902 35.296142578125 34.9407157897949 34.6387176513672 34.8866119384766 35.0638236999512 34.135139465332 33.3128089904785 33.5850372314453 33.894947052002 34.4072952270508
36.6686706542969 36.984920501709 37.0610389709473 37.0785636901855 37.2079849243164 37.2630844116211 37.219841003418 37.1515922546387 37.0207328796387 36.6275062561035 36.2926712036133 35.9797859191895 35.6417541503906 35.3430824279785 35.7902793884277 35.676383972168 35.7082710266113 35.5659790039062 35.3589248657227 35.3511352539062 36.3406867980957 36.5859375 36.5743064880371 36.4887084960938 35.9897727966309 35.0290412902832 33.8790130615234 34.5728302001953 35.2528038024902 34.469409942627 34.7912292480469 35.2898368835449 35.5428123474121 35.7788391113281 35.7114448547363 35.5507125854492 35.1640739440918 34.4812660217285 34.868106842041 35.0669097900391 35.3415985107422 35.0631408691406 34.9490432739258 34.9392585754395 34.9074554443359 34.4594802856445
36.8735580444336 36.872444152832 36.7519264221191 36.8461227416992 37.2437553405762 37.1580085754395 37.1828498840332 37.1746253967285 37.0999755859375 36.8012275695801 35.8593826293945 35.9454154968262 35.5876884460449 34.6609191894531 35.2783317565918 35.0936088562012 34.963939666748 34.4041633605957 35.1009559631348 35.4168319702148 36.3411865234375 36.3749694824219 36.4975776672363 36.5919990539551 35.8771018981934 34.9957237243652 34.0556945800781 34.7088508605957 35.2225189208984 34.821647644043 35.2372055053711 35.6177062988281 35.9420967102051 35.9532127380371 35.594165802002 35.3850212097168 35.0984230041504 34.8845710754395 35.3274192810059 35.4061164855957 35.4468193054199 35.3908767700195 35.2995719909668 34.7733612060547 34.092887878418 34.0838203430176
36.9980506896973 36.9990768432617 36.9894676208496 36.8742752075195 37.2556419372559 37.2602615356445 37.2199592590332 37.1774215698242 37.1245574951172 37.0440330505371 36.7698173522949 36.1544876098633 35.4617652893066 34.491268157959 34.7608795166016 34.7368431091309 34.3890113830566 34.6341285705566 34.8466606140137 35.7034873962402 36.3615112304688 36.0246734619141 36.6179275512695 36.4946441650391 36.005786895752 35.8116912841797 34.9423179626465 35.0409317016602 35.3345069885254 35.1982917785645 35.7061157226562 35.6925392150879 36.0637092590332 36.0113525390625 35.8939628601074 35.698184967041 35.0227966308594 35.1695556640625 35.3922500610352 35.3957138061523 35.4316520690918 35.3275947570801 35.2763786315918 34.8648223876953 34.8126678466797 34.7248115539551
