inst/extdata/Tmax/Tmax39.asc
NCOLS 100 
NROWS 79 
XLLCORNER 148.06 
YLLCORNER -21.49 
CELLSIZE 0.01 
NODATA_value -3.4e+38 
[rows 20 to 39 of 79, columns 46 to 91 of 100]
17.0700588226318 15.332709312439 14.9833040237427 16.2239685058594 15.8794984817505 15.5054454803467 14.4348134994507 13.4018564224243 15.6127777099609 17.4832572937012 18.3001708984375 18.5886974334717 18.4815139770508 19.2662029266357 18.1677875518799 18.6669807434082 18.9128170013428 19.4507026672363 20.7123489379883 20.5446472167969 22.3742237091064 24.5214805603027 25.6307678222656 25.3120613098145 23.8177242279053 24.1997528076172 24.926815032959 23.4180374145508 22.4733047485352 23.3391265869141 22.5600738525391 23.3024444580078 23.6844100952148 24.5245876312256 24.2393207550049 22.8140144348145 22.213228225708 22.0806140899658 23.4988327026367 24.8391208648682 23.8628444671631 24.3840427398682 23.4927272796631 23.1135635375977 23.2823467254639 24.0265522003174
19.56325340271 14.42578125 13.9309034347534 15.1659784317017 14.9006462097168 14.1908798217773 15.1222562789917 13.672568321228 14.5703163146973 16.9302444458008 19.2600536346436 16.6566638946533 16.0193557739258 18.4590930938721 16.7825698852539 16.7477874755859 17.7231998443604 19.4960479736328 19.3089580535889 20.0081901550293 22.5923538208008 24.9525527954102 19.677131652832 19.4795513153076 22.8660278320312 24.5186519622803 25.7348861694336 22.2385311126709 23.0946884155273 21.975305557251 22.3670349121094 22.3278293609619 22.8978881835938 22.3243980407715 23.8748512268066 23.657751083374 23.5379447937012 23.7609481811523 22.9219703674316 26.0914936065674 24.8273086547852 23.5739154815674 22.3613719940186 21.6315765380859 20.9042053222656 21.1665821075439
20.5550727844238 16.5196762084961 15.0759181976318 14.7655830383301 13.9001817703247 14.8971834182739 14.1834850311279 14.7324981689453 14.0106039047241 14.8418741226196 17.2853336334229 17.7492046356201 16.362979888916 16.4419593811035 16.253381729126 16.9861106872559 18.0287227630615 18.6359348297119 17.2692527770996 18.6895542144775 24.496753692627 22.735034942627 19.2321128845215 18.2911796569824 18.9498691558838 19.1152839660645 22.2780475616455 24.9130592346191 21.6275520324707 24.4765319824219 25.4368934631348 26.7801685333252 23.9333629608154 22.819751739502 23.7245464324951 24.1866455078125 25.5036773681641 25.101863861084 26.3745555877686 24.5645065307617 23.5483322143555 24.393310546875 23.5921859741211 23.676721572876 19.7696552276611 19.9251766204834
20.4453392028809 16.2992343902588 16.0471172332764 14.9396553039551 12.970100402832 14.4268798828125 15.206395149231 14.598388671875 14.5364742279053 14.7369747161865 15.8280296325684 15.2235383987427 16.4936294555664 15.3832912445068 19.8400897979736 21.5424060821533 17.47580909729 17.9598655700684 16.8187503814697 18.6167106628418 23.2607498168945 21.8379611968994 20.2987155914307 17.4141101837158 18.476224899292 19.163236618042 19.4492492675781 23.6323280334473 23.1271190643311 21.6092891693115 22.8921966552734 23.1132984161377 23.6018466949463 23.1799430847168 23.1101131439209 23.2626476287842 24.0890140533447 25.1925830841064 25.4984474182129 25.499324798584 25.082633972168 24.620584487915 23.1751079559326 23.4253749847412 21.7718524932861 19.2428760528564
18.9528007507324 19.2886924743652 19.4197788238525 16.021369934082 15.655858039856 14.8055009841919 14.3921527862549 14.4428853988647 15.1787738800049 14.5280485153198 14.8281936645508 14.3121337890625 16.0968265533447 23.1263637542725 16.022087097168 17.3671016693115 18.3946094512939 18.819974899292 18.3504695892334 20.0256042480469 22.7366733551025 22.4819717407227 19.4738616943359 18.4432544708252 18.7946643829346 19.5079650878906 19.1359367370605 19.2942905426025 19.2763538360596 23.2661609649658 24.9420909881592 24.3350639343262 22.9592151641846 23.6466388702393 22.3159008026123 21.8288421630859 24.4046306610107 19.3647155761719 24.0517845153809 25.2262744903564 25.5547752380371 23.5981101989746 25.6533317565918 24.6108322143555 23.2500743865967 21.0875797271729
13.8021020889282 14.7972612380981 15.6914291381836 15.6092700958252 14.9243993759155 13.9887323379517 13.5721282958984 13.1378660202026 14.3932704925537 14.8882761001587 14.5330305099487 14.512092590332 16.2271595001221 17.9779987335205 17.8156585693359 17.8681335449219 18.0388851165771 21.4768543243408 22.8414287567139 19.9758892059326 19.9173259735107 19.8223743438721 18.1615619659424 18.0125980377197 18.2866458892822 19.168041229248 19.1819553375244 18.3760833740234 21.9591789245605 20.3847064971924 24.9139785766602 24.032075881958 25.1200351715088 22.3401832580566 23.0142612457275 21.812349319458 23.467565536499 21.4472389221191 21.5203971862793 25.1533489227295 21.3015937805176 19.072286605835 18.8194103240967 23.800609588623 24.3925228118896 21.894006729126
13.5812721252441 13.6068410873413 14.193549156189 14.7040452957153 15.0375366210938 12.7579765319824 12.4405488967896 13.3174705505371 13.9601364135742 14.7035760879517 14.8898057937622 15.4767599105835 17.37038230896 18.5014305114746 18.6832160949707 18.979808807373 20.4605178833008 20.7675266265869 20.743968963623 19.6349658966064 19.4192867279053 20.5738849639893 20.8253326416016 20.5961112976074 23.3713417053223 18.8219757080078 21.2796249389648 21.1401195526123 19.8391284942627 19.2435359954834 18.652172088623 26.395694732666 21.7548980712891 22.4364433288574 24.0320529937744 23.0279998779297 23.5564556121826 22.368860244751 19.7062377929688 19.9733963012695 24.9196147918701 23.3730564117432 19.8566284179688 19.5160255432129 23.5892105102539 22.7986068725586
14.0751495361328 13.4172163009644 13.6493015289307 13.7954387664795 14.3373613357544 12.3799333572388 12.0836877822876 12.189001083374 13.7810344696045 14.6954784393311 14.179594039917 14.3881502151489 15.8354206085205 17.044885635376 18.6688346862793 18.2368240356445 19.23193359375 20.8226184844971 19.4617919921875 18.2895107269287 19.4014682769775 20.674654006958 22.699649810791 25.3260383605957 24.9205074310303 24.725378036499 20.8517246246338 21.9616508483887 20.2608833312988 19.3069839477539 19.1091327667236 24.493989944458 22.8385105133057 21.6408023834229 22.4308681488037 22.5273609161377 22.5386066436768 23.2446880340576 19.9967288970947 18.7038612365723 18.3980884552002 18.0059795379639 22.1937885284424 18.9206771850586 19.8901634216309 21.9427547454834
14.9474534988403 14.2312383651733 14.4297533035278 13.9225101470947 13.997950553894 12.5251121520996 13.7341966629028 13.3181581497192 13.6914768218994 13.9082527160645 14.0047168731689 14.2961101531982 14.3475980758667 16.2409267425537 17.8906898498535 17.4438438415527 19.1240386962891 20.1887817382812 19.3902168273926 17.9828567504883 18.3155288696289 22.5527820587158 23.551549911499 25.3644542694092 24.9561634063721 25.9788017272949 22.3253879547119 24.7030773162842 22.0493755340576 18.9495544433594 19.0771656036377 23.3254814147949 23.5114154815674 23.2479228973389 21.3833465576172 22.1783065795898 23.4530506134033 23.5050239562988 25.4515361785889 22.1472911834717 24.2102069854736 22.7385921478271 18.1218128204346 18.6828536987305 24.2050170898438 23.2612495422363
15.930944442749 15.850212097168 15.2084150314331 15.3060474395752 14.4995965957642 14.1552066802979 14.1249494552612 12.9640617370605 13.5302991867065 13.3147554397583 12.5416450500488 13.8354845046997 14.1120071411133 16.0921936035156 16.9883441925049 15.8806934356689 17.4759616851807 18.2249317169189 18.4561595916748 18.7413158416748 18.5691184997559 20.429708480835 21.1509342193604 23.4873237609863 25.6695823669434 23.6696357727051 23.7649211883545 22.2313232421875 22.3510246276855 18.6230449676514 19.0115356445312 21.8008403778076 22.8704376220703 21.5239868164062 23.1046981811523 21.2028751373291 23.2805728912354 21.9509353637695 24.055118560791 20.296236038208 19.1180248260498 18.5472145080566 20.5289554595947 17.8004131317139 19.6759662628174 21.3320503234863
14.6592569351196 14.4793004989624 14.7023010253906 14.502781867981 14.36940574646 14.4250783920288 13.1249904632568 13.0761890411377 12.4032106399536 12.9365358352661 11.8869323730469 13.451096534729 12.9669857025146 14.7942972183228 15.8819999694824 14.6755352020264 15.0368270874023 17.4368782043457 18.676097869873 20.3515892028809 19.4126148223877 20.0853233337402 21.2117195129395 21.7420749664307 21.8814525604248 22.4575843811035 23.354284286499 24.6557502746582 24.6859264373779 23.2055931091309 20.9006786346436 22.2010478973389 23.3367900848389 22.8153171539307 24.9523677825928 25.8026351928711 22.7171802520752 21.5430183410645 21.7543029785156 22.5674476623535 21.8932056427002 20.9755439758301 18.7376194000244 23.2959098815918 23.9075565338135 20.9530544281006
13.7904758453369 14.3994054794312 14.5506420135498 14.459174156189 13.5469264984131 14.4625177383423 13.2841520309448 12.1277513504028 11.437105178833 11.362663269043 11.4374675750732 12.0448865890503 19.4604320526123 15.020471572876 14.7828607559204 14.5965776443481 16.8596019744873 18.1089725494385 18.9022178649902 19.5918617248535 22.7827892303467 21.5880680084229 22.0059223175049 21.5403957366943 22.1623668670654 23.6276473999023 25.8297233581543 23.4708042144775 24.0929660797119 20.9487190246582 19.2201862335205 22.4644756317139 22.745433807373 21.3507976531982 24.0043163299561 25.8900871276855 24.8527240753174 21.7192478179932 22.3217506408691 24.8153839111328 20.33664894104 19.4526252746582 21.3282012939453 20.8887767791748 23.2658805847168 22.802547454834
13.6180477142334 14.031626701355 13.997748374939 14.301441192627 14.2985610961914 14.2147235870361 14.0557079315186 12.8551797866821 12.4854860305786 12.5389394760132 11.5132179260254 11.5629463195801 12.5679817199707 14.727840423584 14.7374649047852 15.7005262374878 16.1625556945801 16.9137916564941 18.7099552154541 19.474458694458 21.0179347991943 20.9844055175781 21.0255889892578 20.8022003173828 21.7067184448242 23.7027111053467 25.6261119842529 22.2828922271729 18.8669357299805 19.0081768035889 19.2306289672852 23.3306751251221 24.8214683532715 21.2792320251465 23.9145107269287 25.5947742462158 21.8963794708252 21.9181041717529 23.1292667388916 24.0484580993652 24.2785472869873 23.5492496490479 17.2669582366943 18.4718437194824 18.5853786468506 18.9777908325195
13.9286441802979 13.2207088470459 13.443567276001 14.0721187591553 14.1979951858521 14.1166200637817 13.6943330764771 13.1903190612793 13.6689004898071 13.1710481643677 12.8211975097656 12.694486618042 13.8460674285889 14.4735126495361 14.2749500274658 15.74573802948 16.7168560028076 17.7107887268066 18.6960487365723 19.0723991394043 22.0290489196777 24.8678760528564 26.1476249694824 19.6004314422607 19.6726016998291 19.7095565795898 19.5163021087646 22.1939163208008 21.2424945831299 22.8752193450928 22.3405914306641 22.9080047607422 21.7797889709473 23.6479549407959 24.1637897491455 19.7015228271484 22.9777584075928 22.7766437530518 24.4825248718262 24.5302410125732 21.3431205749512 22.4113845825195 21.6246070861816 20.6605358123779 20.9070243835449 20.3931121826172
15.0010051727295 13.6379613876343 13.4992361068726 13.1411504745483 13.9188919067383 13.8017711639404 13.7668018341064 14.484522819519 14.044864654541 13.1759672164917 13.8232049942017 14.3171119689941 14.8030281066895 13.6566858291626 14.0440292358398 15.2135343551636 16.9944629669189 18.3955535888672 17.8690757751465 19.225793838501 21.4341983795166 24.3940925598145 24.9784908294678 19.5206985473633 18.5849609375 19.06081199646 19.7667121887207 19.9216213226318 21.606538772583 21.8790550231934 24.6905002593994 26.0568046569824 26.6581287384033 24.320987701416 25.250186920166 21.933521270752 22.8167552947998 23.2779750823975 22.5639266967773 23.6132202148438 24.3125019073486 21.4275569915771 19.006326675415 22.027027130127 21.7261543273926 22.5845603942871
14.7189302444458 13.8125953674316 13.5289316177368 13.5510311126709 13.7783527374268 13.6525964736938 14.264720916748 15.4855165481567 20.7450160980225 13.4661264419556 15.7054872512817 16.2926692962646 16.2418518066406 13.9054279327393 14.6969957351685 14.8252754211426 16.4483432769775 16.939847946167 16.8758583068848 18.2461547851562 19.3408317565918 20.0247364044189 21.7789077758789 24.9258041381836 19.9132614135742 19.2385654449463 18.7502727508545 18.987922668457 22.2457733154297 26.5347175598145 22.8043422698975 19.9395122528076 25.7686653137207 23.9544639587402 23.6342258453369 20.3732719421387 22.2760715484619 21.6198406219482 25.3461875915527 24.9638137817383 23.2287845611572 23.3052654266357 22.7811450958252 22.9179611206055 23.0454807281494 24.4005298614502
14.1035490036011 13.8305902481079 13.5856609344482 13.9148225784302 13.9826231002808 14.1642618179321 14.3700160980225 16.3234252929688 16.3858757019043 14.7927083969116 17.233060836792 18.1136779785156 17.5849494934082 15.877368927002 15.9901113510132 16.7891941070557 17.5334167480469 18.3314514160156 18.7182807922363 19.043981552124 19.4127426147461 19.7766170501709 17.6356811523438 17.8531837463379 18.5638694763184 18.0303554534912 18.5177059173584 24.4734764099121 22.2840309143066 26.0304183959961 19.0781898498535 18.4744892120361 19.4277381896973 23.22678565979 23.8088493347168 22.66064453125 20.9176292419434 22.4319534301758 22.2195987701416 23.1850662231445 24.5419273376465 25.4515800476074 25.2923603057861 25.0732440948486 23.8834667205811 24.1968173980713
14.2265033721924 14.887864112854 13.8130798339844 14.3091611862183 14.3767709732056 15.0528326034546 15.5602970123291 19.0135879516602 17.0382194519043 16.730411529541 18.0371265411377 19.2347507476807 18.357551574707 17.2155570983887 17.2446384429932 18.7609043121338 19.2776489257812 19.3454303741455 20.5780353546143 20.2971630096436 21.7298698425293 20.144401550293 19.3840980529785 18.7492427825928 19.1785888671875 19.6381912231445 22.3522853851318 21.441520690918 21.3666229248047 21.60276222229 20.1016292572021 21.2561988830566 20.4018478393555 22.90309715271 19.6636371612549 23.1959533691406 24.1551265716553 24.1436977386475 24.0933990478516 21.4965801239014 22.0862731933594 23.6536064147949 22.8181095123291 24.0279197692871 24.5626697540283 24.6299648284912
15.6785583496094 15.5372800827026 14.3737497329712 15.5003709793091 15.580774307251 15.8955984115601 16.61256980896 17.9505558013916 16.9184627532959 17.5065803527832 19.6362438201904 21.367244720459 19.3536777496338 18.2494945526123 17.3203983306885 18.5482921600342 18.4911327362061 19.0958480834961 20.2394218444824 24.8966674804688 20.2286205291748 20.5351867675781 22.8126640319824 22.1447944641113 21.9296035766602 21.7260265350342 23.4094543457031 22.660795211792 23.2871932983398 22.7053871154785 20.9882431030273 21.779203414917 23.6880645751953 23.387565612793 19.3025321960449 18.6253776550293 19.1327724456787 20.4803695678711 19.9852809906006 22.0539035797119 25.6427154541016 25.2898406982422 22.3139781951904 21.6861152648926 20.16845703125 20.4044361114502
14.8930015563965 14.915322303772 15.2425212860107 16.7099800109863 17.2936401367188 17.9031372070312 19.167573928833 17.5585632324219 16.504825592041 16.9639854431152 17.971830368042 20.2705364227295 19.7903919219971 19.3178958892822 18.1256217956543 20.8375759124756 20.6660823822021 22.6974315643311 25.2767105102539 23.2146663665771 23.4855518341064 22.1840419769287 21.6477584838867 22.0970573425293 22.2103939056396 21.8429718017578 21.8005809783936 21.4653511047363 22.1611423492432 23.2935733795166 22.653844833374 22.0902824401855 19.9551849365234 19.665864944458 18.4260559082031 21.6346454620361 23.1040420532227 19.5614280700684 19.5153961181641 19.3278846740723 19.249755859375 22.0172557830811 21.5228862762451 22.7795104980469 21.2849082946777 20.8175506591797
