inst/extdata/Tmax/Tmax10.asc
NCOLS 100 
NROWS 79 
XLLCORNER 148.06 
YLLCORNER -21.49 
CELLSIZE 0.01 
NODATA_value -3.4e+38 
[rows 0 to 19 of 79, columns 0 to 45 of 100]
34.856781005859403 34.8986206054688 34.087890625 35.0912132263184 35.0939521789551 35.3834838867188 35.3717269897461 35.0819091796875 34.8083038330078 34.9261360168457 34.4459114074707 34.4062271118164 34.3846969604492 33.1713180541992 33.6240158081055 33.9877738952637 34.1924667358398 34.2227401733398 32.7937889099121 32.1682891845703 31.2539253234863 29.8090782165527 30.3356227874756 31.8218059539795 32.488109588623 33.1387023925781 32.7187767028809 32.6915054321289 32.9193382263184 32.4997253417969 30.3656349182129 28.2849559783936 26.4480457305908 26.5836486816406 25.2360954284668 23.828987121582 23.3930568695068 23.0518264770508 23.7881870269775 25.8528957366943 27.649730682373 27.9764747619629 28.5570468902588 34.096061706543 33.695499420166 32.660099029541
35.4922294616699 34.3973159790039 32.9119453430176 33.6037788391113 33.5154685974121 34.6075286865234 35.0793876647949 35.2262840270996 35.7578620910645 35.8152770996094 35.1910972595215 34.1904716491699 34.7989807128906 33.7148246765137 33.9570388793945 33.5930709838867 34.4023704528809 34.1953620910645 33.3270263671875 32.358455657959 32.6284942626953 31.7993946075439 31.5267162322998 31.9979648590088 32.5011444091797 33.025463104248 33.4420776367188 33.4055252075195 33.0643692016602 32.6004066467285 31.4193325042725 29.3563251495361 27.2658271789551 29.5163021087646 26.220495223999 24.8155536651611 24.1733093261719 25.159646987915 26.3679943084717 27.2643489837646 28.6922054290771 28.7121410369873 31.8889656066895 32.6763496398926 33.2884712219238 32.1460418701172
35.3199119567871 34.2736434936523 34.2854766845703 34.8224334716797 34.1312675476074 34.4709320068359 34.8930625915527 35.4004096984863 35.7790222167969 35.830005645752 35.2867012023926 34.5156898498535 34.7971992492676 34.3334732055664 33.7308387756348 33.7297821044922 33.8095664978027 34.1088676452637 33.2594337463379 32.7485084533691 32.2278175354004 32.4742202758789 31.9578285217285 32.26708984375 33.1797485351562 33.3867530822754 33.3707885742188 33.3480453491211 33.5494499206543 32.9667053222656 33.2224884033203 31.7350769042969 32.7892799377441 29.5376529693604 31.4819869995117 25.4973468780518 24.4549732208252 24.1141548156738 25.3408756256104 26.556266784668 28.2693843841553 34.4805946350098 34.3792953491211 30.9792823791504 30.815990447998 33.3518905639648
35.8758964538574 35.623291015625 34.6331024169922 35.6867980957031 34.8721389770508 34.306755065918 34.906063079834 35.3361320495605 35.6234855651855 35.7735748291016 35.5307655334473 34.9808502197266 34.8510322570801 34.827262878418 34.4310722351074 34.331901550293 34.4474182128906 34.0198631286621 33.8059539794922 32.778133392334 32.495059967041 32.2015113830566 32.3149604797363 32.3347358703613 33.0173492431641 33.2910842895508 33.2061958312988 33.232723236084 32.899299621582 32.0222587585449 32.2627105712891 33.3400382995605 31.9427471160889 29.7018852233887 25.7308464050293 24.7335872650146 24.959529876709 24.3500175476074 24.3009300231934 23.7890701293945 25.5409736633301 27.9837074279785 31.4870872497559 35.0265960693359 29.1784992218018 29.2259101867676
36.5644760131836 35.7469520568848 35.5582084655762 36.0784034729004 35.6541213989258 35.1227416992188 34.4963493347168 35.4499778747559 36.2553329467773 35.5067558288574 35.6710319519043 35.3403396606445 35.2483062744141 35.0788307189941 34.5743751525879 34.2142562866211 34.2079772949219 33.6510772705078 32.9307403564453 32.0934028625488 32.1450538635254 32.6528778076172 32.6979713439941 32.9510116577148 32.6684455871582 32.575023651123 33.8491172790527 33.0578193664551 32.91552734375 33.0719146728516 32.483039855957 32.6651268005371 31.8773975372314 30.8880825042725 31.3673801422119 26.496150970459 25.9801731109619 25.4326820373535 24.0499305725098 23.9060897827148 23.7246856689453 27.5359573364258 30.7532749176025 32.7674713134766 28.6288051605225 27.7560157775879
37.0838623046875 36.4488716125488 35.6767883300781 35.9904708862305 36.1613998413086 35.5624008178711 35.491283416748 35.7262878417969 35.8900413513184 35.6709938049316 35.5201988220215 35.9224510192871 35.4324493408203 34.9139289855957 33.9509963989258 34.2413215637207 34.1524276733398 33.3442993164062 32.59423828125 31.9785594940186 32.0481071472168 32.7416496276855 32.8688545227051 32.8040008544922 33.6125068664551 33.217155456543 33.3595504760742 32.2968864440918 32.1246910095215 31.3806705474854 30.5856189727783 31.6387577056885 32.3261642456055 31.4307670593262 30.9754581451416 31.2973442077637 26.6482601165771 26.0473747253418 25.5048503875732 24.885950088501 24.001443862915 26.6010322570801 31.8138313293457 30.8263206481934 28.9148426055908 26.110445022583
36.1310195922852 36.7027130126953 36.549129486084 36.8363075256348 36.2898101806641 35.9182052612305 34.9613304138184 35.2832641601562 35.8440704345703 36.0060501098633 36.2213745117188 36.1999816894531 35.1520156860352 34.6036109924316 34.5002632141113 34.5009651184082 33.9779624938965 33.2081832885742 32.7117042541504 32.158935546875 31.5165863037109 32.2256889343262 32.7554626464844 33.0542602539062 33.4015998840332 33.7607955932617 33.6717414855957 32.7671318054199 32.527229309082 30.6558132171631 29.7991142272949 29.0046100616455 30.3509693145752 31.1822910308838 31.0147266387939 30.5750789642334 27.0358600616455 25.2022323608398 25.3380260467529 25.1571388244629 25.0900592803955 26.9131412506104 32.6654777526855 33.7743988037109 29.1939010620117 31.8752136230469
36.7915306091309 36.2426300048828 36.9701538085938 37.0747146606445 36.4252395629883 36.145923614502 35.0914688110352 35.1750144958496 35.7201995849609 35.8898010253906 35.8162155151367 35.5991249084473 34.7780952453613 35.2664527893066 35.1175231933594 33.8290786743164 33.4927978515625 32.671070098877 33.1571083068848 31.9581279754639 30.9070720672607 31.5592346191406 32.1115264892578 33.1757392883301 33.502815246582 33.7795753479004 33.5172805786133 32.5393371582031 32.1254959106445 31.5674591064453 29.3317604064941 28.9288902282715 29.6992492675781 29.5660667419434 30.1567764282227 30.3747787475586 26.3692836761475 25.3943672180176 24.8827610015869 25.36985206604 25.5393962860107 26.7211112976074 27.8434276580811 29.0042419433594 29.0950489044189 26.8392715454102
36.0630912780762 36.6734466552734 36.3008422851562 36.4348907470703 36.3254737854004 36.2600936889648 35.8170928955078 35.0254364013672 35.3975410461426 35.8133506774902 35.9321365356445 36.3210983276367 36.517017364502 35.3549842834473 34.9247970581055 33.5990409851074 33.4011573791504 33.2988510131836 33.5440406799316 32.1635704040527 32.1696319580078 31.7763595581055 32.1301307678223 33.0706062316895 33.6162719726562 33.9277954101562 32.8945121765137 31.2251720428467 31.6972618103027 31.5453987121582 30.449104309082 29.4254589080811 29.0629959106445 28.4774742126465 31.1726169586182 29.0891933441162 29.9372386932373 30.2215042114258 25.0742645263672 24.8797988891602 24.9858226776123 25.1908416748047 25.7927207946777 27.522741317749 28.1856060028076 26.7931785583496
35.4410171508789 36.3374214172363 36.5314521789551 36.9805374145508 36.3168334960938 36.3722343444824 35.8898048400879 35.3662147521973 35.5100860595703 35.468921661377 35.8780097961426 35.9021644592285 34.8014755249023 34.6988372802734 34.6527290344238 34.3924827575684 34.2328605651855 33.9317588806152 33.3941917419434 33.216682434082 33.1937408447266 32.2851448059082 32.7324028015137 33.6155128479004 34.3782043457031 34.2716522216797 33.0970993041992 32.5171394348145 31.7295684814453 30.5505962371826 29.5702362060547 29.1531200408936 29.3796081542969 30.0198917388916 30.4105052947998 28.7037296295166 25.6876754760742 29.0723628997803 25.6858692169189 24.624792098999 24.6238899230957 24.2072811126709 24.9299983978271 26.121452331543 26.20583152771 25.8710155487061
35.7707595825195 36.7700805664062 36.629264831543 36.087215423584 36.7995338439941 36.9386787414551 36.3510284423828 35.7527809143066 35.8164329528809 35.780345916748 36.0999526977539 35.5160675048828 35.2216758728027 34.0437622070312 34.189453125 34.2123489379883 34.1743316650391 34.3418579101562 33.9003639221191 33.8526573181152 32.7016334533691 32.6093063354492 32.4602012634277 33.4006805419922 33.7379264831543 34.5689163208008 32.880729675293 30.978141784668 30.1352939605713 29.9549388885498 29.5154933929443 29.9666500091553 30.7922286987305 30.7001552581787 30.0525436401367 28.2493724822998 25.9006290435791 25.5476722717285 25.5054225921631 24.6462898254395 24.7586994171143 24.2707347869873 24.094841003418 24.9493656158447 25.4848785400391 25.8490562438965
36.263557434082 35.6668663024902 36.2971496582031 36.4124221801758 36.4596748352051 37.3708457946777 36.6513786315918 35.8923645019531 35.6863784790039 35.9350242614746 35.6161460876465 36.0758590698242 35.6926155090332 35.1079940795898 34.8493881225586 34.6373138427734 34.8912925720215 34.6985206604004 34.4650802612305 33.7560195922852 32.913516998291 32.4500465393066 32.9333839416504 32.9220886230469 32.7988433837891 33.4252738952637 31.8135890960693 30.9796886444092 30.3686408996582 30.6676979064941 30.9712524414062 30.9498043060303 30.9619674682617 30.4021797180176 30.292013168335 29.2189674377441 29.9490947723389 24.8821926116943 25.5797519683838 25.8588638305664 25.5921325683594 25.2147426605225 24.2814617156982 25.0993633270264 25.4338359832764 25.5712947845459
36.3951606750488 36.487735748291 36.4785346984863 37.1657752990723 37.024715423584 37.0718994140625 36.3888893127441 35.6551246643066 35.9716529846191 36.9279403686523 35.9127540588379 36.2411499023438 35.5428466796875 36.011116027832 35.5277290344238 35.2288932800293 35.7326774597168 35.2098541259766 34.9333305358887 33.6312103271484 33.4043006896973 33.8362197875977 33.9278793334961 34.3970832824707 34.2525749206543 33.6979866027832 33.309268951416 32.461124420166 31.618444442749 31.2927646636963 32.1523361206055 31.8480567932129 31.6850605010986 31.1311149597168 29.7267570495605 28.9459247589111 27.7378826141357 29.2671928405762 28.2212600708008 26.5476112365723 24.8920345306396 24.6459941864014 24.175500869751 23.8878421783447 25.7711067199707 26.2011833190918
37.0803031921387 37.2903938293457 35.985164642334 36.4531173706055 36.0173683166504 36.02294921875 36.7480735778809 36.1580848693848 36.3412590026855 36.2712554931641 36.2065467834473 36.0114440917969 35.625602722168 35.1516265869141 35.4732933044434 35.0901794433594 35.5016822814941 35.2230987548828 35.0301361083984 34.3774185180664 34.5837173461914 34.6567077636719 34.3914642333984 34.5370559692383 33.761531829834 31.9840049743652 31.5864696502686 31.5065479278564 30.7549896240234 31.2710552215576 32.2017936706543 32.0011863708496 31.4405136108398 30.6443424224854 29.9739208221436 31.5301761627197 30.0555229187012 26.3197746276855 30.5480861663818 31.9616832733154 31.1225833892822 26.4911212921143 25.5012989044189 25.2456703186035 25.9634895324707 26.8715839385986
35.578239440918 35.782299041748 36.2899436950684 36.6849021911621 36.4171257019043 36.2252883911133 36.2153396606445 36.8878974914551 35.8044700622559 35.5616149902344 35.627571105957 35.3834075927734 34.7357368469238 34.6500358581543 34.952953338623 34.4045753479004 35.2587738037109 35.336109161377 35.1800003051758 35.284351348877 35.014949798584 34.3428726196289 33.5509300231934 33.713809967041 33.5906066894531 33.4081039428711 33.1222267150879 32.5246620178223 31.9402732849121 32.6702842712402 32.0282669067383 32.3549003601074 32.1205062866211 32.2115287780762 31.8382205963135 30.3124980926514 31.0987758636475 30.5225563049316 30.3647537231445 31.9403743743896 31.6823062896729 31.713191986084 26.4928779602051 25.5251922607422 26.0871315002441 27.1992797851562
33.9520683288574 35.4858551025391 36.4322776794434 36.1321487426758 36.8147468566895 36.7563323974609 36.5157699584961 36.0744590759277 36.6253128051758 36.0798530578613 34.5929527282715 35.3685340881348 34.1721649169922 33.3253555297852 34.4467544555664 34.279224395752 33.7432289123535 34.436882019043 35.2262992858887 34.9824409484863 34.852710723877 34.6633682250977 34.5645790100098 34.5232582092285 34.1466331481934 33.7456016540527 33.9608688354492 33.5202293395996 33.3500785827637 33.0174102783203 32.7798271179199 32.0915374755859 32.0546531677246 32.6361846923828 32.4629249572754 32.3204765319824 32.7465515136719 31.0241146087646 32.2914772033691 32.9330787658691 32.2789039611816 30.7186889648438 25.6160831451416 24.5327892303467 25.2392272949219 26.3860263824463
35.260669708252 34.1468620300293 35.5584106445312 36.5664138793945 35.5893630981445 35.5482482910156 36.6981735229492 35.958438873291 35.8651123046875 36.1540069580078 35.0125465393066 35.0131454467773 33.7061729431152 33.0669441223145 34.0216865539551 33.0022506713867 32.8127555847168 33.9756317138672 34.0181617736816 34.2706451416016 34.8366432189941 34.8138122558594 34.281494140625 34.2757568359375 33.4940185546875 32.8525619506836 32.2331237792969 32.6791152954102 33.3559036254883 32.2662315368652 31.8954925537109 31.1682472229004 31.5908908843994 32.5311889648438 32.7510719299316 32.4788284301758 33.0265922546387 32.9963493347168 32.4612770080566 31.9901371002197 32.2556343078613 30.5066337585449 29.1682510375977 26.2123889923096 25.7583255767822 26.6713809967041
35.6648483276367 35.5451889038086 35.5966644287109 36.7530632019043 36.0249366760254 36.4207916259766 36.9435157775879 36.9520034790039 37.1731872558594 36.8508911132812 36.4722862243652 35.9649429321289 33.9529762268066 33.281852722168 33.744873046875 33.1918334960938 32.9053573608398 32.7465171813965 32.03369140625 33.2777366638184 34.2961921691895 35.1267127990723 35.3867149353027 34.7807846069336 33.395393371582 31.7321186065674 30.7907409667969 31.5998802185059 32.6776123046875 32.0918579101562 31.9405097961426 32.8726272583008 32.8216438293457 32.8449401855469 33.5219268798828 32.6088981628418 32.1173515319824 31.9794368743896 32.6048316955566 32.6866416931152 33.1397018432617 32.707763671875 31.5473937988281 31.0629425048828 28.2634239196777 27.7706928253174
36.7173042297363 35.4799041748047 35.0458602905273 35.61962890625 35.800464630127 36.3810195922852 37.1893920898438 36.3940124511719 37.2684669494629 36.8642692565918 35.4531364440918 35.6944198608398 34.677375793457 31.7556934356689 32.2122955322266 31.4541606903076 31.8708038330078 31.1793098449707 32.4283714294434 33.5387916564941 34.8875007629395 34.6859664916992 35.2542114257812 35.2095909118652 33.7790908813477 32.3523712158203 30.7390556335449 31.3330001831055 32.9868431091309 32.1226692199707 32.5319366455078 33.3478698730469 34.2438812255859 34.2346458435059 33.3749732971191 32.9734344482422 32.4113006591797 32.4341659545898 33.2390251159668 33.2317008972168 33.3169021606445 33.2089195251465 32.8917388916016 32.6341705322266 30.7693424224854 27.7004585266113
35.6209297180176 35.6445655822754 36.0151710510254 35.670768737793 36.3940925598145 36.2754364013672 37.180591583252 37.1464767456055 36.0951881408691 36.4016456604004 36.7198257446289 35.8456802368164 34.7580070495605 31.3824424743652 31.9097461700439 32.0196990966797 31.5299587249756 31.922004699707 31.997314453125 33.3128547668457 34.6601753234863 34.3300743103027 35.0107383728027 35.0731658935547 34.5528411865234 33.5485229492188 32.2432174682617 31.9877548217773 32.7875289916992 33.0359001159668 33.8082237243652 34.2547988891602 34.2617568969727 34.2821197509766 34.3502769470215 33.3231010437012 32.4613151550293 32.390209197998 32.4502563476562 32.942268371582 33.7389030456543 33.3130073547363 32.3407669067383 32.4483757019043 31.3665332794189 30.779914855957
