inst/extdata/Tmax/Tmax46.asc
NCOLS 100 
NROWS 79 
XLLCORNER 148.06 
YLLCORNER -21.49 
CELLSIZE 0.01 
NODATA_value -3.4e+38 
[rows 40 to 59 of 79, columns 46 to 91 of 100]
22.6327896118164 24.2186985015869 23.9571895599365 24.9277458190918 27.3660888671875 27.4375801086426 27.2382526397705 24.892972946167 24.5703620910645 25.271183013916 26.9237957000732 29.0942039489746 29.5703353881836 29.0951404571533 28.269214630127 30.1279697418213 31.0794658660889 30.5303764343262 31.5997066497803 31.5837345123291 30.9445362091064 31.5244464874268 29.4024505615234 28.2609481811523 29.7168979644775 30.6575584411621 31.1942958831787 30.3701057434082 30.1952877044678 30.3644065856934 29.9861679077148 31.0832614898682 29.8267650604248 26.849328994751 28.5185718536377 32.9278106689453 31.2693843841553 29.7013568878174 27.5473213195801 26.8527088165283 26.2821369171143 29.1520977020264 29.5416374206543 28.9165000915527 30.266227722168 27.4960613250732
24.124813079834 24.4423942565918 25.8473205566406 27.2098369598389 28.0561256408691 27.6928176879883 26.98583984375 26.7564468383789 28.2027473449707 28.4886436462402 31.212610244751 30.0984630584717 29.8845539093018 29.5914268493652 29.0171718597412 31.0225772857666 31.159969329834 30.9841613769531 32.043888092041 32.333683013916 30.2411193847656 30.5867881774902 26.7821826934814 32.6148948669434 33.7969055175781 29.4093322753906 31.3907260894775 30.3728809356689 30.5720100402832 29.764820098877 30.3648929595947 30.9076023101807 30.7418003082275 29.7816600799561 30.2179584503174 32.2343254089355 30.4893779754639 29.9196128845215 29.640682220459 29.3392639160156 28.8506164550781 28.387622833252 29.7961769104004 29.435079574585 29.4172191619873 28.8742580413818
25.8358459472656 26.8870658874512 26.8400268554688 28.8859214782715 34.0079307556152 31.5454807281494 29.0447044372559 28.2788028717041 29.4682579040527 31.188024520874 31.3265705108643 30.943868637085 31.2459125518799 30.8083209991455 32.5566101074219 31.1199798583984 30.983512878418 30.6543045043945 31.0867042541504 31.8183708190918 30.8846645355225 30.3095684051514 29.9826545715332 34.1249389648438 27.463960647583 34.2022438049316 33.4820938110352 29.3164577484131 28.6679706573486 31.2734642028809 30.9634799957275 31.2883319854736 30.5617580413818 29.908390045166 30.2861137390137 29.0678863525391 29.163537979126 28.6393203735352 28.7161178588867 29.1632061004639 30.3142623901367 30.4071731567383 30.7654247283936 29.4406337738037 31.4574413299561 31.3961162567139
29.4521541595459 30.2392616271973 30.4197769165039 30.5895576477051 31.3584651947021 30.8815956115723 30.5465698242188 30.1454696655273 30.5048389434814 30.9191780090332 31.6156482696533 31.6502628326416 31.861291885376 31.7737503051758 31.2703590393066 30.8338603973389 30.4953556060791 30.7066650390625 31.4313678741455 29.043098449707 31.3029842376709 31.3183174133301 31.1103534698486 30.4746913909912 29.9120788574219 31.6428661346436 30.8947448730469 30.4314460754395 31.0685596466064 32.7906227111816 32.1634063720703 32.6082458496094 30.3969078063965 29.7902908325195 29.6280136108398 32.1444091796875 31.5726108551025 29.6516876220703 30.6114616394043 31.6749038696289 32.2795372009277 31.4282855987549 29.8610324859619 34.0980377197266 31.6537437438965 29.6317615509033
29.2574214935303 29.4946098327637 29.5278339385986 29.9032230377197 31.4939270019531 32.1785354614258 31.5935459136963 30.7863845825195 31.1789264678955 30.8621673583984 30.563871383667 30.5578479766846 30.1573047637939 30.0097961425781 29.8749198913574 30.4828815460205 28.8587551116943 29.7316074371338 30.7848796844482 31.1615371704102 32.1257781982422 32.7555122375488 32.4743690490723 31.5119304656982 29.400354385376 29.8718395233154 30.277982711792 30.7680568695068 32.9914627075195 33.3306770324707 31.9738597869873 30.7203330993652 29.6507968902588 30.3434219360352 29.9997501373291 32.0241546630859 30.7123908996582 29.5430793762207 30.8005542755127 29.2943344116211 29.9199256896973 31.4849758148193 31.9029521942139 31.8588809967041 34.7336044311523 31.6268482208252
25.0796966552734 26.7154884338379 28.366512298584 26.7430114746094 28.4877490997314 29.2318134307861 29.0741748809814 29.4170837402344 29.7327442169189 29.8440532684326 26.7353687286377 26.9351711273193 27.1364288330078 25.11474609375 26.2596340179443 27.3817443847656 29.8065757751465 30.046989440918 30.0059394836426 30.1344299316406 31.9299869537354 31.7150020599365 31.0328311920166 30.9767589569092 31.1021671295166 31.6084022521973 31.5996894836426 31.5658779144287 31.1996288299561 31.3981285095215 31.0471668243408 32.1919898986816 33.0470428466797 33.516716003418 31.4892253875732 31.2176208496094 30.7035942077637 30.5398235321045 30.5061721801758 30.2199535369873 30.0586986541748 31.1212062835693 31.2868499755859 29.9747161865234 32.2832641601562 34.6352272033691
22.8426361083984 24.5148677825928 24.1132373809814 23.8959789276123 25.2266082763672 25.7378158569336 25.9388656616211 26.5847110748291 27.2372131347656 26.3958129882812 25.9401454925537 25.234489440918 25.6921653747559 25.5596256256104 25.9707221984863 27.4045333862305 30.1864471435547 29.9807167053223 29.3405704498291 31.2422008514404 31.7049579620361 32.1248626708984 31.1790065765381 30.4536876678467 33.077392578125 33.2730865478516 32.3353881835938 31.6177310943604 30.6896305084229 30.6003684997559 31.8067760467529 31.6264991760254 31.0629558563232 31.3800964355469 31.6508274078369 34.2593688964844 31.0547485351562 31.2361392974854 30.1446189880371 30.0070781707764 29.9784641265869 32.6173553466797 30.6382083892822 33.4988212585449 32.1035232543945 31.5474033355713
23.2215404510498 23.1607189178467 23.0310935974121 23.1585445404053 23.0310535430908 23.583553314209 24.8764953613281 26.0242309570312 26.3425521850586 26.138032913208 26.8512783050537 26.232608795166 26.2515735626221 27.8247623443604 28.6285743713379 30.2328014373779 30.9115543365479 30.8348140716553 30.968412399292 32.3649406433105 35.0898590087891 32.8156051635742 30.7227668762207 31.7340488433838 32.93212890625 32.5598220825195 31.9191780090332 34.8496055603027 31.9977016448975 32.252857208252 32.275951385498 29.7218437194824 29.5695724487305 29.8933849334717 29.6654224395752 29.6622924804688 31.0689601898193 30.072114944458 29.1678066253662 32.9179801940918 32.6635551452637 34.624397277832 31.1984519958496 33.3043212890625 33.0266647338867 32.9446907043457
22.9307327270508 24.9596652984619 23.3498687744141 22.9491577148438 22.8591690063477 22.8557510375977 23.1850872039795 25.5832500457764 26.4230537414551 26.6224117279053 26.5172576904297 26.6220035552979 31.9796390533447 33.1367607116699 33.6494903564453 30.0637474060059 31.9751358032227 28.3353977203369 33.9758224487305 33.9047698974609 33.6194610595703 33.8843269348145 33.2709426879883 32.8272132873535 32.5156021118164 30.6063995361328 31.8004112243652 32.9451103210449 35.0904693603516 34.3616065979004 34.0970840454102 34.8392486572266 33.9266357421875 29.947021484375 30.907600402832 35.3059577941895 34.473949432373 31.4596138000488 31.2682647705078 31.079008102417 29.1569747924805 29.68505859375 30.3064746856689 31.214054107666 30.3349933624268 30.9475212097168
24.8381042480469 25.562952041626 26.775951385498 23.8052845001221 23.4176769256592 24.4109764099121 24.2621154785156 25.5076808929443 25.939510345459 26.5699996948242 30.8728656768799 32.5360794067383 33.7643394470215 33.812686920166 34.3176498413086 27.4648094177246 30.6604747772217 27.7696075439453 28.1063098907471 30.6663570404053 30.6675643920898 34.8973388671875 31.3387756347656 32.2182502746582 31.9462451934814 31.0644226074219 33.0162315368652 33.0866737365723 33.5764389038086 33.6385955810547 33.4028053283691 31.7611312866211 30.0932521820068 30.5855293273926 31.2375164031982 35.4689483642578 35.4321823120117 32.2469291687012 31.1045150756836 30.9503326416016 30.9300975799561 29.90940284729 31.0919170379639 29.6804885864258 30.6548900604248 31.2898807525635
28.2271537780762 25.0054817199707 28.0362720489502 22.954683303833 23.1857624053955 24.6813373565674 24.9710464477539 25.8234119415283 26.6342010498047 27.2205810546875 27.2445850372314 27.4897556304932 32.1562118530273 32.852481842041 33.4794235229492 27.4080657958984 29.8943710327148 29.7766571044922 26.590539932251 30.4594192504883 27.9965686798096 33.7696266174316 31.4165325164795 32.9553756713867 31.3755798339844 32.3663330078125 31.3613338470459 30.9573822021484 33.9941635131836 33.6971435546875 33.073184967041 32.5377006530762 32.2157783508301 30.4336757659912 31.2771739959717 33.715145111084 35.066219329834 33.1891822814941 32.0854759216309 32.6054534912109 31.1673545837402 30.0472373962402 30.1151466369629 29.2362747192383 30.688009262085 31.4757919311523
23.609582901001 22.2265148162842 22.8117065429688 21.8288440704346 21.8553314208984 23.8196811676025 24.8372917175293 26.1073989868164 26.5520706176758 26.8767833709717 27.112850189209 26.7820777893066 26.693172454834 26.2691040039062 26.8039226531982 29.9910945892334 27.7898082733154 30.5795459747314 27.4240188598633 29.8250522613525 29.6351585388184 30.5919513702393 33.7121925354004 34.478443145752 31.6611251831055 31.8416194915771 32.509147644043 30.6622638702393 31.1013355255127 34.5440826416016 32.9630470275879 32.255184173584 31.6901950836182 30.0488605499268 29.9438076019287 31.6030693054199 31.9896469116211 31.834529876709 31.2553939819336 29.5788269042969 33.2064514160156 29.5213603973389 29.2415237426758 28.9023246765137 28.9205265045166 30.2070446014404
21.8938388824463 27.5683917999268 28.439868927002 22.0509300231934 22.0345611572266 23.0894355773926 24.0474128723145 25.0561180114746 25.6665287017822 26.0736312866211 26.4349269866943 26.2609672546387 26.3139820098877 26.8044548034668 27.2827320098877 27.7076721191406 30.4132595062256 30.8223514556885 30.716178894043 31.1908321380615 29.6556873321533 30.8670196533203 32.4721870422363 34.5766906738281 32.4147071838379 33.2236480712891 33.1542167663574 32.9948959350586 32.8934173583984 34.9417572021484 33.8194007873535 33.2391166687012 33.3416175842285 33.6504440307617 30.7434825897217 29.8182239532471 31.0161304473877 28.4634284973145 29.9793472290039 30.2829093933105 30.3863105773926 29.3774394989014 33.8727531433105 30.3507041931152 28.9380626678467 28.7048377990723
22.877555847168 21.9308605194092 27.8340187072754 22.7030849456787 22.9094562530518 24.0316581726074 23.9476490020752 24.8542728424072 26.1034755706787 26.6820468902588 27.0586318969727 27.199499130249 27.277229309082 31.0098190307617 31.0659046173096 28.0618133544922 27.8348217010498 27.9944553375244 28.0227432250977 30.8083648681641 30.3098888397217 30.5161876678467 28.0779151916504 29.2732124328613 30.1072731018066 31.9427947998047 31.3068599700928 32.3393630981445 34.4214172363281 31.9857559204102 31.8507099151611 30.9109516143799 31.2677516937256 32.1078720092773 30.5241603851318 30.140287399292 28.1356163024902 27.3244762420654 27.5483913421631 26.3578624725342 32.2810401916504 30.8652381896973 32.0485000610352 31.6684169769287 33.6488647460938 29.4090213775635
24.0159397125244 22.8961429595947 22.3722743988037 23.0384044647217 23.7128067016602 24.7633533477783 24.85276222229 25.2594585418701 25.6433792114258 26.3666229248047 26.4360771179199 29.19899559021 30.2165241241455 27.4410533905029 31.7865295410156 31.1779003143311 31.6865558624268 28.3152809143066 31.1078300476074 30.8830165863037 30.9069442749023 29.9641208648682 28.9311294555664 30.976245880127 32.8173751831055 33.1017150878906 31.2229042053223 31.7071418762207 30.8428382873535 32.7914962768555 32.9936561584473 31.5302295684814 32.8968276977539 30.780294418335 33.3361396789551 30.3591117858887 33.9681739807129 30.2867527008057 30.6105289459229 28.9636096954346 30.1980152130127 30.7550601959229 30.075740814209 30.3675651550293 31.2246952056885 32.2126731872559
23.5997695922852 22.9724807739258 22.5386848449707 24.018424987793 24.8168048858643 25.4436054229736 26.2383403778076 26.6313495635986 26.6481266021729 27.0290260314941 26.9043216705322 29.0818576812744 29.8682994842529 31.4429016113281 31.6432495117188 31.1628971099854 31.5865268707275 31.9907245635986 31.4980964660645 28.3325634002686 30.8692302703857 29.9835052490234 30.7524700164795 30.7934417724609 32.0682716369629 32.9043197631836 33.2140007019043 33.7752876281738 31.0853996276855 31.6181983947754 28.7747058868408 30.9729557037354 32.3882598876953 34.3224639892578 33.3184089660645 27.3835868835449 29.9719352722168 30.8914966583252 29.398567199707 30.3824443817139 32.340892791748 31.544075012207 30.9108238220215 31.3022575378418 30.8553600311279 30.7027263641357
23.5628910064697 22.6619396209717 21.9530658721924 23.5328845977783 25.0091896057129 25.5549392700195 24.8387451171875 26.4112892150879 26.0670490264893 25.3807506561279 26.7783794403076 26.5004558563232 26.8525123596191 29.7418022155762 27.4140148162842 30.7972030639648 30.9520072937012 30.9771156311035 31.6175346374512 29.6624794006348 30.5324630737305 30.9794330596924 30.5303077697754 28.1982555389404 30.6730499267578 32.8970565795898 31.9839534759521 31.1773548126221 31.4213714599609 31.6101512908936 28.6562824249268 26.5307540893555 27.5130043029785 30.4961376190186 26.6651191711426 26.3717041015625 30.8244686126709 30.3127975463867 31.131031036377 29.8738536834717 32.1270980834961 33.3288345336914 29.6828632354736 29.978235244751 30.8853397369385 31.4976501464844
23.9598655700684 22.8112716674805 22.9202423095703 23.5821857452393 24.6132793426514 25.1471614837646 25.7310428619385 25.8216857910156 24.4064674377441 23.9743518829346 26.0782241821289 24.5931434631348 25.164119720459 25.5242805480957 29.3669567108154 30.3098773956299 27.6837291717529 30.9835758209229 28.4205646514893 31.9080581665039 31.5041561126709 31.7863960266113 31.2379360198975 30.9292755126953 30.0970687866211 31.3447113037109 32.1825180053711 31.1622886657715 30.6041202545166 32.2611999511719 30.4081993103027 27.8260669708252 30.8175926208496 29.6064205169678 24.0665893554688 28.8519191741943 30.1069774627686 30.6392841339111 30.9886360168457 32.6797752380371 30.6017208099365 32.9619827270508 30.6818752288818 30.932689666748 30.3829441070557 30.2569046020508
23.9520969390869 23.5921039581299 23.2923679351807 23.5091381072998 24.3051891326904 25.1431636810303 25.1300144195557 24.865795135498 24.1673755645752 25.3233757019043 25.6081695556641 24.2580718994141 24.6232204437256 24.9033069610596 26.3638248443604 26.8086948394775 30.6029777526855 27.8356037139893 31.223876953125 31.4868469238281 31.2880744934082 31.6693134307861 29.8745956420898 31.3614234924316 30.6085796356201 30.6951389312744 30.4536075592041 31.5823879241943 29.8670425415039 29.8479461669922 31.5505886077881 31.2176494598389 27.672290802002 29.4319591522217 30.0537776947021 31.0548629760742 28.1398220062256 30.6791210174561 33.0607109069824 30.3594608306885 31.3815307617188 30.5142498016357 30.9510364532471 32.7821998596191 32.2382278442383 29.9468212127686
23.2840747833252 23.1858558654785 22.670747756958 23.1494693756104 23.8370742797852 23.7301177978516 24.5020484924316 25.0040435791016 25.4503364562988 25.5340938568115 25.5933151245117 25.8871402740479 29.2704925537109 30.041540145874 29.9308395385742 26.6362552642822 27.4919204711914 31.3588619232178 28.7499465942383 30.8697376251221 31.2200813293457 31.8435955047607 31.9506950378418 31.2597789764404 31.4283256530762 30.3580284118652 30.7582340240479 30.6693992614746 29.891881942749 31.8443336486816 32.2169609069824 33.0566329956055 29.3936100006104 30.2207012176514 30.0361404418945 25.8211879730225 28.8999576568604 31.7341537475586 33.6069641113281 28.2778015136719 30.7780303955078 30.9992656707764 30.2879047393799 29.0017566680908 30.5543003082275 31.3349552154541
