inst/extdata/Tmax/Tmax103.asc
NCOLS 100 
NROWS 79 
XLLCORNER 148.06 
YLLCORNER -21.49 
CELLSIZE 0.01 
NODATA_value -3.4e+38 
[rows 20 to 39 of 79, columns 0 to 45 of 100]
31.797737121581999 31.8646507263184 31.8846893310547 31.8681926727295 31.910608291626 32.0634536743164 31.9993267059326 31.9406814575195 31.8887367248535 31.805103302002 31.6234397888184 31.1948471069336 30.7077770233154 30.0287742614746 28.6587314605713 28.2190265655518 28.1572284698486 29.1997947692871 30.3316459655762 30.8369598388672 30.8726463317871 30.9103965759277 31.3101940155029 31.3569431304932 31.2003650665283 30.8930740356445 30.2280578613281 29.2173843383789 29.8302307128906 29.9186363220215 30.6131610870361 30.6490325927734 30.8232288360596 30.7985057830811 30.7663631439209 30.5045700073242 30.0831165313721 30.099214553833 29.5884284973145 29.8856506347656 29.6539497375488 28.8650093078613 29.1324596405029 29.2018184661865 29.3489265441895 29.3948287963867
31.8728637695312 31.9671669006348 32.0009918212891 31.9828643798828 32.0109634399414 32.031867980957 31.9060764312744 31.8415832519531 31.8377742767334 31.78737449646 31.6692371368408 31.4983806610107 31.2584438323975 30.2258777618408 28.6652851104736 28.3371410369873 28.6027069091797 29.4776039123535 30.0249404907227 30.4629611968994 30.6219291687012 30.5464572906494 31.163875579834 31.3366088867188 31.1331424713135 31.1664276123047 31.1494731903076 30.3061962127686 30.1457786560059 30.7467174530029 30.8955516815186 30.7933692932129 30.435094833374 29.7717132568359 29.8057022094727 29.7929706573486 30.3183689117432 29.5442161560059 29.1138973236084 29.4734020233154 29.0551204681396 29.1632976531982 28.8711948394775 27.8849697113037 28.2475643157959 29.0114231109619
31.9355735778809 32.0142059326172 32.0443954467773 32.0500640869141 32.0529518127441 32.0359306335449 31.8637294769287 31.7472553253174 31.7094860076904 31.6962337493896 31.5884037017822 31.5356559753418 31.3601417541504 30.6897735595703 29.5046043395996 28.6361961364746 27.9688758850098 28.504222869873 29.1162109375 29.989465713501 30.1323661804199 30.2917728424072 31.0384979248047 30.8121719360352 30.3604755401611 30.7902851104736 30.8888473510742 30.9980659484863 30.6921348571777 30.7505550384521 30.4648838043213 30.2723903656006 29.6486587524414 29.2915706634521 29.0466537475586 29.2998447418213 29.2412338256836 28.6322917938232 28.6121788024902 28.5340805053711 28.2044277191162 27.4181251525879 28.2686538696289 27.9603748321533 26.9278564453125 28.4668941497803
31.9157886505127 31.9756946563721 32.0167846679688 32.0295639038086 32.0066261291504 32.0179023742676 31.9604988098145 31.6519737243652 31.5545864105225 31.5992527008057 31.4185256958008 31.2333221435547 31.3697166442871 30.9626731872559 30.0977516174316 29.2848243713379 28.4254837036133 28.125394821167 28.7731475830078 29.1130199432373 29.6988658905029 30.8486213684082 30.5827941894531 29.9119529724121 30.093807220459 30.2740001678467 29.9435691833496 31.0327224731445 31.0747814178467 30.9309940338135 30.6863899230957 29.4790878295898 29.1251487731934 29.3630218505859 29.7508316040039 29.2505722045898 28.2534980773926 27.6908512115479 28.476282119751 27.9335460662842 27.1784915924072 25.6836910247803 26.5734081268311 27.8363437652588 25.9350814819336 27.3506164550781
31.8515281677246 31.9416847229004 31.9969615936279 31.9822425842285 31.9603118896484 31.9834365844727 32.0096893310547 31.8332481384277 31.6566963195801 31.4861755371094 31.3911418914795 31.372444152832 31.1974945068359 30.8341903686523 30.0043449401855 29.2880020141602 28.5145874023438 28.1366024017334 28.3597621917725 28.3688125610352 29.6517753601074 30.6103382110596 29.3890399932861 28.8293800354004 29.7271976470947 29.7172088623047 29.9403457641602 30.7928409576416 31.0821628570557 30.6649475097656 30.6156311035156 30.3716907501221 30.3532676696777 30.4311008453369 30.0776672363281 29.7469997406006 29.3142986297607 28.0957775115967 27.8688793182373 27.6051864624023 25.7948150634766 25.1905841827393 25.673770904541 27.6290912628174 25.5506725311279 25.9487190246582
31.7972831726074 31.8444004058838 31.8771018981934 31.8698253631592 31.9026584625244 31.9326419830322 31.9872894287109 31.9584178924561 31.8096504211426 31.5580406188965 31.3618717193604 31.2333564758301 31.0856323242188 30.5939712524414 30.1098022460938 29.533145904541 28.8984680175781 28.5516014099121 29.0367431640625 29.7966804504395 29.7973518371582 29.7109413146973 29.190092086792 27.8596935272217 28.4097499847412 29.2458553314209 29.4299564361572 30.830451965332 31.0538711547852 30.6601142883301 29.6919136047363 30.3943767547607 30.257453918457 30.1288623809814 29.838020324707 29.4959812164307 29.3778629302979 27.7696628570557 26.4263439178467 26.8650131225586 25.3485221862793 26.2462501525879 26.6336688995361 27.6184921264648 26.5486927032471 25.4124794006348
31.6701412200928 31.7245750427246 31.7527408599854 31.7852725982666 31.8007469177246 31.8225936889648 31.9481773376465 31.9714851379395 31.8395366668701 31.39182472229 31.2929935455322 31.0191917419434 31.034107208252 30.6312370300293 29.819896697998 28.7109451293945 28.3228416442871 28.5389213562012 29.0473575592041 28.9600696563721 29.1684532165527 30.1765956878662 30.0299625396729 28.39963722229 27.9804592132568 28.9758758544922 29.8853759765625 30.8940238952637 31.0007572174072 30.7682247161865 29.8435306549072 29.4344272613525 30.3187103271484 29.7329387664795 29.2556056976318 28.3522129058838 28.0572834014893 28.1950702667236 27.0724906921387 25.7015228271484 25.2794532775879 25.628734588623 25.5354900360107 26.657564163208 25.6647453308105 24.9796390533447
31.5003700256348 31.5475692749023 31.6035289764404 31.6790313720703 31.7247447967529 31.8107070922852 31.9401359558105 31.9558506011963 31.8954200744629 31.6991271972656 31.4478549957275 31.1749153137207 31.0594902038574 30.8558959960938 29.8451957702637 28.6611976623535 28.3305606842041 28.2918968200684 28.4385948181152 28.425106048584 29.6525936126709 30.3929119110107 29.8027038574219 28.8680171966553 28.2787208557129 28.5346527099609 28.6721706390381 30.4419479370117 30.8530502319336 30.733211517334 29.851375579834 29.7742233276367 30.11549949646 29.3008060455322 28.5445575714111 27.9290504455566 26.9780864715576 27.7449359893799 27.580680847168 25.65185546875 25.1883544921875 25.4025344848633 25.3220195770264 25.9677429199219 25.342113494873 25.0268611907959
30.9441375732422 30.9131126403809 31.2205295562744 31.5862312316895 31.7541275024414 31.8655681610107 31.9296455383301 31.9350395202637 31.8098335266113 31.7067108154297 31.5402011871338 30.9630489349365 31.0877532958984 30.9363555908203 30.3753566741943 29.0816173553467 28.3308868408203 27.8058013916016 28.1475582122803 29.0897521972656 29.6594734191895 30.0856552124023 29.1309661865234 28.371036529541 28.1860542297363 28.3513965606689 28.8275356292725 29.8548812866211 30.7238922119141 30.8079051971436 30.2407245635986 29.9636707305908 29.4945831298828 28.3660011291504 27.1258583068848 26.6880855560303 26.3579654693604 26.5857067108154 26.7605113983154 26.3427696228027 25.7876968383789 25.9359569549561 25.6541576385498 25.4273300170898 25.4478721618652 25.3847370147705
30.0265502929688 30.9236221313477 31.306339263916 31.0319709777832 31.6739311218262 31.86155128479 31.9146595001221 31.9189262390137 31.7068099975586 31.5583438873291 31.5673141479492 31.2917194366455 31.0405654907227 30.9085521697998 30.6408634185791 30.0812797546387 29.4826469421387 28.0537090301514 28.4022750854492 28.4958019256592 28.6673603057861 29.7158107757568 29.2550563812256 28.3922691345215 28.1836395263672 27.9706363677979 27.9489078521729 29.7857246398926 30.7472152709961 30.8480186462402 29.9429187774658 28.8750228881836 28.5433921813965 28.1660060882568 27.8837547302246 26.8140830993652 26.7580127716064 26.3270626068115 25.890266418457 26.1729869842529 28.1434459686279 28.2492389678955 27.0153484344482 25.4815483093262 26.6166763305664 26.7442073822021
30.3136520385742 31.2525787353516 31.3024635314941 30.7264194488525 31.6102752685547 31.8352928161621 31.9162693023682 31.914680480957 31.8671836853027 31.6280879974365 31.5254783630371 31.4729766845703 31.2897548675537 31.0729084014893 30.7598648071289 30.1240139007568 29.2345924377441 28.7761764526367 28.3023204803467 28.5809688568115 28.6714477539062 29.1641426086426 28.5164566040039 28.3436508178711 28.0303077697754 27.3681163787842 27.6788272857666 29.6444854736328 30.6051139831543 30.6705436706543 30.6667404174805 30.4940624237061 29.2561206817627 28.2127094268799 28.1504058837891 27.6271095275879 27.7979183197021 27.5981903076172 27.1453304290771 27.6970481872559 29.3613948822021 29.4427890777588 28.9834213256836 28.3614139556885 28.241720199585 27.5976829528809
31.0850563049316 31.4056777954102 31.496223449707 31.5119953155518 31.6250896453857 31.8089027404785 31.8683261871338 31.8810291290283 31.8468780517578 31.7830123901367 31.5943660736084 31.5494480133057 31.4560012817383 31.2416343688965 30.9574165344238 30.4292163848877 29.5028114318848 29.060884475708 28.3325729370117 28.2243595123291 28.3059329986572 28.7846221923828 28.3977813720703 28.1328449249268 28.0740871429443 28.1125640869141 29.004566192627 30.2161750793457 30.6533489227295 30.0958518981934 30.0142707824707 30.0446395874023 30.2931842803955 29.7449989318848 29.4522819519043 28.6131801605225 29.7842426300049 29.6292743682861 29.6095275878906 29.6390209197998 29.3951873779297 28.4076309204102 27.3715782165527 27.0231227874756 26.8853359222412 26.0825290679932
30.7725791931152 31.5868434906006 31.6720771789551 31.7053031921387 31.7170944213867 31.7433490753174 31.7380981445312 31.8070182800293 31.816032409668 31.8128070831299 31.7755565643311 31.6557903289795 31.4666213989258 31.3023624420166 31.1030139923096 30.8397693634033 30.324291229248 29.5954933166504 28.7942962646484 28.0607719421387 28.097074508667 28.5845966339111 28.4623908996582 28.1745758056641 28.0314979553223 28.2054119110107 29.7987670898438 30.6100234985352 30.7014312744141 30.5172462463379 29.9769401550293 29.3221855163574 30.1142349243164 30.249303817749 30.3060684204102 29.7315559387207 30.2078514099121 29.8908424377441 29.75559425354 29.5837154388428 28.2693157196045 26.7236881256104 25.3628959655762 25.7399921417236 25.6554279327393 24.5998592376709
30.6054019927979 31.311487197876 31.1268997192383 31.0083656311035 31.175256729126 31.6183738708496 31.6450748443604 31.6874961853027 31.7204113006592 31.7218627929688 31.7009353637695 31.6946582794189 31.5841789245605 31.4272193908691 31.2691631317139 31.0319900512695 30.5646133422852 30.1127758026123 29.824068069458 29.1395816802979 28.1402435302734 28.398588180542 28.1708126068115 28.2535057067871 28.1325645446777 28.1108493804932 29.2875785827637 30.5384712219238 30.6432590484619 30.2989559173584 30.1595935821533 28.9950904846191 29.3309669494629 29.6246471405029 29.9705810546875 30.1211376190186 29.9803123474121 29.8031768798828 29.3851718902588 29.4581928253174 29.1111373901367 27.7509117126465 26.8747024536133 27.4906311035156 27.0168972015381 25.7711009979248
30.952127456665 31.2803974151611 30.8464031219482 30.1434440612793 30.2616691589355 31.3301048278809 31.5909042358398 31.568790435791 31.603666305542 31.6380443572998 31.5648994445801 31.6394824981689 31.600492477417 31.4922466278076 31.3397827148438 31.1418952941895 30.8125648498535 30.0813541412354 29.6429576873779 29.1467094421387 28.4212074279785 28.3420639038086 28.1562576293945 27.9396495819092 27.9113426208496 28.3339004516602 29.5980548858643 30.483434677124 29.935733795166 29.7027912139893 29.8363285064697 29.4585552215576 29.1159057617188 28.7617225646973 28.4771499633789 29.0335464477539 28.8397941589355 29.2170963287354 29.1396446228027 28.9275703430176 28.6475124359131 29.0178756713867 28.75514793396 28.4137134552002 27.7612934112549 27.2443962097168
31.0847587585449 31.2112083435059 31.0130233764648 30.6832695007324 30.363842010498 30.9942359924316 31.3593826293945 31.4026870727539 31.4728317260742 31.5576152801514 31.5618457794189 31.6344699859619 31.5819625854492 31.531759262085 31.3742218017578 31.1449775695801 30.8954277038574 30.668306350708 30.2356967926025 29.5233993530273 29.1112518310547 28.8434314727783 28.2939834594727 27.6180458068848 27.7931632995605 28.0722713470459 29.678674697876 30.2822074890137 28.2061882019043 27.7707653045654 28.4906120300293 28.7520809173584 28.714822769165 28.4869174957275 27.9610996246338 27.6895980834961 28.2941818237305 28.1271858215332 28.1027603149414 28.0589046478271 27.7769966125488 27.4564247131348 27.7458362579346 28.2820262908936 27.5973777770996 26.364070892334
30.9173889160156 30.9696197509766 31.0154113769531 30.7253017425537 30.430908203125 30.6560230255127 30.9224147796631 31.1609401702881 31.3033714294434 31.4605808258057 31.4561386108398 31.474479675293 31.5904293060303 31.5287704467773 31.4087162017822 31.1158428192139 31.1109256744385 30.9543704986572 30.6878929138184 30.2700881958008 30.1196060180664 29.2505931854248 28.6008052825928 28.0931625366211 28.1009654998779 28.5371952056885 29.6985836029053 29.6004066467285 29.2833156585693 29.1783542633057 28.3337841033936 28.2788066864014 28.0795593261719 27.9315929412842 27.1435394287109 26.705171585083 26.9554824829102 26.9052753448486 27.175443649292 26.9629611968994 26.959379196167 25.9573268890381 26.7513580322266 27.7094058990479 27.4556083679199 25.8494148254395
30.3000221252441 30.6776924133301 30.9279270172119 30.8265838623047 30.6193618774414 30.4902973175049 30.495491027832 30.9305114746094 31.075252532959 31.2912158966064 31.4029998779297 31.4229164123535 31.5088424682617 31.5446643829346 31.356273651123 31.2541370391846 31.1882438659668 31.0734176635742 30.9066257476807 30.6915626525879 30.4727745056152 29.6844863891602 28.4227409362793 28.5328674316406 27.7807464599609 28.4343166351318 29.5205211639404 28.9062976837158 29.130542755127 29.6682109832764 29.5485877990723 29.3862686157227 28.6454048156738 28.1790313720703 26.4516353607178 25.0887031555176 25.1448230743408 25.0301513671875 24.9928817749023 25.5074272155762 25.6966991424561 25.9249172210693 26.1450786590576 27.1233043670654 26.9737148284912 26.5461959838867
30.4149475097656 30.5360012054443 30.7024593353271 30.6915855407715 30.6675834655762 30.3371028900146 30.113489151001 29.8370819091797 30.5928344726562 31.1787414550781 31.3498859405518 31.4209957122803 31.5287456512451 31.5416774749756 31.2067337036133 30.7591419219971 30.8042297363281 30.884708404541 30.9528617858887 30.8277549743652 30.6777744293213 30.2281494140625 28.9881172180176 29.3431205749512 28.281681060791 28.2868480682373 28.468225479126 28.834981918335 27.6841201782227 28.4342021942139 28.0325527191162 28.1744766235352 29.5870475769043 29.1136798858643 28.0465202331543 25.5918140411377 24.6333026885986 24.6446361541748 23.9784164428711 24.4214534759521 25.083948135376 25.0863914489746 25.187427520752 26.7058429718018 26.2255401611328 25.6467227935791
30.4851684570312 30.4146938323975 30.4919834136963 30.2877731323242 30.5287761688232 30.4469337463379 30.2110176086426 29.9323348999023 30.1660614013672 30.8752822875977 31.1770305633545 31.4188976287842 31.4858226776123 31.4629669189453 31.4105834960938 30.9591579437256 30.5399017333984 30.3278923034668 30.6519775390625 30.8099536895752 30.6628971099854 30.5143280029297 30.1571083068848 29.5135898590088 28.3257331848145 28.0995330810547 28.0639305114746 28.1777935028076 28.2465686798096 27.6677932739258 27.0463027954102 27.9210662841797 29.2779178619385 28.4552040100098 28.7121887207031 28.1165866851807 27.6487865447998 27.5111751556396 26.4296569824219 25.2150630950928 26.0148506164551 25.6784534454346 26.1182174682617 26.3333320617676 26.0085029602051 25.4974918365479
