inst/extdata/Tmax/Tmax77.asc
NCOLS 100 
NROWS 79 
XLLCORNER 148.06 
YLLCORNER -21.49 
CELLSIZE 0.01 
NODATA_value -3.4e+38 
[rows 20 to 39 of 79, columns 0 to 45 of 100]
43.348102569580099 43.3670387268066 43.3526344299316 43.312801361084 43.3134002685547 43.3886566162109 43.3158264160156 43.2466049194336 43.181755065918 43.0949172973633 42.9395904541016 42.6060600280762 42.2200546264648 41.6565093994141 40.4818115234375 40.0877151489258 40.0154342651367 40.8779067993164 41.7690124511719 42.1143226623535 42.1110763549805 42.1091270446777 42.3634223937988 42.3655586242676 42.225341796875 41.9765129089355 41.4605712890625 40.6639213562012 41.1041793823242 41.1415634155273 41.6239395141602 41.6195411682129 41.7139549255371 41.6657638549805 41.6122779846191 41.3940315246582 41.0567321777344 41.0385971069336 40.6300506591797 40.8214263916016 40.619945526123 39.9957466125488 40.1701202392578 40.193286895752 40.2743301391602 40.2790985107422
43.4192276000977 43.456787109375 43.4517593383789 43.4109954833984 43.4016304016113 43.3871002197266 43.2721939086914 43.1989135742188 43.1672325134277 43.1033401489258 42.9922637939453 42.8434066772461 42.6439247131348 41.8438453674316 40.5126533508301 40.2137756347656 40.419376373291 41.1357269287109 41.5586433410645 41.8611068725586 41.949893951416 41.8650665283203 42.2820510864258 42.3733367919922 42.1998901367188 42.193115234375 42.1507148742676 41.5114212036133 41.3630447387695 41.7729873657227 41.8492469787598 41.7459716796875 41.4572639465332 40.9372749328613 40.9334030151367 40.8945770263672 41.252269744873 40.6497573852539 40.2952346801758 40.5381736755371 40.1930465698242 40.246265411377 39.9959182739258 39.2031478881836 39.4608955383301 40.0153770446777
43.4846267700195 43.5112800598145 43.5039100646973 43.4796028137207 43.4532127380371 43.4130821228027 43.2664222717285 43.1571350097656 43.1021156311035 43.0640640258789 42.9598541259766 42.8937911987305 42.7407722473145 42.2238845825195 41.248950958252 40.4953651428223 39.9083938598633 40.3436584472656 40.8387756347656 41.5282363891602 41.608642578125 41.7001762390137 42.2177772521973 42.0251007080078 41.6645202636719 41.949764251709 41.9908218383789 42.0386772155762 41.7892990112305 41.8014221191406 41.564525604248 41.3938446044922 40.8994369506836 40.5995063781738 40.3834190368652 40.548698425293 40.4756660461426 39.9798278808594 39.9363746643066 39.8480949401855 39.5647048950195 38.8998641967773 39.5595245361328 39.292537689209 38.4265213012695 39.6274681091309
43.4890747070312 43.503173828125 43.5036125183105 43.484447479248 43.4407081604004 43.4200553894043 43.3523216247559 43.1101570129395 43.013256072998 43.0162544250488 42.8599815368652 42.6990165710449 42.7680778503418 42.4459495544434 41.766918182373 41.0681533813477 40.3217353820801 40.047477722168 40.5748481750488 40.8388214111328 41.2983169555664 42.1317558288574 41.9082717895508 41.3777923583984 41.486686706543 41.5926055908203 41.3162612915039 42.0850715637207 42.0847091674805 41.9525604248047 41.7472953796387 40.8216400146484 40.5223579406738 40.6762847900391 40.9407234191895 40.5336647033691 39.7335929870605 39.2461166381836 39.8538398742676 39.397762298584 38.753475189209 37.5026435852051 38.2104225158691 39.2185859680176 37.6419677734375 38.7736511230469
43.4622039794922 43.4978294372559 43.5083999633789 43.4706649780273 43.4277648925781 43.4155387878418 43.4050521850586 43.2557106018066 43.1045913696289 42.9561500549316 42.8603363037109 42.8186454772949 42.6649551391602 42.3720092773438 41.7137985229492 41.0952072143555 40.4219512939453 40.0818748474121 40.2505760192871 40.2375183105469 41.2827415466309 41.9783782958984 41.024600982666 40.5383987426758 41.2299003601074 41.194164276123 41.3350982666016 41.9349708557129 42.1115646362305 41.7833061218262 41.7178840637207 41.5107307434082 41.4677314758301 41.4950180053711 41.2062568664551 40.9311027526855 40.5761985778809 39.6057395935059 39.3951110839844 39.1543502807617 37.6416854858398 37.1240997314453 37.4989700317383 39.0770301818848 37.3541488647461 37.6566276550293
43.4419212341309 43.4481353759766 43.4437675476074 43.4114418029785 43.4065856933594 43.3994903564453 43.408748626709 43.3608512878418 43.2302551269531 43.0263862609863 42.8590087890625 42.7388191223145 42.603946685791 42.2134132385254 41.8191795349121 41.324333190918 40.7707748413086 40.4579391479492 40.8452911376953 41.4423065185547 41.4153327941895 41.3215599060059 40.8857612609863 39.7499809265137 40.1902770996094 40.8521919250488 40.9670066833496 41.9831657409668 42.112850189209 41.801155090332 41.0547294616699 41.5489234924316 41.4191398620605 41.2951622009277 41.0500030517578 40.7642021179199 40.6464805603027 39.3632621765137 38.2317008972168 38.5711708068848 37.3006057739258 38.016529083252 38.3121948242188 39.0925788879395 38.196117401123 37.2449150085449
43.3695831298828 43.3817520141602 43.3747901916504 43.3706398010254 43.354175567627 43.3419075012207 43.4007377624512 43.3886871337891 43.269947052002 42.9275436401367 42.828987121582 42.6027603149414 42.5855712890625 42.2604827880859 41.6079978942871 40.6572914123535 40.3086433410645 40.4716987609863 40.8783988952637 40.7838478088379 40.9361457824707 41.6961402893066 41.5573501586914 40.2284240722656 39.8553085327148 40.6623306274414 41.3352737426758 42.0496597290039 42.0961990356445 41.9002494812012 41.1902313232422 40.8521461486816 41.4855461120605 41.021541595459 40.6313438415527 39.904727935791 39.6467895507812 39.7280578613281 38.7910537719727 37.6379470825195 37.2693862915039 37.5350379943848 37.4373054504395 38.3346633911133 37.4985656738281 36.9167823791504
43.2604866027832 43.2684173583984 43.282054901123 43.3089408874512 43.3141670227051 43.3470268249512 43.4088554382324 43.3918495178223 43.3224220275879 43.158447265625 42.9532852172852 42.7294960021973 42.6177291870117 42.4407920837402 41.6467704772949 40.633846282959 40.3340263366699 40.2817497253418 40.3853149414062 40.3532752990723 41.3387756347656 41.8728485107422 41.3994483947754 40.638786315918 40.1246910095215 40.3166236877441 40.4087066650391 41.7372207641602 42.0065269470215 41.8908843994141 41.2119102478027 41.1255836486816 41.3518600463867 40.7099761962891 40.0980911254883 39.5873069763184 38.7784576416016 39.3891906738281 39.2302627563477 37.6171646118164 37.2146186828613 37.3695220947266 37.2822303771973 37.7889213562012 37.2542533874512 36.9746055603027
42.8561782836914 42.8117713928223 43.0228157043457 43.2608032226562 43.3525924682617 43.403148651123 43.4199028015137 43.3959770202637 43.281608581543 43.1817817687988 43.036792755127 42.5935287475586 42.6567459106445 42.5184440612793 42.0735664367676 41.0121650695801 40.358699798584 39.8945579528809 40.1640472412109 40.9349822998047 41.3637733459473 41.6620140075684 40.899299621582 40.2482643127441 40.0718460083008 40.1883964538574 40.5547561645508 41.3198013305664 41.9339408874512 41.9652404785156 41.5227355957031 41.288330078125 40.9064483642578 40.0060882568359 38.9703788757324 38.5852394104004 38.2904281616211 38.4571189880371 38.5793380737305 38.2123107910156 37.7330932617188 37.8327217102051 37.5792427062988 37.3709754943848 37.3653793334961 37.2912521362305
42.1179389953613 42.8422889709473 43.102897644043 42.8755683898926 43.3138847351074 43.4181900024414 43.427417755127 43.4025344848633 43.2275924682617 43.0954971313477 43.0738143920898 42.8499717712402 42.6406173706055 42.5164222717285 42.2911033630371 41.841796875 41.3499488830566 40.1291542053223 40.4034271240234 40.4615325927734 40.5844993591309 41.3996505737305 41.0159950256348 40.2905769348145 40.0944938659668 39.8947410583496 39.8550720214844 41.2875137329102 41.9709014892578 42.0142707824707 41.3214797973633 40.4780883789062 40.1923904418945 39.8692398071289 39.6198883056641 38.7151412963867 38.6471481323242 38.2685546875 37.8859977722168 38.0974464416504 39.6623725891113 39.7165031433105 38.7198143005371 37.4400367736816 38.3461990356445 38.4241333007812
42.3808975219727 43.1062240600586 43.1172561645508 42.6644020080566 43.2861976623535 43.4171562194824 43.4457244873047 43.4169769287109 43.3564491271973 43.1621627807617 43.0620384216309 42.9969215393066 42.8385200500488 42.6543884277344 42.3975868225098 41.8930015563965 41.1668891906738 40.7627029418945 40.3434753417969 40.5573120117188 40.6121292114258 40.9909400939941 40.4403457641602 40.2743873596191 39.9907188415527 39.414176940918 39.6538429260254 41.1999130249023 41.8877601623535 41.9063682556152 41.8746452331543 41.7203407287598 40.7650985717773 39.9262924194336 39.8506507873535 39.4102745056152 39.5197105407715 39.3352279663086 38.9471092224121 39.3589859008789 40.6172332763672 40.6488723754883 40.2720184326172 39.7657928466797 39.6445350646973 39.1150016784668
43.0246658325195 43.2345275878906 43.2742691040039 43.2593765258789 43.3133811950684 43.4156455993652 43.4295997619629 43.4109306335449 43.3596839904785 43.2876853942871 43.1280403137207 43.0685577392578 42.9746360778809 42.7939453125 42.5605773925781 42.1421928405762 41.4054908752441 41.025032043457 40.393238067627 40.2817344665527 40.3297843933105 40.7099761962891 40.3653755187988 40.1223373413086 40.0519638061523 40.0627708435059 40.7526664733887 41.6497383117676 41.9424018859863 41.5036773681641 41.4145851135254 41.4091033935547 41.5644760131836 41.1281852722168 40.8787651062012 40.2058525085449 41.0717124938965 40.9261207580566 40.8818016052246 40.8742332458496 40.6615600585938 39.8774566650391 39.0395431518555 38.7370834350586 38.6010551452637 37.9353485107422
42.7982864379883 43.3762168884277 43.4108963012695 43.4081077575684 43.3899307250977 43.3815765380859 43.3508758544922 43.3717575073242 43.3505821228027 43.3207015991211 43.2670974731445 43.1557388305664 42.9947738647461 42.8501167297363 42.6790618896484 42.4596939086914 42.0490798950195 41.4649696350098 40.7994232177734 40.162654876709 40.1728897094727 40.5615043640137 40.438117980957 40.176155090332 40.0352592468262 40.1592712402344 41.3781700134277 41.953914642334 41.9916877746582 41.8290328979492 41.4010734558105 40.877571105957 41.4467315673828 41.5177955627441 41.5304679870605 41.0747375488281 41.3987350463867 41.1347885131836 41.0044479370117 40.8462905883789 39.8119125366211 38.5659637451172 37.4332008361816 37.720272064209 37.6284561157227 36.744010925293
42.6830215454102 43.1936721801758 43.0332450866699 42.9203262329102 43.0174865722656 43.3100547790527 43.302173614502 43.3050193786621 43.3008842468262 43.2744903564453 43.2322845458984 43.200138092041 43.0949935913086 42.9564399719238 42.8160667419434 42.6175308227539 42.2468452453613 41.8803901672363 41.633186340332 41.0749664306641 40.233470916748 40.4300346374512 40.2183418273926 40.2665328979492 40.1442375183105 40.1047782897949 41.0055160522461 41.9205856323242 41.9685134887695 41.6878128051758 41.5563545227051 40.6446647644043 40.8756332397461 41.0704803466797 41.3006935119629 41.3826866149902 41.2490234375 41.0877532958984 40.7444839477539 40.7702941894531 40.4784088134766 39.3973159790039 38.678466796875 39.1380958557129 38.7374305725098 37.7213287353516
42.9694442749023 43.1869201660156 42.8411064147949 42.2680892944336 42.3468818664551 43.1202774047852 43.2803688049316 43.2379112243652 43.2356147766113 43.2325897216797 43.1538047790527 43.1786422729492 43.1236190795898 43.0197105407715 42.8838500976562 42.7144355773926 42.4475212097168 41.8743896484375 41.5117645263672 41.0989227294922 40.4933433532715 40.4068298339844 40.230396270752 40.0281181335449 39.9835319519043 40.3021240234375 41.2628936767578 41.8989715576172 41.4640502929688 41.2604904174805 41.3334007263184 41.0194320678711 40.7286415100098 40.4267120361328 40.1772918701172 40.58056640625 40.4033050537109 40.6639633178711 40.5761566162109 40.3853378295898 40.1415481567383 40.3966598510742 40.1672630310059 39.8760643005371 39.3410606384277 38.9081344604492
43.0838584899902 43.1521682739258 42.9812431335449 42.7097854614258 42.4421920776367 42.8912467956543 43.1314468383789 43.136058807373 43.1594314575195 43.1926155090332 43.1684150695801 43.1920471191406 43.1276473999023 43.0646591186523 42.9255409240723 42.7339630126953 42.5255470275879 42.3316040039062 41.9819183349609 41.4108963012695 41.0633811950684 40.8271179199219 40.3650436401367 39.7827262878418 39.9089622497559 40.112174987793 41.3428421020508 41.7690315246582 40.1426086425781 39.770076751709 40.3145446777344 40.4922294616699 40.4356269836426 40.2302055358887 39.7895164489746 39.5477561950684 39.9972305297852 39.8389282226562 39.7922744750977 39.7303237915039 39.4817199707031 39.2020416259766 39.4026260375977 39.7924766540527 39.2311134338379 38.230167388916
42.9751625061035 42.989559173584 42.9988975524902 42.7575454711914 42.5098075866699 42.6554145812988 42.8288230895996 42.9778099060059 43.054515838623 43.1402816772461 43.1101570129395 43.096019744873 43.1503982543945 43.079517364502 42.9670333862305 42.7300834655762 42.6989784240723 42.5582008361816 42.3359413146973 41.9982109069824 41.8579292297363 41.1646156311035 40.6276741027832 40.1976165771484 40.178768157959 40.5003929138184 41.3761863708496 41.2742805480957 41.0038261413574 40.8951683044434 40.2085800170898 40.1386985778809 39.9545288085938 39.8107032775879 39.1566390991211 38.7792358398438 38.9546051025391 38.8884963989258 39.0777206420898 38.882194519043 38.8529739379883 38.0264892578125 38.6350936889648 39.3645477294922 39.1380195617676 37.8384857177734
42.5130348205566 42.7812309265137 42.9445991516113 42.8442497253418 42.6637344360352 42.5411643981934 42.5203094482422 42.8200607299805 42.9002723693848 43.0304336547852 43.0837898254395 43.0710182189941 43.1047019958496 43.1025505065918 42.9417343139648 42.8413505554199 42.7666053771973 42.6564674377441 42.5081100463867 42.323429107666 42.1344718933105 41.5126686096191 40.4988670349121 40.56103515625 39.9347610473633 40.4317855834961 41.2528495788574 40.7507781982422 40.8977279663086 41.2818336486816 41.1627159118652 41.0110397338867 40.4111213684082 40.0183219909668 38.6127891540527 37.4694328308105 37.4961318969727 37.3808250427246 37.3295135498047 37.7272758483887 37.8548927307129 38.0130233764648 38.1642265319824 38.9159698486328 38.7708778381348 38.4056129455566
42.6208381652832 42.689510345459 42.7915534973145 42.7588233947754 42.7160034179688 42.4406661987305 42.2446441650391 42.0058898925781 42.5591278076172 42.9653968811035 43.0620727539062 43.0860061645508 43.1352386474609 43.1170501708984 42.8514404296875 42.4987945556641 42.5048980712891 42.5365905761719 42.5586967468262 42.4402198791504 42.3029670715332 41.9422836303711 40.9636383056641 41.2141456604004 40.353889465332 40.332389831543 40.450008392334 40.7119789123535 39.7739410400391 40.3437118530273 39.999568939209 40.0857162475586 41.1522445678711 40.7629814147949 39.9042167663574 37.9103965759277 37.0876121520996 37.0749397277832 36.4656257629395 36.8328475952148 37.3790092468262 37.3566818237305 37.4139022827148 38.6028518676758 38.1945648193359 37.7070350646973
42.6902923583984 42.6126556396484 42.6479301452637 42.4676933288574 42.6270599365234 42.5403289794922 42.3358383178711 42.096321105957 42.2516403198242 42.7595863342285 42.9537925720215 43.1007080078125 43.1212158203125 43.0778884887695 43.0134696960449 42.6618003845215 42.3264045715332 42.1415405273438 42.3555641174316 42.4441070556641 42.3090553283691 42.1723518371582 41.8790321350098 41.3630485534668 40.4062271118164 40.2001533508301 40.1458892822266 40.2108268737793 40.239070892334 39.752254486084 39.2276039123535 39.9021377563477 40.9337463378906 40.2693557739258 40.4420394897461 39.9494590759277 39.5538597106934 39.4181632995605 38.5292282104492 37.5264739990234 38.1455688476562 37.8503265380859 38.1778945922852 38.3239212036133 38.0389709472656 37.6052856445312
