inst/extdata/Tmax/Tmax72.asc
NCOLS 100 
NROWS 79 
XLLCORNER 148.06 
YLLCORNER -21.49 
CELLSIZE 0.01 
NODATA_value -3.4e+38 
[rows 0 to 19 of 79, columns 46 to 91 of 100]
38.5983772277832 38.442943572998 38.3502807617188 38.342357635498 38.318660736084 38.2137985229492 38.3653717041016 38.2153701782227 38.0467376708984 37.8902359008789 37.8075065612793 37.5715560913086 37.4765586853027 37.6446304321289 37.8459548950195 37.7617111206055 37.6431312561035 37.4875450134277 37.2300910949707 37.060905456543 36.9427871704102 -3.4e+38 -3.4e+38 -3.4e+38 -3.4e+38 -3.4e+38 -3.4e+38 -3.4e+38 -3.4e+38 -3.4e+38 -3.4e+38 -3.4e+38 -3.4e+38 -3.4e+38 -3.4e+38 -3.4e+38 -3.4e+38 -3.4e+38 -3.4e+38 -3.4e+38 -3.4e+38 -3.4e+38 -3.4e+38 -3.4e+38 -3.4e+38 -3.4e+38
38.5562858581543 38.314811706543 38.1167144775391 38.3200454711914 38.4424247741699 38.4356002807617 38.3784790039062 38.2842712402344 37.9956817626953 37.6195983886719 37.7185020446777 37.2585945129395 37.6700325012207 37.9016151428223 37.8669319152832 37.7741546630859 37.6680450439453 37.5400848388672 37.3625335693359 37.2658424377441 37.1721496582031 37.0337600708008 -3.4e+38 -3.4e+38 -3.4e+38 -3.4e+38 -3.4e+38 -3.4e+38 -3.4e+38 -3.4e+38 -3.4e+38 -3.4e+38 -3.4e+38 -3.4e+38 -3.4e+38 -3.4e+38 -3.4e+38 -3.4e+38 -3.4e+38 -3.4e+38 -3.4e+38 -3.4e+38 -3.4e+38 -3.4e+38 -3.4e+38 -3.4e+38
38.4659233093262 37.8295974731445 37.0982093811035 38.2678413391113 38.4175872802734 38.4159927368164 38.3793869018555 38.3228607177734 38.1242141723633 37.6241340637207 37.6887474060059 37.7874603271484 37.8343925476074 37.9384956359863 37.892822265625 37.7955780029297 37.706844329834 37.6091232299805 37.4872932434082 37.2883949279785 37.2466430664062 37.0821800231934 36.8694725036621 36.6103134155273 -3.4e+38 -3.4e+38 -3.4e+38 -3.4e+38 -3.4e+38 -3.4e+38 -3.4e+38 -3.4e+38 -3.4e+38 -3.4e+38 -3.4e+38 -3.4e+38 -3.4e+38 -3.4e+38 -3.4e+38 -3.4e+38 -3.4e+38 -3.4e+38 -3.4e+38 -3.4e+38 -3.4e+38 -3.4e+38
38.0874443054199 38.1335296630859 37.1944198608398 38.1462745666504 38.2944107055664 38.330207824707 38.3597717285156 38.2677192687988 38.1482276916504 37.8627090454102 37.7624702453613 37.5346183776855 37.8068695068359 37.8948020935059 37.8960418701172 37.7998504638672 37.7368049621582 37.6632995605469 37.5318260192871 37.212760925293 37.0475082397461 37.0312118530273 36.9562492370605 36.8667068481445 36.7057723999023 36.3424644470215 -3.4e+38 -3.4e+38 -3.4e+38 -3.4e+38 -3.4e+38 -3.4e+38 -3.4e+38 -3.4e+38 -3.4e+38 -3.4e+38 -3.4e+38 -3.4e+38 -3.4e+38 -3.4e+38 -3.4e+38 -3.4e+38 -3.4e+38 -3.4e+38 -3.4e+38 -3.4e+38
38.0620651245117 38.0753631591797 37.0342445373535 37.2293548583984 37.8969573974609 38.3056106567383 38.353702545166 38.2262306213379 38.1882476806641 37.917163848877 37.6579780578613 37.4824333190918 37.1425132751465 37.6616287231445 37.8489990234375 37.7615661621094 37.7708854675293 37.7125511169434 37.4984893798828 36.8604774475098 36.4092445373535 37.00830078125 37.0498542785645 36.9730987548828 36.74755859375 36.4835433959961 -3.4e+38 -3.4e+38 -3.4e+38 -3.4e+38 -3.4e+38 -3.4e+38 -3.4e+38 -3.4e+38 -3.4e+38 -3.4e+38 -3.4e+38 -3.4e+38 -3.4e+38 -3.4e+38 -3.4e+38 -3.4e+38 -3.4e+38 -3.4e+38 -3.4e+38 -3.4e+38
37.321102142334 37.9452896118164 36.6080856323242 36.0429763793945 37.5762214660645 38.349250793457 38.2758636474609 38.2152061462402 38.1559829711914 37.8071632385254 37.0166091918945 36.7142715454102 36.9865570068359 37.7506370544434 37.655345916748 37.771785736084 37.7918663024902 37.7158966064453 37.619815826416 37.0708427429199 36.4309959411621 36.4631271362305 36.8702430725098 36.8985481262207 36.8503379821777 36.743579864502 -3.4e+38 -3.4e+38 -3.4e+38 -3.4e+38 -3.4e+38 -3.4e+38 -3.4e+38 -3.4e+38 -3.4e+38 -3.4e+38 -3.4e+38 -3.4e+38 -3.4e+38 -3.4e+38 -3.4e+38 -3.4e+38 -3.4e+38 -3.4e+38 -3.4e+38 -3.4e+38
36.519287109375 37.9133949279785 37.3703727722168 37.2896957397461 38.100341796875 38.3030891418457 38.1413230895996 38.0354080200195 38.1436500549316 37.729793548584 37.1028366088867 37.0792388916016 37.6216773986816 37.7083435058594 36.9199447631836 37.6414947509766 37.6718330383301 37.6544189453125 37.6615905761719 37.4111976623535 37.0746040344238 36.8171005249023 36.9771385192871 36.7503395080566 36.930305480957 36.9226341247559 36.7945785522461 36.5436477661133 -3.4e+38 -3.4e+38 -3.4e+38 -3.4e+38 -3.4e+38 -3.4e+38 -3.4e+38 -3.4e+38 -3.4e+38 -3.4e+38 -3.4e+38 -3.4e+38 -3.4e+38 -3.4e+38 -3.4e+38 -3.4e+38 -3.4e+38 -3.4e+38
35.7623710632324 37.9101905822754 38.2739028930664 38.104133605957 37.2435035705566 37.4553031921387 37.9613380432129 38.0697364807129 38.1808242797852 38.0094947814941 37.664192199707 37.2942199707031 37.2988815307617 37.4639625549316 37.0661315917969 37.6283264160156 37.0111961364746 36.957275390625 37.5223197937012 37.6003112792969 37.4434394836426 37.2018966674805 37.0893363952637 37.1042098999023 37.0541610717773 36.9961204528809 36.815242767334 36.6643486022949 36.4074325561523 35.9676895141602 35.9371795654297 -3.4e+38 -3.4e+38 -3.4e+38 -3.4e+38 -3.4e+38 -3.4e+38 -3.4e+38 -3.4e+38 -3.4e+38 -3.4e+38 -3.4e+38 -3.4e+38 -3.4e+38 -3.4e+38 -3.4e+38
35.6918716430664 37.4912109375 38.2697143554688 38.1626358032227 37.4289360046387 36.1149673461914 37.2780532836914 38.1259384155273 38.1683502197266 38.056941986084 37.9115676879883 37.675464630127 37.6723213195801 37.5077247619629 37.0487365722656 36.9698333740234 36.5881614685059 37.2196884155273 37.449520111084 37.4838714599609 37.4719467163086 37.1475028991699 36.7953338623047 36.4998435974121 37.0490913391113 37.054874420166 36.9262657165527 36.7675743103027 36.6430816650391 36.1715126037598 36.004955291748 36.0900535583496 -3.4e+38 -3.4e+38 -3.4e+38 -3.4e+38 -3.4e+38 -3.4e+38 -3.4e+38 -3.4e+38 -3.4e+38 -3.4e+38 -3.4e+38 -3.4e+38 -3.4e+38 -3.4e+38
36.5107192993164 37.4854202270508 38.147876739502 38.1258201599121 38.0885238647461 36.9077339172363 37.1517562866211 38.0327110290527 38.1579208374023 38.041820526123 37.8592681884766 37.6280746459961 37.5045471191406 37.5759086608887 36.9967231750488 36.7162590026855 36.6271438598633 37.5530433654785 37.4024543762207 37.1287574768066 37.4301567077637 37.3652038574219 37.1769676208496 36.865779876709 37.1695518493652 37.0892715454102 36.9356727600098 36.9473266601562 36.7935066223145 36.5243110656738 36.1106338500977 36.0930442810059 -3.4e+38 -3.4e+38 -3.4e+38 -3.4e+38 -3.4e+38 -3.4e+38 -3.4e+38 -3.4e+38 -3.4e+38 -3.4e+38 -3.4e+38 -3.4e+38 -3.4e+38 -3.4e+38
35.6636734008789 37.3347587585449 37.6544380187988 37.4571571350098 37.7438583374023 37.9568748474121 37.692684173584 38.0410575866699 38.1065788269043 38.004753112793 37.8448867797852 37.6772575378418 37.4896125793457 37.769832611084 37.6199913024902 37.5178070068359 37.54931640625 37.7015075683594 37.6769599914551 37.2078323364258 36.802131652832 37.3250579833984 37.4481239318848 37.0052375793457 36.9908447265625 36.8385925292969 36.7873840332031 37.0168037414551 36.8668403625488 36.6107368469238 -3.4e+38 -3.4e+38 -3.4e+38 -3.4e+38 -3.4e+38 -3.4e+38 -3.4e+38 -3.4e+38 -3.4e+38 -3.4e+38 -3.4e+38 -3.4e+38 -3.4e+38 -3.4e+38 -3.4e+38 -3.4e+38
35.0352668762207 35.9413375854492 36.238224029541 35.9895706176758 36.9216346740723 37.5005187988281 37.8018684387207 38.0244903564453 38.007137298584 37.9194526672363 37.7483024597168 37.5758819580078 37.4337310791016 37.9388427734375 37.9121208190918 37.7714881896973 37.7597312927246 37.814697265625 37.8276710510254 37.7249450683594 37.3914184570312 37.1869773864746 37.4763717651367 37.2939987182617 37.0691375732422 37.1399040222168 37.1383781433105 36.8979110717773 36.7782592773438 36.6191101074219 -3.4e+38 -3.4e+38 -3.4e+38 -3.4e+38 -3.4e+38 -3.4e+38 -3.4e+38 -3.4e+38 -3.4e+38 -3.4e+38 -3.4e+38 -3.4e+38 -3.4e+38 -3.4e+38 -3.4e+38 -3.4e+38
35.021110534668 34.0914344787598 33.5079154968262 33.6321678161621 35.6515083312988 36.1578598022461 37.2663650512695 37.567756652832 37.8277206420898 37.7171516418457 37.5151824951172 37.7821769714355 37.7685661315918 37.6648406982422 38.0160064697266 37.974250793457 37.9025344848633 37.8904724121094 37.8808479309082 37.845516204834 37.7851715087891 37.6880798339844 37.5439643859863 37.4740409851074 37.198844909668 37.2361221313477 37.1933059692383 36.9409141540527 36.691089630127 36.5737686157227 36.4389266967773 36.1507797241211 -3.4e+38 -3.4e+38 -3.4e+38 -3.4e+38 -3.4e+38 -3.4e+38 -3.4e+38 -3.4e+38 -3.4e+38 -3.4e+38 -3.4e+38 -3.4e+38 -3.4e+38 -3.4e+38
35.0224609375 34.2763252258301 33.4310722351074 32.9278259277344 33.4882431030273 34.2767066955566 36.0696334838867 37.1672973632812 37.7941055297852 37.6308135986328 37.1827583312988 37.6928939819336 37.9539642333984 37.9760055541992 37.9748115539551 37.9707717895508 37.973949432373 37.9456100463867 37.908447265625 37.8624839782715 37.8149833679199 37.7306022644043 37.6446571350098 37.5512390136719 37.328483581543 37.3262100219727 37.2214317321777 37.0223503112793 36.7889785766602 36.7035865783691 36.6270446777344 36.4748573303223 36.1993446350098 -3.4e+38 -3.4e+38 -3.4e+38 -3.4e+38 35.6564483642578 35.6686096191406 -3.4e+38 -3.4e+38 -3.4e+38 -3.4e+38 -3.4e+38 -3.4e+38 -3.4e+38
35.5757789611816 34.3580360412598 33.5249900817871 33.1697044372559 33.6809997558594 33.4524765014648 34.5709533691406 36.1942367553711 37.3828506469727 37.7013778686523 36.7300224304199 37.4600486755371 37.8232879638672 37.4179191589355 37.4758224487305 37.8041076660156 37.8726081848145 37.9132881164551 37.8537902832031 37.7289123535156 37.7400398254395 37.6657791137695 37.6456031799316 37.5802726745605 37.4922142028809 37.3458633422852 37.2325286865234 37.0891304016113 36.9518737792969 36.852409362793 36.7920799255371 36.6356239318848 36.2953491210938 -3.4e+38 -3.4e+38 -3.4e+38 -3.4e+38 35.7632865905762 35.7022933959961 35.822437286377 35.7899513244629 35.6184501647949 -3.4e+38 -3.4e+38 -3.4e+38 -3.4e+38
35.5332450866699 34.3306694030762 33.561336517334 33.9799766540527 33.7767639160156 34.1574325561523 33.9135208129883 35.2531089782715 37.2101402282715 37.8267555236816 36.9160575866699 36.8689918518066 37.5612449645996 35.9189605712891 36.8030242919922 37.1169891357422 37.5720024108887 37.8764686584473 37.8413848876953 37.7456321716309 37.7211456298828 37.6709136962891 37.6549835205078 37.5882301330566 37.506534576416 37.273136138916 37.2258987426758 37.1445808410645 37.0722808837891 37.0058937072754 36.8978652954102 36.7361030578613 36.5505676269531 -3.4e+38 -3.4e+38 36.2841300964355 36.0867767333984 35.8523216247559 35.7249298095703 35.5230827331543 35.6196670532227 35.7787475585938 -3.4e+38 -3.4e+38 -3.4e+38 -3.4e+38
34.2287521362305 33.0395050048828 32.9907913208008 34.213924407959 34.5354423522949 34.4503707885742 34.0461006164551 34.3841590881348 36.5479469299316 37.6600036621094 37.6563262939453 36.9249153137207 37.3606147766113 36.1458892822266 36.142765045166 36.1837577819824 37.3089408874512 37.8565864562988 37.8465919494629 37.8382797241211 37.8180618286133 37.7377243041992 37.6726951599121 37.4506950378418 37.4282760620117 37.304141998291 37.2632141113281 37.2297668457031 37.1757965087891 37.0802726745605 36.9730644226074 36.8442916870117 36.7239303588867 -3.4e+38 36.5504493713379 36.5104064941406 36.4276962280273 -3.4e+38 35.8628730773926 -3.4e+38 35.5796813964844 -3.4e+38 -3.4e+38 -3.4e+38 -3.4e+38 -3.4e+38
34.1814346313477 32.8020858764648 32.106517791748 34.5791435241699 34.7745704650879 34.1631469726562 33.788501739502 33.9073753356934 35.3639335632324 37.4020462036133 37.4817886352539 37.1000938415527 37.1872177124023 37.2673377990723 36.677188873291 37.6052894592285 37.7775230407715 37.8427085876465 37.8519287109375 37.8195953369141 37.7948303222656 37.7316131591797 37.6772613525391 37.5778312683105 37.5407028198242 37.4521102905273 37.3867530822754 37.3201599121094 37.2068710327148 37.1539916992188 37.0657653808594 36.9650344848633 36.8820838928223 36.7982025146484 36.7405319213867 36.7132987976074 36.5616989135742 -3.4e+38 -3.4e+38 -3.4e+38 -3.4e+38 -3.4e+38 -3.4e+38 35.7610092163086 -3.4e+38 -3.4e+38
35.8487968444824 35.5476493835449 33.510856628418 34.9532508850098 33.5489463806152 33.5504608154297 33.9576683044434 34.2378349304199 36.1382217407227 37.3572158813477 37.0844802856445 36.536376953125 37.27587890625 37.6076774597168 37.6759452819824 37.7034797668457 37.7832489013672 37.495288848877 37.6041259765625 37.7186889648438 37.6786804199219 37.6751899719238 37.6584053039551 37.608715057373 37.5592155456543 37.4902725219727 37.4341735839844 37.2960968017578 36.995288848877 37.0726165771484 37.1216354370117 37.0743026733398 37.0155296325684 36.9251251220703 36.8733100891113 36.7931365966797 36.6542587280273 36.5276718139648 36.4094886779785 36.3337135314941 36.3069114685059 36.1963500976562 35.9510612487793 35.7594871520996 -3.4e+38 -3.4e+38
35.9188041687012 35.1282196044922 35.7311592102051 35.5516548156738 34.22265625 34.252758026123 33.8754081726074 34.0707893371582 35.9411354064941 37.0957565307617 37.4350357055664 37.2204170227051 37.4970321655273 37.7242469787598 37.5985336303711 37.4582710266113 37.6002464294434 37.3534965515137 37.1965599060059 37.3239631652832 37.5773277282715 37.5996437072754 37.593147277832 37.5975303649902 37.5738182067871 37.518123626709 37.449649810791 37.2619094848633 37.013011932373 37.1486892700195 37.1025543212891 37.1620826721191 37.0497932434082 36.9854011535645 36.9343948364258 36.8052558898926 36.7151794433594 36.6551666259766 36.6043128967285 36.5571746826172 36.5076789855957 36.3794975280762 36.053524017334 35.6972198486328 35.725715637207 -3.4e+38
