inst/extdata/Tmax/Tmax7.asc
NCOLS 100 
NROWS 79 
XLLCORNER 148.06 
YLLCORNER -21.49 
CELLSIZE 0.01 
NODATA_value -3.4e+38 
[rows 0 to 19 of 79, columns 46 to 91 of 100]
29.6227416992188 28.2920875549316 28.4618587493896 28.7002754211426 29.2602443695068 29.1918811798096 29.4495868682861 29.4527034759521 28.4312686920166 26.4234142303467 28.1294002532959 27.485538482666 28.2643718719482 28.97314453125 29.1679191589355 29.3731861114502 29.5875301361084 30.0306739807129 28.6205558776855 29.2234020233154 29.4676513671875 -3.4e+38 -3.4e+38 -3.4e+38 -3.4e+38 -3.4e+38 -3.4e+38 -3.4e+38 -3.4e+38 -3.4e+38 -3.4e+38 -3.4e+38 -3.4e+38 -3.4e+38 -3.4e+38 -3.4e+38 -3.4e+38 -3.4e+38 -3.4e+38 -3.4e+38 -3.4e+38 -3.4e+38 -3.4e+38 -3.4e+38 -3.4e+38 -3.4e+38
29.9797420501709 29.4284191131592 28.0514869689941 28.372257232666 28.5751819610596 28.5601806640625 28.9290657043457 29.3195686340332 27.9819965362549 26.9181289672852 29.0079822540283 28.6010818481445 30.4992237091064 30.1937923431396 29.0445880889893 28.0634822845459 29.2341709136963 31.1152324676514 30.0542182922363 28.8620796203613 29.5996246337891 31.7003383636475 -3.4e+38 -3.4e+38 -3.4e+38 -3.4e+38 -3.4e+38 -3.4e+38 -3.4e+38 -3.4e+38 -3.4e+38 -3.4e+38 -3.4e+38 -3.4e+38 -3.4e+38 -3.4e+38 -3.4e+38 -3.4e+38 -3.4e+38 -3.4e+38 -3.4e+38 -3.4e+38 -3.4e+38 -3.4e+38 -3.4e+38 -3.4e+38
31.750358581543 28.5859413146973 26.4145202636719 27.0342197418213 26.9107265472412 28.4724655151367 27.6634387969971 27.5939064025879 26.732666015625 26.4277362823486 28.3082218170166 29.8004817962646 31.210277557373 30.7303256988525 28.2234191894531 27.5183620452881 29.098913192749 28.7653617858887 28.6648464202881 28.9005527496338 28.6072788238525 28.8860664367676 28.777172088623 29.3314685821533 -3.4e+38 -3.4e+38 -3.4e+38 -3.4e+38 -3.4e+38 -3.4e+38 -3.4e+38 -3.4e+38 -3.4e+38 -3.4e+38 -3.4e+38 -3.4e+38 -3.4e+38 -3.4e+38 -3.4e+38 -3.4e+38 -3.4e+38 -3.4e+38 -3.4e+38 -3.4e+38 -3.4e+38 -3.4e+38
27.7749729156494 27.2992076873779 24.26096534729 25.4075050354004 27.0719738006592 26.9125289916992 27.3973789215088 27.56667137146 27.2588558197021 26.8105602264404 28.10622215271 27.7140464782715 30.5431880950928 31.1543769836426 28.6266593933105 28.065990447998 29.9340362548828 30.6240139007568 30.0650444030762 29.3188514709473 27.9229030609131 28.9180946350098 28.6965198516846 29.5807075500488 30.1157493591309 30.1410179138184 -3.4e+38 -3.4e+38 -3.4e+38 -3.4e+38 -3.4e+38 -3.4e+38 -3.4e+38 -3.4e+38 -3.4e+38 -3.4e+38 -3.4e+38 -3.4e+38 -3.4e+38 -3.4e+38 -3.4e+38 -3.4e+38 -3.4e+38 -3.4e+38 -3.4e+38 -3.4e+38
28.7349300384521 26.9105777740479 24.0414505004883 23.7929859161377 25.416187286377 27.7688980102539 28.4721145629883 28.8235874176025 26.9064483642578 25.8923606872559 26.5665607452393 24.9539318084717 26.4499130249023 30.6072044372559 27.8169403076172 28.1681156158447 30.0624103546143 29.8809394836426 30.5415744781494 30.4164657592773 23.9598655700684 28.8798274993896 29.2205867767334 28.7500495910645 29.5940990447998 30.1158962249756 -3.4e+38 -3.4e+38 -3.4e+38 -3.4e+38 -3.4e+38 -3.4e+38 -3.4e+38 -3.4e+38 -3.4e+38 -3.4e+38 -3.4e+38 -3.4e+38 -3.4e+38 -3.4e+38 -3.4e+38 -3.4e+38 -3.4e+38 -3.4e+38 -3.4e+38 -3.4e+38
24.3731231689453 25.2826690673828 23.1384029388428 22.3590793609619 25.3748054504395 27.6601161956787 27.0715103149414 27.5157089233398 26.3580989837646 26.6501064300537 24.2802066802979 23.9535217285156 28.0742988586426 28.9771270751953 26.8437156677246 28.2152271270752 29.5131874084473 30.6593933105469 29.6909503936768 29.4318580627441 24.0206260681152 26.1267642974854 29.8270359039307 28.8696994781494 29.3686351776123 29.3663845062256 -3.4e+38 -3.4e+38 -3.4e+38 -3.4e+38 -3.4e+38 -3.4e+38 -3.4e+38 -3.4e+38 -3.4e+38 -3.4e+38 -3.4e+38 -3.4e+38 -3.4e+38 -3.4e+38 -3.4e+38 -3.4e+38 -3.4e+38 -3.4e+38 -3.4e+38 -3.4e+38
23.0347328186035 24.0891017913818 24.3566493988037 23.9090785980225 28.0209827423096 27.6989326477051 27.6903743743896 26.5545253753662 27.4129772186279 26.2966232299805 25.3581295013428 25.6926040649414 26.8837909698486 30.574369430542 30.4259033203125 31.5829238891602 28.1359729766846 28.4911365509033 28.543399810791 29.0253791809082 30.8129215240479 28.5829029083252 29.4391555786133 28.9965286254883 28.4788036346436 27.8418865203857 27.8179149627686 28.4338798522949 -3.4e+38 -3.4e+38 -3.4e+38 -3.4e+38 -3.4e+38 -3.4e+38 -3.4e+38 -3.4e+38 -3.4e+38 -3.4e+38 -3.4e+38 -3.4e+38 -3.4e+38 -3.4e+38 -3.4e+38 -3.4e+38 -3.4e+38 -3.4e+38
21.847936630249 24.8154182434082 30.0604286193848 24.5399627685547 23.3444576263428 25.1813526153564 27.0757312774658 26.1986522674561 26.5582733154297 27.4076747894287 25.808500289917 25.3277378082275 26.3886241912842 27.8642044067383 26.1420783996582 29.0743885040283 26.024377822876 25.8439712524414 27.2417087554932 28.6537971496582 28.917875289917 27.5910053253174 28.1537685394287 28.8206920623779 27.8413734436035 27.1271114349365 26.9077701568604 27.628396987915 29.0438747406006 27.5825824737549 28.8478889465332 -3.4e+38 -3.4e+38 -3.4e+38 -3.4e+38 -3.4e+38 -3.4e+38 -3.4e+38 -3.4e+38 -3.4e+38 -3.4e+38 -3.4e+38 -3.4e+38 -3.4e+38 -3.4e+38 -3.4e+38
21.8049068450928 24.1114158630371 24.9698810577393 28.8796482086182 24.3594341278076 22.5101146697998 24.8248634338379 25.2850036621094 27.5765438079834 27.8521728515625 28.0527000427246 26.3590488433838 25.9932956695557 26.6033401489258 24.459602355957 24.3357334136963 23.5835132598877 27.9336376190186 26.537088394165 27.950870513916 30.0391292572021 29.923791885376 27.4309978485107 25.4595146179199 26.6296234130859 27.3069629669189 27.9787578582764 29.1570472717285 28.8407649993896 27.6255073547363 27.184965133667 29.633659362793 -3.4e+38 -3.4e+38 -3.4e+38 -3.4e+38 -3.4e+38 -3.4e+38 -3.4e+38 -3.4e+38 -3.4e+38 -3.4e+38 -3.4e+38 -3.4e+38 -3.4e+38 -3.4e+38
23.2148132324219 24.1000308990479 24.7698726654053 25.5513572692871 27.1142826080322 23.9012088775635 23.6270275115967 25.4332237243652 26.9902362823486 27.2607440948486 27.1682014465332 26.8957862854004 25.8418445587158 25.9576988220215 24.3167419433594 23.9329280853271 23.5572261810303 28.6666946411133 28.4396533966064 26.6613464355469 27.8432750701904 29.666130065918 30.4081058502197 29.3761024475098 29.4320507049561 27.1348361968994 27.7317161560059 30.3041000366211 28.3213481903076 27.6721744537354 30.7726764678955 31.2579383850098 -3.4e+38 -3.4e+38 -3.4e+38 -3.4e+38 -3.4e+38 -3.4e+38 -3.4e+38 -3.4e+38 -3.4e+38 -3.4e+38 -3.4e+38 -3.4e+38 -3.4e+38 -3.4e+38
22.0911159515381 24.4651660919189 24.4160251617432 24.3903980255127 25.9284439086914 28.8227100372314 25.9446067810059 26.8317031860352 26.6466503143311 26.8598327636719 27.633695602417 27.1055774688721 26.6315097808838 27.2601089477539 26.650182723999 26.7324104309082 27.8648300170898 28.1689701080322 29.3945541381836 29.124532699585 26.6994228363037 29.9258899688721 27.6226692199707 26.46044921875 28.2521667480469 27.9642791748047 28.9898414611816 29.0012302398682 31.0199298858643 31.6712894439697 -3.4e+38 -3.4e+38 -3.4e+38 -3.4e+38 -3.4e+38 -3.4e+38 -3.4e+38 -3.4e+38 -3.4e+38 -3.4e+38 -3.4e+38 -3.4e+38 -3.4e+38 -3.4e+38 -3.4e+38 -3.4e+38
21.4787693023682 22.6838092803955 22.8598155975342 22.0295944213867 23.0042381286621 24.1328907012939 30.8114356994629 27.5796871185303 27.2884197235107 26.9774417877197 27.1594924926758 27.5572414398193 26.6857872009277 27.3041210174561 27.0304698944092 28.8744621276855 28.8421955108643 28.7970314025879 31.8744373321533 29.6537857055664 27.837574005127 27.8670978546143 28.0017471313477 27.4071140289307 31.3837585449219 27.2499217987061 28.6369228363037 28.4178848266602 29.2441444396973 28.117223739624 -3.4e+38 -3.4e+38 -3.4e+38 -3.4e+38 -3.4e+38 -3.4e+38 -3.4e+38 -3.4e+38 -3.4e+38 -3.4e+38 -3.4e+38 -3.4e+38 -3.4e+38 -3.4e+38 -3.4e+38 -3.4e+38
21.2101745605469 19.81711769104 19.3947486877441 19.3613891601562 21.9597759246826 22.7993144989014 24.47216796875 24.8589096069336 26.7175998687744 27.211404800415 25.7684669494629 26.1058082580566 25.997386932373 26.5260105133057 26.9537525177002 26.9770984649658 27.2124538421631 28.9575595855713 31.3204593658447 31.0209140777588 28.7977523803711 29.0308666229248 28.9135303497314 30.6953430175781 29.0313320159912 28.3131160736084 29.2019729614258 28.4869785308838 26.8953762054443 25.0899181365967 28.2493076324463 29.6767635345459 -3.4e+38 -3.4e+38 -3.4e+38 -3.4e+38 -3.4e+38 -3.4e+38 -3.4e+38 -3.4e+38 -3.4e+38 -3.4e+38 -3.4e+38 -3.4e+38 -3.4e+38 -3.4e+38
21.218168258667 20.190803527832 19.5128231048584 19.1432609558105 19.6926689147949 20.4126224517822 22.5470905303955 23.7471714019775 26.271656036377 27.3801078796387 26.4330558776855 26.4092197418213 26.9515438079834 27.4144096374512 27.7530250549316 29.0289936065674 27.2215232849121 29.2036724090576 30.2974338531494 29.1931343078613 29.1943473815918 31.5942974090576 29.300609588623 28.7961692810059 30.1599826812744 28.4482669830322 27.4592838287354 27.2642021179199 26.3656139373779 27.6692047119141 29.6761417388916 29.4573497772217 28.4367828369141 -3.4e+38 -3.4e+38 -3.4e+38 -3.4e+38 24.7249870300293 30.9367809295654 -3.4e+38 -3.4e+38 -3.4e+38 -3.4e+38 -3.4e+38 -3.4e+38 -3.4e+38
21.7574481964111 20.837287902832 19.589786529541 19.1986770629883 19.8651905059814 19.580207824707 20.996919631958 22.8422355651855 24.1244430541992 25.1754970550537 23.4364433288574 26.8907794952393 26.2171878814697 26.8890781402588 28.18115234375 27.261754989624 28.0807609558105 31.5589447021484 28.1104698181152 29.9239120483398 29.1085433959961 31.0525150299072 29.7605438232422 29.0568141937256 29.0223274230957 29.1270503997803 29.0288009643555 27.6816711425781 27.2520332336426 30.0947418212891 30.0847225189209 29.2905101776123 28.7273044586182 -3.4e+38 -3.4e+38 -3.4e+38 -3.4e+38 25.8969802856445 29.7235774993896 31.2303276062012 30.8646907806396 30.7311630249023 -3.4e+38 -3.4e+38 -3.4e+38 -3.4e+38
21.670259475708 20.2006244659424 19.5650806427002 19.7174186706543 19.273494720459 20.3893928527832 20.2062072753906 21.7662887573242 25.9538612365723 27.6005973815918 25.4523220062256 23.7291736602783 27.5471420288086 23.028600692749 23.1156978607178 23.9924068450928 29.2673625946045 27.5763092041016 27.1482620239258 28.3281536102295 28.5230312347412 29.3058032989502 29.1472091674805 28.4500732421875 28.4196853637695 28.5365352630615 29.6900386810303 28.713981628418 27.9082164764404 27.9088649749756 28.7211380004883 25.2918872833252 31.5859527587891 -3.4e+38 -3.4e+38 28.9611167907715 30.7224140167236 29.9747123718262 28.7347545623779 29.7992687225342 29.7575740814209 31.21608543396 -3.4e+38 -3.4e+38 -3.4e+38 -3.4e+38
19.9772243499756 18.5849380493164 18.6810455322266 20.1075038909912 20.6492958068848 20.3823909759521 19.8797130584717 20.7589588165283 28.0826416015625 26.6424865722656 30.8530502319336 23.5284042358398 24.4872188568115 25.2586250305176 23.1369323730469 23.3692817687988 24.1337471008301 26.0704536437988 27.8571300506592 27.2882843017578 30.1473522186279 27.4846076965332 28.1980266571045 28.4964370727539 27.9742679595947 29.0768585205078 29.0479068756104 29.3981628417969 29.7334232330322 28.429630279541 28.6985378265381 25.3166942596436 27.3901233673096 -3.4e+38 31.3291702270508 26.7742462158203 28.7499198913574 -3.4e+38 31.2729225158691 -3.4e+38 30.9590148925781 -3.4e+38 -3.4e+38 -3.4e+38 -3.4e+38 -3.4e+38
20.5965633392334 18.7638416290283 18.1223697662354 20.9905834197998 21.1242637634277 20.137601852417 19.6854305267334 19.7997989654541 21.8096446990967 24.3882446289062 24.7819366455078 28.6083679199219 30.3029727935791 25.6724376678467 25.0935478210449 26.4978580474854 26.9498634338379 27.2482719421387 26.8069229125977 26.7398567199707 28.3117542266846 28.3647766113281 29.9263515472412 29.9612216949463 28.2621421813965 28.0444831848145 29.0051670074463 27.9818801879883 28.2773189544678 28.1600933074951 25.8580360412598 27.1536083221436 31.1340141296387 28.1603565216064 27.2136116027832 29.899995803833 29.5582714080811 -3.4e+38 -3.4e+38 -3.4e+38 -3.4e+38 -3.4e+38 -3.4e+38 30.9087886810303 -3.4e+38 -3.4e+38
21.7664279937744 21.4690475463867 18.6160354614258 20.624174118042 18.9950256347656 19.2553367614746 20.4062595367432 20.5912609100342 22.6309967041016 25.5246715545654 24.5678005218506 24.6699447631836 27.3665523529053 31.366512298584 26.8441066741943 27.1451969146729 26.951343536377 26.1593360900879 25.6940822601318 25.6571922302246 31.0654716491699 28.6983299255371 30.7511196136475 28.9320011138916 29.1325206756592 27.638427734375 28.1003875732422 27.0143585205078 27.6257343292236 27.7180137634277 26.1369380950928 26.4219303131104 29.4888916015625 29.6189651489258 29.1290454864502 29.5146808624268 29.1665458679199 30.8403282165527 29.4357681274414 26.4492149353027 28.8512172698975 28.5787200927734 29.7091026306152 28.8661022186279 -3.4e+38 -3.4e+38
22.3310375213623 21.3790340423584 21.8520317077637 21.9863872528076 20.3143405914307 19.771635055542 19.4787101745605 19.8961429595947 22.4451541900635 30.2805824279785 24.9361381530762 30.7342891693115 29.6188220977783 26.8414478302002 27.0181045532227 24.62375831604 24.7638130187988 27.2264308929443 25.7516422271729 26.0735054016113 28.2639179229736 29.7973937988281 31.80491065979 29.5420932769775 31.1793975830078 27.9989738464355 30.702184677124 29.0885028839111 28.2391929626465 27.9954071044922 27.2366580963135 28.4070224761963 29.9568119049072 30.5509834289551 30.7492713928223 28.0006561279297 27.7419052124023 29.1733131408691 30.2920608520508 31.0668487548828 30.6496410369873 30.7259063720703 29.0604934692383 28.9363212585449 25.3236141204834 -3.4e+38
