inst/extdata/Tmax/Tmax103.asc
NCOLS 100 
NROWS 79 
XLLCORNER 148.06 
YLLCORNER -21.49 
CELLSIZE 0.01 
NODATA_value -3.4e+38 
[rows 40 to 59 of 79, columns 0 to 45 of 100]
30.531856536865199 30.2389602661133 30.2909622192383 30.343656539917 30.2218360900879 30.3676471710205 30.3338680267334 30.1204414367676 29.5975494384766 30.1041793823242 30.8565082550049 31.2555332183838 31.3179893493652 31.3981323242188 31.4956665039062 31.2653503417969 30.9692649841309 30.5718593597412 29.9151935577393 30.5088348388672 30.5158290863037 30.4099311828613 30.3549041748047 29.9066162109375 28.884464263916 28.161205291748 27.9579753875732 28.0782222747803 28.2281799316406 27.5209407806396 26.8091926574707 27.3089809417725 28.7728404998779 28.4796104431152 28.2019176483154 28.5974235534668 28.5159873962402 28.1636734008789 27.9298610687256 27.4335460662842 27.4037036895752 26.443187713623 25.8073596954346 25.8164958953857 25.5428237915039 25.3777980804443
30.7008037567139 30.2698249816895 30.1440849304199 30.2795925140381 30.1790981292725 30.2895050048828 30.3185882568359 30.2129764556885 29.9437065124512 30.1014213562012 30.5095462799072 30.940845489502 31.2294692993164 31.4463443756104 31.5182514190674 31.3606128692627 31.0264587402344 30.4509963989258 30.0779094696045 30.2648639678955 30.3093414306641 30.0576572418213 30.2846488952637 29.9767742156982 29.2248268127441 28.6702499389648 27.9886684417725 27.9113235473633 28.1679573059082 27.6901321411133 27.2259941101074 27.963357925415 28.756383895874 27.9158020019531 27.111629486084 27.9947814941406 28.0662631988525 28.3244647979736 28.2994613647461 28.0514850616455 27.9326133728027 27.1279201507568 25.5642623901367 25.4440631866455 25.54248046875 25.5127353668213
30.5433864593506 30.5067520141602 30.2773895263672 30.1561965942383 30.2430152893066 30.2850151062012 30.280101776123 30.2531700134277 30.2307167053223 30.1928558349609 30.2673759460449 30.8445053100586 31.238468170166 31.4276657104492 31.4634552001953 31.4266624450684 31.1811103820801 30.8153839111328 30.5660076141357 30.5274314880371 30.4447975158691 29.7133693695068 29.6490993499756 29.9247913360596 29.9732437133789 29.4807720184326 28.5071392059326 28.1462726593018 28.0740928649902 27.8360328674316 26.8384857177734 28.0714244842529 28.1509990692139 26.9497318267822 26.0496578216553 27.0843448638916 27.103609085083 27.8570785522461 28.0626258850098 27.7375965118408 27.4903945922852 27.5688457489014 26.901741027832 26.6707801818848 27.1616344451904 28.3119354248047
30.1390228271484 30.2702865600586 30.2677879333496 30.278392791748 30.3287200927734 30.3367195129395 30.3181343078613 30.2753982543945 30.355806350708 30.3384914398193 30.3659362792969 30.8627662658691 31.1705856323242 31.3713722229004 31.4153594970703 31.4533348083496 31.3540344238281 31.1146831512451 30.803071975708 30.866735458374 30.6790370941162 30.3985748291016 29.6294021606445 29.2407722473145 30.0310707092285 29.8027248382568 29.3551921844482 28.8178310394287 28.4516048431396 28.2685794830322 27.3820304870605 27.304801940918 28.1139106750488 27.5575180053711 26.8476161956787 26.3443336486816 26.4604835510254 26.7543773651123 27.0276165008545 26.7768898010254 26.2785320281982 27.1136150360107 26.6287078857422 27.718334197998 29.7624225616455 30.4864234924316
29.8027019500732 30.0368423461914 30.0263404846191 30.0428123474121 30.270133972168 30.4171867370605 30.4702072143555 30.4227447509766 30.5096092224121 30.5800304412842 30.7929782867432 30.9734840393066 31.142391204834 31.2797508239746 31.3704452514648 31.4519195556641 31.4377174377441 31.2815246582031 31.1149597167969 31.0763111114502 30.940393447876 30.7929191589355 30.4570827484131 30.2261028289795 30.0370960235596 29.5212078094482 29.8368225097656 29.7093639373779 29.35378074646 28.5872211456299 27.9113960266113 27.9218196868896 28.2970733642578 28.5004291534424 28.1799736022949 26.8745079040527 25.4114151000977 25.3855609893799 25.5176029205322 25.9061336517334 25.7843647003174 26.4213581085205 25.898796081543 26.8539810180664 28.8863182067871 30.5043659210205
29.8184299468994 29.9134883880615 29.7504539489746 29.6414108276367 29.8892593383789 30.156810760498 30.444486618042 30.5988998413086 30.6936168670654 30.817892074585 30.9160480499268 30.8479385375977 30.6055145263672 31.0589256286621 31.3447113037109 31.4203071594238 31.4433135986328 31.3792247772217 31.2897071838379 31.2308864593506 31.1408157348633 31.0355186462402 30.9868869781494 30.2889862060547 29.9012317657471 29.829216003418 29.9475421905518 29.7653560638428 29.5639896392822 28.991024017334 27.5968647003174 27.8463134765625 28.2090339660645 28.2964210510254 28.4232425689697 27.4231128692627 25.9929218292236 25.7398014068604 25.7907161712646 26.2933712005615 25.644458770752 26.0661029815674 26.5226802825928 26.8855094909668 27.8938522338867 29.2459487915039
29.6537017822266 29.6445274353027 29.6659240722656 29.5978927612305 29.5017890930176 29.582691192627 30.1711006164551 30.3317699432373 30.4892272949219 30.5275363922119 30.7980709075928 30.9412574768066 30.6690101623535 30.9864387512207 31.2700538635254 31.3804397583008 31.413013458252 31.349681854248 31.3191108703613 31.2881278991699 31.2161350250244 31.155818939209 31.0527114868164 30.5121250152588 29.5756454467773 29.7182388305664 29.9421672821045 29.6955909729004 29.6524848937988 29.4982223510742 28.6025581359863 28.2548980712891 27.8687553405762 28.1765670776367 28.3458042144775 27.8277149200439 26.6588020324707 26.9887142181396 26.4088649749756 27.2108974456787 26.5977935791016 26.7934150695801 26.9367733001709 27.0724773406982 27.0792903900146 26.8812828063965
30.1503944396973 29.4474983215332 29.3692016601562 29.3245296478271 29.3102416992188 29.4664764404297 29.84450340271 29.8093776702881 30.1114196777344 30.184289932251 30.2936992645264 30.3912811279297 30.6239147186279 30.9691219329834 31.2081108093262 31.36399269104 31.3746509552002 31.2490825653076 31.0543804168701 30.9567947387695 31.1288471221924 30.9333724975586 30.9702816009521 30.9088802337646 30.3907642364502 30.2921524047852 30.3325595855713 30.1136989593506 29.9335918426514 29.6915664672852 28.9195671081543 28.5257568359375 27.7395439147949 28.196081161499 28.2594356536865 28.0121097564697 27.5443267822266 27.8121128082275 27.5275382995605 27.8156070709229 27.5340023040771 27.3225498199463 27.1708698272705 27.0163192749023 26.6466426849365 26.3979225158691
30.9243431091309 30.0384426116943 29.1992778778076 29.0476932525635 29.208646774292 29.4329319000244 29.3787956237793 29.3933982849121 29.7922611236572 30.1471061706543 30.246603012085 30.2493362426758 30.5326156616211 30.9057903289795 31.2046985626221 31.3012027740479 31.3337554931641 31.2647190093994 31.0815830230713 30.8340969085693 30.9325885772705 30.8890190124512 30.8109493255615 30.9790191650391 30.8659248352051 30.7551174163818 30.4439582824707 30.2247543334961 30.1356678009033 29.811092376709 29.3740825653076 28.8644638061523 27.9015464782715 28.0891571044922 28.0698127746582 28.1515445709229 28.059886932373 28.0428104400635 27.9271755218506 27.7343940734863 26.8525676727295 26.6838645935059 26.916036605835 26.641393661499 26.5045719146729 26.1302223205566
31.2130241394043 30.6578788757324 29.7127838134766 29.0811100006104 29.08083152771 29.0848083496094 29.1365051269531 29.5415191650391 29.826286315918 29.7241840362549 30.4482936859131 30.736234664917 30.8783264160156 31.0124492645264 31.1437244415283 31.2590503692627 31.2896118164062 31.2410678863525 31.1355209350586 30.9844341278076 30.8762397766113 30.8136119842529 30.6116485595703 30.6731472015381 30.8829784393311 30.8785877227783 30.6396083831787 30.0231323242188 29.4642353057861 29.78542137146 29.4530754089355 29.1192111968994 28.2170352935791 27.8951511383057 27.6726627349854 28.0264511108398 28.1336002349854 28.0344543457031 27.9997844696045 27.662691116333 26.8999805450439 26.4751586914062 26.6860885620117 26.2877254486084 26.2023506164551 26.1133651733398
31.1888465881348 31.0132999420166 30.5066452026367 29.8117389678955 29.2233409881592 28.8996257781982 29.0992374420166 29.4727649688721 29.5386943817139 29.8979892730713 30.5766048431396 30.8674774169922 31.0306797027588 31.1667823791504 31.2055549621582 31.2505626678467 31.1345348358154 31.1597576141357 31.1819820404053 31.1036071777344 30.9865055084229 30.817512512207 30.6013145446777 30.5196590423584 30.6598815917969 30.7212791442871 30.7894401550293 30.5311431884766 30.2163505554199 30.0597858428955 29.4432640075684 29.2747116088867 28.336238861084 27.8887691497803 27.2135963439941 27.7528419494629 27.9157180786133 27.9191055297852 27.9878711700439 27.7921237945557 27.2206707000732 27.0493946075439 26.9460964202881 26.7188491821289 26.3689861297607 26.1840419769287
31.1344127655029 31.1204166412354 30.8404064178467 30.094596862793 29.4484729766846 29.1454601287842 29.1180820465088 29.2278594970703 28.9672107696533 29.1564273834229 30.1426887512207 30.6253528594971 30.848051071167 31.1020889282227 31.2178134918213 31.1886806488037 31.1159820556641 31.1258373260498 31.0994606018066 31.1001873016357 31.0018501281738 30.8957901000977 30.7873020172119 30.561637878418 30.4391021728516 30.3811054229736 30.3571949005127 30.5016574859619 30.2542018890381 30.4036159515381 30.442440032959 29.5478916168213 28.880615234375 28.3858451843262 27.8426265716553 28.000581741333 27.9677810668945 27.7832317352295 27.9524307250977 27.8529052734375 27.310037612915 27.1464080810547 27.0255603790283 26.8304500579834 26.2938671112061 26.0934276580811
30.9233207702637 31.0357341766357 30.8844604492188 29.7943706512451 28.91455078125 28.8992519378662 29.0351905822754 28.8980808258057 28.629186630249 28.7939682006836 30.0558605194092 30.6160221099854 30.8831195831299 31.1139907836914 31.1418590545654 31.0996799468994 31.1055850982666 31.0473289489746 31.0129013061523 31.0206642150879 31.0456867218018 30.9971752166748 30.823356628418 30.6015605926514 30.358003616333 30.1865882873535 30.175537109375 30.1315517425537 30.1367492675781 30.0293102264404 30.2609252929688 30.1290302276611 29.4935455322266 28.8069763183594 28.3240032196045 28.7136173248291 28.6692523956299 28.1442356109619 27.9347991943359 28.0211620330811 27.8487319946289 27.5747394561768 27.2323875427246 26.9668483734131 26.5997619628906 26.1802024841309
30.6684551239014 30.7708530426025 30.9115085601807 30.4349842071533 29.3216781616211 28.9531383514404 29.3673648834229 28.824670791626 28.6659355163574 28.7732925415039 29.9884490966797 30.6993618011475 30.9617233276367 31.0840950012207 31.0168743133545 30.9216918945312 30.9347019195557 30.9745922088623 30.950553894043 30.8415603637695 30.9115333557129 31.0019664764404 30.8494358062744 30.6854496002197 30.4724197387695 30.2989940643311 29.9170875549316 29.7085914611816 29.3225231170654 29.7261714935303 29.5490188598633 30.187068939209 30.2503128051758 29.8655471801758 29.3164730072021 29.3642883300781 28.9606094360352 28.5735130310059 28.2374019622803 28.668851852417 28.2100219726562 27.9206962585449 27.7495574951172 27.6028327941895 27.3022747039795 27.1443405151367
30.5123348236084 30.4993171691895 30.7231578826904 30.7546825408936 30.2696971893311 30.017484664917 29.9731578826904 29.5910015106201 29.3774871826172 29.4047603607178 29.6329212188721 30.1045246124268 30.8561763763428 31.0224056243896 30.8981132507324 30.8134117126465 30.8228912353516 30.8907032012939 30.8601913452148 30.7994022369385 30.8376522064209 30.9702816009521 30.9269638061523 30.7341785430908 30.6212921142578 30.4220809936523 30.0676231384277 29.829080581665 29.3734569549561 29.6433753967285 28.947151184082 29.4386024475098 29.7112731933594 29.7471027374268 29.8956890106201 29.7681140899658 29.4386787414551 29.2866077423096 28.7927665710449 28.2467784881592 28.1746139526367 28.2426776885986 27.9807739257812 27.7716484069824 27.7738647460938 27.6204452514648
30.5983371734619 30.6111946105957 30.6829681396484 30.7351093292236 30.6188449859619 29.9590320587158 29.9875106811523 30.0736236572266 29.8461284637451 29.813663482666 30.108268737793 30.5297241210938 30.9062576293945 30.9993801116943 30.9012546539307 30.7093086242676 30.7899169921875 30.7957382202148 30.5876388549805 30.5797328948975 30.7431564331055 30.8451290130615 30.9162864685059 30.8186912536621 30.6953983306885 30.5365467071533 30.3310623168945 30.0479927062988 29.8720550537109 29.7063484191895 29.2452392578125 28.8581867218018 29.018217086792 28.9882774353027 29.4949569702148 29.1731796264648 29.4855995178223 29.2306003570557 28.8415222167969 28.3930492401123 28.1454181671143 27.9219055175781 27.4004745483398 26.7681121826172 27.4062232971191 27.6223487854004
30.7073383331299 30.7007160186768 30.683198928833 30.6833820343018 30.53102684021 29.6746463775635 29.4648494720459 29.9553871154785 29.8472652435303 29.5118808746338 29.8452014923096 30.5973739624023 30.9055862426758 30.9527149200439 30.8702754974365 30.6772727966309 30.6877670288086 30.4726409912109 30.2054042816162 30.3757038116455 30.7191143035889 30.7449226379395 30.8466262817383 30.8488807678223 30.675989151001 30.6172199249268 30.4331703186035 30.1249694824219 30.0390033721924 29.798698425293 29.3547306060791 28.6251983642578 28.3064613342285 28.4727439880371 28.9866847991943 29.1512031555176 28.7524795532227 28.3798789978027 28.6064167022705 28.5397510528564 28.1739463806152 27.9316806793213 27.3562431335449 26.4778270721436 26.9735698699951 27.3865604400635
30.7571544647217 30.732307434082 30.6945838928223 30.6740036010742 30.6453285217285 30.2842330932617 29.8069629669189 29.555477142334 29.5757350921631 29.3568153381348 29.8946876525879 30.5994110107422 30.8694095611572 30.8943672180176 30.8131980895996 30.6244297027588 30.4625473022461 30.2525081634521 30.1415138244629 30.4514389038086 30.6050834655762 30.6938095092773 30.6666450500488 30.7895011901855 30.735725402832 30.6482200622559 30.4786968231201 30.1907520294189 30.068920135498 29.8621482849121 29.4172058105469 29.2067737579346 28.7165145874023 28.5198440551758 28.4698390960693 28.6430397033691 28.9481372833252 28.7921524047852 28.4058170318604 28.1935329437256 27.9812469482422 27.7796440124512 27.5146465301514 27.1783447265625 26.4927425384521 26.817174911499
30.7759876251221 30.7344665527344 30.6951789855957 30.6962928771973 30.6301040649414 30.4115715026855 30.1190662384033 29.5031604766846 29.3992919921875 29.6154346466064 30.1344089508057 30.6113834381104 30.7958030700684 30.8015022277832 30.6720867156982 30.5041007995605 30.2004585266113 30.1254806518555 30.2604103088379 30.3068332672119 30.4801769256592 30.4349937438965 30.2514057159424 30.5408515930176 30.7493457794189 30.6289329528809 30.4101181030273 30.2544822692871 30.1189403533936 30.0132064819336 29.8114070892334 29.5831851959229 29.2533111572266 29.2031669616699 28.8555355072021 28.4942111968994 28.6179332733154 28.7092876434326 28.4662933349609 28.3104457855225 28.1666641235352 27.9255428314209 27.2695903778076 26.8629913330078 27.0107898712158 27.0404796600342
30.7734127044678 30.798885345459 30.7525367736816 30.7267990112305 30.6183128356934 30.5129089355469 30.4145698547363 30.0373783111572 29.5462856292725 29.6636714935303 29.8543853759766 30.1982364654541 30.523754119873 30.5890464782715 30.5377292633057 30.3995666503906 30.1953792572021 30.0679264068604 29.961368560791 30.0231437683105 30.2933120727539 30.3183612823486 30.0681381225586 30.5156269073486 30.7580070495605 30.649600982666 30.4933605194092 30.336368560791 30.2641448974609 30.150806427002 30.0303611755371 29.8064193725586 29.4636135101318 29.7004280090332 29.5663757324219 29.1653728485107 28.6863040924072 28.5738353729248 28.7154121398926 29.1767082214355 28.36696434021 28.0882301330566 27.6572780609131 26.9267749786377 26.8598861694336 26.7378940582275
