inst/extdata/Tmax/Tmax127.asc
NCOLS 100 
NROWS 79 
XLLCORNER 148.06 
YLLCORNER -21.49 
CELLSIZE 0.01 
NODATA_value -3.4e+38 
[rows 0 to 19 of 79, columns 0 to 45 of 100]
32.818668365478501 32.4741744995117 31.5103187561035 31.882173538208 32.0312614440918 32.4688682556152 32.6782646179199 32.8552703857422 32.8155746459961 32.6393737792969 32.1600799560547 31.9587249755859 31.8803157806396 30.6331272125244 31.1314868927002 31.5623378753662 31.9611072540283 31.9357757568359 31.1146621704102 30.4435253143311 30.3009414672852 29.3595600128174 29.8016510009766 31.1087436676025 31.6306495666504 31.8888149261475 31.7671775817871 31.8240928649902 31.5097789764404 31.1375560760498 30.2506465911865 28.3461875915527 29.6593608856201 29.5779075622559 28.3530006408691 27.2203102111816 27.115966796875 26.7279052734375 27.5297908782959 29.4646492004395 31.0392456054688 31.3426647186279 32.2507133483887 32.6842956542969 32.9240303039551 33.1129570007324
32.6354789733887 32.1063117980957 31.3391132354736 31.4378814697266 30.8640918731689 31.7990798950195 32.3914031982422 32.7295417785645 32.8667831420898 32.7473678588867 32.3999519348145 32.0878753662109 32.208667755127 31.7829933166504 31.6186466217041 31.5062294006348 31.9322185516357 31.9704437255859 30.9583511352539 30.3550281524658 30.897144317627 30.6488952636719 30.540210723877 30.9962692260742 31.4785652160645 31.6694927215576 31.9625606536865 31.9165668487549 31.7021083831787 31.4875507354736 30.6292972564697 29.2014999389648 30.4138259887695 29.9927635192871 29.305492401123 28.3125648498535 27.8676319122314 28.2602157592773 29.3863468170166 30.553201675415 32.1683311462402 32.6989135742188 32.8935928344727 32.9306030273438 33.0321846008301 33.1182746887207
32.6094398498535 31.7815437316895 31.9090824127197 32.0458564758301 31.5821437835693 31.7074737548828 32.1349143981934 32.7293930053711 32.9209251403809 32.7825508117676 32.4869995117188 32.3617362976074 32.2722702026367 32.2204208374023 31.9131050109863 31.7641124725342 31.9861545562744 32.1504898071289 31.5630893707275 31.3719120025635 31.2254428863525 30.8999347686768 30.667854309082 30.7989883422852 31.6763439178467 31.9575481414795 31.7932243347168 31.779655456543 31.7821578979492 31.4658164978027 31.5280647277832 30.5211029052734 30.7783432006836 29.5046253204346 29.1952953338623 28.538236618042 28.0111980438232 27.5165195465088 28.6035442352295 29.866003036499 31.3078956604004 32.4873580932617 32.9172058105469 33.0356254577637 33.0507507324219 33.0338973999023
32.844425201416 32.4847793579102 32.1445960998535 32.7961273193359 32.2639045715332 31.827127456665 32.2319183349609 32.8306694030762 33.0119895935059 32.8725852966309 32.7238426208496 32.692569732666 32.5860862731934 32.418025970459 31.9705810546875 31.7973861694336 32.1759948730469 32.2332038879395 32.0070381164551 31.5260009765625 31.1966896057129 30.8160572052002 30.9032516479492 30.8708992004395 31.4881782531738 31.9464855194092 31.5715312957764 31.8592510223389 31.6718826293945 30.8150844573975 31.4026317596436 31.4906978607178 30.7171936035156 29.4177360534668 28.8276977539062 27.9179534912109 28.2207145690918 27.7035865783691 27.5882167816162 27.0800437927246 28.7311058044434 31.5541095733643 32.6880722045898 32.9917526245117 32.7302513122559 32.6486473083496
33.4308280944824 32.8522109985352 32.6063842773438 33.043041229248 32.7999801635742 32.1256866455078 32.173583984375 32.8621444702148 33.0232810974121 32.6306457519531 32.638801574707 32.8639869689941 32.7351226806641 32.4440307617188 32.0653114318848 32.2320213317871 32.321849822998 32.0565872192383 31.5784645080566 30.8156890869141 31.0137519836426 31.2021903991699 31.3430519104004 31.5533618927002 31.5655422210693 31.2230796813965 32.0038299560547 31.606237411499 31.4737930297852 30.9649276733398 31.3474006652832 31.1706161499023 30.852466583252 29.8246459960938 29.2902565002441 29.6254959106445 29.3134994506836 28.7446155548096 28.1822547912598 27.4102458953857 27.0464496612549 30.6558170318604 32.317985534668 32.8593521118164 32.0831565856934 31.273193359375
33.5908317565918 33.3310928344727 32.5968017578125 33.0617866516113 33.1420059204102 32.70166015625 32.4114265441895 32.9011383056641 33.0765342712402 32.7727279663086 32.6584129333496 32.9529495239258 32.7895812988281 32.5000343322754 31.8080310821533 32.3522567749023 32.2692718505859 31.8029251098633 31.2322616577148 30.7988548278809 30.9099769592285 31.1924438476562 31.5289840698242 31.5335083007812 31.8510932922363 31.7423343658447 31.8327465057373 31.039363861084 31.041467666626 29.9083805084229 30.6897640228271 31.2091598510742 31.3161544799805 30.9741821289062 30.6092262268066 30.5489101409912 29.6787090301514 29.1701736450195 28.8325138092041 27.9744472503662 27.4494209289551 30.2113609313965 32.161491394043 32.7884368896484 32.2467422485352 29.9751358032227
33.7931175231934 33.5190277099609 33.1263885498047 33.3123245239258 33.2631072998047 32.8651313781738 32.1792602539062 32.7864074707031 32.9923439025879 33.1452865600586 33.0859375 32.9283714294434 32.4752578735352 32.6003456115723 32.5726432800293 32.424259185791 32.2223129272461 31.6363983154297 31.4165954589844 31.1022796630859 30.4932250976562 30.7240905761719 31.2313232421875 31.6502571105957 32.031436920166 31.9578418731689 31.9836750030518 31.4185104370117 31.0413761138916 29.7750511169434 29.7896060943604 29.928560256958 30.9545574188232 31.1411437988281 30.6614856719971 30.5524272918701 29.9609355926514 28.4940586090088 28.7595081329346 28.2981586456299 28.13547706604 30.021089553833 31.8987140655518 32.494499206543 32.2768096923828 30.4429111480713
33.7779655456543 33.6748580932617 33.3815956115723 33.4174613952637 33.3783187866211 33.0973587036133 32.4757347106934 32.3451461791992 32.687915802002 33.0634460449219 33.1857528686523 32.8797035217285 32.1574440002441 32.4035339355469 32.6570854187012 31.9207897186279 31.8725929260254 31.0654182434082 30.9927406311035 30.7490196228027 30.0389976501465 30.5587139129639 31.0327129364014 31.6371459960938 32.1511077880859 32.1710014343262 31.7330513000488 31.2658843994141 31.0805740356445 30.2704429626465 28.8695507049561 29.1953182220459 29.5670433044434 30.2132549285889 30.6354236602783 29.9990158081055 30.0917453765869 29.158182144165 28.0960025787354 28.4128608703613 28.6504135131836 29.8592376708984 30.9607582092285 32.0592575073242 32.0446853637695 30.0867938995361
33.5334892272949 33.7778396606445 33.615535736084 33.5676918029785 33.4299240112305 33.1679420471191 32.7853698730469 32.2844543457031 32.4805145263672 33.0473022460938 33.2233657836914 33.1748886108398 32.9535522460938 32.7954139709473 32.4075813293457 31.5893611907959 31.8042526245117 31.5472278594971 31.7016696929932 30.7149448394775 30.7238845825195 30.5745964050293 30.6918697357178 31.4301090240479 32.0712966918945 32.2748336791992 31.2876510620117 30.3573150634766 30.459888458252 30.3692150115967 29.7436904907227 29.1623802185059 28.7090892791748 29.2163028717041 30.2029647827148 29.5569400787354 29.3196659088135 29.2761325836182 28.2712364196777 27.9353504180908 28.1825408935547 28.3041572570801 29.2930507659912 31.0082302093506 31.5122261047363 30.1946067810059
33.2173805236816 33.6723785400391 33.7590827941895 33.6105155944824 33.391731262207 33.2658042907715 33.0584869384766 32.5614433288574 32.208122253418 32.956241607666 33.2193641662598 32.7930068969727 32.0180511474609 32.0973815917969 32.2173118591309 32.196834564209 32.2398490905762 32.0901985168457 31.8704814910889 31.5393676757812 31.1934852600098 30.5193748474121 30.88844871521 31.7999572753906 32.2946434020996 32.1902770996094 31.4340515136719 31.27516746521 30.7343692779541 30.1890449523926 28.855676651001 28.4574871063232 29.6212139129639 29.4789371490479 29.2648220062256 29.0215854644775 28.801908493042 29.1267395019531 28.5509185791016 27.7591304779053 27.8045711517334 27.2169589996338 28.1475696563721 29.4114055633545 29.7624073028564 29.0935115814209
32.8594398498535 33.2098770141602 33.772533416748 33.6729316711426 33.5333442687988 33.4475135803223 33.2496109008789 32.8495101928711 32.8376045227051 33.0981826782227 33.2598762512207 32.8577003479004 32.4994239807129 31.6900157928467 31.8856811523438 32.2079467773438 32.3526458740234 32.5789337158203 32.0941772460938 31.8844451904297 31.4542999267578 31.0666007995605 31.1549644470215 31.7797431945801 32.2609481811523 32.1655387878418 31.4173603057861 30.6184177398682 29.5449047088623 29.5514907836914 29.1709270477295 29.1258754730225 30.0600471496582 29.7926216125488 28.8334293365479 28.5679473876953 29.0934886932373 28.7934474945068 28.3922080993652 27.8090076446533 27.8781776428223 27.6106452941895 27.2554359436035 28.0480556488037 28.52659034729 28.8748264312744
32.6746520996094 32.7560081481934 33.7306823730469 33.7361335754395 33.6488952636719 33.5188255310059 33.3434677124023 32.9837188720703 33.0319557189941 33.3566017150879 33.3041954040527 33.102611541748 32.7076187133789 32.1740341186523 32.0688552856445 32.4103164672852 32.7585868835449 32.7590293884277 32.4805603027344 31.9817352294922 31.4341125488281 31.0843868255615 31.2702178955078 31.4440402984619 31.6908893585205 32.068229675293 31.0086498260498 30.1602478027344 29.511510848999 29.7785873413086 29.8601264953613 29.7846527099609 30.2464447021484 29.6795978546143 29.4172248840332 29.3300838470459 28.8826580047607 28.2583255767822 28.8336162567139 29.0918560028076 28.6306953430176 28.156120300293 27.6086483001709 28.0997295379639 28.6811141967773 29.1233329772949
32.8360786437988 33.3936805725098 33.7040786743164 33.6670188903809 33.6854019165039 33.5869369506836 33.4462471008301 33.0418853759766 33.1429824829102 33.4875869750977 33.2776107788086 33.2132911682129 32.9844970703125 33.0701942443848 32.9697227478027 32.9553833007812 32.9748229980469 32.8985366821289 32.6597290039062 32.0930213928223 31.8016891479492 31.9931640625 32.2890434265137 32.5523948669434 32.3992500305176 31.9439067840576 31.7294254302979 31.2134342193604 30.8230152130127 30.630895614624 30.7094974517822 30.4992160797119 30.4031715393066 29.7866630554199 29.1860809326172 28.7078723907471 28.142765045166 29.3470134735107 29.6680603027344 29.618444442749 28.1761112213135 28.1083526611328 27.6016712188721 27.3193416595459 28.7384376525879 29.3584403991699
33.3328971862793 33.5732116699219 33.6542930603027 33.5722122192383 33.5947074890137 33.6537628173828 33.6028709411621 33.4778137207031 33.2577896118164 33.4144172668457 33.387809753418 33.3223571777344 33.1887588500977 33.0837516784668 32.9733695983887 32.8952713012695 33.0606384277344 32.9763259887695 32.8272857666016 32.710994720459 32.6061973571777 32.5778732299805 32.3621063232422 32.4986152648926 32.0225105285645 30.9213886260986 30.8704147338867 30.4365615844727 29.843318939209 30.6938514709473 31.0051555633545 30.977331161499 30.1719741821289 29.8509006500244 29.729663848877 29.6766204833984 29.6689167022705 29.3404903411865 30.0247802734375 30.4061508178711 29.8523025512695 29.3713684082031 28.6949501037598 28.1170043945312 29.2712783813477 29.822509765625
32.487964630127 33.127140045166 33.6104583740234 33.5417785644531 33.4135627746582 33.5278129577637 33.4941520690918 33.3176612854004 32.8665390014648 32.9252128601074 33.2956695556641 33.098072052002 32.5305519104004 32.7219772338867 32.9305953979492 32.3350944519043 32.8182830810547 33.0319442749023 32.9831733703613 32.9350891113281 32.8805274963379 32.4502906799316 31.7597751617432 32.1961822509766 32.0178909301758 31.7301959991455 31.654541015625 31.302604675293 30.9153633117676 31.2082290649414 31.1684036254883 30.899133682251 30.4248161315918 30.6962203979492 30.663667678833 29.6595115661621 30.2763404846191 29.3742733001709 29.7306423187256 30.5633659362793 30.5503005981445 30.2824687957764 29.4832859039307 28.6026802062988 29.2912731170654 30.1263084411621
31.5355186462402 32.643928527832 33.4718551635742 33.6189422607422 33.5527458190918 33.5318412780762 33.4329681396484 33.3190231323242 33.0901832580566 32.5387725830078 32.1123466491699 32.9294128417969 32.0297508239746 31.7026195526123 32.6605567932129 32.2790336608887 32.2653732299805 32.7882499694824 32.826530456543 32.8348350524902 32.8525505065918 32.8375663757324 32.6943511962891 32.4452781677246 31.995325088501 31.5862293243408 31.6097030639648 31.5599346160889 31.505859375 31.3154716491699 31.1397533416748 30.7158489227295 30.4275131225586 31.1243686676025 31.0005989074707 30.7195949554443 30.7449264526367 30.1438446044922 29.7795028686523 30.515682220459 30.7333488464355 30.0670757293701 28.731086730957 27.5701522827148 28.0523986816406 29.9049243927002
32.6068725585938 32.4380836486816 33.0856513977051 33.2962455749512 33.5463027954102 33.5196571350098 33.4046859741211 33.2616882324219 33.1020851135254 32.7958335876465 32.1085968017578 32.5734977722168 31.4544372558594 31.2011318206787 32.0161933898926 31.8701629638672 31.1473903656006 32.3383522033691 32.3403472900391 32.327564239502 32.6134338378906 32.7979125976562 32.6999092102051 32.2477416992188 31.3582382202148 30.7553234100342 30.3533630371094 30.7251281738281 31.3219871520996 30.7199249267578 30.5000457763672 29.7174968719482 30.4772911071777 31.3809490203857 31.1927814483643 30.9955501556396 31.0597324371338 30.61301612854 30.2332744598389 30.5455684661865 30.7690849304199 29.5941390991211 28.5646190643311 28.9040203094482 29.2861003875732 29.9249591827393
32.7295417785645 33.1130867004395 33.2109336853027 33.2333831787109 33.3928871154785 33.461353302002 33.4073371887207 33.3248252868652 33.1653671264648 32.6822891235352 32.2693328857422 31.8801155090332 31.4608268737793 31.0896968841553 31.646484375 31.5052947998047 31.5397510528564 31.3665904998779 31.1088409423828 31.0994262695312 32.3324203491211 32.6355285644531 32.621955871582 32.516544342041 31.8960666656494 30.6956386566162 29.2512359619141 30.1226119995117 30.9744911193848 29.993465423584 30.3968811035156 31.0204448699951 31.3382663726807 31.6349716186523 31.5512008666992 31.3501014709473 30.8627090454102 30.004789352417 30.491096496582 30.7413272857666 31.0871391296387 30.7310409545898 30.590991973877 30.5785331726074 30.538257598877 29.9593830108643
32.9911918640137 32.9850959777832 32.8415031433105 32.9581680297852 33.4465751647949 33.3426666259766 33.3720550537109 33.3630180358887 33.2725563049316 32.9063873291016 31.7425060272217 31.8477458953857 31.404016494751 30.2510547637939 31.0198612213135 30.7900409698486 30.622974395752 29.9288024902344 30.7975845336914 31.191593170166 32.3426055908203 32.3832092285156 32.5361137390137 32.6539726257324 31.765064239502 30.6643867492676 29.4837188720703 30.3041095733643 30.9472694396973 30.4456787109375 30.9664745330811 31.4415817260742 31.8483047485352 31.862907409668 31.4137115478516 31.1517715454102 30.7902774810791 30.5218143463135 31.0781955718994 31.1771850585938 31.2284030914307 31.1524467468262 31.0411720275879 30.37890625 29.5177574157715 29.4900245666504
33.1362991333008 33.1328430175781 33.125560760498 32.9851264953613 33.4534645080566 33.460132598877 33.4097633361816 33.358715057373 33.2949295043945 33.1971321105957 32.8608055114746 32.0993347167969 31.2401523590088 30.0329742431641 30.3684940338135 30.3385372161865 29.8995552062988 30.2084121704102 30.4731979370117 31.5409622192383 32.359447479248 31.9394016265869 32.6766090393066 32.5244636535645 31.9175357818604 31.6762924194336 30.5851993560791 30.7123584747314 31.0798187255859 30.9097919464111 31.5455055236816 31.5270385742188 31.9916458129883 31.9268112182617 31.7804832458496 31.5357093811035 30.6870517730713 30.8711681365967 31.1505641937256 31.1548728942871 31.1998233795166 31.0633316040039 31.0022811889648 30.4846057891846 30.4183540344238 30.2959518432617
