inst/extdata/Tmax/Tmax84.asc
NCOLS 100 
NROWS 79 
XLLCORNER 148.06 
YLLCORNER -21.49 
CELLSIZE 0.01 
NODATA_value -3.4e+38 
[rows 40 to 59 of 79, columns 0 to 45 of 100]
38.941486358642599 38.6735992431641 38.69580078125 38.7259216308594 38.6050224304199 38.7150802612305 38.6622009277344 38.4616317749023 37.9888381958008 38.4146766662598 39.0401191711426 39.3600769042969 39.4024887084961 39.4608116149902 39.5347137451172 39.3130416870117 39.0316772460938 38.6588401794434 38.0790596008301 38.5682525634766 38.5600242614746 38.4435119628906 38.3807144165039 37.9704322814941 37.0603446960449 36.3992881774902 36.1991424560547 36.2808074951172 36.3958930969238 35.7443695068359 35.0837440490723 35.5093040466309 36.8053512573242 36.5261726379395 36.2609519958496 36.6128730773926 36.5205345153809 36.1877517700195 35.9632797241211 35.4968338012695 35.4599075317383 34.5614242553711 33.9527206420898 33.9527359008789 33.6885375976562 33.5258102416992
39.0917167663574 38.7061004638672 38.5741653442383 38.6762084960938 38.5736427307129 38.6532707214355 38.6545143127441 38.5471878051758 38.2974281311035 38.4177551269531 38.7513656616211 39.0979804992676 39.3461608886719 39.5284881591797 39.5796127319336 39.423698425293 39.1080894470215 38.5650024414062 38.2242660522461 38.3698616027832 38.3976745605469 38.1483192443848 38.3421592712402 38.0495834350586 37.3640975952148 36.8571929931641 36.2318992614746 36.1367111206055 36.3472137451172 35.9015350341797 35.4658737182617 36.1003837585449 36.8161544799805 36.033260345459 35.2810440063477 36.0858840942383 36.1342239379883 36.3614044189453 36.3286590576172 36.0914916992188 35.9728355407715 35.2215423583984 33.7491111755371 33.6281242370605 33.7121467590332 33.6761245727539
38.9613990783691 38.9147872924805 38.6941413879395 38.5737686157227 38.6333045959473 38.6536750793457 38.6255912780762 38.5860557556152 38.5502128601074 38.5008735656738 38.5481071472168 39.0318794250488 39.3764762878418 39.5342597961426 39.5531463623047 39.5065116882324 39.2712364196777 38.9191703796387 38.6797752380371 38.6319999694824 38.5440673828125 37.8568420410156 37.7859191894531 38.0256881713867 38.0577392578125 37.5963172912598 36.6973876953125 36.350227355957 36.2671203613281 36.0357971191406 35.1199798583984 36.220573425293 36.2837524414062 35.1606521606445 34.325569152832 35.2670364379883 35.2681427001953 35.9559516906738 36.1357765197754 35.8269920349121 35.5896339416504 35.6530876159668 35.019344329834 34.7962417602539 35.2430801391602 36.2942276000977
38.6178207397461 38.7166061401367 38.6914405822754 38.6850967407227 38.7127304077148 38.7036437988281 38.6637115478516 38.6105728149414 38.6630516052246 38.6313667297363 38.6378440856934 39.0714874267578 39.3384399414062 39.5073089599609 39.5339698791504 39.5552062988281 39.4523811340332 39.2152786254883 38.9197463989258 38.9647445678711 38.7816848754883 38.5066833496094 37.7922286987305 37.4239768981934 38.1356201171875 37.9155502319336 37.4948234558105 36.9828948974609 36.6347312927246 36.4553031921387 35.6232948303223 35.5342712402344 36.2744445800781 35.7497520446777 35.0800247192383 34.6006355285645 34.693000793457 34.9584465026855 35.2038383483887 34.9616928100586 34.4880981445312 35.2572479248047 34.7904319763184 35.792121887207 37.6553649902344 38.3045806884766
38.3298835754395 38.5196876525879 38.4876480102539 38.4865646362305 38.6676979064941 38.7781143188477 38.8056793212891 38.7494888305664 38.8167686462402 38.8687705993652 39.050952911377 39.1953620910645 39.3362350463867 39.4480934143066 39.5174560546875 39.5784149169922 39.5527801513672 39.3909378051758 39.2272415161133 39.1795654296875 39.0437850952148 38.8900489807129 38.5726013183594 38.3502998352051 38.1661949157715 37.6830368041992 37.9604454040527 37.8252906799316 37.4889793395996 36.7739105224609 36.1389808654785 36.1313171386719 36.4684104919434 36.6459503173828 36.3407745361328 35.1199264526367 33.7307090759277 33.6980171203613 33.8142700195312 34.1714134216309 34.0487594604492 34.6373138427734 34.1324043273926 35.0166053771973 36.8843078613281 38.351261138916
38.3495826721191 38.417839050293 38.2523460388184 38.1413650512695 38.3428688049316 38.5592918395996 38.8034172058105 38.9330444335938 39.0075187683105 39.1087989807129 39.185962677002 39.1037178039551 38.8696784973145 39.2710380554199 39.5181694030762 39.5740280151367 39.582145690918 39.50390625 39.4102478027344 39.3445129394531 39.2505416870117 39.1353378295898 39.079174041748 38.4325942993164 38.0669937133789 37.989875793457 38.0868682861328 37.9018363952637 37.7067909240723 37.1705360412598 35.8708381652832 36.0856018066406 36.411922454834 36.4829978942871 36.5904388427734 35.6550827026367 34.3015022277832 34.0548934936523 34.0945587158203 34.558292388916 33.9405364990234 34.3286895751953 34.7405738830566 35.0708847045898 35.9982299804688 37.2335243225098
38.2108154296875 38.1878967285156 38.1839752197266 38.1089057922363 38.0088882446289 38.0644226074219 38.5725059509277 38.7088623046875 38.8417587280273 38.8648376464844 39.100643157959 39.211727142334 38.9506416320801 39.2283973693848 39.4740562438965 39.5617942810059 39.5788803100586 39.5015296936035 39.4615173339844 39.4212265014648 39.3438529968262 39.2696418762207 39.1642570495605 38.6609916687012 37.7932167053223 37.9131050109863 38.1071929931641 37.8632431030273 37.8131446838379 37.6613540649414 36.827278137207 36.4886436462402 36.1211776733398 36.3970909118652 36.5441780090332 36.0553817749023 34.9497718811035 35.249584197998 34.6986656188965 35.439582824707 34.858959197998 35.0335235595703 35.1516571044922 35.2699775695801 35.2682723999023 35.0758399963379
38.6575202941895 38.0188064575195 37.9269485473633 37.8722648620605 37.8442840576172 37.9666061401367 38.2895660400391 38.2455291748047 38.5136375427246 38.569263458252 38.6583824157715 38.728931427002 38.9305267333984 39.2340850830078 39.4396667480469 39.5691833496094 39.5666542053223 39.4329452514648 39.2439041137695 39.1432609558105 39.2879829406738 39.0910415649414 39.113094329834 39.0458488464355 38.5625801086426 38.4615516662598 38.4875831604004 38.2694931030273 38.0943031311035 37.8624114990234 37.1429252624512 36.7622108459473 36.0236854553223 36.4382820129395 36.4877319335938 36.2495460510254 35.798755645752 36.0388870239258 35.7658576965332 36.02490234375 35.7549362182617 35.5499114990234 35.3930358886719 35.240894317627 34.8876533508301 34.6470222473145
39.3934860229492 38.5621109008789 37.7823638916016 37.6325340270996 37.7602081298828 37.9459838867188 37.8770980834961 37.8797836303711 38.2396125793457 38.5566940307617 38.6370315551758 38.6204261779785 38.8691864013672 39.199104309082 39.4598770141602 39.5357513427734 39.5534324645996 39.471263885498 39.2928657531738 39.0557060241699 39.1340370178223 39.075439453125 38.993034362793 39.1349411010742 39.0209465026855 38.9091339111328 38.6146812438965 38.3964195251465 38.3046340942383 37.9973754882812 37.5863456726074 37.0998268127441 36.1984748840332 36.3637084960938 36.3367538452148 36.4036598205566 36.302417755127 36.2779006958008 36.1620330810547 35.9745330810547 35.1439399719238 34.9779357910156 35.1798324584961 34.9149475097656 34.7789916992188 34.4199333190918
39.6790885925293 39.1563987731934 38.2603797912598 37.6682891845703 37.6527214050293 37.6410598754883 37.6714973449707 38.0388107299805 38.2925224304199 38.186710357666 38.8445892333984 39.0899963378906 39.2084732055664 39.319393157959 39.4275131225586 39.5209159851074 39.5370788574219 39.4737510681152 39.3661079406738 39.2169990539551 39.1070747375488 39.0312690734863 38.835865020752 38.8811798095703 39.0618095397949 39.0471382141113 38.8187065124512 38.2371635437012 37.7139091491699 37.9991912841797 37.684154510498 37.3597373962402 36.5158653259277 36.2077255249023 35.9917526245117 36.3122863769531 36.3956909179688 36.2950820922852 36.2544364929199 35.9326820373535 35.2124519348145 34.8061370849609 34.9888458251953 34.6071166992188 34.5192337036133 34.4279937744141
39.6772155761719 39.5043334960938 39.018138885498 38.3620529174805 37.8018035888672 37.4879112243652 37.6573333740234 37.9957618713379 38.0463943481445 38.3691520690918 38.9844398498535 39.2325248718262 39.3703956604004 39.4832153320312 39.5070648193359 39.5366249084473 39.4193534851074 39.4235038757324 39.4325103759766 39.3498764038086 39.2320022583008 39.0592956542969 38.8509216308594 38.7656059265137 38.8833122253418 38.9289932250977 38.9809265136719 38.7273635864258 38.4294052124023 38.2761688232422 37.7002067565918 37.5281028747559 36.6508674621582 36.2259063720703 35.5867347717285 36.0820693969727 36.217845916748 36.2125968933105 36.2682571411133 36.0779571533203 35.5367469787598 35.3686256408691 35.2567291259766 35.0360527038574 34.6998634338379 34.5183944702148
39.6474723815918 39.6232757568359 39.346752166748 38.6455535888672 38.0328483581543 37.738956451416 37.6956253051758 37.7879028320312 37.5336875915527 37.7002830505371 38.6059913635254 39.0323333740234 39.2255592346191 39.4468955993652 39.5413475036621 39.5034675598145 39.4258880615234 39.4162712097168 39.381160736084 39.370906829834 39.2702903747559 39.1551856994629 39.0454559326172 38.8285636901855 38.7060699462891 38.6428031921387 38.6108894348145 38.7257881164551 38.4893951416016 38.6166648864746 38.6427421569824 37.804874420166 37.1799507141113 36.7125091552734 36.1983947753906 36.3371124267578 36.2907638549805 36.1105499267578 36.2600479125977 36.1593208312988 35.6446380615234 35.4837417602539 35.3554763793945 35.1649551391602 34.653003692627 34.4567413330078
39.4717330932617 39.5642509460449 39.4063301086426 38.3849411010742 37.5511512756348 37.5267562866211 37.636791229248 37.4980964660645 37.235668182373 37.3803596496582 38.545581817627 39.0441627502441 39.2785186767578 39.4789733886719 39.4933815002441 39.4437789916992 39.4382438659668 39.3665885925293 39.3243217468262 39.3207397460938 39.3330154418945 39.2706718444824 39.1013565063477 38.888069152832 38.6546974182129 38.487419128418 38.4675140380859 38.4099731445312 38.4052543640137 38.2971954345703 38.5005874633789 38.3629608154297 37.7694244384766 37.126106262207 36.6692276000977 37.0225372314453 36.9656295776367 36.4697227478027 36.2666130065918 36.339168548584 36.1706695556641 35.9072189331055 35.5719223022461 35.315502166748 34.9631958007812 34.5605850219727
39.2563247680664 39.3402442932129 39.4517440795898 39.0005874633789 37.9532089233398 37.5975952148438 37.9681243896484 37.4497299194336 37.2907981872559 37.3817520141602 38.5045204162598 39.142749786377 39.3729133605957 39.4742164611816 39.4017715454102 39.303768157959 39.3050117492676 39.3234367370605 39.2908782958984 39.1805801391602 39.2343330383301 39.2993354797363 39.1495742797852 38.9893341064453 38.7840957641602 38.6151390075684 38.2542877197266 38.0452613830566 37.679515838623 38.0431175231934 37.8707542419434 38.441822052002 38.4911003112793 38.1287078857422 37.6138610839844 37.6496772766113 37.2606544494629 36.8935890197754 36.5731353759766 36.9664077758789 36.5322113037109 36.2549667358398 36.0803260803223 35.935863494873 35.6472358703613 35.4920082092285
39.131664276123 39.1091156005859 39.2982063293457 39.3165664672852 38.8569869995117 38.6122856140137 38.55322265625 38.1872062683105 37.9778747558594 37.9932518005371 38.1956520080566 38.6155242919922 39.298210144043 39.4401741027832 39.3154945373535 39.2271957397461 39.2254600524902 39.2697982788086 39.231502532959 39.1655311584473 39.1904983520508 39.2944869995117 39.2448654174805 39.0583534240723 38.9451103210449 38.7526588439941 38.4172401428223 38.1807136535645 37.7507934570312 37.9913444519043 37.3382148742676 37.7772102355957 38.0203857421875 38.0449600219727 38.1735725402832 38.0478096008301 37.7282066345215 37.5797157287598 37.1143379211426 36.5988922119141 36.5240898132324 36.580150604248 36.3211097717285 36.1185035705566 36.1135177612305 35.9629936218262
39.2313346862793 39.2327499389648 39.2811851501465 39.3188095092773 39.2007484436035 38.5783348083496 38.5871238708496 38.656852722168 38.4352798461914 38.394947052002 38.6581726074219 39.0300369262695 39.3663520812988 39.4414443969727 39.3409194946289 39.1541633605957 39.2180442810059 39.2057304382324 39.0043716430664 38.9871444702148 39.1274528503418 39.2037391662598 39.25927734375 39.1601448059082 39.0375061035156 38.8822555541992 38.6841011047363 38.4068870544434 38.2357292175293 38.073974609375 37.638729095459 37.2636375427246 37.4038619995117 37.3678207397461 37.8290061950684 37.523120880127 37.7969818115234 37.5532302856445 37.1846961975098 36.759937286377 36.5215835571289 36.305477142334 35.8023910522461 35.2004776000977 35.7937049865723 35.989574432373
39.3520660400391 39.3355522155762 39.3014907836914 39.2912635803223 39.139892578125 38.3336715698242 38.1204643249512 38.5677185058594 38.4571533203125 38.1348991394043 38.4352760314941 39.1141204833984 39.3877944946289 39.4208793640137 39.3348960876465 39.1471862792969 39.1468353271484 38.9312973022461 38.6749954223633 38.8224220275879 39.1288871765137 39.1355056762695 39.2193984985352 39.2120513916016 39.0439529418945 38.9807777404785 38.8024635314941 38.5022010803223 38.4141616821289 38.1836624145508 37.7643547058105 37.0707511901855 36.7653274536133 36.9124298095703 37.3827171325684 37.5275650024414 37.1419486999512 36.787239074707 36.9908752441406 36.9214057922363 36.5728378295898 36.3391227722168 35.784984588623 34.9499702453613 35.4109649658203 35.7928085327148
39.416389465332 39.3831558227539 39.3305320739746 39.3012504577637 39.2644996643066 38.9197120666504 38.4584770202637 38.2141571044922 38.2233657836914 38.0093536376953 38.5007781982422 39.1360702514648 39.3749504089355 39.3878707885742 39.3031616210938 39.1193733215332 38.9602928161621 38.7492027282715 38.6370697021484 38.9137001037598 39.0457954406738 39.1105537414551 39.0762634277344 39.1800384521484 39.1214866638184 39.0320358276367 38.8671646118164 38.5855598449707 38.4645080566406 38.265007019043 37.8447647094727 37.6338691711426 37.1698684692383 36.9785842895508 36.9241065979004 37.0779113769531 37.3468894958496 37.1942672729492 36.8267364501953 36.6211433410645 36.4153518676758 36.219352722168 35.9562187194824 35.6329574584961 34.9788665771484 35.2787895202637
39.4535713195801 39.4050521850586 39.3511238098145 39.3420867919922 39.270751953125 39.0582618713379 38.7693519592285 38.185791015625 38.0792350769043 38.2714767456055 38.744457244873 39.1686973571777 39.3290023803711 39.3244132995605 39.1953239440918 39.0306282043457 38.7404441833496 38.6541557312012 38.7695693969727 38.8031349182129 38.9538726806641 38.8955154418945 38.7169952392578 38.9750213623047 39.1580963134766 39.0384559631348 38.8281440734863 38.6685066223145 38.5349159240723 38.4288902282715 38.2340621948242 38.0071716308594 37.6931762695312 37.6387634277344 37.3076858520508 36.9631500244141 37.0637054443359 37.1415596008301 36.9075584411621 36.7547836303711 36.6132278442383 36.3803901672363 35.7495880126953 35.3591957092285 35.492015838623 35.5134010314941
39.4709053039551 39.4845809936523 39.424259185791 39.3905181884766 39.2801551818848 39.1726264953613 39.0641899108887 38.7042198181152 38.2371101379395 38.337215423584 38.5053672790527 38.8077545166016 39.0995445251465 39.1502876281738 39.0933418273926 38.956169128418 38.7579078674316 38.6231498718262 38.5152397155762 38.5633964538574 38.8043251037598 38.8110084533691 38.5707778930664 38.9753837585449 39.1900444030762 39.0815353393555 38.9289474487305 38.7681732177734 38.6931991577148 38.5803146362305 38.4609031677246 38.2382545471191 37.9126052856445 38.124584197998 37.9927444458008 37.61279296875 37.151668548584 37.0394287109375 37.1645088195801 37.5874443054199 36.8250122070312 36.5571403503418 36.1383476257324 35.4429626464844 35.3730735778809 35.2510719299316
