inst/extdata/Tmax/Tmax96.asc
NCOLS 100 
NROWS 79 
XLLCORNER 148.06 
YLLCORNER -21.49 
CELLSIZE 0.01 
NODATA_value -3.4e+38 
[rows 0 to 19 of 79, columns 0 to 45 of 100]
35.298069000244098 34.9812278747559 34.0674133300781 34.4200706481934 34.5650444030762 34.986198425293 35.1879920959473 35.3652954101562 35.3331604003906 35.1686630249023 34.7126083374023 34.519832611084 34.4498138427734 33.2668228149414 33.7435836791992 34.1597785949707 34.5547904968262 34.5250091552734 33.7392082214355 33.1012535095215 32.9685173034668 32.0697059631348 32.4931373596191 33.751033782959 34.2624244689941 34.5200958251953 34.4128265380859 34.463493347168 34.1613845825195 33.8031272888184 32.9461555480957 31.1129722595215 32.3769760131836 32.3016052246094 31.125316619873 30.0417575836182 29.9380970001221 29.5677528381348 30.337574005127 32.2073745727539 33.7536849975586 34.0387535095215 34.7871398925781 35.1373672485352 35.3207321166992 35.4607238769531
35.1332054138184 34.6430168151855 33.9161605834961 34.0116348266602 33.4772796630859 34.3587036132812 34.9213676452637 35.2522277832031 35.3913803100586 35.2817001342773 34.95166015625 34.6519203186035 34.7735481262207 34.3695678710938 34.2168579101562 34.1137924194336 34.5345191955566 34.5660934448242 33.5970458984375 33.0243797302246 33.546443939209 33.3072891235352 33.2067947387695 33.649528503418 34.1212997436523 34.3124618530273 34.6105918884277 34.5604591369629 34.3559341430664 34.1513290405273 33.319709777832 31.9398078918457 33.1139335632324 32.7093544006348 32.048225402832 31.0951194763184 30.6649436950684 31.0439262390137 32.133903503418 33.275634765625 34.7981185913086 35.2362022399902 35.3688163757324 35.3762550354004 35.4398956298828 35.4904632568359
35.1247673034668 34.3537178039551 34.4662094116211 34.5991554260254 34.1658096313477 34.2875556945801 34.6918601989746 35.2672729492188 35.4590148925781 35.3307228088379 35.0504760742188 34.9301834106445 34.8494033813477 34.8048629760742 34.5139274597168 34.375602722168 34.600700378418 34.7544746398926 34.1916656494141 34.01220703125 33.8756942749023 33.5618362426758 33.3428268432617 33.4727935791016 34.3267784118652 34.6066932678223 34.45751953125 34.4388275146484 34.4467658996582 34.1424865722656 34.2086067199707 33.2265205383301 33.4809455871582 32.25 31.9545516967773 31.3245735168457 30.8152599334717 30.3422679901123 31.3891487121582 32.6154632568359 34.034252166748 35.0855865478516 35.4210319519043 35.498722076416 35.4872398376465 35.4482040405273
35.3422393798828 35.0100631713867 34.6812858581543 35.3064613342285 34.8029708862305 34.3931503295898 34.7766075134277 35.3571739196777 35.5392799377441 35.4097366333008 35.2712554931641 35.2417182922363 35.1442337036133 34.9870300292969 34.5603218078613 34.3985862731934 34.7750129699707 34.8251533508301 34.6111755371094 34.1511383056641 33.8384208679199 33.4715614318848 33.5592308044434 33.5320777893066 34.1333656311035 34.5850219726562 34.2301864624023 34.5055313110352 34.3275299072266 33.497615814209 34.0744400024414 34.160572052002 33.4100303649902 32.1553153991699 31.5898399353027 30.7184963226318 31.0054454803467 30.5106830596924 30.4013957977295 29.9151763916016 31.5056533813477 34.2748374938965 35.2327575683594 35.470287322998 35.2189102172852 35.1233100891113
35.9186515808105 35.37060546875 35.1294860839844 35.5542449951172 35.3251876831055 34.6854248046875 34.7302207946777 35.3967704772949 35.5591850280762 35.1840324401855 35.197509765625 35.4169616699219 35.2974281311035 35.0205268859863 34.6598320007324 34.8260917663574 34.9244270324707 34.6617012023926 34.2048454284668 33.4767303466797 33.6702995300293 33.8504524230957 33.9907188415527 34.198974609375 34.2156143188477 33.8880081176758 34.6590957641602 34.2649154663086 34.140625 33.6498565673828 34.0268783569336 33.8539123535156 33.5481452941895 32.5547332763672 32.0418128967285 32.3682670593262 32.0644073486328 31.5179805755615 30.9785823822021 30.2384128570557 29.8904609680176 33.3945617675781 34.9387283325195 35.3811531066895 34.6844444274902 33.9585380554199
36.0854339599609 35.8433303833008 35.130313873291 35.5822486877441 35.6656455993652 35.2454681396484 34.9667816162109 35.4437980651855 35.6201133728027 35.3305282592773 35.2253150939941 35.5122833251953 35.3589057922363 35.0832252502441 34.4206504821777 34.9507713317871 34.8814353942871 34.4245338439941 33.8799934387207 33.4685325622559 33.5785255432129 33.8487205505371 34.1780471801758 34.1870498657227 34.500560760498 34.399600982666 34.4986381530762 33.7205581665039 33.7267913818359 32.6355133056641 33.3936233520508 33.8979415893555 34.0069732666016 33.6773834228516 33.3257369995117 33.2708435058594 32.4240646362305 31.9349975585938 31.6113796234131 30.786865234375 30.2836971282959 32.9645004272461 34.8292541503906 35.3451995849609 34.8510932922363 32.736515045166
36.294750213623 36.0370445251465 35.649471282959 35.8355979919434 35.793285369873 35.412712097168 34.754467010498 35.3420791625977 35.5472869873047 35.7021675109863 35.6500358581543 35.4970092773438 35.0624656677246 35.1890716552734 35.167610168457 35.0288887023926 34.8440704345703 34.2722320556641 34.0650787353516 33.7672004699707 33.1875343322754 33.4065208435059 33.8980026245117 34.3077087402344 34.683536529541 34.6167869567871 34.6529350280762 34.0957641601562 33.7336769104004 32.5144577026367 32.5311393737793 32.6627044677734 33.6604881286621 33.8466377258301 33.3829536437988 33.2804985046387 32.7039909362793 31.2898845672607 31.5474128723145 31.1047859191895 30.9497909545898 32.7842407226562 34.6215286254883 35.1164093017578 34.9022560119629 33.1997528076172
36.2967224121094 36.2067413330078 35.9141731262207 35.954704284668 35.9220428466797 35.6538352966309 35.0539398193359 34.9333419799805 35.2678985595703 35.6377334594727 35.7629013061523 35.4647254943848 34.7709121704102 35.0132369995117 35.2644691467285 34.5568885803223 34.5207366943359 33.739070892334 33.6730194091797 33.4432220458984 32.7684555053711 33.2621955871582 33.7205467224121 34.3086471557617 34.8136863708496 34.8382186889648 34.4214973449707 33.960620880127 33.784854888916 33.0047721862793 31.661506652832 31.9704399108887 32.3300590515137 32.956859588623 33.3700332641602 32.7554740905762 32.8432846069336 31.9424076080322 30.92138671875 31.2277069091797 31.4584827423096 32.6381912231445 33.7079696655273 34.7716293334961 34.7326278686523 32.8621368408203
36.050464630127 36.3012542724609 36.13623046875 36.0947875976562 35.9653778076172 35.7153205871582 35.3446159362793 34.867992401123 35.0605201721191 35.614070892334 35.7914733886719 35.7444343566895 35.5337715148926 35.385082244873 35.0136909484863 34.2300148010254 34.4461822509766 34.1921730041504 34.3449363708496 33.4017868041992 33.4134140014648 33.2682228088379 33.3836784362793 34.0983467102051 34.7255363464355 34.9292297363281 33.9782905578613 33.0723037719727 33.1742057800293 33.0898590087891 32.490104675293 31.9286098480225 31.495698928833 31.9843673706055 32.9390830993652 32.3170051574707 32.0850067138672 32.0451889038086 31.0789165496826 30.7573833465576 30.9963684082031 31.1205711364746 32.0676345825195 33.7455444335938 34.2455978393555 32.955265045166
35.7540740966797 36.2080459594727 36.2876319885254 36.1469841003418 35.9381446838379 35.8205490112305 35.6188125610352 35.1434326171875 34.8087959289551 35.5348434448242 35.7966690063477 35.3812522888184 34.6379127502441 34.7184410095215 34.838493347168 34.823299407959 34.8752098083496 34.7240600585938 34.5161361694336 34.2009353637695 33.8719367980957 33.2234954833984 33.580394744873 34.4644203186035 34.9508323669434 34.8537292480469 34.1276664733887 33.9665374755859 33.4465789794922 32.9234848022461 31.6457195281982 31.2607593536377 32.3789176940918 32.2441711425781 32.0401344299316 31.8079605102539 31.5930347442627 31.9077205657959 31.3546981811523 30.5948715209961 30.6394882202148 30.081823348999 30.9669437408447 32.1915550231934 32.5358200073242 31.8878707885742
35.4204597473145 35.7679557800293 36.3112449645996 36.2185173034668 36.0868034362793 36.007984161377 35.8146553039551 35.4311180114746 35.4243621826172 35.6824264526367 35.8455009460449 35.4533004760742 35.1108207702637 34.3365440368652 34.5280380249023 34.8427810668945 34.9930610656738 35.2067375183105 34.7408218383789 34.5422554016113 34.1311302185059 33.7563552856445 33.844799041748 34.4525375366211 34.9253082275391 34.8368377685547 34.1189155578613 33.338939666748 32.3098182678223 32.3181457519531 31.955135345459 31.9083118438721 32.8091354370117 32.5535736083984 31.6325187683105 31.3790740966797 31.8806476593018 31.593433380127 31.2088470458984 30.6496963500977 30.7172412872314 30.4668617248535 30.1156005859375 30.8792629241943 31.3428134918213 31.6819190979004
35.2547073364258 35.3418312072754 36.2805671691895 36.2909545898438 36.2103233337402 36.0878601074219 35.9161911010742 35.5710258483887 35.6226425170898 35.9442863464355 35.8981628417969 35.7010650634766 35.3216705322266 34.8104019165039 34.713249206543 35.0473976135254 35.3962478637695 35.3906326293945 35.1241989135742 34.644702911377 34.120002746582 33.7816963195801 33.963939666748 34.1353416442871 34.3782386779785 34.749324798584 33.7309379577637 32.9057006835938 32.285530090332 32.5437202453613 32.6242942810059 32.5485954284668 32.9963302612305 32.4517860412598 32.2010841369629 32.1190643310547 31.6847190856934 31.0860652923584 31.6407794952393 31.8916511535645 31.4485244750977 30.9984493255615 30.4619293212891 30.9358005523682 31.4987468719482 31.9292240142822
35.4266319274902 35.9746055603027 36.2714614868164 36.2399291992188 36.2628440856934 36.1711654663086 36.0330352783203 35.6438293457031 35.7468147277832 36.0884971618652 35.8879203796387 35.8247299194336 35.606388092041 35.6948318481445 35.601676940918 35.5925559997559 35.622142791748 35.5414695739746 35.3132591247559 34.7671012878418 34.4892501831055 34.6733055114746 34.9651031494141 35.2264938354492 35.0814552307129 34.6419715881348 34.4431304931641 33.9352111816406 33.5607948303223 33.3781776428223 33.4570693969727 33.251220703125 33.1610870361328 32.5682716369629 31.9919414520264 31.5338973999023 30.9874210357666 32.147087097168 32.4594650268555 32.4137229919434 31.023811340332 30.9654197692871 30.4680824279785 30.1975135803223 31.566650390625 32.1696548461914
35.8998489379883 36.1434898376465 36.2162284851074 36.1405067443848 36.1671524047852 36.2297554016113 36.1792526245117 36.0615653991699 35.851390838623 36.009162902832 35.9879722595215 35.9233665466309 35.7975997924805 35.6998519897461 35.5969123840332 35.5254592895508 35.6971778869629 35.6085243225098 35.4676780700684 35.3588256835938 35.2611694335938 35.2326011657715 35.0267143249512 35.1641387939453 34.7046165466309 33.6425476074219 33.6018905639648 33.1757431030273 32.6080513000488 33.429084777832 33.7332153320312 33.7038764953613 32.9274673461914 32.6199836730957 32.5052261352539 32.456169128418 32.4453544616699 32.1303558349609 32.7942390441895 33.1672134399414 32.631778717041 32.173454284668 31.5102844238281 30.9541969299316 32.0713996887207 32.6092491149902
35.0999145507812 35.7214851379395 36.1841659545898 36.1214408874512 36.0007476806641 36.1167335510254 36.0829696655273 35.9151954650879 35.4813842773438 35.5424652099609 35.9074592590332 35.7138824462891 35.1675567626953 35.3571128845215 35.5643081665039 34.9907569885254 35.4694671630859 35.6714210510254 35.628345489502 35.5859146118164 35.5371017456055 35.1164245605469 34.4502182006836 34.8774032592773 34.7080116271973 34.4324340820312 34.3681869506836 34.0194282531738 33.6479187011719 33.9343757629395 33.8988990783691 33.6353950500488 33.179141998291 33.4445419311523 33.4158134460449 32.4471092224121 33.0401954650879 32.1702423095703 32.5164337158203 33.3268890380859 33.3169403076172 33.0644340515137 32.2795867919922 31.4294738769531 32.0972709655762 32.911304473877
34.210018157959 35.2684364318848 36.0598526000977 36.2075881958008 36.1471786499023 36.1310920715332 36.0334777832031 35.9266929626465 35.7083320617676 35.1790161132812 34.7728500366211 35.5594482421875 34.694896697998 34.3845901489258 35.3110809326172 34.9457931518555 34.941951751709 35.4423866271973 35.4839859008789 35.496395111084 35.5180053710938 35.5022621154785 35.3666801452637 35.1278991699219 34.6940689086914 34.3008651733398 34.3325347900391 34.2765998840332 34.2274398803711 34.0459289550781 33.8786239624023 33.4655838012695 33.1894187927246 33.8674659729004 33.7502136230469 33.4801483154297 33.502067565918 32.9214210510254 32.5708618164062 33.2872543334961 33.5018348693848 32.8616485595703 31.559009552002 30.441822052002 30.9066925048828 32.7017402648926
35.2357635498047 35.0830993652344 35.6964149475098 35.9040679931641 36.1515502929688 36.1296997070312 36.0162696838379 35.8811340332031 35.7300682067871 35.4372482299805 34.7792434692383 35.2245559692383 34.1541938781738 33.9152526855469 34.6982612609863 34.5611724853516 33.8769721984863 35.0144348144531 35.0201606750488 35.0115623474121 35.2932624816895 35.4717292785645 35.380184173584 34.9437255859375 34.0854339599609 33.5072402954102 33.1287612915039 33.4775924682617 34.0569152832031 33.477596282959 33.2678985595703 32.5109977722168 33.2452392578125 34.1243019104004 33.9443054199219 33.7554359436035 33.8152809143066 33.3836708068848 33.0175285339355 33.3231391906738 33.5432319641113 32.4097785949707 31.4054527282715 31.7342529296875 32.1053924560547 32.7274513244629
35.3708953857422 35.7481651306152 35.8351440429688 35.8605194091797 36.0192108154297 36.0898323059082 36.0356788635254 35.9593086242676 35.808162689209 35.3440856933594 34.9499244689941 34.5742721557617 34.1763687133789 33.8250312805176 34.3592987060547 34.2268867492676 34.2682189941406 34.0938987731934 33.8495903015137 33.8430824279785 35.0349617004395 35.3279151916504 35.318546295166 35.219654083252 34.620231628418 33.4644012451172 32.0881538391113 32.9126319885254 33.7349815368652 32.7923469543457 33.1825408935547 33.7820091247559 34.0932121276855 34.3849639892578 34.3064804077148 34.1136131286621 33.6367835998535 32.8073425292969 33.28076171875 33.5263710021973 33.8658332824707 33.5268363952637 33.3816833496094 33.3718376159668 33.334831237793 32.7731285095215
35.6167144775391 35.619327545166 35.4732627868652 35.5887184143066 36.065299987793 35.9679679870605 35.9947128295898 35.9897613525391 35.9055709838867 35.553955078125 34.4388008117676 34.5363502502441 34.115119934082 33.0212326049805 33.7534523010254 33.5365676879883 33.3847045898438 32.7149085998535 33.5440673828125 33.9234199523926 35.0362739562988 35.0735740661621 35.2258071899414 35.3442420959473 34.484260559082 33.4256057739258 32.3015174865723 33.0779609680176 33.6994552612305 33.2181434631348 33.7230606079102 34.1805839538574 34.5792388916016 34.5966148376465 34.1621398925781 33.91015625 33.5559158325195 33.2977294921875 33.8407783508301 33.9397735595703 33.9922943115234 33.926212310791 33.8090133666992 33.165901184082 32.331298828125 32.3058319091797
35.7680015563965 35.7731552124023 35.7581977844238 35.6258659362793 36.0829238891602 36.0930404663086 36.0420455932617 35.9960517883301 35.9376907348633 35.8462944030762 35.5236511230469 34.7874946594238 33.9688606262207 32.8241386413574 33.1436233520508 33.1166152954102 32.706298828125 32.9900207519531 33.2437629699707 34.2680511474609 35.0614395141602 34.6523170471191 35.3709945678711 35.2264137268066 34.6404495239258 34.4098892211914 33.3656616210938 33.4790153503418 33.8357315063477 33.6739501953125 34.292049407959 34.2713279724121 34.7263298034668 34.6661949157715 34.526554107666 34.2909545898438 33.463134765625 33.6440849304199 33.9181632995605 33.9248008728027 33.9710121154785 33.8458099365234 33.777473449707 33.2752914428711 33.2126960754395 33.0953559875488
