inst/extdata/Tmax/Tmax37.asc
NCOLS 100 
NROWS 79 
XLLCORNER 148.06 
YLLCORNER -21.49 
CELLSIZE 0.01 
NODATA_value -3.4e+38 
[rows 20 to 39 of 79, columns 46 to 91 of 100]
20.5388221740723 19.0872554779053 18.6991157531738 19.7273616790771 19.362907409668 19.1150894165039 18.1104564666748 17.3308200836182 19.1603603363037 21.061408996582 21.8710479736328 22.1459274291992 22.0272560119629 22.802131652832 21.6907386779785 22.1780300140381 22.4120349884033 22.9386692047119 24.1884803771973 24.008472442627 25.8254489898682 27.9598159790039 29.0580501556396 28.7273769378662 27.2217845916748 27.5938110351562 28.3106288909912 26.7933807373047 25.8391799926758 26.691047668457 25.9016780853271 26.6350860595703 26.9999217987061 27.8172798156738 27.5267868041992 26.1011638641357 25.4978866577148 25.3607311248779 26.76979637146 28.0937671661377 27.105676651001 27.6539306640625 26.7878837585449 26.4394626617432 26.6236686706543 27.3606338500977
23.0594215393066 18.1836128234863 17.9392681121826 18.8198738098145 18.5894355773926 17.9990119934082 18.753719329834 17.7058963775635 18.3502826690674 20.5110359191895 22.8279552459717 20.2163867950439 19.5763263702393 21.9908332824707 20.309986114502 20.2693576812744 21.2224903106689 22.9771862030029 22.7770004272461 23.4635944366455 26.0347690582275 28.3815593719482 23.0915966033936 22.8812274932861 26.2560691833496 27.8972816467285 29.1028003692627 25.5947360992432 26.4379844665527 25.3052921295166 25.6865081787109 25.6326541900635 26.184103012085 25.5908470153809 27.1371459960938 26.9134120941162 26.7842750549316 26.9968776702881 26.1433334350586 29.2941474914551 28.0359687805176 26.795862197876 25.5926151275635 24.8647708892822 24.126802444458 24.3720054626465
24.144006729126 20.0497245788574 18.7792072296143 18.6113605499268 17.8512210845947 18.6128082275391 18.0300407409668 18.5332145690918 17.944522857666 18.5872745513916 20.8540706634521 21.3042545318604 19.9232044219971 19.9849624633789 19.7917385101318 20.503210067749 21.5208892822266 22.1122455596924 20.7489814758301 22.1388282775879 27.9290142059326 26.1529331207275 22.6379814147949 21.6942520141602 22.3316764831543 22.4840621948242 25.6308155059814 28.2531833648682 24.9521160125732 27.7870178222656 28.7333755493164 30.06028175354 27.194242477417 26.070556640625 26.9645156860352 27.4138584136963 28.7161464691162 28.2985687255859 29.5540008544922 27.7370414733887 26.7230758666992 27.5692615509033 26.7632694244385 26.8390159606934 22.916166305542 23.0530376434326
23.9257545471191 19.7731285095215 19.5490818023682 18.6188488006592 16.9662590026855 18.2732963562012 18.923412322998 18.2804794311523 18.2782421112061 18.5802421569824 19.4027252197266 18.8017883300781 20.045316696167 19.137716293335 23.3850498199463 25.0482845306396 20.9691276550293 21.4349803924561 20.3059883117676 22.0568008422852 26.6847324371338 25.2479915618896 23.6985702514648 20.8285961151123 21.849681854248 22.5199337005615 22.790060043335 26.9563312530518 26.4367275238037 24.9030323028564 26.1689281463623 26.3717060089111 26.8446578979492 26.410026550293 26.3266372680664 26.4637031555176 27.2723064422607 28.3614311218262 28.6472091674805 28.6432228088379 28.222038269043 27.7563285827637 26.298397064209 26.5350322723389 24.8621654510498 22.3111114501953
22.6916236877441 22.7485370635986 22.8922367095947 19.4816780090332 19.3318023681641 18.6196250915527 18.2123241424561 18.3361110687256 18.8907337188721 18.3618564605713 18.6667137145996 18.2560863494873 19.6634540557861 26.6646842956543 19.5654468536377 20.876049041748 21.8786182403564 22.2839584350586 21.8021697998047 23.4568099975586 26.153491973877 25.8841781616211 22.8650608062744 21.8346920013428 22.1562404632568 22.8510971069336 22.4659004211426 22.6064186096191 22.5701465606689 26.5414562225342 28.1976299285889 27.5742835998535 26.1836261749268 26.8569164276123 25.5107860565186 25.0050354003906 27.5632648468018 22.5116500854492 27.1950511932373 28.3466739654541 28.6639442443848 26.6964130401611 28.7372398376465 27.6774883270264 26.2968406677246 24.1102466583252
17.8531723022461 18.64137840271 19.2548866271973 19.1967620849609 18.7002925872803 17.9287853240967 17.6007881164551 17.2936878204346 18.3032417297363 18.6729545593262 18.4336109161377 18.3703098297119 19.7987995147705 21.502420425415 21.3332328796387 21.3704872131348 21.5245552062988 24.9330825805664 26.2817993164062 23.4013252258301 23.3275737762451 23.2187004089355 21.5632553100586 21.3979549407959 21.6536998748779 22.50461769104 22.5066719055176 21.7015380859375 25.2480087280273 23.644889831543 28.1539058685303 27.2566242218018 28.3291816711426 25.5337753295898 26.1897754669189 24.9687194824219 26.6050891876221 24.5695552825928 24.6452350616455 28.2539672851562 24.3975315093994 22.1476230621338 21.887508392334 26.8319492340088 27.4014797210693 24.9103298187256
17.6552391052246 17.7198486328125 18.158203125 18.5367755889893 18.7280502319336 16.9317874908447 16.6771278381348 17.3814239501953 17.9224548339844 18.5138454437256 18.700065612793 19.2059192657471 20.9226474761963 22.0251998901367 22.1865386962891 22.466157913208 23.9299716949463 24.2182846069336 24.181224822998 23.0582466125488 22.8264293670654 23.9712028503418 24.2034931182861 23.9540691375732 26.7121315002441 22.1554718017578 24.6076126098633 24.428108215332 23.1052761077881 22.4898929595947 21.8871040344238 29.6052436828613 24.9483184814453 25.6138134002686 27.1914882659912 26.1673793792725 26.6734447479248 25.4743614196777 22.7962017059326 23.0520057678223 27.9843406677246 26.4422779083252 22.8853816986084 22.5210742950439 26.596378326416 25.8117828369141
18.1079063415527 17.5656566619873 17.7369842529297 17.8355922698975 18.2656879425049 16.6727962493896 16.4425201416016 16.46337890625 17.7840175628662 18.5447235107422 18.1434230804443 18.2355308532715 19.4978942871094 20.5905475616455 22.1724491119385 21.7302932739258 22.6959190368652 24.2693901062012 22.8990383148193 21.7253608703613 22.8079833984375 24.0615997314453 26.0659770965576 28.673641204834 28.2502861022949 28.0387573242188 24.1464900970459 25.2355556488037 23.5151691436768 22.5453948974609 22.3401622772217 27.6942768096924 26.0194263458252 24.8031845092773 25.5747985839844 25.6506938934326 25.6427154541016 26.3324680328369 23.0721912384033 21.7919139862061 21.481632232666 21.0794048309326 25.2475910186768 21.9302654266357 22.8959217071533 24.9488067626953
18.7898998260498 18.1731185913086 18.2130680084229 17.7453651428223 17.9115390777588 16.7434024810791 17.790189743042 17.4351863861084 17.7484760284424 17.8449821472168 18.0051708221436 18.2441444396973 18.2737598419189 19.7942504882812 21.4000778198242 20.9552364349365 22.5894775390625 23.6347408294678 22.8238792419434 21.4264335632324 21.7354278564453 25.9323177337646 26.9099655151367 28.704610824585 28.2780017852783 29.2819862365723 25.6092586517334 27.967342376709 25.2935791015625 22.1868839263916 22.3003120422363 26.5142345428467 26.6802730560303 26.3976287841797 24.5130062103271 25.2874431610107 26.5456562042236 26.5796527862549 28.5079536437988 25.2223930358887 27.3070259094238 25.8907413482666 21.1805095672607 21.7341747283936 27.2021427154541 26.2571792602539
19.4180107116699 19.3770160675049 18.8693923950195 18.986364364624 18.2997531890869 18.0654468536377 18.1044731140137 17.1628112792969 17.5971832275391 17.4954090118408 16.8298740386963 17.8496780395508 18.0611190795898 19.6614017486572 20.5150375366211 19.4164714813232 20.974889755249 21.6870307922363 21.8897342681885 22.1606407165527 21.9830551147461 23.8045253753662 24.5032367706299 26.8222751617432 28.9857807159424 26.9702262878418 27.0409374237061 25.4865226745605 25.5958366394043 21.8814449310303 22.2237892150879 24.9802398681641 26.0281543731689 24.6618366241455 26.2217445373535 24.3010692596436 26.3613033294678 25.0129852294922 27.0974254608154 23.3221778869629 22.1543998718262 21.6048545837402 23.6112537384033 20.8908748626709 22.6880435943604 24.3172035217285
18.386043548584 18.2110462188721 18.4333000183105 18.3175449371338 18.2942085266113 18.3050842285156 17.203067779541 17.2708148956299 16.7140426635742 17.2338638305664 16.3144130706787 17.6886444091797 17.2120571136475 18.5792083740234 19.4436874389648 18.5032958984375 18.7572021484375 20.9235553741455 22.1086540222168 23.7571086883545 22.8087749481201 23.4529685974121 24.5589141845703 25.0746574401855 25.1948337554932 25.7489948272705 26.6224479675293 27.9029903411865 27.9170360565186 26.4357376098633 24.0988788604736 25.3728618621826 26.4850177764893 25.9425945281982 28.0587196350098 28.8906879425049 25.7867240905762 24.5929374694824 24.7840747833252 25.5828170776367 24.899435043335 23.9884510040283 21.7614459991455 26.3115329742432 26.8993453979492 23.9212017059326
17.6758556365967 18.2325973510742 18.4141654968262 18.3382472991943 17.6267585754395 18.3734149932861 17.4079513549805 16.5273818969727 15.9896068572998 15.8188152313232 15.9861793518066 16.4341678619385 23.6880626678467 18.8629894256592 18.5683422088623 18.4644222259521 20.3694000244141 21.5715427398682 22.329080581665 22.9928779602051 26.1627464294434 24.9490432739258 25.3482761383057 24.8639392852783 25.4683265686035 26.910343170166 29.0912780761719 26.7113590240479 27.31764793396 24.1708679199219 22.4188270568848 25.6275768280029 25.8853130340576 24.475248336792 27.1031360626221 28.9693660736084 27.912467956543 24.7586975097656 25.3465709686279 27.827299118042 23.3378887176514 22.4702053070068 24.3157386779785 23.8629856109619 26.2323989868164 25.7610511779785
17.6513977050781 18.0037593841553 18.0101261138916 18.2601203918457 18.2438774108887 18.1632251739502 18.0910320281982 17.1376876831055 16.7530479431152 16.7902393341064 15.9947528839111 16.1047267913818 16.8920001983643 18.5855922698975 18.4942874908447 19.3551025390625 19.7653045654297 20.41868019104 22.1364479064941 22.8721904754639 24.3949069976807 24.3427467346191 24.3661251068115 24.1235504150391 25.0059986114502 26.9804668426514 28.8827476501465 25.5242671966553 22.1211700439453 22.2345428466797 22.4229316711426 26.4850196838379 27.9564971923828 24.4091911315918 27.0068912506104 28.6674652099609 24.9482154846191 24.9547595977783 26.1515464782715 27.0594825744629 27.2960243225098 26.6536846160889 20.3841915130615 21.4771099090576 21.5519390106201 21.9175605773926
17.8103313446045 17.2145023345947 17.4783573150635 18.075963973999 18.1777687072754 18.1195259094238 17.8018798828125 17.3861217498779 17.7453708648682 17.4028949737549 17.0864658355713 16.968111038208 17.9574680328369 18.3516311645508 18.127893447876 19.45188331604 20.2461776733398 21.1800060272217 22.1203746795654 22.4699993133545 25.403263092041 28.2230129241943 29.4906063079834 22.9306449890137 22.9762630462646 22.9956684112549 22.7784671783447 25.4320030212402 24.4626083374023 26.0748805999756 25.5125732421875 26.0563087463379 24.9151268005371 26.7654304504395 27.2499542236328 22.7753829956055 26.031530380249 25.8148517608643 27.5033931732178 27.5417366027832 24.4337978363037 25.5610961914062 24.8240299224854 23.6641082763672 23.8563041687012 23.3357086181641
18.7859764099121 17.6961765289307 17.5735645294189 17.1964092254639 17.9495887756348 17.8666095733643 17.8331832885742 18.4373836517334 18.0820426940918 17.3838424682617 17.792610168457 18.1960430145264 18.6505260467529 17.6438694000244 18.0339031219482 18.990364074707 20.5295810699463 21.8611907958984 21.3139591217041 22.6281929016113 24.80859375 27.7485103607178 28.3221683502197 22.8511123657227 21.9279823303223 22.3578472137451 23.0259609222412 23.1566257476807 24.8166198730469 25.0677223205566 27.8560943603516 29.2006149291992 29.7809143066406 27.4231243133545 28.3328723907471 25.0012168884277 25.9036827087402 26.3188743591309 25.5830974578857 26.6165523529053 27.3001022338867 24.4706859588623 22.0475406646729 24.9675197601318 24.6494407653809 25.4919605255127
18.4895343780518 17.8105545043945 17.608512878418 17.6525592803955 17.8393974304199 17.7584266662598 18.2292823791504 19.1012668609619 24.5572624206543 17.4333152770996 19.280101776123 19.8895378112793 19.7952899932861 17.8607158660889 18.5747509002686 18.6867275238037 19.9764862060547 20.4496212005615 20.3760108947754 21.687650680542 22.7231407165527 23.3818588256836 25.1239528656006 28.2505512237549 23.2212905883789 22.5388641357422 22.0274105072021 22.2385311126709 25.4546337127686 29.7225399017334 25.9685935974121 23.0851650238037 28.8897304534912 27.0549602508545 26.7198734283447 23.4413471221924 25.3490943908691 24.6684093475342 28.3666725158691 27.971643447876 26.2100486755371 26.2696723937988 25.7286720275879 25.8481101989746 25.9596309661865 27.2959060668945
17.9350719451904 17.8140316009521 17.621976852417 17.9170532226562 18.0056533813477 18.1710033416748 18.2904644012451 19.7955207824707 19.8872470855713 18.5250854492188 20.8392028808594 21.6753349304199 21.1532802581787 19.4368019104004 19.5752544403076 20.3383865356445 21.0379276275635 21.8002796173096 22.1572399139404 22.4538822174072 22.796537399292 23.1489429473877 21.0512752532959 21.2348899841309 21.898193359375 21.3654518127441 21.8215351104736 27.716381072998 25.4939479827881 29.2143707275391 22.2795867919922 21.6562957763672 22.554012298584 26.3290710449219 26.9032306671143 25.735164642334 24.0146083831787 25.4797706604004 25.240608215332 26.1927375793457 27.5196418762207 28.4112663269043 28.2344760894775 27.9973411560059 26.7886447906494 27.0824375152588
18.0503768920898 18.8078804016113 17.7493095397949 18.2184982299805 18.2507629394531 18.9017677307129 19.240083694458 22.5675678253174 20.5953540802002 20.2310466766357 21.6259078979492 22.779296875 21.9053821563721 20.7878284454346 20.8248043060303 22.2561893463135 22.7437152862549 22.7871017456055 23.9955921173096 23.6946067810059 25.1192054748535 23.5234928131104 22.7389793395996 22.1088829040527 22.5021553039551 22.9218997955322 25.6080875396729 24.6737823486328 24.5723075866699 24.7877616882324 23.3473320007324 24.4358501434326 23.5276622772217 26.0117874145508 22.7686042785645 26.2835464477539 27.2319221496582 27.1793041229248 27.1090717315674 24.4928970336914 25.0637016296387 26.6094169616699 25.7544078826904 26.9449901580811 27.4596424102783 27.5062580108643
19.512659072876 19.4437637329102 18.166410446167 19.1335601806641 19.1974487304688 19.4169616699219 20.143648147583 21.5945091247559 20.4949512481689 21.127326965332 23.2017993927002 24.9067420959473 22.8857975006104 21.7945899963379 20.8792095184326 22.0485134124756 21.9736938476562 22.5496311187744 23.6539192199707 28.2878932952881 23.6054611206055 23.901065826416 26.1482772827148 25.4644603729248 25.233247756958 24.9958057403564 26.6602897644043 25.8921203613281 26.4910316467285 25.8916397094727 24.1790161132812 24.9310111999512 26.815938949585 26.5051250457764 22.4548854827881 21.7618827819824 22.2262306213379 23.5170059204102 23.01344871521 25.0629539489746 28.6300888061523 28.2459316253662 25.2499828338623 24.5998554229736 23.0640926361084 23.2748050689697
18.7137241363525 18.7014942169189 18.7846622467041 20.1509323120117 20.8149070739746 21.5693531036377 22.8040790557861 21.1956939697266 20.006290435791 20.5113430023193 21.554220199585 23.8120346069336 23.3219757080078 22.839937210083 21.6604309082031 24.3209991455078 24.1268939971924 26.1589813232422 28.6950836181641 26.6064682006836 26.8579444885254 25.5457153320312 24.9803485870361 25.4070453643799 25.5026893615723 25.1124172210693 25.0526866912842 24.7253074645996 25.3684577941895 26.478536605835 25.8210220336914 25.24049949646 23.0958690643311 22.8028659820557 21.6029357910156 24.7881774902344 26.1831703186035 22.6244239807129 22.5678005218506 22.3743915557861 22.264066696167 24.9899768829346 24.4870929718018 25.7001800537109 24.2135848999023 23.6962623596191
