inst/extdata/Tmax/Tmax116.asc
NCOLS 100 
NROWS 79 
XLLCORNER 148.06 
YLLCORNER -21.49 
CELLSIZE 0.01 
NODATA_value -3.4e+38 
[rows 0 to 19 of 79, columns 0 to 45 of 100]
42.212768554687500 41.8235359191895 40.8022155761719 41.1590957641602 41.2816390991211 41.6895980834961 41.8488960266113 41.9855537414551 41.9134941101074 41.7107543945312 41.2103462219238 40.9663925170898 40.8573265075684 39.5658721923828 40.045970916748 40.4489784240723 40.798397064209 40.754264831543 39.9108505249023 39.2181434631348 39.0682029724121 38.0861892700195 38.5354118347168 39.8752059936523 40.4080772399902 40.6693534851074 40.5281524658203 40.5827331542969 40.255298614502 39.8668098449707 38.9472007751465 36.9821319580078 38.3157577514648 38.2261962890625 36.9720611572266 35.8220672607422 35.6985778808594 35.3031539916992 36.1025199890137 38.0545845031738 39.6661643981934 39.9306678771973 40.7030181884766 41.0419578552246 41.2059631347656 41.3227310180664
42.0512962341309 41.4702301025391 40.6442260742188 40.7204437255859 40.0926284790039 41.0371589660645 41.5909957885742 41.8892288208008 41.9873161315918 41.8396797180176 41.4708938598633 41.119457244873 41.2067642211914 40.7551879882812 40.561107635498 40.4189033508301 40.7970695495605 40.8188133239746 39.7791442871094 39.1556510925293 39.7100830078125 39.438606262207 39.3233070373535 39.7893104553223 40.2821350097656 40.474853515625 40.7591133117676 40.7084312438965 40.4843635559082 40.2591896057129 39.3686332702637 37.8831100463867 39.1229782104492 38.683464050293 37.9724731445312 36.9548568725586 36.485221862793 36.8765716552734 38.0155181884766 39.2068252563477 40.7847900390625 41.1968116760254 41.3234786987305 41.3127098083496 41.3563957214355 41.3856887817383
42.0454444885254 41.1548309326172 41.2587738037109 41.3702087402344 40.8641166687012 40.9651908874512 41.3577156066895 41.9128570556641 42.063362121582 41.8981971740723 41.5804176330566 41.4133529663086 41.2942848205566 41.2120895385742 40.8790130615234 40.7011184692383 40.8763389587402 41.0310134887695 40.4288787841797 40.2300720214844 40.076789855957 39.7261009216309 39.4839057922363 39.6156578063965 40.5154304504395 40.8005142211914 40.6160774230957 40.5986862182617 40.5975761413574 40.2679634094238 40.3278198242188 39.2704772949219 39.531135559082 38.2133560180664 37.8907470703125 37.2142944335938 36.6601638793945 36.1536064147949 37.2496948242188 38.533145904541 40.0138168334961 41.0685768127441 41.4005661010742 41.4599113464355 41.4302749633789 41.3726806640625
42.300609588623 41.8971824645996 41.5217666625977 42.1443939208984 41.5837173461914 41.1100769042969 41.4779930114746 42.0352210998535 42.1754264831543 42.010009765625 41.8350791931152 41.7593078613281 41.6247978210449 41.4306678771973 40.9616203308105 40.7600517272949 41.0884208679199 41.1437606811523 40.9114875793457 40.416862487793 40.0758514404297 39.6680488586426 39.7549743652344 39.7185363769531 40.3514442443848 40.8188896179199 40.417854309082 40.7100982666016 40.5141258239746 39.6262397766113 40.2288513183594 40.3024291992188 39.4984169006348 38.1540031433105 37.5443077087402 36.6120185852051 36.9015998840332 36.3711128234863 36.2488746643066 35.7297401428223 37.3972511291504 40.2801628112793 41.2610168457031 41.4814910888672 41.2144088745117 41.1011543273926
42.885425567627 42.2831497192383 42.0086402893066 42.404972076416 42.1373825073242 41.4354820251465 41.4411773681641 42.0883293151855 42.2097244262695 41.8008728027344 41.7771644592285 41.9475936889648 41.7926826477051 41.4808464050293 41.079906463623 41.2128639221191 41.2641258239746 40.9927101135254 40.5016746520996 39.7145042419434 39.9161605834961 40.0948104858398 40.2372741699219 40.4509811401367 40.4608116149902 40.1051292419434 40.8917198181152 40.4806175231934 40.3408546447754 39.811824798584 40.2029647827148 40.0032691955566 39.6698570251465 38.6034698486328 38.0487861633301 38.3882369995117 38.0491943359375 37.4609985351562 36.8819541931152 36.0927734375 35.7196083068848 39.3876266479492 40.9943161010742 41.4254150390625 40.7046737670898 39.9381484985352
43.0537605285645 42.764762878418 42.0188522338867 42.4435844421387 42.4881591796875 42.0309257507324 41.7004699707031 42.1482582092285 42.2832908630371 41.9614105224609 41.8196601867676 42.0563659667969 41.8693466186523 41.5597343444824 40.8492393493652 41.3550109863281 41.239086151123 40.7620086669922 40.1741180419922 39.725269317627 39.8376312255859 40.1136131286621 40.4577522277832 40.4600067138672 40.7836074829102 40.6695022583008 40.7464790344238 39.9262161254883 39.9250373840332 38.7503929138184 39.5541534423828 40.0743675231934 40.1808662414551 39.8229370117188 39.4406700134277 39.3733978271484 38.4566955566406 37.9284324645996 37.5769996643066 36.695686340332 36.1570930480957 38.9638023376465 40.9135971069336 41.4218673706055 40.9083137512207 38.6917495727539
43.258228302002 42.9602890014648 42.5572547912598 42.7022476196289 42.6237449645996 42.2112121582031 41.4890632629395 42.0595245361328 42.2260665893555 42.3389472961426 42.2512168884277 42.0570640563965 41.5903663635254 41.6809234619141 41.6235656738281 41.4497146606445 41.2194366455078 40.6193771362305 40.3918952941895 40.066333770752 39.4354858398438 39.6588249206543 40.1801528930664 40.6092109680176 40.9975929260254 40.9200706481934 40.9309387207031 40.3476181030273 39.9551734924316 38.6423988342285 38.653923034668 38.7807884216309 39.8384094238281 40.0274314880371 39.526725769043 39.4093780517578 38.7799606323242 37.266284942627 37.5337028503418 37.0566368103027 36.885669708252 38.8022575378418 40.7310180664062 41.2242202758789 40.9934196472168 39.2108955383301
43.2636184692383 43.1235046386719 42.8191719055176 42.8210411071777 42.752571105957 42.455436706543 41.8060302734375 41.6469116210938 41.9547805786133 42.2845840454102 42.3683280944824 42.034236907959 41.3014984130859 41.5138473510742 41.729175567627 40.980167388916 40.8906555175781 40.0595588684082 39.9829483032227 39.7294998168945 38.9934959411621 39.5159950256348 40.003849029541 40.6248054504395 41.1490287780762 41.1671867370605 40.7037734985352 40.2200126647949 40.025806427002 39.1843566894531 37.7341270446777 38.0536346435547 38.4337959289551 39.0983390808105 39.5315895080566 38.8686676025391 38.9473533630371 37.9792785644531 36.8847198486328 37.2049560546875 37.4439392089844 38.6696014404297 39.8021926879883 40.8988037109375 40.8452758789062 38.877815246582
43.0588645935059 43.2392425537109 43.05859375 42.982795715332 42.8231735229492 42.5448532104492 42.1319961547852 41.6075630187988 41.7736511230469 42.2931632995605 42.4284362792969 42.3381309509277 42.098331451416 41.9171676635742 41.512580871582 40.6726303100586 40.8479232788086 40.5829277038574 40.7403030395508 39.7213973999023 39.7289886474609 39.5595817565918 39.6790885925293 40.4398918151855 41.0962409973145 41.3017959594727 40.2736434936523 39.3084945678711 39.4121551513672 39.3154373168945 38.6647720336914 38.0476188659668 37.5770416259766 38.0968856811523 39.1139640808105 38.441780090332 38.1796798706055 38.1308975219727 37.093017578125 36.7449378967285 36.9943008422852 37.1016387939453 38.1128082275391 39.8769378662109 40.3870887756348 39.0210266113281
42.7761306762695 43.1612701416016 43.2097473144531 43.0420227050781 42.8071975708008 42.6578369140625 42.416332244873 41.9031410217285 41.5232543945312 42.2280120849609 42.4472846984863 41.9977836608887 41.2079124450684 41.2588996887207 41.3492240905762 41.3005065917969 41.3200263977051 41.1666259765625 40.9410171508789 40.5999145507812 40.2420539855957 39.5300559997559 39.9105644226074 40.8490219116211 41.3527793884277 41.2449035644531 40.4540405273438 40.2880096435547 39.7260513305664 39.1582794189453 37.7754974365234 37.3488349914551 38.5485038757324 38.3982429504395 38.1736869812012 37.9192085266113 37.6760368347168 38.0078125 37.4106597900391 36.5939064025879 36.6371688842773 36.0183143615723 36.9662094116211 38.2601623535156 38.615837097168 37.9201507568359
42.4430274963379 42.7430419921875 43.2410507202148 43.1189422607422 42.9591522216797 42.8486633300781 42.618465423584 42.2051849365234 42.164421081543 42.3849067687988 42.5075378417969 42.0820426940918 41.7057113647461 40.8726501464844 41.0423278808594 41.3344535827637 41.4618225097656 41.6900444030762 41.1972618103027 40.9818725585938 40.5388488769531 40.1241455078125 40.2142105102539 40.8567886352539 41.3472938537598 41.2487411499023 40.4660110473633 39.6372680664062 38.5216522216797 38.5263061523438 38.1297607421875 38.0675621032715 39.0333290100098 38.7532730102539 37.7574234008789 37.4804878234863 38.0073013305664 37.6941909790039 37.2772903442383 36.6736869812012 36.7407989501953 36.4489212036133 36.0809555053711 36.8886795043945 37.3750190734863 37.7274551391602
42.2752799987793 42.3158493041992 43.2212677001953 43.1961059570312 43.0856246948242 42.9349365234375 42.7270469665527 42.3548965454102 42.3720741271973 42.6498908996582 42.5709342956543 42.3375625610352 41.9301071166992 41.3788261413574 41.2469596862793 41.5611534118652 41.8987083435059 41.898567199707 41.6172943115234 41.1090087890625 40.5455856323242 40.1702041625977 40.3612747192383 40.5396385192871 40.7927169799805 41.1783103942871 40.0723724365234 39.1904754638672 38.5151596069336 38.7905426025391 38.8732147216797 38.7795562744141 39.2569160461426 38.6659736633301 38.3913383483887 38.2984161376953 37.8191947937012 37.1711349487305 37.7618103027344 38.0249977111816 37.5443840026855 37.0378303527832 36.4709510803223 36.9713668823242 37.565071105957 38.0155830383301
42.4525566101074 42.9531707763672 43.2149429321289 43.1510772705078 43.1384887695312 43.017707824707 42.8432540893555 42.430492401123 42.4983558654785 42.7931785583496 42.567512512207 42.4639205932617 42.217945098877 42.2706031799316 42.151065826416 42.1364097595215 42.1420097351074 42.0654335021973 41.8254051208496 41.2501220703125 40.951286315918 41.1335639953613 41.4346046447754 41.7005386352539 41.5448150634766 41.079833984375 40.8453521728516 40.3117980957031 39.905876159668 39.7048568725586 39.7848510742188 39.5514984130859 39.4497756958008 38.8069229125977 38.1810684204102 37.6830139160156 37.0822830200195 38.3262329101562 38.6558876037598 38.6005744934082 37.1041107177734 37.0174293518066 36.4919586181641 36.1981964111328 37.655143737793 38.2907447814941
42.9555206298828 43.1415481567383 43.1886825561523 43.0831642150879 43.0752716064453 43.1010932922363 43.0106391906738 42.8650093078613 42.6290092468262 42.7476692199707 42.693790435791 42.5895385742188 42.4349746704102 42.3069458007812 42.1815757751465 42.1033477783203 42.2545394897461 42.1702270507812 42.0208892822266 41.9038276672363 41.7978820800781 41.7552642822266 41.5363426208496 41.6740684509277 41.1889839172363 40.0523834228516 39.9851150512695 39.5333557128906 38.9150276184082 39.7983551025391 40.1202163696289 40.0764007568359 39.2377815246582 38.9019966125488 38.7734603881836 38.7155876159668 38.6912841796875 38.3470230102539 39.0548629760742 39.4474945068359 38.8683776855469 38.3518867492676 37.6472930908203 37.0464096069336 38.2357063293457 38.8019027709961
42.1355323791504 42.7313652038574 43.1650352478027 43.0723266601562 42.9231567382812 43.0024681091309 42.9283638000488 42.7336692810059 42.2726936340332 42.3020210266113 42.6279754638672 42.3983917236328 41.8216514587402 41.9812355041504 42.1650276184082 41.5642585754395 42.0389251708984 42.2524833679199 42.2037353515625 42.1555252075195 42.1008033752441 41.6537170410156 40.9483680725098 41.3948402404785 41.2123489379883 40.9166297912598 40.8246574401855 40.4606285095215 40.0584144592285 40.3611907958984 40.3188247680664 40.0248794555664 39.530029296875 39.8101425170898 39.7739295959473 38.7264137268066 39.3523712158203 38.4110412597656 38.7788848876953 39.6414413452148 39.6241989135742 39.3288803100586 38.494945526123 37.5781478881836 38.2880477905273 39.1497192382812
41.1653594970703 42.2694244384766 43.0513153076172 43.1621131896973 43.0721549987793 43.0245780944824 42.8895874023438 42.7539825439453 42.507884979248 41.9432182312012 41.4918594360352 42.2571716308594 41.3442001342773 40.9887466430664 41.9196815490723 41.5332069396973 41.5060768127441 42.0353050231934 42.0738334655762 42.0822372436523 42.0999565124512 42.0712051391602 41.9273109436035 41.6757164001465 41.2171592712402 40.7964172363281 40.8067665100098 40.7550010681152 40.6986083984375 40.5011901855469 40.3181495666504 39.8628005981445 39.5609817504883 40.2833442687988 40.1528434753418 39.8587455749512 39.8691482543945 39.2412719726562 38.8592910766602 39.6224365234375 39.8451843261719 39.1361312866211 37.7442359924316 36.5387763977051 37.0348510742188 38.953010559082
42.2860221862793 42.0771865844727 42.6962089538574 42.8732681274414 43.0836067199707 43.0311012268066 42.8811798095703 42.7180137634277 42.5381050109863 42.214599609375 41.5068511962891 41.930248260498 40.7792778015137 40.4952430725098 41.2997703552246 41.1408538818359 40.3821105957031 41.6067924499512 41.6092262268066 41.596607208252 41.8865165710449 42.0586395263672 41.9602546691895 41.5025787353516 40.588752746582 39.9630126953125 39.5308036804199 39.9177284240723 40.5370292663574 39.9109191894531 39.6807899475098 38.8499908447266 39.6409301757812 40.5775985717773 40.3810043334961 40.1745147705078 40.2253646850586 39.7591400146484 39.3614959716797 39.6839218139648 39.9132232666016 38.6745834350586 37.6007385253906 37.9509468078613 38.3454360961914 39.0064544677734
42.4240303039551 42.7644844055176 42.8336601257324 42.829174041748 42.9555130004883 42.9937210083008 42.9016952514648 42.7964668273926 42.6173934936523 42.1218872070312 41.6866722106934 41.256233215332 40.8045959472656 40.3991241455078 40.9465255737305 40.7905921936035 40.8133239746094 40.6350936889648 40.3687057495117 40.359432220459 41.6285133361816 41.9222717285156 41.9089393615723 41.8027381896973 41.1705551147461 39.9281234741211 38.4072570800781 39.3168182373047 40.2037658691406 39.180492401123 39.6006355285645 40.235221862793 40.5634536743164 40.8680763244629 40.7800674438477 40.5707092285156 40.0502777099609 39.154899597168 39.6597290039062 39.9176559448242 40.2736358642578 39.8883476257324 39.7401466369629 39.724250793457 39.6793060302734 39.074649810791
42.7000885009766 42.6552352905273 42.4883766174316 42.5785064697266 43.0251426696777 42.8997764587402 42.8873672485352 42.8523712158203 42.7397384643555 42.3604583740234 41.1720581054688 41.241886138916 40.7646293640137 39.5420303344727 40.3227920532227 40.0738983154297 39.8871574401855 39.1639823913574 40.0703582763672 40.4804153442383 41.6651992797852 41.6933326721191 41.8489227294922 41.968391418457 41.0625495910645 39.9214668273926 38.674446105957 39.5314140319824 40.2013244628906 39.67822265625 40.2200889587402 40.6981735229492 41.1158981323242 41.129524230957 40.6657676696777 40.3932037353516 40.0025863647461 39.7215156555176 40.2979888916016 40.3983726501465 40.4489822387695 40.354248046875 40.2365379333496 39.546703338623 38.6470069885254 38.6158638000488
42.8571624755859 42.8150253295898 42.7830047607422 42.6205863952637 43.0481910705566 43.028636932373 42.9406204223633 42.8660049438477 42.7791900634766 42.6596755981445 42.3087539672852 41.5145988464355 40.6137046813965 39.3299560546875 39.6623382568359 39.6280250549316 39.156982421875 39.4803848266602 39.757568359375 40.867862701416 41.7086181640625 41.2664184570312 42.0175590515137 41.8644752502441 41.2456359863281 40.997501373291 39.8511161804199 39.9836502075195 40.3659133911133 40.1887741088867 40.8475112915039 40.8140869140625 41.2906074523926 41.2231826782227 41.0720176696777 40.8189964294434 39.9241142272949 40.114372253418 40.4028053283691 40.4055023193359 40.4501190185547 40.2930870056152 40.227725982666 39.6881790161133 39.6171417236328 39.4875450134277
