inst/extdata/Tmax/Tmax121.asc
NCOLS 100 
NROWS 79 
XLLCORNER 148.06 
YLLCORNER -21.49 
CELLSIZE 0.01 
NODATA_value -3.4e+38 
[rows 40 to 59 of 79, columns 0 to 45 of 100]
32.836406707763700 32.5455207824707 32.5776290893555 32.6061706542969 32.4766540527344 32.5890274047852 32.5368957519531 32.3249778747559 31.8322353363037 32.2714881896973 32.9239463806152 33.2539405822754 33.2879829406738 33.3374290466309 33.4019241333008 33.1789245605469 32.892017364502 32.5250778198242 31.9230041503906 32.4294204711914 32.4156951904297 32.300422668457 32.2321395874023 31.8165664672852 30.8870849609375 30.2172794342041 30.0097827911377 30.1053085327148 30.2232875823975 29.5660285949707 28.8997936248779 29.3381404876709 30.6380882263184 30.3592624664307 30.0938243865967 30.4294776916504 30.3376560211182 30.006721496582 29.7810821533203 29.3190841674805 29.2762718200684 28.3843955993652 27.7918815612793 27.7856712341309 27.5200042724609 27.3539657592773
32.9958038330078 32.5801086425781 32.4507942199707 32.5549697875977 32.4448547363281 32.5256500244141 32.5304145812988 32.4158248901367 32.1534194946289 32.2766418457031 32.6232299804688 32.984691619873 33.2192687988281 33.3893775939941 33.4316444396973 33.2725105285645 32.9521751403809 32.4276123046875 32.0768356323242 32.2234039306641 32.2433090209961 31.9984569549561 32.1793556213379 31.8874950408936 31.1996593475342 30.6841068267822 30.0445671081543 29.9611644744873 30.1762809753418 29.726598739624 29.2874813079834 29.9381084442139 30.6319217681885 29.8614730834961 29.1167583465576 29.8990707397461 29.944372177124 30.1585731506348 30.1195583343506 29.8816204071045 29.7590103149414 29.0130348205566 27.5742950439453 27.4492454528809 27.5255737304688 27.4839668273926
32.8548545837402 32.796745300293 32.5736999511719 32.4448204040527 32.5047760009766 32.5237884521484 32.4981346130371 32.4546127319336 32.4151649475098 32.3617897033691 32.4094619750977 32.9030952453613 33.231689453125 33.377872467041 33.388729095459 33.3357963562012 33.0934562683105 32.7547378540039 32.5144920349121 32.4606285095215 32.3674125671387 31.6961841583252 31.6197109222412 31.8456268310547 31.8691844940186 31.4128513336182 30.5161933898926 30.1765460968018 30.094051361084 29.8613338470459 28.9342613220215 30.0384502410889 30.0931930541992 28.9868621826172 28.1444931030273 29.0780982971191 29.0777816772461 29.7433376312256 29.9116039276123 29.6035060882568 29.3649024963379 29.4138793945312 28.7992057800293 28.5742492675781 29.0041732788086 30.0201110839844
32.5050582885742 32.6002922058105 32.5833778381348 32.5743293762207 32.6010894775391 32.5893821716309 32.5513153076172 32.4936676025391 32.5469589233398 32.5121002197266 32.5174293518066 32.9393157958984 33.1922569274902 33.3492202758789 33.3675994873047 33.3806304931641 33.2668418884277 33.0398101806641 32.7446441650391 32.7805099487305 32.5946884155273 32.3245506286621 31.6214942932129 31.2549953460693 31.9405288696289 31.7188491821289 31.2957820892334 30.8005752563477 30.4534378051758 30.271017074585 29.4493942260742 29.360538482666 30.0781936645508 29.5581798553467 28.8950233459473 28.417760848999 28.5072078704834 28.7611083984375 28.9947967529297 28.7509365081787 28.2801380157471 29.0204372406006 28.5682411193848 29.5394058227539 31.464937210083 32.2471618652344
32.2031135559082 32.3938598632812 32.3700485229492 32.3668212890625 32.5550422668457 32.669319152832 32.6958961486816 32.6339988708496 32.6929512023926 32.7367897033691 32.9076461791992 33.0463829040527 33.1763038635254 33.2777252197266 33.3376235961914 33.3892517089844 33.3504333496094 33.1961059570312 33.0289001464844 32.9744873046875 32.8344535827637 32.6820487976074 32.3655738830566 32.1415824890137 31.9547348022461 31.4768772125244 31.7329559326172 31.604923248291 31.2701110839844 30.5657539367676 29.9379940032959 29.9285717010498 30.2508087158203 30.4166259765625 30.1117401123047 28.9103851318359 27.5438289642334 27.5055122375488 27.6136989593506 27.9583396911621 27.8315105438232 28.3961658477783 27.905797958374 28.764778137207 30.6046752929688 32.2724151611328
32.2239189147949 32.2874031066895 32.1240081787109 32.0061912536621 32.2152824401855 32.4406089782715 32.6801223754883 32.8001174926758 32.8659133911133 32.957706451416 33.0257682800293 32.9431800842285 32.7073249816895 33.0913925170898 33.3244552612305 33.3708724975586 33.3645401000977 33.2914123535156 33.1921463012695 33.1200485229492 33.0205039978027 32.9053840637207 32.842601776123 32.2062721252441 31.8427410125732 31.7598533630371 31.8401584625244 31.6634883880615 31.4659900665283 30.9362277984619 29.6586399078369 29.8670902252197 30.178918838501 30.2409362792969 30.3383045196533 29.417516708374 28.0881404876709 27.8393230438232 27.8719387054443 28.3206405639648 27.7078475952148 28.0760612487793 28.4839744567871 28.7999420166016 29.6967678070068 30.9550704956055
32.0785140991211 32.0466346740723 32.052864074707 31.9727668762207 31.866886138916 31.9235763549805 32.4400482177734 32.5669212341309 32.6900787353516 32.7054977416992 32.9287490844727 33.034854888916 32.7724952697754 33.035961151123 33.2673416137695 33.3446273803711 33.3469352722168 33.2745933532715 33.2274017333984 33.1799087524414 33.0963821411133 33.0209426879883 32.9102210998535 32.413028717041 31.5605525970459 31.669506072998 31.8442630767822 31.6101474761963 31.5534496307373 31.3978881835938 30.577564239502 30.2445106506348 29.8779640197754 30.1402988433838 30.2763442993164 29.7918243408203 28.7074737548828 28.9944400787354 28.4476375579834 29.1662044525146 28.5910129547119 28.7486934661865 28.868236541748 28.9765319824219 28.9675388336182 28.7724380493164
32.5362854003906 31.8660202026367 31.7806339263916 31.7222805023193 31.6919727325439 31.8185787200928 32.145092010498 32.0950469970703 32.3514404296875 32.3989562988281 32.4790992736816 32.546070098877 32.7356185913086 33.0240173339844 33.2163200378418 33.3342475891113 33.3173751831055 33.1902008056641 32.9979629516602 32.8917770385742 33.0241317749023 32.829418182373 32.842456817627 32.7686996459961 32.2908096313477 32.1843452453613 32.1952514648438 31.9863014221191 31.8078556060791 31.5743274688721 30.8660068511963 30.4920978546143 29.762788772583 30.1607265472412 30.2014389038086 29.9614372253418 29.5187873840332 29.7460155487061 29.4720001220703 29.7173538208008 29.4464206695557 29.2326965332031 29.0833854675293 28.9274349212646 28.5751094818115 28.3327388763428
33.258731842041 32.4281692504883 31.6413536071777 31.4840240478516 31.6163101196289 31.8061027526855 31.736780166626 31.7328433990479 32.0801582336426 32.3844223022461 32.4559593200684 32.4372291564941 32.6728858947754 32.9871101379395 33.2332077026367 33.2988243103027 33.301456451416 33.2243118286133 33.0423355102539 32.8031692504883 32.8710021972656 32.8105621337891 32.7219886779785 32.8513679504395 32.7320861816406 32.6149635314941 32.3142776489258 32.1050262451172 32.0074806213379 31.7006130218506 31.2926807403564 30.8158493041992 29.9279594421387 30.0820236206055 30.0481109619141 30.1058101654053 30.0044040679932 29.9728317260742 29.8521003723145 29.6615009307861 28.8425769805908 28.6666679382324 28.8680267333984 28.6018238067627 28.4616928100586 28.1035118103027
33.5260543823242 32.9997978210449 32.1222038269043 31.5213737487793 31.5044364929199 31.4913444519043 31.5201015472412 31.875638961792 32.1183891296387 32.0072860717773 32.6451606750488 32.882438659668 32.9901809692383 33.0903015136719 33.1874885559082 33.2701148986816 33.2712059020996 33.2123107910156 33.0990524291992 32.9454460144043 32.8300132751465 32.7527313232422 32.5541572570801 32.5897178649902 32.7566375732422 32.7337265014648 32.4970283508301 31.9346237182617 31.4170932769775 31.686450958252 31.3717079162598 31.0527153015137 30.2215709686279 29.9127388000488 29.6939678192139 29.9996604919434 30.0783309936523 29.9723415374756 29.9248352050781 29.6031494140625 28.8919639587402 28.4809169769287 28.6636028289795 28.2830448150635 28.1899147033691 28.0935173034668
33.5114326477051 33.3284492492676 32.8552474975586 32.2024917602539 31.6428642272949 31.3260917663574 31.492244720459 31.8194351196289 31.8622665405273 32.1724052429199 32.7680625915527 33.0077209472656 33.1341972351074 33.2359848022461 33.2508506774902 33.2712097167969 33.1422538757324 33.1489791870117 33.1491546630859 33.0601081848145 32.9367980957031 32.7651519775391 32.5538215637207 32.4622192382812 32.5680465698242 32.6037406921387 32.6391830444336 32.3953971862793 32.0972938537598 31.939790725708 31.3712062835693 31.2003555297852 30.3368148803711 29.9136753082275 29.2804107666016 29.7577018737793 29.8875865936279 29.8745651245117 29.9209308624268 29.7274074554443 29.1913433074951 29.0132427215576 28.9076385498047 28.6845722198486 28.3486614227295 28.1640319824219
33.4695167541504 33.4322891235352 33.1650238037109 32.4685249328613 31.857494354248 31.5604972839355 31.5161762237549 31.6003665924072 31.3424434661865 31.4998397827148 32.3832550048828 32.7980422973633 32.9787788391113 33.1865196228027 33.2701568603516 33.2247009277344 33.1343154907227 33.127555847168 33.0846862792969 33.0660133361816 32.9593505859375 32.8435974121094 32.7281074523926 32.5083770751953 32.380500793457 32.3102722167969 32.2642822265625 32.3783874511719 32.1399078369141 32.2547378540039 32.2712097167969 31.4534664154053 30.8365478515625 30.3724098205566 29.8621807098389 29.9898090362549 29.9416007995605 29.7576675415039 29.8955726623535 29.7893028259277 29.2791175842285 29.1080188751221 28.9863376617432 28.7926425933838 28.2850666046143 28.0859546661377
33.2807693481445 33.3580894470215 33.2071571350098 32.1949081420898 31.3640441894531 31.3332443237305 31.4405326843262 31.2964992523193 31.0300827026367 31.16623878479 32.3065643310547 32.7923812866211 33.0132751464844 33.2005348205566 33.2060394287109 33.1490859985352 33.1288146972656 33.0616149902344 33.0117034912109 32.9994354248047 33.0025329589844 32.9380569458008 32.7644805908203 32.5481185913086 32.3122062683105 32.1406211853027 32.1062660217285 32.0527954101562 32.0394248962402 31.92555809021 32.1143264770508 31.97682762146 31.3911991119385 30.7562274932861 30.3022308349609 30.6384162902832 30.5796318054199 30.0880126953125 29.8817310333252 29.9442863464355 29.771879196167 29.5007133483887 29.1770076751709 28.918981552124 28.5674057006836 28.1667423248291
33.0680732727051 33.1370124816895 33.250545501709 32.7998809814453 31.7597007751465 31.4009761810303 31.7654266357422 31.2459831237793 31.0817813873291 31.1647262573242 32.2637634277344 32.8863677978516 33.1029739379883 33.1933517456055 33.1140632629395 33.009822845459 32.9959945678711 33.0165252685547 32.9759902954102 32.859691619873 32.903148651123 32.9623794555664 32.8076782226562 32.6427917480469 32.4341430664062 32.2607879638672 31.8942089080811 31.6931056976318 31.3278579711914 31.6735515594482 31.4969959259033 32.0483436584473 32.0991592407227 31.7261047363281 31.2167835235596 31.2427577972412 30.8605842590332 30.4946689605713 30.1740341186523 30.5483722686768 30.1173610687256 29.8326416015625 29.6655788421631 29.5166702270508 29.2273921966553 29.0681419372559
32.9325981140137 32.8968467712402 33.0868186950684 33.0971946716309 32.6377258300781 32.3892440795898 32.3286094665527 31.9604015350342 31.7464714050293 31.7541790008545 31.9459667205811 32.355827331543 33.01611328125 33.1461791992188 33.0158157348633 32.9209289550781 32.9041442871094 32.9498901367188 32.9036827087402 32.8304862976074 32.8458366394043 32.9429473876953 32.8855514526367 32.6949806213379 32.5756912231445 32.3793487548828 32.0374221801758 31.8094367980957 31.3814945220947 31.6072235107422 30.9616298675537 31.3858852386475 31.6135406494141 31.6283531188965 31.7568588256836 31.6277732849121 31.3020706176758 31.1487045288086 30.6836967468262 30.1733341217041 30.091947555542 30.1316184997559 29.88232421875 29.676685333252 29.6634693145752 29.5086822509766
33.0180130004883 33.005558013916 33.057014465332 33.086254119873 32.9624481201172 32.3422241210938 32.3483390808105 32.4092559814453 32.1833763122559 32.135871887207 32.3867454528809 32.7482986450195 33.06884765625 33.1335067749023 33.0266075134277 32.8354606628418 32.8826637268066 32.8730850219727 32.6677207946777 32.6419944763184 32.7697868347168 32.8399085998535 32.8847694396973 32.7790603637695 32.6504974365234 32.4902191162109 32.2818298339844 32.0141258239746 31.8383846282959 31.6718063354492 31.2385997772217 30.8687438964844 30.9967823028564 30.9528064727783 31.3927764892578 31.0861530303955 31.3569564819336 31.1040649414062 30.7349586486816 30.3127746582031 30.072021484375 29.8466300964355 29.3592700958252 28.7640190124512 29.3342704772949 29.516565322876
33.1239585876465 33.0937232971191 33.0639343261719 33.0460815429688 32.8894157409668 32.0872535705566 31.8742771148682 32.3078346252441 32.1911010742188 31.8656902313232 32.153678894043 32.8168487548828 33.0759887695312 33.0995407104492 33.0067329406738 32.8144989013672 32.7989120483398 32.5908126831055 32.3314399719238 32.4666213989258 32.7565574645996 32.7587509155273 32.8311462402344 32.814640045166 32.6417083740234 32.5708885192871 32.3816719055176 32.0914039611816 31.9964351654053 31.7627105712891 31.344913482666 30.6638736724854 30.3566284179688 30.4917774200439 30.9417133331299 31.0737018585205 30.6941394805908 30.3396263122559 30.5291366577148 30.4526119232178 30.1044540405273 29.861780166626 29.3245906829834 28.5017147064209 28.9434452056885 29.3071060180664
33.1709175109863 33.124137878418 33.0760612487793 33.039379119873 32.995288848877 32.6481666564941 32.1909294128418 31.9420471191406 31.9434032440186 31.7243843078613 32.2008171081543 32.8213081359863 33.0463943481445 33.050163269043 32.9584732055664 32.7699279785156 32.5991134643555 32.3951683044434 32.2765846252441 32.5379905700684 32.6577339172363 32.7165985107422 32.6738510131836 32.7654876708984 32.6990127563477 32.6024894714355 32.4262046813965 32.1539840698242 32.0266647338867 31.8229541778564 31.4041004180908 31.1942863464355 30.7323932647705 30.5366878509521 30.474645614624 30.6158199310303 30.873872756958 30.7161235809326 30.3491592407227 30.1399383544922 29.9306316375732 29.724573135376 29.4709529876709 29.1474170684814 28.5013847351074 28.7857227325439
33.2065505981445 33.1445159912109 33.0950546264648 33.0781936645508 33 32.7829208374023 32.4954414367676 31.9117946624756 31.7987270355225 31.9806327819824 32.4381828308105 32.8509826660156 32.9991340637207 32.985725402832 32.8505249023438 32.6804428100586 32.3809700012207 32.2990036010742 32.4029846191406 32.426700592041 32.5647163391113 32.503360748291 32.3198204040527 32.5620765686035 32.7308044433594 32.6047477722168 32.3839111328125 32.2302284240723 32.0905532836914 31.9777202606201 31.778450012207 31.5528564453125 31.2374515533447 31.1750907897949 30.8430824279785 30.4978866577148 30.5917987823486 30.6585254669189 30.4214401245117 30.2635803222656 30.1167030334473 29.8745384216309 29.2624626159668 28.873348236084 28.9945220947266 29.0069732666016
33.2108993530273 33.2099647521973 33.1541175842285 33.1128540039062 32.9961814880371 32.8822288513184 32.7723236083984 32.4097099304199 31.9408092498779 32.0315818786621 32.1891098022461 32.4831047058105 32.7606887817383 32.8014984130859 32.7367706298828 32.5934410095215 32.3837699890137 32.2541961669922 32.1394577026367 32.1775703430176 32.4040184020996 32.4061164855957 32.1620941162109 32.547492980957 32.7469100952148 32.6315116882324 32.4666862487793 32.3117332458496 32.2289772033691 32.109317779541 31.9833068847656 31.7617378234863 31.4349327087402 31.6317005157471 31.4944648742676 31.1143093109131 30.6605663299561 30.5419101715088 30.6544780731201 31.0809440612793 30.30544090271 30.0290412902832 29.6236381530762 28.9372596740723 28.8607444763184 28.7335014343262
