inst/extdata/Tmax/Tmax118.asc
NCOLS 100 
NROWS 79 
XLLCORNER 148.06 
YLLCORNER -21.49 
CELLSIZE 0.01 
NODATA_value -3.4e+38 
[rows 40 to 59 of 79, columns 46 to 91 of 100]
36.2494888305664 37.0213508605957 37.4277687072754 38.4261817932129 40.2356605529785 41.3411445617676 40.8179512023926 38.6850242614746 38.2662582397461 39.0280876159668 39.6205940246582 41.5767555236816 41.1469421386719 41.3897476196289 40.4529075622559 41.6062278747559 41.8175849914551 41.4945487976074 41.6076354980469 41.7208061218262 41.7477989196777 40.7123603820801 41.151985168457 41.5120964050293 41.6138763427734 41.6937408447266 41.5845909118652 41.1621131896973 41.3714294433594 41.5913543701172 41.5625267028809 41.3978805541992 41.0420455932617 39.6482238769531 39.9591026306152 40.7373237609863 40.6383895874023 40.5368804931641 40.806324005127 40.19580078125 39.3957023620605 39.9318084716797 40.2867469787598 40.0612297058105 40.3573799133301 40.4178771972656
37.3541717529297 38.6781044006348 38.5806999206543 38.5282249450684 40.2838134765625 41.6718292236328 40.4040374755859 39.9573554992676 40.6207733154297 40.7119827270508 41.1315078735352 41.913703918457 41.7830009460449 41.7997856140137 41.6334381103516 41.9955558776855 42.0389442443848 41.9637832641602 41.9145355224609 41.9369888305664 41.9274406433105 41.3544006347656 40.5777778625488 40.9756736755371 40.8888244628906 41.4482574462891 41.7866554260254 41.2662582397461 41.2540245056152 41.6840019226074 41.7314414978027 41.643138885498 41.459903717041 40.7903900146484 41.058464050293 41.1174430847168 40.8841018676758 40.8777770996094 40.9917526245117 41.1285209655762 40.0796356201172 40.3325614929199 41.0087928771973 40.7924957275391 40.9382133483887 40.8818435668945
40.0777893066406 40.2723922729492 40.4701881408691 41.0013008117676 41.3665809631348 41.9137535095215 41.4381446838379 40.8375282287598 41.4110374450684 41.8578338623047 41.7748985290527 42.1243133544922 42.1600303649902 42.0694961547852 42.0365600585938 42.1433753967285 42.1538238525391 42.1256408691406 42.0882987976074 42.0741577148438 41.9859848022461 40.9613494873047 40.739917755127 41.2905044555664 40.7173156738281 41.227367401123 41.712085723877 41.6032943725586 41.5395355224609 41.8146209716797 41.8475151062012 41.8395500183105 41.7937126159668 41.6668701171875 41.5560913085938 41.2076606750488 40.1973838806152 40.8552856445312 41.4385986328125 41.4289932250977 41.2974433898926 41.2299118041992 41.3544769287109 41.387378692627 41.4256973266602 41.3725814819336
41.4615058898926 41.4782371520996 41.6189346313477 41.7760467529297 42.033763885498 42.1280288696289 42.0305328369141 41.7659912109375 41.9542198181152 42.1936836242676 42.203742980957 42.255973815918 42.2289237976074 42.1845436096191 42.2033958435059 42.1842193603516 42.1094665527344 42.0798149108887 42.1118431091309 42.140811920166 42.1011009216309 41.8393936157227 41.5596694946289 41.7478256225586 41.5975303649902 41.1218376159668 41.4363708496094 41.7298774719238 41.8945045471191 41.9148406982422 41.9178199768066 41.9063301086426 41.870475769043 41.8211135864258 41.809741973877 41.6591835021973 41.130973815918 41.4677314758301 41.658748626709 41.6357154846191 41.6062774658203 41.5977897644043 41.5763130187988 41.587589263916 41.5869407653809 41.5573310852051
41.2703857421875 41.566707611084 41.8548622131348 41.8581619262695 41.9149551391602 42.0578308105469 42.1107902526855 42.1832656860352 42.2098731994629 42.1424293518066 41.9203224182129 42.0372848510742 41.9487152099609 41.6557388305664 41.8540496826172 42.0126991271973 41.8839302062988 42.0022811889648 42.1006774902344 42.1483917236328 42.1711196899414 42.0260276794434 41.6781044006348 41.3912353515625 41.6350250244141 41.8352546691895 41.8839302062988 41.9262962341309 41.9299774169922 41.9605255126953 41.9477081298828 41.9319038391113 41.8796920776367 41.8302421569824 41.854606628418 41.798698425293 41.7698440551758 41.7582244873047 41.6897506713867 41.6838531494141 41.6642723083496 41.6431579589844 41.639476776123 41.6178741455078 41.5085144042969 41.542854309082
39.234691619873 40.1251525878906 40.6018295288086 40.8418006896973 41.2545890808105 41.6365432739258 41.569995880127 41.7896957397461 41.7822799682617 41.5951118469238 40.7419052124023 40.7545280456543 40.8385963439941 39.1487655639648 40.2286033630371 41.1050033569336 41.7126846313477 42.0764541625977 42.168872833252 42.1881637573242 42.202579498291 42.0048522949219 41.520191192627 41.1089019775391 41.4047584533691 41.7061614990234 41.8442497253418 41.8249168395996 41.8909339904785 41.9631271362305 41.9707145690918 41.9618797302246 41.9334869384766 41.9165878295898 41.8738784790039 41.7748222351074 41.756175994873 41.7408294677734 41.7020568847656 41.6860847473145 41.6599502563477 41.6430511474609 41.6245613098145 41.5615501403809 41.5467414855957 41.5766983032227
36.7083587646484 37.940315246582 37.8257827758789 37.7868537902832 39.3154220581055 39.9319648742676 40.0652236938477 40.360107421875 40.8729095458984 40.1638603210449 39.406063079834 38.7414436340332 39.4973297119141 39.3471412658691 39.8502044677734 41.1679763793945 41.9279975891113 42.1316795349121 42.1613693237305 42.1321067810059 42.1902122497559 42.2014579772949 41.7329254150391 41.3422393798828 41.2136077880859 41.5256652832031 41.7519111633301 41.8714408874512 41.9770545959473 41.9906616210938 42.0156402587891 42.0176658630371 42.0001373291016 41.9590110778809 41.8633880615234 41.803596496582 41.7906341552734 41.7783966064453 41.7549285888672 41.7312812805176 41.7038764953613 41.6913757324219 41.6799964904785 41.6362991333008 41.6202964782715 41.5043525695801
36.815372467041 36.7581672668457 36.598217010498 36.6614265441895 36.6121368408203 37.2597122192383 38.696174621582 39.4516754150391 39.6557083129883 39.5062561035156 40.1236686706543 39.9271774291992 39.7392272949219 40.3961410522461 40.7240715026855 41.7151489257812 41.9930686950684 42.0163650512695 41.939510345459 42.0670013427734 42.2043304443359 42.2551574707031 42.0918197631836 41.7457504272461 41.2792091369629 41.5869598388672 41.795841217041 41.9688301086426 42.0392837524414 42.0722846984863 42.0866012573242 42.0602645874023 41.9813232421875 41.891960144043 41.8169555664062 41.7949905395508 41.8011779785156 41.8103141784668 41.7923240661621 41.7693405151367 41.7569580078125 41.7514839172363 41.7360153198242 41.7044525146484 41.4790954589844 41.2474822998047
36.4934959411621 36.5783538818359 36.7664413452148 36.5302391052246 36.4530639648438 36.5479736328125 37.2653923034668 39.1502876281738 39.7649154663086 39.9633255004883 39.781982421875 39.990608215332 40.3189468383789 40.6440353393555 40.704475402832 41.312744140625 41.7305603027344 41.7227821350098 41.7082061767578 42.0353851318359 42.1592864990234 42.1742324829102 42.2609443664551 42.1633033752441 42.0303611755371 42.001106262207 42.0902481079102 42.1569671630859 42.1570930480957 42.1519813537598 42.1245079040527 42.0449409484863 41.9455070495605 41.7954406738281 41.7434997558594 41.8120079040527 41.8158683776855 41.8289566040039 41.840274810791 41.8174858093262 41.8221168518066 41.8133125305176 41.7891311645508 41.7663688659668 41.5916976928711 41.4524078369141
36.5629920959473 36.7099952697754 36.7321510314941 36.4584312438965 36.8715400695801 37.6773109436035 37.804988861084 39.2625045776367 39.8090400695801 40.0391464233398 39.831169128418 40.3709259033203 40.6827545166016 40.6820449829102 40.7792663574219 40.6715698242188 40.776294708252 41.0331382751465 41.4447898864746 41.8332023620605 41.9488677978516 41.9630279541016 42.2233581542969 42.2697410583496 42.2814674377441 42.2640762329102 42.2286643981934 42.0354080200195 42.096622467041 42.163745880127 42.1241569519043 41.9933738708496 41.9387245178223 41.7184715270996 41.6399536132812 41.8441581726074 41.8393096923828 41.8146667480469 41.8738594055176 41.8752250671387 41.8603019714355 41.8596878051758 41.8372993469238 41.8033866882324 41.7211990356445 41.6513710021973
36.599967956543 36.500846862793 36.6864585876465 36.4454383850098 36.9931678771973 38.1578788757324 38.571102142334 39.2507629394531 40.0635032653809 40.5730857849121 40.6017227172852 40.7349319458008 40.8127365112305 40.8419952392578 40.8237991333008 40.770866394043 40.8411674499512 40.5310134887695 40.128589630127 41.4162178039551 41.2959938049316 41.7835540771484 42.1468238830566 42.2078475952148 42.2577323913574 42.2466011047363 42.1599922180176 41.9113845825195 42.0682258605957 42.1743202209473 41.9964065551758 41.8075218200684 41.8184967041016 41.790225982666 41.8196487426758 41.9156150817871 41.9177703857422 41.8961601257324 41.8886108398438 41.9207305908203 41.923999786377 41.9010772705078 41.8716430664062 41.8327140808105 41.7858619689941 41.695369720459
36.2391471862793 36.2175712585449 36.542896270752 36.0101318359375 36.1393203735352 38.0265998840332 38.9337959289551 39.6693077087402 40.0582962036133 40.380069732666 40.4592361450195 40.4612808227539 40.2298583984375 40.2267532348633 40.5292434692383 40.6875305175781 41.0648956298828 40.9772529602051 40.7634811401367 40.8081016540527 40.6349258422852 41.5275344848633 41.9793281555176 42.1686096191406 42.1720237731934 42.1953620910645 41.8012199401855 41.3849105834961 42.0500907897949 42.1899604797363 41.8870277404785 41.5488662719727 41.822193145752 41.8708114624023 41.898120880127 41.8702774047852 41.8613662719727 41.8598518371582 41.87841796875 41.8617172241211 41.8824996948242 41.9157867431641 41.899112701416 41.8632621765137 41.8204307556152 41.7520217895508
35.9333419799805 35.8103256225586 36.2112998962402 36.1081352233887 36.1838340759277 37.045093536377 38.1252403259277 38.9038238525391 39.4676132202148 39.8870658874512 39.8355331420898 39.749641418457 39.8208770751953 40.1460876464844 40.9904937744141 41.1181488037109 41.3236312866211 41.2102241516113 41.1135864257812 40.9185409545898 40.6477127075195 41.4027900695801 41.9021644592285 42.1128005981445 42.0396499633789 42.1490783691406 41.7149925231934 40.6631164550781 41.7840042114258 42.1779251098633 41.8801536560059 41.6126747131348 41.830638885498 41.7592887878418 41.6778221130371 41.716178894043 41.7661209106445 41.6902618408203 41.5998420715332 41.5793762207031 41.7147216796875 41.8131256103516 41.9068222045898 41.8844985961914 41.8455200195312 41.8022499084473
36.8855056762695 36.0058403015137 36.0998268127441 36.4431838989258 36.7669372558594 37.7982788085938 37.8842811584473 38.8211860656738 39.7576332092285 40.1431541442871 40.5594520568848 40.6775169372559 40.8269653320312 41.0812187194824 41.2919120788574 41.3506698608398 41.2910575866699 41.3727340698242 41.3305892944336 41.0606002807617 40.8368873596191 40.8691673278809 41.4685592651367 41.7237854003906 41.6358108520508 42.1209716796875 41.9986915588379 41.2722091674805 41.8760261535645 42.1682243347168 41.9197883605957 41.7121124267578 41.6122360229492 41.2317008972168 41.4402961730957 41.3786544799805 41.3852310180664 40.9110450744629 41.0242729187012 39.8628158569336 41.4134559631348 41.6973571777344 41.8939323425293 41.9002456665039 41.8676643371582 41.8253707885742
37.5222091674805 36.6354293823242 36.1832389831543 36.8725128173828 37.428783416748 38.327766418457 38.4210433959961 38.9866638183594 39.8822937011719 40.3700180053711 40.4351615905762 40.4512023925781 40.9245414733887 41.1181678771973 41.2402114868164 41.2321434020996 41.4667663574219 41.6150016784668 41.5772132873535 41.2890129089355 41.1001014709473 41.0085144042969 41.1571426391602 41.1675910949707 41.1346397399902 41.9178848266602 42.1142883300781 41.7799835205078 41.4398651123047 42.0378684997559 41.5245246887207 40.6071815490723 41.3065032958984 41.4852867126465 41.8088989257812 41.8228187561035 41.7731552124023 41.7323226928711 41.4778099060059 40.3532829284668 41.2886390686035 41.6554794311523 41.8466110229492 41.8957023620605 41.8867645263672 41.8486328125
37.5800666809082 36.7928237915039 36.3062324523926 37.4194183349609 38.6044273376465 39.1355590820312 40.0157814025879 40.288158416748 40.5316734313965 40.6593246459961 40.4492416381836 40.3975601196289 41.0435523986816 41.1441268920898 41.1537666320801 41.248046875 41.3771629333496 41.3618965148926 41.9586982727051 41.6777610778809 41.361141204834 41.1910247802734 41.1613616943359 40.9755249023438 40.9851837158203 41.7090225219727 42.0990219116211 41.9880256652832 41.8163375854492 42.1601066589355 41.3775787353516 40.1229095458984 40.6951065063477 41.4721260070801 41.5091667175293 41.0760383605957 41.1400604248047 41.7420768737793 41.8720359802246 41.8236122131348 41.8713035583496 41.8574600219727 41.8689842224121 41.8642539978027 41.8883399963379 41.8746795654297
37.433219909668 36.5951232910156 36.1865119934082 37.2382659912109 38.715087890625 39.1540985107422 38.4609794616699 40.0606384277344 39.996208190918 39.3398704528809 40.4774742126465 40.7223815917969 40.745777130127 40.8139152526855 40.8331565856934 41.0916557312012 41.2410888671875 41.3707389831543 41.9302024841309 42.0626258850098 41.8366966247559 41.4808235168457 41.2829856872559 41.1904792785645 40.9136276245117 41.4605293273926 41.9794082641602 41.9902191162109 42.1972885131836 42.2614479064941 41.6710815429688 39.6536407470703 40.408992767334 39.8361053466797 40.2372627258301 39.429988861084 40.5250549316406 41.7154693603516 41.842700958252 41.9084930419922 41.9309349060059 41.830638885498 41.7038421630859 41.8217315673828 41.8470115661621 41.8530006408691
37.4200172424316 36.7713241577148 36.8234672546387 37.2652587890625 38.3042907714844 38.8270378112793 39.3394317626953 39.6168594360352 38.0641098022461 37.9531669616699 39.8056144714355 38.6258659362793 39.0625801086426 39.5890617370605 40.4379081726074 40.9939308166504 41.170524597168 41.4205589294434 41.8146591186523 41.9585952758789 42.022159576416 41.7413635253906 41.3634033203125 41.4393005371094 41.2921409606934 41.5681381225586 41.5599517822266 41.3629531860352 41.9804878234863 42.1852836608887 41.9183502197266 41.102367401123 39.4258346557617 37.2224769592285 37.3687019348145 39.3084678649902 40.9830322265625 41.6811256408691 41.8028182983398 41.7319793701172 41.7376708984375 41.4731483459473 41.328914642334 41.74609375 41.4486503601074 41.5198860168457
37.3989372253418 37.0858268737793 36.9084701538086 37.1737251281738 37.7792663574219 38.7668418884277 38.9622840881348 38.4546966552734 37.876335144043 38.8980102539062 39.4889602661133 38.2942237854004 38.6832122802734 39.1925888061523 40.3172569274902 40.8029479980469 41.1479873657227 41.6529769897461 42.1220779418945 41.9175796508789 41.7672462463379 42.1008033752441 41.8020973205566 41.5837059020996 41.3939018249512 41.3957061767578 41.4832763671875 41.3648109436035 41.736442565918 42.1136589050293 42.1524353027344 41.552074432373 40.7183723449707 38.785758972168 38.0637168884277 39.3765296936035 40.9778671264648 41.6136360168457 41.6764373779297 41.1384086608887 41.440788269043 41.6394424438477 41.3965911865234 41.4630737304688 41.0873565673828 41.3807144165039
37.1110458374023 36.9260673522949 36.5145683288574 36.804386138916 37.4632415771484 37.6441917419434 38.1602401733398 38.5546455383301 38.8992691040039 39.0189514160156 39.4376373291016 39.6889839172363 40.4644355773926 40.5652961730957 40.7324867248535 40.2061805725098 41.3160018920898 41.7427024841309 41.9773330688477 41.6476516723633 41.7817344665527 42.0002937316895 42.1076583862305 42.0324211120605 41.6957092285156 41.6219444274902 41.2052574157715 41.3856315612793 41.8349914550781 41.9251403808594 42.0915794372559 42.119758605957 41.475757598877 40.6972122192383 39.6385307312012 39.3073120117188 40.6385459899902 41.5218048095703 40.9499168395996 40.3300132751465 41.385871887207 41.6665725708008 41.3412017822266 40.4452514648438 40.8455505371094 41.4390716552734
