inst/extdata/Tmax/Tmax28.asc
NCOLS 100 
NROWS 79 
XLLCORNER 148.06 
YLLCORNER -21.49 
CELLSIZE 0.01 
NODATA_value -3.4e+38 
[rows 40 to 59 of 79, columns 0 to 45 of 100]
32.302627563476598 31.9921112060547 32.8580322265625 33.4874877929688 32.6828002929688 32.5179862976074 32.4993591308594 32.5171966552734 31.8645420074463 32.1431884765625 32.6184959411621 34.0049247741699 34.4593734741211 33.4174690246582 33.4609069824219 33.0407218933105 32.9560737609863 32.3276863098145 31.7572975158691 31.9013595581055 31.8742427825928 31.9854583740234 31.9488677978516 31.993953704834 30.4879741668701 30.7627010345459 30.0015392303467 29.987678527832 30.2912254333496 29.3200836181641 28.4164085388184 27.3224334716797 28.7508888244629 28.5851039886475 28.0975532531738 28.4334449768066 28.0123291015625 25.2452621459961 24.7817993164062 24.4040069580078 23.9842643737793 23.2739200592041 22.7857074737549 22.5404644012451 22.2972545623779 24.1230201721191
32.7336082458496 32.5207252502441 32.6469612121582 33.3081436157227 33.4418869018555 33.2796478271484 32.5366859436035 32.8858451843262 32.5477523803711 33.1196784973145 33.0502815246582 33.8322486877441 34.0562324523926 34.0345306396484 33.2890205383301 34.0234603881836 33.2632522583008 32.3556442260742 31.6934757232666 32.1968460083008 32.5701866149902 32.8191986083984 32.1904220581055 31.2962989807129 29.4544372558594 28.9556293487549 29.6593933105469 29.8106575012207 30.0270957946777 29.6129169464111 28.5276412963867 28.3672409057617 28.5618305206299 29.2571678161621 26.4448318481445 27.348461151123 26.7368850708008 25.1468849182129 25.0188274383545 26.5777072906494 26.3697776794434 24.1866989135742 22.3881282806396 22.3071823120117 22.3378276824951 22.6867542266846
32.7575874328613 32.7288246154785 32.9933471679688 33.0597038269043 32.9463005065918 32.7856903076172 32.7592658996582 33.1465835571289 32.8621597290039 33.046443939209 33.4355888366699 34.0481185913086 34.7258224487305 34.0980415344238 34.1468544006348 33.5986213684082 33.5217132568359 33.3877906799316 32.6586532592773 32.5957565307617 32.9001388549805 32.2178726196289 32.1862754821777 31.434986114502 31.528600692749 30.9845161437988 29.0488204956055 29.7934551239014 29.8020191192627 29.3310375213623 27.9247360229492 27.7780780792236 26.7006053924561 26.8882465362549 25.7741851806641 26.0546474456787 23.9212093353271 24.7174949645996 24.9904117584229 24.4796962738037 25.2299461364746 24.3229007720947 24.6509914398193 23.3767871856689 23.2003402709961 23.9107246398926
32.0447425842285 32.5216941833496 32.9238700866699 32.9994888305664 33.236026763916 33.0382690429688 33.7611694335938 33.5283012390137 33.0065994262695 32.9552001953125 33.1236038208008 33.6784248352051 34.1294097900391 34.237865447998 34.6015014648438 34.6266479492188 34.1630744934082 33.9450798034668 33.0016899108887 32.8214530944824 32.9198722839355 32.806583404541 32.3318634033203 31.0226039886475 31.1098480224609 31.0258350372314 30.6444911956787 30.4278793334961 29.7026996612549 29.944522857666 28.9154281616211 28.511438369751 29.7458915710449 28.5929641723633 28.9563102722168 23.0045356750488 23.5544738769531 23.6493072509766 23.843864440918 23.5082187652588 23.2137870788574 23.8286609649658 23.5277118682861 24.204216003418 25.4990844726562 27.6427574157715
31.774621963501 32.3991775512695 32.3197860717773 32.3094367980957 32.9020805358887 33.0265922546387 33.0602874755859 33.2578926086426 33.0632705688477 33.26318359375 33.0137977600098 33.8371315002441 33.8739929199219 34.4674072265625 34.7237854003906 34.4824180603027 34.0623970031738 34.2464714050293 34.0888137817383 33.9004821777344 33.3356094360352 33.1612930297852 32.4049377441406 32.9709281921387 32.2869148254395 31.2200584411621 31.1859493255615 30.5022277832031 30.8714714050293 30.1026935577393 29.951545715332 29.5112133026123 29.9032344818115 31.6516609191895 31.6467342376709 23.7622184753418 22.6731967926025 22.7128524780273 22.8231372833252 23.2945423126221 23.0761756896973 23.4776344299316 22.9312496185303 23.5532302856445 24.7925662994385 27.597282409668
32.9104232788086 32.3291893005371 31.86789894104 32.0089149475098 32.6436996459961 32.5227012634277 32.7778167724609 33.1597328186035 33.2503662109375 33.1471405029297 32.974178314209 33.4799766540527 33.3612213134766 34.3866424560547 34.9587211608887 34.4560127258301 33.9239501953125 34.4993171691895 33.7222137451172 33.4423027038574 33.3540191650391 33.0094261169434 32.478515625 31.4705791473389 32.2004165649414 32.1552429199219 30.6052284240723 31.0053062438965 31.1749172210693 30.1886901855469 29.2368106842041 29.1001396179199 30.0985012054443 30.1038703918457 32.1203918457031 28.8505821228027 23.4303340911865 22.695276260376 22.754301071167 23.4631042480469 22.8132495880127 23.1764087677002 23.6112651824951 23.6007175445557 24.5160388946533 25.0215873718262
31.629415512085 32.096118927002 32.5392532348633 31.7997436523438 31.6960849761963 32.150260925293 32.7304420471191 32.8587188720703 32.8470420837402 32.6372184753418 33.1898422241211 33.2840538024902 32.4308738708496 33.0539169311523 34.432674407959 33.2298316955566 33.2668190002441 34.3696975708008 34.1352958679199 32.8377990722656 33.0256690979004 32.6753997802734 32.7607460021973 33.1389999389648 30.6467990875244 30.9917831420898 30.9167022705078 31.1281280517578 31.2732925415039 31.4193820953369 29.8922920227051 29.4352264404297 29.0983333587646 29.3344383239746 30.7448596954346 30.7668495178223 23.590425491333 23.7162132263184 23.6348896026611 24.2093601226807 23.5515804290771 23.4296932220459 23.6477241516113 29.2438201904297 24.8771896362305 23.9563598632812
32.8585777282715 31.749340057373 32.697135925293 31.6001205444336 31.6003646850586 31.8461952209473 32.0081481933594 31.9467964172363 31.7725315093994 32.4103202819824 32.1460266113281 32.1939964294434 32.532169342041 33.3306579589844 34.1649780273438 34.2905654907227 33.6756820678711 34.1148948669434 33.9893417358398 33.0094375610352 33.5764541625977 33.5308532714844 32.1697158813477 32.4033966064453 32.1951026916504 32.9423522949219 32.4929313659668 31.8725833892822 31.9821949005127 31.8785171508789 31.3368873596191 30.6441078186035 29.4960193634033 30.4338073730469 30.4072647094727 29.3799304962158 29.1175575256348 27.0432548522949 24.9176788330078 24.8385334014893 24.3630027770996 24.2750701904297 24.2995452880859 24.1420211791992 23.5216331481934 23.2572269439697
34.1037406921387 32.3762359619141 31.2174205780029 30.9049072265625 31.0226764678955 32.081184387207 31.6046943664551 31.4941787719727 31.3492202758789 32.1400947570801 32.2926864624023 32.0900611877441 32.5232925415039 33.5231132507324 34.3200874328613 33.4368896484375 33.4484214782715 33.1224670410156 33.6758651733398 32.6521606445312 32.7630653381348 33.7367477416992 33.5058784484863 33.1622543334961 32.5635948181152 31.9959697723389 33.0221672058105 33.6563873291016 33.0756225585938 32.0005722045898 31.0809745788574 31.2052707672119 30.4433479309082 30.1772613525391 30.1413993835449 30.1468715667725 30.4622821807861 30.2827739715576 30.4013729095459 28.6947498321533 23.7894439697266 23.8424301147461 24.0886650085449 23.7118701934814 23.6652679443359 23.3458156585693
34.2746315002441 33.3626899719238 32.5628242492676 30.7878246307373 30.7224464416504 30.8206367492676 31.3963565826416 31.4633197784424 31.424768447876 32.8655738830566 33.5913009643555 33.0186614990234 32.5846214294434 32.730281829834 32.8520736694336 32.8940391540527 33.4054870605469 33.5875778198242 33.2201538085938 33.9241409301758 32.7804718017578 33.2969093322754 33.7124290466309 33.5575866699219 33.0186996459961 33.5183219909668 31.9476642608643 33.1150054931641 32.6150016784668 31.87939453125 30.9289264678955 31.5130310058594 29.7226943969727 29.710376739502 29.9686985015869 26.5501918792725 30.5966548919678 30.3120059967041 29.9825572967529 30.1488513946533 28.8285293579102 23.7165584564209 23.4076519012451 25.6878528594971 25.6399993896484 26.1818199157715
34.6353530883789 33.8090133666992 33.4001770019531 31.0989894866943 31.1274299621582 30.7543830871582 30.8872261047363 31.4745712280273 31.3997592926025 32.5868644714355 33.6020545959473 33.3618316650391 33.4560279846191 33.8028793334961 33.6224479675293 33.215389251709 33.5292205810547 33.5153656005859 33.5277633666992 32.7409515380859 33.7085227966309 33.535717010498 33.2852058410645 32.8329811096191 32.5177536010742 32.486759185791 32.0663452148438 31.5325717926025 32.5084075927734 32.290210723877 31.2443065643311 31.440938949585 30.0771942138672 30.315845489502 28.7276382446289 29.6949577331543 29.5879211425781 30.0147743225098 29.8293018341064 29.9287948608398 29.5798606872559 28.8581886291504 27.6025485992432 26.7839546203613 25.44899559021 25.3367729187012
34.4108963012695 34.5734710693359 33.4755249023438 31.8839111328125 31.6795997619629 32.0920639038086 31.4728622436523 31.0221042633057 30.3833904266357 31.3239135742188 33.1989707946777 33.766429901123 33.9500160217285 33.107234954834 33.6531982421875 33.5870246887207 33.7505493164062 34.0939826965332 34.2258987426758 33.0209579467773 33.8936347961426 33.8048362731934 32.4302215576172 32.4799308776855 32.3436698913574 31.4630241394043 31.3343887329102 31.475191116333 32.3177375793457 32.9700241088867 32.7713203430176 30.7896327972412 30.5280799865723 29.6385135650635 29.3897972106934 28.8252773284912 28.8894290924072 29.6584949493408 29.5775585174561 29.5890617370605 28.9244594573975 28.6611347198486 28.1815528869629 27.3019428253174 23.5180759429932 23.342155456543
33.8966903686523 34.4765205383301 34.1939926147461 30.7935695648193 30.3631534576416 31.2178268432617 31.0937576293945 31.281343460083 30.4304618835449 30.6213855743408 32.2363548278809 31.8290042877197 32.6523246765137 33.7081604003906 33.314998626709 33.7346229553223 33.9203453063965 34.2068824768066 34.0811462402344 33.9590682983398 33.894847869873 33.6994018554688 33.5673904418945 32.494441986084 33.4590110778809 33.1562881469727 31.7467746734619 31.8205261230469 31.9271774291992 32.6355438232422 32.6385803222656 31.2789783477783 30.3850021362305 29.8356685638428 29.8655910491943 30.5341110229492 28.6905498504639 28.485818862915 29.2299747467041 30.2956161499023 30.2285137176514 29.5439758300781 29.5023250579834 28.6982574462891 23.798828125 23.2393627166748
34.2373847961426 33.7072105407715 33.6113090515137 31.4911956787109 30.5678157806396 31.833854675293 31.7789058685303 31.2876968383789 30.5141124725342 30.6312465667725 32.0569839477539 31.4534702301025 33.4222717285156 33.3750953674316 33.2610893249512 34.1194915771484 33.7855567932129 34.1673736572266 32.9507751464844 33.7994232177734 33.8800926208496 33.9278411865234 33.7714881896973 32.9768409729004 32.3694610595703 32.5994148254395 32.6557464599609 32.1216125488281 31.6888160705566 31.9539833068848 32.355396270752 32.5681495666504 32.5585784912109 31.7947597503662 30.8628463745117 31.4409866333008 30.1267700195312 29.2990207672119 28.0555763244629 29.3935108184814 30.4689998626709 30.6662635803223 30.0842475891113 29.8528270721436 27.3466148376465 26.9026374816895
33.9840698242188 33.1495208740234 33.3271217346191 32.4075012207031 31.9659614562988 31.775426864624 32.3091812133789 31.8985443115234 32.2158050537109 31.2855815887451 31.2894668579102 32.0309410095215 32.1423530578613 33.0499000549316 33.8253135681152 34.0119743347168 33.9300003051758 34.1004753112793 34.0712127685547 33.2621269226074 33.267204284668 33.8894729614258 33.464973449707 33.9746932983398 33.178150177002 32.5357360839844 32.0581817626953 32.4850387573242 31.1482753753662 32.2375679016113 31.948637008667 31.3837223052979 32.3403930664062 32.0651168823242 32.9269561767578 30.5956039428711 30.728271484375 31.3462333679199 31.0873031616211 29.8539619445801 29.8261585235596 29.0055961608887 28.2786388397217 27.4893169403076 27.6159229278564 24.5266609191895
34.0621681213379 34.0903663635254 33.9281387329102 32.8652191162109 32.5209197998047 32.4776763916016 32.8955345153809 33.2713928222656 32.5033531188965 31.3658447265625 32.1011962890625 33.3881874084473 33.0460929870605 33.9974136352539 33.8018341064453 33.9403839111328 32.6640548706055 33.2677001953125 33.4484710693359 33.4767837524414 33.0783729553223 33.1327323913574 32.7415542602539 33.3784294128418 33.0434951782227 33.3196220397949 32.4746971130371 32.8675765991211 31.8023223876953 32.2556037902832 32.4288177490234 31.9755477905273 31.2710399627686 31.2711372375488 31.6625232696533 32.3357582092285 31.9249153137207 31.8203926086426 31.0750617980957 29.5107707977295 28.9094791412354 29.7141857147217 27.7277450561523 24.2105712890625 24.5682125091553 24.3089389801025
33.5548820495605 33.9589195251465 33.5230484008789 34.1116600036621 32.9558601379395 31.7888717651367 32.5066070556641 33.1969528198242 32.8321228027344 32.1174278259277 31.9549198150635 33.6089057922363 33.9251861572266 32.7741813659668 33.4229431152344 33.8600997924805 32.5944404602051 33.0429267883301 33.3902397155762 32.4628944396973 32.6083946228027 32.9213447570801 33.1202239990234 32.992057800293 33.0521049499512 32.9797058105469 32.8020324707031 32.3409271240234 32.036937713623 32.5554428100586 30.9288444519043 31.8223896026611 30.2397327423096 30.2652587890625 30.651969909668 31.7768325805664 31.1793785095215 30.1529808044434 30.0393619537354 25.2917098999023 24.9735507965088 28.5422668457031 27.364236831665 23.7978954315186 24.2308692932129 24.3385620117188
34.0231628417969 34.3355560302734 33.9573402404785 33.7391929626465 33.270378112793 33.5880966186523 32.5716743469238 32.5214614868164 32.9342155456543 32.8634757995605 31.4548835754395 32.6336135864258 33.9459266662598 33.6493034362793 33.2429466247559 33.8123970031738 33.2753639221191 33.0910301208496 31.7685451507568 32.9558029174805 33.2533569335938 33.3228988647461 32.4856147766113 32.9353256225586 33.6373672485352 32.9742698669434 32.8231544494629 32.3754272460938 32.4763107299805 32.9680480957031 32.3503761291504 32.2437591552734 32.101619720459 31.5597610473633 30.4092636108398 30.4723892211914 31.3306999206543 30.5424194335938 29.3977870941162 25.2181701660156 25.1142024993896 29.2652893066406 24.713171005249 24.4569034576416 23.8615112304688 24.0089225769043
34.263744354248 34.2206916809082 34.337272644043 33.9603500366211 33.8998107910156 33.2895317077637 32.3341827392578 32.2029266357422 32.4803352355957 31.5205154418945 31.7442417144775 33.7149658203125 33.4196586608887 34.1107292175293 33.2437438964844 33.3238754272461 32.1856307983398 32.0506248474121 31.9849472045898 32.0166168212891 32.0663833618164 32.4257888793945 31.7606735229492 32.3572769165039 33.532054901123 32.8896942138672 32.5586013793945 32.6558723449707 32.4897918701172 33.0062408447266 32.2194976806641 32.2069664001465 32.1000175476074 31.5297412872314 31.4912872314453 30.4807434082031 30.4033718109131 29.9198760986328 25.83030128479 25.7347660064697 25.4356460571289 28.6624774932861 24.8563175201416 24.0786228179932 24.1079616546631 24.0006980895996
34.0756301879883 33.4608993530273 34.2019348144531 33.1527519226074 33.8900413513184 32.6729011535645 32.5778350830078 31.9627227783203 32.4464454650879 31.5465087890625 31.5607528686523 31.1550598144531 32.9636497497559 33.8120002746582 33.7739219665527 33.0725746154785 31.9651165008545 32.0824928283691 31.9973907470703 31.3122158050537 31.6170902252197 32.9785041809082 32.0536842346191 32.3320007324219 32.3396759033203 32.8174285888672 32.6627388000488 32.4835624694824 32.6645431518555 33.3177909851074 32.3673820495605 31.9844131469727 31.6269588470459 32.3423042297363 31.9842739105225 31.6335296630859 31.0172080993652 29.8098182678223 29.218864440918 29.0863265991211 28.5557651519775 28.6253070831299 27.9272708892822 24.1931972503662 24.0814151763916 24.0759925842285
