inst/extdata/Tmax/Tmax95.asc
NCOLS 100 
NROWS 79 
XLLCORNER 148.06 
YLLCORNER -21.49 
CELLSIZE 0.01 
NODATA_value -3.4e+38 
[rows 40 to 59 of 79, columns 46 to 91 of 100]
31.6566257476807 32.4506072998047 32.7974967956543 33.5357551574707 34.8865242004395 35.7265625 35.3359146118164 33.7532234191895 33.4528770446777 34.0232276916504 34.4651031494141 35.9683113098145 35.6277961730957 35.8535041809082 35.1190795898438 36.1070594787598 36.3336982727051 36.0615844726562 36.1962089538574 36.3308563232422 36.3807563781738 35.4427490234375 35.8801383972168 36.2438659667969 36.3669395446777 36.4622230529785 36.3884773254395 36.0230293273926 36.2449417114258 36.4763793945312 36.4718246459961 36.3419570922852 36.0372009277344 34.768611907959 35.082950592041 35.8242340087891 35.7577743530273 35.6887741088867 35.9640769958496 35.4221687316895 34.6969871520996 35.2193870544434 35.5733757019043 35.3885269165039 35.6875991821289 35.7636680603027
32.7446670532227 33.701042175293 33.6378974914551 33.6076965332031 34.9180068969727 35.9725456237793 35.0190925598145 34.6932067871094 35.1988143920898 35.2757034301758 35.5942001342773 36.2836761474609 36.1912956237793 36.2365036010742 36.1107940673828 36.4709205627441 36.540699005127 36.4996147155762 36.4826545715332 36.5325317382812 36.5482025146484 36.0397796630859 35.3465270996094 35.7442359924316 35.6916694641113 36.2328872680664 36.5759086608887 36.1187057495117 36.134220123291 36.5609855651855 36.6273155212402 36.5684204101562 36.4240798950195 35.8278198242188 36.1026725769043 36.1758422851562 35.9845504760742 36.0039482116699 36.1348190307617 36.2866249084473 35.3309135437012 35.59033203125 36.2420120239258 36.0658416748047 36.2251167297363 36.1927795410156
34.7230491638184 34.8772621154785 35.0342483520508 35.4427146911621 35.7280502319336 36.1500701904297 35.7931671142578 35.3471069335938 35.7891998291016 36.1791915893555 36.1242179870605 36.4800109863281 36.5429153442383 36.487678527832 36.4862174987793 36.6079750061035 36.646842956543 36.6494903564453 36.6434936523438 36.6590690612793 36.6012191772461 35.6728668212891 35.4955787658691 36.035270690918 35.53076171875 36.0253448486328 36.5037956237793 36.4294853210449 36.3969497680664 36.6794929504395 36.7322387695312 36.7479476928711 36.7312965393066 36.6392135620117 36.561939239502 36.2565994262695 35.34423828125 35.980167388916 36.5465316772461 36.5624122619629 36.4578628540039 36.4197959899902 36.5596351623535 36.6143836975098 36.6739959716797 36.6446266174316
35.7592964172363 35.7811279296875 35.8970260620117 36.0255279541016 36.2310523986816 36.3173370361328 36.2530479431152 36.0454368591309 36.2411727905273 36.4943809509277 36.5261001586914 36.6043739318848 36.6084289550781 36.5961990356445 36.6429824829102 36.6469383239746 36.606071472168 36.6072692871094 36.6659507751465 36.7216529846191 36.7089958190918 36.4902000427246 36.2578468322754 36.461109161377 36.3491287231445 35.9271087646484 36.2466087341309 36.5465965270996 36.7265014648438 36.7719078063965 36.7968368530273 36.8092231750488 36.8018226623535 36.7817077636719 36.7967300415039 36.6752014160156 36.2102317810059 36.5479774475098 36.7501258850098 36.753547668457 36.7437324523926 36.760368347168 36.7648315429688 36.7995338439941 36.8230438232422 36.8155632019043
35.610912322998 35.8438186645508 36.0718688964844 36.083122253418 36.1350364685059 36.2541160583496 36.3300704956055 36.4272766113281 36.4816207885742 36.4480438232422 36.2629776000977 36.4013481140137 36.3479194641113 36.1040954589844 36.3178100585938 36.4875259399414 36.3963012695312 36.5354423522949 36.6559066772461 36.7289810180664 36.7743988037109 36.6641845703125 36.3681488037109 36.1292762756348 36.3836250305176 36.5899620056152 36.6622352600098 36.7284507751465 36.758487701416 36.8133392333984 36.8235130310059 36.8318710327148 36.8092460632324 36.7890510559082 36.837272644043 36.8036193847656 36.8020935058594 36.8164024353027 36.7778358459473 36.7971687316895 36.7965087890625 36.8014755249023 36.8224754333496 36.826774597168 36.7497367858887 36.8014755249023
34.1150398254395 34.7666473388672 35.1214485168457 35.3098258972168 35.6290969848633 35.9232635498047 35.8778991699219 36.0626831054688 36.0850296020508 35.9402770996094 35.2781410217285 35.2950820922852 35.365478515625 34.116153717041 34.9235458374023 35.6447410583496 36.2377281188965 36.6053085327148 36.7200584411621 36.7664909362793 36.8039321899414 36.6446113586426 36.2214622497559 35.867073059082 36.1690635681152 36.4692306518555 36.6245994567871 36.6333656311035 36.7213363647461 36.814868927002 36.843994140625 36.8587837219238 36.8582725524902 36.8683013916016 36.854190826416 36.7804946899414 36.7884635925293 36.7993316650391 36.7883567810059 36.7983741760254 36.7916831970215 36.8006134033203 36.8079261779785 36.7739448547363 36.7844505310059 36.8321723937988
32.1163558959961 33.1832275390625 33.1017608642578 33.0747680664062 34.1809387207031 34.6403656005859 34.744255065918 34.9717102050781 35.3632011413574 34.8409118652344 34.2804069519043 33.798526763916 34.3626251220703 34.258975982666 34.6381530761719 35.7046699523926 36.4392852783203 36.6576271057129 36.713737487793 36.7146797180176 36.7927436828613 36.828125 36.4195137023926 36.0836753845215 35.991382598877 36.3010559082031 36.5382423400879 36.6760635375977 36.8008003234863 36.8397827148438 36.8850135803223 36.909854888916 36.9194145202637 36.9068908691406 36.8436660766602 36.8064270019531 36.8196449279785 36.8333930969238 36.8366165161133 36.839527130127 36.8316917419434 36.8446998596191 36.8586158752441 36.8425178527832 36.851936340332 36.7647399902344
32.2236976623535 32.1654319763184 32.001091003418 32.0671081542969 32.0169792175293 32.6805610656738 33.7301330566406 34.2931900024414 34.4515190124512 34.3486251831055 34.8070182800293 34.6685066223145 34.5365447998047 35.0313529968262 35.2829933166504 36.2124710083008 36.4995269775391 36.5496292114258 36.5063552856445 36.653133392334 36.8048782348633 36.8768692016602 36.7519874572754 36.4571189880371 36.0507850646973 36.3562927246094 36.5772018432617 36.7646446228027 36.8565864562988 36.9135322570801 36.9488105773926 36.9472045898438 36.8996772766113 36.8423728942871 36.7983093261719 36.7961273193359 36.8271064758301 36.8606948852539 36.8689804077148 36.8725128173828 36.8785705566406 36.8980865478516 36.9082336425781 36.9033622741699 36.7191390991211 36.5250244140625
31.8892765045166 31.9778385162354 32.1729393005371 31.9296855926514 31.8507671356201 31.9449653625488 32.6823425292969 34.0687065124512 34.5293731689453 34.683723449707 34.5505218505859 34.7122383117676 34.9631576538086 35.2123222351074 35.2642555236816 35.840991973877 36.2569236755371 36.2779655456543 36.2924995422363 36.624755859375 36.7638092041016 36.8019676208496 36.9099082946777 36.846019744873 36.749210357666 36.7416572570801 36.8512229919434 36.9397621154785 36.9662170410156 36.9876556396484 36.9841041564941 36.9330177307129 36.8664588928223 36.7528305053711 36.7301750183105 36.8119964599609 36.8408050537109 36.8780517578125 36.913501739502 36.9172134399414 36.9390907287598 36.9555320739746 36.9575958251953 36.960865020752 36.8228340148926 36.7125473022461
31.9592208862305 32.1120681762695 32.135669708252 31.853443145752 32.2809791564941 33.0058937072754 33.0958099365234 34.1498222351074 34.5592002868652 34.7368698120117 34.5839004516602 34.9912528991699 35.2305107116699 35.2368392944336 35.3292388916016 35.2508888244629 35.3752937316895 35.6403427124023 36.0492820739746 36.4376449584961 36.5684700012207 36.6057891845703 36.8751411437988 36.9452629089355 36.982982635498 36.9863395690918 36.979923248291 36.8266487121582 36.9098472595215 36.9983711242676 36.9835243225098 36.8848686218262 36.8598899841309 36.6811408996582 36.6338348388672 36.8414764404297 36.8621940612793 36.8644409179688 36.9442481994629 36.970329284668 36.9741020202637 36.998104095459 37.0017967224121 36.9933891296387 36.940113067627 36.8939819335938
31.9955902099609 31.8937473297119 32.0865631103516 31.8379173278809 32.4049339294434 33.356128692627 33.6523475646973 34.1456871032715 34.7447967529297 35.1305160522461 35.1526565551758 35.2589874267578 35.3239364624023 35.3616485595703 35.372745513916 35.3447227478027 35.4373054504395 35.1791496276855 34.8479347229004 36.0515632629395 35.9633026123047 36.439624786377 36.8043327331543 36.8879776000977 36.9611320495605 36.9702377319336 36.9161720275879 36.7115211486816 36.8834762573242 37.0081405639648 36.8647956848145 36.7122688293457 36.7481994628906 36.7475814819336 36.8003387451172 36.907543182373 36.9347229003906 36.9397430419922 36.9576873779297 37.0122299194336 37.0328407287598 37.0354118347168 37.0313339233398 37.0182228088379 36.9975471496582 36.9322776794434
31.6197166442871 31.5982151031494 31.9360084533691 31.38498878479 31.5195922851562 33.2659683227539 33.9192504882812 34.4548034667969 34.7399978637695 34.9840393066406 35.0436019897461 35.0520706176758 34.8872261047363 34.8916854858398 35.1227531433105 35.2705039978027 35.645923614502 35.5925674438477 35.4224128723145 35.4905281066895 35.353630065918 36.2029113769531 36.6492309570312 36.8519859313965 36.8818206787109 36.9229278564453 36.583194732666 36.2233390808105 36.8668098449707 37.0227661132812 36.7633781433105 36.4724731445312 36.7516822814941 36.8223304748535 36.8730850219727 36.8654479980469 36.8823699951172 36.9060134887695 36.9481391906738 36.9571838378906 36.9928741455078 37.0470161437988 37.0546646118164 37.0443420410156 37.0273513793945 36.982421875
31.2988452911377 31.1721687316895 31.5888423919678 31.4827060699463 31.5618858337402 32.449821472168 33.3382835388184 33.901798248291 34.3120574951172 34.6188545227051 34.5778503417969 34.5214691162109 34.5808258056641 34.8276901245117 35.5300598144531 35.6682968139648 35.8856353759766 35.8079605102539 35.745719909668 35.5925331115723 35.365478515625 36.0868682861328 36.5768394470215 36.7992324829102 36.7578430175781 36.878833770752 36.5021514892578 35.554443359375 36.6186103820801 37.01025390625 36.755687713623 36.5303115844727 36.7580718994141 36.7174644470215 36.6673812866211 36.7210884094238 36.7925338745117 36.7473373413086 36.6876258850098 36.6924819946289 36.8341484069824 36.9484977722168 37.0582275390625 37.0603561401367 37.0468559265137 37.0251388549805
32.2847633361816 31.3725299835205 31.4709072113037 31.8278179168701 32.1640625 33.1093521118164 33.1694564819336 33.8467712402344 34.5281753540039 34.8110313415527 35.1115226745605 35.2058181762695 35.3276214599609 35.5890159606934 35.8109245300293 35.8856620788574 35.8577156066895 35.9602584838867 35.9482574462891 35.7256278991699 35.5419273376465 35.5952262878418 36.176097869873 36.439281463623 36.384220123291 36.8538017272949 36.766529083252 36.1191787719727 36.7049446105957 37.0020561218262 36.7933654785156 36.623420715332 36.5564918518066 36.2295722961426 36.4481582641602 36.409351348877 36.4400329589844 36.025390625 36.1541481018066 35.1042442321777 36.5544776916504 36.8404197692871 37.0452346801758 37.0738182067871 37.0661773681641 37.0453987121582
32.9118385314941 32.0239753723145 31.5551223754883 32.2711982727051 32.8484001159668 33.4956283569336 33.5611038208008 33.9714202880859 34.6240196228027 34.9822959899902 35.0248947143555 35.0376434326172 35.4204864501953 35.6260223388672 35.7659378051758 35.7784843444824 36.0221824645996 36.1863059997559 36.1782379150391 35.9384307861328 35.7866172790527 35.725513458252 35.8893280029297 35.9254417419434 35.9213485717773 36.6661338806152 36.8746299743652 36.590576171875 36.3014144897461 36.8816452026367 36.4276084899902 35.6015853881836 36.2739219665527 36.4649429321289 36.789680480957 36.8199043273926 36.7981338500977 36.7843475341797 36.572639465332 35.5564193725586 36.4377174377441 36.8002815246582 36.9999923706055 37.0680847167969 37.0822792053223 37.0652809143066
32.9580459594727 32.185604095459 31.680570602417 32.8371353149414 33.7021446228027 34.0850524902344 34.7244338989258 34.9250907897949 35.1050834655762 35.2001113891602 35.0402030944824 35.003231048584 35.5331649780273 35.6529808044434 35.688835144043 35.7955322265625 35.9415435791016 35.954231262207 36.533576965332 36.2999267578125 36.0296249389648 35.8958053588867 35.894832611084 35.7495193481445 35.7846717834473 36.4735488891602 36.8613777160645 36.7844200134277 36.6511497497559 36.9957618713379 36.2923812866211 35.1558151245117 35.7092094421387 36.4525489807129 36.5113677978516 36.1279067993164 36.2113418579102 36.7924194335938 36.9364433288574 36.9151802062988 36.9755706787109 36.9858818054199 37.0194091796875 37.0376930236816 37.0823745727539 37.0879707336426
32.849235534668 31.9781532287598 31.5538177490234 32.647632598877 33.7870788574219 34.103443145752 33.5997276306152 34.7633285522461 34.7172775268555 34.240104675293 35.0660171508789 35.2473602294922 35.2656211853027 35.3524360656738 35.3966445922852 35.6539344787598 35.8182983398438 35.9646110534668 36.5090103149414 36.6585121154785 36.4716186523438 36.1655006408691 36.0089454650879 35.9497261047363 35.7202415466309 36.2447319030762 36.7515029907227 36.787483215332 37.00537109375 37.0905990600586 36.5650825500488 34.7244262695312 35.4449157714844 34.9411697387695 35.3353271484375 34.6082954406738 35.6422958374023 36.7669982910156 36.9084320068359 36.9928016662598 37.0297622680664 36.9600639343262 36.8656959533691 36.9973297119141 37.0430793762207 37.0668029785156
32.8328170776367 32.1581382751465 32.2129020690918 32.6728172302246 33.4936447143555 33.8699111938477 34.2398109436035 34.4429321289062 33.3197898864746 33.241382598877 34.5778274536133 33.7231636047363 34.0401344299316 34.4228477478027 35.0434532165527 35.565185546875 35.7542572021484 36.0114326477051 36.4024543762207 36.562370300293 36.6438293457031 36.4068908691406 36.0835227966309 36.1798934936523 36.0699768066406 36.3441963195801 36.362606048584 36.2062301635742 36.8038024902344 37.0188751220703 36.7924613952637 36.0590209960938 34.5380058288574 32.6624641418457 32.8206939697266 34.4948806762695 36.0634880065918 36.7329864501953 36.869213104248 36.8271446228027 36.8485488891602 36.6270637512207 36.5166320800781 36.9248390197754 36.672435760498 36.7565078735352
32.8095550537109 32.4838333129883 32.2995719909668 32.576099395752 33.1199569702148 33.8314781188965 33.971248626709 33.6053199768066 33.189697265625 33.9287109375 34.3526420593262 33.4891204833984 33.7707023620605 34.1400489807129 34.9600715637207 35.3928337097168 35.7364044189453 36.2288246154785 36.6897163391113 36.5266304016113 36.409912109375 36.7421264648438 36.4915504455566 36.3155632019043 36.1660919189453 36.186710357666 36.2935752868652 36.2095108032227 36.5785255432129 36.9529876708984 37.0098991394043 36.4755363464355 35.7295684814453 33.9753379821777 33.3680076599121 34.5583190917969 36.0590896606445 36.6707305908203 36.7524070739746 36.2784118652344 36.5741920471191 36.7808685302734 36.5792617797852 36.6633529663086 36.338737487793 36.6280746459961
32.5080871582031 32.3156700134277 31.8872184753418 32.1897583007812 32.8762168884277 33.0261497497559 33.3964424133301 33.6827545166016 33.9335517883301 34.021656036377 34.3207168579102 34.5043449401855 35.0720901489258 35.1467628479004 35.3121490478516 34.8781967163086 35.8939552307129 36.3142547607422 36.557788848877 36.2790374755859 36.4254302978516 36.6508674621582 36.7765121459961 36.7328453063965 36.4470291137695 36.3974647521973 36.0376014709473 36.2294082641602 36.6702156066895 36.7786254882812 36.9537048339844 37.0013046264648 36.4297065734863 35.7347183227539 34.7830505371094 34.4950904846191 35.7456893920898 36.585620880127 36.0806312561035 35.5315895080566 36.5231323242188 36.8055763244629 36.5277366638184 35.7229042053223 36.1150550842285 36.6815567016602
