inst/extdata/Tmax/Tmax30.asc
NCOLS 100 
NROWS 79 
XLLCORNER 148.06 
YLLCORNER -21.49 
CELLSIZE 0.01 
NODATA_value -3.4e+38 
[rows 40 to 59 of 79, columns 0 to 45 of 100]
33.137435913085902 32.821418762207 33.692497253418 34.3271827697754 33.522575378418 33.3660125732422 33.350414276123 33.3659019470215 32.7037200927734 32.9998054504395 33.5050582885742 34.913200378418 35.3754272460938 34.3423538208008 34.3957901000977 33.9698104858398 33.8773193359375 33.2386016845703 32.6516151428223 32.8208885192871 32.7996940612793 32.9128952026367 32.8803901672363 32.9169082641602 31.390531539917 31.657564163208 30.8992176055908 30.8937492370605 31.2065200805664 30.2299766540527 29.322681427002 28.2422771453857 29.706226348877 29.5409755706787 29.0547904968262 29.4074783325195 28.9923515319824 26.2248802185059 25.7640705108643 25.3837814331055 24.9712829589844 24.2508430480957 23.7595558166504 23.5217723846436 23.2813720703125 25.1117610931396
33.5747032165527 33.3514785766602 33.4776992797852 34.1463890075684 34.2808303833008 34.1256561279297 33.3876419067383 33.7375679016113 33.3958358764648 33.976390838623 33.9243507385254 34.7273254394531 34.9686088562012 34.9622001647949 34.225456237793 34.9573516845703 34.1870803833008 33.2620315551758 32.592529296875 33.1074485778809 33.4878730773926 33.7346038818359 33.1199798583984 32.2218704223633 30.3650360107422 29.8599224090576 30.5573234558105 30.7135772705078 30.9409523010254 30.524959564209 29.4390182495117 29.2974472045898 29.5162334442139 30.2004814147949 27.3810195922852 28.3078918457031 27.7054557800293 26.1291885375977 26.0085163116455 27.5694370269775 27.3667964935303 25.1744022369385 23.3562812805176 23.2804775238037 23.3198394775391 23.6755046844482
33.5939178466797 33.5673408508301 33.8283195495605 33.894645690918 33.7874183654785 33.6318092346191 33.6092300415039 33.9997024536133 33.7186279296875 33.9059448242188 34.3017082214355 34.9394493103027 35.6387710571289 35.0249519348145 35.0806541442871 34.5358467102051 34.4524688720703 34.3080673217773 33.5744132995605 33.5156173706055 33.8230857849121 33.1229782104492 33.0956764221191 32.3591079711914 32.4608955383301 31.9083976745605 29.9559135437012 30.7000789642334 30.7136898040771 30.244966506958 28.8300838470459 28.7096729278564 27.6407070159912 27.814281463623 26.6943187713623 26.9961948394775 24.8700847625732 25.68798828125 25.9731159210205 25.4628944396973 26.2156085968018 25.3180599212646 25.6402397155762 24.3691959381104 24.2105674743652 24.9588470458984
32.8694725036621 33.3535041809082 33.7591247558594 33.8385391235352 34.0802612304688 33.8864517211914 34.6127548217773 34.3824577331543 33.8673553466797 33.8195724487305 33.9931564331055 34.5708503723145 35.0396461486816 35.1624488830566 35.5332908630371 35.5655517578125 35.1023750305176 34.878547668457 33.9272918701172 33.7558708190918 33.8526420593262 33.7348556518555 33.2410659790039 31.9275035858154 32.0444068908691 31.9595623016357 31.5715770721436 31.3480682373047 30.6214046478271 30.8660583496094 29.8278923034668 29.429141998291 30.684627532959 29.5279903411865 29.8864879608154 23.9339656829834 24.4921283721924 24.5981903076172 24.8043746948242 24.4714603424072 24.1757068634033 24.8127059936523 24.51003074646 25.217321395874 26.5876770019531 28.7757148742676
32.591194152832 33.2249450683594 33.1487045288086 33.1422119140625 33.7450065612793 33.877857208252 33.9172897338867 34.1172332763672 33.9295959472656 34.1361808776855 33.8991508483887 34.7344856262207 34.7833786010742 35.3880157470703 35.6537895202637 35.4216499328613 35.0062561035156 35.188720703125 35.0291366577148 34.8451690673828 34.280387878418 34.1061477661133 33.3424530029297 33.9062156677246 33.2220611572266 32.1453819274902 32.1277198791504 31.446834564209 31.8121681213379 31.0306339263916 30.8723526000977 30.4388408660889 30.8452243804932 32.605354309082 32.6002197265625 24.6984329223633 23.5957317352295 23.6411609649658 23.7593383789062 24.2425956726074 24.0289649963379 24.447359085083 23.8993492126465 24.5457878112793 25.8466281890869 28.7302093505859
33.7280197143555 33.1523170471191 32.6902465820312 32.8319320678711 33.4763069152832 33.3663864135742 33.6344528198242 34.0256614685059 34.1237983703613 34.0295791625977 33.8649024963379 34.3725509643555 34.248893737793 35.2975044250488 35.8878555297852 35.3943367004395 34.8692321777344 35.4474868774414 34.6719627380371 34.3953247070312 34.3089752197266 33.965991973877 33.4393653869629 32.4086608886719 33.1312980651855 33.0902671813965 31.5509300231934 31.9518508911133 32.1218566894531 31.126148223877 30.151683807373 30.0258293151855 31.0380306243896 31.0522232055664 33.0787353515625 29.7950859069824 24.3593139648438 23.6270904541016 23.6930141448975 24.4156837463379 23.7625732421875 24.1388053894043 24.5885620117188 24.592378616333 25.5389175415039 26.096607208252
32.4437561035156 32.913272857666 33.3601493835449 32.6222915649414 32.5197525024414 32.9792098999023 33.5788650512695 33.7159729003906 33.7135543823242 33.5091857910156 34.0762672424316 34.1809349060059 33.3212814331055 33.9620018005371 35.3591079711914 34.1672706604004 34.2116737365723 35.3174324035645 35.0875129699707 33.7946434020996 33.9852104187012 33.638614654541 33.7254867553711 34.0863342285156 31.5677318572998 31.923454284668 31.8624267578125 32.0724792480469 32.2230758666992 32.3711700439453 30.8266181945801 30.368537902832 30.0304279327393 30.2794876098633 31.7006893157959 31.7182960510254 24.5279445648193 24.6656169891357 24.5814685821533 25.1765575408936 24.5146389007568 24.4033203125 24.6314678192139 30.2378520965576 25.8790493011475 24.9616432189941
33.686351776123 32.5626449584961 33.5119514465332 32.4171447753906 32.4203033447266 32.6728248596191 32.847599029541 32.7889556884766 32.6270484924316 33.27099609375 33.014331817627 33.0699577331543 33.4211845397949 34.2388153076172 35.0893173217773 35.22802734375 34.6194229125977 35.0583763122559 34.9294242858887 33.9509963989258 34.5323181152344 34.4839935302734 33.1310081481934 33.368408203125 33.1443557739258 33.8943710327148 33.4533042907715 32.8315353393555 32.9414596557617 32.8363380432129 32.278621673584 31.5829086303711 30.4250087738037 31.3785934448242 31.3603210449219 30.334379196167 30.0693244934082 28.007396697998 25.8828907012939 25.8171977996826 25.3428535461426 25.2578506469727 25.2866401672363 25.1333656311035 24.5128765106201 24.2509498596191
34.9585304260254 33.2046813964844 32.0294532775879 31.7171516418457 31.8411083221436 32.9075660705566 32.4333839416504 32.3266716003418 32.1950798034668 33.0000343322754 33.1598014831543 32.9619445800781 33.4098663330078 34.4296226501465 35.2453765869141 34.3723602294922 34.3911552429199 34.067741394043 34.6180992126465 33.589054107666 33.7104454040527 34.6885528564453 34.460506439209 34.1312255859375 33.5339202880859 32.9679679870605 33.9874267578125 34.6198310852051 34.042537689209 32.9624824523926 32.0354309082031 32.1521301269531 31.3749084472656 31.119140625 31.0895500183105 31.1036548614502 31.4240055084229 31.2511577606201 31.3743381500244 29.6706676483154 24.7547245025635 24.8116073608398 25.0693416595459 24.6943969726562 24.652286529541 24.3328838348389
35.1423721313477 34.2115783691406 33.3867301940918 31.6013050079346 31.5390014648438 31.640453338623 32.2205276489258 32.2996940612793 32.2719764709473 33.713939666748 34.4662857055664 33.9093246459961 33.4859733581543 33.6425170898438 33.7755432128906 33.8285140991211 34.3470420837402 34.5326499938965 34.1658973693848 34.8686676025391 33.7260322570801 34.2460174560547 34.6589622497559 34.5131301879883 33.9903831481934 34.4965591430664 32.9217147827148 34.0709266662598 33.5586700439453 32.8404006958008 31.885705947876 32.4666442871094 30.6602745056152 30.6476821899414 30.9080924987793 27.5034427642822 31.55930519104 31.279447555542 30.9564113616943 31.1223068237305 29.7936820983887 24.6809177398682 24.382719039917 26.6625461578369 26.6199779510498 27.1670780181885
35.503101348877 34.6725158691406 34.2479858398438 31.9291896820068 31.9473648071289 31.5714378356934 31.7112045288086 32.3098220825195 32.2403678894043 33.440975189209 34.4827919006348 34.2589645385742 34.3651351928711 34.7233123779297 34.5499725341797 34.1504898071289 34.4641876220703 34.4574279785156 34.4767189025879 33.6920051574707 34.6599960327148 34.4856758117676 34.2318649291992 33.7824859619141 33.4797477722168 33.4581298828125 33.0476989746094 32.50927734375 33.4787826538086 33.2613716125488 32.2006416320801 32.3989524841309 31.0169982910156 31.2525291442871 29.6582298278809 30.6418132781982 30.5450592041016 30.978946685791 30.8021488189697 30.9042739868164 30.5501804351807 29.8320789337158 28.5814342498779 27.7653388977051 26.4306774139404 26.321849822998
35.2773666381836 35.4424781799316 34.3364562988281 32.7226715087891 32.5049285888672 32.9142417907715 32.2978477478027 31.8529529571533 31.212854385376 32.1609268188477 34.0657272338867 34.6548843383789 34.8522644042969 34.0257415771484 34.5823974609375 34.5201530456543 34.685619354248 35.0353393554688 35.1717338562012 33.9726753234863 34.8466110229492 34.7591209411621 33.3857002258301 33.4317398071289 33.2966651916504 32.420051574707 32.297004699707 32.4508781433105 33.2898254394531 33.9554023742676 33.7655715942383 31.7562656402588 31.481143951416 30.5855617523193 30.3314170837402 29.7768802642822 29.8471660614014 30.619026184082 30.548849105835 30.5651149749756 29.8956966400146 29.6359252929688 29.1608963012695 28.2843284606934 24.4970684051514 24.3241748809814
34.7552795410156 35.3427581787109 35.0573997497559 31.6247158050537 31.1786441802979 32.0362739562988 31.9181518554688 32.1068229675293 31.2550735473633 31.4524211883545 33.1012382507324 32.7179527282715 33.5569076538086 34.6280784606934 34.2413787841797 34.6642608642578 34.8556442260742 35.1451377868652 35.0234413146973 34.9075202941895 34.850471496582 34.6589698791504 34.5248947143555 33.4482498168945 34.4088668823242 34.1057014465332 32.7021827697754 32.7809677124023 32.8944778442383 33.6054382324219 33.6248207092285 32.2670249938965 31.3563842773438 30.7929973602295 30.8173503875732 31.5027961730957 29.6652126312256 29.4538974761963 30.2000484466553 31.2748260498047 31.2106742858887 30.5268459320068 30.4848175048828 29.6821212768555 24.7822036743164 24.2215309143066
35.0873565673828 34.5639305114746 34.4768104553223 32.342212677002 31.3921489715576 32.6544151306152 32.6111717224121 32.1129608154297 31.3403415679932 31.462926864624 32.9208335876465 32.3467826843262 34.3314094543457 34.2947158813477 34.1826515197754 35.041877746582 34.7138252258301 35.1031112670898 33.8909797668457 34.7403297424316 34.8300704956055 34.8883590698242 34.7308616638184 33.9349060058594 33.3244972229004 33.5536155700684 33.6017303466797 33.0668296813965 32.628044128418 32.9127655029297 33.3147239685059 33.5585708618164 33.5590324401855 32.786808013916 31.8424034118652 32.4294586181641 31.1095924377441 30.2777271270752 29.0324211120605 30.3895359039307 31.4594287872314 31.6564826965332 31.0775108337402 30.8496952056885 28.3435440063477 27.903039932251
34.8296089172363 33.9974479675293 34.1864471435547 33.271484375 32.8163833618164 32.6217002868652 33.1579132080078 32.7407569885254 33.056713104248 32.1309127807617 32.1443672180176 32.9038276672363 33.0479431152344 33.9677505493164 34.7425193786621 34.9305419921875 34.854175567627 35.0332641601562 35.0081100463867 34.2018775939941 34.2144508361816 34.8491554260254 34.4286613464355 34.9354972839355 34.1401214599609 33.4953918457031 33.0100021362305 33.4345817565918 32.0890808105469 33.1935195922852 32.8896560668945 32.3462181091309 33.3193283081055 33.0525436401367 33.9275360107422 31.5986480712891 31.726634979248 32.3467025756836 32.0790748596191 30.8374671936035 30.8149089813232 30.0033874511719 29.2767734527588 28.4893188476562 28.6232166290283 25.5372791290283
34.911792755127 34.9435806274414 34.7874145507812 33.7298851013184 33.3847465515137 33.3235359191895 33.7459182739258 34.1280364990234 33.3571662902832 32.22265625 32.9708557128906 34.2770462036133 33.9549789428711 34.9152908325195 34.7201843261719 34.855411529541 33.5876998901367 34.1970825195312 34.3742790222168 34.4077415466309 34.0220603942871 34.0871429443359 33.7053604125977 34.3437461853027 34.0093193054199 34.284610748291 33.4372787475586 33.8254165649414 32.7599754333496 33.2137908935547 33.3784790039062 32.9207191467285 32.2272186279297 32.2331237792969 32.6478614807129 33.3173217773438 32.9246673583984 32.8185005187988 32.0677871704102 30.497594833374 29.8967151641846 30.7027111053467 28.7110042572021 25.1873722076416 25.5652980804443 25.3183784484863
34.4100494384766 34.8169631958008 34.3838272094727 34.9758033752441 33.8178558349609 32.6284141540527 33.3446311950684 34.0512809753418 33.6871032714844 32.9674415588379 32.8176918029785 34.5014533996582 34.8351554870605 33.6910018920898 34.3409156799316 34.7747230529785 33.514575958252 33.9595603942871 34.3019065856934 33.3862991333008 33.5517120361328 33.8717956542969 34.081356048584 33.959400177002 34.0175361633301 33.9487190246582 33.7692680358887 33.3019790649414 33.0010566711426 33.5171089172363 31.882007598877 32.7615242004395 31.1775302886963 31.2132415771484 31.6205520629883 32.757438659668 32.1548767089844 31.1250457763672 31.0245800018311 26.2820587158203 25.9608325958252 29.5302848815918 28.3456554412842 24.7684288024902 25.2173709869385 25.3410453796387
34.8815956115723 35.1961212158203 34.8198547363281 34.6042518615723 34.1377830505371 34.4463195800781 33.4193153381348 33.3662185668945 33.7830505371094 33.7108383178711 32.3199996948242 33.5271301269531 34.855152130127 34.5643310546875 34.1591987609863 34.7255210876465 34.1869354248047 33.9998435974121 32.6784400939941 33.8827018737793 34.1921501159668 34.2714958190918 33.4388046264648 33.9001502990723 34.605827331543 33.9448928833008 33.7924842834473 33.3392105102539 33.4417304992676 33.9321365356445 33.3055381774902 33.1989097595215 33.0492553710938 32.5087013244629 31.3633308410645 31.4375114440918 32.3115768432617 31.5255279541016 30.3767871856689 26.1983909606934 26.0958118438721 30.2487564086914 25.6972332000732 25.4401817321777 24.8375778198242 24.9976177215576
35.1245155334473 35.0828971862793 35.2013282775879 34.8277206420898 34.7680702209473 34.1533813476562 33.1921272277832 33.0476341247559 33.3261795043945 32.3752059936523 32.6178359985352 34.6100463867188 34.3268051147461 35.0227317810059 34.1549644470215 34.2330703735352 33.0882530212402 32.9556617736816 32.8998947143555 32.9385375976562 33.0005950927734 33.3638916015625 32.6970558166504 33.3113861083984 34.5016708374023 33.8599052429199 33.5253944396973 33.6226921081543 33.4575424194336 33.9763565063477 33.1885070800781 33.1745185852051 33.0631866455078 32.4979286193848 32.4555892944336 31.4417037963867 31.3743495941162 30.9001693725586 26.8105335235596 26.7175273895264 26.4214019775391 29.6488094329834 25.8342876434326 25.0546932220459 25.0933303833008 24.9931449890137
34.9379348754883 34.3271942138672 35.0697250366211 34.0227737426758 34.7592697143555 33.5416984558105 33.4468460083008 32.822998046875 33.2969436645508 32.4036026000977 32.4268989562988 32.0361022949219 33.860782623291 34.716178894043 34.6806373596191 33.9786376953125 32.8684005737305 32.9863128662109 32.9025382995605 32.2244987487793 32.5444984436035 33.9125061035156 32.9836769104004 33.2855567932129 33.3102149963379 33.7890968322754 33.633659362793 33.4542617797852 33.6386299133301 34.2937202453613 33.3450775146484 32.9602241516113 32.5971031188965 33.3276786804199 32.9715690612793 32.6138763427734 31.9898414611816 30.7859535217285 30.2058067321777 30.0952911376953 29.5463886260986 29.615213394165 28.9132232666016 25.1698112487793 25.0629005432129 25.0612945556641
