inst/extdata/Tmax/Tmax41.asc
NCOLS 100 
NROWS 79 
XLLCORNER 148.06 
YLLCORNER -21.49 
CELLSIZE 0.01 
NODATA_value -3.4e+38 
[rows 40 to 59 of 79, columns 46 to 91 of 100]
25.2949352264404 26.8156566619873 26.515193939209 27.4134674072266 29.7089004516602 29.6741065979004 29.5064678192139 27.3072032928467 26.9977226257324 27.6358757019043 29.2341136932373 31.2351379394531 31.7363319396973 31.2292308807373 30.4681282043457 32.22216796875 33.145133972168 32.6132545471191 33.6631126403809 33.6279335021973 32.9773864746094 33.630069732666 31.4650497436523 30.2865180969238 31.726095199585 32.6527290344238 33.1905403137207 32.3913726806641 32.1944427490234 32.3409881591797 31.9602317810059 33.0651092529297 31.8298587799072 28.9327716827393 30.579683303833 34.9389533996582 33.2829666137695 31.7174739837646 29.5439796447754 28.8807926177979 28.3434505462646 31.1865711212158 31.5564002990723 30.9389343261719 32.2721900939941 29.496732711792
26.7325191497803 26.9596633911133 28.3564109802246 29.7080135345459 30.4158668518066 29.9215202331543 29.3088531494141 29.1006507873535 30.4817771911621 30.747386932373 33.4244728088379 32.2305641174316 32.0165901184082 31.7106246948242 31.1396198272705 33.1031532287598 33.2262496948242 33.0467185974121 34.1006393432617 34.3786811828613 32.2776794433594 32.661205291748 28.9065189361572 34.7006187438965 35.8803253173828 31.4419784545898 33.3882064819336 32.4045143127441 32.5982933044434 31.7520446777344 32.3433036804199 32.8878631591797 32.7313499450684 31.8136043548584 32.2274131774902 34.2358474731445 32.5024871826172 31.929328918457 31.6395835876465 31.325855255127 30.8939819335938 30.4149703979492 31.7822532653809 31.4315166473389 31.4021968841553 30.8602123260498
28.2899055480957 29.3113594055176 29.2341156005859 31.2218971252441 36.2984085083008 33.7737808227539 31.3021011352539 30.5738773345947 31.7018013000488 33.3696174621582 33.5036354064941 33.0777359008789 33.3648796081543 32.9239768981934 34.6639938354492 33.2073669433594 33.0593032836914 32.7221412658691 33.1476020812988 33.8704795837402 32.9349403381348 32.4331817626953 32.1132850646973 36.2046089172363 29.5775852203369 36.2695922851562 35.5038414001465 31.3402233123779 30.6903324127197 33.2678680419922 32.949836730957 33.2699127197266 32.5418663024902 31.8936500549316 32.275260925293 31.0783843994141 31.2317485809326 30.6646728515625 30.6979598999023 31.1421718597412 32.2995223999023 32.3937873840332 32.7400741577148 31.4096546173096 33.4343185424805 33.4019622802734
31.8131160736084 32.5839920043945 32.7374801635742 32.8788833618164 33.6103324890137 33.1115417480469 32.7720832824707 32.3816528320312 32.7111968994141 33.0911712646484 33.7748031616211 33.7925872802734 33.9942588806152 33.8991241455078 33.3827056884766 32.9372215270996 32.5944633483887 32.7976951599121 33.5091323852539 31.1081047058105 33.36181640625 33.3899993896484 33.1957855224609 32.5356063842773 31.9763145446777 33.7361335754395 32.9565582275391 32.4629936218262 33.0800361633301 34.7940979003906 34.160945892334 34.6009635925293 32.387035369873 31.7791442871094 31.6127433776855 34.1365509033203 33.5985260009766 31.6492767333984 32.590389251709 33.651538848877 34.2548522949219 33.4004020690918 31.8310527801514 36.0634269714355 33.638542175293 31.6461124420166
31.6563091278076 31.8527565002441 31.8455448150635 32.2063407897949 33.7778358459473 34.4360198974609 33.8326530456543 33.0055809020996 33.382698059082 33.0593490600586 32.7688598632812 32.7400665283203 32.3353118896484 32.2013969421387 32.0377044677734 32.6208152770996 30.9967365264893 31.8483829498291 32.8823928833008 33.2444267272949 34.1969718933105 34.8296203613281 34.5681457519531 33.6192893981934 31.4795513153076 31.9272060394287 32.3218193054199 32.8011817932129 35.0173530578613 35.3473930358887 33.985652923584 32.7272872924805 31.6561527252197 32.3471450805664 31.9960536956787 34.0200881958008 32.7056159973145 31.5324211120605 32.7906379699707 31.2803764343262 31.9034767150879 33.4658699035645 33.8798980712891 33.8333053588867 36.7187232971191 33.6434059143066
27.6520118713379 29.2115249633789 30.8114852905273 29.1542778015137 30.8504810333252 31.5478916168213 31.382287979126 31.6923637390137 31.9954128265381 32.1100006103516 29.058988571167 29.24485206604 29.4268226623535 27.5117988586426 28.5709857940674 29.6148147583008 31.9781608581543 32.1760749816895 32.1160316467285 32.2321586608887 34.0167198181152 33.808967590332 33.1572074890137 33.1236686706543 33.2177734375 33.6922225952148 33.6644477844238 33.6246681213379 33.2457809448242 33.4313507080078 33.0734100341797 34.2125129699707 35.0636863708496 35.5287132263184 33.4989204406738 33.2300300598145 32.7120780944824 32.5443153381348 32.508617401123 32.2187347412109 32.0550689697266 33.114128112793 33.2765846252441 31.9646492004395 34.2712097167969 36.654354095459
25.5757617950439 27.1654872894287 26.7553634643555 26.5258007049561 27.754035949707 28.2094421386719 28.3868064880371 28.9970149993896 29.5962142944336 28.7951736450195 28.3784198760986 27.7005424499512 28.0977554321289 27.9618053436279 28.3268089294434 29.6513023376465 32.3583297729492 32.1235008239746 31.4696483612061 33.3631401062012 33.8108444213867 34.2196311950684 33.3039436340332 32.600772857666 35.2254028320312 35.388858795166 34.4249572753906 33.6897583007812 32.7453689575195 32.6476936340332 33.8453750610352 33.6581420898438 33.0894622802734 33.4036598205566 33.6760215759277 36.2837409973145 33.0744094848633 33.2511787414551 32.1560211181641 32.015022277832 31.9836597442627 34.6183967590332 32.6351013183594 35.4941024780273 34.0951118469238 33.5643310546875
25.9646492004395 25.893159866333 25.7588710784912 25.8687572479248 25.7302799224854 26.2287693023682 27.4317169189453 28.5188331604004 28.8097038269043 28.6012363433838 29.2590351104736 28.6406860351562 28.6590976715088 30.1733798980713 30.9401969909668 32.4532089233398 33.096321105957 33.0060119628906 33.1349487304688 34.5096397399902 37.2123641967773 34.923511505127 32.8355674743652 33.8667945861816 35.0926055908203 34.6880035400391 34.0221977233887 36.930305480957 34.0646781921387 34.3094711303711 34.3243675231934 31.7653617858887 31.6127662658691 31.9372043609619 31.7087421417236 31.7013969421387 33.1014518737793 32.0978698730469 31.1891460418701 34.935417175293 34.6766777038574 36.6324043273926 33.202220916748 35.3051834106445 35.0391426086426 34.968017578125
25.7080707550049 27.7183837890625 26.0839099884033 25.6827068328857 25.5831699371338 25.5608444213867 25.8324775695801 28.1148929595947 28.9011573791504 29.0731143951416 28.9668235778809 29.0438480377197 34.3650779724121 35.4853897094727 35.980785369873 32.3357315063477 34.2006492614746 30.5497379302979 36.1799278259277 36.0700225830078 35.7636604309082 36.0173645019531 35.386791229248 34.9422798156738 34.632984161377 32.7177772521973 33.8956413269043 35.0263023376465 37.1635437011719 36.4272232055664 36.1577606201172 36.8991966247559 35.9875793457031 32.013011932373 32.9708137512207 37.3574333190918 36.5186233520508 33.4968490600586 33.2983627319336 33.104808807373 31.1767463684082 31.699577331543 32.3170890808105 33.2207145690918 32.3508338928223 32.9714546203613
27.627405166626 28.3301601409912 29.5278625488281 26.5583438873291 26.1334819793701 27.06813621521 26.898868560791 28.0501575469971 28.4327926635742 29.0336723327637 33.3370742797852 34.9492797851562 36.1413536071777 36.1765937805176 36.6613578796387 29.8040428161621 32.9794044494629 30.056941986084 30.3496952056885 32.8665351867676 32.8479080200195 37.0663261413574 33.4754524230957 34.3413009643555 34.0589447021484 33.1699485778809 35.1160125732422 35.1943435668945 35.6705169677734 35.7187652587891 35.4787483215332 33.8402709960938 32.1692924499512 32.6717720031738 33.3225898742676 37.5313949584961 37.488151550293 34.2981224060059 33.1443672180176 32.983570098877 32.9584770202637 31.9315128326416 33.1096649169922 31.6974792480469 32.6752433776855 33.3170776367188
31.0301113128662 27.7996292114258 30.806432723999 25.7238063812256 25.9102935791016 27.3314266204834 27.5851135253906 28.3841800689697 29.1283111572266 29.6644096374512 29.6727848052979 29.8944110870361 34.5415649414062 35.2223663330078 35.8376083374023 29.7575874328613 32.2259635925293 32.1182632446289 28.9473209381104 32.711498260498 30.2474994659424 35.9710693359375 33.5771293640137 35.1008338928223 33.5070762634277 34.4898452758789 33.4832191467285 33.0912132263184 36.1062202453613 35.7916831970215 35.1748275756836 34.646556854248 34.3158378601074 32.528247833252 33.3618698120117 35.7851066589355 37.128776550293 35.2464141845703 34.1363258361816 34.646842956543 33.2020263671875 32.0785598754883 32.1447296142578 31.265251159668 32.7173385620117 33.5095329284668
26.4461250305176 25.0501899719238 25.6049861907959 24.6348762512207 24.6412410736084 26.492769241333 27.448299407959 28.6597175598145 29.0644683837891 29.3526821136475 29.569408416748 29.2246551513672 29.138256072998 28.7008285522461 29.2011394500732 32.3640937805176 30.1219730377197 32.905891418457 29.7542610168457 32.1404685974121 31.9517250061035 32.8312149047852 35.904052734375 36.6440086364746 33.8165283203125 33.9857559204102 34.6767959594727 32.8528861999512 33.2302322387695 36.6522979736328 35.0883255004883 34.3983879089355 33.8039932250977 32.1507377624512 32.0356063842773 33.6897315979004 34.0694274902344 33.9069976806641 33.3190460205078 31.637149810791 35.258472442627 31.5659656524658 31.2831230163574 30.9427947998047 30.9607219696045 32.2497062683105
24.7595100402832 30.4258270263672 31.2648048400879 24.8669166564941 24.8330020904541 25.8284873962402 26.7175102233887 27.6712188720703 28.2343769073486 28.600715637207 28.9514179229736 28.7688674926758 28.8033885955811 29.2587966918945 29.6634197235107 30.065803527832 32.7426834106445 33.1485481262207 33.0378608703613 33.5152778625488 31.9880962371826 33.1328620910645 34.6871681213379 36.7634735107422 34.5975875854492 35.3876495361328 35.3443450927734 35.2510070800781 35.0590934753418 37.065746307373 35.9596481323242 35.3915710449219 35.4685440063477 35.7745819091797 32.8656692504883 31.9297122955322 33.1158332824707 30.5611381530762 32.0778846740723 32.3773651123047 32.4657669067383 31.444356918335 35.9274940490723 32.4029350280762 30.9894580841064 30.7563705444336
25.7120399475098 24.7939281463623 30.678882598877 25.5175189971924 25.6931896209717 26.7475986480713 26.6451435089111 27.4905376434326 28.6705112457275 29.2095623016357 29.5433578491211 29.6616535186768 29.7145500183105 33.4143409729004 33.4406204223633 30.4190940856934 30.1842823028564 30.3253078460693 30.3449096679688 33.1391677856445 32.6455154418945 32.8379707336426 30.3440780639648 31.5084381103516 32.3389854431152 34.1247825622559 33.4891929626465 34.5684280395508 36.5944175720215 34.1250190734863 34.0018730163574 33.0695381164551 33.4250602722168 34.2838134765625 32.6767311096191 32.2889938354492 30.2765808105469 29.4897937774658 29.7002849578857 28.5645694732666 34.3962097167969 32.9546737670898 34.1176567077637 33.7323951721191 35.7111854553223 31.471097946167
26.8325786590576 25.7442874908447 25.2277965545654 25.8459606170654 26.4748077392578 27.4705066680908 27.5406475067139 27.9032535552979 28.2196426391602 28.8960380554199 28.946891784668 31.6944599151611 32.6638717651367 29.8599491119385 34.1824226379395 33.5618133544922 34.0394477844238 30.6439399719238 33.4274368286133 33.2132568359375 33.2398567199707 32.2920379638672 31.2367935180664 33.2699317932129 35.1024513244629 35.3160820007324 33.410572052002 33.9122581481934 33.0641784667969 34.9560127258301 35.1894989013672 33.7784767150879 35.089672088623 32.9511642456055 35.4742431640625 32.489200592041 36.0951385498047 32.4101791381836 32.7462768554688 31.1605587005615 32.335033416748 32.8608093261719 32.1616096496582 32.4445419311523 33.2977409362793 34.2848587036133
26.4297199249268 25.8278427124023 25.4030284881592 26.8112182617188 27.5411510467529 28.1254177093506 28.852746963501 29.2129154205322 29.1981754302979 29.5554046630859 29.4312534332275 31.5979633331299 32.3238182067871 33.8768348693848 34.0630302429199 33.5627365112305 33.9635238647461 34.3563385009766 33.8029479980469 30.6486835479736 33.1986961364746 32.3139915466309 33.0734977722168 33.1163330078125 34.3791618347168 35.1506156921387 35.4177856445312 35.9780311584473 33.2919387817383 33.7863883972168 30.9949703216553 33.2625579833984 34.6345024108887 36.508487701416 35.4938583374023 29.5814018249512 32.1580848693848 33.0280532836914 31.5183563232422 32.4996490478516 34.4485778808594 33.6470375061035 33.0073699951172 33.3939361572266 32.940128326416 32.7842750549316
26.414514541626 25.5416603088379 24.8371181488037 26.3513088226318 27.7442016601562 28.2522354125977 27.5565490722656 29.0248908996582 28.6698703765869 28.0081462860107 29.3202686309814 29.0106983184814 29.346752166748 32.2172317504883 29.874547958374 33.2257804870605 33.3562622070312 33.3586044311523 33.9412841796875 31.9627685546875 32.8401336669922 33.3036651611328 32.8577919006348 30.5209217071533 33.0038032531738 35.177360534668 34.2122993469238 33.3941879272461 33.6103477478027 33.7833633422852 30.8680515289307 28.8591194152832 29.790901184082 32.7956161499023 28.9345054626465 28.672046661377 33.0614433288574 32.464916229248 33.2663764953613 31.997278213501 34.2426528930664 35.4462432861328 31.8042240142822 32.0849342346191 32.9847640991211 33.5919456481934
26.8277645111084 25.6973724365234 25.7894229888916 26.4143466949463 27.3837909698486 27.8777637481689 28.4194202423096 28.4791564941406 27.128511428833 26.6865863800049 28.6800231933594 27.2448921203613 27.7790069580078 28.0957565307617 31.8715305328369 32.762264251709 30.1097736358643 33.3775062561035 30.7701816558838 34.2332229614258 33.8120994567871 34.1055335998535 33.5746192932129 33.2484130859375 32.4155502319336 33.6313209533691 34.4585609436035 33.4420280456543 32.8250885009766 34.4552192687988 32.6154365539551 30.0844440460205 33.1611747741699 32.0334701538086 26.4744853973389 31.1711483001709 32.3302536010742 32.807071685791 33.1399078369141 34.8294868469238 32.7446365356445 35.1177558898926 32.8413543701172 33.056510925293 32.522891998291 32.386905670166
26.8364849090576 26.4777755737305 26.1721210479736 26.3611145019531 27.1136741638184 27.8926105499268 27.8545398712158 27.6001014709473 26.912561416626 28.006160736084 28.2445106506348 26.9407539367676 27.2730503082275 27.5126972198486 28.8925495147705 29.291051864624 33.0468673706055 30.2272167205811 33.5634498596191 33.8311882019043 33.6326751708984 33.9738502502441 32.191967010498 33.6841926574707 32.9340019226074 33.009033203125 32.7494583129883 33.8761863708496 32.1224784851074 32.0629005432129 33.7530632019043 33.4584655761719 29.9600982666016 31.8072910308838 32.4468841552734 33.3842163085938 30.3763675689697 32.8646125793457 35.234001159668 32.5625953674316 33.5577278137207 32.6694946289062 33.1170120239258 34.9373779296875 34.4118461608887 32.0963325500488
26.1979999542236 26.0939121246338 25.5828723907471 26.0341110229492 26.6739330291748 26.544153213501 27.2798023223877 27.7489624023438 28.1634750366211 28.2261180877686 28.2482070922852 28.5131855010986 31.8338050842285 32.583854675293 32.4476585388184 29.1743030548096 29.9391288757324 33.7590827941895 31.1176338195801 33.2516136169434 33.5787734985352 34.1717300415039 34.2574501037598 33.5608100891113 33.7448387145996 32.6690673828125 33.0892372131348 32.9765968322754 32.1542892456055 34.089412689209 34.4388618469238 35.2666053771973 31.6445903778076 32.5138626098633 32.3761672973633 28.1664600372314 31.1694393157959 33.9386711120605 35.8413352966309 30.5385971069336 32.9694023132324 33.1635551452637 32.4682922363281 31.2268047332764 32.7519111633301 33.4900398254395
