inst/extdata/Tmax/Tmax37.asc
NCOLS 100 
NROWS 79 
XLLCORNER 148.06 
YLLCORNER -21.49 
CELLSIZE 0.01 
NODATA_value -3.4e+38 
[rows 40 to 59 of 79, columns 46 to 91 of 100]
18.9239959716797 20.1583461761475 19.7333374023438 20.5201835632324 22.881872177124 22.9509372711182 22.7430362701416 20.3980445861816 20.0797252655029 20.7537517547607 22.3990936279297 24.5701198577881 25.0362815856934 24.5555267333984 23.7169418334961 25.5751209259033 26.5209789276123 25.9609394073486 27.0231018066406 26.9999008178711 26.3522300720215 26.914400100708 24.7859878540039 23.640344619751 25.089729309082 26.0233364105225 26.5502529144287 25.7124328613281 25.5357513427734 25.7054386138916 25.3245067596436 26.4169521331787 25.153434753418 22.1657772064209 23.8324298858643 28.2444190979004 26.5828838348389 25.011625289917 22.8588390350342 22.1550712585449 21.5792503356934 24.4472541809082 24.8360404968262 24.2051982879639 25.553035736084 22.7783470153809
19.9728183746338 20.0719203948975 21.4631233215332 22.8096771240234 23.5777950286865 23.2123908996582 22.4946365356445 22.2579250335693 23.6985416412354 23.9777584075928 26.6962451934814 25.579740524292 25.3577365875244 25.0573902130127 24.4743003845215 26.4749698638916 26.6050395965576 26.42041015625 27.4713268280029 27.7528285980225 25.6511192321777 25.9819793701172 22.1648387908936 27.9911041259766 29.1643924713135 24.7724170684814 26.7491035461426 25.7203731536865 25.9160861968994 25.1113376617432 25.7096900939941 26.248384475708 26.0772571563721 25.1059093475342 25.5424861907959 27.556978225708 25.8061752319336 25.233455657959 24.953426361084 24.6514358520508 24.1473445892334 23.6821346282959 25.0959014892578 24.7262630462646 24.7058200836182 24.1559181213379
21.4295215606689 22.4526519775391 22.380838394165 24.4210777282715 29.5375995635986 27.0707168579102 24.5614891052246 23.7869663238525 24.9713077545166 26.6861743927002 26.8172626495361 26.4295444488525 26.7245235443115 26.2788162231445 28.019193649292 26.5755920410156 26.4312057495117 26.0935039520264 26.5170860290527 27.2398109436035 26.2959861755371 25.7043762207031 25.3685665130615 29.5051155090332 22.8327827453613 29.5644950866699 28.8431587219238 24.6726894378662 24.0199699401855 26.6260395050049 26.3135528564453 26.6355228424072 25.9053955078125 25.2469158172607 25.6197776794434 24.3927268981934 24.4761123657227 23.9526062011719 24.0352993011475 24.4789524078369 25.623327255249 25.7107372283936 26.0673141479492 24.7381992340088 26.750358581543 26.6812477111816
25.0129508972168 25.7938194274902 25.9682674407959 26.1320323944092 26.8952808380127 26.4121932983398 26.0701770782471 25.6612033843994 26.0143756866455 26.4228134155273 27.112190246582 27.1398258209229 27.3431987762451 27.2476539611816 26.736608505249 26.2919292449951 25.9446086883545 26.1471176147461 26.8633193969727 24.4663352966309 26.716480255127 26.7212982177734 26.5029335021973 25.8603572845459 25.2877540588379 27.0089588165283 26.2585678100586 25.7940731048584 26.4295864105225 28.1485004425049 27.5178565979004 27.9592723846436 25.7440795898438 25.133321762085 24.9675979614258 27.4774799346924 26.8934001922607 24.9736366271973 25.9337100982666 26.9926624298096 27.5922584533691 26.7360877990723 25.1632480621338 29.39479637146 26.9443454742432 24.9143543243408
24.8280506134033 25.0551509857178 25.0822982788086 25.451192855835 27.0353469848633 27.713565826416 27.1218509674072 26.3079795837402 26.6935939788818 26.3693332672119 26.0626239776611 26.0494403839111 25.6407051086426 25.4839572906494 25.3417491912842 25.9422836303711 24.3087940216064 25.1735820770264 26.2185821533203 26.5864505767822 27.5420265197754 28.1624450683594 27.8701705932617 26.8972644805908 24.7803516387939 25.2490177154541 25.6514072418213 26.1378879547119 28.3572845458984 28.6930389404297 27.3322257995605 26.0745735168457 25.0004024505615 25.6883640289307 25.3411731719971 27.3604145050049 26.0440101623535 24.8703384399414 26.1219711303711 24.6109714508057 25.2310886383057 26.7902221679688 27.2021713256836 27.1510448455811 30.0160064697266 26.9024047851562
20.7533149719238 22.3286571502686 23.9394874572754 22.2959308624268 24.0337066650391 24.7709865570068 24.6060848236084 24.9421043395996 25.2503318786621 25.3536930084229 22.2362823486328 22.4280395507812 22.6211738586426 20.5947189331055 21.7279777526855 22.841215133667 25.2587757110596 25.4920120239258 25.4424247741699 25.5616226196289 27.3491230010986 27.1242713928223 26.4306564331055 26.3657703399658 26.4870853424072 26.9901752471924 26.978048324585 26.9393653869629 26.5694122314453 26.7644500732422 26.4091911315918 27.5496578216553 28.4000186920166 28.8649749755859 26.8323936462402 26.5543594360352 26.0352840423584 25.8664379119873 25.8268222808838 25.5349521636963 25.3674335479736 26.4232749938965 26.5820293426514 25.2612342834473 27.5619621276855 29.9062805175781
19.0256576538086 20.2446193695068 19.8544483184814 19.6317043304443 20.8333873748779 21.2967472076416 21.4772663116455 22.1149368286133 22.7591762542725 21.9107875823975 21.4493808746338 20.7386569976807 21.1847991943359 21.0445423126221 21.4451503753662 22.868200302124 25.6428070068359 25.4288845062256 24.7795181274414 26.6721973419189 27.1269550323486 27.5384330749512 26.5823001861572 25.8501243591309 28.4680690765381 28.6596431732178 27.718225479126 26.9967517852783 26.0648460388184 25.9709892272949 27.1730289459229 26.9881267547607 26.4194869995117 26.7312183380127 26.9953861236572 29.5977249145508 26.3877773284912 26.5636024475098 25.4658832550049 25.3219890594482 25.2863712310791 27.9182949066162 25.931848526001 28.783899307251 27.3802146911621 26.812650680542
19.3741054534912 19.3210029602051 19.2431545257568 19.3271160125732 19.2043514251709 19.4653625488281 20.4888763427734 21.5808353424072 21.8731117248535 21.6611919403076 22.3643074035645 21.7379722595215 21.7491931915283 23.3117408752441 24.1061000823975 25.7013664245605 26.3717060089111 26.2856826782227 26.4096221923828 27.7982578277588 30.5153274536133 28.2337532043457 26.1345844268799 27.1386528015137 28.329532623291 27.952672958374 27.3078784942627 30.234546661377 27.3782367706299 27.6286563873291 27.6467418670654 25.0872173309326 24.9286842346191 25.2459487915039 25.011360168457 25.0022888183594 26.4033946990967 25.400671005249 24.4899120330811 28.2332420349121 27.9715995788574 29.925106048584 26.4912719726562 28.5885314941406 28.2979850769043 28.2031364440918
19.2357330322266 21.2120475769043 19.5056095123291 19.1893997192383 19.1161613464355 19.0579490661621 19.0647373199463 21.1675434112549 21.9597644805908 22.1503105163574 22.0375919342041 22.1332473754883 27.4811782836914 28.6286716461182 29.1322593688965 25.5364875793457 27.4386940002441 23.7893924713135 29.4208641052246 29.3419704437256 29.0491065979004 29.3085193634033 28.6901969909668 28.2404327392578 27.9225177764893 26.0076465606689 27.1968746185303 28.3368358612061 30.4768333435059 29.7424850463867 29.4722061157227 30.2079048156738 29.2884311676025 25.3012199401855 26.2552185058594 30.6482982635498 29.8102054595947 26.7895431518555 26.5917472839355 26.3951969146729 24.4659519195557 24.986177444458 25.5992431640625 26.4981174468994 25.6124000549316 26.2253932952881
21.1287002563477 21.7746505737305 22.961935043335 20.0917110443115 19.5118961334229 20.1903629302979 19.9873371124268 21.0998210906982 21.4869537353516 22.1040744781494 26.399450302124 28.0520267486572 29.2706241607666 29.3100643157959 29.8057155609131 22.9439296722412 26.1298561096191 23.2288455963135 23.5562324523926 26.1079578399658 26.1034832000732 30.3274612426758 26.7641735076904 27.6383514404297 27.3608150482178 26.4732570648193 28.4192371368408 28.4824123382568 28.9668807983398 29.0239772796631 28.781946182251 27.1329364776611 25.4583950042725 25.9423141479492 26.587230682373 30.81422996521 30.7708339691162 27.5784111022949 26.4297542572021 26.2682476043701 26.2400360107422 25.211353302002 26.3854446411133 24.9754219055176 25.950740814209 26.5875988006592
24.5172958374023 21.3215370178223 24.2573146820068 19.2622051239014 19.2442359924316 20.3773021697998 20.6284770965576 21.4294567108154 22.1836128234863 22.7591209411621 22.7745780944824 23.0106315612793 27.6679859161377 28.3551406860352 28.9730167388916 22.8924694061279 25.3690090179443 25.2435970306396 22.0509223937988 25.9086303710938 23.4395751953125 29.2062892913818 26.8481693267822 28.3813724517822 26.7959079742432 27.78076171875 26.76926612854 26.3576412200928 29.3893623352051 29.0871677398682 28.4554901123047 27.9120674133301 27.5837707519531 25.7948608398438 26.6319599151611 29.0640506744385 30.4082164764404 28.5238304138184 27.4125423431396 27.9253540039062 26.479190826416 25.3564014434814 25.4251880645752 24.5477733612061 26.0014476776123 26.7906684875488
20.0680274963379 18.6781539916992 19.1093311309814 18.3369445800781 18.2928218841553 19.5346965789795 20.4906272888184 21.7074337005615 22.1153392791748 22.4227123260498 22.6498355865479 22.3103332519531 22.2136402130127 21.7806186676025 22.3046932220459 25.4816837310791 23.269624710083 26.0508518218994 22.8896064758301 25.2838268280029 25.0880565643311 26.0358009338379 29.1499996185303 29.9106559753418 27.0871677398682 27.2616062164307 27.9210643768311 26.0667762756348 26.5016956329346 29.9390563964844 28.3492794036865 27.6329116821289 27.0625076293945 25.414758682251 25.3029632568359 26.9548110961914 27.3339290618896 27.171293258667 26.5845966339111 24.9020404815674 28.5302486419678 24.8465404510498 24.5680866241455 24.2305488586426 24.2507667541504 25.5395069122314
18.4969120025635 24.207857131958 24.8936710357666 18.532808303833 18.4687404632568 19.1443328857422 19.7519512176514 20.705114364624 21.2701587677002 21.6388988494873 21.9834251403809 21.7996826171875 21.843412399292 22.3229064941406 22.7875690460205 23.2023906707764 25.8983268737793 26.3011302947998 26.1885738372803 26.6573028564453 25.1166706085205 26.31858253479 27.9168281555176 30.0152359008789 27.8466358184814 28.6494445800781 28.5721530914307 28.4074020385742 28.2979717254639 30.341625213623 29.2106990814209 28.6222915649414 28.718713760376 29.0198459625244 26.1050910949707 25.172456741333 26.3630352020264 23.8018074035645 25.3158950805664 25.6186771392822 25.7234973907471 24.7167854309082 29.2151508331299 25.6951332092285 24.2848777770996 24.0543937683105
19.0931186676025 18.5026531219482 24.350414276123 19.0584564208984 19.1121044158936 19.8333377838135 19.7081871032715 20.5204219818115 21.7074928283691 22.2496337890625 22.60862159729 22.7399578094482 22.8078212738037 26.5299263000488 26.5755519866943 23.5620784759521 23.3283290863037 23.4808349609375 23.5025386810303 26.2823581695557 25.7780742645264 25.9772567749023 23.5300312042236 24.7182102203369 25.545431137085 27.3747653961182 26.7317886352539 27.7568702697754 29.832181930542 27.3908290863037 27.2475719451904 26.2997722625732 26.6488437652588 27.4809131622314 25.889591217041 25.4975719451904 23.4891757965088 22.67600440979 22.8982734680176 21.7112140655518 27.6312160491943 26.2186889648438 27.4065170288086 27.0289268493652 29.0120029449463 24.7750568389893
19.9920959472656 19.2171058654785 18.8687763214111 19.2279682159424 19.6521701812744 20.5032577514648 20.569616317749 20.9313697814941 21.2555923461914 21.9382419586182 21.9937953948975 24.7476577758789 25.7533016204834 22.9674053192139 27.3028240203857 26.6870193481445 27.1877040863037 23.8090629577637 26.594877243042 26.3642063140869 26.3819599151611 25.432502746582 24.3918075561523 26.4297313690186 28.2638111114502 28.5398807525635 26.6544342041016 27.1309642791748 26.2593955993652 28.201639175415 28.3953056335449 26.9267387390137 28.2832336425781 26.1588954925537 28.7103271484375 25.731502532959 29.3386707305908 25.6558818817139 25.9771213531494 24.3291282653809 25.5628337860107 26.1233997344971 25.4483451843262 25.7434062957764 26.6035556793213 27.5947799682617
19.5728416442871 19.2426815032959 18.9987106323242 19.9936923980713 20.576171875 21.1605529785156 21.8973197937012 22.2592029571533 22.2462768554688 22.6024303436279 22.4691600799561 24.6379947662354 25.4112148284912 26.9758434295654 27.1684150695801 26.6805839538574 27.0965518951416 27.493896484375 26.9920253753662 23.8204154968262 26.3511657714844 25.4590587615967 26.2209091186523 26.2554740905762 27.5229358673096 28.3493766784668 28.651948928833 29.2058486938477 26.508472442627 27.0346775054932 24.1827697753906 26.3797168731689 27.7839984893799 29.712947845459 28.7064876556396 22.7692337036133 25.3553981781006 26.2755165100098 24.7832012176514 25.7665214538574 27.725959777832 26.9300441741943 26.2988376617432 26.6926212310791 26.2493705749512 26.1004009246826
19.5954284667969 19.031099319458 18.4791469573975 19.6005992889404 20.7770919799805 21.2847156524658 20.5802249908447 22.0628337860107 21.701961517334 21.0253639221191 22.3540153503418 22.0617866516113 22.4043846130371 25.2850742340088 22.9500923156738 26.3245677947998 26.4713821411133 26.4886627197266 27.1195392608643 25.157018661499 26.0206394195557 26.4616622924805 26.0060768127441 23.667085647583 26.1358070373535 28.3498706817627 27.4284248352051 26.6144371032715 26.8514137268066 27.0330104827881 24.0705432891846 21.9528732299805 22.9250736236572 25.9092216491699 22.0719223022461 21.7822856903076 26.2243461608887 25.7114448547363 26.5300788879395 25.273473739624 27.5275611877441 28.7291412353516 25.0831260681152 25.3823375701904 26.2930164337158 26.909330368042
20.0139713287354 19.1219806671143 19.1937141418457 19.6548271179199 20.4123420715332 20.9048175811768 21.4471893310547 21.5064105987549 20.1424198150635 19.7271003723145 21.696741104126 20.2458610534668 20.7781372070312 21.0967121124268 24.9148769378662 25.8467769622803 23.2122173309326 26.5033569335938 23.9311771392822 27.4108829498291 26.9995803833008 27.2755107879639 26.7212924957275 26.4048328399658 25.5656452178955 26.8046054840088 27.6347827911377 26.6075267791748 26.0403861999512 27.6934432983398 25.8367824554443 23.2523784637451 26.2522144317627 25.2892532348633 19.6789512634277 24.2777462005615 25.5199241638184 26.0520305633545 26.4016456604004 28.0919799804688 26.0143394470215 28.372875213623 26.0927772521973 26.3499355316162 25.798849105835 25.6768341064453
20.0310611724854 19.786693572998 19.5460567474365 19.6364002227783 20.1988124847412 20.9169521331787 20.8763027191162 20.6153182983398 19.9723129272461 21.0151824951172 21.2545642852783 19.9397563934326 20.2695026397705 20.5087108612061 21.9218063354492 22.3558826446533 26.1404056549072 23.3626194000244 26.7413120269775 26.9978828430176 26.7924480438232 27.1650562286377 25.3639907836914 26.8441543579102 26.0845508575439 26.1633434295654 25.9136295318604 27.0372161865234 25.3166599273682 25.294002532959 26.9936599731445 26.6570987701416 23.1111392974854 24.8828792572021 25.508186340332 26.4940433502197 23.5670261383057 26.1057033538818 28.4869823455811 25.7828788757324 26.8058166503906 25.9406929016113 26.3764762878418 28.2097415924072 27.6645851135254 25.3784255981445
19.499324798584 19.4632759094238 19.1056289672852 19.4477005004883 19.8445606231689 19.6626281738281 20.2965450286865 20.7626152038574 21.1748123168945 21.2341747283936 21.2558822631836 21.5208549499512 24.8532810211182 25.6141910552979 25.4949340820312 22.1969757080078 23.0370693206787 26.893856048584 24.2762565612793 26.3903999328613 26.7325572967529 27.3475933074951 27.4467754364014 26.7485618591309 26.9107322692871 25.8342704772949 26.2320194244385 26.1380271911621 25.3552322387695 27.3041439056396 27.6737022399902 28.5105991363525 24.844108581543 25.6704788208008 25.4898643493652 21.2746963500977 24.3420867919922 27.1743030548096 29.0449810028076 23.7160758972168 26.2158222198486 26.4395694732666 25.726490020752 24.4385566711426 25.9929103851318 26.7804164886475
