inst/extdata/Tmax/Tmax97.asc
NCOLS 100 
NROWS 79 
XLLCORNER 148.06 
YLLCORNER -21.49 
CELLSIZE 0.01 
NODATA_value -3.4e+38 
[rows 0 to 19 of 79, columns 46 to 91 of 100]
31.3586120605469 31.1998138427734 31.1190452575684 31.142053604126 31.1465244293213 31.0524215698242 31.2827739715576 31.1328086853027 30.961540222168 30.8066501617432 30.7527370452881 30.5083827972412 30.4344043731689 30.6789569854736 30.9738693237305 30.9275588989258 30.8318214416504 30.6932983398438 30.4320793151855 30.2860374450684 30.2074604034424 -3.4e+38 -3.4e+38 -3.4e+38 -3.4e+38 -3.4e+38 -3.4e+38 -3.4e+38 -3.4e+38 -3.4e+38 -3.4e+38 -3.4e+38 -3.4e+38 -3.4e+38 -3.4e+38 -3.4e+38 -3.4e+38 -3.4e+38 -3.4e+38 -3.4e+38 -3.4e+38 -3.4e+38 -3.4e+38 -3.4e+38 -3.4e+38 -3.4e+38
31.3043880462646 31.0420837402344 30.8359718322754 31.1129055023193 31.2967567443848 31.3231182098389 31.29660987854 31.2152404785156 30.8978748321533 30.4843654632568 30.6482429504395 30.1407508850098 30.669584274292 30.9977703094482 31.0014266967773 30.9434776306152 30.8614387512207 30.7543029785156 30.5876369476318 30.52272605896 30.4610271453857 30.3554286956787 -3.4e+38 -3.4e+38 -3.4e+38 -3.4e+38 -3.4e+38 -3.4e+38 -3.4e+38 -3.4e+38 -3.4e+38 -3.4e+38 -3.4e+38 -3.4e+38 -3.4e+38 -3.4e+38 -3.4e+38 -3.4e+38 -3.4e+38 -3.4e+38 -3.4e+38 -3.4e+38 -3.4e+38 -3.4e+38 -3.4e+38 -3.4e+38
31.1965980529785 30.469799041748 29.6589431762695 31.0527610778809 31.2691535949707 31.3015975952148 31.3004837036133 31.2685222625732 31.0621147155762 30.4969596862793 30.6201610565186 30.7786960601807 30.8774433135986 31.0500793457031 31.039005279541 30.9740924835205 30.9120025634766 30.8394813537598 30.7376079559326 30.5396766662598 30.5391292572021 30.409704208374 30.2191352844238 29.9810066223145 -3.4e+38 -3.4e+38 -3.4e+38 -3.4e+38 -3.4e+38 -3.4e+38 -3.4e+38 -3.4e+38 -3.4e+38 -3.4e+38 -3.4e+38 -3.4e+38 -3.4e+38 -3.4e+38 -3.4e+38 -3.4e+38 -3.4e+38 -3.4e+38 -3.4e+38 -3.4e+38 -3.4e+38 -3.4e+38
30.7397384643555 30.8253746032715 29.7641563415527 30.9040946960449 31.1161308288574 31.1951484680176 31.2778968811035 31.2020626068115 31.0934028625488 30.7841033935547 30.7103462219238 30.4755592346191 30.8446655273438 30.9958381652832 31.0419692993164 30.9770965576172 30.9447765350342 30.9000625610352 30.7826557159424 30.4366416931152 30.2881641387939 30.3345985412598 30.3016490936279 30.249490737915 30.1150207519531 29.7735214233398 -3.4e+38 -3.4e+38 -3.4e+38 -3.4e+38 -3.4e+38 -3.4e+38 -3.4e+38 -3.4e+38 -3.4e+38 -3.4e+38 -3.4e+38 -3.4e+38 -3.4e+38 -3.4e+38 -3.4e+38 -3.4e+38 -3.4e+38 -3.4e+38 -3.4e+38 -3.4e+38
30.706859588623 30.7536354064941 29.5777893066406 29.8301429748535 30.6388664245605 31.1661987304688 31.2718448638916 31.1524314880371 31.144136428833 30.8512382507324 30.5857067108154 30.413969039917 30.0496025085449 30.7091388702393 30.9818496704102 30.9264793395996 30.9825744628906 30.9545955657959 30.7357749938965 30.0068759918213 29.5159378051758 30.2937850952148 30.3961658477783 30.3544864654541 30.1495590209961 29.9242382049561 -3.4e+38 -3.4e+38 -3.4e+38 -3.4e+38 -3.4e+38 -3.4e+38 -3.4e+38 -3.4e+38 -3.4e+38 -3.4e+38 -3.4e+38 -3.4e+38 -3.4e+38 -3.4e+38 -3.4e+38 -3.4e+38 -3.4e+38 -3.4e+38 -3.4e+38 -3.4e+38
29.8421020507812 30.5970802307129 29.0922164916992 28.4881744384766 30.2615280151367 31.2208290100098 31.1768264770508 31.139892578125 31.1053676605225 30.7190284729004 29.8303298950195 29.5154285430908 29.8666000366211 30.8171291351318 30.7418003082275 30.9363136291504 31.0043029785156 30.9556179046631 30.883996963501 30.2574977874756 29.5364513397217 29.6262645721436 30.1636161804199 30.2569999694824 30.2618618011475 30.2081146240234 -3.4e+38 -3.4e+38 -3.4e+38 -3.4e+38 -3.4e+38 -3.4e+38 -3.4e+38 -3.4e+38 -3.4e+38 -3.4e+38 -3.4e+38 -3.4e+38 -3.4e+38 -3.4e+38 -3.4e+38 -3.4e+38 -3.4e+38 -3.4e+38 -3.4e+38 -3.4e+38
28.9296340942383 30.5584907531738 29.9572257995605 29.8958320617676 30.8824081420898 31.1648025512695 31.0128326416016 30.9209041595459 31.0909194946289 30.6265640258789 29.9301738739014 29.9381942749023 30.6198043823242 30.764575958252 29.8609561920166 30.773250579834 30.8542137145996 30.8778648376465 30.9331035614014 30.6691913604736 30.3023166656494 30.0455131530762 30.291332244873 30.0684585571289 30.344409942627 30.3999710083008 30.2994651794434 30.0719108581543 -3.4e+38 -3.4e+38 -3.4e+38 -3.4e+38 -3.4e+38 -3.4e+38 -3.4e+38 -3.4e+38 -3.4e+38 -3.4e+38 -3.4e+38 -3.4e+38 -3.4e+38 -3.4e+38 -3.4e+38 -3.4e+38 -3.4e+38 -3.4e+38
28.0853176116943 30.5590724945068 31.0278186798096 30.857494354248 29.8784713745117 30.15744972229 30.8006496429443 30.968578338623 31.1424903869629 30.9708461761475 30.5998020172119 30.1961364746094 30.2386131286621 30.4736480712891 30.0375633239746 30.762752532959 30.0602779388428 30.0367374420166 30.7632808685303 30.9041996002197 30.7571620941162 30.5183506011963 30.4304618835449 30.4993228912354 30.4884624481201 30.4790534973145 30.3223724365234 30.2104606628418 29.9767189025879 29.5098266601562 29.5087471008301 -3.4e+38 -3.4e+38 -3.4e+38 -3.4e+38 -3.4e+38 -3.4e+38 -3.4e+38 -3.4e+38 -3.4e+38 -3.4e+38 -3.4e+38 -3.4e+38 -3.4e+38 -3.4e+38 -3.4e+38
28.0010089874268 30.066967010498 31.0224323272705 30.9277496337891 30.0921859741211 28.6213531494141 29.99196434021 31.0374145507812 31.1273174285889 31.0289859771729 30.8990917205811 30.6510200500488 30.6855850219727 30.5255813598633 30.0171604156494 29.9713478088379 29.5604705810547 30.3500595092773 30.6714477539062 30.7587871551514 30.7914161682129 30.4495830535889 30.067964553833 29.7575035095215 30.4737911224365 30.5481338500977 30.4498405456543 30.3156433105469 30.2227325439453 29.7139015197754 29.6054000854492 29.7561721801758 -3.4e+38 -3.4e+38 -3.4e+38 -3.4e+38 -3.4e+38 -3.4e+38 -3.4e+38 -3.4e+38 -3.4e+38 -3.4e+38 -3.4e+38 -3.4e+38 -3.4e+38 -3.4e+38
28.9122638702393 30.0581474304199 30.8747425079346 30.8830089569092 30.8733310699463 29.5201110839844 29.8436813354492 30.9238719940186 31.1145343780518 31.0104312896729 30.835205078125 30.5935096740723 30.4830837249756 30.608491897583 29.9556312561035 29.671895980835 29.6049995422363 30.7541580200195 30.6139221191406 30.3255500793457 30.7386417388916 30.7141170501709 30.5288715362549 30.196475982666 30.6207065582275 30.5852737426758 30.4499397277832 30.5187797546387 30.394214630127 30.1457061767578 29.7488479614258 29.7736206054688 -3.4e+38 -3.4e+38 -3.4e+38 -3.4e+38 -3.4e+38 -3.4e+38 -3.4e+38 -3.4e+38 -3.4e+38 -3.4e+38 -3.4e+38 -3.4e+38 -3.4e+38 -3.4e+38
27.9576396942139 29.8810729980469 30.2868595123291 30.0889587402344 30.4604606628418 30.750036239624 30.4785041809082 30.9339199066162 31.0514488220215 30.9649467468262 30.8174610137939 30.6527976989746 30.465690612793 30.8447189331055 30.7025279998779 30.6279373168945 30.7071151733398 30.937427520752 30.9517631530762 30.4212303161621 29.9746417999268 30.6622619628906 30.8615531921387 30.3661327362061 30.398250579834 30.2708587646484 30.2600440979004 30.6058502197266 30.4905738830566 30.2557716369629 -3.4e+38 -3.4e+38 -3.4e+38 -3.4e+38 -3.4e+38 -3.4e+38 -3.4e+38 -3.4e+38 -3.4e+38 -3.4e+38 -3.4e+38 -3.4e+38 -3.4e+38 -3.4e+38 -3.4e+38 -3.4e+38
27.2527866363525 28.2917194366455 28.6561584472656 28.405933380127 29.4986190795898 30.2062721252441 30.608304977417 30.9135265350342 30.9297466278076 30.8607730865479 30.7005863189697 30.5311584472656 30.3989925384521 31.0524291992188 31.0604934692383 30.9378700256348 30.9663715362549 31.0781116485596 31.1386337280273 31.0556030273438 30.6883296966553 30.493013381958 30.8966884613037 30.7197322845459 30.4931888580322 30.6450424194336 30.7019920349121 30.4679222106934 30.3899917602539 30.2734375 -3.4e+38 -3.4e+38 -3.4e+38 -3.4e+38 -3.4e+38 -3.4e+38 -3.4e+38 -3.4e+38 -3.4e+38 -3.4e+38 -3.4e+38 -3.4e+38 -3.4e+38 -3.4e+38 -3.4e+38 -3.4e+38
27.2360324859619 26.2342090606689 25.6162433624268 25.7794666290283 28.0562305450439 28.6595363616943 29.9785308837891 30.3694896697998 30.7173633575439 30.621639251709 30.4261474609375 30.7865943908691 30.8093814849854 30.7228126525879 31.1945686340332 31.1952342987061 31.1495189666748 31.1781101226807 31.210054397583 31.2102375030518 31.1814250946045 31.1174354553223 30.9874382019043 30.9525547027588 30.6655006408691 30.7764434814453 30.7819080352783 30.5315856933594 30.2900619506836 30.2193832397461 30.1374397277832 29.877477645874 -3.4e+38 -3.4e+38 -3.4e+38 -3.4e+38 -3.4e+38 -3.4e+38 -3.4e+38 -3.4e+38 -3.4e+38 -3.4e+38 -3.4e+38 -3.4e+38 -3.4e+38 -3.4e+38
27.2306499481201 26.4307727813721 25.5228652954102 24.9927005767822 25.6380977630615 26.540807723999 28.5951499938965 29.8954067230225 30.676851272583 30.5180778503418 30.0305423736572 30.6785640716553 31.0364818572998 31.104305267334 31.1448268890381 31.1918697357178 31.2388019561768 31.24684715271 31.2441024780273 31.232536315918 31.2211933135986 31.1751174926758 31.1187114715576 31.0543270111084 30.8310737609863 30.8926658630371 30.819917678833 30.6327323913574 30.4068508148193 30.3657169342041 30.3373584747314 30.2241458892822 29.972074508667 -3.4e+38 -3.4e+38 -3.4e+38 -3.4e+38 29.5404262542725 29.573127746582 -3.4e+38 -3.4e+38 -3.4e+38 -3.4e+38 -3.4e+38 -3.4e+38 -3.4e+38
27.8413829803467 26.5135879516602 25.618106842041 25.2510662078857 25.8435211181641 25.6164512634277 26.8989486694336 28.7662906646729 30.1848316192627 30.6029968261719 29.4973964691162 30.3979396820068 30.8769073486328 30.425479888916 30.5354824066162 30.9867877960205 31.1135902404785 31.2069244384766 31.179443359375 31.0716209411621 31.1333503723145 31.0997180938721 31.1247406005859 31.0947742462158 31.0378875732422 30.9193115234375 30.8340244293213 30.7129516601562 30.6004505157471 30.5351963043213 30.5165138244629 30.4016952514648 30.0693187713623 -3.4e+38 -3.4e+38 -3.4e+38 -3.4e+38 29.6569499969482 29.6066703796387 29.7618427276611 29.7522659301758 29.5768203735352 -3.4e+38 -3.4e+38 -3.4e+38 -3.4e+38
27.7877082824707 26.4756126403809 25.6498718261719 26.1405754089355 25.9417819976807 26.3930816650391 26.1571102142334 27.6908664703369 29.9795627593994 30.7545642852783 29.7140293121338 29.6953258514404 30.5593872070312 28.6588935852051 29.730489730835 30.1528186798096 30.7461376190186 31.1660575866699 31.1688327789307 31.097053527832 31.1144466400146 31.1104431152344 31.1401863098145 31.1077556610107 31.0576038360596 30.8300724029541 30.8244972229004 30.777307510376 30.7416076660156 30.7124404907227 30.6405963897705 30.5177898406982 30.3599014282227 -3.4e+38 -3.4e+38 30.1694507598877 29.9817600250244 29.7530975341797 29.6277503967285 29.4183197021484 29.555248260498 29.7546463012695 -3.4e+38 -3.4e+38 -3.4e+38 -3.4e+38
26.3277950286865 25.0855178833008 25.045560836792 26.3930702209473 26.7800025939941 26.7135200500488 26.2979164123535 26.7055015563965 29.2024517059326 30.5527782440186 30.5962047576904 29.7607135772705 30.3180923461914 28.9201736450195 28.9533061981201 29.0483264923096 30.4297428131104 31.1457672119141 31.1795082092285 31.2161884307861 31.2387390136719 31.1967468261719 31.1650009155273 30.9392623901367 30.9616451263428 30.8681507110596 30.8685646057129 30.878438949585 30.8624439239502 30.8017826080322 30.7288188934326 30.6397724151611 30.5505256652832 -3.4e+38 30.4153079986572 30.3989486694336 30.3309917449951 -3.4e+38 29.7796649932861 -3.4e+38 29.5060424804688 -3.4e+38 -3.4e+38 -3.4e+38 -3.4e+38 -3.4e+38
26.2733421325684 24.8906879425049 24.2889137268066 26.7992477416992 27.0471019744873 26.3909187316895 26.0084686279297 26.169506072998 27.8437061309814 30.2486114501953 30.3917064666748 29.9736328125 30.1159839630127 30.2525653839111 29.5887241363525 30.7563533782959 31.0120544433594 31.1377620697021 31.1952285766602 31.2017288208008 31.2182941436768 31.1973896026611 31.1783580780029 31.1038475036621 31.1071033477783 31.0564594268799 31.0251350402832 30.9925765991211 30.9067287445068 30.8963356018066 30.8431148529053 30.7831554412842 30.7230281829834 30.6532039642334 30.6111392974854 30.6107559204102 30.4719085693359 -3.4e+38 -3.4e+38 -3.4e+38 -3.4e+38 -3.4e+38 -3.4e+38 29.7733497619629 -3.4e+38 -3.4e+38
28.1314067840576 27.8214950561523 25.5747222900391 27.2120304107666 25.6704120635986 25.6991310119629 26.1902503967285 26.5332984924316 28.7279605865479 30.1947555541992 29.9166736602783 29.3073501586914 30.2243347167969 30.6670207977295 30.7930393218994 30.8797836303711 31.0223217010498 30.7129135131836 30.8917198181152 31.0793704986572 31.0766544342041 31.1293678283691 31.1563377380371 31.1428642272949 31.1299057006836 31.1026611328125 31.0825023651123 30.9634876251221 30.6442241668701 30.7927532196045 30.9058017730713 30.8951644897461 30.8542041778564 30.7758293151855 30.7399082183838 30.6846103668213 30.5595207214355 30.4488525390625 30.345630645752 30.2861232757568 30.2841854095459 30.1876049041748 29.9499073028564 29.7685298919678 -3.4e+38 -3.4e+38
28.2052536010742 27.3434658050537 28.0542945861816 27.8816509246826 26.4148292541504 26.4770240783691 26.0906620025635 26.3386764526367 28.4971008300781 29.8830890655518 30.3370323181152 30.1192016601562 30.4932117462158 30.8119373321533 30.7009677886963 30.5823078155518 30.7997360229492 30.5418586730957 30.394681930542 30.5953922271729 30.9531440734863 31.0372867584229 31.0763473510742 31.1293754577637 31.1476650238037 31.1370716094971 31.1027526855469 30.9210567474365 30.6645393371582 30.8832511901855 30.8740692138672 30.9769287109375 30.8742027282715 30.8249702453613 30.7909069061279 30.682767868042 30.6106109619141 30.5715732574463 30.5408706665039 30.5120391845703 30.4867210388184 30.3711891174316 30.0454006195068 29.6950740814209 29.7474365234375 -3.4e+38
