inst/extdata/Tmax/Tmax20.asc
NCOLS 100 
NROWS 79 
XLLCORNER 148.06 
YLLCORNER -21.49 
CELLSIZE 0.01 
NODATA_value -3.4e+38 
[rows 0 to 19 of 79, columns 46 to 91 of 100]
25.5859241485596 24.2978744506836 24.492036819458 24.7315158843994 25.2957897186279 25.2526473999023 25.4618453979492 25.5021305084229 24.5214862823486 22.5497570037842 24.2661228179932 23.6710014343262 24.46116065979 25.1120548248291 25.2325706481934 25.4366474151611 25.6592063903809 26.1165866851807 24.7434997558594 25.3521957397461 25.5836353302002 -3.4e+38 -3.4e+38 -3.4e+38 -3.4e+38 -3.4e+38 -3.4e+38 -3.4e+38 -3.4e+38 -3.4e+38 -3.4e+38 -3.4e+38 -3.4e+38 -3.4e+38 -3.4e+38 -3.4e+38 -3.4e+38 -3.4e+38 -3.4e+38 -3.4e+38 -3.4e+38 -3.4e+38 -3.4e+38 -3.4e+38 -3.4e+38 -3.4e+38
25.9360179901123 25.449893951416 24.1238212585449 24.3924179077148 24.5603199005127 24.5443706512451 24.9228763580322 25.3361377716064 24.071813583374 23.0954532623291 25.1495723724365 24.8455371856689 26.6307811737061 26.247200012207 25.0898208618164 24.1119079589844 25.290376663208 27.1825714111328 26.1435146331787 24.9494800567627 25.6848735809326 27.7894535064697 -3.4e+38 -3.4e+38 -3.4e+38 -3.4e+38 -3.4e+38 -3.4e+38 -3.4e+38 -3.4e+38 -3.4e+38 -3.4e+38 -3.4e+38 -3.4e+38 -3.4e+38 -3.4e+38 -3.4e+38 -3.4e+38 -3.4e+38 -3.4e+38 -3.4e+38 -3.4e+38 -3.4e+38 -3.4e+38 -3.4e+38 -3.4e+38
27.7145671844482 24.7106952667236 22.7085494995117 23.0530548095703 22.8882656097412 24.4485702514648 23.644193649292 23.584264755249 22.7710800170898 22.5882530212402 24.4420700073242 25.8989810943604 27.2844047546387 26.7612705230713 24.2512969970703 23.5532970428467 25.1396102905273 24.813289642334 24.7257423400879 24.99587059021 24.6909275054932 24.9715194702148 24.8705463409424 25.4328212738037 -3.4e+38 -3.4e+38 -3.4e+38 -3.4e+38 -3.4e+38 -3.4e+38 -3.4e+38 -3.4e+38 -3.4e+38 -3.4e+38 -3.4e+38 -3.4e+38 -3.4e+38 -3.4e+38 -3.4e+38 -3.4e+38 -3.4e+38 -3.4e+38 -3.4e+38 -3.4e+38 -3.4e+38 -3.4e+38
23.8185653686523 23.3338165283203 20.5195808410645 21.4417095184326 23.0674057006836 22.8956775665283 23.3645648956299 23.5540523529053 23.2728233337402 22.8939018249512 24.2052326202393 23.8628005981445 26.610954284668 27.1854305267334 24.6432971954346 24.0916728973389 25.96164894104 26.6556797027588 26.117525100708 25.4397258758545 24.0604858398438 25.0261669158936 24.7917957305908 25.6687202453613 26.2080879211426 26.2469539642334 -3.4e+38 -3.4e+38 -3.4e+38 -3.4e+38 -3.4e+38 -3.4e+38 -3.4e+38 -3.4e+38 -3.4e+38 -3.4e+38 -3.4e+38 -3.4e+38 -3.4e+38 -3.4e+38 -3.4e+38 -3.4e+38 -3.4e+38 -3.4e+38 -3.4e+38 -3.4e+38
24.7681255340576 22.943286895752 20.3234844207764 20.0317420959473 21.4959621429443 23.7399291992188 24.4224376678467 24.804594039917 22.892053604126 21.9452800750732 22.67746925354 21.1020946502686 22.6741485595703 26.6907634735107 23.8375110626221 24.1976451873779 26.0759105682373 25.8975391387939 26.6018047332764 26.6259536743164 20.2611103057861 25.0045433044434 25.3117389678955 24.8376617431641 25.692813873291 26.2112731933594 -3.4e+38 -3.4e+38 -3.4e+38 -3.4e+38 -3.4e+38 -3.4e+38 -3.4e+38 -3.4e+38 -3.4e+38 -3.4e+38 -3.4e+38 -3.4e+38 -3.4e+38 -3.4e+38 -3.4e+38 -3.4e+38 -3.4e+38 -3.4e+38 -3.4e+38 -3.4e+38
20.5682830810547 21.3315677642822 19.5052700042725 18.8601856231689 21.515344619751 23.6006412506104 23.0258731842041 23.4826183319092 22.3362770080566 22.7166309356689 20.5344734191895 20.2743663787842 24.3248920440674 25.0259170532227 22.9089393615723 24.2348384857178 25.5160236358643 26.6696090698242 25.7116851806641 25.5850200653076 20.3200702667236 22.400203704834 25.9770832061768 24.9803123474121 25.4546985626221 25.4358921051025 -3.4e+38 -3.4e+38 -3.4e+38 -3.4e+38 -3.4e+38 -3.4e+38 -3.4e+38 -3.4e+38 -3.4e+38 -3.4e+38 -3.4e+38 -3.4e+38 -3.4e+38 -3.4e+38 -3.4e+38 -3.4e+38 -3.4e+38 -3.4e+38 -3.4e+38 -3.4e+38
19.4050827026367 20.1278171539307 20.5287094116211 20.1013774871826 24.013053894043 23.634485244751 23.6645469665527 22.554048538208 23.3786334991455 22.3683986663818 21.5791721343994 21.9150791168213 22.9640140533447 26.6242733001709 26.6708869934082 27.6317291259766 24.1647052764893 24.5115184783936 24.5473442077637 25.0854263305664 26.9504451751709 24.769006729126 25.5601902008057 25.1522254943848 24.5599365234375 23.8963165283203 23.8787078857422 24.5038471221924 -3.4e+38 -3.4e+38 -3.4e+38 -3.4e+38 -3.4e+38 -3.4e+38 -3.4e+38 -3.4e+38 -3.4e+38 -3.4e+38 -3.4e+38 -3.4e+38 -3.4e+38 -3.4e+38 -3.4e+38 -3.4e+38 -3.4e+38 -3.4e+38
18.3909568786621 20.8387145996094 25.9906826019287 20.5154800415039 19.5343284606934 21.3200988769531 23.082971572876 22.1743392944336 22.4995422363281 23.3920764923096 21.8777446746826 21.4871425628662 22.5423946380615 23.970308303833 22.3442611694336 25.1183223724365 22.2211494445801 22.0448951721191 23.2820129394531 24.6604042053223 24.9537754058838 23.6727142333984 24.2467365264893 24.8900394439697 23.9048767089844 23.1816692352295 22.9728679656982 23.6865348815918 25.1121482849121 23.716724395752 24.9880218505859 -3.4e+38 -3.4e+38 -3.4e+38 -3.4e+38 -3.4e+38 -3.4e+38 -3.4e+38 -3.4e+38 -3.4e+38 -3.4e+38 -3.4e+38 -3.4e+38 -3.4e+38 -3.4e+38 -3.4e+38
18.3529243469238 20.2214508056641 20.883415222168 24.8223686218262 20.4891338348389 18.9576473236084 20.9889526367188 21.2296409606934 23.5062808990479 23.8092613220215 24.0426788330078 22.4084281921387 22.0390567779541 22.6878070831299 20.6556854248047 20.5422687530518 19.8784141540527 24.06028175354 22.5926914215088 23.9846534729004 26.0615768432617 26.017578125 23.6040897369385 21.6950740814209 22.7015209197998 23.34690284729 24.0235595703125 25.2131824493408 24.9000072479248 23.765230178833 23.2938690185547 25.7165451049805 -3.4e+38 -3.4e+38 -3.4e+38 -3.4e+38 -3.4e+38 -3.4e+38 -3.4e+38 -3.4e+38 -3.4e+38 -3.4e+38 -3.4e+38 -3.4e+38 -3.4e+38 -3.4e+38
19.5461959838867 20.1955108642578 20.6985530853271 21.4868106842041 23.0599727630615 20.1440391540527 19.8080711364746 21.3881092071533 22.9081649780273 23.2080574035645 23.1594200134277 22.945743560791 21.9206047058105 22.0120716094971 20.5157432556152 20.1943645477295 19.8354949951172 24.696252822876 24.5003337860107 22.7847156524658 23.8723011016846 25.697624206543 26.479040145874 25.5163536071777 25.4691009521484 23.1688365936279 23.7858638763428 26.3328819274902 24.3567447662354 23.7227344512939 26.840503692627 27.3261108398438 -3.4e+38 -3.4e+38 -3.4e+38 -3.4e+38 -3.4e+38 -3.4e+38 -3.4e+38 -3.4e+38 -3.4e+38 -3.4e+38 -3.4e+38 -3.4e+38 -3.4e+38 -3.4e+38
18.6218357086182 20.5822505950928 20.455638885498 20.4814414978027 21.9482307434082 24.787425994873 21.9755706787109 22.7693901062012 22.5645122528076 22.8037090301514 23.6159591674805 23.1299915313721 22.7017288208008 23.2497806549072 22.6755065917969 22.7769050598145 23.8946723937988 24.1472129821777 25.3697490692139 25.220006942749 22.8933162689209 25.965726852417 23.6144199371338 22.5594844818115 24.3382110595703 24.0719661712646 25.0919322967529 25.0078086853027 27.0277080535889 27.6949615478516 -3.4e+38 -3.4e+38 -3.4e+38 -3.4e+38 -3.4e+38 -3.4e+38 -3.4e+38 -3.4e+38 -3.4e+38 -3.4e+38 -3.4e+38 -3.4e+38 -3.4e+38 -3.4e+38 -3.4e+38 -3.4e+38
18.1613807678223 19.1337966918945 19.2370834350586 18.4712009429932 19.2157344818115 20.2009258270264 26.7992267608643 23.507266998291 23.2197360992432 22.9313049316406 23.1546154022217 23.5956077575684 22.7585544586182 23.2345390319824 22.9633960723877 24.8387451171875 24.802267074585 24.7330131530762 27.797779083252 25.5979022979736 23.8674869537354 23.9394264221191 23.9796562194824 23.4228973388672 27.4460220336914 23.2668838500977 24.6281833648682 24.4446144104004 25.2644863128662 24.1299381256104 -3.4e+38 -3.4e+38 -3.4e+38 -3.4e+38 -3.4e+38 -3.4e+38 -3.4e+38 -3.4e+38 -3.4e+38 -3.4e+38 -3.4e+38 -3.4e+38 -3.4e+38 -3.4e+38 -3.4e+38 -3.4e+38
17.8873023986816 16.7465419769287 16.4857978820801 16.4179039001465 18.4792022705078 19.1919059753418 20.585599899292 20.8957252502441 22.6854610443115 23.2077789306641 21.8138332366943 22.0769290924072 21.9691982269287 22.5229797363281 22.8472061157227 22.8729496002197 23.1221981048584 24.8635177612305 27.2216014862061 26.9245433807373 24.7087001800537 24.9555377960205 24.8663578033447 26.6512775421143 25.0464363098145 24.2931785583496 25.1693096160889 24.4958782196045 22.9379901885986 21.1208648681641 24.2613925933838 25.7059516906738 -3.4e+38 -3.4e+38 -3.4e+38 -3.4e+38 -3.4e+38 -3.4e+38 -3.4e+38 -3.4e+38 -3.4e+38 -3.4e+38 -3.4e+38 -3.4e+38 -3.4e+38 -3.4e+38
17.8843021392822 17.0603446960449 16.6173877716064 16.2658424377441 16.7816753387451 17.2858295440674 18.9500064849854 19.8740196228027 22.2343559265137 23.3856945037842 22.5524101257324 22.3919677734375 22.8591213226318 23.3120422363281 23.645923614502 24.9142837524414 23.09983253479 25.0839691162109 26.1821098327637 25.0823192596436 25.0860118865967 27.4942016601562 25.2109565734863 24.71755027771 26.1276092529297 24.3935222625732 23.4118633270264 23.2477607727051 22.3850288391113 23.6809463500977 25.6756782531738 25.4633769989014 24.4583988189697 -3.4e+38 -3.4e+38 -3.4e+38 -3.4e+38 20.8439083099365 27.0564785003662 -3.4e+38 -3.4e+38 -3.4e+38 -3.4e+38 -3.4e+38 -3.4e+38 -3.4e+38
18.2659225463867 17.6752586364746 16.6600742340088 16.3130722045898 16.893424987793 16.6726055145264 17.7810840606689 19.203821182251 20.1824264526367 21.1485004425049 19.6603336334229 22.9239711761475 22.1489486694336 22.9289703369141 24.2020454406738 23.1837825775146 23.9782009124756 27.439079284668 23.9986114501953 25.8382225036621 25.0084114074707 26.958438873291 25.6587677001953 24.9591770172119 24.9338550567627 25.0600070953369 24.9745559692383 23.646936416626 23.2337913513184 26.0816860198975 26.0680561065674 25.2781620025635 24.749813079834 -3.4e+38 -3.4e+38 -3.4e+38 -3.4e+38 21.9820461273193 25.8269348144531 27.3090991973877 26.9524421691895 26.8634796142578 -3.4e+38 -3.4e+38 -3.4e+38 -3.4e+38
18.1787853240967 17.0369453430176 16.617259979248 16.6539707183838 16.2677383422852 17.2796211242676 17.1607913970947 18.3609523773193 22.0437927246094 23.5258083343506 21.6170063018799 19.9056282043457 23.5382804870605 19.4480323791504 19.3048000335693 20.0931625366211 25.2381248474121 23.4522495269775 23.0257015228271 24.2239971160889 24.415584564209 25.1982727050781 25.0319881439209 24.3408756256104 24.319860458374 24.4851608276367 25.6358242034912 24.6659545898438 23.8634090423584 23.8664989471436 24.6824340820312 21.2616176605225 27.569055557251 -3.4e+38 -3.4e+38 24.9785194396973 26.7559833526611 26.0300426483154 24.8243141174316 25.9405212402344 25.8775844573975 27.302490234375 -3.4e+38 -3.4e+38 -3.4e+38 -3.4e+38
16.830545425415 15.6470708847046 15.7576208114624 16.9711132049561 17.4262733459473 17.1838550567627 16.7899055480957 17.5774059295654 24.3320922851562 22.6000347137451 26.8080368041992 19.6782474517822 20.5202522277832 21.6101188659668 19.4872951507568 19.702320098877 20.1630115509033 21.9377460479736 23.7193279266357 23.1439895629883 25.9993591308594 23.3466663360596 24.0679397583008 24.4189376831055 23.8907051086426 25.0127086639404 24.9819297790527 25.328010559082 25.6655235290527 24.3678169250488 24.6434917449951 21.270040512085 23.3537521362305 -3.4e+38 27.3165435791016 22.7715969085693 24.7592582702637 -3.4e+38 27.321268081665 -3.4e+38 27.0803203582764 -3.4e+38 -3.4e+38 -3.4e+38 -3.4e+38 -3.4e+38
17.463809967041 15.8141260147095 15.1673488616943 17.746244430542 17.8283309936523 17.0110549926758 16.6609325408936 16.7432384490967 18.3595771789551 20.4035587310791 20.7726707458496 24.7013492584229 26.3720226287842 21.7169361114502 21.2923183441162 22.4374122619629 22.8345985412598 23.1075878143311 22.6561756134033 22.5906257629395 24.161096572876 24.2201080322266 25.7876567840576 25.8411197662354 24.1419486999512 23.9357051849365 24.9040241241455 23.8883895874023 24.1995735168457 24.0799236297607 21.7844429016113 23.0880680084229 27.0786800384521 24.1206359863281 23.1868152618408 25.8785171508789 25.5519485473633 -3.4e+38 -3.4e+38 -3.4e+38 -3.4e+38 -3.4e+38 -3.4e+38 26.9935626983643 -3.4e+38 -3.4e+38
18.1586990356445 17.9459018707275 15.660285949707 17.2677783966064 16.0310802459717 16.2922172546387 17.3270606994629 17.4358711242676 18.966194152832 21.5387077331543 20.6525802612305 20.8990821838379 23.3967418670654 27.3024215698242 22.7570018768311 23.0426845550537 22.820650100708 22.1054077148438 21.6029891967773 21.5258712768555 26.9381103515625 24.5605545043945 26.6096057891846 24.795970916748 25.0016231536865 23.5149898529053 23.9829044342041 22.9234409332275 23.6067714691162 23.6624641418457 22.0534572601318 22.3387660980225 25.4158630371094 25.5668067932129 25.0906105041504 25.4852180480957 25.1519241333008 26.8358898162842 25.4433097839355 22.467170715332 24.8785953521729 24.6194515228271 25.7701358795166 24.9434700012207 -3.4e+38 -3.4e+38
18.702241897583 17.9597511291504 18.2715606689453 18.4573841094971 17.1525955200195 16.6035652160645 16.4148635864258 16.7786502838135 18.8214378356934 26.3513126373291 20.9112987518311 26.7667713165283 25.5735645294189 22.729736328125 22.9386940002441 20.576976776123 20.6725234985352 23.2000999450684 21.7640628814697 22.0443668365479 24.1558933258057 25.6724796295166 27.6745300292969 25.4025821685791 27.0389175415039 23.8624401092529 26.5744667053223 25.0038528442383 24.2141189575195 23.9198627471924 23.1640129089355 24.3111190795898 25.8878288269043 26.498291015625 26.7093124389648 23.9776248931885 23.7278003692627 25.1621837615967 26.285623550415 27.0689239501953 26.6629734039307 26.7563400268555 25.1258277893066 25.020679473877 21.4059886932373 -3.4e+38
