inst/extdata/Tmax/Tmax131.asc
NCOLS 100 
NROWS 79 
XLLCORNER 148.06 
YLLCORNER -21.49 
CELLSIZE 0.01 
NODATA_value -3.4e+38 
[rows 40 to 59 of 79, columns 46 to 91 of 100]
32.5964050292969 33.3467292785645 33.6611328125 34.4067497253418 35.8556022644043 36.7371597290039 36.322639465332 34.6215209960938 34.2940979003906 34.9090042114258 35.3738479614258 36.9633598327637 36.6218643188477 36.8279914855957 36.0752868652344 37.0048408508301 37.1865539550781 36.9304122924805 37.0314025878906 37.1325988769531 37.146053314209 36.3074111938477 36.6740760803223 36.976993560791 37.068531036377 37.1250495910645 37.0430641174316 36.703800201416 36.882984161377 37.0713882446289 37.0379676818848 36.9094619750977 36.6233825683594 35.4873428344727 35.747314453125 36.3749694824219 36.2996139526367 36.2219390869141 36.449893951416 35.9523544311523 35.2829666137695 35.728401184082 36.0257949829102 35.8447914123535 36.0939483642578 36.1316184997559
33.64208984375 34.599796295166 34.5288848876953 34.4935455322266 35.8992958068848 37.0096244812012 35.9941215515137 35.6433448791504 36.1841316223145 36.265625 36.5961074829102 37.2414093017578 37.143138885498 37.1653785705566 37.0378684997559 37.3257102966309 37.369800567627 37.3165321350098 37.2844467163086 37.311149597168 37.2944564819336 36.8328895568848 36.2073783874512 36.5389785766602 36.4756011962891 36.9235916137695 37.2090225219727 36.7892379760742 36.7863578796387 37.1469688415527 37.1762886047363 37.1106262207031 36.9664993286133 36.4223670959473 36.6490173339844 36.6868324279785 36.5007400512695 36.5014457702637 36.6012496948242 36.7199935913086 35.8441696166992 36.0571632385254 36.6203231811523 36.4465026855469 36.5719795227051 36.5130081176758
35.7105827331543 35.873104095459 36.0387001037598 36.4726676940918 36.7753295898438 37.2104454040527 36.8326721191406 36.3553924560547 36.8271408081055 37.1987953186035 37.1225738525391 37.416446685791 37.4542083740234 37.388500213623 37.3699150085449 37.448802947998 37.4657020568848 37.4508285522461 37.4283599853516 37.4248580932617 37.3434448242188 36.5138816833496 36.3411331176758 36.7972526550293 36.3372573852539 36.7434425354004 37.1477355957031 37.0657348632812 37.0205574035645 37.2539215087891 37.271125793457 37.2716178894043 37.24072265625 37.1427955627441 37.0579490661621 36.7599639892578 35.9364280700684 36.4817543029785 36.9685668945312 36.9664344787598 36.8461418151855 36.7956924438477 36.904109954834 36.9365425109863 36.9733505249023 36.9169807434082
36.8315353393555 36.8530426025391 36.9747695922852 37.1101531982422 37.3277435302734 37.3959159851074 37.3248863220215 37.1179542541504 37.2793884277344 37.4831695556641 37.482780456543 37.5338935852051 37.5200843811035 37.4920272827148 37.5157127380371 37.4911880493164 37.438045501709 37.4217910766602 37.4560241699219 37.4876976013184 37.4459495544434 37.2391891479492 37.0179290771484 37.1793212890625 37.0636940002441 36.6652641296387 36.9291572570801 37.1767539978027 37.319149017334 37.3429718017578 37.3353996276855 37.3328247070312 37.3100318908691 37.275936126709 37.2730522155762 37.1380577087402 36.7088928222656 36.9921188354492 37.1557807922363 37.142463684082 37.1066436767578 37.1050300598145 37.0924873352051 37.1069183349609 37.1113052368164 37.0806312561035
36.6832580566406 36.9297332763672 37.1706924438477 37.1814575195312 37.2356338500977 37.3429145812988 37.3942184448242 37.4615020751953 37.4914360046387 37.4445991516113 37.2546653747559 37.3580780029297 37.2938652038574 37.0631294250488 37.2325553894043 37.3529853820801 37.2556533813477 37.3601570129395 37.4484367370605 37.495231628418 37.5045166015625 37.3932113647461 37.116024017334 36.8891258239746 37.0952758789062 37.2492828369141 37.2963104248047 37.3381500244141 37.3481674194336 37.3801956176758 37.359447479248 37.353141784668 37.3167114257812 37.2824058532715 37.3088111877441 37.2518463134766 37.2340660095215 37.2303733825684 37.1795501708984 37.1802558898926 37.1524543762207 37.140251159668 37.1423072814941 37.1293449401855 37.0435485839844 37.0594940185547
35.0664215087891 35.7803497314453 36.1678810119629 36.3673553466797 36.7065963745117 37.0056762695312 36.9596214294434 37.1454048156738 37.1472396850586 37.0032196044922 36.3045692443848 36.3220443725586 36.3971405029297 35.0470809936523 35.9200401306152 36.6175918579102 37.118480682373 37.4228172302246 37.5059776306152 37.5293006896973 37.5315933227539 37.3771629333496 36.988712310791 36.6609191894531 36.9084701538086 37.1443939208984 37.2642860412598 37.2552719116211 37.3161735534668 37.3821563720703 37.378002166748 37.3772621154785 37.3603019714355 37.3526725769043 37.3236465454102 37.2310180664062 37.2214889526367 37.214542388916 37.1881141662598 37.1803436279297 37.1469917297363 37.1381187438965 37.1277770996094 37.0804786682129 37.072826385498 37.0849761962891
33.053825378418 34.0571212768555 33.9695014953613 33.9440040588379 35.1619110107422 35.6424789428711 35.7556076049805 35.9983749389648 36.4170684814453 35.8549880981445 35.238597869873 34.7143859863281 35.3245010375977 35.2107849121094 35.6204109191895 36.671989440918 37.2964820861816 37.4700622558594 37.5017204284668 37.4851608276367 37.5229568481445 37.5393829345703 37.1637954711914 36.8524055480957 36.7543525695801 36.9980850219727 37.1894721984863 37.2939186096191 37.3870811462402 37.4047889709473 37.4147453308105 37.4227714538574 37.414608001709 37.3869018554688 37.314208984375 37.2538223266602 37.2488288879395 37.2442970275879 37.2303619384766 37.2161331176758 37.1816177368164 37.1762619018555 37.1716651916504 37.1402435302734 37.1315002441406 37.0231132507324
33.1594009399414 33.0908203125 32.9204444885254 32.9712257385254 32.9105415344238 33.516242980957 34.671215057373 35.2783126831055 35.4473876953125 35.3345146179199 35.8177146911621 35.6670112609863 35.5231018066406 36.0565338134766 36.3272361755371 37.1188735961914 37.352123260498 37.3783493041992 37.322925567627 37.4339637756348 37.5361671447754 37.584774017334 37.4582977294922 37.182689666748 36.8094482421875 37.0494041442871 37.2263526916504 37.3743209838867 37.4384994506836 37.4719543457031 37.4730033874512 37.457576751709 37.3988189697266 37.3313522338867 37.2755241394043 37.2461090087891 37.2566947937012 37.269588470459 37.2600440979004 37.2462387084961 37.2239875793457 37.2242889404297 37.2162170410156 37.1947174072266 37.013500213623 36.8103141784668
32.845588684082 32.9187355041504 33.0936889648438 32.8478469848633 32.759693145752 32.8243141174316 33.5255241394043 35.051139831543 35.547046661377 35.7119255065918 35.5565528869629 35.729808807373 35.999439239502 36.267204284668 36.322582244873 36.8031768798828 37.148609161377 37.1492958068848 37.1443786621094 37.4173469543457 37.5082855224609 37.5273742675781 37.6050415039062 37.5320281982422 37.4300765991211 37.3957557678223 37.4751091003418 37.5361442565918 37.5426025390625 37.5446701049805 37.5113220214844 37.452091217041 37.3764343261719 37.2591361999512 37.2221336364746 37.2667846679688 37.2753028869629 37.2912750244141 37.3056831359863 37.2919235229492 37.2835922241211 37.2810440063477 37.2656898498535 37.2513618469238 37.1119270324707 36.9844818115234
32.9142227172852 33.0491218566895 33.0594825744629 32.7761917114258 33.173511505127 33.87744140625 33.9837226867676 35.1464309692383 35.5879249572754 35.777961730957 35.601245880127 36.0394668579102 36.2962074279785 36.3022651672363 36.3870506286621 36.2901153564453 36.3809547424316 36.594539642334 36.9337768554688 37.2553596496582 37.3390655517578 37.3571929931641 37.5759963989258 37.620491027832 37.6366271972656 37.6119232177734 37.5893478393555 37.4375801086426 37.493766784668 37.5547828674316 37.5113716125488 37.4101028442383 37.3710556030273 37.1963424682617 37.1374893188477 37.2929725646973 37.2941970825195 37.2790679931641 37.3325996398926 37.3385581970215 37.314037322998 37.3181076049805 37.3041381835938 37.2807159423828 37.217399597168 37.1470642089844
32.9504928588867 32.8404769897461 33.013916015625 32.7629280090332 33.2935905456543 34.2647514343262 34.5976943969727 35.1431655883789 35.796703338623 36.2105026245117 36.2230224609375 36.3363456726074 36.4053344726562 36.435375213623 36.42724609375 36.3742523193359 36.4372444152832 36.1941032409668 35.8769950866699 36.920166015625 36.8121948242188 37.2135696411133 37.5154571533203 37.5716171264648 37.6186828613281 37.5989265441895 37.5343780517578 37.3375129699707 37.4714698791504 37.5641021728516 37.4074401855469 37.2587356567383 37.2731781005859 37.255443572998 37.2847595214844 37.351505279541 37.3583526611328 37.3456115722656 37.3442535400391 37.3753051757812 37.3656120300293 37.3513488769531 37.3316650390625 37.3040351867676 37.2697448730469 37.1823387145996
32.5887222290039 32.5565071105957 32.8708267211914 32.3273582458496 32.4461517333984 34.1674194335938 34.8919296264648 35.4822807312012 35.7982902526855 36.0614585876465 36.1141624450684 36.1220588684082 35.943042755127 35.9467086791992 36.1952819824219 36.3116874694824 36.621395111084 36.5570640563965 36.3909187316895 36.4326515197754 36.2820510864258 37.0085525512695 37.3812637329102 37.5414886474609 37.5504302978516 37.5585975646973 37.2434616088867 36.9108390808105 37.4577980041504 37.5777435302734 37.3190536499023 37.0488739013672 37.2769317626953 37.3218612670898 37.3493194580078 37.3146324157715 37.3122634887695 37.3158302307129 37.3357086181641 37.3266258239746 37.3312225341797 37.3630142211914 37.3537292480469 37.3285675048828 37.2975158691406 37.2282485961914
32.2799758911133 32.1458282470703 32.5389671325684 32.4250297546387 32.4902496337891 33.3158569335938 34.2573280334473 34.8800430297852 35.3336715698242 35.6735420227051 35.6214752197266 35.558837890625 35.6215438842773 35.8872947692871 36.5702095031738 36.6621932983398 36.8338203430176 36.7484359741211 36.6764755249023 36.5251579284668 36.2958984375 36.9105072021484 37.3209762573242 37.4981307983398 37.444580078125 37.5225868225098 37.1752700805664 36.3288803100586 37.2424736022949 37.568962097168 37.3146324157715 37.1021156311035 37.2847595214844 37.2316703796387 37.1702270507812 37.1893730163574 37.2348556518555 37.1775894165039 37.1082305908203 37.0958099365234 37.1937255859375 37.2785758972168 37.3597412109375 37.3456153869629 37.3176727294922 37.2690658569336
33.2406768798828 32.3489303588867 32.4333267211914 32.7666969299316 33.0777168273926 34.0071716308594 34.0800933837891 34.827808380127 35.5774879455566 35.8904991149902 36.212100982666 36.3126068115234 36.4383926391602 36.648494720459 36.8239974975586 36.8605308532715 36.8184661865234 36.8901329040527 36.8619918823242 36.6501693725586 36.4587554931641 36.4902191162109 36.9794311523438 37.1916999816895 37.1260528564453 37.508659362793 37.4148559570312 36.8308982849121 37.3260612487793 37.5693283081055 37.3553352355957 37.1914978027344 37.1152801513672 36.8110885620117 36.9851417541504 36.9227828979492 36.9324951171875 36.5514831542969 36.6472358703613 35.7094917297363 36.9548530578613 37.1908721923828 37.3561592102051 37.3654708862305 37.3427238464355 37.2948989868164
33.8410301208496 32.9800071716309 32.5164833068848 33.193962097168 33.7322959899902 34.4331512451172 34.5120010375977 34.9656028747559 35.6828269958496 36.0773239135742 36.1183319091797 36.1369857788086 36.5216789245605 36.6829605102539 36.7869682312012 36.769401550293 36.9639587402344 37.0892562866211 37.0645561218262 36.8378410339355 36.6743049621582 36.6059646606445 36.7311172485352 36.7448959350586 36.7235984802246 37.3458480834961 37.5108261108398 37.2446975708008 36.9741668701172 37.464672088623 37.0359001159668 36.2986221313477 36.8688011169434 37.018482208252 37.2860870361328 37.2850685119629 37.2490730285645 37.2201347351074 37.0168495178223 36.107234954834 36.8534927368164 37.1568260192871 37.3173751831055 37.3616943359375 37.3583068847656 37.313850402832
33.8865127563477 33.1368865966797 32.6394271850586 33.734977722168 34.6709060668945 35.0798492431641 35.7840995788574 36.0065422058105 36.206413269043 36.3141059875488 36.1352577209473 36.0997009277344 36.6221809387207 36.7086753845215 36.7220916748047 36.7865219116211 36.895923614502 36.8892288208008 37.3762283325195 37.1549797058105 36.888240814209 36.756534576416 36.7379150390625 36.5933952331543 36.6062660217285 37.1790809631348 37.5005416870117 37.4156875610352 37.2815093994141 37.5657844543457 36.9189643859863 35.9111251831055 36.3765640258789 37.00927734375 37.0436515808105 36.6795616149902 36.7353668212891 37.2289123535156 37.3391571044922 37.3037452697754 37.3298950195312 37.3225784301758 37.3359794616699 37.3359909057617 37.3596458435059 37.3352661132812
33.7845878601074 32.939037322998 32.5185852050781 33.5569877624512 34.7654495239258 35.1013221740723 34.5572280883789 35.8316841125488 35.7858734130859 35.2694053649902 36.1635513305664 36.36474609375 36.389102935791 36.4490814208984 36.4698028564453 36.6654624938965 36.7908172607422 36.900447845459 37.356803894043 37.4694061279297 37.2754554748535 36.9936447143555 36.8394050598145 36.7699813842773 36.5520477294922 36.981014251709 37.4058456420898 37.4197006225586 37.5927963256836 37.6499443054199 37.1588249206543 35.5363502502441 36.147705078125 35.689826965332 36.0164031982422 35.3521347045898 36.238712310791 37.2082214355469 37.3160438537598 37.373851776123 37.3793067932129 37.301139831543 37.2010917663574 37.3014144897461 37.3258895874023 37.3175506591797
33.7719039916992 33.1151161193848 33.1565322875977 33.5843238830566 34.4475364685059 34.8491287231445 35.260139465332 35.4854354858398 34.2591781616211 34.1758995056152 35.6343040466309 34.7020797729492 35.0536422729492 35.4769630432129 36.1586761474609 36.5917739868164 36.7386131286621 36.9447135925293 37.2673492431641 37.3888854980469 37.4287261962891 37.2073059082031 36.9077491760254 36.973934173584 36.8602981567383 37.070930480957 37.0692138671875 36.9149856567383 37.4190826416016 37.5899963378906 37.3612098693848 36.705207824707 35.3587532043457 33.4800148010254 33.6543197631836 35.2561683654785 36.6108474731445 37.1814231872559 37.2845191955566 37.230598449707 37.2220916748047 37.0097312927246 36.895393371582 37.2399139404297 36.9996871948242 37.0443115234375
33.7582740783691 33.4358711242676 33.2482986450195 33.5011711120605 34.0465316772461 34.8153648376465 34.974925994873 34.5776443481445 34.1242065429688 34.9385032653809 35.3957405090332 34.4521903991699 34.7649993896484 35.1740264892578 36.0744514465332 36.4506683349609 36.7320976257324 37.1428451538086 37.5261535644531 37.3664741516113 37.2336196899414 37.5079803466797 37.2719230651855 37.1007881164551 36.9527015686035 36.9420852661133 37.017406463623 36.9264068603516 37.2309532165527 37.5410346984863 37.5602684020996 37.0779991149902 36.4083976745605 34.8566284179688 34.2785339355469 35.320125579834 36.6154174804688 37.1349487304688 37.1898193359375 36.7556838989258 36.9881210327148 37.1535911560059 36.9587059020996 37.0162010192871 36.7124443054199 36.9381408691406
33.4719505310059 33.2765731811523 32.8539695739746 33.1339569091797 33.7808036804199 33.9344749450684 34.3469505310059 34.6636772155762 34.9413795471191 35.0410232543945 35.3613243103027 35.5655136108398 36.1875801086426 36.2728881835938 36.4112739562988 35.97900390625 36.8714942932129 37.2192916870117 37.4133338928223 37.1529960632324 37.2491035461426 37.430305480957 37.5219841003418 37.4661903381348 37.1993446350098 37.1276817321777 36.79638671875 36.9459533691406 37.3131637573242 37.390552520752 37.5130195617676 37.5403251647949 37.0224723815918 36.397144317627 35.5474052429199 35.2666549682617 36.3428115844727 37.0618286132812 36.6010971069336 36.1020965576172 36.9446983337402 37.1768417358398 36.9146614074707 36.1886749267578 36.5164985656738 36.9867630004883
