inst/extdata/Tmax/Tmax17.asc
NCOLS 100 
NROWS 79 
XLLCORNER 148.06 
YLLCORNER -21.49 
CELLSIZE 0.01 
NODATA_value -3.4e+38 
[rows 40 to 59 of 79, columns 46 to 91 of 100]
26.3835697174072 27.7084636688232 27.3098793029785 28.0166168212891 29.9594802856445 29.6904106140137 29.6039218902588 27.7871417999268 27.5347747802734 28.0134048461914 29.4808979034424 31.0809059143066 31.6465835571289 31.0716762542725 30.4746360778809 31.9836139678955 32.8458137512207 32.3582420349121 33.3671722412109 33.2914009094238 32.6183280944824 33.455394744873 31.1864624023438 29.9196319580078 31.3217105865479 32.2163848876953 32.7581100463867 32.0236320495605 31.7679233551025 31.8538093566895 31.461124420166 32.5791969299316 31.3938159942627 28.7491436004639 30.3169536590576 34.5085563659668 32.8539657592773 31.2906055450439 29.0487518310547 28.4854488372803 28.0873851776123 30.8098697662354 31.095775604248 30.5059051513672 31.7680206298828 28.9677448272705
27.5818195343018 27.564338684082 28.959041595459 30.3008365631104 30.6665649414062 29.8830604553223 29.4963531494141 29.3530120849609 30.5866508483887 30.8142700195312 33.3901672363281 32.0222663879395 31.8142337799072 31.4853401184082 30.9276218414307 32.8018074035645 32.897518157959 32.7140655517578 33.759220123291 34.014762878418 31.8987159729004 32.3760719299316 28.7549839019775 34.4534034729004 35.6323089599609 31.0688896179199 32.9330863952637 32.0315170288086 32.2091102600098 31.2622604370117 31.8274059295654 32.3709945678711 32.231559753418 31.4240703582764 31.7690296173096 33.7499313354492 32.0439262390137 31.4552154541016 31.1274108886719 30.7719268798828 30.5241508483887 29.980827331543 31.205394744873 30.8804416656494 30.8098316192627 30.2654438018799
28.6695442199707 29.6344375610352 29.4995040893555 31.3651504516602 36.3499526977539 33.6978721618652 31.2992477416992 30.6676273345947 31.6635398864746 33.2233734130859 33.3546676635742 32.840217590332 33.1008987426758 32.6585426330566 34.3859748840332 32.890510559082 32.7218627929688 32.3719024658203 32.7865676879883 33.4944152832031 32.5593490600586 32.2392807006836 31.9445838928223 35.9110832214355 29.3781185150146 35.9548263549805 35.0777130126953 30.91672706604 30.260950088501 32.7681655883789 32.4272079467773 32.7314186096191 31.99485206604 31.3535308837891 31.7391777038574 30.5922050476074 30.9220714569092 30.2123794555664 30.1199111938477 30.5503597259521 31.7178153991699 31.8097152709961 32.1184310913086 30.7679882049561 32.7582168579102 32.695369720459
31.9384899139404 32.6852912902832 32.7905693054199 32.8804740905762 33.5405120849609 33.0035285949707 32.6630783081055 32.3046760559082 32.5771789550781 32.8901519775391 33.5531196594238 33.5412673950195 33.7291297912598 33.6237831115723 33.0849342346191 32.6255645751953 32.2791061401367 32.470085144043 33.1575050354004 30.7333335876465 32.9783592224121 33.0396270751953 32.8820877075195 32.1682929992676 31.6210556030273 33.4559593200684 32.5973281860352 32.0294609069824 32.5974311828613 34.2901725769043 33.6400718688965 34.0652122497559 31.8412017822266 31.2259635925293 31.0453033447266 33.581958770752 33.1272201538086 31.0988159179688 31.988883972168 33.0392417907715 33.6340713500977 32.7668190002441 31.1873950958252 35.4041481018066 32.9431457519531 30.9135837554932
31.826753616333 31.9454383850098 31.8614292144775 32.2011833190918 33.7412605285645 34.3520469665527 33.7182807922363 32.8570938110352 33.2093200683594 32.8798065185547 32.614559173584 32.543701171875 32.137378692627 32.0419845581055 31.8209838867188 32.3556442260742 30.7385997772217 31.5493640899658 32.546688079834 32.8821792602539 33.8139724731445 34.4572982788086 34.2458610534668 33.33544921875 31.1311283111572 31.5231380462646 31.8906421661377 32.3443298339844 34.5424423217773 34.8495292663574 33.4740791320801 32.2019805908203 31.1241321563721 31.8080787658691 31.4363842010498 33.455883026123 32.1312103271484 30.9448356628418 32.2007102966309 30.6767959594727 31.2899055480957 32.8421401977539 33.2431869506836 33.1873016357422 36.0733795166016 32.9422836303711
28.2052803039551 29.5851593017578 31.0769081115723 29.354606628418 30.9519901275635 31.5564250946045 31.3841304779053 31.6317672729492 31.9168910980225 32.0488014221191 29.1448726654053 29.309534072876 29.4566459655762 27.8446502685547 28.6814289093018 29.5389442443848 31.7662811279297 31.8758697509766 31.7805938720703 31.8759803771973 33.6413497924805 33.4546661376953 32.8794708251953 32.9080200195312 32.9268836975098 33.3264007568359 33.2545928955078 33.2011871337891 32.7925720214844 32.9475555419922 32.5723686218262 33.696662902832 34.5369338989258 34.9891586303711 32.9515724182129 32.6864852905273 32.1566963195801 31.9767246246338 31.9335060119629 31.632116317749 31.4599514007568 32.5084037780762 32.660816192627 31.3474502563477 33.6426124572754 35.97119140625
26.6000156402588 27.9305667877197 27.5228004455566 27.2829723358154 28.2261657714844 28.5512161254883 28.6851119995117 29.2212696075439 29.7041053771973 29.0191993713379 28.7268009185791 28.1536102294922 28.3934745788574 28.2679805755615 28.5206298828125 29.5753746032715 32.1172943115234 31.8256034851074 31.1489696502686 33.0310401916504 33.4513359069824 33.8411521911621 32.9985275268555 32.3527412414551 34.9843406677246 35.070987701416 34.0464096069336 33.2712745666504 32.2899932861328 32.1731338500977 33.350528717041 33.1467399597168 32.5654487609863 32.8716316223145 33.1464157104492 35.7508773803711 32.5288887023926 32.6931533813477 31.5879249572754 31.4371280670166 31.3978404998779 34.0213813781738 32.0270080566406 34.8812484741211 33.4727325439453 32.9307632446289
26.9709129333496 26.8974323272705 26.7851009368896 26.8653774261475 26.7234973907471 27.0537014007568 27.987548828125 28.9207992553711 29.156192779541 28.9574527740479 29.4829883575439 28.883674621582 28.9196758270264 30.2920093536377 30.978385925293 32.2832832336426 32.8551483154297 32.7432518005371 32.8701362609863 34.2030906677246 36.8633575439453 34.5478057861328 32.4736404418945 33.5537490844727 34.8517303466797 34.3715667724609 33.6487274169922 36.5070571899414 33.6115036010742 33.833740234375 33.8307075500488 31.2607688903809 31.1073112487793 31.4330234527588 31.2033748626709 31.1859130859375 32.5699996948242 31.550256729126 30.6306629180908 34.3672904968262 34.0981101989746 36.0416221618652 32.6013793945312 34.6975593566895 34.4606857299805 34.4211540222168
26.7942943572998 28.7707328796387 27.0781421661377 26.7170124053955 26.6208667755127 26.5629386901855 26.6485214233398 28.5799884796143 29.2363510131836 29.3537082672119 29.2643356323242 29.2847805023193 34.526554107666 35.5674705505371 36.0338821411133 32.2554397583008 34.0224952697754 30.3561916351318 35.9722137451172 35.7822761535645 35.4360275268555 35.6693344116211 35.0047988891602 34.5617980957031 34.2608604431152 32.3351554870605 33.4793701171875 34.5809020996094 36.7018852233887 35.9505195617676 35.6712188720703 36.4119834899902 35.503604888916 31.5419540405273 32.4944381713867 36.8542404174805 36.0001564025879 32.9617385864258 32.7472114562988 32.5442390441895 30.6027984619141 31.1142845153809 31.7235431671143 32.618968963623 31.7673625946045 32.3986701965332
28.7041988372803 29.3589305877686 30.536979675293 27.6162738800049 27.0806941986084 27.8320064544678 27.6250114440918 28.503137588501 28.7686157226562 29.3093223571777 33.6347732543945 35.1285438537598 36.2440719604492 36.2621116638184 36.711124420166 29.8581886291504 32.9966735839844 30.0082206726074 30.2048778533936 32.6300849914551 32.5725021362305 36.7708358764648 33.1129455566406 33.952995300293 33.6516914367676 32.7502899169922 34.686695098877 34.7854537963867 35.2340202331543 35.253791809082 35.0064697265625 33.3771896362305 31.7012805938721 32.2300643920898 32.8807411193848 37.037540435791 36.9809112548828 33.7814598083496 32.6030158996582 32.4285850524902 32.3939743041992 31.3543529510498 32.5240669250488 31.1025924682617 32.0799407958984 32.7159843444824
32.1048011779785 28.8827629089355 31.8329067230225 26.7916584014893 26.8361930847168 28.0200023651123 28.1856460571289 28.8472690582275 29.4258003234863 29.849292755127 29.8356113433838 30.0146770477295 34.629810333252 35.2879371643066 35.8896636962891 29.8037948608398 32.242130279541 32.176830291748 29.065637588501 32.5664291381836 30.1089611053467 35.7218360900879 33.2413711547852 34.7367172241211 33.1169700622559 34.0863494873047 33.0800132751465 32.7191543579102 35.6886253356934 35.338508605957 34.7405815124512 34.2326812744141 33.8848419189453 32.0877304077148 32.9012451171875 35.293083190918 36.6223297119141 34.7302017211914 33.6080627441406 34.0994491577148 32.6419982910156 31.50830078125 31.5644760131836 30.676700592041 32.1219253540039 32.9160232543945
27.6083145141602 26.2037963867188 26.6711368560791 25.8087348937988 25.7725391387939 27.2105617523193 27.9923095703125 29.0550689697266 29.3714866638184 29.5828189849854 29.7684326171875 29.4062652587891 29.3464088439941 28.8928718566895 29.3196315765381 32.4369468688965 30.106424331665 32.8904609680176 29.7622032165527 32.1226501464844 31.9506072998047 32.6426086425781 35.6122817993164 36.2995986938477 33.4551773071289 33.6046829223633 34.3546028137207 32.5939025878906 32.8294105529785 36.209774017334 34.6885070800781 34.0472984313965 33.3865547180176 31.7095699310303 31.5750026702881 33.2210578918457 33.5886039733887 33.4128837585449 32.8082046508789 31.1156806945801 34.7184906005859 31.004487991333 30.7093353271484 30.360221862793 30.3706684112549 31.6575412750244
25.9957256317139 31.6765441894531 32.4129028320312 26.025218963623 25.9610385894775 26.7434844970703 27.4094657897949 28.2115783691406 28.6575336456299 28.9308433532715 29.2752323150635 29.0920143127441 29.0970554351807 29.4757308959961 29.7048244476318 30.0674324035645 32.6885833740234 33.0988464355469 32.9894714355469 33.4870223999023 31.9952793121338 32.9794464111328 34.4219017028809 36.4417686462402 34.2736968994141 35.027904510498 35.0512008666992 35.141975402832 34.7217788696289 36.6389312744141 35.5747375488281 35.0422096252441 35.0635299682617 35.3686027526855 32.4607734680176 31.5045299530029 32.667652130127 30.113697052002 31.6317443847656 31.9194831848145 31.9681015014648 30.9131336212158 35.3637924194336 31.8280410766602 30.4064044952393 30.1667442321777
26.7402153015137 26.0072841644287 31.8584289550781 26.606164932251 26.6936321258545 27.5170192718506 27.384916305542 28.0527935028076 29.0490589141846 29.5010280609131 29.7417831420898 29.8214015960693 29.8297157287598 33.4650230407715 33.4350090026855 30.3867874145508 30.1462993621826 30.2547473907471 30.2654685974121 33.094367980957 32.6273651123047 32.7972030639648 30.1729545593262 31.2725715637207 32.103889465332 33.782642364502 33.1546897888184 34.3561553955078 36.2525901794434 33.7131996154785 33.6228218078613 32.7149658203125 33.0748519897461 33.9909210205078 32.3305320739746 31.9413776397705 29.9126014709473 29.1989688873291 29.3724765777588 28.4394245147705 33.9653701782227 32.4559478759766 33.5675354003906 33.1659698486328 35.1355056762695 30.8887195587158
27.7268581390381 26.822057723999 26.3948612213135 26.8423328399658 27.3263893127441 28.156343460083 28.1951313018799 28.4435482025146 28.583438873291 29.1540260314941 29.1772651672363 31.9055995941162 32.7701606750488 29.9135303497314 34.1968002319336 33.5616836547852 33.9778213500977 30.5372695922852 33.311336517334 33.1354827880859 33.1823806762695 32.2356758117676 31.1361122131348 33.1513175964355 34.9742813110352 35.0245895385742 33.0666084289551 33.6163673400879 32.8175392150879 34.5817337036133 34.898120880127 33.6456985473633 34.8105659484863 32.6243629455566 35.0721549987793 32.069751739502 35.6694793701172 31.9766674041748 32.3446769714355 30.953634262085 31.9385051727295 32.3810882568359 31.6315498352051 31.8904151916504 32.7301788330078 33.7098655700684
27.3195209503174 26.8758659362793 26.54860496521 27.6861534118652 28.2004451751709 28.6778583526611 29.2323741912842 29.5267009735107 29.4508609771729 29.7681579589844 29.6676235198975 31.8279056549072 32.4170837402344 33.935188293457 34.1030235290527 33.5689544677734 33.9286231994629 34.3077735900879 33.6244354248047 30.5074214935303 33.1022720336914 32.2337875366211 32.9830513000488 33.0453262329102 34.2907409667969 34.9106330871582 35.088939666748 35.6552467346191 32.9867706298828 33.4019966125488 30.7442150115967 33.2339248657227 34.4834213256836 36.1955108642578 35.1583023071289 29.3121871948242 31.8612937927246 32.603630065918 31.0545959472656 32.0296859741211 33.955509185791 33.1414566040039 32.4846038818359 32.8570289611816 32.3838348388672 32.2162399291992
27.3345584869385 26.6407279968262 26.0157871246338 27.2756824493408 28.3905830383301 28.8079528808594 28.2172164916992 29.3876838684082 29.0284862518311 28.4693584442139 29.5598430633545 29.1890239715576 29.5049819946289 32.3465690612793 29.9837398529053 33.2707214355469 33.3566093444824 33.3181381225586 33.7784385681152 31.7587585449219 32.6640090942383 33.1792869567871 32.7552261352539 30.4203472137451 32.9401550292969 34.9960823059082 33.9181098937988 33.0832595825195 33.2459449768066 33.392650604248 30.5748348236084 28.9293746948242 29.7034568786621 32.8000373840332 28.8478050231934 28.7219772338867 32.8902587890625 32.0562133789062 32.8189926147461 31.5227603912354 33.7498245239258 34.9568786621094 31.323148727417 31.5673656463623 32.4476623535156 33.0396041870117
27.7568645477295 26.7624015808105 26.8296871185303 27.3389682769775 28.1060352325439 28.4966678619385 28.9337940216064 28.9289855957031 27.8344249725342 27.39723777771 29.0506019592285 27.8109931945801 28.2527923583984 28.4590225219727 32.0629539489746 32.8345489501953 30.1327457427979 33.3372535705566 30.6393489837646 34.0593147277832 33.611328125 33.9424819946289 33.4676284790039 33.1118278503418 32.2916641235352 33.4412422180176 34.2552795410156 33.2612457275391 32.5137367248535 34.0901565551758 32.2857208251953 29.8921985626221 33.2674446105957 32.5564651489258 26.9433574676514 31.2534198760986 32.0838088989258 32.4155731201172 32.7108612060547 34.3985862731934 32.2985305786133 34.7054405212402 32.4405784606934 32.564281463623 32.070182800293 31.9070205688477
27.7763843536377 27.4767837524414 27.1990146636963 27.3136329650879 27.9293556213379 28.5279903411865 28.441385269165 28.2599601745605 27.6568431854248 28.5600738525391 28.6797294616699 27.5718841552734 27.8211078643799 27.9549617767334 29.1145420074463 29.4078044891357 33.0831718444824 30.1525173187256 33.3841972351074 33.6751823425293 33.4904975891113 33.7532997131348 32.0127716064453 33.5312156677246 32.8019180297852 32.8626899719238 32.5720825195312 33.7058753967285 31.8667488098145 31.7209510803223 33.3893127441406 33.1916961669922 29.8339157104492 32.026065826416 32.7837333679199 33.4631843566895 30.1412258148193 32.496265411377 34.8390846252441 32.2522888183594 33.1773796081543 32.237735748291 32.7150611877441 34.5084266662598 34.036979675293 31.6536197662354
27.2099781036377 27.1354732513428 26.7056255340576 27.078483581543 27.5518207550049 27.3745594024658 28.0101146697998 28.3979797363281 28.7385368347168 28.7657909393311 28.7000045776367 28.9044704437256 32.068286895752 32.7839584350586 32.6010322570801 29.410062789917 29.9529113769531 33.6769180297852 30.9756546020508 33.1565895080566 33.444034576416 33.9806671142578 34.0312461853027 33.3340797424316 33.5669174194336 32.490852355957 32.9736328125 32.8115539550781 31.8895244598389 33.7924194335938 34.0963363647461 34.9037284851074 31.3867168426514 32.3860626220703 32.4304046630859 28.26780128479 31.0078563690186 33.5980491638184 35.5918235778809 30.3891334533691 32.6103057861328 32.738151550293 32.0879669189453 30.9967708587646 32.4331436157227 33.0485801696777
