inst/extdata/Tmax/Tmax100.asc
NCOLS 100 
NROWS 79 
XLLCORNER 148.06 
YLLCORNER -21.49 
CELLSIZE 0.01 
NODATA_value -3.4e+38 
[rows 0 to 19 of 79, columns 0 to 45 of 100]
39.840251922607401 39.5336532592773 38.6491279602051 38.9731864929199 39.0972137451172 39.4754829406738 39.6380157470703 39.7829704284668 39.7387466430664 39.5752830505371 39.1439743041992 38.9441184997559 38.864875793457 37.7412033081055 38.1779937744141 38.5526313781738 38.9021797180176 38.8522300720215 38.1109924316406 37.5004386901855 37.3624877929688 36.4975852966309 36.8828773498535 38.0405654907227 38.4945755004883 38.7127990722656 38.598762512207 38.6204833984375 38.3289794921875 37.9849395751953 37.1811408996582 35.4622802734375 36.6176452636719 36.5325736999512 35.4330215454102 34.4180450439453 34.3022918701172 33.9475288391113 34.6440086364746 36.3393974304199 37.724365234375 37.9615859985352 38.6058006286621 38.8956413269043 39.0347480773926 39.1338653564453
39.6915283203125 39.2196998596191 38.5076866149902 38.5882339477539 38.0643730163574 38.8945465087891 39.3994407653809 39.6871452331543 39.7974128723145 39.6838836669922 39.3698959350586 39.0729484558105 39.1702690124512 38.783390045166 38.6275367736816 38.5176696777344 38.8920555114746 38.8986167907715 37.9867248535156 37.4363975524902 37.9116287231445 37.6672668457031 37.5595550537109 37.9567451477051 38.3762855529785 38.535270690918 38.789924621582 38.7205352783203 38.518424987793 38.3155708312988 37.5373649597168 36.2398414611816 37.3086395263672 36.9205551147461 36.2962799072266 35.4025726318359 34.9843406677246 35.3198852539062 36.3043327331543 37.3276596069336 38.683952331543 39.0535926818848 39.1418190002441 39.1268577575684 39.1606063842773 39.182258605957
39.6980056762695 38.9592475891113 39.0477523803711 39.1614532470703 38.7390441894531 38.842845916748 39.2029342651367 39.7177963256836 39.8755989074707 39.7458839416504 39.4777793884277 39.3461799621582 39.2579612731934 39.2027740478516 38.9211730957031 38.7792472839355 38.9721832275391 39.0903587341309 38.5590896606445 38.3786163330078 38.2377738952637 37.9245452880859 37.7065887451172 37.8135261535645 38.5861740112305 38.8253021240234 38.673900604248 38.6333541870117 38.6243896484375 38.3311653137207 38.3750381469727 37.4517440795898 37.6696434020996 36.5206031799316 36.2331428527832 35.6370506286621 35.1453971862793 34.695125579834 35.646556854248 36.7538185119629 38.0254135131836 38.9502410888672 39.2186431884766 39.2659683227539 39.2348098754883 39.179084777832
39.9012145996094 39.5816497802734 39.2542915344238 39.8214721679688 39.343864440918 38.9468955993652 39.2864608764648 39.8044815063477 39.9532623291016 39.8230476379395 39.6841621398926 39.6354293823242 39.5329627990723 39.3760948181152 38.9712295532227 38.808032989502 39.1396980285645 39.1632194519043 38.9534492492676 38.5158882141113 38.2119979858398 37.8493041992188 37.917366027832 37.8782196044922 38.419563293457 38.8169250488281 38.4780502319336 38.7058715820312 38.5282249450684 37.7519416809082 38.265682220459 38.3206481933594 37.6177368164062 36.4452476501465 35.9078216552734 35.0870056152344 35.3328666687012 34.8622741699219 34.7486686706543 34.286735534668 35.7381057739258 38.2426376342773 39.0729103088379 39.2621231079102 39.0208320617676 38.9158973693848
40.4220428466797 39.9170112609863 39.675479888916 40.0494384765625 39.8289794921875 39.2255859375 39.2477188110352 39.8453559875488 39.9767990112305 39.6254005432129 39.6237602233887 39.7993354797363 39.6779251098633 39.4135894775391 39.0699615478516 39.2084121704102 39.2837142944336 39.0224266052246 38.5878944396973 37.8960037231445 38.0640144348145 38.2109107971191 38.3270111083984 38.5047492980957 38.5055389404297 38.1894950866699 38.880126953125 38.4985275268555 38.3697357177734 37.904109954834 38.234977722168 38.0536804199219 37.7577590942383 36.8270568847656 36.3384704589844 36.6261940002441 36.3241081237793 35.8058471679688 35.294361114502 34.5975036621094 34.2637405395508 37.4640426635742 38.831958770752 39.2049713134766 38.5671234130859 37.8956069946289
40.5708808898926 40.3451461791992 39.6791610717773 40.0782051086426 40.1395034790039 39.7472229003906 39.4712257385254 39.8927154541016 40.0366096496582 39.7635765075684 39.6548881530762 39.8910140991211 39.7399597167969 39.477424621582 38.8559989929199 39.3294982910156 39.2525177001953 38.8124885559082 38.2938575744629 37.896183013916 37.9866409301758 38.2182121276855 38.5094184875488 38.5037460327148 38.7767524719238 38.6700553894043 38.745662689209 38.0097923278809 38.0012512207031 36.975528717041 37.665168762207 38.1070098876953 38.1916122436523 37.8745918273926 37.5366630554199 37.4712142944336 36.6696243286133 36.2043304443359 35.8921051025391 35.117301940918 34.6397857666016 37.0903816223145 38.7543487548828 39.1944313049316 38.7377967834473 36.8109817504883
40.7547302246094 40.5185089111328 40.1546401977539 40.3074035644531 40.2568511962891 39.9030914306641 39.2784233093262 39.8057746887207 39.9770698547363 40.1012344360352 40.0414047241211 39.8838348388672 39.4786758422852 39.5800247192383 39.5470809936523 39.4078407287598 39.2261123657227 38.6792297363281 38.4740524291992 38.1837043762207 37.627872467041 37.8141479492188 38.2596397399902 38.6244506835938 38.9538307189941 38.8788604736328 38.8972244262695 38.3664436340332 38.0189781188965 36.8733177185059 36.8763313293457 36.9785614013672 37.8873710632324 38.043514251709 37.6031608581543 37.4944686889648 36.9418029785156 35.6203689575195 35.8466262817383 35.4245910644531 35.2690277099609 36.9432258605957 38.5882263183594 39.0131225585938 38.8051567077637 37.2526054382324
40.7711715698242 40.6808891296387 40.404541015625 40.4275131225586 40.3859405517578 40.1353073120117 39.5707588195801 39.4475784301758 39.7416839599609 40.0611801147461 40.1587791442871 39.8725128173828 39.2290077209473 39.4382667541504 39.6527976989746 38.9938697814941 38.9478454589844 38.200008392334 38.1262245178223 37.8986396789551 37.2509574890137 37.6978416442871 38.1145362854004 38.6460571289062 39.0935325622559 39.1016845703125 38.7085456848145 38.2641296386719 38.0884666442871 37.3519897460938 36.0844535827637 36.3550872802734 36.6787185668945 37.2480583190918 37.6159744262695 37.0351066589355 37.0952682495117 36.249137878418 35.289737701416 35.5625305175781 35.7640914916992 36.8373413085938 37.792350769043 38.7374153137207 38.6849098205566 36.9735527038574
40.5595817565918 40.7654991149902 40.6021194458008 40.553596496582 40.4278106689453 40.1940002441406 39.8403358459473 39.3910789489746 39.5568733215332 40.0454635620117 40.1899490356445 40.1274147033691 39.92724609375 39.7811660766602 39.4323616027832 38.6970367431641 38.8858795166016 38.6305389404297 38.760082244873 37.8670234680176 37.8666000366211 37.7114334106445 37.8082466125488 38.4615173339844 39.0237159729004 39.1947746276855 38.3119316101074 37.4501800537109 37.5330200195312 37.4420623779297 36.8705024719238 36.3264236450195 35.9100379943848 36.3559074401855 37.2314529418945 36.6419792175293 36.4069175720215 36.3579139709473 35.4485931396484 35.1385955810547 35.3498382568359 35.4538650512695 36.3084754943848 37.8284034729004 38.2642707824707 37.0751914978027
40.2983055114746 40.687671661377 40.7364730834961 40.6024703979492 40.4073715209961 40.2912750244141 40.0915069580078 39.6487617492676 39.3287811279297 39.9796447753906 40.2002487182617 39.809139251709 39.1172828674316 39.1800155639648 39.2785415649414 39.2523880004883 39.28759765625 39.129207611084 38.9257011413574 38.6219520568848 38.3038101196289 37.6770973205566 38.000732421875 38.8081321716309 39.2383003234863 39.1370811462402 38.460090637207 38.2912521362305 37.797004699707 37.2976531982422 36.0888557434082 35.7095680236816 36.7470703125 36.6098747253418 36.4081726074219 36.180419921875 35.9615936279297 36.2434539794922 35.7178039550781 34.9993476867676 35.0309638977051 34.5003814697266 35.3043060302734 36.4221343994141 36.7237396240234 36.1143531799316
39.9970207214355 40.3012847900391 40.7599411010742 40.6679534912109 40.5413818359375 40.4604263305664 40.2699279785156 39.9145355224609 39.896800994873 40.1164932250977 40.248908996582 39.8794174194336 39.5574111938477 38.8309097290039 38.9980087280273 39.2767105102539 39.4020919799805 39.5759315490723 39.1397438049316 38.945198059082 38.5530281066895 38.1848030090332 38.255916595459 38.8065032958984 39.2252769470215 39.1322441101074 38.4623336791992 37.7190055847168 36.7435073852539 36.7408752441406 36.3893966674805 36.3278999328613 37.1598320007324 36.910213470459 36.0385589599609 35.7910614013672 36.2420082092285 35.9634170532227 35.5942878723145 35.0616188049316 35.1138153076172 34.8694496154785 34.5238189697266 35.2228469848633 35.6398811340332 35.9397926330566
39.8454818725586 39.9159355163574 40.7362823486328 40.7339248657227 40.6525421142578 40.5341644287109 40.3636741638184 40.0445289611816 40.0793991088867 40.3532829284668 40.3007011413574 40.1063499450684 39.7542915344238 39.2759590148926 39.1751441955566 39.4701385498047 39.7738418579102 39.7488822937012 39.4965591430664 39.047119140625 38.5503425598145 38.2163467407227 38.3752098083496 38.5229110717773 38.7353744506836 39.0629501342773 38.112907409668 37.3232727050781 36.7298583984375 36.9625205993652 37.0275840759277 36.9387168884277 37.3459091186523 36.8268241882324 36.5818901062012 36.4946784973145 36.0710716247559 35.5006637573242 36.008228302002 36.2303047180176 35.8062591552734 35.3757514953613 34.8573837280273 35.2875747680664 35.7978363037109 36.1827049255371
40.0160369873047 40.5006561279297 40.7427101135254 40.7043075561523 40.7132377624512 40.6222114562988 40.4819145202637 40.1250076293945 40.2059631347656 40.4962730407715 40.3083953857422 40.2329025268555 40.0270690917969 40.0943641662598 39.9996070861816 39.9797172546387 39.994312286377 39.9025955200195 39.686107635498 39.178150177002 38.9112319946289 39.0615043640137 39.3160591125488 39.5403594970703 39.3975486755371 38.9860954284668 38.7920989990234 38.3044662475586 37.9455833435059 37.7644195556641 37.8268585205078 37.616771697998 37.5218353271484 36.957950592041 36.4082221984863 35.9688453674316 35.4382972717285 36.5136337280273 36.7929000854492 36.7383918762207 35.4319725036621 35.3669471740723 34.8846588134766 34.621826171875 35.8850898742676 36.4304618835449
40.4455223083496 40.6515159606934 40.6969299316406 40.6201057434082 40.6328773498535 40.6768112182617 40.6137428283691 40.4996910095215 40.3031196594238 40.431468963623 40.4016304016113 40.3254547119141 40.2029228210449 40.1047401428223 40.0015525817871 39.92626953125 40.0681419372559 39.9697303771973 39.8323249816895 39.7231292724609 39.6236724853516 39.5785865783691 39.3808288574219 39.4936065673828 39.064525604248 38.0710067749023 38.0225944519043 37.606143951416 37.0627555847168 37.822338104248 38.0943984985352 38.0486373901367 37.3153228759766 37.0176124572754 36.8995170593262 36.8427124023438 36.814136505127 36.5090179443359 37.116024017334 37.4494323730469 36.9414863586426 36.5042724609375 35.8686027526855 35.3396377563477 36.366870880127 36.8514556884766
39.7150917053223 40.276741027832 40.6709403991699 40.6057472229004 40.4890403747559 40.5811004638672 40.5328903198242 40.3742218017578 39.97509765625 40.0199279785156 40.3354377746582 40.144645690918 39.6408004760742 39.8025588989258 39.9783668518066 39.4478187561035 39.8713607788086 40.0330276489258 39.9834594726562 39.9343566894531 39.8795700073242 39.4819450378418 38.861572265625 39.2425651550293 39.0768775939941 38.8130073547363 38.7430305480957 38.4025344848633 38.0469207763672 38.3025360107422 38.2589569091797 37.996524810791 37.5610656738281 37.7969589233398 37.7588691711426 36.8446235656738 37.3795509338379 36.5571784973145 36.8696746826172 37.6102409362793 37.5888824462891 37.3436126708984 36.5971412658691 35.7952079772949 36.4053077697754 37.1459655761719
38.8736534118652 39.8635330200195 40.5631980895996 40.6837196350098 40.6208229064941 40.5967140197754 40.4925842285156 40.3879547119141 40.1830635070801 39.693115234375 39.3087158203125 40.0110092163086 39.2099990844727 38.9113883972168 39.7557525634766 39.4122276306152 39.3986282348633 39.8350372314453 39.8617095947266 39.8620948791504 39.8706130981445 39.837776184082 39.7052764892578 39.4790458679199 39.0731811523438 38.7008438110352 38.7197647094727 38.6502151489258 38.5944213867188 38.4163703918457 38.2508926391602 37.8485984802246 37.5803718566895 38.1995162963867 38.0797576904297 37.8183708190918 37.8198661804199 37.2695465087891 36.9321517944336 37.5867614746094 37.7733306884766 37.1697273254395 35.9387130737305 34.8832588195801 35.3095779418945 36.9687881469727
39.8418655395508 39.6921195983887 40.2393264770508 40.4169425964355 40.6270904541016 40.598274230957 40.4804229736328 40.3506889343262 40.2059860229492 39.9321441650391 39.3181571960449 39.7116203308105 38.7080497741699 38.4740142822266 39.1988143920898 39.0622825622559 38.4124526977539 39.4533271789551 39.4485855102539 39.4307136535645 39.676326751709 39.8187484741211 39.7260322570801 39.3204498291016 38.5196647644043 37.9699211120605 37.6050720214844 37.9164047241211 38.4467391967773 37.8971366882324 37.6909599304199 36.9629592895508 37.6422233581543 38.4473571777344 38.2702865600586 38.0847549438477 38.1213874816895 37.7109756469727 37.3601379394531 37.6330451965332 37.8254203796387 36.7629013061523 35.8071136474609 36.1052093505859 36.4414291381836 37.0084114074707
39.9782905578613 40.3148574829102 40.3769073486328 40.3910064697266 40.5237579345703 40.577262878418 40.5120010375977 40.4348793029785 40.2906913757324 39.862060546875 39.4909629821777 39.1255264282227 38.7437515258789 38.4035911560059 38.898796081543 38.7661666870117 38.7962112426758 38.6167221069336 38.3785247802734 38.3638725280762 39.4604148864746 39.7085266113281 39.6900825500488 39.5907020568848 39.0338478088379 37.9486694335938 36.6379356384277 37.4040412902832 38.1667709350586 37.2727012634277 37.6305732727051 38.1729850769043 38.4509544372559 38.7087249755859 38.6257972717285 38.4376335144043 37.978931427002 37.1967964172363 37.6277961730957 37.844970703125 38.147403717041 37.824031829834 37.6716423034668 37.6518707275391 37.6069946289062 37.0770645141602
40.2037925720215 40.198413848877 40.049373626709 40.1467132568359 40.5666809082031 40.4713439941406 40.4783325195312 40.464973449707 40.380973815918 40.0559997558594 39.0174751281738 39.0934906005859 38.689582824707 37.6405944824219 38.3319778442383 38.1185150146484 37.9666748046875 37.3129196166992 38.0954093933105 38.4453506469727 39.4687004089355 39.4855728149414 39.6143417358398 39.7117652893066 38.916805267334 37.9197273254395 36.8472290039062 37.5672492980957 38.1417579650879 37.6815528869629 38.1448097229004 38.5519180297852 38.9081230163574 38.9135055541992 38.5042495727539 38.2613792419434 37.9154396057129 37.6655464172363 38.1589202880859 38.2398223876953 38.2776679992676 38.2063941955566 38.0804214477539 37.4762992858887 36.6906661987305 36.6577835083008
40.3413581848145 40.3384742736816 40.3093605041504 40.1815452575684 40.5841789245605 40.5847473144531 40.5229568481445 40.4734306335449 40.4127731323242 40.322395324707 40.0231399536133 39.3309745788574 38.5546417236328 37.454761505127 37.7547073364258 37.7222099304199 37.322811126709 37.5804786682129 37.8154335021973 38.7741165161133 39.4986190795898 39.1063652038574 39.7536087036133 39.6134757995605 39.0682678222656 38.8460121154785 37.8614845275879 37.9520721435547 38.2770843505859 38.1168899536133 38.6817970275879 38.6453399658203 39.0529899597168 38.9879455566406 38.8501319885254 38.623950958252 37.8404960632324 37.9991264343262 38.2430610656738 38.2392883300781 38.2719841003418 38.1466789245605 38.0661888122559 37.592357635498 37.5249481201172 37.4068336486816
