inst/extdata/Tmax/Tmax143.asc
NCOLS 100 
NROWS 79 
XLLCORNER 148.06 
YLLCORNER -21.49 
CELLSIZE 0.01 
NODATA_value -3.4e+38 
[rows 20 to 39 of 79, columns 0 to 45 of 100]
36.228439331054702 36.2652359008789 36.2722091674805 36.2387199401855 36.2636299133301 36.3977165222168 36.3076667785645 36.2320594787598 36.1630439758301 36.0625915527344 35.8649063110352 35.412223815918 34.9085273742676 34.1835861206055 32.7006187438965 32.2218589782715 32.1344757080078 33.2453079223633 34.422435760498 34.9087295532227 34.926872253418 34.9378967285156 35.3156051635742 35.3439865112305 35.1718978881836 34.8510932922363 34.1628341674805 33.14453125 33.7388916015625 33.8101501464844 34.4797210693359 34.4889144897461 34.6432800292969 34.6019401550293 34.5534057617188 34.2793579101562 33.8392677307129 33.8387756347656 33.3199272155762 33.6102752685547 33.3660469055176 32.546703338623 32.805549621582 32.8793640136719 33.035572052002 33.084285736084
36.3132553100586 36.3773193359375 36.3980369567871 36.3630256652832 36.3737716674805 36.3772583007812 36.226188659668 36.144889831543 36.1237258911133 36.0563163757324 35.9216918945312 35.7255630493164 35.4696311950684 34.4116058349609 32.7218437194824 32.3622779846191 32.6247749328613 33.5581436157227 34.1269454956055 34.5484771728516 34.6899070739746 34.5887603759766 35.1836700439453 35.3367576599121 35.1183547973633 35.1337661743164 35.0865097045898 34.2398529052734 34.0641822814941 34.6414833068848 34.771125793457 34.6443023681641 34.2743492126465 33.6027183532715 33.620174407959 33.5914878845215 34.0839767456055 33.3048362731934 32.8638343811035 33.2035140991211 32.7750663757324 32.8535614013672 32.5539779663086 31.5560035705566 31.9075260162354 32.6836547851562
36.3765907287598 36.4251556396484 36.4423789978027 36.4311180114746 36.4169883728027 36.3830261230469 36.1859550476074 36.0531158447266 35.998420715332 35.9680404663086 35.8436698913574 35.7649116516113 35.5731620788574 34.8869132995605 33.6280517578125 32.6869087219238 31.9521350860596 32.5198669433594 33.165943145752 34.0773086547852 34.2041091918945 34.3377685546875 35.0629959106445 34.8215255737305 34.3561897277832 34.7656555175781 34.8329811096191 34.9277038574219 34.6084327697754 34.6491928100586 34.3501586914062 34.1341400146484 33.5001182556152 33.1296920776367 32.8706245422363 33.1067123413086 33.0239486694336 32.4037742614746 32.3688850402832 32.2764167785645 31.9337730407715 31.2028770446777 31.95973777771 31.6388988494873 30.809513092041 32.1128578186035
36.3765678405762 36.4066009521484 36.4348678588867 36.4308395385742 36.3912506103516 36.3855209350586 36.3023643493652 35.978702545166 35.8647804260254 35.892276763916 35.6953125 35.4845199584961 35.6034889221191 35.1805801391602 34.2929229736328 33.4069519042969 32.4638366699219 32.1391983032227 32.8228340148926 33.1776580810547 33.7900733947754 34.9131774902344 34.6319961547852 33.9464912414551 34.1117935180664 34.2748069763184 33.9162559509277 34.9839134216309 35.0083770751953 34.8494071960449 34.5909576416016 33.3684883117676 33.0002822875977 33.2216491699219 33.5907783508301 33.0788116455078 32.058723449707 31.4825191497803 32.253978729248 31.6907196044922 31.068546295166 29.9272346496582 30.5868663787842 31.5352020263672 30.0911636352539 31.1346874237061
36.3224906921387 36.382942199707 36.425537109375 36.3943557739258 36.3559036254883 36.3621292114258 36.3621368408203 36.1700248718262 35.9775276184082 35.7908058166504 35.6792297363281 35.6345634460449 35.4432411193848 35.0633964538574 34.2071113586426 33.4255294799805 32.5741729736328 32.1661262512207 32.3960990905762 32.3972015380859 33.7539825439453 34.6881866455078 33.4492683410645 32.8434715270996 33.7572822570801 33.7313804626465 33.9250221252441 34.759521484375 35.0288124084473 34.599422454834 34.5339698791504 34.2668342590332 34.2322044372559 34.2928123474121 33.9270515441895 33.5836715698242 33.1296501159668 31.8984222412109 31.6497211456299 31.4100151062012 30.0443725585938 29.568510055542 29.9258785247803 31.3762016296387 29.8161640167236 30.1048202514648
36.2783393859863 36.2961387634277 36.3165588378906 36.2929725646973 36.309211730957 36.3224792480469 36.3508949279785 36.3054580688477 36.1408271789551 35.8736000061035 35.6612281799316 35.507080078125 35.3428382873535 34.8336753845215 34.3302841186523 33.7049102783203 33.0007476806641 32.6249618530273 33.135871887207 33.9267539978027 33.9116744995117 33.7999153137207 33.2543106079102 31.8268394470215 32.402702331543 33.270336151123 33.4264831542969 34.8095512390137 35.0139427185059 34.607494354248 33.6295509338379 34.3021202087402 34.1501770019531 34.0066146850586 33.7023010253906 33.3470611572266 33.2050476074219 31.5722522735596 30.5478553771973 30.8681240081787 29.7205562591553 30.3729152679443 30.6566677093506 31.379768371582 30.5746326446533 29.7162418365479
36.1611289978027 36.1865921020508 36.2027740478516 36.2191352844238 36.218318939209 36.2237319946289 36.3230323791504 36.3295745849609 36.1817436218262 35.7188568115234 35.6036148071289 35.3039894104004 35.3025016784668 34.8821907043457 34.038948059082 32.8367462158203 32.3996467590332 32.6269264221191 33.1630096435547 33.0605392456055 33.274787902832 34.2785873413086 34.1156730651855 32.4169425964355 31.9620552062988 33.0098495483398 33.8940200805664 34.8853607177734 34.9744300842285 34.7274856567383 33.7927589416504 33.3599510192871 34.2236976623535 33.6261672973633 33.135383605957 32.2170372009277 31.8974876403809 32.021541595459 31.0451831817627 30.0061855316162 29.6803226470947 29.9217987060547 29.8465785980225 30.6781463623047 29.9259052276611 29.4030570983887
35.9952239990234 36.0138397216797 36.0583076477051 36.1179847717285 36.1476211547852 36.2172203063965 36.3206672668457 36.31982421875 36.2431907653809 36.03125 35.7640914916992 35.4656944274902 35.3337745666504 35.1134719848633 34.0765647888184 32.7933769226074 32.4178352355957 32.3727531433105 32.521354675293 32.4984855651855 33.7832260131836 34.5016326904297 33.8940811157227 32.9271812438965 32.2897033691406 32.5529365539551 32.676700592041 34.443977355957 34.8359413146973 34.7006149291992 33.8077201843262 33.7059707641602 34.0297470092773 33.2027397155762 32.4308280944824 31.7967739105225 31.0004253387451 31.5741233825684 31.4352931976318 29.9769515991211 29.6199817657471 29.7602977752686 29.6944694519043 30.1700038909912 29.6918315887451 29.4463233947754
35.434700012207 35.3802680969238 35.6909027099609 36.0427742004395 36.1948471069336 36.2899856567383 36.3284492492676 36.3174858093262 36.1763916015625 36.0571823120117 35.8746528625488 35.2716064453125 35.3804512023926 35.2125282287598 34.6327857971191 33.2679862976074 32.4411468505859 31.8761730194092 32.2333106994629 33.2333717346191 33.8085136413574 34.2125587463379 33.2353935241699 32.4203300476074 32.2144165039062 32.38134765625 32.8562545776367 33.8775634765625 34.7275848388672 34.7946548461914 34.2148971557617 33.9140319824219 33.4305725097656 32.2840919494629 31.1580982208252 30.8193511962891 30.5520458221436 30.7153701782227 30.8384113311768 30.5158653259277 30.0903301239014 30.1797485351562 29.9622592926025 29.7831058502197 29.789737701416 29.7335395812988
34.4469718933105 35.4079246520996 35.7875633239746 35.495548248291 36.1253204345703 36.2968368530273 36.3245162963867 36.3125 36.0847663879395 35.9202842712402 35.9129371643066 35.6120910644531 35.3443756103516 35.1958923339844 34.9110984802246 34.3315925598145 33.6943664550781 32.1570472717285 32.5217971801758 32.6135063171387 32.7884826660156 33.8521041870117 33.3719367980957 32.4594306945801 32.2282829284668 31.9928798675537 31.947717666626 33.8202667236328 34.7634963989258 34.8473777770996 33.9305267333984 32.836612701416 32.4883117675781 32.0935821533203 31.7945728302002 30.9263210296631 30.8655834197998 30.5325908660889 30.1955280303955 30.4001750946045 31.9627475738525 32.0413017272949 30.993803024292 29.8355751037598 30.677303314209 30.7612075805664
34.7762565612793 35.7546653747559 35.7939147949219 35.1965217590332 36.072208404541 36.2814254760742 36.3370475769043 36.3193321228027 36.2558059692383 36.0010833740234 35.882396697998 35.8045845031738 35.6052055358887 35.3719711303711 35.0419235229492 34.3857917785645 33.4438018798828 32.9471473693848 32.431224822998 32.7211570739746 32.8094749450684 33.3058776855469 32.6174812316895 32.4242553710938 32.0816764831543 31.4582538604736 31.6775512695312 33.6904945373535 34.6347961425781 34.6838340759277 34.6639785766602 34.467098236084 33.2158508300781 32.1517143249512 32.0747146606445 31.549036026001 31.6818866729736 31.4944667816162 31.152271270752 31.541145324707 33.1910285949707 33.2436065673828 32.7755584716797 32.1403770446777 32.0065002441406 31.3849830627441
35.6236038208008 35.9191665649414 35.9992179870605 35.9996795654297 36.0976142883301 36.2658462524414 36.3001670837402 36.2968559265137 36.2467346191406 36.1669273376465 35.962474822998 35.8923416137695 35.782829284668 35.5523300170898 35.2515563964844 34.7048072814941 33.7392082214355 33.2696990966797 32.4801750183105 32.3562812805176 32.4352645874023 32.929988861084 32.5075912475586 32.2163009643555 32.145092010498 32.1773529052734 33.0685653686523 34.2750625610352 34.6954498291016 34.123420715332 34.0263061523438 34.0319137573242 34.2640686035156 33.7017669677734 33.3939514160156 32.5377655029297 33.685604095459 33.5157508850098 33.4807472229004 33.4947967529297 33.2368240356445 32.2225456237793 31.2667503356934 31.0026416778564 30.8910350799561 30.2938556671143
35.3057823181152 36.1061134338379 36.1806640625 36.1986045837402 36.1949310302734 36.2056083679199 36.1755905151367 36.2286720275879 36.2217636108398 36.2025566101074 36.149341583252 36.0046539306641 35.7995872497559 35.619255065918 35.4036445617676 35.1237144470215 34.5761833190918 33.8281898498535 32.9863319396973 32.1925354003906 32.2232971191406 32.7274627685547 32.5881729125977 32.2722969055176 32.1112365722656 32.2878532409668 33.875 34.6756973266602 34.7509307861328 34.5514144897461 33.9961471557617 33.3156814575195 34.0932006835938 34.2122955322266 34.2531814575195 33.6648330688477 34.114875793457 33.7837219238281 33.633602142334 33.4470748901367 32.1176376342773 30.8092422485352 29.7871437072754 30.0628433227539 29.9911079406738 29.1892509460449
35.1465721130371 35.8462562561035 35.6491851806641 35.5144653320312 35.668083190918 36.0984344482422 36.1005783081055 36.1274147033691 36.1446075439453 36.1302337646484 36.093433380127 36.0621070861816 35.9357604980469 35.7628746032715 35.5887680053711 35.3352584838867 34.8367462158203 34.3699836730957 34.0629844665527 33.3538131713867 32.2935752868652 32.5527877807617 32.3009872436523 32.3808403015137 32.2432670593262 32.2115211486816 33.378849029541 34.6237373352051 34.7125663757324 34.3530082702637 34.1981315612793 33.0052719116211 33.328296661377 33.6076507568359 33.9381141662598 34.07275390625 33.9077186584473 33.7156715393066 33.2832107543945 33.3410606384277 32.9795112609863 31.5867805480957 30.9253158569336 31.3606739044189 31.0060214996338 30.0864734649658
35.5205459594727 35.825065612793 35.3752975463867 34.6291961669922 34.7512435913086 35.8195343017578 36.0571746826172 36.0195198059082 36.0389137268066 36.0576705932617 35.96875 36.0184631347656 35.9636268615723 35.8395156860352 35.6710929870605 35.4570541381836 35.0975685119629 34.3494682312012 33.8906402587891 33.3719139099121 32.6115036010742 32.5097274780273 32.3028030395508 32.0633163452148 32.024845123291 32.4502983093262 33.7035064697266 34.581111907959 34.0169258117676 33.7678298950195 33.8866386413574 33.4832153320312 33.1236953735352 32.7522277832031 32.4507141113281 32.9965515136719 32.7780914306641 33.1419525146484 33.0495262145996 32.8223266601562 32.5269660949707 32.8701248168945 32.5968399047852 32.2404670715332 31.5712585449219 31.1681499481201
35.6651153564453 35.7653732299805 35.554443359375 35.2053642272949 34.8658981323242 35.4912986755371 35.8354721069336 35.8637619018555 35.9188385009766 35.9883804321289 35.9770317077637 36.0249519348145 35.9566841125488 35.8906860351562 35.7172393798828 35.471794128418 35.1924095153809 34.9527549743652 34.5015182495117 33.765697479248 33.3323402404785 33.0363464355469 32.4615478515625 31.73779296875 31.9164085388184 32.193977355957 33.7964019775391 34.391902923584 32.2803573608398 31.82297706604 32.5413131713867 32.7826690673828 32.730598449707 32.4859390258789 31.9394435882568 31.6502685546875 32.2396392822266 32.0569305419922 32.0183181762695 31.9601306915283 31.6617031097412 31.3721027374268 31.593879699707 32.1196975708008 31.4437160491943 30.5360221862793
35.50537109375 35.530876159668 35.5671463012695 35.2583503723145 34.9445037841797 35.1591033935547 35.405387878418 35.6313323974609 35.7596282958984 35.9022827148438 35.8824043273926 35.8762092590332 35.976749420166 35.8993759155273 35.763484954834 35.4542198181152 35.4204216003418 35.2518997192383 34.9686279296875 34.5324897766113 34.3655052185059 33.4615821838379 32.7856330871582 32.2529487609863 32.2474021911621 32.6789245605469 33.8281517028809 33.7184219360352 33.3835983276367 33.2628555297852 32.3930816650391 32.3142471313477 32.0980262756348 31.9339542388916 31.2525501251221 30.9201221466064 31.0827198028564 31.03515625 31.2217674255371 31.0556964874268 31.0422554016113 30.284200668335 30.8586730957031 31.554349899292 31.3497581481934 30.167106628418
34.8754501342773 35.2386322021484 35.4831924438477 35.3660049438477 35.1411094665527 34.9955062866211 34.9774894714355 35.4040374755859 35.5353507995605 35.7378540039062 35.8349647521973 35.8305892944336 35.9013061523438 35.9216537475586 35.7173156738281 35.5993461608887 35.5044288635254 35.3779335021973 35.1949653625488 34.9633827209473 34.7278785705566 33.9077415466309 32.609073638916 32.707836151123 31.924446105957 32.5795783996582 33.6548004150391 33.0226058959961 33.2353477478027 33.7632598876953 33.6278038024902 33.4404106140137 32.6776924133301 32.1909217834473 30.7469482421875 29.714376449585 29.7403621673584 29.6468734741211 29.612060546875 29.9893417358398 30.1191577911377 30.263973236084 30.4187984466553 31.1238765716553 31.0043354034424 30.6819534301758
35.0149154663086 35.1115417480469 35.2715797424316 35.246410369873 35.2077941894531 34.8570823669434 34.6058082580566 34.3092193603516 35.0652542114258 35.6429443359375 35.8000984191895 35.8472595214844 35.940013885498 35.9375381469727 35.5860557556152 35.1203231811523 35.1372489929199 35.2072410583496 35.260383605957 35.1192741394043 34.9531173706055 34.4759407043457 33.2040748596191 33.5507659912109 32.4551544189453 32.4467887878418 32.6048278808594 32.968318939209 31.780891418457 32.5327339172363 32.1099510192871 32.2317848205566 33.6463661193848 33.1547622680664 32.0604209899902 30.1149101257324 29.3629856109619 29.3634395599365 28.8148536682129 29.1652221679688 29.6800060272217 29.6589431762695 29.7272567749023 30.8342742919922 30.4724006652832 30.0371780395508
35.0967559814453 34.9977645874023 35.067310333252 34.844913482666 35.0769386291504 34.9794807434082 34.7158355712891 34.4170951843262 34.641788482666 35.3476333618164 35.637393951416 35.8566055297852 35.9085655212402 35.8703231811523 35.8024101257324 35.3333969116211 34.8821411132812 34.6571922302246 34.9693946838379 35.1132431030273 34.9500198364258 34.776195526123 34.4009170532227 33.7350158691406 32.5108222961426 32.2657470703125 32.2025032043457 32.3097076416016 32.3662414550781 31.7613143920898 31.2566833496094 31.9843482971191 33.3466415405273 32.5000534057617 32.7462043762207 32.128662109375 31.6306190490723 31.5035915374756 30.7002182006836 29.793529510498 30.3749332427979 30.1037979125977 30.4211578369141 30.5693664550781 30.3209228515625 29.9350547790527
