inst/extdata/Tmax/Tmax39.asc
NCOLS 100 
NROWS 79 
XLLCORNER 148.06 
YLLCORNER -21.49 
CELLSIZE 0.01 
NODATA_value -3.4e+38 
[rows 40 to 59 of 79, columns 0 to 45 of 100]
24.939538955688501 24.5869407653809 25.4602565765381 26.0967903137207 25.2748985290527 25.1303043365479 25.1074638366699 25.095911026001 24.3756141662598 24.7201366424561 25.3046607971191 26.7569370269775 27.2226276397705 26.1952953338623 26.256799697876 25.7975158691406 25.6650886535645 24.9773464202881 24.3168964385986 24.5441913604736 24.5194702148438 24.6174163818359 24.5747661590576 24.5610408782959 22.9340858459473 23.133279800415 22.3536968231201 22.3554000854492 22.677433013916 21.636926651001 20.6658191680908 19.6248722076416 21.2090835571289 21.0147151947021 20.5012817382812 20.8833065032959 20.4576892852783 17.6570587158203 17.1733436584473 16.7492904663086 16.3308391571045 15.5296936035156 14.9834222793579 14.7435359954834 14.4775447845459 16.2913665771484
25.3983039855957 25.1221923828125 25.2311420440674 25.9107398986816 26.0302085876465 25.8831272125244 25.1447658538818 25.4791412353516 25.1046810150146 25.6979465484619 25.6862983703613 26.5350532531738 26.8068695068359 26.8232841491699 26.0913696289062 26.7988204956055 25.9833831787109 24.9890422821045 24.2756462097168 24.8059406280518 25.1868095397949 25.4034481048584 24.8081607818604 23.8739852905273 21.9400806427002 21.3803100585938 22.013765335083 22.1600818634033 22.4060859680176 21.9453048706055 20.8162517547607 20.7342987060547 21.0174160003662 21.6259384155273 18.7356185913086 19.7325134277344 19.1325950622559 17.5739231109619 17.4472217559814 18.9838523864746 18.7677040100098 16.5068988800049 14.5574922561646 14.4687776565552 14.5137319564819 14.8641605377197
25.4008941650391 25.3661022186279 25.5977325439453 25.6467266082764 25.5450668334961 25.3900852203369 25.3634204864502 25.7468891143799 25.4593124389648 25.6384582519531 26.0382270812988 26.737325668335 27.4796752929688 26.8851737976074 26.9410095214844 26.3870754241943 26.2687225341797 26.0770854949951 25.3108711242676 25.2434482574463 25.5375347137451 24.7576904296875 24.7198600769043 24.0065670013428 24.1089668273926 23.5036869049072 21.4573631286621 22.1661510467529 22.169750213623 21.6766815185547 20.1722373962402 20.1547355651855 19.0888385772705 19.1567363739014 17.9564113616943 18.3434257507324 16.2159271240234 17.0928115844727 17.3911609649658 16.8503913879395 17.5792770385742 16.6844348907471 16.9496192932129 15.6565961837769 15.5339050292969 16.3696727752686
24.6329956054688 25.1277236938477 25.5295696258545 25.6061725616455 25.8495044708252 25.6525478363037 26.3732070922852 26.1340942382812 25.6238174438477 25.5699901580811 25.7424659729004 26.3731098175049 26.8745250701904 27.0178833007812 27.3898315429688 27.422435760498 26.9422035217285 26.6849422454834 25.6924781799316 25.5239944458008 25.5948333740234 25.4420852661133 24.8644104003906 23.5089263916016 23.6996803283691 23.5873508453369 23.1514911651611 22.8742370605469 22.1106014251709 22.3351726531982 21.2160396575928 20.8075675964355 22.1291904449463 20.9211444854736 21.2157077789307 15.2168960571289 15.7823486328125 15.9101753234863 16.1359195709229 15.7788238525391 15.4382963180542 16.1410827636719 15.7957735061646 16.5877170562744 18.1275787353516 20.3833522796631
24.3198413848877 24.97536277771 24.8945178985596 24.8859024047852 25.5099277496338 25.6552906036377 25.6971302032471 25.8875560760498 25.7056121826172 25.9160327911377 25.6994152069092 26.5523223876953 26.6172847747803 27.2344436645508 27.5071048736572 27.2807807922363 26.8590354919434 27.0179042816162 26.8333911895752 26.6402492523193 26.0547866821289 25.8593635559082 25.0534629821777 25.5878448486328 24.8794460296631 23.7465553283691 23.7558574676514 23.0582904815674 23.3847770690918 22.5282440185547 22.306116104126 21.8701934814453 22.3055858612061 24.0796012878418 24.0425777435303 16.0255355834961 14.7926158905029 14.8331336975098 14.960394859314 15.4747724533081 15.2478313446045 15.7173414230347 15.1226987838745 15.8453168869019 17.3085098266602 20.3402919769287
25.4604091644287 24.8912887573242 24.4080066680908 24.5340785980225 25.2013778686523 25.1169357299805 25.413818359375 25.8186168670654 25.9235420227051 25.8396511077881 25.6823139190674 26.178014755249 26.0217666625977 27.1193962097168 27.7405376434326 27.2520542144775 26.7253456115723 27.291467666626 26.5001525878906 26.21164894104 26.1096858978271 25.7499198913574 25.2128887176514 24.0988540649414 24.7762928009033 24.7234992980957 23.1917953491211 23.5702304840088 23.7158737182617 22.6612644195557 21.557445526123 21.4503364562988 22.4906978607178 22.5086631774902 24.5423374176025 21.1683292388916 15.6060047149658 14.8486623764038 14.9163122177124 15.6796083450317 14.9675817489624 15.3773355484009 15.8628616333008 15.8933668136597 16.9183483123779 17.5853576660156
24.1602172851562 24.6249313354492 25.0707912445068 24.3217334747314 24.2050552368164 24.6693363189697 25.3298377990723 25.480920791626 25.4922752380371 25.288064956665 25.8823852539062 26.0002498626709 25.1040477752686 25.7778434753418 27.2052307128906 26.0227432250977 26.0667095184326 27.1604099273682 26.9220428466797 25.6206741333008 25.7976779937744 25.4395599365234 25.5092811584473 25.803035736084 23.1813449859619 23.547046661377 23.5044231414795 23.6853656768799 23.8272037506104 23.9556522369385 22.3225193023682 21.8293876647949 21.4530925750732 21.7255268096924 23.1577205657959 23.1260833740234 15.831524848938 15.9943943023682 15.857138633728 16.5173587799072 15.8001852035522 15.702091217041 15.9391813278198 21.5533142089844 17.1915264129639 16.2544384002686
25.4600429534912 24.2543392181396 25.1919212341309 24.0885887145996 24.0864791870117 24.3519172668457 24.56422996521 24.4977607727051 24.3650608062744 25.0129909515381 24.7643909454346 24.8272743225098 25.2008361816406 26.0548343658447 26.9300365447998 27.0837020874023 26.4718437194824 26.8909740447998 26.7335376739502 25.7387676239014 26.3361568450928 26.260196685791 24.9068984985352 25.1323165893555 24.8447074890137 25.5793418884277 25.1380062103271 24.4886493682861 24.5751857757568 24.4409236907959 23.8041954040527 23.0683078765869 21.8357677459717 22.8261966705322 22.809591293335 21.757848739624 21.4485950469971 19.4061164855957 17.2533664703369 17.208517074585 16.7064361572266 16.5999088287354 16.6127471923828 16.443042755127 15.7883987426758 15.5025072097778
26.8270015716553 24.9643421173096 23.6930541992188 23.3608474731445 23.4983234405518 24.5851211547852 24.1017646789551 23.9927749633789 23.9003658294678 24.7404937744141 24.9072360992432 24.7059478759766 25.1818408966064 26.241060256958 27.088773727417 26.2232131958008 26.2414665222168 25.9052848815918 26.4284076690674 25.3651027679443 25.4934711456299 26.4622325897217 26.2202987670898 25.9060859680176 25.2906284332275 24.7070159912109 25.6865921020508 26.290864944458 25.6993579864502 24.5808982849121 23.6057224273682 23.6697597503662 22.8003101348877 22.5575618743896 22.5223159790039 22.5397453308105 22.8484001159668 22.6700839996338 22.7792186737061 21.0549907684326 16.0598659515381 16.0989589691162 16.3734378814697 15.9719171524048 15.9150114059448 15.5608739852905
27.0504875183105 26.0467109680176 25.10888671875 23.2504177093506 23.1844234466553 23.2826232910156 23.8649845123291 23.9839897155762 23.9834995269775 25.4101943969727 26.2396659851074 25.712589263916 25.3017730712891 25.4700469970703 25.6146125793457 25.6773071289062 26.1949996948242 26.3703899383545 25.9858646392822 26.6655540466309 25.505277633667 26.0136737823486 26.3984870910645 26.2549571990967 25.7518253326416 26.2526359558105 24.6453037261963 25.7227210998535 25.1484985351562 24.4581336975098 23.4653911590576 24.0097274780273 22.1147861480713 22.0690326690674 22.3056659698486 18.9288291931152 22.990665435791 22.6979923248291 22.3678970336914 22.5004825592041 21.1023349761963 15.9495420455933 15.6666326522827 17.9090938568115 17.856128692627 18.3925819396973
27.4117469787598 26.5547313690186 26.0646648406982 23.6612186431885 23.6102619171143 23.1956424713135 23.3536605834961 23.9889907836914 23.922830581665 25.1590824127197 26.2743072509766 26.0812664031982 26.2028121948242 26.5732364654541 26.4001045227051 26.001579284668 26.2961559295654 26.2883453369141 26.3056392669678 25.5065059661865 26.4554882049561 26.2567691802979 25.9730491638184 25.5096035003662 25.2180671691895 25.1986694335938 24.7912445068359 24.2188835144043 25.1488265991211 24.9098529815674 23.7811603546143 23.958703994751 22.4832935333252 22.6737575531006 21.0146312713623 22.0430927276611 21.9574604034424 22.3876991271973 22.2130146026611 22.2939357757568 21.8862934112549 21.1497993469238 19.887149810791 19.0481662750244 17.6802673339844 17.5524845123291
27.1828002929688 27.3418617248535 26.1970977783203 24.4900283813477 24.1949844360352 24.567102432251 23.9444694519043 23.5077648162842 22.8357105255127 23.8003635406494 25.8102188110352 26.4516410827637 26.6711921691895 25.8711624145508 26.4375839233398 26.3670063018799 26.5187301635742 26.8654651641846 26.9938354492188 25.7900543212891 26.6471881866455 26.5426387786865 25.1515197753906 25.1665534973145 25.0127601623535 24.124828338623 23.9942855834961 24.1599006652832 24.96653175354 25.6436138153076 25.4531135559082 23.3450508117676 22.9999084472656 22.0533618927002 21.7451457977295 21.2010860443115 21.2648143768311 22.0161266326904 21.9571132659912 21.960542678833 21.2395668029785 20.9618988037109 20.4732189178467 19.5763359069824 15.7394847869873 15.5461874008179
26.6371440887451 27.2345294952393 26.9265213012695 23.3598575592041 22.8114261627197 23.6637725830078 23.5573577880859 23.7273960113525 22.8430156707764 23.0544013977051 24.8383617401123 24.5164566040039 25.3830337524414 26.4779777526855 26.0900726318359 26.5030040740967 26.6903743743896 26.9684829711914 26.8377799987793 26.7179794311523 26.6591167449951 26.4573669433594 26.2975788116455 25.1901378631592 26.1182155609131 25.7912158966064 24.3816699981689 24.4513149261475 24.5605297088623 25.2550678253174 25.2945137023926 23.9179782867432 22.936580657959 22.3013725280762 22.275857925415 22.9934978485107 21.1477699279785 20.8838233947754 21.6069507598877 22.6854209899902 22.6018619537354 21.8899536132812 21.8146419525146 20.9853000640869 16.0501918792725 15.4499425888062
26.9413414001465 26.4264144897461 26.353141784668 24.1558837890625 23.0725765228271 24.290018081665 24.2896518707275 23.7276477813721 22.9341220855713 23.064697265625 24.6534690856934 24.1589012145996 26.1709003448486 26.1446838378906 26.0196170806885 26.862476348877 26.5312767028809 26.9211845397949 25.7013130187988 26.5326862335205 26.6259651184082 26.6907997131348 26.5100135803223 25.6897735595703 25.0498676300049 25.2545337677002 25.2559967041016 24.6946544647217 24.2112293243408 24.5329437255859 24.9117984771729 25.2184352874756 25.2207145690918 24.4025325775146 23.3975639343262 23.9845943450928 22.6212272644043 21.7483177185059 20.4676704406738 21.8600769042969 22.8837280273438 23.0507164001465 22.4529647827148 22.2083473205566 19.6722621917725 19.2144622802734
26.668176651001 25.8303279876709 26.0432720184326 25.1280174255371 24.6097984313965 24.381196975708 24.9086856842041 24.4434871673584 24.7313556671143 23.8046817779541 23.8397750854492 24.6494216918945 24.8783588409424 25.8139705657959 26.5687484741211 26.7417697906494 26.6618175506592 26.8448677062988 26.8111934661865 25.9927940368652 26.0050601959229 26.651346206665 26.2206230163574 26.69948387146 25.8859119415283 25.2133255004883 24.6834926605225 25.0778961181641 23.6798343658447 24.8076114654541 24.4281311035156 23.9300880432129 24.9264526367188 24.6584625244141 25.5439414978027 23.1967830657959 23.2869052886963 23.8870849609375 23.5672740936279 22.2704772949219 22.2370738983154 21.4274559020996 20.6735000610352 19.8634071350098 19.993465423584 16.8901691436768
26.764835357666 26.7941360473633 26.6432857513428 25.5880489349365 25.2243194580078 25.0796432495117 25.5018424987793 25.8899765014648 25.0883941650391 23.946008682251 24.7241916656494 26.0764007568359 25.7955265045166 26.7626686096191 26.5507411956787 26.6579265594482 25.3951892852783 26.0010185241699 26.1485576629639 26.1762752532959 25.8050651550293 25.8779258728027 25.499698638916 26.1213188171387 25.7672424316406 26.0189971923828 25.1432075500488 25.4953994750977 24.4059371948242 24.8372039794922 24.9492282867432 24.4483413696289 23.7662792205811 23.7646179199219 24.2254581451416 24.8577919006348 24.4919319152832 24.3555011749268 23.5623664855957 21.9454345703125 21.3173885345459 22.0988540649414 20.0567092895508 16.4730606079102 16.9039363861084 16.6721115112305
26.2808074951172 26.6827812194824 26.2438659667969 26.8316783905029 25.6506881713867 24.3545818328857 25.043004989624 25.8029022216797 25.4219169616699 24.6593799591064 24.5439453125 26.3129253387451 26.6797428131104 25.5367183685303 26.1717262268066 26.5773239135742 25.3136825561523 25.7288112640381 26.0352783203125 25.1346530914307 25.3356494903564 25.654369354248 25.871072769165 25.7443046569824 25.7767963409424 25.6959896087646 25.490177154541 24.9836330413818 24.6682243347168 25.1532402038574 23.4665145874023 24.2679424285889 22.6482067108154 22.6959476470947 23.1494026184082 24.2979564666748 23.6519641876221 22.5818958282471 22.4985466003418 17.7452011108398 17.3854198455811 20.9283885955811 19.6880054473877 16.0280494689941 16.5181350708008 16.6747550964355
26.7622032165527 27.0694751739502 26.6848850250244 26.4625225067139 25.9882507324219 26.2482013702393 25.1604499816895 25.0738182067871 25.4890270233154 25.3875255584717 24.0549621582031 25.3423004150391 26.6988353729248 26.4063911437988 25.9865188598633 26.5251407623291 25.9624538421631 25.7464618682861 24.4074840545654 25.6430778503418 25.9657745361328 26.0512256622314 25.2102680206299 25.68115234375 26.3752841949463 25.6988639831543 25.5215740203857 25.0309791564941 25.114875793457 25.5776214599609 24.8987102508545 24.7659378051758 24.5619125366211 23.9973812103271 22.8427276611328 22.9294738769531 23.8294143676758 23.0233917236328 21.8329048156738 17.630054473877 17.503396987915 21.6335926055908 17.054271697998 16.7629318237305 16.094913482666 16.2808456420898
27.0119132995605 26.960901260376 27.0707931518555 26.69313621521 26.6209678649902 25.9749526977539 24.97438621521 24.7524814605713 25.0149364471436 24.0851993560791 24.3849620819092 26.4309005737305 26.1657085418701 26.8576316833496 25.9692611694336 26.0223236083984 24.8367595672607 24.6912746429443 24.6465530395508 24.6858386993408 24.7633781433105 25.1169452667236 24.4238033294678 25.0668106079102 26.2766265869141 25.6154041290283 25.2502593994141 25.3251571655273 25.1396503448486 25.641622543335 24.8266525268555 24.7836894989014 24.6328964233398 24.0576725006104 23.9753227233887 22.9210052490234 22.8617973327637 22.3920154571533 18.2742328643799 18.1618709564209 17.8477764129639 21.0483779907227 17.1697177886963 16.3492660522461 16.3978805541992 16.2968254089355
26.8295059204102 26.2178993225098 26.9509391784668 25.8965167999268 26.6151103973389 25.3801193237305 25.269380569458 24.59521484375 25.0063667297363 24.1228504180908 24.1645736694336 23.8110694885254 25.6706390380859 26.5293579101562 26.4828701019287 25.7594966888428 24.620267868042 24.7190704345703 24.618236541748 23.94264793396 24.2892742156982 25.6558284759521 24.6931056976318 25.041955947876 25.090217590332 25.5509567260742 25.371955871582 25.1697425842285 25.3406677246094 25.9777679443359 25.0105247497559 24.5964908599854 24.1916522979736 24.9423332214355 24.5669345855713 24.1627178192139 23.4861717224121 22.2665996551514 21.6957683563232 21.6260643005371 20.9934768676758 21.0314769744873 20.2854671478271 16.4707374572754 16.3542175292969 16.3380661010742
