inst/extdata/Tmax/Tmax155.asc
NCOLS 100 
NROWS 79 
XLLCORNER 148.06 
YLLCORNER -21.49 
CELLSIZE 0.01 
NODATA_value -3.4e+38 
[rows 20 to 39 of 79, columns 46 to 91 of 100]
34.6678466796875 33.0856170654297 33.2774658203125 34.5452919006348 34.3116226196289 33.794490814209 33.5399436950684 32.4626770019531 34.1379241943359 35.6831855773926 36.8095397949219 36.3538360595703 36.3481750488281 37.0091438293457 36.6714973449707 36.4109802246094 36.7186660766602 37.3188018798828 37.4961051940918 37.5165328979492 37.4672546386719 37.3647537231445 37.6753997802734 37.7744789123535 37.7383575439453 37.6698532104492 37.5798377990723 37.6300888061523 37.6106109619141 37.2924423217773 37.3696403503418 37.6525268554688 37.5602378845215 37.2931098937988 37.3120269775391 37.2971420288086 37.2321128845215 37.2432518005371 37.2433776855469 37.2278251647949 37.1633987426758 37.0236930847168 36.4656028747559 36.3631477355957 36.6038856506348 36.6121597290039
34.9280624389648 33.061637878418 31.9831008911133 33.5614929199219 33.4379425048828 32.9335556030273 33.7247123718262 31.9874076843262 33.1392822265625 35.1550521850586 36.5075759887695 35.1505317687988 34.4981956481934 36.4074935913086 35.2016448974609 34.849666595459 35.7694435119629 37.1436347961426 37.1689262390137 37.6146621704102 37.7285194396973 37.7404670715332 37.5440254211426 37.2125511169434 37.2222938537598 37.3073425292969 37.4899444580078 37.4758529663086 37.398567199707 37.3310699462891 37.6431732177734 37.7024536132812 37.6532211303711 37.2944793701172 37.39453125 37.362678527832 37.246654510498 37.2707214355469 37.2874526977539 37.2963447570801 37.1834335327148 37.0926818847656 36.9152755737305 36.7321357727051 36.6078338623047 36.605598449707
35.4746704101562 35.0361289978027 33.3150100708008 32.7194023132324 32.2795524597168 33.3292198181152 32.7837791442871 33.0139427185059 32.4521141052246 33.315544128418 35.5287399291992 35.9684104919434 34.4102249145508 34.842113494873 34.5039558410645 35.1059303283691 36.2238578796387 36.6590957641602 35.2855911254883 36.6207885742188 37.4621620178223 37.549877166748 36.9411849975586 36.107738494873 36.7430305480957 36.7418365478516 37.3635215759277 37.5722389221191 37.2766532897949 37.5022773742676 37.6839637756348 37.7390060424805 37.7434997558594 37.6900253295898 37.5938415527344 37.418830871582 37.2447395324707 37.1241455078125 37.2100257873535 37.3250846862793 37.2299308776855 37.179759979248 36.9257469177246 36.8183937072754 36.6965866088867 36.8446731567383
34.8951454162598 34.744930267334 34.1787567138672 33.4465179443359 32.0756683349609 32.7565498352051 33.353687286377 33.5354461669922 33.3052558898926 32.8877220153809 34.1235961914062 34.1080207824707 35.0587539672852 33.4001846313477 34.2491416931152 35.8212814331055 35.8130226135254 36.2223892211914 34.8401908874512 36.9904251098633 37.7919616699219 37.6920433044434 36.7396240234375 35.3713912963867 36.657958984375 36.8485260009766 36.9701156616211 37.4606742858887 37.6754035949707 37.7492141723633 37.7725219726562 37.8084030151367 37.7928161621094 37.7140655517578 37.6224746704102 37.4708938598633 37.051155090332 36.706901550293 36.8633804321289 37.1648941040039 37.1536903381348 37.2289237976074 36.9829559326172 36.9720649719238 36.7292938232422 36.7649269104004
33.0966606140137 34.3242225646973 34.6506385803223 34.4281044006348 33.4811820983887 32.8907890319824 32.8932685852051 32.597785949707 33.4317207336426 32.9243812561035 32.9221878051758 32.480152130127 34.2995414733887 35.2120170593262 34.3819198608398 35.4934844970703 36.3184509277344 36.9388465881348 36.6374206542969 37.7025451660156 37.7152328491211 37.5777130126953 36.8869819641113 36.0423049926758 36.8710594177246 37.181999206543 36.8849639892578 36.9980049133301 37.1223640441895 37.6457099914551 37.4860992431641 37.8326377868652 37.7187957763672 37.6948127746582 37.6203155517578 37.2802467346191 37.2022399902344 36.6226997375488 36.3477973937988 36.8504219055176 37.0076675415039 37.1262969970703 36.9665641784668 37.043342590332 37.1193313598633 36.9720611572266
31.701587677002 32.6490592956543 33.9031105041504 33.8286094665527 33.035213470459 32.3206939697266 31.9503288269043 31.4004516601562 32.5454139709473 33.1382217407227 32.6382102966309 32.8625373840332 34.1784820556641 36.2098426818848 35.7008209228516 35.8009757995605 35.982105255127 37.4276275634766 37.5436134338379 37.5465660095215 37.5473518371582 37.2407341003418 35.9769325256348 36.0515060424805 36.177131652832 36.8527946472168 36.5873413085938 35.964656829834 36.6292190551758 37.7178764343262 37.6666412353516 37.8028411865234 37.7768974304199 37.7630462646484 37.6390533447266 37.4927635192871 37.5241851806641 36.9236297607422 36.4109344482422 36.7712860107422 36.463809967041 36.6175155639648 36.3429756164551 37.0286674499512 37.0912666320801 37.0808792114258
31.5856857299805 31.4361038208008 32.1283569335938 32.7449111938477 33.4028282165527 31.2530975341797 30.9935550689697 31.8095378875732 32.3014183044434 33.0190238952637 33.039794921875 33.4381828308105 35.1811752319336 36.1460876464844 36.6798248291016 36.8693199157715 37.0311126708984 37.5681304931641 37.2118301391602 37.0556945800781 37.0989303588867 36.6587677001953 36.8687858581543 37.1623344421387 37.1872291564941 36.5759696960449 36.1556396484375 37.1062088012695 37.3840141296387 37.3542785644531 36.7911376953125 37.4912719726562 37.6685981750488 37.7685432434082 37.7697563171387 37.6864547729492 37.3655700683594 37.0445251464844 37.1423873901367 36.9115905761719 36.7958908081055 36.2468795776367 36.7579917907715 36.9869155883789 36.9194107055664 36.825080871582
31.7569618225098 31.2638187408447 31.5637855529785 31.8053779602051 32.3371772766113 30.6991443634033 30.4228820800781 30.8368244171143 32.1085510253906 32.8382415771484 32.3386421203613 32.9030380249023 33.7726898193359 34.9514694213867 36.4602088928223 36.1361198425293 37.2861251831055 37.5569229125977 36.85205078125 36.1049652099609 36.779956817627 37.0026893615723 37.3487167358398 37.5989990234375 37.7254867553711 37.310619354248 37.3222045898438 37.6986198425293 37.7767066955566 37.0676116943359 36.6218490600586 37.1975708007812 37.325569152832 37.7602462768555 37.8199653625488 37.7700538635254 37.6309776306152 37.4310417175293 37.0401802062988 36.2640686035156 36.0356063842773 35.9201240539551 35.9744338989258 36.6833686828613 36.7512474060059 37.1640892028809
32.5992660522461 32.1850204467773 32.9207420349121 32.7754135131836 32.3999710083008 31.0353469848633 31.8035354614258 31.5551013946533 31.8603515625 32.4419784545898 32.1710357666016 32.4457740783691 32.5818176269531 34.7151412963867 36.0304832458496 35.3104095458984 36.8740234375 37.1916694641113 36.8903617858887 35.748836517334 36.0368423461914 37.183765411377 37.6081619262695 37.7512817382812 37.787525177002 37.6999320983887 37.7288932800293 37.8574409484863 37.4822387695312 36.7707557678223 36.6410446166992 37.3379859924316 37.776969909668 37.8277168273926 37.8318939208984 37.8161582946777 37.7867088317871 37.6645126342773 37.4286651611328 36.2861480712891 35.6969985961914 34.8889579772949 35.9002265930176 35.9066696166992 36.8384780883789 37.2253341674805
34.1480903625488 34.0074195861816 33.4517860412598 33.3987617492676 32.8984870910645 32.4231033325195 32.1413612365723 31.1709804534912 31.8063621520996 31.3142776489258 30.8331413269043 32.1352729797363 32.471248626709 34.2707633972168 35.2942581176758 34.5337944030762 35.307788848877 36.1398239135742 36.7344360351562 36.6228446960449 36.1674690246582 37.1852722167969 37.6794319152832 37.4932746887207 37.4812889099121 37.1741714477539 37.6084747314453 37.8676071166992 36.9432067871094 36.0866889953613 36.7710304260254 37.368480682373 37.7369537353516 37.830623626709 37.8549499511719 37.8112373352051 37.8049926757812 37.7273635864258 37.5533714294434 37.1765403747559 36.5004501342773 36.0108070373535 35.5893020629883 35.4109687805176 36.3190002441406 36.8325614929199
33.0877227783203 33.097110748291 33.1323699951172 32.7913551330566 32.3291473388672 32.5500946044922 31.6832733154297 31.1802158355713 30.6746406555176 30.7660160064697 30.1774864196777 31.0914535522461 31.088306427002 33.2618637084961 34.2415428161621 33.133903503418 33.6599159240723 35.2856559753418 36.6786575317383 37.2631149291992 36.7781524658203 37.419261932373 37.6441078186035 37.2514266967773 37.2463188171387 37.3877143859863 37.8691825866699 37.8568305969238 37.3166351318359 36.6516914367676 37.038143157959 37.3345565795898 37.7800178527832 37.8161849975586 37.7807388305664 37.761646270752 37.7731857299805 37.7109107971191 37.6503715515137 37.4646949768066 37.2239227294922 36.6845817565918 36.3102073669434 36.2842063903809 36.5271835327148 36.957878112793
32.3710060119629 32.6346740722656 32.5306091308594 32.4927253723145 31.617151260376 32.4011764526367 31.4646167755127 30.2286739349365 29.6331615447998 30.0237865447998 29.6935272216797 30.3757476806641 31.1622161865234 32.9936103820801 33.2992515563965 32.9455337524414 35.0559730529785 36.0822486877441 36.8761100769043 37.3843383789062 37.6766624450684 37.7492179870605 37.7055397033691 37.6284713745117 37.4188194274902 37.7295341491699 37.8704605102539 37.7663536071777 37.3952293395996 36.7502136230469 36.8471260070801 37.4548797607422 37.6837997436523 37.2231292724609 37.6124114990234 37.738109588623 37.7289428710938 37.7042007446289 37.6740646362305 37.5781784057617 37.2912940979004 36.5345344543457 36.894157409668 36.9514198303223 36.8731117248535 36.8123550415039
31.6966285705566 32.0008583068848 31.8503017425537 32.1235122680664 32.2160110473633 32.2212333679199 31.8590488433838 30.7575149536133 30.856050491333 30.9617137908936 29.9445838928223 29.7482757568359 30.7030601501465 32.9195175170898 33.4308166503906 33.9322509765625 33.9943199157715 34.8667945861816 36.8259582519531 37.448802947998 37.6561470031738 37.6232490539551 37.4845771789551 37.449634552002 37.622371673584 37.7154998779297 37.7027549743652 37.3170280456543 36.3650741577148 36.5611686706543 36.9029312133789 37.7306060791016 37.4683380126953 36.9015121459961 37.6139106750488 37.5539169311523 37.5949096679688 37.665168762207 37.5819702148438 37.3087692260742 36.7205505371094 35.4280204772949 35.177921295166 36.2738723754883 36.6601753234863 36.972339630127
32.3695983886719 31.8984394073486 31.7446269989014 31.915470123291 32.0565757751465 31.9710807800293 31.5263137817383 31.1534042358398 31.7347145080566 31.0499496459961 30.9131622314453 30.9060478210449 31.6984462738037 32.8276519775391 32.9875183105469 33.7056617736816 34.664249420166 35.9032287597656 36.887767791748 37.3318710327148 37.6851425170898 37.6771812438965 37.1840400695801 36.9064979553223 37.1570892333984 37.0255241394043 37.1473999023438 37.3359260559082 37.2398567199707 37.2389221191406 37.5604057312012 37.8477058410645 37.2264938354492 37.153377532959 37.7514038085938 37.2480850219727 37.4019966125488 37.3750381469727 37.4658851623535 37.1770133972168 35.7223320007324 34.9725685119629 34.372730255127 36.2401695251465 36.8292961120605 36.657958984375
32.7890357971191 31.5970058441162 31.5548248291016 31.6719646453857 31.8152275085449 31.6791458129883 31.7049522399902 32.2588844299316 31.9070014953613 31.1522331237793 32.2790870666504 32.7374534606934 32.9244537353516 32.3123970031738 32.3400840759277 33.3740577697754 34.6092681884766 36.045238494873 36.1663589477539 37.024112701416 37.5084648132324 37.5474166870117 37.0759124755859 36.8450241088867 36.0404014587402 36.6399154663086 37.1908874511719 37.3646926879883 37.6218032836914 37.6475715637207 37.8326873779297 37.7878494262695 37.768138885498 37.8117408752441 37.7808609008789 37.5434265136719 36.5989532470703 37.2289848327637 37.4372024536133 37.401969909668 37.3666572570801 36.092700958252 35.9449081420898 37.2970237731934 37.5892715454102 37.5680999755859
32.841178894043 31.8558921813965 31.5197334289551 31.4516143798828 31.6669902801514 31.4823303222656 32.1609840393066 33.7880783081055 32.9326705932617 32.2577476501465 34.0932197570801 34.7491607666016 34.3824310302734 32.4569511413574 32.8644371032715 32.9727973937988 34.8555107116699 34.9510154724121 34.837474822998 35.8368682861328 37.0497055053711 37.3070297241211 36.9899749755859 37.0010795593262 36.8850631713867 36.5507164001465 36.6473159790039 36.8175430297852 37.5438194274902 37.5242652893066 37.6140975952148 37.4347152709961 37.656566619873 37.8233871459961 37.5459060668945 37.5346984863281 36.8666458129883 37.0129127502441 37.3066368103027 37.1566886901855 37.5860824584961 37.6035842895508 37.5195808410645 37.5768356323242 37.7015495300293 37.580509185791
32.5570526123047 31.9093055725098 31.7035083770752 31.8901176452637 31.8292446136475 31.9241180419922 32.3532676696777 34.4542541503906 34.6377487182617 33.334098815918 35.2517127990723 36.1955757141113 35.473274230957 34.307502746582 34.2384986877441 34.8191680908203 35.5288467407227 36.0481224060059 36.4088287353516 36.7527809143066 36.9916839599609 36.7353706359863 35.3456954956055 35.6665496826172 36.2437705993652 35.8643913269043 36.1092796325684 37.0147247314453 37.4209060668945 37.6459426879883 36.5453224182129 36.5422782897949 37.4030532836914 37.7257652282715 37.2520065307617 37.28857421875 36.4870109558105 37.037296295166 37.2605628967285 37.1280517578125 37.6070747375488 37.7072525024414 37.7463912963867 37.7575263977051 37.7144165039062 37.3997917175293
32.5791397094727 32.1824798583984 32.1434783935547 32.2995681762695 32.495548248291 32.6330947875977 33.4426383972168 35.1323852539062 35.0219612121582 34.5627937316895 35.9104690551758 37.0873336791992 36.230052947998 35.1022109985352 34.586353302002 36.3310966491699 36.7358894348145 36.9773826599121 37.2112121582031 37.2570266723633 36.828182220459 36.5713920593262 36.7027587890625 36.1415176391602 36.5116348266602 37.0161094665527 37.2578773498535 37.3558921813965 37.5885543823242 37.5309143066406 35.8582916259766 36.6308937072754 37.519645690918 37.4565200805664 37.0309410095215 36.9958992004395 36.8478469848633 37.3877906799316 37.4324073791504 37.4560737609863 37.434211730957 37.6150817871094 37.6781921386719 37.7024230957031 37.6405944824219 37.596565246582
32.5281982421875 32.2384719848633 32.7861137390137 33.5431900024414 33.6584968566895 34.1191596984863 35.1813888549805 35.7735481262207 35.1958198547363 35.5654983520508 36.9858131408691 37.5515594482422 36.9853134155273 35.911678314209 35.1802406311035 36.2652397155762 36.2846984863281 36.6218376159668 37.4227256774902 37.6525344848633 37.3425216674805 37.0039405822754 37.3777656555176 37.1923217773438 37.0732498168945 37.5749588012695 37.4851112365723 37.4160232543945 37.6993255615234 37.479377746582 36.8440208435059 37.3533248901367 37.5519218444824 37.2530670166016 36.2982711791992 36.2639389038086 36.6192588806152 37.384033203125 37.0990829467773 37.0920639038086 37.1210098266602 37.4330825805664 37.4275512695312 37.5038719177246 37.3679580688477 37.5080947875977
32.5760040283203 32.767162322998 33.9025192260742 34.6385917663574 35.3224716186523 36.2339935302734 36.8482513427734 36.1804122924805 34.3434867858887 34.9544143676758 36.4017944335938 37.5744895935059 37.1371879577637 36.7983322143555 35.854190826416 36.9228324890137 37.1034278869629 36.4676818847656 37.3129348754883 37.6960220336914 37.6460418701172 37.2049407958984 37.5752334594727 37.700267791748 37.5555229187012 37.6574172973633 37.4790153503418 36.7003326416016 37.556095123291 37.7199211120605 37.638313293457 37.5412826538086 37.2283248901367 36.8915176391602 36.0294151306152 36.0956382751465 36.8987007141113 36.8466644287109 36.7128753662109 36.5332069396973 36.6909255981445 37.019645690918 36.8321762084961 37.2145614624023 36.7525100708008 37.1551094055176
