inst/extdata/Tmax/Tmax106.asc
NCOLS 100 
NROWS 79 
XLLCORNER 148.06 
YLLCORNER -21.49 
CELLSIZE 0.01 
NODATA_value -3.4e+38 
[rows 40 to 59 of 79, columns 46 to 91 of 100]
31.4205493927002 32.2995529174805 32.6812171936035 33.4788093566895 35.1647491455078 36.2885894775391 35.7669258117676 33.6677856445312 33.3242454528809 34.0458297729492 34.6322402954102 36.6159133911133 36.2041282653809 36.4703559875488 35.5487442016602 36.7095680236816 36.9443588256836 36.6397323608398 36.7752571105957 36.9108276367188 36.9548454284668 35.9145545959473 36.3790016174316 36.7628936767578 36.8862495422363 36.9652442932129 36.8759613037109 36.4709434509277 36.7012901306152 36.9417114257812 36.9268417358398 36.7620315551758 36.4220657348633 35.0346641540527 35.366569519043 36.147705078125 36.0660705566406 35.981761932373 36.2714538574219 35.6735954284668 34.8609733581543 35.4206085205078 35.7970733642578 35.5874061584473 35.9046783447266 35.9794807434082
32.6247978210449 33.6817207336426 33.6028213500977 33.5599479675293 35.2016220092773 36.6094512939453 35.3413047790527 34.9169311523438 35.6003799438477 35.7130889892578 36.1337280273438 36.943775177002 36.8334312438965 36.8719520568848 36.725658416748 37.0904426574707 37.1556777954102 37.1012573242188 37.0729751586914 37.1170043945312 37.1242065429688 36.550220489502 35.788875579834 36.2105178833008 36.1438674926758 36.7062797546387 37.0679664611816 36.5634956359863 36.5703430175781 37.0223808288574 37.0843734741211 36.9966659545898 36.8308944702148 36.1752090454102 36.4638214111328 36.5194549560547 36.3028106689453 36.3147735595703 36.4478034973145 36.6036834716797 35.5424766540527 35.8159637451172 36.5156021118164 36.316276550293 36.4813842773438 36.4386291503906
34.9158020019531 35.1291351318359 35.3464736938477 35.8976745605469 36.2854232788086 36.8533630371094 36.378490447998 35.7970657348633 36.3944625854492 36.8663482666016 36.7822303771973 37.156551361084 37.2142562866211 37.1444206237793 37.1327323913574 37.2399635314941 37.2719917297363 37.2649993896484 37.2487564086914 37.2559204101562 37.1838722229004 36.1552772521973 35.9533271789551 36.528736114502 35.9724464416504 36.4849815368652 36.9931335449219 36.9029731750488 36.8580513000488 37.1540107727051 37.2015113830566 37.1948165893555 37.1674880981445 37.0586700439453 36.9659271240234 36.6119537353516 35.6126976013184 36.2943687438965 36.8996620178223 36.9083518981934 36.7725067138672 36.7230606079102 36.8666038513184 36.9181480407715 36.975154876709 36.9359703063965
36.2826347351074 36.3209609985352 36.4838447570801 36.6635398864746 36.9449615478516 37.0573768615723 36.9632263183594 36.71826171875 36.9297294616699 37.1931343078613 37.2029418945312 37.27734375 37.2716674804688 37.2484817504883 37.2890739440918 37.2692413330078 37.2153396606445 37.2069625854492 37.2607612609863 37.3114280700684 37.2883796691895 37.0282211303711 36.7674751281738 36.9779853820801 36.8476409912109 36.3669700622559 36.7032470703125 37.0182075500488 37.2032012939453 37.2428588867188 37.2604942321777 37.2503967285156 37.2332763671875 37.202507019043 37.2098388671875 37.055347442627 36.5430641174316 36.9004058837891 37.1107635498047 37.106201171875 37.0732154846191 37.0832901000977 37.0803527832031 37.1103477478027 37.1284141540527 37.113166809082
36.0797157287598 36.3979988098145 36.7091484069824 36.7341651916504 36.8130798339844 36.9743232727051 37.0319747924805 37.1268539428711 37.1754379272461 37.129093170166 36.9047775268555 37.0444221496582 36.9767646789551 36.7031707763672 36.9246101379395 37.0841178894043 36.9759216308594 37.1167907714844 37.2375144958496 37.3071022033691 37.3468475341797 37.2042121887207 36.8749389648438 36.6072616577148 36.8731422424316 37.0724563598633 37.1410980224609 37.2032623291016 37.2264213562012 37.2764739990234 37.2783317565918 37.2640914916992 37.2306976318359 37.2000274658203 37.2434692382812 37.1842269897461 37.1741027832031 37.1812210083008 37.1312866210938 37.1441268920898 37.1212425231934 37.1188735961914 37.1340408325195 37.1313171386719 37.0407295227051 37.0897331237793
34.137565612793 34.9514045715332 35.4444427490234 35.7043342590332 36.1380805969238 36.5383071899414 36.4755516052246 36.7181091308594 36.7323455810547 36.5657081604004 35.7094306945801 35.7434272766113 35.849006652832 34.1865501403809 35.2813415527344 36.1587562561035 36.7915229797363 37.1795654296875 37.2942543029785 37.3352508544922 37.3664283752441 37.1709136962891 36.7042083740234 36.3111839294434 36.6287384033203 36.9298973083496 37.0885734558105 37.0888328552246 37.1747894287109 37.2668418884277 37.289379119873 37.2822570800781 37.27294921875 37.2751617431641 37.2513732910156 37.1490249633789 37.1493377685547 37.1529159545898 37.1330223083496 37.1359710693359 37.1067314147949 37.1088485717773 37.1093559265137 37.065372467041 37.0696754455566 37.1144905090332
31.9281539916992 33.1040992736816 33.0122261047363 32.9804992675781 34.2041206359863 34.8274307250977 34.9624099731445 35.2760238647461 35.8085021972656 35.1227684020996 34.3701095581055 33.7347640991211 34.5013618469238 34.3730583190918 34.893383026123 36.2105369567871 36.9964790344238 37.2232437133789 37.2747688293457 37.2666893005371 37.3419036865234 37.3568534851074 36.9061508178711 36.5333251953125 36.4240303039551 36.7358093261719 36.9832649230957 37.1232261657715 37.2491035461426 37.2823715209961 37.3224792480469 37.3263854980469 37.3281707763672 37.3061752319336 37.2294845581055 37.1667289733887 37.1728820800781 37.1797523498535 37.1753921508789 37.170825958252 37.1405410766602 37.1472206115723 37.1550331115723 37.1305503845215 37.1338386535645 37.0327453613281
32.0575714111328 31.9910449981689 31.807466506958 31.8780269622803 31.8204307556152 32.5512161254883 33.6938056945801 34.3786010742188 34.6002311706543 34.4729690551758 35.083553314209 34.9092254638672 34.7434616088867 35.4181823730469 35.7672004699707 36.761302947998 37.0626182556152 37.1077537536621 37.0520133972168 37.2016105651855 37.3565864562988 37.4112358093262 37.2671241760254 36.9391937255859 36.4902725219727 36.7978019714355 37.0277900695801 37.2215461730957 37.3121185302734 37.3649749755859 37.3945121765137 37.3701629638672 37.3104057312012 37.240161895752 37.1843299865723 37.1597671508789 37.1853065490723 37.2138175964355 37.2150840759277 37.211353302002 37.196403503418 37.210277557373 37.214168548584 37.201961517334 36.9957847595215 36.7788009643555
31.686222076416 31.7814750671387 31.9942436218262 31.7238006591797 31.634428024292 31.7360038757324 32.5336799621582 34.0724334716797 34.6980514526367 34.9150390625 34.7343482971191 34.9619216918945 35.3094177246094 35.6549072265625 35.7367095947266 36.3456916809082 36.7870140075684 36.8009033203125 36.8077125549316 37.1580696105957 37.299430847168 37.3173980712891 37.4249038696289 37.3469123840332 37.2333793640137 37.2022247314453 37.3118438720703 37.398796081543 37.418773651123 37.4334297180176 37.4211616516113 37.3435134887695 37.2633476257324 37.1323318481445 37.0997848510742 37.1662483215332 37.1896018981934 37.2222290039062 37.2530326843262 37.2496528625488 37.251953125 37.2626495361328 37.2579231262207 37.2546577453613 37.0979957580566 36.9705772399902
31.7606239318848 31.9265918731689 31.9503555297852 31.6372013092041 32.1059989929199 32.9030838012695 32.9862213134766 34.1729278564453 34.7314605712891 34.9797744750977 34.7727851867676 35.3293380737305 35.6612510681152 35.6819000244141 35.8003997802734 35.6924362182617 35.8185844421387 36.0971832275391 36.5313301086426 36.942741394043 37.0751266479492 37.0923500061035 37.3744850158691 37.4413681030273 37.4733543395996 37.4541664123535 37.4386253356934 37.2644958496094 37.3459625244141 37.4332389831543 37.4089393615723 37.2800331115723 37.2449531555176 37.0436363220215 36.9845352172852 37.1872901916504 37.2020416259766 37.1969528198242 37.2758903503418 37.2968482971191 37.2797088623047 37.2987098693848 37.2958526611328 37.2788124084473 37.2132911682129 37.1554718017578
31.7979507446289 31.6836357116699 31.8934650421143 31.6175479888916 32.2394676208496 33.2849197387695 33.5949249267578 34.1517028808594 34.9727935791016 35.4992408752441 35.5270919799805 35.6810340881348 35.7799797058105 35.8306083679199 35.8338623046875 35.7806549072266 35.8724021911621 35.5837287902832 35.2032432556152 36.5115127563477 36.4070167541504 36.8995361328125 37.2850036621094 37.3666763305664 37.4370956420898 37.4242744445801 37.3574142456055 37.1278457641602 37.3054122924805 37.4319152832031 37.2688865661621 37.0818138122559 37.1127243041992 37.1042137145996 37.1535377502441 37.247745513916 37.269645690918 37.267692565918 37.2798614501953 37.3317260742188 37.332935333252 37.3281669616699 37.3158798217773 37.2938270568848 37.2636260986328 37.1852149963379
31.382417678833 31.3563823699951 31.7251491546631 31.1173152923584 31.2627353668213 33.1815528869629 33.8835830688477 34.553165435791 34.9573135375977 35.2968139648438 35.3746795654297 35.3978004455566 35.18896484375 35.2069206237793 35.5290908813477 35.6865119934082 36.0849266052246 36.0185203552246 35.8251991271973 35.890193939209 35.7329864501953 36.6301803588867 37.104305267334 37.3148727416992 37.3386535644531 37.3605613708496 36.9850120544434 36.5873260498047 37.2752304077148 37.4357070922852 37.1473731994629 36.8106269836426 37.1049156188965 37.1736221313477 37.2209205627441 37.1910705566406 37.202018737793 37.2203483581543 37.2587928771973 37.2613182067871 37.2778968811035 37.3286056518555 37.3290557861328 37.3101043701172 37.2839813232422 37.2276268005371
31.0419635772705 30.9005699157715 31.3551349639893 31.2361965179443 31.3207206726074 32.2940444946289 33.2547912597656 33.8717041015625 34.3774909973145 34.8108940124512 34.7589645385742 34.6947555541992 34.7858123779297 35.1288108825684 35.9906921386719 36.1181030273438 36.3450202941895 36.252124786377 36.1759796142578 36.0013198852539 35.7465934753418 36.5055389404297 37.0271606445312 37.259162902832 37.206111907959 37.3146476745605 36.8992080688477 35.8646621704102 37.0090370178223 37.4245071411133 37.1414985656738 36.8759384155273 37.1146774291992 37.0632057189941 37.0015449523926 37.0383262634277 37.1083831787109 37.052360534668 36.9798240661621 36.9771957397461 37.1087265014648 37.224666595459 37.3356246948242 37.3302116394043 37.3079223632812 37.2767677307129
32.1206855773926 31.1181163787842 31.2234477996826 31.6124629974365 31.9791698455811 33.0150871276855 33.0651550292969 33.8065147399902 34.6528854370117 35.0537261962891 35.4655113220215 35.6039619445801 35.7739639282227 36.0488891601562 36.2809371948242 36.339542388916 36.3006439208984 36.4030494689941 36.3814659118652 36.1318473815918 35.9243278503418 35.9596786499023 36.5803718566895 36.856861114502 36.7891006469727 37.2747764587402 37.172420501709 36.4640274047852 37.0900115966797 37.4034042358398 37.1701278686523 36.9647178649902 36.8847618103027 36.5233192443848 36.7526741027832 36.6894226074219 36.7149124145508 36.2575759887695 36.389232635498 35.2417449951172 36.7934532165527 37.0953826904297 37.3093223571777 37.3326110839844 37.316722869873 37.2866554260254
32.8048782348633 31.8295269012451 31.3134326934814 32.0959510803223 32.726879119873 33.4346771240234 33.490535736084 33.9381561279297 34.7655944824219 35.267765045166 35.3316497802734 35.3685722351074 35.8602561950684 36.0747184753418 36.2180557250977 36.209156036377 36.4644737243652 36.6336097717285 36.616455078125 36.3485260009766 36.1758079528809 36.0873718261719 36.2565650939941 36.2875213623047 36.2749977111816 37.0589866638184 37.276481628418 36.9615592956543 36.6409225463867 37.2608985900879 36.7622146606445 35.8459053039551 36.5669021606445 36.7663841247559 37.1102561950684 37.12109375 37.089729309082 37.0670204162598 36.8300743103027 35.7201957702637 36.6544380187988 37.0395393371582 37.2480735778809 37.3141822814941 37.3219985961914 37.2960662841797
32.8517799377441 32.0036468505859 31.4483776092529 32.7129173278809 33.6583061218262 34.0751838684082 34.8461494445801 35.1349868774414 35.3964233398438 35.5438575744629 35.3351173400879 35.3049087524414 35.9678840637207 36.0895614624023 36.1200485229492 36.2131996154785 36.3628959655762 36.3682823181152 36.9867668151855 36.7258682250977 36.4252090454102 36.2582359313965 36.2491188049316 36.0837478637695 36.1138610839844 36.8376846313477 37.2492713928223 37.1584281921387 37.0067100524902 37.3717613220215 36.6035041809082 35.3505897521973 35.9429054260254 36.740177154541 36.7959899902344 36.3588371276855 36.4414253234863 37.0629692077637 37.2111434936523 37.1805381774902 37.2243347167969 37.227954864502 37.256706237793 37.2690048217773 37.309871673584 37.3084754943848
32.7289581298828 31.7736854553223 31.3072471618652 32.5017700195312 33.7464866638184 34.0901908874512 33.5236587524414 34.900634765625 34.8576774597168 34.2336959838867 35.3526000976562 35.6164169311523 35.6608581542969 35.749382019043 35.7889671325684 36.0453872680664 36.2151145935059 36.3653106689453 36.9461097717285 37.0996780395508 36.8896026611328 36.5365142822266 36.3591613769531 36.2871932983398 36.0309066772461 36.5770111083984 37.1175308227539 37.1488914489746 37.3769302368164 37.4616470336914 36.8861770629883 34.8702087402344 35.6431694030762 35.0890655517578 35.5084457397461 34.6980819702148 35.8115768432617 37.0225791931152 37.1680641174316 37.2518424987793 37.2703628540039 37.1875038146973 37.0779266357422 37.2129974365234 37.2551078796387 37.2733917236328
32.7211036682129 31.9813404083252 32.038890838623 32.5395088195801 33.4349174499512 33.8439674377441 34.2318534851074 34.4675407409668 33.2226409912109 33.134765625 34.6920127868652 33.6439170837402 34.0033340454102 34.5391845703125 35.3974838256836 35.9489288330078 36.1455535888672 36.4158630371094 36.8308792114258 36.9958724975586 37.0760726928711 36.7982177734375 36.4405975341797 36.5371627807617 36.410572052002 36.6858787536621 36.6982879638672 36.5216255187988 37.1606826782227 37.3854637145996 37.1329574584961 36.3175888061523 34.6614799499512 32.360408782959 32.5881042480469 34.5769996643066 36.2699699401855 36.9875831604004 37.1275329589844 37.0745697021484 37.0764846801758 36.8292388916016 36.7021560668945 37.1369895935059 36.856273651123 36.9400329589844
32.6920280456543 32.3340225219727 32.1304359436035 32.4302139282227 33.0222473144531 33.7971343994141 33.9337615966797 33.5322799682617 33.0759963989258 33.8812255859375 34.3716163635254 33.3829193115234 33.6873741149902 34.1397018432617 35.2670555114746 35.7477493286133 36.1117744445801 36.6366996765137 37.1272048950195 36.9431304931641 36.8091888427734 37.1468315124512 36.8683166503906 36.67041015625 36.5011825561523 36.5022048950195 36.6104469299316 36.5118522644043 36.9033279418945 37.3005142211914 37.354377746582 36.7549667358398 35.9394950866699 34.0308456420898 33.3322067260742 34.6329078674316 36.2521705627441 36.9072151184082 36.988224029541 36.4673843383789 36.7666893005371 36.9832077026367 36.7575149536133 36.8413543701172 36.4821128845215 36.7885971069336
32.3594207763672 32.147144317627 31.6772937774658 32.0049934387207 32.7520217895508 32.9134788513184 33.3017044067383 33.6120147705078 33.8834533691406 33.9774131774902 34.3117370605469 34.5774269104004 35.3613662719727 35.4814147949219 35.6674957275391 35.1449546813965 36.2677574157715 36.7146682739258 36.9702911376953 36.6612205505371 36.8119354248047 37.0342788696289 37.1626129150391 37.1079978942871 36.7916030883789 36.7166595458984 36.3195495605469 36.5193786621094 36.9885749816895 37.0981941223145 37.2799377441406 37.3100433349609 36.6842308044434 35.9240341186523 34.8851127624512 34.5515022277832 35.8994445800781 36.8020515441895 36.2475929260254 35.6447677612305 36.6986351013184 36.997314453125 36.6891250610352 35.8087539672852 36.2270584106445 36.8342742919922
