inst/extdata/Tmax/Tmax63.asc
NCOLS 100 
NROWS 79 
XLLCORNER 148.06 
YLLCORNER -21.49 
CELLSIZE 0.01 
NODATA_value -3.4e+38 
[rows 40 to 59 of 79, columns 0 to 45 of 100]
39.713790893554702 39.4041709899902 39.4253921508789 39.4532279968262 39.310375213623 39.4288330078125 39.3655662536621 39.1330986022949 38.6019172668457 39.100212097168 39.8288841247559 40.2007331848145 40.2573318481445 40.3304481506348 40.4195747375488 40.199836730957 39.9155616760254 39.5242156982422 38.8798904418945 39.4580307006836 39.4622268676758 39.3504638671875 39.2939834594727 38.8511123657227 37.8278923034668 37.0908660888672 36.8797950744629 36.9928855895996 37.1421165466309 36.4146614074707 35.677074432373 36.1828498840332 37.6729583740234 37.3722381591797 37.085865020752 37.4834785461426 37.3906707763672 37.0283317565918 36.7854461669922 36.272144317627 36.237117767334 35.2402725219727 34.5692596435547 34.5742530822754 34.2848129272461 34.1082344055176
39.8894386291504 39.4465942382812 39.2934684753418 39.4031410217285 39.2811965942383 39.3656425476074 39.3638381958008 39.2369537353516 38.9657592773438 39.1188697814941 39.5154609680176 39.9230079650879 40.1958694458008 40.3984146118164 40.4635581970215 40.3127708435059 39.9930953979492 39.4297294616699 39.0626564025879 39.2434730529785 39.2845153808594 39.0285606384277 39.2475395202637 38.9422912597656 38.1917152404785 37.6296806335449 36.9324913024902 36.8437423706055 37.1024360656738 36.6098403930664 36.1285285949707 36.8763236999512 37.6791229248047 36.8200492858887 35.9891815185547 36.8931045532227 36.9560623168945 37.2152824401855 37.1857452392578 36.928768157959 36.803050994873 35.9713249206543 34.3370628356934 34.2072982788086 34.3055229187012 34.2700157165527
39.7532691955566 39.6944923400879 39.4409828186035 39.2988586425781 39.3608016967773 39.3784637451172 39.3437080383301 39.2972793579102 39.2733306884766 39.2341613769531 39.3051071166992 39.8567390441895 40.2310447692871 40.4077758789062 40.4392318725586 40.4022598266602 40.1675720214844 39.8090934753418 39.5659713745117 39.526123046875 39.4426078796387 38.7143707275391 38.6474266052246 38.9171180725098 38.961540222168 38.4700927734375 37.4863967895508 37.1092338562012 37.0320777893066 36.7848320007324 35.7526969909668 37.0125999450684 37.0902938842773 35.8507423400879 34.9122543334961 35.9824638366699 35.9924049377441 36.7644958496094 36.9711112976074 36.6340370178223 36.3757629394531 36.4524879455566 35.7532577514648 35.5095710754395 36.0138778686523 37.1906089782715
39.3686676025391 39.4752006530762 39.4435195922852 39.4309310913086 39.4569435119629 39.4414749145508 39.3935127258301 39.3397789001465 39.4165573120117 39.3977241516113 39.4226188659668 39.895824432373 40.1884384155273 40.3767929077148 40.4162483215332 40.4499015808105 40.3539924621582 40.1181907653809 39.8169555664062 39.8751258850098 39.691219329834 39.4095802307129 38.6491432189941 38.2579727172852 39.0402946472168 38.8116760253906 38.3631401062012 37.8131790161133 37.4384269714355 37.2486190795898 36.335319519043 36.2459869384766 37.0741691589355 36.4995613098145 35.7621078491211 35.2354583740234 35.3464431762695 35.6480560302734 35.9275550842285 35.6636924743652 35.1415176391602 36.0049667358398 35.4918060302734 36.6149559020996 38.6761894226074 39.3781776428223
39.0460166931152 39.256649017334 39.2174339294434 39.2111129760742 39.4118423461914 39.5322113037109 39.5539512634277 39.5042915344238 39.5872077941895 39.6538887023926 39.8581657409668 40.023551940918 40.1831970214844 40.3119010925293 40.3958435058594 40.4707946777344 40.4552955627441 40.298168182373 40.1369171142578 40.0970916748047 39.9640769958496 39.8129463195801 39.4848594665527 39.2563934326172 39.0677719116211 38.5535659790039 38.863956451416 38.7282180786133 38.3706817626953 37.5943908691406 36.9009857177734 36.9021987915039 37.2829208374023 37.486743927002 37.1565093994141 35.8070983886719 34.2713088989258 34.240421295166 34.374828338623 34.7773056030273 34.6461639404297 35.3072967529297 34.7517890930176 35.7433319091797 37.8252830505371 39.4209518432617
39.0729141235352 39.1456108093262 38.9547424316406 38.8236198425293 39.0483131408691 39.2897834777832 39.5474510192871 39.696117401123 39.7863807678223 39.9048004150391 39.9976768493652 39.9239807128906 39.6878089904785 40.1230659484863 40.3933258056641 40.4624824523926 40.4814834594727 40.4116554260254 40.3240776062012 40.2654228210449 40.1768531799316 40.0670204162598 40.0175514221191 39.3392601013184 38.9550971984863 38.8809661865234 38.9949722290039 38.8053855895996 38.6022567749023 38.0245895385742 36.5981521606445 36.8456192016602 37.2143745422363 37.3004379272461 37.426628112793 36.3962059020996 34.8990211486816 34.6305656433105 34.6801795959473 35.2019233703613 34.5195083618164 34.9569358825684 35.4236526489258 35.7974700927734 36.8366050720215 38.2069282531738
38.9190216064453 38.8881759643555 38.8815460205078 38.7914657592773 38.6730842590332 38.7321357727051 39.2996482849121 39.4558334350586 39.6081504821777 39.6439323425293 39.9047050476074 40.0346565246582 39.7702789306641 40.0748138427734 40.3432312011719 40.4453811645508 40.473575592041 40.4045333862305 40.3728866577148 40.3407592773438 40.2696495056152 40.202953338623 40.1017990112305 39.5779914855957 38.6528701782227 38.7920570373535 39.0110626220703 38.7575721740723 38.7118225097656 38.5551795959473 37.6492576599121 37.285457611084 36.8863105773926 37.1991691589355 37.369140625 36.8345947265625 35.6138954162598 35.9538307189941 35.3462524414062 36.1776428222656 35.5362319946289 35.7363891601562 35.8757629394531 36.0130386352539 36.0162658691406 35.8064384460449
39.428783416748 38.7052764892578 38.5984916687012 38.5318489074707 38.4958305358887 38.6323165893555 39.0011329650879 38.9649276733398 39.2622299194336 39.3326072692871 39.4385986328125 39.5263404846191 39.7513046264648 40.0825843811035 40.3089408874512 40.4547004699707 40.462287902832 40.3341484069824 40.1458892822266 40.0498924255371 40.2119102478027 40.0156936645508 40.0484619140625 39.9868354797363 39.4824562072754 39.383373260498 39.4201889038086 39.196418762207 39.0160903930664 38.7733840942383 37.9959182739258 37.5868835449219 36.7777328491211 37.2440872192383 37.3059768676758 37.0492210388184 36.5576210021973 36.8309669494629 36.5338554382324 36.828052520752 36.5337181091309 36.3110618591309 36.1438446044922 35.979434967041 35.5902824401855 35.3264427185059
40.1930694580078 39.3070068359375 38.4617309570312 38.2999877929688 38.4103355407715 38.6177787780762 38.555965423584 38.5693321228027 38.9660568237305 39.315803527832 39.4124069213867 39.4068183898926 39.6819267272949 40.0413284301758 40.3256225585938 40.4152145385742 40.4438285827637 40.3693618774414 40.1923751831055 39.9522743225098 40.0446929931641 39.9938583374023 39.9161529541016 40.0751914978027 39.9639549255371 39.8545455932617 39.5500907897949 39.3266944885254 39.236572265625 38.9133682250977 38.4748077392578 37.9520149230957 36.9649658203125 37.155101776123 37.1323432922363 37.2133827209473 37.1100959777832 37.089527130127 36.9673271179199 36.7651710510254 35.8461151123047 35.6664772033691 35.8991661071777 35.6088104248047 35.4620666503906 35.0660171508789
40.4791603088379 39.9248046875 38.9655532836914 38.3552589416504 38.3253784179688 38.2990036010742 38.3312797546387 38.7365684509277 39.0191764831543 38.9162788391113 39.6289825439453 39.9008712768555 40.0363349914551 40.1634292602539 40.2871856689453 40.3950424194336 40.4219856262207 40.3670654296875 40.2641525268555 40.1171684265137 40.0108985900879 39.9416923522949 39.7438812255859 39.8011779785156 40.0013160705566 39.9946136474609 39.761360168457 39.149299621582 38.5910949707031 38.9089431762695 38.5749282836914 38.2304649353027 37.3095436096191 36.9757957458496 36.7432746887207 37.1054801940918 37.2066421508789 37.1016578674316 37.0628700256348 36.7116241455078 35.9154891967773 35.4678802490234 35.6790771484375 35.258243560791 35.1650619506836 35.0679321289062
40.4669532775879 40.2775917053223 39.7601661682129 39.0535697937012 38.4755363464355 38.1632461547852 38.3122406005859 38.6866264343262 38.7511444091797 39.1073837280273 39.7729530334473 40.0468368530273 40.2021446228027 40.3306770324707 40.3657646179199 40.4067192077637 40.2939376831055 40.3094444274902 40.328556060791 40.2514991760254 40.1371040344238 39.965763092041 39.7541885375977 39.6725044250488 39.8065147399902 39.8636932373047 39.927188873291 39.6680297851562 39.3579330444336 39.2014274597168 38.5858421325684 38.4078636169434 37.4519577026367 36.9891815185547 36.286735534668 36.8433609008789 37.0025405883789 37.0030899047852 37.0710563659668 36.8659248352051 36.269718170166 36.0879402160645 35.9707145690918 35.7297439575195 35.3594589233398 35.1616325378418
40.4257621765137 40.3904991149902 40.0939598083496 39.3448028564453 38.6967010498047 38.4040298461914 38.3494606018066 38.4586334228516 38.1940231323242 38.3836250305176 39.366153717041 39.8309478759766 40.0452117919922 40.2879753112793 40.3968620300293 40.3671722412109 40.295768737793 40.2967529296875 40.2695007324219 40.2682342529297 40.1718788146973 40.0613059997559 39.9545478820801 39.7335586547852 39.6119728088379 39.5531692504883 39.5275955200195 39.660083770752 39.4157905578613 39.559871673584 39.5955009460449 38.7025604248047 38.0275344848633 37.5203552246094 36.9586753845215 37.1189842224121 37.0762138366699 36.8826789855957 37.0547142028809 36.9489974975586 36.3825607299805 36.2089309692383 36.0735015869141 35.8661994934082 35.2997779846191 35.0854034423828
40.2387657165527 40.3248405456543 40.1514663696289 39.0615615844727 38.2624053955078 38.2191696166992 38.3011283874512 38.150707244873 37.8839683532715 38.0386276245117 39.3029937744141 39.8448219299316 40.1023254394531 40.3228607177734 40.3478546142578 40.3057174682617 40.3096542358398 40.245433807373 40.2105178833008 40.216121673584 40.2382125854492 40.1831512451172 40.013744354248 39.796745300293 39.5569839477539 39.3865966796875 39.3737030029297 39.3218460083008 39.3249397277832 39.2167701721191 39.4428443908691 39.3045082092285 38.6704597473145 37.9744262695312 37.4781188964844 37.8742980957031 37.8202438354492 37.2791481018066 37.0603103637695 37.1467475891113 36.9656944274902 36.6786193847656 36.3128700256348 36.0322723388672 35.644172668457 35.1994132995605
40.0026054382324 40.0804443359375 40.1878890991211 39.7092666625977 38.6433258056641 38.291332244873 38.6395149230957 38.1112442016602 37.9411697387695 38.034984588623 39.2542572021484 39.9442863464355 40.1967620849609 40.3129920959473 40.246826171875 40.1535606384277 40.164493560791 40.1947708129883 40.1699180603027 40.0629806518555 40.128776550293 40.2075271606445 40.058708190918 39.8980674743652 39.6887550354004 39.5169906616211 39.1380424499512 38.9222373962402 38.533260345459 38.9358749389648 38.7568206787109 39.3823013305664 39.4422988891602 39.0597763061523 38.5080337524414 38.5538215637207 38.1369743347168 37.7398490905762 37.3922691345215 37.8323631286621 37.3588981628418 37.0573348999023 36.8709907531738 36.7157325744629 36.3995628356934 36.2314987182617
39.8604125976562 39.8266258239746 40.0162200927734 40.0384826660156 39.5631904602051 39.3130645751953 39.261646270752 38.8798217773438 38.6644744873047 38.6906547546387 38.9180679321289 39.3792877197266 40.1132774353027 40.272289276123 40.1510124206543 40.0676078796387 40.0753135681152 40.1328392028809 40.1018028259277 40.0414237976074 40.0768280029297 40.1966018676758 40.1531600952148 39.9650344848633 39.8536033630371 39.6573867797852 39.3067626953125 39.0619354248047 38.6040382385254 38.872974395752 38.1690902709961 38.6574172973633 38.9284477233887 38.9620704650879 39.107780456543 38.9786148071289 38.6402320861816 38.4848213195801 37.9814376831055 37.4191513061523 37.3422088623047 37.4099235534668 37.1305389404297 36.9109687805176 36.9106063842773 36.7482795715332
39.9540252685547 39.9450645446777 39.9868278503418 40.0366744995117 39.9225082397461 39.2722206115723 39.2930641174316 39.3773574829102 39.150520324707 39.1170692443848 39.4083137512207 39.8150825500488 40.1799049377441 40.268497467041 40.1725082397461 39.985107421875 40.0619850158691 40.0597267150879 39.8559722900391 39.8468055725098 40.0043601989746 40.0951271057129 40.1623077392578 40.0663681030273 39.945182800293 39.7888526916504 39.5859565734863 39.298698425293 39.1224136352539 38.9554710388184 38.490234375 38.0892562866211 38.2499618530273 38.2174987792969 38.7274017333984 38.400806427002 38.7074775695801 38.4483299255371 38.0510368347168 37.5893135070801 37.3316383361816 37.0978240966797 36.5462341308594 35.8805046081543 36.5469512939453 36.7699165344238
40.0689353942871 40.0410804748535 40.0039520263672 40.003360748291 39.8538131713867 39.0058479309082 38.7884063720703 39.2772750854492 39.1688194274902 38.8325881958008 39.164680480957 39.8989410400391 40.1972732543945 40.2416648864746 40.1608085632324 39.9721832275391 39.981143951416 39.7633934020996 39.4994049072266 39.6657028198242 39.999870300293 40.0170440673828 40.1141586303711 40.1148529052734 39.9456329345703 39.8869323730469 39.7055397033691 39.3942184448242 39.3075370788574 39.0668716430664 38.6197547912598 37.8700866699219 37.5407485961914 37.7097244262695 38.2330131530762 38.3980445861816 37.9838790893555 37.5995483398438 37.8301086425781 37.7595558166504 37.3804359436035 37.1271438598633 36.5188179016113 35.5927352905273 36.1122207641602 36.5428047180176
40.1306228637695 40.0852317810059 40.0362434387207 40.0154838562012 39.9868087768555 39.6319808959961 39.1516952514648 38.899356842041 38.9187889099121 38.6978492736816 39.2354202270508 39.9229125976562 40.1845474243164 40.2076454162598 40.1278991699219 39.9431381225586 39.7836799621582 39.569507598877 39.4587173461914 39.7627182006836 39.9117622375488 39.9903907775879 39.9626655578613 40.0807495117188 40.0271339416504 39.9406356811523 39.7736358642578 39.4824676513672 39.3603363037109 39.1531944274902 38.7055931091309 38.4849243164062 37.9840850830078 37.7805709838867 37.7272262573242 37.9030609130859 38.2066230773926 38.0454368591309 37.6469497680664 37.4257164001465 37.2036323547363 36.9917793273926 36.7067909240723 36.3520431518555 35.6271667480469 35.9668922424316
40.157600402832 40.098762512207 40.0533866882324 40.053882598877 39.9886703491211 39.7739715576172 39.4783554077148 38.8634567260742 38.7581634521484 38.9743995666504 39.4903526306152 39.952033996582 40.130744934082 40.1353378295898 40.0084533691406 39.8432769775391 39.543529510498 39.461856842041 39.594108581543 39.6387405395508 39.8079414367676 39.7559432983398 39.5741157531738 39.8572616577148 40.0592956542969 39.9407691955566 39.7252311706543 39.5641021728516 39.4286727905273 39.3222770690918 39.1197700500488 38.8832473754883 38.5489654541016 38.4964599609375 38.1410064697266 37.7688140869141 37.8877334594727 37.9795570373535 37.7279930114746 37.5653038024902 37.4145355224609 37.1622161865234 36.4684371948242 36.038330078125 36.1915054321289 36.2202453613281
40.1637229919434 40.1777572631836 40.1256637573242 40.1001205444336 39.9937324523926 39.8899917602539 39.7863655090332 39.4132804870605 38.9223709106445 39.0392990112305 39.2290573120117 39.563175201416 39.8826789855957 39.9457626342773 39.8947219848633 39.7582321166992 39.5560417175293 39.4224319458008 39.3155822753906 39.3759613037109 39.6422958374023 39.6594429016113 39.4109992980957 39.8510284423828 40.0864334106445 39.9796104431152 39.8254776000977 39.6633605957031 39.5908164978027 39.4773864746094 39.3564720153809 39.1255035400391 38.7799377441406 39.0163879394531 38.8802642822266 38.4733734130859 37.976390838623 37.8590774536133 38.0026893615723 38.4718170166016 37.6402816772461 37.349666595459 36.8924942016602 36.1231994628906 36.050178527832 35.918773651123
