inst/extdata/Tmax/Tmax28.asc
NCOLS 100 
NROWS 79 
XLLCORNER 148.06 
YLLCORNER -21.49 
CELLSIZE 0.01 
NODATA_value -3.4e+38 
[rows 40 to 59 of 79, columns 46 to 91 of 100]
22.9561138153076 24.2691230773926 23.8678588867188 24.5780773162842 26.5456008911133 26.2898406982422 26.1926670074463 24.3405532836914 24.0805892944336 24.563720703125 26.0347957611084 27.6488037109375 28.2060394287109 27.6247119903564 27.015380859375 28.5201816558838 29.3721561431885 28.8773498535156 29.8761043548584 29.7893543243408 29.1057071685791 29.9391918182373 27.6584014892578 26.3765640258789 27.765157699585 28.6461944580078 29.1770992279053 28.4363746643066 28.1628322601318 28.228687286377 27.8202133178711 28.9249973297119 27.7299518585205 25.0910720825195 26.6390781402588 30.799747467041 29.1298427581787 27.5512027740479 25.2847938537598 24.7189922332764 24.3230667114258 27.0151767730713 27.2735633850098 26.672571182251 27.9080390930176 25.0883121490479
24.139612197876 24.1262168884277 25.5181732177734 26.8574123382568 27.2445678710938 26.4747734069824 26.0695381164551 25.9160232543945 27.154369354248 27.3781356811523 29.9521999359131 28.5792827606201 28.364236831665 28.0275268554688 27.4623775482178 29.3257617950439 29.4118194580078 29.2197189331055 30.2556648254395 30.500846862793 28.374683380127 28.8480758666992 25.2206134796143 30.9066314697266 32.075065612793 27.4941902160645 29.340482711792 28.4334163665771 28.5962982177734 27.6258773803711 28.1737270355225 28.7027912139893 28.5507335662842 27.740701675415 28.0633602142334 30.0258255004883 28.3080615997314 27.7021064758301 27.3535995483398 26.9763450622559 26.7395057678223 26.1722183227539 27.359016418457 27.0230045318604 26.9300098419189 26.3700160980225
25.244499206543 26.2107315063477 26.0767364501953 27.9472236633301 32.9328231811523 30.2801074981689 27.8744049072266 27.2328395843506 28.2285346984863 29.7836170196533 29.9084720611572 29.3857135772705 29.6384792327881 29.1888370513916 30.9082126617432 29.4029579162598 29.2250175476074 28.8659324645996 29.2713279724121 29.969352722168 29.0254459381104 28.7049160003662 28.4010467529297 32.3529243469238 25.8137912750244 32.374755859375 31.4770774841309 27.3033657073975 26.6337718963623 29.1197395324707 28.7620754241943 29.0500392913818 28.297945022583 27.6429901123047 28.0144538879395 26.8593597412109 27.1954975128174 26.454345703125 26.3286247253418 26.7414836883545 27.8952560424805 27.9714546203613 28.2584476470947 26.8892955780029 28.8607120513916 28.7824230194092
28.5241222381592 29.2687339782715 29.3724479675293 29.4600563049316 30.1170711517334 29.5755462646484 29.2300643920898 28.8661575317383 29.1330585479736 29.4389152526855 30.0949878692627 30.07546043396 30.2558917999268 30.1429824829102 29.5955505371094 29.127721786499 28.7731533050537 28.955249786377 29.6326656341553 27.1981506347656 29.4337329864502 29.4880714416504 29.3232021331787 28.5956478118896 28.0391883850098 29.8678951263428 28.9914741516113 28.4041633605957 28.9537181854248 30.6305408477783 29.9647045135498 30.3740062713623 28.1345481872559 27.5040168762207 27.3068351745605 29.8308658599854 29.3732967376709 27.3189811706543 28.1860542297363 29.2196502685547 29.7980327606201 28.9136028289795 27.3174419403076 31.5165863037109 29.0384292602539 26.993143081665
28.4010028839111 28.5200996398926 28.4349498748779 28.7711200714111 30.3073539733887 30.9137802124023 30.2749309539795 29.4080352783203 29.7541408538818 29.4186134338379 29.1477794647217 29.0694561004639 28.6563587188721 28.5548973083496 28.3250465393066 28.8500576019287 27.2256183624268 28.0261554718018 29.0128154754639 29.3378524780273 30.2590560913086 30.8938674926758 30.6766662597656 29.7590236663818 27.5394535064697 27.914701461792 28.2672595977783 28.7056293487549 30.8888721466064 31.1800861358643 29.7895336151123 28.5021171569824 27.4096126556396 28.0786552429199 27.6899166107178 29.6945381164551 28.353946685791 27.1510047912598 28.3919620513916 26.8512077331543 27.4480094909668 28.9839382171631 29.3682079315186 29.2962779998779 32.1693534851074 29.02077293396
24.7503280639648 26.1363182067871 27.630672454834 25.9078330993652 27.5051784515381 28.1075344085693 27.9304256439209 28.1733703613281 28.4529552459717 28.5790767669678 25.666971206665 25.8259944915771 25.9672889709473 24.3422698974609 25.1773700714111 26.0289649963379 28.2454872131348 28.3425064086914 28.2366256713867 28.322093963623 30.0767841339111 29.8826770782471 29.3035793304443 29.3255863189697 29.3286533355713 29.710578918457 29.6225204467773 29.5554790496826 29.1309833526611 29.269474029541 28.8790721893311 29.9881381988525 30.8134670257568 31.2503108978271 29.1978054046631 28.9194374084473 28.3738746643066 28.1778812408447 28.1193580627441 27.8018779754639 27.6140689849854 28.6466083526611 28.7831153869629 27.4555282592773 29.7349090576172 32.0465888977051
23.1498432159424 24.4654712677002 24.0555667877197 23.8131885528564 24.7560386657715 25.0820388793945 25.2132720947266 25.7474575042725 26.2286834716797 25.5350608825684 25.233922958374 24.654016494751 24.8909072875977 24.7595157623291 25.0077095031738 26.0564155578613 28.5853805541992 28.282413482666 27.5961780548096 29.4689044952393 29.8779964447021 30.2569808959961 29.4106922149658 28.7580509185791 31.379114151001 31.4487361907959 30.4069423675537 29.615571975708 28.617769241333 28.4860153198242 29.6479969024658 29.4289894104004 28.8328304290771 29.1245460510254 29.3862895965576 31.9767436981201 28.7391204833984 28.8876514434814 27.7670402526855 27.6007785797119 27.5463542938232 30.1541633605957 28.1440601348877 30.9837589263916 29.5598812103271 29.0063343048096
23.5163154602051 23.4413414001465 23.3296871185303 23.4055557250977 23.2616405487061 23.577465057373 24.502857208252 25.4345397949219 25.6666793823242 25.4629154205322 25.9859981536865 25.3807640075684 25.4108333587646 26.7787036895752 27.4587326049805 28.7525424957275 29.3134670257568 29.1926288604736 29.311487197876 30.6329097747803 33.2808799743652 30.9534702301025 28.8700981140137 29.9437503814697 31.2363948822021 30.7391319274902 29.9993667602539 32.840446472168 29.9292507171631 30.1363353729248 30.1184387207031 27.5342903137207 27.3678588867188 27.6807537078857 27.4378643035889 27.4056549072266 28.7739315032959 27.738260269165 26.8034191131592 30.5249252319336 30.2405071258545 32.1684379577637 28.7129669189453 30.7945022583008 30.5495643615723 30.5026798248291
23.3452053070068 25.3166580200195 23.6167621612549 23.2581367492676 23.1607322692871 23.0971355438232 23.1654682159424 25.0866756439209 25.7404708862305 25.8538455963135 25.7590942382812 25.7747745513916 31.011438369751 32.046314239502 32.506103515625 28.7185592651367 30.474666595459 26.8001079559326 32.4073600769043 32.2036781311035 31.845251083374 32.0666046142578 31.3883285522461 30.9348220825195 30.6238460540771 28.6858863830566 29.8149642944336 30.9013423919678 33.0084075927734 32.2430114746094 31.9501037597656 32.678337097168 31.7578296661377 27.7852973937988 28.7242279052734 33.0671615600586 32.1976737976074 29.1435623168945 28.9132537841797 28.6955013275146 26.7385559082031 27.2349052429199 27.8294887542725 28.7102546691895 27.8467235565186 28.4622230529785
25.2515335083008 25.8996620178223 27.07421875 24.1573715209961 23.6084442138672 24.3450908660889 24.1336460113525 25.00412940979 25.2661552429199 25.8026008605957 30.12278175354 31.6116943359375 32.7212600708008 32.7330131530762 33.1751823425293 26.3156929016113 29.4466152191162 26.4491691589355 26.6340236663818 29.0454349517822 28.9753227233887 33.1620788574219 29.4877052307129 30.314489364624 30.0002918243408 29.0864295959473 31.0104141235352 31.1002216339111 31.5337734222412 31.5379676818848 31.2776203155518 29.6374244689941 27.9485263824463 28.4684982299805 29.1066226959229 33.2432250976562 33.171745300293 29.9579639434814 28.7626495361328 28.5730171203613 28.5238399505615 27.4690837860107 28.6242580413818 27.1840515136719 28.143949508667 28.7618389129639
28.649435043335 25.4272041320801 28.3692531585693 23.331356048584 23.3588943481445 24.525993347168 24.6860885620117 25.3425006866455 25.9170227050781 26.3359413146973 26.3168544769287 26.4900684356689 31.0989742279053 31.7506217956543 32.345703125 26.2531433105469 28.683910369873 28.6125946044922 25.4957065582275 28.9773216247559 26.5109729766846 32.1065940856934 29.6082744598389 31.0903301239014 29.4571304321289 30.4140872955322 29.3967342376709 29.0283699035645 31.9809188842773 31.6145286560059 31.0073013305664 30.4902095794678 30.1280307769775 28.3174114227295 29.1157283782959 31.4904632568359 32.8049240112305 30.8985862731934 29.7618618011475 30.2373542785645 28.7650718688965 27.6145668029785 27.6523857116699 26.7461128234863 28.1727046966553 28.9495048522949
24.1625118255615 22.7556114196777 23.2096061706543 22.3611583709717 22.3169612884521 23.7134590148926 24.4867744445801 25.5442733764648 25.8560180664062 26.0622501373291 26.2424621582031 25.8746528625488 25.8094520568848 25.3498764038086 25.7692317962646 28.8790721893311 26.538854598999 29.3155422210693 26.1798629760742 28.5306301116943 28.3506202697754 29.0220966339111 31.9732456207275 32.6450614929199 29.7883720397949 29.924955368042 30.670726776123 28.9057903289795 29.1140995025635 32.4775924682617 30.9503879547119 30.3037776947021 29.6225719451904 27.9302501678467 27.7807521820068 29.4133682250977 29.7667694091797 29.5765800476074 28.9567947387695 27.2491912841797 30.8330497741699 27.0991725921631 26.7852554321289 26.4176139831543 26.4094333648682 27.6782550811768
22.5599403381348 28.2423191070557 28.9604778289795 22.5729923248291 22.5026397705078 23.2566947937012 23.9039516448975 24.6971321105957 25.1367282867432 25.4042739868164 25.7436923980713 25.5554008483887 25.5546360015869 25.9261627197266 26.1446018218994 26.499267578125 29.1108913421631 29.5131702423096 29.3954734802246 29.8854961395264 28.3869647979736 29.3519287109375 30.7753944396973 32.779613494873 30.601053237915 31.3407688140869 31.3608913421631 31.4591159820557 31.0047988891602 32.8993797302246 31.8293228149414 31.2899341583252 31.29225730896 31.5854797363281 28.6659564971924 27.6948490142822 28.8424777984619 26.276554107666 27.7799797058105 28.0506629943848 28.077033996582 27.00022315979 31.4286651611328 27.8740119934082 26.433629989624 26.1751899719238
23.2720203399658 22.5646553039551 28.4088821411133 23.1412353515625 23.2153377532959 24.0149040222168 23.8779926300049 24.5339984893799 25.5216426849365 25.9674739837646 26.2014808654785 26.2748165130615 26.2762603759766 29.9034881591797 29.8649616241455 26.8087730407715 26.5602054595947 26.6587429046631 26.6605110168457 29.4829597473145 29.0088977813721 29.1684665679932 26.5252265930176 27.6093254089355 28.4307861328125 30.087818145752 29.4502201080322 30.6546058654785 32.5257415771484 29.9662933349609 29.8690242767334 28.9531230926514 29.3022403717041 30.2145347595215 28.5354976654053 28.1346187591553 26.0901412963867 25.3732509613037 25.5269336700439 24.6112308502197 30.0730972290039 28.5361404418945 29.6221160888672 29.2008304595947 31.1514835357666 26.8859729766846
24.2422885894775 23.356409072876 22.9412422180176 23.3627910614014 23.8296566009521 24.64524269104 24.6791648864746 24.9190196990967 25.0497055053711 25.6132202148438 25.6307144165039 28.3532009124756 29.2088985443115 26.3443050384521 30.6195640563965 29.9763622283936 30.3813228607178 26.9297218322754 29.694709777832 29.5129642486572 29.5525817871094 28.5971126556396 27.4850578308105 29.4894599914551 31.3020553588867 31.3260250091553 29.3515434265137 29.896556854248 29.0928840637207 30.8305644989014 31.1466732025146 29.90260887146 31.0387229919434 28.8349666595459 31.259651184082 28.2407035827637 31.825288772583 28.116720199585 28.4752445220947 27.1013202667236 28.039945602417 28.4523258209229 27.6774139404297 27.9151840209961 28.7354030609131 29.6962394714355
23.8316478729248 23.4039001464844 23.089469909668 24.1906909942627 24.6868228912354 25.1562175750732 25.7017650604248 25.9902057647705 25.9081935882568 26.2194480895996 26.1144733428955 28.2692623138428 28.8478336334229 30.3584213256836 30.518497467041 29.9752216339111 30.3247661590576 30.6950244903564 29.9935760498047 26.8709926605225 29.4607028961182 28.584644317627 29.3240566253662 29.3788375854492 30.6134052276611 31.2085304260254 31.3663558959961 31.923002243042 29.2461624145508 29.6403274536133 26.9891185760498 29.4950923919678 30.7192287445068 32.3971824645996 31.3434143066406 25.4935684204102 28.0249938964844 28.7330150604248 27.1626396179199 28.1215915679932 30.0279312133789 29.1958656311035 28.5196723937988 28.8729591369629 28.3791561126709 28.1920070648193
23.8467922210693 23.1738033294678 22.5602169036865 23.7823390960693 24.8720626831055 25.281665802002 24.6930923461914 25.8464851379395 25.4826717376709 24.9230899810791 26.0001316070557 25.6216297149658 25.93115234375 28.7651596069336 26.3944072723389 29.6706695556641 29.7462692260742 29.6971702575684 30.1396217346191 28.1075630187988 29.0065498352051 29.5175952911377 29.0864715576172 26.7426204681396 29.2566680908203 31.291353225708 30.1905918121338 29.3434009552002 29.4886207580566 29.6210231781006 26.8056392669678 25.1934547424316 25.9364891052246 29.0334224700928 25.0568771362305 24.9386367797852 29.0617542266846 28.1762199401855 28.9178352355957 27.6019153594971 29.8103351593018 31.0023708343506 27.3542766571045 27.5752925872803 28.4350719451904 29.0068817138672
24.2674026489258 23.2883548736572 23.3503532409668 23.8428382873535 24.5884189605713 24.9690990447998 25.3971347808838 25.3854293823242 24.3027248382568 23.8624401092529 25.4900360107422 24.2570304870605 24.6879806518555 24.8820114135742 28.4702053070068 29.2279148101807 26.5154781341553 29.707670211792 26.9942302703857 30.4017562866211 29.9423580169678 30.2682838439941 29.7898044586182 29.4219627380371 28.5938186645508 29.7267990112305 30.5295715332031 29.528247833252 28.7544651031494 30.3118343353271 28.499927520752 26.112699508667 29.5157737731934 28.858362197876 23.2273464202881 27.4652442932129 28.2326221466064 28.5268421173096 28.8011932373047 30.4738063812256 28.3558864593506 30.7537422180176 28.4755611419678 28.5656433105469 28.0630702972412 27.8778038024902
24.2855930328369 23.9913883209229 23.7155132293701 23.8181495666504 24.4162292480469 24.9972171783447 24.9040012359619 24.7240505218506 24.1247119903564 25.0089340209961 25.1169052124023 24.0183029174805 24.2559261322021 24.37672996521 25.5162754058838 25.7960834503174 29.4586334228516 26.5116138458252 29.725643157959 30.010368347168 29.8183631896973 30.0641994476318 28.3189735412598 29.8310127258301 29.0946559906006 29.1444873809814 28.8407421112061 29.964807510376 28.1036033630371 27.9341850280762 29.5870609283447 29.3908863067627 26.0405693054199 28.2709636688232 29.0374813079834 29.665018081665 26.280912399292 28.6000690460205 30.923942565918 28.3377208709717 29.2355422973633 28.2711696624756 28.7387599945068 30.5111885070801 30.0347995758057 27.6212749481201
23.7259254455566 23.6537666320801 23.2348346710205 23.5932846069336 24.0422096252441 23.8569660186768 24.4795780181885 24.8571090698242 25.188289642334 25.208948135376 25.132869720459 25.3281383514404 28.4766159057617 29.183801651001 28.9911613464355 25.7989673614502 26.3185768127441 30.0268268585205 27.3118553161621 29.4888935089111 29.7639312744141 30.2858486175537 30.3234367370605 29.6169338226318 29.8460311889648 28.7600021362305 29.2393741607666 29.0603637695312 28.11403465271 30.0005989074707 30.2857570648193 31.0775566101074 27.5636692047119 28.5700054168701 28.630256652832 24.463924407959 27.1489925384521 29.6955108642578 31.6913547515869 26.4930000305176 28.6614875793457 28.7618274688721 28.1051158905029 27.0290966033936 28.4320621490479 29.0059604644775
