inst/extdata/Tmax/Tmax46.asc
NCOLS 100 
NROWS 79 
XLLCORNER 148.06 
YLLCORNER -21.49 
CELLSIZE 0.01 
NODATA_value -3.4e+38 
[rows 20 to 39 of 79, columns 0 to 45 of 100]
33.154647827148402 33.6981811523438 33.9226684570312 33.6787948608398 33.9120674133301 34.806037902832 34.3598365783691 34.6665306091309 33.5242042541504 33.4607582092285 34.5360069274902 34.0860481262207 32.9566116333008 31.0796241760254 29.7311496734619 28.9118194580078 28.5852603912354 30.1151924133301 31.304235458374 32.2330551147461 32.3862037658691 32.8888931274414 33.1177940368652 33.487720489502 33.4408340454102 33.1797027587891 32.0604248046875 30.0613498687744 31.1337738037109 30.9841785430908 32.2025413513184 32.519962310791 32.603759765625 32.6867561340332 32.4446220397949 32.1461029052734 31.9375553131104 31.7193717956543 30.8241386413574 31.1523933410645 30.9499092102051 30.0194454193115 30.8058929443359 30.6185131072998 29.1932544708252 29.3396759033203
33.9174842834473 34.248607635498 34.2949333190918 33.9447059631348 33.9141159057617 33.8626441955566 33.4648132324219 34.2743682861328 34.5576705932617 34.8393135070801 34.5321006774902 34.5433349609375 34.032585144043 31.3824138641357 29.6533241271973 29.4273471832275 29.6196975708008 30.3744258880615 30.9680194854736 32.1040916442871 32.8177185058594 33.4235191345215 32.6260604858398 33.1669006347656 33.1198501586914 32.8437118530273 32.5863380432129 31.0393619537354 31.1284008026123 32.1261978149414 32.5890274047852 32.3582992553711 32.3083763122559 31.0813846588135 30.8063488006592 31.0453014373779 32.0401039123535 30.1893920898438 29.7640819549561 30.102725982666 29.309534072876 29.9133071899414 30.1028900146484 27.7349872589111 27.7187995910645 28.5367240905762
34.1954650878906 34.4974403381348 34.3441848754883 33.6862564086914 34.9515380859375 34.0715026855469 34.3341293334961 34.0284423828125 34.7565460205078 33.9736022949219 35.0843391418457 34.7230682373047 34.5258102416992 33.5252151489258 32.5709228515625 30.7390003204346 29.030933380127 29.6848640441895 30.1868858337402 32.3031883239746 33.2097969055176 32.4069633483887 32.5463371276855 32.0772399902344 31.5909595489502 32.4739227294922 32.4165534973145 32.0956268310547 32.0253524780273 32.063362121582 31.7027053833008 31.2531471252441 30.7238254547119 30.2069683074951 29.5335826873779 30.3816375732422 30.4658126831055 29.2734622955322 29.3011455535889 29.2979698181152 27.9526100158691 27.7389945983887 28.4184722900391 29.0808982849121 23.4496402740479 28.2478523254395
34.3266105651855 34.8142013549805 35.3604469299316 33.6804313659668 33.6356315612793 34.5236320495605 33.6136932373047 34.5680503845215 34.7835311889648 33.9212760925293 34.4843788146973 34.3685111999512 34.6354026794434 33.671989440918 31.7284908294678 30.7066078186035 29.4536647796631 29.7655220031738 30.5271911621094 31.5781364440918 32.1729850769043 32.882625579834 32.1103973388672 30.7578163146973 31.290075302124 31.4491481781006 31.4203071594238 32.4027214050293 32.7235717773438 32.4842567443848 32.1272506713867 31.0287113189697 30.3732280731201 30.5773429870605 31.1098899841309 30.75905418396 28.4741668701172 28.0416145324707 28.6775493621826 28.9228210449219 27.4270648956299 26.9598217010498 26.7107028961182 25.2469253540039 26.3890819549561 26.7979412078857
34.5069694519043 34.4294662475586 34.2856292724609 35.034553527832 35.1546516418457 34.8715019226074 33.6762390136719 34.7509727478027 33.3240737915039 33.557559967041 33.6133117675781 33.3937072753906 33.2262382507324 33.5370979309082 31.9311046600342 30.3779487609863 29.6002998352051 29.4544048309326 30.6229457855225 30.819263458252 32.3310012817383 32.7008323669434 29.9816856384277 29.677282333374 30.0853271484375 30.4629802703857 30.7784366607666 32.1443710327148 32.5553398132324 31.9540023803711 32.3632621765137 31.9338626861572 31.8433799743652 31.6911773681641 31.1528511047363 30.7375564575195 30.0599899291992 29.084020614624 27.8563442230225 27.2567520141602 25.8110618591309 24.7514324188232 25.5198879241943 27.7795372009277 22.4613647460938 22.3501224517822
34.9471969604492 34.6996231079102 35.1844749450684 34.5557556152344 35.1073799133301 34.9993057250977 34.897159576416 34.6951141357422 34.5374946594238 33.1488876342773 34.1887016296387 33.5004272460938 32.7101745605469 32.7893981933594 32.7660179138184 32.5519332885742 31.2274074554443 30.9718627929688 31.7054042816162 32.4576148986816 31.8011455535889 30.2186489105225 29.6560840606689 28.3008403778076 29.1145153045654 30.1252937316895 30.2068214416504 31.2441463470459 32.3171348571777 32.1482734680176 30.4889469146729 31.5180912017822 31.3366146087646 31.3564300537109 30.9270973205566 30.6003818511963 30.0003623962402 28.6538333892822 26.0922336578369 26.7279109954834 25.0049839019775 26.2746906280518 27.8854675292969 27.5133876800537 22.6184577941895 21.6404247283936
32.9626159667969 34.2082595825195 35.2856407165527 35.0836715698242 34.9957847595215 34.8667984008789 34.7955284118652 34.8416709899902 34.5702133178711 33.268871307373 32.8446159362793 33.023609161377 32.8805351257324 32.5524749755859 32.5503044128418 31.4437427520752 30.6272773742676 30.8103866577148 31.7872447967529 31.6629695892334 31.4228687286377 31.8782138824463 30.7206554412842 29.1454792022705 28.5462589263916 29.4531593322754 30.8938617706299 32.2479286193848 31.7140502929688 31.889684677124 31.0746097564697 30.8286800384521 31.1964473724365 30.6251068115234 30.5485649108887 29.6996879577637 28.3501510620117 28.6161041259766 23.842830657959 21.9808826446533 24.608455657959 22.2261600494385 27.0424098968506 23.5453586578369 25.7474269866943 21.3105792999268
33.1013336181641 32.7519187927246 33.9291877746582 34.8319091796875 34.8245315551758 34.7423973083496 34.969913482666 35.1258354187012 34.7500114440918 34.0182991027832 33.5484962463379 32.8366508483887 32.6724472045898 33.0522613525391 31.3582992553711 31.3875770568848 30.9160995483398 30.4854106903076 30.8588180541992 30.9539737701416 31.2274932861328 31.4527244567871 30.9370250701904 29.624532699585 29.4242820739746 29.7312393188477 29.2700672149658 32.0063552856445 32.4310646057129 31.1540851593018 30.8510856628418 30.9242610931396 31.2655639648438 30.3491268157959 29.963191986084 29.072998046875 27.4547691345215 27.9345073699951 27.6637363433838 26.1722278594971 24.9356994628906 25.4397258758545 25.2600059509277 22.7032718658447 22.0011138916016 21.6119251251221
31.825439453125 32.2870330810547 32.9405746459961 33.9252319335938 35.0158271789551 34.5494804382324 35.0093421936035 34.6856269836426 34.7068405151367 33.7525062561035 33.8459854125977 32.9819602966309 33.308723449707 33.2881774902344 32.9378242492676 30.6233596801758 30.5515727996826 30.2814044952393 30.717601776123 31.8173065185547 30.7369594573975 31.3214893341064 30.2257328033447 29.1355800628662 29.38991355896 29.7685546875 29.8540534973145 30.7818756103516 31.6261348724365 31.5418758392334 31.6254253387451 30.6643733978271 30.1957740783691 28.9008846282959 28.0636367797852 27.0713005065918 27.3247375488281 27.4107990264893 27.5951251983643 25.0619373321533 22.0921058654785 22.1949310302734 25.5373096466064 21.9050025939941 22.1377658843994 22.0407733917236
30.6196193695068 31.442907333374 32.1250915527344 32.8348731994629 34.3489265441895 34.4244995117188 33.8046417236328 35.0077095031738 34.8005905151367 34.4533233642578 33.3725852966309 33.7839851379395 33.119743347168 32.8447685241699 33.4074935913086 33.1166687011719 32.6511535644531 30.6831741333008 31.0221786499023 31.0425777435303 31.0403308868408 31.2266330718994 30.7329387664795 29.652473449707 29.427698135376 29.4441375732422 29.0145931243896 30.7278308868408 31.7245216369629 31.2259826660156 31.812183380127 30.2333106994629 29.1587219238281 28.9727592468262 28.4328861236572 27.9013252258301 27.8746395111084 27.2244968414307 26.5302619934082 26.2067031860352 27.7201881408691 27.7434005737305 25.0974006652832 24.8477153778076 22.3978862762451 23.3069801330566
31.1762046813965 31.9640464782715 32.1219291687012 32.8327484130859 33.2717971801758 33.1285781860352 33.3642425537109 34.4396476745605 34.4205513000488 33.923755645752 34.4164962768555 34.3513488769531 34.3875389099121 33.5721397399902 33.5848159790039 33.5114707946777 32.2009353637695 31.6178302764893 30.6302890777588 31.0686950683594 30.9308948516846 30.4646949768066 30.1773700714111 29.7814884185791 29.1909713745117 28.4082145690918 28.8810253143311 30.9372177124023 31.4362277984619 31.6221599578857 31.9232482910156 32.0954284667969 30.3310565948486 29.0235157012939 28.312650680542 29.0513401031494 28.6891460418701 27.9892826080322 27.1020374298096 27.2318458557129 29.3608741760254 29.2361316680908 28.8143749237061 27.8716449737549 24.6302032470703 23.8294544219971
32.3047409057617 32.2941932678223 33.2101669311523 34.0727691650391 34.6101303100586 33.3798980712891 33.490592956543 34.7881546020508 34.7699928283691 34.1214904785156 34.5332107543945 34.1977043151855 34.161808013916 33.7753868103027 32.8223724365234 33.1079139709473 30.749683380127 29.4031543731689 30.6889896392822 30.3401908874512 30.3573932647705 30.6253299713135 30.0546436309814 29.7831058502197 29.3831901550293 29.406608581543 29.9398384094238 31.3376865386963 32.0795059204102 31.0514736175537 31.5341873168945 31.5721607208252 31.9114475250244 30.9936656951904 30.3042011260986 29.0960960388184 29.339900970459 29.4015083312988 28.9923458099365 30.5252208709717 29.5354843139648 29.0099277496338 23.7981071472168 25.394567489624 22.9813251495361 22.1799430847168
31.8004360198975 33.2924423217773 33.1956214904785 33.3284950256348 34.5398864746094 33.7619934082031 34.4058647155762 34.0925712585449 34.6991195678711 33.7155227661133 34.7089729309082 34.2128562927246 34.1908760070801 33.5972938537598 33.1931495666504 32.6606750488281 32.5865669250488 30.80588722229 29.5506496429443 29.8138961791992 29.9175205230713 30.548246383667 29.9351997375488 30.0023326873779 29.6289081573486 29.4935932159424 31.467170715332 31.6954975128174 31.5889492034912 33.0225524902344 31.6432304382324 31.0818290710449 32.3859367370605 32.2781829833984 31.5729503631592 30.8545951843262 30.5494594573975 30.4839534759521 30.0238132476807 30.2013244628906 29.2375526428223 26.5064182281494 21.66575050354 22.0681991577148 22.2578411102295 20.8298759460449
32.5077171325684 32.7730331420898 33.3671073913574 32.3383941650391 32.9317321777344 31.9727325439453 32.7093353271484 34.0761413574219 34.6238746643066 34.4524841308594 34.7793617248535 34.0346069335938 33.8897247314453 33.9485130310059 33.3438758850098 33.1110305786133 33.4509582519531 32.929988861084 32.1885719299316 31.6914024353027 30.3646106719971 30.1753673553467 30.6838264465332 30.369779586792 29.9932498931885 29.6110897064209 31.3729019165039 32.3248100280762 31.8912925720215 32.0347747802734 31.8144664764404 30.5379581451416 30.2999839782715 30.3559951782227 30.8463535308838 31.0971221923828 31.1252269744873 31.5796203613281 31.116756439209 31.2705001831055 29.5350303649902 24.7837600708008 23.1509552001953 23.5171909332275 23.258918762207 22.0979461669922
33.0637664794922 33.5180816650391 33.2457885742188 31.3785343170166 32.1156272888184 33.3370742797852 32.6272010803223 34.0686950683594 34.4793014526367 34.1517105102539 34.6116981506348 34.3580627441406 34.7120971679688 34.2336692810059 33.8269844055176 33.6470031738281 33.3364906311035 32.9378204345703 32.4820556640625 31.464563369751 29.9501171112061 31.0205249786377 31.4299144744873 30.2605171203613 29.8501529693604 29.8462600708008 29.9344367980957 31.4160823822021 31.2030086517334 30.265266418457 31.2717227935791 30.1865463256836 29.7431640625 29.7451362609863 29.4315948486328 29.7293167114258 30.3639125823975 29.9695453643799 30.6309146881104 30.3774681091309 28.6850337982178 28.4783973693848 25.6367893218994 24.9606018066406 24.168794631958 24.0098152160645
32.8019638061523 34.1789741516113 33.2488174438477 32.4018898010254 30.8481006622314 33.2599029541016 34.7420959472656 32.9147491455078 33.9393653869629 34.5769844055176 34.4950141906738 34.3802032470703 33.8947257995605 34.0604438781738 33.7112503051758 33.8653831481934 32.919059753418 32.4756164550781 32.3524055480957 31.7100410461426 30.6011333465576 31.2405319213867 30.3450622558594 28.9024028778076 29.348560333252 29.0031299591064 30.6780242919922 30.0401782989502 29.55055809021 26.9042873382568 28.9260158538818 29.5552825927734 29.8785400390625 29.5315399169922 29.4891300201416 28.5581874847412 28.8681945800781 29.238452911377 30.2058620452881 29.5449523925781 24.6672210693359 24.3183250427246 24.1376838684082 24.7744445800781 24.4077415466309 23.0595092773438
33.3634185791016 32.5414352416992 33.8959770202637 33.1603126525879 33.010555267334 33.0801811218262 33.1682205200195 33.320671081543 33.5286445617676 34.8960266113281 34.921314239502 34.388256072998 34.3138885498047 34.5866165161133 34.3406257629395 33.1852798461914 32.5902404785156 32.5376358032227 32.5099296569824 32.459171295166 31.7881736755371 30.6984920501709 29.5588359832764 29.2644081115723 29.5738544464111 30.2919502258301 31.077579498291 30.2047138214111 29.8384704589844 27.9100799560547 27.5632419586182 26.6033992767334 28.0956554412842 29.4542388916016 29.2968807220459 27.3875408172607 27.4072818756104 27.0415821075439 26.8825378417969 23.3603610992432 23.3830718994141 22.4946937561035 23.160852432251 24.2391967773438 24.2489852905273 22.407829284668
32.630313873291 32.1997299194336 33.5633125305176 32.3788642883301 32.5303916931152 32.554615020752 31.3699913024902 32.2447967529297 33.3259391784668 33.7040481567383 34.482364654541 34.5401458740234 34.4594039916992 33.9880676269531 34.3142013549805 34.2078742980957 33.5357246398926 32.2533569335938 32.7635803222656 32.2928619384766 32.1090126037598 31.303674697876 29.6902103424072 29.5652236938477 28.9320297241211 29.7008495330811 30.8346500396729 29.8665885925293 30.1158847808838 29.921516418457 29.9083957672119 28.8194236755371 28.382251739502 27.071626663208 22.8043403625488 21.4285831451416 21.5957889556885 21.3628463745117 21.3115921020508 21.6499328613281 21.8901557922363 22.0425567626953 22.3868732452393 23.4050540924072 23.7341918945312 23.2148818969727
32.6212882995605 32.0407333374023 32.1275520324707 33.3577461242676 33.062370300293 33.1606063842773 31.7172985076904 30.8436031341553 31.9043445587158 32.9287757873535 34.2820892333984 34.6717224121094 34.6228256225586 34.4744529724121 33.3679504394531 32.913215637207 32.9467849731445 32.5949363708496 33.0779647827148 32.9511413574219 32.9237594604492 31.5887298583984 30.7662544250488 30.4605236053467 29.4401741027832 30.2461795806885 30.0213470458984 30.2424354553223 28.4272842407227 29.4947147369385 28.6718940734863 28.5240631103516 29.0693550109863 28.3283214569092 26.7095718383789 21.1374816894531 20.613561630249 20.5437316894531 20.2610988616943 20.9072895050049 21.6699180603027 23.1972579956055 21.7855205535889 23.1605968475342 22.5774211883545 22.374942779541
32.232479095459 31.7492542266846 33.0289001464844 32.9990081787109 33.3114395141602 32.4346809387207 32.0880432128906 31.4191398620605 32.3724594116211 31.881196975708 32.8916778564453 34.4514122009277 34.2090072631836 34.0203704833984 33.3445243835449 33.5922737121582 31.9004821777344 32.1476402282715 32.6144599914551 32.4681358337402 32.5534629821777 31.9046974182129 31.9422626495361 31.2862815856934 30.0019187927246 29.9291477203369 29.5943698883057 29.5396118164062 30.054874420166 29.0246772766113 27.8982334136963 27.1098442077637 29.3159847259521 29.3903560638428 29.4845142364502 26.938892364502 23.990930557251 23.5670776367188 22.3903293609619 21.2500190734863 22.1786365509033 22.1196403503418 22.2748966217041 22.7642707824707 22.632682800293 22.2287464141846
