inst/extdata/Tmax/Tmax120.asc
NCOLS 100 
NROWS 79 
XLLCORNER 148.06 
YLLCORNER -21.49 
CELLSIZE 0.01 
NODATA_value -3.4e+38 
[rows 0 to 19 of 79, columns 46 to 91 of 100]
34.4202346801758 34.2519607543945 34.163818359375 34.1823501586914 34.1825180053711 34.071460723877 34.3090553283691 34.1520805358887 33.9733428955078 33.8115425109863 33.7494583129883 33.498908996582 33.4250297546387 33.6821899414062 33.9936866760254 33.9474983215332 33.8585472106934 33.7280044555664 33.4729385375977 33.3423080444336 33.2754211425781 -3.4e+38 -3.4e+38 -3.4e+38 -3.4e+38 -3.4e+38 -3.4e+38 -3.4e+38 -3.4e+38 -3.4e+38 -3.4e+38 -3.4e+38 -3.4e+38 -3.4e+38 -3.4e+38 -3.4e+38 -3.4e+38 -3.4e+38 -3.4e+38 -3.4e+38 -3.4e+38 -3.4e+38 -3.4e+38 -3.4e+38 -3.4e+38 -3.4e+38
34.3556785583496 34.0810317993164 33.8640060424805 34.1417579650879 34.3251838684082 34.3372039794922 34.3104515075684 34.2230987548828 33.8938980102539 33.4669952392578 33.6295738220215 33.1054534912109 33.6543769836426 33.9973373413086 34.0061531066895 33.9463806152344 33.8693199157715 33.7680130004883 33.6066284179688 33.5520896911621 33.4900207519531 33.3997802734375 -3.4e+38 -3.4e+38 -3.4e+38 -3.4e+38 -3.4e+38 -3.4e+38 -3.4e+38 -3.4e+38 -3.4e+38 -3.4e+38 -3.4e+38 -3.4e+38 -3.4e+38 -3.4e+38 -3.4e+38 -3.4e+38 -3.4e+38 -3.4e+38 -3.4e+38 -3.4e+38 -3.4e+38 -3.4e+38 -3.4e+38 -3.4e+38
34.2232818603516 33.4718933105469 32.626293182373 34.0563545227051 34.2725486755371 34.2900276184082 34.2885131835938 34.2530822753906 34.0387306213379 33.454776763916 33.5747261047363 33.7385559082031 33.8417625427246 34.0227508544922 34.0147972106934 33.9457931518555 33.8872299194336 33.8185424804688 33.7199974060059 33.5211143493652 33.5189056396484 33.4095230102539 33.2392082214355 33.0285835266113 -3.4e+38 -3.4e+38 -3.4e+38 -3.4e+38 -3.4e+38 -3.4e+38 -3.4e+38 -3.4e+38 -3.4e+38 -3.4e+38 -3.4e+38 -3.4e+38 -3.4e+38 -3.4e+38 -3.4e+38 -3.4e+38 -3.4e+38 -3.4e+38 -3.4e+38 -3.4e+38 -3.4e+38 -3.4e+38
33.7647819519043 33.8448638916016 32.742733001709 33.9114837646484 34.1226425170898 34.1882171630859 34.2737884521484 34.1926040649414 34.078182220459 33.7574081420898 33.6735076904297 33.4299125671387 33.8116607666016 33.969181060791 34.0189361572266 33.9482879638672 33.9180603027344 33.8755302429199 33.7571830749512 33.4027290344238 33.2488975524902 33.3163223266602 33.2980766296387 33.2589645385742 33.1395225524902 32.8286247253418 -3.4e+38 -3.4e+38 -3.4e+38 -3.4e+38 -3.4e+38 -3.4e+38 -3.4e+38 -3.4e+38 -3.4e+38 -3.4e+38 -3.4e+38 -3.4e+38 -3.4e+38 -3.4e+38 -3.4e+38 -3.4e+38 -3.4e+38 -3.4e+38 -3.4e+38 -3.4e+38
33.7202529907227 33.7601432800293 32.5659523010254 32.7916374206543 33.6215019226074 34.1476516723633 34.2563247680664 34.1296768188477 34.1179275512695 33.8132171630859 33.5304183959961 33.3507995605469 32.9710998535156 33.6549034118652 33.9377479553223 33.8750457763672 33.9345512390137 33.9069213867188 33.6830635070801 32.9290084838867 32.4102783203125 33.2384414672852 33.3535385131836 33.3195266723633 33.1331100463867 32.935977935791 -3.4e+38 -3.4e+38 -3.4e+38 -3.4e+38 -3.4e+38 -3.4e+38 -3.4e+38 -3.4e+38 -3.4e+38 -3.4e+38 -3.4e+38 -3.4e+38 -3.4e+38 -3.4e+38 -3.4e+38 -3.4e+38 -3.4e+38 -3.4e+38 -3.4e+38 -3.4e+38
32.8398094177246 33.587818145752 32.1599197387695 31.6170272827148 33.2210388183594 34.1925277709961 34.1467475891113 34.1043014526367 34.0648345947266 33.6627616882324 32.7316207885742 32.3991012573242 32.7634925842285 33.7488403320312 33.6696090698242 33.864444732666 33.9345169067383 33.8855285644531 33.8142929077148 33.1654586791992 32.402458190918 32.5049095153809 33.0745887756348 33.1867446899414 33.2106018066406 33.1711654663086 -3.4e+38 -3.4e+38 -3.4e+38 -3.4e+38 -3.4e+38 -3.4e+38 -3.4e+38 -3.4e+38 -3.4e+38 -3.4e+38 -3.4e+38 -3.4e+38 -3.4e+38 -3.4e+38 -3.4e+38 -3.4e+38 -3.4e+38 -3.4e+38 -3.4e+38 -3.4e+38
32.0634155273438 33.5374946594238 32.925121307373 32.8573760986328 33.8493309020996 34.1231536865234 33.9656066894531 33.86572265625 34.0363922119141 33.5528602600098 32.8201370239258 32.8244590759277 33.5289688110352 33.6762008666992 32.7338562011719 33.6744499206543 33.7582168579102 33.7834205627441 33.8421478271484 33.5688858032227 33.1768798828125 32.9157562255859 33.1805458068848 32.9566116333008 33.2560577392578 33.3181076049805 33.225040435791 33.0214004516602 -3.4e+38 -3.4e+38 -3.4e+38 -3.4e+38 -3.4e+38 -3.4e+38 -3.4e+38 -3.4e+38 -3.4e+38 -3.4e+38 -3.4e+38 -3.4e+38 -3.4e+38 -3.4e+38 -3.4e+38 -3.4e+38 -3.4e+38 -3.4e+38
31.3231601715088 33.5143775939941 33.9887237548828 33.8061714172363 32.8327751159668 33.0586242675781 33.7213745117188 33.8887710571289 34.0629196166992 33.8809509277344 33.4864768981934 33.0632553100586 33.1030387878418 33.3432350158691 32.8856315612793 33.631477355957 32.8988380432129 32.8728637695312 33.6290588378906 33.7750129699707 33.6127624511719 33.3715972900391 33.2843818664551 33.3610763549805 33.3545417785645 33.3449974060059 33.1997566223145 33.1086769104004 32.8987731933594 32.4351997375488 32.4160461425781 -3.4e+38 -3.4e+38 -3.4e+38 -3.4e+38 -3.4e+38 -3.4e+38 -3.4e+38 -3.4e+38 -3.4e+38 -3.4e+38 -3.4e+38 -3.4e+38 -3.4e+38 -3.4e+38 -3.4e+38
31.2801094055176 33.0751304626465 33.9909439086914 33.8857650756836 33.0538711547852 31.7413673400879 32.9327354431152 33.9653053283691 34.0522003173828 33.9452209472656 33.7996063232422 33.5377883911133 33.5686874389648 33.3981590270996 32.8655471801758 32.8081893920898 32.4304618835449 33.1974220275879 33.5297241210938 33.6200675964355 33.644416809082 33.2937088012695 32.8958549499512 32.5712127685547 33.3252944946289 33.4066352844238 33.3161087036133 33.1892623901367 33.1050262451172 32.5931549072266 32.5173072814941 32.6730651855469 -3.4e+38 -3.4e+38 -3.4e+38 -3.4e+38 -3.4e+38 -3.4e+38 -3.4e+38 -3.4e+38 -3.4e+38 -3.4e+38 -3.4e+38 -3.4e+38 -3.4e+38 -3.4e+38
32.0979156494141 33.0830612182617 33.8272552490234 33.8275566101074 33.8097305297852 32.543872833252 32.8175201416016 33.8341484069824 34.0244369506836 33.9108238220215 33.7175369262695 33.4614334106445 33.3413696289062 33.4669036865234 32.8206367492676 32.5512008666992 32.4823188781738 33.5964660644531 33.4485778808594 33.1466484069824 33.5658073425293 33.5438652038574 33.349983215332 33.0034446716309 33.4514312744141 33.4140777587891 33.2784309387207 33.3566589355469 33.2421722412109 33.0145072937012 32.6484832763672 32.6707458496094 -3.4e+38 -3.4e+38 -3.4e+38 -3.4e+38 -3.4e+38 -3.4e+38 -3.4e+38 -3.4e+38 -3.4e+38 -3.4e+38 -3.4e+38 -3.4e+38 -3.4e+38 -3.4e+38
31.2667655944824 32.9437408447266 33.2838935852051 33.0958099365234 33.4085502624512 33.6511383056641 33.3919105529785 33.8302154541016 33.9444961547852 33.8483772277832 33.6830520629883 33.5063247680664 33.3088531494141 33.6944732666016 33.5419692993164 33.4534111022949 33.5308837890625 33.7670135498047 33.7792549133301 33.2243041992188 32.7852020263672 33.464485168457 33.6716003417969 33.1554870605469 33.1907958984375 33.0530471801758 33.0452575683594 33.420295715332 33.3185844421387 33.1022453308105 -3.4e+38 -3.4e+38 -3.4e+38 -3.4e+38 -3.4e+38 -3.4e+38 -3.4e+38 -3.4e+38 -3.4e+38 -3.4e+38 -3.4e+38 -3.4e+38 -3.4e+38 -3.4e+38 -3.4e+38 -3.4e+38
30.646354675293 31.5607566833496 31.8676376342773 31.6306571960449 32.578441619873 33.1757926940918 33.5224533081055 33.7946166992188 33.8037338256836 33.7250633239746 33.5531387329102 33.3908843994141 33.2624282836914 33.8921394348145 33.8948364257812 33.7560157775879 33.7812690734863 33.8933448791504 33.9525184631348 33.8625755310059 33.4661598205566 33.2667579650879 33.6844749450684 33.4992218017578 33.2634582519531 33.4211273193359 33.4884719848633 33.2551002502441 33.1913032531738 33.0965919494629 -3.4e+38 -3.4e+38 -3.4e+38 -3.4e+38 -3.4e+38 -3.4e+38 -3.4e+38 -3.4e+38 -3.4e+38 -3.4e+38 -3.4e+38 -3.4e+38 -3.4e+38 -3.4e+38 -3.4e+38 -3.4e+38
30.6321067810059 29.7033233642578 29.1184349060059 29.2540512084961 31.3059844970703 31.8165855407715 32.9690628051758 33.3018417358398 33.5998649597168 33.5028343200684 33.3100662231445 33.6232070922852 33.6341781616211 33.5465965270996 34.0026473999023 33.9918785095215 33.939453125 33.9642677307129 33.9927139282227 33.9882621765137 33.9446296691895 33.8797645568848 33.7431755065918 33.7078094482422 33.4112319946289 33.5242691040039 33.5366592407227 33.2842788696289 33.0528450012207 32.992115020752 32.9271621704102 32.6915054321289 -3.4e+38 -3.4e+38 -3.4e+38 -3.4e+38 -3.4e+38 -3.4e+38 -3.4e+38 -3.4e+38 -3.4e+38 -3.4e+38 -3.4e+38 -3.4e+38 -3.4e+38 -3.4e+38
30.6584186553955 29.9142189025879 29.0623931884766 28.5547485351562 29.1387748718262 29.9429397583008 31.7805938720703 32.9158477783203 33.5973281860352 33.4435920715332 32.9906578063965 33.5586853027344 33.8727989196777 33.9256401062012 33.9543228149414 33.9895553588867 34.0324401855469 34.0350914001465 34.0265960693359 34.0103530883789 33.9853820800781 33.9400672912598 33.8805732727051 33.8136672973633 33.5927772521973 33.6429977416992 33.5727005004883 33.3965148925781 33.1847229003906 33.1480865478516 33.1146583557129 33.0151824951172 32.7882804870605 -3.4e+38 -3.4e+38 -3.4e+38 -3.4e+38 32.356128692627 32.3825187683105 -3.4e+38 -3.4e+38 -3.4e+38 -3.4e+38 -3.4e+38 -3.4e+38 -3.4e+38
31.221040725708 30.0016193389893 29.1618137359619 28.8062648773193 29.339729309082 29.1045570373535 30.2695159912109 31.930591583252 33.1730308532715 33.5335426330566 32.5306625366211 33.3201637268066 33.740837097168 33.3231735229492 33.4122085571289 33.8064384460449 33.9145317077637 33.9929351806641 33.9608421325684 33.8547706604004 33.8957443237305 33.8630981445312 33.8818664550781 33.8499641418457 33.7934417724609 33.6729125976562 33.5907745361328 33.4754791259766 33.3685684204102 33.3065490722656 33.277961730957 33.1773223876953 32.872501373291 -3.4e+38 -3.4e+38 -3.4e+38 -3.4e+38 32.4707298278809 32.4170913696289 32.5609016418457 32.5398254394531 32.3656311035156 -3.4e+38 -3.4e+38 -3.4e+38 -3.4e+38
31.1852512359619 29.9784183502197 29.202449798584 29.6398544311523 29.4415912628174 29.8306465148926 29.6026992797852 30.9820747375488 33.0045738220215 33.6833953857422 32.7359657287598 32.7065811157227 33.4670372009277 31.757417678833 32.7017250061035 33.062614440918 33.5896148681641 33.9662399291992 33.9615707397461 33.8883666992188 33.8877029418945 33.882007598877 33.9045028686523 33.8695869445801 33.8185195922852 33.5951766967773 33.5864524841309 33.5391693115234 33.5030212402344 33.4730834960938 33.3953666687012 33.2859687805176 33.1409454345703 -3.4e+38 -3.4e+38 32.9475440979004 32.7757720947266 32.5659828186035 32.4398040771484 32.232982635498 32.352165222168 32.5381469726562 -3.4e+38 -3.4e+38 -3.4e+38 -3.4e+38
29.8700847625732 28.6611137390137 28.6192932128906 29.8830890655518 30.2213840484619 30.1348266601562 29.7430152893066 30.1007080078125 32.3286972045898 33.5161170959473 33.5361137390137 32.7773933410645 33.2630462646484 32.0024375915527 32.0189476013184 32.084228515625 33.3136444091797 33.958438873291 33.9818458557129 34.0086212158203 34.0124893188477 33.9710426330566 33.9356956481934 33.719841003418 33.7354049682617 33.6366081237793 33.6324424743652 33.637565612793 33.6185989379883 33.559684753418 33.4796371459961 33.3992652893066 33.3146667480469 -3.4e+38 33.1821784973145 33.1543350219727 33.0877990722656 -3.4e+38 32.588451385498 -3.4e+38 32.306770324707 -3.4e+38 -3.4e+38 -3.4e+38 -3.4e+38 -3.4e+38
29.8201637268066 28.4129219055176 27.700439453125 30.2547206878662 30.4647483825684 29.8396492004395 29.4765815734863 29.609619140625 31.1168785095215 33.2466430664062 33.3548545837402 32.9686851501465 33.0834083557129 33.1937255859375 32.5868873596191 33.619987487793 33.8436737060547 33.9502716064453 33.9950485229492 33.9933242797852 33.9909858703613 33.9684753417969 33.9443206787109 33.8687705993652 33.8660163879395 33.8065376281738 33.7719917297363 33.7365341186523 33.6523170471191 33.6394309997559 33.5763282775879 33.5210075378418 33.4614448547363 33.3916549682617 33.3469619750977 33.3342971801758 33.204704284668 -3.4e+38 -3.4e+38 -3.4e+38 -3.4e+38 -3.4e+38 -3.4e+38 32.5340576171875 -3.4e+38 -3.4e+38
31.5392608642578 31.2443389892578 29.1740055084229 30.6610431671143 29.2318019866943 29.2327404022217 29.6740951538086 29.9735507965088 31.9396705627441 33.2309913635254 32.9629096984863 32.4061965942383 33.2119026184082 33.5984153747559 33.7015113830566 33.763256072998 33.8836059570312 33.5911903381348 33.7453460693359 33.9093399047852 33.8884315490723 33.9333534240723 33.9512214660645 33.9318733215332 33.9132957458496 33.8750419616699 33.8503570556641 33.7338676452637 33.4302520751953 33.5644645690918 33.656120300293 33.645824432373 33.6026573181152 33.5234642028809 33.483585357666 33.4215621948242 33.3036499023438 33.2000198364258 33.1023216247559 33.0432319641113 33.027645111084 32.935230255127 32.7175750732422 32.5503845214844 -3.4e+38 -3.4e+38
31.6180057525635 30.8241481781006 31.4495315551758 31.27809715271 29.9289207458496 29.960075378418 29.5934391021729 29.8060092926025 31.7454147338867 32.9659729003906 33.3509216308594 33.1427383422852 33.4656181335449 33.7416725158691 33.6297416687012 33.5043449401855 33.6912727355957 33.4461326599121 33.3019485473633 33.4748802185059 33.7836456298828 33.8566780090332 33.8849105834961 33.926628112793 33.9364585876465 33.9132690429688 33.8750915527344 33.6993064880371 33.4538688659668 33.6525115966797 33.6280403137207 33.7231864929199 33.6207008361816 33.5681114196777 33.5298614501953 33.4187355041504 33.3484039306641 33.3091087341309 33.2766799926758 33.2446022033691 33.207763671875 33.0971412658691 32.7965927124023 32.4808692932129 32.5241928100586 -3.4e+38
