inst/extdata/Tmax/Tmax86.asc
NCOLS 100 
NROWS 79 
XLLCORNER 148.06 
YLLCORNER -21.49 
CELLSIZE 0.01 
NODATA_value -3.4e+38 
[rows 0 to 19 of 79, columns 46 to 91 of 100]
29.241512298584 29.0662746429443 28.971076965332 28.982063293457 28.9743804931641 28.8661079406738 29.087121963501 28.9217433929443 28.7350044250488 28.5654983520508 28.4954586029053 28.2341461181641 28.1467189788818 28.3851356506348 28.6777477264404 28.6156749725342 28.5057163238525 28.3511619567871 28.069242477417 27.906759262085 27.8370780944824 -3.4e+38 -3.4e+38 -3.4e+38 -3.4e+38 -3.4e+38 -3.4e+38 -3.4e+38 -3.4e+38 -3.4e+38 -3.4e+38 -3.4e+38 -3.4e+38 -3.4e+38 -3.4e+38 -3.4e+38 -3.4e+38 -3.4e+38 -3.4e+38 -3.4e+38 -3.4e+38 -3.4e+38 -3.4e+38 -3.4e+38 -3.4e+38 -3.4e+38
29.1953659057617 28.9147891998291 28.6922454833984 28.9619178771973 29.1380424499512 29.1533718109131 29.1112289428711 29.016414642334 28.6798782348633 28.2462959289551 28.3977870941162 27.8692150115967 28.396312713623 28.7224884033203 28.7155208587646 28.6415214538574 28.5460033416748 28.4243927001953 28.2410202026367 28.1630229949951 28.0985336303711 27.996166229248 -3.4e+38 -3.4e+38 -3.4e+38 -3.4e+38 -3.4e+38 -3.4e+38 -3.4e+38 -3.4e+38 -3.4e+38 -3.4e+38 -3.4e+38 -3.4e+38 -3.4e+38 -3.4e+38 -3.4e+38 -3.4e+38 -3.4e+38 -3.4e+38 -3.4e+38 -3.4e+38 -3.4e+38 -3.4e+38 -3.4e+38 -3.4e+38
29.0970363616943 28.3454532623291 27.5128192901611 28.912618637085 29.1218719482422 29.143482208252 29.1273918151855 29.0829467773438 28.8595199584961 28.2706146240234 28.3806438446045 28.5311145782471 28.6211624145508 28.7880382537842 28.7660160064697 28.6849231719971 28.6102828979492 28.5249500274658 28.4093227386475 28.1945648193359 28.1838512420654 28.0465354919434 27.8568058013916 27.6165542602539 -3.4e+38 -3.4e+38 -3.4e+38 -3.4e+38 -3.4e+38 -3.4e+38 -3.4e+38 -3.4e+38 -3.4e+38 -3.4e+38 -3.4e+38 -3.4e+38 -3.4e+38 -3.4e+38 -3.4e+38 -3.4e+38 -3.4e+38 -3.4e+38 -3.4e+38 -3.4e+38 -3.4e+38 -3.4e+38
28.6411228179932 28.7153358459473 27.6278114318848 28.7705326080322 28.97483253479 29.0437164306641 29.1131935119629 29.0237274169922 28.9007110595703 28.5724945068359 28.4819717407227 28.2307033538818 28.5969505310059 28.7415752410889 28.7786464691162 28.6977729797363 28.6542224884033 28.5979995727539 28.4668369293213 28.0995273590088 27.9351100921631 27.9679317474365 27.9353904724121 27.8927268981934 27.7623729705811 27.4084186553955 -3.4e+38 -3.4e+38 -3.4e+38 -3.4e+38 -3.4e+38 -3.4e+38 -3.4e+38 -3.4e+38 -3.4e+38 -3.4e+38 -3.4e+38 -3.4e+38 -3.4e+38 -3.4e+38 -3.4e+38 -3.4e+38 -3.4e+38 -3.4e+38 -3.4e+38 -3.4e+38
28.6166667938232 28.6515007019043 27.4480400085449 27.6906471252441 28.4973983764648 29.0229835510254 29.1159439086914 28.9818229675293 28.9618682861328 28.6503257751465 28.3639965057373 28.1773357391357 27.794958114624 28.4565277099609 28.7262859344482 28.6554222106934 28.7033367156982 28.6647243499756 28.4286975860596 27.6687297821045 27.1554107666016 27.9376316070557 28.0331535339355 27.995153427124 27.7895469665527 27.5590286254883 -3.4e+38 -3.4e+38 -3.4e+38 -3.4e+38 -3.4e+38 -3.4e+38 -3.4e+38 -3.4e+38 -3.4e+38 -3.4e+38 -3.4e+38 -3.4e+38 -3.4e+38 -3.4e+38 -3.4e+38 -3.4e+38 -3.4e+38 -3.4e+38 -3.4e+38 -3.4e+38
27.7489852905273 28.5014019012451 26.964786529541 26.3406887054443 28.1229457855225 29.0878257751465 29.0274200439453 28.9779930114746 28.9311866760254 28.5244064331055 27.6054439544678 27.2745914459229 27.6186561584473 28.5770225524902 28.489185333252 28.6754512786865 28.7357654571533 28.6755561828613 28.5915412902832 27.9362144470215 27.1882133483887 27.2652034759521 27.8051147460938 27.8896732330322 27.8998222351074 27.8515472412109 -3.4e+38 -3.4e+38 -3.4e+38 -3.4e+38 -3.4e+38 -3.4e+38 -3.4e+38 -3.4e+38 -3.4e+38 -3.4e+38 -3.4e+38 -3.4e+38 -3.4e+38 -3.4e+38 -3.4e+38 -3.4e+38 -3.4e+38 -3.4e+38 -3.4e+38 -3.4e+38
26.832706451416 28.4704971313477 27.8480796813965 27.7732677459717 28.7626781463623 29.0392723083496 28.8684234619141 28.7627944946289 28.9254379272461 28.4391708374023 27.7157459259033 27.7122764587402 28.3952178955078 28.5327758789062 27.600004196167 28.5175895690918 28.5905990600586 28.6048736572266 28.6520042419434 28.3699932098389 27.9828262329102 27.7054500579834 27.9468898773193 27.7064590454102 27.9802951812744 28.0462398529053 27.9510555267334 27.7207584381104 -3.4e+38 -3.4e+38 -3.4e+38 -3.4e+38 -3.4e+38 -3.4e+38 -3.4e+38 -3.4e+38 -3.4e+38 -3.4e+38 -3.4e+38 -3.4e+38 -3.4e+38 -3.4e+38 -3.4e+38 -3.4e+38 -3.4e+38 -3.4e+38
25.9853229522705 28.4819469451904 28.9466533660889 28.7606582641602 27.7540283203125 28.0245666503906 28.662992477417 28.8229026794434 28.9897308349609 28.8026695251465 28.4085235595703 27.9860954284668 28.018217086792 28.2470550537109 27.7918758392334 28.5184440612793 27.7893505096436 27.7545757293701 28.4888248443604 28.6246185302734 28.4632053375244 28.2033443450928 28.1026172637939 28.1637229919434 28.1429309844971 28.1225509643555 27.9673881530762 27.859935760498 27.6227493286133 27.137451171875 27.1474647521973 -3.4e+38 -3.4e+38 -3.4e+38 -3.4e+38 -3.4e+38 -3.4e+38 -3.4e+38 -3.4e+38 -3.4e+38 -3.4e+38 -3.4e+38 -3.4e+38 -3.4e+38 -3.4e+38 -3.4e+38
25.9066009521484 27.9905471801758 28.949634552002 28.8408260345459 27.9789180755615 26.476619720459 27.8493614196777 28.9022312164307 28.9831447601318 28.8713150024414 28.7236671447754 28.4591007232666 28.4837665557861 28.3096466064453 27.7803916931152 27.7191562652588 27.2905464172363 28.0845966339111 28.4042339324951 28.4842300415039 28.5080299377441 28.1425228118896 27.7407493591309 27.412727355957 28.1385650634766 28.201301574707 28.0937347412109 27.9621734619141 27.8745040893555 27.3445281982422 27.2400856018066 27.4077072143555 -3.4e+38 -3.4e+38 -3.4e+38 -3.4e+38 -3.4e+38 -3.4e+38 -3.4e+38 -3.4e+38 -3.4e+38 -3.4e+38 -3.4e+38 -3.4e+38 -3.4e+38 -3.4e+38
26.8396034240723 27.9895191192627 28.8073482513428 28.8036422729492 28.781795501709 27.3949851989746 27.7073650360107 28.7948970794678 28.9789409637451 28.8612957000732 28.6673755645752 28.409574508667 28.2861194610596 28.4035034179688 27.7269897460938 27.4240322113037 27.3453636169434 28.5085563659668 28.3545551300049 28.0487384796143 28.4631500244141 28.4247779846191 28.2246227264404 27.8731441497803 28.2998752593994 28.2497978210449 28.1002464294434 28.1688957214355 28.0473213195801 27.7938842773438 27.382682800293 27.4160995483398 -3.4e+38 -3.4e+38 -3.4e+38 -3.4e+38 -3.4e+38 -3.4e+38 -3.4e+38 -3.4e+38 -3.4e+38 -3.4e+38 -3.4e+38 -3.4e+38 -3.4e+38 -3.4e+38
25.8764743804932 27.8176422119141 28.2173137664795 28.0041217803955 28.3696002960205 28.6527423858643 28.3607368469238 28.8139209747314 28.9231185913086 28.8236236572266 28.6582374572754 28.4791526794434 28.2772941589355 28.6544036865234 28.4984264373779 28.4082183837891 28.4794406890869 28.7060890197754 28.7111301422119 28.1562805175781 27.6894397735596 28.3810939788818 28.5771541595459 28.0570850372314 28.0803070068359 27.9359169006348 27.9149780273438 28.2612228393555 28.1404800415039 27.9013633728027 -3.4e+38 -3.4e+38 -3.4e+38 -3.4e+38 -3.4e+38 -3.4e+38 -3.4e+38 -3.4e+38 -3.4e+38 -3.4e+38 -3.4e+38 -3.4e+38 -3.4e+38 -3.4e+38 -3.4e+38 -3.4e+38
25.1653308868408 26.2115745544434 26.570011138916 26.3041725158691 27.4010372161865 28.107593536377 28.5014743804932 28.8017406463623 28.807279586792 28.7258319854736 28.5475444793701 28.3636856079102 28.218090057373 28.876501083374 28.8747863769531 28.7352504730225 28.754602432251 28.8598918914795 28.9128170013428 28.8178653717041 28.4303798675537 28.2164154052734 28.6224899291992 28.4306602478027 28.1876392364502 28.3304061889648 28.3790740966797 28.1262969970703 28.0341377258301 27.9106254577637 -3.4e+38 -3.4e+38 -3.4e+38 -3.4e+38 -3.4e+38 -3.4e+38 -3.4e+38 -3.4e+38 -3.4e+38 -3.4e+38 -3.4e+38 -3.4e+38 -3.4e+38 -3.4e+38 -3.4e+38 -3.4e+38
25.1576709747314 24.13427734375 23.543888092041 23.6756343841553 25.9473667144775 26.5484981536865 27.8715934753418 28.2577781677246 28.6012878417969 28.4925556182861 28.2783966064453 28.6357345581055 28.6485919952393 28.5496845245361 29.0237846374512 29.010814666748 28.9539966583252 28.9739112854004 28.9975242614746 28.9885787963867 28.9495830535889 28.8705596923828 28.7269802093506 28.6813545227051 28.3752765655518 28.4761447906494 28.4717845916748 28.2024383544922 27.9415969848633 27.8563594818115 27.7682323455811 27.4982318878174 -3.4e+38 -3.4e+38 -3.4e+38 -3.4e+38 -3.4e+38 -3.4e+38 -3.4e+38 -3.4e+38 -3.4e+38 -3.4e+38 -3.4e+38 -3.4e+38 -3.4e+38 -3.4e+38
25.1590118408203 24.3320960998535 23.4660110473633 22.9645881652832 23.5353889465332 24.4019546508789 26.4755744934082 27.7839527130127 28.5683307647705 28.395299911499 27.8839950561523 28.5338802337646 28.8900413513184 28.9495506286621 28.9811496734619 29.0159511566162 29.0546588897705 29.0535259246826 29.0414619445801 29.020191192627 28.9990520477295 28.9382667541504 28.8705368041992 28.7945423126221 28.554313659668 28.6045703887939 28.5195732116699 28.315990447998 28.072057723999 28.0189533233643 27.9790420532227 27.8570976257324 27.5988464355469 -3.4e+38 -3.4e+38 -3.4e+38 -3.4e+38 27.1837100982666 27.2275066375732 -3.4e+38 -3.4e+38 -3.4e+38 -3.4e+38 -3.4e+38 -3.4e+38 -3.4e+38
25.7883396148682 24.4234752655029 23.5623264312744 23.2055492401123 23.7341289520264 23.5064659118652 24.7593364715576 26.6455326080322 28.0750637054443 28.4902782440186 27.3504180908203 28.2558631896973 28.7349605560303 28.2629146575928 28.3650016784668 28.8136405944824 28.9343376159668 29.0210075378418 28.9829750061035 28.8622016906738 28.9162864685059 28.8683586120605 28.8847961425781 28.8444747924805 28.7763080596924 28.6406078338623 28.5429496765137 28.4082183837891 28.2823505401611 28.2054061889648 28.1770648956299 28.043737411499 27.6924724578857 -3.4e+38 -3.4e+38 -3.4e+38 -3.4e+38 27.2969379425049 27.2524948120117 27.4259490966797 27.4207782745361 27.2431507110596 -3.4e+38 -3.4e+38 -3.4e+38 -3.4e+38
25.7404842376709 24.3915634155273 23.6000843048096 24.0358409881592 23.8340473175049 24.2656745910645 24.011194229126 25.5608463287354 27.8742294311523 28.6533679962158 27.5785999298096 27.548755645752 28.4184341430664 26.4749431610107 27.5526695251465 27.9688243865967 28.5652484893799 28.9867649078369 28.9799270629883 28.8963508605957 28.9047603607178 28.8874530792236 28.9088554382324 28.8661060333252 28.8050899505615 28.5570430755615 28.5420761108398 28.484203338623 28.4383201599121 28.3994636535645 28.3153343200684 28.1740016937256 27.9996395111084 -3.4e+38 -3.4e+38 27.8132934570312 27.6227874755859 27.3886604309082 27.2643795013428 27.0507411956787 27.2010269165039 27.4209327697754 -3.4e+38 -3.4e+38 -3.4e+38 -3.4e+38
24.2717781066895 23.0864276885986 23.0399551391602 24.2933330535889 24.6771507263184 24.5988960266113 24.1615295410156 24.566011428833 27.092321395874 28.4554195404053 28.4852657318115 27.6231670379639 28.1802711486816 26.7479400634766 26.7708988189697 26.8527221679688 28.2490997314453 28.973705291748 28.9988079071045 29.0270977020264 29.0409832000732 28.9846210479736 28.9426403045654 28.7004451751709 28.7144165039062 28.6051235198975 28.5966339111328 28.5980968475342 28.5730667114258 28.5010223388672 28.4160842895508 28.3107490539551 28.20920753479 -3.4e+38 28.0593338012695 28.047269821167 27.9838790893555 -3.4e+38 27.4152603149414 -3.4e+38 27.1381969451904 -3.4e+38 -3.4e+38 -3.4e+38 -3.4e+38 -3.4e+38
24.23291015625 22.8897380828857 22.2662811279297 24.7167072296143 24.9585762023926 24.2798252105713 23.8762359619141 24.0300788879395 25.7222843170166 28.1555614471436 28.2868347167969 27.8501224517822 27.9846038818359 28.1131935119629 27.4262924194336 28.603609085083 28.8559665679932 28.9754581451416 29.0250186920166 29.0222549438477 29.0299949645996 28.9953651428223 28.9666080474854 28.8806648254395 28.8751335144043 28.8102245330811 28.7692451477051 28.7271041870117 28.6293697357178 28.6097106933594 28.5457725524902 28.4712963104248 28.4007930755615 28.3208560943604 28.2703132629395 28.2638568878174 28.1249713897705 -3.4e+38 -3.4e+38 -3.4e+38 -3.4e+38 -3.4e+38 -3.4e+38 27.4365882873535 -3.4e+38 -3.4e+38
26.1135120391846 25.7866477966309 23.5589656829834 25.1439914703369 23.6125354766846 23.6216049194336 24.0682525634766 24.4072799682617 26.6276760101318 28.1084079742432 27.8105449676514 27.1798858642578 28.1024856567383 28.5441913604736 28.6629314422607 28.737886428833 28.8742942810059 28.5468616485596 28.7206611633301 28.9041290283203 28.8919792175293 28.9332637786865 28.9520511627197 28.9292526245117 28.9071235656738 28.8665580749512 28.8371906280518 28.7054386138916 28.3670673370361 28.511625289917 28.6200847625732 28.5971164703369 28.5470180511475 28.4586429595947 28.4147167205811 28.3458099365234 28.2082176208496 28.0990467071533 27.9977016448975 27.9427089691162 27.9450817108154 27.8504734039307 27.6057929992676 27.4208221435547 -3.4e+38 -3.4e+38
26.1954345703125 25.3061027526855 26.0193271636963 25.8325595855713 24.3280601501465 24.3811702728271 23.9737339019775 24.2160243988037 26.4002304077148 27.7984275817871 28.2462539672852 28.0133361816406 28.3844184875488 28.7001209259033 28.5762500762939 28.4407577514648 28.6535511016846 28.3793773651123 28.2188472747803 28.4147853851318 28.7728481292725 28.846435546875 28.8777122497559 28.9235820770264 28.9338283538818 28.9104499816895 28.8663101196289 28.670072555542 28.3968448638916 28.6141452789307 28.5965538024902 28.6912746429443 28.5775814056396 28.5196189880371 28.477466583252 28.3532123565674 28.2700290679932 28.2214756011963 28.1951847076416 28.1726741790771 28.1500968933105 28.035270690918 27.6970119476318 27.3323955535889 27.3954696655273 -3.4e+38
