inst/extdata/Tmax/Tmax87.asc
NCOLS 100 
NROWS 79 
XLLCORNER 148.06 
YLLCORNER -21.49 
CELLSIZE 0.01 
NODATA_value -3.4e+38 
[rows 0 to 19 of 79, columns 0 to 45 of 100]
36.980560302734403 36.630859375 35.6313247680664 36.0101623535156 36.1609573364258 36.6075706481934 36.8166656494141 36.9961624145508 36.9526977539062 36.7690734863281 36.275276184082 36.0628776550293 35.9799461364746 34.7037544250488 35.2098541259766 35.6464614868164 36.0560607910156 36.0167503356934 35.1768913269043 34.4901123046875 34.3417739868164 33.37548828125 33.8231506347656 35.1488304138184 35.6737365722656 35.9302215576172 35.8080635070801 35.8501663208008 35.5273132324219 35.1461410522461 34.2445106506348 32.3028526306152 33.6324462890625 33.5451316833496 32.2977523803711 31.1422119140625 31.0284557342529 30.6333084106445 31.4402179718018 33.3940086364746 34.9659156799316 35.2386131286621 35.9710083007812 36.3026924133301 36.4680252075195 36.5900802612305
36.7991905212402 36.2605323791504 35.4631004333496 35.5623168945312 34.9734153747559 35.928035736084 36.5290069580078 36.8736801147461 37.0120544433594 36.8866195678711 36.5276412963867 36.201717376709 36.3223876953125 35.8844375610352 35.7137413024902 35.5960578918457 36.0334854125977 36.0589714050293 35.0245895385742 34.4068298339844 34.9556884765625 34.6958999633789 34.5819053649902 35.041748046875 35.5269088745117 35.7156600952148 36.0131912231445 35.9513168334961 35.7292671203613 35.5072326660156 34.6353378295898 33.1798248291016 34.4037322998047 33.9729766845703 33.2722244262695 32.2600898742676 31.7999515533447 32.1942176818848 33.3296737670898 34.4980316162109 36.0216903686523 36.444450378418 36.5620269775391 36.5530738830566 36.600227355957 36.6342811584473
36.7899398803711 35.9452476501465 36.0639953613281 36.2021522521973 35.7253265380859 35.8515281677246 36.2833099365234 36.8906631469727 37.0848350524902 36.9399070739746 36.6339302062988 36.4990348815918 36.4045372009277 36.3484497070312 36.031421661377 35.8762283325195 36.1056709289551 36.2596549987793 35.6576614379883 35.4595108032227 35.3069534301758 34.9685401916504 34.7290382385254 34.8587112426758 35.7450180053711 36.0251083374023 35.859935760498 35.8311195373535 35.828311920166 35.5035972595215 35.5608787536621 34.5353317260742 34.7901840209961 33.4967956542969 33.1786117553711 32.5072975158691 31.963809967041 31.4568939208984 32.5561103820801 33.8272018432617 35.2657852172852 36.3076362609863 36.6298446655273 36.6924057006836 36.6653671264648 36.6105499267578
37.0211563110352 36.6556625366211 36.2946968078613 36.9615707397461 36.412899017334 35.9633293151855 36.3718452453613 36.9837913513184 37.1674690246582 37.0213623046875 36.8657913208008 36.8268432617188 36.7146263122559 36.5395011901855 36.0791282653809 35.8992576599121 36.2882995605469 36.3330612182617 36.0988616943359 35.6054573059082 35.2668647766113 34.8722724914551 34.9574890136719 34.9209671020508 35.5437355041504 36.0037002563477 35.6253204345703 35.9014663696289 35.7069854736328 34.8359069824219 35.4247512817383 35.5041999816895 34.7185935974121 33.3983726501465 32.795093536377 31.8662605285645 32.1661834716797 31.6365356445312 31.5152072906494 30.9947185516357 32.6659088134766 35.5029335021973 36.4521827697754 36.6764221191406 36.4094772338867 36.2992782592773
37.6339454650879 37.0408744812012 36.7760353088379 37.2231597900391 36.9706878662109 36.2764205932617 36.3193664550781 37.0233726501465 37.1863212585449 36.7803039550781 36.7858505249023 37.0098304748535 36.8745460510254 36.573356628418 36.1831512451172 36.3501853942871 36.4445037841797 36.1604309082031 35.6697998046875 34.8896675109863 35.0881385803223 35.2725791931152 35.4121551513672 35.6218719482422 35.6301383972168 35.2785453796387 36.0712089538574 35.6540184020996 35.5152969360352 34.9958610534668 35.3777046203613 35.1902313232422 34.8639678955078 33.8193817138672 33.2731132507324 33.6087226867676 33.2841033935547 32.7026138305664 32.1273002624512 31.3387260437012 30.9650802612305 34.6177215576172 36.167854309082 36.5992050170898 35.8864860534668 35.1452178955078
37.8072700500488 37.5424652099609 36.773811340332 37.2500228881836 37.3303184509277 36.8748092651367 36.570629119873 37.070915222168 37.2485084533691 36.9335250854492 36.8133850097656 37.108570098877 36.9378547668457 36.6381454467773 35.9279556274414 36.4805107116699 36.3984489440918 35.9094696044922 35.3246803283691 34.8800430297852 34.9901084899902 35.2704086303711 35.6090087890625 35.6097450256348 35.9279632568359 35.8133392333984 35.906436920166 35.0883102416992 35.086181640625 33.932689666748 34.7213821411133 35.2381553649902 35.3411712646484 34.9910774230957 34.6177101135254 34.551944732666 33.663330078125 33.1434440612793 32.7966079711914 31.9208908081055 31.3833065032959 34.1826019287109 36.0682678222656 36.5753440856934 36.0657005310059 33.9126319885254
38.0249061584473 37.7445678710938 37.3266334533691 37.51611328125 37.4628486633301 37.0504531860352 36.3402366638184 36.9606475830078 37.1695289611816 37.3238258361816 37.2597541809082 37.090991973877 36.6235694885254 36.7484512329102 36.7168579101562 36.5617752075195 36.358283996582 35.7474021911621 35.5202407836914 35.1968879699707 34.5733489990234 34.8015632629395 35.3143653869629 35.7364540100098 36.1193161010742 36.0403099060059 36.0679702758789 35.4810523986816 35.0946388244629 33.8054161071777 33.8166389465332 33.9501266479492 34.9854125976562 35.1691551208496 34.6799926757812 34.5652122497559 33.9585418701172 32.4658317565918 32.7317543029785 32.2590217590332 32.089729309082 34.0020561218262 35.8689308166504 36.3566932678223 36.1293029785156 34.395565032959
38.0273056030273 37.9241371154785 37.6081924438477 37.6427879333496 37.5997886657715 37.3075103759766 36.662181854248 36.5258026123047 36.8748054504395 37.2576751708984 37.3803062438965 37.0590438842773 36.3163909912109 36.5650787353516 36.8213043212891 36.0656814575195 36.0195236206055 35.1832618713379 35.1062545776367 34.8548812866211 34.1281547546387 34.6511268615723 35.1305351257324 35.7416076660156 36.2595405578613 36.2753067016602 35.8329391479492 35.3451156616211 35.1532173156738 34.3273620605469 32.8987007141113 33.223274230957 33.5978775024414 34.2500801086426 34.6733741760254 34.0248603820801 34.110710144043 33.1599349975586 32.0762672424316 32.3949356079102 32.6325569152832 33.8596878051758 34.9542541503906 36.0240745544434 35.9727363586426 34.0575218200684
37.7638931274414 38.0207595825195 37.8400230407715 37.7879600524902 37.6429748535156 37.3701286315918 36.9699478149414 36.4534072875977 36.6518859863281 37.2309341430664 37.408863067627 37.3518447875977 37.1213989257812 36.9561004638672 36.5560150146484 35.7172393798828 35.939567565918 35.6643409729004 35.8187141418457 34.8098831176758 34.8160781860352 34.6569709777832 34.7734031677246 35.5212707519531 36.1689834594727 36.3713989257812 35.3715362548828 34.4128074645996 34.5136413574219 34.4179534912109 33.7786407470703 33.1796340942383 32.7147216796875 33.2279014587402 34.2266502380371 33.5672798156738 33.3184814453125 33.270637512207 32.245002746582 31.8996067047119 32.1477584838867 32.2739334106445 33.264217376709 34.9888153076172 35.4861335754395 34.1571807861328
37.4453659057617 37.9195747375488 37.9968223571777 37.8403472900391 37.6115989685059 37.479061126709 37.2588882446289 36.7455291748047 36.3807334899902 37.1454162597656 37.4128379821777 36.968017578125 36.1716461181641 36.2499389648438 36.3696365356445 36.3456192016602 36.3923721313477 36.2263450622559 35.9990119934082 35.6582908630371 35.3027114868164 34.608757019043 34.981803894043 35.9059600830078 36.4048538208008 36.294677734375 35.5289993286133 35.3539924621582 34.8012313842773 34.243579864502 32.8826217651367 32.4696235656738 33.6520919799805 33.5040283203125 33.2828598022461 33.0320091247559 32.8010444641113 33.1282348632812 32.5389022827148 31.7291831970215 31.7722835540771 31.1756114959717 32.1085929870605 33.3872680664062 33.7369842529297 33.0539894104004
37.0846862792969 37.4496383666992 38.0189743041992 37.9131546020508 37.7661056518555 37.6747207641602 37.4638900756836 37.0495109558105 37.034595489502 37.2995300292969 37.4627342224121 37.0425796508789 36.6724090576172 35.8417053222656 36.0388870239258 36.3652267456055 36.5159301757812 36.733757019043 36.2355804443359 36.0183906555176 35.5768432617188 35.1746673583984 35.2615966796875 35.894172668457 36.3797073364258 36.2788162231445 35.5210762023926 34.695613861084 33.5995407104492 33.6032829284668 33.2124710083008 33.1595687866211 34.1074028015137 33.8322257995605 32.8525199890137 32.5788841247559 33.1070747375488 32.7983474731445 32.3864822387695 31.7884349822998 31.8548717498779 31.584156036377 31.2081527709961 32.0107154846191 32.4926567077637 32.8412933349609
36.9029655456543 36.9904289245605 37.9886932373047 37.9901237487793 37.8938827514648 37.7566986083984 37.5690002441406 37.1958084106445 37.2426300048828 37.5737228393555 37.5166435241699 37.3023300170898 36.8940582275391 36.3447952270508 36.2343826293945 36.5804977416992 36.9394378662109 36.9264297485352 36.6384735107422 36.1261901855469 35.5647392272949 35.2012748718262 35.3875885009766 35.5614356994629 35.809253692627 36.1892890930176 35.1146507263184 34.2380065917969 33.5739784240723 33.8433532714844 33.9234237670898 33.8395004272461 34.3062171936035 33.7264404296875 33.4562606811523 33.3644180297852 32.9015655517578 32.2617835998535 32.8442230224609 33.1029891967773 32.6293182373047 32.1476898193359 31.5757598876953 32.0716285705566 32.6586074829102 33.1028785705566
37.0878753662109 37.6667098999023 37.9879875183105 37.9426307678223 37.958194732666 37.8457069396973 37.693660736084 37.2742614746094 37.3754730224609 37.7272491455078 37.5080261230469 37.4347229003906 37.1966438293457 37.281421661377 37.1750984191895 37.1570892333984 37.1796112060547 37.0880355834961 36.8404312133789 36.2586059570312 35.958309173584 36.146183013916 36.4442253112793 36.7087707519531 36.5491676330566 36.0824165344238 35.8667869567871 35.3288421630859 34.9286766052246 34.7300910949707 34.8069076538086 34.5859146118164 34.485107421875 33.8547706604004 33.2399520874023 32.7493362426758 32.1651649475098 33.38916015625 33.7117500305176 33.6570281982422 32.1842460632324 32.1171836853027 31.5866756439209 31.2949295043945 32.7358093261719 33.361156463623
37.5946426391602 37.8584938049316 37.9326286315918 37.838005065918 37.8579406738281 37.9178886413574 37.8536415100098 37.713680267334 37.4840888977051 37.6423263549805 37.6118354797363 37.5372543334961 37.3968124389648 37.2858238220215 37.1693916320801 37.0861434936523 37.2580833435059 37.1582489013672 37.0023536682129 36.8801002502441 36.7696342468262 36.7330856323242 36.5096130371094 36.6451606750488 36.1568984985352 35.0326881408691 34.983699798584 34.5288619995117 33.9213256835938 34.7850341796875 35.0985984802246 35.0629119873047 34.2408103942871 33.9109382629395 33.7839164733887 33.7261543273926 33.7103271484375 33.3720550537109 34.0643196105957 34.4471855163574 33.8805618286133 33.3931732177734 32.6903533935547 32.0973587036133 33.2681694030762 33.8231658935547
36.7292213439941 37.3915901184082 37.9032325744629 37.8233070373535 37.6785774230957 37.798511505127 37.7531585693359 37.557243347168 37.0903244018555 37.1478309631348 37.5257682800293 37.3154678344727 36.7303085327148 36.9236106872559 37.1343841552734 36.5215873718262 37.0188636779785 37.2242431640625 37.1708908081055 37.1182136535645 37.0589942932129 36.6121978759766 35.9049415588379 36.3464851379395 36.1616249084473 35.8654899597168 35.7911758422852 35.4199256896973 35.0228271484375 35.3178329467773 35.2742042541504 34.9931869506836 34.507266998291 34.7795906066895 34.7426147460938 33.7169151306152 34.3368034362793 33.414737701416 33.7739181518555 34.6159286499023 34.5982360839844 34.3280639648438 33.5018119812012 32.6010398864746 33.2980499267578 34.1415710449219
35.7602729797363 36.9019432067871 37.7705078125 37.9265022277832 37.8492240905762 37.8215255737305 37.7049942016602 37.5761222839355 37.3290252685547 36.7597808837891 36.3199729919434 37.1511077880859 36.2260551452637 35.8886871337891 36.866569519043 36.4730377197266 36.4621238708496 36.9839363098145 37.0198554992676 37.0250625610352 37.0397834777832 37.0168800354004 36.867244720459 36.6098747253418 36.1481399536133 35.7283210754395 35.7550735473633 35.6913604736328 35.6332664489746 35.4366073608398 35.2546310424805 34.8153877258301 34.518253326416 35.2233543395996 35.0936889648438 34.8043022155762 34.8218650817871 34.2069625854492 33.8323707580566 34.5769348144531 34.7935333251953 34.1189155578613 32.7446441650391 31.5565605163574 32.044849395752 33.9275512695312
36.8691139221191 36.6990852355957 37.3695945739746 37.5932693481445 37.8609809875488 37.8269729614258 37.6928825378418 37.5324363708496 37.3545074462891 37.0324897766113 36.3248329162598 36.7946739196777 35.6458625793457 35.3842544555664 36.2156639099121 36.0636329650879 35.3278923034668 36.5327987670898 36.5319175720215 36.5159111022949 36.8049011230469 36.9859275817871 36.8825225830078 36.4180374145508 35.508129119873 34.8904495239258 34.4835510253906 34.8502540588379 35.455753326416 34.8389930725098 34.6115379333496 33.8058853149414 34.5773963928223 35.4929809570312 35.2979354858398 35.0937156677246 35.1507301330566 34.6930618286133 34.3031311035156 34.6167831420898 34.8396949768066 33.6471290588379 32.5836334228516 32.9262886047363 33.3121070861816 33.9584274291992
37.0282020568848 37.4436531066895 37.5347518920898 37.5541915893555 37.7227745056152 37.7924880981445 37.7248497009277 37.6301002502441 37.452018737793 36.9349784851074 36.5085906982422 36.1030120849609 35.6712303161621 35.2890205383301 35.8563232421875 35.7094039916992 35.7479629516602 35.558349609375 35.2923812866211 35.2802581787109 36.5373573303223 36.8397216796875 36.8227424621582 36.7119941711426 36.0761222839355 34.8487167358398 33.3763389587402 34.2541007995605 35.1202354431152 34.1161422729492 34.5247611999512 35.152645111084 35.4725112915039 35.7701873779297 35.6811790466309 35.4730949401855 34.9699211120605 34.0931663513184 34.5846900939941 34.8352890014648 35.1823883056641 34.8230247497559 34.6669769287109 34.6505126953125 34.6057891845703 34.0139503479004
37.3110008239746 37.3054161071777 37.1352195739746 37.256175994873 37.7813606262207 37.6631774902344 37.6862449645996 37.6714401245117 37.5681304931641 37.1667556762695 35.9593811035156 36.0605049133301 35.6036529541016 34.4212112426758 35.205753326416 34.9682693481445 34.8008041381836 34.0782585144043 34.9646682739258 35.3651313781738 36.5388984680176 36.5731887817383 36.7263870239258 36.8436584472656 35.9336547851562 34.8072471618652 33.6034698486328 34.4290351867676 35.0824241638184 34.5675354003906 35.0955238342285 35.5716743469238 35.981616973877 35.9926147460938 35.5324172973633 35.2624664306641 34.8868675231934 34.6101417541504 35.1723823547363 35.2691650390625 35.3173484802246 35.2422180175781 35.1155242919922 34.4393920898438 33.558952331543 33.5273742675781
37.4875640869141 37.4847793579102 37.4617156982422 37.304557800293 37.80810546875 37.8103103637695 37.7464485168457 37.6858177185059 37.6114540100098 37.5002899169922 37.1315841674805 36.3272285461426 35.4446067810059 34.2064247131348 34.5477294921875 34.5148391723633 34.0690727233887 34.3728981018066 34.6415901184082 35.731315612793 36.5655555725098 36.1291694641113 36.8796195983887 36.7211227416992 36.0980911254883 35.8486328125 34.7373466491699 34.8542022705078 35.2261581420898 35.0495185852051 35.6942367553711 35.6676483154297 36.1366729736328 36.0670204162598 35.914623260498 35.6622772216797 34.7910614013672 34.9751091003418 35.2558097839355 35.2566299438477 35.2987632751465 35.1623039245605 35.0867652893066 34.557315826416 34.4866561889648 34.3588523864746
