inst/extdata/Tmax/Tmax68.asc
NCOLS 100 
NROWS 79 
XLLCORNER 148.06 
YLLCORNER -21.49 
CELLSIZE 0.01 
NODATA_value -3.4e+38 
[rows 20 to 39 of 79, columns 0 to 45 of 100]
31.863710403442401 31.8955574035645 31.8818397521973 31.8409252166748 31.8504886627197 31.9542007446289 31.8674373626709 31.7898750305176 31.7180614471436 31.6192264556885 31.4368476867676 31.0383701324463 30.5925159454346 29.9543056488037 28.648365020752 28.2188625335693 28.1466445922852 29.1058654785156 30.1138210296631 30.5191421508789 30.5236778259277 30.5253200531006 30.8348808288574 30.8473796844482 30.6900100708008 30.4071140289307 29.8248138427734 28.9403305053711 29.4378681182861 29.4888877868652 30.1000270843506 30.1452693939209 30.3418788909912 30.3260974884033 30.3022747039795 30.0326023101807 29.5870761871338 29.6142177581787 29.0746440887451 29.4038887023926 29.1638622283936 28.3471336364746 28.6161651611328 28.6997127532959 28.8671531677246 28.9253101348877
31.9353199005127 31.9909591674805 31.9892997741699 31.9471817016602 31.9446392059326 31.9357223510742 31.796459197998 31.7142753601074 31.684061050415 31.6139583587646 31.4860172271729 31.3085823059082 31.0766773223877 30.1520538330078 28.6660995483398 28.341926574707 28.5779705047607 29.3779449462891 29.8608551025391 30.2131080627441 30.3235473632812 30.2296962738037 30.7254886627197 30.844539642334 30.6478977203369 30.6501636505127 30.6392230987549 29.8748950958252 29.716365814209 30.240198135376 30.4095611572266 30.3077049255371 29.9356784820557 29.2843818664551 29.2909336090088 29.2780685424805 29.8478965759277 29.026424407959 28.6239700317383 28.9689636230469 28.5356178283691 28.6531715393066 28.345609664917 27.4788455963135 27.7761840820312 28.5201148986816
32.0011177062988 32.0434837341309 32.0389747619629 32.0176658630371 31.9938068389893 31.9527149200439 31.773811340332 31.6473197937012 31.5884647369385 31.5506629943848 31.4318428039551 31.3556728363037 31.1791362762451 30.5762786865234 29.4733791351318 28.6401023864746 27.9960250854492 28.4827365875244 29.0410633087158 29.8218612670898 29.9212226867676 30.0291118621826 30.6379642486572 30.4216575622559 30.0151329040527 30.3535022735596 30.4116630554199 30.4971885681152 30.1934452056885 30.2555484771729 29.9615592956543 29.7672557830811 29.2214202880859 28.8985004425049 28.6701164245605 28.8642044067383 28.7898483276367 28.2537307739258 28.217643737793 28.1324043273926 27.8323097229004 27.1103057861328 27.8472175598145 27.565601348877 26.6183395385742 27.9628944396973
31.9906158447266 32.0172462463379 32.0226020812988 32.0078430175781 31.9621963500977 31.9457950592041 31.8657779693604 31.574254989624 31.4644527435303 31.4770832061768 31.2957363128662 31.1060352325439 31.1978130340576 30.8222122192383 30.0440425872803 29.2633171081543 28.4391689300537 28.1378021240234 28.7322845458984 29.0344905853271 29.5571670532227 30.5150260925293 30.2644748687744 29.6680641174316 29.8004589080811 29.9304389953613 29.6264877319336 30.5424823760986 30.5980110168457 30.4559936523438 30.2062149047852 29.1123504638672 28.7900848388672 28.9719753265381 29.2786979675293 28.8359622955322 27.95751953125 27.4304962158203 28.1140518188477 27.6224021911621 26.9208183288574 25.5313529968262 26.3357696533203 27.4706535339355 25.7229194641113 27.0039710998535
31.9414157867432 31.9948692321777 32.0129737854004 31.9749069213867 31.9304847717285 31.924747467041 31.9169425964355 31.7394676208496 31.561767578125 31.3892154693604 31.281888961792 31.2358913421631 31.0599670410156 30.7213916778564 29.9693584442139 29.2788009643555 28.5350208282471 28.1601104736328 28.3563671112061 28.3505153656006 29.5261402130127 30.3240947723389 29.249044418335 28.7157783508301 29.49782371521 29.4670486450195 29.6357898712158 30.3305759429932 30.614185333252 30.1811485290527 30.1390743255615 29.8854541778564 29.8760032653809 29.9694061279297 29.6013965606689 29.2691745758057 28.879035949707 27.8147621154785 27.5937080383301 27.3392028808594 25.6596984863281 25.0853271484375 25.5190811157227 27.3003425598145 25.381160736084 25.7371826171875
31.9008636474609 31.9174690246582 31.9166564941406 31.8855113983154 31.8888645172119 31.8895797729492 31.9066791534424 31.8563899993896 31.7029056549072 31.4607944488525 31.2663192749023 31.1258850097656 30.9734935760498 30.5224437713623 30.0758533477783 29.5220775604248 28.9090404510498 28.5634441375732 29.0044193267822 29.684383392334 29.6626777648926 29.5608406066895 29.0802268981934 27.8252601623535 28.3240661621094 29.070873260498 29.2092132568359 30.3765163421631 30.5923919677734 30.186861038208 29.3445510864258 29.9179458618164 29.7818851470947 29.654483795166 29.3806953430176 29.0710411071777 28.9466247558594 27.5326156616211 26.2831115722656 26.6757011413574 25.2569999694824 26.0793685913086 26.4196548461914 27.3043174743652 26.316162109375 25.2543869018555
31.79638671875 31.8201141357422 31.8159503936768 31.8199119567871 31.808765411377 31.8029747009277 31.8819942474365 31.876974105835 31.738187789917 31.3264751434326 31.2163677215576 30.9498233795166 30.938383102417 30.5640907287598 29.821268081665 28.7589511871338 28.3779964447021 28.5638580322266 29.0273189544678 28.9302635192871 29.1098003387451 29.9744434356689 29.8253040313721 28.3426475524902 27.9371891021729 28.8457145690918 29.6125335693359 30.4445018768311 30.5441932678223 30.3075580596924 29.4865474700928 29.1116752624512 29.8555164337158 29.3258762359619 28.8990173339844 28.1012840270996 27.8219299316406 27.924503326416 26.8941345214844 25.6108589172363 25.2052803039551 25.5199089050293 25.417308807373 26.4434928894043 25.513313293457 24.8636741638184
31.658260345459 31.676441192627 31.6973571777344 31.7394618988037 31.7551670074463 31.8055076599121 31.8883686065674 31.8772106170654 31.8003101348877 31.6062030792236 31.3641719818115 31.098503112793 30.9740943908691 30.7732753753662 29.8621520996094 28.7281627655029 28.4014835357666 28.3470859527588 28.471752166748 28.4450511932373 29.5605278015137 30.1763210296631 29.643590927124 28.7968215942383 28.2329120635986 28.4568424224854 28.5696964263916 30.078670501709 30.4058284759521 30.2820148468018 29.5104942321777 29.4193553924561 29.689453125 28.9741458892822 28.3021011352539 27.7454948425293 26.8509063720703 27.5446434020996 27.3801460266113 25.5816268920898 25.1369686126709 25.3262748718262 25.2351837158203 25.8234710693359 25.2297210693359 24.9237880706787
31.1569995880127 31.1119403839111 31.3677597045898 31.6660690307617 31.788818359375 31.8616046905518 31.8882884979248 31.8685569763184 31.7357215881348 31.6219367980957 31.4533424377441 30.9232063293457 31.0080375671387 30.8526802062988 30.3398876190186 29.1385364532471 28.4142265319824 27.8993663787842 28.209846496582 29.0826358795166 29.5762844085693 29.9215831756592 29.0661106109619 28.3468914031982 28.159969329834 28.3002109527588 28.7199211120605 29.5883903503418 30.3101940155029 30.3692817687988 29.8558959960938 29.5941886901855 29.1724281311035 28.1751899719238 27.0316314697266 26.612434387207 26.2886810302734 26.4885196685791 26.638355255127 26.2386074066162 25.7102718353271 25.8360576629639 25.557071685791 25.3335304260254 25.3405532836914 25.2696285247803
30.2796401977539 31.134204864502 31.450704574585 31.1854934692383 31.7270603179932 31.8666915893555 31.8841323852539 31.8634643554688 31.6554279327393 31.5025043487549 31.4861145019531 31.2184410095215 30.9763107299805 30.8379421234131 30.5813732147217 30.0684585571289 29.5155773162842 28.1468353271484 28.4632339477539 28.5377082824707 28.6850337982178 29.6097373962402 29.1848487854004 28.3804683685303 28.1713905334473 27.9585666656494 27.9247951507568 29.5405082702637 30.3438777923584 30.4198780059814 29.6143550872803 28.6672229766846 28.3590145111084 28.0097732543945 27.74338722229 26.7435035705566 26.6747436523438 26.2615242004395 25.8422679901123 26.0940895080566 27.8631763458252 27.9375591278076 26.8295974731445 25.3965682983398 26.4367218017578 26.538631439209
30.5699272155762 31.4371337890625 31.4545135498047 30.9208908081055 31.67942237854 31.8520927429199 31.8939876556396 31.8685779571533 31.803373336792 31.5720767974854 31.4591407775879 31.3851928710938 31.2024669647217 30.9905605316162 30.6947498321533 30.1150913238525 29.2950038909912 28.8433437347412 28.3818969726562 28.6313400268555 28.7025489807129 29.1340751647949 28.5246887207031 28.3488140106201 28.0415687561035 27.4069728851318 27.6859226226807 29.4296398162842 30.2360496520996 30.2709407806396 30.2468490600586 30.0742244720459 28.9908561706543 28.0609111785889 27.9885139465332 27.5082111358643 27.6384334564209 27.4447250366211 27.0226421356201 27.4974842071533 28.9427642822266 29.0315418243408 28.5668888092041 28.005163192749 27.8836517333984 27.3029880523682
31.3168716430664 31.579610824585 31.6327133178711 31.62380027771 31.6999912261963 31.8372211456299 31.8608112335205 31.8481712341309 31.7947864532471 31.7156543731689 31.5282249450684 31.4611225128174 31.3565120697021 31.1469879150391 30.8766574859619 30.3925132751465 29.5530376434326 29.1258888244629 28.4237575531006 28.3082542419434 28.3720169067383 28.8045063018799 28.4272384643555 28.1649055480957 28.0964908599854 28.1192436218262 28.9051666259766 29.9356708526611 30.2906818389893 29.7911682128906 29.7009181976318 29.7026977539062 29.8962497711182 29.4060153961182 29.134635925293 28.3873996734619 29.3806781768799 29.2278900146484 29.2027568817139 29.2321376800537 28.9870166778564 28.095085144043 27.1621570587158 26.8356781005859 26.6964530944824 25.9572200775146
31.043420791626 31.7507305145264 31.7986698150635 31.8050689697266 31.7925186157227 31.7923984527588 31.7601222991943 31.7969017028809 31.7813549041748 31.7550983428955 31.6993179321289 31.5674018859863 31.3798160552979 31.2139339447021 31.0176067352295 30.7655735015869 30.2923183441162 29.6235008239746 28.8777484893799 28.1708679199219 28.1923542022705 28.6345615386963 28.5059795379639 28.2220325469971 28.0744724273682 28.224458694458 29.6150245666504 30.2917671203613 30.3496170043945 30.1708660125732 29.6855068206787 29.0942783355713 29.7600784301758 29.8580379486084 29.9153251647949 29.3725185394287 29.824893951416 29.4946804046631 29.3585891723633 29.1880989074707 28.0056304931641 26.6162128448486 25.3395042419434 25.6803398132324 25.5895862579346 24.5903129577637
30.8936767578125 31.5141620635986 31.3241004943848 31.1971054077148 31.3233509063721 31.691089630127 31.6871891021729 31.7013568878174 31.7070846557617 31.6852855682373 31.643970489502 31.6108570098877 31.4917945861816 31.3324375152588 31.1721878051758 30.9431400299072 30.512731552124 30.0899524688721 29.8145046234131 29.1868381500244 28.2468128204346 28.4734783172607 28.2456321716309 28.3104248046875 28.1836261749268 28.1501808166504 29.1784267425537 30.2427024841309 30.3126163482666 29.9956493377686 29.8556003570557 28.8191547393799 29.0941848754883 29.3301525115967 29.6094741821289 29.737699508667 29.5943450927734 29.4207305908203 29.0232124328613 29.0813312530518 28.749475479126 27.5407085418701 26.7387447357178 27.2722244262695 26.8340377807617 25.6949024200439
31.2216873168945 31.493293762207 31.0807838439941 30.413667678833 30.5140914916992 31.4455871582031 31.6480159759521 31.6060943603516 31.6140327453613 31.6213359832764 31.5348529815674 31.5725402832031 31.5158462524414 31.398998260498 31.2437515258789 31.0490398406982 30.7395477294922 30.0715751647949 29.6632404327393 29.2018146514893 28.5263404846191 28.4343090057373 28.2460155487061 28.0289859771729 27.9896926879883 28.3595142364502 29.4612693786621 30.2075214385986 29.7126617431641 29.490535736084 29.5874538421631 29.2349586486816 28.916316986084 28.5867557525635 28.3177661895752 28.7880992889404 28.5957317352295 28.9066257476807 28.8210201263428 28.6183319091797 28.3560924530029 28.6616497039795 28.4108734130859 28.095422744751 27.5044269561768 27.0292644500732
31.3467807769775 31.4385623931885 31.2364025115967 30.92067527771 30.6132469177246 31.15602684021 31.4527626037598 31.4688034057617 31.5081996917725 31.5601463317871 31.5414505004883 31.5778102874756 31.509578704834 31.4434108734131 31.2838535308838 31.061840057373 30.8220119476318 30.597240447998 30.1963882446289 29.5462760925293 29.1597309112549 28.8970165252686 28.3849182128906 27.7392921447754 27.8925037384033 28.1326999664307 29.5424690246582 30.0450592041016 28.1968460083008 27.788782119751 28.415210723877 28.6240787506104 28.5727310180664 28.353063583374 27.8682079315186 27.6084957122803 28.1246681213379 27.9593563079834 27.9204978942871 27.8645401000977 27.5975723266602 27.2955322265625 27.5323085784912 27.9895610809326 27.3679084777832 26.2464332580566
31.2034130096436 31.2296714782715 31.2454357147217 30.9652557373047 30.6805191040039 30.8620357513428 31.0741138458252 31.2640285491943 31.3679256439209 31.4840927124023 31.458179473877 31.4476299285889 31.5267429351807 31.4508323669434 31.3240261077881 31.0464210510254 31.020486831665 30.8576335906982 30.6032619476318 30.2158126831055 30.063081741333 29.2694835662842 28.6694812774658 28.1940059661865 28.1838626861572 28.5589179992676 29.5704250335693 29.4605846405029 29.1626663208008 29.0510578155518 28.2836055755615 28.2122554779053 28.0167083740234 27.867015838623 27.1411476135254 26.7273654937744 26.9340362548828 26.8725509643555 27.1002159118652 26.8926200866699 26.8734245300293 25.9485740661621 26.6498184204102 27.4922428131104 27.2502059936523 25.7859687805176
30.6522407531738 30.9783821105957 31.1783390045166 31.0671634674072 30.8610382080078 30.7249336242676 30.7049007415771 31.0722236633301 31.1792888641357 31.3483619689941 31.4249534606934 31.4161434173584 31.4695205688477 31.4789543151855 31.292594909668 31.1816806793213 31.1025943756104 30.9763221740723 30.8093090057373 30.6001586914062 30.3877544403076 29.6684284210205 28.5214080810547 28.6030654907227 27.905632019043 28.4793510437012 29.428050994873 28.8607273101807 29.0408592224121 29.4952831268311 29.3711032867432 29.2051277160645 28.5328617095947 28.1002025604248 26.5223579406738 25.2335014343262 25.272087097168 25.1531047821045 25.1074409484863 25.5758495330811 25.7351303100586 25.9293346405029 26.1109237670898 26.9807224273682 26.8306407928467 26.4296627044678
30.7669830322266 30.8571186065674 30.9829521179199 30.9531211853027 30.911413192749 30.5943183898926 30.3685054779053 30.0991230010986 30.7587852478027 31.2578811645508 31.3872852325439 31.4237480163574 31.4965801239014 31.4862766265869 31.1715049743652 30.757043838501 30.775936126709 30.821268081665 30.8601512908936 30.7298431396484 30.5778770446777 30.1582775115967 29.0382194519043 29.3367214202881 28.3673686981201 28.3546104431152 28.4999504089355 28.8053932189941 27.7531147003174 28.4111785888672 28.0333271026611 28.1388988494873 29.3721523284912 28.9376544952393 27.9724655151367 25.7224540710449 24.7887878417969 24.7871990203857 24.0978736877441 24.5348873138428 25.1761932373047 25.1642246246338 25.2388896942139 26.6117248535156 26.1608009338379 25.6177234649658
30.8370590209961 30.7538928985596 30.80002784729 30.5958843231201 30.7938175201416 30.7003784179688 30.4637393951416 30.1925373077393 30.3840179443359 30.9977073669434 31.2439136505127 31.4311618804932 31.4685668945312 31.427209854126 31.3600177764893 30.9427051544189 30.5524501800537 30.3402786254883 30.6061458587646 30.7245674133301 30.5752182006836 30.4201564788818 30.0860576629639 29.4974994659424 28.4147109985352 28.1925010681152 28.1428413391113 28.2237949371338 28.2681922912598 27.7283344268799 27.1463356018066 27.9187870025635 29.1100044250488 28.3628005981445 28.5737323760986 28.0260124206543 27.5853519439697 27.4450988769531 26.4485664367676 25.3172092437744 26.0389575958252 25.7155418395996 26.0993061065674 26.2805347442627 25.9694709777832 25.4870471954346
