inst/extdata/Tmax/Tmax105.asc
NCOLS 100 
NROWS 79 
XLLCORNER 148.06 
YLLCORNER -21.49 
CELLSIZE 0.01 
NODATA_value -3.4e+38 
[rows 40 to 59 of 79, columns 46 to 91 of 100]
29.6486549377441 30.7128372192383 31.1818103790283 32.1468963623047 33.8935165405273 34.9603004455566 34.4567260742188 32.4218673706055 32.0317497253418 32.7692909240723 33.3297500610352 35.205623626709 34.8021583557129 35.0395050048828 34.153751373291 35.2412223815918 35.4464988708496 35.1443634033203 35.2557220458984 35.3666839599609 35.3914413452148 34.406623840332 34.8247261047363 35.1659507751465 35.2631759643555 35.3246955871582 35.2226142883301 34.8263778686523 35.0199317932129 35.2222175598145 35.185905456543 35.0154037475586 34.6769065856934 33.3836326599121 33.6643943786621 34.3596992492676 34.2610778808594 34.1601676940918 34.4002799987793 33.8330879211426 33.0879325866699 33.5640869140625 33.8771057128906 33.6657218933105 33.9252471923828 33.9682312011719
31.0779342651367 32.3536834716797 32.2718887329102 32.2329597473145 33.9262390136719 35.2625694274902 34.0461921691895 33.6276893615723 34.2716522216797 34.3671951293945 34.7608642578125 35.5134124755859 35.395206451416 35.4170875549316 35.2646064758301 35.5989685058594 35.6448593139648 35.5780830383301 35.5356407165527 35.5608558654785 35.5513496398926 35.0030059814453 34.2744827270508 34.6514663696289 34.5721092224121 35.0849227905273 35.4048652648926 34.9137992858887 34.8991432189941 35.2990684509277 35.3349876403809 35.2366561889648 35.059268951416 34.4299011230469 34.6728057861328 34.706615447998 34.4835395812988 34.4708518981934 34.5689735412598 34.6883506774902 33.7058334350586 33.9281234741211 34.5393486022949 34.3326606750488 34.4592590332031 34.395938873291
33.6802139282227 33.8784713745117 34.0793762207031 34.5995750427246 34.9596481323242 35.4881973266602 35.0315437316895 34.4657974243164 35.0224914550781 35.4565811157227 35.3697891235352 35.7092323303223 35.7495460510254 35.6694869995117 35.6439056396484 35.7357559204102 35.7507019042969 35.7287292480469 35.6978340148926 35.6887321472168 35.6051063537598 34.6311073303223 34.4260864257812 34.9468307495117 34.4111747741699 34.8772811889648 35.3324089050293 35.2276611328125 35.1649169921875 35.4202842712402 35.4432334899902 35.4208755493164 35.3730735778809 35.2487258911133 35.1393585205078 34.7932434082031 33.8567771911621 34.454833984375 34.9901008605957 34.9743919372559 34.8299293518066 34.7601776123047 34.8695220947266 34.8938140869141 34.9234657287598 34.8630981445312
34.9949493408203 35.0218772888184 35.167236328125 35.3277320861816 35.5837554931641 35.6786422729492 35.5836715698242 35.339672088623 35.5273666381836 35.7631759643555 35.7651252746582 35.8216819763184 35.8025360107422 35.7666549682617 35.790470123291 35.7630729675293 35.6975326538086 35.6745986938477 35.709831237793 35.7418746948242 35.7045097351074 35.4497375488281 35.1887397766113 35.3688812255859 35.229793548584 34.7688331604004 35.0627136230469 35.3367767333984 35.4894638061523 35.5058097839355 35.5012435913086 35.4761810302734 35.438419342041 35.3875999450684 35.3722686767578 35.2109870910645 34.7127265930176 35.0209808349609 35.1944007873535 35.1670341491699 35.1187591552734 35.1050262451172 35.0790328979492 35.0841522216797 35.0780982971191 35.040843963623
34.7970886230469 35.0922203063965 35.3786697387695 35.391902923584 35.4559516906738 35.5974884033203 35.6463737487793 35.7240180969238 35.7575073242188 35.7011413574219 35.4825553894043 35.6011695861816 35.5239715576172 35.2524375915527 35.4472236633301 35.5889587402344 35.4727478027344 35.5904312133789 35.6888465881348 35.738956451416 35.7605743408203 35.6161956787109 35.2910919189453 35.0242576599121 35.2551651000977 35.4284324645996 35.4732933044434 35.5117568969727 35.5134010314941 35.5399436950684 35.5209693908691 35.4925498962402 35.4400062561035 35.3897857666016 35.4088935852051 35.3373107910156 35.3057441711426 35.2901458740234 35.2209091186523 35.2104415893555 35.1722259521484 35.1474227905273 35.1391258239746 35.1140823364258 35.006534576416 35.030086517334
32.8347587585449 33.6977882385254 34.1653099060059 34.4057960510254 34.8109588623047 35.1815414428711 35.1168785095215 35.3354911804199 35.3371162414551 35.1672706604004 34.3489151000977 34.3695297241211 34.4576263427734 32.8638153076172 33.8953552246094 34.7178916931152 35.2997589111328 35.6501045227051 35.7431335449219 35.7667121887207 35.7802276611328 35.5865631103516 35.1331825256348 34.7493743896484 35.0278053283691 35.2963943481445 35.4258003234863 35.4067649841309 35.4675483703613 35.5338592529297 35.534797668457 35.5134620666504 35.4839935302734 35.4651679992676 35.4216575622559 35.3101997375488 35.2889442443848 35.2705574035645 35.2301368713379 35.2109527587891 35.1673622131348 35.1474113464355 35.1258316040039 35.0627059936523 35.0447311401367 35.0649337768555
30.1829090118408 31.6028575897217 31.506196975708 31.4812908172607 32.9471168518066 33.5416793823242 33.668830871582 33.9601707458496 34.4583587646484 33.7932586669922 33.0683898925781 32.448299407959 33.1747055053711 33.0420532226562 33.527271270752 34.7669868469238 35.4930419921875 35.692024230957 35.7260246276855 35.7034645080566 35.758659362793 35.7628784179688 35.3237648010254 34.9576873779297 34.8382034301758 35.1167831420898 35.3294258117676 35.4413833618164 35.5400848388672 35.5517730712891 35.5695953369141 35.5590934753418 35.5405731201172 35.499454498291 35.4068794250488 35.3330764770508 35.3177604675293 35.3030014038086 35.2776947021484 35.2520370483398 35.2081146240234 35.1929512023926 35.1788291931152 35.1344718933105 35.1161613464355 35.0003509521484
30.3205757141113 30.2544116973877 30.0479774475098 30.1458187103271 30.090087890625 30.9774913787842 32.3638076782227 33.092945098877 33.2975997924805 33.1661911010742 33.7474174499512 33.5707511901855 33.4023551940918 34.0335006713867 34.3522720336914 35.2826690673828 35.5525512695312 35.5811347961426 35.5146255493164 35.640266418457 35.7706832885742 35.8118743896484 35.6594848632812 35.3348159790039 34.8981170654297 35.172966003418 35.369701385498 35.5324974060059 35.598575592041 35.6291046142578 35.6375503540039 35.6007843017578 35.5249061584473 35.4390563964844 35.3666572570801 35.3288993835449 35.3322486877441 35.3383636474609 35.3188133239746 35.294506072998 35.2653160095215 35.257495880127 35.240291595459 35.2079696655273 34.9945526123047 34.7734718322754
29.8643169403076 29.9920253753662 30.2603969573975 29.9498386383057 29.8561325073242 29.9911060333252 30.9688682556152 32.7960815429688 33.3905944824219 33.5894546508789 33.4129219055176 33.6206398010254 33.9412117004395 34.2579193115234 34.3237571716309 34.8919143676758 35.2942543029785 35.2939186096191 35.2863655090332 35.6008720397949 35.7185249328613 35.7246246337891 35.8088531494141 35.7185516357422 35.5947113037109 35.5535202026367 35.638427734375 35.7018699645996 35.7022323608398 35.6973838806152 35.6669807434082 35.5806198120117 35.4861335754395 35.3440437316895 35.2939872741699 35.3418045043945 35.343635559082 35.3541374206543 35.3628273010254 35.3394088745117 35.3269195556641 35.3167114257812 35.2919387817383 35.2685356140137 35.0990753173828 34.9546203613281
29.9419231414795 30.1544704437256 30.196496963501 29.8347320556641 30.4098262786865 31.3765163421631 31.4989128112793 32.8921356201172 33.4217567443848 33.6506958007812 33.4492073059082 33.9705276489258 34.275203704834 34.28369140625 34.3843994140625 34.276554107666 34.383716583252 34.6336364746094 35.0281753540039 35.400203704834 35.5087776184082 35.5145645141602 35.7630081176758 35.8091125488281 35.8221969604492 35.7925834655762 35.7604598999023 35.5793113708496 35.6377449035645 35.7014579772949 35.6602058410645 35.5262718200684 35.4745903015137 35.2674331665039 35.1932067871094 35.368595123291 35.3629112243652 35.3385734558105 35.3928756713867 35.3928642272949 35.3626937866211 35.3608093261719 35.338249206543 35.2978553771973 35.2115020751953 35.131908416748
29.9750671386719 29.8517436981201 30.1169509887695 29.7997722625732 30.5585670471191 31.8218669891357 32.2147064208984 32.87060546875 33.6524543762207 34.1462593078613 34.1686668395996 34.3046760559082 34.3878440856934 34.4247856140137 34.4165954589844 34.3606758117676 34.4355430603027 34.151538848877 33.7811851501465 34.9963569641113 34.8835754394531 35.3352584838867 35.6807632446289 35.7411117553711 35.7906799316406 35.7674026489258 35.6875190734863 35.4550971984863 35.6038475036621 35.7047843933105 35.5338249206543 35.3463249206543 35.3568382263184 35.3303604125977 35.3577117919922 35.4325981140137 35.434154510498 35.4132270812988 35.4055404663086 35.4350204467773 35.4226722717285 35.3964233398438 35.3613624572754 35.3166275024414 35.2637748718262 35.1652183532715
29.4648742675781 29.4474430084229 29.9036712646484 29.1878356933594 29.3761043548584 31.6877765655518 32.5482444763184 33.2569465637207 33.6368713378906 33.9525947570801 34.0232391357422 34.0354156494141 33.8268203735352 33.8339042663574 34.129020690918 34.2727470397949 34.6368637084961 34.5620994567871 34.367015838623 34.4145774841309 34.253490447998 35.0846481323242 35.5133361816406 35.6949234008789 35.701042175293 35.7107734680176 35.3423728942871 34.9549369812012 35.5799407958984 35.7131690979004 35.4254264831543 35.0994987487793 35.355770111084 35.4018478393555 35.4278602600098 35.3871726989746 35.378978729248 35.3775634765625 35.3949394226074 35.3776702880859 35.3763809204102 35.4012718200684 35.3785171508789 35.3370819091797 35.2885360717773 35.211009979248
29.0380783081055 28.882007598877 29.441987991333 29.3129329681396 29.4281578063965 30.6093711853027 31.7818336486816 32.5305519104004 33.0758628845215 33.4841613769531 33.4316177368164 33.3614768981934 33.4395751953125 33.7568893432617 34.5630912780762 34.6777076721191 34.8795700073242 34.7790031433105 34.6941032409668 34.5166625976562 34.2643508911133 34.96630859375 35.4397735595703 35.641788482666 35.5762214660645 35.6673851013184 35.2623252868652 34.2849273681641 35.3319435119629 35.703971862793 35.4217491149902 35.1623039245605 35.3673553466797 35.3018264770508 35.2267265319824 35.2484931945801 35.2958297729492 35.2256927490234 35.1370811462402 35.1129837036133 35.218433380127 35.3042335510254 35.3856430053711 35.3573684692383 35.3127784729004 35.2594833374023
30.3211345672607 29.1314601898193 29.2719841003418 29.7531585693359 30.2070751190186 31.4614810943604 31.5446968078613 32.4426918029785 33.3402633666992 33.716365814209 34.1061744689941 34.2283515930176 34.379810333252 34.629753112793 34.8381462097168 34.8875503540039 34.8383636474609 34.9217872619629 34.8882331848145 34.6405563354492 34.4326248168945 34.4576721191406 35.0240516662598 35.2678146362305 35.1892890930176 35.6337013244629 35.5218772888184 34.8452491760254 35.412483215332 35.6895217895508 35.4542846679688 35.2511901855469 35.1599617004395 34.8083648681641 35.003490447998 34.9332046508789 34.9375534057617 34.4974174499512 34.5974655151367 33.5380706787109 34.9310607910156 35.1889228820801 35.3667182922363 35.3659324645996 35.3278198242188 35.2759971618652
31.1295146942139 29.9741497039795 29.3682327270508 30.3219146728516 31.0920162200928 31.9522151947021 32.0422859191895 32.5893402099609 33.4480628967285 33.9207572937012 33.9786338806152 34.0047225952148 34.4621734619141 34.6550521850586 34.7798881530762 34.7651901245117 34.9933815002441 35.1396331787109 35.1103401184082 34.8455009460449 34.6702499389648 34.5794410705566 34.7239952087402 34.7389106750488 34.7129783630371 35.4354629516602 35.6237411499023 35.3134422302246 34.9990081787109 35.5614700317383 35.0801696777344 34.2228889465332 34.872142791748 35.0405464172363 35.3423843383789 35.3382720947266 35.2891731262207 35.2477645874023 35.0073890686035 33.9738998413086 34.8085632324219 35.1429634094238 35.3156814575195 35.3555030822754 35.3402442932129 35.2927207946777
31.1741733551025 30.171443939209 29.5185394287109 31.0502586364746 32.1949424743652 32.7058868408203 33.5401611328125 33.8099517822266 34.0520324707031 34.1841697692871 33.9820671081543 33.9444580078125 34.5648727416992 34.6700401306152 34.6878509521484 34.7696571350098 34.8987007141113 34.8913803100586 35.4599075317383 35.2015266418457 34.9062004089355 34.741870880127 34.7199249267578 34.5519027709961 34.566333770752 35.2326622009277 35.6028137207031 35.5024452209473 35.3451805114746 35.6711921691895 34.9389572143555 33.7734184265137 34.3032989501953 35.0209655761719 35.0540313720703 34.6369819641113 34.6939430236816 35.2489738464355 35.3669776916504 35.3178443908691 35.3433151245117 35.3255043029785 35.3308601379395 35.3205337524414 35.3368034362793 35.3129730224609
31.0154781341553 29.8834743499756 29.3368549346924 30.7858867645264 32.2895278930664 32.7133407592773 32.0608711242676 33.5845680236816 33.5358085632324 32.9284439086914 33.9989547729492 34.2413749694824 34.2744560241699 34.3485221862793 34.3753547668457 34.6121444702148 34.760627746582 34.8900451660156 35.4235725402832 35.5548248291016 35.3442115783691 35.005241394043 34.8259201049805 34.7452659606934 34.4927406311035 34.9935760498047 35.4842147827148 35.4987258911133 35.6973457336426 35.7616081237793 35.2080497741699 33.3351936340332 34.030834197998 33.5066757202148 33.8745727539062 33.1234321594238 34.1220283508301 35.2167320251465 35.3325614929199 35.3908500671387 35.3931922912598 35.2948036193848 35.1713104248047 35.2761878967285 35.2939682006836 35.2891120910645
30.9885158538818 30.1151313781738 30.1986045837402 30.8138751983643 31.9005489349365 32.4032707214355 32.8891830444336 33.1639366149902 31.7120590209961 31.6206684112549 33.3641662597656 32.2652282714844 32.6882171630859 33.1939430236816 34.0018196105957 34.5185852050781 34.6929550170898 34.9358558654785 35.3139152526855 35.4563026428223 35.5186538696289 35.2499732971191 34.9018592834473 34.9789886474609 34.8473930358887 35.095947265625 35.0935897827148 34.9148979187012 35.4967575073242 35.6911163330078 35.4377708435059 34.6682395935059 33.127613067627 30.9753665924072 31.1797752380371 33.012378692627 34.5423774719238 35.1860046386719 35.2969551086426 35.2279472351074 35.2148094177246 34.9650192260742 34.8271217346191 35.2093467712402 34.9270362854004 34.9829330444336
30.9419765472412 30.526912689209 30.2968788146973 30.6713237762451 31.3956661224365 32.3368034362793 32.5235214233398 32.0580139160156 31.5262222290039 32.502067565918 33.0566902160645 31.9442596435547 32.321647644043 32.811580657959 33.8787422180176 34.3295745849609 34.6625595092773 35.1455230712891 35.5948524475098 35.4093475341797 35.2709922790527 35.580394744873 35.305980682373 35.1075401306152 34.9361991882324 34.9291114807129 35.016674041748 34.910228729248 35.2595443725586 35.6147689819336 35.6486740112305 35.0774688720703 34.3067283630371 32.5355682373047 31.8763523101807 33.067310333252 34.5315589904785 35.1176414489746 35.1739768981934 34.6738777160645 34.9350929260254 35.1159133911133 34.8867568969727 34.9438171386719 34.5928840637207 34.8532485961914
30.5310173034668 30.2906360626221 29.7401256561279 30.1488647460938 31.0606060028076 31.2686405181885 31.7577018737793 32.1429634094238 32.4810676574707 32.6069412231445 32.9992561340332 33.2470283508301 33.9875640869141 34.092529296875 34.2594528198242 33.7597160339355 34.8112678527832 35.2209892272949 35.4497337341309 35.1471939086914 35.2766418457031 35.4781761169434 35.5859260559082 35.5217018127441 35.2121887207031 35.1336517333984 34.7485618591309 34.9200057983398 35.3423805236816 35.4289855957031 35.5829162597656 35.5998458862305 34.9994735717773 34.2808456420898 33.3119583129883 32.9968109130859 34.2140579223633 35.0267944335938 34.497989654541 33.9306602478027 34.8803176879883 35.1377449035645 34.8328437805176 34.0113487243652 34.3704872131348 34.9063835144043
