inst/extdata/Tmax/Tmax39.asc
NCOLS 100 
NROWS 79 
XLLCORNER 148.06 
YLLCORNER -21.49 
CELLSIZE 0.01 
NODATA_value -3.4e+38 
[rows 20 to 39 of 79, columns 0 to 45 of 100]
25.874160766601602 26.3865394592285 26.5837898254395 26.3163414001465 26.5203285217285 27.3745498657227 26.9083404541016 27.1948337554932 26.0315837860107 25.9502143859863 27.0172233581543 26.5846843719482 25.4819374084473 23.6597099304199 22.4610710144043 21.6738872528076 21.3305130004883 22.6964550018311 23.7145729064941 24.5581722259521 24.6803398132324 25.1512470245361 25.309196472168 25.6470851898193 25.589879989624 25.3358936309814 24.2687606811523 22.3726253509521 23.3379859924316 23.1500835418701 24.2548866271973 24.5402908325195 24.5763168334961 24.6348972320557 24.3692283630371 24.0746822357178 23.8912487030029 23.6437759399414 22.7891693115234 23.050350189209 22.8518409729004 22.0055236816406 22.7260570526123 22.5018844604492 21.0288581848145 21.1419143676758
26.6413536071777 26.9387760162354 26.9565582275391 26.5828666687012 26.5243301391602 26.4454231262207 26.0335025787354 26.823522567749 27.0813312530518 27.341890335083 27.020227432251 27.0220546722412 26.5098762512207 23.9489707946777 22.393253326416 22.1847438812256 22.3170776367188 22.9300365447998 23.4265766143799 24.4839000701904 25.152271270752 25.7396831512451 24.8451194763184 25.3402233123779 25.2880897521973 24.9811191558838 24.6984195709229 23.2223167419434 23.3042068481445 24.2018013000488 24.6200580596924 24.3733539581299 24.3389930725098 23.1693572998047 22.8627300262451 23.076208114624 23.9754829406738 22.1989479064941 21.8063144683838 22.0678253173828 21.3063316345215 21.8677997589111 22.0718879699707 19.8251094818115 19.7269611358643 20.4050197601318
26.9259719848633 27.1956939697266 27.0142097473145 26.3305740356445 27.5702457427979 26.6663265228271 26.9193725585938 26.599292755127 27.3052921295166 26.4976978302002 27.5931262969971 27.2106246948242 27.0051536560059 26.050931930542 25.2149410247803 23.4696044921875 21.8235759735107 22.3814334869385 22.7763595581055 24.752742767334 25.6156539916992 24.7665596008301 24.7922840118408 24.3218116760254 23.8619041442871 24.6668663024902 24.5709609985352 24.2099189758301 24.1476917266846 24.1515655517578 23.7977771759033 23.3442115783691 22.8681335449219 22.3723621368408 21.7058906555176 22.492130279541 22.5569019317627 21.4237613677979 21.4277801513672 21.4093627929688 20.0859127044678 19.9679336547852 20.4889087677002 21.1713085174561 15.6775283813477 20.2092761993408
27.0708427429199 27.5279064178467 28.0448837280273 26.338472366333 26.2704887390137 27.1319599151611 26.2014636993408 27.1602153778076 27.3596534729004 26.4669570922852 27.0224418640137 26.8993701934814 27.1256999969482 26.1795215606689 24.3085193634033 23.3642559051514 22.1976165771484 22.5232276916504 23.1737041473389 24.1532649993896 24.6442222595215 25.1892032623291 24.4208641052246 23.1228809356689 23.6058731079102 23.7158908843994 23.7012252807617 24.5252857208252 24.8141174316406 24.5637130737305 24.2078266143799 23.2344799041748 22.5999717712402 22.7449188232422 23.198450088501 22.8881492614746 20.7171821594238 20.343692779541 20.8354034423828 21.1347923278809 19.7297992706299 19.4670658111572 19.0556774139404 17.3674583435059 18.7833003997803 18.9428424835205
27.2694339752197 27.1584625244141 26.9839687347412 27.7090911865234 27.8059482574463 27.4951171875 26.2713356018066 27.3373432159424 25.9020576477051 26.1268711090088 26.166389465332 25.9221706390381 25.7469100952148 26.0710048675537 24.5346488952637 23.0468139648438 22.3440017700195 22.2218799591064 23.3357677459717 23.5054264068604 24.8204154968262 25.0473709106445 22.4513397216797 22.1964588165283 22.4593505859375 22.8116664886475 23.0720920562744 24.306755065918 24.6573810577393 24.0767841339111 24.4645900726318 24.036979675293 23.9214382171631 23.7322368621826 23.2109603881836 22.8115482330322 22.1647834777832 21.3352336883545 20.1156272888184 19.5301952362061 18.3360481262207 17.3429546356201 18.0137023925781 19.943302154541 14.9251871109009 14.727578163147
27.7272205352783 27.4502601623535 27.9065532684326 27.2533550262451 27.7764949798584 27.6400337219238 27.5066146850586 27.2815570831299 27.1125946044922 25.7232189178467 26.7572231292725 26.0559024810791 25.2552738189697 25.3627414703369 25.3691425323486 25.2011623382568 23.9327411651611 23.6963748931885 24.3402481079102 24.9678688049316 24.2851161956787 22.6865386962891 22.1642360687256 20.9648475646973 21.6769313812256 22.5470924377441 22.5782852172852 23.4147338867188 24.4348621368408 24.284158706665 22.7186756134033 23.6308746337891 23.4390296936035 23.4477062225342 23.0286350250244 22.7202491760254 22.1086235046387 20.9656600952148 18.581859588623 19.1257667541504 17.6070079803467 18.7166709899902 20.2418937683105 19.690055847168 14.9373407363892 14.111231803894
25.7676219940186 26.9831027984619 28.0323600769043 27.802038192749 27.6873435974121 27.5307521820068 27.4211826324463 27.4392833709717 27.1548385620117 25.8729152679443 25.4329700469971 25.6147537231445 25.4440689086914 25.1345348358154 25.2014713287354 24.2107791900635 23.4191493988037 23.5483112335205 24.4326305389404 24.2937488555908 23.9995975494385 24.3017959594727 23.1354675292969 21.7469539642334 21.1795196533203 21.9226970672607 23.2196826934814 24.4239158630371 23.8504619598389 24.0255107879639 23.2972812652588 23.0773754119873 23.303825378418 22.7801723480225 22.7405242919922 21.9909057617188 20.6567115783691 20.876672744751 16.2454967498779 14.5647993087769 17.2309379577637 14.7723169326782 19.5777244567871 15.8832340240479 18.2139911651611 13.8573970794678
25.9365139007568 25.5576457977295 26.7039966583252 27.5740909576416 27.5368900299072 27.4207782745361 27.609546661377 27.7381381988525 27.3423290252686 26.6041946411133 26.1341972351074 25.4247417449951 25.2469348907471 25.6229591369629 24.0193576812744 24.1736812591553 23.7194862365723 23.2680950164795 23.5969581604004 23.6683292388916 23.7556400299072 23.8640441894531 23.3934555053711 22.1745376586914 22.0288028717041 22.2742233276367 21.7674465179443 24.2492599487305 24.5978946685791 23.3075084686279 23.0861911773682 23.141674041748 23.4118785858154 22.5751762390137 22.2667045593262 21.4374961853027 19.9345531463623 20.2731800079346 20.000997543335 18.7746868133545 17.5826969146729 18.0309505462646 17.8384742736816 15.1590785980225 14.5277996063232 14.1621627807617
24.7319793701172 25.1717929840088 25.7672710418701 26.6897163391113 27.7382392883301 27.2353630065918 27.66286277771 27.3128337860107 27.3206672668457 26.3508319854736 26.4353828430176 25.6062545776367 25.8934555053711 25.863317489624 25.5500507354736 23.3678455352783 23.3669033050537 23.1389064788818 23.5057907104492 24.455961227417 23.2773685455322 23.7828998565674 22.7796363830566 21.7653503417969 22.0189933776855 22.3488292694092 22.3430881500244 23.1107063293457 23.821138381958 23.6995620727539 23.8242263793945 22.8703231811523 22.4357204437256 21.2681865692139 20.5843849182129 19.6309375762939 19.9072666168213 19.9346523284912 20.0675659179688 17.571928024292 14.6605348587036 14.7163782119751 18.07594871521 14.4533500671387 14.6585035324097 14.5466051101685
23.6425514221191 24.3392391204834 24.9563102722168 25.6695823669434 27.0925350189209 27.1238975524902 26.4728031158447 27.6498165130615 27.4381904602051 27.0802402496338 25.9726371765137 26.3864364624023 25.7231349945068 25.4365043640137 26.0029850006104 25.7505493164062 25.3307952880859 23.520658493042 23.7892322540283 23.7717838287354 23.7210235595703 23.7466354370117 23.2842674255371 22.2914276123047 22.06907081604 22.0888481140137 21.6364803314209 23.078649520874 23.9300403594971 23.3922157287598 24.061710357666 22.5962200164795 21.5404605865479 21.38059425354 20.8543701171875 20.4535999298096 20.4092578887939 19.7976264953613 19.1431140899658 18.7529258728027 19.9474277496338 19.9289131164551 17.4389972686768 17.3981781005859 14.7494440078735 15.6133584976196
24.1795330047607 24.8395462036133 24.9670677185059 25.713249206543 26.0352878570557 25.8440990447998 26.0457897186279 27.095703125 27.0555572509766 26.5571346282959 27.0345191955566 26.9483642578125 26.9777717590332 26.1595478057861 26.1806259155273 26.1540088653564 24.9250755310059 24.3744258880615 23.4226264953613 23.7990760803223 23.6234474182129 23.0667896270752 22.8379001617432 22.4392395019531 21.8653163909912 21.147216796875 21.5521297454834 23.3194255828857 23.6720237731934 23.8226737976074 24.0966663360596 24.2616157531738 22.6289882659912 21.4376392364502 20.7093868255615 21.4960060119629 21.0832023620605 20.3861618041992 19.5391120910645 19.5629081726074 21.4278373718262 21.2648887634277 20.8798274993896 20.0002136230469 16.749927520752 16.0190830230713
25.2358131408691 25.1677837371826 26.0492095947266 26.8852615356445 27.3859767913818 26.1118392944336 26.1906681060791 27.4613075256348 27.4207935333252 26.7528400421143 27.1579322814941 26.8005523681641 26.7482395172119 26.3583927154541 25.4100875854492 25.7289562225342 23.4537372589111 22.1357765197754 23.4898166656494 23.12961769104 23.1105937957764 23.2887763977051 22.7434864044189 22.4815826416016 22.063777923584 22.0560531616211 22.445219039917 23.6616878509521 24.3231658935547 23.3358688354492 23.8015327453613 23.8077621459961 24.0883121490479 23.2131595611572 22.5351867675781 21.414888381958 21.4718208312988 21.5268726348877 21.0932502746582 22.5950565338135 21.6113338470459 21.1984157562256 16.1116237640381 17.7342128753662 15.3161430358887 14.6104192733765
24.7790145874023 26.1621723175049 26.0314712524414 26.1359710693359 27.3209762573242 26.5151062011719 27.1336040496826 26.7876720428467 27.3675231933594 26.3583488464355 27.3295555114746 26.8191890716553 26.7907829284668 26.1883945465088 25.7794971466064 25.2498016357422 25.2082004547119 23.4870929718018 22.3051662445068 22.6377086639404 22.711254119873 23.2515735626221 22.6286716461182 22.7082996368408 22.3282871246338 22.1434421539307 23.8851890563965 23.9861736297607 23.841272354126 25.2693977355957 23.9296588897705 23.4254684448242 24.5996551513672 24.4473781585693 23.7075080871582 23.0357608795166 22.6412506103516 22.5893020629883 22.1197414398193 22.2930526733398 21.4863624572754 18.9545879364014 14.2906494140625 14.6123046875 14.7899370193481 13.4956684112549
25.5187549591064 25.6851329803467 26.2731952667236 25.2321128845215 25.7829990386963 24.7528018951416 25.4607753753662 26.7976169586182 27.316198348999 27.1187591552734 27.4217662811279 26.6510696411133 26.4914436340332 26.5404605865479 25.9263801574707 25.6930103302002 26.0591068267822 25.5638065338135 24.8304767608643 24.3903942108154 23.1652870178223 22.9159755706787 23.4286651611328 23.0777568817139 22.6914939880371 22.2862968444824 23.8697681427002 24.6380386352539 24.164493560791 24.3222274780273 24.0917682647705 22.9388084411621 22.6292743682861 22.6195106506348 23.0377388000488 23.2419586181641 23.2602939605713 23.7105121612549 23.2763423919678 23.3930892944336 21.6781883239746 17.0945987701416 15.5637521743774 15.8136653900146 15.5999250411987 14.5992918014526
26.0520362854004 26.4479122161865 26.1957931518555 24.3806266784668 25.0789375305176 26.1614818572998 25.3986358642578 26.8168392181396 27.1980743408203 26.8410320281982 27.2826251983643 26.9946136474609 27.3264541625977 26.8330669403076 26.4162425994873 26.231273651123 25.9308891296387 25.589693069458 25.15993309021 24.1767292022705 22.7270393371582 23.7813835144043 24.1893844604492 23.0229358673096 22.5906734466553 22.5060329437256 22.4057865142822 23.7500877380371 23.5771636962891 22.6418056488037 23.6040267944336 22.5400390625 22.1151390075684 22.1381587982178 21.8370513916016 22.0321197509766 22.6658878326416 22.1930294036865 22.8379859924316 22.5869102478027 20.9069442749023 20.6213970184326 17.7893085479736 17.1352939605713 16.4124088287354 16.304162979126
25.7912330627441 27.1306629180908 26.1960830688477 25.3592948913574 23.8150577545166 26.1344718933105 27.552303314209 25.6948795318604 26.6864242553711 27.2892646789551 27.1808242797852 27.0317974090576 26.5255451202393 26.6701831817627 26.3113479614258 26.4638938903809 25.5187301635742 25.0739421844482 24.9743270874023 24.3906593322754 23.3060722351074 23.9522819519043 23.1000213623047 21.7199287414551 22.1174774169922 21.7103691101074 23.1534481048584 22.4129505157471 22.1631126403809 19.5489749908447 21.4489631652832 22.016544342041 22.3184032440186 21.9758625030518 21.9793663024902 21.0602149963379 21.2595405578613 21.6268539428711 22.5714683532715 21.890531539917 17.026912689209 16.6983108520508 16.4491214752197 16.9817600250244 16.6887626647949 15.4976797103882
26.3849658966064 25.5331745147705 26.85791015625 26.1281833648682 25.9852066040039 26.0058326721191 26.0397205352783 26.1412734985352 26.3084449768066 27.6333160400391 27.6330680847168 27.0714836120605 26.9585304260254 27.2113628387451 26.9517345428467 25.8017654418945 25.1806259155273 25.1183052062988 25.0941028594971 25.0652160644531 24.3854007720947 23.3742046356201 22.289342880249 22.0333290100098 22.3165493011475 22.9533576965332 23.5649299621582 22.6769905090332 22.324462890625 20.3830642700195 20.1211471557617 19.1421165466309 20.6352691650391 21.9881000518799 21.9132080078125 20.0393390655518 19.9988956451416 19.6151561737061 19.3928203582764 15.8754730224609 15.8734321594238 15.1038751602173 15.6301498413086 16.5432586669922 16.5641746520996 14.9345722198486
25.7325210571289 25.2377376556396 26.550121307373 25.3516788482666 25.5005187988281 25.5138053894043 24.3032302856445 25.1057682037354 26.1457996368408 26.4749488830566 27.2153263092041 27.2443828582764 27.128173828125 26.6265754699707 26.9464511871338 26.8246612548828 26.1330509185791 24.8361835479736 25.3383235931396 24.865291595459 24.6799926757812 23.9415969848633 22.4578037261963 22.2935047149658 21.7299385070801 22.3902168273926 23.3596515655518 22.4428539276123 22.636890411377 22.3468456268311 22.3220844268799 21.2266273498535 20.8605804443359 19.5864887237549 15.5291414260864 14.316782951355 14.4519863128662 14.2112636566162 14.1415176391602 14.3839826583862 14.5737752914429 14.6696767807007 14.957423210144 15.8086910247803 16.1341667175293 15.652458190918
25.7262573242188 25.108922958374 25.1533985137939 26.3601703643799 26.0426292419434 26.1515769958496 24.7073097229004 23.8391284942627 24.7918567657471 25.7269611358643 27.0358982086182 27.3912963867188 27.3045444488525 27.128324508667 26.0316429138184 25.6002388000488 25.6021747589111 25.2140560150146 25.6625347137451 25.5229911804199 25.4858798980713 24.176212310791 23.4780921936035 23.1022243499756 22.1887893676758 22.9686260223389 22.6950073242188 22.8425464630127 21.150728225708 22.0945701599121 21.2987174987793 21.1056880950928 21.4383487701416 20.732250213623 19.2304763793945 13.9676609039307 13.5527400970459 13.458475112915 13.2510271072388 13.8095073699951 14.4518184661865 15.9554328918457 14.5053606033325 15.6381959915161 15.0998659133911 14.9572048187256
25.3455638885498 24.8456439971924 26.0924320220947 26.0598297119141 26.321985244751 25.4292373657227 25.0828170776367 24.4195137023926 25.3222236633301 24.7277145385742 25.679500579834 27.1865158081055 26.9105834960938 26.6979427337646 26.0012035369873 26.2721347808838 24.6012401580811 24.8458232879639 25.248592376709 25.0572509765625 25.1325016021729 24.473518371582 24.5264453887939 23.9218635559082 22.759449005127 22.6898040771484 22.3341865539551 22.238805770874 22.7195129394531 21.7390613555908 20.6689853668213 19.7393646240234 21.7400760650635 21.8966255187988 21.9298553466797 19.4383563995361 16.5278873443604 16.0972881317139 15.0456266403198 14.0495376586914 14.8429155349731 14.8070859909058 14.8750524520874 15.3088874816895 15.1995439529419 14.8453207015991
