inst/extdata/Tmax/Tmax56.asc
NCOLS 100 
NROWS 79 
XLLCORNER 148.06 
YLLCORNER -21.49 
CELLSIZE 0.01 
NODATA_value -3.4e+38 
[rows 20 to 39 of 79, columns 46 to 91 of 100]
26.7077369689941 24.9914932250977 25.1897163391113 26.5498294830322 26.2881183624268 25.735668182373 25.4455547332764 24.2878513336182 26.0694980621338 27.4882698059082 28.5599327087402 28.0716934204102 28.0469760894775 28.7100887298584 28.341775894165 28.0594062805176 28.3572063446045 28.9614315032959 29.1279182434082 29.1300048828125 29.0724792480469 28.9371814727783 29.2450656890869 29.3308219909668 29.2718982696533 29.1833381652832 29.0658435821533 29.0969142913818 29.0540523529053 28.6951637268066 28.769172668457 29.0425205230713 28.9257488250732 28.6252689361572 28.619701385498 28.5807342529297 28.4832038879395 28.4691047668457 28.4463157653809 28.4112720489502 28.3264007568359 28.1388053894043 27.5582733154297 27.4420719146729 27.6816558837891 27.7010841369629
26.9940948486328 24.9713478088379 23.8170948028564 25.4922504425049 25.351900100708 24.8188247680664 25.6482887268066 23.7904319763184 25.0033340454102 27.0149669647217 28.2571620941162 26.9439716339111 26.3009872436523 28.0979671478271 26.883150100708 26.5242881774902 27.3907737731934 28.7891101837158 28.7963409423828 29.2447204589844 29.3600006103516 29.3458099365234 29.1191787719727 28.7502784729004 28.739387512207 28.8132152557373 28.9846458435059 28.948673248291 28.8462295532227 28.7543621063232 29.0798454284668 29.1169204711914 29.0473709106445 28.6465110778809 28.7265968322754 28.6734180450439 28.5254783630371 28.5286407470703 28.5268669128418 28.519458770752 28.3700199127197 28.2334594726562 28.0401592254639 27.8480815887451 27.7187404632568 27.7289924621582
27.6048202514648 27.1187553405762 25.2531280517578 24.6102256774902 24.1357078552246 25.2580909729004 24.6601333618164 24.8962059020996 24.2911338806152 25.1988525390625 27.3656425476074 27.7403030395508 26.2525749206543 26.6193351745605 26.2698917388916 26.7966384887695 27.879487991333 28.3092613220215 26.8794937133789 28.2317485809326 29.1032257080078 29.1689300537109 28.5113830566406 27.6289310455322 28.2641220092773 28.2476100921631 28.8775615692139 29.0782222747803 28.7461280822754 28.9652786254883 29.1540584564209 29.1873188018799 29.175989151001 29.0958957672119 28.9699592590332 28.7664241790771 28.5599060058594 28.4118366241455 28.4846706390381 28.582691192627 28.4546375274658 28.3696632385254 28.0840339660645 27.9718723297119 27.8464584350586 28.0102996826172
26.9672203063965 26.7963638305664 26.1762275695801 25.3815307617188 23.9164772033691 24.6436882019043 25.2628078460693 25.4478569030762 25.1931324005127 24.7402286529541 26.0536289215088 26.0182590484619 26.8700847625732 25.2505798339844 26.0478286743164 27.4863414764404 27.4592685699463 27.8611850738525 26.4592990875244 28.6180458068848 29.4546585083008 29.3216590881348 28.3050804138184 26.8780384063721 28.1801662445068 28.3638095855713 28.4707660675049 28.9665184020996 29.1752510070801 29.2357788085938 29.2572460174561 29.2709445953369 29.2352905273438 29.1293182373047 29.0099353790283 28.8334445953369 28.3691082000732 27.9895477294922 28.1341743469238 28.4228057861328 28.3887786865234 28.4411640167236 28.1553421020508 28.1404361724854 27.8929805755615 27.9425239562988
25.035285949707 26.344409942627 26.6882629394531 26.4392929077148 25.4143905639648 24.7912330627441 24.777551651001 24.4560222625732 25.3325519561768 24.7844715118408 24.778938293457 24.3027458190918 26.1846809387207 26.999397277832 26.1935558319092 27.1943016052246 27.9891490936279 28.612476348877 28.2817039489746 29.3756217956543 29.3841953277588 29.2120113372803 28.4695644378662 27.5773983001709 28.4142208099365 28.7253189086914 28.3959922790527 28.4951114654541 28.6067848205566 29.1412372589111 28.9688854217529 29.3129615783691 29.1705188751221 29.1243362426758 29.0244445800781 28.649658203125 28.5481777191162 27.9234600067139 27.6144905090332 28.1108818054199 28.256254196167 28.3573246002197 28.1664142608643 28.2305316925049 28.3073310852051 28.1712608337402
23.5613479614258 24.5562515258789 25.8864517211914 25.7983436584473 24.943603515625 24.1926689147949 23.7864742279053 23.2015609741211 24.3978233337402 25.016450881958 24.4845085144043 24.7124118804932 26.0935497283936 27.9513111114502 27.441162109375 27.503173828125 27.653450012207 29.1335277557373 29.2373104095459 29.2218189239502 29.2179508209229 28.8691558837891 27.5414752960205 27.5989742279053 27.7092227935791 28.3948650360107 28.1007804870605 27.4406852722168 28.107852935791 29.2328453063965 29.1758728027344 29.2942047119141 29.2466487884521 29.212085723877 29.0604400634766 28.892110824585 28.9075679779053 28.2544040679932 27.6969451904297 28.0469036102295 27.7093715667725 27.8468456268311 27.5418891906738 28.2380485534668 28.2949733734131 28.2909488677979
23.444995880127 23.2812423706055 24.0032501220703 24.6480598449707 25.3393325805664 23.0761489868164 22.7897205352783 23.6369781494141 24.1463737487793 24.8955230712891 24.9145488739014 25.3272190093994 27.0496006011963 27.9141120910645 28.4135589599609 28.5977725982666 28.7481269836426 29.2919101715088 28.9000720977783 28.7185935974121 28.7588577270508 28.2747020721436 28.4739170074463 28.7615280151367 28.7692394256592 28.1206302642822 27.6689014434814 28.6362762451172 28.9106006622314 28.862398147583 28.269868850708 28.976053237915 29.1448249816895 29.2323322296143 29.2151508331299 29.1143112182617 28.7559604644775 28.3954582214355 28.4755973815918 28.2111072540283 28.0744819641113 27.4855899810791 27.9952697753906 28.2149906158447 28.1289405822754 28.0394535064697
23.6394081115723 23.1149253845215 23.423152923584 23.6702270507812 24.2231483459473 22.5125007629395 22.2100944519043 22.6345405578613 23.9579944610596 24.7183856964111 24.1896114349365 24.7753601074219 25.6859149932861 26.8324604034424 28.2051124572754 27.869743347168 29.0329360961914 29.2988243103027 28.5441627502441 27.7538452148438 28.4463272094727 28.6514320373535 28.995044708252 29.2405700683594 29.3565979003906 28.9071254730225 28.9016170501709 29.2818660736084 29.3480129241943 28.5839080810547 28.1152210235596 28.6877746582031 28.8031730651855 29.2455615997314 29.2914237976074 29.2265777587891 29.0587673187256 28.8249912261963 28.3916435241699 27.5658321380615 27.3169021606445 27.1796741485596 27.2134971618652 27.9126510620117 27.9752998352051 28.4013576507568
24.5264625549316 24.0819892883301 24.8527870178223 24.6915054321289 24.2875785827637 22.8628540039062 23.6517314910889 23.3843097686768 23.6967086791992 24.2995700836182 24.0128707885742 24.293155670166 24.4277076721191 26.6287307739258 27.8185043334961 27.1183319091797 28.6067504882812 28.9194641113281 28.5874786376953 27.3914184570312 27.6829986572266 28.8447952270508 29.27268409729 29.4063835144043 29.4273700714111 29.3230628967285 29.3366527557373 29.4564647674561 29.0421962738037 28.2806816101074 28.1409950256348 28.8411636352539 29.2876319885254 29.3239555358887 29.3108177185059 29.282564163208 29.2306251525879 29.0796356201172 28.8085594177246 27.5986938476562 26.9835910797119 26.1434326171875 27.1372585296631 27.1287651062012 28.0668048858643 28.467134475708
26.1794853210449 26.0212364196777 25.4211502075195 25.3571586608887 24.8192710876465 24.3241271972656 24.0123844146729 22.9896278381348 23.6465816497803 23.125316619873 22.6231460571289 23.9741535186768 24.3181800842285 26.2069187164307 27.1557426452637 26.4203071594238 27.103832244873 27.8411903381348 28.4362487792969 28.3027801513672 27.8284492492676 28.857759475708 29.3595008850098 29.1457023620605 29.1157112121582 28.7819442749023 29.2215480804443 29.4798698425293 28.4904155731201 27.5873317718506 28.288200378418 28.8858203887939 29.2577972412109 29.3400573730469 29.3488121032715 29.2890815734863 29.2624893188477 29.1596660614014 28.954719543457 28.5375518798828 27.8170185089111 27.2874603271484 26.8300819396973 26.6369190216064 27.5499649047852 28.0787048339844
25.0534629821777 25.0563201904297 25.0864677429199 24.7184028625488 24.2240295410156 24.4633979797363 23.5382442474365 23.0060386657715 22.4733295440674 22.5618267059326 21.9506015777588 22.8922710418701 22.8820648193359 25.1461029052734 26.1700706481934 24.9989585876465 25.5419311523438 27.0719566345215 28.3891105651855 28.9799003601074 28.4707260131836 29.1143226623535 29.3337574005127 28.9034938812256 28.8809642791748 29.0179862976074 29.5102729797363 29.4806709289551 28.8925228118896 28.1813945770264 28.5783557891846 28.862621307373 29.3161182403564 29.3373069763184 29.2817440032959 29.2477951049805 29.2406139373779 29.1548614501953 29.0712509155273 28.850923538208 28.5768566131592 27.9872074127197 27.5733222961426 27.5309085845947 27.771900177002 28.217493057251
24.3005676269531 24.5719947814941 24.4554290771484 24.4086151123047 23.482837677002 24.3122215270996 23.3160305023193 22.023889541626 21.4016246795654 21.799783706665 21.4580039978027 22.1573524475098 22.9660701751709 24.8699417114258 25.1819038391113 24.8076477050781 26.9158935546875 27.8337478637695 28.6047630310059 29.1179618835449 29.422176361084 29.4735164642334 29.4100952148438 29.3115692138672 29.0737476348877 29.3906288146973 29.5236663818359 29.396577835083 28.9865207672119 28.2953796386719 28.3916835784912 29.0014247894287 29.2260818481445 28.7231159210205 29.1141700744629 29.2343921661377 29.2054195404053 29.1601428985596 29.1050872802734 28.978572845459 28.655704498291 27.8415584564209 28.1865158081055 28.2182865142822 28.1338577270508 28.0810432434082
23.6056880950928 23.9186363220215 23.7543258666992 24.034460067749 24.1248664855957 24.1374530792236 23.7430782318115 22.5884037017822 22.6846218109131 22.7880687713623 21.7335815429688 21.5247745513916 22.5055370330811 24.8065071105957 25.3341217041016 25.8576374053955 25.9131488800049 26.7389850616455 28.5717220306396 29.204963684082 29.4199810028076 29.3599414825439 29.1967601776123 29.1429958343506 29.3080768585205 29.3956985473633 29.3657302856445 28.9419479370117 27.9353065490723 28.1198272705078 28.4699039459229 29.3131637573242 29.0184497833252 28.4074802398682 29.1352310180664 29.0584983825684 29.0829696655273 29.1345863342285 29.0228061676025 28.7099800109863 28.0774459838867 26.7342147827148 26.4564762115479 27.5493812561035 27.9366703033447 28.263032913208
24.3107509613037 23.8095874786377 23.6422481536865 23.8148574829102 23.9562149047852 23.8740234375 23.394645690918 22.9998416900635 23.5990085601807 22.879638671875 22.7367267608643 22.7228240966797 23.53883934021 24.7091808319092 24.8681793212891 25.617769241333 26.600492477417 27.715576171875 28.6397819519043 29.086181640625 29.4546852111816 29.4210205078125 28.8859272003174 28.5796566009521 28.8241157531738 28.6759414672852 28.7863883972168 28.9658832550049 28.8474884033203 28.8288516998291 29.1632499694824 29.4424133300781 28.7695484161377 28.6742782592773 29.2853260040283 28.7407836914062 28.8799171447754 28.8287334442139 28.9013557434082 28.5740032196045 27.0612487792969 26.2800884246826 25.652099609375 27.5191173553467 28.1125106811523 27.9483966827393
24.7575664520264 23.4997787475586 23.4496936798096 23.5660209655762 23.7095584869385 23.5749473571777 23.5873737335205 24.1596069335938 23.7850818634033 22.9927005767822 24.1650123596191 24.6366748809814 24.8244934082031 24.1774425506592 24.1986675262451 25.2758331298828 26.5631275177002 27.8705806732178 27.9495296478271 28.775562286377 29.2795581817627 29.2954368591309 28.7843742370605 28.5272464752197 27.6796398162842 28.2871875762939 28.8428516387939 29.0072784423828 29.260368347168 29.2701892852783 29.4633026123047 29.3903121948242 29.3514270782471 29.3792018890381 29.3269462585449 29.0595207214355 28.052906036377 28.6842288970947 28.8802299499512 28.819995880127 28.7650165557861 27.4250946044922 27.2512912750244 28.619592666626 28.9054088592529 28.8837451934814
24.8173656463623 23.7764263153076 23.4190769195557 23.3420486450195 23.5607604980469 23.3759098052979 24.06982421875 25.7717437744141 24.8638801574707 24.1502494812012 26.0744457244873 26.7582950592041 26.3615703582764 24.3345317840576 24.751802444458 24.8625335693359 26.8230743408203 26.8796443939209 26.7429027557373 27.6340065002441 28.8101043701172 29.0541381835938 28.7060489654541 28.700984954834 28.5637950897217 28.2061195373535 28.2886791229248 28.4476509094238 29.189359664917 29.1514568328857 29.2430858612061 29.0285053253174 29.244010925293 29.4014129638672 29.0863132476807 29.0588493347168 28.3386173248291 28.4683113098145 28.752592086792 28.5729103088379 29.0078582763672 29.0034618377686 28.8912029266357 28.9289588928223 29.0391712188721 28.9069404602051
24.5233116149902 23.8380126953125 23.6169395446777 23.8058700561523 23.7361755371094 23.8429145812988 24.2765712738037 26.4798336029053 26.6654415130615 25.2826118469238 27.303295135498 28.2536640167236 27.5180110931396 26.2778186798096 26.1961650848389 26.8030128479004 27.4700374603271 27.9193706512451 28.221887588501 28.5150394439697 28.7607097625732 28.4691753387451 27.1122741699219 27.3755493164062 27.9117298126221 27.5101280212402 27.7448844909668 28.6638145446777 29.0713119506836 29.2912254333496 28.1401786804199 28.1111793518066 28.9863243103027 29.3062896728516 28.7862968444824 28.8091316223145 27.9568367004395 28.503547668457 28.7144756317139 28.5537662506104 29.0411281585693 29.1255397796631 29.1450729370117 29.134822845459 29.0663585662842 28.7338905334473
24.5600700378418 24.1380023956299 24.0910911560059 24.2482414245605 24.44704246521 24.5983123779297 25.432710647583 27.2101402282715 27.0839939117432 26.5893154144287 28.0128402709961 29.123083114624 28.2826976776123 27.1274337768555 26.574634552002 28.2808628082275 28.6262912750244 28.8195362091064 29.0290451049805 29.0602073669434 28.6097888946533 28.3184185028076 28.4381999969482 27.8456268310547 28.2073154449463 28.7190704345703 28.9542846679688 29.0397605895996 29.2672920227051 29.1894245147705 27.4542331695557 28.2201309204102 29.1258907318115 29.0389614105225 28.5732517242432 28.5214157104492 28.3467578887939 28.8881664276123 28.9135608673096 28.9167461395264 28.8776683807373 29.0471801757812 29.092643737793 29.0966796875 29.00901222229 28.9547882080078
24.5044593811035 24.1948394775391 24.762523651123 25.5518226623535 25.6660804748535 26.1584587097168 27.2663860321045 27.8860244750977 27.2637996673584 27.6461448669434 29.076696395874 29.5793209075928 29.0082950592041 27.9675216674805 27.1963577270508 28.2356815338135 28.2206478118896 28.5024452209473 29.254695892334 29.4798450469971 29.1510105133057 28.7720928192139 29.1465454101562 28.935848236084 28.7942123413086 29.3086395263672 29.1967887878418 29.1070518493652 29.3884887695312 29.1395587921143 28.4707164764404 28.9734420776367 29.1620979309082 28.8280239105225 27.8203372955322 27.7703742980957 28.1144466400146 28.8877830505371 28.568754196167 28.5402145385742 28.5546131134033 28.8599796295166 28.8326473236084 28.891788482666 28.7273387908936 28.8682308197021
24.5596923828125 24.7539710998535 25.9419021606445 26.7127647399902 27.4300384521484 28.40452003479 29.0400905609131 28.3200740814209 26.366641998291 27.0025234222412 28.5306148529053 29.6232643127441 29.1740608215332 28.8205547332764 27.903450012207 28.8748550415039 29.0114803314209 28.3812370300293 29.1504592895508 29.5368824005127 29.4815101623535 28.9931716918945 29.3654766082764 29.4805278778076 29.3105773925781 29.4066944122314 29.2015380859375 28.37233543396 29.2485733032227 29.4024238586426 29.3107128143311 29.1803379058838 28.8319835662842 28.4614601135254 27.5554180145264 27.6087036132812 28.4135456085205 28.3391571044922 28.1805934906006 27.9755840301514 28.1222667694092 28.4406433105469 28.2261905670166 28.6015529632568 28.1035118103027 28.5162773132324
