inst/extdata/Tmax/Tmax44.asc
NCOLS 100 
NROWS 79 
XLLCORNER 148.06 
YLLCORNER -21.49 
CELLSIZE 0.01 
NODATA_value -3.4e+38 
[rows 0 to 19 of 79, columns 0 to 45 of 100]
25.352361679077099 25.42626953125 24.7187099456787 25.721508026123 25.7712993621826 26.1156368255615 26.1675262451172 25.9456939697266 25.7260093688965 25.8876342773438 25.4393997192383 25.4475383758545 25.4766845703125 24.3185729980469 24.8110370635986 25.2280941009521 25.4986991882324 25.5686588287354 24.1665477752686 23.5749530792236 22.6859512329102 21.2822360992432 21.8221378326416 23.3130283355713 24.0029735565186 24.6804637908936 24.284387588501 24.2828502655029 24.5336647033691 24.1391067504883 22.0352897644043 19.994176864624 18.1721363067627 18.3333225250244 17.01540184021 15.6507587432861 15.2360763549805 14.9760608673096 15.6615676879883 17.759822845459 19.5877208709717 19.9458770751953 20.5693473815918 26.1542720794678 25.7984714508057 24.8093662261963
25.9635391235352 24.9101657867432 23.5536880493164 24.2542877197266 24.2888202667236 25.3092079162598 25.8324222564697 26.0488395690918 26.6465606689453 26.7510395050049 26.1608905792236 25.2020072937012 25.8682823181152 24.8231372833252 25.1135177612305 24.7984657287598 25.6723461151123 25.5043869018555 24.6652030944824 23.7305507659912 24.0137958526611 23.2115173339844 22.9636726379395 23.4526691436768 23.9777946472168 24.5273284912109 24.9719390869141 24.9598140716553 24.6415328979492 24.201639175415 23.0478534698486 21.0223617553711 18.9462699890137 21.2250118255615 17.9586658477783 16.5820388793945 15.9639339447021 16.9744529724121 18.2084178924561 19.1315727233887 20.6024398803711 20.6699848175049 23.8870868682861 24.7078628540039 25.3586406707764 24.2554302215576
25.7683753967285 24.7975063323975 24.8154182434082 25.3889102935791 24.7659645080566 25.1448745727539 25.6116733551025 26.191333770752 26.6398124694824 26.7356700897217 26.2283382415771 25.5053081512451 25.8362274169922 25.4235057830811 24.861270904541 24.9074687957764 25.0477561950684 25.3831253051758 24.5548973083496 24.0686283111572 23.5726127624512 23.8460254669189 23.356128692627 23.6869468688965 24.6194438934326 24.8537273406982 24.8607330322266 24.8627452850342 25.089262008667 24.5296096801758 24.8110752105713 23.3512287139893 24.429126739502 21.2119064331055 23.183048248291 17.226224899292 16.2090797424316 15.8916883468628 17.1427555084229 18.3832035064697 20.1267242431641 26.3906478881836 26.3399639129639 22.9782619476318 22.8474521636963 25.4144954681396
26.3021106719971 26.0808963775635 25.1280078887939 26.2305355072021 25.4582977294922 24.9485130310059 25.5952110290527 26.1014404296875 26.4589519500732 26.6528968811035 26.4539928436279 25.9571990966797 25.8744869232178 25.8939781188965 25.5299377441406 25.4769802093506 25.660587310791 25.2586460113525 25.0659408569336 24.0610294342041 23.8038463592529 23.5383491516113 23.673677444458 23.7172069549561 24.4193382263184 24.7202110290527 24.6570243835449 24.7104473114014 24.4001960754395 23.548828125 23.812557220459 24.9155960083008 23.5446300506592 21.3394298553467 17.3973789215088 16.4288635253906 16.676586151123 16.0914440155029 16.0653705596924 15.5754098892212 17.3545894622803 19.8315048217773 23.3950786590576 26.9819107055664 21.1490840911865 21.2236309051514
26.9907855987549 26.1821269989014 26.0223426818848 26.6076240539551 26.2238025665283 25.731388092041 25.1557426452637 26.187183380127 27.0607242584229 26.3381271362305 26.5569496154785 26.2983589172363 26.2504138946533 26.1146144866943 25.6442832946777 25.3441257476807 25.3882503509521 24.8515605926514 24.1538944244385 23.3489723205566 23.420051574707 23.9485664367676 24.0159606933594 24.2921257019043 24.0335083007812 23.9648971557617 25.2665386199951 24.4959983825684 24.377857208252 24.5599174499512 23.9948902130127 24.2020378112793 23.4404048919678 22.4840869903564 22.9927043914795 18.1428680419922 17.6537208557129 17.1338748931885 15.7770042419434 15.6569948196411 15.497465133667 19.3360290527344 22.6062240600586 24.6747741699219 20.5332927703857 19.6754894256592
27.5004940032959 26.8793525695801 26.1190967559814 26.4933471679688 26.7253837585449 26.1529903411865 26.1252288818359 26.4365367889404 26.6698627471924 26.4808597564697 26.3764705657959 26.8567218780518 26.4069328308105 25.9211692810059 24.9814777374268 25.3454914093018 25.2961597442627 24.5079574584961 23.7849807739258 23.1989650726318 23.2889614105225 24.0013847351074 24.1497898101807 24.1085777282715 24.9422988891602 24.5702476501465 24.7378368377686 23.6987895965576 23.5506801605225 22.8436222076416 22.0625896453857 23.1377563476562 23.8502922058105 22.9802646636963 22.5516414642334 22.899040222168 18.2807712554932 17.7080535888672 17.1916236877441 16.5996360778809 15.7385339736938 18.3594627380371 23.6214752197266 22.6895904541016 20.7828350067139 17.9768104553223
26.5450458526611 27.1243953704834 26.9791698455811 27.3331203460693 26.8369312286377 26.4891471862793 25.563943862915 25.9568519592285 26.5865650177002 26.8176746368408 27.0819301605225 27.1007709503174 26.0735378265381 25.586009979248 25.5338745117188 25.5774993896484 25.0857601165771 24.3370780944824 23.865026473999 23.3387699127197 22.7302761077881 23.4566669464111 24.0021133422852 24.3227500915527 24.6971244812012 25.0794277191162 25.0151920318604 24.1308536529541 23.9162769317627 22.084436416626 21.2503871917725 20.4769954681396 21.8375663757324 22.6933479309082 22.552282333374 22.1380920410156 18.6277256011963 16.8301486968994 16.9872131347656 16.8322792053223 16.7889709472656 18.6309013366699 24.425365447998 25.5825824737549 21.0216693878174 23.7005157470703
27.182653427124 26.6560382843018 27.3924827575684 27.5555572509766 26.9567604064941 26.7054233551025 25.6712055206299 25.8026123046875 26.412670135498 26.6635303497314 26.6567287445068 26.4651260375977 25.6553764343262 26.2058582305908 26.1258602142334 24.8508167266846 24.5633029937744 23.7721729278564 24.2815895080566 23.1094627380371 22.0973033905029 22.7583274841309 23.3247833251953 24.4082698822021 24.7641754150391 25.0655193328857 24.8215045928955 23.8667869567871 23.4775676727295 22.9518356323242 20.7628593444824 20.3761196136475 21.163200378418 21.045036315918 21.656322479248 21.9038429260254 17.9216690063477 16.9791011810303 16.4994068145752 17.0068645477295 17.1981620788574 18.3988513946533 19.5479888916016 20.7556667327881 20.8751602172852 18.6240520477295
26.4115619659424 27.0738849639893 26.7218799591064 26.9046611785889 26.8337726593018 26.7969379425049 26.3812141418457 25.6241111755371 26.0518169403076 26.5548152923584 26.7447814941406 27.18332862854 27.4113006591797 26.2889270782471 25.8848247528076 24.583438873291 24.4373207092285 24.3589820861816 24.6258201599121 23.281436920166 23.3090686798096 22.9406719207764 23.3140239715576 24.2679748535156 24.8401660919189 25.1795978546143 24.1621437072754 22.5266628265381 23.0198364257812 22.8922748565674 21.8289089202881 20.8377723693848 20.5050067901611 19.9332160949707 22.638126373291 20.585636138916 21.4596118927002 21.7674579620361 16.6529922485352 16.4833583831787 16.6097297668457 16.8364372253418 17.4575366973877 19.2156085968018 19.9149608612061 18.5396995544434
25.7532768249512 26.707691192627 26.9458293914795 27.429515838623 26.7947330474854 26.891206741333 26.4446887969971 25.9450778961182 26.1301918029785 26.1743221282959 26.6608352661133 26.700855255127 25.6162357330322 25.5652904510498 25.573616027832 25.3630542755127 25.2369728088379 24.9572830200195 24.4414386749268 24.2874126434326 24.2903919219971 23.4161529541016 23.8779335021973 24.777551651001 25.570779800415 25.4858245849609 24.328441619873 23.7722187042236 23.0124034881592 21.8642444610596 20.9318161010742 20.5435333251953 20.7701053619385 21.4351139068604 21.8514404296875 20.1705417633057 17.1796092987061 20.5825729370117 17.2250823974609 16.193639755249 16.2136840820312 15.8233842849731 16.5641078948975 17.7751064300537 17.8854446411133 17.5778560638428
26.0571212768555 27.0926761627197 27.0201778411865 26.5184669494629 27.2671279907227 27.4499320983887 26.8957595825195 26.3189563751221 26.4335346221924 26.4696445465088 26.8582019805908 26.2908840179443 26.0251731872559 24.874490737915 25.0710773468018 25.1537036895752 25.1462574005127 25.3421401977539 24.914644241333 24.8884563446045 23.7610187530518 23.6953678131104 23.5672016143799 24.5275650024414 24.8944358825684 25.7470474243164 24.0764560699463 22.2041759490967 21.4044055938721 21.2453670501709 20.8354873657227 21.3087520599365 22.1393928527832 22.0739688873291 21.4643993377686 19.6870861053467 17.3519763946533 17.0252838134766 17.0099620819092 16.1796398162842 16.3137531280518 15.8505096435547 15.6993932723999 16.5725498199463 17.1301956176758 17.5186157226562
26.5324153900146 25.9625339508057 26.6628017425537 26.8267421722412 26.9157466888428 27.8641395568848 27.1789970397949 26.4410610198975 26.2905025482178 26.6225166320801 26.3508262634277 26.843225479126 26.4800453186035 25.9196929931641 25.7070388793945 25.5538215637207 25.840311050415 25.6708564758301 25.452033996582 24.7581958770752 23.9389553070068 23.5015716552734 24.0045871734619 24.0143013000488 23.9134712219238 24.5664348602295 22.976734161377 22.1788883209229 21.6037902832031 21.9181270599365 22.24169921875 22.2434272766113 22.2700386047363 21.7416133880615 21.657922744751 20.6083202362061 21.3673305511475 16.3318347930908 17.0437469482422 17.3429908752441 17.1049251556396 16.7554588317871 15.8495950698853 16.6868362426758 17.0418815612793 17.2027854919434
26.6462306976318 26.781810760498 26.8225021362305 27.5463066101074 27.4600963592529 27.5476188659668 26.901460647583 26.1821975708008 26.5585060119629 27.6030673980713 26.6166343688965 26.9912490844727 26.3232746124268 26.8510341644287 26.4053230285645 26.1290550231934 26.6572246551514 26.1542301177979 25.8917446136475 24.6004886627197 24.3943939208984 24.8498821258545 24.9688549041748 25.4684543609619 25.3426151275635 24.8024806976318 24.435022354126 23.6099281311035 22.7932739257812 22.4924488067627 23.3733291625977 23.0940341949463 22.9547710418701 22.4327220916748 21.06103515625 20.3105030059814 19.1342353820801 20.6660232543945 19.6393451690674 17.9902801513672 16.3754081726074 16.1525173187256 15.7095146179199 15.4462900161743 17.3423957824707 17.7943305969238
27.3247127532959 27.5761051177979 26.3050575256348 26.7962265014648 26.4147300720215 26.4793758392334 27.2511081695557 26.6985950469971 26.9107532501221 26.9087009429932 26.8930339813232 26.7432804107666 26.3952960968018 25.9626693725586 26.3175163269043 25.9541053771973 26.3963356018066 26.136905670166 25.9606094360352 25.326530456543 25.5523490905762 25.6476287841797 25.3994979858398 25.571756362915 24.8093090057373 23.0570545196533 22.6819553375244 22.6310386657715 21.9136505126953 22.4348258972168 23.384428024292 23.2065944671631 22.6781902313232 21.9094314575195 21.2636699676514 22.8436260223389 21.3919620513916 17.6842613220215 21.9269790649414 23.3618812561035 22.5515403747559 17.9487991333008 16.9895877838135 16.7627124786377 17.494836807251 18.425817489624
25.7997341156006 26.0304565429688 26.5885467529297 27.0070686340332 26.7713203430176 26.6422481536865 26.6806163787842 27.3862857818604 26.3182506561279 26.129186630249 26.2772808074951 26.066011428833 25.4297637939453 25.4046001434326 25.7629528045654 25.2212543487549 26.1100749969482 26.2194786071777 26.0840492248535 26.2092514038086 25.9603881835938 25.2964820861816 24.5179634094238 24.707347869873 24.6040954589844 24.4418258666992 24.1781158447266 23.6032867431641 23.0442352294922 23.7938861846924 23.1745281219482 23.5253429412842 23.3191967010498 23.4300689697266 23.0805644989014 21.5919704437256 22.3922557830811 21.8519859313965 21.7118644714355 23.3039608001709 23.0708351135254 23.1275691986084 17.9374485015869 17.0020160675049 17.5814361572266 18.7151546478271
24.3109302520752 25.7140884399414 26.7047328948975 26.4413928985596 27.1594696044922 27.1494903564453 26.9498863220215 26.5479774475098 27.1294841766357 26.6017665863037 25.1516723632812 26.010929107666 24.8238182067871 24.020435333252 25.2156639099121 25.0630683898926 24.5487518310547 25.2771282196045 26.0906276702881 25.8697967529297 25.7636260986328 25.5967655181885 25.5151271820068 25.48854637146 25.1258888244629 24.7449569702148 24.9823417663574 24.5638236999512 24.4159202575684 24.1056842803955 23.8913707733154 23.2298450469971 23.2195816040039 23.8178825378418 23.6687297821045 23.5515060424805 24.0011692047119 22.307746887207 23.6029758453369 24.2612285614014 23.6310348510742 22.0981369018555 17.0333099365234 15.9869594573975 16.70924949646 17.8643417358398
25.4483737945557 24.371223449707 25.7991561889648 26.8405456542969 25.9101314544678 25.9163265228271 27.1053104400635 26.4023151397705 26.3455295562744 26.6632614135742 25.5463314056396 25.6084728240967 24.3315048217773 23.740665435791 24.7410926818848 23.7527923583984 23.5935115814209 24.7718963623047 24.8363609313965 25.1105728149414 25.7057628631592 25.7123165130615 25.1988677978516 25.2029609680176 24.4388561248779 23.8267097473145 23.2363414764404 23.6957759857178 24.3876876831055 23.3263034820557 22.9811859130859 22.291540145874 22.7214336395264 23.6789302825928 23.9222679138184 23.6740036010742 24.2455673217773 24.240758895874 23.7324295043945 23.2826099395752 23.5717792510986 21.854736328125 20.5527515411377 17.6146335601807 17.1793327331543 18.1119785308838
25.8359279632568 25.7444458007812 25.8246688842773 27.0081443786621 26.3133106231689 26.7595767974854 27.3271389007568 27.3774242401123 27.6342620849609 27.3298816680908 26.984468460083 26.5182991027832 24.5532093048096 23.956184387207 24.433895111084 23.9142246246338 23.6477756500244 23.5118637084961 22.8240566253662 24.0886859893799 25.1256427764893 25.9863414764404 26.2682018280029 25.6813106536865 24.3067016601562 22.6741237640381 21.7922306060791 22.596212387085 23.6793842315674 23.1335411071777 22.9950084686279 23.9411697387695 23.9121074676514 23.9605979919434 24.6606941223145 23.7701950073242 23.3022174835205 23.1956653594971 23.8387622833252 23.9430599212646 24.4208393096924 24.0124340057373 22.8763790130615 22.416332244873 19.6413536071777 19.1737632751465
26.8736095428467 25.6614265441895 25.2516708374023 25.8517093658447 26.0737495422363 26.6845512390137 27.5447654724121 26.7975597381592 27.7129802703857 27.3303852081299 25.9514312744141 26.2232398986816 25.2685146331787 22.5549793243408 22.904993057251 22.192346572876 22.6327934265137 22.052396774292 23.1947402954102 24.316385269165 25.6844825744629 25.5056247711182 26.099681854248 26.0810089111328 24.6565990447998 23.2627220153809 21.7020969390869 22.2933158874512 23.9567165374756 23.1223392486572 23.5456657409668 24.3821258544922 25.3047428131104 25.3194446563721 24.4788246154785 24.1001319885254 23.5623302459717 23.6101932525635 24.4364032745361 24.4534301757812 24.5632476806641 24.4791660308838 24.1857109069824 23.9512310028076 22.1156806945801 19.0698223114014
25.764591217041 25.8134117126465 26.2091579437256 25.8875751495361 26.6512317657471 26.5669612884521 27.5164318084717 27.5262699127197 26.5178985595703 26.8646297454834 27.2071399688721 26.3524341583252 25.3586006164551 22.2041168212891 22.6927013397217 22.8090801239014 22.3879833221436 22.7269115447998 22.7564182281494 24.0539054870605 25.4253921508789 25.1117839813232 25.8281135559082 25.9078407287598 25.3991870880127 24.4159317016602 23.1443977355957 22.9075031280518 23.7235851287842 23.9957103729248 24.7871379852295 25.256404876709 25.2919521331787 25.3346881866455 25.4240341186523 24.41748046875 23.578929901123 23.5296936035156 23.6130104064941 24.1287612915039 24.9495086669922 24.546838760376 23.5982837677002 23.7287883758545 22.6705913543701 22.1077613830566
