inst/extdata/Tmax/Tmax105.asc
NCOLS 100 
NROWS 79 
XLLCORNER 148.06 
YLLCORNER -21.49 
CELLSIZE 0.01 
NODATA_value -3.4e+38 
[rows 20 to 39 of 79, columns 46 to 91 of 100]
31.9646320343018 29.9805183410645 30.2325611114502 31.8434619903564 31.5584964752197 30.9328079223633 30.6130199432373 29.2766094207764 31.3857135772705 33.0609436035156 34.256420135498 33.7436180114746 33.7137260437012 34.3958015441895 34.009952545166 33.7099952697754 34.0112991333008 34.6202583312988 34.7788925170898 34.7708778381348 34.7027130126953 34.5543098449707 34.8502426147461 34.923267364502 34.8512573242188 34.7464637756348 34.614990234375 34.6296844482422 34.5714378356934 34.2026100158691 34.2608985900879 34.5136947631836 34.3874664306641 34.0832023620605 34.0581398010254 33.9940528869629 33.8757057189941 33.8416786193848 33.8026542663574 33.7569847106934 33.6564102172852 33.4161224365234 32.7359199523926 32.5296974182129 32.7093658447266 32.6915702819824
32.2885513305664 29.9465808868408 28.6160106658936 30.5964088439941 30.4525012969971 29.8484077453613 30.8404693603516 28.6835556030273 30.1266059875488 32.5009078979492 33.9455528259277 32.4585838317871 31.7295093536377 33.7672500610352 32.4483299255371 32.0504112243652 33.0148048400879 34.4515953063965 34.4507484436035 34.8936958312988 34.9988327026367 34.9720153808594 34.7354927062988 34.3546180725098 34.3316459655762 34.3907012939453 34.5478363037109 34.4985046386719 34.3837547302246 34.2797241210938 34.5881309509277 34.61083984375 34.5325698852539 34.1259307861328 34.1850471496582 34.111629486084 33.9483642578125 33.9358291625977 33.921630859375 33.9050483703613 33.7267303466797 33.5580215454102 33.3022537231445 33.0519409179688 32.8832359313965 32.8664817810059
32.9842796325684 32.439868927002 30.2807369232178 29.5481185913086 29.0125026702881 30.3482494354248 29.6674919128418 29.9650020599365 29.2761154174805 30.3616275787354 32.9128570556641 33.3659553527832 31.6575412750244 32.1059837341309 31.7188396453857 32.3515129089355 33.5258026123047 33.9638557434082 32.4755859375 33.8710784912109 34.7474899291992 34.8019599914551 34.1298027038574 33.2215919494629 33.8596038818359 33.830696105957 34.4513206481934 34.6385231018066 34.2971878051758 34.5031433105469 34.6785469055176 34.6988296508789 34.6789512634277 34.5834884643555 34.4428825378418 34.2244606018066 34.0070495605469 33.8487243652344 33.9101791381836 33.9891319274902 33.8347282409668 33.7261543273926 33.4090995788574 33.2548408508301 33.0967445373535 33.2387733459473
32.2320938110352 32.0537872314453 31.3503875732422 30.4414215087891 28.7456169128418 29.6182899475098 30.3639450073242 30.6016387939453 30.3238506317139 29.8133659362793 31.3730278015137 31.3524150848389 32.367244720459 30.4945182800293 31.4487934112549 33.1269454956055 33.0948066711426 33.5078620910645 32.0077514648438 34.2728004455566 35.1077995300293 34.9626579284668 33.928352355957 32.4562034606934 33.7837791442871 33.9583740234375 34.0563507080078 34.5415916442871 34.7378120422363 34.787296295166 34.7986183166504 34.8009910583496 34.7540855407715 34.6347579956055 34.5026397705078 34.3130149841309 33.8427810668945 33.4571762084961 33.5903091430664 33.8540840148926 33.7978477478027 33.8289604187012 33.5319633483887 33.4856262207031 33.2076988220215 33.2355003356934
29.9647483825684 31.5161552429199 31.9387760162354 31.6690273284912 30.4907169342041 29.7811164855957 29.78489112854 29.4282627105713 30.4769973754883 29.8547821044922 29.8682537078857 29.3297901153564 31.5571632385254 32.5271186828613 31.6083316802979 32.7913780212402 33.6513175964355 34.2872924804688 33.9423904418945 35.0453948974609 35.0447731018066 34.8608703613281 34.103157043457 33.1848297119141 34.030143737793 34.3325500488281 33.9922981262207 34.0832176208496 34.1862983703613 34.7096252441406 34.5300521850586 34.8600311279297 34.7059364318848 34.6472549438477 34.5358810424805 34.1518363952637 34.0409317016602 33.4128227233887 33.0919990539551 33.5678062438965 33.6923713684082 33.7761421203613 33.5750846862793 33.6246109008789 33.6783294677734 33.5180320739746
28.2298717498779 29.414457321167 30.9918003082275 30.9094753265381 29.9290180206299 29.0689582824707 28.6119174957275 27.9455242156982 29.36985206604 30.1163902282715 29.5117702484131 29.7998542785645 31.4398899078369 33.6159858703613 33.0478019714355 33.1375045776367 33.3089599609375 34.8236274719238 34.921314239502 34.8976211547852 34.8853950500488 34.5235595703125 33.1618232727051 33.2149314880371 33.3216400146484 34.0098495483398 33.7045440673828 33.0264167785645 33.6970672607422 34.815113067627 34.7507362365723 34.8552207946777 34.796215057373 34.7501792907715 34.5891036987305 34.4102325439453 34.4161491394043 33.7585334777832 33.1902503967285 33.5239715576172 33.1740417480469 33.2982406616211 32.9866180419922 33.6640701293945 33.705753326416 33.6417083740234
28.0833015441895 27.9109077453613 28.7764701843262 29.5520801544189 30.3824710845947 27.7485103607178 27.4312801361084 28.4456329345703 29.0638084411621 29.9636974334717 30.0057907104492 30.5105895996094 32.544376373291 33.5630378723145 34.1119842529297 34.2950782775879 34.443904876709 34.9899520874023 34.5862083435059 34.3948402404785 34.4287147521973 33.927074432373 34.1230850219727 34.406909942627 34.4068870544434 33.7413558959961 33.2750625610352 34.2478904724121 34.5152969360352 34.4597663879395 33.8584976196289 34.5526084899902 34.7095718383789 34.7856864929199 34.7586669921875 34.6474647521973 34.284122467041 33.9132232666016 33.9795570373535 33.7047004699707 33.5556106567383 32.9618110656738 33.4576110839844 33.6646919250488 33.5343704223633 33.3842277526855
28.2992744445801 27.7041339874268 28.084774017334 28.3940162658691 29.0622997283936 27.0745830535889 26.7381248474121 27.255895614624 28.830249786377 29.7435264587402 29.1417560577393 29.8502330780029 30.9393634796143 32.2997970581055 33.9017639160156 33.5371170043945 34.7397689819336 35.0027542114258 34.229320526123 33.4115447998047 34.1173057556152 34.3176307678223 34.6581382751465 34.8972587585449 35.0053825378418 34.5452690124512 34.5322494506836 34.9051284790039 34.9635429382324 34.1928100585938 33.7129440307617 34.2770385742188 34.3828315734863 34.8134956359863 34.8498687744141 34.77490234375 34.5981101989746 34.3539962768555 33.912036895752 33.0798530578613 32.8206176757812 32.6759452819824 32.6999130249023 33.3689994812012 33.3803215026855 33.756175994873
29.3276920318604 28.8267688751221 29.7498512268066 29.5809020996094 29.1271686553955 27.4744968414307 28.4196491241455 28.1251888275146 28.5119457244873 29.2403259277344 28.9225788116455 29.2721004486084 29.4503154754639 32.0515213012695 33.4502258300781 32.659725189209 34.3099975585938 34.6238861083984 34.279483795166 33.0425338745117 33.3400688171387 34.5209541320801 34.9454612731934 35.0720443725586 35.0855522155762 34.9717178344727 34.9780158996582 35.0903358459473 34.6699523925781 33.897647857666 33.7488899230957 34.4416809082031 34.8776512145996 34.9050979614258 34.883674621582 34.8452262878418 34.7821006774902 34.6209373474121 34.3410339355469 33.1276321411133 32.502986907959 31.6508045196533 32.6304588317871 32.5873336791992 33.4787521362305 33.8323402404785
31.2513599395752 31.0869693756104 30.4051609039307 30.3504810333252 29.7401008605957 29.1790390014648 28.8320484161377 27.649808883667 28.4415740966797 27.8481254577637 27.2759666442871 28.8852005004883 29.3098125457764 31.5476398468018 32.6737747192383 31.8364181518555 32.6515350341797 33.5204277038574 34.1305656433105 33.9887580871582 33.496467590332 34.5412635803223 35.0406036376953 34.8190574645996 34.7822227478027 34.4375915527344 34.8729629516602 35.1245307922363 34.1257438659668 33.2034606933594 33.9070091247559 34.4972991943359 34.8603477478027 34.9341850280762 34.9352149963379 34.8639717102051 34.8268775939941 34.714282989502 34.5008163452148 34.0772247314453 33.3458061218262 32.8032569885254 32.3324966430664 32.1066665649414 32.9698066711426 33.4497032165527
29.9238262176514 29.9471797943115 30.0025405883789 29.5910358428955 29.0307388305664 29.3315105438232 28.2636280059814 27.6573333740234 27.0498657226562 27.1730098724365 26.4718704223633 27.5996265411377 27.6068363189697 30.2920589447021 31.5136013031006 30.1585578918457 30.8166084289551 32.6229782104492 34.088077545166 34.6856422424316 34.1618309020996 34.8079032897949 35.0226898193359 34.582820892334 34.5541534423828 34.6841773986816 35.1714630126953 35.1356468200684 34.5395660400391 33.815128326416 34.2087631225586 34.484733581543 34.9301834106445 34.9438400268555 34.8806190490723 34.834716796875 34.8177490234375 34.7229614257812 34.6306762695312 34.3983573913574 34.1082496643066 33.5068435668945 33.0799865722656 33.0076103210449 33.2055969238281 33.6083717346191
29.0312175750732 29.3689498901367 29.2519302368164 29.2166919708252 28.1491527557373 29.1428451538086 27.9908447265625 26.4899635314941 25.8747177124023 26.26344871521 25.9070434570312 26.7213840484619 27.6936206817627 29.955867767334 30.342830657959 29.9218235015869 32.4116477966309 33.491325378418 34.3147125244141 34.8319969177246 35.133430480957 35.1769332885742 35.107048034668 35.0019683837891 34.7567291259766 35.0672302246094 35.1944427490234 35.0613441467285 34.6426734924316 33.9390640258789 34.0299301147461 34.6339225769043 34.8515663146973 34.3417510986328 34.7242431640625 34.8328056335449 34.794792175293 34.7409477233887 34.6729507446289 34.5324172973633 34.1944694519043 33.3707962036133 33.6976318359375 33.7124214172363 33.5856437683105 33.4893608093262
28.2042694091797 28.5905342102051 28.4169425964355 28.7650985717773 28.8907012939453 28.9249420166016 28.4799766540527 27.1405639648438 27.2726097106934 27.4133358001709 26.1891403198242 25.9618682861328 27.1369819641113 29.8682918548584 30.5089359283447 31.1429138183594 31.22780418396 32.2128105163574 34.2865753173828 34.9263916015625 35.1380805969238 35.0698394775391 34.8997344970703 34.8399810791016 35.0006408691406 35.0809135437012 35.0453300476074 34.6130332946777 33.5874099731445 33.7694129943848 34.1177062988281 34.9558143615723 34.6543655395508 34.0342025756836 34.755443572998 34.6681175231934 34.6841773986816 34.722785949707 34.5981979370117 34.2732467651367 33.6281204223633 32.2752952575684 31.9865627288818 33.0532722473145 33.4035224914551 33.6938591003418
29.0200328826904 28.4513568878174 28.2739791870117 28.4958305358887 28.6811485290527 28.6038112640381 28.0583572387695 27.6126251220703 28.3371181488037 27.5089149475098 27.3588619232178 27.3615207672119 28.3430156707764 29.7419948577881 29.9489917755127 30.849817276001 32.0207214355469 33.3334426879883 34.3619422912598 34.8121871948242 35.1798133850098 35.1383590698242 34.5923004150391 34.2764472961426 34.5199546813965 34.3630256652832 34.4699401855469 34.6449012756348 34.5192794799805 34.4942779541016 34.8241081237793 35.0950355529785 34.4144630432129 34.311279296875 34.9153137207031 34.3601379394531 34.4878883361816 34.4249038696289 34.4849662780762 34.1462898254395 32.6221046447754 31.8279781341553 31.1865406036377 33.0385398864746 33.5983047485352 33.3982162475586
29.5328598022461 28.0762138366699 28.0362586975098 28.1918888092041 28.3796215057373 28.2403678894043 28.2732677459717 28.965913772583 28.5443534851074 27.6299724578857 29.0301284790039 29.6053524017334 29.8462886810303 29.1033744812012 29.1478958129883 30.4360809326172 31.9658374786377 33.5012588500977 33.6102180480957 34.5022125244141 35.0094947814941 35.0185356140137 34.495979309082 34.2299957275391 33.3589820861816 33.975227355957 34.5342025756836 34.6943283081055 34.942813873291 34.9464836120605 35.1338806152344 35.0524787902832 35.0065383911133 35.0265846252441 34.9656677246094 34.6852531433105 33.6662063598633 34.2879600524902 34.4719848632812 34.3999366760254 34.3305130004883 32.9850158691406 32.8013954162598 34.1476364135742 34.4178886413574 34.3728675842285
29.5918922424316 28.3895797729492 27.9885845184326 27.9168243408203 28.1928806304932 27.9942436218262 28.8292121887207 30.8495769500732 29.8027095794678 28.9821624755859 31.2641983032227 32.0847053527832 31.6406669616699 29.2765369415283 29.7880516052246 29.9373741149902 32.2579612731934 32.3431816101074 32.2029838562012 33.2552604675293 34.5391502380371 34.780876159668 34.4228439331055 34.4135589599609 34.2699546813965 33.8992691040039 33.9787483215332 34.135425567627 34.8794822692871 34.8356018066406 34.9219818115234 34.6983985900879 34.9075775146484 35.0566062927246 34.7311477661133 34.6911697387695 33.9598159790039 34.0797233581543 34.3529739379883 34.1626930236816 34.5820808410645 34.5656852722168 34.4421577453613 34.4677200317383 34.5652008056641 34.4160537719727
29.2358169555664 28.4503517150879 28.2094211578369 28.4504318237305 28.3873920440674 28.5319347381592 29.060905456543 31.6683616638184 31.9056739807129 30.3036079406738 32.689079284668 33.8084297180176 32.9780616760254 31.5510768890381 31.4750995635986 32.2038955688477 32.9988670349121 33.5363464355469 33.9015731811523 34.2473754882812 34.4948196411133 34.1913146972656 32.695442199707 33.0181884765625 33.6103439331055 33.1923217773438 33.4297752380371 34.3617401123047 34.7683715820312 34.9842987060547 33.8166084289551 33.7799606323242 34.6557540893555 34.9675369262695 34.4366874694824 34.4480438232422 33.5834197998047 34.1226119995117 34.323314666748 34.1525650024414 34.6253204345703 34.6983222961426 34.7065887451172 34.685375213623 34.6062698364258 34.2555160522461
29.2663822174072 28.7899150848389 28.7538089752197 28.9576244354248 29.2105865478516 29.4079399108887 30.407772064209 32.5090827941895 32.3821907043457 31.8243846893311 33.4996376037598 34.7902069091797 33.8492851257324 32.5314102172852 31.9056644439697 33.9026985168457 34.3156890869141 34.5530242919922 34.7816047668457 34.8095359802246 34.3464317321777 34.0427474975586 34.1620483398438 33.5474624633789 33.9189949035645 34.4340972900391 34.6677093505859 34.7491073608398 34.9734115600586 34.8897857666016 33.1245803833008 33.8960571289062 34.8016166687012 34.7055702209473 34.2290802001953 34.1661415100098 33.9820709228516 34.5150375366211 34.5306243896484 34.5237770080566 34.4725036621094 34.6311988830566 34.6663436889648 34.660099029541 34.562858581543 34.4993515014648
29.1896724700928 28.8450756072998 29.5312118530273 30.4775314331055 30.6315155029297 31.2289962768555 32.5434455871582 33.2836112976074 32.5807456970215 33.0453681945801 34.7088356018066 35.295768737793 34.6682434082031 33.4947776794434 32.6200714111328 33.840404510498 33.8417663574219 34.1825256347656 35.016731262207 35.2411460876465 34.9038238525391 34.5124359130859 34.8894882202148 34.6718673706055 34.5233917236328 35.0376243591309 34.919677734375 34.8241653442383 35.1030044555664 34.8472747802734 34.1642379760742 34.6623764038086 34.8439598083496 34.4999046325684 33.4761695861816 33.4166221618652 33.7559471130371 34.522762298584 34.1946640014648 34.1572456359863 34.1603660583496 34.4556007385254 34.4189300537109 34.4685211181641 34.295970916748 34.427375793457
29.2429847717285 29.4903411865234 30.9038505554199 31.8262882232666 32.6833763122559 33.8330459594727 34.5814514160156 33.774543762207 31.5210914611816 32.284984588623 34.0744934082031 35.3355369567871 34.8463287353516 34.4629211425781 33.4291839599609 34.5602874755859 34.7332191467285 34.033805847168 34.9162101745605 35.3047561645508 35.2448616027832 34.7435111999512 35.117603302002 35.2295684814453 35.0530433654785 35.1432456970215 34.9312896728516 34.085865020752 34.9693603515625 35.117317199707 35.017448425293 34.8763275146484 34.5179214477539 34.137020111084 33.2141571044922 33.2598609924316 34.0638465881348 33.981330871582 33.8145599365234 33.6015548706055 33.7384223937988 34.0480804443359 33.8262901306152 34.1916885375977 33.6889877319336 34.0873641967773
