inst/extdata/Tmax/Tmax109.asc
NCOLS 100 
NROWS 79 
XLLCORNER 148.06 
YLLCORNER -21.49 
CELLSIZE 0.01 
NODATA_value -3.4e+38 
[rows 40 to 59 of 79, columns 46 to 91 of 100]
26.8882732391357 27.7787246704102 28.1619205474854 28.9699268341064 30.4569072723389 31.3648319244385 30.9156856536865 29.1392498016357 28.788013458252 29.4030647277832 29.8718090057373 31.4943923950195 31.121732711792 31.3151836395264 30.5204124450684 31.4659175872803 31.6404857635498 31.3488082885742 31.45924949646 31.5723762512207 31.594539642334 30.6393661499023 31.0529327392578 31.3938541412354 31.4946022033691 31.5646076202393 31.4679832458496 31.0801239013672 31.2779674530029 31.4858684539795 31.4511852264404 31.2995834350586 30.9706592559814 29.6974773406982 29.9806098937988 30.6821765899658 30.5915870666504 30.4986019134521 30.74609375 30.1870555877686 29.4548606872559 29.9369354248047 30.2578620910645 30.0527992248535 30.3207092285156 30.366247177124
28.1169719696045 29.1915340423584 29.1039161682129 29.0531444549561 30.4946060180664 31.6400928497314 30.567232131958 30.1870460510254 30.7292881011963 30.7957630157471 31.1271419525146 31.7763748168945 31.6552562713623 31.6588516235352 31.5074729919434 31.7932987213135 31.8312892913818 31.7686805725098 31.7301959991455 31.7587108612061 31.746862411499 31.2191543579102 30.5147132873535 30.880931854248 30.8067646026611 31.3206920623779 31.6420364379883 31.1613750457764 31.153284072876 31.5568046569824 31.5937786102295 31.5136604309082 31.3445930480957 30.7262401580811 30.9748554229736 31.0204162597656 30.8056201934814 30.8004016876221 30.9059638977051 31.0329418182373 30.0624351501465 30.2916679382324 30.9114303588867 30.7115020751953 30.8456268310547 30.7830600738525
30.3535327911377 30.5075416564941 30.6642360687256 31.0997943878174 31.3978328704834 31.8407363891602 31.4302864074707 30.9174270629883 31.3887176513672 31.7558307647705 31.6659851074219 31.9518089294434 31.9719505310059 31.8846855163574 31.8461799621582 31.9163417816162 31.9224720001221 31.9040699005127 31.876880645752 31.8712902069092 31.7859020233154 30.8452911376953 30.6494045257568 31.1577968597412 30.6349754333496 31.1014099121094 31.5567092895508 31.4591808319092 31.403392791748 31.6636619567871 31.6874446868896 31.6828727722168 31.6424999237061 31.5259380340576 31.4243183135986 31.0914096832275 30.1666355133057 30.7684116363525 31.3098087310791 31.3016452789307 31.1693115234375 31.1068878173828 31.2234535217285 31.2547264099121 31.2911605834961 31.2314376831055
31.5178451538086 31.5239849090576 31.6342926025391 31.7583961486816 31.9675903320312 32.0287742614746 31.9372539520264 31.7045803070068 31.8541946411133 32.0474891662598 32.0364265441895 32.0709114074707 32.0379257202148 31.9900722503662 31.995719909668 31.9590492248535 31.884937286377 31.8553009033203 31.8933486938477 31.9283485412598 31.8885154724121 31.6507453918457 31.3968734741211 31.5786476135254 31.4450721740723 30.9994239807129 31.2949028015137 31.5721893310547 31.7300567626953 31.7528495788574 31.7488708496094 31.7413158416748 31.7106456756592 31.6670360565186 31.6588306427002 31.509635925293 31.0201969146729 31.3343315124512 31.5144824981689 31.4942741394043 31.4576110839844 31.4508037567139 31.4316635131836 31.4433288574219 31.4437046051025 31.4065074920654
31.353816986084 31.5948638916016 31.8295040130615 31.8240184783936 31.86350440979 31.9656887054443 32.0016708374023 32.054012298584 32.0673484802246 32.000862121582 31.7936859130859 31.8828086853027 31.7980728149414 31.5411167144775 31.6979103088379 31.8116569519043 31.6924247741699 31.7818183898926 31.8671340942383 31.9198150634766 31.9384994506836 31.8098526000977 31.492301940918 31.2328338623047 31.464973449707 31.6462326049805 31.6964569091797 31.7405815124512 31.7483139038086 31.7809524536133 31.7624225616455 31.7511692047119 31.7054882049561 31.6621608734131 31.6878471374512 31.6277294158936 31.6030387878418 31.5942935943604 31.5320377349854 31.5283069610596 31.5013027191162 31.4830589294434 31.4811134338379 31.4622688293457 31.3609466552734 31.384147644043
29.6632061004639 30.3898029327393 30.777458190918 30.9691562652588 31.305549621582 31.6075000762939 31.5429458618164 31.7187309265137 31.7034549713135 31.5369358062744 30.8059139251709 30.8071212768555 30.8673896789551 29.4707279205322 30.3444576263428 31.0494117736816 31.5470428466797 31.8432235717773 31.9154434204102 31.9416961669922 31.9525260925293 31.7750053405762 31.3312225341797 30.9576835632324 31.2362594604492 31.5108451843262 31.6444053649902 31.6311492919922 31.6972541809082 31.7690505981445 31.7699584960938 31.7655048370361 31.742488861084 31.730052947998 31.6931495666504 31.5930290222168 31.5782604217529 31.5663681030273 31.5324230194092 31.5196285247803 31.4868927001953 31.4730415344238 31.4575347900391 31.4003314971924 31.3880977630615 31.407564163208
27.4054508209229 28.5996780395508 28.5000190734863 28.4617290496826 29.6996212005615 30.1884002685547 30.2901306152344 30.5251750946045 30.9413528442383 30.346321105957 29.706844329834 29.1579303741455 29.7645130157471 29.6335926055908 30.0351009368896 31.1014556884766 31.7271423339844 31.8887710571289 31.903621673584 31.8739700317383 31.9257965087891 31.9439086914062 31.5140647888184 31.1581802368164 31.0452079772949 31.3287200927734 31.5439224243164 31.6601867675781 31.7635917663574 31.7808990478516 31.7983379364014 31.8043689727783 31.7919063568115 31.75705909729 31.6710090637207 31.6080684661865 31.5989322662354 31.5903186798096 31.5710868835449 31.5515003204346 31.5180320739746 31.5086631774902 31.5002269744873 31.4614791870117 31.448558807373 31.3320331573486
27.5252380371094 27.4523639678955 27.2603130340576 27.3270606994629 27.2633075714111 27.9950332641602 29.1700859069824 29.7784805297852 29.9374809265137 29.8072528839111 30.2948627471924 30.1251850128174 29.9629764556885 30.4923877716064 30.7532577514648 31.5575218200684 31.7809829711914 31.7906303405762 31.7157783508301 31.8123359680176 31.9241180419922 31.9791374206543 31.8330993652344 31.5171737670898 31.0915641784668 31.3713607788086 31.5706558227539 31.7370185852051 31.8078918457031 31.8436431884766 31.8514652252197 31.8312435150146 31.7615604400635 31.6819744110107 31.615701675415 31.5884571075439 31.5975513458252 31.6093082427979 31.5955448150635 31.5769710540771 31.5579586029053 31.5555591583252 31.5437126159668 31.5166931152344 31.3090152740479 31.0870056152344
27.1575393676758 27.2498111724854 27.4615993499756 27.1812953948975 27.0854511260986 27.177490234375 28.0006160736084 29.5436134338379 30.0376815795898 30.1921501159668 30.0258255004883 30.1881484985352 30.4487438201904 30.7071723937988 30.7479209899902 31.2318630218506 31.5705127716064 31.5542411804199 31.5317707061768 31.795581817627 31.8790912628174 31.8986301422119 31.9864368438721 31.9017505645752 31.7839813232422 31.752420425415 31.8413829803467 31.9093246459961 31.9148502349854 31.9152698516846 31.8841896057129 31.814474105835 31.7260589599609 31.5903873443604 31.5460605621338 31.6033744812012 31.6106338500977 31.6264190673828 31.6404094696045 31.6224060058594 31.6196136474609 31.6145095825195 31.5948638916016 31.5764617919922 31.4145603179932 31.2735996246338
27.233715057373 27.3981132507324 27.4174518585205 27.0938243865967 27.5658664703369 28.3652725219727 28.4618511199951 29.6358299255371 30.0742130279541 30.2546501159668 30.066764831543 30.5004768371582 30.748254776001 30.7389240264893 30.8100337982178 30.7026462554932 30.7796154022217 30.9817523956299 31.3123321533203 31.6255855560303 31.7006912231445 31.7004680633545 31.9365978240967 31.9866924285889 32.0042266845703 31.9839878082275 31.9569683074951 31.7823810577393 31.8451194763184 31.9132766723633 31.8711814880371 31.754035949707 31.7078456878662 31.5074710845947 31.4389171600342 31.6224842071533 31.6219673156738 31.6028785705566 31.6618614196777 31.6668071746826 31.6461219787598 31.6490249633789 31.6313819885254 31.5998344421387 31.5227527618408 31.4464530944824
27.2721118927002 27.1510219573975 27.3600807189941 27.0744857788086 27.702465057373 28.7549819946289 29.0826072692871 29.6271648406982 30.2829036712646 30.6932601928711 30.6987895965576 30.8000831604004 30.8556594848633 30.8711318969727 30.8473625183105 30.7851905822754 30.8340110778809 30.5703125 30.2327060699463 31.2774620056152 31.1563663482666 31.5496501922607 31.850866317749 31.9147281646729 31.9680805206299 31.9539222717285 31.8793964385986 31.6540069580078 31.8058052062988 31.9105224609375 31.7396831512451 31.5692920684814 31.5844745635986 31.5630359649658 31.5949878692627 31.6785144805908 31.6849002838135 31.6689682006836 31.6660594940186 31.7000389099121 31.6967506408691 31.6774406433105 31.650785446167 31.6148109436035 31.5710144042969 31.4756813049316
26.8488712310791 26.8180522918701 27.1892414093018 26.5660285949707 26.7096652984619 28.65065574646 29.377872467041 29.9689025878906 30.2791118621826 30.5349254608154 30.5821380615234 30.575740814209 30.3782520294189 30.3675632476807 30.6065673828125 30.7179336547852 31.0190105438232 30.9373645782471 30.7509689331055 30.7764110565186 30.6137008666992 31.3365173339844 31.7014636993408 31.8643741607666 31.8745346069336 31.8927574157715 31.533031463623 31.1551189422607 31.7764415740967 31.9128112792969 31.6261959075928 31.3187923431396 31.5768375396729 31.6270694732666 31.6574306488037 31.6260643005371 31.6224727630615 31.6255970001221 31.6473026275635 31.6354141235352 31.6461601257324 31.6786956787109 31.6642017364502 31.6313953399658 31.5916996002197 31.5172576904297
26.4896564483643 26.3415584564209 26.8005218505859 26.675199508667 26.7569446563721 27.7360801696777 28.7258548736572 29.3482322692871 29.7985343933105 30.1326122283936 30.0734252929688 29.9960765838623 30.0464096069336 30.303243637085 30.9862213134766 31.0729560852051 31.2332649230957 31.1290283203125 31.0386390686035 30.8674583435059 30.6251049041748 31.2336864471436 31.6371841430664 31.8020668029785 31.738245010376 31.8366870880127 31.4409198760986 30.546558380127 31.5175743103027 31.8896141052246 31.6084251403809 31.3668212890625 31.573881149292 31.5132522583008 31.4431591033936 31.4734497070312 31.5246181488037 31.4592723846436 31.3781681060791 31.3612899780273 31.4779376983643 31.5708789825439 31.6596908569336 31.6398277282715 31.6040000915527 31.5534744262695
27.6003532409668 26.5741882324219 26.6774845123291 27.0694141387939 27.4381942749023 28.4811229705811 28.5444316864014 29.2935066223145 30.0460376739502 30.352991104126 30.6760578155518 30.7650394439697 30.8797206878662 31.0806121826172 31.2460117340088 31.2758750915527 31.2165355682373 31.2735385894775 31.2280979156494 30.9951229095459 30.7910938262939 30.8065204620361 31.287971496582 31.4881229400635 31.4034729003906 31.8082427978516 31.7017097473145 31.0575942993164 31.6014595031738 31.8792495727539 31.6443405151367 31.4582920074463 31.3720569610596 31.0285091400146 31.225170135498 31.1638011932373 31.1735649108887 30.7437725067139 30.8490619659424 29.8262691497803 31.198299407959 31.4619979858398 31.6465129852295 31.6537742614746 31.62424659729 31.5749168395996
28.2987289428711 27.2996368408203 26.7696743011475 27.5623626708984 28.2000885009766 28.9094676971436 28.9786167144775 29.4289474487305 30.148624420166 30.5392417907715 30.5752410888672 30.5808124542236 30.9607810974121 31.1119785308838 31.2042636871338 31.1780834197998 31.3616371154785 31.4740467071533 31.4323291778564 31.1837711334229 31.007942199707 30.9220886230469 31.0329627990723 31.0304470062256 30.9921836853027 31.6185302734375 31.797004699707 31.4945373535156 31.1883163452148 31.7467765808105 31.2689723968506 30.4624423980713 31.0815887451172 31.2514572143555 31.5546073913574 31.5610046386719 31.518627166748 31.4840641021729 31.2522277832031 30.2334384918213 31.0727500915527 31.4123134613037 31.5916271209717 31.6390857696533 31.6320610046387 31.5869197845459
28.3470230102539 27.4776191711426 26.907693862915 28.1915092468262 29.1501235961914 29.5636329650879 30.2721576690674 30.4875717163086 30.6796016693115 30.776876449585 30.587869644165 30.5383377075195 31.0595722198486 31.1343727111816 31.1332702636719 31.1913166046143 31.2878608703613 31.2652339935303 31.7495822906494 31.5057563781738 31.2238311767578 31.0733680725098 31.0383586883545 30.8754940032959 30.8724784851074 31.4469413757324 31.7711029052734 31.6755828857422 31.523983001709 31.8493385314941 31.1240711212158 30.0791664123535 30.5265827178955 31.2280101776123 31.2662334442139 30.8638877868652 30.9257831573486 31.4816398620605 31.6052417755127 31.5632743835449 31.5999526977539 31.5894947052002 31.6023406982422 31.5997924804688 31.6239395141602 31.6021270751953
28.2221355438232 27.2437171936035 26.7644557952881 27.977201461792 29.2410526275635 29.5800590515137 29.0148162841797 30.3030223846436 30.2438507080078 29.7052440643311 30.6121616363525 30.8049983978271 30.8167247772217 30.8641357421875 30.8707103729248 31.0632209777832 31.1763572692871 31.2732677459717 31.7263641357422 31.8266372680664 31.6183795928955 31.3135242462158 31.1402740478516 31.0538215637207 30.8170547485352 31.2442588806152 31.6633605957031 31.6665344238281 31.8658676147461 31.932788848877 31.3835220336914 29.7087116241455 30.2972621917725 29.8263683319092 30.1313457489014 29.4674091339111 30.3571815490723 31.4459972381592 31.5672149658203 31.6316223144531 31.6452121734619 31.5546016693115 31.4391498565674 31.5508575439453 31.5763149261475 31.5731735229492
28.2021007537842 27.4434471130371 27.4980983734131 28.0039958953857 28.9118366241455 29.3175220489502 29.7254886627197 29.943920135498 28.6871452331543 28.5928344726562 30.0676155090332 29.1107482910156 29.454719543457 29.8705635070801 30.5492248535156 30.9838752746582 31.1192874908447 31.3152599334717 31.6311988830566 31.7409019470215 31.7739162445068 31.5305976867676 31.2085971832275 31.2606525421143 31.1294078826904 31.3359298706055 31.3185348510742 31.1457633972168 31.6543846130371 31.8505783081055 31.5991153717041 30.8726043701172 29.5163040161133 27.6671905517578 27.8234233856201 29.3736782073975 30.7610244750977 31.4037837982178 31.5199661254883 31.4578990936279 31.455997467041 31.2146129608154 31.0843830108643 31.4716873168945 31.1982097625732 31.2551746368408
28.1834449768066 27.8141403198242 27.6025924682617 27.9040069580078 28.5028343200684 29.2813587188721 29.4331798553467 29.0190849304199 28.55002784729 29.3639659881592 29.8241157531738 28.8581199645996 29.1623115539551 29.5633907318115 30.4628620147705 30.8392791748047 31.1123199462891 31.518440246582 31.8981990814209 31.718469619751 31.5741329193115 31.8413410186768 31.5831241607666 31.3925704956055 31.2262477874756 31.2075824737549 31.2691707611084 31.1603126525879 31.4539031982422 31.7821769714355 31.8140201568604 31.2661247253418 30.5592479705811 29.0111179351807 28.4327831268311 29.4396953582764 30.7562808990479 31.3417015075684 31.4035148620605 30.913631439209 31.1832618713379 31.3693141937256 31.1482982635498 31.2118854522705 30.8694248199463 31.1296215057373
27.8445243835449 27.6241340637207 27.1413688659668 27.4715843200684 28.2285537719727 28.3821887969971 28.7905521392822 29.1017589569092 29.3731727600098 29.4636917114258 29.785005569458 29.9801940917969 30.6003952026367 30.6741542816162 30.8017864227295 30.3560466766357 31.2514324188232 31.5938358306885 31.7789764404297 31.4966812133789 31.588005065918 31.7595844268799 31.8392391204834 31.7668209075928 31.4778499603271 31.3963985443115 31.0426445007324 31.178071975708 31.5363235473633 31.5987815856934 31.745922088623 31.7783012390137 31.1906681060791 30.5307846069336 29.6723976135254 29.387903213501 30.4655952453613 31.2476005554199 30.7294998168945 30.23193359375 31.1242179870605 31.386022567749 31.0895614624023 30.3343372344971 30.6639347076416 31.1766567230225
