inst/extdata/Tmax/Tmax49.asc
NCOLS 100 
NROWS 79 
XLLCORNER 148.06 
YLLCORNER -21.49 
CELLSIZE 0.01 
NODATA_value -3.4e+38 
[rows 40 to 59 of 79, columns 46 to 91 of 100]
21.6236572265625 22.9986934661865 22.6356658935547 23.4101066589355 25.5054244995117 25.3693389892578 25.2460155487061 23.2674388885498 23.0055541992188 23.5535564422607 25.0861015319824 27.0055847167969 27.5237464904785 27.042631149292 26.2940292358398 28.0833301544189 29.0314388275146 28.5165481567383 29.5894222259521 29.5769863128662 28.9475574493408 29.608549118042 27.4686279296875 26.3156814575195 27.7774448394775 28.7256164550781 29.2824306488037 28.4986534118652 28.3265438079834 28.498722076416 28.140811920166 29.267183303833 28.0516262054443 25.1682147979736 26.8393840789795 31.2275199890137 29.5938587188721 28.0505619049072 25.9024047851562 25.2568492889404 24.7376022338867 27.6058292388916 28.0005035400391 27.4030914306641 28.7600936889648 26.0060749053955
22.8578643798828 22.9220352172852 24.3286991119385 25.6849117279053 26.1995391845703 25.5814666748047 25.0788154602051 24.9137382507324 26.2287750244141 26.4847793579102 29.1345500946045 27.9746112823486 27.78151512146 27.4984817504883 26.947473526001 28.9384899139404 29.0841751098633 28.9251365661621 29.9997253417969 30.2992134094238 28.2187614440918 28.6156044006348 24.8747959136963 30.6934585571289 31.8934555053711 27.4814262390137 29.4518527984619 28.4848690032959 28.7017822265625 27.8831634521484 28.498067855835 29.0647602081299 28.9295711517334 28.0286808013916 28.4679622650146 30.4998626708984 28.7873401641846 28.2369041442871 27.9708671569824 27.6807899475098 27.2629241943359 26.8078460693359 28.2024841308594 27.8714084625244 27.8643207550049 27.3425922393799
24.0912628173828 25.0917510986328 24.9938087463379 26.9307975769043 31.9747714996338 29.406530380249 26.971378326416 26.293966293335 27.3715934753418 29.0347881317139 29.1909465789795 28.7935466766357 29.104097366333 28.684419631958 30.4463481903076 29.0134162902832 28.8873863220215 28.5714492797852 29.0177688598633 29.7615394592285 28.8455600738525 28.3533153533936 28.0532302856445 32.1706428527832 25.5597438812256 32.2766876220703 31.5382080078125 27.396635055542 26.7692699432373 29.3727531433105 29.0780353546143 29.4210338592529 28.715482711792 28.0889358520508 28.4923477172852 27.3151092529297 27.4836902618408 26.9437026977539 27.0042190551758 27.4706249237061 28.6488838195801 28.7644348144531 29.1331691741943 27.8240184783936 29.8556995391846 29.8154544830322
27.4759273529053 28.2447814941406 28.3860092163086 28.5142822265625 29.2256183624268 28.7198524475098 28.3869857788086 28.015697479248 28.3304882049561 28.7302513122559 29.4373264312744 29.4790477752686 29.7031421661377 29.629940032959 29.1362342834473 28.7125759124756 28.3906993865967 28.6151733398438 29.3484477996826 26.9689483642578 29.2429256439209 29.289379119873 29.1134815216064 28.4765605926514 27.9366188049316 29.7141819000244 28.9607086181641 28.4931907653809 29.13498878479 30.87229347229 30.2620601654053 30.72487449646 28.5334396362305 27.9478416442871 27.8039932250977 30.3489780426025 29.8290843963623 27.9048309326172 28.8696784973145 29.9525909423828 30.5773983001709 29.7443103790283 28.1960163116455 32.4492149353027 30.0217628479004 28.0185108184814
27.3277454376221 27.4980697631836 27.4669818878174 27.8270320892334 29.3935966491699 30.0408668518066 29.4331035614014 28.6003379821777 28.9750728607178 28.6664657592773 28.3961009979248 28.3920459747314 28.0090160369873 27.8942031860352 27.7554321289062 28.3628368377686 26.7590999603271 27.6339931488037 28.6907329559326 29.0745964050293 30.0486450195312 30.7011795043945 30.4572982788086 29.526948928833 27.4117107391357 27.8845958709717 28.3029079437256 28.8058414459229 31.045072555542 31.3983821868896 30.0594120025635 28.8236618041992 27.7748012542725 28.4880104064941 28.159574508667 30.2054786682129 28.9130325317383 27.7618942260742 29.0415782928467 27.5530319213867 28.1975173950195 29.7810153961182 30.2159175872803 30.1897602081299 33.088451385498 29.9954662322998
23.5224723815918 24.9844226837158 26.5354957580566 24.8544082641602 26.5123500823975 27.1771373748779 27.0161380767822 27.3079147338867 27.6107234954834 27.7391185760498 24.7609043121338 24.9441967010498 25.1170768737793 23.3722705841064 24.3157825469971 25.3173561096191 27.7081642150879 27.9321060180664 27.8947372436523 28.0323257446289 29.8388156890869 29.6504497528076 29.0154323577881 29.0009365081787 29.1206569671631 29.6209869384766 29.6177673339844 29.600866317749 29.2456531524658 29.4548072814941 29.1196994781494 30.2814769744873 31.1550617218018 31.6424045562744 29.6347064971924 29.3872718811035 28.8913269042969 28.7454814910889 28.7312545776367 28.4628810882568 28.3204250335693 29.4003772735596 29.5835762023926 28.2917289733887 30.6171073913574 32.9825477600098
21.7793273925781 23.1801700592041 22.7825832366943 22.5562515258789 23.6028499603271 23.9906558990479 24.1528015136719 24.7318439483643 25.2807884216309 24.546760559082 24.2087783813477 23.6041851043701 23.914737701416 23.7933979034424 24.1027755737305 25.3247413635254 28.0605773925781 27.8499450683594 27.2179889678955 29.1329212188721 29.6031093597412 30.0336799621582 29.1355838775635 28.4527187347412 31.09987449646 31.2888927459717 30.350061416626 29.6390705108643 28.7185535430908 28.643871307373 29.864538192749 29.7000045776367 29.1536655426025 29.4899864196777 29.783899307251 32.4133071899414 29.2259902954102 29.4245777130127 28.3508834838867 28.2312145233154 28.2208461761475 30.8764457702637 28.9137897491455 31.7929515838623 30.4140033721924 29.8811855316162
22.1423587799072 22.0800609588623 21.9741592407227 22.0707778930664 21.940034866333 22.3185214996338 23.3418960571289 24.3417549133301 24.6089191436768 24.4150257110596 25.0066509246826 24.4069023132324 24.4433441162109 25.8890743255615 26.6230888366699 28.10133934021 28.7693996429443 28.7012233734131 28.8511486053467 30.2493343353271 32.9754028320312 30.7093753814697 28.6432647705078 29.6948375701904 30.940637588501 30.5614242553711 29.920482635498 32.853157043457 30.0110912322998 30.2789669036865 30.3166160583496 27.7800140380859 27.6493186950684 27.9954929351807 27.7887058258057 27.8033332824707 29.225435256958 28.2436199188232 27.3563671112061 31.1238708496094 30.8860874176025 32.8625984191895 29.4529075622559 31.5760612487793 31.3291206359863 31.2767391204834
21.9400310516357 23.9330463409424 22.2620887756348 21.9035663604736 21.8171005249023 21.7763328552246 21.9140796661377 23.9647350311279 24.6820011138916 24.8315315246582 24.7431640625 24.7967510223389 30.0831050872803 31.1703472137451 31.6584396362305 27.9581985473633 29.8417205810547 26.2127437591553 31.8650608062744 31.780309677124 31.4975147247314 31.7749938964844 31.1687889099121 30.7467842102051 30.4596614837646 28.567455291748 29.7692184448242 30.9234828948975 33.0836219787598 32.3700141906738 32.122989654541 32.8863906860352 31.9965114593506 28.043285369873 29.0229759216309 33.4320526123047 32.6151847839355 29.6151123046875 29.438159942627 29.2657413482666 27.3586921691895 27.9021759033203 28.5401210784912 29.4639549255371 28.6162357330322 29.262378692627
23.8406505584717 24.5146045684814 25.7068157196045 22.7871284484863 22.283805847168 23.0896606445312 22.9030570983887 23.8809471130371 24.2024116516113 24.7776508331299 29.1016960144043 30.6570358276367 31.8173828125 31.8511352539062 32.3252220153809 25.4767227172852 28.6406078338623 25.6932640075684 26.0045948028564 28.5465679168701 28.5526428222656 32.7948951721191 29.2298316955566 30.1195774078369 29.8606395721436 28.9946784973145 30.9635848999023 31.0634021759033 31.5629253387451 31.634464263916 31.4167728424072 29.7999076843262 28.1509761810303 28.6744651794434 29.3470783233643 33.5789909362793 33.5575675964355 30.3890361785889 29.2569541931152 29.117317199707 29.1130619049072 28.1067714691162 29.3054256439209 27.9187622070312 28.9220790863037 29.5860576629639
27.230899810791 24.0176677703857 26.9884414672852 21.9496059417725 22.0328140258789 23.2878875732422 23.4907169342041 24.2100124359131 24.8648300170898 25.3482856750488 25.3529148101807 25.5603580474854 30.1987285614014 30.8752975463867 31.4906806945801 25.4143524169922 27.8745384216309 27.794548034668 24.6619243621826 28.3621788024902 25.9214763641357 31.6712989807129 29.3037776947021 30.8514728546143 29.2814445495605 30.2873592376709 29.3031826019287 28.9324111938477 31.9714317321777 31.6803970336914 31.0850028991699 30.5780963897705 30.2698917388916 28.5044460296631 29.3603763580322 31.8060035705566 33.1714477539062 31.3105888366699 30.2217807769775 30.7535667419434 29.3295783996582 28.2297210693359 28.3212738037109 27.4674606323242 28.9454555511475 29.7636260986328
22.709342956543 21.3162288665771 21.8085021972656 20.9377422332764 20.9182891845703 22.4589996337891 23.3055305480957 24.4332599639893 24.7952899932861 25.0492534637451 25.2570915222168 24.9106674194336 24.8458557128906 24.4071426391602 24.8757915496826 28.0222911834717 25.7438907623291 28.5343723297119 25.4018249511719 27.7833690643311 27.6106033325195 28.5033473968506 31.6024837493896 32.3673820495605 29.5633010864258 29.7559375762939 30.4675064086914 28.6646633148193 29.0685329437256 32.514232635498 30.9710521697998 30.3019886016846 29.7313213348389 28.1006183624268 28.0077114105225 29.6836204528809 30.0849990844727 29.9441184997559 29.377571105957 27.7178802490234 31.3645935058594 27.6976337432861 27.4404487609863 27.1259574890137 27.1698780059814 28.4851551055908
21.0754261016846 26.7639904022217 27.5255546569824 21.1459846496582 21.0964813232422 21.9306755065918 22.6642723083496 23.5244426727295 24.0224876403809 24.3419857025146 24.697093963623 24.5221424102783 24.5474529266357 24.9672737121582 25.2883625030518 25.6780471801758 28.3356914520264 28.7509899139404 28.648365020752 29.1427898406982 27.6405391693115 28.778205871582 30.3584213256836 32.4596366882324 30.3166904449463 31.1307277679443 31.1080913543701 31.0359439849854 30.8692245483398 32.9008560180664 31.8157806396484 31.2690753936768 31.3694324493408 31.6973762512207 28.8102779388428 27.8963756561279 29.1044445037842 26.5710258483887 28.1125526428223 28.4372444152832 28.5515670776367 27.5561466217041 32.0653533935547 28.5668144226074 27.1795711517334 26.9728965759277
21.8440036773682 21.0897159576416 26.9556617736816 21.72829246521 21.8422622680664 22.7298202514648 22.6153469085693 23.3475074768066 24.421199798584 24.9181594848633 25.2089767456055 25.3143558502197 25.3515319824219 29.0263404846191 29.032377243042 26.0048332214355 25.7747402191162 25.9083805084229 25.931266784668 28.7486610412598 28.2751712799072 28.4641361236572 25.9870491027832 27.175895690918 28.0295295715332 29.8411026000977 29.2280254364014 30.3276519775391 32.3786506652832 29.9335250854492 29.8318195343018 28.9211673736572 29.2987461090088 30.1788635253906 28.5943698883057 28.2283954620361 26.2401390075684 25.4777507781982 25.7135791778564 24.6045780181885 30.4614448547363 29.0464820861816 30.2360305786133 29.8769359588623 31.8821125030518 27.6685771942139
22.8494091033936 21.9165229797363 21.4838237762451 21.971851348877 22.4981079101562 23.3828430175781 23.4404373168945 23.7355060577393 23.9513130187988 24.5757141113281 24.6190414428711 27.3635768890381 28.2857799530029 25.4625911712646 29.7727165222168 29.1526622772217 29.6096248626709 26.2015266418457 28.9878883361816 28.7976245880127 28.8406753540039 27.9005451202393 26.8535118103027 28.9101715087891 30.7661323547363 31.0049800872803 29.1236763000488 29.6468849182129 28.8207855224609 30.737585067749 30.9918994903564 29.6035137176514 30.9367065429688 28.8208332061768 31.3682479858398 28.4083824157715 32.0393562316895 28.3796405792236 28.7404880523682 27.1794986724854 28.3801326751709 28.932710647583 28.2601699829102 28.5694923400879 29.4491786956787 30.463062286377
22.4335842132568 21.9660167694092 21.6310234069824 22.832706451416 23.4159908294678 23.9379596710205 24.5673980712891 24.8979473114014 24.857328414917 25.2006607055664 25.0963726043701 27.2668514251709 27.9288959503174 29.4713287353516 29.6559371948242 29.1471691131592 29.5362911224365 29.9301128387451 29.3278923034668 26.1955623626709 28.7718296051025 27.9013938903809 28.664571762085 28.731315612793 30.017541885376 30.8126525878906 31.104606628418 31.6874561309814 29.0237312316895 29.5423812866211 26.7713947296143 29.0653858184814 30.4571170806885 32.3557510375977 31.3663787841797 25.4786338806152 28.0806007385254 28.9770832061768 27.493350982666 28.5002040863037 30.4750747680664 29.6994972229004 29.0861206054688 29.4990692138672 29.0719242095947 28.9429035186768
22.4322376251221 21.7119007110596 21.0830039978027 22.4009342193604 23.6006412506104 24.0572757720947 23.4406604766846 24.7280654907227 24.3785076141357 23.7867012023926 24.9771137237549 24.6420383453369 24.9744300842285 27.8374137878418 25.4923648834229 28.8194541931152 28.9360694885254 28.9266815185547 29.4632186889648 27.4745292663574 28.3694343566895 28.8614292144775 28.4319114685059 26.110071182251 28.6171493530273 30.8132266998291 29.8725872039795 29.0776615142822 29.3176612854004 29.5138034820557 26.6193447113037 24.6448745727539 25.594181060791 28.6281356811523 24.78857421875 24.5584545135498 28.9643688201904 28.3934440612793 29.220890045166 27.9776859283447 30.2490406036377 31.4785137176514 27.862512588501 28.1698932647705 29.0964870452881 29.7306213378906
22.843318939209 21.8303108215332 21.9116706848145 22.4546585083008 23.2834377288818 23.7150535583496 24.1969871520996 24.2246875762939 23.0520725250244 22.6221561431885 24.4014225006104 23.0976371765137 23.5799674987793 23.8371086120605 27.5232944488525 28.3602771759033 25.6911678314209 28.9364986419678 26.2962093353271 29.7478103637695 29.322057723999 29.6371574401855 29.1370792388916 28.8119239807129 28.0026817321777 29.241771697998 30.0922966003418 29.0989570617676 28.505838394165 30.1613445281982 28.3459014892578 25.8395671844482 28.9545631408691 28.0583515167236 22.4727993011475 27.039587020874 28.2119846343994 28.7148761749268 29.0737457275391 30.789026260376 28.7302379608154 31.1290168762207 28.8787631988525 29.1211700439453 28.6137294769287 28.5048294067383
22.8514213562012 22.548454284668 22.2743186950684 22.4137420654297 23.0715579986572 23.7317409515381 23.6697769165039 23.4732131958008 22.8537864685059 23.82470703125 23.9953956604004 22.8278923034668 23.1133117675781 23.2936229705811 24.5520343780518 24.9025173187256 28.6257171630859 25.7618160247803 29.0606269836426 29.3440246582031 29.1575927734375 29.4728336334229 27.7137260437012 29.2232055664062 28.4958171844482 28.5942707061768 28.3579273223877 29.5091609954834 27.7806358337402 27.7471694946289 29.4627590179443 29.1922969818115 25.7206649780273 27.6258602142334 28.3498001098633 29.2320175170898 26.2376003265381 28.7516345977783 31.1470108032227 28.5010242462158 29.5223579406738 28.6606311798096 29.1341876983643 30.981143951416 30.4818096160889 28.1935977935791
22.2607765197754 22.1895999908447 21.7538585662842 22.1502952575684 22.6691589355469 22.5127029418945 23.1843757629395 23.6053199768066 23.9783611297607 24.0259113311768 23.9999446868896 24.2365665435791 27.4754028320312 28.2147998809814 28.0616836547852 24.8406085968018 25.4984664916992 29.2816257476807 26.6211585998535 28.781530380249 29.0978584289551 29.673490524292 29.7510032653809 29.0740261077881 29.2812767028809 28.2297172546387 28.6758594512939 28.5880279541016 27.7909908294678 29.7516632080078 30.1268711090088 30.9801063537598 27.3826656341553 28.2790699005127 28.1757411956787 23.9956588745117 27.0110454559326 29.8048706054688 31.7334575653076 26.4582977294922 28.9134330749512 29.1341075897217 28.4648723602295 27.2500820159912 28.8013858795166 29.5668163299561
