inst/extdata/Tmax/Tmax84.asc
NCOLS 100 
NROWS 79 
XLLCORNER 148.06 
YLLCORNER -21.49 
CELLSIZE 0.01 
NODATA_value -3.4e+38 
[rows 20 to 39 of 79, columns 0 to 45 of 100]
39.883113861083999 39.921257019043 39.9132461547852 39.8834381103516 39.9008102416992 40.0057678222656 39.9297981262207 39.8657989501953 39.8069305419922 39.7223930358887 39.5580749511719 39.1803512573242 38.7528190612793 38.1263771057129 36.8168449401855 36.3874626159668 36.3186988830566 37.2940788269043 38.3206062316895 38.7330169677734 38.7451400756836 38.751091003418 39.0634498596191 39.0829162597656 38.9358978271484 38.6627006530762 38.0818328857422 37.1758117675781 37.6947822570801 37.7530174255371 38.3264541625977 38.329761505127 38.4559593200684 38.4159698486328 38.3697052001953 38.1311836242676 37.7470893859863 37.7414245605469 37.2833061218262 37.5199127197266 37.3012580871582 36.5945281982422 36.8022384643555 36.8432960510254 36.9514350891113 36.9712944030762
39.9514083862305 40.0112342834473 40.0140953063965 39.9830513000488 39.9887390136719 39.9884757995605 39.8631477355957 39.7942543029785 39.7739410400391 39.7160263061523 39.6031227111816 39.4387283325195 39.2237777709961 38.3228645324707 36.8358039855957 36.5131378173828 36.7563133239746 37.5689964294434 38.0632476806641 38.4238548278809 38.541374206543 38.4516258239746 38.950325012207 39.0733833312988 38.887523651123 38.896068572998 38.863094329834 38.1296310424805 37.9739151000977 38.4640159606934 38.5688171386719 38.4567947387695 38.1369285583496 37.5508766174316 37.5612983703613 37.531307220459 37.9529609680176 37.2704086303711 36.8762474060059 37.170539855957 36.7867050170898 36.8620643615723 36.579532623291 35.6813087463379 35.9906425476074 36.6435508728027
40.0071334838867 40.0541877746582 40.0540428161621 40.0420341491699 40.0276336669922 39.9972190856934 39.8345565795898 39.723560333252 39.6758232116699 39.6478157043457 39.5428352355957 39.4744682312012 39.3130149841309 38.7337608337402 37.6416664123535 36.8072547912598 36.1613273620605 36.6539115905762 37.2243309020996 38.0200309753418 38.1265144348145 38.2384071350098 38.850887298584 38.6434898376465 38.2429046630859 38.5878028869629 38.6512718200684 38.7151069641113 38.4410438537598 38.4708213806152 38.2115364074707 38.0214691162109 37.4664077758789 37.1363525390625 36.9026870727539 37.106258392334 37.0285377502441 36.4734992980957 36.4371337890625 36.3492965698242 36.0377006530762 35.2895355224609 36.0499305725098 35.7566604614258 34.7772026062012 36.1677093505859
39.9982872009277 40.0304832458496 40.0392036437988 40.032958984375 39.998046875 39.9902114868164 39.9195137023926 39.6536026000977 39.5570983886719 39.5764312744141 39.4111366271973 39.2329444885254 39.3283653259277 38.9722518920898 38.2116470336914 37.4354248046875 36.609260559082 36.3059577941895 36.9110679626465 37.2218704223633 37.7562255859375 38.7178344726562 38.4754447937012 37.8817977905273 38.0210380554199 38.1574287414551 37.854907989502 38.7501335144043 38.7655296325684 38.627254486084 38.4040641784668 37.3439483642578 37.0152626037598 37.2053489685059 37.5232696533203 37.0694770812988 36.1596565246582 35.6163444519043 36.323055267334 35.8144454956055 35.0913009643555 33.6761741638184 34.4874801635742 35.652099609375 33.861457824707 35.1676483154297
39.9532737731934 40.010139465332 40.030387878418 40.0022468566895 39.9681358337402 39.9698829650879 39.9659538269043 39.8075828552246 39.6476173400879 39.4911766052246 39.3958358764648 39.355281829834 39.1931381225586 38.8713111877441 38.1356010437012 37.4504280090332 36.7065582275391 36.3293800354004 36.5309104919434 36.5286064147949 37.7221832275391 38.523796081543 37.4486694335938 36.9110145568848 37.7100639343262 37.6833572387695 37.8587646484375 38.5569686889648 38.7776908874512 38.4114646911621 38.3507041931152 38.1179237365723 38.0829048156738 38.1291313171387 37.8097038269043 37.5066452026367 37.1045951843262 36.0078544616699 35.7801055908203 35.5178756713867 33.8065528869629 33.2277374267578 33.6582908630371 35.4707832336426 33.5151863098145 33.8718185424805
39.9160423278809 39.9384613037109 39.9409446716309 39.9188423156738 39.9288024902344 39.9362297058105 39.9551239013672 39.9150314331055 39.7784576416016 39.5570793151855 39.3787498474121 39.2473373413086 39.1070137023926 38.674259185791 38.2398223876953 37.6935539245605 37.0831642150879 36.736255645752 37.1846618652344 37.8735084533691 37.8566741943359 37.7559814453125 37.2748374938965 36.0052833557129 36.5140495300293 37.2767295837402 37.4208641052246 38.5943832397461 38.7602577209473 38.4133071899414 37.5680770874023 38.1429443359375 38.007438659668 37.8785667419434 37.6101341247559 37.2953453063965 37.1657943725586 35.7133026123047 34.4385414123535 34.8357887268066 33.4016952514648 34.2275886535645 34.5678253173828 35.4694557189941 34.4583854675293 33.3846321105957
39.8189392089844 39.847785949707 39.8469200134277 39.8572120666504 39.8533744812012 39.8544692993164 39.9307289123535 39.9323539733887 39.809398651123 39.4274673461914 39.3286933898926 39.075439453125 39.0705718994141 38.7128067016602 37.9855117797852 36.9283714294434 36.5496406555176 36.7366523742676 37.2065734863281 37.1127395629883 37.2975082397461 38.1666374206543 38.0221405029297 36.5286674499512 36.1201934814453 37.0445442199707 37.8240165710449 38.6531639099121 38.7221450805664 38.5094413757324 37.7052154541016 37.3238220214844 38.0649948120117 37.5447044372559 37.1109809875488 36.2948684692383 36.0057487487793 36.1103782653809 35.0567588806152 33.7583160400391 33.3500823974609 33.6628875732422 33.5545272827148 34.587100982666 33.6464538574219 32.9943580627441
39.6847534179688 39.7082443237305 39.730640411377 39.7764205932617 39.7973899841309 39.8505935668945 39.9300727844238 39.9256782531738 39.8601036071777 39.6844863891602 39.4619178771973 39.2108879089355 39.0971298217773 38.9086456298828 38.0190811157227 36.8920097351074 36.5679779052734 36.5132865905762 36.6413993835449 36.6174468994141 37.742301940918 38.3570289611816 37.8302536010742 36.9806632995605 36.4126396179199 36.6415061950684 36.7580680847168 38.2785186767578 38.6041488647461 38.4846343994141 37.7165603637695 37.6232032775879 37.8966026306152 37.1739959716797 36.4891662597656 35.9208641052246 35.0071678161621 35.7115440368652 35.5428237915039 33.723072052002 33.2763862609863 33.4628753662109 33.3664932250977 33.9541053771973 33.356803894043 33.0492477416992
39.2104759216309 39.1734771728516 39.4194869995117 39.7069244384766 39.8277359008789 39.9013824462891 39.9282112121582 39.9155654907227 39.7976417541504 39.696849822998 39.5437965393066 39.0399284362793 39.127010345459 38.9826545715332 38.4883651733398 37.3019332885742 36.5810089111328 36.0649681091309 36.378288269043 37.2570190429688 37.7548942565918 38.0996856689453 37.2467002868652 36.5241851806641 36.337345123291 36.4807319641113 36.9070892333984 37.782169342041 38.5019226074219 38.5523681640625 38.0554428100586 37.7917327880859 37.3675575256348 36.3549537658691 35.1933517456055 34.768669128418 34.4379730224609 34.6376495361328 34.7871742248535 34.3820571899414 33.8491973876953 33.973388671875 33.6887359619141 33.4630546569824 33.4677085876465 33.3943710327148
38.3670120239258 39.1949081420898 39.497615814209 39.2517356872559 39.7688331604004 39.9045181274414 39.9224891662598 39.9087677001953 39.7203559875488 39.5821418762207 39.5719871520996 39.3201179504395 39.0936584472656 38.9653968811035 38.7215461730957 38.2235870361328 37.6801071166992 36.3130645751953 36.6320266723633 36.7090644836426 36.8592948913574 37.7851066589355 37.3630027770996 36.5563545227051 36.3473052978516 36.1339988708496 36.1009063720703 37.728214263916 38.5267601013184 38.5909805297852 37.8064842224121 36.8494415283203 36.5372428894043 36.1826820373535 35.9118118286133 34.8994369506836 34.8255653381348 34.4080085754395 33.9855155944824 34.2358551025391 36.0228424072266 36.0967330932617 34.9679641723633 33.5261154174805 34.5667419433594 34.6668586730957
38.6486167907715 39.4822845458984 39.5006523132324 38.9983596801758 39.7229843139648 39.889347076416 39.9297294616699 39.9113235473633 39.8558654785156 39.644962310791 39.5437278747559 39.4752349853516 39.3067626953125 39.1089973449707 38.8284301757812 38.2668914794922 37.4590606689453 37.0087966918945 36.5501289367676 36.8018074035645 36.875316619873 37.3065910339355 36.697811126709 36.5227508544922 36.2151069641113 35.5781517028809 35.8588104248047 37.6115112304688 38.4130363464355 38.4481468200684 38.4250946044922 38.2525444030762 37.170970916748 36.2304840087891 36.156421661377 35.6693305969238 35.7966423034668 35.5990562438965 35.1711654663086 35.6495742797852 37.0944671630859 37.1435012817383 36.7171211242676 36.1519813537598 36.0259666442871 35.4353103637695
39.3629035949707 39.6159858703613 39.6674537658691 39.6644134521484 39.7409286499023 39.8738479614258 39.8969955444336 39.8901214599609 39.8453369140625 39.7763900756836 39.6057434082031 39.5435600280762 39.4493370056152 39.254940032959 39.0004692077637 38.5355606079102 37.7133712768555 37.2890586853027 36.591381072998 36.4778022766113 36.5431632995605 36.974422454834 36.598316192627 36.3365287780762 36.2687873840332 36.2923698425293 37.0827789306641 38.1087875366211 38.458610534668 37.9674072265625 37.8781814575195 37.876781463623 38.0680770874023 37.5804138183594 37.307861328125 36.5540351867676 37.5457420349121 37.3919448852539 37.3540534973145 37.3582344055176 37.1274070739746 36.2455215454102 35.297908782959 34.9663162231445 34.8233261108398 34.0791473388672
39.0980453491211 39.7704963684082 39.8165740966797 39.8275337219238 39.8207664489746 39.8254852294922 39.7964744567871 39.8352508544922 39.8252639770508 39.8051986694336 39.7575073242188 39.6348114013672 39.4626579284668 39.309700012207 39.1265678405762 38.8883781433105 38.4326629638672 37.7750434875488 37.0373611450195 36.3344497680664 36.3571281433105 36.7969398498535 36.6697387695312 36.3866195678711 36.2395057678223 36.3903160095215 37.7815132141113 38.4458923339844 38.5027236938477 38.3284225463867 37.8500862121582 37.2572174072266 37.9197769165039 38.0141220092773 38.0415382385254 37.5316963195801 37.9085426330566 37.6183090209961 37.4816551208496 37.3131713867188 36.146785736084 34.7465209960938 33.4668045043945 33.8025970458984 33.7091522216797 32.7158546447754
38.9553718566895 39.5483055114746 39.3704490661621 39.2549438476562 39.3791923522949 39.7292747497559 39.7264175415039 39.7439651489258 39.7534980773926 39.7372550964355 39.7026824951172 39.6718940734863 39.564208984375 39.4179153442383 39.2697601318359 39.0548515319824 38.6434440612793 38.2310485839844 37.963207244873 37.3446807861328 36.4105911254883 36.6344261169434 36.4079513549805 36.4733123779297 36.3470497131348 36.3138618469238 37.3420639038086 38.3907165527344 38.4589195251465 38.1490097045898 38.0108795166016 36.9762344360352 37.2504730224609 37.4848327636719 37.7608222961426 37.8677978515625 37.7193336486816 37.5471801757812 37.1671562194824 37.2089462280273 36.8879814147949 35.6717491149902 34.8611602783203 35.3926239013672 34.9498252868652 33.8096351623535
39.2672233581543 39.528018951416 39.13916015625 38.5045127868652 38.6053886413574 39.4974479675293 39.6877059936523 39.652645111084 39.664005279541 39.6746368408203 39.597469329834 39.6325569152832 39.5829124450684 39.4765625 39.3333549499512 39.1516456604004 38.8583946228027 38.2096099853516 37.8111038208008 37.3571128845215 36.6877136230469 36.5938186645508 36.4068870544434 36.1908531188965 36.1517333984375 36.5208892822266 37.6183662414551 38.3492660522461 37.863842010498 37.6439323425293 37.7392768859863 37.3857383728027 37.067512512207 36.7370986938477 36.4664154052734 36.9355125427246 36.7381896972656 37.0465049743652 36.9585113525391 36.7532615661621 36.4878997802734 36.7896614074707 36.5323371887207 36.2128639221191 35.617259979248 35.1378402709961
39.3850135803223 39.4758186340332 39.2859573364258 38.990348815918 38.7001686096191 39.2223052978516 39.5027389526367 39.5216522216797 39.5622978210449 39.6144485473633 39.6003570556641 39.6338577270508 39.5731773376465 39.5141372680664 39.3669509887695 39.159481048584 38.9332275390625 38.7161521911621 38.3298721313477 37.6946182250977 37.3142738342285 37.0517311096191 36.5435638427734 35.9012413024902 36.053466796875 36.292423248291 37.6935081481934 38.183910369873 36.3515014648438 35.9430961608887 36.5678367614746 36.7723274230957 36.7200202941895 36.4992866516113 36.0128746032715 35.7512359619141 36.2622528076172 36.0945472717285 36.0530395507812 35.9941825866699 35.7240905761719 35.4188499450684 35.6486587524414 36.1012878417969 35.4763526916504 34.3547973632812
39.2492256164551 39.278190612793 39.293571472168 39.0319519042969 38.7639198303223 38.941162109375 39.143180847168 39.3265609741211 39.4279251098633 39.5402641296387 39.519115447998 39.5085601806641 39.5853157043457 39.5169410705566 39.4004516601562 39.1404991149902 39.1180229187012 38.9613990783691 38.7194175720215 38.3463287353516 38.1990051269531 37.4175720214844 36.8241958618164 36.3521537780762 36.3418045043945 36.7142906188965 37.7158432006836 37.6039810180664 37.3089561462402 37.1977844238281 36.4335403442383 36.3580894470215 36.1616668701172 36.0106544494629 35.2848205566406 34.8705902099609 35.0706672668457 35.0067710876465 35.2307548522949 35.0208702087402 34.9985008239746 34.0763130187988 34.7656631469727 35.6004028320312 35.3586120605469 33.8966598510742
38.719898223877 39.0344123840332 39.2241172790527 39.1225852966309 38.9302253723145 38.8037376403809 38.7844085693359 39.1377410888672 39.2423515319824 39.4048652648926 39.4796600341797 39.4704513549805 39.5229339599609 39.534049987793 39.3615074157715 39.2590026855469 39.1860733032227 39.0644340515137 38.9068374633789 38.7077827453613 38.5041999816895 37.8010864257812 36.669734954834 36.7504997253418 36.0582656860352 36.6269912719727 37.5651817321777 37.0008735656738 37.178653717041 37.6262741088867 37.5028991699219 37.334529876709 36.6666984558105 36.234489440918 34.663215637207 33.387020111084 33.4187965393066 33.2986183166504 33.25048828125 33.7087936401367 33.8626403808594 34.0510330200195 34.2237205505371 35.0883483886719 34.9414672851562 34.5382881164551
38.8292655944824 38.9186172485352 39.0381278991699 39.0132675170898 38.9769897460938 38.6775398254395 38.4603118896484 38.203296661377 38.8402938842773 39.3167686462402 39.4410552978516 39.4739990234375 39.5445175170898 39.5414047241211 39.2432060241699 38.8513526916504 38.8710136413574 38.9121551513672 38.9503517150879 38.8270149230957 38.6822357177734 38.2745094299316 37.178092956543 37.4719619750977 36.5142936706543 36.5009880065918 36.6443481445312 36.9428100585938 35.8985404968262 36.5502243041992 36.1738128662109 36.2737464904785 37.4928741455078 37.0613250732422 36.1020851135254 33.8696136474609 32.9452133178711 32.9403800964355 32.2624092102051 32.6862258911133 33.3119468688965 33.2964324951172 33.3627128601074 34.729362487793 34.2756881713867 33.7287902832031
38.8956413269043 38.8198699951172 38.8634872436523 38.6719436645508 38.863842010498 38.7777137756348 38.5505828857422 38.2923851013184 38.4792137145996 39.0680122375488 39.3030891418457 39.4841003417969 39.5299949645996 39.4949951171875 39.4334678649902 39.0241012573242 38.652961730957 38.4465827941895 38.7030296325684 38.8169326782227 38.6745567321777 38.5224494934082 38.1998291015625 37.6258659362793 36.5592002868652 36.338794708252 36.2887420654297 36.3645668029785 36.4072570800781 35.8710021972656 35.2926864624023 36.0528450012207 37.2394561767578 36.4882736206055 36.7019996643066 36.1492385864258 35.7061386108398 35.563850402832 34.5736770629883 33.454761505127 34.1617851257324 33.8390426635742 34.2183036804199 34.4094734191895 34.0988006591797 33.6137771606445
