inst/extdata/Tmax/Tmax139.asc
NCOLS 100 
NROWS 79 
XLLCORNER 148.06 
YLLCORNER -21.49 
CELLSIZE 0.01 
NODATA_value -3.4e+38 
[rows 40 to 59 of 79, columns 0 to 45 of 100]
30.611766815185501 30.3257122039795 30.3596153259277 30.3901290893555 30.2638549804688 30.3777179718018 30.3282012939453 30.1198101043701 29.6332931518555 30.0710258483887 30.7252807617188 31.0597953796387 31.0972213745117 31.1502151489258 31.2184410095215 30.9965591430664 30.7103328704834 30.3437595367432 29.7446212768555 30.2523612976074 30.2408294677734 30.1300735473633 30.0683689117432 29.6657695770264 28.7667541503906 28.1263542175293 27.9305839538574 28.0248031616211 28.1408634185791 27.5148792266846 26.8844356536865 27.3019828796387 28.5532646179199 28.2862281799316 28.0326614379883 28.3597469329834 28.2732086181641 27.9556159973145 27.7402839660645 27.298677444458 27.2593040466309 26.4109344482422 25.8517761230469 25.8466529846191 25.5969886779785 25.4412879943848
30.7700996398926 30.3601913452148 30.2342491149902 30.3394222259521 30.2323837280273 30.3146553039551 30.3215770721436 30.2099170684814 29.951473236084 30.0758857727051 30.4235782623291 30.7880783081055 31.0266361236572 31.2009372711182 31.246618270874 31.0891647338867 30.7693138122559 30.2446403503418 29.9002342224121 30.048791885376 30.0736618041992 29.8389072418213 30.0213069915771 29.7401962280273 29.07470703125 28.580394744873 27.9698944091797 27.8929538726807 28.1016139984131 27.6741142272949 27.2583045959473 27.8810958862305 28.5525302886963 27.8125114440918 27.1033973693848 27.8532676696777 27.8988704681396 28.1076908111572 28.0722274780273 27.8447113037109 27.7284965515137 27.0150756835938 25.6537551879883 25.536808013916 25.6091995239258 25.5706214904785
30.6304359436035 30.5749225616455 30.3560562133789 30.2304782867432 30.2918243408203 30.3127517700195 30.289363861084 30.2482776641846 30.211217880249 30.1602802276611 30.209867477417 30.7052993774414 31.0377864837646 31.1877613067627 31.2016334533691 31.1511936187744 30.9099273681641 30.5717926025391 30.3341236114502 30.2867412567139 30.200590133667 29.5494861602783 29.4796085357666 29.7043933868408 29.7320671081543 29.2912502288818 28.4278373718262 28.1050434112549 28.0288467407227 27.808910369873 26.9299869537354 27.983268737793 28.038387298584 26.984691619873 26.1904182434082 27.0747451782227 27.0758304595947 27.7135772705078 27.8773155212402 27.5831737518311 27.3562641143799 27.4044380187988 26.8190231323242 26.606315612793 27.0166282653809 28.0278549194336
30.2850570678711 30.3807811737061 30.3659362792969 30.3589134216309 30.3874187469482 30.3778629302979 30.3421211242676 30.2869720458984 30.3420505523682 30.3095321655273 30.3170070648193 30.7406387329102 30.9968605041504 31.157356262207 31.1786556243896 31.1945552825928 31.0827388763428 30.856840133667 30.5658740997314 30.6067981719971 30.4292850494385 30.1689949035645 29.4872436523438 29.1360301971436 29.8072338104248 29.5950241088867 29.1870403289795 28.7112617492676 28.3800830841064 28.2077560424805 27.425500869751 27.3427848815918 28.0303764343262 27.5350799560547 26.9064159393311 26.4565849304199 26.5420246124268 26.7837162017822 27.007043838501 26.7768077850342 26.3322296142578 27.0354080200195 26.606803894043 27.534200668335 29.5010623931885 30.2355117797852
29.9882793426514 30.1773548126221 30.1554870605469 30.1539573669434 30.3418350219727 30.4570922851562 30.4855346679688 30.4261627197266 30.4869499206543 30.532844543457 30.7056694030762 30.84690284729 30.9796752929688 31.0841159820557 31.1469783782959 31.2015743255615 31.1651821136475 31.0124492645264 30.8512897491455 30.8032169342041 30.6705379486084 30.5255680084229 30.2194347381592 30.0046138763428 29.8263454437256 29.3647747039795 29.6181297302246 29.4972400665283 29.1750755310059 28.4970970153809 27.8976097106934 27.8907432556152 28.2021980285645 28.3644180297852 28.0734825134277 26.9292259216309 25.6425704956055 25.6074981689453 25.7098083496094 26.0346622467041 25.9162406921387 26.4495658874512 25.9875793457031 26.8011894226074 28.6173210144043 30.2551136016846
30.0092716217041 30.0729351043701 29.9136238098145 29.7991313934326 30.0063419342041 30.2305011749268 30.4696846008301 30.5910339355469 30.6587524414062 30.7525882720947 30.8229484558105 30.7428035736084 30.5095443725586 30.8959655761719 31.1323070526123 31.1815223693848 31.1777305603027 31.1101379394531 31.0176944732666 30.9520378112793 30.8591766357422 30.7507858276367 30.6940517425537 30.0732345581055 29.7223834991455 29.645751953125 29.7281131744385 29.5596809387207 29.3710479736328 28.8604907989502 27.637580871582 27.8383274078369 28.1392650604248 28.2012939453125 28.2974319458008 27.4177665710449 26.1607284545898 25.9278526306152 25.959493637085 26.3832626342773 25.8071174621582 26.1542568206787 26.5406475067139 26.8413639068604 27.6988067626953 28.9867076873779
29.8671875 29.8369388580322 29.8442344665527 29.7668018341064 29.6686305999756 29.7265739440918 30.2316989898682 30.3591918945312 30.4834136962891 30.5007972717285 30.7253608703613 30.833610534668 30.5782489776611 30.8415069580078 31.0746593475342 31.1566257476807 31.1645526885986 31.098726272583 31.0576782226562 31.0162487030029 30.9391250610352 30.8698253631592 30.7656726837158 30.2812156677246 29.4535446166992 29.5633449554443 29.7374877929688 29.5131530761719 29.4616775512695 29.3138847351074 28.523473739624 28.2059326171875 27.8574466705322 28.1108856201172 28.2439002990723 27.7815437316895 26.7519435882568 27.0252838134766 26.5090312957764 27.1915378570557 26.6470317840576 26.7972946166992 26.9119491577148 27.0160503387451 27.0086097717285 26.8241672515869
30.3173904418945 29.6646575927734 29.5869846343994 29.5349998474121 29.5096836090088 29.6338729858398 29.949878692627 29.9060115814209 30.1570777893066 30.2075233459473 30.2897529602051 30.3593292236328 30.5487251281738 30.835901260376 31.0302219390869 31.1519680023193 31.1407985687256 31.0208034515381 30.836727142334 30.7374229431152 30.8729286193848 30.6860675811768 30.7038669586182 30.6360721588135 30.1712417602539 30.0713176727295 30.0861053466797 29.8856582641602 29.7151870727539 29.4911422729492 28.8076057434082 28.4499740600586 27.7540855407715 28.1368236541748 28.178201675415 27.9503173828125 27.5290908813477 27.7479019165039 27.4879951477051 27.7240734100342 27.4667873382568 27.2641696929932 27.123348236084 26.9762630462646 26.6430568695068 26.4145889282227
31.0315837860107 30.2128868103027 29.4631729125977 29.3172836303711 29.4460105895996 29.6300926208496 29.5673389434814 29.5672435760498 29.9036312103271 30.2009410858154 30.2746486663818 30.2608833312988 30.4944343566895 30.8061904907227 31.0529499053955 31.1229248046875 31.1308269500732 31.0601215362549 30.8861274719238 30.6561164855957 30.7276802062988 30.6730346679688 30.5907497406006 30.7227630615234 30.6099853515625 30.4992771148682 30.2082538604736 30.007396697998 29.9158763885498 29.6200199127197 29.2267990112305 28.7683849334717 27.9188575744629 28.068380355835 28.0381393432617 28.0955829620361 28.0002555847168 27.9720096588135 27.8582744598389 27.6777381896973 26.8999366760254 26.7341976165771 26.9262390136719 26.6750526428223 26.5434608459473 26.2060222625732
31.2969512939453 30.7769584655762 29.9283561706543 29.3604202270508 29.3475303649902 29.3383293151855 29.3686332702637 29.711124420166 29.9476776123047 29.8450031280518 30.4649238586426 30.7003269195557 30.8104839324951 30.9135513305664 31.0140571594238 31.1005115509033 31.1067314147949 31.0539379119873 30.947566986084 30.8015117645264 30.6929779052734 30.6217288970947 30.431583404541 30.4709186553955 30.6393356323242 30.6212387084961 30.3928184509277 29.8464946746826 29.3468341827393 29.6118946075439 29.3093547821045 29.0032787322998 28.2062587738037 27.9132328033447 27.7066192626953 28.0005321502686 28.0776519775391 27.9781188964844 27.9345111846924 27.6287612915039 26.953857421875 26.5657444000244 26.7396640777588 26.3810043334961 26.2940826416016 26.2040462493896
31.2822914123535 31.1025466918945 30.6396293640137 30.0165557861328 29.4866600036621 29.189338684082 29.3497905731201 29.6649322509766 29.7095165252686 30.0109100341797 30.5911674499512 30.8292274475098 30.9578495025635 31.0626964569092 31.0824127197266 31.107551574707 30.9857845306396 30.9974060058594 31.0025596618652 30.9198989868164 30.8035106658936 30.6395626068115 30.4369659423828 30.3516483306885 30.4595699310303 30.4988307952881 30.5377044677734 30.3025493621826 30.0146636962891 29.8644924163818 29.314868927002 29.1522274017334 28.3233032226562 27.9209403991699 27.3204555511475 27.776216506958 27.9018440246582 27.8912982940674 27.9374732971191 27.7542362213135 27.2451343536377 27.0770626068115 26.9781589508057 26.7679710388184 26.45139503479 26.2780895233154
31.2405700683594 31.2054862976074 30.9470329284668 30.279239654541 29.6986122131348 29.4194030761719 29.3801918029785 29.4635162353516 29.2213954925537 29.3743724822998 30.2254428863525 30.6316528320312 30.8124713897705 31.0205345153809 31.1075668334961 31.0679359436035 30.9840278625488 30.9822788238525 30.9450149536133 30.9314556121826 30.831392288208 30.7222537994385 30.6134605407715 30.4025955200195 30.2817096710205 30.2171020507812 30.1759395599365 30.2913990020752 30.061954498291 30.1778373718262 30.1975193023682 29.4036045074463 28.810037612915 28.366491317749 27.8808097839355 28.0046577453613 27.9603004455566 27.7865524291992 27.9200553894043 27.8202610015869 27.3357067108154 27.1742649078369 27.0601024627686 26.8777008056641 26.3989009857178 26.2120895385742
31.0583038330078 31.1376113891602 30.9955673217773 30.0249137878418 29.237865447998 29.2115936279297 29.3159770965576 29.1822967529297 28.9327335357666 29.0646457672119 30.1586208343506 30.6330375671387 30.8528213500977 31.0407066345215 31.0509605407715 30.9999713897705 30.9847774505615 30.9236354827881 30.8793830871582 30.8719844818115 30.8796119689941 30.8207359313965 30.6549167633057 30.4473495483398 30.2209625244141 30.057544708252 30.0276565551758 29.9792060852051 29.9697399139404 29.8622531890869 30.0497169494629 29.9186782836914 29.3523292541504 28.7418098449707 28.3082904815674 28.6332321166992 28.5786952972412 28.1091384887695 27.9137802124023 27.9753265380859 27.8122844696045 27.5549507141113 27.248441696167 27.0048675537109 26.6731853485107 26.2959442138672
30.8607978820801 30.9313735961914 31.0456943511963 30.6140193939209 29.6216716766357 29.2841110229492 29.6332416534424 29.1426429748535 28.9899063110352 29.071361541748 30.125057220459 30.7316818237305 30.9473819732666 31.0404415130615 30.9675769805908 30.870288848877 30.8612174987793 30.8858947753906 30.8507556915283 30.741397857666 30.7883491516113 30.8506813049316 30.7033653259277 30.5461502075195 30.3462753295898 30.181022644043 29.8278675079346 29.6361980438232 29.2861003875732 29.6237602233887 29.4557456970215 29.9945449829102 30.0354747772217 29.6867752075195 29.1955490112305 29.2232112884521 28.8562259674072 28.5062923431396 28.2007827758789 28.5618953704834 28.1501274108887 27.8792152404785 27.7212924957275 27.5807762145996 27.3068542480469 27.1568183898926
30.7381057739258 30.7073364257812 30.8947925567627 30.9090099334717 30.4694404602051 30.2343654632568 30.1796112060547 29.8303852081299 29.6293888092041 29.640079498291 29.8270797729492 30.2247905731201 30.8694267272949 31.0009384155273 30.8781585693359 30.7900276184082 30.7779312133789 30.8270530700684 30.7862949371338 30.7190971374512 30.7384033203125 30.8376235961914 30.7856369018555 30.6032257080078 30.4906005859375 30.3027648925781 29.9733123779297 29.7553901672363 29.3444976806641 29.565845489502 28.9456882476807 29.3573894500732 29.5807514190674 29.5979557037354 29.7131843566895 29.5882682800293 29.2855377197266 29.1395835876465 28.6968574523926 28.2089939117432 28.1328659057617 28.172248840332 27.9354305267334 27.7406272888184 27.7294063568115 27.5831890106201
30.8284149169922 30.8200588226318 30.8737277984619 30.9060859680176 30.7904014587402 30.1969547271729 30.2062015533447 30.268461227417 30.0551300048828 30.0131492614746 30.2582416534424 30.6116752624512 30.9277114868164 30.9952850341797 30.8953971862793 30.7134094238281 30.7635612487793 30.7585296630859 30.5625381469727 30.5416049957275 30.6703796386719 30.7429161071777 30.7909469604492 30.6915664672852 30.5698165893555 30.4171142578125 30.217435836792 29.9604949951172 29.7932052612305 29.6348991394043 29.2191848754883 28.8656520843506 28.9913558959961 28.9515590667725 29.3787250518799 29.0849456787109 29.3403930664062 29.1048984527588 28.7530193328857 28.3496360778809 28.1210041046143 27.907096862793 27.4445304870605 26.8815765380859 27.423526763916 27.5982322692871
30.9385929107666 30.9130611419678 30.8882083892822 30.8749313354492 30.7275066375732 29.960620880127 29.7602405548096 30.1786041259766 30.0701389312744 29.7618637084961 30.0413818359375 30.6853408813477 30.9416084289551 30.9689502716064 30.8827972412109 30.6998081207275 30.6886577606201 30.4903430938721 30.2425689697266 30.3776302337646 30.6639080047607 30.6699447631836 30.744701385498 30.7325477600098 30.5674476623535 30.5020790100098 30.3210201263428 30.0420246124268 29.9530868530273 29.7295265197754 29.3285083770752 28.6761341094971 28.3845233917236 28.5160484313965 28.9502086639404 29.0797157287598 28.7165260314941 28.3786792755127 28.5622863769531 28.4908237457275 28.1593132019043 27.9289646148682 27.4192199707031 26.6415901184082 27.060474395752 27.4067039489746
30.9918956756592 30.9503307342529 30.907751083374 30.8762016296387 30.8375129699707 30.5064468383789 30.0707054138184 29.835958480835 29.8405418395996 29.6345348358154 30.094202041626 30.6968803405762 30.9197902679443 30.9277267456055 30.842658996582 30.6633701324463 30.5013008117676 30.3074359893799 30.1963863372803 30.4537487030029 30.5741539001465 30.6352958679199 30.5975151062012 30.6908187866211 30.6297225952148 30.539234161377 30.3707962036133 30.1093482971191 29.9889640808105 29.7945232391357 29.3924560546875 29.1927051544189 28.7513961791992 28.5662574768066 28.5091209411621 28.6465606689453 28.8963241577148 28.7468738555908 28.397045135498 28.1988296508789 28.0007705688477 27.8057231903076 27.565975189209 27.2602729797363 26.650463104248 26.9203624725342
31.034688949585 30.9783248901367 30.9343490600586 30.9219017028809 30.8501892089844 30.6444549560547 30.3711185455322 29.8153877258301 29.7106132507324 29.8876857757568 30.3305931091309 30.7332763671875 30.881217956543 30.8723182678223 30.7449684143066 30.5838222503662 30.2973480224609 30.2217998504639 30.3261737823486 30.3529186248779 30.490701675415 30.434663772583 30.2601089477539 30.4992427825928 30.6674346923828 30.5481376647949 30.3363971710205 30.1903305053711 30.0579261779785 29.9515838623047 29.7614879608154 29.5459384918213 29.2443256378174 29.1868152618408 28.869987487793 28.5413417816162 28.633150100708 28.6992416381836 28.4740619659424 28.3249454498291 28.1863994598389 27.9567604064941 27.3763580322266 27.0092124938965 27.1252479553223 27.1383590698242
31.0468769073486 31.0494995117188 30.9993000030518 30.9632225036621 30.8542728424072 30.7480144500732 30.6454792022705 30.3000431060791 29.8541069030762 29.9441890716553 30.098611831665 30.3848819732666 30.6570301055908 30.7005214691162 30.6416797637939 30.5066204071045 30.3072566986084 30.1856880187988 30.078462600708 30.1188106536865 30.3416061401367 30.347095489502 30.1141757965088 30.4917373657227 30.6896629333496 30.5807609558105 30.4235515594482 30.2761993408203 30.1990394592285 30.0859889984131 29.9667701721191 29.7548236846924 29.4417591094971 29.6344966888428 29.5037288665771 29.1402702331543 28.7064228057861 28.5948371887207 28.704761505127 29.0929889678955 28.3743381500244 28.1117820739746 27.7272567749023 27.0776977539062 27.0066986083984 26.8877067565918
