inst/extdata/Tmax/Tmax115.asc
NCOLS 100 
NROWS 79 
XLLCORNER 148.06 
YLLCORNER -21.49 
CELLSIZE 0.01 
NODATA_value -3.4e+38 
[rows 20 to 39 of 79, columns 0 to 45 of 100]
33.970733642578097 34.0183296203613 34.0349769592285 34.017032623291 34.0497093200684 34.1773300170898 34.1167640686035 34.0631675720215 34.0154724121094 33.9406929016113 33.7819709777832 33.4095687866211 32.9894485473633 32.3827476501465 31.139518737793 30.7448234558105 30.6842231750488 31.6318702697754 32.6486167907715 33.0806579589844 33.1093559265137 33.1378479003906 33.4796981811523 33.5178298950195 33.3810729980469 33.1142730712891 32.5326271057129 31.6589946746826 32.187385559082 32.2616195678711 32.8609428405762 32.8880195617676 33.0370750427246 33.0140953063965 32.9847450256348 32.7563400268555 32.3864364624023 32.3988075256348 31.9514350891113 32.2093276977539 32.0052299499512 31.305419921875 31.5421028137207 31.6012401580811 31.7289371490479 31.7677307128906
34.0532836914062 34.1243286132812 34.152774810791 34.1333274841309 34.1537055969238 34.1680870056152 34.0544700622559 33.995777130127 33.9892997741699 33.9429473876953 33.8385620117188 33.6869163513184 33.4783096313477 32.5837364196777 31.1638736724854 30.8691692352295 31.103759765625 31.9042434692383 32.400993347168 32.7753067016602 32.9095230102539 32.8398208618164 33.3690643310547 33.5156326293945 33.3382873535156 33.3649482727051 33.3426780700684 32.6160354614258 32.4750061035156 32.9927711486816 33.1196365356445 33.0274238586426 32.7153968811035 32.1373558044434 32.1648368835449 32.1518020629883 32.6052207946777 31.9286651611328 31.5499458312988 31.862865447998 31.493968963623 31.5813369750977 31.3258953094482 30.4472637176514 30.7703514099121 31.4429588317871
34.1173095703125 34.1749076843262 34.2001800537109 34.2010879516602 34.1997718811035 34.1814804077148 34.0279312133789 33.9245529174805 33.888801574707 33.8742256164551 33.7786293029785 33.7281684875488 33.5746726989746 32.9965782165527 31.9353370666504 31.1488990783691 30.5429191589355 31.0294570922852 31.5861511230469 32.3751449584961 32.4951820373535 32.6275024414062 33.2684440612793 33.0710105895996 32.6788673400879 33.0475082397461 33.1247901916504 33.2204475402832 32.954216003418 33.0026931762695 32.7535362243652 32.5825424194336 32.038459777832 31.7249374389648 31.5085067749023 31.7272796630859 31.6716175079346 31.1354656219482 31.1150875091553 31.0437316894531 30.7505836486816 30.0226631164551 30.7995491027832 30.5239143371582 29.571475982666 30.9661827087402
34.1335487365723 34.1750030517578 34.2095222473145 34.2164573669434 34.1928977966309 34.1987838745117 34.143741607666 33.8753852844238 33.7883834838867 33.8234024047852 33.6651000976562 33.5009117126465 33.6149559020996 33.2625312805176 32.5140991210938 31.7710666656494 30.9875545501709 30.7207260131836 31.3071041107178 31.6177501678467 32.1514205932617 33.1376914978027 32.9058647155762 32.3239860534668 32.4782981872559 32.6314735412598 32.3373641967773 33.2803115844727 33.3145980834961 33.1884307861328 32.974925994873 31.9224109649658 31.6112804412842 31.81618309021 32.1520767211914 31.7130603790283 30.8326396942139 30.3142261505127 31.0241165161133 30.5370101928711 29.8415660858154 28.4715785980225 29.2827396392822 30.4418525695801 28.6957168579102 29.991569519043
34.0964126586914 34.163745880127 34.2103691101074 34.1936264038086 34.1708106994629 34.1867904663086 34.2034721374512 34.0483627319336 33.8932876586914 33.7434959411621 33.6586151123047 33.6371879577637 33.4838523864746 33.1688003540039 32.4476547241211 31.7929077148438 31.0861492156982 30.7487049102783 30.9504108428955 30.9588623046875 32.1254348754883 32.9473152160645 31.8894309997559 31.3786220550537 32.1756477355957 32.163990020752 32.3488731384277 33.0876731872559 33.3355865478516 32.9727554321289 32.9279289245605 32.712287902832 32.6942367553711 32.7599258422852 32.4506721496582 32.1603851318359 31.7779407501221 30.704460144043 30.4950294494629 30.2516937255859 28.5972557067871 28.0419769287109 28.4802856445312 30.2684059143066 28.3629741668701 28.7224578857422
34.0677871704102 34.098087310791 34.125244140625 34.1148071289062 34.1388778686523 34.1607093811035 34.20166015625 34.173210144043 34.0418090820312 33.8222732543945 33.6503944396973 33.5345993041992 33.4044456481934 32.9785614013672 32.5586624145508 32.0357208251953 31.4524230957031 31.1419467926025 31.5836753845215 32.2685890197754 32.265739440918 32.1855583190918 31.7265644073486 30.5134944915771 31.0136299133301 31.7693634033203 31.9203453063965 33.1346893310547 33.3256340026855 32.9828605651855 32.1400337219238 32.7460823059082 32.6250114440918 32.511116027832 32.2555999755859 31.9547348022461 31.8470306396484 30.4214000701904 29.1918087005615 29.590311050415 28.2099285125732 29.0163993835449 29.3716640472412 30.2733097076416 29.2900447845459 28.2508773803711
33.9764976501465 34.0130195617676 34.0361518859863 34.0597915649414 34.0688743591309 34.0835800170898 34.1854248046875 34.2016830444336 34.0846252441406 33.6964530944824 33.6080741882324 33.3671493530273 33.3762168884277 33.0262336730957 32.3164978027344 31.3059463500977 30.9494781494141 31.1488342285156 31.6119441986084 31.5330944061279 31.7247447967529 32.6025657653809 32.4726066589355 31.0220737457275 30.6406555175781 31.5487079620361 32.3295936584473 33.2041053771973 33.2941360473633 33.0907173156738 32.2857666015625 31.9246711730957 32.6921768188477 32.1799011230469 31.7603759765625 30.9654331207275 30.7007160186768 30.8186492919922 29.7985668182373 28.5487728118896 28.1641445159912 28.4720611572266 28.3884944915771 29.4087371826172 28.4993419647217 27.873628616333
33.843864440918 33.8740348815918 33.9209671020508 33.9813461303711 34.0162963867188 34.0859870910645 34.1911010742188 34.2007522583008 34.1450576782227 33.9726753234863 33.752857208252 33.5123138427734 33.4092826843262 33.2304725646973 32.3543319702148 31.2747840881348 30.9701175689697 30.9388198852539 31.0718154907227 31.0597534179688 32.1651229858398 32.7996482849121 32.2859039306641 31.4637680053711 30.9254188537598 31.1595115661621 31.2804298400879 32.822696685791 33.1762199401855 33.0701065063477 32.3019523620605 32.2301025390625 32.5248374938965 31.8115653991699 31.146110534668 30.601053237915 29.7274188995361 30.4291687011719 30.2772808074951 28.5161457061768 28.0941486358643 28.2794933319092 28.2069358825684 28.7897071838379 28.2172813415527 27.9273166656494
33.3826637268066 33.3498611450195 33.6215019226074 33.9306831359863 34.0704765319824 34.1620178222656 34.2107963562012 34.2114562988281 34.0997276306152 34.0070152282715 33.8598747253418 33.3574714660645 33.4608001708984 33.3267059326172 32.8398704528809 31.6872100830078 31.0003147125244 30.5295848846436 30.8379135131836 31.6956558227539 32.1967697143555 32.5597801208496 31.7289695739746 31.0388698577881 30.8702964782715 31.0212326049805 31.4441528320312 32.3382873535156 33.0895919799805 33.1599731445312 32.6653823852539 32.4196357727051 32.0078773498535 31.0166320800781 29.8946723937988 29.4947090148926 29.1910095214844 29.3963088989258 29.5540142059326 29.1713199615479 28.6644897460938 28.7901477813721 28.5343074798584 28.3246841430664 28.3394451141357 28.2781352996826
32.5620574951172 33.3818969726562 33.7123031616211 33.4721984863281 34.0187950134277 34.1756858825684 34.2148017883301 34.2140808105469 34.0274353027344 33.895622253418 33.8991966247559 33.655933380127 33.4358444213867 33.3182830810547 33.0838279724121 32.5974884033203 32.068431854248 30.7718181610107 31.0873832702637 31.1724643707275 31.3289813995361 32.2539520263672 31.8505878448486 31.0766334533691 30.8863544464111 30.6921043395996 30.6662921905518 32.2920112609863 33.1238059997559 33.2086639404297 32.4199981689453 31.4825248718262 31.1885681152344 30.8537559509277 30.6017608642578 29.6267776489258 29.5721378326416 29.1781139373779 28.779369354248 29.0334644317627 30.803882598877 30.887077331543 29.7917938232422 28.3895835876465 29.4215545654297 29.5332469940186
32.8459930419922 33.6846160888672 33.7261009216309 33.2268753051758 33.9810791015625 34.1697769165039 34.2326126098633 34.2267646789551 34.1815643310547 33.9716491699219 33.8791732788086 33.8276443481445 33.6659278869629 33.4752731323242 33.2016487121582 32.6492538452148 31.8605213165283 31.4461879730225 31.0154552459717 31.2688274383545 31.3515491485596 31.7895946502686 31.2084770202637 31.0507984161377 30.7650089263916 30.1627807617188 30.4384822845459 32.1827774047852 33.0145416259766 33.0686645507812 33.0628471374512 32.9082183837891 31.8258590698242 30.9073638916016 30.8486366271973 30.3835945129395 30.5277919769287 30.3471603393555 29.9396686553955 30.424201965332 31.8891220092773 31.9512729644775 31.5458354949951 30.9910850524902 30.8802528381348 30.3027496337891
33.5687408447266 33.8331527709961 33.9095573425293 33.9180335998535 34.0102920532227 34.1635284423828 34.2077140808105 34.2140655517578 34.1802024841309 34.1208992004395 33.9542579650879 33.9092140197754 33.8246612548828 33.6360130310059 33.3871459960938 32.9275779724121 32.1171607971191 31.7253875732422 31.0618457794189 30.9633464813232 31.0373096466064 31.4723014831543 31.1188640594482 30.8771514892578 30.823356628418 30.8581829071045 31.6386795043945 32.6935768127441 33.0701599121094 32.5829696655273 32.5090446472168 32.5305404663086 32.7443695068359 32.263240814209 32.0040245056152 31.2640495300293 32.2861671447754 32.1466064453125 32.1255111694336 32.1476135253906 31.9294567108154 31.0477809906006 30.1278743743896 29.812671661377 29.6842823028564 28.9614353179932
33.3083419799805 34.0009422302246 34.0725479125977 34.0959815979004 34.1011276245117 34.1187629699707 34.1073036193848 34.1619071960449 34.1650733947754 34.1577987670898 34.1213684082031 34.0118446350098 33.8447418212891 33.6991195678711 33.5232620239258 33.2922058105469 32.8373489379883 32.2063522338867 31.4966621398926 30.8289833068848 30.8614902496338 31.3036136627197 31.1919689178467 30.9291324615479 30.7983818054199 30.956823348999 32.3395500183105 33.0448112487793 33.1211700439453 32.9584465026855 32.4853515625 31.908390045166 32.5969314575195 32.7117881774902 32.7583389282227 32.2525939941406 32.6632957458496 32.3823623657227 32.2600708007812 32.1053237915039 30.9417114257812 29.5603923797607 28.3291168212891 28.667989730835 28.5873680114746 27.6261043548584
33.1877555847168 33.7925872802734 33.6321258544922 33.5249328613281 33.6631965637207 34.0391960144043 34.054988861084 34.0866622924805 34.110294342041 34.1069412231445 34.0844039916992 34.0723304748535 33.9728736877441 33.8334465026855 33.693058013916 33.4844360351562 33.0710372924805 32.679817199707 32.4255638122559 31.827356338501 30.9309597015381 31.1639747619629 30.955997467041 31.0311450958252 30.9204559326172 30.9002704620361 31.9186496734619 33.0073890686035 33.0952835083008 32.793098449707 32.6687164306641 31.6454391479492 31.9359321594238 32.1891098022461 32.487663269043 32.6153564453125 32.4862289428711 32.3272361755371 31.9562397003174 32.0163383483887 31.7065277099609 30.4924926757812 29.7126483917236 30.2542839050293 29.8272190093994 28.7119216918945
33.5115509033203 33.7822647094727 33.4072113037109 32.7837142944336 32.8929824829102 33.807315826416 34.0244255065918 34.0004348754883 34.0256538391113 34.0504913330078 33.9829254150391 34.0403251647949 34.002311706543 33.9047355651855 33.7690658569336 33.5942230224609 33.2999229431152 32.6670227050781 32.2827224731445 31.8473358154297 31.2059783935547 31.1314964294434 30.9616756439209 30.7638053894043 30.7374114990234 31.1088428497314 32.2026252746582 32.9731292724609 32.4933319091797 32.2866668701172 32.3996124267578 32.0635452270508 31.7589511871338 31.443380355835 31.1882724761963 31.6729946136475 31.4957332611084 31.8232765197754 31.7507514953613 31.559362411499 31.3074417114258 31.6243286132812 31.3912220001221 31.084041595459 30.4993782043457 30.0336742401123
33.6418914794922 33.7391128540039 33.5666275024414 33.2773513793945 32.9968414306641 33.5341949462891 33.8410949707031 33.8732948303223 33.9287338256836 33.9969139099121 33.9958190917969 34.0514488220215 34.0016784667969 33.9539566040039 33.813793182373 33.6117744445801 33.3862037658691 33.1893043518066 32.810661315918 32.1884460449219 31.8255214691162 31.5854225158691 31.1012477874756 30.4900436401367 30.6485271453857 30.8926258087158 32.2861366271973 32.8116149902344 30.9934673309326 30.6062927246094 31.2333908081055 31.4556655883789 31.4179840087891 31.21262550354 30.7442722320557 30.4992218017578 31.0253562927246 30.8727283477783 30.8459300994873 30.8018798828125 30.5468139648438 30.251033782959 30.5061874389648 30.9770603179932 30.3632831573486 29.2588443756104
33.5142250061035 33.5474624633789 33.5847778320312 33.3293952941895 33.0702209472656 33.2586784362793 33.4805564880371 33.6808052062988 33.7984161376953 33.9288635253906 33.9201850891113 33.9289512634277 34.024169921875 33.9664993286133 33.8584861755371 33.6014213562012 33.5869560241699 33.4510192871094 33.2163543701172 32.850284576416 32.7155151367188 31.9534873962402 31.3821887969971 30.9335479736328 30.935302734375 31.31227684021 32.3166389465332 32.2305755615234 31.9492435455322 31.8525447845459 31.1067295074463 31.050874710083 30.8701343536377 30.7342910766602 30.033088684082 29.6394920349121 29.8524627685547 29.8019008636475 30.0350742340088 29.8407020568848 29.8313961029053 28.9294357299805 29.6321144104004 30.4781360626221 30.2467651367188 28.8098659515381
32.9901847839355 33.3074378967285 33.5207366943359 33.4277572631836 33.2435340881348 33.1266555786133 33.1234245300293 33.4931259155273 33.6126441955566 33.7936859130859 33.8850593566895 33.895149230957 33.9644088745117 33.9905967712402 33.8235664367676 33.730899810791 33.6637115478516 33.5638008117676 33.4153060913086 33.2249488830566 33.031135559082 32.3401374816895 31.2350902557373 31.3263721466064 30.6628246307373 31.2303771972656 32.1696243286133 31.6314697265625 31.8226203918457 32.2879791259766 32.1786346435547 32.0296363830566 31.3743801116943 30.9585342407227 29.4273929595947 28.198844909668 28.2439670562744 28.1367855072021 28.0994338989258 28.5551929473877 28.7160053253174 28.9057731628418 29.0983486175537 29.9620704650879 29.8228321075439 29.4356479644775
33.1206703186035 33.2129211425781 33.3540725708008 33.3388519287109 33.3123817443848 33.0216178894043 32.8205490112305 32.576042175293 33.2233543395996 33.7235908508301 33.8660354614258 33.9200325012207 34.0080146789551 34.0143737792969 33.7206916809082 33.3292961120605 33.3576393127441 33.4263305664062 33.4808082580566 33.3682060241699 33.2339935302734 32.8373832702637 31.7531127929688 32.0581893920898 31.1253890991211 31.1245594024658 31.2718982696533 31.5914821624756 30.5754871368408 31.2290115356445 30.8702545166016 30.9872379302979 32.2227096557617 31.8026065826416 30.8575611114502 28.6809558868408 27.7997207641602 27.8038063049316 27.156494140625 27.575138092041 28.192720413208 28.1815452575684 28.2676010131836 29.610710144043 29.1765975952148 28.6543083190918
33.1970024108887 33.1240692138672 33.1883316040039 33.0061264038086 33.2081680297852 33.1317443847656 32.9199447631836 32.6732978820801 32.8697204589844 33.4769515991211 33.7320899963379 33.9332466125488 33.9859352111816 33.9613189697266 33.9112815856934 33.5166816711426 33.143180847168 32.958366394043 33.2344932556152 33.3667297363281 33.2349281311035 33.0994033813477 32.7847557067871 32.2198944091797 31.1759281158447 30.9717025756836 30.9285163879395 31.0262966156006 31.0808849334717 30.5659294128418 30.0120296478271 30.7747459411621 31.9626235961914 31.2339572906494 31.4548988342285 30.9240970611572 30.502571105957 30.3747711181641 29.4097785949707 28.3256378173828 29.028076171875 28.716365814209 29.1039352416992 29.2885551452637 28.9925765991211 28.5306091308594
