inst/extdata/Tmax/Tmax78.asc
NCOLS 100 
NROWS 79 
XLLCORNER 148.06 
YLLCORNER -21.49 
CELLSIZE 0.01 
NODATA_value -3.4e+38 
[rows 0 to 19 of 79, columns 0 to 45 of 100]
36.070423126220703 35.7564888000488 34.8882179260254 35.1892127990723 35.294075012207 35.6405410766602 35.7832717895508 35.9018516540527 35.8406600952148 35.6674270629883 35.2444686889648 35.0452919006348 34.9539642333984 33.889476776123 34.2833786010742 34.6133460998535 34.9149780273438 34.8553123474121 34.1644859313965 33.5913543701172 33.4513893127441 32.6464385986328 32.9914665222168 34.022777557373 34.4048347473145 34.5751686096191 34.4555931091309 34.4579048156738 34.1870956420898 33.8727378845215 33.1590766906738 31.6072216033936 32.6405181884766 32.553092956543 31.5552062988281 30.6126079559326 30.5042419433594 30.1680088043213 30.8077697753906 32.3169250488281 33.4669380187988 33.6429710388184 34.1599082946777 34.4670333862305 34.6324729919434 34.763069152832
35.9135131835938 35.4396553039551 34.7400131225586 34.8056144714355 34.2861442565918 35.0730667114258 35.5446281433105 35.7992210388184 35.8839950561523 35.7575912475586 35.4443283081055 35.1541900634766 35.226188659668 34.8498764038086 34.6886253356934 34.5704612731934 34.8949699401855 34.8866958618164 34.0406684875488 33.5223655700684 33.9412651062012 33.7096786499023 33.5975303649902 33.9380111694336 34.2911605834961 34.4109992980957 34.6119918823242 34.5351295471191 34.3405647277832 34.146842956543 33.4594192504883 32.304500579834 33.2343673706055 32.8830757141113 32.3214683532715 31.5086441040039 31.1240692138672 31.4214420318604 32.2869453430176 33.1463203430176 34.2455635070801 34.5791893005371 34.6970596313477 34.703483581543 34.762882232666 34.8119506835938
35.8974800109863 35.164981842041 35.2430763244629 35.3382377624512 34.9170799255371 35.0025596618652 35.3364791870117 35.8067207336426 35.9362144470215 35.7945518493652 35.5242729187012 35.3879585266113 35.2870712280273 35.2170028686523 34.9390335083008 34.7906799316406 34.9483108520508 35.0410575866699 34.5413627624512 34.3606491088867 34.2165184020996 33.9229545593262 33.7111625671387 33.7915534973145 34.4573287963867 34.6463279724121 34.4940223693848 34.4428329467773 34.4147529602051 34.1431541442871 34.1613121032715 33.3555374145508 33.5269584655762 32.5130271911621 32.2463645935059 31.7019195556641 31.2522068023682 30.8326206207275 31.6867561340332 32.6437568664551 33.6897583007812 34.4636001586914 34.765209197998 34.8373565673828 34.8279342651367 34.7936668395996
36.082763671875 35.7574310302734 35.4317970275879 35.9608726501465 35.4867286682129 35.0914688110352 35.4048233032227 35.8772010803223 35.9979705810547 35.8557243347168 35.7059669494629 35.6460914611816 35.5310440063477 35.3662567138672 34.9746856689453 34.8068008422852 35.0906257629395 35.0970497131348 34.8875694274902 34.4745178222656 34.1834678649902 33.845344543457 33.8907012939453 33.8395881652832 34.3016624450684 34.6302108764648 34.3148422241211 34.4970092773438 34.3234519958496 33.6343727111816 34.0593185424805 34.0911903381348 33.4731216430664 32.4361534118652 31.9454345703125 31.1922283172607 31.4126148223877 30.9760360717773 30.8645858764648 30.4337024688721 31.737663269043 33.8437385559082 34.6127738952637 34.8310317993164 34.601016998291 34.5156936645508
36.5739898681641 36.0697479248047 35.8264617919922 36.1675910949707 35.9389953613281 35.3468704223633 35.3573150634766 35.904712677002 36.0090751647949 35.6596984863281 35.6389045715332 35.7880401611328 35.6549110412598 35.3905792236328 35.0552864074707 35.1629753112793 35.2118606567383 34.9597473144531 34.5477714538574 33.9039497375488 34.0404930114746 34.1607780456543 34.2470092773438 34.3863716125488 34.3682060241699 34.0719833374023 34.6563377380371 34.3088989257812 34.1781768798828 33.757266998291 34.0245628356934 33.8550109863281 33.5841865539551 32.7629318237305 32.3197364807129 32.5608863830566 32.2879600524902 31.8180122375488 31.3500118255615 30.7092323303223 30.3963222503662 33.193473815918 34.3672981262207 34.7684173583984 34.1418190002441 33.5073547363281
36.7056579589844 36.4701766967773 35.8189964294434 36.1838150024414 36.2238235473633 35.8323249816895 35.5586318969727 35.9385757446289 36.0546188354492 35.7785758972168 35.6575660705566 35.8631019592285 35.7022476196289 35.4394493103027 34.848949432373 35.2639694213867 35.1738891601562 34.7599220275879 34.2719306945801 33.8947830200195 33.9612808227539 34.1580619812012 34.4001235961914 34.3765487670898 34.5980758666992 34.4846801757812 34.5309944152832 33.8748931884766 33.8501205444336 32.933723449707 33.5243911743164 33.892333984375 33.9463500976562 33.6583404541016 33.3531303405762 33.2812614440918 32.580394744873 32.1608238220215 31.8739795684814 31.1715393066406 30.7305450439453 32.87158203125 34.2879219055176 34.7549247741699 34.3083992004395 32.585334777832
36.8711853027344 36.6254005432129 36.2639961242676 36.3917579650879 36.3246574401855 35.9696464538574 35.365795135498 35.8460845947266 35.9881401062012 36.084903717041 36.008472442627 35.8463745117188 35.450439453125 35.5243835449219 35.4739456176758 35.3262100219727 35.1405601501465 34.6297760009766 34.426139831543 34.1464691162109 33.6269760131836 33.7857666015625 34.1689567565918 34.474723815918 34.745792388916 34.6596031188965 34.6554641723633 34.1775016784668 33.8570098876953 32.8336944580078 32.8231353759766 32.9044761657715 33.67822265625 33.7941665649414 33.4013595581055 33.2923622131348 32.8069076538086 31.6327285766602 31.8237838745117 31.4377288818359 31.2889556884766 32.7377510070801 34.1210136413574 34.5650215148926 34.3729667663574 32.944149017334
36.8654670715332 36.7600364685059 36.482307434082 36.4855918884277 36.4269180297852 36.1695671081543 35.6225090026855 35.4887619018555 35.7471733093262 36.0275344848633 36.0988388061523 35.816577911377 35.2005882263184 35.3749198913574 35.5525703430176 34.9293670654297 34.8689956665039 34.1754875183105 34.0924491882324 33.8700370788574 33.2652969360352 33.6630172729492 34.0219459533691 34.4768943786621 34.852668762207 34.8393058776855 34.4743461608887 34.0718650817871 33.9009170532227 33.2400703430176 32.0960350036621 32.3332099914551 32.6089935302734 33.0941276550293 33.395881652832 32.8803100585938 32.9221153259277 32.1725692749023 31.3082046508789 31.5426330566406 31.7110061645508 32.6304512023926 33.4220390319824 34.2734870910645 34.2397003173828 32.6951141357422
36.6509208679199 36.8304748535156 36.6608695983887 36.5954933166504 36.456356048584 36.2150230407715 35.867317199707 35.425895690918 35.5640525817871 36.0030403137207 36.1184120178223 36.0449066162109 35.8378868103027 35.6821784973145 35.3409957885742 34.6489028930664 34.8037872314453 34.5587921142578 34.6584053039551 33.8327255249023 33.817253112793 33.6667938232422 33.738899230957 34.305233001709 34.7834434509277 34.9141387939453 34.1192474365234 33.3480949401855 33.4061241149902 33.3108177185059 32.7917518615723 32.2988395690918 31.9134159088135 32.3013610839844 33.0562362670898 32.5288009643555 32.3142776489258 32.2588386535645 31.441650390625 31.1536903381348 31.3334617614746 31.4160652160645 32.1582908630371 33.4291381835938 33.822826385498 32.7717819213867
36.389232635498 36.7451362609863 36.7792015075684 36.6318969726562 36.4267463684082 36.29736328125 36.0948715209961 35.6589546203613 35.3408012390137 35.9319381713867 36.1187286376953 35.7390403747559 35.0791969299316 35.1190795898438 35.1910858154297 35.1482238769531 35.1611824035645 35.0029830932617 34.7998123168945 34.5074844360352 34.2036628723145 33.6274948120117 33.9034042358398 34.6047172546387 34.9661979675293 34.856128692627 34.2415161132812 34.0799369812012 33.6300468444824 33.1753463745117 32.0832557678223 31.7341861724854 32.6520652770996 32.5178108215332 32.3268508911133 32.1129760742188 31.9117755889893 32.1493530273438 31.6729354858398 31.0193958282471 31.0386028289795 30.5509567260742 31.2692623138428 32.235279083252 32.4801483154297 31.9466648101807
36.0897598266602 36.3645515441895 36.7915344238281 36.6844825744629 36.5445404052734 36.4482879638672 36.2540969848633 35.8997383117676 35.8642845153809 36.0510559082031 36.155330657959 35.7955894470215 35.4774322509766 34.788948059082 34.9252586364746 35.1621513366699 35.2573776245117 35.401008605957 34.9853096008301 34.7907371520996 34.4197807312012 34.0768775939941 34.1238098144531 34.5958061218262 34.9476852416992 34.8449668884277 34.2360610961914 33.569637298584 32.6880149841309 32.6728324890137 32.3457450866699 32.2835006713867 33.0067939758301 32.7738647460938 31.9898300170898 31.7574443817139 32.1515731811523 31.8933963775635 31.5542430877686 31.0672550201416 31.1050262451172 30.8765640258789 30.5614471435547 31.1788597106934 31.5365161895752 31.7868576049805
35.9346809387207 35.9859657287598 36.7589683532715 36.7378692626953 36.6409683227539 36.5089340209961 36.3335494995117 36.0130462646484 36.0267906188965 36.2647514343262 36.1952209472656 35.9985733032227 35.6512794494629 35.1906394958496 35.0796356201172 35.3311080932617 35.5894203186035 35.5512657165527 35.3009567260742 34.8749160766602 34.4096755981445 34.0974502563477 34.2227249145508 34.3366279602051 34.5066413879395 34.7769775390625 33.9213066101074 33.211368560791 32.6679534912109 32.8624687194824 32.9064178466797 32.8186073303223 33.1615333557129 32.6925735473633 32.4636421203613 32.3739356994629 31.9920635223389 31.4729290008545 31.913444519043 32.0968742370605 31.7129325866699 31.3213558197021 30.8539123535156 31.2279090881348 31.6659164428711 31.9878826141357
36.078929901123 36.5259666442871 36.745433807373 36.6899948120117 36.6795310974121 36.5735511779785 36.4267425537109 36.0702896118164 36.1273574829102 36.3812484741211 36.1842308044434 36.0990104675293 35.8868827819824 35.929313659668 35.8211250305176 35.7823715209961 35.7752952575684 35.6755561828613 35.4569854736328 34.9767646789551 34.7175827026367 34.8383827209473 35.0467529296875 35.2276420593262 35.0792236328125 34.6938247680664 34.5035018920898 34.0613746643066 33.7293281555176 33.5541000366211 33.5924491882324 33.3975028991699 33.2990455627441 32.7915496826172 32.2938385009766 31.8915939331055 31.4110260009766 32.3534736633301 32.5834045410156 32.5227928161621 31.3651084899902 31.2971611022949 30.862060546875 30.6173858642578 31.725414276123 32.1842002868652
36.4814949035645 36.6611633300781 36.6923484802246 36.6004028320312 36.593822479248 36.616641998291 36.5431747436523 36.4155082702637 36.2103691101074 36.3117218017578 36.2636947631836 36.1776847839355 36.0428581237793 35.931224822998 35.8153343200684 35.7255897521973 35.8361625671387 35.7301712036133 35.5835304260254 35.4634017944336 35.3526916503906 35.2965774536133 35.0982666015625 35.1793327331543 34.7763595581055 33.8780860900879 33.8186683654785 33.4389495849609 32.9417610168457 33.5977821350098 33.818733215332 33.766227722168 33.1116142272949 32.8363838195801 32.7190704345703 32.6557655334473 32.6217231750488 32.342098236084 32.8551635742188 33.1259574890137 32.6767463684082 32.2866020202637 31.7258186340332 31.2496185302734 32.1341972351074 32.5350914001465
35.7730026245117 36.2937393188477 36.6585578918457 36.5778884887695 36.4481964111328 36.5169448852539 36.4579277038574 36.2885246276855 35.8940086364746 35.9172248840332 36.1935348510742 36.0006790161133 35.5131759643555 35.6436424255371 35.7865371704102 35.2788734436035 35.6477546691895 35.7816009521484 35.7154197692871 35.6497917175293 35.5790481567383 35.2029266357422 34.6271057128906 34.9482955932617 34.7810668945312 34.5279960632324 34.447509765625 34.1341972351074 33.8045501708984 34.0111465454102 33.95556640625 33.7143936157227 33.3192481994629 33.5083236694336 33.4592742919922 32.6505355834961 33.1050643920898 32.3771324157715 32.6355667114258 33.2566299438477 33.2228965759277 32.9990310668945 32.3505439758301 31.6425514221191 32.1595306396484 32.7771415710449
34.958869934082 35.8908538818359 36.5469818115234 36.6437721252441 36.5651969909668 36.5234832763672 36.4115142822266 36.2934532165527 36.0813865661621 35.6041870117188 35.2286109924316 35.8685150146484 35.107780456543 34.8152961730957 35.5738830566406 35.2392883300781 35.2080230712891 35.5928573608398 35.5971717834473 35.5772438049316 35.5646667480469 35.5194282531738 35.378589630127 35.1542320251465 34.7717170715332 34.422550201416 34.4208869934082 34.3457908630371 34.2784576416016 34.1044731140137 33.9424285888672 33.5795249938965 33.3298568725586 33.8506317138672 33.7302360534668 33.4884452819824 33.4777565002441 32.9887504577637 32.6828727722168 33.2304306030273 33.3736801147461 32.8441505432129 31.7722206115723 30.8295631408691 31.197639465332 32.6199531555176
35.8781242370605 35.7194213867188 36.22998046875 36.3813400268555 36.563060760498 36.5169639587402 36.3921127319336 36.2505569458008 36.0953636169434 35.8199882507324 35.2301826477051 35.5829811096191 34.6372451782227 34.4055252075195 35.0551643371582 34.9123268127441 34.3018951416016 35.2375068664551 35.213996887207 35.1784591674805 35.3816452026367 35.4962387084961 35.3916854858398 35.0061454772949 34.2737350463867 33.7684097290039 33.4283065795898 33.693302154541 34.1430435180664 33.6439552307129 33.4471893310547 32.7963104248047 33.3777732849121 34.0597610473633 33.8892211914062 33.712230682373 33.7311477661133 33.3624000549316 33.0455284118652 33.2640037536621 33.4122505187988 32.488525390625 31.6499786376953 31.8980712890625 32.1759262084961 32.6466445922852
35.9905967712402 36.2952880859375 36.3431053161621 36.3388595581055 36.446964263916 36.4793128967285 36.4045715332031 36.3127670288086 36.157958984375 35.7377433776855 35.3742370605469 35.0235977172852 34.6541748046875 34.3246726989746 34.7640380859375 34.6257476806641 34.6363792419434 34.4612998962402 34.2285308837891 34.1990394592285 35.1709861755371 35.381290435791 35.3445625305176 35.2347602844238 34.7164916992188 33.7346267700195 32.546459197998 33.2245101928711 33.8832015991211 33.079158782959 33.3799285888672 33.8427085876465 34.0673065185547 34.2735214233398 34.1836051940918 34.0032196044922 33.5953559875488 32.9054298400879 33.2614707946777 33.4315338134766 33.6734352111816 33.3816375732422 33.2403602600098 33.2080268859863 33.1545944213867 32.6904563903809
36.198371887207 36.1766242980957 36.023983001709 36.0994033813477 36.4802322387695 36.3714294433594 36.3653755187988 36.3340034484863 36.2358779907227 35.912109375 34.9279136657715 34.9873809814453 34.597728729248 33.6132278442383 34.2372627258301 34.0262260437012 33.8723640441895 33.264331817627 33.9652671813965 34.2666206359863 35.1728172302246 35.1737937927246 35.2706489562988 35.3390045166016 34.6067657470703 33.7030258178711 32.7294158935547 33.363899230957 33.8558654785156 33.4346160888672 33.8252029418945 34.1681251525879 34.461254119873 34.4476432800293 34.0736694335938 33.8462524414062 33.5354804992676 33.3041610717773 33.711612701416 33.7642021179199 33.7798652648926 33.702335357666 33.582691192627 33.0531349182129 32.3684310913086 32.3265686035156
36.3223342895508 36.3027305603027 36.263843536377 36.1252288818359 36.4896202087402 36.4718360900879 36.4005813598633 36.3350791931152 36.2590408325195 36.1551246643066 35.8562240600586 35.200870513916 34.466968536377 33.4352722167969 33.69970703125 33.6561584472656 33.2752799987793 33.504035949707 33.70458984375 34.5579299926758 35.1944694519043 34.8265419006348 35.3918037414551 35.2451248168945 34.7368431091309 34.5206680297852 33.6302680969238 33.6995429992676 33.9699058532715 33.8123054504395 34.2904586791992 34.2452049255371 34.5842514038086 34.5087661743164 34.370059967041 34.1554260253906 33.465747833252 33.5860862731934 33.7791175842285 33.7590446472168 33.7703094482422 33.6464996337891 33.5655822753906 33.1462249755859 33.0734977722168 32.9580383300781
