inst/extdata/Tmax/Tmax148.asc
NCOLS 100 
NROWS 79 
XLLCORNER 148.06 
YLLCORNER -21.49 
CELLSIZE 0.01 
NODATA_value -3.4e+38 
[rows 40 to 59 of 79, columns 46 to 91 of 100]
33.705696105957 34.4996795654297 34.8465690612793 35.5848274230957 36.9355964660645 37.7801704406738 37.3925170898438 35.8098258972168 35.5094795227051 36.0798301696777 36.5292358398438 38.0324478149414 37.6919326782227 37.9176406860352 37.1832160949707 38.1787261962891 38.4053649902344 38.1332511901855 38.2678756713867 38.4025230407715 38.4569625854492 37.5219497680664 37.9593391418457 38.3230667114258 38.4461402893066 38.5489540100098 38.4752082824707 38.1097602844238 38.331672668457 38.5631103515625 38.5630912780762 38.436222076416 38.1314659118652 36.8628768920898 37.1772155761719 37.9260330200195 37.8595733642578 37.7905731201172 38.0658760070801 37.5239677429199 36.8063163757324 37.3287162780762 37.6827049255371 37.4978561401367 37.7969284057617 37.8775329589844
34.7937393188477 35.750114440918 35.6869697570801 35.6567687988281 36.9670791625977 38.0261535644531 37.0756950378418 36.7498092651367 37.2554168701172 37.3323059082031 37.6583366394043 38.3478126525879 38.2554321289062 38.3006401062012 38.1749305725098 38.5425872802734 38.6123657226562 38.5712814331055 38.5543212890625 38.6041984558105 38.6244087219238 38.1189804077148 37.4257278442383 37.8234367370605 37.7708702087402 38.3196182250977 38.6626396179199 38.205436706543 38.2209510803223 38.6477165222168 38.7185821533203 38.6626853942871 38.5183448791504 37.9220848083496 38.1969375610352 38.2776412963867 38.0863494873047 38.1057472229004 38.2366180419922 38.3884239196777 37.440242767334 37.6996612548828 38.3513412475586 38.1751708984375 38.3344459533691 38.3066482543945
36.7735252380371 36.9277420043945 37.0847282409668 37.4931907653809 37.7785263061523 38.2050819396973 37.8512115478516 37.4051513671875 37.8472442626953 38.2372360229492 38.1898345947266 38.5456275939941 38.6085319519043 38.553295135498 38.5518341064453 38.6811599731445 38.720027923584 38.7226753234863 38.7166786193848 38.7322540283203 38.6789436340332 37.7536239624023 37.5763359069824 38.1160278320312 37.6115188598633 38.1136703491211 38.5921211242676 38.5178108215332 38.4852752685547 38.7678184509277 38.8250999450684 38.8438415527344 38.8271903991699 38.735107421875 38.6578330993652 38.3600654602051 37.4477043151855 38.0836334228516 38.6499977111816 38.6658782958984 38.5688972473145 38.5308303833008 38.6706695556641 38.7254180908203 38.7850303649902 38.7602005004883
37.8097763061523 37.8316078186035 37.9475059509277 38.0760078430176 38.2815322875977 38.3722648620605 38.3110084533691 38.1033973693848 38.2991333007812 38.5523414611816 38.5915451049805 38.6698188781738 38.6738739013672 38.6616439819336 38.7084274291992 38.7198638916016 38.6789970397949 38.6801948547363 38.7388763427734 38.7945785522461 38.7863731384277 38.5706100463867 38.3382568359375 38.5415191650391 38.4295387268066 38.0149993896484 38.3344993591309 38.6344871520996 38.8143920898438 38.8597984313965 38.8891792297363 38.904598236084 38.8971977233887 38.877082824707 38.8921051025391 38.7780570983887 38.3130874633789 38.6508331298828 38.8529815673828 38.8564033508301 38.8540725708008 38.8707084655762 38.875171661377 38.9098739624023 38.9333839416504 38.9303512573242
37.6613922119141 37.8942985534668 38.1223487854004 38.133602142334 38.1855163574219 38.3090438842773 38.3880310058594 38.485237121582 38.5395812988281 38.5060043334961 38.3284225463867 38.4667930603027 38.4133644104004 38.1695404052734 38.3832550048828 38.5604515075684 38.4692268371582 38.6083679199219 38.728832244873 38.8019065856934 38.8517761230469 38.7445945739746 38.448558807373 38.2096862792969 38.4640350341797 38.6778526306152 38.7501258850098 38.8163414001465 38.846378326416 38.9012298583984 38.9158554077148 38.92724609375 38.9046211242676 38.8844261169434 38.9326477050781 38.9064750671387 38.9049491882324 38.9192581176758 38.8806915283203 38.9000244140625 38.9068489074707 38.9118156433105 38.9328155517578 38.9371147155762 38.8600769042969 38.9162635803223
36.1655197143555 36.8171272277832 37.1719284057617 37.3603057861328 37.6795768737793 37.9781913757324 37.9358596801758 38.1206436157227 38.1429901123047 37.9982376098633 37.3435859680176 37.3605270385742 37.4309234619141 36.1815986633301 36.9889907836914 37.7176666259766 38.3106536865234 38.6782341003418 38.7929840087891 38.8394165039062 38.8813095092773 38.7250213623047 38.301872253418 37.9474830627441 38.2494735717773 38.5571212768555 38.7124900817871 38.7212562561035 38.8092269897461 38.902759552002 38.936336517334 38.954158782959 38.9536476135254 38.9636764526367 38.9495658874512 38.8833503723145 38.8913192749023 38.9021873474121 38.8912124633789 38.9012298583984 38.9020233154297 38.9109535217285 38.9182662963867 38.8842849731445 38.8947906494141 38.9469604492188
34.1668357849121 35.2337074279785 35.1522407531738 35.1252479553223 36.2314186096191 36.6952972412109 36.8022193908691 37.029670715332 37.4211616516113 36.8988761901855 36.3458518981934 35.8639717102051 36.4280700683594 36.3244209289551 36.7035980224609 37.7775955200195 38.5122108459473 38.7305526733398 38.7866630554199 38.7876052856445 38.8701210021973 38.9085350036621 38.4999237060547 38.1640853881836 38.0717926025391 38.3889465332031 38.6261329650879 38.7639541625977 38.8886909484863 38.9276733398438 38.9773559570312 39.0052299499512 39.0147895812988 39.0022659301758 38.9390411376953 38.9092826843262 38.9225006103516 38.9362487792969 38.9394721984863 38.9423828125 38.9420318603516 38.9550399780273 38.9689559936523 38.9528579711914 38.9622764587402 38.8795280456543
34.2755851745605 34.2173156738281 34.0529747009277 34.1189918518066 34.0688629150391 34.7368965148926 35.7895393371582 36.352596282959 36.5109252929688 36.408031463623 36.8739471435547 36.7354354858398 36.6034736633301 37.0982780456543 37.3499221801758 38.2869148254395 38.5739707946777 38.6240730285645 38.5807991027832 38.7275772094727 38.8837738037109 38.9588356018066 38.8339538574219 38.5390853881836 38.1327514648438 38.4457778930664 38.6666870117188 38.8541297912598 38.9460716247559 39.0030174255371 39.0427474975586 39.0442123413086 38.9966850280762 38.939380645752 38.8953170776367 38.9006538391113 38.9316329956055 38.9652214050293 38.9735069274902 38.9770393371582 38.9906196594238 39.0101356506348 39.0202827453613 39.0154113769531 38.8311882019043 38.6415214538574
33.9411659240723 34.029727935791 34.2248268127441 33.981575012207 33.9026565551758 34.0012168884277 34.7416610717773 36.1280288696289 36.588695526123 36.7430458068848 36.6172790527344 36.7789916992188 37.0299110412598 37.2790756225586 37.3310089111328 37.9151763916016 38.3311080932617 38.3521499633789 38.3666839599609 38.6989402770996 38.842357635498 38.8835868835449 38.991527557373 38.9276390075684 38.8308296203613 38.8307075500488 38.9402732849121 39.0288124084473 39.0552673339844 39.0767059326172 39.0775184631348 39.0295028686523 38.9629440307617 38.8493156433105 38.82666015625 38.9159164428711 38.9447250366211 38.9819717407227 39.0174217224121 39.0211334228516 39.0504417419434 39.0668830871582 39.0689468383789 39.0722160339355 38.9341850280762 38.8282623291016
34.0111083984375 34.1639556884766 34.187557220459 33.905330657959 34.3328666687012 35.062141418457 35.1551284790039 36.2091445922852 36.6185188293457 36.7961921691895 36.6506538391113 37.0580062866211 37.2972640991211 37.303596496582 37.39599609375 37.3250732421875 37.4494781494141 37.714527130127 38.1234664916992 38.5118293762207 38.6470184326172 38.6874084472656 38.9567604064941 39.0268821716309 39.0646018981934 39.0753898620605 39.0689735412598 38.915699005127 38.9988975524902 39.0874214172363 39.0769386291504 38.9813537597656 38.9563751220703 38.7776260375977 38.7303199768066 38.9453964233398 38.9661140441895 38.9683609008789 39.048168182373 39.0742492675781 39.0854530334473 39.1094551086426 39.1131477355957 39.1047401428223 39.0514640808105 39.0096969604492
34.047477722168 33.9456367492676 34.1384506225586 33.8898048400879 34.4568214416504 35.4123802185059 35.711669921875 36.205005645752 36.8041152954102 37.1898384094238 37.2194137573242 37.3257446289062 37.3906936645508 37.4284057617188 37.4394989013672 37.4189071655273 37.5114898681641 37.2533340454102 36.9221229553223 38.1257476806641 38.0418510437012 38.5212440490723 38.8859519958496 38.969596862793 39.0427513122559 39.0592880249023 39.0052223205566 38.8005714416504 38.972526550293 39.0971908569336 38.9582099914551 38.8087539672852 38.8446846008301 38.844066619873 38.8968238830566 39.0114631652832 39.0386428833008 39.0436630249023 39.0616073608398 39.1161499023438 39.1441917419434 39.1467628479004 39.1426849365234 39.1295738220215 39.1088981628418 39.0479927062988
33.6716041564941 33.6501045227051 33.9878959655762 33.4368782043457 33.5714797973633 35.3222160339355 35.978572845459 36.5141258239746 36.7993202209473 37.0433578491211 37.1103591918945 37.1188278198242 36.9539794921875 36.9584426879883 37.1895065307617 37.3446884155273 37.7201080322266 37.6667518615723 37.4965972900391 37.5647125244141 37.4321784973145 38.2845306396484 38.7308502197266 38.9336051940918 38.9634399414062 39.0119781494141 38.6722450256348 38.3123893737793 38.9558601379395 39.11181640625 38.8567924499512 38.5689582824707 38.8481674194336 38.918815612793 38.9695701599121 38.969367980957 38.9862899780273 39.0099334716797 39.052059173584 39.0611038208008 39.1042251586914 39.1583671569824 39.166015625 39.1556930541992 39.1387023925781 39.0981369018555
33.3521385192871 33.2254638671875 33.6421356201172 33.5359992980957 33.6151809692383 34.5074768066406 35.3990478515625 35.9625625610352 36.3728218078613 36.6796188354492 36.6460876464844 36.5897064208984 36.6490631103516 36.8959274291992 37.5982971191406 37.7440032958984 37.9613418579102 37.8836669921875 37.8214263916016 37.6682395935059 37.4455490112305 38.1700439453125 38.6600151062012 38.8824081420898 38.8410186767578 38.9694786071777 38.5927963256836 37.6450881958008 38.7092552185059 39.1008987426758 38.8506965637207 38.6284294128418 38.8561897277832 38.8155822753906 38.7654991149902 38.8266754150391 38.898120880127 38.8529243469238 38.793212890625 38.7980690002441 38.9472045898438 39.0615539550781 39.1712837219238 39.173412322998 39.159912109375 39.1425590515137
34.3380584716797 33.4258270263672 33.5242042541504 33.8811149597168 34.217357635498 35.1669235229492 35.2301368713379 35.9074516296387 36.5888557434082 36.871711730957 37.1795845031738 37.2738800048828 37.3956832885742 37.6570777893066 37.8789863586426 37.961109161377 37.933162689209 38.0357055664062 38.0237045288086 37.8010749816895 37.6216506958008 37.6780548095703 38.2589263916016 38.5221099853516 38.4670486450195 38.9440155029297 38.8567428588867 38.2093925476074 38.7951583862305 39.0922698974609 38.8878517150879 38.7210159301758 38.6540870666504 38.3271675109863 38.5457534790039 38.5143280029297 38.5450096130371 38.1303672790527 38.2591247558594 37.2092208862305 38.6668395996094 38.9527816772461 39.1575965881348 39.1861801147461 39.178539276123 39.162036895752
34.9651336669922 34.0772705078125 33.6084175109863 34.3244934082031 34.9016952514648 35.5531997680664 35.6217842102051 36.0321006774902 36.684700012207 37.0429763793945 37.0929565429688 37.1057052612305 37.4885482788086 37.6940841674805 37.8339996337891 37.853931427002 38.0976295471191 38.2617530822754 38.2536849975586 38.0138778686523 37.866340637207 37.8083419799805 37.9721565246582 38.0082702636719 38.0041770935059 38.75634765625 38.96484375 38.6807899475098 38.3916282653809 38.9718589782715 38.5220947265625 37.6991806030273 38.3715171813965 38.5625381469727 38.8872756958008 38.9248809814453 38.9031105041504 38.8893241882324 38.6776161193848 37.6613960266113 38.5500793457031 38.9126434326172 39.1123542785645 39.1804466247559 39.1946411132812 39.1819190979004
35.0113410949707 34.238899230957 33.7338676452637 34.8904304504395 35.7554397583008 36.1426239013672 36.7851142883301 36.9857711791992 37.1657638549805 37.2607917785645 37.1082649230957 37.0712928771973 37.6012268066406 37.7210426330566 37.7568969726562 37.870979309082 38.0169906616211 38.0296783447266 38.6090240478516 38.375373840332 38.1093482971191 37.9786338806152 37.9776611328125 37.832347869873 37.8675003051758 38.5637626647949 38.9515914916992 38.8746337890625 38.7413635253906 39.0859756469727 38.3868675231934 37.2534103393555 37.8068046569824 38.5501441955566 38.6089630126953 38.2328834533691 38.3163185119629 38.8973960876465 39.0414199829102 39.0201568603516 39.0879325866699 39.0982437133789 39.1317710876465 39.1500549316406 39.1947364807129 39.2046089172363
34.902530670166 34.0314483642578 33.6071128845215 34.700927734375 35.8403739929199 36.1610145568848 35.6604080200195 36.8240089416504 36.7779579162598 36.3007850646973 37.1340789794922 37.3154220581055 37.333683013916 37.4204978942871 37.4647064208984 37.7293815612793 37.8937454223633 38.0400581359863 38.5844573974609 38.733959197998 38.551342010498 38.2483291625977 38.0917739868164 38.0325546264648 37.8030700683594 38.3349456787109 38.8417167663574 38.8776969909668 39.0955848693848 39.1808128356934 38.6595687866211 36.822021484375 37.5425109863281 37.0387649536133 37.4329223632812 36.7132759094238 37.7472724914551 38.8719749450684 39.0134086608887 39.0977783203125 39.1421241760254 39.0724258422852 38.9780578613281 39.109691619873 39.1554412841797 39.1834411621094
34.8875198364258 34.2128410339355 34.2676048278809 34.7275199890137 35.5483474731445 35.9288902282715 36.3019371032715 36.505054473877 35.3819122314453 35.3035087585449 36.6473693847656 35.7927093505859 36.109676361084 36.4923896789551 37.1129951477051 37.6421508789062 37.8312225341797 38.0883979797363 38.479419708252 38.6393356323242 38.7250709533691 38.4912757873535 38.1679077148438 38.2642784118652 38.1543617248535 38.4360046386719 38.4544143676758 38.298038482666 38.8956108093262 39.1106834411621 38.888542175293 38.1582450866699 36.6372337341309 34.7616920471191 34.9199180603027 36.6015319824219 38.1701354980469 38.8396339416504 38.9758605957031 38.9337921142578 38.9626197814941 38.7411346435547 38.6307029724121 39.0389099121094 38.786506652832 38.8748550415039
34.8642616271973 34.5385398864746 34.3542785644531 34.630802154541 35.1746635437012 35.8903694152832 36.0332870483398 35.6673583984375 35.2517356872559 35.9907493591309 36.4220161437988 35.5584945678711 35.8400764465332 36.2094230651855 37.0294456481934 37.469539642334 37.8131103515625 38.3055305480957 38.7664222717285 38.6033363342285 38.4908065795898 38.8261642456055 38.5755882263184 38.399600982666 38.250129699707 38.2780838012695 38.3849487304688 38.3008842468262 38.6698989868164 39.044361114502 39.1054611206055 38.5742416381836 37.8282737731934 36.0740432739258 35.4667129516602 36.6643600463867 38.1651306152344 38.7767715454102 38.8584480285645 38.3844528198242 38.6875686645508 38.8942413330078 38.6926345825195 38.776725769043 38.4521102905273 38.7456359863281
34.5627899169922 34.3703765869141 33.9419212341309 34.2444610595703 34.9309234619141 35.0850410461426 35.4584808349609 35.7447929382324 35.9955902099609 36.0836944580078 36.3900909423828 36.5737190246582 37.1414604187012 37.2161331176758 37.381519317627 36.9549026489258 37.9706611633301 38.3909606933594 38.6344947814941 38.3557434082031 38.5063247680664 38.7349052429199 38.8605499267578 38.8168830871582 38.5310668945312 38.4888381958008 38.1289749145508 38.3207817077637 38.761589050293 38.8699989318848 39.0492668151855 39.1000099182129 38.5284118652344 37.833423614502 36.8817558288574 36.601131439209 37.8517303466797 38.6916618347168 38.1866722106934 37.6376304626465 38.6365051269531 38.9189529418945 38.64111328125 37.8362808227539 38.2284317016602 38.7991180419922
