inst/extdata/Tmax/Tmax35.asc
NCOLS 100 
NROWS 79 
XLLCORNER 148.06 
YLLCORNER -21.49 
CELLSIZE 0.01 
NODATA_value -3.4e+38 
[rows 20 to 39 of 79, columns 46 to 91 of 100]
24.5428657531738 22.660135269165 22.3565006256104 23.7641086578369 23.4203605651855 23.0159893035889 21.943431854248 20.8180694580078 23.2461376190186 25.0421829223633 25.7681694030762 26.0837268829346 25.9704322814941 26.6988525390625 25.6191539764404 26.1307926177979 26.3465118408203 26.8321723937988 28.0738773345947 27.898120880127 29.724063873291 31.8729114532471 32.9526329040527 32.6207046508789 31.1228542327881 31.5025310516357 32.2300567626953 30.7112770080566 29.7621459960938 30.6470642089844 29.8561725616455 30.5732402801514 30.9592018127441 31.8179893493652 31.5257396697998 30.093936920166 29.4922199249268 29.3541698455811 30.7694129943848 32.1100845336914 31.1357860565186 31.6553745269775 30.7951335906982 30.4118556976318 30.5552539825439 31.2973594665527
27.0445461273193 21.7311725616455 21.2324886322021 22.5763149261475 22.3237171173096 21.5865783691406 22.6331062316895 21.0212268829346 22.0697116851807 24.5197238922119 26.7410755157471 24.2344398498535 23.643424987793 25.9285583496094 24.3401699066162 24.3275928497314 25.2235298156738 26.8835945129395 26.6884365081787 27.3480377197266 29.9168224334717 32.2703323364258 27.0040073394775 26.8257389068604 30.2054748535156 31.8446712493896 33.0412750244141 29.5405979156494 30.3977241516113 29.2789688110352 29.6420402526855 29.5953235626221 30.1667900085449 29.6175498962402 31.1546573638916 30.9340438842773 30.8188571929932 31.0369453430176 30.1951084136963 33.3637619018555 32.1000175476074 30.8449459075928 29.6385498046875 28.9180164337158 28.1994934082031 28.4623584747314
28.0748538970947 24.0197620391846 22.4136829376221 22.0665149688721 21.1819190979004 22.3173656463623 21.5709419250488 22.1719303131104 21.4156379699707 22.3706188201904 24.8306331634521 25.2553730010986 23.9856986999512 24.0252227783203 23.8593769073486 24.5372924804688 25.4856185913086 26.0533905029297 24.7914257049561 26.0990619659424 31.8352279663086 30.0615673065186 26.5994987487793 25.7201404571533 26.3219776153564 26.4812755584717 29.5903644561768 32.2048187255859 28.9375648498535 31.7654209136963 32.7079315185547 34.0444984436035 31.1955890655518 30.0813102722168 30.9888706207275 31.4592914581299 32.7867317199707 32.3922424316406 33.6573333740234 31.8351974487305 30.81907081604 31.6625213623047 30.8768901824951 30.9678020477295 27.0707263946533 27.2150249481201
27.8809776306152 23.7457218170166 23.4581737518311 22.2973098754883 20.2741241455078 21.765193939209 22.636474609375 22.0765953063965 22.016242980957 22.1971454620361 23.4624290466309 22.8672676086426 24.0567321777344 23.0182132720947 27.4598503112793 29.0292053222656 24.9582176208496 25.4048271179199 24.3718929290771 25.9916706085205 30.5693435668945 29.1483421325684 27.6766128540039 24.9000816345215 25.8506927490234 26.5168533325195 26.788854598999 30.929838180542 30.4046878814697 28.8781566619873 30.1556301116943 30.3720035552979 30.8587093353271 30.4386196136475 30.3720207214355 30.5319938659668 31.3887462615967 32.5190391540527 32.8109703063965 32.7827682495117 32.3616142272949 31.8899478912354 30.4615306854248 30.7118854522705 29.0790519714355 26.5481395721436
26.1755657196045 26.6683158874512 26.8632659912109 23.4679832458496 23.0246410369873 22.1388034820557 21.7523784637451 21.7981624603271 22.6536903381348 21.9731884002686 22.3022575378418 21.7640590667725 23.7123889923096 30.6640892028809 23.6229228973389 24.8720664978027 25.8296337127686 26.2022132873535 25.7509078979492 27.3404674530029 30.0442867279053 29.7945613861084 26.8341121673584 25.8669452667236 26.1470794677734 26.8308486938477 26.4781398773193 26.6240043640137 26.5930843353271 30.5401573181152 32.2247619628906 31.5900592803955 30.2188568115234 30.9047622680664 29.5766296386719 29.1121578216553 31.6923732757568 26.6987018585205 31.4062461853027 32.5347900390625 32.846363067627 30.8779735565186 32.9447593688965 31.8962230682373 30.5307178497314 28.3811817169189
21.1422882080078 22.0180912017822 23.0319309234619 22.9689502716064 22.2254505157471 21.2676734924316 20.9026489257812 20.5430221557617 21.750337600708 22.3380908966064 21.9557609558105 21.987735748291 23.8442535400391 25.4292984008789 25.3017520904541 25.340747833252 25.4926586151123 28.8151111602783 30.1661357879639 27.295238494873 27.2306785583496 27.153881072998 25.5888156890869 25.4297828674316 25.6897773742676 26.5119132995605 26.5436706542969 25.7865924835205 29.3117961883545 27.6503772735596 32.1805267333984 31.2857990264893 32.3725509643555 29.5909194946289 30.2718486785889 29.0782051086426 30.7299346923828 28.7550563812256 28.867992401123 32.4678916931152 28.6388187408447 26.3952407836914 26.1656951904297 31.0898990631104 31.6784381866455 29.1732654571533
20.9382553100586 20.9874954223633 21.4877395629883 21.9290542602539 22.3578262329102 20.1764144897461 19.896671295166 20.6723098754883 21.2719326019287 22.1201190948486 22.3380336761475 22.9997386932373 24.8979434967041 25.9490909576416 26.0853862762451 26.3618698120117 27.8256778717041 28.0880126953125 28.0859451293945 26.9839935302734 26.759485244751 27.9438495635986 28.1747779846191 27.9189949035645 30.6886138916016 26.182933807373 28.6721954345703 28.4532718658447 27.1285018920898 26.5331249237061 25.983081817627 33.6689224243164 29.0122203826904 29.6841278076172 31.2778511047363 30.2776641845703 30.8295135498047 29.6644821166992 26.9916915893555 27.2754287719727 32.2287979125977 30.7287292480469 27.168628692627 26.8094139099121 30.8824367523193 30.0920867919922
21.411075592041 20.8222389221191 21.0187454223633 21.1375141143799 21.6153202056885 19.8729381561279 19.616792678833 19.67138671875 21.104642868042 22.0718841552734 21.5302181243896 21.8286685943604 23.4075508117676 24.5783309936523 26.0793724060059 25.6670379638672 26.5701675415039 28.1361808776855 26.8234634399414 25.705587387085 26.7592658996582 28.0112895965576 30.0061893463135 32.6103096008301 32.1920509338379 32.0237083435059 28.1463222503662 29.2256622314453 27.5170230865479 26.6150188446045 26.4494781494141 31.7858829498291 30.1182403564453 28.8861789703369 29.6704940795898 29.7687034606934 29.7885971069336 30.5075626373291 27.2883243560791 26.0595226287842 25.772403717041 25.3909168243408 29.5732955932617 26.2330188751221 27.1915283203125 29.203592300415
22.1759338378906 21.5179538726807 21.6265048980713 21.1426525115967 21.2706890106201 19.9767074584961 21.0905704498291 20.7106990814209 21.0496234893799 21.2209091186523 21.3316783905029 21.6645584106445 21.7584991455078 23.7857418060303 25.3265132904053 24.9320201873779 26.4854602813721 27.5219764709473 26.7418632507324 25.4209976196289 25.7257423400879 29.8695373535156 30.8331298828125 32.6322174072266 32.2181930541992 33.2433929443359 29.5853328704834 31.9515037536621 29.3235263824463 26.2772178649902 26.4120044708252 30.6029720306396 30.7542457580566 30.4856376647949 28.6196537017822 29.4139823913574 30.6888828277588 30.7481060028076 32.7109680175781 29.4998989105225 31.6148052215576 30.2189998626709 25.5028038024902 26.0590972900391 31.4946556091309 30.5135078430176
23.1578388214111 23.0897655487061 22.4169731140137 22.5360641479492 21.711051940918 21.430103302002 21.4403743743896 20.4081516265869 20.8975505828857 20.7490367889404 20.0401000976562 21.1745185852051 21.4902114868164 23.6682147979736 24.4739894866943 23.4246883392334 24.9525032043457 25.6309204101562 25.8120708465576 26.1022434234619 25.9616966247559 27.739652633667 28.4209976196289 30.7680244445801 32.9483947753906 30.968132019043 31.0286121368408 29.4742851257324 29.6620578765869 26.0023860931396 26.3311138153076 29.0717315673828 30.1123561859131 28.7579555511475 30.3361320495605 28.4350891113281 30.5116500854492 29.1863594055176 31.3025245666504 27.5722732543945 26.4470539093018 25.9162998199463 27.9336261749268 25.2183990478516 27.00612449646 28.6124572753906
21.8280944824219 21.6520462036133 21.8757381439209 21.7246437072754 21.6550636291504 21.6859531402588 20.5009136199951 20.5212020874023 19.9179649353027 20.4435520172119 19.4727191925049 20.9233665466309 20.4441699981689 22.2712860107422 23.4489612579346 22.1971340179443 22.650691986084 24.9039707183838 26.0285758972168 27.6563358306885 26.7498455047607 27.3710174560547 28.4779663085938 29.0346393585205 29.1719913482666 29.7342910766602 30.5938129425049 31.8944969177246 31.962703704834 30.5326843261719 28.1941471099854 29.4701156616211 30.571496963501 30.0465278625488 32.1852760314941 33.0344581604004 29.9469375610352 28.7764186859131 28.9916248321533 29.816593170166 29.1570281982422 28.2803363800049 26.0716819763184 30.6291408538818 31.2161884307861 28.2209072113037
21.0532760620117 21.6330223083496 21.8025817871094 21.7209033966064 20.9259548187256 21.7442436218262 20.6901779174805 19.6992053985596 19.0914573669434 18.9688262939453 19.0892162322998 19.6112327575684 26.9305953979492 22.4449253082275 22.2727546691895 22.0745697021484 24.3403873443604 25.5033855438232 26.2317695617676 26.8802318572998 30.0458030700684 28.8429260253906 29.2611637115479 28.7987194061279 29.4339027404785 30.873498916626 33.0637664794922 30.7108268737793 31.3582649230957 28.2625522613525 26.5238189697266 29.7197780609131 29.9828491210938 28.622371673584 31.2451267242432 33.1195220947266 32.0818901062012 28.9496631622314 29.5521812438965 32.0503158569336 27.5898838043213 26.7652835845947 28.6080799102783 28.1613922119141 30.5422973632812 30.08030128479
20.970552444458 21.3488483428955 21.3391914367676 21.6123142242432 21.6024684906006 21.5212860107422 21.4133014678955 20.3592834472656 19.9810829162598 20.0252819061279 19.1340847015381 19.2132568359375 20.0985813140869 22.1226997375488 22.222204208374 23.2784481048584 23.7304401397705 24.3998355865479 26.0354518890381 26.7505989074707 28.275239944458 28.2414093017578 28.2902393341064 28.0672187805176 28.9571056365967 30.9436931610107 32.8665771484375 29.5501899719238 26.2079524993896 26.3318786621094 26.5246887207031 30.5608386993408 32.0703353881836 28.5714378356934 31.1506366729736 32.8334808349609 29.1314334869385 29.1456565856934 30.3607387542725 31.2984886169434 31.5729122161865 30.9574337005615 24.697380065918 25.7990188598633 25.877046585083 26.2406005859375
21.195671081543 20.553804397583 20.801383972168 21.412483215332 21.5250701904297 21.4578742980957 21.097412109375 20.6460590362549 21.0550994873047 20.6490879058838 20.3194160461426 20.1980056762695 21.2547569274902 21.8358860015869 21.6843814849854 23.2738018035889 24.2145709991455 25.1036128997803 26.0094261169434 26.3499603271484 29.2774868011475 32.1144256591797 33.4281883239746 26.9002914428711 26.9517192840576 26.9963836669922 26.7925605773926 29.4542007446289 28.5086154937744 30.1402130126953 29.5794944763184 30.125337600708 29.0428085327148 30.9156894683838 31.3855972290039 26.9592895507812 30.2216186523438 30.0205879211426 31.7176551818848 31.7859325408936 28.7212810516357 29.8590221405029 29.1298389434814 27.9881401062012 28.1824359893799 27.681131362915
22.2153930664062 21.0121784210205 20.8835563659668 20.5148429870605 21.2788505554199 21.1823711395264 21.1489772796631 21.8016529083252 21.4113845825195 20.6429271697998 21.1520004272461 21.5953884124756 22.126672744751 20.9978637695312 21.3875255584717 22.6787185668945 24.4893436431885 25.7686920166016 25.230339050293 26.5184860229492 28.6878910064697 31.6428279876709 32.2602043151855 26.8185195922852 25.9461860656738 26.3714580535889 27.0331916809082 27.1736011505127 28.8382663726807 29.10791015625 31.9043159484863 33.273307800293 33.8753242492676 31.534200668335 32.4645690917969 29.1624603271484 30.1188812255859 30.527473449707 29.7958374023438 30.8463554382324 31.5459289550781 28.7665767669678 26.3580360412598 29.262716293335 28.9390659332275 29.7977828979492
21.9281578063965 21.1545219421387 20.9195575714111 20.955192565918 21.159273147583 21.0604820251465 21.5908966064453 22.7387104034424 27.9859085083008 20.7959175109863 23.0836868286133 23.7801322937012 23.7160339355469 21.2315444946289 22.0490894317627 22.2203006744385 23.912935256958 24.3947296142578 24.3390121459961 25.6240253448486 26.6207237243652 27.28369140625 29.0599689483643 32.2046966552734 27.200008392334 26.5496025085449 26.0524578094482 26.2756061553955 29.4772262573242 33.7668762207031 30.0284538269043 27.176513671875 32.9884872436523 31.1610317230225 30.8593406677246 27.5966243743896 29.5501155853271 28.8808288574219 32.5828094482422 32.2110900878906 30.4411067962646 30.5154457092285 29.9970073699951 30.129207611084 30.2474803924561 31.6105861663818
21.3509101867676 21.1671543121338 20.9539337158203 21.2637615203857 21.3444175720215 21.517276763916 21.6737194061279 23.6283378601074 23.7422733306885 22.031270980835 24.678430557251 25.4735679626465 25.0011310577393 23.3509311676025 23.4863128662109 24.2535743713379 24.9331951141357 25.6874694824219 26.0440235137939 26.3413333892822 26.6892890930176 27.0711936950684 25.0425987243652 25.2323741912842 25.8947162628174 25.3906993865967 25.8569374084473 31.7393207550049 29.5184364318848 33.2478179931641 26.3794498443604 25.7757587432861 26.6600170135498 30.4337596893311 31.0497722625732 29.8965091705322 28.2172336578369 29.6853866577148 29.4545364379883 30.4296913146973 31.7481956481934 32.6501121520996 32.4878578186035 32.2680282592773 31.0816631317139 31.4182033538818
21.4725017547607 22.190486907959 21.1258888244629 21.6071224212646 21.655158996582 22.3176097869873 22.7301750183105 26.3720016479492 24.4155349731445 24.0857410430908 25.4148387908936 26.518575668335 25.7022647857666 24.6542663574219 24.7291564941406 26.0898303985596 26.5735931396484 26.621280670166 27.8347320556641 27.5487480163574 29.0109348297119 27.4440689086914 26.6725616455078 26.0817546844482 26.4805889129639 26.8988075256348 29.5937728881836 28.6750221252441 28.5825271606445 28.8225708007812 27.4545154571533 28.543342590332 27.6185493469238 30.1232414245605 26.9154605865479 30.4485816955566 31.4188995361328 31.3642520904541 31.309986114502 28.7109298706055 29.3010520935059 30.8548030853271 30.0149097442627 31.2233505249023 31.7633304595947 31.8339710235596
22.933521270752 22.8350868225098 21.6065673828125 22.6434841156006 22.7156600952148 23.0715847015381 23.9203205108643 25.3472957611084 24.2911510467529 24.9127140045166 26.9207458496094 28.6088771820068 26.6327056884766 25.6075649261475 24.741138458252 25.8737564086914 25.8133163452148 26.3903694152832 27.4729766845703 32.1122894287109 27.464017868042 27.794469833374 30.0433292388916 29.3883800506592 29.1810855865479 28.9386291503906 30.6278247833252 29.8837547302246 30.489294052124 29.9233722686768 28.2525959014893 29.0030918121338 30.8960590362549 30.6170101165771 26.6086254119873 25.9329166412354 26.4100322723389 27.6962451934814 27.2230892181396 29.2922744750977 32.8779067993164 32.5010948181152 29.5261669158936 28.8933067321777 27.387170791626 27.6128749847412
22.1432456970215 22.1464500427246 22.3646430969238 23.9222850799561 24.5799045562744 25.260368347168 26.4690017700195 24.9107055664062 23.7564544677734 24.3167686462402 25.2904300689697 27.5006561279297 27.0486736297607 26.5985507965088 25.4769649505615 28.1040630340576 27.917501449585 29.9950466156006 32.5097465515137 30.419153213501 30.6913585662842 29.4205646514893 28.8567047119141 29.2962665557861 29.4189491271973 29.0426063537598 29.012523651123 28.7363338470459 29.3671188354492 30.4866695404053 29.8507099151611 29.2931632995605 27.1806087493896 26.916955947876 25.748779296875 28.9504795074463 30.3525943756104 26.8142127990723 26.7794284820557 26.6075210571289 26.5156402587891 29.2568206787109 28.7788925170898 30.0056247711182 28.5506858825684 28.0507411956787
