inst/extdata/Tmax/Tmax51.asc
NCOLS 100 
NROWS 79 
XLLCORNER 148.06 
YLLCORNER -21.49 
CELLSIZE 0.01 
NODATA_value -3.4e+38 
[rows 20 to 39 of 79, columns 0 to 45 of 100]
28.201608657836900 28.7432327270508 28.9652061462402 28.7181835174561 28.9494113922119 29.8433151245117 29.3934669494629 29.6965980529785 28.5508518218994 28.4834594726562 29.5528526306152 29.0919342041016 27.9495143890381 26.0535144805908 24.6649360656738 23.829963684082 23.4986782073975 25.0565662384033 26.2741985321045 27.2135028839111 27.365592956543 27.8674488067627 28.1048793792725 28.4748134613037 28.4228668212891 28.152587890625 27.0135097503662 24.9827880859375 26.0723667144775 25.9241256713867 27.162446975708 27.4802284240723 27.5685119628906 27.6500911712646 27.4063282012939 27.0987815856934 26.8755569458008 26.6570854187012 25.7430381774902 26.0809745788574 25.8691558837891 24.9081649780273 25.7036647796631 25.5177898406982 24.0971508026123 24.2443523406982
28.975118637085 29.3047733306885 29.3487815856934 28.9953804016113 28.9624519348145 28.908576965332 28.5059795379639 29.3117656707764 29.5924224853516 29.870641708374 29.5587615966797 29.564302444458 29.0462074279785 26.3700542449951 24.5953483581543 24.3568019866943 24.5542049407959 25.3318862915039 25.938304901123 27.0832710266113 27.798999786377 28.4012126922607 27.617826461792 28.1615581512451 28.108154296875 27.8316326141357 27.5727043151855 26.0011539459229 26.0840492248535 27.0982704162598 27.5643272399902 27.3297653198242 27.2680034637451 26.0185680389404 25.7433681488037 25.9806022644043 26.9920463562012 25.1137542724609 24.6717510223389 25.0219802856445 24.2121238708496 24.8184947967529 24.9956893920898 22.5876274108887 22.5841674804688 23.4309787750244
29.2633514404297 29.5635414123535 29.4078559875488 28.7471103668213 30.0095767974854 29.1264610290527 29.3834476470947 29.0729579925537 29.7977237701416 29.0119304656982 30.1180286407471 29.7533264160156 29.5500202178955 28.5322875976562 27.5448150634766 25.684965133667 23.9534912109375 24.6212139129639 25.1390838623047 27.2782363891602 28.1865291595459 27.3860607147217 27.5428981781006 27.0664596557617 26.5663986206055 27.4594879150391 27.4033355712891 27.0841484069824 27.004056930542 27.0424537658691 26.6721153259277 26.2154884338379 25.6648941040039 25.1345481872559 24.4511013031006 25.3061275482178 25.3867301940918 24.1709575653076 24.196008682251 24.1880550384521 22.8283653259277 22.5812168121338 23.2928237915039 23.9413108825684 18.2652454376221 23.124906539917
29.4033908843994 29.8888721466064 30.4328422546387 28.7500648498535 28.7019538879395 29.5873165130615 28.6736469268799 29.6197395324707 29.8306427001953 28.9665355682373 29.5234546661377 29.4012489318848 29.6683788299561 28.6937141418457 26.7270030975342 25.679723739624 24.3981227874756 24.6979026794434 25.4772453308105 26.5361480712891 27.1462020874023 27.8843154907227 27.1034374237061 25.7305316925049 26.2659549713135 26.4282112121582 26.3879699707031 27.3995037078857 27.7200908660889 27.4754772186279 27.1101226806641 25.9728393554688 25.3037643432617 25.5139274597168 26.0576229095459 25.6881008148193 23.3658790588379 22.9093704223633 23.573148727417 23.7956314086914 22.2672271728516 21.7593193054199 21.5210437774658 20.1075401306152 21.1738052368164 21.6342144012451
29.5918579101562 29.5127010345459 29.3667659759521 30.1124153137207 30.2291793823242 29.9435195922852 28.7459144592285 29.8147583007812 28.3818588256836 28.6093444824219 28.6604824066162 28.4378890991211 28.2641277313232 28.5643367767334 26.935453414917 25.3594379425049 24.5556125640869 24.394983291626 25.5679588317871 25.7618675231934 27.3110370635986 27.7046184539795 24.9494476318359 24.6248512268066 25.0583972930908 25.4335842132568 25.7535362243652 27.1419811248779 27.5590991973877 26.9447078704834 27.3509521484375 26.9127922058105 26.8200950622559 26.6686115264893 26.117525100708 25.6896266937256 24.9955215454102 23.9734802246094 22.7345523834229 22.1220588684082 20.6144676208496 19.6317405700684 20.3248310089111 22.6368732452393 17.310525894165 17.1391334533691
30.0402565002441 29.7902965545654 30.2726249694824 29.6406784057617 30.1898460388184 30.0792808532715 29.9752216339111 29.7697887420654 29.6067581176758 28.210657119751 29.2438430786133 28.5502090454102 27.7540817260742 27.81960105896 27.7817611694336 27.5490856170654 26.2028350830078 25.9337272644043 26.6799240112305 27.4522933959961 26.793342590332 25.2060699462891 24.625545501709 23.2230491638184 24.0531406402588 25.0891284942627 25.1739540100098 26.2499866485596 27.3271331787109 27.1457767486572 25.4554576873779 26.5043315887451 26.3168792724609 26.3308010101318 25.8902320861816 25.5500774383545 24.9440212249756 23.5363788604736 20.9175224304199 21.5684967041016 19.8581962585449 21.0838108062744 22.7085399627686 22.3753147125244 17.432466506958 16.5196418762207
28.0625457763672 29.3058624267578 30.3806190490723 30.1760349273682 30.085334777832 29.9536724090576 29.881591796875 29.9251899719238 29.6485691070557 28.3359851837158 27.9068336486816 28.0773811340332 27.9320030212402 27.5922164916992 27.5668144226074 26.4242382049561 25.5923671722412 25.7798042297363 26.7701988220215 26.6404895782471 26.4044017791748 26.8865203857422 25.7225284576416 24.0938320159912 23.477201461792 24.4158992767334 25.8821468353271 27.2625598907471 26.7295513153076 26.8970241546631 26.052677154541 25.7915573120117 26.1849765777588 25.5931358337402 25.4984683990479 24.615234375 23.2522983551025 23.520679473877 18.7001914978027 16.8144779205322 19.4745788574219 17.0483512878418 21.8639640808105 18.3717002868652 20.5658836364746 16.2580013275146
28.2070941925049 27.8552303314209 29.0303192138672 29.9311580657959 29.9214191436768 29.8376483917236 30.0643711090088 30.2175407409668 29.8377285003662 29.099609375 28.6223411560059 27.9023857116699 27.7330436706543 28.1056594848633 26.3839263916016 26.3743839263916 25.8891086578369 25.4543323516846 25.8297348022461 25.9215526580811 26.2313404083252 26.4745674133301 25.9400463104248 24.5961723327637 24.3728504180908 24.6860580444336 24.2270393371582 27.0155830383301 27.4493961334229 26.1670837402344 25.8359489440918 25.9044742584229 26.2541122436523 25.3090152740479 24.8941841125488 23.9785804748535 22.3194770812988 22.8274345397949 22.5474128723145 21.0173435211182 19.8175220489502 20.2904777526855 20.1112689971924 17.5049018859863 16.8706455230713 16.5457954406738
26.9290866851807 27.3867435455322 28.043399810791 29.0315856933594 30.1219005584717 29.654260635376 30.1121387481689 29.7854537963867 29.8016662597656 28.8427047729492 28.9303379058838 28.0518398284912 28.3785095214844 28.3519134521484 27.985559463501 25.6316452026367 25.5323886871338 25.2411136627197 25.6862487792969 26.814661026001 25.7488117218018 26.342794418335 25.2162075042725 24.0975227355957 24.3423824310303 24.7241096496582 24.8233699798584 25.7811145782471 26.647819519043 26.5635395050049 26.6287517547607 25.6570281982422 25.1709728240967 23.834342956543 22.9460201263428 21.9325180053711 22.1690578460693 22.2617015838623 22.4503936767578 19.8962860107422 16.9204273223877 17.005651473999 20.3592758178711 16.742805480957 16.9830284118652 16.907787322998
25.7098445892334 26.5517272949219 27.2382793426514 27.9393253326416 29.4621982574463 29.5377368927002 28.9157581329346 30.116003036499 29.9023494720459 29.5494842529297 28.4660968780518 28.8693752288818 28.197057723999 27.9163436889648 28.4700584411621 28.1622905731201 27.6771965026855 25.659143447876 26.007251739502 26.0278701782227 26.0285568237305 26.2451324462891 25.7347278594971 24.6224670410156 24.3872203826904 24.3928203582764 23.9594650268555 25.7319526672363 26.7536067962646 26.2553215026855 26.8131084442139 25.1968193054199 24.1076755523682 23.9049682617188 23.3514366149902 22.7734603881836 22.7414798736572 22.0697422027588 21.3736095428467 21.0390472412109 22.6320877075195 22.6572360992432 19.9590492248535 19.6824340820312 17.2372074127197 18.1495475769043
26.2825546264648 27.0882053375244 27.2436981201172 27.939338684082 28.3925533294678 28.2500991821289 28.4841442108154 29.5565528869629 29.5337162017822 29.0298175811768 29.5177593231201 29.4488296508789 29.4785289764404 28.6556949615479 28.6584625244141 28.5663890838623 27.22731590271 26.6263694763184 25.6194534301758 26.0645141601562 25.9268283843994 25.4740581512451 25.162036895752 24.7569618225098 24.151891708374 23.3407192230225 23.8224220275879 25.9439563751221 26.4681930541992 26.6532878875732 26.9516658782959 27.1165676116943 25.310905456543 23.9634399414062 23.247163772583 23.9627475738525 23.6042213439941 22.8934459686279 21.9851951599121 22.1347808837891 24.3245048522949 24.2006778717041 23.7604236602783 22.7916870117188 19.543306350708 18.7138595581055
27.4377250671387 27.4298648834229 28.3440990447998 29.2037868499756 29.73996925354 28.5097198486328 28.6183948516846 29.9131240844727 29.891393661499 29.2388191223145 29.6442546844482 29.3050270080566 29.2644214630127 28.8707981109619 27.9087371826172 28.1787796020508 25.7922210693359 24.4289722442627 25.6867141723633 25.3308887481689 25.3478870391846 25.6298027038574 25.0423564910889 24.7579879760742 24.3527221679688 24.3744487762451 24.9358043670654 26.3683223724365 27.1194305419922 26.0728912353516 26.5502815246582 26.5863971710205 26.9302501678467 25.9929237365723 25.2911014556885 24.0506629943848 24.3326148986816 24.3869800567627 23.9750156402588 25.5068073272705 24.5065212249756 23.9420680999756 18.6859874725342 20.2649688720703 17.8430347442627 17.0028266906738
26.9353065490723 28.4399261474609 28.3413619995117 28.4715633392334 29.6799297332764 28.8993263244629 29.5400333404541 29.2247714996338 29.8283882141113 28.841703414917 29.8314895629883 29.3303356170654 29.3018589019775 28.7020416259766 28.2907180786133 27.7493667602539 27.659595489502 25.8557205200195 24.5719604492188 24.8057136535645 24.9074630737305 25.552906036377 24.9323043823242 24.9856281280518 24.6035671234131 24.4716320037842 26.4950637817383 26.7436008453369 26.6365833282471 28.0623397827148 26.6644725799561 26.0792961120605 27.4055919647217 27.2990303039551 26.5927696228027 25.8543262481689 25.5620937347412 25.484447479248 25.0176448822021 25.1871490478516 24.1725730895996 21.3745155334473 16.539831161499 16.8953971862793 17.083122253418 15.8003749847412
27.6474952697754 27.9243335723877 28.5115718841553 27.4771060943604 28.0705146789551 27.1165313720703 27.8504524230957 29.2148113250732 29.7599430084229 29.5854530334473 29.9088726043701 29.1610012054443 29.011079788208 29.0638332366943 28.452995300293 28.2120399475098 28.5379257202148 28.0021915435791 27.2495269775391 26.7283420562744 25.3633460998535 25.1805534362793 25.6772651672363 25.3630447387695 24.9786396026611 24.592357635498 26.3916263580322 27.3777103424072 26.9439525604248 27.0749416351318 26.8475284576416 25.5307521820068 25.301061630249 25.3639717102051 25.8628349304199 26.1158676147461 26.1373558044434 26.583703994751 26.1043643951416 26.2582111358643 24.5079517364502 19.7010517120361 18.0281543731689 18.4180889129639 18.1363849639893 16.9154014587402
28.2201061248779 28.6775569915771 28.3931350708008 26.5055160522461 27.2425384521484 28.4841823577881 27.7758598327637 29.2137298583984 29.6217060089111 29.2915306091309 29.7470016479492 29.4916324615479 29.8418292999268 29.358247756958 28.9454746246338 28.7582664489746 28.4372482299805 28.0168857574463 27.5453033447266 26.5090923309326 24.9665145874023 26.0307922363281 26.4298248291016 25.2486820220947 24.8338203430176 24.8422622680664 24.9698238372803 26.4741439819336 26.2422561645508 25.2941379547119 26.3015785217285 25.2014293670654 24.7437438964844 24.7303829193115 24.4034767150879 24.7186908721924 25.3437175750732 24.9601764678955 25.6161231994629 25.3523025512695 23.6466255187988 23.4512195587158 20.597225189209 19.9049472808838 19.0835361480713 18.8992919921875
27.9697341918945 29.3457927703857 28.4083309173584 27.550817489624 25.9860172271729 28.4088039398193 29.8949737548828 28.0651187896729 29.0877265930176 29.7235832214355 29.6384162902832 29.5217437744141 29.0320987701416 29.1936988830566 28.8382873535156 28.9845142364502 28.0294723510742 27.577507019043 27.4399547576904 26.7737216949463 25.6483135223389 26.2753944396973 25.357006072998 23.8845157623291 24.3342399597168 23.9959545135498 25.7226524353027 25.0993270874023 24.5376720428467 21.871057510376 23.9169330596924 24.5528392791748 24.8717727661133 24.5133514404297 24.447582244873 23.5025882720947 23.8337669372559 24.1944522857666 25.1578502655029 24.4921703338623 19.5998497009277 19.2343235015869 19.0630283355713 19.718921661377 19.320613861084 17.913761138916
28.5363578796387 27.7120094299316 29.0641021728516 28.3187084197998 28.1585636138916 28.230037689209 28.3206615447998 28.4746704101562 28.6820545196533 30.0490436553955 30.0708904266357 29.5349235534668 29.4593620300293 29.7276496887207 29.4761333465576 28.3115406036377 27.7130737304688 27.6538219451904 27.6165542602539 27.5517425537109 26.873197555542 25.7539386749268 24.5885925292969 24.2718830108643 24.5779132843018 25.3084278106689 26.1295127868652 25.2502689361572 24.8704128265381 22.9354515075684 22.5551319122314 21.5901641845703 23.0715217590332 24.4210319519043 24.2277812957764 22.2959537506104 22.3234920501709 21.9521789550781 21.8016166687012 18.2667617797852 18.285961151123 17.3480625152588 18.0478191375732 19.1651191711426 19.1607074737549 17.2419757843018
27.7972602844238 27.3723239898682 28.7380104064941 27.5478324890137 27.6911506652832 27.7087841033936 26.5208530426025 27.4021434783936 28.4828948974609 28.8618907928467 29.6388988494873 29.6937141418457 29.6111698150635 29.1371002197266 29.4563026428223 29.3445663452148 28.6676578521729 27.3795528411865 27.8826580047607 27.4034214019775 27.2106437683105 26.3796787261963 24.7201061248779 24.5953807830811 23.9298534393311 24.7198657989502 25.8875789642334 24.895751953125 25.1496429443359 24.9698829650879 24.9498748779297 23.8526077270508 23.3860950469971 22.0543766021729 17.7102279663086 16.4388256072998 16.5886135101318 16.3564357757568 16.2978630065918 16.5733776092529 16.7846813201904 16.9048404693604 17.2501773834229 18.3101215362549 18.6290302276611 18.0863933563232
27.7996616363525 27.2184753417969 27.305700302124 28.5320796966553 28.232593536377 28.3192367553711 26.8666324615479 25.9816970825195 27.058666229248 28.0924530029297 29.4456062316895 29.8331604003906 29.7827568054199 29.6311416625977 28.5147819519043 28.0467548370361 28.0778274536133 27.7243995666504 28.2054443359375 28.0722255706787 28.0377197265625 26.6875705718994 25.8229808807373 25.5253849029541 24.4637584686279 25.2662754058838 25.044849395752 25.2761650085449 23.4134178161621 24.506986618042 23.6651668548584 23.5197048187256 24.1128234863281 23.3524875640869 21.6899394989014 16.1024532318115 15.6679344177246 15.5856914520264 15.3676729202271 15.9519901275635 16.6317405700684 18.1479740142822 16.7149753570557 18.0513324737549 17.4416885375977 17.2279319763184
27.4209747314453 26.9324188232422 28.2104339599609 28.1718254089355 28.4866466522217 27.6042613983154 27.248067855835 26.5679416656494 27.5240211486816 27.0464744567871 28.0597381591797 29.6206550598145 29.3759078979492 29.183292388916 28.5029315948486 28.7379112243652 27.0326766967773 27.2708492279053 27.7422294616699 27.5960483551025 27.6741924285889 27.0181465148926 27.04248046875 26.3634757995605 25.0339374542236 24.9489059448242 24.6092090606689 24.5556011199951 25.0700588226318 24.0130081176758 22.8563652038574 22.1017093658447 24.3556995391846 24.396520614624 24.4970970153809 21.9247131347656 18.9539279937744 18.5206050872803 17.2912197113037 16.2167510986328 17.0564517974854 17.0192012786865 17.1459407806396 17.6418914794922 17.4906749725342 17.1022129058838
