inst/extdata/Tmax/Tmax76.asc
NCOLS 100 
NROWS 79 
XLLCORNER 148.06 
YLLCORNER -21.49 
CELLSIZE 0.01 
NODATA_value -3.4e+38 
[rows 40 to 59 of 79, columns 46 to 91 of 100]
36.3678245544434 37.2725563049316 37.6708221435547 38.4936294555664 40.0815925598145 41.2213897705078 40.6792907714844 38.7170372009277 38.3817825317383 39.0143623352051 39.4853744506836 41.4870681762695 41.0572319030762 41.3142318725586 40.3689384460449 41.5296173095703 41.7528190612793 41.4309272766113 41.5530662536621 41.6748161315918 41.7038688659668 40.6431312561035 41.0936050415039 41.4631423950195 41.570743560791 41.6335525512695 41.5267639160156 41.1039161682129 41.3169136047363 41.5402488708496 41.5072975158691 41.3238677978516 40.966365814209 39.5849418640137 39.8918342590332 40.6385917663574 40.5392761230469 40.4374771118164 40.7025260925293 40.0990295410156 39.2983360290527 39.8164520263672 40.1596870422363 39.9382514953613 40.2235450744629 40.2753829956055
37.5981636047363 38.6831855773926 38.6124801635742 38.5782432556152 40.1049041748047 41.5331687927246 40.2301864624023 39.7875709533691 40.4748191833496 40.5790710449219 40.9956970214844 41.8050994873047 41.680793762207 41.7069129943848 41.5457992553711 41.9012145996094 41.953182220459 41.8839340209961 41.8408164978027 41.8703956604004 41.8624877929688 41.2693519592285 40.4914207458496 40.8980598449707 40.8159332275391 41.3626098632812 41.7092247009277 41.1862716674805 41.1760749816895 41.6115303039551 41.6561088562012 41.5499725341797 41.3653907775879 40.6950416564941 40.9623222351074 40.9986152648926 40.7650871276855 40.7577590942383 40.8697280883789 41.0045051574707 39.9473609924316 40.1925201416016 40.8564071655273 40.6395988464355 40.7813186645508 40.718334197998
39.8282585144043 40.0400466918945 40.2551536560059 40.8108673095703 41.1975975036621 41.7660789489746 41.2730522155762 40.6709403991699 41.268238067627 41.7360458374023 41.6393432617188 42.0064697265625 42.0523796081543 41.9689064025879 41.9439849853516 42.0391464233398 42.057746887207 42.0366020202637 42.0058250427246 41.9983863830566 41.9107131958008 40.8616600036621 40.6450080871582 41.2058944702148 40.6345596313477 41.1306457519531 41.6236686706543 41.5163993835449 41.4543914794922 41.7344741821289 41.764820098877 41.7404632568359 41.6949234008789 41.5671157836914 41.4554672241211 41.0831336975098 40.0828018188477 40.7311935424805 41.3129386901855 41.3020820617676 41.1463851928711 41.0770950317383 41.2003479003906 41.2317199707031 41.2685775756836 41.2083740234375
41.2148246765137 41.2457237243652 41.4033508300781 41.5774459838867 41.8543090820312 41.9585762023926 41.8529396057129 41.5936393737793 41.7974624633789 42.0532341003418 42.0517425537109 42.1150894165039 42.0970268249512 42.0609474182129 42.0890731811523 42.0559768676758 41.9879722595215 41.965690612793 42.0059051513672 42.0426406860352 42.0046463012695 41.7275009155273 41.4500885009766 41.646354675293 41.4997138977051 41.0028228759766 41.3231048583984 41.6225852966309 41.7919731140137 41.8149375915527 41.8154830932617 41.787971496582 41.7529907226562 41.7040100097656 41.693244934082 41.5193176269531 40.989200592041 41.3263092041016 41.5186157226562 41.4947700500488 41.4422073364258 41.4327354431152 41.4099388122559 41.4202613830566 41.4183883666992 41.3825492858887
40.9921989440918 41.3093338012695 41.618034362793 41.6345100402832 41.7054634094238 41.8596382141113 41.9083480834961 41.9941635131836 42.0326271057129 41.9745445251465 41.7361373901367 41.865909576416 41.7854614257812 41.4965667724609 41.7079429626465 41.8564300537109 41.733959197998 41.862678527832 41.9707145690918 42.0268096923828 42.0524826049805 41.8939933776855 41.5475387573242 41.2638854980469 41.5153350830078 41.7000770568848 41.7531967163086 41.7995719909668 41.8064193725586 41.8401527404785 41.8250579833984 41.7936477661133 41.7425308227539 41.6939392089844 41.7198715209961 41.6421508789062 41.6136169433594 41.6022682189941 41.5331535339355 41.5271492004395 41.4850654602051 41.4633255004883 41.459114074707 41.4366302490234 41.3252487182617 41.3545532226562
39.1414489746094 39.8693428039551 40.3125343322754 40.5701026916504 41.0039291381836 41.4021682739258 41.3290672302246 41.5654830932617 41.5695762634277 41.3899879455566 40.5117454528809 40.5358772277832 40.6320343017578 39.1429405212402 40.0372276306152 40.9105262756348 41.5360221862793 41.9144248962402 42.0166206359863 42.0441017150879 42.0613975524902 41.8498458862305 41.3658485412598 40.9577789306641 41.2607192993164 41.5474395751953 41.6912422180176 41.6755790710449 41.7458572387695 41.8221397399902 41.828182220459 41.8042373657227 41.7777099609375 41.762580871582 41.7209854125977 41.6001358032227 41.5824089050293 41.5677680969238 41.5292701721191 41.5135803222656 41.4653968811035 41.4484710693359 41.4297332763672 41.3659858703613 41.3506889343262 41.3760643005371
36.8981513977051 38.104305267334 38.0197105407715 37.9962310791016 39.2437973022461 39.747444152832 39.8464431762695 40.0927734375 40.6188049316406 39.952808380127 39.3277702331543 38.7958679199219 39.4188652038574 39.3053665161133 39.721492767334 40.951114654541 41.7312850952148 41.9472045898438 41.9858741760254 41.9640922546387 42.0261116027832 42.0271797180176 41.5588111877441 41.1705017089844 41.046802520752 41.3438491821289 41.5766983032227 41.7017135620117 41.8125152587891 41.829891204834 41.8539543151855 41.8414535522461 41.826416015625 41.7871551513672 41.6925048828125 41.6119041442871 41.6003761291504 41.5893669128418 41.566837310791 41.5439033508301 41.4949951171875 41.4830017089844 41.4719734191895 41.4281959533691 41.412239074707 41.291130065918
37.0315170288086 36.9717178344727 36.7923431396484 36.8721237182617 36.8210067749023 37.5762786865234 38.7516593933105 39.3726348876953 39.5464820861816 39.4344139099121 39.9206161499023 39.7709922790527 39.6278457641602 40.1655082702637 40.5040702819824 41.4949531555176 41.786678314209 41.8194999694824 41.7502822875977 41.8878631591797 42.0306243896484 42.0720710754395 41.9125518798828 41.568229675293 41.1041603088379 41.3973121643066 41.6129951477051 41.7924728393555 41.8681144714355 41.905574798584 41.9193153381348 41.8785972595215 41.8017578125 41.7141990661621 41.6410331726074 41.5992393493652 41.6075325012207 41.6186332702637 41.6021156311035 41.5803642272949 41.547248840332 41.5428733825684 41.5282554626465 41.4972229003906 41.2713394165039 41.0369300842285
36.655143737793 36.7598342895508 36.9845657348633 36.7163352966309 36.6326141357422 36.7439880371094 37.568531036377 39.1294937133789 39.6350860595703 39.8039283752441 39.6456336975098 39.8225326538086 40.0952186584473 40.3900947570801 40.4622192382812 41.0648040771484 41.4977264404297 41.4994583129883 41.4937896728516 41.8338279724121 41.9631004333496 41.967830657959 42.0625152587891 41.9697113037109 41.840950012207 41.7951469421387 41.8907623291016 41.9634056091309 41.9682655334473 41.9675331115723 41.9393844604492 41.8451766967773 41.7481536865234 41.5999755859375 41.5506896972656 41.6006393432617 41.607063293457 41.6226348876953 41.6362228393555 41.6151809692383 41.5998344421387 41.5926399230957 41.569709777832 41.5480880737305 41.3719940185547 41.225944519043
36.7325325012207 36.909309387207 36.9413719177246 36.629566192627 37.1160202026367 37.9385986328125 38.0325355529785 39.2210388183594 39.6709442138672 39.8650856018066 39.6856307983398 40.1282043457031 40.3951988220215 40.4062194824219 40.5154991149902 40.3965606689453 40.5127220153809 40.7814331054688 41.2057723999023 41.6071090698242 41.7275352478027 41.7318267822266 42.0027084350586 42.0564384460449 42.0746917724609 42.0411987304688 42.0109786987305 41.8206176757812 41.8877182006836 41.9605674743652 41.9205932617188 41.7750930786133 41.7238960266113 41.5057258605957 41.4303550720215 41.617115020752 41.6152458190918 41.5932388305664 41.6556053161621 41.659481048584 41.6249084472656 41.6264877319336 41.6058502197266 41.570930480957 41.4869232177734 41.4106330871582
36.7720680236816 36.6633529663086 36.8848457336426 36.6110534667969 37.2537536621094 38.3292236328125 38.6542854309082 39.2122192382812 39.8757514953613 40.292839050293 40.3036994934082 40.4187622070312 40.5039215087891 40.5452651977539 40.5385589599609 40.474925994873 40.5566749572754 40.286262512207 39.9715270996094 41.1642379760742 41.0472984313965 41.5290222167969 41.9038772583008 41.9727745056152 42.030101776123 42.0033493041992 41.9216766357422 41.6761741638184 41.8401641845703 41.9528388977051 41.7733955383301 41.5702514648438 41.5857543945312 41.5615119934082 41.5950584411621 41.6736602783203 41.679370880127 41.6608848571777 41.656436920166 41.6918487548828 41.676197052002 41.6543083190918 41.624755859375 41.5852127075195 41.5373115539551 41.4406051635742
36.3508529663086 36.3316497802734 36.7146873474121 36.1023597717285 36.2577323913574 38.2248725891113 38.948429107666 39.5500526428223 39.8715705871582 40.1383361816406 40.189697265625 40.2002220153809 40.0238990783691 40.0301322937012 40.28076171875 40.3946647644043 40.760326385498 40.6829605102539 40.4783782958984 40.5325508117676 40.3821144104004 41.2500991821289 41.7136268615723 41.9125862121582 41.923152923584 41.9317398071289 41.5401878356934 41.1286926269531 41.8034439086914 41.9506530761719 41.6456527709961 41.2939147949219 41.5730476379395 41.6266136169434 41.6585464477539 41.6128768920898 41.6079254150391 41.6102104187012 41.6325454711914 41.6186370849609 41.6189308166504 41.6534957885742 41.637264251709 41.6013107299805 41.557991027832 41.4839935302734
36.006046295166 35.8691864013672 36.3388290405273 36.2247734069824 36.3180770874023 37.3197059631348 38.3093795776367 38.9462394714355 39.4093933105469 39.7555656433105 39.7022857666016 39.6420936584473 39.7081756591797 39.9780158996582 40.6758117675781 40.7942008972168 41.0120697021484 40.9080810546875 40.8208808898926 40.635009765625 40.4030647277832 41.1169471740723 41.6280403137207 41.8487319946289 41.7822647094727 41.8783798217773 41.4475555419922 40.4112854003906 41.5301361083984 41.9335899353027 41.6344833374023 41.3542861938477 41.578311920166 41.5118179321289 41.4350776672363 41.4565086364746 41.5110626220703 41.4393844604492 41.351188659668 41.3325653076172 41.4477081298828 41.547794342041 41.643424987793 41.6216316223145 41.5826683044434 41.5346527099609
37.104076385498 36.0918655395508 36.2060852050781 36.6097030639648 36.991382598877 38.0567016601562 38.1167945861816 38.8806571960449 39.6429176330566 39.9609298706055 40.2816543579102 40.3846015930176 40.5122451782227 40.7338981628418 40.9581298828125 41.0073394775391 40.9580726623535 41.050594329834 41.018238067627 40.7571983337402 40.5517730712891 40.5654373168945 41.1721954345703 41.4370803833008 41.3566856384277 41.8315811157227 41.7154159545898 40.9938087463379 41.6057281494141 41.9070320129395 41.6583404541016 41.4384841918945 41.3443908691406 40.9711418151855 41.1840400695801 41.1065330505371 41.1168937683105 40.6516227722168 40.7657470703125 39.7619361877441 41.1328620910645 41.4176864624023 41.6169776916504 41.6246681213379 41.5926780700684 41.546257019043
37.8003311157227 36.8168754577637 36.2989807128906 37.1037559509277 37.7551307678223 38.4846839904785 38.5508422851562 39.014778137207 39.742977142334 40.1419830322266 40.1822547912598 40.2040138244629 40.5891151428223 40.7510681152344 40.8851013183594 40.8667449951172 41.1137084960938 41.2735443115234 41.2457008361816 40.9660606384277 40.7823753356934 40.6831665039062 40.8410911560059 40.8605995178223 40.8364868164062 41.6082801818848 41.8141326904297 41.4848976135254 41.1515884399414 41.7586479187012 41.2460098266602 40.3630142211914 41.0246963500977 41.2088508605957 41.5374870300293 41.5338325500488 41.4877548217773 41.4501953125 41.1991767883301 40.1471252441406 40.9948577880859 41.3618812561035 41.555736541748 41.6070747375488 41.5995712280273 41.5578536987305
37.8487243652344 36.9950561523438 36.4375267028809 37.7332382202148 38.703197479248 39.1348533630371 39.8315391540527 40.0581588745117 40.261287689209 40.3719139099121 40.1931533813477 40.1609687805176 40.6826972961426 40.7708969116211 40.7857971191406 40.8616714477539 41.0026817321777 40.9982604980469 41.6100006103516 41.3368034362793 41.0244140625 40.8465805053711 40.8266296386719 40.6570739746094 40.6698455810547 41.38037109375 41.7811088562012 41.6770896911621 41.512077331543 41.8656539916992 41.0839309692383 39.9775772094727 40.4360198974609 41.179759979248 41.2214431762695 40.7749328613281 40.8424606323242 41.4448204040527 41.5787239074707 41.533317565918 41.5626220703125 41.551399230957 41.5654449462891 41.5628967285156 41.5892753601074 41.5729331970215
37.7247734069824 36.7621269226074 36.2949676513672 37.5189590454102 38.7929801940918 39.1503028869629 38.5854530334473 39.8764572143555 39.8341102600098 39.3174705505371 40.2152366638184 40.418830871582 40.446361541748 40.5082206726074 40.5302581787109 40.7204704284668 40.8455276489258 40.9869575500488 41.5610542297363 41.7052383422852 41.4830894470215 41.1180419921875 40.9298324584961 40.8471488952637 40.6122055053711 41.1139869689941 41.6433410644531 41.6625480651855 41.8793907165527 41.9520225524902 41.361644744873 39.5982933044434 40.2032775878906 39.7467498779297 40.0676803588867 39.3998870849609 40.2749710083008 41.4034957885742 41.5350151062012 41.6049499511719 41.6094207763672 41.5116195678711 41.3871192932129 41.5082817077637 41.5362663269043 41.540283203125
37.7172584533691 36.9739418029785 37.0402526855469 37.5578193664551 38.4770660400391 38.9011688232422 39.3031883239746 39.5341835021973 38.296817779541 38.215763092041 39.6914215087891 38.7531623840332 39.1123390197754 39.5419311523438 40.2269515991211 40.6537475585938 40.7995185852051 41.0296249389648 41.4372367858887 41.5931930541992 41.6635246276855 41.3736915588379 41.0047874450684 41.090747833252 40.953483581543 41.2173690795898 41.2183570861816 41.0306129455566 41.6575622558594 41.871265411377 41.6050262451172 40.780632019043 39.4234848022461 37.5200157165527 37.6956024169922 39.3095436096191 40.6707916259766 41.3679542541504 41.4942245483398 41.4274101257324 41.4154472351074 41.1548919677734 41.0148582458496 41.4340057373047 41.139274597168 41.208438873291
37.6883125305176 37.3331108093262 37.1341094970703 37.447151184082 38.0580024719238 38.853874206543 39.0018196105957 38.6035690307617 38.1475296020508 38.9763526916504 39.4382476806641 38.4870948791504 38.8066215515137 39.2227668762207 40.1293106079102 40.5010147094727 40.7799377441406 41.2438430786133 41.7282791137695 41.5329551696777 41.3882751464844 41.7177505493164 41.4271926879883 41.2182388305664 41.0384292602539 41.0287437438965 41.1258659362793 41.016429901123 41.3957290649414 41.7822647094727 41.8243675231934 41.2118682861328 40.4498519897461 38.9024772644043 38.3160209655762 39.3598327636719 40.6521644592285 41.2875099182129 41.3551025390625 40.8254852294922 41.1077995300293 41.3098030090332 41.0716438293457 41.1412162780762 40.7726097106934 41.0613479614258
37.3513679504395 37.1438407897949 36.6738739013672 37.0148773193359 37.7834167480469 37.956226348877 38.3603172302246 38.6847267150879 38.9694366455078 39.0739707946777 39.3973541259766 39.6054954528809 40.230583190918 40.3177223205566 40.4571228027344 40.0254516601562 40.9098930358887 41.314754486084 41.5629272460938 41.2425804138184 41.3844604492188 41.5982398986816 41.7172050476074 41.6518211364746 41.3237152099609 41.2381629943848 40.8371810913086 41.019718170166 41.4773826599121 41.5758056640625 41.746654510498 41.7651786804199 41.1270484924316 40.4282913208008 39.5860328674316 39.2992095947266 40.3613624572754 41.1828155517578 40.6224517822266 40.113899230957 41.0416526794434 41.3258399963379 41.0062026977539 40.1740112304688 40.5259971618652 41.1106452941895
