inst/extdata/Tmax/Tmax140.asc
NCOLS 100 
NROWS 79 
XLLCORNER 148.06 
YLLCORNER -21.49 
CELLSIZE 0.01 
NODATA_value -3.4e+38 
[rows 20 to 39 of 79, columns 0 to 45 of 100]
40.076084136962898 40.1108856201172 40.122200012207 40.0929565429688 40.122615814209 40.2625885009766 40.1702499389648 40.0989456176758 40.0344314575195 39.938362121582 39.7446975708008 39.2893333435059 38.8020896911621 38.1152496337891 36.7009925842285 36.247314453125 36.1617240905762 37.2340621948242 38.3705024719238 38.8436965942383 38.8681640625 38.8788681030273 39.2469749450684 39.2804412841797 39.1222496032715 38.8212432861328 38.1592674255371 37.1827278137207 37.7628974914551 37.8376770019531 38.4888534545898 38.4967002868652 38.6509170532227 38.617130279541 38.5763893127441 38.3188819885254 37.8934478759766 37.8987426757812 37.4018859863281 37.6756744384766 37.4450645446777 36.6586303710938 36.9106140136719 36.9677391052246 37.0992584228516 37.1336555480957
40.1752395629883 40.2374000549316 40.2624702453613 40.2314643859863 40.2467575073242 40.2548866271973 40.1008529663086 40.0237045288086 40.0072631835938 39.9443283081055 39.8138580322266 39.6154365539551 39.3637580871582 38.3357238769531 36.7234153747559 36.3840293884277 36.6343688964844 37.5363273620605 38.0887718200684 38.5000991821289 38.642261505127 38.5445823669434 39.1211624145508 39.275447845459 39.0713081359863 39.0923614501953 39.0462608337402 38.2398223876953 38.0767707824707 38.6381683349609 38.7686767578125 38.646068572998 38.2964630126953 37.6542587280273 37.6769828796387 37.6551208496094 38.1298561096191 37.3819236755371 36.9588508605957 37.2949142456055 36.8833808898926 36.9586334228516 36.6717910766602 35.6992874145508 36.0489845275879 36.778377532959
40.2527847290039 40.2992477416992 40.3206520080566 40.3134384155273 40.3034858703613 40.2736167907715 40.0730895996094 39.9439544677734 39.8935623168945 39.8677520751953 39.7475814819336 39.6668968200684 39.4793586730957 38.7971267700195 37.593864440918 36.6974182128906 35.9905433654785 36.5409889221191 37.1673316955566 38.0487403869629 38.1765823364258 38.3040924072266 39.006103515625 38.7809295654297 38.3403701782227 38.7397994995117 38.8035926818848 38.9005126953125 38.6004753112793 38.6456718444824 38.3644180297852 38.1555137634277 37.5491905212402 37.1961212158203 36.9502334594727 37.185188293457 37.1036758422852 36.5054626464844 36.4767761230469 36.3918151855469 36.0620651245117 35.2370452880859 36.0909156799316 35.7811622619629 34.7221527099609 36.2550964355469
40.2774810791016 40.305046081543 40.3373527526855 40.3372688293457 40.3014717102051 40.2998657226562 40.214038848877 39.8926048278809 39.7825775146484 39.8147468566895 39.6215591430664 39.4083938598633 39.5324401855469 39.1132659912109 38.244068145752 37.4011573791504 36.4948501586914 36.1878395080566 36.849666595459 37.1961135864258 37.790599822998 38.869930267334 38.6045303344727 37.9518203735352 38.1168479919434 38.2797927856445 37.9336929321289 38.9658470153809 38.9953460693359 38.8491287231445 38.6072463989258 37.4272384643555 37.0762023925781 37.2965240478516 37.6599273681641 37.1693878173828 36.1752662658691 35.5935134887695 36.3760604858398 35.8309783935547 35.0531959533691 33.5047340393066 34.4087524414062 35.6906051635742 33.746639251709 35.1825561523438
40.23681640625 40.2947998046875 40.3413696289062 40.3137359619141 40.278881072998 40.2891654968262 40.2869873046875 40.0976524353027 39.9082870483398 39.7250328063965 39.6174621582031 39.5707168579102 39.3833694458008 39.007495880127 38.1638412475586 37.4204559326172 36.6017875671387 36.2147026062012 36.440357208252 36.4461898803711 37.7564888000488 38.6536102294922 37.4676971435547 36.8893089294434 37.7758293151855 37.7566871643066 37.9422607421875 38.7508010864258 39.0221939086914 38.6093292236328 38.5524482727051 38.2946166992188 38.2672653198242 38.3316879272461 37.9850234985352 37.658935546875 37.2177238464355 36.0242004394531 35.786376953125 35.5109672546387 33.658447265625 33.0524444580078 33.5083618164062 35.4960975646973 33.371467590332 33.7700538635254
40.2061614990234 40.220947265625 40.2449417114258 40.2248039245605 40.2448348999023 40.2620849609375 40.2883262634277 40.246639251709 40.0849113464355 39.8204040527344 39.6113967895508 39.4547080993652 39.2943878173828 38.7888336181641 38.2897605895996 37.6892852783203 37.0121269226074 36.656322479248 37.1520805358887 37.9173316955566 37.9085655212402 37.7998657226562 37.280345916748 35.909008026123 36.4694557189941 37.3122444152832 37.4616165161133 38.8056793212891 39.0159034729004 38.6170310974121 37.6807518005371 38.3285369873047 38.1881713867188 38.0557632446289 37.7677154541016 37.4296493530273 37.2908821105957 35.7061004638672 34.3280487060547 34.7704658508301 33.2295417785645 34.1083068847656 34.5015144348145 35.4986915588379 34.4029312133789 33.2401809692383
40.1020355224609 40.1243209838867 40.1437797546387 40.1636581420898 40.1663208007812 40.1754150390625 40.2729110717773 40.2834243774414 40.1384353637695 39.6771125793457 39.5655746459961 39.262767791748 39.2649917602539 38.8479652404785 38.0092849731445 36.8578872680664 36.4362449645996 36.6590461730957 37.1788635253906 37.0854911804199 37.2967414855957 38.2615776062012 38.1095581054688 36.4787063598633 36.0444793701172 37.0610046386719 37.9125099182129 38.8906021118164 38.9848175048828 38.741153717041 37.8382759094238 37.4188613891602 38.2588882446289 37.6880722045898 37.2184219360352 36.3314094543457 36.018482208252 36.1444549560547 35.0036773681641 33.5997772216797 33.1851348876953 33.4951019287109 33.3987655639648 34.5358428955078 33.5176544189453 32.8738441467285
39.9492492675781 39.9643363952637 40.0119400024414 40.0750541687012 40.1081466674805 40.1816482543945 40.2831001281738 40.2860069274902 40.2126045227051 40.0030937194824 39.7381401062012 39.4358139038086 39.3071556091309 39.0900688171387 38.056941986084 36.8172645568848 36.4546279907227 36.4157638549805 36.5630760192871 36.5457344055176 37.7860450744629 38.4945259094238 37.8967437744141 36.9710426330566 36.3610992431641 36.6201095581055 36.7377738952637 38.4554595947266 38.8540954589844 38.7225189208984 37.8525695800781 37.7532424926758 38.0717010498047 37.2778625488281 36.5340614318848 35.9222640991211 34.9282722473145 35.7080230712891 35.5342826843262 33.5596542358398 33.1176986694336 33.2755279541016 33.2022399902344 33.8420867919922 33.2023391723633 32.9233932495117
39.4186973571777 39.3602638244629 39.6731758117676 40.0287742614746 40.1847686767578 40.2838706970215 40.3196716308594 40.3121643066406 40.1733894348145 40.0567588806152 39.8766059875488 39.2684288024902 39.3809432983398 39.2160720825195 38.6390495300293 37.2897071838379 36.4942779541016 35.9562759399414 36.3034477233887 37.2692070007324 37.8278350830078 38.2298851013184 37.2794609069824 36.4990463256836 36.3050994873047 36.4709053039551 36.9275512695312 37.9186325073242 38.7695922851562 38.8415603637695 38.2624130249023 37.9700622558594 37.5086669921875 36.40234375 35.1435852050781 34.6912384033203 34.3336410522461 34.5609741210938 34.7342376708984 34.3023490905762 33.7310829162598 33.8560371398926 33.5667610168457 33.329460144043 33.3436470031738 33.2726707458496
38.4499359130859 39.4010162353516 39.7830696105957 39.4934883117676 40.1277198791504 40.3034439086914 40.3280181884766 40.3189010620117 40.0926666259766 39.9304275512695 39.9262351989746 39.6208305358887 39.3554992675781 39.2099571228027 38.9279098510742 38.3512001037598 37.7107124328613 36.2267074584961 36.5812606811523 36.6739082336426 36.8467903137207 37.8775405883789 37.4111442565918 36.5370330810547 36.3187408447266 36.0960655212402 36.0499267578125 37.86328125 38.8141174316406 38.9029006958008 37.9868011474609 36.9276885986328 36.5952186584473 36.2170867919922 35.9312896728516 34.8358955383301 34.7579498291016 34.3126602172852 33.861946105957 34.1444854736328 36.1139068603516 36.187198638916 34.9678344726562 33.3991241455078 34.5482063293457 34.668514251709
38.7896614074707 39.7607879638672 39.8025093078613 39.2076377868652 40.0870018005371 40.300106048584 40.3524742126465 40.3374481201172 40.2763862609863 40.0229721069336 39.9066696166992 39.8251152038574 39.627986907959 39.3971061706543 39.0693435668945 38.4154090881348 37.4699554443359 36.9858131408691 36.4949073791504 36.7779197692871 36.8674240112305 37.3427352905273 36.6849517822266 36.5033912658691 36.177562713623 35.4944343566895 35.7890548706055 37.7385177612305 38.6929626464844 38.7465591430664 38.7308883666992 38.5304985046387 37.3000831604004 36.2732543945312 36.2031440734863 35.6797676086426 35.8230781555176 35.617359161377 35.1585922241211 35.694263458252 37.3079986572266 37.3561820983887 36.9044609069824 36.2879753112793 36.1602554321289 35.517936706543
39.6472663879395 39.9387893676758 40.0214424133301 40.0240173339844 40.1246910095215 40.2964057922363 40.3270835876465 40.3264083862305 40.2786483764648 40.2011222839355 39.9982299804688 39.9242706298828 39.817211151123 39.5886917114258 39.2899017333984 38.7448310852051 37.7748222351074 37.3077850341797 36.542552947998 36.4277496337891 36.5079498291016 36.9813613891602 36.5793800354004 36.3031959533691 36.2389221191406 36.2744102478027 37.1323623657227 38.3351211547852 38.7622604370117 38.1902465820312 38.0963668823242 38.0996971130371 38.3379669189453 37.7749252319336 37.4824752807617 36.6570281982422 37.7680053710938 37.6078033447266 37.5780715942383 37.5957641601562 37.3494987487793 36.3587226867676 35.3351707458496 34.9809303283691 34.8343391418457 34.0266304016113
39.3429527282715 40.1393928527832 40.2162017822266 40.2362518310547 40.2347106933594 40.2476539611816 40.2133712768555 40.2692832946777 40.2648887634277 40.2481842041016 40.1973495483398 40.0481185913086 39.8447151184082 39.6664085388184 39.4528541564941 39.1748847961426 38.6223182678223 37.8759346008301 37.0356979370117 36.2709312438965 36.3045234680176 36.7867279052734 36.6571502685547 36.3573188781738 36.2063903808594 36.3810577392578 37.9371032714844 38.7466888427734 38.8263397216797 38.6294174194336 38.07373046875 37.3900566101074 38.1728668212891 38.2968940734863 38.3419189453125 37.7503929138184 38.2017631530762 37.8698768615723 37.7230644226074 37.5464286804199 36.2570991516113 34.7044792175293 33.3243980407715 33.7016372680664 33.6089515686035 32.6449394226074
39.213077545166 39.9074478149414 39.7115440368652 39.5783309936523 39.7339553833008 40.1679458618164 40.1657905578613 40.1950378417969 40.2147216796875 40.2027206420898 40.168212890625 40.1328659057617 40.0084381103516 39.8373718261719 39.6652069091797 39.413444519043 38.9095420837402 38.4442901611328 38.1392211914062 37.4310035705566 36.3888702392578 36.6352767944336 36.397216796875 36.4783592224121 36.35009765625 36.3237419128418 37.4618263244629 38.7185592651367 38.811767578125 38.4534034729004 38.3010482788086 37.1049766540527 37.423469543457 37.7085838317871 38.0451736450195 38.1839256286621 38.0135116577148 37.8219604492188 37.3966789245605 37.4567184448242 37.1095581054688 35.7490921020508 34.8784217834473 35.4760856628418 34.998233795166 33.7534217834473
39.5990333557129 39.8986663818359 39.4497299194336 38.7063102722168 38.8292274475098 39.8995666503906 40.1337852478027 40.0979537963867 40.1196632385254 40.1407699584961 40.0537261962891 40.0996932983398 40.0470581054688 39.9248580932617 39.7582015991211 39.5458602905273 39.1810874938965 38.4332504272461 37.9757385253906 37.4580879211426 36.6978530883789 36.5940399169922 36.3991088867188 36.1726188659668 36.1395530700684 36.5539398193359 37.7967147827148 38.683780670166 38.1189384460449 37.8711242675781 37.9941673278809 37.5835990905762 37.2226486206055 36.8664817810059 36.5778617858887 37.1110038757324 36.8959312438965 37.2527770996094 37.1669883728027 36.9500694274902 36.6664085388184 36.9970016479492 36.7345657348633 36.3905868530273 35.7400817871094 35.2203254699707
39.7562255859375 39.8512649536133 39.6411476135254 39.2931709289551 38.9553070068359 39.5821304321289 39.9225845336914 39.9528274536133 40.0101432800293 40.0821685791016 40.0729446411133 40.1169509887695 40.0506362915039 39.9866790771484 39.8147811889648 39.570686340332 39.2861404418945 39.0481300354004 38.5977554321289 37.861930847168 37.429370880127 37.1279487609863 36.5527954101562 35.8592834472656 36.0350608825684 36.3066101074219 37.898265838623 38.5012435913086 36.3955574035645 35.9575271606445 36.6558685302734 36.886043548584 36.8393363952637 36.6059761047363 36.079475402832 35.8019409179688 36.3704986572266 36.1962928771973 36.1619987487793 36.1085433959961 35.8209953308105 35.4749755859375 35.7538566589355 36.2698783874512 35.586799621582 34.3571968078613
39.6088638305664 39.6286811828613 39.6660423278809 39.3580436706543 39.04541015625 39.261173248291 39.5026397705078 39.7307968139648 39.8613586425781 40.0065879821777 39.9886093139648 39.9779891967773 40.0812759399414 40.0057601928711 39.8714065551758 39.5629653930664 39.5249977111816 39.3581581115723 39.0761070251465 38.6405868530273 38.4754066467285 37.5633888244629 36.8864593505859 36.3551864624023 36.3538093566895 36.7849617004395 37.9381828308105 37.8303375244141 37.4952201843262 37.375244140625 36.5103645324707 36.4305191040039 36.2244911193848 36.068733215332 35.2806358337402 34.8363189697266 35.0586471557617 34.9988746643066 35.2560234069824 35.0356483459473 35.0218620300293 33.9979095458984 34.7796821594238 35.7155494689941 35.4550399780273 33.8539810180664
38.9919242858887 39.348560333252 39.5940322875977 39.4776649475098 39.2535858154297 39.1089859008789 39.0855674743652 39.5140571594238 39.6472663879395 39.8522567749023 39.9516754150391 39.9427108764648 40.0158157348633 40.0383834838867 39.8350830078125 39.7187118530273 39.6191520690918 39.4943656921387 39.3129043579102 39.0826454162598 38.8484344482422 38.0201873779297 36.7172088623047 36.8181419372559 36.042652130127 36.6926651000977 37.771183013916 37.1358375549316 37.3518676757812 37.8862037658691 37.7513961791992 37.5576324462891 36.7883834838867 36.3154106140137 34.5974540710449 33.2572746276855 33.283561706543 33.1779937744141 33.1393585205078 33.5928764343262 33.7712936401367 33.9683456420898 34.1811485290527 35.1403121948242 34.9819984436035 34.5482559204102
39.1595764160156 39.249885559082 39.4104995727539 39.3860168457031 39.3481826782227 38.9982299804688 38.7413177490234 38.4458541870117 39.2031478881836 39.7839965820312 39.9434967041016 39.9861297607422 40.0812454223633 40.080696105957 39.7292251586914 39.2633209228516 39.2758636474609 39.3483505249023 39.4040451049805 39.2645492553711 39.0998840332031 38.615966796875 37.339412689209 37.6900329589844 36.5894393920898 36.5822486877441 36.7358703613281 37.1033172607422 35.9250907897949 36.6662063598633 36.2487258911133 36.3625602722168 37.7890586853027 37.2937812805176 36.2059631347656 33.7627067565918 32.8676834106445 32.8693084716797 32.244068145752 32.6449699401855 33.2337379455566 33.2058029174805 33.2845726013184 34.7576141357422 34.2709197998047 33.6854515075684
39.2534790039062 39.1481704711914 39.2180709838867 38.9961853027344 39.2287673950195 39.131965637207 38.8623962402344 38.5644454956055 38.7900085449219 39.4983673095703 39.790657043457 40.0059814453125 40.0598983764648 40.0232009887695 39.9567260742188 39.4871215820312 39.0291290283203 38.8050842285156 39.120735168457 39.2674713134766 39.1056213378906 38.9265670776367 38.5513191223145 37.8834571838379 36.6525230407715 36.4064140319824 36.3367767333984 36.445442199707 36.5031890869141 35.9072113037109 35.2820091247559 36.1211738586426 37.4916000366211 36.6365928649902 36.8869323730469 36.2726402282715 35.7857437133789 35.6395950317383 34.558162689209 33.3623809814453 34.125659942627 33.7609672546387 34.1923065185547 34.3957138061523 34.0627593994141 33.5443496704102
