inst/extdata/Tmax/Tmax32.asc
NCOLS 100 
NROWS 79 
XLLCORNER 148.06 
YLLCORNER -21.49 
CELLSIZE 0.01 
NODATA_value -3.4e+38 
[rows 40 to 59 of 79, columns 0 to 45 of 100]
27.707509994506800 27.3572750091553 28.2236213684082 28.8531169891357 28.0289535522461 27.8744869232178 27.8467044830322 27.8355979919434 27.1402378082275 27.4576454162598 28.0019264221191 29.4316558837891 29.8897838592529 28.8574295043945 28.9128665924072 28.4675159454346 28.352725982666 27.6878929138184 27.064359664917 27.2585792541504 27.2336463928223 27.3376331329346 27.2985324859619 27.3105983734131 25.7388076782227 25.9752655029297 25.2065162658691 25.2030544281006 25.5187168121338 24.5133628845215 23.5763301849365 22.5131282806396 24.0277805328369 23.8494052886963 23.3509292602539 23.7151107788086 23.2948532104492 20.5128307342529 20.041711807251 19.6419658660889 19.2264060974121 18.468376159668 17.9495258331299 17.7104263305664 17.45654296875 19.2779846191406
28.1641578674316 27.89479637146 28.0015544891357 28.6720581054688 28.7887554168701 28.6329517364502 27.8879127502441 28.2197093963623 27.851245880127 28.4358711242676 28.4014167785645 29.226390838623 29.4801273345947 29.482816696167 28.7464599609375 29.4635047912598 28.6681480407715 27.7071113586426 27.0149040222168 27.534948348999 27.9135551452637 28.1446838378906 27.5373954772949 26.6212406158447 24.7288684844971 24.1987648010254 24.8672828674316 25.0181045532227 25.2525157928467 24.816047668457 23.7100849151611 23.5938625335693 23.8390121459961 24.4902858734131 21.6389045715332 22.5957832336426 21.9937057495117 20.4242057800293 20.3003749847412 21.8504486083984 21.6415538787842 19.4187049865723 17.5365982055664 17.4537887573242 17.4958229064941 17.8485298156738
28.1744251251221 28.1352787017822 28.3678760528564 28.4147834777832 28.3052845001221 28.1435451507568 28.1112957000732 28.4899406433105 28.1973495483398 28.3719749450684 28.7674674987793 29.4363765716553 30.1566734313965 29.5476417541504 29.6001033782959 29.0484867095947 28.9450664520264 28.774974822998 28.0234508514404 27.9585762023926 28.2580909729004 27.5196056365967 27.4860610961914 26.7584953308105 26.8591442108154 26.2817306518555 24.287260055542 25.0149841308594 25.0231857299805 24.5428791046143 23.0870304107666 23.0114841461182 21.9429302215576 22.0691795349121 20.910665512085 21.2519435882568 19.1245956420898 19.967866897583 20.2580280303955 19.7341365814209 20.4759635925293 19.5791702270508 19.8753623962402 18.5937576293945 18.4514904022217 19.237907409668
27.4204559326172 27.906566619873 28.3030891418457 28.3740386962891 28.6105003356934 28.407787322998 29.1233444213867 28.8799438476562 28.3614940643311 28.3025360107422 28.468376159668 29.0752143859863 29.5582084655762 29.6868114471436 30.0521297454834 30.0825634002686 29.6085586547852 29.365629196167 28.3920822143555 28.2205486297607 28.3030815124512 28.1670303344727 27.6331405639648 26.2995090484619 26.4481048583984 26.3494720458984 25.938943862915 25.6908645629883 24.9471473693848 25.1820964813232 24.1075859069824 23.7036724090576 24.9872493743896 23.807466506958 24.1365642547607 18.1617946624756 18.7228488922119 18.8385391235352 19.0531692504883 18.7086849212646 18.3913326263428 19.0586643218994 18.7359409332275 19.4811725616455 20.9249172210693 23.1459636688232
27.1185932159424 27.7634468078613 27.6777019500732 27.6635036468506 28.2758674621582 28.411340713501 28.4458312988281 28.6322021484375 28.4417419433594 28.6440296173096 28.4139404296875 29.2538185119629 29.3059520721436 29.911262512207 30.1738777160645 29.9413051605225 29.5207138061523 29.6894149780273 29.5155696868896 29.3254852294922 28.7488918304443 28.5627365112305 27.7771987915039 28.3256969451904 27.6289558410645 26.5255432128906 26.5187129974365 25.8291053771973 26.1760711669922 25.3609371185303 25.1740608215332 24.7385959625244 25.1565971374512 26.9217891693115 26.9021663665771 18.9488506317139 17.7829246520996 17.8253402709961 17.9475936889648 18.4458827972412 18.2252159118652 18.6680908203125 18.0970554351807 18.7797470092773 20.1514739990234 23.1039848327637
28.2619819641113 27.6856727600098 27.2014102935791 27.3252182006836 27.9812507629395 27.8841724395752 28.1666641235352 28.560791015625 28.6567497253418 28.5626316070557 28.3957614898682 28.888069152832 28.735107421875 29.8093185424805 30.4124126434326 29.9149417877197 29.3874912261963 29.9579524993896 29.1728172302246 28.8886737823486 28.7929840087891 28.4401512145996 27.9070091247559 26.8344097137451 27.534725189209 27.48703956604 25.9499626159668 26.3394927978516 26.4974136352539 25.4747581481934 24.4431037902832 24.3246002197266 25.3481216430664 25.3630771636963 27.3918075561523 24.0682239532471 18.5733375549316 17.8283100128174 17.8945617675781 18.636438369751 17.9540920257568 18.3464584350586 18.8130207061768 18.8289909362793 19.810266494751 20.4151954650879
26.9688930511475 27.4291172027588 27.8695907592773 27.1173725128174 26.9981842041016 27.4555854797363 28.0945854187012 28.2353076934814 28.2360076904297 28.0249538421631 28.6038837432861 28.7103500366211 27.8187942504883 28.4745464324951 29.8846111297607 28.6917610168457 28.7314376831055 29.8294868469238 29.5938053131104 28.2952175140381 28.4774913787842 28.123743057251 28.2006549835205 28.5270328521729 25.9591083526611 26.3180847167969 26.2642669677734 26.4599075317383 26.6054458618164 26.7436656951904 25.1593418121338 24.6851444244385 24.3295745849609 24.5879192352295 26.013032913208 26.0085926055908 18.7709865570068 18.919584274292 18.8103733062744 19.4348182678223 18.7472076416016 18.6416244506836 18.8735084533691 24.4831066131592 20.1226673126221 19.1959781646729
28.2594470977783 27.0665950775146 28.0012741088867 26.8943309783936 26.8878707885742 27.1447849273682 27.3420562744141 27.2715034484863 27.1247024536133 27.7650203704834 27.5074901580811 27.5614471435547 27.9212951660156 28.7566776275635 29.6166400909424 29.7581443786621 29.1403732299805 29.5671539306641 29.4222450256348 28.4341812133789 29.0224151611328 28.9588203430176 27.6044750213623 27.83469581604 27.5782737731934 28.3197917938232 27.8774795532227 27.2416172027588 27.3396282196045 27.2201633453369 26.6264095306396 25.9122676849365 24.7210254669189 25.6898193359375 25.6714496612549 24.6335697174072 24.3485164642334 22.2944183349609 20.156925201416 20.0997886657715 19.6128234863281 19.5178661346436 19.5391178131104 19.3780689239502 18.7415103912354 18.4679985046387
29.6052703857422 27.7650623321533 26.5097846984863 26.1764392852783 26.3057384490967 27.3824214935303 26.8955459594727 26.7813682556152 26.6731128692627 27.4972839355469 27.6554851531982 27.4488697052002 27.9097518920898 28.9496326446533 29.7798328399658 28.9048080444336 28.91628074646 28.5812149047852 29.1162204742432 28.068567276001 28.1921825408936 29.1643676757812 28.9281921386719 28.6053924560547 27.9978771209717 27.4220733642578 28.4209442138672 29.0388603210449 28.4538497924805 27.3549652099609 26.4051952362061 26.4977188110352 25.6794757843018 25.4285354614258 25.3956813812256 25.4104499816895 25.7249889373779 25.5490798950195 25.6655693054199 23.9524059295654 19.0006713867188 19.0489673614502 19.3139953613281 18.926456451416 18.8770866394043 18.54079246521
29.8210105895996 28.8317222595215 27.9166870117188 26.068977355957 25.9985027313232 26.0920753479004 26.6684913635254 26.7723503112793 26.7588367462158 28.1836051940918 28.984992980957 28.442232131958 28.0207862854004 28.178524017334 28.3124580383301 28.3650588989258 28.8761596679688 29.0483436584473 28.6711559295654 29.3609027862549 28.2081069946289 28.7211074829102 29.11891746521 28.9730854034424 28.4591045379639 28.9616012573242 27.3695659637451 28.4832763671875 27.9415550231934 27.2349662780762 26.2620277404785 26.8257102966309 24.9797210693359 24.9518241882324 25.2010402679443 21.8077850341797 25.8655128479004 25.5794563293457 25.2527675628662 25.4035987854004 24.0434703826904 18.9118194580078 18.6203327178955 20.8822841644287 20.8344078063965 21.3760776519775
30.1858787536621 29.3302669525146 28.8524341583252 26.4649639129639 26.4246597290039 26.0132331848145 26.1618633270264 26.7828598022461 26.7102508544922 27.9312877655029 29.0189971923828 28.8098659515381 28.9198513031006 29.2795448303223 29.0996017456055 28.6939735412598 28.988245010376 28.9740581512451 28.9887943267822 28.1954765319824 29.1525859832764 28.9647731781006 28.6949443817139 28.2375583648682 27.9392852783203 27.917781829834 27.5079460144043 26.9517803192139 27.9012184143066 27.6726818084717 26.5797328948975 26.7677936553955 25.3438396453857 25.5588626861572 23.9351902008057 24.9378967285156 24.8453464508057 25.2770252227783 25.100564956665 25.1928825378418 24.8146209716797 24.0878124237061 22.8313026428223 22.0043354034424 20.6538238525391 20.53564453125
29.9616775512695 30.1162242889404 28.9764823913574 27.288890838623 27.007266998291 27.3825836181641 26.756031036377 26.3121452331543 25.642391204834 26.597770690918 28.5737686157227 29.1933040618896 29.3994274139404 28.58420753479 29.1407299041748 29.0662593841553 29.2159099578857 29.5569915771484 29.6824836730957 28.4798412322998 29.3440704345703 29.2468147277832 27.8633995056152 27.8929653167725 27.7476711273193 26.8645248413086 26.7368717193604 26.8955478668213 27.7179336547852 28.3882369995117 28.1973056793213 26.1406307220459 25.8333129882812 24.9145355224609 24.6359825134277 24.0853538513184 24.1521110534668 24.9143695831299 24.8484897613525 24.8585891723633 24.1659355163574 23.8976898193359 23.4160671234131 22.5298709869385 18.7191848754883 18.5362186431885
29.4266624450684 30.0150547027588 29.7074298858643 26.1709022521973 25.6408557891846 26.4893455505371 26.3752403259277 26.544469833374 25.668083190918 25.8706665039062 27.6088695526123 27.2625637054443 28.1140670776367 29.1947994232178 28.8007316589355 29.2103710174561 29.3924789428711 29.6678123474121 29.5335750579834 29.4133815765381 29.3543510437012 29.1565647125244 29.0083961486816 27.9153423309326 28.8589782714844 28.5433177947998 27.1359310150146 27.2094192504883 27.3199577331543 28.0222492218018 28.0504131317139 26.6828556060791 25.7384834289551 25.1421909332275 25.1439304351807 25.8428001403809 24.0009689331055 23.7660083770752 24.5015048980713 25.5773544311523 25.5041770935059 24.8074989318848 24.7502384185791 23.9351119995117 19.0186805725098 18.4390716552734
29.7425365447998 29.2193069458008 29.1359882354736 26.9504585266113 25.8957138061523 27.1183986663818 27.1028442382812 26.5507621765137 25.7579593658447 25.8829898834229 27.4300975799561 26.9057865142822 28.9027919769287 28.8667316436768 28.7394371032715 29.5811767578125 29.2445545196533 29.6277694702148 28.4039993286133 29.2392330169678 29.3297214508057 29.3903541564941 29.2200164794922 28.4108695983887 27.7848663330078 28.0011005401611 28.0259742736816 27.47776222229 27.0175457000732 27.318302154541 27.7087211608887 27.98122215271 27.9819507598877 27.1872444152832 26.214334487915 26.8007564544678 25.4607639312744 24.6101627349854 23.3487739562988 24.7208137512207 25.769889831543 25.9532814025879 25.3655796051025 25.1299018859863 22.6100273132324 22.1613731384277
29.4774780273438 28.6354007720947 28.835916519165 27.9149341583252 27.4087066650391 27.1836700439453 27.7079124450684 27.2498645782471 27.5395393371582 26.6076984405518 26.6315593719482 27.4213333129883 27.6182765960693 28.5424785614014 29.2973403930664 29.4688625335693 29.3837146759033 29.5590896606445 29.5218353271484 28.7023181915283 28.7137088775635 29.353364944458 28.9267139434814 29.4184379577637 28.6130504608154 27.9536457061768 27.4458599090576 27.8552284240723 26.4844989776611 27.5987701416016 27.259672164917 26.7359294891357 27.719051361084 27.4510593414307 28.3304061889648 25.9924087524414 26.1023540496826 26.7128276824951 26.4212799072266 25.1548080444336 25.1269721984863 24.3157787322998 23.576681137085 22.7788238525391 22.9105968475342 19.8165836334229
29.5741558074951 29.5985889434814 29.4406032562256 28.3789825439453 28.0148296356201 27.8875865936279 28.3043231964111 28.6851997375488 27.8864231109619 26.7406044006348 27.5046405792236 28.8372611999512 28.5373764038086 29.4960422515869 29.2832088470459 29.393123626709 28.122522354126 28.7232074737549 28.8741188049316 28.8992652893066 28.5198078155518 28.5878772735596 28.2070121765137 28.8359966278076 28.4907875061035 28.753475189209 27.891300201416 28.2612285614014 27.1835231781006 27.6259346008301 27.7656383514404 27.2877044677734 26.5985813140869 26.6003723144531 27.0353717803955 27.6873111724854 27.3062915802002 27.1857738494873 26.4154644012451 24.8240566253662 24.210693359375 25.0053901672363 22.9909286499023 19.4398651123047 19.8411846160889 19.6005573272705
29.089542388916 29.4873561859131 29.0444564819336 29.6277809143066 28.4476795196533 27.1749305725098 27.8651599884033 28.6056785583496 28.223726272583 27.4672298431396 27.3369560241699 29.075101852417 29.4254741668701 28.2758636474609 28.9093856811523 29.3178024291992 28.0490894317627 28.4675903320312 28.7795372009277 27.8701820373535 28.0522899627686 28.3707523345947 28.5830688476562 28.4578342437744 28.502161026001 28.426513671875 28.2331676483154 27.7459392547607 27.4372653961182 27.9378643035889 26.27809715271 27.1216926574707 25.5211296081543 25.5614414215088 25.9886379241943 27.1301593780518 26.5075073242188 25.4592456817627 25.3657913208008 20.6179237365723 20.2791519165039 23.8364448547363 22.6266670227051 19.0116100311279 19.4788665771484 19.6168994903564
29.5725364685059 29.8763313293457 29.4885387420654 29.2624969482422 28.7847995758057 29.0529041290283 27.9761962890625 27.8930511474609 28.3033409118652 28.2042007446289 26.8504257202148 28.1083850860596 29.4500026702881 29.1519317626953 28.7305850982666 29.2718448638916 28.71067237854 28.4977188110352 27.1582431793213 28.3778648376465 28.6901416778564 28.7714366912842 27.9337005615234 28.3990364074707 29.0980911254883 28.4285678863525 28.2629795074463 27.7906742095947 27.8835029602051 28.3600368499756 27.7083282470703 27.5890159606934 27.4141521453857 26.8622341156006 25.7120742797852 25.7911891937256 26.6762142181396 25.8806533813477 24.7127914428711 20.5230560302734 20.4093208312988 24.5517311096191 19.987419128418 19.7146453857422 19.0819530487061 19.2534027099609
29.8247241973877 29.7708873748779 29.8776988983154 29.4956283569336 29.4214534759521 28.7787799835205 27.78369140625 27.5771560668945 27.8385601043701 26.8978881835938 27.1761779785156 29.2003002166748 28.9235439300537 29.6106624603271 28.7226982116699 28.7775764465332 27.5986728668213 27.4512538909912 27.3971519470215 27.4302558898926 27.4967956542969 27.8529510498047 27.172290802002 27.7998924255371 28.9992294311523 28.3469085693359 27.9964370727539 28.0820636749268 27.9063587188721 28.4164199829102 27.6150093078613 27.5867691040039 27.4565830230713 26.886137008667 26.8250598907471 25.7924938201904 25.7281684875488 25.2553634643555 21.1526508331299 21.0505180358887 20.7459335327148 23.9609870910645 20.1175708770752 19.3191986083984 19.3618831634521 19.2608776092529
29.6455669403076 29.0287628173828 29.7590293884277 28.701208114624 29.4193916320801 28.183837890625 28.0720844268799 27.4065704345703 27.8293838500977 26.9379062652588 26.9691047668457 26.5992755889893 28.4425945281982 29.2943706512451 29.2453060150146 28.522632598877 27.3864192962646 27.4852199554443 27.3837890625 26.7016124725342 27.0339546203613 28.3992290496826 27.4530029296875 27.7770709991455 27.8128643035889 28.2819004058838 28.1140403747559 27.9227409362793 28.0998859405518 28.7456092834473 27.7874031066895 27.3880138397217 27.0047416687012 27.7441291809082 27.3784313201904 26.9987411499023 26.3504161834717 25.1389598846436 24.5624217987061 24.4698657989502 23.8828811645508 23.9375610351562 23.2156085968018 19.4399433135986 19.3282489776611 19.319637298584
