inst/extdata/Tmax/Tmax49.asc
NCOLS 100 
NROWS 79 
XLLCORNER 148.06 
YLLCORNER -21.49 
CELLSIZE 0.01 
NODATA_value -3.4e+38 
[rows 0 to 19 of 79, columns 46 to 91 of 100]
30.6912498474121 29.3853797912598 29.5708332061768 29.8134155273438 30.3786525726318 30.325532913208 30.5608692169189 30.5850887298584 29.5862941741943 27.5984058380127 29.3105030059814 28.6913375854492 29.4757537841797 30.153263092041 30.3043365478516 30.5053081512451 30.7198467254639 31.1656646728516 29.7707958221436 30.3686771392822 30.5948276519775 -3.4e+38 -3.4e+38 -3.4e+38 -3.4e+38 -3.4e+38 -3.4e+38 -3.4e+38 -3.4e+38 -3.4e+38 -3.4e+38 -3.4e+38 -3.4e+38 -3.4e+38 -3.4e+38 -3.4e+38 -3.4e+38 -3.4e+38 -3.4e+38 -3.4e+38 -3.4e+38 -3.4e+38 -3.4e+38 -3.4e+38 -3.4e+38 -3.4e+38
31.0302066802979 30.5142879486084 29.1652412414551 29.465892791748 29.6547870635986 29.6419677734375 30.0181617736816 30.4226341247559 29.1242275238037 28.1045570373535 30.1781330108643 29.8225364685059 31.6644458770752 31.3153820037842 30.1592273712158 29.1769237518311 30.3484363555908 32.2315826416016 31.178466796875 29.9796562194824 30.7103805541992 32.807014465332 -3.4e+38 -3.4e+38 -3.4e+38 -3.4e+38 -3.4e+38 -3.4e+38 -3.4e+38 -3.4e+38 -3.4e+38 -3.4e+38 -3.4e+38 -3.4e+38 -3.4e+38 -3.4e+38 -3.4e+38 -3.4e+38 -3.4e+38 -3.4e+38 -3.4e+38 -3.4e+38 -3.4e+38 -3.4e+38 -3.4e+38 -3.4e+38
32.7899627685547 29.7024574279785 27.6077766418457 28.113187789917 27.973165512085 29.5372543334961 28.7333164215088 28.6703338623047 27.8352661132812 27.5925006866455 29.4614009857178 30.9362964630127 32.3330535888672 31.8283977508545 29.3180160522461 28.6147365570068 30.1957874298096 29.8633079528809 29.7670078277588 30.0199184417725 29.715726852417 29.9868774414062 29.8713245391846 30.4154853820801 -3.4e+38 -3.4e+38 -3.4e+38 -3.4e+38 -3.4e+38 -3.4e+38 -3.4e+38 -3.4e+38 -3.4e+38 -3.4e+38 -3.4e+38 -3.4e+38 -3.4e+38 -3.4e+38 -3.4e+38 -3.4e+38 -3.4e+38 -3.4e+38 -3.4e+38 -3.4e+38 -3.4e+38 -3.4e+38
28.8357982635498 28.3616924285889 25.4254493713379 26.4797439575195 28.1299228668213 27.9675559997559 28.4466228485107 28.6282062530518 28.3356838226318 27.9241542816162 29.2291240692139 28.8631782531738 31.6510562896729 32.2418975830078 29.7050704956055 29.1480178833008 31.0153999328613 31.7056560516357 31.1568794250488 30.4479179382324 29.057186126709 30.0291213989258 29.7931690216064 30.666446685791 31.1955890655518 31.2090339660645 -3.4e+38 -3.4e+38 -3.4e+38 -3.4e+38 -3.4e+38 -3.4e+38 -3.4e+38 -3.4e+38 -3.4e+38 -3.4e+38 -3.4e+38 -3.4e+38 -3.4e+38 -3.4e+38 -3.4e+38 -3.4e+38 -3.4e+38 -3.4e+38 -3.4e+38 -3.4e+38
29.7765254974365 27.95778465271 25.2022132873535 24.9412899017334 26.4996147155762 28.8040046691895 29.4992446899414 29.868631362915 27.955696105957 26.9778251647949 27.6829471588135 26.0906181335449 27.6260356903076 31.7125473022461 28.8879051208496 29.2434635162354 31.1277675628662 30.9470176696777 31.6309108734131 31.5879878997803 25.1808338165283 29.9972324371338 30.3145084381104 29.8376903533936 30.6775093078613 31.1795825958252 -3.4e+38 -3.4e+38 -3.4e+38 -3.4e+38 -3.4e+38 -3.4e+38 -3.4e+38 -3.4e+38 -3.4e+38 -3.4e+38 -3.4e+38 -3.4e+38 -3.4e+38 -3.4e+38 -3.4e+38 -3.4e+38 -3.4e+38 -3.4e+38 -3.4e+38 -3.4e+38
25.4698753356934 26.3227996826172 24.3227348327637 23.610652923584 26.4713611602783 28.666296005249 28.0874862670898 28.5405693054199 27.3908977508545 27.7298564910889 25.4535007476807 25.1618175506592 29.2517127990723 30.0533676147461 27.929370880127 29.27610206604 30.5644798278809 31.7137603759766 30.7495212554932 30.5640621185303 25.2334251403809 27.3248500823975 30.9525737762451 29.9662456512451 30.4426441192627 30.420618057251 -3.4e+38 -3.4e+38 -3.4e+38 -3.4e+38 -3.4e+38 -3.4e+38 -3.4e+38 -3.4e+38 -3.4e+38 -3.4e+38 -3.4e+38 -3.4e+38 -3.4e+38 -3.4e+38 -3.4e+38 -3.4e+38 -3.4e+38 -3.4e+38 -3.4e+38 -3.4e+38
24.1943664550781 25.1101131439209 25.4421482086182 25.0092906951904 29.0352458953857 28.6892471313477 28.7031688690186 27.582986831665 28.4268779754639 27.3665161132812 26.5034198760986 26.8418502807617 27.9645595550537 31.6407947540283 31.5944843292236 32.6507873535156 29.1927585601807 29.5426502227783 29.584529876709 30.0976181030273 31.9284954071045 29.7249717712402 30.5410690307617 30.1152362823486 29.5486106872559 28.8907718658447 28.8653793334961 29.473072052002 -3.4e+38 -3.4e+38 -3.4e+38 -3.4e+38 -3.4e+38 -3.4e+38 -3.4e+38 -3.4e+38 -3.4e+38 -3.4e+38 -3.4e+38 -3.4e+38 -3.4e+38 -3.4e+38 -3.4e+38 -3.4e+38 -3.4e+38 -3.4e+38
23.0757656097412 25.8151969909668 31.0224952697754 25.5281829833984 24.4356708526611 26.2546634674072 28.0916690826416 27.202428817749 27.5473251342773 28.421407699585 26.8677616119385 26.4345588684082 27.4955406188965 28.949390411377 27.2785949707031 30.1296672821045 27.1616840362549 26.9847679138184 28.2956562042236 29.6884384155273 29.9682102203369 28.6658916473389 29.233081817627 29.8838748931885 28.8986358642578 28.1757907867432 27.9549980163574 28.6604499816895 30.0681190490723 28.6394290924072 29.9109592437744 -3.4e+38 -3.4e+38 -3.4e+38 -3.4e+38 -3.4e+38 -3.4e+38 -3.4e+38 -3.4e+38 -3.4e+38 -3.4e+38 -3.4e+38 -3.4e+38 -3.4e+38 -3.4e+38 -3.4e+38
23.0237426757812 25.1358318328857 25.9101581573486 29.8386325836182 25.4101753234863 23.7129669189453 25.9016647338867 26.2606468200684 28.5476093292236 28.8400497436523 29.0601081848145 27.3994617462158 27.0344142913818 27.6667633056641 25.5821723937988 25.4659957885742 24.7614669799805 29.0256519317627 27.5914249420166 28.9929466247559 31.073938369751 30.9983253479004 28.5500144958496 26.6138534545898 27.6878509521484 28.3416271209717 29.0108089447021 30.1900424957275 29.8698959350586 28.6968994140625 28.2180767059326 30.651538848877 -3.4e+38 -3.4e+38 -3.4e+38 -3.4e+38 -3.4e+38 -3.4e+38 -3.4e+38 -3.4e+38 -3.4e+38 -3.4e+38 -3.4e+38 -3.4e+38 -3.4e+38 -3.4e+38
24.3189849853516 25.1043663024902 25.7036876678467 26.493408203125 28.0659503936768 24.99631690979 24.6990032196045 26.4016494750977 27.9433116912842 28.2319240570068 28.1648178100586 27.9252471923828 26.8888378143311 26.9946403503418 25.4300231933594 25.0807838439941 24.7166557312012 29.6971664428711 29.4877986907959 27.7443256378174 28.8740406036377 30.6980857849121 31.4623928070068 30.4694232940674 30.4633617401123 28.1613025665283 28.7672538757324 31.3209838867188 29.3351783752441 28.6818923950195 31.769100189209 32.257022857666 -3.4e+38 -3.4e+38 -3.4e+38 -3.4e+38 -3.4e+38 -3.4e+38 -3.4e+38 -3.4e+38 -3.4e+38 -3.4e+38 -3.4e+38 -3.4e+38 -3.4e+38 -3.4e+38
23.2790946960449 25.4658756256104 25.3877830505371 25.391565322876 26.9021530151367 29.7751712799072 26.9334831237793 27.7793045043945 27.5878734588623 27.8176689147949 28.6143741607666 28.1108150482178 27.6629314422607 28.2525596618652 27.6635875701904 27.7581024169922 28.8847351074219 29.16188621521 30.386402130127 30.1834869384766 27.8132190704346 30.9554309844971 28.624382019043 27.5228042602539 29.3060398101807 29.0297241210938 30.050271987915 29.9984264373779 32.0092506408691 32.6577453613281 -3.4e+38 -3.4e+38 -3.4e+38 -3.4e+38 -3.4e+38 -3.4e+38 -3.4e+38 -3.4e+38 -3.4e+38 -3.4e+38 -3.4e+38 -3.4e+38 -3.4e+38 -3.4e+38 -3.4e+38 -3.4e+38
22.7776660919189 23.8276615142822 23.9751434326172 23.1825675964355 24.0542278289795 25.1217288970947 31.76708984375 28.5101528167725 28.2246952056885 27.9288120269775 28.1352005004883 28.5581226348877 27.7073516845703 28.2547473907471 27.9846439361572 29.8475646972656 29.8145313262939 29.7573318481445 32.8286018371582 30.6204109191895 28.8531188964844 28.9068279266357 28.9879341125488 28.4146060943604 32.4171104431152 28.2541332244873 29.6217594146729 29.4185791015625 30.2329254150391 29.0892448425293 -3.4e+38 -3.4e+38 -3.4e+38 -3.4e+38 -3.4e+38 -3.4e+38 -3.4e+38 -3.4e+38 -3.4e+38 -3.4e+38 -3.4e+38 -3.4e+38 -3.4e+38 -3.4e+38 -3.4e+38 -3.4e+38
22.516134262085 21.367359161377 21.0905532836914 21.0056209564209 23.1467342376709 23.929817199707 25.4754581451416 25.8307857513428 27.6603412628174 28.1723766326904 26.7577171325684 27.0612869262695 26.956428527832 27.5011386871338 27.87668800354 27.90309715271 28.1476383209229 29.8921146392822 32.2536201477051 31.9566287994385 29.7380332946777 29.9790744781494 29.8773937225342 31.6596031188965 30.0281047821045 29.2867946624756 30.1642608642578 29.4694042205811 27.8919868469238 26.0700664520264 29.2038555145264 30.6281070709229 -3.4e+38 -3.4e+38 -3.4e+38 -3.4e+38 -3.4e+38 -3.4e+38 -3.4e+38 -3.4e+38 -3.4e+38 -3.4e+38 -3.4e+38 -3.4e+38 -3.4e+38 -3.4e+38
22.5253429412842 21.6909866333008 21.231969833374 20.8612594604492 21.3627986907959 21.843053817749 23.6777248382568 24.7503242492676 27.1999740600586 28.3339233398438 27.4472942352295 27.3595104217529 27.8664493560791 28.3269309997559 28.6653861999512 29.9393825531006 28.1300163269043 30.1150150299072 31.2128505706787 30.1119956970215 30.1147918701172 32.5190544128418 30.2305641174316 29.7312774658203 31.1204051971436 29.3932781219482 28.4054927825928 28.2252006530762 27.3436431884766 28.636890411377 30.6295566558838 30.4084873199463 29.3833503723145 -3.4e+38 -3.4e+38 -3.4e+38 -3.4e+38 25.7409076690674 31.9563388824463 -3.4e+38 -3.4e+38 -3.4e+38 -3.4e+38 -3.4e+38 -3.4e+38 -3.4e+38
22.9088764190674 22.3165702819824 21.2850322723389 20.9197196960449 21.4843120574951 21.246898651123 22.3258724212646 23.9475002288818 25.087646484375 26.101541519165 24.4906940460205 27.8554344177246 27.1339511871338 27.864767074585 29.1504898071289 28.1820392608643 28.9902534484863 32.4611473083496 29.0180816650391 30.8468055725098 30.0238037109375 31.9712352752686 30.6744804382324 29.9722957611084 29.9418296813965 30.0574932098389 29.9646034240723 28.6264953613281 28.203914642334 31.0466651916504 31.0317630767822 30.232889175415 29.6781673431396 -3.4e+38 -3.4e+38 -3.4e+38 -3.4e+38 26.881555557251 30.7238292694092 32.2169876098633 31.8607311248779 31.7610263824463 -3.4e+38 -3.4e+38 -3.4e+38 -3.4e+38
22.835916519165 21.6897392272949 21.2525424957275 21.2720012664795 20.8687705993652 21.8605060577393 21.725866317749 22.9795475006104 26.9209785461426 28.4913024902344 26.4663829803467 24.7539768218994 28.4834289550781 24.1855621337891 24.1604194641113 24.9960594177246 30.2060451507568 28.4656944274902 28.0397300720215 29.2308330535889 29.4245929718018 30.2076625823975 30.0447044372559 29.3506622314453 29.3250427246094 29.4692821502686 30.6199970245361 29.6462554931641 28.8409061431885 28.8417224884033 29.6518020629883 26.221170425415 32.5156402587891 -3.4e+38 -3.4e+38 29.9109039306641 31.6738052368164 30.9306640625 29.7173805236816 30.8205490112305 30.7677173614502 32.2065773010254 -3.4e+38 -3.4e+38 -3.4e+38 -3.4e+38
21.5132102966309 20.3039112091064 20.3977928161621 21.5990791320801 22.0328922271729 21.7727375030518 21.3646469116211 22.129768371582 29.1164436340332 27.5380325317383 31.7517929077148 24.5289707183838 25.4338417053223 26.37060546875 24.2532482147217 24.4812355041504 25.0924797058105 26.9447326660156 28.7301387786865 28.1588745117188 31.0167598724365 28.3603363037109 29.0785846710205 29.4073028564453 28.8817386627197 29.9954948425293 29.9652194976807 30.3126106262207 30.6489162445068 29.346134185791 29.6156940460205 26.2351322174072 28.3114376068115 -3.4e+38 32.2634010314941 27.7177467346191 29.7002220153809 -3.4e+38 32.2191047668457 -3.4e+38 31.9620189666748 -3.4e+38 -3.4e+38 -3.4e+38 -3.4e+38 -3.4e+38
22.1494255065918 20.4764823913574 19.7995777130127 22.3830814361572 22.4438381195068 21.6141204833984 21.2480754852295 21.3121109008789 22.9855861663818 25.3010787963867 25.6873664855957 29.5696315765381 31.2569255828857 26.6180000305176 26.1216793060303 27.3958263397217 27.8212432861328 28.108039855957 27.662956237793 27.5982551574707 29.1706104278564 29.22802734375 30.7937870025635 30.8399219512939 29.1412887573242 28.9306526184082 29.8961315155029 28.8775825500488 29.1810741424561 29.0608386993408 26.7608184814453 28.0596752166748 32.0452079772949 29.081335067749 28.1441307067871 30.8363399505615 30.4985828399658 -3.4e+38 -3.4e+38 -3.4e+38 -3.4e+38 -3.4e+38 -3.4e+38 31.8894424438477 -3.4e+38 -3.4e+38
22.8505992889404 22.6222438812256 20.3260154724121 21.9126300811768 20.6631011962891 20.9071826934814 21.9242458343506 22.0129241943359 23.6860675811768 26.4255828857422 25.5090065002441 25.6884002685547 28.2895431518555 32.2451934814453 27.7142086029053 28.0102596282959 27.8040771484375 27.0558395385742 26.573034286499 26.5161514282227 31.9283485412598 29.5569000244141 31.6088848114014 29.7940120697021 29.9984874725342 28.5096664428711 28.975757598877 27.9050750732422 28.5585155487061 28.6288414001465 27.0306377410889 27.3155269622803 30.3890762329102 30.5332145690918 30.0540142059326 30.4445209503174 30.1010780334473 31.776252746582 30.3756237030029 27.3951263427734 29.8072834014893 29.5410423278809 30.6737518310547 29.8338184356689 -3.4e+38 -3.4e+38
23.3977813720703 22.6540069580078 22.9373950958252 23.1057910919189 21.796070098877 21.2285957336426 21.023157119751 21.368257522583 23.5107460021973 31.1983699798584 25.8111362457275 31.6427555084229 30.492208480835 27.6844081878662 27.8814506530762 25.5076389312744 25.6273918151855 28.1275882720947 26.6765060424805 26.978874206543 29.1285877227783 30.654655456543 32.6609306335449 30.3945636749268 32.0328369140625 28.8558158874512 31.5646381378174 29.9765110015869 29.1625289916992 28.8896636962891 28.1332607269287 29.2904987335205 30.8578929901123 31.4640083312988 31.6721420288086 28.9318389892578 28.6763687133789 30.1079330444336 31.2292060852051 32.0105247497559 31.6032733917236 31.687858581543 30.0325527191162 29.9009857177734 26.2907257080078 -3.4e+38
