inst/extdata/Tmax/Tmax13.asc
NCOLS 100 
NROWS 79 
XLLCORNER 148.06 
YLLCORNER -21.49 
CELLSIZE 0.01 
NODATA_value -3.4e+38 
[rows 0 to 19 of 79, columns 0 to 45 of 100]
33.131584167480497 33.2357215881348 32.6200637817383 33.5431060791016 33.5125923156738 33.711597442627 33.6554222106934 33.3294792175293 33.0599136352539 33.2074890136719 32.8191375732422 32.8166465759277 32.8082695007324 31.8668251037598 32.2165946960449 32.4963531494141 32.6263618469238 32.6571769714355 31.407434463501 30.9244632720947 30.027027130127 28.7823867797852 29.1928424835205 30.3410930633545 30.8519763946533 31.4135360717773 31.003776550293 30.9405708312988 31.2343292236328 30.8981895446777 28.985424041748 27.3506183624268 25.1885967254639 25.3308944702148 24.2644176483154 23.0933303833008 22.6674709320068 22.3961219787598 22.9539031982422 24.5501041412354 25.8925895690918 26.1209754943848 26.4647006988525 31.9003524780273 31.4492530822754 30.3801288604736
33.7968826293945 32.8032836914062 31.4763965606689 32.1448554992676 32.1782722473145 33.0670318603516 33.4134330749512 33.4916572570801 33.9942893981934 34.0704002380371 33.510124206543 32.5683975219727 33.1513366699219 32.1599349975586 32.4437408447266 32.1107940673828 32.8386993408203 32.6159210205078 31.972713470459 31.1299667358398 31.2521705627441 30.464391708374 30.2008495330811 30.5398502349854 30.8989372253418 31.3527126312256 31.6689567565918 31.6237773895264 31.3204364776611 30.8957843780518 29.9313297271729 28.2162189483643 25.8014144897461 28.1485843658447 25.0143795013428 23.8338069915771 23.2790298461914 24.1652584075928 25.0880908966064 25.6540813446045 26.6185245513916 26.5098552703857 29.6427459716797 30.4202575683594 31.0122852325439 29.8551750183105
33.6253700256348 32.7427825927734 32.7255477905273 33.2316207885742 32.6350860595703 32.9454612731934 33.2741622924805 33.6607322692871 34.0002326965332 34.0731964111328 33.5832595825195 32.8322906494141 33.1353149414062 32.6892509460449 32.1549186706543 32.1915893554688 32.2323608398438 32.4808311462402 31.7530555725098 31.2690105438232 30.7649383544922 31.0716896057129 30.5946502685547 30.8531112670898 31.5200176239014 31.6323051452637 31.6373119354248 31.5976142883301 31.7779502868652 31.2618923187256 31.4812431335449 30.2506484985352 31.2180461883545 28.287576675415 30.2952423095703 24.4557476043701 23.5212173461914 23.2788276672363 24.2458724975586 25.1277694702148 26.4159603118896 32.3143119812012 32.1191253662109 28.694278717041 28.5265808105469 31.0650177001953
34.1362266540527 33.9489555358887 33.0244560241699 33.9469871520996 33.233585357666 32.7557106018066 33.2666778564453 33.5760307312012 33.8264961242676 33.9983863830566 33.7798004150391 33.2352485656738 33.1322441101074 33.1469688415527 32.845386505127 32.788646697998 32.8339347839355 32.3714179992676 32.1903839111328 31.2598838806152 31.0384616851807 30.8187561035156 30.8920478820801 30.9014530181885 31.4060077667236 31.539098739624 31.5311183929443 31.4604587554932 31.1571178436279 30.4929370880127 30.5551013946533 31.5874290466309 30.3862285614014 28.470645904541 24.6303119659424 23.8311061859131 23.97487449646 23.4704933166504 23.4355430603027 23.0231628417969 24.3868026733398 26.0399055480957 29.2663688659668 32.7431106567383 26.9427013397217 27.0052108764648
34.7177429199219 33.9985733032227 33.8538551330566 34.2892990112305 33.9067230224609 33.505729675293 32.8650779724121 33.6797981262207 34.451904296875 33.7733268737793 33.9321365356445 33.5638122558594 33.501579284668 33.3922805786133 32.9683456420898 32.5822219848633 32.5561714172363 32.0405349731445 31.4151744842529 30.7440185546875 30.728630065918 31.1688861846924 31.1587257385254 31.3378143310547 31.0316982269287 31.0077533721924 32.0544624328613 31.347993850708 31.2214012145996 31.4961318969727 30.7847118377686 30.9950923919678 30.2770137786865 29.5460414886475 30.146448135376 25.1759147644043 24.7239780426025 24.3040466308594 23.0423412322998 23.0615062713623 22.9481735229492 25.8444786071777 28.6022129058838 30.4985485076904 26.5241870880127 25.8485298156738
35.2078475952148 34.6117286682129 33.9710998535156 34.1944732666016 34.347957611084 33.8269424438477 33.8082733154297 33.9450263977051 34.0730628967285 33.9063110351562 33.7735824584961 34.1300849914551 33.6752014160156 33.2159652709961 32.3967170715332 32.5848121643066 32.5088233947754 31.7905712127686 31.1584205627441 30.6285877227783 30.6523895263672 31.2552146911621 31.277437210083 31.1909809112549 31.8968353271484 31.5088043212891 31.6051635742188 30.7325992584229 30.5410785675049 30.0747051239014 29.0595684051514 29.9521160125732 30.5914573669434 29.7727432250977 29.4009342193604 29.722900390625 25.2903003692627 24.8056144714355 24.3337059020996 23.9067573547363 23.1295223236084 25.0258140563965 29.6868858337402 28.5606307983398 26.7595615386963 24.548360824585
34.2206230163574 34.8313598632812 34.7415924072266 34.9932708740234 34.4519462585449 34.1485900878906 33.3224639892578 33.5201683044434 34.0387840270996 34.1693344116211 34.4004554748535 34.4113578796387 33.4514923095703 32.886604309082 32.7949600219727 32.8298645019531 32.3415031433105 31.6905269622803 31.2267971038818 30.7308158874512 30.2176246643066 30.850830078125 31.2348976135254 31.4067096710205 31.635196685791 31.9918956756592 31.873405456543 31.0971221923828 30.9381427764893 29.3773784637451 28.5010032653809 27.6535320281982 28.7098827362061 29.4717807769775 29.4190082550049 28.9924983978271 25.5958080291748 24.1188087463379 24.1769104003906 24.0944385528564 24.0532627105713 25.3812389373779 30.5897407531738 31.5573120117188 27.019474029541 30.1712760925293
34.8805351257324 34.3436813354492 35.1156997680664 35.211051940918 34.5648040771484 34.3308334350586 33.389762878418 33.4959411621094 33.9692611694336 34.065746307373 33.9795303344727 33.8189659118652 33.1398239135742 33.5863037109375 33.3964309692383 32.2574234008789 31.9356746673584 31.2866744995117 31.7708129882812 30.6116199493408 29.7121677398682 30.2204933166504 30.6365051269531 31.5272102355957 31.7019710540771 31.951976776123 31.780029296875 30.9048690795898 30.5207443237305 30.1571807861328 28.2531070709229 27.7554702758789 28.4181289672852 28.1014633178711 28.5615730285645 28.9345321655273 24.8868389129639 24.1402206420898 23.873441696167 24.2721138000488 24.3705291748047 25.2243232727051 26.0242862701416 26.871395111084 26.9612636566162 25.2261962890625
34.1911239624023 34.7587928771973 34.4084358215332 34.5468864440918 34.4567070007324 34.4330101013184 34.0559158325195 33.3599739074707 33.6884613037109 33.9959678649902 34.0928535461426 34.4953079223633 34.7343521118164 33.6061210632324 33.2538146972656 32.1014518737793 31.8610458374023 31.7993869781494 31.9863262176514 30.8256683349609 30.810848236084 30.433967590332 30.7403373718262 31.4753875732422 31.8364944458008 32.0748329162598 31.2741432189941 29.8269100189209 30.2548408508301 30.1087379455566 29.1554985046387 28.258825302124 27.9907741546631 27.2671661376953 29.6924839019775 27.7622051239014 28.6542530059814 28.9347305297852 24.0210456848145 23.8925533294678 23.9271183013916 24.0883445739746 24.4284820556641 25.6734027862549 26.18137550354 25.1465225219727
33.6213073730469 34.4370307922363 34.6142883300781 35.0834007263184 34.4523277282715 34.5257301330566 34.0754623413086 33.6427764892578 33.8545379638672 33.668701171875 34.0404357910156 34.1422653198242 33.1977081298828 33.0844993591309 33.0198554992676 32.769344329834 32.5861434936523 32.2984809875488 31.7920742034912 31.6742210388184 31.7160415649414 30.9523143768311 31.289680480957 31.9223365783691 32.5388565063477 32.4365692138672 31.4342212677002 30.8757629394531 30.2108001708984 29.1551723480225 28.4888591766357 28.1495132446289 28.0773773193359 28.7377300262451 29.1666965484619 27.5054492950439 24.5274505615234 27.8164768218994 24.5584869384766 23.6720867156982 23.6474437713623 23.3518390655518 23.8452949523926 24.7049446105957 24.6821231842041 24.5116481781006
34.0155906677246 34.9460487365723 34.7081413269043 34.1782302856445 34.909496307373 35.0591850280762 34.5006675720215 33.9716339111328 34.0334777832031 33.9579772949219 34.2574424743652 33.7463264465332 33.5238189697266 32.5165481567383 32.6259689331055 32.5880699157715 32.4982299804688 32.5903205871582 32.241096496582 32.2224464416504 31.1560192108154 31.1380882263184 30.9470348358154 31.7091388702393 31.9038410186768 32.7367782592773 31.2181587219238 29.5034217834473 28.9137935638428 28.7153339385986 28.3532695770264 28.7982654571533 29.3714828491211 29.3319339752197 28.9096164703369 27.1560974121094 24.6615810394287 24.3685264587402 24.4100532531738 23.6760578155518 23.759090423584 23.3194217681885 23.2126941680908 23.8689632415771 24.2743453979492 24.5375938415527
34.5431480407715 33.926082611084 34.381046295166 34.4919395446777 34.5493354797363 35.4778938293457 34.7831382751465 34.0845642089844 33.8717651367188 34.0731925964355 33.7685737609863 34.2659301757812 33.9576950073242 33.4818153381348 33.2497901916504 32.9690818786621 33.119010925293 32.9030342102051 32.7111434936523 32.0991744995117 31.3697166442871 30.9710083007812 31.3878173828125 31.3121509552002 31.1052951812744 31.6145420074463 30.2530574798584 29.6175060272217 29.1508827209473 29.3667030334473 29.6325416564941 29.6117572784424 29.4870376586914 29.0574340820312 28.9979228973389 27.9310493469238 28.7566318511963 23.8274612426758 24.3698921203613 24.5691413879395 24.4042549133301 24.1280574798584 23.3118724822998 23.9996547698975 24.1768665313721 24.1873836517334
34.6431770324707 34.6297187805176 34.5655136108398 35.2550659179688 35.1072959899902 35.1665306091309 34.5019111633301 33.8362884521484 34.1413383483887 35.0485992431641 34.0717315673828 34.4151878356934 33.7607460021973 34.2196426391602 33.7538986206055 33.434928894043 33.9097938537598 33.3806381225586 33.1353073120117 31.9447593688965 31.7670135498047 32.1286735534668 32.1257171630859 32.5089225769043 32.3789100646973 31.915678024292 31.5588703155518 30.8237762451172 30.0631504058838 29.7685642242432 30.5886478424072 30.3195991516113 30.1637020111084 29.7534408569336 28.4855690002441 27.8077259063721 26.7200164794922 27.9363861083984 26.7911415100098 25.1149444580078 23.8097248077393 23.5648250579834 23.2017612457275 22.9669628143311 24.4921875 24.7473907470703
35.240119934082 35.4045143127441 34.0822639465332 34.5599670410156 34.1166381835938 34.1086463928223 34.83984375 34.2744941711426 34.4982719421387 34.4087142944336 34.3536262512207 34.1732902526855 33.8143577575684 33.3630676269531 33.7006301879883 33.3115119934082 33.6619300842285 33.3786087036133 33.1958541870117 32.5466384887695 32.7543792724609 32.8098602294922 32.5735511779785 32.6637840270996 31.9829139709473 30.4644241333008 30.0587558746338 30.0707225799561 29.4510803222656 29.7309589385986 30.5605297088623 30.3463573455811 29.9798774719238 29.2496776580811 28.5937747955322 30.1472148895264 28.6566696166992 24.9899559020996 29.0223407745361 30.3162784576416 29.6108417510986 25.0898532867432 24.2593784332275 24.1332740783691 24.5441055297852 25.2905025482178
33.8979339599609 33.974308013916 34.3939361572266 34.7964820861816 34.546573638916 34.3312454223633 34.3276786804199 35.0336952209473 34.0335502624512 33.7850761413574 33.7925415039062 33.5854110717773 33.0462417602539 32.9287719726562 33.1880111694336 32.751579284668 33.4710998535156 33.4776191711426 33.3089790344238 33.4008369445801 33.1205368041992 32.5242881774902 31.8787879943848 31.9117984771729 31.8106479644775 31.6789627075195 31.3896522521973 30.8619518280029 30.3580360412598 30.9915428161621 30.3400020599365 30.7167167663574 30.5890731811523 30.5897464752197 30.2068538665771 28.9292507171631 29.5342578887939 29.1788673400879 28.911792755127 30.2465991973877 29.9753246307373 30.0614128112793 25.0404434204102 24.2857418060303 24.6552505493164 25.52783203125
32.4712066650391 33.7702140808105 34.5596656799316 34.2308540344238 34.920467376709 34.8630027770996 34.6422920227051 34.2244758605957 34.8189888000488 34.3803443908691 32.9840126037598 33.6037216186523 32.587718963623 31.8148078918457 32.7405433654785 32.6376190185547 32.080982208252 32.6312866210938 33.3888702392578 33.119945526123 32.9630737304688 32.7527542114258 32.6639862060547 32.6587867736816 32.3700065612793 32.0504341125488 32.2370338439941 31.7880458831787 31.6109447479248 31.3072128295898 31.0956401824951 30.4983463287354 30.51881980896 30.8962879180908 30.7372207641602 30.6517906188965 31.0513114929199 29.4730129241943 30.8203773498535 31.2471218109131 30.5164203643799 29.1194877624512 24.3526821136475 23.540994644165 24.1164569854736 24.7674961090088
33.5581359863281 32.4730491638184 33.7551460266113 34.7209091186523 33.6964569091797 33.662052154541 34.8342819213867 34.1229057312012 34.0615386962891 34.4102401733398 33.4092636108398 33.3191070556641 32.2507514953613 31.6720733642578 32.4521789550781 31.4546947479248 31.4134960174561 32.2723274230957 32.2917175292969 32.5245323181152 33.0005416870117 32.9108352661133 32.378116607666 32.4572486877441 31.8753471374512 31.3661689758301 30.8274230957031 31.1593227386475 31.6616153717041 30.7087020874023 30.3760986328125 29.8307762145996 30.0384464263916 30.7198524475098 30.9704532623291 30.732084274292 31.2423553466797 31.3144493103027 30.8640937805176 30.2910480499268 30.4782638549805 29.0284309387207 27.9413032531738 24.8834533691406 24.3140964508057 25.0402202606201
33.9393730163574 33.7418479919434 33.7714157104492 34.9196357727051 34.1601600646973 34.549488067627 35.0846099853516 35.1111717224121 35.3637771606445 35.1337852478027 34.8410148620605 34.4178009033203 32.5010948181152 31.9171085357666 32.2590065002441 31.7288455963135 31.4116535186768 31.2728977203369 30.6011638641357 31.8269062042236 32.5248985290527 33.259937286377 33.5001449584961 32.8961982727051 31.6395282745361 30.2582950592041 29.654541015625 30.2307510375977 31.0711498260498 30.7185401916504 30.444995880127 31.1931858062744 31.0386199951172 30.9640941619873 31.6432685852051 30.7639846801758 30.382417678833 30.4562320709229 30.9335346221924 30.9296951293945 31.2711181640625 30.9167823791504 29.7773780822754 29.279411315918 26.4742774963379 26.1232776641846
34.9463768005371 33.7050247192383 33.2942848205566 33.8415756225586 33.936107635498 34.5382690429688 35.3450241088867 34.5553512573242 35.449146270752 35.1138801574707 33.9428977966309 34.1634979248047 33.2474708557129 30.595251083374 30.8759136199951 30.1623020172119 30.5970611572266 30.048698425293 31.0735893249512 32.0684547424316 33.116886138916 32.8816032409668 33.3908500671387 33.2957420349121 32.0586853027344 30.8888149261475 29.5488357543945 29.9203643798828 31.3899688720703 30.6356430053711 30.8901672363281 31.5603160858154 32.3305435180664 32.2972297668457 31.5346584320068 31.1830902099609 30.6971015930176 30.7734642028809 31.410026550293 31.3576049804688 31.4108200073242 31.3038120269775 30.9990348815918 30.9043674468994 29.2557621002197 26.1780548095703
33.8245964050293 33.8437042236328 34.2114715576172 33.8900375366211 34.5353088378906 34.419620513916 35.3361473083496 35.3144950866699 34.2778244018555 34.6048583984375 34.9872779846191 34.2669639587402 33.3707656860352 30.2792701721191 30.7302532196045 30.8321094512939 30.4236621856689 30.7253570556641 30.7188911437988 31.7565212249756 32.884651184082 32.6315422058105 33.1136360168457 33.1887817382812 32.7934265136719 31.8276710510254 30.7768478393555 30.4692420959473 31.1545372009277 31.4266681671143 32.0137748718262 32.4430274963379 32.3101997375488 32.3264770507812 32.4118385314941 31.4283351898193 30.7712478637695 30.6319046020508 30.5981101989746 31.0702323913574 31.8362998962402 31.4273567199707 30.453634262085 30.6841697692871 29.6030902862549 29.032844543457
