inst/extdata/Tmax/Tmax136.asc
NCOLS 100 
NROWS 79 
XLLCORNER 148.06 
YLLCORNER -21.49 
CELLSIZE 0.01 
NODATA_value -3.4e+38 
[rows 0 to 19 of 79, columns 0 to 45 of 100]
40.786201477050803 40.480110168457 39.6067276000977 39.9292831420898 40.0509643554688 40.4274520874023 40.6092948913574 40.7513160705566 40.7040100097656 40.537467956543 40.1029815673828 39.9221572875977 39.8401260375977 38.7140197753906 39.1479873657227 39.5198936462402 39.8711318969727 39.8358306884766 39.0931549072266 38.4817123413086 38.3420181274414 37.5016708374023 37.8823432922363 39.0328903198242 39.4829635620117 39.6977920532227 39.5864601135254 39.6228866577148 39.3305282592773 38.9860763549805 38.1849365234375 36.503719329834 37.6441612243652 37.5583152770996 36.470817565918 35.4738273620605 35.3812828063965 35.0344123840332 35.7135963439941 37.3810577392578 38.7513618469238 38.9895286560059 39.6419677734375 39.9258003234863 40.0606002807617 40.1558036804199
40.6402740478516 40.1683502197266 39.4686012268066 39.5466117858887 39.0190963745117 39.8480339050293 40.3729400634766 40.6577644348145 40.7647895812988 40.6480903625488 40.3310546875 40.0530776977539 40.1473617553711 39.7577781677246 39.5991897583008 39.4866485595703 39.8622970581055 39.8832550048828 38.9706192016602 38.4196319580078 38.8906631469727 38.6666145324707 38.5569229125977 38.9499816894531 39.3652458190918 39.5208969116211 39.7761993408203 39.721736907959 39.5182113647461 39.314079284668 38.5383911132812 37.2718925476074 38.3289566040039 37.942138671875 37.3224258422852 36.4396438598633 36.0492630004883 36.3772850036621 37.3459320068359 38.3567810058594 39.6971321105957 40.0639915466309 40.1653900146484 40.1481971740723 40.1788558959961 40.1975517272949
40.6326675415039 39.8931427001953 39.9964065551758 40.1073303222656 39.6810302734375 39.7820358276367 40.161678314209 40.6735916137695 40.8278579711914 40.694881439209 40.4237480163574 40.3110961914062 40.2197647094727 40.1614646911621 39.8771896362305 39.7324714660645 39.9265594482422 40.0587387084961 39.5259628295898 39.3431701660156 39.1999816894531 38.9072647094727 38.687629699707 38.7914276123047 39.5575637817383 39.7924842834473 39.6437072753906 39.6179008483887 39.6061630249023 39.3121604919434 39.3530769348145 38.4559860229492 38.6698036193848 37.5292625427246 37.2433013916016 36.6539993286133 36.1912117004395 35.7488708496094 36.6801681518555 37.7702560424805 39.0261383056641 39.9416999816895 40.2202491760254 40.2638397216797 40.2303314208984 40.1727867126465
40.8581695556641 40.5391845703125 40.225341796875 40.7900085449219 40.3084945678711 39.9078063964844 40.266544342041 40.7810478210449 40.9259986877441 40.7924423217773 40.6502838134766 40.620246887207 40.5145416259766 40.3545989990234 39.9473609924316 39.7813148498535 40.113452911377 40.1509704589844 39.9386978149414 39.4996299743652 39.1939315795898 38.8520812988281 38.9169235229492 38.8751373291016 39.4105529785156 39.8024787902832 39.4673500061035 39.7079811096191 39.5285453796387 38.7549896240234 39.2620964050293 39.3357696533203 38.6359634399414 37.4731178283691 36.9410018920898 36.1328811645508 36.393798828125 35.9310646057129 35.8183174133301 35.366325378418 36.7841644287109 39.2580337524414 40.0910186767578 40.2737998962402 40.0336570739746 39.9275207519531
41.3824310302734 40.8782196044922 40.6503295898438 41.0207366943359 40.7966537475586 40.1895980834961 40.2304344177246 40.8240623474121 40.9514541625977 40.5971145629883 40.5918197631836 40.7853050231934 40.660572052002 40.393440246582 40.0473175048828 40.181812286377 40.2579803466797 40.0116310119629 39.5754814147949 38.8835678100586 39.0476150512695 39.2126426696777 39.3249282836914 39.4984321594238 39.4959526062012 39.1787757873535 39.8660545349121 39.5013275146484 39.3703117370605 38.9052772521973 39.2304267883301 39.069637298584 38.7734451293945 37.8496284484863 37.364818572998 37.646183013916 37.3677253723145 36.8554000854492 36.3514404296875 35.668571472168 35.3418197631836 38.4848213195801 39.8489761352539 40.2124481201172 39.5818099975586 38.9171600341797
41.5340003967285 41.3092269897461 40.6569976806641 41.0521392822266 41.1094284057617 40.7137680053711 40.4564094543457 40.8734588623047 41.013011932373 40.736873626709 40.6246490478516 40.8781433105469 40.7237777709961 40.4584312438965 39.8354911804199 40.3035659790039 40.2278671264648 39.803539276123 39.2838668823242 38.8850173950195 38.9716644287109 39.2205543518066 39.5065803527832 39.4974899291992 39.7651634216309 39.6557006835938 39.7319297790527 39.0157356262207 39.004035949707 37.985050201416 38.6645965576172 39.1211013793945 39.2016258239746 38.8845481872559 38.5470962524414 38.4793586730957 37.7068557739258 37.2458992004395 36.9364280700684 36.1750411987305 35.706958770752 38.1124458312988 39.7676582336426 40.1968154907227 39.7442588806152 37.8432083129883
41.7201957702637 41.4850616455078 41.1351547241211 41.2835311889648 41.2289428710938 40.8718795776367 40.2663307189941 40.7888374328613 40.9555702209473 41.075122833252 41.0113868713379 40.8724632263184 40.4649620056152 40.5619163513184 40.5251159667969 40.3825988769531 40.2025375366211 39.6719741821289 39.4642028808594 39.1719360351562 38.6164169311523 38.8199310302734 39.2587814331055 39.6173973083496 39.9405708312988 39.8623847961426 39.8815078735352 39.3688507080078 39.0209465026855 37.883960723877 37.8837966918945 38.0035514831543 38.8988189697266 39.0498542785645 38.6110382080078 38.5003089904785 37.9735221862793 36.6713676452637 36.8903198242188 36.4742164611816 36.3194847106934 37.9640007019043 39.5991744995117 40.0133819580078 39.8049430847168 38.2729034423828
41.7220268249512 41.6323089599609 41.3699951171875 41.3885650634766 41.3427886962891 41.0886535644531 40.5435829162598 40.4166374206543 40.7058486938477 41.0198860168457 41.112663269043 40.8457374572754 40.2008934020996 40.4052047729492 40.6144638061523 39.9548721313477 39.9097938537598 39.1798400878906 39.1028327941895 38.8731842041016 38.2274017333984 38.6888961791992 39.0985946655273 39.6221923828125 40.0620613098145 40.066089630127 39.677131652832 39.250358581543 39.072624206543 38.3403129577637 37.0873718261719 37.3723182678223 37.6877326965332 38.2458381652832 38.605583190918 38.0289115905762 38.1068229675293 37.2708930969238 36.3282012939453 36.5917739868164 36.7859039306641 37.8404846191406 38.7944641113281 39.7210998535156 39.6656723022461 37.9792366027832
41.5324363708496 41.73779296875 41.5880508422852 41.5351638793945 41.4053649902344 41.1679801940918 40.8333969116211 40.3812217712402 40.5423011779785 41.0245323181152 41.1637382507324 41.1192626953125 40.9158172607422 40.7661552429199 40.4150009155273 39.6795654296875 39.8679809570312 39.6276206970215 39.7522659301758 38.8617286682129 38.8575134277344 38.7220802307129 38.8142242431641 39.4579086303711 40.011116027832 40.1762886047363 39.302360534668 38.4631233215332 38.5412635803223 38.4476547241211 37.8799438476562 37.3628921508789 36.9506568908691 37.3849754333496 38.2432479858398 37.6591377258301 37.4466247558594 37.3949775695801 36.5012168884277 36.1956176757812 36.398323059082 36.5012054443359 37.3509750366211 38.841438293457 39.2669258117676 38.0948104858398
41.2746810913086 41.662914276123 41.7242851257324 41.5861968994141 41.3873138427734 41.2670783996582 41.0858192443848 40.640308380127 40.3171463012695 40.960750579834 41.175422668457 40.8042335510254 40.1115837097168 40.1696624755859 40.2632446289062 40.2328681945801 40.2681579589844 40.1239318847656 39.9175071716309 39.6117477416992 39.2919654846191 38.689037322998 39.0055465698242 39.8013916015625 40.223087310791 40.1183853149414 39.4485321044922 39.2946243286133 38.8017387390137 38.3046226501465 37.1112442016602 36.7579078674316 37.7725944519043 37.6338920593262 37.4319877624512 37.204833984375 37.0087471008301 37.2811851501465 36.763053894043 36.0591049194336 36.0864028930664 35.5734024047852 36.3687400817871 37.4575881958008 37.7499847412109 37.1505584716797
40.9770164489746 41.280647277832 41.7500877380371 41.653694152832 41.5229187011719 41.4375419616699 41.2654724121094 40.9070816040039 40.8847427368164 41.0984725952148 41.2251930236816 40.8755264282227 40.5507965087891 39.8241157531738 39.9857444763184 40.2580871582031 40.3826751708984 40.5679359436035 40.1305541992188 39.9330444335938 39.5396919250488 39.1926345825195 39.2587471008301 39.7995948791504 40.2095756530762 40.1128005981445 39.4501419067383 38.7283821105957 37.7624092102051 37.7558479309082 37.4064712524414 37.3641967773438 38.1780281066895 37.9282646179199 37.0689086914062 36.8229675292969 37.2823066711426 37.0057144165039 36.6412925720215 36.1192169189453 36.1669502258301 35.9313697814941 35.610652923584 36.2858390808105 36.6886138916016 36.9778366088867
40.8288917541504 40.8992538452148 41.7290115356445 41.7216148376465 41.6356506347656 41.5129470825195 41.3606872558594 41.0384178161621 41.068187713623 41.3352699279785 41.2780342102051 41.1022758483887 40.7477531433105 40.2678527832031 40.1630172729492 40.451099395752 40.7521667480469 40.7398986816406 40.4848709106445 40.0345420837402 39.5375938415527 39.224437713623 39.3771514892578 39.5187110900879 39.7242584228516 40.0434761047363 39.1041984558105 38.3377456665039 37.7492599487305 37.9738502502441 38.0335845947266 37.9639167785645 38.3601455688477 37.8453407287598 37.600643157959 37.5109062194824 37.1139335632324 36.5532493591309 37.0449752807617 37.2584037780762 36.8407669067383 36.4228591918945 35.9335060119629 36.3477020263672 36.8406639099121 37.2123756408691
40.9847831726074 41.4673843383789 41.7206840515137 41.6773452758789 41.6809844970703 41.5853538513184 41.4631271362305 41.1033744812012 41.1787185668945 41.4617118835449 41.2700614929199 41.2122840881348 41.0029067993164 41.0644607543945 40.9653358459473 40.9404335021973 40.9543838500977 40.8758850097656 40.6562957763672 40.1480751037598 39.878776550293 40.0449028015137 40.2917785644531 40.5084457397461 40.362060546875 39.9502334594727 39.7582321166992 39.2891883850098 38.93017578125 38.7468299865723 38.8036079406738 38.6140937805176 38.5159225463867 37.9570007324219 37.4135093688965 36.979564666748 36.4805374145508 37.5264167785645 37.7958145141602 37.7383880615234 36.459888458252 36.397834777832 35.9438514709473 35.6862983703613 36.9080429077148 37.4356651306152
41.4341850280762 41.6387252807617 41.6962127685547 41.6145629882812 41.6219177246094 41.6601791381836 41.6145553588867 41.4959869384766 41.295524597168 41.417537689209 41.3825416564941 41.3239517211914 41.1970825195312 41.0943908691406 40.9867744445801 40.9068260192871 41.0466918945312 40.96142578125 40.8200225830078 40.7065811157227 40.6028213500977 40.5751647949219 40.3742713928223 40.480396270752 40.0510482788086 39.0646476745605 39.0167007446289 38.6187629699707 38.0793113708496 38.8219337463379 39.0849342346191 39.0570297241211 38.3305740356445 38.0334167480469 37.9131507873535 37.8531455993652 37.842960357666 37.5400733947754 38.1299362182617 38.4522743225098 37.9502334594727 37.5233497619629 36.9169654846191 36.3992767333984 37.3940811157227 37.8625869750977
40.7096405029297 41.2685699462891 41.6728706359863 41.602653503418 41.4812850952148 41.5672302246094 41.5362548828125 41.3732948303223 40.9716453552246 41.0107879638672 41.3182830810547 41.1459693908691 40.6408996582031 40.7959098815918 40.9646606445312 40.4335861206055 40.8524169921875 41.0243797302246 40.9697341918945 40.9155616760254 40.8557472229004 40.4794273376465 39.8607559204102 40.2318572998047 40.0627098083496 39.7967414855957 39.7270431518555 39.4032974243164 39.0475196838379 39.2940788269043 39.2458419799805 39.00439453125 38.571159362793 38.7981605529785 38.755859375 37.8544769287109 38.3961143493652 37.5864295959473 37.8873748779297 38.607852935791 38.5820960998535 38.3418426513672 37.6250991821289 36.8400764465332 37.429141998291 38.146900177002
39.8751983642578 40.8602256774902 41.5683326721191 41.6824378967285 41.6143646240234 41.5847930908203 41.4981956481934 41.388744354248 41.1798667907715 40.6881942749023 40.3013801574707 41.0148010253906 40.2151794433594 39.9139060974121 40.7450714111328 40.3993034362793 40.3850746154785 40.8288993835449 40.849536895752 40.8441390991211 40.8467559814453 40.8307723999023 40.6940994262695 40.4649200439453 40.0585289001465 39.6855201721191 39.7033805847168 39.6467056274414 39.586124420166 39.4051246643066 39.2367706298828 38.8581771850586 38.5896377563477 39.1927871704102 39.0698852539062 38.8080558776855 38.8265724182129 38.2821464538574 37.9471855163574 38.5827293395996 38.7603302001953 38.1694564819336 36.9824142456055 35.9560127258301 36.363712310791 37.9706954956055
40.8423004150391 40.6927261352539 41.249080657959 41.4199256896973 41.6228141784668 41.5884323120117 41.4881019592285 41.3536567687988 41.2043876647949 40.9271125793457 40.3126411437988 40.7195014953613 39.719554901123 39.4825782775879 40.1946449279785 40.0539283752441 39.4104881286621 40.4518394470215 40.4413795471191 40.4179153442383 40.6547317504883 40.8116798400879 40.7141532897949 40.3078994750977 39.5121307373047 38.9649467468262 38.6053428649902 38.9234657287598 39.4397354125977 38.8936996459961 38.6858978271484 37.989070892334 38.6497802734375 39.4350471496582 39.2555923461914 39.0679969787598 39.1206588745117 38.7129211425781 38.3641967773438 38.6259117126465 38.8087768554688 37.7703437805176 36.8533706665039 37.1378211975098 37.4594841003418 38.0060958862305
40.9638786315918 41.2976264953613 41.3713073730469 41.3795204162598 41.5054244995117 41.5525703430176 41.5044059753418 41.4219970703125 41.2731475830078 40.842414855957 40.4688453674316 40.1235809326172 39.7400169372559 39.3980674743652 39.8823013305664 39.7455024719238 39.774356842041 39.6090126037598 39.3682098388672 39.3481674194336 40.4248733520508 40.686149597168 40.6617698669434 40.557559967041 40.002326965332 38.9276809692383 37.6409072875977 38.4039039611816 39.1477279663086 38.2646331787109 38.6101951599121 39.1594505310059 39.4267921447754 39.6742324829102 39.5869636535645 39.3964691162109 38.963264465332 38.1924133300781 38.6082916259766 38.8151359558105 39.1053123474121 38.7880096435547 38.6508293151855 38.6257858276367 38.576229095459 38.0540237426758
41.2096786499023 41.2033500671387 41.067268371582 41.1581001281738 41.5688438415527 41.4682579040527 41.4916343688965 41.4722862243652 41.3829498291016 41.0549736022949 40.0203819274902 40.1123962402344 39.70703125 38.6656341552734 39.3423652648926 39.1260833740234 38.9755783081055 38.3439979553223 39.1089019775391 39.4481544494629 40.4518737792969 40.4847297668457 40.6054573059082 40.695140838623 39.9053688049316 38.9182510375977 37.8657913208008 38.5834274291992 39.1418304443359 38.684455871582 39.1333274841309 39.5495681762695 39.8934173583984 39.8925819396973 39.48486328125 39.2407608032227 38.9183311462402 38.6680335998535 39.1448059082031 39.217945098877 39.2488784790039 39.1778602600098 39.0660820007324 38.4703979492188 37.7000541687012 37.6624221801758
41.3493766784668 41.3453254699707 41.3281440734863 41.1952743530273 41.5884819030762 41.5828132629395 41.5378494262695 41.4825325012207 41.4161834716797 41.320426940918 41.017951965332 40.3492813110352 39.5756874084473 38.485164642334 38.7750358581543 38.7374458312988 38.3437423706055 38.609130859375 38.8346099853516 39.7731857299805 40.4815216064453 40.1107940673828 40.7424163818359 40.5978012084961 40.0545120239258 39.8296012878418 38.860767364502 38.9614181518555 39.2745933532715 39.1114196777344 39.659912109375 39.6402931213379 40.0342292785645 39.9640159606934 39.8224487304688 39.5943489074707 38.8434448242188 38.9924926757812 39.2248687744141 39.2149047851562 39.2405242919922 39.1165580749512 39.0490417480469 38.5805549621582 38.5086326599121 38.3874092102051
