inst/extdata/Tmax/Tmax49.asc
NCOLS 100 
NROWS 79 
XLLCORNER 148.06 
YLLCORNER -21.49 
CELLSIZE 0.01 
NODATA_value -3.4e+38 
[rows 40 to 59 of 79, columns 0 to 45 of 100]
30.564496994018601 30.2462348937988 31.1250801086426 31.7675075531006 30.9658336639404 30.8196601867676 30.8096103668213 30.8257484436035 30.1576099395752 30.4722270965576 31.0065822601318 32.4365615844727 32.9080696105957 31.8851699829102 31.9497661590576 31.5206661224365 31.4235191345215 30.7783851623535 30.1802749633789 30.3727188110352 30.3588237762451 30.4760971069336 30.4492568969727 30.4813117980957 28.9409980773926 29.2027378082275 28.4483489990234 28.4525699615479 28.775562286377 27.7940998077393 26.8808155059814 25.8178482055664 27.3164863586426 27.1537189483643 26.6704216003418 27.0386180877686 26.6302013397217 23.8642330169678 23.4071636199951 23.0253105163574 22.6204109191895 21.8868865966797 21.3874626159668 21.1578502655029 20.9176578521729 22.7510662078857
31.0009250640869 30.7707176208496 30.8998546600342 31.5786552429199 31.7166404724121 31.570972442627 30.8403739929199 31.1937942504883 30.8514518737793 31.4426879882812 31.4090137481689 32.2333602905273 32.4926071166992 32.5023345947266 31.7757511138916 32.5074729919434 31.7304916381836 30.7928256988525 30.1196727752686 30.6468143463135 31.0356369018555 31.282808303833 30.6819648742676 29.7828750610352 27.9160938262939 27.4075031280518 28.0998001098633 28.2622528076172 28.5020236968994 28.0847339630127 26.9974536895752 26.8779697418213 27.1200199127197 27.7958450317383 24.9681835174561 25.9207897186279 25.3279590606689 23.7650699615479 23.6521892547607 25.2163639068604 25.019624710083 22.8182621002197 20.9685039520264 20.8970031738281 20.9471740722656 21.3098812103271
31.0087394714355 30.9873104095459 31.2477893829346 31.3170318603516 31.2187252044678 31.0708103179932 31.0547351837158 31.4509792327881 31.1758403778076 31.3687229156494 31.7733135223389 32.4366302490234 33.1580429077148 32.5592842102051 32.6235275268555 32.0840339660645 31.9970703125 31.8457698822021 31.1106281280518 31.0577278137207 31.3699722290039 30.6569976806641 30.6355686187744 29.9135398864746 30.0242519378662 29.4669723510742 27.5013561248779 28.2461318969727 28.2659854888916 27.8002529144287 26.3723945617676 26.2853202819824 25.2258567810059 25.3822193145752 24.248649597168 24.5827980041504 22.4651508331299 23.3074359893799 23.6051578521729 23.0962219238281 23.851770401001 22.9642925262451 23.2793350219727 22.0107898712158 21.872594833374 22.6563491821289
30.2657585144043 30.7600727081299 31.1721782684326 31.2583694458008 31.5081367492676 31.3211040496826 32.0535621643066 31.828577041626 31.3225860595703 31.2809772491455 31.4621429443359 32.0636138916016 32.5512771606445 32.6896133422852 33.0693969726562 33.1104202270508 32.6498374938965 32.4230651855469 31.4670295715332 31.3054084777832 31.4028148651123 31.2832527160645 30.7751388549805 29.4597301483154 29.6044883728027 29.5210208892822 29.1294250488281 28.9015140533447 28.1747722625732 28.4233531951904 27.374231338501 26.9816474914551 28.2623653411865 27.1016979217529 27.4520416259766 21.4950313568115 22.0640468597412 22.185302734375 22.4061088562012 22.075159072876 21.7745552062988 22.4409923553467 22.1344184875488 22.8769645690918 24.3086471557617 26.5318031311035
29.9716129302979 30.6184024810791 30.5484943389893 30.5490207672119 31.1651973724365 31.3093090057373 31.3572654724121 31.5623378753662 31.3842792510986 31.6000022888184 31.3773288726807 32.2265014648438 32.2891044616699 32.906551361084 33.1833648681641 32.9620361328125 32.5531349182129 32.7361526489258 32.5768737792969 32.398811340332 31.8361072540283 31.6639347076416 30.8958911895752 31.4597930908203 30.7775707244873 29.6943130493164 29.6929836273193 29.0165138244629 29.3803787231445 28.5885486602783 28.4231071472168 27.9977893829346 28.4205055236816 30.1933116912842 30.1889457702637 22.2647247314453 21.1302223205566 21.1824893951416 21.3123245239258 21.8148136138916 21.6054821014404 22.0499992370605 21.4952392578125 22.1766338348389 23.537576675415 26.4828262329102
31.1023788452148 30.5359306335449 30.07594871521 30.2212524414062 30.879186630249 30.7839107513428 31.0680618286133 31.4713268280029 31.5796203613281 31.4968242645264 31.3427639007568 31.854866027832 31.7292556762695 32.8021202087402 33.4118309020996 32.9290390014648 32.412425994873 32.9953804016113 32.2233123779297 31.9516296386719 31.868989944458 31.5293941497803 31.0084896087646 29.9597721099854 30.6780376434326 30.6426658630371 29.1146812438965 29.5182609558105 29.6905002593994 28.6877994537354 27.6883735656738 27.5763092041016 28.6049613952637 28.6292743682861 30.6669254302979 27.3673877716064 21.9021530151367 21.1703281402588 21.2455444335938 21.9906749725342 21.3263092041016 21.7232227325439 22.1944026947021 22.2165794372559 23.198263168335 23.8012981414795
29.8070125579834 30.2828788757324 30.7371273040771 30.0040512084961 29.9055881500244 30.3740215301514 30.9980144500732 31.147159576416 31.1569480895996 30.9608058929443 31.5447273254395 31.6621246337891 30.7990341186523 31.4590816497803 32.8755874633789 31.696174621582 31.7495727539062 32.8600959777832 32.6363525390625 31.3497047424316 31.5447025299072 31.2033729553223 31.2935543060303 31.6408882141113 29.1001987457275 29.4678039550781 29.4214096069336 29.6320648193359 29.7893676757812 29.9410305023193 28.3808727264404 27.9223041534424 27.5827198028564 27.84739112854 29.2809314727783 29.2937469482422 22.0812606811523 22.2358264923096 22.1437683105469 22.7689609527588 22.0984191894531 22.0008125305176 22.2413692474365 27.8599090576172 23.5097332000732 22.5951442718506
31.0582504272461 29.9200973510742 30.8740844726562 29.7848091125488 29.794361114502 30.0580062866211 30.250732421875 30.1979141235352 30.0523052215576 30.7055606842041 30.4595222473145 30.5256443023682 30.8923397064209 31.7307319641113 32.5988006591797 32.7520332336426 32.1514549255371 32.5923728942871 32.462459564209 31.4875335693359 32.0839424133301 32.0351829528809 30.6915550231934 30.9342441558838 30.6980266571045 31.4524536132812 31.02077293396 30.3995952606201 30.5116214752197 30.4069633483887 29.8352947235107 29.1373538970947 27.9672927856445 28.9406642913818 28.9321765899658 27.9079685211182 27.6389293670654 25.5922756195068 23.4684352874756 23.4187850952148 22.9452171325684 22.8627853393555 22.8958263397217 22.7465343475342 22.1235027313232 21.8622817993164
32.3530426025391 30.5737400054932 29.3803119659424 29.0706748962402 29.2058963775635 30.2855644226074 29.8168754577637 29.7175178527832 29.6047401428223 30.4280815124512 30.5982398986816 30.4078426361084 30.8731346130371 31.9147624969482 32.7507553100586 31.8896293640137 31.9174861907959 31.5986804962158 32.1484565734863 31.1166305541992 31.2498188018799 32.2340621948242 32.0106201171875 31.6963214874268 31.1021595001221 30.5396289825439 31.5549259185791 32.1875305175781 31.6151866912842 30.5323219299316 29.5998134613037 29.7100791931152 28.9149036407471 28.6722259521484 28.6502532958984 28.6747589111328 29.0009689331055 28.8359375 28.9642848968506 27.2636451721191 22.3308048248291 22.3908977508545 22.664026260376 22.2890911102295 22.251033782959 21.9278507232666
32.5440635681152 31.5970478057861 30.7463989257812 28.9491004943848 28.8937034606934 29.00221824646 29.5908603668213 29.688928604126 29.6771068572998 31.1229457855225 31.9071254730225 31.3686618804932 30.9584274291992 31.1280403137207 31.2742824554443 31.3400440216064 31.867582321167 32.0587844848633 31.6949081420898 32.3987426757812 31.2592334747314 31.7846050262451 32.1972045898438 32.0617179870605 31.5556793212891 32.0697135925293 30.4929790496826 31.6273536682129 31.1048126220703 30.4049644470215 29.4477100372314 30.0267372131348 28.2026634216309 28.1892013549805 28.4515018463135 25.064977645874 29.132251739502 28.8579139709473 28.5422668457031 28.7068519592285 27.3639793395996 22.2462749481201 21.9631252288818 24.238452911377 24.2013034820557 24.7536754608154
32.8987503051758 32.0673599243164 31.6294422149658 29.2930393218994 29.2997932434082 28.9214267730713 29.0741348266602 29.6910781860352 29.6308765411377 30.8503875732422 31.923957824707 31.7194080352783 31.8399925231934 32.2117156982422 32.0476913452148 31.6578750610352 31.9738750457764 31.9761581420898 32.0042037963867 31.2236938476562 32.194263458252 32.0206756591797 31.7658214569092 31.3211212158203 31.0320053100586 31.0209770202637 30.6215515136719 30.0807476043701 31.0462036132812 30.8312244415283 29.7576503753662 29.9589061737061 28.5568943023682 28.7875938415527 27.1816806793213 28.1892604827881 28.1056861877441 28.5480098724365 28.3816432952881 28.4863395690918 28.1233177185059 27.4082679748535 26.1628761291504 25.3478565216064 24.009973526001 23.9031410217285
32.6656684875488 32.8371162414551 31.726167678833 30.0906181335449 29.858154296875 30.2650966644287 29.655122756958 29.2208461761475 28.5800838470459 29.541202545166 31.4860668182373 32.1012077331543 32.3152542114258 31.5073757171631 32.0769348144531 32.0209808349609 32.1907691955566 32.5488739013672 32.691837310791 31.5006122589111 32.3779602050781 32.2938537597656 30.9236621856689 30.9682483673096 30.8362464904785 29.9653739929199 29.849479675293 30.0174350738525 30.8547782897949 31.5344715118408 31.3545150756836 29.3205585479736 29.0319900512695 28.1294097900391 27.8670673370361 27.3255786895752 27.4033145904541 28.1778793334961 28.1212882995605 28.1429138183594 27.4649486541748 27.2083568572998 26.7379627227783 25.8633995056152 22.0662860870361 21.8946304321289
32.1291465759277 32.7285804748535 32.4438819885254 28.9763774871826 28.5088081359863 29.3731746673584 29.2666625976562 29.4583930969238 28.6057987213135 28.8154850006104 30.5134944915771 30.1594486236572 31.0171718597412 32.1062240600586 31.7284564971924 32.1570701599121 32.3564376831055 32.6512298583984 32.535774230957 32.428050994873 32.3800506591797 32.1944770812988 32.0606002807617 30.9824695587158 31.9411888122559 31.6393775939941 30.2435207366943 30.3289337158203 30.4508171081543 31.1659126281738 31.2025566101074 29.8480968475342 28.9224967956543 28.3445072174072 28.3618106842041 29.0680541992188 27.2376098632812 27.0179309844971 27.7658443450928 28.8518562316895 28.7906532287598 28.1064472198486 28.0618057250977 27.2586631774902 22.3545570373535 21.7873287200928
32.4454383850098 31.9334259033203 31.8597030639648 29.7123832702637 28.7292499542236 29.9868068695068 29.9646167755127 29.4561004638672 28.6858806610107 28.8192520141602 30.325870513916 29.7876033782959 31.7912521362305 31.7677555084229 31.6602935791016 32.5229377746582 32.2032203674316 32.6022987365723 31.396915435791 32.2492637634277 32.3500556945801 32.4206428527832 32.2642288208008 31.4690914154053 30.8577117919922 31.0878448486328 31.1292533874512 30.5949459075928 30.1506195068359 30.4578857421875 30.8616638183594 31.1381320953369 31.1496162414551 30.3707408905029 29.4147357940674 30.0119876861572 28.686731338501 27.8503093719482 26.6023387908936 27.9824333190918 29.0455055236816 29.2414722442627 28.6654739379883 28.4412727355957 25.9334087371826 25.4959831237793
32.1761817932129 31.350658416748 31.5565128326416 30.6502723693848 30.1825523376465 29.9855175018311 30.5276470184326 30.103931427002 30.4198417663574 29.5024929046631 29.531566619873 30.3163509368896 30.4992294311523 31.4342555999756 32.2110824584961 32.403076171875 32.3349189758301 32.5250854492188 32.5064239501953 31.705358505249 31.7275943756104 32.376579284668 31.9621315002441 32.4683074951172 31.6760768890381 31.0309677124023 30.53932762146 30.9629993438721 29.6088752746582 30.7313842773438 30.4108810424805 29.8933010101318 30.8849506378174 30.6279926300049 31.5172882080078 29.192008972168 29.3162899017334 29.9393634796143 29.6626873016357 28.4107437133789 28.3942775726318 27.5937099456787 26.8668003082275 26.0807018280029 26.2233180999756 23.1406421661377
32.2569541931152 32.2966728210449 32.1511917114258 31.1033802032471 30.7606773376465 30.6801643371582 31.1113185882568 31.5043201446533 30.7322082519531 29.6040420532227 30.3712501525879 31.702543258667 31.4047317504883 32.3770713806152 32.1852073669434 32.3196144104004 31.0633239746094 31.681037902832 31.8569278717041 31.8979759216309 31.5274620056152 31.6054000854492 31.2349910736084 31.8769779205322 31.5450992584229 31.8215351104736 30.9735889434814 31.3584613800049 30.2942504882812 30.7498874664307 30.9056186676025 30.4424285888672 29.7629985809326 29.7762145996094 30.2181568145752 30.8840999603271 30.5119094848633 30.4047222137451 29.648323059082 28.0706596374512 27.4695739746094 28.2762145996094 26.2745971679688 22.7363624572754 23.1462287902832 22.9158039093018
31.7552623748779 32.1693496704102 31.7431182861328 32.3426094055176 31.1855640411377 29.9691009521484 30.6851425170898 31.4181785583496 31.0573577880859 30.3325004577637 30.203161239624 31.9258518218994 32.2811660766602 31.1469860076904 31.8008880615234 32.2338027954102 30.9819927215576 31.4256076812744 31.7645664215088 30.8640632629395 31.0525608062744 31.3820705413818 31.6044292449951 31.4907283782959 31.5490665435791 31.4857921600342 31.3064079284668 30.8344097137451 30.5382022857666 31.0528469085693 29.4088287353516 30.2699451446533 28.6828689575195 28.7328834533691 29.1673965454102 30.3189582824707 29.7102355957031 28.6753082275391 28.5916919708252 23.8553123474121 23.5292835235596 27.098482131958 25.9014091491699 22.2994823455811 22.7758464813232 22.9236965179443
32.2242317199707 32.5451698303223 32.1749725341797 31.9660377502441 31.5058841705322 31.8063907623291 30.7676639556885 30.7123622894287 31.1376342773438 31.0647220611572 29.7025947570801 30.9474487304688 32.2955589294434 32.013744354248 31.6127014160156 32.1782989501953 31.6404399871826 31.4524116516113 30.1342678070068 31.359806060791 31.6841316223145 31.7758045196533 30.9499797821045 31.4251728057861 32.1365547180176 31.4797992706299 31.3279571533203 30.870569229126 30.9762477874756 31.4664115905762 30.8303279876709 30.7240829467773 30.5642280578613 30.0247554779053 28.8859519958496 28.9750709533691 29.8694114685059 29.0859870910645 27.9312210083008 23.7534484863281 23.6514835357666 27.8054389953613 23.2526454925537 22.9913120269775 22.3704071044922 22.5517692565918
32.4635353088379 32.427619934082 32.5521049499512 32.1861991882324 32.131217956543 31.5144901275635 30.5485439300537 30.3866329193115 30.6688270568848 29.734130859375 30.0059108734131 32.0270347595215 31.7601299285889 32.4642066955566 31.5983409881592 31.6767597198486 30.5265445709229 30.3988971710205 30.3569297790527 30.4056339263916 30.4834403991699 30.8530216217041 30.1861877441406 30.8215961456299 32.02978515625 31.3906402587891 31.0544300079346 31.1533374786377 30.990629196167 31.5132865905762 30.7253036499023 30.7104816436768 30.5942859649658 30.0355167388916 29.9879951477051 28.9686450958252 28.9147663116455 28.4526958465576 24.3622245788574 24.2717914581299 23.9787273406982 27.2054195404053 23.3741397857666 22.5870037078857 22.6400585174561 22.549633026123
32.2724266052246 31.6705646514893 32.4188537597656 31.3784198760986 32.1176490783691 30.9030284881592 30.8117370605469 30.1791610717773 30.6404151916504 29.7596893310547 29.7987518310547 29.4307518005371 31.2778491973877 32.144157409668 32.1141929626465 31.4139041900635 30.3025760650635 30.423131942749 30.3427963256836 29.6754627227783 30.0153903961182 31.3928527832031 30.4611148834229 30.7912406921387 30.8355560302734 31.3175830841064 31.1631927490234 30.9851951599121 31.1746921539307 31.8331432342529 30.8876457214355 30.5017395019531 30.1326351165771 30.8817138671875 30.5284862518311 30.1627426147461 29.528133392334 28.32834815979 27.7624702453613 27.6794204711914 27.1064224243164 27.1728038787842 26.4624404907227 22.6981468200684 22.5970306396484 22.5989379882812
