inst/extdata/Tmax/Tmax103.asc
NCOLS 100 
NROWS 79 
XLLCORNER 148.06 
YLLCORNER -21.49 
CELLSIZE 0.01 
NODATA_value -3.4e+38 
[rows 0 to 19 of 79, columns 0 to 45 of 100]
31.470312118530298 31.1344757080078 30.1731510162354 30.5400714874268 30.6851768493652 31.1133937835693 31.340892791748 31.5423603057861 31.5074920654297 31.3235416412354 30.811731338501 30.6044788360596 30.5274982452393 29.2910957336426 29.7835025787354 30.2073059082031 30.6506977081299 30.6262588500977 29.7658424377441 29.1030864715576 28.9621086120605 28.0301723480225 28.4699745178223 29.7791996002197 30.3475799560547 30.6339912414551 30.5154495239258 30.5795803070068 30.245813369751 29.8510913848877 28.9243602752686 27.0388984680176 28.3456077575684 28.2671394348145 27.0526466369629 25.9240341186523 25.8241291046143 25.438362121582 26.2440509796143 28.1734390258789 29.8195610046387 30.1311683654785 30.9587993621826 31.3453598022461 31.5491237640381 31.7057456970215
31.2858562469482 30.7667446136475 29.9984531402588 30.0949459075928 29.5221633911133 30.4493408203125 31.0324382781982 31.3977527618408 31.5559673309326 31.4338779449463 31.0640544891357 30.7366313934326 30.8747653961182 30.4232120513916 30.2600021362305 30.1483306884766 30.6124286651611 30.6567249298096 29.6082668304443 29.0117950439453 29.5475196838379 29.3043785095215 29.1973342895508 29.6524753570557 30.1768226623535 30.3896350860596 30.7206935882568 30.6731910705566 30.4472999572754 30.2218723297119 29.3068752288818 27.885856628418 29.091667175293 28.6737098693848 27.9956893920898 27.0105972290039 26.571081161499 26.9658031463623 28.0887107849121 29.2860813140869 30.9520854949951 31.4359493255615 31.5910987854004 31.5998554229736 31.6713809967041 31.7286701202393
31.2671451568604 30.4517288208008 30.571870803833 30.7050247192383 30.2436847686768 30.3660717010498 30.7879199981689 31.4022121429443 31.6196403503418 31.4767551422119 31.1631908416748 31.03759765625 30.9484596252441 30.9000072479248 30.5756149291992 30.4224987030029 30.6756954193115 30.8567314147949 30.2299194335938 30.0316295623779 29.8814601898193 29.5603637695312 29.3316612243652 29.461368560791 30.3956813812256 30.7069816589355 30.5422973632812 30.5300960540771 30.5395107269287 30.2041206359863 30.2778720855713 29.2063045501709 29.4871711730957 28.1989307403564 27.8943347930908 27.2431926727295 26.7219657897949 26.2303409576416 27.318696975708 28.5748157501221 30.108943939209 31.2640018463135 31.6441478729248 31.7313423156738 31.7193946838379 31.6769027709961
31.4760570526123 31.1254959106445 30.7829875946045 31.4214000701904 30.8960952758789 30.4626998901367 30.8617076873779 31.4863700866699 31.6929130554199 31.5487689971924 31.3946647644043 31.3709583282471 31.2629852294922 31.0881385803223 30.6118221282959 30.4326820373535 30.8550262451172 30.920259475708 30.6826705932617 30.1714992523193 29.8296127319336 29.456127166748 29.5423583984375 29.5108165740967 30.1671180725098 30.6688938140869 30.2767772674561 30.5902709960938 30.3942337036133 29.4802112579346 30.1168746948242 30.220516204834 29.3966979980469 28.0905094146729 27.506311416626 26.6012496948242 26.9081001281738 26.3941287994385 26.2816410064697 25.7757453918457 27.4293174743652 30.3617172241211 31.4244136810303 31.6890926361084 31.4106864929199 31.3057594299316
32.0715751647949 31.4815082550049 31.2332954406738 31.6751956939697 31.4191150665283 30.7529621124268 30.7997493743896 31.513916015625 31.6983261108398 31.278377532959 31.2952747344971 31.5511913299561 31.4185314178467 31.1096420288086 30.7074680328369 30.8950958251953 31.006498336792 30.7224063873291 30.2146396636963 29.4498901367188 29.6454467773438 29.8341617584229 29.991678237915 30.2243156433105 30.2441997528076 29.8830509185791 30.7379570007324 30.3104629516602 30.1743545532227 29.6347045898438 30.051441192627 29.8701095581055 29.5356597900391 28.4896812438965 27.9618434906006 28.2970352172852 27.9917240142822 27.4285755157471 26.8704719543457 26.101203918457 25.7396812438965 29.3900184631348 31.0886039733887 31.5793590545654 30.8104419708252 30.017333984375
32.2416152954102 31.9709415435791 31.2188091278076 31.6892261505127 31.7853984832764 31.3143329620361 31.0289058685303 31.5498180389404 31.749885559082 31.4263038635254 31.3099994659424 31.6416873931885 31.4711837768555 31.1638603210449 30.4248142242432 31.0188655853271 30.9429454803467 30.4425830841064 29.8570213317871 29.4289989471436 29.5388813018799 29.8191413879395 30.1852130889893 30.1968955993652 30.5460395812988 30.4354553222656 30.5464382171631 29.6957988739014 29.7045364379883 28.5591220855713 29.341739654541 29.9057426452637 30.0271167755127 29.6666126251221 29.2830505371094 29.2249736785889 28.3495483398438 27.8473320007324 27.5141181945801 26.6605472564697 26.138032913208 28.9111404418945 30.9571933746338 31.5288581848145 30.9834289550781 28.6805000305176
32.4593734741211 32.1714324951172 31.7450618743896 31.9571266174316 31.9116878509521 31.4855136871338 30.7956943511963 31.4185199737549 31.6511859893799 31.8269863128662 31.7701644897461 31.6081275939941 31.1227931976318 31.2664070129395 31.2440567016602 31.0905742645264 30.8857727050781 30.2577495574951 30.0343227386475 29.7243194580078 29.1222343444824 29.3527374267578 29.8604164123535 30.3165454864502 30.7349720001221 30.6622581481934 30.703634262085 30.0965328216553 29.6988925933838 28.4223594665527 28.4384822845459 28.5797443389893 29.6337814331055 29.8399314880371 29.3334350585938 29.2234210968018 28.6245613098145 27.1685771942139 27.4362335205078 26.9787273406982 26.8192157745361 28.7049617767334 30.7179012298584 31.264705657959 31.0294380187988 29.1715621948242
32.447868347168 32.3489799499512 32.030101776123 32.0781059265137 32.0436248779297 31.7441158294678 31.0938472747803 30.9636878967285 31.3252353668213 31.7425594329834 31.884880065918 31.5603370666504 30.7850952148438 31.058443069458 31.3414039611816 30.5525665283203 30.5144023895264 29.6955261230469 29.6235656738281 29.3825664520264 28.6786880493164 29.1965198516846 29.6653480529785 30.3085956573486 30.8704967498779 30.8991146087646 30.4388275146484 29.9392280578613 29.7474040985107 28.9206981658936 27.5303936004639 27.8586978912354 28.2303905487061 28.8730602264404 29.312557220459 28.6655254364014 28.7615451812744 27.8375778198242 26.7803802490234 27.100040435791 27.3403072357178 28.5519714355469 29.7133731842041 30.879430770874 30.8382568359375 28.8017501831055
32.1525802612305 32.4375228881836 32.2624282836914 32.2181968688965 32.0749664306641 31.7960929870605 31.38991355896 30.8815727233887 31.0758399963379 31.6993656158447 31.900390625 31.8576164245605 31.6233539581299 31.458703994751 31.0451984405518 30.1894435882568 30.4160938262939 30.1485347747803 30.3160209655762 29.3263721466064 29.3354930877686 29.189697265625 29.3062953948975 30.0615310668945 30.7586631774902 30.9862518310547 29.9352912902832 28.9813232421875 29.084114074707 28.9958648681641 28.3773899078369 27.8026657104492 27.3526840209961 27.860523223877 28.8422927856445 28.2039546966553 27.9721832275391 27.931489944458 26.9316730499268 26.5984363555908 26.8487987518311 26.9793910980225 27.9653263092041 29.746021270752 30.2944850921631 28.8928356170654
31.8021755218506 32.3148384094238 32.415096282959 32.259391784668 32.0270080566406 31.8972454071045 31.6811141967773 31.1497535705566 30.7995567321777 31.5939254760742 31.8897438049316 31.4342746734619 30.6089954376221 30.6972789764404 30.8338165283203 30.8191680908203 30.879322052002 30.7210178375244 30.4917144775391 30.1436309814453 29.7947406768799 29.1300506591797 29.4958248138428 30.4531478881836 30.9947490692139 30.8886585235596 30.0867938995361 29.9190425872803 29.3506031036377 28.812593460083 27.4879665374756 27.0938720703125 28.2560348510742 28.1166534423828 27.9057903289795 27.6658020019531 27.4508361816406 27.7773571014404 27.2055358886719 26.4160022735596 26.4644012451172 25.8841800689697 26.8165397644043 28.0821781158447 28.4352130889893 27.7738342285156
31.4460868835449 31.801778793335 32.4240379333496 32.3223571777344 32.1768264770508 32.0907516479492 31.8841781616211 31.4560470581055 31.451042175293 31.7429466247559 31.9280757904053 31.4988346099854 31.1177825927734 30.2799091339111 30.4718627929688 30.8255424499512 30.9955444335938 31.2441577911377 30.7269592285156 30.5083618164062 30.0542278289795 29.6664180755615 29.7540225982666 30.4259433746338 30.952449798584 30.8561344146729 30.0636291503906 29.2298679351807 28.1660823822021 28.1742496490479 27.7969532012939 27.7555847167969 28.6865215301514 28.4231510162354 27.4701843261719 27.2073917388916 27.736083984375 27.4393405914307 27.0410804748535 26.4601383209229 26.5326251983643 26.273551940918 25.9162464141846 26.7150096893311 27.1979999542236 27.5502109527588
31.2583446502686 31.3419017791748 32.3719711303711 32.3863677978516 32.2983741760254 32.1633682250977 31.9812545776367 31.596378326416 31.6569118499756 32.020149230957 31.9707489013672 31.7602367401123 31.3377914428711 30.7688159942627 30.663064956665 31.0385456085205 31.4303283691406 31.4342403411865 31.1391582489014 30.6076202392578 30.0275421142578 29.6788597106934 29.8681926727295 30.0606155395508 30.3320236206055 30.745361328125 29.6220359802246 28.7708339691162 28.1273975372314 28.3947200775146 28.477445602417 28.4058952331543 28.8660335540771 28.3054389953613 28.046573638916 27.9621181488037 27.5200614929199 26.8986358642578 27.4767112731934 27.7375335693359 27.2803039550781 26.8146305084229 26.2649440765381 26.7610206604004 27.3468933105469 27.7927722930908
31.4221096038818 32.0035743713379 32.348690032959 32.316104888916 32.3446197509766 32.2443389892578 32.100154876709 31.6660270690918 31.7842540740967 32.1700439453125 31.947546005249 31.8874130249023 31.6453056335449 31.746675491333 31.6447906494141 31.6368865966797 31.6721801757812 31.5924549102783 31.3399715423584 30.734058380127 30.4278907775879 30.6429862976074 30.969518661499 31.2622947692871 31.1031551361084 30.6178684234619 30.4001884460449 29.8499984741211 29.4405288696289 29.2466201782227 29.3326168060303 29.1212711334229 29.0280418395996 28.4184379577637 27.8226852416992 27.3476581573486 26.7867259979248 27.9926280975342 28.3151607513428 28.2689437866211 26.8318901062012 26.7731437683105 26.2641983032227 25.984073638916 27.4107398986816 28.0339241027832
31.8987426757812 32.1760177612305 32.269157409668 32.1870613098145 32.2199287414551 32.2930908203125 32.2474250793457 32.1180648803711 31.8849925994873 32.0646057128906 32.0434265136719 31.9818000793457 31.8434238433838 31.7365093231201 31.623851776123 31.546443939209 31.7407321929932 31.6522235870361 31.497314453125 31.3782405853271 31.2717704772949 31.250452041626 31.0237903594971 31.1788902282715 30.6711483001709 29.5041103363037 29.4604187011719 29.0280704498291 28.4404163360596 29.2859935760498 29.6232872009277 29.6020488739014 28.7753658294678 28.4585380554199 28.3403244018555 28.2900810241699 28.286678314209 27.9624042510986 28.6461181640625 29.0494346618652 28.4811897277832 28.0115814208984 27.3354606628418 26.7601222991943 27.9187984466553 28.4741954803467
31.0493869781494 31.6840744018555 32.2157516479492 32.1484031677246 32.0159339904785 32.1491928100586 32.1225128173828 31.9371662139893 31.4537658691406 31.5251998901367 31.9369430541992 31.7310943603516 31.1228294372559 31.337532043457 31.571834564209 30.9342575073242 31.4711151123047 31.7073707580566 31.6617126464844 31.6167831420898 31.5647201538086 31.1068248748779 30.369836807251 30.846378326416 30.6611232757568 30.3587207794189 30.2904968261719 29.9164581298828 29.5104122161865 29.8287887573242 29.7927951812744 29.5143337249756 29.0205078125 29.3118705749512 29.28395652771 28.2675533294678 28.8887157440186 27.9904594421387 28.3483142852783 29.2127552032471 29.205602645874 28.9343357086182 28.1168670654297 27.2406520843506 27.9328498840332 28.7916965484619
30.098991394043 31.2000560760498 32.0587501525879 32.2279891967773 32.1633186340332 32.1483879089355 32.0501861572266 31.9334392547607 31.6916885375977 31.1021671295166 30.66259765625 31.5422458648682 30.5812702178955 30.2582874298096 31.2734451293945 30.8689441680908 30.8676910400391 31.4366397857666 31.4857330322266 31.5022010803223 31.5288925170898 31.5220737457275 31.3736057281494 31.1106185913086 30.6319198608398 30.1997032165527 30.2377319335938 30.1870288848877 30.1358032226562 29.9387893676758 29.7578926086426 29.3158016204834 29.0177841186523 29.7639198303223 29.6387367248535 29.3464794158936 29.3821048736572 28.7518692016602 28.3912658691406 29.1587295532227 29.3966884613037 28.7032165527344 27.3594875335693 26.1983871459961 26.686206817627 28.5544013977051
31.1527004241943 30.9905204772949 31.6333065032959 31.8699970245361 32.1512336730957 32.129955291748 32.01416015625 31.8658027648926 31.6996822357178 31.3750152587891 30.6526165008545 31.1519165039062 30.0072593688965 29.756139755249 30.5747413635254 30.42555809021 29.7083835601807 30.9447059631348 30.9541339874268 30.947582244873 31.2640037536621 31.4737205505371 31.3745040893555 30.8921394348145 29.9449100494385 29.3226509094238 28.9309368133545 29.296688079834 29.9348297119141 29.3012256622314 29.0785140991211 28.3045520782471 29.0661544799805 30.0343399047852 29.8400993347168 29.6365432739258 29.7137928009033 29.2452754974365 28.8497009277344 29.187084197998 29.4312648773193 28.2161064147949 27.1864700317383 27.5297451019287 27.9153709411621 28.5722484588623
31.2778282165527 31.6666698455811 31.7764778137207 31.8085823059082 31.990213394165 32.072868347168 32.0238838195801 31.9415607452393 31.7754745483398 31.2593441009521 30.8223819732666 30.4337329864502 30.0190353393555 29.6511268615723 30.2019481658936 30.0623302459717 30.1019668579102 29.9269256591797 29.6721839904785 29.6632137298584 30.9671783447266 31.304407119751 31.2969093322754 31.1898727416992 30.5279083251953 29.2694492340088 27.8390731811523 28.7049217224121 29.5731468200684 28.5798664093018 28.9824829101562 29.6444911956787 29.9902572631836 30.3149375915527 30.2320766448975 30.0236549377441 29.5126781463623 28.6129207611084 29.1315574645996 29.4038734436035 29.7789993286133 29.4125003814697 29.2663497924805 29.2598114013672 29.2237415313721 28.6176338195801
31.5101833343506 31.5080509185791 31.3617782592773 31.4867172241211 32.0250511169434 31.9194183349609 31.9613189697266 31.9592208862305 31.8682899475098 31.4780597686768 30.2728424072266 30.3777561187744 29.9387187957764 28.7928428649902 29.5577182769775 29.3296661376953 29.1694831848145 28.4746360778809 29.3396301269531 29.7304649353027 30.9542999267578 31.0072937011719 31.1797065734863 31.3145236968994 30.3638000488281 29.2145156860352 28.0468406677246 28.8613014221191 29.5215492248535 29.0051879882812 29.555534362793 30.0707168579102 30.5137405395508 30.5364990234375 30.0617694854736 29.7889137268066 29.4129104614258 29.1348323822021 29.7329235076904 29.8453769683838 29.9069232940674 29.83860206604 29.722599029541 29.0253524780273 28.1277179718018 28.1037654876709
31.6506938934326 31.6604843139648 31.6560516357422 31.5115528106689 32.0279846191406 32.0429916381836 31.9978103637695 31.9498386383057 31.8879909515381 31.7891616821289 31.4317283630371 30.622013092041 29.7696781158447 28.5686054229736 28.9034290313721 28.8739013671875 28.442289352417 28.7467308044434 29.0108242034912 30.0840148925781 30.9679622650146 30.5255508422852 31.3271770477295 31.1696929931641 30.5232963562012 30.2720127105713 29.1367626190186 29.2624664306641 29.6589183807373 29.4851932525635 30.1693649291992 30.1585865020752 30.6642379760742 30.6015777587891 30.4513454437256 30.1958084106445 29.3001308441162 29.5024280548096 29.806791305542 29.8182430267334 29.8730430603027 29.7402057647705 29.6778507232666 29.1342430114746 29.0706577301025 28.947660446167
