inst/extdata/Tmax/Tmax94.asc
NCOLS 100 
NROWS 79 
XLLCORNER 148.06 
YLLCORNER -21.49 
CELLSIZE 0.01 
NODATA_value -3.4e+38 
[rows 20 to 39 of 79, columns 46 to 91 of 100]
37.1346015930176 35.2974281311035 35.5243072509766 37.0002670288086 36.732723236084 36.1503791809082 35.8386001586914 34.590950012207 36.5380516052246 38.0533218383789 39.1114501953125 38.6493873596191 38.6200256347656 39.2320861816406 38.883861541748 38.6038703918457 38.8766708374023 39.4313774108887 39.5793800354004 39.5761260986328 39.5182762145996 39.3785171508789 39.6565208435059 39.7304229736328 39.6714210510254 39.5742988586426 39.4613723754883 39.4842758178711 39.4398803710938 39.1068649291992 39.1707077026367 39.4064903259277 39.2979736328125 39.0226898193359 39.0118293762207 38.9580078125 38.8618621826172 38.8434066772461 38.8188323974609 38.785758972168 38.6947860717773 38.49609375 37.8850631713867 37.7196578979492 37.9103240966797 37.9064636230469
37.4468612670898 35.2814598083496 34.0979995727539 35.8707084655762 35.7291564941406 35.1574325561523 36.0656280517578 34.0837860107422 35.3871765136719 37.5673141479492 38.8548622131348 37.5103492736816 36.8397598266602 38.6871871948242 37.4895553588867 37.1136703491211 37.9925575256348 39.2987289428711 39.3003387451172 39.7087669372559 39.8096923828125 39.7814483642578 39.5691299438477 39.2243347167969 39.2094192504883 39.2622871398926 39.4152297973633 39.3776397705078 39.2794876098633 39.1913299560547 39.4861831665039 39.5069007873535 39.4419860839844 39.072681427002 39.1399993896484 39.0751838684082 38.9348182678223 38.9341354370117 38.9305610656738 38.9234085083008 38.76611328125 38.6288146972656 38.4092864990234 38.1916885375977 38.0451431274414 38.0386505126953
38.0994262695312 37.600227355957 35.6067390441895 34.9154052734375 34.4360961914062 35.645866394043 34.9923362731934 35.2640686035156 34.6085548400879 35.6210060119629 37.9516448974609 38.3569793701172 36.7964744567871 37.2038955688477 36.8438491821289 37.4132118225098 38.4825744628906 38.8811225891113 37.5207366943359 38.7990684509277 39.6040992736816 39.6496772766113 39.0365295410156 38.2035636901855 38.7969932556152 38.7670478820801 39.3476486206055 39.5281372070312 39.2190971374512 39.4176635742188 39.5878410339355 39.6054916381836 39.5939865112305 39.5157089233398 39.3957214355469 39.1946258544922 39.001895904541 38.8633422851562 38.9293594360352 39.0147972106934 38.878173828125 38.7923393249512 38.5102195739746 38.3778686523438 38.2386665344238 38.3808250427246
37.4385795593262 37.2678260803223 36.6148681640625 35.7642822265625 34.2144966125488 34.9772567749023 35.6601486206055 35.8744697570801 35.608097076416 35.1222915649414 36.5617408752441 36.5368766784668 37.4650611877441 35.7271270751953 36.6107406616211 38.1399955749512 38.1089363098145 38.4850616455078 37.1058959960938 39.1855964660645 39.9540939331055 39.8164443969727 38.8694267272949 37.5103797912598 38.7439422607422 38.9016304016113 38.9977798461914 39.4534912109375 39.6419143676758 39.6945037841797 39.7117614746094 39.7119903564453 39.6763763427734 39.5750770568848 39.4618453979492 39.2863006591797 38.8559341430664 38.5010986328125 38.6351165771484 38.8967208862305 38.8489532470703 38.8912773132324 38.6245613098145 38.5914115905762 38.337158203125 38.3707275390625
35.3594284057617 36.7927627563477 37.1723747253418 36.9170608520508 35.8180465698242 35.1454429626465 35.1327629089355 34.789005279541 35.7667007446289 35.1761054992676 35.17333984375 34.6580924987793 36.7372589111328 37.6251258850098 36.7748146057129 37.8518753051758 38.6355781555176 39.215461730957 38.901180267334 39.9126663208008 39.9154891967773 39.7416801452637 39.0483627319336 38.203052520752 38.9885406494141 39.2642517089844 38.9541091918945 39.0436325073242 39.1449127197266 39.6363220214844 39.4759101867676 39.7792663574219 39.644832611084 39.598747253418 39.5038261413574 39.1460227966309 39.0503234863281 38.4662284851074 38.1713180541992 38.634952545166 38.7558364868164 38.8457489013672 38.6667060852051 38.7222938537598 38.7804222106934 38.6359710693359
33.8419151306152 34.8580284118652 36.3164978027344 36.2318725585938 35.3075866699219 34.5045509338379 34.0840148925781 33.4898910522461 34.7407035827637 35.4369621276855 34.8516464233398 35.1165962219238 36.6449546813965 38.636661529541 38.1160888671875 38.1868095397949 38.3416862487793 39.725025177002 39.8159980773926 39.7966003417969 39.7881546020508 39.4501533508301 38.1965827941895 38.2473411560059 38.348518371582 38.9817886352539 38.7023162841797 38.072811126709 38.7037048339844 39.7480049133301 39.6939163208008 39.7887840270996 39.7415809631348 39.7065086364746 39.5647048950195 39.397346496582 39.4099617004395 38.8022804260254 38.2734794616699 38.6010971069336 38.2698822021484 38.3979721069336 38.1081924438477 38.762077331543 38.8082618713379 38.7663536071777
33.7259712219238 33.5625228881836 34.3010597229004 34.9759788513184 35.7481269836426 33.3661766052246 33.0673408508301 33.9364624023438 34.4651832580566 35.3081970214844 35.3322715759277 35.7998046875 37.6806488037109 38.6077613830566 39.1052360534668 39.2620887756348 39.3973617553711 39.8969116210938 39.5286445617676 39.3546371459961 39.3874816894531 38.9192161560059 39.1020851135254 39.3668670654297 39.3703460693359 38.748607635498 38.3170623779297 39.2267608642578 39.4795036315918 39.4328002929688 38.8772773742676 39.5222549438477 39.6746292114258 39.7519683837891 39.733699798584 39.628776550293 39.2973251342773 38.9586715698242 39.0302352905273 38.7803840637207 38.6396751403809 38.0797538757324 38.562801361084 38.7677688598633 38.6611213684082 38.5373840332031
33.9295082092285 33.3990707397461 33.7157211303711 33.9706878662109 34.5381507873535 32.7966651916504 32.4815711975098 32.9170532226562 34.2735633850098 35.1193618774414 34.5338439941406 35.1974143981934 36.214599609375 37.4729423522949 38.9378051757812 38.5940742492676 39.692066192627 39.9331359863281 39.2254676818848 38.4736671447754 39.1241569519043 39.3017959594727 39.617862701416 39.8413047790527 39.9445686340332 39.5150489807129 39.5068550109863 39.8559799194336 39.9144172668457 39.2037239074707 38.7598686218262 39.2849159240723 39.3896331787109 39.7957992553711 39.8356018066406 39.7639770507812 39.607177734375 39.3881416320801 38.9820442199707 38.1975975036621 37.9467849731445 37.8130493164062 37.8442840576172 38.5058517456055 38.5333404541016 38.9074058532715
34.8333854675293 34.3849639892578 35.2048072814941 35.0367660522461 34.6052207946777 33.1552581787109 33.9539070129395 33.6840209960938 34.0069274902344 34.6572113037109 34.3394165039062 34.6639671325684 34.8257484436035 37.2600326538086 38.5438499450684 37.8055267333984 39.3185119628906 39.6055641174316 39.2900428771973 38.149715423584 38.42431640625 39.5067520141602 39.8999824523926 40.0194473266602 40.0351104736328 39.9252395629883 39.9347305297852 40.0422821044922 39.6575202941895 38.9423332214355 38.8072929382324 39.4520835876465 39.8624229431152 39.8934173583984 39.8792610168457 39.8410949707031 39.7898979187012 39.6479263305664 39.3948631286621 38.2511367797852 37.6444091796875 36.8165702819824 37.7886924743652 37.7605590820312 38.6391525268555 38.9902572631836
36.6437950134277 36.4821701049805 35.8363037109375 35.7764930725098 35.1933479309082 34.6538734436035 34.3232688903809 33.2817764282227 33.9563140869141 33.4262619018555 32.9059524536133 34.3097267150879 34.7061157226562 36.8075904846191 37.8475914001465 37.0582389831543 37.811336517334 38.6110954284668 39.1714744567871 39.0407447814941 38.5858306884766 39.5429649353027 40.0049057006836 39.8031272888184 39.7717475891113 39.447322845459 39.8533325195312 40.0890579223633 39.1660385131836 38.3037033081055 38.9693717956543 39.5175895690918 39.859806060791 39.9332847595215 39.9394035339355 39.8712882995605 39.8436164855957 39.7461280822754 39.5546226501465 39.164623260498 38.4694557189941 37.9560127258301 37.5074501037598 37.2975654602051 38.1587104797363 38.6377716064453
35.4163627624512 35.4294624328613 35.4728622436523 35.0756607055664 34.5427017211914 34.8127593994141 33.8399429321289 33.2994117736816 32.7581443786621 32.8508262634277 32.2195358276367 33.1843566894531 33.1766700744629 35.643684387207 36.7856941223145 35.4960746765137 36.1118774414062 37.797966003418 39.1502265930176 39.6999053955078 39.2178230285645 39.8059844970703 40.005500793457 39.6016387939453 39.5771179199219 39.691478729248 40.1444282531738 40.1145057678223 39.5661888122559 38.8932151794434 39.2657699584961 39.5194702148438 39.9378433227539 39.9552154541016 39.9017906188965 39.8569984436035 39.8474388122559 39.7658042907715 39.6863861083984 39.4782104492188 39.2077255249023 38.6471176147461 38.247257232666 38.189567565918 38.395336151123 38.7964019775391
34.6088180541992 34.8976058959961 34.7777099609375 34.7354202270508 33.7882499694824 34.6479034423828 33.613956451416 32.2988624572754 31.6672916412354 32.074089050293 31.7180366516113 32.4330139160156 33.2627067565918 35.3395843505859 35.6990776062012 35.2852935791016 37.6210670471191 38.6187896728516 39.3765144348145 39.8522529602051 40.1300926208496 40.1628952026367 40.1001167297363 40.005054473877 39.7805480957031 40.0611877441406 40.1810569763184 40.0610313415527 39.6768417358398 39.0233688354492 39.1118621826172 39.6719779968262 39.878360748291 39.4075813293457 39.7697830200195 39.8678512573242 39.8383407592773 39.794132232666 39.7387390136719 39.6166572570801 39.3014106750488 38.5273017883301 38.8517456054688 38.8774299621582 38.7687187194824 38.6895599365234
33.9079360961914 34.2285308837891 34.0640830993652 34.3519554138184 34.4469909667969 34.4628715515137 34.054141998291 32.878589630127 32.9787750244141 33.086555480957 32.0031814575195 31.7919616699219 32.7950553894043 35.2746620178223 35.8745460510254 36.4583549499512 36.5325241088867 37.4517478942871 39.3728828430176 39.9614677429199 40.1565704345703 40.0864143371582 39.9307250976562 39.8768539428711 40.0268135070801 40.0946655273438 40.0639724731445 39.6661529541016 38.7092514038086 38.8826370239258 39.212703704834 39.9897270202637 39.7136039733887 39.1364288330078 39.8169898986816 39.7328300476074 39.753101348877 39.7963447570801 39.6880989074707 39.3922119140625 38.7807884216309 37.4738388061523 37.1968231201172 38.2550315856934 38.6063346862793 38.8967819213867
34.625431060791 34.1189117431641 33.9511985778809 34.1293106079102 34.2759017944336 34.1948699951172 33.6992073059082 33.2987670898438 33.9128608703613 33.1803665161133 33.0271492004395 33.0150566101074 33.8528900146484 35.1683044433594 35.3576393127441 36.1962242126465 37.2916679382324 38.5107421875 39.4595718383789 39.873722076416 40.2120742797852 40.1663055419922 39.6631050109863 39.3708763122559 39.5976600646973 39.4448547363281 39.5457153320312 39.7106437683105 39.5963020324707 39.5757293701172 39.8858032226562 40.1320686340332 39.5023956298828 39.4097785949707 39.9782180786133 39.4569892883301 39.583423614502 39.5313873291016 39.5950660705566 39.2843399047852 37.8154220581055 37.041145324707 36.411735534668 38.2474250793457 38.8006820678711 38.6177978515625
35.1095123291016 33.8052368164062 33.7564353942871 33.8769302368164 34.0253486633301 33.8905830383301 33.8962135314941 34.5000267028809 34.1030158996582 33.2960090637207 34.52783203125 35.067440032959 35.2885856628418 34.5732231140137 34.6078224182129 35.818531036377 37.2551193237305 38.6826248168945 38.7810745239258 39.6048965454102 40.0722160339355 40.0725021362305 39.5899085998535 39.3431510925293 38.5289344787598 39.097957611084 39.6204109191895 39.7712173461914 40.0041809082031 40.0102195739746 40.1865386962891 40.1061630249023 40.067195892334 40.0897903442383 40.0379371643066 39.7748641967773 38.8183555603027 39.4151077270508 39.5950584411621 39.5347709655762 39.4693069458008 38.1856803894043 38.0133247375488 39.3221168518066 39.5844993591309 39.5777969360352
35.1799240112305 34.0873565673828 33.7262763977051 33.6498985290527 33.8744659423828 33.6883125305176 34.392147064209 36.2985420227051 35.3010406494141 34.5118103027344 36.6572189331055 37.4183120727539 36.9965782165527 34.7516288757324 35.2313575744629 35.3581733703613 37.5436897277832 37.6187286376953 37.4826240539551 38.4639892578125 39.654670715332 39.869457244873 39.5377960205078 39.5290374755859 39.3954849243164 39.0413436889648 39.1162605285645 39.2640075683594 39.959659576416 39.9211540222168 40.0038299560547 39.790454864502 39.988582611084 40.1309661865234 39.8335227966309 39.7935676574707 39.1101531982422 39.2299728393555 39.4948539733887 39.3219604492188 39.7156181335449 39.7075729370117 39.5996170043945 39.631103515625 39.7423896789551 39.6282653808594
34.8560562133789 34.1507987976074 33.9282112121582 34.1223030090332 34.0535049438477 34.1643295288086 34.6266822814941 37.0814247131348 37.2955207824707 35.781494140625 38.0027236938477 39.0312614440918 38.2590637207031 36.9206199645996 36.8426551818848 37.5131225585938 38.2509498596191 38.7472496032715 39.0834426879883 39.4019432067871 39.6296920776367 39.3389892578125 37.9368515014648 38.2381706237793 38.7931289672852 38.3907203674316 38.6138687133789 39.4896812438965 39.870361328125 40.0728416442871 38.9804344177246 38.9393844604492 39.7673645019531 40.0620574951172 39.5708465576172 39.5784492492676 38.7621536254883 39.2820205688477 39.4780044555664 39.3227500915527 39.7664184570312 39.8409690856934 39.8552932739258 39.8423004150391 39.7902679443359 39.4639625549316
34.9031944274902 34.4597206115723 34.4142036437988 34.5810356140137 34.8128433227539 34.9916000366211 35.9234046936035 37.884593963623 37.7594375610352 37.2317771911621 38.7736434936523 39.9545516967773 39.0857238769531 37.8581504821777 37.266357421875 39.1145858764648 39.4929809570312 39.7094917297363 39.918384552002 39.9426116943359 39.5126647949219 39.2209358215332 39.3306541442871 38.754524230957 39.1015815734863 39.5750198364258 39.7932205200195 39.869945526123 40.0797157287598 40.0036582946777 38.3398551940918 39.0674629211426 39.9223213195801 39.8365745544434 39.3927688598633 39.3298683166504 39.1596603393555 39.6692390441895 39.6894264221191 39.6888389587402 39.6389350891113 39.7938346862793 39.8327941894531 39.8333168029785 39.7544593811035 39.7279510498047
34.8442535400391 34.5179595947266 35.1502723693848 36.0378379821777 36.1742706298828 36.7281646728516 37.9399757385254 38.6178665161133 37.9598655700684 38.3841934204102 39.9022369384766 40.4350738525391 39.8562355041504 38.7696762084961 37.9503974914551 39.0731086730957 39.0705947875977 39.3831520080566 40.1513862609863 40.3564910888672 40.0442390441895 39.6726875305176 40.021110534668 39.818733215332 39.6804161071777 40.1501846313477 40.0414848327637 39.9535369873047 40.213436126709 39.9772529602051 39.3394660949707 39.8021583557129 39.9749412536621 39.6564521789551 38.6872367858887 38.6253051757812 38.9544677734375 39.6874465942383 39.3823547363281 39.3520240783691 39.3528709411621 39.6382141113281 39.6096572875977 39.6623954772949 39.5057754516602 39.6541862487793
34.909008026123 35.1348419189453 36.4636001586914 37.3200836181641 38.1095161437988 39.162670135498 39.8336143493652 39.0871200561523 36.9848518371582 37.6926536560059 39.3370933532715 40.4892120361328 40.0369453430176 39.6803817749023 38.7197189331055 39.7546615600586 39.9109992980957 39.2609901428223 40.0747833251953 40.4309425354004 40.3744087219238 39.902027130127 40.246997833252 40.3498687744141 40.186595916748 40.2622184753418 40.066162109375 39.276237487793 40.1028060913086 40.2419509887695 40.1515655517578 40.0149993896484 39.6825294494629 39.326042175293 38.4463844299316 38.4848480224609 39.2590217590332 39.1843032836914 39.0286827087402 38.8276023864746 38.9567108154297 39.2594375610352 39.0514488220215 39.4076080322266 38.9288444519043 39.3191184997559
