inst/extdata/Tmax/Tmax111.asc
NCOLS 100 
NROWS 79 
XLLCORNER 148.06 
YLLCORNER -21.49 
CELLSIZE 0.01 
NODATA_value -3.4e+38 
[rows 0 to 19 of 79, columns 0 to 45 of 100]
42.503734588622997 42.0930595397949 41.1358032226562 41.416259765625 41.5460777282715 41.9888725280762 42.1634292602539 42.3190994262695 42.2512817382812 42.0437469482422 41.5208206176758 41.2666931152344 41.1604042053223 39.9639282226562 40.3390731811523 40.7568855285645 41.1276321411133 41.0767669677734 40.2028274536133 39.5739402770996 39.4221115112305 38.5962905883789 38.9252738952637 40.0667724609375 40.5751152038574 40.8106117248535 40.6447601318359 40.6770401000977 40.3379898071289 39.9405975341797 39.0214309692383 37.402774810791 38.4184532165527 38.3183403015137 37.3105926513672 36.361988067627 36.2263984680176 35.8796882629395 36.4990921020508 38.0149841308594 39.55224609375 39.7808647155762 40.4990539550781 40.8151435852051 40.9680786132812 41.0793800354004
42.3258743286133 41.7126502990723 41.0193367004395 41.0692939758301 40.5413475036621 41.3027954101562 41.883415222168 42.2106246948242 42.3249130249023 42.1761856079102 41.7923278808594 41.4238739013672 41.5250205993652 41.0571899414062 40.8618507385254 40.721321105957 41.1219520568848 41.1368637084961 40.0630187988281 39.5353507995605 39.9570350646973 39.6811752319336 39.5570526123047 39.9768257141113 40.447826385498 40.6176261901855 40.8689498901367 40.7983551025391 40.5595397949219 40.3208618164062 39.4333572387695 38.1250267028809 39.1547241210938 38.7085227966309 38.1035995483398 37.2787704467773 36.8680152893066 37.1507339477539 38.0039215087891 39.1285934448242 40.6167984008789 40.9963455200195 41.1102104187012 41.0891418457031 41.1247329711914 41.1480026245117
42.3147392272949 41.4658622741699 41.5383453369141 41.6213073730469 41.1878356933594 41.2573661804199 41.6312103271484 42.2308044433594 42.4011535644531 42.2336196899414 41.9039916992188 41.730583190918 41.613208770752 41.5349540710449 41.1921234130859 41.0136528015137 41.201358795166 41.3456954956055 40.7172088623047 40.4965209960938 40.322624206543 39.9444999694824 39.694091796875 39.7983474731445 40.675422668457 40.9355087280273 40.7272491455078 40.6898727416992 40.6686706542969 40.3279724121094 40.3673934936523 39.311767578125 39.5510864257812 38.3315696716309 38.0515899658203 37.4936752319336 37.01708984375 36.5853385925293 37.425235748291 38.4758186340332 39.8845024108887 40.8750305175781 41.1921005249023 41.2424697875977 41.2040023803711 41.1381759643555
42.5852279663086 42.159782409668 41.7755813598633 42.4427032470703 41.8554382324219 41.3970184326172 41.7569808959961 42.3592185974121 42.5187492370605 42.3508338928223 42.1731147766113 42.0964431762695 41.9621543884277 41.7647933959961 41.2779579162598 41.0746002197266 41.4236297607422 41.4579467773438 41.2023391723633 40.6835327148438 40.3201675415039 39.8915824890137 39.9545402526855 39.9005546569824 40.5137672424316 40.955436706543 40.5341262817383 40.8012847900391 40.5897674560547 39.7008476257324 40.2738265991211 40.3205757141113 39.5206451416016 38.3046569824219 37.7995529174805 37.0327072143555 37.2256469726562 36.776008605957 36.6514701843262 36.2080459594727 37.5005340576172 40.123119354248 41.0599212646484 41.2710609436035 40.9929046630859 40.8713340759277
43.2090530395508 42.5669250488281 42.2836685180664 42.7170104980469 42.4401779174805 41.7035903930664 41.7138328552246 42.4113426208496 42.550708770752 42.1231117248535 42.1069412231445 42.292911529541 42.1365432739258 41.8138885498047 41.398811340332 41.5477027893066 41.5967140197754 41.3008346557617 40.7838745117188 40.0190849304199 40.1534233093262 40.3099212646484 40.4344177246094 40.6286697387695 40.6189842224121 40.2471122741699 40.9981994628906 40.5743179321289 40.4182510375977 39.8807258605957 40.2470245361328 40.0280380249023 39.6859550476074 38.6628036499023 38.2042274475098 38.4352912902832 38.133602142334 37.647876739502 37.1649017333984 36.5097427368164 36.1837196350098 39.270435333252 40.8011436462402 41.2177391052246 40.4962310791016 39.7495384216309
43.3863830566406 43.0793991088867 42.2902603149414 42.753776550293 42.8114318847656 42.331672668457 41.984619140625 42.4709205627441 42.6250114440918 42.2898941040039 42.1479644775391 42.4048309326172 42.2140235900879 41.8935928344727 41.1525650024414 41.6942138671875 41.566276550293 41.0622482299805 40.4458465576172 40.0392684936523 40.0932693481445 40.3240394592285 40.6509284973145 40.6339912414551 40.9360656738281 40.8032875061035 40.8533248901367 40.0245742797852 40.0063743591309 38.925724029541 39.6075477600098 40.0957260131836 40.1827545166016 39.8176040649414 39.4292106628418 39.3491363525391 38.4584655761719 38.022331237793 37.7206344604492 37.0005378723145 36.544921875 38.8601684570312 40.7256050109863 41.217414855957 40.6976737976074 38.5543327331543
43.6036987304688 43.2859802246094 42.8614959716797 43.0274124145508 42.9527206420898 42.5198974609375 41.7568130493164 42.3718719482422 42.5592651367188 42.6897621154785 42.6049156188965 42.4013442993164 41.9134330749512 42.0184478759766 41.9663581848145 41.7908515930176 41.5411338806152 40.9119606018066 40.6616859436035 40.3196830749512 39.7880020141602 39.9203796386719 40.368278503418 40.7791442871094 41.1455764770508 41.0487289428711 41.033332824707 40.4384956359863 40.033130645752 38.8535919189453 38.8311614990234 38.887279510498 39.8465118408203 40.0154075622559 39.5110282897949 39.3819313049316 38.7445487976074 37.5173225402832 37.6983795166016 37.2963523864746 37.1340560913086 38.7008323669434 40.5506973266602 41.0227432250977 40.7841033935547 39.0530700683594
43.6046943664551 43.4582748413086 43.1390151977539 43.1510620117188 43.0871200561523 42.7771759033203 42.0889663696289 41.9294776916504 42.2655906677246 42.6271820068359 42.7264785766602 42.3729629516602 41.6043815612793 41.8376998901367 42.0749359130859 41.2924880981445 41.2018356323242 40.3961296081543 40.3008232116699 40.0660438537598 39.4470329284668 39.8198776245117 40.1860275268555 40.791072845459 41.2933921813965 41.291332244873 40.8065643310547 40.309398651123 40.0999603271484 39.2861366271973 38.1191024780273 38.3323287963867 38.5994110107422 39.100513458252 39.5133628845215 38.8474235534668 38.9060173034668 38.0855331420898 37.198917388916 37.4240303039551 37.582878112793 38.5684852600098 39.6554641723633 40.7046928405762 40.6417655944824 38.7307662963867
43.3804817199707 43.5817909240723 43.3959541320801 43.3239860534668 43.1614265441895 42.8716163635254 42.4346351623535 41.8871269226074 42.0721969604492 42.6349143981934 42.7894477844238 42.6969833374023 42.4493293762207 42.2650871276855 41.8445739746094 40.9700202941895 41.1557731628418 40.866641998291 41.0077629089355 40.0787086486816 40.0510711669922 39.8734436035156 39.9339942932129 40.6057739257812 41.242000579834 41.4265785217285 40.3803672790527 39.4678230285645 39.515079498291 39.4074974060059 38.870964050293 38.3460006713867 37.9442749023438 38.3252639770508 39.1027374267578 38.5333251953125 38.2897911071777 38.2222747802734 37.3816299438477 37.0783348083496 37.2486610412598 37.2953720092773 38.0503196716309 39.7201881408691 40.2028121948242 38.8722953796387
43.0718307495117 43.4927062988281 43.5556449890137 43.3838500976562 43.1400947570801 42.989070892334 42.7346954345703 42.1969871520996 41.8039474487305 42.5615386962891 42.8058586120605 42.3293762207031 41.5023803710938 41.5649833679199 41.6690368652344 41.6265487670898 41.6302604675293 41.4543571472168 41.2059555053711 40.841381072998 40.4668426513672 39.8619384765625 40.1276664733887 41.0114555358887 41.4949111938477 41.3678894042969 40.5565872192383 40.3742294311523 39.7986145019531 39.2987403869629 38.180793762207 37.801139831543 38.7200622558594 38.572509765625 38.3672943115234 38.1387329101562 37.9085998535156 38.1388893127441 37.643238067627 36.9686622619629 36.9765357971191 36.4446258544922 37.1713790893555 38.1445846557617 38.484935760498 37.8256187438965
42.7118530273438 43.0376663208008 43.58544921875 43.4631004333496 43.3001594543457 43.1907577514648 42.947868347168 42.5150108337402 42.4808959960938 42.7258796691895 42.8669624328613 42.415901184082 42.0250625610352 41.1791152954102 41.3434982299805 41.6596374511719 41.7687721252441 41.9793472290039 41.4603385925293 41.223014831543 40.7562255859375 40.3417854309082 40.3871765136719 41.0155906677246 41.4869232177734 41.3693580627441 40.5652198791504 39.748176574707 38.8437309265137 38.8168792724609 38.4734802246094 38.3844299316406 39.1083068847656 38.8605499267578 38.0519332885742 37.8043518066406 38.1796913146973 37.905689239502 37.5493659973145 37.0425453186035 37.0686111450195 36.7987174987793 36.4776268005371 37.0925064086914 37.4450836181641 37.6891593933105
42.5565376281738 42.577709197998 43.5599479675293 43.5428695678711 43.4331741333008 43.2801322937012 43.0610313415527 42.6715278625488 42.6993598937988 43.0070381164551 42.9316787719727 42.6857795715332 42.2602691650391 41.6859970092773 41.556095123291 41.8905296325684 42.2068557739258 42.1857299804688 41.8804512023926 41.3467102050781 40.7579307556152 40.3904991149902 40.5308570861816 40.6933403015137 40.9295463562012 41.2965774536133 40.1681785583496 39.4130706787109 38.8501625061035 39.036548614502 39.0701217651367 38.9554214477539 39.2936248779297 38.8053207397461 38.561164855957 38.4588012695312 38.0440902709961 37.5037612915039 37.9409637451172 38.1167297363281 37.712890625 37.2759399414062 36.7988815307617 37.1678504943848 37.603687286377 37.9221572875977
42.7180023193359 43.2564735412598 43.5492935180664 43.4902648925781 43.4867172241211 43.3659934997559 43.182746887207 42.749195098877 42.8313674926758 43.1581573486328 42.9246826171875 42.8181304931641 42.5641250610352 42.6297340393066 42.5061798095703 42.4701843261719 42.4488906860352 42.350269317627 42.0864944458008 41.4846496582031 41.1636505126953 41.3230514526367 41.6069831848145 41.854808807373 41.679271697998 41.1954002380371 40.9371795654297 40.387809753418 39.9665603637695 39.7603340148926 39.8162155151367 39.5658645629883 39.4552383422852 38.9273300170898 38.4085998535156 37.987060546875 37.4709587097168 38.4216995239258 38.6458854675293 38.5727500915527 37.376781463623 37.270076751709 36.825439453125 36.5640411376953 37.6846809387207 38.1486778259277
43.2532081604004 43.458667755127 43.5196800231934 43.415699005127 43.4171676635742 43.4551124572754 43.3624992370605 43.2151184082031 42.9708938598633 43.1081924438477 43.0598678588867 42.9524269104004 42.7959785461426 42.6682777404785 42.535026550293 42.4346580505371 42.5617942810059 42.4555015563965 42.2835731506348 42.1448783874512 42.0179252624512 41.9491386413574 41.7092819213867 41.8287963867188 41.3231887817383 40.1949081420898 40.0981903076172 39.7135314941406 39.1968383789062 39.8534393310547 40.1503143310547 40.0854797363281 39.3125801086426 39.0210952758789 38.890193939209 38.8143539428711 38.7540054321289 38.4565887451172 38.9771614074707 39.353687286377 38.7716331481934 38.3296775817871 37.7541885375977 37.2546730041504 38.1514778137207 38.6528091430664
42.4952163696289 43.0147705078125 43.4908332824707 43.4007606506348 43.2499580383301 43.3452911376953 43.2704658508301 43.0706901550293 42.587158203125 42.6278419494629 42.9861373901367 42.7446098327637 42.1402053833008 42.3186187744141 42.5124588012695 41.8794021606445 42.3375091552734 42.5345611572266 42.4648399353027 42.395923614502 42.3206253051758 41.8430061340332 41.1130104064941 41.5447883605957 41.3432998657227 41.0290946960449 40.9136734008789 40.5329666137695 40.1148986816406 40.4023361206055 40.3449096679688 40.031120300293 39.5511817932129 39.7901954650879 39.7411918640137 38.8346519470215 39.2919464111328 38.5179710388184 38.7722969055176 39.5428657531738 39.5147285461426 39.2067375183105 38.4219398498535 37.6827659606934 38.2038269042969 38.992259979248
41.7123985290527 42.5976142883301 43.3651313781738 43.4946098327637 43.4074935913086 43.3661193847656 43.2257118225098 43.0896606445312 42.8355712890625 42.2442169189453 41.8215293884277 42.5912818908691 41.6617813110352 41.3585052490234 42.2559700012207 41.8416557312012 41.7892036437988 42.3089714050293 42.3285255432129 42.317512512207 42.3160820007324 42.2615928649902 42.0969390869141 41.8242950439453 41.3446922302246 40.9048004150391 40.8923797607422 40.8241653442383 40.7517013549805 40.5388717651367 40.3412628173828 39.8666114807129 39.5878601074219 40.2576675415039 40.1146965026855 39.810230255127 39.8015060424805 39.1712112426758 38.8465881347656 39.5223350524902 39.7307472229004 39.0143852233887 37.8522033691406 36.8727149963379 37.239143371582 38.7964668273926
42.6510391235352 42.4555282592773 42.9815711975098 43.1808815002441 43.4170036315918 43.3703346252441 43.2139282226562 43.048454284668 42.8654289245605 42.5300102233887 41.8498497009277 42.2417755126953 41.2191429138184 40.9742317199707 41.6118354797363 41.4577865600586 40.8085021972656 41.8676567077637 41.8515625 41.8202247619629 42.0957183837891 42.2453804016113 42.1269950866699 41.6463317871094 40.7079200744629 40.1643333435059 39.781852722168 40.0521774291992 40.5868835449219 39.9806365966797 39.769287109375 39.0782852172852 39.6624908447266 40.5480155944824 40.3391571044922 40.1212120056152 40.1522827148438 39.6784706115723 39.2729644775391 39.5811233520508 39.7964019775391 38.61474609375 37.7510719299316 37.9960784912109 38.2724761962891 38.8465766906738
42.7808532714844 43.0424003601074 43.1261558532715 43.1311225891113 43.276481628418 43.3274307250977 43.2334175109863 43.1301612854004 42.9479293823242 42.4294700622559 42.0125503540039 41.6375198364258 41.2559242248535 40.9123458862305 41.3419303894043 41.1915245056152 41.1646385192871 40.9883460998535 40.7422981262207 40.7011184692383 41.8297500610352 42.1034202575684 42.0716018676758 41.9460563659668 41.29052734375 40.1498908996582 38.8995056152344 39.5936660766602 40.2540588378906 39.4229125976562 39.7197189331055 40.2327613830566 40.5462074279785 40.8354682922363 40.7340354919434 40.5126457214355 39.9770698547363 39.1305084228516 39.5662460327148 39.8103942871094 40.1509437561035 39.753002166748 39.5963516235352 39.5707130432129 39.5168228149414 38.911304473877
43.0317726135254 42.9707336425781 42.8191680908203 42.8788070678711 43.3514022827148 43.2266159057617 43.2180938720703 43.1903228759766 43.0792579650879 42.683765411377 41.6171607971191 41.6493949890137 41.246940612793 40.2382011413574 40.8597221374512 40.6343612670898 40.4406814575195 39.8212547302246 40.5232810974121 40.8169975280762 41.8658752441406 41.8705139160156 42.0105133056641 42.1138496398926 41.1810913085938 40.1647682189941 39.1321678161621 39.7820816040039 40.2728385925293 39.8326034545898 40.2382202148438 40.6961059570312 41.0990409851074 41.0984191894531 40.6224594116211 40.3382759094238 39.9310569763184 39.6399574279785 40.2003631591797 40.2881813049316 40.3269538879395 40.2155914306641 40.0886459350586 39.3970108032227 38.5366859436035 38.4835166931152
43.177604675293 43.1186981201172 43.0778961181641 42.9298324584961 43.3739013671875 43.3627777099609 43.2730712890625 43.2028007507324 43.1194648742676 43.0011978149414 42.6364479064941 41.8877944946289 41.1407127380371 40.0812072753906 40.3391571044922 40.2831802368164 39.8569946289062 40.0904273986816 40.2835006713867 41.1363563537598 41.9054679870605 41.4328651428223 42.1780090332031 42.0052032470703 41.362419128418 41.096019744873 40.0784187316895 40.1494979858398 40.4138488769531 40.2428665161133 40.8639984130859 40.8098793029785 41.2726364135742 41.1910209655762 41.0261726379395 40.7604866027832 39.850643157959 40.0281715393066 40.3029289245605 40.2940711975098 40.327091217041 40.1540031433105 40.0788230895996 39.5348815917969 39.4551734924316 39.3179588317871
