inst/extdata/Tmax/Tmax27.asc
NCOLS 100 
NROWS 79 
XLLCORNER 148.06 
YLLCORNER -21.49 
CELLSIZE 0.01 
NODATA_value -3.4e+38 
[rows 20 to 39 of 79, columns 0 to 45 of 100]
27.885551452636701 28.3975620269775 28.6004295349121 28.3443508148193 28.5514793395996 29.3930549621582 28.9447231292725 29.2488307952881 28.1022205352783 28.0418338775635 29.1428527832031 28.7741870880127 27.7387065887451 26.002721786499 24.95631980896 24.2205390930176 23.8907413482666 25.160400390625 26.0683784484863 26.8657836914062 26.993501663208 27.4692974090576 27.58935546875 27.931173324585 27.9028129577637 27.6943092346191 26.7077751159668 24.916576385498 25.834156036377 25.6469593048096 26.6912746429443 26.9818687438965 27.0084819793701 27.0791797637939 26.8263645172119 26.5687141418457 26.4356498718262 26.1956672668457 25.3964881896973 25.6399059295654 25.4708557128906 24.6987953186035 25.4057598114014 25.1842613220215 23.7074413299561 23.8249416351318
28.6368980407715 28.9299964904785 28.9514484405518 28.5894870758057 28.5361175537109 28.4634609222412 28.0781517028809 28.8865222930908 29.1542434692383 29.4311904907227 29.1350440979004 29.1684532165527 28.6964244842529 26.2652702331543 24.8847217559814 24.716854095459 24.8304042816162 25.3618335723877 25.808910369873 26.8292694091797 27.4896755218506 28.0944004058838 27.1387844085693 27.6225147247314 27.6048412322998 27.3036098480225 27.0326232910156 25.6587409973145 25.7662620544434 26.6104640960693 27.0217437744141 26.7955074310303 26.8087520599365 25.7131156921387 25.4123935699463 25.6360988616943 26.4937610626221 24.7987842559814 24.4519214630127 24.6914157867432 23.9738883972168 24.5348815917969 24.770866394043 22.6091861724854 22.4907608032227 23.1173362731934
28.9083461761475 29.175952911377 28.9987087249756 28.3234672546387 29.5719928741455 28.6798362731934 28.9660606384277 28.671459197998 29.392017364502 28.5956840515137 29.7150630950928 29.348518371582 29.175313949585 28.3115577697754 27.6166076660156 25.9694385528564 24.397834777832 24.9097557067871 25.2510662078857 27.1450958251953 28.0024394989014 27.1455173492432 27.0975456237793 26.6628971099854 26.2618751525879 27.0296688079834 26.9322662353516 26.5678749084473 26.549747467041 26.5567684173584 26.2432079315186 25.8184700012207 25.4119472503662 24.9575366973877 24.3213081359863 25.094259262085 25.1725997924805 24.0994853973389 24.1135311126709 24.1097850799561 22.8208789825439 22.774564743042 23.2345733642578 23.9487380981445 18.5441379547119 22.9633407592773
29.0502262115479 29.5079460144043 30.0276775360107 28.3287105560303 28.2733535766602 29.1425724029541 28.2291202545166 29.2399997711182 29.4619102478027 28.5727729797363 29.1615123748779 29.0710487365723 29.2896766662598 28.403450012207 26.6399974822998 25.7934322357178 24.7231025695801 25.0859355926514 25.6794033050537 26.6325435638428 27.0712661743164 27.5023422241211 26.773567199707 25.5556583404541 26.0294761657715 26.1302814483643 26.1586971282959 26.87473487854 27.1683311462402 26.9443244934082 26.625452041626 25.7816543579102 25.188159942627 25.320686340332 25.7476406097412 25.4917602539062 23.4139251708984 23.0964622497559 23.5301971435547 23.8822803497314 22.5474967956543 22.4168930053711 21.9366779327393 20.1530895233154 21.7295246124268 21.7817535400391
29.2518672943115 29.1373977661133 28.9637241363525 29.7002983093262 29.809663772583 29.5049610137939 28.2863349914551 29.3867607116699 27.9851989746094 28.2422485351562 28.3036994934082 28.0709629058838 27.9274845123291 28.305290222168 26.8720035552979 25.4713516235352 24.8567390441895 24.7800254821777 25.8792362213135 26.0557441711426 27.2481479644775 27.382833480835 24.9228172302246 24.7326564788818 24.915843963623 25.2783699035645 25.5258960723877 26.6791877746582 27.0060615539551 26.4827938079834 26.885591506958 26.4930877685547 26.3889350891113 26.2010879516602 25.7251205444336 25.3667793273926 24.7682609558105 24.0510711669922 22.8587474822998 22.3032550811768 21.2695693969727 20.3352298736572 20.9693183898926 22.7437992095947 17.9030647277832 17.6781883239746
29.7110424041748 29.4367790222168 29.8972511291504 29.254467010498 29.7824058532715 29.651195526123 29.5189628601074 29.3076076507568 29.1691074371338 27.82350730896 28.8927974700928 28.2169876098633 27.4444046020508 27.619909286499 27.6897506713867 27.594539642334 26.4018840789795 26.2087898254395 26.8108196258545 27.3673610687256 26.6937713623047 25.1128234863281 24.6517162322998 23.5919246673584 24.2585716247559 25.0555801391602 25.0781936645508 25.7781505584717 26.7820472717285 26.6861267089844 25.2297592163086 26.0803108215332 25.9122295379639 25.9434375762939 25.5623245239258 25.2953205108643 24.703161239624 23.7072410583496 21.4465866088867 21.9596099853516 20.5789356231689 21.6165962219238 23.1154403686523 22.4897079467773 17.8313388824463 17.1059494018555
27.7626266479492 28.9799613952637 30.0341415405273 29.808744430542 29.7013664245605 29.5512542724609 29.4330463409424 29.4574718475342 29.2012691497803 27.9892406463623 27.5716876983643 27.7968883514404 27.6339130401611 27.3820133209229 27.5493125915527 26.6870460510254 25.943452835083 26.0578441619873 26.8975677490234 26.7760028839111 26.4684715270996 26.6750297546387 25.5336856842041 24.3178329467773 23.799186706543 24.4530563354492 25.6705017089844 26.7750549316406 26.1989192962646 26.4105987548828 25.7894897460938 25.6179752349854 25.7663116455078 25.3108100891113 25.3250350952148 24.6639080047607 23.362907409668 23.5795555114746 19.0525302886963 17.4983367919922 20.208158493042 17.7244529724121 22.5436916351318 18.7600936889648 21.1804656982422 16.8883247375488
27.9487552642822 27.5728969573975 28.7205295562744 29.5897960662842 29.5558319091797 29.4373970031738 29.6170444488525 29.753101348877 29.3755512237549 28.6743068695068 28.247537612915 27.5822315216064 27.4284400939941 27.8388748168945 26.3593406677246 26.6511363983154 26.239294052124 25.7992534637451 26.1209278106689 26.2016124725342 26.1705379486084 26.2092933654785 25.8110961914062 24.694953918457 24.6161670684814 24.8445014953613 24.332405090332 26.6467113494873 26.9590435028076 25.6921367645264 25.573823928833 25.6459560394287 25.8914031982422 25.143238067627 24.9119033813477 24.1446914672852 22.7336273193359 23.0120944976807 22.7619552612305 21.7118244171143 20.5676345825195 21.0024909973145 20.8225250244141 18.0926456451416 17.5211048126221 17.1883220672607
26.81178855896 27.264102935791 27.827953338623 28.7114734649658 29.7465801239014 29.2378101348877 29.6653900146484 29.324333190918 29.3594207763672 28.4134883880615 28.5301990509033 27.7839698791504 28.0653858184814 28.0635585784912 27.8258075714111 25.7955703735352 25.8822250366211 25.7158374786377 26.0552806854248 26.9155979156494 25.6867408752441 26.1563777923584 25.2603931427002 24.3314323425293 24.6114940643311 24.9330444335938 24.8891620635986 25.5650157928467 26.191858291626 26.0705108642578 26.2673168182373 25.3512172698975 24.9722633361816 23.9173603057861 23.3534488677979 22.4469375610352 22.7597198486328 22.7734565734863 22.8978443145752 20.4459552764893 17.5903015136719 17.6390800476074 21.0290336608887 17.4321441650391 17.641149520874 17.5403499603271
25.8335113525391 26.4227886199951 26.9991207122803 27.7572040557861 29.1051940917969 29.1202049255371 28.4707508087158 29.6568565368652 29.4844627380371 29.1563549041748 28.0572929382324 28.5164833068848 27.8946590423584 27.633975982666 28.2421703338623 28.063060760498 27.7173728942871 26.0676784515381 26.3078784942627 26.2887477874756 26.2283191680908 26.1540718078613 25.7481098175049 24.8510055541992 24.6576538085938 24.7065048217773 24.2641754150391 25.5352230072021 26.2927131652832 25.7531356811523 26.5308704376221 25.177942276001 24.1615676879883 24.0443687438965 23.5516300201416 23.2556610107422 23.2231674194336 22.6574821472168 22.0492305755615 21.6399402618408 22.6715888977051 22.6522617340088 20.2722263336182 20.3705406188965 17.6300716400146 18.4901275634766
26.3275775909424 26.8735466003418 27.0034866333008 27.8323669433594 28.0497093200684 27.8370971679688 28.0365180969238 29.0964050292969 29.0727386474609 28.6170692443848 29.1180419921875 29.0481262207031 29.1112728118896 28.3303661346436 28.399507522583 28.456018447876 27.3334522247314 26.8405017852783 25.9469337463379 26.3022632598877 26.1253643035889 25.5258941650391 25.3719882965088 24.999195098877 24.4649391174316 23.8203964233398 24.2023487091064 25.7854614257812 26.0453586578369 26.1984920501709 26.4828109741211 26.6764659881592 25.1798305511475 24.0939102172852 23.3798236846924 24.2211990356445 23.801248550415 23.1297817230225 22.3297843933105 22.3138198852539 24.0411262512207 23.8794479370117 23.5443572998047 22.7267932891846 19.4946746826172 18.8245811462402
27.2750549316406 27.1743907928467 28.0527019500732 28.8961849212646 29.3911609649658 28.1013221740723 28.1809883117676 29.4596347808838 29.433744430542 28.7845478057861 29.2252902984619 28.8832855224609 28.8533058166504 28.5012302398682 27.5985050201416 27.9902038574219 25.8272342681885 24.5655117034912 26.0060195922852 25.6652164459229 25.6457138061523 25.7815113067627 25.2849407196045 25.0583553314209 24.654577255249 24.6510448455811 24.9613075256348 26.0626201629639 26.6853618621826 25.7692642211914 26.2532596588135 26.2656059265137 26.529541015625 25.7209377288818 25.0812664031982 24.0487098693848 24.0035934448242 24.0830936431885 23.6605033874512 25.1685180664062 24.2170085906982 23.9013271331787 18.9101905822754 20.5694580078125 18.1701602935791 17.5384864807129
26.8522357940674 28.1376132965088 28.0042285919189 28.1137866973877 29.3068618774414 28.5070838928223 29.1355075836182 28.789831161499 29.3782939910889 28.3794708251953 29.3657875061035 28.8812313079834 28.8881664276123 28.317232131958 27.9437217712402 27.4565048217773 27.4855690002441 25.8544769287109 24.7672138214111 25.1861152648926 25.2638092041016 25.7606601715088 25.1589088439941 25.2765827178955 24.9193248748779 24.7249202728271 26.3163471221924 26.3380889892578 26.1926822662354 27.6517963409424 26.3805370330811 25.9519004821777 27.0551109313965 26.8981914520264 26.161937713623 25.5592308044434 25.1246948242188 25.1149215698242 24.6681690216064 24.8674793243408 24.1896591186523 21.7989158630371 17.2625617980957 17.5561580657959 17.7474365234375 16.5541210174561
27.6063499450684 27.6900424957275 28.311372756958 27.29514503479 27.8340435028076 26.7544498443604 27.4680023193359 28.8088684082031 29.3328170776367 29.145112991333 29.4609603881836 28.7005596160889 28.5659580230713 28.6459255218506 28.0624732971191 27.869213104248 28.3020248413086 27.868185043335 27.1766090393066 26.8192291259766 25.70827293396 25.4393939971924 25.9842319488525 25.6329040527344 25.2673740386963 24.8725929260254 26.3482933044434 26.9921131134033 26.5165996551514 26.7230930328369 26.5177116394043 25.4923553466797 25.1593208312988 25.1296863555908 25.52197265625 25.7199077606201 25.7619953155518 26.2396869659424 25.8558921813965 25.9747161865234 24.301664352417 19.8476142883301 18.3995609283447 18.6045436859131 18.438533782959 17.5508918762207
28.0867576599121 28.4491844177246 28.2624588012695 26.5452289581299 27.2368183135986 28.1942749023438 27.4056243896484 28.8367042541504 29.223123550415 28.8713512420654 29.3328762054443 29.0442123413086 29.3914127349854 28.9226455688477 28.5360069274902 28.3865928649902 28.1372356414795 27.8912658691406 27.5198574066162 26.5993175506592 25.2347412109375 26.3054008483887 26.7413158416748 25.6056900024414 25.184440612793 25.0658893585205 24.8469181060791 26.1043071746826 26.0016918182373 25.100658416748 26.0586414337158 25.04270362854 24.6611518859863 24.7274742126465 24.4621315002441 24.6134986877441 25.2742671966553 24.7746143341064 25.4360656738281 25.2138938903809 23.5684700012207 23.257833480835 20.4581813812256 19.8431987762451 19.1850337982178 19.128475189209
27.8008632659912 29.133207321167 28.2336368560791 27.4484729766846 25.9532718658447 28.2033729553223 29.5827083587646 27.729377746582 28.7214584350586 29.3228588104248 29.2238807678223 29.0745048522949 28.5854949951172 28.7470245361328 28.419246673584 28.61159324646 27.707857131958 27.300313949585 27.2615356445312 26.7670955657959 25.7360954284668 26.4192333221436 25.6325588226318 24.3313179016113 24.7185573577881 24.2917098999023 25.5803737640381 24.7836685180664 24.7572746276855 22.1941604614258 24.0331649780273 24.583833694458 24.8983116149902 24.586555480957 24.6482524871826 23.7626724243164 23.9142169952393 24.3055248260498 25.2608985900879 24.5924091339111 19.7623729705811 19.4702453613281 19.2033977508545 19.6973133087158 19.4721279144287 18.3943881988525
28.4084358215332 27.5593948364258 28.8872375488281 28.2043533325195 28.1077117919922 28.1099243164062 28.1192817687988 28.1998500823975 28.3582401275635 29.6721782684326 29.6825847625732 29.128080368042 29.0096435546875 29.2809925079346 29.0475521087646 27.9457931518555 27.3354473114014 27.3024826049805 27.321117401123 27.3516407012939 26.6990261077881 25.7926216125488 24.7853107452393 24.5903854370117 24.8816165924072 25.4832134246826 25.9838180541992 25.1156520843506 24.8058223724365 22.8845348358154 22.7157020568848 21.7504005432129 23.2714328765869 24.6469421386719 24.654598236084 22.8296680450439 22.7731742858887 22.4018421173096 22.1625900268555 18.6723690032959 18.6783809661865 18.00657081604 18.4685306549072 19.3053455352783 19.3564910888672 17.8740711212158
27.8277225494385 27.2942161560059 28.5834636688232 27.407735824585 27.5925121307373 27.6315326690674 26.4294128417969 27.1869373321533 28.2182197570801 28.5291290283203 29.2647609710693 29.3007278442383 29.1831855773926 28.6869945526123 29.0422058105469 28.9440040588379 28.2711582183838 26.9986534118652 27.5319499969482 27.0954818725586 26.9464740753174 26.3073654174805 24.9675388336182 24.8008995056152 24.3234558105469 24.9260005950928 25.7920513153076 24.9483222961426 25.1286315917969 24.7919864654541 24.7894439697266 23.7199306488037 23.4374980926514 22.2176036834717 18.3332500457764 17.2622566223145 17.3974285125732 17.1741580963135 17.1140613555908 17.3129844665527 17.4917869567871 17.5734786987305 17.8478336334229 18.6193161010742 18.9657363891602 18.5289897918701
27.7985916137695 27.1753826141357 27.2076587677002 28.4254322052002 28.1205883026123 28.2805347442627 26.8726863861084 26.0472354888916 26.9176273345947 27.7878971099854 29.0843620300293 29.4398918151855 29.3488941192627 29.1812114715576 28.1391258239746 27.7746429443359 27.7811527252197 27.392707824707 27.8429336547852 27.7292251586914 27.7206935882568 26.4738941192627 25.9227466583252 25.5183925628662 24.7260513305664 25.5143222808838 25.2310237884521 25.3495674133301 23.7830200195312 24.6605396270752 23.9135246276855 23.7148342132568 23.9143314361572 23.26637840271 21.8783283233643 16.8594417572021 16.5483436584473 16.458911895752 16.3300094604492 16.84596824646 17.4257030487061 18.9355239868164 17.4819450378418 18.4828472137451 17.9949493408203 17.9113540649414
27.4008903503418 26.919376373291 28.165355682373 28.1679553985596 28.40944480896 27.5366477966309 27.2285957336426 26.6087741851807 27.4927673339844 26.8197860717773 27.7426147460938 29.2272300720215 28.9525852203369 28.7533321380615 28.0739231109619 28.4137592315674 26.8050785064697 27.0847663879395 27.4586315155029 27.2581634521484 27.3617477416992 26.7304229736328 26.8354530334473 26.3131637573242 25.2867374420166 25.249439239502 24.9062538146973 24.8075752258301 25.2901515960693 24.3767547607422 23.3770484924316 22.3685836791992 24.2420883178711 24.490837097168 24.5077896118164 22.0834541320801 19.2260227203369 18.816873550415 17.875129699707 17.0022773742676 17.726261138916 17.7291240692139 17.7628364562988 18.1843070983887 18.1117649078369 17.8110942840576
