inst/extdata/Tmax/Tmax16.asc
NCOLS 100 
NROWS 79 
XLLCORNER 148.06 
YLLCORNER -21.49 
CELLSIZE 0.01 
NODATA_value -3.4e+38 
[rows 0 to 19 of 79, columns 0 to 45 of 100]
33.508602142333999 33.6421966552734 33.0966415405273 33.9992218017578 33.9639053344727 34.1411361694336 34.0780029296875 33.7479934692383 33.4874229431152 33.651538848877 33.2943153381348 33.306713104248 33.3070335388184 32.4242362976074 32.7438354492188 32.9955253601074 33.0980453491211 33.1235580444336 31.9053592681885 31.4432277679443 30.5432662963867 29.3296051025391 29.7114963531494 30.799337387085 31.2816295623779 31.824779510498 31.4118270874023 31.3382682800293 31.6351089477539 31.3020286560059 29.4068183898926 27.8331260681152 25.6065502166748 25.7394599914551 24.7079391479492 23.5786628723145 23.1439723968506 22.8797512054443 23.3793144226074 24.8812465667725 26.1710357666016 26.3788146972656 26.7394886016846 32.1884498596191 31.7677688598633 30.7348346710205
34.200553894043 33.2485313415527 31.9772777557373 32.6425590515137 32.7153244018555 33.5499038696289 33.865550994873 33.9297370910645 34.4306716918945 34.5200958251953 33.9846954345703 33.0637245178223 33.643180847168 32.6692504882812 32.954891204834 32.6206550598145 33.3198509216309 33.0883750915527 32.4853973388672 31.6603126525879 31.7515487670898 30.9653377532959 30.6975536346436 31.0102939605713 31.3424110412598 31.7805271148682 32.0763282775879 32.0251350402832 31.7218914031982 31.2960376739502 30.3491802215576 28.6712322235107 26.2041854858398 28.5525493621826 25.4289073944092 24.274751663208 23.7262401580811 24.5805187225342 25.4461879730225 25.9666080474854 26.9169750213623 26.8289279937744 29.957706451416 30.727970123291 31.3409442901611 30.1992607116699
34.04443359375 33.2234535217285 33.2015686035156 33.7029762268066 33.1398620605469 33.4463310241699 33.7537422180176 34.1108207702637 34.4451332092285 34.5324668884277 34.0646476745605 33.3254508972168 33.6311264038086 33.1818580627441 32.6584053039551 32.6962013244629 32.7183380126953 32.9512214660645 32.2463035583496 31.7635631561279 31.258243560791 31.5702590942383 31.0941505432129 31.3388862609863 31.962984085083 32.0553169250488 32.0592193603516 32.0119247436523 32.1837577819824 31.6705493927002 31.8784980773926 30.6694183349609 31.6185817718506 28.7164287567139 30.7228164672852 24.8961906433105 23.9710712432861 23.7384929656982 24.6424217224121 25.4676361083984 26.706693649292 32.6304321289062 32.4412307739258 29.0115661621094 28.8475570678711 31.382438659668
34.5533142089844 34.3958892822266 33.4989624023438 34.3834838867188 33.7095146179199 33.2628936767578 33.7538414001465 34.0330505371094 34.2785491943359 34.4648513793945 34.2606239318848 33.7187767028809 33.616870880127 33.6362648010254 33.3542938232422 33.3000564575195 33.3179931640625 32.8456611633301 32.6701469421387 31.755859375 31.5413684844971 31.3291511535645 31.3906402587891 31.3928623199463 31.8649501800537 31.9706783294678 31.9701251983643 31.8794727325439 31.5752239227295 30.9317302703857 30.9649066925049 31.9845390319824 30.7973384857178 28.9120903015137 25.081672668457 24.309045791626 24.425464630127 23.9314975738525 23.8882522583008 23.4875755310059 24.7609062194824 26.3194236755371 29.5875358581543 33.0614700317383 27.2421321868896 27.288761138916
35.1062660217285 34.4332885742188 34.3104972839355 34.7220039367676 34.3610877990723 34.0072250366211 33.3678016662598 34.146598815918 34.9146614074707 34.2648658752441 34.4286918640137 34.0425415039062 33.9834747314453 33.8873138427734 33.4794273376465 33.0773315429688 33.0391311645508 32.5318260192871 31.923490524292 31.2784843444824 31.2467575073242 31.6709804534912 31.6470527648926 31.8094177246094 31.4949245452881 31.4763278961182 32.4824600219727 31.7846393585205 31.6544799804688 31.937858581543 31.204008102417 31.4104595184326 30.6922206878662 29.9823513031006 30.5893993377686 25.5951728820801 25.1411952972412 24.7293281555176 23.4774932861328 23.5191078186035 23.4104557037354 26.1576957702637 28.9132099151611 30.8211421966553 26.7986278533936 26.0890426635742
35.601016998291 35.0258407592773 34.4412574768066 34.6384696960449 34.7920684814453 34.3051719665527 34.3088874816895 34.4210777282715 34.5437774658203 34.4009590148926 34.2800178527832 34.609504699707 34.1605834960938 33.7147026062012 32.929084777832 33.0800247192383 33.002067565918 32.3023529052734 31.6899452209473 31.1712055206299 31.1823234558105 31.7651672363281 31.7652378082275 31.670804977417 32.3548393249512 31.9638175964355 32.0478324890137 31.1979427337646 30.9972057342529 30.5603008270264 29.5085506439209 30.373987197876 30.9999580383301 30.1819915771484 29.8104686737061 30.1230773925781 25.7049427032471 25.224967956543 24.7526111602783 24.3478164672852 23.5817050933838 25.361083984375 29.996826171875 28.8885383605957 27.053071975708 24.8335857391357
34.6321601867676 35.2446136474609 35.1883392333984 35.4323463439941 34.8999443054199 34.6284255981445 33.8488616943359 34.0148544311523 34.5259628295898 34.6522407531738 34.8832359313965 34.8997917175293 33.9652481079102 33.385871887207 33.289794921875 33.3277130126953 32.8445281982422 32.2176856994629 31.7572154998779 31.2677993774414 30.7722969055176 31.3874893188477 31.7425765991211 31.8885707855225 32.0915832519531 32.4441413879395 32.3161392211914 31.5557250976562 31.4018573760986 29.8759632110596 28.9887008666992 28.1255970001221 29.138090133667 29.8838481903076 29.8355197906494 29.4014186859131 26.0109462738037 24.5738735198975 24.6088199615479 24.531925201416 24.4843788146973 25.7325649261475 30.8905792236328 31.8822402954102 27.3232688903809 30.456844329834
35.303394317627 34.7723083496094 35.5569114685059 35.6549301147461 35.0167503356934 34.8073692321777 33.9102363586426 34.0285568237305 34.4861755371094 34.5633926391602 34.4612312316895 34.3180198669434 33.6801452636719 34.1052169799805 33.8925628662109 32.7912254333496 32.4649353027344 31.8476905822754 32.3274574279785 31.1709461212158 30.2929859161377 30.7712020874023 31.1596412658691 32.0167083740234 32.1590881347656 32.4003486633301 32.241096496582 31.376594543457 30.9905700683594 30.6462059020996 28.7841987609863 28.2625770568848 28.9005813598633 28.5512619018555 28.9873962402344 29.3693084716797 25.3072109222412 24.5796928405762 24.3427295684814 24.7152519226074 24.7913379669189 25.5910797119141 26.3471164703369 27.1816253662109 27.2591800689697 25.5293579101562
34.6252784729004 35.2013053894043 34.8544616699219 34.9999923706055 34.9180870056152 34.9176712036133 34.5699920654297 33.9087219238281 34.229866027832 34.5031585693359 34.5798072814941 34.9796295166016 35.2298240661621 34.1069450378418 33.7740325927734 32.6602592468262 32.4016532897949 32.345817565918 32.51806640625 31.3943634033203 31.3711090087891 30.9919776916504 31.2852478027344 31.9816551208496 32.3052062988281 32.5251808166504 31.761547088623 30.3403911590576 30.7552528381348 30.6027793884277 29.6618995666504 28.7762851715088 28.515453338623 27.7607841491699 30.1411571502686 28.2213764190674 29.1100482940674 29.380443572998 24.4935703277588 24.3672542572021 24.3783702850342 24.5215454101562 24.8114318847656 25.9898586273193 26.4646129608154 25.4549827575684
34.0915298461914 34.8874092102051 35.0757064819336 35.548641204834 34.9281616210938 35.0152549743652 34.583366394043 34.1865386962891 34.4228935241699 34.1895523071289 34.5343933105469 34.6624069213867 33.7607154846191 33.6363983154297 33.5582427978516 33.3022613525391 33.1095352172852 32.8235893249512 32.3219947814941 32.2132530212402 32.2632331848145 31.5197010040283 31.8337059020996 32.4187660217285 33.0021934509277 32.8979225158691 31.9226894378662 31.3622589111328 30.7088432312012 29.6634349822998 29.0376510620117 28.7041873931885 28.5755577087402 29.2304210662842 29.6563282012939 27.9930324554443 25.0118598937988 28.2770824432373 25.0293407440186 24.1649723052979 24.1259307861328 23.8440399169922 24.2795886993408 25.0766983032227 25.0274715423584 24.8632526397705
34.5242652893066 35.4333267211914 35.1805458068848 34.6559219360352 35.3908920288086 35.5472221374512 35.0068435668945 34.5087623596191 34.5755424499512 34.474422454834 34.7545471191406 34.2682456970215 34.0641670227051 33.0974082946777 33.1895980834961 33.1268310546875 33.0213623046875 33.0925178527832 32.7656364440918 32.7510681152344 31.6983089447021 31.689582824707 31.486837387085 32.2131271362305 32.3753623962402 33.2058944702148 31.7142715454102 30.0222358703613 29.4635066986084 29.2549610137939 28.8975353240967 29.333776473999 29.8624954223633 29.8220462799072 29.4246063232422 27.6706523895264 25.1441326141357 24.8510894775391 24.8971290588379 24.1756343841553 24.2418117523193 23.8002090454102 23.6963348388672 24.3008728027344 24.6713581085205 24.9059143066406
35.0775871276855 34.4579849243164 34.8625984191895 34.9816970825195 35.0445785522461 35.9769668579102 35.2938499450684 34.6240653991699 34.4058876037598 34.5784187316895 34.2704086303711 34.7754707336426 34.4903869628906 34.0421867370605 33.8096542358398 33.5019416809082 33.6218910217285 33.3992614746094 33.219123840332 32.6291465759277 31.9195289611816 31.5285568237305 31.929443359375 31.8382930755615 31.612325668335 32.0951728820801 30.7727718353271 30.1608562469482 29.7095718383789 29.9056205749512 30.1587333679199 30.1306476593018 29.9797058105469 29.5599212646484 29.4994525909424 28.4250373840332 29.2562656402588 24.3406677246094 24.846960067749 25.0235252380371 24.8628349304199 24.592170715332 23.7865314483643 24.4378261566162 24.5766353607178 24.5556697845459
35.1787338256836 35.1280937194824 35.0564384460449 35.7526626586914 35.613410949707 35.6774520874023 35.0161323547363 34.3819923400879 34.6729164123535 35.5614166259766 34.5798835754395 34.9219093322754 34.2793579101562 34.7252960205078 34.2608528137207 33.9364738464355 34.4028968811035 33.8728446960449 33.6376724243164 32.4749565124512 32.3055000305176 32.6495704650879 32.6228370666504 32.9825897216797 32.8547325134277 32.4090270996094 32.054443359375 31.3336753845215 30.5799236297607 30.2835826873779 31.0917072296143 30.8208312988281 30.6588039398193 30.2603759765625 29.0041694641113 28.3341197967529 27.2576942443848 28.4140396118164 27.245174407959 25.5579795837402 24.2946472167969 24.0389556884766 23.6849403381348 23.4496574401855 24.898323059082 25.1162986755371
35.7531394958496 35.9026260375977 34.5810279846191 35.0657768249512 34.6287956237793 34.6304512023926 35.3652267456055 34.7953567504883 35.028003692627 34.9240074157715 34.8662452697754 34.6824073791504 34.3242607116699 33.8749885559082 34.2145919799805 33.8247947692871 34.1556739807129 33.8721313476562 33.6936187744141 33.0457458496094 33.2535629272461 33.303466796875 33.0734405517578 33.1479415893555 32.4869842529297 31.0107345581055 30.598539352417 30.6188564300537 30.0127792358398 30.2515659332275 31.0603923797607 30.8380146026611 30.491527557373 29.7629947662354 29.1004619598389 30.6443500518799 29.1422119140625 25.4753379821777 29.4716053009033 30.7403812408447 30.0407962799072 25.5231533050537 24.7044620513916 24.5884685516357 24.9397850036621 25.6527729034424
34.4842376708984 34.5177879333496 34.9046096801758 35.3160095214844 35.0793075561523 34.8589553833008 34.8552169799805 35.5704383850098 34.5997695922852 34.3407020568848 34.3125228881836 34.11474609375 33.6102638244629 33.4733543395996 33.7110137939453 33.3084106445312 33.9887657165527 33.9726257324219 33.8009414672852 33.8895149230957 33.6063575744629 33.0318222045898 32.4176406860352 32.4198875427246 32.3210525512695 32.1962280273438 31.9023323059082 31.3822994232178 30.8858985900879 31.4990005493164 30.8403148651123 31.2184753417969 31.0986442565918 31.07887840271 30.686429977417 29.4333744049072 30.0049304962158 29.6697731018066 29.3779258728027 30.6717357635498 30.3883800506592 30.4707565307617 25.4641532897949 24.7291259765625 25.0587120056152 25.8882293701172
33.1350326538086 34.3601341247559 35.0925559997559 34.7557144165039 35.4537925720215 35.3997001647949 35.1811027526855 34.7669639587402 35.3739891052246 34.969123840332 33.5933837890625 34.1518516540527 33.1885414123535 32.427188873291 33.2886161804199 33.2036781311035 32.6408462524414 33.1500511169434 33.8980712890625 33.6216735839844 33.4564933776855 33.2397651672363 33.1539268493652 33.1578063964844 32.8876075744629 32.5807876586914 32.7580795288086 32.3033676147461 32.1204872131348 31.8167724609375 31.6035938262939 31.012788772583 31.0338191986084 31.3744297027588 31.209659576416 31.1240158081055 31.5112190246582 29.943021774292 31.2914962768555 31.6802310943604 30.9293842315674 29.5432548522949 24.8123989105225 24.0379467010498 24.577953338623 25.1439838409424
34.1606216430664 33.0893058776855 34.3283538818359 35.2815971374512 34.2411880493164 34.2055282592773 35.3812370300293 34.6758155822754 34.6212196350098 34.9868316650391 34.0246429443359 33.8981399536133 32.8889312744141 32.3161544799805 33.0462417602539 32.0502090454102 32.0386123657227 32.8265609741211 32.8389472961426 33.0656127929688 33.5162353515625 33.4061660766602 32.8731384277344 32.9739074707031 32.4302825927734 31.9391593933105 31.4081077575684 31.7166500091553 32.1855850219727 31.2481842041016 30.9143676757812 30.3884620666504 30.5571956634521 31.1923370361328 31.4404315948486 31.1993045806885 31.6957588195801 31.7736740112305 31.3255500793457 30.7294025421143 30.8962631225586 29.4761848449707 28.4157485961914 25.3315143585205 24.7346897125244 25.4244632720947
34.5452499389648 34.3219261169434 34.3469085693359 35.4962043762207 34.7263870239258 35.1037101745605 35.6369132995605 35.664363861084 35.9239120483398 35.7239990234375 35.4521636962891 35.0453262329102 33.1447448730469 32.5725784301758 32.8791847229004 32.3495178222656 32.023193359375 31.8860759735107 31.2194576263428 32.4381866455078 33.0641632080078 33.7719879150391 34.005931854248 33.4016647338867 32.1740036010742 30.8401699066162 30.2864151000977 30.8181457519531 31.6148319244385 31.2916450500488 30.9926605224609 31.7059268951416 31.5279693603516 31.4296169281006 32.1023406982422 31.2215347290039 30.8490657806396 30.9438877105713 31.3918209075928 31.3668556213379 31.6826515197754 31.3301162719727 30.1837272644043 29.6736373901367 26.8571624755859 26.5145740509033
35.5464820861816 34.307502746582 33.9094085693359 34.4506683349609 34.5046730041504 35.1096115112305 35.907283782959 35.1122016906738 36.0073585510254 35.6945762634277 34.5916404724121 34.7994575500488 33.9007110595703 31.2971782684326 31.5344142913818 30.8245105743408 31.2593955993652 30.7345275878906 31.7129936218262 32.6821899414062 33.6620063781738 33.4167060852051 33.9088478088379 33.7984390258789 32.606559753418 31.4786586761475 30.1775360107422 30.5064735412598 31.9404106140137 31.1971206665039 31.4208755493164 32.0603866577148 32.8008575439453 32.7566795349121 32.005672454834 31.6550407409668 31.1728286743164 31.248592376709 31.851806640625 31.78369140625 31.8229179382324 31.7069644927979 31.3946952819824 31.3139743804932 29.6848468780518 26.5956039428711
34.4256935119629 34.4468803405762 34.8174247741699 34.507511138916 35.1085891723633 34.9862060546875 35.9004898071289 35.8769607543945 34.8394203186035 35.1681938171387 35.5703048706055 34.893684387207 34.0380096435547 30.9971046447754 31.4252109527588 31.5210132598877 31.1245746612549 31.4047546386719 31.378833770752 32.3588676452637 33.434009552002 33.198055267334 33.6272735595703 33.7052268981934 33.3378524780273 32.3762512207031 31.3657455444336 31.0437316894531 31.7041206359863 31.9741840362549 32.5233039855957 32.9435844421387 32.776927947998 32.7867088317871 32.8696212768555 31.8879375457764 31.256664276123 31.0989761352539 31.0423622131348 31.5029220581055 32.2554779052734 31.8404235839844 30.8573436737061 31.0968894958496 30.0061435699463 29.4281730651855
