inst/extdata/Tmax/Tmax47.asc
NCOLS 100 
NROWS 79 
XLLCORNER 148.06 
YLLCORNER -21.49 
CELLSIZE 0.01 
NODATA_value -3.4e+38 
[rows 0 to 19 of 79, columns 0 to 45 of 100]
34.308414459228501 34.4138717651367 33.757266998291 34.7277679443359 34.731990814209 34.9918327331543 34.9816246032715 34.7001037597656 34.4543342590332 34.611442565918 34.2003173828125 34.2030448913574 34.2113380432129 33.1657409667969 33.5751304626465 33.9105186462402 34.096321105957 34.138111114502 32.811336517334 32.2679901123047 31.3656158447266 30.0361938476562 30.4988079071045 31.802885055542 32.3903274536133 32.9978675842285 32.5860862731934 32.5432891845703 32.8070526123047 32.4318885803223 30.4136085510254 28.5774478912354 26.5622806549072 26.7023696899414 25.5093994140625 24.2373104095459 23.8074283599854 23.5068607330322 24.1403350830078 25.9483699798584 27.5185928344727 27.7990341186523 28.2688007354736 33.758716583252 33.3332557678223 32.2802047729492
34.9566116333008 33.9519195556641 32.5978698730469 33.2940330505371 33.3096771240234 34.2873802185059 34.708610534668 34.8449783325195 35.3887367248535 35.4802589416504 34.9108772277832 33.9630546569824 34.5815773010254 33.5621185302734 33.8425598144531 33.510929107666 34.2974281311035 34.0925712585449 33.3520126342773 32.4566078186035 32.6474456787109 31.8437747955322 31.5786838531494 31.9811191558838 32.4110145568848 32.9015998840332 33.269588470459 33.2316627502441 32.9124641418457 32.4708213806152 31.4020977020264 29.5254039764404 27.2638359069824 29.5657367706299 26.3566493988037 25.0756168365479 24.4830894470215 25.4136219024658 26.4674701690674 27.1958446502686 28.4020290374756 28.3605632781982 31.5162773132324 32.2994689941406 32.9016532897949 31.7515830993652
34.7792282104492 33.8657989501953 33.8796615600586 34.4188842773438 33.8114013671875 34.1537933349609 34.541934967041 35.0090026855469 35.3949127197266 35.4813461303711 34.9877166748047 34.2506217956543 34.5629806518555 34.1262626647949 33.5751037597656 33.6100158691406 33.6884956359863 33.9687652587891 33.1901969909668 32.6976051330566 32.1893539428711 32.4716720581055 31.9795188903809 32.2639656066895 33.0494995117188 33.2105484008789 33.2085990905762 33.1801681518555 33.3737182617188 32.8273620605469 33.0671615600586 31.7122497558594 32.7236938476562 29.6408023834229 31.620288848877 25.7160091400146 24.7345600128174 24.450023651123 25.5320911407471 26.5712928771973 28.0753345489502 34.1375923156738 33.9901733398438 30.5781402587891 30.4133262634277 32.9510955810547
35.3017997741699 35.1139068603516 34.1892433166504 35.1874923706055 34.4559020996094 33.9671897888184 34.5364685058594 34.9273300170898 35.223258972168 35.4085502624512 35.2017860412598 34.6772270202637 34.5794525146484 34.592945098877 34.2609367370605 34.200138092041 34.2998008728027 33.8578948974609 33.6664886474609 32.6957321166992 32.449779510498 32.1996650695801 32.2942504882812 32.3113174438477 32.9023666381836 33.1060180664062 33.0641403198242 33.0437126159668 32.7286148071289 31.9631748199463 32.1147575378418 33.1717948913574 31.8756046295166 29.8066673278809 25.9078979492188 25.0221118927002 25.2026519775391 24.6530323028564 24.6125793457031 24.1579208374023 25.6936836242676 27.7388916015625 31.1091575622559 34.6174049377441 28.7950992584229 28.850830078125
35.9263916015625 35.1869621276855 35.0486640930176 35.5464859008789 35.1693344116211 34.7364616394043 34.124828338623 35.0289421081543 35.8443450927734 35.1532211303711 35.3395652770996 35.012336730957 34.9538040161133 34.8318290710449 34.3846855163574 34.0300598144531 34.0286712646484 33.4993667602539 32.8355331420898 32.0934753417969 32.1114807128906 32.5858764648438 32.604606628418 32.8216781616211 32.5300712585449 32.4762878417969 33.6352729797363 32.8909454345703 32.7596244812012 32.9794158935547 32.3302688598633 32.5290756225586 31.7788372039795 30.9252071380615 31.4706020355225 26.5476455688477 26.0669422149658 25.5893859863281 24.2741928100586 24.2226753234863 24.0806732177734 27.4050827026367 30.4010944366455 32.3572044372559 28.3014316558838 27.5236511230469
36.4262809753418 35.8354034423828 35.1607131958008 35.4487075805664 35.636360168457 35.1023139953613 35.0839767456055 35.2926826477051 35.4652976989746 35.2950973510742 35.1773643493652 35.5773544311523 35.1233177185059 34.6518745422363 33.7780113220215 34.0360641479492 33.9669647216797 33.2133522033691 32.5325508117676 31.9680461883545 32.0156898498535 32.6631469726562 32.737419128418 32.6646385192871 33.422550201416 33.0346069335938 33.1564826965332 32.1956787109375 32.0161209106445 31.4210224151611 30.5118503570557 31.4849376678467 32.150447845459 31.2959594726562 30.88498878479 31.2086982727051 26.6730442047119 26.1351280212402 25.6318111419678 25.119421005249 24.295991897583 26.520320892334 31.4647598266602 30.4090614318848 28.5545024871826 26.0398540496826
35.4528198242188 36.067081451416 35.9701309204102 36.265079498291 35.7465324401855 35.4337005615234 34.5726280212402 34.8514518737793 35.4170112609863 35.590274810791 35.8334999084473 35.8470077514648 34.8605804443359 34.3229675292969 34.2440338134766 34.2793464660645 33.7857437133789 33.0866088867188 32.612434387207 32.0948791503906 31.5275459289551 32.1979103088379 32.6518478393555 32.8863983154297 33.1747360229492 33.5364837646484 33.4357757568359 32.6011734008789 32.40625 30.7019481658936 29.8367385864258 29.0159206390381 30.2134685516357 31.0119113922119 30.9046993255615 30.4737071990967 27.009557723999 25.3681716918945 25.4628047943115 25.3369483947754 25.2852725982666 26.8468189239502 32.3328628540039 33.373477935791 28.8158149719238 31.7271003723145
36.106990814209 35.5887718200684 36.3618812561035 36.487548828125 35.8649711608887 35.6321563720703 34.6610145568848 34.7804985046387 35.3119201660156 35.4712142944336 35.4114837646484 35.2406730651855 34.5088768005371 34.9941444396973 34.8444175720215 33.646053314209 33.3341102600098 32.6132431030273 33.102108001709 31.928991317749 30.9662570953369 31.5412635803223 32.0223960876465 32.9971733093262 33.247501373291 33.5142555236816 33.3030853271484 32.3820915222168 31.9867935180664 31.5337295532227 29.4807243347168 29.0274353027344 29.7412643432617 29.5128784179688 30.0382537841797 30.3383102416992 26.3127460479736 25.459774017334 25.0833263397217 25.5229740142822 25.6550960540771 26.6652526855469 27.6275882720947 28.6368560791016 28.7286853790283 26.7290115356445
35.3902549743652 36.0068702697754 35.6691398620605 35.8304634094238 35.7548828125 35.7340126037598 35.3485298156738 34.6320495605469 35.0038604736328 35.3887481689453 35.5167465209961 35.9318046569824 36.1673545837402 35.0404052734375 34.6660003662109 33.4448699951172 33.2412605285645 33.1662101745605 33.3835678100586 32.1289443969727 32.1269912719727 31.7462844848633 32.0773620605469 32.9103050231934 33.3618202209473 33.6388473510742 32.7315979003906 31.1832599639893 31.6345291137695 31.4884223937988 30.4712333679199 29.5189876556396 29.2107162475586 28.5512199401855 31.104829788208 29.1041164398193 29.9775257110596 30.2615699768066 25.2428894042969 25.0865058898926 25.1544094085693 25.336841583252 25.7997627258301 27.2855815887451 27.8741626739502 26.6587181091309
34.7896385192871 35.6709899902344 35.8829536437988 36.3657569885254 35.7417755126953 35.8304481506348 35.3880767822266 34.9349327087402 35.1387100219727 35.0436515808105 35.4540710449219 35.5349426269531 34.5322685241699 34.4413757324219 34.4034690856934 34.1657867431641 34.0025787353516 33.7140884399414 33.1986236572266 33.0584678649902 33.0752449035645 32.2502593994141 32.6406440734863 33.3926963806152 34.0817985534668 33.9819030761719 32.9019470214844 32.336784362793 31.6169204711914 30.5063724517822 29.6999969482422 29.328577041626 29.3928985595703 30.0462474822998 30.4597148895264 28.7796649932861 25.7862815856934 29.1210536956787 25.8060626983643 24.8432846069336 24.8307342529297 24.483118057251 25.0794696807861 26.094799041748 26.1251087188721 25.8765926361084
35.1511993408203 36.1354904174805 35.9729232788086 35.4610023498535 36.2065315246582 36.3752136230469 35.8255882263184 35.285228729248 35.3719100952148 35.3350296020508 35.664421081543 35.1348648071289 34.8947982788086 33.8234443664551 33.9665565490723 33.9760284423828 33.916748046875 34.047492980957 33.6625938415527 33.6357307434082 32.5355606079102 32.488037109375 32.3199806213379 33.1684684753418 33.4339828491211 34.2704925537109 32.6758460998535 30.876277923584 30.173547744751 29.9859104156494 29.59153175354 30.041711807251 30.733455657959 30.6718196868896 30.1484031677246 28.3746700286865 25.9483852386475 25.6299476623535 25.6354694366455 24.8472728729248 24.9447650909424 24.485034942627 24.3490772247314 25.0949077606201 25.5611152648926 25.8727684020996
35.6602058410645 35.0741233825684 35.6369361877441 35.7750129699707 35.8513603210449 36.7948455810547 36.1111030578613 35.4050941467285 35.2168006896973 35.4615135192871 35.1690101623535 35.6660690307617 35.3382225036621 34.8265495300293 34.5989952087402 34.3677215576172 34.5685729980469 34.3685836791992 34.1640930175781 33.5138778686523 32.7380218505859 32.3142623901367 32.7653923034668 32.7234344482422 32.5595741271973 33.127986907959 31.6529216766357 30.9288845062256 30.3997383117676 30.6560745239258 30.9420204162598 30.9236888885498 30.8656845092773 30.3777542114258 30.2972888946533 29.2299537658691 30.0140209197998 25.0247707366943 25.6392192840576 25.8772201538086 25.6670570373535 25.3464374542236 24.4792709350586 25.2269458770752 25.4779758453369 25.5497913360596
35.7676963806152 35.8250007629395 35.8138160705566 36.5265235900879 36.4069786071777 36.4839172363281 35.8335266113281 35.1556167602539 35.485237121582 36.43701171875 35.4596138000488 35.814567565918 35.1564064025879 35.6393127441406 35.1807060241699 34.876636505127 35.3701400756836 34.8499145507812 34.5969314575195 33.3621368408203 33.1671447753906 33.5655174255371 33.6106910705566 34.0382614135742 33.906665802002 33.4056053161621 33.0380935668945 32.2536125183105 31.457971572876 31.1521434783936 31.994161605835 31.711612701416 31.5554027557373 31.0804252624512 29.7521934509277 29.0300388336182 27.8906383514404 29.251335144043 28.1550140380859 26.4821701049805 25.016637802124 24.7729778289795 24.3634052276611 24.1066741943359 25.796257019043 26.1361045837402
36.3978996276855 36.6085510253906 35.3193397521973 35.8159866333008 35.4009017944336 35.4245948791504 36.1754341125488 35.6170234680176 35.8396263122559 35.7793121337891 35.7386436462402 35.5699501037598 35.2161407470703 34.7720108032227 35.1158599853516 34.7356910705566 35.118465423584 34.8435211181641 34.6624908447266 34.0176391601562 34.2304267883301 34.2992782592773 34.0551986694336 34.1758422851562 33.4563217163086 31.8218765258789 31.423791885376 31.3969173431396 30.7202987670898 31.1126194000244 31.9935550689697 31.7893352508545 31.3339691162109 30.5758724212646 29.9158916473389 31.4732151031494 29.9926223754883 26.2960166931152 30.4234943389893 31.7778644561768 31.0099391937256 26.4383449554443 25.5351848602295 25.3514747619629 25.9072303771973 26.7337131500244
34.9853935241699 35.1358642578125 35.6217765808105 36.0442504882812 35.8089370727539 35.6298484802246 35.6441230773926 36.3527069091797 35.3311309814453 35.1037788391113 35.1592903137207 34.9522514343262 34.3774757385254 34.2939491271973 34.5888824462891 34.110725402832 34.8943901062012 34.937572479248 34.7806434631348 34.8841018676758 34.6146354675293 33.990348815918 33.2833824157715 33.3807830810547 33.2743835449219 33.1237297058105 32.8404426574707 32.2841491699219 31.7463607788086 32.4292106628418 31.7859783172607 32.1424598693848 31.967456817627 32.0142593383789 31.6390743255615 30.2466220855713 30.9401988983154 30.4829406738281 30.2697906494141 31.7234172821045 31.4612369537354 31.522762298584 26.4076499938965 25.5548286437988 26.0169677734375 27.0081024169922
33.4879570007324 34.8881530761719 35.7700881958008 35.4796829223633 36.1893424987793 36.1543960571289 35.9430236816406 35.5326881408691 36.1247482299805 35.6540069580078 34.2340660095215 34.9449615478516 33.8605537414551 33.0705871582031 34.1054153442383 33.9808349609375 33.4389610290527 34.0575332641602 34.8350944519043 34.5832176208496 34.4442863464355 34.2491874694824 34.161792755127 34.1458358764648 33.8219032287598 33.4692764282227 33.6737098693848 33.233024597168 33.0634727478027 32.750171661377 32.5301513671875 31.8932476043701 31.8899555206299 32.3682708740234 32.205753326416 32.0960159301758 32.5115127563477 30.8666362762451 32.1785850524902 32.7116470336914 32.021297454834 30.5471229553223 25.6231365203857 24.6898441314697 25.326530456543 26.2143802642822
34.6441078186035 33.5699844360352 34.9274559020996 35.9360160827637 34.9587745666504 34.941349029541 36.1216735839844 35.4153709411621 35.357250213623 35.6958084106445 34.6481094360352 34.6171073913574 33.4575347900391 32.8683052062988 33.7433204650879 32.7462692260742 32.6462783813477 33.6430854797363 33.6784400939941 33.9256706237793 34.4473724365234 34.3931694030762 33.8665199279785 33.9128761291504 33.2441787719727 32.6787185668945 32.107234954834 32.4953727722168 33.083194732666 32.0700302124023 31.7232437133789 31.0971298217773 31.4080982208252 32.2168617248535 32.4562683105469 32.2049827575684 32.7368583679199 32.7624320983887 32.2741661071777 31.7535076141357 31.9820785522461 30.3897895812988 29.1872024536133 26.1792278289795 25.6668949127197 26.4859142303467
35.0293083190918 34.8863563537598 34.9485816955566 36.1235656738281 35.4018516540527 35.8130035400391 36.3609580993652 36.3975524902344 36.653621673584 36.3982009887695 36.0837135314941 35.6398391723633 33.6977348327637 33.0919227600098 33.5027465820312 32.9730110168457 32.6744384765625 32.5322151184082 31.8475780487061 33.0862464904785 33.9321632385254 34.715503692627 34.9703941345215 34.3712844848633 33.061222076416 31.5552005767822 30.8045501708984 31.4881057739258 32.4416198730469 31.9850692749023 31.7714500427246 32.6098594665527 32.5086135864258 32.4850578308105 33.1671257019043 32.2752914428711 31.8439388275146 31.8192729949951 32.3708381652832 32.4118919372559 32.811408996582 32.4219779968262 31.2752914428711 30.7869644165039 27.9875144958496 27.5695095062256
36.0497512817383 34.8322868347168 34.4339370727539 35.0149154663086 35.1690826416016 35.7796669006348 36.6057739257812 35.83203125 36.7351188659668 36.3852272033691 35.1239700317383 35.3697776794434 34.426082611084 31.6780109405518 32.0452346801758 31.32253074646 31.7545356750488 31.1503372192383 32.2755126953125 33.3258171081543 34.5130920410156 34.2986373901367 34.8400611877441 34.7733955383301 33.4537773132324 32.1710624694824 30.7127304077148 31.1875991821289 32.7460403442383 31.9447631835938 32.2754211425781 33.0187149047852 33.8532066345215 33.8357276916504 33.0305557250977 32.6587104797363 32.1395950317383 32.1936378479004 32.915397644043 32.8885917663574 32.9610290527344 32.8569679260254 32.5493965148926 32.3775405883789 30.6267757415771 27.55615234375
34.9338684082031 34.9772186279297 35.3686065673828 35.0588073730469 35.7571601867676 35.6586265563965 36.5883483886719 36.5793228149414 35.5541915893555 35.8897857666016 36.2596321105957 35.4858093261719 34.5226974487305 31.3310012817383 31.8258686065674 31.9376392364502 31.5000019073486 31.8441886901855 31.877269744873 33.0411987304688 34.2722663879395 33.9904518127441 34.5672187805176 34.6425971984863 34.1959037780762 33.2174644470215 32.0544776916504 31.7749404907227 32.517463684082 32.7827796936035 33.4612731933594 33.9031524658203 33.8412399291992 33.8639831542969 33.9454917907715 32.9451560974121 32.1931381225586 32.090404510498 32.1059532165527 32.591495513916 33.3762092590332 32.9625015258789 31.9930057525635 32.1663284301758 31.08811378479 30.5129776000977
