inst/extdata/Tmax/Tmax52.asc
NCOLS 100 
NROWS 79 
XLLCORNER 148.06 
YLLCORNER -21.49 
CELLSIZE 0.01 
NODATA_value -3.4e+38 
[rows 40 to 59 of 79, columns 0 to 45 of 100]
29.518281936645501 29.1554412841797 30.0572528839111 30.722038269043 29.9087829589844 29.8032894134521 29.7997417449951 29.7862491607666 29.026798248291 29.4540309906006 30.1484317779541 31.6688404083252 32.1649360656738 31.1699752807617 31.2657222747803 30.8052883148193 30.6634635925293 29.9536628723145 29.2366809844971 29.5602951049805 29.5601177215576 29.6694412231445 29.6436996459961 29.5971927642822 27.8591766357422 27.982931137085 27.1977252960205 27.2388572692871 27.6040458679199 26.4870586395264 25.4376602172852 24.4895553588867 26.3028450012207 26.0900611877441 25.5597801208496 26.0207710266113 25.6068744659424 22.7781734466553 22.2829055786133 21.808313369751 21.4074726104736 20.4857234954834 19.8670635223389 19.6494922637939 19.3636741638184 21.1736621856689
29.9815158843994 29.6802558898926 29.7977714538574 30.5149230957031 30.6454200744629 30.5334129333496 29.8215007781982 30.1664600372314 29.7832832336426 30.4178314208984 30.4767398834229 31.398401260376 31.7257690429688 31.789400100708 31.0889835357666 31.8033256530762 30.9745979309082 29.9373760223389 29.2021617889404 29.7789306640625 30.1888618469238 30.3983764648438 29.8548259735107 28.9056243896484 26.8974647521973 26.2864227294922 26.8495025634766 27.007999420166 27.3118228912354 26.8068580627441 25.6347026824951 25.679292678833 26.0962677001953 26.6089420318604 23.6256790161133 24.7716064453125 24.2050228118896 22.7060413360596 22.5983371734619 24.1215057373047 23.91037940979 21.5529327392578 19.3938579559326 19.3081703186035 19.3884944915771 19.7552890777588
29.9522399902344 29.9357166290283 30.1646862030029 30.2223567962646 30.152925491333 30.0252571105957 30.0211772918701 30.4242877960205 30.1569347381592 30.3545513153076 30.7860069274902 31.5752906799316 32.3850479125977 31.8348159790039 31.9183311462402 31.3843078613281 31.2628784179688 31.0539684295654 30.2822170257568 30.2338981628418 30.5416412353516 29.6948795318604 29.672119140625 29.0173683166504 29.1493873596191 28.503942489624 26.3504314422607 27.0330715179443 27.0491542816162 26.5454063415527 24.9234085083008 25.1017265319824 24.0695323944092 23.9891204833984 22.6819458007812 23.2386455535889 21.1364116668701 22.1445350646973 22.4950714111328 21.92942237854 22.6442813873291 21.7831535339355 21.9720439910889 20.6662673950195 20.6387691497803 21.6680126190186
29.1255073547363 29.6569213867188 30.0812320709229 30.1813926696777 30.4528713226318 30.2794246673584 31.0211601257324 30.7999401092529 30.3217830657959 30.2889461517334 30.487678527832 31.1990242004395 31.7583618164062 31.9473896026611 32.3479423522949 32.4085426330566 31.9414577484131 31.6820678710938 30.6777229309082 30.5403671264648 30.6129627227783 30.4507789611816 29.8004856109619 28.4179286956787 28.733699798584 28.6158218383789 28.145055770874 27.8197059631348 27.0290870666504 27.251163482666 26.0309886932373 25.6342697143555 27.0920276641846 25.8277397155762 26.0430755615234 19.993766784668 20.5979175567627 20.7897968292236 21.0770606994629 20.7051162719727 20.3130130767822 21.1605739593506 20.7658233642578 21.7416114807129 23.5961208343506 25.9676742553711
28.7604427337646 29.4641342163086 29.4047183990479 29.4201965332031 30.0923328399658 30.2769107818604 30.3480110168457 30.555944442749 30.4068851470947 30.6484489440918 30.4792652130127 31.3763980865479 31.4837512969971 32.1397514343262 32.4461441040039 32.252571105957 31.8532466888428 32.0193252563477 31.8400650024414 31.6663913726807 31.0892276763916 30.9010028839111 30.0788555145264 30.6086769104004 29.9003429412842 28.7249507904053 28.798469543457 28.1085472106934 28.4118003845215 27.475004196167 27.1822547912598 26.7708358764648 27.281270980835 29.1064872741699 29.0472297668457 20.8662414550781 19.4458141326904 19.5033321380615 19.6703033447266 20.261926651001 20.0382919311523 20.6226081848145 19.9727878570557 20.8587188720703 22.6430854797363 25.9141654968262
29.8882617950439 29.351713180542 28.8725452423096 29.0082302093506 29.7260417938232 29.6945571899414 30.0472831726074 30.4924449920654 30.6311531066895 30.5844745635986 30.4615268707275 30.9735565185547 30.8131637573242 31.9858932495117 32.6624221801758 32.2060089111328 31.7056350708008 32.2891273498535 31.5118618011475 31.2407417297363 31.1525974273682 30.8052959442139 30.2866153717041 29.1133079528809 29.7660617828369 29.7277011871338 28.2346572875977 28.6139316558838 28.756950378418 27.6495361328125 26.3769855499268 26.3275699615479 27.4411277770996 27.4940567016602 29.5683250427246 26.075138092041 20.330207824707 19.5576457977295 19.6536350250244 20.5111236572266 19.7256755828857 20.2183074951172 20.7933349609375 20.8994674682617 22.0962600708008 22.9809532165527
28.5549736022949 29.0404605865479 29.5111408233643 28.7763423919678 28.6706886291504 29.1664505004883 29.9175987243652 30.1098327636719 30.1621208190918 29.9854221343994 30.633731842041 30.791675567627 29.8881874084473 30.6216602325439 32.1042785644531 30.9576644897461 31.0290336608887 32.140193939209 31.9223880767822 30.6415481567383 30.834508895874 30.494083404541 30.5760974884033 30.830322265625 28.115571975708 28.5230484008789 28.532564163208 28.7061500549316 28.8659839630127 28.9978218078613 27.2677345275879 26.7503108978271 26.3429794311523 26.6811084747314 28.1598052978516 28.077808380127 20.6389007568359 20.8710784912109 20.6717205047607 21.4703636169434 20.6855640411377 20.637996673584 20.918794631958 26.5750427246094 22.2363204956055 21.2916297912598
29.8945198059082 28.6322650909424 29.5832271575928 28.4966106414795 28.5147609710693 28.8203048706055 29.0991477966309 29.0511779785156 28.9762058258057 29.6555290222168 29.4427051544189 29.540657043457 29.9644374847412 30.881217956543 31.8067855834961 32.0014038085938 31.4145851135254 31.8443031311035 31.6889591217041 30.7070045471191 31.3479194641113 31.2741470336914 29.9491004943848 30.1914310455322 29.8661136627197 30.6125411987305 30.2000484466553 29.5478935241699 29.6354465484619 29.4937705993652 28.7782192230225 28.0124969482422 26.6938362121582 27.7706413269043 27.7857341766357 26.7220153808594 26.3694972991943 24.3877906799316 22.2166633605957 22.2358894348145 21.7154998779297 21.6004390716553 21.6138591766357 21.4434375762939 20.7557849884033 20.4544658660889
31.330394744873 29.3934917449951 28.0502166748047 27.7223701477051 27.9001407623291 29.0348434448242 28.5679130554199 28.4829063415527 28.4596195220947 29.3638515472412 29.5652275085449 29.3879146575928 29.919921875 31.0452632904053 31.9501209259033 31.1190376281738 31.16477394104 30.8454189300537 31.3720378875732 30.3043823242188 30.4680767059326 31.4563217163086 31.2293224334717 30.9586582183838 30.354154586792 29.781587600708 30.7478504180908 31.3496494293213 30.7709293365479 29.6350917816162 28.6266193389893 28.6464996337891 27.6677513122559 27.4738311767578 27.458683013916 27.5104084014893 27.8295974731445 27.671667098999 27.7870769500732 26.0578269958496 20.9569683074951 20.9933204650879 21.3245468139648 20.9044055938721 20.8489799499512 20.4606094360352
31.5691223144531 30.5286312103271 29.5090980529785 27.6009006500244 27.5566520690918 27.6771869659424 28.288064956665 28.4765033721924 28.53173828125 29.9692726135254 30.9057292938232 30.4353046417236 30.0640640258789 30.271053314209 30.4540348052979 30.5533542633057 31.0983600616455 31.2928562164307 30.9205513000488 31.6071453094482 30.4584789276123 30.9841442108154 31.3692455291748 31.2570304870605 30.8026161193848 31.3270454406738 29.71559715271 30.7418937683105 30.1199226379395 29.4948024749756 28.48264503479 29.0069046020508 27.0124912261963 26.9449291229248 27.1730651855469 23.8686389923096 27.9690399169922 27.6852416992188 27.3730621337891 27.4800662994385 25.993724822998 20.8007907867432 20.571361541748 22.7768173217773 22.7327976226807 23.2775421142578
31.9123115539551 31.059419631958 30.5376834869385 28.0794658660889 27.9838199615479 27.5538196563721 27.7574443817139 28.4584445953369 28.422435760498 29.723237991333 30.9396438598633 30.8033924102783 30.966796875 31.3760719299316 31.2310638427734 30.8614234924316 31.1670627593994 31.1865539550781 31.2303771972656 30.4465141296387 31.4062976837158 31.212703704834 30.9276714324951 30.4785423278809 30.2277946472168 30.2398109436035 29.8646011352539 29.2861003875732 30.2015705108643 29.9670257568359 28.7829475402832 28.9625415802002 27.3837642669678 27.5353336334229 25.804271697998 26.9311046600342 26.8918018341064 27.3453502655029 27.2032871246338 27.27907371521 26.8115234375 26.0723972320557 24.8174686431885 23.9671020507812 22.5692577362061 22.4356117248535
31.6619300842285 31.8422908782959 30.6908168792725 28.9244785308838 28.5789928436279 28.9385433197021 28.3353214263916 27.9335155487061 27.2531871795654 28.2623805999756 30.4103202819824 31.1308898925781 31.3991985321045 30.6513385772705 31.254451751709 31.2045841217041 31.3721885681152 31.7445487976074 31.8940258026123 30.714448928833 31.584566116333 31.492504119873 30.1129550933838 30.1255168914795 29.9811477661133 29.1103019714355 29.0009593963623 29.2088031768799 30.0093173980713 30.7289180755615 30.5673446655273 28.3705673217773 27.9605445861816 26.9699897766113 26.6095523834229 26.1104106903076 26.1930770874023 26.9412002563477 26.9290466308594 26.94118309021 26.1647796630859 25.8857727050781 25.4023952484131 24.4990482330322 20.6047592163086 20.4033012390137
31.07741355896 31.7095184326172 31.4086036682129 27.744535446167 27.1186065673828 27.9909992218018 27.9226970672607 28.0988655090332 27.2050075531006 27.4578399658203 29.4122333526611 29.1783847808838 30.0987377166748 31.2432556152344 30.8823337554932 31.3145198822021 31.5265655517578 31.8226852416992 31.7121810913086 31.6174049377441 31.5855731964111 31.4030246734619 31.2474212646484 30.1381206512451 31.0611572265625 30.7373504638672 29.3505363464355 29.4393920898438 29.5733699798584 30.2785797119141 30.3710975646973 29.0028247833252 27.9638423919678 27.2608070373535 27.1926422119141 27.9871597290039 26.1593894958496 25.8456554412842 26.5622711181641 27.6759910583496 27.5907897949219 26.8622417449951 26.7604198455811 25.9145412445068 20.9473934173584 20.3066596984863
31.3383007049561 30.8570137023926 30.8221664428711 28.5958557128906 27.4105339050293 28.6080131530762 28.6776866912842 28.0752620697021 27.2852325439453 27.4504718780518 29.2038555145264 28.8144626617432 30.8796081542969 30.8908672332764 30.7821960449219 31.6382865905762 31.332555770874 31.7515678405762 30.5530853271484 31.3961200714111 31.5216426849365 31.6216220855713 31.4475555419922 30.6324214935303 29.9914398193359 30.1993522644043 30.1778106689453 29.6147899627686 29.1057605743408 29.5033054351807 29.8833770751953 30.2958965301514 30.3302898406982 29.4875831604004 28.4348316192627 29.052074432373 27.6587734222412 26.7562942504883 25.4521102905273 26.9282188415527 27.910737991333 28.0595684051514 27.4607677459717 27.2176895141602 24.6602897644043 24.2016925811768
31.0321731567383 30.215446472168 30.4757862091064 29.5867500305176 29.0380744934082 28.8040428161621 29.3497486114502 28.8638019561768 29.1496963500977 28.2487773895264 28.3331680297852 29.2211017608643 29.5592994689941 30.5373630523682 31.3021068572998 31.4894714355469 31.4346027374268 31.6499767303467 31.6369590759277 30.8357563018799 30.876672744751 31.5630321502686 31.1516876220703 31.6324882507324 30.8299427032471 30.1578483581543 29.6089496612549 29.9983005523682 28.566198348999 29.7525939941406 29.30637550354 28.8972206115723 29.9529514312744 29.7136936187744 30.6424427032471 28.3029708862305 28.3745059967041 28.9783344268799 28.6151485443115 27.2657985687256 27.2454814910889 26.4687843322754 25.7012672424316 24.8840370178223 25.0373783111572 21.934549331665
31.1217994689941 31.1750087738037 31.0550594329834 30.028284072876 29.6747665405273 29.4798069000244 29.9284133911133 30.3491020202637 29.544620513916 28.4214458465576 29.2565212249756 30.6807155609131 30.4659996032715 31.4674415588379 31.2684574127197 31.3778114318848 30.148307800293 30.7794189453125 30.9270496368408 30.9779815673828 30.6500473022461 30.7595710754395 30.4139614105225 31.0486965179443 30.7046031951904 30.9619235992432 30.0857372283936 30.4280261993408 29.3408317565918 29.7753124237061 29.8519306182861 29.3244857788086 28.6873970031738 28.7055473327637 29.2573852539062 29.8711318969727 29.5713806152344 29.4250030517578 28.602912902832 26.9474697113037 26.3079833984375 27.0808982849121 24.9873142242432 21.3339996337891 21.8809089660645 21.7035694122314
30.6328754425049 31.0567321777344 30.6391220092773 31.2497749328613 30.0750484466553 28.7066688537598 29.394458770752 30.2324542999268 29.8621349334717 29.0840950012207 29.0299663543701 30.908670425415 31.3339099884033 30.2200832366943 30.869815826416 31.2774696350098 30.0390720367432 30.4539012908936 30.7530002593994 29.8965625762939 30.1620311737061 30.508638381958 30.7615833282471 30.6595668792725 30.6963176727295 30.6330547332764 30.4296913146973 29.9105205535889 29.6088256835938 30.0880012512207 28.3685874938965 29.098518371582 27.459529876709 27.5531673431396 28.0994434356689 29.2939014434814 28.61865234375 27.5211219787598 27.4926528930664 22.7537288665771 22.3662586212158 25.8981800079346 24.5987701416016 20.8332424163818 21.4183883666992 21.6583442687988
31.1022529602051 31.4295043945312 31.0640830993652 30.8623352050781 30.4078884124756 30.6511268615723 29.5335521697998 29.4412727355957 29.881498336792 29.7777042388916 28.5298252105713 29.9213066101074 31.3320007324219 31.0662956237793 30.6612815856934 31.2024345397949 30.645112991333 30.4291477203369 29.10107421875 30.3973426818848 30.7623252868652 30.8830623626709 30.0633869171143 30.5731601715088 31.2855587005615 30.6233997344971 30.4504470825195 29.9499320983887 30.04323387146 30.5045337677002 29.7931957244873 29.6577987670898 29.4129981994629 28.8458023071289 27.7080020904541 27.8418884277344 28.8075351715088 28.004280090332 26.7844619750977 22.5755920410156 22.4424610137939 26.5672645568848 21.9736633300781 21.6564521789551 20.9104614257812 21.1665229797363
31.3370685577393 31.3042907714844 31.4332141876221 31.0785522460938 31.0221691131592 30.3752403259277 29.3658027648926 29.097692489624 29.3710498809814 28.4887466430664 28.8707599639893 30.9947490692139 30.7741146087646 31.4906349182129 30.6116199493408 30.6694774627686 29.4726886749268 29.3428936004639 29.338098526001 29.4070148468018 29.5292510986328 29.9023952484131 29.2117805480957 29.9137210845947 31.1727161407471 30.5219383239746 30.155237197876 30.2363605499268 30.0587482452393 30.5721073150635 29.7562713623047 29.7092094421387 29.5399703979492 28.9823188781738 28.8779315948486 27.7987594604492 27.7807312011719 27.3472270965576 23.2199325561523 23.10964012146 22.7990112304688 25.9889888763428 22.0401229858398 21.1833515167236 21.2761344909668 21.2020835876465
31.1373310089111 30.5511531829834 31.3025341033936 30.2682704925537 30.9981098175049 29.77467918396 29.6767520904541 28.983829498291 29.3627376556396 28.5154399871826 28.6019802093506 28.3115291595459 30.2317409515381 31.1217575073242 31.0934047698975 30.3781795501709 29.2392826080322 29.347677230835 29.2582511901855 28.6140594482422 29.016975402832 30.4113960266113 29.4431095123291 29.8699226379395 29.9714202880859 30.4441051483154 30.271183013916 30.0752429962158 30.2620277404785 30.9098415374756 29.9522590637207 29.5352172851562 29.1109676361084 29.9165534973145 29.5483360290527 29.1158809661865 28.3998470306396 27.1888828277588 26.6612968444824 26.6783008575439 25.9586238861084 25.9811515808105 25.1978740692139 21.3005599975586 21.1968688964844 21.1853141784668
