inst/extdata/Tmax/Tmax156.asc
NCOLS 100 
NROWS 79 
XLLCORNER 148.06 
YLLCORNER -21.49 
CELLSIZE 0.01 
NODATA_value -3.4e+38 
[rows 40 to 59 of 79, columns 46 to 91 of 100]
27.936315536499 28.9209537506104 29.3569393157959 30.2596054077148 31.9152984619141 32.9366569519043 32.4613800048828 30.5215644836426 30.1548633575439 30.8529987335205 31.3882083892822 33.2078704833984 32.8163261413574 33.0526847839355 32.1920471191406 33.259578704834 33.4669952392578 33.1726417541504 33.2869720458984 33.4012908935547 33.4199600219727 32.4625053405762 32.8775634765625 33.2211494445801 33.3237419128418 33.3911514282227 33.2953033447266 32.9069900512695 33.1093902587891 33.3230361938477 33.2889709472656 33.1417388916016 32.8164596557617 31.5503482818604 31.8658542633057 32.5943832397461 32.532413482666 32.467700958252 32.7421569824219 32.2104415893555 31.4865188598633 32.0078048706055 32.3604202270508 32.1796798706055 32.4770431518555 32.5433120727539
29.2593822479248 30.450963973999 30.3746395111084 30.3385715484619 31.9440631866455 33.2281455993652 32.0629386901855 31.6639995574951 32.2847747802734 32.3797607421875 32.764778137207 33.5060539245605 33.3934669494629 33.419017791748 33.2726707458496 33.6072883605957 33.6571846008301 33.5952072143555 33.5573616027832 33.5866661071777 33.5710296630859 33.042106628418 32.3306999206543 32.7055053710938 32.6324653625488 33.1444931030273 33.4680328369141 32.988941192627 32.9851684570312 33.394832611084 33.4326171875 33.3569221496582 33.1920204162598 32.575798034668 32.8433151245117 32.9113922119141 32.7270660400391 32.7494010925293 32.881160736084 33.0331916809082 32.087158203125 32.3459205627441 32.9899864196777 32.8187065124512 32.9770469665527 32.936393737793
31.6931018829346 31.8830814361572 32.0764617919922 32.5781364440918 32.9289321899414 33.4370498657227 33.0042495727539 32.4581565856934 33.0012741088867 33.4294357299805 33.3479194641113 33.6860656738281 33.7297859191895 33.6545372009277 33.6331977844238 33.7285003662109 33.747428894043 33.7297210693359 33.7031288146973 33.698055267334 33.6085662841797 32.6615180969238 32.4651794433594 32.9819145202637 32.45947265625 32.9231567382812 33.3825225830078 33.2887191772461 33.2369232177734 33.5026245117188 33.5268096923828 33.5268936157227 33.4910507202148 33.3786277770996 33.2812614440918 32.9635848999023 32.0696105957031 32.6990547180176 33.2573471069336 33.275993347168 33.1691627502441 33.1344261169434 33.2738151550293 33.3294486999512 33.3895645141602 33.3519515991211
32.9639892578125 32.9919967651367 33.1352081298828 33.2938537597656 33.5468330383301 33.6326103210449 33.5528030395508 33.3166427612305 33.5037689208984 33.7392425537109 33.7449760437012 33.8045043945312 33.7892456054688 33.7574348449707 33.7848320007324 33.7618293762207 33.7007255554199 33.6817169189453 33.7203674316406 33.7558937072754 33.7121734619141 33.4748992919922 33.2216377258301 33.4048461914062 33.2719078063965 32.823787689209 33.1234283447266 33.4052658081055 33.5676956176758 33.5947608947754 33.5909309387207 33.5877304077148 33.5613555908203 33.5220108032227 33.518310546875 33.3686599731445 32.9052963256836 33.2389259338379 33.4396018981934 33.4459838867188 33.4319839477539 33.450798034668 33.4574851989746 33.4933815002441 33.5181045532227 33.5018844604492
32.7705307006836 33.0576667785645 33.3382530212402 33.3535194396973 33.4185104370117 33.5494995117188 33.6106491088867 33.6899375915527 33.7260627746582 33.6737480163574 33.4621276855469 33.5819549560547 33.5092506408691 33.245719909668 33.4403800964355 33.5838279724121 33.4725151062012 33.5921211242676 33.6929588317871 33.7460975646973 33.7613258361816 33.6335258483887 33.3163871765137 33.0574836730957 33.2919883728027 33.4729690551758 33.5269165039062 33.5749092102051 33.5864601135254 33.6231498718262 33.6045227050781 33.5972442626953 33.5555000305176 33.5161399841309 33.546085357666 33.4857215881348 33.4650573730469 33.4720611572266 33.437671661377 33.4595184326172 33.4543991088867 33.461742401123 33.484447479248 33.490535736084 33.4168472290039 33.4585342407227
30.9003467559814 31.7172012329102 32.1642036437988 32.3962860107422 32.7885818481445 33.1399536132812 33.0896644592285 33.3053169250488 33.3095321655273 33.1463165283203 32.3544692993164 32.3765068054199 32.4640007019043 30.937349319458 31.9254245758057 32.7243881225586 33.2966690063477 33.6451225280762 33.7403907775879 33.766902923584 33.7746620178223 33.5978202819824 33.1545143127441 32.7826156616211 33.0643692016602 33.3383903503418 33.475643157959 33.4657821655273 33.5356712341309 33.6113586425781 33.6119041442871 33.611270904541 33.5920181274414 33.5833358764648 33.5501670837402 33.4493103027344 33.4382781982422 33.4301376342773 33.4190940856934 33.4317970275879 33.4207344055176 33.4318161010742 33.4411430358887 33.409797668457 33.421688079834 33.4593620300293
28.4305057525635 29.7458686828613 29.6555271148682 29.632007598877 31.0063781738281 31.5604286193848 31.6927280426025 31.9723930358887 32.4528694152832 31.8155384063721 31.1257266998291 30.5393962860107 31.229040145874 31.1039295196533 31.5684051513672 32.7676849365234 33.4814605712891 33.6806678771973 33.7172050476074 33.6985969543457 33.7472953796387 33.7662925720215 33.3376617431641 32.9846305847168 32.874626159668 33.1571655273438 33.3757438659668 33.4955596923828 33.6025314331055 33.6233291625977 33.6402893066406 33.6499176025391 33.6409301757812 33.6095542907715 33.5266761779785 33.4628982543945 33.4573059082031 33.4521331787109 33.437442779541 33.4431953430176 33.4309463500977 33.4460296630859 33.4617691040039 33.4479484558105 33.4587593078613 33.3647041320801
28.549129486084 28.4870529174805 28.2955226898193 28.3847980499268 28.3323364257812 29.1431503295898 30.447732925415 31.1360378265381 31.331033706665 31.2071590423584 31.7621631622314 31.5946063995361 31.4350700378418 32.0412368774414 32.3505706787109 33.2588081359863 33.5265502929688 33.5573692321777 33.494701385498 33.6225090026855 33.7451782226562 33.8016204833984 33.6582641601562 33.3450584411621 32.9223136901855 33.2008819580078 33.4033470153809 33.5731086730957 33.6473197937012 33.686393737793 33.6934013366699 33.6764602661133 33.6098937988281 33.5333709716797 33.4701042175293 33.4419708251953 33.4543724060059 33.4692649841309 33.4584999084473 33.448413848877 33.4497222900391 33.4711265563965 33.4831809997559 33.4803733825684 33.3024368286133 33.1041374206543
28.1406879425049 28.2570610046387 28.5034313201904 28.2158813476562 28.1283931732178 28.2416152954102 29.1558647155762 30.8656044006348 31.4293575286865 31.6196517944336 31.4524898529053 31.6517696380615 31.9600238800049 32.2663269042969 32.3315620422363 32.884822845459 33.2801818847656 33.2821998596191 33.2779006958008 33.5907440185547 33.7010307312012 33.7246322631836 33.8151893615723 33.733226776123 33.6182098388672 33.5855674743652 33.6775360107422 33.748592376709 33.7571563720703 33.7606086730957 33.7286262512207 33.6618385314941 33.5762825012207 33.4433288574219 33.4019088745117 33.4584426879883 33.4687118530273 33.4873580932617 33.5041656494141 33.4887313842773 33.4925842285156 33.5109977722168 33.5152473449707 33.5204391479492 33.3896446228027 33.2775726318359
28.2121086120605 28.4066181182861 28.4442176818848 28.109733581543 28.6391143798828 29.5244522094727 29.6479721069336 30.9544372558594 31.4567680358887 31.6756229400635 31.4846096038818 31.9838027954102 32.278076171875 32.2877883911133 32.3866195678711 32.2842292785645 32.3894500732422 32.6336135864258 33.0208892822266 33.3888778686523 33.4917221069336 33.514533996582 33.7665176391602 33.8193206787109 33.8395690917969 33.8181343078613 33.7939224243164 33.6219749450684 33.6875915527344 33.7587394714355 33.7155113220215 33.6010208129883 33.5575828552246 33.359733581543 33.2939033508301 33.4766159057617 33.4788360595703 33.4623146057129 33.5239677429199 33.5312995910645 33.5088310241699 33.5242347717285 33.530200958252 33.5277938842773 33.4817543029785 33.4325790405273
28.2426719665527 28.127965927124 28.3708038330078 28.077600479126 28.7762279510498 29.9384136199951 30.3156032562256 30.9324035644531 31.6740665435791 32.1469879150391 32.1698760986328 32.3019485473633 32.3834915161133 32.4206161499023 32.4142799377441 32.361930847168 32.435848236084 32.1636734008789 31.8094310760498 32.991397857666 32.8766059875488 33.3353080749512 33.6820449829102 33.7484130859375 33.8043060302734 33.7888450622559 33.7169342041016 33.4940872192383 33.6486206054688 33.7561302185059 33.5838851928711 33.4159660339355 33.4338188171387 33.4149971008301 33.4496078491211 33.531852722168 33.5407562255859 33.5272483825684 33.5265884399414 33.5628547668457 33.5575942993164 33.5435829162598 33.5364570617676 33.5296974182129 33.515682220459 33.448055267334
27.7744426727295 27.756965637207 28.1745758056641 27.5158939361572 27.6871452331543 29.8124446868896 30.6271705627441 31.2958164215088 31.6571311950684 31.9591522216797 32.0278244018555 32.0406036376953 31.8419609069824 31.8498001098633 32.1339950561523 32.2737083435059 32.6273803710938 32.5573577880859 32.3730049133301 32.4236335754395 32.2621040344238 33.0869216918945 33.513744354248 33.6991539001465 33.7117385864258 33.7284774780273 33.3713569641113 32.9963226318359 33.6197166442871 33.7586479187012 33.4704742431641 33.1655731201172 33.4260444641113 33.4788131713867 33.5116119384766 33.478645324707 33.4773101806641 33.4826583862305 33.5064926147461 33.4978675842285 33.5115928649902 33.5514259338379 33.5445785522461 33.5329170227051 33.5226554870605 33.4751434326172
27.3770408630371 27.2434101104736 27.7429618835449 27.6231498718262 27.7273387908936 28.8034038543701 29.9007797241211 30.6011695861816 31.1150932312012 31.5024261474609 31.4532108306885 31.3871936798096 31.4620685577393 31.76535987854 32.5409393310547 32.6534004211426 32.8513793945312 32.7581939697266 32.6802978515625 32.5127792358398 32.2627639770508 32.9606781005859 33.4301452636719 33.6349639892578 33.5765495300293 33.6732559204102 33.2802429199219 32.3281517028809 33.3614387512207 33.7356986999512 33.4529800415039 33.2138633728027 33.4231414794922 33.36474609375 33.2969169616699 33.3253936767578 33.3786811828613 33.3152923583984 33.240177154541 33.2296829223633 33.3493728637695 33.4497871398926 33.546501159668 33.534725189209 33.5212554931641 33.4965324401855
28.5656623840332 27.473030090332 27.6000442504883 28.0397453308105 28.455810546875 29.6046085357666 29.6914138793945 30.5296897888184 31.3757991790771 31.7334804534912 32.1065101623535 32.2245635986328 32.3710899353027 32.6131286621094 32.8159027099609 32.8659515380859 32.8222122192383 32.9075317382812 32.8794784545898 32.6434173583984 32.4361457824707 32.4754333496094 33.0319938659668 33.2761459350586 33.2046813964844 33.6481323242188 33.5439910888672 32.884651184082 33.448299407959 33.7280731201172 33.4917755126953 33.3080787658691 33.2240753173828 32.883228302002 33.0815582275391 33.0183792114258 33.0326156616211 32.6092567443848 32.7202377319336 31.6859722137451 33.0785789489746 33.3497772216797 33.5425224304199 33.5579109191895 33.5369110107422 33.5067367553711
29.3110084533691 28.2458381652832 27.6889228820801 28.5629196166992 29.2726058959961 30.0606174468994 30.1543426513672 30.6661777496338 31.4762992858887 31.9262619018555 31.982364654541 32.0080757141113 32.4476432800293 32.6345481872559 32.756420135498 32.7459831237793 32.9712104797363 33.1178207397461 33.0937995910645 32.8406066894531 32.6646347045898 32.5914649963379 32.7366485595703 32.7559432983398 32.7355499267578 33.4489212036133 33.6399955749512 33.3401489257812 33.0367431640625 33.5962295532227 33.1174545288086 32.2924880981445 32.9345436096191 33.1059799194336 33.4121170043945 33.4201583862305 33.3834495544434 33.3548736572266 33.1291885375977 32.1182708740234 32.959056854248 33.3060836791992 33.4935569763184 33.5492897033691 33.5508117675781 33.5108299255371
29.3522148132324 28.4274711608887 27.8273162841797 29.2347831726074 30.2969551086426 30.7645664215088 31.5612907409668 31.817720413208 32.0488700866699 32.1757698059082 31.9835662841797 31.9483375549316 32.5438232421875 32.6462135314941 32.6661491394043 32.7491073608398 32.8778915405273 32.8748779296875 33.4329071044922 33.1852493286133 32.8918533325195 32.7470474243164 32.7301483154297 32.5712509155273 32.5898017883301 33.2459487915039 33.6150283813477 33.5217056274414 33.3724594116211 33.69921875 32.9736938476562 31.850170135498 32.3721504211426 33.0865936279297 33.1298789978027 32.7298622131348 32.7970542907715 33.3581733703613 33.4881782531738 33.4527702331543 33.4926452636719 33.4894714355469 33.5101356506348 33.5157012939453 33.5485153198242 33.5318832397461
29.2057952880859 28.163875579834 27.6619911193848 28.9907608032227 30.3846397399902 30.7706813812256 30.1703052520752 31.6022033691406 31.5563087463379 30.9826335906982 31.9977340698242 32.2300872802734 32.262508392334 32.3354644775391 32.3642921447754 32.595832824707 32.7428283691406 32.8719596862793 33.3952407836914 33.5279998779297 33.3165664672852 33.0009460449219 32.8307456970215 32.7566604614258 32.515438079834 33.0083389282227 33.4940872192383 33.5135345458984 33.7143859863281 33.7831344604492 33.233154296875 31.4253177642822 32.1086502075195 31.6065368652344 31.9736404418945 31.2508354187012 32.2359008789062 33.3281898498535 33.4557151794434 33.5267448425293 33.5435409545898 33.4600715637207 33.3520278930664 33.4720039367676 33.5060920715332 33.5081748962402
29.173095703125 28.3689422607422 28.4441184997559 29.0087623596191 30.0136489868164 30.4714984893799 30.93674659729 31.1952285766602 29.8358268737793 29.7501735687256 31.3848457336426 30.3505210876465 30.7477760314941 31.2265892028809 31.997386932373 32.4965400695801 32.6679878234863 32.9066467285156 33.2780380249023 33.421142578125 33.4762878417969 33.2289657592773 32.8940658569336 32.9734954833984 32.8495178222656 33.0970306396484 33.0992965698242 32.9291954040527 33.5042152404785 33.7037086486816 33.4534530639648 32.7177352905273 31.2266960144043 29.1767997741699 29.3745269775391 31.137788772583 32.6438217163086 33.2912979125977 33.413745880127 33.3581733703613 33.3593673706055 33.124870300293 33.0020065307617 33.3978424072266 33.1319694519043 33.1939849853516
29.1427421569824 28.7597312927246 28.5471820831299 28.8900470733643 29.5574169158936 30.4211082458496 30.6054077148438 30.1703033447266 29.6751022338867 30.5843276977539 31.1054248809814 30.0624027252197 30.4160804748535 30.877649307251 31.8914489746094 32.3260536193848 32.6496391296387 33.1206703186035 33.5621604919434 33.3852386474609 33.2443161010742 33.5613975524902 33.2975807189941 33.1082000732422 32.9454078674316 32.943172454834 33.0328674316406 32.9352684020996 33.2851448059082 33.6429710388184 33.6755752563477 33.1336822509766 32.3873138427734 30.6778316497803 30.052339553833 31.2056369781494 32.647045135498 33.2371139526367 33.3051414489746 32.8220100402832 33.094352722168 33.2875862121582 33.0737762451172 33.1451263427734 32.8102378845215 33.0756340026855
28.7654590606689 28.5435638427734 28.0380363464355 28.410795211792 29.2480182647705 29.4289741516113 29.8913612365723 30.2490997314453 30.5643348693848 30.6818542480469 31.0503005981445 31.2854137420654 31.9900856018066 32.0925636291504 32.254810333252 31.7800102233887 32.791919708252 33.1921730041504 33.4184188842773 33.1278495788574 33.2474632263184 33.4587287902832 33.5682029724121 33.509635925293 33.2114562988281 33.1406898498535 32.7725067138672 32.9471282958984 33.3685264587402 33.4622611999512 33.6125907897949 33.6495742797852 33.0682411193848 32.3726806640625 31.4367504119873 31.1393184661865 32.3359909057617 33.1481056213379 32.6368942260742 32.0884742736816 33.0401840209961 33.3090400695801 33.0196800231934 32.2166328430176 32.5876693725586 33.1271438598633
