inst/extdata/Tmax/Tmax68.asc
NCOLS 100 
NROWS 79 
XLLCORNER 148.06 
YLLCORNER -21.49 
CELLSIZE 0.01 
NODATA_value -3.4e+38 
[rows 0 to 19 of 79, columns 46 to 91 of 100]
31.4647102355957 31.2800197601318 31.1812705993652 31.1972064971924 31.1918354034424 31.0768280029297 31.3158226013184 31.1389675140381 30.9380531311035 30.7545776367188 30.6769218444824 30.3894329071045 30.2893905639648 30.5382804870605 30.8354644775391 30.7554416656494 30.6222362518311 30.4391746520996 30.1198635101318 29.9184951782227 29.7841739654541 -3.4e+38 -3.4e+38 -3.4e+38 -3.4e+38 -3.4e+38 -3.4e+38 -3.4e+38 -3.4e+38 -3.4e+38 -3.4e+38 -3.4e+38 -3.4e+38 -3.4e+38 -3.4e+38 -3.4e+38 -3.4e+38 -3.4e+38 -3.4e+38 -3.4e+38 -3.4e+38 -3.4e+38 -3.4e+38 -3.4e+38 -3.4e+38 -3.4e+38
31.3971462249756 31.0971603393555 30.8582935333252 31.1581249237061 31.3512859344482 31.3693675994873 31.3257637023926 31.2249069213867 30.8627052307129 30.3891506195068 30.5528450012207 29.9728107452393 30.5413818359375 30.8792133331299 30.8599472045898 30.7688179016113 30.6529159545898 30.5075531005859 30.29567527771 30.1920032501221 30.0920238494873 29.9384727478027 -3.4e+38 -3.4e+38 -3.4e+38 -3.4e+38 -3.4e+38 -3.4e+38 -3.4e+38 -3.4e+38 -3.4e+38 -3.4e+38 -3.4e+38 -3.4e+38 -3.4e+38 -3.4e+38 -3.4e+38 -3.4e+38 -3.4e+38 -3.4e+38 -3.4e+38 -3.4e+38 -3.4e+38 -3.4e+38 -3.4e+38 -3.4e+38
31.271692276001 30.4490394592285 29.5238990783691 31.0862789154053 31.3162803649902 31.3417415618896 31.3264923095703 31.2777252197266 31.036678314209 30.3966636657715 30.5154037475586 30.6739139556885 30.76416015625 30.9322128295898 30.8984642028809 30.8017559051514 30.7097549438477 30.6055660247803 30.4689121246338 30.2292804718018 30.1996612548828 30.0119781494141 29.7524433135986 29.4296550750732 -3.4e+38 -3.4e+38 -3.4e+38 -3.4e+38 -3.4e+38 -3.4e+38 -3.4e+38 -3.4e+38 -3.4e+38 -3.4e+38 -3.4e+38 -3.4e+38 -3.4e+38 -3.4e+38 -3.4e+38 -3.4e+38 -3.4e+38 -3.4e+38 -3.4e+38 -3.4e+38 -3.4e+38 -3.4e+38
30.7539367675781 30.8427238464355 29.63844871521 30.9145622253418 31.1412601470947 31.2176876068115 31.2930107116699 31.1964378356934 31.0630531311035 30.707691192627 30.6081733703613 30.333080291748 30.722806930542 30.8690509796143 30.898998260498 30.8041400909424 30.7471961975098 30.6760730743408 30.5269546508789 30.1280612945557 29.935079574585 29.9455490112305 29.8711910247803 29.7770900726318 29.5872707366943 29.1314334869385 -3.4e+38 -3.4e+38 -3.4e+38 -3.4e+38 -3.4e+38 -3.4e+38 -3.4e+38 -3.4e+38 -3.4e+38 -3.4e+38 -3.4e+38 -3.4e+38 -3.4e+38 -3.4e+38 -3.4e+38 -3.4e+38 -3.4e+38 -3.4e+38 -3.4e+38 -3.4e+38
30.7107620239258 30.7561264038086 29.42311668396 29.701114654541 30.6020526885986 31.1773796081543 31.2781219482422 31.1339836120605 31.1112365722656 30.7749328613281 30.4641189575195 30.2593803405762 29.840311050415 30.5523567199707 30.8317718505859 30.7492294311523 30.7901725769043 30.7398929595947 30.4806118011475 29.6629962921143 29.101001739502 29.9164886474609 29.998025894165 29.9223289489746 29.647424697876 29.3252563476562 -3.4e+38 -3.4e+38 -3.4e+38 -3.4e+38 -3.4e+38 -3.4e+38 -3.4e+38 -3.4e+38 -3.4e+38 -3.4e+38 -3.4e+38 -3.4e+38 -3.4e+38 -3.4e+38 -3.4e+38 -3.4e+38 -3.4e+38 -3.4e+38 -3.4e+38 -3.4e+38
29.7300891876221 30.5745334625244 28.8697605133057 28.1963977813721 30.1717491149902 31.2296333312988 31.1660232543945 31.1129035949707 31.0618133544922 30.6226348876953 29.618127822876 29.2541370391846 29.632776260376 30.6673984527588 30.5684452056885 30.7597179412842 30.8154945373535 30.7420635223389 30.6416721343994 29.9390277862549 29.1297550201416 29.2034492492676 29.7622089385986 29.8257446289062 29.7874393463135 29.6769905090332 -3.4e+38 -3.4e+38 -3.4e+38 -3.4e+38 -3.4e+38 -3.4e+38 -3.4e+38 -3.4e+38 -3.4e+38 -3.4e+38 -3.4e+38 -3.4e+38 -3.4e+38 -3.4e+38 -3.4e+38 -3.4e+38 -3.4e+38 -3.4e+38 -3.4e+38 -3.4e+38
28.6950912475586 30.5239849090576 29.8400192260742 29.7628536224365 30.8585529327393 31.160400390625 30.9780731201172 30.8647727966309 31.0394668579102 30.5143814086914 29.7247982025146 29.7215175628662 30.4628429412842 30.6069831848145 29.5963153839111 30.5818748474121 30.651517868042 30.6572875976562 30.6960639953613 30.3896808624268 29.971227645874 29.666296005249 29.9044666290283 29.6325569152832 29.8968830108643 29.9199981689453 29.7764930725098 29.467435836792 -3.4e+38 -3.4e+38 -3.4e+38 -3.4e+38 -3.4e+38 -3.4e+38 -3.4e+38 -3.4e+38 -3.4e+38 -3.4e+38 -3.4e+38 -3.4e+38 -3.4e+38 -3.4e+38 -3.4e+38 -3.4e+38 -3.4e+38 -3.4e+38
27.8478889465332 30.5190448760986 31.0334434509277 30.8348808288574 29.7304649353027 30.0343589782715 30.7379684448242 30.912296295166 31.0913848876953 30.8900890350342 30.4648933410645 30.0053310394287 30.0397262573242 30.2858467102051 29.7910842895508 30.5689125061035 29.7818241119385 29.7393531799316 30.5152168273926 30.6489353179932 30.4683036804199 30.1822624206543 30.0615520477295 30.1097068786621 30.0715293884277 30.0290222167969 29.8159065246582 29.6411247253418 29.3245277404785 28.7706146240234 28.7585029602051 -3.4e+38 -3.4e+38 -3.4e+38 -3.4e+38 -3.4e+38 -3.4e+38 -3.4e+38 -3.4e+38 -3.4e+38 -3.4e+38 -3.4e+38 -3.4e+38 -3.4e+38 -3.4e+38 -3.4e+38
27.7641677856445 29.9605007171631 31.0203666687012 30.9060821533203 29.9645595550537 28.3072109222412 29.8308353424072 30.9820327758789 31.0690059661865 30.9486846923828 30.7899532318115 30.5042419433594 30.5293827056885 30.3400268554688 29.7649097442627 29.6966609954834 29.2286548614502 30.0823211669922 30.4164295196533 30.4919338226318 30.5057849884033 30.1101589202881 29.674467086792 29.3160190582275 30.0668601989746 30.1096305847168 29.9668884277344 29.7839736938477 29.6460571289062 29.0514602661133 28.8515548706055 28.996768951416 -3.4e+38 -3.4e+38 -3.4e+38 -3.4e+38 -3.4e+38 -3.4e+38 -3.4e+38 -3.4e+38 -3.4e+38 -3.4e+38 -3.4e+38 -3.4e+38 -3.4e+38 -3.4e+38
28.6760272979736 29.9449501037598 30.8495464324951 30.849760055542 30.82958984375 29.309928894043 29.6600017547607 30.8510475158691 31.0494899749756 30.9232368469238 30.7151527404785 30.4368152618408 30.3025951385498 30.4269065856934 29.6934852600098 29.3633632659912 29.2762222290039 30.522762298584 30.3522396087646 30.0193958282471 30.4493026733398 30.3994045257568 30.1788730621338 29.7968883514404 30.228443145752 30.1577224731445 29.9829711914062 30.026985168457 29.850658416748 29.5197563171387 28.9940643310547 29.005802154541 -3.4e+38 -3.4e+38 -3.4e+38 -3.4e+38 -3.4e+38 -3.4e+38 -3.4e+38 -3.4e+38 -3.4e+38 -3.4e+38 -3.4e+38 -3.4e+38 -3.4e+38 -3.4e+38
27.7227382659912 29.7409496307373 30.1877822875977 29.9583911895752 30.3645648956299 30.6771183013916 30.3626365661621 30.8565883636475 30.9749374389648 30.8683891296387 30.6911945343018 30.4978103637695 30.2788600921631 30.681884765625 30.5122013092041 30.4130554199219 30.4852714538574 30.7193813323975 30.7172679901123 30.1227722167969 29.6183757781982 30.3455944061279 30.5403308868408 29.9818534851074 29.9928436279297 29.827995300293 29.7899856567383 30.1224136352539 29.9513854980469 29.6384925842285 -3.4e+38 -3.4e+38 -3.4e+38 -3.4e+38 -3.4e+38 -3.4e+38 -3.4e+38 -3.4e+38 -3.4e+38 -3.4e+38 -3.4e+38 -3.4e+38 -3.4e+38 -3.4e+38 -3.4e+38 -3.4e+38
27.0208263397217 28.0392265319824 28.3837699890137 28.1166152954102 29.2852878570557 30.0671157836914 30.5014019012451 30.8287925720215 30.8360271453857 30.7490692138672 30.5577201843262 30.3589363098145 30.2009906768799 30.9050579071045 30.9000930786133 30.7489414215088 30.7642993927002 30.8693542480469 30.9180812835693 30.8111381530762 30.396017074585 30.1617984771729 30.5782318115234 30.3658256530762 30.0978031158447 30.2289619445801 30.2571601867676 29.9677848815918 29.8378715515137 29.6539916992188 -3.4e+38 -3.4e+38 -3.4e+38 -3.4e+38 -3.4e+38 -3.4e+38 -3.4e+38 -3.4e+38 -3.4e+38 -3.4e+38 -3.4e+38 -3.4e+38 -3.4e+38 -3.4e+38 -3.4e+38 -3.4e+38
27.0090637207031 26.0884170532227 25.5132656097412 25.6295318603516 27.7547416687012 28.3452548980713 29.7978782653809 30.2232971191406 30.5983695983887 30.4818592071533 30.2513008117676 30.6367530822754 30.6495151519775 30.5420398712158 31.0442161560059 31.0264053344727 30.9613552093506 30.976713180542 30.9953536987305 30.9793376922607 30.9298439025879 30.8378887176514 30.6763381958008 30.6144466400146 30.2789611816406 30.3663921356201 30.3401489257812 30.0354022979736 29.7346630096436 29.6077556610107 29.4552688598633 29.1070823669434 -3.4e+38 -3.4e+38 -3.4e+38 -3.4e+38 -3.4e+38 -3.4e+38 -3.4e+38 -3.4e+38 -3.4e+38 -3.4e+38 -3.4e+38 -3.4e+38 -3.4e+38 -3.4e+38
27.0058841705322 26.2749309539795 25.4437999725342 24.9412403106689 25.4904708862305 26.2541885375977 28.2732734680176 29.7018337249756 30.5511093139648 30.3646202087402 29.812801361084 30.5135326385498 30.8941402435303 30.9554042816162 30.9856243133545 31.0189399719238 31.0551605224609 31.0488681793213 31.0306816101074 31.0008792877197 30.9691982269287 30.894847869873 30.811637878418 30.7184963226318 30.4527816772461 30.4880771636963 30.379789352417 30.1462421417236 29.8677558898926 29.7844467163086 29.7118854522705 29.5459136962891 29.2083282470703 -3.4e+38 -3.4e+38 -3.4e+38 -3.4e+38 28.6536865234375 28.6773014068604 -3.4e+38 -3.4e+38 -3.4e+38 -3.4e+38 -3.4e+38 -3.4e+38 -3.4e+38
27.6150398254395 26.361967086792 25.5424346923828 25.1869773864746 25.6871185302734 25.4583911895752 26.5746517181396 28.4641723632812 30.0198364257812 30.4672718048096 29.2357788085938 30.2144432067871 30.7237491607666 30.2177658081055 30.323579788208 30.7946949005127 30.9161128997803 31.0030879974365 30.9556159973145 30.8203887939453 30.8679485321045 30.8076782226562 30.813138961792 30.7579898834229 30.6724166870117 30.5158061981201 30.3966464996338 30.2375793457031 30.0867481231689 29.9858131408691 29.9363594055176 29.7653312683105 29.3443508148193 -3.4e+38 -3.4e+38 -3.4e+38 -3.4e+38 28.7677402496338 28.7035942077637 28.858190536499 28.8643341064453 28.6993541717529 -3.4e+38 -3.4e+38 -3.4e+38 -3.4e+38
27.5633888244629 26.3432846069336 25.5845928192139 25.992000579834 25.7888011932373 26.1575126647949 25.9179077148438 27.3386402130127 29.8035888671875 30.642650604248 29.4854431152344 29.4531688690186 30.3877334594727 28.2913246154785 29.4544162750244 29.8997020721436 30.5292186737061 30.964376449585 30.9484901428223 30.8519306182861 30.8502368927002 30.8210105895996 30.8306331634521 30.7727565765381 30.6950969696045 30.4236679077148 30.3917007446289 30.3147087097168 30.2495193481445 30.1929702758789 30.0808238983154 29.9036064147949 29.6879482269287 -3.4e+38 -3.4e+38 29.4102725982666 29.1587982177734 28.8602466583252 28.7167148590088 28.4844207763672 28.645378112793 28.8750839233398 -3.4e+38 -3.4e+38 -3.4e+38 -3.4e+38
26.2560348510742 25.0760917663574 25.0238933563232 26.2289581298828 26.5383625030518 26.4517307281494 26.0562477111816 26.386157989502 28.9575691223145 30.4317893981934 30.4635276794434 29.5354518890381 30.1341361999512 28.5896835327148 28.6139183044434 28.7011394500732 30.1942558288574 30.9509449005127 30.9688701629639 30.9890747070312 30.9934234619141 30.9244899749756 30.8693199157715 30.6062107086182 30.607723236084 30.4813365936279 30.4583225250244 30.4450855255127 30.4047527313232 30.3092975616455 30.1982040405273 30.0650844573975 29.9365615844727 -3.4e+38 29.741771697998 29.7082214355469 29.6108264923096 -3.4e+38 28.8808670043945 -3.4e+38 28.581974029541 -3.4e+38 -3.4e+38 -3.4e+38 -3.4e+38 -3.4e+38
26.226167678833 24.8524971008301 24.148265838623 26.6033935546875 26.7896595001221 26.1895408630371 25.8207416534424 25.9352111816406 27.4798717498779 30.109546661377 30.2508888244629 29.7808647155762 29.9246711730957 30.0601558685303 29.3203945159912 30.5745410919189 30.8345985412598 30.9529037475586 30.9968166351318 30.9854202270508 30.9841461181641 30.9385013580322 30.897970199585 30.7976951599121 30.7801208496094 30.7010898590088 30.6462154388428 30.5897521972656 30.4716567993164 30.4330539703369 30.3477973937988 30.25270652771 30.1626873016357 30.0664482116699 30.0041618347168 29.9857330322266 29.797082901001 -3.4e+38 -3.4e+38 -3.4e+38 -3.4e+38 -3.4e+38 -3.4e+38 28.9123134613037 -3.4e+38 -3.4e+38
27.9113998413086 27.5877723693848 25.5623798370361 26.9768600463867 25.5936965942383 25.592321395874 25.9958419799805 26.2695236206055 28.4596691131592 30.0601367950439 29.7402381896973 29.0598487854004 30.0514545440674 30.5199108123779 30.6418399810791 30.7167377471924 30.8545818328857 30.504207611084 30.680419921875 30.8646697998047 30.843599319458 30.8778228759766 30.8876609802246 30.853832244873 30.8203086853027 30.7677593231201 30.7256107330322 30.5752468109131 30.2108535766602 30.3446750640869 30.4408264160156 30.4022426605225 30.3374557495117 30.2356452941895 30.1821384429932 30.0945339202881 29.9235801696777 29.7663116455078 29.6213340759277 29.53293800354 29.5177326202393 29.392017364502 29.1089477539062 28.8960094451904 -3.4e+38 -3.4e+38
27.9858112335205 27.1642189025879 27.8009452819824 27.6129989624023 26.2676086425781 26.2947692871094 25.9226264953613 26.1134853363037 28.2180156707764 29.7278270721436 30.2090663909912 29.958215713501 30.3531551361084 30.6855411529541 30.5506649017334 30.4035358428955 30.6236209869385 30.3289947509766 30.1538772583008 30.3544120788574 30.7226238250732 30.7915344238281 30.8154830932617 30.8538970947266 30.8550300598145 30.8205108642578 30.7624797821045 30.5469989776611 30.2514343261719 30.4629154205322 30.4319152832031 30.5172958374023 30.3894634246826 30.3207550048828 30.268217086792 30.119421005249 30.011890411377 29.9413738250732 29.8840370178223 29.8339385986328 29.7893753051758 29.6343975067139 29.2421722412109 28.8076324462891 28.881950378418 -3.4e+38
