inst/extdata/Tmax/Tmax27.asc
NCOLS 100 
NROWS 79 
XLLCORNER 148.06 
YLLCORNER -21.49 
CELLSIZE 0.01 
NODATA_value -3.4e+38 
[rows 0 to 19 of 79, columns 0 to 45 of 100]
27.392950057983398 27.5048217773438 26.8659248352051 27.8328495025635 27.837703704834 28.095085144043 28.0860786437988 27.8066177368164 27.5643501281738 27.7259216308594 27.3227691650391 27.331111907959 27.3436183929443 26.3207168579102 26.724760055542 27.0567626953125 27.2404308319092 27.2858066558838 25.9736518859863 25.4437828063965 24.5466651916504 23.234827041626 23.6933517456055 24.9814605712891 25.5651779174805 26.1727905273438 25.7658843994141 25.725772857666 25.9971008300781 25.6303558349609 23.6267223358154 21.815544128418 19.788480758667 19.9325141906738 18.7545166015625 17.4969654083252 17.0698833465576 16.7754974365234 17.401834487915 19.1981964111328 20.7580795288086 21.0388507843018 21.5050258636475 27.0589427947998 26.6737442016602 25.6543598175049
28.0382919311523 27.043306350708 25.7053623199463 26.4021644592285 26.431489944458 27.3944988250732 27.810245513916 27.9464225769043 28.4923553466797 28.5877342224121 28.0244731903076 27.0832481384277 27.7033405303955 26.6924648284912 26.9783000946045 26.6513538360596 27.4348335266113 27.232593536377 26.5098991394043 25.6272888183594 25.8122844696045 25.0154094696045 24.7549839019775 25.1535301208496 25.579610824585 26.070764541626 26.4380168914795 26.4038963317871 26.0908107757568 25.6553897857666 24.6016998291016 22.746036529541 20.4725437164307 22.7826747894287 19.5841732025146 18.3162441253662 17.7305946350098 18.6590671539307 19.7054119110107 20.4260196685791 21.6153812408447 21.6189270019531 24.8093032836914 25.6097736358643 26.235912322998 25.1078052520752
27.856725692749 26.9582481384277 26.9723262786865 27.5118522644043 26.9147853851318 27.2574825286865 27.6414432525635 28.1046581268311 28.4921646118164 28.5823955535889 28.0942459106445 27.3613014221191 27.6775703430176 27.2443580627441 26.7000770568848 26.7399826049805 26.8181896209717 27.0993213653564 26.3317089080811 25.844934463501 25.3418636322021 25.6321449279785 25.1465797424316 25.4317798614502 26.2070388793945 26.3672504425049 26.3704624176025 26.3452568054199 26.5418167114258 26.0030345916748 26.2450294494629 24.9074649810791 25.9183673858643 22.8550262451172 24.8408508300781 18.9466991424561 17.9734897613525 17.6967792510986 18.7684726715088 19.7980575561523 21.2883281707764 27.3565940856934 27.2691040039062 23.8822135925293 23.731517791748 26.2800235748291
28.372594833374 28.1911373138428 27.2738132476807 28.2663860321045 27.5435848236084 27.064208984375 27.6295890808105 28.0165882110596 28.3140926361084 28.5029621124268 28.3000755310059 27.7784748077393 27.6844158172607 27.7023811340332 27.3787841796875 27.3232173919678 27.4202728271484 26.980411529541 26.7946891784668 25.8337535858154 25.5958137512207 25.354663848877 25.4504451751709 25.4707374572754 26.0547180175781 26.2545013427734 26.2207870483398 26.1990089416504 25.8894729614258 25.13987159729 25.2853927612305 26.3439121246338 25.0621356964111 23.0140628814697 19.1254997253418 18.2541332244873 18.4320888519287 17.8910064697266 17.8535213470459 17.4071006774902 18.9247817993164 20.9400806427002 24.3446788787842 27.897481918335 22.0594348907471 22.1182880401611
28.9896621704102 28.2555675506592 28.1222171783447 28.6185264587402 28.2457008361816 27.8236618041992 27.2135696411133 28.1122646331787 28.9291496276855 28.2436656951904 28.4324684143066 28.1058387756348 28.0508975982666 27.9344005584717 27.4946479797363 27.1403179168701 27.1403102874756 26.6170310974121 25.9629764556885 25.2366485595703 25.253547668457 25.7270889282227 25.7460155487061 25.962287902832 25.673095703125 25.6274147033691 26.7769298553467 26.0411510467529 25.9145393371582 26.1450672149658 25.4925079345703 25.6966762542725 24.954080581665 24.1185207366943 24.6739292144775 19.7484512329102 19.2741374969482 18.8061408996582 17.5001354217529 17.4607849121094 17.3252105712891 20.6072559356689 23.5834045410156 25.6058330535889 21.4936351776123 20.7296028137207
29.484977722168 28.8965129852295 28.2297496795654 28.5156364440918 28.7051734924316 28.1768741607666 28.1641883850098 28.3700485229492 28.5438899993896 28.3782615661621 28.2639904022217 28.6638355255127 28.2134380340576 27.7472667694092 26.8854370117188 27.1379909515381 27.0722599029541 26.3277931213379 25.6590709686279 25.1048908233643 25.1526947021484 25.7972316741943 25.8681201934814 25.797664642334 26.5529766082764 26.1691436767578 26.2919788360596 25.3465557098389 25.1693725585938 24.5960006713867 23.6758155822754 24.6426429748535 25.3088893890381 24.462423324585 24.0597248077393 24.3867778778076 19.8663768768311 19.3377799987793 18.8410110473633 18.3423519134521 17.5279541015625 19.7173252105713 24.6364631652832 23.6326141357422 21.7315826416016 19.2488880157471
28.5074367523193 29.1232089996338 29.0295829772949 29.3258419036865 28.8096218109131 28.5014953613281 27.6510486602783 27.9242210388184 28.4902725219727 28.6648349761963 28.910587310791 28.9273071289062 27.9475746154785 27.4107265472412 27.3343029022217 27.3735733032227 26.8847560882568 26.1969966888428 25.7288627624512 25.2192573547363 24.6659336090088 25.3336353302002 25.7801609039307 26.009635925293 26.2941913604736 26.6592826843262 26.5603485107422 25.7371520996094 25.5510101318359 23.8716678619385 23.0080909729004 22.1866302490234 23.3685169219971 24.1660442352295 24.0691356658936 23.6421279907227 20.1895236968994 18.5730724334717 18.6648979187012 18.5475330352783 18.4995441436768 20.0358238220215 25.4955921173096 26.5480937957764 21.9794464111328 24.9187088012695
29.1568241119385 28.6402740478516 29.415433883667 29.5429992675781 28.9224987030029 28.6929454803467 27.7300033569336 27.853235244751 28.3822212219238 28.5402336120605 28.4818286895752 28.3150844573975 27.5940685272217 28.0778350830078 27.9270820617676 26.740966796875 26.4317150115967 25.7277946472168 26.2200202941895 25.0537509918213 24.107889175415 24.6735248565674 25.1470966339111 26.1127872467041 26.3568992614746 26.6254119873047 26.4231014251709 25.5123062133789 25.1223945617676 24.686429977417 22.6623458862305 22.2039604187012 22.91233253479 22.6739387512207 23.1937351226807 23.5067863464355 19.481330871582 18.6457462310791 18.2888679504395 18.724027633667 18.8533802032471 19.8463325500488 20.7934379577637 21.7875194549561 21.8823490142822 19.913890838623
28.4352035522461 29.0537757873535 28.7175769805908 28.8807010650635 28.8071365356445 28.7892398834229 28.4087905883789 27.7007617950439 28.0714416503906 28.4520740509033 28.5808067321777 28.9979457855225 29.2369270324707 28.1132888793945 27.7453727722168 26.5396556854248 26.3337688446045 26.2652282714844 26.4815254211426 25.2483787536621 25.2479133605957 24.8719329833984 25.2022132873535 26.0222549438477 26.4644908905029 26.7402687072754 25.8515796661377 24.3233203887939 24.7742004394531 24.6315822601318 23.628511428833 22.6893634796143 22.3916473388672 21.7231159210205 24.2593536376953 22.2722091674805 23.1512775421143 23.4374237060547 18.4383792877197 18.2891960144043 18.3531799316406 18.5341110229492 18.981559753418 20.4413528442383 21.0235157012939 19.8310203552246
27.8314914703369 28.7129611968994 28.9266319274902 29.4109363555908 28.7890281677246 28.8798980712891 28.4405117034912 27.9943885803223 28.2050876617432 28.1019039154053 28.5120220184326 28.5980548858643 27.6081104278564 27.5174751281738 27.4792461395264 27.2435359954834 27.0812244415283 26.7967700958252 26.2867069244385 26.1543350219727 26.1796283721924 25.3705444335938 25.754415512085 26.4901790618896 27.172815322876 27.0761775970459 26.0110301971436 25.4505519866943 24.743091583252 23.6453514099121 22.8691272735596 22.5075206756592 22.5476703643799 23.205192565918 23.6242218017578 21.950216293335 18.9621639251709 22.2914543151855 18.9887237548828 18.0428009033203 18.0297412872314 17.6947021484375 18.2725028991699 19.2662658691406 19.2918930053711 19.055269241333
28.1922492980957 29.1744747161865 29.0117206573486 28.5011520385742 29.2482719421387 29.418643951416 28.8713836669922 28.3358840942383 28.4241428375244 28.3862838745117 28.7160568237305 28.1912460327148 27.9570655822754 26.901086807251 27.041841506958 27.0471363067627 26.9869728088379 27.1160106658936 26.7398948669434 26.7181835174561 25.6277256011963 25.5896053314209 25.4210586547852 26.2585735321045 26.5173187255859 27.3568096160889 25.7771301269531 23.9955997467041 23.3181819915771 23.1314601898193 22.7468338012695 23.1988468170166 23.8710308074951 23.8162631988525 23.3147163391113 21.5476493835449 19.1105499267578 18.7992782592773 18.8140430450439 18.0391082763672 18.1353454589844 17.6815662384033 17.5535717010498 18.282585144043 18.7398433685303 19.04563331604
28.6996822357178 28.1134872436523 28.6708488464355 28.8101768493652 28.8878021240234 29.8328075408936 29.1510372161865 28.4490413665771 28.2615756988525 28.5052623748779 28.2143592834473 28.71409034729 28.3916568756104 27.8892650604248 27.6648235321045 27.4291839599609 27.6265239715576 27.4278335571289 27.2283210754395 26.587553024292 25.8237056732178 25.4085884094238 25.8568878173828 25.8125190734863 25.6449718475342 26.2076854705811 24.7547874450684 24.0510940551758 23.5383739471436 23.7892379760742 24.0742282867432 24.0584506988525 23.9909954071045 23.5167274475098 23.443042755127 22.378454208374 23.1731967926025 18.1989040374756 18.8006420135498 19.0335941314697 18.8338985443115 18.5238742828369 17.6691703796387 18.4059104919434 18.6450786590576 18.7086410522461
28.8010005950928 28.8540458679199 28.8429489135742 29.5567722320557 29.4382743835449 29.5164737701416 28.8676414489746 28.1936893463135 28.5235157012939 29.474308013916 28.4991264343262 28.855619430542 28.2005844116211 28.6837844848633 28.2272815704346 27.9244823455811 28.4188327789307 27.9005260467529 27.6515579223633 26.4267997741699 26.2383880615234 26.6340827941895 26.6751804351807 27.0997695922852 26.9715423583984 26.4794006347656 26.11696434021 25.3442649841309 24.5583038330078 24.2578277587891 25.0989761352539 24.8220062255859 24.6688747406006 24.2090454101562 22.8958015441895 22.18581199646 21.0607280731201 22.3926582336426 21.2896385192871 19.6185150146484 18.1863784790039 17.9442253112793 17.5467739105225 17.2967262268066 18.9534778594971 19.2806262969971
29.4222946166992 29.6324653625488 28.3438777923584 28.8416500091553 28.4273853302002 28.451831817627 29.2037010192871 28.6467094421387 28.8716049194336 28.8112049102783 28.7716293334961 28.6042556762695 28.2523956298828 27.8101596832275 28.1560821533203 27.7777366638184 28.1595878601074 27.8864498138428 27.7080726623535 27.0656509399414 27.2808246612549 27.3509044647217 27.1111068725586 27.2304553985596 26.5200424194336 24.9102306365967 24.5140132904053 24.4984092712402 23.8374252319336 24.2093257904053 25.0837440490723 24.8807907104492 24.4451560974121 23.695499420166 23.0390453338623 24.5981769561768 23.1181125640869 19.4298706054688 23.5415554046631 24.8877735137939 24.1329002380371 19.5725345611572 18.6852951049805 18.5153770446777 19.0442123413086 19.8588676452637
28.0166053771973 28.1585750579834 28.6418285369873 29.0652828216553 28.8313789367676 28.6523914337158 28.6675472259521 29.3779792785645 28.3617134094238 28.1343898773193 28.1870040893555 27.982421875 27.4158020019531 27.3301658630371 27.6231651306152 27.1545600891113 27.9315032958984 27.9728889465332 27.817232131958 27.9219837188721 27.6538867950439 27.0364532470703 26.3432178497314 26.432710647583 26.3303680419922 26.186243057251 25.9051036834717 25.3572750091553 24.8292236328125 25.5057258605957 24.8640098571777 25.2272548675537 25.0643520355225 25.1050434112549 24.7311744689941 23.3640594482422 24.0424633026123 23.607967376709 23.386079788208 24.8200492858887 24.5585517883301 24.6264667510986 19.530366897583 18.6989517211914 19.1441879272461 20.1161079406738
26.5363273620605 27.9132804870605 28.7862720489502 28.4956684112549 29.2061576843262 29.1718692779541 28.9616012573242 28.5526466369629 29.1474075317383 28.6847991943359 27.2732524871826 27.9711494445801 26.9023761749268 26.1200256347656 27.1370449066162 27.0194530487061 26.4782752990723 27.0889415740967 27.8665409088135 27.6150951385498 27.4764575958252 27.2820053100586 27.1971340179443 27.1856327056885 26.8705787658691 26.527193069458 26.7314376831055 26.2923183441162 26.1244220733643 25.8159351348877 25.6005039215088 24.9743251800537 24.9787311553955 25.4401054382324 25.2809219360352 25.1783485412598 25.5933742523193 23.9637012481689 25.2850742340088 25.7997665405273 25.1043357849121 23.6462783813477 18.7562522888184 17.8544158935547 18.4768867492676 19.3170852661133
27.6658115386963 26.5948600769043 27.9427089691162 28.9494590759277 27.9707946777344 27.9538993835449 29.135326385498 28.4305973052979 28.3744812011719 28.7173385620117 27.6821918487549 27.6427841186523 26.5071220397949 25.9246444702148 26.7806758880615 25.7871341705322 25.7047691345215 26.6750888824463 26.7107715606689 26.9586029052734 27.4757251739502 27.4189834594727 26.8941020965576 26.9485397338867 26.2996196746826 25.7498207092285 25.1893043518066 25.5675354003906 26.140380859375 25.1427249908447 24.8019695281982 24.197437286377 24.4875659942627 25.2737331390381 25.517822265625 25.2715148925781 25.8017807006836 25.8385829925537 25.3600940704346 24.8313312530518 25.0542469024658 23.4918766021729 22.3170738220215 19.2990856170654 18.7759304046631 19.577938079834
28.0452575683594 27.8969326019287 27.9582252502441 29.1331481933594 28.4101715087891 28.8210029602051 29.3695278167725 29.4070205688477 29.6648807525635 29.416202545166 29.109375 28.6738777160645 26.7420406341553 26.1461219787598 26.5427856445312 26.0166664123535 25.7172660827637 25.5795269012451 24.9017391204834 26.140775680542 26.958309173584 27.7363662719727 27.9916152954102 27.3944110870361 26.0967636108398 24.6210117340088 23.9129467010498 24.5700435638428 25.4998893737793 25.0706729888916 24.8454666137695 25.6668891906738 25.5576286315918 25.527006149292 26.2110252380371 25.3239555358887 24.9046096801758 24.9028491973877 25.4408931732178 25.4751300811768 25.8656330108643 25.4847450256348 24.3412952423096 23.8528652191162 21.0539741516113 20.6505317687988
29.0582637786865 27.8407535552979 27.4444885253906 28.0237236022949 28.1724472045898 28.7839679718018 29.6097888946533 28.8361663818359 29.7401733398438 29.3948574066162 28.1567268371582 28.3998622894287 27.4672679901123 24.7525119781494 25.0968189239502 24.3806266784668 24.8172855377197 24.234281539917 25.3330249786377 26.3722896575928 27.5324153900146 27.3170318603516 27.8555793762207 27.7868003845215 26.4852848052979 25.2314910888672 23.8086204528809 24.2580623626709 25.7980365753174 25.010705947876 25.326587677002 26.0571937561035 26.8818073272705 26.8638153076172 26.0691242218018 25.7036762237549 25.1936740875244 25.2546863555908 25.9610824584961 25.9313144683838 26.0020027160645 25.899227142334 25.5939445495605 25.4390316009521 23.7117500305176 20.6410179138184
27.9366836547852 27.9797954559326 28.3710880279541 28.0629959106445 28.7558403015137 28.6571025848389 29.5870723724365 29.5783977508545 28.5537757873535 28.8903312683105 29.2645950317383 28.5050086975098 27.5634021759033 24.4081363677979 24.8920078277588 25.0044631958008 24.5804347991943 24.9143943786621 24.9389533996582 26.0723247528076 27.2843437194824 27.0112552642822 27.5728454589844 27.6506977081299 27.2165584564209 26.2436962127686 25.1101570129395 24.8265724182129 25.5583763122559 25.8280982971191 26.4892444610596 26.9310970306396 26.8577289581299 26.8815517425537 26.9660453796387 25.9712085723877 25.2412567138672 25.1327819824219 25.1401538848877 25.624942779541 26.4077892303467 25.9968109130859 25.0281543731689 25.214864730835 24.1375789642334 23.5649127960205
