inst/extdata/Tmax/Tmax91.asc
NCOLS 100 
NROWS 79 
XLLCORNER 148.06 
YLLCORNER -21.49 
CELLSIZE 0.01 
NODATA_value -3.4e+38 
[rows 0 to 19 of 79, columns 0 to 45 of 100]
31.689208984375000 31.3322410583496 30.2933731079102 30.7071704864502 30.8812885284424 31.3744964599609 31.6223754882812 31.8335914611816 31.8032417297363 31.6198654174805 31.0982227325439 30.8886775970459 30.8129539489746 29.4436645507812 30.0021877288818 30.4911079406738 30.9555206298828 30.9338359832764 30.0229110717773 29.2842884063721 29.1335372924805 28.103759765625 28.5965633392334 30.0627689361572 30.6626739501953 30.9661865234375 30.8437004089355 30.913516998291 30.5628795623779 30.1461791992188 29.1486949920654 27.0435829162598 28.4992485046387 28.4131240844727 27.0622215270996 25.8316230773926 25.7240028381348 25.3079395294189 26.1787185668945 28.3142910003662 30.1060066223145 30.4362297058105 31.3114528656006 31.7105312347412 31.9143466949463 32.0662307739258
31.4866695404053 30.9298553466797 30.1066284179688 30.223030090332 29.612060546875 30.6364116668701 31.30100440979 31.6892356872559 31.8560791015625 31.7361068725586 31.3611145019531 31.0281543731689 31.1746768951416 30.7114677429199 30.5391426086426 30.424165725708 30.9178524017334 30.9674224853516 29.8443965911865 29.1827297210693 29.792989730835 29.5264892578125 29.4128017425537 29.9310741424561 30.483865737915 30.7094974517822 31.0594043731689 31.011646270752 30.7753753662109 30.5385265350342 29.5704898834229 27.9818878173828 29.341682434082 28.8730087280273 28.1100997924805 27.018497467041 26.5378665924072 26.9700603485107 28.2183284759521 29.5375690460205 31.3054008483887 31.8063507080078 31.9614124298096 31.9651203155518 32.0315704345703 32.0821495056152
31.468132019043 30.5882453918457 30.7326927185059 30.8924732208252 30.3990211486816 30.5457019805908 31.027063369751 31.6970100402832 31.9240550994873 31.7827434539795 31.4656639099121 31.3408336639404 31.2530059814453 31.2068462371826 30.8748455047607 30.7192134857178 30.9851207733154 31.1764717102051 30.5272026062012 30.3225364685059 30.1674880981445 29.8143749237061 29.5629863739014 29.7170276641846 30.7137966156006 31.0421752929688 30.8711967468262 30.8601093292236 30.8713245391846 30.5187301635742 30.5971908569336 29.4636764526367 29.7603931427002 28.3352909088135 27.9960956573486 27.2751197814941 26.7039108276367 26.1686134338379 27.3590774536133 28.7660102844238 30.4087715148926 31.6222915649414 32.0087928771973 32.0916061401367 32.0730972290039 32.0230484008789
31.7045764923096 31.3305110931396 30.9675941467285 31.6931304931641 31.12082862854 30.6547527313232 31.1115093231201 31.7863998413086 32.0019264221191 31.8593368530273 31.7060146331787 31.6861000061035 31.5793514251709 31.4032859802246 30.9147434234619 30.732105255127 31.1729316711426 31.2438850402832 31.00026512146 30.4703273773193 30.1107425689697 29.696475982666 29.8014087677002 29.7728233337402 30.4745502471924 31.0021228790283 30.5921840667725 30.9228458404541 30.7178764343262 29.7543983459473 30.426549911499 30.5362548828125 29.6645755767822 28.2145576477051 27.5666007995605 26.574426651001 26.9098320007324 26.3492259979248 26.2266025543213 25.6791496276855 27.4812431335449 30.6706409454346 31.7779331207275 32.0423202514648 31.7527694702148 31.6386966705322
32.3504791259766 31.7310409545898 31.4696998596191 31.9636669158936 31.7078723907471 30.978645324707 31.0447177886963 31.8178329467773 32.0104179382324 31.5855121612549 31.6068572998047 31.8732204437256 31.7413463592529 31.4276313781738 31.0159702301025 31.2130126953125 31.3313293457031 31.0402565002441 30.5149879455566 29.6744289398193 29.9023189544678 30.1230487823486 30.2890434265137 30.5338401794434 30.5559616088867 30.178071975708 31.0755290985107 30.6286544799805 30.4861488342285 29.9177207946777 30.3569564819336 30.1655349731445 29.8114204406738 28.6627254486084 28.073356628418 28.4491024017334 28.1086311340332 27.4837532043457 26.8702583312988 26.0334434509277 25.6426010131836 29.6371917724609 31.4253711700439 31.9246864318848 31.1255855560303 30.285400390625
32.5268783569336 32.2581787109375 31.4574298858643 31.9820098876953 32.0841598510742 31.6092758178711 31.3036270141602 31.8577060699463 32.0658645629883 31.7397804260254 31.6246337890625 31.9680252075195 31.7974491119385 31.485538482666 30.7254962921143 31.3426246643066 31.2671852111816 30.7515773773193 30.1249389648438 29.65207862854 29.7828350067139 30.1075401306152 30.4924716949463 30.5058784484863 30.8720626831055 30.757604598999 30.874698638916 29.9827289581299 29.9917659759521 28.7307052612305 29.6084766387939 30.2025508880615 30.3297481536865 29.9481258392334 29.5412006378174 29.4778060913086 28.5097064971924 27.9489612579346 27.5793991088867 26.6428833007812 26.0751819610596 29.1279430389404 31.2836227416992 31.8671855926514 31.3004512786865 28.8660278320312
32.7509613037109 32.4652214050293 32.0383758544922 32.257640838623 32.2160301208496 31.7873306274414 31.0460338592529 31.7270240783691 31.9681701660156 32.1512222290039 32.0973320007324 31.9359169006348 31.4421844482422 31.5929203033447 31.5731563568115 31.418212890625 31.2096481323242 30.5615139007568 30.3257541656494 29.9846878051758 29.3177146911621 29.5823078155518 30.154167175293 30.631519317627 31.069091796875 30.9943943023682 31.0384407043457 30.4037666320801 29.9860458374023 28.579065322876 28.5997123718262 28.7607440948486 29.9142150878906 30.1301898956299 29.5939884185791 29.4756603240967 28.8192863464355 27.2018375396729 27.4952297210693 26.9924011230469 26.8170204162598 28.9078960418701 31.0293426513672 31.5911884307861 31.3427505493164 29.3841705322266
32.7436408996582 32.6485061645508 32.3309516906738 32.3837928771973 32.3531646728516 32.0536117553711 31.38112449646 31.2485179901123 31.6383514404297 32.0675849914551 32.2161407470703 31.8889999389648 31.0970115661621 31.3809032440186 31.6744651794434 30.8643207550049 30.8268814086914 29.9364414215088 29.8638095855713 29.6018295288086 28.8267154693604 29.4075756072998 29.94016456604 30.6232013702393 31.2092971801758 31.24001121521 30.760913848877 30.2381992340088 30.036527633667 29.1366882324219 27.5958633422852 27.9589538574219 28.3723278045654 29.0939178466797 29.5707893371582 28.8628005981445 28.9722194671631 27.9395408630371 26.7788219451904 27.1263217926025 27.3882369995117 28.733154296875 29.9686164855957 31.1874103546143 31.1388683319092 28.9906730651855
32.4503631591797 32.7418098449707 32.5695877075195 32.5290908813477 32.3884124755859 32.1098175048828 31.7006072998047 31.1599502563477 31.3865585327148 32.0261192321777 32.2340660095215 32.1940650939941 31.9586181640625 31.7933673858643 31.3718528747559 30.473482131958 30.7269611358643 30.4463176727295 30.6263980865479 29.5412082672119 29.5578289031982 29.4018268585205 29.5378742218018 30.3660449981689 31.0927429199219 31.3297080993652 30.2342796325684 29.1985893249512 29.3177738189697 29.2220306396484 28.533332824707 27.8995742797852 27.4066886901855 27.9654960632324 29.0610694885254 28.3473072052002 28.0905513763428 28.0451850891113 26.9464416503906 26.58323097229 26.8535766601562 26.9939918518066 28.076530456543 29.9955978393555 30.5666732788086 29.0851783752441
32.0996513366699 32.6222801208496 32.7272682189941 32.574291229248 32.3433952331543 32.2157249450684 32.0000686645508 31.462251663208 31.0840034484863 31.9212646484375 32.2253494262695 31.7645301818848 30.9163246154785 31.0136127471924 31.1562023162842 31.1431179046631 31.2070159912109 31.0455551147461 30.8098640441895 30.4499950408936 30.0737571716309 29.3375873565674 29.7517986297607 30.7744770050049 31.3371200561523 31.2277297973633 30.3927955627441 30.2171020507812 29.6187839508057 29.0177421569824 27.5554695129395 27.1269493103027 28.4043216705322 28.2508678436279 28.0183029174805 27.753999710083 27.518087387085 27.876672744751 27.248067855835 26.3893070220947 26.4400272369385 25.8139419555664 26.8184833526611 28.2056751251221 28.5964584350586 27.8586883544922
31.7061862945557 32.1085929870605 32.7399864196777 32.6413154602051 32.4981803894043 32.4147567749023 32.2091674804688 31.7775363922119 31.7753753662109 32.0753402709961 32.2663116455078 31.8325347900391 31.445442199707 30.5606536865234 30.7852611541748 31.1513366699219 31.3280410766602 31.5854625701904 31.0543079376221 30.8293628692627 30.3590507507324 29.9386177062988 30.0433559417725 30.7464275360107 31.2927474975586 31.1932926177979 30.3686046600342 29.4799652099609 28.299674987793 28.3107757568359 27.8971519470215 27.8533420562744 28.8853588104248 28.5930099487305 27.5421123504639 27.2548656463623 27.8340148925781 27.5076141357422 27.071741104126 26.4408378601074 26.5177841186523 26.236743927002 25.851448059082 26.7098197937012 27.2322959899902 27.6147499084473
31.5040683746338 31.6096897125244 32.6912879943848 32.7092208862305 32.6240272521973 32.4912033081055 32.3104248046875 31.9232063293457 31.9875259399414 32.358772277832 32.3115501403809 32.100658416748 31.6725482940674 31.0914459228516 30.984281539917 31.3718795776367 31.7752246856689 31.7810287475586 31.4798755645752 30.9330005645752 30.3325481414795 29.9544734954834 30.1670532226562 30.366979598999 30.6489868164062 31.0778484344482 29.9078140258789 28.9690589904785 28.26003074646 28.5570468902588 28.6506462097168 28.5734195709229 29.087495803833 28.4642887115479 28.1784534454346 28.0853633880615 27.5996265411377 26.9215888977051 27.5506992340088 27.8358383178711 27.3334350585938 26.825267791748 26.2302627563477 26.7633323669434 27.3977947235107 27.8836345672607
31.6911907196045 32.3205413818359 32.6714515686035 32.6418647766113 32.6737098693848 32.5757865905762 32.4333419799805 31.9966163635254 32.1191940307617 32.5122604370117 32.2898406982422 32.231372833252 31.9876823425293 32.0929145812988 31.9912166595459 31.984992980957 32.0226516723633 31.9429779052734 31.6861572265625 31.0640163421631 30.7480983734131 30.9710445404053 31.3085346221924 31.6101741790771 31.4465522766113 30.9447364807129 30.7181816101074 30.1443881988525 29.7153224945068 29.5067958831787 29.598503112793 29.3715476989746 29.2688274383545 28.590482711792 27.9335021972656 27.4135684967041 26.8042736053467 28.1201915740967 28.476188659668 28.4239082336426 26.8486385345459 26.7832794189453 26.2329559326172 25.9303894042969 27.4694175720215 28.1502780914307
32.2159309387207 32.4983062744141 32.5950775146484 32.5153579711914 32.5513458251953 32.6278343200684 32.5846290588379 32.4568405151367 32.2237548828125 32.407829284668 32.3887519836426 32.328670501709 32.190544128418 32.0839042663574 31.9710578918457 31.893762588501 32.0930366516113 32.0043296813965 31.8474445343018 31.7266139984131 31.6182308197021 31.5969486236572 31.3642539978027 31.5238075256348 30.999979019165 29.7823314666748 29.7375030517578 29.2586116790771 28.6099395751953 29.5520648956299 29.9022026062012 29.8778476715088 28.9883289337158 28.6373081207275 28.5069885253906 28.4516372680664 28.4481945037842 28.0898456573486 28.8462047576904 29.2715873718262 28.6601314544678 28.1385269165039 27.3958072662354 26.7692050933838 28.0290088653564 28.6371307373047
31.2930545806885 32.0061302185059 32.5449562072754 32.479850769043 32.3489074707031 32.4858283996582 32.4614410400391 32.276683807373 31.7888202667236 31.8633728027344 32.2829208374023 32.0763053894043 31.4584064483643 31.6790637969971 31.9192695617676 31.2688255310059 31.8190860748291 32.0608177185059 32.015251159668 31.9702033996582 31.917652130127 31.4493713378906 30.6891937255859 31.1810684204102 30.9893035888672 30.6754169464111 30.6035003662109 30.213472366333 29.7885932922363 30.1183986663818 30.078649520874 29.7857437133789 29.263765335083 29.5683288574219 29.535831451416 28.4296588897705 29.1150932312012 28.1238670349121 28.5177001953125 29.4413585662842 29.4290657043457 29.1400337219238 28.2553195953369 27.2937202453613 28.0470371246338 28.9680099487305
30.2661037445068 31.4777870178223 32.3905220031738 32.5633354187012 32.5006637573242 32.4879531860352 32.3912353515625 32.275505065918 32.0328559875488 31.4352416992188 30.9761352539062 31.886344909668 30.9043083190918 30.5533466339111 31.6163444519043 31.2032794952393 31.2025890350342 31.7855262756348 31.8361797332764 31.8533992767334 31.880859375 31.8740501403809 31.7223148345947 31.4525012969971 30.958833694458 30.510425567627 30.5484504699707 30.4943885803223 30.4393615722656 30.2324504852295 30.0417194366455 29.5781574249268 29.2630443572998 30.0394954681396 29.9055500030518 29.5967483520508 29.630220413208 28.9672088623047 28.56787109375 29.3834686279297 29.6271953582764 28.897008895874 27.4292945861816 26.1742477416992 26.6953105926514 28.7183647155762
31.4218635559082 31.2538681030273 31.9650192260742 32.2060775756836 32.4916152954102 32.4722900390625 32.3576278686523 32.2097320556641 32.0434112548828 31.7155113220215 30.9699363708496 31.4909210205078 30.2724418640137 30.0030326843262 30.9025821685791 30.7495899200439 29.9700756072998 31.2831382751465 31.292947769165 31.2862148284912 31.6102619171143 31.824291229248 31.7226505279541 31.2275619506836 30.2478084564209 29.5876426696777 29.1564350128174 29.5655670166016 30.2301158905029 29.568359375 29.3297786712646 28.4755802154541 29.3143043518066 30.3197422027588 30.1141471862793 29.898307800293 29.974925994873 29.4819145202637 29.0642147064209 29.4117240905762 29.6614551544189 28.3721580505371 27.245491027832 27.6156539916992 28.0336475372314 28.735595703125
31.5666847229004 32.0004692077637 32.1132011413574 32.1474685668945 32.3325004577637 32.4176139831543 32.370044708252 32.2886734008789 32.1223907470703 31.6001224517822 31.155668258667 30.739896774292 30.2893810272217 29.8916702270508 30.5061779022217 30.3584232330322 30.4091758728027 30.2217502593994 29.9454078674316 29.9409217834473 31.3061046600342 31.6508979797363 31.6425933837891 31.5322608947754 30.8506107330322 29.5305423736572 27.962869644165 28.9123611450195 29.8535480499268 28.7783813476562 29.2248458862305 29.9192790985107 30.2754669189453 30.6088409423828 30.5192928314209 30.2990646362305 29.7634315490723 28.8184642791748 29.3569011688232 29.6358261108398 30.0210762023926 29.6339988708496 29.4760723114014 29.4631862640381 29.4192485809326 28.7809715270996
31.8325119018555 31.8410797119141 31.6894264221191 31.8258075714111 32.3707275390625 32.2658805847168 32.3096694946289 32.3089790344238 32.2185363769531 31.8246803283691 30.5591812133789 30.6832809448242 30.2064075469971 28.9615592956543 29.8007774353027 29.5565338134766 29.3864116668701 28.6340980529785 29.5832271575928 30.0196228027344 31.2931709289551 31.3467960357666 31.5223560333252 31.6590156555176 30.6811466217041 29.4733734130859 28.1940650939941 29.0888423919678 29.7999362945557 29.2518043518066 29.8293056488037 30.3610725402832 30.816104888916 30.8360004425049 30.3409366607666 30.0535774230957 29.6582946777344 29.3640537261963 29.981595993042 30.0932102203369 30.1515846252441 30.074893951416 29.9485569000244 29.2171020507812 28.2715187072754 28.2415008544922
31.9906768798828 32.0020370483398 31.9990463256836 31.8544616699219 32.3767700195312 32.3932685852051 32.3491172790527 32.3019866943359 32.2407035827637 32.1418838500977 31.7807064056396 30.956262588501 30.0265808105469 28.7251262664795 29.0924854278564 29.0650272369385 28.6007995605469 28.9356060028076 29.2278442382812 30.3999881744385 31.3074321746826 30.8523921966553 31.6725082397461 31.5104331970215 30.8454608917236 30.584379196167 29.3942947387695 29.5339317321777 29.9424724578857 29.7591648101807 30.4652309417725 30.4509143829346 30.9693222045898 30.9010028839111 30.7420673370361 30.4737396240234 29.5398273468018 29.7453670501709 30.0563621520996 30.0628833770752 30.1140575408936 29.9703998565674 29.8996887207031 29.3286533355713 29.255989074707 29.1213130950928
