inst/extdata/Tmax/Tmax58.asc
NCOLS 100 
NROWS 79 
XLLCORNER 148.06 
YLLCORNER -21.49 
CELLSIZE 0.01 
NODATA_value -3.4e+38 
[rows 20 to 39 of 79, columns 0 to 45 of 100]
41.095180511474602 41.1110916137695 41.0921096801758 41.0522994995117 41.0681343078613 41.1873054504395 41.0883941650391 41.0085754394531 40.9349975585938 40.831470489502 40.6348457336426 40.1854858398438 39.7495994567871 39.1655387878418 37.9669570922852 37.5581092834473 37.4755706787109 38.3221817016602 39.2104911804199 39.6378326416016 39.6493835449219 39.6488723754883 40.0067405700684 40.0271034240723 39.8553504943848 39.5394973754883 38.8752975463867 37.9761428833008 38.4297943115234 38.4953155517578 39.1454391479492 39.1438064575195 39.2879104614258 39.2427253723145 39.1907501220703 38.9205207824707 38.482120513916 38.4774894714355 37.964485168457 38.2325782775879 37.9899063110352 37.2028427124023 37.4328231811523 37.4825744628906 37.6076431274414 37.6344680786133
41.1818199157715 41.2261352539062 41.2204284667969 41.1794738769531 41.181999206543 41.1775703430176 41.0208930969238 40.9358329772949 40.9081115722656 40.8363151550293 40.7002334594727 40.4994812011719 40.2454795837402 39.3683280944824 38.0090751647949 37.696460723877 37.8954963684082 38.5944786071777 39.011173248291 39.3069343566895 39.4315299987793 39.3216285705566 39.8939437866211 40.0348014831543 39.8185348510742 39.8273086547852 39.7883796691895 38.9424362182617 38.7651100158691 39.3237571716309 39.4440269470215 39.3110198974609 38.9468421936035 38.2840423583984 38.2973289489746 38.2653198242188 38.7388801574707 37.9706268310547 37.5307579040527 37.8642845153809 37.4371528625488 37.5254554748535 37.2078399658203 36.3474884033203 36.5966606140137 37.2938995361328
41.2672004699707 41.2944374084473 41.2856750488281 41.2676391601562 41.2468681335449 41.2072372436523 41.0069160461426 40.8727684020996 40.8133087158203 40.7772026062012 40.6509666442871 40.5630798339844 40.3715744018555 39.7735290527344 38.7714996337891 37.9977607727051 37.3920669555664 37.8102798461914 38.3016319274902 38.9878883361816 39.058765411377 39.1259613037109 39.8057441711426 39.5656280517578 39.1053276062012 39.5003929138184 39.573127746582 39.6415405273438 39.3268928527832 39.3615493774414 39.0657424926758 38.8449974060059 38.2167091369629 37.8711814880371 37.6463317871094 37.8167152404785 37.7266807556152 37.2025947570801 37.1509399414062 37.0547561645508 36.7641296386719 36.0911827087402 36.728572845459 36.4546546936035 35.5787773132324 36.7945899963379
41.2839469909668 41.2883911132812 41.2774505615234 41.2666854858398 41.2220840454102 41.2096099853516 41.1182136535645 40.8017349243164 40.6854934692383 40.705509185791 40.5091133117676 40.2971496582031 40.402759552002 40.0148811340332 39.3100738525391 38.590389251709 37.8232231140137 37.5201873779297 38.0463371276855 38.3038330078125 38.7582855224609 39.6700553894043 39.3900604248047 38.7932929992676 38.8932304382324 39.0250511169434 38.7013244628906 39.7021751403809 39.7208290100098 39.5623931884766 39.3071403503418 38.1262817382812 37.8172988891602 37.9624099731445 38.306396484375 37.8020362854004 36.9783363342285 36.4812850952148 37.0824966430664 36.6182556152344 35.963134765625 34.6841659545898 35.3851280212402 36.3940315246582 34.7936210632324 35.9335975646973
41.2677459716797 41.2950286865234 41.2810516357422 41.2400894165039 41.1968650817871 41.1961898803711 41.1842002868652 40.9944877624512 40.8035507202148 40.6174087524414 40.5035095214844 40.4492416381836 40.2650299072266 39.9524612426758 39.2690238952637 38.6299133300781 37.9359893798828 37.5656623840332 37.7284965515137 37.7062149047852 38.7556648254395 39.4624900817871 38.4599647521973 37.9593925476074 38.6478462219238 38.60205078125 38.7346534729004 39.499153137207 39.7556800842285 39.3347549438477 39.2668952941895 38.9970703125 38.959587097168 39.015453338623 38.6536712646484 38.3122711181641 37.8548049926758 36.8553581237793 36.6361427307129 36.3865356445312 34.8425025939941 34.3033866882324 34.6689910888672 36.2650680541992 34.508602142334 34.8129730224609
41.258659362793 41.2549476623535 41.2252426147461 41.1809272766113 41.1656379699707 41.1669502258301 41.1824493408203 41.1329345703125 40.9695320129395 40.7068367004395 40.5155792236328 40.3655586242676 40.2156181335449 39.8030624389648 39.3893814086914 38.8750686645508 38.3022346496582 37.9596214294434 38.3442192077637 38.9405670166016 38.9033432006836 38.7834587097168 38.3325614929199 37.1718940734863 37.6103820800781 38.2705574035645 38.3771667480469 39.5619621276855 39.7560768127441 39.3572616577148 38.4138717651367 39.0466613769531 38.8944244384766 38.7503890991211 38.4475936889648 38.0932579040527 37.9452743530273 36.6242370605469 35.469165802002 35.8085975646973 34.5003242492676 35.2303504943848 35.5105857849121 36.2936401367188 35.380012512207 34.3999061584473
41.1948661804199 41.1975135803223 41.1651458740234 41.1506805419922 41.1232528686523 41.1002883911133 41.1645774841309 41.1649208068848 41.017879486084 40.6106948852539 40.4979667663574 40.2381820678711 40.2102127075195 39.8647994995117 39.1866455078125 38.2072257995605 37.8421859741211 37.9849014282227 38.3900184631348 38.2846336364746 38.4301223754883 39.1777801513672 39.0268669128418 37.6696624755859 37.2819023132324 38.0918426513672 38.7636108398438 39.6495971679688 39.732250213623 39.4886207580566 38.5667572021484 38.2003555297852 38.9815483093262 38.389461517334 37.952465057373 37.2130851745605 36.9304237365723 37.0048522949219 36.050106048584 34.8634414672852 34.4768180847168 34.7458457946777 34.6245155334473 35.538387298584 34.675968170166 34.0688514709473
41.1051025390625 41.1033401489258 41.092845916748 41.1111068725586 41.106632232666 41.1313552856445 41.1821746826172 41.1758422851562 41.0971069335938 40.8884773254395 40.6538047790527 40.3958969116211 40.2699165344238 40.0769004821777 39.2517852783203 38.2072944641113 37.8917579650879 37.8148422241211 37.9121398925781 37.8707962036133 38.8652381896973 39.385326385498 38.8932800292969 38.111629486084 37.5805892944336 37.7672386169434 37.8521347045898 39.2434616088867 39.6235466003418 39.4883918762207 38.6154632568359 38.5045585632324 38.8171653747559 38.0678405761719 37.4425735473633 36.9188499450684 36.0753440856934 36.6890029907227 36.5209007263184 34.8646621704102 34.4421920776367 34.5975036621094 34.4866600036621 35.0033874511719 34.4459953308105 34.1504364013672
40.6949615478516 40.6387557983398 40.8340835571289 41.0734901428223 41.1602668762207 41.2038803100586 41.1971969604492 41.1751976013184 41.0347175598145 40.9168434143066 40.7548637390137 40.2684516906738 40.324161529541 40.1709671020508 39.7024536132812 38.60595703125 37.9279937744141 37.4283409118652 37.6968955993652 38.4761772155762 38.9041481018066 39.1842079162598 38.3981437683105 37.7266654968262 37.5385780334473 37.6491546630859 38.0131912231445 38.7660369873047 39.5245399475098 39.5871276855469 39.0160675048828 38.7118682861328 38.2892723083496 37.3706855773926 36.3106460571289 35.9099235534668 35.5860900878906 35.7510299682617 35.8698921203613 35.4875221252441 34.9881973266602 35.0848770141602 34.8023986816406 34.5810775756836 34.5695152282715 34.4870719909668
39.9403381347656 40.6830825805664 40.930721282959 40.6833877563477 41.1327362060547 41.233154296875 41.2186012268066 41.1826705932617 40.9883804321289 40.8398818969727 40.8074684143066 40.5488586425781 40.3212585449219 40.1827583312988 39.9401473999023 39.4683036804199 38.9549217224121 37.6800956726074 37.9534606933594 38.0046272277832 38.1219673156738 38.9303436279297 38.5301170349121 37.7818336486816 37.5734939575195 37.3615036010742 37.3132247924805 38.7478256225586 39.5727920532227 39.6521072387695 38.7567749023438 37.8779258728027 37.5803985595703 37.2449417114258 36.9843215942383 36.0537757873535 35.9628067016602 35.5675354003906 35.1669502258301 35.3792686462402 36.9694023132324 37.0168151855469 35.9830131530762 34.6612243652344 35.5882949829102 35.66162109375
40.2250442504883 40.9716186523438 40.9587478637695 40.4763488769531 41.1168899536133 41.245433807373 41.2514266967773 41.2115249633789 41.138053894043 40.9236946105957 40.809009552002 40.7164649963379 40.5412940979004 40.3399658203125 40.0641288757324 39.5344009399414 38.7800521850586 38.3420143127441 37.9033432006836 38.114574432373 38.1623878479004 38.5264625549316 37.9552192687988 37.7773399353027 37.479076385498 36.8797607421875 37.118709564209 38.6731300354004 39.4595756530762 39.505500793457 39.4840278625488 39.2842407226562 38.1752624511719 37.3158226013184 37.2315940856934 36.7760543823242 36.8658294677734 36.6710624694824 36.2678909301758 36.6809768676758 38.0043830871582 38.0691986083984 37.5824317932129 37.0505714416504 36.920825958252 36.3769378662109
40.9086456298828 41.1192169189453 41.1367416381836 41.1114845275879 41.1587982177734 41.257266998291 41.2478942871094 41.2187881469727 41.1552429199219 41.0698547363281 40.8923072814941 40.8057136535645 40.6978569030762 40.4995422363281 40.2472381591797 39.8048439025879 39.0377044677734 38.623477935791 37.965934753418 37.8432464599609 37.8847351074219 38.251838684082 37.8905601501465 37.6334266662598 37.5535583496094 37.5570182800293 38.2544021606445 39.1472969055176 39.5315284729004 38.9812126159668 38.8820381164551 38.8678092956543 39.0962257385254 38.551326751709 38.2897796630859 37.5985870361328 38.5144653320312 38.3442764282227 38.3084106445312 38.3214874267578 38.0634651184082 37.2059936523438 36.3318367004395 36.0162696838379 35.8707389831543 35.1805038452148
40.6969146728516 41.2938232421875 41.3063735961914 41.2940254211426 41.2654571533203 41.2472763061523 41.1909370422363 41.2037353515625 41.172119140625 41.1313514709473 41.0655708312988 40.9243812561035 40.7460098266602 40.5853157043457 40.3975868225098 40.1603050231934 39.7263107299805 39.1012229919434 38.4084930419922 37.7447624206543 37.7476692199707 38.1249771118164 37.9903411865234 37.7134971618652 37.5611534118652 37.6810150146484 38.9203834533691 39.5378303527832 39.6100234985352 39.412483215332 38.8965682983398 38.3396301269531 38.9519195556641 39.0688362121582 39.1082725524902 38.523681640625 38.9644546508789 38.6354331970215 38.485424041748 38.2989730834961 37.1729125976562 35.8923034667969 34.6989669799805 34.9922256469727 34.8914680480957 33.9630889892578
40.5889358520508 41.1146621704102 40.9222564697266 40.7946319580078 40.8870964050293 41.1853713989258 41.1532402038574 41.1470603942871 41.1335601806641 41.0965995788574 41.0429954528809 40.9854545593262 40.8656768798828 40.7111129760742 40.5550765991211 40.3388557434082 39.944938659668 39.5426559448242 39.2791213989258 38.6962509155273 37.821590423584 38.0019493103027 37.7762832641602 37.8183898925781 37.6850814819336 37.6371078491211 38.5532188415527 39.4912414550781 39.5772972106934 39.2216758728027 39.070930480957 38.1160926818848 38.3443336486816 38.5355339050293 38.8013229370117 38.9338874816895 38.7648544311523 38.573314666748 38.1501922607422 38.1987724304199 37.8647308349609 36.7559204101562 35.9979705810547 36.4632720947266 36.0465202331543 34.9919319152832
40.9013900756836 41.1206207275391 40.7339553833008 40.1265182495117 40.1996994018555 40.9992065429688 41.1440162658691 41.090160369873 41.0787048339844 41.0664978027344 40.9745063781738 40.9771308898926 40.9102668762207 40.7920799255371 40.6406364440918 40.4545440673828 40.1675834655762 39.5504455566406 39.167667388916 38.7338943481445 38.1015739440918 37.9900512695312 37.8005065917969 37.5843734741211 37.5311889648438 37.8523445129395 38.831169128418 39.4625701904297 39.0070724487305 38.7904090881348 38.8573608398438 38.5133361816406 38.2080574035645 37.8916893005371 37.6291732788086 38.0339736938477 37.8308334350586 38.0896873474121 37.9928321838379 37.7909965515137 37.5353164672852 37.7887268066406 37.5333213806152 37.2297515869141 36.6769371032715 36.2273597717285
41.0344009399414 41.0971908569336 40.8939056396484 40.6004409790039 40.3118782043457 40.7724494934082 41.0009841918945 40.9968414306641 41.0124969482422 41.0385513305664 41.0041923522949 41.005687713623 40.9290313720703 40.8539581298828 40.6990280151367 40.4896354675293 40.2634124755859 40.0383338928223 39.6671943664551 39.0688781738281 38.7022552490234 38.4360389709473 37.9514923095703 37.3416786193848 37.4656219482422 37.6687393188477 38.9277038574219 39.3438720703125 37.6643333435059 37.2734794616699 37.8267517089844 37.9869422912598 37.9214248657227 37.7034606933594 37.2440376281738 36.9886360168457 37.4286117553711 37.259464263916 37.2048873901367 37.1347160339355 36.8732757568359 36.5797729492188 36.7648315429688 37.1577262878418 36.5767097473145 35.5395088195801
40.9330978393555 40.9393310546875 40.9256439208984 40.6635246276855 40.3954277038574 40.5389556884766 40.6970634460449 40.8444633483887 40.9162063598633 40.9976425170898 40.9571723937988 40.9189453125 40.9675827026367 40.8842811584473 40.7573356628418 40.500301361084 40.4592094421387 40.2889862060547 40.0489807128906 39.6900329589844 39.536491394043 38.7974395751953 38.2352027893066 37.7830810546875 37.7565498352051 38.0817909240723 38.976505279541 38.8491706848145 38.5632667541504 38.4438133239746 37.7302284240723 37.6364250183105 37.4397392272949 37.2846870422363 36.6025924682617 36.205020904541 36.3662948608398 36.2918014526367 36.4815139770508 36.2733726501465 36.2372589111328 35.3734283447266 35.985725402832 36.7319984436035 36.493236541748 35.1425323486328
40.4730567932129 40.7458839416504 40.8943023681641 40.7801780700684 40.5821533203125 40.4451560974121 40.4002265930176 40.705451965332 40.7808837890625 40.9089241027832 40.9564208984375 40.9198913574219 40.9468078613281 40.9360389709473 40.75830078125 40.6444396972656 40.5576515197754 40.4194679260254 40.2561225891113 40.055347442627 39.850658416748 39.1838645935059 38.1273307800293 38.1845512390137 37.5282859802246 38.0365943908691 38.8767280578613 38.3368682861328 38.4807434082031 38.8687324523926 38.7383728027344 38.5601654052734 37.9356307983398 37.5240707397461 36.0606918334961 34.8550643920898 34.8640403747559 34.737621307373 34.6788215637207 35.0928344726562 35.2217712402344 35.3822250366211 35.520450592041 36.2952690124512 36.1397438049316 35.7560539245605
40.5987510681152 40.6624450683594 40.7466621398926 40.7037391662598 40.6502456665039 40.3531112670898 40.1250495910645 39.8671379089355 40.4372825622559 40.8548049926758 40.9479713439941 40.9502143859863 40.9936752319336 40.9661064147949 40.6782493591309 40.3006782531738 40.2987365722656 40.3090667724609 40.3239517211914 40.1920509338379 40.0408325195312 39.6432991027832 38.6216125488281 38.8735008239746 37.9752540588379 37.945987701416 38.0606880187988 38.3097839355469 37.3312683105469 37.914737701416 37.551815032959 37.6196060180664 38.7123680114746 38.3041191101074 37.4118995666504 35.3281135559082 34.4391021728516 34.4213447570801 33.768856048584 34.1559028625488 34.7298927307129 34.7018852233887 34.7432746887207 35.9819602966309 35.5519943237305 35.0376968383789
40.6844749450684 40.5944938659668 40.6087913513184 40.4111480712891 40.5701713562012 40.4708137512207 40.2336387634277 39.9746131896973 40.1290283203125 40.6528511047363 40.8484573364258 40.980297088623 40.993595123291 40.9396209716797 40.8634834289551 40.4858818054199 40.1270370483398 39.9116592407227 40.1267471313477 40.2111358642578 40.062198638916 39.8973197937012 39.5844688415527 39.0415916442871 38.0416526794434 37.8204536437988 37.7571754455566 37.8032455444336 37.8256645202637 37.3133964538574 36.7603569030762 37.4415168762207 38.5012054443359 37.8083267211914 37.9798545837402 37.4644622802734 37.0341567993164 36.8874282836914 35.9565200805664 34.8981819152832 35.5447731018066 35.2301559448242 35.554313659668 35.7020034790039 35.3993797302246 34.940128326416
