inst/extdata/Tmax/Tmax156.asc
NCOLS 100 
NROWS 79 
XLLCORNER 148.06 
YLLCORNER -21.49 
CELLSIZE 0.01 
NODATA_value -3.4e+38 
[rows 20 to 39 of 79, columns 46 to 91 of 100]
30.1254444122314 28.3252029418945 28.5514373779297 30.0139961242676 29.7470188140869 29.1703586578369 28.8885841369629 27.6685047149658 29.591983795166 31.1872005462646 32.348949432373 31.8592300415039 31.8396415710449 32.5181312561035 32.1505432128906 31.8682956695557 32.1774368286133 32.798656463623 32.9757270812988 32.9860649108887 32.9256286621094 32.8046760559082 33.1273727416992 33.2428131103516 33.2203140258789 33.167911529541 33.0899848937988 33.1570205688477 33.1517639160156 32.8364219665527 32.933765411377 33.2398262023926 33.1565589904785 32.8905868530273 32.9253044128418 32.9295425415039 32.8778266906738 32.9039077758789 32.9168586730957 32.9111099243164 32.8591766357422 32.7379608154297 32.1797370910645 32.0971870422363 32.367618560791 32.390682220459
30.425271987915 28.2851142883301 27.0702438354492 28.8692321777344 28.7367706298828 28.1753425598145 29.0858116149902 27.1168308258057 28.4365406036377 30.6493759155273 32.0424690246582 30.6201457977295 29.9321632385254 31.8966312408447 30.6319427490234 30.25803565979 31.1958312988281 32.6202964782715 32.6345748901367 33.0973968505859 33.2116851806641 33.213134765625 32.9903259277344 32.6549415588379 32.6792945861816 32.7849388122559 32.9882583618164 32.9877815246582 32.9214706420898 32.864933013916 33.2043151855469 33.2777709960938 33.2382316589355 32.8786239624023 32.9975357055664 32.9821662902832 32.87548828125 32.9130897521973 32.9415016174316 32.9602394104004 32.8637733459473 32.7889289855957 32.6225929260254 32.4471244812012 32.3281211853027 32.3374176025391
31.0680675506592 30.5544986724854 28.5672645568848 27.8989353179932 27.4082183837891 28.6130619049072 28.0012950897217 28.271800994873 27.6411972045898 28.6336097717285 31.0345306396484 31.4763526916504 29.8501720428467 30.2828273773193 29.9200954437256 30.5312728881836 31.6762180328369 32.1175308227539 30.6762504577637 32.0509147644043 32.9318466186523 33.0134620666504 32.3536376953125 31.4970092773438 32.1739730834961 32.1893692016602 32.8486099243164 33.0779190063477 32.784740447998 33.0311698913574 33.2343673706055 33.3027877807617 33.3181419372559 33.2766952514648 33.190845489502 33.02587890625 32.857292175293 32.7431144714355 32.8425369262695 32.9749183654785 32.8956146240234 32.8589935302734 32.608585357666 32.5084114074707 32.3902626037598 32.5561256408691
30.3694705963135 30.2020378112793 29.5423851013184 28.7182140350342 27.1727256774902 27.9564304351807 28.6433753967285 28.8590698242188 28.6059703826904 28.1394538879395 29.5833721160889 29.5679740905762 30.5371704101562 28.7650604248047 29.6736831665039 31.2879085540771 31.2655334472656 31.6770439147949 30.2328643798828 32.4546203613281 33.2991485595703 33.1800270080566 32.1554298400879 30.7246227264404 32.0862998962402 32.3009414672852 32.4400672912598 32.9615364074707 33.1959648132324 33.2841148376465 33.3230133056641 33.3709373474121 33.3667221069336 33.2983703613281 33.2162742614746 33.0746726989746 32.6496238708496 32.3003387451172 32.4739608764648 32.8028182983398 32.8085021972656 32.9003219604492 32.6556663513184 32.654468536377 32.4086418151855 32.4564018249512
28.2846336364746 29.6937427520752 30.0922431945801 29.8404998779297 28.7528743743896 28.0960788726807 28.1071090698242 27.7800693511963 28.7360286712646 28.1677684783936 28.178653717041 27.6844635009766 29.7615909576416 30.6905727386475 29.8196315765381 30.957010269165 31.7989711761475 32.4345016479492 32.1043815612793 33.2182540893555 33.2233581542969 33.0636978149414 32.3173217773438 31.4238262176514 32.3009414672852 32.6395454406738 32.3431396484375 32.4725303649902 32.613353729248 33.1668510437012 33.0160179138184 33.3847465515137 33.2797012329102 33.2670593261719 33.2018127441406 32.8637237548828 32.7931251525879 32.1979293823242 31.9213981628418 32.4606742858887 32.6406402587891 32.7758827209473 32.6195793151855 32.7086791992188 32.7956161499023 32.6518898010254
26.7005176544189 27.7742290496826 29.201042175293 29.1251258850098 28.2340145111084 27.438045501709 27.0271606445312 26.4142208099365 27.7159061431885 28.3970489501953 27.8421974182129 28.1054630279541 29.6454849243164 31.7333698272705 31.19091796875 31.2838668823242 31.4575424194336 32.9586944580078 33.0685882568359 33.0587425231934 33.0504493713379 32.7111740112305 31.3728199005127 31.4367084503174 31.5700931549072 32.2899475097656 32.0249366760254 31.3841934204102 32.0907135009766 33.2314834594727 33.1923370361328 33.344367980957 33.3293609619141 33.3265800476074 33.2094345092773 33.0717697143555 33.1141662597656 32.5001068115234 31.9755783081055 32.3644599914551 32.0569839477539 32.2281837463379 31.9492359161377 32.6754951477051 32.7478828430176 32.7571258544922
26.5593433380127 26.398078918457 27.1824245452881 27.8849658966064 28.6368656158447 26.2233505249023 25.9385795593262 26.8634796142578 27.4265766143799 28.2476272583008 28.2842235565186 28.7604293823242 30.6906585693359 31.6758880615234 32.2177886962891 32.4054870605469 32.5612640380859 33.1157073974609 32.7242012023926 32.5457534790039 32.5814323425293 32.1047439575195 32.3115997314453 32.6079559326172 32.6208114624023 31.9942932128906 31.5659847259521 32.5677185058594 32.866340637207 32.8458976745605 32.2744483947754 33.0128555297852 33.2074279785156 33.3215751647949 33.3332481384277 33.2604064941406 32.9373626708984 32.6149406433105 32.727912902832 32.498119354248 32.3908042907715 31.8246250152588 32.3689460754395 32.6165580749512 32.5612716674805 32.4824256896973
26.7399749755859 26.1940002441406 26.5363368988037 26.8141498565674 27.4196624755859 25.6088562011719 25.326488494873 25.7705097198486 27.1956958770752 28.0286483764648 27.4755039215088 28.1278076171875 29.1546516418457 30.4482498168945 31.9970989227295 31.6487712860107 32.8384857177734 33.1117706298828 32.3532829284668 31.5596694946289 32.2531929016113 32.4734573364258 32.8257827758789 33.0789375305176 33.2009582519531 32.749885559082 32.7727546691895 33.1723899841309 33.2633399963379 32.5394325256348 32.089427947998 32.6992111206055 32.8425979614258 33.3026123046875 33.374195098877 33.3354721069336 33.201847076416 33.0055236816406 32.6098022460938 31.8079853057861 31.5804252624512 31.4672622680664 31.5337238311768 32.2918548583984 32.3773918151855 32.8279724121094
27.6780681610107 27.2194652557373 28.0542640686035 27.8978481292725 27.4821186065674 25.9653568267822 26.8295059204102 26.5570163726807 26.9074325561523 27.5709629058838 27.2770614624023 27.5951652526855 27.7625846862793 30.2185554504395 31.5641937255859 30.8081874847412 32.4182205200195 32.7380981445312 32.4068450927734 31.2044486999512 31.4918212890625 32.6769790649414 33.1138343811035 33.2531509399414 33.2781600952148 33.1740493774414 33.1909866333008 33.3333358764648 32.9560432434082 32.227783203125 32.1065292358398 32.8412971496582 33.3054962158203 33.3676986694336 33.3815307617188 33.3779258728027 33.3580627441406 33.242000579834 33.0075912475586 31.8250503540039 31.2170219421387 30.369457244873 31.4535808563232 31.4732532501221 32.465274810791 32.887580871582
29.4363746643066 29.283224105835 28.6470108032227 28.5963191986084 28.0304660797119 27.5068893432617 27.1968441009521 26.1229381561279 26.8338565826416 26.2917633056641 25.7963447570801 27.230411529541 27.6275939941406 29.7350692749023 30.8114814758301 30.0163669586182 30.800443649292 31.6467666625977 32.2517547607422 32.1205978393555 31.6355781555176 32.6858940124512 33.1966285705566 32.9837036132812 32.9565200805664 32.6197662353516 33.0670280456543 33.335765838623 32.3891983032227 31.5056419372559 32.2338485717773 32.8641204833984 33.2548637390137 33.3609924316406 33.3952026367188 33.3632965087891 33.3669052124023 33.2964668273926 33.1257743835449 32.7435760498047 32.0522613525391 31.5501499176025 31.1174221038818 30.9408760070801 31.9113807678223 32.466682434082
28.2008094787598 28.2184944152832 28.269660949707 27.8889789581299 27.3763999938965 27.6364154815674 26.6693496704102 26.1301918029785 25.6068630218506 25.7112674713135 25.1041259765625 26.0752182006836 26.0807304382324 28.5467987060547 29.7018585205078 28.4245281219482 29.0478458404541 30.772533416748 32.2018852233887 32.8011322021484 32.2801933288574 32.9410057067871 33.1656837463379 32.7339057922363 32.713680267334 32.8524284362793 33.3522567749023 33.3240127563477 32.7689056396484 32.0884552001953 32.5035018920898 32.8203773498535 33.2902641296387 33.3366851806641 33.3092193603516 33.3027496337891 33.3242568969727 33.2691650390625 33.215446472168 33.0337524414062 32.7987976074219 32.2484436035156 31.8682193756104 31.8526668548584 32.119384765625 32.5857429504395
27.3835639953613 27.6856651306152 27.5756912231445 27.539981842041 26.5653324127197 27.4570579528809 26.4181461334229 25.1293697357178 24.5137310028076 24.9300804138184 24.5951461791992 25.318904876709 26.156192779541 28.2278099060059 28.5928611755371 28.1981639862061 30.5591945648193 31.6048355102539 32.4170570373535 32.9373207092285 33.2368965148926 33.2996711730957 33.2383499145508 33.141300201416 32.9032974243164 33.2231979370117 33.3592758178711 33.232307434082 32.8428840637207 32.1835403442383 32.2971725463867 32.9365501403809 33.1821365356445 32.714183807373 33.1265602111816 33.2692527770996 33.2689933776855 33.2522583007812 33.2317504882812 33.1436538696289 32.8606834411621 32.0832366943359 32.4696960449219 32.5405960083008 32.4702911376953 32.4218521118164
26.6172313690186 26.9629993438721 26.8009662628174 27.1128616333008 27.2239112854004 27.2447624206543 26.8406810760498 25.6818523406982 25.7934398651123 25.912805557251 24.8571319580078 24.6590003967285 25.6696662902832 28.1346702575684 28.7374649047852 29.3367805480957 29.4195518493652 30.3595066070557 32.3731803894043 33.013729095459 33.2227973937988 33.1728477478027 33.0104331970215 32.9582443237305 33.1267127990723 33.2146759033203 33.1856307983398 32.7603874206543 31.7659454345703 31.9794635772705 32.3474426269531 33.2131462097168 32.9509391784668 32.3720741271973 33.1195297241211 33.0699577331543 33.1211280822754 33.2044105529785 33.1289596557617 32.8564186096191 32.2584114074707 30.9119682312012 30.6574268341064 31.8223571777344 32.2369651794434 32.5766868591309
27.3602848052979 26.8403511047363 26.6747570037842 26.8716316223145 27.0404491424561 26.9576454162598 26.4827728271484 26.1000137329102 26.7196502685547 26.0083541870117 25.8768119812012 25.8777942657471 26.7219123840332 28.0257720947266 28.2204875946045 29.0681610107422 30.1797218322754 31.4430046081543 32.4518241882324 32.9035415649414 33.2667236328125 33.2431678771973 32.7057228088379 32.3989410400391 32.6465301513672 32.4963874816895 32.6089630126953 32.7929420471191 32.676456451416 32.6813545227051 33.0261192321777 33.3312530517578 32.6978225708008 32.6310195922852 33.2585983276367 32.7504005432129 32.920051574707 32.9023017883301 33.0065841674805 32.7170295715332 31.209997177124 30.4275188446045 29.7991218566895 31.7826309204102 32.4081001281738 32.2421455383301
27.8316383361816 26.5078010559082 26.4721584320068 26.6032218933105 26.7620010375977 26.6317825317383 26.6676559448242 27.3002395629883 26.908390045166 26.1135406494141 27.3583965301514 27.8944644927979 28.1199645996094 27.4266147613525 27.4683284759521 28.6749420166016 30.1225872039795 31.5992908477783 31.7097473144531 32.5882873535156 33.0872955322266 33.1132431030273 32.6001930236816 32.342845916748 31.4924621582031 32.1014404296875 32.662670135498 32.8308868408203 33.0886077880859 33.1008033752441 33.2993927001953 33.2616729736328 33.2500801086426 33.3039398193359 33.2812271118164 33.0494384765625 32.0788269042969 32.7435073852539 32.9690895080566 32.942310333252 32.9189300537109 31.600212097168 31.4542446136475 32.8749694824219 33.1875190734863 33.1779975891113
27.8849964141846 26.7758312225342 26.4332046508789 26.3704319000244 26.6041374206543 26.4230918884277 27.1727447509766 29.052734375 28.0763168334961 27.3130645751953 29.4438896179199 30.219331741333 29.8016262054443 27.5859222412109 28.0639171600342 28.2037048339844 30.3958702087402 30.4799480438232 30.3488941192627 31.3633270263672 32.6122550964355 32.8673515319824 32.5185661315918 32.5145568847656 32.3774566650391 32.0173377990723 32.1025543212891 32.2645721435547 33.0130310058594 32.9767532348633 33.0665245056152 32.8895874023438 33.1274452209473 33.3087730407715 33.0320434570312 33.033618927002 32.3505020141602 32.5118179321289 32.8259696960449 32.6796836853027 33.1376533508301 33.1650085449219 33.0869293212891 33.1550674438477 33.2929763793945 33.179313659668
27.5544052124023 26.8290882110596 26.6227703094482 26.826343536377 26.7713832855225 26.8878288269043 27.3863410949707 29.8177757263184 30.0423278808594 28.5415306091309 30.786901473999 31.8613815307617 31.0675983428955 29.7153148651123 29.6452121734619 30.3372783660889 31.0996055603027 31.6212310791016 31.9799537658691 32.3225517272949 32.5603446960449 32.2769470214844 30.8262252807617 31.1408882141113 31.7202320098877 31.3177928924561 31.5548858642578 32.47900390625 32.8905868530273 33.1135406494141 31.952184677124 31.9572353363037 32.8589477539062 33.2017364501953 32.7214431762695 32.7720603942871 31.9483547210693 32.5297813415527 32.7704277038574 32.6418533325195 33.1507263183594 33.2631568908691 33.3122787475586 33.3321495056152 33.2956314086914 32.9804267883301
27.5736293792725 27.1324138641357 27.0978164672852 27.2849254608154 27.5178890228271 27.6897392272949 28.6280097961426 30.5994453430176 30.4811363220215 29.9562797546387 31.5490951538086 32.8023490905762 31.891975402832 30.6323261260986 30.0404968261719 31.9547729492188 32.3607978820801 32.597713470459 32.8274421691895 32.8599586486816 32.398551940918 32.1154708862305 32.236457824707 31.6393146514893 32.0067176818848 32.520191192627 32.7582550048828 32.8458251953125 33.076171875 32.999210357666 31.2498912811279 32.0434265136719 32.9733734130859 32.9173622131348 32.4857749938965 32.4618911743164 32.3169784545898 32.8857536315918 32.9406700134277 32.9738006591797 32.9630851745605 33.1586875915527 33.2320823669434 33.2651062011719 33.2086639404297 33.1737442016602
27.514139175415 27.194860458374 27.8275623321533 28.7043266296387 28.8473892211914 29.3945255279541 30.6400718688965 31.3441562652588 30.6783962249756 31.1215133666992 32.7265129089355 33.3062515258789 32.6949424743652 31.561674118042 30.7271976470947 31.9014625549316 31.9063453674316 32.2413063049316 33.0646896362305 33.2919464111328 32.9523582458496 32.5810470581055 32.9576568603516 32.7465744018555 32.606258392334 33.122631072998 33.0118713378906 32.9231033325195 33.2072677612305 32.9581031799316 32.281421661377 32.8000869750977 33.0060806274414 32.7060852050781 31.7229194641113 31.69921875 32.0778388977051 32.879940032959 32.5929946899414 32.5938606262207 32.6354637145996 32.9668312072754 32.9687957763672 33.0552940368652 32.9214668273926 33.0770645141602
27.5625820159912 27.78981590271 29.0995807647705 29.960823059082 30.7676296234131 31.8518829345703 32.5852088928223 31.8104343414307 29.6773872375488 30.3974094390869 32.1069946289062 33.3404998779297 32.8642501831055 32.4937896728516 31.497106552124 32.596435546875 32.7699432373047 32.0908126831055 32.9585151672363 33.3473167419434 33.2823143005371 32.8010864257812 33.1752777099609 33.2919425964355 33.1229286193848 33.2189865112305 33.0143241882324 32.1837768554688 33.0638999938965 33.2230453491211 33.1257934570312 33.0084533691406 32.6655693054199 32.3252372741699 31.4361133575439 31.5171318054199 32.3613433837891 32.3154258728027 32.1843147277832 32.0050773620605 32.1804466247559 32.5294761657715 32.3419303894043 32.745964050293 32.2726173400879 32.7008438110352
