inst/extdata/Tmax/Tmax57.asc
NCOLS 100 
NROWS 79 
XLLCORNER 148.06 
YLLCORNER -21.49 
CELLSIZE 0.01 
NODATA_value -3.4e+38 
[rows 0 to 19 of 79, columns 0 to 45 of 100]
38.793037414550803 38.4902572631836 37.6337585449219 37.9375267028809 38.0472526550293 38.4004898071289 38.5517959594727 38.6788635253906 38.6266555786133 38.4612884521484 38.0383148193359 37.8422355651855 37.7554473876953 36.6522941589355 37.0674591064453 37.4217262268066 37.7504806518555 37.6986427307129 36.9662971496582 36.3581657409668 36.2118225097656 35.3633155822754 35.7264175415039 36.8492584228516 37.2831764221191 37.4854507446289 37.3630561828613 37.3801651000977 37.0828590393066 36.7320022583008 35.9257431030273 34.2407836914062 35.3511390686035 35.2534828186035 34.1677513122559 33.1816444396973 33.0624504089355 32.7117042541504 33.3537521362305 34.9803237915039 36.3407211303711 36.5615921020508 37.1869659423828 37.4463272094727 37.5557250976562 37.6234474182129
38.6687316894531 38.205940246582 37.5140228271484 37.5819969177246 37.063419342041 37.8580856323242 38.3402709960938 38.603874206543 38.6975555419922 38.5795745849609 38.2701568603516 37.9813690185547 38.0644836425781 37.6807975769043 37.519157409668 37.4017753601074 37.7541007995605 37.7565765380859 36.8584403991699 36.3094100952148 36.7623748779297 36.5186996459961 36.4014587402344 36.7788772583008 37.1782569885254 37.3222236633301 37.5590171813965 37.4868850708008 37.2777862548828 37.0668144226074 36.2873992919922 35.0070495605469 36.0422019958496 35.6455535888672 35.0182571411133 34.1353034973145 33.7244186401367 34.0303001403809 34.971378326416 35.9670066833496 37.2911796569824 37.6271781921387 37.6965408325195 37.6623954772949 37.6715469360352 37.6679420471191
38.6857070922852 37.96533203125 38.0473175048828 38.1464691162109 37.7281723022461 37.8180847167969 38.1615447998047 38.6424140930176 38.7805404663086 38.6472473144531 38.3818092346191 38.2520446777344 38.1567878723145 38.0930366516113 37.811092376709 37.6629409790039 37.838436126709 37.9481315612793 37.4230842590332 37.236156463623 37.0873680114746 36.7768135070801 36.5517082214355 36.6441993713379 37.3875923156738 37.6083488464355 37.449333190918 37.4048500061035 37.3839111328125 37.0846633911133 37.1149597167969 36.2003898620605 36.4015007019043 35.2574234008789 34.9617233276367 34.3678512573242 33.8857460021973 33.4397163391113 34.3352088928223 35.4005470275879 36.6427993774414 37.5257987976074 37.7636070251465 37.7856903076172 37.735294342041 37.6618003845215
38.8958282470703 38.5807685852051 38.2630081176758 38.793758392334 38.3274841308594 37.9348373413086 38.257511138916 38.7397193908691 38.8684959411621 38.7348022460938 38.592414855957 38.5416221618652 38.4332160949707 38.2726593017578 37.8730430603027 37.7042770385742 38.0125923156738 38.0306015014648 37.8173980712891 37.3821640014648 37.0746383666992 36.7158088684082 36.7699890136719 36.7193374633789 37.2357063293457 37.6098136901855 37.268009185791 37.4842834472656 37.2987213134766 36.525260925293 37.0160102844238 37.0636024475098 36.3591728210449 35.1948051452637 34.6572608947754 33.8522567749023 34.0779037475586 33.6117210388184 33.4868049621582 33.0328102111816 34.4009056091309 36.8439102172852 37.6302452087402 37.7836418151855 37.540599822998 37.4213562011719
39.4011192321777 38.9162063598633 38.6824188232422 39.0247611999512 38.8055839538574 38.2190475463867 38.2359504699707 38.7933006286621 38.9052848815918 38.5624542236328 38.5494728088379 38.7102661132812 38.5842208862305 38.3218688964844 37.9814910888672 38.1027641296387 38.163158416748 37.9076995849609 37.4762535095215 36.7915878295898 36.9428634643555 37.0805931091309 37.1812171936035 37.3416328430176 37.3298835754395 37.0092086791992 37.6676940917969 37.291618347168 37.1529502868652 36.6840934753418 36.994270324707 36.8100051879883 36.5054817199707 35.578182220459 35.0863838195801 35.3509140014648 35.0474624633789 34.5285186767578 34.0197448730469 33.3394584655762 33.0073661804199 36.0822868347168 37.4051246643066 37.7330627441406 37.113353729248 36.4416427612305
39.5549354553223 39.3340950012207 38.7020835876465 39.067512512207 39.1130790710449 38.7322692871094 38.4650459289551 38.8527336120605 38.9757461547852 38.7075424194336 38.5930519104004 38.8100318908691 38.6562042236328 38.3958892822266 37.7889442443848 38.2312507629395 38.145751953125 37.717887878418 37.2036285400391 36.8047065734863 36.8800201416016 37.0995597839355 37.3696670532227 37.3513793945312 37.6028938293457 37.486686706543 37.5466690063477 36.824535369873 36.8023948669434 35.7864151000977 36.4455375671387 36.8704109191895 36.9385643005371 36.6135787963867 36.2671966552734 36.1874961853027 35.3942565917969 34.9251441955566 34.606128692627 33.8456039428711 33.3749961853027 35.7214126586914 37.3333549499512 37.7250328063965 37.2778167724609 35.3814926147461
39.7394371032715 39.5104713439941 39.1666297912598 39.2968559265137 39.2377128601074 38.8946495056152 38.2960662841797 38.7855377197266 38.934398651123 39.0380020141602 38.9699859619141 38.8168067932129 38.4223442077637 38.5062370300293 38.4628105163574 38.3183631896973 38.1328163146973 37.6017303466797 37.3908653259277 37.0967407226562 36.5438804626465 36.7187232971191 37.1384086608887 37.4788131713867 37.7831726074219 37.697696685791 37.701774597168 37.1814956665039 36.829231262207 35.6982574462891 35.6861305236816 35.7773628234863 36.6492309570312 36.7864952087402 36.3405838012695 36.2184295654297 35.6692123413086 34.3732032775879 34.5734024047852 34.1510543823242 33.9847602844238 35.5848159790039 37.1770172119141 37.5591163635254 37.3432426452637 35.820369720459
39.7647514343262 39.6695861816406 39.4088935852051 39.4176292419434 39.3666648864746 39.1214141845703 38.5837593078613 38.4545364379883 38.7213859558105 39.0088272094727 39.0869140625 38.8138046264648 38.1918640136719 38.3788223266602 38.5693969726562 37.9292755126953 37.8724594116211 37.1448135375977 37.060359954834 36.8265495300293 36.1850280761719 36.6119766235352 37.0028686523438 37.504020690918 37.9205589294434 37.9145126342773 37.522876739502 37.0854377746582 36.9003028869629 36.1686973571777 34.9261360168457 35.1781044006348 35.4752769470215 36.0126495361328 36.3553428649902 35.7728500366211 35.8219680786133 34.9839210510254 34.0466079711914 34.2891387939453 34.4642524719238 35.4836311340332 36.4039344787598 37.2966156005859 37.2255363464355 35.5464820861816
39.5865135192871 39.7623138427734 39.6061744689941 39.5487747192383 39.4202194213867 39.1908378601074 38.8535232543945 38.4153289794922 38.5606575012207 39.007884979248 39.1291809082031 39.0644989013672 38.8652496337891 38.7154998779297 38.3732604980469 37.6567001342773 37.8253479003906 37.5735359191895 37.6850929260254 36.8086700439453 36.7946319580078 36.6375312805176 36.7174453735352 37.3361434936523 37.8630142211914 38.0120086669922 37.148738861084 36.3048400878906 36.3702507019043 36.2666511535645 35.6966934204102 35.1622581481934 34.7460021972656 35.1581497192383 35.9896125793457 35.4011497497559 35.1639633178711 35.0994300842285 34.2100372314453 33.8978118896484 34.0802574157715 34.1609954833984 34.9683265686035 36.4235534667969 36.8238677978516 35.650074005127
39.359920501709 39.7066688537598 39.744010925293 39.6084899902344 39.416072845459 39.2957153320312 39.1033935546875 38.6745147705078 38.3579483032227 38.9599990844727 39.1519012451172 38.7806549072266 38.1118011474609 38.1587219238281 38.2395477294922 38.2013931274414 38.221565246582 38.0639533996582 37.8558158874512 37.5503997802734 37.2297706604004 36.6166076660156 36.9156188964844 37.6802825927734 38.0766334533691 37.9657516479492 37.3015289306641 37.1304893493652 36.6366195678711 36.137020111084 34.955322265625 34.583251953125 35.5631675720215 35.4141845703125 35.2029991149902 34.9669914245605 34.7467575073242 34.9996948242188 34.4784774780273 33.7788619995117 33.7906188964844 33.2732391357422 34.0171127319336 35.0655708312988 35.3360595703125 34.7284812927246
39.0931777954102 39.3653450012207 39.7803192138672 39.6830825805664 39.5539016723633 39.4661636352539 39.2833137512207 38.9389877319336 38.9092216491699 39.1009063720703 39.2098808288574 38.8593978881836 38.5432357788086 37.8377075195312 37.9843978881836 38.236686706543 38.3420028686523 38.4988822937012 38.0717506408691 37.8720016479492 37.4816055297852 37.1193695068359 37.1735305786133 37.6886367797852 38.073184967041 37.969841003418 37.313117980957 36.5867042541504 35.6286392211914 35.6101417541504 35.2559089660645 35.1873779296875 35.9724998474121 35.7146034240723 34.8597145080566 34.606128692627 35.0266799926758 34.742244720459 34.3725509643555 33.8498573303223 33.880069732666 33.6308670043945 33.2942314147949 33.9305725097656 34.305103302002 34.5697135925293
38.9658317565918 39.0196266174316 39.7736473083496 39.7577247619629 39.6698760986328 39.5479850769043 39.3838539123535 39.0744209289551 39.0933418273926 39.3327941894531 39.2704391479492 39.0833129882812 38.7412414550781 38.2756500244141 38.1660232543945 38.4319839477539 38.7033309936523 38.6720695495605 38.4208602905273 37.9803733825684 37.4903335571289 37.1613006591797 37.299503326416 37.4266166687012 37.6153297424316 37.9126815795898 36.9859924316406 36.2150611877441 35.6273727416992 35.8351173400879 35.881420135498 35.7861480712891 36.1621170043945 35.6445655822754 35.3917922973633 35.2905616760254 34.8741683959961 34.3134346008301 34.7772636413574 34.9702987670898 34.546501159668 34.1188507080078 33.6179847717285 34.0022392272949 34.464542388916 34.8097763061523
39.1359748840332 39.5743827819824 39.7887268066406 39.7397842407227 39.7338943481445 39.6369094848633 39.5007667541504 39.1572952270508 39.2185096740723 39.4711837768555 39.2847480773926 39.2071914672852 39.0025024414062 39.0504875183105 38.9481773376465 38.9151344299316 38.913948059082 38.8204689025879 38.6038055419922 38.1100120544434 37.8410491943359 37.9760856628418 38.2021293640137 38.3975791931152 38.2478179931641 37.8426246643066 37.6417846679688 37.1653442382812 36.8037796020508 36.6127738952637 36.6563339233398 36.4440956115723 36.3355140686035 35.7753028869629 35.230525970459 34.7935371398926 34.2788696289062 35.2833023071289 35.5318717956543 35.4600982666016 34.1970062255859 34.1160125732422 33.6499824523926 33.3847236633301 34.5511627197266 35.0485534667969
39.5519485473633 39.7278747558594 39.7615776062012 39.6773071289062 39.6748046875 39.700511932373 39.6347923278809 39.5162887573242 39.3214797973633 39.4248237609863 39.3828620910645 39.3045921325684 39.1772575378418 39.071907043457 38.9615631103516 38.8768157958984 38.9931106567383 38.8932762145996 38.750560760498 38.6335372924805 38.5251693725586 38.4739570617676 38.272647857666 38.3626747131348 37.9420051574707 36.9759521484375 36.9133110046387 36.5035209655762 35.9646759033203 36.6782379150391 36.922794342041 36.8686256408691 36.1462745666504 35.8427581787109 35.7112884521484 35.638298034668 35.5990600585938 35.2881507873535 35.8498268127441 36.1498146057129 35.6425666809082 35.2043304443359 34.5866088867188 34.067310333252 35.0173645019531 35.457275390625
38.8829116821289 39.396656036377 39.7522888183594 39.6784133911133 39.5571212768555 39.627025604248 39.5745468139648 39.4145545959473 39.0304679870605 39.0578002929688 39.3347206115723 39.1504669189453 38.6662101745605 38.8029899597168 38.9515800476074 38.440258026123 38.8217468261719 38.9622497558594 38.9007873535156 38.8395538330078 38.7729263305664 38.3929824829102 37.7906837463379 38.1356620788574 37.9628219604492 37.6959342956543 37.6127586364746 37.2779121398926 36.9204254150391 37.148250579834 37.0891761779785 36.8272018432617 36.3915328979492 36.599365234375 36.5440826416016 35.6492767333984 36.1491165161133 35.343376159668 35.6219711303711 36.3101577758789 36.2689552307129 36.0134620666504 35.2870445251465 34.5062675476074 35.0619926452637 35.7442588806152
38.0969848632812 39.0248222351074 39.6680603027344 39.7637100219727 39.6916923522949 39.6549377441406 39.5511436462402 39.4404182434082 39.2367820739746 38.7652359008789 38.3880271911621 39.0390663146973 38.2720603942871 37.9735260009766 38.7559661865234 38.4183387756348 38.3902435302734 38.7895889282227 38.7983894348145 38.7826347351074 38.7741851806641 38.7336921691895 38.594310760498 38.3668212890625 37.9684371948242 37.5984649658203 37.5995903015137 37.5231819152832 37.4527626037598 37.2656211853027 37.0898323059082 36.693717956543 36.4184837341309 36.9917030334473 36.8581466674805 36.5889854431152 36.5775680541992 36.0318565368652 35.6898612976074 36.2939071655273 36.4507102966309 35.8541030883789 34.6722412109375 33.6636390686035 34.0399055480957 35.5820350646973
39.033203125 38.8782653808594 39.3835220336914 39.5333366394043 39.711181640625 39.6699104309082 39.5533599853516 39.419303894043 39.2709274291992 39.0018577575684 38.41015625 38.7723274230957 37.8074913024902 37.569091796875 38.2439231872559 38.099250793457 37.4648666381836 38.4438171386719 38.4233818054199 38.3904762268066 38.603588104248 38.7253112792969 38.6225204467773 38.2272338867188 37.4524269104004 36.9106597900391 36.5446739196777 36.832202911377 37.3208045959473 36.7783164978027 36.5630187988281 35.856273651123 36.4861145019531 37.2341423034668 37.0462188720703 36.8498153686523 36.8712387084961 36.4601593017578 36.1054344177246 36.3443336486816 36.5058212280273 35.4749565124512 34.5584030151367 34.8174743652344 35.1127014160156 35.6262130737305
39.1704406738281 39.4701499938965 39.5195007324219 39.5177955627441 39.6249008178711 39.6587066650391 39.5900650024414 39.5041236877441 39.356315612793 38.9435997009277 38.5803909301758 38.2267417907715 37.848762512207 37.5090560913086 37.965747833252 37.8241386413574 37.8370475769043 37.657398223877 37.4144020080566 37.3843536376953 38.406307220459 38.6271553039551 38.5928230285645 38.4831237792969 37.9439239501953 36.8951797485352 35.6275978088379 36.3472671508789 37.0569114685059 36.185863494873 36.5087509155273 37.0135841369629 37.2581825256348 37.4819946289062 37.3834800720215 37.1852111816406 36.7367095947266 35.9729194641113 36.3615684509277 36.5463066101074 36.810676574707 36.4826164245605 36.3228569030762 36.2814407348633 36.2159538269043 35.6924667358398
39.396068572998 39.3765602111816 39.2297019958496 39.3056449890137 39.6778717041016 39.5752182006836 39.5724716186523 39.5446357727051 39.4520149230957 39.1367568969727 38.1456718444824 38.2094306945801 37.8104057312012 36.7931976318359 37.438606262207 37.2191886901855 37.0584259033203 36.424976348877 37.1564140319824 37.4737396240234 38.4239921569824 38.4291839599609 38.5315742492676 38.604061126709 37.8427543640137 36.8781394958496 35.8386116027832 36.513256072998 37.0418815612793 36.5853042602539 37.0070114135742 37.3802642822266 37.6956443786621 37.6802024841309 37.2747230529785 37.024600982666 36.6831474304199 36.4253883361816 36.8708038330078 36.925106048584 36.9382972717285 36.8484687805176 36.7136421203613 36.1214447021484 35.3586235046387 35.3050804138184
39.5384979248047 39.5209884643555 39.4855537414551 39.3520965576172 39.707447052002 39.6922912597656 39.6263847351074 39.5652465820312 39.4938011169434 39.3949317932129 39.1030311584473 38.446720123291 37.6952323913574 36.6299057006836 36.9008674621582 36.8541145324707 36.4570617675781 36.6939277648926 36.9018707275391 37.7973899841309 38.4618530273438 38.0836410522461 38.6695327758789 38.5217208862305 37.9942512512207 37.7665977478027 36.8147888183594 36.8894119262695 37.179126739502 37.008113861084 37.522834777832 37.4753189086914 37.8369483947754 37.7553405761719 37.6054420471191 37.3722267150879 36.619197845459 36.7476959228516 36.9557342529297 36.9298553466797 36.937873840332 36.7972412109375 36.7051277160645 36.2367706298828 36.150032043457 36.0154838562012
