inst/extdata/Tmax/Tmax7.asc
NCOLS 100 
NROWS 79 
XLLCORNER 148.06 
YLLCORNER -21.49 
CELLSIZE 0.01 
NODATA_value -3.4e+38 
[rows 20 to 39 of 79, columns 0 to 45 of 100]
30.676729202270501 31.2154273986816 31.4339008331299 31.1827907562256 31.4106502532959 32.3026123046875 31.8479461669922 32.1462936401367 30.9958457946777 30.9234066009521 31.9868011474609 31.5184135437012 30.3697490692139 28.4690761566162 27.080961227417 26.2454128265381 25.9118022918701 27.4609298706055 28.6714744567871 29.6071910858154 29.7555351257324 30.2536640167236 30.4890003204346 30.855827331543 30.7997989654541 30.5256252288818 29.3847770690918 27.3581790924072 28.4403457641602 28.2889556884766 29.5214099884033 29.8366584777832 29.9223747253418 30.0017642974854 29.7559661865234 29.4470367431641 29.2241725921631 29.0039672851562 28.0927772521973 28.4267101287842 28.2157440185547 27.2627029418945 28.0539569854736 27.8665351867676 26.4436988830566 26.5900573730469
31.4491443634033 31.7763423919678 31.8171043395996 31.4596633911133 31.4232616424561 31.3657646179199 30.9576759338379 31.7587394714355 32.0353851318359 32.3090515136719 31.9919357299805 31.9919242858887 31.4680156707764 28.7845134735107 27.0103530883789 26.7706890106201 26.9638137817383 27.734073638916 28.3353481292725 29.4761333465576 30.1884479522705 30.787389755249 30.0017337799072 30.5430374145508 30.4854946136475 30.2059879302979 29.9440364837646 28.3697986602783 28.4507007598877 29.4606628417969 29.9242038726807 29.6871852874756 29.6237850189209 28.3760261535645 28.0986270904541 28.3341064453125 29.3405361175537 27.4661560058594 27.0272216796875 27.3723487854004 26.5658645629883 27.1699905395508 27.3496227264404 24.953857421875 24.9448204040527 25.7818927764893
31.736156463623 32.0337600708008 31.8748435974121 31.2104454040527 32.469165802002 31.582010269165 31.8330059051514 31.5173034667969 32.2378082275391 31.4480018615723 32.5491180419922 32.1801109313965 31.9714660644531 30.9465427398682 29.9557209014893 28.0964012145996 26.4070663452148 27.0278186798096 27.5392303466797 29.671688079834 30.5765628814697 29.7727012634277 29.926736831665 29.4466915130615 28.9439010620117 29.8337326049805 29.7748146057129 29.4530925750732 29.3699932098389 29.4058513641357 29.0334148406982 28.5751075744629 28.0261363983154 27.4969177246094 26.8141307830811 27.6648845672607 27.7444038391113 26.5339279174805 26.5578918457031 26.5496730804443 25.1930541992188 24.9557304382324 25.654764175415 26.3066463470459 20.644739151001 25.48313331604
31.8740539550781 32.3567695617676 32.8977470397949 31.2114810943604 31.1593475341797 32.0411567687988 31.123010635376 32.0617141723633 32.267879486084 31.4004383087158 31.9519367218018 31.8245849609375 32.0889778137207 31.1081066131592 29.1360664367676 28.0873622894287 26.8072700500488 27.106575012207 27.8791580200195 28.9333438873291 29.5376205444336 30.271183013916 29.4869937896729 28.1126232147217 28.6446285247803 28.8035659790039 28.7618999481201 29.7694892883301 30.0876483917236 29.8401317596436 29.4721488952637 28.3381004333496 27.6701240539551 27.876256942749 28.4150524139404 28.0479717254639 25.7350730895996 25.2844886779785 25.9370155334473 26.165075302124 24.6458644866943 24.2790088653564 23.9062767028809 22.4748249053955 23.6023368835449 24.007360458374
32.0599403381348 31.9784564971924 31.8297805786133 32.5716361999512 32.6844940185547 32.3955116271973 31.1946411132812 32.2575340270996 30.8189525604248 31.041088104248 31.0877208709717 30.8613510131836 30.6826553344727 30.9773464202881 29.3437671661377 27.7664833068848 26.9639129638672 26.8033294677734 27.9723834991455 28.1638679504395 29.7026309967041 30.0914936065674 27.336935043335 27.0137367248535 27.4389133453369 27.8116092681885 28.1279697418213 29.5123729705811 29.9277629852295 29.3100967407227 29.7140922546387 29.2740573883057 29.1793689727783 29.0257606506348 28.4739952087402 28.046257019043 27.3538703918457 26.3434448242188 25.1061153411865 24.4959239959717 23.1371746063232 22.2112884521484 22.8315677642822 25.0071907043457 19.7619915008545 19.5516300201416
32.505989074707 32.2532119750977 32.732536315918 32.096981048584 32.6430511474609 32.5292854309082 32.4224319458008 32.2129898071289 32.0445098876953 30.6420631408691 31.6699161529541 30.9717407226562 30.1711235046387 30.231237411499 30.1896820068359 29.9550113677979 28.6087093353271 28.3390846252441 29.0798721313477 29.8461971282959 29.1844730377197 27.5947914123535 27.014331817627 25.6204452514648 26.443359375 27.4703044891357 27.5515899658203 28.6213703155518 29.6967945098877 29.5121955871582 27.8225917816162 28.8665771484375 28.6774559020996 28.6898937225342 28.2489204406738 27.9093227386475 27.3026008605957 25.9106311798096 23.3434505462646 23.9521827697754 22.4468803405762 23.5034580230713 25.092981338501 24.7460174560547 19.8168754577637 18.9661235809326
30.5252113342285 31.7658004760742 32.837574005127 32.6299324035645 32.5359802246094 32.4011039733887 32.3271408081055 32.3675117492676 32.0857009887695 30.7649688720703 30.3314990997314 30.4968433380127 30.3483486175537 30.0036697387695 29.9746913909912 28.8334217071533 28.00146484375 28.1851062774658 29.1699962615967 29.0382766723633 28.7984352111816 29.2741832733154 28.1078147888184 26.4863910675049 25.8714714050293 26.7992687225342 28.257884979248 29.6350631713867 29.1000900268555 29.2646427154541 28.4197311401367 28.1590137481689 28.5464763641357 27.9550228118896 27.8619518280029 26.9857444763184 25.6246147155762 25.8901042938232 21.0822830200195 19.3641262054443 22.0753288269043 19.5860691070557 24.4010105133057 20.7552852630615 23.0439186096191 18.7625064849854
30.6663284301758 30.3117046356201 31.4841537475586 32.3824882507324 32.3699073791504 32.2837409973145 32.508716583252 32.658634185791 32.2745971679688 31.5307350158691 31.0477313995361 30.3224906921387 30.1492710113525 30.5177211761475 28.7915878295898 28.783712387085 28.2980842590332 27.8612766265869 28.2333393096924 28.3229598999023 28.6232662200928 28.8624362945557 28.3263492584229 26.9851379394531 26.7645111083984 27.0733165740967 26.6109924316406 29.3883857727051 29.8204936981201 28.535737991333 28.2037734985352 28.270694732666 28.617151260376 27.6745586395264 27.264705657959 26.3541851043701 24.7054405212402 25.2024879455566 24.9234485626221 23.5763626098633 22.4350032806396 22.860668182373 22.6825294494629 19.9700946807861 19.3791751861572 19.0581302642822
29.3818168640137 29.8361835479736 30.4922370910645 31.4807319641113 32.5696296691895 32.0999946594238 32.5553817749023 32.2254104614258 32.2368507385254 31.2735347747803 31.3562965393066 30.4703731536865 30.7947235107422 30.7642498016357 30.3931655883789 28.0387306213379 27.9413299560547 27.7345581054688 28.0920124053955 29.2117710113525 28.1409187316895 28.7312774658203 27.6059284210205 26.4906444549561 26.7350616455078 27.1132526397705 27.2064189910889 28.1559467315674 29.0196361541748 28.9334697723389 28.9963188171387 28.0233707427979 27.5377330780029 26.2086791992188 25.3330688476562 24.3641605377197 24.6609230041504 24.6831245422363 24.8372859954834 22.3425903320312 19.4616985321045 19.516996383667 22.8949241638184 19.2882995605469 19.498815536499 19.3959159851074
28.1562881469727 29.0001239776611 29.6867351531982 30.3823795318604 31.9079685211182 31.9824733734131 31.358039855957 32.5552635192871 32.3359718322754 31.9784469604492 30.8921127319336 31.2899322509766 30.6128959655762 30.3285083770752 30.8782577514648 30.5669002532959 30.0801677703857 28.1042461395264 28.4112091064453 28.4289073944092 28.4261322021484 28.634859085083 28.1240634918213 27.0156269073486 26.7801609039307 26.7857933044434 26.3507518768311 28.1077136993408 29.1265602111816 28.6265716552734 29.1823081970215 27.5704097747803 26.4824600219727 26.2818164825439 25.7297859191895 25.1807308197021 25.1441497802734 24.5580196380615 23.9287300109863 23.5314178466797 25.0021629333496 25.0262012481689 22.341775894165 22.2312316894531 19.6251316070557 20.5361633300781
28.7291107177734 29.5381774902344 29.6910629272461 30.3794116973877 30.8367519378662 30.6938858032227 30.9259948730469 31.9953842163086 31.9689273834229 31.4592666625977 31.9431953430176 31.87087059021 31.8960647583008 31.0687961578369 31.0671367645264 30.9710750579834 29.6312599182129 29.0302429199219 28.0242652893066 28.4650955200195 28.324556350708 27.8664608001709 27.5565433502197 27.1507949829102 26.5465316772461 25.7990169525146 26.2168102264404 28.3210048675537 28.8418674468994 29.0251407623291 29.3216285705566 29.4844512939453 27.6807231903076 26.3403625488281 25.6233310699463 26.3432846069336 25.9816513061523 25.2720756530762 24.368673324585 24.51149559021 26.6867809295654 26.5627460479736 26.1253700256348 25.1617622375488 21.9148750305176 21.0921840667725
29.8882293701172 29.8802452087402 30.7923622131348 31.6493282318115 32.1837882995605 30.9527130126953 31.0592575073242 32.3512153625488 32.3261413574219 31.669864654541 32.0703163146973 31.727783203125 31.6834144592285 31.2851696014404 30.3184757232666 30.5839042663574 28.1953411102295 26.8314151763916 28.0914688110352 27.7343521118164 27.748592376709 28.0247802734375 27.4381103515625 27.1539859771729 26.7472877502441 26.7667407989502 27.3190116882324 28.7447566986084 29.4943008422852 28.4455394744873 28.9212303161621 28.9555225372314 29.2975387573242 28.3597774505615 27.6579151153564 26.4220600128174 26.6960830688477 26.7506141662598 26.3385009765625 27.8701496124268 26.8708820343018 26.3131484985352 21.0674152374268 22.6504535675049 20.2302837371826 19.4300022125244
29.38254737854 30.8912658691406 30.7908611297607 30.9186000823975 32.1242370605469 31.3411045074463 31.978946685791 31.661642074585 32.262523651123 31.2729721069336 32.2594795227051 31.7542037963867 31.7210330963135 31.1170272827148 30.7015151977539 30.1560344696045 30.0622062683105 28.2563991546631 26.97385597229 27.2287406921387 27.3102416992188 27.9496822357178 27.3279438018799 27.3816814422607 26.9989833831787 26.8635349273682 28.8750877380371 29.1213550567627 29.0126819610596 30.4361114501953 29.0365333557129 28.4521045684814 29.7743320465088 29.6663837432861 28.9590301513672 28.2207202911377 27.9274311065674 27.8497257232666 27.3830432891846 27.553014755249 26.5466709136963 23.7650890350342 19.1242847442627 19.4352588653564 19.6226558685303 18.4260959625244
30.0930843353271 30.3723373413086 30.955322265625 29.9172344207764 30.5091667175293 29.5565757751465 30.2880477905273 31.6501083374023 32.1928329467773 32.0155982971191 32.3360481262207 31.5854244232178 31.4316005706787 31.4801292419434 30.8652992248535 30.6200675964355 30.9413242340088 30.4025058746338 29.6477069854736 29.1264915466309 27.7661113739014 27.5791263580322 28.0757331848145 27.7588233947754 27.373556137085 26.9855995178223 28.774471282959 29.7563667297363 29.3210258483887 29.449592590332 29.2204742431641 27.9065761566162 27.6734924316406 27.7341022491455 28.2314491271973 28.4839057922363 28.5050792694092 28.9514179229736 28.473165512085 28.6267242431641 26.8780040740967 22.0816116333008 20.4181346893311 20.8013458251953 20.5248374938965 19.4332847595215
30.6673793792725 31.1247882843018 30.8344631195068 28.9411563873291 29.6759929656982 30.9211273193359 30.2126712799072 31.6476230621338 32.0532493591309 31.7207832336426 32.1727752685547 31.9156150817871 32.2627639770508 31.7754573822021 31.3587074279785 31.1674003601074 30.8419857025146 30.4176139831543 29.9442806243896 28.907642364502 27.3674221038818 28.4302520751953 28.8288764953613 27.6477928161621 27.2313480377197 27.2341556549072 27.3520812988281 28.8537406921387 28.6199264526367 27.6706466674805 28.6762065887451 27.5758895874023 27.1190013885498 27.1071338653564 26.7816715240479 27.0922832489014 27.7180233001709 27.3319778442383 27.9880867004395 27.7253074645996 26.0213603973389 25.823938369751 22.9716091156006 22.2818012237549 21.4659214019775 21.2869148254395
30.4175186157227 31.7919883728027 30.8504199981689 29.9882831573486 28.4195575714111 30.8429393768311 32.3293685913086 30.4972953796387 31.5179443359375 32.1520233154297 32.0643005371094 31.9458827972412 31.4531097412109 31.6116619110107 31.2522296905518 31.3941192626953 30.4350910186768 29.9797344207764 29.8389015197754 29.1712799072266 28.0454177856445 28.6718940734863 27.7554454803467 26.3495025634766 26.7425842285156 26.3907661437988 28.1054973602295 27.4796886444092 26.9261474609375 24.2621746063232 26.3002147674561 26.9330883026123 27.251392364502 26.8938903808594 26.8320274353027 25.8890724182129 26.2139511108398 26.5756340026855 27.5388793945312 26.8733386993408 21.9834270477295 21.6209392547607 21.4467468261719 22.0984439849854 21.7059860229492 20.3124656677246
30.9825057983398 30.1560096740723 31.5058975219727 30.7561645507812 30.5921878814697 30.662088394165 30.7516536712646 30.9047756195068 31.1107578277588 32.4766426086426 32.4959030151367 31.9576473236084 31.8808155059814 32.1459693908691 31.8908519744873 30.7214317321777 30.1205654144287 30.0580196380615 30.0171756744385 29.9490985870361 29.2682857513428 28.1489105224609 26.9853515625 26.6707935333252 26.9749660491943 27.7000732421875 28.5132026672363 27.6325168609619 27.2523975372314 25.316822052002 24.9412784576416 23.9757633209229 25.4580154418945 26.8080940246582 26.6224956512451 24.7739753723145 24.7270793914795 24.3514308929443 24.1935901641846 20.6607513427734 20.6796703338623 19.9072341918945 20.4434471130371 21.5508117675781 21.5488624572754 19.7662925720215
30.2399368286133 29.8142375946045 31.1789474487305 29.9856414794922 30.1254177093506 30.1400604248047 28.9497127532959 29.8306617736816 30.9098949432373 31.2880878448486 32.063606262207 32.1161994934082 32.0320930480957 31.5559959411621 31.8709774017334 31.7560291290283 31.0762901306152 29.7851295471191 30.2849750518799 29.8025226593018 29.6069221496582 28.7738761901855 27.1189117431641 26.9914951324463 26.3555889129639 27.1131248474121 28.2728519439697 27.282621383667 27.5340595245361 27.3511447906494 27.3304996490479 26.2328758239746 25.7696170806885 24.4408149719238 20.2710838317871 19.1276035308838 19.2652130126953 19.03493309021 18.9721260070801 19.1969242095947 19.3838882446289 19.4752769470215 19.7587146759033 20.703031539917 21.0235195159912 20.4856433868408
30.2425765991211 29.659517288208 29.7451515197754 30.9690551757812 30.6670417785645 30.7500114440918 29.2945613861084 28.4070625305176 29.4831714630127 30.517951965332 31.8701343536377 32.2559928894043 32.2043113708496 32.0504989624023 30.9287433624268 30.4556350708008 30.4846782684326 30.1294994354248 30.6087779998779 30.4727344512939 30.4354763031006 29.0821952819824 28.2187557220459 27.9175605773926 26.8608551025391 27.6617603302002 27.4375743865967 27.6650619506836 25.8109111785889 26.8965377807617 26.057165145874 25.90944480896 26.4936218261719 25.7342643737793 24.0784816741943 18.7557621002197 18.4168701171875 18.3256244659424 18.2162647247314 18.7172794342041 19.2899017333984 20.7989368438721 19.3498554229736 20.4502716064453 19.9097213745117 19.7987957000732
29.8640174865723 29.3728675842285 30.6488380432129 30.6072158813477 30.9205074310303 30.035457611084 29.6763000488281 28.993537902832 29.9475631713867 29.4702014923096 30.4831523895264 32.0438842773438 31.7975025177002 31.6023750305176 30.9192638397217 31.1484680175781 29.4391098022461 29.6746273040771 30.144832611084 29.9973201751709 30.0727519989014 29.4142227172852 29.4359931945801 28.7559509277344 27.4318618774414 27.3474674224854 27.0068607330322 26.9510326385498 27.4637832641602 26.4111251831055 25.3621406555176 24.4953727722168 26.7393035888672 26.7840614318848 26.8822689056396 24.31369972229 21.3466186523438 20.9141807556152 19.8119468688965 18.8771190643311 19.639835357666 19.6249580383301 19.678503036499 20.1082897186279 20.0196056365967 19.6938934326172
