inst/extdata/Tmax/Tmax138.asc
NCOLS 100 
NROWS 79 
XLLCORNER 148.06 
YLLCORNER -21.49 
CELLSIZE 0.01 
NODATA_value -3.4e+38 
[rows 40 to 59 of 79, columns 0 to 45 of 100]
34.961658477783203 34.6577339172363 34.684684753418 34.7079620361328 34.5711708068848 34.6791152954102 34.6162796020508 34.3957633972168 33.9073333740234 34.338249206543 34.9833831787109 35.3063583374023 35.3358535766602 35.3841857910156 35.4474296569824 35.2254829406738 34.9357261657715 34.5708770751953 33.9734954833984 34.473201751709 34.4579925537109 34.3376541137695 34.2682266235352 33.8547325134277 32.933895111084 32.2716979980469 32.0606918334961 32.151927947998 32.2653312683105 31.6161670684814 30.9597434997559 31.3819274902344 32.6588516235352 32.3804817199707 32.1155128479004 32.4433517456055 32.3449745178223 32.0150451660156 31.7891101837158 31.3310165405273 31.2850856781006 30.4024963378906 29.8192329406738 29.80908203125 29.545581817627 29.3794174194336
35.1357612609863 34.7057228088379 34.5692825317383 34.6689682006836 34.5517425537109 34.6275978088379 34.6222610473633 34.5002212524414 34.232364654541 34.3523864746094 34.6928367614746 35.0459365844727 35.276252746582 35.4433250427246 35.4843254089355 35.3256454467773 35.0028038024902 34.4820709228516 34.1335220336914 34.2766799926758 34.2945289611816 34.0462341308594 34.2236862182617 33.9329032897949 33.250904083252 32.7400970458984 32.103931427002 32.019157409668 32.2278060913086 31.7828578948975 31.3489151000977 31.9801654815674 32.660587310791 31.898344039917 31.1637229919434 31.9284744262695 31.9651393890381 32.172420501709 32.1302185058594 31.8920440673828 31.7674312591553 31.026683807373 29.6160545349121 29.4899444580078 29.560173034668 29.5153198242188
35.0063285827637 34.9377937316895 34.7065811157227 34.570426940918 34.6251792907715 34.6384086608887 34.6021995544434 34.5520057678223 34.5057945251465 34.445426940918 34.490966796875 34.9753379821777 35.3003387451172 35.4408721923828 35.4493408203125 35.3957901000977 35.1502418518066 34.8134803771973 34.5741157531738 34.5190963745117 34.4253768920898 33.755786895752 33.6782989501953 33.8995246887207 33.9207801818848 33.4674758911133 32.5766105651855 32.2398071289062 32.1557922363281 31.9241580963135 31.0123653411865 32.087474822998 32.1380310058594 31.0491104125977 30.2219905853271 31.131217956543 31.1228141784668 31.7719192504883 31.93337059021 31.6266937255859 31.3884811401367 31.4279479980469 30.8215599060059 30.5972328186035 31.0133018493652 32.0048828125
34.665958404541 34.7525062561035 34.7296104431152 34.7145652770996 34.735652923584 34.7177124023438 34.6690330505371 34.6044540405273 34.6519317626953 34.6102027893066 34.6089744567871 35.0244026184082 35.2727355957031 35.4239730834961 35.4368553161621 35.4484329223633 35.3302726745605 35.1040458679199 34.8105850219727 34.8446197509766 34.6591949462891 34.3861045837402 33.6896476745605 33.3259963989258 34.0003395080566 33.7789726257324 33.3545684814453 32.8637275695801 32.5192070007324 32.3367958068848 31.5273532867432 31.4326915740967 32.1332702636719 31.6193618774414 30.9663276672363 30.4961318969727 30.5754222869873 30.8196640014648 31.044282913208 30.8017082214355 30.3376312255859 31.052640914917 30.606237411499 31.5519065856934 33.3160934448242 33.9220161437988
34.3739624023438 34.5569953918457 34.5270652770996 34.5178298950195 34.7020034790039 34.8112983703613 34.8278350830078 34.758918762207 34.8119621276855 34.8496208190918 35.0153923034668 35.1444282531738 35.2684288024902 35.3634986877441 35.4165420532227 35.4645843505859 35.4205017089844 35.2666091918945 35.0998344421387 35.044490814209 34.9043464660645 34.7476501464844 34.4327964782715 34.209300994873 34.0224342346191 33.5483207702637 33.794246673584 33.6651420593262 33.3319473266602 32.6352729797363 32.015453338623 31.9985885620117 32.311466217041 32.4709053039551 32.1676330566406 30.9868488311768 29.6454429626465 29.6041603088379 29.705493927002 30.0372562408447 29.9094619750977 30.4515781402588 29.9690990447998 30.802698135376 32.5707969665527 33.9543571472168
34.4084053039551 34.4626846313477 34.2915496826172 34.1663627624512 34.371639251709 34.5931434631348 34.8246536254883 34.9393310546875 34.9991035461426 35.0850028991699 35.1467666625977 35.0524444580078 34.807430267334 35.1874923706055 35.4148216247559 35.4543762207031 35.4426002502441 35.3689117431641 35.2692832946777 35.1963653564453 35.0962066650391 34.9763298034668 34.9122467041016 34.2812919616699 33.9200820922852 33.8357238769531 33.908088684082 33.7309722900391 33.5332183837891 33.0082740783691 31.7508525848389 31.9473114013672 32.2495422363281 32.3067665100098 32.3985939025879 31.4920406341553 30.185619354248 29.9391479492188 29.9668235778809 30.4000053405762 29.7986335754395 30.1487998962402 30.5421314239502 30.8459529876709 31.7175731658936 32.8793983459473
34.2748908996582 34.2326889038086 34.232967376709 34.145881652832 34.0326156616211 34.0836372375488 34.5951042175293 34.7166442871094 34.8342704772949 34.8430328369141 35.0612678527832 35.1570663452148 34.8853874206543 35.1435966491699 35.3694229125977 35.4399070739746 35.4334678649902 35.3604545593262 35.3121719360352 35.2634963989258 35.1790885925293 35.0983810424805 34.9868507385254 34.4935188293457 33.6504516601562 33.7549934387207 33.9202270507812 33.6865196228027 33.6275787353516 33.4711036682129 32.6609573364258 32.326343536377 31.9634037017822 32.2167129516602 32.3462867736816 31.8674297332764 30.7992572784424 31.0752582550049 30.5375308990479 31.2345123291016 30.6687984466553 30.8139839172363 30.9261379241943 31.0272331237793 31.013786315918 30.8187770843506
34.7509651184082 34.0635948181152 33.9711990356445 33.9060211181641 33.8691024780273 33.9907417297363 34.3101921081543 34.2530250549316 34.5052642822266 34.5463485717773 34.6202621459961 34.6766357421875 34.8606605529785 35.1441421508789 35.3304672241211 35.4416770935059 35.4131507873535 35.2854652404785 35.0939826965332 34.9872283935547 35.1157684326172 34.9172477722168 34.9277992248535 34.8525810241699 34.3784713745117 34.2707405090332 34.2744293212891 34.0653991699219 33.8863716125488 33.6530265808105 32.9529266357422 32.578052520752 31.859806060791 32.2455902099609 32.2815322875977 32.0423889160156 31.6009521484375 31.8189029693604 31.5466575622559 31.7821006774902 31.5128498077393 31.2954082489014 31.1451168060303 30.9883937835693 30.64040184021 30.3997478485107
35.493236541748 34.6454391479492 33.8441390991211 33.6788139343262 33.8062705993652 33.99169921875 33.911205291748 33.900577545166 34.244701385498 34.5449333190918 34.6100196838379 34.5803146362305 34.8109130859375 35.1202659606934 35.3605194091797 35.4190063476562 35.4100952148438 35.3284950256348 35.1470947265625 34.9092636108398 34.9738693237305 34.9078979492188 34.8181190490723 34.9431457519531 34.8228302001953 34.7044982910156 34.4010200500488 34.1916999816895 34.0923385620117 33.7867622375488 33.3819770812988 32.905891418457 32.0321311950684 32.1789398193359 32.1417121887207 32.1940383911133 32.0864562988281 32.0512237548828 31.9287815093994 31.7380676269531 30.9345836639404 30.7546138763428 30.9461784362793 30.6822853088379 30.5411834716797 30.1880798339844
35.7756614685059 35.2356185913086 34.3437652587891 33.7301864624023 33.7066841125488 33.6869773864746 33.7055778503418 34.0581512451172 34.2964134216309 34.1773643493652 34.814022064209 35.0421371459961 35.143424987793 35.2368583679199 35.3271293640137 35.4026069641113 35.392032623291 35.3251838684082 35.2115058898926 35.0579719543457 34.9418869018555 34.8592529296875 34.6610679626465 34.693359375 34.8550071716309 34.8294868469238 34.5890998840332 34.0321159362793 33.5199012756348 33.7810859680176 33.4680824279785 33.1470031738281 32.32861328125 32.0225257873535 31.8046340942383 32.0991744995117 32.1676864624023 32.0597152709961 32.008846282959 31.6901969909668 30.9922313690186 30.5833854675293 30.7565879821777 30.3817138671875 30.2864685058594 30.1880397796631
35.7743072509766 35.580005645752 35.0970420837402 34.4320526123047 33.8602256774902 33.5334777832031 33.6909027099609 34.0147171020508 34.0512733459473 34.3575820922852 34.951114654541 35.1813011169434 35.3012275695801 35.3960990905762 35.4034805297852 35.4162292480469 35.2749786376953 35.2738189697266 35.2694320678711 35.1794319152832 35.0555686950684 34.879940032959 34.6692276000977 34.576244354248 34.6774368286133 34.7094917297363 34.7371368408203 34.4937973022461 34.1969909667969 34.0384826660156 33.4761390686035 33.3005104064941 32.4505462646484 32.0327987670898 31.4105529785156 31.8720359802246 31.9904689788818 31.9733638763428 32.0141296386719 31.8206367492676 31.2933788299561 31.1111583709717 31.0036239624023 30.7818202972412 30.4504852294922 30.2662792205811
35.7455978393555 35.6978378295898 35.4225120544434 34.7141418457031 34.0907135009766 33.7840309143066 33.7286949157715 33.8072052001953 33.5399627685547 33.6922378540039 34.5768051147461 34.9835319519043 35.1580123901367 35.3592796325684 35.4356117248535 35.3822059631348 35.2796211242676 35.2648124694824 35.2146911621094 35.1938323974609 35.0863380432129 34.9657096862793 34.8492736816406 34.6302185058594 34.501392364502 34.4291191101074 34.3765068054199 34.4852294921875 34.2471923828125 34.3563423156738 34.3686561584473 33.5574340820312 32.9487152099609 32.490421295166 31.9877490997314 32.108097076416 32.0525512695312 31.868616104126 31.9985885620117 31.8902530670166 31.3883991241455 31.2129611968994 31.0897483825684 30.896541595459 30.3985004425049 30.2003135681152
35.5693359375 35.6367263793945 35.4783782958984 34.4516944885254 33.6058006286621 33.5682067871094 33.6662445068359 33.5141296386719 33.2438697814941 33.3741760253906 34.5130577087402 34.9911460876465 35.2058258056641 35.3863296508789 35.3841323852539 35.3191032409668 35.2868194580078 35.2112617492676 35.1529426574707 35.1371116638184 35.1374740600586 35.0672149658203 34.8936347961426 34.677921295166 34.4429359436035 34.2710914611816 34.2298316955566 34.1737632751465 34.1569137573242 34.0412979125977 34.2226715087891 34.079475402832 33.5008544921875 32.8749313354492 32.4269142150879 32.7510223388672 32.6849212646484 32.2002830505371 31.9944343566895 32.0506820678711 31.8777961730957 31.6046867370605 31.2848167419434 31.0290050506592 30.6825160980225 30.2886619567871
35.3691711425781 35.4282836914062 35.5358619689941 35.0756607055664 34.0199089050293 33.6510047912598 34.008861541748 33.4774589538574 33.3057823181152 33.3841285705566 34.4839782714844 35.0996208190918 35.3097496032715 35.3927917480469 35.3054084777832 35.1928405761719 35.1671295166016 35.1795387268066 35.1305503845215 35.0097312927246 35.0495986938477 35.1009368896484 34.9459266662598 34.7808036804199 34.5726089477539 34.3990135192871 34.0318756103516 33.8310356140137 33.4694023132324 33.8041381835938 33.6270790100098 34.1594429016113 34.1931610107422 33.8348617553711 33.3316307067871 33.352481842041 32.970157623291 32.6080589294434 32.2904777526855 32.6506500244141 32.2253570556641 31.939037322998 31.7713375091553 31.6213283538818 31.3349914550781 31.175085067749
35.2466201782227 35.200325012207 35.3850021362305 35.3889045715332 34.9198226928711 34.6627655029297 34.5911293029785 34.212947845459 33.9901847839355 33.9909896850586 34.1773681640625 34.579345703125 35.2358245849609 35.3586387634277 35.2199325561523 35.1167068481445 35.0879554748535 35.1256103515625 35.0708618164062 34.9901466369629 35.0022850036621 35.0906715393066 35.0311813354492 34.8408393859863 34.7203826904297 34.5242118835449 34.1813278198242 33.9541015625 33.5311470031738 33.7481384277344 33.112377166748 33.5192070007324 33.7377548217773 33.7478141784668 33.8565979003906 33.7233581542969 33.406867980957 33.252140045166 32.7967987060547 32.2942695617676 32.2099685668945 32.2394256591797 31.9915962219238 31.786376953125 31.7681312561035 31.6123313903809
35.3465118408203 35.3238487243652 35.3691329956055 35.3919525146484 35.2607688903809 34.629467010498 34.6250762939453 34.6795272827148 34.444881439209 34.389892578125 34.635368347168 34.9878921508789 35.3021774291992 35.3592185974121 35.2440071105957 35.0441246032715 35.0795364379883 35.0616035461426 34.8471031188965 34.8145446777344 34.9368057250977 34.9985237121582 35.0392913818359 34.932243347168 34.8026542663574 34.6418609619141 34.4299049377441 34.1637306213379 33.9876327514648 33.8204803466797 33.3926124572754 33.0230674743652 33.1438217163086 33.096435546875 33.5217399597168 33.2174377441406 33.4646301269531 33.2194023132324 32.8559913635254 32.4395408630371 32.200065612793 31.9716777801514 31.4929637908936 30.9101123809814 31.4581642150879 31.6295680999756
35.467399597168 35.4267959594727 35.3902969360352 35.3656959533691 35.2014045715332 34.3865547180176 34.1611251831055 34.5913963317871 34.466682434082 34.1314735412598 34.4145164489746 35.0704345703125 35.3228416442871 35.338550567627 35.2374153137207 35.0364379882812 35.0087699890137 34.7915649414062 34.5228843688965 34.6521949768066 34.9331207275391 34.9281005859375 34.9957466125488 34.9761199951172 34.8030281066895 34.7299118041992 34.536750793457 34.2485198974609 34.1515045166016 33.9186897277832 33.5060043334961 32.832820892334 32.5289077758789 32.6562347412109 33.0905151367188 33.2145729064941 32.8355522155762 32.4852561950684 32.6648368835449 32.5851821899414 32.2412300109863 31.9961242675781 31.4692211151123 30.6659717559814 31.089075088501 31.4362354278564
35.5289764404297 35.4716796875 35.4167594909668 35.3731880187988 35.3220481872559 34.966007232666 34.4947204589844 34.2368087768555 34.2310905456543 34.0030479431152 34.4759712219238 35.0886535644531 35.3067321777344 35.3025398254395 35.2024993896484 35.0051536560059 34.8216514587402 34.6085243225098 34.4809646606445 34.7347106933594 34.8459396362305 34.8961334228516 34.8508148193359 34.9370384216309 34.8682746887207 34.7699356079102 34.5894622802734 34.3190155029297 34.1903877258301 33.9869995117188 33.5734062194824 33.3602027893066 32.9051361083984 32.7098808288574 32.644847869873 32.7776756286621 33.0202789306641 32.8615913391113 32.4992790222168 32.2906875610352 32.0820732116699 31.8727264404297 31.6212902069092 31.3022346496582 30.6709403991699 30.9411373138428
35.5793609619141 35.5068321228027 35.4504852294922 35.4267730712891 35.3413238525391 35.1161079406738 34.8161697387695 34.2209320068359 34.0998039245605 34.2759895324707 34.7293395996094 35.1328659057617 35.2736511230469 35.2521705627441 35.1084289550781 34.9295539855957 34.6169357299805 34.5262260437012 34.6220817565918 34.6371879577637 34.7667121887207 34.6980400085449 34.5149459838867 34.7483520507812 34.9097785949707 34.782527923584 34.5586776733398 34.4043235778809 34.2635955810547 34.149055480957 33.9499702453613 33.721363067627 33.4090042114258 33.3435401916504 33.0151672363281 32.6741981506348 32.7569198608398 32.8168411254883 32.5810737609863 32.4224052429199 32.2744445800781 32.0301208496094 31.4310741424561 31.0487289428711 31.1608581542969 31.1675262451172
35.5982246398926 35.5870323181152 35.5242233276367 35.4759368896484 35.3517913818359 35.2302513122559 35.109016418457 34.736988067627 34.2573585510254 34.341552734375 34.4927711486816 34.777271270752 35.0482559204102 35.0811614990234 35.0080337524414 34.8559494018555 34.6334457397461 34.4948768615723 34.3711051940918 34.4006996154785 34.6189994812012 34.6126251220703 34.3704605102539 34.743595123291 34.9348564147949 34.8180694580078 34.6490783691406 34.4934997558594 34.4083862304688 34.2871322631836 34.1596069335938 33.9348754882812 33.6113548278809 33.7985420227051 33.6590805053711 33.2843322753906 32.8337364196777 32.7132682800293 32.8175506591797 33.2030296325684 32.4677200317383 32.1901397705078 31.79150390625 31.1210746765137 31.0417022705078 30.9132175445557
