inst/extdata/Tmax/Tmax29.asc
NCOLS 100 
NROWS 79 
XLLCORNER 148.06 
YLLCORNER -21.49 
CELLSIZE 0.01 
NODATA_value -3.4e+38 
[rows 40 to 59 of 79, columns 0 to 45 of 100]
36.363903045654297 36.0495452880859 36.8953170776367 37.5046119689941 36.6881332397461 36.4983978271484 36.4634208679199 36.4742012023926 35.8290328979492 36.0655097961426 36.4814682006836 37.8250579833984 38.256950378418 37.1912689208984 37.2096939086914 36.7857627868652 36.7014350891113 36.0790596008301 35.5292663574219 35.6203079223633 35.5746765136719 35.674186706543 35.623104095459 35.677921295166 34.2126922607422 34.507884979248 33.7404708862305 33.7044105529785 33.9841995239258 33.0321769714355 32.1456832885742 31.0132656097412 32.3486557006836 32.1833877563477 31.6953277587891 31.992748260498 31.5601081848145 28.7974624633789 28.3314914703369 27.9653091430664 27.5319519042969 26.855676651001 26.3828926086426 26.1229496002197 25.8782234191895 27.6975193023682
36.8004150390625 36.590404510498 36.7046890258789 37.3419799804688 37.4628410339355 37.2775421142578 36.5150985717773 36.8517265319824 36.5092010498047 37.0555610656738 36.9465713500977 37.6852951049805 37.8732032775879 37.819149017334 37.0502662658691 37.7761878967285 37.0186462402344 36.1276245117188 35.4692153930664 35.943733215332 36.2964248657227 36.5423583984375 35.8821029663086 34.9888916015625 33.172966003418 32.6869926452637 33.4084167480469 33.5470695495605 33.7346572875977 33.3280220031738 32.2489013671875 32.0366325378418 32.1719665527344 32.8971138000488 30.1093902587891 30.9524383544922 30.3208847045898 28.7005233764648 28.558012008667 30.1152439117432 29.8983936309814 27.7434406280518 26.0052547454834 25.9154396057129 25.9274196624756 26.263500213623
36.8460731506348 36.8013572692871 37.0588302612305 37.1131973266602 36.9780654907227 36.797664642334 36.7534408569336 37.1242408752441 36.8230590820312 36.9913711547852 37.3586959838867 37.9208221435547 38.5563812255859 37.898078918457 37.9258728027344 37.3612747192383 37.2813529968262 37.1514549255371 36.4191703796387 36.3404006958008 36.6316947937012 35.9740562438965 35.9285354614258 35.1437721252441 35.2168617248535 34.6841125488281 32.7840957641602 33.5301322937012 33.5259552001953 33.0504837036133 31.6742992401123 31.4532566070557 30.3554592132568 30.5864105224609 29.4967727661133 29.7156276702881 27.5656185150146 28.3077583312988 28.5536289215088 28.0449447631836 28.7928714752197 27.8661708831787 28.213680267334 26.9361038208008 26.7193298339844 27.3495559692383
36.1653251647949 36.6189804077148 37.0034713745117 37.060920715332 37.2773056030273 37.0613174438477 37.7670364379883 37.5183792114258 36.9746208190918 36.9060821533203 37.0549697875977 37.5637283325195 37.9779052734375 38.0552978515625 38.3974266052246 38.4014091491699 37.9254531860352 37.7036819458008 36.7611656188965 36.5586395263672 36.6503753662109 36.535774230957 36.087890625 34.7824440002441 34.807373046875 34.7192230224609 34.3462219238281 34.1417655944824 33.4190368652344 33.6536979675293 32.6514129638672 32.2349662780762 33.4136810302734 32.2727432250977 32.6540031433105 26.7094211578369 27.2388820648193 27.3049869537354 27.471076965332 27.1322593688965 26.8462142944336 27.4053726196289 27.1132125854492 27.7176647186279 28.8724479675293 30.9521064758301
35.9228935241699 36.520450592041 36.4238777160645 36.3952789306641 36.9597969055176 37.0593109130859 37.0721321105957 37.2541007995605 37.036865234375 37.2148323059082 36.9354095458984 37.729679107666 37.7379455566406 38.3043251037598 38.5363388061523 38.2710723876953 37.8331871032715 38.0082244873047 37.8424644470215 37.6380348205566 37.0632400512695 36.8794937133789 36.1255760192871 36.6874465942383 35.9967880249023 34.9420700073242 34.872200012207 34.1781578063965 34.5505905151367 33.8067932128906 33.6733551025391 33.2159996032715 33.5724639892578 35.2934837341309 35.289306640625 27.453311920166 26.4116115570068 26.4376583099365 26.5278491973877 26.9679050445557 26.7399845123291 27.0975666046143 26.5601272583008 27.1215190887451 28.2317447662354 30.9161071777344
37.071720123291 36.4693298339844 35.9972457885742 36.1254119873047 36.7323341369629 36.5815734863281 36.8046035766602 37.1604804992676 37.2278289794922 37.0994529724121 36.9025077819824 37.3934211730957 37.2698554992676 38.2506484985352 38.7866439819336 38.2604522705078 37.708179473877 38.2685928344727 37.4784660339355 37.1836433410645 37.0824737548828 36.7257461547852 36.1794662475586 35.1961936950684 35.9308586120605 35.8720664978027 34.2973747253418 34.6902198791504 34.8539886474609 33.8827018737793 32.9845695495605 32.8195533752441 33.7833023071289 33.7675704956055 35.7607498168945 32.5258941650391 27.1544551849365 26.4149360656738 26.4568462371826 27.1285820007324 26.4921722412109 26.821834564209 27.2201347351074 27.1765232086182 28.0229377746582 28.4322891235352
35.8107986450195 36.2606964111328 36.6855812072754 35.9315071105957 35.8143997192383 36.2479362487793 36.7841644287109 36.8866767883301 36.8489036560059 36.618839263916 37.1384735107422 37.2058410644531 36.349494934082 36.935848236084 38.2789535522461 37.0505485534668 37.066722869873 38.1545333862305 37.9033203125 36.5890769958496 36.7628364562988 36.3975028991699 36.470817565918 36.8641014099121 34.4080772399902 34.727367401123 34.6215896606445 34.8293151855469 34.9593162536621 35.0967330932617 33.6015396118164 33.1453170776367 32.8110847473145 33.015209197998 34.4001655578613 34.4324531555176 27.2953853607178 27.3903141021729 27.3199443817139 27.8410968780518 27.1970558166504 27.0503692626953 27.2456150054932 32.8193244934082 28.43674659729 27.5104675292969
37.0338897705078 35.9351806640625 36.8686180114746 35.7561492919922 35.7397689819336 35.962230682373 36.0905609130859 36.0130462646484 35.8069801330566 36.4231872558594 36.1352882385254 36.1597518920898 36.4671020507812 37.2275848388672 38.0290794372559 38.1263847351074 37.4920349121094 37.9199523925781 37.7876358032227 36.7950325012207 37.3328399658203 37.2804565429688 35.898494720459 36.117488861084 35.9224243164062 36.6573829650879 36.1874084472656 35.5618667602539 35.664234161377 35.5569343566895 35.0409889221191 34.3516654968262 33.2259712219238 34.124626159668 34.0780944824219 33.0468559265137 32.7912521362305 30.6872291564941 28.5597438812256 28.4496593475342 27.972469329834 27.8792572021484 27.8952522277832 27.7296905517578 27.1119155883789 26.8441143035889
38.2572937011719 36.5524940490723 35.4085273742676 35.084342956543 35.179271697998 36.2119407653809 35.7200241088867 35.591480255127 35.4118499755859 36.1682319641113 36.2977600097656 36.0765914916992 36.4767265319824 37.4373359680176 38.1981048583984 37.2902755737305 37.2809791564941 36.9401588439941 37.4859580993652 36.4584693908691 36.5448303222656 37.502269744873 37.2575798034668 36.885082244873 36.2748985290527 35.6956558227539 36.7225074768066 37.351432800293 36.7579040527344 35.6840209960938 34.7716751098633 34.9062042236328 34.1762275695801 33.8842086791992 33.8325614929199 33.8171272277832 34.1203117370605 33.9250450134277 34.0330772399902 32.319953918457 27.4419078826904 27.4870433807373 27.7061710357666 27.3268756866455 27.2711887359619 26.9539375305176
38.4275131225586 37.5251426696777 36.7483177185059 34.9794769287109 34.8970222473145 34.9779243469238 35.5343360900879 35.5678405761719 35.4992561340332 36.9267501831055 37.5997085571289 36.9931755065918 36.5326919555664 36.6520347595215 36.7473983764648 36.7636604309082 37.2543830871582 37.4202880859375 37.0404357910156 37.7347640991211 36.5788688659668 37.0801429748535 37.4891014099121 37.312068939209 36.7418975830078 37.2232322692871 35.648754119873 36.834228515625 36.3478507995605 35.5762901306152 34.6268577575684 35.2115440368652 33.4509201049805 33.4374809265137 33.6897850036621 30.2372493743896 34.2612266540527 33.9649124145508 33.6205596923828 33.7875213623047 32.4881401062012 27.3799915313721 27.0452766418457 29.3283081054688 29.2688007354736 29.7992305755615
38.8036308288574 37.9680290222168 37.5654296875 35.2766227722168 35.310245513916 34.9314956665039 35.0398406982422 35.5952453613281 35.5000648498535 36.6536254882812 37.6174507141113 37.342845916748 37.4091911315918 37.7293891906738 37.5278129577637 37.0991744995117 37.4010162353516 37.3665161132812 37.3586921691895 36.5577430725098 37.5135459899902 37.3318252563477 37.0754241943359 36.6094169616699 36.2673301696777 36.2140731811523 35.7709579467773 35.2341117858887 36.2103729248047 35.9831733703613 34.9544258117676 35.1423530578613 33.8103446960449 34.0538291931152 32.4801979064941 33.4058265686035 33.2738189697266 33.683708190918 33.4779624938965 33.5707168579102 33.2335777282715 32.50390625 31.2368602752686 30.4130840301514 29.0787296295166 28.9593925476074
38.5961303710938 38.7411155700684 37.6387557983398 36.0634346008301 35.8675003051758 36.2737617492676 35.6380500793457 35.1657867431641 34.5194892883301 35.4353866577148 37.2496337890625 37.7741508483887 37.9270782470703 37.0511932373047 37.5715179443359 37.4881134033203 37.6369819641113 37.9606475830078 38.0752067565918 36.8513031005859 37.7109680175781 37.6093902587891 36.2224388122559 36.266716003418 36.1189842224121 35.2231597900391 35.0774192810059 35.1909446716309 36.0296897888184 36.6547355651855 36.4353256225586 34.4873580932617 34.2443084716797 33.3627586364746 33.1235427856445 32.5344009399414 32.5829734802246 33.3442649841309 33.2380218505859 33.2377052307129 32.5833282470703 32.3114585876465 31.8211441040039 30.9346618652344 27.1599311828613 26.977409362793
38.106876373291 38.6628875732422 38.3693542480469 34.9994316101074 34.5836219787598 35.4216613769531 35.2754745483398 35.4506340026855 34.5918846130371 34.7598037719727 36.3048667907715 35.8511085510254 36.6414070129395 37.6654319763184 37.2517204284668 37.6548156738281 37.8212203979492 38.0919227600098 37.9492416381836 37.8077583312988 37.7231063842773 37.511344909668 37.3707542419434 36.2919998168945 37.2519111633301 36.9403533935547 35.5129585266113 35.5704917907715 35.6584053039551 36.3545570373535 36.3257446289062 34.9552803039551 34.0795135498047 33.5494232177734 33.5865631103516 34.2176513671875 32.3587188720703 32.1639022827148 32.9015312194824 33.9457893371582 33.870491027832 33.1828994750977 33.1412696838379 32.3335952758789 27.4353408813477 26.8793125152588
38.4737243652344 37.9206314086914 37.7994079589844 35.68359375 34.7876319885254 36.0492172241211 35.961799621582 35.4727554321289 34.6873474121094 34.7834587097168 36.1420745849609 35.4848403930664 37.4207077026367 37.3477516174316 37.2185707092285 38.0633773803711 37.7097434997559 38.0700340270996 36.8358268737793 37.6717758178711 37.729434967041 37.752613067627 37.5862846374512 36.7823219299316 36.1684265136719 36.3895568847656 36.4486122131348 35.9071769714355 35.476634979248 35.7019157409668 36.094783782959 36.2528343200684 36.2211151123047 35.4614562988281 34.5424270629883 35.099967956543 33.7898902893066 32.9651870727539 31.7217903137207 33.0196151733398 34.1021003723145 34.2971801757812 33.706672668457 33.4658088684082 30.9579429626465 30.5052013397217
38.241512298584 37.3894729614258 37.5384216308594 36.5989799499512 36.161548614502 35.9638366699219 36.4812240600586 36.0684280395508 36.3762969970703 35.4271583557129 35.4036483764648 36.1055107116699 36.1602172851562 37.0396881103516 37.8030014038086 37.9753570556641 37.8738784790039 38.0212936401367 37.974723815918 37.1500625610352 37.1339340209961 37.7291946411133 37.2881774902344 37.7901420593262 36.9811935424805 36.3313446044922 35.8549613952637 36.276065826416 34.9451332092285 36.0017700195312 35.731071472168 35.122142791748 36.0455474853516 35.7499389648438 36.5849838256836 34.2427062988281 34.3757019042969 34.9841804504395 34.734489440918 33.5123023986816 33.4708404541016 32.6293983459473 31.8985576629639 31.102855682373 31.212308883667 28.1139698028564
38.3299179077148 38.339412689209 38.1554489135742 37.0717277526855 36.7145385742188 36.6822967529297 37.0806617736816 37.4345817565918 36.6581573486328 35.5038414001465 36.2077293395996 37.4555511474609 37.0749244689941 38.002140045166 37.792896270752 37.9228706359863 36.6231384277344 37.2071571350098 37.3803405761719 37.3900985717773 36.9635543823242 36.9927558898926 36.5783386230469 37.2017822265625 36.8549270629883 37.1211891174316 36.2690315246582 36.6586685180664 35.584400177002 36.0281143188477 36.2073516845703 35.7554244995117 35.0247116088867 35.0082740783691 35.3543357849121 36.0269317626953 35.5805053710938 35.4720153808594 34.7298698425293 33.1714668273926 32.565357208252 33.3640022277832 31.3859577178955 27.8819026947021 28.1921253204346 27.9049530029297
37.8319702148438 38.2180786132812 37.7644996643066 38.3347244262695 37.1675796508789 36.0186309814453 36.7263031005859 37.3789253234863 37.0004272460938 36.2813682556152 36.0867156982422 37.6864776611328 37.9677429199219 36.795108795166 37.4292411804199 37.8577079772949 36.5724296569824 37.013111114502 37.3553886413574 36.4002342224121 36.5079612731934 36.8000564575195 36.9739608764648 36.8264694213867 36.8773040771484 36.7891616821289 36.6029243469238 36.1398620605469 35.8217811584473 36.3346900939941 34.7131156921387 35.6247673034668 34.039379119873 34.0390968322754 34.3819427490234 35.4799385070801 34.8850860595703 33.8597831726074 33.7167510986328 28.9547157287598 28.6376476287842 32.2010459899902 31.0337047576904 27.4912300109863 27.8845615386963 27.9552040100098
38.3125228881836 38.6077537536621 38.212703704834 37.9770812988281 37.4911117553711 37.8067169189453 36.7918739318848 36.7334747314453 37.1273460388184 37.0470428466797 35.5981941223145 36.7249984741211 38.0043754577637 37.6873016357422 37.2661437988281 37.8264656066895 37.2787971496582 37.0859832763672 35.7501678466797 36.9023780822754 37.1725044250488 37.2176933288574 36.3627052307129 36.7862243652344 37.4720878601074 36.7947616577148 36.6340942382812 36.1831207275391 36.2717514038086 36.7558937072754 36.1431045532227 36.0285911560059 35.8926620483398 35.3422508239746 34.1761474609375 34.2126655578613 35.0369453430176 34.2386245727539 33.0957565307617 28.9089584350586 28.7978191375732 32.9412536621094 28.3843669891357 28.126953125 27.546350479126 27.6619434356689
38.566577911377 38.5070648193359 38.606819152832 38.2113609313965 38.1353378295898 37.5164566040039 36.5552177429199 36.4304542541504 36.6937065124512 35.7073020935059 35.8904228210449 37.819408416748 37.4956436157227 38.1672630310059 37.2878723144531 37.3575286865234 36.2154769897461 36.0649681091309 35.9735221862793 35.9837226867676 36.0052146911621 36.347583770752 35.6730651855469 36.2348365783691 37.3786315917969 36.7237739562988 36.3857002258301 36.4721755981445 36.2944488525391 36.7976531982422 36.0029029846191 35.9834861755371 35.8750991821289 35.2888488769531 35.2496948242188 34.2388343811035 34.1369438171387 33.6306114196777 29.5352268218994 29.4294948577881 29.1196441650391 32.340633392334 28.5482845306396 27.7722225189209 27.7775459289551 27.6516876220703
38.3929481506348 37.7586402893066 38.4831008911133 37.4165458679199 38.1402282714844 36.9092674255371 36.7998008728027 36.1825408935547 36.667667388916 35.7448043823242 35.7327079772949 35.2929191589355 37.0670433044434 37.8930282592773 37.8383827209473 37.124828338623 36.0083465576172 36.1126556396484 36.0136909484863 35.3064880371094 35.5786056518555 36.919246673584 35.9881744384766 36.2235794067383 36.1983871459961 36.6628227233887 36.4975051879883 36.3074836730957 36.473201751709 37.1134948730469 36.1505508422852 35.760425567627 35.4022560119629 36.0861396789551 35.716480255127 35.3682518005371 34.7576789855957 33.5376014709473 32.9211578369141 32.7458915710449 32.2393341064453 32.3048210144043 31.6098556518555 27.8926620483398 27.7666969299316 27.7497215270996
