inst/extdata/Tmax/Tmax71.asc
NCOLS 100 
NROWS 79 
XLLCORNER 148.06 
YLLCORNER -21.49 
CELLSIZE 0.01 
NODATA_value -3.4e+38 
[rows 40 to 59 of 79, columns 0 to 45 of 100]
38.951450347900398 38.7342796325684 38.7523880004883 38.770809173584 38.6702651977539 38.7518005371094 38.7110061645508 38.5482139587402 38.1729507446289 38.5016021728516 38.98974609375 39.2353630065918 39.2576484680176 39.2913856506348 39.3362464904785 39.1664085388184 38.9526138305664 38.6703147888184 38.2120628356934 38.5914993286133 38.5777359008789 38.4888000488281 38.4336090087891 38.115177154541 37.4051666259766 36.8916053771973 36.7341575622559 36.7995147705078 36.8849411010742 36.3808059692383 35.8707847595215 36.2002105712891 37.1845016479492 36.9676513671875 36.7609214782715 37.0117416381836 36.9386138916016 36.6818351745605 36.5052490234375 36.1490516662598 36.111515045166 35.4348220825195 34.9791603088379 34.969352722168 34.7639961242676 34.6338195800781
39.0861015319824 38.7753524780273 38.671947479248 38.7472267150879 38.6612396240234 38.7189407348633 38.7209014892578 38.631462097168 38.4303932189941 38.5201759338379 38.7781639099121 39.0480422973633 39.2204666137695 39.3442115783691 39.3723793029785 39.2503280639648 39.0117378234863 38.6109313964844 38.3426551818848 38.4499740600586 38.4615364074707 38.2741966247559 38.4070587158203 38.1823501586914 37.6565284729004 37.2605819702148 36.7747116088867 36.7040100097656 36.8631324768066 36.5169334411621 36.1790046691895 36.6701774597168 37.193359375 36.6026611328125 36.0323448181152 36.6218070983887 36.6529922485352 36.8110122680664 36.7763748168945 36.5904388427734 36.4921646118164 35.9251976013184 34.82958984375 34.7303199768066 34.7826194763184 34.7461128234863
38.9943466186523 38.9521026611328 38.7783355712891 38.6782188415527 38.7201652526855 38.7313003540039 38.7102699279785 38.6742935180664 38.6413841247559 38.5979194641113 38.6305885314941 39.0000190734863 39.2427864074707 39.348560333252 39.3532562255859 39.3103408813477 39.1303443908691 38.8699531555176 38.6857986450195 38.6416625976562 38.567512512207 38.057731628418 37.9958114624023 38.1628761291504 38.1765899658203 37.8266487121582 37.145938873291 36.8804664611816 36.8133811950684 36.6321067810059 35.9242858886719 36.7590866088867 36.7960739135742 35.9515228271484 35.3095741271973 36.0110931396484 36.007495880127 36.5077438354492 36.6306266784668 36.3915519714355 36.2053489685059 36.2419242858887 35.7677345275879 35.59228515625 35.912540435791 36.6775703430176
38.7377624511719 38.8107299804688 38.7917785644531 38.7817802429199 38.7986679077148 38.7866477966309 38.7563247680664 38.7097091674805 38.7465476989746 38.7170219421387 38.7177314758301 39.0329322814941 39.2189674377441 39.3327407836914 39.3429870605469 39.3491821289062 39.265323638916 39.0891075134277 38.8640785217285 38.8870544433594 38.7435111999512 38.5377006530762 38.0023231506348 37.7204093933105 38.2354736328125 38.0635414123535 37.7433090209961 37.3600540161133 37.0919532775879 36.9488945007324 36.3205986022949 36.2501525878906 36.7902221679688 36.3906669616699 35.8831367492676 35.5172309875488 35.5815315246582 35.7686767578125 35.9406547546387 35.7509689331055 35.3899536132812 35.9495010375977 35.599048614502 36.3293762207031 37.6865425109863 38.1881332397461
38.5256462097168 38.6705169677734 38.6462821960449 38.6405715942383 38.778881072998 38.8614921569824 38.8797187805176 38.829906463623 38.8708953857422 38.9004859924316 39.0253372192383 39.1274566650391 39.2212181091309 39.2934799194336 39.3346252441406 39.369514465332 39.3414840698242 39.2193908691406 39.0904655456543 39.045711517334 38.9367561340332 38.8198852539062 38.5778312683105 38.4048461914062 38.2595596313477 37.8938026428223 38.0878982543945 37.9835891723633 37.7255096435547 37.1865615844727 36.7054176330566 36.6952095031738 36.9351425170898 37.0562705993652 36.8199996948242 35.9041366577148 34.8692245483398 34.8354072570801 34.9118461608887 35.1664810180664 35.0658340454102 35.4914016723633 35.113166809082 35.7565269470215 37.1221084594727 38.2065353393555
38.5563812255859 38.6054191589355 38.4760398864746 38.383918762207 38.5380592346191 38.7042846679688 38.8825416564941 38.9692573547363 39.015251159668 39.0806465148926 39.1282081604004 39.0644416809082 38.8840484619141 39.1683807373047 39.3388175964355 39.369571685791 39.3653907775879 39.3038215637207 39.225700378418 39.1677474975586 39.0892028808594 39.0004348754883 38.9491539001465 38.4669456481934 38.1883697509766 38.121395111084 38.182258605957 38.0412254333496 37.8873138427734 37.4813537597656 36.5075569152832 36.6625442504883 36.8943862915039 36.9366455078125 37.005687713623 36.302417755127 35.2937507629395 35.101188659668 35.1207733154297 35.4541969299316 34.9870758056641 35.2640342712402 35.563663482666 35.7971343994141 36.4704360961914 37.3654251098633
38.4619827270508 38.4391860961914 38.437442779541 38.3736763000488 38.2904357910156 38.3297157287598 38.7167816162109 38.8087501525879 38.8978233337402 38.9059371948242 39.069881439209 39.1473541259766 38.9472465515137 39.141040802002 39.3099365234375 39.3635215759277 39.3656921386719 39.3046531677246 39.2653007507324 39.2256507873535 39.1590690612793 39.0999412536621 39.0128479003906 38.6358108520508 37.9885902404785 38.0665664672852 38.1986846923828 38.0142822265625 37.9668312072754 37.8445472717285 37.2184143066406 36.9627265930176 36.6800155639648 36.8741188049316 36.9723930358887 36.6001129150391 35.775764465332 35.9878158569336 35.5694313049316 36.107666015625 35.6675262451172 35.7860679626465 35.8681182861328 35.9446296691895 35.9324111938477 35.7795372009277
38.8201904296875 38.3171463012695 38.2462501525879 38.1987648010254 38.1724090576172 38.2643585205078 38.5084381103516 38.4672431945801 38.6567497253418 38.6889877319336 38.7456970214844 38.7939987182617 38.9325942993164 39.1446990966797 39.2843360900879 39.3681526184082 39.3559684753418 39.2539749145508 39.1062660217285 39.0226554870605 39.1172065734863 38.9688262939453 38.9741477966309 38.9144897460938 38.551570892334 38.466968536377 38.4751777648926 38.3101806640625 38.1709899902344 37.9900207519531 37.4494476318359 37.1629447937012 36.6054306030273 36.9021301269531 36.9280662536621 36.7412376403809 36.4024848937988 36.5695457458496 36.3569412231445 36.5375213623047 36.3271293640137 36.1647033691406 36.0433769226074 35.9201049804688 35.648624420166 35.4603538513184
39.3674354553223 38.7462959289551 38.1474723815918 38.0252876281738 38.1214752197266 38.2610130310059 38.2068061828613 38.200252532959 38.4584579467773 38.6838912963867 38.7340927124023 38.7177810668945 38.8908538818359 39.1222801208496 39.3020133972168 39.3467674255371 39.3491706848145 39.2843856811523 39.1443901062012 38.9612922668457 39.0076866149902 38.959659576416 38.8889007568359 38.9810905456543 38.8872909545898 38.7949714660645 38.5694999694824 38.4044532775879 38.3262977600098 38.0903053283691 37.777473449707 37.4135818481445 36.736255645752 36.8480796813965 36.817455291748 36.8561630249023 36.7759819030762 36.7469711303711 36.6503524780273 36.5008239746094 35.8762741088867 35.7428398132324 35.8865280151367 35.6801719665527 35.5690803527832 35.2937202453613
39.5816192626953 39.1898460388184 38.5245666503906 38.0684280395508 38.0520439147949 38.0385284423828 38.0582122802734 38.3226509094238 38.5018997192383 38.4145088195801 38.8902740478516 39.0657691955566 39.1423873901367 39.2131462097168 39.2815628051758 39.3389282226562 39.3401336669922 39.288890838623 39.200122833252 39.0810775756836 38.990406036377 38.9297103881836 38.7765083312988 38.7985877990723 38.9188003540039 38.8969268798828 38.7197265625 38.2895202636719 37.8945159912109 38.0929412841797 37.8506126403809 37.6063499450684 36.9725189208984 36.7338104248047 36.5632629394531 36.7896347045898 36.8457412719727 36.7603340148926 36.719123840332 36.4704666137695 35.9276161193848 35.6167678833008 35.746223449707 35.4538803100586 35.378360748291 35.3003730773926
39.5854606628418 39.4501647949219 39.0898056030273 38.5962791442871 38.1713066101074 37.9287719726562 38.0520477294922 38.2950401306152 38.3234596252441 38.5530662536621 38.9964447021484 39.1733894348145 39.2637710571289 39.3355484008789 39.342414855957 39.3533248901367 39.2575836181641 39.2551612854004 39.2508697509766 39.1800270080566 39.0835266113281 38.9523544311523 38.7896308898926 38.7163619995117 38.790958404541 38.8129081726074 38.8392066955566 38.6488075256348 38.4202728271484 38.2969589233398 37.8636741638184 37.7314033508301 37.0735816955566 36.7484512329102 36.2644805908203 36.6204261779785 36.7151679992676 36.7000923156738 36.7298698425293 36.5782279968262 36.1677665710449 36.0326118469238 35.9444618225098 35.7707710266113 35.5121192932129 35.3676643371582
39.568962097168 39.5422973632812 39.3362350463867 38.8109588623047 38.3478736877441 38.1204109191895 38.0848731994629 38.1443977355957 37.9458999633789 38.0606307983398 38.7217864990234 39.0304260253906 39.161506652832 39.3123931884766 39.3704452514648 39.3322715759277 39.2652168273926 39.2526931762695 39.2162666320801 39.1978454589844 39.1137313842773 39.0243072509766 38.9333877563477 38.7642974853516 38.6637649536133 38.6063499450684 38.571704864502 38.6492538452148 38.4654960632324 38.546573638916 38.5537948608398 37.9357795715332 37.4651756286621 37.1093292236328 36.7184371948242 36.8097915649414 36.7697944641113 36.6255035400391 36.7244415283203 36.638786315918 36.247989654541 36.1181526184082 36.0178642272949 35.8663215637207 35.4783668518066 35.3230781555176
39.4419364929199 39.5006332397461 39.3812942504883 38.6191291809082 37.9898567199707 37.9627380371094 38.0412521362305 37.9286155700684 37.7235527038574 37.8222389221191 38.6771850585938 39.0390014648438 39.1999855041504 39.3354263305664 39.3351974487305 39.2884063720703 39.2735481262207 39.2158966064453 39.1741714477539 39.1604614257812 39.158130645752 39.1069221496582 38.9726943969727 38.8062057495117 38.6247444152832 38.4912109375 38.465259552002 38.4170913696289 38.4021034240723 38.3115768432617 38.4481201171875 38.3413848876953 37.8958702087402 37.411750793457 37.0636024475098 37.3123054504395 37.2642097473145 36.8875770568848 36.7264099121094 36.768253326416 36.6326446533203 36.427188873291 36.1743240356445 35.9742584228516 35.7038192749023 35.3966979980469
39.2890129089355 39.341625213623 39.4195938110352 39.0790061950684 38.2937812805176 38.0195541381836 38.2918167114258 37.8963165283203 37.7683563232422 37.8268165588379 38.6504821777344 39.1147003173828 39.2722206115723 39.3352966308594 39.271842956543 39.1897125244141 39.1796989440918 39.1874160766602 39.1526298522949 39.0612487792969 39.0890235900879 39.1300926208496 39.0099449157715 38.882007598877 38.7211151123047 38.5863800048828 38.311107635498 38.15185546875 37.8718490600586 38.1272048950195 37.9892997741699 38.4000358581543 38.4236755371094 38.1475143432617 37.7590408325195 37.7731819152832 37.4814949035645 37.200080871582 36.9526786804199 37.2296104431152 36.8989753723145 36.6834182739258 36.5487518310547 36.4308967590332 36.2072334289551 36.0816535949707
39.2024765014648 39.1768112182617 39.3118858337402 39.3156890869141 38.9679374694824 38.7775764465332 38.7297134399414 38.4489326477051 38.2838363647461 38.285530090332 38.4257354736328 38.7312431335449 39.221263885498 39.313907623291 39.2123107910156 39.1370582580566 39.1248054504395 39.1512908935547 39.112232208252 39.0529823303223 39.0597534179688 39.1290092468262 39.0813980102539 38.9343719482422 38.8403587341309 38.6885795593262 38.4321174621582 38.2528533935547 37.925895690918 38.0907745361328 37.5994148254395 37.9156532287598 38.0815734863281 38.0873184204102 38.1687316894531 38.064640045166 37.8243865966797 37.7035331726074 37.3506546020508 36.9603729248047 36.8934555053711 36.9225997924805 36.7259635925293 36.5653305053711 36.5497436523438 36.4274673461914
39.2810974121094 39.2726097106934 39.3039779663086 39.3218116760254 39.2252807617188 38.7566375732422 38.7588272094727 38.8004493713379 38.6267547607422 38.5868988037109 38.7710723876953 39.0393447875977 39.2744522094727 39.318244934082 39.2341194152832 39.0869903564453 39.1224555969238 39.1076202392578 38.9496269226074 38.9257469177246 39.0165023803711 39.0656509399414 39.0942077636719 39.0104789733887 38.9095916748047 38.7848854064941 38.6287307739258 38.4199829101562 38.2830467224121 38.1528167724609 37.8217430114746 37.5395431518555 37.6308364868164 37.5924224853516 37.9181327819824 37.6820411682129 37.8752517700195 37.6847534179688 37.402759552002 37.0791358947754 36.8921356201172 36.721492767334 36.3454933166504 35.891544342041 36.3155746459961 36.4472389221191
39.3746681213379 39.3528518676758 39.3234901428223 39.3061180114746 39.1849708557129 38.579532623291 38.4169998168945 38.7386016845703 38.6468124389648 38.3980484008789 38.6102714538574 39.1045799255371 39.2936248779297 39.3067321777344 39.2330741882324 39.0850868225098 39.0736389160156 38.9104194641113 38.7116050720215 38.8082008361816 39.0201644897461 39.0186042785645 39.0676651000977 39.0503768920898 38.9164199829102 38.8585166931152 38.7168197631836 38.4913711547852 38.4150619506836 38.2345123291016 37.9152908325195 37.3987503051758 37.1617965698242 37.2585220336914 37.5922355651855 37.6861152648926 37.3966064453125 37.1240501403809 37.2612991333008 37.1981010437012 36.930290222168 36.7466659545898 36.3332901000977 35.7081413269043 36.0352058410645 36.3034057617188
39.4230995178223 39.3889083862305 39.345817565918 39.3143310546875 39.2772903442383 39.0135688781738 38.6682205200195 38.4770660400391 38.4738922119141 38.3049392700195 38.6587295532227 39.1207542419434 39.2843055725098 39.2826118469238 39.2097244262695 39.0644607543945 38.9369735717773 38.7765846252441 38.6831016540527 38.8741035461426 38.9587898254395 38.9994506835938 38.9626388549805 39.0259742736816 38.9713439941406 38.8942718505859 38.7622909545898 38.5503997802734 38.4498176574707 38.2918395996094 37.9720458984375 37.810619354248 37.4575805664062 37.3048057556152 37.2527275085449 37.3537063598633 37.544116973877 37.419864654541 37.138069152832 36.9749450683594 36.8117523193359 36.6557693481445 36.4560699462891 36.206901550293 35.7152137756348 35.923641204834
39.4552841186523 39.4097785949707 39.365608215332 39.3488922119141 39.2863502502441 39.119945526123 38.9022521972656 38.4600067138672 38.3707504272461 38.5032196044922 38.8422241210938 39.1483726501465 39.2544364929199 39.2399101257324 39.1345024108887 39.0028877258301 38.7790946960449 38.7099151611328 38.7831115722656 38.7961082458496 38.8944969177246 38.8454666137695 38.703296661377 38.8793983459473 39.0001411437988 38.9010238647461 38.7358207702637 38.6125411987305 38.5027503967285 38.4129333496094 38.2582550048828 38.0853729248047 37.8430671691895 37.7907676696777 37.5356330871582 37.2703437805176 37.3373146057129 37.3819999694824 37.1980171203613 37.0736351013184 36.9574775695801 36.7744827270508 36.3049812316895 36.0065879821777 36.0922622680664 36.0960731506348
39.4729347229004 39.4729537963867 39.4240036010742 39.3890571594238 39.2977828979492 39.2084426879883 39.1237335205078 38.8480377197266 38.4918746948242 38.5557403564453 38.6696243286133 38.8872947692871 39.0904159545898 39.1163558959961 39.0634498596191 38.9517135620117 38.7950706481934 38.6902160644531 38.5995101928711 38.6233291625977 38.7880516052246 38.7864303588867 38.5988960266113 38.8820495605469 39.0255889892578 38.9343795776367 38.8109970092773 38.686824798584 38.6196403503418 38.5247840881348 38.4250640869141 38.2554244995117 38.0048942565918 38.1469268798828 38.0379257202148 37.7475891113281 37.4027137756348 37.3078994750977 37.3869590759277 37.6830177307129 37.1131896972656 36.9045066833496 36.5907325744629 36.0687103271484 36.0056533813477 35.904426574707
