inst/extdata/Tmax/Tmax124.asc
NCOLS 100 
NROWS 79 
XLLCORNER 148.06 
YLLCORNER -21.49 
CELLSIZE 0.01 
NODATA_value -3.4e+38 
[rows 40 to 59 of 79, columns 46 to 91 of 100]
37.0187110900879 37.6783180236816 37.958625793457 38.5524520874023 39.6374969482422 40.6634826660156 40.2007522583008 38.6703071594238 38.407039642334 38.8577117919922 39.2078704833984 40.961540222168 40.5866203308105 40.8206024169922 39.9816665649414 41.0440139770508 41.2474212646484 40.9711685180664 41.0866470336914 41.2018623352051 41.2402191162109 40.3193702697754 40.7322311401367 41.0699424743652 41.1745223999023 41.2597503662109 41.1755828857422 40.8098526000977 41.010669708252 41.2196273803711 41.2064247131348 41.0713195800781 40.7640991210938 39.5070037841797 39.8053398132324 40.5262145996094 40.4489059448242 40.3691787719727 40.6245422363281 40.0839881896973 39.364070892334 39.868350982666 40.2037239074707 40.011116027832 40.292350769043 40.3599090576172
37.945972442627 38.7365837097168 38.6676025390625 38.6258697509766 39.6779098510742 40.9488716125488 39.806396484375 39.4518547058105 40.0347328186035 40.1328125 40.530460357666 41.2510604858398 41.1476097106934 41.1765747070312 41.0409698486328 41.379997253418 41.4324417114258 41.3790664672852 41.3488121032715 41.3825874328613 41.388313293457 40.8883399963379 40.1977729797363 40.5736465454102 40.5087127685547 41.0278396606445 41.344123840332 40.8908042907715 40.8923721313477 41.2897720336914 41.3446311950684 41.2780838012695 41.1266479492188 40.5371208190918 40.7911491394043 40.8567771911621 40.6591110229492 40.6656379699707 40.7802696228027 40.914966583252 39.9798011779785 40.2224044799805 40.8444480895996 40.6626625061035 40.8057975769043 40.7681655883789
39.6046371459961 39.7123680114746 39.8220176696777 40.2957458496094 40.6431999206543 41.1528663635254 40.7372856140137 40.2044944763184 40.7412872314453 41.1588592529297 41.0987319946289 41.4261360168457 41.4718971252441 41.404842376709 41.3892440795898 41.4988975524902 41.5219764709473 41.5106239318848 41.4911117553711 41.4922981262207 41.4280242919922 40.5198249816895 40.332462310791 40.845458984375 40.3399772644043 40.8166122436523 41.2648735046387 41.18017578125 41.1356620788574 41.3935699462891 41.4355621337891 41.4406280517578 41.4120178222656 41.3113403320312 41.2248077392578 40.9260177612305 40.0244560241699 40.6339302062988 41.1690216064453 41.172534942627 41.0679130554199 41.0198440551758 41.1431465148926 41.1847190856934 41.2311172485352 41.1968688964844
40.6570091247559 40.6867218017578 40.828857421875 40.9854011535645 41.2319526672363 41.3312225341797 41.2577896118164 41.033821105957 41.2174530029297 41.4461784362793 41.4695892333984 41.5301513671875 41.5199127197266 41.4942054748535 41.5248985290527 41.522144317627 41.4693412780762 41.4567909240723 41.4992523193359 41.5389289855957 41.517951965332 41.2980499267578 41.0610313415527 41.2435150146484 41.122615814209 40.7080497741699 41.0045776367188 41.2802886962891 41.4396018981934 41.4701080322266 41.4856185913086 41.4877052307129 41.4681282043457 41.4365348815918 41.4386367797852 41.3175926208496 40.8578338623047 41.1716690063477 41.3538475036621 41.3456039428711 41.3322105407715 41.3369674682617 41.3302421569824 41.352668762207 41.364559173584 41.3514442443848
40.4679756164551 40.7522354125977 41.0276145935059 41.0449523925781 41.110523223877 41.2538452148438 41.3156204223633 41.3947601318359 41.4326782226562 41.3863754272461 41.2017021179199 41.3208427429199 41.2555236816406 41.0062026977539 41.1988182067871 41.3555870056152 41.254337310791 41.3743896484375 41.4762954711914 41.5328178405762 41.5673980712891 41.4518013000488 41.1543731689453 40.9103469848633 41.1430854797363 41.3357162475586 41.3919677734375 41.4424285888672 41.4583587646484 41.4980926513672 41.4996948242188 41.4981384277344 41.4641990661621 41.4326934814453 41.466739654541 41.4299926757812 41.416748046875 41.4187889099121 41.3703842163086 41.3775520324707 41.3731002807617 41.3668556213379 41.376148223877 41.36962890625 41.2853012084961 41.3290901184082
39.1285247802734 39.6566009521484 39.9348449707031 40.1052017211914 40.4972496032715 40.8591995239258 40.8134231567383 41.0265274047852 41.0342178344727 40.8795547485352 40.1178436279297 40.1441421508789 40.2357406616211 38.9565048217773 39.7054443359375 40.5228462219238 41.0869750976562 41.4273681640625 41.5239562988281 41.5552291870117 41.582332611084 41.419864654541 40.9992713928223 40.6416358947754 40.9223785400391 41.2068138122559 41.3432960510254 41.3389701843262 41.4106750488281 41.4876823425293 41.5075988769531 41.5123672485352 41.4997444152832 41.4973335266113 41.4719581604004 41.3970336914062 41.3930435180664 41.3919715881348 41.3701362609863 41.3685607910156 41.3584823608398 41.3562088012695 41.3525352478027 41.3094367980957 41.3091697692871 41.3492698669434
37.4638938903809 38.3493499755859 38.2707405090332 38.2378044128418 39.150074005127 39.5142059326172 39.585033416748 39.7534790039062 40.1932067871094 39.6161193847656 39.1515808105469 38.7419776916504 39.1881332397461 39.0885467529297 39.3825988769531 40.5660171508789 41.2667121887207 41.463264465332 41.5039749145508 41.4919052124023 41.5581016540527 41.5819969177246 41.1769180297852 40.8386688232422 40.7359352111816 41.0312042236328 41.2473907470703 41.3672637939453 41.474365234375 41.4993476867676 41.5348472595215 41.5494041442871 41.5466003417969 41.5228080749512 41.4506301879883 41.4107360839844 41.4119415283203 41.4138031005859 41.4057388305664 41.397518157959 41.3865165710449 41.388298034668 41.39111328125 41.3653144836426 41.3641548156738 41.2748031616211
37.5644111633301 37.5051116943359 37.3566627502441 37.4019241333008 37.3495635986328 37.901309967041 38.7714004516602 39.2172966003418 39.3308944702148 39.2315368652344 39.5961151123047 39.4684677124023 39.346134185791 39.8158111572266 40.1316566467285 41.0470771789551 41.3112754821777 41.3465194702148 41.2919960021973 41.4202117919922 41.5572929382324 41.6163291931152 41.4840774536133 41.1878395080566 40.78125 41.0725631713867 41.2731857299805 41.4408378601074 41.5166320800781 41.558967590332 41.5851287841797 41.5746421813965 41.5174293518066 41.4509010314941 41.3971176147461 41.390983581543 41.4093971252441 41.4304618835449 41.4274024963379 41.4199333190918 41.4224472045898 41.4306297302246 41.4299774169922 41.4150848388672 41.2278938293457 41.034912109375
37.2922554016113 37.3564987182617 37.5102424621582 37.295654296875 37.2191123962402 37.2925148010254 37.9041633605957 39.0475997924805 39.4085083007812 39.5187950134277 39.4021377563477 39.5185928344727 39.7149810791016 40.0287933349609 40.0991439819336 40.6689491271973 41.0613746643066 41.0689430236816 41.0702323913574 41.3781890869141 41.5033950805664 41.5301818847656 41.6208000183105 41.5471878051758 41.4419746398926 41.4296531677246 41.5223960876465 41.5949249267578 41.6081581115723 41.6167144775391 41.6058578491211 41.5482406616211 41.472900390625 41.352352142334 41.3191680908203 41.3938140869141 41.4103240966797 41.4350738525391 41.4582214355469 41.4510841369629 41.4688186645508 41.4741973876953 41.465934753418 41.4589805603027 41.3160667419434 41.2035751342773
37.3600845336914 37.4783020019531 37.4879989624023 37.240779876709 37.5897064208984 38.1915588378906 38.2592926025391 39.1270904541016 39.4468841552734 39.5762634277344 39.4436874389648 39.7596054077148 40.0345077514648 40.0488891601562 40.1529388427734 40.0696792602539 40.1805572509766 40.4299240112305 40.8182754516602 41.1828689575195 41.3008689880371 41.3272247314453 41.5733375549316 41.6280479431152 41.6518440246582 41.6501884460449 41.6319961547852 41.4732971191406 41.5411338806152 41.6140441894531 41.5925636291504 41.4894905090332 41.4540863037109 41.2708892822266 41.2140159606934 41.410026550293 41.4189338684082 41.4102478027344 41.4761390686035 41.4906044006348 41.4911270141602 41.5038909912109 41.4973106384277 41.4785423278809 41.4168090820312 41.366325378418
37.3995819091797 37.3039512634277 37.4557418823242 37.2368927001953 37.7026252746582 38.4927978515625 38.7321662902832 39.1318588256836 39.6118316650391 39.9095230102539 39.9193572998047 40.0522994995117 40.1386642456055 40.1805114746094 40.1789016723633 40.1458854675293 40.2252349853516 39.9560623168945 39.6006927490234 40.792106628418 40.6977233886719 41.1518249511719 41.4909362792969 41.5589447021484 41.6168899536133 41.6209106445312 41.5572738647461 41.3489723205566 41.5024185180664 41.6101989746094 41.4657211303711 41.3106155395508 41.333869934082 41.3220596313477 41.3617286682129 41.4610977172852 41.4763641357422 41.4704895019531 41.477165222168 41.5190773010254 41.535888671875 41.5278167724609 41.5132331848145 41.4900550842285 41.4596977233887 41.3909683227539
37.0929832458496 37.0648727416992 37.3383560180664 36.8658142089844 36.9688186645508 38.425952911377 38.9622573852539 39.3954620361328 39.6203269958496 39.8048629760742 39.8452224731445 39.8374633789062 39.6893615722656 39.6786651611328 39.8938827514648 40.0546913146973 40.4146575927734 40.349609375 40.1687812805176 40.2240409851074 40.0804290771484 40.9065856933594 41.3268699645996 41.5098304748535 41.5265350341797 41.5614242553711 41.2228317260742 40.8621406555176 41.4726638793945 41.6107215881348 41.3547554016113 41.0654602050781 41.3239974975586 41.3809432983398 41.4188194274902 41.4079856872559 41.4135704040527 41.4257392883301 41.4557991027832 41.4540481567383 41.4848899841309 41.5261878967285 41.5229377746582 41.5025329589844 41.4758148193359 41.4267082214355
36.833911895752 36.7176094055176 37.0572929382324 36.9582481384277 37.014762878418 37.7533760070801 38.4883842468262 38.9471092224121 39.27685546875 39.5199813842773 39.4818420410156 39.4213714599609 39.4554061889648 39.6421051025391 40.3013610839844 40.4333381652832 40.635196685791 40.5465812683105 40.4731063842773 40.3097801208496 40.0770568847656 40.7790336608887 41.243221282959 41.4457359313965 41.394157409668 41.5061531066895 41.1313400268555 40.1924171447754 41.2210006713867 41.5865135192871 41.3350563049316 41.1091728210449 41.3181953430176 41.2681159973145 41.2089195251465 41.2574462890625 41.3157958984375 41.2617301940918 41.1932601928711 41.1872406005859 41.3206901550293 41.4201927185059 41.5150871276855 41.506721496582 41.4834365844727 41.4567031860352
37.6694679260254 36.8948860168457 36.9674263000488 37.2566871643066 37.5284233093262 38.3130302429199 38.3558349609375 38.9093780517578 39.4628372192383 39.685546875 39.9286041259766 39.9907073974609 40.1061553955078 40.3538551330566 40.5609855651855 40.6298141479492 40.5902328491211 40.6789245605469 40.6551284790039 40.4241104125977 40.234920501709 40.2789421081543 40.8379211425781 41.0823364257812 41.0172424316406 41.4668579101562 41.3714370727539 40.7317657470703 41.289436340332 41.5641746520996 41.3567504882812 41.1846694946289 41.108959197998 40.7802047729492 40.9822845458984 40.9412231445312 40.9602966308594 40.5448226928711 40.6601715087891 39.6132049560547 41.0361137390137 41.3021278381348 41.4887580871582 41.5058822631836 41.4883079528809 41.4624786376953
38.2021408081055 37.4497299194336 37.0470542907715 37.6367416381836 38.1092147827148 38.6429138183594 38.6899909973145 39.0205688476562 39.5493392944336 39.8334121704102 39.8653984069824 39.8662071228027 40.1800804138184 40.3722877502441 40.4987411499023 40.506534576416 40.7343330383301 40.8830718994141 40.8633460998535 40.6166229248047 40.4597816467285 40.3909187316895 40.5406875610352 40.564640045166 40.5491333007812 41.2707824707031 41.4605560302734 41.1752014160156 40.8831481933594 41.4340858459473 40.9881896972656 40.1703186035156 40.8198356628418 40.9951286315918 41.2989807128906 41.3246231079102 41.2929000854492 41.2689437866211 41.0535125732422 40.0476417541504 40.9088935852051 41.249813079834 41.4319000244141 41.4870986938477 41.4905776977539 41.4684524536133
38.248836517334 37.5935707092285 37.1610527038574 38.1180038452148 38.8280181884766 39.1395454406738 39.6590156555176 39.8136253356934 39.950927734375 40.0187034606934 39.8853645324707 39.8455505371094 40.2734031677246 40.3805541992188 40.4043083190918 40.5053672790527 40.6374855041504 40.6382637023926 41.1921806335449 40.9534111022949 40.681770324707 40.5418434143066 40.5294570922852 40.3748893737793 40.3982620239258 41.0685920715332 41.4326095581055 41.3474006652832 41.2076377868652 41.5291748046875 40.8414878845215 39.7118949890137 40.2505226135254 40.9682693481445 41.0146980285645 40.6373481750488 40.7083702087402 41.2624473571777 41.3908996582031 41.3600463867188 41.4151649475098 41.414852142334 41.4369201660156 41.444393157959 41.4772567749023 41.4769134521484
38.1661491394043 37.4286117553711 37.0637893676758 37.9681510925293 38.9061279296875 39.1622848510742 38.7378196716309 39.6884498596191 39.6408615112305 39.2384452819824 39.9137535095215 40.0520439147949 40.0574226379395 40.0885925292969 40.0954132080078 40.3470573425293 40.4980926513672 40.630744934082 41.1512489318848 41.284740447998 41.0964088439941 40.7895469665527 40.6247825622559 40.5553741455078 40.3179931640625 40.8296432495117 41.3111000061035 41.3349914550781 41.5341873168945 41.605411529541 41.0917167663574 39.2634506225586 39.9731216430664 39.4601707458496 39.8431434631348 39.1126441955566 40.1340026855469 41.2233390808105 41.3495597839355 41.4205741882324 41.4532051086426 41.3760147094727 41.2750053405762 41.3918380737305 41.4258880615234 41.4430694580078
38.1616706848145 37.5887184143066 37.6246109008789 37.9985046386719 38.6716117858887 38.9778633117676 39.2761917114258 39.4337043762207 38.4947471618652 38.4198760986328 39.5222930908203 38.807300567627 39.0594482421875 39.3641204833984 39.8620872497559 40.2419128417969 40.4180450439453 40.6603355407715 41.0317039489746 41.175952911377 41.2480316162109 41.0097618103027 40.682502746582 40.7659225463867 40.6471824645996 40.911979675293 40.9190979003906 40.7555274963379 41.326042175293 41.5226707458496 41.2978439331055 40.5756950378418 39.0638732910156 37.6561317443848 37.769889831543 38.9841423034668 40.5351219177246 41.1772842407227 41.2987518310547 41.247989654541 41.2659034729004 41.041561126709 40.9244079589844 41.3096733093262 41.0559387207031 41.1318435668945
38.1502838134766 37.8688735961914 37.7052841186523 37.9260101318359 38.3689270019531 38.9534721374512 39.0617752075195 38.7491226196289 38.3944358825684 38.9972724914551 39.3441467285156 38.6204795837402 38.8427505493164 39.1370048522949 39.7996978759766 40.0819396972656 40.381591796875 40.8552780151367 41.2929077148438 41.123592376709 41.0031280517578 41.3178520202637 41.0638008117676 40.8813323974609 40.7242393493652 40.7409591674805 40.8348541259766 40.7418785095215 41.0911254882812 41.4428672790527 41.4912796020508 40.9663619995117 40.2240867614746 38.6743011474609 38.2305450439453 39.0314140319824 40.5147743225098 41.1013450622559 41.1703834533691 40.699348449707 40.9848327636719 41.17529296875 40.9700469970703 41.0419006347656 40.7164993286133 40.9925498962402
37.9070892333984 37.7368087768555 37.3695411682129 37.6121292114258 38.1740684509277 38.2930908203125 38.5933303833008 38.8207817077637 39.0184135437012 39.0814247131348 39.3250312805176 39.4650344848633 39.9189414978027 39.9688873291016 40.0585403442383 39.734447479248 40.518684387207 40.9206733703613 41.1471672058105 40.8643684387207 41.0007057189941 41.2122688293457 41.3232917785645 41.2703399658203 40.9819145202637 40.93017578125 40.5669136047363 40.7445373535156 41.1636810302734 41.2582130432129 41.4211196899414 41.4596328735352 40.8952217102051 40.2026329040527 39.2438354492188 38.9642944335938 40.190486907959 41.0034523010254 40.5003318786621 39.9490013122559 40.9202499389648 41.1844711303711 40.9052581787109 40.1069183349609 40.4831314086914 41.0300636291504
