inst/extdata/Tmax/Tmax41.asc
NCOLS 100 
NROWS 79 
XLLCORNER 148.06 
YLLCORNER -21.49 
CELLSIZE 0.01 
NODATA_value -3.4e+38 
[rows 20 to 39 of 79, columns 0 to 45 of 100]
35.771430969238303 36.2875442504883 36.4887046813965 36.2255668640137 36.4333572387695 37.289737701416 36.8288040161133 37.12060546875 35.9626693725586 35.8870697021484 36.960620880127 36.5335388183594 35.4309577941895 33.5970993041992 32.3395233154297 31.533576965332 31.1948184967041 32.6291770935059 33.696216583252 34.5549011230469 34.6845474243164 35.1630935668945 35.3287010192871 35.6737632751465 35.6249122619629 35.3786239624023 34.3118934631348 32.3944854736328 33.3898391723633 33.2135810852051 34.3396034240723 34.6348075866699 34.6814498901367 34.749828338623 34.4941711425781 34.2082328796387 34.0294876098633 33.7933158874512 32.9376106262207 33.2181587219238 33.0254364013672 32.1623077392578 32.9063529968262 32.6972312927246 31.2421627044678 31.3696365356445
36.544807434082 36.8457336425781 36.8673629760742 36.4981994628906 36.4437065124512 36.3689765930176 35.9632301330566 36.7586975097656 37.0214385986328 37.2875328063965 36.9720344543457 36.9800567626953 36.473461151123 33.9014549255371 32.2801666259766 32.059944152832 32.2170867919922 32.8844146728516 33.4094657897949 34.4850196838379 35.1635437011719 35.7574653625488 34.8754577636719 35.3778038024902 35.3339881896973 35.0350875854492 34.7607040405273 33.2861289978027 33.3739624023438 34.289379119873 34.7177314758301 34.4801406860352 34.4522705078125 33.2791290283203 32.9839210510254 33.2077674865723 34.1290397644043 32.3453788757324 31.9484920501709 32.234920501709 31.4694843292236 32.0473785400391 32.2513580322266 29.9627246856689 29.8990898132324 30.6285171508789
36.835391998291 37.1088714599609 36.931468963623 36.2522811889648 37.4965209960938 36.597526550293 36.8573265075684 36.5431632995605 37.254566192627 36.4523735046387 37.5537872314453 37.1770820617676 36.9775657653809 36.0227012634277 35.1543006896973 33.3704872131348 31.6906204223633 32.2918319702148 32.7297630310059 34.7508010864258 35.6257095336914 34.7886238098145 34.8323936462402 34.3683128356934 33.9101715087891 34.7297592163086 34.6431884765625 34.2914237976074 34.2361946105957 34.2498588562012 33.9023246765137 33.4554405212402 32.9736976623535 32.475715637207 31.80983543396 32.6173324584961 32.6910362243652 31.5415859222412 31.5560131072998 31.5451507568359 30.2151527404785 30.0565376281738 30.6460876464844 31.3221206665039 25.7653827667236 30.4151153564453
36.9865074157715 37.4478225708008 37.9690742492676 36.2672882080078 36.2044258117676 37.070686340332 36.1458778381348 37.1120109558105 37.3170852661133 36.429931640625 36.9912033081055 36.873363494873 37.1064414978027 36.1636810302734 34.2800712585449 33.3088417053223 32.1018562316895 32.4173469543457 33.1165542602539 34.1232681274414 34.6490783691406 35.2296257019043 34.4657745361328 33.1604652404785 33.6573371887207 33.7804985046387 33.7665100097656 34.6173133850098 34.9153213500977 34.6737289428711 34.3255310058594 33.33349609375 32.6952285766602 32.8604621887207 33.3380889892578 33.0209312438965 30.8117828369141 30.4130687713623 30.9653759002686 31.2438945770264 29.7967529296875 29.4713134765625 29.0983428955078 27.5186767578125 28.8117046356201 29.083948135376
37.1912422180176 37.0847473144531 36.9147148132324 37.6449890136719 37.7471466064453 37.4412536621094 36.2223892211914 37.2955055236816 35.8667106628418 36.0974426269531 36.1427268981934 35.9046287536621 35.7347831726074 36.0612449645996 34.5106201171875 32.9991455078125 32.2611770629883 32.124095916748 33.2613945007324 33.4407196044922 34.8316307067871 35.0935211181641 32.4695129394531 32.1962127685547 32.5083694458008 32.8694610595703 33.1462783813477 34.4071922302246 34.7688941955566 34.1946449279785 34.5915756225586 34.1701965332031 34.0645599365234 33.8871879577637 33.3693618774414 32.9716682434082 32.3207244873047 31.4399471282959 30.2169647216797 29.624849319458 28.3364448547363 27.3479976654053 28.0279579162598 30.0882530212402 24.9530811309814 24.7662487030029
37.6547431945801 37.3828659057617 37.8442344665527 37.1963653564453 37.7246475219727 37.593376159668 37.4648857116699 37.2457275390625 37.0837287902832 35.7011070251465 36.740795135498 36.0451049804688 35.2497062683105 35.3558006286621 35.3561172485352 35.1727561950684 33.8799209594727 33.6321640014648 34.312858581543 34.9838485717773 34.3095397949219 32.7165603637695 32.1811904907227 30.9123878479004 31.6698551177979 32.5945320129395 32.6430320739746 33.5251045227051 34.5562171936035 34.4116401672363 32.8328666687012 33.7741661071777 33.5899047851562 33.6062164306641 33.1899642944336 32.8809547424316 32.2761611938477 31.0565299987793 28.580114364624 29.1714153289795 27.6084575653076 28.7336959838867 30.3039016723633 29.8419551849365 25.0159435272217 24.1476287841797
35.7003402709961 36.9214057922363 37.9761619567871 37.7513427734375 37.6422004699707 37.4912071228027 37.3865203857422 37.4102020263672 37.1327629089355 35.8572883605957 35.423168182373 35.6087341308594 35.4450416564941 35.1354904174805 35.1846580505371 34.1452102661133 33.3382453918457 33.4903335571289 34.4130744934082 34.2784767150879 34.0044479370117 34.3547439575195 33.1928253173828 31.736909866333 31.1522464752197 31.9651641845703 33.3091926574707 34.5442008972168 33.9811096191406 34.1637535095215 33.4251556396484 33.201000213623 33.4653663635254 32.936206817627 32.8890266418457 32.1040153503418 30.7631988525391 31.0031242370605 26.3032741546631 24.562837600708 27.2347469329834 24.784086227417 29.596076965332 25.9659824371338 28.2472305297852 23.8932456970215
35.8732566833496 35.5005149841309 36.6529769897461 37.529109954834 37.4977836608887 37.3874168395996 37.5813865661621 37.7158660888672 37.3266487121582 36.5957298278809 36.1319541931152 35.4272308349609 35.2549896240234 35.6350784301758 34.0101890563965 34.1114273071289 33.6453704833984 33.2008590698242 33.5483245849609 33.6281394958496 33.789234161377 33.9301948547363 33.4506797790527 32.1989517211914 32.0278129577637 32.2991142272949 31.8105449676514 34.371452331543 34.7363548278809 33.4543647766113 33.2225723266602 33.2860641479492 33.5773429870605 32.7226219177246 32.387077331543 31.5310497283936 29.9686450958252 30.3770179748535 30.1045055389404 28.7748336791992 27.5886669158936 28.0440330505371 27.8579959869385 25.1889915466309 24.5608692169189 24.2002277374268
34.6639862060547 35.1095161437988 35.7176246643066 36.6498260498047 37.7047348022461 37.2076644897461 37.6409187316895 37.2970542907715 37.3118705749512 36.348762512207 36.4398765563965 35.6123161315918 35.9084510803223 35.883415222168 35.5652770996094 33.3365249633789 33.2992057800293 33.0451126098633 33.4447822570801 34.4613380432129 33.3181915283203 33.8479843139648 32.8153114318848 31.7672100067139 32.0188827514648 32.369441986084 32.4017906188965 33.2247581481934 33.9666290283203 33.8562316894531 33.9802627563477 33.0291328430176 32.5883712768555 31.3743076324463 30.6142349243164 29.636547088623 29.8965167999268 29.954288482666 30.1131267547607 27.593334197998 24.669942855835 24.7333507537842 28.0986614227295 24.4818420410156 24.6938781738281 24.5884132385254
33.5447311401367 34.281982421875 34.9127082824707 35.6279106140137 37.0643463134766 37.1018562316895 36.4567756652832 37.6400756835938 37.4356422424316 37.0842018127441 35.9834136962891 36.4027442932129 35.743782043457 35.4625244140625 36.0313262939453 35.7708129882812 35.3353805541992 33.4501762390137 33.7511711120605 33.749080657959 33.7183570861816 33.8055953979492 33.3325347900391 32.30126953125 32.0754165649414 32.0909843444824 31.6473751068115 33.1977691650391 34.0842323303223 33.5579490661621 34.2170906066895 32.7164192199707 31.6530647277832 31.4810752868652 30.9472579956055 30.4758491516113 30.4383525848389 29.8013343811035 29.140604019165 28.7655658721924 30.1269493103027 30.1274719238281 27.5597553253174 27.4284534454346 24.8606586456299 25.7478656768799
34.0990600585938 34.7932319641113 34.9280242919922 35.6690788269043 36.011962890625 35.8274192810059 36.035228729248 37.0916519165039 37.0583572387695 36.5670585632324 37.0511360168457 36.9718856811523 37.0073661804199 36.1942291259766 36.2176971435547 36.181755065918 34.9232902526855 34.3562431335449 33.3841590881348 33.7878532409668 33.627326965332 33.1076278686523 32.8520240783691 32.4523696899414 31.8677139282227 31.112174987793 31.5502700805664 33.4402923583984 33.8317451477051 33.9938812255859 34.2782554626465 34.4505615234375 32.7860527038574 31.5475444793701 30.8263339996338 31.5882358551025 31.1990432739258 30.4990634918213 29.6290702819824 29.706169128418 31.6831092834473 31.5362453460693 31.1415920257568 30.2379779815674 26.9925346374512 26.228343963623
35.1840438842773 35.1277847290039 36.0167465209961 36.8594512939453 37.367431640625 36.1002006530762 36.1855125427246 37.4628067016602 37.4292144775391 36.7683525085449 37.1804618835449 36.8302230834961 36.7849235534668 36.4010276794434 35.4567756652832 35.7719841003418 33.4709396362305 32.1398696899414 33.459156036377 33.1014022827148 33.0974540710449 33.3154563903809 32.7562446594238 32.4869232177734 32.0752601623535 32.0803871154785 32.5328025817871 33.8092422485352 34.4914588928223 33.5004997253418 33.9741744995117 33.9923248291016 34.2911529541016 33.4093017578125 32.7305717468262 31.5782012939453 31.7040328979492 31.7648048400879 31.3423366546631 32.8574905395508 31.8755378723145 31.4205989837646 26.2724781036377 27.8791942596436 25.4617233276367 24.697380065918
34.7231521606445 36.1278915405273 36.0042991638184 36.1155319213867 37.3072547912598 36.508171081543 37.1334953308105 36.7944793701172 37.3813133239746 36.3792419433594 37.3577270507812 36.8547286987305 36.8332061767578 36.2373275756836 35.8340759277344 35.3081665039062 35.2621154785156 33.5226936340332 32.3087196350098 32.6036911010742 32.6894798278809 33.2717475891113 32.6511116027832 32.7219505310059 32.342357635498 32.1796417236328 34.0149002075195 34.1505317687988 34.0177726745605 35.4525108337402 34.1078948974609 33.5879325866699 34.8044853210449 34.6674842834473 33.9405822753906 33.2610855102539 32.8948059082031 32.8443298339844 32.381721496582 32.5602035522461 31.6932983398438 29.0555973052979 24.3174324035645 24.6484851837158 24.8307113647461 23.5396175384521
35.4611778259277 35.6514892578125 36.2434234619141 35.2070159912109 35.7681694030762 34.7498970031738 35.4650497436523 36.8091430664062 37.3349952697754 37.1448516845703 37.4552459716797 36.6920852661133 36.5398902893066 36.5959587097168 35.9885482788086 35.7603416442871 36.1252670288086 35.6251831054688 34.8900527954102 34.4277572631836 33.1519050598145 32.9299507141113 33.4375648498535 33.1023368835449 32.7181510925293 32.3218116760254 33.9832801818848 34.8076820373535 34.3468856811523 34.5066680908203 34.2828178405762 33.0909576416016 32.8095436096191 32.8242568969727 33.2673072814941 33.488166809082 33.5136642456055 33.9692611694336 33.5291404724121 33.6615219116211 31.9418029785156 27.2829189300537 25.6945953369141 26.0067348480225 25.7666282653809 24.66650390625
36.0077743530273 36.4172554016113 36.1633415222168 34.3319931030273 35.0430488586426 36.1600875854492 35.4069900512695 36.8323554992676 37.2211875915527 36.8717765808105 37.3206634521484 37.0406875610352 37.380241394043 36.8943328857422 36.4845123291016 36.3056335449219 36.0081520080566 35.6551628112793 35.217098236084 34.2195014953613 32.7375907897949 33.797004699707 34.2026443481445 33.0313301086426 32.6073265075684 32.5610542297363 32.5393333435059 33.9249229431152 33.7454376220703 32.8116683959961 33.7901077270508 32.7212600708008 32.2906112670898 32.3052749633789 31.9982566833496 32.237419128418 32.8722953796387 32.431812286377 33.0848159790039 32.8343238830566 31.1500415802002 30.8987312316895 28.064245223999 27.4011764526367 26.6441383361816 26.5070724487305
35.7530479431152 37.1020965576172 36.1709022521973 35.3331680297852 33.7863693237305 36.1311454772949 37.5626258850098 35.7132148742676 36.7130355834961 37.3241882324219 37.2235527038574 37.0827598571777 36.584285736084 36.7367973327637 36.3851127624512 36.5434989929199 35.6028327941895 35.1620788574219 35.0592308044434 34.4567222595215 33.3613510131836 34.002872467041 33.1273155212402 31.7100963592529 32.1307754516602 31.7531833648682 33.2960510253906 32.5883178710938 32.2461204528809 29.612678527832 31.5716037750244 32.1662101745605 32.4769744873047 32.1317138671875 32.1113891601562 31.1839332580566 31.4375534057617 31.8052253723145 32.7599258422852 32.087818145752 27.2156372070312 26.8743114471436 26.6600341796875 27.2442169189453 26.9128093719482 25.6281757354736
36.3457908630371 35.5026245117188 36.8359184265137 36.1064567565918 35.9621162414551 35.9975624084473 36.0461654663086 36.1601867675781 36.3372955322266 37.6717758178711 37.6794471740723 37.1261138916016 37.0220794677734 37.2828521728516 37.0307426452637 35.885871887207 35.2734451293945 35.2175140380859 35.1968193054199 35.1654853820801 34.4901123046875 33.4512901306152 32.3401985168457 32.0619010925293 32.3556747436523 33.0306510925293 33.7137222290039 32.8322372436523 32.4753608703613 30.5393753051758 30.2387027740479 29.2672786712646 30.7580490112305 32.1116638183594 31.988468170166 30.0897903442383 30.0814113616943 29.7046871185303 29.5158252716064 25.9924583435059 26.0016288757324 25.155143737793 25.7641639709473 26.7685070037842 26.7815570831299 25.0210723876953
35.6761779785156 35.2020034790039 36.528881072998 35.3355522155762 35.4863510131836 35.5035209655762 34.3012657165527 35.1236381530762 36.1746673583984 36.5153999328613 37.2652702331543 37.3027992248535 37.195671081543 36.7027587890625 37.0295829772949 36.9153289794922 36.2317352294922 34.9422340393066 35.4505767822266 34.9822006225586 34.8006706237793 34.043514251709 32.5016708374023 32.3542594909668 31.7509346008301 32.4652252197266 33.5052604675293 32.5674247741699 32.7845039367676 32.5315208435059 32.5123825073242 31.4205513000488 31.0246391296387 29.7315273284912 25.5510692596436 24.3060913085938 24.4464645385742 24.2121181488037 24.148193359375 24.3942203521729 24.5933494567871 24.7212429046631 25.0407524108887 25.9902172088623 26.3148517608643 25.8070278167725
35.6767349243164 35.0712890625 35.128833770752 36.3431129455566 36.0327796936035 36.139087677002 34.6948394775391 33.823543548584 34.8124580383301 35.7693901062012 37.0891036987305 37.4537353515625 37.3764266967773 37.208869934082 36.117244720459 35.6860733032227 35.6981925964355 35.3211669921875 35.7803764343262 35.6477546691895 35.6167869567871 34.3038139343262 33.5596199035645 33.2126579284668 32.2478637695312 33.0383071899414 32.7867698669434 32.9674453735352 31.2103042602539 32.216423034668 31.4045257568359 31.2325134277344 31.6581726074219 30.93967628479 29.3820266723633 23.953483581543 23.5518207550049 23.4626789093018 23.2668132781982 23.8259563446045 24.4695663452148 25.9788837432861 24.5342903137207 25.7873382568359 25.216890335083 25.0306415557861
35.3007278442383 34.8062286376953 36.0637512207031 36.0319976806641 36.3105583190918 35.423282623291 35.0769348144531 34.410945892334 35.3315162658691 34.7674102783203 35.7337646484375 37.2527275085449 36.9860801696777 36.7819404602051 36.0935173034668 36.3664627075195 34.6944351196289 34.9419937133789 35.3639144897461 35.1860847473145 35.2675361633301 34.6145515441895 34.6660385131836 34.044807434082 32.825252532959 32.7508735656738 32.4032173156738 32.3263778686523 32.8223533630371 31.8119029998779 30.7047367095947 29.8525524139404 31.9493999481201 32.0688285827637 32.1299476623535 29.6104888916016 26.6773834228516 26.2476081848145 25.1167221069336 24.060920715332 24.8986358642578 24.8424015045166 24.9628238677979 25.427806854248 25.2995147705078 24.9072875976562
