inst/extdata/Tmax/Tmax87.asc
NCOLS 100 
NROWS 79 
XLLCORNER 148.06 
YLLCORNER -21.49 
CELLSIZE 0.01 
NODATA_value -3.4e+38 
[rows 40 to 59 of 79, columns 46 to 91 of 100]
31.5385189056396 32.505012512207 32.9254493713379 33.8038291931152 35.4482002258301 36.4744033813477 35.9737434387207 34.0168800354004 33.646312713623 34.3196601867676 34.8360824584961 36.658145904541 36.254997253418 36.4792175292969 35.6035003662109 36.6615104675293 36.8557014465332 36.5523948669434 36.6550827026367 36.7576789855957 36.7759399414062 35.8002967834473 36.206787109375 36.5372047424316 36.6274909973145 36.6827049255371 36.5775337219238 36.1821327209473 36.368350982666 36.5626525878906 36.5221786499023 36.3495979309082 36.0104866027832 34.7212371826172 34.9877014160156 35.6828155517578 35.5805549621582 35.475902557373 35.7135124206543 35.1392021179199 34.3976173400879 34.8591537475586 35.1760101318359 34.9578590393066 35.2209625244141 35.2630844116211
32.8577613830566 34.0207023620605 33.9349403381348 33.8887214660645 35.4930801391602 36.7825965881348 35.5873947143555 35.1698760986328 35.7861442565918 35.869441986084 36.2441825866699 36.9716987609863 36.8475608825684 36.8608818054199 36.7035522460938 37.023567199707 37.0612487792969 36.9887313842773 36.9403038024902 36.9584884643555 36.9428863525391 36.3977546691895 35.6724624633789 36.0388031005859 35.9543876647949 36.4552536010742 36.7648849487305 36.2758598327637 36.2560043334961 36.644962310791 36.675121307373 36.5735473632812 36.3944396972656 35.7660140991211 36.0037117004395 36.033260345459 35.8076095581055 35.7914390563965 35.8859481811523 36.0013847351074 35.0096244812012 35.232852935791 35.8452987670898 35.6367607116699 35.7613792419434 35.6964454650879
35.315486907959 35.4951782226562 35.6780052185059 36.1716613769531 36.5111923217773 37.016471862793 36.5601425170898 35.9982414245605 36.531436920166 36.9464340209961 36.852123260498 37.1757278442383 37.2067108154297 37.1199607849121 37.086841583252 37.1688766479492 37.1759910583496 37.1471519470215 37.1098022460938 37.0940780639648 37.0055236816406 36.0405235290527 35.8311920166016 36.3390808105469 35.803295135498 36.2585411071777 36.701358795166 36.5924911499023 36.5250816345215 36.7705917358398 36.7876930236816 36.7603302001953 36.7084693908691 36.5818061828613 36.4698638916016 36.1239814758301 35.1815223693848 35.7794303894043 36.3066749572754 36.2876129150391 36.141960144043 36.0700569152832 36.1748237609863 36.1958389282227 36.2221374511719 36.1607322692871
36.6042060852051 36.6187515258789 36.7489280700684 36.8943290710449 37.1335639953613 37.2158508300781 37.1124687194824 36.8638191223145 37.0375595092773 37.2588996887207 37.2513313293457 37.2977409362793 37.2702178955078 37.2265357971191 37.241584777832 37.2064743041992 37.1344184875488 37.104377746582 37.1316108703613 37.1559448242188 37.1124877929688 36.8555068969727 36.59228515625 36.7630996704102 36.6201324462891 36.1587295532227 36.4427452087402 36.7065887451172 36.8505210876465 36.8606948852539 36.8505401611328 36.8202514648438 36.7779579162598 36.7230796813965 36.7030830383301 36.5402717590332 36.0442314147949 36.3450012207031 36.5108757019043 36.4800796508789 36.4288215637207 36.411750793457 36.3829154968262 36.3845977783203 36.3755531311035 36.3364868164062
36.4257049560547 36.7010040283203 36.9687156677246 36.9703712463379 37.0219116210938 37.1495018005371 37.1866149902344 37.2523765563965 37.2751846313477 37.2102432250977 36.9864387512207 37.0933151245117 37.0086135864258 36.7336044311523 36.9159317016602 37.0463523864746 36.9242744445801 37.0318756103516 37.1208038330078 37.1625823974609 37.176570892334 37.0276756286621 36.7014465332031 36.4319000244141 36.652702331543 36.816162109375 36.8536109924316 36.8849105834961 36.8802528381348 36.9001312255859 36.8755874633789 36.8417625427246 36.7847480773926 36.7301864624023 36.7436256408691 36.6683502197266 36.6326065063477 36.6126403808594 36.5404891967773 36.5259437561035 36.484245300293 36.4561157226562 36.4442863464355 36.4163665771484 36.3082656860352 36.3281936645508
34.5382118225098 35.3601570129395 35.801212310791 36.0228691101074 36.4056587219238 36.7559471130371 36.6816673278809 36.8846664428711 36.8759117126465 36.6996078491211 35.8888969421387 35.8987808227539 35.9749984741211 34.4047698974609 35.4041328430176 36.201831817627 36.7645645141602 37.1001968383789 37.1835441589355 37.1990280151367 37.2046661376953 37.0071411132812 36.5541572570801 36.1680755615234 36.435661315918 36.6931381225586 36.8135032653809 36.7881164550781 36.8412704467773 36.8998985290527 36.894588470459 36.8674049377441 36.8326721191406 36.8085556030273 36.7604675292969 36.6458892822266 36.6199684143066 36.5970344543457 36.5527687072754 36.5294494628906 36.4822311401367 36.4586029052734 36.4335594177246 36.3681793212891 36.3470993041992 36.3634986877441
32.0672874450684 33.3590049743652 33.2588768005371 33.2247619628906 34.6070442199707 35.1714248657227 35.2825889587402 35.5544242858887 36.0290489196777 35.3687400817871 34.6499252319336 34.0335884094238 34.7304229736328 34.5893478393555 35.0534057617188 36.2600936889648 36.9640884399414 37.1508636474609 37.1760482788086 37.145881652832 37.1920967102051 37.1883316040039 36.74951171875 36.3809623718262 36.2552070617676 36.5227165222168 36.7250289916992 36.8280868530273 36.9181137084961 36.9228820800781 36.9337844848633 36.9168930053711 36.8925857543945 36.8463554382324 36.7500190734863 36.6719589233398 36.651538848877 36.6318550109863 36.6020622253418 36.5721092224121 36.5242805480957 36.504997253418 36.4869117736816 36.4395332336426 36.417781829834 36.300910949707
32.2004776000977 32.1279296875 31.9268245697021 32.0046119689941 31.9416522979736 32.7450218200684 34.0273094177246 34.7222862243652 34.9090118408203 34.7688255310059 35.3237190246582 35.1396827697754 34.9636421203613 35.5705490112305 35.8728675842285 36.7764015197754 37.0322303771973 37.0515670776367 36.977783203125 37.0926513671875 37.2123603820801 37.2443771362305 37.0867080688477 36.7596664428711 36.3211059570312 36.5845222473145 36.7707786560059 36.923397064209 36.9810180664062 37.0038948059082 37.0052947998047 36.96240234375 36.8816986083984 36.791374206543 36.7143707275391 36.6712684631348 36.6688346862793 36.6692886352539 36.6447906494141 36.6158332824707 36.5820655822754 36.5696105957031 36.5481719970703 36.5121726989746 36.2988777160645 36.0761756896973
31.7890796661377 31.8938751220703 32.1276817321777 31.8311672210693 31.7332820892334 31.8450088500977 32.7303085327148 34.4452934265137 35.0109405517578 35.1925849914551 35.008056640625 35.1990966796875 35.5013084411621 35.8007164001465 35.854793548584 36.4024314880371 36.7880935668945 36.7786598205566 36.7622413635254 37.0623588562012 37.1691780090332 37.1661911010742 37.2401504516602 37.1432571411133 37.0135879516602 36.9649505615234 37.0404014587402 37.0948486328125 37.0876655578613 37.0755577087402 37.0386238098145 36.9469299316406 36.8476371765137 36.7017097473145 36.646183013916 36.6867752075195 36.6825370788574 36.6869697570801 36.689754486084 36.661319732666 36.6434860229492 36.6283264160156 36.5991134643555 36.5714225769043 36.4004554748535 36.2527236938477
31.8665885925293 32.0489311218262 32.0753479003906 31.7320156097412 32.2468643188477 33.1229782104492 33.2234191894531 34.5500907897949 35.0525741577148 35.2633781433105 35.054256439209 35.5517959594727 35.8387069702148 35.8360137939453 35.9240417480469 35.8073921203613 35.9023628234863 36.1382141113281 36.516788482666 36.8733558654785 36.9707336425781 36.9671401977539 37.2020263671875 37.2384719848633 37.2427139282227 37.2051086425781 37.1654434204102 36.9799728393555 37.0294418334961 37.0841217041016 37.036262512207 36.8976211547852 36.8398780822754 36.6294822692871 36.5497016906738 36.7155265808105 36.7035675048828 36.673511505127 36.7206230163574 36.7146873474121 36.6792221069336 36.6717796325684 36.6443023681641 36.5982360839844 36.507453918457 36.4232482910156
31.903413772583 31.7783870697021 32.0087623596191 31.7063426971436 32.3891372680664 33.5518379211426 33.9176712036133 34.5405349731445 35.2886009216309 35.758171081543 35.7678565979004 35.8892021179199 35.9592132568359 35.9842414855957 35.9652137756348 35.8993072509766 35.9622840881348 35.6722564697266 35.2966918945312 36.4836769104004 36.3627548217773 36.7978210449219 37.1279525756836 37.178092956543 37.2177886962891 37.1860618591309 37.0992965698242 36.8629455566406 37.0008277893066 37.0916709899902 36.9164085388184 36.7244873046875 36.7274360656738 36.6941833496094 36.7140235900879 36.780403137207 36.7751502990723 36.7480430603027 36.7340888977051 36.7565879821777 36.7381172180176 36.7057037353516 36.6643333435059 36.6135597229004 36.5549240112305 36.4518280029297
31.4440059661865 31.4156227111816 31.8200225830078 31.1536846160889 31.3131504058838 33.4339027404785 34.2526512145996 34.9275741577148 35.284481048584 35.5798416137695 35.6362419128418 35.6359825134277 35.4197654724121 35.4146919250488 35.6924018859863 35.8220367431641 36.1689529418945 36.0847396850586 35.8817405700684 35.9178123474121 35.7482032775879 36.5578536987305 36.9699859619141 37.1388320922852 37.1356430053711 37.1359519958496 36.7653503417969 36.3743515014648 36.9816932678223 37.1038703918457 36.8135757446289 36.4842224121094 36.7292213439941 36.766918182373 36.7850189208984 36.737606048584 36.7224578857422 36.7141189575195 36.7243461608887 36.700496673584 36.6913757324219 36.7080078125 36.6781158447266 36.630069732666 36.5751457214355 36.4920387268066
31.0800666809082 30.947193145752 31.4056377410889 31.2753124237061 31.3679847717285 32.4360580444336 33.5217475891113 34.2330131530762 34.7491912841797 35.1336059570312 35.0689888000488 34.9874992370605 35.0509757995605 35.3490295410156 36.1277923583984 36.2288970947266 36.4161720275879 36.3061637878418 36.2116088867188 36.0258636474609 35.7660217285156 36.4478912353516 36.9039878845215 37.0926742553711 37.018798828125 37.0986976623535 36.6913833618164 35.713981628418 36.742130279541 37.0987701416016 36.8133850097656 36.5492362976074 36.7432632446289 36.6707954406738 36.5889625549316 36.6026611328125 36.6418342590332 36.5654335021973 36.4700622558594 36.4384536743164 36.5344200134277 36.6106567382812 36.682014465332 36.6462669372559 36.5946617126465 36.5346145629883
32.2398872375488 31.1487121582031 31.2573108673096 31.6836948394775 32.0859680175781 33.2389297485352 33.3038635253906 34.1589279174805 35.0175285339355 35.3707580566406 35.7382583618164 35.8451347351074 35.9810791015625 36.2140235900879 36.4067840576172 36.4436264038086 36.3837280273438 36.4542999267578 36.4100608825684 36.1550674438477 35.9389114379883 35.9524459838867 36.5007286071777 36.7307052612305 36.6434211730957 37.0705413818359 36.9512367248535 36.2744369506836 36.8251647949219 37.0880661010742 36.848388671875 36.6395645141602 36.5409812927246 36.1839485168457 36.3694725036621 36.2915420532227 36.2875061035156 35.8396072387695 35.931510925293 34.8519897460938 36.2479515075684 36.4944763183594 36.6599540710449 36.6504821777344 36.6046485900879 36.5455055236816
33.0085411071777 31.9170608520508 31.3518562316895 32.2095108032227 32.9095649719238 33.7250366210938 33.7967834472656 34.3124046325684 35.1333427429199 35.580753326416 35.6237945556641 35.6362419128418 36.0713195800781 36.2480621337891 36.3584938049316 36.3317413330078 36.5438957214355 36.6759033203125 36.6356887817383 36.363826751709 36.179874420166 36.078929901123 36.2105674743652 36.2145118713379 36.1782684326172 36.8804969787598 37.0555076599121 36.7407760620117 36.4208106994629 36.9656715393066 36.4822311401367 35.6201210021973 36.2577667236328 36.4159317016602 36.7051658630371 36.6917457580566 36.634334564209 36.584545135498 36.3382339477539 35.2930068969727 36.1233978271484 36.445873260498 36.6062660217285 36.6359214782715 36.6117973327637 36.556266784668
33.064266204834 32.1035804748535 31.4956035614014 32.8970947265625 33.9868354797363 34.4666442871094 35.2621307373047 35.5106925964355 35.7329063415527 35.8483467102051 35.6372375488281 35.5871124267578 36.1813278198242 36.2718200683594 36.276668548584 36.3442115783691 36.458625793457 36.4393463134766 36.9860038757324 36.7207298278809 36.4187355041504 36.2452201843262 36.2122535705566 36.035083770752 36.0382194519043 36.685359954834 37.0390243530273 36.9303665161133 36.7657241821289 37.0761756896973 36.3449440002441 35.1731147766113 35.6925811767578 36.3970832824707 36.4201278686523 35.9958915710449 36.0431518554688 36.5840187072754 36.6904983520508 36.6328506469727 36.648120880127 36.6212005615234 36.6168670654297 36.59716796875 36.6032295227051 36.5701789855957
32.9241714477539 31.847599029541 31.3369884490967 32.6546287536621 34.0901336669922 34.4853553771973 33.837516784668 35.3020172119141 35.240161895752 34.634334564209 35.6637153625488 35.8871536254883 35.9062423706055 35.9654808044434 35.9785003662109 36.1975708007812 36.3306274414062 36.4452896118164 36.9571304321289 37.0741119384766 36.8557052612305 36.510570526123 36.322322845459 36.2312660217285 35.9702835083008 36.4538955688477 36.9264068603516 36.9301605224609 37.1146774291992 37.1673698425293 36.6132965087891 34.7371788024902 35.4212646484375 34.8847846984863 35.2424850463867 34.4760856628418 35.4695091247559 36.5502891540527 36.6542549133301 36.7014045715332 36.693416595459 36.5872077941895 36.4562759399414 36.5489768981934 36.5561180114746 36.5410385131836
32.9112739562988 32.0660629272461 32.129280090332 32.6940841674805 33.7260093688965 34.196605682373 34.6519966125488 34.9038200378418 33.4801483154297 33.3760070800781 35.0543174743652 33.9697952270508 34.3661918640137 34.8446159362793 35.6208190917969 36.1137886047363 36.2718238830566 36.4975433349609 36.8562965393066 36.9838523864746 37.0330390930176 36.7570915222168 36.4026184082031 36.4668655395508 36.3254623413086 36.5590972900391 36.545581817627 36.3580474853516 36.9208335876465 37.1004791259766 36.8407592773438 36.0688934326172 34.5191917419434 32.435230255127 32.6125946044922 34.3653259277344 35.8894500732422 36.5179557800293 36.6167411804199 36.5385589599609 36.5151176452637 36.2586517333984 36.1119117736816 36.478588104248 36.1907005310059 36.2355766296387
32.8792343139648 32.4634590148926 32.225757598877 32.5691184997559 33.2503929138184 34.1437072753906 34.308464050293 33.8417663574219 33.3113822937012 34.2409782409668 34.7647171020508 33.6682090759277 34.0188522338867 34.4804039001465 35.5085525512695 35.9361839294434 36.2493743896484 36.7103118896484 37.1383323669434 36.9438858032227 36.7956390380859 37.0869216918945 36.8054237365723 36.5982246398926 36.4174499511719 36.3984794616699 36.4732208251953 36.3563346862793 36.6892585754395 37.0268249511719 37.048526763916 36.4749946594238 35.698429107666 33.9168663024902 33.2644805908203 34.4211769104004 35.8771934509277 36.4481506347656 36.492862701416 35.9865646362305 36.2353591918945 36.4031639099121 36.1662216186523 36.2120323181152 35.8529319763184 36.1011428833008
32.4968795776367 32.2491149902344 31.7250919342041 32.0838394165039 32.939338684082 33.1232643127441 33.5785446166992 33.9350280761719 34.2467575073242 34.3532028198242 34.7187805175781 34.9445991516113 35.652473449707 35.740535736084 35.8895721435547 35.385498046875 36.4025421142578 36.7911033630371 37.0023612976074 36.6925354003906 36.8068161010742 36.9918212890625 37.0851020812988 37.0098152160645 36.6934814453125 36.6037216186523 36.211311340332 36.3682098388672 36.7723770141602 36.8454933166504 36.9846458435059 36.989143371582 36.3865127563477 35.6609840393066 34.6799850463867 34.3511810302734 35.558464050293 36.3558959960938 35.8191757202148 35.2387466430664 36.177116394043 36.4200553894043 36.1077766418457 35.2739524841309 35.6244316101074 36.1469650268555
