inst/extdata/Tmax/Tmax145.asc
NCOLS 100 
NROWS 79 
XLLCORNER 148.06 
YLLCORNER -21.49 
CELLSIZE 0.01 
NODATA_value -3.4e+38 
[rows 20 to 39 of 79, columns 0 to 45 of 100]
32.879722595214801 32.9164886474609 32.9188117980957 32.8833274841309 32.902400970459 33.0237579345703 32.9417991638184 32.8667144775391 32.7977905273438 32.6994438171387 32.5103759765625 32.091064453125 31.6196823120117 30.9464206695557 29.581485748291 29.1377258300781 29.0582847595215 30.0694427490234 31.1460075378418 31.590217590332 31.6016616821289 31.6129875183105 31.9581966400146 31.9787425994873 31.8125953674316 31.5083808898926 30.8714942932129 29.9272232055664 30.4672355651855 30.5260963439941 31.1380786895752 31.1462135314941 31.2824745178223 31.2370872497559 31.1849327087402 30.9236793518066 30.5157718658447 30.5078067779541 30.021505355835 30.2687358856201 30.036226272583 29.2930755615234 29.517204284668 29.557861328125 29.6686973571777 29.6878681182861
32.9649353027344 33.0271263122559 33.042236328125 33.0051689147949 33.0109252929688 33.0098876953125 32.8707160949707 32.7902603149414 32.765998840332 32.6984634399414 32.5681381225586 32.3871765136719 32.1443023681641 31.160961151123 29.6053676605225 29.2705249786377 29.5112457275391 30.3607749938965 30.8779296875 31.2611045837402 31.3860282897949 31.2930030822754 31.8385219573975 31.9749889373779 31.7657260894775 31.7738838195801 31.7301635742188 30.9391002655029 30.7701930999756 31.2974090576172 31.4109420776367 31.2929458618164 30.943229675293 30.3159980773926 30.324764251709 30.2909660339355 30.74462890625 30.0182247161865 29.6048488616943 29.9095287322998 29.5076065063477 29.5782279968262 29.2950191497803 28.37180519104 28.6855926513672 29.3557586669922
33.0301971435547 33.0778198242188 33.0895538330078 33.0746002197266 33.0569534301758 33.020694732666 32.838451385498 32.7098159790039 32.654109954834 32.6210632324219 32.5003623962402 32.4286842346191 32.2453308105469 31.6041736602783 30.4402103424072 29.5721206665039 28.9000701904297 29.413703918457 29.9994964599609 30.8304824829102 30.9411544799805 31.0646800994873 31.7297286987305 31.4996204376221 31.0628299713135 31.4352149963379 31.4977073669434 31.5790767669678 31.2764282226562 31.3074245452881 31.0237560272217 30.823558807373 30.2317504882812 29.8837089538574 29.6382331848145 29.8477172851562 29.7705154418945 29.1933917999268 29.1536712646484 29.0610675811768 28.7391052246094 27.9679698944092 28.753360748291 28.4512481689453 27.4522705078125 28.8683776855469
33.04248046875 33.0727233886719 33.0946083068848 33.0862922668457 33.0446968078613 33.0347099304199 32.9590492248535 32.6521530151367 32.5412063598633 32.5619506835938 32.3736953735352 32.1794853210449 32.284912109375 31.8872871398926 31.0625114440918 30.2430171966553 29.3795623779297 29.0760478973389 29.6956672668457 30.0145492553711 30.570520401001 31.6071586608887 31.3406639099121 30.701774597168 30.8475379943848 30.9913883209229 30.6606330871582 31.6411952972412 31.6572589874268 31.5029468536377 31.2565288543701 30.1280937194824 29.7824230194092 29.9785041809082 30.3108005523682 29.8323421478271 28.8953323364258 28.3370342254639 29.0588970184326 28.5351276397705 27.7955112457275 26.3488712310791 27.1833190917969 28.3669986724854 26.5433902740479 27.8691272735596
32.9983253479004 33.0567893981934 33.0919151306152 33.0580787658691 33.0174179077148 33.0184783935547 33.0204582214355 32.8361129760742 32.6516571044922 32.4728012084961 32.3639755249023 32.3239784240723 32.1410903930664 31.7838478088379 30.9885005950928 30.2646293640137 29.4846935272217 29.1046962738037 29.3088207244873 29.3033142089844 30.5412864685059 31.4026260375977 30.2548046112061 29.6922016143799 30.524694442749 30.4941349029541 30.6721992492676 31.4362850189209 31.6793556213379 31.2744235992432 31.2068576812744 30.9593982696533 30.9202327728271 30.9690570831299 30.623966217041 30.3000392913818 29.8813934326172 28.7443695068359 28.5089797973633 28.2388725280762 26.4936332702637 25.89621925354 26.3450393676758 28.1890316009521 26.1962413787842 26.5577793121338
32.9635963439941 32.9820404052734 32.9962539672852 32.9694061279297 32.9796752929688 32.9872016906738 33.0155639648438 32.9681739807129 32.809398651123 32.5552825927734 32.3525924682617 32.2108573913574 32.0531539916992 31.5764827728271 31.1064777374268 30.5254249572754 29.879732131958 29.5290184020996 29.990795135498 30.7106304168701 30.6903514862061 30.5875854492188 30.0797100067139 28.7646083831787 29.285177230835 30.0740833282471 30.217155456543 31.4860134124756 31.6687698364258 31.285177230835 30.3757362365723 30.9952907562256 30.8477344512939 30.7079792022705 30.4200534820557 30.0856609344482 29.9540901184082 28.4493827819824 27.1460399627686 27.549352645874 26.0851936340332 26.9203777313232 27.2767276763916 28.1950531005859 27.1621646881104 26.0666217803955
32.8609466552734 32.8863563537598 32.896411895752 32.906681060791 32.9008827209473 32.9008865356445 32.9952697753906 32.9963188171387 32.8531303405762 32.4169006347656 32.304557800293 32.0278587341309 32.0207252502441 31.6260967254639 30.8431377410889 29.7337303161621 29.3333435058594 29.5350685119629 30.0199565887451 29.9194202423096 30.1093883514404 31.0324401855469 30.8757019042969 29.3090190887451 28.8854141235352 29.8388175964355 30.6510047912598 31.5597534179688 31.63547706604 31.399658203125 30.5295448303223 30.1306495666504 30.9190044403076 30.3608417510986 29.9020957946777 29.0522117614746 28.7584571838379 28.8644275665283 27.7827415466309 26.4554176330566 26.0368099212646 26.349573135376 26.2490539550781 27.3010768890381 26.3397979736328 25.6721172332764
32.7133827209473 32.7321739196777 32.7683410644531 32.8187103271484 32.8411293029785 32.900821685791 32.9988784790039 32.9929084777832 32.9161071777344 32.7131309509277 32.4589157104492 32.1827774047852 32.0546646118164 31.8447895050049 30.8824939727783 29.6984920501709 29.3543834686279 29.3064975738525 29.4360866546631 29.408483505249 30.5806770324707 31.2423648834229 30.6758079528809 29.780834197998 29.1895332336426 29.423807144165 29.5367164611816 31.1550788879395 31.510612487793 31.3782653808594 30.5469951629639 30.4525890350342 30.7435359954834 29.9750995635986 29.2593955993652 28.6711177825928 27.7384796142578 28.4585933685303 28.2837181091309 26.4211273193359 25.9628314971924 26.1470050811768 26.0585060119629 26.6572494506836 26.045337677002 25.7292404174805
32.2060432434082 32.1568260192871 32.4387969970703 32.7600402832031 32.8962821960449 32.9796905517578 33.0169067382812 33.0013389587402 32.8641662597656 32.7474212646484 32.5717887878418 32.012939453125 32.1077919006348 31.9462356567383 31.4044456481934 30.1432056427002 29.3849773406982 28.8606662750244 29.1812648773193 30.0915069580078 30.6130847930908 30.984733581543 30.0794239044189 29.324987411499 29.1293239593506 29.2752513885498 29.7099723815918 30.6411991119385 31.4185047149658 31.4734878540039 30.930534362793 30.6523475646973 30.2000961303711 29.1407737731934 27.9436225891113 27.5069389343262 27.1726417541504 27.3755054473877 27.527063369751 27.1111316680908 26.5647373199463 26.6844005584717 26.4030418395996 26.170560836792 26.1738166809082 26.0973320007324
31.3029766082764 32.1890907287598 32.5350074768066 32.2590255737305 32.8378829956055 32.9922370910645 33.0191535949707 33.0022735595703 32.7842636108398 32.6254081726074 32.6126861572266 32.3337936401367 32.079517364502 31.9359111785889 31.6663455963135 31.1255073547363 30.539342880249 29.1224727630615 29.4501113891602 29.5274486541748 29.6810760498047 30.6573238372803 30.2091388702393 29.3650512695312 29.1461906433105 28.9234523773193 28.8813610076904 30.5925121307373 31.455493927002 31.5259685516357 30.6722621917725 29.6660690307617 29.3392601013184 28.9701766967773 28.6888847351074 27.6468200683594 27.5753631591797 27.1460266113281 26.7118797302246 26.9669170379639 28.8003787994385 28.8695278167725 27.7175846099854 26.2396755218506 27.3033390045166 27.4042854309082
31.6125392913818 32.5167617797852 32.5475921630859 31.9892616271973 32.7948265075684 32.9838752746582 33.0366096496582 33.0142974853516 32.9492340087891 32.7060737609863 32.5896987915039 32.5178756713867 32.3265991210938 32.1041374206543 31.7923717498779 31.1804428100586 30.3140697479248 29.851541519165 29.371639251709 29.6307125091553 29.7048530578613 30.1599025726318 29.5213088989258 29.33713722229 29.0160961151123 28.3563766479492 28.6379776000977 30.477237701416 31.3404006958008 31.3784790039062 31.3528213500977 31.1700019836426 30.0106239318848 29.0273780822754 28.9491844177246 28.4446067810059 28.5803451538086 28.3752422332764 27.9333076477051 28.4239311218262 29.928150177002 29.9736709594727 29.5349216461182 28.9439086914062 28.8119602203369 28.2002983093262
32.4014167785645 32.6761665344238 32.7448654174805 32.7394523620605 32.8246307373047 32.9753799438477 33.0080757141113 32.9990844726562 32.9463958740234 32.8660316467285 32.6696281433105 32.6048545837402 32.4968566894531 32.2765808105469 31.9914989471436 31.4797019958496 30.5904388427734 30.152400970459 29.4211864471436 29.3007049560547 29.366231918335 29.8194751739502 29.4250068664551 29.1508865356445 29.0785331726074 29.1009483337402 29.9174270629883 31.0196933746338 31.4004573822021 30.8652687072754 30.7683925628662 30.7725601196289 30.9789848327637 30.4533462524414 30.1625328063965 29.3692245483398 30.4207382202148 30.2557582855225 30.2146892547607 30.2185668945312 29.972505569458 29.0401744842529 28.0700931549072 27.7275829315186 27.57936668396 26.8144607543945
32.114616394043 32.8565788269043 32.9200019836426 32.930778503418 32.9214363098145 32.9253730773926 32.8980102539062 32.9413909912109 32.9288711547852 32.9048347473145 32.8490982055664 32.7147674560547 32.5177955627441 32.3439788818359 32.1376037597656 31.8719043731689 31.3660373687744 30.6705150604248 29.8903102874756 29.1551837921143 29.1764316558838 29.6382827758789 29.5034351348877 29.2066612243652 29.0518817901611 29.2065925598145 30.6628551483154 31.3936672210693 31.4558391571045 31.2641277313232 30.7446937561035 30.1179428100586 30.8251914978027 30.9271087646484 30.9567947387695 30.4064483642578 30.8183879852295 30.5046253204346 30.357608795166 30.177116394043 28.9495544433594 27.4961719512939 26.19140625 26.5355224609375 26.4385261535645 25.4163875579834
31.9795551300049 32.6270599365234 32.4383773803711 32.3075561523438 32.4436340332031 32.8368453979492 32.8391876220703 32.8579559326172 32.8677368164062 32.8480987548828 32.8075256347656 32.778507232666 32.6545753479004 32.4874649047852 32.3193206787109 32.0777397155762 31.6164741516113 31.1790885925293 30.8894386291504 30.2304306030273 29.2503223419189 29.4874019622803 29.2493267059326 29.3154277801514 29.1820964813232 29.1457462310791 30.2157573699951 31.354471206665 31.4290771484375 31.089750289917 30.9394149780273 29.841495513916 30.1301155090332 30.3784580230713 30.6737785339355 30.7890033721924 30.6346321105957 30.4490489959717 30.04274559021 30.0867195129395 29.7458724975586 28.46848487854 27.6419868469238 28.1893672943115 27.7314014434814 26.5573310852051
32.3319358825684 32.6141967773438 32.1916580200195 31.4968776702881 31.6030101776123 32.5842208862305 32.8050422668457 32.7637176513672 32.7754058837891 32.7864265441895 32.6973571777344 32.7435340881348 32.6860084533691 32.5641021728516 32.4010848999023 32.1959075927734 31.8627700805664 31.1653995513916 30.7359676361084 30.2520427703857 29.5467872619629 29.4526290893555 29.2556381225586 29.02880859375 28.9863128662109 29.3692169189453 30.5186634063721 31.3194904327393 30.7919979095459 30.5551815032959 30.6566600799561 30.2841815948486 29.9456348419189 29.5963935852051 29.311502456665 29.8030681610107 29.6002616882324 29.9249382019043 29.8311443328857 29.6137657165527 29.3340892791748 29.6453742980957 29.3857173919678 29.0503005981445 28.429386138916 27.9322891235352
32.4726867675781 32.5657501220703 32.364128112793 32.0350112915039 31.7152481079102 32.2865829467773 32.6055107116699 32.6252975463867 32.6699333190918 32.7280082702637 32.7109031677246 32.7552909851074 32.6851921081543 32.6171569824219 32.4493675231934 32.2149810791016 31.9558525085449 31.72731590271 31.3037776947021 30.6191158294678 30.2135734558105 29.9408473968506 29.4060039520264 28.7348213195801 28.8914241790771 29.1387214660645 30.6086978912354 31.1494369506836 29.2019176483154 28.7751140594482 29.4253711700439 29.6445827484131 29.5883293151855 29.3555297851562 28.8464450836182 28.5731525421143 29.1101303100586 28.9340400695801 28.889799118042 28.8275547027588 28.5456352233887 28.2221794128418 28.4716644287109 28.9427909851074 28.2915725708008 27.1314888000488
32.331916809082 32.3555526733398 32.382740020752 32.0906982421875 31.7943496704102 31.9859828948975 32.2135314941406 32.4161148071289 32.5284194946289 32.654109954834 32.6289825439453 32.6229591369629 32.7095260620117 32.6308555603027 32.4978179931641 32.2042007446289 32.1723251342773 32.0092315673828 31.7401714324951 31.3304100036621 31.1692199707031 30.3364696502686 29.7082767486572 29.2120914459229 29.199670791626 29.5882205963135 30.642578125 30.53395652771 30.2183609008789 30.0991325378418 29.2929363250732 29.2185974121094 29.0120143890381 28.8532314300537 28.0977077484131 27.6675338745117 27.8794174194336 27.8122520446777 28.0432739257812 27.8249969482422 27.8010177612305 26.8412647247314 27.5645580291748 28.4294013977051 28.1739082336426 26.6655235290527
31.7570743560791 32.0923271179199 32.311954498291 32.1970443725586 31.9825801849365 31.8414669036865 31.8245754241943 32.212100982666 32.3268928527832 32.507740020752 32.591007232666 32.5865592956543 32.6452789306641 32.6572227478027 32.4606437683105 32.3442153930664 32.2556076049805 32.1312828063965 31.9547481536865 31.7333984375 31.5085830688477 30.7518882751465 29.5510768890381 29.6343841552734 28.9080791473389 29.5017852783203 30.4877891540527 29.898962020874 30.0859317779541 30.5624980926514 30.4294471740723 30.2550373077393 29.5466136932373 29.0919437408447 27.4570121765137 26.1342353820801 26.1725196838379 26.0474491119385 25.9971160888672 26.4710903167725 26.6297340393066 26.818208694458 27.0080738067627 27.8965320587158 27.7370910644531 27.3203735351562
31.8979568481445 31.9869403839111 32.128231048584 32.0983276367188 32.0559539794922 31.7253360748291 31.4930305480957 31.212797164917 31.9034404754639 32.4309425354004 32.5696716308594 32.6128234863281 32.6918754577637 32.6825294494629 32.349494934082 31.9113883972168 31.9261360168457 31.9835548400879 32.0253677368164 31.8875064849854 31.7265243530273 31.2850284576416 30.1072330474854 30.4183483123779 29.404504776001 29.3891010284424 29.5322513580322 29.8575630187988 28.7600746154785 29.4411773681641 29.0451374053955 29.1545658111572 30.4435138702393 29.9833850860596 28.9716987609863 26.6504611968994 25.6965560913086 25.6912631988525 24.9864139556885 25.4269790649414 26.0759105682373 26.0536460876465 26.1339149475098 27.5327568054199 27.065860748291 26.506534576416
31.9807167053223 31.8889293670654 31.9464950561523 31.7343807220459 31.9418773651123 31.8450584411621 31.601131439209 31.3186664581299 31.5189685821533 32.1639595031738 32.4251327514648 32.6275863647461 32.6686630249023 32.626033782959 32.5558319091797 32.1141967773438 31.6961498260498 31.4811592102051 31.7619018554688 31.887300491333 31.7289886474609 31.5672397613525 31.2135028839111 30.592809677124 29.4600162506104 29.2269592285156 29.1670093536377 29.2571258544922 29.3006649017334 28.7376079559326 28.133207321167 28.931432723999 30.1718902587891 29.3867092132568 29.6034183502197 29.0288715362549 28.5704021453857 28.4212207794189 27.3907451629639 26.2295455932617 26.9625606536865 26.6216812133789 27.0178527832031 27.198616027832 26.8757514953613 26.3789558410645
