inst/extdata/Tmax/Tmax53.asc
NCOLS 100 
NROWS 79 
XLLCORNER 148.06 
YLLCORNER -21.49 
CELLSIZE 0.01 
NODATA_value -3.4e+38 
[rows 0 to 19 of 79, columns 0 to 45 of 100]
30.879066467285199 30.9636192321777 30.2562828063965 31.2481212615967 31.2627696990967 31.5511207580566 31.5922050476074 31.3570251464844 31.1157112121582 31.2510547637939 30.7655239105225 30.7489109039307 30.7562961578369 29.6649608612061 30.0960388183594 30.4510555267334 30.7044105529785 30.7548427581787 29.3466529846191 28.786283493042 27.8841686248779 26.5310726165771 27.0125274658203 28.3673477172852 29.0520992279053 29.7169570922852 29.3001556396484 29.2880973815918 29.508243560791 29.0888500213623 26.9836368560791 25.1004581451416 23.1307201385498 23.2753639221191 22.0531692504883 20.7650299072266 20.3454341888428 20.0645713806152 20.6847801208496 22.5622901916504 24.4088077545166 24.7735328674316 25.4323558807373 31.031665802002 30.6808052062988 29.6948146820068
31.5109577178955 30.4760704040527 29.085298538208 29.7887439727783 29.7818202972412 30.8046493530273 31.260498046875 31.4705123901367 32.0531463623047 32.1333465576172 31.5110034942627 30.5214881896973 31.1730346679688 30.1002979278564 30.3767395019531 30.0437259674072 30.8921432495117 30.7065849304199 29.8762702941895 28.9661960601807 29.1776428222656 28.3710098266602 28.1072406768799 28.5266723632812 29.0382194519043 29.5740489959717 30.0114593505859 29.984395980835 29.6394062042236 29.1735553741455 27.9848308563232 26.0670280456543 23.8453769683838 26.1401309967041 22.9207077026367 21.6170253753662 21.0169124603271 21.9677028656006 23.0620594024658 23.9464912414551 25.5005626678467 25.5895442962646 28.8085708618164 29.620719909668 30.2681064605713 29.1610527038574
31.3286361694336 30.3692245483398 30.3919296264648 30.9406127929688 30.3119468688965 30.6627578735352 31.0752391815186 31.6279239654541 32.0633125305176 32.1342468261719 31.5965633392334 30.8497467041016 31.1581516265869 30.724401473999 30.1326370239258 30.1550674438477 30.2841567993164 30.6056079864502 29.7409858703613 29.2330532073975 28.7235221862793 28.9999542236328 28.5052680969238 28.7975635528564 29.6993846893311 29.9217300415039 29.9069995880127 29.8905639648438 30.1055870056152 29.5152797698975 29.7876243591309 28.2836265563965 29.349666595459 26.1951694488525 28.1729831695557 22.2564144134521 21.2652473449707 20.9709529876709 22.0954837799072 23.1746883392334 24.9907283782959 31.3141593933105 31.2818145751953 27.9180564880371 27.7777900695801 30.333251953125
31.8633213043213 31.6532096862793 30.7101650238037 31.7636375427246 30.9873313903809 30.4775238037109 31.0702629089355 31.5560836791992 31.8999519348145 32.0689392089844 31.8449287414551 31.3274383544922 31.2214412689209 31.2158508300781 30.8175067901611 30.7399158477783 30.9172515869141 30.4980010986328 30.2797241210938 29.241943359375 28.9766044616699 28.7189483642578 28.819896697998 28.8400039672852 29.5091190338135 29.8026294708252 29.7130031585693 29.7550945281982 29.4223918914795 28.5354156494141 28.7938709259033 29.8910179138184 28.4782238006592 26.3502597808838 22.4417610168457 21.5346965789795 21.731517791748 21.1719017028809 21.134298324585 20.691858291626 22.2655906677246 24.7152633666992 28.3376808166504 31.9360027313232 26.073522567749 26.1324348449707
32.5937995910645 31.7480869293213 31.5944023132324 32.1657333374023 31.7517433166504 31.2587223052979 30.651819229126 31.6577682495117 32.5169792175293 31.7603530883789 31.9597663879395 31.6891822814941 31.6171875 31.4522228240967 30.9499111175537 30.6363162994385 30.6642932891846 30.1004981994629 29.3693675994873 28.5995006561279 28.6270084381104 29.1106967926025 29.152437210083 29.4163436889648 29.1400318145752 29.0449733734131 30.3470973968506 29.5497188568115 29.4108924865723 29.5643978118896 28.99001121521 29.1763515472412 28.3912734985352 27.4706954956055 28.0090160369873 23.1003913879395 22.6184883117676 22.1321811676025 20.8069343566895 20.7372550964355 20.6135730743408 24.1782417297363 27.5421924591064 29.6377353668213 25.4343166351318 24.5213966369629
33.1254768371582 32.4885635375977 31.7030029296875 32.0667762756348 32.2816314697266 31.6715602874756 31.620943069458 31.9233169555664 32.1427612304688 31.9230461120605 31.7947826385498 32.2653503417969 31.7904033660889 31.2755031585693 30.299747467041 30.6563873291016 30.5854873657227 29.7637233734131 29.0432739257812 28.4682388305664 28.5226001739502 29.1820220947266 29.3061809539795 29.2470760345459 30.0707778930664 29.6779174804688 29.8295860290527 28.7541923522949 28.5887756347656 27.9394855499268 27.058443069458 28.1276817321777 28.8292026519775 27.9312801361084 27.478816986084 27.808479309082 23.2248344421387 22.6808471679688 22.1749858856201 21.6440277099609 20.8104248046875 23.186487197876 28.5650787353516 27.6660308837891 25.7119159698486 22.7597579956055
32.1956367492676 32.7574501037598 32.586296081543 32.9307670593262 32.4122924804688 32.0289649963379 31.0933589935303 31.4539909362793 32.0712814331055 32.2874374389648 32.529598236084 32.5234718322754 31.4612655639648 30.9584865570068 30.8859939575195 30.9055233001709 30.38844871521 29.604040145874 29.1244335174561 28.5992908477783 28.0169658660889 28.6975803375244 29.1695308685303 29.4791126251221 29.844970703125 30.207181930542 30.1253967285156 29.2100219726562 28.9690074920654 27.2103118896484 26.3503284454346 25.5378894805908 26.8200092315674 27.6631870269775 27.4952030181885 27.0623683929443 23.5591411590576 21.8875122070312 21.9955062866211 21.8629512786865 21.8127861022949 23.4580497741699 29.3692932128906 30.556209564209 25.9707870483398 28.5267696380615
32.8420600891113 32.3108787536621 33.0277099609375 33.1715698242188 32.5508346557617 32.2688331604004 31.1955852508545 31.3087272644043 31.9008655548096 32.1453247070312 32.122428894043 31.9010276794434 31.0464210510254 31.5864963531494 31.4955196380615 30.176887512207 29.8693294525146 29.1060104370117 29.5952816009521 28.4175987243652 27.4377307891846 28.0309677124023 28.5288124084473 29.5790596008301 29.9299793243408 30.2133483886719 29.9408264160156 28.9570140838623 28.5459041595459 28.04709815979 25.9643573760986 25.5246353149414 26.2526092529297 26.043758392334 26.6134738922119 26.8749313354492 22.8568305969238 21.9884853363037 21.5894412994385 22.0439376831055 22.1886367797852 23.2342910766602 24.4429454803467 25.7177772521973 25.8263263702393 23.4388618469238
32.060733795166 32.7451820373535 32.3793487548828 32.5398368835449 32.4435691833496 32.376838684082 31.9265384674072 31.153003692627 31.5457782745361 32.0501670837402 32.2259330749512 32.6430397033691 32.8439826965332 31.6968078613281 31.2605323791504 29.9464645385742 29.7550468444824 29.6706295013428 29.9033908843994 28.611234664917 28.6125240325928 28.230827331543 28.5683689117432 29.4471778869629 30.0184631347656 30.3445663452148 29.2846775054932 27.6835784912109 28.1412372589111 27.9970817565918 26.9697093963623 26.0081748962402 25.6932277679443 25.0515670776367 27.6325378417969 25.6227626800537 26.4960956573486 26.7845592498779 21.7456550598145 21.5855312347412 21.6661415100098 21.8580017089844 22.3527202606201 24.1181335449219 24.8440532684326 23.3719882965088
31.3887538909912 32.3804969787598 32.6226463317871 33.0806083679199 32.4175872802734 32.489185333252 32.0150680541992 31.4762306213379 31.6539134979248 31.6811046600342 32.1565895080566 32.1626472473145 31.0433330535889 30.9637584686279 30.9574890136719 30.72727394104 30.583911895752 30.2805500030518 29.7390689849854 29.562572479248 29.5701770782471 28.7283401489258 29.1320514678955 29.981803894043 30.7697448730469 30.6637649536133 29.4694423675537 28.891637802124 28.1239490509033 27.004467010498 26.1702518463135 25.7933292388916 25.8910484313965 26.5457782745361 26.9590473175049 25.2781257629395 22.2845706939697 25.6325340270996 22.308536529541 21.329797744751 21.3239498138428 20.9727268218994 21.5939311981201 22.6476249694824 22.7070064544678 22.4347114562988
31.6978092193604 32.7400321960449 32.7118072509766 32.1861114501953 32.9094429016113 33.0688514709473 32.4875907897949 31.8759517669678 31.9703464508057 31.9959907531738 32.3699569702148 31.7695007324219 31.471794128418 30.3181610107422 30.4710807800293 30.5329036712646 30.5115280151367 30.6954288482666 30.2340488433838 30.1827163696289 29.0344524383545 28.9771099090576 28.8142433166504 29.7459774017334 30.1075115203857 30.9393844604492 29.2317314147949 27.3710651397705 26.646297454834 26.4628448486328 26.0634956359863 26.5170516967773 27.2346591949463 27.1714687347412 26.6303024291992 24.8547706604004 22.4463386535645 22.1256771087646 22.1262245178223 21.3278884887695 21.432580947876 20.9711227416992 20.8340873718262 21.604211807251 22.0890979766846 22.4158115386963
32.1928596496582 31.6129302978516 32.3620910644531 32.5108909606934 32.5764427185059 33.4999771118164 32.7886390686035 32.0175704956055 31.8489208221436 32.1721420288086 31.8786354064941 32.3446807861328 31.9485282897949 31.3499965667725 31.1147232055664 30.9544315338135 31.2330856323242 31.0443725585938 30.7980403900146 30.0701446533203 29.2318878173828 28.7993030548096 29.2584571838379 29.2377376556396 29.1261425018311 29.7712230682373 28.1489543914795 27.4069194793701 26.8659381866455 27.1323585510254 27.4240226745605 27.4080486297607 27.3642902374268 26.8680305480957 26.7860355377197 25.7212314605713 26.4996929168701 21.4999542236328 22.1334743499756 22.3826217651367 22.1666736602783 21.8395290374756 20.9632301330566 21.7293872833252 22.0009746551514 22.0894355773926
32.3102607727051 32.4617881774902 32.5290946960449 33.2423896789551 33.136417388916 33.2001838684082 32.5291175842285 31.7752494812012 32.1353378295898 33.171516418457 32.1581878662109 32.5109405517578 31.8156757354736 32.326587677002 31.8580493927002 31.5618267059326 32.0713577270508 31.5467166900635 31.2579097747803 29.9305458068848 29.6969718933105 30.1402053833008 30.2493152618408 30.7375965118408 30.5892333984375 30.0188503265381 29.6279735565186 28.771598815918 27.9496631622314 27.6423110961914 28.4894580841064 28.2056484222412 28.0509243011475 27.5663661956787 26.2288970947266 25.4999847412109 24.3516006469727 25.7451267242432 24.6604423522949 22.9913673400879 21.4974212646484 21.2572116851807 20.8397445678711 20.5806922912598 22.3118228912354 22.6717414855957
33.0053825378418 33.2778472900391 32.0156478881836 32.5025825500488 32.1016044616699 32.1479949951172 32.8979072570801 32.3209190368652 32.5054359436035 32.4886894226074 32.4521408081055 32.2805328369141 31.908411026001 31.4527015686035 31.7844295501709 31.3991184234619 31.8272819519043 31.5459365844727 31.3459758758545 30.6894302368164 30.89328956604 30.9691753387451 30.6963214874268 30.8538913726807 30.0600738525391 28.3020477294922 27.9052982330322 27.8702850341797 27.182767868042 27.5981369018555 28.5036754608154 28.3085136413574 27.8176612854004 27.0562725067139 26.3975849151611 27.9578285217285 26.4813823699951 22.782039642334 26.928394317627 28.3175506591797 27.5205383300781 22.9437847137451 22.0303859710693 21.8377952575684 22.4258346557617 23.2883262634277
31.5022773742676 31.70751953125 32.3048667907715 32.7205619812012 32.4658393859863 32.3207817077637 32.3379898071289 33.0173759460449 31.9129943847656 31.7065086364746 31.847843170166 31.6103267669678 30.9347496032715 30.8971157073975 31.2430782318115 30.6623001098633 31.5481834411621 31.6449432373047 31.4888286590576 31.5934810638428 31.3240737915039 30.6290988922119 29.8117904663086 29.9958438873291 29.8694515228271 29.6812286376953 29.3979301452637 28.7960071563721 28.2291049957275 28.9498538970947 28.312479019165 28.639799118042 28.4505443572998 28.506778717041 28.138484954834 26.7241706848145 27.4347171783447 26.9626197814941 26.7611808776855 28.2774219512939 28.0353698730469 28.0646495819092 22.9121246337891 22.0447158813477 22.5271892547607 23.6117877960205
29.9531574249268 31.414457321167 32.419319152832 32.1699485778809 32.8732986450195 32.8424224853516 32.6194000244141 32.1934471130371 32.7468452453613 32.1787147521973 30.7308101654053 31.5638809204102 30.3544731140137 29.5506057739258 30.7013168334961 30.516580581665 29.9832782745361 30.7097702026367 31.5053997039795 31.26584815979 31.1412830352783 30.9553375244141 30.8509216308594 30.7988300323486 30.4052791595459 29.9948348999023 30.2155017852783 29.7781658172607 29.6114444732666 29.2790069580078 29.0429515838623 28.3740386962891 28.3671646118164 28.9174346923828 28.7482128143311 28.6074466705322 29.0410537719727 27.3553371429443 28.6637268066406 29.2462615966797 28.621431350708 27.0508689880371 22.1033363342285 21.1479473114014 21.8004169464111 22.7559490203857
31.1675300598145 30.0828914642334 31.4930820465088 32.5527725219727 31.6378688812256 31.6230163574219 32.7880401611328 32.059944152832 31.9775714874268 32.264347076416 31.1427669525146 31.1628456115723 29.9244060516357 29.3263912200928 30.235279083252 29.2322864532471 29.1057243347168 30.2045707702637 30.2504425048828 30.5056629180908 31.0910339355469 31.0845127105713 30.5495853424072 30.5222854614258 29.7215614318848 29.1405277252197 28.561128616333 28.9608020782471 29.5926837921143 28.5400371551514 28.1905784606934 27.5500011444092 27.8806343078613 28.7983779907227 29.0199775695801 28.7500247955322 29.306266784668 29.2744808197021 28.7614822387695 28.2818603515625 28.5769729614258 26.8760776519775 25.6561336517334 22.6597099304199 22.1598358154297 23.0166358947754
31.5605278015137 31.4472751617432 31.5368785858154 32.7242279052734 32.0441360473633 32.4783210754395 33.024169921875 33.0515823364258 33.2828483581543 32.9408493041992 32.5848693847656 32.1223068237305 30.1627731323242 29.5437545776367 29.9763450622559 29.4416484832764 29.1453380584717 28.9975185394287 28.305061340332 29.5445728302002 30.516881942749 31.3684158325195 31.6313762664795 31.0230350494385 29.6123065948486 28.0110950469971 27.2282791137695 27.9341812133789 28.9109725952148 28.4330863952637 28.2311553955078 29.0995998382568 29.0615158081055 29.1067943572998 29.7907409667969 28.8747177124023 28.3719596862793 28.2914619445801 28.8667087554932 28.9657707214355 29.4633636474609 29.0195331573486 27.8651466369629 27.3970508575439 24.6120510101318 24.092586517334
32.5978927612305 31.3795299530029 30.9703140258789 31.5586452484131 31.8160133361816 32.4123306274414 33.2540168762207 32.4866523742676 33.3790283203125 32.9633750915527 31.5973472595215 31.8482265472412 30.8862609863281 28.1000213623047 28.4926242828369 27.7631969451904 28.1911964416504 27.5685634613037 28.7196826934814 29.78346824646 31.0899238586426 30.8941211700439 31.4743957519531 31.440803527832 29.9721641540527 28.6215019226074 27.1371307373047 27.6330375671387 29.2095642089844 28.3978366851807 28.743480682373 29.564733505249 30.4893836975098 30.4960327148438 29.6087551116943 29.2066307067871 28.6434364318848 28.6696929931641 29.5046691894531 29.5218276977539 29.6280899047852 29.5307731628418 29.2210235595703 28.9265747070312 27.1074810028076 24.040340423584
31.4928550720215 31.5353031158447 31.9308109283447 31.6040630340576 32.4025421142578 32.3132171630859 33.2411956787109 33.2293434143066 32.1989288330078 32.5224685668945 32.8332366943359 31.9745082855225 30.9748725891113 27.7447319030762 28.2504177093506 28.3622760772705 27.9136238098145 28.2674674987793 28.3091239929199 29.5080738067627 30.8457736968994 30.50071144104 31.2215557098389 31.2783641815186 30.7332134246826 29.7246437072754 28.5006866455078 28.2260990142822 28.9801254272461 29.2426109313965 30.0034465789795 30.4548683166504 30.5016746520996 30.5294132232666 30.5969619750977 29.5606365203857 28.671028137207 28.6096363067627 28.6993865966797 29.2076015472412 30.0244235992432 29.6035251617432 28.642786026001 28.7243690490723 27.654146194458 27.0749912261963
