inst/extdata/Tmax/Tmax12.asc
NCOLS 100 
NROWS 79 
XLLCORNER 148.06 
YLLCORNER -21.49 
CELLSIZE 0.01 
NODATA_value -3.4e+38 
[rows 20 to 39 of 79, columns 0 to 45 of 100]
35.156417846679702 35.6768112182617 35.8762283325195 35.6056289672852 35.8140258789062 36.6860313415527 36.2114410400391 36.4897651672363 35.319221496582 35.226692199707 36.2699737548828 35.77978515625 34.6060028076172 32.6722640991211 31.2183666229248 30.3491249084473 29.99880027771 31.572265625 32.7897338867188 33.7095642089844 33.838306427002 34.3166809082031 34.529541015625 34.8753852844238 34.800537109375 34.5088691711426 33.3513526916504 31.3021831512451 32.3696403503418 32.1997413635254 33.4086074829102 33.7038993835449 33.7676887512207 33.8279075622559 33.5631980895996 33.2393264770508 33.0038833618164 32.7650146484375 31.8426055908203 32.1546020507812 31.929386138916 30.9688205718994 31.7403717041016 31.5351657867432 30.093111038208 30.2217712402344
35.9348678588867 36.2439346313477 36.2657470703125 35.8889656066895 35.8331260681152 35.7559623718262 35.3281898498535 36.1094436645508 36.3662300109863 36.6199798583984 36.2829055786133 36.2627563476562 35.7181358337402 33.0006256103516 31.1554298400879 30.886999130249 31.076904296875 31.8616771697998 32.4580116271973 33.5858612060547 34.2801132202148 34.8595504760742 34.0534362792969 34.5732231140137 34.4973030090332 34.1974601745605 33.9156227111816 32.3274116516113 32.3898849487305 33.377082824707 33.8194618225098 33.5641822814941 33.4857444763184 32.2248344421387 31.9291934967041 32.1467971801758 33.1289253234863 31.2454528808594 30.7924976348877 31.1175231933594 30.2979946136475 30.8843879699707 31.0503387451172 28.6443538665771 28.6186256408691 29.4318771362305
36.2276344299316 36.5071258544922 36.329460144043 35.6459808349609 36.8854522705078 35.9788970947266 36.2103118896484 35.8748741149902 36.5757865905762 35.7664031982422 36.8476715087891 36.458927154541 36.2301063537598 35.1793060302734 34.1408576965332 32.2326469421387 30.4590644836426 31.1296806335449 31.6476211547852 33.7841606140137 34.6729736328125 33.8523750305176 33.9889793395996 33.4899864196777 32.9679565429688 33.8382987976074 33.7594146728516 33.4172515869141 33.3172187805176 33.3333778381348 32.9441795349121 32.4684371948242 31.9038028717041 31.3572826385498 30.6572246551514 31.4910354614258 31.5536842346191 30.3271770477295 30.335111618042 30.3109931945801 28.9386940002441 28.6834907531738 29.3696479797363 30.0068664550781 24.388843536377 29.1504287719727
36.3707275390625 36.835563659668 37.3581733703613 35.6531448364258 35.5820121765137 36.4447059631348 35.5073089599609 36.4258079528809 36.6122856140137 35.7259750366211 36.2572402954102 36.1093978881836 36.3556785583496 35.3524398803711 33.346866607666 32.2564964294434 30.927583694458 31.2001609802246 31.9838447570801 33.0335922241211 33.6358032226562 34.3626556396484 33.5587959289551 32.1612892150879 32.6768798828125 32.8184051513672 32.7571182250977 33.7441864013672 34.0425491333008 33.777099609375 33.392204284668 32.2432403564453 31.5567951202393 31.7468109130859 32.2677345275879 31.8845691680908 29.5519027709961 29.0808200836182 29.7239742279053 29.9343433380127 28.3940391540527 28.3220920562744 27.7944049835205 26.1846580505371 27.6356582641602 27.6874828338623
36.5613250732422 36.4626502990723 36.2960243225098 37.0193099975586 37.1134223937988 36.8056716918945 35.5858383178711 36.6294403076172 35.1711578369141 35.373291015625 35.4003448486328 35.1549911499023 34.9560432434082 35.2279853820801 33.5598564147949 31.9432907104492 31.095329284668 30.9046802520752 32.0690269470215 32.246524810791 33.8081893920898 34.1913948059082 31.4035682678223 31.0511302947998 31.4768028259277 31.8319759368896 32.1326637268066 33.4992752075195 33.8936309814453 33.2600288391113 33.6456336975098 33.188533782959 33.0756721496582 32.9032745361328 32.3359451293945 31.8922920227051 31.1840171813965 30.1530208587646 28.8987426757812 28.2714290618896 27.16477394104 26.2694854736328 26.8812313079834 28.7257537841797 23.8325824737549 23.590160369873
37.0120964050293 36.7421569824219 37.2038841247559 36.5501480102539 37.0780906677246 36.9459495544434 36.8205146789551 36.5921974182129 36.4045486450195 34.9821281433105 35.9897727966309 35.271858215332 34.4511604309082 34.4856338500977 34.4160537719727 34.1477928161621 32.7630805969238 32.4651908874512 33.2090301513672 33.9799194335938 33.3011016845703 31.6928005218506 31.0849056243896 29.6356925964355 30.4620914459229 31.4929809570312 31.5604095458984 32.6185569763184 33.6738204956055 33.4728584289551 31.7655353546143 32.7917594909668 32.5851669311523 32.5803070068359 32.1227416992188 31.766565322876 31.1431503295898 29.7255020141602 27.2982654571533 27.7902412414551 26.5005931854248 27.492395401001 28.9733715057373 28.473653793335 23.7043209075928 23.050012588501
35.0348243713379 36.2589263916016 37.313533782959 37.0884704589844 36.9766616821289 36.8237838745117 36.7320327758789 36.753849029541 36.4530906677246 35.1108703613281 34.6580848693848 34.8017616271973 34.6352882385254 34.2662391662598 34.2003746032715 33.0020790100098 32.1390571594238 32.3180732727051 33.3072052001953 33.1572608947754 32.9083404541016 33.3879089355469 32.2020797729492 30.5275173187256 29.884614944458 30.8253479003906 32.280891418457 33.6424369812012 33.0882835388184 33.2354850769043 32.3731575012207 32.0933151245117 32.4647560119629 31.8566360473633 31.7455291748047 30.8462562561035 29.4666366577148 29.7188758850098 24.8805980682373 23.397159576416 26.1349964141846 23.6368560791016 28.4660053253174 24.6235599517822 27.1062984466553 22.8581886291504
35.1780662536621 34.807487487793 35.9638175964355 36.8458251953125 36.8161277770996 36.7128524780273 36.9204139709473 37.0520324707031 36.6493949890137 35.8863143920898 35.3830947875977 34.63671875 34.4439125061035 34.7914924621582 33.025333404541 32.9571838378906 32.4429550170898 31.9908771514893 32.3551597595215 32.4300765991211 32.7532234191895 32.9873352050781 32.4257469177246 31.0479488372803 30.794979095459 31.0966911315918 30.6228656768799 33.406364440918 33.820011138916 32.5173606872559 32.1670989990234 32.2166137695312 32.5464782714844 31.5845699310303 31.151741027832 30.2174625396729 28.5506324768066 29.0342826843262 28.7385883331299 27.6153469085693 26.5010681152344 26.9290885925293 26.7584743499756 23.9982433319092 23.4671268463135 23.15749168396
33.8832359313965 34.320930480957 34.9699630737305 35.9487953186035 37.0224342346191 36.5360565185547 36.9738922119141 36.6258201599121 36.6184730529785 35.636302947998 35.6996536254883 34.7887382507324 35.0971832275391 35.0467643737793 34.6479721069336 32.2370376586914 32.0933494567871 31.7662868499756 32.208911895752 33.3503456115723 32.2791023254395 32.8607978820801 31.6993541717529 30.5463237762451 30.7703342437744 31.1393966674805 31.2301597595215 32.1800575256348 33.0298347473145 32.9254493713379 32.970890045166 31.9799785614014 31.4751625061035 30.1171360015869 29.2008819580078 28.2790489196777 28.6136074066162 28.6188621520996 28.7376670837402 26.3133163452148 23.4927577972412 23.5384254455566 26.9488925933838 23.369836807251 23.5832748413086 23.4916400909424
32.6212844848633 33.4909362792969 34.1722183227539 34.844612121582 36.3661575317383 36.4250907897949 35.7832412719727 36.9624633789062 36.7239112854004 36.3472099304199 35.2429313659668 35.6201705932617 34.9221000671387 34.6181335449219 35.145923614502 34.805419921875 34.2854347229004 32.2011032104492 32.5462074279785 32.5536766052246 32.5430068969727 32.7660140991211 32.2285995483398 31.0797805786133 30.8230838775635 30.8075618743896 30.3579654693604 32.1403312683105 33.1469955444336 32.628978729248 33.1657371520996 31.5262298583984 30.4175720214844 30.1952629089355 29.6233177185059 29.0835151672363 29.0576782226562 28.5194931030273 27.9391098022461 27.5190029144287 28.8129119873047 28.8230361938477 26.1189994812012 26.307315826416 23.5095291137695 24.3680305480957
33.2146034240723 34.0441703796387 34.1822166442871 34.8382720947266 35.3003234863281 35.1427116394043 35.3578071594238 36.4093856811523 36.3648109436035 35.835693359375 36.3009071350098 36.2102890014648 36.2158660888672 35.3683242797852 35.3444900512695 35.2181282043457 33.8352470397949 33.2020072937012 32.1622924804688 32.6006317138672 32.4491844177246 31.9921722412109 31.647008895874 31.2210178375244 30.5917816162109 29.7474060058594 30.222469329834 32.360897064209 32.872314453125 33.0381050109863 33.3170356750488 33.4624404907227 31.6350002288818 30.2631168365479 29.5303630828857 30.2255382537842 29.8535346984863 29.1262073516846 28.2000427246094 28.3393707275391 30.513313293457 30.3730525970459 29.9195880889893 28.9385623931885 25.676212310791 24.8347816467285
34.410758972168 34.3955154418945 35.2934303283691 36.1341438293457 36.6536445617676 35.4076614379883 35.4973564147949 36.7718467712402 36.7289009094238 36.0545082092285 36.4358520507812 36.0752716064453 36.012378692627 35.5943450927734 34.6065635681152 34.845531463623 32.4159774780273 31.0216770172119 32.2380256652832 31.8627014160156 31.8666744232178 32.1466674804688 31.532018661499 31.2242698669434 30.801685333252 30.8086814880371 31.3715438842773 32.8001594543457 33.5348510742188 32.4662246704102 32.9245834350586 32.9423942565918 33.2685317993164 32.3117370605469 31.5915470123291 30.3306846618652 30.5989112854004 30.6364555358887 30.2078647613525 31.7231349945068 30.7073593139648 30.1291637420654 24.8569812774658 26.4279670715332 24.0413055419922 23.4578723907471
33.8995590209961 35.4157867431641 35.3006401062012 35.4123229980469 36.601390838623 35.8016471862793 36.4224014282227 36.0884971618652 36.6720352172852 35.6649208068848 36.6335830688477 36.1099090576172 36.0576057434082 35.4344596862793 34.9992179870605 34.4327774047852 34.3124465942383 32.4717216491699 31.1465930938721 31.3390369415283 31.4267616271973 32.071949005127 31.4316101074219 31.460844039917 31.0591812133789 30.9161548614502 32.9512367248535 33.188892364502 33.0633239746094 34.4689254760742 33.0491790771484 32.4413414001465 33.7547187805176 33.6305465698242 32.9064598083496 32.1495018005371 31.8407230377197 31.7459735870361 31.2625484466553 31.4158554077148 30.3848304748535 27.666862487793 23.2071208953857 23.4859142303467 23.6869201660156 22.554370880127
34.6087341308594 34.8963165283203 35.458911895752 34.4018745422363 34.9823379516602 34.021842956543 34.7369613647461 36.0825614929199 36.608512878418 36.4140396118164 36.7169609069824 35.9488868713379 35.7767601013184 35.8065032958984 35.1727142333984 34.9073944091797 35.2041969299316 34.639347076416 33.8612976074219 33.3043785095215 31.8917083740234 31.701868057251 32.1758575439453 31.8484592437744 31.445011138916 31.042594909668 32.8497772216797 33.8331031799316 33.3813133239746 33.4909706115723 33.2441864013672 31.8993968963623 31.656135559082 31.7041435241699 32.1875648498535 32.4239082336426 32.4280281066895 32.8573150634766 32.3609657287598 32.498950958252 30.7327156066895 25.9068126678467 24.2679004669189 24.5951480865479 24.3098411560059 23.4920063018799
35.2015266418457 35.653491973877 35.3352279663086 33.3995819091797 34.1255073547363 35.3876914978027 34.667366027832 36.0853233337402 36.4745941162109 36.1255264282227 36.5597152709961 36.2861251831055 36.6156730651855 36.1101608276367 35.6746940612793 35.4640121459961 35.117000579834 34.6613273620605 34.1604461669922 33.0931549072266 31.5120410919189 32.5581817626953 32.9358177185059 31.7326774597168 31.3018646240234 31.3060646057129 31.4421463012695 32.939567565918 32.6834869384766 31.7149429321289 32.7061729431152 31.5849990844727 31.107120513916 31.0737838745117 30.72802734375 31.0327911376953 31.6406269073486 31.2435741424561 31.8833980560303 31.6032562255859 29.8813648223877 29.6720428466797 26.8027057647705 26.0952453613281 25.2579765319824 25.058235168457
34.9613075256348 36.324405670166 35.3620567321777 34.4742126464844 32.8789749145508 35.307804107666 36.7867164611816 34.9391136169434 35.9443893432617 36.5629386901855 36.4584312438965 36.3238105773926 35.8134841918945 35.9544639587402 35.5764122009277 35.6986618041992 34.7192916870117 34.2436561584473 34.0779418945312 33.3761405944824 32.2223815917969 32.8254165649414 31.8750381469727 30.3660144805908 30.8066291809082 30.4610919952393 32.2056350708008 31.5728893280029 30.9596309661865 28.2681503295898 30.3132457733154 30.9377136230469 31.2403221130371 30.8632202148438 30.7748985290527 29.8113784790039 30.1358757019043 30.4799957275391 31.4285793304443 30.7480850219727 25.8391342163086 25.4569797515869 25.2744293212891 25.9193992614746 25.5040302276611 24.310884475708
35.5262336730957 34.6867752075195 36.023307800293 35.2493286132812 35.0600471496582 35.1230278015137 35.2053565979004 35.3485069274902 35.5412254333496 36.8932800292969 36.895923614502 36.3412857055664 36.2488594055176 36.4965019226074 36.2232360839844 35.0334510803223 34.4157638549805 34.3344268798828 34.2729187011719 34.1807022094727 33.4806938171387 32.323127746582 31.1234607696533 30.7761878967285 31.0671405792236 31.7936325073242 32.6222534179688 31.7241115570068 31.3220481872559 29.3688850402832 28.9578456878662 27.9767360687256 29.4395370483398 30.7717342376709 30.5499496459961 28.6865749359131 28.6217250823975 28.2569618225098 28.0704326629639 24.533317565918 24.5440196990967 23.9265289306641 24.3536739349365 25.3723316192627 25.3526935577393 23.819356918335
34.7640533447266 34.3401832580566 35.6991920471191 34.4878273010254 34.6058387756348 34.6012001037598 33.3963890075684 34.2752685546875 35.3423233032227 35.7088661193848 36.4699478149414 36.5064430236816 36.4068069458008 35.9143562316895 36.2105484008789 36.0776596069336 35.3804206848145 34.0711822509766 34.5521545410156 34.0499725341797 33.8343467712402 32.9680595397949 31.2574825286865 31.1202659606934 30.4172172546387 31.2105655670166 32.386417388916 31.3659706115723 31.6081790924072 31.4207954406738 31.3823795318604 30.2664527893066 29.7730293273926 28.4184856414795 24.2025451660156 23.2020683288574 23.3383502960205 23.1248970031738 23.0709247589111 23.249059677124 23.4232234954834 23.4984321594238 23.7665519714355 24.5213146209717 24.8536643981934 24.4429874420166
34.7773971557617 34.1855201721191 34.2634582519531 35.472526550293 35.155086517334 35.2115325927734 33.7331161499023 32.8199424743652 33.9093551635742 34.9435005187988 36.2827682495117 36.6535263061523 36.586799621582 36.4165649414062 35.2740592956543 34.7769165039062 34.7907562255859 34.4208297729492 34.8847999572754 34.7305335998535 34.6746482849121 33.2971572875977 32.3848304748535 32.0799903869629 30.9739112854004 31.7613277435303 31.5294952392578 31.7540855407715 29.8483810424805 30.9451885223389 30.0796432495117 29.9225540161133 30.5234832763672 29.7407741546631 28.0464401245117 22.7775478363037 22.5173587799072 22.4316806793213 22.3414287567139 22.8392677307129 23.3899021148682 24.9043045043945 23.4504470825195 24.3824157714844 23.9227714538574 23.8724746704102
34.4072914123535 33.8994636535645 35.1649017333984 35.1010055541992 35.4096069335938 34.5071678161621 34.1248741149902 33.4166488647461 34.3656616210938 33.8956718444824 34.8997650146484 36.4487037658691 36.1869964599609 35.9752349853516 35.2750701904297 35.4812126159668 33.7474174499512 33.9623947143555 34.4238815307617 34.2630577087402 34.3199501037598 33.642894744873 33.6419067382812 32.9309463500977 31.5536613464355 31.4471645355225 31.0917663574219 31.026611328125 31.5279579162598 30.441858291626 29.2551937103271 28.5081806182861 30.7723941802979 30.7842845916748 30.8741130828857 28.2772903442383 25.2843551635742 24.8348922729492 23.7690467834473 22.9585914611816 23.6487674713135 23.6723537445068 23.6894035339355 24.1052913665771 24.0532741546631 23.7822456359863
