inst/extdata/Tmax/Tmax10.asc
NCOLS 100 
NROWS 79 
XLLCORNER 148.06 
YLLCORNER -21.49 
CELLSIZE 0.01 
NODATA_value -3.4e+38 
[rows 40 to 59 of 79, columns 46 to 91 of 100]
25.1399936676025 26.6788234710693 26.3907051086426 27.3135108947754 29.6518592834473 29.6332817077637 29.4650783538818 27.2290782928467 26.9139633178711 27.5725898742676 29.186429977417 31.2074012756348 31.7115173339844 31.2053203582764 30.4432106018066 32.1984367370605 33.1188049316406 32.591968536377 33.6407623291016 33.603874206543 32.9529418945312 33.6156883239746 31.449462890625 30.2656135559082 31.7023372650146 32.6262855529785 33.1656303405762 32.3732986450195 32.1702423095703 32.3080902099609 31.9241714477539 33.029109954834 31.7972316741943 28.9035320281982 30.5487537384033 34.8997421264648 33.2412757873535 31.6733112335205 29.4917297363281 28.8328647613525 28.2936229705811 31.1335926055908 31.4975395202637 30.8792190551758 32.2066497802734 29.4279117584229
26.6051578521729 26.8633422851562 28.2627410888672 29.6178417205811 30.3671264648438 29.8886833190918 29.2700576782227 29.0580444335938 30.4530410766602 30.7228088378906 33.4054565429688 32.209789276123 31.9989833831787 31.694206237793 31.1264591217041 33.0856895446777 33.2085227966309 33.0311584472656 34.086612701416 34.3645782470703 32.2642936706543 32.658088684082 28.9069423675537 34.7010841369629 35.8814430236816 31.4373664855957 33.3759918212891 32.4007797241211 32.5921401977539 31.7336196899414 32.320011138916 32.8634757995605 32.7082214355469 31.7996997833252 32.2061996459961 34.2101020812988 32.4778137207031 31.901481628418 31.6060371398926 31.2855377197266 30.8661994934082 30.3827972412109 31.7352981567383 31.3871479034424 31.3519840240479 30.8094882965088
28.2249946594238 29.2553176879883 29.1864624023438 31.1860084533691 36.269344329834 33.7477073669434 31.2806434631348 30.5524959564209 31.6868438720703 33.3554153442383 33.4925765991211 33.0641899108887 33.3523597717285 32.914665222168 34.6566925048828 33.1992034912109 33.0519142150879 32.7163162231445 33.1434783935547 33.8674812316895 32.9349479675293 32.4467735290527 32.1279945373535 36.2175483703613 29.594217300415 36.2842445373535 35.5092468261719 31.3457317352295 30.6947994232178 33.2625961303711 32.9405975341797 33.2576065063477 32.5276641845703 31.8801193237305 32.2617645263672 31.0709114074707 31.233549118042 30.6584701538086 30.6750526428223 31.1163311004639 32.2750129699707 32.3685493469238 32.7082290649414 31.3742809295654 33.3814697265625 33.3215827941895
31.7731342315674 32.5490760803223 32.7077026367188 32.8534507751465 33.5876007080078 33.0915641784668 32.756462097168 32.3713111877441 32.7025756835938 33.0821762084961 33.7681121826172 33.7871208190918 33.9913330078125 33.8989677429199 33.383861541748 32.9404525756836 32.6007843017578 32.8061027526855 33.5181617736816 31.1176490783691 33.3736343383789 33.4082489013672 33.2194709777832 32.5568046569824 32.0008773803711 33.7663726806641 32.9820404052734 32.4811134338379 33.0917015075684 34.8027038574219 34.1669998168945 34.604621887207 32.3890419006348 31.7799263000488 31.6109733581543 34.1371536254883 33.610408782959 31.6505165100098 32.582576751709 33.6418533325195 34.2438316345215 33.387321472168 31.8165798187256 36.0466156005859 33.5970001220703 31.5740871429443
31.6211566925049 31.8246459960938 31.8224849700928 32.1878242492676 33.7634162902832 34.4246826171875 33.8245468139648 33.0000686645508 33.3800086975098 33.0606651306152 32.7759552001953 32.7486343383789 32.3477249145508 32.2194404602051 32.0563468933105 32.6394309997559 31.0195598602295 31.8712635040283 32.9051132202148 33.2677307128906 34.2211494445801 34.8581733703613 34.6044807434082 33.6606712341309 31.5180072784424 31.9608860015869 32.3530578613281 32.8297729492188 35.0441360473633 35.3713607788086 34.0080642700195 32.7480812072754 31.6764163970947 32.3667640686035 32.0125961303711 34.0364227294922 32.7206649780273 31.545581817627 32.8040542602539 31.2919311523438 31.9139518737793 33.4753952026367 33.8880462646484 33.8410606384277 36.723274230957 33.6083679199219
27.5891571044922 29.1723785400391 30.7860412597656 29.1375312805176 30.8427639007568 31.54616355896 31.3850383758545 31.698860168457 32.0059013366699 32.1250495910645 29.0745067596436 29.2646541595459 29.451301574707 27.5133438110352 28.5964908599854 29.6512756347656 32.0151557922363 32.2102127075195 32.1504554748535 32.2682456970215 34.0539474487305 33.8521385192871 33.2097930908203 33.1806564331055 33.2728500366211 33.7427406311035 33.7114067077637 33.6712379455566 33.2895851135254 33.4718170166016 33.1123237609863 34.2500839233398 35.1004981994629 35.5644149780273 33.5343055725098 33.2671813964844 32.7482223510742 32.579345703125 32.5435028076172 32.252742767334 32.0888519287109 33.1475028991699 33.309700012207 31.9994888305664 34.3047866821289 36.6492652893066
25.4681835174561 27.0883541107178 26.6815414428711 26.4566669464111 27.7228813171387 28.1962814331055 28.3815574645996 29.0019931793213 29.6127090454102 28.8070793151855 28.3807621002197 27.6932067871094 28.1115608215332 27.9771251678467 28.3563652038574 29.6987838745117 32.4045372009277 32.1691055297852 31.5173015594482 33.413631439209 33.8619956970215 34.2722511291504 33.3671340942383 32.6690330505371 35.2952919006348 35.4561729431152 34.4885330200195 33.7503433227539 32.8026542663574 32.7037773132324 33.8998489379883 33.7114562988281 33.1422386169434 33.456600189209 33.7309837341309 36.3396873474121 33.1296615600586 33.305778503418 32.210506439209 32.0694541931152 32.0385322570801 34.6731758117676 32.6899070739746 35.5503730773926 34.1520500183105 33.6048126220703
25.8655471801758 25.7980709075928 25.6655406951904 25.7817668914795 25.6471729278564 26.1666469573975 27.4056701660156 28.5147743225098 28.8153076171875 28.6091594696045 29.2837619781494 28.6670265197754 28.6869068145752 30.2167911529541 30.9917831420898 32.5098991394043 33.1533508300781 33.0659561157227 33.1991996765137 34.5742645263672 37.2765502929688 34.9881896972656 32.9047088623047 33.9431304931641 35.1750640869141 34.7681999206543 34.099292755127 37.0035705566406 34.135871887207 34.3793449401855 34.3934593200684 31.8346900939941 31.6839904785156 32.010612487793 31.7839221954346 31.7768516540527 33.1761856079102 32.171875 31.2633228302002 35.0100440979004 34.7517356872559 36.7076416015625 33.2781372070312 35.3825454711914 35.1246871948242 35.06103515625
25.6087322235107 27.6258926391602 26.0006351470947 25.5995121002197 25.5033664703369 25.4879684448242 25.7829666137695 28.1121692657471 28.9169540405273 29.0982685089111 28.993968963623 29.0801944732666 34.4119720458984 35.5414199829102 36.0422172546387 32.4047813415527 34.2721405029297 30.6251583099365 36.2589378356934 36.1477966308594 35.8416595458984 36.0962753295898 35.4646301269531 35.0233497619629 34.7179107666016 32.8041458129883 33.9803886413574 35.1095161437988 37.246898651123 36.5107879638672 36.2422561645508 36.9860763549805 36.077392578125 32.1070594787598 33.0663452148438 37.4512634277344 36.6123428344727 33.5902709960938 33.3915061950684 33.1988906860352 31.2710914611816 31.7946853637695 32.4135932922363 33.318733215332 32.4534034729004 33.0742874145508
27.5353984832764 28.2465763092041 29.4501953125 26.4800891876221 26.0698833465576 27.0291957855225 26.8683624267578 28.0575275421143 28.4573822021484 29.0684089660645 33.3736190795898 35.0006637573242 36.2021484375 36.2425880432129 36.7333793640137 29.8799476623535 33.0611343383789 30.1449317932129 30.4419040679932 32.9593162536621 32.9413108825684 37.1613845825195 33.5668869018555 34.432788848877 34.1511611938477 33.2636489868164 35.2114601135254 35.2956809997559 35.7710189819336 35.8178863525391 35.579647064209 33.9454498291016 32.2765235900879 32.7851791381836 33.4384651184082 37.6428260803223 37.600227355957 34.4114990234375 33.2564964294434 33.0962982177734 33.0726089477539 32.0465202331543 33.2263145446777 31.8116455078125 32.7884521484375 33.4248275756836
30.9447536468506 27.7177886962891 30.7339954376221 25.6515827178955 25.8563575744629 27.3097095489502 27.5785942077637 28.3988437652588 29.1655006408691 29.7157554626465 29.7303256988525 29.9592990875244 34.612865447998 35.2994041442871 35.9198036193848 29.8445129394531 32.3186378479004 32.2126922607422 29.0409145355225 32.8181114196777 30.3574199676514 36.080493927002 33.6827201843262 35.2068176269531 33.613395690918 34.5979080200195 33.5948143005371 33.2099189758301 36.2225914001465 35.9062004089355 35.2953300476074 34.7727432250977 34.4429054260254 32.6570701599121 33.4910087585449 35.9127464294434 37.2572860717773 35.3765029907227 34.2677116394043 34.7782325744629 33.3346328735352 32.2105331420898 32.2746086120605 31.3930015563965 32.8429336547852 33.6344985961914
26.359748840332 24.968822479248 25.5355281829834 24.5602569580078 24.5742282867432 26.4752254486084 27.4570198059082 28.6906204223633 29.109302520752 29.4092845916748 29.6333427429199 29.2946853637695 29.2107009887695 28.779109954834 29.289644241333 32.460075378418 30.2263584136963 33.0146942138672 29.8655166625977 32.2560234069824 32.0696067810059 32.9544372558594 36.0250244140625 36.7636680603027 33.9381484985352 34.1088066101074 34.8097648620605 32.9930953979492 33.3618965148926 36.7818222045898 35.2271003723145 34.5451545715332 33.9473991394043 32.2944755554199 32.1800918579102 33.836483001709 34.2178840637207 34.0569496154785 33.4699630737305 31.7891273498535 35.4077110290527 31.7115077972412 31.4262237548828 31.0838279724121 31.0996723175049 32.3873023986816
24.6735858917236 30.3432350158691 31.1945190429688 24.8000373840332 24.772985458374 25.7946586608887 26.7154350280762 27.6930465698242 28.2751407623291 28.6565780639648 29.0127048492432 28.834846496582 28.8770885467529 29.3447151184082 29.7662220001221 30.1752128601074 32.8581619262695 33.2680549621582 33.1612586975098 33.6417961120605 32.1165237426758 33.2678833007812 34.8213081359863 36.8968849182129 34.7349281311035 35.525260925293 35.492073059082 35.4050674438477 35.2107009887695 37.2108497619629 36.1138954162598 35.5527687072754 35.6278457641602 35.9374122619629 33.0321426391602 32.0975494384766 33.2845420837402 30.7336120605469 32.2514457702637 32.5502014160156 32.633731842041 31.6072444915771 36.0845146179199 32.5575561523438 31.1419467926025 30.9067649841309
25.6500282287598 24.7200374603271 30.612174987793 25.4634609222412 25.6525974273682 26.7388134002686 26.6447429656982 27.5177326202393 28.7247447967529 29.2779521942139 29.6251029968262 29.7515773773193 29.8127021789551 33.5210990905762 33.5546989440918 30.539134979248 30.3090152740479 30.4548053741455 30.4787712097168 33.2766418457031 32.7859497070312 32.9829177856445 30.4937705993652 31.6598014831543 32.4945182800293 34.276237487793 33.6457557678223 34.736141204834 36.758602142334 34.2853507995605 34.1703681945801 33.2444000244141 33.6040878295898 34.4697570800781 32.8633499145508 32.479118347168 30.4674987792969 29.684663772583 29.8946743011475 28.7546291351318 34.5844345092773 33.1347427368164 34.2890701293945 33.9006271362305 35.8772087097168 31.6351413726807
26.7910785675049 25.6884136199951 25.1682987213135 25.8080043792725 26.4583740234375 27.4798336029053 27.5589733123779 27.941255569458 28.2837371826172 28.9759826660156 29.0347900390625 31.7894725799561 32.7717094421387 29.9760456085205 34.3056526184082 33.6904029846191 34.1737594604492 30.7828559875488 33.5710525512695 33.3615875244141 33.3922119140625 32.4484825134277 31.3980941772461 33.4354438781738 35.2719917297363 35.4841003417969 33.5782814025879 34.0888175964355 33.2476081848145 35.1340293884277 35.3787803649902 33.9726638793945 35.2872314453125 33.1501388549805 35.669849395752 32.6847381591797 36.2916984558105 32.607292175293 32.9480323791504 31.36794090271 32.5386581420898 33.0556869506836 32.3486480712891 32.6271514892578 33.4775009155273 34.4625625610352
26.394983291626 25.7811088562012 25.3515796661377 26.7939186096191 27.5559558868408 28.1590175628662 28.9118137359619 29.2843685150146 29.280969619751 29.6473579406738 29.527250289917 31.7002620697021 32.4413795471191 34.002025604248 34.1943435668945 33.7001991271973 34.1068840026855 34.5048599243164 33.9543228149414 30.8066234588623 33.3620300292969 32.4817771911621 33.2458610534668 33.2925796508789 34.5599517822266 35.3338279724121 35.5990447998047 36.1647491455078 33.4848327636719 33.97607421875 31.1996059417725 33.4652481079102 34.8465194702148 36.7203826904297 35.7063598632812 29.7986602783203 32.3759613037109 33.2376976013184 31.7242584228516 32.7060203552246 34.652473449707 33.8497428894043 33.2076110839844 33.5918807983398 33.1342315673828 32.9756088256836
26.3824977874756 25.4958229064941 24.7885761260986 26.3347911834717 27.7676963806152 28.2927398681641 27.5891952514648 29.0992965698242 28.7506885528564 28.0828075408936 29.4244709014893 29.1258296966553 29.4694480895996 32.3474960327148 30.0112400054932 33.370922088623 33.5081367492676 33.5165405273438 34.1029663085938 32.1279945373535 33.0122566223145 33.4822654724121 33.0413131713867 30.7091083526611 33.1956748962402 35.3745040893555 34.4086532592773 33.5942077636719 33.8099708557129 33.9849014282227 31.0839900970459 29.0654678344727 30.0116882324219 33.0111846923828 29.1582565307617 28.8849449157715 33.2914695739746 32.6877555847168 33.4860305786133 32.2144889831543 34.4582099914551 35.6634902954102 32.0235633850098 32.298641204834 33.1949424743652 33.7988815307617
26.8007411956787 25.6609497070312 25.7608814239502 26.4043216705322 27.4045925140381 27.9175472259521 28.4781665802002 28.5516242980957 27.1732425689697 26.7358341217041 28.7794799804688 27.3247032165527 27.8765106201172 28.2121810913086 32.0109481811523 32.9151000976562 30.2701511383057 33.544864654541 30.9425258636475 34.4098167419434 33.9931411743164 34.2938690185547 33.7690620422363 33.4478378295898 32.6200523376465 33.8399810791016 34.6718864440918 33.6607513427734 33.0424728393555 34.6712036132812 32.8386917114258 30.3169574737549 33.3765335083008 32.1879501342773 26.6386394500732 31.3927898406982 32.573070526123 33.0432891845703 33.3735427856445 35.0646171569824 32.9791603088379 35.3575820922852 33.0830345153809 33.2868309020996 32.7594032287598 32.6195297241211
26.8141574859619 26.4544486999512 26.1511325836182 26.3541450500488 27.1292610168457 27.9373607635498 27.9115123748779 27.6532440185547 26.959623336792 28.0849609375 28.3445472717285 27.0196266174316 27.3685169219971 27.6275424957275 29.0379581451416 29.4502468109131 33.2158851623535 30.4039745330811 33.7432632446289 34.0182723999023 33.8261680603027 34.1697311401367 32.3958511352539 33.8944396972656 33.1498527526855 33.2300605773926 32.9753036499023 34.1064682006836 32.353759765625 32.291088104248 33.9826469421387 33.6996765136719 30.2051849365234 32.021125793457 32.6439819335938 33.6185569763184 30.6312465667725 33.1146621704102 35.483325958252 32.8201866149902 33.8119049072266 32.9192581176758 33.3712272644043 35.189323425293 34.6692924499512 32.3471260070801
26.173376083374 26.0717182159424 25.5573558807373 26.0225715637207 26.6881542205811 26.5701885223389 27.3249225616455 27.8109397888184 28.2413749694824 28.31471824646 28.3543128967285 28.6322994232178 31.9752426147461 32.7341117858887 32.6073722839355 29.3325443267822 30.1179237365723 33.9449806213379 31.3085136413574 33.4498291015625 33.7824440002441 34.3794708251953 34.4694023132324 33.7789192199707 33.9711265563965 32.9005889892578 33.3253898620605 33.216682434082 32.394702911377 34.3315124511719 34.6806640625 35.5099983215332 31.8999843597412 32.7727584838867 32.6240539550781 28.410436630249 31.4357776641846 34.2027282714844 36.1116905212402 30.8087844848633 33.2377090454102 33.4263458251953 32.7372932434082 31.5016231536865 33.0259017944336 33.7541389465332
