inst/extdata/Tmax/Tmax17.asc
NCOLS 100 
NROWS 79 
XLLCORNER 148.06 
YLLCORNER -21.49 
CELLSIZE 0.01 
NODATA_value -3.4e+38 
[rows 20 to 39 of 79, columns 0 to 45 of 100]
36.710628509521499 37.1911087036133 37.3647575378418 37.082145690918 37.2579536437988 38.0581893920898 37.5864601135254 37.8668937683105 36.6959495544434 36.6138381958008 37.7008743286133 37.3336944580078 36.2970886230469 34.5594024658203 33.4972076416016 32.7362899780273 32.3875427246094 33.6398849487305 34.4885292053223 35.2295570373535 35.3278121948242 35.7735443115234 35.8328170776367 36.1425628662109 36.1009559631348 35.8922500610352 34.930965423584 33.1738014221191 34.0348014831543 33.81787109375 34.783073425293 35.0449562072754 35.0303955078125 35.0785102844238 34.8041687011719 34.5472679138184 34.4287414550781 34.1646003723145 33.3871765136719 33.5836143493652 33.4135818481445 32.6841850280762 33.3510055541992 33.104362487793 31.5956211090088 31.6898345947266
37.4611434936523 37.720775604248 37.7121353149414 37.3241767883301 37.2408256530762 37.1384582519531 36.7353630065918 37.5209541320801 37.760871887207 38.0137672424316 37.6989631652832 37.7171287536621 37.2342796325684 34.8262252807617 33.4353713989258 33.2443351745605 33.3422431945801 33.8476791381836 34.2547378540039 35.2294692993164 35.8545951843262 36.4379768371582 35.409969329834 35.8514556884766 35.8248100280762 35.4939384460449 35.1978950500488 33.8667907714844 33.9613304138184 34.7334365844727 35.1062622070312 34.8639030456543 34.8842468261719 33.8179512023926 33.4922256469727 33.6946563720703 34.4853363037109 32.8328247070312 32.4966812133789 32.689136505127 31.9831142425537 32.5165214538574 32.7547798156738 30.6377735137939 30.4809532165527 31.034839630127
37.7329330444336 37.9684867858887 37.7618827819824 37.059211730957 38.2803001403809 37.3621940612793 37.6347541809082 37.3217658996582 38.0178146362305 37.195068359375 38.2951583862305 37.904842376709 37.7169723510742 36.8651008605957 36.1786499023438 34.5103302001953 32.9108276367188 33.4120903015137 33.7320213317871 35.5804672241211 36.4075927734375 35.5178871154785 35.3942756652832 34.9509391784668 34.5561180114746 35.2680625915527 35.1372032165527 34.737663269043 34.720085144043 34.6974143981934 34.382984161377 33.949348449707 33.5649070739746 33.1114044189453 32.4687461853027 33.2058448791504 33.2671737670898 32.2108573913574 32.2072219848633 32.1893501281738 30.9003524780273 30.8735733032227 31.275562286377 31.9897422790527 26.6158237457275 30.9402046203613
37.8801879882812 38.3079452514648 38.7981758117676 37.0718231201172 36.9917335510254 37.8332214355469 36.8972625732422 37.9047622680664 38.1067962646484 37.187931060791 37.7624397277832 37.657096862793 37.8405799865723 36.9532470703125 35.2005157470703 34.3455696105957 33.2528877258301 33.5941696166992 34.1732368469238 35.1033363342285 35.5057716369629 35.85302734375 35.1168899536133 33.9126777648926 34.3536643981934 34.419994354248 34.4447021484375 35.0580520629883 35.3229064941406 35.0866470336914 34.7642021179199 33.9825592041016 33.3874931335449 33.4861488342285 33.8666763305664 33.6229133605957 31.5772819519043 31.264253616333 31.6471195220947 32.0072631835938 30.6840171813965 30.565580368042 30.0600509643555 28.2162322998047 29.8389949798584 29.8364925384521
38.0899925231934 37.9443283081055 37.7407875061035 38.4527130126953 38.5377998352051 38.2050743103027 36.9575576782227 38.0456962585449 36.6309013366699 36.8734931945801 36.9151382446289 36.6574058532715 36.4991111755371 36.87158203125 35.4446220397949 34.0330009460449 33.3969421386719 33.2979507446289 34.382080078125 34.540657043457 35.6956596374512 35.7622985839844 33.334846496582 33.1383094787598 33.2716598510742 33.612434387207 33.8261604309082 34.898307800293 35.1768264770508 34.6639366149902 35.0470199584961 34.6500587463379 34.5245552062988 34.3079643249512 33.8374519348145 33.481861114502 32.8915328979492 32.2178611755371 31.0175399780273 30.4553241729736 29.4408798217773 28.4957828521729 29.1173725128174 30.8316764831543 26.0287609100342 25.7872982025146
38.5563812255859 38.2547035217285 38.6879234313965 38.0206031799316 38.5208435058594 38.3618049621582 38.1990928649902 37.9641036987305 37.811351776123 36.4581336975098 37.5146217346191 36.8210716247559 36.031867980957 36.2063102722168 36.2689094543457 36.1632919311523 34.9537734985352 34.7406005859375 35.3233642578125 35.8435249328613 35.1478271484375 33.547737121582 33.0808448791504 32.0159378051758 32.6629295349121 33.4214096069336 33.4163970947266 34.0099754333496 34.971752166748 34.8839073181152 33.4702453613281 34.2521743774414 34.071964263916 34.0907363891602 33.7088394165039 33.443790435791 32.8389053344727 31.899715423584 29.6505222320557 30.1440868377686 28.7612628936768 29.7833137512207 31.2628517150879 30.5927906036377 25.9539775848389 25.2325305938721
36.6189727783203 37.8095550537109 38.8377227783203 38.5858879089355 38.452823638916 38.2763137817383 38.1232261657715 38.1203308105469 37.8490219116211 36.642463684082 36.2060050964355 36.4212493896484 36.233097076416 35.9759483337402 36.1440505981445 35.2655334472656 34.4995536804199 34.5989227294922 35.4198951721191 35.2796249389648 34.949649810791 35.1026878356934 33.9455490112305 32.751293182373 32.2170333862305 32.8390617370605 34.0010719299316 35.0174331665039 34.4092292785645 34.6160888671875 34.0360679626465 33.8661270141602 33.938117980957 33.5011405944824 33.5230484008789 32.884090423584 31.5760803222656 31.7711906433105 27.2598896026611 25.7032814025879 28.4004154205322 25.9062042236328 30.7141819000244 26.9062099456787 29.3276176452637 25.0267887115479
36.8173789978027 36.4164352416992 37.5377082824707 38.3790397644043 38.3182754516602 38.1698188781738 38.3150253295898 38.4249382019043 38.027099609375 37.315544128418 36.8808784484863 36.2069931030273 36.035270690918 36.4320640563965 34.9624710083008 35.2377891540527 34.8042869567871 34.3468704223633 34.6528739929199 34.7160339355469 34.6513442993164 34.6384429931641 34.2444381713867 33.1334762573242 33.0434837341309 33.2513275146484 32.7184143066406 34.9367485046387 35.1971740722656 33.9165840148926 33.8350067138672 33.8905944824219 34.0939598083496 33.3735466003418 33.1566352844238 32.3916625976562 30.9829769134521 31.2319717407227 30.9707126617432 29.9270305633545 28.7692489624023 29.1944370269775 29.0033435821533 26.2603530883789 25.6802597045898 25.3369541168213
35.7018051147461 36.1335868835449 36.6668090820312 37.5109825134277 38.5126190185547 37.9724235534668 38.3708190917969 38.004940032959 38.0248985290527 37.0618743896484 37.1655387878418 36.4275779724121 36.6793022155762 36.6617164611816 36.4243469238281 34.3935394287109 34.4559020996094 34.2636413574219 34.593334197998 35.437744140625 34.1780281066895 34.6115379333496 33.724006652832 32.7860527038574 33.0497703552246 33.353084564209 33.2834129333496 33.9026222229004 34.4548530578613 34.3050231933594 34.5196723937988 33.5996360778809 33.2267417907715 32.198616027832 31.6414375305176 30.723201751709 31.0231876373291 31.0235404968262 31.1333866119385 28.6714782714844 25.8047008514404 25.8416690826416 29.2204666137695 25.6124572753906 25.8105754852295 25.6990776062012
34.7265548706055 35.295825958252 35.8390159606934 36.5849266052246 37.8816261291504 37.8610801696777 37.1837501525879 38.3455085754395 38.164363861084 37.8222389221191 36.6987228393555 37.150993347168 36.5194244384766 36.2422332763672 36.8396949768066 36.657543182373 36.302677154541 34.6290817260742 34.8577308654785 34.8222045898438 34.7444534301758 34.6337242126465 34.2198944091797 33.3157272338867 33.1062126159668 33.139045715332 32.6806411743164 33.8893203735352 34.5689811706543 34.0001449584961 34.8158378601074 33.4913635253906 32.4677276611328 32.3435554504395 31.8408622741699 31.5424842834473 31.4967517852783 30.9189262390137 30.2974338531494 29.8767642974854 30.8586006164551 30.8192520141602 28.4613513946533 28.5611305236816 25.8002643585205 26.6450481414795
35.2282752990723 35.7411499023438 35.8477668762207 36.6719932556152 36.8350830078125 36.585506439209 36.7555961608887 37.7920570373535 37.7482757568359 37.2857398986816 37.7699432373047 37.6797027587891 37.7307586669922 36.93896484375 37.0007858276367 37.0582160949707 35.9296188354492 35.4187507629395 34.5045890808105 34.8451690673828 34.6509780883789 34.0288314819336 33.863338470459 33.4741096496582 32.9236335754395 32.2596740722656 32.6289749145508 34.1585426330566 34.3459739685059 34.4733695983887 34.7367668151855 34.9211769104004 33.4737091064453 32.4044227600098 31.6756267547607 32.51171875 32.0735130310059 31.3910503387451 30.583927154541 30.543098449707 32.1845359802246 32.0002861022949 31.67453956604 30.8716716766357 27.6294021606445 26.9695281982422
36.1719207763672 36.0398750305176 36.8927230834961 37.7137451171875 38.1806564331055 36.857063293457 36.9095764160156 38.1643028259277 38.117733001709 37.4499092102051 37.8803634643555 37.5179862976074 37.4710083007812 37.1090965270996 36.1992492675781 36.5917434692383 34.429801940918 33.1525802612305 34.5726585388184 34.2145576477051 34.179630279541 34.2985458374023 33.7862129211426 33.5430107116699 33.1231498718262 33.1036262512207 33.3858833312988 34.4212951660156 34.9970779418945 34.0939788818359 34.5625495910645 34.5532836914062 34.7824554443359 33.9865798950195 33.3433265686035 32.327823638916 32.2104606628418 32.2804527282715 31.8407611846924 33.3289222717285 32.3741264343262 32.090145111084 27.1165447235107 28.769510269165 26.3597297668457 25.7260055541992
35.7585372924805 36.9987983703613 36.8395347595215 36.9256553649902 38.0962409973145 37.272819519043 37.8790969848633 37.5064582824707 38.0716934204102 37.050365447998 38.0165176391602 37.5171890258789 37.5138320922852 36.9304428100586 36.5459594726562 36.0501976013184 36.0788688659668 34.4454803466797 33.3454627990723 33.7419013977051 33.8046226501465 34.2879180908203 33.6696166992188 33.7708320617676 33.3974380493164 33.1872520446777 34.7276802062988 34.6876258850098 34.5157165527344 35.9660758972168 34.7058753967285 34.2881469726562 35.333984375 35.1495819091797 34.3903770446777 33.8030090332031 33.3207092285156 33.3122596740723 32.8554420471191 33.0470199584961 32.4130516052246 30.0405864715576 25.4926586151123 25.7775402069092 25.9578628540039 24.7473278045654
36.5174865722656 36.5665893554688 37.1739845275879 36.1412887573242 36.6544036865234 35.5329208374023 36.2230644226074 37.5395126342773 38.0393486022949 37.8293838500977 38.1243782043457 37.3418006896973 37.1922874450684 37.2601089477539 36.6641502380371 36.462287902832 36.8955001831055 36.4566955566406 35.7530288696289 35.3876533508301 34.2582321166992 33.9755477905273 34.5034561157227 34.1367111206055 33.755241394043 33.3448524475098 34.7883834838867 35.3592872619629 34.8571891784668 35.0641326904297 34.846996307373 33.8525466918945 33.4902534484863 33.4297370910645 33.7854347229004 33.9557723999023 33.9875106811523 34.4573707580566 34.0786056518555 34.1764183044434 32.5042839050293 28.0842914581299 26.638298034668 26.819616317749 26.649959564209 25.760814666748
36.9962692260742 37.3302764892578 37.1360816955566 35.4064598083496 36.0799369812012 36.9924545288086 36.1694259643555 37.5804862976074 37.9434471130371 37.5679588317871 38.0123748779297 37.6969375610352 38.0248336791992 37.5412216186523 37.142261505127 36.9827308654785 36.7289962768555 36.4895668029785 36.1089324951172 35.1765556335449 33.7957382202148 34.8501663208008 35.2694091796875 34.1169662475586 33.6806030273438 33.5474624633789 33.2889785766602 34.4876518249512 34.3932647705078 33.4836311340332 34.4173736572266 33.3991394042969 33.0124626159668 33.0728225708008 32.7987213134766 32.916675567627 33.5677223205566 33.0364761352539 33.6846656799316 33.4552803039551 31.8051929473877 31.4632263183594 28.6594753265381 28.043285369873 27.3923873901367 27.3350830078125
36.7103385925293 38.0200309753418 37.1070442199707 36.3100891113281 34.8002433776855 37.019229888916 38.363956451416 36.4879455566406 37.4555587768555 38.0311279296875 37.910717010498 37.7352027893066 37.2281532287598 37.371467590332 37.0320930480957 37.2164268493652 36.3046951293945 35.8869514465332 35.8447494506836 35.3487777709961 34.3051376342773 34.9730606079102 34.1702499389648 32.8474731445312 33.2227058410645 32.7828559875488 34.0310516357422 33.1902732849121 33.2027130126953 30.6260185241699 32.4444274902344 32.9738922119141 33.2729377746582 32.9503288269043 33.0057487487793 32.1088485717773 32.2358131408691 32.6158561706543 33.5570678710938 32.8750419616699 28.036979675293 27.7370700836182 27.4510536193848 27.9158058166504 27.6963939666748 26.623628616333
37.3246116638184 36.4562072753906 37.7642440795898 37.0692329406738 36.9584350585938 36.9390830993652 36.9226989746094 36.9751014709473 37.1070976257324 38.3925437927246 38.382568359375 37.8060340881348 37.6596488952637 37.9138946533203 37.6668663024902 36.5608749389648 35.930290222168 35.8848648071289 35.8960990905762 35.923641204834 35.2570724487305 34.3519897460938 33.3324241638184 33.1204719543457 33.3968925476074 33.9831390380859 34.4449996948242 33.5620880126953 33.244270324707 31.3086776733398 31.1395244598389 30.1595211029053 31.6677627563477 33.0300712585449 33.0267028808594 31.1871681213379 31.1192874908447 30.7353458404541 30.4827709197998 26.9808082580566 26.9743995666504 26.2896614074707 26.7412605285645 27.5526790618896 27.5960369110107 26.1141242980957
36.7517204284668 36.199462890625 37.4663619995117 36.2746696472168 36.4451446533203 36.4680557250977 35.2477493286133 35.9762344360352 36.9830551147461 37.2648506164551 37.9747505187988 37.9891471862793 37.8462562561035 37.3273506164551 37.6733016967773 37.5605087280273 36.8710556030273 35.5843658447266 36.1062698364258 35.6603317260742 35.5013999938965 34.8684616088867 33.5230369567871 33.3412399291992 32.8447227478027 33.4357299804688 34.2695960998535 33.4221954345703 33.5816917419434 33.212100982666 33.1963920593262 32.1151962280273 31.8361549377441 30.6086406707764 26.7092609405518 25.5998973846436 25.7270641326904 25.4914588928223 25.4210739135742 25.6205158233643 25.791862487793 25.8655681610107 26.1307029724121 26.8879718780518 27.2238636016846 26.7786693572998
36.7256469726562 36.0851898193359 36.0983657836914 37.2987480163574 36.9765853881836 37.1231994628906 35.6994438171387 34.8572616577148 35.7028198242188 36.5349426269531 37.8037719726562 38.1355056762695 38.0183563232422 37.8297500610352 36.7865180969238 36.4229965209961 36.4084243774414 35.9968414306641 36.4243087768555 36.2972984313965 36.276538848877 35.0288887023926 34.4860725402832 34.0610504150391 33.2596664428711 34.0331420898438 33.7345695495605 33.834342956543 32.256477355957 33.1187477111816 32.3594398498535 32.1454925537109 32.2973213195801 31.6489200592041 30.2670097351074 25.2174911499023 24.8712368011475 24.7732620239258 24.6141719818115 25.1361026763916 25.7238159179688 27.224271774292 25.7631435394287 26.765064239502 26.2662029266357 26.1692180633545
36.3306427001953 35.8329772949219 37.0619087219238 37.0489158630371 37.2716102600098 36.3825874328613 36.0595474243164 35.4238548278809 36.289924621582 35.5843772888184 36.4767150878906 37.9299240112305 37.6319770812988 37.4143562316895 36.71826171875 37.0616836547852 35.450740814209 35.7187576293945 36.0627021789551 35.8365135192871 35.9279174804688 35.2841606140137 35.3844566345215 34.8620758056641 33.8290405273438 33.7761726379395 33.4185256958008 33.3057861328125 33.7737808227539 32.8453369140625 31.8265323638916 30.8102207183838 32.6473083496094 32.8992347717285 32.8965225219727 30.4677658081055 27.6008720397949 27.1793975830078 26.2229194641113 25.3204917907715 26.0478935241699 26.0360851287842 26.0643787384033 26.4763832092285 26.3916435241699 26.0765037536621
