inst/extdata/Tmax/Tmax147.asc
NCOLS 100 
NROWS 79 
XLLCORNER 148.06 
YLLCORNER -21.49 
CELLSIZE 0.01 
NODATA_value -3.4e+38 
[rows 20 to 39 of 79, columns 0 to 45 of 100]
43.579605102539098 43.5997543334961 43.6059875488281 43.5748138427734 43.5976943969727 43.7212142944336 43.6241760253906 43.5544013977051 43.4907913208008 43.3982162475586 43.2156867980957 42.7814826965332 42.3102645874023 41.625373840332 40.2014999389648 39.7389793395996 39.6438026428223 40.7233772277832 41.8488655090332 42.3081588745117 42.3270835876465 42.3256950378418 42.6785659790039 42.7062835693359 42.5484886169434 42.2519721984863 41.5951385498047 40.6295928955078 41.1996002197266 41.2701072692871 41.9033088684082 41.9008941650391 42.0477676391602 42.0121803283691 41.9700355529785 41.7173919677734 41.2938194274902 41.2971572875977 40.809757232666 41.0763549804688 40.8496322631836 40.0693168640137 40.3169593811035 40.3726692199707 40.5014610290527 40.5350494384766
43.6710014343262 43.7163467407227 43.7353057861328 43.702766418457 43.7125625610352 43.715705871582 43.5623588562012 43.4873504638672 43.4680213928223 43.4060173034668 43.2818603515625 43.086742401123 42.8494491577148 41.8550109863281 40.2338447570801 39.8872909545898 40.1324691772461 41.0363693237305 41.5820350646973 41.9834365844727 42.1185111999512 42.0116500854492 42.5697212219238 42.7134323120117 42.5124855041504 42.5287170410156 42.4729614257812 41.6834259033203 41.5204582214355 42.0654983520508 42.1891250610352 42.0598907470703 41.716667175293 41.0859298706055 41.1061172485352 41.0826835632324 41.5379981994629 40.8044662475586 40.3868370056152 40.7164344787598 40.3105697631836 40.3772659301758 40.0939483642578 39.1288795471191 39.477180480957 40.1987152099609
43.7422294616699 43.7732620239258 43.7890777587891 43.7785720825195 43.765495300293 43.7341537475586 43.5383224487305 43.415599822998 43.3652992248535 43.3376541137695 43.2229347229004 43.1367073059082 42.9593086242676 42.3175086975098 41.1211357116699 40.2145652770996 39.4883270263672 40.0453147888184 40.6741142272949 41.5497550964355 41.6724243164062 41.7876091003418 42.4706993103027 42.2469825744629 41.8119621276855 42.1989707946777 42.2504463195801 42.3410911560059 42.0454444885254 42.0862312316895 41.8088150024414 41.5949478149414 40.9974746704102 40.6472206115723 40.4023399353027 40.6330795288086 40.5444602966309 39.9510269165039 39.9217147827148 39.8366661071777 39.5081558227539 38.6760330200195 39.5299987792969 39.2215194702148 38.1595840454102 39.693675994873
43.7652854919434 43.7793273925781 43.8054847717285 43.8017959594727 43.765323638916 43.7601280212402 43.6697006225586 43.3701858520508 43.2648735046387 43.2911605834961 43.1086883544922 42.8992614746094 43.0114364624023 42.6172256469727 41.7798461914062 40.9333839416504 40.0091285705566 39.6954956054688 40.3638458251953 40.7098808288574 41.3007049560547 42.3524551391602 42.090446472168 41.4442329406738 41.603874206543 41.7608680725098 41.4103393554688 42.4176445007324 42.4428863525391 42.2973823547363 42.0586547851562 40.8910751342773 40.5416488647461 40.7580184936523 41.1144104003906 40.6290893554688 39.6334495544434 39.0499267578125 39.8323860168457 39.2877464294434 38.5059814453125 36.9761810302734 37.849048614502 39.1412811279297 37.1948585510254 38.6332969665527
43.7272720336914 43.7697601318359 43.8093490600586 43.7806625366211 43.745304107666 43.7513046264648 43.7377471923828 43.5605125427246 43.3825454711914 43.2096061706543 43.1065521240234 43.0522193908691 42.8747444152832 42.5198669433594 41.7102546691895 40.9627418518066 40.127197265625 39.7322425842285 39.959774017334 39.9639358520508 41.2778282165527 42.1536483764648 40.9778518676758 40.3968315124512 41.2785873413086 41.2568016052246 41.4308052062988 42.2211418151855 42.4752922058105 42.0767059326172 42.0182647705078 41.7565841674805 41.7273254394531 41.7879791259766 41.4463348388672 41.1241302490234 40.680850982666 39.4925994873047 39.253833770752 38.9770431518555 37.1375465393066 36.5243263244629 36.9823570251465 38.9570465087891 36.8471984863281 37.2195129394531
43.6982574462891 43.7013359069824 43.7206230163574 43.699104309082 43.7145156860352 43.7272338867188 43.7400703430176 43.6985778808594 43.5467681884766 43.2994041442871 43.1023979187012 42.9458427429199 42.7933692932129 42.3153228759766 41.8392333984375 41.2428016662598 40.5522422790527 40.1901359558105 40.6887359619141 41.4519386291504 41.4401054382324 41.3224792480469 40.8015403747559 39.4170227050781 39.9829750061035 40.8263969421387 40.9663238525391 42.2808074951172 42.4745483398438 42.0970802307129 41.1743469238281 41.8025512695312 41.6625823974609 41.5304565429688 41.2453536987305 40.9103317260742 40.7651443481445 39.1837692260742 37.7878112792969 38.2385177612305 36.7301597595215 37.5604667663574 37.961799621582 38.9700164794922 37.8638305664062 36.7260818481445
43.6008033752441 43.6113471984863 43.6268997192383 43.6426734924316 43.6424293518066 43.6480331420898 43.7268409729004 43.7334747314453 43.5972900390625 43.1675071716309 43.0609893798828 42.7676200866699 42.7674789428711 42.3728332519531 41.5721054077148 40.4139442443848 39.9777679443359 40.2024192810059 40.7257270812988 40.6294784545898 40.8395690917969 41.7902603149414 41.6379356384277 40.003849029541 39.5630149841309 40.5861587524414 41.424934387207 42.3644599914551 42.4505462646484 42.2223243713379 41.3418426513672 40.9182434082031 41.744514465332 41.1808471679688 40.7145690917969 39.8292922973633 39.5084609985352 39.6343955993652 38.4840354919434 37.0969696044922 36.6841354370117 36.9844055175781 36.8904685974121 38.0068893432617 36.9961013793945 36.3310279846191
43.4572639465332 43.4617347717285 43.5040092468262 43.560417175293 43.5887107849121 43.6541481018066 43.7369537353516 43.7368698120117 43.6666603088379 43.4709014892578 43.2229080200195 42.9310493469238 42.8085021972656 42.6026916503906 41.6191062927246 40.3820190429688 40.0055961608887 39.9645881652832 40.1127815246582 40.0936241149902 41.339599609375 42.0133895874023 41.4379081726074 40.5101203918457 39.8934173583984 40.1535720825195 40.2642364501953 41.9616928100586 42.3334922790527 42.209545135498 41.3677978515625 41.2609481811523 41.5729675292969 40.7865142822266 40.0437393188477 39.4286422729492 38.416088104248 39.2059478759766 39.0307426452637 37.0647888183594 36.6123161315918 36.7831497192383 36.7010917663574 37.3102264404297 36.7014694213867 36.3903694152832
42.948802947998 42.885082244873 43.1796875 43.510684967041 43.6533126831055 43.7425270080566 43.7652778625488 43.7558746337891 43.6256866455078 43.5156669616699 43.3465995788574 42.769100189209 42.8728866577148 42.7164306640625 42.1697692871094 40.8619842529297 40.0471649169922 39.4967575073242 39.8501396179199 40.8267669677734 41.3837928771973 41.7594795227051 40.8247604370117 40.0365104675293 39.8388786315918 40.0055274963379 40.458122253418 41.4446983337402 42.2534446716309 42.3196067810059 41.7760162353516 41.4803810119629 41.02197265625 39.9161224365234 38.6427001953125 38.1817741394043 37.8109016418457 38.0441513061523 38.2216339111328 37.7815475463867 37.2231559753418 37.3301620483398 37.0545463562012 36.8278427124023 36.8379821777344 36.7679290771484
42.0159072875977 42.9223670959473 43.2819442749023 43.0078926086426 43.6002311706543 43.7607307434082 43.7734413146973 43.7628517150879 43.5520324707031 43.3996849060059 43.3937797546387 43.1002006530762 42.8502655029297 42.712028503418 42.4447860717773 41.8958702087402 41.273811340332 39.7818717956543 40.1419334411621 40.2346267700195 40.4082946777344 41.4259490966797 40.9670677185059 40.0845565795898 39.8622016906738 39.63525390625 39.5817031860352 41.4010772705078 42.2991333007812 42.3811492919922 41.51708984375 40.455493927002 40.1210899353027 39.7398834228516 39.451000213623 38.3382949829102 38.2534675598145 37.7987442016602 37.3583793640137 37.6285667419434 39.6289100646973 39.6968765258789 38.4671325683594 36.8987426757812 38.043342590332 38.1675872802734
42.3428192138672 43.2609825134277 43.2990837097168 42.7356262207031 43.5620346069336 43.7577323913574 43.7963638305664 43.7805633544922 43.7223472595215 43.4863128662109 43.3766326904297 43.2915000915527 43.1062927246094 42.888916015625 42.5795440673828 41.9582901000977 41.0421676635742 40.5632438659668 40.0630569458008 40.3493728637695 40.4386138916016 40.9104042053223 40.2450981140137 40.0599327087402 39.728157043457 39.0309982299805 39.3255653381348 41.2875518798828 42.189567565918 42.2391319274902 42.2238578796387 42.0281753540039 40.8369178771973 39.806510925293 39.7353591918945 39.2060623168945 39.3451957702637 39.1371536254883 38.6722755432129 39.2162017822266 40.8324317932129 40.8738174438477 40.4254760742188 39.8104629516602 39.6833572387695 39.0383529663086
43.160400390625 43.4267044067383 43.5029373168945 43.5041809082031 43.596622467041 43.7542762756348 43.7732353210449 43.7709007263184 43.7251319885254 43.6518592834473 43.462474822998 43.3846244812012 43.2836418151855 43.0693168640137 42.7882881164551 42.2728309631348 41.3375244140625 40.8863754272461 40.1204109191895 40.0023727416992 40.0829734802246 40.5558166503906 40.1474304199219 39.8658905029297 39.7996788024902 39.8349456787109 40.6944580078125 41.8566932678223 42.2581977844238 41.7193489074707 41.6304817199707 41.626350402832 41.8510513305664 41.3187141418457 41.0271415710449 40.2017631530762 41.3019599914551 41.1427001953125 41.1127853393555 41.1300086975098 40.8857192993164 39.8911514282227 38.8597412109375 38.5013580322266 38.3537368774414 37.5302124023438
42.8695106506348 43.6128349304199 43.6833648681641 43.7008781433105 43.6982498168945 43.7089767456055 43.6682167053223 43.7185134887695 43.7129745483398 43.696044921875 43.6475868225098 43.5004081726074 43.3103218078613 43.1430130004883 42.9422836303711 42.6803703308105 42.1498374938965 41.4360008239746 40.6237487792969 39.8510513305664 39.8845405578613 40.3681182861328 40.235538482666 39.9299774169922 39.7756156921387 39.9524574279785 41.4820137023926 42.2474746704102 42.3217849731445 42.1366882324219 41.612377166748 40.949634552002 41.6992492675781 41.8164405822754 41.8590927124023 41.3009986877441 41.7209548950195 41.4086647033691 41.2685966491699 41.0932769775391 39.8055000305176 38.2259750366211 36.846981048584 37.2004928588867 37.1080932617188 36.0891265869141
42.7363433837891 43.3878021240234 43.2029876708984 43.076847076416 43.2231903076172 43.6283264160156 43.617862701416 43.6438827514648 43.6609344482422 43.6485939025879 43.615406036377 43.5739402770996 43.4574432373047 43.2973823547363 43.1359062194824 42.8994903564453 42.4170684814453 41.9748992919922 41.6834487915039 41.0022277832031 39.9713745117188 40.2158279418945 39.9726791381836 40.0544586181641 39.9232063293457 39.8957138061523 41.023738861084 42.2185821533203 42.3059387207031 41.9686622619629 41.8249359130859 40.6681289672852 40.9848709106445 41.2576904296875 41.5778350830078 41.7096977233887 41.5425033569336 41.3623008728027 40.9500465393066 41.0096549987793 40.663990020752 39.2913246154785 38.4073486328125 39.0169563293457 38.5326232910156 37.2590637207031
43.1020431518555 43.3779258728027 42.9535942077637 42.2426300048828 42.3615074157715 43.3772087097168 43.5877990722656 43.5536346435547 43.5729217529297 43.5915718078613 43.5097961425781 43.5440254211426 43.494213104248 43.3797836303711 43.2237739562988 43.0246849060059 42.6744651794434 41.9653053283691 41.5275650024414 41.0292510986328 40.2917747497559 40.1827049255371 39.9833488464355 39.7516555786133 39.7174186706543 40.1386909484863 41.3466796875 42.1887969970703 41.6547393798828 41.4195137023926 41.5372123718262 41.1398887634277 40.7955932617188 40.4379959106445 40.1471939086914 40.6828536987305 40.4611740112305 40.8182258605957 40.732479095459 40.515682220459 40.231689453125 40.5572280883789 40.2951736450195 39.9507026672363 39.2956352233887 38.769718170166
43.2488670349121 43.3315696716309 43.1333312988281 42.8032722473145 42.4809455871582 43.0776443481445 43.3902359008789 43.4180335998535 43.470947265625 43.5373344421387 43.5280303955078 43.5606727600098 43.4983520507812 43.4381866455078 43.2775497436523 43.0490036010742 42.7743911743164 42.5498886108398 42.1231155395508 41.4196128845215 41.0032844543457 40.7058906555176 40.1477508544922 39.4394416809082 39.6191749572754 39.8959884643555 41.4457702636719 42.0192718505859 39.9793930053711 39.5332870483398 40.2424812316895 40.4687347412109 40.42138671875 40.1858673095703 39.6529541015625 39.3713569641113 39.9426460266113 39.7669143676758 39.7327613830566 39.6793441772461 39.3888626098633 39.0326995849609 39.3170967102051 39.8397674560547 39.1501388549805 37.8965034484863
43.1071090698242 43.119384765625 43.1551322937012 42.863353729248 42.5656433105469 42.7720947265625 42.9943771362305 43.2094268798828 43.3316688537598 43.4669723510742 43.449764251709 43.4320106506348 43.5274925231934 43.4567642211914 43.331241607666 43.042724609375 42.9995803833008 42.8428764343262 42.577320098877 42.165111541748 42.0083656311035 41.1280097961426 40.4735832214355 39.9551162719727 39.9532508850098 40.3799667358398 41.48583984375 41.383674621582 41.0637283325195 40.9499130249023 40.1049613952637 40.0182456970215 39.8092803955078 39.6512832641602 38.8474540710449 38.3924713134766 38.6164360046387 38.5562858581543 38.8207817077637 38.5964851379395 38.5837173461914 37.5270538330078 38.3330917358398 39.2891693115234 39.0258102416992 37.3865432739258
42.5150985717773 42.8509750366211 43.0850982666016 42.9752998352051 42.7627944946289 42.6255683898926 42.5970115661621 43.0043716430664 43.1301651000977 43.3225898742676 43.4153518676758 43.3993949890137 43.4671936035156 43.4878234863281 43.2981910705566 43.1893043518066 43.0887260437012 42.9717674255371 42.8014373779297 42.5847396850586 42.363697052002 41.5682563781738 40.309398651123 40.4095916748047 39.6435279846191 40.2912483215332 41.3278694152832 40.7180023193359 40.9280128479004 41.4416427612305 41.3142166137695 41.1234474182129 40.3851585388184 39.9114685058594 38.1534271240234 36.7980308532715 36.8215026855469 36.702808380127 36.6582946777344 37.1358299255371 37.3038101196289 37.5042953491211 37.7259216308594 38.7125778198242 38.5522956848145 38.1094627380371
42.6664123535156 42.7475433349609 42.9019012451172 42.8795013427734 42.8443374633789 42.5110778808594 42.2590446472168 41.9756965637207 42.7025260925293 43.2518577575684 43.4013595581055 43.4339981079102 43.5224952697754 43.5218124389648 43.1938323974609 42.7559585571289 42.7611427307129 42.8296546936035 42.8821983337402 42.7512626647949 42.5964202880859 42.1318702697754 40.9080009460449 41.2480201721191 40.1828193664551 40.1780242919922 40.3235092163086 40.681957244873 39.5191459655762 40.2625274658203 39.8504409790039 39.9611358642578 41.3430824279785 40.8705558776855 39.8029937744141 37.3160285949707 36.3556327819824 36.3554649353027 35.6621971130371 36.1034240722656 36.7536544799805 36.7173461914062 36.803092956543 38.3221473693848 37.8231353759766 37.2202224731445
42.7538642883301 42.6477508544922 42.7160491943359 42.5047836303711 42.7286834716797 42.637336730957 42.3737335205078 42.0885848999023 42.3067474365234 42.9821395874023 43.257884979248 43.4525337219238 43.5028953552246 43.4687690734863 43.4068832397461 42.9672622680664 42.5283355712891 42.3163185119629 42.6162147521973 42.755126953125 42.6030158996582 42.4275131225586 42.072338104248 41.4349937438965 40.245059967041 40.0072708129883 39.9355354309082 40.0441932678223 40.1030006408691 39.5099449157715 38.8684539794922 39.724365234375 41.0609588623047 40.2386589050293 40.4832534790039 39.8807487487793 39.3798942565918 39.2315368652344 38.1218376159668 36.9009246826172 37.6782760620117 37.297248840332 37.7458724975586 37.9577865600586 37.6159706115723 37.0811729431152
