inst/extdata/Tmax/Tmax82.asc
NCOLS 100 
NROWS 79 
XLLCORNER 148.06 
YLLCORNER -21.49 
CELLSIZE 0.01 
NODATA_value -3.4e+38 
[rows 0 to 19 of 79, columns 0 to 45 of 100]
41.380950927734403 41.0777816772461 40.2409515380859 40.5112419128418 40.5951843261719 40.902214050293 41.010066986084 41.1017646789551 41.0314674377441 40.8599128723145 40.4558486938477 40.2484436035156 40.1489753723145 39.1172256469727 39.4832000732422 39.7863693237305 40.0602607727051 39.9842910766602 39.3095893859863 38.7403945922852 38.5906829833984 37.7864570617676 38.1078796386719 39.1028633117676 39.4631652832031 39.616886138916 39.4902076721191 39.4748306274414 39.1991958618164 38.8774375915527 38.1560478210449 36.6092758178711 37.6069946289062 37.5056190490723 36.5092468261719 35.5820274353027 35.4535026550293 35.1146125793457 35.7087173461914 37.1719360351562 38.3229064941406 38.4890022277832 38.9800148010254 39.179874420166 39.2573165893555 39.3021278381348
41.2713775634766 40.8163185119629 40.1323623657227 40.1805953979492 39.6697769165039 40.4057922363281 40.8251113891602 41.0431518554688 41.1043930053711 40.975513458252 40.6747589111328 40.3837585449219 40.4374961853027 40.0701217651367 39.9036903381348 39.7778053283691 40.0740623474121 40.0465812683105 39.2215003967285 38.7042999267578 39.0991020202637 38.8535614013672 38.7308692932129 39.0513000488281 39.3840408325195 39.4890556335449 39.6723442077637 39.5803260803223 39.3801536560059 39.178882598877 38.4850616455078 37.3197479248047 38.2282371520996 37.8637886047363 37.2907867431641 36.4757804870605 36.0778427124023 36.3500061035156 37.1877365112305 38.0392150878906 39.1327819824219 39.397632598877 39.4314804077148 39.3863830566406 39.3797912597656 39.3634605407715
41.3009605407715 40.6012191772461 40.6532974243164 40.7282562255859 40.3157005310059 40.3826217651367 40.6757049560547 41.0945663452148 41.196044921875 41.0536270141602 40.7926216125488 40.6453742980957 40.5379867553711 40.4591903686523 40.184700012207 40.0309295654297 40.1676483154297 40.2351837158203 39.7473640441895 39.5606651306152 39.4085655212402 39.1032943725586 38.8834037780762 38.9492568969727 39.5869064331055 39.7578201293945 39.599494934082 39.531665802002 39.4931335449219 39.2157287597656 39.2221527099609 38.4024696350098 38.560977935791 37.5355644226074 37.2561454772949 36.7038269042969 36.2408294677734 35.8164520263672 36.6324653625488 37.5702667236328 38.616828918457 39.3399772644043 39.5182151794434 39.5226516723633 39.4647636413574 39.3873176574707
41.5026016235352 41.1886177062988 40.8628730773926 41.336555480957 40.8847198486328 40.4987869262695 40.7718086242676 41.1911125183105 41.2840881347656 41.1415061950684 40.9913215637207 40.9148635864258 40.7956123352051 40.6300582885742 40.2501449584961 40.0778312683105 40.3333587646484 40.3193206787109 40.1091613769531 39.7015228271484 39.4072074890137 39.0579490661621 39.0894317626953 39.0265884399414 39.4660682678223 39.7724342346191 39.4552383422852 39.6138648986816 39.4335594177246 38.7417297363281 39.1507759094238 39.1638488769531 38.5364227294922 37.4883193969727 36.9877052307129 36.233959197998 36.4252166748047 35.9828147888184 35.8572616577148 35.4232292175293 36.678092956543 38.7856483459473 39.4241218566895 39.5420837402344 39.3169746398926 39.200325012207
41.9714775085449 41.5066719055176 41.2613067626953 41.5548248291016 41.3331069946289 40.7710494995117 40.7591209411621 41.2480735778809 41.3262786865234 40.9956474304199 40.9621467590332 41.0753593444824 40.9404945373535 40.6841163635254 40.3574600219727 40.4454536437988 40.4779815673828 40.2210426330566 39.8152770996094 39.1781578063965 39.2982406616211 39.3958282470703 39.4672431945801 39.5903587341309 39.560661315918 39.2592658996582 39.8154296875 39.4602699279785 39.320499420166 38.8928527832031 39.1452903747559 38.9585151672363 38.6762504577637 37.8420906066895 37.386302947998 37.6113815307617 37.317569732666 36.8354911804199 36.3581848144531 35.7163352966309 35.3961715698242 38.1563911437988 39.2521629333496 39.5188293457031 38.9735260009766 38.3920402526855
42.1167335510254 41.8953819274902 41.2858390808105 41.6010055541992 41.6202926635742 41.2521514892578 40.9779052734375 41.3102569580078 41.3985595703125 41.1354637145996 41.0105972290039 41.1743202209473 41.0148429870605 40.7603645324707 40.1927604675293 40.5705451965332 40.4732055664062 40.061637878418 39.5789489746094 39.1988830566406 39.250659942627 39.422908782959 39.6456069946289 39.6104049682617 39.8123512268066 39.6908836364746 39.7235946655273 39.0630302429199 39.0260124206543 38.1037254333496 38.677490234375 39.0239486694336 39.0652389526367 38.766040802002 38.4475479125977 38.3621215820312 37.6380805969238 37.2039184570312 36.9030380249023 36.193977355957 35.7465171813965 37.858283996582 39.210636138916 39.5323791503906 39.1330680847168 37.5006561279297
42.28857421875 42.0614356994629 41.7199516296387 41.8160934448242 41.7405738830566 41.4079551696777 40.8289566040039 41.2577705383301 41.3705024719238 41.4410209655762 41.3578796386719 41.1903457641602 40.815055847168 40.8691368103027 40.808910369873 40.6587104797363 40.4721374511719 39.9668617248535 39.7578201293945 39.4735984802246 38.9526977539062 39.0881843566895 39.4499931335449 39.7345352172852 39.9827880859375 39.8881072998047 39.871883392334 39.3891143798828 39.0612258911133 38.0326881408691 38.0080146789551 38.0681381225586 38.8265495300293 38.9293556213379 38.5238990783691 38.4012985229492 37.8932991027832 36.708065032959 36.8811378479004 36.4830474853516 36.31982421875 37.751148223877 39.0963554382324 39.4086303710938 39.2087745666504 37.8944854736328
42.3267555236816 42.2194557189941 41.9546508789062 41.9404907226562 41.8725433349609 41.6295318603516 41.1094932556152 40.9707984924316 41.1944999694824 41.4323348999023 41.4799728393555 41.2053298950195 40.6234588623047 40.772388458252 40.922290802002 40.326732635498 40.2561187744141 39.5679550170898 39.4738960266113 39.2434997558594 38.6369438171387 39.0070266723633 39.3457412719727 39.775993347168 40.1237335205078 40.0985069274902 39.7361755371094 39.324089050293 39.1431427001953 38.4747123718262 37.3260688781738 37.5386734008789 37.7977714538574 38.2678337097168 38.5564231872559 38.025806427002 38.0470542907715 37.2816352844238 36.409496307373 36.6243133544922 36.7749900817871 37.6809310913086 38.4605026245117 39.2097625732422 39.1343879699707 37.6769561767578
42.1739044189453 42.3096771240234 42.1393814086914 42.06591796875 41.9286117553711 41.7001724243164 41.3641471862793 40.9419593811035 41.0559921264648 41.4406661987305 41.5274810791016 41.4391593933105 41.239574432373 41.0843200683594 40.7565841674805 40.0879554748535 40.222972869873 39.967716217041 40.0503883361816 39.2353668212891 39.2067642211914 39.0388565063477 39.0962905883789 39.6375465393066 40.0857887268066 40.1970024108887 39.4177932739258 38.6366691589355 38.6807441711426 38.5725479125977 38.0423927307129 37.5316276550293 37.1351051330566 37.5041885375977 38.2434768676758 37.701286315918 37.4654502868652 37.3950538635254 36.5676116943359 36.2675895690918 36.4281768798828 36.493480682373 37.2108612060547 38.4778251647949 38.8073844909668 37.7796821594238
41.9740447998047 42.2673301696777 42.2702560424805 42.1272354125977 41.932731628418 41.8027954101562 41.5991516113281 41.1877632141113 40.8772888183594 41.4065170288086 41.5574645996094 41.1944808959961 40.5675506591797 40.5914306640625 40.6454658508301 40.5914878845215 40.5900688171387 40.4203071594238 40.2140426635742 39.9202270507812 39.612377166748 39.0279350280762 39.2855415344238 39.9550857543945 40.2863273620605 40.1694374084473 39.5647163391113 39.386905670166 38.930004119873 38.464958190918 37.366626739502 37.0000915527344 37.8948287963867 37.746452331543 37.5413627624512 37.3133773803711 37.0913047790527 37.3125114440918 36.8228797912598 36.1617431640625 36.1640815734863 35.6690139770508 36.349365234375 37.296329498291 37.5264434814453 36.9713973999023
41.733455657959 41.9648590087891 42.3104019165039 42.2018585205078 42.0645370483398 41.9643173217773 41.769847869873 41.4370727539062 41.3897171020508 41.5423316955566 41.6189193725586 41.2746391296387 40.9688415527344 40.3061103820801 40.4225234985352 40.6328659057617 40.7083015441895 40.8202171325684 40.4182586669922 40.2199821472168 39.8499717712402 39.4960517883301 39.5287055969238 39.9737396240234 40.2959060668945 40.1857719421387 39.5863075256348 38.9103355407715 38.0215759277344 37.9920387268066 37.6527061462402 37.5693397521973 38.2753410339355 38.0285301208496 37.2325134277344 36.9865989685059 37.3562469482422 37.0837097167969 36.7312774658203 36.2337417602539 36.253490447998 36.0112419128418 35.677848815918 36.2665176391602 36.6036987304688 36.8360710144043
41.6199913024902 41.6517448425293 42.3120422363281 42.2765197753906 42.1765594482422 42.0459823608398 41.8686676025391 41.5681114196777 41.5648918151855 41.7596435546875 41.6826705932617 41.4853324890137 41.156982421875 40.7152786254883 40.5967750549316 40.8186988830566 41.0423889160156 40.9856414794922 40.7414588928223 40.3275680541992 39.8673477172852 39.5432357788086 39.6522331237793 39.7499580383301 39.9015693664551 40.1477088928223 39.3042182922363 38.5815315246582 38.0277976989746 38.2067527770996 38.2362785339355 38.1278648376465 38.4560775756836 37.9734230041504 37.7302093505859 37.6258010864258 37.2231407165527 36.6918563842773 37.1127662658691 37.2795906066895 36.8797035217285 36.4736633300781 35.9880599975586 36.3392944335938 36.7574119567871 37.0625152587891
41.7918815612793 42.1763648986816 42.3410949707031 42.2762680053711 42.2500648498535 42.1420745849609 41.990119934082 41.6591644287109 41.6943740844727 41.9008827209473 41.7129135131836 41.6139068603516 41.4095840454102 41.4323234558105 41.3202857971191 41.2704696655273 41.249210357666 41.1368675231934 40.9235916137695 40.4620666503906 40.2017784118652 40.296459197998 40.4798583984375 40.6345481872559 40.4830017089844 40.1053161621094 39.9092025756836 39.4584922790527 39.1180763244629 38.9309616088867 38.9555587768555 38.7413902282715 38.6295356750488 38.1084442138672 37.5967254638672 37.1809310913086 36.6814155578613 37.6030426025391 37.8178634643555 37.7411499023438 36.5684356689453 36.4839248657227 36.029972076416 35.7718048095703 36.8513374328613 37.2946472167969
42.1817817687988 42.3223304748535 42.3239135742188 42.2274932861328 42.2048187255859 42.2073707580566 42.1189613342285 41.9918251037598 41.7958526611328 41.868537902832 41.8103408813477 41.7109069824219 41.5762672424316 41.4614944458008 41.3424072265625 41.2464942932129 41.3308143615723 41.2129325866699 41.0657424926758 40.9417953491211 40.8258628845215 40.7524070739746 40.5542373657227 40.6158256530762 40.22314453125 39.3376426696777 39.2656440734863 38.8696250915527 38.361686706543 38.9998207092285 39.2051429748535 39.1329002380371 38.4677429199219 38.1785163879395 38.0461502075195 37.967456817627 37.9112281799316 37.6154403686523 38.1145362854004 38.3710556030273 37.9037284851074 37.4952774047852 36.9100227355957 36.4187088012695 37.2853507995605 37.6722755432129
41.5650177001953 42.0259017944336 42.3226013183594 42.2357711791992 42.1059341430664 42.1492004394531 42.072998046875 41.908390045166 41.539794921875 41.5454368591309 41.7763061523438 41.5815811157227 41.1232757568359 41.2285575866699 41.3433647155762 40.8621940612793 41.1877861022949 41.2856178283691 41.2111854553223 41.1371383666992 41.0584945678711 40.6915245056152 40.1329879760742 40.4251976013184 40.2530670166016 39.9970626831055 39.9059028625488 39.5806427001953 39.2431449890137 39.4331550598145 39.3649673461914 39.1064147949219 38.6994514465332 38.8731880187988 38.8096733093262 37.9857406616211 38.4190940856934 37.673957824707 37.9173698425293 38.525032043457 38.4755706787109 38.2351455688477 37.5598945617676 36.8332710266113 37.3344688415527 37.9397354125977
40.821216583252 41.6861534118652 42.2530174255371 42.3202018737793 42.2352714538574 42.1822280883789 42.0598831176758 41.9399299621582 41.7356338500977 41.2858352661133 40.920295715332 41.4897384643555 40.7701988220215 40.4775924682617 41.1762466430664 40.8512916564941 40.807788848877 41.1414337158203 41.1304550170898 41.0974960327148 41.0711708068848 41.0075492858887 40.8645706176758 40.6432418823242 40.2692222595215 39.9201622009277 39.9049682617188 39.8115768432617 39.732551574707 39.5492134094238 39.3762817382812 38.996166229248 38.7332000732422 39.2353897094727 39.1016654968262 38.8467445373535 38.8142967224121 38.3102645874023 37.9878959655762 38.5213928222656 38.6488304138184 38.1022834777832 37.0029640197754 36.0492935180664 36.3960227966309 37.8045883178711
41.7162094116211 41.5537910461426 41.9987030029297 42.1176376342773 42.2603492736816 42.2034873962402 42.0697593688965 41.9287490844727 41.7746887207031 41.5103950500488 40.9479370117188 41.2551879882812 40.3464431762695 40.1083183288574 40.717830657959 40.567985534668 39.9657821655273 40.839225769043 40.802906036377 40.7553977966309 40.9293975830078 41.011661529541 40.901496887207 40.5295906066895 39.8139533996582 39.3047637939453 38.9545021057129 39.1960983276367 39.6246719360352 39.1189384460449 38.9091491699219 38.238956451416 38.8038558959961 39.463207244873 39.2809295654297 39.0912742614746 39.0879402160645 38.706470489502 38.3742408752441 38.5772705078125 38.7094192504883 37.767463684082 36.9036254882812 37.135009765625 37.3972587585449 37.8543434143066
41.8576889038086 42.1191101074219 42.1378555297852 42.1178817749023 42.1971015930176 42.2088661193848 42.1186904907227 42.021556854248 41.8681945800781 41.4724464416504 41.1202850341797 40.7672653198242 40.3991851806641 40.0660629272461 40.4765625 40.3294982910156 40.3256568908691 40.1354103088379 39.8952941894531 39.8525657653809 40.7699356079102 40.9424858093262 40.893970489502 40.7780380249023 40.276252746582 39.3063430786133 38.1132774353027 38.765552520752 39.4030914306641 38.5911560058594 38.8756103515625 39.3123092651367 39.5180587768555 39.7035446166992 39.6010551452637 39.4098968505859 38.9858055114746 38.2820892333984 38.6227035522461 38.776538848877 39.0003852844238 38.6951065063477 38.5313911437988 38.4828453063965 38.413028717041 37.9311218261719
42.0735015869141 42.0380401611328 41.8756713867188 41.9286918640137 42.2524490356445 42.1401672363281 42.1103172302246 42.0662460327148 41.9632682800293 41.6571464538574 40.7229270935059 40.7580680847168 40.3698959350586 39.3950119018555 39.9918670654297 39.7716369628906 39.6067123413086 38.9867782592773 39.6625061035156 39.9429626464844 40.796028137207 40.7748489379883 40.8500213623047 40.8980102539062 40.1950035095215 39.2987670898438 38.3179931640625 38.9267349243164 39.3986434936523 38.9672622680664 39.3389549255371 39.6531867980957 39.9211311340332 39.8925094604492 39.5155220031738 39.2773933410645 38.9480590820312 38.7025604248047 39.0911521911621 39.127025604248 39.1262588500977 39.0337829589844 38.8925552368164 38.3497123718262 37.6458396911621 37.5872268676758
42.2111587524414 42.1775550842285 42.1186828613281 41.9777336120605 42.2864570617676 42.2541999816895 42.1669654846191 42.0927886962891 42.0092735290527 41.9008331298828 41.6161193847656 40.9855194091797 40.2681541442871 39.244312286377 39.4900703430176 39.4328804016113 39.043083190918 39.2473526000977 39.4305953979492 40.2495498657227 40.8402786254883 40.4714164733887 40.9852523803711 40.8351097106934 40.342227935791 40.1201553344727 39.2347717285156 39.2815322875977 39.5329284667969 39.3630638122559 39.8157157897949 39.7495536804199 40.0595436096191 39.9718360900879 39.8233489990234 39.6005516052246 38.9002876281738 39.0040054321289 39.1786499023438 39.1429061889648 39.1378059387207 38.9997787475586 38.8966941833496 38.4641418457031 38.375171661377 38.243221282959
