inst/extdata/Tmax/Tmax120.asc
NCOLS 100 
NROWS 79 
XLLCORNER 148.06 
YLLCORNER -21.49 
CELLSIZE 0.01 
NODATA_value -3.4e+38 
[rows 40 to 59 of 79, columns 46 to 91 of 100]
29.4152450561523 30.3247966766357 30.7215347290039 31.5418128967285 33.027416229248 33.9288558959961 33.5042419433594 31.7605152130127 31.4227905273438 32.0524215698242 32.5302391052246 34.1499099731445 33.8001670837402 34.0078315734863 33.2388343811035 34.1866302490234 34.3692207336426 34.106388092041 34.206844329834 34.3074989318848 34.3221817016602 33.4663276672363 33.837085723877 34.1431617736816 34.2341346740723 34.2927932739258 34.2070236206055 33.8592758178711 34.0398406982422 34.2301788330078 34.1978607177734 34.0652351379395 33.7721557617188 32.6168632507324 32.8789329528809 33.517894744873 33.4397239685059 33.3592414855957 33.589542388916 33.0825805664062 32.4069900512695 32.8560752868652 33.1558723449707 32.9709777832031 33.2219200134277 33.2618408203125
30.6482181549072 31.7324104309082 31.6581573486328 31.6205158233643 33.0612373352051 34.1952819824219 33.1579780578613 32.7974891662598 33.348274230957 33.4294853210449 33.767707824707 34.422191619873 34.3202285766602 34.3407363891602 34.2089424133301 34.5028114318848 34.5455207824707 34.4891967773438 34.4543800354004 34.4793510437012 34.4634475708008 33.9914360046387 33.3528289794922 33.6880302429199 33.6213989257812 34.0783538818359 34.3669013977051 33.9375305175781 33.9329299926758 34.2987670898438 34.3305702209473 34.2620735168457 34.1135406494141 33.557804107666 33.7869033813477 33.8272666931152 33.6362419128418 33.6354637145996 33.735652923584 33.8553314208984 32.9670257568359 33.1814117431641 33.7527084350586 33.5739784240723 33.700366973877 33.6420059204102
32.8636436462402 33.0284957885742 33.1962623596191 33.6377754211426 33.944465637207 34.3885383605957 34.0024528503418 33.514217376709 33.9930000305176 34.3690719604492 34.2929458618164 34.5896263122559 34.6260147094727 34.5572700500488 34.5363693237305 34.6178398132324 34.6329917907715 34.6158180236816 34.5908966064453 34.5852317810059 34.5035629272461 33.6572761535645 33.4795036315918 33.9414405822754 33.4714622497559 33.8857727050781 34.2955856323242 34.2104835510254 34.1629028320312 34.3993835449219 34.4189186096191 34.4180755615234 34.3851890563965 34.2837867736816 34.1957664489746 33.8936347961426 33.0551643371582 33.6073989868164 34.1025276184082 34.0990715026855 33.9781074523926 33.9251861572266 34.034782409668 34.0666809082031 34.1031036376953 34.0473098754883
34.0027770996094 34.0229873657227 34.1451721191406 34.281135559082 34.50048828125 34.5713005065918 34.4973793029785 34.2852630615234 34.447509765625 34.6526641845703 34.6537818908691 34.7038383483887 34.6879386901855 34.6575317382812 34.6796951293945 34.6562080383301 34.6002235412598 34.5817070007324 34.6145248413086 34.6447410583496 34.6035957336426 34.3912086486816 34.1640548706055 34.326358795166 34.2066421508789 33.8028144836426 34.069766998291 34.3204498291016 34.464241027832 34.4872093200684 34.4815979003906 34.4776916503906 34.4531517028809 34.4170608520508 34.4129028320312 34.2770347595215 33.8376426696777 34.1252975463867 34.2915687561035 34.2767486572266 34.2423324584961 34.2394866943359 34.2254219055176 34.2390174865723 34.242301940918 34.206600189209
33.8403472900391 34.0897903442383 34.333251953125 34.3425331115723 34.3959121704102 34.5065689086914 34.556957244873 34.6235618591309 34.6522331237793 34.6029090881348 34.4114837646484 34.5147743225098 34.447681427002 34.2112007141113 34.3816223144531 34.5055732727051 34.4046783447266 34.5090484619141 34.5969276428223 34.6426124572754 34.6535682678223 34.5384521484375 34.2544288635254 34.0216178894043 34.2297058105469 34.3884925842285 34.4350280761719 34.4763450622559 34.4852447509766 34.5166664123535 34.4976768493652 34.4900131225586 34.4515838623047 34.4153289794922 34.4411697387695 34.3851776123047 34.365837097168 34.3609390258789 34.3077507019043 34.3073463439941 34.2811965942383 34.2675323486328 34.2684707641602 34.2539710998535 34.1646385192871 34.1832466125488
32.1744155883789 32.905101776123 33.2999839782715 33.5021667480469 33.8465270996094 34.1527786254883 34.1042747497559 34.2915840148926 34.2917671203613 34.1435852050781 33.4337882995605 33.4499244689941 33.5247459411621 32.1456184387207 33.0351676940918 33.747314453125 34.2551078796387 34.5628280639648 34.6456031799316 34.6674919128418 34.6715087890625 34.512565612793 34.1154289245605 33.7803153991699 34.0306968688965 34.2728309631348 34.3936500549316 34.3831481933594 34.4439926147461 34.5101127624512 34.5081214904785 34.5062255859375 34.4877662658691 34.4788436889648 34.4480628967285 34.355640411377 34.344783782959 34.3365821838379 34.3084106445312 34.2993545532227 34.2675552368164 34.2573204040527 34.2455825805664 34.1958770751953 34.1868362426758 34.2015838623047
29.9095726013184 31.1224002838135 31.0339584350586 31.007022857666 32.2567710876465 32.7510452270508 32.8653831481934 33.1119842529297 33.5376243591309 32.9626922607422 32.3349914550781 31.7975559234619 32.4202117919922 32.3027610778809 32.7194938659668 33.7925453186035 34.4261093139648 34.6009368896484 34.6313934326172 34.612865447998 34.6530990600586 34.6682014465332 34.2842903137207 33.9660949707031 33.8650054931641 34.1150398254395 34.3086471557617 34.413875579834 34.5077171325684 34.5246620178223 34.537166595459 34.544303894043 34.5349044799805 34.5055389404297 34.4301338195801 34.3707580566406 34.3646202087402 34.3589515686035 34.3436393737793 34.3280296325684 34.2950782775879 34.2885246276855 34.2827453613281 34.2494087219238 34.2393264770508 34.130443572998
30.0254688262939 29.9621429443359 29.7779331207275 29.8559703826904 29.8016662597656 30.5499210357666 31.7443580627441 32.3652076721191 32.5369644165039 32.4203605651855 32.9161033630371 32.7609405517578 32.6127319335938 33.1554183959961 33.4296760559082 34.2370643615723 34.4726676940918 34.4976806640625 34.4396286010742 34.5510673522949 34.6569404602051 34.7050247192383 34.5750350952148 34.2931938171387 33.9121284484863 34.1584396362305 34.337459564209 34.487174987793 34.5515747070312 34.5846977233887 34.5881881713867 34.5714454650879 34.5103950500488 34.4404335021973 34.3823547363281 34.3547248840332 34.3645782470703 34.3767890930176 34.3660507202148 34.350944519043 34.3306350708008 34.3299560546875 34.320686340332 34.2976226806641 34.1108055114746 33.9054107666016
29.6496448516846 29.7531414031982 29.9779243469238 29.7037868499756 29.6165084838867 29.7164993286133 30.5625839233398 32.1272201538086 32.6333961486816 32.8006362915039 32.6442565917969 32.8199081420898 33.0936126708984 33.3650894165039 33.4200439453125 33.9111366271973 34.260986328125 34.2600898742676 34.2535667419434 34.5298347473145 34.6244621276855 34.6427993774414 34.7208557128906 34.6454124450684 34.5404586791992 34.5078926086426 34.5877647399902 34.6490631103516 34.6547050476074 34.6558799743652 34.6243896484375 34.5629425048828 34.4846992492676 34.3639144897461 34.3251533508301 34.3733367919922 34.3811416625977 34.3965721130371 34.4104385375977 34.3954544067383 34.3895606994629 34.3860473632812 34.3694038391113 34.3537979125977 34.2104377746582 34.0837516784668
29.7214584350586 29.8979568481445 29.9276065826416 29.60910987854 30.098611831665 30.9141883850098 31.0228786468506 32.2140464782715 32.6644630432129 32.8574295043945 32.6793746948242 33.1252822875977 33.3856506347656 33.3904800415039 33.4754638671875 33.3788414001465 33.4699172973633 33.6858253479004 34.0295448303223 34.3553504943848 34.4429092407227 34.4603157043457 34.6821479797363 34.7265510559082 34.7420806884766 34.7194557189941 34.6955375671387 34.5397796630859 34.5962066650391 34.6576614379883 34.6159591674805 34.5116424560547 34.4708786010742 34.2915878295898 34.2306251525879 34.3920440673828 34.3924713134766 34.3761596679688 34.4301376342773 34.4354400634766 34.4130439758301 34.4164161682129 34.4013175964355 34.3776741027832 34.3131446838379 34.2450942993164
29.7549476623535 29.6418609619141 29.8638076782227 29.5835952758789 30.2313003540039 31.3012084960938 31.6421070098877 32.1999702453613 32.8669471740723 33.2880096435547 33.3030662536621 33.4173431396484 33.4863739013672 33.5157051086426 33.5061569213867 33.4543609619141 33.5171699523926 33.2685317993164 32.9447174072266 34.0049209594727 33.8975143432617 34.304874420166 34.6113433837891 34.6676864624023 34.7148208618164 34.6973266601562 34.6306571960449 34.4290199279785 34.564826965332 34.658634185791 34.5013465881348 34.3487358093262 34.3626556396484 34.3437461853027 34.3728942871094 34.4438552856445 34.4501266479492 34.4363708496094 34.4342498779297 34.4653587341309 34.4582557678223 34.4436073303223 34.4238471984863 34.396053314209 34.3615112304688 34.2760581970215
29.319787979126 29.2977752685547 29.6846714019775 29.0595645904541 29.2154922485352 31.1905879974365 31.9327735900879 32.5359344482422 32.8578033447266 33.1253280639648 33.1814842224121 33.1884651184082 33.0049476623535 33.0076370239258 33.2597503662109 33.3805465698242 33.6945419311523 33.6279487609863 33.4580459594727 33.4996223449707 33.3490371704102 34.0870056152344 34.4654998779297 34.6279335021973 34.6362686157227 34.6473159790039 34.3252716064453 33.9857749938965 34.5422706604004 34.6640357971191 34.4026947021484 34.1264610290527 34.3582382202148 34.4034118652344 34.430778503418 34.3981552124023 34.3950691223145 34.3980598449707 34.4177589416504 34.408073425293 34.4166641235352 34.4497413635254 34.4408340454102 34.4157371520996 34.3846778869629 34.3180351257324
28.9484481811523 28.8063354492188 29.283390045166 29.1649036407471 29.2575569152832 30.2599182128906 31.2717208862305 31.9092197418213 32.3725090026855 32.7188529968262 32.6683578491211 32.6036186218262 32.6667518615723 32.9367828369141 33.6311798095703 33.7270965576172 33.9006500244141 33.8129615783691 33.7389373779297 33.5842323303223 33.3537521362305 33.9780044555664 34.3949508666992 34.5746765136719 34.519401550293 34.6017074584961 34.2470321655273 33.3855781555176 34.3140678405762 34.6465339660645 34.3897666931152 34.172420501709 34.3580169677734 34.3031997680664 34.2398796081543 34.2622680664062 34.3081016540527 34.2490081787109 34.178352355957 34.1659088134766 34.2698707580566 34.3573226928711 34.441333770752 34.4277305603027 34.4000511169434 34.3548049926758
30.0725212097168 29.0391845703125 29.1535224914551 29.5620651245117 29.9467658996582 31.0098323822021 31.0844573974609 31.8502254486084 32.6160507202148 32.9347686767578 33.2653427124023 33.3668441772461 33.4940147399902 33.7069206237793 33.8844947814941 33.9241714477539 33.880615234375 33.9527893066406 33.9234466552734 33.707275390625 33.5154190063477 33.5467338562012 34.0435791015625 34.2589263916016 34.1914253234863 34.5841064453125 34.4878807067871 33.8926162719727 34.3961753845215 34.6438674926758 34.4284400939941 34.2607803344727 34.1825141906738 33.8722496032715 34.0488052368164 33.9882392883301 33.9980354309082 33.6107177734375 33.7081527709961 32.7582893371582 34.0255165100098 34.2672920227051 34.4376335144043 34.4482536315918 34.426082611084 34.3818664550781
30.7724990844727 29.7714920043945 29.2415046691895 30.0572128295898 30.7133255004883 31.4358787536621 31.5164318084717 31.9804363250732 32.7128028869629 33.1145629882812 33.1591300964355 33.1773719787598 33.5683479309082 33.7316284179688 33.8365631103516 33.8215179443359 34.0188255310059 34.1456756591797 34.1199264526367 33.8886642456055 33.7252197265625 33.6551322937012 33.7818145751953 33.7952461242676 33.7730140686035 34.4092712402344 34.5769653320312 34.3051605224609 34.0291595458984 34.5285339355469 34.0944633483887 33.3446350097656 33.9234046936035 34.0752792358398 34.3479690551758 34.3507614135742 34.3143424987793 34.2852058410645 34.0781288146973 33.1543464660645 33.9161491394043 34.2266120910645 34.3921432495117 34.4388542175293 34.4367370605469 34.3961753845215
30.8158378601074 29.9463882446289 29.3761329650879 30.6887588500977 31.6651725769043 32.0871429443359 32.8064384460449 33.0328712463379 33.2360610961914 33.3451385498047 33.1657180786133 33.1288185119629 33.6601753234863 33.7474250793457 33.7604713439941 33.8290100097656 33.9397888183594 33.9324645996094 34.4275054931641 34.2018280029297 33.9334106445312 33.7989501953125 33.7795257568359 33.6321029663086 33.6447334289551 34.2305068969727 34.5576934814453 34.4707794189453 34.3336029052734 34.6232757568359 33.9670906066895 32.9433937072754 33.4152793884277 34.0585556030273 34.0938377380371 33.7270851135254 33.7841567993164 34.2877235412598 34.401180267334 34.3657379150391 34.3970375061035 34.3905906677246 34.4055519104004 34.4069061279297 34.4327354431152 34.4129829406738
30.6845359802246 29.7030830383301 29.2240867614746 30.4660301208496 31.7509574890137 32.0980758666992 31.541072845459 32.843505859375 32.7962951660156 32.2686996459961 33.1838760375977 33.3882369995117 33.4124069213867 33.4729614257812 33.4936714172363 33.6958847045898 33.8230133056641 33.9341354370117 34.3981285095215 34.5123825073242 34.3180465698242 34.0308380126953 33.8735389709473 33.8025550842285 33.5806159973145 34.0199966430664 34.4523391723633 34.4661865234375 34.642578125 34.7007637023926 34.2029762268066 32.5555877685547 33.1757469177246 32.7119407653809 33.0433235168457 32.3744087219238 33.2730751037598 34.2601318359375 34.3712158203125 34.4313812255859 34.4416885375977 34.362735748291 34.2614555358887 34.3657836914062 34.3925704956055 34.3894577026367
30.6588478088379 29.9001045227051 29.964729309082 30.4872817993164 31.4142417907715 31.8290157318115 32.2491874694824 32.4790992736816 31.2251434326172 31.1399898529053 32.6336364746094 31.681770324707 32.0407562255859 32.472541809082 33.1668815612793 33.6109352111816 33.7600402832031 33.9694290161133 34.2974510192871 34.4208869934082 34.4646949768066 34.2389717102051 33.9338455200195 34.000919342041 33.8850402832031 34.1026229858398 34.1006393432617 33.9434623718262 34.456729888916 34.6314468383789 34.4018592834473 33.7341384887695 32.3684692382812 30.4623832702637 30.6408996582031 32.2700500488281 33.6441421508789 34.226245880127 34.3326072692871 34.278491973877 34.274528503418 34.058536529541 33.9430160522461 34.2970390319824 34.0524826049805 34.1034736633301
30.6360263824463 30.2717590332031 30.0663928985596 30.3815059661865 30.9973411560059 31.788646697998 31.9518508911133 31.5454864501953 31.0815048217773 31.9145202636719 32.3849029541016 31.4212627410889 31.7411308288574 32.1587600708008 33.0763397216797 33.4627227783203 33.7489051818848 34.1666679382324 34.5566825866699 34.393913269043 34.2620391845703 34.5412940979004 34.3007164001465 34.1263275146484 33.9754829406738 33.9680938720703 34.0446166992188 33.9521446228027 34.2625694274902 34.5793342590332 34.6031761169434 34.1116790771484 33.4311599731445 31.858211517334 31.2728500366211 32.3332633972168 33.6476516723633 34.1778335571289 34.2349624633789 33.7931213378906 34.0348434448242 34.2053375244141 34.0074882507324 34.0677947998047 33.7591705322266 33.9950180053711
30.2876129150391 30.0732517242432 29.591365814209 29.9362773895264 30.7138538360596 30.8754730224609 31.2983474731445 31.6226615905762 31.9066848754883 32.0085411071777 32.3391265869141 32.5475273132324 33.181468963623 33.2682914733887 33.4091186523438 32.9726066589355 33.8808555603027 34.2346992492676 34.4321517944336 34.1670341491699 34.2683563232422 34.4528427124023 34.5462341308594 34.4893646240234 34.2175140380859 34.1482429504395 33.8114776611328 33.9640579223633 34.3385810852051 34.4181098937988 34.5474243164062 34.576099395752 34.0483856201172 33.4130325317383 32.5518798828125 32.2718391418457 33.363842010498 34.0966148376465 33.6282958984375 33.1226692199707 33.9843482971191 34.2231407165527 33.9566116333008 33.2192611694336 33.5539398193359 34.0393371582031
