inst/extdata/Tmax/Tmax74.asc
NCOLS 100 
NROWS 79 
XLLCORNER 148.06 
YLLCORNER -21.49 
CELLSIZE 0.01 
NODATA_value -3.4e+38 
[rows 20 to 39 of 79, columns 0 to 45 of 100]
31.335390090942401 31.3901119232178 31.3972930908203 31.3751621246338 31.4071369171143 31.5402660369873 31.4701690673828 31.4093532562256 31.354663848877 31.2708301544189 31.0966739654541 30.6892509460449 30.2291450500488 29.5612678527832 28.1822948455811 27.7413558959961 27.6789398193359 28.7206077575684 29.8335075378418 30.298511505127 30.3250503540039 30.3492412567139 30.7125968933105 30.7488422393799 30.5973739624023 30.3059177398682 29.6795978546143 28.7180862426758 29.28932762146 29.3657760620117 30.0080184936523 30.0304527282715 30.1855888366699 30.156005859375 30.1195621490479 29.8696727752686 29.4657554626465 29.4743270874023 28.9891319274902 29.261589050293 29.0379428863525 28.2879123687744 28.5302047729492 28.5893516540527 28.7216625213623 28.7585620880127
31.4083633422852 31.4881935119629 31.5080146789551 31.4844131469727 31.5032157897949 31.51540184021 31.3886737823486 31.3224258422852 31.3119449615479 31.2586231231689 31.1429119110107 30.9741115570068 30.7452926635742 29.7677001953125 28.1958274841309 27.8665618896484 28.1321773529053 29.0072994232178 29.5493240356445 29.9535903930664 30.0953330993652 30.0139064788818 30.5809478759766 30.7337646484375 30.5387783050537 30.5627498626709 30.5402126312256 29.7450466156006 29.5883674621582 30.1421947479248 30.273681640625 30.1678981781006 29.8279151916504 29.2006797790527 29.2260913848877 29.2076892852783 29.688549041748 28.9568653106689 28.5448379516602 28.8774719238281 28.4766750335693 28.5725326538086 28.2860317230225 27.3368225097656 27.6817493438721 28.3995723724365
31.4742240905762 31.5396461486816 31.5561046600342 31.5543727874756 31.5500793457031 31.5275096893311 31.3580474853516 31.2439041137695 31.2021636962891 31.1830177307129 31.0766658782959 31.0167179107666 30.847583770752 30.2172966003418 29.0498600006104 28.1768589019775 27.5080127716064 28.0394020080566 28.6532764434814 29.51686668396 29.644552230835 29.7830848693848 30.4724082946777 30.2553272247314 29.8273010253906 30.221363067627 30.3061714172363 30.3964004516602 30.1054916381836 30.1530838012695 29.8803882598877 29.6897411346436 29.0982913970947 28.7552719116211 28.5173530578613 28.7502746582031 28.6843223571777 28.1013984680176 28.0760459899902 27.9956283569336 27.6757888793945 26.8912963867188 27.7203750610352 27.4203453063965 26.3890037536621 27.8898124694824
31.4596881866455 31.5079803466797 31.534517288208 31.539363861084 31.5114135742188 31.5148277282715 31.4508457183838 31.1598434448242 31.063009262085 31.0973949432373 30.923433303833 30.7406330108643 30.8602313995361 30.4754810333252 29.6558780670166 28.8355350494385 27.9722805023193 27.6669883728027 28.315486907959 28.6562595367432 29.2395076751709 30.3062133789062 30.0516548156738 29.4163570404053 29.5805721282959 29.7428112030029 29.4262714385986 30.4318580627441 30.4640369415283 30.323917388916 30.0898685455322 28.9478302001953 28.6070365905762 28.8254203796387 29.184175491333 28.7064208984375 27.747859954834 27.1821365356445 27.9493865966797 27.4192581176758 26.6623878479004 25.1722030639648 26.049861907959 27.304069519043 25.4092864990234 26.8138656616211
31.4040508270264 31.4803218841553 31.5199890136719 31.4996185302734 31.4725933074951 31.4869480133057 31.4997997283936 31.330680847168 31.1610336303711 30.9965686798096 30.9017429351807 30.8732643127441 30.7041931152344 30.3592834472656 29.5687828063965 28.8460025787354 28.0687446594238 27.685359954834 27.9080047607422 27.9161605834961 29.19797706604 30.087308883667 28.9323043823242 28.3699569702148 29.2387084960938 29.2227230072021 29.4261360168457 30.2122497558594 30.4741249084473 30.0797023773193 30.0270156860352 29.7884693145752 29.764591217041 29.8306350708008 29.4935855865479 29.1767864227295 28.7585296630859 27.5942993164062 27.3645668029785 27.0982627868652 25.2926940917969 24.6898002624512 25.1629867553711 27.1057014465332 25.0350952148438 25.4272651672363
31.3574867248535 31.3942279815674 31.4132652282715 31.3997764587402 31.4231758117676 31.4439315795898 31.4829387664795 31.4495296478271 31.3057289123535 31.0666522979736 30.8781776428223 30.7478351593018 30.6037445068359 30.138032913208 29.6766357421875 29.1001930236816 28.4611835479736 28.1083908081055 28.5946769714355 29.344181060791 29.3382415771484 29.2458801269531 28.7411460876465 27.4049816131592 27.9545307159424 28.7800521850586 28.9477958679199 30.2502956390381 30.4510250091553 30.0781745910645 29.1645603179932 29.8125324249268 29.6778583526611 29.5508728027344 29.2714748382568 28.9431171417236 28.8210220336914 27.2753372192383 25.9333190917969 26.3674964904785 24.8567199707031 25.7462158203125 26.1245880126953 27.0997581481934 26.0339889526367 24.9025268554688
31.2433319091797 31.2870235443115 31.3019943237305 31.3252964019775 31.3327827453613 31.3461227416992 31.4506072998047 31.4651832580566 31.3368663787842 30.9162216186523 30.8177433013916 30.5519618988037 30.5589790344238 30.1759624481201 29.3973121643066 28.2810478210449 27.89133644104 28.1030788421631 28.6127319335938 28.5241241455078 28.7327709197998 29.6870994567871 29.5426006317139 27.9530582427979 27.5317821502686 28.5264644622803 29.3799648284912 30.3124179840088 30.4047756195068 30.1817741394043 29.3098583221436 28.913537979126 29.7378940582275 29.181827545166 28.7251262664795 27.8611965179443 27.5693359375 27.694637298584 26.5843772888184 25.2175331115723 24.7956771850586 25.1401252746582 25.0408248901367 26.1529197692871 25.1633453369141 24.4804458618164
31.0932598114014 31.1304569244385 31.1713466644287 31.2345390319824 31.270055770874 31.3426551818848 31.4507789611816 31.4584083557129 31.3959255218506 31.208044052124 30.9686374664307 30.7039909362793 30.5896701812744 30.3929615020752 29.4340763092041 28.242338180542 27.9102401733398 27.8666858673096 28.0127983093262 27.998327255249 29.2109451293945 29.8967895507812 29.3352355957031 28.4342784881592 27.8415813446045 28.0967445373535 28.2332229614258 29.8977527618408 30.2744064331055 30.1560115814209 29.3237743377686 29.2403087615967 29.5542449951172 28.7806549072266 28.0568027496338 27.4623279571533 26.5065536499023 27.269229888916 27.1024723052979 25.1795310974121 24.7165966033936 24.9268760681152 24.8401889801025 25.478401184082 24.8542671203613 24.5384712219238
30.5625267028809 30.5318737030029 30.8186416625977 31.151891708374 31.3005294799805 31.3966426849365 31.4445667266846 31.4427070617676 31.320369720459 31.2182159423828 31.0572681427002 30.5095958709717 30.6189842224121 30.4709873199463 29.9389591217041 28.6721572875977 27.9182357788086 27.3878917694092 27.7288990020752 28.6732597351074 29.2200489044189 29.6110572814941 28.7019157409668 27.9430637359619 27.7563228607178 27.9205169677734 28.387716293335 29.3494968414307 30.1569023132324 30.2283668518066 29.6918087005615 29.4209079742432 28.972541809082 27.895112991333 26.6701965332031 26.2316341400146 25.8966293334961 26.1209449768066 26.2924823760986 25.874174118042 25.3197956085205 25.4643115997314 25.1774501800537 24.9493293762207 24.9667301177979 24.9010219573975
29.6432018280029 30.5512199401855 30.9016780853271 30.6391468048096 31.2296276092529 31.3962535858154 31.4340515136719 31.431037902832 31.2283325195312 31.0840530395508 31.0854015350342 30.818546295166 30.5779075622559 30.4478950500488 30.1907577514648 29.6582221984863 29.0829677581787 27.6436443328857 27.9918079376221 28.0845890045166 28.2556400299072 29.264965057373 28.8221244812012 27.9720573425293 27.7616081237793 27.5468769073486 27.5235652923584 29.2868118286133 30.1813163757324 30.2684001922607 29.4147682189941 28.3945255279541 28.0725955963135 27.7061977386475 27.4299507141113 26.3649272918701 26.3026962280273 25.8712997436523 25.4344882965088 25.7130355834961 27.6351013183594 27.7290954589844 26.5366058349609 25.0107688903809 26.1348094940186 26.2556037902832
29.941520690918 30.8654365539551 30.9011001586914 30.3558502197266 31.1737880706787 31.3751010894775 31.4385948181152 31.4302024841309 31.3794612884521 31.1515941619873 31.0496253967285 30.9896869659424 30.8126811981201 30.6039924621582 30.304874420166 29.7010879516602 28.8411560058594 28.3756561279297 27.8995456695557 28.1778984069824 28.2676200866699 28.7446346282959 28.1057453155518 27.9311676025391 27.6159172058105 26.9523639678955 27.2612705230713 29.1559162139893 30.0512962341309 30.1055583953857 30.0951900482178 29.922815322876 28.7515621185303 27.7527351379395 27.6868228912354 27.1794166564941 27.3326263427734 27.1348247528076 26.6912231445312 27.2161808013916 28.79221534729 28.86181640625 28.4163227081299 27.8187732696533 27.6977519989014 27.0757999420166
30.7183895111084 31.0109996795654 31.0843296051025 31.092248916626 31.1903953552246 31.3536815643311 31.3973484039307 31.4021606445312 31.3637046813965 31.2977867126465 31.1163234710693 31.0634593963623 30.9698753356934 30.7638339996338 30.4921455383301 29.9907817840576 29.1095294952393 28.6697540283203 27.9378833770752 27.8284530639648 27.9090843200684 28.3841075897217 27.9947204589844 27.7279434204102 27.6677017211914 27.7047290802002 28.562671661377 29.6963729858398 30.0988330841064 29.5698566436768 29.4864559173584 29.5040016174316 29.7304096221924 29.2085990905762 28.9257202148438 28.1234283447266 29.2207050323486 29.0675945281982 29.041805267334 29.0623569488525 28.825267791748 27.8820285797119 26.8806591033936 26.5391941070557 26.3999137878418 25.6166381835938
30.4274578094482 31.1862487792969 31.2543067932129 31.278341293335 31.2824859619141 31.2999496459961 31.2839164733887 31.3407649993896 31.3421764373779 31.3322486877441 31.2908725738525 31.1688098907471 30.9865417480469 30.8270454406738 30.6345806121826 30.3819942474365 29.8918514251709 29.1928749084473 28.4127922058105 27.6764087677002 27.7116374969482 28.1950759887695 28.0712413787842 27.7814712524414 27.6367988586426 27.8094367980957 29.3208675384521 30.0716457366943 30.1501655578613 29.9711627960205 29.4575004577637 28.8286933898926 29.568639755249 29.6884784698486 29.7347106933594 29.1878089904785 29.6238384246826 29.3189926147461 29.1845264434814 29.0153923034668 27.7621536254883 26.2731819152832 24.9230785369873 25.2945823669434 25.207691192627 24.1577625274658
30.2670383453369 30.9327754974365 30.7495765686035 30.6321201324463 30.7814464569092 31.1869564056396 31.2005729675293 31.2329998016357 31.2565822601318 31.250997543335 31.2246780395508 31.2075862884521 31.0983009338379 30.9457454681396 30.7919006347656 30.5640449523926 30.1200084686279 29.6841068267822 29.404857635498 28.7489833831787 27.7630977630615 28.0167675018311 27.7872638702393 27.8687553405762 27.7461929321289 27.7229404449463 28.8394145965576 30.0070400238037 30.0981502532959 29.7689228057861 29.631290435791 28.5203170776367 28.8320789337158 29.1026573181152 29.4212951660156 29.5554389953613 29.4116535186768 29.2378025054932 28.8364410400391 28.8981342315674 28.5628929138184 27.2608871459961 26.4086685180664 26.9935989379883 26.5319709777832 25.3231029510498
30.6058902740479 30.906379699707 30.4894504547119 29.8058891296387 29.9256000518799 30.9216995239258 31.15305519104 31.1256732940674 31.1511535644531 31.1761016845703 31.1013698577881 31.1592311859131 31.1161289215088 31.0087718963623 30.8601913452148 30.6690616607666 30.3546733856201 29.6567630767822 29.2356643676758 28.7578449249268 28.0529918670654 27.968469619751 27.78102684021 27.5628223419189 27.5330677032471 27.9391002655029 29.1354637145996 29.9577484130859 29.436429977417 29.2099685668945 29.3290748596191 28.961275100708 28.62965965271 28.2861747741699 28.0081939697266 28.5303916931152 28.335168838501 28.68581199646 28.6053142547607 28.3971538543701 28.1240921020508 28.4683456420898 28.2077789306641 27.8761215209961 27.2465972900391 26.7444076538086
30.7326374053955 30.8443393707275 30.648120880127 30.3321361541748 30.0247097015381 30.6106262207031 30.9404811859131 30.9739608764648 31.0323257446289 31.1041774749756 31.1011791229248 31.157262802124 31.1016120910645 31.0480556488037 30.8947715759277 30.6744346618652 30.4345684051514 30.2108345031738 29.7976512908936 29.1177959442139 28.7195529937744 28.4535999298096 27.9217853546143 27.2495822906494 27.4232749938965 27.6901473999023 29.2136535644531 29.7711601257324 27.795108795166 27.3711357116699 28.0538215637207 28.2920417785645 28.2496166229248 28.025484085083 27.5160598754883 27.2490367889404 27.8165969848633 27.6501655578613 27.61989402771 27.57102394104 27.29443359375 26.9803009033203 27.2465515136719 27.7515316009521 27.090482711792 25.8977108001709
30.5782527923584 30.6207237243652 30.6528148651123 30.3740406036377 30.0903148651123 30.2957553863525 30.5348510742188 30.7511653900146 30.8771858215332 31.0166130065918 31.0055770874023 31.011381149292 31.1120471954346 31.0478610992432 30.929349899292 30.6497020721436 30.6381511688232 30.480770111084 30.2245445251465 29.8253517150879 29.6768074035645 28.8432426452637 28.2172203063965 27.7245483398438 27.7256679534912 28.1369895935059 29.2343769073486 29.1304893493652 28.8232727050781 28.7166557312012 27.9051189422607 27.8415451049805 27.6440811157227 27.4955539703369 26.7315883636475 26.3021373748779 26.5329551696777 26.4779376983643 26.7314643859863 26.5201950073242 26.51003074646 25.5355548858643 26.2920169830322 27.2054405212402 26.9553489685059 25.400785446167
29.9986095428467 30.3528175354004 30.5771675109863 30.4755001068115 30.274112701416 30.1459846496582 30.1400470733643 30.5420341491699 30.6706943511963 30.8654327392578 30.9626426696777 30.96994972229 31.0428504943848 31.069128036499 30.8870506286621 30.7849750518799 30.7165908813477 30.5982265472412 30.4354667663574 30.2272434234619 30.0150814056396 29.2607040405273 28.0524196624756 28.1513595581055 27.4234714508057 28.0441150665283 29.0715808868408 28.4770832061768 28.6834144592285 29.1857776641846 29.0655117034912 28.9005126953125 28.1895446777344 27.7372932434082 26.0681056976318 24.7199459075928 24.769681930542 24.65354347229 24.6143245697021 25.1164321899414 25.2937812805176 25.5085735321045 25.7110385894775 26.6477661132812 26.4970664978027 26.0784873962402
30.1137561798096 30.2216110229492 30.3676891326904 30.3509216308594 30.3217620849609 30.0036926269531 29.78151512146 29.5130252838135 30.2205905914307 30.7628974914551 30.915599822998 30.9705810546875 31.0637874603271 31.068811416626 30.7501201629639 30.3247413635254 30.3600616455078 30.4241619110107 30.4809017181396 30.3569240570068 30.2094898223877 29.7759380340576 28.5942668914795 28.9253673553467 27.9059600830078 27.9043426513672 28.0712127685547 28.4103088378906 27.3015365600586 28.0139713287354 27.6226596832275 27.7476215362549 29.0843734741211 28.6288585662842 27.6044826507568 25.2284202575684 24.2581100463867 24.264820098877 23.5520114898682 24.0171432495117 24.6988487243652 24.6949195861816 24.7827205657959 26.246467590332 25.7761383056641 25.209264755249
30.1823081970215 30.1093406677246 30.171630859375 29.9722709655762 30.1932678222656 30.1095314025879 29.8759174346924 29.6054649353027 29.820219039917 30.4812793731689 30.7567348480225 30.9709949493408 31.0262813568115 30.9980430603027 30.9423046112061 30.514196395874 30.1141986846924 29.9036254882812 30.2013034820557 30.3423595428467 30.1976051330566 30.0469818115234 29.704029083252 29.0888366699219 27.9494647979736 27.7258377075195 27.6849536895752 27.7832279205322 27.8423175811768 27.2801094055176 26.6746120452881 27.5056858062744 28.7928333282471 28.0030193328857 28.2409744262695 27.6654167175293 27.2060375213623 27.0670394897461 26.0178546905518 24.8331336975098 25.6032295227051 25.2705821990967 25.6860504150391 25.8874435424805 25.5666637420654 25.0649394989014
