inst/extdata/Tmax/Tmax126.asc
NCOLS 100 
NROWS 79 
XLLCORNER 148.06 
YLLCORNER -21.49 
CELLSIZE 0.01 
NODATA_value -3.4e+38 
[rows 20 to 39 of 79, columns 0 to 45 of 100]
34.479473114013700 34.5036506652832 34.5003700256348 34.4614677429199 34.4737777709961 34.5818824768066 34.4942283630371 34.4180908203125 34.3477172851562 34.2497825622559 34.0667419433594 33.6785621643066 33.247859954834 32.6297340393066 31.3670272827148 30.9543724060059 30.8753223419189 31.81130027771 32.796272277832 33.1964340209961 33.2038955688477 33.2059326171875 33.5134696960449 33.5290565490723 33.377326965332 33.1015129089355 32.5194778442383 31.6596279144287 32.1498260498047 32.2016983032227 32.752311706543 32.7525291442871 32.8731346130371 32.8307037353516 32.7823181152344 32.546257019043 32.1727523803711 32.1645736694336 31.7252330780029 31.947639465332 31.7374134063721 31.0597190856934 31.2627258300781 31.2994689941406 31.3996276855469 31.4170360565186
34.5577430725098 34.6059150695801 34.61474609375 34.5745277404785 34.5744400024414 34.5679092407227 34.4267730712891 34.3457489013672 34.3174362182617 34.2485466003418 34.1207809448242 33.9410934448242 33.7191162109375 32.8222045898438 31.3854942321777 31.0743713378906 31.2923984527588 32.0761489868164 32.5485763549805 32.8953475952148 33.00634765625 32.9146575927734 33.4042816162109 33.5241775512695 33.3338775634766 33.3387908935547 33.2919578552246 32.5775032043457 32.4231300354004 32.8969612121582 32.9971542358398 32.8841133117676 32.5680084228516 32.0006294250488 32.0076141357422 31.9761581420898 32.3790435791016 31.7229461669922 31.3481616973877 31.6237411499023 31.2596988677979 31.3183670043945 31.0617866516113 30.2220458984375 30.5089054107666 31.117862701416
34.6172218322754 34.6518173217773 34.6576232910156 34.6383171081543 34.6164283752441 34.5770530700684 34.3956260681152 34.2695083618164 34.2118988037109 34.1755599975586 34.0569229125977 33.9793243408203 33.8058013916016 33.2224655151367 32.1540565490723 31.3506698608398 30.7217788696289 31.1983585357666 31.7391757965088 32.5004119873047 32.5997657775879 32.7052040100098 33.3044624328613 33.0949554443359 32.6983108520508 33.0328559875488 33.0818901062012 33.1531372070312 32.8790016174316 32.9052467346191 32.6481704711914 32.4609718322754 31.9246139526367 31.608039855957 31.3844375610352 31.57444190979 31.4987773895264 30.9739017486572 30.937858581543 30.85373878479 30.5605792999268 29.850414276123 30.5694580078125 30.2946376800537 29.3804836273193 30.6764678955078
34.6283645629883 34.6468772888184 34.6624374389648 34.6495475769043 34.6053581237793 34.5908355712891 34.5095977783203 34.2162094116211 34.1068382263184 34.121265411377 33.9392738342285 33.7466506958008 33.8408279418945 33.4773216247559 32.7237663269043 31.9692802429199 31.1652984619141 30.884162902832 31.4578018188477 31.7514686584473 32.2608451843262 33.1962051391602 32.9534797668457 32.3720626831055 32.5033645629883 32.6324501037598 32.3259544372559 33.2102928161621 33.2230224609375 33.0827217102051 32.8595390319824 31.8326511383057 31.5177421569824 31.695728302002 31.9965381622314 31.5623054504395 30.7032470703125 30.1924057006836 30.8534164428711 30.3754463195801 29.6979236602783 28.3587341308594 29.131799697876 30.2200946807861 28.5442771911621 29.7669219970703
34.584846496582 34.6301345825195 34.6583366394043 34.6216468811035 34.5785217285156 34.5745620727539 34.5663795471191 34.3882942199707 34.210033416748 34.036994934082 33.9298095703125 33.8823738098145 33.7056274414062 33.378978729248 32.6516494750977 31.9853420257568 31.2593536376953 30.9076232910156 31.0970764160156 31.0922775268555 32.2311897277832 33.0087852478027 31.96240234375 31.4459762573242 32.2074699401855 32.1787948608398 32.3346710205078 33.0246505737305 33.2418823242188 32.8760719299316 32.8139915466309 32.5844917297363 32.5482292175293 32.5913734436035 32.2792167663574 31.9858131408691 31.600923538208 30.5649852752686 30.3501892089844 30.1035022735596 28.4957256317139 27.9386119842529 28.3567123413086 30.0573120117188 28.2227573394775 28.5593528747559
34.550163269043 34.5580253601074 34.5668029785156 34.5368728637695 34.5418281555176 34.5441093444824 34.5609130859375 34.5115547180176 34.3576469421387 34.1140518188477 33.9187469482422 33.7757530212402 33.6228256225586 33.1859245300293 32.7555694580078 32.2216873168945 31.6211967468262 31.2972602844238 31.7235679626465 32.3838195800781 32.3644905090332 32.2646865844727 31.7993202209473 30.5885200500488 31.0692825317383 31.793285369873 31.9184455871582 33.0680618286133 33.2312774658203 32.8846778869629 32.060962677002 32.6160163879395 32.4820365905762 32.3551330566406 32.0942649841309 31.7910079956055 31.6663780212402 30.2939929962158 29.0952739715576 29.4688930511475 28.1167106628418 28.8867568969727 29.2173824310303 30.0627460479736 29.115291595459 28.10471534729
34.4514236450195 34.4660835266113 34.4711990356445 34.4764060974121 34.4664535522461 34.4619026184082 34.5409469604492 34.5372543334961 34.3981246948242 33.9833679199219 33.8731536865234 33.6032829284668 33.5924606323242 33.2266960144043 32.5100479125977 31.4875030517578 31.1123275756836 31.2994804382324 31.7470703125 31.6545562744141 31.8291969299316 32.6673278808594 32.5238761901855 31.0883865356445 30.6984214782715 31.5756759643555 32.3115463256836 33.1330184936523 33.2001037597656 32.9867057800293 32.1992301940918 31.8313961029053 32.5455665588379 32.0400886535645 31.6235256195068 30.8488006591797 30.5755271911621 30.6733551025391 29.6817321777344 28.4574680328369 28.0714111328125 28.3582592010498 28.2671508789062 29.241304397583 28.3556880950928 27.7390880584717
34.3100929260254 34.3188171386719 34.3488349914551 34.3920936584473 34.4089202880859 34.4607162475586 34.5434379577637 34.5333251953125 34.4566841125488 34.2615013122559 34.0182228088379 33.7492485046387 33.6246223449707 33.4230651855469 32.5419273376465 31.4511470794678 31.1282958984375 31.0847129821777 31.2051620483398 31.1802635192871 32.2580108642578 32.8551788330078 32.3389587402344 31.519702911377 30.9763679504395 31.1924743652344 31.2914695739746 32.7660293579102 33.0862846374512 32.966178894043 32.2136459350586 32.1225700378418 32.3859825134277 31.6887378692627 31.0365028381348 30.4986877441406 29.6371936798096 30.3007793426514 30.1416397094727 28.4251384735107 28.0023212432861 28.1701240539551 28.0903568267822 28.6472511291504 28.0831241607666 27.7924385070801
33.828498840332 33.7734718322754 34.0368995666504 34.3363456726074 34.4605865478516 34.5348281860352 34.5606460571289 34.5417022705078 34.4086151123047 34.294750213623 34.1255302429199 33.5905914306641 33.6761360168457 33.5202293395996 33.0166320800781 31.8593711853027 31.154670715332 30.6702251434326 30.9679756164551 31.8079204559326 32.2861671447754 32.6199073791504 31.7924957275391 31.0996608734131 30.9202194213867 31.0553455352783 31.4500904083252 32.3002624511719 33.0038566589355 33.0528602600098 32.5619201660156 32.3046798706055 31.8941764831543 30.9281368255615 29.8294010162354 29.4281539916992 29.1161346435547 29.3053417205811 29.446964263916 29.0649967193604 28.5618000030518 28.6699256896973 28.4119834899902 28.1991291046143 28.2047271728516 28.1364612579346
32.9674530029297 33.802303314209 34.1262054443359 33.8615455627441 34.4042701721191 34.545524597168 34.5619125366211 34.5420875549316 34.3331413269043 34.1797752380371 34.163948059082 33.8928108215332 33.6496925354004 33.5108184814453 33.2533760070801 32.757137298584 32.2150459289551 30.9092464447021 31.2130260467529 31.2852020263672 31.4275016784668 32.318229675293 31.908411026001 31.1338233947754 30.9332008361816 30.7290134429932 30.6863346099854 32.2539024353027 33.0356330871582 33.0987968444824 32.3263816833496 31.405590057373 31.1075439453125 30.770450592041 30.5135936737061 29.5561485290527 29.4870510101318 29.0925731658936 28.6931571960449 28.9312419891357 30.6194972991943 30.6795330047607 29.6255493164062 28.2632522583008 29.2489948272705 29.3445854187012
33.2607002258301 34.1108360290527 34.1364479064941 33.6045684814453 34.3624382019043 34.5367469787598 34.5776863098145 34.552906036377 34.4879188537598 34.2554397583008 34.1422309875488 34.0661010742188 33.8824691772461 33.6695022583008 33.372486114502 32.803050994873 32.0040512084961 31.5788974761963 31.1371212005615 31.3770160675049 31.4461212158203 31.8598003387451 31.2738952636719 31.105339050293 30.8107452392578 30.2034492492676 30.4597434997559 32.1468353271484 32.9299392700195 32.9641647338867 32.9408493041992 32.770565032959 31.7189502716064 30.8214435577393 30.7510471343994 30.2895240783691 30.4106979370117 30.2240810394287 29.8199253082275 30.2727832794189 31.6472187042236 31.6850605010986 31.2883129119873 30.7518520355225 30.6335926055908 30.0763721466064
34.0079803466797 34.2597541809082 34.3211326599121 34.3126373291016 34.3894844055176 34.5279006958008 34.5501976013184 34.5381050109863 34.484920501709 34.4057006835938 34.2173652648926 34.1479797363281 34.0428466796875 33.8321113586426 33.5603981018066 33.0751342773438 32.253776550293 31.8520221710205 31.1793384552002 31.0693359375 31.1309242248535 31.5440845489502 31.1822757720947 30.9310207366943 30.865608215332 30.8874912261963 31.6328811645508 32.6376190185547 32.9824028015137 32.4979209899902 32.410327911377 32.4093704223633 32.5966911315918 32.1208267211914 31.8574199676514 31.1354961395264 32.0886917114258 31.9403667449951 31.9045238494873 31.9095630645752 31.6879005432129 30.8358383178711 29.9497165679932 29.6374092102051 29.5036449432373 28.800838470459
33.734245300293 34.4284362792969 34.4849967956543 34.4918327331543 34.4796485900879 34.47998046875 34.4459266662598 34.4833106994629 34.4680709838867 34.4420051574707 34.386116027832 34.2514457702637 34.062744140625 33.8958473205566 33.6983451843262 33.4450569152832 32.9607620239258 32.3235549926758 31.607982635498 30.9316711425781 30.952657699585 31.3742771148682 31.251392364502 30.9795303344727 30.8383636474609 30.9820880889893 32.3107414245605 32.9742012023926 33.0305595397949 32.8573989868164 32.3871002197266 31.8127689361572 32.4562149047852 32.5491790771484 32.5768013000488 32.0793151855469 32.4488792419434 32.1660957336426 32.0343322753906 31.8722476959229 30.7559833526611 29.419017791748 28.2156524658203 28.5371799468994 28.4502544403076 27.5049057006836
33.6052703857422 34.2111358642578 34.0297966003418 33.9031448364258 34.0288200378418 34.3967323303223 34.3909683227539 34.4053993225098 34.4113235473633 34.3895568847656 34.3481101989746 34.312801361084 34.1929473876953 34.0324897766113 33.8711090087891 33.6406631469727 33.1986923217773 32.786060333252 32.5221061706543 31.91943359375 31.0191631317139 31.2340431213379 31.0162754058838 31.0785274505615 30.957275390625 30.9253063201904 31.9025630950928 32.9386978149414 33.0065574645996 32.6997833251953 32.5640869140625 31.5611343383789 31.8255348205566 32.052791595459 32.3222694396973 32.4280967712402 32.284725189209 32.118034362793 31.7508239746094 31.7926788330078 31.4847221374512 30.315128326416 29.5582122802734 30.0642585754395 29.646110534668 28.5654754638672
33.937816619873 34.1974830627441 33.7949676513672 33.1338005065918 33.2320899963379 34.1575698852539 34.3580513000488 34.3160514831543 34.3239593505859 34.3312530517578 34.2442665100098 34.2799301147461 34.2227058410645 34.104907989502 33.9484710693359 33.7523918151855 33.4312133789062 32.7717399597168 32.3778305053711 31.9355182647705 31.2888126373291 31.1987590789795 31.018985748291 30.8117427825928 30.774284362793 31.1280059814453 32.1763305664062 32.9047546386719 32.4268112182617 32.2123794555664 32.3056755065918 31.9630928039551 31.6561546325684 31.339111328125 31.0805740356445 31.5315093994141 31.343578338623 31.641508102417 31.5581245422363 31.3622169494629 31.1093826293945 31.3906173706055 31.156379699707 30.8527526855469 30.2872619628906 29.8338432312012
34.0694770812988 34.1501770019531 33.956859588623 33.6428070068359 33.3374710083008 33.8755683898926 34.1691551208496 34.1849555969238 34.2241363525391 34.2759170532227 34.2568702697754 34.2910041809082 34.2220840454102 34.1551399230957 33.9943237304688 33.7708511352539 33.5194396972656 33.301643371582 32.9003715515137 32.2679061889648 31.8976821899414 31.6439800262451 31.154167175293 30.5379600524902 30.6841049194336 30.9134254455566 32.2557067871094 32.7482299804688 30.9718322753906 30.5816287994385 31.1803894042969 31.3780670166016 31.3286018371582 31.1177062988281 30.653450012207 30.4049797058105 30.8948726654053 30.7360057830811 30.6979370117188 30.6434535980225 30.3876647949219 30.0886268615723 30.3204116821289 30.754638671875 30.1609382629395 29.0961494445801
33.9345817565918 33.9498672485352 33.9731140136719 33.6943435668945 33.4114112854004 33.5904197692871 33.7983169555664 33.986988067627 34.0902290344238 34.2059745788574 34.1795272827148 34.1663665771484 34.2451438903809 34.1682968139648 34.0403289794922 33.7611885070801 33.7238349914551 33.567756652832 33.3120193481445 32.9239616394043 32.7699928283691 32.0030212402344 31.4286403656006 30.9744262695312 30.9648475646973 31.3234081268311 32.2838592529297 32.1861763000488 31.8998775482178 31.792854309082 31.0573692321777 30.9865455627441 30.7994117736816 30.6561050415039 29.9641456604004 29.5704765319824 29.7636699676514 29.7045669555664 29.9200878143311 29.7220077514648 29.7028388977051 28.8153953552246 29.486141204834 30.2844009399414 30.0528984069824 28.6654281616211
33.3881072998047 33.6991806030273 33.9048309326172 33.7937774658203 33.5885772705078 33.4528007507324 33.4298553466797 33.7937355041504 33.8996276855469 34.0676612854004 34.1435470581055 34.132022857666 34.1847457885742 34.1933975219727 34.0056838989258 33.8935203552246 33.8028602600098 33.6833763122559 33.5148124694824 33.3041572570801 33.0903778076172 32.3790855407715 31.2809753417969 31.3592643737793 30.6937103271484 31.2412357330322 32.1400718688965 31.6040668487549 31.7769680023193 32.2134475708008 32.0941772460938 31.9323348999023 31.2876663208008 30.873722076416 29.3723678588867 28.1521606445312 28.1857013702393 28.0727844238281 28.0291137695312 28.4711380004883 28.6210193634033 28.7936248779297 28.9722671508789 29.7946548461914 29.6510925292969 29.2703018188477
33.521110534668 33.5989151000977 33.7306365966797 33.7001953125 33.6579551696777 33.3430023193359 33.1165504455566 32.8493499755859 33.5004234313965 33.9960174560547 34.124397277832 34.158016204834 34.2300491333008 34.2187843322754 33.9026527404785 33.4875869750977 33.4946212768555 33.5464515686035 33.5835762023926 33.4515914916992 33.2979507446289 32.8758964538574 31.7895050048828 32.0757751464844 31.1488990783691 31.1368980407715 31.265754699707 31.5659713745117 30.5616073608398 31.1892776489258 30.8285522460938 30.9267272949219 32.1068725585938 31.6897964477539 30.7668876647949 28.6310653686523 27.7460670471191 27.7441215515137 27.0931415557861 27.504997253418 28.109842300415 28.0876731872559 28.1652679443359 29.4616966247559 29.0341682434082 28.5203018188477
33.5980949401855 33.504695892334 33.5573081970215 33.3545379638672 33.5490112304688 33.4554100036621 33.2181282043457 32.9490203857422 33.1365776062012 33.7437324523926 33.9878768920898 34.1718635559082 34.2082633972168 34.1657829284668 34.0973625183105 33.6790618896484 33.2785034179688 33.0739517211914 33.3363380432129 33.4523582458496 33.3013191223145 33.1425476074219 32.8079109191895 32.2317390441895 31.1969833374023 30.985466003418 30.9281902313232 31.0134468078613 31.0559234619141 30.5415573120117 29.9882411956787 30.7203063964844 31.8579349517822 31.1430702209473 31.3440093994141 30.8208427429199 30.3983821868896 30.2643699645996 29.3186454772949 28.248405456543 28.9297542572021 28.6131706237793 28.9827690124512 29.1530799865723 28.8582344055176 28.401969909668
