inst/extdata/Tmax/Tmax94.asc
NCOLS 100 
NROWS 79 
XLLCORNER 148.06 
YLLCORNER -21.49 
CELLSIZE 0.01 
NODATA_value -3.4e+38 
[rows 20 to 39 of 79, columns 0 to 45 of 100]
41.356769561767599 41.402889251709 41.3912467956543 41.3600730895996 41.3829498291016 41.5064697265625 41.4175262451172 41.3477516174316 41.2841415405273 41.1915664672852 41.0090370178223 40.5829315185547 40.1117134094238 39.4268226623535 38.0029487609863 37.5404281616211 37.4712219238281 38.5329208374023 39.6584091186523 40.1177024841309 40.1366271972656 40.1433334350586 40.4962043762207 40.5239219665527 40.3661270141602 40.0696105957031 39.4387474060059 38.4553298950195 39.0253372192383 39.0958442687988 39.7290458679199 39.7347259521484 39.8815994262695 39.8460121154785 39.8038673400879 39.5512237548828 39.1357460021973 39.1390838623047 38.651683807373 38.9182815551758 38.6915588378906 37.9372138977051 38.1669845581055 38.2226943969727 38.3514862060547 38.3850746154785
41.4481658935547 41.5194778442383 41.5205612182617 41.4880218505859 41.4978218078613 41.5009613037109 41.3557090759277 41.2807006835938 41.2613716125488 41.1993675231934 41.0752105712891 40.8881912231445 40.6508979797363 39.6564598083496 38.0352935791016 37.6887397766113 37.959888458252 38.8459129333496 39.3915786743164 39.7929801940918 39.9280548095703 39.829288482666 40.3873596191406 40.5310707092285 40.3301239013672 40.3463554382324 40.3165702819824 39.509162902832 39.3461952209473 39.8912353515625 40.0148620605469 39.8937225341797 39.5504989624023 38.9197616577148 38.9399490356445 38.9165153503418 39.3799247741699 38.6463928222656 38.2287635803223 38.5583610534668 38.1524963378906 38.2451629638672 37.9439735412598 36.9789047241211 37.327205657959 38.0487403869629
41.5342903137207 41.5912895202637 41.5891876220703 41.5786819458008 41.5656051635742 41.5342674255371 41.3464889526367 41.2237663269043 41.1734657287598 41.1458206176758 41.0311012268066 40.9529266357422 40.7755279541016 40.1337280273438 38.9373550415039 38.0307846069336 37.3305168151855 37.8695907592773 38.4983901977539 39.3740310668945 39.4967002868652 39.6199378967285 40.3030281066895 40.0793113708496 39.6442909240723 40.0312995910645 40.1087455749512 40.1814765930176 39.8858299255371 39.9266166687012 39.6492004394531 39.4433860778809 38.8459129333496 38.4956588745117 38.2507781982422 38.481517791748 38.4009552001953 37.8075218200684 37.7782096862793 37.6931610107422 37.3646507263184 36.5584983825684 37.3945465087891 37.086067199707 36.0241317749023 37.5582237243652
41.5377235412598 41.5778160095215 41.5860557556152 41.5823669433594 41.5458946228027 41.540699005127 41.4584121704102 41.1588973999023 41.0535850524902 41.0798721313477 40.8973999023438 40.6961097717285 40.8082847595215 40.4140739440918 39.5766944885254 38.7302322387695 37.83203125 37.5004844665527 38.1688346862793 38.5148696899414 39.1056938171387 40.1655807495117 39.9035720825195 39.2573585510254 39.4169998168945 39.5739936828613 39.2495193481445 40.2389106750488 40.2641525268555 40.1186485290527 39.8799209594727 38.7204780578613 38.3710517883301 38.5874176025391 38.9438095092773 38.4584922790527 37.4709892272949 36.8874664306641 37.6699256896973 37.1252861022949 36.3435211181641 34.8397750854492 35.6947250366211 36.9869575500488 35.0405349731445 36.4789733886719
41.4997100830078 41.5682487487793 41.5899200439453 41.5612335205078 41.5258750915527 41.5318756103516 41.5264587402344 41.3492240905762 41.171257019043 40.9983177185059 40.895263671875 40.8490676879883 40.6715927124023 40.3167152404785 39.5071029663086 38.7595901489258 37.9500999450684 37.5372314453125 37.764762878418 37.7689247131348 39.0828170776367 39.9667739868164 38.7909774780273 38.2099571228027 39.0917129516602 39.0699272155762 39.2699851989746 40.042407989502 40.296558380127 39.8979721069336 39.8395309448242 39.5859870910645 39.5567245483398 39.6173782348633 39.2757377624512 38.9535293579102 38.5183906555176 37.3301391601562 37.0913734436035 36.814582824707 34.9750862121582 34.3879203796387 34.8280372619629 36.8027229309082 34.6928749084473 35.0651893615723
41.4706954956055 41.4998245239258 41.5011940002441 41.4796752929688 41.4950866699219 41.5078048706055 41.5287818908691 41.4872894287109 41.3354797363281 41.0881156921387 40.8911094665527 40.7426910400391 40.590217590332 40.1121711730957 39.6360816955566 39.0396499633789 38.3751449584961 37.9951248168945 38.493724822998 39.2569274902344 39.2450942993164 39.1356048583984 38.6146659851074 37.2301483154297 37.7961006164551 38.6395225524902 38.8055038452148 40.1020736694336 40.2958145141602 39.9183464050293 38.9956130981445 39.631950378418 39.4919815063477 39.3598594665527 39.0747528076172 38.7397346496582 38.6026840209961 37.0213088989258 35.6253509521484 36.076057434082 34.567699432373 35.4240608215332 35.8074760437012 36.8156929016113 35.7095069885254 34.5717620849609
41.3732414245605 41.4098358154297 41.407470703125 41.4232444763184 41.4230003356934 41.4286041259766 41.515552520752 41.5221862792969 41.3860015869141 40.9562187194824 40.8497009277344 40.5644683837891 40.5643272399902 40.1696815490723 39.368953704834 38.2107925415039 37.8006706237793 38.0074081420898 38.5307159423828 38.4344673156738 38.6445579528809 39.603385925293 39.4510612487793 37.8169746398926 37.3761405944824 38.399284362793 39.2641143798828 40.1857261657715 40.2718124389648 40.0435905456543 39.1631088256836 38.7476425170898 39.573917388916 39.0102462768555 38.5439682006836 37.65869140625 37.3460006713867 37.4719352722168 36.3215751647949 34.9345092773438 34.5216751098633 34.8479995727539 34.7361488342285 35.8525657653809 34.8417778015137 34.1767082214355
41.2409820556641 41.2714996337891 41.295955657959 41.3523635864258 41.3806571960449 41.4460945129395 41.5371360778809 41.537052154541 41.4668426513672 41.2710838317871 41.0230903625488 40.7394638061523 40.6169166564941 40.4111061096191 39.4275207519531 38.1904335021973 37.8400650024414 37.7812385559082 37.9294319152832 37.9102745056152 39.15625 39.8382759094238 39.2627944946289 38.3350067138672 37.7183036804199 37.978458404541 38.115177154541 39.7948112487793 40.1666107177734 40.0426635742188 39.2009162902832 39.1022987365723 39.4143218994141 38.6278686523438 37.8850898742676 37.2699928283691 36.2656745910645 37.055534362793 36.8803291320801 34.9143753051758 34.4619026184082 34.6587905883789 34.558910369873 35.1680450439453 34.5592918395996 34.2481880187988
40.7170944213867 40.6793212890625 40.9561042785645 41.2871017456055 41.4297294616699 41.5189437866211 41.5498237609863 41.5404205322266 41.4102325439453 41.3002128601074 41.1311454772949 40.561767578125 40.6655540466309 40.5090980529785 39.9624366760254 38.6546516418457 37.8657760620117 37.297550201416 37.6509323120117 38.6275596618652 39.1845855712891 39.5684013366699 38.6336822509766 37.8454322814941 37.6478004455566 37.8144493103027 38.2929878234863 39.2617416381836 40.0704879760742 40.1366500854492 39.5930595397949 39.3055534362793 38.8471450805664 37.7412948608398 36.4678726196289 36.0069465637207 35.6441993713379 35.8774490356445 36.054931640625 35.6148452758789 35.056453704834 35.1894073486328 34.8959693908691 34.6692657470703 34.6794052124023 34.6093521118164
39.7842025756836 40.7166061401367 41.0583610534668 40.784309387207 41.3766479492188 41.5371475219727 41.5579872131348 41.5473976135254 41.3365783691406 41.1842308044434 41.1783256530762 40.8928680419922 40.6429328918457 40.504695892334 40.2374534606934 39.6885375976562 39.0924224853516 37.5826644897461 37.9427261352539 38.0354194641113 38.2090873718262 39.2348709106445 38.7759895324707 37.8934783935547 37.6711235046387 37.4441757202148 37.4165687561035 39.2181205749512 40.1161766052246 40.1981925964355 39.3341331481934 38.2806663513184 37.9462623596191 37.565055847168 37.2761726379395 36.1634674072266 36.0867652893066 35.6320419311523 35.1916770935059 35.4618644714355 37.4622077941895 37.5561218261719 36.3085556030273 34.7401657104492 35.884765625 36.0090065002441
40.1111145019531 41.0552215576172 41.0755004882812 40.5120429992676 41.338451385498 41.5341491699219 41.5809097290039 41.5651092529297 41.506893157959 41.2708587646484 41.1611785888672 41.0841674804688 40.8989601135254 40.681583404541 40.3722114562988 39.7509574890137 38.8607788085938 38.3640365600586 37.8638496398926 38.1501655578613 38.2394065856934 38.7193260192871 38.0540199279785 37.8688545227051 37.5370788574219 36.8399200439453 37.1604309082031 39.1045951843262 40.0066108703613 40.0561752319336 40.040901184082 39.8533477783203 38.6620903015137 37.6316833496094 37.5605316162109 37.0312347412109 37.1784934997559 36.9704513549805 36.5055732727051 37.0494995117188 38.6657295227051 38.7330627441406 38.2668991088867 37.6518859863281 37.5247802734375 36.8797721862793
40.9286956787109 41.2209396362305 41.279354095459 41.2805976867676 41.3730392456055 41.5306930541992 41.5577812194824 41.5554466247559 41.5096778869629 41.4364051818848 41.2470207214355 41.1772918701172 41.0763092041016 40.8619842529297 40.5809555053711 40.0654983520508 39.156135559082 38.6871681213379 37.9212036132812 37.803165435791 37.8837661743164 38.3647384643555 37.9563522338867 37.6748123168945 37.6086006164551 37.6438674926758 38.5293235778809 39.6737365722656 40.0752410888672 39.5363922119141 39.4475250244141 39.4515228271484 39.6762237548828 39.1438865661621 38.8523139953613 38.0269355773926 39.1352577209473 38.9759979248047 38.9460830688477 38.963306427002 38.7190170288086 37.7503929138184 36.7011604309082 36.3427772521973 36.1951599121094 35.3716354370117
40.6490859985352 41.4183502197266 41.4711570739746 41.4886703491211 41.4860420227051 41.496768951416 41.4642333984375 41.5145301818848 41.5089912414551 41.4920616149902 41.443603515625 41.3046455383301 41.114559173584 40.9472503662109 40.7465209960938 40.4846076965332 39.9800186157227 39.2484550476074 38.4362030029297 37.6635055541992 37.6969947814941 38.1887969970703 38.0562171936035 37.7506561279297 37.5962944030762 37.773136138916 39.3286361694336 40.0763740539551 40.1506843566895 39.9655876159668 39.441276550293 38.7867546081543 39.5363693237305 39.6535606384277 39.6962127685547 39.1381187438965 39.5662956237793 39.2540054321289 39.1139373779297 38.9386177062988 37.6508407592773 36.0972595214844 34.7005424499512 35.0540580749512 34.9616546630859 33.9426918029785
40.5004959106445 41.1777877807617 40.9752502441406 40.8491096496582 40.9954528808594 41.4005889892578 41.3982391357422 41.424259185791 41.4413108825684 41.4289703369141 41.3957824707031 41.3624305725098 41.2459335327148 41.0858726501465 40.9243965148926 40.6879806518555 40.2313957214355 39.7714996337891 39.4800491333008 38.798828125 37.7679748535156 38.0205421447754 37.7773933410645 37.8591728210449 37.7279205322266 37.7004280090332 38.8542900085449 40.0314102172852 40.118766784668 39.7814903259277 39.6377639770508 38.4890670776367 38.8058090209961 39.0786285400391 39.3987731933594 39.5306358337402 39.3715553283691 39.1913528442383 38.7790985107422 38.8387069702148 38.4930419921875 37.1462135314941 36.244514465332 36.8541221618652 36.3697891235352 35.0962295532227
40.8661956787109 41.1679153442383 40.7258567810059 40.014892578125 40.1337699890137 41.149471282959 41.3681755065918 41.3340110778809 41.3532981872559 41.3719482421875 41.2901725769043 41.3325157165527 41.2827033996582 41.1682739257812 41.012264251709 40.813175201416 40.4887924194336 39.761905670166 39.3241653442383 38.8258514404297 38.0883750915527 37.987419128418 37.7880630493164 37.5563697814941 37.5221328735352 37.9434051513672 39.1772308349609 40.0016250610352 39.4675674438477 39.2323417663574 39.350040435791 38.9608268737793 38.6165313720703 38.2589340209961 37.968132019043 38.503791809082 38.290225982666 38.6472778320312 38.5615310668945 38.3447341918945 38.0607414245605 38.4121170043945 38.1323394775391 37.7878684997559 37.1328010559082 36.6068840026855
41.0130157470703 41.1215591430664 40.9055938720703 40.5755348205566 40.2532081604004 40.8499069213867 41.1706123352051 41.1984100341797 41.2513236999512 41.3177108764648 41.308406829834 41.3491630554199 41.2868423461914 41.226676940918 41.0660400390625 40.8374938964844 40.5887184143066 40.3464889526367 39.9197158813477 39.2162132263184 38.7998847961426 38.5106048583984 37.952465057373 37.2441558837891 37.4238891601562 37.7007026672363 39.2763214111328 39.8320999145508 37.7922210693359 37.3461151123047 38.0553092956543 38.2896728515625 38.2423248291016 38.0068054199219 37.4738922119141 37.1922950744629 37.7716979980469 37.5959663391113 37.5618133544922 37.5083961486816 37.2179145812988 36.8875885009766 37.1542625427246 37.6769332885742 36.9873046875 35.7336692810059
40.8712615966797 40.9093704223633 40.9273948669434 40.6356163024902 40.3379058837891 40.5443572998047 40.7747535705566 40.989803314209 41.1120452880859 41.2473487854004 41.2301406860352 41.2205009460449 41.3159828186035 41.2452545166016 41.1197319030762 40.8312149047852 40.813907623291 40.639476776123 40.3739204406738 39.9617118835449 39.8049659729004 38.9327239990234 38.2782974243164 37.7598304748535 37.7579650878906 38.1846809387207 39.3163909912109 39.1965026855469 38.8765563964844 38.7627410888672 37.9177894592285 37.839183807373 37.6302185058594 37.4722213745117 36.6683921813965 36.2134094238281 36.4454879760742 36.3853378295898 36.6498336791992 36.425537109375 36.412769317627 35.3819427490234 36.1702575683594 37.126335144043 36.8629760742188 35.2237091064453
40.29052734375 40.6522407531738 40.8687362670898 40.7589378356934 40.5464324951172 40.4092063903809 40.388858795166 40.7962188720703 40.9220123291016 41.1144371032715 41.2071990966797 41.1994514465332 41.2672500610352 41.2878799438477 41.0982475280762 40.9893608093262 40.9146194458008 40.7800331115723 40.6097030639648 40.3930053710938 40.1719627380371 39.3847274780273 38.1258697509766 38.2260627746582 37.4599990844727 38.1077194213867 39.1701774597168 38.5426826477051 38.7526931762695 39.2663230895996 39.1388969421387 38.9563369750977 38.2180480957031 37.7443580627441 35.9863166809082 34.6309204101562 34.66259765625 34.5439033508301 34.4993934631348 34.9769287109375 35.1449089050293 35.3712310791016 35.5752296447754 36.5618858337402 36.4016036987305 35.9587707519531
40.4264183044434 40.533275604248 40.6700057983398 40.6476097106934 40.6124458312988 40.2791862487793 40.0352516174316 39.7519035339355 40.4787330627441 41.0280647277832 41.1775665283203 41.2183074951172 41.3068046569824 41.3061218261719 40.978141784668 40.5402679443359 40.5711784362793 40.6220626831055 40.6746063232422 40.5436706542969 40.3888282775879 39.9323768615723 38.7085075378418 39.048526763916 37.983325958252 37.9785308837891 38.1497421264648 38.4905624389648 37.327751159668 38.0711326599121 37.6590461730957 37.7778434753418 39.1597900390625 38.6872634887695 37.619701385498 35.1327362060547 34.1804428100586 34.1802711486816 33.487003326416 33.9282341003418 34.5784645080566 34.5678825378418 34.6360015869141 36.1550559997559 35.6560440063477 35.0531311035156
40.5138702392578 40.4334831237793 40.4841537475586 40.2728881835938 40.4967880249023 40.405445098877 40.1499404907227 39.8647918701172 40.0829544067383 40.7583465576172 41.0340919494629 41.2368431091309 41.2872047424316 41.2530784606934 41.1911926269531 40.7515716552734 40.3383712768555 40.1087265014648 40.4086227416992 40.547534942627 40.3954238891602 40.2280197143555 39.8728446960449 39.2355003356934 38.0455665588379 37.8077774047852 37.7617683410645 37.8527984619141 37.9116058349609 37.3185501098633 36.677059173584 37.541072845459 38.8776664733887 38.0553665161133 38.2999610900879 37.6974563598633 37.204704284668 37.0563468933105 35.946647644043 34.7257347106934 35.5030860900879 35.1477851867676 35.5787811279297 35.7906951904297 35.4488792419434 34.9140815734863
