inst/extdata/Tmax/Tmax159.asc
NCOLS 100 
NROWS 79 
XLLCORNER 148.06 
YLLCORNER -21.49 
CELLSIZE 0.01 
NODATA_value -3.4e+38 
[rows 40 to 59 of 79, columns 46 to 91 of 100]
33.5795402526855 34.4585456848145 34.8402099609375 35.6378021240234 37.3237419128418 38.4218559265137 37.9178199768066 35.8186798095703 35.4751358032227 36.1967239379883 36.7750358581543 38.7587051391602 38.3469200134277 38.6131477355957 37.691535949707 38.8442611694336 39.0790481567383 38.7744216918945 38.9099502563477 39.0455169677734 39.0638084411621 38.041145324707 38.5055923461914 38.8894844055176 39.0128402709961 39.0837364196777 38.9944534301758 38.5894355773926 38.8197822570801 39.0602035522461 39.0196075439453 38.8724250793457 38.5324592590332 37.1450576782227 37.4769630432129 38.2499961853027 38.1683616638184 38.0840530395508 38.3737449645996 37.7758865356445 36.9551620483398 37.5148010253906 37.8912658691406 37.6815948486328 37.9988708496094 38.0479431152344
34.7837905883789 35.8407135009766 35.7618141174316 35.7189407348633 37.3606147766113 38.7427177429199 37.4921989440918 37.0678253173828 37.7512741088867 37.8639831542969 38.2765197753906 39.0865669250488 38.9762229919434 39.0147438049316 38.8684501647949 39.2251358032227 39.2903671264648 39.2359466552734 39.2076644897461 39.2516937255859 39.2331695556641 38.6768112182617 37.9154663085938 38.3371086120605 38.2704582214355 38.8247718811035 39.1864585876465 38.6819877624512 38.688835144043 39.1408729553223 39.1771392822266 39.1070594787598 38.9412879943848 38.2856025695801 38.5742149353027 38.6217460632324 38.405101776123 38.417064666748 38.5500946044922 38.7059745788574 37.6366653442383 37.91015625 38.6097946166992 38.4104690551758 38.5755767822266 38.5070915222168
37.062557220459 37.2758903503418 37.4932289123535 38.0444297790527 38.4321784973145 38.9743919372559 38.5170516967773 37.9356269836426 38.5330238342285 39.0049095153809 38.9125938415527 39.2869148254395 39.3446197509766 39.2747840881348 39.2630958557129 39.3621292114258 39.394157409668 39.3871688842773 39.3709259033203 39.3780899047852 39.2803115844727 38.2692489624023 38.0672988891602 38.642707824707 38.0864181518555 38.5907554626465 39.0989074707031 39.0087471008301 38.9638252258301 39.2597846984863 39.2815589904785 39.2923965454102 39.2650718688965 39.15625 39.0635108947754 38.7013397216797 37.7020835876465 38.3837547302246 38.9890480041504 38.9977378845215 38.8536987304688 38.8042526245117 38.9477920532227 38.9993362426758 39.0563430786133 38.9914321899414
38.4458961486816 38.4842224121094 38.6471061706543 38.8268013000488 39.1082229614258 39.1950187683105 39.1184005737305 38.8734359741211 39.084903717041 39.3483085632324 39.3500289916992 39.424430847168 39.4187545776367 39.3955688476562 39.4361610412598 39.4082412719727 39.3543395996094 39.3459625244141 39.3997611999512 39.4504280090332 39.4017601013184 39.1591339111328 38.8983879089355 39.1088981628418 38.9785537719727 38.4897918701172 38.8260688781738 39.1410293579102 39.3260231018066 39.3656806945801 39.3576965332031 39.3651313781738 39.3480110168457 39.3172416687012 39.3245735168457 39.1619987487793 38.649715423584 39.0070571899414 39.217414855957 39.2128524780273 39.1717796325684 39.1818542480469 39.1789169311523 39.208911895752 39.226978302002 39.1861114501953
38.242977142334 38.5612602233887 38.8724098205566 38.8974266052246 38.9763412475586 39.1119651794434 39.1871490478516 39.2820281982422 39.3306121826172 39.2842674255371 39.0518646240234 39.1915092468262 39.123851776123 38.8502578735352 39.0716972351074 39.2231178283691 39.1149215698242 39.2557907104492 39.3765144348145 39.446102142334 39.4602279663086 39.3351249694824 39.0058517456055 38.7381744384766 39.0040550231934 39.1952781677246 39.2639198303223 39.3260841369629 39.3492431640625 39.3992958068848 39.3755340576172 39.3788261413574 39.3454360961914 39.3147659301758 39.3582038879395 39.2908782958984 39.2807540893555 39.2878723144531 39.2379379272461 39.2507781982422 39.2198066711426 39.2174377441406 39.2326049804688 39.2298812866211 39.1392936706543 39.1626777648926
36.3008270263672 37.1146659851074 37.6077041625977 37.8675956726074 38.301342010498 38.6759490966797 38.6307258605957 38.8732833862305 38.8875198364258 38.7208824157715 37.856517791748 37.8905143737793 37.99609375 36.3336372375488 37.4284286499023 38.2977561950684 38.9305229187012 39.3185653686523 39.4332542419434 39.474250793457 39.479808807373 39.3018264770508 38.8351211547852 38.4420967102051 38.759651184082 39.0527191162109 39.2113952636719 39.2116546630859 39.2976112365723 39.3896636962891 39.3865814208984 39.3969917297363 39.3876838684082 39.3899002075195 39.3661117553711 39.2556762695312 39.255989074707 39.2595672607422 39.239673614502 39.2426223754883 39.2052955627441 39.2074127197266 39.2079200744629 39.1639366149902 39.1682395935059 39.1874351501465
34.0914154052734 35.2673606872559 35.1754875183105 35.1437606811523 36.3673820495605 36.9650726318359 37.1175842285156 37.4311981201172 37.9636764526367 37.2779426574707 36.5171966552734 35.8818511962891 36.6484489440918 36.5201454162598 37.040470123291 38.349536895752 39.1354789733887 39.3622436523438 39.4137687683105 39.405689239502 39.4552841186523 39.4877662658691 39.0370635986328 38.6642379760742 38.5549430847168 38.8586311340332 39.106086730957 39.2460479736328 39.3719253540039 39.4051933288574 39.4196815490723 39.4411239624023 39.4429092407227 39.4209136962891 39.3442230224609 39.273380279541 39.2795333862305 39.2864036560059 39.2820434570312 39.2774772644043 39.2391052246094 39.2457847595215 39.2535972595215 39.2291145324707 39.2324028015137 39.1056900024414
34.2085952758789 34.1420707702637 33.9584922790527 34.029052734375 33.9714546203613 34.6766204833984 35.8366470336914 36.5214424133301 36.7430725097656 36.6158103942871 37.2182121276855 37.0438842773438 36.8781204223633 37.5528411865234 37.9018592834473 38.8877792358398 39.189094543457 39.2342300415039 39.1784896850586 39.3280868530273 39.4574432373047 39.5295295715332 39.3854179382324 39.057487487793 38.6085662841797 38.9079093933105 39.1378974914551 39.3316535949707 39.4222259521484 39.4750823974609 39.4790000915527 39.4720878601074 39.4123306274414 39.3420867919922 39.2862548828125 39.2535095214844 39.2790489196777 39.307559967041 39.3088264465332 39.3050956726074 39.2819633483887 39.2958374023438 39.2997283935547 39.2875213623047 39.0813446044922 38.8387413024902
33.8537521362305 33.9490051269531 34.1617736816406 33.8913307189941 33.8019599914551 33.8780250549316 34.6931381225586 36.2318916320801 36.8575096130371 37.0744972229004 36.8857307434082 37.1133041381836 37.4608001708984 37.8062896728516 37.8880920410156 38.4889984130859 38.9303207397461 38.9442100524902 38.9510192871094 39.3013763427734 39.4172248840332 39.4526290893555 39.5601348876953 39.4821434020996 39.3686103820801 39.3293838500977 39.4390029907227 39.5259552001953 39.5459327697754 39.5605888366699 39.5228080749512 39.4625968933105 39.3824310302734 39.2514152526855 39.2188682556152 39.2772560119629 39.300609588623 39.3332366943359 39.3640403747559 39.3606605529785 39.3548851013184 39.3655815124512 39.3608551025391 39.3575897216797 39.200927734375 39.0480003356934
33.9281539916992 34.094123840332 34.1178855895996 33.8047332763672 34.2735290527344 35.0451011657715 35.145679473877 36.3323860168457 36.8909187316895 37.139232635498 36.9241676330566 37.4807205200195 37.8126335144043 37.8332824707031 37.9517822265625 37.8357429504395 37.9618911743164 38.2404899597168 38.6746368408203 39.0860481262207 39.1929206848145 39.2275810241699 39.5097160339355 39.5765991210938 39.608585357666 39.5813255310059 39.5657844543457 39.3916549682617 39.4731216430664 39.5603981018066 39.5105857849121 39.3991165161133 39.3640365600586 39.1627197265625 39.1036186218262 39.2982978820801 39.3130493164062 39.3079605102539 39.3868980407715 39.4078559875488 39.382640838623 39.4016418457031 39.3987846374512 39.3817443847656 39.3162231445312 39.2328948974609
33.9654808044434 33.8511657714844 34.0609970092773 33.7850799560547 34.4069976806641 35.4269409179688 35.7543830871582 36.3111610412598 37.132251739502 37.6586990356445 37.6784744262695 37.8324165344238 37.9313621520996 37.981990814209 37.9852447509766 37.9239616394043 38.0157089233398 37.7270355224609 37.346549987793 38.6548194885254 38.5248107910156 39.0347671508789 39.4202346801758 39.5019073486328 39.5723266601562 39.5514335632324 39.4845733642578 39.2550048828125 39.4325714111328 39.5590744018555 39.370532989502 39.2008972167969 39.2318077087402 39.2232971191406 39.2726211547852 39.3587532043457 39.3806533813477 39.3787002563477 39.390869140625 39.4427337646484 39.4358673095703 39.4310989379883 39.4188117980957 39.3967590332031 39.3665580749512 39.262638092041
33.5499496459961 33.5239143371582 33.8926811218262 33.2848472595215 33.4302673339844 35.3235740661621 36.0430374145508 36.7126235961914 37.116771697998 37.4562721252441 37.5260620117188 37.5491828918457 37.3403472900391 37.3583030700684 37.6804733276367 37.8298187255859 38.2282333374023 38.1618270874023 37.968505859375 38.0335006713867 37.8507804870605 38.7654113769531 39.2395362854004 39.4501037597656 39.4738845825195 39.487720489502 39.1121711730957 38.714485168457 39.4023895263672 39.5628662109375 39.2490196228027 38.9297103881836 39.2239990234375 39.2927055358887 39.3400039672852 39.3020782470703 39.3130264282227 39.331356048584 39.369800567627 39.3723258972168 39.3808288574219 39.4315376281738 39.4319877624512 39.4130363464355 39.3869132995605 39.3050498962402
33.1972579956055 33.0558624267578 33.5104293823242 33.3914909362793 33.4760131835938 34.423828125 35.4019165039062 36.0188293457031 36.5246162414551 36.9580192565918 36.8979187011719 36.8337097167969 36.9247665405273 37.267765045166 38.1296463012695 38.2488861083984 38.4758033752441 38.3829078674316 38.3067626953125 38.1321029663086 37.851863861084 38.6281509399414 39.149772644043 39.3817749023438 39.3287239074707 39.4290924072266 39.0136528015137 37.9791069030762 39.1234817504883 39.5389518737793 39.2304306030273 38.9822120666504 39.2209510803223 39.1694793701172 39.1078186035156 39.1364288330078 39.206485748291 39.150463104248 39.0779266357422 39.0752983093262 39.198657989502 39.3145980834961 39.4255561828613 39.4201431274414 39.3978538513184 39.3411903381348
34.2924880981445 33.2899169921875 33.3952484130859 33.7842636108398 34.1509704589844 35.1614875793457 35.2288932800293 35.9702568054199 36.8166236877441 37.2174644470215 37.6211891174316 37.7596397399902 37.9296417236328 38.2045669555664 38.4366149902344 38.4871597290039 38.4482574462891 38.550666809082 38.5290832519531 38.2794647216797 38.0465393066406 38.0992317199707 38.7199249267578 38.9964141845703 38.928653717041 39.4062690734863 39.3039131164551 38.5955200195312 39.2215042114258 39.5348968505859 39.2762184143066 39.0881500244141 39.0081939697266 38.6467514038086 38.876106262207 38.8047904968262 38.8302803039551 38.3729438781738 38.5046005249023 37.3571128845215 38.9007606506348 39.2026901245117 39.4166297912598 39.4399185180664 39.4240303039551 39.3685607910156
34.9766807556152 34.0013275146484 33.4852333068848 34.2677536010742 34.898681640625 35.5810737609863 35.6542739868164 36.1018981933594 36.9293327331543 37.4315032958984 37.4873275756836 37.5242500305176 38.0159339904785 38.230396270752 38.3737335205078 38.3567733764648 38.6120910644531 38.7812271118164 38.7640686035156 38.4961395263672 38.2980194091797 38.2269248962402 38.3961181640625 38.427074432373 38.41455078125 39.1904792785645 39.4079742431641 39.0930519104004 38.7724151611328 39.392391204834 38.8683052062988 37.9693374633789 38.6903343200684 38.8898162841797 39.2336883544922 39.2364616394043 39.2050971984863 39.1823883056641 38.945442199707 37.835563659668 38.7617454528809 39.1468467712402 39.3553810119629 39.4214897155762 39.4293060302734 39.3779716491699
35.0235824584961 34.1754455566406 33.6201782226562 34.8847198486328 35.8301086425781 36.2215843200684 37.0098876953125 37.2987251281738 37.5601615905762 37.7075958251953 37.490795135498 37.4605865478516 38.1235618591309 38.2452392578125 38.2757263183594 38.3608169555664 38.5105133056641 38.5158996582031 39.1343841552734 38.8734817504883 38.547420501709 38.3977890014648 38.388671875 38.2233009338379 38.2534141540527 38.9691772460938 39.3807640075684 39.2899208068848 39.1382026672363 39.5032539367676 38.7095947265625 37.4740219116211 38.0663375854492 38.8636093139648 38.9194221496582 38.4742050170898 38.5567932128906 39.178337097168 39.3265113830566 39.2959060668945 39.3316421508789 39.335262298584 39.364013671875 39.3763122558594 39.417179107666 39.390380859375
34.9007568359375 33.9454879760742 33.4790496826172 34.6735725402832 35.9182891845703 36.2365913391113 35.6874008178711 37.0643730163574 37.0214157104492 36.3974380493164 37.5082778930664 37.7720947265625 37.816535949707 37.9050598144531 37.9446449279785 38.193000793457 38.3627319335938 38.5129241943359 39.0937271118164 39.2472915649414 39.0118141174316 38.6760673522949 38.4987144470215 38.4267463684082 38.1704597473145 38.7085037231445 39.2490234375 39.2803840637207 39.5084228515625 39.5931396484375 38.9922676086426 36.9936370849609 37.7666015625 37.2124977111816 37.6318778991699 36.8134498596191 37.926944732666 39.1379470825195 39.2834320068359 39.3672103881836 39.3776702880859 39.2948112487793 39.1852340698242 39.3203048706055 39.3624153137207 39.355297088623
34.8806686401367 34.1409072875977 34.1984558105469 34.6990737915039 35.594482421875 35.9781265258789 36.3832626342773 36.6189498901367 35.3740463256836 35.2861709594727 36.835262298584 35.787166595459 36.1465835571289 36.6824340820312 37.5407333374023 38.0840225219727 38.280647277832 38.5509567260742 38.9659729003906 39.1309661865234 39.1857604980469 38.9251518249512 38.5675315856934 38.6640968322754 38.5375061035156 38.8046569824219 38.817066192627 38.6404037475586 39.2794609069824 39.5042419433594 39.2263336181641 38.4282112121582 36.772102355957 34.4710273742676 34.6987266540527 36.6794624328613 38.372428894043 39.0900421142578 39.2299919128418 39.1770286560059 39.1707878112793 38.9235420227051 38.796459197998 39.2312927246094 38.9505767822266 39.0089340209961
34.8680992126465 34.5100936889648 34.3065071105957 34.6062850952148 35.1983184814453 35.9479103088379 36.1017837524414 35.7003021240234 35.2440185546875 36.0492477416992 36.5315895080566 35.5428924560547 35.8473472595215 36.299674987793 37.4270286560059 37.8996734619141 38.2636985778809 38.7886238098145 39.2791290283203 39.0950546264648 38.9358177185059 39.2907066345215 39.0121917724609 38.8142852783203 38.6450576782227 38.6380310058594 38.7462730407715 38.6476783752441 39.0391540527344 39.4363403320312 39.4649085998535 38.8827438354492 38.0672721862793 36.1586227416992 35.4599838256836 36.7526359558105 38.3718948364258 39.0269393920898 39.1079483032227 38.5871086120605 38.8783645629883 39.0948829650879 38.8691902160645 38.9530296325684 38.5937881469727 38.8749771118164
34.5354919433594 34.3232154846191 33.8533668518066 34.1810646057129 34.928092956543 35.0642547607422 35.4697265625 35.7800369262695 36.0514755249023 36.145435333252 36.4717102050781 36.7374000549316 37.5213394165039 37.6413879394531 37.8274688720703 37.2968788146973 38.4196815490723 38.8665924072266 39.1222152709961 38.8131446838379 38.9385643005371 39.1781539916992 39.3064880371094 39.2518730163574 38.9354782104492 38.8524856567383 38.4553756713867 38.6552047729492 39.1244010925293 39.2340202331543 39.3904685974121 39.4378204345703 38.8120079040527 38.0518112182617 37.0128898620605 36.6712303161621 38.0191688537598 38.9217758178711 38.367317199707 37.7644920349121 38.8103103637695 39.1089897155762 38.8008003234863 37.9204292297363 38.3387336730957 38.920654296875
