inst/extdata/Tmax/Tmax122.asc
NCOLS 100 
NROWS 79 
XLLCORNER 148.06 
YLLCORNER -21.49 
CELLSIZE 0.01 
NODATA_value -3.4e+38 
[rows 0 to 19 of 79, columns 0 to 45 of 100]
40.864589691162102 40.5671119689941 39.8109664916992 40.0671043395996 40.1515922546387 40.4472503662109 40.5551719665527 40.6516380310059 40.5926132202148 40.4361572265625 40.0587501525879 39.8668785095215 39.7796630859375 38.818790435791 39.1657905578613 39.456729888916 39.7039756774902 39.6550827026367 39.0224227905273 38.4930839538574 38.3575439453125 37.6067161560059 37.9112854003906 38.8527374267578 39.2015953063965 39.3554306030273 39.2212028503418 39.2294960021973 38.9710693359375 38.6691131591797 37.9883842468262 36.5303039550781 37.4742584228516 37.3820114135742 36.4439086914062 35.5717430114746 35.4494934082031 35.1310806274414 35.6936492919922 37.082935333252 38.1874694824219 38.3330078125 38.8854598999023 39.1343460083008 39.2782325744629 39.3974685668945
40.7596206665039 40.3214454650879 39.7095565795898 39.7592239379883 39.2924842834473 39.9795341491699 40.3771591186523 40.5926818847656 40.6601257324219 40.5444984436035 40.2644920349121 39.9927101135254 40.0509643554688 39.7096138000488 39.5589599609375 39.4464874267578 39.7145500183105 39.7118263244629 38.9375152587891 38.4575080871582 38.833137512207 38.604549407959 38.4941444396973 38.8016395568848 39.1234016418457 39.2299194335938 39.3933639526367 39.3280410766602 39.1418838500977 38.9548187255859 38.2984809875488 37.1980133056641 38.0613327026367 37.7197113037109 37.1808853149414 36.4140548706055 36.0381507873535 36.2974433898926 37.0937118530273 37.9090843200684 39.0095596313477 39.3135986328125 39.392219543457 39.364330291748 39.4088706970215 39.438907623291
40.7699661254883 40.1046409606934 40.1748657226562 40.2507514953613 39.8727111816406 39.9405899047852 40.2183952331543 40.6232681274414 40.7294731140137 40.600658416748 40.3583641052246 40.2231140136719 40.1282119750977 40.060474395752 39.8065795898438 39.667537689209 39.7851104736328 39.8733673095703 39.4157485961914 39.2451286315918 39.1072158813477 38.8221397399902 38.6202278137207 38.6874542236328 39.2986679077148 39.4690780639648 39.3045082092285 39.262565612793 39.2318840026855 38.971809387207 38.983829498291 38.2048187255859 38.3604354858398 37.3921356201172 37.1315765380859 36.6131362915039 36.1762619018555 35.777946472168 36.5512390136719 37.4445152282715 38.4511260986328 39.2184143066406 39.4625015258789 39.4921951293945 39.461841583252 39.4032287597656
40.97802734375 40.6697807312012 40.3876266479492 40.8410797119141 40.4210929870605 40.0662155151367 40.3257713317871 40.7321395874023 40.8304901123047 40.701286315918 40.5649375915527 40.4972343444824 40.3906364440918 40.2396697998047 39.8848419189453 39.7282066345215 39.9589958190918 39.9695587158203 39.7756805419922 39.394588470459 39.1221618652344 38.7956886291504 38.8306541442871 38.7766647338867 39.199047088623 39.4984855651855 39.1817855834961 39.3568458557129 39.1900520324707 38.5357131958008 38.9310455322266 38.9469299316406 38.3530082702637 37.3642082214355 36.895133972168 36.1874771118164 36.3675346374512 35.9525947570801 35.8361968994141 35.4282455444336 36.6171836853027 38.6158790588379 39.3614654541016 39.5163650512695 39.2780418395996 39.164005279541
41.4272155761719 40.9694862365723 40.760929107666 41.0485725402832 40.8443489074707 40.3199653625488 40.312629699707 40.7849502563477 40.8690528869629 40.5589828491211 40.5348243713379 40.6497955322266 40.5278511047363 40.2893295288086 39.9849586486816 40.0759391784668 40.0952796936035 39.8734588623047 39.4944267272949 38.899585723877 39.0178642272949 39.1129112243652 39.1863555908203 39.3093872070312 39.2872924804688 39.0064353942871 39.5250625610352 39.2074356079102 39.0798072814941 38.6777687072754 38.9239349365234 38.7486038208008 38.4846801757812 37.6977386474609 37.2708053588867 37.4872589111328 37.2102165222168 36.7576446533203 36.3095169067383 35.7057914733887 35.4053802490234 38.0093650817871 39.1542510986328 39.4790878295898 38.8744964599609 38.2711753845215
41.570915222168 41.3417320251465 40.7833213806152 41.0915832519531 41.1188278198242 40.7736968994141 40.5180740356445 40.8430480957031 40.9370269775391 40.6913757324219 40.5794792175293 40.7434196472168 40.5974807739258 40.3605079650879 39.8273277282715 40.1937141418457 40.0887260437012 39.7200622558594 39.2698249816895 38.9179153442383 38.9718475341797 39.1371307373047 39.354133605957 39.3268127441406 39.5259399414062 39.4161643981934 39.4347610473633 38.8272743225098 38.7975540161133 37.9300231933594 38.4770851135254 38.8095970153809 38.8546600341797 38.574161529541 38.2756805419922 38.1991310119629 37.5133781433105 37.1060256958008 36.8247604370117 36.1575546264648 35.7373542785645 37.7238540649414 39.0965919494629 39.4840850830078 39.0465431213379 37.4148902893066
41.7593688964844 41.5021896362305 41.1964645385742 41.2982864379883 41.2338790893555 40.9214324951172 40.376594543457 40.7911148071289 40.907958984375 40.9851379394531 40.9130783081055 40.7568740844727 40.4035987854004 40.4631843566895 40.4130973815918 40.2764625549316 40.0860023498535 39.6288795471191 39.4374046325684 39.1751976013184 38.6911964416504 38.8206253051758 39.1672668457031 39.4435195922852 39.6875762939453 39.6034164428711 39.5753364562988 39.1362113952637 38.8298034667969 37.862548828125 37.8435096740723 37.9017753601074 38.6255302429199 38.7289886474609 38.3475189208984 38.2357177734375 37.7550468444824 36.6379280090332 36.8044967651367 36.4314231872559 36.2799911499023 37.6216812133789 38.9561195373535 39.3320617675781 39.1227874755859 37.7925262451172
41.7754821777344 41.6531829833984 41.4059295654297 41.4012565612793 41.3440818786621 41.1168823242188 40.6247978210449 40.5004539489746 40.7207565307617 40.9581756591797 41.0133438110352 40.7531318664551 40.2035484313965 40.352611541748 40.5042152404785 39.9423141479492 39.86279296875 39.2361793518066 39.1532974243164 38.9423179626465 38.3794097900391 38.7279624938965 39.0519638061523 39.4657745361328 39.8053016662598 39.7879600524902 39.4275894165039 39.0572700500488 38.8908805847168 38.2631034851074 37.1865653991699 37.387321472168 37.6351280212402 38.0835342407227 38.3622093200684 37.8631973266602 37.8852806091309 37.1646041870117 36.3446884155273 36.5503578186035 36.6958808898926 37.5395698547363 38.3058815002441 39.0761871337891 39.009407043457 37.5679016113281
41.6210517883301 41.7671051025391 41.6122131347656 41.5478973388672 41.4157867431641 41.2024307250977 40.884895324707 40.4908485412598 40.6059761047363 40.9829711914062 41.0761070251465 40.9966621398926 40.8111381530762 40.6691284179688 40.36181640625 39.7338485717773 39.8484191894531 39.6298942565918 39.7143287658691 38.9521903991699 38.9304656982422 38.7751998901367 38.8342056274414 39.3509407043457 39.7851753234863 39.8991813659668 39.1406784057617 38.423713684082 38.4701461791992 38.3728179931641 37.877571105957 37.3984451293945 37.0294990539551 37.3801956176758 38.0825042724609 37.5739631652832 37.3524894714355 37.2898368835449 36.5123252868652 36.2323951721191 36.386848449707 36.4323425292969 37.131519317627 38.3440551757812 38.6660957336426 37.6828308105469
41.426643371582 41.7112579345703 41.7539978027344 41.6101226806641 41.4185256958008 41.3008575439453 41.1098937988281 40.7234649658203 40.4360618591309 40.9486427307129 41.1036682128906 40.7580261230469 40.1671524047852 40.196460723877 40.2547378540039 40.2102851867676 40.1967010498047 40.0584564208984 39.8688201904297 39.5964851379395 39.3115463256836 38.7646102905273 39.0118675231934 39.6522750854492 39.9767684936523 39.8711738586426 39.2796249389648 39.1331253051758 38.7053298950195 38.2711181640625 37.2429122924805 36.89990234375 37.7444534301758 37.608772277832 37.4195098876953 37.2085113525391 37.0002212524414 37.212532043457 36.7541313171387 36.1340866088867 36.1392097473145 35.6550750732422 36.3157997131348 37.2154083251953 37.4374771118164 36.9123878479004
41.196533203125 41.4062881469727 41.7923355102539 41.6876449584961 41.5505142211914 41.4572067260742 41.2742805480957 40.9611663818359 40.9235305786133 41.0789833068848 41.1621322631836 40.8342208862305 40.5482025146484 39.9262962341309 40.0424728393555 40.2489356994629 40.3088531494141 40.4407043457031 40.0625343322754 39.8802833557129 39.5355262756348 39.2044219970703 39.2408447265625 39.6692352294922 39.9847297668457 39.8857192993164 39.2995529174805 38.6813659667969 37.8498687744141 37.8263244628906 37.5118026733398 37.4346885681152 38.1035957336426 37.8751640319824 37.1294860839844 36.9017677307129 37.250804901123 36.9976081848145 36.6689987182617 36.2030296325684 36.2239112854004 35.9783973693848 35.6824493408203 36.2401847839355 36.5614967346191 36.7843132019043
41.0893096923828 41.1069641113281 41.7867202758789 41.765380859375 41.6705322265625 41.5410614013672 41.3695182800293 41.086597442627 41.0915832519531 41.293285369873 41.2251968383789 41.0371742248535 40.7278785705566 40.3130187988281 40.2072257995605 40.42578125 40.6293067932129 40.599308013916 40.371337890625 39.9821357727051 39.5515975952148 39.2487144470215 39.3573341369629 39.4558410644531 39.6061973571777 39.8482093811035 39.0315551757812 38.3716430664062 37.8560943603516 38.0284652709961 38.0606994628906 37.9603996276855 38.2746543884277 37.8237152099609 37.5987777709961 37.5044860839844 37.1263656616211 36.6296119689941 37.0290184020996 37.1896591186523 36.8150863647461 36.4152565002441 35.9760208129883 36.3098297119141 36.7078704833984 36.9999580383301
41.2361297607422 41.5935287475586 41.7928466796875 41.7379608154297 41.7271881103516 41.6232604980469 41.4704971313477 41.1573600769043 41.1996192932129 41.4266548156738 41.2346420288086 41.1446800231934 40.9544563293457 40.9847831726074 40.8841896057129 40.8439903259277 40.8122291564941 40.7284240722656 40.5297470092773 40.0938682556152 39.8524856567383 39.9469146728516 40.1295623779297 40.2860450744629 40.14697265625 39.7908744812012 39.5905303955078 39.1843490600586 38.8673553466797 38.6956787109375 38.7242202758789 38.5242729187012 38.4235191345215 37.9361839294434 37.4584808349609 37.0712089538574 36.6020965576172 37.4730796813965 37.679801940918 37.6109428405762 36.5067253112793 36.4103889465332 36.0013961791992 35.7600135803223 36.7823600769043 37.2058601379395
41.6283569335938 41.7537803649902 41.7845458984375 41.6958236694336 41.6866989135742 41.7085952758789 41.6277923583984 41.5022811889648 41.3157539367676 41.4004211425781 41.3534889221191 41.2605018615723 41.1336326599121 41.0303077697754 40.9228744506836 40.837963104248 40.9085311889648 40.8192596435547 40.6843719482422 40.5721549987793 40.4677276611328 40.4020233154297 40.218318939209 40.2849540710449 39.914436340332 39.0791130065918 38.997184753418 38.6456642150879 38.1728172302246 38.778865814209 38.978816986084 38.9132308959961 38.2887954711914 38.0206489562988 37.9000015258789 37.829761505127 37.7779693603516 37.5025863647461 37.9783782958984 38.2261962890625 37.7865905761719 37.383918762207 36.850456237793 36.3892059326172 37.2120018005371 37.5830917358398
41.0415306091309 41.466854095459 41.7797012329102 41.7034339904785 41.5853385925293 41.6361351013184 41.5682411193848 41.4162101745605 41.0679931640625 41.0811080932617 41.3129272460938 41.1297302246094 40.6961784362793 40.8045539855957 40.9230880737305 40.4680938720703 40.7689170837402 40.8889999389648 40.8246765136719 40.7606887817383 40.692211151123 40.3426666259766 39.8150787353516 40.1009178161621 39.9427947998047 39.7047538757324 39.6047630310059 39.3182640075684 39.0040397644043 39.1899070739746 39.1308746337891 38.8884544372559 38.5081672668457 38.6774940490723 38.6221389770508 37.8472900390625 38.2585296630859 37.5582580566406 37.7920532226562 38.372802734375 38.3302688598633 38.0864448547363 37.4662208557129 36.7820816040039 37.2596282958984 37.8386688232422
40.3483238220215 41.1437034606934 41.7115936279297 41.7856788635254 41.7112007141113 41.6679458618164 41.5549201965332 41.4464874267578 41.2565612792969 40.8324890136719 40.4922904968262 41.0404891967773 40.3605766296387 40.0905799865723 40.7615432739258 40.4576606750488 40.403694152832 40.7484741210938 40.74560546875 40.7214698791504 40.7037391662598 40.6476020812988 40.516658782959 40.3102645874023 39.9581336975098 39.6316032409668 39.6039772033691 39.5381393432617 39.4690170288086 39.3005523681641 39.141918182373 38.7840538024902 38.5401496887207 39.0215911865234 38.8995780944824 38.6622848510742 38.6338195800781 38.1601791381836 37.8593063354492 38.3695907592773 38.4956665039062 37.9606971740723 36.9405517578125 36.0439338684082 36.3735771179199 37.7109680175781
41.1859741210938 41.0196304321289 41.4661521911621 41.588451385498 41.7354316711426 41.6883811950684 41.5642433166504 41.4353904724121 41.2942123413086 41.0474243164062 40.5189476013184 40.815242767334 39.9620361328125 39.7444534301758 40.3243255615234 40.1888122558594 39.607967376709 40.4577217102051 40.4300117492676 40.3915748596191 40.5661087036133 40.650993347168 40.5518989562988 40.2007293701172 39.525016784668 39.0496101379395 38.7057876586914 38.9552612304688 39.3667106628418 38.8928718566895 38.6996650695801 38.0702056884766 38.607234954834 39.2387466430664 39.0703659057617 38.8949890136719 38.89453125 38.5364608764648 38.2257690429688 38.4231872558594 38.5538482666016 37.6441345214844 36.8482360839844 37.0700721740723 37.3218002319336 37.7595367431641
41.3044319152832 41.5412216186523 41.5839042663574 41.5723152160645 41.6569633483887 41.6766395568848 41.5950927734375 41.5088272094727 41.3681182861328 40.9949951171875 40.6665496826172 40.3366165161133 39.9963645935059 39.6898498535156 40.0808372497559 39.9482765197754 39.9311599731445 39.7746505737305 39.5544738769531 39.5198822021484 40.396484375 40.5675468444824 40.5281562805176 40.4236183166504 39.9491653442383 39.0361747741699 37.9029312133789 38.535083770752 39.1409873962402 38.3802795410156 38.6527862548828 39.0685234069824 39.2697792053223 39.4527549743652 39.360481262207 39.1833457946777 38.7819976806641 38.1193466186523 38.4467163085938 38.5978698730469 38.8165817260742 38.5107002258301 38.3764801025391 38.3349456787109 38.2730445861816 37.818531036377
41.5292663574219 41.4828338623047 41.3519248962402 41.4095458984375 41.7293510437012 41.6283683776855 41.6052627563477 41.5705642700195 41.478630065918 41.1907653808594 40.3105621337891 40.346923828125 39.987964630127 39.0835151672363 39.6449089050293 39.4442481994629 39.275749206543 38.7192001342773 39.35498046875 39.6238136291504 40.4397048950195 40.424072265625 40.5035591125488 40.5572395324707 39.8900184631348 39.0477523803711 38.1129264831543 38.7048873901367 39.1548919677734 38.7526741027832 39.1090278625488 39.4106903076172 39.6728744506836 39.6515579223633 39.2964668273926 39.0748100280762 38.7641143798828 38.5359420776367 38.9107704162598 38.9503631591797 38.9549980163574 38.8522911071777 38.7394943237305 38.2265090942383 37.5625114440918 37.5110092163086
41.6619262695312 41.6173400878906 41.5852584838867 41.4573287963867 41.7626876831055 41.7394065856934 41.660514831543 41.5964889526367 41.5234222412109 41.4262237548828 41.1592330932617 40.5626029968262 39.8937072753906 38.9446182250977 39.1778030395508 39.129337310791 38.7515983581543 38.963134765625 39.139087677002 39.913875579834 40.4824523925781 40.1343994140625 40.6340942382812 40.4965362548828 40.030647277832 39.8252296447754 38.9736442565918 39.0396270751953 39.2825050354004 39.1270599365234 39.5625915527344 39.502872467041 39.805778503418 39.7277717590332 39.5913619995117 39.3838310241699 38.7194633483887 38.8231391906738 38.9949111938477 38.9661560058594 38.9666938781738 38.8205032348633 38.7443008422852 38.3366928100586 38.2567520141602 38.1358032226562
