inst/extdata/Tmax/Tmax118.asc
NCOLS 100 
NROWS 79 
XLLCORNER 148.06 
YLLCORNER -21.49 
CELLSIZE 0.01 
NODATA_value -3.4e+38 
[rows 40 to 59 of 79, columns 0 to 45 of 100]
41.625637054443402 41.2870216369629 41.3355979919434 41.3798446655273 41.2284698486328 41.3765678405762 41.3329277038574 41.0792045593262 40.4762268066406 41.0306854248047 41.848461151123 42.2771835327148 42.3282737731934 42.3982734680176 42.4867134094238 42.2208213806152 41.8870506286621 41.4408912658691 40.7001762390137 41.3395233154297 41.3311080932617 41.2082176208496 41.1319007873535 40.62255859375 39.468318939209 38.6376152038574 38.3980102539062 38.5260467529297 38.6823348999023 37.8665466308594 37.0800476074219 37.6091384887695 39.2484016418457 38.9065551757812 38.5813941955566 39.0110206604004 38.9157485961914 38.507999420166 38.2323684692383 37.660083770752 37.6139717102051 36.7185478210449 36.2087821960449 36.2083587646484 35.9830322265625 35.8441581726074
41.829029083252 41.3363723754883 41.1852149963379 41.3229331970215 41.1954383850098 41.3043365478516 41.3310775756836 41.1979446411133 40.8811988830566 41.0429573059082 41.481761932373 41.9501762390137 42.248908996582 42.4675140380859 42.5284004211426 42.3412208557129 41.9663696289062 41.3246459960938 40.8967895507812 41.0878448486328 41.1211051940918 40.8369064331055 41.0713691711426 40.7163467407227 39.8652496337891 39.2280769348145 38.4470901489258 38.3507537841797 38.6286697387695 38.0730056762695 37.5307998657227 38.3664131164551 39.2452201843262 38.286319732666 37.3601608276367 38.3492851257324 38.4260101318359 38.7027854919434 38.6614990234375 38.3702239990234 38.2237586975098 37.307056427002 36.0278472900391 35.9244956970215 35.9953727722168 35.9641876220703
41.6616706848145 41.6106338500977 41.3437042236328 41.1929397583008 41.2759132385254 41.3082160949707 41.2971687316895 41.2520408630371 41.2118759155273 41.1544456481934 41.222354888916 41.8547859191895 42.2695732116699 42.4585342407227 42.4806365966797 42.4241523742676 42.1458511352539 41.7354354858398 41.4459571838379 41.3876190185547 41.2807769775391 40.465145111084 40.3784217834473 40.6692886352539 40.707447052002 40.1459159851074 39.04345703125 38.6260147094727 38.5307235717773 38.2470397949219 37.1251983642578 38.4971618652344 38.5737915039062 37.1964950561523 36.4703941345215 37.3239212036133 37.3430824279785 38.1855316162109 38.4042472839355 38.0249366760254 37.7328491210938 37.8135948181152 37.0997467041016 36.9086456298828 37.3208274841309 38.6026649475098
41.2222328186035 41.3606262207031 41.3483657836914 41.345832824707 41.3876724243164 41.3818702697754 41.3554878234863 41.2927474975586 41.367488861084 41.3329963684082 41.3482894897461 41.8915481567383 42.2127265930176 42.4149513244629 42.4461936950684 42.4707984924316 42.3511428833008 42.0794410705566 41.7229881286621 41.7763214111328 41.5548057556152 41.2401008605957 40.3725166320801 39.9230270385742 40.7879180908203 40.5198631286621 40.0115127563477 39.3997459411621 38.9728775024414 38.7522315979004 37.7301712036133 37.6386528015137 38.5462226867676 37.9016799926758 37.1200714111328 36.7106742858887 36.8030815124512 37.0288963317871 37.2447128295898 37.0303688049316 36.6260719299316 37.3104057312012 36.8963737487793 37.9753913879395 40.2360343933105 41.0112609863281
40.8550910949707 41.1116065979004 41.0906600952148 41.0951881408691 41.3367919921875 41.4868659973145 41.5404472351074 41.4724807739258 41.5541191101074 41.617057800293 41.8371658325195 42.0292892456055 42.1983261108398 42.3320045471191 42.4143218994141 42.4863128662109 42.458911895752 42.2775917053223 42.080005645752 42.0215187072754 41.8570671081543 41.6890029907227 41.3049049377441 41.0348587036133 40.8106002807617 40.2224960327148 40.562801361084 40.411190032959 40.000789642334 39.1266098022461 38.3474502563477 38.3554840087891 38.7673263549805 38.9830360412598 38.6081504821777 37.1461524963379 35.977466583252 35.9491081237793 36.0471801757812 36.3498840332031 36.2449684143066 36.7491073608398 36.3286552429199 37.0799522399902 39.2844619750977 41.0478324890137
40.8871726989746 40.9861335754395 40.7921371459961 40.654411315918 40.922004699707 41.2097091674805 41.5268249511719 41.6839179992676 41.7738761901855 41.8959922790527 41.9886627197266 41.9071426391602 41.623779296875 42.1072578430176 42.4030952453613 42.4688377380371 42.4817047119141 42.4003486633301 42.2866897583008 42.206356048584 42.0920639038086 41.9703330993652 41.9011459350586 41.120304107666 40.675895690918 40.5807914733887 40.7012634277344 40.4890060424805 40.2503547668457 39.5955467224121 38.0021324157715 38.2831192016602 38.6817054748535 38.7670745849609 38.896656036377 37.7491188049316 36.4554977416992 36.2452278137207 36.2781829833984 36.6714973449707 36.1458892822266 36.4790153503418 36.8378868103027 37.1178665161133 38.1869049072266 39.684886932373
40.7134170532227 40.694149017334 40.7101097106934 40.6190528869629 40.4959106445312 40.5744857788086 41.2353973388672 41.4010009765625 41.5619735717773 41.5895462036133 41.8742332458496 42.0257987976074 41.7097663879395 42.0439567565918 42.3381690979004 42.4420280456543 42.4654426574707 42.3849296569824 42.3353118896484 42.2852592468262 42.1906852722168 42.1179542541504 41.9895401000977 41.3821220397949 40.3287467956543 40.472900390625 40.7110595703125 40.4270477294922 40.3642120361328 40.1777229309082 39.1586761474609 38.7609558105469 38.3088798522949 38.6452178955078 38.8232078552246 38.2228126525879 36.9999160766602 37.2544136047363 36.7844200134277 37.4784355163574 36.9187660217285 37.0705947875977 37.1796798706055 37.2804145812988 37.2762680053711 37.1111602783203
41.2861862182617 40.476432800293 40.3786544799805 40.314323425293 40.2847442626953 40.4500198364258 40.8754768371582 40.821605682373 41.148021697998 41.2152214050293 41.3229217529297 41.4262351989746 41.669548034668 42.0349273681641 42.2808876037598 42.4347152709961 42.4344482421875 42.286262512207 42.0575790405273 41.9347724914551 42.106559753418 41.8863258361816 41.9106178283691 41.8275566101074 41.243278503418 41.1190299987793 41.1525917053223 40.9005737304688 40.6861038208008 40.4025344848633 39.5245323181152 39.0758056640625 38.1689834594727 38.6752281188965 38.7335472106934 38.439754486084 37.9037780761719 38.1957054138184 37.8589363098145 38.1736145019531 37.8407402038574 37.5917358398438 37.4112892150879 37.2436256408691 36.9419631958008 36.7362747192383
42.1706275939941 41.1652221679688 40.198127746582 40.0107421875 40.1829528808594 40.426628112793 40.3606643676758 40.3637733459473 40.8033218383789 41.1891059875488 41.2860107421875 41.2834434509277 41.584171295166 41.9815521240234 42.2938079833984 42.383129119873 42.4067993164062 42.3201560974121 42.1040840148926 41.8169097900391 41.9090003967285 41.8545188903809 41.7530784606934 41.9210357666016 41.7815361022949 41.6444702148438 41.2915878295898 41.0393753051758 40.9257125854492 40.5510368347168 40.0492858886719 39.4723625183105 38.3671340942383 38.5674476623535 38.5320777893066 38.6114845275879 38.503475189209 38.4707984924316 38.3263664245605 38.0942611694336 37.143383026123 37.0052604675293 37.1852073669434 36.9587059020996 36.841869354248 36.5360374450684
42.5058860778809 41.8778762817383 40.8004913330078 40.06298828125 40.0498046875 40.0413970947266 40.0971031188965 40.5468826293945 40.8563613891602 40.7265625 41.5264778137207 41.8407859802246 41.982494354248 42.1146392822266 42.2429656982422 42.353199005127 42.3748741149902 42.3105926513672 42.1792221069336 41.9978561401367 41.8633270263672 41.7879295349121 41.5501098632812 41.6021041870117 41.8164825439453 41.7958717346191 41.5226783752441 40.8317985534668 40.1941032409668 40.5377349853516 40.1523818969727 39.7731475830078 38.7395858764648 38.3595504760742 38.0922889709473 38.4824981689453 38.600227355957 38.4743041992188 38.4216651916504 38.0251388549805 37.1939506530762 36.8518333435059 37.0151710510254 36.6899223327637 36.6139831542969 36.5352096557617
42.4940147399902 42.2891693115234 41.7136840820312 40.9139785766602 40.2275466918945 39.8417053222656 40.0681304931641 40.4826583862305 40.5441017150879 40.9377212524414 41.6845626831055 42.0014190673828 42.1660079956055 42.2999076843262 42.3265724182129 42.3599243164062 42.221305847168 42.2377967834473 42.2461204528809 42.1444129943848 42.0002555847168 41.8081741333008 41.554515838623 41.4488677978516 41.5877685546875 41.6396064758301 41.7030830383301 41.4086952209473 41.0460891723633 40.8576126098633 40.1560974121094 39.9620475769043 38.8883781433105 38.3650932312012 37.5781364440918 38.1833457946777 38.3653335571289 38.3559265136719 38.4208869934082 38.1849517822266 37.5193634033203 37.3217544555664 37.2348594665527 37.0459480285645 36.7593765258789 36.6041564941406
42.4485130310059 42.4230117797852 42.1020126342773 41.2494354248047 40.4997863769531 40.1387329101562 40.1035842895508 40.2164344787598 39.9037246704102 40.1077079772949 41.2137260437012 41.7480354309082 41.9798316955566 42.2445068359375 42.3558158874512 42.3080291748047 42.2168197631836 42.2165870666504 42.1717910766602 42.1567001342773 42.0330467224121 41.9100341796875 41.7750778198242 41.5108375549316 41.3599967956543 41.280460357666 41.2430191040039 41.3919639587402 41.1033935546875 41.253173828125 41.2806930541992 40.2823867797852 39.5184783935547 38.9442825317383 38.311710357666 38.4787063598633 38.437313079834 38.2135200500488 38.3931503295898 38.2665328979492 37.6333694458008 37.4374389648438 37.3109512329102 37.1475372314453 36.7122116088867 36.544548034668
42.2221298217773 42.3376312255859 42.1598510742188 40.9162216186523 39.8924942016602 39.8621063232422 40.0156669616699 39.8445816040039 39.5209426879883 39.698429107666 41.1244735717773 41.7467842102051 42.0280647277832 42.2673225402832 42.2822914123535 42.2202186584473 42.2153244018555 42.1404724121094 42.0868682861328 42.0796165466309 42.0912590026855 42.0315055847168 41.8248138427734 41.5647735595703 41.2799186706543 41.0744094848633 41.0512924194336 40.9922370910645 40.9828681945801 40.8484725952148 41.0901679992676 40.9383811950684 40.2158699035645 39.4292068481445 38.8676605224609 39.2956275939941 39.2409629821777 38.6318016052246 38.3798484802246 38.4648475646973 38.2551307678223 37.9336357116699 37.5340194702148 37.2650337219238 36.9647636413574 36.6224784851074
41.9521789550781 42.0574722290039 42.2055969238281 41.6573677062988 40.3764533996582 39.938720703125 40.4119834899902 39.7740478515625 39.5775947570801 39.6887969970703 41.0635719299316 41.8551864624023 42.1309051513672 42.2505035400391 42.1608505249023 42.0402755737305 42.043342590332 42.0766143798828 42.0344696044922 41.8986968994141 41.9601287841797 42.0530052185059 41.8696174621582 41.6733016967773 41.4223899841309 41.2148132324219 40.7787551879883 40.5356597900391 40.087329864502 40.5256652832031 40.3125915527344 41.0180358886719 41.0729675292969 40.6310844421387 40.0028190612793 40.0420074462891 39.5833587646484 39.1320610046387 38.7369499206543 39.2121772766113 38.6786689758301 38.3403358459473 38.1370239257812 37.9563484191895 37.5995674133301 37.4057273864746
41.7908821105957 41.7668838500977 42.0096549987793 42.0308036804199 41.4713096618652 41.1718597412109 41.1170768737793 40.6683311462402 40.4106063842773 40.4282341003418 40.6747169494629 41.2038879394531 42.0292663574219 42.1978454589844 42.045036315918 41.9358596801758 41.9351921081543 41.9995727539062 41.9503135681152 41.867618560791 41.8942604064941 42.0338706970215 41.9705276489258 41.7425346374512 41.6023559570312 41.3664665222168 40.9614791870117 40.68505859375 40.1587715148926 40.4473915100098 39.6483345031738 40.1975250244141 40.4882965087891 40.5135345458984 40.6643409729004 40.507495880127 40.1341094970703 39.9492454528809 39.3791007995605 38.7464141845703 38.6507110595703 38.7187690734863 38.4123954772949 38.1606025695801 38.1498489379883 37.9615211486816
41.902214050293 41.9072608947754 41.9790649414062 42.0234527587891 41.8788986206055 41.1196441650391 41.1475601196289 41.2312164306641 40.9592056274414 40.9083366394043 41.2276954650879 41.6957931518555 42.0999145507812 42.1876831054688 42.0637512207031 41.8355712890625 41.9139175415039 41.9098854064941 41.6636962890625 41.6395568847656 41.8052291870117 41.9115295410156 41.9743194580078 41.8511543273926 41.699535369873 41.5084075927734 41.269474029541 40.9441909790039 40.7326622009277 40.5322494506836 39.998966217041 39.5559921264648 39.722957611084 39.6747741699219 40.230842590332 39.8547286987305 40.2004890441895 39.8998947143555 39.4471702575684 38.925048828125 38.6295890808105 38.3654022216797 37.7603530883789 37.145336151123 37.7406158447266 37.9748115539551
42.0392150878906 42.0223045349121 41.9937782287598 41.97998046875 41.7947120666504 40.8094253540039 40.5652084350586 41.1113815307617 40.9746246337891 40.5784912109375 40.9442367553711 41.7861862182617 42.1142654418945 42.1512451171875 42.0445938110352 41.8149871826172 41.8156661987305 41.5659255981445 41.2521362304688 41.4274063110352 41.7938232421875 41.8161163330078 41.9129180908203 41.8997993469238 41.6933097839355 41.6128196716309 41.3977546691895 41.0446662902832 40.9336395263672 40.6499328613281 40.1361923217773 39.3042182922363 38.9264488220215 39.1023864746094 39.6719055175781 39.8433418273926 39.3875350952148 38.9501495361328 39.1936950683594 39.1040458679199 38.6740760803223 38.3882141113281 37.7205352783203 36.9265251159668 37.313648223877 37.7156639099121
42.1033515930176 42.0659828186035 42.0148696899414 41.9777908325195 41.9315147399902 41.5105476379395 40.9641876220703 40.6632614135742 40.6728744506836 40.408576965332 41.0084419250488 41.7972793579102 42.0832290649414 42.0957565307617 41.9904022216797 41.7651748657227 41.5736846923828 41.3286743164062 41.1891937255859 41.5208473205566 41.6765556335449 41.7689094543457 41.723331451416 41.8437843322754 41.7687835693359 41.6564750671387 41.4574279785156 41.1268920898438 40.975772857666 40.7294616699219 40.2145729064941 39.9717636108398 39.4012184143066 39.1630020141602 39.0919189453125 39.2750930786133 39.6164054870605 39.425464630127 38.9723892211914 38.7164611816406 38.4601631164551 38.220043182373 37.9078140258789 37.5077857971191 36.9391784667969 37.1898384094238
42.139778137207 42.083610534668 42.0307579040527 42.0180854797363 41.9296760559082 41.6694984436035 41.3339462280273 40.6178131103516 40.4852104187012 40.7191162109375 41.2948799133301 41.826000213623 42.0168914794922 42.0081443786621 41.8488845825195 41.6462554931641 41.2951240539551 41.2010726928711 41.3376045227051 41.37451171875 41.552921295166 41.4965133666992 41.2762985229492 41.5836372375488 41.7993431091309 41.6504936218262 41.3963165283203 41.2127647399902 41.046314239502 40.9130020141602 40.671989440918 40.4100532531738 40.0233840942383 39.9520988464355 39.5437774658203 39.1183166503906 39.2544975280762 39.3441619873047 39.053596496582 38.8619232177734 38.6838798522949 38.3985290527344 37.6367645263672 37.255500793457 37.3651123046875 37.3805770874023
42.1512680053711 42.1704216003418 42.1096534729004 42.0668296813965 41.9308700561523 41.7981452941895 41.682502746582 41.2414855957031 40.6674880981445 40.7880821228027 40.991527557373 41.3762245178223 41.727710723877 41.7859268188477 41.7135620117188 41.5438461303711 41.3038330078125 41.150634765625 41.0156784057617 41.0704498291016 41.3587760925293 41.3808975219727 41.0853729248047 41.5703353881836 41.8238868713379 41.6882286071777 41.503475189209 41.3184471130371 41.2226333618164 41.0809173583984 40.9311408996582 40.6745300292969 40.2741012573242 40.5256462097168 40.3601608276367 39.893253326416 39.3446807861328 39.2023773193359 39.3492050170898 39.8572044372559 38.9241790771484 38.5960311889648 38.0934753417969 37.3191528320312 37.2576065063477 37.1521530151367
