inst/extdata/Tmax/Tmax54.asc
NCOLS 100 
NROWS 79 
XLLCORNER 148.06 
YLLCORNER -21.49 
CELLSIZE 0.01 
NODATA_value -3.4e+38 
[rows 0 to 19 of 79, columns 0 to 45 of 100]
37.175849914550803 36.8308563232422 35.8701477050781 36.2099990844727 36.3310966491699 36.7196426391602 36.8827667236328 37.0177001953125 36.9540672302246 36.7669105529785 36.3043212890625 36.0901985168457 35.9942169189453 34.8244743347168 35.2649459838867 35.6339454650879 35.971076965332 35.9116592407227 35.1576309204102 34.5333976745605 34.3858337402344 33.508056640625 33.8946952819824 35.0327682495117 35.4574775695801 35.6502304077148 35.5254135131836 35.5353393554688 35.2453422546387 34.9082717895508 34.1356430053711 32.4461326599121 33.5852928161621 33.4976654052734 32.4149932861328 31.3894424438477 31.2809638977051 30.9207496643066 31.6337261199951 33.2906951904297 34.5511856079102 34.7522087097168 35.3233871459961 35.5852813720703 35.7155494689941 35.8141326904297
36.999698638916 36.4764251708984 35.7028160095215 35.781192779541 35.2080917358398 36.0887718200684 36.6176872253418 36.9036636352539 37.0014495849609 36.8660163879395 36.5244102478027 36.2097434997559 36.2939910888672 35.8836898803711 35.7109870910645 35.5860366821289 35.9488410949707 35.9460754394531 35.0206031799316 34.4561576843262 34.9233436584473 34.6761054992676 34.5592994689941 34.9394416809082 35.3330116271973 35.4706420898438 35.697437286377 35.6205940246582 35.4138374328613 35.2083549499512 34.4633026123047 33.2084732055664 34.232967376709 33.8568954467773 33.2513236999512 32.3703155517578 31.9587135314941 32.2938423156738 33.248161315918 34.1930809020996 35.4052124023438 35.7414093017578 35.8259887695312 35.8059196472168 35.8366012573242 35.8579902648926
36.9792594909668 36.1673812866211 36.2607002258301 36.371524810791 35.9077682495117 36.0080184936523 36.3850021362305 36.9105072021484 37.0579376220703 36.9056739807129 36.6114807128906 36.4666709899902 36.3600387573242 36.28759765625 35.9859275817871 35.8275604248047 36.0066680908203 36.1152877807617 35.5704956054688 35.3773536682129 35.2247200012207 34.9090843200684 34.6825981140137 34.7774505615234 35.5148124694824 35.728645324707 35.5677833557129 35.5191764831543 35.4950294494629 35.2039756774902 35.2308502197266 34.3569259643555 34.5517997741699 33.450611114502 33.1669540405273 32.5791282653809 32.095832824707 31.6442470550537 32.5902862548828 33.6440162658691 34.7945899963379 35.6288414001465 35.8875274658203 35.9304161071777 35.8958969116211 35.8378486633301
37.1835784912109 36.8258018493652 36.4690093994141 37.0619964599609 36.5397338867188 36.1051177978516 36.45947265625 36.9876403808594 37.1256103515625 36.9727325439453 36.8117179870605 36.7513618469238 36.6290283203125 36.4519348144531 36.0246658325195 35.8446960449219 36.1632690429688 36.1768646240234 35.9514923095703 35.5021896362305 35.187671661377 34.8227806091309 34.8791580200195 34.8294639587402 35.3437728881836 35.7112274169922 35.3711929321289 35.5789947509766 35.3951072692871 34.6462097167969 35.1191787719727 35.1623573303223 34.4925193786621 33.3648452758789 32.8351783752441 32.0165901184082 32.269115447998 31.7985820770264 31.6855869293213 31.2211475372314 32.6618499755859 34.9723815917969 35.7393455505371 35.9210662841797 35.6767997741699 35.5705299377441
37.727352142334 37.1715316772461 36.9065856933594 37.2899627685547 37.0406341552734 36.3874549865723 36.4052696228027 37.017204284668 37.1372299194336 36.7551422119141 36.7369041442871 36.9078178405762 36.765495300293 36.4783477783203 36.1130485534668 36.2373809814453 36.296760559082 36.0251579284668 35.5764045715332 34.8722648620605 35.0292778015137 35.1692886352539 35.2705764770508 35.4303092956543 35.4167098999023 35.097526550293 35.746696472168 35.3723945617676 35.2355995178223 34.780517578125 35.0810241699219 34.9032859802246 34.6137428283691 33.7214660644531 33.2437019348145 33.5163421630859 33.2267990112305 32.7204055786133 32.2158813476562 31.5207481384277 31.1859340667725 34.2597274780273 35.5037536621094 35.8580474853516 35.2405090332031 34.6223449707031
37.8716506958008 37.6145896911621 36.8964424133301 37.306526184082 37.355281829834 36.9253692626953 36.6274337768555 37.0537338256836 37.1869010925293 36.885929107666 36.7568054199219 36.9903678894043 36.8173828125 36.5318412780762 35.8840637207031 36.3484954833984 36.2544631958008 35.8040199279785 35.2710609436035 34.8608551025391 34.9408149719238 35.1654853820801 35.4386787414551 35.4191093444824 35.669548034668 35.5512046813965 35.6088523864746 34.8950500488281 34.8748741149902 33.8750762939453 34.5315551757812 34.9440002441406 35.0107421875 34.7021903991699 34.3752059936523 34.304328918457 33.5455131530762 33.0941047668457 32.7882995605469 32.0260009765625 31.5502662658691 33.9068298339844 35.4251251220703 35.8418083190918 35.393856048584 33.6307220458984
38.0534133911133 37.78515625 37.3895645141602 37.5358085632324 37.4658050537109 37.0764503479004 36.4115295410156 36.9500770568848 37.1124038696289 37.2244186401367 37.1446380615234 36.971305847168 36.5380630493164 36.6252250671387 36.574764251709 36.416820526123 36.2171363830566 35.6594123840332 35.4404182434082 35.1376609802246 34.5701332092285 34.7535705566406 35.1831665039062 35.5268707275391 35.8322448730469 35.7437973022461 35.7459564208984 35.2274513244629 34.8818511962891 33.763355255127 33.7595863342285 33.8580436706543 34.7158851623535 34.8508758544922 34.4273490905762 34.3156661987305 33.7923736572266 32.5116271972656 32.7306823730469 32.3155403137207 32.1613426208496 33.7591247558594 35.2639541625977 35.6580200195312 35.4514350891113 34.0217514038086
38.0447387695312 37.9321365356445 37.6296272277832 37.6377601623535 37.5772132873535 37.2963027954102 36.6947021484375 36.551212310791 36.8434181213379 37.1593818664551 37.2434043884277 36.9369506835938 36.2595825195312 36.4583435058594 36.6605644226074 35.9762306213379 35.9153060913086 35.1548690795898 35.0694427490234 34.8299407958984 34.1673965454102 34.6158332824707 35.0193099975586 35.5281372070312 35.9494285583496 35.9413375854492 35.5454978942871 35.1100158691406 34.9288749694824 34.2086296081543 32.9552955627441 33.2265472412109 33.5386581420898 34.0803642272949 34.4198837280273 33.8615989685059 33.9168243408203 33.10205078125 32.1597709655762 32.4272956848145 32.6217041015625 33.6395225524902 34.5173530578613 35.3791770935059 35.3224639892578 33.747974395752
37.8049049377441 38.0086479187012 37.8262138366699 37.7582511901855 37.6085205078125 37.345401763916 36.9653167724609 36.4797096252441 36.6387367248535 37.1313056945801 37.2643775939941 37.1892929077148 36.9651374816895 36.7980079650879 36.4255256652832 35.664306640625 35.842113494873 35.5781021118164 35.6946868896484 34.7870101928711 34.7767906188965 34.6184043884277 34.7052345275879 35.3379669189453 35.8727989196777 36.0239181518555 35.153377532959 34.311107635498 34.3826484680176 34.2851867675781 33.7207450866699 33.1862373352051 32.7691459655762 33.2059364318848 34.0453567504883 33.4733772277832 33.246955871582 33.1946220397949 32.3036003112793 31.9953231811523 32.2030982971191 32.3035278320312 33.1297950744629 34.5337371826172 34.9260749816895 33.8312530517578
37.5118675231934 37.912281036377 37.9559516906738 37.7971839904785 37.5742225646973 37.4354362487793 37.216739654541 36.7373733520508 36.388916015625 37.0513763427734 37.2639350891113 36.8492546081543 36.1224021911621 36.1725921630859 36.2583923339844 36.2168045043945 36.2371673583984 36.0691528320312 35.8503150939941 35.5329818725586 35.2031898498535 34.573184967041 34.8857765197754 35.668140411377 36.0745239257812 35.9596214294434 35.2875823974609 35.1174850463867 34.6283645629883 34.1342391967773 32.9356307983398 32.5590324401855 33.5820808410645 33.442325592041 33.2401847839355 33.0129280090332 32.8009262084961 33.071720123291 32.555534362793 31.8432064056396 31.8740749359131 31.345043182373 32.149959564209 33.2223701477051 33.5007553100586 32.925048828125
37.1757469177246 37.4872550964355 37.9680557250977 37.8540420532227 37.703556060791 37.6016578674316 37.3922576904297 37.0036392211914 36.9696235656738 37.1825141906738 37.3036727905273 36.9110221862793 36.5634307861328 35.8044853210449 35.9621620178223 36.2312545776367 36.3429565429688 36.5094909667969 36.054931640625 35.8457221984863 35.4413146972656 35.0694541931152 35.1283988952637 35.6576080322266 36.0537452697754 35.9469528198242 35.2807540893555 34.552806854248 33.585636138916 33.5769996643066 33.2233810424805 33.1641502380371 33.9715156555176 33.7226905822754 32.8653755187988 32.6173515319824 33.0628089904785 32.7867622375488 32.4213218688965 31.8925437927246 31.9443950653076 31.7018928527832 31.3647365570068 32.0576019287109 32.4619598388672 32.7474555969238
37.0000953674316 37.0629005432129 37.9302215576172 37.9117851257324 37.8091888427734 37.6676139831543 37.4791450500488 37.1281661987305 37.1489105224609 37.4187622070312 37.3470306396484 37.1354217529297 36.7553939819336 36.2495346069336 36.1323280334473 36.4177398681641 36.7104911804199 36.6754951477051 36.4040908813477 35.9380722045898 35.4288940429688 35.0908088684082 35.2366714477539 35.3698272705078 35.5650329589844 35.8712539672852 34.9316902160645 34.1548500061035 33.5610008239746 33.7845726013184 33.8413238525391 33.7535514831543 34.1405792236328 33.6308517456055 33.3863868713379 33.2959136962891 32.8838882446289 32.3188514709473 32.8155136108398 33.0273933410645 32.6132316589355 32.1905670166016 31.6849269866943 32.1087265014648 32.6019477844238 32.9663848876953
37.1580848693848 37.6621246337891 37.912712097168 37.8562431335449 37.8498001098633 37.7372589111328 37.5806083679199 37.1896324157715 37.2586631774902 37.5464324951172 37.3330879211426 37.2453117370605 37.0153923034668 37.0684013366699 36.9541854858398 36.9171829223633 36.9154396057129 36.812126159668 36.575813293457 36.049388885498 35.7685089111328 35.9104423522949 36.1482315063477 36.3556213378906 36.1979370117188 35.777889251709 35.5742835998535 35.0933876037598 34.7334594726562 34.5473098754883 34.5974998474121 34.3910026550293 34.2901840209961 33.7374382019043 33.1954307556152 32.7589569091797 32.236930847168 33.2894706726074 33.552417755127 33.4946937561035 32.2253265380859 32.1601333618164 31.6897583007812 31.4290733337402 32.6644401550293 33.1797981262207
37.6050720214844 37.8105964660645 37.8518333435059 37.7548522949219 37.7528953552246 37.7836723327637 37.7086524963379 37.572193145752 37.3496208190918 37.4680213928223 37.4203453063965 37.3317413330078 37.1877288818359 37.0696067810059 36.9468574523926 36.853271484375 36.9823532104492 36.872127532959 36.7156295776367 36.5887069702148 36.4723739624023 36.4179801940918 36.2046813964844 36.301513671875 35.8615303039551 34.872917175293 34.8145637512207 34.4025039672852 33.8591041564941 34.5940895080566 34.8464393615723 34.7973365783691 34.0811500549316 33.7848777770996 33.6637344360352 33.6025428771973 33.5749855041504 33.2748641967773 33.8508071899414 34.1586532592773 33.6720924377441 33.2509002685547 32.6423950195312 32.1258125305176 33.1128425598145 33.5643920898438
36.8105850219727 37.398796081543 37.8123092651367 37.727954864502 37.5890693664551 37.6711730957031 37.6123428344727 37.4294662475586 36.9959259033203 37.0277137756348 37.3411445617676 37.1337585449219 36.5972900390625 36.7486953735352 36.9138450622559 36.3555297851562 36.7721252441406 36.9285545349121 36.8614692687988 36.7951049804688 36.7231369018555 36.3132820129395 35.6808319091797 36.0444107055664 35.8658905029297 35.5923347473145 35.5103874206543 35.1716384887695 34.8138389587402 35.0504837036133 34.9966659545898 34.7386245727539 34.3092613220215 34.5269355773926 34.4810905456543 33.5948677062988 34.1077613830566 33.3115081787109 33.6065444946289 34.3017997741699 34.2735710144043 34.035530090332 33.3301391601562 32.557487487793 33.1385841369629 33.8295516967773
35.8936462402344 36.9459762573242 37.6859817504883 37.799430847168 37.7175521850586 37.6767730712891 37.5590667724609 37.4333839416504 37.203052520752 36.6771926879883 36.264461517334 36.9853324890137 36.1439361572266 35.824333190918 36.676097869873 36.3101196289062 36.2818946838379 36.7178230285645 36.7292098999023 36.7137031555176 36.706470489502 36.6642303466797 36.514591217041 36.2722854614258 35.8545570373535 35.4741821289062 35.4797401428223 35.4050979614258 35.3379707336426 35.1526756286621 34.9808731079102 34.5879745483398 34.3196144104004 34.9048843383789 34.7799377441406 34.5207672119141 34.5187454223633 33.9864692687988 33.6570281982422 34.2716789245605 34.4390678405762 33.8630027770996 32.688232421875 31.6527481079102 32.0717277526855 33.654426574707
36.9229164123535 36.7512969970703 37.3300476074219 37.5049057006836 37.7133331298828 37.6677703857422 37.535774230957 37.3839569091797 37.2169952392578 36.9161071777344 36.2642364501953 36.6656723022461 35.616569519043 35.3646240234375 36.0967674255371 35.9442825317383 35.2703857421875 36.3213195800781 36.3019218444824 36.2691993713379 36.5020942687988 36.6377067565918 36.5284118652344 36.1068420410156 35.3000869750977 34.7458763122559 34.3754730224609 34.6792297363281 35.1864700317383 34.640453338623 34.4302635192871 33.7171058654785 34.3712463378906 35.1357688903809 34.9551124572754 34.7674865722656 34.7982406616211 34.3986206054688 34.056713104248 34.3075256347656 34.4805946350098 33.4678649902344 32.5497894287109 32.8346519470215 33.1519737243652 33.6820106506348
37.0454292297363 37.3925971984863 37.4533538818359 37.4546012878418 37.5812187194824 37.6232414245605 37.5471687316895 37.4508590698242 37.284366607666 36.8218231201172 36.4224052429199 36.0385971069336 35.6324882507324 35.2710647583008 35.7693061828613 35.6219215393066 35.6409034729004 35.4539756774902 35.2015419006348 35.1760520935059 36.2659339904785 36.5082550048828 36.4744491577148 36.359432220459 35.7902755737305 34.7056083679199 33.389331817627 34.1551246643066 34.8959884643555 34.0102920532227 34.3532180786133 34.8767700195312 35.1343040466309 35.371467590332 35.2800750732422 35.0884552001953 34.646053314209 33.8900871276855 34.2937049865723 34.4910850524902 34.7680435180664 34.453971862793 34.3079643249512 34.2814826965332 34.2317581176758 33.7278709411621
37.2754592895508 37.2573432922363 37.0940742492676 37.1847381591797 37.6163024902344 37.5009765625 37.5016326904297 37.4727897644043 37.3695487976074 37.0146179199219 35.9211387634277 35.9959335327148 35.5669746398926 34.4710922241211 35.1780891418457 34.9493637084961 34.7847595214844 34.1129951477051 34.9052810668945 35.2493705749512 36.2667541503906 36.2762107849121 36.3912124633789 36.4745330810547 35.6669006347656 34.6684036254883 33.5907936096191 34.3083152770996 34.8641777038574 34.4038276672363 34.8465118408203 35.2370147705078 35.5709190368652 35.5641059875488 35.1571960449219 34.9133148193359 34.5783805847168 34.3305969238281 34.7913856506348 34.8586235046387 34.8849830627441 34.8080978393555 34.6858520507812 34.108455657959 33.3595695495605 33.3228988647461
37.4115791320801 37.3959045410156 37.3599853515625 37.2112312316895 37.6247138977051 37.6110496520996 37.5390205383301 37.4721908569336 37.3936462402344 37.2840614318848 36.9568901062012 36.2325630187988 35.418041229248 34.2680397033691 34.5728874206543 34.5319061279297 34.112606048584 34.3785705566406 34.6111297607422 35.5724983215332 36.2895774841309 35.8880348205566 36.5250968933105 36.3690147399902 35.8105201721191 35.5775184631348 34.5935974121094 34.6803131103516 34.989574432373 34.8224143981934 35.3625144958496 35.3216552734375 35.7069244384766 35.6313285827637 35.4855613708496 35.2555732727051 34.4995307922363 34.6419868469238 34.8651161193848 34.8517723083496 34.8732757568359 34.7449951171875 34.6656265258789 34.2098999023438 34.1386871337891 34.0202369689941
