inst/extdata/Tmax/Tmax61.asc
NCOLS 100 
NROWS 79 
XLLCORNER 148.06 
YLLCORNER -21.49 
CELLSIZE 0.01 
NODATA_value -3.4e+38 
[rows 0 to 19 of 79, columns 46 to 91 of 100]
32.855167388916 32.6735572814941 32.5666999816895 32.5596961975098 32.5350189208984 32.4155464172363 32.6084823608398 32.4354629516602 32.2416152954102 32.0633354187012 31.9834423065186 31.7200527191162 31.6220951080322 31.8341121673584 32.0963745117188 32.0283966064453 31.9138450622559 31.7592716217041 31.4865055084229 31.3292045593262 31.2409992218018 -3.4e+38 -3.4e+38 -3.4e+38 -3.4e+38 -3.4e+38 -3.4e+38 -3.4e+38 -3.4e+38 -3.4e+38 -3.4e+38 -3.4e+38 -3.4e+38 -3.4e+38 -3.4e+38 -3.4e+38 -3.4e+38 -3.4e+38 -3.4e+38 -3.4e+38 -3.4e+38 -3.4e+38 -3.4e+38 -3.4e+38 -3.4e+38 -3.4e+38
32.8178672790527 32.5365371704102 32.3086204528809 32.5456085205078 32.693000793457 32.6892509460449 32.6346206665039 32.5273475646973 32.1927528381348 31.7652130126953 31.896183013916 31.3772354125977 31.8634166717529 32.1559867858887 32.1349945068359 32.0549697875977 31.9525585174561 31.8267917633057 31.643970489502 31.5613040924072 31.481897354126 31.361047744751 -3.4e+38 -3.4e+38 -3.4e+38 -3.4e+38 -3.4e+38 -3.4e+38 -3.4e+38 -3.4e+38 -3.4e+38 -3.4e+38 -3.4e+38 -3.4e+38 -3.4e+38 -3.4e+38 -3.4e+38 -3.4e+38 -3.4e+38 -3.4e+38 -3.4e+38 -3.4e+38 -3.4e+38 -3.4e+38 -3.4e+38 -3.4e+38
32.7296295166016 32.0003395080566 31.1851844787598 32.5021438598633 32.6804656982422 32.6821746826172 32.6515922546387 32.5925064086914 32.365592956543 31.7917251586914 31.8829612731934 32.0090370178223 32.0778579711914 32.2190322875977 32.1830215454102 32.0952644348145 32.0111198425293 31.9172954559326 31.7952785491943 31.5791931152344 31.5572509765625 31.4165687561035 31.2206954956055 30.9842109680176 -3.4e+38 -3.4e+38 -3.4e+38 -3.4e+38 -3.4e+38 -3.4e+38 -3.4e+38 -3.4e+38 -3.4e+38 -3.4e+38 -3.4e+38 -3.4e+38 -3.4e+38 -3.4e+38 -3.4e+38 -3.4e+38 -3.4e+38 -3.4e+38 -3.4e+38 -3.4e+38 -3.4e+38 -3.4e+38
32.3053855895996 32.3575172424316 31.3020858764648 32.3730163574219 32.5469360351562 32.5935096740723 32.6439819335938 32.5424346923828 32.409423828125 32.0828742980957 31.9834117889404 31.7285289764404 32.0583724975586 32.178035736084 32.1966552734375 32.1080589294434 32.0514945983887 31.9832916259766 31.8441753387451 31.4830951690674 31.3177871704102 31.3449039459229 31.2959213256836 31.2280426025391 31.0830593109131 30.7540454864502 -3.4e+38 -3.4e+38 -3.4e+38 -3.4e+38 -3.4e+38 -3.4e+38 -3.4e+38 -3.4e+38 -3.4e+38 -3.4e+38 -3.4e+38 -3.4e+38 -3.4e+38 -3.4e+38 -3.4e+38 -3.4e+38 -3.4e+38 -3.4e+38 -3.4e+38 -3.4e+38
32.2883567810059 32.302864074707 31.1360015869141 31.3505020141602 32.1020050048828 32.5798645019531 32.6520957946777 32.5084075927734 32.4717445373535 32.1609268188477 31.8759441375732 31.6816253662109 31.300708770752 31.9118499755859 32.1489219665527 32.0685501098633 32.096736907959 32.0434951782227 31.8058166503906 31.0722408294678 30.5700817108154 31.3069553375244 31.3855037689209 31.3242168426514 31.1139373779297 30.8943920135498 -3.4e+38 -3.4e+38 -3.4e+38 -3.4e+38 -3.4e+38 -3.4e+38 -3.4e+38 -3.4e+38 -3.4e+38 -3.4e+38 -3.4e+38 -3.4e+38 -3.4e+38 -3.4e+38 -3.4e+38 -3.4e+38 -3.4e+38 -3.4e+38 -3.4e+38 -3.4e+38
31.4681396484375 32.1665687561035 30.6791648864746 30.0604362487793 31.7525596618652 32.6463279724121 32.5745468139648 32.5098495483398 32.447639465332 32.046443939209 31.1582908630371 30.8242626190186 31.1358699798584 32.0276260375977 31.9269790649414 32.0877876281738 32.1265335083008 32.0533409118652 31.958812713623 31.3245086669922 30.5972537994385 30.6592693328857 31.1599750518799 31.2332191467285 31.2232189178467 31.1589221954346 -3.4e+38 -3.4e+38 -3.4e+38 -3.4e+38 -3.4e+38 -3.4e+38 -3.4e+38 -3.4e+38 -3.4e+38 -3.4e+38 -3.4e+38 -3.4e+38 -3.4e+38 -3.4e+38 -3.4e+38 -3.4e+38 -3.4e+38 -3.4e+38 -3.4e+38 -3.4e+38
30.5963516235352 32.1442794799805 31.533618927002 31.4439010620117 32.3650131225586 32.6063842773438 32.4305686950684 32.3125839233398 32.4468307495117 31.970287322998 31.2681140899658 31.2466526031494 31.8766975402832 31.9880199432373 31.0851287841797 31.9397487640381 31.9910430908203 31.9874782562256 32.0151519775391 31.7327518463135 31.3498344421387 31.0745868682861 31.2916507720947 31.052791595459 31.3028602600098 31.3378562927246 31.2212734222412 30.9938449859619 -3.4e+38 -3.4e+38 -3.4e+38 -3.4e+38 -3.4e+38 -3.4e+38 -3.4e+38 -3.4e+38 -3.4e+38 -3.4e+38 -3.4e+38 -3.4e+38 -3.4e+38 -3.4e+38 -3.4e+38 -3.4e+38 -3.4e+38 -3.4e+38
29.7862071990967 32.160026550293 32.5797538757324 32.3858909606934 31.4117870330811 31.6510429382324 32.240592956543 32.3722686767578 32.509895324707 32.3153190612793 31.928186416626 31.5090599060059 31.5207405090332 31.7186832427979 31.2679538726807 31.9409561157227 31.2331657409668 31.1824703216553 31.8593101501465 31.9691925048828 31.8006210327148 31.5436363220215 31.4341793060303 31.4779205322266 31.4442596435547 31.4132461547852 31.2454299926758 31.1264343261719 30.8935012817383 30.4407196044922 30.4193725585938 -3.4e+38 -3.4e+38 -3.4e+38 -3.4e+38 -3.4e+38 -3.4e+38 -3.4e+38 -3.4e+38 -3.4e+38 -3.4e+38 -3.4e+38 -3.4e+38 -3.4e+38 -3.4e+38 -3.4e+38
29.7190647125244 31.7003211975098 32.5888137817383 32.4674415588379 31.6326103210449 30.1762084960938 31.4748401641846 32.4516258239746 32.5081405639648 32.3838806152344 32.229076385498 31.9604148864746 31.9641990661621 31.7804069519043 31.2602958679199 31.186975479126 30.7606945037842 31.4962024688721 31.7793350219727 31.8370571136475 31.8427505493164 31.4847946166992 31.0879573822021 30.7600955963135 31.4334564208984 31.4860496520996 31.3717842102051 31.2232894897461 31.1152648925781 30.6214561462402 30.5216941833496 30.6463928222656 -3.4e+38 -3.4e+38 -3.4e+38 -3.4e+38 -3.4e+38 -3.4e+38 -3.4e+38 -3.4e+38 -3.4e+38 -3.4e+38 -3.4e+38 -3.4e+38 -3.4e+38 -3.4e+38
30.6257724761963 31.7064819335938 32.4613494873047 32.4385108947754 32.3985633850098 31.0632648468018 31.3454990386963 32.3556365966797 32.5086288452148 32.3785858154297 32.1798896789551 31.9171619415283 31.7808895111084 31.872428894043 31.2129364013672 30.9092750549316 30.8153381347656 31.8972969055176 31.733814239502 31.4271125793457 31.8003692626953 31.7497425079346 31.5432147979736 31.1943588256836 31.5837860107422 31.5268974304199 31.372688293457 31.4187812805176 31.2814598083496 31.0382537841797 30.6689033508301 30.6722660064697 -3.4e+38 -3.4e+38 -3.4e+38 -3.4e+38 -3.4e+38 -3.4e+38 -3.4e+38 -3.4e+38 -3.4e+38 -3.4e+38 -3.4e+38 -3.4e+38 -3.4e+38 -3.4e+38
29.7074146270752 31.5500736236572 31.910472869873 31.6887130737305 32.0156288146973 32.2631492614746 31.9712238311768 32.378345489502 32.4607772827148 32.3473854064941 32.175163269043 31.9865894317627 31.7764949798584 32.1120338439941 31.9455032348633 31.8439884185791 31.8911056518555 32.0851745605469 32.0710830688477 31.5298023223877 31.0694999694824 31.707555770874 31.8745822906494 31.3677406311035 31.3738288879395 31.2247924804688 31.1905059814453 31.5108299255371 31.384593963623 31.1491012573242 -3.4e+38 -3.4e+38 -3.4e+38 -3.4e+38 -3.4e+38 -3.4e+38 -3.4e+38 -3.4e+38 -3.4e+38 -3.4e+38 -3.4e+38 -3.4e+38 -3.4e+38 -3.4e+38 -3.4e+38 -3.4e+38
29.0297393798828 30.0198345184326 30.3451728820801 30.0708389282227 31.1016502380371 31.7537956237793 32.1094512939453 32.3717651367188 32.3566551208496 32.2598304748535 32.0752868652344 31.8820247650146 31.7245979309082 32.3237457275391 32.3018455505371 32.1539916992188 32.1525268554688 32.2317504882812 32.2618827819824 32.1533584594727 31.7696838378906 31.5528755187988 31.9175090789795 31.7194290161133 31.4738903045654 31.5986976623535 31.6335182189941 31.3863754272461 31.2957878112793 31.1736030578613 -3.4e+38 -3.4e+38 -3.4e+38 -3.4e+38 -3.4e+38 -3.4e+38 -3.4e+38 -3.4e+38 -3.4e+38 -3.4e+38 -3.4e+38 -3.4e+38 -3.4e+38 -3.4e+38 -3.4e+38 -3.4e+38
29.0288639068604 28.0111064910889 27.3717575073242 27.5057373046875 29.7145042419434 30.2718391418457 31.5173034667969 31.8626499176025 32.1660270690918 32.0433082580566 31.8245544433594 32.1406784057617 32.1322479248047 32.0187187194824 32.4427223205566 32.4138984680176 32.3406982421875 32.339282989502 32.3413162231445 32.3128509521484 32.2572174072266 32.1678047180176 32.0152702331543 31.9562320709229 31.6528396606445 31.7375297546387 31.7216033935547 31.457592010498 31.2044105529785 31.1255054473877 31.0437297821045 30.7931537628174 -3.4e+38 -3.4e+38 -3.4e+38 -3.4e+38 -3.4e+38 -3.4e+38 -3.4e+38 -3.4e+38 -3.4e+38 -3.4e+38 -3.4e+38 -3.4e+38 -3.4e+38 -3.4e+38
29.0389461517334 28.220947265625 27.2949161529541 26.7426624298096 27.3539543151855 28.2153224945068 30.1929264068604 31.4196166992188 32.1401290893555 31.956729888916 31.4567642211914 32.0492210388184 32.3625297546387 32.3974380493164 32.4065399169922 32.4219703674316 32.4376792907715 32.416088104248 32.384220123291 32.3446578979492 32.3061866760254 32.234691619873 32.153881072998 32.0659446716309 31.8241939544678 31.8603458404541 31.7671375274658 31.5632858276367 31.3229961395264 31.2650375366211 31.2267017364502 31.1075572967529 30.8650951385498 -3.4e+38 -3.4e+38 -3.4e+38 -3.4e+38 30.3621616363525 30.373607635498 -3.4e+38 -3.4e+38 -3.4e+38 -3.4e+38 -3.4e+38 -3.4e+38 -3.4e+38
29.6545391082764 28.3181838989258 27.4048080444336 27.0141620635986 27.5721454620361 27.3204078674316 28.5528411865234 30.3424606323242 31.6805324554443 32.0511856079102 30.9562759399414 31.7920207977295 32.2213516235352 31.757080078125 31.8323669433594 32.2359848022461 32.3280334472656 32.38818359375 32.3331718444824 32.2009162902832 32.2327575683594 32.1728515625 32.1704521179199 32.115421295166 32.0349464416504 31.8948707580566 31.7881660461426 31.6472492218018 31.5151920318604 31.4298286437988 31.3932933807373 31.2733497619629 30.9532413482666 -3.4e+38 -3.4e+38 -3.4e+38 -3.4e+38 30.4826469421387 30.4142189025879 30.543493270874 30.5142345428467 30.3256435394287 -3.4e+38 -3.4e+38 -3.4e+38 -3.4e+38
29.616979598999 28.296085357666 27.4517822265625 27.9085884094238 27.6843948364258 28.1003494262695 27.8398971557617 29.3117847442627 31.4963970184326 32.2094039916992 31.1781883239746 31.1291389465332 31.9288291931152 30.0685234069824 31.0704402923584 31.4457473754883 31.9861621856689 32.3609428405762 32.3348045349121 32.2370758056641 32.2257499694824 32.1941223144531 32.1957626342773 32.1377487182617 32.0629997253418 31.8161563873291 31.785608291626 31.7150268554688 31.65602684021 31.6033306121826 31.5139122009277 31.3855228424072 31.2256183624268 -3.4e+38 -3.4e+38 30.9941787719727 30.8077564239502 30.5834140777588 30.4427509307861 30.2213039398193 30.3328609466553 30.5047626495361 -3.4e+38 -3.4e+38 -3.4e+38 -3.4e+38
28.1940002441406 26.8891830444336 26.8338317871094 28.1727294921875 28.5243873596191 28.4300727844238 27.9932823181152 28.3640632629395 30.7610816955566 32.0286521911621 32.0388565063477 31.2051658630371 31.7096519470215 30.3338718414307 30.3351879119873 30.3961524963379 31.6943988800049 32.3533897399902 32.3567771911621 32.3634223937988 32.3568420410156 32.2881202697754 32.2298164367676 31.9838638305664 31.9785423278809 31.861026763916 31.8351345062256 31.8188133239746 31.7773456573486 31.6955413818359 31.6030044555664 31.5022144317627 31.4030647277832 -3.4e+38 31.241584777832 31.2056503295898 31.1247692108154 -3.4e+38 30.5969905853271 -3.4e+38 30.2936191558838 -3.4e+38 -3.4e+38 -3.4e+38 -3.4e+38 -3.4e+38
28.1557235717773 26.6416854858398 25.9155426025391 28.5876941680908 28.8016586303711 28.1286010742188 27.7242279052734 27.8539543151855 29.4594917297363 31.750337600708 31.8560314178467 31.4233150482178 31.5287418365479 31.6289672851562 30.9604549407959 32.0512924194336 32.2668304443359 32.3579483032227 32.3838691711426 32.3610305786133 32.3482398986816 32.2994651794434 32.2529411315918 32.1529731750488 32.1285667419434 32.0519866943359 31.9944591522217 31.9359741210938 31.8276119232178 31.7933368682861 31.7179470062256 31.6399974822998 31.5662002563477 31.4822216033936 31.4233722686768 31.4029731750488 31.2593364715576 -3.4e+38 -3.4e+38 -3.4e+38 -3.4e+38 -3.4e+38 -3.4e+38 30.499382019043 -3.4e+38 -3.4e+38
29.9986362457275 29.664924621582 27.4240207672119 29.0078372955322 27.4628734588623 27.4632358551025 27.9178447723389 28.2253971099854 30.3307704925537 31.711763381958 31.4130630493164 30.7959671020508 31.6458759307861 32.0394668579102 32.1295738220215 32.1820869445801 32.2886734008789 31.9612522125244 32.1031455993652 32.2541656494141 32.2222747802734 32.2439842224121 32.2413291931152 32.1998634338379 32.1591110229492 32.1045455932617 32.0574150085449 31.9153938293457 31.5789337158203 31.6975440979004 31.782262802124 31.7483253479004 31.6912384033203 31.5981884002686 31.5444602966309 31.4749279022217 31.3432655334473 31.2259292602539 31.1146068572998 31.0419845581055 31.0192794799805 30.9135475158691 30.6827049255371 30.5024280548096 -3.4e+38 -3.4e+38
30.0855655670166 29.2113246917725 29.8766498565674 29.6775684356689 28.2109928131104 28.2431621551514 27.8350849151611 28.0496501922607 30.1214447021484 31.4258594512939 31.8296890258789 31.5893783569336 31.9166851043701 32.1910209655762 32.0537033081055 31.9088878631592 32.0868606567383 31.8087902069092 31.6370067596436 31.7996292114258 32.1139144897461 32.1653518676758 32.1737442016602 32.1959686279297 32.1848411560059 32.1461639404297 32.0854339599609 31.8818264007568 31.6057014465332 31.7910957336426 31.7552070617676 31.8287620544434 31.7127094268799 31.6465396881104 31.5947360992432 31.4764156341553 31.3926277160645 31.3398990631104 31.2940902709961 31.2487392425537 31.2050495147705 31.0813980102539 30.768030166626 30.4394359588623 30.4699039459229 -3.4e+38
