inst/extdata/Tmax/Tmax110.asc
NCOLS 100 
NROWS 79 
XLLCORNER 148.06 
YLLCORNER -21.49 
CELLSIZE 0.01 
NODATA_value -3.4e+38 
[rows 40 to 59 of 79, columns 46 to 91 of 100]
36.4417610168457 37.1922302246094 37.5016784667969 38.1726226806641 39.3977432250977 40.0896644592285 39.7039604187012 38.2080383300781 37.8868141174316 38.3811378479004 38.7308082580566 40.0043601989746 39.684642791748 39.8063087463379 39.1503868103027 39.8473434448242 39.9445304870605 39.6967430114746 39.7303924560547 39.7634735107422 39.7182273864746 39.0108833312988 39.2562408447266 39.4450988769531 39.4675598144531 39.4530715942383 39.3411102294922 39.0298500061035 39.1144409179688 39.2030448913574 39.1179466247559 38.9862174987793 38.7398376464844 37.8706398010254 38.0242958068848 38.433521270752 38.3402786254883 38.2456893920898 38.3724021911621 37.9750633239746 37.4427871704102 37.7290458679199 37.9077186584473 37.7422904968262 37.8878211975098 37.871826171875
37.519157409668 38.4197082519531 38.3224258422852 38.2564506530762 39.4402694702148 40.3169860839844 39.4330368041992 39.0955581665039 39.5112190246582 39.5374603271484 39.7581596374512 40.2330093383789 40.110523223877 40.0833053588867 39.9373779296875 40.1093330383301 40.0979156494141 40.0105934143066 39.9397125244141 39.9145431518555 39.8462867736816 39.440071105957 38.898250579834 39.1145324707031 39.0174293518066 39.3111877441406 39.4845161437988 39.106517791748 39.0490646362305 39.271556854248 39.2386779785156 39.1536178588867 39.0114059448242 38.5788459777832 38.7060279846191 38.6856880187988 38.5135841369629 38.4770812988281 38.5121726989746 38.5612716674805 37.8825302124023 38.0013236999512 38.3722877502441 38.2136497497559 38.2712059020996 38.1867942810059
39.4340476989746 39.5373153686523 39.6413307189941 39.969181060791 40.1802711486816 40.4837837219238 40.135814666748 39.701042175293 40.0471878051758 40.3034858703613 40.1897659301758 40.3783416748047 40.3634986877441 40.2672996520996 40.2078514099121 40.2148208618164 40.1826553344727 40.1256790161133 40.0627365112305 40.0146064758301 39.8965950012207 39.2000274658203 39.0166702270508 39.3300323486328 38.9216194152832 39.1848411560059 39.447437286377 39.3295783996582 39.2398948669434 39.364330291748 39.3282661437988 39.2917098999023 39.2325172424316 39.1250114440918 39.0270347595215 38.7648277282715 38.1306800842285 38.4915046691895 38.8072891235352 38.7701034545898 38.6383781433105 38.5677757263184 38.6121292114258 38.6030540466309 38.598087310791 38.5167655944824
40.4069290161133 40.3856430053711 40.4461669921875 40.5162734985352 40.650707244873 40.6541404724121 40.5554046630859 40.3474922180176 40.4341201782227 40.5523147583008 40.498893737793 40.4950523376465 40.4401473999023 40.3739624023438 40.3478584289551 40.2744369506836 40.188232421875 40.1308135986328 40.1125679016113 40.0921897888184 40.0053520202637 39.7980880737305 39.5787162780762 39.6576499938965 39.5210189819336 39.1508865356445 39.3036117553711 39.4417152404785 39.4972763061523 39.4649353027344 39.4133033752441 39.3754425048828 39.3230438232422 39.2625694274902 39.2246971130371 39.0815773010254 38.7363204956055 38.9062576293945 38.9891929626465 38.9453506469727 38.8754463195801 38.8413391113281 38.7999954223633 38.7792091369629 38.7519340515137 38.6859855651855
40.2869606018066 40.4525756835938 40.6098556518555 40.5782318115234 40.5812683105469 40.616771697998 40.6159744262695 40.6271781921387 40.6082077026367 40.5284194946289 40.3257598876953 40.3645095825195 40.2704048156738 40.0440444946289 40.1346778869629 40.1757888793945 40.0554275512695 40.0930633544922 40.1174850463867 40.1093521118164 40.0616416931152 39.9288101196289 39.6669158935547 39.4436683654785 39.5555953979492 39.6130714416504 39.5965805053711 39.5756187438965 39.5299034118652 39.5120582580566 39.4515724182129 39.4121131896973 39.3507919311523 39.2911186218262 39.2755851745605 39.1897010803223 39.1426239013672 39.105884552002 39.0356674194336 39.0030364990234 38.9400329589844 38.8994636535645 38.8700141906738 38.8307189941406 38.7398452758789 38.7126808166504
38.9059829711914 39.4887466430664 39.7818565368652 39.9115600585938 40.1545028686523 40.3501434326172 40.272045135498 40.3808555603027 40.3406944274902 40.1831665039062 39.5639381408691 39.537525177002 39.5577507019043 38.3988456726074 39.0848541259766 39.6011772155762 39.9569778442383 40.1519737243652 40.172737121582 40.1469230651855 40.0931282043457 39.9274406433105 39.5787887573242 39.2744102478027 39.4175567626953 39.5400276184082 39.5806617736816 39.521484375 39.5198974609375 39.5335807800293 39.4861373901367 39.4513854980469 39.4050102233887 39.3656997680664 39.3109016418457 39.2002296447754 39.1601104736328 39.1220664978027 39.0706672668457 39.0330009460449 38.9670829772949 38.9302253723145 38.8927040100098 38.8297653198242 38.7958221435547 38.7669868469238
36.988842010498 37.9932670593262 37.8862228393555 37.8315315246582 38.8545265197754 39.2203826904297 39.2786560058594 39.4445610046387 39.7529678344727 39.2470169067383 38.6823692321777 38.2021903991699 38.6786499023438 38.545352935791 38.8470344543457 39.6537818908691 40.1063957214355 40.1987419128418 40.1799697875977 40.12255859375 40.0968360900879 40.0640602111816 39.7250518798828 39.431755065918 39.3050117492676 39.4348526000977 39.5321083068848 39.56103515625 39.590690612793 39.5701522827148 39.5335578918457 39.5059700012207 39.4669876098633 39.4138488769531 39.3285942077637 39.2420959472656 39.2059936523438 39.170654296875 39.1292266845703 39.087890625 39.0223388671875 38.9887657165527 38.9563789367676 38.9055709838867 38.8718109130859 38.7571754455566
37.1060180664062 37.0228118896484 36.8372001647949 36.8738975524902 36.7984657287598 37.3880882263184 38.3606300354004 38.8438529968262 38.9500312805176 38.8174896240234 39.1755294799805 39.0113868713379 38.8530921936035 39.2545700073242 39.4349784851074 40.0183525085449 40.1592559814453 40.136962890625 40.0504951477051 40.0923767089844 40.1172294616699 40.108470916748 39.9607353210449 39.6967353820801 39.3561058044434 39.4833984375 39.5699005126953 39.6332092285156 39.6471099853516 39.6387176513672 39.596607208252 39.5528526306152 39.4779052734375 39.396842956543 39.3246040344238 39.2611770629883 39.237247467041 39.2156105041504 39.178050994873 39.1379432678223 39.0821495056152 39.053581237793 39.019603729248 38.9766159057617 38.8194160461426 38.6369094848633
36.8170127868652 36.8762588500977 37.0376892089844 36.7765731811523 36.6737823486328 36.7170906066895 37.3980865478516 38.6750106811523 39.0582580566406 39.1589393615723 38.982349395752 39.0884666442871 39.2724723815918 39.4519348144531 39.4567718505859 39.7932815551758 40.025505065918 39.9838943481445 39.9366989135742 40.1061782836914 40.1218910217285 40.0877304077148 40.0985488891602 39.9924736022949 39.8637924194336 39.7774887084961 39.7885780334473 39.7866630554199 39.7592926025391 39.7288475036621 39.6623382568359 39.5876235961914 39.5011940002441 39.3847770690918 39.326789855957 39.3178100585938 39.2932472229004 39.274715423584 39.2553291320801 39.2161140441895 39.1709632873535 39.1411972045898 39.1026077270508 39.0654067993164 38.9314079284668 38.7870178222656
36.8966102600098 37.017635345459 37.0136871337891 36.7155570983887 37.0988845825195 37.7434005737305 37.8027267456055 38.7636642456055 39.0999031066895 39.2214202880859 39.0274810791016 39.3524131774902 39.5234680175781 39.4886741638184 39.5173950195312 39.3896255493164 39.422607421875 39.5528984069824 39.7795448303223 39.9884567260742 39.9963264465332 39.9621429443359 40.083324432373 40.0685882568359 40.0317649841309 39.9534339904785 39.8862838745117 39.7334518432617 39.7429847717285 39.7558860778809 39.6828002929688 39.5783157348633 39.5191459655762 39.3615570068359 39.2883071899414 39.3605995178223 39.3315658569336 39.2911567687988 39.3009033203125 39.2767486572266 39.2207183837891 39.1963386535645 39.1591377258301 39.1016426086426 39.0148811340332 38.9116706848145
36.9435577392578 36.8192825317383 36.9782791137695 36.7129402160645 37.2291450500488 38.0861434936523 38.3384819030762 38.7684059143066 39.2818298339844 39.5870513916016 39.5495452880859 39.6032676696777 39.620044708252 39.6047477722168 39.5582466125488 39.4663047790527 39.4768905639648 39.2403030395508 38.9433822631836 39.7308731079102 39.5896148681641 39.8571243286133 40.0437126159668 40.0387191772461 40.0264778137207 39.9524917602539 39.853645324707 39.6788024902344 39.7456092834473 39.7822227478027 39.6274337768555 39.4890365600586 39.4693298339844 39.4264297485352 39.4179191589355 39.4265441894531 39.4023361206055 39.3642234802246 39.335033416748 39.3296203613281 39.2850685119629 39.2399597167969 39.1861000061035 39.1256332397461 39.0596351623535 38.9444046020508
36.5935516357422 36.547248840332 36.8456268310547 36.3196029663086 36.4195671081543 38.0107612609863 38.5976219177246 39.0621643066406 39.2901458740234 39.4710159301758 39.4673500061035 39.4354286193848 39.2501640319824 39.2147827148438 39.3787422180176 39.4244995117188 39.6328659057617 39.5399131774902 39.362476348877 39.3508758544922 39.1765441894531 39.7038497924805 39.9471626281738 40.0234794616699 39.982307434082 39.9305763244629 39.6581878662109 39.38427734375 39.754207611084 39.8114013671875 39.5829772949219 39.3562889099121 39.4930686950684 39.4962539672852 39.4870834350586 39.4226837158203 39.3925476074219 39.367000579834 39.3537635803223 39.3169441223145 39.2713890075684 39.2554473876953 39.2089653015137 39.1503410339355 39.0869560241699 38.9846153259277
36.3131484985352 36.1840133666992 36.5322036743164 36.4211044311523 36.4726181030273 37.2483673095703 38.063793182373 38.5608558654785 38.908618927002 39.1565322875977 39.0675315856934 38.9786834716797 38.993537902832 39.174503326416 39.68994140625 39.7147216796875 39.8103294372559 39.6978340148926 39.5959167480469 39.4308624267578 39.1945152282715 39.6340942382812 39.9079093933105 39.9981231689453 39.9091110229492 39.9120941162109 39.6254234313965 38.9720878601074 39.6156463623047 39.824161529541 39.5992393493652 39.4150238037109 39.5192489624023 39.4519729614258 39.3787155151367 39.3542175292969 39.3594245910645 39.2904281616211 39.2032508850098 39.1567840576172 39.1791191101074 39.2015609741211 39.2207145690918 39.1701354980469 39.1088523864746 39.0216865539551
37.2800369262695 36.3969841003418 36.4656219482422 36.7637825012207 37.0579147338867 37.9068756103516 37.9375228881836 38.5413551330566 39.1371726989746 39.3608894348145 39.5791549682617 39.623119354248 39.6868209838867 39.8173561096191 39.9185752868652 39.897777557373 39.8205642700195 39.8330535888672 39.7659721374512 39.5536613464355 39.3478507995605 39.328010559082 39.6666145324707 39.7856864929199 39.6920890808105 39.9330444335938 39.8351974487305 39.3777160644531 39.7122001647949 39.860710144043 39.665470123291 39.5173683166504 39.4334182739258 39.1828575134277 39.2824325561523 39.1992149353027 39.1729545593262 38.8586807250977 38.8922271728516 38.1700439453125 39.0304222106934 39.1628303527832 39.2426986694336 39.2093276977539 39.1518783569336 39.0653038024902
37.8901557922363 37.0154075622559 36.5536003112793 37.1983261108398 37.7190322875977 38.2800636291504 38.3145637512207 38.6657447814941 39.2322006225586 39.5221939086914 39.5094757080078 39.4871559143066 39.7617378234863 39.8528633117676 39.8968315124512 39.8305816650391 39.9414520263672 39.9960021972656 39.9318466186523 39.7085113525391 39.5253448486328 39.4268264770508 39.480167388916 39.4547462463379 39.4106712341309 39.8303604125977 39.9223251342773 39.699089050293 39.4721984863281 39.8028564453125 39.4509239196777 38.880802154541 39.2728500366211 39.3549346923828 39.5193099975586 39.4725532531738 39.4104881286621 39.3529663085938 39.1685638427734 38.4689064025879 38.9646110534668 39.1460342407227 39.22265625 39.2146682739258 39.1715087890625 39.0872535705566
37.9442329406738 37.18115234375 36.6775245666504 37.746654510498 38.5322036743164 38.8379440307617 39.3953285217285 39.5441970825195 39.6723861694336 39.7234764099121 39.5305862426758 39.464168548584 39.8503265380859 39.8811149597168 39.8503875732422 39.8494758605957 39.8930435180664 39.8438873291016 40.1824951171875 39.9643859863281 39.7008285522461 39.5527687072754 39.4935684204102 39.3573417663574 39.3391304016113 39.7242202758789 39.9316253662109 39.8413963317871 39.7151107788086 39.8948135375977 39.3835372924805 38.6124458312988 38.9286613464355 39.3592910766602 39.349552154541 39.0381126403809 39.043643951416 39.3670616149902 39.4101295471191 39.3471984863281 39.3178367614746 39.2741050720215 39.2444839477539 39.2046966552734 39.1811752319336 39.1117401123047
37.8508110046387 36.9945297241211 36.5801582336426 37.577693939209 38.6202392578125 38.8632621765137 38.3691444396973 39.405948638916 39.3320693969727 38.8672370910645 39.5609092712402 39.6874847412109 39.6694984436035 39.6781997680664 39.6532096862793 39.7583160400391 39.8152847290039 39.8588256835938 40.1736259460449 40.2169647216797 40.011100769043 39.7462387084961 39.58251953125 39.5034523010254 39.3142623901367 39.5943183898926 39.8790245056152 39.8614234924316 39.9601440429688 39.9741706848145 39.5776176452637 38.3460159301758 38.7669563293457 38.3952445983887 38.6031761169434 38.068790435791 38.6878433227539 39.3597984313965 39.4014511108398 39.4063453674316 39.3621101379395 39.2673225402832 39.1561889648438 39.1892280578613 39.1665191650391 39.1088447570801
37.8466453552246 37.1786003112793 37.2044067382812 37.6133041381836 38.3568878173828 38.6572036743164 38.970401763916 39.1246223449707 38.0603561401367 37.9580574035645 39.1333808898926 38.3248863220215 38.5818977355957 38.892692565918 39.4079093933105 39.7050094604492 39.7796974182129 39.8999404907227 40.1099891662598 40.1609077453613 40.1378402709961 39.9207534790039 39.6477012634277 39.6694221496582 39.5582466125488 39.6764144897461 39.6479759216309 39.5072059631348 39.8505020141602 39.9435157775879 39.7327423095703 39.2184104919434 38.1894607543945 36.7533760070801 36.8545188903809 38.0060005187988 38.968505859375 39.3488121032715 39.3872375488281 39.3114128112793 39.2573699951172 39.0659103393555 38.9447402954102 39.154598236084 38.9415702819824 38.922779083252
37.8573989868164 37.5216636657715 37.3203125 37.555103302002 38.0392951965332 38.652961730957 38.754711151123 38.3868598937988 37.9719314575195 38.6237602233887 38.9607887268066 38.1415367126465 38.3661231994629 38.6671028137207 39.3627014160156 39.6150360107422 39.7976036071777 40.079402923584 40.336067199707 40.1675300598145 40.010124206543 40.1796188354492 39.9516906738281 39.7955055236816 39.6591033935547 39.6142387390137 39.6431198120117 39.546199798584 39.7381439208984 39.9322814941406 39.9026145935059 39.5168609619141 38.9916877746582 37.8093299865723 37.346981048584 38.0789756774902 38.9976806640625 39.3410453796387 39.3447303771973 38.9930648803711 39.1147499084473 39.1970481872559 39.0179824829102 39.0210342407227 38.7625541687012 38.875057220459
37.5817108154297 37.372802734375 36.9404029846191 37.2007484436035 37.8204574584961 37.9126205444336 38.2319526672363 38.4674224853516 38.667667388916 38.717357635498 38.9400634765625 39.0708999633789 39.5399932861328 39.5690383911133 39.6398696899414 39.2422256469727 39.9141807556152 40.145809173584 40.2546081542969 40.0075798034668 40.0295600891113 40.1269378662109 40.1541595458984 40.0796508789062 39.8563690185547 39.7647819519043 39.4887657165527 39.5676116943359 39.8055419921875 39.8295478820801 39.8756713867188 39.8622550964355 39.4505767822266 38.9583969116211 38.2986679077148 38.0481376647949 38.8070945739746 39.2969284057617 38.9261283874512 38.5265083312988 39.0932159423828 39.2242279052734 38.9968872070312 38.4332809448242 38.6323928833008 38.9220695495605
