inst/extdata/Tmax/Tmax134.asc
NCOLS 100 
NROWS 79 
XLLCORNER 148.06 
YLLCORNER -21.49 
CELLSIZE 0.01 
NODATA_value -3.4e+38 
[rows 0 to 19 of 79, columns 46 to 91 of 100]
38.5005989074707 38.3257713317871 38.2071113586426 38.1646957397461 38.1067428588867 37.9552803039551 38.063419342041 37.8898315429688 37.6992034912109 37.519172668457 37.3868789672852 37.1164245605469 36.9697341918945 37.0537033081055 37.1564254760742 36.9897918701172 36.7922134399414 36.5490684509277 36.202320098877 35.9101409912109 35.6246490478516 -3.4e+38 -3.4e+38 -3.4e+38 -3.4e+38 -3.4e+38 -3.4e+38 -3.4e+38 -3.4e+38 -3.4e+38 -3.4e+38 -3.4e+38 -3.4e+38 -3.4e+38 -3.4e+38 -3.4e+38 -3.4e+38 -3.4e+38 -3.4e+38 -3.4e+38 -3.4e+38 -3.4e+38 -3.4e+38 -3.4e+38 -3.4e+38 -3.4e+38
38.4882774353027 38.2357177734375 38.0209617614746 38.1749725341797 38.2515602111816 38.1906623840332 38.1130180358887 37.992603302002 37.6925659179688 37.3015289306641 37.3316535949707 36.8593826293945 37.1745223999023 37.3155937194824 37.2136650085449 37.0452346801758 36.8681716918945 36.6638526916504 36.4079627990723 36.2183570861816 36.0144348144531 35.7892875671387 -3.4e+38 -3.4e+38 -3.4e+38 -3.4e+38 -3.4e+38 -3.4e+38 -3.4e+38 -3.4e+38 -3.4e+38 -3.4e+38 -3.4e+38 -3.4e+38 -3.4e+38 -3.4e+38 -3.4e+38 -3.4e+38 -3.4e+38 -3.4e+38 -3.4e+38 -3.4e+38 -3.4e+38 -3.4e+38 -3.4e+38 -3.4e+38
38.4268798828125 37.8075370788574 37.0939903259277 38.1528854370117 38.2567977905273 38.2033500671387 38.1467170715332 38.0522193908691 37.827953338623 37.3269653320312 37.3279266357422 37.3645668029785 37.3503227233887 37.3815650939941 37.2758255004883 37.111385345459 36.958553314209 36.7952766418457 36.6085510253906 36.357006072998 36.214599609375 35.9358367919922 35.5714378356934 35.1228103637695 -3.4e+38 -3.4e+38 -3.4e+38 -3.4e+38 -3.4e+38 -3.4e+38 -3.4e+38 -3.4e+38 -3.4e+38 -3.4e+38 -3.4e+38 -3.4e+38 -3.4e+38 -3.4e+38 -3.4e+38 -3.4e+38 -3.4e+38 -3.4e+38 -3.4e+38 -3.4e+38 -3.4e+38 -3.4e+38
38.1212730407715 38.1360931396484 37.231689453125 38.0899848937988 38.1955451965332 38.173023223877 38.1692543029785 38.0444564819336 37.8929977416992 37.5893859863281 37.4425315856934 37.1869583129883 37.3802299499512 37.4021186828613 37.3436737060547 37.1869506835938 37.0675239562988 36.93701171875 36.7580528259277 36.4053497314453 36.1398086547852 36.020133972168 35.833065032959 35.6383361816406 35.3553733825684 34.7394714355469 -3.4e+38 -3.4e+38 -3.4e+38 -3.4e+38 -3.4e+38 -3.4e+38 -3.4e+38 -3.4e+38 -3.4e+38 -3.4e+38 -3.4e+38 -3.4e+38 -3.4e+38 -3.4e+38 -3.4e+38 -3.4e+38 -3.4e+38 -3.4e+38 -3.4e+38 -3.4e+38
38.1249732971191 38.1107368469238 37.1125717163086 37.2667846679688 37.854923248291 38.1738624572754 38.1880264282227 38.0329399108887 37.9567718505859 37.6691093444824 37.380802154541 37.1757888793945 36.8200988769531 37.2388076782227 37.3524780273438 37.2110176086426 37.1632537841797 37.0565223693848 36.803394317627 36.1646118164062 35.6668739318848 36.1156997680664 36.0666007995605 35.9087905883789 35.5348587036133 35.038890838623 -3.4e+38 -3.4e+38 -3.4e+38 -3.4e+38 -3.4e+38 -3.4e+38 -3.4e+38 -3.4e+38 -3.4e+38 -3.4e+38 -3.4e+38 -3.4e+38 -3.4e+38 -3.4e+38 -3.4e+38 -3.4e+38 -3.4e+38 -3.4e+38 -3.4e+38 -3.4e+38
37.460018157959 38.0182228088379 36.7407493591309 36.1880912780762 37.5811157226562 38.2374839782715 38.1437759399414 38.0506973266602 37.9575462341309 37.6014442443848 36.8291816711426 36.5122108459473 36.7187919616699 37.3641510009766 37.2318496704102 37.2771263122559 37.2459945678711 37.1210289001465 36.9711112976074 36.4209022521973 35.7719993591309 35.7452774047852 36.0258445739746 35.9335021972656 35.7546195983887 35.496509552002 -3.4e+38 -3.4e+38 -3.4e+38 -3.4e+38 -3.4e+38 -3.4e+38 -3.4e+38 -3.4e+38 -3.4e+38 -3.4e+38 -3.4e+38 -3.4e+38 -3.4e+38 -3.4e+38 -3.4e+38 -3.4e+38 -3.4e+38 -3.4e+38 -3.4e+38 -3.4e+38
36.7355270385742 38.0099449157715 37.4747695922852 37.3699188232422 38.0896034240723 38.2210922241211 38.0490417480469 37.916934967041 37.9770927429199 37.5636291503906 36.9433708190918 36.8837509155273 37.336555480957 37.3726043701172 36.6200752258301 37.2178726196289 37.1929931640625 37.1220970153809 37.0701942443848 36.7930755615234 36.4216957092285 36.1399841308594 36.1941528320312 35.9020156860352 35.9591102600098 35.8460159301758 35.6298065185547 35.2012977600098 -3.4e+38 -3.4e+38 -3.4e+38 -3.4e+38 -3.4e+38 -3.4e+38 -3.4e+38 -3.4e+38 -3.4e+38 -3.4e+38 -3.4e+38 -3.4e+38 -3.4e+38 -3.4e+38 -3.4e+38 -3.4e+38 -3.4e+38 -3.4e+38
36.049560546875 38.0236625671387 38.330020904541 38.1438789367676 37.3167953491211 37.4638519287109 37.9077072143555 37.971996307373 38.0364761352539 37.8456039428711 37.4869689941406 37.1137275695801 37.0813522338867 37.1932334899902 36.7961273193359 37.2472610473633 36.6473731994629 36.5514755249023 37.0058059692383 37.0249061584473 36.8090782165527 36.5380744934082 36.3659477233887 36.3050079345703 36.1877021789551 36.0461578369141 35.750186920166 35.4462738037109 35.0103034973145 34.4577255249023 34.3987731933594 -3.4e+38 -3.4e+38 -3.4e+38 -3.4e+38 -3.4e+38 -3.4e+38 -3.4e+38 -3.4e+38 -3.4e+38 -3.4e+38 -3.4e+38 -3.4e+38 -3.4e+38 -3.4e+38 -3.4e+38
36.0237426757812 37.6735572814941 38.366886138916 38.2393913269043 37.5324249267578 36.266845703125 37.3241844177246 38.0701332092285 38.0746841430664 37.9398384094238 37.7643775939941 37.5162544250488 37.4785232543945 37.2941703796387 36.8384056091309 36.7169990539551 36.331413269043 36.8579368591309 37.0191535949707 36.9977760314941 36.9096565246582 36.5737609863281 36.2045593261719 35.8862762451172 36.2990417480469 36.1952323913574 35.9732055664062 35.719612121582 35.4990501403809 34.9362945556641 34.4974479675293 34.5639228820801 -3.4e+38 -3.4e+38 -3.4e+38 -3.4e+38 -3.4e+38 -3.4e+38 -3.4e+38 -3.4e+38 -3.4e+38 -3.4e+38 -3.4e+38 -3.4e+38 -3.4e+38 -3.4e+38
36.8067817687988 37.6916580200195 38.2789039611816 38.2304916381836 38.1673965454102 37.0280303955078 37.2364311218262 38.0162620544434 38.0978584289551 37.9607200622559 37.753963470459 37.5122337341309 37.3669090270996 37.394229888916 36.8320960998535 36.5317611694336 36.4146461486816 37.2087020874023 37.0279541015625 36.7349243164062 36.931941986084 36.8329277038574 36.6157684326172 36.2830200195312 36.4739685058594 36.3125114440918 36.0972557067871 36.0248489379883 35.7632217407227 35.3235130310059 34.6106758117676 34.5919914245605 -3.4e+38 -3.4e+38 -3.4e+38 -3.4e+38 -3.4e+38 -3.4e+38 -3.4e+38 -3.4e+38 -3.4e+38 -3.4e+38 -3.4e+38 -3.4e+38 -3.4e+38 -3.4e+38
36.0427665710449 37.5747261047363 37.8470840454102 37.6379013061523 37.8767776489258 38.0259323120117 37.7651405334473 38.054759979248 38.0842552185059 37.9618072509766 37.777416229248 37.5937423706055 37.3894081115723 37.6074485778809 37.4371795654297 37.3004837036133 37.2932510375977 37.3857460021973 37.319019317627 36.8578338623047 36.43310546875 36.8626518249512 36.9176979064941 36.4673461914062 36.3906326293945 36.1839065551758 36.0670738220215 36.1499862670898 35.8756828308105 35.4602203369141 -3.4e+38 -3.4e+38 -3.4e+38 -3.4e+38 -3.4e+38 -3.4e+38 -3.4e+38 -3.4e+38 -3.4e+38 -3.4e+38 -3.4e+38 -3.4e+38 -3.4e+38 -3.4e+38 -3.4e+38 -3.4e+38
35.4847755432129 36.3008613586426 36.5536117553711 36.2999687194824 37.1412315368652 37.633659362793 37.8949317932129 38.0707969665527 38.0269889831543 37.9188461303711 37.7239799499512 37.5357360839844 37.3746871948242 37.7979698181152 37.7406272888184 37.5716781616211 37.5220222473145 37.5303764343262 37.5007476806641 37.3691368103027 37.014289855957 36.7955131530762 36.9980926513672 36.783805847168 36.5248718261719 36.495548248291 36.4001350402832 36.0795135498047 35.8352546691895 35.5129127502441 -3.4e+38 -3.4e+38 -3.4e+38 -3.4e+38 -3.4e+38 -3.4e+38 -3.4e+38 -3.4e+38 -3.4e+38 -3.4e+38 -3.4e+38 -3.4e+38 -3.4e+38 -3.4e+38 -3.4e+38 -3.4e+38
35.4886093139648 34.6144599914551 34.0623741149902 34.155876159668 35.9852256774902 36.411506652832 37.4253425598145 37.6784248352051 37.8905563354492 37.761474609375 37.5386161804199 37.7517585754395 37.7092132568359 37.5851898193359 37.8686294555664 37.7854652404785 37.6847381591797 37.636890411377 37.5910835266113 37.5226249694824 37.4058723449707 37.2831001281738 37.1029586791992 36.9776725769043 36.6665954589844 36.6112518310547 36.4839363098145 36.1609802246094 35.8205490112305 35.562141418457 35.2228050231934 34.773983001709 -3.4e+38 -3.4e+38 -3.4e+38 -3.4e+38 -3.4e+38 -3.4e+38 -3.4e+38 -3.4e+38 -3.4e+38 -3.4e+38 -3.4e+38 -3.4e+38 -3.4e+38 -3.4e+38
35.5293731689453 34.8230743408203 34.0315170288086 33.5554580688477 34.0458831787109 34.725528717041 36.3629302978516 37.3565788269043 37.9070663452148 37.7302513122559 37.2829742431641 37.721981048584 37.9295768737793 37.9191627502441 37.8847236633301 37.8377151489258 37.8062973022461 37.7469291687012 37.6799507141113 37.5984764099121 37.4893608093262 37.371826171875 37.2393531799316 37.0961303710938 36.8349304199219 36.7496299743652 36.5761070251465 36.3124008178711 36.0066566467285 35.8193206787109 35.6109199523926 35.3702049255371 34.9188613891602 -3.4e+38 -3.4e+38 -3.4e+38 -3.4e+38 34.2668762207031 34.2533416748047 -3.4e+38 -3.4e+38 -3.4e+38 -3.4e+38 -3.4e+38 -3.4e+38 -3.4e+38
36.0642356872559 34.920352935791 34.1388931274414 33.7971801757812 34.2447967529297 33.9988288879395 35.0105819702148 36.4834442138672 37.5588340759277 37.8254585266113 36.8979873657227 37.5436477661133 37.8462600708008 37.4485282897949 37.4714279174805 37.7271347045898 37.7571334838867 37.7615013122559 37.6657295227051 37.5101928710938 37.4533538818359 37.3471603393555 37.2756004333496 37.1606216430664 37.0213050842285 36.8178787231445 36.6466217041016 36.4443855285645 36.2444000244141 36.0749435424805 35.9263610839844 35.6705551147461 35.1723594665527 -3.4e+38 -3.4e+38 -3.4e+38 -3.4e+38 34.3616485595703 34.2919082641602 34.361930847168 34.3038482666016 34.1499252319336 -3.4e+38 -3.4e+38 -3.4e+38 -3.4e+38
36.0474891662598 34.917308807373 34.19384765625 34.5594024658203 34.3555450439453 34.6659851074219 34.4334869384766 35.6413078308105 37.4285850524902 37.9706993103027 37.1011962890625 37.032844543457 37.640438079834 36.1078948974609 36.8931045532227 37.1435623168945 37.5218353271484 37.7554931640625 37.6831245422363 37.5552444458008 37.469066619873 37.3864898681641 37.3223419189453 37.2104568481445 37.082935333252 36.8099365234375 36.7068176269531 36.5721244812012 36.4442024230957 36.3244819641113 36.1145782470703 35.863109588623 35.566089630127 -3.4e+38 -3.4e+38 35.1499671936035 34.8172569274902 34.4420547485352 34.3216247558594 34.1440773010254 34.1856269836426 34.2864761352539 -3.4e+38 -3.4e+38 -3.4e+38 -3.4e+38
34.862621307373 33.7546844482422 33.6939163208008 34.7969398498535 35.0743980407715 34.9577560424805 34.578125 34.8685722351074 36.8446311950684 37.8487586975098 37.810977935791 37.1142463684082 37.4889793395996 36.3483390808105 36.3189849853516 36.3168487548828 37.3107452392578 37.7655258178711 37.717472076416 37.6688537597656 37.588695526123 37.4830665588379 37.3790550231934 37.1353569030762 37.0655326843262 36.895378112793 36.8066864013672 36.7240028381348 36.6254959106445 36.4652137756348 36.2669258117676 36.0746765136719 35.884464263916 -3.4e+38 35.6001281738281 35.5297393798828 35.3889656066895 -3.4e+38 34.4396133422852 -3.4e+38 34.1674957275391 -3.4e+38 -3.4e+38 -3.4e+38 -3.4e+38 -3.4e+38
34.8347434997559 33.552490234375 32.9028739929199 35.1502456665039 35.3121719360352 34.7116775512695 34.3603630065918 34.4511680603027 35.7711524963379 37.6347999572754 37.6749649047852 37.3001251220703 37.3559684753418 37.3998794555664 36.8288841247559 37.6342353820801 37.7549285888672 37.7775917053223 37.7484321594238 37.6811828613281 37.599681854248 37.5121002197266 37.4211463928223 37.2895011901855 37.2117195129395 37.0788993835449 36.9759712219238 36.8714179992676 36.7098655700684 36.5982360839844 36.4331855773926 36.2901725769043 36.1505928039551 36.0207481384277 35.9283828735352 35.8620071411133 35.6074409484863 -3.4e+38 -3.4e+38 -3.4e+38 -3.4e+38 -3.4e+38 -3.4e+38 34.2528266906738 -3.4e+38 -3.4e+38
36.4209136962891 36.1229705810547 34.222957611084 35.5354385375977 34.2243194580078 34.1892623901367 34.5555152893066 34.7952003479004 36.5305824279785 37.6381530761719 37.354850769043 36.8231163024902 37.4774360656738 37.751392364502 37.7827682495117 37.7666816711426 37.805477142334 37.5134620666504 37.576976776123 37.6430435180664 37.550666809082 37.5191955566406 37.4652786254883 37.3816070556641 37.2977714538574 37.1872825622559 37.0953521728516 36.9226531982422 36.6063385009766 36.6185340881348 36.5876693725586 36.4953384399414 36.3885841369629 36.2668495178223 36.1877212524414 36.038990020752 35.8062629699707 35.5772666931152 35.3711204528809 35.2363357543945 35.1882286071777 35.0027122497559 34.6005821228027 34.2805328369141 -3.4e+38 -3.4e+38
36.5087127685547 35.7544822692871 36.2982406616211 36.1133193969727 34.865119934082 34.8564796447754 34.5027389526367 34.6642456054688 36.3731994628906 37.4223442077637 37.7004280090332 37.4771270751953 37.7036056518555 37.8821144104004 37.7390403747559 37.5727272033691 37.670467376709 37.4163856506348 37.2428588867188 37.3250007629395 37.4985466003418 37.4930038452148 37.4520225524902 37.4197196960449 37.3629112243652 37.2649841308594 37.1596832275391 36.9497909545898 36.6855773925781 36.7584915161133 36.6534957885742 36.6531944274902 36.513786315918 36.4208831787109 36.3388404846191 36.1325531005859 35.9655075073242 35.8292350769043 35.7163276672363 35.6257858276367 35.5430793762207 35.340404510498 34.8530921936035 34.2451553344727 34.2473030090332 -3.4e+38
