inst/extdata/Tmax/Tmax137.asc
NCOLS 100 
NROWS 79 
XLLCORNER 148.06 
YLLCORNER -21.49 
CELLSIZE 0.01 
NODATA_value -3.4e+38 
[rows 0 to 19 of 79, columns 46 to 91 of 100]
40.4958419799805 40.3356246948242 40.2385215759277 40.2266616821289 40.1991081237793 40.0776634216309 40.2376670837402 40.0834197998047 39.9104995727539 39.7498588562012 39.6621589660645 39.421802520752 39.3235282897949 39.4906425476074 39.6918907165527 39.603687286377 39.4825057983398 39.3241882324219 39.0631828308105 38.8917465209961 38.759838104248 -3.4e+38 -3.4e+38 -3.4e+38 -3.4e+38 -3.4e+38 -3.4e+38 -3.4e+38 -3.4e+38 -3.4e+38 -3.4e+38 -3.4e+38 -3.4e+38 -3.4e+38 -3.4e+38 -3.4e+38 -3.4e+38 -3.4e+38 -3.4e+38 -3.4e+38 -3.4e+38 -3.4e+38 -3.4e+38 -3.4e+38 -3.4e+38 -3.4e+38
40.4597702026367 40.213077545166 40.0099983215332 40.2102508544922 40.3295593261719 40.3067283630371 40.2567253112793 40.1585693359375 39.8647766113281 39.4830741882324 39.5781860351562 39.1120796203613 39.5240478515625 39.7554473876953 39.7184791564941 39.6215362548828 39.5127792358398 39.3821296691895 39.2015419006348 39.1028213500977 38.9947776794434 38.8651237487793 -3.4e+38 -3.4e+38 -3.4e+38 -3.4e+38 -3.4e+38 -3.4e+38 -3.4e+38 -3.4e+38 -3.4e+38 -3.4e+38 -3.4e+38 -3.4e+38 -3.4e+38 -3.4e+38 -3.4e+38 -3.4e+38 -3.4e+38 -3.4e+38 -3.4e+38 -3.4e+38 -3.4e+38 -3.4e+38 -3.4e+38 -3.4e+38
40.369213104248 39.7258720397949 38.9862098693848 40.157787322998 40.3045616149902 40.286922454834 40.2575607299805 40.1973876953125 39.9941368103027 39.4873504638672 39.547981262207 39.6446952819824 39.6894912719727 39.7922897338867 39.7441062927246 39.6425628662109 39.5511932373047 39.4508666992188 39.3262748718262 39.1237983703613 39.0680046081543 38.9124336242676 38.6975936889648 38.4364471435547 -3.4e+38 -3.4e+38 -3.4e+38 -3.4e+38 -3.4e+38 -3.4e+38 -3.4e+38 -3.4e+38 -3.4e+38 -3.4e+38 -3.4e+38 -3.4e+38 -3.4e+38 -3.4e+38 -3.4e+38 -3.4e+38 -3.4e+38 -3.4e+38 -3.4e+38 -3.4e+38 -3.4e+38 -3.4e+38
40.0046348571777 40.0465126037598 39.0979232788086 40.050952911377 40.1960144042969 40.2157821655273 40.253059387207 40.1570243835449 40.0334396362305 39.7426300048828 39.6370048522949 39.4044227600098 39.676342010498 39.7627105712891 39.7617797851562 39.6609916687012 39.5953903198242 39.5193367004395 39.3847198486328 39.0605888366699 38.8798751831055 38.8736915588379 38.7973365783691 38.706241607666 38.5433578491211 38.176326751709 -3.4e+38 -3.4e+38 -3.4e+38 -3.4e+38 -3.4e+38 -3.4e+38 -3.4e+38 -3.4e+38 -3.4e+38 -3.4e+38 -3.4e+38 -3.4e+38 -3.4e+38 -3.4e+38 -3.4e+38 -3.4e+38 -3.4e+38 -3.4e+38 -3.4e+38 -3.4e+38
39.9847679138184 39.9936828613281 38.9416770935059 39.1339263916016 39.8017730712891 40.1966857910156 40.2525939941406 40.1207962036133 40.0792922973633 39.8028945922852 39.5369262695312 39.35693359375 39.0111236572266 39.532356262207 39.7192153930664 39.6271171569824 39.6344985961914 39.5735931396484 39.3554191589355 38.7086715698242 38.238109588623 38.8541374206543 38.8951263427734 38.8165626525879 38.5887794494629 38.3217239379883 -3.4e+38 -3.4e+38 -3.4e+38 -3.4e+38 -3.4e+38 -3.4e+38 -3.4e+38 -3.4e+38 -3.4e+38 -3.4e+38 -3.4e+38 -3.4e+38 -3.4e+38 -3.4e+38 -3.4e+38 -3.4e+38 -3.4e+38 -3.4e+38 -3.4e+38 -3.4e+38
39.2447547912598 39.8683624267578 38.516658782959 37.9411506652832 39.4842987060547 40.2461929321289 40.1796760559082 40.1151275634766 40.0521469116211 39.6972312927246 38.8950309753418 38.5865592956543 38.8584632873535 39.6271514892578 39.5284080505371 39.642162322998 39.660285949707 39.5815391540527 39.4826354980469 38.925651550293 38.2637786865234 38.3057479858398 38.7167434692383 38.7449226379395 38.6960105895996 38.5866088867188 -3.4e+38 -3.4e+38 -3.4e+38 -3.4e+38 -3.4e+38 -3.4e+38 -3.4e+38 -3.4e+38 -3.4e+38 -3.4e+38 -3.4e+38 -3.4e+38 -3.4e+38 -3.4e+38 -3.4e+38 -3.4e+38 -3.4e+38 -3.4e+38 -3.4e+38 -3.4e+38
38.440559387207 39.8416442871094 39.2904853820801 39.2048797607422 40.0172958374023 40.2051200866699 40.0494651794434 39.9391860961914 40.0449676513672 39.6242980957031 38.9868125915527 38.9597625732422 39.5044593811035 39.5892448425293 38.7899475097656 39.5150680541992 39.5435371398926 39.5239028930664 39.5293006896973 39.2741508483887 38.9191513061523 38.6679000854492 38.8289070129395 38.5983505249023 38.7799682617188 38.7699928283691 38.6398391723633 38.386962890625 -3.4e+38 -3.4e+38 -3.4e+38 -3.4e+38 -3.4e+38 -3.4e+38 -3.4e+38 -3.4e+38 -3.4e+38 -3.4e+38 -3.4e+38 -3.4e+38 -3.4e+38 -3.4e+38 -3.4e+38 -3.4e+38 -3.4e+38 -3.4e+38
37.6727828979492 39.8377838134766 40.1995849609375 40.0245170593262 39.153133392334 39.3501052856445 39.8674354553223 39.9731330871582 40.0817832946777 39.9056549072266 39.5524482727051 39.1757278442383 39.177360534668 39.3412399291992 38.9363059997559 39.5006637573242 38.874137878418 38.8172492980957 39.3869285583496 39.4639320373535 39.2908706665039 39.0559539794922 38.940673828125 38.9545669555664 38.9027709960938 38.8415908813477 38.6584587097168 38.506290435791 38.2474098205566 37.8027801513672 37.7575607299805 -3.4e+38 -3.4e+38 -3.4e+38 -3.4e+38 -3.4e+38 -3.4e+38 -3.4e+38 -3.4e+38 -3.4e+38 -3.4e+38 -3.4e+38 -3.4e+38 -3.4e+38 -3.4e+38 -3.4e+38
37.6151313781738 39.4303817749023 40.210277557373 40.098274230957 39.3546409606934 38.0097427368164 39.1926918029785 40.0443534851074 40.0837059020996 39.9679641723633 39.8163146972656 39.5747489929199 39.5685501098633 39.3993072509766 38.9324035644531 38.848201751709 38.4591484069824 39.0961227416992 39.3265533447266 39.3593940734863 39.3328552246094 39.013744354248 38.6553039550781 38.3541450500488 38.909912109375 38.9135398864746 38.7828674316406 38.6218605041504 38.4955062866211 38.0181541442871 37.839282989502 37.9349403381348 -3.4e+38 -3.4e+38 -3.4e+38 -3.4e+38 -3.4e+38 -3.4e+38 -3.4e+38 -3.4e+38 -3.4e+38 -3.4e+38 -3.4e+38 -3.4e+38 -3.4e+38 -3.4e+38
38.4491195678711 39.4293518066406 40.0926742553711 40.0662460327148 40.0245895385742 38.8161239624023 39.069751739502 39.9552192687988 40.0780830383301 39.95751953125 39.7682151794434 39.5314559936523 39.4035148620605 39.4727439880371 38.8840141296387 38.5955505371094 38.5025291442871 39.4376907348633 39.2830848693848 39.0038452148438 39.2945442199707 39.238094329834 39.0456924438477 38.7287445068359 39.0356826782227 38.9517822265625 38.7952651977539 38.8063354492188 38.650505065918 38.3790969848633 37.9506874084473 37.9422492980957 -3.4e+38 -3.4e+38 -3.4e+38 -3.4e+38 -3.4e+38 -3.4e+38 -3.4e+38 -3.4e+38 -3.4e+38 -3.4e+38 -3.4e+38 -3.4e+38 -3.4e+38 -3.4e+38
37.5945701599121 39.2819786071777 39.6001243591309 39.3967132568359 39.6818351745605 39.8799743652344 39.6205291748047 39.9684295654297 40.0310287475586 39.9247817993164 39.7582817077637 39.5856552124023 39.3928413391113 39.6732864379883 39.5189247131348 39.4111671447754 39.4404754638672 39.592227935791 39.5652084350586 39.087890625 38.6617393493652 39.2011566162109 39.3242416381836 38.8738212585449 38.857967376709 38.7007026672363 38.6478157043457 38.8803863525391 38.7287063598633 38.4703178405762 -3.4e+38 -3.4e+38 -3.4e+38 -3.4e+38 -3.4e+38 -3.4e+38 -3.4e+38 -3.4e+38 -3.4e+38 -3.4e+38 -3.4e+38 -3.4e+38 -3.4e+38 -3.4e+38 -3.4e+38 -3.4e+38
36.9599647521973 37.8757629394531 38.1723861694336 37.9158401489258 38.855712890625 39.4239311218262 39.7353515625 39.9563751220703 39.9352416992188 39.8431701660156 39.6651649475098 39.4875755310059 39.3406181335449 39.8486175537109 39.8187866210938 39.6721153259277 39.6577186584473 39.7110137939453 39.7219200134277 39.6157379150391 39.2629623413086 39.0649299621582 39.356689453125 39.1702537536621 38.9408645629883 39.0101547241211 39.007999420166 38.7639274597168 38.6429214477539 38.4826469421387 -3.4e+38 -3.4e+38 -3.4e+38 -3.4e+38 -3.4e+38 -3.4e+38 -3.4e+38 -3.4e+38 -3.4e+38 -3.4e+38 -3.4e+38 -3.4e+38 -3.4e+38 -3.4e+38 -3.4e+38 -3.4e+38
36.9432678222656 35.9933242797852 35.3956184387207 35.5176544189453 37.5662078857422 38.0631217956543 39.1928215026855 39.4936103820801 39.7526206970215 39.6373023986816 39.4280052185059 39.6947631835938 39.6778450012207 39.5698509216309 39.9223861694336 39.8758926391602 39.8007583618164 39.7861251831055 39.7740669250488 39.7360649108887 39.6601753234863 39.5710945129395 39.4233589172363 39.3510780334473 39.0708084106445 39.1060981750488 39.0619773864746 38.8056373596191 38.5522994995117 38.4340171813965 38.2859954833984 38.0066299438477 -3.4e+38 -3.4e+38 -3.4e+38 -3.4e+38 -3.4e+38 -3.4e+38 -3.4e+38 -3.4e+38 -3.4e+38 -3.4e+38 -3.4e+38 -3.4e+38 -3.4e+38 -3.4e+38
36.9578475952148 36.1944236755371 35.3304328918457 34.8146743774414 35.3799209594727 36.1645011901855 37.9937705993652 39.102237701416 39.7324829101562 39.5637588500977 39.1050033569336 39.617977142334 39.8789672851562 39.8982696533203 39.894229888916 39.8856773376465 39.8863067626953 39.8551254272461 39.8150939941406 39.7663536071777 39.7033500671387 39.6272239685059 39.5384826660156 39.4423179626465 39.2151489257812 39.210033416748 39.1029243469238 38.9003868103027 38.6633338928223 38.5766487121582 38.486213684082 38.3431243896484 38.0880813598633 -3.4e+38 -3.4e+38 -3.4e+38 -3.4e+38 37.6319122314453 37.6569900512695 -3.4e+38 -3.4e+38 -3.4e+38 -3.4e+38 -3.4e+38 -3.4e+38 -3.4e+38
37.5239562988281 36.280876159668 35.4291458129883 35.0636138916016 35.5790328979492 35.3294525146484 36.4738807678223 38.1197280883789 39.320629119873 39.6393089294434 38.650032043457 39.3863182067871 39.7508430480957 39.3372039794922 39.3928680419922 39.7209014892578 39.7876205444336 39.8262825012207 39.7637367248535 39.6350402832031 39.6314277648926 39.5654830932617 39.5433387756348 39.4755554199219 39.3848876953125 39.2334938049316 39.1175117492676 38.9711837768555 38.8312072753906 38.7296752929688 38.6679077148438 38.5513229370117 38.2231292724609 -3.4e+38 -3.4e+38 -3.4e+38 -3.4e+38 37.7822723388672 37.7285385131836 37.8706130981445 37.8471717834473 37.6751174926758 -3.4e+38 -3.4e+38 -3.4e+38 -3.4e+38
37.4842185974121 36.2563056945801 35.4692840576172 35.8905944824219 35.679500579834 36.0494041442871 35.8082275390625 37.1667327880859 39.1496734619141 39.7702598571777 38.842357635498 38.7910499572754 39.4894638061523 37.8190879821777 38.7141342163086 39.0280380249023 39.4868621826172 39.7930450439453 39.755184173584 39.6559371948242 39.6161613464355 39.5745124816895 39.5565872192383 39.4872627258301 39.4029083251953 39.1630401611328 39.113899230957 39.0302810668945 38.960636138916 38.9213981628418 38.8285255432129 38.7041473388672 38.5428161621094 -3.4e+38 -3.4e+38 38.3270034790039 38.1394500732422 37.9133834838867 37.7881546020508 37.5840148925781 37.6992149353027 37.8838043212891 -3.4e+38 -3.4e+38 -3.4e+38 -3.4e+38
36.1603965759277 34.9464645385742 34.8924865722656 36.1316833496094 36.4543571472168 36.3505058288574 35.9460868835449 36.2857398986816 38.4818000793457 39.6054191589355 39.5963821411133 38.8513984680176 39.289924621582 38.0530281066895 38.0465049743652 38.0833854675293 39.2238731384277 39.7768363952637 39.7643508911133 39.7537040710449 39.7181968688965 39.6459312438965 39.5781364440918 39.3511924743652 39.3268508911133 39.1976509094238 39.1547355651855 39.1458740234375 39.1186370849609 39.0488815307617 38.9549255371094 38.8629913330078 38.7676200866699 -3.4e+38 38.6206741333008 38.5884170532227 38.5157470703125 -3.4e+38 37.9721450805664 -3.4e+38 37.6920013427734 -3.4e+38 -3.4e+38 -3.4e+38 -3.4e+38 -3.4e+38
36.109489440918 34.7024841308594 33.9920043945312 36.5004386901855 36.6948280334473 36.0553512573242 35.6811370849609 35.7976875305176 37.2756156921387 39.342041015625 39.417552947998 39.026912689209 39.1118659973145 39.1899719238281 38.5875282287598 39.5252876281738 39.6972808837891 39.7608413696289 39.7677917480469 39.7327156066895 39.6925277709961 39.6376075744629 39.5805511474609 39.4778518676758 39.442325592041 39.3715438842773 39.3286895751953 39.2851905822754 39.1911392211914 39.169246673584 39.0942497253418 39.0302314758301 38.9628524780273 38.8869819641113 38.8382987976074 38.8208694458008 38.6794891357422 -3.4e+38 -3.4e+38 -3.4e+38 -3.4e+38 -3.4e+38 -3.4e+38 37.9583511352539 -3.4e+38 -3.4e+38
37.8189010620117 37.5078887939453 35.4309539794922 36.8938789367676 35.4606323242188 35.4446067810059 35.8655776977539 36.1462287902832 38.0757904052734 39.3097229003906 39.0274810791016 38.4671783447266 39.2148361206055 39.5482864379883 39.6145248413086 39.637752532959 39.7159461975098 39.4211235046387 39.5291175842285 39.6430473327637 39.5871429443359 39.5927429199219 39.5737075805664 39.5423545837402 39.5158233642578 39.4670906066895 39.4347801208496 39.3090019226074 38.995189666748 39.1225814819336 39.2052459716797 39.1882972717285 39.1393241882324 39.055362701416 39.0124893188477 38.9416656494141 38.8132591247559 38.699047088623 38.5927200317383 38.5290451049805 38.5121078491211 38.4136161804199 38.1800155639648 38.001091003418 -3.4e+38 -3.4e+38
37.8933486938477 37.0842666625977 37.6930999755859 37.5058860778809 36.1488342285156 36.1618576049805 35.7847366333008 35.9790992736816 37.8784561157227 39.0479698181152 39.3867835998535 39.1654815673828 39.4428596496582 39.6701889038086 39.5396003723145 39.3924598693848 39.5337982177734 39.2805404663086 39.118480682373 39.2455406188965 39.4875526428223 39.5193023681641 39.5376014709473 39.5725212097168 39.5755043029785 39.5424118041992 39.4964447021484 39.3116302490234 39.0574684143066 39.251148223877 39.2179565429688 39.3088188171387 39.2011299133301 39.144962310791 39.1036224365234 38.9819145202637 38.9040870666504 38.8583984375 38.8214263916016 38.786979675293 38.7472991943359 38.6303596496582 38.3121604919434 37.9701385498047 38.0155220031738 -3.4e+38
