inst/extdata/Tmax/Tmax89.asc
NCOLS 100 
NROWS 79 
XLLCORNER 148.06 
YLLCORNER -21.49 
CELLSIZE 0.01 
NODATA_value -3.4e+38 
[rows 40 to 59 of 79, columns 0 to 45 of 100]
36.321834564208999 36.0903511047363 36.1248817443848 36.1595916748047 36.0599670410156 36.166316986084 36.1347770690918 35.9647903442383 35.5558090209961 35.9407424926758 36.5115814208984 36.8100547790527 36.8515205383301 36.9064140319824 36.9744338989258 36.7935104370117 36.5623779296875 36.253849029541 35.7456245422363 36.1944885253906 36.194278717041 36.1082191467285 36.0605545043945 35.7117042541504 34.9197311401367 34.3541717529297 34.1909446716309 34.2793426513672 34.3903160095215 33.8354454040527 33.2746772766113 33.6602821350098 34.7899780273438 34.5583572387695 34.3383636474609 34.6386566162109 34.5708656311035 34.2934684753418 34.1073875427246 33.7171821594238 33.689037322998 32.9590797424316 32.4755668640137 32.4858551025391 32.2788276672363 32.1549987792969
36.4602737426758 36.122501373291 36.0199241638184 36.118579864502 36.0353202819824 36.1145286560059 36.1313095092773 36.0442314147949 35.8310546875 35.9468116760254 36.2544975280762 36.5787887573242 36.7928237915039 36.9517478942871 37.0003280639648 36.8746147155762 36.6145057678223 36.1698265075684 35.8785057067871 36.0162315368652 36.0447807312012 35.8464241027832 36.014087677002 35.7724800109863 35.1888656616211 34.7550430297852 34.2208938598633 34.1557426452637 34.3497161865234 33.973072052002 33.6060218811035 34.1752548217773 34.7836303710938 34.1278076171875 33.4967651367188 34.1786918640137 34.2292213439941 34.4238433837891 34.399341583252 34.2024154663086 34.105297088623 33.490047454834 32.2954254150391 32.2060394287109 32.2848434448242 32.2651023864746
36.3423194885254 36.308162689209 36.1257934570312 36.0264587402344 36.0875663757324 36.1140823364258 36.1047286987305 36.0781326293945 36.0550575256348 36.0200958251953 36.0716018676758 36.5084381103516 36.8031044006348 36.9410781860352 36.9622688293457 36.9282989501953 36.7356109619141 36.4513397216797 36.2551803588867 36.2199630737305 36.1505546569824 35.5840301513672 35.5286979675293 35.7344551086426 35.7656059265137 35.3816452026367 34.6243209838867 34.3391990661621 34.2777481079102 34.0873146057129 33.3033866882324 34.2599411010742 34.3163604736328 33.3756256103516 32.665153503418 33.4707450866699 33.4811058044434 34.0625305175781 34.2168655395508 33.9596252441406 33.7657165527344 33.8296356201172 33.3233680725098 33.1499938964844 33.5303192138672 34.415943145752
36.0386734008789 36.1342086791992 36.1267013549805 36.1290168762207 36.1618919372559 36.1621780395508 36.1422462463379 36.1034927368164 36.1595077514648 36.1403198242188 36.1555709838867 36.5308151245117 36.7599639892578 36.9069061279297 36.9343795776367 36.9572677612305 36.8757705688477 36.6879768371582 36.444164276123 36.4863929748535 36.3368644714355 36.116569519043 35.5203857421875 35.2150650024414 35.8169364929199 35.6358108520508 35.2859230041504 34.8658981323242 34.5768165588379 34.4294090270996 33.7340240478516 33.6688652038574 34.2935600280762 33.8556289672852 33.2961654663086 32.8967971801758 32.9833450317383 33.2086029052734 33.4172134399414 33.2243461608887 32.845817565918 33.4891510009766 33.1213073730469 33.9603652954102 35.529655456543 36.1766242980957
35.7864227294922 35.9620742797852 35.948413848877 35.9553260803223 36.1250228881836 36.2324333190918 36.2675743103027 36.2251281738281 36.286003112793 36.334156036377 36.4914779663086 36.6239395141602 36.7469673156738 36.845703125 36.9087791442871 36.9648017883301 36.9479713439941 36.8228378295898 36.6895217895508 36.6536483764648 36.5436553955078 36.425121307373 36.1623268127441 35.9794235229492 35.8285102844238 35.4262351989746 35.6629409790039 35.5594902038574 35.2802238464355 34.6825942993164 34.1524696350098 34.1555595397949 34.4416770935059 34.5938339233398 34.3401565551758 33.317569732666 32.176456451416 32.158992767334 32.2629661560059 32.5640907287598 32.4733505249023 32.9657211303711 32.5673675537109 33.3047370910645 34.8671836853027 36.1968612670898
35.8068084716797 35.8747406005859 35.7428512573242 35.6525115966797 35.8388671875 36.0398635864258 36.2560729980469 36.3688545227051 36.4356346130371 36.5249290466309 36.5941276550293 36.536247253418 36.3444747924805 36.6856689453125 36.8977432250977 36.9489860534668 36.9599342346191 36.9048614501953 36.8301811218262 36.778923034668 36.7038726806641 36.6175346374512 36.5741233825684 36.0346603393555 35.7311706542969 35.6698875427246 35.7547798156738 35.609245300293 35.4486465454102 35.001220703125 33.9131813049316 34.1026458740234 34.3793487548828 34.441764831543 34.5347480773926 33.7517509460449 32.6298217773438 32.438060760498 32.4797515869141 32.8685607910156 32.3725242614746 32.6996612548828 33.0539665222168 33.3360176086426 34.1141014099121 35.1559257507324
35.6869850158691 35.6741218566895 35.6853218078613 35.6267204284668 35.5463447570801 35.6034545898438 36.0534782409668 36.1715240478516 36.2868309020996 36.3103141784668 36.5120582580566 36.6160469055176 36.4014129638672 36.6386108398438 36.8487396240234 36.9263229370117 36.9445381164551 36.890007019043 36.860179901123 36.8300552368164 36.7687530517578 36.7166175842285 36.6316680908203 36.2125778198242 35.4874839782715 35.5913543701172 35.7575073242188 35.5623664855957 35.5233383178711 35.3988380432129 34.7012977600098 34.4263381958008 34.1205825805664 34.3546752929688 34.4806709289551 34.0727195739746 33.1544723510742 33.4078826904297 32.9617462158203 33.5799827575684 33.1125602722168 33.2658042907715 33.3793640136719 33.4868927001953 33.4954490661621 33.346363067627
36.0752563476562 35.5235252380371 35.4571762084961 35.4167022705078 35.3999214172363 35.5157814025879 35.8037185668945 35.7706985473633 35.9984436035156 36.0488395690918 36.1272811889648 36.1968688964844 36.3695602416992 36.6277236938477 36.8038749694824 36.9162521362305 36.9177398681641 36.8157348632812 36.6606063842773 36.5796508789062 36.7045059204102 36.5492057800293 36.5710220336914 36.5178184509277 36.1154365539551 36.0337295532227 36.0586013793945 35.8850975036621 35.740909576416 35.5490455627441 34.9477844238281 34.6374549865723 34.020435333252 34.3705101013184 34.4143257141113 34.216724395752 33.8473663330078 34.050910949707 33.8239250183105 34.0463638305664 33.8337135314941 33.6745719909668 33.5615196228027 33.4457740783691 33.1641426086426 32.9752655029297
36.6811599731445 35.9907836914062 35.3325996398926 35.2086334228516 35.3285789489746 35.4975662231445 35.4500770568848 35.455738067627 35.7595481872559 36.0281524658203 36.0990524291992 36.0951614379883 36.3068313598633 36.5867233276367 36.8088569641113 36.8759346008301 36.8941764831543 36.8352012634277 36.6888694763184 36.4931831359863 36.5620880126953 36.5226745605469 36.4566192626953 36.5786514282227 36.4859657287598 36.3950538635254 36.15087890625 35.9771156311035 35.9027786254883 35.647590637207 35.3052215576172 34.9060554504395 34.1524543762207 34.2931861877441 34.2727241516113 34.3309288024902 34.2546615600586 34.2360610961914 34.1407051086426 33.9922218322754 33.3179054260254 33.1908340454102 33.3727607727051 33.1640396118164 33.0613784790039 32.7750816345215
36.9116401672363 36.4781265258789 35.740478515625 35.242488861084 35.2366142272949 35.2340507507324 35.2690887451172 35.5786323547363 35.793815612793 35.7087020874023 36.2619323730469 36.4772186279297 36.5797386169434 36.6759490966797 36.769832611084 36.8513259887695 36.8680648803711 36.8246917724609 36.7375106811523 36.6154975891113 36.5263290405273 36.4722633361816 36.3112869262695 36.3520698547363 36.5062065124512 36.4965553283691 36.3076591491699 35.8291893005371 35.3928451538086 35.6344528198242 35.3725624084473 35.1093368530273 34.4039611816406 34.1477890014648 33.968807220459 34.2393074035645 34.3176651000977 34.2350463867188 34.2026062011719 33.9452743530273 33.3618049621582 33.0372200012207 33.2027626037598 32.8980674743652 32.8347244262695 32.7685127258301
36.9016342163086 36.7603607177734 36.363883972168 35.8195266723633 35.3555717468262 35.0970191955566 35.2476768493652 35.5329666137695 35.578125 35.8505859375 36.3681640625 36.5855140686035 36.7040634155273 36.8016548156738 36.824649810791 36.852424621582 36.757080078125 36.7700347900391 36.7804298400879 36.7139587402344 36.6179275512695 36.482494354248 36.3105049133301 36.2415580749512 36.3426971435547 36.3834190368652 36.4292755126953 36.225715637207 35.9782791137695 35.8520164489746 35.3713798522949 35.2357635498047 34.5025444030762 34.1484375 33.6151695251465 34.0315170288086 34.1534271240234 34.1505546569824 34.2002449035645 34.052848815918 33.6162223815918 33.4870223999023 33.4104614257812 33.2378540039062 32.9701843261719 32.8297157287598
36.8683242797852 36.851261138916 36.6297340393066 36.0470657348633 35.5389251708984 35.2967491149902 35.2699356079102 35.3494606018066 35.1399726867676 35.2815170288086 36.0408096313477 36.4068565368652 36.5714530944824 36.7596664428711 36.8415870666504 36.8126068115234 36.7503395080566 36.7515411376953 36.7247352600098 36.7187423706055 36.6369590759277 36.5495948791504 36.4600982666016 36.2807655334473 36.1804504394531 36.129695892334 36.1051216125488 36.2100448608398 36.0140647888184 36.1225967407227 36.1463012695312 35.4529495239258 34.9311943054199 34.5413780212402 34.1125373840332 34.2301406860352 34.1993713378906 34.0498847961426 34.1814765930176 34.1077995300293 33.6927337646484 33.5693092346191 33.4790954589844 33.3310928344727 32.9188270568848 32.7660903930664
36.7089538574219 36.7892608642578 36.6667747497559 35.8166465759277 35.1242256164551 35.1063003540039 35.2069473266602 35.0936317443848 34.8771133422852 35.0000877380371 35.9756355285645 36.4018592834473 36.600643157959 36.7710838317871 36.7857093811035 36.7467193603516 36.7445945739746 36.6936569213867 36.6606597900391 36.6600189208984 36.6725845336914 36.6292381286621 36.4896850585938 36.3132438659668 36.1199264526367 35.981876373291 35.9671669006348 35.9274787902832 35.9253730773926 35.8366661071777 36.0085945129395 35.9016304016113 35.4062919616699 34.8691139221191 34.4880180358887 34.7850761413574 34.7453079223633 34.3314552307129 34.1712341308594 34.240364074707 34.110424041748 33.9020729064941 33.6409797668457 33.4385223388672 33.1571960449219 32.8347129821777
36.5205459594727 36.5934028625488 36.6959609985352 36.3216323852539 35.4498062133789 35.1555252075195 35.4733581542969 35.043155670166 34.9127388000488 34.9907341003418 35.9306526184082 36.4734344482422 36.66845703125 36.7556533813477 36.6973724365234 36.6176681518555 36.6209869384766 36.645263671875 36.6201972961426 36.5300064086914 36.5770797729492 36.6401176452637 36.5167541503906 36.3845748901367 36.2146911621094 36.0750923156738 35.7748184204102 35.6081504821777 35.3036422729492 35.6095886230469 35.4668502807617 35.9527587890625 35.9952087402344 35.6932373046875 35.2636222839355 35.2946548461914 34.9768142700195 34.6707420349121 34.4125213623047 34.7473068237305 34.3969306945801 34.1766967773438 34.0477828979492 33.9372634887695 33.7077102661133 33.588207244873
36.4080276489258 36.3917274475098 36.5587120056152 36.5763893127441 36.194637298584 35.9924812316895 35.9519577026367 35.6484603881836 35.4757843017578 35.4907264709473 35.6619071960449 36.0216026306152 36.5948104858398 36.7157745361328 36.6136016845703 36.541820526123 36.5424423217773 36.5881614685059 36.5581016540527 36.5048522949219 36.5276222229004 36.6230239868164 36.5832710266113 36.4289703369141 36.3358840942383 36.1764945983887 35.8974075317383 35.7076377868652 35.3493614196777 35.5520172119141 35.0069122314453 35.3820114135742 35.5865097045898 35.6080703735352 35.7164916992188 35.6121788024902 35.3523902893066 35.2290077209473 34.8487281799316 34.4309730529785 34.3779525756836 34.4331550598145 34.2341384887695 34.0752944946289 34.0797424316406 33.9638404846191
36.4828910827637 36.486198425293 36.5353889465332 36.5689659118652 36.4724006652832 35.9544563293457 35.9704170227051 36.0307159423828 35.8476028442383 35.8158836364746 36.0378761291504 36.3574066162109 36.6407165527344 36.705509185791 36.6233673095703 36.469051361084 36.524341583252 36.5224571228027 36.3558158874512 36.343132019043 36.4621734619141 36.5341796875 36.5821723937988 36.5007667541504 36.3996620178223 36.2712440490723 36.1068840026855 35.8829460144043 35.7410583496094 35.6069641113281 35.2440185546875 34.9379386901855 35.0561676025391 35.0269393920898 35.413272857666 35.1583213806152 35.3944091796875 35.1922454833984 34.8952941894531 34.5522384643555 34.3637657165527 34.1937294006348 33.7934761047363 33.3062133789062 33.8027534484863 33.9726600646973
36.575023651123 36.5631713867188 36.5432586669922 36.5366706848145 36.4120941162109 35.7404861450195 35.5708503723145 35.9462280273438 35.8556900024414 35.5882453918457 35.8410034179688 36.4169311523438 36.6475868225098 36.6770324707031 36.6068840026855 36.4515914916992 36.452953338623 36.2809295654297 36.0681571960449 36.192985534668 36.4507369995117 36.4642791748047 36.5357437133789 36.530876159668 36.3916206359863 36.340015411377 36.1921081542969 35.9488143920898 35.8762474060059 35.6844711303711 35.3347930908203 34.762393951416 34.5079154968262 34.6316452026367 35.0253372192383 35.1469421386719 34.8319206237793 34.546085357666 34.723030090332 34.6740417480469 34.3941192626953 34.2092971801758 33.7668533325195 33.0881500244141 33.4747200012207 33.7972068786621
36.6160316467285 36.5900421142578 36.5544586181641 36.5317497253418 36.5027961730957 36.2163963317871 35.8393630981445 35.6369094848633 35.6462326049805 35.4690322875977 35.8812561035156 36.420581817627 36.6219100952148 36.6342735290527 36.5649909973145 36.4128456115723 36.2813034057617 36.1128463745117 36.0204734802246 36.2531051635742 36.364803314209 36.4267463684082 36.3992614746094 36.4870643615723 36.4391593933105 36.3654251098633 36.2286148071289 36.0007858276367 35.900390625 35.7343826293945 35.3838882446289 35.214916229248 34.827823638916 34.6685981750488 34.6236381530762 34.7525787353516 34.9858932495117 34.8678169250488 34.5719566345215 34.4101905822754 34.2483291625977 34.0945510864258 33.8919563293457 33.6334342956543 33.1033630371094 33.357292175293
36.6383934020996 36.5994682312012 36.5626029968262 36.5566444396973 36.4986038208008 36.322582244873 36.0893096923828 35.6032409667969 35.5156402587891 35.6777114868164 36.0744323730469 36.437141418457 36.5725402832031 36.5700759887695 36.4635238647461 36.3271522521973 36.0858497619629 36.0215606689453 36.1192436218262 36.1484336853027 36.2755088806152 36.2343788146973 36.0861740112305 36.3027000427246 36.4564399719238 36.3573036193848 36.1823463439941 36.056224822998 35.9452056884766 35.8571434020996 35.6948852539062 35.5124359130859 35.2505722045898 35.2054710388184 34.9293403625488 34.6427536010742 34.7404670715332 34.8129997253418 34.6273994445801 34.5090522766113 34.3999443054199 34.2154655456543 33.7096328735352 33.3960075378418 33.5126419067383 33.5376663208008
36.6441879272461 36.6570510864258 36.6146774291992 36.5879096984863 36.4970779418945 36.4085960388184 36.3259429931641 36.0264663696289 35.6374053955078 35.7223281860352 35.8641204833984 36.1247406005859 36.3698539733887 36.4134559631348 36.3670272827148 36.253475189209 36.0888557434082 35.9838829040527 35.8946800231934 35.9358940124512 36.1381607055664 36.1512031555176 35.9512825012207 36.2900123596191 36.4698829650879 36.379825592041 36.2528839111328 36.1256446838379 36.0634117126465 35.9694671630859 35.8700103759766 35.690990447998 35.4193382263184 35.5963478088379 35.4863815307617 35.1700286865234 34.8024520874023 34.7174072265625 34.8287506103516 35.1872901916504 34.5632514953613 34.3494529724121 34.0178451538086 33.452709197998 33.4024772644043 33.3093528747559
