inst/extdata/Tmax/Tmax85.asc
NCOLS 100 
NROWS 79 
XLLCORNER 148.06 
YLLCORNER -21.49 
CELLSIZE 0.01 
NODATA_value -3.4e+38 
[rows 20 to 39 of 79, columns 46 to 91 of 100]
29.4035110473633 27.7610263824463 27.9506320953369 29.2496185302734 28.9998092651367 28.4712543487549 28.1957836151123 27.0747108459473 28.7943992614746 30.3021717071533 31.4038124084473 30.9368438720703 30.913890838623 31.5514717102051 31.2005081176758 30.9351062774658 31.2251319885254 31.8108310699463 31.9763927459717 31.9843997955322 31.9353179931641 31.8150482177734 32.120246887207 32.2109870910645 32.1637306213379 32.0931625366211 31.9910736083984 32.0340576171875 32.005126953125 31.6667194366455 31.7505798339844 32.0308952331543 31.9243316650391 31.6347484588623 31.6471710205078 31.6358242034912 31.5621299743652 31.5669345855713 31.5587482452393 31.5317611694336 31.4648380279541 31.3226566314697 30.7413749694824 30.6381053924561 30.8901844024658 30.9041328430176
29.6781387329102 27.7446250915527 26.6214141845703 28.2428913116455 28.1065273284912 27.5908050537109 28.3938217163086 26.5927696228027 27.7729015350342 29.7931537628174 31.1230659484863 29.7602424621582 29.0872497558594 30.971658706665 29.7569198608398 29.3959732055664 30.2968997955322 31.6501789093018 31.6612854003906 32.0981292724609 32.2147331237793 32.2107048034668 31.9978790283203 31.6485137939453 31.6466751098633 31.7314529418945 31.9079074859619 31.8830032348633 31.7928714752197 31.7126998901367 32.0387229919434 32.0855712890625 32.0228385925293 31.6393222808838 31.7357292175293 31.7044010162354 31.5752143859863 31.5910987854004 31.5980186462402 31.595386505127 31.4836978912354 31.3877582550049 31.1996765136719 31.0026378631592 30.8625545501709 30.8617191314697
30.2615394592285 29.7955455780029 28.0147914886475 27.3915672302246 26.9290542602539 28.0163192749023 27.4413318634033 27.6698265075684 27.0819530487061 27.9628601074219 30.1801052093506 30.597677230835 29.0218162536621 29.4386653900146 29.0799694061279 29.6761646270752 30.7727222442627 31.1899166107178 29.803768157959 31.1206855773926 31.9663352966309 32.0381660461426 31.4083347320557 30.5561218261719 31.1815891265869 31.1764621734619 31.7969779968262 31.9999732971191 31.6844348907471 31.90505027771 32.0951194763184 32.1366004943848 32.1289672851562 32.0644760131836 31.9554138183594 31.7734088897705 31.5819892883301 31.4455337524414 31.5228672027588 31.6341609954834 31.5394802093506 31.481575012207 31.2086887359619 31.0871753692627 30.947925567627 31.1037158966064
29.6582641601562 29.4944267272949 28.9032669067383 28.1407413482666 26.7192420959473 27.4259700775146 28.0279922485352 28.2060356140137 27.9603157043457 27.5217781066895 28.792724609375 28.759952545166 29.6805229187012 28.0227394104004 28.8272895812988 30.3960704803467 30.3704013824463 30.7610912322998 29.3620147705078 31.496862411499 32.3070068359375 32.1879959106445 31.2098770141602 29.8212585449219 31.0992279052734 31.2873783111572 31.3973731994629 31.8856544494629 32.0946044921875 32.1587829589844 32.1843719482422 32.2050323486328 32.1775360107422 32.0856704711914 31.9801769256592 31.8214511871338 31.3744430541992 31.0063724517822 31.1549758911133 31.4596099853516 31.4496803283691 31.5203895568848 31.253345489502 31.2307643890381 30.9639186859131 31.0006504058838
27.8154697418213 29.0695133209229 29.3953514099121 29.1576366424561 28.1755504608154 27.5727996826172 27.5624465942383 27.2495365142822 28.09814453125 27.5677089691162 27.5660591125488 27.1026439666748 28.9291896820068 29.8299255371094 28.9755439758301 30.0838222503662 30.8882274627686 31.4906997680664 31.1729850769043 32.2300109863281 32.2423934936523 32.0845794677734 31.3710651397705 30.5069026947021 31.3260345458984 31.6367282867432 31.3211212158203 31.4220085144043 31.5349960327148 32.0586853027344 31.8943634033203 32.2355422973633 32.1064071655273 32.0703735351562 31.9816627502441 31.626615524292 31.5332660675049 30.9225292205811 30.6286144256592 31.1348190307617 31.2970390319824 31.409948348999 31.231912612915 31.2992382049561 31.3649272918701 31.2099304199219
26.3874588012695 27.3545665740967 28.635347366333 28.5496368408203 27.7252254486084 26.9950275421143 26.6011943817139 26.0267219543457 27.1955146789551 27.7955417633057 27.2825260162354 27.5039138793945 28.8383312225342 30.8392791748047 30.3142166137695 30.4049701690674 30.5676231384277 31.9962844848633 32.0978240966797 32.0858039855957 32.0852241516113 31.7558555603027 30.4696922302246 30.5283241271973 30.6385707855225 31.3135967254639 31.0302791595459 30.3867683410645 31.0426559448242 32.1405792236328 32.08740234375 32.2116584777832 32.1728324890137 32.1465110778809 32.005428314209 31.8504886627197 31.8698539733887 31.2360973358154 30.6980075836182 31.0557537078857 30.7366790771484 30.8818740844727 30.5856170654297 31.28053855896 31.3310928344727 31.3292407989502
26.2781620025635 26.1156578063965 26.8192462921143 27.4444122314453 28.111255645752 25.9065628051758 25.6270313262939 26.4571552276611 26.9536724090576 27.6812992095947 27.7029972076416 28.1021823883057 29.8467845916748 30.7910861968994 31.3041477203369 31.48464012146 31.6291961669922 32.1527824401855 31.7775554656982 31.6044406890869 31.6453437805176 31.1826324462891 31.3780002593994 31.6590728759766 31.6692276000977 31.0450839996338 30.6056671142578 31.5514602661133 31.8200359344482 31.7748546600342 31.1990756988525 31.8972358703613 32.0671424865723 32.157772064209 32.145938873291 32.0556259155273 31.7090644836426 31.3656387329102 31.4542026519775 31.2035331726074 31.0807209014893 30.5031604766846 31.0137500762939 31.2365665435791 31.1592197418213 31.0688056945801
26.4691982269287 25.9535140991211 26.2532787322998 26.4928798675537 27.0304126739502 25.352409362793 25.0559120178223 25.4725112915039 26.7694969177246 27.508918762207 26.9970188140869 27.5664119720459 28.4471969604492 29.6156387329102 31.1051120758057 30.7727127075195 31.9045372009277 32.1607894897461 31.4351081848145 30.6701240539551 31.3425102233887 31.5461292266846 31.8800182342529 32.119140625 32.2333717346191 31.8043918609619 31.8009510040283 32.170841217041 32.2363090515137 31.4953231811523 31.0409088134766 31.6082248687744 31.7252063751221 32.1594200134277 32.2075424194336 32.1512451171875 31.9936084747314 31.7738285064697 31.3573551177979 30.5485439300537 30.3102226257324 30.1774349212646 30.21826171875 30.9340324401855 30.9953594207764 31.4324588775635
27.337381362915 26.9030647277832 27.6493911743164 27.4912261962891 27.0970287322998 25.7012481689453 26.4767532348633 26.2130393981934 26.5172500610352 27.1044311523438 26.827220916748 27.0995559692383 27.2296676635742 29.3841247558594 30.6847095489502 29.9546356201172 31.4994411468506 31.8005847930908 31.4808883666992 30.3202781677246 30.6041851043701 31.7349624633789 32.1491050720215 32.2794761657715 32.3011512756348 32.2056159973145 32.2199249267578 32.3366470336914 31.9363346099854 31.1965942382812 31.0630588531494 31.7534637451172 32.190616607666 32.2287559509277 32.2186431884766 32.1974449157715 32.1539115905762 32.0138740539551 31.7559204101562 30.5696773529053 29.964563369751 29.1285190582275 30.1437187194824 30.1381320953369 31.0845680236816 31.4938735961914
28.9343757629395 28.7808303833008 28.2024097442627 28.1387805938721 27.6171112060547 27.1344890594482 26.8326683044434 25.829216003418 26.4714965820312 25.958438873291 25.4661064147949 26.7906398773193 27.1251659393311 28.9528980255127 29.9622859954834 29.1849098205566 29.9469184875488 30.7616291046143 31.3385829925537 31.2089977264404 30.7481594085693 31.7493801116943 32.2339935302734 32.0283660888672 31.9999732971191 31.6810607910156 32.10693359375 32.3566513061523 31.3972911834717 30.5156497955322 31.2043437957764 31.7931289672852 32.156623840332 32.2384185791016 32.24853515625 32.1987152099609 32.1785583496094 32.0841636657715 31.8895606994629 31.4856929779053 30.7887668609619 30.2768783569336 29.834903717041 29.6402454376221 30.5546493530273 31.0876922607422
27.8565120697021 27.8569164276123 27.8837852478027 27.5254001617432 27.0429706573486 27.2736492156982 26.3730354309082 25.8489837646484 25.3224334716797 25.4072685241699 24.805383682251 25.7321891784668 25.7200775146484 27.9315166473389 28.920108795166 27.7914142608643 28.3178062438965 29.919261932373 31.2965774536133 31.866174697876 31.3738613128662 31.9988594055176 32.2103042602539 31.7950077056885 31.7729167938232 31.9089984893799 32.3842582702637 32.3553428649902 31.7869300842285 31.0962104797363 31.4850311279297 31.7670249938965 32.208683013916 32.2304878234863 32.1785430908203 32.1540031433105 32.1515312194824 32.0724067687988 31.99485206604 31.7895946502686 31.5382442474365 30.9715995788574 30.5761013031006 30.5366706848145 30.7732391357422 31.220386505127
27.1313648223877 27.3923358917236 27.2766895294189 27.2288055419922 26.3236236572266 27.1304264068604 26.1591911315918 24.8854751586914 24.2673034667969 24.6585350036621 24.3214149475098 25.0106754302979 25.8058624267578 27.6660385131836 27.967903137207 27.607421875 29.7204971313477 30.7317790985107 31.5084915161133 32.0020790100098 32.2940673828125 32.346607208252 32.2851638793945 32.1897277832031 31.9595108032227 32.2684059143066 32.3959159851074 32.2725486755371 31.8772869110107 31.2060317993164 31.3007678985596 31.898868560791 32.117504119873 31.6291046142578 32.0125122070312 32.1365623474121 32.1120300292969 32.0711784362793 32.026741027832 31.9148006439209 31.6150093078613 30.825382232666 31.1803245544434 31.2266254425049 31.133602142334 31.07248878479
26.4553050994873 26.7578449249268 26.5948333740234 26.8653335571289 26.9508438110352 26.9605960845947 26.5772018432617 25.4422492980957 25.5342102050781 25.6333694458008 24.5943775177002 24.3850173950195 25.3518447875977 27.6034622192383 28.1142139434814 28.6234340667725 28.676549911499 29.5277824401855 31.4765186309814 32.0853080749512 32.2909164428711 32.2357521057129 32.0774421691895 32.0244216918945 32.1825561523438 32.2695236206055 32.2392463684082 31.8292675018311 30.849422454834 31.0297241210938 31.3715000152588 32.1946983337402 31.9091033935547 31.3147068023682 32.0262565612793 31.9582252502441 31.9845962524414 32.043342590332 31.9437923431396 31.6483554840088 31.0407485961914 29.7132968902588 29.4443855285645 30.5422210693359 30.9230289459229 31.2446956634521
27.1467552185059 26.6559276580811 26.4897079467773 26.655366897583 26.7904930114746 26.7076435089111 26.2402191162109 25.8504409790039 26.4349365234375 25.7270126342773 25.5878448486328 25.5716667175293 26.3708057403564 27.5114555358887 27.6644687652588 28.3936748504639 29.3482189178467 30.5775203704834 31.545524597168 31.9738845825195 32.3265991210938 32.2964324951172 31.7789249420166 31.4806156158447 31.7153568267822 31.5734577178955 31.6787376403809 31.8525981903076 31.7377243041992 31.7194843292236 32.0435028076172 32.3170280456543 31.6641902923584 31.5730457305908 32.1689376831055 31.6459617614746 31.7885856628418 31.7462196350098 31.8252010345459 31.5137329101562 30.0284156799316 29.253267288208 28.6278018951416 30.5072441101074 31.0942726135254 30.9174976348877
27.5847949981689 26.3579006195068 26.3059005737305 26.4166107177734 26.5538768768311 26.4195041656494 26.4326248168945 26.988338470459 26.6204452514648 25.8418235778809 26.9903583526611 27.4474067687988 27.6279964447021 26.9961090087891 27.0148277282715 28.0647315979004 29.3068256378174 30.7335262298584 30.8354034423828 31.6772136688232 32.1606178283691 32.1774787902832 31.682243347168 31.4308280944824 30.6027374267578 31.1960315704346 31.7341747283936 31.892749786377 32.1371116638184 32.1460418701172 32.3319664001465 32.2644996643066 32.2273941040039 32.2557220458984 32.2078666687012 31.9580307006836 30.9794521331787 31.6051139831543 31.8036651611328 31.752534866333 31.7109489440918 30.3954772949219 30.2297782897949 31.5951690673828 31.8843212127686 31.8618698120117
27.6472358703613 26.6324825286865 26.2803649902344 26.2019119262695 26.4126720428467 26.228874206543 26.9073371887207 28.5533714294434 27.6740379333496 26.977970123291 28.8425827026367 29.4975738525391 29.1155662536621 27.1521148681641 27.5562591552734 27.6657695770264 29.5682258605957 29.6449947357178 29.5100994110107 30.4982166290283 31.7105598449707 31.9469623565674 31.6080875396729 31.60032081604 31.4643878936768 31.117956161499 31.1966705322266 31.3499221801758 32.0680656433105 32.0302658081055 32.1176643371582 31.9126014709473 32.1221580505371 32.2770462036133 31.9763431549072 31.9585399627686 31.2604598999023 31.3931121826172 31.677583694458 31.5082473754883 31.944356918335 31.9475612640381 31.8454456329346 31.8898391723633 32.0049171447754 31.8774375915527
27.3667850494385 26.6970367431641 26.4781246185303 26.6593017578125 26.5881633758545 26.6891918182373 27.1126365661621 29.2374572753906 29.4133033752441 28.0807914733887 30.0240383148193 31.0251712799072 30.2491245269775 29.0365390777588 28.9564075469971 29.542688369751 30.2616271972656 30.7634716033936 31.1054973602295 31.4311046600342 31.6651802062988 31.383617401123 29.9664554595947 30.2700119018555 30.8309345245361 30.4394626617432 30.6667079925537 31.5602951049805 31.9535980224609 32.164623260498 31.0438232421875 31.0182266235352 31.8731918334961 32.1868858337402 31.6859111785889 31.7160453796387 30.8849773406982 31.4267826080322 31.6385364532471 31.486722946167 31.9728240966797 32.0611038208008 32.0863952636719 32.0825386047363 32.0220756530762 31.6926536560059
27.4035930633545 26.9902267456055 26.9412937164307 27.0909633636475 27.2810382843018 27.4249877929688 28.2335433959961 29.9368934631348 29.8144912719727 29.3389701843262 30.7393646240234 31.9384136199951 31.0581035614014 29.8520336151123 29.3198833465576 31.1064281463623 31.4922313690186 31.7146682739258 31.9300632476807 31.9564971923828 31.5182304382324 31.2359523773193 31.348316192627 30.7642631530762 31.1168670654297 31.6151866912842 31.8407707214355 31.9213829040527 32.1393127441406 32.0620498657227 30.3668880462646 31.122859954834 32.0071792602539 31.9257793426514 31.4752902984619 31.4317932128906 31.2643051147461 31.7979259490967 31.8271522521973 31.8350429534912 31.8055324554443 31.9758987426758 32.0250587463379 32.0340881347656 31.9534721374512 31.9048862457275
27.3542633056641 27.0500621795654 27.5978107452393 28.3574352264404 28.4646148681641 28.9353828430176 29.997142791748 30.5863990783691 29.9905242919922 30.3540840148926 31.8660202026367 32.4130744934082 31.8234157562256 30.7247924804688 29.9197731018066 31.0474529266357 31.046329498291 31.3643550872803 32.1501197814941 32.3626289367676 32.0428276062012 31.6771850585938 32.0347366333008 31.8276195526123 31.6880798339844 32.1861419677734 32.075927734375 31.9867916107178 32.2561416625977 32.0132446289062 31.3648376464844 31.8589630126953 32.0439872741699 31.7219142913818 30.7375354766846 30.6941585540771 31.0353965759277 31.7960014343262 31.4877147674561 31.4632968902588 31.4849548339844 31.7877902984619 31.7651233673096 31.8267917633057 31.6693305969238 31.8103904724121
27.412504196167 27.5973949432373 28.7405490875244 29.4767265319824 30.1591148376465 31.0857162475586 31.7579536437988 31.0054244995117 29.135368347168 29.7426338195801 31.2764511108398 32.4513702392578 31.9907169342041 31.6294345855713 30.6598110198975 31.7217750549316 31.8826942443848 31.2230892181396 32.0528793334961 32.4199333190918 32.362865447998 31.8926219940186 32.2471351623535 32.3544731140137 32.1882133483887 32.2817077636719 32.0812072753906 31.2744808197021 32.1210746765137 32.2699356079102 32.1824264526367 32.0614280700684 31.7249927520752 31.3653507232666 30.476734161377 30.5343914031982 31.3280220031738 31.2573776245117 31.1038455963135 30.9039859771729 31.0550956726074 31.3714847564697 31.1627960205078 31.5351428985596 31.0458393096924 31.4518890380859
