inst/extdata/Tmax/Tmax139.asc
NCOLS 100 
NROWS 79 
XLLCORNER 148.06 
YLLCORNER -21.49 
CELLSIZE 0.01 
NODATA_value -3.4e+38 
[rows 20 to 39 of 79, columns 0 to 45 of 100]
31.582553863525401 31.6160736083984 31.6171722412109 31.5824642181396 31.5993633270264 31.7127819061279 31.6339015960693 31.5618190765381 31.4955654144287 31.404468536377 31.2266941070557 30.8241863250732 30.3722991943359 29.7273464202881 28.4150714874268 27.988618850708 27.9126052856445 28.8924827575684 29.9494895935059 30.4050331115723 30.4425239562988 30.4804801940918 30.8773574829102 30.9256801605225 30.7735652923584 30.4724674224854 29.8108463287354 28.825325012207 29.4249382019043 29.5154228210449 30.2069129943848 30.2435760498047 30.4188041687012 30.3973236083984 30.3685874938965 30.1125411987305 29.6960792541504 29.7153205871582 29.2106246948242 29.5098075866699 29.2827033996582 28.4930934906006 28.7679824829102 28.8408889770508 28.991527557373 29.0411853790283
31.6552314758301 31.712869644165 31.7261600494385 31.6901073455811 31.6945209503174 31.6925029754639 31.5597057342529 31.482666015625 31.4587879180908 31.394006729126 31.2713813781738 31.1015434265137 30.871467590332 29.9270610809326 28.432767868042 28.1113548278809 28.3432502746582 29.1663551330566 29.6778945922852 30.0586967468262 30.197681427002 30.1235160827637 30.7364940643311 30.9093284606934 30.7108936309814 30.7462482452393 30.7264137268066 29.8983745574951 29.7418479919434 30.3402843475342 30.4903926849365 30.3905944824219 30.0386848449707 29.3828201293945 29.4197120666504 29.4102249145508 29.9340152740479 29.1674098968506 28.7413501739502 29.103630065918 28.689432144165 28.7954807281494 28.5109615325928 27.5190353393555 27.8927516937256 28.6624031066895
31.7088661193848 31.7528228759766 31.7630653381348 31.7480659484863 31.730525970459 31.6954135894775 31.5220222473145 31.3995018005371 31.3460292816162 31.3140506744385 31.1990451812744 31.1305332183838 30.9586944580078 30.344841003418 29.2298069000244 28.3961296081543 27.7509346008301 28.2451286315918 28.8112945556641 29.6287612915039 29.744010925293 29.8716583251953 30.6069011688232 30.3854236602783 29.9402618408203 30.3688144683838 30.4633884429932 30.5781173706055 30.2781143188477 30.3388233184814 30.0586338043213 29.868968963623 29.2516899108887 28.8987236022949 28.6572380065918 28.9132919311523 28.8564338684082 28.250675201416 28.2338199615479 28.1589069366455 27.8315486907959 27.0124244689941 27.9013500213623 27.5949630737305 26.5351161956787 28.111156463623
31.7130603790283 31.7407569885254 31.7607803344727 31.7522277832031 31.712230682373 31.7021026611328 31.6296291351318 31.3384952545166 31.2327690124512 31.2519989013672 31.0729331970215 30.8877792358398 30.9877128601074 30.6093044281006 29.8213939666748 29.0358200073242 28.2070198059082 27.9164085388184 28.512134552002 28.823766708374 29.373161315918 30.4349422454834 30.1739845275879 29.5238342285156 29.6936130523682 29.8753108978271 29.5439720153809 30.6313095092773 30.6758155822754 30.5364971160889 30.2972278594971 29.098180770874 28.7479286193848 28.9885997772217 29.378604888916 28.8828048706055 27.8841934204102 27.3327388763428 28.1162109375 27.567554473877 26.8306217193604 25.4586906433105 26.251277923584 27.4887409210205 25.6505832672119 26.9924468994141
31.6628913879395 31.7175254821777 31.7502593994141 31.7177467346191 31.6787796020508 31.6792793273926 31.6803359985352 31.505542755127 31.3304328918457 31.1604557037354 31.0568981170654 31.018461227417 30.8445281982422 30.5043487548828 29.7443714141846 29.05078125 28.3026294708252 27.9388465881348 28.1356296539307 28.1312808990479 29.3347301483154 30.2016754150391 29.0710296630859 28.5309505462646 29.3497791290283 29.3279438018799 29.5437068939209 30.3972854614258 30.6868476867676 30.2765197753906 30.2307109832764 29.9901084899902 29.9750652313232 30.0557746887207 29.70774269104 29.381778717041 28.9517364501953 27.732816696167 27.5017833709717 27.2473468780518 25.5907421112061 25.0608921051025 25.4610061645508 27.2807350158691 25.3316860198975 25.6703033447266
31.6215515136719 31.6384735107422 31.6516418457031 31.625904083252 31.6353073120117 31.6421127319336 31.668306350708 31.623197555542 31.472713470459 31.2316989898682 31.0391674041748 30.9041881561279 30.7542400360107 30.2999629974365 29.8510284423828 29.2949848175049 28.6762142181396 28.3406829833984 28.7845802307129 29.4818820953369 29.4700355529785 29.3776912689209 28.8908748626709 27.6194305419922 28.1335754394531 28.9096641540527 29.0570755004883 30.4379291534424 30.6624317169189 30.2751865386963 29.3151264190674 30.0161609649658 29.8833637237549 29.7588310241699 29.4725399017334 29.134708404541 29.0186595916748 27.4284038543701 26.1866416931152 26.5697250366211 25.2181358337402 25.9906539916992 26.3299465179443 27.2753925323486 26.2356986999512 25.221508026123
31.5156097412109 31.539379119873 31.5488090515137 31.5584373474121 31.5528144836426 31.5526962280273 31.6416130065918 31.6424655914307 31.5068893432617 31.0931358337402 30.9864978790283 30.7231025695801 30.7165794372559 30.3406887054443 29.592493057251 28.5297145843506 28.1465911865234 28.3410415649414 28.8069705963135 28.7116603851318 28.8948020935059 29.8014850616455 29.6568622589111 28.1394004821777 27.735767364502 28.6714687347412 29.4945259094238 30.5042514801025 30.6132678985596 30.3858699798584 29.4692916870117 29.0626983642578 29.9477405548096 29.3675193786621 28.894079208374 27.9921321868896 27.7135810852051 27.8395023345947 26.7814693450928 25.5550060272217 25.1739673614502 25.4649810791016 25.3762435913086 26.3562698364258 25.4680767059326 24.8785743713379
31.3667449951172 31.3844718933105 31.4189491271973 31.4668579101562 31.4881896972656 31.5448341369629 31.6374244689941 31.6318035125732 31.5591926574707 31.3670597076416 31.1260318756104 30.8635387420654 30.7419910430908 30.5425415039062 29.623743057251 28.4901332855225 28.1612606048584 28.1165237426758 28.2418537139893 28.2166137695312 29.3430366516113 29.9962844848633 29.4522953033447 28.589017868042 28.0222282409668 28.258472442627 28.3766689300537 30.053337097168 30.4649829864502 30.349328994751 29.4749565124512 29.3998432159424 29.7436580657959 28.9337253570557 28.1794376373291 27.6126155853271 26.7281894683838 27.4234828948975 27.2621974945068 25.5250816345215 25.1078605651855 25.2799129486084 25.2020816802979 25.7592811584473 25.1973457336426 24.9255619049072
30.8748226165771 30.8280143737793 31.0975303649902 31.4035110473633 31.5330486297607 31.6122989654541 31.6474151611328 31.632869720459 31.5031852722168 31.3928031921387 31.2265243530273 30.6952247619629 30.7861251831055 30.6328945159912 30.1167984008789 28.9107875823975 28.1854667663574 27.6849117279053 27.9929313659668 28.8658504486084 29.3663444519043 29.7353801727295 28.8618984222412 28.1371421813965 27.9595489501953 28.1052112579346 28.5366153717041 29.4823951721191 30.350866317749 30.4377670288086 29.8770065307617 29.6026725769043 29.1377182006836 28.044605255127 26.9109039306641 26.5123329162598 26.207914352417 26.3996467590332 26.5443859100342 26.1644878387451 25.6642627716064 25.7783737182617 25.5224323272705 25.3115711212158 25.3184623718262 25.2516536712646
30.0015773773193 30.8503379821777 31.1807518005371 30.9182205200195 31.4695110321045 31.616231918335 31.6417350769043 31.6260604858398 31.4198532104492 31.2695808410645 31.2580032348633 30.9933624267578 30.7521152496338 30.616117477417 30.3600120544434 29.8445777893066 29.2848243713379 27.930004119873 28.2448062896729 28.3202095031738 28.468677520752 29.4062480926514 28.9784240722656 28.1728496551514 27.9755477905273 27.7747287750244 27.7401275634766 29.4158592224121 30.3769950866699 30.4807033538818 29.582878112793 28.5299415588379 28.220874786377 27.8707695007324 27.6062049865723 26.6427841186523 26.5810203552246 26.1892108917236 25.793119430542 26.0327129364014 27.8114166259766 27.9157447814941 26.7410087585449 25.3769359588623 26.3662395477295 26.4648208618164
30.2899112701416 31.1542739868164 31.1842231750488 30.6523914337158 31.4203948974609 31.6002197265625 31.6503257751465 31.6296577453613 31.5685348510742 31.338565826416 31.2287559509277 31.1609668731689 30.9799995422363 30.76926612854 30.4732971191406 29.8904228210449 29.0629749298096 28.62180519104 28.1641845703125 28.413459777832 28.4859104156494 28.9225845336914 28.3132553100586 28.1474227905273 27.8559837341309 27.2528858184814 27.5162754058838 29.2771224975586 30.2384643554688 30.3071537017822 30.3070392608643 30.1371803283691 28.9042472839355 27.9186363220215 27.8519096374512 27.3816947937012 27.5123386383057 27.327507019043 26.923002243042 27.3875999450684 29.0382270812988 29.118106842041 28.664794921875 28.0424308776855 27.9254817962646 27.2787494659424
31.0352001190186 31.297327041626 31.3633213043213 31.358793258667 31.4403305053711 31.5839729309082 31.6152648925781 31.6073684692383 31.5581016540527 31.4826393127441 31.2971076965332 31.2361793518066 31.1345367431641 30.9261875152588 30.6560153961182 30.1693744659424 29.3209552764893 28.9035549163818 28.2059516906738 28.0959949493408 28.160888671875 28.591344833374 28.2240161895752 27.9759464263916 27.9139881134033 27.9394798278809 28.7113075256348 29.8500423431396 30.2891464233398 29.737060546875 29.659252166748 29.6916580200195 29.9435729980469 29.3997268676758 29.1105041503906 28.2722930908203 29.448974609375 29.297607421875 29.2816867828369 29.3151664733887 29.0745964050293 28.0796051025391 27.0710868835449 26.7581062316895 26.6255683898926 25.9205856323242
30.7527294158936 31.4600658416748 31.5210056304932 31.5319385528564 31.5237903594971 31.528263092041 31.5027732849121 31.5447120666504 31.5336570739746 31.5117301940918 31.4597930908203 31.3330516815186 31.1471004486084 30.9830665588379 30.7880096435547 30.5363616943359 30.0552139282227 29.3925495147705 28.6484966278076 27.9621772766113 27.986234664917 28.4161815643311 28.2966079711914 28.027702331543 27.8898181915283 28.0374431610107 29.4282989501953 30.2398662567139 30.3345336914062 30.1547546386719 29.6192817687988 28.9663314819336 29.7624626159668 29.901294708252 29.9619636535645 29.3912696838379 29.8700656890869 29.5569171905518 29.425443649292 29.2571449279785 27.9392929077148 26.534688949585 25.332836151123 25.6549015045166 25.5695724487305 24.6468276977539
30.6154747009277 31.2334766387939 31.0547370910645 30.9310665130615 31.0616474151611 31.4364585876465 31.4393100738525 31.4580745697021 31.4683418273926 31.4507331848145 31.4133071899414 31.3865985870361 31.2701587677002 31.1127147674561 30.9542427062988 30.7258682250977 30.2877502441406 29.8721675872803 29.5973644256592 28.9696712493896 28.0552883148193 28.2779960632324 28.0633716583252 28.1291847229004 28.0111541748047 27.9825954437256 28.9836044311523 30.1819534301758 30.2900829315186 29.9504737854004 29.815113067627 28.6680507659912 28.9917545318604 29.2896976470947 29.639741897583 29.79421043396 29.6555881500244 29.4821853637695 29.0669403076172 29.144229888916 28.7995662689209 27.4392642974854 26.6770172119141 27.1909637451172 26.7706089019775 25.6864242553711
30.9427089691162 31.2122783660889 30.8108444213867 30.1490001678467 30.2515563964844 31.1879081726074 31.398567199707 31.3604221343994 31.3726692199707 31.3843078613281 31.3009777069092 31.3458003997803 31.2925262451172 31.1781635284424 31.0247459411621 30.8312015533447 30.5154705047607 29.8523712158203 29.4443244934082 28.9841499328613 28.3284397125244 28.2460765838623 28.0694217681885 27.8653392791748 27.8310585021973 28.1892833709717 29.2693672180176 30.1292781829834 29.586067199707 29.3567428588867 29.4940528869629 29.1178340911865 28.7777862548828 28.4431858062744 28.1843547821045 28.7059288024902 28.5132389068604 28.8962078094482 28.8222923278809 28.6129455566406 28.3348922729492 28.705982208252 28.4496364593506 28.1093196868896 27.4540615081787 26.9645347595215
31.0677299499512 31.1571636199951 30.9663352966309 30.6539287567139 30.3502559661865 30.8961200714111 31.2005558013916 31.2206268310547 31.2643451690674 31.3208522796631 31.3059883117676 31.3492660522461 31.2841949462891 31.2211246490479 31.063325881958 30.8421592712402 30.5970554351807 30.3812656402588 29.9794979095459 29.3282680511475 28.9439353942871 28.6966590881348 28.2082004547119 27.5951690673828 27.7440624237061 27.9769592285156 29.3477096557617 29.930492401123 28.0506553649902 27.6617393493652 28.2683925628662 28.4768581390381 28.4304103851318 28.2200927734375 27.7536563873291 27.5059471130371 28.0092067718506 27.8514595031738 27.8162002563477 27.7642230987549 27.5079879760742 27.2127437591553 27.4505214691162 27.9782028198242 27.2947463989258 26.2218456268311
30.9245338439941 30.9479923248291 30.9751396179199 30.6982688903809 30.4171772003174 30.6012268066406 30.8191070556641 31.0133419036865 31.1216049194336 31.2425632476807 31.2202186584473 31.2157859802246 31.2996501922607 31.2266254425049 31.1019744873047 30.8246269226074 30.795934677124 30.6427192687988 30.3885860443115 30.0002307891846 29.8487510681152 29.062479019165 28.4871692657471 28.0347461700439 28.0283813476562 28.3922843933105 29.3749389648438 29.2800407409668 28.9927921295166 28.8879413604736 28.1460971832275 28.0823593139648 27.8965911865234 27.7550811767578 27.0617961883545 26.6697387695312 26.8698501586914 26.8128776550293 27.0318279266357 26.8350391387939 26.8181285858154 25.9349098205566 26.6092147827148 27.4184722900391 27.1865997314453 25.7915668487549
30.3676834106445 30.6882362365723 30.8987693786621 30.7907543182373 30.5879306793213 30.454984664917 30.4401531219482 30.8107738494873 30.92160987854 31.095251083374 31.1760864257812 31.1732978820801 31.2308750152588 31.2440624237061 31.0591564178467 30.950439453125 30.8679351806641 30.7517833709717 30.5859699249268 30.3774738311768 30.1656341552734 29.4473266601562 28.3422431945801 28.4243717193604 27.7601623535156 28.3127288818359 29.2312698364258 28.6908206939697 28.8699703216553 29.3217182159424 29.2054710388184 29.044900894165 28.3926029205322 27.9767589569092 26.4718227386475 25.2607250213623 25.2993030548096 25.1884708404541 25.1462249755859 25.586254119873 25.736888885498 25.9149875640869 26.0953044891357 26.924165725708 26.78173828125 26.4002895355225
30.4934959411621 30.5794010162354 30.7154140472412 30.6884422302246 30.64963722229 30.336368560791 30.1164436340332 29.8511848449707 30.5107383728027 31.0145301818848 31.1482486724854 31.1908359527588 31.2678833007812 31.2609882354736 30.9464378356934 30.5316524505615 30.5476093292236 30.6045455932617 30.6466941833496 30.5178737640381 30.367057800293 29.9486427307129 28.8566741943359 29.1503524780273 28.2186679840088 28.2097702026367 28.3468322753906 28.653341293335 27.6446952819824 28.2791595458984 27.918399810791 28.0247097015381 29.2621803283691 28.8058433532715 27.8724460601807 25.736478805542 24.865062713623 24.8639659881592 24.2405872344971 24.6291332244873 25.229118347168 25.2123985290527 25.2906455993652 26.5886306762695 26.1612510681152 25.6485404968262
30.5632209777832 30.4770698547363 30.53342628479 30.3330955505371 30.5322532653809 30.4417743682861 30.2109966278076 29.9438495635986 30.1363658905029 30.75221824646 31.0026092529297 31.196798324585 31.2378997802734 31.1995105743408 31.1349697113037 30.7171611785889 30.3212261199951 30.1188564300537 30.3887138366699 30.5106773376465 30.3625545501709 30.2108936309814 29.8825778961182 29.3120517730713 28.2699356079102 28.0602626800537 28.0097408294678 28.098201751709 28.1438636779785 27.6294841766357 27.0777816772461 27.818733215332 28.9752674102783 28.2518978118896 28.4592666625977 27.9319496154785 27.5124206542969 27.3799533843994 26.4325466156006 25.3675727844238 26.0473480224609 25.737232208252 26.1079444885254 26.2803993225098 25.9867401123047 25.5322418212891
