inst/extdata/Tmax/Tmax88.asc
NCOLS 100 
NROWS 79 
XLLCORNER 148.06 
YLLCORNER -21.49 
CELLSIZE 0.01 
NODATA_value -3.4e+38 
[rows 40 to 59 of 79, columns 0 to 45 of 100]
37.712493896484403 37.40673828125 37.4342346191406 37.4752578735352 37.3407096862793 37.4746398925781 37.4148330688477 37.1879386901855 36.6441230773926 37.1457061767578 37.876033782959 38.2318496704102 38.2761573791504 38.3366737365723 38.4128265380859 38.1799850463867 37.8819770812988 37.4684410095215 36.8046493530273 37.376293182373 37.3675880432129 37.2351570129395 37.1654281616211 36.707103729248 35.6595993041992 34.8982925415039 34.6727828979492 34.7709999084473 34.9123077392578 34.1620292663574 33.4269409179688 33.8999061584473 35.3968505859375 35.0826416015625 34.7830390930176 35.1710929870605 35.0591354370117 34.6843719482422 34.4295616149902 33.9035797119141 33.8580284118652 32.9523239135742 32.4034843444824 32.3981056213379 32.1606140136719 32.0123291015625
37.8853912353516 37.4427871704102 37.2909278869629 37.4159774780273 37.3028373718262 37.4016914367676 37.4049224853516 37.2864418029785 37.0023612976074 37.1486511230469 37.5419387817383 37.9359130859375 38.1982536315918 38.388500213623 38.4405708312988 38.2767486572266 37.9435234069824 37.3568725585938 36.9735298156738 37.1437911987305 37.1724472045898 36.8948287963867 37.1026229858398 36.7828140258789 36.0126571655273 35.4310874938965 34.7107048034668 34.6031761169434 34.8560104370117 34.344913482666 33.8451271057129 34.5878639221191 35.3866920471191 34.509635925293 33.6587142944336 34.5615425109863 34.6066474914551 34.8551979064941 34.8139457702637 34.5453262329102 34.4082489013672 33.5646629333496 32.2159996032715 32.1044692993164 32.172737121582 32.1356391906738
37.7391166687012 37.6910781860352 37.4362602233887 37.3023986816406 37.3781394958496 37.4082298278809 37.3777275085449 37.3381385803223 37.3029136657715 37.2520179748535 37.3133316040039 37.8547554016113 38.2193984985352 38.3837394714355 38.402156829834 38.3520469665527 38.1041603088379 37.7247161865234 37.4673690795898 37.4144058227539 37.3176193237305 36.5637550354004 36.4839477539062 36.7437477111816 36.7757720947266 36.268310546875 35.260871887207 34.860050201416 34.7710800170898 34.5094566345215 33.4831657409668 34.7124671936035 34.7800178527832 33.5212707519531 32.7663307189941 33.6290664672852 33.6225624084473 34.3897857666016 34.5856895446777 34.2368278503418 33.9671821594238 34.0331573486328 33.3341331481934 33.1318817138672 33.5559463500977 34.7141952514648
37.3365097045898 37.4583206176758 37.4313163757324 37.4304466247559 37.4691200256348 37.4650535583496 37.4208869934082 37.3656234741211 37.4331817626953 37.402904510498 37.4169883728027 37.8781700134277 38.1605377197266 38.3366737365723 38.3631248474121 38.383544921875 38.2744598388672 38.0184593200684 37.7034873962402 37.7486915588379 37.5512237548828 37.2486381530762 36.4697227478027 36.0618515014648 36.8388366699219 36.5962524414062 36.1321220397949 35.5580024719238 35.1673355102539 34.9640083312988 34.0266036987305 33.9192810058594 34.747631072998 34.1562805175781 33.4364776611328 33.0087966918945 33.0775833129883 33.3062973022461 33.5213356018066 33.2983627319336 32.8760032653809 33.5687255859375 33.1234169006348 34.1494522094727 36.1764183044434 36.851936340332
36.997444152832 37.2263374328613 37.1915435791016 37.197078704834 37.4151153564453 37.5503463745117 37.5775375366211 37.5177307128906 37.591136932373 37.6475830078125 37.8429527282715 37.9910507202148 38.1392860412598 38.2556991577148 38.3267402648926 38.3884048461914 38.3595657348633 38.1824493408203 38.0080032348633 37.9548072814941 37.8084411621094 37.6369552612305 37.2951202392578 37.052806854248 36.8504180908203 36.3204002380371 36.6198577880859 36.4638023376465 36.0919723510742 35.2976989746094 34.5850830078125 34.5687866210938 34.9420700073242 35.1355094909668 34.791877746582 33.4579467773438 32.2235221862793 32.1897048950195 32.2864875793457 32.5945892333984 32.4815940856934 32.9930038452148 32.5364952087402 33.3073387145996 35.3205947875977 36.8766441345215
37.0179710388184 37.104923248291 36.9141235351562 36.7912902832031 37.0341835021973 37.2938766479492 37.5568008422852 37.6972923278809 37.7776908874512 37.8860855102539 37.9680519104004 37.8747215270996 37.6239585876465 38.0503196716309 38.3083000183105 38.3642501831055 38.3699035644531 38.2798843383789 38.1790428161621 38.1069679260254 38.0049934387207 37.8748016357422 37.8117218017578 37.119987487793 36.7212448120117 36.6338539123535 36.7352294921875 36.5251502990723 36.3084297180176 35.7153968811035 34.2621688842773 34.4956474304199 34.8569412231445 34.932071685791 35.0470581054688 33.9991340637207 32.7165107727051 32.4946975708008 32.524242401123 32.9260406494141 32.3784446716309 32.7132720947266 33.0615921020508 33.3457984924316 34.3250770568848 35.6665344238281
36.8525733947754 36.8329887390137 36.8315925598145 36.7508964538574 36.640998840332 36.7134742736816 37.2878341674805 37.4367599487305 37.5808601379395 37.6058540344238 37.858341217041 37.9705429077148 37.6915168762207 37.9860000610352 38.2424583435059 38.3314781188965 38.3463096618652 38.2570495605469 38.2119522094727 38.1662750244141 38.0816802978516 37.9944496154785 37.8798065185547 37.3431930541992 36.4011535644531 36.5285720825195 36.7353706359863 36.4611892700195 36.4022521972656 36.2322196960449 35.3093757629395 34.9240989685059 34.5100440979004 34.8141326904297 34.9732284545898 34.424633026123 33.2783241271973 33.5368423461914 33.0465126037598 33.7142372131348 33.1760635375977 33.323543548584 33.4138488769531 33.5115928649902 33.5037078857422 33.3283042907715
37.3707237243652 36.6387634277344 36.5344848632812 36.4778327941895 36.4526023864746 36.603832244873 36.9676475524902 36.920223236084 37.2141647338867 37.2749900817871 37.371654510498 37.4426460266113 37.6585693359375 37.9801864624023 38.1945304870605 38.3271827697754 38.3214454650879 38.1733932495117 37.9719161987305 37.8624992370605 38.0106353759766 37.7944259643555 37.8133087158203 37.7379837036133 37.2206649780273 37.1080093383789 37.1311492919922 36.8872222900391 36.693431854248 36.4373092651367 35.6448554992676 35.214656829834 34.387321472168 34.8461532592773 34.8965911865234 34.6270980834961 34.1152267456055 34.3784332275391 34.0693321228027 34.3524932861328 34.0469360351562 33.813362121582 33.6287422180176 33.4864387512207 33.1700706481934 32.952823638916
38.147403717041 37.2504844665527 36.3614845275879 36.1929130554199 36.3510856628418 36.5734786987305 36.4937057495117 36.4977531433105 36.8955039978027 37.2423210144043 37.3294258117676 37.3057899475098 37.5729637145996 37.9232139587402 38.1957168579102 38.2722091674805 38.2874641418457 38.1929550170898 38.002742767334 37.7492218017578 37.8280906677246 37.7569122314453 37.6655921936035 37.8101997375488 37.6853790283203 37.5623435974121 37.2449073791504 37.001407623291 36.8976707458496 36.5612716674805 36.1092910766602 35.5656967163086 34.5605735778809 34.7407302856445 34.706226348877 34.7758140563965 34.6537399291992 34.6212997436523 34.4872817993164 34.2735710144043 33.4183807373047 33.2664222717285 33.4301528930664 33.1913909912109 33.0659446716309 32.7453536987305
38.4327964782715 37.877140045166 36.8979110717773 36.2319755554199 36.2216758728027 36.2155952453613 36.2462425231934 36.6547431945801 36.9345703125 36.8185424804688 37.5341606140137 37.7909240722656 37.9152641296387 38.0305137634277 38.1417846679688 38.2365951538086 38.2501754760742 38.1751480102539 38.0588798522949 37.8985176086426 37.7787246704102 37.6891899108887 37.4778366088867 37.5213203430176 37.7068176269531 37.6859321594238 37.4396018981934 36.8083534240723 36.2361106872559 36.5409278869629 36.1935577392578 35.8289413452148 34.8919830322266 34.54443359375 34.2990531921387 34.6516380310059 34.7344360351562 34.617431640625 34.5667381286621 34.2040634155273 33.4698257446289 33.1071014404297 33.2537498474121 32.9130249023438 32.8298988342285 32.7438201904297
38.4131813049316 38.2309875488281 37.7063522338867 36.9928817749023 36.3744697570801 36.0255012512207 36.2114410400391 36.5881233215332 36.6444053649902 36.9990043640137 37.6648559570312 37.9228897094727 38.0667343139648 38.1829528808594 38.2051124572754 38.2328834533691 38.1068534851074 38.1021995544434 38.1076774597168 38.0171051025391 37.8892059326172 37.6976623535156 37.4725379943848 37.3771705627441 37.4970550537109 37.5399169921875 37.5888137817383 37.3099365234375 36.9869384765625 36.8169403076172 36.1886024475098 35.9905891418457 35.0194549560547 34.5421981811523 33.8340072631836 34.3726959228516 34.5141563415527 34.5029335021973 34.5589561462402 34.3422317504883 33.7460136413574 33.5919303894043 33.4800148010254 33.2801361083984 32.979377746582 32.8143692016602
38.3640441894531 38.3391990661621 38.0408477783203 37.2848014831543 36.6122093200684 36.2868385314941 36.2349624633789 36.338249206543 36.055492401123 36.2413558959961 37.2367897033691 37.6898765563965 37.8937149047852 38.1249237060547 38.2209587097168 38.1780700683594 38.0933685302734 38.0741767883301 38.033374786377 38.0183715820312 37.9084434509277 37.7775268554688 37.6571044921875 37.422607421875 37.2873039245605 37.2146835327148 37.1751861572266 37.2862777709961 37.0288124084473 37.1579055786133 37.178825378418 36.2691345214844 35.581111907959 35.0602340698242 34.4843406677246 34.6335945129395 34.5721740722656 34.366626739502 34.5267333984375 34.4092178344727 33.841007232666 33.6842842102051 33.5579299926758 33.3843841552734 32.9299468994141 32.7521171569824
38.1671981811523 38.2662658691406 38.0939102172852 36.988395690918 36.0642890930176 36.0381126403809 36.1575469970703 36.0032119750977 35.7096557617188 35.872200012207 37.1591186523438 37.6907424926758 37.9380302429199 38.1467399597168 38.158763885498 38.1034240722656 38.0940322875977 38.0098762512207 37.9614219665527 37.9533004760742 37.9614677429199 37.8860511779785 37.7031478881836 37.4726524353027 37.2192802429199 37.03515625 37.0084266662598 36.936206817627 36.9252510070801 36.8033485412598 37.0140724182129 36.855598449707 36.2104606628418 35.5021438598633 34.9927520751953 35.376220703125 35.3027687072754 34.7502708435059 34.5195808410645 34.593578338623 34.4010238647461 34.1135025024414 33.7486114501953 33.5172500610352 33.2023429870605 32.8440818786621
37.9188652038574 38.0096282958984 38.1241073608398 37.6407623291016 36.4933128356934 36.0978775024414 36.5065307617188 35.9293899536133 35.7516632080078 35.8537902832031 37.094596862793 37.776195526123 38.0179710388184 38.1218070983887 38.0425033569336 37.9359321594238 37.9336624145508 37.9440536499023 37.905647277832 37.7851142883301 37.8370323181152 37.8950042724609 37.7326011657715 37.5583419799805 37.3354377746582 37.149959564209 36.7573204040527 36.5212249755859 36.1181030273438 36.5074806213379 36.3149108886719 36.9170799255371 36.9620132446289 36.5679130554199 36.0053558349609 36.0370216369629 35.6023101806641 35.1938133239746 34.8348045349121 35.259349822998 34.7761878967285 34.4715728759766 34.2757720947266 34.1170883178711 33.8046035766602 33.6495170593262
37.7666130065918 37.7431564331055 37.9418716430664 37.9614448547363 37.4665145874023 37.200252532959 37.1309356689453 36.7291412353516 36.4977035522461 36.5142974853516 36.7366561889648 37.1892471313477 37.919132232666 38.0660591125488 37.9314460754395 37.8347244262695 37.8292846679688 37.8670387268066 37.8224411010742 37.748405456543 37.7699737548828 37.8688697814941 37.8114013671875 37.6097602844238 37.4844818115234 37.2746543884277 36.9105949401855 36.6455154418945 36.1735801696777 36.4291000366211 35.711238861084 36.1798286437988 36.4359169006348 36.4551010131836 36.5852661132812 36.4426956176758 36.0862693786621 35.9180221557617 35.4048347473145 34.8345527648926 34.7501411437988 34.8050956726074 34.5192832946777 34.2984809875488 34.2882614135742 34.1229286193848
37.8558006286621 37.8577461242676 37.9049644470215 37.9450531005859 37.818229675293 37.1438865661621 37.1485290527344 37.2239303588867 36.9813766479492 36.9363174438477 37.221923828125 37.6161003112793 37.9713096618652 38.0474166870117 37.9381370544434 37.7369995117188 37.8009796142578 37.778865814209 37.5612640380859 37.5385932922363 37.6824913024902 37.7525749206543 37.8053016662598 37.6954498291016 37.5604209899902 37.3903503417969 37.1738510131836 36.8666229248047 36.6766166687012 36.4959945678711 36.0174217224121 35.5963478088379 35.7439079284668 35.6981010437012 36.1920166015625 35.8533935546875 36.1371078491211 35.8659820556641 35.4580688476562 34.9933776855469 34.7345352172852 34.4993095397949 33.9528465270996 33.3913040161133 33.9340286254883 34.1377029418945
37.9668884277344 37.9493980407715 37.9079818725586 37.8967590332031 37.7338905334473 36.8561706542969 36.6163787841797 37.1072311401367 36.9855728149414 36.6307525634766 36.9592514038086 37.6861419677734 37.974063873291 38.0057640075684 37.9116249084473 37.7092170715332 37.7050590515137 37.4667587280273 37.1881828308105 37.3420600891113 37.6629905700684 37.6596221923828 37.7422409057617 37.7285499572754 37.5456581115723 37.4727478027344 37.2776870727539 36.9465675354004 36.8458786010742 36.5917587280273 36.1315307617188 35.3613510131836 35.0229148864746 35.1759986877441 35.6845283508301 35.8349990844727 35.4028205871582 35.019474029541 35.2315483093262 35.1525535583496 34.7762756347656 34.5221557617188 33.9211883544922 33.1642456054688 33.56005859375 33.9146270751953
38.0246810913086 37.989185333252 37.9279479980469 37.8961868286133 37.8561935424805 37.4841842651367 36.9765586853027 36.707405090332 36.716854095459 36.4797592163086 37.0184898376465 37.6976928710938 37.9486312866211 37.9589653015137 37.8659133911133 37.6672859191895 37.4939193725586 37.2591590881348 37.1345748901367 37.4266929626465 37.5622253417969 37.6205101013184 37.5786819458008 37.6820030212402 37.6141319274902 37.5134887695312 37.3327255249023 37.0219573974609 36.8858985900879 36.6651916503906 36.2046241760254 35.9642105102539 35.4521369934082 35.243537902832 35.1808891296387 35.3402900695801 35.6169281005859 35.4494552612305 35.0530548095703 34.8288764953613 34.6044311523438 34.3903503417969 34.0998764038086 33.7623481750488 33.1842498779297 33.4389915466309
38.0458946228027 37.9939613342285 37.9312057495117 37.9209976196289 37.8438568115234 37.6145935058594 37.2963333129883 36.6562995910645 36.5378379821777 36.7487640380859 37.2634582519531 37.7126274108887 37.8800621032715 37.8718376159668 37.7313766479492 37.5522880554199 37.2374687194824 37.1360473632812 37.2560729980469 37.2875518798828 37.4435234069824 37.3713531494141 37.1755027770996 37.4443321228027 37.6310920715332 37.4985389709473 37.2694358825684 37.0881309509277 36.9387664794922 36.8183517456055 36.6023216247559 36.3461532592773 35.9990119934082 35.9352684020996 35.5779991149902 35.2058715820312 35.3032836914062 35.3810119628906 35.1266174316406 34.9586334228516 34.8025207519531 34.5491142272949 33.8663597106934 33.514965057373 33.6238784790039 33.6353912353516
38.0458641052246 38.0602416992188 37.9906005859375 37.9538650512695 37.8348846435547 37.7184448242188 37.5958595275879 37.2048301696777 36.6920700073242 36.800910949707 36.9833602905273 37.3050804138184 37.6158676147461 37.6667747497559 37.6025352478027 37.452205657959 37.2355613708496 37.0817337036133 36.9610481262207 37.0087661743164 37.2628517150879 37.2599983215332 36.9972724914551 37.4232368469238 37.6431350708008 37.5221824645996 37.3541679382324 37.1718597412109 37.0849838256836 36.9574699401855 36.8225631713867 36.5719604492188 36.2197151184082 36.4391746520996 36.2940254211426 35.8854179382324 35.3848152160645 35.2599601745605 35.3876075744629 35.8307800292969 35.0152320861816 34.724479675293 34.2680206298828 33.5800247192383 33.5119438171387 33.3984413146973
