inst/extdata/Tmax/Tmax98.asc
NCOLS 100 
NROWS 79 
XLLCORNER 148.06 
YLLCORNER -21.49 
CELLSIZE 0.01 
NODATA_value -3.4e+38 
[rows 20 to 39 of 79, columns 0 to 45 of 100]
35.608482360839801 35.6542625427246 35.6507835388184 35.6164360046387 35.6383438110352 35.7652626037598 35.6813201904297 35.6066474914551 35.5382919311523 35.439567565918 35.2466659545898 34.8099021911621 34.3156890869141 33.600025177002 32.124095916748 31.642183303833 31.564266204834 32.6635818481445 33.8302307128906 34.3077278137207 34.3238143920898 34.3377952575684 34.7060813903809 34.7317810058594 34.561393737793 34.244026184082 33.5731430053711 32.5440902709961 33.1371269226074 33.2056999206543 33.8702812194824 33.8818168640137 34.0321464538574 33.9885635375977 33.9377403259277 33.6627082824707 33.2251319885254 33.2215461730957 32.6962814331055 32.9716377258301 32.7225799560547 31.9149875640869 32.1598777770996 32.2098388671875 32.3372192382812 32.3634414672852
35.7111701965332 35.7829856872559 35.792594909668 35.7566947937012 35.764835357666 35.766056060791 35.6232070922852 35.5428123474121 35.5203971862793 35.453369140625 35.3213005065918 35.1340408325195 34.8833694458008 33.844108581543 32.1634559631348 31.8005638122559 32.0729446411133 32.993480682373 33.5560684204102 33.9710159301758 34.1083564758301 34.0111465454102 34.5941505432129 34.74169921875 34.5256996154785 34.5385437011719 34.5026588439941 33.6557655334473 33.4782600402832 34.0489158630371 34.1744117736816 34.0513916015625 33.6816368103027 33.0072937011719 33.0216903686523 32.9897232055664 33.4850425720215 32.6996154785156 32.2501754760742 32.590274810791 32.152587890625 32.2416458129883 31.9253120422363 30.9026012420654 31.2572803497314 32.0074462890625
35.8058319091797 35.8626022338867 35.8686866760254 35.8554954528809 35.8396148681641 35.8047027587891 35.6173782348633 35.4870643615723 35.4320602416992 35.400562286377 35.2781295776367 35.2043228149414 35.0160713195801 34.3433990478516 33.097297668457 32.1559410095215 31.4291877746582 31.9869632720947 32.6301193237305 33.5348930358887 33.6580085754395 33.792781829834 34.5055732727051 34.2657432556152 33.8032569885254 34.2056732177734 34.282398223877 34.3649978637695 34.0474586486816 34.0850219726562 33.7859191894531 33.573055267334 32.9355545043945 32.5594291687012 32.2943077087402 32.5292129516602 32.4472007751465 31.8150024414062 31.775505065918 31.6773490905762 31.3240661621094 30.4745063781738 31.3469200134277 31.0144653320312 29.900936126709 31.489013671875
35.8173179626465 35.8562774658203 35.8728332519531 35.8664703369141 35.8259963989258 35.8180465698242 35.7403793334961 35.4259147644043 35.3133697509766 35.337703704834 35.1444892883301 34.942066192627 35.0555610656738 34.640869140625 33.7654762268066 32.8833427429199 31.9506378173828 31.612979888916 32.2949142456055 32.6465682983398 33.2546157836914 34.3689842224121 34.0892601013184 33.4065704345703 33.5681495666504 33.7273178100586 33.3806686401367 34.4274940490723 34.4487152099609 34.2894821166992 34.0313987731934 32.813289642334 32.4389953613281 32.6585693359375 33.0264015197754 32.507266998291 31.4747848510742 30.8582382202148 31.6647186279297 31.0866813659668 30.2653274536133 28.6574630737305 29.585693359375 30.9138793945312 28.8752975463867 30.3649444580078
35.7859420776367 35.8540649414062 35.88427734375 35.8516960144043 35.8121490478516 35.8155670166016 35.8176803588867 35.6303024291992 35.4420204162598 35.2588005065918 35.1481132507324 35.1070709228516 34.9184913635254 34.5449104309082 33.6990280151367 32.9196815490723 32.0783309936523 31.6568450927734 31.8838768005371 31.8810386657715 33.2357635498047 34.1643753051758 32.9302215576172 32.3194389343262 33.2314453125 33.2023582458496 33.4056282043457 34.2225227355957 34.484546661377 34.0583763122559 33.9904670715332 33.7272644042969 33.6895446777344 33.7465324401855 33.3784446716309 33.0307731628418 32.5751075744629 31.3222122192383 31.0642738342285 30.7670555114746 28.8200759887695 28.1612243652344 28.657283782959 30.7252006530762 28.495792388916 28.9036407470703
35.7639465332031 35.7909469604492 35.7997589111328 35.7743263244629 35.7872123718262 35.797306060791 35.826587677002 35.7802734375 35.6190872192383 35.358283996582 35.149715423584 35.0020332336426 34.8393478393555 34.3379211425781 33.8387908935547 33.2153854370117 32.5225677490234 32.1343193054199 32.6423683166504 33.427978515625 33.4097557067871 33.3002891540527 32.7517166137695 31.3112506866455 31.8881397247314 32.757022857666 32.9232597351074 34.2876853942871 34.4855728149414 34.0818862915039 33.104621887207 33.7776184082031 33.6230239868164 33.476390838623 33.1683235168457 32.8076705932617 32.6659393310547 31.0046730041504 29.5535659790039 30.0071830749512 28.3731498718262 29.3159980773926 29.7100143432617 30.741886138916 29.587890625 28.3622550964355
35.6713180541992 35.7056655883789 35.7102813720703 35.7231941223145 35.719539642334 35.7219276428223 35.8193740844727 35.8228797912598 35.6777992248535 35.2273483276367 35.1126708984375 34.8227081298828 34.8182983398438 34.4036407470703 33.5680885314941 32.3661231994629 31.93701171875 32.153076171875 32.6864280700684 32.5800743103027 32.7908897399902 33.7928924560547 33.627872467041 31.9226360321045 31.4592571258545 32.5114631652832 33.4067459106445 34.3780479431152 34.4622917175293 34.2158050537109 33.283390045166 32.850887298584 33.7112236022949 33.1106071472168 32.6130561828613 31.6792182922363 31.3551750183105 31.4767227172852 30.2747039794922 28.7939376831055 28.3282928466797 28.6865081787109 28.568244934082 29.7499198913574 28.6752090454102 27.9297218322754
35.540470123291 35.5681495666504 35.5999488830566 35.6545562744141 35.6801567077637 35.7442970275879 35.8455200195312 35.8417892456055 35.7651290893555 35.5578155517578 35.2961349487305 35.0076484680176 34.8758964538574 34.6573715209961 33.6319122314453 32.3485832214355 31.9808883666992 31.9232215881348 32.068431854248 32.0412635803223 33.3242683410645 34.0391998291016 33.4326324462891 32.461051940918 31.8147315979004 32.076057434082 32.2099571228027 33.9666137695312 34.3502540588379 34.2132987976074 33.3223457336426 33.2218208312988 33.5416030883789 32.7084770202637 31.9239730834961 31.2752742767334 30.2376461029053 31.0439682006836 30.8526096343994 28.7734775543213 28.2631568908691 28.477409362793 28.3726062774658 29.0463733673096 28.3631610870361 28.0114917755127
35.0094795227051 34.9660949707031 35.2569313049316 35.594596862793 35.7382583618164 35.8268203735352 35.865364074707 35.8517227172852 35.7126617431641 35.5944061279297 35.4146423339844 34.8294296264648 34.9324607849121 34.7651252746582 34.1923789978027 32.8333473205566 32.0136756896973 31.4322700500488 31.7877311706543 32.7881317138672 33.3589401245117 33.7622756958008 32.7834129333496 31.9594821929932 31.7471942901611 31.9113273620605 32.3993453979492 33.4117469787598 34.251838684082 34.3142585754395 33.7364845275879 33.437816619873 32.9494743347168 31.7872447967529 30.4600410461426 29.9758129119873 29.6034564971924 29.8327732086182 30.0050182342529 29.5425128936768 28.9333591461182 29.0765819549561 28.7560405731201 28.498176574707 28.5044975280762 28.4213771820068
34.0616683959961 35.0126800537109 35.3703308105469 35.0832710266113 35.6906127929688 35.8526916503906 35.8806228637695 35.8656387329102 35.6427841186523 35.4804153442383 35.4698944091797 35.1793556213379 34.9150848388672 34.7665252685547 34.4837913513184 33.9086761474609 33.2851371765137 31.7314910888672 32.0943222045898 32.1822357177734 32.353889465332 33.4200592041016 32.9363021850586 32.0145950317383 31.7766857147217 31.5339546203613 31.4968738555908 33.3699569702148 34.302417755127 34.381160736084 33.4680557250977 32.370174407959 32.0134086608887 31.6083793640137 31.2995052337646 30.1415119171143 30.0627899169922 29.5856170654297 29.1024360656738 29.3904113769531 31.4439125061035 31.5315227508545 30.2394847869873 28.5847644805908 29.7817573547363 29.8986797332764
34.404727935791 35.3694190979004 35.3959770202637 34.8107872009277 35.6585388183594 35.8567810058594 35.9113616943359 35.890754699707 35.8260726928711 35.5767974853516 35.4584045410156 35.384147644043 35.1869926452637 34.956184387207 34.6296195983887 33.979434967041 33.0519027709961 32.5423126220703 32.0192413330078 32.3065986633301 32.3910179138184 32.8902549743652 32.1940689086914 31.9946479797363 31.64377784729 30.9169044494629 31.2379932403564 33.2554893493652 34.1904983520508 34.2348709106445 34.211181640625 34.0173187255859 32.7627410888672 31.6817092895508 31.5984363555908 31.0407733917236 31.1935005187988 30.9682731628418 30.4783000946045 31.0300254821777 32.7029342651367 32.7636337280273 32.2763366699219 31.6244735717773 31.4816265106201 30.8015022277832
35.2522583007812 35.5483551025391 35.6141967773438 35.610954284668 35.7019271850586 35.8605003356934 35.8944473266602 35.8875503540039 35.8355865478516 35.7549819946289 35.5538330078125 35.4869537353516 35.3771209716797 35.1494331359863 34.8522262573242 34.3115463256836 33.3633613586426 32.8819923400879 32.0845108032227 31.9549827575684 32.0299682617188 32.5288124084473 32.0988388061523 31.7999382019043 31.7231006622314 31.7508754730225 32.659065246582 33.8533477783203 34.2653045654297 33.6941108703613 33.5930595397949 33.5993881225586 33.8260307312012 33.2604446411133 32.9467887878418 32.0771827697754 33.2348480224609 33.0590057373047 33.0183181762695 33.0268058776855 32.7613830566406 31.740795135498 30.6532421112061 30.2728099822998 30.1098728179932 29.2533321380615
34.9710273742676 35.7575798034668 35.8175468444824 35.8310279846191 35.823673248291 35.8301124572754 35.8019065856934 35.8492164611816 35.8386917114258 35.8162994384766 35.7611274719238 35.6221809387207 35.4198036193848 35.2408180236816 35.0269012451172 34.7492256164551 34.2195587158203 33.4651679992676 32.6184730529785 31.814245223999 31.8404483795166 32.3494529724121 32.204345703125 31.8805465698242 31.7126789093018 31.8864555358887 33.4913635253906 34.2737350463867 34.3435859680176 34.1422233581543 33.5862503051758 32.905200958252 33.6787567138672 33.7925338745117 33.8282890319824 33.2356948852539 33.6848678588867 33.3487815856934 33.1927490234375 32.9996757507324 31.6475219726562 30.0323104858398 28.5628566741943 28.9514579772949 28.8450164794922 27.7020721435547
34.8271942138672 35.5180740356445 35.3145599365234 35.1794776916504 35.3250579833984 35.7381706237793 35.740909576416 35.762809753418 35.7753944396973 35.7575035095215 35.7179374694824 35.6882781982422 35.5621109008789 35.3905639648438 35.2173233032227 34.9660720825195 34.4861068725586 34.012825012207 33.7038230895996 32.9913749694824 31.9196243286133 32.1816635131836 31.9224491119385 31.9981994628906 31.854061126709 31.8168506622314 33.0026664733887 34.2303123474121 34.3134651184082 33.9532203674316 33.7947425842285 32.5995788574219 32.9198875427246 33.1951599121094 33.5203552246094 33.6490821838379 33.4838943481445 33.2860946655273 32.8458633422852 32.8981513977051 32.5273475646973 31.1181755065918 30.1875591278076 30.8047637939453 30.2943477630615 28.9771690368652
35.2113609313965 35.516357421875 35.0663070678711 34.3301162719727 34.4461898803711 35.4865036010742 35.7171783447266 35.6766319274902 35.6912422180176 35.7051734924316 35.6150588989258 35.6635437011719 35.6063079833984 35.4819526672363 35.3142890930176 35.1017074584961 34.7588958740234 34.0088195800781 33.54833984375 33.0253067016602 32.2558898925781 32.1534538269043 31.939323425293 31.6917762756348 31.6475620269775 32.0731964111328 33.3428382873535 34.2029113769531 33.6381416320801 33.384578704834 33.4983558654785 33.0943870544434 32.7271995544434 32.346378326416 32.0350952148438 32.5816612243652 32.3600997924805 32.7217254638672 32.6224136352539 32.3865394592285 32.0808219909668 32.4357757568359 32.144172668457 31.7753257751465 31.0855846405029 30.5314807891846
35.3709335327148 35.4771347045898 35.2595672607422 34.9144287109375 34.5771026611328 35.1853904724121 35.5206298828125 35.5437812805176 35.5928535461426 35.6558418273926 35.6405258178711 35.6871109008789 35.6167411804199 35.5484657287598 35.3759078979492 35.1327133178711 34.868278503418 34.6205444335938 34.1710472106934 33.4349708557129 32.996467590332 32.699405670166 32.1147384643555 31.3762531280518 31.5521183013916 31.8282451629639 33.4504432678223 34.0302047729492 31.9049644470215 31.4350128173828 32.158203125 32.4018211364746 32.3433036804199 32.0895881652832 31.5283260345459 31.2274341583252 31.826416015625 31.6342353820801 31.5884838104248 31.5226669311523 31.2116088867188 30.8597602844238 31.1341037750244 31.6638412475586 30.9392681121826 29.6387748718262
35.2340202331543 35.2675170898438 35.2903900146484 34.9845237731934 34.6723709106445 34.8786315917969 35.1199989318848 35.3358421325684 35.4561309814453 35.5900077819824 35.5662727355957 35.5604362487793 35.6531410217285 35.5737380981445 35.4374618530273 35.1320877075195 35.1074523925781 34.930004119873 34.6476058959961 34.2128982543945 34.0427742004395 33.1416282653809 32.4568405151367 31.913158416748 31.9021472930908 32.3334274291992 33.4967575073242 33.3737297058105 33.03271484375 32.9056396484375 32.0211753845215 31.9404582977295 31.7147407531738 31.5416259765625 30.7030410766602 30.2251415252686 30.4631042480469 30.3907070159912 30.6520462036133 30.4105548858643 30.3865261077881 29.3186378479004 30.1252326965332 31.098217010498 30.8151531219482 29.1218013763428
34.6444892883301 35.0095520019531 35.2359199523926 35.1170425415039 34.892391204834 34.7449760437012 34.7275695800781 35.140926361084 35.2644729614258 35.4569091796875 35.5465316772461 35.5422477722168 35.6060218811035 35.6209602355957 35.4181900024414 35.2987670898438 35.2145042419434 35.0780906677246 34.8943786621094 34.6623458862305 34.4255523681641 33.6118087768555 32.3021850585938 32.3966026306152 31.5976963043213 32.2561721801758 33.3465538024902 32.6974563598633 32.9058799743652 33.4297180175781 33.2882347106934 33.0993804931641 32.324161529541 31.8241901397705 30.004430770874 28.526496887207 28.5692024230957 28.4307498931885 28.3759078979492 28.9089183807373 29.0888137817383 29.3090515136719 29.5163154602051 30.5170421600342 30.3407974243164 29.8747806549072
34.7926940917969 34.8961029052734 35.0401763916016 35.0109481811523 34.9685134887695 34.6193542480469 34.3717308044434 34.0734748840332 34.814884185791 35.3748970031738 35.522819519043 35.5683975219727 35.6533279418945 35.6460189819336 35.3000755310059 34.8401107788086 34.8648414611816 34.9201927185059 34.9671821594238 34.8239593505859 34.6557502746582 34.1847038269043 32.9095993041992 33.252368927002 32.1428337097168 32.128604888916 32.2960739135742 32.649055480957 31.4392948150635 32.1965217590332 31.761266708374 31.8839569091797 33.3056144714355 32.8053321838379 31.6902732849121 29.0998821258545 28.0321979522705 28.0274906158447 27.2399940490723 27.7339477539062 28.4626750946045 28.4459037780762 28.5293598175049 30.1038379669189 29.5810928344727 28.953556060791
34.8912658691406 34.802417755127 34.8578491210938 34.6343612670898 34.8578643798828 34.7573432922363 34.4976997375488 34.1974716186523 34.4149169921875 35.103946685791 35.381706237793 35.5942840576172 35.6395645141602 35.5974769592285 35.5265655517578 35.0648918151855 34.6301803588867 34.3949890136719 34.6974754333496 34.8334846496582 34.6679916381836 34.496452331543 34.1201095581055 33.4514503479004 32.2130470275879 31.9585723876953 31.9017066955566 31.9959754943848 32.0470275878906 31.4257946014404 30.7558860778809 31.6450309753418 33.0173454284668 32.1557502746582 32.3985252380371 31.7651195526123 31.25608253479 31.0924396514893 29.9415245056152 28.6407947540283 29.4652805328369 29.0910110473633 29.5299301147461 29.7352962493896 29.3741416931152 28.8166961669922
