inst/extdata/Tmax/Tmax141.asc
NCOLS 100 
NROWS 79 
XLLCORNER 148.06 
YLLCORNER -21.49 
CELLSIZE 0.01 
NODATA_value -3.4e+38 
[rows 40 to 59 of 79, columns 0 to 45 of 100]
39.952487945556598 39.6210021972656 39.666130065918 39.7071533203125 39.5726013183594 39.7065353393555 39.6386260986328 39.4117317199707 38.8679161071777 39.369499206543 40.0998268127441 40.4475402832031 40.4918479919434 40.5523643493652 40.6285171508789 40.3956756591797 40.0719413757324 39.6760330200195 39.0122413635254 39.5838851928711 39.5751800537109 39.4346504211426 39.3649215698242 38.9065971374512 37.8590927124023 37.097785949707 36.846549987793 36.9623908996582 37.103702545166 36.3534240722656 35.6183319091797 36.0831985473633 37.5801429748535 37.2659339904785 36.9663276672363 37.3543853759766 37.2343254089355 36.8595657348633 36.6047515869141 36.0787734985352 36.0332183837891 35.1017875671387 34.5705757141113 34.5651969909668 34.3277053833008 34.1794204711914
40.1253852844238 39.6570510864258 39.522819519043 39.6478729248047 39.5347290039062 39.6335830688477 39.6287155151367 39.5102348327637 39.2261543273926 39.372444152832 39.7657318115234 40.1516036987305 40.4139442443848 40.604190826416 40.6562614440918 40.4924392700195 40.133487701416 39.5644645690918 39.1811218261719 39.3513832092285 39.3800392150879 39.0943222045898 39.302116394043 38.982307434082 38.2121505737305 37.6305809020996 36.8844718933105 36.7945709228516 37.0474052429199 36.536304473877 36.0365180969238 36.7711524963379 37.5699844360352 36.6929244995117 35.8420028686523 36.7448348999023 36.7818412780762 37.030387878418 36.9891357421875 36.720516204834 36.5834426879883 35.7141265869141 34.3830909729004 34.2715606689453 34.3398284912109 34.3027305603027
39.967830657959 39.8940658569336 39.6567764282227 39.5229187011719 39.5986557006836 39.6287460327148 39.5900497436523 39.5504608154297 39.5152359008789 39.4643402099609 39.5256538391113 40.0588798522949 40.4235229492188 40.5878639221191 40.6062812805176 40.5561714172363 40.2825584411621 39.9206466674805 39.6632995605469 39.6103363037109 39.5135498046875 38.7514877319336 38.6716804504395 38.9314804077148 38.9635047912598 38.4560432434082 37.4228782653809 37.0395889282227 36.9506187438965 36.6889953613281 35.6627044677734 36.8838081359863 36.951358795166 35.6926116943359 34.937671661377 35.800407409668 35.7857093811035 36.5529327392578 36.748836517334 36.399974822998 36.1303291320801 36.1705780029297 35.489086151123 35.2868309020996 35.7108955383301 36.8691482543945
39.5806465148926 39.6768379211426 39.667366027832 39.6664962768555 39.7051696777344 39.7011032104492 39.6488494873047 39.5935859680176 39.6611442565918 39.6308670043945 39.6449508666992 40.0980453491211 40.3804092407227 40.5565490722656 40.5830001831055 40.6034164428711 40.4687118530273 40.2302436828613 39.9152717590332 39.9604759216309 39.7630081176758 39.452335357666 38.6734199523926 38.2655487060547 39.0425338745117 38.7999496459961 38.3101997375488 37.7536125183105 37.3629455566406 37.1596183776855 36.2222137451172 36.106803894043 36.9351539611816 36.3438034057617 35.6240005493164 35.1963195800781 35.2570190429688 35.4857330322266 35.7007751464844 35.4778022766113 35.0554428100586 35.722541809082 35.2947654724121 36.32080078125 38.347770690918 39.0232849121094
39.2415809631348 39.4448547363281 39.4275932312012 39.4331283569336 39.6511650085449 39.7863960266113 39.8055000305176 39.7456932067871 39.8190994262695 39.875545501709 40.070915222168 40.2109222412109 40.3591613769531 40.4755706787109 40.5466156005859 40.6082763671875 40.5538177490234 40.3942337036133 40.2197875976562 40.1665916442871 40.0202255249023 39.8406524658203 39.4988174438477 39.2565040588379 39.0541152954102 38.524097442627 38.7979354858398 38.6594123840332 38.2875823974609 37.4933090209961 36.7806930541992 36.7563095092773 37.1295928955078 37.3230323791504 36.9794006347656 35.6454696655273 34.402961730957 34.3691444396973 34.4659271240234 34.7740287780762 34.6610336303711 35.1468200683594 34.7078437805176 35.478687286377 37.491943359375 39.0479965209961
39.2621078491211 39.3234405517578 39.1501731872559 39.0273399353027 39.2702331542969 39.5299263000488 39.7847633361816 39.9252548217773 40.0056533813477 40.1140480041504 40.1960144042969 40.094596862793 39.8438339233398 40.2701950073242 40.5281753540039 40.5841217041016 40.5641555786133 40.4916687011719 40.3908271789551 40.3187522888184 40.2167778015137 40.078498840332 40.0154190063477 39.3236846923828 38.9249420166016 38.8375511169434 38.9133071899414 38.720760345459 38.5040397644043 37.9110069274902 36.4577789306641 36.6831703186035 37.0444641113281 37.1195945739746 37.2345809936523 36.1866569519043 34.8959465026855 34.6741371154785 34.7036781311035 35.1054801940918 34.5578804016113 34.8670883178711 35.2329406738281 35.517147064209 36.4964294433594 37.8378829956055
39.0967102050781 39.0515060424805 39.0676422119141 38.986946105957 38.8770484924316 38.9495239257812 39.515796661377 39.664722442627 39.8088226318359 39.8338165283203 40.0863037109375 40.1904144287109 39.9113922119141 40.2058715820312 40.4623336791992 40.5513534545898 40.5405616760254 40.4688339233398 40.4237365722656 40.378059387207 40.2934646606445 40.1981468200684 40.0835037231445 39.5468902587891 38.604850769043 38.7322692871094 38.9134483337402 38.6567993164062 38.5978622436523 38.4278297424316 37.5049858093262 37.1116218566895 36.697566986084 37.0016555786133 37.1607513427734 36.6121559143066 35.4577598571777 35.7162780761719 35.2259521484375 35.8936767578125 35.3555030822754 35.4773597717285 35.5851974487305 35.6829452514648 35.6750564575195 35.4996566772461
39.6035804748535 38.8460006713867 38.7591590881348 38.702507019043 38.6772766113281 38.8285064697266 39.184139251709 39.1367149353027 39.4306564331055 39.4914817810059 39.5881462097168 39.6509552001953 39.8668746948242 40.1884918212891 40.4028396606445 40.5354919433594 40.5041313171387 40.3735160827637 40.1720390319824 40.0626220703125 40.2107582092285 39.9863662719727 40.0052490234375 39.9299240112305 39.4126052856445 39.2999496459961 39.2974700927734 39.0709800720215 38.8771896362305 38.6210670471191 37.82861328125 37.3902320861816 36.5628929138184 37.021728515625 37.0721664428711 36.8026695251465 36.2826194763184 36.545825958252 36.2367210388184 36.5198822021484 36.2143249511719 35.9551315307617 35.7879486083984 35.6456451416016 35.3292770385742 35.1120300292969
40.3956832885742 39.4732513427734 38.6016883850098 38.4331169128418 38.5912895202637 38.8136825561523 38.7258338928223 38.7298812866211 39.1276321411133 39.4744491577148 39.5615539550781 39.5298461914062 39.7970199584961 40.1472702026367 40.4197731018066 40.496265411377 40.4860076904297 40.408935546875 40.2187232971191 39.965202331543 40.0440711975098 39.9648170471191 39.8734970092773 40.0181045532227 39.8932838439941 39.7702484130859 39.4272994995117 39.2012367248535 39.0974998474121 38.761100769043 38.3091201782227 37.757453918457 36.752326965332 36.9324836730957 36.8979835510254 36.9675674438477 36.8374214172363 36.8049812316895 36.6709594726562 36.4572525024414 35.6020622253418 35.4245910644531 35.6057586669922 35.3669967651367 35.2415504455566 34.9209594726562
40.6810760498047 40.0999069213867 39.1381149291992 38.4721794128418 38.4618797302246 38.4557991027832 38.4783706665039 38.8868713378906 39.1666984558105 39.0506706237793 39.7662887573242 40.0149803161621 40.1393203735352 40.2545700073242 40.3658409118652 40.4606513977051 40.4487190246582 40.3911285400391 40.2748603820801 40.1144981384277 39.9947052001953 39.8970947265625 39.6857414245605 39.7292251586914 39.914722442627 39.8938369750977 39.6219940185547 39.0081825256348 38.4359397888184 38.7407569885254 38.3933868408203 38.0206985473633 37.0837364196777 36.7361907958984 36.4908065795898 36.843391418457 36.9181137084961 36.8011131286621 36.750415802002 36.3877449035645 35.653507232666 35.2652702331543 35.4293556213379 35.0886306762695 35.0055046081543 34.9194259643555
40.6614608764648 40.4537544250488 39.9465560913086 39.2330856323242 38.614673614502 38.2657051086426 38.4435691833496 38.8202514648438 38.8765335083008 39.2311325073242 39.8969841003418 40.1469459533691 40.2907905578613 40.4070091247559 40.4291687011719 40.4569396972656 40.3053970336914 40.3181800842285 40.323657989502 40.2330856323242 40.1051864624023 39.9055671691895 39.6804428100586 39.585075378418 39.7049598693848 39.7478218078613 39.7712059020996 39.509765625 39.186767578125 39.0167694091797 38.3884315490723 38.1823463439941 37.2112121582031 36.7339553833008 36.025764465332 36.564453125 36.6978340148926 36.6866149902344 36.7426338195801 36.5259132385254 35.9296951293945 35.7500991821289 35.6556205749512 35.4557418823242 35.1549835205078 34.9899749755859
40.6123237609863 40.5619659423828 40.2810516357422 39.5250053405762 38.8524131774902 38.527042388916 38.4670906066895 38.5703773498535 38.2876205444336 38.4734840393066 39.4689178466797 39.913932800293 40.1177711486816 40.3489799499512 40.4450149536133 40.4021263122559 40.2919120788574 40.2901573181152 40.2493553161621 40.2343521118164 40.1244239807129 39.9854316711426 39.8650093078613 39.6305122375488 39.4952087402344 39.4225883483887 39.3575782775879 39.4861068725586 39.2286415100098 39.3577346801758 39.3786544799805 38.4608917236328 37.7728691101074 37.2519912719727 36.6760940551758 36.8253517150879 36.7558517456055 36.5503044128418 36.7104148864746 36.5928993225098 36.0246887207031 35.8424530029297 35.7335357666016 35.5599899291992 35.1055526733398 34.9277229309082
40.4041976928711 40.4777526855469 40.3227386474609 39.2172241210938 38.2931175231934 38.2669410705566 38.3782005310059 38.2238655090332 37.9303092956543 38.0928573608398 39.3797760009766 39.9032287597656 40.1505165100098 40.3592262268066 40.3712501525879 40.3159103393555 40.281005859375 40.2141914367676 40.1657371520996 40.1576156616211 40.1657829284668 40.0821952819824 39.8992919921875 39.6687965393066 39.4154243469238 39.2313003540039 39.1790580749512 39.1241798400879 39.113224029541 38.9913215637207 39.2020454406738 39.0354042053223 38.390266418457 37.6819496154785 37.1725578308105 37.5560264587402 37.4744033813477 36.9219055175781 36.6912155151367 36.7652130126953 36.5726585388184 36.2596244812012 35.9120788574219 35.6807136535645 35.3658103942871 35.0075454711914
40.1712875366211 40.236644744873 40.368465423584 39.8851203918457 38.7376708984375 38.3422355651855 38.7428245544434 38.1656875610352 37.9879570007324 38.090087890625 39.3308906555176 40.0044288635254 40.2462043762207 40.350040435791 40.2707366943359 40.1641654968262 40.1364898681641 40.1642227172852 40.1258163452148 40.0052833557129 40.057201385498 40.1071128845215 39.944709777832 39.770450592041 39.5475463867188 39.3620681762695 38.9440269470215 38.7252731323242 38.322151184082 38.7115287780762 38.5189590454102 39.1130676269531 39.1579971313477 38.7639007568359 38.2013397216797 38.2330093383789 37.7902336120605 37.3817367553711 37.0227317810059 37.4472732543945 36.9641151428223 36.6340942382812 36.4556350708008 36.2969512939453 35.9844665527344 35.8293800354004
40.0190353393555 39.9701728820801 40.1862297058105 40.2058029174805 39.7108726501465 39.4446105957031 39.3672332763672 38.9654388427734 38.734001159668 38.7505950927734 38.9729499816895 39.41748046875 40.1473655700684 40.2942924499512 40.1596794128418 40.0629577636719 40.032112121582 40.0872077941895 40.042610168457 39.9685745239258 39.9901428222656 40.0809783935547 40.023509979248 39.8218688964844 39.696590423584 39.4867630004883 39.0973014831543 38.8495635986328 38.377628326416 38.6331481933594 37.9152870178223 38.3758163452148 38.6319046020508 38.6510848999023 38.78125 38.6386795043945 38.2741928100586 38.1059455871582 37.5927581787109 37.0224800109863 36.9380645751953 36.9676170349121 36.699146270752 36.478343963623 36.4681243896484 36.302791595459
40.1082229614258 40.0847625732422 40.1493225097656 40.1894111633301 40.0625877380371 39.3882446289062 39.384822845459 39.4602241516113 39.2176742553711 39.1726150512695 39.4582176208496 39.8443336486816 40.1995429992676 40.2756500244141 40.1663703918457 39.9652328491211 40.0038070678711 39.9990348815918 39.7814331054688 39.7587623596191 39.902660369873 39.9646835327148 40.0174102783203 39.9075584411621 39.7725296020508 39.6024589538574 39.3605575561523 39.070671081543 38.8806648254395 38.7000427246094 38.2214698791504 37.7923355102539 37.9398956298828 37.8940887451172 38.3880004882812 38.0493774414062 38.3250312805176 38.0539054870605 37.6459922790527 37.1813011169434 36.9224624633789 36.6618309020996 36.1327095031738 35.5711669921875 36.1138916015625 36.3175659179688
40.219310760498 40.1764144897461 40.1523399353027 40.1411170959473 39.9782485961914 39.100528717041 38.8526725769043 39.3435249328613 39.221866607666 38.8670501708984 39.1955490112305 39.9143753051758 40.2022972106934 40.2339973449707 40.1398582458496 39.9374504089355 39.907886505127 39.6869277954102 39.4083518981934 39.5622291564941 39.8831596374512 39.8717308044434 39.9543495178223 39.9406585693359 39.7577667236328 39.6848564147949 39.4643936157227 39.1506156921387 39.0499267578125 38.7958068847656 38.335578918457 37.5573348999023 37.2189025878906 37.3719863891602 37.8805160522461 38.0309829711914 37.5907440185547 37.2073974609375 37.4194717407227 37.3404769897461 36.9642028808594 36.6846771240234 36.1010513305664 35.344108581543 35.7399215698242 36.0944900512695
40.2658233642578 40.2049217224121 40.1609306335449 40.1291694641113 40.0891761779785 39.7171630859375 39.2013816833496 38.9322280883789 38.9416770935059 38.7045822143555 39.2433128356934 39.9143600463867 40.1652984619141 40.1756324768066 40.0825805664062 39.8839530944824 39.6851806640625 39.4676666259766 39.3430824279785 39.6352005004883 39.7707328796387 39.8208618164062 39.7790336608887 39.8823547363281 39.8144836425781 39.7138404846191 39.5076751708984 39.2141532897949 39.0780944824219 38.8573875427246 38.3968200683594 38.1482467651367 37.6361770629883 37.4275741577148 37.3649291992188 37.5243301391602 37.7928085327148 37.6253356933594 37.2289352416992 37.0047569274902 36.7803115844727 36.540828704834 36.2675971984863 35.9300689697266 35.3519706726074 35.6067123413086
40.3024597167969 40.2252311706543 40.1797218322754 40.1695098876953 40.0923728942871 39.863109588623 39.5367965698242 38.8967628479004 38.7783012390137 38.9892272949219 39.5039215087891 39.9450416564941 40.112476348877 40.1042518615723 39.9637908935547 39.7847023010254 39.4445877075195 39.3604125976562 39.4804382324219 39.5119171142578 39.6678886413574 39.5876693725586 39.3918190002441 39.6606483459473 39.8474082946777 39.7148551940918 39.4604568481445 39.2963981628418 39.1470336914062 39.0266189575195 38.8105888366699 38.5463714599609 38.1992301940918 38.1354866027832 37.7782173156738 37.4060897827148 37.4954528808594 37.5731811523438 37.3187866210938 37.1508026123047 36.9946899414062 36.7159881591797 36.0504760742188 35.6990814208984 35.8079986572266 35.8195114135742
40.3024291992188 40.2915115356445 40.2391128540039 40.2023773193359 40.0834007263184 39.9669570922852 39.8363227844238 39.4452934265137 38.9325332641602 39.041374206543 39.2238235473633 39.5374946594238 39.8482818603516 39.8991889953613 39.8349494934082 39.6846199035645 39.4426803588867 39.3060989379883 39.1854133605957 39.2331314086914 39.4872169494629 39.4763145446777 39.2135887145996 39.6395530700684 39.8594512939453 39.7384986877441 39.5451889038086 39.380126953125 39.2932510375977 39.1657371520996 39.0308303833008 38.7721786499023 38.4199333190918 38.6393928527832 38.4942436218262 38.085636138916 37.5769844055176 37.4521293640137 37.579776763916 38.02294921875 37.2074012756348 36.8913536071777 36.4521408081055 35.7641448974609 35.6960639953613 35.5825576782227
