inst/extdata/Tmax/Tmax118.asc
NCOLS 100 
NROWS 79 
XLLCORNER 148.06 
YLLCORNER -21.49 
CELLSIZE 0.01 
NODATA_value -3.4e+38 
[rows 0 to 19 of 79, columns 46 to 91 of 100]
41.2110290527344 41.0136184692383 40.8990173339844 40.8934020996094 40.8693313598633 40.747688293457 40.9674644470215 40.7832527160645 40.5784111022949 40.3923492431641 40.3202285766602 40.0417327880859 39.9398727416992 40.1682243347168 40.4544830322266 40.390998840332 40.2655143737793 40.0942001342773 39.7934150695801 39.6123237609863 39.504810333252 -3.4e+38 -3.4e+38 -3.4e+38 -3.4e+38 -3.4e+38 -3.4e+38 -3.4e+38 -3.4e+38 -3.4e+38 -3.4e+38 -3.4e+38 -3.4e+38 -3.4e+38 -3.4e+38 -3.4e+38 -3.4e+38 -3.4e+38 -3.4e+38 -3.4e+38 -3.4e+38 -3.4e+38 -3.4e+38 -3.4e+38 -3.4e+38 -3.4e+38
41.1886596679688 40.8838539123535 40.6401176452637 40.8976173400879 41.0621376037598 41.0671463012695 41.0170402526855 40.9051361083984 40.5462532043457 40.0916900634766 40.2433662414551 39.6957015991211 40.2146186828613 40.534912109375 40.5151100158691 40.4392738342285 40.3287010192871 40.1914405822754 39.9913368225098 39.8987693786621 39.8149871826172 39.6843452453613 -3.4e+38 -3.4e+38 -3.4e+38 -3.4e+38 -3.4e+38 -3.4e+38 -3.4e+38 -3.4e+38 -3.4e+38 -3.4e+38 -3.4e+38 -3.4e+38 -3.4e+38 -3.4e+38 -3.4e+38 -3.4e+38 -3.4e+38 -3.4e+38 -3.4e+38 -3.4e+38 -3.4e+38 -3.4e+38 -3.4e+38 -3.4e+38
41.097053527832 40.3155250549316 39.4590835571289 40.8562889099121 41.0545616149902 41.0659561157227 41.0426445007324 40.981819152832 40.7373962402344 40.1231269836426 40.2328948974609 40.3720970153809 40.4506912231445 40.6089019775391 40.573600769043 40.490550994873 40.4015045166016 40.3017997741699 40.171443939209 39.9409408569336 39.9226379394531 39.7630424499512 39.5317230224609 39.2464599609375 -3.4e+38 -3.4e+38 -3.4e+38 -3.4e+38 -3.4e+38 -3.4e+38 -3.4e+38 -3.4e+38 -3.4e+38 -3.4e+38 -3.4e+38 -3.4e+38 -3.4e+38 -3.4e+38 -3.4e+38 -3.4e+38 -3.4e+38 -3.4e+38 -3.4e+38 -3.4e+38 -3.4e+38 -3.4e+38
40.6753997802734 40.7327613830566 39.6150093078613 40.7544212341309 40.946891784668 41.0062408447266 41.0702934265137 40.9629135131836 40.8215675354004 40.471061706543 40.3772392272949 40.1077842712402 40.4672241210938 40.6024360656738 40.6278762817383 40.5451278686523 40.4882736206055 40.4186935424805 40.2729187011719 39.8867721557617 39.7114601135254 39.7387466430664 39.6784324645996 39.598949432373 39.4308967590332 39.0399589538574 -3.4e+38 -3.4e+38 -3.4e+38 -3.4e+38 -3.4e+38 -3.4e+38 -3.4e+38 -3.4e+38 -3.4e+38 -3.4e+38 -3.4e+38 -3.4e+38 -3.4e+38 -3.4e+38 -3.4e+38 -3.4e+38 -3.4e+38 -3.4e+38 -3.4e+38 -3.4e+38
40.6739540100098 40.6913757324219 39.4538459777832 39.6824531555176 40.4827499389648 41.008129119873 41.0962715148926 40.9427299499512 40.9072647094727 40.5730018615723 40.2792816162109 40.075439453125 39.6743927001953 40.3326377868652 40.5962905883789 40.5239639282227 40.5612258911133 40.5099716186523 40.2561111450195 39.4714965820312 38.9470520019531 39.7317008972168 39.816520690918 39.750358581543 39.5044174194336 39.2379150390625 -3.4e+38 -3.4e+38 -3.4e+38 -3.4e+38 -3.4e+38 -3.4e+38 -3.4e+38 -3.4e+38 -3.4e+38 -3.4e+38 -3.4e+38 -3.4e+38 -3.4e+38 -3.4e+38 -3.4e+38 -3.4e+38 -3.4e+38 -3.4e+38 -3.4e+38 -3.4e+38
39.8149261474609 40.5616302490234 38.9820785522461 38.3275871276855 40.1245269775391 41.0979614257812 41.0279998779297 40.9616470336914 40.8984184265137 40.4666366577148 39.5317230224609 39.183032989502 39.5168495178223 40.477954864502 40.3752098083496 40.5667190551758 40.6168823242188 40.542854309082 40.4443206787109 39.7632293701172 38.999942779541 39.0742797851562 39.6082763671875 39.6800537109375 39.6577072143555 39.5812530517578 -3.4e+38 -3.4e+38 -3.4e+38 -3.4e+38 -3.4e+38 -3.4e+38 -3.4e+38 -3.4e+38 -3.4e+38 -3.4e+38 -3.4e+38 -3.4e+38 -3.4e+38 -3.4e+38 -3.4e+38 -3.4e+38 -3.4e+38 -3.4e+38 -3.4e+38 -3.4e+38
38.899097442627 40.5523300170898 39.9009132385254 39.807559967041 40.7985343933105 41.0708465576172 40.8871879577637 40.7630958557129 40.9150772094727 40.4015808105469 39.6638145446777 39.6459693908691 40.3269920349121 40.4545211791992 39.4914894104004 40.4265289306641 40.489013671875 40.4914016723633 40.5277862548828 40.2266998291016 39.8247947692871 39.5394554138184 39.7723388671875 39.5157432556152 39.7803840637207 39.8247604370117 39.6955184936523 39.4221611022949 -3.4e+38 -3.4e+38 -3.4e+38 -3.4e+38 -3.4e+38 -3.4e+38 -3.4e+38 -3.4e+38 -3.4e+38 -3.4e+38 -3.4e+38 -3.4e+38 -3.4e+38 -3.4e+38 -3.4e+38 -3.4e+38 -3.4e+38 -3.4e+38
38.02490234375 40.5705528259277 41.0287551879883 40.8204193115234 39.7761535644531 40.039680480957 40.6832809448242 40.8316383361816 40.9881935119629 40.7806587219238 40.3747367858887 39.9294586181641 39.9482421875 40.1681938171387 39.6911163330078 40.4330444335938 39.6755599975586 39.6277923583984 40.3658294677734 40.4938049316406 40.3208427429199 40.0508460998535 39.9359703063965 39.9864311218262 39.9535179138184 39.9308280944824 39.7385902404785 39.5900764465332 39.3099250793457 38.7947845458984 38.7856407165527 -3.4e+38 -3.4e+38 -3.4e+38 -3.4e+38 -3.4e+38 -3.4e+38 -3.4e+38 -3.4e+38 -3.4e+38 -3.4e+38 -3.4e+38 -3.4e+38 -3.4e+38 -3.4e+38 -3.4e+38
37.9779434204102 40.108829498291 41.0733604431152 40.9440307617188 40.0449066162109 38.496208190918 39.8926391601562 40.9545478820801 41.0227127075195 40.8924446105957 40.7387466430664 40.4528160095215 40.4642791748047 40.272289276123 39.7182312011719 39.6555328369141 39.206485748291 40.0033798217773 40.3188591003418 40.3890151977539 40.4061241149902 40.0277404785156 39.6063499450684 39.2618141174316 39.9892616271973 40.0527992248535 39.9243202209473 39.7579956054688 39.6358413696289 39.0766105651855 38.9256820678711 39.0727462768555 -3.4e+38 -3.4e+38 -3.4e+38 -3.4e+38 -3.4e+38 -3.4e+38 -3.4e+38 -3.4e+38 -3.4e+38 -3.4e+38 -3.4e+38 -3.4e+38 -3.4e+38 -3.4e+38
38.9639434814453 40.1283874511719 40.9492378234863 40.9279670715332 40.8884201049805 39.4563331604004 39.7677879333496 40.8660202026367 41.0404815673828 40.9040298461914 40.7024765014648 40.4232139587402 40.2825508117676 40.3891716003418 39.6832084655762 39.3736877441406 39.2806396484375 40.4585380554199 40.2878303527832 39.9620704650879 40.3799858093262 40.3370246887207 40.1202049255371 39.7492218017578 40.1734619140625 40.1225128173828 39.9574127197266 40.0079650878906 39.8501892089844 39.5544586181641 39.0947799682617 39.1117553710938 -3.4e+38 -3.4e+38 -3.4e+38 -3.4e+38 -3.4e+38 -3.4e+38 -3.4e+38 -3.4e+38 -3.4e+38 -3.4e+38 -3.4e+38 -3.4e+38 -3.4e+38 -3.4e+38
37.9779510498047 39.9723434448242 40.3648338317871 40.1287422180176 40.4865417480469 40.7654571533203 40.4572067260742 40.9074211120605 41.0046844482422 40.8868370056152 40.7144508361816 40.5155982971191 40.2939033508301 40.6680297851562 40.493824005127 40.4007415771484 40.4612770080566 40.6822624206543 40.6749420166016 40.0915718078613 39.606201171875 40.3119049072266 40.5019073486328 39.9558296203613 39.967887878418 39.8215866088867 39.7885093688965 40.1273422241211 39.9769592285156 39.6958961486816 -3.4e+38 -3.4e+38 -3.4e+38 -3.4e+38 -3.4e+38 -3.4e+38 -3.4e+38 -3.4e+38 -3.4e+38 -3.4e+38 -3.4e+38 -3.4e+38 -3.4e+38 -3.4e+38 -3.4e+38 -3.4e+38
37.2424583435059 38.3288154602051 38.6861610412598 38.393741607666 39.5120887756348 40.2262382507324 40.6229133605957 40.9164390563965 40.9065895080566 40.8072700500488 40.6213455200195 40.4173240661621 40.2532196044922 40.9183158874512 40.9030380249023 40.7583885192871 40.7652626037598 40.8613739013672 40.903621673584 40.7930030822754 40.3855972290039 40.1615409851074 40.5677490234375 40.3581695556641 40.0964584350586 40.2429542541504 40.2790603637695 40.0057754516602 39.8950080871582 39.7388229370117 -3.4e+38 -3.4e+38 -3.4e+38 -3.4e+38 -3.4e+38 -3.4e+38 -3.4e+38 -3.4e+38 -3.4e+38 -3.4e+38 -3.4e+38 -3.4e+38 -3.4e+38 -3.4e+38 -3.4e+38 -3.4e+38
37.2320671081543 36.3059196472168 35.8027572631836 35.9125633239746 38.0057106018066 38.621696472168 39.9798355102539 40.361141204834 40.6994285583496 40.5718193054199 40.3489303588867 40.7026481628418 40.7015495300293 40.5853462219238 41.0625038146973 41.0484848022461 40.9762573242188 40.9839820861816 40.995849609375 40.9742088317871 40.9259796142578 40.8399505615234 40.6789016723633 40.6189346313477 40.2907676696777 40.394172668457 40.3756828308105 40.0852394104004 39.8036155700684 39.6986770629883 39.5809936523438 39.2763748168945 -3.4e+38 -3.4e+38 -3.4e+38 -3.4e+38 -3.4e+38 -3.4e+38 -3.4e+38 -3.4e+38 -3.4e+38 -3.4e+38 -3.4e+38 -3.4e+38 -3.4e+38 -3.4e+38
37.2661285400391 36.4962768554688 35.7657508850098 35.3310317993164 35.8204536437988 36.5117034912109 38.5738868713379 39.9118423461914 40.705020904541 40.5107688903809 39.9813766479492 40.6367950439453 40.9910430908203 41.0386428833008 41.057487487793 41.0930404663086 41.119930267334 41.1057205200195 41.080451965332 41.0454978942871 41.0153121948242 40.9474601745605 40.8642196655273 40.7724990844727 40.5114936828613 40.5628471374512 40.4615516662598 40.2385749816895 39.9745864868164 39.9049530029297 39.8525466918945 39.7112274169922 39.4098281860352 -3.4e+38 -3.4e+38 -3.4e+38 -3.4e+38 38.8900260925293 38.9111404418945 -3.4e+38 -3.4e+38 -3.4e+38 -3.4e+38 -3.4e+38 -3.4e+38 -3.4e+38
37.9487190246582 36.5788497924805 35.8580665588379 35.5518836975098 35.9993133544922 35.8085517883301 36.7932014465332 38.7515068054199 40.2155418395996 40.6289672851562 39.4493789672852 40.3693542480469 40.8504638671875 40.3474884033203 40.4388885498047 40.9028244018555 41.0147171020508 41.0916633605957 41.0386047363281 40.8998527526855 40.9475440979004 40.8929557800293 40.8968544006348 40.8419189453125 40.7581634521484 40.6178588867188 40.5038032531738 40.3517723083496 40.2091293334961 40.1167106628418 40.0792083740234 39.9343872070312 39.5493354797363 -3.4e+38 -3.4e+38 -3.4e+38 -3.4e+38 39.0294151306152 38.9647102355957 39.1123886108398 39.0990333557129 38.9053344726562 -3.4e+38 -3.4e+38 -3.4e+38 -3.4e+38
37.9126014709473 36.5669250488281 35.9006042480469 36.2678871154785 36.094295501709 36.4336700439453 36.2341804504395 37.6303901672363 40.0270195007324 40.8179359436035 39.7031555175781 39.6572494506836 40.5421295166016 38.5153503417969 39.6178970336914 40.0471687316895 40.650749206543 41.0746955871582 41.0539169311523 40.9535789489746 40.9537353515625 40.9307708740234 40.9397659301758 40.8822708129883 40.805965423584 40.5497856140137 40.5213584899902 40.4488143920898 40.388729095459 40.3362197875977 40.2399101257324 40.0870475769043 39.8916358947754 -3.4e+38 -3.4e+38 39.6429672241211 39.4169654846191 39.1477241516113 39.0053062438965 38.776294708252 38.9138870239258 39.1074104309082 -3.4e+38 -3.4e+38 -3.4e+38 -3.4e+38
36.487133026123 35.453498840332 35.414005279541 36.4835739135742 36.7671813964844 36.7012367248535 36.3618812561035 36.6606216430664 39.2339553833008 40.6324577331543 40.6609039306641 39.7521133422852 40.3144226074219 38.8145980834961 38.8245544433594 38.9090385437012 40.3414077758789 41.0796775817871 41.0919990539551 41.1077651977539 41.1134490966797 41.0497665405273 40.9928817749023 40.7287559509277 40.7302627563477 40.6174812316895 40.596004486084 40.584888458252 40.5467376708984 40.458740234375 40.3619155883789 40.2475433349609 40.1294746398926 -3.4e+38 39.9463310241699 39.9231605529785 39.8321762084961 -3.4e+38 39.1809158325195 -3.4e+38 38.8814239501953 -3.4e+38 -3.4e+38 -3.4e+38 -3.4e+38 -3.4e+38
36.4523048400879 35.2511329650879 34.6457252502441 36.809326171875 37.0297470092773 36.4579544067383 36.1440849304199 36.2519721984863 37.7975540161133 40.3247184753418 40.4584579467773 39.9897689819336 40.1143112182617 40.2328796386719 39.5058212280273 40.7259559631348 40.9740715026855 41.0843544006348 41.1220207214355 41.1053924560547 41.104606628418 41.0634651184082 41.0202674865723 40.9179077148438 40.8991813659668 40.8321762084961 40.7771377563477 40.7210845947266 40.6068801879883 40.5732231140137 40.4986686706543 40.4172248840332 40.3322525024414 40.2388725280762 40.1768226623535 40.1693305969238 39.9972305297852 -3.4e+38 -3.4e+38 -3.4e+38 -3.4e+38 -3.4e+38 -3.4e+38 39.1242637634277 -3.4e+38 -3.4e+38
38.3557891845703 37.9917106628418 35.9032096862793 37.2743606567383 35.9432716369629 35.9530868530273 36.3231544494629 36.5729064941406 38.7842559814453 40.3133392333984 40.0009765625 39.3291549682617 40.2738304138184 40.717960357666 40.8266258239746 40.9031410217285 41.0307312011719 40.6759452819824 40.8427047729492 41.0197677612305 40.9983024597168 41.0361099243164 41.0423469543457 41.0055160522461 40.9695854187012 40.9278678894043 40.8847122192383 40.7352714538574 40.3730049133301 40.5093879699707 40.6132659912109 40.5853729248047 40.5220565795898 40.4202842712402 40.3650436401367 40.2952575683594 40.1383438110352 39.9965591430664 39.8646049499512 39.7826995849609 39.7763214111328 39.6538009643555 39.3732414245605 39.156177520752 -3.4e+38 -3.4e+38
38.4577903747559 37.4911575317383 38.2380599975586 38.0234909057617 36.5447120666504 36.5800857543945 36.2631950378418 36.438720703125 38.5604591369629 40.0086975097656 40.4724922180176 40.2143630981445 40.5852317810059 40.8987846374512 40.7547874450684 40.6121940612793 40.8191833496094 40.5197067260742 40.3389320373535 40.5287971496582 40.8923149108887 40.9637184143066 40.9829750061035 41.0175476074219 41.0152702331543 40.9911766052246 40.9322471618652 40.7159843444824 40.4207611083984 40.632926940918 40.6073341369629 40.7013626098633 40.5727310180664 40.5022430419922 40.4482231140137 40.3202819824219 40.2216644287109 40.1590614318848 40.106990814209 40.0589637756348 40.0258331298828 39.8824501037598 39.506965637207 39.0976943969727 39.1390342712402 -3.4e+38
