inst/extdata/Tmax/Tmax112.asc
NCOLS 100 
NROWS 79 
XLLCORNER 148.06 
YLLCORNER -21.49 
CELLSIZE 0.01 
NODATA_value -3.4e+38 
[rows 40 to 59 of 79, columns 46 to 91 of 100]
36.1140365600586 37.0361251831055 37.4358901977539 38.2644500732422 39.7569580078125 40.6597023010254 40.2329368591309 38.4799919128418 38.1337280273438 38.7624168395996 39.2498817443848 40.8416366577148 40.4920806884766 40.6861724853516 39.9245147705078 40.8564186096191 41.0233421325684 40.760856628418 40.8487510681152 40.9363975524902 40.9556770324707 40.1195030212402 40.4708251953125 40.7559051513672 40.8331909179688 40.8936729431152 40.8020477294922 40.4594535827637 40.6210441589355 40.7900466918945 40.7608795166016 40.622127532959 40.3302764892578 39.2043762207031 39.4476890563965 40.0649108886719 39.9780693054199 39.88916015625 40.0965003967285 39.6011352539062 38.9546051025391 39.3759078979492 39.6514282226562 39.4642143249512 39.692741394043 39.7345962524414
37.378604888916 38.4769897460938 38.3969650268555 38.3540306091309 39.8006248474121 40.9312400817871 39.8987655639648 39.5321884155273 40.073860168457 40.1469192504883 40.4871025085449 41.1164436340332 41.0090141296387 41.0200386047363 40.8837203979492 41.1725845336914 41.2043380737305 41.1411285400391 41.0985679626465 41.1133003234863 41.1033210754395 40.6408309936523 40.0117111206055 40.3288955688477 40.2551536560059 40.7011451721191 40.967472076416 40.5455703735352 40.529354095459 40.8663635253906 40.8981399536133 40.820629119873 40.6671333312988 40.1248435974121 40.3318367004395 40.372371673584 40.1785049438477 40.1658821105957 40.2491073608398 40.3504486083984 39.5072631835938 39.7016181945801 40.232795715332 40.0531349182129 40.1618804931641 40.1108093261719
39.6359710693359 39.7959747314453 39.958065032959 40.3915481567383 40.6878318786621 41.1301536560059 40.7445106506348 40.2555770874023 40.7196922302246 41.0784683227539 41.0105361938477 41.2889785766602 41.3151397705078 41.2400207519531 41.2109336853027 41.2944831848145 41.2998580932617 41.2742538452148 41.2412414550781 41.2267265319824 41.1539459228516 40.3285255432129 40.1464996337891 40.5856971740723 40.1211090087891 40.5281028747559 40.9106330871582 40.8174667358398 40.7601165771484 40.9730033874512 40.9933242797852 40.9799842834473 40.936351776123 40.8280601501465 40.7324638366699 40.4481735229492 39.633918762207 40.1523818969727 40.609920501709 40.5946846008301 40.4833221435547 40.4220771789551 40.5139122009277 40.5329551696777 40.5564727783203 40.508186340332
40.7712135314941 40.7844123840332 40.8978843688965 41.0241394042969 41.2309074401855 41.3062705993652 41.2263298034668 41.0116844177246 41.1614952087402 41.3517570495605 41.3584823608398 41.3979301452637 41.3737983703613 41.3356857299805 41.3480110168457 41.3307075500488 41.2679977416992 41.2412910461426 41.2637748718262 41.2836875915527 41.249641418457 41.0367774963379 40.8090438842773 40.9556274414062 40.8314361572266 40.4463653564453 40.6924781799316 40.9208679199219 41.0457878112793 41.0554237365723 41.0520172119141 41.036018371582 41.0005149841309 40.954158782959 40.9379615783691 40.8118095397949 40.3837051391602 40.6448707580566 40.7896270751953 40.7639923095703 40.7341957092285 40.720272064209 40.6960678100586 40.6981468200684 40.6908264160156 40.6615829467773
40.6200256347656 40.8601989746094 41.0925827026367 41.0942726135254 41.1389503479004 41.2535095214844 41.2945442199707 41.3509902954102 41.3703994750977 41.3142700195312 41.1347770690918 41.2264213562012 41.1529960632324 40.9152450561523 41.0719680786133 41.1972122192383 41.0912818908691 41.1830673217773 41.2586288452148 41.2935256958008 41.3090744018555 41.1894187927246 40.9075546264648 40.6740493774414 40.8644638061523 41.0195236206055 41.0523834228516 41.0800018310547 41.07666015625 41.0945472717285 41.0786476135254 41.0594139099121 41.0110549926758 40.9648132324219 40.9772987365723 40.9267272949219 40.8967132568359 40.8803634643555 40.818775177002 40.8070068359375 40.7852897644043 40.7615547180176 40.7518157958984 40.7279586791992 40.6343421936035 40.6561660766602
38.956844329834 39.6890869140625 40.0789375305176 40.2741470336914 40.6089019775391 40.9178047180176 40.8627052307129 41.0383644104004 41.0306549072266 40.8780174255371 40.1868057250977 40.1954154968262 40.2617645263672 38.8829612731934 39.7629280090332 40.4715728759766 40.957836151123 41.2461242675781 41.3168296813965 41.3290672302246 41.3376846313477 41.1761474609375 40.7848854064941 40.450870513916 40.6826972961426 40.9189529418945 41.0232467651367 41.0018615722656 41.048282623291 41.0994606018066 41.099983215332 41.0863952636719 41.0571556091309 41.037036895752 40.9962577819824 40.911548614502 40.8898544311523 40.8707389831543 40.8330535888672 40.8134803771973 40.7867736816406 40.7666702270508 40.7453079223633 40.6887321472168 40.670524597168 40.6890678405762
36.6623992919922 37.8937492370605 37.7995262145996 37.7677993774414 39.028923034668 39.5352020263672 39.6435890197754 39.8835067749023 40.2994956970215 39.7212867736816 39.1016044616699 38.5555801391602 39.1741752624512 39.0501480102539 39.4594230651855 40.5264053344727 41.1341781616211 41.2940292358398 41.3146781921387 41.2879104614258 41.3313980102539 41.3365211486816 40.9583320617676 40.6405601501465 40.5322723388672 40.777400970459 40.952335357666 41.0416679382324 41.1197280883789 41.1243591308594 41.1387977600098 41.1339797973633 41.1135787963867 41.0742950439453 40.9916610717773 40.9383773803711 40.9213333129883 40.9048690795898 40.8795547485352 40.854076385498 40.8266220092773 40.8101654052734 40.7946624755859 40.753604888916 40.7346534729004 40.6374015808105
36.7901039123535 36.72216796875 36.531192779541 36.6070671081543 36.5482368469238 37.3192329406738 38.5250015258789 39.1453628540039 39.3117523193359 39.1885643005371 39.6926116943359 39.5311164855957 39.3764762878418 39.9095840454102 40.1734237670898 40.9703102111816 41.1900634765625 41.2057838439941 41.1413230895996 41.2395477294922 41.3462257385254 41.3825035095215 41.2472190856934 40.9658813476562 40.5876045227051 40.8291625976562 40.9901580810547 41.1220932006836 41.1721649169922 41.1923141479492 41.1984252929688 41.1711807250977 41.10205078125 41.0245704650879 40.9584999084473 40.9354248046875 40.9337692260742 40.9345283508301 40.9136962890625 40.8889312744141 40.8736114501953 40.862922668457 40.844367980957 40.8130950927734 40.6280136108398 40.4392318725586
36.4105834960938 36.5063934326172 36.7317924499512 36.4492797851562 36.356990814209 36.4696502685547 37.3246994018555 38.9031257629395 39.4058647155762 39.5668754577637 39.4185409545898 39.58740234375 39.8530197143555 40.1148834228516 40.1618194580078 40.6510543823242 40.983829498291 40.9748115539551 40.9599533081055 41.217903137207 41.3136367797852 41.3205337524414 41.3843803405762 41.3013572692871 41.1900787353516 41.162109375 41.2273826599121 41.2746162414551 41.2687950134277 41.2587280273438 41.2316741943359 41.1622543334961 41.0769844055176 40.9514007568359 40.9037857055664 40.9527702331543 40.9494247436523 40.9534797668457 40.9561080932617 40.9316711425781 40.9299697875977 40.9168167114258 40.8914566040039 40.8673095703125 40.7206993103027 40.6007766723633
36.4907264709473 36.6633949279785 36.6900367736816 36.3623161315918 36.8564643859863 37.6956253051758 37.8011779785156 39.0002784729004 39.4467468261719 39.633415222168 39.4634323120117 39.9013824462891 40.1525039672852 40.1500244140625 40.2265701293945 40.1382446289062 40.2205772399902 40.4250946044922 40.7526779174805 41.0600090026855 41.148494720459 41.1548690795898 41.3571510314941 41.3887405395508 41.392650604248 41.3741798400879 41.3403663635254 41.1809921264648 41.2238616943359 41.2712669372559 41.2347030639648 41.1247291564941 41.0751914978027 40.8939361572266 40.8253021240234 40.9822692871094 40.9721488952637 40.9463310241699 40.987133026123 40.9820404052734 40.964973449707 40.9584312438965 40.9345626831055 40.8979568481445 40.8227958679199 40.7580032348633
36.5381698608398 36.4131317138672 36.6345062255859 36.3456649780273 37.000804901123 38.0978736877441 38.4380531311035 38.9957427978516 39.6591987609863 40.0723342895508 40.0948028564453 40.2010040283203 40.2620620727539 40.2837066650391 40.2668685913086 40.222785949707 40.2771987915039 40.0242729187012 39.696174621582 40.7291793823242 40.6292304992676 41.0145263671875 41.299015045166 41.3423461914062 41.3766708374023 41.3632202148438 41.2888145446777 41.0854949951172 41.2044830322266 41.2829399108887 41.1365661621094 40.9805183410645 40.9832420349121 40.9547233581543 40.9720001220703 41.0430145263672 41.0385894775391 41.0152816772461 41.0032157897949 41.0226402282715 41.0201683044434 40.9939155578613 40.9611587524414 40.9205589294434 40.8733978271484 40.7922477722168
36.1855239868164 36.1388816833496 36.4614448547363 35.8807487487793 35.9854545593262 37.9952125549316 38.7415237426758 39.3433837890625 39.6597557067871 39.9202194213867 39.9838027954102 39.9838027954102 39.7943496704102 39.7900695800781 40.0332183837891 40.1598815917969 40.4615364074707 40.3881034851074 40.212100982666 40.2440071105957 40.1013526916504 40.8129806518555 41.1685905456543 41.3140754699707 41.3115043640137 41.3255386352539 41.0065841674805 40.6693840026855 41.1933174133301 41.2986717224121 41.0531158447266 40.7784233093262 40.9898643493652 41.0224952697754 41.0381927490234 41.0109672546387 40.9978942871094 40.9906768798828 40.9994354248047 40.9794311523438 40.9878196716309 41.005054473877 40.9823570251465 40.9441909790039 40.9002723693848 40.8366050720215
35.8868560791016 35.7383308410645 36.1178207397461 35.9893608093262 36.0403213500977 37.0591888427734 38.0820045471191 38.7216987609863 39.1826438903809 39.5238876342773 39.4814300537109 39.4101181030273 39.466667175293 39.7292861938477 40.4100189208984 40.5112915039062 40.6735153198242 40.5785331726074 40.4969024658203 40.3360748291016 40.1149826049805 40.7163276672363 41.1101531982422 41.2727394104004 41.2093276977539 41.2919006347656 40.9412040710449 40.0960884094238 40.9851875305176 41.2925186157227 41.0511817932129 40.832836151123 41.0002403259277 40.9377555847168 40.8671798706055 40.8926696777344 40.9264144897461 40.8603553771973 40.7801361083984 40.7551612854004 40.8543930053711 40.9231872558594 40.988094329834 40.9606552124023 40.9197387695312 40.8761024475098
36.8705558776855 35.9457244873047 36.0158805847168 36.339111328125 36.726936340332 37.8182220458984 37.8890609741211 38.6592140197754 39.4244956970215 39.7371826171875 40.0743026733398 40.1680679321289 40.2868804931641 40.4897270202637 40.6568565368652 40.7021636962891 40.6505737304688 40.7121047973633 40.6741600036621 40.4534378051758 40.2704200744629 40.2920379638672 40.7673606872559 40.9660987854004 40.8909378051758 41.2726860046387 41.1701202392578 40.5863456726074 41.0616989135742 41.2881698608398 41.0861167907715 40.9154815673828 40.8304443359375 40.5222816467285 40.6824150085449 40.6286735534668 40.6264877319336 40.2417144775391 40.3232612609863 39.3917541503906 40.6151504516602 40.8310203552246 40.977409362793 40.9727363586426 40.936897277832 40.8940238952637
37.5942268371582 36.5890312194824 36.1098365783691 36.8527450561523 37.5163841247559 38.2600975036621 38.3364791870117 38.800220489502 39.5311088562012 39.9262619018555 39.9782752990723 39.9895133972168 40.3701248168945 40.5239028930664 40.6196022033691 40.6104431152344 40.794792175293 40.9093360900879 40.8748588562012 40.6399040222168 40.4850616455078 40.4072570800781 40.5217437744141 40.5254287719727 40.4942970275879 41.1145439147949 41.265308380127 40.9942855834961 40.7182922363281 41.1881713867188 40.775691986084 40.0395698547363 40.5912971496582 40.7278060913086 40.9780349731445 40.9819374084473 40.9343681335449 40.8935623168945 40.6831741333008 39.7822189331055 40.5163116455078 40.7978439331055 40.9398498535156 40.9690895080566 40.9520721435547 40.9124565124512
37.6480484008789 36.7570114135742 36.2434921264648 37.5053634643555 38.4927520751953 38.9289588928223 39.6472778320312 39.8676261901855 40.0637702941895 40.1654891967773 39.9944458007812 39.9507865905762 40.4705657958984 40.5491981506348 40.5537567138672 40.6266593933105 40.7263603210449 40.7100715637207 41.1826858520508 40.9540863037109 40.6974906921387 40.5568962097168 40.5286178588867 40.3753089904785 40.3783493041992 40.9517974853516 41.2565727233887 41.1630821228027 41.0212936401367 41.2886924743652 40.6625633239746 39.656665802002 40.108154296875 40.7188568115234 40.7404823303223 40.3895683288574 40.4323921203613 40.9015769958496 40.9959297180176 40.94873046875 40.978385925293 40.9581680297852 40.9577827453613 40.9443359375 40.9535064697266 40.9333839416504
37.5237159729004 36.5687675476074 36.1330909729004 37.2879600524902 38.5892372131348 38.949535369873 38.3803482055664 39.6876602172852 39.6338882446289 39.0977401733398 40.0220832824707 40.2182197570801 40.235034942627 40.2872543334961 40.2993812561035 40.5045928955078 40.620735168457 40.7206268310547 41.1632919311523 41.2642402648926 41.0805244445801 40.7920379638672 40.6293907165527 40.5507926940918 40.3247833251953 40.7574310302734 41.1650733947754 41.1683502197266 41.3272171020508 41.3725814819336 40.8995971679688 39.2832221984863 39.8807716369629 39.4162330627441 39.7294921875 39.0783500671387 39.9443664550781 40.8808631896973 40.9730644226074 41.0164108276367 41.0260467529297 40.9373245239258 40.8273887634277 40.9111595153809 40.921272277832 40.9167442321777
37.507080078125 36.7554931640625 36.7905044555664 37.3189926147461 38.2571754455566 38.6869277954102 39.1057624816895 39.3312759399414 38.0586929321289 37.9669609069824 39.4817771911621 38.5179061889648 38.8732604980469 39.2995796203613 39.9843788146973 40.4297027587891 40.5677375793457 40.764045715332 41.0745735168457 41.1847839355469 41.2316093444824 41.0033264160156 40.6971855163574 40.7529983520508 40.6308441162109 40.8467330932617 40.8351669311523 40.6732521057129 41.1588249206543 41.3145179748535 41.0965576171875 40.4411506652832 39.095344543457 37.1993980407715 37.3684997558594 38.9822158813477 40.3090515136719 40.8543167114258 40.9420967102051 40.877197265625 40.8735580444336 40.6548690795898 40.5312194824219 40.8519325256348 40.6065101623535 40.6536750793457
37.4808959960938 37.1048355102539 36.8910903930664 37.2081184387207 37.8305244445801 38.6430549621582 38.8025207519531 38.3856086730957 37.909839630127 38.7471084594727 39.2290573120117 38.2513771057129 38.5678176879883 38.9811897277832 39.8908309936523 40.279842376709 40.5532913208008 40.9533538818359 41.3228416442871 41.1555442810059 41.0320625305176 41.2927322387695 41.0503463745117 40.871639251709 40.7155532836914 40.7129707336426 40.7777137756348 40.677490234375 40.966236114502 41.2584533691406 41.2827987670898 40.7993507385254 40.1292457580566 38.5762557983398 37.9884605407715 39.0378341674805 40.305793762207 40.8015403747559 40.842658996582 40.4077453613281 40.6392288208008 40.7873382568359 40.5856857299805 40.6287536621094 40.3217010498047 40.5446357727051
37.1415596008301 36.9304733276367 36.4924964904785 36.7634353637695 37.5513877868652 37.7254486083984 38.1498680114746 38.4730911254883 38.754508972168 38.8512763977051 39.1923484802246 39.3944664001465 40.020092010498 40.0983619689941 40.2297439575195 39.8026657104492 40.6916656494141 41.0285835266113 41.2111778259277 40.9440078735352 41.0471687316895 41.2163467407227 41.296802520752 41.2321090698242 40.9595260620117 40.8962135314941 40.5581283569336 40.6952362060547 41.0455093383789 41.1099510192871 41.2355079650879 41.250415802002 40.7323570251465 40.1063079833984 39.2549095153809 38.9838790893555 40.0375633239746 40.7298126220703 40.2682151794434 39.7680587768555 40.5968933105469 40.8099670410156 40.5431442260742 39.8248519897461 40.1319351196289 40.5923156738281
