inst/extdata/Tmax/Tmax52.asc
NCOLS 100 
NROWS 79 
XLLCORNER 148.06 
YLLCORNER -21.49 
CELLSIZE 0.01 
NODATA_value -3.4e+38 
[rows 20 to 39 of 79, columns 46 to 91 of 100]
22.5908832550049 20.58567237854 20.2929019927979 21.7905559539795 21.4248542785645 20.9790649414062 19.8836059570312 18.6778163909912 21.217752456665 23.0991172790527 23.8799419403076 24.1585826873779 24.0329113006592 24.7822952270508 23.6719989776611 24.1573429107666 24.3728122711182 24.8683853149414 26.0997905731201 25.9066886901855 27.7126235961914 29.8386173248291 30.9091835021973 30.5601043701172 29.0391941070557 29.3939609527588 30.0949783325195 28.553352355957 27.5789108276367 28.4302043914795 27.6171054840088 28.3185787200928 28.6787605285645 29.508321762085 29.1873512268066 27.7231960296631 27.0876903533936 26.9195213317871 28.3065719604492 29.6220951080322 28.6185359954834 29.0839366912842 28.1576709747314 27.7184886932373 27.8249092102051 28.5374050140381
25.122278213501 19.664888381958 19.0038051605225 20.5398178100586 20.2741737365723 19.4975051879883 20.5959529876709 18.856782913208 19.9815330505371 22.5539703369141 24.8431568145752 22.2497272491455 21.6125030517578 23.9884033203125 22.3255748748779 22.2841854095459 23.2124423980713 24.9187316894531 24.7077465057373 25.3667144775391 27.9215793609619 30.2563781738281 24.9637241363525 24.7536640167236 28.1123504638672 29.7325458526611 30.912015914917 27.3877086639404 28.2192726135254 27.0751190185547 27.4244079589844 27.3569164276123 27.9049110412598 27.3212776184082 28.8315925598145 28.5812587738037 28.4339790344238 28.6252460479736 27.758451461792 30.9039573669434 29.5991172790527 28.299108505249 27.0463848114014 26.283805847168 25.5326843261719 25.7702007293701
26.2039642333984 22.1112098693848 20.3728179931641 19.978084564209 19.0576438903809 20.2664222717285 19.476734161377 20.089527130127 19.2894840240479 20.2986316680908 22.8862457275391 23.3242874145508 21.959587097168 22.0120487213135 21.8181381225586 22.5155658721924 23.5033149719238 24.0750598907471 22.7396411895752 24.0868911743164 29.8375053405762 28.0483303070068 24.5456275939941 23.6197948455811 24.2215919494629 24.3604793548584 27.4661235809326 30.0646133422852 26.7661685943604 29.5780277252197 30.5042381286621 31.8205966949463 28.9506092071533 27.8076591491699 28.6847515106201 29.1229248046875 30.4191360473633 29.9960479736328 31.2390308380127 29.3906269073486 28.3359355926514 29.1423625946045 28.3157653808594 28.3733367919922 24.4471244812012 24.5699863433838
25.9753074645996 21.8245239257812 21.4905757904053 20.2716827392578 18.0817699432373 19.682258605957 20.5918235778809 20.0396003723145 19.9580821990967 20.1052913665771 21.4472885131836 20.8433361053467 22.0744533538818 20.9359855651855 25.4150619506836 27.0499324798584 22.9651565551758 23.4153480529785 22.3100833892822 24.0008430480957 28.5905075073242 27.1466026306152 25.6230983734131 22.7853183746338 23.755672454834 24.4075031280518 24.6620483398438 28.7956027984619 28.2551822662354 26.709264755249 27.966272354126 28.1625652313232 28.6252841949463 28.1765880584717 28.0809478759766 28.2108669281006 29.0320301055908 30.1329021453857 30.40234375 30.3467788696289 29.8931331634521 29.3909969329834 27.9265689849854 28.1485614776611 26.4870185852051 23.9331855773926
24.1446743011475 24.7258453369141 24.9402523040771 21.5238056182861 21.0072898864746 20.0754337310791 19.6849308013916 19.7053260803223 20.6138973236084 19.893533706665 20.2179775238037 19.6449546813965 21.6998805999756 28.6881465911865 21.5948791503906 22.8864002227783 23.8669967651367 24.2499351501465 23.770845413208 25.3833179473877 28.0695171356201 27.795877456665 24.7930278778076 23.7814102172852 24.0667533874512 24.7397918701172 24.3582496643066 24.4864253997803 24.4377498626709 28.3785972595215 30.0375289916992 29.3927021026611 27.992748260498 28.6529006958008 27.2972564697266 26.7988204956055 29.352840423584 24.3272838592529 29.0059566497803 30.1071224212646 30.3907413482666 28.3950042724609 30.4307098388672 29.3571834564209 27.9687061309814 25.7936038970947
18.7443161010742 19.9232044219971 21.0642318725586 20.991361618042 20.185697555542 19.1484451293945 18.6896686553955 18.1834297180176 19.6591167449951 20.2827167510986 19.8621692657471 19.9036502838135 21.8356914520264 23.5105724334717 23.3466987609863 23.3780307769775 23.5242710113525 26.8894710540771 28.2280254364014 25.3394508361816 25.2571411132812 25.1510467529297 23.5277252197266 23.3535499572754 23.5991115570068 24.4204692840576 24.4257736206055 23.6361503601074 27.1551933288574 25.5014324188232 30.0095195770264 29.0964450836182 30.1582317352295 27.3518257141113 28.0044078826904 26.7827644348145 28.4118385314941 26.3990135192871 26.4803657531738 30.0531139373779 26.1949691772461 23.9240760803223 23.6695156097412 28.5699157714844 29.1356048583984 26.5889835357666
18.4945182800293 18.5167560577393 19.2418689727783 19.8816146850586 20.3549938201904 17.7257118225098 17.386589050293 18.4229564666748 19.1731147766113 20.0665702819824 20.2812252044678 20.9627380371094 22.9509220123291 24.0362110137939 24.182710647583 24.4532737731934 25.9084606170654 26.1753044128418 26.142951965332 25.0181198120117 24.7779445648193 25.9299774169922 26.1493625640869 25.8837814331055 28.634765625 24.0935344696045 26.5544490814209 26.337739944458 25.0000953674316 24.3833751678467 23.8001079559326 31.4788780212402 26.8039531707764 27.4555053710938 29.0257339477539 27.9997863769531 28.519079208374 27.3205242156982 24.6218070983887 24.8748798370361 29.8005523681641 28.276575088501 24.6885566711426 24.3045063018799 28.3376789093018 27.5047149658203
19.0071048736572 18.2887744903564 18.5921573638916 18.8006839752197 19.4558963775635 17.2460899353027 16.9260158538818 17.1203899383545 18.9502716064453 20.0159187316895 19.4355888366699 19.7669887542725 21.394323348999 22.6193504333496 24.1759967803955 23.7368850708008 24.6708335876465 26.2306365966797 24.875316619873 23.7150955200195 24.775260925293 26.0167751312256 28.0042972564697 30.597505569458 30.1639099121094 29.9631633758545 26.0661754608154 27.1368637084961 25.410436630249 24.468282699585 24.2731151580811 29.5977611541748 27.9099731445312 26.6674671173096 27.4307899475098 27.5046730041504 27.4950981140137 28.1817607879639 24.9282302856445 23.6726837158203 23.3636932373047 22.960578918457 27.116153717041 23.7293834686279 24.6489200592041 26.6241569519043
20.0115051269531 19.2461719512939 19.5945510864258 19.0841197967529 19.1161022186279 17.4352893829346 18.795503616333 18.3587665557861 18.8062114715576 19.146671295166 19.2197189331055 19.5816459655762 19.6793632507324 21.8256149291992 23.4138603210449 22.9765090942383 24.5783367156982 25.6106796264648 24.803243637085 23.4275321960449 23.7267074584961 27.8891944885254 28.8481369018555 30.6329936981201 30.2008209228516 31.2038173675537 27.5268421173096 29.8773384094238 27.2172374725342 24.1340713500977 24.2455921173096 28.4274730682373 28.5686683654785 28.2790832519531 26.3904132843018 27.1616554260254 28.4098873138428 28.4389972686768 30.3690071105957 27.1265239715576 29.2276763916016 27.8269519805908 23.0529937744141 23.5747451782227 28.9570770263672 27.9410057067871
21.2584934234619 21.1755485534668 20.456958770752 20.5678176879883 19.6949062347412 19.2915077209473 19.2342166900635 17.9292774200439 18.6253356933594 18.3471431732178 17.5164337158203 19.0556201934814 19.4135704040527 21.6957855224609 22.539571762085 21.4457817077637 22.9942855834961 23.6903476715088 23.8768367767334 24.1469974517822 23.97629737854 25.7681980133057 26.4471740722656 28.7692527770996 30.9301414489746 28.9221534729004 28.9756298065186 27.4100341796875 27.5524959564209 23.8595848083496 24.1764316558838 26.9065551757812 27.9351863861084 26.5614452362061 28.1179428100586 26.1915588378906 28.2427139282227 26.8892555236816 28.9744987487793 25.211145401001 24.0568904876709 23.5031394958496 25.5004444122314 22.7588863372803 24.4826602935791 26.0434856414795
19.7873992919922 19.6316394805908 19.8834133148193 19.6462898254395 19.4544429779053 19.5730991363525 18.1448650360107 18.0323486328125 17.296178817749 17.8658199310303 16.7421131134033 18.4799346923828 18.0166187286377 20.2496967315674 21.4760704040527 20.1543388366699 20.6295108795166 22.9422187805176 24.1006813049316 25.7311878204346 24.7924938201904 25.416088104248 26.5120429992676 27.0377445220947 27.1562252044678 27.7037887573242 28.5590229034424 29.8394775390625 29.8709335327148 28.4069595336914 26.0537242889404 27.31396484375 28.405553817749 27.8594589233398 29.9740295410156 30.7983474731445 27.6863670349121 26.4887638092041 26.6769771575928 27.4683494567871 26.7736377716064 25.8635158538818 23.627742767334 28.1523170471191 28.6991195678711 25.6636924743652
18.7838726043701 19.460298538208 19.6157131195068 19.5398559570312 18.4993953704834 19.5738067626953 18.2561473846436 16.9155826568604 16.2479190826416 16.1585922241211 16.2307834625244 16.9424915313721 24.511962890625 20.4167461395264 20.2565879821777 20.0307426452637 22.3932285308838 23.580415725708 24.3198738098145 24.9683780670166 28.1267318725586 26.9082908630371 27.3065700531006 26.8228778839111 27.4327011108398 28.8631801605225 31.0387306213379 28.6624565124512 29.2778205871582 26.1483268737793 24.3903560638428 27.576379776001 27.8237419128418 26.4301681518555 29.0378894805908 30.8921070098877 29.8295383453369 26.6718502044678 27.2452926635742 29.7109661102295 25.2140884399414 24.3582534790039 26.1658840179443 25.6859283447266 28.0327014923096 27.5357551574707
18.4867992401123 18.9731864929199 18.9355792999268 19.3075828552246 19.3425559997559 19.2838668823242 19.0841636657715 17.7188606262207 17.3866519927979 17.4790191650391 16.3077716827393 16.3463249206543 17.5305519104004 20.1000118255615 20.2242774963379 21.3014144897461 21.7476272583008 22.4440612792969 24.1316604614258 24.8503761291504 26.364896774292 26.3119888305664 26.338098526001 26.095516204834 26.9718685150146 28.9427165985107 30.8458061218262 27.4982795715332 24.1189613342285 24.2255363464355 24.4023933410645 28.4351787567139 29.9155368804932 26.3850879669189 28.9530048370361 30.6104545593262 26.8851146697998 26.8734741210938 28.0577182769775 28.9604530334473 29.203369140625 28.5895767211914 22.3111267089844 23.3455810546875 23.3821849822998 23.7092113494873
18.8988361358643 18.1328735351562 18.3514537811279 19.0306015014648 19.2023830413818 19.1304206848145 18.6537189483643 18.1079444885254 18.7071189880371 18.1137828826904 17.7644214630127 17.6578178405762 18.9672908782959 19.8170356750488 19.6693840026855 21.2946701049805 22.2738170623779 23.1952686309814 24.1174488067627 24.4554405212402 27.3776683807373 30.1963653564453 31.4768848419189 24.9237327575684 24.963228225708 24.9865303039551 24.7665367126465 27.4123344421387 26.4439105987549 28.0546379089355 27.480541229248 28.01344871521 26.8934593200684 28.7422637939453 29.2015609741211 24.7399635314941 27.9778518676758 27.7487564086914 29.4193229675293 29.4546546936035 26.3828392028809 27.5179672241211 26.7831993103027 25.5490875244141 25.6985301971436 25.1682453155518
20.0319843292236 18.4884624481201 18.3641510009766 18.0472717285156 18.8708934783936 18.7544975280762 18.7455177307129 19.5808029174805 19.1017971038818 18.1249580383301 18.9915447235107 19.5890560150146 20.1307525634766 18.8969249725342 19.3111190795898 20.691370010376 22.5574760437012 23.8758964538574 23.3265991210938 24.6245613098145 26.7922344207764 29.7306385040283 30.3163051605225 24.8510684967041 23.9450969696045 24.3643798828125 25.0182228088379 25.1425533294678 26.793249130249 27.0425872802734 29.8237953186035 31.169750213623 31.7486629486084 29.3856525421143 30.290807723999 26.9563446044922 27.8792781829834 28.2619857788086 27.5054893493652 28.5269203186035 29.1969947814941 26.4023838043213 23.9711971282959 26.8226680755615 26.4747676849365 27.3026161193848
19.747522354126 18.6952571868896 18.3767261505127 18.4088401794434 18.693920135498 18.5606250762939 19.3107490539551 20.8422107696533 25.9712467193604 18.5951709747314 21.1877422332764 21.9145011901855 21.8210697174072 19.1602687835693 20.0470199584961 20.2192974090576 22.0029029846191 22.4761352539062 22.4039916992188 23.7068901062012 24.7215766906738 25.3746070861816 27.1244869232178 30.2517547607422 25.2265090942383 24.5517826080322 24.0375919342041 24.2442073822021 27.4404830932617 31.7087688446045 27.9519195556641 25.0740966796875 30.8687019348145 29.0221500396729 28.6873741149902 25.3986988067627 27.3190402984619 26.6233940124512 30.2998828887939 29.8989562988281 28.1068439483643 28.1526184082031 27.6027278900146 27.706787109375 27.7994251251221 29.1288166046143
19.0718460083008 18.7108592987061 18.45290184021 18.8352317810059 18.9143581390381 19.1361656188965 19.4381942749023 21.7876625061035 21.9057025909424 20.1018562316895 22.8605670928955 23.6900253295898 23.1739978790283 21.4540824890137 21.5767993927002 22.3639240264893 23.059627532959 23.8172168731689 24.1697463989258 24.4610290527344 24.7994232177734 25.157600402832 23.0811805725098 23.2631359100342 23.920202255249 23.3932495117188 23.8456630706787 29.7222194671631 27.4894142150879 31.2037525177002 24.2979164123535 23.6738605499268 24.5439052581787 28.3005886077881 28.8816547393799 27.703519821167 25.9984455108643 27.4380836486816 27.1813297271729 28.128210067749 29.4251403808594 30.3015518188477 30.1119384765625 29.8637008666992 28.646577835083 28.9459228515625
19.1869602203369 19.8027954101562 18.7432708740234 19.2880077362061 19.4115409851074 20.1361694335938 20.809154510498 24.5849456787109 22.6134452819824 22.2479019165039 23.6417903900146 24.7817134857178 23.918758392334 22.8096866607666 22.848970413208 24.2691555023193 24.7514362335205 24.7911682128906 25.9956359863281 25.6943130493164 27.127857208252 25.5378761291504 24.7526206970215 24.1335563659668 24.5222225189209 24.9317092895508 27.612419128418 26.675968170166 26.5688095092773 26.7866744995117 25.3825550079346 26.4520740509033 25.5141258239746 27.9930076599121 24.7553157806396 28.2633819580078 29.208402633667 29.1302013397217 29.0497093200684 26.4236526489258 26.9859466552734 28.5152759552002 27.6489086151123 28.8295478820801 29.3388957977295 29.3799114227295
20.6173877716064 20.4488582611084 19.4014167785645 20.6829853057861 20.8067302703857 21.2287101745605 22.1556148529053 23.6081066131592 22.5102519989014 23.1428241729736 25.2049980163574 26.9009532928467 24.8891677856445 23.8103828430176 22.9005832672119 24.0624217987061 23.9882068634033 24.5606956481934 25.651683807373 30.2814292907715 25.6065616607666 25.9103984832764 28.1515979766846 27.4738101959229 27.245023727417 26.9960403442383 28.6630344390869 27.8973121643066 28.4898090362549 27.8976421356201 26.1949882507324 26.9290561676025 28.802095413208 28.4936237335205 24.4611473083496 23.7628154754639 24.2123241424561 25.4731540679932 24.9718341827393 27.0145072937012 30.5731430053711 30.1704959869385 27.1675243377686 26.5076179504395 24.9716167449951 25.1709613800049
19.8280754089355 19.9054298400879 20.4531650543213 22.0733528137207 22.7991161346436 23.5772018432617 24.8074493408203 23.2048168182373 21.9350261688232 22.5247364044189 23.562780380249 25.8052711486816 25.3225421905518 24.8457813262939 23.6767559051514 26.3264141082764 26.130220413208 28.1726779937744 30.6966361999512 28.6013164520264 28.8548908233643 27.5535449981689 26.9823722839355 27.407133102417 27.5063629150391 27.1138763427734 27.059211730957 26.7494049072266 27.3755073547363 28.4771595001221 27.8164539337158 27.233226776123 25.0916004180908 24.8018341064453 23.6156806945801 26.7944831848145 28.1649799346924 24.601921081543 24.5434188842773 24.3495616912842 24.2290287017822 26.9391250610352 26.4373302459717 27.6323070526123 26.1582412719727 25.6228466033936
