inst/extdata/Tmax/Tmax108.asc
NCOLS 100 
NROWS 79 
XLLCORNER 148.06 
YLLCORNER -21.49 
CELLSIZE 0.01 
NODATA_value -3.4e+38 
[rows 20 to 39 of 79, columns 46 to 91 of 100]
31.935188293457 30.0712375640869 30.3296737670898 31.8867130279541 31.6361083984375 31.0484371185303 30.7736415863037 29.5178375244141 31.5629253387451 33.2118949890137 34.4024391174316 33.9349060058594 33.9370346069336 34.6342735290527 34.2910575866699 34.0304107666016 34.3598823547363 34.9908256530762 35.1818084716797 35.2109718322754 35.1715278625488 35.0741119384766 35.4015312194824 35.5109939575195 35.4821243286133 35.4231719970703 35.3391189575195 35.398624420166 35.3867568969727 35.0686378479004 35.1592254638672 35.4565887451172 35.3705444335938 35.1053352355957 35.1328773498535 35.1286506652832 35.0699653625488 35.089282989502 35.0973701477051 35.0896186828613 35.0347785949707 34.8984565734863 34.3313980102539 34.2328834533691 34.4878273010254 34.5067596435547
32.2346839904785 30.028881072998 28.7914161682129 30.685375213623 30.5688037872314 30.0032291412354 30.9828243255615 28.9450378417969 30.3435649871826 32.6618614196777 34.0952606201172 32.6762466430664 31.9932270050049 34.0153541564941 32.7540588378906 32.3927536010742 33.3733329772949 34.8191337585449 34.853759765625 35.3220710754395 35.4503402709961 35.4709243774414 35.2777404785156 34.944507598877 34.9631690979004 35.0627250671387 35.2591667175293 35.2531814575195 35.1822738647461 35.1213836669922 35.4528388977051 35.5217094421387 35.4799575805664 35.1211242675781 35.2323379516602 35.2111854553223 35.1007041931152 35.1338691711426 35.1595306396484 35.1772499084473 35.0726547241211 34.9873580932617 34.8131866455078 34.6328811645508 34.5130233764648 34.5223121643066
32.8814735412598 32.3835601806641 30.3457279205322 29.6703300476074 29.1824111938477 30.4624862670898 29.8437728881836 30.1491794586182 29.511589050293 30.57470703125 33.0743217468262 33.5456504821777 31.9059219360352 32.3721351623535 32.021053314209 32.6713905334473 33.8595581054688 34.3239974975586 32.8862915039062 34.3012313842773 35.1867904663086 35.2857627868652 34.6648788452148 33.8012504577637 34.476245880127 34.4872398376465 35.1408805847168 35.3642501831055 35.0689849853516 35.310001373291 35.5078201293945 35.5727157592773 35.586067199707 35.5402030944824 35.4507484436035 35.2835922241211 35.1138343811035 34.998664855957 35.0961151123047 35.2230072021484 35.1370887756348 35.094123840332 34.8418464660645 34.7399559020996 34.622917175293 34.7879791259766
32.1684341430664 32.0205116271973 31.3709373474121 30.5262355804443 28.9374332427979 29.7742595672607 30.5170459747314 30.7675437927246 30.5232524871826 30.0548267364502 31.5845222473145 31.5901718139648 32.6077880859375 30.8055419921875 31.7636127471924 33.4429550170898 33.4427795410156 33.8826522827148 32.4283447265625 34.7037963867188 35.5439033508301 35.4503288269043 34.4727973937988 33.0391006469727 34.405647277832 34.6172943115234 34.7530517578125 35.2698173522949 35.4993019104004 35.583797454834 35.6197967529297 35.6654167175293 35.6585540771484 35.587272644043 35.5028381347656 35.3601112365723 34.9369735717773 34.5881576538086 34.7608299255371 35.0827980041504 35.0838623046875 35.1702728271484 34.9264259338379 34.9244804382324 34.682315826416 34.7321166992188
30.0032806396484 31.4980869293213 31.9257106781006 31.6910133361816 30.5862884521484 29.9203948974609 29.9544486999512 29.6346282958984 30.6617107391357 30.0854816436768 30.1198749542236 29.6230487823486 31.807092666626 32.7848129272461 31.9106941223145 33.103630065918 33.9827308654785 34.6409072875977 34.3351364135742 35.4495162963867 35.4749526977539 35.3427352905273 34.6361541748047 33.7584915161133 34.6381607055664 34.9743766784668 34.6748390197754 34.8019790649414 34.9406204223633 35.4899749755859 35.338680267334 35.7029800415039 35.5961380004883 35.5810394287109 35.5143127441406 35.1777534484863 35.1068534851074 34.512638092041 34.2331771850586 34.7711715698242 34.9480781555176 35.0805435180664 34.925106048584 35.0142936706543 35.1024017333984 34.9633483886719
28.3627891540527 29.4942283630371 31.0118083953857 30.9554920196533 30.0417995452881 29.2340507507324 28.8291339874268 28.2161235809326 29.5900440216064 30.3278770446777 29.7672004699707 30.0663051605225 31.6832904815674 33.8456230163574 33.3174819946289 33.4357986450195 33.6359710693359 35.1566467285156 35.2857055664062 35.2981109619141 35.3116302490234 35.0040283203125 33.6886558532715 33.7767753601074 33.918815612793 34.6417388916016 34.3732414245605 33.7254600524902 34.436206817627 35.5756187438965 35.5359535217285 35.6849899291992 35.668155670166 35.6637001037598 35.5466728210449 35.4097213745117 35.4518623352051 34.8402938842773 34.3119773864746 34.7017517089844 34.392333984375 34.5645523071289 34.2848091125488 35.014404296875 35.0893363952637 35.0920104980469
28.2164077758789 28.0719585418701 28.9021453857422 29.6542301177979 30.4650707244873 27.976655960083 27.704309463501 28.6805305480957 29.2880363464355 30.1713333129883 30.2332916259766 30.7443199157715 32.7556457519531 33.7852783203125 34.3549766540527 34.5658645629883 34.7439231872559 35.3101043701172 34.9508438110352 34.798038482666 34.8560943603516 34.405891418457 34.6353759765625 34.9510383605957 34.9866333007812 34.3609771728516 33.9271507263184 34.9351425170898 35.2332077026367 35.2122955322266 34.6389350891113 35.3771781921387 35.5695457458496 35.6818695068359 35.6931228637695 35.6212463378906 35.3016052246094 34.9789962768555 35.0913696289062 34.8613815307617 34.7542839050293 34.184268951416 34.7353706359863 34.9854164123535 34.9261207580566 34.8423156738281
28.4009571075439 27.8610935211182 28.2342700958252 28.5423393249512 29.1918563842773 27.3259315490723 27.035737991333 27.5380687713623 29.0473499298096 29.9415950775146 29.3839950561523 30.0868148803711 31.1668491363525 32.5255279541016 34.1315994262695 33.8032646179199 35.0167541503906 35.3067092895508 34.5839614868164 33.8078804016113 34.5314636230469 34.7740631103516 35.1437454223633 35.4123153686523 35.5523948669434 35.1374206542969 35.159423828125 35.5579605102539 35.6481246948242 34.9246826171875 34.4710464477539 35.0841636657715 35.2274475097656 35.6854858398438 35.7568206787109 35.719367980957 35.5874252319336 35.3923568725586 34.9974594116211 34.1889190673828 33.958911895752 33.8450660705566 33.9138717651367 34.6814613342285 34.7648124694824 35.2091674804688
29.3694190979004 28.9164485931396 29.8071060180664 29.6667671203613 29.2560176849365 27.7041015625 28.6224517822266 28.3615798950195 28.7466793060303 29.4610729217529 29.1761322021484 29.5315361022949 29.7238464355469 32.2837829589844 33.6902923583984 32.9394989013672 34.600154876709 34.9412612915039 34.6368675231934 33.4425315856934 33.7613372802734 34.9763374328613 35.4261207580566 35.5835762023926 35.630916595459 35.5543746948242 35.5943374633789 35.7364349365234 35.3605270385742 34.6286354064941 34.5061149597168 35.2460060119629 35.7092437744141 35.7717094421387 35.7865295410156 35.7843017578125 35.7648773193359 35.6505432128906 35.4187088012695 34.2280654907227 33.6092910766602 32.7425155639648 33.851390838623 33.8707313537598 34.8759384155273 35.2930107116699
31.1827144622803 31.0481910705566 30.4200553894043 30.3890724182129 29.8283977508545 29.304479598999 29.0037403106689 27.9025344848633 28.6699352264404 28.1243362426758 27.5986061096191 29.1495552062988 29.577823638916 31.7784538269043 32.9150505065918 32.1160316467285 32.9515571594238 33.8445434570312 34.4808464050293 34.3735771179199 33.9066543579102 34.9859962463379 35.5082054138184 35.3262519836426 35.324161529541 35.0189628601074 35.4797706604004 35.7566604614258 34.8084526062012 33.9128494262695 34.6523513793945 35.287914276123 35.6791534423828 35.785961151123 35.8216514587402 35.7911071777344 35.795654296875 35.7272109985352 35.5595741271973 35.1799850463867 34.4820938110352 33.9696769714355 33.5261039733887 33.344612121582 34.33837890625 34.8992004394531
29.9128398895264 29.9549541473389 30.0276756286621 29.6571235656738 29.1452770233154 29.4395656585693 28.45534324646 27.8999481201172 27.34375 27.4758071899414 26.8300399780273 27.9122924804688 27.9361801147461 30.5407752990723 31.7611885070801 30.4562683105469 31.125789642334 32.9427719116211 34.4292259216309 35.0506896972656 34.5576248168945 35.2370529174805 35.4800872802734 35.0834808349609 35.0886116027832 35.2496490478516 35.7571182250977 35.7550659179688 35.2076148986816 34.5209197998047 34.9421043395996 35.2625160217285 35.7339019775391 35.7820129394531 35.7567405700684 35.7516708374023 35.7747344970703 35.7221488952637 35.6712913513184 35.4914016723633 35.2567825317383 34.7017478942871 34.3149604797363 34.2997665405273 34.5724029541016 35.0436363220215
29.0616264343262 29.3984413146973 29.3069324493408 29.2926197052002 28.3032054901123 29.2504405975342 28.1878890991211 26.7932624816895 26.1403789520264 26.6105422973633 26.2637748718262 27.0709075927734 28.008960723877 30.2035827636719 30.6029968261719 30.2145099639893 32.6933937072754 33.7960166931152 34.6432113647461 35.1839447021484 35.5005073547363 35.5858726501465 35.5514717102051 35.4825744628906 35.2761001586914 35.6116371154785 35.7673263549805 35.6711502075195 35.298282623291 34.6333274841309 34.7501487731934 35.397045135498 35.6450157165527 35.178035736084 35.5940246582031 35.7383728027344 35.7404518127441 35.7265548706055 35.7073135375977 35.6204643249512 35.3388328552246 34.5532188415527 34.9475708007812 35.0205268859863 34.9507713317871 34.9031715393066
28.2684497833252 28.6476974487305 28.5022811889648 28.8478240966797 28.984790802002 29.0254745483398 28.6321144104004 27.3858661651611 27.5260372161865 27.6750259399414 26.5374946594238 26.3387260437012 27.4623374938965 30.0999145507812 30.7464256286621 31.3925247192383 31.5012359619141 32.5047836303711 34.5971031188965 35.2579002380371 35.4866828918457 35.4634208679199 35.3305931091309 35.3051223754883 35.4949531555176 35.6054344177246 35.6032295227051 35.2142562866211 34.2220344543457 34.4411506652832 34.8172836303711 35.6915130615234 35.431568145752 34.8492698669434 35.6056137084961 35.5586776733398 35.6128463745117 35.6974105834961 35.6236801147461 35.3524932861328 34.7492446899414 33.3665313720703 33.1048698425293 34.3093109130859 34.7362518310547 35.0833206176758
29.035493850708 28.51953125 28.3704776763916 28.5964374542236 28.7890205383301 28.723747253418 28.2359466552734 27.8325157165527 28.5346717834473 27.7677764892578 27.64208984375 27.6611251831055 28.6126041412354 29.9791564941406 30.2016677856445 31.1054801940918 32.2877578735352 33.6221771240234 34.6733779907227 35.1483268737793 35.5290260314941 35.5317001342773 35.0301246643066 34.7499732971191 35.0236511230469 34.9002876281738 35.0390205383301 35.2473182678223 35.1582908630371 35.1686515808105 35.5185127258301 35.8266296386719 35.193489074707 35.1285209655762 35.7626762390137 35.2552223205566 35.4283790588379 35.4126930236816 35.5196762084961 35.2306938171387 33.6887550354004 32.8811187744141 32.233154296875 34.287467956543 34.9318618774414 34.7662811279297
29.508243560791 28.1583805084229 28.1378269195557 28.3007946014404 28.4946880340576 28.3706703186035 28.4289169311523 29.1036186218262 28.7214088439941 27.8724708557129 29.2220764160156 29.7947025299072 30.0484027862549 29.3512268066406 29.4140434265137 30.6884899139404 32.2222137451172 33.7783737182617 33.9172515869141 34.8331298828125 35.352840423584 35.4042587280273 34.9236335754395 34.6918563842773 33.8484001159668 34.5005149841309 35.0919570922852 35.2850074768066 35.5638198852539 35.6020851135254 35.808277130127 35.7737922668457 35.7653045654297 35.8221778869629 35.8024482727051 35.5727424621582 34.5899810791016 35.2697677612305 35.4999961853027 35.476016998291 35.4555931091309 34.1113014221191 33.9631118774414 35.421630859375 35.7369956970215 35.7312393188477
29.553840637207 28.441915512085 28.0833892822266 28.0329093933105 28.3090019226074 28.1289520263672 28.945011138916 30.8982391357422 29.9125442504883 29.1471061706543 31.369987487793 32.1973724365234 31.7871570587158 29.5076522827148 30.023494720459 30.1899547576904 32.5011291503906 32.6130867004395 32.5003852844238 33.581657409668 34.880500793457 35.1606788635254 34.8397521972656 34.8624305725098 34.7512855529785 34.4123115539551 34.52587890625 34.717357635498 35.4905853271484 35.4819564819336 35.5905609130859 35.415828704834 35.6585159301758 35.843074798584 35.568431854248 35.5729064941406 34.8836135864258 35.0513038635254 35.3732681274414 35.2287635803223 35.6933822631836 35.7243003845215 35.6503753662109 35.7224426269531 35.8633842468262 35.7554206848145
29.2083873748779 28.4889430999756 28.2803802490234 28.5238971710205 28.4820690155029 28.6256790161133 29.1548652648926 31.6804351806641 31.9357604980469 30.4053535461426 32.7536926269531 33.8819007873535 33.0930442810059 31.7133197784424 31.6633224487305 32.4094200134277 33.2269477844238 33.7911682128906 34.1847801208496 34.5592231750488 34.825366973877 34.5663909912109 33.0935859680176 33.4483909606934 34.0767135620117 33.6852760314941 33.9584426879883 34.9321327209473 35.3698272705078 35.6158027648926 34.4723701477051 34.4805641174316 35.4028663635254 35.7509498596191 35.269847869873 35.324634552002 34.4863662719727 35.0856399536133 35.3339347839355 35.2074928283691 35.724781036377 35.8410606384277 35.8941879272461 35.918514251709 35.8873176574707 35.5790061950684
29.2187824249268 28.7892456054688 28.77321434021 28.9832859039307 29.2409286499023 29.437084197998 30.422233581543 32.4795188903809 32.3816909790039 31.8625717163086 33.5309715270996 34.8246612548828 33.9328498840332 32.660457611084 32.0684814453125 34.0752830505371 34.5138282775879 34.7788238525391 35.034969329834 35.0940780639648 34.6587104797363 34.3982238769531 34.5482978820801 33.9621543884277 34.3675689697266 34.9167823791504 35.1824531555176 35.2968444824219 35.5513458251953 35.5033493041992 33.74072265625 34.5820426940918 35.5324096679688 35.4792823791504 35.0446243286133 35.0241050720215 34.8796844482422 35.4627113342285 35.5224342346191 35.5602874755859 35.5542793273926 35.7554206848145 35.8337669372559 35.8719100952148 35.8214836120605 35.7928047180176
29.1486701965332 28.8431415557861 29.5082225799561 30.4271373748779 30.5956935882568 31.1814823150635 32.4889869689941 33.2372093200684 32.5773429870605 33.0589408874512 34.7168388366699 35.3175849914551 34.7381553649902 33.6139717102051 32.7762107849121 34.0147438049316 34.0460548400879 34.4140663146973 35.2661018371582 35.5163955688477 35.2089385986328 34.8653907775879 35.2687187194824 35.0861053466797 34.9726333618164 35.5131607055664 35.4315414428711 35.3713684082031 35.6783828735352 35.4615936279297 34.8086280822754 35.3586578369141 35.5789527893066 35.2789192199707 34.273983001709 34.253288269043 34.6479759216309 35.4722023010254 35.1852416992188 35.1909713745117 35.2387237548828 35.5803565979004 35.588005065918 35.681079864502 35.5525512695312 35.716064453125
29.1885070800781 29.4401798248291 30.8022384643555 31.7098503112793 32.5629425048828 33.6967086791992 34.4633178710938 33.7061614990234 31.5337963104248 32.3033752441406 34.0861015319824 35.3455505371094 34.9012756347656 34.5567893981934 33.566650390625 34.7136611938477 34.9144592285156 34.2551765441895 35.1564598083496 35.5666542053223 35.5300674438477 35.081600189209 35.479923248291 35.6216278076172 35.4832229614258 35.6047973632812 35.43115234375 34.6221618652344 35.5357780456543 35.7187271118164 35.6503143310547 35.5621109008789 35.247013092041 34.9033432006836 33.9896011352539 34.077522277832 34.953426361084 34.9108810424805 34.7806205749512 34.6001319885254 34.7869071960449 35.1517753601074 34.9646301269531 35.3854103088379 34.9049911499023 35.3531837463379
