inst/extdata/Tmax/Tmax48.asc
NCOLS 100 
NROWS 79 
XLLCORNER 148.06 
YLLCORNER -21.49 
CELLSIZE 0.01 
NODATA_value -3.4e+38 
[rows 20 to 39 of 79, columns 0 to 45 of 100]
35.915912628173800 36.4152450561523 36.5964050292969 36.3104476928711 36.4982795715332 37.3394393920898 36.8523712158203 37.1177520751953 35.9333648681641 35.8294296264648 36.8690757751465 36.3921279907227 35.2308158874512 33.3142127990723 31.8862400054932 31.0096321105957 30.6456928253174 32.1775054931641 33.3234710693359 34.190502166748 34.2960548400879 34.7503700256348 34.9088134765625 35.2283973693848 35.1451454162598 34.8572883605957 33.7285614013672 31.7207622528076 32.7311096191406 32.5338249206543 33.6670722961426 33.935863494873 33.9608039855957 33.9994850158691 33.7137680053711 33.3896675109863 33.1667976379395 32.9029731750488 31.999755859375 32.2635383605957 32.0345306396484 31.1145076751709 31.8420181274414 31.6078968048096 30.1296215057373 30.2302932739258
36.6808166503906 36.9663124084473 36.9685554504395 36.5765953063965 36.5012245178223 36.4047622680664 35.9700012207031 36.7388496398926 36.9777221679688 37.21728515625 36.8714447021484 36.8459625244141 36.3007392883301 33.627498626709 31.8191795349121 31.5419979095459 31.7114524841309 32.4517135620117 33.0035438537598 34.0867538452148 34.7503929138184 35.3143348693848 34.4397010803223 34.9225311279297 34.8423805236816 34.5173530578613 34.2144775390625 32.6724433898926 32.7249946594238 33.6424674987793 34.0488090515137 33.7789878845215 33.7083473205566 32.4774856567383 32.156925201416 32.3529586791992 33.2676582336426 31.4254837036133 30.9829578399658 31.2576026916504 30.44846534729 31.003776550293 31.1700553894043 28.8150730133057 28.742073059082 29.4714698791504
36.9615249633789 37.2185707092285 37.0216293334961 36.3209609985352 37.5431442260742 36.6207542419434 36.8493118286133 36.5058708190918 37.1918869018555 36.3652954101562 37.4368782043457 37.0333061218262 36.7993850708008 35.7756309509277 34.7770004272461 32.878059387207 31.1021842956543 31.7472610473633 32.2302017211914 34.3082313537598 35.1698188781738 34.3194808959961 34.3809700012207 33.878719329834 33.3690986633301 34.185604095459 34.0765838623047 33.7022933959961 33.605884552002 33.594539642334 33.2066307067871 32.7236366271973 32.1840934753418 31.6408939361572 30.9360218048096 31.7311859130859 31.7760314941406 30.5701961517334 30.5585765838623 30.5187530517578 29.1477813720703 28.9231300354004 29.5324287414551 30.1703300476074 24.5397663116455 29.2333564758301
37.0985069274902 37.5425910949707 38.0451278686523 36.3224067687988 36.2363967895508 37.0808372497559 36.1306762695312 37.0575523376465 37.2339477539062 36.3260307312012 36.8531951904297 36.7004585266113 36.9178581237793 35.9254112243652 33.9517822265625 32.8791160583496 31.5586185455322 31.8224296569824 32.5738677978516 33.5945625305176 34.1514358520508 34.7853965759277 33.9806098937988 32.6072540283203 33.0913047790527 33.1998901367188 33.1404190063477 34.0212554931641 34.2931747436523 34.0178260803223 33.6315765380859 32.5526924133301 31.8685359954834 32.0218696594238 32.4927635192871 32.1247329711914 29.8358955383301 29.3783855438232 29.9535579681396 30.1785640716553 28.6639213562012 28.1693801879883 27.8867702484131 26.3542747497559 27.5054035186768 27.8504581451416
37.2866172790527 37.1649322509766 36.9771614074707 37.6852760314941 37.7645263671875 37.4376220703125 36.1976013183594 37.239143371582 35.7778587341309 35.9756278991699 35.9918785095215 35.7292900085449 35.5249557495117 35.8035583496094 34.1641082763672 32.5611305236816 31.7203941345215 31.5231456756592 32.6670074462891 32.8285293579102 34.3215217590332 34.6265449523926 31.8928184509277 31.5488605499268 31.9094848632812 32.2454643249512 32.5117034912109 33.7922744750977 34.1388130187988 33.5193176269531 33.8866195678711 33.4271430969238 33.2932739257812 33.0914688110352 32.5311584472656 32.0916938781738 31.394229888916 30.423791885376 29.1638450622559 28.5330753326416 27.0623798370361 25.9649105072021 26.7087059020996 28.9071350097656 23.5883617401123 23.4444904327393
37.7341270446777 37.4449310302734 37.887752532959 37.2183723449707 37.7269172668457 37.5752143859863 37.4272003173828 37.1838455200195 36.9915199279785 35.5721702575684 36.577091217041 35.8503265380859 35.0220146179199 35.0703887939453 35.0096321105957 34.751220703125 33.3732757568359 33.0697364807129 33.7812881469727 34.49951171875 33.802131652832 32.179557800293 31.5796985626221 30.1651649475098 30.9558544158936 31.9290618896484 31.9669647216797 32.9036254882812 33.9168510437012 33.7280654907227 32.0738677978516 33.0242958068848 32.8066596984863 32.7899780273438 32.3335304260254 31.9818172454834 31.3452529907227 30.0129051208496 27.4230175018311 28.0253639221191 26.2601337432861 27.5069904327393 29.0826644897461 28.6534252166748 23.7490749359131 22.7468280792236
35.7591171264648 36.963794708252 38.0001831054688 37.7564430236816 37.6269378662109 37.4554557800293 37.3352203369141 37.3373641967773 37.0306510925293 35.7073936462402 35.2442283630371 35.3892669677734 35.2036743164062 34.8429985046387 34.8029594421387 33.6293106079102 32.7609977722168 32.9189987182617 33.8746452331543 33.7111892700195 33.4360046386719 33.8424339294434 32.6463623046875 31.0350704193115 30.3906841278076 31.271297454834 32.6548118591309 33.9173278808594 33.3314781188965 33.4769287109375 32.6667022705078 32.3943786621094 32.6771469116211 32.0938110351562 31.9963073730469 31.1354064941406 29.7534942626953 29.9781227111816 25.185037612915 23.2820243835449 25.8722057342529 23.4651699066162 28.2499179840088 24.7191982269287 26.8951950073242 22.4257793426514
35.9076995849609 35.5187568664551 36.6552391052246 37.5156135559082 37.4660263061523 37.3390007019043 37.5178451538086 37.6305961608887 37.2157020568848 36.4519386291504 35.9513549804688 35.2073974609375 35.004810333252 35.3483276367188 33.6216850280762 33.5817985534668 33.0610389709473 32.5947952270508 32.9395904541016 32.9991111755371 33.2529678344727 33.4229278564453 32.8795318603516 31.5318584442139 31.2867698669434 31.5603294372559 31.0619678497314 33.7146186828613 34.0722427368164 32.7578926086426 32.4564819335938 32.4902038574219 32.772087097168 31.8500423431396 31.4462280273438 30.5282573699951 28.8775272369385 29.3177375793457 29.012788772583 27.4826126098633 26.2071990966797 26.6855068206787 26.4753189086914 23.893424987793 23.1587314605713 22.738317489624
34.6407089233398 35.0655250549316 35.6809844970703 36.6187591552734 37.6629676818848 37.1505699157715 37.5653839111328 37.1994819641113 37.1857032775879 36.1946640014648 36.2540245056152 35.3682861328125 35.650032043457 35.5922241210938 35.2113800048828 32.844066619873 32.7076187133789 32.3777618408203 32.7977638244629 33.8903694152832 32.7739486694336 33.3118553161621 32.1845283508301 31.0477313995361 31.2621440887451 31.6074104309082 31.6578712463379 32.5273284912109 33.2888221740723 33.1550903320312 33.2264137268066 32.2354354858398 31.7442893981934 30.4383983612061 29.5674285888672 28.5360317230225 28.7516765594482 28.8081378936768 28.9601669311523 26.391580581665 23.3840732574463 23.4581146240234 26.7678241729736 23.1037311553955 23.3072719573975 23.1804847717285
33.4119110107422 34.228084564209 34.8708839416504 35.5455551147461 37.0063400268555 37.0330810546875 36.3692436218262 37.5307846069336 37.2934303283691 36.9115562438965 35.7886619567871 36.1697273254395 35.4724044799805 35.1597480773926 35.6875190734863 35.3624954223633 34.8547401428223 32.8036155700684 33.1240158081055 33.1126365661621 33.0793571472168 33.2346611022949 32.70361328125 31.5766181945801 31.3114376068115 31.2875232696533 30.8221302032471 32.4882507324219 33.3995933532715 32.8507385253906 33.4404983520508 31.8529586791992 30.7446594238281 30.5247230529785 29.9495429992676 29.3787803649902 29.3180484771729 28.6295509338379 27.8962593078613 27.5458679199219 29.0082397460938 28.9906158447266 26.3378238677979 26.0581035614014 23.5762939453125 24.4503402709961
33.9892311096191 34.7548599243164 34.8744316101074 35.5501251220703 35.9387855529785 35.7461280822754 35.936840057373 36.9713592529297 36.9136085510254 36.3877906799316 36.8438110351562 36.7391815185547 36.7413902282715 35.8922691345215 35.8726272583008 35.7677955627441 34.410888671875 33.7791213989258 32.7393531799316 33.152645111084 32.9813613891602 32.4853363037109 32.15185546875 31.7161197662354 31.0825462341309 30.2449913024902 30.693733215332 32.7142906188965 33.1327629089355 33.2712898254395 33.5286331176758 33.6667022705078 31.9138774871826 30.5871410369873 29.8392353057861 30.5445346832275 30.1449012756348 29.4103755950928 28.49072265625 28.580379486084 30.6131172180176 30.4433422088623 30.0060634613037 29.0531330108643 25.7788925170898 24.9649543762207
35.1396522521973 35.0891342163086 35.9652061462402 36.7892951965332 37.2841567993164 36.0065803527832 36.0739517211914 37.3302230834961 37.2729873657227 36.5867042541504 36.9667053222656 36.591609954834 36.5183868408203 36.0994911193848 35.1151123046875 35.3719902038574 32.9751663208008 31.5834369659424 32.8103790283203 32.423023223877 32.4086074829102 32.6530303955078 32.037899017334 31.7240295410156 31.2873229980469 31.2761573791504 31.7790565490723 33.1087837219238 33.7869911193848 32.7425193786621 33.1862258911133 33.18017578125 33.4642715454102 32.5305366516113 31.8116283416748 30.589282989502 30.7491798400879 30.7774620056152 30.3283023834229 31.8186130523682 30.8012390136719 30.2798824310303 25.0586681365967 26.6260013580322 24.1807231903076 23.3536338806152
34.6399803161621 36.0897750854492 35.9524879455566 36.0459327697754 37.2181358337402 36.3999481201172 37.0042381286621 36.6474304199219 37.2129287719727 36.1885604858398 37.1427764892578 36.6113815307617 36.5572128295898 35.929370880127 35.4915809631348 34.926513671875 34.8228149414062 33.005126953125 31.6987895965576 31.9009494781494 31.9722328186035 32.5831909179688 31.9313011169434 31.955659866333 31.5432434082031 31.3764247894287 33.306770324707 33.4622268676758 33.3076095581055 34.7075462341309 33.3103523254395 32.7294311523438 33.9621658325195 33.8048706054688 33.0537147521973 32.3233222961426 31.951208114624 31.8618183135986 31.3676624298096 31.513355255127 30.5637702941895 27.8198432922363 22.9368438720703 23.3142604827881 23.4728164672852 22.0019760131836
35.3515930175781 35.5834999084473 36.1434288024902 35.0790939331055 35.633487701416 34.6239852905273 35.320182800293 36.6454811096191 37.1515312194824 36.9395561218262 37.2266731262207 36.4408493041992 36.2603492736816 36.2853050231934 35.6462440490723 35.3813285827637 35.6938171386719 35.1397094726562 34.3607292175293 33.8213119506836 32.4321784973145 32.216854095459 32.6834869384766 32.3365478515625 31.9215774536133 31.5034790039062 33.2340965270996 34.1082305908203 33.6265144348145 33.7437973022461 33.4872398376465 32.2058448791504 31.9201011657715 31.9257545471191 32.3599586486816 32.5613746643066 32.5550994873047 32.977409362793 32.4941062927246 32.6040802001953 30.8448028564453 26.0990619659424 24.4424438476562 24.766019821167 24.4810028076172 23.2937679290771
35.9192276000977 36.3362579345703 36.0306129455566 34.1163444519043 34.8224411010742 36.0059051513672 35.2487106323242 36.6519393920898 37.0214309692383 36.6522254943848 37.075252532959 36.7770385742188 37.0919723510742 36.5776748657227 36.1368064880371 35.9238929748535 35.583854675293 35.158878326416 34.6653671264648 33.6057395935059 32.0386695861816 33.0716743469238 33.4404487609863 32.2295379638672 31.7838363647461 31.7542114257812 31.8033065795898 33.2151641845703 32.981388092041 32.0097198486328 32.9707870483398 31.8567123413086 31.3826217651367 31.3530731201172 31.0060806274414 31.253547668457 31.8546009063721 31.4085903167725 32.0332832336426 31.748592376709 30.0273303985596 29.7674026489258 26.89772605896 26.1964530944824 25.3882865905762 25.2057418823242
35.6646728515625 37.0054206848145 36.0412368774414 35.1584320068359 33.5654792785645 35.9433708190918 37.3802490234375 35.5130043029785 36.4960174560547 37.0905075073242 36.9682998657227 36.8092956542969 36.2856636047363 36.4128761291504 36.0301094055176 36.1529693603516 35.1747932434082 34.6973686218262 34.5432434082031 33.8658752441406 32.7158584594727 33.314395904541 32.3708534240723 30.870943069458 31.2898139953613 30.9172992706299 32.5576972961426 31.8607311248779 31.3593196868896 28.6711463928223 30.6626377105713 31.2529067993164 31.5387687683105 31.1567535400391 31.0807723999023 30.1143112182617 30.3839988708496 30.7196731567383 31.6506481170654 30.9537315368652 26.0442428588867 25.6639575958252 25.4429550170898 26.0286521911621 25.6441707611084 24.2774410247803
36.2334976196289 35.3770217895508 36.6961936950684 35.9253082275391 35.7376022338867 35.7736549377441 35.8240127563477 35.9347763061523 36.1004219055176 37.4230690002441 37.4089279174805 36.8349304199219 36.7146034240723 36.9496116638184 36.6685371398926 35.4848747253418 34.8491134643555 34.7613983154297 34.7018013000488 34.620922088623 33.9126434326172 32.7884216308594 31.6031093597412 31.260627746582 31.5352802276611 32.2258758544922 32.9692459106445 32.0582122802734 31.6579208374023 29.6923561096191 29.3127536773682 28.3164196014404 29.7721633911133 31.0945339202881 30.8954200744629 28.9454231262207 28.9364566802979 28.53684425354 28.3459644317627 24.7890892028809 24.7780647277832 23.8490295410156 24.4885673522949 25.5219707489014 25.5009441375732 23.6362266540527
35.4975051879883 35.0415916442871 36.3718643188477 35.1523246765137 35.2679290771484 35.2558479309082 34.0356979370117 34.8723526000977 35.9132652282715 36.2469940185547 36.9821014404297 36.9992713928223 36.8746223449707 36.3610343933105 36.6554756164551 36.5129356384277 35.802734375 34.4840049743652 34.9597320556641 34.4555702209473 34.2375717163086 33.4052734375 31.7416019439697 31.5832557678223 30.8949279785156 31.6447277069092 32.7419395446777 31.7402725219727 31.9505443572998 31.7075462341309 31.6578388214111 30.5333137512207 30.0699768066406 28.7249126434326 24.3997039794922 22.945125579834 23.0868358612061 22.8213176727295 22.7406196594238 23.0664157867432 23.2812023162842 23.4072303771973 23.7230472564697 24.7089366912842 25.0049991607666 24.454740524292
35.4997673034668 34.8886528015137 34.9436378479004 36.1392211914062 35.8087844848633 35.8688926696777 34.3869705200195 33.4720420837402 34.5069923400879 35.4847373962402 36.7936782836914 37.1409759521484 37.0473823547363 36.8581047058105 35.7263145446777 35.2461738586426 35.2387275695801 34.8439979553223 35.2839088439941 35.1208915710449 35.0579071044922 33.6946983337402 32.8393592834473 32.4978294372559 31.4284057617188 32.1991424560547 31.9417991638184 32.1290664672852 30.2633666992188 31.3066501617432 30.4447402954102 30.2624206542969 30.7520484924316 29.984094619751 28.3396759033203 22.685396194458 22.0926914215088 21.9962692260742 21.6852722167969 22.2957706451416 23.0553550720215 24.5538654327393 23.1157150268555 24.4781494140625 23.8610591888428 23.6226673126221
35.1206092834473 34.603099822998 35.8509216308594 35.7836532592773 36.0656661987305 35.1533432006836 34.7687759399414 34.0595817565918 34.9823570251465 34.4536170959473 35.4189987182617 36.9308738708496 36.6459503173828 36.4184341430664 35.7048683166504 35.9303894042969 34.2099876403809 34.421630859375 34.8419418334961 34.6502914428711 34.6999816894531 34.0151863098145 34.021728515625 33.3349418640137 32.0030097961426 31.8901691436768 31.5200119018555 31.4327583312988 31.9137153625488 30.8384952545166 29.6622295379639 28.8587398529053 31.0207080841064 31.0685634613037 31.1227741241455 28.5454750061035 25.5620155334473 25.1027565002441 23.8807258605957 22.6786289215088 23.5977821350098 23.5010509490967 23.6326789855957 24.0919246673584 23.9257297515869 23.4849472045898
