inst/extdata/Tmax/Tmax86.asc
NCOLS 100 
NROWS 79 
XLLCORNER 148.06 
YLLCORNER -21.49 
CELLSIZE 0.01 
NODATA_value -3.4e+38 
[rows 40 to 59 of 79, columns 46 to 91 of 100]
23.8930072784424 24.7283954620361 25.0896167755127 25.9702224731445 27.6514225006104 28.6958560943604 28.2155227661133 26.2570991516113 25.8889980316162 26.6041889190674 27.1555728912354 28.9993629455566 28.6124992370605 28.856954574585 27.9953880310059 29.080623626709 29.2956161499023 29.0077323913574 29.1298980712891 29.2520389556885 29.2886753082275 28.3233737945557 28.7509174346924 29.1043891906738 29.2150821685791 29.2925243377686 29.2044868469238 28.8219165802002 29.0330600738525 29.25439453125 29.2373352050781 29.0882720947266 28.7674922943115 27.4749698638916 27.7788352966309 28.5092639923096 28.4295310974121 28.3472270965576 28.6134815216064 28.0526657104492 27.3035984039307 27.8176097869873 28.1628437042236 27.9634037017822 28.2535018920898 28.3180770874023
25.04665184021 26.1565990447998 26.0837249755859 26.0516796112061 27.6824245452881 28.9908885955811 27.8158073425293 27.4180240631104 28.0516395568848 28.1536693572998 28.5503368377686 29.3013553619385 29.1953449249268 29.2278308868408 29.0880489349365 29.4324340820312 29.4895362854004 29.4349269866943 29.4045429229736 29.4414615631104 29.4438323974609 28.9125385284424 28.2001914978027 28.5879154205322 28.521614074707 29.048828125 29.3816566467285 28.9074974060059 28.9106616973877 29.3294048309326 29.3843212127686 29.3073272705078 29.1490478515625 28.5337772369385 28.7992630004883 28.8558406829834 28.649938583374 28.6572895050049 28.7776546478271 28.9194965362549 27.9348106384277 28.1844310760498 28.8325977325439 28.6414070129395 28.7909374237061 28.7457599639893
27.4180545806885 27.6149635314941 27.8154201507568 28.3265399932861 28.6851844787598 29.2112789154053 28.7749137878418 28.231201171875 28.7844371795654 29.2207412719727 29.1475429534912 29.4929466247559 29.5435199737549 29.4752159118652 29.4609336853027 29.5653419494629 29.591552734375 29.5812683105469 29.5622215270996 29.5648307800293 29.4933986663818 28.539436340332 28.3477783203125 28.8786563873291 28.3571891784668 28.8372135162354 29.3071460723877 29.2199783325195 29.1749668121338 29.4483642578125 29.4897537231445 29.4885234832764 29.4597949981689 29.3546085357666 29.2643947601318 28.9378757476807 28.0041885375977 28.6339569091797 29.1959857940674 29.2002830505371 29.0768909454346 29.0262680053711 29.1565704345703 29.2003593444824 29.2491474151611 29.2071495056152
28.6871109008789 28.7208919525146 28.8704414367676 29.0355129241943 29.2950839996338 29.3973541259766 29.3154067993164 29.0850048065186 29.2791137695312 29.5214729309082 29.535795211792 29.6021194458008 29.5937747955322 29.5689926147461 29.6035079956055 29.589635848999 29.5358695983887 29.5243396759033 29.5706233978271 29.6138782501221 29.5882472991943 29.3499393463135 29.1031379699707 29.29518699646 29.1695404052734 28.726619720459 29.0365047454834 29.3271083831787 29.4968967437744 29.5310077667236 29.5444793701172 29.5400810241699 29.520923614502 29.488883972168 29.4924736022949 29.3523197174072 28.8695297241211 29.1998195648193 29.3934116363525 29.3852443695068 29.3583850860596 29.3636226654053 29.3564586639404 29.3800411224365 29.3922309875488 29.3727016448975
28.4944477081299 28.7887058258057 29.076171875 29.0974597930908 29.168737411499 29.3164806365967 29.375768661499 29.4616031646729 29.5042934417725 29.4585552215576 29.2551002502441 29.382116317749 29.3161640167236 29.0584907531738 29.2612552642822 29.4143753051758 29.3101291656494 29.4376430511475 29.5463275909424 29.6072883605957 29.6404991149902 29.5119171142578 29.2013263702393 28.9482307434082 29.1922035217285 29.3831195831299 29.4443035125732 29.4994735717773 29.518180847168 29.5620212554932 29.5607852935791 29.5524654388428 29.5180721282959 29.4861183166504 29.5234756469727 29.4726371765137 29.4596080780029 29.4626693725586 29.4120273590088 29.4201641082764 29.4027557373047 29.3962459564209 29.4060153961182 29.3987255096436 29.3085594177246 29.3495025634766
26.6076107025146 27.4391765594482 27.8962059020996 28.1361141204834 28.5375003814697 28.907506942749 28.854907989502 29.0780982971191 29.0888671875 28.9313526153564 28.1406745910645 28.1695041656494 28.2647399902344 26.7181415557861 27.7315082550049 28.5511417388916 29.1359729766846 29.4935455322266 29.5966892242432 29.631067276001 29.6566524505615 29.4789028167725 29.0407390594482 28.6720142364502 28.9643421173096 29.2498226165771 29.3949241638184 29.3922653198242 29.469596862793 29.5526504516602 29.5707206726074 29.5691108703613 29.5572757720947 29.5560970306396 29.5305080413818 29.4392719268799 29.4359970092773 29.4356899261475 29.4131717681885 29.4119739532471 29.3885593414307 29.3861637115479 29.3821353912354 29.3360328674316 29.3351631164551 29.3721027374268
24.3945560455322 25.5177021026611 25.4263343811035 25.3927154541016 26.735876083374 27.3136444091797 27.4451293945312 27.7344722747803 28.2270164489746 27.5874767303467 26.894021987915 26.301778793335 27.0109977722168 26.8893432617188 27.3693695068359 28.5968990325928 29.3241672515869 29.5317459106445 29.5761241912842 29.5651435852051 29.6318168640137 29.6502780914307 29.2273769378662 28.878023147583 28.7737121582031 29.0687923431396 29.2963752746582 29.4240570068359 29.5386581420898 29.5668315887451 29.6013793945312 29.6101150512695 29.6086444854736 29.5848598480225 29.5097026824951 29.4555797576904 29.4578132629395 29.460578918457 29.4526309967041 29.4443759918213 29.4199295043945 29.4218502044678 29.4246807098389 29.3969554901123 29.3951358795166 29.2950172424316
24.5186386108398 24.4519004821777 24.2732563018799 24.3376235961914 24.2794570922852 24.975715637207 26.1896095275879 26.8949661254883 27.0988330841064 26.9785404205322 27.5510025024414 27.3867645263672 27.2304496765137 27.8539028167725 28.1749687194824 29.1030158996582 29.3799610137939 29.4185771942139 29.3632965087891 29.4992961883545 29.6402854919434 29.695987701416 29.5593414306641 29.2515449523926 28.8314895629883 29.1225090026855 29.3338966369629 29.5117931365967 29.5935440063477 29.6400604248047 29.664737701416 29.6469173431396 29.5879344940186 29.519021987915 29.4634399414062 29.4449596405029 29.4653224945068 29.4883079528809 29.4856834411621 29.4782180786133 29.4680061340332 29.4766883850098 29.4758434295654 29.4597263336182 29.2614879608154 29.0534610748291
24.1670551300049 24.2551212310791 24.4556198120117 24.193962097168 24.1055145263672 24.1996479034424 24.9684791564941 26.6082420349121 27.1872615814209 27.3866329193115 27.2245635986328 27.4334831237793 27.7534618377686 28.0714263916016 28.144552230835 28.7146587371826 29.121488571167 29.1311359405518 29.1343421936035 29.4569988250732 29.5855598449707 29.6078987121582 29.705753326416 29.6307258605957 29.5224952697754 29.4988212585449 29.5984230041504 29.6769371032715 29.6928882598877 29.7037906646729 29.6894798278809 29.6218643188477 29.5438499450684 29.4182300567627 29.3844928741455 29.4510879516602 29.469409942627 29.4962463378906 29.5212955474854 29.5141830444336 29.520206451416 29.5259323120117 29.5170764923096 29.5094242095947 29.3592414855957 29.2382984161377
24.2417316436768 24.3975830078125 24.4174156188965 24.1149520874023 24.5605754852295 25.3216800689697 25.4070415496826 26.6992721557617 27.2158966064453 27.4443683624268 27.2580547332764 27.7721538543701 28.0777111053467 28.094331741333 28.2016162872314 28.1064987182617 28.2206020355225 28.4760036468506 28.8760089874268 29.255277633667 29.3761959075928 29.3978614807129 29.6582183837891 29.7182884216309 29.7457695007324 29.7333755493164 29.7164211273193 29.5514125823975 29.6247138977051 29.7034740447998 29.6779613494873 29.5625228881836 29.5266990661621 29.3356170654297 29.2771968841553 29.4709815979004 29.4812831878662 29.4728908538818 29.5429763793945 29.5586929321289 29.5465278625488 29.5601119995117 29.5531387329102 29.5357151031494 29.4728183746338 29.4172840118408
24.2810096740723 24.1688194274902 24.3667697906494 24.0999698638916 24.6924324035645 25.6930503845215 26.0443134307861 26.6773529052734 27.4374713897705 27.9239959716797 27.9555854797363 28.0962104797363 28.1856842041016 28.23020362854 28.2306823730469 28.1864719390869 28.2687644958496 27.9985904693604 27.6436557769775 28.8541374206543 28.7550354003906 29.2180366516113 29.5744209289551 29.648265838623 29.7115898132324 29.7052059173584 29.6404438018799 29.4239406585693 29.5868167877197 29.7021770477295 29.5472469329834 29.3777179718018 29.4035148620605 29.392448425293 29.4352493286133 29.5278015136719 29.5448360443115 29.5394668579102 29.547119140625 29.5918292999268 29.5968990325928 29.5900478363037 29.5771465301514 29.5552196502686 29.5257377624512 29.4509983062744
23.887035369873 23.8593902587891 24.2094860076904 23.6252593994141 23.7616481781006 25.5980529785156 26.3617897033691 27.0475444793701 27.4207878112793 27.7338790893555 27.811954498291 27.8313636779785 27.6356468200684 27.6500988006592 27.9462985992432 28.0974578857422 28.4642276763916 28.40016746521 28.219144821167 28.2774276733398 28.1297836303711 28.9674034118652 29.4058456420898 29.5996589660645 29.6195869445801 29.6455898284912 29.2934951782227 28.9212779998779 29.5587139129639 29.7057609558105 29.4341144561768 29.1255340576172 29.3965854644775 29.4576206207275 29.4985980987549 29.4753704071045 29.4821872711182 29.495792388916 29.5280647277832 29.5272979736328 29.5493717193604 29.5955791473389 29.5948638916016 29.5760478973389 29.5505504608154 29.496789932251
23.5616016387939 23.4236660003662 23.8559398651123 23.7395038604736 23.8177700042725 24.7471561431885 25.6754417419434 26.3491325378418 26.877965927124 27.2781524658203 27.2359409332275 27.1746597290039 27.2571296691895 27.5728168487549 28.3692016601562 28.4924907684326 28.7005748748779 28.6127281188965 28.5403518676758 28.3766460418701 28.1387805938721 28.8479118347168 29.3302822113037 29.5439796447754 29.4924716949463 29.5989837646484 29.2100811004639 28.2479209899902 29.3072509765625 29.6917343139648 29.4252758026123 29.1829833984375 29.4023532867432 29.3513736724854 29.2908363342285 29.3295764923096 29.391544342041 29.3358268737793 29.266658782959 29.2627220153809 29.3919105529785 29.4991817474365 29.6021461486816 29.5962314605713 29.574577331543 29.5446662902832
24.5977878570557 23.635347366333 23.7336006164551 24.1034450531006 24.4521293640137 25.4436111450195 25.4975624084473 26.2639923095703 27.131160736084 27.5011386871338 27.888729095459 28.0152339935303 28.1708469390869 28.4235973358154 28.6364860534668 28.6962604522705 28.6586093902588 28.7519683837891 28.7303161621094 28.4971675872803 28.3031139373779 28.3416042327881 28.9150829315186 29.1697578430176 29.1047019958496 29.5618057250977 29.4643268585205 28.8037528991699 29.3828773498535 29.672290802002 29.4523582458496 29.2661380767822 29.1889266967773 28.8502330780029 29.0601654052734 29.005880355835 29.0275573730469 28.6016139984131 28.7221202850342 27.6595153808594 29.1027812957764 29.383430480957 29.5829391479492 29.6041011810303 29.5886688232422 29.5599765777588
25.257905960083 24.3201198577881 23.8234367370605 24.5705509185791 25.173454284668 25.8520374298096 25.9118785858154 26.4030361175537 27.2335472106934 27.697416305542 27.7626686096191 27.7952079772949 28.2489395141602 28.4457111358643 28.5764942169189 28.57444190979 28.8097438812256 28.9651679992676 28.9477138519287 28.6976127624512 28.5358257293701 28.4597396850586 28.6146812438965 28.6414318084717 28.6278057098389 29.3611030578613 29.5613021850586 29.2660999298096 28.9658966064453 29.5398902893066 29.0735263824463 28.2293224334717 28.8944797515869 29.0768604278564 29.3945446014404 29.4111671447754 29.3807353973389 29.3584270477295 29.1364459991455 28.1057167053223 28.9783096313477 29.33642578125 29.5309085845947 29.5923938751221 29.5993671417236 29.5748119354248
25.306921005249 24.4907741546631 23.9564113616943 25.1666355133057 26.0745658874512 26.5011711120605 27.3084087371826 27.5749225616455 27.8159255981445 27.9511642456055 27.7639408111572 27.7344245910645 28.3468399047852 28.4577445983887 28.4846267700195 28.5773735046387 28.7148418426514 28.7185115814209 29.2908554077148 29.0472087860107 28.7667407989502 28.6179428100586 28.6077442169189 28.4527111053467 28.4787139892578 29.1556243896484 29.5361785888672 29.4495258331299 29.3062171936035 29.6436290740967 28.926944732666 27.7726898193359 28.3177890777588 29.0554027557373 29.1061038970947 28.7066860198975 28.7820510864258 29.3591060638428 29.4965534210205 29.4671401977539 29.5151462554932 29.5179119110107 29.5443916320801 29.5555553436279 29.593729019165 29.5923805236816
25.1928939819336 24.2741870880127 23.8249816894531 24.9680728912354 26.1643047332764 26.5072040557861 25.9532928466797 27.3556747436523 27.3148288726807 26.7360496520996 27.7782688140869 28.0211410522461 28.0607261657715 28.1414356231689 28.1771011352539 28.4211387634277 28.5772342681885 28.7151908874512 29.2525978088379 29.3937969207764 29.1973094940186 28.8758106231689 28.7097511291504 28.6413440704346 28.4021625518799 28.9139671325684 29.4139175415039 29.4410495758057 29.6511650085449 29.7279186248779 29.1902122497559 27.331579208374 28.0440559387207 27.5311737060547 27.9172286987305 27.1757125854492 28.2027111053467 29.3259582519531 29.4609832763672 29.5386238098145 29.563232421875 29.4852123260498 29.3822326660156 29.5084533691406 29.5478992462158 29.5651874542236
25.1860637664795 24.4738636016846 24.5268993377686 25.005256652832 25.8648128509521 26.2578430175781 26.6811237335205 26.9496822357178 25.6603145599365 25.5736789703369 27.1619205474854 26.1115474700928 26.5227794647217 27.0176372528076 27.8108158111572 28.3278102874756 28.5088748931885 28.7582302093506 29.1418914794922 29.293737411499 29.3668537139893 29.11501121521 28.7818431854248 28.8697719573975 28.7507095336914 29.0117073059082 29.021354675293 28.8555736541748 29.4468517303467 29.65500831604 29.4192504882812 28.6688613891602 27.1373157501221 25.0137157440186 25.2229404449463 27.0637474060059 28.6274566650391 29.2937526702881 29.4237194061279 29.3737125396729 29.3826503753662 29.1513080596924 29.0323333740234 29.4384365081787 29.1755409240723 29.2538375854492
25.1621112823486 24.8161926269531 24.618724822998 24.9044857025146 25.4717235565186 26.2172985076904 26.3558311462402 25.9658241271973 25.5239181518555 26.3250255584717 26.8639831542969 25.8224487304688 26.1704616546631 26.6475791931152 27.6894397735596 28.1409111022949 28.4770431518555 28.9624881744385 29.4164924621582 29.2444877624512 29.1189746856689 29.4385929107666 29.178638458252 28.9935436248779 28.8350715637207 28.841833114624 28.9404468536377 28.8478832244873 29.2103939056396 29.5790824890137 29.6287021636963 29.0780334472656 28.3212108612061 26.5578365325928 25.9125690460205 27.1189079284668 28.615104675293 29.2232913970947 29.2983417510986 28.8128604888916 29.0984153747559 29.3001289367676 29.0891437530518 29.1671695709229 28.8318119049072 29.1177177429199
24.8465538024902 24.6407604217529 24.187931060791 24.5003814697266 25.2161388397217 25.36962890625 25.7499656677246 26.0477638244629 26.3085880279541 26.4239978790283 26.8071918487549 27.0525341033936 27.7771854400635 27.887716293335 28.0592994689941 27.5826377868652 28.6210289001465 29.0343379974365 29.2704887390137 28.9827728271484 29.121431350708 29.3340702056885 29.4519653320312 29.3998947143555 29.1047744750977 29.0416259765625 28.6729583740234 28.8576030731201 29.2925643920898 29.3940124511719 29.5626983642578 29.5979061126709 29.0152053833008 28.3096599578857 27.3486137390137 27.0473670959473 28.2923107147217 29.1297473907471 28.6138286590576 28.054615020752 29.0398445129395 29.3183078765869 29.0304698944092 28.2118053436279 28.5998077392578 29.1659717559814
