inst/extdata/Tmax/Tmax133.asc
NCOLS 100 
NROWS 79 
XLLCORNER 148.06 
YLLCORNER -21.49 
CELLSIZE 0.01 
NODATA_value -3.4e+38 
[rows 20 to 39 of 79, columns 0 to 45 of 100]
34.891113281250000 34.9275093078613 34.9354515075684 34.9113388061523 34.9335517883301 35.0422630310059 34.9781799316406 34.920711517334 34.8684272766113 34.7910652160645 34.6360054016113 34.2805671691895 33.8764495849609 33.2894325256348 32.076732635498 31.6843776702881 31.6185111999512 32.5333862304688 33.499813079834 33.8978309631348 33.9148254394531 33.931037902832 34.2383575439453 34.2628326416016 34.1255302429199 33.8667984008789 33.3105087280273 32.4711723327637 32.9634056091309 33.0229721069336 33.5744667053223 33.5877914428711 33.7146377563477 33.6813697814941 33.6420669555664 33.4177093505859 33.060173034668 33.059700012207 32.6288261413574 32.8582916259766 32.6552429199219 31.9863471984863 32.196907043457 32.2402381896973 32.3472785949707 32.3708953857422
34.9604797363281 35.0183448791504 35.0371246337891 35.0117874145508 35.0227127075195 35.0279235839844 34.9153671264648 34.8532600402832 34.8389129638672 34.7877616882324 34.6829566955566 34.5335731506348 34.3308486938477 33.4772605895996 32.0968360900879 31.8026351928711 32.0245742797852 32.7925720214844 33.2602653503418 33.6064758300781 33.7234306335449 33.6477203369141 34.1321868896484 34.2572822570801 34.0824775695801 34.0963745117188 34.0643653869629 33.3755226135254 33.2322463989258 33.7060699462891 33.8126258850098 33.7150993347168 33.4129905700684 32.8597564697266 32.8744277954102 32.8508567810059 33.2629089355469 32.6180610656738 32.2504577636719 32.5331192016602 32.175163269043 32.2453079223633 31.9939975738525 31.1558818817139 31.4493923187256 32.0680732727051
35.0125732421875 35.0580787658691 35.0740509033203 35.0674934387207 35.0587005615234 35.0342025756836 34.885139465332 34.781982421875 34.740837097168 34.719051361084 34.6222991943359 34.566577911377 34.4154930114746 33.8647994995117 32.8418769836426 32.0719528198242 31.4743270874023 31.942024230957 32.4742050170898 33.2228355407715 33.327938079834 33.4436378479004 34.0349922180176 33.840705871582 33.4628028869629 33.7980194091797 33.8590126037598 33.9370307922363 33.6784820556641 33.7126274108887 33.4691848754883 33.2978172302246 32.7755661010742 32.4688835144043 32.2536506652832 32.4498443603516 32.3862152099609 31.8691158294678 31.8394222259521 31.7614898681641 31.4740715026855 30.774600982666 31.4990253448486 31.2286777496338 30.3188800811768 31.6224422454834
35.0218658447266 35.0527610778809 35.0774002075195 35.076530456543 35.0475616455078 35.0453224182129 34.9867057800293 34.7319374084473 34.6434631347656 34.6677703857422 34.5127639770508 34.3511657714844 34.4488906860352 34.111213684082 33.3939895629883 32.672191619873 31.9050483703613 31.6387557983398 32.2013664245605 32.4938278198242 32.9975662231445 33.920295715332 33.6933670043945 33.1345520019531 33.2711410522461 33.4057769775391 33.118106842041 33.9906463623047 34.011474609375 33.8835601806641 33.6741561889648 32.6752662658691 32.3706092834473 32.554271697998 32.8599891662598 32.4359512329102 31.5920753479004 31.0898036956787 31.7536907196045 31.2826156616211 30.613208770752 29.298698425293 30.0643196105957 31.1526298522949 29.4896144866943 30.7080383300781
34.9807586669922 35.0357246398926 35.0716705322266 35.0492858886719 35.0211334228516 35.0283241271973 35.035457611084 34.8855285644531 34.7347946166992 34.5881767272949 34.5012893676758 34.472770690918 34.321662902832 34.0181312561035 33.325855255127 32.6891670227051 31.9974308013916 31.662841796875 31.8522891998291 31.8536319732666 32.9690208435059 33.7380867004395 32.7262802124023 32.2283973693848 32.9811859130859 32.9608383178711 33.1260032653809 33.8087196350098 34.0280380249023 33.6804351806641 33.6278610229492 33.4155044555664 33.3877296447754 33.4379081726074 33.138126373291 32.8552703857422 32.4848709106445 31.4602069854736 31.2520999908447 31.0119323730469 29.4271545410156 28.8884944915771 29.3006553649902 30.9895286560059 29.1741180419922 29.5083885192871
34.9474182128906 34.9685592651367 34.9869499206543 34.9705200195312 34.9855880737305 34.998363494873 35.0279121398926 34.9942245483398 34.8659133911133 34.6555709838867 34.488166809082 34.3719444274902 34.2422866821289 33.8336486816406 33.4270858764648 32.9188003540039 32.348876953125 32.0414352416992 32.461368560791 33.1101226806641 33.099006652832 33.0138702392578 32.5671882629395 31.3916854858398 31.8668174743652 32.5825691223145 32.7170639038086 33.8494300842285 34.0159568786621 33.6871452331543 32.8868217468262 33.4447250366211 33.3209342956543 33.2037086486816 32.953742980957 32.6607322692871 32.5486259460449 31.1909637451172 30.0107669830322 30.3831958770752 29.0571212768555 29.8203029632568 30.1502742767334 30.9947052001953 30.0561618804932 29.0613403320312
34.8559494018555 34.8832130432129 34.898193359375 34.913387298584 34.9149055480957 34.9213905334473 35.0071334838867 35.0145072937012 34.8995590209961 34.5332260131836 34.4432754516602 34.2099952697754 34.2105712890625 33.8735733032227 33.1909790039062 32.2099952697754 31.8576469421387 32.0446014404297 32.4848937988281 32.4016761779785 32.5782623291016 33.4056739807129 33.2739181518555 31.8798980712891 31.5050811767578 32.3691749572754 33.1018257141113 33.9108924865723 33.9839363098145 33.7847480773926 33.0217552185059 32.6712493896484 33.3814888000488 32.8914794921875 32.4866065979004 31.7252140045166 31.4646530151367 31.567310333252 30.5897750854492 29.3889541625977 29.014030456543 29.3017101287842 29.2150211334229 30.1779365539551 29.3062725067139 28.7030448913574
34.7256240844727 34.7474250793457 34.7848739624023 34.834415435791 34.8600692749023 34.9174385070801 35.0063781738281 35.0078735351562 34.9493293762207 34.7832412719727 34.5722579956055 34.3402671813965 34.2361679077148 34.0607032775879 33.2224769592285 32.1759452819824 31.8741912841797 31.8376560211182 31.9600563049316 31.9417667388916 32.9955749511719 33.5876121520996 33.093448638916 32.3012504577637 31.7768974304199 31.9940853118896 32.101676940918 33.5525321960449 33.8717613220215 33.7628936767578 33.0346298217773 32.9568710327148 33.2230606079102 32.5431594848633 31.9045944213867 31.3783130645752 30.5375537872314 31.1975078582764 31.0446758270264 29.3582649230957 28.9477691650391 29.1185455322266 29.0425567626953 29.5908164978027 29.0386428833008 28.7553997039795
34.2858505249023 34.2491340637207 34.4994812011719 34.781795501709 34.9046211242676 34.9821395874023 35.0194358825684 35.0128364562988 34.9029197692871 34.8100776672363 34.6666069030762 34.1906547546387 34.2797203063965 34.1464767456055 33.6802024841309 32.570930480957 31.9002990722656 31.4375972747803 31.7307548522949 32.5511436462402 33.0224571228027 33.358211517334 32.5601806640625 31.8910694122314 31.7218246459961 31.8594665527344 32.256046295166 33.0955085754395 33.7892265319824 33.8444366455078 33.3736267089844 33.1332397460938 32.7366371154785 31.7899475097656 30.7126884460449 30.3229370117188 30.0250949859619 30.2143096923828 30.3573417663574 29.9851589202881 29.4945049285889 29.6071014404297 29.3561267852783 29.1493549346924 29.1564617156982 29.0910758972168
33.4939346313477 34.2726402282715 34.5778198242188 34.3466491699219 34.8505401611328 34.9885444641113 35.0171012878418 35.0093154907227 34.8305358886719 34.7015228271484 34.6973419189453 34.4638404846191 34.2510414123535 34.1333808898926 33.9055290222168 33.4380187988281 32.9259185791016 31.6694927215576 31.9687576293945 32.0444107055664 32.1883697509766 33.0647621154785 32.672981262207 31.9246292114258 31.7347736358643 31.541109085083 31.5090560913086 33.0490875244141 33.8181686401367 33.886890411377 33.1414222717285 32.2477912902832 31.9603652954102 31.6339492797852 31.3861465454102 30.4488792419434 30.3892726898193 30.0058822631836 29.6179962158203 29.853931427002 31.5245399475098 31.5928764343262 30.5508136749268 29.2120380401611 30.1839656829834 30.2810554504395
33.7605819702148 34.5507621765137 34.5840110778809 34.1083793640137 34.8092460632324 34.9768753051758 35.0273361206055 35.0149993896484 34.9664154052734 34.7660064697266 34.6732215881348 34.6176376342773 34.4600982666016 34.2749557495117 34.0112533569336 33.4824523925781 32.7224464416504 32.3176155090332 31.8959465026855 32.1338996887207 32.2067680358887 32.6190071105957 32.0553970336914 31.8970928192139 31.6157188415527 31.0295562744141 31.2881965637207 32.9432754516602 33.713737487793 33.7542991638184 33.7389678955078 33.5848541259766 32.561466217041 31.683650970459 31.6196212768555 31.1697998046875 31.2983913421631 31.1188621520996 30.7239799499512 31.1748428344727 32.5414390563965 32.5882301330566 32.1994514465332 31.6704883575439 31.5567073822021 31.0057964324951
34.4406585693359 34.6827735900879 34.7483558654785 34.7503776550293 34.8298149108887 34.9648628234863 34.9983940124512 34.9974098205566 34.9593467712402 34.8977394104004 34.7369842529297 34.6875877380371 34.6019248962402 34.4194183349609 34.1799163818359 33.7409477233887 32.9639358520508 32.5821342468262 31.9373893737793 31.8363037109375 31.9013519287109 32.3122100830078 31.9664611816406 31.7276592254639 31.6693325042725 31.6959400177002 32.4335174560547 33.4206275939941 33.7626533508301 33.2986640930176 33.2201194763184 33.2304039001465 33.4202156066895 32.961124420166 32.708610534668 32.003044128418 32.9525108337402 32.8119773864746 32.7819404602051 32.7920265197754 32.5781784057617 31.7430858612061 30.8686599731445 30.5628280639648 30.4333839416504 29.7425289154053
34.1878395080566 34.8320198059082 34.8927612304688 34.9085960388184 34.9073219299316 34.917350769043 34.8999137878418 34.9435501098633 34.939640045166 34.9259567260742 34.8853302001953 34.7768096923828 34.6151809692383 34.4728164672852 34.301830291748 34.0786056518555 33.6434059143066 33.037899017334 32.3523559570312 31.7035903930664 31.7289867401123 32.1473693847656 32.0336723327637 31.7749443054199 31.6429195404053 31.7880706787109 33.0940132141113 33.7455825805664 33.8072509765625 33.6465263366699 33.1955718994141 32.6443748474121 33.280647277832 33.3779220581055 33.4112243652344 32.9299163818359 33.301830291748 33.0302429199219 32.9060363769531 32.7515411376953 31.6528511047363 30.3404998779297 29.1633186340332 29.4793758392334 29.3960247039795 28.4748401641846
34.0671501159668 34.6319732666016 34.4765548706055 34.3705902099609 34.4946823120117 34.838493347168 34.8464126586914 34.8692054748535 34.8843536376953 34.8744506835938 34.8467216491699 34.8279991149902 34.7290916442871 34.5929298400879 34.4554138183594 34.2539443969727 33.8593902587891 33.4834671020508 33.2355690002441 32.6592636108398 31.7933082580566 32.0108222961426 31.8048934936523 31.8705749511719 31.7579765319824 31.7320423126221 32.6942825317383 33.7085456848145 33.7811851501465 33.4906158447266 33.3653602600098 32.3950424194336 32.6601638793945 32.8886337280273 33.1580123901367 33.2669525146484 33.1363334655762 32.9782218933105 32.6222953796387 32.6683464050293 32.3693466186523 31.2215003967285 30.4777946472168 30.98024559021 30.5700092315674 29.5089321136475
34.3666572570801 34.6154708862305 34.2583236694336 33.6614799499512 33.7608909606934 34.6170120239258 34.8120307922363 34.7835845947266 34.8004570007324 34.8167457580566 34.7476081848145 34.7931327819824 34.7509651184082 34.653678894043 34.5208511352539 34.3512268066406 34.0691146850586 33.4669723510742 33.095890045166 32.6746292114258 32.0544891357422 31.9766464233398 31.8075695037842 31.6115627288818 31.5800800323486 31.9290733337402 32.9597969055176 33.6737098693848 33.2165260314941 33.0140342712402 33.1112747192383 32.7868461608887 32.4916458129883 32.1857070922852 31.9365825653076 32.3844451904297 32.2086410522461 32.5065231323242 32.4292221069336 32.2407493591309 31.9956150054932 32.281810760498 32.0545883178711 31.7582054138184 31.2020111083984 30.7566013336182
34.4823150634766 34.5682983398438 34.4016799926758 34.1241912841797 33.8534622192383 34.3554840087891 34.635913848877 34.6597938537598 34.7049674987793 34.7616004943848 34.7539596557617 34.7979965209961 34.7451438903809 34.6939964294434 34.5572662353516 34.362678527832 34.1449775695801 33.953685760498 33.5909843444824 32.9955520629883 32.6435966491699 32.4077987670898 31.9385414123535 31.3462104797363 31.492504119873 31.7200622558594 33.0356254577637 33.5201568603516 31.7960796356201 31.4202995300293 32.0095748901367 32.2118721008301 32.1682357788086 31.9662227630615 31.5153312683105 31.2756099700928 31.7648067474365 31.6127109527588 31.5792293548584 31.5294322967529 31.2810955047607 30.9941139221191 31.2259407043457 31.6583442687988 31.0749378204346 30.0281963348389
34.3553886413574 34.3817710876465 34.4120674133301 34.1668663024902 33.9168548583984 34.0900726318359 34.2930946350098 34.4746894836426 34.5782127380371 34.6929702758789 34.6785011291504 34.679557800293 34.7606391906738 34.7004852294922 34.593635559082 34.3482284545898 34.3271446228027 34.1934089660645 33.9671859741211 33.6168327331543 33.4828453063965 32.7548866271973 32.2042465209961 31.7691478729248 31.7647380828857 32.1180763244629 33.061466217041 32.9726181030273 32.6997222900391 32.6006050109863 31.8874912261963 31.8268814086914 31.6481781005859 31.5120735168457 30.8390979766846 30.4578628540039 30.6536960601807 30.5989379882812 30.8130435943604 30.6218929290771 30.6059665679932 29.7439613342285 30.4029388427734 31.1914882659912 30.9662246704102 29.6050224304199
33.8522758483887 34.1488037109375 34.3452987670898 34.2530975341797 34.0745735168457 33.9591941833496 33.950756072998 34.293270111084 34.3993148803711 34.5619201660156 34.6404418945312 34.6429061889648 34.7002906799316 34.7176399230957 34.556396484375 34.4635581970215 34.3937149047852 34.2937507629395 34.1483726501465 33.9635887145996 33.7750625610352 33.1176567077637 32.0608139038086 32.1417808532715 31.5015964508057 32.0375709533691 32.9201889038086 32.4044303894043 32.5776748657227 33.007640838623 32.8968086242676 32.7483406066895 32.1235313415527 31.7230587005615 30.2611217498779 29.0797080993652 29.1179618835449 29.0103435516357 28.9696598052979 29.4000911712646 29.5477447509766 29.7220115661621 29.8984832763672 30.7071571350098 30.568660736084 30.1969051361084
33.9702911376953 34.0533981323242 34.1824913024902 34.1635894775391 34.1339149475098 33.8542938232422 33.6584091186523 33.4209060668945 34.0292129516602 34.4918785095215 34.6181335449219 34.6614189147949 34.7362251281738 34.7354164123535 34.4569778442383 34.0857925415039 34.1051139831543 34.1622085571289 34.2057685852051 34.0937423706055 33.9613380432129 33.5827102661133 32.551887512207 32.8345146179199 31.9417667388916 31.9347972869873 32.0682678222656 32.3645858764648 31.3923664093018 32.0071487426758 31.6599445343018 31.7637119293213 32.9194946289062 32.5175132751465 31.6195507049561 29.5422420501709 28.69215965271 28.6916999816895 28.0653953552246 28.4634399414062 29.0497951507568 29.0337371826172 29.1105003356934 30.3774070739746 29.9609451293945 29.4606857299805
34.0360450744629 33.9626617431641 34.019416809082 33.8425064086914 34.0293350219727 33.9524688720703 33.7469100952148 33.507926940918 33.6895141601562 34.256031036377 34.4882469177246 34.6683006286621 34.7106666564941 34.6814231872559 34.6285514831543 34.2558212280273 33.8999900817871 33.7201042175293 33.9719429016113 34.0882148742676 33.9582366943359 33.8241424560547 33.5225105285645 32.9841079711914 31.9873046875 31.7865943908691 31.7390766143799 31.8258953094482 31.8713035583496 31.375301361084 30.8412704467773 31.5606517791748 32.673900604248 31.980920791626 32.1813507080078 31.6739692687988 31.2685375213623 31.1408061981201 30.2202491760254 29.1822853088379 29.8459053039551 29.5437202453613 29.9056358337402 30.0740356445312 29.787971496582 29.3447303771973
