inst/extdata/Tmax/Tmax57.asc
NCOLS 100 
NROWS 79 
XLLCORNER 148.06 
YLLCORNER -21.49 
CELLSIZE 0.01 
NODATA_value -3.4e+38 
[rows 40 to 59 of 79, columns 46 to 91 of 100]
34.0670318603516 34.8175010681152 35.1269493103027 35.7978935241699 37.0230140686035 37.7348442077637 37.3386573791504 35.8427352905273 35.5215110778809 36.0158348083496 36.374927520752 37.6484794616699 37.3287620544434 37.4504280090332 36.794506072998 37.5008888244629 37.5980758666992 37.3502883911133 37.3839378356934 37.4170188903809 37.3916816711426 36.6738510131836 36.9192085266113 37.1080665588379 37.1305274963379 37.1254653930664 37.0135040283203 36.7022438049316 36.7868347167969 36.8754386901855 36.8102493286133 36.6680374145508 36.4216575622559 35.5524597167969 35.7061157226562 36.1247634887695 36.0315208435059 35.9369316101074 36.0636444091797 35.6663055419922 35.1434555053711 35.4297142028809 35.6083869934082 35.4429588317871 35.5884895324707 35.5924034118652
35.1444282531738 36.044979095459 35.947696685791 35.881721496582 37.0655403137207 37.9621658325195 37.0677337646484 36.7302551269531 37.1459159851074 37.1721572875977 37.4022789001465 37.8771286010742 37.7546424865723 37.727424621582 37.5814971923828 37.7628784179688 37.7514610290527 37.6641387939453 37.5932579040527 37.5680885314941 37.5197410583496 37.1030387878418 36.5612182617188 36.7775001525879 36.6803970336914 36.9835815429688 37.156909942627 36.7789115905762 36.7214584350586 36.9439506530762 36.930980682373 36.8354377746582 36.6932258605957 36.2606658935547 36.3878479003906 36.3769302368164 36.2048263549805 36.1683235168457 36.2034149169922 36.252513885498 35.5831985473633 35.7019920349121 36.0729560852051 35.9143180847168 35.9718742370605 35.9073715209961
37.0680503845215 37.1713180541992 37.275333404541 37.6031837463379 37.8142738342285 38.1376953125 37.779125213623 37.344352722168 37.6904983520508 37.9467964172363 37.8423843383789 38.0309600830078 38.0161170959473 37.9199180603027 37.8604698181152 37.8767433166504 37.8445777893066 37.7876014709473 37.7246589660645 37.6765289306641 37.578426361084 36.8712577819824 36.6879005432129 37.0012626647949 36.5928497314453 36.8653793334961 37.1279754638672 37.0101165771484 36.9204330444336 37.0448684692383 37.0287132263184 36.9815521240234 36.9223594665527 36.8148536682129 36.7168769836426 36.4639778137207 35.8298301696777 36.1906547546387 36.5064392089844 36.4692535400391 36.3468360900879 36.2762336730957 36.3205871582031 36.3115119934082 36.3065452575684 36.2451324462891
38.018196105957 37.9969100952148 38.0574340820312 38.1275405883789 38.2619743347168 38.2854042053223 38.1760673522949 37.9681549072266 38.0547828674316 38.1729774475098 38.1289520263672 38.1251106262207 38.0702056884766 38.004020690918 37.9779167175293 37.9138832092285 37.8276786804199 37.7702598571777 37.7520141601562 37.7316360473633 37.664794921875 37.4469299316406 37.2275581359863 37.3064918518066 37.1698608398438 36.8091239929199 36.9618492126465 37.0999526977539 37.1555137634277 37.1231727600098 37.0915336608887 37.0430679321289 36.9906692504883 36.9301948547363 36.8923225402832 36.7585983276367 36.4133415222168 36.5832786560059 36.6662139892578 36.622371673584 36.5618629455566 36.5277557373047 36.4864120483398 36.4656257629395 36.4383506774902 36.3923950195312
37.8982276916504 38.0638427734375 38.2211227416992 38.1894989013672 38.1925354003906 38.2480354309082 38.2366371154785 38.2478408813477 38.2288703918457 38.1490821838379 37.9558181762695 37.9945678710938 37.900463104248 37.6741027832031 37.7647361755371 37.8152351379395 37.6948738098145 37.7325096130371 37.7569313049316 37.7487983703613 37.7210845947266 37.5776519775391 37.3157577514648 37.0925102233887 37.2044372558594 37.2713088989258 37.2548179626465 37.2338562011719 37.1881408691406 37.170295715332 37.1298027038574 37.0797386169434 37.0184173583984 36.9587440490723 36.9432106018066 36.8667221069336 36.8196449279785 36.7829055786133 36.7126884460449 36.6800575256348 36.6264495849609 36.585880279541 36.5564308166504 36.5171356201172 36.4262619018555 36.4190902709961
36.5172500610352 37.1000137329102 37.393123626709 37.5228271484375 37.7657699584961 37.9814071655273 37.892707824707 38.0015182495117 37.9613571166992 37.8038291931152 37.1939964294434 37.1675834655762 37.1878089904785 36.0289039611816 36.7149124145508 37.2406234741211 37.5964241027832 37.7914199829102 37.812183380127 37.7863693237305 37.752571105957 37.5762825012207 37.2276306152344 36.9232521057129 37.0663986206055 37.1982650756836 37.238899230957 37.1797218322754 37.1781349182129 37.1918182373047 37.1643676757812 37.119010925293 37.0726356506348 37.0333251953125 36.9785270690918 36.8772506713867 36.8371315002441 36.7990875244141 36.747688293457 36.7100219726562 36.6534996032715 36.616641998291 36.5791206359863 36.5161819458008 36.4822387695312 36.4733963012695
34.6001091003418 35.6045341491699 35.4974899291992 35.442798614502 36.4657936096191 36.8516464233398 36.8993186950684 37.0652236938477 37.3736305236816 36.8676795959473 36.312427520752 35.8322486877441 36.308708190918 36.1754112243652 36.4770927429199 37.2932281494141 37.7458419799805 37.8381881713867 37.8194160461426 37.7620048522949 37.7562789916992 37.7129020690918 37.373893737793 37.0805969238281 36.9538536071777 37.093090057373 37.1903457641602 37.2192726135254 37.2489280700684 37.2283897399902 37.2117881774902 37.1735954284668 37.1346130371094 37.0814743041992 36.9962196350098 36.919116973877 36.8830146789551 36.8476753234863 36.8062477111816 36.7649116516113 36.7087554931641 36.6751823425293 36.6427955627441 36.5919876098633 36.5582275390625 36.4635848999023
34.7260208129883 34.6428146362305 34.457202911377 34.4939002990723 34.4184684753418 35.0280876159668 35.9899063110352 36.4731292724609 36.5793075561523 36.4467658996582 36.8140830993652 36.6499404907227 36.4916458129883 36.893123626709 37.0735321044922 37.6661796569824 37.8070831298828 37.7847900390625 37.6983222961426 37.7402038574219 37.7850532531738 37.7655715942383 37.6178359985352 37.3538360595703 37.0132064819336 37.1497764587402 37.2362785339355 37.2995872497559 37.3134880065918 37.3050956726074 37.2829780578613 37.2285041809082 37.1535568237305 37.0724945068359 37.0002555847168 36.9461059570312 36.922176361084 36.9005393981934 36.862979888916 36.8228721618652 36.7763519287109 36.7477836608887 36.7138061523438 36.6708183288574 36.5136184692383 36.3511047363281
34.4142837524414 34.4735298156738 34.6349601745605 34.3738403320312 34.2710494995117 34.3344421386719 35.0047149658203 36.2816390991211 36.6648864746094 36.765567779541 36.5983428955078 36.704460144043 36.8884658813477 37.067928314209 37.0727653503418 37.4186363220215 37.6508598327637 37.6092491149902 37.5620536804199 37.7315330505371 37.7673263549805 37.7224426269531 37.7332611083984 37.6271896362305 37.4985046386719 37.4215660095215 37.4326553344727 37.4307403564453 37.4033699035645 37.3729248046875 37.3264961242676 37.2410621643066 37.1546325683594 37.038215637207 36.9802284240723 36.9806098937988 36.9560470581055 36.9375152587891 36.9181289672852 36.8789138793945 36.8431243896484 36.8133583068848 36.7747688293457 36.7375679016113 36.6035690307617 36.4792594909668
34.4938812255859 34.6149063110352 34.6109580993652 34.3128280639648 34.6961555480957 35.3607521057129 35.4093551635742 36.3702926635742 36.7065315246582 36.8280487060547 36.6434745788574 36.9684066772461 37.139461517334 37.1046676635742 37.1333885192871 37.0149803161621 37.0479621887207 37.1782531738281 37.404899597168 37.6138114929199 37.6417617797852 37.5968551635742 37.7180404663086 37.7033004760742 37.6664810180664 37.5975112915039 37.5303611755371 37.3775291442871 37.3870620727539 37.3999633789062 37.3469581604004 37.2317543029785 37.1725845336914 37.0149955749512 36.9417457580566 37.0233993530273 36.9943656921387 36.9539566040039 36.9637031555176 36.9395484924316 36.892879486084 36.8684997558594 36.831298828125 36.7738037109375 36.6870422363281 36.6039123535156
34.540828704834 34.4165496826172 34.5755500793457 34.3102111816406 34.826416015625 35.7034950256348 35.9451103210449 36.3750343322754 36.8884582519531 37.1936798095703 37.1655387878418 37.2192611694336 37.2360382080078 37.2207412719727 37.1742401123047 37.0916595458984 37.1022453308105 36.8656578063965 36.5687370300293 37.3562278747559 37.235050201416 37.4918365478516 37.6784286499023 37.6734313964844 37.6611938476562 37.5965690612793 37.4977226257324 37.3228797912598 37.3896865844727 37.4263000488281 37.2915916442871 37.1424751281738 37.1227684020996 37.0798683166504 37.0713577270508 37.0893440246582 37.0651359558105 37.0270233154297 36.9978332519531 36.9924201965332 36.9572296142578 36.9121208190918 36.8582611083984 36.797794342041 36.7317962646484 36.636646270752
34.1908226013184 34.1445198059082 34.4428977966309 33.9168701171875 34.0168380737305 35.6281127929688 36.2042503356934 36.6687927246094 36.8967742919922 37.0776443481445 37.0833435058594 37.0514221191406 36.8661575317383 36.8307762145996 36.9947357177734 37.0498542785645 37.2582206726074 37.1652679443359 36.9878311157227 36.9762306213379 36.8219795227051 37.3385620117188 37.5818786621094 37.6581954956055 37.6170196533203 37.5746536254883 37.3022651672363 37.0283546447754 37.3982849121094 37.4554786682129 37.2471351623535 37.0097274780273 37.1465072631836 37.1496925354004 37.1405220031738 37.0854835510254 37.055347442627 37.0298004150391 37.0165634155273 36.9797439575195 36.9435501098633 36.9276084899902 36.8811264038086 36.8225021362305 36.7591171264648 36.6768569946289
33.9191513061523 33.7900199890137 34.1382064819336 34.0271072387695 34.0786209106445 34.8744506835938 35.6790390014648 36.1761016845703 36.5238647460938 36.7717781066895 36.692024230957 36.6031761169434 36.6180305480957 36.7989959716797 37.3144340515137 37.3484535217285 37.4440612792969 37.3315658569336 37.2296485900879 37.0645942687988 36.8483276367188 37.2770690917969 37.5508842468262 37.6410980224609 37.5520858764648 37.5643157958984 37.277645111084 36.6243095397949 37.2678680419922 37.4763832092285 37.271541595459 37.0764846801758 37.1807098388672 37.1134338378906 37.0401763916016 37.0249214172363 37.0301284790039 36.9611320495605 36.8739547729492 36.8274879455566 36.8590698242188 36.8815116882324 36.9006652832031 36.8500862121582 36.7888031005859 36.7217178344727
34.8633079528809 33.9802551269531 34.0488929748535 34.347053527832 34.641185760498 35.5103149414062 35.5301246643066 36.1339569091797 36.7297744750977 36.9534912109375 37.1810874938965 37.2250518798828 37.2887535095215 37.4192886352539 37.5205078125 37.5090370178223 37.4318237304688 37.4443130493164 37.3772315979004 37.1649208068848 36.9792785644531 36.948600769043 37.2872047424316 37.4062767028809 37.3126792907715 37.5629653930664 37.4651184082031 37.0076370239258 37.3421211242676 37.4906311035156 37.315559387207 37.1566162109375 37.0726661682129 36.8221054077148 36.9216804504395 36.8477935791016 36.821533203125 36.5072593688965 36.5408058166504 35.8186225891113 36.6883316040039 36.8207397460938 36.9006080627441 36.8672370910645 36.8097877502441 36.7433815002441
35.4734268188477 34.5986785888672 34.1368713378906 34.7815971374512 35.302303314209 35.8835029602051 35.9071655273438 36.2583465576172 36.8248023986816 37.1147956848145 37.1114082336426 37.0890884399414 37.3636703491211 37.4547958374023 37.4987640380859 37.4418411254883 37.5527114868164 37.6072616577148 37.5431060791016 37.3197708129883 37.1567726135254 37.0474166870117 37.100757598877 37.0753364562988 37.0312614440918 37.4602813720703 37.55224609375 37.3290100097656 37.1021194458008 37.4327774047852 37.1010131835938 36.5200500488281 36.9120979309082 36.9941825866699 37.1585578918457 37.1211318969727 37.0590667724609 37.0015449523926 36.8171424865723 36.1174850463867 36.6225204467773 36.8039436340332 36.8805656433105 36.8725776672363 36.829418182373 36.7653312683105
35.5275039672852 34.7644233703613 34.2607955932617 35.3299255371094 36.1154747009277 36.4413833618164 36.9879302978516 37.1367988586426 37.2649879455566 37.3160781860352 37.1325187683105 37.0661010742188 37.4522590637207 37.4830474853516 37.452320098877 37.4607353210449 37.5043029785156 37.4551467895508 37.7937545776367 37.5756454467773 37.3322563171387 37.1733589172363 37.1141586303711 36.9779319763184 36.9597206115723 37.3541412353516 37.5615463256836 37.4713172912598 37.3450317382812 37.5247344970703 37.0336265563965 36.2516937255859 36.5679092407227 36.9985389709473 36.9888000488281 36.6866912841797 36.6922225952148 37.0156402587891 37.058708190918 36.995777130127 36.9757461547852 36.932014465332 36.9023933410645 36.862606048584 36.8390846252441 36.7898178100586
35.43408203125 34.5778007507324 34.1634292602539 35.1609649658203 36.2035102844238 36.4667015075684 35.9617462158203 36.9985504150391 36.9246711730957 36.4598388671875 37.162841796875 37.2894172668457 37.2714309692383 37.2801322937012 37.2551422119141 37.3695755004883 37.4265441894531 37.470085144043 37.7848854064941 37.8282241821289 37.6425285339355 37.366828918457 37.2031097412109 37.1240425109863 36.9348526000977 37.2242393493652 37.5089454650879 37.4913444519043 37.5900650024414 37.6040916442871 37.2277069091797 35.9852638244629 36.4062042236328 36.0344924926758 36.2424240112305 35.7173690795898 36.3364219665527 37.0083770751953 37.0500297546387 37.0549240112305 37.02001953125 36.9252319335938 36.8140983581543 36.8471374511719 36.8244285583496 36.786922454834
35.4386520385742 34.7706069946289 34.7964134216309 35.2053108215332 35.9488945007324 36.2693786621094 36.5716171264648 36.7258377075195 35.6615715026855 35.5592727661133 36.7438087463379 35.9353141784668 36.192325592041 36.5031204223633 37.0183372497559 37.324649810791 37.3993377685547 37.5195808410645 37.7296295166016 37.7805480957031 37.7776489257812 37.5496063232422 37.276554107666 37.2982749938965 37.1870994567871 37.3144760131836 37.2860374450684 37.1452674865723 37.4885635375977 37.5815773010254 37.3909721374512 36.8656845092773 35.8367347717285 34.4006500244141 34.5017929077148 35.6624870300293 36.6249923706055 37.005298614502 37.0437240600586 36.9678993225098 36.9230651855469 36.7316055297852 36.6104354858398 36.8202934265137 36.6072654724121 36.608642578125
35.4266700744629 35.090934753418 34.8895835876465 35.1243743896484 35.6085662841797 36.242488861084 36.3332786560059 35.9654273986816 35.5504989624023 36.2023277282715 36.548656463623 35.7294044494629 35.9539909362793 36.2549705505371 36.950569152832 37.2122001647949 37.3947677612305 37.6765670776367 37.9332313537598 37.7646942138672 37.6275444030762 37.7860832214355 37.5581550598145 37.401969909668 37.265567779541 37.2299995422363 37.2588806152344 37.1619606018066 37.3539047241211 37.5480422973633 37.5386276245117 37.141918182373 36.6167449951172 35.4343872070312 34.972038269043 35.7133331298828 36.6320381164551 36.9754028320312 36.9790878295898 36.6274223327637 36.7584037780762 36.8407020568848 36.6616363525391 36.6646881103516 36.4062080383301 36.5389633178711
35.1509819030762 34.9420738220215 34.5096740722656 34.77001953125 35.3897285461426 35.5021476745605 35.8105201721191 36.0459899902344 36.2462348937988 36.2959251403809 36.5279312133789 36.6587677001953 37.1278610229492 37.1569061279297 37.2277374267578 36.8393898010254 37.511344909668 37.7429733276367 37.8517723083496 37.6047439575195 37.6469802856445 37.7334022521973 37.7606239318848 37.6861152648926 37.462833404541 37.380542755127 37.1045265197754 37.1833724975586 37.4213027954102 37.4453086853027 37.5116844177246 37.4873123168945 37.0756340026855 36.5834541320801 35.9237251281738 35.6824951171875 36.4414520263672 36.9312858581543 36.5604858398438 36.1608657836914 36.7368698120117 36.8678817749023 36.6405410766602 36.0769348144531 36.2760467529297 36.5859756469727
