inst/extdata/Tmax/Tmax151.asc
NCOLS 100 
NROWS 79 
XLLCORNER 148.06 
YLLCORNER -21.49 
CELLSIZE 0.01 
NODATA_value -3.4e+38 
[rows 40 to 59 of 79, columns 0 to 45 of 100]
36.916702270507798 36.5978698730469 36.6364974975586 36.671272277832 36.5301361083984 36.6583862304688 36.6040534973145 36.370304107666 35.8205947875977 36.3161163330078 37.0488243103027 37.4200477600098 37.4612884521484 37.5195198059082 37.5942840576172 37.3499031066895 37.0335464477539 36.624698638916 35.9471893310547 36.5218391418457 36.5085678100586 36.3811874389648 36.3058700561523 35.8360061645508 34.7757873535156 34.0085411071777 33.7712707519531 33.8806953430176 34.0160064697266 33.2598609924316 32.4933090209961 32.9965515136719 34.4928131103516 34.1707954406738 33.8636322021484 34.2497253417969 34.1433486938477 33.7595901489258 33.496997833252 32.9611358642578 32.9091987609863 31.8788223266602 31.1944236755371 31.1838874816895 30.8754463195801 30.6813812255859
37.1138191223145 36.6567840576172 36.5157890319824 36.6344223022461 36.5145645141602 36.6073913574219 36.6162261962891 36.4910507202148 36.1999397277832 36.340576171875 36.731330871582 37.1384201049805 37.4023704528809 37.5940132141113 37.6437377929688 37.4702491760254 37.1170234680176 36.5313110351562 36.1376152038574 36.3051109313965 36.3293762207031 36.0548286437988 36.2614212036133 35.9319686889648 35.1490707397461 34.5595092773438 33.8268966674805 33.7306632995605 33.9772262573242 33.4596481323242 32.9537773132324 33.7018394470215 34.499641418457 33.6111526489258 32.7516403198242 33.6514129638672 33.7028198242188 33.9481239318848 33.9010391235352 33.6239776611328 33.4798164367676 32.6166343688965 30.9581184387207 30.8111305236816 30.8949127197266 30.8433303833008
36.9785232543945 36.9175567626953 36.6726455688477 36.5317916870117 36.6010971069336 36.6248550415039 36.5995140075684 36.5534782409668 36.5118713378906 36.4545783996582 36.510383605957 37.0653343200684 37.4334907531738 37.5981750488281 37.6128044128418 37.5567054748535 37.2906761169434 36.9147491455078 36.6471786499023 36.5883827209473 36.4852142333984 35.7276763916016 35.6418724060059 35.899715423584 35.9274559020996 35.4085426330566 34.3834533691406 33.9933700561523 33.8979415893555 33.6296348571777 32.5631294250488 33.8319435119629 33.8936767578125 32.6186981201172 31.6487598419189 32.7193183898926 32.7175140380859 33.4823532104492 33.6740570068359 33.3159828186035 33.0378265380859 33.0921974182129 32.3799171447754 32.1171569824219 32.6090278625488 33.7777061462402
36.6098556518555 36.718620300293 36.7022018432617 36.6945190429688 36.7267150878906 36.7160758972168 36.6767425537109 36.6147384643555 36.6765785217285 36.6399230957031 36.6481285095215 37.1221771240234 37.4057960510254 37.582145690918 37.6047744750977 37.6213531494141 37.4980506896973 37.2476959228516 36.9199714660645 36.9618453979492 36.7551383972168 36.4533348083496 35.6581497192383 35.2413711547852 36.0218811035156 35.7706184387207 35.2894477844238 34.7227172851562 34.3240509033203 34.113712310791 33.1682014465332 33.0652618408203 33.8890953063965 33.2888488769531 32.5236358642578 31.9724960327148 32.0734176635742 32.3626022338867 32.628776550293 32.3449172973633 31.799919128418 32.6497535705566 32.1252784729004 33.2411079406738 35.305004119873 36.001522064209
36.2943992614746 36.5093078613281 36.4848098754883 36.4832191467285 36.6950225830078 36.8244781494141 36.8570175170898 36.7902565002441 36.8581733703613 36.909236907959 37.1017990112305 37.2589912414551 37.4054069519043 37.5199165344238 37.5881958007812 37.6471176147461 37.6065711975098 37.4373970031738 37.2532081604004 37.1940574645996 37.0391159057617 36.8704605102539 36.5159149169922 36.2639045715332 36.0529289245605 35.5101203918457 35.8023452758789 35.6565170288086 35.2742309570312 34.4668388366699 33.7445907592773 33.7330551147461 34.1018600463867 34.2907562255859 33.9381103515625 32.5529632568359 30.9818859100342 30.9346866607666 31.0552368164062 31.4471645355225 31.2979793548584 31.9440689086914 31.376672744751 32.3608932495117 34.4416275024414 36.0415802001953
36.3377304077148 36.410831451416 36.2303085327148 36.1002388000488 36.335521697998 36.5888786315918 36.8585052490234 36.9941329956055 37.0693740844727 37.1734924316406 37.2511215209961 37.1619186401367 36.900806427002 37.3302612304688 37.5902061462402 37.6431503295898 37.6383399963379 37.5589179992676 37.4502716064453 37.3714027404785 37.2617607116699 37.135066986084 37.0656471252441 36.351978302002 35.9409675598145 35.8468551635742 35.9385604858398 35.7375106811523 35.5120315551758 34.9059638977051 33.4383430480957 33.6769180297852 34.0334053039551 34.1026878356934 34.2124328613281 33.1505584716797 31.6199779510498 31.3311176300049 31.3650608062744 31.876916885376 31.16943359375 31.5893383026123 32.0545425415039 32.4143028259277 33.4432067871094 34.8059158325195
36.1957130432129 36.1622161865234 36.1705474853516 36.0823516845703 35.9650688171387 36.0298309326172 36.6098098754883 36.7530479431152 36.8920745849609 36.9109420776367 37.1612129211426 37.2814598083496 36.9910202026367 37.2857398986816 37.5438003540039 37.6306419372559 37.6350784301758 37.5562438964844 37.5049896240234 37.453197479248 37.3612251281738 37.2785987854004 37.1557426452637 36.5997047424316 35.6357574462891 35.7591285705566 35.9576797485352 35.6912384033203 35.6258316040039 35.4475440979004 34.5080490112305 34.1249771118164 33.7017364501953 34.0009613037109 34.1549034118652 33.5951614379883 32.3455009460449 32.6723709106445 32.039981842041 32.8632583618164 32.1976051330566 32.3761901855469 32.5098648071289 32.6304664611816 32.615852355957 32.3868141174316
36.7254371643066 35.9801025390625 35.8855857849121 35.821174621582 35.7880973815918 35.9311065673828 36.2989273071289 36.2440376281738 36.5323905944824 36.586799621582 36.6776847839355 36.7544822692871 36.9674034118652 37.2897415161133 37.5042037963867 37.6356658935547 37.6186447143555 37.4788589477539 37.2663459777832 37.148754119873 37.296257019043 37.0805320739746 37.095043182373 37.012622833252 36.4768180847168 36.3563766479492 36.3686828613281 36.1319122314453 35.9287719726562 35.6623306274414 34.8527069091797 34.4233360290527 33.5836334228516 34.0383987426758 34.0825576782227 33.8039321899414 33.2926597595215 33.5508346557617 33.2321090698242 33.5108985900879 33.1953887939453 32.9464263916016 32.7704734802246 32.5867385864258 32.1769180297852 31.8936328887939
37.5442237854004 36.6258735656738 35.7474174499512 35.5714721679688 35.7207260131836 35.9345893859863 35.8582611083984 35.8545341491699 36.2454833984375 36.5873832702637 36.6684036254883 36.6492652893066 36.9137496948242 37.2647514343262 37.5385284423828 37.6118812561035 37.6161079406738 37.5314025878906 37.330207824707 37.064453125 37.140079498291 37.0733642578125 36.974308013916 37.1179962158203 36.9844017028809 36.8527336120605 36.5153961181641 36.2785949707031 36.167064666748 35.8180999755859 35.3524322509766 34.8066864013672 33.7860412597656 33.9603157043457 33.918529510498 33.981803894043 33.8630142211914 33.8233489990234 33.681037902832 33.4581527709961 32.5120124816895 32.3065338134766 32.5339431762695 32.2233276367188 32.0576095581055 31.6412029266357
37.8584327697754 37.2803611755371 36.3052062988281 35.6324348449707 35.6138572692871 35.5995635986328 35.633129119873 36.0335578918457 36.3067321777344 36.1827087402344 36.8979301452637 37.1639442443848 37.2845840454102 37.3964805603027 37.5048027038574 37.5967063903809 37.598949432373 37.5341339111328 37.4089164733887 37.238468170166 37.10986328125 37.0241012573242 36.8017845153809 36.8408088684082 37.0261306762695 36.9994010925293 36.7344207763672 36.1003684997559 35.5119743347168 35.8159027099609 35.4563102722168 35.0912971496582 34.137264251709 33.779842376709 33.5253944396973 33.8734283447266 33.9613380432129 33.8360900878906 33.7778244018555 33.4041900634766 32.5820541381836 32.1059951782227 32.3117294311523 31.8696174621582 31.7578983306885 31.6423301696777
37.8622512817383 37.6630325317383 37.1411552429199 36.4151191711426 35.7883186340332 35.4320106506348 35.6202354431152 35.9888229370117 36.0374908447266 36.3864212036133 37.0529899597168 37.3208427429199 37.4616928100586 37.5748252868652 37.5916786193848 37.6144332885742 37.4727249145508 37.4801559448242 37.4801635742188 37.3812675476074 37.2440071105957 37.0531539916992 36.8164901733398 36.7129936218262 36.8301773071289 36.8686141967773 36.9072189331055 36.6328735351562 36.296028137207 36.1162757873535 35.469612121582 35.2734527587891 34.2834701538086 33.7949028015137 33.0638809204102 33.6090965270996 33.7557487487793 33.7371215820312 33.7865142822266 33.5601196289062 32.9395523071289 32.7312850952148 32.6052703857422 32.3440361022949 31.9530277252197 31.7358779907227
37.8360023498535 37.7969589233398 37.5035552978516 36.7313575744629 36.048225402832 35.7146110534668 35.6656341552734 35.7607650756836 35.4699363708496 35.6477432250977 36.6414108276367 37.1055946350098 37.3068656921387 37.5372543334961 37.6297874450684 37.5796394348145 37.480281829834 37.4725303649902 37.4246673583984 37.4033699035645 37.2844123840332 37.1556434631348 37.0260353088379 36.7795372009277 36.6349411010742 36.5545463562012 36.5018615722656 36.6277160644531 36.357837677002 36.4843139648438 36.5000190734863 35.5749931335449 34.8693237304688 34.3350639343262 33.7463188171387 33.8893852233887 33.8312835693359 33.6161918640137 33.7705421447754 33.6442642211914 33.0535583496094 32.8532066345215 32.7085800170898 32.4810180664062 31.8925476074219 31.6586666107178
37.6480026245117 37.7348709106445 37.5694618225098 36.4448432922363 35.5117225646973 35.4770088195801 35.5988922119141 35.4363098144531 35.1348037719727 35.2886810302734 36.5735626220703 37.1170196533203 37.3625373840332 37.5698204040527 37.5758247375488 37.5126762390137 37.4905433654785 37.4156761169434 37.3597221374512 37.3452644348145 37.3476524353027 37.2756500244141 37.0815124511719 36.8388252258301 36.573112487793 36.3785667419434 36.3386459350586 36.2762222290039 36.2586898803711 36.1277275085449 36.3372802734375 36.1802291870117 35.5147094726562 34.7880020141602 34.2649803161621 34.6461524963379 34.5759086608887 34.008716583252 33.7677917480469 33.8351821899414 33.6326904296875 33.3174133300781 32.940544128418 32.6389083862305 32.2296142578125 31.7639198303223
37.4316253662109 37.5093154907227 37.6354598999023 37.1371650695801 35.9745063781738 35.5704727172852 35.9820327758789 35.395923614502 35.2098007202148 35.3033447265625 36.542179107666 37.2379035949707 37.47802734375 37.5777587890625 37.4898109436035 37.3739471435547 37.3587074279785 37.3806838989258 37.3348388671875 37.2047233581543 37.2516899108887 37.3165473937988 37.1432876586914 36.9580154418945 36.723087310791 36.5267639160156 36.1128425598145 35.8831977844238 35.4664306640625 35.8555755615234 35.6525573730469 36.272590637207 36.3124694824219 35.9022407531738 35.3212471008301 35.3467445373535 34.9083862304688 34.4861221313477 34.1145629882812 34.5382652282715 34.0401306152344 33.7096252441406 33.512767791748 33.3365173339844 32.9988822937012 32.8103790283203
37.3012390136719 37.2628860473633 37.4739074707031 37.4860076904297 36.9764747619629 36.6995506286621 36.6327095031738 36.2198257446289 35.9789352416992 35.9873847961426 36.2031326293945 36.6637954711914 37.3991966247559 37.5427169799805 37.3979301452637 37.292049407959 37.2732925415039 37.3230361938477 37.270622253418 37.1880302429199 37.2035636901855 37.3102149963379 37.2446899414062 37.0309638977051 36.8958587646484 36.6741523742676 36.2887306213379 36.0290641784668 35.5417098999023 35.7945442199707 35.0578117370605 35.5378913879395 35.7921333312988 35.8049736022949 35.9315223693848 35.7789268493652 35.419116973877 35.2404327392578 34.7103652954102 34.1219520568848 34.0237274169922 34.0648460388184 33.773853302002 33.5325469970703 33.5116653442383 33.3282585144043
37.4153594970703 37.4028205871582 37.4602813720703 37.4930839538574 37.3563423156738 36.6657371520996 36.6733856201172 36.7415008544922 36.488395690918 36.4348335266113 36.7157325744629 37.1196632385254 37.4749183654785 37.5457801818848 37.4267616271973 37.2138481140137 37.2659111022949 37.2540588378906 37.0243301391602 36.9941368103027 37.1346282958984 37.211254119873 37.2588233947754 37.1392440795898 36.9938468933105 36.8125648498535 36.577522277832 36.2740745544434 36.072998046875 35.8816261291504 35.3872108459473 34.9634857177734 35.1056976318359 35.0516777038574 35.5474128723145 35.1949424743652 35.4885864257812 35.2046394348145 34.7815971374512 34.2943725585938 34.0136032104492 33.750919342041 33.1863059997559 32.4969482421875 33.1462936401367 33.3494186401367
37.552173614502 37.5198440551758 37.487232208252 37.4677429199219 37.294261932373 36.3986854553223 36.1598777770996 36.6463737487793 36.5152206420898 36.1489410400391 36.4722862243652 37.213493347168 37.500129699707 37.5253067016602 37.4216232299805 37.2072715759277 37.1893882751465 36.9562835693359 36.6647834777832 36.8143272399902 37.1355056762695 37.1364822387695 37.2144470214844 37.1935501098633 36.9987487792969 36.9169883728027 36.7035675048828 36.3752059936523 36.2651100158691 35.998348236084 35.5219841003418 34.7436866760254 34.3885192871094 34.5391273498535 35.0483474731445 35.1939544677734 34.7578582763672 34.3480377197266 34.5596046447754 34.4669494628906 34.0634307861328 33.7809104919434 33.159065246582 32.2079772949219 32.7099075317383 33.1213607788086
37.6236152648926 37.5728607177734 37.5198822021484 37.4793853759766 37.4305572509766 37.0447311401367 36.5340194702148 36.2540092468262 36.2549743652344 36.0074729919434 36.5429649353027 37.2360038757324 37.4846725463867 37.4877700805664 37.3850517272949 37.1744346618652 36.9834861755371 36.7540664672852 36.6194915771484 36.9099235534668 37.0412139892578 37.1050262451172 37.054931640625 37.1539077758789 37.0771293640137 36.9666595458984 36.767650604248 36.4597206115723 36.3132591247559 36.0803489685059 35.6031455993652 35.3619689941406 34.8319320678711 34.6042137145996 34.5289115905762 34.6855964660645 34.9757995605469 34.791015625 34.3668899536133 34.1222534179688 33.8770980834961 33.6362686157227 33.3396339416504 32.9624328613281 32.2143325805664 32.5350646972656
37.6812324523926 37.6134834289551 37.5588226318359 37.5401000976562 37.4533462524414 37.2120666503906 36.8919448852539 36.2366256713867 36.1084823608398 36.3126220703125 36.8252639770508 37.2852249145508 37.4484214782715 37.432300567627 37.2809600830078 37.0902938842773 36.754997253418 36.6613883972168 36.7758483886719 36.8002243041992 36.9519653320312 36.8817443847656 36.6739311218262 36.941520690918 37.1258964538574 36.9824600219727 36.7335968017578 36.5581359863281 36.3978004455566 36.2671394348145 36.0387573242188 35.7806854248047 35.4190483093262 35.3437118530273 34.9613952636719 34.5627212524414 34.6659317016602 34.7368278503418 34.4608726501465 34.2749328613281 34.1012763977051 33.819164276123 33.1112823486328 32.6584587097168 32.7916526794434 32.7997360229492
37.7054634094238 37.7050590515137 37.643238067627 37.5973892211914 37.4678840637207 37.3410339355469 37.2190628051758 36.8137817382812 36.2865104675293 36.3877487182617 36.5637855529785 36.8928184509277 37.2010765075684 37.245002746582 37.1714324951172 37.0100555419922 36.7746887207031 36.6275215148926 36.4965896606445 36.5370788574219 36.788257598877 36.7886505126953 36.5124969482422 36.9403076171875 37.1584815979004 37.0267868041992 36.8403739929199 36.6636009216309 36.567008972168 36.4287910461426 36.2830467224121 36.0301284790039 35.6565132141113 35.8738975524902 35.713062286377 35.278190612793 34.7575569152832 34.6168403625488 34.7396125793457 35.1904754638672 34.3296928405762 34.0086212158203 33.538200378418 32.7442893981934 32.650276184082 32.4978790283203
