inst/extdata/Tmax/Tmax62.asc
NCOLS 100 
NROWS 79 
XLLCORNER 148.06 
YLLCORNER -21.49 
CELLSIZE 0.01 
NODATA_value -3.4e+38 
[rows 0 to 19 of 79, columns 46 to 91 of 100]
31.50634765625 31.3486728668213 31.2606754302979 31.2651176452637 31.2528324127197 31.1525287628174 31.3376998901367 31.1876907348633 31.0190887451172 30.8653430938721 30.7925643920898 30.549409866333 30.4562530517578 30.6445903778076 30.8739547729492 30.7921772003174 30.66530418396 30.4936962127686 30.2054233551025 30.0080947875977 29.8614883422852 -3.4e+38 -3.4e+38 -3.4e+38 -3.4e+38 -3.4e+38 -3.4e+38 -3.4e+38 -3.4e+38 -3.4e+38 -3.4e+38 -3.4e+38 -3.4e+38 -3.4e+38 -3.4e+38 -3.4e+38 -3.4e+38 -3.4e+38 -3.4e+38 -3.4e+38 -3.4e+38 -3.4e+38 -3.4e+38 -3.4e+38 -3.4e+38 -3.4e+38
31.476390838623 31.2267436981201 31.0272064208984 31.2590141296387 31.4076442718506 31.4155216217041 31.3723583221436 31.2847061157227 30.9846858978271 30.5937175750732 30.7129421234131 30.2349987030029 30.6812686920166 30.9448051452637 30.9166622161865 30.8268127441406 30.7163829803467 30.5795402526855 30.3855571746826 30.2798538208008 30.178108215332 30.0277843475342 -3.4e+38 -3.4e+38 -3.4e+38 -3.4e+38 -3.4e+38 -3.4e+38 -3.4e+38 -3.4e+38 -3.4e+38 -3.4e+38 -3.4e+38 -3.4e+38 -3.4e+38 -3.4e+38 -3.4e+38 -3.4e+38 -3.4e+38 -3.4e+38 -3.4e+38 -3.4e+38 -3.4e+38 -3.4e+38 -3.4e+38 -3.4e+38
31.4028434753418 30.7384853363037 29.9976558685303 31.2294254302979 31.4076976776123 31.4219303131104 31.4021949768066 31.3540000915527 31.1493721008301 30.6235885620117 30.7069873809814 30.8246040344238 30.8874320983887 31.0139846801758 30.9751605987549 30.8824501037598 30.7937431335449 30.6945095062256 30.5680160522461 30.3574256896973 30.3175296783447 30.1293907165527 29.8736438751221 29.5533294677734 -3.4e+38 -3.4e+38 -3.4e+38 -3.4e+38 -3.4e+38 -3.4e+38 -3.4e+38 -3.4e+38 -3.4e+38 -3.4e+38 -3.4e+38 -3.4e+38 -3.4e+38 -3.4e+38 -3.4e+38 -3.4e+38 -3.4e+38 -3.4e+38 -3.4e+38 -3.4e+38 -3.4e+38 -3.4e+38
31.0132999420166 31.0753173828125 30.111307144165 31.1167888641357 31.2917766571045 31.3453941345215 31.3963432312012 31.3093757629395 31.1923370361328 30.8954048156738 30.8038711547852 30.5714740753174 30.8770427703857 30.9863224029541 31.0007705688477 30.9110660552979 30.8537921905518 30.7845897674561 30.6520557403564 30.3114395141602 30.131368637085 30.1139240264893 30.0267486572266 29.9251022338867 29.7368946075439 29.2854194641113 -3.4e+38 -3.4e+38 -3.4e+38 -3.4e+38 -3.4e+38 -3.4e+38 -3.4e+38 -3.4e+38 -3.4e+38 -3.4e+38 -3.4e+38 -3.4e+38 -3.4e+38 -3.4e+38 -3.4e+38 -3.4e+38 -3.4e+38 -3.4e+38 -3.4e+38 -3.4e+38
31.0026626586914 31.030345916748 29.9635448455811 30.1745796203613 30.8811798095703 31.3342189788818 31.4057540893555 31.2803001403809 31.2533378601074 30.9719619750977 30.7101039886475 30.5351181030273 30.1867904663086 30.7527751922607 30.971549987793 30.893611907959 30.9183902740479 30.8688564300537 30.6448440551758 29.9596271514893 29.4815654754639 30.1312637329102 30.182243347168 30.1023406982422 29.8328838348389 29.500955581665 -3.4e+38 -3.4e+38 -3.4e+38 -3.4e+38 -3.4e+38 -3.4e+38 -3.4e+38 -3.4e+38 -3.4e+38 -3.4e+38 -3.4e+38 -3.4e+38 -3.4e+38 -3.4e+38 -3.4e+38 -3.4e+38 -3.4e+38 -3.4e+38 -3.4e+38 -3.4e+38
30.2476615905762 30.9092655181885 29.5437107086182 28.9829292297363 30.5585269927979 31.3980655670166 31.3365745544434 31.285213470459 31.2354965209961 30.8714370727539 30.0519332885742 29.7486476898193 30.0432281494141 30.8716526031494 30.7828426361084 30.9296321868896 30.9680500030518 30.8981189727783 30.8040618896484 30.2155055999756 29.539794921875 29.5854377746582 30.0290050506592 30.0548706054688 29.9919586181641 29.8633918762207 -3.4e+38 -3.4e+38 -3.4e+38 -3.4e+38 -3.4e+38 -3.4e+38 -3.4e+38 -3.4e+38 -3.4e+38 -3.4e+38 -3.4e+38 -3.4e+38 -3.4e+38 -3.4e+38 -3.4e+38 -3.4e+38 -3.4e+38 -3.4e+38 -3.4e+38 -3.4e+38
29.4456310272217 30.8895473480225 30.3349761962891 30.2631855010986 31.1290264129639 31.3637275695801 31.2064018249512 31.1065406799316 31.2397422790527 30.8065414428711 30.1600780487061 30.1480274200439 30.7383766174316 30.8477554321289 30.0198554992676 30.8116149902344 30.859317779541 30.8542594909668 30.875955581665 30.6149978637695 30.2624187469482 29.9983310699463 30.1751976013184 29.9308032989502 30.1273097991943 30.1251621246338 29.9844532012939 29.6767272949219 -3.4e+38 -3.4e+38 -3.4e+38 -3.4e+38 -3.4e+38 -3.4e+38 -3.4e+38 -3.4e+38 -3.4e+38 -3.4e+38 -3.4e+38 -3.4e+38 -3.4e+38 -3.4e+38 -3.4e+38 -3.4e+38 -3.4e+38 -3.4e+38
28.705207824707 30.9093151092529 31.3118762969971 31.1433086395264 30.2504997253418 30.4836387634277 31.0375328063965 31.1698684692383 31.3070869445801 31.1361255645752 30.7826194763184 30.403341293335 30.423038482666 30.6147556304932 30.2062568664551 30.8279247283936 30.1777019500732 30.1332149505615 30.7580623626709 30.8597240447998 30.7010459899902 30.4513912200928 30.3373394012451 30.3623085021973 30.3166637420654 30.263988494873 30.0553283691406 29.8688278198242 29.553653717041 29.0514793395996 29.0448608398438 -3.4e+38 -3.4e+38 -3.4e+38 -3.4e+38 -3.4e+38 -3.4e+38 -3.4e+38 -3.4e+38 -3.4e+38 -3.4e+38 -3.4e+38 -3.4e+38 -3.4e+38 -3.4e+38 -3.4e+38
28.6444454193115 30.484245300293 31.322681427002 31.2218933105469 30.4581336975098 29.1191310882568 30.3305912017822 31.2484607696533 31.3114643096924 31.2065086364746 31.0690002441406 30.8303260803223 30.8438358306885 30.6832790374756 30.2077960968018 30.141773223877 29.7516593933105 30.4389953613281 30.7043781280518 30.7567386627197 30.7570667266846 30.4195899963379 30.0502624511719 29.7436599731445 30.3479671478271 30.3596382141113 30.2168960571289 30.0394058227539 29.9000930786133 29.3693618774414 29.1328048706055 29.2548561096191 -3.4e+38 -3.4e+38 -3.4e+38 -3.4e+38 -3.4e+38 -3.4e+38 -3.4e+38 -3.4e+38 -3.4e+38 -3.4e+38 -3.4e+38 -3.4e+38 -3.4e+38 -3.4e+38
29.4795665740967 30.4919815063477 31.2064838409424 31.1978454589844 31.1730194091797 29.9445343017578 30.2145137786865 31.1646251678467 31.3180675506592 31.2085781097412 31.0314483642578 30.7991142272949 30.6833038330078 30.7762260437012 30.1724033355713 29.8940029144287 29.8145694732666 30.8240432739258 30.6758213043213 30.3937721252441 30.7361679077148 30.6845531463623 30.4943466186523 30.1687450408936 30.507495880127 30.430347442627 30.2690277099609 30.2879295349121 30.1119422912598 29.7857246398926 29.2616233825684 29.2728118896484 -3.4e+38 -3.4e+38 -3.4e+38 -3.4e+38 -3.4e+38 -3.4e+38 -3.4e+38 -3.4e+38 -3.4e+38 -3.4e+38 -3.4e+38 -3.4e+38 -3.4e+38 -3.4e+38
28.6363658905029 30.3489322662354 30.696704864502 30.5036525726318 30.8203105926514 31.0633201599121 30.800365447998 31.1911430358887 31.279899597168 31.1866569519043 31.0348587036133 30.8711109161377 30.6858654022217 31.0058708190918 30.8607959747314 30.7718353271484 30.8243350982666 31.0072975158691 30.9972705841064 30.5025043487549 30.0806484222412 30.6672687530518 30.8169231414795 30.3457889556885 30.3413581848145 30.1910743713379 30.1442260742188 30.3901138305664 30.2135353088379 29.9056930541992 -3.4e+38 -3.4e+38 -3.4e+38 -3.4e+38 -3.4e+38 -3.4e+38 -3.4e+38 -3.4e+38 -3.4e+38 -3.4e+38 -3.4e+38 -3.4e+38 -3.4e+38 -3.4e+38 -3.4e+38 -3.4e+38
28.0175609588623 28.9366035461426 29.2485237121582 29.0071449279785 29.9745273590088 30.5937118530273 30.9336204528809 31.1905651092529 31.1894626617432 31.1122264862061 30.9485340118408 30.7799263000488 30.6443614959717 31.2099056243896 31.1996479034424 31.068775177002 31.0737438201904 31.1520557403564 31.1845836639404 31.0899753570557 30.7430381774902 30.5403347015381 30.8713073730469 30.686408996582 30.4532699584961 30.5409355163574 30.542121887207 30.276782989502 30.1345291137695 29.9354438781738 -3.4e+38 -3.4e+38 -3.4e+38 -3.4e+38 -3.4e+38 -3.4e+38 -3.4e+38 -3.4e+38 -3.4e+38 -3.4e+38 -3.4e+38 -3.4e+38 -3.4e+38 -3.4e+38 -3.4e+38 -3.4e+38
28.0223369598389 27.1044979095459 26.5323848724365 26.6617832183838 28.6962203979492 29.2242259979248 30.3908596038818 30.7259292602539 31.0216732025146 30.9199810028076 30.7241554260254 31.0294284820557 31.0330772399902 30.9392204284668 31.3421478271484 31.3190155029297 31.2588672637939 31.2646350860596 31.2733345031738 31.2539196014404 31.205114364624 31.1193790435791 30.9761447906494 30.9114875793457 30.6203575134277 30.6727714538574 30.6300487518311 30.3541259765625 30.0751209259033 29.9302616119385 29.7516117095947 29.4078102111816 -3.4e+38 -3.4e+38 -3.4e+38 -3.4e+38 -3.4e+38 -3.4e+38 -3.4e+38 -3.4e+38 -3.4e+38 -3.4e+38 -3.4e+38 -3.4e+38 -3.4e+38 -3.4e+38
28.033374786377 27.2972755432129 26.464973449707 25.9725971221924 26.5343971252441 27.3298587799072 29.1632270812988 30.318323135376 31.0021171569824 30.843879699707 30.3866176605225 30.9505825042725 31.2536106109619 31.2971858978271 31.3148651123047 31.3338565826416 31.3569221496582 31.3455429077148 31.3247165679932 31.29248046875 31.2567558288574 31.1832427978516 31.1028308868408 31.0130653381348 30.7802028656006 30.7908973693848 30.6826782226562 30.4689159393311 30.2140960693359 30.1174011230469 30.027172088623 29.8595867156982 29.5243492126465 -3.4e+38 -3.4e+38 -3.4e+38 -3.4e+38 29.0347728729248 29.0559883117676 -3.4e+38 -3.4e+38 -3.4e+38 -3.4e+38 -3.4e+38 -3.4e+38 -3.4e+38
28.5989856719971 27.3879489898682 26.566780090332 26.2207775115967 26.7357864379883 26.5149993896484 27.6490726470947 29.3180961608887 30.5780048370361 30.9363574981689 29.9244117736816 30.7171497344971 31.1286773681641 30.7079696655273 30.7889270782471 31.1694202423096 31.2645606994629 31.3296146392822 31.2815608978271 31.1612796783447 31.1900119781494 31.1282958984375 31.1210346221924 31.0631237030029 30.9790058135986 30.8341464996338 30.7194843292236 30.5705223083496 30.4273090362549 30.3245010375977 30.266056060791 30.0905704498291 29.6882629394531 -3.4e+38 -3.4e+38 -3.4e+38 -3.4e+38 29.1383857727051 29.0867137908936 29.2147121429443 29.1940994262695 29.0327396392822 -3.4e+38 -3.4e+38 -3.4e+38 -3.4e+38
28.566650390625 27.3699684143066 26.6116714477539 27.0359992980957 26.8408241271973 27.2303714752197 26.996410369873 28.3631687164307 30.4100780487061 31.0883636474609 30.1363048553467 30.1031112670898 30.8611354827881 29.1338520050049 30.0839366912842 30.4422416687012 30.9527587890625 31.304027557373 31.2832508087158 31.1954574584961 31.185583114624 31.1509075164795 31.1492938995361 31.0910339355469 31.0156936645508 30.7775573730469 30.7383213043213 30.6612510681152 30.5936374664307 30.5332794189453 30.416919708252 30.238561630249 30.025354385376 -3.4e+38 -3.4e+38 29.7607078552246 29.5136451721191 29.2239036560059 29.1064472198486 28.9148540496826 29.0227642059326 29.1890964508057 -3.4e+38 -3.4e+38 -3.4e+38 -3.4e+38
27.2694664001465 26.097017288208 26.0547714233398 27.2795219421387 27.611457824707 27.5348300933838 27.1392230987549 27.4897174835205 29.7275638580322 30.9244976043701 30.9428825378418 30.1774730682373 30.6611099243164 29.3866024017334 29.3983669281006 29.4596691131592 30.6813678741455 31.2972736358643 31.3045749664307 31.3133964538574 31.3088493347168 31.2419967651367 31.1873378753662 30.9601573944092 30.9514465332031 30.8351173400879 30.805419921875 30.7837028503418 30.7401313781738 30.6434879302979 30.5314178466797 30.3984413146973 30.2717399597168 -3.4e+38 30.0853443145752 30.0561466217041 29.962911605835 -3.4e+38 29.2404975891113 -3.4e+38 28.9805812835693 -3.4e+38 -3.4e+38 -3.4e+38 -3.4e+38 -3.4e+38
27.2406768798828 25.8801727294922 25.1999053955078 27.6650505065918 27.8717613220215 27.2641010284424 26.8986778259277 27.026834487915 28.5213069915771 30.6715278625488 30.7791652679443 30.3881702423096 30.4995632171631 30.6028842926025 29.9869079589844 31.0090465545654 31.2159538269043 31.3063354492188 31.3351802825928 31.3182353973389 31.3093509674072 31.262149810791 31.2202301025391 31.1286506652832 31.1052303314209 31.0295581817627 30.9751949310303 30.9193382263184 30.8076992034912 30.7610397338867 30.6747703552246 30.580005645752 30.492259979248 30.4032459259033 30.3465957641602 30.3280010223389 30.143404006958 -3.4e+38 -3.4e+38 -3.4e+38 -3.4e+38 -3.4e+38 -3.4e+38 29.1937808990479 -3.4e+38 -3.4e+38
28.9277687072754 28.6333599090576 26.5968284606934 28.0523014068604 26.6488914489746 26.6578483581543 27.0783157348633 27.3707752227783 29.3348121643066 30.6382160186768 30.368444442749 29.8023509979248 30.60791015625 30.9849224090576 31.0778751373291 31.1309661865234 31.237361907959 30.9412803649902 31.0793304443359 31.2239627838135 31.1990070343018 31.2182579040527 31.2186508178711 31.1828269958496 31.1472091674805 31.0945625305176 31.0511627197266 30.9155941009521 30.6020851135254 30.7007331848145 30.7684898376465 30.724084854126 30.6616840362549 30.5713310241699 30.523946762085 30.4371929168701 30.2700061798096 30.1123886108398 29.9690399169922 29.8822822570801 29.8699550628662 29.738956451416 29.4302787780762 29.190071105957 -3.4e+38 -3.4e+38
29.0100345611572 28.2184219360352 28.8423519134521 28.6709041595459 27.3336410522461 27.3731784820557 27.0046100616455 27.2105941772461 29.1414337158203 30.3725643157959 30.7571296691895 30.5438423156738 30.8601341247559 31.1259021759033 31.0078277587891 30.8780860900879 31.0521602630615 30.801965713501 30.6499729156494 30.8081436157227 31.1051654815674 31.1534194946289 31.1661148071289 31.190616607666 31.1844863891602 31.1466045379639 31.0889320373535 30.901008605957 30.6461715698242 30.8114318847656 30.7765712738037 30.8372917175293 30.7252292633057 30.6641025543213 30.616283416748 30.4736499786377 30.3656883239746 30.2900524139404 30.2294540405273 30.1798286437988 30.1386413574219 29.9891662597656 29.5922336578369 29.1264152526855 29.163330078125 -3.4e+38
