inst/extdata/Tmax/Tmax86.asc
NCOLS 100 
NROWS 79 
XLLCORNER 148.06 
YLLCORNER -21.49 
CELLSIZE 0.01 
NODATA_value -3.4e+38 
[rows 40 to 59 of 79, columns 0 to 45 of 100]
28.661157608032202 28.3810844421387 28.4067440032959 28.4372577667236 28.3109836578369 28.4248466491699 28.373067855835 28.1646766662598 27.6781597137451 28.1158924102783 28.7701473236084 29.1023979187012 29.1398239135742 29.1928176879883 29.261043548584 29.0391616821289 28.7589168548584 28.3840999603271 27.7849617004395 28.2927017211914 28.2811698913574 28.1681499481201 28.1064453125 27.7038459777832 26.8048305511475 26.1644306182861 25.9746417999268 26.0606174468994 26.1766777038574 25.5506935119629 24.9202499389648 25.3355331420898 26.5868148803711 26.3197784423828 26.0662117004395 26.3932971954346 26.3044967651367 25.9869041442871 25.7715721130371 25.3299655914307 25.2905921936035 24.4482021331787 23.880802154541 23.8756790161133 23.626012802124 23.4703140258789
28.8194923400879 28.415563583374 28.2813777923584 28.3865509033203 28.2795124053955 28.3617839813232 28.3664436340332 28.2547836303711 27.9963397979736 28.1207523345947 28.4684448242188 28.830680847168 29.0692386627197 29.2435398101807 29.2892208099365 29.1317672729492 28.8178977966309 28.2849807739258 27.9405746459961 28.08913230896 28.1140022277832 27.8769836425781 28.059383392334 27.7782726287842 27.1127834320068 26.6184711456299 26.013952255249 25.928768157959 26.1374282836914 25.7099285125732 25.2941188812256 25.9146461486816 26.5860805511475 25.846061706543 25.1369476318359 25.8868179321289 25.9301586151123 26.1389789581299 26.103515625 25.8759994506836 25.7597846984863 25.0523433685303 23.6827793121338 23.5658340454102 23.6382255554199 23.599645614624
28.6889781951904 28.6394443511963 28.4122695922852 28.2866897583008 28.3480377197266 28.3689651489258 28.3432483673096 28.3021621704102 28.2651023864746 28.2141647338867 28.2637519836426 28.7568550109863 29.0893421173096 29.2393169403076 29.2531890869141 29.2027492523193 28.9674644470215 28.6210193634033 28.3833503723145 28.3359680175781 28.2498168945312 27.5963840484619 27.5265064239502 27.7512912750244 27.7789649963379 27.3381481170654 26.4807167053223 26.1496143341064 26.0734176635742 25.8534812927246 24.9745578765869 26.0255088806152 26.0806274414062 25.0269317626953 24.2326583862305 25.1169853210449 25.115743637085 25.753490447998 25.9172286987305 25.6230869293213 25.3961772918701 25.4503307342529 24.8566074371338 24.6439018249512 25.0542144775391 26.0654392242432
28.3317890167236 28.4336204528809 28.4104652404785 28.4034423828125 28.4319496154785 28.4223937988281 28.384449005127 28.3292999267578 28.3843784332275 28.3518600463867 28.3593349456787 28.7807655334473 29.0369873046875 29.1974830627441 29.2187824249268 29.2346820831299 29.1289730072021 28.8947639465332 28.6037979125977 28.6447219848633 28.4672088623047 28.2047176361084 27.5229663848877 27.1717529296875 27.8429565429688 27.6307468414307 27.2288703918457 26.7447834014893 26.4136047363281 26.2412776947021 25.4590225219727 25.3741035461426 26.061695098877 25.5663986206055 24.9377346038818 24.4879035949707 24.5711421966553 24.8128337860107 25.0361614227295 24.8059253692627 24.3613471984863 25.0706329345703 24.6337203979492 25.5611171722412 27.5279788970947 28.2624282836914
28.0350112915039 28.2301940917969 28.2000160217285 28.198486328125 28.3863639831543 28.5016212463379 28.5278625488281 28.4684906005859 28.5292778015137 28.5751724243164 28.7479972839355 28.8870296478271 29.0198020935059 29.1242427825928 29.187105178833 29.2417011260986 29.2114162445068 29.0503730773926 28.8892135620117 28.8411407470703 28.7084617614746 28.5612907409668 28.2551574707031 28.0403366088867 27.8620681762695 27.4004974365234 27.6599597930908 27.53076171875 27.2085971832275 26.5306186676025 25.931131362915 25.922061920166 26.2335166931152 26.3957366943359 26.1048011779785 24.9605445861816 23.671688079834 23.6366157531738 23.7389259338379 24.0637798309326 23.9453582763672 24.484790802002 24.0144958496094 24.8281059265137 26.6442375183105 28.2820301055908
28.0560035705566 28.1257743835449 27.9581527709961 27.8436622619629 28.0508728027344 28.275032043457 28.5120124816895 28.6333618164062 28.7010803222656 28.7949161529541 28.8652763366699 28.7829303741455 28.5496711730957 28.936092376709 29.1724338531494 29.2216491699219 29.2239646911621 29.1480617523193 29.0556182861328 28.9899616241455 28.8971004486084 28.7865085601807 28.7297744750977 28.1089572906494 27.7581062316895 27.6814746856689 27.7699432373047 27.5932025909424 27.4045696258545 26.8940124511719 25.6711025238037 25.8696460723877 26.1705837249756 26.2326126098633 26.3287506103516 25.4490852355957 24.1898460388184 23.9569702148438 23.9886112213135 24.4123802185059 23.8362350463867 24.1894817352295 24.5675640106201 24.8682804107666 25.7257232666016 27.0136241912842
27.9139194488525 27.889778137207 27.8887634277344 27.8113327026367 27.7131614685059 27.7711029052734 28.2740268707275 28.4015197753906 28.5257415771484 28.5431251525879 28.7676887512207 28.8737373352051 28.6183757781982 28.8816337585449 29.1147861480713 29.1967525482178 29.210786819458 29.1366500854492 29.0956020355225 29.0541725158691 28.9770488739014 28.9055480957031 28.8013954162598 28.3169384002686 27.4892673492432 27.5990676879883 27.779317855835 27.5466747283936 27.4951992034912 27.3474063873291 26.5569953918457 26.2372512817383 25.888765335083 26.142204284668 26.275218963623 25.8128623962402 24.7810611724854 25.0544013977051 24.5381488800049 25.2206554412842 24.6761493682861 24.83251953125 24.9388656616211 25.0429668426514 25.0355262756348 24.8510837554932
28.37327003479 27.7266445159912 27.6405982971191 27.5886135101318 27.5632972717285 27.6874866485596 28.0012245178223 27.9573574066162 28.208423614502 28.2588691711426 28.3410987854004 28.4084072113037 28.5978031158447 28.8849792480469 29.0792999267578 29.2010459899902 29.1959838867188 29.0676155090332 28.8835372924805 28.7842330932617 28.9197387695312 28.7306118011475 28.7484111785889 28.6806163787842 28.2157859802246 28.1158618927002 28.1367568969727 27.9279346466064 27.7574634552002 27.5334186553955 26.8498821258545 26.4899826049805 25.7940940856934 26.1768321990967 26.2182102203369 25.9903259277344 25.5668334960938 25.78564453125 25.5257377624512 25.7618160247803 25.5045299530029 25.3080196380615 25.1588230133057 25.0117378234863 24.6785316467285 24.4500637054443
29.0756549835205 28.2631931304932 27.5051040649414 27.3592147827148 27.4879417419434 27.6720237731934 27.6071300506592 27.6070346832275 27.9434223175049 28.2407321929932 28.3144397735596 28.2985324859619 28.5320835113525 28.8438396453857 29.0905990600586 29.1605739593506 29.1747093200684 29.095630645752 28.9216346740723 28.6916236877441 28.7631874084473 28.7064037322998 28.6241188049316 28.7561321258545 28.6433544158936 28.5326461791992 28.2478561401367 28.0386238098145 27.9471035003662 27.6512470245361 27.2580261230469 26.7974700927734 25.9479427337646 26.0974655151367 26.0672245025635 26.1246681213379 26.0272026062012 25.9989566802979 25.8852214813232 25.7046852111816 24.9268836975098 24.7673778533936 24.9510440826416 24.699857711792 24.568265914917 24.230827331543
29.3410224914551 28.8272647857666 27.970287322998 27.4023532867432 27.3894634246826 27.3802623748779 27.4084243774414 27.7509155273438 27.9874687194824 27.8847942352295 28.5047149658203 28.7379760742188 28.8481330871582 28.9512004852295 29.0517063140869 29.1381607055664 29.15061378479 29.0894470214844 28.9830741882324 28.8370208740234 28.7284851074219 28.6550979614258 28.4649524688721 28.5042877197266 28.6727046966553 28.6546077728271 28.4324207305908 27.877721786499 27.3780612945557 27.6431217193604 27.3405818939209 27.0323638916016 26.2353439331055 25.9423179626465 25.7357044219971 26.0296173095703 26.1045989990234 26.0050659179688 25.9614582061768 25.6557083129883 24.9808044433594 24.5989246368408 24.7644691467285 24.4058094024658 24.3188877105713 24.2288513183594
29.3263626098633 29.152853012085 28.6815605163574 28.0584869384766 27.5285930633545 27.2312698364258 27.3895816802979 27.7047233581543 27.7493076324463 28.0507011413574 28.6309585571289 28.8668766021729 28.9954986572266 29.1003456115723 29.1200618743896 29.1452007293701 29.0296669006348 29.0329132080078 29.0380668640137 28.9554061889648 28.8390197753906 28.6729316711426 28.4703350067139 28.3850173950195 28.4929389953613 28.5321998596191 28.5773067474365 28.333776473999 28.0458908081055 27.8957195281982 27.3460960388184 27.1813125610352 26.352388381958 25.9500255584717 25.3495407104492 25.8053016662598 25.9287910461426 25.9182453155518 25.9644203186035 25.7811832427979 25.2720813751221 25.1102428436279 25.0029640197754 24.7927761077881 24.4762001037598 24.3028945922852
29.2846412658691 29.2557907104492 28.9889640808105 28.3211708068848 27.7405452728271 27.4613361358643 27.4199829101562 27.5033073425293 27.2611865997314 27.4141635894775 28.2652339935303 28.6693019866943 28.8501205444336 29.0581836700439 29.1452159881592 29.1055850982666 29.0279102325439 29.0177879333496 28.9805221557617 28.9669647216797 28.8669013977051 28.7556228637695 28.6468296051025 28.4359645843506 28.3150787353516 28.2504711151123 28.2155418395996 28.3226261138916 28.0931816101074 28.2090644836426 28.2287464141846 27.432689666748 26.8391227722168 26.3955764770508 25.9098949432373 26.0337429046631 25.987247467041 25.8134994506836 25.9470024108887 25.8472080230713 25.3626537322998 25.2074451446533 25.0849075317383 24.9025058746338 24.4237060546875 24.2368946075439
29.1115245819092 29.1970653533936 29.0465812683105 28.0759296417236 27.2888793945312 27.2626075744629 27.3647861480713 27.2311058044434 26.9815425872803 27.1134548187256 28.2074298858643 28.6796379089355 28.8994216918945 29.0873069763184 29.0975608825684 29.046573638916 29.0376129150391 28.9680290222168 28.9237785339355 28.9163780212402 28.9240074157715 28.8629245758057 28.6971054077148 28.489538192749 28.2631511688232 28.0997333526611 28.076078414917 28.0191879272461 28.0097217559814 27.9022350311279 28.0896987915039 27.9564533233643 27.3901042938232 26.7795848846436 26.3460655212402 26.6710071563721 26.6142654418945 26.1447086334229 25.9493503570557 26.0108966827393 25.8478546142578 25.5967540740967 25.2818050384521 25.0382308959961 24.7065486907959 24.3293075561523
28.9022102355957 28.9791469573975 29.0850276947021 28.6533527374268 27.6610050201416 27.3234443664551 27.6704940795898 27.179895401001 27.0271587371826 27.1086139678955 28.1623096466064 28.7668533325195 28.9825553894043 29.0756149291992 29.0027503967285 28.905460357666 28.9027519226074 28.9189872741699 28.8838500976562 28.7744903564453 28.8214416503906 28.8816947937012 28.7343769073486 28.5771617889404 28.3772888183594 28.2120361328125 27.8652400970459 27.6651306152344 27.3150329589844 27.6526927947998 27.4846782684326 28.0213985443115 28.062328338623 27.7136287689209 27.2224025726318 27.2500648498535 26.8810005187988 26.5310668945312 26.2255573272705 26.586669921875 26.1749019622803 25.9103488922119 25.7439861297607 25.6034698486328 25.3295478820801 25.1795120239258
28.7795181274414 28.7551097869873 28.9341259002686 28.9483432769775 28.5087738037109 28.2736988067627 28.2168636322021 27.8676376342773 27.6666412353516 27.6773319244385 27.8643321990967 28.2599639892578 28.904598236084 29.0361099243164 28.913330078125 28.8251991271973 28.819465637207 28.8601455688477 28.8193893432617 28.7521896362305 28.7714958190918 28.8686370849609 28.8166484832764 28.6342372894287 28.5216121673584 28.333776473999 28.010684967041 27.7843227386475 27.3734302520752 27.5947780609131 26.9746208190918 27.3842430114746 27.6076049804688 27.6248092651367 27.7400379180908 27.6151218414307 27.3103122711182 27.1643581390381 26.7216320037842 26.2337684631348 26.1576404571533 26.2033824920654 25.9581241607666 25.7633209228516 25.7520999908447 25.6058826446533
28.8698272705078 28.8678321838379 28.9130611419678 28.9454193115234 28.8297348022461 28.2362880706787 28.2434539794922 28.3057136535645 28.0923824310303 28.0504016876221 28.2954940795898 28.6468467712402 28.9628829956055 29.0304565429688 28.9305686950684 28.7485809326172 28.8050956726074 28.7916221618652 28.595630645752 28.5746994018555 28.7034721374512 28.7739276885986 28.8219604492188 28.7225799560547 28.600830078125 28.4481258392334 28.2548084259033 27.9894275665283 27.8221378326416 27.6638317108154 27.2481174468994 26.892505645752 27.0182094573975 26.9784126281738 27.4055786132812 27.1117992401123 27.3651676177979 27.1296730041504 26.7777938842773 26.3744106292725 26.1457786560059 25.9382305145264 25.4672241210938 24.9042701721191 25.4462203979492 25.6209259033203
28.9800052642822 28.9608345031738 28.9275417327881 28.9142646789551 28.7668399810791 27.9999542236328 27.797492980957 28.215856552124 28.1073913574219 27.7991161346436 28.078634262085 28.7205123901367 28.9767799377441 29.0041236877441 28.91796875 28.7349815368652 28.7301902770996 28.5234375 28.2756614685059 28.4107246398926 28.6970024108887 28.7009563446045 28.7757129669189 28.7635593414307 28.598461151123 28.5330924987793 28.3583927154541 28.0709571838379 27.9820194244385 27.7584590911865 27.3574409484863 26.7029876708984 26.411376953125 26.5429019927979 26.9770622253418 27.1065692901611 26.7413005828857 26.4034538269043 26.5870609283447 26.5155982971191 26.1840877532959 25.9600982666016 25.4419136047363 24.6642837524414 25.0831680297852 25.4293975830078
29.0424556732178 29.007251739502 28.9561672210693 28.924617767334 28.885929107666 28.5548629760742 28.1169738769531 27.8822269439697 27.8868103027344 27.6808032989502 28.1404705047607 28.7410049438477 28.9639148712158 28.971851348877 28.8867835998535 28.7074947357178 28.5517864227295 28.3494148254395 28.2383651733398 28.4957275390625 28.6161346435547 28.6751289367676 28.6373481750488 28.7306518554688 28.6695556640625 28.5790691375732 28.4169902801514 28.1470375061035 28.0266532897949 27.8322124481201 27.4301452636719 27.2282485961914 26.7869396209717 26.6018009185791 26.5446643829346 26.6821041107178 26.929723739624 26.7802734375 26.4304447174072 26.2322292327881 26.0341701507568 25.8454818725586 25.5972290039062 25.2915267944336 24.6817169189453 24.9516162872314
29.0734405517578 29.0235633850098 28.9710826873779 28.9586353302002 28.8869228363037 28.681188583374 28.4058322906494 27.8501014709473 27.7453269958496 27.922399520874 28.365306854248 28.7659721374512 28.9139137268066 28.9050140380859 28.7776641845703 28.6165180206299 28.3365306854248 28.2524757385254 28.3568496704102 28.3835945129395 28.5213775634766 28.463321685791 28.2887668609619 28.5279006958008 28.6960926055908 28.5767955780029 28.3715419769287 28.2169704437256 28.084566116333 27.9782238006592 27.7881278991699 27.5705585479736 27.2689456939697 27.2114353179932 26.8946075439453 26.5659618377686 26.6557521820068 26.7218437194824 26.4966640472412 26.3475475311279 26.2090015411377 25.9858493804932 25.3969440460205 25.0297985076904 25.1458320617676 25.1589450836182
29.0856285095215 29.0947380065918 29.0360336303711 28.9999561309814 28.8910064697266 28.7847480773926 28.6801929473877 28.3347568511963 27.8888206481934 27.9789028167725 28.1333255767822 28.4175777435303 28.6897258758545 28.7332172393799 28.6743755340576 28.5393161773682 28.3464393615723 28.216365814209 28.1091384887695 28.149486541748 28.3722839355469 28.37575340271 28.1428337097168 28.5203952789307 28.7183208465576 28.6094188690186 28.4586963653564 28.3028392791748 28.225679397583 28.1126289367676 27.9934101104736 27.7794437408447 27.4663791656494 27.6591167449951 27.5283489227295 27.1648902893066 26.729024887085 26.6174392700195 26.7273635864258 27.1155910491943 26.3969402313232 26.1408729553223 25.7478427886963 25.0982837677002 25.0272827148438 24.9082927703857
