inst/extdata/Tmax/Tmax58.asc
NCOLS 100 
NROWS 79 
XLLCORNER 148.06 
YLLCORNER -21.49 
CELLSIZE 0.01 
NODATA_value -3.4e+38 
[rows 40 to 59 of 79, columns 46 to 91 of 100]
35.2490425109863 36.0318374633789 36.3540000915527 37.0442924499512 38.6176261901855 39.624641418457 39.1292724609375 37.1702651977539 36.7843475341797 37.4869117736816 38.0106430053711 39.8017044067383 39.4103889465332 39.632640838623 38.7771682739258 39.810001373291 40.0034675598145 39.7105865478516 39.8150444030762 39.9196739196777 39.9419021606445 38.9811134338379 39.3850898742676 39.7150192260742 39.8093528747559 39.8621292114258 39.7647171020508 39.3814659118652 39.5727996826172 39.7730941772461 39.7424049377441 39.5742874145508 39.2488174438477 37.9688873291016 38.2546844482422 38.9474220275879 38.8566017150879 38.7634925842285 39.0109786987305 38.4505386352539 37.6914939880371 38.186695098877 38.5147132873535 38.3083534240723 38.5831527709961 38.6370658874512
36.3709335327148 37.2963562011719 37.2009925842285 37.1377716064453 38.6724014282227 39.9372787475586 38.7616195678711 38.3523025512695 38.9612846374512 39.0454711914062 39.4080963134766 40.1218338012695 40.0039291381836 40.0203094482422 39.8701019287109 40.1791915893555 40.2200698852539 40.1534042358398 40.1104011535645 40.1327438354492 40.1221237182617 39.5847663879395 38.8763847351074 39.2424201965332 39.164867401123 39.6564140319824 39.9671936035156 39.4934005737305 39.4822692871094 39.8747367858887 39.913948059082 39.8160972595215 39.6491203308105 39.0369834899902 39.2828140258789 39.3154754638672 39.1023216247559 39.0972328186035 39.202522277832 39.3289031982422 38.3447647094727 38.5789985656738 39.2020149230957 39.0057754516602 39.142147064209 39.0892028808594
38.5039215087891 38.6829643249512 38.8648490905762 39.3516387939453 39.685905456543 40.1809234619141 39.7309799194336 39.1830558776855 39.7080345153809 40.1161575317383 40.0200996398926 40.3390884399414 40.3728981018066 40.2920989990234 40.2637405395508 40.3408432006836 40.3521690368652 40.328540802002 40.2967300415039 40.2861862182617 40.2044067382812 39.2546234130859 39.0538635253906 39.5596160888672 39.0375709533691 39.4851455688477 39.928653717041 39.8299560546875 39.7722930908203 40.0235824584961 40.0500259399414 40.02587890625 39.9848480224609 39.8700332641602 39.7698593139648 39.4307479858398 38.5046272277832 39.110294342041 39.6457672119141 39.6385688781738 39.498477935791 39.4387664794922 39.5551376342773 39.5880470275879 39.6262512207031 39.5770072937012
39.7798118591309 39.795825958252 39.924934387207 40.0689392089844 40.3043479919434 40.3870162963867 40.2819747924805 40.0424652099609 40.2150573730469 40.4340972900391 40.4231147766113 40.4721221923828 40.4492568969727 40.4107704162598 40.4297904968262 40.3928298950195 40.3270606994629 40.3024559020996 40.334056854248 40.3630142211914 40.3257064819336 40.072395324707 39.8198165893555 39.9938659667969 39.859561920166 39.405158996582 39.6933746337891 39.9620246887207 40.1129302978516 40.132396697998 40.1321029663086 40.1051788330078 40.0736923217773 40.0299758911133 40.0209732055664 39.8636169433594 39.3823928833008 39.6922645568848 39.8685569763184 39.849681854248 39.8035774230957 39.7984886169434 39.7817764282227 39.7953758239746 39.7983474731445 39.7712631225586
39.6145782470703 39.8861656188965 40.1498718261719 40.1540565490723 40.2070426940918 40.3343276977539 40.3664016723633 40.4337959289551 40.4595642089844 40.3999786376953 40.1781921386719 40.2865562438965 40.2079772949219 39.9431800842285 40.126148223877 40.2513236999512 40.1366424560547 40.2470283508301 40.3393363952637 40.3856582641602 40.4051246643066 40.2582092285156 39.9440422058105 39.6850929260254 39.9096984863281 40.0718116760254 40.1173553466797 40.1571807861328 40.1618614196777 40.191047668457 40.1767196655273 40.1463470458984 40.1003799438477 40.0570068359375 40.0810775756836 40.010498046875 39.9862747192383 39.9778900146484 39.9178314208984 39.9150543212891 39.8784103393555 39.8622550964355 39.8623275756836 39.8463592529297 39.7505035400391 39.7821769714355
37.8118171691895 38.5756492614746 39.0145378112793 39.2359046936035 39.6151695251465 39.961555480957 39.8850708007812 40.0872459411621 40.0824279785156 39.9137687683105 39.1139831542969 39.1277770996094 39.2071151733398 37.6557464599609 38.6523399353027 39.4370765686035 39.9950370788574 40.3293609619141 40.4165267944336 40.4373664855957 40.4492149353027 40.2547340393066 39.8158683776855 39.4422988891602 39.7143249511719 39.9694633483887 40.0969123840332 40.0809669494629 40.1428070068359 40.2103424072266 40.2150573730469 40.1913909912109 40.1675262451172 40.1543121337891 40.1176147460938 40.0081062316895 39.9936141967773 39.9822616577148 39.9497871398926 39.9382629394531 39.8960723876953 39.8842697143555 39.8711814880371 39.8178100585938 39.8086433410645 39.836727142334
35.8276519775391 36.8808250427246 36.7736892700195 36.7211227416992 37.8448944091797 38.410213470459 38.5172119140625 38.7902717590332 39.2628746032715 38.614501953125 37.8977584838867 37.2870254516602 37.9868507385254 37.8510627746582 38.317325592041 39.5083961486816 40.2055397033691 40.3942604064941 40.4247283935547 40.4013519287109 40.4532623291016 40.4491958618164 40.0251922607422 39.670108795166 39.5542259216309 39.8198547363281 40.0283851623535 40.1393585205078 40.2377166748047 40.2522773742676 40.2731781005859 40.2597961425781 40.2463073730469 40.2113647460938 40.1269073486328 40.0536003112793 40.0446510314941 40.0365562438965 40.0184669494629 40.000358581543 39.9574928283691 39.9500579833984 39.9438705444336 39.9084815979004 39.8986206054688 39.7937698364258
35.9660758972168 35.8821487426758 35.6901664733887 35.733039855957 35.6576042175293 36.3046455383301 37.3088722229004 37.9775085449219 38.1679153442383 38.0327911376953 38.5823059082031 38.4043235778809 38.2341728210449 38.8415145874023 39.1457595825195 40.0345420837402 40.2914047241211 40.3162536621094 40.2499008178711 40.369327545166 40.4936752319336 40.5255737304688 40.3790626525879 40.0657157897949 39.6414909362793 39.9036636352539 40.0966796875 40.2567749023438 40.3234100341797 40.3560180664062 40.3676490783691 40.3289260864258 40.259822845459 40.181282043457 40.1159591674805 40.0775833129883 40.0865173339844 40.0983810424805 40.085636138916 40.068531036377 40.0398788452148 40.0392417907715 40.029712677002 40.0057182312012 39.8049125671387 39.5941696166992
35.6393661499023 35.7058448791504 35.880542755127 35.6082763671875 35.5035247802734 35.5753593444824 36.2828712463379 37.7100105285645 38.2792625427246 38.4648056030273 38.2793731689453 38.4745063781738 38.7797660827637 39.0817680358887 39.140754699707 39.6804313659668 40.0660743713379 40.0629005432129 40.0532608032227 40.3552665710449 40.4675521850586 40.4661102294922 40.5474548339844 40.4610824584961 40.3425216674805 40.2970275878906 40.3809280395508 40.4444007873535 40.4473419189453 40.4456100463867 40.4195899963379 40.3327598571777 40.2453269958496 40.1117210388184 40.0677261352539 40.1124038696289 40.1196022033691 40.1354675292969 40.1498527526855 40.1333084106445 40.1205825805664 40.1172866821289 40.1001091003418 40.0844573974609 39.9280776977539 39.7972450256348
35.7257614135742 35.857837677002 35.8576583862305 35.5454216003418 35.9566116333008 36.6626014709473 36.7128829956055 37.823673248291 38.3304672241211 38.5455017089844 38.3358192443848 38.8359603881836 39.1259727478027 39.1289939880371 39.2220039367676 39.1055946350098 39.2057762145996 39.4455032348633 39.826301574707 40.1849555969238 40.2891578674316 40.2873268127441 40.5273323059082 40.5723419189453 40.5859031677246 40.5516052246094 40.5223617553711 40.3494071960449 40.408390045166 40.472770690918 40.4360885620117 40.3029174804688 40.2566452026367 40.0592041015625 39.9911842346191 40.1602516174316 40.1598739624023 40.1416168212891 40.2000732421875 40.2059364318848 40.1757316589355 40.1802062988281 40.1649017333984 40.1350402832031 40.0609855651855 39.9939041137695
35.7775802612305 35.6493263244629 35.8223876953125 35.5443267822266 36.0973663330078 37.0274963378906 37.2807273864746 37.8228073120117 38.5752296447754 39.04736328125 39.0558204650879 39.1818923950195 39.2571640014648 39.2879943847656 39.2753448486328 39.2095031738281 39.2783622741699 38.9974098205566 38.6308708190918 39.8165245056152 39.705394744873 40.1370544433594 40.4715423583984 40.5302810668945 40.5789489746094 40.5506553649902 40.4751205444336 40.2518577575684 40.3984336853027 40.4987258911133 40.336238861084 40.1502113342285 40.1641273498535 40.1423110961914 40.1733016967773 40.2437858581543 40.2501754760742 40.2350006103516 40.2328948974609 40.2671203613281 40.2538642883301 40.2358360290527 40.2104415893555 40.1761436462402 40.1344184875488 40.0486869812012
35.4061088562012 35.3604621887207 35.6831474304199 35.0943412780762 35.2091331481934 36.953052520752 37.5586624145508 38.2187461853027 38.580738067627 38.8806228637695 38.9358863830566 38.9417419433594 38.7328758239746 38.7341766357422 39.0168876647949 39.1454658508301 39.4964065551758 39.420223236084 39.2270011901855 39.2711944580078 39.1111831665039 39.9162445068359 40.3326034545898 40.5086975097656 40.5153541564941 40.5188179016113 40.1628456115723 39.7855949401855 40.3976402282715 40.5291137695312 40.2528228759766 39.9302940368652 40.1845474243164 40.2332763671875 40.2626914978027 40.2204399108887 40.2170753479004 40.2205963134766 40.2426300048828 40.2317085266113 40.2311096191406 40.263256072998 40.249584197998 40.2182426452637 40.1803894042969 40.1148910522461
35.1030082702637 34.9491310119629 35.3551902770996 35.2226829528809 35.280574798584 36.1615943908691 37.0141716003418 37.544849395752 38.0586280822754 38.4494476318359 38.3846778869629 38.3096466064453 38.3796501159668 38.6839141845703 39.4652214050293 39.5658378601074 39.7587509155273 39.6582260131836 39.573055267334 39.3974418640137 39.1479187011719 39.8276901245117 40.2883911132812 40.4844703674316 40.4215812683105 40.5040435791016 40.1115760803223 39.149959564209 40.1829681396484 40.5468673706055 40.275463104248 40.0179252624512 40.221866607666 40.1613502502441 40.091609954834 40.1103248596191 40.1610717773438 40.0969390869141 40.0165519714355 40.0000267028809 40.1045951843262 40.1964302062988 40.2837600708008 40.2649040222168 40.2306442260742 40.1883125305176
36.1295967102051 35.1697196960449 35.2478485107422 35.5907402038574 35.9101409912109 36.8400802612305 36.8608283996582 37.5060234069824 38.3361473083496 38.6957702636719 39.0621681213379 39.1753082275391 39.3173789978027 39.5557022094727 39.7539710998535 39.7914123535156 39.7405586242676 39.8192138671875 39.7843437194824 39.5403938293457 39.3346748352051 39.350959777832 39.9053421020508 40.143180847168 40.0668525695801 40.4933242797852 40.3860054016113 39.7251777648926 40.2828483581543 40.5542335510254 40.3281860351562 40.1257133483887 40.0391616821289 39.6950569152832 39.891658782959 39.8191337585449 39.8286056518555 39.3951416015625 39.5018730163574 38.4304466247559 39.8428115844727 40.1050720214844 40.2866401672363 40.294132232666 40.2658500671387 40.2246322631836
36.7804718017578 35.8529357910156 35.3482551574707 36.0574035644531 36.6174583435059 37.2395973205566 37.2647705078125 37.6430473327637 38.4608688354492 38.9148597717285 38.9582786560059 38.977855682373 39.4182167053223 39.6011772155762 39.7183647155762 39.6938133239746 39.9130058288574 40.0528602600098 40.0223579406738 39.7622528076172 39.5890464782715 39.491771697998 39.632682800293 39.6466903686523 39.6208801269531 40.3221626281738 40.5062255859375 40.2054214477539 39.8985900878906 40.450855255127 39.9821968078613 39.1260223388672 39.7750396728516 39.9444389343262 40.245189666748 40.2395858764648 40.1970252990723 40.1623802185059 39.931827545166 38.8978652954102 39.7417793273926 40.080623626709 40.2575225830078 40.304271697998 40.297794342041 40.2604522705078
36.8410949707031 36.0318984985352 35.4908065795898 36.644889831543 37.4840965270996 37.8348808288574 38.5843086242676 38.8398933410645 39.06884765625 39.1912040710449 38.9815711975098 38.9390449523926 39.5386199951172 39.6363525390625 39.6497497558594 39.7192802429199 39.8420639038086 39.8323593139648 40.3834686279297 40.1308326721191 39.841136932373 39.672119140625 39.6495094299316 39.4832954406738 39.4969291687012 40.1451606750488 40.5068206787109 40.4104423522949 40.2584991455078 40.5778961181641 39.8628425598145 38.6937103271484 39.2275466918945 39.9459838867188 39.9831581115723 39.5669212341309 39.6289100646973 40.1845664978027 40.3062705993652 40.2647018432617 40.2896461486816 40.279411315918 40.2921409606934 40.2898826599121 40.3137435913086 40.2989807128906
36.7447929382324 35.8330421447754 35.3738441467285 36.4672241210938 37.5821800231934 37.8672142028809 37.331672668457 38.6395454406738 38.5850944519043 37.9840698242188 39.0177268981934 39.2485847473145 39.2756195068359 39.3432540893555 39.365364074707 39.5863227844238 39.7281951904297 39.8518829345703 40.3693313598633 40.4952354431152 40.2894592285156 39.9508285522461 39.7741088867188 39.6940803527832 39.4443817138672 39.9311790466309 40.4118957519531 40.4271087646484 40.6216697692871 40.6856803894043 40.1474685668945 38.2714347839355 38.9748878479004 38.4473648071289 38.8225402832031 38.0547256469727 39.0740203857422 40.1733665466309 40.292896270752 40.3560256958008 40.3580436706543 40.268928527832 40.1553039550781 40.2655296325684 40.2906875610352 40.2940521240234
36.7553062438965 36.0442695617676 36.0764541625977 36.5198974609375 37.3190040588379 37.6658325195312 37.9902153015137 38.2514686584473 37.0311317443848 36.9281234741211 38.4203643798828 37.3400840759277 37.7436408996582 38.2352294921875 39.0237770080566 39.5195159912109 39.6867980957031 39.9214324951172 40.2878494262695 40.4247207641602 40.4841079711914 40.2149467468262 39.8733444213867 39.9483642578125 39.8185691833496 40.0563659667969 40.0544013977051 39.879077911377 40.4510765075684 40.6425628662109 40.398494720459 39.6358070373535 38.0868644714355 35.9012298583984 36.1051902770996 37.9661712646484 39.5226402282715 40.1681022644043 40.2828369140625 40.2210922241211 40.2081031799316 39.9683036804199 39.8383827209473 40.2238159179688 39.9533348083496 40.0169296264648
36.745002746582 36.3898048400879 36.1780281066895 36.4351921081543 36.959300994873 37.641773223877 37.739372253418 37.3532943725586 36.9152603149414 37.6206283569336 38.1374931335449 37.1229209899902 37.4011650085449 37.877742767334 38.922550201416 39.3543243408203 39.6770973205566 40.1461906433105 40.581169128418 40.3993949890137 40.2632331848145 40.5569076538086 40.288948059082 40.0942573547363 39.9255905151367 39.911922454834 39.9982261657715 39.8942337036133 40.2397270202637 40.5892486572266 40.6249389648438 40.0617523193359 39.2975692749023 37.5050735473633 36.8328285217285 38.0418357849121 39.5312156677246 40.120002746582 40.1810493469238 39.6896514892578 39.9502067565918 40.1357078552246 39.9155578613281 39.9794654846191 39.6361694335938 39.9048957824707
36.4515190124512 36.2312698364258 35.7690811157227 36.0550994873047 36.7274017333984 36.853588104248 37.1847305297852 37.4433403015137 37.6646270751953 37.7273559570312 38.0994071960449 38.3366775512695 39.0578994750977 39.1560821533203 39.3154487609863 38.8138618469238 39.8423042297363 40.2396812438965 40.460319519043 40.1637115478516 40.2885856628418 40.4773864746094 40.5815010070801 40.5185546875 40.2159080505371 40.1325492858887 39.7538909912109 39.9243278503418 40.3414154052734 40.4283790588379 40.5812225341797 40.5940208435059 40.0077323913574 39.2938652038574 38.315185546875 37.9889869689941 39.2303009033203 40.0489273071289 39.5257148742676 38.9551658630371 39.9136009216309 40.1748466491699 39.8790054321289 39.0538063049316 39.4275283813477 39.9737129211426
