inst/extdata/Tmax/Tmax117.asc
NCOLS 100 
NROWS 79 
XLLCORNER 148.06 
YLLCORNER -21.49 
CELLSIZE 0.01 
NODATA_value -3.4e+38 
[rows 40 to 59 of 79, columns 46 to 91 of 100]
37.416561126709 38.227294921875 38.5811729431152 39.317943572998 40.6509742736816 41.4311790466309 41.0577239990234 39.4943733215332 39.1880645751953 39.7575607299805 40.1727027893066 41.610710144043 41.3067932128906 41.4901504516602 40.8134346008301 41.6328582763672 41.7927474975586 41.5685806274414 41.6587753295898 41.7490386962891 41.7486457824707 41.0047721862793 41.3368148803711 41.6067085266113 41.6888847351074 41.7264251708984 41.6574668884277 41.3610153198242 41.5196838378906 41.6837882995605 41.6393165588379 41.525806427002 41.2719039916992 40.2315826416016 40.4733848571777 41.0346450805664 40.9667320251465 40.8967971801758 41.1035919189453 40.652042388916 40.0138473510742 40.4342422485352 40.7125701904297 40.5483703613281 40.7830200195312 40.8092422485352
38.5289268493652 39.5019416809082 39.4337043762207 39.3985328674316 40.6919021606445 41.6755027770996 40.7617378234863 40.4397583007812 40.9322128295898 41.0052719116211 41.2887535095215 41.8602027893066 41.7738914489746 41.7935447692871 41.6817893981934 41.9206237792969 41.9597854614258 41.914680480957 41.8882675170898 41.9133605957031 41.8870582580566 41.484073638916 40.9232902526855 41.2253684997559 41.1705093383789 41.5595474243164 41.8130226135254 41.4441108703613 41.4408988952637 41.7575721740723 41.7680931091309 41.710578918457 41.5843620300293 41.1003684997559 41.304126739502 41.3245429992676 41.1593208312988 41.1613159179688 41.2521820068359 41.3596305847168 40.5530090332031 40.7530746459961 41.2664947509766 41.115837097168 41.2333602905273 41.1729507446289
40.526912689209 40.6735305786133 40.8227233886719 41.2141914367676 41.4843559265137 41.85498046875 41.5195083618164 41.090259552002 41.5131759643555 41.841869354248 41.7604713439941 42.0179595947266 42.0510368347168 41.9942665100098 41.9787673950195 42.0342025756836 42.0500946044922 42.0387344360352 42.0211029052734 42.0203323364258 41.9381484985352 41.2056579589844 41.0512809753418 41.4641647338867 41.0526657104492 41.4082717895508 41.7668151855469 41.6944923400879 41.6545066833496 41.8581161499023 41.8586196899414 41.8589096069336 41.8323211669922 41.747932434082 41.674877166748 41.4000778198242 40.6543006896973 41.1551208496094 41.5891494750977 41.5897369384766 41.473747253418 41.4331817626953 41.5322494506836 41.5654602050781 41.6029891967773 41.546558380127
41.5511436462402 41.5688743591309 41.6759605407715 41.7948532104492 41.9856376647949 42.0306434631348 41.9676513671875 41.7849159240723 41.9268951416016 42.1051406860352 42.0908622741699 42.1356010437012 42.1241416931152 42.1005668640137 42.1221504211426 42.0881195068359 42.0435066223145 42.0313491821289 42.0634155273438 42.0935134887695 42.0462760925293 41.8681602478027 41.6757125854492 41.8207473754883 41.7220878601074 41.3549041748047 41.590648651123 41.8090438842773 41.9332504272461 41.9540061950684 41.9337043762207 41.931884765625 41.9128684997559 41.8843574523926 41.8830375671387 41.753849029541 41.3784027099609 41.6312789916992 41.776008605957 41.7676124572754 41.726203918457 41.7290344238281 41.7229957580566 41.7409591674805 41.7508392333984 41.7121810913086
41.4180679321289 41.6373901367188 41.8503189086914 41.8589134216309 41.9060668945312 41.9861145019531 42.0307998657227 42.0895156860352 42.1156272888184 42.0748825073242 41.8947792053223 41.9863624572754 41.9309120178223 41.728385925293 41.8795700073242 41.9730949401855 41.8897514343262 41.9837341308594 42.0634422302246 42.1070938110352 42.1039428710938 42.0094718933105 41.76904296875 41.5707931518555 41.755687713623 41.8775024414062 41.918872833252 41.9556694030762 41.9649047851562 41.9933052062988 41.9620246887207 41.9576454162598 41.9273910522461 41.8992309570312 41.9239349365234 41.8628425598145 41.8499794006348 41.8495750427246 41.8089714050293 41.8133125305176 41.7794532775879 41.7738037109375 41.7811012268066 41.776195526123 41.7091789245605 41.716480255127
39.9413795471191 40.5967178344727 40.9495658874512 41.1299133300781 41.4355545043945 41.6891593933105 41.6480865478516 41.8133392333984 41.8153266906738 41.6879501342773 41.0462684631348 41.0630531311035 41.1323623657227 39.8896980285645 40.69921875 41.3232917785645 41.7735176086426 42.0440444946289 42.1195487976074 42.1431655883789 42.1335792541504 42.0017356872559 41.6620025634766 41.370361328125 41.5932388305664 41.7896347045898 41.8957252502441 41.8888053894043 41.9430160522461 42.001579284668 41.9853019714355 41.9861602783203 41.9732513427734 41.9687957763672 41.9460296630859 41.8545455932617 41.8493995666504 41.8468132019043 41.8279342651367 41.8255729675293 41.7875099182129 41.7854766845703 41.782585144043 41.7485504150391 41.7492752075195 41.75390625
37.9130020141602 39.0012626647949 38.9203033447266 38.8948974609375 40.0234909057617 40.4529800415039 40.5568046569824 40.7795791625977 41.1615982055664 40.6489448547363 40.0668830871582 39.5795021057129 40.1478652954102 40.0431327819824 40.4245948791504 41.3754577636719 41.9350700378418 42.090389251709 42.1213493347168 42.1098480224609 42.1316070556641 42.1489601135254 41.821704864502 41.545036315918 41.4578895568848 41.6636199951172 41.8344497680664 41.9274864196777 42.0103607177734 42.0273818969727 42.0237350463867 42.032657623291 42.0279426574707 42.006519317627 41.9465446472168 41.8834266662598 41.8826332092285 41.8826713562012 41.8751373291016 41.8677101135254 41.8292770385742 41.8306770324707 41.8332595825195 41.8133201599121 41.8135719299316 41.7141342163086
38.0245094299316 37.9655113220215 37.7981109619141 37.866039276123 37.815299987793 38.4717445373535 39.5528869628906 40.1159744262695 40.2726135253906 40.168571472168 40.6023979187012 40.4645233154297 40.332633972168 40.8262100219727 41.0760078430176 41.7785949707031 41.9879684448242 42.0143432617188 41.9689559936523 42.0694351196289 42.1479911804199 42.1928596496582 42.0833396911621 41.8417816162109 41.5098724365234 41.7124900817871 41.8708229064941 42.002384185791 42.0601844787598 42.0912895202637 42.0804176330566 42.0694961547852 42.0213203430176 41.9657897949219 41.9206962585449 41.8848266601562 41.8981246948242 41.9139289855957 41.9105644226074 41.903980255127 41.8766479492188 41.8834075927734 41.8834266662598 41.872371673584 41.7226791381836 41.5378913879395
37.7009506225586 37.791259765625 37.9907836914062 37.7427101135254 37.6622886657715 37.7338714599609 38.4958877563477 39.9147148132324 40.3744049072266 40.5274276733398 40.3717880249023 40.533073425293 40.783130645752 41.0306549072266 41.0836601257324 41.5092430114746 41.8217811584473 41.8259315490723 41.8247299194336 42.0694961547852 42.1383972167969 42.1560745239258 42.224925994873 42.162525177002 42.0747947692871 42.0325736999512 42.1038246154785 42.1589012145996 42.1666717529297 42.1708755493164 42.1306533813477 42.0821762084961 42.0195999145508 41.9206809997559 41.8921775817871 41.9217720031738 41.9337501525879 41.9527282714844 41.970630645752 41.9645156860352 41.9496955871582 41.9543876647949 41.9483833312988 41.943790435791 41.8269004821777 41.7011985778809
37.7724914550781 37.9284362792969 37.9531097412109 37.6652755737305 38.1034736633301 38.8226318359375 38.9207153320312 40.0018463134766 40.4112396240234 40.5876846313477 40.4126014709473 40.8182334899902 41.0555229187012 41.0633926391602 41.1434478759766 41.0444107055664 41.1306419372559 41.3287239074707 41.6385116577148 41.9289703369141 41.9907264709473 42.0080986022949 42.2017784118652 42.2420921325684 42.2578582763672 42.2243919372559 42.2068099975586 42.0768013000488 42.1285362243652 42.1843757629395 42.135814666748 42.0510063171387 42.0205879211426 41.8711204528809 41.8234443664551 41.951286315918 41.9573173522949 41.9494895935059 42.0019607543945 42.0133628845215 41.9848823547363 41.9955673217773 41.9908905029297 41.9705505371094 41.9155693054199 41.840145111084
37.8095855712891 37.7061347961426 37.9031066894531 37.6497116088867 38.2304725646973 39.1808204650879 39.4901313781738 39.9971656799316 40.6026802062988 40.9842987060547 40.9842491149902 41.0899276733398 41.1552543640137 41.1852798461914 41.1806678771973 41.1220779418945 41.1830253601074 40.9629859924316 40.6726379394531 41.6290855407715 41.5198249816895 41.8817672729492 42.1503829956055 42.2015075683594 42.2447357177734 42.2158737182617 42.1620178222656 41.9920387268066 42.1127052307129 42.1966857910156 42.0495185852051 41.9226150512695 41.9394454956055 41.9281997680664 41.9586944580078 42.0084800720215 42.019775390625 42.0142936706543 42.0192832946777 42.0527839660645 42.0375061035156 42.0279579162598 42.0111236572266 41.9870719909668 41.9569931030273 41.8668746948242
37.4275093078613 37.4053802490234 37.7494926452637 37.1876983642578 37.3249015808105 39.0880126953125 39.761474609375 40.309513092041 40.6025657653809 40.8463973999023 40.8835144042969 40.8928833007812 40.7303619384766 40.7361679077148 40.9680442810059 41.0649681091309 41.3512992858887 41.2958145141602 41.1452484130859 41.1850967407227 41.035270690918 41.6986427307129 42.0332565307617 42.1766929626465 42.1869735717773 42.1829452514648 41.9080276489258 41.6134796142578 42.1037406921387 42.2121658325195 41.9754028320312 41.7394866943359 41.9468116760254 41.991081237793 42.0202293395996 41.9813232421875 41.9849700927734 41.994140625 42.0180053710938 42.0151901245117 42.005989074707 42.0340347290039 42.0260124206543 42.0039939880371 41.9767379760742 41.9020957946777
37.1032218933105 36.9739074707031 37.3970909118652 37.2888374328613 37.3696479797363 38.2532615661621 39.1689262390137 39.74853515625 40.1707611083984 40.4870223999023 40.427490234375 40.3713417053223 40.4316482543945 40.680347442627 41.3109855651855 41.3851013183594 41.5441360473633 41.4683456420898 41.4046974182129 41.2684326171875 41.0466957092285 41.6098899841309 41.9802894592285 42.1396560668945 42.0951690673828 42.1531410217285 41.8487396240234 41.0826835632324 41.9158706665039 42.207592010498 41.9743499755859 41.7897720336914 41.9570350646973 41.9150924682617 41.8658142089844 41.8749771118164 41.9213180541992 41.8769989013672 41.816764831543 41.8069725036621 41.8810081481934 41.9560089111328 42.0267677307129 42.0142021179199 41.9893989562988 41.9325981140137
38.1200942993164 37.1937408447266 37.2933349609375 37.6569061279297 38.0008697509766 38.9439315795898 39.011589050293 39.7076187133789 40.4045906066895 40.6956367492676 40.980842590332 41.0756149291992 41.1937065124512 41.3886833190918 41.5517883300781 41.5751647949219 41.5389175415039 41.6057510375977 41.5822296142578 41.3917236328125 41.2056198120117 41.2369117736816 41.6850280761719 41.8787689208984 41.8230781555176 42.1532402038574 42.0738372802734 41.5539512634277 42.0028419494629 42.2215766906738 42.0239181518555 41.8830795288086 41.8200073242188 41.5505981445312 41.7139930725098 41.650447845459 41.6622276306152 41.3159561157227 41.4057273864746 40.5285339355469 41.6746711730957 41.8856201171875 42.0303039550781 42.0380783081055 42.0176429748535 41.9615325927734
38.7553024291992 37.8549346923828 37.3785629272461 38.1082458496094 38.6988754272461 39.3367500305176 39.4103355407715 39.8328018188477 40.4993591308594 40.8653945922852 40.892520904541 40.9123306274414 41.2682914733887 41.4188957214355 41.5171813964844 41.4900512695312 41.6683883666992 41.7834930419922 41.7635116577148 41.5607681274414 41.4012107849121 41.341423034668 41.4586410522461 41.4743385314941 41.4582138061523 42.0096092224121 42.1595077514648 41.9272613525391 41.6883430480957 42.1312370300293 41.7400665283203 41.0694427490234 41.5991020202637 41.7402267456055 41.9837760925293 41.9708137512207 41.9403190612793 41.9158973693848 41.735725402832 40.8993797302246 41.5776977539062 41.8501930236816 41.9913711547852 42.0295906066895 42.0259284973145 41.9724807739258
38.800537109375 38.0180511474609 37.5053939819336 38.6836700439453 39.5666580200195 39.933650970459 40.5863876342773 40.793155670166 40.9790267944336 41.0803070068359 40.9055976867676 40.8756256103516 41.3581924438477 41.4406509399414 41.4552383422852 41.5026550292969 41.604133605957 41.6002731323242 42.0411605834961 41.8455276489258 41.594051361084 41.4771461486816 41.4633026123047 41.3343353271484 41.3495864868164 41.8603935241699 42.1508636474609 42.0798759460449 41.9648246765137 42.2215270996094 41.6347579956055 40.70654296875 41.146125793457 41.7283210754395 41.7610702514648 41.418529510498 41.4714584350586 41.9182167053223 42.0167350769043 41.9864540100098 41.9964981079102 41.9904747009277 42.0021362304688 42.0018463134766 42.021598815918 41.9855079650879
38.6884536743164 37.8061599731445 37.3757171630859 38.4890289306641 39.6504821777344 39.9497604370117 39.4455337524414 40.6286201477051 40.5883636474609 40.111629486084 40.9287528991699 41.1167373657227 41.1424522399902 41.2000465393066 41.2208709716797 41.3889312744141 41.5055160522461 41.607666015625 42.0217361450195 42.1251068115234 41.94140625 41.690673828125 41.5539512634277 41.4941558837891 41.2980804443359 41.6807861328125 42.0667572021484 42.08349609375 42.2412757873535 42.2962837219238 41.8515205383301 40.3484535217285 40.9262924194336 40.4966087341309 40.8064498901367 40.1652412414551 41.0055541992188 41.8939247131348 41.9906692504883 42.0424880981445 42.0341758728027 41.9660453796387 41.8782577514648 41.9662704467773 41.9869003295898 41.9647216796875
38.6712112426758 37.9887084960938 38.0451965332031 38.51416015625 39.3515396118164 39.7118721008301 40.0942497253418 40.3046722412109 39.1661148071289 39.0894584655762 40.4362678527832 39.5704078674316 39.9001693725586 40.2959899902344 40.9302520751953 41.3177642822266 41.4544830322266 41.6447372436523 41.9390106201172 42.0510482788086 42.076488494873 41.8814468383789 41.6139373779297 41.6778297424316 41.5784683227539 41.7607536315918 41.7636413574219 41.6282730102539 42.0872650146484 42.2411155700684 42.0264663696289 41.4347496032715 40.1743659973145 38.3781394958496 38.544017791748 40.067211151123 41.3445205688477 41.8640975952148 41.9569625854492 41.9102325439453 41.8899955749512 41.7015571594238 41.599365234375 41.9065780639648 41.6937026977539 41.719612121582
38.6619338989258 38.333568572998 38.1478614807129 38.4301681518555 38.985523223877 39.6865463256836 39.8357582092285 39.4678649902344 39.0469055175781 39.8065719604492 40.2213935852051 39.3434906005859 39.6361274719238 40.0191078186035 40.8583450317383 41.1947898864746 41.4553756713867 41.8315086364746 42.1786880493164 42.0391540527344 41.9100036621094 42.1594009399414 41.9518356323242 41.8014335632324 41.6711845397949 41.6528816223145 41.7259483337402 41.6462554931641 41.9240760803223 42.2027244567871 42.2080039978027 41.7788505554199 41.166820526123 39.7003440856934 39.1468505859375 40.1326332092285 41.3533210754395 41.8276023864746 41.8779563903809 41.4870681762695 41.6863822937012 41.835376739502 41.6616363525391 41.7137832641602 41.4396743774414 41.6307334899902
38.3546295166016 38.1610145568848 37.727611541748 38.0353851318359 38.7349052429199 38.8647117614746 39.2481575012207 39.5435791015625 39.8033142089844 39.8978652954102 40.1852989196777 40.3762550354004 40.9541282653809 41.0348510742188 41.16455078125 40.7545204162598 41.578498840332 41.8969841003418 42.074764251709 41.8437538146973 41.9209785461426 42.0875015258789 42.1734008789062 42.1277389526367 41.8923492431641 41.817985534668 41.5183448791504 41.6569938659668 41.9911003112793 42.0622482299805 42.1597595214844 42.1856536865234 41.7237586975098 41.1513442993164 40.3534698486328 40.074821472168 41.093822479248 41.7553672790527 41.3369216918945 40.8734359741211 41.640754699707 41.8498764038086 41.6156158447266 40.9472618103027 41.2533493041992 41.6681289672852
