inst/extdata/Tmax/Tmax142.asc
NCOLS 100 
NROWS 79 
XLLCORNER 148.06 
YLLCORNER -21.49 
CELLSIZE 0.01 
NODATA_value -3.4e+38 
[rows 40 to 59 of 79, columns 0 to 45 of 100]
38.295581817627003 38.0686378479004 38.1061630249023 38.1408729553223 38.0412483215332 38.1475982666016 38.1235885620117 37.9536018371582 37.544620513916 37.9295539855957 38.5003929138184 38.8064002990723 38.8478660583496 38.902759552002 38.9707794189453 38.7898559570312 38.5632629394531 38.2577285766602 37.7495040893555 38.1983680725098 38.1981582641602 38.11962890625 38.071964263916 37.7231140136719 36.9311408996582 36.3655815124512 36.2068901062012 36.2982864379883 36.4092559814453 35.8543853759766 35.2936210632324 35.6867561340332 36.8164520263672 36.584831237793 36.3648376464844 36.6651306152344 36.6048698425293 36.3274726867676 36.1413917541504 35.7511863708496 35.7230415344238 34.9976234436035 34.5171089172363 34.5273933410645 34.320369720459 34.1965408325195
38.4340209960938 38.1007881164551 38.0012054443359 38.0998611450195 38.0166015625 38.0958099365234 38.1201210021973 38.0330429077148 37.8198661804199 37.9356231689453 38.2433090209961 38.5751342773438 38.7891693115234 38.9480934143066 38.9966735839844 38.8709602355957 38.6153907775879 38.1737060546875 37.8823852539062 38.0201110839844 38.0486602783203 37.8578338623047 38.0254974365234 37.7838897705078 37.2002754211426 36.7664527893066 36.2368392944336 36.1746826171875 36.3686599731445 35.9920120239258 35.6249656677246 36.2017288208008 36.8101043701172 36.1542816162109 35.5232391357422 36.2051658630371 36.2632255554199 36.4578514099121 36.4333457946777 36.2364196777344 36.1393013000488 35.5285911560059 34.3369636535645 34.2475814819336 34.3263854980469 34.306640625
38.3170967102051 38.2874794006348 38.1081428527832 38.0088081359863 38.0699157714844 38.0964317321777 38.0946464538574 38.0680503845215 38.0449752807617 38.0100135803223 38.0615196228027 38.5059242248535 38.8005905151367 38.9385643005371 38.9597549438477 38.9257850646973 38.7376365661621 38.4563980102539 38.2602386474609 38.2250213623047 38.1556129455566 37.5966567993164 37.5413246154785 37.7470817565918 37.7782325744629 37.3942718505859 36.641487121582 36.3593978881836 36.2979469299316 36.1075134277344 35.3235855102539 36.2877082824707 36.3441276550293 35.403392791748 34.6929206848145 35.4985122680664 35.5164413452148 36.0978660583496 36.2522048950195 35.9949645996094 35.8010520935059 35.8695106506348 35.3662757873535 35.1929016113281 35.5732269287109 36.4588508605957
38.0143280029297 38.1143112182617 38.1098365783691 38.1121520996094 38.1450271606445 38.1453132629395 38.1328659057617 38.0941123962402 38.1501274108887 38.1309394836426 38.1461906433105 38.5289154052734 38.7580642700195 38.9050064086914 38.9324798583984 38.9553680419922 38.8783226013184 38.6935615539551 38.4497489929199 38.4919776916504 38.3424491882324 38.1296348571777 37.5334510803223 37.2281303405762 37.8300018310547 37.6488761901855 37.3034400939941 36.8864479064941 36.5973663330078 36.4499588012695 35.7545738220215 35.6968955993652 36.3215942382812 35.883659362793 35.3241996765137 34.9248313903809 35.0188598632812 35.2441177368164 35.4527282714844 35.2598609924316 34.8813323974609 35.5291175842285 35.164306640625 36.003360748291 37.5726509094238 38.2196197509766
37.762077331543 37.9421768188477 37.9315490722656 37.9384613037109 38.1081581115723 38.2155685424805 38.2581939697266 38.215747833252 38.2766227722168 38.3247756958008 38.4820976257324 38.6220397949219 38.7450675964355 38.8438034057617 38.9068794250488 38.9629020690918 38.9505233764648 38.8284225463867 38.6951065063477 38.6592330932617 38.5492401123047 38.4381866455078 38.1753921508789 37.992488861084 37.8415756225586 37.4393005371094 37.6804580688477 37.5800399780273 37.3007736206055 36.7031440734863 36.1730194091797 36.1835899353027 36.4697113037109 36.6218643188477 36.3681907653809 35.3456039428711 34.211971282959 34.194507598877 34.2984809875488 34.5996055603027 34.5088653564453 35.0056838989258 34.6103630065918 35.3477325439453 36.9101791381836 38.2398567199707
37.7824630737305 37.8548431396484 37.7259864807129 37.6356468200684 37.8220024108887 38.0229988098145 38.2466926574707 38.3594741821289 38.4262542724609 38.5155487060547 38.5847473144531 38.5343475341797 38.3425750732422 38.6837692260742 38.8958435058594 38.9470863342285 38.9624862670898 38.9104461669922 38.835765838623 38.7845077514648 38.7094573974609 38.6305999755859 38.5871887207031 38.0477256774902 37.7442359924316 37.6829528808594 37.7722969055176 37.6297950744629 37.4691963195801 37.0217704772949 35.9337310791016 36.1306762695312 36.4073791503906 36.4697952270508 36.5627822875977 35.77978515625 34.6653366088867 34.473575592041 34.515266418457 34.9040756225586 34.4080390930176 34.7396278381348 35.0969657897949 35.3790168762207 36.157096862793 37.1989212036133
37.6626396179199 37.654224395752 37.66845703125 37.6098556518555 37.5294799804688 37.5865898132324 38.0440979003906 38.1621437072754 38.2774505615234 38.3009338378906 38.5026779174805 38.6141471862793 38.3995132446289 38.6367111206055 38.8468399047852 38.9244232177734 38.9470901489258 38.8955917358398 38.8657646179199 38.8356399536133 38.7743377685547 38.7296829223633 38.6447334289551 38.225643157959 37.5005493164062 37.604419708252 37.7750244140625 37.5829162597656 37.543888092041 37.4193878173828 36.7218475341797 36.4543724060059 36.1486129760742 36.3827095031738 36.5087013244629 36.1007537841797 35.1899871826172 35.4433975219727 34.9972610473633 35.6154975891113 35.1480751037598 35.3057670593262 35.42236328125 35.5298919677734 35.538444519043 35.3893585205078
38.0519409179688 37.5046577453613 37.4413795471191 37.4009056091309 37.3841247558594 37.4999847412109 37.7954444885254 37.7624244689941 37.9901695251465 38.0405654907227 38.1190071105957 38.1961135864258 38.3688049316406 38.6269683837891 38.8031196594238 38.9154968261719 38.9214363098145 38.8225021362305 38.6673736572266 38.5864181518555 38.7112731933594 38.5634918212891 38.5853080749512 38.5321044921875 38.1297225952148 38.0480155944824 38.0773391723633 37.9069023132324 37.7627143859863 37.5708503723145 36.9695892333984 36.6667785644531 36.0497627258301 36.3998336791992 36.4436531066895 36.2460479736328 35.8842124938965 36.0877571105957 35.8607711791992 36.0832099914551 35.8705596923828 35.7158699035645 35.605884552002 35.4901390075684 35.2085075378418 35.0196304321289
38.6587181091309 37.9727020263672 37.3175888061523 37.1936264038086 37.3135681152344 37.4825592041016 37.4425010681152 37.4481620788574 37.7519721984863 38.0205764770508 38.0914764404297 38.0950202941895 38.3066902160645 38.5865821838379 38.8087158203125 38.8757934570312 38.8983955383301 38.8424911499023 38.696159362793 38.5004730224609 38.5693778991699 38.5373992919922 38.4713439941406 38.593376159668 38.5006904602051 38.4097785949707 38.1699676513672 37.9992713928223 37.924934387207 37.6697463989258 37.3273773193359 36.9356422424316 36.1820411682129 36.3227729797363 36.3023109436035 36.3605194091797 36.2916870117188 36.2730865478516 36.1777267456055 36.0292434692383 35.3549270629883 35.2322196960449 35.4172134399414 35.2084922790527 35.1058349609375 34.8195343017578
38.8891983032227 38.4600448608398 37.725471496582 37.2274780273438 37.2216033935547 37.2190399169922 37.2615127563477 37.5710563659668 37.7862396240234 37.7011260986328 38.2543563842773 38.4770774841309 38.5795974731445 38.6758079528809 38.7696914672852 38.8511848449707 38.8722839355469 38.8319816589355 38.744800567627 38.6227874755859 38.533618927002 38.486988067627 38.3260116577148 38.3667945861816 38.5209312438965 38.5112800598145 38.3267478942871 37.8513450622559 37.4150009155273 37.656608581543 37.394718170166 37.1389236450195 36.4335479736328 36.1773796081543 35.9983978271484 36.2688980102539 36.3546867370605 36.2720680236816 36.239631652832 35.9822959899902 35.3988265991211 35.0786056518555 35.2472190856934 34.9425239562988 34.8791770935059 34.8129653930664
38.8791923522949 38.7422790527344 38.348876953125 37.8045196533203 37.3405609130859 37.0820083618164 37.2401008605957 37.525390625 37.5705490112305 37.8430099487305 38.3605880737305 38.5853729248047 38.7039222717285 38.801513671875 38.8245086669922 38.8522834777832 38.7612991333008 38.7773246765137 38.7877197265625 38.721248626709 38.6252174377441 38.4972190856934 38.3252296447754 38.2562828063965 38.357421875 38.3981437683105 38.4483642578125 38.2478713989258 38.0004348754883 37.8741722106934 37.3935356140137 37.2653503417969 36.5321311950684 36.1780242919922 35.6447601318359 36.061107635498 36.1904487609863 36.1875762939453 36.2372665405273 36.0898742675781 35.6532440185547 35.5284080505371 35.4549140930176 35.2823104858398 35.0146408081055 34.8741722106934
38.8458824157715 38.8331832885742 38.6147232055664 38.0320587158203 37.5239181518555 37.28173828125 37.2623596191406 37.3418846130371 37.132396697998 37.2739410400391 38.0332336425781 38.4067153930664 38.5713119506836 38.7595252990723 38.8414459228516 38.8124656677246 38.7545585632324 38.7588310241699 38.7320251464844 38.7260322570801 38.6442489624023 38.5643196105957 38.4748229980469 38.2954902648926 38.1951751708984 38.1444206237793 38.124210357666 38.2322006225586 38.0362205505371 38.1447525024414 38.16845703125 37.482536315918 36.9607810974121 36.5709648132324 36.1421241760254 36.2597312927246 36.2363967895508 36.0869064331055 36.2184982299805 36.1448211669922 35.7297554016113 35.6106948852539 35.523551940918 35.3755493164062 34.9632797241211 34.8105430603027
38.6875419616699 38.7722091674805 38.65283203125 37.8027038574219 37.1102828979492 37.0923614501953 37.2004776000977 37.0871620178223 36.8706436157227 36.9936180114746 37.969165802002 38.4028587341309 38.6016426086426 38.7720832824707 38.7867088317871 38.7477188110352 38.7499542236328 38.7021255493164 38.6691284179688 38.6684875488281 38.6810531616211 38.6451797485352 38.5056266784668 38.3291854858398 38.1358680725098 37.9978179931641 37.9874725341797 37.9508934020996 37.948787689209 37.8600807189941 38.0320091247559 37.9325103759766 37.4371719360352 36.8999977111816 36.5189018249512 36.8159599304199 36.7836608886719 36.3698081970215 36.209587097168 36.2787170410156 36.1487770080566 35.9447898864746 35.6868019104004 35.4843444824219 35.2030220031738 34.8805351257324
38.5000076293945 38.5771408081055 38.6828079223633 38.308479309082 37.436653137207 37.1423721313477 37.4675903320312 37.0373878479004 36.9069709777832 36.9849624633789 37.9248847961426 38.4750442504883 38.6700668334961 38.7572631835938 38.6989822387695 38.6192779541016 38.6268730163574 38.6542587280273 38.6291923522949 38.5390014648438 38.5860748291016 38.6564979553223 38.5331344604492 38.4009552001953 38.231071472168 38.0914726257324 37.7954750061035 37.6319160461426 37.3274078369141 37.6333541870117 37.4906158447266 37.9839057922363 38.0263557434082 37.7243843078613 37.2947692871094 37.3258018493652 37.0153465270996 36.7092704772949 36.4510498046875 36.7858352661133 36.4354591369629 36.2195053100586 36.0936965942383 35.9831771850586 35.7536239624023 35.6341209411621
38.3874893188477 38.3754653930664 38.5455589294434 38.5632362365723 38.1814842224121 37.9793281555176 37.9461898803711 37.642692565918 37.4700164794922 37.4849586486816 37.6561393737793 38.0232162475586 38.5964202880859 38.7173843383789 38.6152114868164 38.5434341430664 38.5483283996582 38.5971565246582 38.5670967102051 38.5138473510742 38.5366172790527 38.639404296875 38.5996513366699 38.4453506469727 38.3522644042969 38.1928749084473 37.9180641174316 37.7314033508301 37.3731269836426 37.5757827758789 37.0306739807129 37.413158416748 37.6176567077637 37.639217376709 37.7476387023926 37.6433258056641 37.3909187316895 37.2675361633301 36.8872604370117 36.4695014953613 36.4164848327637 36.475959777832 36.2800521850586 36.121208190918 36.1256561279297 36.0097541809082
38.4623527526855 38.4699363708496 38.5222358703613 38.5558128356934 38.4592475891113 37.9413032531738 37.9646492004395 38.0249481201172 37.8418350219727 37.810115814209 38.0321083068848 38.359016418457 38.6423263549805 38.7071228027344 38.6249771118164 38.4706649780273 38.5302276611328 38.5314521789551 38.3648109436035 38.3521270751953 38.4711685180664 38.5505599975586 38.5985527038574 38.517147064209 38.4160423278809 38.2876243591309 38.1275405883789 37.9067115783691 37.7648239135742 37.630729675293 37.2677841186523 36.9690856933594 37.0873146057129 37.0580863952637 37.4444198608398 37.1894683837891 37.4329376220703 37.2307739257812 36.9338264465332 36.5907707214355 36.4022979736328 36.2365379333496 35.8393898010254 35.3521270751953 35.8486671447754 36.0185737609863
38.5544853210449 38.5469093322754 38.5301055908203 38.5235176086426 38.3989410400391 37.7273330688477 37.5650825500488 37.9404602050781 37.8499221801758 37.5824775695801 37.8352355957031 38.4185409545898 38.6492004394531 38.6786422729492 38.6084976196289 38.4532012939453 38.4588394165039 38.289924621582 38.0771522521973 38.2019805908203 38.4597320556641 38.4806594848633 38.5521240234375 38.5472564697266 38.4080009460449 38.3563957214355 38.2127647399902 37.9725799560547 37.9000129699707 37.7082366943359 37.3585586547852 36.7935409545898 36.5390625 36.6627922058105 37.0564842224121 37.1780891418457 36.8704528808594 36.5846176147461 36.7615623474121 36.712574005127 36.4326515197754 36.2521018981934 35.8127670288086 35.1340637207031 35.5206336975098 35.8431205749512
38.5965232849121 38.5748100280762 38.5423736572266 38.5196647644043 38.4907112121582 38.2043113708496 37.8347015380859 37.6322441101074 37.6415710449219 37.4643707275391 37.8765907287598 38.42333984375 38.6246643066406 38.6370315551758 38.5677490234375 38.4156036376953 38.2883338928223 38.1230239868164 38.0306510925293 38.2632827758789 38.3749809265137 38.4443435668945 38.4168586730957 38.5046615600586 38.4567565917969 38.3830223083496 38.25048828125 38.025806427002 37.9254112243652 37.7594032287598 37.4089088439941 37.2473564147949 36.8602638244629 36.7010383605957 36.656078338623 36.7850189208984 37.0257530212402 36.9076766967773 36.61181640625 36.4500503540039 36.2881889343262 36.1386871337891 35.9392356872559 35.6807136535645 35.1506423950195 35.4045715332031
38.619758605957 38.5850219726562 38.5513038635254 38.5453453063965 38.4873046875 38.3112831115723 38.0853424072266 37.5992736816406 37.5116767883301 37.6737480163574 38.0704650878906 38.4405097961426 38.5759086608887 38.5734443664551 38.4668922424316 38.3305206298828 38.0934066772461 38.0322647094727 38.1299476623535 38.1591377258301 38.2862129211426 38.2524147033691 38.1042098999023 38.3207359313965 38.4744758605957 38.3753395080566 38.2045707702637 38.0815963745117 37.9705772399902 37.8825149536133 37.7202568054199 37.5451393127441 37.283275604248 37.2381744384766 36.962043762207 36.6754570007324 36.7805061340332 36.8530387878418 36.6674346923828 36.5490913391113 36.4399795532227 36.2596893310547 35.7570037841797 35.4433784484863 35.5600128173828 35.5850372314453
38.6255569458008 38.6426048278809 38.6033782958984 38.5766105651855 38.4857788085938 38.3972969055176 38.3219757080078 38.0224990844727 37.6334419250488 37.7183647155762 37.8601531982422 38.1281089782715 38.3732223510742 38.4168243408203 38.3703956604004 38.2568435668945 38.0964126586914 37.9945869445801 37.9053840637207 37.9465980529785 38.1488647460938 38.1692390441895 37.9693183898926 38.308048248291 38.4879188537598 38.3978614807129 38.2751083374023 38.1510162353516 38.0887832641602 37.9948387145996 37.8953819274902 37.7236938476562 37.4520416259766 37.6290512084961 37.5190849304199 37.2027320861816 36.8424873352051 36.7574424743652 36.8687858581543 37.2273292541504 36.6032867431641 36.3936767578125 36.0652160644531 35.5000762939453 35.4498443603516 35.3567199707031
