inst/extdata/Tmax/Tmax31.asc
NCOLS 100 
NROWS 79 
XLLCORNER 148.06 
YLLCORNER -21.49 
CELLSIZE 0.01 
NODATA_value -3.4e+38 
[rows 40 to 59 of 79, columns 46 to 91 of 100]
24.4387378692627 25.8668270111084 25.5277976989746 26.3514938354492 28.5378532409668 28.4604606628418 28.313455581665 26.2299175262451 25.9497375488281 26.5387878417969 28.1048183441162 30.0335273742676 30.549186706543 30.039400100708 29.3106918334961 31.0359859466553 31.9599704742432 31.4380302429199 32.4905242919922 32.4585037231445 31.8126316070557 32.4908027648926 30.319953918457 29.1413955688477 30.5860462188721 31.5184020996094 32.0639305114746 31.2768020629883 31.0860080718994 31.2405548095703 30.8707122802734 31.9878597259521 30.7672901153564 27.9081439971924 29.5568180084229 33.9138984680176 32.2707633972168 30.7182178497314 28.5543441772461 27.9091205596924 27.3958950042725 30.2416324615479 30.6200866699219 30.0162239074707 31.3597030639648 28.5960597991943
25.762731552124 25.8914947509766 27.2952728271484 28.6508731842041 29.255012512207 28.711124420166 28.1461524963379 27.9612655639648 29.3142585754395 29.5788726806641 32.2446098327637 31.0356426239014 30.8280391693115 30.5259246826172 29.9622097015381 31.9244823455811 32.0518646240234 31.8780899047852 32.9375762939453 33.2204627990723 31.1247291564941 31.5215454101562 27.7905673980713 33.580005645752 34.767520904541 30.3252601623535 32.2743072509766 31.3053188323975 31.5088653564453 30.6681861877441 31.2698612213135 31.8258686065674 31.6818370819092 30.7821674346924 31.2040233612061 33.223518371582 31.503927230835 30.9426116943359 30.6641387939453 30.3619537353516 29.9504661560059 29.4805488586426 30.8564987182617 30.5187320709229 30.50124168396 29.971529006958
27.1466636657715 28.1591186523438 28.0736465454102 30.0405769348145 35.1066017150879 32.5702095031738 30.1137428283691 29.40842628479 30.5203895568848 32.1809959411621 32.3206367492676 31.8927440643311 32.1837425231934 31.7485370635986 33.4935989379883 32.0404891967773 31.8972473144531 31.5654373168945 31.9964370727539 32.7246742248535 31.7953128814697 31.3165454864502 31.0078506469727 35.0926742553711 28.4839382171631 35.1711845397949 34.4070701599121 30.2541484832764 29.6147480010986 32.2002067565918 31.8926181793213 32.2236671447754 31.5070095062256 30.8707733154297 31.2644958496094 30.0815544128418 30.2581615447998 29.6938972473145 29.7355003356934 30.1920833587646 31.3622093200684 31.4690322875977 31.8272724151611 30.5089435577393 32.5316925048828 32.483570098877
30.6211032867432 31.393627166748 31.5451965332031 31.6849555969238 32.4133720397949 31.9161033630371 31.5820198059082 31.2007598876953 31.529935836792 31.9097595214844 32.5975341796875 32.6190032958984 32.8255271911621 32.7355575561523 32.2237243652344 31.7834300994873 31.4465427398682 31.6551818847656 32.3714637756348 29.9754905700684 32.234992980957 32.2721672058105 32.0880699157715 31.4316692352295 30.8807563781738 32.6559944152832 31.8802070617676 31.3927001953125 32.0183563232422 33.742603302002 33.120002746582 33.5709190368652 31.3682098388672 30.7717895507812 30.6168823242188 33.1528968811035 32.6297035217285 30.6899299621582 31.6422996520996 32.7155876159668 33.3311195373535 32.4887542724609 30.931547164917 35.1757850646973 32.7397193908691 30.7283573150635
30.4828548431396 30.6715965270996 30.6589107513428 31.0226268768311 32.5959014892578 33.254467010498 32.6536674499512 31.8291244506836 32.209846496582 31.8917198181152 31.6093654632568 31.5827770233154 31.1839618682861 31.0600852966309 30.8972053527832 31.4827861785889 29.8655338287354 30.7205867767334 31.7586765289307 32.1256446838379 33.083854675293 33.7243232727051 33.473461151123 32.5354042053223 30.3994235992432 30.8538036346436 31.2573490142822 31.7460842132568 33.9721717834473 34.3122596740723 32.9611434936523 31.7135200500488 30.6535663604736 31.3558921813965 31.0158939361572 33.0515670776367 31.7487487792969 30.5872993469238 31.8575420379639 30.3591232299805 30.9941673278809 32.5684394836426 32.994197845459 32.959285736084 35.8501663208008 32.7484245300293
26.5932998657227 28.1027984619141 29.6815376281738 28.0163841247559 29.6998882293701 30.3888835906982 30.228494644165 30.5366096496582 30.843656539917 30.9666309356689 27.9458904266357 28.1347637176514 28.3174629211426 26.4823760986328 27.49196434021 28.5096397399902 30.8637008666992 31.061206817627 31.0055084228516 31.1269264221191 32.9177665710449 32.7184448242188 32.0798263549805 32.0610771179199 32.1579513549805 32.6370239257812 32.617115020752 32.5870552062988 32.2175064086914 32.412712097168 32.065113067627 33.2148818969727 34.0770072937012 34.5530128479004 32.5345573425293 32.2773590087891 31.7708358764648 31.6146335601807 31.5905609130859 31.3123340606689 31.1604099273682 32.2310028076172 32.4050827026367 31.1047248840332 33.4213829040527 35.7780151367188
24.7342090606689 26.2083110809326 25.8074493408203 25.5816135406494 26.7079925537109 27.1312103271484 27.3042106628418 27.9031848907471 28.4846000671387 27.7160301208496 27.3405246734619 26.7038040161133 27.0603637695312 26.9352207183838 27.2782402038574 28.5583648681641 31.2541389465332 31.0218353271484 30.3730945587158 32.272891998291 32.7264747619629 33.1417236328125 32.2387657165527 31.5503063201904 34.1857032775879 34.3527412414551 33.3951263427734 32.6683311462402 31.7328853607178 31.645206451416 32.8531074523926 32.6763954162598 32.1184349060059 32.4436950683594 32.7274589538574 35.3465423583984 32.1485214233398 32.3366584777832 31.2528877258301 31.1233806610107 31.1034870147705 33.7496070861816 31.7776889801025 34.6480865478516 33.2603530883789 32.7197418212891
25.1224403381348 25.058126449585 24.94313621521 25.0461826324463 24.9141178131104 25.3403301239014 26.440616607666 27.4839172363281 27.7661247253418 27.5682964324951 28.1983699798584 27.5923805236816 27.6230449676514 29.1116275787354 29.8703422546387 31.3614978790283 32.0050430297852 31.9197673797607 32.0553665161133 33.434642791748 36.1423873901367 33.8602485656738 31.7824401855469 32.8264656066895 34.0682907104492 33.6675605773926 33.0083885192871 35.9244346618652 33.0681114196777 33.3227310180664 33.3477935791016 30.7993812561035 30.6578140258789 30.9934711456299 30.7762012481689 30.7799530029297 32.1910514831543 31.1984882354736 30.3010272979736 34.0586128234863 33.8110885620117 35.7779846191406 32.3589935302734 34.4731941223145 34.2190017700195 34.1594429016113
24.9158058166504 26.9165840148926 25.2607097625732 24.8878707885742 24.7981700897217 24.7660236358643 24.9574089050293 27.1102695465088 27.8649253845215 28.0299320220947 27.9358711242676 28.0060939788818 33.3164291381836 34.4280815124512 34.9255409240723 31.2669944763184 33.1277732849121 29.4823169708252 35.1186103820801 35.009952545166 34.7090644836426 34.971019744873 34.3483085632324 33.9135437011719 33.6145515441895 31.7088928222656 32.8953895568848 34.0352325439453 36.1823387145996 35.4560699462891 35.1970252990723 35.9492835998535 35.0487480163574 31.0857353210449 32.0545425415039 36.4515342712402 35.6236305236816 32.6126937866211 32.4251670837402 32.2427597045898 30.325740814209 30.8595695495605 31.4882068634033 32.4029273986816 31.5473766326904 32.1854438781738
26.8388996124268 27.5250415802002 28.7209510803223 25.7843856811523 25.3123989105225 26.1710262298584 25.9939956665039 27.051794052124 27.4073791503906 28.000114440918 32.3170700073242 33.9082946777344 35.092227935791 35.1317253112793 35.6175422668457 28.7685279846191 31.9450397491455 29.0198440551758 29.3082256317139 31.8242053985596 31.8119926452637 36.0385589599609 32.4533920288086 33.3277969360352 33.0544815063477 32.174991607666 34.1308555603027 34.220329284668 34.7057800292969 34.7635688781738 34.5339775085449 32.906608581543 31.2463550567627 31.760929107666 32.422908782959 36.6409492492676 36.6085357666016 33.4294738769531 32.2862548828125 32.1363296508789 32.1222114562988 31.1061153411865 32.2953605651855 30.8994369506836 31.8940410614014 32.5493965148926
30.2493305206299 27.0313663482666 30.0172252655029 24.9638519287109 25.0880584716797 26.4122905731201 26.640022277832 27.3994045257568 28.1034355163574 28.620719909668 28.6320934295654 28.85280418396 33.5015106201172 34.185791015625 34.8062744140625 28.7328338623047 31.2037696838379 31.1115341186523 27.9607105255127 31.6929588317871 29.2393436431885 34.961856842041 32.5718803405762 34.1039047241211 32.5188102722168 33.5110664367676 32.5146179199219 32.134407043457 35.1577377319336 34.8523559570312 34.2469100952148 33.7302742004395 33.4097099304199 31.6327114105225 32.4766006469727 34.909797668457 36.2641410827637 34.3926773071289 33.2933578491211 33.8144950866699 32.3804130554199 31.2707786560059 31.3527603149414 30.4896354675293 31.9585552215576 32.7681465148926
25.7204990386963 24.3279666900635 24.845043182373 23.9392871856689 23.9311599731445 25.5952930450439 26.4927520751953 27.66455078125 28.0529861450195 28.3303203582764 28.5478553771973 28.207145690918 28.1344833374023 27.7013816833496 28.194128036499 31.3562564849854 29.1074886322021 31.89963722229 28.761302947998 31.1532154083252 30.9769592285156 31.8423519134521 34.9166679382324 35.663402557373 32.8449974060059 33.0233573913574 33.7278022766113 31.9188556671143 32.2979125976562 35.7287673950195 34.1772384643555 33.5006332397461 32.9137001037598 31.2704067230225 31.1654949188232 32.8303642272949 33.2206687927246 33.0688743591309 32.491455078125 30.8214416503906 34.4576568603516 30.7803058624268 30.513355255127 30.1894378662109 30.2241535186768 31.5305957794189
24.0829734802246 29.7650165557861 30.5566635131836 24.1721534729004 24.130313873291 25.0280570983887 25.8277549743652 26.7329978942871 27.2663478851318 27.6143379211426 27.971471786499 27.7969093322754 27.8318386077881 28.2766189575195 28.6546993255615 29.0585327148438 31.7357006072998 32.1516075134277 32.0506896972656 32.5407333374023 31.0288867950439 32.1623992919922 33.7167167663574 35.79931640625 33.6433219909668 34.4415588378906 34.4124641418457 34.3470611572266 34.1452980041504 36.158130645752 35.0645523071289 34.5091285705566 34.5940856933594 34.9109153747559 32.0130081176758 31.0871067047119 32.2832908630371 29.7396049499512 31.2710418701172 31.5851135253906 31.6876983642578 30.681188583374 35.1796569824219 31.6714897155762 30.2749156951904 30.0591278076172
24.9346237182617 24.121883392334 29.9966163635254 24.7956848144531 24.9351406097412 25.8913555145264 25.7849025726318 26.5703411102295 27.7002201080322 28.2243251800537 28.5446548461914 28.6629199981689 28.7151489257812 32.4116401672363 32.4370880126953 29.4198379516602 29.1935596466064 29.3398723602295 29.3680267333984 32.1765480041504 31.6966342926025 31.8958492279053 29.3965110778809 30.5652008056641 31.4059371948242 33.1948204040527 32.5699310302734 33.6684226989746 35.6955795288086 33.233283996582 33.1223030090332 32.2019500732422 32.5684852600098 33.4415893554688 31.8421115875244 31.465124130249 29.4650650024414 28.6965885162354 28.9195308685303 27.8124256134033 33.6415634155273 32.2137756347656 33.3916931152344 33.0226669311523 35.018367767334 30.7956027984619
25.9992694854736 25.0098209381104 24.548168182373 25.0870800018311 25.6559410095215 26.589822769165 26.6563091278076 26.9858798980713 27.256233215332 27.9140663146973 27.9667358398438 30.7181911468506 31.6748943328857 28.869966506958 33.1943397521973 32.580867767334 33.0597877502441 29.6686134338379 32.4607009887695 32.2607040405273 32.2998008728027 31.3621654510498 30.3115081787109 32.3527374267578 34.1944427490234 34.4042282104492 32.5059623718262 33.020824432373 32.1867713928223 34.0812377929688 34.3301162719727 32.9434051513672 34.2525901794434 32.1218490600586 34.6532440185547 31.6815147399902 35.3014869689941 31.6308612823486 31.9830150604248 30.4221210479736 31.6024608612061 32.141471862793 31.4572639465332 31.7562522888184 32.6261978149414 33.6307182312012
25.6038951873779 25.087646484375 24.7214698791504 26.0042343139648 26.6516628265381 27.2056255340576 27.8880100250244 28.2392444610596 28.2182331085205 28.5748748779297 28.4640064239502 30.6375255584717 31.3446826934814 32.8999710083008 33.0923500061035 32.5965881347656 33.0013618469238 33.4021453857422 32.8446998596191 29.7035884857178 32.2682571411133 31.3955307006836 32.163932800293 32.2193603515625 33.4903678894043 34.2573623657227 34.5291061401367 35.1000747680664 32.4255447387695 32.9263305664062 30.1535167694092 32.4546737670898 33.8235244750977 35.6983833312988 34.6962966918945 28.8016891479492 31.3908462524414 32.269474029541 30.7734184265137 31.7698001861572 33.7336387634277 32.9477005004883 32.3239631652832 32.7268600463867 32.2896537780762 32.151008605957
25.6125774383545 24.837230682373 24.1825771331787 25.5771160125732 26.8600730895996 27.3440933227539 26.6952285766602 28.0749588012695 27.7272777557373 27.103666305542 28.3653888702393 28.0512142181396 28.3915596008301 31.2655792236328 28.9289493560791 32.2792358398438 32.4128837585449 32.4195594787598 32.998893737793 31.0267066955566 31.9162178039551 32.394702911377 31.9613456726074 29.6349544525146 32.1325531005859 34.3038558959961 33.3406524658203 32.5319747924805 32.7558288574219 32.9382019042969 30.0387210845947 28.0825424194336 29.0056800842285 32.0349655151367 28.1760482788086 27.9443283081055 32.322582244873 31.727165222168 32.5422592163086 31.287561416626 33.5480537414551 34.7677345275879 31.1422252655029 31.4386119842529 32.3550262451172 32.9793128967285
26.0398998260498 24.9851417541504 25.0730419158936 25.6502208709717 26.5396175384521 27.002534866333 27.5167751312256 27.5649719238281 26.3128108978271 25.8814830780029 27.7690505981445 26.4033203125 26.9161071777344 27.2104377746582 30.9551029205322 31.8337879180908 29.1835231781006 32.4525947570801 29.8451671600342 33.3141746520996 32.9007759094238 33.2073860168457 32.6922187805176 32.3732261657715 31.5519523620605 32.7718544006348 33.6084136962891 32.6043395996094 31.9884548187256 33.6281509399414 31.8031997680664 29.2948017120361 32.4214630126953 31.4042663574219 25.8415966033936 30.466760635376 31.6055583953857 32.0898056030273 32.4363212585449 34.1411209106445 32.0714378356934 34.4613914489746 32.2014503479004 32.4308319091797 31.9149494171143 31.7956314086914
26.0636425018311 25.7422676086426 25.458963394165 25.6202430725098 26.3190155029297 27.0340023040771 26.9872226715088 26.7683486938477 26.1229000091553 27.1539115905762 27.3632926940918 26.1337356567383 26.4466152191162 26.6625308990479 27.9957752227783 28.3836994171143 32.1364288330078 29.312406539917 32.6486206054688 32.9281578063965 32.740909576416 33.0857391357422 31.3172416687012 32.8220596313477 32.0842514038086 32.1683044433594 31.9163684844971 33.0554618835449 31.3077163696289 31.2560119628906 32.9582786560059 32.6823234558105 29.2085304260254 31.1188259124756 31.796781539917 32.6976547241211 29.6717128753662 32.1678695678711 34.5513076782227 31.8983783721924 32.9062461853027 32.0322685241699 32.4967308044434 34.3327598571777 33.8249816894531 31.5251293182373
25.470308303833 25.3895854949951 24.9284496307373 25.3481979370117 25.9172267913818 25.7750759124756 26.4774646759033 26.923885345459 27.3206443786621 27.3801670074463 27.3833465576172 27.6408710479736 30.9329071044922 31.6857051849365 31.5504150390625 28.3037700653076 29.0393486022949 32.8576202392578 30.2203063964844 32.368824005127 32.7021865844727 33.3004989624023 33.393798828125 32.7073707580566 32.9055633544922 31.8409309387207 32.2793655395508 32.1746444702148 31.3575649261475 33.3037757873535 33.6640319824219 34.5042419433594 30.9014835357666 31.7943248748779 31.6908683776855 27.5013980865479 30.4888591766357 33.2624130249023 35.184196472168 29.9023132324219 32.3379936218262 32.5458450317383 31.8678760528564 30.6470317840576 32.1855392456055 32.9379615783691
