inst/extdata/Tmax/Tmax76.asc
NCOLS 100 
NROWS 79 
XLLCORNER 148.06 
YLLCORNER -21.49 
CELLSIZE 0.01 
NODATA_value -3.4e+38 
[rows 0 to 19 of 79, columns 0 to 45 of 100]
42.087146759033203 41.6987495422363 40.5601272583008 41.0055732727051 41.1911239624023 41.7191429138184 41.9693260192871 42.1922874450684 42.156982421875 41.9585113525391 41.3985023498535 41.1598358154297 41.0774383544922 39.6093902587891 40.2080764770508 40.7307205200195 41.225887298584 41.189510345459 40.2176246643066 39.4291381835938 39.2690849304199 38.1564521789551 38.6854057312012 40.2509574890137 40.8902397155762 41.2138977050781 41.0850028991699 41.147876739502 40.7771835327148 40.3365211486816 39.2783851623535 37.023509979248 38.5798873901367 38.4912376403809 37.0538558959961 35.7412033081055 35.6172714233398 35.1754875183105 36.1123657226562 38.3944206237793 40.301570892334 40.6558570861816 41.5761528015137 42.004524230957 42.2257766723633 42.3920211791992
41.8603630065918 41.2554550170898 40.3491020202637 40.4736862182617 39.8114013671875 40.9170341491699 41.6176338195801 42.0313758850098 42.2072257995605 42.0765838623047 41.673511505127 41.3027534484863 41.458194732666 40.9615058898926 40.7764167785645 40.653018951416 41.1802597045898 41.2200736999512 40.0207862854004 39.3139038085938 39.9673881530762 39.6710968017578 39.5510406494141 40.1054229736328 40.695613861084 40.9370460510254 41.3105964660645 41.2486953735352 40.9993667602539 40.7496643066406 39.7225341796875 38.0195350646973 39.4718856811523 38.9760475158691 38.1664428710938 37.0047340393066 36.4819755554199 36.9482040405273 38.2840309143066 39.6917152404785 41.5739974975586 42.1112060546875 42.2680931091309 42.2766304016113 42.3521919250488 42.4110565185547
41.836540222168 40.8813858032227 41.0230751037598 41.1938400268555 40.6586647033691 40.8156852722168 41.3200836181641 42.0374450683594 42.2781066894531 42.1247749328613 41.7835655212402 41.6354637145996 41.540168762207 41.4897117614746 41.1337509155273 40.9668006896973 41.2508354187012 41.4419822692871 40.7487144470215 40.5305213928223 40.3656578063965 39.9765625 39.7093849182129 39.8754692077637 40.9399108886719 41.2910308837891 41.1106033325195 41.0876998901367 41.1016693115234 40.7287139892578 40.8146514892578 39.5978584289551 39.916877746582 38.4013519287109 38.0429229736328 37.2765159606934 36.6566467285156 36.0876770019531 37.3657531738281 38.8708763122559 40.6231842041016 41.9188079833984 42.3226203918457 42.4159126281738 42.4012870788574 42.3531265258789
42.0830307006836 41.67626953125 41.2685852050781 42.049072265625 41.4300422668457 40.9252243041992 41.4033088684082 42.1263580322266 42.3549575805664 42.2003555297852 42.0345001220703 41.9987335205078 41.8832168579102 41.6938514709473 41.1702537536621 40.974437713623 41.4458999633789 41.5086784362793 41.2485466003418 40.6827125549316 40.2991943359375 39.8445205688477 39.9582633972168 39.9293823242188 40.6802520751953 41.2444152832031 40.8093109130859 41.1507530212402 40.9346160888672 39.9103622436523 40.6294174194336 40.7361831665039 39.8106918334961 38.2670593261719 37.5782928466797 36.5202369689941 36.8708992004395 36.274829864502 36.1479988098145 35.5655555725098 37.5002632141113 40.9051513671875 42.0771064758301 42.3645935058594 42.0608673095703 41.9447326660156
42.769172668457 42.0999450683594 41.8025703430176 42.3319129943848 42.0544052124023 41.2666511535645 41.3234939575195 42.1530113220215 42.3574562072754 41.9003410339355 41.921817779541 42.1928024291992 42.0505180358887 41.7138366699219 41.272403717041 41.483211517334 41.6096496582031 41.2854995727539 40.7239074707031 39.8246154785156 40.0701179504395 40.2948532104492 40.4738502502441 40.736988067627 40.7623405456543 40.3607635498047 41.3206100463867 40.8331985473633 40.683666229248 40.0799713134766 40.5514221191406 40.3374481201172 39.9630928039551 38.740550994873 38.1145668029785 38.5202941894531 38.1477546691895 37.4838981628418 36.8317108154297 35.939380645752 35.5248947143555 39.8026733398438 41.7013206481934 42.2400283813477 41.3926467895508 40.5026321411133
42.949821472168 42.6586036682129 41.7806739807129 42.3435935974121 42.4508819580078 41.9382781982422 41.594539642334 42.1886405944824 42.4101219177246 42.0589714050293 41.9342041015625 42.288158416748 42.1045379638672 41.7697105407715 40.9543991088867 41.6160621643066 41.5353355407715 40.9705810546875 40.2997779846191 39.7940139770508 39.9358177185059 40.2723960876465 40.6859664916992 40.702033996582 41.0952262878418 40.9749755859375 41.1021995544434 40.1390228271484 40.1514511108398 38.8062744140625 39.7481994628906 40.3730049133301 40.5122528076172 40.1086311340332 39.6781311035156 39.6145782470703 38.5716934204102 37.9764938354492 37.5857353210449 36.5871391296387 35.9831428527832 39.2567100524902 41.5500450134277 42.1795043945312 41.5797653198242 38.9867668151855
43.1814651489258 42.8724060058594 42.3983459472656 42.6316070556641 42.5846633911133 42.1219367980957 41.3087043762207 42.0409393310547 42.2984619140625 42.4933738708496 42.4344139099121 42.2475090026855 41.7172966003418 41.8785820007324 41.857177734375 41.6910820007324 41.4678115844727 40.7605514526367 40.5087280273438 40.144229888916 39.430248260498 39.7033081054688 40.318244934082 40.8312301635742 41.3012351989746 41.2235374450684 41.2729415893555 40.5842399597168 40.1405143737793 38.6380233764648 38.6638336181641 38.8271369934082 40.064624786377 40.2993011474609 39.7304611206055 39.6083641052246 38.8981857299805 37.1707420349121 37.4903526306152 36.9563827514648 36.7735633850098 39.0185089111328 41.2781257629395 41.8849067687988 41.6254806518555 39.5387649536133
43.1701812744141 43.065601348877 42.7092056274414 42.7637481689453 42.7287750244141 42.4051208496094 41.6664276123047 41.5224533081055 41.941333770752 42.4014511108398 42.5598335266113 42.1950302124023 41.3439445495605 41.6489448547363 41.9640274047852 41.0947608947754 41.0552787780762 40.0866737365723 40.0101776123047 39.7304878234863 38.8996810913086 39.513011932373 40.086784362793 40.8209991455078 41.450626373291 41.4857864379883 40.9757041931152 40.4060287475586 40.1933288574219 39.2332725524902 37.5847625732422 37.9654960632324 38.4130020141602 39.1902847290039 39.7050247192383 38.9518890380859 39.0606918334961 37.9594955444336 36.7192916870117 37.097785949707 37.3843650817871 38.8314018249512 40.1461524963379 41.4560852050781 41.4101066589355 39.1172370910645
42.8466033935547 43.1573524475098 42.9571990966797 42.9117126464844 42.7587738037109 42.4576568603516 42.0026969909668 41.4187698364258 41.6625671386719 42.3499984741211 42.5725555419922 42.515926361084 42.2628440856934 42.0853576660156 41.6328811645508 40.6677322387695 40.9413414001465 40.6278266906738 40.8227119445801 39.6583099365234 39.6783790588379 39.5000114440918 39.6486930847168 40.5398941040039 41.3211669921875 41.5775413513184 40.4068870544434 39.2866897583008 39.4180679321289 39.3191184997559 38.5845031738281 37.8954582214355 37.3706359863281 37.9752883911133 39.1548233032227 38.3945693969727 38.111083984375 38.0676612854004 36.8934288024902 36.5085983276367 36.8049201965332 36.9617042541504 38.1166114807129 40.1783447265625 40.7953453063965 39.2145576477051
42.4596214294434 43.0205421447754 43.118293762207 42.9521789550781 42.7023468017578 42.5636291503906 42.3172454833984 41.7367935180664 41.3282089233398 42.2300872802734 42.556526184082 42.0477981567383 41.1349143981934 41.2402420043945 41.394359588623 41.3810615539551 41.4507026672363 41.2652282714844 41.0134010314941 40.6284103393555 40.2261009216309 39.4240036010742 39.8719253540039 40.9724578857422 41.5784492492676 41.4638442993164 40.571605682373 40.3733940124512 39.7352638244629 39.0942497253418 37.5278167724609 37.0584983825684 38.4357719421387 38.2757606506348 38.0309638977051 37.7521934509277 37.4909057617188 37.881519317627 37.2117614746094 36.293872833252 36.3543739318848 35.7502212524414 36.7595062255859 38.2554969787598 38.6806488037109 37.8946304321289
42.0246238708496 42.4582901000977 43.1236724853516 43.0160751342773 42.8607711791992 42.7698364257812 42.5344467163086 42.0687217712402 42.0659370422363 42.3885955810547 42.5937461853027 42.1139259338379 41.6974906921387 40.7447280883789 40.987907409668 41.3831520080566 41.574390411377 41.8392639160156 41.269832611084 41.0297775268555 40.5262680053711 40.0634918212891 40.1787948608398 40.9368743896484 41.5261306762695 41.4223213195801 40.5404281616211 39.5767822265625 38.3124618530273 38.3286895751953 37.8884582519531 37.8329086303711 38.9465560913086 38.6374855041504 37.5132179260254 37.2095680236816 37.8246421813965 37.4793319702148 37.0162925720215 36.3427810668945 36.4311828613281 36.1350975036621 35.7873382568359 36.642032623291 37.2101287841797 37.6274528503418
41.7956848144531 41.9092483520508 43.062873840332 43.0808944702148 42.9881057739258 42.8441772460938 42.6356239318848 42.2177619934082 42.2867889404297 42.6864128112793 42.6354866027832 42.3955039978027 41.934928894043 41.3094787597656 41.1950569152832 41.6137619018555 42.0490760803223 42.0435829162598 41.7212829589844 41.1349639892578 40.4911880493164 40.0738754272461 40.3054428100586 40.5234107971191 40.8296012878418 41.2935752868652 40.0399398803711 39.0215034484863 38.2630615234375 38.587028503418 38.6922378540039 38.6008186340332 39.1582221984863 38.4934844970703 38.1914253234863 38.0967330932617 37.5667495727539 36.8424987792969 37.5251045227051 37.8373794555664 37.3025512695312 36.7612838745117 36.1348991394043 36.693416595459 37.3825874328613 37.9115295410156
41.9934387207031 42.6734771728516 43.0375862121582 43.0046691894531 43.038143157959 42.9319267272949 42.7645835876465 42.2932929992676 42.4254035949707 42.8489646911621 42.6095352172852 42.5335578918457 42.2715835571289 42.3857345581055 42.2771377563477 42.2715911865234 42.3135147094727 42.215991973877 41.9413223266602 41.2737045288086 40.9360008239746 41.1652374267578 41.5310745239258 41.8584442138672 41.6855735778809 41.1493034362793 40.9093055725098 40.2829208374023 39.8257522583008 39.6058921813965 39.7091217041016 39.4565925598145 39.3511428833008 38.6268157958984 37.9252891540527 37.3710403442383 36.706672668457 38.1291809082031 38.5177383422852 38.4671859741211 36.7771453857422 36.7126846313477 36.1606178283691 35.8985023498535 37.4570541381836 38.1965179443359
42.5519027709961 42.8561515808105 42.9464492797852 42.859676361084 42.8979187011719 42.9799613952637 42.9197463989258 42.7817802429199 42.5304107666016 42.7291488647461 42.7089576721191 42.6314506530762 42.4833068847656 42.3693046569824 42.2488212585449 42.1668968200684 42.3832664489746 42.2761154174805 42.1090660095215 41.981128692627 41.8668212890625 41.8332557678223 41.5855674743652 41.7604637145996 41.1998863220215 39.892749786377 39.8485145568848 39.323860168457 38.6298217773438 39.6488265991211 40.0303649902344 39.9957580566406 39.043815612793 38.6713638305664 38.5362854003906 38.4819831848145 38.4704055786133 38.0901947021484 38.910099029541 39.3736610412598 38.7217292785645 38.1663627624512 37.3592720031738 36.6901779174805 38.0543556213379 38.7159309387207
41.5407371520996 42.3143692016602 42.883358001709 42.8125419616699 42.6707382202148 42.8184623718262 42.778751373291 42.5793609619141 42.0526084899902 42.1337585449219 42.5875091552734 42.351993560791 41.6858863830566 41.9255104064941 42.186206817627 41.4859466552734 42.0815773010254 42.3310241699219 42.2840766906738 42.2378883361816 42.1838836669922 41.668586730957 40.8524589538574 41.3858909606934 41.182861328125 40.8485260009766 40.7751159667969 40.3460121154785 39.8929595947266 40.2528686523438 40.2149505615234 39.8913879394531 39.3344306945801 39.6674575805664 39.6377105712891 38.4518585205078 39.1823577880859 38.1204605102539 38.5506706237793 39.5513572692871 39.5443153381348 39.2395057678223 38.2797050476074 37.2497062683105 38.0686340332031 39.0680122375488
40.5766792297363 41.7311630249023 42.7072296142578 42.8938789367676 42.8260231018066 42.812313079834 42.6946563720703 42.5699348449707 42.308162689209 41.6625213623047 41.1667709350586 42.1393127441406 41.0788803100586 40.7010879516602 41.852108001709 41.4078330993652 41.4093208312988 42.0277099609375 42.084831237793 42.1060752868652 42.1385612487793 42.1209716796875 41.9605140686035 41.6729621887207 41.1443481445312 40.6648864746094 40.7101402282715 40.6430244445801 40.5883674621582 40.3702812194824 40.1697006225586 39.6617088317871 39.3272171020508 40.169116973877 40.0301971435547 39.7030906677246 39.7315711975098 39.0231018066406 38.5987892150879 39.4839630126953 39.7529830932617 38.9726905822754 37.3832626342773 36.1654930114746 36.6243553161621 38.7946815490723
41.6639442443848 41.4872779846191 42.2367935180664 42.4981651306152 42.8074226379395 42.786792755127 42.6498680114746 42.4904441833496 42.3112754821777 41.9574127197266 41.1513862609863 41.703742980957 40.3863525390625 40.0969276428223 41.0728912353516 40.9097938537598 40.069393157959 41.4783668518066 41.4917221069336 41.4874114990234 41.840503692627 42.0616569519043 41.9553642272949 41.4245643615723 40.3711624145508 39.6630516052246 39.2023239135742 39.6353034973145 40.3571128845215 39.6480407714844 39.3956413269043 38.4660453796387 39.3760452270508 40.4656524658203 40.2495269775391 40.0225639343262 40.0977668762207 39.5722808837891 39.1281242370605 39.5093116760254 39.7852478027344 38.4013137817383 37.1786842346191 37.5853271484375 38.0437698364258 38.8088455200195
41.8116340637207 42.2832336425781 42.3922843933105 42.4297790527344 42.6307411193848 42.7234764099121 42.6591262817383 42.5718383789062 42.3927764892578 41.8283157348633 41.348258972168 40.8860626220703 40.4000549316406 39.9716758728027 40.6398849487305 40.4826622009277 40.540454864502 40.3272514343262 40.0316543579102 40.0303039550781 41.5095520019531 41.8721961975098 41.8669548034668 41.7516441345215 41.019416809082 39.5982513427734 37.9099540710449 38.9267768859863 39.9477081298828 38.7920036315918 39.2791366577148 40.0203323364258 40.41015625 40.7754936218262 40.6845817565918 40.4528427124023 39.8674354553223 38.8539657592773 39.4414901733398 39.7491264343262 40.1717796325684 39.7610092163086 39.5842323303223 39.5777053833008 39.5378265380859 38.8562660217285
42.0901718139648 42.0999336242676 41.9221954345703 42.0710372924805 42.663013458252 42.5500946044922 42.5849952697754 42.5853118896484 42.4885139465332 42.0630645751953 40.6924591064453 40.8158226013184 40.3011856079102 39.0859489440918 39.8672256469727 39.6058044433594 39.4270706176758 38.6915168762207 39.6316833496094 40.1076126098633 41.4889335632324 41.5371856689453 41.7310028076172 41.8829612731934 40.8300094604492 39.5292434692383 38.1515274047852 39.1097450256348 39.882884979248 39.2959327697754 39.9249496459961 40.4911918640137 40.9883041381836 41.0155601501465 40.486686706543 40.182445526123 39.7483444213867 39.4370574951172 40.110668182373 40.2380981445312 40.308235168457 40.2326469421387 40.0900840759277 39.3073883056641 38.2931022644043 38.2684440612793
42.2516326904297 42.2645874023438 42.2485427856445 42.0922737121582 42.6603088378906 42.6791954040527 42.6189384460449 42.5690765380859 42.5040550231934 42.3984870910645 42.0086212158203 41.1029777526855 40.1171798706055 38.8786735534668 39.207633972168 39.1635627746582 38.7092628479004 38.9920120239258 39.245792388916 40.5114555358887 41.4976234436035 40.9955635070801 41.8874473571777 41.7162437438965 41.000862121582 40.7229270935059 39.4408149719238 39.5832366943359 40.0299606323242 39.8370475769043 40.6056632995605 40.5822448730469 41.1485176086426 41.0805778503418 40.914852142334 40.6310806274414 39.614616394043 39.8434104919434 40.1864585876465 40.200569152832 40.2631874084473 40.1153030395508 40.0329895019531 39.4233245849609 39.352710723877 39.2151679992676
