inst/extdata/Tmax/Tmax43.asc
NCOLS 100 
NROWS 79 
XLLCORNER 148.06 
YLLCORNER -21.49 
CELLSIZE 0.01 
NODATA_value -3.4e+38 
[rows 40 to 59 of 79, columns 46 to 91 of 100]
20.8820667266846 22.3102340698242 21.9726905822754 22.8003807067871 24.9944553375244 24.9164619445801 24.7684268951416 22.6785221099854 22.3959503173828 22.9857158660889 24.55051612854 26.4689865112305 26.9832344055176 26.4662990570068 25.7392807006836 27.448450088501 28.3627376556396 27.8376770019531 28.8807735443115 28.8386554718018 28.1834735870361 28.8687152862549 26.6816139221191 25.4867553710938 26.9188785552979 27.838623046875 28.3745517730713 27.584156036377 27.3765773773193 27.5137023925781 27.1313056945801 28.238374710083 27.012487411499 24.1831684112549 25.807954788208 30.1238079071045 28.4684200286865 26.9035778045654 24.7137050628662 24.0755443572998 23.5844554901123 26.3872299194336 26.7307968139648 26.1202964782715 27.4300289154053 24.6444129943848
22.1886291503906 22.3208675384521 23.724630355835 25.0801219940186 25.6883697509766 25.1402320861816 24.5766925811768 24.3899002075195 25.7397785186768 26.000997543335 28.6608333587646 27.4401111602783 27.2285938262939 26.9204254150391 26.3524761199951 28.3031253814697 28.4224510192871 28.2419471740723 29.2938842773438 29.5676231384277 27.4628524780273 27.859920501709 24.1331615447998 29.905647277832 31.084602355957 26.6199378967285 28.5503482818604 27.5802631378174 27.7717514038086 26.9086151123047 27.4960041046143 28.040002822876 27.8857860565186 26.9897918701172 27.3886775970459 29.3911209106445 27.6628131866455 27.0854454040527 26.7864685058594 26.4628105163574 26.0763282775879 25.5770778656006 26.9069557189941 26.5581665039062 26.5158882141113 25.9687175750732
23.5592231750488 24.571870803833 24.4860153198242 26.4513740539551 31.5144672393799 28.9721584320068 26.5163154602051 25.8112163543701 26.9164657592773 28.5687999725342 28.7046451568604 28.2671794891357 28.5518093109131 28.1115856170654 29.8503856658936 28.3884925842285 28.2373695373535 27.8978538513184 28.3208694458008 29.0402908325195 28.1030521392822 27.6331958770752 27.3192558288574 31.383092880249 24.7759056091309 31.441011428833 30.6546211242676 26.491792678833 25.841157913208 28.4075469970703 28.0858364105225 28.4030933380127 27.6729946136475 27.0246162414551 27.4055786132812 26.2161140441895 26.413366317749 25.8073787689209 25.8143615722656 26.2538890838623 27.4097633361816 27.5003204345703 27.8367176055908 26.4987545013428 28.5014934539795 28.4349994659424
27.0105266571045 27.7819709777832 27.9313545227051 28.0681419372559 28.7919139862061 28.2907295227051 27.9542579650879 27.5719604492188 27.8949565887451 28.2670402526855 28.9494724273682 28.9644718170166 29.1652164459229 29.0693244934082 28.5501403808594 28.1027355194092 27.7591686248779 27.9599494934082 28.6668643951416 26.2610931396484 28.511682510376 28.5437431335449 28.3547992706299 27.6838092803955 27.1247901916504 28.8994731903076 28.1045608520508 27.5980415344238 28.2073307037354 29.9178981781006 29.2816600799561 29.7187404632568 27.5022850036621 26.8919906616211 26.7220420837402 29.2456226348877 28.7205944061279 26.7544937133789 27.6855354309082 28.7420349121094 29.3406200408936 28.4804019927979 26.9052257537842 31.1305160522461 28.6753959655762 26.6451435089111
26.8505573272705 27.0363922119141 27.0197467803955 27.3810787200928 28.9510383605957 29.6049003601074 28.9997463226318 28.1701049804688 28.5458164215088 28.2235450744629 27.9388751983643 27.9048023223877 27.501012802124 27.3748664855957 27.2019309997559 27.7774066925049 26.1543102264404 26.9987964630127 28.0261135101318 28.3827285766602 29.3307075500488 29.9637489318848 29.7093505859375 28.7666530609131 26.6140155792236 27.0524044036865 27.4427509307861 27.9180011749268 30.1310214996338 30.4570789337158 29.0925388336182 27.8310508728027 26.757604598999 27.445987701416 27.0901012420654 29.1112594604492 27.7928886413574 26.6151504516602 27.86989402771 26.3542861938477 26.9721450805664 28.5287914276123 28.9362049102783 28.8829364776611 31.7568454742432 28.6349353790283
22.9456233978271 24.4519538879395 26.0273666381836 24.358943939209 26.0370388031006 26.7194232940674 26.5559902191162 26.8574409484863 27.1598987579346 27.2801990509033 24.2642498016357 24.4478454589844 24.6239433288574 22.8022384643555 23.7943496704102 24.7925682067871 27.1284141540527 27.3105888366699 27.2439270019531 27.3553047180176 29.1359272003174 28.9301738739014 28.29123878479 28.2712841033936 28.3499164581299 28.810188293457 28.7748336791992 28.732515335083 28.3483448028564 28.5284309387207 28.1668605804443 29.302526473999 30.1505756378174 30.6118717193604 28.5788745880127 28.3080825805664 27.7857284545898 27.613245010376 27.5730323791504 27.2777805328369 27.1087970733643 28.1616382598877 28.3176574707031 26.9998626708984 29.2976493835449 31.6341781616211
21.0804309844971 22.5456581115723 22.144287109375 21.9174175262451 23.0349235534668 23.4523220062256 23.6214733123779 24.214693069458 24.7870941162109 24.0212707519531 23.6486625671387 23.0139427185059 23.3587894439697 23.2304534912109 23.5617046356201 24.8145408630371 27.4882316589355 27.2430801391602 26.5843524932861 28.4749507904053 28.9172534942627 29.321662902832 28.4179821014404 27.7277698516846 30.3551731109619 30.5025615692139 29.5269794464111 28.7845096588135 27.8333835601807 27.7317733764648 28.9252185821533 28.7340812683105 28.1617336273193 28.4727363586426 28.7430667877197 31.3477001190186 28.133674621582 28.3054256439209 27.2051544189453 27.0587902069092 27.0218601226807 29.6501502990723 27.6600360870361 30.512601852417 29.1060771942139 28.5488681793213
21.4519519805908 21.3872833251953 21.272985458374 21.3740463256836 21.2411556243896 21.6586856842041 22.7467079162598 23.7812976837158 24.058126449585 23.8578014373779 24.4768028259277 23.8682022094727 23.8960723876953 25.3696556091309 26.1164531707764 27.5820178985596 28.2115459442139 28.1167049407959 28.2444019317627 29.6111164093018 32.3056983947754 30.0117511749268 27.9264907836914 28.9671611785889 30.2092838287354 29.7886123657227 29.1116371154785 32.0105438232422 29.1392421722412 29.3793888092041 29.3901443481445 26.8278503417969 26.6731910705566 26.9956798553467 26.7645931243896 26.7529983520508 28.1475849151611 27.138090133667 26.2240047454834 29.9647216796875 29.6998348236084 31.6487693786621 28.2117156982422 30.3078804016113 30.0404663085938 29.9696636199951
21.233850479126 23.2323474884033 21.5727653503418 21.2015285491943 21.1113109588623 21.0762004852295 21.2562828063965 23.3897838592529 24.1344718933105 24.2927989959717 24.1962776184082 24.2586498260498 29.5584678649902 30.6584377288818 31.1478576660156 27.4700927734375 29.3138046264648 25.6594066619873 31.2865428924561 31.1606464385986 30.846658706665 31.0975303649902 30.461742401123 30.0176200866699 29.7097835540771 27.7926292419434 28.9643249511719 30.0895709991455 32.2232437133789 31.483283996582 31.2107810974121 31.9502983093262 31.0371761322021 27.0626449584961 28.017147064209 32.3963851928711 31.5519905090332 28.5239906311035 28.3191299438477 28.1198787689209 26.1851387023926 26.7011337280273 27.3119716644287 28.2085418701172 27.338472366333 27.9616966247559
23.1409511566162 23.8236560821533 25.0177440643311 22.0835113525391 21.6037349700928 22.4507522583008 22.2699871063232 23.3100681304932 23.6552696228027 24.240327835083 28.5551681518555 30.1327838897705 31.3052291870117 31.3379364013672 31.8146800994873 24.9603023529053 28.1266307830811 25.1871757507324 25.4567623138428 27.9536190032959 27.9283638000488 32.1437568664551 28.5411949157715 29.4028606414795 29.117223739624 28.2258071899414 30.1696853637695 30.2505741119385 30.7209911346436 30.7633094787598 30.5204830169678 28.8816146850586 27.2077312469482 27.7129173278809 28.3614902496338 32.5577507019043 32.5090522766113 29.3138942718506 28.1521148681641 27.9847946166992 27.9534587860107 26.9194011688232 28.0908946990967 26.6775779724121 27.6555957794189 28.2939701080322
26.5358581542969 23.3179035186768 26.2991752624512 21.24782371521 21.361400604248 22.6695861816406 22.8899173736572 23.63791847229 24.3269348144531 24.8313293457031 24.8364753723145 25.0486145019531 29.6891613006592 30.3657302856445 30.9790573120117 24.8989677429199 27.3600921630859 27.2665901184082 24.117015838623 27.8074684143066 25.3468532562256 31.0458869934082 28.6354808807373 30.1542339324951 28.5557823181152 29.5358638763428 28.5285816192627 28.1414527893066 31.1470680236816 30.8251152038574 30.209846496582 29.6836376190186 29.3477001190186 27.5560932159424 28.3833904266357 30.7980003356934 32.1358947753906 30.2482719421387 29.1321125030518 29.6351356506348 28.1834678649902 27.0567016601562 27.1215667724609 26.2412910461426 27.6929836273193 28.4861717224121
21.9983768463135 20.6045513153076 21.1140785217285 20.2160511016846 20.2034606933594 21.8362369537354 22.719669342041 23.877742767334 24.2556838989258 24.5224475860596 24.7327728271484 24.3857231140137 24.3108978271484 23.8710918426514 24.3502407073975 27.5010795593262 25.2349643707275 28.0202808380127 24.8782482147217 27.2595272064209 27.078426361084 27.9081745147705 30.9589786529541 31.6889915466309 28.858211517334 29.0234508514404 29.7254104614258 27.9159603118896 28.2616367340088 31.6748943328857 30.1170520782471 29.4361438751221 28.8255290985107 27.1653881072998 27.0439357757568 28.6936225891113 29.0677604675293 28.8992881774902 28.3043327331543 26.6175270080566 30.2360153198242 26.5403842926025 26.256160736084 25.915168762207 25.9327259063721 27.2224216461182
20.3524875640869 26.0352344512939 26.8169269561768 20.4323768615723 20.3868465423584 21.2657814025879 22.0465984344482 22.9375019073486 23.4579582214355 23.7939052581787 24.1463584899902 23.9674606323242 23.9948177337646 24.4262104034424 24.7777881622314 25.1702156066895 27.8333568572998 28.2428455352783 28.1348876953125 28.6204624176025 27.1065464019775 28.2073287963867 29.7361183166504 31.8010902404785 29.6346569061279 30.4173679351807 30.3874111175537 30.3451995849609 30.0910568237305 32.0787658691406 30.9790153503418 30.4172306060791 30.4801082611084 30.7836952209473 27.8726596832275 26.929536819458 28.1077060699463 25.5497665405273 27.0674095153809 27.3650131225586 27.4458084106445 26.4188861846924 30.8974227905273 27.3720321655273 25.9583873748779 25.725513458252
21.1716384887695 20.3739852905273 26.2446575164795 21.0344371795654 21.1649532318115 22.1005630493164 21.9894943237305 22.7574005126953 23.8673305511475 24.3788776397705 24.6848907470703 24.7938423156738 24.8354873657227 28.5182991027832 28.5302829742432 25.502815246582 25.2689075469971 25.4035358428955 25.4229278564453 28.2289352416992 27.7454814910889 27.9331569671631 25.4040603637695 26.5531768798828 27.384220123291 29.1463661193848 28.5117015838623 29.6200714111328 31.6136074066162 29.128849029541 29.01047706604 28.0818424224854 28.4366588592529 29.3088645935059 27.6854991912842 27.2951412200928 25.2785720825195 24.5149307250977 24.7157039642334 23.6573925018311 29.3860778808594 27.9304847717285 29.0854110717773 28.6986522674561 30.6773242950439 26.4376430511475
22.2102088928223 21.2346363067627 20.7800979614258 21.3020763397217 21.8568019866943 22.7744579315186 22.8356151580811 23.1518592834473 23.4014186859131 24.0438041687012 24.0886573791504 26.832857131958 27.7712993621826 24.9536151885986 29.2663650512695 28.6443004608154 29.1076641082764 25.70263671875 28.4855308532715 28.2833309173584 28.3175926208496 27.3719539642334 26.3052520751953 28.3344497680664 30.1652374267578 30.3370914459229 28.4198875427246 28.9311943054199 28.0948371887207 29.9556407928467 30.2068920135498 28.8435688018799 30.1080093383789 27.9549732208252 30.4591217041016 27.4711647033691 31.076566696167 27.3908290863037 27.7354679107666 26.2141571044922 27.3285007476807 27.8357448577881 27.1283416748047 27.4086380004883 28.2612133026123 29.2489356994629
21.7985877990723 21.2945575714111 20.9363479614258 22.1924705505371 22.8187294006348 23.3601875305176 24.0224571228027 24.3629035949707 24.3308544158936 24.6781768798828 24.5651168823242 26.7327136993408 27.4167575836182 28.9611778259277 29.1446304321289 28.6374225616455 29.0291767120361 29.4205226898193 28.8357887268066 25.691801071167 28.2550983428955 27.3765678405762 28.1344890594482 28.1845664978027 29.4432773590088 30.1728477478027 30.4192771911621 30.9799098968506 28.2968635559082 28.7728729248047 26.0120182037354 28.3547306060791 29.6823654174805 31.5082817077637 30.4891471862793 24.5973014831543 27.1674842834473 28.0054111480713 26.4885711669922 27.4696140289307 29.4151840209961 28.6124839782715 27.9711608886719 28.3567848205566 27.9015789031982 27.74582862854
21.7941188812256 21.0338726043701 20.3859806060791 21.7536563873291 23.0082607269287 23.4805183410645 22.8389854431152 24.1838150024414 23.8313903808594 23.2153396606445 24.4456329345703 24.1181602478027 24.4500427246094 27.3140926361084 24.9683933258057 28.3026275634766 28.4225006103516 28.4154243469238 28.9679069519043 26.9808654785156 27.8657035827637 28.3436603546143 27.9050941467285 25.5699443817139 28.0654182434082 30.2044658660889 29.2107067108154 28.3880100250244 28.5916290283203 28.7578907012939 25.8628406524658 23.9832763671875 24.8555088043213 27.9001274108887 24.0059356689453 23.8046035766602 28.1071586608887 27.4407730102539 28.2350578308105 26.9616756439209 29.2048358917236 30.4103221893311 26.7713947296143 27.0469150543213 27.9453144073486 28.5521697998047
22.2067222595215 21.1633892059326 21.2471160888672 21.810791015625 22.6777687072754 23.1272506713867 23.626974105835 23.6641139984131 22.4372272491455 22.0031452178955 23.8453369140625 22.500093460083 22.9965515136719 23.2708320617676 26.984691619873 27.8386669158936 25.1735973358154 28.4250507354736 25.7950992584229 29.2486686706543 28.8219814300537 29.1254272460938 28.6107921600342 28.2770233154297 27.4484977722168 28.6458511352539 29.4694671630859 28.4592056274414 27.8074550628662 29.4265651702881 27.5956726074219 25.1041660308838 28.2991523742676 27.3834209442139 21.8017635345459 26.3119888305664 27.3440799713135 27.781831741333 28.1076049804688 29.7980937957764 27.7114734649658 30.0940055847168 27.8226757049561 28.0190734863281 27.4958477020264 27.3562507629395
22.2160911560059 21.8986988067627 21.6163845062256 21.7678241729736 22.4498958587646 23.1427402496338 23.0871429443359 22.8730640411377 22.234058380127 23.2384223937988 23.428165435791 22.2200469970703 22.5176963806152 22.7140579223633 24.0085506439209 24.3733501434326 28.1059379577637 25.2560863494873 28.5672760009766 28.8416137695312 28.6476249694824 28.970121383667 27.198802947998 28.6985321044922 27.9548435211182 28.0261211395264 27.7577152252197 28.887845993042 27.1123352050781 27.0337219238281 28.7204570770264 28.4506092071533 24.9987297058105 26.9960403442383 27.6996440887451 28.5174732208252 25.3883152008057 27.8400287628174 30.2046432495117 27.5579586029053 28.535400390625 27.6366100311279 28.0933399200439 29.9092025756836 29.4007129669189 27.0698146820068
21.6148815155029 21.5353679656982 21.0813388824463 21.4902629852295 22.0384788513184 21.8883056640625 22.5762100219727 23.009557723999 23.3933601379395 23.4441757202148 23.4310283660889 23.6751918792725 26.9385738372803 27.6800327301025 27.5309257507324 24.2913093566895 24.9826698303223 28.7770595550537 26.1214294433594 28.2690181732178 28.5865478515625 29.1658115386963 29.2433471679688 28.5466365814209 28.7432861328125 27.6683731079102 28.1095027923584 27.984203338623 27.1364078521729 29.065242767334 29.4056262969971 30.2302169799805 26.6356868743896 27.5491161346436 27.4880027770996 23.3039608001709 26.2012939453125 28.9162826538086 30.8481960296631 25.584867477417 27.9479331970215 28.1276454925537 27.4456005096436 26.2563972473145 27.7533912658691 28.459508895874
