inst/extdata/Tmax/Tmax9.asc
NCOLS 100 
NROWS 79 
XLLCORNER 148.06 
YLLCORNER -21.49 
CELLSIZE 0.01 
NODATA_value -3.4e+38 
[rows 20 to 39 of 79, columns 0 to 45 of 100]
26.965171813964801 27.4883823394775 27.6999549865723 27.450044631958 27.6676368713379 28.5281219482422 28.0833053588867 28.3912868499756 27.2492656707764 27.1914615631104 28.2888202667236 27.9031887054443 26.8517036437988 25.0960388183594 24.0191040039062 23.28098487854 22.9564533233643 24.258882522583 25.2171821594238 26.0486106872559 26.1880321502686 26.6761054992676 26.8306980133057 27.1861724853516 27.1583576202393 26.9417839050293 25.929895401001 24.1043968200684 25.0581359863281 24.8856067657471 25.9777507781982 26.282096862793 26.3309173583984 26.4119052886963 26.1690425872803 25.9073448181152 25.7619113922119 25.5347747802734 24.7190990447998 24.9909420013428 24.8208427429199 24.0178680419922 24.750955581665 24.5452632904053 23.0890979766846 23.2217769622803
27.7297019958496 28.0359802246094 28.0670986175537 27.7110271453857 27.6671085357666 27.6036224365234 27.2172565460205 28.0290393829346 28.3046321868896 28.5863742828369 28.2906494140625 28.3217964172363 27.8438835144043 25.3717479705811 23.9517593383789 23.7833881378174 23.9095897674561 24.473503112793 24.9496383666992 25.9981002807617 26.6757678985596 27.2864990234375 26.3756618499756 26.8808650970459 26.8606510162354 26.5721836090088 26.3109340667725 24.8992538452148 25.0090198516846 25.8971633911133 26.3287525177002 26.1078338623047 26.1111583709717 24.9907131195068 24.7028026580811 24.9370441436768 25.8360729217529 24.1093883514404 23.7514114379883 24.0211620330811 23.2926940917969 23.8709087371826 24.1027641296387 21.9005680084229 21.8117198944092 22.4922199249268
28.0130825042725 28.2927799224854 28.1248359680176 27.4570617675781 28.7130641937256 27.827112197876 28.108850479126 27.8140296936035 28.539981842041 27.7508583068848 28.8713932037354 28.5101089477539 28.3344955444336 27.4433364868164 26.7100677490234 25.0463829040527 23.4664268493652 23.9971885681152 24.3630142211914 26.2974052429199 27.1696834564209 26.3293800354004 26.330997467041 25.8931999206543 25.4779396057129 26.2791595458984 26.1980438232422 25.8512897491455 25.8254814147949 25.8468341827393 25.5275573730469 25.1031951904297 24.674840927124 24.2135925292969 23.5761623382568 24.3716926574707 24.4580039978027 23.3658351898193 23.389196395874 23.3920269012451 22.09739112854 22.0226268768311 22.5350971221924 23.2439746856689 17.7967338562012 22.3070812225342
28.1619091033936 28.6301879882812 29.159797668457 27.4686374664307 27.4186878204346 28.2960319519043 27.3861560821533 28.3834476470947 28.6068305969238 27.7284088134766 28.3138465881348 28.220796585083 28.4557418823242 27.5547676086426 25.7601089477539 24.8923053741455 23.8056087493896 24.1679058074951 24.7851409912109 25.7564659118652 26.2251224517822 26.7197380065918 25.9860668182373 24.7450923919678 25.2366333007812 25.3559761047363 25.3779563903809 26.1644020080566 26.4714546203613 26.249195098877 25.9262237548828 25.0287971496582 24.4288291931152 24.5825977325439 25.0397262573242 24.7688674926758 22.6544895172119 22.3208847045898 22.8006229400635 23.1366748809814 21.7758541107178 21.5897731781006 21.1550979614258 19.4423122406006 20.9356269836426 21.0652847290039
28.3675212860107 28.2654190063477 28.1024227142334 28.8446407318115 28.959342956543 28.6634273529053 27.4543495178223 28.5495948791504 27.1436920166016 27.3975677490234 27.4610252380371 27.2353782653809 27.0896739959717 27.4559574127197 25.9938049316406 24.5750923156738 23.9454574584961 23.8658885955811 24.9773578643799 25.1609745025635 26.40456199646 26.59206199646 24.0859661102295 23.8828792572021 24.1103038787842 24.4815216064453 24.7487659454346 25.9581413269043 26.3136119842529 25.7751159667969 26.1856594085693 25.7898712158203 25.695442199707 25.5231075286865 25.0376682281494 24.6718940734863 24.0613307952881 23.2953243255615 22.101676940918 21.5430164337158 20.4396705627441 19.488712310791 20.1489486694336 22.0226764678955 17.0919208526611 16.8922576904297
28.831413269043 28.5663051605225 29.0355434417725 28.398754119873 28.9356956481934 28.8135414123535 28.6927108764648 28.48659324646 28.3450050354004 26.9902095794678 28.055025100708 27.3796443939209 26.6065635681152 26.764820098877 26.8213291168213 26.7114582061768 25.5054321289062 25.3093032836914 25.9331283569336 26.5258255004883 25.860502243042 24.2845134735107 23.8110904693604 22.7137336730957 23.4053840637207 24.2423725128174 24.2814750671387 25.0634078979492 26.091724395752 25.9818420410156 24.4829711914062 25.3816661834717 25.21630859375 25.2508449554443 24.8641834259033 24.5893230438232 24.0015640258789 22.9376773834229 20.627628326416 21.1667251586914 19.7317428588867 20.8126926422119 22.3368301391602 21.7683124542236 17.065221786499 16.2954864501953
26.8831748962402 28.1097660064697 29.1721000671387 28.9551486968994 28.8553352355957 28.7134456634521 28.6113357543945 28.6446475982666 28.3863315582275 27.1524696350098 26.7364864349365 26.9540424346924 26.799560546875 26.5346717834473 26.6748313903809 25.782995223999 25.0352840423584 25.1620769500732 26.0246181488037 25.9074230194092 25.614953994751 25.8719234466553 24.7323741912842 23.4600086212158 22.9347610473633 23.6325874328613 24.8982696533203 26.068265914917 25.5091190338135 25.7165679931641 25.0535011291504 24.8713970184326 25.076997756958 24.5992336273193 24.598804473877 23.9041271209717 22.598970413208 22.8308944702148 18.2613220214844 16.6581554412842 19.3582725524902 16.8948040008545 21.7171649932861 17.990894317627 20.37353515625 16.0589084625244
27.0669975280762 26.6995067596436 27.8566246032715 28.7367267608643 28.7120571136475 28.6059436798096 28.8017654418945 28.9459838867188 28.5712814331055 27.8637390136719 27.4281368255615 26.7542781829834 26.6015548706055 27.0086421966553 25.4911975860596 25.7499732971191 25.3352203369141 24.9004173278809 25.23268699646 25.3195991516113 25.3400840759277 25.4213275909424 25.0035514831543 23.8574714660645 23.7646884918213 24.0099277496338 23.5111598968506 25.9168758392334 26.2635021209717 24.9993495941162 24.8411483764648 24.9191875457764 25.1931819915771 24.411642074585 24.1534194946289 23.367431640625 21.9234924316406 22.2437553405762 21.9945602416992 20.8697052001953 19.7140140533447 20.1634387969971 19.9869041442871 17.2915363311768 16.699743270874 16.3602390289307
25.9085998535156 26.3648281097412 26.9499740600586 27.8603610992432 28.9124355316162 28.417688369751 28.8567523956299 28.5229511260986 28.5562267303467 27.6104259490967 27.7234687805176 26.9507865905762 27.2464637756348 27.2437896728516 26.9854774475098 24.9118499755859 24.9822406768799 24.807825088501 25.1624393463135 26.0601100921631 24.8610553741455 25.357946395874 24.4291820526123 23.4792327880859 23.7599658966064 24.0948104858398 24.0772686004639 24.8077926635742 25.492223739624 25.3860473632812 25.5590744018555 24.6376113891602 24.243501663208 23.14404296875 22.5354328155518 21.618709564209 21.9256343841553 21.9554557800293 22.0945167541504 19.632116317749 16.7602863311768 16.8221263885498 20.2072143554688 16.6074733734131 16.8241329193115 16.727409362793
24.90163230896 25.5320453643799 26.1336059570312 26.8827533721924 28.2734489440918 28.3073463439941 27.6684532165527 28.8616218566895 28.681360244751 28.3504543304443 27.259147644043 27.7085762023926 27.0794620513916 26.8188762664795 27.4204692840576 27.2225322723389 26.8598861694336 25.1700038909912 25.4265041351318 25.4167995452881 25.3689289093018 25.34326171875 24.9257164001465 24.0030097961426 23.8092346191406 23.8575000762939 23.4214115142822 24.778148651123 25.5983505249023 25.0749092102051 25.8094444274902 24.4126777648926 23.3897705078125 23.2641735076904 22.7672462463379 22.4335594177246 22.4060325622559 21.8297138214111 21.2106037139893 20.8194732666016 21.9509315490723 21.9464626312256 19.5132064819336 19.5480861663818 16.8676605224609 17.7423191070557
25.4129867553711 26.0074005126953 26.1455764770508 26.9508609771729 27.2215404510498 27.0299987792969 27.241792678833 28.3081684112549 28.2878875732422 27.8227119445801 28.3239917755127 28.2581329345703 28.317102432251 27.5306835174561 27.5899028778076 27.6228218078613 26.4715270996094 25.9690723419189 25.066442489624 25.4371910095215 25.2701435089111 24.6964817047119 24.5250682830811 24.1529006958008 23.6142292022705 22.9536209106445 23.3526344299316 25.0249652862549 25.3461647033691 25.5128593444824 25.8066921234131 25.9998302459717 24.4442234039307 23.3176231384277 22.6088371276855 23.4349937438965 23.0306491851807 22.3580799102783 21.5454730987549 21.5631790161133 23.3888092041016 23.2424907684326 22.8907413482666 22.0473899841309 18.8182201385498 18.1215343475342
26.4031391143799 26.3247680664062 27.213903427124 28.0638408660889 28.5716361999512 27.2999897003174 27.390308380127 28.6762886047363 28.654598236084 28.0077075958252 28.4425640106201 28.1049118041992 28.076042175293 27.7178268432617 26.8057346343994 27.1768321990967 24.9804592132568 23.7087631225586 25.1304759979248 24.7922592163086 24.7816715240479 24.9416027069092 24.4373435974121 24.2078475952148 23.8086013793945 23.8132877349854 24.1664714813232 25.3355712890625 25.9928684234619 25.0535697937012 25.5421848297119 25.5657424926758 25.8536968231201 25.0230522155762 24.3766803741455 23.3097133636475 23.337251663208 23.4177227020264 23.0040721893311 24.5241050720215 23.5682849884033 23.2060222625732 18.1694049835205 19.8193016052246 17.4210586547852 16.7573928833008
25.9727401733398 27.3065357208252 27.1840152740479 27.3011722564697 28.5006675720215 27.70849609375 28.3428974151611 28.008186340332 28.6037254333496 27.6113109588623 28.6018238067627 28.1162662506104 28.1177291870117 27.5435333251953 27.1651554107666 26.6701030731201 26.6795120239258 25.0229301452637 23.9115180969238 24.3115081787109 24.396312713623 24.9169044494629 24.3172054290771 24.4307708740234 24.0747871398926 23.8936729431152 25.561882019043 25.6373157501221 25.5066032409668 26.9637145996094 25.670316696167 25.2159156799316 26.3713932037354 26.2320575714111 25.5090522766113 24.881908416748 24.4861583709717 24.4670391082764 24.0222034454346 24.2212600708008 23.4785194396973 21.0188083648682 16.4283599853516 16.7447719573975 16.9387798309326 15.7053852081299
26.7269535064697 26.850658416748 27.466947555542 26.4494857788086 27.0025596618652 25.955150604248 26.6765785217285 28.0263252258301 28.5587577819824 28.3776016235352 28.6986446380615 27.9448928833008 27.809741973877 27.8864421844482 27.3001194000244 27.0997066497803 27.513671875 27.0645351409912 26.3666038513184 25.9873199462891 24.8459243774414 24.5925483703613 25.1353359222412 24.7934741973877 24.4298534393311 24.0408210754395 25.572660446167 26.2909545898438 25.8306999206543 26.0255737304688 25.8210697174072 24.7427520751953 24.4350910186768 24.4301605224609 24.8516216278076 25.0683116912842 25.1118927001953 25.5887012481689 25.1898365020752 25.3227100372314 23.638843536377 19.1186065673828 17.6344146728516 17.8785820007324 17.695743560791 16.7538814544678
27.2316513061523 27.6159801483154 27.4113445281982 25.6674613952637 26.3689117431641 27.384578704834 26.6180210113525 28.0535564422607 28.4483222961426 28.1050987243652 28.5681953430176 28.2914066314697 28.6427574157715 28.1737003326416 27.7842216491699 27.6295909881592 27.3680419921875 27.0913181304932 26.7066879272461 25.7720222473145 24.38623046875 25.4602508544922 25.8954219818115 24.7579326629639 24.3417720794678 24.2456588745117 24.0897464752197 25.4037265777588 25.2784976959229 24.3732891082764 25.3469772338867 24.3194007873535 23.9284553527832 23.9851455688477 23.7138214111328 23.9020462036133 24.5613594055176 24.0913677215576 24.7575931549072 24.532506942749 22.8802967071533 22.6003513336182 19.7948131561279 19.1690349578857 18.482400894165 18.4055480957031
26.9604396820068 28.3040237426758 27.3985824584961 26.6016330718994 25.0966529846191 27.382080078125 28.7878875732422 26.9428768157959 27.9452247619629 28.5581722259521 28.4657402038574 28.3279552459717 27.8420314788818 28.0069828033447 27.6757736206055 27.8606872558594 26.9490833282471 26.5359306335449 26.4812126159668 25.9599914550781 24.9180202484131 25.5968570709229 24.7952651977539 23.4751510620117 23.8745803833008 23.4642734527588 24.8308849334717 24.0751266479492 23.954662322998 21.3801536560059 23.2569828033447 23.8276271820068 24.1480579376221 23.8329582214355 23.8771934509277 22.9862842559814 23.1747665405273 23.5655422210693 24.5275993347168 23.8648567199707 19.0280914306641 18.727165222168 18.4836444854736 19.0160293579102 18.7604732513428 17.625036239624
27.5672740936279 26.7250881195068 28.0599479675293 27.3668823242188 27.261079788208 27.278528213501 27.3067455291748 27.4059638977051 27.5784435272217 28.9080696105957 28.9242687225342 28.3774757385254 28.27317237854 28.547004699707 28.3124046325684 27.1989879608154 26.5952587127686 26.5600929260254 26.5702857971191 26.5850925445557 25.9316959381104 24.9912223815918 23.9632549285889 23.7547855377197 24.0521812438965 24.6774139404297 25.2389907836914 24.3736095428467 24.0553455352783 22.1364765167236 21.9349403381348 20.9743938446045 22.4933891296387 23.8691596984863 23.8485889434814 22.0112972259521 21.9719409942627 21.6048049926758 21.3846206665039 17.8911781311035 17.9038105010986 17.192045211792 17.6977062225342 18.5919933319092 18.6370315551758 17.078914642334
26.9656295776367 26.4528484344482 27.758903503418 26.5823955535889 26.7614727020264 26.7989959716797 25.6020793914795 26.3867950439453 27.4315490722656 27.7608947753906 28.5093803405762 28.5529708862305 28.447301864624 27.9599494934082 28.3093738555908 28.2113437652588 27.5411548614502 26.2687034606934 26.7988815307617 26.3568420410156 26.2025451660156 25.5298461914062 24.1418170928955 23.9854927062988 23.4846839904785 24.1188087463379 25.0414867401123 24.1753616333008 24.3735790252686 24.0723266601562 24.0712718963623 23.0012264251709 22.688346862793 21.4530792236328 17.4995212554932 16.3813934326172 16.5234336853027 16.3006000518799 16.2438354492188 16.4680862426758 16.6600475311279 16.7572402954102 17.0476989746094 17.8742294311523 18.2199077606201 17.7677326202393
26.9489727020264 26.3349018096924 26.3792419433594 27.6006946563721 27.2990550994873 27.4478588104248 26.0348281860352 25.20237159729 26.1117706298828 27.0196094512939 28.3322620391846 28.69850730896 28.6206836700439 28.4601669311523 27.4028377532959 27.0181484222412 27.0336780548096 26.6568298339844 27.1179752349854 27.0036907196045 26.9933471679688 25.7285671234131 25.1239719390869 24.7420654296875 23.9096736907959 24.7040843963623 24.4346542358398 24.5764656066895 22.9661407470703 23.8824043273926 23.1238346099854 22.9383602142334 23.2175464630127 22.5514717102051 21.1163387298584 15.9981555938721 15.6559047698975 15.5710182189941 15.4211072921753 15.9576663970947 16.5686283111572 18.0833339691162 16.639045715332 17.7161502838135 17.2106037139893 17.1049785614014
26.5618476867676 26.0807819366455 27.3342704772949 27.3315773010254 27.5882778167725 26.7159233093262 26.4016284942627 25.7741451263428 26.6729736328125 26.0407047271729 26.9864559173584 28.4921760559082 28.227855682373 28.0332279205322 27.3566551208496 27.674617767334 26.0482711791992 26.3230304718018 26.7211837768555 26.5366802215576 26.6384391784668 26.0056838989258 26.0977001190186 25.5489501953125 24.4753608703613 24.4345474243164 24.0956935882568 24.0079765319824 24.4997329711914 23.5673828125 22.5478076934814 21.5826778411865 23.5308094024658 23.7438735961914 23.7813358306885 21.3335819244385 18.4600563049316 18.050838470459 17.0646591186523 16.1456298828125 16.9084320068359 16.9017696380615 16.9611358642578 17.3988246917725 17.316370010376 16.9969730377197
