inst/extdata/Tmax/Tmax137.asc
NCOLS 100 
NROWS 79 
XLLCORNER 148.06 
YLLCORNER -21.49 
CELLSIZE 0.01 
NODATA_value -3.4e+38 
[rows 0 to 19 of 79, columns 0 to 45 of 100]
41.108680725097699 40.7747192382812 39.8555221557617 40.2007865905762 40.3319549560547 40.7283401489258 40.901439666748 41.0491561889648 41.0022888183594 40.8329696655273 40.3850402832031 40.1817321777344 40.0988349914551 38.9106063842773 39.3763008117676 39.7725791931152 40.1261940002441 40.0926208496094 39.3164138793945 38.6704177856445 38.5255012512207 37.6088752746582 38.024097442627 39.2563438415527 39.7334365844727 39.9613609313965 39.8327102661133 39.8750305175781 39.5748977661133 39.2182083129883 38.3722381591797 36.5398635864258 37.7846412658691 37.6977195739746 36.5200958251953 35.4314041137695 35.3170394897461 34.9397392272949 35.6935997009277 37.5262298583984 39.0031585693359 39.2441139221191 39.9306602478027 40.2298202514648 40.3752136230469 40.480052947998
40.950122833252 40.4403991699219 39.7015380859375 39.7880668640137 39.2289886474609 40.1139030456543 40.649600982666 40.9463348388672 41.0578193664551 40.9398612976074 40.6148872375488 40.3111915588379 40.4119110107422 40.008171081543 39.844898223877 39.7298774719238 40.1092987060547 40.1342086791992 39.1784553527832 38.5957679748535 39.1017303466797 38.8505477905273 38.7380638122559 39.1598739624023 39.601390838623 39.7682914733887 40.0206451416016 39.9683532714844 39.7611999511719 39.5527267456055 38.7391891479492 37.3659896850586 38.5093803405762 38.100643157959 37.4372444152832 36.4810333251953 36.0412178039551 36.4063301086426 37.4692268371582 38.5640602111816 39.9773483276367 40.3433113098145 40.453426361084 40.4427680969238 40.4810600280762 40.5073165893555
40.9350280761719 40.1423187255859 40.2545890808105 40.3743629455566 39.9269065856934 40.0369338989258 40.4218482971191 40.9555854797363 41.1153869628906 40.9808006286621 40.7035293579102 40.5719375610352 40.4796028137207 40.4215812683105 40.1283340454102 39.9799995422363 40.1683349609375 40.3085060119629 39.7560195922852 39.5674934387207 39.4203414916992 39.0974349975586 38.8683280944824 38.9828338623047 39.7934265136719 40.0415992736816 39.8737564086914 39.850959777832 39.8429260253906 39.5406036376953 39.5879974365234 38.6287460327148 38.8610992431641 37.6446418762207 37.340404510498 36.7044830322266 36.1861763000488 35.7059593200684 36.7319221496582 37.9218826293945 39.265552520752 40.2045516967773 40.4953842163086 40.5460815429688 40.518482208252 40.4665985107422
41.154052734375 40.8067207336426 40.480110168457 41.0710258483887 40.5722618103027 40.15380859375 40.5155830383301 41.0506401062012 41.2004241943359 41.0654182434082 40.921314239502 40.8748931884766 40.768138885498 40.6053237915039 40.1849822998047 40.0143280029297 40.3456649780273 40.3871803283691 40.1698188781738 39.7143287658691 39.3961143493652 39.0205535888672 39.09326171875 39.0529708862305 39.621265411377 40.0336456298828 39.6709403991699 39.925609588623 39.742847442627 38.9337844848633 39.4728507995605 39.5370101928711 38.804256439209 37.5627174377441 36.99072265625 36.1137771606445 36.3863182067871 35.8844375610352 35.7654838562012 35.2733268737793 36.8338356018066 39.4732437133789 40.3397827148438 40.5321197509766 40.2930908203125 40.1906280517578
41.683708190918 41.1514739990234 40.9170112609863 41.3009147644043 41.0719985961914 40.4424934387207 40.4701805114746 41.0873565673828 41.2190361022949 40.8572311401367 40.8535690307617 41.036434173584 40.9104385375977 40.6375503540039 40.2810249328613 40.4232063293457 40.4870414733887 40.2343368530273 39.7819137573242 39.0549583435059 39.2325248718262 39.3929176330566 39.5146942138672 39.7002258300781 39.7011337280273 39.3719863891602 40.0759925842285 39.7003173828125 39.5672225952148 39.0822410583496 39.4288673400879 39.2467575073242 38.9386749267578 37.9574699401855 37.439323425293 37.748233795166 37.4347381591797 36.8834609985352 36.3383636474609 35.5945320129395 35.2397537231445 38.6436996459961 40.076904296875 40.4546890258789 39.8124313354492 39.1247177124023
41.8293647766113 41.5855331420898 40.916187286377 41.3254890441895 41.3851852416992 40.9803695678711 40.6980247497559 41.1303443908691 41.2742156982422 40.9932250976562 40.8795166015625 41.1234741210938 40.9672927856445 40.6965026855469 40.0515327453613 40.5408744812012 40.4474868774414 40.0088729858398 39.4662704467773 39.0474967956543 39.1429405212402 39.3919563293457 39.6958961486816 39.6896667480469 39.9722557067871 39.8615760803223 39.9268531799316 39.1801834106445 39.1717643737793 38.0912895202637 38.8207855224609 39.2896499633789 39.3783683776855 39.0489959716797 38.6960906982422 38.6287078857422 37.7887725830078 37.2955436706543 36.9643478393555 36.1382331848145 35.629581451416 38.2318725585938 39.9782333374023 40.4235763549805 39.96435546875 37.964485168457
42.0085563659668 41.7559280395508 41.4014587402344 41.5536422729492 41.499153137207 41.135425567627 40.491813659668 41.0355911254883 41.2078514099121 41.3308334350586 41.2672653198242 41.1097221374512 40.6930084228516 40.7947883605957 40.7587852478027 40.6139793395996 40.4126167297363 39.8623542785645 39.6471519470215 39.3422050476074 38.7561454772949 38.9585762023926 39.4260559082031 39.8053398132324 40.1445121765137 40.0664253234863 40.0719184875488 39.5409889221191 39.178897857666 37.9721183776855 37.9760398864746 38.0910797119141 39.0480308532715 39.2112426757812 38.7518005371094 38.6385192871094 38.062915802002 36.6593627929688 36.9018402099609 36.4530563354492 36.288402557373 38.0583572387695 39.7889404296875 40.2204895019531 40.0108642578125 38.4086532592773
42.0029067993164 41.896354675293 41.632625579834 41.6522598266602 41.6067733764648 41.3494758605957 40.7723846435547 40.642406463623 40.9435920715332 41.2666702270508 41.362117767334 41.0742378234863 40.4108352661133 40.6247253417969 40.8420600891113 40.1614112854004 40.0993576049805 39.3350524902344 39.2566833496094 39.0164642333984 38.3313751220703 38.809757232666 39.2473526000977 39.8004531860352 40.2602462768555 40.2671089172363 39.8492240905762 39.4060554504395 39.2224998474121 38.4496765136719 37.1066055297852 37.400806427002 37.7446899414062 38.3468742370605 38.7336959838867 38.1230621337891 38.1929931640625 37.2978019714355 36.2776794433594 36.5688705444336 36.7842216491699 37.9114227294922 38.9320526123047 39.9039916992188 39.8513717651367 38.0796890258789
41.7972869873047 41.9868354797363 41.8372764587402 41.7847175598145 41.6545104980469 41.4144897460938 41.0554084777832 40.5887451171875 40.7579727172852 41.255199432373 41.3978424072266 41.3362998962402 41.130558013916 40.9790153503418 40.619514465332 39.8555450439453 40.0377159118652 39.7885398864746 39.921703338623 38.985652923584 38.9843521118164 38.8259162902832 38.9270324707031 39.6093368530273 40.1885566711426 40.3616714477539 39.437328338623 38.5527381896973 38.6393814086914 38.5432968139648 37.9400253295898 37.3695030212402 36.9275169372559 37.4007759094238 38.3258895874023 37.7037200927734 37.460807800293 37.4089126586914 36.4436874389648 36.1143417358398 36.3389701843262 36.436840057373 37.363353729248 38.9610786437988 39.4123420715332 38.1782112121582
41.5270881652832 41.9038963317871 41.966007232666 41.8280792236328 41.6281394958496 41.507080078125 41.3058929443359 40.8491592407227 40.5153656005859 41.1816444396973 41.4013519287109 41.0064353942871 40.291576385498 40.354175567627 40.4533996582031 40.4238739013672 40.4447784423828 40.2972793579102 40.0847358703613 39.7675628662109 39.4341430664062 38.7809906005859 39.1197471618652 39.9580192565918 40.3971977233887 40.2915115356445 39.5798606872559 39.4213562011719 38.9047470092773 38.3796997070312 37.101261138916 36.7044830322266 37.8028106689453 37.6572761535645 37.443431854248 37.2018356323242 36.9754409790039 37.2735214233398 36.7161102294922 35.9536170959473 35.9866065979004 35.412052154541 36.2842903137207 37.4697608947754 37.7890663146973 37.1468963623047
41.2126197814941 41.5083503723145 41.983814239502 41.8877716064453 41.7568740844727 41.6714477539062 41.4804496765137 41.1154823303223 41.0938568115234 41.3135566711426 41.4432792663574 41.0706977844238 40.7383346557617 39.9840316772461 40.1553688049316 40.4407577514648 40.5538635253906 40.7463607788086 40.2966346740723 40.0934600830078 39.6846656799316 39.3044662475586 39.3768348693848 39.9458122253418 40.3728675842285 40.2751159667969 39.5706443786621 38.8128547668457 37.7851638793945 37.7813491821289 37.408935546875 37.3487892150879 38.2251358032227 37.961311340332 37.0398597717285 36.7770347595215 37.2589454650879 36.9634208679199 36.5717849731445 36.0076484680176 36.0631408691406 35.7919960021973 35.4452819824219 36.1857261657715 36.6278686523438 36.9458198547363
41.0505294799805 41.1075477600098 41.9544982910156 41.9476699829102 41.8619918823242 41.739143371582 41.5684814453125 41.241340637207 41.2728843688965 41.5452003479004 41.4881401062012 41.2931976318359 40.9320068359375 40.4378967285156 40.3307685852051 40.6310234069824 40.9243087768555 40.9131202697754 40.6529922485352 40.1891212463379 39.6724319458008 39.3278388977051 39.4910545349121 39.6419486999512 39.8590202331543 40.1926765441895 39.1962356567383 38.3866195678711 37.7602806091309 38.00390625 38.0707855224609 37.9814643859863 38.4072456359863 37.8605079650879 37.601016998291 37.5076141357422 37.065071105957 36.461483001709 36.997200012207 37.2310905456543 36.783260345459 36.3155288696289 35.7862777709961 36.2407073974609 36.779613494873 37.1855697631836
41.2031440734863 41.6812324523926 41.9377517700195 41.8948516845703 41.8990898132324 41.8035736083984 41.6634788513184 41.2988891601562 41.376708984375 41.6641464233398 41.4712295532227 41.3959884643555 41.1839828491211 41.2476844787598 41.1477966308594 41.1235084533691 41.1212615966797 41.0424156188965 40.8192176818848 40.2969093322754 40.0189094543457 40.1758766174316 40.4329605102539 40.6573066711426 40.508602142334 40.0851631164551 39.8700752258301 39.3820571899414 39.0065460205078 38.8153076171875 38.8779029846191 38.6621322631836 38.5606536865234 37.9679756164551 37.3879203796387 36.9231262207031 36.3685493469238 37.500659942627 37.7928428649902 37.7345886230469 36.3585014343262 36.2764129638672 35.7859306335449 35.5082931518555 36.839225769043 37.4119453430176
41.6476898193359 41.8383598327637 41.8970603942871 41.8154754638672 41.8235664367676 41.8626937866211 41.799690246582 41.6808090209961 41.4785766601562 41.6029396057129 41.5682792663574 41.492000579834 41.3641929626465 41.2607078552246 41.1520614624023 41.0715141296387 41.1972503662109 41.1115036010742 40.9683837890625 40.8535614013672 40.7485160827637 40.7036628723145 40.4986114501953 40.6091651916504 40.1679496765137 39.1385154724121 39.0722732543945 38.6535873413086 38.0818367004395 38.8735275268555 39.1531410217285 39.108097076416 38.3417434692383 38.0275611877441 37.9018936157227 37.8406295776367 37.8146362304688 37.4929695129395 38.1269035339355 38.4724426269531 37.9411239624023 37.4689636230469 36.8187561035156 36.2611351013184 37.3392295837402 37.8446884155273
40.8918533325195 41.4529418945312 41.8648071289062 41.7946624755859 41.6726226806641 41.7602615356445 41.7119331359863 41.5476951599121 41.1388359069824 41.1800193786621 41.4941253662109 41.3021087646484 40.7855644226074 40.9462089538574 41.1199493408203 40.5754737854004 40.9894599914551 41.1657600402832 41.1110687255859 41.0568656921387 40.9968757629395 40.5949096679688 39.9560928344727 40.3424911499023 40.1690292358398 39.8945083618164 39.8057708740234 39.469409942627 39.0976753234863 39.3587608337402 39.3101272583008 39.040470123291 38.5851516723633 38.8277053833008 38.7854881286621 37.8301696777344 38.3917770385742 37.530590057373 37.8553314208984 38.6237144470215 38.5990676879883 38.3292427062988 37.5676116943359 36.7256355285645 37.3628768920898 38.1327743530273
40.0069274902344 41.0230827331543 41.7502174377441 41.8662490844727 41.7982368469238 41.7690353393555 41.664436340332 41.5542297363281 41.342529296875 40.8388481140137 40.4391403198242 41.1588287353516 40.3346786499023 40.0218276977539 40.8853645324707 40.5301055908203 40.4988212585449 40.9564208984375 40.9784317016602 40.9738082885742 40.9773788452148 40.9441871643066 40.805534362793 40.571647644043 40.1535987854004 39.7673759460449 39.7696838378906 39.7121658325195 39.650577545166 39.4631080627441 39.2885704040527 38.874568939209 38.5930137634277 39.2306632995605 39.1038093566895 38.8304786682129 38.8342666625977 38.2605934143066 37.9064598083496 38.583667755127 38.7733001708984 38.1323165893555 36.8637199401855 35.7557640075684 36.2000694274902 37.9301300048828
41.0114212036133 40.8399200439453 41.4158554077148 41.5912780761719 41.7977333068848 41.7636299133301 41.6450500488281 41.5093536376953 41.3581657409668 41.0753402709961 40.4412307739258 40.8460884094238 39.8064384460449 39.5590362548828 40.3064460754395 40.1613845825195 39.4709663391113 40.5588340759277 40.5491371154785 40.5260047912598 40.7705001831055 40.9141082763672 40.8152732849121 40.3990249633789 39.5734405517578 39.0000457763672 38.603630065918 38.9419021606445 39.4858665466309 38.9142532348633 38.696849822998 37.9409332275391 38.6448173522949 39.4716835021973 39.2859382629395 39.0912055969238 39.13037109375 38.7036056518555 38.3369293212891 38.6157341003418 38.8103332519531 37.6935081481934 36.7118835449219 37.0201225280762 37.3673248291016 37.9528121948242
41.128059387207 41.4551048278809 41.5315170288086 41.5408515930176 41.6697082519531 41.7181510925293 41.652271270752 41.5693626403809 41.4187507629395 40.9786415100098 40.5938110351562 40.2180786132812 39.8181648254395 39.4601669311523 39.9706077575684 39.8289604187012 39.8428688049316 39.6711883544922 39.4198722839355 39.4004898071289 40.523567199707 40.7750358581543 40.7507820129395 40.644718170166 40.0729064941406 38.9495429992676 37.5652008056641 38.380744934082 39.1684036254883 38.236873626709 38.6052894592285 39.1678504943848 39.4491539001465 39.7082595825195 39.6189613342285 39.4220199584961 38.9522552490234 38.1398124694824 38.5818862915039 38.8014640808105 39.1073532104492 38.7581634521484 38.6153259277344 38.5904655456543 38.5397415161133 37.98876953125
41.3643608093262 41.341136932373 41.2024230957031 41.297061920166 41.7170066833496 41.6156349182129 41.6220512390137 41.6030235290527 41.5129318237305 41.1790390014648 40.1082878112793 40.1878967285156 39.7649116516113 38.665771484375 39.3845710754395 39.1580429077148 38.982551574707 38.3138580322266 39.1271591186523 39.4860725402832 40.5320243835449 40.5485954284668 40.6733551025391 40.7658500671387 39.9519729614258 38.9192237854004 37.7854690551758 38.5506286621094 39.1414260864258 38.6610565185547 39.1355361938477 39.5541839599609 39.9125061035156 39.9127006530762 39.4905242919922 39.2370071411133 38.8822593688965 38.6202354431152 39.1223678588867 39.2000160217285 39.2334442138672 39.1423072814941 39.0265693664551 38.4017868041992 37.5858306884766 37.5470428466797
41.4982604980469 41.4772491455078 41.4607391357422 41.3256759643555 41.7274971008301 41.7223625183105 41.6594085693359 41.603874206543 41.5370635986328 41.4402770996094 41.1320571899414 40.4247398376465 39.6169548034668 38.4643363952637 38.7744369506836 38.7365074157715 38.3017959594727 38.5859336853027 38.826847076416 39.8159103393555 40.5517311096191 40.1512603759766 40.802619934082 40.654956817627 40.0956382751465 39.8632011413574 38.8311614990234 38.9388046264648 39.2692756652832 39.0994338989258 39.6739959716797 39.636531829834 40.0456962585449 39.9739761352539 39.8283538818359 39.5926170349121 38.7905921936035 38.9482536315918 39.1924171447754 39.182933807373 39.210506439209 39.0638160705566 38.9940299987793 38.5032577514648 38.4283561706543 38.3013572692871
