inst/extdata/Tmax/Tmax148.asc
NCOLS 100 
NROWS 79 
XLLCORNER 148.06 
YLLCORNER -21.49 
CELLSIZE 0.01 
NODATA_value -3.4e+38 
[rows 20 to 39 of 79, columns 46 to 91 of 100]
35.3577690124512 33.8553276062012 34.0488090515137 35.276123046875 35.0628318786621 34.5944938659668 34.3617973327637 33.3447608947754 34.9608154296875 36.2527236938477 37.2025146484375 36.8110237121582 36.7971420288086 37.34326171875 37.0499076843262 36.8378791809082 37.0867538452148 37.5839767456055 37.7251892089844 37.7330513000488 37.6974601745605 37.6006698608398 37.8554344177246 37.9658889770508 37.9378051757812 37.8939552307129 37.8093795776367 37.8701820373535 37.8586769104004 37.5386009216309 37.6458854675293 37.9483757019043 37.8634452819824 37.599178314209 37.6254348754883 37.6331024169922 37.5711097717285 37.5885887145996 37.5962181091309 37.5901069641113 37.5499725341797 37.3992958068848 36.8255767822266 36.7101631164551 36.950382232666 36.982738494873
35.6073799133301 33.8325233459473 32.8227310180664 34.3302230834961 34.2232131958008 33.7703971862793 34.5378723144531 32.8945960998535 34.000431060791 35.8243675231934 36.9624481201172 35.8179664611816 35.2630271911621 36.8505020141602 35.8330154418945 35.5454444885254 36.3042068481445 37.4482002258301 37.4600524902344 37.8293228149414 37.9330139160156 37.938419342041 37.7559852600098 37.4637908935547 37.4611511230469 37.5450592041016 37.7433853149414 37.7379341125488 37.667236328125 37.6068572998047 37.9583473205566 38.0301856994629 37.9901008605957 37.6286010742188 37.7383079528809 37.7302627563477 37.6174011230469 37.6500587463379 37.6764869689941 37.6961441040039 37.598876953125 37.5035133361816 37.3201866149902 37.1340675354004 37.013298034668 37.0382385253906
36.1337432861328 35.7222900390625 34.0837669372559 33.5284538269043 33.1225624084473 34.1473808288574 33.6388969421387 33.8689117431641 33.3455429077148 34.1793060302734 36.1564674377441 36.5147819519043 35.2017250061035 35.5541534423828 35.2619018554688 35.7717552185059 36.6966781616211 37.0522727966309 35.8935241699219 37.0008010864258 37.7183685302734 37.7833786010742 37.2565765380859 36.5463256835938 37.068187713623 37.0721435546875 37.6394577026367 37.8654899597168 37.5685195922852 37.8122367858887 38.0294418334961 38.0971183776855 38.112907409668 38.0647430419922 37.9722290039062 37.8168563842773 37.6451187133789 37.5294647216797 37.6279945373535 37.7531776428223 37.6752662658691 37.6258926391602 37.3680191040039 37.2633285522461 37.1463890075684 37.3260459899902
35.5763053894043 35.4433898925781 34.9113006591797 34.2227821350098 32.9341163635254 33.6055946350098 34.1845550537109 34.3692588806152 34.1603584289551 33.7731246948242 34.9848747253418 34.974063873291 35.76171875 34.3240928649902 35.0649337768555 36.386474609375 36.3698921203613 36.7028007507324 35.5381317138672 37.3291397094727 38.0411758422852 37.946117401123 37.1028060913086 35.9478645324707 37.0127410888672 37.1783409118652 37.2701644897461 37.7797660827637 38.0126953125 38.0995140075684 38.1525497436523 38.2005462646484 38.193603515625 38.1194725036621 38.0322341918945 37.9017562866211 37.4760398864746 37.1296463012695 37.3008232116699 37.6170120239258 37.6283531188965 37.7103614807129 37.4628295898438 37.4588356018066 37.2179679870605 37.2828750610352
33.8590927124023 35.0388870239258 35.363395690918 35.1611289978027 34.2665672302246 33.7330741882324 33.7458915710449 33.475959777832 34.280086517334 33.8071670532227 33.8330917358398 33.4234046936035 35.1383247375488 35.8932800292969 35.1886787414551 36.125129699707 36.8059730529785 37.3182067871094 37.0541877746582 37.9478797912598 37.9886131286621 37.8543167114258 37.2388076782227 36.5192260742188 37.2040634155273 37.4983940124512 37.2103958129883 37.3267059326172 37.4652557373047 38.0190620422363 37.8817749023438 38.2530860900879 38.1425590515137 38.1258354187012 38.0566635131836 37.7308616638184 37.6591148376465 37.0683975219727 36.7910079956055 37.3173904418945 37.5044593811035 37.6333465576172 37.4754981994629 37.5629348754883 37.6504745483398 37.5268363952637
32.5468215942383 33.4469985961914 34.6471328735352 34.5868225097656 33.8425216674805 33.1937866210938 32.8544006347656 32.3470497131348 33.4363822937012 34.0097999572754 33.5621109008789 33.7856063842773 35.0494117736816 36.7420120239258 36.3055419921875 36.3953247070312 36.5370330810547 37.7460098266602 37.8347244262695 37.8266639709473 37.8411254882812 37.5610008239746 36.486930847168 36.538761138916 36.6333389282227 37.2059745788574 36.971996307373 36.4404907226562 36.9863243103027 38.1211471557617 38.0965003967285 38.247615814209 38.2289199829102 38.2228584289551 38.1023330688477 37.9776649475098 38.019660949707 37.4045372009277 36.879566192627 37.2600059509277 36.966796875 37.1335334777832 36.8571357727051 37.5757064819336 37.6498069763184 37.656608581543
32.4400901794434 32.3091087341309 32.9672889709473 33.5579833984375 34.1916275024414 32.1911277770996 31.9573841094971 32.73193359375 33.2053070068359 33.8953857421875 33.9427146911621 34.3327255249023 35.9035415649414 36.7021026611328 37.1407012939453 37.3063163757324 37.4329261779785 37.8792419433594 37.5651092529297 37.422004699707 37.4638710021973 37.0814361572266 37.2477035522461 37.4943923950195 37.5291595458984 36.984992980957 36.6222152709961 37.491153717041 37.7896728515625 37.7685394287109 37.2114219665527 37.9480094909668 38.1414413452148 38.2542953491211 38.2643356323242 38.205078125 37.8802375793457 37.5534820556641 37.662223815918 37.4296112060547 37.3354759216309 36.7734298706055 37.3122138977051 37.5576477050781 37.4886932373047 37.4090690612793
32.6020889282227 32.1498184204102 32.439037322998 32.674388885498 33.1835517883301 31.674690246582 31.4258785247803 31.8207664489746 33.0232162475586 33.7228927612305 33.2768363952637 33.8215255737305 34.6606712341309 35.7143630981445 36.9694938659668 36.7027015686035 37.6627655029297 37.8828773498535 37.2733116149902 36.6342620849609 37.2067718505859 37.384090423584 37.7060012817383 37.9755897521973 38.1166038513184 37.7113952636719 37.7325172424316 38.1345901489258 38.2257423400879 37.4958763122559 37.0598983764648 37.6669082641602 37.808765411377 38.2710647583008 38.3422660827637 38.3177146911621 38.1806030273438 37.9793319702148 37.579662322998 36.7801170349121 36.5688133239746 36.4565658569336 36.5201988220215 37.2602310180664 37.3322906494141 37.7775192260742
33.3874778747559 33.0073089599609 33.7091674804688 33.5814666748047 33.2368659973145 31.9831962585449 32.7114334106445 32.4872970581055 32.7830352783203 33.3405876159668 33.111385345459 33.3803596496582 33.5186462402344 35.5234794616699 36.6161994934082 36.0178909301758 37.3207550048828 37.5789680480957 37.312671661377 36.3426818847656 36.5888824462891 37.5455513000488 37.99609375 38.1543045043945 38.2009620666504 38.1366806030273 38.1759834289551 38.319766998291 37.936637878418 37.2045440673828 37.0964431762695 37.8304061889648 38.2975196838379 38.3592720031738 38.372371673584 38.3832206726074 38.3596229553223 38.2391738891602 38.0004196166992 36.8179626464844 36.2306747436523 35.4673118591309 36.4534683227539 36.4640922546387 37.4339561462402 37.8531036376953
34.8531455993652 34.7293968200684 34.2119026184082 34.171314239502 33.7075386047363 33.2855644226074 33.0294303894043 32.1281356811523 32.7324638366699 32.2796173095703 31.855131149292 33.0863075256348 33.412841796875 35.135684967041 36.0121536254883 35.3797454833984 36.0181083679199 36.7046966552734 37.1940650939941 37.088924407959 36.7110176086426 37.5739288330078 38.097599029541 37.9113998413086 37.9073638916016 37.6141815185547 38.0762596130371 38.3566932678223 37.4000663757324 36.5619239807129 37.2556114196777 37.8867797851562 38.2805633544922 38.3872032165527 38.4213485717773 38.4018630981445 38.4025650024414 38.3286285400391 38.154224395752 37.7685394287109 37.0881423950195 36.5827445983887 36.1483726501465 35.967041015625 36.9145050048828 37.4672737121582
33.849681854248 33.8677177429199 33.9102401733398 33.5976791381836 33.1715240478516 33.4055976867676 32.5998268127441 32.1374664306641 31.6737327575684 31.7672519683838 31.2439804077148 32.1053314208984 32.1108779907227 34.1707000732422 35.1148109436035 34.0852394104004 34.5956420898438 36.0018310546875 37.1602172851562 37.6477851867676 37.2376327514648 37.8445930480957 38.0876159667969 37.6855621337891 37.6884613037109 37.8629150390625 38.375659942627 38.3714485168457 37.8142623901367 37.1289024353027 37.5580711364746 37.8757972717285 38.350399017334 38.3967132568359 38.3677368164062 38.3735656738281 38.3929252624512 38.3350677490234 38.2791557312012 38.0905838012695 37.8622055053711 37.3040618896484 36.9181861877441 36.8950119018555 37.1509971618652 37.618968963623
33.1770668029785 33.4332122802734 33.3441390991211 33.317268371582 32.5047607421875 33.2658233642578 32.3958053588867 31.2513065338135 30.7061252593994 31.076566696167 30.7946681976318 31.4370937347412 32.1800804138184 33.9144859313965 34.2139053344727 33.9044914245605 35.8331184387207 36.682804107666 37.3403968811035 37.8014183044434 38.1330947875977 38.2168350219727 38.1788330078125 38.1060180664062 37.8947067260742 38.2468643188477 38.4031867980957 38.3023376464844 37.9212417602539 37.255542755127 37.3828620910645 38.0260047912598 38.2740364074707 37.7998199462891 38.2148513793945 38.372444152832 38.370044708252 38.3514404296875 38.3252296447754 38.2295188903809 37.9527206420898 37.1674194335938 37.5466346740723 37.6099586486816 37.5316276550293 37.4897537231445
32.5480003356934 32.8401756286621 32.7075424194336 32.9715957641602 33.0667533874512 33.0972366333008 32.7658386230469 31.7444972991943 31.8442630767822 31.9508686065674 31.0284843444824 30.8540382385254 31.7509078979492 33.8429756164551 34.3371238708496 34.8409309387207 34.9091911315918 35.6767730712891 37.3114891052246 37.8960456848145 38.1388854980469 38.1118507385254 37.9742050170898 37.9453048706055 38.1340141296387 38.2582969665527 38.253059387207 37.8566474914551 36.8708000183105 37.0823860168457 37.4650611877441 38.3395233154297 38.0723571777344 37.4865951538086 38.2398147583008 38.2026214599609 38.2527809143066 38.3316917419434 38.2495269775391 37.9684295654297 37.3770751953125 36.0326766967773 35.7766189575195 36.9245834350586 37.3312301635742 37.6783142089844
33.172119140625 32.7394332885742 32.6036796569824 32.7714157104492 32.9116592407227 32.8567924499512 32.4485549926758 32.108081817627 32.6597518920898 32.0273246765137 31.9246673583984 31.9260387420654 32.6759643554688 33.7482566833496 33.9082641601562 34.616039276123 35.5247268676758 36.5533866882324 37.3714752197266 37.7937774658203 38.1891326904297 38.1879577636719 37.6791610717773 37.3969039916992 37.6657943725586 37.5544395446777 37.6893653869629 37.8938598632812 37.800609588623 37.8070220947266 38.1700973510742 38.4795875549316 37.8352737426758 37.7656707763672 38.4000053405762 37.8972434997559 38.064079284668 38.041130065918 38.1414108276367 37.8439254760742 36.3469886779785 35.5691757202148 35.0646743774414 36.9023361206055 37.5213165283203 37.3653373718262
33.5666961669922 32.4627914428711 32.4279174804688 32.5450134277344 32.6867218017578 32.5844078063965 32.6164169311523 33.1436424255371 32.8216400146484 32.1234741210938 33.2046585083008 33.6449432373047 33.8301239013672 33.2610549926758 33.2954788208008 34.2989311218262 35.4835166931152 36.6863098144531 36.7765159606934 37.4997062683105 38.0309982299805 38.0787506103516 37.5924835205078 37.3585433959961 36.6172485351562 37.1772651672363 37.7597846984863 37.9488754272461 38.2258110046387 38.2601432800293 38.4807510375977 38.4410018920898 38.4273452758789 38.4799919128418 38.4539108276367 38.2284469604492 37.244068145752 37.9092292785645 38.1325531005859 38.1005096435547 38.0867004394531 36.7590751647949 36.6095008850098 38.0270690917969 38.3365325927734 38.3368873596191
33.6194458007812 32.7079391479492 32.3989944458008 32.3407135009766 32.5492935180664 32.4015197753906 33.0441741943359 34.5862998962402 33.7861862182617 33.1592674255371 34.9196548461914 35.5533714294434 35.212516784668 33.3965148925781 33.7892265319824 33.9171371459961 35.7120399475098 35.781063079834 35.6745567321777 36.5015487670898 37.5780410766602 37.8535995483398 37.5287933349609 37.5471343994141 37.4327850341797 37.1089668273926 37.2162399291992 37.4006881713867 38.1686630249023 38.155143737793 38.275276184082 38.0938186645508 38.3336143493652 38.515209197998 38.228832244873 38.2409553527832 37.545482635498 37.704029083252 38.0169944763184 37.8647575378418 38.3380584716797 38.3608627319336 38.2773056030273 38.3416137695312 38.4763565063477 38.3724670410156
33.3614845275879 32.7629661560059 32.5744743347168 32.7512817382812 32.7019805908203 32.8153038024902 33.2251625061035 35.2181129455566 35.4015884399414 34.1732902526855 36.0222969055176 36.8970413208008 36.2513961791992 35.147819519043 35.0906181335449 35.6694984436035 36.2914848327637 36.7163352966309 37.0081825256348 37.2865104675293 37.5439758300781 37.2826385498047 36.0841369628906 36.3412055969238 36.8131523132324 36.498836517334 36.6915130615234 37.631462097168 38.0641860961914 38.3075828552246 37.1781349182129 37.1811981201172 38.089900970459 38.4347496032715 37.942008972168 38.0042686462402 37.1689109802246 37.7508659362793 37.9900550842285 37.8559684753418 38.3817291259766 38.4913940429688 38.5368728637695 38.5529556274414 38.5121231079102 38.2057800292969
33.3876724243164 33.0215911865234 32.9872589111328 33.1352958679199 33.3265228271484 33.4804801940918 34.2505569458008 35.8628959655762 35.7663345336914 35.3376312255859 36.649772644043 37.6687316894531 36.9289245605469 35.902889251709 35.4195098876953 36.9932823181152 37.3233337402344 37.5198173522949 37.7698135375977 37.8235931396484 37.3995819091797 37.1382522583008 37.2804718017578 36.7522048950195 37.0928916931152 37.6450042724609 37.9047355651855 38.0139999389648 38.2651100158691 38.2109909057617 36.4822616577148 37.2964057922363 38.2349395751953 38.1737670898438 37.7318382263184 37.71875 37.5684661865234 38.1402969360352 38.1920356750488 38.2216491699219 38.2219924926758 38.41650390625 38.4873504638672 38.5172500610352 38.4569091796875 38.4339218139648
33.339729309082 33.0727310180664 33.5820808410645 34.2974510192871 34.4143333435059 34.8751564025879 35.8929977416992 36.4669914245605 35.9239730834961 36.2853126525879 37.6045227050781 38.0923690795898 37.5786056518555 36.6566848754883 35.9762763977051 36.946216583252 36.9502296447754 37.2226982116699 38.0112495422363 38.2583160400391 37.9569473266602 37.6079406738281 38.0057640075684 37.8172149658203 37.6980781555176 38.2495384216309 38.161018371582 38.0944671630859 38.3989791870117 38.1736068725586 37.5296401977539 38.0698928833008 38.2839851379395 37.9746246337891 36.977466583252 36.9649085998535 37.3425178527832 38.1505584716797 37.8559646606445 37.853401184082 37.9070777893066 38.2395286560059 38.2383193969727 38.3230743408203 38.1850891113281 38.3554306030273
33.3898010253906 33.5686836242676 34.6287002563477 35.3332748413086 35.9919815063477 36.8885192871094 37.4853668212891 36.8542213439941 35.1121635437012 35.7009124755859 37.1079063415527 38.1454429626465 37.7235679626465 37.4220809936523 36.6105308532715 37.5180892944336 37.693531036377 37.1066780090332 37.9232139587402 38.3312110900879 38.3026885986328 37.8447265625 38.2395782470703 38.3769760131836 38.2301177978516 38.361743927002 38.1796188354492 37.3674087524414 38.2726287841797 38.4504432678223 38.3879280090332 38.290584564209 37.9660415649414 37.6168937683105 36.7170219421387 36.8096885681152 37.6574287414551 37.6075286865234 37.471752166748 37.2878150939941 37.4766578674316 37.8266067504883 37.6343727111816 38.0407028198242 37.560173034668 38.0062789916992
