inst/extdata/Tmax/Tmax71.asc
NCOLS 100 
NROWS 79 
XLLCORNER 148.06 
YLLCORNER -21.49 
CELLSIZE 0.01 
NODATA_value -3.4e+38 
[rows 20 to 39 of 79, columns 0 to 45 of 100]
39.500743865966797 39.5591773986816 39.5732269287109 39.5513191223145 39.5854835510254 39.7237129211426 39.6576194763184 39.5957641601562 39.5402488708496 39.454704284668 39.2756538391113 38.8578491210938 38.4311676025391 37.9430961608887 36.9430313110352 36.6129684448242 36.5552711486816 37.2897415161133 38.0616645812988 38.4730606079102 38.5036849975586 38.5372734069824 38.9163551330566 38.9561309814453 38.8028945922852 38.504711151123 37.8548393249512 37.148063659668 37.5314064025879 37.5689849853516 38.2206115722656 38.2536888122559 38.4183578491211 38.3924865722656 38.3597831726074 38.1072082519531 37.6992835998535 37.7143135070801 37.2140655517578 37.5058326721191 37.2793312072754 36.6510848999023 36.8068428039551 36.8373756408691 36.9845581054688 37.0315551757812
39.5749053955078 39.6594543457031 39.6866874694824 39.6634712219238 39.6840591430664 39.6977119445801 39.5733795166016 39.5060958862305 39.4965171813965 39.4427032470703 39.3243522644043 39.1561470031738 38.9194450378418 38.1097373962402 36.9724998474121 36.7227210998535 36.9003601074219 37.513973236084 37.882755279541 38.1514320373535 38.2656173706055 38.1891021728516 38.7839851379395 38.9445838928223 38.7464370727539 38.7744026184082 38.7544937133789 37.937084197998 37.7773780822754 38.3600578308105 38.5003623962402 38.400936126709 38.0534248352051 37.4182548522949 37.4356651306152 37.4226417541504 37.9363021850586 37.1931800842285 36.8938980102539 37.1095314025879 36.8185691833496 36.8708534240723 36.6618347167969 35.9902038574219 36.2165565490723 36.6989936828613
39.6378517150879 39.7075538635254 39.7316055297852 39.731258392334 39.7282218933105 39.7062950134277 39.5379867553711 39.4212112426758 39.3795776367188 39.3614540100098 39.2528190612793 39.197925567627 39.0238342285156 38.4486427307129 37.605281829834 36.9663200378418 36.4726181030273 36.8443717956543 37.2693252563477 37.8663558959961 37.9408073425293 38.0251388549805 38.6714897155762 38.448917388916 38.0091438293457 38.4212112426758 38.5133857727051 38.616325378418 38.3187789916992 38.3727493286133 38.0938262939453 37.9054336547852 37.3856925964355 37.132625579834 36.9526138305664 37.1003379821777 37.0429954528809 36.6236572265625 36.5923194885254 36.5227584838867 36.2866401672363 35.7257804870605 36.2940254211426 36.0720748901367 35.3389472961426 36.3714447021484
39.6204071044922 39.6727027893066 39.7075843811035 39.7143783569336 39.6871948242188 39.6924133300781 39.6334457397461 39.3332901000977 39.2344398498535 39.2725143432617 39.0932693481445 38.9098663330078 39.0377197265625 38.6505928039551 38.056827545166 37.4582138061523 36.8261337280273 36.5966453552246 37.0479850769043 37.2770233154297 37.6759033203125 38.4972839355469 38.2342071533203 37.7582473754883 37.858024597168 37.9559707641602 37.719913482666 38.657039642334 38.6945381164551 38.5540885925293 38.3161010742188 37.3174705505371 37.0652885437012 37.2033081054688 37.4381217956543 37.0920372009277 36.4120292663574 36.0021896362305 36.5261116027832 36.1425437927246 35.599193572998 34.5378150939941 35.1469230651855 36.0129470825195 34.6721343994141 35.6449432373047
39.5598373413086 39.6417846679688 39.6906890869141 39.6716613769531 39.6457138061523 39.6626167297363 39.6833152770996 39.5103340148926 39.3362503051758 39.1670913696289 39.0705375671387 39.0490264892578 38.8747062683105 38.5892715454102 38.0151519775391 37.4854469299316 36.9146957397461 36.629093170166 36.7758712768555 36.7684936523438 37.6667556762695 38.2793006896973 37.4527130126953 37.0404396057129 37.6393623352051 37.6133689880371 37.7409782409668 38.4326667785645 38.7090339660645 38.3043441772461 38.2546272277832 38.0164833068848 37.9972991943359 38.0722312927246 37.725643157959 37.4410591125488 37.1392478942871 36.3127288818359 36.1386985778809 35.9390563964844 34.6545562744141 34.2168312072754 34.5423316955566 35.8960189819336 34.4288597106934 34.6934089660645
39.5084571838379 39.5496482849121 39.5776519775391 39.5661354064941 39.5929412841797 39.6168785095215 39.6650276184082 39.6327514648438 39.4861602783203 39.2399215698242 39.0455932617188 38.9174423217773 38.7967910766602 38.453239440918 38.1113815307617 37.6864852905273 37.2155876159668 36.9521636962891 37.2865562438965 37.8048782348633 37.7860336303711 37.7089691162109 37.3376884460449 36.3732795715332 36.7518348693848 37.3227348327637 37.4265937805176 38.4755554199219 38.688907623291 38.3062515258789 37.5236549377441 38.045223236084 37.9100456237793 37.7829742431641 37.5434494018555 37.3011169433594 37.2050361633301 36.1100234985352 35.1509475708008 35.4457550048828 34.3658752441406 34.9831008911133 35.2406845092773 35.913459777832 35.1528587341309 34.3434295654297
39.4416389465332 39.4574127197266 39.4591331481934 39.4864540100098 39.497127532959 39.5138244628906 39.6305046081543 39.6481475830078 39.5178413391113 39.081787109375 38.9951858520508 38.7956161499023 38.7850608825684 38.4996681213379 37.9321899414062 37.1190032958984 36.8256492614746 36.9677085876465 37.3190841674805 37.2421531677246 37.3769798278809 38.0401878356934 37.9237403869629 36.7840270996094 36.4706268310547 37.1640815734863 37.7508583068848 38.543327331543 38.6444091796875 38.4176216125488 37.6466865539551 37.3582801818848 37.9763984680176 37.5174865722656 37.1849403381348 36.5661239624023 36.3507652282715 36.4260368347168 35.6315803527832 34.6524353027344 34.3420562744141 34.574634552002 34.4957809448242 35.2692337036133 34.5584602355957 34.0638389587402
39.3464622497559 39.358039855957 39.374828338623 39.4043235778809 39.419116973877 39.4980659484863 39.618968963623 39.6297225952148 39.5678443908691 39.3756294250488 39.128776550293 38.9146423339844 38.8188056945801 38.6649894714355 37.9703330993652 37.1028213500977 36.8508834838867 36.8096122741699 36.901668548584 36.8782691955566 37.7288475036621 38.2005920410156 37.7907791137695 37.1388893127441 36.7038421630859 36.872257232666 36.955753326416 38.1147041320801 38.5014495849609 38.3834075927734 37.6706657409668 37.6009521484375 37.8056297302246 37.2518348693848 36.7305793762207 36.2989463806152 35.6136856079102 36.1404647827148 36.0102386474609 34.6376037597656 34.2979736328125 34.4358673095703 34.3655471801758 34.8046798706055 34.3511085510254 34.1156616210938
38.9865036010742 38.9505081176758 39.1437339782715 39.3650398254395 39.454662322998 39.5525550842285 39.6110916137695 39.6122817993164 39.4883766174316 39.3852996826172 39.2207221984863 38.7971458435059 38.8590507507324 38.739631652832 38.3487586975098 37.4309387207031 36.8758392333984 36.4840431213379 36.7171058654785 37.3805084228516 37.7554092407227 38.0201759338379 37.3627586364746 36.8091125488281 36.6629371643066 36.7669868469238 37.085563659668 37.7526512145996 38.3812942504883 38.4618110656738 37.9491767883301 37.7487640380859 37.4214172363281 36.650749206543 35.7711868286133 35.447883605957 35.2010116577148 35.3484687805176 35.4581680297852 35.1498947143555 34.7452545166016 34.8354263305664 34.6227111816406 34.4489440917969 34.4490623474121 34.390380859375
38.3411598205566 38.982967376709 39.2215156555176 39.0203895568848 39.4239959716797 39.5502433776855 39.5985221862793 39.5987243652344 39.3911743164062 39.2484970092773 39.2491760253906 39.0341987609863 38.849681854248 38.7430152893066 38.5466041564941 38.1546745300293 37.7308197021484 36.6875381469727 36.9253845214844 36.9790954589844 37.0885276794434 37.7960662841797 37.4682235717773 36.8496360778809 36.6865425109863 36.5205497741699 36.4912948608398 37.7297515869141 38.4091835021973 38.5062484741211 37.7774238586426 37.0500259399414 36.8097991943359 36.5381393432617 36.3301658630371 35.5625114440918 35.5092239379883 35.1910057067871 34.8690910339355 35.0550155639648 36.4006500244141 36.4531288146973 35.6029167175293 34.5109176635742 35.2935562133789 35.3659591674805
38.5760803222656 39.2259101867676 39.2399024963379 38.8368682861328 39.4037208557129 39.5301628112793 39.6013641357422 39.5962219238281 39.5471000671387 39.3151931762695 39.2284088134766 39.1738586425781 39.0344352722168 38.8726539611816 38.6469345092773 38.2047653198242 37.5774383544922 37.2333526611328 36.8784599304199 37.0655212402344 37.1167755126953 37.4468193054199 36.977897644043 36.8402709960938 36.6022529602051 36.1149215698242 36.323802947998 37.6586227416992 38.2746658325195 38.3379974365234 38.3335189819336 38.1646423339844 37.3092880249023 36.5917778015137 36.532470703125 36.1606712341309 36.259578704834 36.1071701049805 35.7801094055176 36.1384048461914 37.2316703796387 37.2662620544434 36.9439926147461 36.5119285583496 36.4135856628418 35.9633636474609
39.1536293029785 39.3480644226074 39.3886528015137 39.3795928955078 39.4341011047363 39.5340118408203 39.5563659667969 39.5652542114258 39.529109954834 39.4644088745117 39.2946014404297 39.2451705932617 39.1644325256348 39.0047607421875 38.7987518310547 38.4299812316895 37.788932800293 37.4637336730957 36.9254150390625 36.8341331481934 36.8794364929199 37.2095985412598 36.9182662963867 36.7146759033203 36.6590385437012 36.6729393005371 37.2707633972168 38.0593185424805 38.3265953063965 37.9427757263184 37.8705825805664 37.871940612793 38.0164031982422 37.6378784179688 37.4261054992676 36.8487205505371 37.6080932617188 37.4868850708008 37.4547576904297 37.4550132751465 37.2754554748535 36.600658416748 35.8846626281738 35.630558013916 35.5194053649902 34.9529418945312
38.9560394287109 39.4833602905273 39.5197715759277 39.5220565795898 39.5102386474609 39.5076560974121 39.4842529296875 39.5091667175293 39.4950942993164 39.488224029541 39.4493217468262 39.3318939208984 39.1883697509766 39.0614776611328 38.9113693237305 38.7187767028809 38.3578414916992 37.849781036377 37.2783851623535 36.7365837097168 36.7495155334473 37.0866203308105 36.9851989746094 36.7651443481445 36.6491088867188 36.760066986084 37.8200378417969 38.3359107971191 38.3766288757324 38.2376174926758 37.8642768859863 37.411693572998 37.9175491333008 37.9875869750977 38.0060348510742 37.6095314025879 37.9026565551758 37.6757049560547 37.5677108764648 37.4355239868164 36.542236328125 35.4764556884766 34.5085792541504 34.7604942321777 34.6868019104004 33.93017578125
38.8588562011719 39.3218231201172 39.1801261901855 39.082332611084 39.1744918823242 39.4469718933105 39.4446563720703 39.4526519775391 39.4543571472168 39.4355201721191 39.4021034240723 39.3779373168945 39.2864227294922 39.1645851135254 39.0417747497559 38.8668975830078 38.5392265319824 38.219108581543 38.0068321228027 37.5256652832031 36.8059463500977 36.9785346984863 36.8014221191406 36.8473625183105 36.7471618652344 36.7180976867676 37.5003204345703 38.3119735717773 38.361743927002 38.1175575256348 38.0074577331543 37.214729309082 37.4215965270996 37.5982284545898 37.8075180053711 37.8870964050293 37.7752151489258 37.6395950317383 37.344612121582 37.3740692138672 37.1254272460938 36.1951599121094 35.5820236206055 35.9834060668945 35.6443367004395 34.7755126953125
39.1205253601074 39.3213424682617 39.0126876831055 38.5076217651367 38.580680847168 39.278377532959 39.4301719665527 39.3962364196777 39.3995323181152 39.4023017883301 39.3350982666016 39.3636665344238 39.3186302185059 39.2285957336426 39.1096153259277 38.9607162475586 38.7248382568359 38.2194938659668 37.9061470031738 37.5516891479492 37.0337181091309 36.9634742736816 36.8165321350098 36.6476593017578 36.6141014099121 36.8924980163574 37.7304229736328 38.298641204834 37.9188041687012 37.7458648681641 37.8162498474121 37.5465545654297 37.2987747192383 37.0423889160156 36.8322677612305 37.1878318786621 37.0394134521484 37.2728042602539 37.20263671875 37.0427474975586 36.8371963500977 37.066032409668 36.8724212646484 36.6259918212891 36.1692047119141 35.8017158508301
39.2294769287109 39.2955093383789 39.1445617675781 38.9047775268555 38.670581817627 39.0762100219727 39.2990455627441 39.3083305358887 39.3350601196289 39.3711318969727 39.3544235229492 39.3819046020508 39.3281936645508 39.2759475708008 39.1537742614746 38.984432220459 38.801139831543 38.631893157959 38.3255424499512 37.8285293579102 37.5309906005859 37.3307914733887 36.9371223449707 36.4420738220215 36.5549049377441 36.7341804504395 37.8062782287598 38.1887283325195 36.7752456665039 36.4601707458496 36.9341278076172 37.0928649902344 37.0493927001953 36.8771781921387 36.5023956298828 36.2996978759766 36.692497253418 36.5615463256836 36.5271530151367 36.4795989990234 36.2709045410156 36.0356369018555 36.2144203186035 36.5583648681641 36.0787811279297 35.221321105957
39.1372261047363 39.1541290283203 39.1663856506348 38.9533309936523 38.7363090515137 38.8701782226562 39.0300102233887 39.1697082519531 39.2447395324707 39.3287925720215 39.3066101074219 39.2990341186523 39.3551902770996 39.2956428527832 39.197925567627 38.9869346618652 38.9645004272461 38.8422470092773 38.6474876403809 38.3513641357422 38.2324562072754 37.6290435791016 37.1685752868652 36.8028793334961 36.7914962768555 37.0736999511719 37.8414649963379 37.7575149536133 37.5266151428223 37.437427520752 36.8474273681641 36.7919960021973 36.638427734375 36.5198135375977 35.9624519348145 35.6435089111328 35.7989120483398 35.747444152832 35.9156494140625 35.7529678344727 35.7334365844727 35.0276565551758 35.5568428039551 36.1924667358398 36.0029258728027 34.8875007629395
38.7304344177246 38.9727783203125 39.1232032775879 39.0369834899902 38.8792610168457 38.773983001709 38.7592544555664 39.032642364502 39.1101188659668 39.2339096069336 39.2883071899414 39.2819671630859 39.3188629150391 39.3229103088379 39.1806564331055 39.0945816040039 39.0322456359863 38.937572479248 38.8088798522949 38.648120880127 38.4844818115234 37.93896484375 37.0624923706055 37.12109375 36.5865631103516 37.019603729248 37.7389297485352 37.3059425354004 37.4392509460449 37.7814865112305 37.682746887207 37.5553092956543 37.0380935668945 36.7035636901855 35.4992790222168 34.5220794677734 34.549373626709 34.4549903869629 34.4156951904297 34.7630805969238 34.8781509399414 35.0196685791016 35.1550331115723 35.8092155456543 35.6900482177734 35.3807487487793
38.8319358825684 38.8967666625977 38.9916000366211 38.9662971496582 38.9320526123047 38.6905288696289 38.5205230712891 38.314094543457 38.8087768554688 39.1806449890137 39.2745018005371 39.3019180297852 39.3532371520996 39.3424797058105 39.1040687561035 38.7896499633789 38.80078125 38.8349571228027 38.861011505127 38.7597503662109 38.6419563293457 38.3247299194336 37.4704475402832 37.6941108703613 36.9525489807129 36.93896484375 37.0455703735352 37.277458190918 36.4718551635742 36.9686660766602 36.6764488220215 36.7557792663574 37.6912956237793 37.3558502197266 36.6154174804688 34.9045677185059 34.2010345458984 34.1948738098145 33.6740531921387 33.9957809448242 34.4717826843262 34.4577255249023 34.5119476318359 35.5433044433594 35.1967964172363 34.7816467285156
38.8997535705566 38.8342552185059 38.8691825866699 38.7126083374023 38.8585510253906 38.7852821350098 38.6072425842285 38.3995590209961 38.5410308837891 39.0000381469727 39.1816177368164 39.321704864502 39.3465042114258 39.3125038146973 39.2591552734375 38.9434051513672 38.6464729309082 38.4863128662109 38.6837158203125 38.769603729248 38.6537818908691 38.5366439819336 38.2805633544922 37.8304977416992 37.002872467041 36.8297080993652 36.7877388000488 36.8483772277832 36.8779029846191 36.4627952575684 36.0162467956543 36.6020469665527 37.5048713684082 36.93115234375 37.0872688293457 36.6653099060059 36.3284187316895 36.2169227600098 35.4559326171875 34.5973281860352 35.1362686157227 34.8871803283691 35.174934387207 35.3068046569824 35.0665740966797 34.6976699829102
