inst/extdata/Tmax/Tmax149.asc
NCOLS 100 
NROWS 79 
XLLCORNER 148.06 
YLLCORNER -21.49 
CELLSIZE 0.01 
NODATA_value -3.4e+38 
[rows 0 to 19 of 79, columns 46 to 91 of 100]
37.211051940918 37.0480766296387 36.958423614502 36.9665222167969 36.9571418762207 36.8424758911133 37.0496711730957 36.8949699401855 36.719970703125 36.5601654052734 36.4874801635742 36.2432708740234 36.1602172851562 36.3785743713379 36.6436614990234 36.5791282653809 36.4768295288086 36.3347244262695 36.0774116516113 35.9295806884766 35.8339996337891 -3.4e+38 -3.4e+38 -3.4e+38 -3.4e+38 -3.4e+38 -3.4e+38 -3.4e+38 -3.4e+38 -3.4e+38 -3.4e+38 -3.4e+38 -3.4e+38 -3.4e+38 -3.4e+38 -3.4e+38 -3.4e+38 -3.4e+38 -3.4e+38 -3.4e+38 -3.4e+38 -3.4e+38 -3.4e+38 -3.4e+38 -3.4e+38 -3.4e+38
37.1677894592285 36.906982421875 36.698657989502 36.9459228515625 37.1049346923828 37.1033096313477 37.0684509277344 36.9779510498047 36.6652069091797 36.2608184814453 36.393856048584 35.899715423584 36.3869590759277 36.682804107666 36.6729316711426 36.5969619750977 36.5069274902344 36.3935546875 36.2243843078613 36.1513175964355 36.0689010620117 35.9620590209961 -3.4e+38 -3.4e+38 -3.4e+38 -3.4e+38 -3.4e+38 -3.4e+38 -3.4e+38 -3.4e+38 -3.4e+38 -3.4e+38 -3.4e+38 -3.4e+38 -3.4e+38 -3.4e+38 -3.4e+38 -3.4e+38 -3.4e+38 -3.4e+38 -3.4e+38 -3.4e+38 -3.4e+38 -3.4e+38 -3.4e+38 -3.4e+38
37.0625762939453 36.3625450134277 35.5794334411621 36.8845748901367 37.0739097595215 37.0776748657227 37.066276550293 37.0220565795898 36.8138465881348 36.2665328979492 36.3606071472168 36.4962882995605 36.5754241943359 36.7239875793457 36.6997871398926 36.6166687011719 36.5447959899902 36.4632110595703 36.3540992736816 36.154369354248 36.1285858154297 35.9997825622559 35.8107147216797 35.578670501709 -3.4e+38 -3.4e+38 -3.4e+38 -3.4e+38 -3.4e+38 -3.4e+38 -3.4e+38 -3.4e+38 -3.4e+38 -3.4e+38 -3.4e+38 -3.4e+38 -3.4e+38 -3.4e+38 -3.4e+38 -3.4e+38 -3.4e+38 -3.4e+38 -3.4e+38 -3.4e+38 -3.4e+38 -3.4e+38
36.6496658325195 36.7159652709961 35.6972999572754 36.7611618041992 36.9462738037109 36.9934692382812 37.0606880187988 36.9749488830566 36.8583297729492 36.5526428222656 36.4601135253906 36.2240867614746 36.5580406188965 36.6860160827637 36.7151298522949 36.6313819885254 36.5868721008301 36.5307731628418 36.4062309265137 36.066349029541 35.9007949829102 35.936466217041 35.8935356140137 35.8324584960938 35.6947822570801 35.3589134216309 -3.4e+38 -3.4e+38 -3.4e+38 -3.4e+38 -3.4e+38 -3.4e+38 -3.4e+38 -3.4e+38 -3.4e+38 -3.4e+38 -3.4e+38 -3.4e+38 -3.4e+38 -3.4e+38 -3.4e+38 -3.4e+38 -3.4e+38 -3.4e+38 -3.4e+38 -3.4e+38
36.6267852783203 36.6561088562012 35.5289764404297 35.753288269043 36.5034637451172 36.9727478027344 37.061149597168 36.9341812133789 36.9115791320801 36.6212501525879 36.3475761413574 36.1706886291504 35.8112945556641 36.4198951721191 36.6619033813477 36.5865745544434 36.6246490478516 36.583667755127 36.3634223937988 35.6612243652344 35.169303894043 35.8967247009277 35.9798049926758 35.9271659851074 35.7235679626465 35.4954223632812 -3.4e+38 -3.4e+38 -3.4e+38 -3.4e+38 -3.4e+38 -3.4e+38 -3.4e+38 -3.4e+38 -3.4e+38 -3.4e+38 -3.4e+38 -3.4e+38 -3.4e+38 -3.4e+38 -3.4e+38 -3.4e+38 -3.4e+38 -3.4e+38 -3.4e+38 -3.4e+38
35.8181495666504 36.5163993835449 35.0773429870605 34.4890632629395 36.1543273925781 37.0305595397949 36.9781112670898 36.9282913208008 36.8807258605957 36.5020942687988 35.6385688781738 35.3249244689941 35.6428031921387 36.5254783630371 36.4394569396973 36.5987586975098 36.6474952697754 36.5867919921875 36.5047073364258 35.899658203125 35.1897850036621 35.2644882202148 35.7589454650879 35.8341979980469 35.8266906738281 35.7562255859375 -3.4e+38 -3.4e+38 -3.4e+38 -3.4e+38 -3.4e+38 -3.4e+38 -3.4e+38 -3.4e+38 -3.4e+38 -3.4e+38 -3.4e+38 -3.4e+38 -3.4e+38 -3.4e+38 -3.4e+38 -3.4e+38 -3.4e+38 -3.4e+38 -3.4e+38 -3.4e+38
34.9635238647461 36.4880752563477 35.9050559997559 35.8315811157227 36.7470436096191 36.9844818115234 36.8302993774414 36.728443145752 36.8727874755859 36.4204940795898 35.7389068603516 35.7310562133789 36.3591766357422 36.4800033569336 35.611629486084 36.4485244750977 36.5092735290527 36.516170501709 36.552806854248 36.2892990112305 35.9156646728516 35.6621284484863 35.8798179626465 35.6552276611328 35.901927947998 35.9319686889648 35.8237571716309 35.599536895752 -3.4e+38 -3.4e+38 -3.4e+38 -3.4e+38 -3.4e+38 -3.4e+38 -3.4e+38 -3.4e+38 -3.4e+38 -3.4e+38 -3.4e+38 -3.4e+38 -3.4e+38 -3.4e+38 -3.4e+38 -3.4e+38 -3.4e+38 -3.4e+38
34.1624412536621 36.4851112365723 36.9104537963867 36.7347106933594 35.7958755493164 36.031078338623 36.6255226135254 36.7676849365234 36.9152488708496 36.7382888793945 36.3648071289062 35.9684028625488 35.9926834106445 36.1984977722168 35.7711868286133 36.4303436279297 35.7524604797363 35.7144813537598 36.3834800720215 36.5001373291016 36.3337173461914 36.0975151062012 35.9995079040527 36.0492553710938 36.0239295959473 35.9916191101074 35.8310050964355 35.7140121459961 35.4837074279785 35.0309066772461 35.0006332397461 -3.4e+38 -3.4e+38 -3.4e+38 -3.4e+38 -3.4e+38 -3.4e+38 -3.4e+38 -3.4e+38 -3.4e+38 -3.4e+38 -3.4e+38 -3.4e+38 -3.4e+38 -3.4e+38 -3.4e+38
34.1027755737305 36.039192199707 36.9226112365723 36.8177604675293 36.015079498291 34.5960998535156 35.8796806335449 36.8479423522949 36.9162483215332 36.8078804016113 36.660961151123 36.4116020202637 36.4279479980469 36.2612037658691 35.7658195495605 35.6976203918457 35.2933082580566 36.0223846435547 36.3086700439453 36.3746871948242 36.3766326904297 36.0430221557617 35.6673736572266 35.3583106994629 36.0183296203613 36.0647850036621 35.9579124450684 35.8174591064453 35.7159576416016 35.2226295471191 35.0999488830566 35.2300033569336 -3.4e+38 -3.4e+38 -3.4e+38 -3.4e+38 -3.4e+38 -3.4e+38 -3.4e+38 -3.4e+38 -3.4e+38 -3.4e+38 -3.4e+38 -3.4e+38 -3.4e+38 -3.4e+38
34.974292755127 36.0394439697266 36.7915840148926 36.7831382751465 36.7578163146973 35.4540863037109 35.7470817565918 36.74755859375 36.9100952148438 36.7960472106934 36.6063003540039 36.3627052307129 36.2423553466797 36.3438262939453 35.7125396728516 35.4195251464844 35.33984375 36.4057006835938 36.2573890686035 35.9696044921875 36.3289337158203 36.2933464050293 36.1026802062988 35.7734146118164 36.1568984985352 36.0990905761719 35.9560737609863 36.0055160522461 35.874210357666 35.6286735534668 35.2350654602051 35.2452926635742 -3.4e+38 -3.4e+38 -3.4e+38 -3.4e+38 -3.4e+38 -3.4e+38 -3.4e+38 -3.4e+38 -3.4e+38 -3.4e+38 -3.4e+38 -3.4e+38 -3.4e+38 -3.4e+38
34.0829315185547 35.8812789916992 36.2468719482422 36.0440940856934 36.3771553039551 36.6199798583984 36.3521766662598 36.7633094787598 36.8568878173828 36.7590789794922 36.5951385498047 36.4237632751465 36.231143951416 36.5703735351562 36.4200401306152 36.3242721557617 36.381721496582 36.5810279846191 36.5776252746582 36.0624198913574 35.612476348877 36.2462959289551 36.4167213439941 35.9343948364258 35.9480285644531 35.8027381896973 35.7762107849121 36.0869102478027 35.9644927978516 35.7311019897461 -3.4e+38 -3.4e+38 -3.4e+38 -3.4e+38 -3.4e+38 -3.4e+38 -3.4e+38 -3.4e+38 -3.4e+38 -3.4e+38 -3.4e+38 -3.4e+38 -3.4e+38 -3.4e+38 -3.4e+38 -3.4e+38
33.4286270141602 34.3919944763184 34.7189674377441 34.4661636352539 35.479606628418 36.1162223815918 36.4810943603516 36.7505989074707 36.7488746643066 36.6672248840332 36.4911041259766 36.3149948120117 36.1737632751465 36.7698020935059 36.7602005004883 36.6192283630371 36.6287651062012 36.71630859375 36.7558288574219 36.660758972168 36.2861633300781 36.0894317626953 36.4513320922852 36.2680892944336 36.0382347106934 36.1556510925293 36.1931838989258 35.9573783874512 35.869499206543 35.7468948364258 -3.4e+38 -3.4e+38 -3.4e+38 -3.4e+38 -3.4e+38 -3.4e+38 -3.4e+38 -3.4e+38 -3.4e+38 -3.4e+38 -3.4e+38 -3.4e+38 -3.4e+38 -3.4e+38 -3.4e+38 -3.4e+38
33.4124565124512 32.4513778686523 31.852388381958 31.9894371032715 34.1177406311035 34.6564407348633 35.8849143981934 36.2351379394531 36.5443992614746 36.4373588562012 36.227710723877 36.5485343933105 36.5525207519531 36.4539337158203 36.8784790039062 36.8527336120605 36.7924346923828 36.8016929626465 36.8140678405762 36.7966690063477 36.7394218444824 36.6658134460449 36.5265121459961 36.4765701293945 36.1899223327637 36.2683982849121 36.2570953369141 36.0054931640625 35.762508392334 35.6816253662109 35.5793609619141 35.3260040283203 -3.4e+38 -3.4e+38 -3.4e+38 -3.4e+38 -3.4e+38 -3.4e+38 -3.4e+38 -3.4e+38 -3.4e+38 -3.4e+38 -3.4e+38 -3.4e+38 -3.4e+38 -3.4e+38
33.4283599853516 32.6579971313477 31.7862510681152 31.2704696655273 31.8611221313477 32.6808204650879 34.6011047363281 35.8065719604492 36.5224113464355 36.3560333251953 35.8719177246094 36.462230682373 36.7797966003418 36.8255767822266 36.8457641601562 36.8629493713379 36.8890762329102 36.878776550293 36.858341217041 36.8296852111816 36.7883911132812 36.7313842773438 36.6608963012695 36.5829849243164 36.3559989929199 36.3875312805176 36.3022079467773 36.1094284057617 35.8803977966309 35.8257293701172 35.7707595825195 35.6525688171387 35.4024887084961 -3.4e+38 -3.4e+38 -3.4e+38 -3.4e+38 34.8963279724121 34.9086837768555 -3.4e+38 -3.4e+38 -3.4e+38 -3.4e+38 -3.4e+38 -3.4e+38 -3.4e+38
34.0145492553711 32.7477340698242 31.8880920410156 31.5259437561035 32.066276550293 31.8228874206543 33.0154266357422 34.7535133361816 36.0679130554199 36.4420623779297 35.3782043457031 36.2051582336426 36.6357803344727 36.1950378417969 36.2800559997559 36.6754302978516 36.7759628295898 36.845142364502 36.8013305664062 36.6822891235352 36.7090873718262 36.6633796691895 36.6688499450684 36.6228637695312 36.5517158508301 36.4136352539062 36.3159828186035 36.1847763061523 36.0616912841797 35.9831657409668 35.9355545043945 35.815673828125 35.4887390136719 -3.4e+38 -3.4e+38 -3.4e+38 -3.4e+38 35.0046615600586 34.9380187988281 35.0664672851562 35.029369354248 34.8436470031738 -3.4e+38 -3.4e+38 -3.4e+38 -3.4e+38
33.9750785827637 32.7238235473633 31.930196762085 32.3744735717773 32.1705055236816 32.5644721984863 32.3293266296387 33.7523994445801 35.8826789855957 36.5904159545898 35.5886573791504 35.5530242919922 36.3442230224609 34.5448112487793 35.5313606262207 35.8995933532715 36.4365119934082 36.8108863830566 36.7950782775879 36.7094993591309 36.6944618225098 36.6761741638184 36.6857109069824 36.6370468139648 36.5718040466309 36.3310470581055 36.307674407959 36.2453002929688 36.1937866210938 36.1484031677246 36.0508232116699 35.9227447509766 35.7582626342773 -3.4e+38 -3.4e+38 35.5160140991211 35.3240661621094 35.093807220459 34.9556121826172 34.7377014160156 34.8393440246582 35.0095252990723 -3.4e+38 -3.4e+38 -3.4e+38 -3.4e+38
32.6140441894531 31.3851356506348 31.3412990570068 32.6235198974609 32.9694900512695 32.8766250610352 32.4728622436523 32.8378257751465 35.1620330810547 36.4082717895508 36.4214363098145 35.6211891174316 36.1244125366211 34.7972183227539 34.8098068237305 34.8711090087891 36.1452140808105 36.7959938049316 36.8088455200195 36.824462890625 36.8139724731445 36.7598342895508 36.7114486694336 36.4812812805176 36.4835739135742 36.3681716918945 36.3499336242676 36.3406372070312 36.307056427002 36.2320251464844 36.1327705383301 36.0353317260742 35.9337959289551 -3.4e+38 35.770092010498 35.726261138916 35.6440277099609 -3.4e+38 35.0976257324219 -3.4e+38 34.7898864746094 -3.4e+38 -3.4e+38 -3.4e+38 -3.4e+38 -3.4e+38
32.5634574890137 31.137035369873 30.421558380127 33.0048789978027 33.2197647094727 32.5736083984375 32.2011260986328 32.3346252441406 33.8859939575195 36.1191444396973 36.2251586914062 35.8156433105469 35.9300498962402 36.0388641357422 35.3993301391602 36.4626007080078 36.6825141906738 36.7809867858887 36.8157081604004 36.8027877807617 36.7863655090332 36.7515869140625 36.714771270752 36.6259880065918 36.6100387573242 36.5344314575195 36.4860610961914 36.4365310668945 36.3372230529785 36.3088722229004 36.2274856567383 36.1564331054688 36.0813179016113 35.996711730957 35.9378471374512 35.9088592529297 35.7609176635742 -3.4e+38 -3.4e+38 -3.4e+38 -3.4e+38 -3.4e+38 -3.4e+38 34.9697074890137 -3.4e+38 -3.4e+38
34.329044342041 34.0204467773438 31.8946723937988 33.4130592346191 31.9496269226074 31.9460258483887 32.3926200866699 32.6963233947754 34.7327308654785 36.0854721069336 35.7975425720215 35.2092056274414 36.046932220459 36.4411582946777 36.5396308898926 36.5920867919922 36.7059288024902 36.3977127075195 36.5453567504883 36.7013244628906 36.6663627624512 36.700065612793 36.7059516906738 36.6739883422852 36.6425018310547 36.5883102416992 36.5500717163086 36.4192237854004 36.1005554199219 36.2205619812012 36.2945327758789 36.2692337036133 36.2114562988281 36.1182060241699 36.0646362304688 35.9843063354492 35.8486213684082 35.7267913818359 35.6116600036621 35.5368423461914 35.5054779052734 35.3963317871094 35.1571578979492 34.97021484375 -3.4e+38 -3.4e+38
34.4092864990234 33.5834884643555 34.2314186096191 34.0514945983887 32.6594200134277 32.6867904663086 32.3109397888184 32.5252571105957 34.5259132385254 35.8018188476562 36.1970252990723 35.9745254516602 36.3041915893555 36.582145690918 36.4592132568359 36.3197212219238 36.5030364990234 36.2428512573242 36.0858879089355 36.2534599304199 36.5546531677246 36.6173400878906 36.6341552734375 36.6640510559082 36.6614685058594 36.6225624084473 36.5707817077637 36.3808708190918 36.120849609375 36.3060455322266 36.2646522521973 36.345401763916 36.2290382385254 36.1627731323242 36.110725402832 35.9806365966797 35.8937835693359 35.8380813598633 35.7899475097656 35.7431335449219 35.6898040771484 35.5623970031738 35.2398490905762 34.8972320556641 34.9268188476562 -3.4e+38
