inst/extdata/Tmax/Tmax14.asc
NCOLS 100 
NROWS 79 
XLLCORNER 148.06 
YLLCORNER -21.49 
CELLSIZE 0.01 
NODATA_value -3.4e+38 
[rows 0 to 19 of 79, columns 0 to 45 of 100]
27.220161437988299 27.312219619751 26.6220951080322 27.6092777252197 27.6225624084473 27.9032649993896 27.9061317443848 27.6366653442383 27.3923683166504 27.5448017120361 27.1190910339355 27.1198635101318 27.1303844451904 26.0590629577637 26.4858417510986 26.8364124298096 27.0369873046875 27.08327293396 25.7458267211914 25.1964550018311 24.2985191345215 22.9541244506836 23.4366664886475 24.771728515625 25.3727893829346 25.9905261993408 25.5846309661865 25.5499477386475 25.8192481994629 25.4507122039795 23.4341888427734 21.5582084655762 19.5945281982422 19.7444381713867 18.5249805450439 17.211597442627 16.7883338928223 16.477819442749 17.1684589385986 19.0661334991455 20.6663436889648 21.0117683410645 21.6520576477051 27.236478805542 26.8767318725586 25.8835792541504
27.8531074523926 26.8286590576172 25.4508113861084 26.1541080474854 26.1558074951172 27.1671371459961 27.6140327453613 27.7687530517578 28.3226680755615 28.4117946624756 27.8313217163086 26.8768558502197 27.5034923553467 26.4759635925293 26.7571086883545 26.4280090332031 27.2298736572266 27.03102684021 26.2755374908447 25.3749866485596 25.5831317901611 24.7823848724365 24.522855758667 24.9398441314697 25.383207321167 25.8832855224609 26.2623119354248 26.2310447692871 25.9173622131348 25.4824619293213 24.4168663024902 22.5246315002441 20.2971115112305 22.6045532226562 19.3926486968994 18.0903396606445 17.4909706115723 18.4512176513672 19.5564022064209 20.3161354064941 21.6943511962891 21.7626800537109 24.9737911224365 25.7863750457764 26.4306793212891 25.321325302124
27.6686515808105 26.7243232727051 26.7462329864502 27.2939395904541 26.6738319396973 27.024169921875 27.4310111999512 27.9263668060303 28.3251628875732 28.4079532623291 27.9049129486084 27.1670188903809 27.4801750183105 27.0458812713623 26.4900169372559 26.5258750915527 26.6150379180908 26.9046382904053 26.1175365447998 25.6271533966064 25.1225299835205 25.4061737060547 24.9172763824463 25.2112636566162 26.0160598754883 26.1881504058838 26.1908740997314 26.1696224212646 26.3708877563477 25.8298435211182 26.078821182251 24.7258358001709 25.7497138977051 22.65891456604 24.6419105529785 18.7280311584473 17.7373809814453 17.4416484832764 18.5837230682373 19.6708946228027 21.1988544464111 27.4713153839111 27.4190368652344 24.0504150390625 23.9112949371338 26.4698925018311
28.196590423584 27.994161605835 27.0582160949707 28.088451385498 27.3360233306885 26.8347339630127 27.4222621917725 27.8425159454346 28.151159286499 28.3323516845703 28.121862411499 27.5997333526611 27.501127243042 27.51198387146 27.1699600219727 27.1092185974121 27.2240447998047 26.7885093688965 26.5959033966064 25.6201400756836 25.374174118042 25.1241683959961 25.2271595001221 25.2508754730225 25.8578262329102 26.0752182006836 26.035041809082 26.0257587432861 25.7159233093262 24.9505462646484 25.1162185668945 26.182918548584 24.8906993865967 22.8111324310303 18.9065017700195 17.9968605041504 18.2020015716553 17.6411647796631 17.6069717407227 17.1379013061523 18.7623405456543 20.8772506713867 24.4610023498535 28.0442733764648 22.1972827911377 22.26145362854
28.8515853881836 28.0796413421631 27.9317741394043 28.4550914764404 28.0676193237305 27.6085796356201 27.0023441314697 27.9397087097168 28.7667808532715 28.0594253540039 28.249547958374 27.9365997314453 27.87548828125 27.7452831268311 27.2896289825439 26.9444637298584 26.9505863189697 26.4179782867432 25.7478523254395 24.9966430664062 25.0247116088867 25.5088691711426 25.5363655090332 25.7633285522461 25.4784717559814 25.4268779754639 26.6044692993164 25.8612766265869 25.73606300354 25.9588508605957 25.3220825195312 25.5283508300781 24.7849216461182 23.9275703430176 24.4715099334717 19.5677127838135 19.0911140441895 18.6081008911133 17.2833595275879 17.2078399658203 17.0583438873291 20.5145664215088 23.6550884246826 25.725513458252 21.5567493438721 20.6971206665039
29.3579349517822 28.7512626647949 28.0378379821777 28.3528461456299 28.5479526519775 27.9929370880127 27.9649715423584 28.1995639801025 28.3848152160645 28.2017612457275 28.0820617675781 28.4999961853027 28.0412311553955 27.5610275268555 26.6688575744629 26.9477882385254 26.8804225921631 26.1183624267578 25.430290222168 24.863073348999 24.9190998077393 25.5780220031738 25.6644077301025 25.5979633331299 26.3678760528564 25.9844760894775 26.1148166656494 25.1503238677979 24.9788036346436 24.3753280639648 23.4874286651611 24.4750099182129 25.1505737304688 24.3026714324951 23.8982887268066 24.2318744659424 19.6936702728271 19.1546669006348 18.6526165008545 18.1188201904297 17.2822246551514 19.6111431121826 24.6568756103516 23.7294521331787 21.8004417419434 19.1827125549316
28.404468536377 28.9909648895264 28.8701839447021 29.1794242858887 28.6602077484131 28.326940536499 27.4386138916016 27.7467155456543 28.3260154724121 28.5110778808594 28.7539119720459 28.7623443603516 27.7587509155273 27.2299194335938 27.1535778045654 27.1871490478516 26.6910514831543 25.9806022644043 25.5066299438477 24.9881782531738 24.4148807525635 25.0963611602783 25.5657978057861 25.8140144348145 26.1162090301514 26.482572555542 26.3891010284424 25.552074432373 25.3598823547363 23.6435852050781 22.7876434326172 21.9789619445801 23.2003402709961 24.0099658966064 23.9077033996582 23.4856395721436 20.0236530303955 18.3534545898438 18.4684181213379 18.3370132446289 18.290168762207 19.920654296875 25.4431209564209 26.6060657501221 22.0296859741211 24.8615875244141
29.0466175079346 28.5194492340088 29.27321434021 29.4037666320801 28.7809638977051 28.5328388214111 27.533374786377 27.650426864624 28.1997928619385 28.381519317627 28.3320484161377 28.147611618042 27.3891849517822 27.8870849609375 27.7513065338135 26.531135559082 26.22243309021 25.4872531890869 25.9800262451172 24.8076248168945 23.8357944488525 24.4285335540771 24.9249076843262 25.916841506958 26.1844825744629 26.4578056335449 26.2437419891357 25.3223323822021 24.9319400787354 24.4749889373779 22.3977165222168 21.9630947113037 22.695556640625 22.4891910552979 23.0301170349121 23.330738067627 19.3171977996826 18.4541454315186 18.0516719818115 18.5145816802979 18.6665649414062 19.7221298217773 20.7127437591553 21.7574405670166 21.8663539886475 19.8445453643799
28.3013286590576 28.9394912719727 28.5911502838135 28.7511577606201 28.6680335998535 28.6326141357422 28.2290191650391 27.4932727813721 27.8761138916016 28.2915363311768 28.4328746795654 28.8483963012695 29.0746974945068 27.9431896209717 27.5559959411621 26.3138885498047 26.1205959320068 26.0436782836914 26.2696323394775 24.998908996582 25.0030632019043 24.6255798339844 24.9652862548828 25.8180599212646 26.2890911102295 26.5774555206299 25.6563339233398 24.100227355957 24.5610160827637 24.4214248657227 23.4006023406982 22.4429111480713 22.1300144195557 21.4948806762695 24.0792636871338 22.0754737854004 22.9532032012939 23.2462940216064 18.2051334381104 18.0454845428467 18.1341819763184 18.3324947357178 18.8406238555908 20.3723526000977 20.9835186004639 19.7630157470703
27.6745643615723 28.5903148651123 28.8113536834717 29.2846984863281 28.6472835540771 28.7300186157227 28.2779350280762 27.8022689819336 27.9945030212402 27.9360065460205 28.3644599914551 28.4252395629883 27.3951454162598 27.310604095459 27.2805118560791 27.0460681915283 26.888542175293 26.5994853973389 26.0822257995605 25.9387474060059 25.9533252716064 25.120584487915 25.5243854522705 26.3004016876221 27.0080528259277 26.9109134674072 25.8209133148193 25.2598190307617 24.5386791229248 23.4265995025635 22.5960464477539 22.2202949523926 22.3267650604248 22.9857025146484 23.4029159545898 21.7254772186279 18.7351512908936 22.0894870758057 18.7662620544434 17.7822437286377 17.7816543579102 17.4180221557617 18.0684680938721 19.1399555206299 19.1926765441895 18.9393997192383
28.0107517242432 29.0177822113037 28.8976421356201 28.3798942565918 29.1170921325684 29.281946182251 28.7219333648682 28.1611557006836 28.2498950958252 28.229944229126 28.5719776153564 28.0228710174561 27.7695274353027 26.6740016937256 26.8268337249756 26.8505554199219 26.8004817962646 26.9439525604248 26.545991897583 26.5177135467529 25.4119415283203 25.3617687225342 25.2011680603027 26.0683994293213 26.3522243499756 27.1915493011475 25.586368560791 23.7798175811768 23.0626220703125 22.8829364776611 22.4867897033691 22.9441051483154 23.6659927368164 23.6075534820557 23.0681018829346 21.2948188781738 18.8942832946777 18.5763244628906 18.5777378082275 17.7767944335938 17.8880062103271 17.4277687072754 17.2861309051514 18.0799140930176 18.5776615142822 18.9148960113525
28.5056686401367 27.9260482788086 28.5536117553711 28.6942100524902 28.7658100128174 29.7017784118652 29.0085678100586 28.2831192016602 28.10009765625 28.3674030303955 28.0742225646973 28.5620613098145 28.2165393829346 27.6865539550781 27.459020614624 27.2436256408691 27.4631881713867 27.2669906616211 27.0545883178711 26.3919124603271 25.6068820953369 25.1808700561523 25.6413478851318 25.6085548400879 25.4556827545166 26.0390777587891 24.5478820800781 23.81494140625 23.2786388397217 23.5487060546875 23.8441104888916 23.8321647644043 23.7913455963135 23.3003253936768 23.2222080230713 22.1614780426025 22.9421119689941 17.9412536621094 18.5855770111084 18.8419990539551 18.6281185150146 18.3011703491211 17.4217224121094 18.2019710540771 18.4873600006104 18.5867595672607
28.6171646118164 28.7103748321533 28.7238330841064 29.4356708526611 29.3195762634277 29.3911399841309 28.7331924438477 28.0320053100586 28.3700122833252 29.3470020294189 28.3579521179199 28.712028503418 28.0434112548828 28.5341339111328 28.0731620788574 27.7716655731201 28.2699871063232 27.7493762969971 27.4888229370117 26.2370262145996 26.0381278991699 26.4467163085938 26.5059204101562 26.9481105804443 26.8157291412354 26.3060626983643 25.9392280578613 25.1503944396973 24.3542747497559 24.0520401000977 24.9025611877441 24.6238822937012 24.4736957550049 23.9947414398193 22.6602096557617 21.9325656890869 20.7831935882568 22.1916332244873 21.113260269165 19.4497776031494 17.9499855041504 17.7144031524658 17.2940998077393 17.0349769592285 18.7949161529541 19.1667747497559
29.2716693878174 29.501148223877 28.2197647094727 28.7121772766113 28.3007106781006 28.3309288024902 29.0805149078369 28.515287399292 28.7255153656006 28.6780300140381 28.6381454467773 28.4681568145752 28.1087074279785 27.6613311767578 28.0021629333496 27.6211357116699 28.0165309906006 27.7405223846436 27.5555572509766 26.9091148376465 27.1214332580566 27.1936416625977 26.9457721710205 27.0762958526611 26.3458995819092 24.6921634674072 24.2992248535156 24.2703247070312 23.588062286377 24.0041961669922 24.8975257873535 24.7000160217285 24.2376308441162 23.4807357788086 22.8267135620117 24.3918647766113 22.9204998016357 19.2253475189209 23.3785438537598 24.7505664825439 23.9820861816406 19.4095802307129 18.4966125488281 18.3022022247314 18.909538269043 19.7631053924561
27.808048248291 27.9945526123047 28.5146713256836 28.9339008331299 28.6914806365967 28.5223522186279 28.5367450714111 29.2354755401611 28.1897506713867 27.9679756164551 28.0477981567383 27.8316097259521 27.2309703826904 27.1591110229492 27.4675846099854 26.9657592773438 27.7741279602051 27.8320503234863 27.6760711669922 27.7808036804199 27.5124454498291 26.8733615875244 26.148775100708 26.2638244628906 26.1567916870117 26.003604888916 25.7241058349609 25.1658611297607 24.6266078948975 25.3213958740234 24.6840057373047 25.042459487915 24.8663806915283 24.9262981414795 24.5589752197266 23.155216217041 23.8709259033203 23.4028854370117 23.2079200744629 24.6885356903076 24.4365653991699 24.503625869751 19.380880355835 18.5116691589355 19.0069541931152 20.0315418243408
26.2670822143555 27.7163066864014 28.6488304138184 28.3707790374756 29.077356338501 29.0428028106689 28.8268756866455 28.410961151123 28.9910583496094 28.4943809509277 27.0596027374268 27.8098945617676 26.6891803741455 25.8915786743164 26.9654598236084 26.828145980835 26.2893199920654 26.9337062835693 27.7167224884033 27.4689598083496 27.3348293304443 27.1433391571045 27.0533199310303 27.0312366485596 26.6966514587402 26.3381977081299 26.5486907958984 26.1123752593994 25.9474010467529 25.6360149383545 25.4190196990967 24.7815418243408 24.7804527282715 25.2797203063965 25.1230487823486 25.016565322876 25.4414463043213 23.7940425872803 25.1073589324951 25.6654644012451 24.989444732666 23.5120716094971 18.5619831085205 17.5937786102295 18.2606639862061 19.219165802002
27.4644680023193 26.3841648101807 27.777250289917 28.8005294799805 27.8421688079834 27.824634552002 28.9992370605469 28.2855434417725 28.2197341918945 28.5437412261963 27.4684295654297 27.4595680236816 26.262035369873 25.6688365936279 26.5723094940186 25.5736465454102 25.4566020965576 26.494026184082 26.5329971313477 26.7834167480469 27.320686340332 27.2793998718262 26.7521953582764 26.7844352722168 26.0951862335205 25.5216846466064 24.9473819732666 25.3490123748779 25.9550304412842 24.9361152648926 24.5919094085693 23.9564437866211 24.2910461425781 25.1254482269287 25.368839263916 25.1218299865723 25.6636753082275 25.6893062591553 25.2024669647217 24.6975021362305 24.9403095245361 23.3320808410645 22.1085948944092 19.1215991973877 18.6309986114502 19.4779224395752
27.8520603179932 27.732385635376 27.8021373748779 28.9800872802734 28.2704429626465 28.6879978179932 29.2344379425049 29.267427444458 29.5154476165771 29.2358322143555 28.9054069519043 28.4497661590576 26.4969635009766 25.8835868835449 26.3140926361084 25.7834320068359 25.4895801544189 25.3461112976074 24.6585655212402 25.9011192321777 26.787914276123 27.5881061553955 27.8463878631592 27.2468891143799 25.919225692749 24.3890419006348 23.6099491119385 24.3210124969482 25.2989025115967 24.8281955718994 24.629997253418 25.488224029541 25.4008922576904 25.3919105529785 26.0796432495117 25.191068649292 24.7576942443848 24.7237091064453 25.2943019866943 25.3496189117432 25.7660293579102 25.3786773681641 24.2388572692871 23.7604579925537 20.9705982208252 20.5492210388184
28.8821620941162 27.6660194396973 27.2611789703369 27.8501129150391 28.0361518859863 28.6414031982422 29.4715404510498 28.6990184783936 29.598165512085 29.228910446167 27.9205703735352 28.1728610992432 27.2176246643066 24.4401512145996 24.8321437835693 24.1067848205566 24.5383167266846 23.9200019836426 25.0717315673828 26.1360511779785 27.3626194000244 27.1537284851074 27.7054195404053 27.648120880127 26.3005981445312 24.9963245391846 23.5162677764893 24.0167274475098 25.5951747894287 24.7894725799561 25.1376571655273 25.8984107971191 26.7506580352783 26.7408714294434 25.9312171936035 25.5610942840576 25.0423202514648 25.0989303588867 25.8411178588867 25.8254699707031 25.9083595275879 25.8121128082275 25.5116348266602 25.334114074707 23.5715312957764 20.509786605835
27.7713050842285 27.8160076141357 28.2082672119141 27.891658782959 28.6208305358887 28.5243015289307 29.4525699615479 29.4418926239014 28.4144325256348 28.7458343505859 29.0985507965088 28.2931308746338 27.3039493560791 24.081169128418 24.5890846252441 24.703763961792 24.2582511901855 24.6148147583008 24.6587924957275 25.8546028137207 27.1165809631348 26.8235454559326 27.4329395294189 27.5054836273193 27.0411796569824 26.0606155395508 24.8768100738525 24.6057968139648 25.3623962402344 25.6299629211426 26.3296966552734 26.7776756286621 26.7360877990723 26.7637825012207 26.8480663299561 25.8483562469482 25.0844326019287 24.9936408996582 25.023775100708 25.5179996490479 26.3126430511475 25.9048385620117 24.9431743621826 25.1134548187256 24.0431690216064 23.4747581481934
