inst/extdata/Tmax/Tmax97.asc
NCOLS 100 
NROWS 79 
XLLCORNER 148.06 
YLLCORNER -21.49 
CELLSIZE 0.01 
NODATA_value -3.4e+38 
[rows 40 to 59 of 79, columns 46 to 91 of 100]
25.7121143341064 26.5162601470947 26.9651317596436 27.8797454833984 29.5396976470947 30.5719757080078 30.1162185668945 28.2055549621582 27.8535614013672 28.5662155151367 29.121057510376 30.9346179962158 30.5664672851562 30.8143653869629 29.9818210601807 31.0543651580811 31.2725811004639 31.0009956359863 31.1286010742188 31.2559585571289 31.2999324798584 30.3714179992676 30.7965850830078 31.1488361358643 31.2644348144531 31.3512649536133 31.2733783721924 30.9089202880859 31.1219902038574 31.3446655273438 31.3355979919434 31.2020034790039 30.897705078125 29.6466827392578 29.9504718780518 30.672082901001 30.6016178131104 30.5285625457764 30.7938117980957 30.2559871673584 29.5382785797119 30.044713973999 30.386137008667 30.1989345550537 30.486177444458 30.5545539855957
26.8358192443848 28.037088394165 27.9757461547852 27.9544105529785 29.5647716522217 30.8547554016113 29.7195320129395 29.3397026062012 29.970329284668 30.0799522399902 30.4812602996826 31.2234439849854 31.1294765472412 31.1703281402588 31.0432300567627 31.3912944793701 31.4556446075439 31.4112110137939 31.3902225494385 31.4345626831055 31.4451656341553 30.9401760101318 30.2537727355957 30.6402492523193 30.583683013916 31.1087207794189 31.4399147033691 30.9867534637451 30.9976253509521 31.4121742248535 31.4729690551758 31.4093418121338 31.2629566192627 30.6723937988281 30.9375648498535 31.0032711029053 30.8102340698242 30.8241729736328 30.9476585388184 31.091760635376 30.1463623046875 30.3951950073242 31.029935836792 30.8505973815918 31.0013256072998 30.9632415771484
29.2555522918701 29.4589748382568 29.6657447814941 30.1764011383057 30.5372905731201 31.061014175415 30.6488723754883 30.1272850036621 30.6778755187988 31.1132278442383 31.0551834106445 31.4010639190674 31.4595336914062 31.4022121429443 31.3973445892334 31.5115776062012 31.5458374023438 31.5444946289062 31.5345153808594 31.5454597473145 31.4843139648438 30.5673904418945 30.3887138366699 30.914436340332 30.4142169952393 30.8937034606934 31.3586692810059 31.2817840576172 31.2457656860352 31.5189094543457 31.566535949707 31.5764236450195 31.5557746887207 31.4608306884766 31.3803100585938 31.0740509033203 30.1736488342285 30.792610168457 31.3446159362793 31.355224609375 31.2456035614014 31.202709197998 31.3350963592529 31.3834476470947 31.4365005493164 31.4014110565186
30.492696762085 30.5361709594727 30.6926441192627 30.8640918731689 31.1274929046631 31.2372226715088 31.1710433959961 30.956184387207 31.155200958252 31.4008941650391 31.4280700683594 31.5019626617432 31.5030727386475 31.4880771636963 31.5306529998779 31.5298080444336 31.4862861633301 31.4837265014648 31.5372543334961 31.5876998901367 31.5710678100586 31.3513927459717 31.1194515228271 31.3143444061279 31.2000675201416 30.7807006835938 31.0903511047363 31.3807029724121 31.553295135498 31.5939636230469 31.6144828796387 31.6212902069092 31.609920501709 31.5859451293945 31.5964260101318 31.4710731506348 31.0093078613281 31.3365631103516 31.5309028625488 31.5293922424316 31.5133666992188 31.524600982666 31.5236854553223 31.5524406433105 31.5700225830078 31.5567016601562
30.2993679046631 30.5974159240723 30.8884716033936 30.919469833374 30.999137878418 31.1532402038574 31.2247047424316 31.3181228637695 31.3693771362305 31.3343925476074 31.1494159698486 31.2825222015381 31.2275314331055 30.9855899810791 31.1922245025635 31.3539848327637 31.2612991333008 31.3940582275391 31.5082969665527 31.5759620666504 31.6165428161621 31.5035762786865 31.2096672058105 30.971378326416 31.2168941497803 31.4143104553223 31.4816703796387 31.5430450439453 31.5688781738281 31.6189956665039 31.6252403259277 31.6282367706299 31.6020793914795 31.5781879425049 31.6214237213135 31.5827178955078 31.5768432617188 31.5864677429199 31.5438766479492 31.5581817626953 31.5513210296631 31.5511665344238 31.5666637420654 31.565486907959 31.4838218688965 31.5291538238525
28.445499420166 29.2715816497803 29.7296924591064 29.9748058319092 30.3775882720947 30.7491226196289 30.7114639282227 30.9391174316406 30.9593162536621 30.8152236938477 30.055871963501 30.0935440063477 30.1960544586182 28.6892852783203 29.6926307678223 30.5071182250977 31.08642578125 31.4431915283203 31.5520210266113 31.5938301086426 31.6270408630371 31.4662628173828 31.0481109619141 30.6970844268799 30.9901123046875 31.2797088623047 31.4286842346191 31.433895111084 31.5167007446289 31.604907989502 31.6298904418945 31.639404296875 31.635139465332 31.6411018371582 31.62327003479 31.5453681945801 31.5489654541016 31.5553245544434 31.5400161743164 31.5452728271484 31.5325908660889 31.5364284515381 31.5385627746582 31.499755859375 31.5046997070312 31.5461673736572
26.1242198944092 27.305233001709 27.2290496826172 27.2195701599121 28.6069488525391 29.1840267181396 29.3267288208008 29.6201934814453 30.1122131347656 29.4955368041992 28.8285446166992 28.2559566497803 28.962287902832 28.8521385192871 29.3324394226074 30.5465850830078 31.2645301818848 31.4751853942871 31.5268592834473 31.5246238708496 31.5977897644043 31.6277160644531 31.2246971130371 30.8928470611572 30.7994613647461 31.0986557006836 31.3279495239258 31.4598541259766 31.5788421630859 31.6137580871582 31.6547431945801 31.6743011474609 31.6800918579102 31.6641235351562 31.5981903076172 31.5563011169434 31.5652542114258 31.5746040344238 31.5734329223633 31.571849822998 31.5581722259521 31.5662136077881 31.5750102996826 31.5540466308594 31.5580825805664 31.4666557312012
26.2268390655518 26.1722240447998 26.0159378051758 26.0801467895508 26.0330543518066 26.7677173614502 28.0849800109863 28.7880020141602 28.9978904724121 28.8894195556641 29.4644966125488 29.3128967285156 29.1689109802246 29.789363861084 30.1127471923828 31.0316886901855 31.3102493286133 31.3564796447754 31.311222076416 31.4520416259766 31.5974884033203 31.6636486053467 31.5391578674316 31.2480659484863 30.847297668457 31.1424942016602 31.356029510498 31.5367107391357 31.6237869262695 31.6765079498291 31.7079048156738 31.7016773223877 31.6516628265381 31.5919036865234 31.5449676513672 31.5376758575439 31.5642337799072 31.5932083129883 31.5972175598145 31.5964126586914 31.5965404510498 31.611156463623 31.6164073944092 31.6067218780518 31.4202880859375 31.2243099212646
25.9009342193604 25.9866733551025 26.1744003295898 25.9426708221436 25.8680095672607 25.9592056274414 26.7725410461426 28.5012054443359 29.0796279907227 29.2848815917969 29.1392021179199 29.3536262512207 29.676643371582 29.997241973877 30.0779075622559 30.6478309631348 31.0534629821777 31.0715446472168 31.0832824707031 31.4059257507324 31.5393714904785 31.5732498168945 31.6766510009766 31.6119499206543 31.5148830413818 31.5036277770996 31.6082992553711 31.6923332214355 31.7154865264893 31.7336273193359 31.7271919250488 31.6726360321045 31.6041507720947 31.4893321990967 31.4636211395264 31.5389289855957 31.5635242462158 31.596248626709 31.627124786377 31.6266765594482 31.6425800323486 31.6543464660645 31.6518535614014 31.6504077911377 31.5108413696289 31.399866104126
25.9616470336914 26.1088542938232 26.1326560974121 25.8638572692871 26.2740745544434 27.1282558441162 27.2617721557617 28.585620880127 29.1027336120605 29.3365173339844 29.1670341491699 29.6806144714355 29.9891815185547 30.0146484375 30.128719329834 30.048454284668 30.1689643859863 30.4273872375488 30.8265380859375 31.2047080993652 31.3309860229492 31.3642654418945 31.6257476806641 31.6923217773438 31.7271060943604 31.7267932891846 31.7182159423828 31.5657329559326 31.6446170806885 31.7286643981934 31.7113628387451 31.6103801727295 31.582857131958 31.4044666290283 31.3548030853271 31.5536422729492 31.5704669952393 31.5690307617188 31.6436347961426 31.6653537750244 31.663631439209 31.683048248291 31.6824188232422 31.6720104217529 31.6174163818359 31.5699043273926
25.9901714324951 25.8941955566406 26.0795917510986 25.8431587219238 26.3864517211914 27.5385589599609 27.9266242980957 28.5590705871582 29.3152275085449 29.8017616271973 29.8459930419922 29.9930763244629 30.0899276733398 30.1426620483398 30.1522178649902 30.1217422485352 30.211109161377 29.9556427001953 29.6168785095215 30.8090896606445 30.7210655212402 31.1845722198486 31.5396518707275 31.619649887085 31.689281463623 31.6948184967041 31.6398105621338 31.4372386932373 31.6032123565674 31.7228298187256 31.5798664093018 31.4263134002686 31.4586715698242 31.4551105499268 31.5037517547607 31.6042938232422 31.6276664733887 31.6291847229004 31.6432189941406 31.6931037902832 31.7081279754639 31.7080211639404 31.7021160125732 31.6873931884766 31.6652698516846 31.5991764068604
25.6254577636719 25.6060791015625 25.929723739624 25.4045181274414 25.5341625213623 27.407356262207 28.2340431213379 28.917911529541 29.2939834594727 29.6106147766113 29.7004127502441 29.7288131713867 29.5462684631348 29.5696449279785 29.8689765930176 30.0297546386719 30.3973426818848 30.3435592651367 30.1754913330078 30.2412986755371 30.1056861877441 30.9357929229736 31.3711185455322 31.5678367614746 31.5953273773193 31.6323547363281 31.2979965209961 30.9436435699463 31.5713901519775 31.7218112945557 31.4654541015625 31.1766910552979 31.4474582672119 31.5139484405518 31.5608291625977 31.5489864349365 31.5624675750732 31.5824317932129 31.6203994750977 31.6262874603271 31.6582584381104 31.7098331451416 31.7158107757568 31.704158782959 31.6859474182129 31.640266418457
25.3196430206299 25.1998386383057 25.5985469818115 25.4983558654785 25.5751132965088 26.424388885498 27.5055141448975 28.2226810455322 28.7524528503418 29.1551303863525 29.1269550323486 29.0761528015137 29.1664276123047 29.4854221343994 30.2744922637939 30.4077491760254 30.6199359893799 30.5430870056152 30.4812545776367 30.3300933837891 30.1062774658203 30.8111896514893 31.2895336151123 31.5056819915771 31.4637413024902 31.5790557861328 31.2088012695312 30.2790203094482 31.3189697265625 31.7002506256104 31.4489078521729 31.2245616912842 31.4451332092285 31.4028224945068 31.3511371612549 31.3995189666748 31.4666118621826 31.4193000793457 31.3591804504395 31.3623390197754 31.4983615875244 31.6092720031738 31.7159080505371 31.7168254852295 31.7024116516113 31.6799182891846
26.2526550292969 25.3851890563965 25.4801750183105 25.821849822998 26.1439590454102 27.1812324523926 27.2779121398926 28.1338958740234 28.9964179992676 29.3692092895508 29.7625408172607 29.8958339691162 30.0574645996094 30.3139171600342 30.5310497283936 30.6021728515625 30.5744094848633 30.6745109558105 30.6622180938721 30.4432926177979 30.2623672485352 30.3123836517334 30.8806037902832 31.1370677947998 31.081916809082 31.538501739502 31.4516830444336 30.8166027069092 31.3881092071533 31.6770191192627 31.470874786377 31.3010482788086 31.2333526611328 30.9112205505371 31.122631072998 31.0806694030762 31.1089687347412 30.7020950317383 30.8265285491943 29.7993602752686 31.2142181396484 31.4935321807861 31.6939334869385 31.7211761474609 31.7128562927246 31.6916027069092
26.841890335083 25.999641418457 25.5545825958252 26.2382202148438 26.8186321258545 27.6338863372803 27.7377758026123 28.2658882141113 29.092227935791 29.5570487976074 29.6342678070068 29.6755142211914 30.1292324066162 30.330883026123 30.4677867889404 30.4786567687988 30.7175178527832 30.8781147003174 30.8698997497559 30.6345615386963 30.4852447509766 30.4232921600342 30.5830936431885 30.6175918579102 30.6125907897949 31.3389549255371 31.5416240692139 31.2623996734619 30.9780006408691 31.5441036224365 31.0981502532959 30.2869110107422 30.9426212310791 31.127405166626 31.4435539245605 31.4708042144775 31.4485321044922 31.4340839385986 31.2256202697754 30.2304992675781 31.0899028778076 31.44455909729 31.6401634216309 31.7065925598145 31.7200679779053 31.7028980255127
26.8786163330078 26.1469459533691 25.6680793762207 26.769998550415 27.8412837982178 28.334529876709 29.1418228149414 29.4131278991699 29.6591262817383 29.8011989593506 29.6308555603027 29.6112422943115 30.2204341888428 30.3380584716797 30.373514175415 30.477087020874 30.6204319000244 30.6329498291016 31.2000389099121 30.9712562561035 30.7062797546387 30.5733642578125 30.5718955993652 30.4289207458496 30.4626445770264 31.1346282958984 31.5129318237305 31.4365539550781 31.3049640655518 31.6407051086426 30.9511909484863 29.8364715576172 30.3765068054199 31.1026916503906 31.1595592498779 30.7822246551514 30.8630237579346 31.4312534332275 31.5719127655029 31.5504512786865 31.6077995300293 31.6174354553223 31.6500282287598 31.6676845550537 31.7114963531494 31.7168998718262
26.768274307251 25.9432964324951 25.5413818359375 26.5831241607666 27.9240989685059 28.3356895446777 27.743595123291 29.1932544708252 29.1626930236816 28.6030578613281 29.6403045654297 29.8877201080322 29.9357318878174 30.0240287780762 30.0681972503662 30.3199462890625 30.4816055297852 30.625337600708 31.1584491729736 31.3046760559082 31.1218585968018 30.8206768035889 30.6671104431152 30.6087379455566 30.3834953308105 30.8949089050293 31.3898086547852 31.4241104125977 31.6362075805664 31.7184772491455 31.2032737731934 29.4005699157715 30.1055717468262 29.6122436523438 29.997537612915 29.2841358184814 30.2953033447266 31.3956279754639 31.5340042114258 31.616527557373 31.6512069702148 31.5824775695801 31.4894618988037 31.6188564300537 31.6639652252197 31.6875133514404
26.7517032623291 26.1138896942139 26.1677570343018 26.6063404083252 27.5516929626465 28.0355644226074 28.5120906829834 28.7859668731689 27.4349994659424 27.3626670837402 29.0268955230713 28.0017986297607 28.4165058135986 28.9130191802979 29.7013206481934 30.2207355499268 30.4068946838379 30.659517288208 31.04274559021 31.1994476318359 31.2792682647705 31.0461311340332 30.7296295166016 30.8238105773926 30.7159404754639 30.9823989868164 30.9998779296875 30.8462982177734 31.429931640625 31.6402244567871 31.4188938140869 30.6999320983887 29.210865020752 27.127269744873 27.3427486419678 29.1669788360596 30.7019577026367 31.3574047088623 31.4909477233887 31.4495792388916 31.469108581543 31.2515258789062 31.143030166626 31.5442867279053 31.2959899902344 31.3788433074951
26.7225246429443 26.4161357879639 26.243408203125 26.5077362060547 27.0760116577148 27.967586517334 28.1624851226807 27.7398338317871 27.2553977966309 28.1850147247314 28.729154586792 27.6935386657715 28.0644989013672 28.5442085266113 29.5778541564941 30.0334300994873 30.3714733123779 30.8546962738037 31.3061637878418 31.1472568511963 31.0335178375244 31.3571949005127 31.112398147583 30.9403209686279 30.7940483093262 30.8125991821289 30.9168739318848 30.8347835540771 31.196117401123 31.5628108978271 31.6189403533936 31.0948810577393 30.3651466369629 28.6462211608887 28.0193328857422 29.2172107696533 30.6864528656006 31.2855949401855 31.3658714294434 30.9012680053711 31.1898174285889 31.3929100036621 31.1950817108154 31.2778873443604 30.9592113494873 31.2437648773193
26.4300632476807 26.2499446868896 25.8456363677979 26.1345672607422 26.7874736785889 26.9653873443604 27.4398078918457 27.8137378692627 28.1451034545898 28.2778186798096 28.6685829162598 28.919563293457 29.6410083770752 29.7587623596191 29.9362297058105 29.4816341400146 30.5080242156982 30.9206295013428 31.1597537994385 30.8878631591797 31.0317649841309 31.2512912750244 31.3745346069336 31.3321685791016 31.0529232025146 31.0033874511719 30.6521377563477 30.8405666351318 31.2724876403809 31.3792533874512 31.5512523651123 31.5970478057861 31.0380249023438 30.3581924438477 29.4266204833984 29.1432685852051 30.3684406280518 31.1913585662842 30.6968841552734 30.1596012115479 31.1297187805176 31.4074687957764 31.1349964141846 30.3462028503418 30.7307548522949 31.2876968383789
