inst/extdata/Tmax/Tmax40.asc
NCOLS 100 
NROWS 79 
XLLCORNER 148.06 
YLLCORNER -21.49 
CELLSIZE 0.01 
NODATA_value -3.4e+38 
[rows 20 to 39 of 79, columns 46 to 91 of 100]
22.8004760742188 21.1020259857178 20.7557353973389 21.9716873168945 21.636962890625 21.2887477874756 20.2343292236328 19.2374668121338 21.4100170135498 23.0910053253174 23.7520160675049 24.0622711181641 23.9260883331299 24.6037826538086 23.5136585235596 24.0111255645752 24.1881675720215 24.6207809448242 25.82737159729 25.6231269836426 27.4229049682617 29.5485038757324 30.584342956543 30.2186737060547 28.6918430328369 29.0419139862061 29.7412147521973 28.1864604949951 27.204927444458 28.0742034912109 27.2460422515869 27.9177646636963 28.279899597168 29.1269836425781 28.7956390380859 27.3212814331055 26.6813793182373 26.5040378570557 27.8845615386963 29.1973419189453 28.1923770904541 28.6502742767334 27.7485046386719 27.2982883453369 27.3738975524902 28.0794086456299
25.319673538208 20.2000904083252 19.7408618927002 20.9440402984619 20.6910877227783 20.0027484893799 20.9209098815918 19.521505355835 20.4002094268799 22.6130352020264 24.7607173919678 22.2850074768066 21.7032299041748 23.8829555511475 22.3222370147705 22.3018245697021 23.1330451965332 24.7058486938477 24.4832630157471 25.095272064209 27.6308307647705 29.956127166748 24.6714382171631 24.4801769256592 27.8291053771973 29.4324111938477 30.5883655548096 27.0570468902588 27.8872509002686 26.7412929534912 27.0573291778564 26.9792079925537 27.5264110565186 26.9663829803467 28.4595737457275 28.2024631500244 28.0569820404053 28.2399520874023 27.3670845031738 30.5087184906006 29.2000312805176 27.8933162689209 26.6419582366943 25.8838577270508 25.1371784210205 25.3713665008545
26.3576259613037 22.2998104095459 20.8565654754639 20.5699310302734 19.722583770752 20.7022094726562 20.0096912384033 20.5611228942871 19.8595409393311 20.6786994934082 22.9129161834717 23.2985038757324 22.0784683227539 22.0704250335693 21.9004077911377 22.5260009765625 23.4006977081299 23.9239292144775 22.7021026611328 23.9206504821777 29.5895767211914 27.7848491668701 24.324426651001 23.4602508544922 23.9994850158691 24.1289119720459 27.1754188537598 29.7493381500244 26.4680290222168 29.2549343109131 30.1593151092529 31.4659023284912 28.591236114502 27.4449558258057 28.3224334716797 28.7668914794922 30.0712757110596 29.652811050415 30.8851318359375 29.020565032959 27.961893081665 28.7625102996826 27.9477863311768 28.007661819458 24.0873889923096 24.1958541870117
26.2115001678467 22.0634822845459 21.8073081970215 20.7292289733887 18.7991275787354 20.2488269805908 21.022331237793 20.4177932739258 20.3695507049561 20.587381362915 21.6547966003418 21.0414962768555 22.1404304504395 21.2525901794434 25.5583362579346 27.0126056671143 22.9185581207275 23.3224391937256 22.3317317962646 23.8231735229492 28.3361549377441 26.8920593261719 25.4396495819092 22.7090930938721 23.5621433258057 24.1892604827881 24.4263572692871 28.5129318237305 27.9484424591064 26.390588760376 27.6392269134521 27.8278827667236 28.2861270904541 27.8369522094727 27.742301940918 27.8776874542236 28.7274894714355 29.8506717681885 30.1042404174805 30.0165557861328 29.5546340942383 29.0386276245117 27.5881023406982 27.8065948486328 26.1614665985107 23.6027011871338
24.729284286499 25.0392990112305 25.1914672851562 21.7857322692871 21.4558639526367 20.6271495819092 20.221773147583 20.2866191864014 21.0123634338379 20.3808441162109 20.6886119842529 20.1889839172363 21.8641891479492 28.7455158233643 21.7255153656006 22.8962650299072 23.7934169769287 24.1132984161377 23.6514320373535 25.1653308868408 27.8410396575928 27.5706310272217 24.617057800293 23.6675662994385 23.8763332366943 24.5154914855957 24.1511325836182 24.2635765075684 24.1987724304199 28.0917701721191 29.7577285766602 29.0799617767334 27.6828155517578 28.3387451171875 26.9834270477295 26.5064735412598 29.062255859375 24.077205657959 28.7692947387695 29.8270206451416 30.0911464691162 28.0803565979004 30.1240787506104 29.0414047241211 27.6449737548828 25.4796485900879
19.610689163208 20.5944271087646 21.466682434082 21.3950710296631 20.7377090454102 19.8243713378906 19.4224910736084 19.0055732727051 20.2484302520752 20.7397975921631 20.4020767211914 20.3848876953125 22.0340461730957 23.4942321777344 23.3661918640137 23.3776550292969 23.498363494873 26.7301578521729 28.0507106781006 25.1535377502441 25.0619659423828 24.9733352661133 23.4470882415771 23.2583484649658 23.4856567382812 24.2438640594482 24.2637405395508 23.51686668396 26.977352142334 25.2313785552979 29.7380504608154 28.808198928833 29.8661632537842 27.0552368164062 27.7129592895508 26.4977607727051 28.1204395294189 26.1503391265869 26.2623176574707 29.8035411834717 25.9607734680176 23.6746826171875 23.4351100921631 28.2843952178955 28.843879699707 26.2857265472412
19.3930931091309 19.4291706085205 20.0109748840332 20.5176010131836 20.8453426361084 18.6140174865723 18.3084888458252 19.1797065734863 19.8219966888428 20.5605907440186 20.7543296813965 21.3415622711182 23.0541286468506 24.0427837371826 24.133020401001 24.3770961761475 25.8098068237305 26.0228996276855 26.0120735168457 24.8920288085938 24.6390800476074 25.8197193145752 26.0140323638916 25.7171802520752 28.4592456817627 23.9594974517822 26.4471035003662 26.1490917205811 24.7839450836182 24.164794921875 23.6197776794434 31.2377376556396 26.5429553985596 27.1811561584473 28.7466888427734 27.7225570678711 28.2644901275635 27.0851364135742 24.373571395874 24.6388931274414 29.5675983428955 28.0768394470215 24.4516658782959 24.048303604126 28.0767707824707 27.2390727996826
19.8847599029541 19.2432670593262 19.4779987335205 19.6278896331787 20.1686115264893 18.2455368041992 17.9611148834229 18.0675716400146 19.6480026245117 20.5585765838623 20.0588264465332 20.2664241790771 21.7052993774414 22.7492237091064 24.1629829406738 23.741828918457 24.5686683654785 26.0974235534668 24.7928791046143 23.686954498291 24.6815586090088 25.8970432281494 27.8490009307861 30.4149532318115 29.9645538330078 29.7903385162354 25.8865222930908 26.9214172363281 25.1836605072021 24.2936153411865 24.1259479522705 29.4010009765625 27.6980438232422 26.4159717559814 27.1701545715332 27.2434158325195 27.2409324645996 27.9386558532715 24.7103519439697 23.5038719177246 23.2041702270508 22.8040714263916 26.95166015625 23.5123596191406 24.4183940887451 26.3514728546143
20.7429180145264 20.042444229126 20.2357082366943 19.7395648956299 19.8298645019531 18.3859996795654 19.5915050506592 19.1870079040527 19.5638847351074 19.7802486419678 19.8885955810547 20.1842460632324 20.2420330047607 21.993106842041 23.4558925628662 23.0706233978271 24.5292568206787 25.5265731811523 24.7361469268799 23.4473781585693 23.7130737304688 27.7740058898926 28.6913795471191 30.4579982757568 30.0166854858398 31.0198955535889 27.3350734710693 29.6699600219727 27.0355854034424 24.002815246582 24.1173248291016 28.2408332824707 28.3421058654785 28.0441017150879 26.1512050628662 26.9190979003906 28.1648044586182 28.1993846893311 30.1441593170166 26.9781436920166 29.1104125976562 27.7515068054199 22.9100971221924 23.4233493804932 28.7398624420166 27.6841335296631
21.6940021514893 21.6258678436279 21.0057544708252 21.1131591796875 20.3247146606445 19.9963417053223 19.9785442352295 18.8389701843262 19.4047222137451 19.2034549713135 18.4439258575439 19.7298374176025 20.0103206634521 21.9221496582031 22.661901473999 21.623685836792 23.0952777862549 23.7117443084717 23.8404407501221 24.1119441986084 23.9696388244629 25.6714649200439 26.3035011291504 28.6344566345215 30.7902870178223 28.8000812530518 28.813455581665 27.2219047546387 27.4330081939697 23.7982025146484 24.0579166412354 26.7376899719238 27.7325954437256 26.3472003936768 27.8981246948242 25.9699554443359 28.0170631408691 26.6658172607422 28.7614688873291 25.0238132476807 23.9095687866211 23.3785190582275 25.3921642303467 22.6521110534668 24.3178653717041 25.8372554779053
20.4486598968506 20.2770900726318 20.5080146789551 20.3230285644531 20.2053070068359 20.2658061981201 18.9859561920166 18.9514141082764 18.2923622131348 18.8323059082031 17.7970809936523 19.3586082458496 18.882381439209 20.6925773620605 21.7095680236816 20.5923004150391 20.9506282806396 23.0520553588867 24.0863819122314 25.6614437103271 24.7539215087891 25.3186950683594 26.3899269104004 26.9411602020264 27.0541400909424 27.5838241577148 28.3950595855713 29.6718292236328 29.7415924072266 28.3225994110107 25.9344120025635 27.1674880981445 28.2196102142334 27.6668281555176 29.7806015014648 30.6009292602539 27.4838218688965 26.2875537872314 26.4773082733154 27.2782611846924 26.5947418212891 25.7155017852783 23.4960918426514 28.0154781341553 28.5413360595703 25.4700450897217
19.5936107635498 20.2067222595215 20.3680229187012 20.2855091094971 19.3934345245361 20.3067569732666 19.1484146118164 18.0142364501953 17.3382511138916 17.2666263580322 17.3525505065918 17.959997177124 25.3754253387451 20.9247970581055 20.6916637420654 20.5182189941406 22.547513961792 23.6402263641357 24.3066844940186 24.9064846038818 28.0330238342285 26.8021392822266 27.1977405548096 26.714376449585 27.3354225158691 28.7345561981201 30.8937187194824 28.521312713623 29.1609687805176 26.0751533508301 24.304027557373 27.4398441314697 27.6652374267578 26.3037109375 28.8773441314697 30.7162761688232 29.6505756378174 26.4914455413818 27.0619506835938 29.5294780731201 25.0480175018311 24.2372589111328 26.0163249969482 25.5267353057861 27.872859954834 27.3731441497803
19.431604385376 19.8491821289062 19.8254909515381 20.1338729858398 20.1381034851074 20.0623931884766 19.915958404541 18.7352752685547 18.3723793029785 18.4326229095459 17.4245185852051 17.4836978912354 18.4871711730957 20.6350364685059 20.6469573974609 21.6096248626709 22.0306663513184 22.6207904815674 24.1396713256836 24.8007316589355 26.2905826568604 26.2339782714844 26.2651958465576 26.0195655822754 26.8765277862549 28.8336772918701 30.7330284118652 27.4109687805176 24.0972099304199 24.1841163635254 24.3303394317627 28.2957630157471 29.7930736541748 26.3003387451172 28.8111972808838 30.4684104919434 26.7362842559814 26.7135696411133 27.8990039825439 28.8172454833984 29.0940608978271 28.54758644104 22.2753353118896 23.2460079193115 23.2554321289062 23.5568981170654
19.7334785461426 19.0400905609131 19.2730293273926 19.9077491760254 20.0402526855469 19.96799659729 19.5586051940918 19.0662937164307 19.5474758148193 19.0638103485107 18.7228336334229 18.6039810180664 19.7572765350342 20.3834571838379 20.191951751709 21.6626949310303 22.4925193786621 23.3029441833496 24.1378974914551 24.4330368041992 27.3189792633057 30.1320610046387 31.4460620880127 24.9086837768555 24.9231052398682 24.9502792358398 24.7158508300781 27.3417739868164 26.3756809234619 27.9817047119141 27.3775939941406 27.8836879730225 26.8081684112549 28.6579341888428 29.0677795410156 24.6396198272705 27.8608818054199 27.6286125183105 29.2872772216797 29.338773727417 26.3481636047363 27.5172538757324 26.8083610534668 25.4696578979492 25.5812206268311 25.0562496185303
20.800594329834 19.461051940918 19.3309020996094 18.9796943664551 19.7641506195068 19.6564788818359 19.6294841766357 20.3502941131592 19.9222240447998 19.0675621032715 19.7138214111328 20.2121181488037 20.7048664093018 19.5722599029541 19.9678516387939 21.1370792388916 22.7965984344482 23.988073348999 23.4212799072266 24.6437797546387 26.7649784088135 29.6940822601318 30.3111820220947 24.857946395874 24.0067367553711 24.3745880126953 24.9813919067383 25.0871906280518 26.7130031585693 26.9558639526367 29.7171211242676 31.0629119873047 31.63942527771 29.2688236236572 30.1721820831299 26.8501625061035 27.83349609375 28.1690559387207 27.3925743103027 28.411958694458 29.0790519714355 26.3583030700684 23.9294528961182 26.6971435546875 26.3226547241211 27.1474666595459
20.5185604095459 19.6327171325684 19.3607635498047 19.3916339874268 19.6250839233398 19.5090579986572 20.1234569549561 21.333625793457 26.6133193969727 19.3491897583008 21.5755176544189 22.2148895263672 22.1451740264893 19.8208427429199 20.6181659698486 20.7543277740479 22.235668182373 22.6923351287842 22.620849609375 23.835994720459 24.7476501464844 25.374137878418 27.1428661346436 30.263500213623 25.2416000366211 24.5852375030518 24.0580787658691 24.2467384338379 27.383602142334 31.6490383148193 27.8801651000977 25.0122337341309 30.7855644226074 28.9211673736572 28.603084564209 25.3092479705811 27.2718963623047 26.5616798400879 30.2132396697998 29.8183879852295 27.9895801544189 28.0298271179199 27.4827251434326 27.5786476135254 27.6574954986572 28.9927711486816
19.9073886871338 19.6500434875488 19.4153957366943 19.7510948181152 19.8277606964111 20.0168342590332 20.2272758483887 22.181921005249 22.2698097229004 20.6664485931396 23.140251159668 23.872465133667 23.4098644256592 21.7894325256348 21.9072494506836 22.6269664764404 23.252555847168 23.9606132507324 24.2771453857422 24.5343723297119 24.8464393615723 25.2181606292725 23.2405776977539 23.39137840271 23.9994411468506 23.4926643371582 23.921085357666 29.7268047332764 27.4588508605957 31.1515522003174 24.3204040527344 23.691556930542 24.496129989624 28.2230319976807 28.8346691131592 27.6481266021729 25.9908618927002 27.3907127380371 27.1143016815186 28.0660724639893 29.3233947753906 30.1880226135254 29.991569519043 29.7390899658203 28.5225620269775 28.8434391021729
20.0303401947021 20.7044677734375 19.6385059356689 20.1416320800781 20.216028213501 20.8992729187012 21.406852722168 24.928731918335 22.9558582305908 22.6225776672363 23.8750858306885 24.9055728912354 24.1046619415283 23.0855865478516 23.1621761322021 24.4210262298584 24.8632774353027 24.8765144348145 26.055477142334 25.743953704834 27.2036266326904 25.6269683837891 24.825569152832 24.2422733306885 24.5975437164307 24.9629020690918 27.6201782226562 26.6714057922363 26.5418815612793 26.7599754333496 25.4667053222656 26.4789257049561 25.4728050231934 27.9514236450195 24.7390747070312 28.2436866760254 29.1936073303223 29.0743427276611 28.986515045166 26.3548240661621 26.9141235351562 28.4263439178467 27.5518436431885 28.7275619506836 29.2393779754639 29.280740737915
21.4831199645996 21.3532543182373 20.1930351257324 21.3196125030518 21.4074649810791 21.7240200042725 22.522876739502 23.9067764282227 22.8522319793701 23.4380397796631 25.3613624572754 27.0022678375244 25.0289268493652 24.0291023254395 23.1750354766846 24.2352771759033 24.1517314910889 24.6902256011963 25.7109413146973 30.3158493041992 25.6585140228271 25.9827060699463 28.1891956329346 27.5203266143799 27.2947750091553 27.0009765625 28.6699161529541 27.904712677002 28.4709300994873 27.8915576934814 26.2281684875488 26.9206829071045 28.7738246917725 28.4823360443115 24.5070362091064 23.8043689727783 24.2272891998291 25.4336452484131 24.947868347168 26.9871673583984 30.5395030975342 30.1124057769775 27.1069316864014 26.4389114379883 24.9104900360107 25.0970249176025
20.6970157623291 20.7261486053467 21.048023223877 22.5462226867676 23.193790435791 23.8714179992676 25.0319213867188 23.4808406829834 22.3736305236816 22.8933506011963 23.7835483551025 25.919792175293 25.4649562835693 25.0077495574951 23.9063854217529 26.4619655609131 26.2440700531006 28.3294372558594 30.780158996582 28.6478748321533 28.8983669281006 27.6259136199951 27.0201950073242 27.4295444488525 27.5347061157227 27.128002166748 27.0822448730469 26.8245429992676 27.3835067749023 28.4671497344971 27.8064670562744 27.2254905700684 25.1017208099365 24.8299694061279 23.692174911499 26.8604221343994 28.1774139404297 24.6132278442383 24.5585460662842 24.3707447052002 24.2366809844971 26.9242134094238 26.430290222168 27.5998916625977 26.149959564209 25.589469909668
