inst/extdata/Tmax/Tmax80.asc
NCOLS 100 
NROWS 79 
XLLCORNER 148.06 
YLLCORNER -21.49 
CELLSIZE 0.01 
NODATA_value -3.4e+38 
[rows 0 to 19 of 79, columns 46 to 91 of 100]
32.1178092956543 31.948070526123 31.8498973846436 31.8480987548828 31.8280429840088 31.7153587341309 31.8988475799561 31.7344856262207 31.5491352081299 31.3777294158936 31.2920436859131 31.0261344909668 30.9189147949219 31.1077060699463 31.3320713043213 31.2356948852539 31.0933074951172 30.9055252075195 30.5989170074463 30.3855876922607 30.224292755127 -3.4e+38 -3.4e+38 -3.4e+38 -3.4e+38 -3.4e+38 -3.4e+38 -3.4e+38 -3.4e+38 -3.4e+38 -3.4e+38 -3.4e+38 -3.4e+38 -3.4e+38 -3.4e+38 -3.4e+38 -3.4e+38 -3.4e+38 -3.4e+38 -3.4e+38 -3.4e+38 -3.4e+38 -3.4e+38 -3.4e+38 -3.4e+38 -3.4e+38
32.0765762329102 31.8092250823975 31.5915431976318 31.8309230804443 31.9779815673828 31.9774971008301 31.9240665435791 31.8240375518799 31.5021286010742 31.0792789459229 31.1988010406494 30.6806335449219 31.1470851898193 31.4088191986084 31.3674564361572 31.2630615234375 31.1374492645264 30.9849052429199 30.774133682251 30.6531944274902 30.5359516143799 30.369571685791 -3.4e+38 -3.4e+38 -3.4e+38 -3.4e+38 -3.4e+38 -3.4e+38 -3.4e+38 -3.4e+38 -3.4e+38 -3.4e+38 -3.4e+38 -3.4e+38 -3.4e+38 -3.4e+38 -3.4e+38 -3.4e+38 -3.4e+38 -3.4e+38 -3.4e+38 -3.4e+38 -3.4e+38 -3.4e+38 -3.4e+38 -3.4e+38
31.988862991333 31.2733573913574 30.532096862793 31.7882595062256 31.9670238494873 31.9732398986816 31.9439468383789 31.8850250244141 31.6639595031738 31.1008377075195 31.1821441650391 31.2968311309814 31.3519306182861 31.4705829620361 31.4184246063232 31.3112049102783 31.2077465057373 31.0933475494385 30.9510040283203 30.7223796844482 30.6682872772217 30.464714050293 30.1930046081543 29.8567562103271 -3.4e+38 -3.4e+38 -3.4e+38 -3.4e+38 -3.4e+38 -3.4e+38 -3.4e+38 -3.4e+38 -3.4e+38 -3.4e+38 -3.4e+38 -3.4e+38 -3.4e+38 -3.4e+38 -3.4e+38 -3.4e+38 -3.4e+38 -3.4e+38 -3.4e+38 -3.4e+38 -3.4e+38 -3.4e+38
31.5647964477539 31.6261577606201 30.63991355896 31.6582984924316 31.8356189727783 31.8837699890137 31.9283027648926 31.8294486999512 31.6989479064941 31.3795471191406 31.2747402191162 31.0203971862793 31.3317222595215 31.4333686828613 31.435977935791 31.3318881988525 31.2604465484619 31.1765880584717 31.0277938842773 30.6651554107666 30.4684085845947 30.4398288726807 30.3388767242432 30.2225856781006 30.0186920166016 29.551212310791 -3.4e+38 -3.4e+38 -3.4e+38 -3.4e+38 -3.4e+38 -3.4e+38 -3.4e+38 -3.4e+38 -3.4e+38 -3.4e+38 -3.4e+38 -3.4e+38 -3.4e+38 -3.4e+38 -3.4e+38 -3.4e+38 -3.4e+38 -3.4e+38 -3.4e+38 -3.4e+38
31.5431804656982 31.5676116943359 30.5027294158936 30.6840381622314 31.3904590606689 31.8623752593994 31.9283714294434 31.7897109985352 31.752498626709 31.4501419067383 31.1658954620361 30.9718570709229 30.5921077728271 31.1821308135986 31.3971424102783 31.3050765991211 31.3176860809326 31.2538471221924 31.0115966796875 30.2892074584961 29.7775554656982 30.4472408294678 30.4873561859131 30.3927822113037 30.1074390411377 29.7612533569336 -3.4e+38 -3.4e+38 -3.4e+38 -3.4e+38 -3.4e+38 -3.4e+38 -3.4e+38 -3.4e+38 -3.4e+38 -3.4e+38 -3.4e+38 -3.4e+38 -3.4e+38 -3.4e+38 -3.4e+38 -3.4e+38 -3.4e+38 -3.4e+38 -3.4e+38 -3.4e+38
30.8009910583496 31.4274272918701 30.1096210479736 29.566987991333 31.0336875915527 31.9189414978027 31.8471183776855 31.7850723266602 31.7243309020996 31.3345375061035 30.4513568878174 30.1438522338867 30.4281234741211 31.2960014343262 31.1926155090332 31.3328704833984 31.3596248626709 31.2753410339355 31.1663951873779 30.5464363098145 29.8269519805908 29.8661403656006 30.31884765625 30.3356456756592 30.2608699798584 30.1192150115967 -3.4e+38 -3.4e+38 -3.4e+38 -3.4e+38 -3.4e+38 -3.4e+38 -3.4e+38 -3.4e+38 -3.4e+38 -3.4e+38 -3.4e+38 -3.4e+38 -3.4e+38 -3.4e+38 -3.4e+38 -3.4e+38 -3.4e+38 -3.4e+38 -3.4e+38 -3.4e+38
30.0486717224121 31.397123336792 30.8506011962891 30.7671527862549 31.6348476409912 31.8735218048096 31.7016944885254 31.5888557434082 31.7190170288086 31.2561111450195 30.5585498809814 30.5383148193359 31.1572132110596 31.2612800598145 30.3768253326416 31.2014255523682 31.2391414642334 31.2218647003174 31.2316131591797 30.9507999420166 30.5734825134277 30.2876663208008 30.4611911773682 30.1978340148926 30.389591217041 30.3755207061768 30.2194900512695 29.8965835571289 -3.4e+38 -3.4e+38 -3.4e+38 -3.4e+38 -3.4e+38 -3.4e+38 -3.4e+38 -3.4e+38 -3.4e+38 -3.4e+38 -3.4e+38 -3.4e+38 -3.4e+38 -3.4e+38 -3.4e+38 -3.4e+38 -3.4e+38 -3.4e+38
29.3520469665527 31.4080638885498 31.8302383422852 31.645975112915 30.7401657104492 30.9397830963135 31.5135555267334 31.6446437835693 31.7786159515381 31.5915107727051 31.2117500305176 30.8005485534668 30.8128700256348 31.0063152313232 30.5641136169434 31.2085456848145 30.516284942627 30.4597263336182 31.1011390686035 31.193115234375 31.0175342559814 30.7485084533691 30.6191425323486 30.6329212188721 30.5736026763916 30.507438659668 30.2834091186523 30.0834655761719 29.7532501220703 29.2295761108398 29.2073516845703 -3.4e+38 -3.4e+38 -3.4e+38 -3.4e+38 -3.4e+38 -3.4e+38 -3.4e+38 -3.4e+38 -3.4e+38 -3.4e+38 -3.4e+38 -3.4e+38 -3.4e+38 -3.4e+38 -3.4e+38
29.2956085205078 31.0068035125732 31.8319072723389 31.7192630767822 30.9336605072021 29.6691074371338 30.7810173034668 31.7169418334961 31.7734775543213 31.6550312042236 31.5024738311768 31.2427654266357 31.2470836639404 31.0684108734131 30.5564060211182 30.4779243469238 30.0628986358643 30.7713241577148 31.036376953125 31.0786685943604 31.0669689178467 30.7068023681641 30.3117599487305 29.9811210632324 30.5966415405273 30.5978164672852 30.4404144287109 30.2475471496582 30.0936813354492 29.5396347045898 29.293399810791 29.4038276672363 -3.4e+38 -3.4e+38 -3.4e+38 -3.4e+38 -3.4e+38 -3.4e+38 -3.4e+38 -3.4e+38 -3.4e+38 -3.4e+38 -3.4e+38 -3.4e+38 -3.4e+38 -3.4e+38
30.0829257965088 31.0139961242676 31.6998329162598 31.6842365264893 31.6511878967285 30.4407539367676 30.6745681762695 31.6195316314697 31.7706871032715 31.6474933624268 31.453441619873 31.2000370025635 31.0685234069824 31.1566276550293 30.5095863342285 30.2177448272705 30.12575340271 31.1631755828857 30.9979667663574 30.6932353973389 31.037052154541 30.9717864990234 30.7630786895752 30.4141941070557 30.7529678344727 30.6622314453125 30.4846496582031 30.4922332763672 30.3016319274902 29.9602355957031 29.4213562011719 29.4180755615234 -3.4e+38 -3.4e+38 -3.4e+38 -3.4e+38 -3.4e+38 -3.4e+38 -3.4e+38 -3.4e+38 -3.4e+38 -3.4e+38 -3.4e+38 -3.4e+38 -3.4e+38 -3.4e+38
29.2899837493896 30.8810577392578 31.1879978179932 30.9931964874268 31.2696475982666 31.5185565948486 31.2330093383789 31.637565612793 31.7213954925537 31.6149978637695 31.4472942352295 31.2661285400391 31.0619144439697 31.3872871398926 31.2255401611328 31.1223182678223 31.1659278869629 31.3442363739014 31.3221035003662 30.7977390289307 30.3460712432861 30.9453430175781 31.0873985290527 30.5894622802734 30.573450088501 30.4067611694336 30.3470191955566 30.5903968811035 30.4000930786133 30.0771789550781 -3.4e+38 -3.4e+38 -3.4e+38 -3.4e+38 -3.4e+38 -3.4e+38 -3.4e+38 -3.4e+38 -3.4e+38 -3.4e+38 -3.4e+38 -3.4e+38 -3.4e+38 -3.4e+38 -3.4e+38 -3.4e+38
28.7066612243652 29.5602436065674 29.8389225006104 29.5985851287842 30.4867897033691 31.0448417663574 31.3648147583008 31.6273040771484 31.61745262146 31.527645111084 31.3473415374756 31.1609668731689 31.0089435577393 31.5899696350098 31.5683708190918 31.4220333099365 31.415994644165 31.4851856231689 31.5066356658936 31.3971824645996 31.0270557403564 30.8057155609131 31.1357421875 30.9332065582275 30.6810054779053 30.7607688903809 30.7512817382812 30.4685249328613 30.3135948181152 30.1021957397461 -3.4e+38 -3.4e+38 -3.4e+38 -3.4e+38 -3.4e+38 -3.4e+38 -3.4e+38 -3.4e+38 -3.4e+38 -3.4e+38 -3.4e+38 -3.4e+38 -3.4e+38 -3.4e+38 -3.4e+38 -3.4e+38
28.713306427002 27.8330001831055 27.2798938751221 27.3923473358154 29.2960739135742 29.7753200531006 30.8429088592529 31.1357040405273 31.431224822998 31.3156871795654 31.101001739502 31.4129028320312 31.4069442749023 31.2988414764404 31.7062530517578 31.6715297698975 31.5982036590576 31.5924491882324 31.589391708374 31.5572071075439 31.4949703216553 31.3949813842773 31.2358055114746 31.1577186584473 30.8467350006104 30.8899059295654 30.835241317749 30.5414047241211 30.2452278137207 30.0886058807373 29.8993129730225 29.5407218933105 -3.4e+38 -3.4e+38 -3.4e+38 -3.4e+38 -3.4e+38 -3.4e+38 -3.4e+38 -3.4e+38 -3.4e+38 -3.4e+38 -3.4e+38 -3.4e+38 -3.4e+38 -3.4e+38
28.7250480651855 28.0174388885498 27.2180805206299 26.7409858703613 27.26393699646 28.0034828186035 29.705415725708 30.7614345550537 31.4014339447021 31.2264060974121 30.7741756439209 31.3212642669678 31.6274356842041 31.6621627807617 31.6697883605957 31.6786041259766 31.6909770965576 31.6676044464111 31.6342658996582 31.589298248291 31.5408592224121 31.4538879394531 31.3596363067627 31.2558250427246 31.0049781799316 31.0050354003906 30.8828830718994 30.6525096893311 30.3803825378418 30.2714214324951 30.1695289611816 29.9880790710449 29.6384334564209 -3.4e+38 -3.4e+38 -3.4e+38 -3.4e+38 29.0690326690674 29.0767383575439 -3.4e+38 -3.4e+38 -3.4e+38 -3.4e+38 -3.4e+38 -3.4e+38 -3.4e+38
29.2597770690918 28.1050262451172 27.316837310791 26.9790668487549 27.4568843841553 27.2381687164307 28.2936515808105 29.8367557525635 30.9859218597412 31.3148536682129 30.3506526947021 31.0670070648193 31.4888095855713 31.0391731262207 31.1144027709961 31.5004920959473 31.5877418518066 31.6433048248291 31.5826358795166 31.4474849700928 31.465648651123 31.3908958435059 31.3718738555908 31.3008193969727 31.2029209136963 31.0428466796875 30.9137954711914 30.7496013641357 30.591402053833 30.4748630523682 30.4036750793457 30.2148342132568 29.7958126068115 -3.4e+38 -3.4e+38 -3.4e+38 -3.4e+38 29.1721382141113 29.1047115325928 29.2231140136719 29.1882877349854 29.0076274871826 -3.4e+38 -3.4e+38 -3.4e+38 -3.4e+38
29.2304134368896 28.0897541046143 27.3615474700928 27.7531681060791 27.5585861206055 27.9150848388672 27.6835536956787 28.9507884979248 30.8328952789307 31.4654998779297 30.548282623291 30.5014400482178 31.2007427215576 29.577278137207 30.4335403442383 30.7438812255859 31.2569732666016 31.609884262085 31.5774230957031 31.4758148193359 31.4543476104736 31.4075031280518 31.3943405151367 31.322925567627 31.233943939209 30.977689743042 30.9259395599365 30.8352432250977 30.7542762756348 30.6805953979492 30.5509548187256 30.3588752746582 30.1314239501953 -3.4e+38 -3.4e+38 29.8232116699219 29.5616569519043 29.2567443847656 29.1213607788086 28.9097728729248 29.0074234008789 29.1659030914307 -3.4e+38 -3.4e+38 -3.4e+38 -3.4e+38
28.0065574645996 26.8837890625 26.8350200653076 27.9852027893066 28.2868232727051 28.2035026550293 27.8203811645508 28.1377220153809 30.2050952911377 31.290994644165 31.2959766387939 30.5720081329346 30.9990749359131 29.813117980957 29.8076782226562 29.8460922241211 30.9671535491943 31.5958595275879 31.5924320220947 31.5903797149658 31.5744018554688 31.4944705963135 31.4267959594727 31.181468963623 31.1609992980957 31.029878616333 30.9876976013184 30.9536800384521 30.8969879150391 30.7868766784668 30.6612720489502 30.5145664215088 30.3738555908203 -3.4e+38 30.1586380004883 30.1149921417236 30.0073509216309 -3.4e+38 29.2563304901123 -3.4e+38 28.9602508544922 -3.4e+38 -3.4e+38 -3.4e+38 -3.4e+38 -3.4e+38
27.981653213501 26.6800708770752 26.0235347747803 28.3512439727783 28.5342140197754 27.9524345397949 27.5978603363037 27.7077789306641 29.0910091400146 31.0618286132812 31.1436634063721 30.768892288208 30.8546695709229 30.9318752288818 30.350378036499 31.3104248046875 31.5148639678955 31.59765625 31.6165561676025 31.5880565643311 31.5677185058594 31.5080509185791 31.4534912109375 31.3477191925049 31.3120193481445 31.2226524353027 31.1548938751221 31.0855369567871 30.959451675415 30.900447845459 30.800745010376 30.692310333252 30.5905570983887 30.4867038726807 30.4154376983643 30.3831882476807 30.1842365264893 -3.4e+38 -3.4e+38 -3.4e+38 -3.4e+38 -3.4e+38 -3.4e+38 29.1364345550537 -3.4e+38 -3.4e+38
29.5736694335938 29.2855281829834 27.3544979095459 28.7169361114502 27.3851509094238 27.3840732574463 27.7693481445312 28.0329418182373 29.8472499847412 31.0328197479248 30.7688293457031 30.2327117919922 30.9549751281738 31.29665184021 31.3840847015381 31.4297676086426 31.5298404693604 31.2128810882568 31.3454437255859 31.4840393066406 31.4472637176514 31.4561252593994 31.4451427459717 31.3967361450195 31.3484230041504 31.282678604126 31.226245880127 31.0751705169678 30.7406597137451 30.8310222625732 30.8895816802979 30.8325462341309 30.7561893463135 30.6503505706787 30.588306427002 30.4877548217773 30.3062763214111 30.1350936889648 29.9778671264648 29.877269744873 29.850923538208 29.7059516906738 29.3830718994141 29.129114151001 -3.4e+38 -3.4e+38
29.6516990661621 28.8970108032227 29.4703960418701 29.2979335784912 28.0328102111816 28.0596141815186 27.7027339935303 27.8855113983154 29.6704597473145 30.790376663208 31.126106262207 30.9142990112305 31.1868667602539 31.4361362457275 31.3039951324463 31.1598739624023 31.3309345245361 31.0612907409668 30.8934421539307 31.0472774505615 31.3436374664307 31.3825607299805 31.384298324585 31.3980617523193 31.3800926208496 31.3296909332275 31.2588481903076 31.0535850524902 30.7793388366699 30.938060760498 30.8903045654297 30.9414138793945 30.813268661499 30.7373142242432 30.6750888824463 30.5177803039551 30.3962268829346 30.3078327178955 30.2342185974121 30.1709613800049 30.115650177002 29.9516925811768 29.5384902954102 29.0595722198486 29.0847682952881 -3.4e+38
