inst/extdata/Tmax/Tmax133.asc
NCOLS 100 
NROWS 79 
XLLCORNER 148.06 
YLLCORNER -21.49 
CELLSIZE 0.01 
NODATA_value -3.4e+38 
[rows 0 to 19 of 79, columns 46 to 91 of 100]
34.0683670043945 33.8986320495605 33.8004570007324 33.7986602783203 33.7786026000977 33.6598205566406 33.851203918457 33.686840057373 33.5014915466309 33.3300857543945 33.2461929321289 32.980281829834 32.8730621337891 33.0618553161621 33.2862205505371 33.1916389465332 33.0492515563965 32.8614692687988 32.554859161377 32.3415298461914 32.1741371154785 -3.4e+38 -3.4e+38 -3.4e+38 -3.4e+38 -3.4e+38 -3.4e+38 -3.4e+38 -3.4e+38 -3.4e+38 -3.4e+38 -3.4e+38 -3.4e+38 -3.4e+38 -3.4e+38 -3.4e+38 -3.4e+38 -3.4e+38 -3.4e+38 -3.4e+38 -3.4e+38 -3.4e+38 -3.4e+38 -3.4e+38 -3.4e+38 -3.4e+38
34.0271377563477 33.7597846984863 33.5421028137207 33.7814826965332 33.9285430908203 33.9219589233398 33.8764228820801 33.7763938903809 33.4544830322266 33.0316352844238 33.1529502868652 32.6347808837891 33.1012344360352 33.3629684448242 33.321605682373 33.2190055847168 33.093391418457 32.9408493041992 32.7300758361816 32.6091384887695 32.4857978820801 32.3273086547852 -3.4e+38 -3.4e+38 -3.4e+38 -3.4e+38 -3.4e+38 -3.4e+38 -3.4e+38 -3.4e+38 -3.4e+38 -3.4e+38 -3.4e+38 -3.4e+38 -3.4e+38 -3.4e+38 -3.4e+38 -3.4e+38 -3.4e+38 -3.4e+38 -3.4e+38 -3.4e+38 -3.4e+38 -3.4e+38 -3.4e+38 -3.4e+38
33.9242782592773 33.2087745666504 32.4675140380859 33.7236747741699 33.9024391174316 33.9025573730469 33.8811836242676 33.8222618103027 33.6012001037598 33.0380744934082 33.1212043762207 33.2358932495117 33.2909927368164 33.4096450805664 33.3574867248535 33.2520866394043 33.1486282348633 33.0342292785645 32.8918876647949 32.6632614135742 32.6030731201172 32.4074211120605 32.1357116699219 31.7994613647461 -3.4e+38 -3.4e+38 -3.4e+38 -3.4e+38 -3.4e+38 -3.4e+38 -3.4e+38 -3.4e+38 -3.4e+38 -3.4e+38 -3.4e+38 -3.4e+38 -3.4e+38 -3.4e+38 -3.4e+38 -3.4e+38 -3.4e+38 -3.4e+38 -3.4e+38 -3.4e+38 -3.4e+38 -3.4e+38
33.5187721252441 33.580135345459 32.5938911437988 33.6122741699219 33.7895965576172 33.8317680358887 33.884220123291 33.7853698730469 33.6548690795898 33.3354644775391 33.2326011657715 32.9782600402832 33.2895851135254 33.3912315368652 33.3938407897949 33.291690826416 33.2202491760254 33.1363906860352 32.9875946044922 32.6249580383301 32.422233581543 32.4015731811523 32.3006210327148 32.1843299865723 31.9804382324219 31.5148983001709 -3.4e+38 -3.4e+38 -3.4e+38 -3.4e+38 -3.4e+38 -3.4e+38 -3.4e+38 -3.4e+38 -3.4e+38 -3.4e+38 -3.4e+38 -3.4e+38 -3.4e+38 -3.4e+38 -3.4e+38 -3.4e+38 -3.4e+38 -3.4e+38 -3.4e+38 -3.4e+38
33.4971580505371 33.5215873718262 32.4567070007324 32.6380157470703 33.3444366455078 33.810375213623 33.8842926025391 33.7456283569336 33.7084159851074 33.406063079834 33.1237564086914 32.9297180175781 32.5499687194824 33.1399917602539 33.3550033569336 33.2648773193359 33.2774887084961 33.2136497497559 32.9713973999023 32.2490081787109 31.7313804626465 32.4089851379395 32.4491004943848 32.3545265197754 32.0691833496094 31.7249393463135 -3.4e+38 -3.4e+38 -3.4e+38 -3.4e+38 -3.4e+38 -3.4e+38 -3.4e+38 -3.4e+38 -3.4e+38 -3.4e+38 -3.4e+38 -3.4e+38 -3.4e+38 -3.4e+38 -3.4e+38 -3.4e+38 -3.4e+38 -3.4e+38 -3.4e+38 -3.4e+38
32.7549667358398 33.381404876709 32.0635986328125 31.5209655761719 32.987663269043 33.8669395446777 33.803035736084 33.7409896850586 33.6802520751953 33.2904586791992 32.4092178344727 32.1017150878906 32.385986328125 33.2538642883301 33.1504783630371 33.2926712036133 33.3194274902344 33.2351417541504 33.1261978149414 32.5062370300293 31.7807769775391 31.8278865814209 32.2805938720703 32.2973899841309 32.2226142883301 32.0829010009766 -3.4e+38 -3.4e+38 -3.4e+38 -3.4e+38 -3.4e+38 -3.4e+38 -3.4e+38 -3.4e+38 -3.4e+38 -3.4e+38 -3.4e+38 -3.4e+38 -3.4e+38 -3.4e+38 -3.4e+38 -3.4e+38 -3.4e+38 -3.4e+38 -3.4e+38 -3.4e+38
32.0026473999023 33.3511009216309 32.8045768737793 32.7211303710938 33.5888252258301 33.8215217590332 33.6576156616211 33.5447769165039 33.674934387207 33.212028503418 32.5164108276367 32.4961776733398 33.1150741577148 33.2191429138184 32.3346862792969 33.1612281799316 33.1989440917969 33.1816673278809 33.1914138793945 32.9106025695801 32.5273056030273 32.2494125366211 32.4229354858398 32.1595802307129 32.3513374328613 32.3392066955566 32.183177947998 31.8602695465088 -3.4e+38 -3.4e+38 -3.4e+38 -3.4e+38 -3.4e+38 -3.4e+38 -3.4e+38 -3.4e+38 -3.4e+38 -3.4e+38 -3.4e+38 -3.4e+38 -3.4e+38 -3.4e+38 -3.4e+38 -3.4e+38 -3.4e+38 -3.4e+38
31.2908802032471 33.3468971252441 33.7690696716309 33.5848083496094 32.6789970397949 32.8726387023926 33.4543571472168 33.5854454040527 33.7194175720215 33.5323143005371 33.1545219421387 32.7433204650879 32.7556419372559 32.949089050293 32.5068855285645 33.1532859802246 32.4610252380371 32.404468536377 33.0458793640137 33.1378555297852 32.956298828125 32.6952209472656 32.5658531188965 32.5796318054199 32.5203132629395 32.4561233520508 32.2320899963379 32.0321464538574 31.7019309997559 31.1782569885254 31.1500549316406 -3.4e+38 -3.4e+38 -3.4e+38 -3.4e+38 -3.4e+38 -3.4e+38 -3.4e+38 -3.4e+38 -3.4e+38 -3.4e+38 -3.4e+38 -3.4e+38 -3.4e+38 -3.4e+38 -3.4e+38
31.253002166748 32.9641990661621 33.7893028259277 33.6766586303711 32.891056060791 31.6206436157227 32.7405014038086 33.6764259338379 33.7329597473145 33.6145133972168 33.4640464782715 33.2043380737305 33.2086563110352 33.0299835205078 32.5179786682129 32.4415855407715 32.0265617370605 32.7349853515625 33.0000381469727 33.0423316955566 33.024772644043 32.6725540161133 32.2775115966797 31.9468727111816 32.5623931884766 32.5656585693359 32.4082565307617 32.215389251709 32.0615234375 31.5074768066406 31.2553825378418 31.3737602233887 -3.4e+38 -3.4e+38 -3.4e+38 -3.4e+38 -3.4e+38 -3.4e+38 -3.4e+38 -3.4e+38 -3.4e+38 -3.4e+38 -3.4e+38 -3.4e+38 -3.4e+38 -3.4e+38
32.0403213500977 32.9713897705078 33.6572265625 33.6416320800781 33.6085815429688 32.3922882080078 32.6340522766113 33.5790138244629 33.7301712036133 33.6069755554199 33.4150161743164 33.1616096496582 33.0300979614258 33.1182022094727 32.4711608886719 32.1814079284668 32.0894165039062 33.126838684082 32.9616279602051 32.6568984985352 32.9948539733887 32.9375381469727 32.7288284301758 32.3799438476562 32.7187194824219 32.6300735473633 32.4524917602539 32.460075378418 32.269474029541 31.9280757904053 31.3833389282227 31.3880081176758 -3.4e+38 -3.4e+38 -3.4e+38 -3.4e+38 -3.4e+38 -3.4e+38 -3.4e+38 -3.4e+38 -3.4e+38 -3.4e+38 -3.4e+38 -3.4e+38 -3.4e+38 -3.4e+38
31.2473773956299 32.838451385498 33.145393371582 32.9505920410156 33.2270431518555 33.4700927734375 33.1924934387207 33.5970497131348 33.6808776855469 33.5744819641113 33.4088668823242 33.2277030944824 33.0234870910645 33.3488616943359 33.1871147155762 33.0859794616699 33.1295890808105 33.3078994750977 33.2857666015625 32.761402130127 32.3038749694824 32.9110946655273 33.053150177002 32.5552139282227 32.5391998291016 32.3746032714844 32.3148612976074 32.5582389831543 32.3679351806641 32.0450210571289 -3.4e+38 -3.4e+38 -3.4e+38 -3.4e+38 -3.4e+38 -3.4e+38 -3.4e+38 -3.4e+38 -3.4e+38 -3.4e+38 -3.4e+38 -3.4e+38 -3.4e+38 -3.4e+38 -3.4e+38 -3.4e+38
30.6640548706055 31.5176372528076 31.7963161468506 31.5559787750244 32.4441833496094 32.9963760375977 33.3242988586426 33.5867881774902 33.5769348144531 33.4871292114258 33.3089141845703 33.1225395202637 32.970516204834 33.5515441894531 33.5299453735352 33.3856964111328 33.3796577453613 33.4488487243652 33.4702987670898 33.3608436584473 32.9848594665527 32.7714653015137 33.1014938354492 32.8989562988281 32.6467552185059 32.7286109924316 32.719123840332 32.4363670349121 32.281436920166 32.0700378417969 -3.4e+38 -3.4e+38 -3.4e+38 -3.4e+38 -3.4e+38 -3.4e+38 -3.4e+38 -3.4e+38 -3.4e+38 -3.4e+38 -3.4e+38 -3.4e+38 -3.4e+38 -3.4e+38 -3.4e+38 -3.4e+38
30.6555576324463 29.7752513885498 29.2221450805664 29.3345985412598 31.2383251190186 31.7117137908936 32.7872772216797 33.0800704956055 33.3755912780762 33.2600555419922 33.0474891662598 33.3593902587891 33.3534317016602 33.2453269958496 33.6527404785156 33.6201324462891 33.5468063354492 33.5410537719727 33.5379943847656 33.5058097839355 33.4377136230469 33.3456993103027 33.1865234375 33.1084365844727 32.7974548339844 32.8427429199219 32.7880783081055 32.4942436218262 32.1980667114258 32.0414428710938 31.8462905883789 31.495677947998 -3.4e+38 -3.4e+38 -3.4e+38 -3.4e+38 -3.4e+38 -3.4e+38 -3.4e+38 -3.4e+38 -3.4e+38 -3.4e+38 -3.4e+38 -3.4e+38 -3.4e+38 -3.4e+38
30.6858615875244 29.9782524108887 29.1788940429688 28.7017993927002 29.2247505187988 29.9585571289062 31.6684646606445 32.7244834899902 33.3644828796387 33.189453125 32.7394599914551 33.286548614502 33.5927200317383 33.6274490356445 33.6350746154785 33.646125793457 33.6585006713867 33.6351280212402 33.6017875671387 33.5568199157715 33.5026435852051 33.4236450195312 33.3293952941895 33.2255821228027 32.9747352600098 32.9770317077637 32.8548774719238 32.6245040893555 32.3523788452148 32.2434158325195 32.1357841491699 31.9623126983643 31.6126670837402 -3.4e+38 -3.4e+38 -3.4e+38 -3.4e+38 31.0455017089844 31.0532073974609 -3.4e+38 -3.4e+38 -3.4e+38 -3.4e+38 -3.4e+38 -3.4e+38 -3.4e+38
31.2205905914307 30.0658397674561 29.2776508331299 28.9398803710938 29.4176979064941 29.1932430267334 30.2567005157471 31.7998046875 32.9489707946777 33.2779006958008 32.3159370422363 33.0322914123535 33.4540939331055 33.0044593811035 33.0796890258789 33.4680137634277 33.5552635192871 33.6108283996582 33.5501594543457 33.4150085449219 33.427433013916 33.360652923584 33.3416328430176 33.2705764770508 33.172679901123 33.0148429870605 32.8857917785645 32.7215957641602 32.5633964538574 32.4468574523926 32.369930267334 32.1890678405762 31.7700462341309 -3.4e+38 -3.4e+38 -3.4e+38 -3.4e+38 31.1486072540283 31.0811805725098 31.1995830535889 31.1669940948486 30.9863338470459 -3.4e+38 -3.4e+38 -3.4e+38 -3.4e+38
31.1912269592285 30.0505676269531 29.3223609924316 29.713981628418 29.5193996429443 29.8701591491699 29.6466026306152 30.9138374328613 32.7959442138672 33.4285469055176 32.5135688781738 32.466724395752 33.1660270690918 31.5425643920898 32.3988265991211 32.7114028930664 33.224494934082 33.5774078369141 33.5449447631836 33.4433364868164 33.416130065918 33.3772621154785 33.3640975952148 33.2926826477051 33.2037010192871 32.9496841430664 32.8979339599609 32.8072395324707 32.7262725830078 32.6525917053223 32.5172119140625 32.3331069946289 32.105655670166 -3.4e+38 -3.4e+38 31.7996807098389 31.5381259918213 31.2332134246826 31.0978298187256 30.8862419128418 30.9861297607422 31.1446094512939 -3.4e+38 -3.4e+38 -3.4e+38 -3.4e+38
29.9673709869385 28.8446025848389 28.7958335876465 29.9460163116455 30.2476367950439 30.158576965332 29.7834300994873 30.1007709503174 32.1681442260742 33.2540435791016 33.2612609863281 32.5372924804688 32.9643592834473 31.7784042358398 31.7729644775391 31.8136157989502 32.9346771240234 33.5633811950684 33.5599555969238 33.5579032897949 33.5361862182617 33.4642295837402 33.3965530395508 33.1512260437012 33.1307563781738 33.0018730163574 32.9596939086914 32.9256744384766 32.8689842224121 32.7588729858398 32.6275291442871 32.4888000488281 32.348087310791 -3.4e+38 32.132869720459 32.0914611816406 31.9838199615479 -3.4e+38 31.2327995300293 -3.4e+38 30.9389572143555 -3.4e+38 -3.4e+38 -3.4e+38 -3.4e+38 -3.4e+38
29.9273223876953 28.6257400512695 27.9692039489746 30.2969131469727 30.4798831939697 29.8923645019531 29.5457935333252 29.6557121276855 31.0389423370361 33.0097618103027 33.0938606262207 32.7190895080566 32.8048667907715 32.8820724487305 32.3005752563477 33.2628860473633 33.4673271179199 33.5501174926758 33.569019317627 33.5405197143555 33.5144424438477 33.462776184082 33.4082183837891 33.3024444580078 33.2667465209961 33.1796417236328 33.1118850708008 33.0425262451172 32.9164428710938 32.8574371337891 32.7519950866699 32.6515655517578 32.5498123168945 32.4459609985352 32.3746948242188 32.3447074890137 32.1457557678223 -3.4e+38 -3.4e+38 -3.4e+38 -3.4e+38 -3.4e+38 -3.4e+38 31.1002197265625 -3.4e+38 -3.4e+38
31.537899017334 31.2497596740723 29.3187294006348 30.6811676025391 29.3493804931641 29.3426837921143 29.7359619140625 29.9995555877686 31.8138637542725 32.9994354248047 32.7378273010254 32.2017097473145 32.9239730834961 33.2656517028809 33.353084564209 33.4011497497559 33.5012245178223 33.1842651367188 33.3168258666992 33.4554214477539 33.4130249023438 33.4298934936523 33.4189071655273 33.3705024719238 33.3221893310547 33.2588272094727 33.2023963928223 33.0513191223145 32.7168083190918 32.8071708679199 32.8601112365723 32.8110809326172 32.7347259521484 32.6288871765137 32.5668411254883 32.4686737060547 32.2871932983398 32.1160125732422 31.9587860107422 31.8581886291504 31.8342247009277 31.6892547607422 31.3663749694824 31.1124153137207 -3.4e+38 -3.4e+38
31.6159286499023 30.8612403869629 31.434627532959 31.2621650695801 29.9970397949219 30.0182247161865 29.6693477630615 29.8521251678467 31.6370735168457 32.7569923400879 33.0951042175293 32.8832969665527 33.1558647155762 33.4051361083984 33.2729949951172 33.1312561035156 33.302318572998 33.0326728820801 32.8648262023926 33.0186614990234 33.3094024658203 33.3563270568848 33.3580627441406 33.371826171875 33.3538589477539 33.3058395385742 33.2349967956543 33.0297355651855 32.7554893493652 32.9142112731934 32.8608360290527 32.9199485778809 32.791805267334 32.7158508300781 32.6536254882812 32.4986991882324 32.3771438598633 32.2887496948242 32.2151374816895 32.1518783569336 32.0989532470703 31.9349937438965 31.5217933654785 31.0428733825684 31.0680694580078 -3.4e+38
