inst/extdata/Tmax/Tmax135.asc
NCOLS 100 
NROWS 79 
XLLCORNER 148.06 
YLLCORNER -21.49 
CELLSIZE 0.01 
NODATA_value -3.4e+38 
[rows 20 to 39 of 79, columns 46 to 91 of 100]
39.745475769043 38.3026847839355 38.4426651000977 39.5357627868652 39.2959060668945 38.7909126281738 38.5319137573242 37.5452575683594 38.9870948791504 40.088737487793 40.8163871765137 40.4325332641602 40.3660583496094 40.7659034729004 40.4667587280273 40.2028923034668 40.3528938293457 40.6997947692871 40.7531547546387 40.6992797851562 40.580924987793 40.4435386657715 40.5839462280273 40.5818786621094 40.4993057250977 40.3869018554688 40.2647247314453 40.2845001220703 40.2332954406738 39.8806686401367 39.9168663024902 40.1755867004395 40.0586128234863 39.7696228027344 39.7504615783691 39.6772308349609 39.5679626464844 39.5396728515625 39.506462097168 39.466911315918 39.3584327697754 39.1323127746582 38.4855918884277 38.2933921813965 38.4688568115234 38.4297523498535
40.0007591247559 38.3072776794434 37.3136138916016 38.6904067993164 38.548210144043 38.0532455444336 38.7198791503906 37.1487083435059 38.1320571899414 39.7379913330078 40.6418647766113 39.5997047424316 39.0559463500977 40.3848876953125 39.4559440612793 39.1205253601074 39.7256507873535 40.624340057373 40.576286315918 40.8135223388672 40.8070869445801 40.7487602233887 40.5503082275391 40.2560768127441 40.1908645629883 40.1587791442871 40.2088851928711 40.1451072692871 40.0392112731934 39.943733215332 40.222339630127 40.2587509155273 40.1880569458008 39.8000144958496 39.8625831604004 39.7804489135742 39.6279602050781 39.6206893920898 39.6116180419922 39.6001434326172 39.4172058105469 39.259880065918 39.0194625854492 38.7844200134277 38.6274566650391 38.5900650024414
40.5037307739258 40.0870666503906 38.5284652709961 37.9658279418945 37.542366027832 38.4276809692383 37.9101104736328 38.0798492431641 37.5494766235352 38.275463104248 39.975528717041 40.234504699707 39.0285797119141 39.2915992736816 38.9813766479492 39.3492660522461 40.0914459228516 40.3338737487793 39.2968826293945 40.1805534362793 40.6769523620605 40.6719169616699 40.1896820068359 39.5447959899902 39.9162940979004 39.8295936584473 40.1833648681641 40.2604827880859 39.9897193908691 40.1403770446777 40.289867401123 40.3242454528809 40.3099517822266 40.2227630615234 40.0921478271484 39.8703384399414 39.6654510498047 39.517463684082 39.58203125 39.6630783081055 39.5032920837402 39.4037704467773 39.1042823791504 38.9610023498535 38.8137474060059 38.9291687011719
40.0336952209473 39.8679351806641 39.3332824707031 38.6483535766602 37.3954429626465 37.9538192749023 38.4493598937988 38.5750274658203 38.3369102478027 37.9342613220215 38.9667625427246 38.9086761474609 39.5626411437988 38.2241477966309 38.8434181213379 39.921558380127 39.8545913696289 40.0844802856445 39.0300483703613 40.4960289001465 40.9619903564453 40.8278961181641 40.111572265625 39.0859603881836 39.9221267700195 39.970142364502 39.9875411987305 40.2550964355469 40.3693428039551 40.4229278564453 40.4131698608398 40.4303970336914 40.3901863098145 40.2801513671875 40.1578063964844 39.9636497497559 39.512866973877 39.1416130065918 39.2781829833984 39.5413093566895 39.4763717651367 39.5115585327148 39.2307548522949 39.1913223266602 38.9277877807617 38.9337196350098
38.4568099975586 39.519172668457 39.7725410461426 39.5411033630371 38.6681747436523 38.0961303710938 38.0650100708008 37.7701644897461 38.4718475341797 37.9903411865234 37.9391593933105 37.5166931152344 39.0349731445312 39.6560935974121 38.9826431274414 39.7265663146973 40.2569618225098 40.6299781799316 40.3589820861816 41.0286865234375 40.9552230834961 40.7970123291016 40.2600708007812 39.6083068847656 40.1201477050781 40.2516288757324 39.9855194091797 40.0006103515625 40.0242462158203 40.3359985351562 40.1410140991211 40.4765968322754 40.3330574035645 40.2817077636719 40.1794471740723 39.7964706420898 39.6943702697754 39.0928535461426 38.8315849304199 39.2517967224121 39.363712310791 39.4508476257324 39.2618255615234 39.3152465820312 39.3721809387207 39.1963233947754
37.2298278808594 38.0469818115234 39.1334114074707 39.0332183837891 38.2948379516602 37.6131973266602 37.2530632019043 36.7358818054199 37.7139892578125 38.2021560668945 37.7138557434082 37.8762245178223 38.9821929931641 40.4185600280762 39.9936218261719 39.9902458190918 40.0605545043945 41.0104331970215 41.0280456542969 40.9664649963379 40.8864059448242 40.6134643554688 39.6723175048828 39.6626129150391 39.6890563964844 40.0794372558594 39.8353843688965 39.3425559997559 39.7455253601074 40.4299964904785 40.3440780639648 40.4610061645508 40.4094848632812 40.3704681396484 40.2202453613281 40.0363464355469 40.0476341247559 39.4126205444336 38.9407348632812 39.1968307495117 38.8434791564941 38.9730529785156 38.6725807189941 39.3428230285645 39.3885765075684 39.3072929382324
37.1488189697266 36.9858512878418 37.5733604431152 38.0917549133301 38.6441116333008 36.6899070739746 36.4305953979492 37.120189666748 37.5222587585449 38.1210174560547 38.0903434753418 38.4041175842285 39.7704315185547 40.4132957458496 40.7324028015137 40.7885704040527 40.8412780761719 41.1495971679688 40.8432807922363 40.6732635498047 40.6238708496094 40.2573471069336 40.3410568237305 40.4817123413086 40.437629699707 39.939395904541 39.5876693725586 40.186393737793 40.3187561035156 40.2428588867188 39.7847938537598 40.1978797912598 40.3144912719727 40.3940315246582 40.3734855651855 40.2552871704102 39.9084815979004 39.5527038574219 39.624454498291 39.362190246582 39.2065773010254 38.6796646118164 39.1234893798828 39.3324699401855 39.2134056091309 39.0493812561035
37.3245124816895 36.854793548584 37.0926475524902 37.2776565551758 37.7196884155273 36.2231597900391 35.9506416320801 36.2856636047363 37.3754844665527 37.9854888916016 37.4984741210938 37.9600028991699 38.6839599609375 39.582691192627 40.6184883117676 40.312858581543 41.058895111084 41.1833114624023 40.6360931396484 40.0504722595215 40.4470367431641 40.5403213500977 40.7173767089844 40.827751159668 40.8536834716797 40.4952239990234 40.4445457458496 40.6436309814453 40.6406211853027 40.1032562255859 39.7192459106445 40.0523376464844 40.0777740478516 40.4022445678711 40.443172454834 40.3602104187012 40.194938659668 39.9641265869141 39.5390434265137 38.901424407959 38.6662292480469 38.5283050537109 38.5011215209961 39.0257797241211 39.0460662841797 39.392894744873
38.1113090515137 37.7099609375 38.335807800293 38.1743202209473 37.8085174560547 36.5534553527832 37.202808380127 36.9523468017578 37.1905059814453 37.670825958252 37.3856353759766 37.5939407348633 37.6797485351562 39.4575576782227 40.3643836975098 39.7677917480469 40.8258247375488 40.9857978820801 40.7163581848145 39.8503036499023 39.980094909668 40.7222099304199 40.9530868530273 40.9910583496094 40.9570198059082 40.8224983215332 40.7851371765137 40.8164520263672 40.5066833496094 39.9621925354004 39.7949905395508 40.2129592895508 40.4644393920898 40.4970779418945 40.4822235107422 40.4348030090332 40.3795967102051 40.229621887207 39.9641342163086 38.9913444519043 38.5097236633301 37.8812141418457 38.4941520690918 38.4064140319824 39.1499671936035 39.4747200012207
39.5167350769043 39.3582878112793 38.8312034606934 38.7512130737305 38.2740631103516 37.8058395385742 37.5245895385742 36.6363754272461 37.1659355163574 36.7019157409668 36.2352714538574 37.3454818725586 37.6069564819336 39.1375198364258 39.8683624267578 39.2318649291992 39.7465324401855 40.2882423400879 40.6488304138184 40.5115394592285 40.1152610778809 40.7674789428711 41.0471343994141 40.8619651794434 40.7960929870605 40.5118103027344 40.7529640197754 40.8744888305664 40.1879577636719 39.5332641601562 39.9332962036133 40.2846145629883 40.4779815673828 40.5141372680664 40.5211791992188 40.4422073364258 40.4123039245605 40.3093757629395 40.1085510253906 39.7016181945801 39.1102561950684 38.6914443969727 38.3164901733398 38.1053276062012 38.6372413635254 39.0940361022949
38.5927276611328 38.5693283081055 38.5687446594238 38.2330665588379 37.7904968261719 37.9409599304199 37.1418037414551 36.6672058105469 36.1926956176758 36.2435722351074 35.6848411560059 36.4544258117676 36.4212226867676 38.2863502502441 39.0978965759277 38.090087890625 38.508659362793 39.7117767333984 40.6507530212402 40.9983100891113 40.5866737365723 40.972110748291 41.0681228637695 40.7414245605469 40.6813163757324 40.7054862976074 40.9790077209473 40.9165191650391 40.4910850524902 39.9730758666992 40.1650848388672 40.3111801147461 40.5587005615234 40.5279998779297 40.4571228027344 40.4029197692871 40.3927116394043 40.3070487976074 40.2237701416016 40.0046272277832 39.7128562927246 39.1895446777344 38.849723815918 38.746021270752 38.8592109680176 39.2381286621094
37.9730644226074 38.1781692504883 38.0542373657227 37.9893074035645 37.1801834106445 37.831169128418 36.9708099365234 35.8520164489746 35.3020133972168 35.6159629821777 35.2850341796875 35.8518142700195 36.5084571838379 38.075553894043 38.3064994812012 37.9500122070312 39.6388244628906 40.3266487121582 40.8293991088867 41.1236991882324 41.2492790222168 41.2411880493164 41.1540069580078 41.0446815490723 40.8451156616211 40.985668182373 41.0273857116699 40.9025764465332 40.5898475646973 40.0868110656738 40.0798110961914 40.4415969848633 40.5427627563477 40.1728973388672 40.3797225952148 40.3898963928223 40.3594398498535 40.3135566711426 40.2541770935059 40.12451171875 39.7865142822266 39.1253967285156 39.3151931762695 39.3382797241211 39.2223358154297 39.110523223877
37.3914375305176 37.633716583252 37.4694404602051 37.6826629638672 37.7342338562012 37.693775177002 37.3421058654785 36.3395805358887 36.3972320556641 36.460636138916 35.526424407959 35.3267936706543 36.130069732666 38.0336227416992 38.4434700012207 38.8263473510742 38.8433151245117 39.4815902709961 40.8346519470215 41.2093505859375 41.2773399353027 41.1978225708008 41.046199798584 40.9661598205566 41.0291061401367 41.0213813781738 40.9589767456055 40.6381225585938 39.9192924499512 39.9995269775391 40.1639175415039 40.6773376464844 40.443244934082 39.9964065551758 40.4266738891602 40.3093109130859 40.2787551879883 40.2773780822754 40.1631393432617 39.8643608093262 39.3699264526367 38.4036712646484 38.1551971435547 38.8333358764648 39.0230407714844 39.2917175292969
38.0255851745605 37.5743217468262 37.4074287414551 37.5297203063965 37.6249046325684 37.5044746398926 37.0803985595703 36.721321105957 37.2038841247559 36.5709228515625 36.4067192077637 36.3705177307129 37.0329284667969 37.9867706298828 38.092098236084 38.6650199890137 39.4360847473145 40.2881927490234 40.9299240112305 41.1815185546875 41.3511123657227 41.2890205383301 40.893482208252 40.6453552246094 40.7646865844727 40.6029243469238 40.6331787109375 40.7056732177734 40.5824203491211 40.5252799987793 40.6741752624512 40.8162384033203 40.3355865478516 40.2262191772461 40.5781555175781 40.1561241149902 40.1922340393066 40.103401184082 40.0945053100586 39.8248901367188 38.7337532043457 38.1403503417969 37.6489944458008 38.8720550537109 39.2206420898438 39.0055236816406
38.4222640991211 37.3268356323242 37.2599678039551 37.3347663879395 37.4323081970215 37.2674980163574 37.260311126709 37.7193756103516 37.3776550292969 36.6825752258301 37.627555847168 37.9968719482422 38.1269912719727 37.5596084594727 37.5510749816895 38.4011001586914 39.4249610900879 40.4286422729492 40.4591636657715 41.008129119873 41.2704849243164 41.241340637207 40.8599433898926 40.6442337036133 40.0233840942383 40.3765907287598 40.7039794921875 40.7672080993652 40.8874931335449 40.8495178222656 40.9047889709473 40.8198509216309 40.7497215270996 40.7211418151855 40.6390419006348 40.3917007446289 39.672607421875 40.0384941101074 40.1118354797363 40.0175514221191 39.9054908752441 38.9602546691895 38.7882347106934 39.7402000427246 40.0096092224121 39.9469299316406
38.4901084899902 37.5793609619141 37.2502098083496 37.160343170166 37.3222427368164 37.1147499084473 37.6855354309082 39.087833404541 38.3028221130371 37.6765174865723 39.2354202270508 39.7648696899414 39.4138870239258 37.7078132629395 38.0296974182129 38.0758781433105 39.6526908874512 39.6690406799316 39.5307464599609 40.2058219909668 40.9927520751953 41.1160202026367 40.8406219482422 40.7939147949219 40.6592750549316 40.3541831970215 40.3655395507812 40.4282760620117 40.8755798339844 40.8070449829102 40.7978477478027 40.6198234558105 40.7143592834473 40.7670555114746 40.5104675292969 40.419189453125 39.8923530578613 39.9260215759277 40.0598373413086 39.8885803222656 40.1300735473633 40.1212921142578 40.0084495544434 40.0403175354004 40.1411552429199 39.9781684875488
38.257152557373 37.6483039855957 37.435230255127 37.5717124938965 37.4877052307129 37.5277824401855 37.8767929077148 39.6896133422852 39.8128776550293 38.64306640625 40.250358581543 40.96630859375 40.3616256713867 39.334846496582 39.239860534668 39.6839256286621 40.1855773925781 40.5064430236816 40.7086486816406 40.896068572998 40.991626739502 40.756965637207 39.710132598877 39.8890419006348 40.2483406066895 39.9064331054688 40.025260925293 40.6054229736328 40.8316230773926 40.9321670532227 40.0979194641113 40.0394897460938 40.5753440856934 40.7326393127441 40.3410606384277 40.2842140197754 39.6643218994141 39.9789161682129 40.0658912658691 39.9080924987793 40.1607933044434 40.2387542724609 40.2535820007324 40.2397880554199 40.1701698303223 39.8115348815918
38.2978248596191 37.9132690429688 37.8484115600586 37.9570579528809 38.1004371643066 38.1768379211426 38.8593292236328 40.2941589355469 40.1632270812988 39.7327461242676 40.8224105834961 41.6369934082031 40.9705581665039 40.0329437255859 39.5586471557617 40.8579254150391 41.0895347595215 41.203369140625 41.3107719421387 41.2870712280273 40.9156723022461 40.6801986694336 40.7185668945312 40.2677612304688 40.4756927490234 40.7566566467285 40.8689880371094 40.8815841674805 40.9874725341797 40.8934440612793 39.6522979736328 40.1348419189453 40.6876525878906 40.5800323486328 40.2219581604004 40.1164627075195 39.9493293762207 40.2566223144531 40.222110748291 40.1729927062988 40.0762786865234 40.1547012329102 40.1959800720215 40.1969223022461 40.1097640991211 40.029411315918
38.2834243774414 37.9944648742676 38.451961517334 39.0919380187988 39.1607360839844 39.5177803039551 40.4028053283691 40.8676490783691 40.3422546386719 40.6180267333984 41.6704635620117 42.0085372924805 41.5562782287598 40.7315330505371 40.0934791564941 40.8593063354492 40.8175506591797 41.0021743774414 41.5075912475586 41.6109924316406 41.3250312805176 41.034595489502 41.2406692504883 41.0582389831543 40.9189224243164 41.1946792602539 41.0770530700684 40.974365234375 41.1156196594238 40.9099426269531 40.3899765014648 40.6809921264648 40.7547760009766 40.4850234985352 39.7578544616699 39.6545219421387 39.8387565612793 40.3034477233887 40.043342590332 39.9749641418457 39.9149932861328 40.0666122436523 39.9999313354492 40.0166091918945 39.8554077148438 39.9654998779297
38.3467712402344 38.486644744873 39.4623641967773 40.0742378234863 40.6296691894531 41.345890045166 41.8079605102539 41.2254753112793 39.6292381286621 40.11962890625 41.2763748168945 42.0602951049805 41.6988945007324 41.4036483764648 40.6698913574219 41.3629455566406 41.4337005615234 40.9292297363281 41.4686508178711 41.6787719726562 41.5728988647461 41.2126312255859 41.4156265258789 41.4468765258789 41.2908630371094 41.2892379760742 41.1107749938965 40.5134658813477 41.0552177429199 41.1071891784668 40.9721641540527 40.8426284790039 40.5635032653809 40.2672462463379 39.6026573181152 39.5708198547363 40.0678291320801 39.9691886901855 39.8142585754395 39.6279067993164 39.6588363647461 39.8240127563477 39.6340560913086 39.8368835449219 39.4605255126953 39.6627235412598
