inst/extdata/Tmax/Tmax96.asc
NCOLS 100 
NROWS 79 
XLLCORNER 148.06 
YLLCORNER -21.49 
CELLSIZE 0.01 
NODATA_value -3.4e+38 
[rows 40 to 59 of 79, columns 0 to 45 of 100]
35.070640563964801 34.8006286621094 34.8342628479004 34.876049041748 34.7602119445801 34.8861045837402 34.842227935791 34.6434364318848 34.163631439209 34.6169090270996 35.2902984619141 35.6358833312988 35.6861724853516 35.7523231506348 35.8340263366699 35.6212959289551 35.3489456176758 34.9769325256348 34.3763427734375 34.9078750610352 34.9080963134766 34.7986488342285 34.7426071166992 34.3297157287598 33.3917274475098 32.7222480773926 32.528678894043 32.6249008178711 32.7557907104492 32.0980224609375 31.4334468841553 31.8808994293213 33.220043182373 32.9442367553711 32.6821365356445 33.0380935668945 32.9487457275391 32.6179008483887 32.3954734802246 31.9304904937744 31.8955078125 30.9989452362061 30.39333152771 30.3942241668701 30.1319103240967 29.9705276489258
35.2373275756836 34.8427619934082 34.7157020568848 34.8322944641113 34.7355728149414 34.829460144043 34.8422698974609 34.7408485412598 34.4910926818848 34.6279182434082 34.9909400939941 35.3663444519043 35.6200523376465 35.8089065551758 35.8674812316895 35.7199668884277 35.4133834838867 34.8804550170898 34.5364646911621 34.6996269226074 34.7336540222168 34.491584777832 34.6908073425293 34.4050712585449 33.7140083312988 33.2002754211426 32.56787109375 32.4822998046875 32.7112731933594 32.2645721435547 31.8292198181152 32.4944763183594 33.2154197692871 32.4363441467285 31.6871376037598 32.4945259094238 32.5455055236816 32.775520324707 32.7451477050781 32.5096817016602 32.392749786377 31.6425323486328 30.1762371063232 30.0566101074219 30.1405563354492 30.1051025390625
35.1084671020508 35.0695266723633 34.8489227294922 34.7333755493164 34.805908203125 34.8378868103027 34.8198776245117 34.789478302002 34.763111114502 34.7227516174316 34.7840690612793 35.2915802001953 35.6401214599609 35.8040237426758 35.830078125 35.7909240722656 35.5640678405762 35.2208366394043 34.9894065856934 34.948184967041 34.8668975830078 34.1893005371094 34.1241455078125 34.3680381774902 34.4052772521973 33.9504890441895 33.0535087585449 32.7076873779297 32.6342506408691 32.4080390930176 31.479621887207 32.6028022766113 32.6687316894531 31.553186416626 30.7109470367432 31.662914276123 31.6658039093018 32.3538093566895 32.5355453491211 32.2285957336426 31.9929180145264 32.0576515197754 31.4258098602295 31.2040767669678 31.6507186889648 32.7033042907715
34.7575378417969 34.8702430725098 34.8544158935547 34.8579711914062 34.897403717041 34.8985633850098 34.8681030273438 34.8233261108398 34.8899040222168 34.8680648803711 34.8866958618164 35.3215026855469 35.5924949645996 35.7667808532715 35.8000869750977 35.8279571533203 35.7324829101562 35.5033378601074 35.2160034179688 35.2668342590332 35.0907707214355 34.8229141235352 34.1179618835449 33.7568778991699 34.4693412780762 34.254940032959 33.8403625488281 33.3347091674805 32.9918746948242 32.8166046142578 31.9926528930664 31.9064979553223 32.6450119018555 32.1250228881836 31.4612445831299 30.9870014190674 31.0797920227051 31.3447074890137 31.5900802612305 31.3502101898193 30.8801918029785 31.6464424133301 31.1820907592773 32.1817741394043 34.0468292236328 34.6957702636719
34.4670181274414 34.6731948852539 34.6500091552734 34.6587867736816 34.8584403991699 34.9852523803711 35.0194320678711 34.970329284668 35.042610168457 35.0999717712402 35.285888671875 35.434757232666 35.5805282592773 35.69775390625 35.7729225158691 35.8397521972656 35.8205909729004 35.6660461425781 35.509521484375 35.4680061340332 35.3387641906738 35.1913566589355 34.8809623718262 34.6648292541504 34.4863739013672 34.0101013183594 34.2902717590332 34.1596527099609 33.8284072875977 33.119873046875 32.4913864135742 32.4860801696777 32.8238143920898 33.003059387207 32.7011222839355 31.4885311126709 30.1135673522949 30.0817794799805 30.1971645355225 30.5511875152588 30.4300727844238 31.0143222808838 30.5133781433105 31.3920783996582 33.2560195922852 34.7206192016602
34.4954452514648 34.575511932373 34.4137763977051 34.3084449768066 34.5272750854492 34.7635650634766 35.0100708007812 35.1432952880859 35.2225036621094 35.3282852172852 35.4104270935059 35.3350830078125 35.1098403930664 35.5123596191406 35.7629928588867 35.824333190918 35.838306427002 35.766429901123 35.6791801452637 35.6194458007812 35.5315017700195 35.422176361084 35.3713684082031 34.7335548400879 34.3745422363281 34.3019027709961 34.4022369384766 34.2217826843262 34.031120300293 33.5005874633789 32.2119674682617 32.4269981384277 32.7533187866211 32.8260345458984 32.9348983764648 32.0059661865234 30.6647663116455 30.4213809967041 30.4609985351562 30.9206237792969 30.3090763092041 30.6935520172119 31.1021595001221 31.4303894042969 32.3535919189453 33.5854759216309
34.3599166870117 34.3453025817871 34.3509254455566 34.2827110290527 34.1888771057129 34.2561073303223 34.7764739990234 34.9155769348145 35.0515937805176 35.0797691345215 35.3176155090332 35.4326858520508 35.1805191040039 35.4603309631348 35.7088966369629 35.8013458251953 35.8237915039062 35.7524528503418 35.7180633544922 35.6832427978516 35.6114730834961 35.5425643920898 35.4425964355469 34.9473495483398 34.0898284912109 34.2123870849609 34.4086952209473 34.169490814209 34.1227874755859 33.9747200012207 33.1479873657227 32.813591003418 32.4504814147949 32.7261734008789 32.8739967346191 32.3893585205078 31.2930812835693 31.5909690856934 31.0453186035156 31.7806625366211 31.2046985626221 31.3779888153076 31.4951934814453 31.6125926971436 31.6106300354004 31.4190464019775
34.8235092163086 34.1784553527832 34.0931701660156 34.0460090637207 34.0265159606934 34.1624565124512 34.4924049377441 34.4539527893066 34.7216453552246 34.7811584472656 34.8736953735352 34.9478950500488 35.1515884399414 35.4563255310059 35.6646881103516 35.7979698181152 35.8005981445312 35.6731376647949 35.4908065795898 35.3957672119141 35.5436515808105 35.3527336120605 35.3787803649902 35.3161125183105 34.8404388427734 34.7436752319336 34.7728385925293 34.5592880249023 34.388126373291 34.160327911377 33.4477233886719 33.0714492797852 32.3401489257812 32.7528839111328 32.8032760620117 32.5677604675293 32.1209449768066 32.3600234985352 32.0893936157227 32.3470497131348 32.0790481567383 31.8754634857178 31.7194766998291 31.5681476593018 31.2173080444336 30.9781742095947
35.5374145507812 34.7298431396484 33.951904296875 33.8068771362305 33.9474029541016 34.1455039978027 34.0820007324219 34.0886878967285 34.4453239440918 34.7609519958496 34.844482421875 34.8325462341309 35.0821418762207 35.4122543334961 35.6745681762695 35.7543525695801 35.7765617370605 35.6997909545898 35.5277824401855 35.2973899841309 35.3789939880371 35.3248062133789 35.2469711303711 35.3911819458008 35.2816886901855 35.1741180419922 34.8851432800293 34.6713104248047 34.5827941894531 34.280101776123 33.8740463256836 33.3926811218262 32.4999084472656 32.6648216247559 32.639030456543 32.7062377929688 32.6063079833984 32.5824546813965 32.4677352905273 32.2817535400391 31.4581127166748 31.2934017181396 31.4928207397461 31.2298603057861 31.094518661499 30.7383975982666
35.8119087219238 35.3050231933594 34.4339218139648 33.8510284423828 33.8441505432129 33.8411254882812 33.874195098877 34.2372131347656 34.4897804260254 34.3900413513184 35.0404739379883 35.2863159179688 35.407585144043 35.5214805603027 35.6326522827148 35.7292900085449 35.7496032714844 35.6911277770996 35.5888328552246 35.4453468322754 35.3403739929199 35.2688255310059 35.0788421630859 35.1268920898438 35.308780670166 35.2971572875977 35.0735969543457 34.4995765686035 33.9829368591309 34.2677383422852 33.956974029541 33.6365280151367 32.800895690918 32.4963989257812 32.2830772399902 32.601188659668 32.6841735839844 32.5846176147461 32.5443572998047 32.2251930236816 31.5114574432373 31.1089973449707 31.288890838623 30.9106273651123 30.8228282928467 30.7316074371338
35.8047523498535 35.6401519775391 35.1685104370117 34.5313339233398 33.9880142211914 33.6850128173828 33.8535118103027 34.1879959106445 34.2412033081055 34.5614166259766 35.1699028015137 35.4180793762207 35.5581474304199 35.6735877990723 35.7012786865234 35.7345275878906 35.6227760314941 35.6305503845215 35.6431503295898 35.5651016235352 35.4520568847656 35.2844543457031 35.0814590454102 34.9999008178711 35.1189994812012 35.1667022705078 35.2204246520996 34.9714775085449 34.6783256530762 34.528205871582 33.9588813781738 33.7893753051758 32.9210205078125 32.5008163452148 31.8687953948975 32.3590202331543 32.4934463500977 32.4881896972656 32.5431137084961 32.3542098999023 31.8178482055664 31.6507987976074 31.5391330718994 31.3199424743652 30.9866428375244 30.806209564209
35.7703399658203 35.7511405944824 35.4844627380371 34.8024520874023 34.2073402404785 33.9235610961914 33.8841285705566 33.9775581359863 33.7318992614746 33.8980674743652 34.7899475097656 35.2126045227051 35.4066009521484 35.6284217834473 35.7253036499023 35.6916999816895 35.6188125610352 35.6126365661621 35.5813369750977 35.5744094848633 35.4781379699707 35.3672142028809 35.2615280151367 35.0497283935547 34.9309425354004 34.8704986572266 34.8408622741699 34.9561309814453 34.7238426208496 34.8511276245117 34.8780937194824 34.0494613647461 33.4312629699707 32.9688682556152 32.460277557373 32.5975341796875 32.5513954162598 32.3727378845215 32.5202178955078 32.4198913574219 31.9099769592285 31.7499713897705 31.6219844818115 31.4325370788574 30.9258575439453 30.7308540344238
35.593204498291 35.6879043579102 35.5371551513672 34.5418968200684 33.7308311462402 33.7098350524902 33.8199272155762 33.687126159668 33.4330863952637 33.5772743225098 34.7228317260742 35.2159614562988 35.4500045776367 35.6508102416992 35.6684722900391 35.6229820251465 35.6207656860352 35.5530891418457 35.5143928527832 35.5136871337891 35.5284729003906 35.4693450927734 35.304630279541 35.0962448120117 34.8677177429199 34.7042007446289 34.6860809326172 34.6304550170898 34.6269836425781 34.5211448669434 34.723072052002 34.5874786376953 34.0007476806641 33.3643760681152 32.9123497009277 33.2616882324219 33.2048835754395 32.7137336730957 32.512149810791 32.5830154418945 32.4153633117676 32.1537742614746 31.8210773468018 31.5664710998535 31.2173252105713 30.8188171386719
35.3774490356445 35.463264465332 35.5759315490723 35.1380310058594 34.1171989440918 33.7725067138672 34.1372718811035 33.6328163146973 33.4797477722168 33.5711441040039 34.6747589111328 35.3046188354492 35.5341415405273 35.6369934082031 35.5688400268555 35.4753723144531 35.4794502258301 35.5001525878906 35.4706916809082 35.3644828796387 35.4197578430176 35.4858245849609 35.3401947021484 35.1839866638184 34.9831199645996 34.8177871704102 34.4626846313477 34.2570686340332 33.8964805603027 34.2564239501953 34.0865364074707 34.650993347168 34.6997566223145 34.3416290283203 33.8324432373047 33.8673706054688 33.4819869995117 33.1182899475098 32.8005828857422 33.1880645751953 32.7576713562012 32.4823417663574 32.3081321716309 32.1637763977051 31.8771343231201 31.7220649719238
35.2505569458008 35.2319145202637 35.4200401306152 35.4414863586426 34.9949493408203 34.7585334777832 34.7034454345703 34.3477821350098 34.145336151123 34.1629219055176 34.363956451416 34.7785491943359 35.4520950317383 35.5945053100586 35.4746932983398 35.3904762268066 35.3912658691406 35.4370994567871 35.4016609191895 35.3388175964355 35.365364074707 35.469425201416 35.4222183227539 35.2399482727051 35.1296348571777 34.9409942626953 34.6110153198242 34.3781356811523 33.954174041748 34.1920394897461 33.5471305847168 33.9805564880371 34.2205123901367 34.2443733215332 34.370735168457 34.2457656860352 33.9290809631348 33.7812843322754 33.3204307556152 32.8100738525391 32.7346687316895 32.7882347106934 32.5306015014648 32.3287467956543 32.321647644043 32.1709632873535
35.3429183959961 35.347526550293 35.3978538513184 35.4378776550293 35.3254470825195 34.7190170288086 34.730110168457 34.8011283874512 34.5865631103516 34.5494995117188 34.8102378845215 35.1776504516602 35.5105476379395 35.5868721008301 35.4905433654785 35.3092613220215 35.3742446899414 35.3639945983887 35.1677856445312 35.1525726318359 35.2922859191895 35.3686637878418 35.4246482849121 35.3282279968262 35.2084503173828 35.056324005127 34.8616676330566 34.5886192321777 34.4200439453125 34.2605171203613 33.8308753967285 33.4601821899414 33.5981025695801 33.5618667602539 34.0161476135254 33.7132606506348 33.9820404052734 33.7401390075684 33.3749885559082 32.954288482666 32.7173957824707 32.5023880004883 32.0044250488281 31.4097061157227 31.99143409729 32.1817588806152
35.455940246582 35.4428215026855 35.4122314453125 35.4051666259766 35.2598648071289 34.4732856750488 34.2666168212891 34.7070236206055 34.6009902954102 34.2871971130371 34.5839462280273 35.2522239685059 35.5231857299805 35.5579109191895 35.4755973815918 35.2931671142578 35.2946624755859 35.0842552185059 34.8336639404297 34.9800910949707 35.2828598022461 35.2903289794922 35.373836517334 35.3674392700195 35.2027168273926 35.1410140991211 34.9657707214355 34.6699600219727 34.5831413269043 34.3557205200195 33.9418601989746 33.2569808959961 32.9549751281738 33.0991477966309 33.5619010925293 33.7034339904785 33.3215789794922 32.9702568054199 33.1692352294922 33.0988121032715 32.7532691955566 32.5208702087402 31.9728527069092 31.1493072509766 31.6001815795898 31.9730529785156
35.5139427185059 35.4842491149902 35.4352760314941 35.4093132019043 35.3759613037109 35.0409049987793 34.591236114502 34.353946685791 34.3649139404297 34.1569290161133 34.640796661377 35.2659225463867 35.5023231506348 35.5169334411621 35.4355964660645 35.256778717041 35.1019973754883 34.8956680297852 34.7865943908691 35.0597038269043 35.190544128418 35.2548370361328 35.2217903137207 35.3243141174316 35.26708984375 35.1792945861816 35.0171051025391 34.7396049499512 34.6200637817383 34.4230575561523 34.0083198547363 33.7994346618652 33.3410415649414 33.1513214111328 33.0963020324707 33.2463836669922 33.5095291137695 33.3572845458984 32.9932594299316 32.7886581420898 32.5838012695312 32.388542175293 32.127025604248 31.8066329956055 31.1614780426025 31.4533634185791
35.5453720092773 35.5005035400391 35.4500122070312 35.4436111450195 35.3761787414551 35.1704292297363 34.8893508911133 34.3194694519043 34.2166938781738 34.4068222045898 34.8724403381348 35.2901077270508 35.4490547180176 35.4461708068848 35.3209915161133 35.1606521606445 34.8767929077148 34.7928123474121 34.907154083252 34.9409217834473 35.0897254943848 35.0326728820801 34.8574981689453 35.1113510131836 35.291259765625 35.1735610961914 34.9665184020996 34.8088493347168 34.6767730712891 34.5716171264648 34.3788757324219 34.1541709899902 33.8436584472656 33.7885894775391 33.4609107971191 33.1198463439941 33.2167701721191 33.2912979125977 33.0587272644043 32.906005859375 32.764232635498 32.5326194763184 31.9097061157227 31.5235786437988 31.6512355804443 31.6693019866943
35.5574378967285 35.5731315612793 35.5161743164062 35.4853782653809 35.379524230957 35.2763061523438 35.171802520752 34.8209228515625 34.3646011352539 34.4641876220703 34.6305274963379 34.9283485412598 35.2159538269043 35.2670135498047 35.2123146057129 35.0787200927734 34.8849143981934 34.7530555725098 34.6475982666016 34.6953887939453 34.932502746582 34.9390640258789 34.7029762268066 35.1004867553711 35.3109703063965 35.2039909362793 35.0535163879395 34.8945693969727 34.8199195861816 34.7078247070312 34.5891227722168 34.3685188293457 34.0465698242188 34.2532386779785 34.1215858459473 33.7457656860352 33.2897033691406 33.1769485473633 33.2974319458008 33.7102890014648 32.9581832885742 32.6920509338379 32.2775115966797 31.5919151306152 31.5204277038574 31.3977661132812
