inst/extdata/Tmax/Tmax5.asc
NCOLS 100 
NROWS 79 
XLLCORNER 148.06 
YLLCORNER -21.49 
CELLSIZE 0.01 
NODATA_value -9999 
[rows 0 to 19 of 79, columns 46 to 91 of 100]
31.8900909423828 30.566478729248 30.7127742767334 30.889533996582 31.3916988372803 31.2985553741455 31.4085254669189 31.4069385528564 30.3860530853271 28.3700847625732 30.0163516998291 29.3656539916992 30.0740356445312 30.591968536377 30.5505104064941 30.6416683197021 30.7490978240967 31.0838279724121 29.5948276519775 30.0376071929932 30.0663394927979 -9999 -9999 -9999 -9999 -9999 -9999 -9999 -9999 -9999 -9999 -9999 -9999 -9999 -9999 -9999 -9999 -9999 -9999 -9999 -9999 -9999 -9999 -9999 -9999 -9999
32.2810592651367 31.771821975708 30.4109992980957 30.5908622741699 30.6731472015381 30.5912475585938 30.9107055664062 31.2743034362793 29.9886837005615 28.9839096069336 30.9391536712646 30.6078910827637 32.2427139282227 31.7071704864502 30.4420223236084 29.3596363067627 30.4310855865479 32.2112007141113 31.061824798584 29.7316398620605 30.3322334289551 32.2968978881836 -9999 -9999 -9999 -9999 -9999 -9999 -9999 -9999 -9999 -9999 -9999 -9999 -9999 -9999 -9999 -9999 -9999 -9999 -9999 -9999 -9999 -9999 -9999 -9999
34.108959197998 31.1192779541016 29.1062278747559 29.2974147796631 29.0457363128662 30.5419540405273 29.6769275665283 29.5494422912598 28.6928024291992 28.5047664642334 30.2660274505615 31.6187992095947 32.9010238647461 32.2535285949707 29.644905090332 28.8525409698486 30.3380680084229 29.909595489502 29.7225894927979 29.9148693084717 29.4820575714111 29.5899124145508 29.2882823944092 29.6067886352539 -9999 -9999 -9999 -9999 -9999 -9999 -9999 -9999 -9999 -9999 -9999 -9999 -9999 -9999 -9999 -9999 -9999 -9999 -9999 -9999 -9999 -9999
30.2943096160889 29.7490329742432 26.9512939453125 27.740348815918 29.2848720550537 29.0392265319824 29.4264698028564 29.5564823150635 29.2180309295654 28.8063983917236 30.0498332977295 29.6570053100586 32.2713356018066 32.7312774658203 30.0867462158203 29.4483947753906 31.2242660522461 31.8239116668701 31.2079658508301 30.4834022521973 28.9864845275879 29.7815780639648 29.3832149505615 30.1051712036133 30.4746685028076 30.20849609375 -9999 -9999 -9999 -9999 -9999 -9999 -9999 -9999 -9999 -9999 -9999 -9999 -9999 -9999 -9999 -9999 -9999 -9999 -9999 -9999
31.2814350128174 29.4005870819092 26.8017196655273 26.445291519165 27.7944450378418 29.9138221740723 30.5122337341309 30.8426685333252 28.8594131469727 27.8810997009277 28.5721416473389 26.9410171508789 28.4753971099854 32.3289222717285 29.3447685241699 29.6248226165771 31.4016971588135 31.1376495361328 31.780294418335 31.811429977417 25.4006175994873 29.8927745819092 30.0532894134521 29.4526500701904 30.1100997924805 30.3392181396484 -9999 -9999 -9999 -9999 -9999 -9999 -9999 -9999 -9999 -9999 -9999 -9999 -9999 -9999 -9999 -9999 -9999 -9999 -9999 -9999
27.1721076965332 27.8375205993652 26.0361824035645 25.35915184021 27.8729572296143 29.7941989898682 29.1587333679199 29.5528564453125 28.3416194915771 28.7035350799561 26.5400562286377 26.2360324859619 30.1859931945801 30.6951904296875 28.5096473693848 29.7204303741455 30.9062271118164 31.9741516113281 30.9258441925049 30.803316116333 25.5441627502441 27.5116062164307 30.8867206573486 29.7079563140869 29.9913578033447 29.7687206268311 -9999 -9999 -9999 -9999 -9999 -9999 -9999 -9999 -9999 -9999 -9999 -9999 -9999 -9999 -9999 -9999 -9999 -9999 -9999 -9999
26.0782680511475 26.6643581390381 27.0509281158447 26.5708713531494 30.3420886993408 29.8648223876953 29.8503170013428 28.6862049102783 29.4192295074463 28.4011001586914 27.6139430999756 27.8815307617188 28.7838077545166 32.3496551513672 32.4352035522461 33.2035102844238 29.6361675262451 29.8870105743408 29.8172264099121 30.3089485168457 32.1439514160156 29.9011688232422 30.5228729248047 30.0168972015381 29.2274360656738 28.4081592559814 28.256763458252 28.6472148895264 -9999 -9999 -9999 -9999 -9999 -9999 -9999 -9999 -9999 -9999 -9999 -9999 -9999 -9999 -9999 -9999 -9999 -9999
25.1238288879395 27.4044303894043 32.4522132873535 26.9376182556152 25.9796695709229 27.6876888275146 29.3277187347412 28.3338413238525 28.5680351257324 29.4178333282471 27.8834590911865 27.4706153869629 28.4537925720215 29.7845611572266 28.1411018371582 30.7405834197998 27.8594264984131 27.6049842834473 28.65012550354 29.9173927307129 30.1400890350342 28.7921314239502 29.2671546936035 29.7820110321045 28.6828117370605 27.8347568511963 27.4623756408691 27.9624176025391 29.1508808135986 27.6165599822998 28.8418273925781 -9999 -9999 -9999 -9999 -9999 -9999 -9999 -9999 -9999 -9999 -9999 -9999 -9999 -9999 -9999
25.1222114562988 26.8525714874268 27.3741130828857 31.2659091949463 26.951545715332 25.4465351104736 27.3418579101562 27.4129638671875 29.612154006958 29.8635673522949 30.0481071472168 28.3804416656494 27.9396648406982 28.5412940979004 26.4963226318359 26.3143310546875 25.6217269897461 29.6334095001221 28.0386333465576 29.326976776123 31.3008708953857 31.2163047790527 28.7678070068359 26.8113021850586 27.5865325927734 28.0695781707764 28.6043567657471 29.6524600982666 29.1931610107422 27.9464569091797 27.1383457183838 29.4776878356934 -9999 -9999 -9999 -9999 -9999 -9999 -9999 -9999 -9999 -9999 -9999 -9999 -9999 -9999
26.317554473877 26.8576431274414 27.2350444793701 27.9650230407715 29.480806350708 26.6200580596924 26.2056484222412 27.6203155517578 29.0513706207275 29.3021030426025 29.212703704834 28.965877532959 27.888765335083 27.8939247131348 26.4045791625977 26.0434837341309 25.6227645874023 30.2630386352539 30.0057964324951 28.2475872039795 29.1803913116455 30.9192161560059 31.6426181793213 30.6372966766357 30.3963413238525 27.9746646881104 28.4903144836426 30.8947257995605 28.7594184875488 27.8977127075195 30.6638679504395 31.096263885498 -9999 -9999 -9999 -9999 -9999 -9999 -9999 -9999 -9999 -9999 -9999 -9999 -9999 -9999
25.4608097076416 27.2863788604736 27.0771789550781 27.06321144104 28.4428520202637 31.1948070526123 28.3524780273438 29.0344505310059 28.7524089813232 28.9413185119629 29.7103977203369 29.1814022064209 28.7091388702393 29.1383171081543 28.5146541595459 28.5562515258789 29.592414855957 29.7291431427002 30.8670425415039 30.7205123901367 28.3777751922607 31.2623233795166 28.7826728820801 27.7122611999512 29.3795032501221 29.0291976928711 29.9351177215576 29.6150608062744 31.4540004730225 31.9053211212158 -9999 -9999 -9999 -9999 -9999 -9999 -9999 -9999 -9999 -9999 -9999 -9999 -9999 -9999 -9999 -9999
25.0592880249023 25.9460258483887 25.9842433929443 25.1789798736572 25.8151912689209 26.6940402984619 33.1960525512695 29.8093967437744 29.4599590301514 29.1198444366455 29.3003044128418 29.6975345611572 28.8112144470215 29.1320743560791 28.7916393280029 30.6168174743652 30.5004940032959 30.3354797363281 33.3113594055176 31.0476150512695 29.3012886047363 29.3180446624756 29.1962776184082 28.5761013031006 32.5353698730469 28.1998081207275 29.4065341949463 29.1035652160645 29.7392120361328 28.375171661377 -9999 -9999 -9999 -9999 -9999 -9999 -9999 -9999 -9999 -9999 -9999 -9999 -9999 -9999 -9999 -9999
24.8211193084717 23.6741161346436 23.3976726531982 23.2791347503662 25.1886405944824 25.820930480957 27.0761318206787 27.2949504852295 28.9889125823975 29.4617977142334 28.0276031494141 28.183837890625 28.0089721679688 28.5100154876709 28.6974773406982 28.6497974395752 28.8331737518311 30.4956493377686 32.7736854553223 32.401798248291 30.1076278686523 30.2782382965088 30.1176471710205 31.8012580871582 30.1338939666748 29.2342472076416 29.9697036743164 29.1888523101807 27.4981307983398 25.4752902984619 28.3560123443604 29.5688610076904 -9999 -9999 -9999 -9999 -9999 -9999 -9999 -9999 -9999 -9999 -9999 -9999 -9999 -9999
24.8531627655029 24.0152912139893 23.5695877075195 23.2033271789551 23.6435127258301 24.0571269989014 25.5667781829834 26.3506736755371 28.5755882263184 29.6846160888672 28.841516494751 28.5488338470459 28.9045085906982 29.2821426391602 29.5405387878418 30.7306232452393 28.8375053405762 30.7491130828857 31.7764492034912 30.5989952087402 30.5163917541504 32.8373870849609 30.4646186828613 29.8778228759766 31.2179355621338 29.3513011932373 28.2525539398193 27.9834289550781 27.0083312988281 28.1437377929688 29.9637813568115 29.5975761413574 28.3543910980225 -9999 -9999 -9999 -9999 24.4442615509033 30.6031723022461 -9999 -9999 -9999 -9999 -9999 -9999 -9999
25.246603012085 24.6623153686523 23.6435012817383 23.2731285095215 23.7811336517334 23.529613494873 24.5245761871338 25.793098449707 26.608226776123 27.4710521697998 26.0319118499756 29.1502571105957 28.2530155181885 29.0261058807373 30.2203903198242 29.0713367462158 29.7780494689941 33.1547050476074 29.6363983154297 31.409294128418 30.4806823730469 32.3436622619629 30.9428863525391 30.1472873687744 30.0252990722656 30.0612201690674 29.8720550537109 28.441535949707 27.9198837280273 30.6471328735352 30.5109806060791 29.553243637085 28.8129348754883 -9999 -9999 -9999 -9999 25.5665473937988 29.3772144317627 30.7769889831543 30.3759422302246 30.2825107574463 -9999 -9999 -9999 -9999
25.1958255767822 24.0608863830566 23.6348571777344 23.6061706542969 23.1867027282715 24.1316719055176 23.9799957275391 25.0477924346924 28.5215606689453 29.8637275695801 28.0054454803467 26.2373600006104 29.7169227600098 25.750467300415 25.4514465332031 26.1307792663574 31.1272296905518 29.1988372802734 28.6908836364746 29.8179569244385 29.9203929901123 30.6131610870361 30.3487815856934 29.566722869873 29.4546432495117 29.5569972991943 30.6009426116943 29.5295906066895 28.6217632293701 28.5216503143311 29.2010154724121 25.6239261627197 31.7641544342041 -9999 -9999 28.9119701385498 30.5121936798096 29.6032047271729 28.3808994293213 29.5001907348633 29.3582630157471 30.6907939910889 -9999 -9999 -9999 -9999
23.9385585784912 22.7692413330078 22.8414974212646 23.9471244812012 24.3392219543457 24.0543098449707 23.6367473602295 24.3555507659912 30.9065322875977 28.9953575134277 33.1380462646484 26.0367908477783 26.7607917785645 27.9271335601807 25.7414016723633 25.8825874328613 26.1205139160156 27.7132415771484 29.410135269165 28.7466697692871 31.5139751434326 28.7815933227539 29.4191608428955 29.7187881469727 29.0926914215088 30.1350250244141 30.0064945220947 30.2520561218262 30.4960117340088 29.0823516845703 29.2340641021729 25.7336444854736 27.6960964202881 -9999 31.4740409851074 26.8787498474121 28.7752723693848 -9999 30.853120803833 -9999 30.5833530426025 -9999 -9999 -9999 -9999 -9999
24.6011581420898 22.9998664855957 22.4299087524414 24.7387542724609 24.763256072998 23.9338645935059 23.5599308013916 23.5888404846191 25.059268951416 26.8646621704102 27.1592216491699 31.0731296539307 32.6695213317871 27.9332427978516 27.5138454437256 28.449857711792 28.7362518310547 28.9142951965332 28.3759155273438 28.2300186157227 29.7161693572998 29.6947059631348 31.1801128387451 31.1597270965576 29.3714065551758 29.0844192504883 29.9686908721924 28.8682632446289 29.0848560333252 28.8529529571533 26.4491004943848 27.64919090271 31.5433120727539 28.5072612762451 27.5080986022949 30.1388568878174 29.6697673797607 -9999 -9999 -9999 -9999 -9999 -9999 30.3417453765869 -9999 -9999
25.2637596130371 25.0181827545166 22.7873859405518 24.2750110626221 23.0696105957031 23.2868518829346 24.2511615753174 24.2958736419678 25.6416625976562 28.0362854003906 27.1202392578125 27.3623352050781 29.7066268920898 33.4921379089355 28.8610897064209 29.0638294219971 28.7483139038086 28.006534576416 27.4029407501221 27.2188758850098 32.5529441833496 30.0857810974121 32.0488204956055 30.1549739837646 30.279577255249 28.7136535644531 29.0983810424805 27.9626388549805 28.604455947876 28.5301971435547 26.7988338470459 26.9872264862061 29.9835357666016 30.0721130371094 29.5381832122803 29.838098526001 29.3718528747559 30.9133071899414 29.3944187164307 26.3245544433594 28.6940879821777 28.3230781555176 29.2908535003662 28.3140163421631 -9999 -9999
25.8282794952393 25.0854358673096 25.3187370300293 25.4654922485352 24.1876964569092 23.5913181304932 23.3794994354248 23.6840438842773 25.5453109741211 32.9089012145996 27.3602924346924 33.1772155761719 31.8767261505127 28.9253215789795 29.0819511413574 26.6674251556396 26.6625099182129 29.1559085845947 27.6688919067383 27.8470039367676 29.8280277252197 31.2530250549316 33.1711387634277 30.8113040924072 32.3657264709473 29.1075477600098 31.735372543335 30.1066913604736 29.2713012695312 28.8453521728516 28.0019969940186 29.0430736541748 30.56130027771 31.1120071411133 31.2604446411133 28.423469543457 28.0592651367188 29.3801803588867 30.4060249328613 31.1125297546387 30.6505794525146 30.6429862976074 28.8272037506104 28.4322185516357 24.7790260314941 -9999
