inst/extdata/Tmax/Tmax119.asc
NCOLS 100 
NROWS 79 
XLLCORNER 148.06 
YLLCORNER -21.49 
CELLSIZE 0.01 
NODATA_value -3.4e+38 
[rows 20 to 39 of 79, columns 0 to 45 of 100]
40.605304718017599 40.6065940856934 40.5900688171387 40.5513572692871 40.555248260498 40.6384925842285 40.5548095703125 40.4851417541504 40.4202461242676 40.3324127197266 40.173583984375 39.8238372802734 39.4378471374512 38.884033203125 37.749080657959 37.3713455200195 37.2902412414551 38.1243438720703 38.992244720459 39.3368873596191 39.3360252380371 39.3263969421387 39.5870933532715 39.5927963256836 39.4529609680176 39.2046852111816 38.6828536987305 37.9149856567383 38.3426742553711 38.3814239501953 38.8579940795898 38.8467559814453 38.9446678161621 38.9002456665039 38.8506698608398 38.6372375488281 38.2987289428711 38.2845458984375 37.8907318115234 38.0799827575684 37.8880004882812 37.2771110534668 37.4509506225586 37.4770202636719 37.5591735839844 37.568042755127
40.6792221069336 40.7003631591797 40.7006607055664 40.6608467102051 40.6543464660645 40.6424560546875 40.514347076416 40.4405670166016 40.4106292724609 40.3469276428223 40.2341461181641 40.0728073120117 39.8709030151367 39.0735092163086 37.7836685180664 37.4972381591797 37.6835517883301 38.3788986206055 38.7918090820312 39.0909805297852 39.1812019348145 39.089111328125 39.5102081298828 39.6067962646484 39.4331970214844 39.4296951293945 39.3770141601562 38.7442092895508 38.60107421875 39.009407043457 39.0893516540527 38.9791030883789 38.6951713562012 38.1889114379883 38.1880531311035 38.1533241271973 38.4965171813965 37.9118919372559 37.5729942321777 37.8105392456055 37.4811248779297 37.5226974487305 37.2881851196289 36.5311660766602 36.7819404602051 37.3182945251465
40.7373657226562 40.7531280517578 40.7516174316406 40.7291831970215 40.7045936584473 40.6654739379883 40.5038566589355 40.392463684082 40.3381233215332 40.3015327453613 40.1962394714355 40.1207122802734 39.9659767150879 39.4460906982422 38.4908180236816 37.7639045715332 37.1865348815918 37.6103439331055 38.0892677307129 38.7602233886719 38.840877532959 38.922664642334 39.4412574768066 39.2501754760742 38.8942909240723 39.1804084777832 39.2115745544434 39.266040802002 39.0188102722168 39.0341491699219 38.8014945983887 38.625732421875 38.1455421447754 37.8579368591309 37.6522750854492 37.8143424987793 37.7364311218262 37.2622756958008 37.2234878540039 37.1417655944824 36.8729133605957 36.2243690490723 36.8641662597656 36.6113243103027 35.7812576293945 36.9401626586914
40.7560195922852 40.7606353759766 40.7672882080078 40.7502288818359 40.7071685791016 40.6886749267578 40.6101760864258 40.3594017028809 40.2617225646973 40.2676620483398 40.1090660095215 39.9365768432617 40.0097923278809 39.6846771240234 39.0117034912109 38.3321952819824 37.5993003845215 37.3391265869141 37.8494033813477 38.1059494018555 38.5532836914062 39.3675003051758 39.1466789245605 38.6261978149414 38.7349739074707 38.8414459228516 38.5593872070312 39.3285636901855 39.3317985534668 39.2016105651855 38.9988632202148 38.0824241638184 37.7955474853516 37.9468307495117 38.2062110900879 37.8144073486328 37.0366897583008 36.5709838867188 37.1579856872559 36.7228050231934 36.1057624816895 34.8810234069824 35.5769577026367 36.5532188415527 35.0312728881836 36.1321449279785
40.734748840332 40.7618179321289 40.7790603637695 40.7422637939453 40.7000885009766 40.6904220581055 40.6725425720215 40.5181922912598 40.3632431030273 40.2122344970703 40.1162300109863 40.0658073425293 39.9111557006836 39.6171226501465 38.9662094116211 38.3645858764648 37.7014923095703 37.3774642944336 37.5420227050781 37.5311241149902 38.5446166992188 39.2209625244141 38.2868843078613 37.8182716369629 38.490478515625 38.4577484130859 38.5844268798828 39.183967590332 39.3658485412598 39.0383529663086 38.976245880127 38.7631301879883 38.7237205505371 38.7540702819824 38.4722480773926 38.2060890197754 37.8539237976074 36.9216156005859 36.721923828125 36.4932060241699 35.0296516418457 34.5122299194336 34.8869132995605 36.4214210510254 34.7525978088379 35.0524978637695
40.7207260131836 40.7166748046875 40.7178955078125 40.6867752075195 40.6846618652344 40.6802825927734 40.6831970214844 40.6358299255371 40.5014877319336 40.2918739318848 40.1219367980957 39.9911193847656 39.8562088012695 39.4655838012695 39.0768089294434 38.5938949584961 38.0447196960449 37.7463760375977 38.1228561401367 38.7053604125977 38.6808204650879 38.5806999206543 38.1586456298828 37.0629539489746 37.4900283813477 38.1319236755371 38.2322540283203 39.2394943237305 39.3741416931152 39.0632095336914 38.3297119140625 38.8078765869141 38.6824760437012 38.5632553100586 38.3256988525391 38.0500030517578 37.9281997680664 36.6931838989258 35.6016159057617 35.9343566894531 34.6982612609863 35.3892478942871 35.6830177307129 36.4409255981445 35.5775108337402 34.652229309082
40.6528091430664 40.6546630859375 40.652961730957 40.6512756347656 40.6368255615234 40.6268463134766 40.6817245483398 40.6722640991211 40.5502548217773 40.1971549987793 40.0984802246094 39.8601684570312 39.8450889587402 39.5200843811035 38.8765335083008 37.9526557922363 37.6033706665039 37.7656593322754 38.1614074707031 38.0713844299316 38.2208786010742 38.9554786682129 38.8208541870117 37.5307350158691 37.1721649169922 37.954418182373 38.5984535217285 39.3138389587402 39.3644180297852 39.1698532104492 38.4689903259277 38.1312828063965 38.7552261352539 38.3017082214355 37.9246673583984 37.2251434326172 36.9687843322754 37.0499534606934 36.1484184265137 35.0290298461914 34.6706390380859 34.9221496582031 34.8327903747559 35.712345123291 34.9004440307617 34.3318099975586
40.5486488342285 40.545768737793 40.5651931762695 40.5955810546875 40.6036376953125 40.6408004760742 40.6987838745117 40.6840171813965 40.6139526367188 40.4450378417969 40.2350807189941 39.9979858398438 39.8866844177246 39.7099876403809 38.9230270385742 37.9373245239258 37.6350059509277 37.5888595581055 37.6909446716309 37.6616554260254 38.6213073730469 39.1392211914062 38.6743011474609 37.9353523254395 37.4395866394043 37.6273307800293 37.7053375244141 39.0093040466309 39.2823181152344 39.1691093444824 38.4985733032227 38.4062767028809 38.6314888000488 38.0062141418457 37.4162788391113 36.92578125 36.1359558105469 36.7297706604004 36.5792427062988 35.0134658813477 34.6212043762207 34.7642669677734 34.6849746704102 35.1858406066895 34.6650505065918 34.3932113647461
40.1513938903809 40.0947532653809 40.3136520385742 40.5606918334961 40.6588325500488 40.7146644592285 40.7251930236816 40.7030906677246 40.5858879089355 40.4844932556152 40.3366241455078 39.8750114440918 39.9415245056152 39.803581237793 39.3595809936523 38.3188247680664 37.6722068786621 37.2262992858887 37.4896697998047 38.2399520874023 38.6602745056152 38.9451675415039 38.2003402709961 37.5704498291016 37.4015808105469 37.5165596008301 37.8604583740234 38.6113586425781 39.2238388061523 39.2586669921875 38.8194046020508 38.5803604125977 38.2088661193848 37.3379287719727 36.3384056091309 35.9672470092773 35.6727981567383 35.8384208679199 35.9604949951172 35.6064682006836 35.1413841247559 35.2293090820312 34.9873275756836 34.7863807678223 34.7846984863281 34.7156257629395
39.4227638244629 40.1338310241699 40.403865814209 40.1737594604492 40.6264343261719 40.7383689880371 40.7409896850586 40.7179832458496 40.5374145507812 40.4027938842773 40.3832015991211 40.1446876525879 39.9333724975586 39.8097648620605 39.5849876403809 39.1395683288574 38.6442565917969 37.4600830078125 37.7283401489258 37.7865905761719 37.9078903198242 38.6946296691895 38.3212242126465 37.6178970336914 37.4297485351562 37.2381858825684 37.1887130737305 38.5872192382812 39.268913269043 39.3160247802734 38.6281890869141 37.7966613769531 37.5220985412598 37.2117347717285 36.9730339050293 36.0983810424805 36.0248870849609 35.6590728759766 35.2882118225098 35.4985961914062 37.021167755127 37.0635223388672 36.1045875549316 34.8579254150391 35.7484245300293 35.8279190063477
39.6915397644043 40.4108505249023 40.4270324707031 39.9687042236328 40.6059341430664 40.7455596923828 40.7685661315918 40.7414512634277 40.6808776855469 40.4804916381836 40.3793525695801 40.3045654296875 40.1440277099609 39.9582672119141 39.700439453125 39.1983909606934 38.4727210998535 38.0828742980957 37.676628112793 37.8864669799805 37.9416542053223 38.3022575378418 37.7680358886719 37.6087760925293 37.3353652954102 36.7774047851562 36.9994735717773 38.5089340209961 39.1933135986328 39.2151412963867 39.1864547729492 39.0245246887207 38.0854606628418 37.2733039855957 37.20263671875 36.778636932373 36.877124786377 36.7012519836426 36.3277740478516 36.7303810119629 37.9547500610352 37.9760551452637 37.614917755127 37.1270713806152 37.0130844116211 36.5036354064941
40.3477210998535 40.5513153076172 40.5974464416504 40.5843620300293 40.6429100036621 40.7525367736816 40.7600555419922 40.743522644043 40.6927452087402 40.6202583312988 40.4565162658691 40.3874206542969 40.2929649353027 40.1095733642578 39.8739433288574 39.4548149108887 38.7142677307129 38.3461685180664 37.7317733764648 37.6250839233398 37.6737937927246 38.0356063842773 37.7019996643066 37.4676361083984 37.4013328552246 37.4140281677246 38.07421875 38.9609832763672 39.256477355957 38.8213424682617 38.7358322143555 38.7228202819824 38.8800621032715 38.4512939453125 38.2093811035156 37.5564804077148 38.394458770752 38.2546348571777 38.2145042419434 38.2105903625488 38.0055656433105 37.2323112487793 36.4256629943848 36.1351470947266 36.0063018798828 35.3599319458008
40.1279945373535 40.7078628540039 40.7494239807129 40.7490730285645 40.732723236084 40.7267532348633 40.6873321533203 40.7121734619141 40.6930046081543 40.6647720336914 40.6116752624512 40.4881362915039 40.3237800598145 40.1772804260254 40.0045967102051 39.7840347290039 39.3604354858398 38.7866668701172 38.1362037658691 37.5169296264648 37.5289077758789 37.899341583252 37.7810592651367 37.5279388427734 37.3929023742676 37.5158233642578 38.6962738037109 39.2747344970703 39.3158264160156 39.1552429199219 38.7318649291992 38.2092208862305 38.7724914550781 38.846248626709 38.8621864318848 38.4139633178711 38.7278709411621 38.4696197509766 38.3444747924805 38.1923141479492 37.1867179870605 35.9653053283691 34.8604049682617 35.1470375061035 35.0604705810547 34.1892700195312
40.0280685424805 40.5356140136719 40.3761329650879 40.262825012207 40.3640022277832 40.6683654785156 40.652645111084 40.6584243774414 40.6570091247559 40.6323890686035 40.5912971496582 40.5505905151367 40.4439544677734 40.3031234741211 40.1611709594727 39.9605484008789 39.574462890625 39.2132225036621 38.9700698852539 38.4225463867188 37.6019706726074 37.7854385375977 37.5809593200684 37.6300735473633 37.5129890441895 37.4767456054688 38.3451690673828 39.2569046020508 39.3081092834473 39.0295028686523 38.9013328552246 37.9963417053223 38.2248344421387 38.4189567565918 38.6493492126465 38.7341346740723 38.5945472717285 38.4383964538574 38.1038818359375 38.1325836181641 37.8499526977539 36.7874145507812 36.0937194824219 36.544864654541 36.1582069396973 35.1670341491699
40.327091217041 40.5380210876465 40.1898155212402 39.6152572631836 39.6954040527344 40.4810981750488 40.6391448974609 40.5976638793945 40.5980224609375 40.5977439880371 40.5185470581055 40.5372200012207 40.4828796386719 40.3778228759766 40.2401504516602 40.0687484741211 39.7861137390137 39.2161064147949 38.8586616516113 38.4541397094727 37.8630065917969 37.770092010498 37.5998153686523 37.4044494628906 37.3631591796875 37.6763801574707 38.6063995361328 39.2439918518066 38.8129234313965 38.6141548156738 38.688793182373 38.3715400695801 38.0890121459961 37.7965850830078 37.5560417175293 37.9525146484375 37.7718200683594 38.0298004150391 37.9469223022461 37.7634506225586 37.528678894043 37.7678108215332 37.5499649047852 37.2694435119629 36.752067565918 36.3339500427246
40.4532508850098 40.5118217468262 40.3418426513672 40.0679359436035 39.8000564575195 40.2558670043945 40.4942207336426 40.5014572143555 40.5282440185547 40.5654296875 40.5430946350098 40.560489654541 40.4963493347168 40.4338150024414 40.2925300598145 40.0980987548828 39.8746376037598 39.6835098266602 39.3344841003418 38.769660949707 38.4294204711914 38.1891441345215 37.7387542724609 37.1714553833008 37.2972297668457 37.4981498718262 38.6938743591309 39.122730255127 37.524528503418 37.1632766723633 37.6973571777344 37.8631820678711 37.8104858398438 37.6125183105469 37.1853370666504 36.9523963928223 37.383228302002 37.231803894043 37.1893272399902 37.1320114135742 36.8928413391113 36.6101226806641 36.8118591308594 37.1951293945312 36.6514587402344 35.6767654418945
40.3519515991211 40.355110168457 40.3694953918457 40.1258125305176 39.8773918151855 40.0259895324707 40.1936302185059 40.3480987548828 40.429370880127 40.5206336975098 40.4921188354492 40.470027923584 40.5295372009277 40.4587211608887 40.3449516296387 40.1036376953125 40.0611801147461 39.9229698181152 39.699764251709 39.3622550964355 39.2242622375488 38.529125213623 38.0036659240723 37.584529876709 37.5683288574219 37.8854522705078 38.7356338500977 38.6401786804199 38.3759651184082 38.271656036377 37.6015625 37.5254707336426 37.3481788635254 37.2104187011719 36.5739707946777 36.2073135375977 36.3719329833984 36.310359954834 36.4987182617188 36.3106651306152 36.2853698730469 35.4641494750977 36.0684700012207 36.7848091125488 36.5671424865723 35.2967185974121
39.8952903747559 40.1541366577148 40.3249549865723 40.2246208190918 40.0433654785156 39.9213371276855 39.8918228149414 40.1976776123047 40.2818336486816 40.4179649353027 40.4756774902344 40.4550018310547 40.492805480957 40.4935264587402 40.3296127319336 40.2288398742676 40.1414337158203 40.0342559814453 39.8853797912598 39.7003631591797 39.5120429992676 38.8831176757812 37.8864555358887 37.949634552002 37.3378219604492 37.8273048400879 38.6237945556641 38.134635925293 38.2815628051758 38.6631660461426 38.548038482666 38.3907012939453 37.8039245605469 37.4221115112305 36.0478134155273 34.9209747314453 34.9408073425293 34.8298759460449 34.7825736999512 35.1809349060059 35.3108406066895 35.4573783874512 35.6130142211914 36.3544235229492 36.2158737182617 35.8613548278809
40.0207138061523 40.0783271789551 40.1864013671875 40.154972076416 40.1133613586426 39.8370361328125 39.6315650939941 39.3944969177246 39.9518127441406 40.3681449890137 40.470329284668 40.4875831604004 40.541561126709 40.5255813598633 40.2535018920898 39.8956031799316 39.8908996582031 39.9287223815918 39.9538993835449 39.8357772827148 39.6990242004395 39.327766418457 38.3587417602539 38.6080665588379 37.763599395752 37.7448348999023 37.8493919372559 38.1121368408203 37.1941795349121 37.7555160522461 37.4206962585449 37.4974250793457 38.5491333007812 38.1676864624023 37.3279113769531 35.370288848877 34.5453224182129 34.5364418029785 33.9302101135254 34.3022308349609 34.850830078125 34.8191566467285 34.882884979248 36.0606155395508 35.662712097168 35.1852340698242
40.100658416748 40.0105133056641 40.0508346557617 39.8706359863281 40.0332298278809 39.9473609924316 39.7328033447266 39.4943504333496 39.6518020629883 40.1675186157227 40.3687477111816 40.5128746032715 40.5369758605957 40.4948348999023 40.4308891296387 40.0716552734375 39.7199096679688 39.5387763977051 39.7572059631348 39.849666595459 39.7150611877441 39.5689849853516 39.2763977050781 38.7645874023438 37.8230934143066 37.6229476928711 37.5588035583496 37.6280708312988 37.6583709716797 37.1829566955566 36.6701850891113 37.3251838684082 38.3422164916992 37.6910781860352 37.8634948730469 37.3828964233398 36.9875755310059 36.8575668334961 35.9872131347656 34.9983901977539 35.6156692504883 35.3139686584473 35.6445198059082 35.7922058105469 35.5148162841797 35.0895080566406
