inst/extdata/Tmax/Tmax74.asc
NCOLS 100 
NROWS 79 
XLLCORNER 148.06 
YLLCORNER -21.49 
CELLSIZE 0.01 
NODATA_value -3.4e+38 
[rows 40 to 59 of 79, columns 46 to 91 of 100]
25.4322605133057 26.3757362365723 26.7873973846436 27.6426219940186 29.2003326416016 30.1568794250488 29.6971187591553 27.8628902435303 27.5069465637207 28.1614665985107 28.6599521636963 30.3530235290527 29.9804878234863 30.1922016143799 29.3816184997559 30.3692512512207 30.6018962860107 30.3221607208252 30.4684734344482 30.6142539978027 30.671028137207 29.68381690979 30.1498317718506 30.5360279083252 30.6689624786377 30.7673225402832 30.6942768096924 30.3154602050781 30.5525932312012 30.7990207672119 30.7989921569824 30.6629962921143 30.3483963012695 29.0099239349365 29.3486003875732 30.1321849822998 30.066198348999 29.9973068237305 30.2912311553955 29.722635269165 28.9493255615234 29.5090618133545 29.8876476287842 29.6946392059326 30.0141563415527 30.0970764160156
26.7083320617676 27.8400039672852 27.7598972320557 27.7180995941162 29.2278385162354 30.4288806915283 29.3247222900391 28.9422168731689 29.5163288116455 29.5970363616943 29.9495487213135 30.6308193206787 30.5180034637451 30.5334777832031 30.3892364501953 30.7003192901611 30.7788314819336 30.7415657043457 30.7292098999023 30.7862930297852 30.8074569702148 30.2754878997803 29.5492630004883 29.9742279052734 29.9233951568604 30.4911270141602 30.8530864715576 30.3805503845215 30.4019165039062 30.8525505065918 30.9264869689941 30.8649082183838 30.7192611694336 30.0988388061523 30.3921298980713 30.4680690765381 30.2715702056885 30.2960300445557 30.4374103546143 30.600284576416 29.5914764404297 29.869686126709 30.5591831207275 30.3774814605713 30.5475978851318 30.5164642333984
29.0323295593262 29.2032566070557 29.3769912719727 29.8388004302979 30.1581192016602 30.6322994232178 30.2132148742676 29.695520401001 30.1940689086914 30.5841255187988 30.5013065338135 30.8071041107178 30.8394527435303 30.7613525390625 30.733283996582 30.8146896362305 30.8601379394531 30.8686542510986 30.8679695129395 30.8894748687744 30.8344097137451 29.8617362976074 29.6797924041748 30.2531127929688 29.7267761230469 30.2468872070312 30.7521877288818 30.6801891326904 30.6515808105469 30.9509239196777 31.0107936859131 31.0269546508789 31.0145893096924 30.9237327575684 30.8480205535889 30.5287570953369 29.5722026824951 30.2474803924561 30.8442478179932 30.8648414611816 30.7545738220215 30.7185554504395 30.8679294586182 30.9282398223877 30.9933624267578 30.9657726287842
30.2124633789062 30.2305145263672 30.3558654785156 30.4954032897949 30.7224025726318 30.8033714294434 30.7127590179443 30.4850692749023 30.6507911682129 30.8612308502197 30.8594779968262 30.9064884185791 30.8840961456299 30.8463401794434 30.8635177612305 30.8350734710693 30.7787895202637 30.7860069274902 30.8527755737305 30.9161777496338 30.908353805542 30.681131362915 30.4439849853516 30.6613502502441 30.5495109558105 30.1078319549561 30.4484348297119 30.7670192718506 30.9595165252686 31.0120468139648 31.0431995391846 31.0560779571533 31.0534992218018 31.0376110076904 31.058032989502 30.9314346313477 30.4509983062744 30.808084487915 31.0225944519043 31.0303115844727 31.0189838409424 31.0400810241699 31.0483894348145 31.0878295898438 31.1154975891113 31.1107883453369
30.0325183868408 30.2924118041992 30.545581817627 30.5516204833984 30.6039028167725 30.7269554138184 30.7672710418701 30.8326969146729 30.858003616333 30.8011932373047 30.5975112915039 30.7006378173828 30.6248149871826 30.371452331543 30.5442390441895 30.6704730987549 30.5587596893311 30.6725578308105 30.8038768768311 30.8855495452881 30.9383869171143 30.8246021270752 30.5219116210938 30.2775802612305 30.5491695404053 30.7650527954102 30.846155166626 30.9207744598389 30.9576663970947 31.0201511383057 31.0362148284912 31.0450687408447 31.0268898010254 31.0110855102539 31.066047668457 31.0308628082275 31.0340194702148 31.0534706115723 31.0179500579834 31.0423107147217 31.0406246185303 31.0497417449951 31.0752944946289 31.0833225250244 31.0068359375 31.0637435913086
28.2725391387939 29.0369243621826 29.449254989624 29.6587734222412 30.0175361633301 30.3466262817383 30.2832641601562 30.4758586883545 30.471549987793 30.3113460540771 29.565279006958 29.5777320861816 29.6513366699219 28.209545135498 29.1309871673584 29.8709697723389 30.395809173584 30.711633682251 30.8321094512939 30.8862800598145 30.9312610626221 30.7667198181152 30.3314342498779 29.9660053253174 30.2890930175781 30.6036815643311 30.7715702056885 30.7867107391357 30.8840198516846 30.9868297576904 31.0226802825928 31.0384006500244 31.0433044433594 31.0589656829834 31.0495319366455 30.9730091094971 30.9861602783203 31.0022048950195 30.9953994750977 31.0102500915527 31.0024471282959 31.0157833099365 31.0273151397705 30.9957942962646 31.0102882385254 31.0631408691406
25.9074535369873 27.1651382446289 27.071325302124 27.0414886474609 28.3423862457275 28.86745262146 28.9757614135742 29.2306137084961 29.6727752685547 29.067211151123 28.4109992980957 27.8486309051514 28.4926853179932 28.3668422698975 28.7961654663086 29.911750793457 30.5682945251465 30.7453155517578 30.7871608734131 30.7945690155029 30.8819408416748 30.919641494751 30.5013103485107 30.1571426391602 30.0670547485352 30.3925189971924 30.6461639404297 30.7957324981689 30.9312572479248 30.9776477813721 31.0303707122803 31.0566520690918 31.0721263885498 31.0646495819092 31.0044975280762 30.9659194946289 30.9847049713135 31.0038814544678 31.0119533538818 31.0195789337158 31.0107078552246 31.0284423828125 31.0469551086426 31.0341777801514 31.0476760864258 30.9607753753662
26.0304431915283 25.9635543823242 25.7716541290283 25.8509349822998 25.7933578491211 26.5766448974609 27.8069744110107 28.4514980316162 28.6277027130127 28.5029277801514 29.0188388824463 28.8532962799072 28.6952133178711 29.2564392089844 29.5378475189209 30.3781280517578 30.6190567016602 30.6394920349121 30.5728797912598 30.7026290893555 30.8667221069336 30.9427833557129 30.8204879760742 30.5209503173828 30.1032600402832 30.4242076873779 30.6609210968018 30.8620643615723 30.9636707305908 31.0287971496582 31.0713233947754 31.0703830718994 31.0270004272461 30.9733066558838 30.9331150054932 30.9310359954834 30.968391418457 31.0082378387451 31.0217418670654 31.0301609039307 31.0358066558838 31.0604133605957 31.0751571655273 31.074197769165 30.887092590332 30.6888103485107
25.6237659454346 25.7294597625732 25.9604969024658 25.6758594512939 25.5843925476074 25.6967220306396 26.5614280700684 28.1841564178467 28.7089939117432 28.8802642822266 28.7161102294922 28.8956317901611 29.1770782470703 29.4559478759766 29.508825302124 30.0185279846191 30.3787364959717 30.3723564147949 30.3598194122314 30.6424255371094 30.7866687774658 30.8285255432129 30.9476509094238 30.8887100219727 30.7954216003418 30.78932762146 30.9096813201904 31.0079727172852 31.0418319702148 31.0703506469727 31.0729141235352 31.0209865570068 30.9580554962158 30.8460865020752 30.8282489776611 30.9134559631348 30.9487171173096 30.992504119873 31.0342750549316 31.0430278778076 31.0652179718018 31.0867748260498 31.0933284759521 31.1009750366211 30.9632873535156 30.8552665710449
25.6927013397217 25.8738231658936 25.9031829833984 25.57301902771 26.0771465301514 26.9302768707275 27.0327453613281 28.2682819366455 28.7349052429199 28.9330196380615 28.7464046478271 29.2076320648193 29.4752960205078 29.4762058258057 29.5604763031006 29.4576530456543 29.5478706359863 29.7677230834961 30.1203994750977 30.4544982910156 30.5500736236572 30.5882186889648 30.875186920166 30.9551658630371 31.0014190673828 31.0068035125732 31.0071582794189 30.8553676605225 30.9482040405273 31.0463008880615 31.03737449646 30.9363880157471 30.9166469573975 30.7372741699219 30.6939849853516 30.9099597930908 30.9369812011719 30.944709777832 31.0325393676758 31.0645771026611 31.0681762695312 31.0977230072021 31.1061763763428 31.1041507720947 31.0557136535645 31.0146713256836
25.722053527832 25.6041679382324 25.8320503234863 25.5416622161865 26.2090034484863 27.3259601593018 27.6695652008057 28.247371673584 28.9396629333496 29.3759593963623 29.3904132843018 29.505989074707 29.5741214752197 29.6006412506104 29.5864658355713 29.530445098877 29.5913505554199 29.3282699584961 28.9878673553467 30.0832614898682 29.9760837554932 30.3855590820312 30.7653503417969 30.8595886230469 30.9427146911621 30.9542579650879 30.9055023193359 30.7004356384277 30.8855648040771 31.0212383270264 30.8795719146729 30.7226848602295 30.7662830352783 30.7718200683594 30.8325614929199 30.9442653656006 30.9781169891357 30.9888954162598 31.0128440856934 31.0744667053223 31.095609664917 31.1044654846191 31.1071281433105 31.100492477417 31.0860595703125 31.0254688262939
25.2681655883789 25.2444229125977 25.6420669555664 24.9970092773438 25.1563549041748 27.2054462432861 27.9656429290771 28.5910034179688 28.9237213134766 29.1996841430664 29.2572174072266 29.2610359191895 29.066385269165 29.0656089782715 29.3240756988525 29.4479312896729 29.7703285217285 29.6962985992432 29.5145645141602 29.5524444580078 29.401496887207 30.1533699035645 30.5678863525391 30.7859954833984 30.824535369873 30.8693885803223 30.524377822876 30.1565971374512 30.8329544067383 31.0011692047119 30.739465713501 30.4386043548584 30.7352676391602 30.8148822784424 30.873649597168 30.8666038513184 30.8900127410889 30.9202327728271 30.9693870544434 30.9846534729004 31.0234966278076 31.0865497589111 31.1016006469727 31.0981006622314 31.0876884460449 31.0484371185303
24.8895511627197 24.7424411773682 25.2321529388428 25.1091423034668 25.2033882141113 26.2457427978516 27.2821598052979 27.941463470459 28.4205894470215 28.7782821655273 28.725025177002 28.654764175415 28.7173023223877 28.9945850372314 29.713451385498 29.8114261627197 29.9877796173096 29.8913536071777 29.8091640472412 29.6431827545166 29.4095230102539 30.0431499481201 30.4711380004883 30.7048377990723 30.669771194458 30.7976036071777 30.414176940918 29.4300384521484 30.5499172210693 30.9628410339355 30.7063007354736 30.473819732666 30.7170734405518 30.6814594268799 30.6358585357666 30.6926097869873 30.772777557373 30.7318153381348 30.6771793365479 30.6895523071289 30.8386745452881 30.9644508361816 31.0852317810059 31.0948314666748 31.0882987976074 31.0732555389404
26.0300750732422 24.9645824432373 25.0811748504639 25.5005683898926 25.8957843780518 27.0028896331787 27.0700836181641 27.8617324829102 28.6552200317383 28.9843254089355 29.3279476165771 29.4304790496826 29.5595722198486 29.7778511047363 29.9591331481934 29.9984645843506 29.9483222961426 30.0185928344727 29.9829139709473 29.7529697418213 29.5592823028564 29.5780353546143 30.0878677368164 30.3058013916016 30.2452545166016 30.735725402832 30.6530437469482 29.986686706543 30.6041889190674 30.9191474914551 30.7103500366211 30.5357971191406 30.4730854034424 30.1391487121582 30.3736190795898 30.3343544006348 30.3735656738281 29.9480247497559 30.0902347564697 28.9932384490967 30.5178108215332 30.8223934173584 31.0419826507568 31.0791072845459 31.0788593292236 31.0650177001953
26.747989654541 25.7134590148926 25.1669158935547 26.0057926177979 26.6818008422852 27.4385108947754 27.5118465423584 27.9911079406738 28.7499027252197 29.1655960083008 29.2112674713135 29.2272071838379 29.6312484741211 29.7979125976562 29.9035301208496 29.8856678009033 30.0867385864258 30.2141532897949 30.1822452545166 29.9363632202148 29.771993637085 29.685661315918 29.8116264343262 29.819995880127 29.79128074646 30.5051898956299 30.7292537689209 30.4424076080322 30.1490478515625 30.7594184875488 30.2953453063965 29.4333305358887 30.1441841125488 30.350118637085 30.6947593688965 30.7288703918457 30.7142524719238 30.7078800201416 30.4958267211914 29.4395294189453 30.365629196167 30.7504901885986 30.9651927947998 31.0434017181396 31.065896987915 31.0562171936035
26.7872695922852 25.8886394500732 25.300609588623 26.6523818969727 27.6615753173828 28.108377456665 28.8461246490479 29.0797214508057 29.2889862060547 29.3999633789062 29.2122707366943 29.1709384918213 29.721284866333 29.808780670166 29.818452835083 29.8878154754639 29.9988307952881 29.9865760803223 30.4980030059814 30.257381439209 29.9834671020508 29.8302402496338 29.8048877716064 29.6469211578369 29.6546211242676 30.2691192626953 30.6797523498535 30.608003616333 30.477596282959 30.8422241210938 30.1195182800293 28.9302101135254 29.5192031860352 30.304292678833 30.3737602233887 29.97678565979 30.0720100402832 30.6849269866943 30.8422565460205 30.8283233642578 30.8936595916748 30.9123630523682 30.9551086425781 30.982048034668 31.0362720489502 31.0501174926758
26.6460590362549 25.6330890655518 25.1395950317383 26.4172210693359 27.744800567627 28.1138820648193 27.5263214111328 28.8764305114746 28.8249931335449 28.2747592926025 29.2254161834717 29.4353713989258 29.4575004577637 29.5171642303467 29.5350017547607 29.7436580657959 29.8718299865723 29.9831352233887 30.4622783660889 30.5766468048096 30.3792686462402 30.0666542053223 29.8981666564941 29.8193893432617 29.5845565795898 30.0360488891602 30.5301322937012 30.5755844116211 30.8090648651123 30.9049396514893 30.3684139251709 28.5006351470947 29.2093238830566 28.6872215270996 29.1105365753174 28.3465194702148 29.4442863464355 30.6271820068359 30.7820930480957 30.8776798248291 30.9189567565918 30.8551139831543 30.7655830383301 30.9101219177246 30.9656963348389 30.9984874725342
26.6226367950439 25.8394527435303 25.9050598144531 26.4425029754639 27.3989009857178 27.8375625610352 28.2632255554199 28.5000877380371 27.199728012085 27.1103229522705 28.6561794281006 27.668420791626 28.0373859405518 28.4815635681152 29.1982975006104 29.6581954956055 29.8093738555908 30.023136138916 30.3605785369873 30.4846649169922 30.5360984802246 30.287166595459 29.9648914337158 30.0294513702393 29.9041309356689 30.1264991760254 30.1189498901367 29.9505310058594 30.5749416351318 30.8063259124756 30.581111907959 29.8215007781982 28.3091945648193 26.3698177337646 26.5473804473877 28.2050094604492 29.8639221191406 30.5701141357422 30.7199211120605 30.6847858428955 30.7102088928223 30.4885749816895 30.3819561004639 30.8145179748535 30.5608158111572 30.6565818786621
26.5811672210693 26.2046432495117 25.992223739624 26.3158187866211 26.9499797821045 27.777515411377 27.9365711212158 27.5144443511963 27.0338115692139 27.8929328918457 28.3801403045654 27.3818340301514 27.7099914550781 28.1391277313232 29.0863647460938 29.4861640930176 29.7799682617188 30.2109928131104 30.6138286590576 30.4391574859619 30.3075256347656 30.5855236053467 30.3296241760254 30.143217086792 29.9816150665283 29.9709148406982 30.0450248718262 29.9435443878174 30.3075160980225 30.7049236297607 30.7730274200439 30.2228679656982 29.4528713226318 27.770112991333 27.1721858978271 28.2431583404541 29.8275279998779 30.4738502502441 30.5673923492432 30.0824871063232 30.3941612243652 30.6175651550293 30.4165210723877 30.5125274658203 30.182466506958 30.4927654266357
26.2167835235596 25.9952259063721 25.4988708496094 25.8525943756104 26.6523380279541 26.8284168243408 27.2552089691162 27.5890140533447 27.8812828063965 27.9850387573242 28.3274879455566 28.5411186218262 29.1962966918945 29.283540725708 29.4267044067383 28.9726638793945 29.9123554229736 30.2771816253662 30.4790802001953 30.1981678009033 30.3098964691162 30.4891662597656 30.5818634033203 30.517599105835 30.2295379638672 30.1544017791748 29.7998542785645 29.9520149230957 30.3691062927246 30.4910640716553 30.6817798614502 30.7351360321045 30.1514930725098 29.4346485137939 28.4661865234375 28.1783828735352 29.4674434661865 30.3536758422852 29.8357124328613 29.2683696746826 30.3098526000977 30.6122245788574 30.3320331573486 29.4978351593018 29.9179267883301 30.5180969238281
