inst/extdata/Tmax/Tmax89.asc
NCOLS 100 
NROWS 79 
XLLCORNER 148.06 
YLLCORNER -21.49 
CELLSIZE 0.01 
NODATA_value -3.4e+38 
[rows 20 to 39 of 79, columns 0 to 45 of 100]
37.118240356445298 37.1622047424316 37.1708984375 37.1520233154297 37.1773490905762 37.2853736877441 37.2308883666992 37.1804008483887 37.1349868774414 37.065860748291 36.9233665466309 36.5955505371094 36.2227516174316 35.6837882995605 34.5748252868652 34.2206726074219 34.1707725524902 35.0109214782715 35.9050827026367 36.2792091369629 36.3002166748047 36.3228950500488 36.6152534484863 36.6436805725098 36.5207214355469 36.2853012084961 35.7818603515625 35.0151138305664 35.472038269043 35.5329093933105 36.046875 36.0678939819336 36.1944313049316 36.1909484863281 36.1798515319824 35.9379539489746 35.6185684204102 35.6254234313965 35.2383804321289 35.455883026123 35.2778739929199 34.6804161071777 34.8775863647461 34.9253349304199 35.0314254760742 35.0685043334961
37.1842880249023 37.2488059997559 37.2678527832031 37.2477264404297 37.2623062133789 37.2714920043945 37.1707611083984 37.1159248352051 37.1066436767578 37.0624465942383 36.9674949645996 36.8331832885742 36.6468887329102 35.8563461303711 34.5913963317871 34.3268814086914 34.5405387878418 35.2472648620605 35.6828918457031 36.0080299377441 36.1217002868652 36.0591316223145 36.5154685974121 36.6381568908691 36.4801063537598 36.4988021850586 36.4799728393555 35.8438835144043 35.7179222106934 36.1618003845215 36.2670211791992 36.1852226257324 35.9123077392578 35.4102973937988 35.4306106567383 35.4160003662109 35.8039436340332 35.2194709777832 34.8908386230469 35.1567878723145 34.8373870849609 34.9144744873047 34.6900634765625 33.9329032897949 34.2128219604492 34.7919082641602
37.243953704834 37.2967185974121 37.313102722168 37.3108749389648 37.3065795898438 37.2873344421387 37.1517868041992 37.0579528808594 37.0232276916504 37.006965637207 36.9197692871094 36.8740425109863 36.7361106872559 36.2252655029297 35.2839317321777 34.5817947387695 34.0442428588867 34.4752731323242 34.9686241149902 35.6625289916992 35.7648429870605 35.8794441223145 36.4342498779297 36.2586631774902 35.9138221740723 36.2303161621094 36.2981224060059 36.3738784790039 36.1395149230957 36.1773986816406 35.9582099914551 35.8087310791016 35.3350448608398 35.0607261657715 34.8706474304199 35.0572052001953 35.0083770751953 34.5428047180176 34.5230979919434 34.4594306945801 34.2044258117676 33.5775718688965 34.2452697753906 34.0061836242676 33.2048683166504 34.3967704772949
37.238597869873 37.2773284912109 37.3019561767578 37.3051414489746 37.2815208435059 37.2835311889648 37.234203338623 36.9960174560547 36.9165077209473 36.9438972473145 36.8018074035645 36.656494140625 36.753059387207 36.4406623840332 35.7783241271973 35.1175231933594 34.4232292175293 34.1813583374023 34.7027206420898 34.9765357971191 35.4451522827148 36.3072166442871 36.1015205383301 35.5901794433594 35.721866607666 35.8520126342773 35.5975532531738 36.4093894958496 36.4349517822266 36.3218193054199 36.1333961486816 35.2209854125977 34.9482421875 35.1233520507812 35.4108390808105 35.0287704467773 34.2656555175781 33.8132247924805 34.42822265625 34.0046501159668 33.3991165161133 32.2245712280273 32.9238510131836 33.9193000793457 32.4426307678223 33.5560035705566
37.199634552002 37.2612800598145 37.2966728210449 37.2792472839355 37.2563896179199 37.2673835754395 37.2808723449707 37.142032623291 37.0030326843262 36.8685188293457 36.7908668518066 36.7708587646484 36.633129119873 36.353271484375 35.7144775390625 35.1318740844727 34.5062599182129 34.2014770507812 34.3806343078613 34.3872528076172 35.4177474975586 36.1370964050293 35.2074699401855 34.755729675293 35.4534645080566 35.4405174255371 35.6038246154785 36.2393951416016 36.4501991271973 36.1323890686035 36.0899085998535 35.9018440246582 35.8827438354492 35.9359321594238 35.6657600402832 35.4122047424316 35.0812759399414 34.1494560241699 33.9661407470703 33.7535018920898 32.3147087097168 31.8529510498047 32.2356796264648 33.768741607666 32.1546058654785 32.4722862243652
37.1681785583496 37.1974678039551 37.2159996032715 37.2042579650879 37.22265625 37.238941192627 37.2738227844238 37.2458534240723 37.127758026123 36.9323196411133 36.7784423828125 36.6757583618164 36.5583915710449 36.1807403564453 35.8075485229492 35.342399597168 34.8276481628418 34.5472984313965 34.9385452270508 35.5416374206543 35.5366668701172 35.4657554626465 35.0597915649414 33.9860534667969 34.4278755187988 35.0911331176758 35.2259407043457 36.2769775390625 36.4386940002441 36.1381683349609 35.4040870666504 35.9282302856445 35.8201904296875 35.7185173034668 35.4946784973145 35.2318840026855 35.1381874084473 33.8997459411621 32.8231544494629 33.1728820800781 31.9797210693359 32.6845397949219 32.9943656921387 33.7709121704102 32.9443321228027 32.0650749206543
37.0814933776855 37.1165084838867 37.1317138671875 37.1500854492188 37.1555099487305 37.1657447814941 37.2541961669922 37.2654571533203 37.1599998474121 36.8166389465332 36.7361030578613 36.5234298706055 36.5285186767578 36.2176818847656 35.5881881713867 34.688304901123 34.3744697570801 34.5485992431641 34.9588584899902 34.8875160217285 35.0554161071777 35.8273010253906 35.710693359375 34.4321670532227 34.0937347412109 34.8934173583984 35.5795936584473 36.3340759277344 36.4085311889648 36.228687286377 35.5274124145508 35.2130279541016 35.8755531311035 35.4292526245117 35.0632247924805 34.3707313537598 34.1408576965332 34.2422523498535 33.3517189025879 32.2580184936523 31.9374008178711 32.2160186767578 32.1510238647461 33.0332717895508 32.2654762268066 31.7375583648682
36.9571228027344 36.98681640625 37.0232391357422 37.0741958618164 37.1025505065918 37.1612319946289 37.2526779174805 37.2582969665527 37.2066307067871 37.0527076721191 36.8569717407227 36.6448059082031 36.551399230957 36.391357421875 35.615535736084 34.6544189453125 34.3868865966797 34.3554801940918 34.473258972168 34.4617156982422 35.4380950927734 35.9944953918457 35.5416793823242 34.8166351318359 34.3401527404785 34.5456390380859 34.655647277832 35.9984169006348 36.3021278381348 36.2067108154297 35.5370407104492 35.4739036560059 35.7266883850098 35.1056022644043 34.5249938964844 34.0483055114746 33.2846336364746 33.8984794616699 33.7652587890625 32.2260131835938 31.8729648590088 32.046573638916 31.9908485412598 32.5004539489746 32.0190811157227 31.7793598175049
36.5311584472656 36.5056571960449 36.7422790527344 37.0134773254395 37.1342620849609 37.2122077941895 37.2544860839844 37.2523498535156 37.1516532897949 37.0675354003906 36.9356346130371 36.4933967590332 36.5816535949707 36.4610328674316 36.0296936035156 35.0066757202148 34.3989219665527 33.9752731323242 34.2502059936523 35.011043548584 35.4516220092773 35.7704429626465 35.037899017334 34.4272689819336 34.277286529541 34.4097137451172 34.7858581542969 35.5635719299316 36.2144050598145 36.2722549438477 35.8400039672852 35.6259460449219 35.2658500671387 34.4005813598633 33.4164543151855 33.0644340515137 32.7992553710938 32.9806137084961 33.119499206543 32.7837142944336 32.3507919311523 32.4728813171387 32.260139465332 32.0897369384766 32.1120948791504 32.0691452026367
35.790828704834 36.528076171875 36.8167304992676 36.6022682189941 37.0832061767578 37.2187881469727 37.2527008056641 37.2494163513184 37.0830726623535 36.9646987915039 36.9651069641113 36.750904083252 36.5547714233398 36.4487609863281 36.2398796081543 35.8086929321289 35.3439407348633 34.1869239807129 34.4676971435547 34.542610168457 34.6805648803711 35.497688293457 35.140811920166 34.4563941955566 34.2872657775879 34.1147804260254 34.0964317321777 35.5197067260742 36.2411766052246 36.3117446899414 35.6238212585449 34.8069915771484 34.5487022399902 34.2547645568848 34.0333518981934 33.1770401000977 33.1313323974609 32.7847785949707 32.4338073730469 32.658821105957 34.206111907959 34.2820701599121 33.333324432373 32.1428527832031 33.0366249084473 33.1417617797852
36.0394973754883 36.7908554077148 36.823070526123 36.3785247802734 37.0444183349609 37.2081680297852 37.263011932373 37.2553520202637 37.2131233215332 37.0263671875 36.9425582885742 36.8967781066895 36.7521324157715 36.5820159912109 36.3388519287109 35.8496437072754 35.1548538208008 34.7828979492188 34.3990516662598 34.6236343383789 34.6961097717285 35.084400177002 34.5696716308594 34.4292945861816 34.1756858825684 33.6415252685547 33.890869140625 35.4207878112793 36.1432609558105 36.1874046325684 36.1794319152832 36.0443878173828 35.101375579834 34.2982521057129 34.2459335327148 33.8382377624512 33.9659767150879 33.8075332641602 33.4507369995117 33.8737602233887 35.142276763916 35.1987075805664 34.8443374633789 34.3641166687012 34.2784729003906 33.7962379455566
36.6783561706543 36.9164924621582 36.9794998168945 36.9851684570312 37.064567565918 37.1972770690918 37.2359046936035 37.2390747070312 37.2068939208984 37.1523361206055 37.0035514831543 36.963550567627 36.8867378234863 36.7185363769531 36.4973526000977 36.090503692627 35.3776664733887 35.0261726379395 34.4357490539551 34.3476524353027 34.4128913879395 34.7997817993164 34.4860687255859 34.2713394165039 34.2231712341309 34.2534103393555 34.9451522827148 35.8633193969727 36.1887092590332 35.7620277404785 35.6952781677246 35.7136497497559 35.8969039916992 35.4767608642578 35.2495040893555 34.6041870117188 35.4919548034668 35.3688621520996 35.3484153747559 35.3653182983398 35.1748199462891 34.4158782958984 33.6166381835938 33.3572120666504 33.257194519043 32.6482696533203
36.439582824707 37.0579833984375 37.1165504455566 37.1353912353516 37.137996673584 37.151481628418 37.1413383483887 37.187084197998 37.1875228881836 37.1787109375 37.1442604064941 37.0477294921875 36.8985633850098 36.7682037353516 36.6112747192383 36.4057960510254 36.0082321166992 35.4464378356934 34.816478729248 34.2224044799805 34.2510528564453 34.644962310791 34.5453338623047 34.3119659423828 34.1957054138184 34.3353233337402 35.5546646118164 36.1651153564453 36.2289733886719 36.0847015380859 35.6704406738281 35.1676292419434 35.7649383544922 35.8622817993164 35.9001884460449 35.4592056274414 35.8147506713867 35.5691680908203 35.4611358642578 35.3252105712891 34.3159790039062 33.1224822998047 32.0725402832031 32.3735656738281 32.313850402832 31.4944286346436
36.3155059814453 36.8575172424316 36.7109718322754 36.6145172119141 36.7355499267578 37.065803527832 37.0799293518066 37.1057090759277 37.1243019104004 37.1190795898438 37.0969467163086 37.0861282348633 36.9964065551758 36.8715896606445 36.745906829834 36.5602874755859 36.1996650695801 35.8500785827637 35.624080657959 35.0941047668457 34.2983741760254 34.5070381164551 34.3221321105957 34.3882484436035 34.2897758483887 34.2714576721191 35.1725997924805 36.1198234558105 36.1939506530762 35.9282455444336 35.8176193237305 34.9252891540527 35.1773490905762 35.3959922790527 35.6533279418945 35.761833190918 35.6497192382812 35.5097885131836 35.1864776611328 35.2366790771484 34.9669036865234 33.9177703857422 33.2485313415527 33.7210159301758 33.365665435791 32.4192199707031
36.5981254577637 36.842586517334 36.5055122375488 35.9488410949707 36.0455780029297 36.8558921813965 37.0478248596191 37.0247497558594 37.0449295043945 37.0646514892578 37.0030822753906 37.0534400939941 37.0177383422852 36.9297332763672 36.8082733154297 36.6524085998535 36.3966903686523 35.8344230651855 35.4936256408691 35.1074409484863 34.5382881164551 34.4739723205566 34.3229598999023 34.1472015380859 34.1236000061035 34.4518013000488 35.4180793762207 36.0869102478027 35.6658630371094 35.4834518432617 35.5801658630371 35.2873115539551 35.0198593139648 34.7429618835449 34.5190162658691 34.9406051635742 34.7870979309082 35.0703811645508 35.0059013366699 34.8384704589844 34.6187515258789 34.8970947265625 34.6911735534668 34.4290237426758 33.9389839172363 33.5505409240723
36.7081527709961 36.7985992431641 36.6414413452148 36.3832931518555 36.1326026916504 36.6088829040527 36.880973815918 36.907642364502 36.9546585083008 37.0127296447754 37.0097122192383 37.0586547851562 37.0127372741699 36.9685821533203 36.8432502746582 36.6635704040527 36.4683151245117 36.290168762207 35.9550323486328 35.4047355651855 35.0828666687012 34.8718376159668 34.4425315856934 33.9000244140625 34.0407485961914 34.256763458252 35.4878082275391 35.9428176879883 34.3468017578125 34.0050926208496 34.5565452575684 34.7527008056641 34.7186737060547 34.5380325317383 34.1272048950195 33.9120483398438 34.3741607666016 34.2402687072754 34.2163238525391 34.1773910522461 33.9546813964844 33.7016868591309 33.9247970581055 34.3370399475098 33.8217124938965 32.8852806091309
36.5888519287109 36.6227416992188 36.6519393920898 36.4240112304688 36.1924591064453 36.3590850830078 36.5569190979004 36.7326316833496 36.8348388671875 36.9480323791504 36.9384918212891 36.9464416503906 37.0280799865723 36.9752960205078 36.8782653808594 36.6502571105957 36.6406135559082 36.5161399841309 36.3078994750977 35.9840888977051 35.8638038635254 35.1930122375488 34.6872291564941 34.2895088195801 34.2908477783203 34.6236686706543 35.5111389160156 35.4312210083008 35.183235168457 35.0971870422363 34.4418144226074 34.3943519592285 34.2351417541504 34.1155090332031 33.4988784790039 33.152400970459 33.342887878418 33.2989196777344 33.5041427612305 33.3340339660645 33.3263626098633 32.565559387207 33.1754493713379 33.9095802307129 33.7210998535156 32.497615814209
36.1146011352539 36.4024543762207 36.5884208679199 36.5048713684082 36.3401679992676 36.2353134155273 36.2336921691895 36.5604400634766 36.664737701416 36.822998046875 36.9018058776855 36.911018371582 36.9700355529785 36.9910583496094 36.8422355651855 36.7587738037109 36.7028617858887 36.6100730895996 36.4776268005371 36.3084526062012 36.1362991333008 35.5288505554199 34.5517158508301 34.6321029663086 34.0441741943359 34.5463371276855 35.3775253295898 34.9006118774414 35.0675048828125 35.4738693237305 35.3767318725586 35.2471885681152 34.6728096008301 34.3077239990234 32.9593658447266 31.8705234527588 31.9205722808838 31.8370018005371 31.8138179779053 32.2165832519531 32.3644638061523 32.5422592163086 32.7143440246582 33.4653511047363 33.3554954528809 33.032772064209
36.2149543762207 36.3021621704102 36.4242935180664 36.4099884033203 36.385612487793 36.1261291503906 35.9486770629883 35.7301368713379 36.3048820495605 36.7461700439453 36.8702354431152 36.9183731079102 36.9939994812012 36.9977073669434 36.7374992370605 36.3910675048828 36.4196357727051 36.4753379821777 36.5214042663574 36.4206161499023 36.3008842468262 35.9528884887695 34.9961166381836 35.2644386291504 34.4401435852051 34.439151763916 34.5741844177246 34.8521461486816 33.955810546875 34.5319709777832 34.2158432006836 34.3207893371582 35.401969909668 35.0338554382324 34.2060737609863 32.2856636047363 31.5248737335205 31.5374393463135 30.9842357635498 31.3572769165039 31.9016227722168 31.9063930511475 31.9871387481689 33.1536750793457 32.7899780273438 32.349479675293
36.2774620056152 36.2173194885254 36.2711791992188 36.1082077026367 36.2875938415527 36.2188720703125 36.0319976806641 35.8116989135742 35.9858627319336 36.5234031677246 36.7474822998047 36.9255638122559 36.9702758789062 36.9468574523926 36.901050567627 36.5519905090332 36.2265281677246 36.0591239929199 36.3009300231934 36.4155883789062 36.2980461120605 36.1795654296875 35.9014739990234 35.4031829833984 34.4809837341309 34.3001289367676 34.2671508789062 34.3504257202148 34.3983688354492 33.9438819885254 33.4544372558594 34.1304702758789 35.1718940734863 34.5333213806152 34.7261657714844 34.2610893249512 33.8937225341797 33.781795501709 32.9337501525879 32.0055809020996 32.6210517883301 32.3667259216309 32.7071876525879 32.8755493164062 32.6301040649414 32.2409706115723
