inst/extdata/Tmax/Tmax152.asc
NCOLS 100 
NROWS 79 
XLLCORNER 148.06 
YLLCORNER -21.49 
CELLSIZE 0.01 
NODATA_value -3.4e+38 
[rows 0 to 19 of 79, columns 0 to 45 of 100]
40.077568054199197 39.6984710693359 38.6505699157715 39.0723152160645 39.2494888305664 39.7457580566406 39.9786148071289 40.1882934570312 40.1576232910156 39.9754981994629 39.457592010498 39.2353286743164 39.161319732666 37.7939147949219 38.3574981689453 38.8469848632812 39.2891845703125 39.2735748291016 38.3754539489746 37.6435546875 37.4972839355469 36.4530334472656 36.9546165466309 38.4161262512207 39.0067100524902 39.3044052124023 39.1684837341309 39.2425918579102 38.905143737793 38.5032196044922 37.5299530029297 35.4152145385742 36.8827285766602 36.8027648925781 35.4543914794922 34.2097091674805 34.0923728942871 33.6733665466309 34.5710144042969 36.7241821289062 38.4745063781738 38.7747039794922 39.6134643554688 39.9958992004395 40.1939086914062 40.343505859375
39.8741607666016 39.2919921875 38.4608345031738 38.5818214416504 37.9626846313477 39.0048141479492 39.6595230102539 40.0472106933594 40.2127647399902 40.0935440063477 39.721565246582 39.3765869140625 39.5233001708984 39.0645217895508 38.8951301574707 38.7831153869629 39.2554168701172 39.3102645874023 38.2006072998047 37.5439643859863 38.1567344665527 37.881046295166 37.7722625732422 38.2898483276367 38.8365211486816 39.0597496032715 39.3835716247559 39.3436965942383 39.1170654296875 38.89013671875 37.9492073059082 36.3632583618164 37.7192001342773 37.2624969482422 36.5103797912598 35.419548034668 34.9244918823242 35.3698234558105 36.6280632019043 37.9298782348633 39.6303749084473 40.0934219360352 40.2499313354492 40.2569694519043 40.3249397277832 40.378246307373
39.8443298339844 38.9334449768066 39.086368560791 39.2497787475586 38.751636505127 38.9023208618164 39.3745384216309 40.0454940795898 40.2712821960449 40.1309967041016 39.8163757324219 39.6783103942871 39.5920944213867 39.5474700927734 39.2196311950684 39.0671272277832 39.3135185241699 39.5082054138184 38.8692932128906 38.6695137023926 38.5192070007324 38.1579627990723 37.9124412536621 38.0695915222168 39.0544548034668 39.3777046203613 39.1946678161621 39.1908569335938 39.204662322998 38.8650856018066 38.9447860717773 37.8268737792969 38.1228942871094 36.7203826904297 36.3877372741699 35.6694412231445 35.0833511352539 34.5456962585449 35.760498046875 37.1696815490723 38.7727432250977 39.9198837280273 40.3002738952637 40.3849143981934 40.3717613220215 40.3282508850098
40.1021270751953 39.7056846618652 39.3436012268066 40.0761260986328 39.5010108947754 39.031982421875 39.4791450500488 40.1551513671875 40.3696441650391 40.2281227111816 40.0762214660645 40.0420570373535 39.9369087219238 39.7634391784668 39.2802238464355 39.1009292602539 39.520622253418 39.5965728759766 39.3581733703613 38.8370780944824 38.4841194152832 38.0615653991699 38.1701202392578 38.1460227966309 38.8424644470215 39.3622093200684 38.9455070495605 39.2756729125977 39.0792388916016 38.1403884887695 38.8028450012207 38.8986129760742 38.0519828796387 36.6209869384766 35.9770431518555 34.9789009094238 35.3125762939453 34.7500076293945 34.6326942443848 34.080493927002 35.9195556640625 39.0383110046387 40.1107788085938 40.3719329833984 40.0968933105469 39.9925193786621
40.7513885498047 40.1105117797852 39.8519325256348 40.3485870361328 40.0925140380859 39.3600730895996 39.4133262634277 40.1886711120605 40.3807678222656 39.9582977294922 39.9804306030273 40.2307434082031 40.1007194519043 39.7907218933105 39.3836669921875 39.5811538696289 39.6808280944824 39.3992309570312 38.8815803527832 38.0483932495117 38.2799415588379 38.488395690918 38.6566009521484 38.9017524719238 38.9271049499512 38.558952331543 39.4236183166504 38.9944000244141 38.8589019775391 38.3058433532715 38.7409934997559 38.54345703125 38.2015571594238 37.0721397399902 36.4899559020996 36.872615814209 36.5245361328125 35.9040374755859 35.2910118103027 34.4461441040039 34.0539321899414 38.049674987793 39.7862586975098 40.2748146057129 39.509651184082 38.7081565856934
40.9286651611328 40.6406364440918 39.8403244018555 40.3683395385742 40.4706993103027 39.9956932067871 39.6749992370605 40.2306747436523 40.4385948181152 40.1145286560059 40.0007934570312 40.3281135559082 40.1597671508789 39.8514137268066 39.0972290039062 39.7130432128906 39.6211204528809 39.1166496276855 38.4965286254883 38.0284385681152 38.163646697998 38.4763679504395 38.8616333007812 38.8786277770996 39.2426452636719 39.1338310241699 39.2330932617188 38.3649215698242 38.3786849975586 37.1327819824219 38.0111541748047 38.5857620239258 38.7152404785156 38.3470726013184 37.9532127380371 37.8970146179199 36.9299087524414 36.3763160705566 36.0123672485352 35.0714569091797 34.500316619873 37.5594787597656 39.6641616821289 40.2357902526855 39.6937141418457 37.3367233276367
41.1535224914551 40.8488540649414 40.4257926940918 40.6455917358398 40.6042098999023 40.1757049560547 39.4170951843262 40.1022491455078 40.343879699707 40.5268440246582 40.4739952087402 40.2995376586914 39.8097686767578 39.9613418579102 39.9434356689453 39.7915496826172 39.5677337646484 38.9307518005371 38.6995544433594 38.3634757995605 37.7005958557129 37.9559440612793 38.5303764343262 39.0070152282715 39.4415512084961 39.3717880249023 39.3994941711426 38.7846603393555 38.3778839111328 36.984203338623 37.0117149353027 37.1646957397461 38.3142776489258 38.5321083068848 38.01123046875 37.9011726379395 37.2433090209961 35.6264305114746 35.9317665100098 35.4307441711426 35.2610397338867 37.350170135498 39.4323921203613 39.983829498291 39.7504653930664 37.8567237854004
41.1359367370605 41.0217514038086 40.7084922790527 40.761661529541 40.731372833252 40.4323844909668 39.7438697814941 39.6123085021973 40.0049858093262 40.4347915649414 40.583683013916 40.2443084716797 39.456298828125 39.7418212890625 40.0358848571777 39.2321701049805 39.1788330078125 38.2969512939453 38.228687286377 37.9708137512207 37.1961326599121 37.7715072631836 38.3090744018555 38.9915084838867 39.573314666748 39.6071434020996 39.1210174560547 38.6146697998047 38.420768737793 37.5334167480469 35.990177154541 36.3504867553711 36.7743606567383 37.5028991699219 37.982479095459 37.2874031066895 37.3888168334961 36.3636512756348 35.1959571838379 35.5583953857422 35.8328094482422 37.172119140625 38.402042388916 39.5952186584473 39.5549430847168 37.4634094238281
40.8620071411133 41.1348266601562 40.9670867919922 40.9270248413086 40.7868881225586 40.5088272094727 40.0846214294434 39.5428352355957 39.772819519043 40.4145278930664 40.6231384277344 40.5694580078125 40.3365516662598 40.1739044189453 39.7564659118652 38.8623123168945 39.1001510620117 38.8278274536133 39.0114631652832 37.9301948547363 37.952205657959 37.7860298156738 37.9280776977539 38.7588844299316 39.4819869995117 39.7194595336914 38.6240844726562 37.6036605834961 37.7292098999023 37.6402053833008 36.9574966430664 36.3109397888184 35.8192367553711 36.3935165405273 37.5002212524414 36.7943115234375 36.5292892456055 36.4921340942383 35.3877601623535 35.0261344909668 35.3114128112793 35.4445991516113 36.5527610778809 38.4621658325195 39.025806427002 37.5800514221191
40.5100936889648 41.0166015625 41.1264343261719 40.9739837646484 40.7435760498047 40.6167068481445 40.3867416381836 39.8485107421875 39.4701805114746 40.3123817443848 40.61767578125 40.1443977355957 39.2980880737305 39.3987045288086 39.5443992614746 39.5343742370605 39.5819625854492 39.4286041259766 39.1975288391113 38.8428535461426 38.4716987609863 37.7237854003906 38.1451072692871 39.1682929992676 39.7288665771484 39.6251525878906 38.7858352661133 38.6215209960938 38.0332794189453 37.4397659301758 35.9714202880859 35.528263092041 36.8314666748047 36.6849746704102 36.4586639404297 36.1999626159668 35.9546012878418 36.3265838623047 35.6984558105469 34.8308525085449 34.892448425293 34.2385711669922 35.2812156677246 36.6937141418457 37.0926513671875 36.3605651855469
40.1127624511719 40.5014495849609 41.1408081054688 41.0428619384766 40.9004745483398 40.8180236816406 40.5982284545898 40.1669578552246 40.1667709350586 40.4691162109375 40.6617622375488 40.2151908874512 39.8305587768555 38.9463768005371 39.1757392883301 39.5456352233887 39.7060432434082 39.9697265625 39.4446182250977 39.2244987487793 38.7599449157715 38.329532623291 38.4397850036621 39.1450958251953 39.6908874511719 39.5972175598145 38.7667770385742 37.8922119140625 36.7125778198242 36.7316055297852 36.3208389282227 36.2696685791016 37.3185729980469 37.0332489013672 35.9795989990234 35.6962623596191 36.2785339355469 35.9566917419434 35.5224914550781 34.8860397338867 34.9735260009766 34.6745948791504 34.2913093566895 35.1808547973633 35.7220191955566 36.1183547973633
39.9077224731445 39.9976959228516 41.0935668945312 41.1126708984375 41.0285034179688 40.8966979980469 40.7018547058105 40.3150901794434 40.3816566467285 40.7554817199707 40.7101211547852 40.4862480163574 40.0605812072754 39.4815521240234 39.3777046203613 39.7691078186035 40.1555252075195 40.1686668395996 39.8722953796387 39.3315238952637 38.736629486084 38.3483848571777 38.566822052002 38.7719879150391 39.0581283569336 39.4888687133789 38.3127212524414 37.3831100463867 36.674934387207 36.9832534790039 37.0856170654297 37.0008392333984 37.525505065918 36.9076652526855 36.6279067993164 36.5427093505859 36.0444793701172 35.3623542785645 36.0122032165527 36.3098602294922 35.8084144592285 35.2794227600098 34.6825942993164 35.238037109375 35.8936347961426 36.3944435119629
40.0857467651367 40.7047119140625 41.0634002685547 41.0350570678711 41.0685806274414 40.9718627929688 40.8155059814453 40.3788871765137 40.504207611084 40.9003562927246 40.6797828674316 40.6083946228027 40.3670806884766 40.4751434326172 40.3763313293457 40.3731727600098 40.3947067260742 40.3226890563965 40.0703010559082 39.454158782959 39.1435165405273 39.355640411377 39.6963157653809 40.0006866455078 39.8432197570801 39.3505592346191 39.1120758056641 38.5516891479492 38.130485534668 37.9292297363281 38.028564453125 37.7943000793457 37.6995620727539 37.0265579223633 36.3710784912109 35.8514366149902 35.2221794128418 36.5709915161133 36.938663482666 36.8943748474121 35.3031883239746 35.2260360717773 34.6744956970215 34.3721008300781 35.9573860168457 36.6558380126953
40.6357345581055 40.9030265808105 41.0063362121582 40.9278297424316 40.9658737182617 41.0446357727051 40.9878807067871 40.8615951538086 40.629810333252 40.8169097900391 40.8002166748047 40.7273178100586 40.5917015075684 40.487865447998 40.3780632019043 40.3041305541992 40.4874496459961 40.4064903259277 40.2537117004395 40.1372947692871 40.0335807800293 40.0016479492188 39.7747802734375 39.938606262207 39.4229049682617 38.2132568359375 38.1559371948242 37.6865119934082 37.0399169921875 37.9965476989746 38.3544158935547 38.3225708007812 37.4400672912598 37.0952758789062 36.9720191955566 36.9243698120117 36.9140243530273 36.5602531433105 37.3316192626953 37.7660293579102 37.1618194580078 36.6253776550293 35.8848304748535 35.2538833618164 36.5461196899414 37.1682548522949
39.698802947998 40.4065322875977 40.9570121765137 40.8934211730957 40.7636032104492 40.9037551879883 40.8661727905273 40.6827163696289 40.1943473815918 40.2724113464355 40.6970596313477 40.4772796630859 39.8599510192871 40.0853118896484 40.3298187255859 39.6815567016602 40.217658996582 40.467601776123 40.4261093139648 40.3853225708008 40.3373832702637 39.8595428466797 39.1058731079102 39.6026725769043 39.4173583984375 39.110538482666 39.0259666442871 38.6476898193359 38.2300567626953 38.5675735473633 38.535572052002 38.2357215881348 37.7206535339355 38.0337028503418 38.0089797973633 36.9045867919922 37.5883102416992 36.5971794128418 37.0044250488281 37.9403686523438 37.9366607666016 37.6371765136719 36.7604866027832 35.7931594848633 36.5687446594238 37.5060997009277
38.6471786499023 39.8702278137207 40.802188873291 40.9789199829102 40.9180679321289 40.9076919555664 40.7974967956543 40.6836357116699 40.4421005249023 39.8427124023438 39.382755279541 40.289192199707 39.3036766052246 38.9538612365723 40.0292282104492 39.618537902832 39.6031799316406 40.1964225769043 40.2516479492188 40.2735710144043 40.3058547973633 40.2887725830078 40.1424293518066 39.8786659240723 39.3919296264648 38.9503440856934 38.9758796691895 38.9331092834473 38.8854827880859 38.6865158081055 38.5035400390625 38.0313415527344 37.7226600646973 38.5083808898926 38.3824424743652 38.0818367004395 38.108283996582 37.4518966674805 37.0583190917969 37.8873062133789 38.1398544311523 37.3981513977051 35.9248008728027 34.6465148925781 35.1929893493652 37.2614555358887
39.8291091918945 39.6417846679688 40.3722457885742 40.6191558837891 40.9103698730469 40.8935890197754 40.7654495239258 40.6192245483398 40.454662322998 40.1272888183594 39.377742767334 39.8931732177734 38.6654090881348 38.3974571228027 39.3133354187012 39.1641578674316 38.3624801635742 39.6962547302246 39.7112808227539 39.7098922729492 40.0399971008301 40.2443923950195 40.1482429504395 39.6590766906738 38.6841773986816 38.0272254943848 37.5802574157715 38.0056037902832 38.6810760498047 38.0242156982422 37.7917938232422 36.9209899902344 37.7771072387695 38.7925262451172 38.5952072143555 38.387752532959 38.4573669433594 37.9727325439453 37.5622406005859 37.9204330444336 38.1797027587891 36.8727874755859 35.7397651672363 36.1281547546387 36.5639419555664 37.2846565246582
39.9644050598145 40.3894996643066 40.5109672546387 40.5487251281738 40.7390365600586 40.8281555175781 40.767879486084 40.6889305114746 40.5244178771973 40.0005149841309 39.5551109313965 39.1233673095703 38.6715278625488 38.2730903625488 38.9025344848633 38.7587242126465 38.7965431213379 38.6172142028809 38.3440055847168 38.3461494445801 39.7275161743164 40.0637512207031 40.0614204406738 39.9570999145508 39.2809600830078 37.9603881835938 36.3559112548828 37.3355255126953 38.2939758300781 37.2159271240234 37.6761589050293 38.3679122924805 38.7327842712402 39.0737419128418 38.9923782348633 38.7808036804199 38.2382583618164 37.2965316772461 37.8484878540039 38.1377868652344 38.5327606201172 38.1358604431152 37.9916343688965 37.988941192627 37.9553031921387 37.3238182067871
40.2533416748047 40.2458801269531 40.0991363525391 40.2413139343262 40.7972946166992 40.6944465637207 40.7267608642578 40.7295913696289 40.6417999267578 40.2474899291992 38.9691619873047 39.0851364135742 38.6061935424805 37.3424835205078 38.2058029174805 37.9637107849121 37.7777633666992 37.0211486816406 37.9962196350098 38.4458541870117 39.7365074157715 39.7811508178711 39.9637298583984 40.107307434082 39.1330032348633 37.9228515625 36.6104888916016 37.5336112976074 38.2603034973145 37.715030670166 38.3058052062988 38.8323135375977 39.295581817627 39.323486328125 38.8368072509766 38.5576972961426 38.1545867919922 37.8679618835449 38.4975128173828 38.6187973022461 38.6869354248047 38.6006813049316 38.4885330200195 37.7649307250977 36.8192901611328 36.7999038696289
40.4140357971191 40.4095344543457 40.4141082763672 40.2707405090332 40.8045082092285 40.8247604370117 40.7682647705078 40.7242660522461 40.666145324707 40.5702133178711 40.2091217041016 39.3632278442383 38.423755645752 37.1001052856445 37.4835624694824 37.4626770019531 36.9755325317383 37.3298492431641 37.6356811523438 38.8328475952148 39.7547302246094 39.2877235412598 40.1194343566895 39.963191986084 39.3014259338379 39.0457916259766 37.8325729370117 37.9860610961914 38.4065704345703 38.2297706604004 38.9482116699219 38.9264526367188 39.4539909362793 39.3938751220703 39.2433586120605 38.983585357666 38.0395584106445 38.255916595459 38.5779075622559 38.5942726135254 38.6556930541992 38.5024261474609 38.446159362793 37.8830413818359 37.8209838867188 37.6965065002441
