inst/extdata/Tmax/Tmax44.asc
NCOLS 100 
NROWS 79 
XLLCORNER 148.06 
YLLCORNER -21.49 
CELLSIZE 0.01 
NODATA_value -3.4e+38 
[rows 40 to 59 of 79, columns 46 to 91 of 100]
16.0988807678223 17.4252853393555 17.1411724090576 18.0591773986816 20.4066181182861 20.4347496032715 20.2729110717773 18.0495529174805 17.7602005004883 18.4299812316895 20.063627243042 22.1560020446777 22.6634120941162 22.1902961730957 21.4167518615723 23.2394485473633 24.1949691772461 23.6716766357422 24.7489414215088 24.7409420013428 24.1131935119629 24.7446937561035 22.6181468963623 21.4768180847168 22.9425735473633 23.893913269043 24.4479904174805 23.6517601013184 23.4868183135986 23.6668357849121 23.3086357116699 24.4303398132324 23.2041015625 20.2813262939453 21.9611988067627 26.3714351654053 24.7348861694336 23.1885375976562 21.0482864379883 20.3846244812012 19.8436260223389 22.7253856658936 23.1290512084961 22.5246810913086 23.8888702392578 21.1353569030762
17.2934970855713 17.5367603302002 18.9572906494141 20.3326244354248 21.0915050506592 20.6711387634277 20.0381164550781 19.8426322937012 21.2676696777344 21.5610446929932 24.2778568267822 23.1413249969482 22.9457836151123 22.6645355224609 22.1099300384521 24.1127548217773 24.2610111236572 24.1008701324463 25.175085067749 25.4763565063477 23.3964824676514 23.7767524719238 20.0142860412598 25.8451194763184 27.0433139801025 22.6485080718994 24.6303195953369 23.6477890014648 23.865140914917 23.0610237121582 23.6781902313232 24.2426471710205 24.1019802093506 23.1805191040039 23.6282577514648 25.662088394165 23.942346572876 23.3916702270508 23.129077911377 22.843225479126 22.393590927124 21.9449520111084 23.3594360351562 23.0206184387207 23.0172901153564 22.4925231933594
18.8359603881836 19.8872032165527 19.8405323028564 21.8701477050781 26.9856815338135 24.5091533660889 22.0433349609375 21.3183269500732 22.492488861084 24.2039546966553 24.3589916229248 23.97314453125 24.286153793335 23.8651313781738 25.627384185791 24.1988506317139 24.0744075775146 23.7588119506836 24.2051315307617 24.9495582580566 24.0316772460938 23.5094375610352 23.2037906646729 27.3381195068359 20.7111034393311 27.4435424804688 26.7209815979004 22.57688331604 21.9483547210693 24.5617351531982 24.2688255310059 24.6123332977295 23.9058856964111 23.275520324707 23.6755714416504 22.4868583679199 22.6253433227539 22.1044044494629 22.183910369873 22.6498775482178 23.8231086730957 23.9359149932861 24.3085117340088 22.9999332427979 25.0323028564453 24.9889965057373
22.3750629425049 23.1730213165283 23.3582191467285 23.5321655273438 24.3006610870361 23.8317565917969 23.5137233734131 23.137378692627 23.5002307891846 23.9158916473389 24.6245937347412 24.6693153381348 24.8940086364746 24.8208332061768 24.3290424346924 23.9059619903564 23.5830230712891 23.8077621459961 24.543176651001 22.1656970977783 24.439302444458 24.478515625 24.2948818206787 23.6646938323975 23.1208419799805 24.8845863342285 24.1416244506836 23.6843776702881 24.3325805664062 26.0714931488037 25.4620590209961 25.9252624511719 23.733268737793 23.1465339660645 23.0027980804443 25.5426578521729 25.005184173584 23.0921649932861 24.0638580322266 25.1458873748779 25.7692794799805 24.9355812072754 23.3860664367676 27.6391468048096 25.2110042572021 23.2055931091309
22.1879291534424 22.4212093353271 22.4516353607178 22.8388614654541 24.4387760162354 25.1287708282471 24.5533981323242 23.7550373077393 24.1586570739746 23.8573455810547 23.581729888916 23.5825042724609 23.1981868743896 23.0759754180908 22.9443340301514 23.5576419830322 21.9511604309082 22.8308296203613 23.8917655944824 24.2782306671143 25.2539501190186 25.9029121398926 25.6489963531494 24.7106437683105 22.6038722991943 23.0840892791748 23.505054473877 24.0104179382324 26.2507343292236 26.6060028076172 25.2672882080078 24.0317516326904 22.9817390441895 23.6937885284424 23.3667182922363 25.4108505249023 24.117654800415 22.9662933349609 24.2435417175293 22.7547378540039 23.3981704711914 24.9805870056152 25.4149303436279 25.387393951416 28.2812004089355 25.1885051727295
18.1214199066162 19.7165489196777 21.3524322509766 19.7274551391602 21.4624538421631 22.1993522644043 22.0567741394043 22.4009552001953 22.7289123535156 22.8610095977783 19.8043212890625 20.0148448944092 20.2236232757568 18.2917900085449 19.3969058990479 20.4916858673096 22.9016742706299 23.1379375457764 23.1046104431152 23.2439022064209 25.0518684387207 24.8582038879395 24.2089042663574 24.1828327178955 24.3125801086426 24.8232650756836 24.8255558013916 24.8089942932129 24.456916809082 24.6694240570068 24.3352546691895 25.4974918365479 26.370756149292 26.8580875396729 24.8493576049805 24.5985927581787 24.1022453308105 23.9560165405273 23.9404258728027 23.671407699585 23.5276432037354 24.6066493988037 24.788724899292 23.4939250946045 25.8180370330811 28.1836013793945
16.2039737701416 17.6416358947754 17.255895614624 17.0497779846191 18.3009052276611 18.7892570495605 18.9939193725586 19.6354522705078 20.2736778259277 19.4779853820801 19.0707187652588 18.4087238311768 18.8386650085449 18.7235431671143 19.1213493347168 20.5074367523193 23.2673358917236 23.0642108917236 22.4343204498291 24.3494567871094 24.8225173950195 25.2545566558838 24.3424873352051 23.6485958099365 26.2928466796875 26.4924030303955 25.561803817749 24.8557281494141 23.9397087097168 23.8663921356201 25.0886135101318 24.9249229431152 24.3786449432373 24.7140960693359 25.0050601959229 27.6325378417969 24.4450359344482 24.6433525085449 23.5688552856445 23.4482688903809 23.4365406036377 26.091381072998 24.1278820037842 27.0048408508301 25.6246070861816 25.0863952636719
16.5544109344482 16.5011749267578 16.4168605804443 16.5077533721924 16.3850116729736 16.7852172851562 18.0021171569824 19.1187343597412 19.4366397857666 19.2499599456787 19.9431209564209 19.3445491790771 19.3829441070557 20.9359283447266 21.7357692718506 23.3070831298828 23.9848804473877 23.9185752868652 24.0671882629395 25.4705715179443 28.2020683288574 25.9388942718506 23.8687419891357 24.9103355407715 26.1425628662109 25.7738666534424 25.1406803131104 28.0801067352295 25.2414093017578 25.5113430023193 25.5501918792725 23.0134353637695 22.8806114196777 23.2241821289062 23.015193939209 23.0292434692383 24.4518375396729 23.4705276489258 22.5826873779297 26.3493022918701 26.1107311248779 28.0867671966553 24.6761054992676 26.797550201416 26.5415325164795 26.4799900054932
16.392261505127 18.3768329620361 16.6847858428955 16.3573760986328 16.282398223877 16.232494354248 16.3920307159424 18.6907730102539 19.5084857940674 19.708158493042 19.6225566864014 19.7275218963623 25.0800457000732 26.2328701019287 26.7536849975586 23.1518402099609 25.0557651519775 21.4276504516602 27.0806407928467 27.0073471069336 26.7295989990234 27.0089473724365 26.4069690704346 25.9829998016357 25.6926670074463 23.8004856109619 25.0063457489014 26.1639671325684 28.3251190185547 27.6122722625732 27.3649921417236 28.1263427734375 27.2336101531982 23.2756576538086 24.2539710998535 28.6656627655029 27.8492126464844 24.8497867584229 24.6733379364014 24.5000591278076 22.5928955078125 23.1358089447021 23.7724895477295 24.6949882507324 23.8403854370117 24.4812088012695
18.284875869751 18.942684173584 20.1343040466309 17.2506237030029 16.6983776092529 17.5802345275879 17.4324607849121 18.6062545776367 19.0196266174316 19.648796081543 23.9724979400635 25.6198711395264 26.8441390991211 26.9033050537109 27.4146556854248 20.5776138305664 23.7793636322021 20.8881530761719 21.2187366485596 23.7740116119385 23.7850093841553 28.0290508270264 24.4738712310791 25.3665008544922 25.1092319488525 24.2437515258789 26.2125949859619 26.3068180084229 26.8094272613525 26.8842601776123 26.6658840179443 25.0451545715332 23.3949565887451 23.9113121032715 24.5816516876221 28.8209056854248 28.7996006011963 25.6303672790527 24.5005588531494 24.3609809875488 24.3559074401855 23.3493919372559 24.5469055175781 23.1592483520508 24.159610748291 24.820873260498
21.671085357666 18.4724388122559 21.4221687316895 16.4155521392822 16.4328689575195 17.8195934295654 18.0949058532715 18.9196929931641 19.6982879638672 20.2697315216064 20.3032741546631 20.5527820587158 25.2263278961182 25.9320125579834 26.5706081390381 20.5125312805176 23.0063800811768 22.9135684967041 19.7562351226807 23.5835189819336 21.1402225494385 26.9067459106445 24.5524082183838 26.1034526824951 24.5363864898682 25.5429935455322 24.5569820404053 24.1787643432617 27.2241172790527 26.937744140625 26.3367919921875 25.8240604400635 25.5168685913086 23.7509899139404 24.6084232330322 27.0577182769775 28.4235668182373 26.5621585845947 25.473201751709 26.0062351226807 24.5821495056152 23.4817008972168 23.5725746154785 22.7176570892334 24.1941661834717 25.0088729858398
17.1957626342773 15.807505607605 16.2608528137207 15.4594736099243 15.4257469177246 16.9626407623291 17.9381904602051 19.178638458252 19.6133899688721 19.9323024749756 20.1751461029053 19.854793548584 19.7873840332031 19.3738059997559 19.9049034118652 23.0954875946045 20.8881168365479 23.6932849884033 20.5605926513672 22.9732208251953 22.8043270111084 23.7376613616943 26.8527088165283 27.6252155303955 24.8225059509277 25.0170059204102 25.7163410186768 23.9008274078369 24.3278141021729 27.7793674468994 26.2262763977051 25.5464534759521 24.985689163208 23.3572750091553 23.2658424377441 24.9410285949707 25.3424110412598 25.2017192840576 24.6359996795654 22.9759178161621 26.6238555908203 22.9587459564209 22.7014694213867 22.3860836029053 22.4287490844727 23.7415237426758
15.6017904281616 21.3082065582275 22.0206966400146 15.6563844680786 15.5994100570679 16.3278884887695 17.1904945373535 18.1650848388672 18.7551689147949 19.1506805419922 19.5247669219971 19.3650188446045 19.4244728088379 19.9094276428223 20.3587055206299 20.7885761260986 23.4962215423584 23.9239311218262 23.8355503082275 24.332218170166 22.8221473693848 24.0155696868896 25.6132526397705 27.7227802276611 25.5786228179932 26.3974285125732 26.3612537384033 26.2563018798828 26.1266479492188 28.1728477478027 27.0780544281006 26.5229663848877 26.6314315795898 26.9574775695801 24.0680561065674 23.1557331085205 24.3658847808838 21.8300151824951 23.3690280914307 23.6936016082764 23.813196182251 22.8220233917236 27.3354377746582 23.8366184234619 22.4483814239502 22.2402935028076
16.249397277832 15.609956741333 21.4660034179688 16.1969547271729 16.2720699310303 17.1820468902588 17.1015205383301 17.9647560119629 19.1740989685059 19.743091583252 20.1094779968262 20.255033493042 20.3360729217529 24.0672035217285 24.124002456665 21.1284961700439 20.9173698425293 21.0866775512695 21.1304359436035 23.9413986206055 23.4661026000977 23.6844520568848 21.2348518371582 22.4332866668701 23.2852210998535 25.1141128540039 24.4980068206787 25.5745029449463 27.6464996337891 25.2125186920166 25.1028308868408 24.185791015625 24.5606384277344 25.4286708831787 23.8515357971191 23.4837455749512 21.4963569641113 20.7192611694336 20.9593143463135 19.8154392242432 25.7210960388184 24.3168430328369 25.5145359039307 25.1563701629639 27.1609058380127 22.9460945129395
17.177806854248 16.3566722869873 15.9844207763672 16.3864002227783 16.8736896514893 17.8803634643555 17.9733562469482 18.3581047058105 18.704610824585 19.4131946563721 19.4898300170898 22.2622184753418 23.2672290802002 20.4930152893066 24.8433876037598 24.2480697631836 24.7590179443359 21.3943481445312 24.2021579742432 24.003755569458 24.0494976043701 23.123950958252 22.0982685089111 24.1565132141113 26.0125999450684 26.2783451080322 24.404935836792 24.9177837371826 24.0812835693359 26.0193634033203 26.2567977905273 24.8394012451172 26.1957855224609 24.0864658355713 26.6457920074463 23.6872901916504 27.3174514770508 23.6571826934814 24.0098724365234 22.4133033752441 23.644229888916 24.2104034423828 23.5458068847656 23.8578147888184 24.7378921508789 25.7507839202881
16.7559032440186 16.3863754272461 16.1166286468506 17.1777477264404 17.9061851501465 18.512716293335 19.269847869873 19.6586837768555 19.673210144043 20.0579681396484 19.9541664123535 22.1444110870361 22.9097766876221 24.4900722503662 24.702091217041 24.2304172515869 24.661096572876 25.0792427062988 24.5723400115967 21.4334335327148 23.9978675842285 23.1329040527344 23.9164600372314 23.9784126281738 25.2661895751953 26.0862350463867 26.3926811218262 26.9728221893311 24.3042430877686 24.8359146118164 22.0387630462646 24.2929306030273 25.7038269042969 27.6289882659912 26.6419372558594 20.7405395507812 23.3455123901367 24.2636089324951 22.7856025695801 23.7915859222412 25.7689933776855 24.9937629699707 24.3816986083984 24.7952976226807 24.3699531555176 24.2410335540771
16.7675971984863 16.1583309173584 15.5850191116333 16.769172668457 18.0895538330078 18.6202545166016 17.9513072967529 19.4474296569824 19.1164016723633 18.4734764099121 19.8236541748047 19.5438404083252 19.9049949645996 22.8023929595947 20.4861621856689 23.8700733184814 24.030782699585 24.062931060791 24.690559387207 22.7426624298096 23.6369934082031 24.1133842468262 23.6861343383789 21.3712596893311 23.8704528808594 26.0857334136963 25.1638774871826 24.3704891204834 24.6189155578613 24.8184547424316 21.9040546417236 19.864351272583 20.8396244049072 23.8562202453613 20.0307922363281 19.775562286377 24.2177314758301 23.6877288818359 24.5208568572998 23.2811431884766 25.5542163848877 26.7808017730713 23.1608581542969 23.4736557006836 24.402156829834 25.0372714996338
17.1801891326904 16.2542495727539 16.33131980896 16.8194675445557 17.7141647338867 18.227653503418 18.7927665710449 18.8780956268311 17.5552825927734 17.1376361846924 19.1539096832275 17.7380313873291 18.2963886260986 18.6417293548584 22.4558162689209 23.3852977752686 20.7635650634766 24.0647220611572 21.4964427947998 24.9903964996338 24.5970516204834 24.9056777954102 24.3872089385986 24.0885200500488 23.2756443023682 24.5251369476318 25.3765964508057 24.3777523040771 23.8069000244141 25.4711227416992 23.6474952697754 21.1145496368408 24.1752052307129 23.050594329834 17.5163841247559 22.2602481842041 23.488639831543 24.0166645050049 24.3810863494873 26.0948009490967 24.0370922088623 26.4270820617676 24.1725158691406 24.4312648773193 23.9134006500244 23.8078060150146
17.1908588409424 16.9315223693848 16.6832046508789 16.7905254364014 17.4335880279541 18.2241554260254 18.2092552185059 17.9816017150879 17.3235454559326 18.4330921173096 18.6967830657959 17.4174118041992 17.7727146148682 18.038106918335 19.4563770294189 19.89089012146 23.6815795898438 20.9033985137939 24.2822170257568 24.5682258605957 24.3898620605469 24.768684387207 23.0011920928955 24.510950088501 23.7793979644775 23.8790664672852 23.6469459533691 24.7955684661865 23.08131980896 23.0627212524414 24.7811298370361 24.4908332824707 20.9922904968262 22.8243427276611 23.4812641143799 24.4626235961914 21.5226039886475 24.0598106384277 26.4586200714111 23.7946281433105 24.8273944854736 23.9739551544189 24.4395599365234 26.2898540496826 25.7778778076172 23.5008506774902
16.6379947662354 16.5938777923584 16.2150936126709 16.5757961273193 17.0108089447021 16.8719120025635 17.6227130889893 18.1114673614502 18.548038482666 18.6344757080078 18.6815185546875 18.973669052124 22.3303852081299 23.1084003448486 23.0017890930176 19.7439098358154 20.5603294372559 24.4197635650635 21.8124885559082 23.9608993530273 24.3181591033936 24.9444808959961 25.0595932006836 24.3853855133057 24.5824108123779 23.5296726226807 23.9631881713867 23.8831634521484 23.1033363342285 25.0688190460205 25.4514598846436 26.3073139190674 22.6883220672607 23.5594615936279 23.4217300415039 19.2315101623535 22.2931499481201 25.1185684204102 27.0283546447754 21.7336006164551 24.2255401611328 24.4576301574707 23.7774467468262 22.5329456329346 24.0984287261963 24.8857669830322
