inst/extdata/Tmax/Tmax141.asc
NCOLS 100 
NROWS 79 
XLLCORNER 148.06 
YLLCORNER -21.49 
CELLSIZE 0.01 
NODATA_value -3.4e+38 
[rows 0 to 19 of 79, columns 46 to 91 of 100]
40.0660552978516 39.890308380127 39.7912368774414 39.7938957214355 39.7784156799316 39.6413917541504 39.8519172668457 39.6857452392578 39.4993858337402 39.3296432495117 39.2335968017578 38.9687194824219 38.8689460754395 39.0779151916504 39.3337821960449 39.2327575683594 39.1001091003418 38.9202651977539 38.6148796081543 38.412281036377 38.2424392700195 -3.4e+38 -3.4e+38 -3.4e+38 -3.4e+38 -3.4e+38 -3.4e+38 -3.4e+38 -3.4e+38 -3.4e+38 -3.4e+38 -3.4e+38 -3.4e+38 -3.4e+38 -3.4e+38 -3.4e+38 -3.4e+38 -3.4e+38 -3.4e+38 -3.4e+38 -3.4e+38 -3.4e+38 -3.4e+38 -3.4e+38 -3.4e+38 -3.4e+38
40.0181846618652 39.7415046691895 39.5200996398926 39.7728424072266 39.9344177246094 39.9164543151855 39.8763465881348 39.778751373291 39.4483795166016 39.0202560424805 39.1354598999023 38.6145401000977 39.1046485900879 39.397159576416 39.3703956604004 39.260311126709 39.1451263427734 39.0022506713867 38.7981109619141 38.6918487548828 38.5650978088379 38.4205856323242 -3.4e+38 -3.4e+38 -3.4e+38 -3.4e+38 -3.4e+38 -3.4e+38 -3.4e+38 -3.4e+38 -3.4e+38 -3.4e+38 -3.4e+38 -3.4e+38 -3.4e+38 -3.4e+38 -3.4e+38 -3.4e+38 -3.4e+38 -3.4e+38 -3.4e+38 -3.4e+38 -3.4e+38 -3.4e+38 -3.4e+38 -3.4e+38
39.9055252075195 39.1726379394531 38.3557891845703 39.7091522216797 39.9036712646484 39.8928833007812 39.8787384033203 39.8257217407227 39.6010208129883 39.0247459411621 39.1010551452637 39.2319221496582 39.3033714294434 39.4457931518555 39.4071044921875 39.2934799194336 39.2016181945801 39.0988845825195 38.9668884277344 38.742847442627 38.6825561523438 38.5003662109375 38.2398338317871 37.9142036437988 -3.4e+38 -3.4e+38 -3.4e+38 -3.4e+38 -3.4e+38 -3.4e+38 -3.4e+38 -3.4e+38 -3.4e+38 -3.4e+38 -3.4e+38 -3.4e+38 -3.4e+38 -3.4e+38 -3.4e+38 -3.4e+38 -3.4e+38 -3.4e+38 -3.4e+38 -3.4e+38 -3.4e+38 -3.4e+38
39.4816474914551 39.5482406616211 38.4852905273438 39.5908699035645 39.7821311950684 39.8152122497559 39.8799896240234 39.784553527832 39.6564483642578 39.3311462402344 39.2155380249023 38.9627571105957 39.300464630127 39.4238624572754 39.4436569213867 39.3327903747559 39.2747650146484 39.2042045593262 39.064079284668 38.697193145752 38.4853515625 38.4873504638672 38.4055824279785 38.3079376220703 38.1190338134766 37.6425971984863 -3.4e+38 -3.4e+38 -3.4e+38 -3.4e+38 -3.4e+38 -3.4e+38 -3.4e+38 -3.4e+38 -3.4e+38 -3.4e+38 -3.4e+38 -3.4e+38 -3.4e+38 -3.4e+38 -3.4e+38 -3.4e+38 -3.4e+38 -3.4e+38 -3.4e+38 -3.4e+38
39.4540405273438 39.483154296875 38.3060646057129 38.5387840270996 39.3165550231934 39.7898597717285 39.8776779174805 39.7400932312012 39.7113761901855 39.403076171875 39.1005401611328 38.9108428955078 38.5324897766113 39.1552696228027 39.399486541748 39.3011817932129 39.3331146240234 39.2834587097168 39.0431098937988 38.3009262084961 37.7652359008789 38.4900588989258 38.5560150146484 38.4796905517578 38.2061157226562 37.8569526672363 -3.4e+38 -3.4e+38 -3.4e+38 -3.4e+38 -3.4e+38 -3.4e+38 -3.4e+38 -3.4e+38 -3.4e+38 -3.4e+38 -3.4e+38 -3.4e+38 -3.4e+38 -3.4e+38 -3.4e+38 -3.4e+38 -3.4e+38 -3.4e+38 -3.4e+38 -3.4e+38
38.6038780212402 39.3339233398438 37.8262252807617 37.2078552246094 38.9474639892578 39.8469467163086 39.7884788513184 39.7327461242676 39.6791801452637 39.2800445556641 38.3670501708984 38.0385665893555 38.363109588623 39.2737312316895 39.1795196533203 39.3283843994141 39.3750419616699 39.303596496582 39.2067718505859 38.5677299499512 37.8143043518066 37.8799209594727 38.371997833252 38.4148826599121 38.3633460998535 38.2257957458496 -3.4e+38 -3.4e+38 -3.4e+38 -3.4e+38 -3.4e+38 -3.4e+38 -3.4e+38 -3.4e+38 -3.4e+38 -3.4e+38 -3.4e+38 -3.4e+38 -3.4e+38 -3.4e+38 -3.4e+38 -3.4e+38 -3.4e+38 -3.4e+38 -3.4e+38 -3.4e+38
37.6974868774414 39.2970237731934 38.6850700378418 38.6066780090332 39.5616111755371 39.7956047058105 39.6317329406738 39.5228157043457 39.671085357666 39.1959190368652 38.4721794128418 38.4616813659668 39.111701965332 39.235034942627 38.3313217163086 39.185791015625 39.2433776855469 39.2436294555664 39.2740821838379 38.9931869506836 38.5876197814941 38.3156967163086 38.5201835632324 38.2652473449707 38.4939079284668 38.4887962341309 38.3496551513672 38.0402565002441 -3.4e+38 -3.4e+38 -3.4e+38 -3.4e+38 -3.4e+38 -3.4e+38 -3.4e+38 -3.4e+38 -3.4e+38 -3.4e+38 -3.4e+38 -3.4e+38 -3.4e+38 -3.4e+38 -3.4e+38 -3.4e+38 -3.4e+38 -3.4e+38
36.8378372192383 39.2867546081543 39.7314262390137 39.5458106994629 38.5620880126953 38.7950973510742 39.415340423584 39.5626640319824 39.7157440185547 39.5291709899902 39.1255950927734 38.7116279602051 38.7361717224121 38.9497299194336 38.5054168701172 39.1754951477051 38.4671325683594 38.423957824707 39.1151428222656 39.2335891723633 39.0409851074219 38.7841682434082 38.6690673828125 38.7072143554688 38.6681747436523 38.6062393188477 38.396800994873 38.2163238525391 37.9001007080078 37.3773155212402 37.3520469665527 -3.4e+38 -3.4e+38 -3.4e+38 -3.4e+38 -3.4e+38 -3.4e+38 -3.4e+38 -3.4e+38 -3.4e+38 -3.4e+38 -3.4e+38 -3.4e+38 -3.4e+38 -3.4e+38 -3.4e+38
36.7725982666016 38.8214149475098 39.7487716674805 39.63818359375 38.7963447570801 37.2951965332031 38.6425666809082 39.6560173034668 39.7275161743164 39.6138801574707 39.4479141235352 39.1876449584961 39.2055130004883 39.0321884155273 38.514762878418 38.4303588867188 38.0095062255859 38.7661018371582 39.0634155273438 39.128101348877 39.1110954284668 38.756950378418 38.3610534667969 38.0356941223145 38.7076721191406 38.7189445495605 38.5788116455078 38.4017639160156 38.266902923584 37.7100105285645 37.4632720947266 37.6132011413574 -3.4e+38 -3.4e+38 -3.4e+38 -3.4e+38 -3.4e+38 -3.4e+38 -3.4e+38 -3.4e+38 -3.4e+38 -3.4e+38 -3.4e+38 -3.4e+38 -3.4e+38 -3.4e+38
37.6875228881836 38.8138008117676 39.6052322387695 39.5967445373535 39.5705909729004 38.1908264160156 38.4998512268066 39.5497512817383 39.7214241027832 39.6029357910156 39.3933334350586 39.14013671875 39.0159530639648 39.1222686767578 38.4635009765625 38.146858215332 38.0652503967285 39.1774864196777 39.0206527709961 38.7177429199219 39.0766105651855 39.0365943908691 38.835506439209 38.4876365661621 38.8722686767578 38.7840042114258 38.6202545166016 38.655632019043 38.482479095459 38.1543807983398 37.5999641418457 37.6293525695801 -3.4e+38 -3.4e+38 -3.4e+38 -3.4e+38 -3.4e+38 -3.4e+38 -3.4e+38 -3.4e+38 -3.4e+38 -3.4e+38 -3.4e+38 -3.4e+38 -3.4e+38 -3.4e+38
36.7275199890137 38.6388664245605 39.0257987976074 38.8139572143555 39.165958404541 39.410816192627 39.1312408447266 39.5651092529297 39.665657043457 39.5652961730957 39.3837890625 39.2064208984375 39.0061492919922 39.3632125854492 39.2075958251953 39.0974807739258 39.1603698730469 39.3686447143555 39.3643417358398 38.8257141113281 38.3447608947754 39.0055160522461 39.1800765991211 38.6711006164551 38.6775131225586 38.5071868896484 38.4688339233398 38.7587699890137 38.5871086120605 38.277587890625 -3.4e+38 -3.4e+38 -3.4e+38 -3.4e+38 -3.4e+38 -3.4e+38 -3.4e+38 -3.4e+38 -3.4e+38 -3.4e+38 -3.4e+38 -3.4e+38 -3.4e+38 -3.4e+38 -3.4e+38 -3.4e+38
36.0141525268555 37.049991607666 37.4021301269531 37.1376914978027 38.2148590087891 38.8768424987793 39.2637634277344 39.5503540039062 39.5518493652344 39.469425201416 39.2751922607422 39.092903137207 38.9475708007812 39.5764083862305 39.5697250366211 39.4131507873535 39.424560546875 39.5176544189453 39.5605125427246 39.4627418518066 39.0607986450195 38.854564666748 39.229679107666 39.0353546142578 38.7895812988281 38.8839721679688 38.9017677307129 38.6280174255371 38.4942283630371 38.3035888671875 -3.4e+38 -3.4e+38 -3.4e+38 -3.4e+38 -3.4e+38 -3.4e+38 -3.4e+38 -3.4e+38 -3.4e+38 -3.4e+38 -3.4e+38 -3.4e+38 -3.4e+38 -3.4e+38 -3.4e+38 -3.4e+38
35.9836235046387 34.9563446044922 34.3190460205078 34.4746208190918 36.7621078491211 37.3283653259277 38.6321105957031 39.005500793457 39.3355369567871 39.2265777587891 38.9974136352539 39.3387145996094 39.3470306396484 39.2478332519531 39.6987228393555 39.6621475219727 39.6015586853027 39.6144065856934 39.6308631896973 39.6164398193359 39.5450401306152 39.4677505493164 39.3190536499023 39.2592964172363 38.9501800537109 39.0059013366699 38.975040435791 38.6887245178223 38.4027671813965 38.2690086364746 38.0782699584961 37.7421340942383 -3.4e+38 -3.4e+38 -3.4e+38 -3.4e+38 -3.4e+38 -3.4e+38 -3.4e+38 -3.4e+38 -3.4e+38 -3.4e+38 -3.4e+38 -3.4e+38 -3.4e+38 -3.4e+38
35.9973793029785 35.1750984191895 34.243824005127 33.6969680786133 34.3416366577148 35.2189331054688 37.2774925231934 38.5600166320801 39.3199577331543 39.1487922668457 38.6310119628906 39.2582359313965 39.5981864929199 39.6514167785645 39.6765937805176 39.6866607666016 39.7185096740723 39.7124252319336 39.6961326599121 39.6683197021484 39.6120796203613 39.5494766235352 39.4712448120117 39.3836059570312 39.1384582519531 39.1477317810059 39.0437088012695 38.8245849609375 38.5627059936523 38.476978302002 38.374137878418 38.2207794189453 37.8864860534668 -3.4e+38 -3.4e+38 -3.4e+38 -3.4e+38 37.4049835205078 37.4402160644531 -3.4e+38 -3.4e+38 -3.4e+38 -3.4e+38 -3.4e+38 -3.4e+38 -3.4e+38
36.6144332885742 35.2580528259277 34.3394889831543 33.9581489562988 34.5492172241211 34.284423828125 35.574520111084 37.4377288818359 38.8363418579102 39.2370948791504 38.1065864562988 38.9866218566895 39.4469223022461 38.986946105957 39.0821075439453 39.4923477172852 39.6042060852051 39.6831398010254 39.638111114502 39.5134506225586 39.5291786193848 39.479808807373 39.4828643798828 39.4305191040039 39.3500633239746 39.1862297058105 39.0741691589355 38.9253234863281 38.7838668823242 38.6879043579102 38.6148376464844 38.4543037414551 38.0454216003418 -3.4e+38 -3.4e+38 -3.4e+38 -3.4e+38 37.5156326293945 37.471565246582 37.6243286132812 37.5978317260742 37.434627532959 -3.4e+38 -3.4e+38 -3.4e+38 -3.4e+38
36.5589981079102 35.218318939209 34.370677947998 34.8589248657227 34.6481742858887 35.0695304870605 34.8252449035645 36.3607711791992 38.6356506347656 39.3913841247559 38.3256721496582 38.2944984436035 39.137767791748 37.2389945983887 38.2914695739746 38.6758041381836 39.2472534179688 39.6449317932129 39.630428314209 39.5420074462891 39.5150184631348 39.4957962036133 39.5050849914551 39.4521827697754 39.3810424804688 39.1132469177246 39.0838508605957 39.0132026672363 38.9536285400391 38.902156829834 38.7678680419922 38.603214263916 38.3939208984375 -3.4e+38 -3.4e+38 38.1349563598633 37.8928527832031 37.6064224243164 37.4906921386719 37.2944946289062 37.4085235595703 37.6041679382324 -3.4e+38 -3.4e+38 -3.4e+38 -3.4e+38
35.0767097473145 33.7579612731934 33.7204856872559 35.1138763427734 35.495662689209 35.3925170898438 34.9668235778809 35.3685417175293 37.8644218444824 39.195426940918 39.2040367126465 38.362419128418 38.9031028747559 37.502555847168 37.523063659668 37.5818328857422 38.9362564086914 39.627326965332 39.6442222595215 39.6633949279785 39.6424751281738 39.5873985290527 39.5376739501953 39.2968711853027 39.299430847168 39.1662254333496 39.1466293334961 39.1363639831543 39.1020011901855 39.0125541687012 38.8818588256836 38.7636833190918 38.6436538696289 -3.4e+38 38.4721374511719 38.4349975585938 38.350227355957 -3.4e+38 37.6346817016602 -3.4e+38 37.3603782653809 -3.4e+38 -3.4e+38 -3.4e+38 -3.4e+38 -3.4e+38
35.0071601867676 33.4779586791992 32.8473777770996 35.5115242004395 35.7520980834961 35.0529136657715 34.660961151123 34.8146438598633 36.4922485351562 38.8837547302246 38.9918022155762 38.5645027160645 38.6939811706543 38.8153762817383 38.1422805786133 39.2634391784668 39.5011901855469 39.6101417541504 39.6512222290039 39.6418151855469 39.6161575317383 39.5830192565918 39.5473937988281 39.4570236206055 39.4429931640625 39.3544120788574 39.306812286377 39.2580337524414 39.1498718261719 39.1146850585938 39.0106620788574 38.9318313598633 38.8516960144043 38.7688102722168 38.7201766967773 38.6956253051758 38.5171661376953 -3.4e+38 -3.4e+38 -3.4e+38 -3.4e+38 -3.4e+38 -3.4e+38 37.6185188293457 -3.4e+38 -3.4e+38
36.9102478027344 36.5859336853027 34.2981414794922 35.9481506347656 34.3774909973145 34.371898651123 34.8639640808105 35.2015686035156 37.3997039794922 38.8522644042969 38.5419387817383 37.9219360351562 38.8211288452148 39.2464828491211 39.3572463989258 39.4070281982422 39.5335960388184 39.2134246826172 39.3757438659668 39.5461082458496 39.5024261474609 39.5432434082031 39.5546226501465 39.5261306762695 39.4982757568359 39.4347534179688 39.399299621582 39.262939453125 38.9299774169922 39.0550270080566 39.1201477050781 39.0956382751465 39.0415878295898 38.9556617736816 38.9163398742676 38.8212585449219 38.6607437133789 38.5122146606445 38.3780670166016 38.3022766113281 38.2845993041992 38.163875579834 37.8619918823242 37.6314125061035 -3.4e+38 -3.4e+38
36.9832305908203 36.0999336242676 36.8084983825684 36.6234169006348 35.1298522949219 35.1577262878418 34.7621612548828 35.0036659240723 37.1681709289551 38.5426292419434 38.9593887329102 38.7296600341797 39.0880012512207 39.3907661437988 39.2673797607422 39.1144256591797 39.3162651062012 39.0474586486816 38.8883056640625 39.0733032226562 39.3872146606445 39.460334777832 39.4853248596191 39.52392578125 39.5287322998047 39.4818840026855 39.4312133789062 39.2360458374023 38.9674797058105 39.1657447814941 39.1158752441406 39.2071418762207 39.0968132019043 39.0424957275391 39.0033187866211 38.8488388061523 38.7508010864258 38.6881942749023 38.6406402587891 38.6031799316406 38.5557060241699 38.4149208068848 38.0185394287109 37.5598182678223 37.6158828735352 -3.4e+38
