inst/extdata/Tmax/Tmax92.asc
NCOLS 100 
NROWS 79 
XLLCORNER 148.06 
YLLCORNER -21.49 
CELLSIZE 0.01 
NODATA_value -3.4e+38 
[rows 0 to 19 of 79, columns 0 to 45 of 100]
30.310506820678700 29.960147857666 28.9855098724365 29.3403358459473 29.4755840301514 29.8982276916504 30.0933475494385 30.2584533691406 30.2054557800293 30.0152912139893 29.5239334106445 29.3089485168457 29.2176666259766 27.9798450469971 28.4535579681396 28.8620567321777 29.2463397979736 29.1985969543457 28.3779678344727 27.7095394134521 27.5565872192383 26.627742767334 27.0417003631592 28.2942485809326 28.7871189117432 29.0232601165771 28.8931655883789 28.9237880706787 28.5999870300293 28.2216873168945 27.3497619628906 25.5042495727539 26.7476387023926 26.6533317565918 25.4659900665283 24.366886138916 24.2506618499756 23.8648796081543 24.6167621612549 26.441349029541 27.9211444854736 28.240177154541 29.0809364318848 29.4767150878906 29.6876525878906 29.8507518768311
30.1329135894775 29.600399017334 28.8228740692139 28.9078807830811 28.3315124511719 29.239164352417 29.8121280670166 30.1374282836914 30.2623291015625 30.1289539337158 29.7679786682129 29.4423522949219 29.5483417510986 29.1131992340088 28.9372482299805 28.8125305175781 29.2233257293701 29.2383136749268 28.231107711792 27.6293544769287 28.1419639587402 27.8836402893066 27.7631721496582 28.1906852722168 28.6444149017334 28.8144435882568 29.0904998779297 29.0203647613525 28.7934837341309 28.5672931671143 27.720422744751 26.3310775756836 27.477518081665 27.0569763183594 26.3831844329834 25.4188003540039 24.9764232635498 25.3358058929443 26.3915462493896 27.4842472076416 29.0744190216064 29.5698738098145 29.7293949127197 29.7446823120117 29.8230171203613 29.886890411377
30.1286582946777 29.3008270263672 29.4067611694336 29.5298309326172 29.0592308044434 29.1702461242676 29.578462600708 30.1584453582764 30.3379364013672 30.185375213623 29.8759326934814 29.735523223877 29.632640838623 29.5670547485352 29.2486305236816 29.0873527526855 29.2977561950684 29.4373950958252 28.8438053131104 28.641544342041 28.4833545684814 28.1490879058838 27.9084987640381 28.0205211639404 28.85910987854 29.1181163787842 28.9462661743164 28.9081497192383 28.8934459686279 28.5681037902832 28.6112041473389 27.6194610595703 27.8499736785889 26.6119060516357 26.3000831604004 25.6566696166992 25.1359310150146 24.6485023498535 25.6695232391357 26.8531837463379 28.2307071685791 29.4098052978516 29.7970790863037 29.8919467926025 29.8867855072021 29.8507099151611
30.3532772064209 29.9875640869141 29.6292533874512 30.266622543335 29.7228374481201 29.2775840759277 29.6636505126953 30.2486457824707 30.4180679321289 30.2642345428467 30.1013050079346 30.0542449951172 29.9337348937988 29.7519798278809 29.2940864562988 29.1089096069336 29.4740104675293 29.5078144073486 29.269136428833 28.7812442779541 28.4442863464355 28.0565166473389 28.1261692047119 28.0794219970703 28.6643314361572 29.0963020324707 28.7188339233398 28.975133895874 28.7751407623291 27.9276332855225 28.4790954589844 28.5450286865234 27.7808704376221 26.5185661315918 25.938606262207 25.0537071228027 25.3259181976318 24.8172302246094 24.6923179626465 24.1926879882812 25.7487678527832 28.5048637390137 29.5866012573242 29.8613700866699 29.587703704834 29.4891033172607
30.9532775878906 30.3620872497559 30.095739364624 30.5218620300293 30.2647666931152 29.5797710418701 29.6124382019043 30.2867679595947 30.4358520507812 30.0280323028564 30.0226001739502 30.2325897216797 30.0892448425293 29.7843132019043 29.3942451477051 29.5448265075684 29.6251029968262 29.3396892547607 28.8543338775635 28.0945720672607 28.2726879119873 28.4391784667969 28.5611934661865 28.7508373260498 28.7467956542969 28.3970909118652 29.1488399505615 28.7352886199951 28.5896091461182 28.0796718597412 28.4330348968506 28.242696762085 27.9186744689941 26.915548324585 26.3883533477783 26.6925983428955 26.3763446807861 25.8180370330811 25.2666664123535 24.5158271789551 24.1543788909912 27.5747528076172 29.2577724456787 29.7624664306641 28.9917488098145 28.1919097900391
31.1238460540771 30.8530387878418 30.0933818817139 30.5478248596191 30.6163578033447 30.1605396270752 29.8558654785156 30.332836151123 30.4963550567627 30.1771545410156 30.0490245819092 30.3287925720215 30.1505889892578 29.8469200134277 29.1472320556641 29.6709785461426 29.5798301696777 29.0966281890869 28.5224781036377 28.0852298736572 28.1787185668945 28.4368000030518 28.7499446868896 28.7386856079102 29.0334854125977 28.9107437133789 28.9886035919189 28.191951751709 28.1777305603027 27.0690689086914 27.8052825927734 28.2879009246826 28.3743019104004 28.0269260406494 27.6589412689209 27.5840721130371 26.7330646514893 26.2318649291992 25.8943347930908 25.0618743896484 24.5469379425049 27.161075592041 29.1351318359375 29.7231826782227 29.1788063049316 26.857982635498
31.3388557434082 31.0518951416016 30.6328735351562 30.8088150024414 30.7462787628174 30.3318099975586 29.6324520111084 30.2248115539551 30.4185237884521 30.5593738555908 30.4856929779053 30.3111190795898 29.8435935974121 29.9541244506836 29.9120826721191 29.7497100830078 29.5405311584473 28.940258026123 28.7100944519043 28.3882541656494 27.7809543609619 27.9884624481201 28.4668922424316 28.8603668212891 29.218189239502 29.1296195983887 29.1443557739258 28.5678768157959 28.1855220794678 26.9486656188965 26.9473037719727 27.0629711151123 28.0334014892578 28.1964721679688 27.7176570892334 27.5961380004883 27.0111656188965 25.5958805084229 25.8335208892822 25.3788299560547 25.2087898254395 26.9898490905762 28.9020595550537 29.4670238494873 29.2370376586914 27.3415203094482
31.3462867736816 31.2344131469727 30.9147071838379 30.9387149810791 30.8862285614014 30.588716506958 29.9502964019775 29.8071441650391 30.1357440948486 30.4994850158691 30.6092853546143 30.2849655151367 29.5507984161377 29.780876159668 30.0192050933838 29.2741985321045 29.2180709838867 28.404296875 28.3189601898193 28.0670413970947 27.3630905151367 27.850830078125 28.2965660095215 28.870719909668 29.3592758178711 29.36256980896 28.9223175048828 28.4429035186768 28.2469692230225 27.4487266540527 26.0870246887207 26.3828277587891 26.7241077423096 27.3279075622559 27.7167148590088 27.0902462005615 27.1603546142578 26.253137588501 25.2252635955811 25.51220703125 25.7228298187256 26.8610382080078 27.8859252929688 29.0889701843262 29.0556144714355 26.9989318847656
31.0861587524414 31.3300189971924 31.1433448791504 31.0819072723389 30.9287738800049 30.6502418518066 30.2501335144043 29.7372646331787 29.9189796447754 30.4732189178467 30.6372222900391 30.5722141265869 30.3350086212158 30.1620750427246 29.7608127593994 28.9385623931885 29.1411266326904 28.8661556243896 29.0029830932617 28.0244598388672 28.018669128418 27.8567848205566 27.9559173583984 28.6590385437012 29.2712993621826 29.4556617736816 28.4788799285889 27.5543727874756 27.6379318237305 27.5348930358887 26.9176406860352 26.3421516418457 25.8927154541016 26.3639335632324 27.2933769226074 26.6591300964355 26.4144439697266 26.3573169708252 25.3838958740234 25.0489902496338 25.2697372436523 25.3760261535645 26.2912139892578 27.9351387023926 28.5076122283936 27.0930824279785
30.7736186981201 31.2300910949707 31.2985057830811 31.1337776184082 30.8980941772461 30.7574310302734 30.5328559875488 30.0212574005127 29.6564502716064 30.3896560668945 30.6411800384521 30.1961231231689 29.4114074707031 29.4757766723633 29.5802421569824 29.5455055236816 29.5792770385742 29.4085712432861 29.1771564483643 28.8372344970703 28.4842681884766 27.8114166259766 28.1552104949951 29.0293006896973 29.5001373291016 29.381010055542 28.6300525665283 28.4516010284424 27.9116973876953 27.3700294494629 26.0730648040771 25.6740875244141 26.7760467529297 26.6244068145752 26.4041919708252 26.1564426422119 25.9291877746582 26.2241363525391 25.6598300933838 24.8901977539062 24.9192676544189 24.3499870300293 25.2123775482178 26.3951263427734 26.7106132507324 26.0593795776367
30.4219608306885 30.7683277130127 31.3207035064697 31.2059993743896 31.0506439208984 30.9502696990967 30.7343482971191 30.317964553833 30.2925968170166 30.5409889221191 30.6904811859131 30.269380569458 29.8973350524902 29.0824356079102 29.2610359191895 29.5650062561035 29.6995964050293 29.901704788208 29.4062042236328 29.1845264434814 28.7476654052734 28.3520812988281 28.423210144043 29.0183048248291 29.4758129119873 29.3656940460205 28.6228046417236 27.8240871429443 26.7736167907715 26.7652835845947 26.3847599029541 26.324634552002 27.2063751220703 26.9342823028564 26.0004577636719 25.731819152832 26.2170734405518 25.9155368804932 25.5179214477539 24.9467334747314 24.9977531433105 24.7334728240967 24.372350692749 25.1107845306396 25.5486450195312 25.8618469238281
30.2460308074951 30.3207988739014 31.2865390777588 31.2793464660645 31.1772270202637 31.0315265655518 30.8381614685059 30.4615650177002 30.4966144561768 30.8109092712402 30.7439441680908 30.5242824554443 30.1137866973877 29.5688934326172 29.4506206512451 29.7744750976562 30.112606048584 30.0901870727539 29.7976932525635 29.2892265319824 28.7368087768555 28.3783168792725 28.5445404052734 28.6989898681641 28.9248313903809 29.2792472839355 28.2346630096436 27.3905658721924 26.7504043579102 26.9929141998291 27.0564346313477 26.9664974212646 27.3950176239014 26.8353729248047 26.5687999725342 26.4702796936035 26.0251731872559 25.4138317108154 25.9477729797363 26.1781845092773 25.7231502532959 25.2614879608154 24.7173614501953 25.1689395904541 25.7045879364014 26.1069602966309
30.4324626922607 30.9882125854492 31.283748626709 31.233039855957 31.2388668060303 31.1252555847168 30.9668312072754 30.5445213317871 30.632884979248 30.9681205749512 30.741340637207 30.6602420806885 30.4155979156494 30.4874858856201 30.3720035552979 30.34299659729 30.3536243438721 30.2542133331299 30.0004978179932 29.4234828948975 29.1216220855713 29.2925319671631 29.5690174102783 29.8143177032471 29.6466522216797 29.181957244873 28.9616584777832 28.4348411560059 28.0406227111816 27.8393325805664 27.8997402191162 27.6789455413818 27.5708351135254 26.9629974365234 26.3722648620605 25.8997230529785 25.3418273925781 26.4777069091797 26.7683086395264 26.7046432495117 25.314395904541 25.2402954101562 24.7349071502686 24.4513816833496 25.7837829589844 26.3551044464111
30.9251689910889 31.1624221801758 31.2243709564209 31.1278343200684 31.1377429962158 31.1847877502441 31.1174736022949 30.976806640625 30.7403144836426 30.885124206543 30.8442611694336 30.7617931365967 30.6126613616943 30.492561340332 30.3671779632568 30.2742900848389 30.4312496185303 30.3236904144287 30.1593990325928 30.0281562805176 29.9085178375244 29.8627147674561 29.6332206726074 29.7528781890869 29.2670555114746 28.1764259338379 28.1173858642578 27.6742038726807 27.0866622924805 27.8925552368164 28.1781749725342 28.1330337524414 27.3408432006836 27.0170841217041 26.8852233886719 26.8187026977539 26.7930679321289 26.4632415771484 27.1012630462646 27.4495944976807 26.9035549163818 26.4342746734619 25.7667865753174 25.2018814086914 26.2819404602051 26.7885646820068
30.0866298675537 30.7203311920166 31.1893081665039 31.1064777374268 30.9632167816162 31.0660438537598 31.0163497924805 30.8239669799805 30.3561477661133 30.4013023376465 30.7605056762695 30.544979095459 29.9628105163574 30.1395168304443 30.3338775634766 29.7257175445557 30.1979217529297 30.3891868591309 30.3252258300781 30.2618713378906 30.1920070648193 29.7459316253662 29.049783706665 29.4637184143066 29.272575378418 28.9747295379639 28.8907661437988 28.5239658355713 28.1324615478516 28.4010620117188 28.3466777801514 28.0677604675293 27.5941982269287 27.8397369384766 27.7921276092529 26.8117523193359 27.3847332000732 26.5050277709961 26.8298816680908 27.6105155944824 27.5811042785645 27.3133926391602 26.5266456604004 25.6732959747314 26.3113918304443 27.0885639190674
29.1520195007324 30.2455062866211 31.0582847595215 31.1948871612549 31.1144256591797 31.079948425293 30.9640617370605 30.8351821899414 30.5906829833984 30.0248260498047 29.5875587463379 30.3853721618652 29.4758853912354 29.1391983032227 30.0737609863281 29.6800556182861 29.6577339172363 30.1550712585449 30.1783885955811 30.1716289520264 30.1741256713867 30.1415824890137 29.983268737793 29.7203216552734 29.2606983184814 28.8441905975342 28.8573112487793 28.7851886749268 28.7167949676514 28.5157775878906 28.3293361663818 27.900562286377 27.606502532959 28.2634029388428 28.1272792816162 27.8397655487061 27.8452987670898 27.2515354156494 26.8866214752197 27.5752830505371 27.767448425293 27.1181774139404 25.821081161499 24.7011795043945 25.1451530456543 26.8891201019287
30.2257671356201 30.050407409668 30.6781253814697 30.8776321411133 31.1179618835449 31.0776386260986 30.9454765319824 30.7873191833496 30.6127738952637 30.2916831970215 29.5939636230469 30.0396575927734 28.9188899993896 28.6564464569092 29.4444789886475 29.2861652374268 28.567834854126 29.7176551818848 29.7048778533936 29.6773471832275 29.9460487365723 30.1123943328857 29.9992828369141 29.5354137420654 28.6471614837646 28.0453681945801 27.6464958190918 27.9838829040527 28.5483283996582 27.9483127593994 27.7201519012451 26.9480075836182 27.6645107269287 28.5226593017578 28.3236904144287 28.1164569854736 28.1595420837402 27.7124309539795 27.3314800262451 27.6147232055664 27.8128242492676 26.677417755127 25.6728935241699 25.9805011749268 26.328104019165 26.9196624755859
30.3744659423828 30.7525825500488 30.8303356170654 30.8399829864502 30.988109588623 31.04421043396 30.9738750457764 30.8768501281738 30.7022514343262 30.2039432525635 29.779052734375 29.3776550292969 28.9507446289062 28.5726795196533 29.1056690216064 28.9528198242188 28.9781455993652 28.7860240936279 28.5194664001465 28.4959869384766 29.6930751800537 29.9764842987061 29.9477100372314 29.8275985717773 29.1997222900391 28.0131664276123 26.6060523986816 27.4260711669922 28.2360343933105 27.271505355835 27.6458587646484 28.2309722900391 28.5233840942383 28.7958202362061 28.6977195739746 28.4857616424561 27.9953117370605 27.1542263031006 27.6049060821533 27.8290901184082 28.1456851959229 27.7915916442871 27.6325302124023 27.6039657592773 27.5487155914307 26.9792709350586
30.6303081512451 30.6170310974121 30.4520206451416 30.5560417175293 31.0354270935059 30.9169654846191 30.9309406280518 30.9082546234131 30.8031997680664 30.4211864471436 29.2509593963623 29.3387451171875 28.8879203796387 27.7447757720947 28.4835987091064 28.2449741363525 28.0735282897949 27.3749160766602 28.208381652832 28.5792026519775 29.696325302124 29.7190685272217 29.8555088043213 29.9572925567627 29.0644550323486 27.9758815765381 26.8231086730957 27.5942230224609 28.2024250030518 27.7010974884033 28.1899261474609 28.6331024169922 29.0138378143311 29.011739730835 28.5573577880859 28.2869129180908 27.9187240600586 27.6439800262451 28.1640281677246 28.2431831359863 28.2760982513428 28.191463470459 28.0594177246094 27.406810760498 26.5686454772949 26.5264453887939
30.7873687744141 30.7767086029053 30.7484149932861 30.5941104888916 31.053279876709 31.0466938018799 30.9799404144287 30.9147281646729 30.8366146087646 30.7241992950439 30.3725719451904 29.5983104705811 28.7375297546387 27.541820526123 27.8567218780518 27.8141384124756 27.3778762817383 27.6577911376953 27.9024219512939 28.9322357177734 29.724084854126 29.2919445037842 30.0063552856445 29.8398246765137 29.2249946594238 28.9728240966797 27.8999099731445 28.0002727508545 28.3418502807617 28.1612110137939 28.7638854980469 28.7273693084717 29.1655139923096 29.0856170654297 28.9260807037354 28.6710109710693 27.8303260803223 27.9918556213379 28.2455787658691 28.2333240509033 28.260347366333 28.1173801422119 28.0339984893799 27.519998550415 27.4402770996094 27.3069152832031
