inst/extdata/Tmax/Tmax85.asc
NCOLS 100 
NROWS 79 
XLLCORNER 148.06 
YLLCORNER -21.49 
CELLSIZE 0.01 
NODATA_value -3.4e+38 
[rows 40 to 59 of 79, columns 46 to 91 of 100]
27.7615184783936 28.6173248291016 28.9823551177979 29.7530536651611 31.1684341430664 32.1112403869629 31.6448669433594 29.9056854248047 29.567024230957 30.1533470153809 30.6011486053467 32.3304214477539 31.9499130249023 32.1699295043945 31.3372325897217 32.3614921569824 32.5539093017578 32.2674446105957 32.3715209960938 32.4757080078125 32.4984512329102 31.5699520111084 31.964937210083 32.2900390625 32.383846282959 32.4496269226074 32.3536605834961 31.9764347076416 32.1668968200684 32.3677978515625 32.3408432006836 32.1911773681641 31.8737010955811 30.6295852661133 30.9085502624512 31.5985546112061 31.5117492675781 31.4224815368652 31.6665191650391 31.1198616027832 30.3983535766602 30.877836227417 31.1965847015381 30.9953441619873 31.2614002227783 31.3120498657227
28.9507083892822 29.975830078125 29.8890762329102 29.8375205993652 31.20969581604 32.3950576782227 31.2762069702148 30.9110908508301 31.4658584594727 31.5501823425293 31.918529510498 32.6198692321777 32.5063591003418 32.524600982666 32.378978729248 32.6978149414062 32.7397575378418 32.6752891540527 32.6339073181152 32.6567192077637 32.6465759277344 32.1312294006348 31.4403839111328 31.7974014282227 31.7219982147217 32.2159843444824 32.5217437744141 32.0574150085449 32.0492172241211 32.4384155273438 32.4801635742188 32.3992042541504 32.2367744445801 31.6375179290771 31.8802604675293 31.9271583557129 31.7192687988281 31.7153873443604 31.8197402954102 31.9448623657227 30.9960823059082 31.2231884002686 31.8323955535889 31.6378631591797 31.7700157165527 31.7152824401855
31.0963878631592 31.2400951385498 31.3866596221924 31.7998638153076 32.1179580688477 32.6045379638672 32.1802978515625 31.6496353149414 32.1629829406738 32.5645561218262 32.4855651855469 32.8009872436523 32.8362426757812 32.758472442627 32.7321166992188 32.822395324707 32.8347053527832 32.8122825622559 32.7815246582031 32.771411895752 32.6906700134277 31.7727451324463 31.5777187347412 32.0708541870117 31.5616512298584 32.0100364685059 32.4465484619141 32.3518562316895 32.2974700927734 32.5477256774902 32.5762519836426 32.5676803588867 32.5291290283203 32.4172172546387 32.3196678161621 31.9993438720703 31.0965003967285 31.6861915588379 32.2135696411133 32.2066802978516 32.080623626709 32.0207862854004 32.1348419189453 32.1656684875488 32.2012825012207 32.1492233276367
32.2024688720703 32.2058410644531 32.3246917724609 32.4679756164551 32.7009506225586 32.784610748291 32.6970176696777 32.4648399353027 32.6359405517578 32.8529777526855 32.8570365905762 32.9070205688477 32.886058807373 32.8494873046875 32.8693923950195 32.8468780517578 32.7827911376953 32.7589302062988 32.7901725769043 32.8185882568359 32.7813262939453 32.5450820922852 32.297233581543 32.4676971435547 32.335262298584 31.9044570922852 32.1879539489746 32.4536399841309 32.6044311523438 32.6256446838379 32.6271667480469 32.6152839660645 32.5856323242188 32.5436325073242 32.5358505249023 32.3936576843262 31.9196243286133 32.2246131896973 32.3993453979492 32.3801956176758 32.3466796875 32.3403129577637 32.3219451904297 32.3330993652344 32.3332138061523 32.3025207519531
32.0518341064453 32.2796630859375 32.5240097045898 32.5305252075195 32.5845527648926 32.7112197875977 32.7575225830078 32.8255386352539 32.8526611328125 32.7958335876465 32.5927276611328 32.7000923156738 32.6241073608398 32.365837097168 32.5453910827637 32.6814460754395 32.5690803527832 32.6773071289062 32.7677268981934 32.8127670288086 32.8315048217773 32.6997261047363 32.3908462524414 32.1368446350098 32.3567848205566 32.530445098877 32.5769271850586 32.6177978515625 32.6238975524902 32.6541442871094 32.6413230895996 32.6253700256348 32.5808181762695 32.5386123657227 32.5629005432129 32.5061950683594 32.4821395874023 32.4735565185547 32.4132995605469 32.4095230102539 32.3847999572754 32.3668098449707 32.3644142150879 32.3454780578613 32.2465286254883 32.2738800048828
30.4455871582031 31.1349658966064 31.5015563964844 31.6817302703857 32.000846862793 32.3261260986328 32.2659378051758 32.4643249511719 32.460880279541 32.297550201416 31.5348739624023 31.5487899780273 31.6260070800781 30.2238655090332 31.0903873443604 31.8617553710938 32.4046516418457 32.7315254211426 32.8164520263672 32.8359336853027 32.8473167419434 32.6684722900391 32.2380104064941 31.8740730285645 32.1399269104004 32.4032325744629 32.529468536377 32.5147552490234 32.5765762329102 32.6440162658691 32.6493759155273 32.639591217041 32.616397857666 32.6034164428711 32.5670509338379 32.4713020324707 32.456298828125 32.4441528320312 32.4106101989746 32.3975372314453 32.3667297363281 32.352352142334 32.3363761901855 32.2797470092773 32.2666244506836 32.2898101806641
28.2857704162598 29.4303569793701 29.3310165405273 29.2905235290527 30.4717292785645 30.9411888122559 31.031005859375 31.2528266906738 31.6486625671387 31.0761528015137 30.4626121520996 29.9335117340088 30.5120906829834 30.3837299346924 30.7662734985352 31.9068450927734 32.5849418640137 32.7688980102539 32.7976341247559 32.7738151550293 32.8240966796875 32.8320846557617 32.4161109924316 32.0707359313965 31.9587020874023 32.2306823730469 32.4351234436035 32.5445938110352 32.6417579650879 32.6564521789551 32.6773338317871 32.6772003173828 32.6636657714844 32.6287689208984 32.5445709228516 32.4841728210449 32.4742012023926 32.4647254943848 32.4449043273926 32.4247779846191 32.3926773071289 32.382209777832 32.3725624084473 32.3334121704102 32.3191223144531 32.2100448608398
28.4112396240234 28.3369274139404 28.1475009918213 28.2079696655273 28.1424007415771 28.8499126434326 29.9695091247559 30.548225402832 30.6971054077148 30.5693130493164 31.0346603393555 30.8692398071289 30.7108726501465 31.221061706543 31.5135650634766 32.3864326477051 32.6359710693359 32.658935546875 32.5926284790039 32.7085342407227 32.8293266296387 32.8727416992188 32.7296829223633 32.4235763549805 32.0106811523438 32.2785377502441 32.4673004150391 32.624454498291 32.6900215148926 32.7220230102539 32.7332038879395 32.7073783874512 32.6385040283203 32.5601005554199 32.4944267272949 32.4679412841797 32.4750671386719 32.4846839904785 32.4697418212891 32.4501113891602 32.4314193725586 32.4271965026855 32.4137687683105 32.3855781555176 32.1821746826172 31.9696941375732
28.0512561798096 28.1362686157227 28.3366394042969 28.061824798584 27.9650764465332 28.0560264587402 28.8416290283203 30.3182525634766 30.7876281738281 30.9322662353516 30.7714004516602 30.9238739013672 31.1708221435547 31.4305763244629 31.4863014221191 32.0186958312988 32.3915367126465 32.3867111206055 32.3759002685547 32.6690711975098 32.7778701782227 32.7896156311035 32.8698348999023 32.7853393554688 32.6691932678223 32.637279510498 32.7194519042969 32.7816543579102 32.7841720581055 32.7819023132324 32.7555618286133 32.6818199157715 32.5944976806641 32.4616012573242 32.416618347168 32.471305847168 32.4762077331543 32.4892425537109 32.5005989074707 32.4810638427734 32.4777526855469 32.470458984375 32.4491157531738 32.4288749694824 32.2724609375 32.1454200744629
28.1300640106201 28.284595489502 28.2990455627441 27.9822006225586 28.4339275360107 29.2054004669189 29.2897796630859 30.4112281799316 30.8272361755371 30.9966278076172 30.8149604797363 31.2274513244629 31.4622917175293 31.4543228149414 31.5424537658691 31.4411849975586 31.5357894897461 31.7648506164551 32.1313591003418 32.478099822998 32.5796699523926 32.5904769897461 32.8251113891602 32.8692016601562 32.8822937011719 32.8610000610352 32.8318023681641 32.661247253418 32.7182273864746 32.7805633544922 32.7432632446289 32.6235580444336 32.5763702392578 32.3807373046875 32.3119430541992 32.4879684448242 32.4849319458008 32.4639701843262 32.5182456970215 32.5203895568848 32.4993782043457 32.4994239807129 32.4797248840332 32.4518280029297 32.3802795410156 32.315975189209
28.1723976135254 28.0510845184326 28.2487373352051 27.9684886932373 28.5705490112305 29.5843639373779 29.890079498291 30.4077186584473 31.0316734313965 31.421329498291 31.4250450134277 31.5191307067871 31.5694923400879 31.5858116149902 31.5719184875488 31.5190162658691 31.5831069946289 31.3113861083984 30.9585189819336 32.097957611084 31.9899597167969 32.4202346801758 32.7459030151367 32.8028259277344 32.8498268127441 32.834041595459 32.7589836120605 32.5391654968262 32.6813163757324 32.7783279418945 32.6171340942383 32.4456024169922 32.4570388793945 32.4332809448242 32.4610290527344 32.5400543212891 32.5432510375977 32.5249938964844 32.5191764831543 32.5489196777344 32.5442390441895 32.5255317687988 32.5017051696777 32.4693717956543 32.4299125671387 32.3469924926758
27.7684097290039 27.7341651916504 28.0888328552246 27.4811611175537 27.6159896850586 29.4891891479492 30.1777763366699 30.7395935058594 31.0328063964844 31.2742538452148 31.3176498413086 31.308177947998 31.1154098510742 31.1018257141113 31.3280334472656 31.4357376098633 31.7707328796387 31.6953773498535 31.5089797973633 31.5505332946777 31.3959846496582 32.182746887207 32.586051940918 32.7569122314453 32.7623023986816 32.7771339416504 32.4280242919922 32.0599784851074 32.6538314819336 32.7808151245117 32.5080261230469 32.2038154602051 32.4489326477051 32.4938545227051 32.5196533203125 32.4876937866211 32.4808464050293 32.4805068969727 32.4980392456055 32.4843101501465 32.4972457885742 32.5299034118652 32.5177040100098 32.4882621765137 32.4525146484375 32.3897285461426
27.4304695129395 27.2822914123535 27.7227478027344 27.5968818664551 27.6715831756592 28.6192779541016 29.5623645782471 30.1549339294434 30.5822010040283 30.898265838623 30.8392963409424 30.7614402770996 30.8059844970703 31.0487251281738 31.7041282653809 31.810396194458 31.9938144683838 31.8960094451904 31.8129425048828 31.6429786682129 31.4023418426514 32.0667114257812 32.5114707946777 32.7009468078613 32.6380805969238 32.729320526123 32.3451118469238 31.4157123565674 32.4100875854492 32.7631340026855 32.4952125549316 32.2540817260742 32.449649810791 32.3873481750488 32.3159446716309 32.3428802490234 32.3884658813477 32.3215980529785 32.243049621582 32.2269592285156 32.3420372009277 32.4329605102539 32.5201683044434 32.5030250549316 32.4709053039551 32.4309730529785
28.4998054504395 27.503044128418 27.5986042022705 27.9734401702881 28.3252239227295 29.3311367034912 29.3830680847168 30.0973644256592 30.8139934539795 31.1040382385254 31.4114952087402 31.4932403564453 31.5997924804688 31.7894306182861 31.960391998291 32.0060043334961 31.9557075500488 32.0300941467285 31.9951400756836 31.758996963501 31.5599937438965 31.5859546661377 32.1172943115234 32.3453330993652 32.2693290710449 32.693920135498 32.5871162414551 31.9443588256836 32.4816398620605 32.7437362670898 32.5201034545898 32.3322563171387 32.2447814941406 31.9083194732666 32.0943336486816 32.0322875976562 32.0397720336914 31.6213989257812 31.7233028411865 30.7005462646484 32.0647811889648 32.3210792541504 32.5006980895996 32.509449005127 32.4832191467285 32.4443664550781
29.1776390075684 28.2103729248047 27.6931896209717 28.4547462463379 29.0644493103027 29.7473487854004 29.8047714233398 30.2320594787598 30.9170780181885 31.287202835083 31.3194351196289 31.3209629058838 31.6818885803223 31.8236122131348 31.9089698791504 31.8920288085938 32.101245880127 32.2344284057617 32.2033004760742 31.9509925842285 31.7826156616211 31.6993427276611 31.8323554992676 31.8434238433838 31.8161239624023 32.5029106140137 32.6793441772461 32.3840942382812 32.0842170715332 32.6166954040527 32.158317565918 31.3447265625 31.963228225708 32.1227607727051 32.4119682312012 32.4184417724609 32.3764915466309 32.3424186706543 32.1177139282227 31.1238422393799 31.9452018737793 32.2751426696777 32.4496536254883 32.4970054626465 32.4921989440918 32.4572677612305
29.2295608520508 28.3876094818115 27.8321266174316 29.0660247802734 29.9816761016846 30.3793640136719 31.0486660003662 31.2506504058838 31.4304752349854 31.5196933746338 31.3361625671387 31.284704208374 31.7810516357422 31.8492698669434 31.845516204834 31.9008388519287 32.0127830505371 32.0015411376953 32.5307998657227 32.2846412658691 32.0033683776855 31.8508033752441 31.8265190124512 31.6644916534424 31.6747245788574 32.3075523376465 32.6552963256836 32.558464050293 32.4077072143555 32.7148895263672 32.0181083679199 30.9095878601074 31.4139499664307 32.1020164489746 32.136962890625 31.7469787597656 31.8054656982422 32.3426284790039 32.4613227844238 32.420581817627 32.4577522277832 32.4481506347656 32.4615173339844 32.4603691101074 32.4854393005371 32.4727249145508
29.1150569915771 28.167200088501 27.6988506317139 28.8650608062744 30.0741310119629 30.4003467559814 29.8495922088623 31.0790367126465 31.0180740356445 30.4977893829346 31.3641300201416 31.5449886322021 31.5522384643555 31.5944519042969 31.5981273651123 31.7823963165283 31.8890190124512 31.9999809265137 32.4958534240723 32.6151733398438 32.4137229919434 32.0969314575195 31.9242935180664 31.8445224761963 31.6023197174072 32.0779495239258 32.5388259887695 32.5501251220703 32.7357749938965 32.7945518493652 32.2679176330566 30.489185333252 31.1539039611816 30.6522483825684 31.0060977935791 30.2904148101807 31.2542057037354 32.3105354309082 32.4266967773438 32.4882926940918 32.5029716491699 32.4157905578613 32.3048057556152 32.4138107299805 32.4399147033691 32.4449844360352
29.1061687469482 28.3703498840332 28.4182319641113 28.9010047912598 29.7685966491699 30.1589031219482 30.5404815673828 30.7450504302979 29.5354537963867 29.4400882720947 30.8516216278076 29.9295845031738 30.2553901672363 30.6508293151855 31.2989902496338 31.7154769897461 31.8432350158691 32.0391693115234 32.3887634277344 32.5180130004883 32.5725212097168 32.3218460083008 31.9902572631836 32.058967590332 31.9308986663818 32.1677360534668 32.1621131896973 31.9897346496582 32.5373916625977 32.721549987793 32.4831008911133 31.7587356567383 30.2869777679443 28.471981048584 28.6226291656494 30.1799240112305 31.6543807983398 32.2758636474609 32.3869857788086 32.3262557983398 32.3256340026855 32.0917205810547 31.9654674530029 32.3418312072754 32.0777168273926 32.1407470703125
29.0837097167969 28.7232112884521 28.514347076416 28.7999629974365 29.3711395263672 30.1195602416992 30.2557182312012 29.8538837432861 29.3986682891846 30.1751194000244 30.6131973266602 29.6819896697998 29.9701671600342 30.3513774871826 31.2112064361572 31.5714931488037 31.8313655853271 32.2349052429199 32.6509132385254 32.4724273681641 32.3380699157715 32.6301460266113 32.3681182861328 32.1771774291992 32.0115280151367 32.0064888000488 32.0852584838867 31.9826507568359 32.3130111694336 32.6497802734375 32.6830940246582 32.1482582092285 31.414457321167 29.7733993530273 29.2106838226318 30.2321796417236 31.6422653198242 32.2080993652344 32.2665176391602 31.7902946472168 32.0530319213867 32.2329559326172 32.0185546875 32.0805816650391 31.7477149963379 32.0086898803711
28.7630786895752 28.5456295013428 28.0745372772217 28.3884792327881 29.1128311157227 29.261833190918 29.6446323394775 29.9383296966553 30.1937160491943 30.2756633758545 30.5805511474609 30.7638339996338 31.354944229126 31.4223575592041 31.5417079925537 31.1120128631592 31.9699249267578 32.3047065734863 32.5136260986328 32.2250137329102 32.3414459228516 32.5316963195801 32.6284790039062 32.5638389587402 32.268253326416 32.1968154907227 31.8317546844482 31.9927349090576 32.3918724060059 32.4741096496582 32.6205749511719 32.6436538696289 32.0746459960938 31.3895225524902 30.4609470367432 30.1635322570801 31.3348751068115 32.1183166503906 31.6134071350098 31.0681705474854 31.9961700439453 32.249210357666 31.9612598419189 31.1685352325439 31.5250205993652 32.0532188415527
