inst/extdata/Tmax/Tmax131.asc
NCOLS 100 
NROWS 79 
XLLCORNER 148.06 
YLLCORNER -21.49 
CELLSIZE 0.01 
NODATA_value -3.4e+38 
[rows 0 to 19 of 79, columns 0 to 45 of 100]
37.793975830078097 37.4676284790039 36.6101837158203 36.9111785888672 37.016040802002 37.3625068664551 37.5036430358887 37.6222229003906 37.5610313415527 37.3877983093262 36.9648399353027 36.7640762329102 36.6727485656738 35.6082611083984 36.0021629333496 36.3321304321289 36.6213455200195 36.5725059509277 35.8816795349121 35.3085517883301 35.1685829162598 34.3620452880859 34.7070732116699 35.7383842468262 36.1204414367676 36.2907752990723 36.1587867736816 36.1719245910645 35.9011154174805 35.5867576599121 34.8730964660645 33.319652557373 34.3529472351074 34.2655220031738 33.267635345459 32.3250389099121 32.2150840759277 31.878849029541 32.518611907959 34.0277671813965 35.1777801513672 35.3413963317871 35.8691596984863 36.1762847900391 36.341724395752 36.4723205566406
37.6370658874512 37.1507949829102 36.4619789123535 36.5275802612305 36.0081100463867 36.7950325012207 37.2649993896484 37.5195922851562 37.6043663024902 37.4779624938965 37.1646995544434 36.872974395752 36.9449729919434 36.568660736084 36.4074096679688 36.2892456054688 36.6013374328613 36.603889465332 35.7578659057617 35.239559173584 35.6584625244141 35.4252853393555 35.3131370544434 35.6536178588867 36.0067672729492 36.1266059875488 36.315185546875 36.2491455078125 36.0545806884766 35.8608627319336 35.1734390258789 34.0169296264648 34.9467964172363 34.5955047607422 34.0338973999023 33.2210731506348 32.8349113464355 33.1322822570801 33.9977836608887 34.8571624755859 35.9564018249512 36.2776145935059 36.4063110351562 36.4127349853516 36.4721336364746 36.5212020874023
37.6145362854004 36.8696250915527 36.958610534668 37.0537719726562 36.6326141357422 36.7180938720703 37.0504875183105 37.5207290649414 37.6502227783203 37.5085601806641 37.23828125 37.1004447937012 36.9995574951172 36.9294891357422 36.6515197753906 36.5031661987305 36.648380279541 36.7520179748535 36.2523231506348 36.0716094970703 35.9274826049805 35.6323928833008 35.4206008911133 35.5009918212891 36.1667671203613 36.3557662963867 36.191047668457 36.150749206543 36.1226692199707 35.8510665893555 35.8692283630371 35.0619316101074 35.2333526611328 34.2194175720215 33.9527587890625 33.4083099365234 32.9570732116699 32.5374870300293 33.3916244506836 34.3486251831055 35.3946266174316 36.1560516357422 36.4685516357422 36.540699005127 36.5312767028809 36.4970092773438
37.8111381530762 37.4732246398926 37.1584815979004 37.687557220459 37.2134132385254 36.8181533813477 37.1298179626465 37.6021957397461 37.7229652404785 37.5807189941406 37.4309616088867 37.3693962097168 37.2543487548828 37.0895614624023 36.6979904174805 36.5301055908203 36.8013496398926 36.8186645507812 36.6091842651367 36.1961364746094 35.9050827026367 35.5652694702148 35.6106262207031 35.559513092041 36.0215873718262 36.3501358032227 36.0221862792969 36.2152442932129 36.0416870117188 35.3526077270508 35.7775535583496 35.8077354431152 35.1896667480469 34.1526985168457 33.661979675293 32.9087715148926 33.1274681091309 32.6908912658691 32.5794410705566 32.1485557556152 33.4525184631348 35.546012878418 36.3259353637695 36.5441970825195 36.3141784667969 36.2288589477539
38.3023643493652 37.7855415344238 37.5531463623047 37.8942756652832 37.6656799316406 37.0735549926758 37.0823097229004 37.6297073364258 37.7340698242188 37.384693145752 37.363899230957 37.511344909668 37.3782157897949 37.113883972168 36.7785911560059 36.8862800598145 36.9225845336914 36.6813621520996 36.2693862915039 35.6255645751953 35.7621078491211 35.8807029724121 35.9669342041016 36.1062965393066 36.0881309509277 35.7919082641602 36.3636817932129 36.0271339416504 35.896411895752 35.4755020141602 35.7427978515625 35.5715560913086 35.3007316589355 34.4794769287109 34.0362815856934 34.2774314880371 34.002815246582 33.5328674316406 33.0648651123047 32.4240875244141 32.1111755371094 34.8957443237305 36.0804634094238 36.4815826416016 35.8549842834473 35.2205200195312
38.4340324401855 38.1859703063965 37.5456809997559 37.9104995727539 37.9505081176758 37.559009552002 37.2836265563965 37.6635704040527 37.779613494873 37.5035705566406 37.3825607299805 37.5864067077637 37.4255523681641 37.1627540588379 36.5722541809082 36.9872741699219 36.8846130371094 36.4815368652344 35.9935455322266 35.6164016723633 35.6828956604004 35.877986907959 36.1200485229492 36.0964736938477 36.318000793457 36.2046051025391 36.238338470459 35.5931282043457 35.5683555603027 34.6519584655762 35.2426261901855 35.6088790893555 35.6628952026367 35.374885559082 35.0696754455566 34.9978065490723 34.2952499389648 33.8756790161133 33.5888328552246 32.8863945007324 32.4454002380371 34.5738525390625 36.0010871887207 36.4680862426758 36.0215606689453 34.2985000610352
38.5995597839355 38.341194152832 37.9906806945801 38.1184425354004 38.051342010498 37.6963310241699 37.0907897949219 37.5710792541504 37.713134765625 37.8098983764648 37.7334671020508 37.5696792602539 37.1737442016602 37.247688293457 37.1972503662109 37.0495147705078 36.8512840270996 36.351390838623 36.1477584838867 35.8680839538574 35.3485908508301 35.5056915283203 35.8888816833496 36.1946487426758 36.4657173156738 36.3795280456543 36.3628082275391 35.8957366943359 35.5752449035645 34.551929473877 34.5413703918457 34.621021270752 35.3947677612305 35.5107116699219 35.1179046630859 35.0089073181152 34.5217628479004 33.347583770752 33.5386390686035 33.1525840759277 33.0038108825684 34.4400253295898 35.8341751098633 36.2781829833984 36.0861320495605 34.6573104858398
38.587345123291 38.4693336486816 38.2025604248047 38.2058448791504 38.1471710205078 37.889820098877 37.3411407470703 37.2073936462402 37.4658050537109 37.746166229248 37.8174705505371 37.5335845947266 36.917594909668 37.091926574707 37.2695770263672 36.6463737487793 36.5734214782715 35.890869140625 35.8078308105469 35.5854187011719 34.9806747436523 35.3767738342285 35.7357025146484 36.1906509399414 36.5664253234863 36.5530624389648 36.1755218505859 35.7839965820312 35.6130485534668 34.9522018432617 33.8081665039062 34.0437164306641 34.3194999694824 34.8046340942383 35.106388092041 34.5908164978027 34.6309967041016 33.8814544677734 33.0170860290527 33.2515144348145 33.4198875427246 34.3267517089844 35.1292953491211 35.9807434082031 35.9469604492188 34.4023742675781
38.3841171264648 38.5509262084961 38.392276763916 38.3269004821777 38.1877632141113 37.9464302062988 37.5969352722168 37.1555137634277 37.2936706542969 37.7326583862305 37.848030090332 37.7727317810059 37.5657119750977 37.4100036621094 37.0688209533691 36.3767280578613 36.5188674926758 36.2848281860352 36.3844413757324 35.5587615966797 35.5432891845703 35.3910369873047 35.4631423950195 36.0294761657715 36.5076866149902 36.6383819580078 35.8307418823242 35.0705490112305 35.1285781860352 35.0332679748535 34.5142059326172 34.0195007324219 33.6340751647949 34.0220222473145 34.7768974304199 34.2494583129883 34.0331497192383 33.977710723877 33.1605186462402 32.87255859375 33.0523300170898 33.122184753418 33.8753700256348 35.1462173461914 35.5399055480957 34.4888610839844
38.122428894043 38.4655876159668 38.5106086730957 38.3633041381836 38.1581535339355 38.0287704467773 37.8244895935059 37.3885726928711 37.0704193115234 37.6615562438965 37.8483467102051 37.4668655395508 36.8070220947266 36.8469047546387 36.9189109802246 36.876049041748 36.8762626647949 36.7290191650391 36.5258483886719 36.2335205078125 35.9296989440918 35.3517379760742 35.6276473999023 36.3289604187012 36.6904411315918 36.5803718566895 35.9530143737793 35.8023910522461 35.3525009155273 34.8977966308594 33.8057060241699 33.4548454284668 34.3727226257324 34.2384719848633 34.0475082397461 33.8336372375488 33.6306457519531 33.868221282959 33.3918037414551 32.7382659912109 32.7574729919434 32.2570762634277 32.9863395690918 33.9523544311523 34.1972236633301 33.6637420654297
37.8229560852051 38.0850028991699 38.5229415893555 38.4158897399902 38.2759475708008 38.1796951293945 37.983715057373 37.6293563842773 37.5939025878906 37.7806739807129 37.8849487304688 37.5234146118164 37.2052574157715 36.516773223877 36.6530838012695 36.8899765014648 36.9724578857422 37.1270446777344 36.7113456726074 36.516773223877 36.1458168029785 35.8011207580566 35.8480529785156 36.3200492858887 36.6719284057617 36.5692100524902 35.9475593566895 35.2920875549316 34.4104652404785 34.3952827453613 34.0681953430176 34.0041580200195 34.7274551391602 34.4945220947266 33.7104911804199 33.4781036376953 33.8704414367676 33.6122665405273 33.2731132507324 32.7861251831055 32.8238945007324 32.5826835632324 32.2785224914551 32.8959350585938 33.2535934448242 33.5039329528809
37.6678771972656 37.7064170837402 38.4903755187988 38.4692764282227 38.3723754882812 38.2403411865234 38.0631675720215 37.7426643371582 37.7564086914062 37.9943695068359 37.9248390197754 37.7263984680176 37.3791046142578 36.9184646606445 36.8074607849121 37.0589332580566 37.304500579834 37.2773017883301 37.0269927978516 36.6009521484375 36.1357116699219 35.8216934204102 35.9469680786133 36.0608711242676 36.230884552002 36.501220703125 35.6328010559082 34.9338226318359 34.3904037475586 34.5849227905273 34.6288719177246 34.5392646789551 34.882194519043 34.4132308959961 34.1842994689941 34.094596862793 33.7109336853027 33.1917991638184 33.6323127746582 33.815746307373 33.4318008422852 33.0274772644043 32.570987701416 32.9449844360352 33.3829917907715 33.7049598693848
37.8056335449219 38.2399253845215 38.4704132080078 38.4149742126465 38.4045104980469 38.2985305786133 38.1499938964844 37.7935409545898 37.8506088256836 38.1044998168945 37.9074821472168 37.8205375671387 37.6084098815918 37.6508407592773 37.542652130127 37.5038986206055 37.4840774536133 37.3953590393066 37.1767883300781 36.6965675354004 36.437385559082 36.5564575195312 36.7648277282715 36.9457168579102 36.7972984313965 36.4118995666504 36.2088317871094 35.7777214050293 35.4456787109375 35.270450592041 35.3087959289551 35.1121253967285 35.0136680603027 34.5061721801758 34.0084609985352 33.6062164306641 33.1239242553711 34.0663681030273 34.2962989807129 34.2356910705566 33.0780067443848 32.9973106384277 32.5732307434082 32.328556060791 33.4365844726562 33.8953704833984
38.2195205688477 38.3862724304199 38.4284782409668 38.3365325927734 38.3299522399902 38.3527717590332 38.2774124145508 38.1497459411621 37.9446067810059 38.0459594726562 37.997932434082 37.9100303649902 37.775203704834 37.6635704040527 37.547679901123 37.457935333252 37.5555953979492 37.4606246948242 37.3139839172363 37.1938552856445 37.0831451416016 37.0251388549805 36.8268280029297 36.9078941345215 36.5049209594727 35.6066474914551 35.5343170166016 35.1656150817871 34.6684265136719 35.3244476318359 35.5453987121582 35.4910049438477 34.8363914489746 34.5611610412598 34.44384765625 34.380542755127 34.3446083068848 34.0649833679199 34.5780487060547 34.8488426208496 34.3996276855469 33.9965705871582 33.4468116760254 32.9706077575684 33.8551902770996 34.2560844421387
37.5110244750977 38.0188484191895 38.3946876525879 38.3140182495117 38.184326171875 38.2530746459961 38.1921653747559 38.022762298584 37.628246307373 37.6514625549316 37.9277725219727 37.733024597168 37.2455215454102 37.3759880065918 37.5188827514648 37.0112190246582 37.3671875 37.5120544433594 37.445873260498 37.3802452087402 37.3095016479492 36.9314880371094 36.3556671142578 36.6768569946289 36.5096282958984 36.2565574645996 36.163158416748 35.8608627319336 35.5312194824219 35.7378158569336 35.6822319030762 35.4391708374023 35.0440254211426 35.2331008911133 35.1840515136719 34.3753128051758 34.8279457092285 34.1000175476074 34.3584480285645 34.9795112609863 34.9457817077637 34.7089996337891 34.071533203125 33.3635406494141 33.8805198669434 34.4981346130371
36.696891784668 37.6159629821777 38.2831115722656 38.3799018859863 38.301326751709 38.2596130371094 38.145751953125 38.0276908874512 37.8156242370605 37.3384246826172 36.9628486633301 37.6008605957031 36.8401260375977 36.5476417541504 37.3062286376953 36.9716339111328 36.9274559020996 37.3233108520508 37.3276252746582 37.3076972961426 37.2951202392578 37.247989654541 37.1071510314941 36.8827934265137 36.5002784729004 36.1511116027832 36.136531829834 36.0724563598633 36.0051231384277 35.8311386108398 35.6690979003906 35.3043022155762 35.0546340942383 35.5754089355469 35.4550132751465 35.2132225036621 35.2006416320801 34.7116317749023 34.4057579040527 34.953311920166 35.096565246582 34.5541191101074 33.4932136535645 32.5505523681641 32.918628692627 34.3409423828125
37.6161499023438 37.4445304870605 37.9661102294922 38.1174697875977 38.2991905212402 38.2530937194824 38.126350402832 37.9847946166992 37.8296012878418 37.5542259216309 36.9644203186035 37.3153266906738 36.3695907592773 36.1378707885742 36.7875099182129 36.6446723937988 36.0213279724121 36.967960357666 36.944450378418 36.9089126586914 37.1120986938477 37.2248001098633 37.120246887207 36.7347068786621 36.0022964477539 35.4969711303711 35.1439552307129 35.4199714660645 35.8697090148926 35.3706245422363 35.1738548278809 34.5210876464844 35.1025505065918 35.784538269043 35.6139984130859 35.4370079040527 35.454029083252 35.0852851867676 34.7684135437012 34.9868850708008 35.1351356506348 34.1984939575195 33.3709716796875 33.6190643310547 33.896915435791 34.3676338195801
37.7221221923828 38.0139007568359 38.0728034973145 38.0685577392578 38.1766624450684 38.2090110778809 38.1324462890625 38.040641784668 37.8858337402344 37.4656181335449 37.1021118164062 36.749641418457 36.3802185058594 36.0507164001465 36.4900817871094 36.3517913818359 36.3495101928711 36.1855201721191 35.952751159668 35.9232597351074 36.895206451416 37.1036834716797 37.0669555664062 36.9571533203125 36.4388847351074 35.4570198059082 34.2559356689453 34.9450759887695 35.6037673950195 34.7997245788574 35.1004943847656 35.5614471435547 35.7860450744629 35.992259979248 35.90234375 35.7219581604004 35.3122673034668 34.6223411560059 34.9783821105957 35.1484451293945 35.3903465270996 35.0856323242188 34.9554443359375 34.9231109619141 34.8696784973145 34.4055404663086
37.941219329834 37.9063911437988 37.764835357666 37.8402557373047 38.2210845947266 38.1122817993164 38.1042366027832 38.0728645324707 37.974739074707 37.6509704589844 36.6667747497559 36.7242469787598 36.3345947265625 35.3500938415527 35.9741287231445 35.7630920410156 35.5961494445801 34.9992065429688 35.7001419067383 36.0014915466309 36.9076919555664 36.9066734313965 37.0035285949707 37.0718841552734 36.3396453857422 35.435905456543 34.4492149353027 35.0947875976562 35.5867538452148 35.1655044555664 35.5560874938965 35.8970146179199 36.1901435852051 36.1765365600586 35.802562713623 35.5751419067383 35.262378692627 35.0310592651367 35.4385108947754 35.4911003112793 35.506763458252 35.4161529541016 35.3075942993164 34.7780418395996 34.093334197998 34.0514755249023
38.0651817321777 38.0324974060059 38.004695892334 37.866081237793 38.2304725646973 38.2126884460449 38.1394424438477 38.0739402770996 37.9979019165039 37.893985748291 37.595085144043 36.9377365112305 36.2038345336914 35.1721382141113 35.4365730285645 35.3930244445801 34.9990653991699 35.2389068603516 35.4394607543945 36.2928047180176 36.9293441772461 36.5594215393066 37.124683380127 36.9780044555664 36.4697227478027 36.253547668457 35.3500671386719 35.4304313659668 35.7007942199707 35.5431938171387 36.0213432312012 35.9740943908691 36.3131446838379 36.2376594543457 36.098949432373 35.8843154907227 35.1926460266113 35.3129844665527 35.5060157775879 35.4859428405762 35.4972076416016 35.3603172302246 35.2904853820801 34.8711280822754 34.7984008789062 34.6829452514648
