inst/extdata/Tmax/Tmax58.asc
NCOLS 100 
NROWS 79 
XLLCORNER 148.06 
YLLCORNER -21.49 
CELLSIZE 0.01 
NODATA_value -3.4e+38 
[rows 0 to 19 of 79, columns 0 to 45 of 100]
40.301418304443402 39.9158477783203 38.9412612915039 39.2217178344727 39.3515357971191 39.7943305969238 39.9766578674316 40.1323280334473 40.064510345459 39.8569793701172 39.3340492248535 39.0876998901367 38.9814109802246 37.7849349975586 38.1600799560547 38.5778923034668 38.9737434387207 38.9055442810059 38.0316047668457 37.402717590332 37.2508888244629 36.4328422546387 36.7618255615234 37.9033241271973 38.4116668701172 38.6471633911133 38.506420135498 38.5213623046875 38.182315826416 37.7849235534668 36.8657569885254 35.2548751831055 36.2705535888672 36.1704406738281 35.1626930236816 34.2140846252441 34.0862731933594 33.739559173584 34.3589668273926 35.8748550415039 37.4121170043945 37.6658401489258 38.36669921875 38.682788848877 38.8357238769531 38.9470252990723
40.1235580444336 39.5354385375977 38.8247947692871 38.8747520446777 38.3468055725098 39.1082534790039 39.696647644043 40.023853302002 40.1381416320801 39.9894180297852 39.6055603027344 39.2448806762695 39.3460273742676 38.8781967163086 38.6828575134277 38.5423278808594 38.9680633544922 38.9656410217285 37.8917961120605 37.364128112793 37.7858123779297 37.5177268981934 37.3936042785645 37.8133773803711 38.2843780517578 38.4541778564453 38.7306060791016 38.6426773071289 38.403865814209 38.1651840209961 37.2776794433594 35.9771270751953 37.0068244934082 36.5606231689453 35.9556999206543 35.1308708190918 34.7278861999512 35.0106048583984 35.8637924194336 36.9884643554688 38.4766693115234 38.8813209533691 38.977855682373 38.956787109375 38.9923782348633 39.0156478881836
40.1298179626465 39.3060455322266 39.3610610961914 39.4440231323242 39.0105514526367 39.0800819396973 39.4615631103516 40.0611572265625 40.2315101623535 40.0639724731445 39.7343444824219 39.5685768127441 39.4512023925781 39.3729476928711 39.0301170349121 38.8516464233398 39.0644569396973 39.1913261413574 38.5628395080566 38.3421516418457 38.1682548522949 37.7977638244629 37.5473556518555 37.651611328125 38.5286865234375 38.7887725830078 38.6056213378906 38.5507736206055 38.5295715332031 38.1888771057129 38.2282943725586 37.1803092956543 37.4196281433105 36.2001113891602 35.9201316833496 35.3622169494629 34.8932685852051 34.4615173339844 35.3014144897461 36.3519973754883 37.7606811523438 38.7763137817383 39.0759162902832 39.1262855529785 39.087818145752 39.0219917297363
40.3777847290039 39.9776573181152 39.5759925842285 40.2431106567383 39.6558456420898 39.1974296569824 39.565242767334 40.16748046875 40.3270111083984 40.1590957641602 39.9813766479492 39.9125595092773 39.7782707214355 39.5809097290039 39.0940742492676 38.8907165527344 39.2650680541992 39.2819175720215 39.026309967041 38.5075035095215 38.1441383361816 37.7234039306641 37.7863616943359 37.7323760986328 38.345588684082 38.7872581481934 38.3912696838379 38.6409606933594 38.429443359375 37.5405235290527 38.1135025024414 38.1681060791016 37.3681755065918 36.1521873474121 35.6470832824707 34.8802375793457 35.0810317993164 34.6313972473145 34.5068550109863 34.0634307861328 35.3559188842773 38.0038261413574 38.9231605529785 39.1343002319336 38.856143951416 38.7345733642578
41.0016098022461 40.3847999572754 40.0840759277344 40.5174179077148 40.2405891418457 39.5039978027344 39.5220947265625 40.2196044921875 40.3589706420898 39.9313735961914 39.9152030944824 40.1090278625488 39.9526596069336 39.6300048828125 39.2149276733398 39.3638191223145 39.4381523132324 39.1248054504395 38.6078453063965 37.8430557250977 37.9773941040039 38.1417427062988 38.2662391662598 38.4604911804199 38.4508056640625 38.0789337158203 38.8553428649902 38.4139938354492 38.257926940918 37.720401763916 38.0867004394531 37.8755683898926 37.5334854125977 36.5103340148926 36.0517578125 36.2828216552734 35.9889869689941 35.5032615661621 35.0202865600586 34.3651313781738 34.0391044616699 37.1511421203613 38.6643829345703 39.0809783935547 38.3594703674316 37.6127777099609
41.1789398193359 40.897274017334 40.0906715393066 40.5541877746582 40.6118392944336 40.1320838928223 39.7928810119629 40.279182434082 40.4332733154297 40.0981559753418 39.956226348877 40.220947265625 40.0301399230957 39.7097091674805 38.9686813354492 39.5103302001953 39.40771484375 38.8862190246582 38.2698173522949 37.8632392883301 37.9172401428223 38.1558609008789 38.4827499389648 38.4658126831055 38.7678871154785 38.6351089477539 38.7104682922363 37.8642501831055 37.8460502624512 36.7653999328613 37.4472236633301 37.9432563781738 38.0302848815918 37.6651344299316 37.276741027832 37.1966667175293 36.313850402832 35.8777160644531 35.5760192871094 34.8559265136719 34.4003067016602 36.7408752441406 38.5888442993164 39.0806541442871 38.5609130859375 36.4175720214844
41.3962554931641 41.1038589477539 40.6619033813477 40.8278198242188 40.7531280517578 40.3203048706055 39.5650749206543 40.1801338195801 40.3675270080566 40.4980239868164 40.4131774902344 40.2174606323242 39.729549407959 39.8345642089844 39.7824745178223 39.6069679260254 39.3825721740723 38.7359313964844 38.4856567382812 38.1436538696289 37.6119728088379 37.7522010803223 38.2000999450684 38.6109657287598 38.9773979187012 38.8805503845215 38.8904762268066 38.2781715393066 37.8728065490723 36.6932678222656 36.6708374023438 36.7348098754883 37.6940422058105 37.8629379272461 37.3585586547852 37.2294616699219 36.5999336242676 35.3727073669434 35.5537643432617 35.1517372131348 34.9894409179688 36.5815391540527 38.4139366149902 38.8859825134277 38.6473426818848 36.9163093566895
41.4146423339844 41.2935447692871 40.9566802978516 40.9687271118164 40.90478515625 40.594841003418 39.9143486022949 39.7548599243164 40.0909729003906 40.452564239502 40.5518608093262 40.2060623168945 39.4374809265137 39.6707992553711 39.9080352783203 39.1255874633789 39.0602569580078 38.2369499206543 38.1416435241699 37.9068641662598 37.2878532409668 37.6684150695801 38.0345649719238 38.6396102905273 39.1419296264648 39.1398696899414 38.6804237365723 38.1656532287598 37.9562149047852 37.142391204834 35.9753570556641 36.1963043212891 36.4633865356445 36.9644889831543 37.3773384094238 36.7113990783691 36.7777099609375 35.9572257995605 35.0706100463867 35.2957229614258 35.4545707702637 36.4654998779297 37.5348777770996 38.5841064453125 38.5211791992188 36.610179901123
41.1679039001465 41.3947525024414 41.1913146972656 41.1193466186523 40.956787109375 40.6669769287109 40.2379264831543 39.6904182434082 39.87548828125 40.4382057189941 40.5927391052246 40.5082092285156 40.260555267334 40.0763130187988 39.6557998657227 38.7812461853027 38.9925384521484 38.6858062744141 38.8269271850586 37.8978729248047 37.8702354431152 37.7005386352539 37.7610893249512 38.4328689575195 39.0690956115723 39.2536735534668 38.2330017089844 37.3028526306152 37.3501091003418 37.2425270080566 36.7059936523438 36.18896484375 35.7872428894043 36.1682281494141 36.9457054138184 36.3762893676758 36.1406898498535 36.0731735229492 35.2325286865234 34.9292335510254 35.0995597839355 35.1718101501465 35.9091567993164 37.5790252685547 38.0616493225098 36.7311325073242
40.8592529296875 41.3056678771973 41.3510055541992 41.1792068481445 40.9354553222656 40.7844314575195 40.5379867553711 40.0002784729004 39.6072387695312 40.3648300170898 40.6091499328613 40.1406021118164 39.313606262207 39.3762092590332 39.4802627563477 39.4377746582031 39.4670257568359 39.2735214233398 39.0251197814941 38.6605453491211 38.2860069274902 37.6890335083008 37.954761505127 38.838550567627 39.3220062255859 39.1949844360352 38.4092216491699 38.2092590332031 37.6336441040039 37.1337699890137 36.0158233642578 35.6441040039062 36.5630264282227 36.4154739379883 36.2102584838867 35.9816970825195 35.7594985961914 35.9897880554199 35.4941368103027 34.8195610046387 34.8274345397949 34.3210639953613 35.030216217041 36.0034217834473 36.3437728881836 35.684455871582
40.4992752075195 40.8506278991699 41.3808059692383 41.2584609985352 41.0955200195312 40.9861145019531 40.7511596679688 40.318302154541 40.2841873168945 40.5291709899902 40.6702537536621 40.2271270751953 39.8362884521484 38.9903411865234 39.1547241210938 39.4708633422852 39.6055374145508 39.798511505127 39.2795028686523 39.042179107666 38.5753898620605 38.1688804626465 38.2142715454102 38.8426856994629 39.3140182495117 39.1964530944824 38.417854309082 37.5832061767578 36.6787605285645 36.6519088745117 36.3085098266602 36.2273941040039 36.9512710571289 36.7035179138184 35.8948974609375 35.6473197937012 36.030590057373 35.7565879821777 35.4002647399902 34.8934440612793 34.9195098876953 34.6751556396484 34.3364601135254 34.951343536377 35.3039207458496 35.5479965209961
40.3439598083496 40.3906707763672 41.3553085327148 41.3382263183594 41.2285308837891 41.0754928588867 40.8643226623535 40.4748191833496 40.5026512145996 40.8103294372559 40.7349700927734 40.4970054626465 40.0714950561523 39.4972229003906 39.3673210144043 39.7017555236816 40.0436210632324 40.0048942565918 39.6996154785156 39.1658744812012 38.5770950317383 38.2175941467285 38.3579521179199 38.520435333252 38.7566413879395 39.1236724853516 38.0208129882812 37.2481002807617 36.6851921081543 36.8715782165527 36.9051513671875 36.7983856201172 37.1365928649902 36.6482887268066 36.4041290283203 36.3017692565918 35.8949890136719 35.3546600341797 35.791862487793 35.9676284790039 35.5637893676758 35.1523780822754 34.6577186584473 35.0266876220703 35.4625244140625 35.7809944152832
40.5228157043457 41.0868263244629 41.3619079589844 41.3028793334961 41.2993316650391 41.1786079406738 41.0031585693359 40.5696067810059 40.6517791748047 40.9785690307617 40.7450942993164 40.6463432312012 40.3923377990723 40.4579467773438 40.3343925476074 40.298397064209 40.3026428222656 40.1862831115723 39.9225082397461 39.3206634521484 38.9996643066406 39.166862487793 39.4507942199707 39.6986198425293 39.5230827331543 39.0392112731934 38.8065299987793 38.2394218444824 37.818172454834 37.611946105957 37.6678276062012 37.4252738952637 37.3146438598633 36.7867393493652 36.268009185791 35.8464698791504 35.3381652832031 36.2889060974121 36.5130920410156 36.4399566650391 35.2439880371094 35.1628227233887 34.7004470825195 34.4390487670898 35.5596885681152 36.0236854553223
41.0354995727539 41.2667121887207 41.309986114502 41.2060050964355 41.2074737548828 41.245418548584 41.1608200073242 41.0134391784668 40.769214630127 40.9065132141113 40.8581886291504 40.7587661743164 40.6023178100586 40.4746170043945 40.341365814209 40.2409973144531 40.3938865661621 40.2698554992676 40.0979270935059 39.9592323303223 39.8322792053223 39.7715072631836 39.5316505432129 39.6511650085449 39.1455574035645 38.017276763916 37.9463119506836 37.5439186096191 37.0272254943848 37.6838226318359 37.9806976318359 37.9238777160645 37.1509780883789 36.8594932556152 36.7285919189453 36.6527519226074 36.6004180908203 36.3030014038086 36.8235740661621 37.2000999450684 36.6180458068848 36.2018432617188 35.6086158752441 35.1091003417969 36.0059051513672 36.5072364807129
40.2775077819824 40.8228149414062 41.2811393737793 41.1910667419434 41.0402641296387 41.1355972290039 41.0687866210938 40.869010925293 40.3854789733887 40.4261627197266 40.7844581604004 40.5509490966797 39.9465446472168 40.1249580383301 40.3187980651855 39.6857414245605 40.1696014404297 40.3489151000977 40.2791938781738 40.210277557373 40.1349792480469 39.6653747558594 38.9353790283203 39.3671569824219 39.1656684875488 38.8514633178711 38.7617988586426 38.363353729248 37.9452819824219 38.232723236084 38.1752967834473 37.8695182800293 37.3895797729492 37.6285934448242 37.57958984375 36.6730499267578 37.1383590698242 36.3643836975098 36.618709564209 37.3892784118652 37.361141204834 37.0789031982422 36.2763671875 35.5371932983398 36.0582542419434 36.8466873168945
39.4946899414062 40.4056587219238 41.1554374694824 41.2849159240723 41.1977996826172 41.1564254760742 41.0240325927734 40.8879814147949 40.6338920593262 40.042537689209 39.6198501586914 40.3976211547852 39.4681205749512 39.1648445129395 40.0623092651367 39.6479949951172 39.6212959289551 40.1233253479004 40.142879486084 40.1318664550781 40.1304359436035 40.0839614868164 39.9193077087402 39.6466636657715 39.1670608520508 38.7271690368652 38.7405014038086 38.6545486450195 38.582088470459 38.3692588806152 38.1716499328613 37.7050094604492 37.4262580871582 38.0960655212402 37.9530944824219 37.6486282348633 37.6479187011719 37.0176239013672 36.693000793457 37.3687477111816 37.5771598815918 36.8865509033203 35.7066307067871 34.7271461486816 35.0935707092285 36.6508941650391
40.4333305358887 40.2635726928711 40.7718772888184 40.9711875915527 41.2073097229004 41.1606407165527 41.0122489929199 40.8467750549316 40.6637496948242 40.3283309936523 39.6481704711914 40.0481147766113 39.0254821777344 38.7805709838867 39.4181747436523 39.2641258239746 38.6405944824219 39.6820106506348 39.6659164428711 39.634578704834 39.9100723266602 40.0677490234375 39.9493637084961 39.4687004089355 38.5302886962891 37.986701965332 37.6299743652344 37.8825645446777 38.4172706604004 37.8110198974609 37.5996742248535 36.9166831970215 37.5008888244629 38.3864135742188 38.1775550842285 37.9596099853516 37.9986953735352 37.5248832702637 37.1193771362305 37.4275360107422 37.6428146362305 36.4869117736816 35.6054992675781 35.8505058288574 36.1269035339355 36.7010040283203
40.5805397033691 40.8678398132324 40.9337196350098 40.9386863708496 41.0840454101562 41.1349945068359 41.0488586425781 40.9456024169922 40.763370513916 40.2449111938477 39.8279914855957 39.4608459472656 39.0792503356934 38.7356719970703 39.1652565002441 39.0148506164551 39.0137176513672 38.8195495605469 38.5735015869141 38.5323219299316 39.6609535217285 39.9425010681152 39.9106826782227 39.7851371765137 39.1296081542969 37.9889717102051 36.7643432617188 37.4406280517578 38.1010208129883 37.2698745727539 37.5666809082031 38.0876045227051 38.401050567627 38.6903114318848 38.5888786315918 38.367488861084 37.8397903442383 36.9932289123535 37.4289665222168 37.6731147766113 38.0136642456055 37.6414756774902 37.4669532775879 37.4413146972656 37.3874244689941 36.7819061279297
40.8089370727539 40.773868560791 40.6044273376465 40.6640625 41.1366577148438 41.0118751525879 41.0114440917969 40.9836730957031 40.8726081848145 40.4771156311035 39.4105110168457 39.4508438110352 39.0483894348145 38.0396499633789 38.6611709594727 38.4358100891113 38.2681007385254 37.6307983398438 38.3328247070312 38.6265411376953 39.6754188537598 39.6881523132324 39.8281517028809 39.9314880371094 38.9987297058105 37.9824066162109 36.9757766723633 37.6078186035156 38.098575592041 37.6583404541016 38.0639572143555 38.5299377441406 38.9328727722168 38.9322509765625 38.4562911987305 38.1721076965332 37.7729835510254 37.4818840026855 38.0422897338867 38.1301078796387 38.1688804626465 38.0834884643555 37.9386711120605 37.2470359802246 36.3867111206055 36.3335418701172
40.9547691345215 40.9218330383301 40.863151550293 40.7150917053223 41.1591567993164 41.1480369567871 41.0664215087891 40.996150970459 40.9128150939941 40.794548034668 40.4297981262207 39.6892433166504 38.9421615600586 37.8826560974121 38.1406059265137 38.0846290588379 37.6844139099121 37.8999710083008 38.0930442810059 38.9458999633789 39.7150115966797 39.2505035400391 39.9956474304199 39.8228416442871 39.1800575256348 38.9136581420898 37.9220275878906 37.9752349853516 38.2395858764648 38.068603515625 38.6897354125977 38.6437110900879 39.1064682006836 39.0248527526855 38.8600044250488 38.5943183898926 37.692569732666 37.8700981140137 38.1448554992676 38.1359977722168 38.169017791748 38.021900177002 37.9288482666016 37.3849067687988 37.3051986694336 37.1679840087891
