inst/extdata/Tmax/Tmax67.asc
NCOLS 100 
NROWS 79 
XLLCORNER 148.06 
YLLCORNER -21.49 
CELLSIZE 0.01 
NODATA_value -3.4e+38 
[rows 0 to 19 of 79, columns 0 to 45 of 100]
32.263446807861300 31.9434490203857 31.0384178161621 31.3791561126709 31.5122451782227 31.911376953125 32.1000022888184 32.2570114135742 32.2142601013184 32.0461196899414 31.6002254486084 31.4114322662354 31.3344135284424 30.1850185394287 30.6391983032227 31.029016494751 31.3933391571045 31.3609046936035 30.6089954376221 29.9924163818359 29.8589019775391 28.9920406341553 29.3972606658936 30.5859336853027 31.053560256958 31.281982421875 31.1738319396973 31.2166843414307 30.9307174682617 30.5933055877686 29.7912635803223 28.045597076416 29.2524490356445 29.1771965026855 28.0511589050293 26.9948883056641 26.8987674713135 26.5340595245361 27.2877044677734 29.072732925415 30.4876880645752 30.7898921966553 31.6176433563232 32.0019912719727 32.2068099975586 32.3658294677734
32.0994758605957 31.6078872680664 30.8850879669189 30.9727687835693 30.434965133667 31.2987651824951 31.842342376709 32.1483993530273 32.2688217163086 32.1528968811035 31.8278217315674 31.5372428894043 31.6426773071289 31.247730255127 31.0925788879395 30.9852447509766 31.3749942779541 31.4005832672119 30.4737606048584 29.9182872772217 30.4108257293701 30.1824016571045 30.0802516937256 30.4919948577881 30.9250030517578 31.0934829711914 31.3591728210449 31.3094615936279 31.1128635406494 30.9167518615723 30.1416759490967 28.841625213623 29.9444694519043 29.5619277954102 28.9348335266113 28.0198516845703 27.6077938079834 27.9730529785156 29.0088367462158 30.0635223388672 31.5918464660645 32.0712814331055 32.2279205322266 32.2423515319824 32.3182220458984 32.3805885314941
32.0931053161621 31.3234481811523 31.4332218170166 31.5554065704346 31.1203727722168 31.232120513916 31.6241340637207 32.1672821044922 32.3379707336426 32.2046127319336 31.927095413208 31.8079204559326 31.7204971313477 31.6677379608154 31.3814296722412 31.2404499053955 31.4440689086914 31.5847949981689 31.044994354248 30.8667316436768 30.7295150756836 30.4308376312256 30.216136932373 30.3326148986816 31.1245269775391 31.3746948242188 31.2279682159424 31.207820892334 31.2065715789795 30.9186611175537 30.9717102050781 30.0635643005371 30.2938995361328 29.1369495391846 28.8529987335205 28.2473068237305 27.7596740722656 27.2982044219971 28.3096446990967 29.4648761749268 30.7603893280029 31.8954200744629 32.2721862792969 32.362922668457 32.3574562072754 32.3225593566895
32.301685333252 31.9675807952881 31.6421642303467 32.2413291931152 31.742883682251 31.3333377838135 31.7043762207031 32.2517890930176 32.4132843017578 32.2789726257324 32.136360168457 32.1032791137695 31.9999828338623 31.8404769897461 31.4255981445312 31.2624549865723 31.6092853546143 31.6523990631104 31.4414291381836 30.9988613128662 30.6949596405029 30.3455982208252 30.4220657348633 30.3895702362061 30.9468154907227 31.3579177856445 31.0207443237305 31.272928237915 31.1005477905273 30.3243255615234 30.8521537780762 30.9300060272217 30.2310657501221 29.0479469299316 28.50465965271 27.6599884033203 27.9436721801758 27.4618606567383 27.3545169830322 26.8781719207764 28.4182186126709 30.99245262146 32.0494346618652 32.3136672973633 32.0476951599121 31.9511985778809
32.852912902832 32.3153648376465 32.0774879455566 32.4769439697266 32.2461624145508 31.6166038513184 31.6573581695557 32.2882423400879 32.4313545227051 32.0637245178223 32.0658645629883 32.2689399719238 32.1449508666992 31.8723850250244 31.5202503204346 31.6681575775146 31.7509708404541 31.4996032714844 31.058780670166 30.3577365875244 30.5358104705811 30.7056922912598 30.8305606842041 31.0181903839111 31.0257320404053 30.711877822876 31.4211158752441 31.0538692474365 30.9311866760254 30.4685573577881 30.8118057250977 30.6511917114258 30.3620777130127 29.4276542663574 28.9376125335693 29.2444953918457 28.9597358703613 28.4360179901123 27.9149837493896 27.1941223144531 26.8528671264648 30.1849822998047 31.7106304168701 32.1979598999023 31.4471187591553 30.693754196167
33.0082130432129 32.7666816711426 32.0751838684082 32.5012397766113 32.5699920654297 32.1567459106445 31.8843402862549 32.3317184448242 32.4882507324219 32.2023620605469 32.0917091369629 32.3589973449707 32.2032127380371 31.9319229125977 31.2921886444092 31.7865657806396 31.7113189697266 31.276065826416 30.7501621246338 30.3497753143311 30.448616027832 30.7048778533936 31.0081958770752 31.0088634490967 31.2938690185547 31.1917152404785 31.2757873535156 30.5494518280029 30.5489482879639 29.5148468017578 30.2257595062256 30.6953163146973 30.7899723052979 30.4795379638672 30.1481971740723 30.0926246643066 29.3017063140869 28.8353252410889 28.5243663787842 27.728157043457 27.2374744415283 29.7926597595215 31.5711421966553 32.1394996643066 31.6084136962891 29.5785179138184
33.2120552062988 32.948070526123 32.5735931396484 32.7406463623047 32.6894264221191 32.3152313232422 31.6765327453613 32.2331581115723 32.4181938171387 32.5541572570801 32.4939384460449 32.3445129394531 31.9221897125244 32.0323219299316 32.0019683837891 31.8609886169434 31.6767616271973 31.1317901611328 30.9268112182617 30.6355686187744 30.0737724304199 30.2843894958496 30.7453804016113 31.1238555908203 31.4670944213867 31.3967418670654 31.4223403930664 30.9023571014404 30.5576248168945 29.3999671936035 29.4122486114502 29.5398368835449 30.4724769592285 30.6398029327393 30.2043991088867 30.1046352386475 29.5673542022705 28.2171077728271 28.463695526123 28.036111831665 27.8853797912598 29.6285171508789 31.3231620788574 31.8703880310059 31.643705368042 30.0117702484131
33.2107086181641 33.1114768981934 32.8292083740234 32.8570671081543 32.8152732849121 32.5493278503418 31.9698867797852 31.8442726135254 32.1563262939453 32.4982490539551 32.6061096191406 32.3196487426758 31.6495113372803 31.8714046478271 32.0998802185059 31.4191474914551 31.3763618469238 30.6276416778564 30.5577659606934 30.3308963775635 29.6741180419922 30.1521644592285 30.5841007232666 31.1327781677246 31.5975685119629 31.6122875213623 31.2162551879883 30.7848529815674 30.6140956878662 29.8737316131592 28.5819282531738 28.8846569061279 29.226921081543 29.8182811737061 30.2017478942871 29.6214447021484 29.7070598602295 28.8508491516113 27.8654232025146 28.1614780426025 28.3829002380371 29.501558303833 30.4982719421387 31.4787654876709 31.4433441162109 29.7098522186279
32.9705657958984 33.1980323791504 33.037467956543 32.9876251220703 32.8543014526367 32.6059379577637 32.2475929260254 31.7790679931641 31.9558906555176 32.4750175476074 32.6328430175781 32.5842056274414 32.3747863769531 32.2241477966309 31.8625526428223 31.1062507629395 31.3054103851318 31.0616321563721 31.1997718811035 30.2906112670898 30.2962951660156 30.1577816009521 30.2632236480713 30.9363250732422 31.5180397033691 31.7004356384277 30.8037204742432 29.9476299285889 30.0399894714355 29.9555473327637 29.3803539276123 28.8442573547363 28.423246383667 28.8934783935547 29.7997970581055 29.2072467803955 28.9899349212646 28.9499778747559 28.0181770324707 27.7049140930176 27.9369506835938 28.0568580627441 28.9701023101807 30.5359401702881 30.9943923950195 29.8002548217773
32.6831436157227 33.1069068908691 33.1782150268555 33.0347480773926 32.8262138366699 32.7041854858398 32.5081329345703 32.0428657531738 31.7113418579102 32.3987655639648 32.6374053955078 32.2396354675293 31.5203533172607 31.5894374847412 31.695779800415 31.6728668212891 31.7137565612793 31.568229675293 31.3629283905029 31.0558547973633 30.7355136871338 30.1144733428955 30.4515266418457 31.2828903198242 31.7316074371338 31.6331443786621 30.9461078643799 30.7947692871094 30.2992458343506 29.7983627319336 28.5653877258301 28.1951961517334 29.2748470306396 29.1432399749756 28.9452838897705 28.720142364502 28.5178031921387 28.8192272186279 28.285343170166 27.5456466674805 27.5892238616943 27.0426235198975 27.9140701293945 29.0880565643311 29.412073135376 28.7979259490967
32.3564796447754 32.6834831237793 33.197998046875 33.1001815795898 32.965274810791 32.8804931640625 32.6930389404297 32.3172264099121 32.3015556335449 32.5381736755371 32.683235168457 32.3076210021973 31.9723358154297 31.2216625213623 31.3984813690186 31.6914348602295 31.826021194458 32.0260124206543 31.5767669677734 31.3808040618896 30.9830341339111 30.6255874633789 30.7041549682617 31.2734889984131 31.7105693817139 31.6203536987305 30.9399089813232 30.2030277252197 29.2130641937256 29.2183837890625 28.8651371002197 28.8242034912109 29.686279296875 29.4398574829102 28.5521678924561 28.3051204681396 28.7952461242676 28.5171337127686 28.1438961029053 27.5984802246094 27.6643962860107 27.4195232391357 27.0816383361816 27.8286190032959 28.277193069458 28.6026859283447
32.1908531188965 32.2677688598633 33.1662940979004 33.1664619445801 33.0803260803223 32.9544372558594 32.7879028320312 32.4493179321289 32.4894599914551 32.7859382629395 32.7326812744141 32.542537689209 32.1728057861328 31.6761569976807 31.5753650665283 31.8862361907959 32.2086524963379 32.2009124755859 31.9406757354736 31.4787769317627 30.9728260040283 30.6500072479248 30.8182182312012 30.9750823974609 31.1985340118408 31.5410919189453 30.5749206542969 29.7898120880127 29.1892414093018 29.4356346130371 29.5101566314697 29.4411029815674 29.8654804229736 29.3433055877686 29.1007194519043 29.020112991333 28.606502532959 28.024486541748 28.5619258880615 28.8024234771729 28.3746604919434 27.9378242492676 27.4206027984619 27.8833656311035 28.4279861450195 28.8404388427734
32.3596496582031 32.8801689147949 33.1605033874512 33.1212310791016 33.1336097717285 33.0372123718262 32.9029922485352 32.5228080749512 32.6121482849121 32.9276733398438 32.7281455993652 32.665412902832 32.4491195678711 32.5242309570312 32.4271087646484 32.4097938537598 32.4292068481445 32.3507347106934 32.1266822814941 31.6017208099365 31.3308963775635 31.5050182342529 31.7736053466797 32.012523651123 31.8689270019531 31.4488658905029 31.2555465698242 30.7771987915039 30.4178371429443 30.2402667999268 30.3112087249756 30.1186294555664 30.0297164916992 29.4618549346924 28.9058265686035 28.4609603881836 27.9340763092041 29.0571556091309 29.3543701171875 29.3092231750488 27.9685440063477 27.9115962982178 27.4322128295898 27.1669883728027 28.5006084442139 29.0779914855957
32.8134346008301 33.0382537841797 33.1051330566406 33.0240745544434 33.0404624938965 33.0909194946289 33.0402374267578 32.9193649291992 32.7104187011719 32.8515968322754 32.8225440979004 32.7587089538574 32.6305389404297 32.5291061401367 32.4229049682617 32.3467636108398 32.5012550354004 32.415412902832 32.2740745544434 32.1632843017578 32.0633583068848 32.0352668762207 31.83371925354 31.9563770294189 31.5164184570312 30.5036087036133 30.4603424072266 30.0555019378662 29.5064697265625 30.2898654937744 30.5743198394775 30.5489063262939 29.808572769165 29.5120639801025 29.3999271392822 29.3509502410889 29.3452377319336 29.0415725708008 29.6742973327637 30.0253582000732 29.5168571472168 29.0787315368652 28.4468898773193 27.9072246551514 28.9860382080078 29.4977073669434
32.0318870544434 32.6295700073242 33.0716133117676 33.003173828125 32.8793601989746 32.9813804626465 32.9469261169434 32.7784004211426 32.3551292419434 32.4055366516113 32.7453575134277 32.5590515136719 32.0293426513672 32.2027702331543 32.3921127319336 31.8378982543945 32.2861442565918 32.4761848449707 32.4275703430176 32.3797378540039 32.3260612487793 31.9272747039795 31.2892799377441 31.6879196166992 31.521598815918 31.2551975250244 31.1890087127686 30.8601951599121 30.5031185150146 30.7706718444824 30.7329349517822 30.4861125946045 30.0495777130127 30.2985877990723 30.2683582305908 29.3428058624268 29.913501739502 29.0803470611572 29.4110279083252 30.1785831451416 30.1674346923828 29.9277000427246 29.1872310638428 28.3689079284668 29.0121536254883 29.7862644195557
31.1469192504883 32.1858253479004 32.9497184753418 33.082592010498 33.0166130065918 32.9928970336914 32.8978462219238 32.7876358032227 32.5707855224609 32.0549011230469 31.6556625366211 32.4109878540039 31.5736713409424 31.2674255371094 32.1508445739746 31.7945823669434 31.7840347290039 32.2598915100098 32.2920150756836 32.296516418457 32.3098373413086 32.2942428588867 32.1591186523438 31.9267597198486 31.5102424621582 31.132080078125 31.1570587158203 31.1055145263672 31.0543022155762 30.8781642913818 30.7157135009766 30.3264808654785 30.0604572296143 30.7005558013916 30.5866413116455 30.3285083770752 30.3530235290527 29.8001766204834 29.4641494750977 30.1438007354736 30.3447036743164 29.7378997802734 28.4944190979004 27.4040508270264 27.8605709075928 29.5904331207275
32.1563682556152 32.0004386901855 32.5969009399414 32.789234161377 33.0182647705078 32.9893379211426 32.8793983459473 32.7422714233398 32.5898780822754 32.3014869689941 31.6598873138428 32.0891265869141 31.0475940704346 30.809591293335 31.5628490447998 31.4247035980225 30.7578239440918 31.8529491424561 31.8518238067627 31.8371391296387 32.0983200073242 32.2672958374023 32.1740264892578 31.7543239593506 30.9329872131348 30.3752021789551 30.0075340270996 30.3459930419922 30.8945236206055 30.3391723632812 30.1355762481689 29.4118614196777 30.1147594451904 30.9455318450928 30.7724475860596 30.5911884307861 30.6514282226562 30.2410736083984 29.8916625976562 30.1802635192871 30.3868751525879 29.3084163665771 28.345365524292 28.6644401550293 29.0223922729492 29.6172790527344
32.2894134521484 32.6492538452148 32.7326774597168 32.7497406005859 32.8945617675781 32.9544677734375 32.901538848877 32.8208122253418 32.6685752868652 32.2157516479492 31.8287124633789 31.4653491973877 31.0728759765625 30.7251491546631 31.2400379180908 31.106481552124 31.1412506103516 30.9743556976318 30.7332515716553 30.7224864959717 31.8599071502686 32.1387100219727 32.1236572265625 32.0238876342773 31.4494361877441 30.3400936126709 29.0009174346924 29.8083686828613 30.5954761505127 29.6872482299805 30.0605411529541 30.6366157531738 30.9284973144531 31.2008438110352 31.1235790252686 30.9386749267578 30.4917945861816 29.7003402709961 30.150369644165 30.3818054199219 30.7011318206787 30.3798389434814 30.2481555938721 30.2383117675781 30.2030258178711 29.6697235107422
32.5245742797852 32.5205192565918 32.3788299560547 32.4841232299805 32.935962677002 32.8352928161621 32.8601531982422 32.8480186462402 32.7600784301758 32.4157409667969 31.3301315307617 31.4264717102051 31.0110206604004 29.9326305389404 30.6487808227539 30.4326648712158 30.2803516387939 29.6263236999512 30.4353675842285 30.7993240356445 31.861967086792 31.8982448577881 32.037281036377 32.1440734863281 31.3212089538574 30.3025703430176 29.2083492279053 29.9677982330322 30.562313079834 30.0976829528809 30.5784664154053 31.0168762207031 31.3908386230469 31.4039134979248 30.9901733398438 30.7490272521973 30.417272567749 30.1699466705322 30.6837482452393 30.7758083343506 30.8241062164307 30.7606449127197 30.6556072235107 30.0458221435547 29.2483692169189 29.224365234375
32.667163848877 32.6656303405762 32.6512336730957 32.5166130065918 32.9500617980957 32.95263671875 32.9032363891602 32.8520584106445 32.7890739440918 32.6944999694824 32.3781127929688 31.6681900024414 30.8657875061035 29.7348251342773 30.0478191375732 30.0182304382324 29.6109561920166 29.8948440551758 30.1406955718994 31.1312580108643 31.8866710662842 31.4970436096191 32.1769104003906 32.0339431762695 31.4711284637451 31.2467460632324 30.2413997650146 30.3543491363525 30.6934375762939 30.5354957580566 31.1216430664062 31.1051273345947 31.5331020355225 31.4730110168457 31.3379707336426 31.1124134063721 30.3308982849121 30.5014705657959 30.7599906921387 30.7649002075195 30.8075256347656 30.6881237030029 30.6293048858643 30.1524314880371 30.0929508209229 29.9815616607666
