inst/extdata/Tmax/Tmax8.asc
NCOLS 100 
NROWS 79 
XLLCORNER 148.06 
YLLCORNER -21.49 
CELLSIZE 0.01 
NODATA_value -3.4e+38 
[rows 0 to 19 of 79, columns 0 to 45 of 100]
28.308568954467798 28.3668460845947 27.5808086395264 28.599946975708 28.6234245300293 28.9416408538818 28.9603042602539 28.7026672363281 28.4508438110352 28.5831317901611 28.1068744659424 28.0833358764648 28.0810070037842 26.8732643127441 27.3470401763916 27.7382125854492 27.9766483306885 28.0150394439697 26.5826072692871 25.9537162780762 25.0337047576904 23.5848140716553 24.1053295135498 25.5770149230957 26.2312908172607 26.8722019195557 26.4467830657959 26.412166595459 26.637939453125 26.2180881500244 24.0905857086182 22.0119724273682 20.169584274292 20.3020210266113 18.9527034759521 17.5346298217773 17.0947360992432 16.7461910247803 17.48899269104 19.5561141967773 21.3292293548584 21.6492805480957 22.2172260284424 27.7578163146973 27.3638515472412 26.3383693695068
28.9287242889404 27.8525905609131 26.3966026306152 27.1049728393555 27.0451526641846 28.1443614959717 28.6445503234863 28.8261699676514 29.3881092071533 29.4624443054199 28.8452339172363 27.8561458587646 28.4900798797607 27.4143295288086 27.6730861663818 27.326681137085 28.1688346862793 27.9686946868896 27.0983276367188 26.1263465881348 26.3865509033203 25.5526390075684 25.2743396759033 25.735050201416 26.2262687683105 26.7414875030518 27.1477966308594 27.1047973632812 26.7597675323486 26.2927417755127 25.1191539764404 23.0645771026611 20.9588146209717 23.2102851867676 19.9163398742676 18.5095252990723 17.8626403808594 18.8475036621094 20.0511856079102 20.9307155609131 22.328483581543 22.3473434448242 25.5272521972656 26.3169612884521 26.934289932251 25.79833984375
28.7451190948486 27.721004486084 27.7507266998291 28.307107925415 27.6378059387207 27.9957637786865 28.4400997161865 28.9862632751465 29.3975677490234 29.4640064239502 28.9295120239258 28.1756782531738 28.4754123687744 28.0311508178711 27.4392166137695 27.4543590545654 27.5618267059326 27.863000869751 27.0085029602051 26.491512298584 25.9647121429443 26.2068901062012 25.6857872009277 25.9871940612793 26.8830661773682 27.0797805786133 27.05837059021 27.0287666320801 27.223316192627 26.6387462615967 26.8873996734619 25.4105987548828 26.455530166626 23.2156009674072 25.1580104827881 19.1718368530273 18.1255931854248 17.7795600891113 19.0054092407227 20.2093391418457 21.8944396972656 28.0907573699951 27.9938697814941 24.59765625 24.4365749359131 26.9747104644775
29.2948188781738 29.057653427124 28.086498260498 29.1712017059326 28.366792678833 27.8195018768311 28.4417591094971 28.9120979309082 29.2318859100342 29.3968563079834 29.1687717437744 28.6397743225098 28.5267143249512 28.5168685913086 28.1255512237549 28.0417060852051 28.1903495788574 27.7551822662354 27.5339584350586 26.5015296936035 26.2137889862061 25.9165935516357 26.0221767425537 26.03537940979 26.7035350799561 26.9645843505859 26.876859664917 26.8925666809082 26.5546474456787 25.6843776702881 25.909143447876 26.9787101745605 25.589241027832 23.3603630065918 19.3887710571289 18.3887157440186 18.610897064209 17.9970149993896 17.9440021514893 17.4263496398926 19.1776447296143 21.5773181915283 25.0731391906738 28.6180992126465 22.7654647827148 22.8130722045898
29.9988632202148 29.1778717041016 29.0048236846924 29.5610427856445 29.1491355895996 28.6248474121094 28.0191020965576 29.0141983032227 29.8504123687744 29.1045989990234 29.2908020019531 28.9936237335205 28.916431427002 28.754524230957 28.2568950653076 27.922887802124 27.9330444335938 27.3685073852539 26.6430549621582 25.8047103881836 25.8471755981445 26.3455142974854 26.3815250396729 26.6245708465576 26.3342323303223 26.2380084991455 27.4945449829102 26.7008934020996 26.5534858703613 26.711389541626 26.1096954345703 26.2884311676025 25.500467300415 24.5217990875244 25.0020179748535 20.1225929260254 19.6054553985596 19.0581531524658 17.6735305786133 17.5255222320557 17.3390560150146 21.1216793060303 24.3123302459717 26.3304481506348 22.1865787506104 21.3223361968994
30.5189208984375 29.8900699615479 29.1127471923828 29.4626426696777 29.6599578857422 29.0640659332275 29.0063362121582 29.279411315918 29.4746284484863 29.2614879608154 29.1269931793213 29.5661754608154 29.0885601043701 28.5772361755371 27.6125030517578 27.939546585083 27.859281539917 27.0448474884033 26.291410446167 25.6721725463867 25.7330989837646 26.4158191680908 26.5313549041748 26.4586067199707 27.2555637359619 26.8536167144775 26.9871921539307 25.9286327362061 25.7495021820068 25.0158729553223 24.2029800415039 25.2404689788818 25.9194984436035 25.0243988037109 24.5701942443848 24.887716293335 20.2476329803467 19.6481781005859 19.1041984558105 18.4854488372803 17.5972080230713 20.1699829101562 25.3475914001465 24.3622035980225 22.4450092315674 19.6704959869385
29.571964263916 30.145565032959 29.991512298584 30.3107986450195 29.7836246490479 29.4142322540283 28.4611492156982 28.8188171386719 29.4107246398926 29.6033897399902 29.8367538452148 29.8279228210449 28.7794742584229 28.2568531036377 28.1727313995361 28.1871948242188 27.6668338775635 26.8920116424561 26.3891944885254 25.8315544128418 25.1880836486816 25.8870391845703 26.4028797149658 26.6884689331055 27.0234985351562 27.3752555847168 27.277925491333 26.3731861114502 26.1321334838867 24.2733936309814 23.4101982116699 22.6074905395508 23.9299068450928 24.7512016296387 24.5868072509766 24.1433143615723 20.6091156005859 18.7879371643066 18.916561126709 18.7344284057617 18.663667678833 20.4607124328613 26.1750259399414 27.2805995941162 22.6969795227051 25.3994407653809
30.2208862304688 29.6866245269775 30.4159126281738 30.5447788238525 29.9148044586182 29.6409702301025 28.5851669311523 28.6857166290283 29.2606334686279 29.468822479248 29.4240665435791 29.2105026245117 28.3820133209229 28.8975505828857 28.7793102264404 27.484281539917 27.1655006408691 26.3424510955811 26.8211765289307 25.6169528961182 24.5659732818604 25.2046890258789 25.7430667877197 26.7911567687988 27.1043586730957 27.3725872039795 27.1068859100342 26.128173828125 25.709867477417 25.15842628479 22.9344692230225 22.521858215332 23.2812194824219 23.131368637085 23.7077369689941 23.9315013885498 19.918285369873 18.9524097442627 18.4458427429199 18.9252700805664 19.0874691009521 20.2471904754639 21.3427906036377 22.4834308624268 22.5727291107178 20.3468437194824
29.4635486602783 30.1140365600586 29.7508411407471 29.9032382965088 29.8060665130615 29.7466831207275 29.3080883026123 28.5236759185791 28.919116973877 29.3775691986084 29.5276165008545 29.9347915649414 30.1383075714111 28.9882373809814 28.5611248016357 27.2344589233398 27.0568923950195 26.9481334686279 27.1831741333008 25.8055610656738 25.8035297393799 25.4041595458984 25.7484588623047 26.6703224182129 27.1996269226074 27.5007629394531 26.4716663360596 24.8100852966309 25.2730712890625 25.1155109405518 24.0223922729492 23.0001201629639 22.6364898681641 22.038537979126 24.7109279632568 22.6324272155762 23.477933883667 23.756763458252 18.6159648895264 18.4187335968018 18.5171146392822 18.7153644561768 19.2997283935547 20.9937934875488 21.6459503173828 20.2762088775635
28.8159866333008 29.7598857879639 29.9820709228516 30.4413185119629 29.7842464447021 29.8531608581543 29.380952835083 28.8592720031738 29.0150184631348 29.0161170959473 29.4600105285645 29.4819927215576 28.3768768310547 28.2940921783447 28.269437789917 28.0272121429443 27.8682708740234 27.5589160919189 27.0140285491943 26.8310966491699 26.8038692474365 25.8961696624756 26.3299522399902 27.1916084289551 27.9405746459961 27.8260498046875 26.6526660919189 26.0670433044434 25.2812080383301 24.1044750213623 23.1370220184326 22.7175579071045 22.9215068817139 23.557243347168 23.9445190429688 22.234790802002 19.2152805328369 22.5888442993164 19.204195022583 18.1453876495361 18.1380596160889 17.7211837768555 18.4319763183594 19.6021556854248 19.676830291748 19.3502368927002
29.1264991760254 30.1567420959473 30.0707969665527 29.5421524047852 30.2654609680176 30.419677734375 29.8410472869873 29.2441558837891 29.3268642425537 29.3225517272949 29.6715621948242 29.0862140655518 28.7968502044678 27.6206226348877 27.7861080169678 27.8340740203857 27.7917499542236 27.9493312835693 27.5005950927734 27.4455947875977 26.2905139923096 26.1948299407959 26.0357685089111 26.9584465026855 27.2816219329834 28.1043434143066 26.4173793792725 24.5207042694092 23.6886444091797 23.5007190704346 23.0598487854004 23.5043621063232 24.3063621520996 24.2120094299316 23.5734558105469 21.7672290802002 19.4036731719971 19.0487632751465 19.0055999755859 18.1477794647217 18.2543811798096 17.7641620635986 17.5866279602051 18.4290904998779 18.9544525146484 19.3097915649414
29.6086845397949 29.0316047668457 29.7256736755371 29.8619289398193 29.9232177734375 30.8457527160645 30.1358451843262 29.3783760070801 29.1939945220947 29.4802207946777 29.17795753479 29.6458320617676 29.2630004882812 28.6803245544434 28.4371089935303 28.2467098236084 28.4907646179199 28.2883567810059 28.0455417633057 27.3302459716797 26.4850273132324 26.0175952911377 26.489164352417 26.4661731719971 26.3301982879639 26.9426441192627 25.3384857177734 24.5120620727539 23.9044857025146 24.1910190582275 24.4852123260498 24.4572868347168 24.452299118042 23.8963108062744 23.7836456298828 22.7048988342285 23.4356536865234 18.3718433380127 19.0546741485596 19.3235664367676 19.0593032836914 18.6836681365967 17.7520771026611 18.5590572357178 18.8803462982178 19.0060920715332
29.7353839874268 29.8662185668945 29.8956851959229 30.6004085540771 30.4806041717529 30.5408878326416 29.8688774108887 29.1331558227539 29.473596572876 30.4697265625 29.4606227874756 29.8048915863037 29.1132793426514 29.6047897338867 29.1301097869873 28.821403503418 29.3154716491699 28.7824649810791 28.4957580566406 27.18674659729 26.9533634185791 27.3735656738281 27.4529628753662 27.9111595153809 27.7576904296875 27.1979389190674 26.8028621673584 25.9545249938965 25.1106185913086 24.7803058624268 25.6296119689941 25.3212184906006 25.1520023345947 24.6033401489258 23.2032585144043 22.4236831665039 21.2182292938232 22.719877243042 21.6608581542969 19.9822521209717 18.3477973937988 18.0970211029053 17.6281185150146 17.3385334014893 19.1959648132324 19.609395980835
30.4279155731201 30.6696243286133 29.3887596130371 29.8709850311279 29.4560451507568 29.4850120544434 30.226541519165 29.6478099822998 29.8373279571533 29.7954216003418 29.7481212615967 29.568265914917 29.1933994293213 28.7322692871094 29.0585670471191 28.6651916503906 29.0674991607666 28.7785263061523 28.5751132965088 27.91233253479 28.108865737915 28.1719799041748 27.8979454040527 28.0329246520996 27.2517261505127 25.4830322265625 25.0772514343262 24.9971542358398 24.2490406036377 24.7384967803955 25.6535301208496 25.444507598877 24.8933372497559 24.0960083007812 23.4208698272705 24.9712390899658 23.489673614502 19.7543601989746 23.9604759216309 25.3584175109863 24.5263137817383 19.8995952606201 18.917818069458 18.6667766571045 19.3571395874023 20.2478942871094
28.9010639190674 29.1333274841309 29.6822299957275 30.0920295715332 29.8359432220459 29.6693801879883 29.6766815185547 30.357982635498 29.2730979919434 29.0503578186035 29.1520595550537 28.9161472320557 28.2643375396729 28.2022724151611 28.5211925506592 27.9636287689209 28.8065223693848 28.8744125366211 28.7079296112061 28.8020057678223 28.5222511291504 27.8408222198486 27.0460014343262 27.1936779022217 27.062479019165 26.8742198944092 26.5797309875488 25.978946685791 25.3930835723877 26.1075057983398 25.4570407867432 25.7802581787109 25.5484447479248 25.6251316070557 25.2448253631592 23.7357597351074 24.49973487854 23.9378910064697 23.7647228240967 25.3130187988281 25.0487079620361 25.0795478820801 19.8723621368408 18.9177875518799 19.4589157104492 20.5457401275635
27.2813777923584 28.8196544647217 29.8086280822754 29.5351791381836 30.232349395752 30.1911907196045 29.9637393951416 29.5345687866211 30.0926532745361 29.5468921661377 28.069881439209 28.8824253082275 27.6804599761963 26.8470802307129 27.9981288909912 27.822114944458 27.275936126709 27.9573402404785 28.7364749908447 28.4822769165039 28.3422737121582 28.1426124572754 28.0335865020752 27.982982635498 27.6005592346191 27.1957950592041 27.4006061553955 26.9509315490723 26.77197265625 26.4332847595215 26.1901416778564 25.5030136108398 25.464786529541 26.021411895752 25.8428859710693 25.6992263793945 26.1167831420898 24.4018936157227 25.6710529327393 26.2867469787598 25.6201362609863 24.069673538208 18.9927139282227 17.9260292053223 18.6169452667236 19.7150630950928
28.5713653564453 27.4729270935059 28.9113235473633 29.9445972442627 28.9978809356689 28.9732799530029 30.1352005004883 29.4061279296875 29.3232173919678 29.6182174682617 28.4799995422363 28.5047664642334 27.2033195495605 26.580379486084 27.550968170166 26.5326156616211 26.3430042266846 27.4808940887451 27.5129871368408 27.7550983428955 28.3089694976807 28.2753086090088 27.7326316833496 27.7191352844238 26.9404926300049 26.3015117645264 25.6811809539795 26.1090431213379 26.7627868652344 25.6776351928711 25.303409576416 24.5865707397461 24.9820117950439 25.8923320770264 26.1079196929932 25.8319873809814 26.3700122833252 26.3428554534912 25.8098678588867 25.3229198455811 25.5752773284912 23.849437713623 22.5293312072754 19.5583171844482 19.0876693725586 19.9773426055908
28.9705638885498 28.8750858306885 28.9467487335205 30.1210899353027 29.417142868042 29.8338451385498 30.3715496063232 30.3933258056641 30.624454498291 30.3024940490723 29.932222366333 29.4373531341553 27.440824508667 26.7871494293213 27.2612819671631 26.7110137939453 26.4137992858887 26.2473697662354 25.528751373291 26.7629013061523 27.752986907959 28.5710182189941 28.8203506469727 28.2042636871338 26.8148727416992 25.1650047302246 24.2465877532959 25.026798248291 26.0751533508301 25.5041675567627 25.3338565826416 26.2415447235107 26.1742515563965 26.1826992034912 26.8526020050049 25.9351406097412 25.4464530944824 25.3229103088379 25.9270820617676 25.9943428039551 26.4310512542725 25.9999504089355 24.8355293273926 24.343921661377 21.5381240844727 21.0533714294434
30.020959854126 28.799690246582 28.3789043426514 28.9713134765625 29.186393737793 29.7791690826416 30.6060581207275 29.8271923065186 30.7143211364746 30.3126201629639 28.9021892547607 29.1577529907227 28.156795501709 25.2688522338867 25.7230625152588 24.9697666168213 25.3793506622314 24.6910305023193 25.9136867523193 27.0063934326172 28.3273963928223 28.114595413208 28.6708869934082 28.614839553833 27.1833915710449 25.769588470459 24.1748447418213 24.7399406433105 26.368724822998 25.5075340270996 25.8945045471191 26.6900157928467 27.5690326690674 27.5504302978516 26.6902866363525 26.2858142852783 25.7238121032715 25.745174407959 26.5270614624023 26.5090103149414 26.5848426818848 26.4703884124756 26.1478538513184 25.8993167877197 24.0508422851562 20.9748020172119
28.9222621917725 28.9619522094727 29.3484306335449 29.0163021087646 29.7726039886475 29.6709098815918 30.5905208587646 30.5706272125244 29.5329170227051 29.8515186309814 30.1736125946045 29.3011493682861 28.2306003570557 24.8935375213623 25.423942565918 25.528657913208 25.0372829437256 25.4136085510254 25.4736175537109 26.7580299377441 28.0830955505371 27.7469882965088 28.4093894958496 28.4617099761963 27.9381446838379 26.927806854248 25.6367282867432 25.3684368133545 26.1495780944824 26.3924026489258 27.1404361724854 27.577600479126 27.5667877197266 27.5787239074707 27.6399536132812 26.6081581115723 25.7577724456787 25.672758102417 25.7167987823486 26.1999759674072 26.986873626709 26.5556049346924 25.5764102935791 25.6891422271729 24.6007556915283 24.0093002319336
