inst/extdata/Tmax/Tmax15.asc
NCOLS 100 
NROWS 79 
XLLCORNER 148.06 
YLLCORNER -21.49 
CELLSIZE 0.01 
NODATA_value -3.4e+38 
[rows 20 to 39 of 79, columns 0 to 45 of 100]
26.798540115356399 27.3003787994385 27.4895896911621 27.2167110443115 27.4111881256104 28.2477645874023 27.7791385650635 28.0631542205811 26.8970127105713 26.8151550292969 27.8888549804688 27.4795322418213 26.4023132324219 24.6151371002197 23.475492477417 22.7025661468506 22.3607959747314 23.682804107666 24.6323127746582 25.4370212554932 25.5522804260254 26.01589012146 26.1381912231445 26.4680328369141 26.419605255127 26.1869373321533 25.1687717437744 23.3404273986816 24.263313293457 24.067569732666 25.1715297698975 25.4964237213135 25.5928001403809 25.6809864044189 25.4436492919922 25.1406841278076 24.9220142364502 24.7096481323242 23.8017692565918 24.1449642181396 23.9389381408691 23.0134239196777 23.786865234375 23.605583190918 22.1891613006592 22.3412036895752
27.5521259307861 27.8373794555664 27.8463954925537 27.4676532745361 27.4008159637451 27.3140316009521 26.9044036865234 27.6926956176758 27.9445514678955 28.2025451660156 27.883264541626 27.8910026550293 27.3897933959961 24.8876056671143 23.4015274047852 23.2036876678467 23.3257236480713 23.8971309661865 24.3594264984131 25.3858280181885 26.0397167205811 26.6286869049072 25.6843967437744 26.1620845794678 26.1225719451904 25.8097095489502 25.5541706085205 24.1128063201904 24.2050743103027 25.0992851257324 25.573371887207 25.3451919555664 25.2885189056396 24.0948181152344 23.7859783172607 24.0203895568848 25.0382118225098 23.1666088104248 22.7848968505859 23.0867214202881 22.2938041687012 22.8965854644775 23.0843257904053 20.8939971923828 20.7793998718262 21.5312232971191
27.8244228363037 28.0832653045654 27.8935890197754 27.2035961151123 28.4370574951172 27.5283050537109 27.7871170043945 27.4691829681396 28.1720314025879 27.3596820831299 28.4569931030273 28.0724258422852 27.8737697601318 26.9578495025635 26.1829223632812 24.4723987579346 22.8487243652344 23.3877067565918 23.7551651000977 25.6813621520996 26.5329627990723 25.6706581115723 25.6401863098145 25.1835155487061 24.7538738250732 25.5248203277588 25.4189643859863 25.070125579834 25.0068035125732 25.041784286499 24.6776752471924 24.2324314117432 23.8023242950439 23.3316764831543 22.6822948455811 23.4531402587891 23.5231838226318 22.4310493469238 22.43869972229 22.4276485443115 21.1260643005371 21.0515995025635 21.5321426391602 22.2350368499756 16.7929725646973 21.2531681060791
27.9616031646729 28.4094562530518 28.9179496765137 27.2050933837891 27.1330604553223 27.9881172180176 27.0557117462158 28.0298366546631 28.2304172515869 27.3296070098877 27.8920040130615 27.7758846282959 27.9885654449463 27.0644130706787 25.2400169372559 24.3345222473145 23.201587677002 23.5373935699463 24.1627330780029 25.125617980957 25.5832805633545 26.051929473877 25.2995338439941 24.0440292358398 24.5136528015137 24.6098003387451 24.6163368225098 25.3838768005371 25.7121734619141 25.474063873291 25.1148166656494 24.17848777771 23.5673847198486 23.6981410980225 24.1260986328125 23.8515205383301 21.7415657043457 21.3993530273438 21.8527565002441 22.1842632293701 20.8173046112061 20.6061420440674 20.1727714538574 18.435754776001 19.9274711608887 20.042329788208
28.1551513671875 28.0335693359375 27.8501014709473 28.5709934234619 28.6640892028809 28.3464584350586 27.1153392791748 28.1882171630859 26.7596893310547 26.9908065795898 27.0318202972412 26.7840480804443 26.6157531738281 26.9585151672363 25.4654731750488 24.0109519958496 23.3386936187744 23.2297058105469 24.3357257843018 24.5050392150879 25.7576808929443 25.923698425293 23.4004383087158 23.1748943328857 23.3873386383057 23.7394390106201 23.9849395751953 25.1583499908447 25.5495147705078 24.9408130645752 25.3541107177734 24.9227867126465 24.8369598388672 24.6923370361328 24.1481418609619 23.7404346466064 23.1246223449707 22.3678245544434 21.1625518798828 20.5927238464355 19.4643096923828 18.4886569976807 19.1523876190186 21.0192546844482 16.0747509002686 15.8716230392456
28.6071147918701 28.3227138519287 28.772029876709 28.1145324707031 28.6307563781738 28.4874858856201 28.3452491760254 28.1172924041748 27.9536209106445 26.5762519836426 27.6184692382812 26.9208946228027 26.1255779266357 26.2586688995361 26.2884845733643 26.1477813720703 24.9064140319824 24.6832122802734 25.3062839508057 25.8940334320068 25.2098541259766 23.614652633667 23.1196117401123 21.9803581237793 22.6706790924072 23.4987411499023 23.5195999145508 24.2625408172607 25.315788269043 25.1431465148926 23.6447944641113 24.5132808685303 24.3329315185547 24.3539619445801 23.9490280151367 23.6653804779053 23.0633563995361 22.0110912322998 19.6811275482178 20.2143135070801 18.7410106658936 19.8322563171387 21.3494625091553 20.7639617919922 16.0559825897217 15.2636404037476
26.6456890106201 27.8538875579834 28.89697265625 28.660343170166 28.5403003692627 28.3779125213623 28.2554264068604 28.2674579620361 27.9874153137207 26.7300109863281 26.2922992706299 26.4866828918457 26.3116912841797 26.0224952697754 26.1295680999756 25.1859664916992 24.408166885376 24.5295124053955 25.3924045562744 25.2570037841797 24.9524211883545 25.198657989502 24.0399284362793 22.7354412078857 22.1861534118652 22.8844528198242 24.1304683685303 25.2659683227539 24.7164821624756 24.8907146453857 24.2115879058838 24.0181522369385 24.2000885009766 23.7049579620361 23.6971969604492 22.9997291564941 21.6823806762695 21.898946762085 17.3190879821777 15.6824369430542 18.3616065979004 15.8992471694946 20.710620880127 16.9902935028076 19.3521499633789 15.0135955810547
26.814868927002 26.4297885894775 27.5690040588379 28.4308338165283 28.3869190216064 28.2614555358887 28.437536239624 28.560941696167 28.1650333404541 27.4357681274414 26.9779529571533 26.2814788818359 26.1073780059814 26.4924583435059 24.9400291442871 25.1443653106689 24.701997756958 24.2522087097168 24.5761489868164 24.6484222412109 24.6790161132812 24.7440376281738 24.3072757720947 23.1365623474121 23.0182189941406 23.2532958984375 22.7408618927002 25.1213989257812 25.4416580200195 24.1598052978516 23.9982376098633 24.0595016479492 24.3088569641113 23.5252838134766 23.2604713439941 22.4629344940186 21.0005531311035 21.3128032684326 21.0509986877441 19.8887596130371 18.7104072570801 19.1581916809082 18.9712352752686 16.2813835144043 15.6682662963867 15.3127937316895
25.6282215118408 26.0664672851562 26.6439056396484 27.5434188842773 28.5784492492676 28.0649490356445 28.4843006134033 28.1301097869873 28.1422786712646 27.1754035949707 27.2669925689697 26.4689617156982 26.7461433410645 26.722204208374 26.4379348754883 24.3156185150146 24.342866897583 24.1324348449707 24.489200592041 25.4019184112549 24.1953964233398 24.6769618988037 23.7235355377197 22.7444667816162 23.0068511962891 23.3310012817383 23.3045215606689 24.0174942016602 24.6724243164062 24.55495262146 24.7091846466064 23.77414894104 23.3700370788574 22.2645854949951 21.6343765258789 20.6984176635742 20.9876747131348 21.012035369873 21.1432266235352 18.6637725830078 15.7704381942749 15.8266763687134 19.1967315673828 15.5830726623535 15.7919931411743 15.6856546401978
24.5645008087158 25.223913192749 25.8196792602539 26.54372215271 27.929386138916 27.94602394104 27.2878398895264 28.4610633850098 28.2594108581543 27.9073944091797 26.79612159729 27.2235260009766 26.5723686218262 26.2909774780273 26.870454788208 26.6459426879883 26.2537441253662 24.499849319458 24.7571830749512 24.7368717193604 24.6798095703125 24.6562614440918 24.2171897888184 23.2640571594238 23.0514831542969 23.0811748504639 22.6313991546631 23.9862422943115 24.7780208587646 24.2457218170166 24.963399887085 23.5593585968018 22.5221996307373 22.3821754455566 21.8708553314209 21.5122680664062 21.4730072021484 20.8774929046631 20.2378711700439 19.8444671630859 20.9745941162109 20.9555854797363 18.5177631378174 18.5218238830566 15.8495798110962 16.7144565582275
25.0822067260742 25.6994781494141 25.821662902832 26.59255027771 26.8675575256348 26.6599884033203 26.8532257080078 27.9000396728516 27.8597545623779 27.3731956481934 27.8540172576904 27.7681217193604 27.8060817718506 26.9984130859375 27.0354461669922 27.0410995483398 25.8527240753174 25.3210563659668 24.3877124786377 24.7545318603516 24.5759716033936 23.9981746673584 23.7984924316406 23.4081287384033 22.8480014801025 22.1550254821777 22.5515594482422 24.231424331665 24.5272693634033 24.674732208252 24.9502906799316 25.1278209686279 23.5712032318115 22.4331550598145 21.7106990814209 22.5215950012207 22.1056594848633 21.4200134277344 20.5928153991699 20.600830078125 22.4068202972412 22.281400680542 21.878547668457 21.0282211303711 17.7883720397949 17.0885257720947
26.0965538024902 26.0107860565186 26.8847312927246 27.7172813415527 28.2090091705322 26.9213542938232 26.9934616088867 28.2604522705078 28.2192401885986 27.5525207519531 27.9665870666504 27.6092624664307 27.5603351593018 27.1812419891357 26.247688293457 26.5942096710205 24.3630504608154 23.0640926361084 24.4472160339355 24.0919952392578 24.0712070465088 24.2310199737549 23.7029304504395 23.4528141021729 23.038948059082 23.0315608978271 23.3844432830811 24.5372619628906 25.1729869842529 24.2213649749756 24.6936550140381 24.6998844146729 24.9675598144531 24.1278114318848 23.469274520874 22.3950481414795 22.3961296081543 22.4633731842041 22.0456867218018 23.5729961395264 22.5902137756348 22.2119674682617 17.1704406738281 18.809061050415 16.3999824523926 15.719931602478
25.6439552307129 26.9867343902588 26.8487281799316 26.9488506317139 28.1306495666504 27.3207206726074 27.9367561340332 27.5842208862305 28.1610469818115 27.1496505737305 28.120813369751 27.6153125762939 27.5962924957275 27.001838684082 26.6029891967773 26.0869617462158 26.072244644165 24.3860206604004 23.23854637146 23.5993347167969 23.6731185913086 24.1962432861328 23.5796070098877 23.672061920166 23.2992687225342 23.1096992492676 24.7800216674805 24.8351154327393 24.6858921051025 26.1269779205322 24.8213138580322 24.3550968170166 25.4878349304199 25.331600189209 24.6193332672119 23.9551258087158 23.6035003662109 23.5351009368896 23.0764656066895 23.2597789764404 22.4981822967529 20.0246448516846 15.3969421386719 15.7153167724609 15.8991918563843 14.6277885437012
26.380823135376 26.5143260955811 27.1091918945312 26.0719318389893 26.6129856109619 25.557315826416 26.2613716125488 27.5936126708984 28.1081409454346 27.908540725708 28.2108039855957 27.4383373260498 27.2835807800293 27.3403511047363 26.734167098999 26.5133285522461 26.9044303894043 26.4319152832031 25.7127876281738 25.3040466308594 24.1190223693848 23.8616180419922 24.3845367431641 24.032320022583 23.6525897979736 23.2502975463867 24.7861499786377 25.4881610870361 25.0099239349365 25.1900177001953 24.9698448181152 23.8806838989258 23.557559967041 23.53542137146 23.937650680542 24.1548709869385 24.1865463256836 24.6487331390381 24.2233486175537 24.3542404174805 22.6483306884766 18.1275081634521 16.6293754577637 16.8653869628906 16.6714267730713 15.7057275772095
26.8897342681885 27.2691020965576 27.0351886749268 25.247688293457 25.9402904510498 26.9731216430664 26.1942043304443 27.6118087768555 27.989294052124 27.6285362243652 28.0727157592773 27.7785396575928 28.1112117767334 27.6228828430176 27.2138271331787 27.0393257141113 26.7567329406738 26.4531135559082 26.0444507598877 25.0837459564209 23.6638374328613 24.7226295471191 25.1393280029297 23.9826793670654 23.5536193847656 23.4558963775635 23.3021049499512 24.6000099182129 24.4597187042236 23.5390510559082 24.496711730957 23.4550323486328 23.0500373840332 23.092737197876 22.8075313568115 22.9813671112061 23.6278972625732 23.1412563323975 23.7944011688232 23.5580158233643 21.895486831665 21.5983581542969 18.7833290100098 18.1492805480957 17.4563140869141 17.370002746582
26.6132755279541 27.9455661773682 27.0186309814453 26.1952285766602 24.6633281707764 26.9541854858398 28.3521499633789 26.4909801483154 27.4772834777832 28.0739974975586 27.9639663696289 27.8092365264893 27.3048496246338 27.4513568878174 27.1007518768311 27.2656726837158 26.3339557647705 25.9011116027832 25.824182510376 25.2750644683838 24.2094745635986 24.8680171966553 24.038501739502 22.6839656829834 23.0781230926514 22.6639137268066 24.0409317016602 23.2704639434814 23.1199321746826 20.5245342254639 22.4006938934326 22.9602565765381 23.2670211791992 22.9376125335693 22.9653453826904 22.0597743988037 22.2406177520752 22.618709564209 23.5687065124512 22.8940563201904 18.045389175415 17.732349395752 17.478630065918 17.9973945617676 17.7339630126953 16.5814895629883
27.2044086456299 26.3493881225586 27.670877456665 26.9530143737793 26.821647644043 26.8321571350098 26.8528957366943 26.9417819976807 27.1005458831787 28.4158935546875 28.4148578643799 27.8510723114014 27.7306652069092 27.9862575531006 27.7328624725342 26.5989055633545 25.9778537750244 25.9239521026611 25.9144382476807 25.9078636169434 25.2365074157715 24.2667846679688 23.2101135253906 22.9748096466064 23.2603073120117 23.8836212158203 24.4464893341064 23.5655097961426 23.2306594848633 21.2968807220459 21.0737075805664 20.0999908447266 21.6041793823242 22.966100692749 22.9208641052246 21.0633869171143 21.0200538635254 20.6419944763184 20.4163017272949 16.9096355438232 16.9123783111572 16.1718692779541 16.6842746734619 17.5749645233154 17.6093368530273 16.0238819122314
26.5664863586426 26.0567378997803 27.3576946258545 26.1629886627197 26.3201656341553 26.3384609222412 25.1271343231201 25.9094696044922 26.9417724609375 27.2591495513916 27.9928512573242 28.0199337005615 27.8983821868896 27.3942756652832 27.7243709564209 27.6080932617188 26.9201526641846 25.629581451416 26.141242980957 25.6804103851318 25.5075225830078 24.8088836669922 23.3788814544678 23.2129325866699 22.6782379150391 23.3185291290283 24.2448062896729 23.3577556610107 23.5449542999268 23.2327671051025 23.2168769836426 22.1322441101074 21.8023548126221 20.5502738952637 16.550012588501 15.3715753555298 15.5094699859619 15.2748355865479 15.2097587585449 15.4466581344604 15.6370878219604 15.7328653335571 16.020580291748 16.8531875610352 17.1880226135254 16.722053527832
26.5458927154541 25.9237289428711 25.9609909057617 27.1678352355957 26.8509578704834 26.9734306335449 25.5379180908203 24.6805877685547 25.6023349761963 26.509033203125 27.8086471557617 28.1596183776855 28.0666446685791 27.8894672393799 26.8110485076904 26.4032917022705 26.4033908843994 26.0114288330078 26.4569778442383 26.324987411499 26.2968921661377 25.0113849639893 24.3710021972656 23.9825210571289 23.1135768890381 23.8960590362549 23.6186485290527 23.7545623779297 22.1079540252686 23.0287570953369 22.2510929107666 22.0564708709717 22.3334369659424 21.6529693603516 20.1976928710938 15.006103515625 14.6136837005615 14.5231227874756 14.3311986923218 14.8861274719238 15.5208129882812 17.0287437438965 15.5813093185425 16.6881408691406 16.1657810211182 16.0393676757812
26.1525135040283 25.6552352905273 26.8988361358643 26.8742046356201 27.1267967224121 26.2374286651611 25.9005584716797 25.2485179901123 26.142406463623 25.5165958404541 26.4534149169922 27.94748878479 27.6678829193115 27.4565143585205 26.7627868652344 27.0580387115479 25.40895652771 25.6646022796631 26.0524959564209 25.8541774749756 25.9383907318115 25.2883586883545 25.3609237670898 24.7884769439697 23.6760673522949 23.6172695159912 23.2659606933594 23.1696605682373 23.6512260437012 22.6939735412598 21.6462993621826 20.6931686401367 22.6446399688721 22.8391666412354 22.8666191101074 20.4019470214844 17.5115489959717 17.0898780822754 16.0721588134766 15.1059131622314 15.8880243301392 15.8636770248413 15.9274816513062 16.361780166626 16.2642402648926 15.9243879318237
