inst/extdata/Tmax/Tmax150.asc
NCOLS 100 
NROWS 79 
XLLCORNER 148.06 
YLLCORNER -21.49 
CELLSIZE 0.01 
NODATA_value -3.4e+38 
[rows 20 to 39 of 79, columns 0 to 45 of 100]
32.882465362548800 32.927303314209 32.942928314209 32.9212036132812 32.9535446166992 33.0902671813965 33.0376281738281 32.9967422485352 32.9623031616211 32.8975601196289 32.7390060424805 32.3375663757324 31.8864784240723 31.2264442443848 30.0075988769531 29.6178703308105 29.5510292053223 30.4731273651123 31.6092548370361 32.1101608276367 32.1599273681641 32.2053184509277 32.605655670166 32.6663436889648 32.5312728881836 32.2507171630859 31.613883972168 30.6549816131592 31.263355255127 31.364086151123 32.0518608093262 32.0957298278809 32.2799797058105 32.2717628479004 32.2563591003418 32.0182609558105 31.6180629730225 31.6491680145264 31.1669750213623 31.472053527832 31.2613735198975 30.4944171905518 30.775260925293 30.8582172393799 31.0174522399902 31.0775814056396
32.9553413391113 33.0254249572754 33.0537948608398 33.030647277832 33.0499153137207 33.0625190734863 32.9471893310547 32.9006614685059 32.9122505187988 32.8792877197266 32.7814712524414 32.6266632080078 32.4120903015137 31.4306259155273 30.0216178894043 29.7302017211914 29.9521656036377 30.7390575408936 31.3123722076416 31.7487354278564 31.9169273376465 31.8530616760254 32.4631767272949 32.6452217102051 32.4648742675781 32.5126724243164 32.5017013549805 31.7066421508789 31.5667591094971 32.1636924743652 32.3233222961426 32.2337608337402 31.9023761749268 31.2737998962402 31.3220901489258 31.3249931335449 31.8450012207031 31.106689453125 30.7015895843506 31.0679359436035 30.6739330291748 30.7844829559326 30.5170612335205 29.5563831329346 29.9333839416504 30.6993522644043
33.0083923339844 33.0641593933105 33.0892906188965 33.0881156921387 33.084342956543 33.062255859375 32.8965721130371 32.8002624511719 32.779296875 32.7818450927734 32.69384765625 32.6521186828613 32.4991989135742 31.871654510498 30.7634429931641 29.9942245483398 29.3932800292969 29.8668632507324 30.4054107666016 31.2819881439209 31.4345226287842 31.5967216491699 32.3318252563477 32.1291656494141 31.7086410522461 32.1391143798828 32.2395629882812 32.3646202087402 32.0845985412598 32.1567459106445 31.8957920074463 31.7182712554932 31.1278743743896 30.7954254150391 30.5715770721436 30.8334102630615 30.7847957611084 30.2043838500977 30.1992664337158 30.137300491333 29.828254699707 29.0309181213379 29.9137172698975 29.6245555877686 28.5823554992676 30.1522445678711
33.0097198486328 33.0484657287598 33.0837669372559 33.0892639160156 33.0619010925293 33.0659294128418 33.0037040710449 32.7234649658203 32.6453552246094 32.7033386230469 32.5453910827637 32.3766632080078 32.5227165222168 32.1474609375 31.3292617797852 30.5915260314941 29.8201751708984 29.5567245483398 30.1261329650879 30.4242744445801 31.0302200317383 32.1474952697754 31.9065551757812 31.2740478515625 31.4648628234863 31.6543083190918 31.339527130127 32.4124755859375 32.4689025878906 32.3456497192383 32.1246070861816 30.9617404937744 30.6321468353271 30.8787860870361 31.2716789245605 30.7991371154785 29.8306713104248 29.2704658508301 30.0796852111816 29.5544605255127 28.7972202301025 27.4619369506836 28.206148147583 29.5157260894775 27.6528511047363 29.0506572723389
32.9543190002441 33.0210990905762 33.0696029663086 33.0499534606934 33.0236320495605 33.0386924743652 33.0499877929688 32.8955879211426 32.7416229248047 32.5933990478516 32.5175018310547 32.5083808898926 32.3557891845703 32.0222854614258 31.2388134002686 30.6026592254639 29.9069290161133 29.5746879577637 29.7691841125488 29.7747344970703 30.9822235107422 31.9157218933105 30.7512893676758 30.198902130127 31.1079216003418 31.1131935119629 31.334098815918 32.1787185668945 32.4743194580078 32.0862731933594 32.0541572570801 31.8268070220947 31.8245162963867 31.9157638549805 31.5877265930176 31.2810802459717 30.8676700592041 29.6881313323975 29.4724884033203 29.2191600799561 27.5759315490723 27.0784091949463 27.4638423919678 29.3059558868408 27.3568592071533 27.6706085205078
32.9081344604492 32.9354438781738 32.9633636474609 32.9507102966309 32.974910736084 32.9964332580566 33.0339698791504 33.0140991210938 32.8867034912109 32.6606636047363 32.487720489502 32.3732070922852 32.2466163635254 31.7895412445068 31.339147567749 30.8278026580811 30.2541275024414 29.9490432739258 30.3753280639648 31.104736328125 31.1201553344727 31.0450859069824 30.5506172180176 29.3162498474121 29.7989845275879 30.6537780761719 30.8368148803711 32.213191986084 32.4451675415039 32.0796394348145 31.1551780700684 31.8467998504639 31.7293872833252 31.6199073791504 31.3521900177002 31.0339069366455 30.9273738861084 29.3551540374756 28.0995502471924 28.4642963409424 27.2296142578125 27.9336910247803 28.2716312408447 29.2946739196777 28.2173500061035 27.2529563903809
32.7946434020996 32.8289184570312 32.8528480529785 32.8770217895508 32.8854103088379 32.8996124267578 33.0025901794434 33.0251426696777 32.9138259887695 32.4995079040527 32.419849395752 32.1657333374023 32.195125579834 31.8230895996094 31.092098236084 30.1093120574951 29.7541732788086 29.9460754394531 30.3929252624512 30.3133354187012 30.4966850280762 31.492504119873 31.3658599853516 29.8008918762207 29.4279975891113 30.3889541625977 31.2760200500488 32.272777557373 32.3919067382812 32.1824417114258 31.3002014160156 30.9108295440674 31.7868232727051 31.232105255127 30.7815551757812 29.9124851226807 29.6312389373779 29.7807540893555 28.6612377166748 27.526460647583 27.1849479675293 27.4504795074463 27.3752574920654 28.3146381378174 27.4698657989502 26.9169216156006
32.6365127563477 32.6643524169922 32.714225769043 32.7782287597656 32.8146476745605 32.8880500793457 32.994800567627 33.00341796875 32.9607009887695 32.7875366210938 32.5614585876465 32.3080978393555 32.2123184204102 32.0317039489746 31.1182441711426 30.0690593719482 29.7646064758301 29.7316856384277 29.8587188720703 29.8442993164062 30.9699363708496 31.6941604614258 31.1384696960449 30.2385330200195 29.6948356628418 29.9359512329102 30.0855293273926 31.8277549743652 32.2419357299805 32.141529083252 31.3004570007324 31.2343711853027 31.5820541381836 30.8031196594238 30.078483581543 29.4886016845703 28.5662746429443 29.3292503356934 29.1783485412598 27.4934368133545 27.1187934875488 27.2764358520508 27.2111701965332 27.7234325408936 27.2180213928223 26.9609603881836
32.1552658081055 32.1163024902344 32.3763313293457 32.7088203430176 32.8580551147461 32.9550323486328 33.001781463623 33.0009651184082 32.8888664245605 32.805046081543 32.6602973937988 32.1144714355469 32.2494430541992 32.1189575195312 31.5940628051758 30.4610176086426 29.7853698730469 29.3233623504639 29.6222648620605 30.4520511627197 30.9859180450439 31.4067611694336 30.497106552124 29.7995052337646 29.6332969665527 29.776388168335 30.2500286102295 31.2676734924316 32.1267738342285 32.224048614502 31.6888828277588 31.4285297393799 30.9866256713867 29.8982353210449 28.7207717895508 28.3666362762451 28.0919589996338 28.2713718414307 28.4083042144775 28.0699443817139 27.621753692627 27.7260665893555 27.4993000030518 27.3132343292236 27.3251266479492 27.269926071167
31.3520374298096 32.135124206543 32.4597244262695 32.215160369873 32.7884292602539 32.9557914733887 32.992546081543 32.9907608032227 32.7897796630859 32.6605682373047 32.6844024658203 32.428295135498 32.2018661499023 32.0899543762207 31.847282409668 31.3284187316895 30.8117008209229 29.5503768920898 29.8554611206055 29.9354858398438 30.0844192504883 31.0461578369141 30.6144027709961 29.826509475708 29.6393890380859 29.4484100341797 29.4159393310547 31.1978588104248 32.1472244262695 32.2608528137207 31.3966941833496 30.3639144897461 30.0542545318604 29.6990261077881 29.4363059997559 28.4785079956055 28.4235553741455 28.0748062133789 27.7215137481689 27.94455909729 29.7706203460693 29.8789672851562 28.6777782440186 27.3669929504395 28.304515838623 28.4490699768066
31.6156024932861 32.4153633117676 32.4601707458496 31.9694786071777 32.7339859008789 32.9360046386719 32.9985389709473 32.9914665222168 32.9421195983887 32.7256202697754 32.6421699523926 32.6005821228027 32.4395065307617 32.2459487915039 31.9595336914062 31.3675518035889 30.6007900238037 30.1967124938965 29.7756729125977 30.0191497802734 30.0964431762695 30.5113391876221 29.9473762512207 29.7918891906738 29.5123157501221 28.9706745147705 29.2082633972168 31.0577697753906 32.0070304870605 32.0863380432129 32.0984420776367 31.9400253295898 30.7482318878174 29.7414455413818 29.6945953369141 29.1945114135742 29.370246887207 29.1875705718994 28.752613067627 29.3127593994141 30.9659938812256 31.0508441925049 30.6180171966553 30.0192012786865 29.9153594970703 29.2918930053711
32.297061920166 32.5610466003418 32.643440246582 32.6527633666992 32.751895904541 32.916072845459 32.9588890075684 32.9650955200195 32.9281234741211 32.8726501464844 32.7063865661621 32.6721267700195 32.5974617004395 32.4062614440918 32.1475868225098 31.6532649993896 30.8381042480469 30.4569644927979 29.8109073638916 29.7127227783203 29.782039642334 30.1955738067627 29.8509426116943 29.6141090393066 29.5593013763428 29.5902633666992 30.4129619598389 31.6110763549805 32.0515480041504 31.5249938964844 31.4610214233398 31.4998588562012 31.757755279541 31.2383460998535 30.9674282073975 30.1599540710449 31.3166790008545 31.1802196502686 31.1761302947998 31.220329284668 30.9961814880371 30.0283966064453 29.0226745605469 28.6911087036133 28.5678882598877 27.8612976074219
32.0366973876953 32.7274894714355 32.8049583435059 32.8304214477539 32.8360443115234 32.8549613952637 32.8383636474609 32.896541595459 32.8994483947754 32.8941307067871 32.8735885620117 32.7673377990723 32.6004257202148 32.4574394226074 32.2805252075195 32.0417976379395 31.5489101409912 30.9102764129639 30.2227210998535 29.5722427368164 29.6015281677246 30.0227165222168 29.9119071960449 29.6548137664795 29.5255355834961 29.6760578155518 31.1780910491943 31.9863834381104 32.0909423828125 31.9276103973389 31.4169998168945 30.7869281768799 31.5757541656494 31.7231788635254 31.7942581176758 31.2481594085693 31.7232818603516 31.4286327362061 31.3115119934082 31.1582183837891 29.8793811798096 28.3889904022217 27.3036556243896 27.6021766662598 27.5303173065186 26.6799049377441
31.9101276397705 32.4886779785156 32.3245658874512 32.2200126647949 32.3514671325684 32.756031036377 32.7690734863281 32.8029670715332 32.828052520752 32.8240928649902 32.8116874694824 32.8147583007812 32.7236442565918 32.5876770019531 32.4505729675293 32.2369956970215 31.7905387878418 31.3727722167969 31.1082458496094 30.5301570892334 29.6602878570557 29.8790493011475 29.6750202178955 29.7451114654541 29.6353321075439 29.6131019592285 30.6894721984863 31.9264621734619 32.0440673828125 31.7246952056885 31.6044940948486 30.4760131835938 30.819652557373 31.122127532959 31.475772857666 31.6384391784668 31.5100078582764 31.3519477844238 30.9571151733398 31.0440292358398 30.7178268432617 29.3797340393066 28.52978515625 29.1540794372559 28.6977996826172 27.6387748718262
32.2080039978027 32.4638328552246 32.0990715026855 31.4988536834717 31.6017627716064 32.4939727783203 32.7235336303711 32.6979751586914 32.7250175476074 32.7515563964844 32.6789016723633 32.7593994140625 32.7371826171875 32.6481628417969 32.5164222717285 32.3407249450684 32.0275764465332 31.339485168457 30.9608154296875 30.5392360687256 29.9170265197754 29.8377246856689 29.6707286834717 29.4827823638916 29.4587497711182 29.8048191070557 30.9888935089111 31.8703441619873 31.3525104522705 31.1406135559082 31.286262512207 30.9262084960938 30.6058006286621 30.2733383178711 30.0084915161133 30.5696220397949 30.3879508972168 30.7736549377441 30.7125511169434 30.5187950134277 30.2575759887695 30.6273956298828 30.3871994018555 30.0644683837891 29.4325904846191 28.9333724975586
32.3202590942383 32.4053344726562 32.239185333252 31.9611015319824 31.690113067627 32.2002105712891 32.5140342712402 32.5490760803223 32.6088600158691 32.6820869445801 32.6809043884277 32.7523384094238 32.7170562744141 32.6840133666992 32.5473251342773 32.3412590026855 32.1051254272461 31.9047412872314 31.5010452270508 30.8567676544189 30.5049858093262 30.2661609649658 29.7959613800049 29.2345104217529 29.3743114471436 29.5892124176025 31.0643825531006 31.6717720031738 29.6707096099854 29.3281478881836 29.9665336608887 30.2310943603516 30.2091369628906 29.9999504089355 29.4972610473633 29.2438812255859 29.8474960327148 29.6972732543945 29.6874656677246 29.6584453582764 29.3939971923828 29.0804100036621 29.3852081298828 29.9305267333984 29.2660903930664 28.1131553649902
32.1870574951172 32.2117691040039 32.2448081970215 31.99924659729 31.7490463256836 31.9266738891602 32.1303367614746 32.3299903869629 32.456859588623 32.5972023010254 32.5881309509277 32.5956420898438 32.7229194641113 32.6788024902344 32.5782585144043 32.3105888366699 32.3109931945801 32.1789588928223 31.9362983703613 31.5466022491455 31.4157619476318 30.6100063323975 30.0573558807373 29.6213645935059 29.6218109130859 29.9813213348389 31.0806789398193 31.0041122436523 30.7094554901123 30.6216621398926 29.8089828491211 29.7631340026855 29.5816192626953 29.4502105712891 28.8095893859863 28.4620132446289 28.6440353393555 28.5988025665283 28.8028793334961 28.6312694549561 28.6221694946289 27.8228073120117 28.4403228759766 29.3592491149902 29.1213340759277 27.7157859802246
31.6736259460449 31.9712448120117 32.1723251342773 32.081428527832 31.9033355712891 31.7891960144043 31.7788944244385 32.1280174255371 32.2453727722168 32.4403800964355 32.5388450622559 32.5460395812988 32.6366119384766 32.6866302490234 32.5199813842773 32.4366455078125 32.378101348877 32.2865295410156 32.1404342651367 31.9473934173584 31.7505054473877 30.9937801361084 29.9054584503174 29.990795135498 29.3752861022949 29.8926849365234 30.8987140655518 30.3176403045654 30.551586151123 31.0922145843506 30.9903469085693 30.8404312133789 30.1286926269531 29.6847343444824 28.2706298828125 27.1798095703125 27.2155876159668 27.1206645965576 27.087947845459 27.4932842254639 27.6358127593994 27.7983741760254 27.967903137207 28.7684631347656 28.6333465576172 28.2624473571777
31.7880020141602 31.8700332641602 32.0028381347656 31.9860496520996 31.9584369659424 31.6781234741211 31.478458404541 31.2410316467285 31.858549118042 32.3530464172363 32.5065765380859 32.5612030029297 32.6654624938965 32.6933784484863 32.384880065918 31.9670391082764 32.0157279968262 32.1131439208984 32.1946258544922 32.0887870788574 31.9587116241455 31.5312461853027 30.3956451416016 30.6999588012695 29.7857627868652 29.7824440002441 29.917350769043 30.256275177002 29.2889518737793 29.8925380706787 29.5476417541504 29.6600131988525 31.0609016418457 30.6116619110107 29.5766563415527 27.6069965362549 26.817174911499 26.8217582702637 26.2431221008301 26.6192398071289 27.1705055236816 27.1561393737793 27.2329292297363 28.4173355102539 28.035572052002 27.5754051208496
31.8494834899902 31.7732543945312 31.8328323364258 31.6562175750732 31.847469329834 31.7720966339111 31.5624961853027 31.3234214782715 31.509521484375 32.0853576660156 32.3514442443848 32.5641288757324 32.621452331543 32.6147422790527 32.5794982910156 32.1578979492188 31.7567253112793 31.5704097747803 31.9000186920166 32.0686950683594 31.9413890838623 31.8063774108887 31.4743309020996 30.8626861572266 29.8248863220215 29.6388702392578 29.5956630706787 29.681547164917 29.7291812896729 29.2753047943115 28.7861022949219 29.4534816741943 30.754280090332 29.9607028961182 30.2281055450439 29.6558895111084 29.206298828125 29.0934524536133 28.2440052032471 27.2841606140137 27.9069766998291 27.6265869140625 27.9689331054688 28.1312980651855 27.8705863952637 27.4631309509277
