inst/extdata/Tmax/Tmax79.asc
NCOLS 100 
NROWS 79 
XLLCORNER 148.06 
YLLCORNER -21.49 
CELLSIZE 0.01 
NODATA_value -3.4e+38 
[rows 0 to 19 of 79, columns 46 to 91 of 100]
30.72922706604 30.5546283721924 30.4606304168701 30.4727268218994 30.466926574707 30.3613777160645 30.58962059021 30.4269161224365 30.2437744140625 30.0788078308105 30.0188465118408 29.7680492401123 29.7027359008789 29.987699508667 30.3319301605225 30.321907043457 30.2620735168457 30.1602535247803 29.9327068328857 29.8314437866211 29.8055801391602 -3.4e+38 -3.4e+38 -3.4e+38 -3.4e+38 -3.4e+38 -3.4e+38 -3.4e+38 -3.4e+38 -3.4e+38 -3.4e+38 -3.4e+38 -3.4e+38 -3.4e+38 -3.4e+38 -3.4e+38 -3.4e+38 -3.4e+38 -3.4e+38 -3.4e+38 -3.4e+38 -3.4e+38 -3.4e+38 -3.4e+38 -3.4e+38 -3.4e+38
30.6821670532227 30.4032897949219 30.1841087341309 30.4505710601807 30.6279296875 30.6455860137939 30.6094188690186 30.5167827606201 30.1839866638184 29.7612838745117 29.9198780059814 29.4070053100586 29.9466972351074 30.3212032318115 30.3600673675537 30.3359565734863 30.2878894805908 30.2153625488281 30.0821361541748 30.0571670532227 30.0352993011475 29.9698505401611 -3.4e+38 -3.4e+38 -3.4e+38 -3.4e+38 -3.4e+38 -3.4e+38 -3.4e+38 -3.4e+38 -3.4e+38 -3.4e+38 -3.4e+38 -3.4e+38 -3.4e+38 -3.4e+38 -3.4e+38 -3.4e+38 -3.4e+38 -3.4e+38 -3.4e+38 -3.4e+38 -3.4e+38 -3.4e+38 -3.4e+38 -3.4e+38
30.5806159973145 29.8434371948242 29.0416107177734 30.3968658447266 30.6059799194336 30.629020690918 30.6183910369873 30.5782222747803 30.3590469360352 29.7806453704834 29.8977909088135 30.0540313720703 30.163215637207 30.3753719329834 30.3969497680664 30.3632411956787 30.3336524963379 30.2938365936279 30.2237949371338 30.0523948669434 30.0905742645264 30.0060977935791 29.8646049499512 29.6827907562256 -3.4e+38 -3.4e+38 -3.4e+38 -3.4e+38 -3.4e+38 -3.4e+38 -3.4e+38 -3.4e+38 -3.4e+38 -3.4e+38 -3.4e+38 -3.4e+38 -3.4e+38 -3.4e+38 -3.4e+38 -3.4e+38 -3.4e+38 -3.4e+38 -3.4e+38 -3.4e+38 -3.4e+38 -3.4e+38
30.1313056945801 30.202220916748 29.1494560241699 30.2544975280762 30.4564666748047 30.526798248291 30.60329246521 30.5173091888428 30.3984527587891 30.0761413574219 29.9950122833252 29.7520847320557 30.1299800872803 30.317684173584 30.3973731994629 30.3616752624512 30.3604946136475 30.3468780517578 30.2564601898193 29.9287109375 29.8141288757324 29.9067821502686 29.9178676605225 29.9078731536865 29.8170166015625 29.5407943725586 -3.4e+38 -3.4e+38 -3.4e+38 -3.4e+38 -3.4e+38 -3.4e+38 -3.4e+38 -3.4e+38 -3.4e+38 -3.4e+38 -3.4e+38 -3.4e+38 -3.4e+38 -3.4e+38 -3.4e+38 -3.4e+38 -3.4e+38 -3.4e+38 -3.4e+38 -3.4e+38
30.1065216064453 30.1385459899902 28.9752998352051 29.2058219909668 29.9854583740234 30.5055351257324 30.6050319671631 30.4737548828125 30.4576377868652 30.1506633758545 29.8747882843018 29.6951961517334 29.3247756958008 30.0182228088379 30.3313045501709 30.3034572601318 30.3927536010742 30.3939189910889 30.1969623565674 29.472225189209 28.9982223510742 29.8435401916504 29.9879665374756 29.9826889038086 29.8245677947998 29.6625194549561 -3.4e+38 -3.4e+38 -3.4e+38 -3.4e+38 -3.4e+38 -3.4e+38 -3.4e+38 -3.4e+38 -3.4e+38 -3.4e+38 -3.4e+38 -3.4e+38 -3.4e+38 -3.4e+38 -3.4e+38 -3.4e+38 -3.4e+38 -3.4e+38 -3.4e+38 -3.4e+38
29.2672271728516 29.9910354614258 28.5120811462402 27.9141654968262 29.6207885742188 30.5696105957031 30.5149459838867 30.4680557250977 30.4243392944336 30.0227603912354 29.1303329467773 28.81227684021 29.1478443145752 30.1290302276611 30.0781536102295 30.308967590332 30.4085750579834 30.3880271911621 30.3450908660889 29.7232284545898 29.0073089599609 29.1308498382568 29.7236423492432 29.8642959594727 29.9170417785645 29.9127979278564 -3.4e+38 -3.4e+38 -3.4e+38 -3.4e+38 -3.4e+38 -3.4e+38 -3.4e+38 -3.4e+38 -3.4e+38 -3.4e+38 -3.4e+38 -3.4e+38 -3.4e+38 -3.4e+38 -3.4e+38 -3.4e+38 -3.4e+38 -3.4e+38 -3.4e+38 -3.4e+38
28.3897247314453 29.9612159729004 29.3573913574219 29.2837371826172 30.2450294494629 30.5201454162598 30.3549289703369 30.2515811920166 30.4159545898438 29.9355964660645 29.2337112426758 29.2318687438965 29.9046897888184 30.0733318328857 29.1711235046387 30.1345691680908 30.2471580505371 30.3011627197266 30.3891258239746 30.1426792144775 29.789587020874 29.5536098480225 29.8452606201172 29.6497364044189 29.9775905609131 30.0747852325439 30.0095729827881 29.8337116241455 -3.4e+38 -3.4e+38 -3.4e+38 -3.4e+38 -3.4e+38 -3.4e+38 -3.4e+38 -3.4e+38 -3.4e+38 -3.4e+38 -3.4e+38 -3.4e+38 -3.4e+38 -3.4e+38 -3.4e+38 -3.4e+38 -3.4e+38 -3.4e+38
27.5768718719482 29.9701614379883 30.4246120452881 30.2403583526611 29.2606163024902 29.5206279754639 30.1475028991699 30.3067474365234 30.474925994873 30.2901821136475 29.9051399230957 29.4921455383301 29.5252666473389 29.7720565795898 29.3492317199707 30.1210403442383 29.4225311279297 29.4242057800293 30.2034778594971 30.3786315917969 30.2544994354248 30.0367889404297 29.9776744842529 30.082691192627 30.1043262481689 30.1293640136719 30.0118446350098 29.9487419128418 29.7663536071777 29.3295402526855 29.3482894897461 -3.4e+38 -3.4e+38 -3.4e+38 -3.4e+38 -3.4e+38 -3.4e+38 -3.4e+38 -3.4e+38 -3.4e+38 -3.4e+38 -3.4e+38 -3.4e+38 -3.4e+38 -3.4e+38 -3.4e+38
27.500789642334 29.4940929412842 30.427583694458 30.3190689086914 29.4767227172852 28.0335216522217 29.3523445129395 30.3835868835449 30.465482711792 30.3552703857422 30.2135562896729 29.9526767730713 29.9788627624512 29.824857711792 29.3280124664307 29.3048286437988 28.9086818695068 29.7426719665527 30.1012554168701 30.2198257446289 30.2830257415771 29.9557857513428 29.5875720977783 29.2934226989746 30.0711555480957 30.1871299743652 30.1242866516113 30.0249061584473 29.9681434631348 29.4832649230957 29.4451370239258 29.6238918304443 -3.4e+38 -3.4e+38 -3.4e+38 -3.4e+38 -3.4e+38 -3.4e+38 -3.4e+38 -3.4e+38 -3.4e+38 -3.4e+38 -3.4e+38 -3.4e+38 -3.4e+38 -3.4e+38
28.3926067352295 29.4930534362793 30.2872619628906 30.2821292877197 30.2594604492188 28.9114189147949 29.2137069702148 30.2748622894287 30.4584827423096 30.3419303894043 30.1536636352539 29.8993530273438 29.7786636352539 29.9106960296631 29.2649898529053 28.9980087280273 28.9517993927002 30.1570205688477 30.0372257232666 29.7645778656006 30.2207298278809 30.2225303649902 30.05637550354 29.7385406494141 30.2135982513428 30.2103424072266 30.1020736694336 30.2081413269043 30.1209564208984 29.9203987121582 29.5918922424316 29.6368560791016 -3.4e+38 -3.4e+38 -3.4e+38 -3.4e+38 -3.4e+38 -3.4e+38 -3.4e+38 -3.4e+38 -3.4e+38 -3.4e+38 -3.4e+38 -3.4e+38 -3.4e+38 -3.4e+38
27.4708499908447 29.3273334503174 29.7109184265137 29.5019378662109 29.8547191619873 30.1304492950439 29.8465270996094 30.2917137145996 30.4000873565674 30.3012008666992 30.1408977508545 29.9642105102539 29.7661972045898 30.1550426483154 30.0306701660156 29.976432800293 30.081169128418 30.345100402832 30.3853073120117 29.8588409423828 29.421688079834 30.1597633361816 30.3951225280762 29.9065246582031 29.9691791534424 29.8654747009277 29.8850059509277 30.2877922058105 30.2133560180664 30.0239601135254 -3.4e+38 -3.4e+38 -3.4e+38 -3.4e+38 -3.4e+38 -3.4e+38 -3.4e+38 -3.4e+38 -3.4e+38 -3.4e+38 -3.4e+38 -3.4e+38 -3.4e+38 -3.4e+38 -3.4e+38 -3.4e+38
26.7885837554932 27.7880821228027 28.1277637481689 27.8704662322998 28.9176940917969 29.5970230102539 29.9829998016357 30.2776947021484 30.2824020385742 30.2011337280273 30.0283432006836 29.8472690582275 29.7043800354004 30.3708934783936 30.4012584686279 30.2961235046387 30.3491096496582 30.489408493042 30.5767860412598 30.5140533447266 30.154993057251 29.9773063659668 30.4247150421143 30.2666034698486 30.0583362579346 30.2497940063477 30.3448181152344 30.1383247375488 30.1017417907715 30.0341453552246 -3.4e+38 -3.4e+38 -3.4e+38 -3.4e+38 -3.4e+38 -3.4e+38 -3.4e+38 -3.4e+38 -3.4e+38 -3.4e+38 -3.4e+38 -3.4e+38 -3.4e+38 -3.4e+38 -3.4e+38 -3.4e+38
26.7788143157959 25.7811260223389 25.1583442687988 25.3075389862061 27.523365020752 28.0951175689697 29.3662910461426 29.7391128540039 30.0741157531738 29.9661140441895 29.7588939666748 30.1104125976562 30.1232166290283 30.03005027771 30.5401134490967 30.5633678436279 30.5382556915283 30.5908679962158 30.6471672058105 30.6703147888184 30.664608001709 30.6228408813477 30.5131435394287 30.5052032470703 30.2346172332764 30.3824348449707 30.4222564697266 30.1965503692627 29.9842510223389 29.9582328796387 29.930627822876 29.717399597168 -3.4e+38 -3.4e+38 -3.4e+38 -3.4e+38 -3.4e+38 -3.4e+38 -3.4e+38 -3.4e+38 -3.4e+38 -3.4e+38 -3.4e+38 -3.4e+38 -3.4e+38 -3.4e+38
26.7800559997559 25.9812870025635 25.0725631713867 24.5351715087891 25.1623268127441 26.0378818511963 28.024866104126 29.2777843475342 30.0401172637939 29.8688564300537 29.3722343444824 30.0067691802979 30.3597354888916 30.4257049560547 30.4889812469482 30.5595645904541 30.6301918029785 30.6603450775146 30.679271697998 30.6904296875 30.7033214569092 30.6811332702637 30.6487712860107 30.6089534759521 30.4037189483643 30.4986133575439 30.4543323516846 30.2917003631592 30.0910663604736 30.0863552093506 30.0971298217773 30.01806640625 29.8132305145264 -3.4e+38 -3.4e+38 -3.4e+38 -3.4e+38 29.4651336669922 29.5144729614258 -3.4e+38 -3.4e+38 -3.4e+38 -3.4e+38 -3.4e+38 -3.4e+38 -3.4e+38
27.3838729858398 26.0694007873535 25.17356300354 24.7982234954834 25.3715782165527 25.1355056762695 26.3815689086914 28.1834945678711 29.5566902160645 29.9604091644287 28.8546905517578 29.7309074401855 30.2021045684814 29.7358245849609 29.860034942627 30.3461513519287 30.4984836578369 30.6165885925293 30.61106300354 30.5221080780029 30.6107482910156 30.600643157959 30.6524772644043 30.6475467681885 30.6153430938721 30.5193691253662 30.4594535827637 30.3629989624023 30.276159286499 30.2393188476562 30.2499618530273 30.1711521148682 29.8794231414795 -3.4e+38 -3.4e+38 -3.4e+38 -3.4e+38 29.5816707611084 29.5429248809814 29.7209625244141 29.7248153686523 29.5529747009277 -3.4e+38 -3.4e+38 -3.4e+38 -3.4e+38
27.3383026123047 26.0388069152832 25.2118339538574 25.6833381652832 25.4750728607178 25.9059524536133 25.6617450714111 27.1459693908691 29.3608474731445 30.1192893981934 29.0730648040771 29.041841506958 29.886999130249 28.0057754516602 29.0397491455078 29.4881210327148 30.1178855895996 30.575382232666 30.6006603240967 30.5485515594482 30.5900135040283 30.6099624633789 30.6655387878418 30.6566963195801 30.6298236846924 30.4179821014404 30.4389419555664 30.4166831970215 30.4066562652588 30.4027862548828 30.361442565918 30.2718963623047 30.1485919952393 -3.4e+38 -3.4e+38 30.0220260620117 29.8698348999023 29.6770515441895 29.5585269927979 29.3509616851807 29.5093326568604 29.733097076416 -3.4e+38 -3.4e+38 -3.4e+38 -3.4e+38
25.9133129119873 24.6255016326904 24.5852394104004 25.9384059906006 26.3047027587891 26.2264842987061 25.8064975738525 26.1925601959229 28.606861114502 29.9232807159424 29.9541416168213 29.1124038696289 29.6514778137207 28.2653827667236 28.2850818634033 28.3677158355713 29.793924331665 30.5555553436279 30.6123027801514 30.6726894378662 30.7187614440918 30.6978721618652 30.6879940032959 30.4755535125732 30.5229339599609 30.4495887756348 30.4745254516602 30.5094738006592 30.5168495178223 30.4827518463135 30.4375 30.376428604126 30.31396484375 -3.4e+38 30.2221698760986 30.2204570770264 30.1735153198242 -3.4e+38 29.7128067016602 -3.4e+38 29.4502601623535 -3.4e+38 -3.4e+38 -3.4e+38 -3.4e+38 -3.4e+38
25.866907119751 24.3692436218262 23.6169834136963 26.343957901001 26.5730133056641 25.9175491333008 25.5294914245605 25.6749992370605 27.2941722869873 29.6272583007812 29.7563743591309 29.3287696838379 29.4567966461182 29.580680847168 28.9126625061035 30.1124267578125 30.3968048095703 30.5477733612061 30.6284599304199 30.6563701629639 30.6951885223389 30.6953601837158 30.6976222991943 30.6420669555664 30.6680660247803 30.6378688812256 30.6277179718018 30.6163444519043 30.5525074005127 30.5682563781738 30.5397567749023 30.5035018920898 30.465633392334 30.4144706726074 30.3890266418457 30.4049167633057 30.2948417663574 -3.4e+38 -3.4e+38 -3.4e+38 -3.4e+38 -3.4e+38 -3.4e+38 29.7617626190186 -3.4e+38 -3.4e+38
27.6954784393311 27.3782825469971 25.1590270996094 26.7548046112061 25.2287483215332 25.2447052001953 25.7148399353027 26.0379867553711 28.1592998504639 29.5809459686279 29.2925472259521 28.6818675994873 29.5715255737305 30.002986907959 30.1339378356934 30.2423801422119 30.4092311859131 30.1083030700684 30.312967300415 30.5281391143799 30.5457954406738 30.6216697692871 30.6707801818848 30.6778049468994 30.6854400634766 30.6782550811768 30.6787910461426 30.5777072906494 30.2675704956055 30.4468555450439 30.5889587402344 30.6010761260986 30.5793571472168 30.5162467956543 30.4951992034912 30.4609699249268 30.3626194000244 30.2804889678955 30.2028694152832 30.1635246276855 30.1729946136475 30.0989761352539 29.8985595703125 29.7493076324463 -3.4e+38 -3.4e+38
27.7749767303467 26.91845703125 27.5980663299561 27.4152755737305 25.9680309295654 26.015941619873 25.6241931915283 25.8545398712158 27.9420356750488 29.2804737091064 29.7163505554199 29.4870166778564 29.8470878601074 30.156400680542 30.0421752929688 29.9381713867188 30.1805248260498 29.9330272674561 29.7999820709229 30.0257167816162 30.4156951904297 30.5231113433838 30.5835628509521 30.6588611602783 30.6978645324707 30.7075099945068 30.6933670043945 30.5251045227051 30.2789669036865 30.5291271209717 30.540620803833 30.6689643859863 30.5801734924316 30.5457172393799 30.526969909668 30.4405784606934 30.3920764923096 30.3768482208252 30.3670768737793 30.3552837371826 30.3431510925293 30.249490737915 29.960319519043 29.6645908355713 29.7309379577637 -3.4e+38
