inst/extdata/Tmax/Tmax125.asc
NCOLS 100 
NROWS 79 
XLLCORNER 148.06 
YLLCORNER -21.49 
CELLSIZE 0.01 
NODATA_value -3.4e+38 
[rows 20 to 39 of 79, columns 46 to 91 of 100]
37.2869415283203 35.6311645507812 35.8278846740723 37.146427154541 36.898380279541 36.3554649353027 36.0857734680176 34.9614486694336 36.6975975036621 38.0513916015625 38.9912986755371 38.5687675476074 38.5315017700195 39.0618667602539 38.7417602539062 38.4839935302734 38.7117500305176 39.1827011108398 39.2955551147461 39.2767715454102 39.1973419189453 39.0753021240234 39.2977676391602 39.3434715270996 39.2755317687988 39.1774673461914 39.0632247924805 39.0657730102539 39.0099983215332 38.7043380737305 38.7340965270996 38.9694900512695 38.8641395568848 38.5999908447266 38.5933723449707 38.5537414550781 38.4697265625 38.4561958312988 38.4336318969727 38.398136138916 38.3155670166016 38.1565322875977 37.6109466552734 37.4849243164062 37.6805038452148 37.6644592285156
37.5506744384766 35.6030502319336 34.4798812866211 36.1159782409668 35.9832611083984 35.4553527832031 36.273021697998 34.46728515625 35.6559867858887 37.5942840576172 38.739013671875 37.528003692627 36.9201812744141 38.5554161071777 37.479434967041 37.1376686096191 37.9059295654297 39.0405960083008 39.0265312194824 39.3634948730469 39.4201622009277 39.3938674926758 39.1936950683594 38.8793258666992 38.8493194580078 38.8797378540039 38.993522644043 38.9429054260254 38.8395233154297 38.7442398071289 39.0025253295898 39.0347862243652 38.9687919616699 38.6198463439941 38.686767578125 38.6326141357422 38.5028991699219 38.5019912719727 38.4953498840332 38.482421875 38.3509941101074 38.2394905090332 38.0486335754395 37.8538131713867 37.7158622741699 37.6910972595215
38.107120513916 37.6503715515137 35.8594398498535 35.2373542785645 34.7781829833984 35.8625030517578 35.2929344177246 35.526912689209 34.9413681030273 35.8291931152344 37.8983688354492 38.2491493225098 36.8505935668945 37.2028350830078 36.8735961914062 37.3700561523438 38.3021659851074 38.6376419067383 37.4291191101074 38.5354347229004 39.203426361084 39.2404289245605 38.6946144104004 37.9564170837402 38.4534645080566 38.4123992919922 38.893669128418 39.0296363830566 38.7443809509277 38.9170227050781 39.0588531494141 39.0872344970703 39.0701637268066 38.9979400634766 38.8866691589355 38.7023277282715 38.5202445983887 38.3873291015625 38.4440612792969 38.5256729125977 38.4109764099121 38.3389892578125 38.0800170898438 37.9571266174316 37.8223495483398 37.9362030029297
37.5017318725586 37.3417816162109 36.7510986328125 35.9877586364746 34.5655364990234 35.265625 35.8788909912109 36.0618743896484 35.8189659118652 35.382984161377 36.6506996154785 36.6200828552246 37.4333915710449 35.8876838684082 36.6575698852539 37.9985084533691 37.9582901000977 38.2745513916016 37.0518684387207 38.8535842895508 39.4847946166992 39.3648796081543 38.5322189331055 37.3397331237793 38.3893203735352 38.5089950561523 38.5726661682129 38.9440536499023 39.1161346435547 39.1608276367188 39.1587715148926 39.1697731018066 39.1331405639648 39.0379867553711 38.9311599731445 38.7685546875 38.362174987793 38.0247039794922 38.145320892334 38.3957557678223 38.3590850830078 38.4030952453613 38.1530113220215 38.119686126709 37.874195098877 37.8842811584473
35.6330947875977 36.9004859924316 37.2327766418457 36.9982376098633 36.0152244567871 35.4012794494629 35.3994369506836 35.0902290344238 35.9447631835938 35.4169883728027 35.4098129272461 34.9501266479492 36.7709732055664 37.5444221496582 36.7843246459961 37.7231941223145 38.3967933654785 38.8864669799805 38.5979080200195 39.4537658691406 39.4257011413574 39.274528503418 38.6611022949219 37.9155006408691 38.5735664367676 38.7932319641113 38.5080299377441 38.5645942687988 38.6321830749512 39.0851364135742 38.9165573120117 39.2098579406738 39.0827865600586 39.0376510620117 38.9465103149414 38.6119194030762 38.5178375244141 37.9652671813965 37.6887130737305 38.1240615844727 38.2421531677246 38.326602935791 38.1562957763672 38.2038841247559 38.2515716552734 38.093433380127
34.1910438537598 35.1641616821289 36.4555320739746 36.3740348815918 35.5508842468262 34.8108291625977 34.4258842468262 33.8576049804688 35.0287322998047 35.6328353881836 35.1143417358398 35.3389625549316 36.6724853515625 38.4132881164551 37.9439125061035 37.9954528808594 38.1172142028809 39.3013229370117 39.3625679016113 39.3289222717285 39.2910194396973 38.998851776123 37.9031791687012 37.9302062988281 37.9996299743652 38.5251007080078 38.2668037414551 37.7109756469727 38.2274360656738 39.1687469482422 39.0986862182617 39.1996154785156 39.1526718139648 39.116813659668 38.9806327819824 38.8230819702148 38.8292045593262 38.2568969726562 37.7624740600586 38.0677795410156 37.7602310180664 37.8770370483398 37.6015167236328 38.2077369689941 38.2430114746094 38.2036819458008
34.0711555480957 33.9144515991211 34.6220893859863 35.2527885437012 35.9259223937988 33.7133865356445 33.4441680908203 34.2755165100098 34.7754096984863 35.5063247680664 35.5222702026367 35.9237442016602 37.5651168823242 38.3658332824707 38.785774230957 38.909351348877 39.0106964111328 39.4239768981934 39.0912170410156 38.9248352050781 38.9225997924805 38.5184631347656 38.6575469970703 38.8654594421387 38.8491172790527 38.3011169433594 37.9143981933594 38.6765174865723 38.9058303833008 38.8559036254883 38.3188438415527 38.9327011108398 39.0706977844238 39.1385536193848 39.1166687011719 39.0166816711426 38.7008323669434 38.3828811645508 38.4478530883789 38.2121543884277 38.0808944702148 37.5536460876465 37.9988670349121 38.1852760314941 38.0949478149414 37.97802734375
34.2460632324219 33.7373199462891 34.0411949157715 34.2852439880371 34.8269653320312 33.1468315124512 32.8616371154785 33.2798309326172 34.5753402709961 35.317253112793 34.8011207580566 35.3723182678223 36.2520942687988 37.3420448303223 38.6067428588867 38.2962036132812 39.2298774719238 39.4200820922852 38.7961044311523 38.1326675415039 38.6620979309082 38.8118057250977 39.0633277893066 39.2372550964355 39.3280258178711 38.9270629882812 38.9138946533203 39.2322807312012 39.2801933288574 38.612434387207 38.1808395385742 38.6818008422852 38.774600982666 39.147518157959 39.1789741516113 39.1094017028809 38.9587707519531 38.751708984375 38.3698081970215 37.6346817016602 37.3996849060059 37.2696342468262 37.294979095459 37.9173851013184 37.9511413574219 38.3004570007324
35.1092567443848 34.6802444458008 35.4316368103027 35.2781944274902 34.8888511657715 33.489315032959 34.2700347900391 34.011905670166 34.3192520141602 34.9085578918457 34.6269836425781 34.9018669128418 35.0347213745117 37.1449966430664 38.2498474121094 37.5978698730469 38.8922843933105 39.1226501464844 38.8353958129883 37.8396034240723 38.0464248657227 38.9698638916016 39.2882652282715 39.3937683105469 39.4027900695801 39.2984924316406 39.3012428283691 39.3946266174316 39.0306091308594 38.3592224121094 38.2153282165527 38.8266906738281 39.2029685974121 39.2259559631348 39.2066078186035 39.1680107116699 39.1169929504395 38.9810943603516 38.7411193847656 37.671012878418 37.1043319702148 36.3316993713379 37.2387771606445 37.216796875 38.043025970459 38.3688659667969
36.6959686279297 36.5470428466797 35.9729194641113 35.9138298034668 35.3967323303223 34.9059410095215 34.6133766174316 33.6189041137695 34.2622184753418 33.7561874389648 33.2625312805176 34.5825500488281 34.9187507629395 36.7344131469727 37.6260414123535 36.9321250915527 37.5711517333984 38.2463569641113 38.7113761901855 38.5826416015625 38.1636047363281 38.9773635864258 39.3707427978516 39.1779747009277 39.1429862976074 38.8389434814453 39.2094306945801 39.4212226867676 38.5571975708008 37.7735252380371 38.3502426147461 38.870719909668 39.1827201843262 39.2446975708008 39.2436408996582 39.1786918640137 39.1488304138184 39.0536880493164 38.8703498840332 38.501407623291 37.8558959960938 37.3798561096191 36.9648399353027 36.7727546691895 37.5788841247559 38.0199584960938
35.6048812866211 35.6102600097656 35.6419258117676 35.2885055541992 34.8115539550781 35.0329971313477 34.1439399719238 33.627311706543 33.1091918945312 33.1977729797363 32.596809387207 33.5193710327148 33.511360168457 35.7103462219238 36.6890487670898 35.5664253234863 36.0878715515137 37.5276985168457 38.6714706420898 39.1230239868164 38.6812782287598 39.178092956543 39.3566360473633 38.9762496948242 38.9472503662109 39.0502243041992 39.4633560180664 39.428581237793 38.9136505126953 38.283016204834 38.610034942627 38.8559608459473 39.2380332946777 39.2474250793457 39.1913604736328 39.1484413146973 39.1347389221191 39.053596496582 38.9740753173828 38.7785224914551 38.530460357666 38.0097389221191 37.6394844055176 37.5879859924316 37.7826271057129 38.1483497619629
34.8685188293457 35.1340751647949 35.0235328674316 34.9805221557617 34.0832138061523 34.8782920837402 33.9197731018066 32.6605262756348 32.0539054870605 32.4451141357422 32.1072540283203 32.7930908203125 33.5850563049316 35.4345321655273 35.7358360290527 35.3718643188477 37.3713493347168 38.2125854492188 38.843204498291 39.230281829834 39.4530372619629 39.4940147399902 39.4299392700195 39.335693359375 39.1211700439453 39.3777008056641 39.4816818237305 39.3633346557617 39.0014877319336 38.389102935791 38.451831817627 38.9815673828125 39.1661987304688 38.7221336364746 39.0527801513672 39.1419525146484 39.1091766357422 39.0622711181641 39.0090293884277 38.8950271606445 38.6046676635742 37.8849868774414 38.1870651245117 38.212230682373 38.1128921508789 38.0283317565918
34.1783027648926 34.484733581543 34.327320098877 34.6016006469727 34.6914710998535 34.6924667358398 34.3193626403809 33.1963386535645 33.2920150756836 33.3947219848633 32.3611755371094 32.1587600708008 33.1191749572754 35.3555183410645 35.8632507324219 36.3573760986328 36.4100456237793 37.1853981018066 38.808422088623 39.2908973693848 39.4522933959961 39.3976821899414 39.2472724914551 39.1908912658691 39.3230819702148 39.3820762634277 39.346378326416 38.9713096618652 38.0775184631348 38.232250213623 38.5186729431152 39.2486839294434 38.9854965209961 38.4437713623047 39.0691833496094 38.9885749816895 39.0014419555664 39.0397491455078 38.9375419616699 38.6611175537109 38.0951499938965 36.8818588256836 36.6240425109863 37.6050796508789 37.9313774108887 38.1890029907227
34.8625183105469 34.378532409668 34.2180252075195 34.3877296447754 34.5269165039062 34.4357299804688 33.9795112609863 33.5968132019043 34.1816558837891 33.483039855957 33.3401527404785 33.328254699707 34.1244850158691 35.2588272094727 35.4127883911133 36.1251068115234 37.0520133972168 38.078369140625 38.8682632446289 39.2032470703125 39.4968528747559 39.464672088623 38.9923439025879 38.7147560119629 38.9180793762207 38.7724151611328 38.8587226867676 39.0053176879883 38.892993927002 38.8673400878906 39.1343879699707 39.3718032836914 38.7811012268066 38.689338684082 39.2102546691895 38.724479675293 38.8389091491699 38.7880668640137 38.844913482666 38.5541877746582 37.1935844421387 36.473934173584 35.9169998168945 37.588451385498 38.1005363464355 37.9156265258789
35.2872581481934 34.0704231262207 34.0236549377441 34.1385726928711 34.2797813415527 34.1374740600586 34.1591262817383 34.7158470153809 34.3542671203613 33.5854530334473 34.7202911376953 35.1772689819336 35.3592376708984 34.736026763916 34.7575416564941 35.7883567810059 37.0053024291992 38.2061614990234 38.2737007141113 38.9533843994141 39.3543090820312 39.3644561767578 38.9110527038574 38.6755180358887 37.9585609436035 38.4370269775391 38.9145240783691 39.0476493835449 39.2566719055176 39.2553863525391 39.3982009887695 39.332893371582 39.2901992797852 39.3050765991211 39.2517127990723 39.0076866149902 38.1183090209961 38.6678619384766 38.8319244384766 38.7732925415039 38.713321685791 37.520637512207 37.3584213256836 38.5697135925293 38.8119087219238 38.7650756835938
35.337329864502 34.3319320678711 33.9867172241211 33.9135856628418 34.1277198791504 33.936408996582 34.619213104248 36.2580184936523 35.3889770507812 34.7014465332031 36.5424003601074 37.1866607666016 36.8137397766113 34.8785133361816 35.2810859680176 35.3823471069336 37.235782623291 37.2862281799316 37.1572113037109 37.9716415405273 38.954891204834 39.1634559631348 38.8496398925781 38.8345031738281 38.703556060791 38.3715438842773 38.4345321655273 38.5647964477539 39.2016639709473 39.1589317321777 39.2147750854492 39.0264434814453 39.2035179138184 39.3302307128906 39.0508728027344 39.0133171081543 38.3766288757324 38.4838523864746 38.7258758544922 38.5622177124023 38.9278373718262 38.9175262451172 38.8140258789062 38.8403015136719 38.9289245605469 38.790096282959
35.0459022521973 34.384407043457 34.171630859375 34.3564796447754 34.290397644043 34.3820190429688 34.8112869262695 36.9204978942871 37.0955009460449 35.783130645752 37.6842155456543 38.5524597167969 37.879524230957 36.7237968444824 36.6461868286133 37.2073860168457 37.8203506469727 38.2252426147461 38.4926834106445 38.7436447143555 38.9190292358398 38.6594619750977 37.4658470153809 37.700382232666 38.1437072753906 37.792911529541 37.958740234375 38.7606315612793 39.1055908203125 39.2854690551758 38.2545738220215 38.2263298034668 38.9867362976074 39.2550773620605 38.7962989807129 38.8022079467773 38.0429382324219 38.5196800231934 38.6972427368164 38.5495109558105 38.9605484008789 39.0262451171875 39.0360145568848 39.020133972168 38.9542579650879 38.6374244689941
35.0656623840332 34.659351348877 34.6154899597168 34.7689476013184 34.9623718261719 35.0964317321777 35.9071655273438 37.5872917175293 37.4693298339844 37.0059204101562 38.3173866271973 39.3100662231445 38.5568542480469 37.4985542297363 36.9827003479004 38.5389251708984 38.8427772521973 39.0085868835449 39.1886291503906 39.2044143676758 38.7866287231445 38.5285758972168 38.620548248291 38.1030464172363 38.3942794799805 38.828800201416 39.0236282348633 39.087459564209 39.2740287780762 39.1963195800781 37.6376495361328 38.3217964172363 39.1071968078613 39.0232849121094 38.608268737793 38.5485916137695 38.38671875 38.8537178039551 38.8680686950684 38.8632507324219 38.8156585693359 38.9551162719727 38.9868392944336 38.9828834533691 38.8997764587402 38.8320693969727
35.0113296508789 34.713737487793 35.2629318237305 36.0216941833496 36.1319046020508 36.5878868103027 37.6368942260742 38.2083549499512 37.6332092285156 37.9853134155273 39.2682418823242 39.7053909301758 39.1999816894531 38.2641677856445 37.5559387207031 38.4932975769043 38.4756393432617 38.7225189208984 39.3984909057617 39.5810966491699 39.2726020812988 38.9384498596191 39.2532386779785 39.0588493347168 38.9243927001953 39.3543968200684 39.2470321655273 39.1585807800293 39.3911743164062 39.1654663085938 38.5579681396484 38.9965972900391 39.1513862609863 38.8521423339844 37.9519309997559 37.8928337097168 38.1919288635254 38.864574432373 38.5774765014648 38.5444679260254 38.5432090759277 38.802360534668 38.770809173584 38.8144340515137 38.663387298584 38.764762878418
35.0570373535156 35.2455558776855 36.3843460083008 37.1147956848145 37.7855567932129 38.6662406921387 39.2431259155273 38.5936279296875 36.7838325500488 37.3792037963867 38.7702980041504 39.7391510009766 39.3347549438477 39.0180473327637 38.1915283203125 39.0507125854492 39.1775016784668 38.6027450561523 39.3156700134277 39.6374893188477 39.5650482177734 39.1381607055664 39.4492683410645 39.537109375 39.3796653747559 39.445384979248 39.2573051452637 38.520622253418 39.2762870788574 39.3992576599121 39.297306060791 39.1823577880859 38.8701782226562 38.5358238220215 37.7185478210449 37.7519607543945 38.4613380432129 38.3871116638184 38.2381362915039 38.0471878051758 38.163745880127 38.4376564025879 38.2397613525391 38.5629081726074 38.1141891479492 38.4546966552734
