inst/extdata/Tmax/Tmax104.asc
NCOLS 100 
NROWS 79 
XLLCORNER 148.06 
YLLCORNER -21.49 
CELLSIZE 0.01 
NODATA_value -3.4e+38 
[rows 0 to 19 of 79, columns 0 to 45 of 100]
32.572696685791001 32.2051429748535 31.1344871520996 31.5577430725098 31.7340469360352 32.2338371276855 32.4788818359375 32.6895446777344 32.6566505432129 32.4700736999512 31.9426956176758 31.7268981933594 31.6502418518066 30.2615852355957 30.8312568664551 31.327054977417 31.7955265045166 31.7712516784668 30.855993270874 30.1105308532715 29.9605865478516 28.9089450836182 29.4176044464111 30.9070129394531 31.5120639801025 31.8188152313232 31.7002601623535 31.7704086303711 31.4248332977295 31.0128498077393 30.0141410827637 27.8613662719727 29.3630828857422 29.2815837860107 27.8994884490967 26.7260589599609 26.6489734649658 26.3196468353271 27.053747177124 29.2195243835449 31.038990020752 31.3775768280029 32.2558441162109 32.6646575927734 32.8799934387207 33.0446281433105
32.3782958984375 31.8051242828369 30.9533500671387 31.0725345611572 30.4432601928711 31.4947471618652 32.1668930053711 32.5580368041992 32.7243461608887 32.6016082763672 32.2220802307129 31.881519317627 32.0291900634766 31.5615291595459 31.3880043029785 31.2728538513184 31.7720565795898 31.8195457458496 30.6882953643799 30.0189723968506 30.641809463501 30.3715572357178 30.2598934173584 30.7878856658936 31.3476543426514 31.5775241851807 31.9313774108887 31.8842086791992 31.6525707244873 31.4205322265625 30.4533882141113 28.8388023376465 30.2306137084961 29.761848449707 28.989652633667 27.8702869415283 27.373607635498 27.8304004669189 29.1256256103516 30.4746799468994 32.2540283203125 32.7648620605469 32.9272155761719 32.9412727355957 33.0193214416504 33.0820960998535
32.3748016357422 31.4686298370361 31.6123371124268 31.7748069763184 31.2674331665039 31.4172210693359 31.9045391082764 32.5831565856934 32.8107109069824 32.6664772033691 32.3451118469238 32.2146759033203 32.1256408691406 32.079044342041 31.7442283630371 31.587890625 31.8574180603027 32.0476303100586 31.3951930999756 31.190803527832 31.0368385314941 30.6790466308594 30.4277648925781 30.5877628326416 31.5962924957275 31.9292659759521 31.7619094848633 31.75146484375 31.7673263549805 31.4189720153809 31.5029544830322 30.3640003204346 30.6699676513672 29.2278327941895 28.8863487243652 28.1487216949463 27.5581855773926 27.0341892242432 28.2537384033203 29.7083873748779 31.3774509429932 32.6024017333984 32.998119354248 33.0926361083984 33.0850601196289 33.0458793640137
32.6284446716309 32.2429542541504 31.8651027679443 32.6048278808594 32.0189208984375 31.5406913757324 32.003116607666 32.6872825622559 32.9035034179688 32.7579803466797 32.6019706726074 32.5774459838867 32.4692192077637 32.2914390563965 31.7981719970703 31.6144104003906 32.0609588623047 32.1300888061523 31.8862419128418 31.3535919189453 30.9925575256348 30.5720291137695 30.6822052001953 30.6570796966553 31.3701610565186 31.904504776001 31.4968185424805 31.8297481536865 31.6287899017334 30.6634559631348 31.3467254638672 31.4591007232666 30.5868492126465 29.115140914917 28.453670501709 27.4283809661865 27.7819747924805 27.203125 27.0986156463623 26.6628856658936 28.4062900543213 31.6658725738525 32.7848358154297 33.0630683898926 32.7810134887695 32.677173614502
33.2980766296387 32.6644706726074 32.3913688659668 32.8925437927246 32.630069732666 31.8842029571533 31.9472427368164 32.7325859069824 32.9260749816895 32.494686126709 32.515567779541 32.7806739807129 32.6470718383789 32.3300933837891 31.9141616821289 32.1144790649414 32.2350540161133 31.9389991760254 31.409761428833 30.5585765838623 30.7938117980957 31.0176486968994 31.1892509460449 31.4402446746826 31.4664039611816 31.0889682769775 31.9977283477783 31.5491333007812 31.4105949401855 30.8421478271484 31.2913303375244 31.1006145477295 30.7490539550781 29.586311340332 28.9875926971436 29.3813495635986 29.0348892211914 28.3960018157959 27.7646293640137 26.9570693969727 26.6496181488037 30.639196395874 32.4485473632812 32.9637832641602 32.1677551269531 31.3315391540527
33.4892616271973 33.2134666442871 32.3905372619629 32.9237518310547 33.0252494812012 32.5403480529785 32.2237854003906 32.7863388061523 32.9959983825684 32.6645584106445 32.5471878051758 32.8907814025879 32.7180404663086 32.4026222229004 31.6326560974121 32.2595291137695 32.1844673156738 31.660623550415 31.0266189575195 30.5476856231689 30.6845226287842 31.0148429870605 31.4086532592773 31.425910949707 31.7995872497559 31.6882610321045 31.8106994628906 30.9106616973877 30.9250907897949 29.645414352417 30.5476665496826 31.1522541046143 31.2871341705322 30.9079895019531 30.5021877288818 30.4450645446777 29.45920753479 28.8886375427246 28.5133647918701 27.543436050415 27.0100345611572 30.1347560882568 32.3240852355957 32.9251136779785 32.362720489502 29.9018096923828
33.7286911010742 33.4359931945801 32.9957427978516 33.2164154052734 33.1719512939453 32.7341613769531 31.9724731445312 32.666618347168 32.9105377197266 33.0951652526855 33.0398864746094 32.8723945617676 32.3719367980957 32.5252342224121 32.505916595459 32.3499946594238 32.1401443481445 31.480785369873 31.2435607910156 30.899133682251 30.2208042144775 30.4920139312744 31.0787715911865 31.5668296813965 32.0130500793457 31.9418258666992 31.9907245635986 31.3507442474365 30.9326591491699 29.5007781982422 29.5282707214355 29.6966609954834 30.8806610107422 31.1065006256104 30.5692119598389 30.456184387207 29.7891044616699 28.1222743988037 28.4361000061035 27.9190120697021 27.7432594299316 29.9226245880127 32.0852012634277 32.6643409729004 32.4240493774414 30.4470405578613
33.7372589111328 33.6379890441895 33.3091812133789 33.3606719970703 33.3275146484375 33.0212593078613 32.3305168151855 32.1944236755371 32.5917472839355 33.0274925231934 33.1776847839355 32.8420028686523 32.0373916625977 32.327033996582 32.6258850097656 31.8044490814209 31.7682933807373 30.8586978912354 30.7874927520752 30.5226535797119 29.7297840118408 30.3277168273926 30.8765544891357 31.5752925872803 32.1726608276367 32.207935333252 31.7281112670898 31.199634552002 31.0002365112305 30.0876941680908 28.5024509429932 28.882682800293 29.3172969818115 30.066764831543 30.5616760253906 29.844425201416 29.9609699249268 28.9029579162598 27.6986789703369 28.0711860656738 28.3535327911377 29.7582607269287 31.0292625427246 32.2762413024902 32.2377662658691 30.0581169128418
33.4511184692383 33.7450180053711 33.5640487670898 33.5208358764648 33.3760032653809 33.0909843444824 32.6689720153809 32.1156005859375 32.347354888916 32.9987602233887 33.2097320556641 33.1653671264648 32.9266166687012 32.7594757080078 32.3322563171387 31.4182815551758 31.6793060302734 31.391845703125 31.5782871246338 30.4717597961426 30.4927215576172 30.333065032959 30.4770545959473 31.3273220062256 32.0692939758301 32.3136367797852 31.2074451446533 30.1509208679199 30.2790470123291 30.1869430541992 29.4844856262207 28.8309383392334 28.3243255615234 28.913423538208 30.0525226593018 29.324275970459 29.0623607635498 29.0233135223389 27.8837013244629 27.5095252990723 27.8024501800537 27.958646774292 29.09592628479 31.0808944702148 31.6721229553223 30.1672229766846
33.1043968200684 33.6356201171875 33.7366638183594 33.5792427062988 33.3426208496094 33.2112808227539 32.9867782592773 32.436897277832 32.0495758056641 32.9051208496094 33.2145004272461 32.7422561645508 31.8777198791504 31.9785976409912 32.1256980895996 32.1141128540039 32.1812019348145 32.0154075622559 31.7780075073242 31.4140510559082 31.0330562591553 30.2780609130859 30.7079544067383 31.7560634613037 32.3315238952637 32.2251129150391 31.3819904327393 31.2047653198242 30.5994148254395 29.9885005950928 28.4787445068359 28.0335578918457 29.3717651367188 29.2199363708496 28.9858341217041 28.718225479126 28.4761066436768 28.8584251403809 28.2094535827637 27.3131427764893 27.3749675750732 26.8179779052734 27.7870483398438 29.2490901947021 29.6641407012939 28.9053745269775
32.7112998962402 33.1228179931641 33.7618293762207 33.659782409668 33.5126266479492 33.4264984130859 33.2123718261719 32.7712783813477 32.7689628601074 33.0749816894531 33.2696075439453 32.824535369873 32.4306488037109 31.5268592834473 31.7591094970703 32.1352882385254 32.3176002502441 32.5782356262207 32.0400924682617 31.8138027191162 31.3370380401611 30.9068202972412 31.0185108184814 31.7409248352051 32.3009834289551 32.2046585083008 31.3705215454102 30.4630298614502 29.2501773834229 29.2681465148926 28.8444938659668 28.8020992279053 29.8800563812256 29.5851726531982 28.4988174438477 28.2054309844971 28.8158664703369 28.4826812744141 28.0333423614502 27.3754501342773 27.464635848999 27.1747436523438 26.8614711761475 27.688549041748 28.2484683990479 28.6594848632812
32.5132522583008 32.6212425231934 33.7242317199707 33.741153717041 33.6531753540039 33.5168266296387 33.328052520752 32.9322395324707 32.9979400634766 33.3768081665039 33.3289489746094 33.1108665466309 32.6751289367676 32.0826225280762 31.9748783111572 32.3731269836426 32.7864952087402 32.7910346984863 32.4869613647461 31.9324111938477 31.3220291137695 30.9347476959229 31.1572647094727 31.3665561676025 31.6594200134277 32.1014251708984 30.9118824005127 29.9477424621582 29.2187404632568 29.5338745117188 29.6376686096191 29.5609512329102 30.100025177002 29.4623565673828 29.1727752685547 29.0836124420166 28.5803852081299 27.8755264282227 28.5449542999268 28.8517265319824 28.3330078125 27.8054580688477 27.17946434021 27.7531242370605 28.4315853118896 28.9510860443115
32.7197914123535 33.3654365539551 33.7192344665527 33.6879043579102 33.7195281982422 33.6188697814941 33.4691963195801 33.0226364135742 33.1481323242188 33.5497283935547 33.3232612609863 33.260555267334 33.0128898620605 33.1216468811035 33.0194816589355 33.015022277832 33.0556030273438 32.9730339050293 32.7139511108398 32.0822067260742 31.7628555297852 31.9909343719482 32.3394432067871 32.6511840820312 32.4891471862793 31.9825839996338 31.7566909790039 31.1716976165771 30.7374324798584 30.5292911529541 30.6304817199707 30.4000129699707 30.3013515472412 29.6065444946289 28.9295501708984 28.3922958374023 27.7539920806885 29.1443786621094 29.5236701965332 29.4776096343994 27.8321018218994 27.7711353302002 27.191556930542 26.9492874145508 28.5181407928467 29.2426166534424
33.2700042724609 33.5584297180176 33.6526870727539 33.5702972412109 33.6064643859863 33.684196472168 33.6360015869141 33.5053672790527 33.2673072814941 33.455940246582 33.437141418457 33.3729400634766 33.2330513000488 33.1256103515625 33.0121040344238 32.9352340698242 33.1411094665527 33.0493545532227 32.8921089172363 32.7720069885254 32.6649169921875 32.6432762145996 32.4099197387695 32.5772705078125 32.0472297668457 30.8037414550781 30.7633666992188 30.2714366912842 29.6050643920898 30.587495803833 30.954870223999 30.9331607818604 30.0224227905273 29.6656303405762 29.5375099182129 29.4874706268311 29.4880237579346 29.121883392334 29.9184970855713 30.3680286407471 29.7423343658447 29.2066993713379 28.4314212799072 27.777214050293 29.1157531738281 29.7617359161377
32.3274803161621 33.0638465881348 33.6126098632812 33.5453186035156 33.4107627868652 33.550838470459 33.5220718383789 33.3331298828125 32.8335342407227 32.9109001159668 33.3416290283203 33.1275825500488 32.4959754943848 32.7241287231445 32.9721031188965 32.3082847595215 32.8744697570801 33.1206893920898 33.0771865844727 33.034496307373 32.984489440918 32.5060386657715 31.7320976257324 32.2406730651855 32.0494689941406 31.7333202362061 31.6652889251709 31.2672176361084 30.8362922668457 31.1824817657471 31.148494720459 30.8504219055176 30.318510055542 30.640718460083 30.6147270202637 29.4740028381348 30.191370010376 29.1665840148926 29.5865859985352 30.5548629760742 30.5511589050293 30.2608680725098 29.3439521789551 28.3409252166748 29.1442718505859 30.1175098419189
31.2666034698486 32.5283279418945 33.4651679992676 33.6421012878418 33.5776596069336 33.5646362304688 33.4619293212891 33.3437347412109 33.0955390930176 32.4824562072754 32.0109405517578 32.945182800293 31.937406539917 31.5778141021729 32.6742935180664 32.2529220581055 32.2552261352539 32.8522605895996 32.907413482666 32.9286155700684 32.9605674743652 32.953971862793 32.8031311035156 32.5317535400391 32.031177520752 31.5764198303223 31.6213302612305 31.5681610107422 31.5180206298828 31.3120040893555 31.1225166320801 30.6472072601318 30.3280830383301 31.1379261016846 31.0075263977051 30.6965713500977 30.7355861663818 30.0564231872559 29.6486663818359 30.5060596466064 30.7676219940186 30.0187950134277 28.4836368560791 27.1580047607422 27.7227020263672 29.8678283691406
32.4796142578125 32.3055686950684 33.0378227233887 33.2861137390137 33.5795822143555 33.5599784851074 33.4389572143555 33.287769317627 33.1178665161133 32.7819976806641 32.0151023864746 32.5505638122559 31.2944641113281 31.018030166626 31.9519271850586 31.7972602844238 30.9946823120117 32.3494720458984 32.363151550293 32.3601188659668 32.6966552734375 32.9165954589844 32.817024230957 32.3143615722656 31.3122138977051 30.6355571746826 30.194091796875 30.621524810791 31.3148307800293 30.6376171112061 30.3970184326172 29.5104160308838 30.3915328979492 31.4383354187012 31.2342262268066 31.0194702148438 31.1031188964844 30.6015090942383 30.1762027740479 30.5463676452637 30.8145999908447 29.4800281524658 28.2971878051758 28.6982650756836 29.1490135192871 29.8963642120361
32.6423645019531 33.0914306640625 33.2040100097656 33.239559173584 33.4303817749023 33.518383026123 33.4662933349609 33.3835258483887 33.213680267334 32.6774520874023 32.2206878662109 31.789192199707 31.3249378204346 30.9148807525635 31.5561218261719 31.4066123962402 31.462869644165 31.2689685821533 30.9868049621582 30.9867134094238 32.4001579284668 32.7549209594727 32.7511787414551 32.6429901123047 31.9479331970215 30.5895977020264 28.9573669433594 29.9549465179443 30.9395847320557 29.8282489776611 30.3006362915039 31.0242958068848 31.3996086120605 31.7507762908936 31.6664123535156 31.4474983215332 30.8983039855957 29.9237537384033 30.4937171936035 30.7925205230713 31.2011756896973 30.8096256256104 30.6515846252441 30.6483058929443 30.6129493713379 29.9565868377686
32.927059173584 32.9362411499023 32.7758941650391 32.9176406860352 33.4804000854492 33.3731269836426 33.4152641296387 33.4156341552734 33.3238563537598 32.919807434082 31.6128158569336 31.7405586242676 31.2483520507812 29.9520835876465 30.8332843780518 30.5826759338379 30.4094486236572 29.6228637695312 30.6200637817383 31.0785503387451 32.3990211486816 32.4550476074219 32.6405334472656 32.7862091064453 31.7852535247803 30.5401821136475 29.2083797454834 30.1482009887695 30.8944149017334 30.3314189910889 30.9385166168213 31.4920635223389 31.9687805175781 31.9969959259033 31.4943027496338 31.2053604125977 30.8001518249512 30.5028209686279 31.1531677246094 31.2780742645264 31.3481216430664 31.2785453796387 31.153829574585 30.4026470184326 29.4205017089844 29.3990097045898
33.1000442504883 33.1122207641602 33.1058464050293 32.9570159912109 33.4971389770508 33.5150184631348 33.4667663574219 33.4194641113281 33.3578224182129 33.2577171325684 32.8873443603516 32.0335464477539 31.0704021453857 29.7117614746094 30.1017780303955 30.0774040222168 29.5947875976562 29.9473609924316 30.2582855224609 31.4833240509033 32.4256782531738 31.9572906494141 32.8076667785645 32.6461181640625 31.9661464691162 31.7022304534912 30.4734210968018 30.6214656829834 31.0525894165039 30.8690528869629 31.6076354980469 31.5962581634521 32.1389007568359 32.0762710571289 31.9203758239746 31.6515502929688 30.6875610351562 30.9101009368896 31.2420978546143 31.2582206726074 31.3209934234619 31.1817760467529 31.1146640777588 30.529842376709 30.4643592834473 30.3340435028076
