inst/extdata/Tmax/Tmax105.asc
NCOLS 100 
NROWS 79 
XLLCORNER 148.06 
YLLCORNER -21.49 
CELLSIZE 0.01 
NODATA_value -3.4e+38 
[rows 0 to 19 of 79, columns 46 to 91 of 100]
35.6208992004395 35.4324417114258 35.3241806030273 35.3230934143066 35.3017807006836 35.1777267456055 35.381908416748 35.2002563476562 34.996208190918 34.8084602355957 34.712760925293 34.4192237854004 34.2996292114258 34.5036010742188 34.7475090026855 34.6349143981934 34.4709205627441 34.254711151123 33.9059791564941 33.6556358337402 33.4580574035645 -3.4e+38 -3.4e+38 -3.4e+38 -3.4e+38 -3.4e+38 -3.4e+38 -3.4e+38 -3.4e+38 -3.4e+38 -3.4e+38 -3.4e+38 -3.4e+38 -3.4e+38 -3.4e+38 -3.4e+38 -3.4e+38 -3.4e+38 -3.4e+38 -3.4e+38 -3.4e+38 -3.4e+38 -3.4e+38 -3.4e+38 -3.4e+38 -3.4e+38
35.5738410949707 35.277400970459 35.0375595092773 35.3040618896484 35.4694023132324 35.4705238342285 35.4115333557129 35.3019485473633 34.9459838867188 34.4802513122559 34.6094245910645 34.0413398742676 34.5499534606934 34.8368797302246 34.7883148193359 34.6677474975586 34.5239143371582 34.3490829467773 34.1089973449707 33.9669494628906 33.8293037414551 33.6344985961914 -3.4e+38 -3.4e+38 -3.4e+38 -3.4e+38 -3.4e+38 -3.4e+38 -3.4e+38 -3.4e+38 -3.4e+38 -3.4e+38 -3.4e+38 -3.4e+38 -3.4e+38 -3.4e+38 -3.4e+38 -3.4e+38 -3.4e+38 -3.4e+38 -3.4e+38 -3.4e+38 -3.4e+38 -3.4e+38 -3.4e+38 -3.4e+38
35.4681434631348 34.6779136657715 33.7849655151367 35.2499198913574 35.4508171081543 35.4598846435547 35.4283103942871 35.3633689880371 35.1178092956543 34.4965362548828 34.5842361450195 34.7099647521973 34.7699890136719 34.900218963623 34.8406448364258 34.7182350158691 34.6004295349121 34.4702110290527 34.308910369873 34.0536270141602 33.9883918762207 33.7470817565918 33.4259872436523 33.0257949829102 -3.4e+38 -3.4e+38 -3.4e+38 -3.4e+38 -3.4e+38 -3.4e+38 -3.4e+38 -3.4e+38 -3.4e+38 -3.4e+38 -3.4e+38 -3.4e+38 -3.4e+38 -3.4e+38 -3.4e+38 -3.4e+38 -3.4e+38 -3.4e+38 -3.4e+38 -3.4e+38 -3.4e+38 -3.4e+38
34.9963607788086 35.0662040710449 33.9101982116699 35.1058654785156 35.3049697875977 35.3602066040039 35.4099731445312 35.3007698059082 35.1563568115234 34.8029899597168 34.6864280700684 34.406608581543 34.749153137207 34.861213684082 34.8633689880371 34.7455863952637 34.6650848388672 34.5706100463867 34.404956817627 34.0033264160156 33.7795677185059 33.7355041503906 33.6122741699219 33.4730682373047 33.2331619262695 32.6754837036133 -3.4e+38 -3.4e+38 -3.4e+38 -3.4e+38 -3.4e+38 -3.4e+38 -3.4e+38 -3.4e+38 -3.4e+38 -3.4e+38 -3.4e+38 -3.4e+38 -3.4e+38 -3.4e+38 -3.4e+38 -3.4e+38 -3.4e+38 -3.4e+38 -3.4e+38 -3.4e+38
34.9712944030762 35.0006370544434 33.7208557128906 33.9719581604004 34.8107070922852 35.3354454040527 35.4094085693359 35.2560920715332 35.2159118652344 34.8812980651855 34.567138671875 34.3543891906738 33.9392051696777 34.5860366821289 34.8239479064941 34.7208099365234 34.7348098754883 34.6642723083496 34.3950157165527 33.6004600524902 33.0413627624512 33.7595977783203 33.7975997924805 33.6873397827148 33.3521881103516 32.9333267211914 -3.4e+38 -3.4e+38 -3.4e+38 -3.4e+38 -3.4e+38 -3.4e+38 -3.4e+38 -3.4e+38 -3.4e+38 -3.4e+38 -3.4e+38 -3.4e+38 -3.4e+38 -3.4e+38 -3.4e+38 -3.4e+38 -3.4e+38 -3.4e+38 -3.4e+38 -3.4e+38
34.0550575256348 34.844654083252 33.2051200866699 32.5314636230469 34.4161682128906 35.3978500366211 35.3183097839355 35.250862121582 35.1848411560059 34.7540130615234 33.7850189208984 33.4221534729004 33.7617530822754 34.714714050293 34.6014862060547 34.7564315795898 34.7873497009277 34.6936531066895 34.5715293884277 33.8879470825195 33.1043014526367 33.142822265625 33.6296463012695 33.6361923217773 33.5387268066406 33.3628005981445 -3.4e+38 -3.4e+38 -3.4e+38 -3.4e+38 -3.4e+38 -3.4e+38 -3.4e+38 -3.4e+38 -3.4e+38 -3.4e+38 -3.4e+38 -3.4e+38 -3.4e+38 -3.4e+38 -3.4e+38 -3.4e+38 -3.4e+38 -3.4e+38 -3.4e+38 -3.4e+38
33.077465057373 34.8091239929199 34.1443252563477 34.0558586120605 35.078929901123 35.3466491699219 35.1560935974121 35.0326995849609 35.179370880127 34.6679496765137 33.9022750854492 33.8818244934082 34.5626525878906 34.6793098449707 33.7103500366211 34.6156005859375 34.6579132080078 34.6389045715332 34.6494750976562 34.3391189575195 33.9246978759766 33.6094818115234 33.7930679321289 33.498649597168 33.6991348266602 33.6743240356445 33.4940719604492 33.1110420227051 -3.4e+38 -3.4e+38 -3.4e+38 -3.4e+38 -3.4e+38 -3.4e+38 -3.4e+38 -3.4e+38 -3.4e+38 -3.4e+38 -3.4e+38 -3.4e+38 -3.4e+38 -3.4e+38 -3.4e+38 -3.4e+38 -3.4e+38 -3.4e+38
32.1676368713379 34.8126068115234 35.2839279174805 35.0812873840332 34.0186424255371 34.29248046875 34.9401359558105 35.0879592895508 35.2394676208496 35.033504486084 34.6139068603516 34.1635131835938 34.1792182922363 34.3940734863281 33.9111137390137 34.619686126709 33.8597297668457 33.7987480163574 34.5042114257812 34.6071929931641 34.412769317627 34.113151550293 33.9680671691895 33.9799156188965 33.9116058349609 33.8330078125 33.572135925293 33.3307228088379 32.9392623901367 32.3492469787598 32.333122253418 -3.4e+38 -3.4e+38 -3.4e+38 -3.4e+38 -3.4e+38 -3.4e+38 -3.4e+38 -3.4e+38 -3.4e+38 -3.4e+38 -3.4e+38 -3.4e+38 -3.4e+38 -3.4e+38 -3.4e+38
32.0848388671875 34.2942390441895 35.2847328186035 35.1618881225586 34.2547454833984 32.6566123962402 34.0953521728516 35.1687431335449 35.2344970703125 35.105224609375 34.9371223449707 34.6520729064941 34.6596336364746 34.4649925231934 33.9042205810547 33.81884765625 33.3585433959961 34.1442184448242 34.4380912780762 34.4856185913086 34.472484588623 34.0737991333008 33.6406440734863 33.2800025939941 33.9493408203125 33.9415245056152 33.7588272094727 33.5363388061523 33.3570556640625 32.7363739013672 32.4235420227051 32.5477561950684 -3.4e+38 -3.4e+38 -3.4e+38 -3.4e+38 -3.4e+38 -3.4e+38 -3.4e+38 -3.4e+38 -3.4e+38 -3.4e+38 -3.4e+38 -3.4e+38 -3.4e+38 -3.4e+38
33.0788841247559 34.2919998168945 35.1365165710449 35.1220855712891 35.0882263183594 33.6298065185547 33.9469833374023 35.0606880187988 35.2321968078613 35.0979347229004 34.8840942382812 34.6064376831055 34.4641456604004 34.5639877319336 33.8543815612793 33.5227470397949 33.4236030578613 34.5804061889648 34.3993339538574 34.0647850036621 34.4445533752441 34.3722114562988 34.14306640625 33.7597427368164 34.1282119750977 34.0226821899414 33.8231773376465 33.8264465332031 33.6039047241211 33.2016563415527 32.5588531494141 32.5616569519043 -3.4e+38 -3.4e+38 -3.4e+38 -3.4e+38 -3.4e+38 -3.4e+38 -3.4e+38 -3.4e+38 -3.4e+38 -3.4e+38 -3.4e+38 -3.4e+38 -3.4e+38 -3.4e+38
32.0553588867188 34.1097679138184 34.521915435791 34.2896156311035 34.6616172790527 34.9434242248535 34.628734588623 35.0811958312988 35.1780242919922 35.0628471374512 34.878604888916 34.6809005737305 34.4579238891602 34.8212776184082 34.6449165344238 34.532543182373 34.5840339660645 34.7840270996094 34.7614936828613 34.1835632324219 33.6897087097168 34.3491058349609 34.5069961547852 33.957332611084 33.9384918212891 33.7531700134277 33.6849479675293 33.9405784606934 33.7150955200195 33.3350410461426 -3.4e+38 -3.4e+38 -3.4e+38 -3.4e+38 -3.4e+38 -3.4e+38 -3.4e+38 -3.4e+38 -3.4e+38 -3.4e+38 -3.4e+38 -3.4e+38 -3.4e+38 -3.4e+38 -3.4e+38 -3.4e+38
31.3024158477783 32.4071884155273 32.781494140625 32.4933013916016 33.6465492248535 34.3788566589355 34.7747077941895 35.0702285766602 35.0629348754883 34.9666137695312 34.7685394287109 34.5652542114258 34.4004440307617 35.048713684082 35.0282249450684 34.8676643371582 34.8637886047363 34.943603515625 34.9702987670898 34.8512306213379 34.4433746337891 34.1993598937988 34.5651245117188 34.3416595458984 34.0629196166992 34.1453018188477 34.128246307373 33.8074913024902 33.6217651367188 33.365306854248 -3.4e+38 -3.4e+38 -3.4e+38 -3.4e+38 -3.4e+38 -3.4e+38 -3.4e+38 -3.4e+38 -3.4e+38 -3.4e+38 -3.4e+38 -3.4e+38 -3.4e+38 -3.4e+38 -3.4e+38 -3.4e+38
31.2900466918945 30.1933574676514 29.5133953094482 29.6745700836182 32.1051864624023 32.7339706420898 34.1161193847656 34.5074577331543 34.8493804931641 34.7247467041016 34.4891700744629 34.8388671875 34.836009979248 34.7197227478027 35.177433013916 35.1408081054688 35.0622100830078 35.0591506958008 35.0591735839844 35.0267486572266 34.9597434997559 34.8491706848145 34.6730804443359 34.5855674743652 34.2395706176758 34.2823905944824 34.2162170410156 33.8844032287598 33.5474395751953 33.3566741943359 33.1201591491699 32.6969413757324 -3.4e+38 -3.4e+38 -3.4e+38 -3.4e+38 -3.4e+38 -3.4e+38 -3.4e+38 -3.4e+38 -3.4e+38 -3.4e+38 -3.4e+38 -3.4e+38 -3.4e+38 -3.4e+38
31.2933025360107 30.4145450592041 29.4223003387451 28.8389053344727 29.5181865692139 30.4716625213623 32.6505241394043 34.0165748596191 34.816463470459 34.6258697509766 34.0840606689453 34.7379722595215 35.083122253418 35.1259536743164 35.1381568908691 35.1506195068359 35.1682281494141 35.1459503173828 35.1126327514648 35.0653381347656 35.0131301879883 34.9160232543945 34.8114051818848 34.6955490112305 34.4161071777344 34.4122161865234 34.2728004455566 34.0128288269043 33.7055015563965 33.5751304626465 33.4502716064453 33.2379112243652 32.8249053955078 -3.4e+38 -3.4e+38 -3.4e+38 -3.4e+38 32.2249145507812 32.2415466308594 -3.4e+38 -3.4e+38 -3.4e+38 -3.4e+38 -3.4e+38 -3.4e+38 -3.4e+38
31.9619178771973 30.5131797790527 29.5340766906738 29.1258563995361 29.7484912872314 29.4907875061035 30.8443851470947 32.8236846923828 34.3087692260742 34.7243728637695 33.5317649841309 34.4565010070801 34.9296379089355 34.4337615966797 34.5211868286133 34.9535369873047 35.0551109313965 35.1214256286621 35.0561676025391 34.9075927734375 34.9297676086426 34.8467292785645 34.8264083862305 34.7475357055664 34.638111114502 34.4580841064453 34.3127059936523 34.127857208252 33.9492835998535 33.8161468505859 33.733829498291 33.5111885070801 33.0246849060059 -3.4e+38 -3.4e+38 -3.4e+38 -3.4e+38 32.3338165283203 32.2702484130859 32.405330657959 32.3752288818359 32.190845489502 -3.4e+38 -3.4e+38 -3.4e+38 -3.4e+38
31.9129180908203 30.4814834594727 29.5775318145752 30.0916481018066 29.8637428283691 30.3334712982178 30.0594806671143 31.6841869354248 34.1013259887695 34.8924980163574 33.7714080810547 33.7286529541016 34.6096382141113 32.5884857177734 33.6928749084473 34.1031608581543 34.6875190734863 35.0841865539551 35.0507202148438 34.939826965332 34.9181327819824 34.8665733337402 34.8533668518066 34.774772644043 34.6762619018555 34.390754699707 34.332763671875 34.2313804626465 34.1405410766602 34.0582542419434 33.9080352783203 33.6834526062012 33.418514251709 -3.4e+38 -3.4e+38 33.0803833007812 32.776237487793 32.423038482666 32.2868614196777 32.0695915222168 32.1808013916016 32.3588600158691 -3.4e+38 -3.4e+38 -3.4e+38 -3.4e+38
30.3454437255859 28.9412097930908 28.897855758667 30.3727512359619 30.7735996246338 30.6864681243896 30.2197723388672 30.6403522491455 33.287181854248 34.6914329528809 34.7072372436523 33.8068351745605 34.3676643371582 32.8753051757812 32.886402130127 32.953929901123 34.365478515625 35.0688323974609 35.0681304931641 35.0686912536621 35.0534591674805 34.9654388427734 34.8919525146484 34.6206321716309 34.599292755127 34.4537773132324 34.407901763916 34.3709411621094 34.3092231750488 34.1839828491211 34.0401268005371 33.8710021972656 33.7105712890625 -3.4e+38 33.4731254577637 33.4317474365234 33.3134498596191 -3.4e+38 32.4299049377441 -3.4e+38 32.1292991638184 -3.4e+38 -3.4e+38 -3.4e+38 -3.4e+38 -3.4e+38
30.2922592163086 28.6605548858643 27.8476543426514 30.8155746459961 31.0663013458252 30.3464126586914 29.9158058166504 30.0735263824463 31.8462963104248 34.3778076171875 34.4989204406738 34.0369338989258 34.1627502441406 34.2781753540039 33.556079864502 34.736572265625 34.9683799743652 35.0645294189453 35.0890731811523 35.0604705810547 35.0407829284668 34.9758567810059 34.9175758361816 34.8021049499512 34.7646179199219 34.6662483215332 34.5930938720703 34.5181121826172 34.3775634765625 34.3108062744141 34.1984405517578 34.0759048461914 33.9630088806152 33.8504981994629 33.7767181396484 33.7466163635254 33.5178871154785 -3.4e+38 -3.4e+38 -3.4e+38 -3.4e+38 -3.4e+38 -3.4e+38 32.3365287780762 -3.4e+38 -3.4e+38
32.3068389892578 31.9566783905029 29.52024269104 31.2683963775635 29.596097946167 29.6132030487061 30.1199626922607 30.4723949432373 32.7976036071777 34.3294410705566 34.0087394714355 33.3422698974609 34.2805671691895 34.7142601013184 34.81591796875 34.8698501586914 34.985595703125 34.6358757019043 34.7873916625977 34.9456596374512 34.9080696105957 34.9201889038086 34.9111862182617 34.8603286743164 34.8095512390137 34.73828125 34.6781539916992 34.5114593505859 34.1420211791992 34.2422409057617 34.307502746582 34.2441711425781 34.1622047424316 34.0495452880859 33.9872016906738 33.8752555847168 33.6676712036133 33.4703941345215 33.2912940979004 33.1808013916016 33.1605377197266 32.9976692199707 32.6214294433594 32.327522277832 -3.4e+38 -3.4e+38
32.395076751709 31.4499683380127 32.1990509033203 31.9967670440674 30.4049797058105 30.4570980072021 30.0224647521973 30.273021697998 32.5605812072754 34.0085105895996 34.4550666809082 34.2015380859375 34.5660858154297 34.8697624206543 34.7265815734863 34.5690994262695 34.7640419006348 34.4678268432617 34.2854614257812 34.4604034423828 34.794376373291 34.8404769897461 34.8462715148926 34.865364074707 34.8491172790527 34.7950744628906 34.7184677124023 34.492546081543 34.190803527832 34.3685531616211 34.3181304931641 34.376392364502 34.2387504577637 34.1602630615234 34.0970458984375 33.9196128845215 33.7824630737305 33.6828536987305 33.6021575927734 33.5361862182617 33.4812049865723 33.2969360351562 32.8188018798828 32.2519874572754 32.2878723144531 -3.4e+38
