inst/extdata/Tmax/Tmax90.asc
NCOLS 100 
NROWS 79 
XLLCORNER 148.06 
YLLCORNER -21.49 
CELLSIZE 0.01 
NODATA_value -3.4e+38 
[rows 40 to 59 of 79, columns 46 to 91 of 100]
28.4714183807373 29.1835098266602 29.4914855957031 30.2749404907227 31.9491405487061 33.0223503112793 32.5133972167969 30.4811000823975 30.1001377105713 30.8170375823975 31.3764419555664 33.2686538696289 32.8592529296875 33.0995140075684 32.2019271850586 33.3028221130371 33.5113754272461 33.2030410766602 33.315544128418 33.4277000427246 33.4517517089844 32.4467735290527 32.8700752258301 33.2180137634277 33.3172416687012 33.3792037963867 33.2741546630859 32.868106842041 33.0694389343262 33.2817840576172 33.2499847412109 33.0799980163574 32.7384185791016 31.422513961792 31.7130832672119 32.429313659668 32.3338623046875 32.235897064209 32.4886131286621 31.910680770874 31.1510162353516 31.6436958312988 31.9702396392822 31.7565650939941 32.0274543762207 32.0746574401855
29.4493293762207 30.5064373016357 30.4157676696777 30.3656520843506 31.9852504730225 33.3301963806152 32.1031036376953 31.6820468902588 32.328254699707 32.4237213134766 32.8195648193359 33.5817756652832 33.4613456726074 33.4831008911133 33.3275184631348 33.6662940979004 33.7124557495117 33.6435356140137 33.5992469787598 33.6238174438477 33.6125869750977 33.0510520935059 32.3099746704102 32.6918830871582 32.6104125976562 33.1311454772949 33.4572143554688 32.9578514099121 32.9470863342285 33.3610038757324 33.4029846191406 33.3064613342285 33.1296157836914 32.4891662597656 32.7431755065918 32.7824096679688 32.5583114624023 32.5502052307129 32.6562538146973 32.7842178344727 31.777229309082 32.0094909667969 32.6435127258301 32.4333534240723 32.566967010498 32.5037498474121
31.7813358306885 31.9566459655762 32.1382713317871 32.659553527832 33.0214309692383 33.5547981262207 33.092113494873 32.5210113525391 33.0817832946777 33.5205345153809 33.4314079284668 33.7754173278809 33.8158569335938 33.7338523864746 33.7071075439453 33.7991409301758 33.8134574890137 33.7900047302246 33.7572898864746 33.7465324401855 33.6594429016113 32.666015625 32.4571762084961 32.9851188659668 32.439582824707 32.911205291748 33.3773994445801 33.2741432189941 33.2139320373535 33.4797630310059 33.5078125 33.4890289306641 33.4447021484375 33.3216438293457 33.2139358520508 32.8622016906738 31.906702041626 32.5230941772461 33.0782890319824 33.0665817260742 32.920970916748 32.8526802062988 32.9690475463867 32.9968643188477 33.0297050476074 32.9688110351562
33.0628051757812 33.0891914367676 33.2349128723145 33.3961791992188 33.6543350219727 33.7498817443848 33.6525840759277 33.4050979614258 33.5944328308105 33.8329010009766 33.8336219787598 33.8904266357422 33.8702163696289 33.8328514099121 33.8561744689941 33.8265953063965 33.7586936950684 33.7339019775391 33.7682151794434 33.7991600036621 33.7590637207031 33.497859954834 33.2311897277832 33.4136924743652 33.2706642150879 32.8016242980957 33.1038475036621 33.3869476318359 33.5468521118164 33.5675239562988 33.5668296813965 33.5447158813477 33.5101470947266 33.4621505737305 33.4506454467773 33.2881774902344 32.7798080444336 33.1003189086914 33.2830390930176 33.2584533691406 33.2114944458008 33.2002563476562 33.1760177612305 33.1832389831543 33.1785125732422 33.1406135559082
32.871711730957 33.1635780334473 33.4513549804688 33.4640235900879 33.5279312133789 33.6702575683594 33.7182426452637 33.7961502075195 33.8293991088867 33.7714691162109 33.5482635498047 33.6674118041992 33.588005065918 33.3115272521973 33.5075950622559 33.6494445800781 33.5297546386719 33.647632598877 33.7459335327148 33.7950019836426 33.8154411315918 33.6667938232422 33.3345260620117 33.0616836547852 33.2970581054688 33.4757919311523 33.5245742797852 33.567066192627 33.5719795227051 33.6025810241699 33.586727142334 33.5604782104492 33.5101623535156 33.4621810913086 33.4852981567383 33.4145660400391 33.3854827880859 33.3727951049805 33.3045921325684 33.2966995239258 33.2593879699707 33.2359504699707 33.2290534973145 33.204288482666 33.0937767028809 33.1182022094727
31.0096168518066 31.8159122467041 32.2489700317383 32.4755020141602 32.8810615539551 33.2529792785645 33.1858596801758 33.4053535461426 33.4058227539062 33.2329940795898 32.4057884216309 32.4246940612793 32.5115585327148 30.9101676940918 31.9416561126709 32.7674674987793 33.3543472290039 33.7080879211426 33.8006553649902 33.8223724365234 33.8351173400879 33.6360168457031 33.1735496520996 32.7837066650391 33.068302154541 33.3431701660156 33.477725982666 33.4608154296875 33.5257453918457 33.5964851379395 33.6003761291504 33.5809860229492 33.5538177490234 33.5374069213867 33.4957237243652 33.3834190368652 33.3642883300781 33.348030090332 33.3086967468262 33.2910995483398 33.2475318908691 33.2282028198242 33.2070159912109 33.1422157287598 33.1237754821777 33.1439971923828
28.8781261444092 29.8404388427734 29.7598247528076 29.7337188720703 31.0716533660889 31.6237392425537 31.735164642334 32.0247650146484 32.5228004455566 31.8534278869629 31.1251602172852 30.5038433074951 31.226375579834 31.0910911560059 31.5741939544678 32.8181686401367 33.5508232116699 33.7506790161133 33.7828750610352 33.758186340332 33.8130493164062 33.8152770996094 33.3681945800781 32.9980621337891 32.8783683776855 33.1624488830566 33.3809242248535 33.497428894043 33.600528717041 33.6149063110352 33.6357116699219 33.6269226074219 33.6103515625 33.5706634521484 33.4779357910156 33.4037742614746 33.3902816772461 33.377140045166 33.3527450561523 33.3278541564941 33.2831535339355 33.2682762145996 33.2541275024414 33.2082557678223 33.1888389587402 33.0680618286133
28.9767875671387 28.922306060791 28.7724857330322 28.8297634124756 28.7826480865479 29.378116607666 30.4948596954346 31.173225402832 31.3574848175049 31.2237720489502 31.8016700744629 31.6223087310791 31.4511470794678 32.0811653137207 32.3990669250488 33.3348274230957 33.6059303283691 33.6324424743652 33.5625114440918 33.6885833740234 33.8196029663086 33.8602294921875 33.7067222595215 33.3781051635742 32.9359893798828 33.2158889770508 33.4178161621094 33.5857391357422 33.655200958252 33.6884078979492 33.6990432739258 33.662914276123 33.5871887207031 33.5011253356934 33.4285888671875 33.391040802002 33.396110534668 33.4036712646484 33.3847618103027 33.3606719970703 33.3305969238281 33.322681427002 33.304759979248 33.2708892822266 33.0499267578125 32.8206443786621
28.6746597290039 28.7521419525146 28.9254779815674 28.704948425293 28.6320266723633 28.7149143218994 29.3683700561523 30.9010982513428 31.454029083252 31.6501541137695 31.4702262878418 31.6753387451172 31.9937629699707 32.3090324401855 32.3724708557129 32.941333770752 33.3452491760254 33.3421440124512 33.3323593139648 33.6494064331055 33.7677345275879 33.774543762207 33.8615989685059 33.7711029052734 33.6464538574219 33.6053771972656 33.693416595459 33.7597885131836 33.7617874145508 33.7584266662598 33.7289924621582 33.6416511535645 33.5464248657227 33.4023475646973 33.3523216247559 33.4018859863281 33.4048385620117 33.4163246154785 33.425853729248 33.4021339416504 33.3888244628906 33.3779029846191 33.3517951965332 33.3267250061035 33.1560440063477 33.0172386169434
28.735725402832 28.8710746765137 28.8905410766602 28.6351985931396 29.0178470611572 29.6686382293701 29.7397689819336 31.0023097991943 31.4931812286377 31.714916229248 31.509973526001 32.0287590026855 32.3316535949707 32.3373947143555 32.4357681274414 32.3236236572266 32.4283103942871 32.6769332885742 33.0728874206543 33.447509765625 33.5583152770996 33.564395904541 33.8177719116211 33.865894317627 33.8804092407227 33.850887298584 33.8194465637207 33.635913848877 33.6966590881348 33.7629699707031 33.7220115661621 33.5856170654297 33.533748626709 33.3229217529297 33.2478370666504 33.4272880554199 33.4220199584961 33.3973960876465 33.4531517028809 33.4529418945312 33.4209480285645 33.4181976318359 33.3941459655762 33.3613700866699 33.2817344665527 33.2098159790039
28.7666358947754 28.673547744751 28.84499168396 28.6200656890869 29.1280727386475 30.0265216827393 30.3833160400391 30.9919567108154 31.7236728668213 32.2142753601074 32.233283996582 32.3669128417969 32.4475746154785 32.4817810058594 32.4706153869629 32.4105339050293 32.482593536377 32.1945266723633 31.8204193115234 33.0430564880371 32.929271697998 33.3858375549316 33.737133026123 33.7992897033691 33.8505249023438 33.8271751403809 33.7466812133789 33.5107040405273 33.6630439758301 33.7668418884277 33.5931510925293 33.4017753601074 33.413028717041 33.3864364624023 33.4147415161133 33.4909477233887 33.4926376342773 33.4711761474609 33.4628791809082 33.4925422668457 33.4783554077148 33.4559097290039 33.4279174804688 33.390697479248 33.3457374572754 33.2541580200195
28.4279766082764 28.4069805145264 28.7084560394287 28.2122440338135 28.3314914703369 29.9096660614014 30.7096004486084 31.3698272705078 31.7190551757812 32.0241470336914 32.0910911560059 32.100341796875 31.8885116577148 31.8924446105957 32.184757232666 32.3248062133789 32.6877059936523 32.6099815368652 32.4133605957031 32.4607620239258 32.2982711791992 33.1356544494629 33.5701293945312 33.754997253418 33.7617111206055 33.771541595459 33.3973083496094 33.0041809082031 33.6398582458496 33.7760887145996 33.4830436706543 33.1506042480469 33.4117317199707 33.4588851928711 33.4854049682617 33.4430885314941 33.4343070983887 33.4323272705078 33.4493179321289 33.432731628418 33.4378395080566 33.4708137512207 33.4556159973145 33.4218101501465 33.3811531066895 33.3114356994629
28.1430530548096 28.0277786254883 28.3998107910156 28.3030700683594 28.3727321624756 29.1691226959229 29.9881267547607 30.6838665008545 31.1885986328125 31.5645046234131 31.4996356964111 31.4248390197754 31.4993896484375 31.8129234313965 32.6173782348633 32.7284545898438 32.9289321899414 32.8271751403809 32.7411689758301 32.562068939209 32.307689666748 33.0139579772949 33.4928665161133 33.6978950500488 33.6315116882324 33.7236938476562 33.3123245239258 32.3227424621582 33.3829154968262 33.7616500854492 33.4741744995117 33.2093772888184 33.4179039001465 33.3506813049316 33.2736625671387 33.2945976257324 33.3421173095703 33.2694473266602 33.1844024658203 33.165771484375 33.2798843383789 33.3752555847168 33.4668426513672 33.4465637207031 33.4101295471191 33.3652420043945
29.0246658325195 28.2061748504639 28.292875289917 28.6116409301758 28.9122829437256 29.7608127593994 29.8057346343994 30.6107177734375 31.4509677886963 31.7969074249268 32.175708770752 32.2947807312012 32.4432373046875 32.6906623840332 32.8966217041016 32.9426460266113 32.8922576904297 32.9755592346191 32.9412117004395 32.6911430358887 32.4812278747559 32.5049438476562 33.0755386352539 33.3217468261719 33.2418823242188 33.6917762756348 33.5780868530273 32.8915939331055 33.4664154052734 33.7479515075684 33.5082397460938 33.3005180358887 33.2070465087891 32.8489532470703 33.0461769104004 32.9728507995605 32.9801445007324 32.5371932983398 32.6438446044922 31.5734920501709 32.9955596923828 33.2666015625 33.4571380615234 33.4649543762207 33.4351768493652 33.391788482666
29.5844688415527 28.7883644104004 28.3672275543213 29.00807762146 29.5254020690918 30.1850700378418 30.2551918029785 30.7603092193604 31.5643653869629 32.0032501220703 32.0522575378418 32.0749778747559 32.5293273925781 32.719295501709 32.8412475585938 32.8244972229004 33.053092956543 33.1997184753418 33.1695098876953 32.9019012451172 32.7245979309082 32.6315994262695 32.7763900756836 32.7905654907227 32.763557434082 33.4931144714355 33.6837463378906 33.3682022094727 33.0487365722656 33.6190032958984 33.129280090332 32.2597389221191 32.9155578613281 33.0853233337402 33.3935775756836 33.3933715820312 33.3481063842773 33.3111381530762 33.0712242126465 32.0246810913086 32.8797302246094 33.2287788391113 33.4139251708984 33.4634056091309 33.4569549560547 33.4181175231934
29.6238441467285 28.9315414428711 28.4784507751465 29.514232635498 30.4395599365234 30.9106559753418 31.690450668335 31.9348030090332 32.1533470153809 32.2668151855469 32.059871673584 32.0188484191895 32.6358947753906 32.7378540039062 32.7538604736328 32.8341445922852 32.962776184082 32.9544944763184 33.5266151428223 33.2651290893555 32.9664688110352 32.7992744445801 32.7761001586914 32.6057395935059 32.6191482543945 33.2903938293457 33.6648216247559 33.5622024536133 33.4018173217773 33.7320899963379 32.9878196716309 31.8087463378906 32.3421669006348 33.0721397399902 33.1096000671387 32.6892738342285 32.7512664794922 33.3215179443359 33.447868347168 33.4037437438965 33.4359893798828 33.4249382019043 33.4383888244629 33.4362297058105 33.4621353149414 33.4474906921387
29.5243949890137 28.7443542480469 28.3637981414795 29.3428401947021 30.5399265289307 30.9284400939941 30.2936687469482 31.7298145294189 31.6694087982178 31.0761013031006 32.0846900939941 32.3196907043457 32.3491439819336 32.4207344055176 32.4461517333984 32.6813316345215 32.8290939331055 32.9579582214355 33.4943199157715 33.6259231567383 33.4123954772949 33.0687103271484 32.8868103027344 32.8043212890625 32.5486068725586 33.0516700744629 33.5469779968262 33.5606803894043 33.7613296508789 33.8256568908691 33.2623863220215 31.3745803833008 32.0765113830566 31.5507335662842 31.9241561889648 31.1692161560059 32.1802749633789 33.2976989746094 33.4215812683105 33.4872131347656 33.4957733154297 33.4020385742188 33.2829513549805 33.3987617492676 33.4260482788086 33.430793762207
29.5118083953857 28.9079437255859 28.9564743041992 29.3680229187012 30.1761932373047 30.6390514373779 31.0857028961182 31.3334712982178 29.9413261413574 29.8713207244873 31.4817848205566 30.421688079834 30.8103141784668 31.2800598144531 32.0724411010742 32.5871391296387 32.7604713439941 33.0030784606934 33.3824043273926 33.5248603820801 33.5867233276367 33.3137550354004 32.9615058898926 33.037914276123 32.9037322998047 33.1525268554688 33.1487236022949 32.9667320251465 33.5540771484375 33.7532043457031 33.4988403320312 32.7212867736816 31.1714000701904 29.249454498291 29.3888416290283 31.0608692169189 32.6096343994141 33.2691612243652 33.3878974914551 33.3231506347656 33.3156127929688 33.066577911377 32.9325485229492 33.3322143554688 33.0506973266602 33.117130279541
29.489049911499 29.1976299285889 29.0325832366943 29.2799339294434 29.7675590515137 30.586706161499 30.748722076416 30.2927398681641 29.8233547210693 30.6862945556641 31.1989936828613 30.1279411315918 30.4733467102051 30.926872253418 31.9553413391113 32.4033470153809 32.7352256774902 33.2188415527344 33.6701850891113 33.4818382263184 33.3410301208496 33.6513595581055 33.372989654541 33.1713180541992 32.9969940185547 32.9875335693359 33.0742149353027 32.9670906066895 33.3221168518066 33.6847496032715 33.7221298217773 33.1446723937988 32.3675193786621 30.5882835388184 29.929780960083 31.1250228881836 32.6072654724121 33.207878112793 33.2706260681152 32.7659111022949 33.0374984741211 33.2289047241211 33.0012550354004 33.0670318603516 32.7151756286621 32.9905967712402
29.217716217041 29.0456657409668 28.6624946594238 28.9327945709229 29.5475482940674 29.6824264526367 30.032829284668 30.3840751647949 30.6910667419434 30.7967071533203 31.1550064086914 31.3788070678711 32.0759620666504 32.1766128540039 32.3414344787598 31.8396263122559 32.8896903991699 33.2996482849121 33.5284461975098 33.2222900390625 33.3510894775391 33.5521965026855 33.6595077514648 33.5931358337402 33.2790374755859 33.1986427307129 32.8116264343262 32.9860877990723 33.4150428771973 33.5052375793457 33.6641540527344 33.6838569641113 33.077335357666 32.3527336120605 31.3782806396484 31.0628471374512 32.2937698364258 33.1234855651855 32.589900970459 32.0184669494629 32.9892578125 33.2586669921875 32.953296661377 32.1210708618164 32.4944953918457 33.0516052246094
