inst/extdata/Tmax/Tmax92.asc
NCOLS 100 
NROWS 79 
XLLCORNER 148.06 
YLLCORNER -21.49 
CELLSIZE 0.01 
NODATA_value -3.4e+38 
[rows 40 to 59 of 79, columns 46 to 91 of 100]
24.7598972320557 25.6535549163818 26.0345096588135 26.8413410186768 28.3305950164795 29.4038429260254 28.9054794311523 26.9904861450195 26.633487701416 27.2460765838623 27.8074913024902 29.7605133056641 29.3616943359375 29.6243724822998 28.723949432373 29.8713436126709 30.1016845703125 29.8082370758057 29.9422340393066 30.0759735107422 30.120719909668 29.1168117523193 29.5733013153076 29.9490966796875 30.0706691741943 30.1578407287598 30.0729427337646 29.6804656982422 29.9065017700195 30.1415691375732 30.1287136077881 29.9791049957275 29.6493434906006 28.283727645874 28.6136245727539 29.3935871124268 29.3145618438721 29.2327079772949 29.517993927002 28.9305953979492 28.1337509155273 28.6905269622803 29.0636329650879 28.8566951751709 29.1708889007568 29.2451477050781
26.0004234313965 27.0755977630615 26.9828605651855 26.9271392822266 28.3712959289551 29.7119178771973 28.4820117950439 28.0663642883301 28.7438850402832 28.85791015625 29.2825260162354 30.0745220184326 29.9704456329346 30.0106735229492 29.8713340759277 30.2365684509277 30.3022041320801 30.252025604248 30.2270107269287 30.2718715667725 30.2809982299805 29.7347412109375 28.9915409088135 29.4069709777832 29.3435344696045 29.9032230377197 30.2558403015137 29.7677249908447 29.7761650085449 30.2170181274414 30.2786540985107 30.2041511535645 30.0449314117432 29.4066104888916 29.6903209686279 29.7548656463623 29.5443744659424 29.5572204589844 29.6884098052979 29.8415718078613 28.808536529541 29.0796089172363 29.7674674987793 29.5733222961426 29.7356872558594 29.6946258544922
28.2597255706787 28.4099998474121 28.5631732940674 29.0003967285156 29.3838443756104 29.9407806396484 29.4910049438477 28.9254169464111 29.5136051177979 29.9761981964111 29.9064807891846 30.2724075317383 30.3312129974365 30.2666263580322 30.2581424713135 30.3731460571289 30.4066963195801 30.4024753570557 30.3892250061035 30.3984832763672 30.3311252593994 29.3411407470703 29.1452159881592 29.7101364135742 29.1677646636963 29.6800422668457 30.1761074066162 30.0906162261963 30.0488758087158 30.3374061584473 30.3850288391113 30.3888301849365 30.3640155792236 30.2603092193604 30.1719512939453 29.8380603790283 28.8582820892334 29.5302619934082 30.1216011047363 30.1311874389648 30.0091190338135 29.9620895385742 30.1025505065918 30.1534900665283 30.2096195220947 30.1725654602051
29.4290313720703 29.4305324554443 29.5644645690918 29.7435569763184 30.0209083557129 30.133731842041 30.0549507141113 29.8207702636719 30.0296421051025 30.2881259918213 30.3095588684082 30.3846435546875 30.3822593688965 30.3628578186035 30.4049549102783 30.3972187042236 30.3478565216064 30.342357635498 30.3968353271484 30.448169708252 30.4282531738281 30.1876201629639 29.9368209838867 30.143310546875 30.0188865661621 29.5614166259766 29.8913974761963 30.19921875 30.3801403045654 30.4203090667725 30.4391231536865 30.4397144317627 30.4248428344727 30.3967266082764 30.4053268432617 30.2661075592041 29.7696380615234 30.1187324523926 30.3237361907959 30.3205509185791 30.2984867095947 30.3093452453613 30.3075847625732 30.3375930786133 30.3560237884521 30.3422660827637
29.2660617828369 29.5058689117432 29.7787456512451 29.8072357177734 29.8879566192627 30.0483551025391 30.1167163848877 30.2122783660889 30.2628707885742 30.2215270996094 30.0162467956543 30.1548519134521 30.0924625396729 29.829870223999 30.0478916168213 30.2139854431152 30.1119384765625 30.2510261535645 30.3703308105469 30.4400272369385 30.4808158874512 30.3540954589844 30.0374412536621 29.779296875 30.0401096343994 30.2442855834961 30.3128681182861 30.3750534057617 30.3994369506836 30.4497032165527 30.4533634185791 30.450023651123 30.4195213317871 30.391565322876 30.4350986480713 30.3880596160889 30.379753112793 30.3880405426025 30.3411598205566 30.3548698425293 30.3426399230957 30.3415508270264 30.3573513031006 30.355827331543 30.2693386077881 30.3177661895752
27.5636901855469 28.290189743042 28.6762104034424 28.8649196624756 29.2249660491943 29.6196537017822 29.5711193084717 29.8109970092773 29.8284664154053 29.6698360443115 28.8442649841309 28.8808784484863 28.9876651763916 27.3472385406494 28.4348049163818 29.3088817596436 29.9286994934082 30.3075485229492 30.4210147857666 30.4631443023682 30.4957695007324 30.3180160522461 29.8676414489746 29.4865493774414 29.7988357543945 30.1026439666748 30.2586479187012 30.261043548584 30.3462829589844 30.4372253417969 30.4609146118164 30.4645137786865 30.4573268890381 30.4611892700195 30.4398899078369 30.3512535095215 30.3531017303467 30.3580436706543 30.340238571167 30.3444595336914 30.3261528015137 30.3294658660889 30.3311710357666 30.2898082733154 30.2951164245605 30.3395538330078
25.2906551361084 26.4908618927002 26.3854522705078 26.3418712615967 27.5825443267822 28.0756950378418 28.1647529602051 28.3967418670654 28.921085357666 28.2493534088135 27.5545101165771 26.9973163604736 27.6526718139648 27.5281620025635 28.0468940734863 29.3551006317139 30.1232395172119 30.3455123901367 30.3980026245117 30.392858505249 30.468090057373 30.4936485290527 30.0600166320801 29.6997547149658 29.5954647064209 29.9104957580566 30.1531009674072 30.290885925293 30.4147205352783 30.4489135742188 30.4896125793457 30.5039138793945 30.5074863433838 30.48805809021 30.4157543182373 30.3654098510742 30.3729610443115 30.3811435699463 30.3784122467041 30.3754253387451 30.3561706542969 30.3639450073242 30.3727703094482 30.3503379821777 30.3547077178955 30.258020401001
25.4222736358643 25.3437957763672 25.1447925567627 25.2075500488281 25.138334274292 25.878360748291 27.0481014251709 27.6551361083984 27.8099956512451 27.6736030578613 28.214334487915 28.0452156066895 27.8841915130615 28.5539379119873 28.9003715515137 29.8837699890137 30.1790943145752 30.2256469726562 30.1744327545166 30.3219833374023 30.4743804931641 30.5381813049316 30.4017448425293 30.0867767333984 29.652286529541 29.9628810882568 30.1884746551514 30.378288269043 30.4679794311523 30.5210990905762 30.5516262054443 30.5385665893555 30.482837677002 30.4168548583984 30.3646697998047 30.3511219024658 30.3774700164795 30.4066162109375 30.4093780517578 30.4072513580322 30.402702331543 30.4174747467041 30.4225521087646 30.4120426177979 30.2136516571045 30.0037136077881
25.0413627624512 25.1300773620605 25.3395919799805 25.051176071167 24.949405670166 25.0440673828125 25.8620452880859 27.4107131958008 27.9029674530029 28.0533428192139 27.8782482147217 28.092679977417 28.4390201568604 28.7823867797852 28.8658332824707 29.4742450714111 29.9072074890137 29.9235820770264 29.933032989502 30.2756195068359 30.4150505065918 30.4436683654785 30.5501098632812 30.4775085449219 30.3703956604004 30.3512306213379 30.4595413208008 30.5457611083984 30.5672626495361 30.5835590362549 30.5738391876221 30.5094337463379 30.4340057373047 30.309211730957 30.2795238494873 30.354118347168 30.3784065246582 30.4115810394287 30.4429206848145 30.4411773681641 30.4533271789551 30.4650611877441 30.4618587493896 30.460018157959 30.3098468780518 30.1875858306885
25.1204776763916 25.2821674346924 25.2968559265137 24.9643363952637 25.4371147155762 26.2453212738037 26.3290767669678 27.506103515625 27.9423599243164 28.1188831329346 27.9218730926514 28.450740814209 28.7807903289795 28.8042678833008 28.9237995147705 28.8294372558594 28.9562816619873 29.2323894500732 29.6595783233643 30.0626449584961 30.1939353942871 30.2219772338867 30.4974822998047 30.5646781921387 30.5981025695801 30.5905704498291 30.5780410766602 30.4123706817627 30.4933300018311 30.5797290802002 30.5584545135498 30.4445858001709 30.4127006530762 30.2197666168213 30.1642990112305 30.3710536956787 30.3870620727539 30.3838214874268 30.4617118835449 30.4835052490234 30.4769172668457 30.4966983795166 30.4953384399414 30.4803218841553 30.4184093475342 30.3638172149658
25.1613826751709 25.0337562561035 25.2407131195068 24.9464797973633 25.5771446228027 26.6405200958252 26.9568786621094 27.4999618530273 28.1554985046387 28.597635269165 28.637357711792 28.7921714782715 28.8927135467529 28.9456634521484 28.951997756958 28.9115219116211 29.0045509338379 28.7236461639404 28.3511753082275 29.6388149261475 29.5397186279297 30.0308456420898 30.4070014953613 30.488597869873 30.5591697692871 30.5578193664551 30.4958190917969 30.2763214111328 30.4503688812256 30.5746898651123 30.4195308685303 30.249116897583 30.281099319458 30.2748260498047 30.3244934082031 30.4259433746338 30.4488773345947 30.4487056732178 30.4621105194092 30.513765335083 30.5249080657959 30.521858215332 30.5115203857422 30.4916877746582 30.4639015197754 30.3894557952881
24.733772277832 24.6976928710938 25.0695133209229 24.432186126709 24.5732936859131 26.5377445220947 27.2569675445557 27.847095489502 28.1543807983398 28.4070606231689 28.4824523925781 28.5086669921875 28.3060550689697 28.3269691467285 28.6476535797119 28.8143463134766 29.2083511352539 29.1462669372559 28.9595966339111 29.0263729095459 28.8747215270996 29.7646408081055 30.22802734375 30.434455871582 30.4601058959961 30.4923210144043 30.1314563751221 29.7470035552979 30.4172801971436 30.5744724273682 30.2981185913086 29.981954574585 30.2697315216064 30.3382625579834 30.3859634399414 30.3674488067627 30.3798446655273 30.3993091583252 30.4381504058838 30.4422473907471 30.4684352874756 30.5189914703369 30.5209503173828 30.504114151001 30.4802684783936 30.4271545410156
24.3787422180176 24.2233180999756 24.6853160858154 24.5531749725342 24.6313591003418 25.624792098999 26.61057472229 27.2324924468994 27.6807250976562 28.0119285583496 27.9443035125732 27.8605403900146 27.9055767059326 28.2412090301514 29.0925807952881 29.2291069030762 29.4541912078857 29.3666114807129 29.2952251434326 29.1270866394043 28.8797779083252 29.634744644165 30.1450061798096 30.3724384307861 30.3238506317139 30.4397430419922 30.039852142334 29.0306644439697 30.1513252258301 30.5555877685547 30.2842998504639 30.0371398925781 30.2709541320801 30.2230758666992 30.1651916503906 30.2111549377441 30.2809009552002 30.2283172607422 30.1597690582275 30.1590175628662 30.2967567443848 30.4106159210205 30.5193004608154 30.5155239105225 30.4953746795654 30.4665794372559
25.4984436035156 24.4509963989258 24.5512657165527 24.9445114135742 25.3134231567383 26.3694343566895 26.4193706512451 27.1694068908691 27.9225673675537 28.2265548706055 28.5582695007324 28.6980171203613 28.8685150146484 29.1415367126465 29.3719100952148 29.4409484863281 29.4062843322754 29.5095958709717 29.4917106628418 29.2506084442139 29.0500526428223 29.0961666107178 29.7062034606934 29.9781494140625 29.9149780273438 30.3969898223877 30.3005809783936 29.6140918731689 30.2256946563721 30.5311393737793 30.3079376220703 30.1193237304688 30.0437297821045 29.6933403015137 29.9190883636475 29.8677158355713 29.8945121765137 29.4488677978516 29.5798053741455 28.448579788208 29.9868755340576 30.2819328308105 30.4903774261475 30.5142822265625 30.5003108978271 30.4725551605225
26.2086296081543 25.1903114318848 24.6467456817627 25.4465045928955 26.0868682861328 26.804479598999 26.8600959777832 27.3086547851562 28.0288944244385 28.4174900054932 28.4458923339844 28.4614334106445 28.948335647583 29.1619682312012 29.3055934906006 29.3088569641113 29.561674118042 29.7298812866211 29.7164192199707 29.4581184387207 29.2921752929688 29.216983795166 29.385498046875 29.4185352325439 29.4089393615723 30.1837902069092 30.3969459533691 30.0943984985352 29.7848339080811 30.3892803192139 29.9075870513916 29.0207004547119 29.7297954559326 29.9263725280762 30.2626323699951 30.2836380004883 30.2552947998047 30.2352561950684 30.0068912506104 28.9192161560059 29.8476505279541 30.2241153717041 30.4275608062744 30.4928245544434 30.5017013549805 30.4779281616211
26.2602462768555 25.3731746673584 24.7889175415039 26.0861186981201 27.049633026123 27.4676971435547 28.1686878204346 28.3802700042725 28.568338394165 28.6606597900391 28.4613571166992 28.4051952362061 29.0489540100098 29.1716003417969 29.2049751281738 29.3081474304199 29.4578704833984 29.466480255127 30.0718212127686 29.8215484619141 29.5315361022949 29.3798046112061 29.3737449645996 29.2145118713379 29.2466850280762 29.9645404815674 30.3662662506104 30.2809181213379 30.1363258361816 30.4921035766602 29.7485504150391 28.5276756286621 29.1138591766357 29.8968677520752 29.9534378051758 29.5370197296143 29.6198635101318 30.227518081665 30.3729648590088 30.3451747894287 30.3976135253906 30.402759552002 30.4320945739746 30.4454135894775 30.4861831665039 30.4860496520996
26.1363925933838 25.1376876831055 24.6450119018555 25.8714580535889 27.1443881988525 27.4872531890869 26.9018955230713 28.1967792510986 28.1307907104492 27.5807991027832 28.4886608123779 28.6954727172852 28.7426815032959 28.8332061767578 28.8756504058838 29.139196395874 29.3087596893311 29.4589080810547 30.0277137756348 30.1798725128174 29.9792461395264 29.6470584869385 29.4768257141113 29.4092559814453 29.1608505249023 29.7062244415283 30.2342853546143 30.2672424316406 30.4902687072754 30.5744571685791 30.0195217132568 28.0478038787842 28.8147506713867 28.268627166748 28.6856384277344 27.8924503326416 28.9972248077393 30.1844253540039 30.3273601531982 30.410228729248 30.4381732940674 30.3597240447998 30.2551822662354 30.3873653411865 30.4293823242188 30.4482421875
26.1272659301758 25.3513927459717 25.4015712738037 25.9095058441162 26.822940826416 27.2334594726562 27.6309833526611 27.8453998565674 26.5699577331543 26.4687557220459 27.9494571685791 26.9775409698486 27.3184585571289 27.7318515777588 28.4820194244385 29.035961151123 29.2320175170898 29.499626159668 29.9072208404541 30.0707015991211 30.1516571044922 29.8932247161865 29.5476856231689 29.64479637146 29.5239372253418 29.8035564422607 29.8182640075684 29.6485004425049 30.2725086212158 30.4925136566162 30.2508144378662 29.4671173095703 27.8340530395508 25.5364017486572 25.7658824920654 27.763599395752 29.4394950866699 30.1419334411621 30.2796058654785 30.2300930023193 30.241907119751 30.0033645629883 29.8810710906982 30.3051681518555 30.0340538024902 30.1167507171631
26.1003475189209 25.7197093963623 25.4992713928223 25.7997875213623 26.4010639190674 27.1892910003662 27.3280544281006 26.9033966064453 26.423210144043 27.2394714355469 27.6958618164062 26.7144775390625 27.015417098999 27.4139022827148 28.3487358093262 28.8337745666504 29.1941871643066 29.71018409729 30.1899490356445 30.0147686004639 29.8878326416016 30.2268161773682 29.9596767425537 29.7700424194336 29.607816696167 29.6198291778564 29.7280464172363 29.6345138549805 30.0185661315918 30.4062366485596 30.4608840942383 29.890172958374 29.0942859649658 27.2041645050049 26.5077419281006 27.8155841827393 29.4180316925049 30.0597381591797 30.1403617858887 29.6343784332275 29.9366931915283 30.1489200592041 29.9309234619141 30.0140151977539 29.6646556854248 29.9652194976807
25.7586574554443 25.5289916992188 25.0323104858398 25.3628635406494 26.1256980895996 26.2821063995361 26.681037902832 26.9896392822266 27.2577018737793 27.3428325653076 27.6590385437012 27.849796295166 28.4702072143555 28.5515632629395 28.7381801605225 28.2355003356934 29.3419628143311 29.78125 30.0330142974854 29.7358798980713 29.8857269287109 30.1129817962646 30.2403888702393 30.1904602050781 29.8861274719238 29.8243045806885 29.4395961761475 29.6376285552979 30.0971069335938 30.206111907959 30.384672164917 30.4244613647461 29.8194389343262 29.0771656036377 28.0521717071533 27.7308959960938 29.0673389434814 29.9532279968262 29.4131278991699 28.821174621582 29.8661556243896 30.1583633422852 29.8600082397461 28.9970264434814 29.4102878570557 30.0053768157959
