inst/extdata/Tmax/Tmax114.asc
NCOLS 100 
NROWS 79 
XLLCORNER 148.06 
YLLCORNER -21.49 
CELLSIZE 0.01 
NODATA_value -3.4e+38 
[rows 40 to 59 of 79, columns 0 to 45 of 100]
35.120681762695298 34.8154830932617 34.8554878234863 34.8918113708496 34.7605018615723 34.8858337402344 34.832633972168 34.6131057739258 34.0933952331543 34.5676460266113 35.2691268920898 35.6223564147949 35.6648406982422 35.723560333252 35.7981414794922 35.5673027038574 35.2633857727051 34.8761405944824 34.2340202331543 34.7837867736816 34.7739524841309 34.6508407592773 34.5820007324219 34.1381721496582 33.1360168457031 32.4140701293945 32.1886940002441 32.2949676513672 32.425708770752 31.7158946990967 30.9976253509521 31.4695224761963 32.8837242126465 32.5825233459473 32.2956809997559 32.6631546020508 32.561149597168 32.2020874023438 31.9575710296631 31.4560375213623 31.4102115631104 30.4401550292969 29.8006744384766 29.7938575744629 29.5074768066406 29.3284797668457
35.2933349609375 34.8565673828125 34.7256126403809 34.8417625427246 34.7308654785156 34.8224105834961 34.8294639587402 34.7134437561035 34.4396553039551 34.5764923095703 34.9515838623047 35.3384094238281 35.5936660766602 35.7800636291504 35.8307495117188 35.6677932739258 35.3286895751953 34.7730445861816 34.4013404846191 34.5635375976562 34.5895004272461 34.326976776123 34.5266532897949 34.2165870666504 33.4772148132324 32.9227180480957 32.2299423217773 32.1423530578613 32.3779029846191 31.8933067321777 31.4204158782959 32.1230545043945 32.8788185119629 32.0438385009766 31.2382011413574 32.087947845459 32.1348724365234 32.3691825866699 32.3278770446777 32.0698432922363 31.9371471405029 31.123779296875 29.5703735351562 29.4356536865234 29.5173110961914 29.4720420837402
35.149112701416 35.0898399353027 34.859992980957 34.7292709350586 34.7984504699707 34.8242835998535 34.7988510131836 34.7582626342773 34.7218437194824 34.6705284118652 34.7267532348633 35.2539863586426 35.6086502075195 35.769287109375 35.786449432373 35.7359390258789 35.4801979064941 35.124397277832 34.8723945617676 34.8194465637207 34.7245597839355 34.0034942626953 33.9253616333008 34.1732444763184 34.2028541564941 33.7139167785645 32.7434349060059 32.3787956237793 32.292049407959 32.0425605773926 31.0431861877441 32.2347869873047 32.2960968017578 31.1002254486084 30.1933212280273 31.2010173797607 31.1978530883789 31.9199771881104 32.1035270690918 31.7697200775146 31.5113372802734 31.5609512329102 30.8950996398926 30.651668548584 31.1163902282715 32.2183647155762
34.7840766906738 34.8864326477051 34.8741645812988 34.8701705932617 34.9041175842285 34.8972816467285 34.858757019043 34.8030395507812 34.8650894165039 34.8334579467773 34.8444709777832 35.2947731018066 35.5686454772949 35.7404251098633 35.7652931213379 35.7843856811523 35.6653251647949 35.4292602539062 35.1199226379395 35.1632995605469 34.9696922302246 34.6813812255859 33.9297676086426 33.5384864807129 34.2814064025879 34.0463256835938 33.5893669128418 33.0569915771484 32.6841697692871 32.4891967773438 31.6030406951904 31.5050888061523 32.2828750610352 31.7215404510498 31.0063056945801 30.4927082061768 30.5860137939453 30.8603439331055 31.1132335662842 30.8501434326172 30.342414855957 31.1379547119141 30.649227142334 31.6995277404785 33.649528503418 34.3148574829102
34.4699172973633 34.6727752685547 34.652904510498 34.6547508239746 34.8592720031738 34.9856834411621 35.0155830383301 34.9554138183594 35.0233192443848 35.0752143859863 35.261905670166 35.4106521606445 35.5536727905273 35.6663589477539 35.7349281311035 35.7945785522461 35.7547645568848 35.5966644287109 35.42431640625 35.3714218139648 35.2271461486816 35.0654754638672 34.7313766479492 34.4952430725098 34.2983360290527 33.787239074707 34.0630226135254 33.9281959533691 33.5696983337402 32.810791015625 32.134220123291 32.1221809387207 32.4724044799805 32.653564453125 32.3248291015625 31.027416229248 29.5550060272217 29.5140705108643 29.6300773620605 30.000093460083 29.8636684417725 30.4672756195068 29.9392757415771 30.8643054962158 32.8228073120117 34.3421440124512
34.4964866638184 34.5647735595703 34.3970909118652 34.2772750854492 34.5035705566406 34.7472915649414 35.0023765563965 35.1347618103027 35.2097434997559 35.3122901916504 35.3896331787109 35.3036155700684 35.0583686828613 35.470832824707 35.7223892211914 35.7765808105469 35.7713317871094 35.6991157531738 35.5989952087402 35.5273361206055 35.4263076782227 35.3046455383301 35.2420616149902 34.5662155151367 34.1796722412109 34.0939407348633 34.1799278259277 33.992862701416 33.7828140258789 33.2135810852051 31.8360595703125 32.0589141845703 32.3972816467285 32.4657859802246 32.5723648071289 31.5780849456787 30.1433792114258 29.8764724731445 29.9114761352539 30.3935947418213 29.7350387573242 30.1265716552734 30.5652160644531 30.9054126739502 31.8735446929932 33.1598014831543
34.3476295471191 34.31494140625 34.3262596130371 34.2462387084961 34.1387214660645 34.2033653259277 34.7517471313477 34.89111328125 35.026611328125 35.0479850769043 35.2895050048828 35.4030876159668 35.1299819946289 35.4140586853027 35.6640129089355 35.7507667541504 35.7544555664062 35.6829071044922 35.6377296447754 35.5920562744141 35.5079803466797 35.4284896850586 35.3149719238281 34.7889785766602 33.8784103393555 33.9986572265625 34.1858406066895 33.9370384216309 33.8786659240723 33.7135391235352 32.8307685852051 32.4693717956543 32.0751876831055 32.3595848083496 32.5076751708984 31.9852561950684 30.8132038116455 31.1224822998047 30.5340328216553 31.3079299926758 30.6881465911865 30.8541393280029 30.9826354980469 31.0989418029785 31.0886497497559 30.8775959014893
34.8348503112793 34.1286811828613 34.0428924560547 33.985523223877 33.9577255249023 34.0961952209473 34.4429817199707 34.3944816589355 34.6710166931152 34.7260322570801 34.8157081604004 34.8876190185547 35.0934791564941 35.4040336608887 35.6123733520508 35.7417755126953 35.7250518798828 35.5953979492188 35.3964691162109 35.288158416748 35.4327049255371 35.2264022827148 35.2440490722656 35.169303894043 34.6632118225098 34.552547454834 34.5635147094727 34.3425064086914 34.1536102294922 33.9049873352051 33.1442718505859 32.7391586303711 31.9541549682617 32.384334564209 32.4292602539062 32.1710968017578 31.690601348877 31.9360084533691 31.6406631469727 31.9054126739502 31.6131496429443 31.378942489624 31.217658996582 31.0491638183594 30.6692657470703 30.4078693389893
35.5983543395996 34.7261238098145 33.8998069763184 33.7374725341797 33.8815956115723 34.0867805480957 34.0139198303223 34.013858795166 34.3865966796875 34.7136917114258 34.7939834594727 34.7752838134766 35.0300369262695 35.36767578125 35.6325263977051 35.7065048217773 35.7102737426758 35.633358001709 35.4453086853027 35.1959953308105 35.2719116210938 35.2080001831055 35.1175575256348 35.2583770751953 35.1349754333496 35.0134620666504 34.6922073364258 34.4711952209473 34.3691711425781 34.0423393249512 33.6059494018555 33.0908470153809 32.1357002258301 32.3026237487793 32.2669296264648 32.3297882080078 32.2174911499023 32.1837768554688 32.0538673400879 31.8485164642334 30.9666748046875 30.7737617492676 30.9897937774658 30.7029705047607 30.5516014099121 30.1661434173584
35.8824005126953 35.3320274353027 34.4122734069824 33.7814712524414 33.7674903869629 33.7575378417969 33.7883071899414 34.169261932373 34.4307441711426 34.3171768188477 34.997989654541 35.2502288818359 35.3689002990723 35.4794044494629 35.5866317749023 35.6783599853516 35.680305480957 35.6224937438965 35.5070648193359 35.3486061096191 35.2300758361816 35.1481666564941 34.9406433105469 34.981689453125 35.1620750427246 35.1406097412109 34.8880767822266 34.290225982666 33.7377510070801 34.0286178588867 33.6926612854004 33.3478775024414 32.4548110961914 32.1233139038086 31.8885726928711 32.2181205749512 32.2997512817383 32.1859474182129 32.1349601745605 31.7886161804199 31.0233917236328 30.5779781341553 30.7736072540283 30.3643798828125 30.2636165618896 30.1592788696289
35.870906829834 35.6808586120605 35.1889724731445 34.5056610107422 33.9183578491211 33.5867958068848 33.7629623413086 34.1135787963867 34.1631736755371 34.4963340759277 35.1314353942871 35.3856468200684 35.523754119873 35.6356391906738 35.6558265686035 35.6816635131836 35.54638671875 35.5576133728027 35.5617599487305 35.4715843200684 35.3448715209961 35.1629524230957 34.9419403076172 34.8476486206055 34.9630355834961 35.0036354064941 35.0401840209961 34.7833251953125 34.4676094055176 34.3012313842773 33.6939430236816 33.5084762573242 32.5816307067871 32.1274795532227 31.4474430084229 31.9607982635498 32.0973815917969 32.0836219787598 32.1335601806641 31.9252681732178 31.3486137390137 31.1533164978027 31.0392379760742 30.7989444732666 30.4376907348633 30.2386989593506
35.8308601379395 35.7933387756348 35.5182571411133 34.7903823852539 34.1495742797852 33.8393096923828 33.7925643920898 33.8857917785645 33.6161766052246 33.7870483398438 34.7279243469238 35.1674613952637 35.3627433776855 35.5861473083496 35.6785430908203 35.6349487304688 35.5401916503906 35.5370216369629 35.4956283569336 35.4795341491699 35.3703994750977 35.2477111816406 35.1285400390625 34.8983840942383 34.7652053833008 34.693000793457 34.642822265625 34.7663497924805 34.5143814086914 34.6384010314941 34.6573867797852 33.7817115783691 33.121150970459 32.6234664916992 32.075870513916 32.2135009765625 32.158504486084 31.961009979248 32.1091537475586 31.9947357177734 31.4463024139404 31.2585258483887 31.1271781921387 30.9184970855713 30.373363494873 30.1589775085449
35.6371955871582 35.7194023132324 35.5661544799805 34.5059280395508 33.6320877075195 33.6032485961914 33.7170791625977 33.5682945251465 33.2893753051758 33.4373931884766 34.6504745483398 35.1647415161133 35.4020652770996 35.6035537719727 35.6135673522949 35.557689666748 35.5366325378418 35.4696083068848 35.4206199645996 35.4111442565918 35.4177322387695 35.3491973876953 35.1686744689941 34.9422492980957 34.6943168640137 34.5141487121582 34.4761810302734 34.421215057373 34.4087104797363 34.2888717651367 34.4914131164551 34.3424606323242 33.7177886962891 33.038143157959 32.5515937805176 32.9128532409668 32.8464889526367 32.31884765625 32.0972518920898 32.164119720459 31.9785308837891 31.6833038330078 31.3351955413818 31.0575065612793 30.6796188354492 30.2494049072266
35.4180183410645 35.491455078125 35.6151237487793 35.1467628479004 34.0546989440918 33.6793479919434 34.065357208252 33.5191802978516 33.3486671447754 33.4401206970215 34.6087913513184 35.2671394348145 35.4995193481445 35.598747253418 35.5193862915039 35.4134979248047 35.3992233276367 35.4244804382324 35.3852233886719 35.2658271789551 35.3148612976074 35.3768730163574 35.2163581848145 35.0445861816406 34.8258743286133 34.6440467834473 34.2525520324707 34.039924621582 33.6513671875 34.0220794677734 33.8347244262695 34.4203834533691 34.4624404907227 34.0785942077637 33.534912109375 33.5630302429199 33.1506843566895 32.7584838867188 32.4144287109375 32.8153038024902 32.3525848388672 32.0431518554688 31.8630504608154 31.7022705078125 31.3909664154053 31.2189235687256
35.2800445556641 35.2435417175293 35.447437286377 35.4631080627441 34.9850769042969 34.7278022766113 34.6646690368652 34.2799072265625 34.0574951171875 34.0694198608398 34.2763061523438 34.7104225158691 35.4110794067383 35.5519180297852 35.4186592102051 35.3224601745605 35.3049049377441 35.3566131591797 35.311222076416 35.2371444702148 35.2563514709473 35.3581657409668 35.3002967834473 35.1015319824219 34.977653503418 34.7717361450195 34.4071083068848 34.1661033630371 33.7111206054688 33.9533500671387 33.2646713256836 33.7157936096191 33.9595947265625 33.9759826660156 34.0997657775879 33.9599914550781 33.6208610534668 33.4568748474121 32.9630928039551 32.4159965515137 32.328125 32.366325378418 32.098217010498 31.8767528533936 31.8611469268799 31.6938209533691
35.3735771179199 35.3617515563965 35.4203796386719 35.4557189941406 35.3304901123047 34.6825065612793 34.6896781921387 34.7580413818359 34.5236930847168 34.477409362793 34.7463455200195 35.1282577514648 35.4695854187012 35.5414276123047 35.4327926635742 35.2351226806641 35.2848815917969 35.2781219482422 35.0646095275879 35.0404434204102 35.1782379150391 35.2514533996582 35.3012580871582 35.1921348571777 35.0585441589355 34.8910102844238 34.6686058044434 34.3860054016113 34.2004928588867 34.024341583252 33.5634078979492 33.1657829284668 33.3033599853516 33.2568740844727 33.7270317077637 33.3998413085938 33.6760902404785 33.4132461547852 33.0202941894531 32.5680999755859 32.3096504211426 32.0640830993652 31.5414276123047 30.9034233093262 31.5119953155518 31.7053089141846
35.4888610839844 35.4584007263184 35.4318313598633 35.4176979064941 35.2578811645508 34.418041229248 34.1937217712402 34.6551666259766 34.5359115600586 34.1958160400391 34.5039596557617 35.2038154602051 35.4801483154297 35.5086364746094 35.4147148132324 35.2158966064453 35.1993408203125 34.9829978942871 34.7118148803711 34.8576545715332 35.1665420532227 35.1679573059082 35.2466850280762 35.231502532959 35.0511131286621 34.9781341552734 34.776252746582 34.4700965881348 34.3705787658691 34.1233711242676 33.6794586181641 32.9498291015625 32.6220016479492 32.7669219970703 33.2479705810547 33.3889122009277 32.980052947998 32.6007881164551 32.8028907775879 32.7203712463379 32.3472938537598 32.0834197998047 31.5078144073486 30.6270446777344 31.0976982116699 31.4846897125244
35.5423011779785 35.4944725036621 35.4487152099609 35.4147911071777 35.3729934692383 35.0129013061523 34.5321273803711 34.2733993530273 34.278491973877 34.0505752563477 34.5576477050781 35.2118759155273 35.4521446228027 35.4597434997559 35.3669090270996 35.1718521118164 34.9915351867676 34.779239654541 34.6567077636719 34.9357147216797 35.0646934509277 35.1257705688477 35.0829467773438 35.1816291809082 35.1134910583496 35.0133781433105 34.8252716064453 34.5385780334473 34.4048767089844 34.1897621154785 33.7451858520508 33.518970489502 33.0267372131348 32.8181076049805 32.7520179748535 32.9027900695801 33.1746215820312 33.0058860778809 32.613452911377 32.3892135620117 32.1646461486816 31.940034866333 31.6678085327148 31.3208312988281 30.6294593811035 30.9314670562744
35.5835189819336 35.5198287963867 35.4725761413574 35.4593238830566 35.3817558288574 35.1582870483398 34.8568801879883 34.2455940246582 34.1297760009766 34.3254051208496 34.8117446899414 35.246524810791 35.4057693481445 35.3951950073242 35.2564697265625 35.080680847168 34.7645454406738 34.6808395385742 34.7934379577637 34.8211135864258 34.9692802429199 34.9035606384277 34.7118110656738 34.9696578979492 35.1493225097656 35.0180854797363 34.783145904541 34.6220016479492 34.4752883911133 34.3567161560059 34.1461143493652 33.9038047790527 33.5686950683594 33.5025520324707 33.148811340332 32.7804527282715 32.8771896362305 32.9478721618652 32.6942939758301 32.5249786376953 32.3672294616699 32.1043167114258 31.4495697021484 31.032829284668 31.1606693267822 31.1722660064697
35.5923461914062 35.5924453735352 35.5384902954102 35.4996566772461 35.3817710876465 35.2664947509766 35.1518821716309 34.7745971679688 34.2840423583984 34.3833045959473 34.5529632568359 34.8629913330078 35.1585540771484 35.2048072814941 35.1399574279785 34.9921875 34.7707176208496 34.6366767883301 34.5180358886719 34.5608100891113 34.8024024963379 34.8035278320312 34.5476875305176 34.9566230773926 35.1683502197266 35.0484161376953 34.8727760314941 34.7104644775391 34.6240539550781 34.4983825683594 34.3656997680664 34.1280822753906 33.7814598083496 33.990550994873 33.843994140625 33.4404144287109 32.953540802002 32.8265380859375 32.9457397460938 33.3724746704102 32.571720123291 32.2725296020508 31.8387241363525 31.105037689209 31.0218906402588 30.8845500946045
