inst/extdata/Tmax/Tmax101.asc
NCOLS 100 
NROWS 79 
XLLCORNER 148.06 
YLLCORNER -21.49 
CELLSIZE 0.01 
NODATA_value -3.4e+38 
[rows 20 to 39 of 79, columns 0 to 45 of 100]
41.507709503173800 41.5370483398438 41.5203704833984 41.4663772583008 41.469295501709 41.5775947570801 41.477481842041 41.3812866210938 41.2912254333496 41.1703147888184 40.9538803100586 40.4928741455078 39.9629249572754 39.1952896118164 37.6010208129883 37.0678367614746 36.9734497070312 38.1475677490234 39.3519821166992 39.8196220397949 39.814453125 39.811897277832 40.1576042175293 40.1598434448242 39.9676475524902 39.6295623779297 38.9367027282715 37.877857208252 38.4628562927246 38.512336730957 39.1527633666992 39.1469955444336 39.2721672058105 39.2068824768066 39.1346778869629 38.8438720703125 38.3992385864258 38.3749237060547 37.8400115966797 38.08984375 37.8268356323242 37.0155982971191 37.2437934875488 37.2745018005371 37.3800888061523 37.3868751525879
41.590633392334 41.6465148925781 41.6431770324707 41.5878410339355 41.5767631530762 41.5581703186035 41.398868560791 41.2972412109375 41.2540435791016 41.1655082702637 41.0110092163086 40.8054504394531 40.5295295715332 39.4338569641113 37.625659942627 37.2221450805664 37.5056076049805 38.4795303344727 39.0519752502441 39.4610328674316 39.5812225341797 39.4674453735352 40.0328903198242 40.1570854187012 39.9198036193848 39.9099082946777 39.8516311645508 38.9917259216309 38.7934761047363 39.3405723571777 39.4421882629395 39.303783416748 38.9177894592285 38.2293319702148 38.2241668701172 38.1729202270508 38.6447257995605 37.8526802062988 37.3894119262695 37.7072257995605 37.2576599121094 37.3277435302734 37.0038146972656 35.9723968505859 36.3113327026367 37.0328369140625
41.661865234375 41.7024307250977 41.6958236694336 41.6638374328613 41.6287040710449 41.5739707946777 41.3699836730957 41.2179832458496 41.1422958374023 41.0902519226074 40.9457015991211 40.8556938171387 40.6438903808594 39.9332008361816 38.6065979003906 37.5848999023438 36.7886238098145 37.3865966796875 38.0604057312012 38.9930381774902 39.1023864746094 39.2274055480957 39.9282150268555 39.6663284301758 39.1798286437988 39.5637550354004 39.6187515258789 39.6839866638184 39.3471603393555 39.3629379272461 39.0451469421387 38.8182601928711 38.1629867553711 37.7675170898438 37.483642578125 37.7020492553711 37.6076583862305 36.9578399658203 36.9024810791016 36.7884712219238 36.4189872741699 35.5467987060547 36.4176330566406 36.0710220336914 34.9352607727051 36.5132102966309
41.6511650085449 41.6740264892578 41.6785850524902 41.6539611816406 41.5943412780762 41.567325592041 41.4747200012207 41.1359481811523 41.0019569396973 41.0074806213379 40.790901184082 40.5697479248047 40.6662445068359 40.2223472595215 39.2949485778809 38.3470497131348 37.3353385925293 36.9671440124512 37.6877250671387 38.0477409362793 38.6696281433105 39.7979621887207 39.4950180053711 38.7807579040527 38.9275779724121 39.069995880127 38.7000389099121 39.7344932556152 39.7336463928223 39.554386138916 39.2776069641113 38.0463523864746 37.6510353088379 37.8555030822754 38.2051620483398 37.6689720153809 36.6168098449707 35.9744911193848 36.7798156738281 36.1816635131836 35.3323974609375 33.659553527832 34.6198959350586 35.959300994873 33.870979309082 35.3822288513184
41.5965270996094 41.6498756408691 41.6688423156738 41.6179962158203 41.5597305297852 41.5447196960449 41.5331802368164 41.3243713378906 41.1139144897461 40.9080123901367 40.7759246826172 40.720272064209 40.5083084106445 40.1055717468262 39.2071342468262 38.3681182861328 37.4558601379395 36.9978561401367 37.2319526672363 37.2183113098145 38.6342849731445 39.5764083862305 38.2908935546875 37.6392135620117 38.5694389343262 38.5225410461426 38.7120208740234 39.5191307067871 39.7581176757812 39.3142852783203 39.2262153625488 38.9496116638184 38.8921165466309 38.928337097168 38.5442123413086 38.180233001709 37.7136039733887 36.4356918334961 36.1599617004395 35.8445167541504 33.8227310180664 33.1265411376953 33.6455268859863 35.7583503723145 33.464900970459 33.8801765441895
41.5515213012695 41.5633316040039 41.5611877441406 41.5181579589844 41.5138320922852 41.5061187744141 41.5226058959961 41.456916809082 41.2747802734375 40.9906883239746 40.7589149475098 40.5944557189941 40.4090690612793 39.8733024597168 39.3361396789551 38.6646575927734 37.9150428771973 37.4942741394043 38.0237312316895 38.8341674804688 38.7992630004883 38.6752128601074 38.0897827148438 36.5595359802246 37.1587104797363 38.0506629943848 38.2060470581055 39.5722351074219 39.7480888366699 39.3264122009277 38.328254699707 38.9887580871582 38.8154144287109 38.6502990722656 38.3249969482422 37.9472770690918 37.7934837341309 36.0993919372559 34.5899620056152 35.0517158508301 33.3410835266113 34.3190650939941 34.7229843139648 35.7639083862305 34.5793838500977 33.3077049255371
41.4334602355957 41.4536666870117 41.4479675292969 41.4448204040527 41.4242134094238 41.4093284606934 41.4957618713379 41.4808578491211 41.3153991699219 40.837833404541 40.7022705078125 40.391544342041 40.3695030212402 39.9237327575684 39.0337982177734 37.7414360046387 37.2699661254883 37.4976501464844 38.0538635253906 37.9287567138672 38.1376914978027 39.1676864624023 38.9812088012695 37.1917457580566 36.6911888122559 37.7820281982422 38.6863441467285 39.6504936218262 39.7138214111328 39.4484062194824 38.4962959289551 38.0476989746094 38.8923759460449 38.274528503418 37.757926940918 36.796760559082 36.4580039978027 36.5686416625977 35.3250465393066 33.7754058837891 33.2808418273926 33.6507949829102 33.5267333984375 34.7425270080566 33.6264877319336 32.8459854125977
41.2645568847656 41.2788772583008 41.3022537231445 41.342903137207 41.3529357910156 41.4017143249512 41.4925270080566 41.4707145690918 41.374828338623 41.1462249755859 40.8614234924316 40.553466796875 40.4005737304688 40.1581916809082 39.0728530883789 37.6946411132812 37.2895698547363 37.2239074707031 37.3694305419922 37.3299789428711 38.6687164306641 39.3946418762207 38.7552795410156 37.7315483093262 37.0408935546875 37.3033065795898 37.430233001709 39.2165107727051 39.5810317993164 39.4247245788574 38.5133590698242 38.3998718261719 38.7024993896484 37.8487205505371 37.0376739501953 36.3606338500977 35.282886505127 36.1045837402344 35.8969421386719 33.7304878234863 33.1887664794922 33.4085960388184 33.2994651794434 33.9957122802734 33.2803840637207 32.9095115661621
40.6829528808594 40.6244621276855 40.9235000610352 41.2600708007812 41.3919982910156 41.4658851623535 41.493221282959 41.4617805480957 41.3029975891113 41.1650466918945 40.964225769043 40.3515739440918 40.4409713745117 40.2517433166504 39.6423759460449 38.1960296630859 37.3080253601074 36.6789321899414 37.0526466369629 38.1053237915039 38.6890754699707 39.0959053039551 38.0665321350098 37.1895866394043 36.9546928405762 37.1160507202148 37.6127014160156 38.6428451538086 39.4712142944336 39.5140419006348 38.9177436828613 38.6052894592285 38.0964965820312 36.8988189697266 35.5144996643066 34.9998626708984 34.6076889038086 34.8396301269531 35.0103034973145 34.5214233398438 33.8789138793945 34.0225028991699 33.688362121582 33.4143867492676 33.4160308837891 33.3246574401855
39.6405143737793 40.6518402099609 41.0205726623535 40.7059898376465 41.3226776123047 41.4724082946777 41.489387512207 41.4570388793945 41.2132987976074 41.030517578125 41.0025062561035 40.6936874389648 40.4053916931152 40.2357559204102 39.9274826049805 39.3140563964844 38.6456184387207 36.9848365783691 37.3643035888672 37.4477081298828 37.6188201904297 38.7275695800781 38.2107009887695 37.2324600219727 36.970775604248 36.704345703125 36.654956817627 38.5871353149414 39.5100708007812 39.5695152282715 38.6360740661621 37.5106391906738 37.131290435791 36.7021369934082 36.3718910217285 35.1598320007324 35.0747909545898 34.5685882568359 34.0556640625 34.3504981994629 36.4518280029297 36.5275955200195 35.2098579406738 33.4930458068848 34.7236328125 34.8347129821777
39.9904174804688 41.0059814453125 41.0259437561035 40.3971252441406 41.2693099975586 41.4568939208984 41.5014533996582 41.4637489318848 41.3810768127441 41.110523223877 40.972785949707 40.8852996826172 40.666820526123 40.413459777832 40.060977935791 39.3708343505859 38.3822135925293 37.8356475830078 37.2677764892578 37.5636901855469 37.6421737670898 38.1606674194336 37.4174842834473 37.1962356567383 36.815544128418 36.0363693237305 36.3675270080566 38.4571266174316 39.3861618041992 39.4121170043945 39.3698120117188 39.1629219055176 37.8833465576172 36.7647132873535 36.6668663024902 36.0809669494629 36.2326812744141 35.9900932312012 35.4755554199219 36.032039642334 37.7040672302246 37.7484893798828 37.2546043395996 36.590274810791 36.4343719482422 35.739616394043
40.8734359741211 41.1714248657227 41.2318496704102 41.2144775390625 41.2938003540039 41.4411087036133 41.4651527404785 41.4417953491211 41.3723831176758 41.2736892700195 41.0521965026855 40.9725151062012 40.8436088562012 40.5942840576172 40.2731285095215 39.6993408203125 38.6941986083984 38.1794700622559 37.321159362793 37.1735191345215 37.24365234375 37.7659454345703 37.3016395568848 36.9755516052246 36.8842964172363 36.9032707214355 37.8392105102539 39.0518112182617 39.4493064880371 38.8569450378418 38.738109588623 38.7328071594238 38.9427757263184 38.3585548400879 38.0268058776855 37.1314506530762 38.2887344360352 38.0969848632812 38.0403785705566 38.0327606201172 37.7530479431152 36.7180061340332 35.6105842590332 35.212818145752 35.0373916625977 34.151123046875
40.5427360534668 41.3570594787598 41.4109382629395 41.4106636047363 41.3885154724121 41.3801383972168 41.3413314819336 41.373836517334 41.3469619750977 41.3077354431152 41.2350082397461 41.0824203491211 40.8596878051758 40.6604156494141 40.4251480102539 40.1240768432617 39.561840057373 38.7667808532715 37.8621635437012 36.996654510498 37.0156402587891 37.550895690918 37.3870620727539 37.0350189208984 36.8478355407715 37.0205726623535 38.6711616516113 39.4534912109375 39.5059432983398 39.2860450744629 38.709156036377 38.0084457397461 38.774242401123 38.8711395263672 38.8895378112793 38.2805480957031 38.7176513671875 38.3664474487305 38.1948394775391 37.9867248535156 36.6162719726562 34.9564628601074 33.4296798706055 33.8295555114746 33.7134819030762 32.5147743225098
40.367733001709 41.0866241455078 40.8668479919434 40.7127799987793 40.8523635864258 41.2662696838379 41.2597274780273 41.2669525146484 41.2642021179199 41.2300300598145 41.1735649108887 41.1323165893555 40.9875144958496 40.7963409423828 40.603214263916 40.3300895690918 39.8210678100586 39.3219184875488 38.9866180419922 38.2282752990723 37.0841407775879 37.3581008911133 37.0739707946777 37.1440391540527 36.9820022583008 36.9327507019043 38.15576171875 39.3973808288574 39.4638175964355 39.084041595459 38.9076080322266 37.6841468811035 37.9965591430664 38.2603187561035 38.5716171264648 38.6840362548828 38.5079498291016 38.2944564819336 37.8390197753906 37.876220703125 37.4909973144531 36.0573120117188 35.1020851135254 35.7231292724609 35.1938858032227 33.8332176208496
40.7544708251953 41.0637397766113 40.5847206115723 39.7908363342285 39.9047546386719 40.9868812561035 41.216251373291 41.1599502563477 41.1598968505859 41.1587524414062 41.0511169433594 41.0899887084961 41.0155563354492 40.8727378845215 40.6856803894043 40.4525566101074 40.0856170654297 39.301513671875 38.8083267211914 38.2479820251465 37.4253463745117 37.312744140625 37.0765228271484 36.805233001709 36.7492980957031 37.1872177124023 38.4918594360352 39.3572883605957 38.7689399719238 38.4958152770996 38.5961418151855 38.1764717102051 37.7887344360352 37.3869247436523 37.0561485290527 37.6001129150391 37.3674850463867 37.7190093994141 37.6049575805664 37.3539581298828 37.0329895019531 37.3757476806641 37.0755424499512 36.6928672790527 35.9866714477539 35.4152755737305
40.9014663696289 41.0017051696777 40.767520904541 40.392391204834 40.0239105224609 40.6537246704102 40.9945907592773 41.0045547485352 41.0406608581543 41.0903854370117 41.0595092773438 41.0968208312988 41.0093421936035 40.9238777160645 40.7321586608887 40.4680862426758 40.1818008422852 39.9176712036133 39.4396209716797 38.6612586975098 38.1902847290039 37.8727836608887 37.2466583251953 36.4556579589844 36.6335830688477 36.9154739379883 38.588623046875 39.1699371337891 36.9708442687988 36.4700050354004 37.2117652893066 37.4565620422363 37.3843116760254 37.1120376586914 36.5234680175781 36.2028656005859 36.813102722168 36.6053695678711 36.547492980957 36.4692687988281 36.1414794921875 35.7721939086914 36.0469055175781 36.5710906982422 35.8283882141113 34.4926567077637
40.7357902526855 40.7605934143066 40.7792625427246 40.4460601806641 40.1049842834473 40.3120422363281 40.5589561462402 40.7707481384277 40.8815269470215 41.004997253418 40.9659767150879 40.950439453125 41.0296287536621 40.9331359863281 40.7786483764648 40.4513397216797 40.4106979370117 40.2192535400391 39.914794921875 39.4530410766602 39.2633895874023 38.3205108642578 37.5918655395508 37.0092124938965 36.988224029541 37.4305610656738 38.6225700378418 38.4878997802734 38.1245384216309 37.981143951416 37.0572624206543 36.9685173034668 36.7245254516602 36.5352821350098 35.6555366516113 35.1492347717285 35.3954925537109 35.3124542236328 35.5749282836914 35.3171234130859 35.2841644287109 34.170783996582 35.0043830871582 35.9895210266113 35.6920852661133 33.9485855102539
40.0763702392578 40.4563446044922 40.6908683776855 40.554859161377 40.3071594238281 40.140682220459 40.117073059082 40.5387153625488 40.6543922424316 40.8398132324219 40.9178123474121 40.9043350219727 40.9546127319336 40.9545669555664 40.732551574707 40.5953788757324 40.4940299987793 40.3448486328125 40.141902923584 39.8894195556641 39.631908416748 38.7841682434082 37.4034805297852 37.4927406311035 36.641674041748 37.3249015808105 38.4445381164551 37.7678451538086 37.9710502624512 38.4946632385254 38.3366661071777 38.1360473632812 37.3303337097168 36.8046913146973 34.9018974304199 33.3368988037109 33.3845520019531 33.2346839904785 33.1734008789062 33.7307052612305 33.9143409729004 34.1387977600098 34.3537368774414 35.3768157958984 35.1879615783691 34.702693939209
40.2139663696289 40.3151550292969 40.4639587402344 40.4228668212891 40.3675994873047 39.9881401062012 39.7211647033691 39.3941841125488 40.167049407959 40.7371940612793 40.8759231567383 40.9139595031738 40.9861717224121 40.9637680053711 40.5956230163574 40.1087799072266 40.1201248168945 40.1679382324219 40.2011833190918 40.039852142334 39.8529930114746 39.3609428405762 38.0259284973145 38.3713798522949 37.2015495300293 37.1770477294922 37.3424530029297 37.7044982910156 36.4331283569336 37.2136726379395 36.7515754699707 36.874698638916 38.320613861084 37.7986297607422 36.6442985534668 33.9315948486328 32.8028945922852 32.7954444885254 31.9870433807373 32.4796295166016 33.2458343505859 33.2244453430176 33.3136405944824 34.9420776367188 34.3964233398438 33.7413673400879
40.298267364502 40.1948699951172 40.2504730224609 40.0036926269531 40.2310447692871 40.1146545410156 39.835563659668 39.507209777832 39.7275772094727 40.4383354187012 40.7131080627441 40.9234008789062 40.9554862976074 40.8979835510254 40.8109550476074 40.3239097595215 39.8623352050781 39.6114082336426 39.9096946716309 40.0347862243652 39.8509140014648 39.6663360595703 39.2662162780762 38.5633163452148 37.2610054016113 36.9847526550293 36.9162445068359 37.0114936828613 37.0552825927734 36.3974571228027 35.6868667602539 36.6142082214355 38.0159225463867 37.1220474243164 37.3597373962402 36.699390411377 36.1709175109863 35.9930763244629 34.7922325134277 33.4250221252441 34.2838134765625 33.8880157470703 34.3448486328125 34.551025390625 34.1713066101074 33.5879516601562
