inst/extdata/Tmax/Tmax109.asc
NCOLS 100 
NROWS 79 
XLLCORNER 148.06 
YLLCORNER -21.49 
CELLSIZE 0.01 
NODATA_value -3.4e+38 
[rows 20 to 39 of 79, columns 46 to 91 of 100]
28.6719665527344 26.9557228088379 27.1539459228516 28.5140609741211 28.2523498535156 27.694278717041 27.4121685028076 26.2544651031494 28.036111831665 29.4548835754395 30.5289325714111 30.0406932830811 30.0159759521484 30.6790885925293 30.3107757568359 30.0307884216309 30.3285884857178 30.9328136444092 31.0993003845215 31.1013870239258 31.0382423400879 30.9109477996826 31.2188320159912 31.3045883178711 31.2456645965576 31.1594886779785 31.0419940948486 31.0730648040771 31.0302028656006 30.671314239502 30.7397022247314 31.0210552215576 30.9042835235596 30.6038036346436 30.5982360839844 30.561653137207 30.4641227722168 30.450023651123 30.4272346496582 30.3921909332275 30.3097038269043 30.1221084594727 29.541576385498 29.4253730773926 29.6649589538574 29.6787662506104
28.958324432373 26.9355773925781 25.7813262939453 27.4564819335938 27.3161315917969 26.7774353027344 27.6149024963379 25.7570457458496 26.9699478149414 28.9815807342529 30.2261619567871 28.912971496582 28.2699871063232 30.066967010498 28.8521499633789 28.4956703186035 29.3621559143066 30.7604923248291 30.7677230834961 31.2161026000977 31.3257637023926 31.3195762634277 31.092945098877 30.7240447998047 30.7131538391113 30.7893657684326 30.9607963562012 30.9248237609863 30.822380065918 30.7305126190186 31.0503749847412 31.0954551696777 31.0259056091309 30.6250457763672 30.7051315307617 30.6543369293213 30.5063972473145 30.5095596313477 30.5077857971191 30.5003776550293 30.3533210754395 30.2167625427246 30.0234603881836 29.8313827514648 29.7020416259766 29.7066745758057
29.5566215515137 29.070556640625 27.2049331665039 26.5620269775391 26.0875091552734 27.204273223877 26.6143627166748 26.850435256958 26.2453632354736 27.1530818939209 29.3222999572754 29.6969604492188 28.2092323303223 28.5759925842285 28.2265491485596 28.7557220458984 29.8385715484619 30.2683448791504 28.8385772705078 30.1908321380615 31.0566902160645 31.1304416656494 30.4728946685791 29.5904426574707 30.2256336212158 30.2115497589111 30.8415012359619 31.0421619415283 30.7100677490234 30.9292182922363 31.112377166748 31.1536846160889 31.14235496521 31.0622615814209 30.9363250732422 30.7352180480957 30.5286998748779 30.3806304931641 30.4534645080566 30.5514850616455 30.4258575439453 30.3408851623535 30.0552558898926 29.9430923461914 29.8176803588867 29.9759006500244
28.9343109130859 28.7634525299072 28.1433162689209 27.3486213684082 25.88356590271 26.6051769256592 27.2323417663574 27.4173908233643 27.1626663208008 26.7097625732422 28.0256099700928 27.9902400970459 28.8420658111572 27.2225608825684 28.0198097229004 29.4607696533203 29.4336967468262 29.8356132507324 28.4337272644043 30.592472076416 31.4234848022461 31.2985324859619 30.2819538116455 28.8549118041992 30.157039642334 30.3431301116943 30.4500865936279 30.9458389282227 31.1545715332031 31.2150993347168 31.2309646606445 31.2527103424072 31.2170562744141 31.111083984375 30.9917011260986 30.8176574707031 30.3533210754395 29.9737606048584 30.11838722229 30.407018661499 30.3754367828369 30.4278221130371 30.1420001983643 30.1270942687988 29.879638671875 29.9235820770264
27.0023765563965 28.3114986419678 28.6553535461426 28.4063816070557 27.3814811706543 26.752721786499 26.7470855712891 26.4255561828613 27.3020858764648 26.7540054321289 26.750919342041 26.2747268676758 28.1566619873047 28.971378326416 28.1655368804932 29.1687278747559 29.9635772705078 30.5869026184082 30.2561302185059 31.3500480651855 31.3530216217041 31.1888847351074 30.4464378356934 29.554271697998 30.3910942077637 30.7046394348145 30.3753128051758 30.4744319915771 30.5861053466797 31.1205577850342 30.9426040649414 31.2947273254395 31.1522846221924 31.1061019897461 31.0062103271484 30.6338710784912 30.5323905944824 29.9076728820801 29.5987033843994 30.0950946807861 30.2429122924805 30.3439826965332 30.1530723571777 30.2171897888184 30.2939891815186 30.1523189544678
25.5284366607666 26.5233402252197 27.8535423278809 27.7654342651367 26.9106922149658 26.1541557312012 25.7560081481934 25.1710948944092 26.3673572540283 26.9859848022461 26.4564895629883 26.6843929290771 28.0655307769775 29.9232921600342 29.413143157959 29.4776000976562 29.6278762817383 31.1079559326172 31.2117385864258 31.1962471008301 31.1867771148682 30.8460292816162 29.5183486938477 29.5758476257324 29.6860961914062 30.3741855621338 30.0801010131836 29.4200057983398 30.0871734619141 31.2121658325195 31.1495914459229 31.2759704589844 31.2284145355225 31.1938514709473 31.0422058105469 30.8763236999512 30.8917808532715 30.2386169433594 29.6811580657959 30.0311164855957 29.6960296630859 29.8335037231445 29.5285472869873 30.2247066497803 30.2816314697266 30.2720069885254
25.4120864868164 25.2483329772949 25.9703407287598 26.6151485443115 27.3064212799072 25.0376377105713 24.7592544555664 25.6065120697021 26.1159076690674 26.8650569915771 26.8865299224854 27.2992000579834 29.0215816497803 29.8860931396484 30.3855400085449 30.5722007751465 30.7225532531738 31.2663383483887 30.8745002746582 30.6930198669434 30.7276840209961 30.2515754699707 30.4507904052734 30.7384014129639 30.7461128234863 30.0999507904053 29.6482219696045 30.6155967712402 30.8899211883545 30.8417186737061 30.2435874938965 30.9578189849854 31.1265907287598 31.2140979766846 31.1969165802002 31.0985240936279 30.7401733398438 30.3796710968018 30.459810256958 30.1953201293945 30.0611400604248 29.4722480773926 29.9819278717041 30.2016487121582 30.1155986785889 30.0205116271973
25.5980052947998 25.073522567749 25.3817481994629 25.6288242340088 26.1817436218262 24.4654941558838 24.1712017059326 24.5956478118896 25.9191017150879 26.6794929504395 26.1532306671143 26.7389793395996 27.6495342254639 28.7960796356201 30.1687316894531 29.8358764648438 30.9990692138672 31.2649574279785 30.5102920532227 29.7199783325195 30.4068565368652 30.6200752258301 30.9636878967285 31.2092132568359 31.3252410888672 30.8782806396484 30.8727722167969 31.2530212402344 31.3191680908203 30.5550632476807 30.080774307251 30.6614398956299 30.7768383026123 31.2192268371582 31.2650890350342 31.2027568817139 31.0349464416504 30.8011703491211 30.3678226470947 29.5420112609863 29.2955913543701 29.1583633422852 29.1921863555908 29.8913402557373 29.9539890289307 30.3744468688965
26.4955997467041 26.0511264801025 26.8219242095947 26.66064453125 26.2567157745361 24.8262634277344 25.623254776001 25.3558330535889 25.6682319641113 26.2710933685303 25.9867782592773 26.2670631408691 26.4016151428223 28.6026382446289 29.7924118041992 29.0946273803711 30.5830459594727 30.8957595825195 30.5637741088867 29.3677139282227 29.653564453125 30.8234748840332 31.2513637542725 31.3850631713867 31.4060497283936 31.304126739502 31.3177165985107 31.4375286102295 31.0232601165771 30.2617454528809 30.1163311004639 30.8246116638184 31.2710800170898 31.3074035644531 31.2942657470703 31.2684001922607 31.2164611816406 31.0654716491699 30.7943954467773 29.584529876709 28.9718112945557 28.1316528320312 29.1254787445068 29.1169853210449 30.055025100708 30.4496269226074
28.148624420166 27.9903755187988 27.3902893066406 27.3262977600098 26.7884082794189 26.2875366210938 25.983907699585 24.9611511230469 25.6181049346924 25.0968399047852 24.597053527832 25.9480628967285 26.2920875549316 28.1808280944824 29.1296501159668 28.3966007232666 29.0801258087158 29.8174839019775 30.4125423431396 30.27907371521 29.799015045166 30.8364391326904 31.3381805419922 31.124382019043 31.0943908691406 30.7630081176758 31.2026119232178 31.4609336853027 30.4714794158936 29.568395614624 30.2635364532471 30.8692684173584 31.2412452697754 31.3235054016113 31.3322601318359 31.2749176025391 31.2483253479004 31.1455020904541 30.9405555725098 30.5233879089355 29.8052387237549 29.2756805419922 28.818302154541 28.6251392364502 29.5381851196289 30.0611972808838
27.0226001739502 27.0254573822021 27.0556049346924 26.6875419616699 26.1931667327881 26.4268093109131 25.5097675323486 24.9775619506836 24.4448528289795 24.5333499908447 23.9245109558105 24.8661804199219 24.8559722900391 27.1200103759766 28.1439781188965 26.9752540588379 27.5182266235352 29.0482501983643 30.365406036377 30.9561958312988 30.4412937164307 31.0930023193359 31.3124370574951 30.882173538208 30.8596439361572 30.9990501403809 31.4913368225098 31.4617347717285 30.8735866546631 30.1624584197998 30.5536918640137 30.8460693359375 31.2995662689209 31.3207550048828 31.2651920318604 31.2336311340332 31.2264499664307 31.140697479248 31.0570869445801 30.8367595672607 30.5650768280029 29.9754276275635 29.5615425109863 29.5191287994385 29.7601203918457 30.1999855041504
26.2697048187256 26.5411338806152 26.4245662689209 26.3777523040771 25.4519748687744 26.2756328582764 25.2875537872314 23.9954128265381 23.3731479644775 23.7713069915771 23.4319114685059 24.1312599182129 24.9399795532227 26.8438491821289 27.1558113098145 26.7839412689209 28.8921890258789 29.8100414276123 30.5810565948486 31.0942573547363 31.3927421569824 31.4521961212158 31.3887748718262 31.2902488708496 31.0524272918701 31.3716926574707 31.5047302246094 31.3776416778564 30.9675846099854 30.2764434814453 30.3670196533203 30.9848728179932 31.209529876709 30.706563949585 31.0976181030273 31.2202281951904 31.191255569458 31.1459789276123 31.0909233093262 30.9644088745117 30.6439247131348 29.8297786712646 30.1747360229492 30.206506729126 30.1220779418945 30.0635356903076
25.566333770752 25.8792819976807 25.7149715423584 25.9951057434082 26.0855121612549 26.0923709869385 25.7061729431152 24.5514984130859 24.6477165222168 24.751163482666 23.6991271972656 23.4903221130371 24.4710845947266 26.7720527648926 27.2996673583984 27.8256359100342 27.8811473846436 28.7069835662842 30.5397205352783 31.1729621887207 31.382251739502 31.3303890228271 31.1672077178955 31.1134433746338 31.2785243988037 31.3685970306396 31.3386287689209 30.9148464202881 29.9082050323486 30.0927257537842 30.4370746612549 31.2885131835938 30.9937992095947 30.3828296661377 31.1105804443359 31.0362987518311 31.06077003479 31.1123867034912 31.0006065368652 30.687780380249 30.0576972961426 28.7144660949707 28.4367275238037 29.5296325683594 29.9169216156006 30.2375564575195
26.2819404602051 25.7807769775391 25.6134376525879 25.7860450744629 25.9274024963379 25.8393573760986 25.3681564331055 24.973352432251 25.5725193023682 24.8531494140625 24.7125625610352 24.6986598968506 25.5146751403809 26.6850166320801 26.84401512146 27.5959300994873 28.5786533355713 29.6937370300293 30.6179428100586 31.0643424987793 31.4269924163818 31.4015045166016 30.8664112091064 30.5601406097412 30.8045997619629 30.6587505340576 30.7691974639893 30.9486923217773 30.8302974700928 30.8116607666016 31.1402034759521 31.4275455474854 30.7546806335449 30.6594104766846 31.2704582214355 30.7282390594482 30.8673725128174 30.8161888122559 30.8888111114502 30.5614585876465 29.0510292053223 28.269868850708 27.6418800354004 29.5088977813721 30.1022911071777 29.9323234558105
26.7287559509277 25.4709663391113 25.4208831787109 25.5372085571289 25.6807479858398 25.5402812957764 25.560884475708 26.1331176757812 25.7585926055908 24.9662113189697 26.14084815979 26.6125106811523 26.800329208374 26.1532783508301 26.174503326416 27.2539939880371 28.5412883758545 29.8487415313721 29.9276905059814 30.7537231445312 31.2518653869629 31.2759208679199 30.7648582458496 30.5077304840088 29.6601238250732 30.2699966430664 30.8256607055664 30.9900875091553 31.2431774139404 31.2529983520508 31.4402561187744 31.3754444122314 31.3365592956543 31.3643341064453 31.3120784759521 31.0469760894775 30.0403614044189 30.6716842651367 30.8676853179932 30.8074512481689 30.7547969818115 29.4148750305176 29.2410717010498 30.6093730926514 30.8951892852783 30.8676719665527
26.7885551452637 25.747615814209 25.390266418457 25.3132362365723 25.5319480895996 25.3412437438965 26.0433349609375 27.7452545166016 26.8373908996582 26.1237602233887 28.0502815246582 28.734130859375 28.3374061584473 26.3103675842285 26.7276382446289 26.8406944274902 28.8012351989746 28.8578052520752 28.7210636138916 29.6121673583984 30.7824115753174 31.0346221923828 30.6865329742432 30.681468963623 30.5442790985107 30.188928604126 30.2714881896973 30.4304599761963 31.1721687316895 31.1342658996582 31.2200393676758 31.0136375427246 31.2291431427002 31.3865451812744 31.0714454650879 31.0463047027588 30.3260726928711 30.4557666778564 30.740047454834 30.5603656768799 30.9976387023926 30.9932422637939 30.8809833526611 30.9187393188477 31.0289516448975 30.8908672332764
26.494499206543 25.8092002868652 25.5881271362305 25.7770576477051 25.7073631286621 25.8082485198975 26.2500820159912 28.4533443450928 28.638952255249 27.2561225891113 29.2791309356689 30.2294998168945 29.4938468933105 28.2536544799805 28.1720008850098 28.7811737060547 29.4481983184814 29.8975315093994 30.2000484466553 30.493200302124 30.7330169677734 30.4496593475342 29.0927581787109 29.3560333251953 29.8922138214111 29.4929370880127 29.7276935577393 30.6466236114502 31.0541210174561 31.2740345001221 30.1171321868896 30.0963115692139 30.97145652771 31.2914218902588 30.7714290618896 30.7965869903564 29.9442920684814 30.491003036499 30.7019309997559 30.5412216186523 31.0309085845947 31.1153202056885 31.1348533630371 31.1246032714844 31.0561389923096 30.7178173065186
26.5227661132812 26.1006965637207 26.0537872314453 26.2109375 26.4097366333008 26.5551528930664 27.3977947235107 29.1752243041992 29.0490779876709 28.5543994903564 29.9803142547607 31.0905570983887 30.250171661377 29.0949077606201 28.5421085357666 30.2507266998291 30.596155166626 30.789400100708 30.998908996582 31.0300712585449 30.5737991333008 30.2906723022461 30.4104537963867 29.8178806304932 30.1795692443848 30.6937141418457 30.9289283752441 31.014404296875 31.2419357299805 31.1640682220459 29.4230213165283 30.1971626281738 31.1029224395752 31.0159931182861 30.5502834320068 30.5008373260498 30.3261795043945 30.8675880432129 30.8929824829102 30.896167755127 30.8594799041748 31.0289916992188 31.0744552612305 31.0784912109375 30.9908237457275 30.9307460784912
26.4776973724365 26.1680774688721 26.7357616424561 27.5250606536865 27.6393184661865 28.1257152557373 29.241886138916 29.8615245819092 29.2392997741699 29.6216449737549 31.0544605255127 31.5570850372314 30.9860591888428 29.9452857971191 29.1741218566895 30.2157077789307 30.2006740570068 30.4824714660645 31.2347221374512 31.4598712921143 31.125057220459 30.7543830871582 31.1288356781006 30.9181385040283 30.7765026092529 31.29319190979 31.1813411712646 31.0916042327881 31.3730411529541 31.1241111755371 30.4492893218994 30.9602584838867 31.1489143371582 30.8148403167725 29.8071537017822 29.7594528198242 30.1035251617432 30.8768615722656 30.5578327178955 30.5292930603027 30.545955657959 30.8513221740723 30.8239898681641 30.883129119873 30.7186813354492 30.8535919189453
26.5329303741455 26.7272090911865 27.9151401519775 28.6860027313232 29.4032764434814 30.3717765808105 31.0155906677246 30.2955741882324 28.3421421051025 28.9780235290527 30.5083789825439 31.6010284423828 31.1518249511719 30.798318862915 29.8812141418457 30.8548812866211 30.9915065765381 30.3612632751465 31.130485534668 31.5169086456299 31.4555568695068 30.9754619598389 31.3477668762207 31.462818145752 31.2928676605225 31.3912467956543 31.1860904693604 30.3568878173828 31.2331256866455 31.3869762420654 31.28928565979 31.1671543121338 30.8187999725342 30.4482765197754 29.5422344207764 29.5977821350098 30.402624130249 30.3282356262207 30.1696720123291 29.9646625518799 30.1136093139648 30.4319839477539 30.2175331115723 30.5928955078125 30.0948524475098 30.5016384124756
