inst/extdata/Tmax/Tmax113.asc
NCOLS 100 
NROWS 79 
XLLCORNER 148.06 
YLLCORNER -21.49 
CELLSIZE 0.01 
NODATA_value -3.4e+38 
[rows 40 to 59 of 79, columns 46 to 91 of 100]
31.3044242858887 32.275447845459 32.7601051330566 33.7589645385742 35.5737609863281 36.6788330078125 36.1688804626465 34.0526885986328 33.6499938964844 34.4217910766602 35.0096168518066 36.9867095947266 36.5688247680664 36.8270111083984 35.8994026184082 37.0544166564941 37.2805061340332 36.9689064025879 37.0956878662109 37.2223358154297 37.2441635131836 36.2155609130859 36.6696090698242 37.0441932678223 37.1588325500488 37.2333030700684 37.1353492736816 36.7222328186035 36.9454956054688 37.1798667907715 37.146167755127 36.9935874938965 36.6485404968262 35.2605209350586 35.5851173400879 36.3618278503418 36.2745819091797 36.1845359802246 36.4675559997559 35.8650283813477 35.0546951293945 35.6044921875 35.9721870422363 35.7560997009277 36.0639915466309 36.116771697998
32.6550827026367 33.9722785949707 33.889705657959 33.851448059082 35.6113777160645 36.9990119934082 35.7431831359863 35.3111228942871 35.9893608093262 36.0952339172363 36.5126075744629 37.312671661377 37.1954956054688 37.2263450622559 37.0729598999023 37.4326057434082 37.4896278381348 37.4272651672363 37.3907279968262 37.4260330200195 37.4110069274902 36.8475379943848 36.0803146362305 36.4921417236328 36.4172096252441 36.9730453491211 37.3246650695801 36.8147583007812 36.8156509399414 37.2607803344727 37.3037071228027 37.2278327941895 37.0563888549805 36.395923614502 36.6777687072754 36.7314529418945 36.5088844299316 36.5143852233887 36.640754699707 36.7898979187012 35.7288856506348 35.9938354492188 36.6845283508301 36.4771194458008 36.6337356567383 36.5687294006348
35.336727142334 35.5452651977539 35.7573585510254 36.3030242919922 36.6838989257812 37.2299461364746 36.7678031921387 36.1806869506836 36.7701110839844 37.2330513000488 37.1463623046875 37.5114860534668 37.5614204406738 37.4843940734863 37.4650230407715 37.5679359436035 37.591724395752 37.5765075683594 37.5518913269043 37.5503196716309 37.4562835693359 36.440299987793 36.2308235168457 36.7954635620117 36.2326965332031 36.7382545471191 37.2374267578125 37.1414489746094 37.0905570983887 37.3798942565918 37.4080238342285 37.4128799438477 37.3795127868652 37.2644996643066 37.1654624938965 36.8094100952148 35.8069801330566 36.4789047241211 37.0769538879395 37.0787086486816 36.9394760131836 36.88232421875 37.018310546875 37.0616264343262 37.1100845336914 37.0481262207031
36.713550567627 36.7456855773926 36.9018630981445 37.0745277404785 37.3481063842773 37.4399337768555 37.3570899963379 37.1065330505371 37.3099746704102 37.5647506713867 37.5713691711426 37.6379585266113 37.6247863769531 37.5940322875977 37.626579284668 37.6029434204102 37.5411491394043 37.5243835449219 37.5692977905273 37.6109237670898 37.5655708312988 37.3156394958496 37.0475692749023 37.2485427856445 37.1098480224609 36.6278038024902 36.9563293457031 37.263858795166 37.4421348571777 37.4755249023438 37.473518371582 37.4747047424316 37.4512634277344 37.4140663146973 37.4148941040039 37.2577095031738 36.7387428283691 37.0886268615723 37.2922668457031 37.2803077697754 37.2438201904297 37.2459335327148 37.2347030639648 37.2560691833496 37.2651443481445 37.2267379760742
36.5119094848633 36.8232688903809 37.1268920898438 37.1454086303711 37.2173767089844 37.3577194213867 37.4256401062012 37.5130195617676 37.5542831420898 37.5010566711426 37.2747611999512 37.4060859680176 37.3311653137207 37.0512008666992 37.2635192871094 37.418140411377 37.3021621704102 37.4337539672852 37.5451316833496 37.6054725646973 37.6229209899902 37.4900894165039 37.1537551879883 36.8785285949707 37.1354598999023 37.3316116333008 37.393611907959 37.4492034912109 37.4658470153809 37.5093536376953 37.4914131164551 37.4880981445312 37.4481048583984 37.4107055664062 37.4472389221191 37.3851203918457 37.3678283691406 37.3676872253418 37.3101348876953 37.3152503967285 37.2885208129883 37.2777633666992 37.2842254638672 37.2723007202148 37.1717414855957 37.197639465332
34.4811859130859 35.3767127990723 35.8650741577148 36.1188430786133 36.545539855957 36.9243469238281 36.8724327087402 37.1068878173828 37.1138877868652 36.9407806396484 36.0838088989258 36.1102294921875 36.2079429626465 34.5365982055664 35.6255416870117 36.4968109130859 37.118221282959 37.4955139160156 37.6007690429688 37.6325149536133 37.6418609619141 37.4563102722168 36.9833526611328 36.5844039916992 36.8937492370605 37.19091796875 37.3423805236816 37.3359375 37.4149780273438 37.5000915527344 37.5024566650391 37.5060615539551 37.489875793457 37.4850044250488 37.4540977478027 37.348560333252 37.341381072998 37.3373374938965 37.3094596862793 37.3042984008789 37.2708435058594 37.2641105651855 37.2555770874023 37.2018890380859 37.1964263916016 37.2177505493164
31.814380645752 33.2133560180664 33.1137428283691 33.0881996154785 34.607593536377 35.2147407531738 35.3611259460449 35.6684646606445 36.1936683654785 35.5008888244629 34.7432594299316 34.0972366333008 34.8605041503906 34.7243499755859 35.2379264831543 36.5483131408691 37.3216896057129 37.5384178161621 37.5807189941406 37.5640830993652 37.6171073913574 37.6408424377441 37.1846466064453 36.8071365356445 36.6916618347168 36.9991188049316 37.2385482788086 37.3711547851562 37.4896850585938 37.5159454345703 37.5356750488281 37.5500564575195 37.5446281433105 37.5153923034668 37.4312629699707 37.365062713623 37.3635139465332 37.3624610900879 37.3498458862305 37.336856842041 37.3019523620605 37.2995872497559 37.2980728149414 37.2637710571289 37.2570037841797 37.131664276123
31.9324073791504 31.8627052307129 31.6784439086914 31.7429351806641 31.6819839477539 32.5477409362793 33.996410369873 34.7567405700684 34.9725761413574 34.8378105163574 35.4468307495117 35.2648963928223 35.0913543701172 35.7583999633789 36.0985984802246 37.0838890075684 37.374813079834 37.4108619689941 37.3466033935547 37.4869384765625 37.6191329956055 37.6827697753906 37.5328063964844 37.1999626159668 36.7466239929199 37.0495109558105 37.2713928222656 37.4573516845703 37.5405769348145 37.5861587524414 37.5950584411621 37.5809135437012 37.5138816833496 37.4362144470215 37.3726959228516 37.3443832397461 37.3619155883789 37.3821296691895 37.3749580383301 37.3625297546387 37.3426132202148 37.3471832275391 37.3414688110352 37.3193321228027 37.1025238037109 36.861629486084
31.5786838531494 31.667688369751 31.8715019226074 31.6022052764893 31.5102138519287 31.5916786193848 32.5592193603516 34.4566307067871 35.0785484313965 35.2889556884766 35.1046752929688 35.3252334594727 35.6650390625 36.002025604248 36.0754280090332 36.677490234375 37.1077003479004 37.1126480102539 37.1108856201172 37.4506072998047 37.5695190429688 37.5979843139648 37.698112487793 37.6137542724609 37.4939498901367 37.4599609375 37.5620079040527 37.6415328979492 37.6542701721191 37.6616020202637 37.6286506652832 37.5611228942871 37.473518371582 37.3350372314453 37.2946128845215 37.3568305969238 37.3719177246094 37.3959732055664 37.4180793762207 37.4057579040527 37.4029121398926 37.4040565490723 37.3895683288574 37.3762512207031 37.2120895385742 37.0675277709961
31.6550636291504 31.8133220672607 31.8320064544678 31.5207614898682 31.988260269165 32.9733772277832 33.1109962463379 34.5589408874512 35.113094329834 35.3547477722168 35.1441459655762 35.6934280395508 36.0169906616211 36.0295562744141 36.1395149230957 36.0275230407715 36.1446762084961 36.4133644104004 36.8367881774902 37.2373275756836 37.3486404418945 37.3762359619141 37.6496887207031 37.7093048095703 37.734130859375 37.7119636535645 37.6893997192383 37.5088195800781 37.5825424194336 37.6620750427246 37.6169281005859 37.498119354248 37.4552955627441 37.2466850280762 37.1796684265137 37.3774681091309 37.3837356567383 37.3699684143066 37.4398918151855 37.4516830444336 37.4291648864746 37.4384841918945 37.4258346557617 37.4047508239746 37.3352584838867 37.2604637145996
31.6951599121094 31.5785827636719 31.7798461914062 31.5049571990967 32.1451454162598 33.4374389648438 33.8561477661133 34.5388603210449 35.3560485839844 35.8752212524414 35.899528503418 36.0454254150391 36.1361808776855 36.178539276123 36.1735610961914 36.1161041259766 36.1988983154297 35.9031867980957 35.5159759521484 36.8111190795898 36.6869201660156 37.1865844726562 37.5625839233398 37.6367034912109 37.6995620727539 37.6836128234863 37.6098213195801 37.3739929199219 37.5431594848633 37.6615180969238 37.4780616760254 37.301212310791 37.3239707946777 37.3073272705078 37.3481674194336 37.4375839233398 37.4507904052734 37.4400367736816 37.4430694580078 37.485595703125 37.4812278747559 37.4701271057129 37.453556060791 37.4275588989258 37.3936767578125 37.2982406616211
31.2902717590332 31.2605018615723 31.6184425354004 31.0169906616211 31.1558284759521 33.3014640808105 34.2051086425781 34.9435958862305 35.3417510986328 35.6740837097168 35.7483558654785 35.7637557983398 35.5473670959473 35.5573921203613 35.8706855773926 36.0231399536133 36.4113616943359 36.337100982666 36.1379432678223 36.1957130432129 36.0189666748047 36.9210662841797 37.384895324707 37.5869369506836 37.6033096313477 37.6217155456543 37.2408790588379 36.8380508422852 37.514274597168 37.6662216186523 37.3579406738281 37.0322532653809 37.3167991638184 37.3769416809082 37.4155921936035 37.3811988830566 37.3832626342773 37.3925285339355 37.4216346740723 37.4159965515137 37.4319343566895 37.4781875610352 37.474552154541 37.4517707824707 37.4219970703125 37.3488998413086
30.9461307525635 30.8026695251465 31.2465343475342 31.1253814697266 31.2042713165283 32.1802825927734 33.4034690856934 34.1806945800781 34.7492218017578 35.1767692565918 35.1213226318359 35.0495109558105 35.1330108642578 35.4680442810059 36.3191299438477 36.4412155151367 36.6586608886719 36.5594482421875 36.4767990112305 36.2961807250977 36.0224151611328 36.7869110107422 37.2977066040039 37.5208358764648 37.4607696533203 37.5649795532227 37.1445617675781 36.1092910766602 37.2381439208984 37.6434478759766 37.3404998779297 37.0855140686035 37.3146324157715 37.2549018859863 37.1849479675293 37.2165794372559 37.27734375 37.2123527526855 37.1348724365234 37.1272239685059 37.2575302124023 37.3689079284668 37.4757843017578 37.4666557312012 37.4409217834473 37.3931274414062
32.017707824707 31.0276107788086 31.1273803710938 31.5056972503662 31.8607769012451 33.0710067749023 33.1673965454102 34.0985908508301 35.0338668823242 35.4280586242676 35.8358612060547 35.9662208557129 36.1277046203613 36.3932991027832 36.6156883239746 36.6694679260254 36.6238250732422 36.7186508178711 36.6902503967285 36.4351119995117 36.2082939147949 36.253475189209 36.8628005981445 37.1299514770508 37.0551300048828 37.5337295532227 37.4243927001953 36.7129516601562 37.3267784118652 37.6303367614746 37.3768272399902 37.1815528869629 37.093620300293 36.7260513305664 36.9450454711914 36.8770141601562 36.895824432373 36.4364776611328 36.5618019104004 35.4195098876953 36.9575004577637 37.2539520263672 37.4638061523438 37.4834213256836 37.4642105102539 37.4175720214844
32.7522048950195 31.7313594818115 31.2196044921875 31.9837074279785 32.7070960998535 33.5819053649902 33.6858291625977 34.2534713745117 35.1483688354492 35.6435127258301 35.7036094665527 35.7327270507812 36.2149505615234 36.4201889038086 36.5544052124023 36.5423431396484 36.7891616821289 36.9501953125 36.9261054992676 36.6528739929199 36.4606399536133 36.3827209472656 36.5434455871582 36.5666961669922 36.5466804504395 37.3212242126465 37.5294799804688 37.2087440490723 36.8823165893555 37.4900741577148 36.9728851318359 36.072395324707 36.7792434692383 36.9686126708984 37.3030052185059 37.3122367858887 37.2757148742676 37.2480125427246 37.0071182250977 35.9005279541016 36.8265686035156 37.2056999206543 37.4100799560547 37.4726028442383 37.4771423339844 37.4348449707031
32.8021469116211 31.9062671661377 31.3561820983887 32.6691360473633 33.8504409790039 34.3660583496094 35.2448768615723 35.5269889831543 35.7810249328613 35.9207038879395 35.7085571289062 35.6706466674805 36.3234786987305 36.4363288879395 36.4594421386719 36.5490341186523 36.6908721923828 36.6892738342285 37.2961387634277 37.0300521850586 36.710807800293 36.5548667907715 36.5383529663086 36.3665771484375 36.3888778686523 37.1034622192383 37.5042724609375 37.406078338623 37.2473411560059 37.6018142700195 36.8170051574707 35.5827980041504 36.1624794006348 36.9477157592773 36.9976119995117 36.5618591308594 36.6383895874023 37.2510375976562 37.3938674926758 37.3586692810059 37.4018020629883 37.4012260437012 37.426139831543 37.4348449707031 37.4725494384766 37.4548492431641
32.6428833007812 31.6843509674072 31.2210006713867 32.4001808166504 33.9515190124512 34.3766555786133 33.7106475830078 35.2940673828125 35.2438507080078 34.6108436584473 35.7276229858398 35.982982635498 36.0192604064941 36.1001167297363 36.1328277587891 36.3849487304688 36.546745300293 36.6889305114746 37.2582969665527 37.403377532959 37.1742324829102 36.8335838317871 36.6500053405762 36.5709571838379 36.3087768554688 36.846851348877 37.3753623962402 37.3984642028809 37.6168403625488 37.692813873291 37.0993919372559 35.1102447509766 35.8718109130859 35.3164024353027 35.7270050048828 34.921257019043 36.0205078125 37.2179107666016 37.3580017089844 37.4368934631348 37.4549179077148 37.3680152893066 37.2546081542969 37.3859329223633 37.424861907959 37.4269104003906
32.6107902526855 31.8805027008057 31.9326190948486 32.4237670898438 33.5432548522949 34.0489654541016 34.5638198852539 34.8492584228516 33.3405227661133 33.2442932128906 35.0564384460449 33.9099159240723 34.3512802124023 34.8823471069336 35.7333183288574 36.2793846130371 36.4678955078125 36.7293739318848 37.1341323852539 37.2905082702637 37.3492393493652 37.0832328796387 36.720775604248 36.8089752197266 36.6755104064941 36.9445190429688 36.9488182067871 36.7654418945312 37.3913726806641 37.608325958252 37.3383750915527 36.5404205322266 34.8908309936523 32.5863151550293 32.8102684020996 34.7945251464844 36.4691390991211 37.1770439147949 37.3116188049316 37.254150390625 37.2554092407227 37.0046081542969 36.8739166259766 37.3039855957031 37.0200347900391 37.0870513916016
32.593635559082 32.2379455566406 32.0336570739746 32.3231048583984 33.0320167541504 33.9899101257324 34.193775177002 33.7099838256836 33.1574516296387 34.1689300537109 34.7439918518066 33.5849494934082 33.9787063598633 34.49169921875 35.6129341125488 36.0888214111328 36.4438781738281 36.9580917358398 37.4373779296875 37.2475166320801 37.0937652587891 37.4382553100586 37.1544189453125 36.9503517150879 36.7746276855469 36.7713241577148 36.8706665039062 36.766040802002 37.1485252380371 37.5370979309082 37.571533203125 36.9876365661621 36.1727485656738 34.2705459594727 33.5681457519531 34.8629989624023 36.4647369384766 37.1104507446289 37.186279296875 36.6634292602539 36.960075378418 37.1715049743652 36.942440032959 37.0220794677734 36.6603889465332 36.9489707946777
32.2717781066895 32.0588302612305 31.5924129486084 31.9104423522949 32.6899871826172 32.8888130187988 33.4034690856934 33.8007621765137 34.1503143310547 34.280158996582 34.6859169006348 34.9460792541504 35.7232284545898 35.8363037109375 36.0149726867676 35.4910354614258 36.6017150878906 37.0381889343262 37.2844505310059 36.9705352783203 37.0991249084473 37.3291931152344 37.4487838745117 37.3868751525879 37.0652198791504 36.9873352050781 36.5874099731445 36.7797889709473 37.2394981384277 37.3426170349121 37.5040016174316 37.5455284118652 36.9182815551758 36.1582260131836 35.1214332580566 34.7882843017578 36.121223449707 37.0124893188477 36.4565200805664 35.8534393310547 36.8989906311035 37.1921997070312 36.8809013366699 36.0017280578613 36.4132347106934 37.0010833740234
