inst/extdata/Tmax/Tmax32.asc
NCOLS 100 
NROWS 79 
XLLCORNER 148.06 
YLLCORNER -21.49 
CELLSIZE 0.01 
NODATA_value -3.4e+38 
[rows 20 to 39 of 79, columns 0 to 45 of 100]
28.545259475708001 29.0447959899902 29.2310085296631 28.9543838500977 29.1517715454102 29.9931335449219 29.5283126831055 29.8161029815674 28.6536979675293 28.5752964019775 29.6515865325928 29.2429599761963 28.1661128997803 26.3789730072021 25.2439670562744 24.4745788574219 24.1331386566162 25.4515209197998 26.4089851379395 27.2219543457031 27.3403701782227 27.8071823120117 27.9387397766113 28.2725200653076 28.2244281768799 27.989086151123 26.961311340332 25.1194267272949 26.052360534668 25.8595600128174 26.9235191345215 27.206657409668 27.2428684234619 27.3139190673828 27.0607509613037 26.7731456756592 26.5945949554443 26.3576316833496 25.523078918457 25.7850074768066 25.5918216705322 24.7821521759033 25.4906940460205 25.2658748626709 23.8149242401123 23.9454021453857
29.3115539550781 29.5948085784912 29.6009063720703 29.2183074951172 29.1495952606201 29.0667324066162 28.6604137420654 29.4521865844727 29.7077732086182 29.969202041626 29.6528377532959 29.6629810333252 29.1634426116943 26.6589012145996 25.1778182983398 24.9826221466064 25.102725982666 25.6731147766113 26.1394157409668 27.1714534759521 27.8294811248779 28.4200115203857 27.4868831634521 27.9699382781982 27.9299373626709 27.6201057434082 27.3379249572754 25.9126853942871 26.0037059783936 26.8654327392578 27.2744483947754 27.034029006958 27.0219078063965 25.8912334442139 25.5834197998047 25.7984237670898 26.6772365570068 24.9368324279785 24.5683212280273 24.8122043609619 24.0742645263672 24.631799697876 24.8522396087646 22.6532802581787 22.5407848358154 23.1847743988037
29.5961894989014 29.852596282959 29.6597747802734 28.9661636352539 30.1959018707275 29.2884960174561 29.5502758026123 29.2353820800781 29.9415073394775 29.1324825286865 30.2325267791748 29.8509502410889 29.6543121337891 28.7375259399414 27.9627799987793 26.2568798065186 24.6388359069824 25.1728973388672 25.5386066436768 27.4689407348633 28.3233680725098 27.4644470214844 27.4451332092285 26.9876937866211 26.5538349151611 27.3327789306641 27.2303466796875 26.8619232177734 26.8183040618896 26.8185710906982 26.4821071624756 26.0399303436279 25.5995597839355 25.1234664916992 24.4703941345215 25.2444381713867 25.3130474090576 24.2116069793701 24.2178153991699 24.2044620513916 22.8977584838867 22.8162155151367 23.3007640838623 23.9987106323242 18.5502052307129 23.0181846618652
29.7445049285889 30.1894798278809 30.6948509216309 28.9783267974854 28.9020042419434 29.7557830810547 28.8265361785889 29.8029937744141 30.006383895874 29.1087608337402 29.6734180450439 29.5593528747559 29.7754459381104 28.8518352508545 27.0267353057861 26.1231575012207 24.9953670501709 25.3334789276123 25.9544925689697 26.9170894622803 27.3770904541016 27.8570556640625 27.1036853790283 25.8427925109863 26.3154392242432 26.4149036407471 26.4185161590576 27.1780033111572 27.4640331268311 27.2225360870361 26.8817272186279 25.9772319793701 25.3616676330566 25.4949588775635 25.9283027648926 25.6456775665283 23.5243301391602 23.1778144836426 23.634407043457 23.9600563049316 22.5891208648682 22.3842220306396 21.9413280487061 20.2026958465576 21.6950702667236 21.8025341033936
29.9486045837402 29.8244152069092 29.6378631591797 30.3545112609863 30.4432048797607 30.1218128204346 28.8936424255371 29.9690914154053 28.5430335998535 28.7765045166016 28.819917678833 28.5747108459473 28.4082298278809 28.7518844604492 27.2591342926025 25.8071689605713 25.1399269104004 25.0339393615723 26.1376304626465 26.3065586090088 27.5578670501709 27.7316303253174 25.2010841369629 24.9744243621826 25.1911640167236 25.5438270568848 25.7920513153076 26.976978302002 27.3096466064453 26.7546215057373 27.1455688476562 26.7324523925781 26.61842918396 26.4251747131348 25.925106048584 25.5450534820557 24.9222412109375 24.1530570983887 22.944953918457 22.3724193572998 21.2510318756104 20.2802391052246 20.9349460601807 22.7898635864258 17.8529682159424 17.6427345275879
30.4113140106201 30.1235294342041 30.5692539215088 29.9074535369873 30.4199542999268 30.2728176116943 30.1308116912842 29.9056205749512 29.7444038391113 28.369068145752 29.413330078125 28.7177467346191 27.9242343902588 28.0583515167236 28.0895366668701 27.9508953094482 26.7129287719727 26.4920120239258 27.1123847961426 27.7004852294922 27.0171546936035 25.4224090576172 24.9263286590576 23.7903461456299 24.4772434234619 25.3059139251709 25.3277740478516 26.0852508544922 27.0915927886963 26.9649257659912 25.454870223999 26.3276271820068 26.1442108154297 26.1608276367188 25.758825302124 25.4698352813721 24.8651790618896 23.800745010376 21.4740333557129 22.0014190673828 20.5408992767334 21.6187305450439 23.1301689147949 22.5393180847168 17.8315315246582 17.0478553771973
28.459716796875 29.6644306182861 30.7037162780762 30.4631938934326 30.338996887207 30.1724758148193 30.0482692718506 30.0629329681396 29.7852458953857 28.5296268463135 28.0939464569092 28.2901344299316 28.1172523498535 27.829460144043 27.9386558532715 27.0021133422852 26.227725982666 26.3464908599854 27.2060508728027 27.0709686279297 26.7658424377441 27.0147819519043 25.8560485839844 24.5499496459961 24.0019245147705 24.6971282958984 25.9473056793213 27.0930309295654 26.5130214691162 26.7023086547852 26.0275974273682 25.8298797607422 26.0079536437988 25.5178260803223 25.5042896270752 24.7998790740967 23.4799423217773 23.6946544647217 19.1139793395996 17.4879856109619 20.1703147888184 17.6998977661133 22.5094299316406 18.7742214202881 21.1436519622803 16.8122596740723
28.6381149291992 28.2493019104004 29.384937286377 30.2433376312256 30.1955318450928 30.0666770935059 30.2399768829346 30.3635540008545 29.9699287414551 29.242712020874 28.7869396209717 28.0923900604248 27.9201354980469 28.3067893981934 26.7567501068115 26.9693222045898 26.5298862457275 26.0797672271729 26.4015769958496 26.4732856750488 26.4993209838867 26.5671825408936 26.128490447998 24.9568824768066 24.839771270752 25.0728797912598 24.5593204498291 26.9478092193604 27.272180557251 25.989143371582 25.8186340332031 25.8785381317139 26.1303043365479 25.3383884429932 25.0682792663574 24.2683200836182 22.8078880310059 23.113862991333 22.8501243591309 21.7027587890625 20.5285148620605 20.9697360992432 20.781078338623 18.079704284668 17.4724674224854 17.119176864624
27.4552612304688 27.8884868621826 28.4659309387207 29.3659687042236 30.3986167907715 29.8818664550781 30.2973251342773 29.9399299621582 29.9543628692627 28.9896831512451 29.0833339691162 28.2873020172119 28.5660858154297 28.5437088012695 28.2609786987305 26.144962310791 26.1791458129883 25.9743232727051 26.3256988525391 27.2303409576416 26.0225048065186 26.5049018859863 25.5508213043213 24.5739421844482 24.8363361358643 25.1583518981934 25.1294898986816 25.8443737030029 26.5054264068604 26.3790073394775 26.5371284484863 25.5989990234375 25.1903553009033 24.0796527862549 23.4525833129883 22.5181980133057 22.8084678649902 22.8274211883545 22.9540462493896 20.4761772155762 17.5870971679688 17.6386375427246 21.0099792480469 17.3970184326172 17.6028633117676 17.494686126709
26.389684677124 27.0581493377686 27.6545944213867 28.3699493408203 29.759651184082 29.7738628387451 29.1115779876709 30.2800846099854 30.0790977478027 29.7291412353516 28.6197566986084 29.0490226745605 28.3995819091797 28.1196403503418 28.7004947662354 28.4777793884277 28.0882263183594 26.3469486236572 26.5991764068604 26.5770359039307 26.5177402496338 26.4901294708252 26.0512008666992 25.1008720397949 24.8884830474854 24.9183330535889 24.4671249389648 25.8180618286133 26.6151142120361 26.0714931488037 26.7934188842773 25.3840408325195 24.3450393676758 24.2035617828369 23.6909294128418 23.3380298614502 23.2966136932373 22.7034244537354 22.0669326782227 21.6666660308838 22.7797546386719 22.7584838867188 20.3231887817383 20.3432388305664 17.653356552124 18.5143146514893
26.9242267608643 27.5502033233643 27.6682281494141 28.4261779785156 28.7083377838135 28.4987964630127 28.6882209777832 29.730094909668 29.6868057250977 29.2023601531982 29.6849956512451 29.600757598877 29.640323638916 28.8341026306152 28.8725185394287 28.8802700042725 27.6966304779053 27.1683082580566 26.2389869689941 26.6018714904785 26.4215850830078 25.8400611877441 25.6431293487549 25.2528171539307 24.6938571929932 24.006233215332 24.3972816467285 26.0683498382568 26.3675098419189 26.5145835876465 26.7891540527344 26.9644317626953 25.4002113342285 24.260627746582 23.5361099243164 24.347240447998 23.927698135376 23.2405776977539 22.4144859313965 22.4163188934326 24.2042541503906 24.0393753051758 23.6797065734863 22.8319854736328 19.589563369751 18.8890247344971
27.9619312286377 27.8753356933594 28.7454833984375 29.5734233856201 30.0616703033447 28.7712898254395 28.8391742706299 30.101245880127 30.0544815063477 29.3889007568359 29.8048477172852 29.4489879608154 29.4015026092529 29.0238380432129 28.0916023254395 28.4398422241211 26.2129287719727 24.9167766571045 26.3063774108887 25.9511661529541 25.9281196594238 26.0823822021484 25.5561828613281 25.3070507049561 24.8920917510986 24.8826313018799 25.2288799285889 26.381175994873 27.0177783966064 26.0626735687256 26.5332832336426 26.5380916595459 26.8052673339844 25.9613552093506 25.2999305725098 24.2229461669922 24.2210502624512 24.2862110137939 23.8555316925049 25.3578281402588 24.3890037536621 24.0266551971436 18.9873752593994 20.6262302398682 18.2156372070312 17.5424537658691
27.5173797607422 28.8653316497803 28.7234992980957 28.8190956115723 29.9960308074951 29.1813735961914 29.7922687530518 29.4353141784668 30.0069541931152 28.9934234619141 29.9660224914551 29.4620380401611 29.4445419311523 28.8513851165771 28.4537124633789 27.938814163208 27.9257907867432 26.2427444458008 25.1008758544922 25.4689140319824 25.5406761169434 26.0569686889648 25.4400596618652 25.5337429046631 25.1606597900391 24.9675331115723 26.6296977996826 26.6851825714111 26.5352077484131 27.974401473999 26.6656379699707 26.1968116760254 27.3290939331055 27.1700820922852 26.4280490875244 25.7896099090576 25.370418548584 25.3377952575684 24.8774642944336 25.0619506835938 24.3220405578613 21.8584175109863 17.2488384246826 17.5574474334717 17.739631652832 16.4848709106445
28.2646102905273 28.4019088745117 28.9896144866943 27.9457702636719 28.483736038208 27.4281578063965 28.1272926330566 29.4546775817871 29.9641361236572 29.760066986084 30.0635356903076 29.2921447753906 29.1386566162109 29.1966457366943 28.5915336608887 28.3717517852783 28.7643604278564 28.2934608459473 27.5753440856934 27.1702480316162 25.9942665100098 25.7320804595947 26.2559032440186 25.9009761810303 25.5206756591797 25.1166572570801 26.6429004669189 27.3429298400879 26.8636207580566 27.0415267944336 26.8194198608398 25.7288970947266 25.4029598236084 25.3788623809814 25.7797946929932 25.9773082733154 26.0048904418945 26.4665603637695 26.0563545227051 26.1713466644287 24.4762058258057 19.9582843780518 18.466007232666 18.6923160552979 18.5001163482666 17.5491275787354
28.7905502319336 29.1686611175537 28.9245319366455 27.1225643157959 27.8115177154541 28.8524188995361 28.0710964202881 29.4829978942871 29.8552799224854 29.4892673492432 29.93337059021 29.6397495269775 29.9733333587646 29.4860000610352 29.0779323577881 28.9043636322021 28.6229400634766 28.3221702575684 27.9155540466309 26.9576778411865 25.5437507629395 26.6017456054688 27.0188980102539 25.8630256652832 25.4322395324707 25.3277473449707 25.1643104553223 26.459774017334 26.3179588317871 25.3957576751709 26.351411819458 25.3082466125488 24.9023380279541 24.9444580078125 24.6585884094238 24.8277206420898 25.4725704193115 24.9824848175049 25.6332111358643 25.3946571350098 23.7302913665771 23.428861618042 20.6115760803223 19.975830078125 19.2842502593994 19.199836730957
28.5282020568848 29.8567295074463 28.922384262085 28.0897197723389 26.5483512878418 28.8415145874023 30.2381801605225 28.3718872070312 29.3532619476318 29.9450874328613 29.8321857452393 29.6777629852295 29.1741714477539 29.3213672637939 28.9716987609863 29.1376266479492 28.2068481445312 27.7746753692627 27.6992378234863 27.1536922454834 26.0902862548828 26.7498054504395 25.9244861602783 24.5771179199219 24.9664077758789 24.5463619232178 25.9092121124268 25.1356410980225 24.9939765930176 22.4009075164795 24.2676773071289 24.8233242034912 25.1282615661621 24.7981662750244 24.8279037475586 23.9225463867188 24.0951900482178 24.4719200134277 25.4193096160889 24.742130279541 19.8930225372314 19.5802478790283 19.3201351165771 19.8308696746826 19.5702037811279 18.4311027526855
29.1300773620605 28.2703914642334 29.5870761871338 28.8604736328125 28.7200164794922 28.7276153564453 28.7458648681641 28.831729888916 28.9862232208252 30.2973365783691 30.2912845611572 29.7277851104736 29.6071834564209 29.863338470459 29.6106719970703 28.4779968261719 27.8568363189697 27.8033142089844 27.7944736480713 27.7891750335693 27.1176776885986 26.1526222229004 25.1006259918213 24.8694534301758 25.1526718139648 25.7687606811523 26.3210983276367 25.4386825561523 25.1035556793213 23.1686172485352 22.94993019104 21.9744701385498 23.4783115386963 24.8393249511719 24.8014221191406 22.9478187561035 22.8976440429688 22.5173568725586 22.2847862243652 18.7780246734619 18.777645111084 18.0504913330078 18.5459957122803 19.420373916626 19.4541778564453 17.890661239624
28.4978256225586 27.9870700836182 29.2853813171387 28.0840091705322 28.2332096099854 28.244255065918 27.0272006988525 27.8086967468262 28.83664894104 29.1502857208252 29.8789730072021 29.9045429229736 29.7826595306396 29.2784671783447 29.6095180511475 29.4936180114746 28.8057250976562 27.5152854919434 28.0271606445312 27.5665950775146 27.3938579559326 26.6987781524658 25.279670715332 25.1102848052979 24.5833396911621 25.2126026153564 26.1271438598633 25.2428150177002 25.4263591766357 25.1090717315674 25.0918636322021 24.0059814453125 23.6789531707764 22.4287986755371 18.450611114502 17.2970314025879 17.4302558898926 17.1948680877686 17.1272487640381 17.3496932983398 17.5329418182373 17.6208744049072 17.9009265899658 18.7136459350586 19.0471057891846 18.5844497680664
28.4915676116943 27.8652648925781 27.8988304138184 29.099910736084 28.7770462036133 28.8899021148682 27.4458465576172 26.5905227661133 27.503755569458 28.4106559753418 29.7057189941406 30.0519027709961 29.9582176208496 29.7808837890625 28.7043037414551 28.2990570068359 28.2982330322266 27.9050750732422 28.3494853973389 28.2172775268555 28.1889514923096 26.9047584533691 26.2731628417969 25.8792133331299 25.0199317932129 25.8000926971436 25.5183792114258 25.6482772827148 24.0135860443115 24.9223461151123 24.1470603942871 23.9481449127197 24.2106475830078 23.5306854248047 22.0828590393066 16.9297199249268 16.5560913085938 16.4618587493896 16.2839527130127 16.8237266540527 17.4387531280518 18.9431419372559 17.4898815155029 18.5631713867188 18.0458335876465 17.9272403717041
28.1119270324707 27.6083221435547 28.847131729126 28.8144950866699 29.0639247894287 28.1677093505859 27.8221759796143 27.1662464141846 28.056245803833 27.4269046783447 28.3603801727295 29.8502788543701 29.5672397613525 29.3557567596436 28.6620311737061 28.9598484039307 27.3131790161133 27.569522857666 27.9538764953613 27.7534408569336 27.8373394012451 27.1868343353271 27.2602233886719 26.6911010742188 25.5903568267822 25.5326232910156 25.1795978546143 25.0793838500977 25.5577068328857 24.6061058044434 23.5659313201904 22.5963478088379 24.5307922363281 24.7302932739258 24.7522621154785 22.2912158966064 19.4038734436035 18.9810085296631 17.9782562255859 17.0337581634521 17.7953472137451 17.7744083404541 17.825511932373 18.2518863677979 18.1570510864258 17.8241729736328
