inst/extdata/Tmax/Tmax157.asc
NCOLS 100 
NROWS 79 
XLLCORNER 148.06 
YLLCORNER -21.49 
CELLSIZE 0.01 
NODATA_value -3.4e+38 
[rows 40 to 59 of 79, columns 0 to 45 of 100]
34.115505218505902 33.7958526611328 33.8576240539551 33.9155502319336 33.7856826782227 33.9438972473145 33.9074783325195 33.6789131164551 33.1142425537109 33.6641044616699 34.4730758666992 34.8977279663086 34.9654121398926 35.0517883300781 35.156436920166 34.9141120910645 34.5949211120605 34.176326751709 33.4706802368164 34.1119804382324 34.1211318969727 34.0076866149902 33.9500999450684 33.4677963256836 32.355339050293 31.5602245330811 31.3305892944336 31.4696674346924 31.6367130279541 30.8536930084229 30.0603847503662 30.61865234375 32.2403793334961 31.9189682006836 31.6136054992676 32.0510673522949 31.9612293243408 31.573392868042 31.315523147583 30.764799118042 30.7325191497803 29.6522598266602 28.9645156860352 28.967456817627 28.6921424865723 28.5234985351562
34.3058128356934 33.8380737304688 33.7082443237305 33.8555030822754 33.7484169006348 33.8686332702637 33.8997840881348 33.7873077392578 33.4978218078613 33.6695938110352 34.1103401184082 34.5718040466309 34.8803405761719 35.1116218566895 35.189079284668 35.0237350463867 34.6642761230469 34.0547485351562 33.654369354248 33.8575744628906 33.907039642334 33.6355056762695 33.8815879821777 33.5505676269531 32.7342987060547 32.1275787353516 31.3703022003174 31.290433883667 31.5757884979248 31.0471172332764 30.5311889648438 31.3513431549072 32.2278709411621 31.3007659912109 30.4062881469727 31.3904552459717 31.4694156646729 31.7560272216797 31.7293891906738 31.4559898376465 31.3251247406006 30.4236946105957 28.7313232421875 28.606861114502 28.6973152160645 28.6617050170898
34.1401481628418 34.0959091186523 33.8548736572266 33.7252998352051 33.8201141357422 33.866569519043 33.8611488342285 33.8333358764648 33.8103904724121 33.770809173584 33.8524475097656 34.471851348877 34.8929328918457 35.0949211120605 35.134162902832 35.0965728759766 34.8314781188965 34.4476585388184 34.182014465332 34.1420097351074 34.0543594360352 33.2638549804688 33.1951904296875 33.4954528808594 33.5490379333496 33.0154495239258 31.9433822631836 31.550609588623 31.4717617034912 31.2087802886963 30.0968341827393 31.470739364624 31.5598793029785 30.223072052002 29.2617778778076 30.3755283355713 30.3968048095703 31.2375583648682 31.4665088653564 31.1065120697021 30.8320770263672 30.9143142700195 30.1743812561035 29.9159469604492 30.4667549133301 31.7466049194336
33.7252502441406 33.8618545532227 33.8648834228516 33.8774108886719 33.9327392578125 33.9424934387207 33.9221534729004 33.8772621154785 33.9650955200195 33.9476432800293 33.9784278869629 34.5112266540527 34.8407402038574 35.0552406311035 35.1031532287598 35.1446647644043 35.0346221923828 34.786262512207 34.4549026489258 34.523983001709 34.3241882324219 34.0226287841797 33.1915168762207 32.7687873840332 33.6293334960938 33.382984161377 32.8908462524414 32.3080139160156 31.9056701660156 31.7044429779053 30.7203769683838 30.6337757110596 31.5347595214844 30.9174385070801 30.124683380127 29.5620441436768 29.6901473999023 30.0211372375488 30.3282260894775 30.047830581665 29.4880390167236 30.4205131530762 29.8821144104004 31.1016025543213 33.3491973876953 34.1293907165527
33.369514465332 33.6182060241699 33.6125183105469 33.6313743591309 33.8780479431152 34.03759765625 34.0942764282227 34.0443077087402 34.1388816833496 34.215690612793 34.4451713562012 34.6378440856934 34.8191032409668 34.9663734436035 35.0638465881348 35.1514320373535 35.1314697265625 34.971263885498 34.7950668334961 34.7548141479492 34.6107864379883 34.4526290893555 34.0933647155762 33.845531463623 33.6422805786133 33.0830879211426 33.4210891723633 33.2883262634277 32.9018783569336 32.0616188049316 31.3145885467529 31.3257064819336 31.7424869537354 31.9680080413818 31.6145133972168 30.1596374511719 28.6458339691162 28.6138668060303 28.7368392944336 29.1116371154785 28.9855976104736 29.6466770172119 29.0830307006836 30.1389541625977 32.3974685668945 34.1530380249023
33.3948631286621 33.4928665161133 33.3215065002441 33.2038879394531 33.4742012023926 33.764949798584 34.0749015808105 34.2419891357422 34.3447303771973 34.4789733886719 34.5850830078125 34.511848449707 34.2530746459961 34.7394905090332 35.0447273254395 35.1258735656738 35.144962310791 35.0823974609375 34.9881858825684 34.9264984130859 34.8314895629883 34.7186431884766 34.6675872802734 33.9198608398438 33.5014228820801 33.4241676330566 33.547233581543 33.355094909668 33.1368942260742 32.5111808776855 30.969367980957 31.2465534210205 31.6498851776123 31.7473773956299 31.8883686065674 30.7777633666992 29.2224922180176 28.9676494598389 29.0109920501709 29.5106678009033 28.8540782928467 29.2553596496582 29.7692031860352 30.17751121521 31.3045101165771 32.7956237792969
33.2238349914551 33.2086372375488 33.2375526428223 33.1643753051758 33.0605354309082 33.1496887207031 33.7880172729492 33.9625396728516 34.1332168579102 34.1754417419434 34.4669151306152 34.6197090148926 34.3291091918945 34.6700744628906 34.9731101989746 35.0911140441895 35.1202812194824 35.0583915710449 35.0266494750977 34.9944381713867 34.918628692627 34.853645324707 34.7445297241211 34.1665420532227 33.1535873413086 33.3096084594727 33.5474014282227 33.2850799560547 33.2389144897461 33.0715713500977 32.0896797180176 31.7047290802002 31.276798248291 31.619270324707 31.8073501586914 31.2330131530762 29.9241065979004 30.2952651977539 29.6435928344727 30.5452651977539 29.8572788238525 30.0715885162354 30.2378196716309 30.3903713226318 30.3982849121094 30.1763362884521
33.7651176452637 32.9955215454102 32.9156036376953 32.867618560791 32.8528633117676 33.0245361328125 33.4359550476074 33.3986968994141 33.7273368835449 33.8071594238281 33.9263534545898 34.0312843322754 34.2825927734375 34.6533126831055 34.9089660644531 35.0754051208496 35.0812377929688 34.9531173706055 34.7463302612305 34.6428146362305 34.827018737793 34.6176605224609 34.6577262878418 34.5927429199219 34.0373916625977 33.9317169189453 33.9698333740234 33.7388534545898 33.5444183349609 33.2821273803711 32.4382400512695 32.0035781860352 31.1317615509033 31.639835357666 31.7106113433838 31.4366779327393 30.9148731231689 31.2139587402344 30.8970203399658 31.2186737060547 30.9049472808838 30.6627216339111 30.4980392456055 30.3249244689941 29.909538269043 29.6293487548828
34.6185684204102 33.6582450866699 32.7487487792969 32.5832366943359 32.7606468200684 33.0069923400879 32.947208404541 32.9640350341797 33.4000053405762 33.7860412597656 33.8945960998535 33.8967628479004 34.2030372619629 34.6042633056641 34.9240570068359 35.0273475646973 35.0562934875488 34.9881172180176 34.7935905456543 34.529613494873 34.6355895996094 34.5880279541016 34.5050086975098 34.6852798461914 34.5649032592773 34.4467735290527 34.1068382263184 33.8756980895996 33.7799301147461 33.4285659790039 32.9527206420898 32.3927726745605 31.3273677825928 31.536449432373 31.5154151916504 31.6066131591797 31.5038871765137 31.4852886199951 31.3570117950439 31.1425476074219 30.1552410125732 29.9593563079834 30.2256736755371 29.9167766571045 29.7626628875732 29.3398990631104
34.9355697631836 34.3353614807129 33.3174896240234 32.6271095275879 32.6275596618652 32.6326942443848 32.688835144043 33.1331062316895 33.4443588256836 33.3339309692383 34.1195678710938 34.4285011291504 34.5814666748047 34.7255363464355 34.8662490844727 34.9896278381348 35.0164184570312 34.9699172973633 34.8579330444336 34.6971054077148 34.5818786621094 34.513744354248 34.2975082397461 34.3640365600586 34.5893440246582 34.5850563049316 34.3231048583984 33.6631851196289 33.0554275512695 33.4059829711914 33.0441284179688 32.6775512695312 31.6822605133057 31.3248443603516 31.0771579742432 31.4716701507568 31.5897159576416 31.4797821044922 31.4414329528809 31.0659732818604 30.2114849090576 29.726749420166 29.9696445465088 29.5201435089111 29.4236278533936 29.3229217529297
34.918140411377 34.7248954772949 34.1859169006348 33.4335289001465 32.7910575866699 32.4358863830566 32.6548271179199 33.065055847168 33.1377410888672 33.5299835205078 34.2649574279785 34.576473236084 34.7516593933105 34.8974647521973 34.9392395019531 34.9876251220703 34.8581047058105 34.8900985717773 34.9141845703125 34.8309707641602 34.7062835693359 34.5242729187012 34.2925796508789 34.2051048278809 34.3562469482422 34.4224967956543 34.4896507263184 34.217342376709 33.8781890869141 33.7090530395508 33.0383796691895 32.8528327941895 31.8187408447266 31.321720123291 30.567102432251 31.1706848144531 31.3511123657227 31.3550319671631 31.4317073822021 31.2137203216553 30.5745868682861 30.3760967254639 30.2649307250977 30.0090866088867 29.6141815185547 29.4049129486084
34.8682289123535 34.8476371765137 34.5529518127441 33.7484741210938 33.0448455810547 32.7131538391113 32.6822967529297 32.803394317627 32.5173377990723 32.7259712219238 33.8030204772949 34.3233985900879 34.5630989074707 34.8354263305664 34.959285736084 34.9285507202148 34.8450775146484 34.8606147766113 34.8327560424805 34.8338470458984 34.7290687561035 34.6143493652344 34.4983825683594 34.2562255859375 34.1245193481445 34.0622520446777 34.0304718017578 34.1911849975586 33.9244537353516 34.0859336853027 34.1279449462891 33.1563606262207 32.424690246582 31.878137588501 31.2743244171143 31.450439453125 31.4126758575439 31.2070045471191 31.3956661224365 31.2847576141357 30.6777000427246 30.4877986907959 30.3568706512451 30.1371955871582 29.5312976837158 29.3041572570801
34.6442718505859 34.7591018676758 34.6022491455078 33.4232749938965 32.459041595459 32.4426727294922 32.5916328430176 32.4409980773926 32.1444435119629 32.3270149230957 33.7096519470215 34.3144912719727 34.6019058227539 34.8493614196777 34.8793983459473 34.8346099853516 34.8349533081055 34.7777214050293 34.7411346435547 34.7496643066406 34.776611328125 34.7234878540039 34.5375442504883 34.299488067627 34.0371398925781 33.8519744873047 33.8339614868164 33.7913284301758 33.797119140625 33.6807861328125 33.9316825866699 33.787670135498 33.0963020324707 32.3423652648926 31.8079929351807 32.2393379211426 32.189022064209 31.6070175170898 31.3738079071045 31.4699096679688 31.277624130249 30.9651489257812 30.586296081543 30.287618637085 29.8735599517822 29.398717880249
34.3898429870605 34.4942512512207 34.6507263183594 34.1378402709961 32.9251708984375 32.520092010498 32.9746360778809 32.3777008056641 32.2026214599609 32.3217086791992 33.6544990539551 34.4224128723145 34.7043991088867 34.8356246948242 34.7639007568359 34.6621475219727 34.669921875 34.7176284790039 34.6920433044434 34.5753479003906 34.6505088806152 34.7458724975586 34.5825996398926 34.4066390991211 34.177375793457 33.9901962280273 33.5698204040527 33.3477439880371 32.9256744384766 33.367073059082 33.173770904541 33.8662643432617 33.9345550537109 33.5172004699707 32.9176063537598 32.9698486328125 32.5249214172363 32.0974464416504 31.7245712280273 32.2024917602539 31.6937389373779 31.3650360107422 31.1787548065186 31.0144233703613 30.6772956848145 30.4995536804199
34.2289810180664 34.2090225219727 34.4557075500488 34.489917755127 33.9662551879883 33.692626953125 33.643196105957 33.2264213562012 32.9927673339844 33.0229873657227 33.2731399536133 33.7858734130859 34.5978698730469 34.7762680053711 34.643180847168 34.552375793457 34.556324005127 34.6340026855469 34.6013565063477 34.5361862182617 34.5773124694824 34.7179336547852 34.6715431213379 34.4647064208984 34.3432960510254 34.128547668457 33.738468170166 33.484001159668 32.9861869812012 33.2814598083496 32.517578125 33.0559616088867 33.3537330627441 33.3925895690918 33.5540618896484 33.4149436950684 33.0535163879395 32.8866348266602 32.3429870605469 31.7379093170166 31.6573524475098 31.7263259887695 31.4394302368164 31.2056503295898 31.2077007293701 31.035701751709
34.3293647766113 34.3371200561523 34.4195976257324 34.4759864807129 34.3508262634277 33.6356582641602 33.6654090881348 33.7593307495117 33.5117797851562 33.4765625 33.7975692749023 34.2527313232422 34.6581993103027 34.7581405639648 34.6529731750488 34.4467239379883 34.5271110534668 34.538200378418 34.3142471313477 34.3057403564453 34.4816780090332 34.5896148681641 34.6658592224121 34.5610694885254 34.4284934997559 34.2573432922363 34.0289916992188 33.7269668579102 33.5355567932129 33.3548011779785 32.8497772216797 32.4219551086426 32.5982246398926 32.5650100708008 33.1210632324219 32.7678985595703 33.108642578125 32.828800201416 32.4001388549805 31.9033813476562 31.6277332305908 31.3718318939209 30.7928218841553 30.0804824829102 30.7983093261719 31.0400047302246
34.4541664123535 34.4408226013184 34.4269142150879 34.4272575378418 34.2629013061523 33.3316497802734 33.100513458252 33.6370658874512 33.5193138122559 33.1526145935059 33.5173225402832 34.332160949707 34.663948059082 34.7145233154297 34.6260223388672 34.4183692932129 34.423282623291 34.1960144042969 33.906665802002 34.0911178588867 34.4615631103516 34.4876518249512 34.5967559814453 34.598991394043 34.4129829406738 34.3495140075684 34.1444206237793 33.8153953552246 33.7218284606934 33.4600105285645 32.9741477966309 32.1681632995605 31.8141498565674 31.9985733032227 32.5666542053223 32.7473907470703 32.3059120178223 31.8926296234131 32.1434097290039 32.0690765380859 31.6622486114502 31.3852863311768 30.7453651428223 29.75390625 30.3135738372803 30.7776393890381
34.5090141296387 34.475959777832 34.4402694702148 34.4181365966797 34.3872604370117 33.9964637756348 33.4754180908203 33.2002601623535 33.2225799560547 32.9823799133301 33.5714950561523 34.3349418640137 34.6257400512695 34.6524772644043 34.5651321411133 34.3617095947266 34.1804237365723 33.9577865600586 33.8372077941895 34.172966003418 34.338695526123 34.4326286315918 34.4031600952148 34.5350952148438 34.4769744873047 34.3825035095215 34.1930122375488 33.8859901428223 33.7533683776855 33.5279922485352 33.041187286377 32.808349609375 32.2670478820801 32.0487022399902 31.9927883148193 32.1844100952148 32.519847869873 32.3470573425293 31.9184379577637 31.6817779541016 31.4445247650146 31.2122573852539 30.9198360443115 30.5412178039551 29.7661571502686 30.1325302124023
34.548152923584 34.4969291687012 34.4594650268555 34.4606819152832 34.389217376709 34.152774810791 33.8335800170898 33.1604232788086 33.0463638305664 33.2836151123047 33.8502159118652 34.3655204772949 34.5642242431641 34.5702056884766 34.4306259155273 34.2490768432617 33.9134063720703 33.8367156982422 33.9830741882324 34.0331993103027 34.2206001281738 34.1698989868164 33.9707870483398 34.2836723327637 34.5079917907715 34.3779373168945 34.1347961425781 33.9707565307617 33.8232345581055 33.707820892334 33.4875106811523 33.2361335754395 32.8737831115723 32.8181037902832 32.4342575073242 32.0334625244141 32.1686897277832 32.2692794799805 31.999231338501 31.8253726959229 31.6646060943604 31.3883590698242 30.6571159362793 30.1979064941406 30.3640213012695 30.396728515625
34.552303314209 34.5732650756836 34.5281448364258 34.5003280639648 34.3831024169922 34.2690162658691 34.1608505249023 33.7507934570312 33.2136039733887 33.3422698974609 33.550853729248 33.9239463806152 34.276725769043 34.3471069335938 34.2914428710938 34.1416778564453 33.9134330749512 33.7795372009277 33.6632041931152 33.7302474975586 34.023567199707 34.048828125 33.7767486572266 34.2615165710449 34.522403717041 34.4051399230957 34.2294883728027 34.064022064209 33.9851989746094 33.8616371154785 33.7301139831543 33.484001159668 33.1083869934082 33.3669395446777 33.2196350097656 32.7787017822266 32.2474784851074 32.1220855712891 32.2782707214355 32.7866363525391 31.8900470733643 31.5722579956055 31.0945091247559 30.2714729309082 30.1950531005859 30.056209564209
