inst/extdata/Tmax/Tmax107.asc
NCOLS 100 
NROWS 79 
XLLCORNER 148.06 
YLLCORNER -21.49 
CELLSIZE 0.01 
NODATA_value -3.4e+38 
[rows 20 to 39 of 79, columns 0 to 45 of 100]
39.285011291503899 39.3050422668457 39.3009414672852 39.2620239257812 39.2726745605469 39.3755874633789 39.2860679626465 39.210693359375 39.1408386230469 39.0443344116211 38.8654823303223 38.4678115844727 38.0270195007324 37.3932762145996 36.0886306762695 35.6602516174316 35.5775108337402 36.547737121582 37.5513801574707 37.9523544311523 37.9566345214844 37.9526824951172 38.2566566467285 38.2682838439941 38.1131172180176 37.8346061706543 37.2480735778809 36.3834915161133 36.8741836547852 36.9239845275879 37.4686622619629 37.4630508422852 37.5793266296387 37.5343742370605 37.4836883544922 37.2481880187988 36.8748626708984 36.8647537231445 36.4302368164062 36.6476783752441 36.4395599365234 35.7679481506348 35.9678344726562 36.0034103393555 36.1010894775391 36.1174964904785
39.3536338806152 39.3970489501953 39.4047813415527 39.3647232055664 39.3634185791016 39.3556900024414 39.2146530151367 39.1347503662109 39.1058044433594 39.0375595092773 38.9123306274414 38.7329864501953 38.5048332214355 37.5889701843262 36.1053009033203 35.7826805114746 36.0088157653809 36.8179779052734 37.2992935180664 37.6486968994141 37.7580299377441 37.6603050231934 38.1482353210449 38.2644233703613 38.0707588195801 38.0721206665039 38.0191345214844 37.3038902282715 37.147388458252 37.6164360046387 37.712833404541 37.5948829650879 37.2788887023926 36.7139663696289 36.7192039489746 36.6863670349121 37.0797004699707 36.4299659729004 36.057731628418 36.3296203613281 35.9690132141113 36.0236511230469 35.7698173522949 34.9358177185059 35.2226676940918 35.8246421813965
39.4038429260254 39.434154510498 39.4391441345215 39.419563293457 39.3973388671875 39.358081817627 39.1781730651855 39.0547027587891 38.9976654052734 38.9612236022949 38.8449249267578 38.7653694152832 38.5919303894043 37.9965171813965 36.8997688293457 36.0679206848145 35.4114036560059 35.9101028442383 36.4700012207031 37.2478370666504 37.3469657897949 37.4489707946777 38.048885345459 37.8357696533203 37.4351959228516 37.767635345459 37.8108291625977 37.8787384033203 37.6026268005371 37.6259002685547 37.3674964904785 37.176139831543 36.6401748657227 36.3229331970215 36.0986518859863 36.2877349853516 36.2088165283203 35.684741973877 35.64892578125 35.5651969909668 35.2726631164551 34.55712890625 35.2804946899414 35.007080078125 34.0891990661621 35.3889389038086
39.4012145996094 39.416015625 39.430793762207 39.4177093505859 39.3741455078125 39.3591918945312 39.2763442993164 38.9906425476074 38.8834457397461 38.8967590332031 38.7188262939453 38.5271263122559 38.6183128356934 38.248104095459 37.4770050048828 36.7000122070312 35.8642272949219 35.573070526123 36.1705207824707 36.4738655090332 36.9947738647461 37.9365921020508 37.6896781921387 37.1011695861816 37.2320251464844 37.3599090576172 37.0470809936523 37.9298973083496 37.9395332336426 37.7968101501465 37.5718955993652 36.5421829223633 36.2254791259766 36.4032249450684 36.702220916748 36.2683906555176 35.4038124084473 34.8884887695312 35.5561943054199 35.0767211914062 34.3928413391113 33.019962310791 33.8190612792969 34.9234237670898 33.2248573303223 34.4718360900879
39.3508491516113 39.3921737670898 39.419563293457 39.3836364746094 39.3413467407227 39.3369293212891 39.325023651123 39.1517028808594 38.9778518676758 38.8087882995605 38.7038192749023 38.6539611816406 38.481086730957 38.1471366882324 37.401611328125 36.7146797180176 35.9597091674805 35.5948638916016 35.7942199707031 35.7909202575684 36.9634742736816 37.7478637695312 36.6853523254395 36.1573944091797 36.9327774047852 36.9026260375977 37.0557441711426 37.7456207275391 37.9597625732422 37.5920906066895 37.5277290344238 37.2937850952148 37.2555732727051 37.2964210510254 36.984188079834 36.6908264160156 36.3034133911133 35.2639656066895 35.0481872558594 34.8001174926758 33.1555099487305 32.5794105529785 33.0184020996094 34.7582359313965 32.8894920349121 33.2407989501953
39.309024810791 39.3141937255859 39.323112487793 39.294075012207 39.2988586425781 39.3008499145508 39.3134651184082 39.2650718688965 39.1152725219727 38.8779754638672 38.687183380127 38.5441856384277 38.3945045471191 37.9490623474121 37.5068778991699 36.9569816589355 36.3335876464844 35.9983596801758 36.4411697387695 37.1190299987793 37.0984230041504 36.9931106567383 36.5175437927246 35.2709083557129 35.7695732116699 36.5109481811523 36.6348457336426 37.7900199890137 37.950553894043 37.6017570495605 36.7751388549805 37.3262214660645 37.1906356811523 37.0623626708984 36.8007698059082 36.4970321655273 36.3689231872559 34.9878311157227 33.7632102966309 34.1508483886719 32.7574691772461 33.5572624206543 33.900390625 34.7619857788086 33.8028793334961 32.7681007385254
39.2041397094727 39.2164840698242 39.2222671508789 39.227912902832 39.2185363769531 39.2142639160156 39.2878150939941 39.2838973999023 39.148609161377 38.7443466186523 38.6366920471191 38.3691558837891 38.3589553833008 37.9896354675293 37.2528762817383 36.1935157775879 35.8012886047363 35.9983406066895 36.4636154174805 36.368766784668 36.5491676330566 37.4018745422363 37.2549095153809 35.7859764099121 35.3845176696777 36.2879981994629 37.0321426391602 37.8560829162598 37.9207153320312 37.7048530578613 36.9141464233398 36.5404968261719 37.255012512207 36.7482986450195 36.3299598693848 35.5490913391113 35.2704391479492 35.3708305358887 34.363208770752 33.1028518676758 32.7056655883789 33.0068092346191 32.917064666748 33.925220489502 33.0186080932617 32.384449005127
39.0567779541016 39.0638885498047 39.0947036743164 39.1381683349609 39.1553649902344 39.2064208984375 39.2838859558105 39.273998260498 39.1994934082031 39.0097503662109 38.772590637207 38.5064697265625 38.3846778869629 38.1872177124023 37.2841758728027 36.1532363891602 35.8154144287109 35.7719841003418 35.899528503418 35.8753700256348 36.9876670837402 37.5920906066895 37.0663375854492 36.2283477783203 35.6697692871094 35.8938064575195 35.9937210083008 37.4886741638184 37.8079605102539 37.6854438781738 36.9288520812988 36.8333854675293 37.0963478088379 36.3957290649414 35.7372741699219 35.1918678283691 34.308780670166 34.991039276123 34.8308944702148 33.0649909973145 32.6288185119629 32.8067359924316 32.7288970947266 33.3114471435547 32.7321319580078 32.4354629516602
38.5644836425781 38.5091896057129 38.7741851806641 39.0715751647949 39.1943817138672 39.2674942016602 39.2897415161133 39.2715148925781 39.1422653198242 39.0315704345703 38.8668174743652 38.3397026062012 38.4247016906738 38.2722930908203 37.7657661437988 36.5708122253418 35.8349189758301 35.329532623291 35.6441535949707 36.5182723999023 37.0101928710938 37.347469329834 36.5012321472168 35.788158416748 35.6041717529297 35.7454032897949 36.1494064331055 37.0141677856445 37.7212142944336 37.7683181762695 37.2740936279297 37.0114936828613 36.5976982116699 35.6197280883789 34.4952201843262 34.0834808349609 33.7609558105469 33.9609146118164 34.1106872558594 33.7198219299316 33.2021141052246 33.3165168762207 33.0536155700684 32.8375053405762 32.8485374450684 32.7829055786133
37.6844329833984 38.529956817627 38.855037689209 38.5942726135254 39.1322402954102 39.2712554931641 39.2845497131348 39.2656059265137 39.0625610351562 38.9133567810059 38.8983688354492 38.6306190490723 38.3928260803223 38.2572326660156 38.0046157836914 37.4973449707031 36.9357528686523 35.5775947570801 35.8975677490234 35.9745864868164 36.1239051818848 37.0389442443848 36.618953704834 35.8214912414551 35.6154747009277 35.4058456420898 35.3611373901367 36.9671096801758 37.7540893554688 37.815559387207 37.0376815795898 36.102855682373 35.8001976013184 35.4574089050293 35.1963272094727 34.2129364013672 34.1422233581543 33.7369613647461 33.3256378173828 33.5777168273926 35.3110008239746 35.3700714111328 34.301456451416 32.9000816345215 33.9224548339844 34.0237274169922
37.9746360778809 38.8297119140625 38.8574905395508 38.329761505127 39.0841102600098 39.2559127807617 39.2933540344238 39.2698097229004 39.207088470459 38.9811172485352 38.871208190918 38.7942771911621 38.6153869628906 38.4074745178223 38.1163864135742 37.5433769226074 36.7155952453613 36.2749214172363 35.8159408569336 36.0679550170898 36.1412658691406 36.567268371582 35.9630355834961 35.7899742126465 35.4862365722656 34.8562049865723 35.1236267089844 36.8582382202148 37.648681640625 37.6814346313477 37.6563186645508 37.4808120727539 36.4203720092773 35.5079879760742 35.4375190734863 34.9666595458984 35.0902786254883 34.9013633728027 34.4892082214355 34.9555015563965 36.3441314697266 36.3786926269531 35.9819259643555 35.4442024230957 35.3263702392578 34.7657585144043
38.7193756103516 38.9696044921875 39.0325813293457 39.0261497497559 39.1034774780273 39.2404365539551 39.2600059509277 39.2490615844727 39.1980094909668 39.1215591430664 38.9386253356934 38.8684501647949 38.7665519714355 38.5612907409668 38.2957458496094 37.818244934082 36.9726943969727 36.5569725036621 35.8576698303223 35.7448959350586 35.811336517334 36.239673614502 35.8660163879395 35.6068534851074 35.5409736633301 35.5657539367676 36.3330154418945 37.3556365966797 37.7023391723633 37.2123641967773 37.1229934692383 37.1182556152344 37.3057518005371 36.8259429931641 36.5599212646484 35.829288482666 36.7888565063477 36.6393508911133 36.6028785705566 36.6074104309082 36.385066986084 35.5258407592773 34.6280975341797 34.3116722106934 34.1778564453125 33.4590721130371
38.4366226196289 39.128604888916 39.1864776611328 39.1950798034668 39.1848258972168 39.1866722106934 39.1515197753906 39.1892509460449 39.1754035949707 39.1509056091309 39.0972938537598 38.9636497497559 38.780345916748 38.6181144714355 38.4256858825684 38.1780662536621 37.6980476379395 37.043830871582 36.302661895752 35.5983467102051 35.6228141784668 36.0617561340332 35.9357833862305 35.6550979614258 35.5103874206543 35.6617736816406 37.0247192382812 37.6963272094727 37.7517547607422 37.5757141113281 37.099853515625 36.5147590637207 37.165096282959 37.2577018737793 37.2843780517578 36.783317565918 37.1507873535156 36.8662796020508 36.733455657959 36.570426940918 35.4456520080566 34.0780792236328 32.8326835632324 33.1730613708496 33.0875282287598 32.1053009033203
38.2933502197266 38.9008331298828 38.7233428955078 38.6000862121582 38.7279586791992 39.0934982299805 39.0863494873047 39.1020240783691 39.1091957092285 39.0891609191895 39.0498313903809 39.0131568908691 38.8972663879395 38.7416229248047 38.5849075317383 38.3602523803711 37.923210144043 37.5140724182129 37.2423095703125 36.6201820373535 35.6844177246094 35.9083518981934 35.6834602355957 35.7504234313965 35.6263656616211 35.5952644348145 36.6020355224609 37.6558532714844 37.7231597900391 37.4120330810547 37.2739486694336 36.2526473999023 36.5221481323242 36.7523345947266 37.0237770080566 37.1294364929199 36.981502532959 36.8133087158203 36.4436111450195 36.485595703125 36.1758918762207 34.9893264770508 34.2165145874023 34.7379570007324 34.3131866455078 33.2024269104004
38.6196022033691 38.8792839050293 38.4807205200195 37.8178329467773 37.9217529296875 38.8506774902344 39.047248840332 39.0078506469727 39.0173377990723 39.0260353088379 38.9423866271973 38.9753608703613 38.9207344055176 38.8069229125977 38.6552429199219 38.4645462036133 38.1472320556641 37.496036529541 37.0923767089844 36.6353034973145 35.9639511108398 35.8694534301758 35.6840324401855 35.4699935913086 35.4334030151367 35.8037223815918 36.8814964294434 37.6220474243164 37.1363716125488 36.918041229248 37.012523651123 36.6615333557129 36.3493576049805 36.0266456604004 35.7635116577148 36.2239570617676 36.0308036804199 36.3332023620605 36.2491874694824 36.051628112793 35.796573638916 36.0783729553223 35.8428573608398 35.5372734069824 34.9656257629395 34.5059089660645
38.7431564331055 38.8242073059082 38.6347503662109 38.3237571716309 38.0202713012695 38.5634994506836 38.8543014526367 38.8722038269043 38.9128837585449 38.965633392334 38.9486961364746 38.9804153442383 38.9145278930664 38.8505401611328 38.6947288513184 38.4772796630859 38.2287178039551 38.0160331726074 37.6210823059082 36.9781074523926 36.5956420898438 36.3309936523438 35.8229179382324 35.1807060241699 35.3367233276367 35.5786094665527 36.9621963500977 37.4636993408203 35.6430244445801 35.2403793334961 35.861873626709 36.0635147094727 36.0138854980469 35.7989730834961 35.3235816955566 35.0697059631348 35.5723037719727 35.4113616943359 35.3741760253906 35.3202705383301 35.0606918334961 34.7538681030273 34.9935073852539 35.4370727539062 34.8353004455566 33.7450904846191
38.5997276306152 38.6160354614258 38.6430625915527 38.3675880432129 38.0869522094727 38.2709732055664 38.4792747497559 38.6697235107422 38.7744026184082 38.8906707763672 38.8667449951172 38.8525428771973 38.9314384460449 38.8579368591309 38.7343711853027 38.4623641967773 38.4243850708008 38.27294921875 38.0231742858887 37.641731262207 37.4917411804199 36.7017631530762 36.1069717407227 35.6353302001953 35.6277198791504 36.0028610229492 36.9905853271484 36.8907699584961 36.5979499816895 36.4888305664062 35.7334976196289 35.6594734191895 35.4682312011719 35.3223533630371 34.6077308654785 34.2009658813477 34.4033050537109 34.3453369140625 34.5721054077148 34.3702812194824 34.3537940979004 33.4326477050781 34.133903503418 34.9572906494141 34.723072052002 33.2948532104492
38.0392837524414 38.3559799194336 38.5667915344238 38.4594612121582 38.2574768066406 38.1250190734863 38.1030540466309 38.4707450866699 38.5790672302246 38.7480354309082 38.8252029418945 38.8128776550293 38.8666381835938 38.8769836425781 38.694995880127 38.5869255065918 38.4967231750488 38.3814163208008 38.2178153991699 38.0125846862793 37.8039779663086 37.0891990661621 35.9511375427246 36.0347633361816 35.3417549133301 35.915771484375 36.8427124023438 36.2919692993164 36.4709701538086 36.9184341430664 36.7967948913574 36.6290283203125 35.9696578979492 35.5452079772949 33.986385345459 32.7036514282227 32.742546081543 32.6286697387695 32.5882263183594 33.0603713989258 33.2229957580566 33.4061279296875 33.5971794128418 34.4529838562012 34.3083190917969 33.9188804626465
38.1608200073242 38.241584777832 38.3790321350098 38.3527679443359 38.3145446777344 38.0016670227051 37.7743453979492 37.5081977844238 38.1693649291992 38.6660003662109 38.7954406738281 38.827709197998 38.9006309509277 38.8916625976562 38.5835418701172 38.1763572692871 38.1828727722168 38.2366218566895 38.2756004333496 38.1480369567871 37.9990730285645 37.5811538696289 36.4734001159668 36.7710914611816 35.8100471496582 35.7997512817383 35.9332237243652 36.2459106445312 35.2043228149414 35.859432220459 35.4875335693359 35.5887832641602 36.801586151123 36.3764114379883 35.4298057556152 33.2006645202637 32.264778137207 32.2689247131348 31.5815505981445 32.0271987915039 32.6744766235352 32.6541976928711 32.7415885925293 34.1007957458496 33.6610069274902 33.129810333252
38.2303237915039 38.1378784179688 38.1960945129395 37.9958305358887 38.197093963623 38.1072807312012 37.8693466186523 37.6016082763672 37.7961883544922 38.4089088439941 38.6543426513672 38.8352928161621 38.8734970092773 38.8341331481934 38.769287109375 38.3600006103516 37.9629173278809 37.7627029418945 38.0263519287109 38.1437149047852 37.9973678588867 37.8401069641113 37.5116119384766 36.9312515258789 35.8582649230957 35.6396446228027 35.5796737670898 35.6710090637207 35.7174377441406 35.1838989257812 34.6076202392578 35.3728294372559 36.5471420288086 35.8144035339355 36.0224914550781 35.4859237670898 35.0489463806152 34.912899017334 33.9318084716797 32.8107070922852 33.533260345459 33.2032051086426 33.5952033996582 33.7771530151367 33.4741401672363 33.0017929077148
