inst/extdata/Tmax/Tmax76.asc
NCOLS 100 
NROWS 79 
XLLCORNER 148.06 
YLLCORNER -21.49 
CELLSIZE 0.01 
NODATA_value -3.4e+38 
[rows 0 to 19 of 79, columns 46 to 91 of 100]
42.4356079101562 42.2375526428223 42.1264305114746 42.1316566467285 42.1152648925781 41.9877586364746 42.2093124389648 42.0195960998535 41.8053283691406 41.6085472106934 41.5095367431641 41.2065200805664 41.0940742492676 41.3354721069336 41.6235084533691 41.521240234375 41.3746490478516 41.1776847839355 40.843677520752 40.6276397705078 40.4783172607422 -3.4e+38 -3.4e+38 -3.4e+38 -3.4e+38 -3.4e+38 -3.4e+38 -3.4e+38 -3.4e+38 -3.4e+38 -3.4e+38 -3.4e+38 -3.4e+38 -3.4e+38 -3.4e+38 -3.4e+38 -3.4e+38 -3.4e+38 -3.4e+38 -3.4e+38 -3.4e+38 -3.4e+38 -3.4e+38 -3.4e+38 -3.4e+38 -3.4e+38
42.3679618835449 42.0525550842285 41.7985343933105 42.0926933288574 42.2774543762207 42.284725189209 42.220344543457 42.1075210571289 41.7295837402344 41.2368545532227 41.3835067749023 40.7821006774902 41.3499870300293 41.6801147460938 41.6487731933594 41.5355606079102 41.4067420959473 41.2482032775879 41.0227928161621 40.9062538146973 40.7937889099121 40.6180229187012 -3.4e+38 -3.4e+38 -3.4e+38 -3.4e+38 -3.4e+38 -3.4e+38 -3.4e+38 -3.4e+38 -3.4e+38 -3.4e+38 -3.4e+38 -3.4e+38 -3.4e+38 -3.4e+38 -3.4e+38 -3.4e+38 -3.4e+38 -3.4e+38 -3.4e+38 -3.4e+38 -3.4e+38 -3.4e+38 -3.4e+38 -3.4e+38
42.2420539855957 41.3922691345215 40.4325714111328 42.0209465026855 42.2434463500977 42.2583389282227 42.2226028442383 42.161922454834 41.9066047668457 41.2450103759766 41.3458633422852 41.4959869384766 41.5762901306152 41.7346305847168 41.6889495849609 41.5703201293945 41.465892791748 41.3493194580078 41.2002487182617 40.9479866027832 40.9068870544434 40.6952781677246 40.4201164245605 40.0802955627441 -3.4e+38 -3.4e+38 -3.4e+38 -3.4e+38 -3.4e+38 -3.4e+38 -3.4e+38 -3.4e+38 -3.4e+38 -3.4e+38 -3.4e+38 -3.4e+38 -3.4e+38 -3.4e+38 -3.4e+38 -3.4e+38 -3.4e+38 -3.4e+38 -3.4e+38 -3.4e+38 -3.4e+38 -3.4e+38
41.7152328491211 41.7949981689453 40.5506629943848 41.8466644287109 42.0665092468262 42.1330375671387 42.1886672973633 42.0796394348145 41.9333076477051 41.561580657959 41.4401779174805 41.1496810913086 41.5346794128418 41.6714553833008 41.6903610229492 41.573860168457 41.5051918029785 41.4223480224609 41.2612533569336 40.8481712341309 40.6420860290527 40.6313591003418 40.5444984436035 40.4382019042969 40.235164642334 39.7506561279297 -3.4e+38 -3.4e+38 -3.4e+38 -3.4e+38 -3.4e+38 -3.4e+38 -3.4e+38 -3.4e+38 -3.4e+38 -3.4e+38 -3.4e+38 -3.4e+38 -3.4e+38 -3.4e+38 -3.4e+38 -3.4e+38 -3.4e+38 -3.4e+38 -3.4e+38 -3.4e+38
41.671443939209 41.7069244384766 40.3296279907227 40.6048049926758 41.5171775817871 42.0920181274414 42.1735038757324 42.016284942627 41.9820938110352 41.6298599243164 41.2935981750488 41.0745964050293 40.637092590332 41.3513031005859 41.6233215332031 41.5195350646973 41.5500106811523 41.4885635375977 41.2160530090332 40.37841796875 39.7989044189453 40.6045188903809 40.6760902404785 40.5891914367676 40.2991981506348 39.949779510498 -3.4e+38 -3.4e+38 -3.4e+38 -3.4e+38 -3.4e+38 -3.4e+38 -3.4e+38 -3.4e+38 -3.4e+38 -3.4e+38 -3.4e+38 -3.4e+38 -3.4e+38 -3.4e+38 -3.4e+38 -3.4e+38 -3.4e+38 -3.4e+38 -3.4e+38 -3.4e+38
40.6664085388184 41.5215110778809 39.7605476379395 39.0430564880371 41.0768623352051 42.144847869873 42.0597724914551 41.9948196411133 41.9319686889648 41.4748878479004 40.4296951293945 40.047435760498 40.424991607666 41.4682655334473 41.3573722839355 41.5310516357422 41.5768737792969 41.491870880127 41.3795433044434 40.6584663391113 39.8280372619629 39.8843765258789 40.4403533935547 40.4933166503906 40.4427833557129 40.3095512390137 -3.4e+38 -3.4e+38 -3.4e+38 -3.4e+38 -3.4e+38 -3.4e+38 -3.4e+38 -3.4e+38 -3.4e+38 -3.4e+38 -3.4e+38 -3.4e+38 -3.4e+38 -3.4e+38 -3.4e+38 -3.4e+38 -3.4e+38 -3.4e+38 -3.4e+38 -3.4e+38
39.6013069152832 41.4695587158203 40.757755279541 40.6679458618164 41.7783355712891 42.0743789672852 41.8687057495117 41.7426109313965 41.9092102050781 41.364444732666 40.5385246276855 40.5252304077148 41.2711601257324 41.4072227478027 40.368106842041 41.3516311645508 41.4116401672363 41.4068603515625 41.435432434082 41.1153259277344 40.6818161010742 40.3537216186523 40.5845947265625 40.2995338439941 40.5557670593262 40.5590324401855 40.4040222167969 40.0793266296387 -3.4e+38 -3.4e+38 -3.4e+38 -3.4e+38 -3.4e+38 -3.4e+38 -3.4e+38 -3.4e+38 -3.4e+38 -3.4e+38 -3.4e+38 -3.4e+38 -3.4e+38 -3.4e+38 -3.4e+38 -3.4e+38 -3.4e+38 -3.4e+38
38.6208419799805 41.4646873474121 41.9787521362305 41.7653846740723 40.6243782043457 40.9254913330078 41.6244926452637 41.791202545166 41.9623184204102 41.7470893859863 41.2942924499512 40.8152198791504 40.8403015136719 41.081127166748 40.5669059753418 41.3389358520508 40.5284996032715 40.4756202697754 41.2536392211914 41.3788795471191 41.1858749389648 40.8766021728516 40.7443313598633 40.7829704284668 40.7345123291016 40.672046661377 40.4456329345703 40.2571029663086 39.9250984191895 39.3576278686523 39.339183807373 -3.4e+38 -3.4e+38 -3.4e+38 -3.4e+38 -3.4e+38 -3.4e+38 -3.4e+38 -3.4e+38 -3.4e+38 -3.4e+38 -3.4e+38 -3.4e+38 -3.4e+38 -3.4e+38 -3.4e+38
38.5199012756348 40.8918762207031 41.9650001525879 41.8375396728516 40.864013671875 39.1513290405273 40.6966094970703 41.8618316650391 41.9394378662109 41.8064727783203 41.6249771118164 41.3237686157227 41.3390922546387 41.1361236572266 40.5397071838379 40.4508895874023 39.9638481140137 40.8243522644043 41.1539039611816 41.2203674316406 41.224178314209 40.8038864135742 40.3526802062988 39.9800834655762 40.7310523986816 40.7541694641113 40.5994033813477 40.4043655395508 40.2551574707031 39.6459121704102 39.4305648803711 39.5602226257324 -3.4e+38 -3.4e+38 -3.4e+38 -3.4e+38 -3.4e+38 -3.4e+38 -3.4e+38 -3.4e+38 -3.4e+38 -3.4e+38 -3.4e+38 -3.4e+38 -3.4e+38 -3.4e+38
39.5688781738281 40.8753471374512 41.7903251647949 41.7795867919922 41.748119354248 40.1812896728516 40.5208969116211 41.7281723022461 41.9193725585938 41.7803764343262 41.5486297607422 41.2547492980957 41.1077270507812 41.2242088317871 40.4662094116211 40.1100234985352 40.0117301940918 41.2718772888184 41.0886611938477 40.740650177002 41.1672210693359 41.0972862243652 40.864200592041 40.4675178527832 40.8947448730469 40.803638458252 40.6172714233398 40.6520729064941 40.4633674621582 40.1170082092285 39.571403503418 39.5674438476562 -3.4e+38 -3.4e+38 -3.4e+38 -3.4e+38 -3.4e+38 -3.4e+38 -3.4e+38 -3.4e+38 -3.4e+38 -3.4e+38 -3.4e+38 -3.4e+38 -3.4e+38 -3.4e+38
38.4628257751465 40.6651916503906 41.1128845214844 40.8670120239258 41.2724456787109 41.5811882019043 41.239803314209 41.7333641052246 41.8432388305664 41.7242546081543 41.5238876342773 41.3164825439453 41.0829620361328 41.4833526611328 41.3004989624023 41.1800498962402 41.2436065673828 41.4713363647461 41.4590530395508 40.8453941345215 40.3229446411133 41.0429840087891 41.2306594848633 40.6548042297363 40.6564712524414 40.4706420898438 40.4228897094727 40.7484703063965 40.5643844604492 40.2361869812012 -3.4e+38 -3.4e+38 -3.4e+38 -3.4e+38 -3.4e+38 -3.4e+38 -3.4e+38 -3.4e+38 -3.4e+38 -3.4e+38 -3.4e+38 -3.4e+38 -3.4e+38 -3.4e+38 -3.4e+38 -3.4e+38
37.6498794555664 38.8275947570801 39.2304840087891 38.9258193969727 40.164680480957 40.9565811157227 41.3809509277344 41.704517364502 41.701358795166 41.6022834777832 41.3872985839844 41.1741981506348 41.0028495788574 41.7099990844727 41.6947364807129 41.5214538574219 41.5268783569336 41.6234359741211 41.6628189086914 41.5443878173828 41.1132469177246 40.8561592102051 41.2691116333008 41.044075012207 40.7627258300781 40.8761215209961 40.8943824768066 40.5912246704102 40.4488372802734 40.2509002685547 -3.4e+38 -3.4e+38 -3.4e+38 -3.4e+38 -3.4e+38 -3.4e+38 -3.4e+38 -3.4e+38 -3.4e+38 -3.4e+38 -3.4e+38 -3.4e+38 -3.4e+38 -3.4e+38 -3.4e+38 -3.4e+38
37.6296463012695 36.4715309143066 35.8495254516602 35.9856719970703 38.5062599182129 39.1807518005371 40.660343170166 41.0858154296875 41.4588203430176 41.3294677734375 41.0740699768066 41.4572906494141 41.4600791931152 41.3404312133789 41.8414154052734 41.803394317627 41.7271270751953 41.732666015625 41.7416458129883 41.7155723571777 41.6553840637207 41.542537689209 41.3687019348145 41.2958641052246 40.9457015991211 41.0146484375 40.9778289794922 40.6591262817383 40.3445663452148 40.2050933837891 40.0385093688965 39.6654663085938 -3.4e+38 -3.4e+38 -3.4e+38 -3.4e+38 -3.4e+38 -3.4e+38 -3.4e+38 -3.4e+38 -3.4e+38 -3.4e+38 -3.4e+38 -3.4e+38 -3.4e+38 -3.4e+38
37.6205215454102 36.6929016113281 35.7860260009766 35.2835311889648 35.8641777038574 36.7607307434082 39.0728073120117 40.5409469604492 41.4070816040039 41.2066268920898 40.6209182739258 41.3308906555176 41.7087211608887 41.7608795166016 41.781379699707 41.7954635620117 41.8222007751465 41.8058395385742 41.7775230407715 41.7372627258301 41.6949882507324 41.5997276306152 41.505184173584 41.400634765625 41.1211700439453 41.1373329162598 41.0175590515137 40.771053314209 40.4792442321777 40.3849182128906 40.3013877868652 40.1143531799316 39.7616348266602 -3.4e+38 -3.4e+38 -3.4e+38 -3.4e+38 39.1622161865234 39.1806373596191 -3.4e+38 -3.4e+38 -3.4e+38 -3.4e+38 -3.4e+38 -3.4e+38 -3.4e+38
38.3170204162598 36.7847442626953 35.8962669372559 35.5441665649414 36.0765113830566 35.8533515930176 37.1368637084961 39.2466697692871 40.8443565368652 41.2965660095215 40.0106353759766 41.0100708007812 41.5255851745605 40.9969749450684 41.0975685119629 41.5640411376953 41.6804656982422 41.7590789794922 41.7006072998047 41.5530128479004 41.5913200378418 41.510440826416 41.5060234069824 41.4401054382324 41.343376159668 41.1650772094727 41.0344924926758 40.8636322021484 40.7013664245605 40.5898704528809 40.5309066772461 40.338134765625 39.901180267334 -3.4e+38 -3.4e+38 -3.4e+38 -3.4e+38 39.2745361328125 39.2047996520996 39.3536262512207 39.3140411376953 39.1115112304688 -3.4e+38 -3.4e+38 -3.4e+38 -3.4e+38
38.2520294189453 36.7390403747559 35.9479598999023 36.3869361877441 36.1899757385254 36.5921211242676 36.3461647033691 38.0175018310547 40.6056671142578 41.4614562988281 40.2518539428711 40.2105522155762 41.1641883850098 38.9976387023926 40.1880302429199 40.6283645629883 41.2671279907227 41.7060928344727 41.681468963623 41.574031829834 41.564136505127 41.5164604187012 41.5182838439941 41.4509010314941 41.3633346557617 41.0678405761719 41.0273971557617 40.9409828186035 40.8667984008789 40.8007202148438 40.6775512695312 40.4785346984863 40.2503280639648 -3.4e+38 -3.4e+38 39.9381523132324 39.6752166748047 39.3652038574219 39.2156524658203 38.9769744873047 39.0929679870605 39.2891464233398 -3.4e+38 -3.4e+38 -3.4e+38 -3.4e+38
36.6225814819336 35.4199104309082 35.3801956176758 36.6423225402832 37.0392646789551 36.9491004943848 36.4982528686523 36.8973579406738 39.7167015075684 41.2286376953125 41.2432708740234 40.2792472839355 40.8874053955078 39.2890319824219 39.3066101074219 39.3795700073242 40.906810760498 41.6762428283691 41.6863479614258 41.6988372802734 41.6950836181641 41.6065635681152 41.5418167114258 41.2638359069824 41.2575035095215 41.1106071472168 41.0793304443359 41.0581703186035 41.0094146728516 40.9040451049805 40.7827796936035 40.6296043395996 40.491039276123 -3.4e+38 40.2788314819336 40.2289047241211 40.1232147216797 -3.4e+38 39.3656196594238 -3.4e+38 39.0290794372559 -3.4e+38 -3.4e+38 -3.4e+38 -3.4e+38 -3.4e+38
36.5990524291992 35.2017974853516 34.5038070678711 37.0750465393066 37.3417015075684 36.6390037536621 36.2580947875977 36.3925704956055 38.1700019836426 40.881175994873 41.0087203979492 40.5162582397461 40.6561241149902 40.7872848510742 40.0180625915527 41.2900581359863 41.5491180419922 41.662410736084 41.6992149353027 41.67919921875 41.6696548461914 41.604923248291 41.5551872253418 41.4442024230957 41.4182395935059 41.3196640014648 41.2556610107422 41.1901435852051 41.0613975524902 41.0142135620117 40.9193840026855 40.8050422668457 40.7058334350586 40.6006164550781 40.5303726196289 40.4953842163086 40.2958030700684 -3.4e+38 -3.4e+38 -3.4e+38 -3.4e+38 -3.4e+38 -3.4e+38 39.2555999755859 -3.4e+38 -3.4e+38
38.6366424560547 38.2666130065918 35.9492683410645 37.5411796569824 36.0100326538086 36.0227546691895 36.447883605957 36.7502937316895 39.1697731018066 40.8143882751465 40.466667175293 39.7570648193359 40.7706146240234 41.244384765625 41.3613815307617 41.4203453063965 41.5537147521973 41.1850700378418 41.3579292297363 41.5390586853027 41.5091705322266 41.5265274047852 41.5285377502441 41.4857597351074 41.4433937072754 41.3719444274902 41.3208999633789 41.1588516235352 40.7778511047363 40.9072875976562 40.9982681274414 40.9417381286621 40.8682823181152 40.7571754455566 40.6956787109375 40.5894927978516 40.407772064209 40.2403221130371 40.085823059082 39.9894752502441 39.9583740234375 39.8159103393555 39.4911422729492 39.2387237548828 -3.4e+38 -3.4e+38
38.7172927856445 37.7178382873535 38.5127067565918 38.2998924255371 36.7185173034668 36.7621688842773 36.3779220581055 36.5922393798828 38.9033393859863 40.455810546875 40.9338684082031 40.6669502258301 41.0652618408203 41.3989601135254 41.2516136169434 41.0821800231934 41.3001823425293 40.9889297485352 40.8008193969727 40.9986724853516 41.3688201904297 41.4218254089355 41.4383430480957 41.4697799682617 41.4629936218262 41.4099578857422 41.3424415588379 41.1135101318359 40.8028945922852 41.0119934082031 40.9727592468262 41.0432395935059 40.9050750732422 40.8276748657227 40.766918182373 40.5978317260742 40.4808769226074 40.4019927978516 40.3368148803711 40.2792434692383 40.2177734375 40.0533981323242 39.6271591186523 39.1486968994141 39.1889038085938 -3.4e+38
