inst/extdata/Tmax/Tmax122.asc
NCOLS 100 
NROWS 79 
XLLCORNER 148.06 
YLLCORNER -21.49 
CELLSIZE 0.01 
NODATA_value -3.4e+38 
[rows 20 to 39 of 79, columns 46 to 91 of 100]
37.5316200256348 36.1714973449707 36.3065147399902 37.3442535400391 37.120418548584 36.6502838134766 36.4078140258789 35.4766082763672 36.8441543579102 37.8976516723633 38.6297721862793 38.2399482727051 38.1789588928223 38.6286506652832 38.3060989379883 38.0354690551758 38.223819732666 38.6386108398438 38.7181701660156 38.6753768920898 38.5690689086914 38.4309043884277 38.6092071533203 38.624870300293 38.5331993103027 38.4035339355469 38.2665557861328 38.2349433898926 38.1509284973145 37.8429679870605 37.8265075683594 37.9802780151367 37.8556365966797 37.6056137084961 37.5410423278809 37.4296379089355 37.2926712036133 37.2216339111328 37.1527786254883 37.087703704834 36.9640579223633 36.7011985778809 36.108154296875 35.8662719726562 35.9367332458496 35.8648223876953
37.7754707336426 36.1784057617188 35.2448577880859 36.5463638305664 36.415111541748 35.9551391601562 36.5875930786133 35.1035270690918 36.0345306396484 37.5626678466797 38.4387741088867 37.4409332275391 36.923885345459 38.2007904052734 37.3100624084473 36.9960746765137 37.5786437988281 38.5439338684082 38.507698059082 38.7966232299805 38.8175392150879 38.7692527770996 38.5613555908203 38.2444915771484 38.1887855529785 38.1808586120605 38.2562980651855 38.1812629699707 38.0595550537109 37.9461898803711 38.114574432373 38.1045837402344 38.0172233581543 37.6874885559082 37.6835403442383 37.5726318359375 37.4102249145508 37.3617324829102 37.3174057006836 37.2765426635742 37.0725898742676 36.8793983459473 36.6254119873047 36.3844223022461 36.2202033996582 36.1589851379395
38.255256652832 37.8635177612305 36.3929138183594 35.865234375 35.4679412841797 36.3103179931641 35.8231544494629 35.9852485656738 35.4853057861328 36.1736831665039 37.7989540100098 38.0504722595215 36.8995704650879 37.1525421142578 36.8583145141602 37.2171821594238 37.9330024719238 38.2038230895996 37.1730194091797 38.065486907959 38.6603126525879 38.6725921630859 38.1411094665527 37.4259414672852 37.8659362792969 37.7954559326172 38.2173271179199 38.3170280456543 38.0320320129395 38.1475486755371 38.2217178344727 38.2117576599121 38.1682739257812 38.0571403503418 37.913330078125 37.7019195556641 37.5058441162109 37.355110168457 37.3694686889648 37.3847694396973 37.2029304504395 37.0688934326172 36.7856979370117 36.6297492980957 36.4798469543457 36.5385398864746
37.8122138977051 37.6593818664551 37.1568946838379 36.5125122070312 35.332950592041 35.8661575317383 36.3361358642578 36.457088470459 36.2337226867676 35.8544464111328 36.8400840759277 36.7869873046875 37.4124603271484 36.1402053833008 36.7308158874512 37.7697372436523 37.7080764770508 37.9323768615723 36.9218978881836 38.4148826599121 38.973934173584 38.8395652770996 38.0410423278809 36.9880447387695 37.8612899780273 37.9443817138672 37.9821624755859 38.3046798706055 38.4130325317383 38.415828704834 38.3724937438965 38.3514823913574 38.2830696105957 38.1572456359863 38.0228958129883 37.836051940918 37.4574165344238 37.1398429870605 37.2080345153809 37.3539657592773 37.2526397705078 37.2282104492188 36.9696426391602 36.8998260498047 36.665657043457 36.6418380737305
36.3260765075684 37.3307762145996 37.5737609863281 37.3577346801758 36.5351371765137 36.0023384094238 35.9749603271484 35.6984252929688 36.363525390625 35.9098815917969 35.8681182861328 35.4698905944824 36.9115447998047 37.5064239501953 36.8661956787109 37.5847053527832 38.097827911377 38.5227470397949 38.2317123413086 39.0133438110352 38.9578895568848 38.7959175109863 38.2019424438477 37.4951782226562 38.0783195495605 38.2562217712402 37.9701843261719 38.0047912597656 38.048828125 38.4010620117188 38.2204208374023 38.4375534057617 38.2884483337402 38.2090110778809 38.092113494873 37.7658843994141 37.6522407531738 37.155704498291 36.8744239807129 37.1904182434082 37.2287368774414 37.2504615783691 37.0664672851562 37.0715103149414 37.0836067199707 36.9224739074707
35.1737785339355 35.9443550109863 36.9707221984863 36.8789405822754 36.1847038269043 35.5490226745605 35.2112617492676 34.7250823974609 35.6495399475098 36.1127471923828 35.6578521728516 35.8131637573242 36.8639106750488 38.2396011352539 37.8347930908203 37.8401069641113 37.9108543395996 38.9480895996094 38.9862174987793 38.9342918395996 38.8712310791016 38.578369140625 37.5583190917969 37.5512084960938 37.5791397094727 38.0505065917969 37.7891845703125 37.2576065063477 37.7207412719727 38.5170974731445 38.4215469360352 38.4710121154785 38.3927040100098 38.3241958618164 38.1737060546875 37.9993286132812 37.9732398986816 37.4563636779785 36.9889907836914 37.2026329040527 36.8893699645996 36.9488334655762 36.6807899475098 37.160831451416 37.1661033630371 37.0363578796387
35.0996131896973 34.948356628418 35.5028839111328 35.9930725097656 36.5161743164062 34.6815948486328 34.4387855529785 35.0903167724609 35.4713325500488 36.0387687683105 36.0168151855469 36.3159446716309 37.6172027587891 38.2363662719727 38.5586013793945 38.6508026123047 38.7289848327637 39.0983772277832 38.7676467895508 38.5920295715332 38.5638542175293 38.1637306213379 38.2771911621094 38.4553260803223 38.4226150512695 37.8815307617188 37.4967079162598 38.1977195739746 38.3650665283203 38.2949256896973 37.7990951538086 38.2868804931641 38.3674049377441 38.3892021179199 38.3375091552734 38.2140312194824 37.9201393127441 37.6088790893555 37.6209678649902 37.3803787231445 37.2225341796875 36.7398262023926 37.0870971679688 37.2115097045898 37.057861328125 36.8652534484863
35.266845703125 34.8274307250977 35.0530090332031 35.2290420532227 35.6471786499023 34.2448844909668 33.9896011352539 34.3067283630371 35.335823059082 35.9136238098145 35.4606895446777 35.8988647460938 36.5866813659668 37.443790435791 38.4397087097168 38.1547889709473 38.9689750671387 39.128833770752 38.5234909057617 37.9151229858398 38.3540000915527 38.4782829284668 38.6977500915527 38.8408164978027 38.8874893188477 38.5067481994629 38.4660224914551 38.7089958190918 38.7217750549316 38.1266403198242 37.7154235839844 38.1124649047852 38.1581077575684 38.4414367675781 38.4369277954102 38.3408203125 38.1796760559082 37.9655380249023 37.6038017272949 36.9405937194824 36.6973495483398 36.5548667907715 36.5402069091797 37.0039367675781 36.9586067199707 37.1576538085938
36.0155448913574 35.6408004760742 36.2319221496582 36.0824966430664 35.740535736084 34.5658721923828 35.1792144775391 34.9451866149902 35.1716041564941 35.6267242431641 35.3643951416016 35.5631675720215 35.6464080810547 37.3341102600098 38.2040176391602 37.6412086486816 38.6989402770996 38.8993339538574 38.6103820800781 37.7319946289062 37.8648643493652 38.6804466247559 38.9608154296875 39.0212516784668 38.9995994567871 38.8733673095703 38.8475532531738 38.8994293212891 38.5637626647949 37.9598579406738 37.7959327697754 38.2893486022949 38.5769081115723 38.5662422180176 38.5208206176758 38.4512786865234 38.3704872131348 38.2189750671387 37.9808311462402 37.0361061096191 36.5180892944336 35.9136390686035 36.5283317565918 36.4475746154785 37.0790977478027 37.2639541625977
37.3402366638184 37.1941986083984 36.7006340026855 36.6282501220703 36.1815376281738 35.7478446960449 35.4853324890137 34.6508369445801 35.151782989502 34.7163963317871 34.282958984375 35.3323402404785 35.5814666748047 37.0331001281738 37.7316932678223 37.1331329345703 37.6266174316406 38.1488037109375 38.5256042480469 38.3869514465332 37.9980163574219 38.7239036560059 39.0596122741699 38.8662147521973 38.8083457946777 38.5114517211914 38.8025703430176 38.9568252563477 38.1921501159668 37.4743118286133 37.9454536437988 38.3624610900879 38.5981903076172 38.6220703125 38.593879699707 38.497673034668 38.4370269775391 38.3221206665039 38.1344146728516 37.7913131713867 37.1902656555176 36.7290916442871 36.3278656005859 36.1184463500977 36.7199478149414 37.0130844116211
36.4725761413574 36.4535331726074 36.455924987793 36.142879486084 35.7291145324707 35.8779945373535 35.1280784606934 34.6833419799805 34.238395690918 34.2882537841797 33.7680282592773 34.4956283569336 34.4662704467773 36.2297401428223 37.0013084411621 36.0534782409668 36.4523506164551 37.599536895752 38.5200691223145 38.9337959289551 38.4923362731934 38.948902130127 39.0754203796387 38.7209053039551 38.6695137023926 38.7236938476562 39.0510063171387 38.9962921142578 38.529411315918 37.955883026123 38.201602935791 38.3844261169434 38.6815490722656 38.6624069213867 38.5868377685547 38.5082054138184 38.4633369445801 38.3626365661621 38.2644424438477 38.0562133789062 37.7877998352051 37.2932548522949 36.9231643676758 36.823413848877 36.9302215576172 37.1670036315918
35.8927536010742 36.0882873535156 35.9746360778809 35.9163284301758 35.1580085754395 35.7776565551758 34.9704437255859 33.9193840026855 33.4031143188477 33.7008094787598 33.3953132629395 33.9315643310547 34.5525360107422 36.0339736938477 36.2548179626465 35.9248313903809 37.5299453735352 38.1910743713379 38.7159576416016 39.0687484741211 39.2389106750488 39.2470397949219 39.1651649475098 39.0579452514648 38.8479156494141 39.0341300964355 39.0978622436523 38.9724617004395 38.6339683532715 38.0777130126953 38.0963478088379 38.5247192382812 38.6555480957031 38.2511177062988 38.5024833679199 38.5377044677734 38.478385925293 38.4084320068359 38.3205451965332 38.1771583557129 37.8752632141113 37.2132759094238 37.4205627441406 37.3890609741211 37.2498474121094 37.1130256652832
35.3493118286133 35.5794982910156 35.4278678894043 35.6309776306152 35.6821975708008 35.6515731811523 35.3233451843262 34.382251739502 34.4388008117676 34.5007438659668 33.6271896362305 33.4405784606934 34.1997833251953 35.9980697631836 36.3881454467773 36.7583465576172 36.7774276733398 37.3869209289551 38.7143783569336 39.1585426330566 39.2631072998047 39.1900177001953 39.034797668457 38.9608192443848 39.0492706298828 39.0668411254883 39.0123672485352 38.6643600463867 37.86181640625 37.9702911376953 38.1843795776367 38.7845764160156 38.5347747802734 38.0424041748047 38.5483245849609 38.4409828186035 38.4222297668457 38.4123344421387 38.2824783325195 38.0037727355957 37.4678955078125 36.428596496582 36.1874389648438 36.9080963134766 37.1375350952148 37.2968673706055
35.9546813964844 35.5338325500488 35.3798713684082 35.4975357055664 35.5898056030273 35.4838218688965 35.0876502990723 34.752368927002 35.2091217041016 34.6155281066895 34.4674873352051 34.435474395752 35.0620422363281 35.9644241333008 36.066650390625 36.6159286499023 37.3503799438477 38.1665267944336 38.8186874389648 39.1226577758789 39.3424987792969 39.2892036437988 38.8564910888672 38.5910377502441 38.7438774108887 38.5860214233398 38.6371726989746 38.7366676330566 38.6132316589355 38.564868927002 38.7600784301758 38.9372520446777 38.407398223877 38.2994995117188 38.7155914306641 38.2622299194336 38.3206748962402 38.2370529174805 38.2441787719727 37.955020904541 36.7573127746582 36.1878433227539 35.7162017822266 36.9467010498047 37.3393516540527 37.1296310424805
36.3299713134766 35.3045120239258 35.244514465332 35.3175735473633 35.4120864868164 35.2644233703613 35.2604713439941 35.6952629089355 35.3763809204102 34.7244567871094 35.6214408874512 35.9723167419434 36.0978813171387 35.5653533935547 35.5599670410156 36.3702545166016 37.3434982299805 38.3041229248047 38.3374938964844 38.9178810119629 39.2433815002441 39.2274971008301 38.8107719421387 38.5821990966797 37.9496955871582 38.3205184936523 38.7104530334473 38.7992858886719 38.9526786804199 38.9259910583496 39.014347076416 38.934024810791 38.870662689209 38.8544960021973 38.7778511047363 38.5239753723145 37.7224426269531 38.1571235656738 38.2576599121094 38.167652130127 38.0669593811035 37.0048904418945 36.8250503540039 37.820182800293 37.9820251464844 37.8925094604492
36.3965682983398 35.5446815490723 35.2386169433594 35.1570625305176 35.3120651245117 35.124397277832 35.6640357971191 36.9877281188965 36.2509956359863 35.6640129089355 37.141918182373 37.6467819213867 37.3177909851074 35.7093048095703 36.0159530639648 36.0671691894531 37.5635795593262 37.5829086303711 37.4551963806152 38.1025009155273 38.9200859069824 39.0776062011719 38.7813949584961 38.7452545166016 38.6088104248047 38.2876968383789 38.3177185058594 38.4061965942383 38.9319267272949 38.8705215454102 38.8858337402344 38.6998481750488 38.8236618041992 38.9000701904297 38.6261978149414 38.5492477416992 37.9670448303223 38.0227928161621 38.1923179626465 38.0145835876465 38.2778511047363 38.2295570373535 38.103099822998 38.0862693786621 38.121768951416 37.958251953125
36.1808204650879 35.6125793457031 35.415641784668 35.5468826293945 35.4710464477539 35.5162773132324 35.8473243713379 37.5590057373047 37.679386138916 36.5782165527344 38.1067886352539 38.7937774658203 38.220832824707 37.250072479248 37.1637649536133 37.593132019043 38.0743408203125 38.385009765625 38.5831489562988 38.77587890625 38.9115600585938 38.6617546081543 37.6505470275879 37.8253784179688 38.1733360290527 37.8547706604004 37.9720077514648 38.6008529663086 38.8748817443848 39.0054893493652 38.0819129943848 38.0319671630859 38.6595306396484 38.8552398681641 38.4277648925781 38.3898773193359 37.7004203796387 38.076789855957 38.1928939819336 38.0303153991699 38.3348388671875 38.3533515930176 38.3244323730469 38.2745590209961 38.1828651428223 37.8731155395508
36.2220687866211 35.8645286560059 35.8069229125977 35.9122467041016 36.0502891540527 36.1297607421875 36.7752876281738 38.1342468261719 38.0142135620117 37.610523223877 38.6543655395508 39.4594421386719 38.805061340332 37.91552734375 37.4694976806641 38.7158012390137 38.9428215026855 39.0833473205566 39.2230453491211 39.2135581970215 38.8180351257324 38.5776710510254 38.6280517578125 38.1914024353027 38.3949012756348 38.7321395874023 38.8769073486328 38.9080276489258 39.044921875 38.9545593261719 37.6393165588379 38.1345367431641 38.7812385559082 38.6762046813965 38.2861289978027 38.1928596496582 38.0195960998535 38.3865089416504 38.3641166687012 38.3250274658203 38.2412643432617 38.3247146606445 38.3171806335449 38.2793197631836 38.1756782531738 38.0777816772461
36.2189598083496 35.9512596130371 36.3842582702637 36.9894485473633 37.0578308105469 37.4022674560547 38.2427787780762 38.6886825561523 38.1938629150391 38.460075378418 39.476390838623 39.878231048584 39.3824729919434 38.5905647277832 37.9873237609863 38.7265205383301 38.6911277770996 38.8728370666504 39.443115234375 39.5780258178711 39.2797088623047 38.9666633605957 39.2180862426758 39.0276145935059 38.8863754272461 39.2262191772461 39.1094856262207 39.0095443725586 39.1864852905273 38.9693756103516 38.4046211242676 38.7532424926758 38.8543167114258 38.5650062561035 37.7541084289551 37.6618499755859 37.8896141052246 38.4360656738281 38.1570320129395 38.0959358215332 38.0536766052246 38.2423973083496 38.1828269958496 38.1878852844238 38.0287246704102 38.0763931274414
36.2816619873047 36.4165458679199 37.3372993469238 37.9179573059082 38.4474716186523 39.1377029418945 39.5852699279785 39.0324668884277 37.522331237793 37.9901885986328 39.1003646850586 39.9301414489746 39.5376396179199 39.2372550964355 38.5394592285156 39.2189102172852 39.3170318603516 38.8059768676758 39.3919334411621 39.6480598449707 39.5544013977051 39.1622200012207 39.4099464416504 39.4624900817871 39.3024444580078 39.3268547058105 39.1410484313965 38.4783592224121 39.1112327575684 39.1874580383301 39.0608024597168 38.931022644043 38.6311073303223 38.3111114501953 37.6093139648438 37.5847091674805 38.1447792053223 38.0493125915527 37.8894424438477 37.6934013366699 37.7549514770508 37.9599151611328 37.7595672607422 38.006778717041 37.5934906005859 37.8491668701172
