inst/extdata/Tmax/Tmax142.asc
NCOLS 100 
NROWS 79 
XLLCORNER 148.06 
YLLCORNER -21.49 
CELLSIZE 0.01 
NODATA_value -3.4e+38 
[rows 0 to 19 of 79, columns 46 to 91 of 100]
39.395824432373 39.2355918884277 39.158317565918 39.1909408569336 39.2038917541504 39.1175880432129 39.3723182678223 39.222827911377 39.0512428283691 38.8970718383789 38.8591003417969 38.6141662597656 38.5481452941895 38.8134422302246 39.1281356811523 39.0992202758789 39.0111961364746 38.8805313110352 38.6269187927246 38.4918251037598 38.4294395446777 -3.4e+38 -3.4e+38 -3.4e+38 -3.4e+38 -3.4e+38 -3.4e+38 -3.4e+38 -3.4e+38 -3.4e+38 -3.4e+38 -3.4e+38 -3.4e+38 -3.4e+38 -3.4e+38 -3.4e+38 -3.4e+38 -3.4e+38 -3.4e+38 -3.4e+38 -3.4e+38 -3.4e+38 -3.4e+38 -3.4e+38 -3.4e+38 -3.4e+38
39.3424911499023 39.0722503662109 38.8620681762695 39.1636543273926 39.3656539916992 39.4056968688965 39.3899078369141 39.3119697570801 38.9869766235352 38.5624885559082 38.753849029541 38.2332077026367 38.7966003417969 39.1468276977539 39.1598320007324 39.1186065673828 39.044017791748 38.944408416748 38.7850952148438 38.7294044494629 38.6812133789062 38.5889282226562 -3.4e+38 -3.4e+38 -3.4e+38 -3.4e+38 -3.4e+38 -3.4e+38 -3.4e+38 -3.4e+38 -3.4e+38 -3.4e+38 -3.4e+38 -3.4e+38 -3.4e+38 -3.4e+38 -3.4e+38 -3.4e+38 -3.4e+38 -3.4e+38 -3.4e+38 -3.4e+38 -3.4e+38 -3.4e+38 -3.4e+38 -3.4e+38
39.2191047668457 38.4550247192383 37.6025505065918 39.0904846191406 39.3269996643066 39.3733329772949 39.3840141296387 39.3586311340332 39.1505546569824 38.5665855407715 38.7150993347168 38.8907356262207 39.0031280517578 39.191291809082 39.1886901855469 39.1397399902344 39.0850524902344 39.0198822021484 38.9250526428223 38.7328948974609 38.7463455200195 38.6316299438477 38.4525985717773 38.2276191711426 -3.4e+38 -3.4e+38 -3.4e+38 -3.4e+38 -3.4e+38 -3.4e+38 -3.4e+38 -3.4e+38 -3.4e+38 -3.4e+38 -3.4e+38 -3.4e+38 -3.4e+38 -3.4e+38 -3.4e+38 -3.4e+38 -3.4e+38 -3.4e+38 -3.4e+38 -3.4e+38 -3.4e+38 -3.4e+38
38.7563743591309 38.8556747436523 37.7363166809082 38.9553985595703 39.1877021789551 39.2839050292969 39.3837242126465 39.3121490478516 39.2064743041992 38.8909034729004 38.8320960998535 38.5961227416992 38.991153717041 39.1571846008301 39.213550567627 39.1642913818359 39.1395797729492 39.1021957397461 38.9904556274414 38.6464920043945 38.5117988586426 38.5751571655273 38.552921295166 38.5103988647461 38.3863258361816 38.0698547363281 -3.4e+38 -3.4e+38 -3.4e+38 -3.4e+38 -3.4e+38 -3.4e+38 -3.4e+38 -3.4e+38 -3.4e+38 -3.4e+38 -3.4e+38 -3.4e+38 -3.4e+38 -3.4e+38 -3.4e+38 -3.4e+38 -3.4e+38 -3.4e+38 -3.4e+38 -3.4e+38
38.7253532409668 38.7831878662109 37.5413284301758 37.8187217712402 38.6866874694824 39.2578353881836 39.3817367553711 39.2641906738281 39.2636985778809 38.9649314880371 38.7046546936035 38.5343284606934 38.1628265380859 38.8620147705078 39.1538925170898 39.1141204833984 39.18017578125 39.1593475341797 38.9436187744141 38.2061080932617 37.7193336486816 38.5323753356934 38.6460876464844 38.6135482788086 38.4208869934082 38.2191772460938 -3.4e+38 -3.4e+38 -3.4e+38 -3.4e+38 -3.4e+38 -3.4e+38 -3.4e+38 -3.4e+38 -3.4e+38 -3.4e+38 -3.4e+38 -3.4e+38 -3.4e+38 -3.4e+38 -3.4e+38 -3.4e+38 -3.4e+38 -3.4e+38 -3.4e+38 -3.4e+38
37.8083686828613 38.6204719543457 37.0298690795898 36.4910202026367 38.2909240722656 39.3199005126953 39.2859230041504 39.2550392150879 39.2268409729004 38.8294830322266 37.9129333496094 37.5920715332031 37.9724578857422 38.9766387939453 38.9069480895996 39.1261901855469 39.2043151855469 39.1624526977539 39.0975570678711 38.4635543823242 37.736385345459 37.8459358215332 38.4083480834961 38.516040802002 38.5330047607422 38.4991188049316 -3.4e+38 -3.4e+38 -3.4e+38 -3.4e+38 -3.4e+38 -3.4e+38 -3.4e+38 -3.4e+38 -3.4e+38 -3.4e+38 -3.4e+38 -3.4e+38 -3.4e+38 -3.4e+38 -3.4e+38 -3.4e+38 -3.4e+38 -3.4e+38 -3.4e+38 -3.4e+38
36.8428192138672 38.5843124389648 37.9535369873047 37.8976097106934 38.9536209106445 39.265079498291 39.1170997619629 39.0283203125 39.2154235839844 38.7355117797852 38.0205230712891 38.0390205383301 38.7641448974609 38.9240493774414 37.9882202148438 38.9588012695312 39.0515060424805 39.084602355957 39.1499481201172 38.8871765136719 38.5237274169922 38.2747039794922 38.538890838623 38.3239059448242 38.614933013916 38.6891479492188 38.597599029541 38.3827857971191 -3.4e+38 -3.4e+38 -3.4e+38 -3.4e+38 -3.4e+38 -3.4e+38 -3.4e+38 -3.4e+38 -3.4e+38 -3.4e+38 -3.4e+38 -3.4e+38 -3.4e+38 -3.4e+38 -3.4e+38 -3.4e+38 -3.4e+38 -3.4e+38
36.206127166748 38.5766296386719 39.0831718444824 38.9103469848633 37.8796043395996 38.1895179748535 38.8838500976562 39.0693283081055 39.2603378295898 39.0877723693848 38.715087890625 38.2993202209473 38.3532218933105 38.6087913513184 38.1607246398926 38.9371566772461 38.2143249511719 38.2002410888672 38.9636383056641 39.1169586181641 38.9791221618652 38.7480010986328 38.6682739257812 38.748363494873 38.7465782165527 38.7551460266113 38.6089210510254 38.5085296630859 38.2876853942871 37.8384170532227 37.8484535217285 -3.4e+38 -3.4e+38 -3.4e+38 -3.4e+38 -3.4e+38 -3.4e+38 -3.4e+38 -3.4e+38 -3.4e+38 -3.4e+38 -3.4e+38 -3.4e+38 -3.4e+38 -3.4e+38 -3.4e+38
36.170108795166 38.0765266418457 39.1010513305664 39.00830078125 38.1295051574707 36.6254081726074 38.0502471923828 39.1647033691406 39.2670440673828 39.1712455749512 39.0516510009766 38.7990570068359 38.8435287475586 38.6840553283691 38.1600456237793 38.1311073303223 37.7104988098145 38.5462532043457 38.8889541625977 38.9881248474121 39.0354042053223 38.6972923278809 38.3144836425781 38.0055465698242 38.7505531311035 38.8456115722656 38.7566833496094 38.6319999694824 38.5485725402832 38.0540504455566 37.9659118652344 38.1237564086914 -3.4e+38 -3.4e+38 -3.4e+38 -3.4e+38 -3.4e+38 -3.4e+38 -3.4e+38 -3.4e+38 -3.4e+38 -3.4e+38 -3.4e+38 -3.4e+38 -3.4e+38 -3.4e+38
36.8636703491211 38.0717735290527 38.9487495422363 38.9652481079102 38.9627342224121 37.5396614074707 37.8963928222656 39.0485954284668 39.2572174072266 39.155086517334 38.9874687194824 38.7410736083984 38.633186340332 38.7735824584961 38.0969886779785 37.817497253418 37.757194519043 38.9680519104004 38.8311309814453 38.5410690307617 38.9827919006348 38.9703483581543 38.7884368896484 38.4563865661621 38.901668548584 38.8842544555664 38.7565689086914 38.8350563049316 38.7202033996582 38.4843292236328 38.1096572875977 38.1443099975586 -3.4e+38 -3.4e+38 -3.4e+38 -3.4e+38 -3.4e+38 -3.4e+38 -3.4e+38 -3.4e+38 -3.4e+38 -3.4e+38 -3.4e+38 -3.4e+38 -3.4e+38 -3.4e+38
36.1553993225098 37.8879165649414 38.3279876708984 38.1256904602051 38.5287017822266 38.8485641479492 38.5730590820312 39.0628700256348 39.1943244934082 39.1105155944824 38.9717636108398 38.8062133789062 38.6176109313965 39.023998260498 38.8829956054688 38.8220825195312 38.9128532409668 39.1610946655273 39.1840133666992 38.6416778564453 38.1909713745117 38.9179916381836 39.131778717041 38.6317863464355 38.675048828125 38.5635795593262 38.5631408691406 38.9253311157227 38.8199234008789 38.596508026123 -3.4e+38 -3.4e+38 -3.4e+38 -3.4e+38 -3.4e+38 -3.4e+38 -3.4e+38 -3.4e+38 -3.4e+38 -3.4e+38 -3.4e+38 -3.4e+38 -3.4e+38 -3.4e+38 -3.4e+38 -3.4e+38
35.6323089599609 36.4137306213379 36.6855812072754 36.4943389892578 37.5105133056641 38.2753524780273 38.7142677307129 39.0449600219727 39.0694007873535 39.0039443969727 38.851734161377 38.6810760498047 38.5500068664551 39.2445640563965 39.2602691650391 39.148509979248 39.186107635498 39.3101081848145 39.3803329467773 39.3016738891602 38.9336433410645 38.7444076538086 39.1702270507812 38.9967269897461 38.7734222412109 38.9484901428223 39.0164489746094 38.7901191711426 38.7229499816895 38.6174812316895 -3.4e+38 -3.4e+38 -3.4e+38 -3.4e+38 -3.4e+38 -3.4e+38 -3.4e+38 -3.4e+38 -3.4e+38 -3.4e+38 -3.4e+38 -3.4e+38 -3.4e+38 -3.4e+38 -3.4e+38 -3.4e+38
35.6196060180664 34.8553009033203 34.3801651000977 34.5008964538574 36.2285652160645 36.6873016357422 38.0362701416016 38.4590873718262 38.8352088928223 38.7416152954102 38.5519371032715 38.9402961730957 38.9718627929688 38.8883857727051 39.3904647827148 39.4074058532715 39.3669738769531 39.4039344787598 39.4441680908203 39.451301574707 39.4335556030273 39.3792419433594 39.2533187866211 39.226146697998 38.9410400390625 39.0731582641602 39.0881195068359 38.8446311950684 38.6122283935547 38.5531578063965 38.4869155883789 38.2433700561523 -3.4e+38 -3.4e+38 -3.4e+38 -3.4e+38 -3.4e+38 -3.4e+38 -3.4e+38 -3.4e+38 -3.4e+38 -3.4e+38 -3.4e+38 -3.4e+38 -3.4e+38 -3.4e+38
35.64404296875 35.0331687927246 34.3370552062988 33.9273948669434 34.4175033569336 35.1083183288574 36.6701545715332 37.9780883789062 38.8149299621582 38.6544914245605 38.1552124023438 38.848518371582 39.2328643798828 39.3111953735352 39.3609008789062 39.4262809753418 39.4822616577148 39.4975128173828 39.5014572143555 39.496654510498 39.4972229003906 39.4616508483887 39.4114990234375 39.3534927368164 39.13330078125 39.2141036987305 39.1489334106445 38.968433380127 38.7502937316895 38.7190818786621 38.7047805786133 38.6046752929688 38.3647880554199 -3.4e+38 -3.4e+38 -3.4e+38 -3.4e+38 37.9848480224609 38.0231781005859 -3.4e+38 -3.4e+38 -3.4e+38 -3.4e+38 -3.4e+38 -3.4e+38 -3.4e+38
36.1163558959961 35.1058082580566 34.4192237854004 34.134708404541 34.5842819213867 34.4118270874023 35.3917846679688 36.808910369873 38.2968101501465 38.7477874755859 37.5924301147461 38.5549163818359 39.0681762695312 38.5998764038086 38.7238464355469 39.2147941589355 39.3546180725098 39.4589500427246 39.4379463195801 39.333667755127 39.4103584289551 39.3877258300781 39.4214286804199 39.3985252380371 39.3482475280762 39.2442283630371 39.1658477783203 39.0516014099121 38.9465675354004 38.889518737793 38.8836441040039 38.7821273803711 38.4624519348145 -3.4e+38 -3.4e+38 -3.4e+38 -3.4e+38 38.1021537780762 38.0595893859863 38.2170486450195 38.222770690918 38.0583076477051 -3.4e+38 -3.4e+38 -3.4e+38 -3.4e+38
36.0860443115234 35.0866508483887 34.4530754089355 34.824462890625 34.6692314147949 35.0155487060547 34.834545135498 36.0016899108887 38.0821876525879 38.9117088317871 37.824836730957 37.8131790161133 38.736457824707 36.732780456543 37.8757781982422 38.3397560119629 38.9730491638184 39.4205055236816 39.4309539794922 39.3639640808105 39.3945541381836 39.4024467468262 39.4408416748047 39.415168762207 39.3714637756348 39.1555633544922 39.1582908630371 39.1185264587402 39.090446472168 39.0687522888184 39.0099182128906 38.8999328613281 38.7513313293457 -3.4e+38 -3.4e+38 38.5921630859375 38.4154319763184 38.199291229248 38.0837326049805 37.8857460021973 38.0347557067871 38.2351570129395 -3.4e+38 -3.4e+38 -3.4e+38 -3.4e+38
34.9873008728027 33.9989967346191 33.9731826782227 35.0271224975586 35.3190040588379 35.2695999145508 34.9516487121582 35.2598495483398 37.2593536376953 38.701343536377 38.7637786865234 37.8854370117188 38.4843292236328 37.0098037719727 37.0541191101074 37.1741027832031 38.6443367004395 39.4033622741699 39.4459686279297 39.4915046691895 39.5269737243652 39.4950904846191 39.4697265625 39.2447357177734 39.2757606506348 39.1967468261719 39.2051734924316 39.2230491638184 39.2142715454102 39.1611709594727 39.100700378418 39.023551940918 38.942066192627 -3.4e+38 38.8214149475098 38.8200950622559 38.7596702575684 -3.4e+38 38.2350883483887 -3.4e+38 37.9904174804688 -3.4e+38 -3.4e+38 -3.4e+38 -3.4e+38 -3.4e+38
34.9463272094727 33.7959098815918 33.2211647033691 35.3373107910156 35.5228500366211 35.0233345031738 34.7301750183105 34.850025177002 36.1268920898438 38.3689308166504 38.5372619628906 38.1011276245117 38.259895324707 38.4130706787109 37.7185821533203 38.9704170227051 39.2467346191406 39.3857345581055 39.4530181884766 39.4670448303223 39.4962615966797 39.4860343933105 39.4736404418945 39.4041290283203 39.4148635864258 39.3790893554688 39.3543090820312 39.3283233642578 39.2488441467285 39.2462730407715 39.2050170898438 39.1561508178711 39.102970123291 39.0397987365723 39.0041389465332 39.0186882019043 38.888729095459 -3.4e+38 -3.4e+38 -3.4e+38 -3.4e+38 -3.4e+38 -3.4e+38 38.2610130310059 -3.4e+38 -3.4e+38
36.3882942199707 36.1503982543945 34.4341163635254 35.6806106567383 34.4993896484375 34.5223808288574 34.898078918457 35.1574440002441 36.8302955627441 38.3342552185059 38.0551490783691 37.4157600402832 38.3980140686035 38.8745155334473 39.0152053833008 39.1231880187988 39.2803764343262 38.9634170532227 39.1586647033691 39.3621978759766 39.3715858459473 39.437858581543 39.4730110168457 39.4662551879883 39.4600296020508 39.4480438232422 39.4345245361328 39.3203201293945 39.0016479492188 39.1619606018066 39.289363861084 39.2898597717285 39.2553253173828 39.1828994750977 39.1529769897461 39.113655090332 38.9970550537109 38.8952102661133 38.8005752563477 38.7486953735352 38.7615737915039 38.6736602783203 38.4489135742188 38.2794075012207 -3.4e+38 -3.4e+38
36.4554443359375 35.7971839904785 36.3347358703613 36.2004928588867 35.0786476135254 35.1276168823242 34.8315124511719 35.0175590515137 36.6642417907715 38.0065956115723 38.5060005187988 38.2824974060059 38.6869888305664 39.0315589904785 38.9219284057617 38.8135375976562 39.0502281188965 38.7868499755859 38.6402282714844 38.8592872619629 39.2459487915039 39.3451652526855 39.3929405212402 39.4549789428711 39.4808349609375 39.485954284668 39.4580192565918 39.2790298461914 39.0236701965332 39.2557144165039 39.2585639953613 39.3741836547852 39.2766914367676 39.2332534790039 39.2052536010742 39.1134300231934 39.0492935180664 39.0181465148926 38.9947624206543 38.9727439880371 38.9625701904297 38.8557052612305 38.5443992614746 38.2117500305176 38.2691078186035 -3.4e+38
