inst/extdata/Tmax/Tmax154.asc
NCOLS 100 
NROWS 79 
XLLCORNER 148.06 
YLLCORNER -21.49 
CELLSIZE 0.01 
NODATA_value -3.4e+38 
[rows 40 to 59 of 79, columns 46 to 91 of 100]
36.0459518432617 37.0744209289551 37.5041694641113 38.40771484375 40.031665802002 40.9990615844727 40.5042190551758 38.5545692443848 38.1500816345215 38.8185157775879 39.3280410766602 41.0495071411133 40.6393699645996 40.8287544250488 39.9680595397949 40.9680290222168 41.1294479370117 40.8142471313477 40.8879013061523 40.9617385864258 40.9592666625977 40.0122833251953 40.3747901916504 40.6675300598145 40.7309226989746 40.7754554748535 40.6507339477539 40.2476081848145 40.4053764343262 40.5732002258301 40.5195579528809 40.3440628051758 39.9991416931152 38.7497596740723 38.9917869567871 39.6444473266602 39.5286903381348 39.4109039306641 39.6192779541016 39.0559120178223 38.3373374938965 38.7710151672363 39.0505485534668 38.8268852233887 39.0560836791992 39.0817184448242
37.4740982055664 38.6833000183105 38.5716133117676 38.5013160705566 40.075309753418 41.295352935791 40.1333427429199 39.7063598632812 40.2761611938477 40.3316459655762 40.6803321838379 41.3513641357422 41.207763671875 41.1957702636719 41.0204162597656 41.3170433044434 41.3288078308105 41.2346496582031 41.1636505126953 41.1567344665527 41.1217613220215 40.5839576721191 39.8688812255859 40.1935234069824 40.0894584655762 40.5588417053223 40.8336181640625 40.3418807983398 40.3026504516602 40.6576080322266 40.6724014282227 40.5651016235352 40.3729057312012 39.7506980895996 39.9589500427246 39.9832954406738 39.7482757568359 39.7142372131348 39.7866134643555 39.8798141479492 38.9320106506348 39.123477935791 39.6896133422852 39.4702682495117 39.5714912414551 39.494514465332
39.9870147705078 40.1394195556641 40.2936630249023 40.7467308044434 41.0485076904297 41.5121536254883 41.0605964660645 40.4970207214355 40.983528137207 41.3557968139648 41.2554969787598 41.5406188964844 41.5457000732422 41.4379539489746 41.381649017334 41.4506874084473 41.4331550598145 41.3810729980469 41.32080078125 41.281307220459 41.1760940551758 40.2375793457031 40.0146026611328 40.4750137329102 39.9406547546387 40.3651962280273 40.7686576843262 40.6434440612793 40.5584259033203 40.7762565612793 40.7782745361328 40.7431678771973 40.6740264892578 40.5321235656738 40.4047660827637 40.0662307739258 39.1503562927246 39.697868347168 40.1880111694336 40.1515350341797 40.0063667297363 39.9182319641113 40.0021781921387 40.0044479370117 40.0119094848633 39.9374237060547
41.237133026123 41.2265625 41.3269500732422 41.4416313171387 41.6458740234375 41.7042274475098 41.5906944274902 41.3279457092285 41.4695014953613 41.6567077636719 41.6394882202148 41.6594390869141 41.6085472106934 41.5421409606934 41.5322113037109 41.4887542724609 41.395133972168 41.3418426513672 41.343692779541 41.342845916748 41.2810554504395 41.0201301574707 40.7437057495117 40.884220123291 40.7231941223145 40.2737922668457 40.5246467590332 40.7581176757812 40.8775215148926 40.8679084777832 40.8432235717773 40.8050918579102 40.7450637817383 40.6728782653809 40.6349029541016 40.4722099304199 39.973072052002 40.2449531555176 40.388786315918 40.3405265808105 40.2870063781738 40.252067565918 40.2055015563965 40.1887435913086 40.1613540649414 40.1082878112793
41.0653190612793 41.3061370849609 41.53857421875 41.5155487060547 41.5402565002441 41.6422004699707 41.6631889343262 41.7015075683594 41.6987838745117 41.6120338439941 41.3876876831055 41.4654769897461 41.3597793579102 41.0718383789062 41.2219352722168 41.337215423584 41.1955871582031 41.2744560241699 41.3356285095215 41.3516006469727 41.3456420898438 41.1888885498047 40.8514366149902 40.5693435668945 40.7586288452148 40.9098091125488 40.9254951477051 40.9356155395508 40.9111518859863 40.9108238220215 40.8720436096191 40.8301734924316 40.7555541992188 40.6834335327148 40.6777572631836 40.6003074645996 40.5467948913574 40.508846282959 40.4197196960449 40.3870544433594 40.3425750732422 40.2963905334473 40.2660903930664 40.2197303771973 40.0941619873047 40.0989723205566
39.2159423828125 40.0057792663574 40.4130249023438 40.6043968200684 40.9497489929199 41.2663993835449 41.1808738708496 41.3510208129883 41.3181190490723 41.1247329711914 40.3375091552734 40.3229522705078 40.3719482421875 38.8369064331055 39.7769508361816 40.5308227539062 41.0448760986328 41.3426132202148 41.3985557556152 41.3892250061035 41.3757476806641 41.1720886230469 40.7133331298828 40.3213729858398 40.5557632446289 40.796459197998 40.8918685913086 40.8468742370605 40.8781814575195 40.9152221679688 40.894889831543 40.8593788146973 40.8063087463379 40.7636260986328 40.6977119445801 40.5816230773926 40.5374069213867 40.4962043762207 40.4340171813965 40.3923950195312 40.3421516418457 40.2999229431152 40.2563323974609 40.1727600097656 40.1327018737793 40.133674621582
36.6256294250488 37.9986801147461 37.8722152709961 37.8160095214844 39.1992454528809 39.7355461120605 39.831615447998 40.072338104248 40.5067596435547 39.8463592529297 39.141357421875 38.5181999206543 39.1751747131348 39.0163078308105 39.441535949707 40.588794708252 41.2387351989746 41.3939170837402 41.3939094543457 41.3410873413086 41.3667221069336 41.3500289916992 40.9047470092773 40.5300140380859 40.3883972167969 40.6379165649414 40.8115577697754 40.890567779541 40.9575004577637 40.9421768188477 40.937557220459 40.9119415283203 40.8688087463379 40.8044471740723 40.6911201477051 40.6105041503906 40.5715141296387 40.5332450866699 40.4849853515625 40.4366149902344 40.3854103088379 40.3472785949707 40.3102645874023 40.2442359924316 40.2032814025879 40.072940826416
36.7634582519531 36.6678047180176 36.4324951171875 36.500415802002 36.4154243469238 37.2653923034668 38.5900688171387 39.2541847229004 39.4148139953613 39.2561569213867 39.7871551513672 39.5863609313965 39.393440246582 39.9552764892578 40.2216491699219 41.0775871276855 41.2987594604492 41.2930793762207 41.1980400085449 41.2850227355957 41.381462097168 41.4000701904297 41.2266464233398 40.8904800415039 40.4486999511719 40.6946182250977 40.852954864502 40.979907989502 41.0155563354492 41.0177879333496 41.003791809082 40.9528274536133 40.8545989990234 40.7470626831055 40.6524963378906 40.6059684753418 40.5842819213867 40.5653839111328 40.5221786499023 40.4745597839355 40.4370460510254 40.4054145812988 40.3648872375488 40.309944152832 40.0810089111328 39.8487129211426
36.316104888916 36.4148941040039 36.6530723571777 36.3141250610352 36.1914710998535 36.3006858825684 37.2454528808594 38.9817161560059 39.5142593383789 39.6686630249023 39.4818801879883 39.6446075439453 39.9133682250977 40.1779403686523 40.2061538696289 40.7215805053711 41.0669631958008 41.0336990356445 40.9941940307617 41.2589721679688 41.34326171875 41.3293685913086 41.3796882629395 41.2650566101074 41.1188850402832 41.0658416748047 41.1182250976562 41.1507186889648 41.1236000061035 41.0918197631836 41.040397644043 40.9417457580566 40.8253173828125 40.6636734008789 40.5899696350098 40.6245498657227 40.6009063720703 40.5856857299805 40.5689811706543 40.5217056274414 40.4996490478516 40.4651985168457 40.4169616699219 40.3701171875 40.1856956481934 40.0329093933105
36.4029197692871 36.5862274169922 36.5984191894531 36.2080535888672 36.7503242492676 37.6748542785645 37.7727432250977 39.0843276977539 39.5550765991211 39.7380142211914 39.5273818969727 39.9864807128906 40.2397155761719 40.2136764526367 40.2746810913086 40.1538162231445 40.2212181091309 40.4233055114746 40.7623405456543 41.0810356140137 41.1573371887207 41.1427421569824 41.3479766845703 41.3623275756836 41.3457107543945 41.3034515380859 41.2445678710938 41.0443267822266 41.0719375610352 41.1050109863281 41.042839050293 40.8984375 40.8223648071289 40.5983009338379 40.5010986328125 40.6569023132324 40.6255989074707 40.5766334533691 40.6030426025391 40.5776634216309 40.5381736755371 40.5112495422363 40.4647598266602 40.4062423706055 40.3041305541992 40.2135314941406
36.4451637268066 36.2922859191895 36.5280799865723 36.1818809509277 36.9066162109375 38.1187744140625 38.4771423339844 39.0744781494141 39.7853622436523 40.2182464599609 40.2193908691406 40.3133087158203 40.3574142456055 40.3580703735352 40.3163604736328 40.2442474365234 40.2811126708984 39.9801330566406 39.5977172851562 40.7123565673828 40.5792388916016 40.9850311279297 41.2816390991211 41.3090934753418 41.3266868591309 41.2901229858398 41.1855163574219 40.9362487792969 41.049243927002 41.1172866821289 40.9312896728516 40.7354621887207 40.7181587219238 40.6658630371094 40.6651420593262 40.7246360778809 40.6997985839844 40.6537055969238 40.6203460693359 40.6227607727051 40.5998344421387 40.5519599914551 40.4976577758789 40.4347267150879 40.3645858764648 40.255443572998
35.9409217834473 35.8948860168457 36.3238792419434 35.5768966674805 35.7375068664551 37.9980316162109 38.8091926574707 39.4545822143555 39.7818603515625 40.0466766357422 40.0934524536133 40.0705184936523 39.8389282226562 39.8114852905273 40.0562591552734 40.1723747253418 40.4820518493652 40.3783378601074 40.1623497009277 40.1754531860352 39.9962539672852 40.7598342895508 41.1344757080078 41.2763252258301 41.2523956298828 41.2467498779297 40.8680763244629 40.4715461730957 41.0359039306641 41.1342353820801 40.8367576599121 40.5088729858398 40.7249755859375 40.7414588928223 40.7390594482422 40.6878509521484 40.6532020568848 40.625244140625 40.615406036377 40.5736465454102 40.5649871826172 40.5672836303711 40.5245819091797 40.4645462036133 40.398193359375 40.3090629577637
35.509464263916 35.3237800598145 35.8607444763184 35.7024536132812 35.789436340332 36.9399719238281 38.0688934326172 38.7605934143066 39.2499961853027 39.6051330566406 39.5354614257812 39.4345092773438 39.4745864868164 39.7413711547852 40.4689178466797 40.5574378967285 40.7141723632812 40.586986541748 40.4747619628906 40.2754135131836 40.0098304748535 40.6515731811523 41.0681648254395 41.2289505004883 41.1367797851562 41.2080307006836 40.7943534851074 39.8385581970215 40.8017539978027 41.1265258789062 40.8339958190918 40.569149017334 40.7361450195312 40.6457786560059 40.5464897155762 40.5544013977051 40.5722885131836 40.4781379699707 40.3697776794434 40.323616027832 40.4168357849121 40.4772033691406 40.5339508056641 40.4862518310547 40.4234848022461 40.3572540283203
36.8104019165039 35.5847320556641 35.6983184814453 36.152774810791 36.5761222839355 37.7876129150391 37.8472671508789 38.68603515625 39.5132446289062 39.8368339538574 40.1863555908203 40.2672538757324 40.3757629394531 40.5771751403809 40.7392921447754 40.7663383483887 40.6870994567871 40.7332572937012 40.6693534851074 40.403491973877 40.1795196533203 40.1817245483398 40.6856117248535 40.8852500915527 40.7803192138672 41.1856727600098 41.0497856140137 40.3783798217773 40.8868751525879 41.1210060119629 40.8727722167969 40.6611595153809 40.5457344055176 40.1825561523438 40.340015411377 40.2594413757324 40.237735748291 39.792839050293 39.8640289306641 38.8274040222168 40.1512603759766 40.3760032653809 40.5248718261719 40.5031623840332 40.4463157653809 40.3811073303223
37.6252593994141 36.4420280456543 35.8039436340332 36.729663848877 37.4617614746094 38.2766571044922 38.3417701721191 38.8377265930176 39.6269721984863 40.0420608520508 40.0767059326172 40.0667037963867 40.4647750854492 40.6122283935547 40.6955375671387 40.6628646850586 40.8452110290527 40.950553894043 40.8905181884766 40.6082916259766 40.4149894714355 40.3075675964355 40.4126014709473 40.3953285217285 40.3396644592285 41.0076141357422 41.1559524536133 40.8315582275391 40.5033149719238 41.0078392028809 40.5253410339355 39.6917037963867 40.2793998718262 40.4107513427734 40.6709518432617 40.6562271118164 40.5843620300293 40.5203170776367 40.2664222717285 39.2540130615234 40.0438003540039 40.3415069580078 40.4851913452148 40.5020866394043 40.4667739868164 40.4054565429688
37.6791687011719 36.6488151550293 35.9639625549316 37.4616088867188 38.5519332885742 39.0179252624512 39.7952919006348 40.0176887512207 40.2128143310547 40.303108215332 40.0910110473633 40.0205039978027 40.5729560852051 40.6375160217285 40.6204986572266 40.6789321899414 40.7676315307617 40.7278823852539 41.2319374084473 40.9556999206543 40.6488227844238 40.4717559814453 40.4191665649414 40.228588104248 40.2108039855957 40.8251457214355 41.1454811096191 41.0199966430664 40.8406562805176 41.1205406188965 40.3993186950684 39.2726898193359 39.746467590332 40.4020881652832 40.4072418212891 39.9982757568359 40.0268325805664 40.5317306518555 40.6202659606934 40.5495071411133 40.5652770996094 40.5255012512207 40.5085334777832 40.4770317077637 40.471622467041 40.4326248168945
37.5311622619629 36.3690147399902 35.7897834777832 37.2091445922852 38.6541404724121 39.035572052002 38.3796463012695 39.8137893676758 39.7323760986328 39.1163864135742 40.1180381774902 40.3129501342773 40.3093299865723 40.3451652526855 40.3369407653809 40.5418510437012 40.6488418579102 40.7379989624023 41.2089385986328 41.3004341125488 41.0735244750977 40.7312622070312 40.5296936035156 40.4215698242188 40.1508560180664 40.608211517334 41.0422019958496 41.0253791809082 41.1836738586426 41.2147445678711 40.6629981994629 38.8662376403809 39.4986991882324 38.9726066589355 39.2949142456055 38.5676574707031 39.4916572570801 40.5109214782715 40.5970077514648 40.6286354064941 40.6220092773438 40.5047836303711 40.3639106750488 40.4424018859863 40.4380760192871 40.4169158935547
37.505199432373 36.6018218994141 36.6553077697754 37.2375679016113 38.276123046875 38.7369689941406 39.183666229248 39.413516998291 37.9750671386719 37.8531112670898 39.5160865783691 38.4265518188477 38.8002891540527 39.2513046264648 39.9865303039551 40.456974029541 40.5883369445801 40.7845802307129 41.1086273193359 41.2103996276855 41.2411422729492 40.9652519226074 40.6038665771484 40.6448402404785 40.4884147644043 40.7068672180176 40.6733055114746 40.4727668762207 40.9939346313477 41.1496505737305 40.8849792480469 40.1359329223633 38.643726348877 36.5673942565918 36.7345161437988 38.4646606445312 39.8948936462402 40.4835243225098 40.5646133422852 40.4741630554199 40.4524154663086 40.1896553039551 40.0343894958496 40.3783874511719 40.085578918457 40.122142791748
37.468376159668 37.0232048034668 36.7627182006836 37.1052665710449 37.7902717590332 38.6824150085449 38.8404388427734 38.3547248840332 37.8030471801758 38.7177238464355 39.2319297790527 38.1257362365723 38.4579849243164 38.8960647583008 39.8806953430176 40.2891082763672 40.5705375671387 40.9934577941895 41.3846244812012 41.1765365600586 41.017261505127 41.2876510620117 40.9958572387695 40.7759246826172 40.5816955566406 40.5576591491699 40.6089706420898 40.4776000976562 40.7795104980469 41.0879898071289 41.0960731506348 40.5352554321289 39.7743492126465 38.062328338623 37.407096862793 38.526195526123 39.8935317993164 40.4268341064453 40.455379486084 39.9522933959961 40.1921844482422 40.3413543701172 40.0983581542969 40.1300430297852 39.7706451416016 40.0029067993164
37.0673637390137 36.7960548400879 36.2135467529297 36.5934524536133 37.469108581543 37.6465530395508 38.1047477722168 38.4471855163574 38.7413787841797 38.8289413452148 39.1870307922363 39.390869140625 40.0630722045898 40.1286888122559 40.2530517578125 39.7594299316406 40.7222023010254 41.0757064819336 41.2584075927734 40.9394264221191 41.0329856872559 41.2011642456055 41.2706031799316 41.1775665283203 40.8524131774902 40.7611465454102 40.3658714294434 40.4983367919922 40.8694114685059 40.9225654602051 41.0443420410156 41.042610168457 40.4434509277344 39.7317543029785 38.7820014953613 38.4687614440918 39.6000518798828 40.3489570617676 39.8180274963379 39.2502899169922 40.1476058959961 40.3696594238281 40.0537261962891 39.242301940918 39.5634307861328 40.059700012207
