inst/extdata/Tmax/Tmax121.asc
NCOLS 100 
NROWS 79 
XLLCORNER 148.06 
YLLCORNER -21.49 
CELLSIZE 0.01 
NODATA_value -3.4e+38 
[rows 20 to 39 of 79, columns 46 to 91 of 100]
29.56640625 27.9367027282715 28.1287460327148 29.4309997558594 29.1759414672852 28.649112701416 28.3811874389648 27.2607383728027 29.0279521942139 30.7157154083252 31.9742794036865 31.4534683227539 31.435583114624 32.1611671447754 31.7721786499023 31.4779720306396 31.8076705932617 32.4611473083496 32.6434783935547 32.651309967041 32.5904884338379 32.4616050720215 32.7897491455078 32.8834495544434 32.8263702392578 32.7412643432617 32.6232223510742 32.6597862243652 32.6192321777344 32.2492637634277 32.3248138427734 32.6200942993164 32.5019187927246 32.1922760009766 32.1908340454102 32.157901763916 32.061279296875 32.0507164001465 32.030517578125 31.9968070983887 31.9148178100586 31.717456817627 31.0554275512695 30.9263916015625 31.1909561157227 31.2170124053955
29.8411293029785 27.9148445129395 26.7854843139648 28.418830871582 28.2851448059082 27.7653369903564 28.5739555358887 26.7675819396973 27.9566040039062 30.1423797607422 31.6539440155029 30.1258964538574 29.3872108459473 31.507640838623 30.150484085083 29.7559204101562 30.7688274383545 32.2849998474121 32.2992286682129 32.7793579101562 32.8997383117676 32.8980484008789 32.6654586791992 32.2823638916016 32.2763977050781 32.362174987793 32.5466194152832 32.5134468078613 32.4106369018555 32.3187294006348 32.6556396484375 32.7053565979004 32.6360206604004 32.22265625 32.3107032775879 32.262451171875 32.1128883361816 32.1198577880859 32.1210784912109 32.1159133911133 31.9695320129395 31.8347053527832 31.6051559448242 31.3865394592285 31.2572975158691 31.2772388458252
30.5374069213867 29.9910316467285 28.1740760803223 27.5503959655762 27.0859718322754 28.1763954162598 27.6049652099609 27.8364868164062 27.2468013763428 28.1337299346924 30.5771217346191 31.0579280853271 29.3076591491699 29.77903175354 29.3916664123535 30.0603122711182 31.2935791015625 31.7651195526123 30.2255344390869 31.6961822509766 32.62451171875 32.7073516845703 32.0177764892578 31.0798358917236 31.767147064209 31.7586822509766 32.429573059082 32.6438751220703 32.3007583618164 32.5339775085449 32.728199005127 32.7741012573242 32.7650909423828 32.6860656738281 32.5595207214355 32.3549652099609 32.1439437866211 31.9932651519775 32.0722503662109 32.178352355957 32.053897857666 31.9711990356445 31.6646270751953 31.5241203308105 31.394214630127 31.5832405090332
29.816442489624 29.6569404602051 29.0722713470459 28.3121280670166 26.8811798095703 27.5919418334961 28.2033081054688 28.3836536407471 28.1394023895264 27.7008457183838 29.040506362915 29.0247707366943 30.0557308197021 28.2702789306641 29.1330318450928 30.8822021484375 30.861328125 31.3046951293945 29.7568626403809 32.1321411132812 33.0162124633789 32.8906593322754 31.8207721710205 30.29248046875 31.700439453125 31.9049015045166 32.0238342285156 32.5504837036133 32.7724571228027 32.8390350341797 32.8590850830078 32.884708404541 32.8512153625488 32.7453231811523 32.6253852844238 32.4486274719238 31.9680938720703 31.5737037658691 31.7294502258301 32.0369682312012 32.0096206665039 32.0691184997559 31.776388168335 31.7455215454102 31.4641094207764 31.529224395752
27.9719123840332 29.23073387146 29.5564785003662 29.3221378326416 28.3428001403809 27.7330989837646 27.7290439605713 27.4157028198242 28.2724018096924 27.7412891387939 27.7403869628906 27.2752590179443 29.2276592254639 30.2348136901855 29.2998790740967 30.5359573364258 31.4425582885742 32.1199340820312 31.772533416748 32.9412155151367 32.9501533508301 32.7833557128906 32.0037002563477 31.0549011230469 31.9570655822754 32.2950973510742 31.9519939422607 32.0621299743652 32.1847839355469 32.7489624023438 32.5671882629395 32.9370307922363 32.7932777404785 32.7493019104004 32.6494560241699 32.2656784057617 32.1634788513184 31.5114192962646 31.1910877227783 31.7197437286377 31.8800163269043 31.9902038574219 31.7954292297363 31.8631458282471 31.9320678710938 31.7811813354492
26.5170803070068 27.5012016296387 28.7933921813965 28.7097606658936 27.8832244873047 27.1420154571533 26.7494354248047 26.168529510498 27.3568668365479 27.9651470184326 27.4485855102539 27.6748714447021 29.1114673614502 31.3654842376709 30.787467956543 30.8971061706543 31.0873107910156 32.6814117431641 32.7972373962402 32.7869644165039 32.783130645752 32.4293212890625 31.0164203643799 31.0856323242188 31.2110481262207 31.9526233673096 31.6454391479492 30.9454593658447 31.6639308929443 32.8526878356934 32.7913665771484 32.9267883300781 32.881462097168 32.8495483398438 32.6958694458008 32.5272064208984 32.5468673706055 31.8680572509766 31.2865390777588 31.6610813140869 31.3142414093018 31.4639759063721 31.1476917266846 31.8818950653076 31.936767578125 31.902494430542
26.3969440460205 26.2344055175781 26.9531669616699 27.5897789001465 28.2656650543213 26.0279197692871 25.7502117156982 26.5982398986816 27.1051712036133 27.844310760498 27.8675746917725 28.2908725738525 30.2477855682373 31.3127536773682 31.8958587646484 32.1041412353516 32.2720985412598 32.8559455871582 32.4476203918457 32.2613258361816 32.3050689697266 31.8041076660156 32.023250579834 32.3345985412598 32.3483505249023 31.6680698394775 31.1911430358887 32.2263526916504 32.5198020935059 32.473461151123 31.8474502563477 32.6042251586914 32.78466796875 32.8797378540039 32.8657188415527 32.7673988342285 32.3976669311523 32.0252647399902 32.1143226623535 31.8421173095703 31.7064094543457 31.0907764434814 31.6321430206299 31.8666019439697 31.7632961273193 31.6369724273682
26.5777835845947 26.0552062988281 26.3640041351318 26.6111145019531 27.1605262756348 25.4490451812744 25.1537017822266 25.5823650360107 26.9063034057617 27.6592922210693 27.1421890258789 27.7225017547607 28.6668453216553 30.0006122589111 31.6698703765869 31.3073997497559 32.5736808776855 32.8618125915527 32.066967010498 31.2260322570801 31.9707221984863 32.2044944763184 32.5745506286621 32.8384246826172 32.9650497436523 32.5010604858398 32.5003280639648 32.9037170410156 32.9769668579102 32.1795234680176 31.6829051971436 32.3020133972168 32.4279861450195 32.8941841125488 32.9457244873047 32.8849296569824 32.7145805358887 32.4755821228027 32.0270042419434 31.1614799499512 30.9060649871826 30.7657699584961 30.8076114654541 31.5509490966797 31.596622467041 32.0280799865723
27.4627151489258 27.0244026184082 27.7851600646973 27.6278896331787 27.2309284210205 25.8067169189453 26.6049346923828 26.3395729064941 26.652759552002 27.2531509399414 26.9732666015625 27.2534866333008 27.3891906738281 29.7589149475098 31.2129707336426 30.4104709625244 32.1369132995605 32.477466583252 32.1307945251465 30.8531818389893 31.1694488525391 32.4272003173828 32.8844985961914 33.0300025939941 33.0569915771484 32.95556640625 32.9745063781738 33.1040115356445 32.6752433776855 31.8764572143555 31.7281684875488 32.4814949035645 32.9527282714844 32.9946212768555 32.984935760498 32.9621620178223 32.9126586914062 32.7601470947266 32.482177734375 31.2141189575195 30.5690155029297 29.6797561645508 30.7480049133301 30.7300548553467 31.7136077880859 32.1185073852539
29.0696773529053 28.918098449707 28.3375930786133 28.2764301300049 27.751314163208 27.2588272094727 26.9593658447266 25.9397392272949 26.5984210968018 26.0787086486816 25.5780410766602 26.9327621459961 27.276927947998 29.2464447021484 30.4123573303223 29.5657787322998 30.4157733917236 31.3285694122314 31.9765872955322 31.8409099578857 31.3335380554199 32.4483642578125 32.9833030700684 32.7641296386719 32.7379837036133 32.3941802978516 32.8620758056641 33.1367149353027 32.1013488769531 31.1455421447754 31.8925685882568 32.5369567871094 32.9306449890137 33.0205383300781 33.0336952209473 32.9786834716797 32.9555549621582 32.8531188964844 32.6441497802734 32.2125625610352 31.4629325866699 30.9099292755127 30.432596206665 30.2173194885254 31.1701526641846 31.7093868255615
27.9736270904541 27.9772644042969 28.0078029632568 27.6473999023438 27.1602249145508 27.3927192687988 26.4828968048096 25.9513893127441 25.4168167114258 25.5073108673096 24.8938217163086 25.8454246520996 25.8368644714355 28.116771697998 29.2246398925781 28.0044574737549 28.5895214080811 30.3996448516846 31.9335670471191 32.569652557373 32.029052734375 32.7271423339844 32.9639358520508 32.5162506103516 32.4981307983398 32.650993347168 33.1721153259277 33.1458854675293 32.5342788696289 31.7873153686523 32.2079429626465 32.5211372375488 33.0004234313965 33.0268325805664 32.9733238220215 32.9453964233398 32.9425354003906 32.8578071594238 32.7751960754395 32.5508346557617 32.2732276916504 31.6608047485352 31.2316284179688 31.1802654266357 31.4190921783447 31.8717060089111
27.2280941009521 27.4973163604736 27.3830986022949 27.3378658294678 26.4182205200195 27.2392120361328 26.2560882568359 24.9567565917969 24.3273868560791 24.7321128845215 24.3891754150391 25.098949432373 25.9163208007812 27.8236503601074 28.1661643981934 27.7985153198242 30.1737537384033 31.3022537231445 32.1713218688965 32.7231330871582 33.0442810058594 33.1125717163086 33.0517578125 32.9539260864258 32.7092628479004 33.0502395629883 33.1942977905273 33.0663566589355 32.6415710449219 31.9165668487549 32.0187149047852 32.6754875183105 32.9154243469238 32.3927459716797 32.8079223632812 32.940990447998 32.9155311584473 32.8729705810547 32.8210868835449 32.6950378417969 32.3666725158691 31.5178050994873 31.888147354126 31.9284172058105 31.8196258544922 31.7381744384766
26.5243453979492 26.8370666503906 26.6742477416992 26.9541816711426 27.0451831817627 27.0532302856445 26.6699371337891 25.5129337310791 25.6110458374023 25.7165107727051 24.65478515625 24.4441261291504 25.4384803771973 27.7441482543945 28.3087844848633 28.8756465911865 28.9540786743164 29.9729862213135 32.1345825195312 32.8136749267578 33.040771484375 32.9922637939453 32.8264312744141 32.7756118774414 32.954906463623 33.0550079345703 33.028751373291 32.5887718200684 31.5265674591064 31.7294158935547 32.1011772155762 33.0021209716797 32.6983985900879 32.0600738525391 32.8307952880859 32.7583961486816 32.7889022827148 32.8485527038574 32.737720489502 32.416748046875 31.7614345550537 30.3436794281006 30.0559768676758 31.2156600952148 31.6124172210693 31.9392833709717
27.2322082519531 26.7345924377441 26.5684547424316 26.7416572570801 26.8836250305176 26.797046661377 26.3273277282715 25.9323844909668 26.5346164703369 25.8140182495117 25.6738262176514 25.6612415313721 26.4835681915283 27.65407371521 27.8282241821289 28.6290378570557 29.7792015075684 31.1440601348877 32.2246780395508 32.7056541442871 33.0948028564453 33.074104309082 32.5156631469727 32.1969146728516 32.4623222351074 32.3140029907227 32.4367370605469 32.6321716308594 32.5130081176758 32.4989624023438 32.8501510620117 33.155689239502 32.455192565918 32.3604011535645 33.006721496582 32.4442329406738 32.5964813232422 32.5489387512207 32.6310272216797 32.2942428588867 30.7033214569092 29.8779029846191 29.215274810791 31.2058811187744 31.8237152099609 31.6259326934814
27.6705207824707 26.4206428527832 26.3713150024414 26.488582611084 26.6330604553223 26.4937286376953 26.5155296325684 27.0881462097168 26.7160243988037 25.9227066040039 27.1011333465576 27.5727367401123 27.7617931365967 27.1201782226562 27.1439228057861 28.2661151885986 29.7261543273926 31.3203601837158 31.4441356658936 32.3835411071777 32.9179649353027 32.9495735168457 32.4155693054199 32.1487770080566 31.249885559082 31.9085540771484 32.5045585632324 32.684024810791 32.9557838439941 32.9714698791504 33.1728477478027 33.1101722717285 33.0747032165527 33.1089324951172 33.0597343444824 32.7887725830078 31.734676361084 32.4075126647949 32.6192169189453 32.5622711181641 32.5136032104492 31.1074829101562 30.9303607940674 32.3799514770508 32.6839065551758 32.6501922607422
27.7257804870605 26.6925163269043 26.3359451293945 26.2596015930176 26.4795989990234 26.2896099090576 26.9927940368652 28.6773014068604 27.7851581573486 27.0777378082275 28.9916534423828 29.8018608093262 29.3580837249756 27.2725238800049 27.6937713623047 27.8292827606201 30.0292167663574 30.1260375976562 29.9909534454346 31.0880317687988 32.4286270141602 32.7024536132812 32.340015411377 32.3410224914551 32.2015647888184 31.8300533294678 31.9246101379395 32.1000480651855 32.8896408081055 32.8553695678711 32.9510765075684 32.7397575378418 32.9714431762695 33.141658782959 32.8180694580078 32.7981033325195 32.0468063354492 32.1902694702148 32.4955673217773 32.3132591247559 32.7774696350098 32.7787895202637 32.667594909668 32.7127838134766 32.8331604003906 32.6891403198242
27.4306907653809 26.7494430541992 26.5292816162109 26.7190437316895 26.6503715515137 26.7523040771484 27.1943492889404 29.3810653686523 29.5933380126953 28.1978015899658 30.4143123626709 31.5754680633545 30.7298698425293 29.2793254852295 29.2102012634277 29.9679737091064 30.7952423095703 31.3612670898438 31.7507095336914 32.1210441589355 32.383617401123 32.0889472961426 30.5436592102051 30.8878803253174 31.5139636993408 31.0938739776611 31.3522434234619 32.3374633789062 32.7738304138184 33.0105743408203 31.793981552124 31.7781810760498 32.7104034423828 33.0520858764648 32.512767791748 32.5459098815918 31.6522159576416 32.2371864318848 32.4654808044434 32.3029899597168 32.8223037719727 32.9161224365234 32.9421882629395 32.9371681213379 32.8716087341309 32.5143241882324
27.4545860290527 27.0356636047363 26.98974609375 27.1473007202148 27.3462562561035 27.4920406341553 28.3274879455566 30.1936645507812 30.0732955932617 29.5148162841797 31.2413291931152 32.5857238769531 31.6223526000977 30.2755718231201 29.6443004608154 31.7139492034912 32.1529541015625 32.4103622436523 32.6590118408203 32.6989669799805 32.2217903137207 31.9270038604736 32.0615463256836 31.431396484375 31.8288593292236 32.3827667236328 32.638011932373 32.7343330383301 32.9796829223633 32.9035949707031 31.0616798400879 31.8945236206055 32.8580436706543 32.7731018066406 32.2891883850098 32.2439918518066 32.066219329834 32.6428260803223 32.675651550293 32.6851425170898 32.6530952453613 32.8361930847168 32.8893814086914 32.8993225097656 32.8136978149414 32.7569580078125
27.405689239502 27.0983753204346 27.6636028289795 28.4445667266846 28.5585231781006 29.0375022888184 30.2345027923584 30.9992275238037 30.2901649475098 30.7741966247559 32.5035057067871 33.122974395752 32.4831352233887 31.2798633575439 30.3893814086914 31.6621227264404 31.6738128662109 32.0375823974609 32.9153633117676 33.15966796875 32.8134956359863 32.4275207519531 32.8306579589844 32.6142997741699 32.4709701538086 33.023323059082 32.9118041992188 32.8233871459961 33.1252098083496 32.8694953918457 32.1637306213379 32.7104759216309 32.9152679443359 32.5704917907715 31.5100860595703 31.4669589996338 31.8394393920898 32.6617660522461 32.3328056335449 32.3092041015625 32.3334159851074 32.6599388122559 32.6373634338379 32.7051124572754 32.5390014648438 32.6859893798828
27.4562911987305 27.6500091552734 28.8231239318848 29.5780200958252 30.3588962554932 31.5361557006836 32.327335357666 31.5066318511963 29.2680530548096 30.0017948150635 31.8506622314453 33.1666946411133 32.6703033447266 32.2836685180664 31.2250862121582 32.4107208251953 32.600944519043 31.8855247497559 32.8125190734863 33.2271766662598 33.1696319580078 32.6695022583008 33.0692176818848 33.1966896057129 33.0244026184082 33.1345138549805 32.9249534606934 32.0536842346191 32.9866638183594 33.1546859741211 33.0589866638184 32.9372863769531 32.5773468017578 32.1927604675293 31.2371025085449 31.3040943145752 32.1652984619141 32.0934219360352 31.9324951171875 31.7222156524658 31.8869247436523 32.2293281555176 32.009693145752 32.4108657836914 31.8928375244141 32.3232955932617
