inst/extdata/Tmax/Tmax62.asc
NCOLS 100 
NROWS 79 
XLLCORNER 148.06 
YLLCORNER -21.49 
CELLSIZE 0.01 
NODATA_value -3.4e+38 
[rows 20 to 39 of 79, columns 0 to 45 of 100]
32.030342102050803 32.0835609436035 32.0922050476074 32.0742568969727 32.1069374084473 32.2345581054688 32.1716041564941 32.1180076599121 32.0703163146973 31.995532989502 31.8368129730225 31.4620265960693 31.0419063568115 30.4352073669434 29.1919765472412 28.7972812652588 28.742301940918 29.6819438934326 30.6986904144287 31.1307315826416 31.1594295501709 31.1855354309082 31.5273876190186 31.5655193328857 31.4287624359131 31.1619606018066 30.5859375 29.7042999267578 30.2326908111572 30.3069248199463 30.9062480926514 30.9309425354004 31.0799961090088 31.0570163726807 31.0276679992676 30.7992630004883 30.4269733428955 30.4393444061279 29.9919738769531 30.2498664855957 30.0457668304443 29.3515777587891 29.5802555084229 29.6393928527832 29.76708984375 29.8058834075928
32.1128959655762 32.1895599365234 32.2100028991699 32.1905555725098 32.2109298706055 32.2253112792969 32.1093139648438 32.0506210327148 32.0441436767578 31.9977874755859 31.8934020996094 31.7393760681152 31.5307674407959 30.6361961364746 29.2163314819336 28.9216270446777 29.1618366241455 29.9543170928955 30.4510669708252 30.8253803253174 30.9595985412598 30.887508392334 31.4167537689209 31.5633201599121 31.3859767913818 31.4126377105713 31.3959865570068 30.6613426208496 30.5203113555908 31.0380764007568 31.1649417877197 31.0703468322754 30.7583179473877 30.1802768707275 30.2077579498291 30.1947231292725 30.6457576751709 29.9692039489746 29.5904846191406 29.9034042358398 29.5345077514648 29.6274948120117 29.3640480041504 28.4854164123535 28.8085041046143 29.4811115264893
32.1897773742676 32.2529983520508 32.2702217102051 32.2711296081543 32.2698135375977 32.251522064209 32.0955467224121 31.992166519165 31.9564151763916 31.9418392181396 31.8462429046631 31.7933559417725 31.6398620605469 31.0617656707764 30.000524520874 29.2140865325928 28.6137275695801 29.0922183990479 29.6489124298096 30.4379043579102 30.5579433441162 30.6878337860107 31.3287754058838 31.1313419342041 30.7391986846924 31.1078414916992 31.1907424926758 31.2783527374268 31.0121231079102 31.0605983734131 30.8114414215088 30.6380195617676 30.093936920166 29.7804164886475 29.5639839172363 29.7827568054199 29.7246704101562 29.1885185241699 29.168140411377 29.0967826843262 28.8036346435547 28.0813331604004 28.8501739501953 28.5745391845703 27.6221008300781 29.0168075561523
32.1909217834473 32.237979888916 32.2644500732422 32.2713851928711 32.2478256225586 32.2537117004395 32.1962242126465 31.9278659820557 31.8408660888672 31.8758850097656 31.7175788879395 31.5509471893311 31.6649894714355 31.3125667572021 30.5641345977783 29.8211002349854 29.0431900024414 28.7683143615723 29.3546924591064 29.6653385162354 30.1990089416504 31.1828346252441 30.9510078430176 30.3691272735596 30.5234394073486 30.6766147613525 30.3881072998047 31.3230075836182 31.357292175293 31.2311248779297 31.0176219940186 29.9626598358154 29.6515293121338 29.8564319610596 30.192325592041 29.7533092498779 28.8704414367676 28.3520278930664 29.0619201660156 28.5748138427734 27.8793678283691 26.5149841308594 27.3180961608887 28.4772109985352 26.7310752868652 28.026927947998
32.1537857055664 32.2267189025879 32.2652969360352 32.2485542297363 32.2257385253906 32.2417182922363 32.2559547424316 32.1008453369141 31.9457702636719 31.7959766387939 31.7110939025879 31.6872215270996 31.5338878631592 31.2188339233398 30.4976902008057 29.8429412841797 29.1417846679688 28.796293258667 28.9979991912842 29.0064506530762 30.1730213165283 30.9924583435059 29.9345722198486 29.4237632751465 30.2207889556885 30.2091312408447 30.3996162414551 31.1303672790527 31.3782825469971 31.0154514312744 30.9706230163574 30.7525386810303 30.7344856262207 30.8001766204834 30.4909229278564 30.2006340026855 29.8157424926758 28.7422637939453 28.5328330993652 28.2894973754883 26.6350593566895 26.0853805541992 26.5156440734863 28.3037643432617 26.3983306884766 26.7578163146973
32.1251640319824 32.161060333252 32.1801719665527 32.169734954834 32.1938056945801 32.2156372070312 32.2541427612305 32.2256927490234 32.0942916870117 31.8747520446777 31.7028751373291 31.5846347808838 31.4544792175293 31.0285949707031 30.6086978912354 30.0857543945312 29.5080585479736 29.1895351409912 29.6312637329102 30.3161754608154 30.313325881958 30.2307014465332 29.7717056274414 28.5586357116699 29.0587711334229 29.8145046234131 29.9710884094238 31.1773834228516 31.3683280944824 31.0255565643311 30.1827278137207 30.7863311767578 30.66526222229 30.5513668060303 30.2958507537842 29.9949836730957 29.8848342895508 28.4592018127441 27.2296104431152 27.6281127929688 26.247730255127 27.0598030090332 27.4070205688477 28.308666229248 27.3254013061523 26.2862358093262
32.0338745117188 32.0759925842285 32.0910797119141 32.1147193908691 32.1238021850586 32.1385078430176 32.2379035949707 32.2541656494141 32.1371040344238 31.7489337921143 31.6605548858643 31.4171829223633 31.4262523651123 31.0762672424316 30.3665313720703 29.3559799194336 29.0051136016846 29.1964225769043 29.6595325469971 29.5806827545166 29.7723331451416 30.6477088928223 30.517749786377 29.0672149658203 28.6857967376709 29.5938491821289 30.380334854126 31.2467994689941 31.3368301391602 31.1334114074707 30.3284606933594 29.9649200439453 30.7324256896973 30.2201519012451 29.8006248474121 29.0056819915771 28.7385177612305 28.8564529418945 27.836368560791 26.5865745544434 26.2019462585449 26.5154647827148 26.4238510131836 27.4440956115723 26.5346984863281 25.9089851379395
31.9103889465332 31.946159362793 31.984977722168 32.0453567504883 32.0803070068359 32.1499977111816 32.2525978088379 32.2622528076172 32.2065582275391 32.0341720581055 31.8143558502197 31.5713024139404 31.4682712554932 31.2894592285156 30.4133205413818 29.3337707519531 29.0347061157227 28.9952945709229 29.1282901763916 29.1162281036377 30.2215957641602 30.8536109924316 30.3398666381836 29.5177307128906 28.9793815612793 29.2134742736816 29.339994430542 30.8741474151611 31.2276725769043 31.1215591430664 30.3534049987793 30.2790412902832 30.5737781524658 29.8605041503906 29.1950492858887 28.6499919891357 27.7738456726074 28.4755954742432 28.3237075805664 26.562572479248 26.1405754089355 26.331521987915 26.2508525848389 26.8336238861084 26.2611980438232 25.9712333679199
31.4373779296875 31.4103012084961 31.673828125 31.9830112457275 32.1228065490723 32.2143440246582 32.2607421875 32.2613983154297 32.1496696472168 32.0569610595703 31.909818649292 31.4050312042236 31.508358001709 31.3742656707764 30.88743019104 29.7347679138184 29.0536003112793 28.5747566223145 28.8830852508545 29.7408275604248 30.241943359375 30.6025676727295 29.7717571258545 29.081657409668 28.9130840301514 29.0640201568604 29.4926681518555 30.3786888122559 31.1299934387207 31.2003765106201 30.7057857513428 30.4576511383057 30.0458927154541 29.0546474456787 27.9326877593994 27.5327262878418 27.2266407012939 27.4319400787354 27.5896453857422 27.2069511413574 26.7001209259033 26.831506729126 26.567554473877 26.357931137085 26.3726921081543 26.3113822937012
30.616771697998 31.4423370361328 31.7646312713623 31.5245246887207 32.0711250305176 32.2280158996582 32.2647476196289 32.2640228271484 32.0773773193359 31.9455642700195 31.9491405487061 31.7034912109375 31.4834041595459 31.3658409118652 31.1313877105713 30.6450481414795 30.1217193603516 28.8169898986816 29.1325550079346 29.2176361083984 29.374153137207 30.2967376708984 29.8933753967285 29.119421005249 28.929141998291 28.7348918914795 28.714807510376 30.3324146270752 31.1642074584961 31.2490653991699 30.4603996276855 29.5205421447754 29.2265853881836 28.8917713165283 28.639778137207 27.664794921875 27.6077690124512 27.2137451171875 26.8150005340576 27.0690956115723 28.8395137786865 28.9284362792969 27.8250408172607 26.422830581665 27.4548015594482 27.5664939880371
30.900707244873 31.7450561523438 31.7784271240234 31.2792015075684 32.0334053039551 32.2221031188965 32.2825546264648 32.2767066955566 32.2315063476562 32.0215911865234 31.9291152954102 31.8752040863037 31.7134876251221 31.5228309631348 31.2492065429688 30.696813583374 29.9138069152832 29.4913597106934 29.0606269836426 29.3139991760254 29.3967208862305 29.8323822021484 29.2512645721436 29.0935859680176 28.8077964782715 28.2055683135986 28.4869976043701 30.223180770874 31.0549449920654 31.1090679168701 31.10325050354 30.9462337493896 29.8638763427734 28.9453792572021 28.8866519927979 28.42160987854 28.5634231567383 28.382791519165 27.9752998352051 28.4598331451416 29.9247531890869 29.9926319122314 29.5790824890137 29.0243320465088 28.9134998321533 28.3359966278076
31.6234569549561 31.8935928344727 31.9618854522705 31.9703598022461 32.0626182556152 32.2158584594727 32.2576599121094 32.2640075683594 32.2301445007324 32.170841217041 32.0042037963867 31.9567718505859 31.8722190856934 31.683572769165 31.4347038269043 30.9751358032227 30.170446395874 29.7705593109131 29.1070175170898 29.0085182189941 29.0824813842773 29.5150890350342 29.1616516113281 28.9199390411377 28.8661441802979 28.9009704589844 29.6871948242188 30.733980178833 31.1105632781982 30.6233730316162 30.5494480133057 30.5685558319092 30.7823867797852 30.3012561798096 30.0420417785645 29.3020648956299 30.3218002319336 30.1822395324707 30.1611423492432 30.1832466125488 29.965087890625 29.0891399383545 28.1611213684082 27.8459186553955 27.717529296875 26.9946823120117
31.3722057342529 32.0705337524414 32.1339569091797 32.1573905944824 32.1625366210938 32.18017578125 32.1662635803223 32.2208671569824 32.2240333557129 32.2167587280273 32.1803283691406 32.0683555603027 31.901252746582 31.7556285858154 31.5797729492188 31.3487148284912 30.899585723877 30.2604103088379 29.5507202148438 28.8830413818359 28.915548324585 29.3552227020264 29.2435779571533 28.9807415008545 28.8499908447266 29.0084323883057 30.3968849182129 31.0939674377441 31.1703281402588 31.0076026916504 30.5345096588135 29.9550971984863 30.6436367034912 30.7584953308105 30.8050441741943 30.2993011474609 30.7075519561768 30.4266185760498 30.3043270111084 30.1495800018311 28.9859676361084 27.6103763580322 26.370922088623 26.7097949981689 26.6291732788086 25.6679096221924
31.2398071289062 31.8504943847656 31.6818561553955 31.5746593475342 31.7129249572754 32.088924407959 32.1023941040039 32.1340675354004 32.1576995849609 32.1543464660645 32.1318092346191 32.1174125671387 32.0179557800293 31.8785285949707 31.7381401062012 31.5295181274414 31.1219730377197 30.7225723266602 30.4683208465576 29.8701114654541 28.9737148284912 29.2044086456299 28.996431350708 29.0715789794922 28.9608898162842 28.9407043457031 29.964937210083 31.0454959869385 31.1333923339844 30.831205368042 30.7068252563477 29.6812229156494 29.971715927124 30.2248916625977 30.5234451293945 30.6511402130127 30.5196914672852 30.3606986999512 29.9897003173828 30.0498008728027 29.7399883270264 28.5318069458008 27.7437839508057 28.2854194641113 27.8583545684814 26.7430572509766
31.5636043548584 31.8401718139648 31.4569396972656 30.8334407806396 30.9427127838135 31.8570442199707 32.0718307495117 32.0478401184082 32.0730590820312 32.0978965759277 32.030330657959 32.0854072570801 32.0473937988281 31.9498157501221 31.8141460418701 31.6393051147461 31.3508567810059 30.7097797393799 30.3254776000977 29.8900909423828 29.2487335205078 29.1719303131104 29.0021095275879 28.8042392730713 28.7778453826904 29.1492767333984 30.2489109039307 31.0112380981445 30.5314407348633 30.3247737884521 30.4377193450928 30.0993270874023 29.794734954834 29.4791641235352 29.2240562438965 29.7087783813477 29.5291938781738 29.8567371368408 29.7842121124268 29.5928230285645 29.3409023284912 29.6636428833008 29.4223575592041 29.115177154541 28.5305137634277 28.0648097991943
31.6939449310303 31.7970199584961 31.6163539886475 31.3270797729492 31.0465717315674 31.5839214324951 31.888500213623 31.9207000732422 31.9761409759521 32.044319152832 32.0432243347168 32.0965309143066 32.046760559082 31.9990367889404 31.8588752746582 31.6568546295166 31.4371395111084 31.2320594787598 30.8534183502197 30.2312030792236 29.8682765960693 29.6258563995361 29.1416816711426 28.5304775238037 28.6889610290527 28.9330596923828 30.3324222564697 30.8497219085693 29.0315761566162 28.644401550293 29.2714996337891 29.4914493560791 29.4537677764893 29.2484092712402 28.7800559997559 28.535005569458 29.05881690979 28.9061889648438 28.8793907165527 28.8353404998779 28.5802745819092 28.2903480529785 28.5373229980469 29.0081958770752 28.3944187164307 27.2899799346924
31.5662784576416 31.6053714752197 31.6345062255859 31.3791236877441 31.1199512481689 31.308406829834 31.5279636383057 31.7282104492188 31.8458232879639 31.9762687683105 31.9675903320312 31.9740333557129 32.0692520141602 32.0115814208984 31.9035682678223 31.6465034484863 31.6378917694092 31.4937744140625 31.2591094970703 30.8930416107178 30.7582702636719 29.9939212799072 29.4226226806641 28.9739818572998 28.975736618042 29.352710723877 30.3629264831543 30.268684387207 29.9873523712158 29.8906536102295 29.1448383331299 29.0866584777832 28.9059181213379 28.7700748443604 28.0688724517822 27.6752758026123 27.8859233856201 27.8353614807129 28.0685348510742 27.8741626739502 27.8648567199707 26.96875 27.6632499694824 28.5092716217041 28.2779006958008 26.8410015106201
31.051383972168 31.3744926452637 31.5795478820801 31.4865703582764 31.3023452758789 31.1854686737061 31.1798458099365 31.5495491027832 31.6690654754639 31.8501071929932 31.9414825439453 31.9491806030273 32.018440246582 32.0446281433105 31.8775978088379 31.7849311828613 31.723596572876 31.6154441833496 31.466947555542 31.27659034729 31.0827770233154 30.3893909454346 29.2843437194824 29.3756256103516 28.7120780944824 29.2796306610107 30.2247314453125 29.6783332824707 29.8694839477539 30.3348426818848 30.2254981994629 30.0741100311279 29.4188537597656 29.0030078887939 27.471866607666 26.2433185577393 26.2860507965088 26.1788692474365 26.1415176391602 26.5972766876221 26.7580890655518 26.9537105560303 27.1380424499512 28.0017642974854 27.8625259399414 27.475341796875
31.1700630187988 31.2682914733887 31.4012031555176 31.3859806060791 31.3595104217529 31.0687465667725 30.8654155731201 30.620906829834 31.2682209014893 31.7684574127197 31.9109001159668 31.9626369476318 32.0506210327148 32.0569763183594 31.7632942199707 31.3719005584717 31.4062232971191 31.4666690826416 31.5211486816406 31.4085464477539 31.2743320465088 30.8754596710205 29.7911891937256 30.0962657928467 29.1634654998779 29.1626358032227 29.3159561157227 29.6272964477539 28.6113014221191 29.2648258209229 28.9060688018799 29.020788192749 30.2562618255615 29.8361568450928 28.8911113739014 26.714506149292 25.8310089111328 25.8350944519043 25.1877822875977 25.6064262390137 26.2240085601807 26.2188148498535 26.2966251373291 27.6397342681885 27.205623626709 26.6833343505859
31.2463932037354 31.1794395446777 31.2354621887207 31.0532569885254 31.255298614502 31.1788730621338 30.9648094177246 30.7181644439697 30.9145851135254 31.5218162536621 31.7769546508789 31.9758491516113 32.0285415649414 32.0039253234863 31.9538860321045 31.5592842102051 31.191764831543 30.998706817627 31.2748336791992 31.4070701599121 31.2752666473389 31.1374816894531 30.8228340148926 30.2579727172852 29.2140045166016 29.0097789764404 28.9725742340088 29.0621109008789 29.11669921875 28.6017436981201 28.0478439331055 28.8082962036133 29.9961738586426 29.2675075531006 29.4884490966797 28.9576473236084 28.5338592529297 28.4060592651367 27.4410667419434 26.3569259643555 27.0593643188477 26.7536354064941 27.1329593658447 27.3175792694092 27.0216007232666 26.5596332550049
