inst/extdata/Tmax/Tmax81.asc
NCOLS 100 
NROWS 79 
XLLCORNER 148.06 
YLLCORNER -21.49 
CELLSIZE 0.01 
NODATA_value -3.4e+38 
[rows 40 to 59 of 79, columns 46 to 91 of 100]
32.4440078735352 33.2347564697266 33.566478729248 34.2733039855957 35.5533409118652 36.3017272949219 35.9043998718262 34.3649787902832 34.0423736572266 34.5683784484863 34.9544105529785 36.2896041870117 35.9712791442871 36.1109657287598 35.4426345825195 36.191047668457 36.3057174682617 36.0626182556152 36.1117134094238 36.1603202819824 36.1483955383301 35.4156265258789 35.6865501403809 35.8982925415039 35.9367294311523 35.947021484375 35.8459625244141 35.5370101928711 35.6414794921875 35.7499923706055 35.6906509399414 35.5339012145996 35.2607955932617 34.2936668395996 34.4655914306641 34.931396484375 34.8275756835938 34.7222290039062 34.8613204956055 34.4213562011719 33.8424835205078 34.1592712402344 34.3554153442383 34.1715888977051 34.3301124572754 34.332275390625
33.5565948486328 34.5012054443359 34.4112892150879 34.3538589477539 35.5924949645996 36.5330505371094 35.6193771362305 35.2815170288086 35.7254524230957 35.7654685974121 36.0177879333496 36.5235862731934 36.4101142883301 36.3955039978027 36.2578620910645 36.4602508544922 36.46240234375 36.3860092163086 36.3267517089844 36.3150024414062 36.2793159484863 35.8612098693848 35.3098106384277 35.5514717102051 35.465145111084 35.7978782653809 35.9935531616211 35.6158561706543 35.5722579956055 35.8205032348633 35.8119812011719 35.7067260742188 35.5489501953125 35.0698165893555 35.2099075317383 35.1980094909668 35.006950378418 34.9656105041504 35.0031814575195 35.0558815002441 34.3170433044434 34.4472274780273 34.8542823791504 34.6777496337891 34.7388114929199 34.6655006408691
35.5426940917969 35.6611061096191 35.7805519104004 36.132080078125 36.363037109375 36.7105712890625 36.3522682189941 35.9141235351562 36.286247253418 36.5652160644531 36.4707107543945 36.6796798706055 36.677906036377 36.5919647216797 36.5442199707031 36.5754508972168 36.5562133789062 36.5113792419434 36.4604759216309 36.4250183105469 36.3378486633301 35.6163558959961 35.4394569396973 35.7827301025391 35.3703918457031 35.6721267700195 35.9619750976562 35.8554763793945 35.778392791748 35.9241218566895 35.9069938659668 35.8550567626953 35.788761138916 35.6692276000977 35.5601196289062 35.2812004089355 34.5784530639648 34.9771995544434 35.3239784240723 35.2814788818359 35.1461219787598 35.0666198730469 35.1134033203125 35.1011810302734 35.0932807922363 35.0232086181641
36.5203590393066 36.5104866027832 36.5854759216309 36.6705856323242 36.8225059509277 36.8596153259277 36.759708404541 36.5572891235352 36.6603546142578 36.7962417602539 36.7645111083984 36.7741546630859 36.7310028076172 36.6762733459473 36.6632080078125 36.6113319396973 36.5361824035645 36.4909782409668 36.4865074157715 36.4799194335938 36.4252624511719 36.2144355773926 36.0012588500977 36.0987854003906 35.9719009399414 35.6112174987793 35.787410736084 35.947696685791 36.0216407775879 36.0002212524414 35.9643363952637 35.910961151123 35.8521270751953 35.7843551635742 35.7413902282715 35.5939292907715 35.2120704650879 35.3980293273926 35.4877471923828 35.4378051757812 35.370491027832 35.3309936523438 35.2834320068359 35.2582511901855 35.2258186340332 35.1726226806641
36.3910446166992 36.5749092102051 36.7503890991211 36.7303314208984 36.7463188171387 36.8168525695801 36.8185615539551 36.8434448242188 36.8371849060059 36.7679862976074 36.5815124511719 36.6355209350586 36.5517501831055 36.3305587768555 36.4389839172363 36.5061645507812 36.3955230712891 36.4491500854492 36.4891128540039 36.4953498840332 36.4814147949219 36.3480186462402 36.0908241271973 35.8732452392578 36.0059623718262 36.0921325683594 36.0910835266113 36.0854644775391 36.0542259216309 36.0402870178223 35.9946937561035 35.9395294189453 35.8708801269531 35.8039817810059 35.7855491638184 35.7010536193848 35.6477851867676 35.605827331543 35.5269470214844 35.4892997741699 35.4295310974121 35.3828887939453 35.3483123779297 35.3027420043945 35.2003440856934 35.1897926330566
34.953010559082 35.569953918457 35.8865356445312 36.0337867736816 36.2989158630371 36.5359077453613 36.4574394226074 36.5838584899902 36.5556831359863 36.4056167602539 35.7845687866211 35.7707405090332 35.8057670593262 34.6058120727539 35.3391418457031 35.9041633605957 36.2900047302246 36.5075263977051 36.5438003540039 36.5317878723145 36.5117225646973 36.3442230224609 35.9962730407715 35.6933250427246 35.8596725463867 36.014232635498 36.0728569030762 36.027587890625 36.0379753112793 36.0521659851074 36.0209159851074 35.9709777832031 35.9187774658203 35.8742523193359 35.8126449584961 35.7008628845215 35.6552429199219 35.6118392944336 35.553596496582 35.5103912353516 35.4473876953125 35.4047584533691 35.3613243103027 35.2897300720215 35.249942779541 35.2375259399414
32.9486923217773 34.0076713562012 33.9073257446289 33.8615837097168 34.9406852722168 35.355411529541 35.4184074401855 35.6045227050781 35.9395446777344 35.4249382019043 34.857795715332 34.3672943115234 34.8805770874023 34.7541580200195 35.084846496582 35.9553298950195 36.4423408508301 36.5531539916992 36.5484809875488 36.5038375854492 36.5130348205566 36.4836273193359 36.1463890075684 35.8557891845703 35.7392158508301 35.9021987915039 36.0202980041504 36.0669059753418 36.1041107177734 36.0805892944336 36.061336517334 36.0192947387695 35.9752044677734 35.9155006408691 35.8203468322754 35.7351570129395 35.6939888000488 35.6535530090332 35.6062660217285 35.559009552002 35.4963569641113 35.4573669433594 35.4195594787598 35.3613357543945 35.3217277526855 35.2149658203125
33.0712928771973 32.9949378967285 32.8113136291504 32.8604965209961 32.7922325134277 33.442512512207 34.4619445800781 34.9800338745117 35.1041564941406 34.9785995483398 35.3772773742676 35.2190170288086 35.0667037963867 35.5020446777344 35.7056159973145 36.3407325744629 36.5024185180664 36.4941177368164 36.4191055297852 36.4779624938965 36.5398864746094 36.5354843139648 36.3977737426758 36.1387405395508 35.7983932495117 35.9586982727051 36.0656547546387 36.1479873657227 36.1625671386719 36.1524391174316 36.1270904541016 36.0671501159668 35.983528137207 35.8930931091309 35.812255859375 35.752384185791 35.7246246337891 35.6992378234863 35.6562461853027 35.6103324890137 35.5582885742188 35.5247993469238 35.4852409362793 35.4356460571289 35.2602920532227 35.078971862793
32.7364273071289 32.8090476989746 32.9889259338379 32.7259788513184 32.6288909912109 32.7063941955566 33.4222068786621 34.7733345031738 35.1878395080566 35.3067932128906 35.1456451416016 35.2707824707031 35.4779396057129 35.680591583252 35.7002296447754 36.0781326293945 36.3359489440918 36.3075866699219 36.2735824584961 36.4658432006836 36.5186080932617 36.488166809082 36.5152740478516 36.4210357666016 36.3033218383789 36.2399673461914 36.2678565979004 36.280647277832 36.2497138977051 36.2153053283691 36.1632423400879 36.0692481994629 35.9729881286621 35.8435897827148 35.7784957885742 35.7787246704102 35.7502822875977 35.7283210754395 35.7053375244141 35.6604156494141 35.6202125549316 35.5854148864746 35.5408248901367 35.4976463317871 35.3491516113281 35.2128524780273
32.8108520507812 32.9483795166016 32.9551200866699 32.6531524658203 33.0666885375977 33.7756614685059 33.839183807373 34.8597221374512 35.2254867553711 35.3665466308594 35.1872215270996 35.5423431396484 35.7362060546875 35.7142601013184 35.7591514587402 35.6501159667969 35.6997985839844 35.8519859313965 36.1054077148438 36.339714050293 36.3848838806152 36.3545532226562 36.4968414306641 36.4975738525391 36.4754257202148 36.42041015625 36.3669738769531 36.210075378418 36.2199020385742 36.2333106994629 36.1740379333496 36.0472679138184 35.9810447692871 35.8062705993652 35.7243919372559 35.8142585754395 35.7809104919434 35.7349243164062 35.7440223693848 35.7156867980957 35.6635360717773 35.6347122192383 35.5917434692383 35.5287857055664 35.4337272644043 35.3428421020508
32.8510704040527 32.7315101623535 32.9092254638672 32.6415100097656 33.1950263977051 34.1275062561035 34.3940315246582 34.8581047058105 35.4101867675781 35.744197845459 35.7294769287109 35.8002662658691 35.8324775695801 35.8311767578125 35.7972183227539 35.7259368896484 35.7522239685059 35.518253326416 35.2199325561523 36.0664749145508 35.9553985595703 36.2416839599609 36.4527816772461 36.4637908935547 36.46728515625 36.4168510437012 36.3305015563965 36.1377830505371 36.2109527587891 36.2505531311035 36.1013145446777 35.9370803833008 35.9144515991211 35.8661499023438 35.8556747436523 35.8753356933594 35.8473205566406 35.8039093017578 35.7701759338379 35.7625198364258 35.7230224609375 35.6728591918945 35.613899230957 35.5478210449219 35.4757804870605 35.3717803955078
32.4747543334961 32.4367332458496 32.7610244750977 32.1887512207031 32.3079261779785 34.0407218933105 34.6588516235352 35.1597709655762 35.4128379821777 35.6167869567871 35.6376342773438 35.6185760498047 35.4382400512695 35.4156188964844 35.6032104492188 35.6769218444824 35.9116630554199 35.8293991088867 35.6583442687988 35.6622924804688 35.5155639648438 36.0774917602539 36.3489151000977 36.4449462890625 36.41845703125 36.391242980957 36.1033210754395 35.7995452880859 36.2086143493652 36.2709732055664 36.0405044555664 35.7786331176758 35.9289588928223 35.9315414428711 35.9203567504883 35.8596229553223 35.825122833252 35.7955894470215 35.7794914245605 35.7378578186035 35.6994247436523 35.6822319030762 35.6315689086914 35.5676612854004 35.4986038208008 35.4089698791504
32.1642875671387 32.0204467773438 32.4248237609863 32.3014602661133 32.3648376464844 33.239688873291 34.0990982055664 34.6348571777344 35.0141410827637 35.2888526916504 35.2196464538574 35.1403007507324 35.1703567504883 35.3759231567383 35.934154510498 35.98583984375 36.1020050048828 35.9997253417969 35.908576965332 35.7507705688477 35.5384941101074 36.0085830688477 36.3127098083496 36.4235496520996 36.3472061157227 36.377067565918 36.0631103515625 35.3365058898926 36.0517921447754 36.2814559936523 36.0548477172852 35.8398323059082 35.9542617797852 35.8791275024414 35.7973403930664 35.780574798584 35.7851448059082 35.7077789306641 35.6120719909668 35.5613403320312 35.5977745056152 35.623046875 35.6447105407715 35.5897941589355 35.5232353210449 35.4503898620605
33.1617736816406 32.2263832092285 32.3095474243164 32.6526260375977 32.9737205505371 33.9005851745605 33.934513092041 34.5832672119141 35.2240905761719 35.4737205505371 35.7283096313477 35.7893829345703 35.8714179992676 36.0239677429199 36.1457748413086 36.1498489379883 36.084644317627 36.1139755249023 36.0596923828125 35.8522529602051 35.6725616455078 35.6574325561523 36.0320129394531 36.1741409301758 36.0885162353516 36.3668785095215 36.2585678100586 35.7513771057129 36.1220207214355 36.2854652404785 36.091739654541 35.9166831970215 35.8232574462891 35.5453872680664 35.6548957824707 35.5734825134277 35.5446929931641 35.1980247497559 35.2360877990723 34.4370918273926 35.4017944335938 35.5484046936035 35.6370887756348 35.6012115478516 35.5390090942383 35.4670562744141
33.7928657531738 32.885871887207 32.3978996276855 33.1011047363281 33.6610946655273 34.2852592468262 34.3237113952637 34.7069320678711 35.3174514770508 35.6372032165527 35.6489181518555 35.6402626037598 35.9446678161621 36.0559387207031 36.1177291870117 36.074348449707 36.2072219848633 36.2808876037598 36.229850769043 36.0111694335938 35.8557281494141 35.7574882507324 35.8309173583984 35.8115730285645 35.7630805969238 36.2413063049316 36.342903137207 36.0958442687988 35.8442726135254 36.2099761962891 35.8426971435547 35.1984214782715 35.633861541748 35.7242088317871 35.9057159423828 35.8661575317383 35.7983093261719 35.7355613708496 35.5329322814941 34.7604560852051 35.3211936950684 35.5220565795898 35.6073455810547 35.599536895752 35.5531539916992 35.4839286804199
33.8408546447754 33.0509643554688 32.527416229248 33.6694374084473 34.508415222168 34.8645248413086 35.4538688659668 35.6247787475586 35.7742385864258 35.8428077697754 35.6649284362793 35.6098594665527 36.0322570800781 36.0801734924316 36.0636863708496 36.0892906188965 36.1515007019043 36.1161308288574 36.4886741638184 36.2762145996094 36.0365142822266 35.8861389160156 35.8405265808105 35.6903800964355 35.6708946228027 36.1115951538086 36.3412780761719 36.2414054870605 36.1015548706055 36.2997894287109 35.756217956543 34.8869361877441 35.2402114868164 35.7191886901855 35.7093391418457 35.3771934509277 35.3844451904297 35.7425994873047 35.7908897399902 35.7223968505859 35.7023124694824 35.6551132202148 35.6235771179199 35.5809211730957 35.5562744140625 35.5034484863281
33.7339630126953 32.8452644348145 32.4030723571777 33.4827842712402 34.5931015014648 34.8835945129395 34.3655090332031 35.4724388122559 35.4090919494629 34.9328002929688 35.6905479431152 35.8392753601074 35.8356552124023 35.8605613708496 35.8502082824707 35.9879417419434 36.0644912719727 36.1269760131836 36.474910736084 36.5369758605957 36.358814239502 36.0859222412109 35.9284820556641 35.8411331176758 35.630744934082 35.9552001953125 36.2711944580078 36.2516937255859 36.3605842590332 36.3757171630859 35.959529876709 34.5779762268066 35.0507392883301 34.6377487182617 34.8719253540039 34.2891502380371 34.9812660217285 35.7260589599609 35.7729225158691 35.779239654541 35.7429008483887 35.6396217346191 35.5184555053711 35.5560684204102 35.5324554443359 35.4926986694336
33.7293548583984 33.0384330749512 33.0772285461426 33.520149230957 34.3163871765137 34.6674499511719 35.00048828125 35.1773300170898 34.0664710998535 33.9715003967285 35.2406463623047 34.3984222412109 34.6857223510742 35.0309257507324 35.593334197998 35.9345703125 36.0300254821777 36.1736831665039 36.411750793457 36.4820251464844 36.495792388916 36.2735481262207 35.9970359802246 36.0220642089844 35.89892578125 36.0424613952637 36.0112533569336 35.8551940917969 36.235897064209 36.3393363952637 36.1297264099121 35.5500755310059 34.4034271240234 32.7870292663574 32.905704498291 34.2175598144531 35.2915267944336 35.7131690979004 35.7566413879395 35.6741714477539 35.6270790100098 35.4173622131348 35.2852516174316 35.5178413391113 35.2848358154297 35.2880172729492
33.7076988220215 33.3664398193359 33.1661567687988 33.4258003234863 33.9490928649902 34.6310882568359 34.7412605285645 34.3663139343262 33.9405937194824 34.6448860168457 35.0269012451172 34.1720542907715 34.4253349304199 34.7604560852051 35.5153770446777 35.8098411560059 36.0197448730469 36.3341293334961 36.6208076477051 36.4606170654297 36.3332366943359 36.517520904541 36.2949905395508 36.1251945495605 35.9741172790527 35.9364204406738 35.9690704345703 35.8624229431152 36.0768013000488 36.2926750183105 36.2832717895508 35.8469276428223 35.2654190063477 33.9448356628418 33.4275436401367 34.2651901245117 35.2903480529785 35.6714401245117 35.6767807006836 35.2899475097656 35.437141418457 35.5293006896973 35.3334579467773 35.3383979797363 35.0553092956543 35.2033653259277
33.4084320068359 33.2002716064453 32.7558174133301 33.0424957275391 33.7093124389648 33.8408813476562 34.1807022094727 34.4434089660645 34.6693840026855 34.7363204956055 34.99755859375 35.1516571044922 35.6648635864258 35.7117881774902 35.8032264709473 35.4079093933105 36.1374893188477 36.3989105224609 36.5303382873535 36.2870750427246 36.3487548828125 36.4574699401855 36.5031890869141 36.4285278320312 36.1813545227051 36.0921173095703 35.7867240905762 35.8761672973633 36.1415863037109 36.16943359375 36.2439498901367 36.2192840576172 35.7653656005859 35.2207298278809 34.4871406555176 34.2212677001953 35.0698699951172 35.6138877868652 35.2054710388184 34.7645874023438 35.404842376709 35.5508422851562 35.3018417358398 34.6815299987793 34.903564453125 35.2470664978027
