inst/extdata/Tmax/Tmax19.asc
NCOLS 100 
NROWS 79 
XLLCORNER 148.06 
YLLCORNER -21.49 
CELLSIZE 0.01 
NODATA_value -3.4e+38 
[rows 20 to 39 of 79, columns 46 to 91 of 100]
26.1081523895264 24.4312782287598 24.0831851959229 25.288480758667 24.9596977233887 24.6097621917725 23.5543365478516 22.5606327056885 24.727611541748 26.287540435791 26.8158111572266 27.1847248077393 27.0516777038574 27.6493530273438 26.6047992706299 27.135347366333 27.277271270752 27.6348342895508 28.8204593658447 28.6165885925293 30.4243392944336 32.5666275024414 33.5637283325195 33.187328338623 31.6704883575439 32.0349998474121 32.7532501220703 31.1994781494141 30.2275085449219 31.1419677734375 30.3134212493896 30.9874248504639 31.3684844970703 32.2381629943848 31.9356365203857 30.498950958252 29.8977794647217 29.7501049041748 31.1536178588867 32.4793128967285 31.4967746734619 32.0434265136719 31.2517795562744 30.8927974700928 31.0151309967041 31.7424583435059
28.5793628692627 23.5163192749023 23.0626373291016 24.2543487548828 23.9998950958252 23.3124904632568 24.2264804840088 22.8384895324707 23.7088890075684 25.8453235626221 27.837610244751 25.5201377868652 25.0041656494141 26.9775619506836 25.5576725006104 25.5754489898682 26.3075752258301 27.7117385864258 27.4875354766846 28.0405197143555 30.5599956512451 32.8852500915527 27.6289463043213 27.4853916168213 30.837043762207 32.4316215515137 33.567741394043 30.0421466827393 30.8850784301758 29.7496719360352 30.0619201660156 29.9939136505127 30.5541839599609 30.0282440185547 31.546365737915 31.3183097839355 31.2045803070068 31.4074745178223 30.5482387542725 33.6973991394043 32.4424667358398 31.1996593475342 30.011848449707 29.3047618865967 28.5843925476074 28.8269786834717
29.5312404632568 25.5261497497559 24.1559562683105 23.8717555999756 23.027759552002 23.9981918334961 23.3095645904541 23.8588256835938 23.1621227264404 23.9735851287842 26.0820941925049 26.417818069458 25.3629760742188 25.3192367553711 25.1832313537598 25.7473983764648 26.4929656982422 26.9621353149414 25.9064617156982 26.9645366668701 32.5198097229004 30.7030391693115 27.3266792297363 26.5708599090576 27.0316905975342 27.1613712310791 30.1276607513428 32.6749153137207 29.4325523376465 32.2110939025879 33.116813659668 34.4311408996582 31.5639629364014 30.4442520141602 31.350679397583 31.8258838653564 33.1574211120605 32.7597465515137 33.9980087280273 32.1522598266602 31.1402263641357 31.9832420349121 31.2147274017334 31.3036670684814 27.4007740020752 27.5085391998291
29.4408588409424 25.3084316253662 25.0872001647949 24.0139350891113 22.0976028442383 23.538703918457 24.3057479858398 23.6988143920898 23.6521778106689 23.8738880157471 24.9270038604736 24.3130474090576 25.342643737793 24.5311946868896 28.8258819580078 30.1266059875488 26.033748626709 26.3871459960938 25.5593109130859 26.7867374420166 31.1858062744141 29.7569999694824 28.4351387023926 25.8770217895508 26.5693893432617 27.1693649291992 27.3896045684814 31.4093036651611 30.8447437286377 29.2940349578857 30.5508632659912 30.7456569671631 31.2186489105225 30.7941265106201 30.7237777709961 30.8837814331055 31.7688007354736 32.9178047180176 33.174732208252 33.105827331543 32.6748123168945 32.1855697631836 30.7680568695068 31.0030612945557 29.3739547729492 26.8156032562256
28.0089340209961 28.3060894012451 28.4301662445068 25.0489292144775 24.727710723877 23.9047050476074 23.4984550476074 23.5662708282471 24.2806434631348 23.6547203063965 23.9615802764893 23.4673366546631 25.1157341003418 31.9074935913086 24.9729156494141 26.0233268737793 26.8175830841064 27.0542182922363 26.6314735412598 27.9967975616455 30.6687488555908 30.4177112579346 27.5591487884521 26.7202548980713 26.8183517456055 27.4117126464844 27.0852222442627 27.1790428161621 27.0948734283447 30.9653472900391 32.6484718322754 31.9568386077881 30.5839080810547 31.2576065063477 29.9221954345703 29.4762783050537 32.047119140625 27.0971050262451 31.8200454711914 32.8807525634766 33.1609649658203 31.1659069061279 33.232364654541 32.1568984985352 30.7623882293701 28.6026401519775
22.9014015197754 23.8688220977783 24.723876953125 24.651834487915 24.0034790039062 23.0994243621826 22.7026138305664 22.2944889068604 23.5169773101807 23.9981422424316 23.6667861938477 23.6448040008545 25.2703304290771 26.5099182128906 26.4448528289795 26.441089630127 26.537633895874 29.5722751617432 30.8743877410889 27.9758605957031 27.8810691833496 27.8345146179199 26.4772548675537 26.2770004272461 26.4852752685547 27.1469612121582 27.1992721557617 26.5319499969482 29.8968029022217 28.0663051605225 32.5819091796875 31.6551494598389 32.7289962768555 29.9327697753906 30.6102466583252 29.4129905700684 31.0422706604004 29.1147518157959 29.2699661254883 32.8142967224121 29.0016002655029 26.7233123779297 26.5048561096191 31.3340244293213 31.8933048248291 29.3845920562744
22.6782855987549 22.7162132263184 23.2834033966064 23.7782382965088 24.0943603515625 21.8996963500977 21.5984554290771 22.4518184661865 23.0836963653564 23.8081760406494 23.9997501373291 24.5779361724854 26.1737079620361 27.041051864624 27.0585460662842 27.2726554870605 28.6803607940674 28.8144378662109 28.8530693054199 27.7532234191895 27.4901332855225 28.7295398712158 28.8919982910156 28.5505065917969 31.2851715087891 26.8645362854004 29.4050254821777 28.9776058197021 27.6018676757812 26.9907512664795 26.4848937988281 34.0732803344727 29.3793888092041 30.0226821899414 31.5980453491211 30.5863800048828 31.1531639099121 30.0075569152832 27.3074798583984 27.5997085571289 32.5462760925293 31.0888519287109 27.450252532959 27.0455322265625 31.1186962127686 30.3321495056152
23.1585426330566 22.5266094207764 22.7532253265381 22.8965606689453 23.4252109527588 21.5361824035645 21.2571220397949 21.3519191741943 22.9029560089111 23.7972393035889 23.3054943084717 23.4996147155762 24.917594909668 25.8721389770508 27.0915184020996 26.7094612121582 27.3744316101074 28.8614540100098 27.655590057373 26.6497058868408 27.5467376708984 28.7273845672607 30.6259212493896 33.1539344787598 32.7029876708984 32.564338684082 28.6672039031982 29.6833992004395 27.9464702606201 27.1072902679443 26.9735946655273 32.2248611450195 30.5240783691406 29.2238254547119 29.9822311401367 30.064453125 30.0810394287109 30.8047542572021 27.6112842559814 26.4527950286865 26.1709899902344 25.7824954986572 29.9394493103027 26.5059986114502 27.4479675292969 29.4098606109619
23.9908332824707 23.2974109649658 23.4741020202637 22.979175567627 23.0755500793457 21.6611061096191 22.8466415405273 22.4462356567383 22.8142700195312 23.0156555175781 23.1278610229492 23.4151515960693 23.46750831604 25.1228294372559 26.4172229766846 26.1213779449463 27.3673496246338 28.3161697387695 27.5658798217773 26.4313278198242 26.6530265808105 30.5478172302246 31.4006538391113 33.1644325256348 32.7277717590332 33.743293762207 30.0627689361572 32.3943290710449 29.7905941009521 26.8083457946777 26.937967300415 31.0281734466553 31.109676361084 30.8156318664551 28.9290370941162 29.7031135559082 30.9634532928467 31.0178279876709 32.9877662658691 29.888578414917 32.0506820678711 30.7295112609863 25.8829765319824 26.4258728027344 31.7430152893066 30.7124328613281
24.9008674621582 24.8333873748779 24.2224807739258 24.328929901123 23.5493011474609 23.2294082641602 23.2162971496582 22.0991230010986 22.6467304229736 22.4559574127197 21.7067356109619 22.9567089080811 23.2262477874756 25.0862979888916 25.69557762146 24.7482147216797 26.1206283569336 26.6230010986328 26.6643733978271 26.9476070404053 26.863395690918 28.4140110015869 28.9870262145996 31.3378829956055 33.500617980957 31.536205291748 31.5247974395752 29.9194259643555 30.1966495513916 26.6423511505127 26.8456020355225 29.4956665039062 30.4732494354248 29.0876483917236 30.6420593261719 28.7249526977539 30.7833404541016 29.4473342895508 31.5627059936523 27.85400390625 26.7886447906494 26.3014011383057 28.3544521331787 25.6466369628906 27.3134021759033 28.8486404418945
23.6662178039551 23.4924850463867 23.7205619812012 23.5415229797363 23.4330234527588 23.4855861663818 22.2259273529053 22.2030792236328 21.5562553405762 22.0913333892822 21.0707912445068 22.6034183502197 22.1248798370361 23.8717212677002 24.8552570343018 23.7689323425293 24.1075019836426 26.0536632537842 26.8908004760742 28.3752956390381 27.5319042205811 27.9959907531738 29.0557022094727 29.6408863067627 29.7590351104736 30.2825355529785 31.0636157989502 32.3451118469238 32.4577178955078 31.0875473022461 28.6809329986572 29.9008827209473 30.9290943145752 30.378734588623 32.5004615783691 33.3307456970215 30.2220306396484 29.0380725860596 29.239049911499 30.0671882629395 29.4175109863281 28.5880756378174 26.4089050292969 30.9543552398682 31.4978122711182 28.438570022583
22.8189392089844 23.423189163208 23.5850791931152 23.5014495849609 22.6312198638916 23.5202522277832 22.3858280181885 21.2868957519531 20.6278591156006 20.5410099029541 20.6347332000732 21.2179355621338 28.6071376800537 24.0991477966309 23.8533325195312 23.6875114440918 25.5596561431885 26.5084018707275 27.0550918579102 27.5733890533447 30.6663017272949 29.4350852966309 29.8391742706299 29.3663158416748 30.0068550109863 31.3863506317139 33.5386695861816 31.1771469116211 31.8493347167969 28.8110637664795 27.0381927490234 30.1397151947021 30.3540649414062 29.0262413024902 31.5821170806885 33.4199256896973 32.3625984191895 29.2118473052979 29.8000450134277 32.2922515869141 27.8459491729736 27.0941066741943 28.8769817352295 28.4074020385742 30.7816123962402 30.3096256256104
22.667329788208 23.0738830566406 23.052453994751 23.3505840301514 23.3498229980469 23.271125793457 23.1329174041748 21.9840030670166 21.6154251098633 21.6697731018066 20.6920433044434 20.7554512023926 21.7249794006348 23.7994747161865 23.790828704834 24.7309818267822 25.1449737548828 25.6317520141602 26.8686122894287 27.4299850463867 28.90744972229 28.8578071594238 28.9036121368408 28.6644020080566 29.5122852325439 31.4647235870361 33.3676986694336 30.0774002075195 26.8299121856689 26.9092178344727 27.0374412536621 30.9517612457275 32.4703826904297 29.0183715820312 31.49045753479 33.1574935913086 29.4289608001709 29.4170188903809 30.6236438751221 31.5749053955078 31.8998508453369 31.4255924224854 25.1780586242676 26.126838684082 26.1394901275635 26.4470443725586
22.9409370422363 22.2596645355225 22.4951133728027 23.1221141815186 23.247766494751 23.1752300262451 22.7773952484131 22.29465675354 22.7541790008545 22.2904300689697 21.9511432647705 21.829984664917 22.9541912078857 23.5392990112305 23.3386135101318 24.7783031463623 25.51344871521 26.1485347747803 26.8321113586426 27.0548400878906 29.9163227081299 32.7339286804199 34.0881767272949 27.5732917785645 27.572603225708 27.6100807189941 27.3694801330566 29.9869117736816 29.0317859649658 30.6418609619141 30.0182571411133 30.5072841644287 29.477165222168 31.3373928070068 31.7135696411133 27.3242835998535 30.5488510131836 30.3318977355957 31.9992485046387 32.0825309753418 29.1772060394287 30.3868103027344 29.7365474700928 28.3218841552734 28.4236469268799 27.9218158721924
23.9859981536865 22.6822853088379 22.5511627197266 22.1935710906982 22.970666885376 22.8644924163818 22.8339004516602 23.533260345459 23.1142349243164 22.2829608917236 22.8871383666992 23.3664035797119 23.8491325378418 22.7350101470947 23.1261959075928 24.251989364624 25.8052825927734 26.7891387939453 26.1984214782715 27.2840728759766 29.35866355896 32.2878074645996 32.9426307678223 27.5078392028809 26.7559242248535 27.0403385162354 27.6127052307129 27.7100353240967 29.321268081665 29.5656509399414 32.3155517578125 33.6672325134277 34.2493896484375 31.8812122344971 32.7939224243164 29.4987564086914 30.5513572692871 30.8618659973145 30.0854072570801 31.1202545166016 31.8026885986328 29.1608905792236 26.7511100769043 29.4676303863525 29.0916728973389 29.9309844970703
23.6925754547119 22.8372249603271 22.5744743347168 22.6052150726318 22.8283729553223 22.7156810760498 23.3032741546631 24.4531745910645 29.7600364685059 22.5169773101807 24.6713752746582 25.2218894958496 25.1995735168457 22.9676761627197 23.7454853057861 23.8726139068604 25.1890640258789 25.6275234222412 25.5665607452393 26.63161277771 27.3589324951172 27.9684371948242 29.7625331878662 32.8839492797852 27.8713607788086 27.2382164001465 26.7075366973877 26.8877391815186 29.9768257141113 34.2462615966797 30.4721488952637 27.6192092895508 33.3817100524902 31.5128421783447 31.2241668701172 27.940824508667 29.95583152771 29.247501373291 32.892765045166 32.5184593200684 30.6754856109619 30.7273445129395 30.1974811553955 30.3022537231445 30.3860340118408 31.7390193939209
23.0815467834473 22.8445301055908 22.614725112915 22.9408931732178 23.0169773101807 23.1991405487061 23.3910980224609 25.2423210144043 25.2980518341064 23.7839031219482 26.0611362457275 26.6394882202148 26.2808933258057 24.8322334289551 24.9533176422119 25.575756072998 26.0894527435303 26.7144546508789 26.9691982269287 27.1656398773193 27.4452476501465 27.8369979858398 26.0628356933594 26.1565799713135 26.66481590271 26.2079982757568 26.5887870788574 32.3352737426758 30.0407943725586 33.7190818786621 26.9633159637451 26.3372974395752 27.0919551849365 30.805196762085 31.4583339691162 30.2776622772217 28.677942276001 30.0551300048828 29.7752342224121 30.7451324462891 31.9832534790039 32.8523597717285 32.664249420166 32.4213447570801 31.2174510955811 31.5639934539795
23.1945896148682 23.8805809020996 22.8132991790771 23.3076782226562 23.3716735839844 24.0462856292725 24.5196876525879 27.8742923736572 25.9117221832275 25.6405754089355 26.6734676361084 27.5155010223389 26.8402576446533 25.990758895874 26.1399345397949 27.1221027374268 27.4952430725098 27.463451385498 28.6193809509277 28.3059120178223 29.7980480194092 28.2432136535645 27.4306297302246 26.9086513519287 27.2170162200928 27.548713684082 30.1906394958496 29.2366218566895 29.0917282104492 29.3155097961426 28.1312007904053 29.1029052734375 28.0447998046875 30.535816192627 27.35959815979 30.8737144470215 31.840934753418 31.6967639923096 31.6150360107422 28.9910087585449 29.5597763061523 31.0698680877686 30.2000789642334 31.3830070495605 31.9064884185791 31.956579208374
24.640510559082 24.518985748291 23.3346004486084 24.4286136627197 24.5085830688477 24.8023796081543 25.4533596038818 26.7371463775635 25.7670116424561 26.2870655059814 27.9715309143066 29.5177021026611 27.6280326843262 26.786901473999 26.0435791015625 26.9252700805664 26.8320350646973 27.3106460571289 28.2434005737305 32.8313369750977 28.1986141204834 28.5492000579834 30.7281360626221 30.073579788208 29.8588123321533 29.5284309387207 31.2060070037842 30.4473457336426 30.9935970306396 30.4314517974854 28.8176555633545 29.4817295074463 31.327974319458 31.0643138885498 27.1553592681885 26.4603061676025 26.8695850372314 28.0362453460693 27.5759258270264 29.6230087280273 33.1800994873047 32.7413711547852 29.7435169219971 29.0776443481445 27.5631465911865 27.7457752227783
23.8435916900635 23.8621101379395 24.1351261138916 25.563325881958 26.10276222229 26.6251754760742 27.6734199523926 26.2281951904297 25.4020614624023 25.8232517242432 26.4657115936279 28.4160118103027 28.0180950164795 27.6080341339111 26.6462268829346 29.0267963409424 28.784460067749 30.9515743255615 33.3060531616211 31.144006729126 31.3983516693115 30.160982131958 29.5268249511719 29.9274616241455 30.0457725524902 29.6316337585449 29.6008453369141 29.3997821807861 29.8980522155762 30.9747180938721 30.3252468109131 29.7577095031738 27.6623096466064 27.4190883636475 26.3385238647461 29.5078639984131 30.7837505340576 27.2289810180664 27.1882762908936 27.0164756774902 26.8784637451172 29.5528144836426 29.0749130249023 30.2276401519775 28.8075561523438 28.2276058197021
