inst/extdata/Tmax/Tmax51.asc
NCOLS 100 
NROWS 79 
XLLCORNER 148.06 
YLLCORNER -21.49 
CELLSIZE 0.01 
NODATA_value -3.4e+38 
[rows 0 to 19 of 79, columns 0 to 45 of 100]
27.553144454956101 27.5976486206055 26.7454738616943 27.8151741027832 27.8716735839844 28.2530364990234 28.3158950805664 28.1000823974609 27.8656425476074 27.9996395111084 27.4924468994141 27.4697914123535 27.4806747436523 26.1700916290283 26.7123622894287 27.1689128875732 27.4736366271973 27.5316562652588 26.0308609008789 25.3526058197021 24.4382400512695 22.9126415252686 23.4986228942871 25.1344203948975 25.8729057312012 26.5689716339111 26.1526718139648 26.1488609313965 26.3585529327393 25.9154453277588 23.7022552490234 21.4227428436279 19.753927230835 19.8975887298584 18.4220752716064 16.9915332794189 16.590877532959 16.3157444000244 16.9868392944336 19.2652626037598 21.269983291626 21.6517906188965 22.3461742401123 27.9550609588623 27.6058311462402 26.618293762207
28.1556644439697 27.0496292114258 25.5463829040527 26.2811832427979 26.1914119720459 27.3904285430908 27.9694690704346 28.2092742919922 28.8090763092041 28.8913917541504 28.2564640045166 27.25559425354 27.9244651794434 26.8242244720459 27.0869960784912 26.7500801086426 27.66139793396 27.4880256652832 26.5281085968018 25.513708114624 25.8521518707275 25.0131530761719 24.7441101074219 25.2773475646973 25.8474712371826 26.4089393615723 26.8761291503906 26.850980758667 26.5022583007812 26.0314311981201 24.7737674713135 22.5705738067627 20.6320190429688 22.8532390594482 19.4962310791016 17.9895401000977 17.3091220855713 18.3609027862549 19.725528717041 20.7796306610107 22.4088706970215 22.5086002349854 25.7290019989014 26.5412139892578 27.1876945495605 26.0787506103516
27.9702835083008 26.8894386291504 26.9489574432373 27.5369491577148 26.8445014953613 27.2328796386719 27.7387008666992 28.3695240020752 28.8251876831055 28.8971042633057 28.3502140045166 27.6047344207764 27.9162769317627 27.4881458282471 26.8837757110596 26.9042739868164 27.0593452453613 27.4021053314209 26.502368927002 25.9858589172363 25.4644870758057 25.6926898956299 25.1672115325928 25.5047187805176 26.5261325836182 26.7810287475586 26.7631225585938 26.7552490234375 26.9736251831055 26.3721370697021 26.6520481109619 25.071928024292 26.1714382171631 22.7954540252686 24.7209167480469 18.6751022338867 17.5852222442627 17.2269630432129 18.5771465301514 19.9637355804443 21.8652458190918 28.2276287078857 28.19797706604 24.8331336975098 24.6919021606445 27.2462177276611
28.543285369873 28.2894687652588 27.3047637939453 28.4755573272705 27.6356678009033 27.0656967163086 27.7482891082764 28.3052940368652 28.668664932251 28.83864402771 28.6147594451904 28.1048603057861 28.0013217926025 27.9939041137695 27.5734920501709 27.4921321868896 27.7066783905029 27.3008308410645 27.0753498077393 26.0095043182373 25.7064056396484 25.3889064788818 25.5256061553955 25.5566921234131 26.3194789886475 26.6601123809814 26.5494232177734 26.6245613098145 26.2861480712891 25.3316593170166 25.6527729034424 26.7576694488525 25.2921390533447 22.9239826202393 18.9011688232422 17.8109092712402 18.0896339416504 17.4317588806152 17.4004001617432 16.97194480896 18.7997417449951 21.6000003814697 25.2494106292725 28.8466796875 22.983606338501 23.040433883667
29.3166828155518 28.4486808776855 28.2692642211914 28.8943004608154 28.475133895874 27.899787902832 27.3195133209229 28.4113349914551 29.2887859344482 28.5176696777344 28.7265377044678 28.4792900085449 28.4085674285889 28.2339515686035 27.7145004272461 27.421745300293 27.4656276702881 26.8920078277588 26.1334667205811 25.2321166992188 25.317346572876 25.8591327667236 25.9333629608154 26.223690032959 25.9574508666992 25.8422756195068 27.219388961792 26.3985233306885 26.257453918457 26.3744239807129 25.8435897827148 26.0234298706055 25.2175540924072 24.1318836212158 24.5671463012695 19.75022315979 19.21559715271 18.6174144744873 17.1823348999023 17.0201168060303 16.9044246673584 21.0181102752686 24.4460105895996 26.544340133667 22.3303909301758 21.3879108428955
29.8589210510254 29.217981338501 28.3767986297607 28.7989654541016 29.0268173217773 28.400146484375 28.3317012786865 28.681468963623 28.919849395752 28.6912422180176 28.564826965332 29.0627365112305 28.5870170593262 28.0626850128174 27.0402851104736 27.4517097473145 27.3845310211182 26.5375537872314 25.7413806915283 25.0956172943115 25.189640045166 25.9262943267822 26.1031723022461 26.0533180236816 26.911901473999 26.5193290710449 26.6880359649658 25.5535163879395 25.3969287872314 24.5478782653809 23.851318359375 24.9776039123535 25.6933917999268 24.7767791748047 24.2979354858398 24.6299705505371 19.9005012512207 19.2573089599609 18.6909446716309 17.9834289550781 17.1041145324707 20.0025691986084 25.4628238677979 24.5680713653564 22.6077518463135 19.559009552002
28.9410400390625 29.4988212585449 29.3159446716309 29.678804397583 29.1663436889648 28.7694797515869 27.7618389129639 28.2074604034424 28.8456420898438 29.0793704986572 29.3271446228027 29.3211822509766 28.2394561767578 27.753791809082 27.6884841918945 27.7071151733398 27.1853923797607 26.3642311096191 25.8580131530762 25.286376953125 24.5965461730957 25.3422927856445 25.9374961853027 26.295295715332 26.7004718780518 27.0659637451172 26.995792388916 26.042444229126 25.7768993377686 23.7863788604736 22.9456481933594 22.1814422607422 23.6541805267334 24.5223197937012 24.318172454834 23.8828449249268 20.2947330474854 18.3079509735107 18.4901523590088 18.2692432403564 18.1973781585693 20.2640914916992 26.2581634521484 27.4530239105225 22.8630332946777 25.3498630523682
29.5893039703369 29.0620994567871 29.7730941772461 29.9272785186768 29.3131122589111 29.0246772766113 27.917688369751 28.0242614746094 28.6588973999023 28.9344444274902 28.9273071289062 28.6974220275879 27.8045196533203 28.3701686859131 28.3047676086426 26.9438915252686 26.6418190002441 25.7495384216309 26.2409820556641 25.030611038208 23.9226894378662 24.639087677002 25.2523632049561 26.3943576812744 26.7945785522461 27.0884552001953 26.790599822998 25.7758884429932 25.3568553924561 24.727725982666 22.3570137023926 22.0036697387695 22.8284816741943 22.7802238464355 23.4325942993164 23.5962677001953 19.6174297332764 18.5525760650635 17.9312496185303 18.4706115722656 18.6835193634033 20.0251541137695 21.2938289642334 22.6050128936768 22.7108707427979 20.2429046630859
28.7980175018311 29.5026149749756 29.1376399993896 29.3042793273926 29.2096462249756 29.1375675201416 28.6740818023682 27.8534870147705 28.2912616729736 28.8389625549316 29.0334453582764 29.4570140838623 29.6539840698242 28.505973815918 28.0531539916992 26.6533737182617 26.5219459533691 26.4051208496094 26.6793766021729 25.2112865447998 25.2307186126709 24.835865020752 25.2141189575195 26.2440586090088 26.8753471374512 27.2256603240967 26.0950603485107 24.3422927856445 24.8388481140137 24.6915950775146 23.5435085296631 22.4721412658691 22.0736427307129 21.5573749542236 24.3745384216309 22.2350521087646 23.0719509124756 23.3659515380859 18.116979598999 17.8964176177979 18.0460033416748 18.2806053161621 19.0165424346924 20.9674015045166 21.7113437652588 20.1800785064697
28.1119556427002 29.1351623535156 29.3897113800049 29.8491039276123 29.1835994720459 29.257022857666 28.7802658081055 28.2199840545654 28.3564205169678 28.4660453796387 28.9652404785156 28.9553184509277 27.7799663543701 27.7272186279297 27.7378845214844 27.5147705078125 27.3834419250488 27.0778923034668 26.5285339355469 26.3281726837158 26.282096862793 25.3191738128662 25.8158149719238 26.8085765838623 27.642972946167 27.5378856658936 26.2917976379395 25.708589553833 24.8776226043701 23.6555118560791 22.5481777191162 22.1012058258057 22.4662322998047 23.1049480438232 23.4860153198242 21.7661094665527 18.7397766113281 22.1750068664551 18.7366943359375 17.596061706543 17.6137199401855 17.2396984100342 17.9915409088135 19.3510837554932 19.4948387145996 19.0969429016113
28.3817081451416 29.4732532501221 29.4813842773438 28.9594020843506 29.6843509674072 29.8478603363037 29.264949798584 28.6388912200928 28.7409858703613 28.7904357910156 29.1820335388184 28.5672435760498 28.2552947998047 27.0066528320312 27.214916229248 27.3218631744385 27.3195152282715 27.5274047851562 27.0405464172363 26.9819412231445 25.7971744537354 25.6780033111572 25.5505256652832 26.570837020874 26.9776420593262 27.8108558654785 26.0519828796387 24.0785942077637 23.1385097503662 22.9714736938477 22.5049209594727 22.9645500183105 23.9023189544678 23.7954177856445 23.057300567627 21.237678527832 18.9612255096436 18.5881938934326 18.5135059356689 17.6000862121582 17.7345676422119 17.2293109893799 17.1160583496094 17.9899387359619 18.5990314483643 19.0217895507812
28.8442058563232 28.2956581115723 29.1314582824707 29.2888126373291 29.3585662841797 30.2840785980225 29.5724010467529 28.7897243499756 28.6322593688965 28.981954574585 28.6941738128662 29.157844543457 28.7463207244873 28.120475769043 27.8859882354736 27.7579727172852 28.0684852600098 27.8883419036865 27.6321048736572 26.8767757415771 25.9873142242432 25.5006122589111 26.0153961181641 26.0350303649902 25.9515705108643 26.6344127655029 24.9198455810547 24.011646270752 23.3469123840332 23.6857204437256 24.0103969573975 23.9945621490479 24.0684394836426 23.4619255065918 23.3368129730225 22.2675266265869 22.9623165130615 17.8386154174805 18.6149272918701 18.9376239776611 18.6327877044678 18.2151260375977 17.2306785583496 18.1218242645264 18.5410537719727 18.747501373291
28.9896430969238 29.2079772949219 29.298770904541 30.0185527801514 29.9217014312744 29.9890079498291 29.3194770812988 28.5519161224365 28.9260749816895 29.9891376495361 28.9731464385986 29.3311252593994 28.6311378479004 29.1555042266846 28.689489364624 28.4008483886719 28.920337677002 28.3994979858398 28.1039161682129 26.7453365325928 26.4979133605957 26.9643287658691 27.1034564971924 27.6184711456299 27.4676456451416 26.8714771270752 26.4720687866211 25.5804634094238 24.7094402313232 24.3766345977783 25.2574043273926 24.9447078704834 24.7847728729248 24.1788730621338 22.7233753204346 21.9033432006836 20.6464233398438 22.3221702575684 21.3258743286133 19.6614780426025 17.8568572998047 17.6172561645508 17.1006317138672 16.8644638061523 18.8596363067627 19.3785877227783
29.7405757904053 30.0336608886719 28.7835273742676 29.2746086120605 28.8829212188721 28.9404144287109 29.696361541748 29.1213722229004 29.3024826049805 29.302453994751 29.2728214263916 29.1063442230225 28.7351760864258 28.2817878723145 28.6153163909912 28.2335605621338 28.6803417205811 28.4022884368896 28.2014179229736 27.5456619262695 27.7508163452148 27.8333473205566 27.5536689758301 27.7288875579834 26.9084091186523 25.0239925384521 24.6339454650879 24.5218296051025 23.7222270965576 24.3373966217041 25.3136463165283 25.1237125396729 24.4909229278564 23.6737442016602 23.0037384033203 24.5678272247314 23.1065998077393 19.3489723205566 23.6660575866699 25.1365509033203 24.2508773803711 19.5808620452881 18.5283317565918 18.2193794250488 19.0864410400391 20.0743217468262
28.1159782409668 28.4411659240723 29.0718765258789 29.4922542572021 29.2390937805176 29.1080169677734 29.1319732666016 29.8102855682373 28.6882381439209 28.4934215545654 28.6641502380371 28.42409324646 27.7215595245361 27.7044258117676 28.0715293884277 27.4601001739502 28.3864059448242 28.5043792724609 28.3535137176514 28.4633884429932 28.1986999511719 27.4838218688965 26.6232891082764 26.8482761383057 26.7163600921631 26.5134239196777 26.2320823669434 25.6084537506104 24.9953517913818 25.7687759399414 25.1351356506348 25.4462108612061 25.1747550964355 25.3078708648682 24.9447860717773 23.325855255127 24.1921081542969 23.5324363708496 23.4267921447754 25.1081295013428 24.8636035919189 24.8801078796387 19.584789276123 18.5308742523193 19.1862602233887 20.4099750518799
26.3991031646729 28.0711441040039 29.1804866790771 28.946496963501 29.6546115875244 29.6307487487793 29.4110374450684 28.9871387481689 29.5358943939209 28.9420166015625 27.4349613189697 28.3680419921875 27.076868057251 26.2259197235107 27.5128631591797 27.3104400634766 26.7844657897949 27.5538997650146 28.3599452972412 28.128885269165 28.0133819580078 27.8347644805908 27.7290306091309 27.6679267883301 27.2492847442627 26.8142337799072 27.0446586608887 26.6105918884277 26.4466896057129 26.1054248809814 25.8613929748535 25.1417102813721 25.0875205993652 25.7565326690674 25.5833759307861 25.4240703582764 25.8673229217529 24.0936031341553 25.3351898193359 26.0710372924805 25.4556770324707 23.8362808227539 18.598388671875 17.3949203491211 18.1699829101562 19.5437488555908
27.8000526428223 26.7016296386719 28.2343807220459 29.3136177062988 28.4196949005127 28.4114837646484 29.5788745880127 28.8511219024658 28.7678031921387 29.0443325042725 27.8437271118164 27.9449577331543 26.5328578948975 25.9012279510498 26.9853401184082 25.9701557159424 25.7174129486084 27.0183734893799 27.072151184082 27.3342208862305 27.9468460083008 27.9603958129883 27.4268913269043 27.3761711120605 26.5061092376709 25.8137359619141 25.1656360626221 25.6601142883301 26.4109077453613 25.2701301574707 24.8889217376709 24.0944404602051 24.6072616577148 25.657693862915 25.870059967041 25.5895538330078 26.1586799621582 26.0930557250977 25.5303211212158 25.1069202423096 25.4113483428955 23.5470066070557 22.1076049804688 19.2026119232178 18.8048076629639 19.8041954040527
28.213550567627 28.1830997467041 28.2859783172607 29.4824142456055 28.8187694549561 29.2644195556641 29.8156719207764 29.8466186523438 30.0770320892334 29.7140140533447 29.3138618469238 28.794059753418 26.7694759368896 26.0937690734863 26.6506271362305 26.1040134429932 25.8316497802734 25.6651458740234 24.9365406036377 26.1897678375244 27.3525867462158 28.2327079772949 28.5023040771484 27.8943862915039 26.446117401123 24.6669406890869 23.5947933197021 24.4999542236328 25.6753749847412 25.0015602111816 24.9024562835693 25.912239074707 25.9083385467529 25.978178024292 26.6588115692139 25.7362270355225 25.2045097351074 24.9874286651611 25.6779556274414 25.8006401062012 26.3063793182373 25.8487701416016 24.6865653991699 24.2147312164307 21.4248008728027 20.8803634643555
29.2931842803955 28.0902786254883 27.6707515716553 28.2961387634277 28.5930957794189 29.1917476654053 30.0431289672852 29.2831134796143 30.1784210205078 29.7494583129883 28.2197341918945 28.5073986053467 27.4754066467285 24.4800548553467 25.0370979309082 24.2772464752197 24.6878643035889 23.9409637451172 25.2808494567871 26.4396991729736 27.9240951538086 27.7389240264893 28.337064743042 28.3186511993408 26.7930374145508 25.2623310089111 23.5446929931641 24.2294940948486 25.9596405029297 25.0555725097656 25.5300712585449 26.40993309021 27.3649349212646 27.370288848877 26.4716815948486 26.0537624359131 25.4655055999756 25.472110748291 26.3508434295654 26.3680419921875 26.4726810455322 26.3703193664551 26.0541362762451 25.7352180480957 23.7879428863525 20.7287101745605
28.2127208709717 28.2711353302002 28.6753883361816 28.3445720672607 29.1804161071777 29.0991916656494 30.0325794219971 30.0257797241211 28.9996604919434 29.3255310058594 29.6242618560791 28.6789360046387 27.5290145874023 24.078556060791 24.6634941101074 24.7833881378174 24.2625331878662 24.6917533874512 24.8008041381836 26.2310905456543 27.6800117492676 27.3121871948242 28.0920886993408 28.1460514068604 27.5645923614502 26.5444946289062 25.1372261047363 24.9052772521973 25.7539119720459 25.9958839416504 26.8480529785156 27.3051414489746 27.3782234191895 27.403377532959 27.4668064117432 26.423828125 25.4814014434814 25.4425773620605 25.5461883544922 26.0516262054443 26.8664169311523 26.4387969970703 25.4728126525879 25.5351448059082 24.4588565826416 23.8715190887451
