inst/extdata/Tmax/Tmax114.asc
NCOLS 100 
NROWS 79 
XLLCORNER 148.06 
YLLCORNER -21.49 
CELLSIZE 0.01 
NODATA_value -3.4e+38 
[rows 40 to 59 of 79, columns 46 to 91 of 100]
29.8095111846924 30.7602672576904 31.1690692901611 32.0275382995605 33.5928039550781 34.5325965881348 34.0696449279785 32.2080307006836 31.8369636535645 32.4896392822266 32.9813346862793 34.6719589233398 34.2890853881836 34.490478515625 33.6671257019043 34.6444625854492 34.8178215026855 34.5265464782715 34.6139869689941 34.7012977600098 34.6992950439453 33.7894744873047 34.15869140625 34.4594993591309 34.5360450744629 34.5792083740234 34.4719200134277 34.0925598144531 34.2620048522949 34.4413299560547 34.3900108337402 34.2343482971191 33.9125061035156 32.7201385498047 32.977180480957 33.6137847900391 33.5264320373535 33.4367446899414 33.6596794128418 33.1407051086426 32.4497604370117 32.8951644897461 33.1889686584473 32.9940795898438 33.2383270263672 33.2699890136719
31.1183853149414 32.2580642700195 32.1666488647461 32.1140556335449 33.6303634643555 34.814022064209 33.7050628662109 33.3091735839844 33.8767929077148 33.9473762512207 34.2884750366211 34.958179473877 34.835334777832 34.8402519226074 34.6860008239746 34.9760284423828 35.0033874511719 34.9275512695312 34.8739700317383 34.882438659668 34.8486671447754 34.3399085998535 33.6566772460938 33.9888114929199 33.9018630981445 34.3597106933594 34.6411628723145 34.1775665283203 34.1549644470215 34.5164108276367 34.5316314697266 34.4425086975098 34.2704925537109 33.6769485473633 33.8960456848145 33.9266548156738 33.7262153625488 33.7168006896973 33.808666229248 33.919807434082 33.0182495117188 33.225944519043 33.7910041809082 33.6034202575684 33.7213973999023 33.654468536377
33.4762954711914 33.6382446289062 33.8027610778809 34.2562599182129 34.5655250549316 35.0179290771484 34.5975379943848 34.0684394836426 34.557243347168 34.935791015625 34.8407745361328 35.1344299316406 35.1559562683105 35.0678176879883 35.029369354248 35.0977249145508 35.0964508056641 35.0614318847656 35.018238067627 34.9949226379395 34.892936706543 33.9944610595703 33.7919387817383 34.2557258605957 33.7490463256836 34.1628952026367 34.5707397460938 34.4646530151367 34.3974685668945 34.6246795654297 34.6272583007812 34.6083145141602 34.5561485290527 34.4330215454102 34.3237609863281 33.9951324462891 33.1428756713867 33.6907730102539 34.1779518127441 34.1657371520996 34.0362777709961 33.9747695922852 34.0754165649414 34.0984954833984 34.1260528564453 34.0618858337402
34.6841239929199 34.6915855407715 34.8062133789062 34.9348106384277 35.1502380371094 35.2098655700684 35.1173706054688 34.8800086975098 35.0344009399414 35.2329063415527 35.2185516357422 35.2545547485352 35.2216835021973 35.1735687255859 35.180004119873 35.1392135620117 35.0640907287598 35.0278015136719 35.0447311401367 35.0587921142578 34.9990119934082 34.7609558105469 34.5073738098145 34.6584854125977 34.516471862793 34.0797538757324 34.3396186828613 34.5820617675781 34.713321685791 34.7192420959473 34.695858001709 34.6738395690918 34.6304130554199 34.5750007629395 34.5526275634766 34.3942680358887 33.9323272705078 34.2115898132324 34.3686637878418 34.3451690673828 34.3021430969238 34.290599822998 34.2679290771484 34.2727699279785 34.2673873901367 34.2232780456543
34.5138359069824 34.7631568908691 35.0051116943359 35.0004577636719 35.0418434143066 35.143383026123 35.1810035705566 35.2352905273438 35.2497062683105 35.1825752258301 34.9674034118652 35.0592727661133 34.9731826782227 34.7101631164551 34.8716697692871 34.9846649169922 34.8628921508789 34.9546394348145 35.0289497375488 35.0592079162598 35.0536651611328 34.9168128967285 34.604377746582 34.3449821472168 34.5438385009766 34.6916007995605 34.7223167419434 34.7475128173828 34.7390213012695 34.7537994384766 34.716667175293 34.6908493041992 34.6331481933594 34.5776672363281 34.5864334106445 34.5108337402344 34.4728012084961 34.4496955871582 34.3869476318359 34.3779029846191 34.3432083129883 34.3210029602051 34.3133430480957 34.2903709411621 34.1930999755859 34.2030563354492
32.7501373291016 33.5123252868652 33.9170379638672 34.1169662475586 34.4659652709961 34.7739601135254 34.7082824707031 34.8896560668945 34.8746185302734 34.7041244506836 33.9445648193359 33.9463424682617 34.0095062255859 32.5453605651855 33.4648666381836 34.1956977844238 34.7094764709473 35.0130500793457 35.0821151733398 35.0877418518066 35.0751533508301 34.8929138183594 34.4630317687988 34.0974426269531 34.3407249450684 34.575267791748 34.6831817626953 34.65478515625 34.7002563476562 34.751091003418 34.7316589355469 34.7119255065918 34.6749954223633 34.6478996276855 34.5981559753418 34.4849624633789 34.4558029174805 34.4293746948242 34.3896789550781 34.3721389770508 34.3319282531738 34.3132514953613 34.293098449707 34.235237121582 34.2178497314453 34.2240600585938
30.3565502166748 31.6261787414551 31.5207042694092 31.4801921844482 32.788890838623 33.2985954284668 33.4055480957031 33.6515655517578 34.0851860046387 33.4655342102051 32.790714263916 32.2110214233398 32.8517036437988 32.7137184143066 33.1364707946777 34.2455139160156 34.890064239502 35.0552291870117 35.0700263977051 35.0338516235352 35.0589828491211 35.0575065612793 34.6418075561523 34.2942237854004 34.1722564697266 34.4152565002441 34.5988502502441 34.6905555725098 34.7702941894531 34.7702751159668 34.7659606933594 34.755672454834 34.7282104492188 34.6800537109375 34.5842247009277 34.5053291320801 34.481143951416 34.4574241638184 34.4267349243164 34.402759552002 34.3614959716797 34.3465614318848 34.3324203491211 34.2909164428711 34.2725563049316 34.1559829711914
30.4830551147461 30.405200958252 30.2000961303711 30.2709445953369 30.2024765014648 30.9784126281738 32.2250213623047 32.8666572570801 33.0339393615723 32.8971328735352 33.4051475524902 33.2274360656738 33.0570793151855 33.6118507385254 33.8838768005371 34.7120704650879 34.9410820007324 34.9505424499512 34.8735084533691 34.9725799560547 35.0659942626953 35.0988883972168 34.9470863342285 34.6376075744629 34.2249641418457 34.4640884399414 34.6326026916504 34.7704734802246 34.8197860717773 34.8366088867188 34.8230438232422 34.7881240844727 34.7073059082031 34.617244720459 34.5394592285156 34.4935188293457 34.4859733581543 34.4808235168457 34.4519271850586 34.4275512695312 34.3989448547363 34.3899307250977 34.372386932373 34.3411674499512 34.1471252441406 33.9341583251953
30.0909881591797 30.1889610290527 30.4143371582031 30.1148452758789 30.0119552612305 30.1060619354248 30.9831295013428 32.618106842041 33.1377220153809 33.2996711730957 33.121467590332 33.2916793823242 33.5642852783203 33.8338165283203 33.8759956359863 34.3741493225098 34.7228698730469 34.7055969238281 34.6823806762695 34.9530487060547 35.0349540710449 35.037239074707 35.1013412475586 35.0061683654785 34.8803367614746 34.8298721313477 34.8954887390137 34.9417381286621 34.9302520751953 34.9140777587891 34.8643951416016 34.7832984924316 34.6847915649414 34.5422592163086 34.4845924377441 34.5171661376953 34.5075836181641 34.5058555603027 34.5024871826172 34.4737930297852 34.4595947265625 34.4478225708008 34.4230194091797 34.3992729187012 34.2485618591309 34.1142387390137
30.1711044311523 30.3458194732666 30.365852355957 30.0200366973877 30.5228519439697 31.3693237304688 31.4713821411133 32.7127571105957 33.1733283996582 33.3622398376465 33.1613883972168 33.615161895752 33.873291015625 33.8632202148438 33.9368591308594 33.8208160400391 33.9004173278809 34.1100006103516 34.4522132873535 34.7748374938965 34.849781036377 34.8512916564941 35.0647315979004 35.0939102172852 35.0930595397949 35.0529556274414 35.0110816955566 34.8325881958008 34.8738212585449 34.9201698303223 34.8600158691406 34.7346534729004 34.675048828125 34.4721221923828 34.3916206359863 34.541374206543 34.5242538452148 34.4897994995117 34.5279884338379 34.5158309936523 34.4848365783691 34.4799690246582 34.4567642211914 34.424991607666 34.3526496887207 34.2767524719238
30.210901260376 30.0811386108398 30.3033142089844 29.9979591369629 30.6667079925537 31.7806606292725 32.1269569396973 32.7011642456055 33.3892288208008 33.8173751831055 33.819149017334 33.9242286682129 33.9815902709961 33.9971542358398 33.9718971252441 33.9028129577637 33.9528770446777 33.6777153015137 33.3242263793945 34.4137306213379 34.2862815856934 34.6934127807617 34.9948997497559 35.0365905761719 35.0685997009277 35.0339279174805 34.9478721618652 34.7219696044922 34.8455352783203 34.9254760742188 34.7457885742188 34.5705871582031 34.5676956176758 34.5307998657227 34.5435638427734 34.599853515625 34.5888671875 34.5571403503418 34.5374145507812 34.5520248413086 34.5315742492676 34.5088081359863 34.4809379577637 34.4450874328613 34.4025573730469 34.3094482421875
29.7584018707275 29.7246589660645 30.1198081970215 29.4535465240479 29.6059646606445 31.6680908203125 32.4364700317383 33.0578918457031 33.3825569152832 33.6494178771973 33.6944694519043 33.6872482299805 33.4803237915039 33.4684448242188 33.7173118591309 33.8288269042969 34.141170501709 34.0560836791992 33.8634262084961 33.8911628723145 33.7190818786621 34.4707221984863 34.8472900390625 34.999137878418 34.9910583496094 34.9860687255859 34.6355476379395 34.266960144043 34.8264427185059 34.935417175293 34.6481513977051 34.34521484375 34.5678062438965 34.597282409668 34.608283996582 34.5575561523438 34.5369873046875 34.5226745605469 34.5255966186523 34.4982261657715 34.4918823242188 34.5165634155273 34.4995040893555 34.4663734436035 34.4273376464844 34.3529357910156
29.3738422393799 29.2145824432373 29.7037410736084 29.5688495635986 29.6549663543701 30.6945381164551 31.7449188232422 32.4022064208984 32.8757934570312 33.2257881164551 33.1593246459961 33.0773468017578 33.1292877197266 33.3975563049316 34.1086273193359 34.1938285827637 34.3592910766602 34.2523994445801 34.1597099304199 33.9829902648926 33.727855682373 34.3612060546875 34.7778472900391 34.94775390625 34.8738632202148 34.9428367614746 34.5586318969727 33.6494598388672 34.5944938659668 34.9217071533203 34.6393051147461 34.3974227905273 34.5723114013672 34.4984817504883 34.4158515930176 34.4221153259277 34.4522171020508 34.3738708496094 34.2839164733887 34.254093170166 34.3473892211914 34.4263305664062 34.5016250610352 34.4799385070801 34.4442863464355 34.3911323547363
30.5578765869141 29.4629440307617 29.5721092224121 29.9892044067383 30.3812026977539 31.4855365753174 31.551664352417 32.34326171875 33.1343002319336 33.454948425293 33.7877655029297 33.8795700073242 33.9979095458984 34.2054557800293 34.3755950927734 34.4020385742188 34.3413009643555 34.4010200500488 34.3548889160156 34.1142997741699 33.8994827270508 33.9163627624512 34.4165649414062 34.6237907409668 34.5374145507812 34.9282455444336 34.8119125366211 34.1787185668945 34.6834678649902 34.922981262207 34.6834831237793 34.4930992126465 34.3952102661133 34.0576324462891 34.2230262756348 34.1437644958496 34.1370010375977 33.7208137512207 33.8045120239258 32.8414535522461 34.1052742004395 34.3383750915527 34.4995956420898 34.5019760131836 34.4718132019043 34.4197082519531
31.2984657287598 30.2355117797852 29.6692733764648 30.5130233764648 31.1899185180664 31.9371852874756 32.0093116760254 32.4837455749512 33.2391777038574 33.6466369628906 33.6796607971191 33.6844482421875 34.0787506103516 34.2343864440918 34.3287773132324 34.2984237670898 34.4887237548828 34.605281829834 34.5628890991211 34.306755065918 34.1215629577637 34.0330238342285 34.1487884521484 34.1467666625977 34.1076431274414 34.7512741088867 34.9084167480469 34.6103515625 34.3080291748047 34.8081512451172 34.3426513671875 33.5509834289551 34.1322898864746 34.2723655700684 34.5372886657715 34.523754119873 34.4693450927734 34.4224700927734 34.1919555664062 33.2415008544922 33.9975128173828 34.2993469238281 34.4559173583984 34.4941635131836 34.4839134216309 34.4354476928711
31.3483047485352 30.4237670898438 29.815258026123 31.1802444458008 32.1939239501953 32.6253089904785 33.3677864074707 33.5918884277344 33.7911186218262 33.8913383483887 33.6898155212402 33.6369667053223 34.1778717041016 34.2541046142578 34.2528343200684 34.3097381591797 34.4099731445312 34.3870468139648 34.8861541748047 34.6360130310059 34.3418388366699 34.186450958252 34.150505065918 33.9816780090332 33.9788970947266 34.5703086853027 34.8927726745605 34.786247253418 34.627685546875 34.9107818603516 34.2156944274902 33.141731262207 33.6125984191895 34.2604331970215 34.2803153991699 33.8856048583984 33.9279556274414 34.430908203125 34.5313720703125 34.4780616760254 34.4940147399902 34.4706687927246 34.4706420898438 34.4639167785645 34.4814109802246 34.4535865783691
31.2145767211914 30.1734924316406 29.6612319946289 30.9510459899902 32.2879486083984 32.6404800415039 32.0432319641113 33.3965644836426 33.3335304260254 32.7671966552734 33.7121620178223 33.9116172790527 33.9224090576172 33.9711227416992 33.9781532287598 34.1746292114258 34.2920455932617 34.3925018310547 34.8593215942383 34.9622344970703 34.7451477050781 34.4312591552734 34.2522315979004 34.1627769470215 33.9167938232422 34.3565559387207 34.7880630493164 34.7859687805176 34.9520034790039 34.9955978393555 34.4644165039062 32.7470779418945 33.3710098266602 32.8770713806152 33.2025833129883 32.4987945556641 33.4073028564453 34.4082908630371 34.5063705444336 34.5518798828125 34.5462455749512 34.448127746582 34.3288459777832 34.4244956970215 34.443000793457 34.4317016601562
31.1920166015625 30.3848648071289 30.4416007995605 30.9779510498047 31.9384384155273 32.361873626709 32.7899780273438 33.018009185791 31.6914558410645 31.5898380279541 33.1399841308594 32.1310043334961 32.4928703308105 32.930347442627 33.641040802002 34.08984375 34.2302322387695 34.4329833984375 34.7585296630859 34.8711090087891 34.901237487793 34.651294708252 34.3190040588379 34.3727684020996 34.2367668151855 34.4465713500977 34.4283905029297 34.2495193481445 34.7643165588379 34.9287414550781 34.67529296875 33.9689712524414 32.5446434020996 30.6012897491455 30.7708339691162 32.3976249694824 33.7953872680664 34.3791999816895 34.4724731445312 34.4001083374023 34.3798370361328 34.1406135559082 34.0130424499512 34.3575744628906 34.1064605712891 34.1492156982422
31.1719455718994 30.7786674499512 30.5523910522461 30.8712329864502 31.5049228668213 32.3229370117188 32.4814796447754 32.0431175231934 31.5451164245605 32.4038200378418 32.8830833435059 31.8627510070801 32.1838417053223 32.6065101623535 33.5500297546387 33.9387741088867 34.2219886779785 34.6413688659668 35.0310173034668 34.846565246582 34.6945266723633 34.9684524536133 34.7032318115234 34.5066413879395 34.3344841003418 34.3113021850586 34.3745422363281 34.2628898620605 34.5680465698242 34.8795394897461 34.8882904052734 34.3639907836914 33.6453590393066 32.0101470947266 31.4019527435303 32.4683456420898 33.8045463562012 34.3347778320312 34.3773155212402 33.9055786132812 34.1384925842285 34.2978439331055 34.0786933898926 34.1309547424316 33.8154487609863 34.042724609375
30.8110828399658 30.5754795074463 30.060266494751 30.4100875854492 31.2125205993652 31.3704566955566 31.8011093139648 32.1282119750977 32.4127502441406 32.5063514709473 32.8392486572266 33.0436897277832 33.6919059753418 33.7683944702148 33.9009246826172 33.432201385498 34.3631706237793 34.7159271240234 34.9056701660156 34.615104675293 34.7051849365234 34.8809013366699 34.9619407653809 34.8871726989746 34.5896911621094 34.5024871826172 34.1381759643555 34.2803153991699 34.6517944335938 34.7179908752441 34.8359069824219 34.8493499755859 34.2879447937012 33.6164588928223 32.7142181396484 32.4113883972168 33.5182952880859 34.2569618225098 33.7582893371582 33.2224769592285 34.0926971435547 34.3224754333496 34.0315704345703 33.2846565246582 33.6118545532227 34.088134765625
