inst/extdata/Tmax/Tmax22.asc
NCOLS 100 
NROWS 79 
XLLCORNER 148.06 
YLLCORNER -21.49 
CELLSIZE 0.01 
NODATA_value -3.4e+38 
[rows 0 to 19 of 79, columns 0 to 45 of 100]
33.417575836181598 33.4796562194824 32.6935729980469 33.7115478515625 33.7317733764648 34.040699005127 34.0497131347656 33.7813529968262 33.5269622802734 33.661922454834 33.1942024230957 33.1701431274414 33.1653518676758 31.955379486084 32.4281959533691 32.8150901794434 33.045482635498 33.0805473327637 31.6503200531006 31.0165233612061 30.0924034118652 28.6365203857422 29.154748916626 30.6248302459717 31.2716045379639 31.9045333862305 31.4758415222168 31.4353675842285 31.6592140197754 31.2355766296387 29.1023254394531 27.022876739502 25.1689205169678 25.2949028015137 23.9461631774902 22.5383224487305 22.0945415496826 21.748571395874 22.4783134460449 24.6240634918213 26.448356628418 26.7868118286133 27.3748378753662 32.9278450012207 32.5444450378418 31.5282688140869
34.0449256896973 32.9718894958496 31.5111904144287 32.2185440063477 32.1517944335938 33.2544212341309 33.7453498840332 33.9138069152832 34.4662590026855 34.5415306091309 33.9317741394043 32.9454917907715 33.5737686157227 32.5008850097656 32.7576942443848 32.4086608886719 33.2431259155273 33.0387001037598 32.1710815429688 31.1937866210938 31.4520645141602 30.6139316558838 30.3315029144287 30.7886447906494 31.2736549377441 31.7825031280518 32.1795959472656 32.1324615478516 31.7853336334229 31.3149089813232 30.1379413604736 28.0773963928223 25.9652671813965 28.2100505828857 24.9105892181396 23.504020690918 22.8561058044434 23.8471202850342 25.10280418396 26.0288028717041 27.4646854400635 27.4982967376709 30.6909332275391 31.4934959411621 32.1226348876953 30.9980773925781
33.8642082214355 32.8430023193359 32.8708267211914 33.424430847168 32.7531585693359 33.1091117858887 33.5484275817871 34.0774917602539 34.4771194458008 34.5456771850586 34.0176162719727 33.2634735107422 33.5618743896484 33.1152877807617 32.5252799987793 32.5388145446777 32.6398391723633 32.9341621398926 32.0844039916992 31.5649013519287 31.0349655151367 31.2736663818359 30.7484703063965 31.0460929870605 31.9340496063232 32.1220855712891 32.098560333252 32.0643081665039 32.2537384033203 31.6672649383545 31.9097518920898 30.4300842285156 31.4689998626709 28.2229061126709 30.1598701477051 24.1712512969971 23.1241512298584 22.7791213989258 24.0305576324463 25.2913475036621 27.0264682769775 33.248477935791 33.1650352478027 29.7817344665527 29.6340293884277 32.1854934692383
34.4106216430664 34.1783218383789 33.2082824707031 34.2782936096191 33.4823303222656 32.9356651306152 33.552059173584 34.0034637451172 34.3113975524902 34.4790191650391 34.2532653808594 33.721549987793 33.6086463928223 33.6004943847656 33.2150840759277 33.1301574707031 33.2693023681641 32.8292274475098 32.6090812683105 31.5787544250488 31.2888889312744 30.9881286621094 31.0901374816895 31.0994510650635 31.7616901397705 32.0126724243164 31.9253826141357 31.9326305389404 31.5923824310303 30.72141456604 30.9388217926025 32.0019569396973 30.6095027923584 28.3747596740723 24.399263381958 23.40110206604 23.6142635345459 23.0009708404541 22.9438362121582 22.4294586181641 24.236291885376 26.7334213256836 30.2526702880859 33.8111686706543 27.9739284515381 28.0359344482422
35.0900955200195 34.2917327880859 34.122241973877 34.6609077453613 34.2549476623535 33.741771697998 33.1328163146973 34.1070899963379 34.9324035644531 34.199031829834 34.3815841674805 34.0716705322266 33.9963493347168 33.8409538269043 33.3486289978027 33.0080680847168 33.0123710632324 32.4503860473633 31.7276439666748 30.887378692627 30.9268760681152 31.4215908050537 31.4534492492676 31.6912155151367 31.3967723846436 31.2984867095947 32.5419807434082 31.7497577667236 31.5988502502441 31.7541961669922 31.1457118988037 31.3199253082275 30.5271625518799 29.5427112579346 30.0177574157715 25.1349754333496 24.6231555938721 24.0705413818359 22.679027557373 22.5298252105713 22.3445529937744 26.2628135681152 29.4981822967529 31.5325145721436 27.4014415740967 26.541675567627
35.6007919311523 34.9844245910645 34.2320365905762 34.5634880065918 34.7534103393555 34.1718902587891 34.1183929443359 34.3731994628906 34.5565910339355 34.3536605834961 34.2199897766113 34.643138885498 34.1694755554199 33.6652870178223 32.7111473083496 33.0252494812012 32.9436264038086 32.134407043457 31.3814430236816 30.7588863372803 30.816967010498 31.4963264465332 31.6066265106201 31.5300998687744 32.3192520141602 31.9148139953613 32.0425682067871 30.9862384796143 30.802526473999 30.0633563995361 29.2468585968018 30.2778415679932 30.9506988525391 30.0515556335449 29.5970211029053 29.9293174743652 25.277925491333 24.6760292053223 24.1349506378174 23.4958992004395 22.6028347015381 25.300968170166 30.5393218994141 29.5726776123047 27.6693134307861 24.8599185943604
34.639274597168 35.2292900085449 35.0941505432129 35.4001770019531 34.8722648620605 34.5182266235352 33.5790634155273 33.9193000793457 34.4992141723633 34.6803741455078 34.913459777832 34.9088554382324 33.8743934631348 33.3445587158203 33.2581596374512 33.274055480957 32.7556533813477 31.9867115020752 31.4823818206787 30.9225578308105 30.2747421264648 30.9715538024902 31.4840240478516 31.7631130218506 32.0881843566895 32.4374313354492 32.3351554870605 31.4339752197266 31.1904392242432 29.3261775970459 28.4587364196777 27.6516971588135 28.9690914154053 29.7841320037842 29.6158695220947 29.1859951019287 25.6493701934814 23.805025100708 23.9435195922852 23.7576694488525 23.6957130432129 25.5877475738525 31.3704299926758 32.4983215332031 27.9296951293945 30.6102714538574
35.2903289794922 34.7600212097168 35.505859375 35.6289939880371 34.9979553222656 34.7364387512207 33.699405670166 33.8002243041992 34.3633804321289 34.5524444580078 34.4974403381348 34.2961349487305 33.4869956970215 33.9940147399902 33.8644790649414 32.5848045349121 32.263801574707 31.4423866271973 31.9184379577637 30.7109928131104 29.6539211273193 30.2925910949707 30.8286628723145 31.8700408935547 32.1703643798828 32.4340476989746 32.1730003356934 31.1947593688965 30.7731590270996 30.217716217041 27.9876098632812 27.571117401123 28.3264083862305 28.17236328125 28.7433471679688 28.9621772766113 24.9634952545166 23.9785423278809 23.4684772491455 23.9523468017578 24.1419467926025 25.3702163696289 26.521821975708 27.7046890258789 27.8094234466553 25.5455513000488
34.5525856018066 35.1813430786133 34.8270683288574 34.979434967041 34.8881645202637 34.8406524658203 34.4152374267578 33.6410903930664 34.0300407409668 34.4647789001465 34.6019096374512 35.0082092285156 35.2202224731445 34.0741767883301 33.6575241088867 32.3411026000977 32.159049987793 32.049934387207 32.2809867858887 30.9028205871582 30.8982238769531 30.4957160949707 30.8375473022461 31.755012512207 32.2717247009277 32.5637512207031 31.5466995239258 29.8822383880615 30.3417472839355 30.1801147460938 29.0818023681641 28.054859161377 27.6877727508545 27.0852966308594 29.7534847259521 27.6702251434326 28.5111560821533 28.7863712310791 23.6444625854492 23.4456882476807 23.5477409362793 23.7691535949707 24.4168472290039 26.1933574676514 26.8749866485596 25.4786758422852
33.9226684570312 34.8357849121094 35.0478858947754 35.5151252746582 34.8694915771484 34.942756652832 34.4779777526855 33.9718399047852 34.1328239440918 34.1091346740723 34.5362548828125 34.5759887695312 33.4885940551758 33.4021682739258 33.3726997375488 33.1282043457031 32.965404510498 32.6564674377441 32.1125411987305 31.9304237365723 31.9020957946777 30.9909343719482 31.4229164123535 32.2759437561035 33.0104293823242 32.8951263427734 31.7308025360107 31.1427345275879 30.3547897338867 29.1737461090088 28.200252532959 27.7779903411865 27.9784088134766 28.6100368499756 28.9932308197021 27.2796535491943 24.2565116882324 27.6248073577881 24.2379589080811 23.1812934875488 23.1694164276123 22.7547473907471 23.4913177490234 24.738941192627 24.8455333709717 24.5041637420654
34.2465286254883 35.2606315612793 35.1358222961426 34.6117477416992 35.3420028686523 35.4988861083984 34.9289054870605 34.3481864929199 34.4288063049316 34.4099159240723 34.7468032836914 34.1789398193359 33.8998489379883 32.7353820800781 32.8967971801758 32.9368476867676 32.8881645202637 33.0356483459473 32.5977478027344 32.5436973571777 31.390604019165 31.2936706542969 31.1317615509033 32.0463562011719 32.3557472229004 33.1776313781738 31.499626159668 29.6021728515625 28.7640590667725 28.573091506958 28.1282405853271 28.5695514678955 29.3694267272949 29.2709255218506 28.6285362243652 26.8193283081055 24.4507217407227 24.0924777984619 24.047176361084 23.1891231536865 23.2898197174072 22.7971363067627 22.6190567016602 23.4958553314209 24.0623645782471 24.4517021179199
34.7330627441406 34.1521072387695 34.7940063476562 34.9267730712891 34.9917259216309 35.9206047058105 35.2187576293945 34.477424621582 34.2882194519043 34.5535354614258 34.2515335083008 34.7278671264648 34.3603363037109 33.7902336120605 33.5467300415039 33.3461036682129 33.5748291015625 33.3694725036621 33.1344566345215 32.429141998291 31.5878715515137 31.1193580627441 31.5878105163574 31.5610218048096 31.4194507598877 32.0217094421387 30.4267559051514 29.5966854095459 28.9840774536133 29.2686538696289 29.5599822998047 29.5286655426025 29.5209503173828 28.9606971740723 28.8442478179932 27.7617950439453 28.4893455505371 23.4237632751465 24.0991916656494 24.3744010925293 24.1038875579834 23.720329284668 22.7847595214844 23.6254768371582 23.9942722320557 24.1594161987305
34.8546485900879 34.9593467712402 34.965763092041 35.6703834533691 35.5464096069336 35.6110725402832 34.9455375671387 34.229808807373 34.5627212524414 35.5348701477051 34.5367202758789 34.8816108703613 34.1996040344238 34.6840019226074 34.2117004394531 33.9009056091309 34.3908424377441 33.8588104248047 33.579963684082 32.2855834960938 32.0548667907715 32.469051361084 32.5383033752441 32.9842834472656 32.8333435058594 32.2828941345215 31.8884372711182 31.0424919128418 30.1971035003662 29.8638591766357 30.7099437713623 30.3984642028809 30.22585105896 29.6732406616211 28.2692794799805 27.4866847991943 26.2789459228516 27.7729110717773 26.7193450927734 25.0556907653809 23.3903388977051 23.1349811553955 22.6661319732666 22.3752174377441 24.3108081817627 24.7737693786621
35.5267105102539 35.751880645752 34.4631042480469 34.9484405517578 34.5294227600098 34.5514945983887 35.2935791015625 34.7208061218262 34.9213523864746 34.8671722412109 34.8188552856445 34.6401100158691 34.2705955505371 33.8126106262207 34.141918182373 33.7496871948242 34.1405754089355 33.8532485961914 33.6543769836426 32.9940147399902 33.1920166015625 33.2532043457031 32.9839057922363 33.1112518310547 32.3410835266113 30.5810585021973 30.1728382110596 30.0900783538818 29.3377647399902 29.8261280059814 30.7373294830322 30.5251369476318 29.9718818664551 29.1710338592529 28.4917163848877 30.037633895874 28.5514640808105 24.8116493225098 29.0321598052979 30.4649105072021 29.6253032684326 24.9927806854248 23.9927959442139 23.7267189025879 24.4975776672363 25.4340114593506
34.0265121459961 34.2384567260742 34.7586364746094 35.1707000732422 34.920337677002 34.7442436218262 34.7508964538574 35.4407768249512 34.3757209777832 34.1484756469727 34.2288627624512 34.0012626647949 33.3704833984375 33.2997703552246 33.6074104309082 33.069221496582 33.8927268981934 33.947437286377 33.7808227539062 33.874584197998 33.5948638916016 32.928524017334 32.1477279663086 32.2838478088379 32.1544151306152 31.9688987731934 31.6727828979492 31.0732173919678 30.4868087768555 31.1969795227051 30.5437793731689 30.8654747009277 30.631103515625 30.7030849456787 30.3183689117432 28.8057117462158 29.564733505249 28.9991912841797 28.8208503723145 30.4248752593994 30.1780681610107 30.2153244018555 24.9868659973145 24.0022163391113 24.5989990234375 25.746654510498
32.4110717773438 33.9393424987793 34.8926696777344 34.6076545715332 35.3070907592773 35.2650680541992 35.0413398742676 34.6168594360352 35.1850471496582 34.6584053039551 33.1892318725586 33.9758644104004 32.7981567382812 31.9672508239746 33.0962295532227 32.9297981262207 32.3819770812988 33.0433349609375 33.8182830810547 33.5611915588379 33.4176902770996 33.2157859802246 33.1107063293457 33.0673637390137 32.6952514648438 32.2950248718262 32.4970016479492 32.0454635620117 31.8645153045654 31.5252647399902 31.280481338501 30.5914859771729 30.5499362945557 31.0994396209717 30.9173927307129 30.7709121704102 31.1834564208984 29.4661083221436 30.7312927246094 31.3949604034424 30.7564105987549 29.1938095092773 24.0638313293457 22.9755725860596 23.6837577819824 24.9048557281494
33.691219329834 32.5953407287598 34.0135803222656 35.0352592468262 34.071849822998 34.0469398498535 35.213680267334 34.4908638000488 34.414363861084 34.7208061218262 33.599193572998 33.6114387512207 32.3264312744141 31.7029876708984 32.6661415100098 31.6485691070557 31.4625339508057 32.5837097167969 32.6137924194336 32.8542785644531 33.3961639404297 33.3517570495605 32.8110046386719 32.8116149902344 32.0464744567871 31.4079132080078 30.7853507995605 31.2115955352783 31.8601970672607 30.7749938964844 30.3977966308594 29.6768493652344 30.0695667266846 30.9697380065918 31.1831912994385 30.904691696167 31.4443511962891 31.4165496826172 30.884449005127 30.4308795928955 30.7121353149414 28.9474029541016 27.5876941680908 24.6546249389648 24.2243480682373 25.1678524017334
34.0854301452637 33.9755744934082 34.0414848327637 35.2132911682129 34.4991340637207 34.909969329834 35.4487724304199 35.4735488891602 35.7115325927734 35.4083862304688 35.0479125976562 34.558162689209 32.5639343261719 31.9100017547607 32.3812446594238 31.8309650421143 31.5322437286377 31.3657550811768 30.6468372344971 31.8797588348389 32.8509140014648 33.6557579040527 33.903377532959 33.2891426086426 31.9153614044189 30.2736949920654 29.348876953125 30.1307640075684 31.1762065887451 30.6027145385742 30.4301643371582 31.332498550415 31.2583656311035 31.2576808929443 31.924674987793 31.0060539245605 30.5184917449951 30.3947505950928 31.0117664337158 31.1096534729004 31.5808143615723 31.1533317565918 30.0016021728516 29.5287094116211 26.7403144836426 26.245210647583
35.1258964538574 33.9037818908691 33.4870529174805 34.0743713378906 34.2645988464355 34.8617324829102 35.6850357055664 34.9049987792969 35.7955284118652 35.4098052978516 34.0248832702637 34.2786521911621 33.2800025939941 30.3880023956299 30.8453197479248 30.0908985137939 30.4992904663086 29.8063888549805 31.0325660705566 32.1239967346191 33.4262657165527 33.2101707458496 33.7590560913086 33.6960144042969 32.2880859375 30.8799419403076 29.2794914245605 29.8454742431641 31.4710578918457 30.6082420349121 30.9908561706543 31.7782649993896 32.6454925537109 32.6222534179688 31.7671489715576 31.3621215820312 30.7994346618652 30.8184432983398 31.6359100341797 31.6415405273438 31.7390289306641 31.641092300415 31.3332557678223 31.07253074646 29.1962299346924 26.1380081176758
34.0189895629883 34.057746887207 34.4435958862305 34.1162605285645 34.8484878540039 34.7449111938477 35.6657104492188 35.6471977233887 34.6115417480469 34.9338607788086 35.2701110839844 34.4177284240723 33.3537712097168 30.0111999511719 30.5437831878662 30.6480121612549 30.1534824371338 30.5314483642578 30.5922470092773 31.8740177154541 33.1819610595703 32.8545799255371 33.4926567077637 33.548957824707 33.0402908325195 32.0317687988281 30.7456130981445 30.4749984741211 31.2521095275879 31.4931812286377 32.2317008972168 32.665699005127 32.640510559082 32.6501693725586 32.7110900878906 31.6806049346924 30.8369483947754 30.750904083252 30.8272972106934 31.3302917480469 32.1389923095703 31.7216339111328 30.7595806121826 30.8668937683105 29.7950992584229 29.2171936035156
