inst/extdata/Tmax/Tmax75.asc
NCOLS 100 
NROWS 79 
XLLCORNER 148.06 
YLLCORNER -21.49 
CELLSIZE 0.01 
NODATA_value -3.4e+38 
[rows 0 to 19 of 79, columns 46 to 91 of 100]
37.9266357421875 37.7579612731934 37.6623802185059 37.6642265319824 37.6481056213379 37.5390243530273 37.7282218933105 37.5673065185547 37.386589050293 37.2211608886719 37.1363410949707 36.8701248168945 36.7615814208984 36.9475746154785 37.1697235107422 37.0636405944824 36.9090690612793 36.7037048339844 36.3735275268555 36.1283416748047 35.9273872375488 -3.4e+38 -3.4e+38 -3.4e+38 -3.4e+38 -3.4e+38 -3.4e+38 -3.4e+38 -3.4e+38 -3.4e+38 -3.4e+38 -3.4e+38 -3.4e+38 -3.4e+38 -3.4e+38 -3.4e+38 -3.4e+38 -3.4e+38 -3.4e+38 -3.4e+38 -3.4e+38 -3.4e+38 -3.4e+38 -3.4e+38 -3.4e+38 -3.4e+38
37.9013710021973 37.6350631713867 37.4204940795898 37.6651878356934 37.8194236755371 37.8247566223145 37.7748794555664 37.6802139282227 37.3601951599121 36.9381446838379 37.0567588806152 36.5397911071777 37.0053596496582 37.2685585021973 37.2240600585938 37.1116676330566 36.9774971008301 36.8131866455078 36.5872650146484 36.4504508972168 36.3184013366699 36.1306953430176 -3.4e+38 -3.4e+38 -3.4e+38 -3.4e+38 -3.4e+38 -3.4e+38 -3.4e+38 -3.4e+38 -3.4e+38 -3.4e+38 -3.4e+38 -3.4e+38 -3.4e+38 -3.4e+38 -3.4e+38 -3.4e+38 -3.4e+38 -3.4e+38 -3.4e+38 -3.4e+38 -3.4e+38 -3.4e+38 -3.4e+38 -3.4e+38
37.8234825134277 37.1099319458008 36.3006782531738 37.6348152160645 37.8217887878418 37.8348350524902 37.8104019165039 37.7541618347168 37.5327453613281 36.9683876037598 37.0497016906738 37.1666641235352 37.2235717773438 37.3444862365723 37.2910041809082 37.1784515380859 37.069938659668 36.9496765136719 36.800537109375 36.5659217834473 36.503719329834 36.2654876708984 35.9469604492188 35.5457229614258 -3.4e+38 -3.4e+38 -3.4e+38 -3.4e+38 -3.4e+38 -3.4e+38 -3.4e+38 -3.4e+38 -3.4e+38 -3.4e+38 -3.4e+38 -3.4e+38 -3.4e+38 -3.4e+38 -3.4e+38 -3.4e+38 -3.4e+38 -3.4e+38 -3.4e+38 -3.4e+38 -3.4e+38 -3.4e+38
37.412036895752 37.4782600402832 36.4295616149902 37.5213813781738 37.7069473266602 37.7608909606934 37.8086471557617 37.7120819091797 37.5832176208496 37.2631225585938 37.1585578918457 36.9050445556641 37.2213249206543 37.3264656066895 37.330680847168 37.2236785888672 37.1516532897949 37.066593170166 36.9169502258301 36.5483589172363 36.3363494873047 36.2859878540039 36.1622848510742 36.0252380371094 35.789665222168 35.2271194458008 -3.4e+38 -3.4e+38 -3.4e+38 -3.4e+38 -3.4e+38 -3.4e+38 -3.4e+38 -3.4e+38 -3.4e+38 -3.4e+38 -3.4e+38 -3.4e+38 -3.4e+38 -3.4e+38 -3.4e+38 -3.4e+38 -3.4e+38 -3.4e+38 -3.4e+38 -3.4e+38
37.405086517334 37.4349250793457 36.2702255249023 36.5032958984375 37.271484375 37.7530517578125 37.8231163024902 37.6863288879395 37.6530799865723 37.3502502441406 37.0650863647461 36.8731994628906 36.4947700500488 37.0919532775879 37.3136711120605 37.2215690612793 37.2378845214844 37.1769638061523 36.9313087463379 36.1984176635742 35.6787109375 36.3398361206055 36.3726425170898 36.267822265625 35.9360961914062 35.5084686279297 -3.4e+38 -3.4e+38 -3.4e+38 -3.4e+38 -3.4e+38 -3.4e+38 -3.4e+38 -3.4e+38 -3.4e+38 -3.4e+38 -3.4e+38 -3.4e+38 -3.4e+38 -3.4e+38 -3.4e+38 -3.4e+38 -3.4e+38 -3.4e+38 -3.4e+38 -3.4e+38
36.5844116210938 37.3085174560547 35.8060913085938 35.1805801391602 36.9247207641602 37.8248443603516 37.7547950744629 37.6968116760254 37.6402015686035 37.2492523193359 36.361515045166 36.0293045043945 36.3469276428223 37.228141784668 37.1284332275391 37.2745399475098 37.3078193664551 37.2245979309082 37.1136894226074 36.4852294921875 35.7604064941406 35.7977142333984 36.2489013671875 36.245475769043 36.1416015625 35.9604415893555 -3.4e+38 -3.4e+38 -3.4e+38 -3.4e+38 -3.4e+38 -3.4e+38 -3.4e+38 -3.4e+38 -3.4e+38 -3.4e+38 -3.4e+38 -3.4e+38 -3.4e+38 -3.4e+38 -3.4e+38 -3.4e+38 -3.4e+38 -3.4e+38 -3.4e+38 -3.4e+38
35.6938743591309 37.2891235351562 36.6831512451172 36.6043548583984 37.5442733764648 37.7927207946777 37.6212005615234 37.5121307373047 37.6506652832031 37.1855659484863 36.484058380127 36.4692153930664 37.1012229919434 37.2134819030762 36.324104309082 37.1647720336914 37.2074508666992 37.1931304931641 37.2056655883789 36.9232635498047 36.5445251464844 36.2538528442383 36.4210662841797 36.1444931030273 36.3241119384766 36.2953071594238 36.1223983764648 35.738655090332 -3.4e+38 -3.4e+38 -3.4e+38 -3.4e+38 -3.4e+38 -3.4e+38 -3.4e+38 -3.4e+38 -3.4e+38 -3.4e+38 -3.4e+38 -3.4e+38 -3.4e+38 -3.4e+38 -3.4e+38 -3.4e+38 -3.4e+38 -3.4e+38
34.851001739502 37.3060531616211 37.7399444580078 37.5578384399414 36.5858612060547 36.8412246704102 37.4387130737305 37.5784378051758 37.7219467163086 37.537525177002 37.1557350158691 36.7453880310059 36.7649230957031 36.9686851501465 36.5276679992676 37.1862831115723 36.4878120422363 36.4354553222656 37.0929107666016 37.1925926208496 37.0162391662598 36.7397308349609 36.6055221557617 36.6162948608398 36.55322265625 36.4781455993652 36.222843170166 35.9777412414551 35.5854797363281 35.0195922851562 35.0184516906738 -3.4e+38 -3.4e+38 -3.4e+38 -3.4e+38 -3.4e+38 -3.4e+38 -3.4e+38 -3.4e+38 -3.4e+38 -3.4e+38 -3.4e+38 -3.4e+38 -3.4e+38 -3.4e+38 -3.4e+38
34.7805786132812 36.8428993225098 37.7543792724609 37.645378112793 36.8157806396484 35.3320541381836 36.6752128601074 37.667407989502 37.7327079772949 37.6189613342285 37.4687728881836 37.211727142334 37.2244873046875 37.0506744384766 36.5359039306641 36.4606857299805 36.0361022949219 36.7734909057617 37.0511932373047 37.0990982055664 37.0896339416504 36.7228698730469 36.3237266540527 35.9906463623047 36.6142501831055 36.6001739501953 36.4231147766113 36.2082023620605 36.0338859558105 35.4426651000977 35.1093330383301 35.2356719970703 -3.4e+38 -3.4e+38 -3.4e+38 -3.4e+38 -3.4e+38 -3.4e+38 -3.4e+38 -3.4e+38 -3.4e+38 -3.4e+38 -3.4e+38 -3.4e+38 -3.4e+38 -3.4e+38
35.7240219116211 36.8525238037109 37.631893157959 37.6223678588867 37.5952415466309 36.2526969909668 36.5504417419434 37.5826950073242 37.745662689209 37.6275253295898 37.4354133605957 37.1850967407227 37.0594024658203 37.1570358276367 36.5037689208984 36.1988906860352 36.1117210388184 37.1947937011719 37.0318946838379 36.7257385253906 37.0820159912109 37.0185928344727 36.810905456543 36.4578895568848 36.7988662719727 36.6983261108398 36.5119323730469 36.5124092102051 36.2943496704102 35.8930473327637 35.241138458252 35.256160736084 -3.4e+38 -3.4e+38 -3.4e+38 -3.4e+38 -3.4e+38 -3.4e+38 -3.4e+38 -3.4e+38 -3.4e+38 -3.4e+38 -3.4e+38 -3.4e+38 -3.4e+38 -3.4e+38
34.767707824707 36.6954879760742 37.0794410705566 36.8686103820801 37.2158851623535 37.4799385070801 37.1937141418457 37.6158828735352 37.710563659668 37.6101493835449 37.4454040527344 37.2686080932617 37.0676918029785 37.4097366333008 37.2526206970215 37.1540908813477 37.2083969116211 37.3985900878906 37.3827209472656 36.8523025512695 36.3970260620117 37.0162048339844 37.1659545898438 36.6587829589844 36.6430282592773 36.4720573425293 36.4088935852051 36.6352081298828 36.4104804992676 36.0323143005371 -3.4e+38 -3.4e+38 -3.4e+38 -3.4e+38 -3.4e+38 -3.4e+38 -3.4e+38 -3.4e+38 -3.4e+38 -3.4e+38 -3.4e+38 -3.4e+38 -3.4e+38 -3.4e+38 -3.4e+38 -3.4e+38
34.0559349060059 35.1114044189453 35.4680023193359 35.1988220214844 36.2865104675293 36.971508026123 37.3417129516602 37.619815826416 37.6188201904297 37.5358352661133 37.3577690124512 37.1751708984375 37.0280570983887 37.6348304748535 37.622428894043 37.4798812866211 37.4819450378418 37.561336517334 37.5916519165039 37.4875679016113 37.1161079406738 36.8934440612793 37.2363052368164 37.0329627990723 36.7764053344727 36.8495788574219 36.8282508850098 36.5226898193359 36.3353652954102 36.0728912353516 -3.4e+38 -3.4e+38 -3.4e+38 -3.4e+38 -3.4e+38 -3.4e+38 -3.4e+38 -3.4e+38 -3.4e+38 -3.4e+38 -3.4e+38 -3.4e+38 -3.4e+38 -3.4e+38 -3.4e+38 -3.4e+38
34.0505294799805 32.993824005127 32.3343086242676 32.4930610656738 34.8418159484863 35.443058013916 36.7443504333496 37.1133270263672 37.4359092712402 37.326171875 37.1125183105469 37.442943572998 37.4466400146484 37.3454055786133 37.776008605957 37.7473106384277 37.6806907653809 37.6840667724609 37.6904373168945 37.6669960021973 37.6101112365723 37.51171875 37.3521690368652 37.2721290588379 36.9516525268555 36.9884490966797 36.9224166870117 36.6082382202148 36.284610748291 36.0890312194824 35.840705871582 35.4182090759277 -3.4e+38 -3.4e+38 -3.4e+38 -3.4e+38 -3.4e+38 -3.4e+38 -3.4e+38 -3.4e+38 -3.4e+38 -3.4e+38 -3.4e+38 -3.4e+38 -3.4e+38 -3.4e+38
34.0595436096191 33.2131690979004 32.2496185302734 31.6806335449219 32.3467636108398 33.2780227661133 35.37646484375 36.6683616638184 37.4181251525879 37.2469062805176 36.7471313476562 37.3626518249512 37.689453125 37.7357902526855 37.7532997131348 37.770450592041 37.7932395935059 37.7793426513672 37.7554473876953 37.7172012329102 37.6729278564453 37.5853538513184 37.4908065795898 37.3849983215332 37.1269721984863 37.1212539672852 36.989185333252 36.7440185546875 36.4521598815918 36.3217926025391 36.1943397521973 35.986270904541 35.5727996826172 -3.4e+38 -3.4e+38 -3.4e+38 -3.4e+38 35.0533561706543 35.0809745788574 -3.4e+38 -3.4e+38 -3.4e+38 -3.4e+38 -3.4e+38 -3.4e+38 -3.4e+38
34.7068557739258 33.3136978149414 32.3627662658691 31.9653301239014 32.5760498046875 32.3262519836426 33.6481285095215 35.554069519043 36.9576568603516 37.3507080078125 36.2395286560059 37.11328125 37.560302734375 37.1048049926758 37.1929893493652 37.6014862060547 37.7027168273926 37.7712364196777 37.715461730957 37.5822296142578 37.6067581176758 37.5325355529785 37.5164108276367 37.4453735351562 37.3451766967773 37.1782913208008 37.0427169799805 36.8696174621582 36.7016105651855 36.5751037597656 36.4969253540039 36.2765350341797 35.7969589233398 -3.4e+38 -3.4e+38 -3.4e+38 -3.4e+38 35.1605911254883 35.114387512207 35.2504615783691 35.2338829040527 35.0762481689453 -3.4e+38 -3.4e+38 -3.4e+38 -3.4e+38
34.6663055419922 33.2876930236816 32.4091567993164 32.913028717041 32.692943572998 33.1537857055664 32.8887367248535 34.4701766967773 36.7745475769043 37.5191917419434 36.4759330749512 36.4416046142578 37.2744026184082 35.3686561584473 36.4266319274902 36.8197937011719 37.3730278015137 37.7471961975098 37.7210922241211 37.6229667663574 37.6072006225586 37.5624961853027 37.5536422729492 37.4836730957031 37.3947792053223 37.1314926147461 37.0789260864258 36.9857978820801 36.9021835327148 36.8271369934082 36.6815338134766 36.4611473083496 36.2008666992188 -3.4e+38 -3.4e+38 35.8961715698242 35.5967292785645 35.2494125366211 35.1365776062012 34.948070526123 35.0621643066406 35.2375526428223 -3.4e+38 -3.4e+38 -3.4e+38 -3.4e+38
33.1577377319336 31.8050384521484 31.7472457885742 33.1914215087891 33.5841522216797 33.5023040771484 33.0497894287109 33.4632606506348 36.0166435241699 37.3436584472656 37.3640327453613 36.5253143310547 37.0593528747559 35.6520767211914 35.6684303283691 35.7380218505859 37.0815620422363 37.7434272766113 37.7480239868164 37.7534561157227 37.7440032958984 37.6661529541016 37.6021041870117 37.3544311523438 37.3381652832031 37.2057685852051 37.1662559509277 37.1348609924316 37.0809936523438 36.9626235961914 36.8251609802246 36.6626434326172 36.5098648071289 -3.4e+38 36.2936859130859 36.265998840332 36.1583518981934 -3.4e+38 35.2747573852539 -3.4e+38 35.0214004516602 -3.4e+38 -3.4e+38 -3.4e+38 -3.4e+38 -3.4e+38
33.110408782959 31.5657424926758 30.8135833740234 33.6271286010742 33.8736419677734 33.1755828857422 32.7568054199219 32.9140510559082 34.644172668457 37.061450958252 37.1806602478027 36.7528533935547 36.8779792785645 36.9924163818359 36.3154525756836 37.433422088623 37.6555595397949 37.750789642334 37.779125213623 37.7579803466797 37.7448768615723 37.6888961791992 37.6395874023438 37.5371322631836 37.5067825317383 37.4193000793457 37.355899810791 37.2907066345215 37.1611938476562 37.0993118286133 36.994514465332 36.8804016113281 36.7771453857422 36.6773719787598 36.6166763305664 36.5978965759277 36.3761215209961 -3.4e+38 -3.4e+38 -3.4e+38 -3.4e+38 -3.4e+38 -3.4e+38 35.2545852661133 -3.4e+38 -3.4e+38
35.0625686645508 34.729793548584 32.3641090393066 34.0714874267578 32.4425315856934 32.4615516662598 32.9608039855957 33.308837890625 35.5663986206055 37.0259094238281 36.7294769287109 36.1027641296387 36.9974517822266 37.4107208251953 37.511905670166 37.5677947998047 37.6818580627441 37.3612480163574 37.5091361999512 37.66259765625 37.6333618164062 37.6495742797852 37.6467247009277 37.6049308776855 37.5631942749023 37.5018196105957 37.4509658813477 37.299373626709 36.9587211608887 37.0544967651367 37.117359161377 37.0608673095703 36.9897575378418 36.8924369812012 36.8438911437988 36.7412376403809 36.5412178039551 36.3494262695312 36.1776504516602 36.0767402648926 36.0699996948242 35.9157905578613 35.5425643920898 35.2531471252441 -3.4e+38 -3.4e+38
35.1531257629395 34.2459144592285 34.9720649719238 34.7810096740723 33.2382278442383 33.2920799255371 32.869068145752 33.1175994873047 35.3457298278809 36.7322616577148 37.1583938598633 36.9254570007324 37.2746810913086 37.5655822753906 37.4377784729004 37.2957572937012 37.4850006103516 37.2134857177734 37.0483055114746 37.2195739746094 37.5389823913574 37.5875587463379 37.5992736816406 37.6231803894043 37.6143226623535 37.5689735412598 37.5021171569824 37.2966728210449 37.0198631286621 37.1898880004883 37.1478309631348 37.206127166748 37.0855369567871 37.0212097167969 36.9709739685059 36.8038864135742 36.6742668151855 36.5806503295898 36.5076370239258 36.452018737793 36.4097671508789 36.2350578308105 35.763313293457 35.1904678344727 35.234790802002 -3.4e+38
