inst/extdata/Tmax/Tmax149.asc
NCOLS 100 
NROWS 79 
XLLCORNER 148.06 
YLLCORNER -21.49 
CELLSIZE 0.01 
NODATA_value -3.4e+38 
[rows 20 to 39 of 79, columns 0 to 45 of 100]
37.657138824462898 37.700065612793 37.7179565429688 37.6997489929199 37.7341041564941 37.8670120239258 37.7970085144043 37.7413711547852 37.6917266845703 37.6137771606445 37.4481735229492 37.0518531799316 36.6116676330566 35.974250793457 34.6635856628418 34.2463607788086 34.174934387207 35.1744766235352 36.2427635192871 36.6945266723633 36.7233810424805 36.7446823120117 37.1010475158691 37.1398277282715 36.995777130127 36.7156295776367 36.0981178283691 35.1803359985352 35.7336311340332 35.8101348876953 36.436206817627 36.4557228088379 36.6098365783691 36.583984375 36.5513763427734 36.3105697631836 35.9145164489746 35.9253692626953 35.4556541442871 35.7229995727539 35.5074729919434 34.7673950195312 35.0122413635254 35.0715789794922 35.202220916748 35.2400169372559
37.7393798828125 37.8066368103027 37.8367462158203 37.8170013427734 37.8385200500488 37.853687286377 37.728515625 37.6674995422363 37.6606903076172 37.6122779846191 37.5033111572266 37.3376235961914 37.1193695068359 36.1817359924316 34.6860885620117 34.3746337890625 34.6147918701172 35.4576873779297 35.9789772033691 36.3705558776855 36.5102424621582 36.4291152954102 36.9817657470703 37.1337013244629 36.9472541809082 36.9737930297852 36.9419860839844 36.1804580688477 36.0313415527344 36.5716705322266 36.702579498291 36.5972099304199 36.2691612243652 35.6625785827637 35.689525604248 35.6739311218262 36.1386108398438 35.4294281005859 35.0316467285156 35.3563385009766 34.9690284729004 35.0507202148438 34.7819442749023 33.8637657165527 34.1986656188965 34.8969650268555
37.8023872375488 37.8556137084961 37.8823890686035 37.8837661743164 37.8827171325684 37.8639450073242 37.697208404541 37.5896301269531 37.552318572998 37.536937713623 37.4370040893555 37.3768043518066 37.216136932373 36.6110382080078 35.4959564208984 34.6667671203613 34.0195350646973 34.5327453613281 35.1187896728516 35.9474716186523 36.0726203918457 36.2032661437988 36.8729515075684 36.6653900146484 36.253776550293 36.638256072998 36.7104225158691 36.8088912963867 36.528995513916 36.5780334472656 36.3157653808594 36.1279525756836 35.5569648742676 35.2271270751953 34.9989700317383 35.2259864807129 35.1586380004883 34.5963935852051 34.5732612609863 34.4968338012695 34.1888961791992 33.4198265075684 34.2288513183594 33.9396820068359 32.9450759887695 34.3964614868164
37.809700012207 37.8460235595703 37.8824081420898 37.890022277832 37.865837097168 37.8721771240234 37.8076705932617 37.528434753418 37.4376640319824 37.4739265441895 37.308536529541 37.1293678283691 37.2478942871094 36.8791198730469 36.0941963195801 35.3125305175781 34.4791641235352 34.1975135803223 34.8154792785645 35.1419639587402 35.7020683288574 36.7270889282227 36.4835243225098 35.8729209899902 36.0334968566895 36.1925773620605 35.8759231567383 36.8606338500977 36.8947486877441 36.7611999511719 36.5362968444824 35.426513671875 35.0992240905762 35.3118782043457 35.661075592041 35.2002487182617 34.270679473877 33.7268714904785 34.4673118591309 33.9567413330078 33.2284851074219 31.7845649719238 32.6345062255859 33.8432998657227 32.0189094543457 33.3711700439453
37.7676315307617 37.8308410644531 37.8797836303711 37.8627700805664 37.8393478393555 37.8561553955078 37.8661842346191 37.7048759460449 37.5433120727539 37.3869819641113 37.298095703125 37.2679481506348 37.1073341369629 36.7773666381836 36.0209465026855 35.332462310791 34.5805931091309 34.2245750427246 34.4370574951172 34.445671081543 35.671760559082 36.5246353149414 35.4150123596191 34.8777160644531 35.7130928039551 35.6996650695801 35.8846206665039 36.6556854248047 36.9127540588379 36.5320434570312 36.4833297729492 36.2487144470215 36.2277984619141 36.2941665649414 35.9690132141113 35.6636505126953 35.2547454833984 34.1316528320312 33.9111175537109 33.6553001403809 31.9214859008789 31.3301811218262 31.7908878326416 33.6592292785645 31.6673202514648 32.0434913635254
37.7344436645508 37.7591781616211 37.7878875732422 37.7773818969727 37.8026962280273 37.8255233764648 37.860782623291 37.8311347961426 37.6943588256836 37.4654808044434 37.2859230041504 37.1572341918945 37.0207633972168 36.5748901367188 36.1344299316406 35.585018157959 34.9638710021973 34.6366271972656 35.1011581420898 35.8198165893555 35.8159675598145 35.7236557006836 35.2411575317383 33.9651718139648 34.4906806945801 35.2829627990723 35.4326210021973 36.7011375427246 36.8985786437988 36.5388717651367 35.6562919616699 36.280200958252 36.1516647338867 36.0305023193359 35.7615165710449 35.4451637268066 35.3230895996094 33.8326225280762 32.544132232666 32.9606552124023 31.5118064880371 32.3508796691895 32.7218589782715 33.6610450744629 32.6345825195312 31.5473117828369
37.6361274719238 37.6673049926758 37.6918563842773 37.7167739868164 37.7264785766602 37.7419128417969 37.8404312133789 37.857250213623 37.7353858947754 37.3308372497559 37.2382316589355 36.978946685791 36.9881019592285 36.6217651367188 35.8774795532227 34.8146362304688 34.4316024780273 34.6413993835449 35.1282234191895 35.0447807312012 35.2454299926758 36.1575050354004 36.0203437805176 34.4977073669434 34.0960083007812 35.0487289428711 35.857967376709 36.7700080871582 36.8620185852051 36.6477890014648 35.8052368164062 35.4186363220215 36.2180137634277 35.6810836791992 35.2409858703613 34.4087982177734 34.1231079101562 34.2444381713867 33.1769523620605 31.8660278320312 31.4614105224609 31.7775783538818 31.6895198822021 32.7568244934082 31.8059940338135 31.1502933502197
37.4946784973145 37.5192947387695 37.5686340332031 37.6318206787109 37.6684265136719 37.7410354614258 37.8429565429688 37.8528861999512 37.7947998046875 37.6151885986328 37.3860359191895 37.127555847168 37.0196418762207 36.8323822021484 35.9144248962402 34.779369354248 34.4509811401367 34.417839050293 34.5575637817383 34.5444641113281 35.704704284668 36.360652923584 35.8218765258789 34.9589767456055 34.3928680419922 34.6377296447754 34.7561874389648 36.3683891296387 36.735466003418 36.622730255127 35.8188133239746 35.7344017028809 36.0398216247559 35.2932243347168 34.5963363647461 34.0250434875488 33.1022262573242 33.8348236083984 33.6747856140137 31.829553604126 31.3855381011963 31.5730037689209 31.4970283508301 32.1086235046387 31.5092372894287 31.2056674957275
37.0050621032715 36.9640731811523 37.2482643127441 37.5709037780762 37.7166061401367 37.8118858337402 37.8553009033203 37.855884552002 37.739688873291 37.6431427001953 37.4897613525391 36.958179473877 37.0657043457031 36.9252319335938 36.4156608581543 35.2059440612793 34.4756965637207 33.9794654846191 34.3041954040527 35.2055816650391 35.7303695678711 36.1021690368652 35.2308387756348 34.5057144165039 34.3278541564941 34.4854736328125 34.9206199645996 35.8547172546387 36.6371994018555 36.7084655761719 36.1904144287109 35.924560546875 35.4927062988281 34.4555397033691 33.2800903320312 32.8597640991211 32.5331230163574 32.747730255127 32.9119987487793 32.5104637145996 31.9785003662109 32.1032943725586 31.8354473114014 31.6160659790039 31.6320896148682 31.5683708190918
36.1420707702637 36.9944305419922 37.3398094177246 37.0895576477051 37.6596031188965 37.8228721618652 37.8563385009766 37.8557052612305 37.66162109375 37.5242919921875 37.5278358459473 37.2667922973633 37.0368118286133 36.9135856628418 36.6680679321289 36.1585540771484 35.596134185791 34.2325973510742 34.5644950866699 34.6535034179688 34.8174018859863 35.7792816162109 35.355712890625 34.5429763793945 34.3423614501953 34.1375465393066 34.1023788452148 35.8033676147461 36.6695938110352 36.7558670043945 35.9311676025391 34.9431686401367 34.6342582702637 34.2826309204102 34.0176239013672 32.9960403442383 32.9306983947754 32.5169296264648 32.0979461669922 32.364315032959 34.2118911743164 34.2898635864258 33.1488990783691 31.683141708374 32.7621078491211 32.8781204223633
36.4370651245117 37.3074226379395 37.3510894775391 36.8300704956055 37.6172828674316 37.8138427734375 37.8720626831055 37.8660888671875 37.819091796875 37.6006355285645 37.5041580200195 37.4429359436035 37.2740135192871 37.0746612548828 36.7884063720703 36.2101097106934 35.3754501342773 34.9398422241211 34.4865760803223 34.7524604797363 34.8387298583984 35.2902183532715 34.6798248291016 34.5135040283203 34.2126502990723 33.5791282653809 33.8609771728516 35.6864318847656 36.5524978637695 36.6067047119141 36.5982971191406 36.4274978637695 35.2967910766602 34.3360977172852 34.273136138916 33.7858963012695 33.9277725219727 33.7377777099609 33.3116302490234 33.8163528442383 35.3383178710938 35.3934783935547 34.9707489013672 34.3934097290039 34.2768898010254 33.6765327453613
37.1902236938477 37.4592475891113 37.5392189025879 37.5485572814941 37.6449775695801 37.804630279541 37.8434829711914 37.8501663208008 37.8149642944336 37.7531776428223 37.5796165466309 37.5251121520996 37.436637878418 37.2395553588867 36.979362487793 36.4986534118652 35.6422348022461 35.2307014465332 34.5331497192383 34.4291763305664 34.5064125061035 34.9551391601562 34.58349609375 34.3289833068848 34.2717056274414 34.3073883056641 35.1166000366211 36.2168655395508 36.6074371337891 36.0973777770996 36.0180816650391 36.030876159668 36.2511558532715 35.7476806640625 35.4754104614258 34.7023658752441 35.7571868896484 35.6100959777832 35.5861587524414 35.6070594787598 35.3784103393555 34.4538955688477 33.4965057373047 33.1676902770996 33.0333976745605 32.2797317504883
36.9153060913086 37.6311340332031 37.7062225341797 37.7310943603516 37.7368202209473 37.7554702758789 37.7364616394043 37.7933082580566 37.7965774536133 37.7888984680176 37.7507781982422 37.6292457580566 37.4548873901367 37.3026580810547 37.1186981201172 36.8769302368164 36.3937873840332 35.7326469421387 34.9878005981445 34.2857780456543 34.3195381164551 34.7759437561035 34.6580238342285 34.381420135498 34.2433776855469 34.4086761474609 35.8465194702148 36.5802230834961 36.6576232910156 36.4858245849609 35.9905967712402 35.3796501159668 36.0949096679688 36.2119903564453 36.2579154968262 35.7298431396484 36.1476249694824 35.8534774780273 35.7242736816406 35.5614356994629 34.3511352539062 32.9048538208008 31.6165447235107 31.9719543457031 31.8877429962158 30.879732131958
36.7815589904785 37.4066390991211 37.2399444580078 37.1285858154297 37.273250579834 37.665225982666 37.6746520996094 37.7076835632324 37.7322235107422 37.7286033630371 37.7049369812012 37.6848487854004 37.5809326171875 37.435230255127 37.2883529663086 37.070140838623 36.630729675293 36.2210578918457 35.9542655944824 35.327018737793 34.3857421875 34.6226463317871 34.4036560058594 34.4817123413086 34.3647308349609 34.342643737793 35.3999862670898 36.5340232849121 36.6234092712402 36.3063621520996 36.1744918823242 35.098804473877 35.3996772766113 35.6614875793457 35.9703063964844 36.1011085510254 35.9575881958008 35.7902717590332 35.4028625488281 35.4632186889648 35.1396331787109 33.8702583312988 33.0578422546387 33.6203918457031 33.1755790710449 32.0128364562988
37.1174812316895 37.3934059143066 37.0027008056641 36.3509712219238 36.4659080505371 37.4213027954102 37.6403503417969 37.6154861450195 37.6416778564453 37.667407989502 37.5968322753906 37.6490440368652 37.6090393066406 37.5069160461426 37.3649940490723 37.1820602416992 36.8671760559082 36.2053146362305 35.802490234375 35.3457641601562 34.6725234985352 34.5865325927734 34.4076194763184 34.19921875 34.1707725524902 34.5591773986816 35.694206237793 36.4957084655762 35.9936294555664 35.7761878967285 35.8918533325195 35.532600402832 35.2137756347656 34.8835868835449 34.6164398193359 35.1196975708008 34.9265327453613 35.2652931213379 35.1880569458008 34.9874687194824 34.7241706848145 35.043701171875 34.8000831604004 34.4798469543457 33.8722839355469 33.3879356384277
37.2510948181152 37.3460006713867 37.1667289733887 36.8651809692383 36.5722808837891 37.1341323852539 37.4470710754395 37.4807014465332 37.5383949279785 37.609203338623 37.6078147888184 37.6581649780273 37.6059226989746 37.5557022094727 37.4091262817383 37.1979064941406 36.9547462463379 36.7484169006348 36.3521614074707 35.7007293701172 35.3199501037598 35.060417175293 34.5521087646484 33.9099311828613 34.0756530761719 34.3307189941406 35.7790794372559 36.3249778747559 34.4257621765137 34.0195045471191 34.6741142272949 34.8977966308594 34.8572998046875 34.6420059204102 34.1525192260742 33.8959350585938 34.4359970092773 34.2758483886719 34.2466621398926 34.1995315551758 33.9330787658691 33.6171798706055 33.8810615539551 34.3678131103516 33.730037689209 32.5814437866211
37.1155052185059 37.1437835693359 37.1833190917969 36.9172515869141 36.6467933654785 36.8441352844238 37.0688667297363 37.2778167724609 37.4003410339355 37.5360412597656 37.5267524719238 37.5283508300781 37.6269798278809 37.5663795471191 37.4533042907715 37.1847801208496 37.1616477966309 37.0190277099609 36.773307800293 36.3902320861816 36.2483406066895 35.4436950683594 34.8446731567383 34.3736038208008 34.3745994567871 34.7682762145996 35.8087310791016 35.7172546386719 35.4222793579102 35.3202133178711 34.5408897399902 34.4744644165039 34.2848777770996 34.1421737670898 33.4089736938477 32.996753692627 33.2119750976562 33.1585845947266 33.4013633728027 33.1979026794434 33.1875076293945 32.2380142211914 32.9712448120117 33.8495597839355 33.6081657409668 32.1123657226562
36.5654640197754 36.8908767700195 37.1142425537109 37.017707824707 36.8257522583008 36.7039604187012 36.6936721801758 37.0798645019531 37.2045135498047 37.3930473327637 37.4879379272461 37.4909019470215 37.5625305175781 37.5891990661621 37.414665222168 37.3173942565918 37.2393455505371 37.1342887878418 36.9784736633301 36.7788696289062 36.5755310058594 35.8458518981934 34.6887626647949 34.7834281921387 34.0871772766113 34.680778503418 35.6534881591797 35.090705871582 35.2891426086426 35.7728691101074 35.657543182373 35.493724822998 34.8098831176758 34.3752670288086 32.7741355895996 31.4827613830566 31.5237274169922 31.411319732666 31.3724937438965 31.8521499633789 32.0209655761719 32.2125549316406 32.4136848449707 33.3129081726074 33.1671867370605 32.7637405395508
36.6947708129883 36.7849540710449 36.9330978393555 36.9177474975586 36.8905601501465 36.5870208740234 36.3699035644531 36.1141166687012 36.7912940979004 37.3130111694336 37.4611396789551 37.5099029541016 37.6009979248047 37.6070251464844 37.300666809082 36.8920288085938 36.9136390686035 36.9842643737793 37.039924621582 36.9213905334473 36.7802352905273 36.3583106994629 35.2246437072754 35.5422897338867 34.5656967163086 34.5640068054199 34.7104339599609 35.0435409545898 33.9807167053223 34.6632690429688 34.2877578735352 34.4019889831543 35.6876564025879 35.2490463256836 34.2637977600098 31.9853973388672 31.0501270294189 31.0551433563232 30.3714981079102 30.8151702880859 31.4665908813477 31.4481582641602 31.5388565063477 32.9425354003906 32.4896049499512 31.9440689086914
36.7724800109863 36.6899566650391 36.7578125 36.5678825378418 36.7796096801758 36.7000999450684 36.471866607666 36.2139930725098 36.4196586608887 37.0538177490234 37.3195495605469 37.5215759277344 37.5759429931641 37.5497398376465 37.4969902038574 37.0853042602539 36.6879959106445 36.4942779541016 36.7812309265137 36.917854309082 36.7792015075684 36.6295051574707 36.3000907897949 35.7093925476074 34.6174507141113 34.403190612793 34.3504638671875 34.4522094726562 34.5085945129395 33.9695205688477 33.3891410827637 34.1794586181641 35.416202545166 34.656364440918 34.8850288391113 34.3313026428223 33.8840637207031 33.7499542236328 32.7421417236328 31.6054382324219 32.3423080444336 32.0087547302246 32.4140319824219 32.6062431335449 32.2970161437988 31.8140640258789
