inst/extdata/Tmax/Tmax47.asc
NCOLS 100 
NROWS 79 
XLLCORNER 148.06 
YLLCORNER -21.49 
CELLSIZE 0.01 
NODATA_value -3.4e+38 
[rows 20 to 39 of 79, columns 46 to 91 of 100]
26.7955799102783 25.1439170837402 24.792631149292 25.9803142547607 25.6554946899414 25.3130512237549 24.2616100311279 23.2839431762695 25.4278831481934 26.9823036193848 27.5180549621582 27.885046005249 27.7536582946777 28.3598289489746 27.313627243042 27.8436527252197 27.9911842346191 28.3594589233398 29.5505466461182 29.3499641418457 31.1604042053223 33.3046340942383 34.310001373291 33.9391441345215 32.4246025085449 32.7900657653809 33.5090446472168 31.9577026367188 30.987922668457 31.9026222229004 31.0733852386475 31.7209377288818 32.1011772155762 32.9843864440918 32.6633186340332 31.2040863037109 30.5858898162842 30.4205684661865 31.8123435974121 33.1349601745605 32.1462745666504 32.6493263244629 31.8354511260986 31.4280033111572 31.5042743682861 32.2205810546875
29.2838115692139 24.2454662322998 23.8091316223145 24.9778537750244 24.7259140014648 24.0455646514893 24.9496593475342 23.5829696655273 24.4378356933594 26.5629940032959 28.5637187957764 26.240535736084 25.7253799438477 27.7102355957031 26.28293800354 26.3007335662842 27.0414428710938 28.4673805236816 28.247465133667 28.811939239502 31.3380298614502 33.668270111084 28.4140682220459 28.2689571380615 31.6243782043457 33.2243766784668 34.3673973083496 30.8461322784424 31.693531036377 30.5634956359863 30.8500328063965 30.7722454071045 31.3318405151367 30.8208045959473 32.315486907959 32.0727729797363 31.951997756958 32.1429862976074 31.2771244049072 34.4248313903809 33.1467208862305 31.8730487823486 30.662712097168 29.942045211792 29.2197799682617 29.461404800415
30.2533359527588 26.2519912719727 24.8988876342773 24.6229648590088 23.7844181060791 24.742073059082 24.0591278076172 24.6058292388916 23.9145812988281 24.7181053161621 26.8261814117432 27.1677799224854 26.1067504882812 26.0660820007324 25.9304504394531 26.5005302429199 27.2625389099121 27.7428779602051 26.6704082489014 27.7543773651123 33.330867767334 31.521692276001 28.1388969421387 27.3699779510498 27.8495464324951 27.9848346710205 30.9697399139404 33.527027130127 30.2875518798828 33.0561332702637 33.9447975158691 35.2516593933105 32.3825454711914 31.2533950805664 32.1531639099121 32.6269645690918 33.960521697998 33.564079284668 34.7949104309082 32.9299278259277 31.8981647491455 32.7216033935547 31.9496746063232 32.0335464477539 28.134801864624 28.2350559234619
30.185037612915 26.0556468963623 25.8391304016113 24.7721691131592 22.8697547912598 24.3035793304443 25.0659446716309 24.4585189819336 24.4138450622559 24.6385459899902 25.6888179779053 25.0764713287354 26.1126365661621 25.2969799041748 29.5955696105957 30.9155120849609 26.826717376709 27.191837310791 26.3462028503418 27.6180782318115 32.0393295288086 30.6144828796387 29.2792549133301 26.693675994873 27.4237403869629 28.0357131958008 28.2665271759033 32.3048400878906 31.7222385406494 30.1625270843506 31.4135608673096 31.604211807251 32.0723991394043 31.6426906585693 31.5687866210938 31.7296943664551 32.6342582702637 33.8000144958496 34.0460205078125 33.9420013427734 33.494441986084 32.9849128723145 31.5726261138916 31.8029193878174 30.1894989013672 27.6327686309814
28.7836151123047 29.0727596282959 29.1973552703857 25.81813621521 25.5018615722656 24.683219909668 24.2775344848633 24.3477630615234 25.0591220855713 24.4357929229736 24.7434825897217 24.251501083374 25.9034957885742 32.7067718505859 25.7668342590332 26.8349113464355 27.6492519378662 27.9048728942871 27.4822692871094 28.8768863677979 31.5558452606201 31.3090381622314 28.4423809051514 27.5880718231201 27.7163619995117 28.3261489868164 28.0014362335205 28.1082153320312 28.0363826751709 31.8757286071777 33.5654182434082 32.8524742126465 31.4784393310547 32.1464004516602 30.8090400695801 30.3779582977295 32.9503784179688 28.0314884185791 32.7596702575684 33.7824859619141 34.0420379638672 32.0309448242188 34.1017074584961 33.0203971862793 31.6237888336182 29.4784030914307
23.7014827728271 24.6610012054443 25.5096626281738 25.4392871856689 24.7952899932861 23.8958950042725 23.5018062591553 23.097339630127 24.3144493103027 24.7955684661865 24.4660682678223 24.4452896118164 26.0789852142334 27.3509750366211 27.2818660736084 27.2856750488281 27.3917636871338 30.4655170440674 31.7776470184326 28.886344909668 28.7993927001953 28.7538375854492 27.3700580596924 27.1794204711914 27.3998031616211 28.0921936035156 28.1465454101562 27.4676570892334 30.8680400848389 29.0066738128662 33.5241775512695 32.5855178833008 33.6553039550781 30.8547477722168 31.5357913970947 30.3441581726074 31.9708023071289 30.0744190216064 30.2465705871582 33.7650909423828 29.9604892730713 27.6703834533691 27.463981628418 32.2581748962402 32.8183670043945 30.2815036773682
23.4901218414307 23.5293579101562 24.0923328399658 24.584644317627 24.9000186920166 22.7149600982666 22.4153575897217 23.2654819488525 23.8967819213867 24.6223964691162 24.8159370422363 25.398099899292 27.017183303833 27.9078235626221 27.9434223175049 28.1693267822266 29.5884685516357 29.7425765991211 29.7808647155762 28.6850128173828 28.4316005706787 29.6674861907959 29.8448181152344 29.5211639404297 32.266773223877 27.8385467529297 30.3746070861816 29.9833965301514 28.5930061340332 27.9834766387939 27.5047950744629 35.0536613464355 30.3460826873779 30.9803657531738 32.5537109375 31.5457038879395 32.1321678161621 30.9977684020996 28.2864036560059 28.5857276916504 33.5342102050781 32.1014785766602 28.4394569396973 28.0230102539062 32.0773811340332 31.2689476013184
23.9801139831543 23.3514041900635 23.5769786834717 23.7198925018311 24.2475490570068 22.365104675293 22.087345123291 22.1812953948975 23.7306213378906 24.6273803710938 24.1364479064941 24.3346633911133 25.763126373291 26.7403564453125 27.9993629455566 27.6169166564941 28.318660736084 29.8202209472656 28.6050148010254 27.5854244232178 28.511848449707 29.7083606719971 31.6265201568604 34.1688346862793 33.7094306945801 33.5898399353027 29.6910991668701 30.6875419616699 28.9465465545654 28.1451473236084 28.0299339294434 33.2516670227051 31.5422439575195 30.216817855835 30.9713020324707 31.0565147399902 31.0795059204102 31.8103542327881 28.6341609954834 27.5094738006592 27.2357978820801 26.8523845672607 31.0047340393066 27.5234546661377 28.442008972168 30.3546123504639
24.8202743530273 24.1293449401855 24.3058967590332 23.8127403259277 23.9109401702881 22.499927520752 23.6853084564209 23.2863025665283 23.6557502746582 23.860107421875 23.9734878540039 24.2641716003418 24.3199520111084 26.0094909667969 27.3410320281982 27.0335712432861 28.3300037384033 29.2960586547852 28.5463523864746 27.3843612670898 27.6246032714844 31.5668907165527 32.4399452209473 34.1953086853027 33.7559547424316 34.7749214172363 31.0929622650146 33.4181938171387 30.8358020782471 27.8881072998047 28.0215930938721 32.0780143737793 32.1351051330566 31.8383712768555 29.9524440765381 30.7281188964844 31.9869403839111 32.0458717346191 34.0274848937988 30.9819583892822 33.1676292419434 31.8745460510254 26.9750213623047 27.5029258728027 32.7616806030273 31.6862411499023
25.7446403503418 25.6793422698975 25.0688953399658 25.1776714324951 24.3987598419189 24.0798931121826 24.0681457519531 22.9513912200928 23.5014801025391 23.3112907409668 22.5626468658447 23.8193778991699 24.0941009521484 25.9855213165283 26.6247806549072 25.6644706726074 27.0639228820801 27.5999374389648 27.6696681976318 27.9590702056885 27.8691215515137 29.4656467437744 30.0446968078613 32.4047393798828 34.5683441162109 32.6186027526855 32.5872993469238 30.9699478149414 31.295015335083 27.7525806427002 27.9505596160889 30.5729522705078 31.5317897796631 30.1422557830811 31.697452545166 29.7816047668457 31.8386573791504 30.5061225891113 32.631477355957 28.9441146850586 27.9041728973389 27.4260768890381 29.4834995269775 26.7691383361816 28.3871593475342 29.8809471130371
24.5208072662354 24.3493576049805 24.5799579620361 24.4020977020264 24.2944259643555 24.3500061035156 23.0895576477051 23.0671539306641 22.4207057952881 22.9575214385986 21.9367275238037 23.4743595123291 22.9978199005127 24.7699165344238 25.7796115875244 24.6734771728516 25.0284442901611 27.0283374786377 27.923168182373 29.4373340606689 28.5896396636963 29.086669921875 30.1368141174316 30.7413654327393 30.8610858917236 31.3790054321289 32.1377716064453 33.4224548339844 33.5639915466309 32.223575592041 29.8006038665771 31.0081253051758 32.0149230957031 31.4649925231934 33.5908088684082 34.4207420349121 31.3111305236816 30.1312999725342 30.3370800018311 31.1709098815918 30.5252151489258 29.711935043335 27.5379486083984 32.0738334655762 32.5960502624512 29.5027637481689
23.6846218109131 24.2916088104248 24.4554405212402 24.3739624023438 23.5028553009033 24.3973197937012 23.2608013153076 22.15944480896 21.4997291564941 21.4156856536865 21.5094776153564 22.0974044799805 29.4931983947754 25.0097217559814 24.7742004394531 24.6059513092041 26.5430850982666 27.5369205474854 28.1227073669434 28.6691913604736 31.7644577026367 30.5308074951172 30.9383220672607 30.4708957672119 31.1235504150391 32.4896812438965 34.6374855041504 32.2845993041992 32.9761619567871 29.9677066802979 28.192008972168 31.2683086395264 31.4738235473633 30.1724319458008 32.7100639343262 34.5409469604492 33.4851150512695 30.3376064300537 30.9230003356934 33.4141578674316 28.9759845733643 28.2505855560303 30.0111484527588 29.5305557250977 31.8990936279297 31.4194087982178
23.5429382324219 23.9521961212158 23.9323234558105 24.2338352203369 24.2360095977783 24.1600666046143 24.0220737457275 22.869213104248 22.5031337738037 22.5602035522461 21.5782661437988 21.641939163208 22.6197414398193 24.7250690460205 24.7323608398438 25.6925563812256 26.1152534484863 26.6395606994629 27.9625186920166 28.5568466186523 30.0257930755615 29.9796295166016 30.0341396331787 29.7990112304688 30.6414279937744 32.5918121337891 34.4990997314453 31.2298202514648 28.0233783721924 28.097339630127 28.2140464782715 32.0929489135742 33.6286964416504 30.2048835754395 32.6458435058594 34.3170585632324 30.5886516571045 30.5687828063965 31.7755603790283 32.736328125 33.0818405151367 32.6459732055664 26.4003677368164 27.3083305358887 27.3008708953857 27.588020324707
23.8298645019531 23.1487159729004 23.3856925964355 24.0159702301025 24.145112991333 24.0747509002686 23.6762714385986 23.1933269500732 23.6601753234863 23.1929969787598 22.8548946380615 22.7359790802002 23.8715038299561 24.478874206543 24.286491394043 25.751537322998 26.52809715271 27.2208766937256 27.9556121826172 28.2051849365234 31.0525074005127 33.8730010986328 35.2524528503418 28.7523345947266 28.7448329925537 28.7912864685059 28.5494804382324 31.1609802246094 30.2128238677979 31.8259696960449 31.1904373168945 31.6686992645264 30.673282623291 32.5389060974121 32.8887634277344 28.5255317687988 31.7404403686523 31.5220375061035 33.1818656921387 33.2759552001953 30.4183902740479 31.6474304199219 30.9843826293945 29.5356292724609 29.6129856109619 29.1143093109131
24.8893699645996 23.5806274414062 23.4515686035156 23.0971603393555 23.8779735565186 23.7735157012939 23.7459850311279 24.4544277191162 24.0344848632812 23.1978492736816 23.8192501068115 24.3104438781738 24.8015823364258 23.6795330047607 24.0755844116211 25.2328872680664 26.8389167785645 27.8922424316406 27.3180770874023 28.4528923034668 30.5214710235596 33.4521484375 34.1310424804688 28.7094268798828 27.9462547302246 28.2580814361572 28.811767578125 28.9046840667725 30.5072841644287 30.7542343139648 33.4983024597168 34.8569793701172 35.4437522888184 33.0760536193848 33.9920959472656 30.7070465087891 31.7975044250488 32.0818176269531 31.2938194274902 32.3284530639648 33.0097007751465 30.413595199585 28.005802154541 30.6718769073486 30.2777767181396 31.1161270141602
24.608470916748 23.747859954834 23.4852428436279 23.5180034637451 23.7457294464111 23.6342868804932 24.2324085235596 25.4144706726074 30.7086753845215 23.4581069946289 25.6586494445801 26.2379570007324 26.2102279663086 23.9296245574951 24.7222537994385 24.8583755493164 26.2540473937988 26.7056713104248 26.6490421295166 27.7722835540771 28.5593414306641 29.1621208190918 30.9734516143799 34.0989036560059 29.0957298278809 28.4792060852051 27.9484462738037 28.1259326934814 31.1887474060059 35.4636421203613 31.6896667480469 28.8500823974609 34.6054420471191 32.729606628418 32.4546813964844 29.1706981658936 31.2139110565186 30.4995346069336 34.1316680908203 33.763355255127 31.8981189727783 31.9480438232422 31.4223537445068 31.5236778259277 31.5998477935791 32.9599838256836
24.0063991546631 23.7663650512695 23.5375900268555 23.8685932159424 23.9471797943115 24.1339321136475 24.3351154327393 26.2366180419922 26.3048839569092 24.7602577209473 27.1064357757568 27.7321624755859 27.3542003631592 25.8658027648926 25.9922580718994 26.6494331359863 27.2056293487549 27.8659362792969 28.1500225067139 28.3757343292236 28.6655960083008 29.071720123291 27.237907409668 27.3633937835693 27.9209041595459 27.4550724029541 27.865966796875 33.5863647460938 31.2798500061035 34.9530487060547 28.2462978363037 27.6245441436768 28.3481998443604 32.0467643737793 32.7222900390625 31.5401096343994 29.9704570770264 31.3288383483887 31.0401649475098 32.0161743164062 33.2316246032715 34.0957260131836 33.9060020446777 33.6636390686035 32.4639434814453 32.8305587768555
24.1310997009277 24.8160552978516 23.7517013549805 24.2515926361084 24.3221969604492 25.0031547546387 25.4970226287842 28.9072399139404 26.9488086700439 26.6691207885742 27.7652339935303 28.6630802154541 27.9661540985107 27.0766887664795 27.2118186950684 28.2863140106201 28.6896476745605 28.6813735961914 29.8392219543457 29.5285301208496 31.0418796539307 29.4989204406738 28.6893539428711 28.1693210601807 28.4931354522705 28.810115814209 31.4471702575684 30.494140625 30.3443832397461 30.5765190124512 29.4570484161377 30.4057388305664 29.3144950866699 31.8097343444824 28.652494430542 32.1687316894531 33.1426200866699 32.9784355163574 32.8961410522461 30.2725105285645 30.8435287475586 32.3463935852051 31.4755458831787 32.6595993041992 33.1899108886719 33.2459182739258
25.5875835418701 25.4660224914551 24.2933006286621 25.4057750701904 25.4934635162354 25.8049087524414 26.4965839385986 27.8115558624268 26.8276958465576 27.3720607757568 29.1261177062988 30.7031650543213 28.8056182861328 27.9309825897217 27.1623420715332 28.1087837219238 28.0286521911621 28.5363349914551 29.4707298278809 34.0537223815918 29.4391803741455 29.8088855743408 31.9785251617432 31.3376369476318 31.1322956085205 30.7856330871582 32.472469329834 31.7224502563477 32.262020111084 31.7161235809326 30.1288166046143 30.7756061553955 32.6151733398438 32.3664474487305 28.4919300079346 27.7993183135986 28.2000408172607 29.3409633636475 28.8947620391846 30.9448165893555 34.5032577514648 34.0546607971191 31.0605602264404 30.3950729370117 28.8918590545654 29.0727138519287
24.8024635314941 24.827995300293 25.1280765533447 26.5817890167236 27.1505794525146 27.7162971496582 28.7988548278809 27.337329864502 26.4471969604492 26.9000492095947 27.618257522583 29.6177978515625 29.2236270904541 28.8123950958252 27.8196048736572 30.2626705169678 30.0298633575439 32.1927642822266 34.5536918640137 32.3807754516602 32.6425285339355 31.4297771453857 30.7863845825195 31.1871585845947 31.3172492980957 30.9036026000977 30.886547088623 30.7211742401123 31.192985534668 32.2653503417969 31.6217746734619 31.0612754821777 28.9816722869873 28.7535648345947 27.701587677002 30.8710880279541 32.1260833740234 28.5761070251465 28.5428333282471 28.3795318603516 28.240421295166 30.9086227416992 30.4412498474121 31.5861682891846 30.1867179870605 29.6003894805908
