inst/extdata/Tmax/Tmax150.asc
NCOLS 100 
NROWS 79 
XLLCORNER 148.06 
YLLCORNER -21.49 
CELLSIZE 0.01 
NODATA_value -3.4e+38 
[rows 0 to 19 of 79, columns 0 to 45 of 100]
32.451679229736300 32.1028633117676 31.1847133636475 31.5410671234131 31.7106628417969 32.1734313964844 32.4047241210938 32.6093673706055 32.5912284851074 32.4322814941406 31.9638614654541 31.7760810852051 31.7176876068115 30.481502532959 31.0013675689697 31.4576721191406 31.8813552856445 31.8769111633301 31.0603370666504 30.4015350341797 30.2769546508789 29.3444213867188 29.806999206543 31.1515007019043 31.7080116271973 31.9961891174316 31.8871879577637 31.9675025939941 31.663049697876 31.2996158599854 30.4102802276611 28.493127822876 29.8416194915771 29.777645111084 28.5531425476074 27.4456119537354 27.3517208099365 27.0375118255615 27.7860240936279 29.7716331481934 31.4142761230469 31.718542098999 32.5337905883789 32.9186401367188 33.1274070739746 33.2904739379883
32.2659378051758 31.7347583770752 31.0376453399658 31.1226291656494 30.6176586151123 31.4905166625977 32.104061126709 32.4718132019043 32.636043548584 32.5354690551758 32.2007179260254 31.8993682861328 32.0444412231445 31.6318778991699 31.4859619140625 31.3926753997803 31.843770980835 31.9045639038086 30.8940467834473 30.3044719696045 30.8721103668213 30.6358032226562 30.545337677002 31.0290870666504 31.5438575744629 31.7617950439453 32.0823974609375 32.0561447143555 31.8549499511719 31.653844833374 30.7905788421631 29.3509178161621 30.6051921844482 30.1939487457275 29.512414932251 28.5231132507324 28.0859680175781 28.5014991760254 29.6660633087158 30.8841705322266 32.5051460266113 32.9731292724609 33.1400718688965 33.1626968383789 33.2450408935547 33.313549041748
32.2372398376465 31.4303722381592 31.5403938293457 31.6883640289307 31.2504920959473 31.390811920166 31.8363571166992 32.4638137817383 32.6841812133789 32.563892364502 32.2820816040039 32.1713485717773 32.1016883850098 32.070499420166 31.7778205871582 31.647180557251 31.8912544250488 32.0819969177246 31.5010681152344 31.3269195556641 31.1983108520508 30.8829803466797 30.6672782897949 30.8205871582031 31.7402000427246 32.052562713623 31.8994483947754 31.906810760498 31.9308128356934 31.6242942810059 31.709831237793 30.6884002685547 30.9727554321289 29.6893844604492 29.3935794830322 28.7449436187744 28.2243919372559 27.7412624359131 28.8616962432861 30.1702041625977 31.6812782287598 32.7971038818359 33.1797065734863 33.2773628234863 33.2802085876465 33.2537574768066
32.4699516296387 32.1064758300781 31.7683620452881 32.4398193359375 31.9215641021729 31.5035228729248 31.9273872375488 32.5607757568359 32.7711410522461 32.6495819091797 32.5185546875 32.504467010498 32.417064666748 32.2661933898926 31.8292961120605 31.6739368438721 32.0789604187012 32.1599159240723 31.948844909668 31.4771308898926 31.1620101928711 30.7908172607422 30.899621963501 30.8869400024414 31.5393657684326 32.0339469909668 31.6631774902344 31.9823131561279 31.8095169067383 30.9473037719727 31.5731887817383 31.681037902832 30.9033508300781 29.5945987701416 29.0138912200928 28.1103458404541 28.430269241333 27.9241523742676 27.8249282836914 27.3276920318604 29.0224800109863 31.9481315612793 32.9891815185547 33.2569770812988 33.0051651000977 32.9190483093262
33.054859161377 32.4700088500977 32.2244644165039 32.6858825683594 32.4587516784668 31.7958183288574 31.860818862915 32.5857810974121 32.7753639221191 32.3924903869629 32.4233283996582 32.6744232177734 32.5635986328125 32.2854385375977 31.9186248779297 32.1115417480469 32.2217674255371 31.9705657958984 31.5022010803223 30.747444152832 30.9685287475586 31.1764278411865 31.341194152832 31.5780258178711 31.6118068695068 31.2809352874756 32.1036376953125 31.7132873535156 31.597677230835 31.0943202972412 31.5093097686768 31.3432331085205 31.0359153747559 30.0025253295898 29.4771614074707 29.838005065918 29.5343551635742 28.973804473877 28.4206409454346 27.6552886962891 27.3040008544922 31.007869720459 32.6674385070801 33.1528930664062 32.4293327331543 31.6777954101562
33.2135162353516 32.9469299316406 32.2128486633301 32.6981468200684 32.8038291931152 32.3732070922852 32.0946617126465 32.6187553405762 32.8233604431152 32.5315246582031 32.4361801147461 32.7594451904297 32.6126365661621 32.3357849121094 31.6485290527344 32.2279891967773 32.1601905822754 31.7030410766602 31.1422309875488 30.7230453491211 30.8558578491211 31.1592788696289 31.5246162414551 31.55051612854 31.8993301391602 31.8085250854492 31.9192581176758 31.1226139068604 31.1455211639404 30.0078372955322 30.8256168365479 31.3764171600342 31.5080451965332 31.1754856109619 30.8199043273926 30.7781448364258 29.9008197784424 29.4007244110107 29.0753860473633 28.2209854125977 27.7057971954346 30.5424041748047 32.5414123535156 33.1053085327148 32.5964775085449 30.378288269043
33.4153785705566 33.133659362793 32.7389831542969 32.9507446289062 32.9225540161133 32.5338439941406 31.8519248962402 32.4933586120605 32.7288093566895 32.9108200073242 32.8720207214355 32.7266616821289 32.2806968688965 32.4321327209473 32.4259872436523 32.2950592041016 32.1046028137207 31.5256462097168 31.3225860595703 31.0235404968262 30.4265480041504 30.6757335662842 31.2127342224121 31.6636295318604 32.0790481567383 32.0246353149414 32.0688819885254 31.5058326721191 31.1387157440186 29.865514755249 29.8996887207031 30.056224822998 31.1280574798584 31.3415393829346 30.8673324584961 30.7754421234131 30.1834392547607 28.7058143615723 28.9945030212402 28.5433902740479 28.3961944580078 30.3401908874512 32.3110771179199 32.8525772094727 32.6413612365723 30.8563690185547
33.3978691101074 33.2886009216309 32.9931869506836 33.0535697937012 33.0357818603516 32.7666244506836 32.1460151672363 32.0347557067871 32.4075012207031 32.8185577392578 32.9690895080566 32.6690483093262 31.9475879669189 32.2220649719238 32.5063209533691 31.7707138061523 31.7385292053223 30.9380340576172 30.8847999572754 30.6582069396973 29.9610977172852 30.5010185241699 31.0030364990234 31.6432666778564 32.1963195800781 32.2390594482422 31.802490234375 31.3419551849365 31.1723709106445 30.3632259368896 28.9597187042236 29.3039150238037 29.700798034668 30.3803596496582 30.8341865539551 30.2007827758789 30.311351776123 29.3756256103516 28.3129787445068 28.6535816192627 28.9143180847168 30.1675148010254 31.3269271850586 32.470401763916 32.4455604553223 30.4827690124512
33.150260925293 33.3913803100586 33.2313270568848 33.2042579650879 33.0831680297852 32.8333930969238 32.4565887451172 31.9667053222656 32.1883926391602 32.7950973510742 33.0015487670898 32.9696044921875 32.7618560791016 32.6203536987305 32.2418518066406 31.42626953125 31.6620998382568 31.4210739135742 31.60009765625 30.6172771453857 30.6464385986328 30.5106811523438 30.6497688293457 31.4240474700928 32.1069221496582 32.3403854370117 31.3368320465088 30.4055423736572 30.5302867889404 30.4578742980957 29.8401374816895 29.2642631530762 28.8233833312988 29.3569602966309 30.3838043212891 29.7425537109375 29.5151596069336 29.4899578094482 28.4848518371582 28.1616039276123 28.4313144683838 28.5691108703613 29.5995006561279 31.3916816711426 31.9383201599121 30.5894241333008
32.8313140869141 33.2832374572754 33.3758201599121 33.2426948547363 33.036792755127 32.9285049438477 32.7316856384277 32.2424736022949 31.903829574585 32.6938781738281 32.9905776977539 32.5657196044922 31.7919120788574 31.8945922851562 32.0393524169922 32.0403213500977 32.1021499633789 31.9701652526855 31.7662792205811 31.448657989502 31.1167182922363 30.4478492736816 30.8428821563721 31.7978477478027 32.3321418762207 32.2458648681641 31.4809379577637 31.3386459350586 30.8044471740723 30.267484664917 28.9326343536377 28.5435791015625 29.7433319091797 29.6177978515625 29.4189529418945 29.1903533935547 28.9810771942139 29.3311290740967 28.7629795074463 27.9758586883545 28.0400695800781 27.4562950134277 28.4221954345703 29.7356929779053 30.1173267364502 29.4488677978516
32.4723091125488 32.8173332214355 33.3836631774902 33.3018836975098 33.1784400939941 33.1116104125977 32.9236640930176 32.5318260192871 32.5419921875 32.8346748352051 33.0262565612793 32.6261024475098 32.278450012207 31.472620010376 31.6931934356689 32.045051574707 32.2117614746094 32.4683380126953 31.9895572662354 31.7956848144531 31.3762493133545 30.9969940185547 31.1079959869385 31.7704620361328 32.2905883789062 32.2136611938477 31.4572982788086 30.658863067627 29.5863246917725 29.6122913360596 29.2453117370605 29.213996887207 30.1848258972168 29.9314193725586 28.9736099243164 28.7225341796875 29.2717552185059 28.9849090576172 28.5949363708496 28.0201416015625 28.108959197998 27.8505744934082 27.5073871612549 28.333740234375 28.842212677002 29.2188911437988
32.2870597839355 32.363208770752 33.3386154174805 33.3621215820312 33.2933921813965 33.1799278259277 33.0151329040527 32.6640586853027 32.7366638183594 33.0978507995605 33.0660820007324 32.8741722106934 32.4867782592773 31.9597644805908 31.873851776123 32.2469024658203 32.6257400512695 32.6489143371582 32.3822593688965 31.8891983032227 31.3490371704102 31.0085163116455 31.2192649841309 31.4186363220215 31.6941299438477 32.1062545776367 31.0310745239258 30.1852359771729 29.5458698272705 29.8365325927734 29.9392223358154 29.8775100708008 30.3693199157715 29.8097381591797 29.561580657959 29.4920997619629 29.050537109375 28.4338836669922 29.038911819458 29.3222312927246 28.8702831268311 28.4004230499268 27.8609619140625 28.3807163238525 28.9949932098389 29.4689502716064
32.4465522766113 32.9989356994629 33.3106079101562 33.2832984924316 33.3255653381348 33.2451248168945 33.1162948608398 32.7180328369141 32.8456764221191 33.2287750244141 33.0318641662598 32.9832649230957 32.7676124572754 32.8797645568848 32.7979011535645 32.8058166503906 32.8445701599121 32.7878189086914 32.5618324279785 31.9974136352539 31.7193927764893 31.9340133666992 32.2623672485352 32.5586929321289 32.4216423034668 31.9711132049561 31.7666645050049 31.2561588287354 30.8762626647949 30.700101852417 30.8014030456543 30.601806640625 30.5238189697266 29.9128608703613 29.3196792602539 28.8519248962402 28.2917423248291 29.5381698608398 29.8870792388916 29.8563499450684 28.4005908966064 28.3458290100098 27.8478488922119 27.5785217285156 29.0483093261719 29.7057685852051
32.9426498413086 33.1789627075195 33.2602767944336 33.1779747009277 33.2243347167969 33.3092193603516 33.2743644714355 33.1662063598633 32.9591941833496 33.1458053588867 33.1409683227539 33.0910453796387 32.9743423461914 32.8876609802246 32.7954711914062 32.736946105957 32.927848815918 32.8626899719238 32.7300224304199 32.6315956115723 32.5451698303223 32.5338325500488 32.3320236206055 32.4964141845703 32.0244064331055 30.9130764007568 30.8772277832031 30.4544715881348 29.8703155517578 30.7587509155273 31.099479675293 31.087423324585 30.2810707092285 29.9726982116699 29.8688220977783 29.8346500396729 29.8423175811768 29.5261039733887 30.2483501434326 30.6622905731201 30.1119289398193 29.6331462860107 28.9591636657715 28.3870334625244 29.5906352996826 30.1797180175781
32.0997467041016 32.7312240600586 33.2153396606445 33.1461944580078 33.029052734375 33.1711311340332 33.1543312072754 32.992748260498 32.5471649169922 32.6302833557129 33.0383758544922 32.8506698608398 32.2853507995605 32.5054740905762 32.7446975708008 32.1506080627441 32.6688842773438 32.9145088195801 32.8864440917969 32.8590812683105 32.8248977661133 32.3949737548828 31.7030448913574 32.1760215759277 32.0134811401367 31.7379951477051 31.677173614502 31.3358764648438 30.9590034484863 31.2814178466797 31.2617149353027 31.0009346008301 30.5343322753906 30.8342971801758 30.8218860626221 29.8114986419678 30.46044921875 29.5550651550293 29.9405899047852 30.8196258544922 30.8273220062256 30.5668392181396 29.7630977630615 28.8785533905029 29.6059341430664 30.4891757965088
31.266939163208 32.2493591308594 33.0754737854004 33.2230606079102 33.1685791015625 33.1694374084473 33.0843925476074 32.9881896972656 32.7727470397949 32.2258224487305 31.8112659454346 32.6692390441895 31.7655258178711 31.453498840332 32.4582633972168 32.0867195129395 32.090259552002 32.6542091369629 32.7168159484863 32.7482490539551 32.7895317077637 32.7922477722168 32.6655044555664 32.4286460876465 31.9840564727783 31.5834159851074 31.6248626708984 31.5952186584473 31.5610771179199 31.3860893249512 31.2263221740723 30.8067226409912 30.5315246582031 31.2706565856934 31.1642608642578 30.8953876495361 30.9383640289307 30.3394985198975 29.9853839874268 30.7651824951172 31.0119113922119 30.3391609191895 28.9850444793701 27.8165302276611 28.3284549713135 30.2549076080322
32.2164459228516 32.0532493591309 32.6886596679688 32.8991012573242 33.156078338623 33.1508827209473 33.0490074157715 32.9225769042969 32.7792091369629 32.4845428466797 31.8013229370117 32.2952461242676 31.1742782592773 30.9386367797852 31.7888488769531 31.6610641479492 30.9415264129639 32.181713104248 32.2060813903809 32.2151908874512 32.534294128418 32.7447891235352 32.6652755737305 32.2174263000488 31.3212337493896 30.7248039245605 30.3306465148926 30.731014251709 31.3654365539551 30.7676162719727 30.5631103515625 29.7788963317871 30.5770854949951 31.5309524536133 31.3578147888184 31.1753005981445 31.2589378356934 30.8181438446045 30.4472427368164 30.7909889221191 31.0439624786377 29.8462677001953 28.8088207244873 29.1767730712891 29.5900249481201 30.2706336975098
32.3378295898438 32.7154426574707 32.8133697509766 32.8359565734863 32.9955902099609 33.0842056274414 33.0460090637207 32.9825782775879 32.8391571044922 32.3615684509277 31.9595432281494 31.5792617797852 31.1744995117188 30.8431243896484 31.4052200317383 31.2826538085938 31.3344020843506 31.1790962219238 30.9377307891846 30.9490413665771 32.2366218566895 32.5695457458496 32.578067779541 32.4909057617188 31.8695087432861 30.657772064209 29.2053718566895 30.1097755432129 31.0021667480469 30.0188026428223 30.4517593383789 31.1093788146973 31.459529876709 31.7893486022949 31.7244472503662 31.537618637085 31.0497436523438 30.1857223510742 30.7082557678223 30.9886722564697 31.3693675994873 31.0165996551514 30.8927135467529 30.9012222290039 30.8808174133301 30.3013019561768
32.5989074707031 32.5884704589844 32.4458999633789 32.5622978210449 33.0501403808594 32.9550170898438 33.0036468505859 33.0168304443359 32.9451637268066 32.5874862670898 31.4312629699707 31.5408134460449 31.1258735656738 30.1114196777344 30.7855911254883 30.5821876525879 30.4284496307373 29.8163719177246 30.6160297393799 31.0373115539551 32.2414855957031 32.3014869689941 32.4828910827637 32.6283073425293 31.7285537719727 30.6203117370605 29.4351825714111 30.2894248962402 30.9688930511475 30.4755878448486 31.0315132141113 31.5393199920654 31.9836521148682 32.0212173461914 31.576509475708 31.3267936706543 30.9697036743164 30.7136306762695 31.3114547729492 31.4361896514893 31.5114154815674 31.4497776031494 31.3557949066162 30.6890506744385 29.8186302185059 29.8105125427246
32.7433395385742 32.7355804443359 32.728702545166 32.5891075134277 33.0570411682129 33.0718765258789 33.0373687744141 33.006706237793 32.9628067016602 32.8835678100586 32.5569725036621 31.7914543151855 30.9844017028809 29.9217338562012 30.2153968811035 30.1875076293945 29.7943096160889 30.0645942687988 30.2959747314453 31.3882141113281 32.2531356811523 31.8366279602051 32.6234283447266 32.4876441955566 31.8804817199707 31.6534080505371 30.549991607666 30.7010936737061 31.0996646881104 30.9462814331055 31.6241226196289 31.6225852966309 32.1276969909668 32.0826454162598 31.9526672363281 31.7202663421631 30.857816696167 31.0699443817139 31.3816471099854 31.4080829620361 31.4768123626709 31.3522033691406 31.310525894165 30.7938766479492 30.7464847564697 30.6406764984131
