inst/extdata/Tmax/Tmax129.asc
NCOLS 100 
NROWS 79 
XLLCORNER 148.06 
YLLCORNER -21.49 
CELLSIZE 0.01 
NODATA_value -3.4e+38 
[rows 0 to 19 of 79, columns 46 to 91 of 100]
44.560188293457 44.362133026123 44.2510108947754 44.2562370300293 44.2398452758789 44.0872344970703 44.3261184692383 44.136402130127 43.9221343994141 43.7253532409668 43.6185722351074 43.3155555725098 43.2031097412109 43.444507598877 43.7325439453125 43.622501373291 43.4759101867676 43.2789459228516 42.944938659668 42.7289009094238 42.5544700622559 -3.4e+38 -3.4e+38 -3.4e+38 -3.4e+38 -3.4e+38 -3.4e+38 -3.4e+38 -3.4e+38 -3.4e+38 -3.4e+38 -3.4e+38 -3.4e+38 -3.4e+38 -3.4e+38 -3.4e+38 -3.4e+38 -3.4e+38 -3.4e+38 -3.4e+38 -3.4e+38 -3.4e+38 -3.4e+38 -3.4e+38 -3.4e+38 -3.4e+38
44.4925422668457 44.1771354675293 43.9231147766113 44.2172737121582 44.4020347595215 44.3842010498047 44.3371505737305 44.2243270874023 43.8463897705078 43.3536605834961 43.4925422668457 42.8911361694336 43.4590225219727 43.7891502380371 43.7578086853027 43.6368217468262 43.5080032348633 43.3494644165039 43.1240539550781 43.0075149536133 42.8699417114258 42.7115097045898 -3.4e+38 -3.4e+38 -3.4e+38 -3.4e+38 -3.4e+38 -3.4e+38 -3.4e+38 -3.4e+38 -3.4e+38 -3.4e+38 -3.4e+38 -3.4e+38 -3.4e+38 -3.4e+38 -3.4e+38 -3.4e+38 -3.4e+38 -3.4e+38 -3.4e+38 -3.4e+38 -3.4e+38 -3.4e+38 -3.4e+38 -3.4e+38
44.3505973815918 43.5008125305176 42.5411148071289 44.1294898986816 44.3519897460938 44.3417778015137 44.3235092163086 44.2628288269043 44.007511138916 43.3459167480469 43.4391326904297 43.5892562866211 43.6695594787598 43.8278999328613 43.7822189331055 43.6559524536133 43.5515251159668 43.4349517822266 43.2858810424805 43.033618927002 42.9674110412598 42.7732696533203 42.4981079101562 42.1582870483398 -3.4e+38 -3.4e+38 -3.4e+38 -3.4e+38 -3.4e+38 -3.4e+38 -3.4e+38 -3.4e+38 -3.4e+38 -3.4e+38 -3.4e+38 -3.4e+38 -3.4e+38 -3.4e+38 -3.4e+38 -3.4e+38 -3.4e+38 -3.4e+38 -3.4e+38 -3.4e+38 -3.4e+38 -3.4e+38
43.8441390991211 43.9239044189453 42.6795692443848 43.9755706787109 44.1954154968262 44.2366218566895 44.3097190856934 44.2006912231445 44.0543594360352 43.6826324462891 43.5533752441406 43.2628784179688 43.647876739502 43.7846527099609 43.8035583496094 43.6792030334473 43.6105346679688 43.5276908874512 43.3665962219238 42.9535140991211 42.7221069335938 42.7288475036621 42.6419868469238 42.5356903076172 42.3326530456543 41.8402900695801 -3.4e+38 -3.4e+38 -3.4e+38 -3.4e+38 -3.4e+38 -3.4e+38 -3.4e+38 -3.4e+38 -3.4e+38 -3.4e+38 -3.4e+38 -3.4e+38 -3.4e+38 -3.4e+38 -3.4e+38 -3.4e+38 -3.4e+38 -3.4e+38 -3.4e+38 -3.4e+38
43.800350189209 43.8358306884766 42.4585342407227 42.7337112426758 43.6460838317871 44.1956024169922 44.2945556640625 44.137336730957 44.1031455993652 43.7509117126465 43.406795501709 43.1877937316895 42.7502899169922 43.4645004272461 43.7365188598633 43.6248779296875 43.6553535461426 43.5939064025879 43.3213958740234 42.4837608337402 41.8789253234863 42.7020072937012 42.7735786437988 42.6866798400879 42.3966865539551 42.0394134521484 -3.4e+38 -3.4e+38 -3.4e+38 -3.4e+38 -3.4e+38 -3.4e+38 -3.4e+38 -3.4e+38 -3.4e+38 -3.4e+38 -3.4e+38 -3.4e+38 -3.4e+38 -3.4e+38 -3.4e+38 -3.4e+38 -3.4e+38 -3.4e+38 -3.4e+38 -3.4e+38
42.7953147888184 43.6504173278809 41.8894538879395 41.1719627380371 43.2057685852051 44.2484321594238 44.1808242797852 44.1158714294434 44.0530204772949 43.5959396362305 42.5428924560547 42.1606330871582 42.5381889343262 43.5814628601074 43.4705696105957 43.6363945007324 43.6822166442871 43.5972137451172 43.4848861694336 42.7638092041016 41.9080581665039 41.9818649291992 42.537841796875 42.5908050537109 42.5402717590332 42.3991851806641 -3.4e+38 -3.4e+38 -3.4e+38 -3.4e+38 -3.4e+38 -3.4e+38 -3.4e+38 -3.4e+38 -3.4e+38 -3.4e+38 -3.4e+38 -3.4e+38 -3.4e+38 -3.4e+38 -3.4e+38 -3.4e+38 -3.4e+38 -3.4e+38 -3.4e+38 -3.4e+38
41.7302131652832 43.5984649658203 42.886661529541 42.7968521118164 43.9072418212891 44.1779632568359 43.9897575378418 43.8636627197266 44.0302619934082 43.4854965209961 42.6517219543457 42.638427734375 43.3843574523926 43.5204200744629 42.4813041687012 43.456974029541 43.5169830322266 43.5122032165527 43.5407752990723 43.2206687927246 42.7618370056152 42.4512100219727 42.6820831298828 42.3970222473145 42.6532554626465 42.6486663818359 42.4936561584473 42.1689605712891 -3.4e+38 -3.4e+38 -3.4e+38 -3.4e+38 -3.4e+38 -3.4e+38 -3.4e+38 -3.4e+38 -3.4e+38 -3.4e+38 -3.4e+38 -3.4e+38 -3.4e+38 -3.4e+38 -3.4e+38 -3.4e+38 -3.4e+38 -3.4e+38
40.7337112426758 43.5775566101074 44.0916213989258 43.8782539367676 42.737247467041 43.0130386352539 43.7296447753906 43.896354675293 44.0674705505371 43.8522415161133 43.3917236328125 42.9126510620117 42.9377326965332 43.1785583496094 42.6643371582031 43.4286499023438 42.6182136535645 42.5653343200684 43.3433532714844 43.4685935974121 43.2502670288086 42.9585952758789 42.8263244628906 42.8649635314941 42.8165054321289 42.7463226318359 42.5199089050293 42.3313789367676 41.9993743896484 41.4319038391113 41.3881378173828 -3.4e+38 -3.4e+38 -3.4e+38 -3.4e+38 -3.4e+38 -3.4e+38 -3.4e+38 -3.4e+38 -3.4e+38 -3.4e+38 -3.4e+38 -3.4e+38 -3.4e+38 -3.4e+38 -3.4e+38
40.653133392334 43.0251083374023 44.0982322692871 43.9707717895508 42.9972457885742 41.2590217590332 42.821907043457 43.9871292114258 44.0647354125977 43.931770324707 43.7423400878906 43.4411315917969 43.4564514160156 43.2534866333008 42.6570663452148 42.5603179931641 42.0732765197754 42.933780670166 43.2633323669434 43.3297958374023 43.3080673217773 42.9053764343262 42.4541702270508 42.0815734863281 42.8325424194336 42.847728729248 42.6929626464844 42.4979248046875 42.3487167358398 41.7394714355469 41.4985847473145 41.6458473205566 -3.4e+38 -3.4e+38 -3.4e+38 -3.4e+38 -3.4e+38 -3.4e+38 -3.4e+38 -3.4e+38 -3.4e+38 -3.4e+38 -3.4e+38 -3.4e+38 -3.4e+38 -3.4e+38
41.7021102905273 43.0085792541504 43.9235572814941 43.9128189086914 43.8813514709473 42.2889823913574 42.6461944580078 43.8534698486328 44.0446701049805 43.9056739807129 43.6659927368164 43.3721084594727 43.2250900268555 43.3415679931641 42.5835723876953 42.2194519042969 42.1211585998535 43.3813056945801 43.1980895996094 42.8500785827637 43.2511100769043 43.1987762451172 42.965690612793 42.5690078735352 42.9962348937988 42.8971977233887 42.7108306884766 42.7456321716309 42.5569267272949 42.2105674743652 41.6394233703613 41.6530685424805 -3.4e+38 -3.4e+38 -3.4e+38 -3.4e+38 -3.4e+38 -3.4e+38 -3.4e+38 -3.4e+38 -3.4e+38 -3.4e+38 -3.4e+38 -3.4e+38 -3.4e+38 -3.4e+38
40.5960578918457 42.7984237670898 43.2461166381836 43.000244140625 43.4056777954102 43.6888809204102 43.3651008605957 43.8586616516113 43.9685363769531 43.849552154541 43.6412506103516 43.4338455200195 43.200325012207 43.600715637207 43.4178619384766 43.289478302002 43.3530349731445 43.5807647705078 43.5684814453125 42.9548225402832 42.4068336486816 43.144474029541 43.3321495056152 42.7562942504883 42.7579612731934 42.5642013549805 42.5164489746094 42.8420295715332 42.6579437255859 42.3297462463379 -3.4e+38 -3.4e+38 -3.4e+38 -3.4e+38 -3.4e+38 -3.4e+38 -3.4e+38 -3.4e+38 -3.4e+38 -3.4e+38 -3.4e+38 -3.4e+38 -3.4e+38 -3.4e+38 -3.4e+38 -3.4e+38
39.7831115722656 40.9608268737793 41.3637161254883 41.0590515136719 42.2979125976562 43.0642738342285 43.5062484741211 43.8298149108887 43.8266563415527 43.7275810241699 43.5046615600586 43.2915573120117 43.1202087402344 43.8273620605469 43.8120956420898 43.6308822631836 43.6363067626953 43.7328643798828 43.7722473144531 43.6538162231445 43.197135925293 42.957649230957 43.3706016540527 43.145565032959 42.8642158508301 42.9696807861328 42.9879417419434 42.6847839355469 42.5423965454102 42.3444595336914 -3.4e+38 -3.4e+38 -3.4e+38 -3.4e+38 -3.4e+38 -3.4e+38 -3.4e+38 -3.4e+38 -3.4e+38 -3.4e+38 -3.4e+38 -3.4e+38 -3.4e+38 -3.4e+38 -3.4e+38 -3.4e+38
39.7468414306641 38.5887260437012 37.9667205810547 38.1028671264648 40.6234550476074 41.2724075317383 42.7697372436523 43.1952095031738 43.5682144165039 43.4388618469238 43.175666809082 43.5588836669922 43.5616760253906 43.442024230957 43.9430084228516 43.8971900939941 43.8209228515625 43.8264617919922 43.8354415893555 43.8093681335449 43.7236404418945 43.6285362243652 43.4547004699707 43.3818626403809 43.0317001342773 43.0928497314453 43.0560302734375 42.7373275756836 42.4227676391602 42.2832946777344 42.0911712646484 41.7358665466309 -3.4e+38 -3.4e+38 -3.4e+38 -3.4e+38 -3.4e+38 -3.4e+38 -3.4e+38 -3.4e+38 -3.4e+38 -3.4e+38 -3.4e+38 -3.4e+38 -3.4e+38 -3.4e+38
39.7580757141113 38.8304557800293 37.9235801696777 37.421085357666 38.0017318725586 38.8725318908691 41.2023468017578 42.6704864501953 43.53662109375 43.3361663818359 42.7424430847168 43.4524154663086 43.8302459716797 43.8824043273926 43.902904510498 43.9089736938477 43.9357109069824 43.9193496704102 43.8910331726074 43.850772857666 43.7827415466309 43.7052230834961 43.6106796264648 43.5061302185059 43.2266654968262 43.2348136901855 43.1150398254395 42.8685340881348 42.5767250061035 42.4823989868164 42.3731155395508 42.2038192749023 41.8511009216309 -3.4e+38 -3.4e+38 -3.4e+38 -3.4e+38 41.2436676025391 41.2620849609375 -3.4e+38 -3.4e+38 -3.4e+38 -3.4e+38 -3.4e+38 -3.4e+38 -3.4e+38
40.4545745849609 38.9222984313965 38.033821105957 37.6817207336426 38.2140655517578 37.9651527404785 39.2664031982422 41.3762092590332 42.9738960266113 43.4261054992676 42.1321601867676 43.1315956115723 43.6471099853516 43.1184997558594 43.2190933227539 43.6775512695312 43.7939758300781 43.8725891113281 43.8141174316406 43.6665229797363 43.6790733337402 43.6159362792969 43.6115188598633 43.5456008911133 43.4488716125488 43.2625579833984 43.1319732666016 42.9611129760742 42.7988471984863 42.6873512268066 42.6026344299316 42.4276008605957 41.9906463623047 -3.4e+38 -3.4e+38 -3.4e+38 -3.4e+38 41.3559875488281 41.286247253418 41.4350738525391 41.3874740600586 41.184944152832 -3.4e+38 -3.4e+38 -3.4e+38 -3.4e+38
40.3895835876465 38.876594543457 38.0855140686035 38.5244903564453 38.3275299072266 38.7039222717285 38.4757041931152 40.1470413208008 42.7352066040039 43.5909957885742 42.3733787536621 42.3320770263672 43.2857131958008 41.1191635131836 42.3095550537109 42.7418746948242 43.3806381225586 43.8196029663086 43.794979095459 43.6875419616699 43.6518898010254 43.621955871582 43.623779296875 43.556396484375 43.4688301086426 43.1653213500977 43.1248779296875 43.0384635925293 42.9642791748047 42.8982009887695 42.7492790222168 42.568000793457 42.3397941589355 -3.4e+38 -3.4e+38 42.0195999145508 41.7566680908203 41.4466552734375 41.2971038818359 41.0584259033203 41.1664009094238 41.3625793457031 -3.4e+38 -3.4e+38 -3.4e+38 -3.4e+38
38.7601356506348 37.5574645996094 37.517749786377 38.7798767089844 39.1768188476562 39.0609016418457 38.6277923583984 39.0268974304199 41.8462409973145 43.3581771850586 43.3647956848145 42.4007720947266 43.0089302062988 41.4105567932129 41.4281349182129 41.4930801391602 43.020320892334 43.7897529602051 43.7998580932617 43.8123474121094 43.7828369140625 43.7120590209961 43.6473121643066 43.3693313598633 43.3629989624023 43.2080879211426 43.1768112182617 43.1556510925293 43.1068954467773 43.0015258789062 42.8545074462891 42.7190704345703 42.5805053710938 -3.4e+38 42.3682975769043 42.3103561401367 42.2046661376953 -3.4e+38 41.4470672607422 -3.4e+38 41.1025123596191 -3.4e+38 -3.4e+38 -3.4e+38 -3.4e+38 -3.4e+38
38.7205696105957 37.323314666748 36.6253280639648 39.1965637207031 39.4632186889648 38.7347679138184 38.3717346191406 38.5062103271484 40.2836418151855 42.994815826416 43.1144790649414 42.6220169067383 42.7618827819824 42.8930435180664 42.1238212585449 43.387939453125 43.6469993591309 43.7602920532227 43.7970962524414 43.7770805358887 43.7417793273926 43.6949234008789 43.6451873779297 43.5342025756836 43.5082397460938 43.401782989502 43.3377799987793 43.2722625732422 43.1435165405273 43.0963325500488 42.9757499694824 42.8792839050293 42.7800750732422 42.6748580932617 42.6046142578125 42.5617446899414 42.3621673583984 -3.4e+38 -3.4e+38 -3.4e+38 -3.4e+38 -3.4e+38 -3.4e+38 41.314079284668 -3.4e+38 -3.4e+38
40.7785224914551 40.4084930419922 38.0911483764648 39.6830596923828 38.151912689209 38.1386642456055 38.5816688537598 38.8840789794922 41.3035583496094 42.9481735229492 42.5923538208008 41.8827514648438 42.8963012695312 43.3700714111328 43.4870681762695 43.5379371643066 43.6713066101074 43.302661895752 43.4755210876465 43.6566505432129 43.6007919311523 43.6360244750977 43.6380348205566 43.5952568054199 43.5528907775879 43.4733428955078 43.4222984313965 43.2602500915527 42.8792495727539 43.0086860656738 43.0736961364746 43.035041809082 42.9615859985352 42.8504791259766 42.7889823913574 42.6747055053711 42.4929809570312 42.3255310058594 42.1710357666016 42.0746841430664 42.0354919433594 41.8930282592773 41.5682563781738 41.3158378601074 -3.4e+38 -3.4e+38
40.8591728210449 39.8597183227539 40.6545867919922 40.4417724609375 38.8603973388672 38.8780784606934 38.5117073059082 38.7260246276855 41.0371246337891 42.5895957946777 43.0595550537109 42.7926368713379 43.1909484863281 43.5246467590332 43.3773002624512 43.1997718811035 43.4177742004395 43.1065216064453 42.9184112548828 43.1162643432617 43.4604415893555 43.531322479248 43.5478401184082 43.5792770385742 43.5724906921387 43.5113563537598 43.4438400268555 43.2149085998535 42.9042930603027 43.1133918762207 43.0481872558594 43.1365432739258 42.9983787536621 42.9209785461426 42.860221862793 42.6830444335938 42.5660858154297 42.4872055053711 42.4220275878906 42.3644561767578 42.2948875427246 42.1305122375488 41.704273223877 41.2258148193359 41.2660217285156 -3.4e+38
