inst/extdata/Tmax/Tmax47.asc
NCOLS 100 
NROWS 79 
XLLCORNER 148.06 
YLLCORNER -21.49 
CELLSIZE 0.01 
NODATA_value -3.4e+38 
[rows 0 to 19 of 79, columns 46 to 91 of 100]
32.9337615966797 31.6184501647949 31.7810192108154 31.9833908081055 32.5109825134277 32.4358139038086 32.5957717895508 32.6070556640625 31.5986270904541 29.5982723236084 31.2744045257568 30.643367767334 31.3867568969727 31.9703216552734 32.0144386291504 32.1575927734375 32.3160667419434 32.7037887573242 31.2600002288818 31.77614402771 31.8984317779541 -3.4e+38 -3.4e+38 -3.4e+38 -3.4e+38 -3.4e+38 -3.4e+38 -3.4e+38 -3.4e+38 -3.4e+38 -3.4e+38 -3.4e+38 -3.4e+38 -3.4e+38 -3.4e+38 -3.4e+38 -3.4e+38 -3.4e+38 -3.4e+38 -3.4e+38 -3.4e+38 -3.4e+38 -3.4e+38 -3.4e+38 -3.4e+38 -3.4e+38
33.3219757080078 32.8139419555664 31.4622268676758 31.6838340759277 31.8074550628662 31.7545623779297 32.0987586975098 32.4812202453613 31.1954212188721 30.1949806213379 32.1963882446289 31.8699073791504 33.580379486084 33.1255950927734 31.9116306304932 30.8769931793213 31.9965229034424 33.8263244628906 32.7236633300781 31.4569129943848 32.1210136413574 34.1502304077148 -3.4e+38 -3.4e+38 -3.4e+38 -3.4e+38 -3.4e+38 -3.4e+38 -3.4e+38 -3.4e+38 -3.4e+38 -3.4e+38 -3.4e+38 -3.4e+38 -3.4e+38 -3.4e+38 -3.4e+38 -3.4e+38 -3.4e+38 -3.4e+38 -3.4e+38 -3.4e+38 -3.4e+38 -3.4e+38 -3.4e+38 -3.4e+38
35.141788482666 32.1333236694336 30.1227989196777 30.3860187530518 30.1769924163818 31.7017440795898 30.8632678985596 30.764461517334 29.9202346801758 29.7217426300049 31.5260486602783 32.9294586181641 34.262035369873 33.678882598877 31.116870880127 30.3674793243408 31.8992557525635 31.5176200866699 31.3753223419189 31.5987720489502 31.2288303375244 31.4151191711426 31.2023372650146 31.6279487609863 -3.4e+38 -3.4e+38 -3.4e+38 -3.4e+38 -3.4e+38 -3.4e+38 -3.4e+38 -3.4e+38 -3.4e+38 -3.4e+38 -3.4e+38 -3.4e+38 -3.4e+38 -3.4e+38 -3.4e+38 -3.4e+38 -3.4e+38 -3.4e+38 -3.4e+38 -3.4e+38 -3.4e+38 -3.4e+38
31.2998828887939 30.7796421051025 27.9672088623047 28.8194046020508 30.4030895233154 30.1914520263672 30.6173076629639 30.7710857391357 30.4546947479248 30.0492038726807 31.3215847015381 30.9467315673828 33.6312942504883 34.1501121520996 31.5562973022461 30.9575881958008 32.7781066894531 33.4224166870117 32.8407325744629 32.1277084350586 30.682918548584 31.5620765686035 31.2424869537354 32.0389671325684 32.4867210388184 32.3524932861328 -3.4e+38 -3.4e+38 -3.4e+38 -3.4e+38 -3.4e+38 -3.4e+38 -3.4e+38 -3.4e+38 -3.4e+38 -3.4e+38 -3.4e+38 -3.4e+38 -3.4e+38 -3.4e+38 -3.4e+38 -3.4e+38 -3.4e+38 -3.4e+38 -3.4e+38 -3.4e+38
32.2859573364258 30.4280071258545 27.8119583129883 27.4817714691162 28.8847503662109 31.0695648193359 31.7086601257324 32.0581588745117 30.1065788269043 29.1339836120605 29.8377132415771 28.2287063598633 29.7751407623291 33.7161598205566 30.8030014038086 31.1202182769775 32.9488945007324 32.7264251708984 33.3917465209961 33.399829864502 27.0029392242432 31.6326160430908 31.8692760467529 31.330545425415 32.0758590698242 32.4346733093262 -3.4e+38 -3.4e+38 -3.4e+38 -3.4e+38 -3.4e+38 -3.4e+38 -3.4e+38 -3.4e+38 -3.4e+38 -3.4e+38 -3.4e+38 -3.4e+38 -3.4e+38 -3.4e+38 -3.4e+38 -3.4e+38 -3.4e+38 -3.4e+38 -3.4e+38 -3.4e+38
28.1462059020996 28.857551574707 27.0366287231445 26.3706188201904 28.9494457244873 30.9607219696045 30.350902557373 30.7719841003418 29.5891666412354 29.949010848999 27.7646541595459 27.4783878326416 31.4758148193359 32.0917205810547 29.9370574951172 31.210054397583 32.4455146789551 33.5541610717773 32.5480728149414 32.4047355651855 27.1301155090332 29.1535320281982 32.6388549804688 31.5517177581787 31.9286785125732 31.8040409088135 -3.4e+38 -3.4e+38 -3.4e+38 -3.4e+38 -3.4e+38 -3.4e+38 -3.4e+38 -3.4e+38 -3.4e+38 -3.4e+38 -3.4e+38 -3.4e+38 -3.4e+38 -3.4e+38 -3.4e+38 -3.4e+38 -3.4e+38 -3.4e+38 -3.4e+38 -3.4e+38
27.0319957733154 27.6859226226807 28.0713634490967 27.6124897003174 31.4572010040283 31.0309600830078 31.0319309234619 29.8894138336182 30.6691188812256 29.6425323486328 28.8440608978271 29.1427459716797 30.1243953704834 33.7390441894531 33.7894592285156 34.6683158874512 31.1527652740479 31.4519596099854 31.4368934631348 31.943302154541 33.7834548950195 31.5653266906738 32.2767753601074 31.8129100799561 31.1299057006836 30.3913631439209 30.3040924072266 30.7998352050781 -3.4e+38 -3.4e+38 -3.4e+38 -3.4e+38 -3.4e+38 -3.4e+38 -3.4e+38 -3.4e+38 -3.4e+38 -3.4e+38 -3.4e+38 -3.4e+38 -3.4e+38 -3.4e+38 -3.4e+38 -3.4e+38 -3.4e+38 -3.4e+38
26.0553398132324 28.4284019470215 33.5301856994629 28.028205871582 27.0454883575439 28.7897396087646 30.4949932098389 29.5439319610596 29.8252792358398 30.6898670196533 29.1557559967041 28.7460136413574 29.7636833190918 31.1451148986816 29.5025787353516 32.2018737792969 29.297399520874 29.0805892944336 30.2382144927979 31.5666313171387 31.8203411102295 30.4986705780029 31.0208587646484 31.6029987335205 30.561897277832 29.7776355743408 29.4805374145508 30.0813217163086 31.3764686584473 29.8948421478271 31.1500110626221 -3.4e+38 -3.4e+38 -3.4e+38 -3.4e+38 -3.4e+38 -3.4e+38 -3.4e+38 -3.4e+38 -3.4e+38 -3.4e+38 -3.4e+38 -3.4e+38 -3.4e+38 -3.4e+38 -3.4e+38
26.0463714599609 27.8564548492432 28.4554843902588 32.3652801513672 28.0273132324219 26.4973735809326 28.4643096923828 28.6325416564941 30.8705768585205 31.1433372497559 31.347541809082 29.6896152496338 29.2840900421143 29.9049644470215 27.8567199707031 27.707160949707 27.0230674743652 31.131196975708 29.6085910797119 30.9520378112793 32.9792976379395 32.9052772521973 30.4651641845703 28.5265464782715 29.4375267028809 30.0051212310791 30.6078777313232 31.7226428985596 31.3344116210938 30.1260795593262 29.476469039917 31.8698883056641 -3.4e+38 -3.4e+38 -3.4e+38 -3.4e+38 -3.4e+38 -3.4e+38 -3.4e+38 -3.4e+38 -3.4e+38 -3.4e+38 -3.4e+38 -3.4e+38 -3.4e+38 -3.4e+38
27.2627220153809 27.862133026123 28.3086986541748 29.0644493103027 30.6054935455322 27.698278427124 27.3223781585693 28.8325500488281 30.3109531402588 30.5819835662842 30.5074234008789 30.2707290649414 29.2163715362549 29.2663421630859 27.7608909606934 27.4151268005371 27.0238151550293 31.7972068786621 31.5671329498291 29.8231563568115 30.8461284637451 32.629150390625 33.3774337768555 32.3852119445801 32.2556610107422 29.8952159881592 30.4587249755859 32.9394302368164 30.8797416687012 30.1200675964355 33.0393028259277 33.5068893432617 -3.4e+38 -3.4e+38 -3.4e+38 -3.4e+38 -3.4e+38 -3.4e+38 -3.4e+38 -3.4e+38 -3.4e+38 -3.4e+38 -3.4e+38 -3.4e+38 -3.4e+38 -3.4e+38
26.3728313446045 28.284143447876 28.1169853210449 28.1171092987061 29.5419006347656 32.3396072387695 29.5053367614746 30.2500762939453 30.0079975128174 30.218563079834 31.0046672821045 30.4924716949463 30.0373210906982 30.5344581604004 29.9316806793213 30.0016174316406 31.0813598632812 31.2837352752686 32.4655647277832 32.3025131225586 29.9582500457764 32.9568862915039 30.550407409668 29.4729309082031 31.1987590789795 30.888858795166 31.8536624908447 31.6644916534424 33.589527130127 34.1380004882812 -3.4e+38 -3.4e+38 -3.4e+38 -3.4e+38 -3.4e+38 -3.4e+38 -3.4e+38 -3.4e+38 -3.4e+38 -3.4e+38 -3.4e+38 -3.4e+38 -3.4e+38 -3.4e+38 -3.4e+38 -3.4e+38
25.9381675720215 26.885627746582 26.9585247039795 26.1665363311768 26.8671588897705 27.8052158355713 34.3599052429199 31.0254650115967 30.7061023712158 30.3891048431396 30.5863494873047 31.0008525848389 30.1357536315918 30.5510311126709 30.2461071014404 32.0934562683105 32.0188140869141 31.9067420959473 34.9309425354004 32.6980590820312 30.9491653442383 30.9894046783447 30.9643859863281 30.3720035552979 34.3577041625977 30.1075000762939 31.3953037261963 31.1444244384766 31.8694076538086 30.6141700744629 -3.4e+38 -3.4e+38 -3.4e+38 -3.4e+38 -3.4e+38 -3.4e+38 -3.4e+38 -3.4e+38 -3.4e+38 -3.4e+38 -3.4e+38 -3.4e+38 -3.4e+38 -3.4e+38 -3.4e+38 -3.4e+38
25.6914768218994 24.514217376709 24.2203464508057 24.1321277618408 26.179931640625 26.8600921630859 28.2005672454834 28.4698047637939 30.2175617218018 30.7120113372803 29.2929573059082 29.5105476379395 29.3698654174805 29.8952617645264 30.1663875579834 30.1566104888916 30.3726215362549 32.0772552490234 34.3985900878906 34.0665626525879 31.8127937316895 32.0217018127441 31.894250869751 33.6294136047363 31.9847888946533 31.1647167205811 31.9727401733398 31.237756729126 29.6056251525879 27.6827487945557 30.6881504058838 32.0056304931641 -3.4e+38 -3.4e+38 -3.4e+38 -3.4e+38 -3.4e+38 -3.4e+38 -3.4e+38 -3.4e+38 -3.4e+38 -3.4e+38 -3.4e+38 -3.4e+38 -3.4e+38 -3.4e+38
25.7159404754639 24.8573799133301 24.3757801055908 23.9916362762451 24.4972534179688 24.9883804321289 26.6235523223877 27.4966278076172 29.8034477233887 30.9291839599609 30.0804195404053 29.8677845001221 30.2897548675537 30.7079963684082 31.0064582824707 32.2388000488281 30.3884315490723 32.3386688232422 33.4037246704102 32.2669982910156 32.2293853759766 34.594654083252 32.2668724060059 31.7267875671387 33.0957908630371 31.30055809021 30.2600383758545 30.038646697998 29.1134262084961 30.3295402526855 32.2377853393555 31.9470119476318 30.8119583129883 -3.4e+38 -3.4e+38 -3.4e+38 -3.4e+38 27.0744037628174 33.270938873291 -3.4e+38 -3.4e+38 -3.4e+38 -3.4e+38 -3.4e+38 -3.4e+38 -3.4e+38
26.1305446624756 25.500207901001 24.4457702636719 24.0692958831787 24.638542175293 24.3917789459229 25.4902687072754 26.8797225952148 27.8014869689941 28.7247791290283 27.2377529144287 30.4471626281738 29.6242923736572 30.3889636993408 31.6263580322266 30.5578517913818 31.3147010803223 34.739185333252 31.2606925964355 33.0650062561035 32.1905097961426 34.0984191894531 32.7519340515137 32.006046295166 31.9331130981445 32.0127372741699 31.8752059936523 30.4946365356445 30.0263061523438 32.8150024414062 32.7436790466309 31.8676624298096 31.2197856903076 -3.4e+38 -3.4e+38 -3.4e+38 -3.4e+38 28.2311000823975 32.0671501159668 33.523307800293 33.1545448303223 33.0679512023926 -3.4e+38 -3.4e+38 -3.4e+38 -3.4e+38
26.0711994171143 24.8877639770508 24.4290294647217 24.4530410766602 24.0408763885498 25.0364074707031 24.8912048339844 26.0750370025635 29.7022819519043 31.1326942443848 29.224645614624 27.4843921661377 31.0615119934082 26.9900646209717 26.7928695678711 27.5382461547852 32.6274681091309 30.7867622375488 30.3217926025391 31.4841442108154 31.6344470977783 32.3750038146973 32.1639366149902 31.4293098449707 31.3641967773438 31.492769241333 32.5936012268066 31.5751457214355 30.7228450775146 30.6779651641846 31.4261589050293 27.9251194000244 34.1450309753418 -3.4e+38 -3.4e+38 31.4371719360352 33.1220016479492 32.2990531921387 31.0910568237305 32.2121505737305 32.1247901916504 33.5206565856934 -3.4e+38 -3.4e+38 -3.4e+38 -3.4e+38
24.7274188995361 23.4892520904541 23.5783176422119 24.8010292053223 25.2385158538818 24.971399307251 24.5488758087158 25.3170490264893 32.0390434265137 30.2488861083984 34.4258575439453 27.2895221710205 28.0870323181152 29.181676864624 27.0286102294922 27.2095603942871 27.5963745117188 29.3063125610352 31.0492916107178 30.4340286254883 33.2492370605469 30.5583953857422 31.2399501800537 31.5598907470703 30.9874172210693 32.0701293945312 31.9948215484619 32.2956809997559 32.5908546447754 31.2368278503418 31.4516086578369 28.0154323577881 30.0396785736084 -3.4e+38 33.9177932739258 29.3561935424805 31.3028984069824 -3.4e+38 33.6030616760254 -3.4e+38 33.359920501709 -3.4e+38 -3.4e+38 -3.4e+38 -3.4e+38 -3.4e+38
25.3765830993652 23.6715679168701 22.9804916381836 25.6091594696045 25.6708183288574 24.8209781646729 24.4419898986816 24.504222869873 26.108283996582 28.0949401855469 28.4311866760254 32.3419227600098 33.9800796508789 29.2890129089355 28.8497753143311 29.9259777069092 30.2786903381348 30.5112953186035 30.0213203430176 29.9188499450684 31.4510707855225 31.4726676940918 33.002124786377 33.0196380615234 31.2802848815918 31.0363388061523 31.9662227630615 30.9120025634766 31.1770000457764 31.0055599212646 28.6586608886719 29.9136905670166 33.8596534729004 30.8668193817139 29.9066352844238 32.5767097473145 32.1781997680664 -3.4e+38 -3.4e+38 -3.4e+38 -3.4e+38 -3.4e+38 -3.4e+38 33.2441902160645 -3.4e+38 -3.4e+38
26.1382102966309 25.8977756500244 23.544734954834 25.1635494232178 23.8748416900635 24.1149806976318 25.1374816894531 25.228853225708 26.7415733337402 29.2643890380859 28.3563919067383 28.5846405029297 31.0317535400391 34.8922538757324 30.3098812103271 30.5592594146729 30.2979736328125 29.560863494873 29.0171489715576 28.896858215332 34.2733879089355 31.857063293457 33.8682746887207 32.0183448791504 32.1875877380371 30.6653251647949 31.095947265625 29.998405456543 30.6532688140869 30.6553001403809 28.9954242706299 29.2381839752197 32.2801055908203 32.4043502807617 31.9062213897705 32.2584762573242 31.8590698242188 33.4727973937988 32.019416809082 29.0022888183594 31.4035816192627 31.0925369262695 32.1361351013184 31.2224445343018 -3.4e+38 -3.4e+38
26.7013072967529 25.9312686920166 26.2285957336426 26.3881988525391 25.0381278991699 24.4677810668945 24.2495632171631 24.5950870513916 26.6281890869141 34.1151504516602 28.6348667144775 34.4654083251953 33.2313385009766 30.3460025787354 30.5269355773926 28.1370487213135 28.1925163269043 30.6965198516846 29.2327117919922 29.4723281860352 31.5358486175537 33.0141677856445 34.9802131652832 32.6711616516113 34.2723045349121 31.0598373413086 33.7334403991699 32.1316795349121 31.314266204834 30.9690551757812 30.1754589080811 31.2807140350342 32.8314170837402 33.418041229248 33.604663848877 30.8224792480469 30.5191078186035 31.9022827148438 32.9836959838867 33.7364883422852 33.3117599487305 33.3521614074707 31.6073780059814 31.3335113525391 27.7032051086426 -3.4e+38
