inst/extdata/Tmax/Tmax41.asc
NCOLS 100 
NROWS 79 
XLLCORNER 148.06 
YLLCORNER -21.49 
CELLSIZE 0.01 
NODATA_value -3.4e+38 
[rows 20 to 39 of 79, columns 46 to 91 of 100]
27.2502422332764 25.3919715881348 25.0740375518799 26.4367504119873 26.0884704589844 25.6860256195068 24.6063861846924 23.4893550872803 25.8672904968262 27.588695526123 28.2399787902832 28.5693607330322 28.4442176818848 29.1235885620117 28.0509166717529 28.5640354156494 28.7510032653809 29.1923217773438 30.4130954742432 30.2247543334961 32.0410041809082 34.1834487915039 35.2360877990723 34.8878860473633 33.3799858093262 33.7502288818359 34.4697952270508 32.9363784790039 31.9757881164551 32.8628921508789 32.0553512573242 32.7476196289062 33.1255111694336 33.9840545654297 33.6772880554199 32.2312049865723 31.6179027557373 31.4653034210205 32.8668060302734 34.1949234008789 33.2087783813477 33.7157707214355 32.8586769104004 32.4603118896484 32.5777320861816 33.3041610717773
29.7699794769287 24.4891567230225 23.9751853942871 25.3035068511963 25.0402183532715 24.295919418335 25.3183116912842 23.7542114257812 24.7393035888672 27.1175785064697 29.257474899292 26.8064994812012 26.2277603149414 28.4133491516113 26.8718090057373 26.8602619171143 27.7030143737793 29.2786827087402 29.0701541900635 29.6946029663086 32.2452583312988 34.5864372253418 29.3179874420166 29.144006729126 32.5107498168945 34.132568359375 35.3078460693359 31.7952785491943 32.643440246582 31.5151596069336 31.8508949279785 31.7892208099365 32.3505706787109 31.804271697998 33.3227882385254 33.0888671875 32.9644889831543 33.1676063537598 32.3114356994629 35.4663734436035 34.1903648376465 32.9217643737793 31.7052841186523 30.9754161834717 30.246452331543 30.4942302703857
30.8034915924072 26.7559509277344 25.1832008361816 24.8297519683838 23.9656181335449 25.0484199523926 24.2937431335449 24.8807582855225 24.1140880584717 25.0501747131348 27.4249858856201 27.8152637481689 26.5984725952148 26.6099128723145 26.4430999755859 27.0850028991699 27.9678230285645 28.5000648498535 27.2925281524658 28.5226192474365 34.2018508911133 32.4115753173828 28.9678802490234 28.1172924041748 28.6745052337646 28.8201389312744 31.8857593536377 34.4775352478027 31.2113876342773 34.0158538818359 34.936840057373 36.2583541870117 33.3967437744141 32.2709770202637 33.1686897277832 33.6319732666016 34.9528617858887 34.5495491027832 35.7970962524414 33.9551734924316 32.9260520935059 33.7552185058594 32.9635581970215 33.0430335998535 29.1357173919678 29.2587070465088
30.6661739349365 26.5229434967041 26.2394371032715 25.0789241790771 23.0350322723389 24.5256061553955 25.3801918029785 24.8045959472656 24.7344932556152 24.9063816070557 26.1359539031982 25.5277500152588 26.6722221374512 25.6685466766357 30.076961517334 31.5707206726074 27.4870223999023 27.9002838134766 26.9159660339355 28.4213771820068 32.9445381164551 31.5159149169922 30.0796966552734 27.3550186157227 28.2313613891602 28.8740692138672 29.1267871856689 33.2308082580566 32.6825942993164 31.1397800445557 32.4027252197266 32.6046600341797 33.0786743164062 32.648006439209 32.5712509155273 32.7230339050293 33.5840644836426 34.715705871582 34.9860343933105 34.9282989501953 34.490909576416 33.9999809265137 32.5658340454102 32.8010139465332 31.1631469726562 28.615083694458
29.0237350463867 29.4868335723877 29.6582317352295 26.2562198638916 25.8190002441406 24.9241409301758 24.5249671936035 24.558235168457 25.3957653045654 24.7070217132568 25.0230159759521 24.4732074737549 26.3799285888672 33.2861061096191 26.2613143920898 27.4546356201172 28.3589954376221 28.6858406066895 28.2373733520508 29.7583255767822 32.4479675292969 32.1922149658203 29.2537593841553 28.3151569366455 28.5406761169434 29.1948013305664 28.8433704376221 28.9701499938965 28.9196720123291 32.8286018371582 34.5066947937012 33.8430366516113 32.4627418518066 33.1354904174805 31.7962989807129 31.3318881988525 33.9011116027832 28.9195728302002 33.6241569519043 34.7131500244141 35.0008773803711 33.0112800598145 35.0690040588379 34.001537322998 32.6174659729004 30.4582118988037
23.8407421112061 24.8511562347412 25.8733100891113 25.7981395721436 25.0486469268799 24.0684204101562 23.6539306640625 23.2199611663818 24.5221347808838 25.0954532623291 24.701997756958 24.720344543457 26.5407085418701 28.0312004089355 27.9149379730225 27.9350738525391 28.064733505249 31.29860496521 32.630443572998 29.746166229248 29.6676368713379 29.5931663513184 28.0780086517334 27.9014854431152 28.1415138244629 28.9157180786133 28.9468536376953 28.2058544158936 31.6851406097412 29.9576320648193 34.4760093688965 33.5611038208008 34.634693145752 31.8392524719238 32.5111045837402 31.3087615966797 32.9445343017578 30.9816417694092 31.1024780273438 34.6691207885742 30.8374805450439 28.5704765319824 28.337760925293 33.2145919799805 33.7847862243652 31.2602977752686
23.6215705871582 23.6527519226074 24.2508392333984 24.7898941040039 25.2050304412842 22.8277606964111 22.5148162841797 23.4059524536133 24.0666542053223 24.9032344818115 25.1076583862305 25.7519054412842 27.5871486663818 28.5808887481689 28.6759166717529 28.9280204772949 30.3696537017822 30.5900001525879 30.5931243896484 29.485652923584 29.2444477081299 30.4376430511475 30.6438865661621 30.3592643737793 33.1137504577637 28.624095916748 31.119758605957 30.8399181365967 29.4876098632812 28.8797168731689 28.3421974182129 35.979621887207 31.3001079559326 31.9528846740723 33.5318641662598 32.5199813842773 33.0711631774902 31.9048538208008 29.211368560791 29.489444732666 34.4312858581543 32.9411888122559 29.3404159545898 28.9542541503906 33.0110969543457 32.2045402526855
24.1182174682617 23.4645881652832 23.7039813995361 23.8582324981689 24.4126243591309 22.4490489959717 22.1579113006592 22.269998550415 23.8820343017578 24.8802051544189 24.3236961364746 24.6101913452148 26.1655807495117 27.288516998291 28.7080612182617 28.297435760498 29.1267242431641 30.6646118164062 29.375057220459 28.2808094024658 29.2857055664062 30.5121059417725 32.4751892089844 35.0527153015137 34.6142616271973 34.4516792297363 30.5595188140869 31.6064529418945 29.8800487518311 28.9979343414307 28.8387794494629 34.131950378418 32.4430847167969 31.1760807037354 31.9428329467773 32.0276298522949 32.0380477905273 32.7497863769531 29.5321216583252 28.324312210083 28.0313148498535 27.6391353607178 31.8019790649414 28.4076900482178 29.343391418457 31.3168392181396
24.9980754852295 24.2852458953857 24.5303840637207 24.0208606719971 24.0750331878662 22.5969276428223 23.8182106018066 23.4060497283936 23.7896423339844 24.0520076751709 24.1325778961182 24.4695339202881 24.550817489624 26.5301475524902 28.0035076141357 27.6259021759033 29.0904445648193 30.0959510803223 29.3173942565918 28.0383071899414 28.3145484924316 32.386157989502 33.3138236999512 35.0915641784668 34.6615447998047 35.6760787963867 32.0022926330566 34.3480224609375 31.7235431671143 28.6974945068359 28.822732925415 32.964183807373 33.0797500610352 32.7937126159668 30.9123096466064 31.69140625 32.9515647888184 32.9998664855957 34.9567184448242 31.7839107513428 33.9105491638184 32.5341720581055 27.7526817321777 28.2894248962402 33.6589317321777 32.6403770446777
26.1318054199219 26.0516262054443 25.3689785003662 25.4747066497803 24.6290302276611 24.2472190856934 24.2138862609863 23.0496940612793 23.6285266876221 23.4137287139893 22.6424388885498 23.9761657714844 24.3058929443359 26.4517574310303 27.2094097137451 26.1711959838867 27.6576805114746 28.2846069335938 28.4213390350342 28.7025775909424 28.5692520141602 30.2810649871826 30.9226417541504 33.2644882202148 35.4308319091797 33.4506225585938 33.4747352600098 31.8932991027832 32.1115264892578 28.4785671234131 28.757532119751 31.4531555175781 32.4609527587891 31.0868549346924 32.6484413146973 30.7327575683594 32.7933349609375 31.4549827575684 33.5621871948242 29.8324279785156 28.7219944000244 28.1973476409912 30.2168521881104 27.4912376403809 29.2130184173584 30.773006439209
24.7608127593994 24.594799041748 24.8346118927002 24.6117916107178 24.4472846984863 24.5352249145508 23.2096309661865 23.162878036499 22.4929084777832 23.0320873260498 21.9857997894287 23.5606842041016 23.0824718475342 25.0973434448242 26.2441844940186 24.9954490661621 25.428373336792 27.6207981109619 28.6664237976074 30.249044418335 29.3520793914795 29.9253349304199 31.0060195922852 31.5677280426025 31.6903553009033 32.2298278808594 33.0507278442383 34.3370742797852 34.4162940979004 33.0037841796875 30.6294689178467 31.8750114440918 32.9395217895508 32.397144317627 34.5215110778809 35.3545112609863 32.2499389648438 31.0654888153076 31.2665691375732 32.0820846557617 31.4145660400391 30.5452442169189 28.3364677429199 32.8757286071777 33.4303131103516 30.3931751251221
23.8423519134521 24.4698333740234 24.622371673584 24.5394630432129 23.6193695068359 24.559741973877 23.3677101135254 22.2129306793213 21.5289421081543 21.4576835632324 21.5377979278564 22.1501426696777 29.5770702362061 25.2964839935303 25.1088562011719 24.8978061676025 27.1062412261963 28.2114734649658 28.8852691650391 29.4922275543213 32.6269874572754 31.4054183959961 31.8108043670654 31.3371295928955 31.9676856994629 33.3758773803711 35.5440826416016 33.1808815002441 33.8307266235352 30.7513675689697 28.991024017334 32.1407432556152 32.3768463134766 31.0223083496094 33.6097412109375 35.4610328674316 34.4069709777832 31.2589168548584 31.8449630737305 34.3290901184082 29.8624820709229 29.0562114715576 30.8614521026611 30.392391204834 32.7572288513184 32.2774047851562
23.667839050293 24.0885562896729 24.0600929260254 24.3718128204346 24.376220703125 24.2991714477539 24.1430625915527 22.9416179656982 22.5775508880615 22.6369705200195 21.6139030456543 21.6685085296631 22.6807155609131 24.9984722137451 25.0819778442383 26.116304397583 26.5517959594727 27.182445526123 28.7174167633057 29.3848991394043 30.882833480835 30.8353729248047 30.8758983612061 30.6391983032227 31.5048503875732 33.4706344604492 35.3786163330078 32.0655670166016 28.7549686431885 28.8529281616211 29.0115585327148 32.9906120300293 34.4962997436523 31.0088386535645 33.536075592041 35.2040481567383 31.4829196929932 31.4759140014648 32.6765022277832 33.6082992553711 33.8922805786133 33.3243598937988 27.0576286315918 28.0835800170898 28.1212368011475 28.4483757019043
23.9816074371338 23.2778015136719 23.5060482025146 24.1414546966553 24.2745094299316 24.1988525390625 23.7793006896973 23.2788181304932 23.7675933837891 23.2699661254883 22.9247970581055 22.8034420013428 23.9692554473877 24.7354354858398 24.5701217651367 26.1405258178711 27.04421043396 27.8720149993896 28.714527130127 29.0164222717285 31.9093761444092 34.7311210632324 36.0544967651367 29.5249710083008 29.5477428436279 29.5825271606445 29.3564796447754 31.992244720459 31.0351009368896 32.6502571105957 32.0564041137695 32.5720062255859 31.5029144287109 33.3622894287109 33.7859878540039 29.3656959533691 32.6022682189941 32.3841209411621 34.0583038330078 34.1215858459473 31.112398147583 32.2673759460449 31.5446357727051 30.2942123413086 30.4371471405029 29.9240665435791
25.086009979248 23.6948585510254 23.5617008209229 23.2096881866455 23.9939956665039 23.8820858001709 23.8531970977783 24.5996475219727 24.1451930999756 23.2757263183594 23.9813385009766 24.54323387146 25.0651397705078 23.8588619232178 24.2631340026855 25.5732688903809 27.3462066650391 28.5567092895508 27.9969024658203 29.226692199707 31.3544025421143 34.2914123535156 34.9170455932617 29.4710311889648 28.6218566894531 29.0012760162354 29.6185989379883 29.7336101531982 31.3687839508057 31.620491027832 34.3906211853027 35.7449569702148 36.3308410644531 33.9703826904297 34.8846015930176 31.574836730957 32.5603065490723 32.9180145263672 32.1574440002441 33.1906356811523 33.8720283508301 31.1392879486084 28.719367980957 31.5333881378174 31.1776180267334 32.0437850952148
24.8129272460938 23.8704071044922 23.5917930603027 23.6192874908447 23.8528785705566 23.7320690155029 24.3584156036377 25.7759094238281 30.9543113708496 23.6095504760742 26.0728530883789 26.7402000427246 26.6690711975098 24.1274490356445 24.9824161529541 25.1395454406738 26.7880783081055 27.2511310577393 27.1830806732178 28.4150676727295 29.3365440368652 29.9699974060059 31.7462482452393 34.8740425109863 29.8588485717773 29.2080230712891 28.6892719268799 28.8869571685791 32.0348281860352 36.3084907531738 32.5479354858398 29.6876754760742 35.4712295532227 33.6180305480957 33.3112716674805 30.0299777984619 31.9982585906982 31.3025245666504 34.970645904541 34.5871047973633 32.7766189575195 32.8307456970215 32.2964286804199 32.4064102172852 32.5128555297852 33.877269744873
24.1694583892822 23.8886814117432 23.6490650177002 23.9844760894775 24.0578460693359 24.2459335327148 24.4887046813965 26.6854591369629 26.7802829742432 25.0644760131836 27.6663036346436 28.4049491882324 27.9470920562744 26.3157157897949 26.4364452362061 27.1725997924805 27.8111591339111 28.5275688171387 28.8510646820068 29.1150455474854 29.4337425231934 29.812084197998 27.8293991088867 27.9899272918701 28.6097965240479 28.1058139801025 28.5439224243164 34.364330291748 32.1055717468262 35.8064613342285 28.9759082794189 28.3548069000244 29.177038192749 32.916633605957 33.5373382568359 32.3628082275391 30.7060604095459 32.1263732910156 31.8648986816406 32.8272743225098 34.1024780273438 34.9804382324219 34.7968826293945 34.5568656921387 33.366813659668 33.6906127929688
24.2976455688477 24.9464740753174 23.8775386810303 24.3852920532227 24.4876689910889 25.1937026977539 25.8058032989502 29.4414730072021 27.4717082977295 27.1363105773926 28.4039554595947 29.4342174530029 28.6433582305908 27.6245861053467 27.6978225708008 28.9763469696045 29.4240303039551 29.4429397583008 30.6277198791504 30.3226928710938 31.7893924713135 30.2185096740723 29.4236717224121 28.8430652618408 29.20725440979 29.5822257995605 32.2475242614746 31.3064002990723 31.1847076416016 31.4101409912109 30.1074237823486 31.1402168273926 30.1515693664551 32.6407508850098 29.4357433319092 32.9509887695312 33.9098739624023 33.8082809448242 33.7323913574219 31.1125946044922 31.6834030151367 33.2089347839355 32.3463859558105 33.5337905883789 34.0615196228027 34.139533996582
25.7458400726318 25.5956153869629 24.4943504333496 25.7171649932861 25.8233585357666 26.2017517089844 27.0331630706787 28.4233798980713 27.3703899383545 27.96266746521 29.8865585327148 31.5284175872803 29.5653190612793 28.5734424591064 27.7190704345703 28.7904281616211 28.7123374938965 29.2566261291504 30.2816429138184 34.8920783996582 30.242280960083 30.5730953216553 32.7856636047363 32.1231231689453 31.9044933319092 31.6181945800781 33.2944374084473 32.5362777709961 33.1098327636719 32.5372123718262 30.8798122406006 31.5855770111084 33.4498138427734 33.1669082641602 29.1889514923096 28.4953784942627 28.9347248077393 30.1617183685303 29.6834049224854 31.7331657409668 35.2966728210449 34.8841361999512 31.8892765045166 31.2325172424316 29.7124462127686 29.9287967681885
24.9679698944092 25.0238037109375 25.4867877960205 27.0410213470459 27.6991291046143 28.3806991577148 29.5406303405762 27.9984092712402 26.8798027038574 27.413423538208 28.3135395050049 30.4471054077148 30.0013179779053 29.5514011383057 28.4554500579834 31.016092300415 30.8033046722412 32.8951644897461 35.350513458252 33.2228050231934 33.4797439575195 32.2145042419434 31.6142120361328 32.0298805236816 32.1423606872559 31.7424430847168 31.7036781311035 31.4493732452393 32.0185470581055 33.111385345459 32.4601669311523 31.8886375427246 29.7729473114014 29.5075931549072 28.3646469116211 31.5433521270752 32.884033203125 29.3287734985352 29.2814235687256 29.0994911193848 28.9783401489258 31.6815071105957 31.1935119628906 32.3792533874512 30.9291229248047 30.3856258392334
