inst/extdata/Tmax/Tmax75.asc
NCOLS 100 
NROWS 79 
XLLCORNER 148.06 
YLLCORNER -21.49 
CELLSIZE 0.01 
NODATA_value -3.4e+38 
[rows 40 to 59 of 79, columns 0 to 45 of 100]
37.977619171142599 37.689510345459 37.719669342041 37.7565689086914 37.6288414001465 37.7530479431152 37.7015533447266 37.4870338439941 36.9752616882324 37.4445037841797 38.1308937072754 38.4718780517578 38.5129585266113 38.5694389343262 38.6407623291016 38.419979095459 38.137508392334 37.751953125 37.1240234375 37.6630554199219 37.6539497375488 37.5339546203613 37.4669570922852 37.0318984985352 36.040885925293 35.3220901489258 35.1076889038086 35.2035293579102 35.334041595459 34.6259422302246 33.9088439941406 34.3800277709961 35.7886123657227 35.4891510009766 35.2035293579102 35.5683097839355 35.4661865234375 35.1088829040527 34.8652191162109 34.3654479980469 34.3194198608398 33.3630752563477 32.7161178588867 32.7092399597168 32.4245834350586 32.2467384338379
38.1400718688965 37.7237548828125 37.5858955383301 37.7014007568359 37.5937881469727 37.6849632263184 37.6926078796387 37.5799560546875 37.3118476867676 37.4477272033691 37.8163032531738 38.1926078796387 38.4392890930176 38.6182174682617 38.6667594909668 38.511302947998 38.1956634521484 37.6467704772949 37.2838745117188 37.4435653686523 37.4696655273438 37.2122535705566 37.4074363708496 37.1036567687988 36.3745498657227 35.8244552612305 35.1447982788086 35.0473327636719 35.2824249267578 34.7994766235352 34.3277626037598 35.0286521911621 35.7801322937012 34.949764251709 34.1466217041016 34.9935340881348 35.0397300720215 35.2722587585449 35.230785369873 34.9740562438965 34.8417320251465 34.0422058105469 32.4857330322266 32.3520011901855 32.4331703186035 32.3882484436035
38.0026359558105 37.9560356140137 37.721565246582 37.5945854187012 37.6639137268066 37.6905975341797 37.6663551330566 37.6277618408203 37.5933036804199 37.5441207885742 37.6004066467285 38.1147727966309 38.4577598571777 38.6121482849121 38.6288681030273 38.5808715820312 38.3459854125977 37.9927177429199 37.7487983703613 37.6978340148926 37.6052093505859 36.898063659668 36.8212394714355 37.065055847168 37.0939254760742 36.6128959655762 35.6613960266113 35.288143157959 35.2020988464355 34.9537811279297 33.9570655822754 35.1454048156738 35.2065658569336 34.0148544311523 33.1110420227051 34.1159553527832 34.1125984191895 34.8318710327148 35.0142784118652 34.6821632385254 34.4249229431152 34.4843063354492 33.8109283447266 33.5686073303223 34.0308952331543 35.1243591308594
37.6263961791992 37.7384872436523 37.7173233032227 37.7148780822754 37.74951171875 37.744197845459 37.707145690918 37.6538848876953 37.7159118652344 37.6861534118652 37.6981086730957 38.1368370056152 38.4020957946777 38.5674934387207 38.5917625427246 38.6103820800781 38.5066795349121 38.270133972168 37.9717025756836 38.0133781433105 37.825740814209 37.5446662902832 36.80810546875 36.4221115112305 37.1536560058594 36.9230079650879 36.4831657409668 35.9459228515625 35.5760116577148 35.3824653625488 34.5000457763672 34.402416229248 35.1776237487793 34.6190032958984 33.9064254760742 33.3949584960938 33.4879493713379 33.7616767883301 34.0138664245605 33.7520408630371 33.2467994689941 34.049144744873 33.5522079467773 34.5969467163086 36.5913162231445 37.3256645202637
37.3104591369629 37.5220985412598 37.4935302734375 37.4969253540039 37.6992454528809 37.8244094848633 37.8543167114258 37.7968292236328 37.8644218444824 37.9162063598633 38.0987815856934 38.2431106567383 38.3818969726562 38.4908599853516 38.5571479797363 38.6146774291992 38.5867767333984 38.4245719909668 38.2588920593262 38.2076988220215 38.0684280395508 37.9113426208496 37.5872268676758 37.357120513916 37.1646575927734 36.6629180908203 36.9441070556641 36.8011779785156 36.4484062194824 35.6977005004883 35.0255241394043 35.013557434082 35.3622055053711 35.5422554016113 35.2161178588867 33.924877166748 32.458984375 32.4189262390137 32.5348892211914 32.9034271240234 32.7682723999023 33.3793869018555 32.8438873291016 33.76416015625 35.7061080932617 37.3473739624023
37.3301696777344 37.4092559814453 37.2350997924805 37.118595123291 37.3433837890625 37.5844612121582 37.8350410461426 37.9654579162598 38.0397071838379 38.1404037475586 38.216438293457 38.1334991455078 37.8965225219727 38.2970161437988 38.5394821166992 38.5914459228516 38.5959091186523 38.5159950256348 38.4198837280273 38.3509178161621 38.2536773681641 38.1357002258301 38.075138092041 37.4204864501953 37.0428161621094 36.9589614868164 37.0532875061035 36.8594169616699 36.6532936096191 36.0921325683594 34.724552154541 34.9466018676758 35.2835693359375 35.351978302002 35.4580993652344 34.4701538085938 33.0415725708008 32.7766723632812 32.8121948242188 33.2925109863281 32.6380767822266 33.0380554199219 33.4641342163086 33.8027229309082 34.7646942138672 36.072582244873
37.1767196655273 37.1563835144043 37.158748626709 37.0815467834473 36.9771499633789 37.0427322387695 37.5833129882812 37.7212715148926 37.8549957275391 37.8771591186523 38.1131629943848 38.2235527038574 37.9600601196289 38.2362327575684 38.4768829345703 38.5599021911621 38.5729904174805 38.4938125610352 38.4503555297852 38.4063453674316 38.3255653381348 38.2482261657715 38.1389999389648 37.6310729980469 36.7413139343262 36.8598823547363 37.0535659790039 36.7993431091309 36.7422561645508 36.580265045166 35.7088890075684 35.3504295349121 34.9593315124512 35.2425575256348 35.3899993896484 34.8716926574707 33.7054176330566 34.0140380859375 33.4289131164551 34.1997451782227 33.5834884643555 33.7592086791992 33.8767738342285 33.9926643371582 33.9826126098633 33.7730369567871
37.6592712402344 36.975772857666 36.8821258544922 36.8272743225098 36.8016738891602 36.9403648376465 37.2833099365234 37.2372932434082 37.5104866027832 37.5659790039062 37.6551742553711 37.7261276245117 37.9276504516602 38.228946685791 38.4297676086426 38.5538635253906 38.5475234985352 38.4126968383789 38.2216835021973 38.1175079345703 38.25634765625 38.0570411682129 38.0739212036133 38.0018272399902 37.5123176574707 37.4048194885254 37.4255027770996 37.1996917724609 37.0154304504395 36.7722854614258 36.0236625671387 35.6226997375488 34.8439712524414 35.2720565795898 35.3172416687012 35.0616226196289 34.5842208862305 34.8288078308105 34.5358924865723 34.7994346618652 34.5094413757324 34.2871398925781 34.1164817810059 33.9493217468262 33.5720596313477 33.3126182556152
38.3849678039551 37.5455703735352 36.7221946716309 36.5634651184082 36.7080535888672 36.9127388000488 36.841983795166 36.8437843322754 37.2129096984863 37.5355758666992 37.6157417297363 37.5976943969727 37.8469085693359 38.1748352050781 38.4302825927734 38.5013771057129 38.5148277282715 38.4305191040039 38.2502250671387 38.0102043151855 38.0835838317871 38.0211906433105 37.9340400695801 38.0695838928223 37.9507675170898 37.8335990905762 37.5327987670898 37.3075180053711 37.2083892822266 36.8895988464355 36.4618873596191 35.953971862793 35.0080528259277 35.1746559143066 35.1399955749512 35.2031021118164 35.0918006896973 35.0590133666992 34.9306144714355 34.7272300720215 33.8512649536133 33.6701316833496 33.8748245239258 33.5902099609375 33.4403343200684 33.0578804016113
38.6520767211914 38.1305389404297 37.2212028503418 36.6005439758301 36.588695526123 36.5808067321777 36.6125640869141 36.9905700683594 37.2497444152832 37.1397018432617 37.8073692321777 38.0524864196777 38.168041229248 38.2752456665039 38.3788948059082 38.467170715332 38.4790267944336 38.4131011962891 38.3025703430176 38.1504440307617 38.0365600585938 37.9568634033203 37.7565841674805 37.7965545654297 37.9706001281738 37.949951171875 37.7164154052734 37.1254348754883 36.5849418640137 36.8706970214844 36.5418663024902 36.2026138305664 35.3203125 34.9923095703125 34.7600936889648 35.0882034301758 35.1693496704102 35.05712890625 35.007137298584 34.6639938354492 33.9042778015137 33.4723243713379 33.656795501709 33.2507820129395 33.1514091491699 33.048454284668
38.6334686279297 38.4613647460938 37.9748687744141 37.3079643249512 36.7312126159668 36.4053382873535 36.5810050964355 36.9290618896484 36.979434967041 37.3081970214844 37.9295349121094 38.1759223937988 38.3098640441895 38.4180564880371 38.4378662109375 38.4630279541016 38.3433685302734 38.3437194824219 38.3479461669922 38.261661529541 38.1401824951172 37.964412689209 37.7512702941895 37.6603507995605 37.7723236083984 37.8117752075195 37.8569602966309 37.5985145568848 37.2927055358887 37.1311912536621 36.5377426147461 36.3555183410645 35.4412841796875 34.9919548034668 34.3174324035645 34.8285217285156 34.9642791748047 34.9513740539551 35.0016098022461 34.7957496643066 34.2239723205566 34.0408210754395 33.9175682067871 33.6796226501465 33.321460723877 33.1246299743652
38.5872116088867 38.5624237060547 38.2873382568359 37.5799903869629 36.952507019043 36.6484146118164 36.6035308837891 36.697093963623 36.4323043823242 36.6026191711426 37.5285263061523 37.9568023681641 38.1467590332031 38.3628425598145 38.4521255493164 38.4107551574707 38.3300437927246 38.3166961669922 38.2773170471191 38.2622680664062 38.1577644348145 38.0391845703125 37.9247665405273 37.7028579711914 37.5743675231934 37.5048942565918 37.4666023254395 37.5760116577148 37.3321723937988 37.4528656005859 37.4715843200684 36.6183586120605 35.9696388244629 35.478874206543 34.9372596740723 35.0746459960938 35.0204124450684 34.8254241943359 34.9731826782227 34.8605880737305 34.3172035217285 34.1417617797852 34.0015106201172 33.7951126098633 33.2545204162598 33.0425682067871
38.4022521972656 38.4932441711426 38.3358917236328 37.3036346435547 36.4446105957031 36.4178924560547 36.53125 36.3858032226562 36.1114768981934 36.2595520019531 37.4547386169434 37.9558868408203 38.1865119934082 38.3813858032227 38.3916130065918 38.3385353088379 38.3287010192871 38.2540130615234 38.2074317932129 38.1988372802734 38.2055969238281 38.1391487121582 37.965950012207 37.7479248046875 37.5083808898926 37.3340034484863 37.3077125549316 37.2440643310547 37.2326278686523 37.1166687011719 37.3141479492188 37.1691589355469 36.5600967407227 35.8925971984863 35.4128036499023 35.7706604003906 35.7052574157715 35.1845207214355 34.9659843444824 35.0331230163574 34.8502006530762 34.5685653686523 34.2132568359375 33.9385948181152 33.5643692016602 33.1381874084473
38.1702346801758 38.253173828125 38.3638381958008 37.9109764099121 36.8423080444336 36.4737281799316 36.8551788330078 36.3180313110352 36.1510620117188 36.243106842041 37.3943481445312 38.0354766845703 38.2609329223633 38.357292175293 38.2816886901855 38.1804809570312 38.1772766113281 38.1914863586426 38.154369354248 38.0400123596191 38.0878829956055 38.1470260620117 37.9932060241699 37.8282165527344 37.6174545288086 37.4418983459473 37.0715866088867 36.853946685791 36.4741249084473 36.8384475708008 36.6561126708984 37.2272415161133 37.2685165405273 36.8958206176758 36.36474609375 36.3930549621582 35.9879341125488 35.6022720336914 35.263313293457 35.6601867675781 35.2041854858398 34.9090194702148 34.7208480834961 34.5625915527344 34.2549819946289 34.0854187011719
38.028205871582 38.0045166015625 38.1932792663574 38.209774017334 37.7463836669922 37.4965744018555 37.4354133605957 37.0598297119141 36.8428001403809 36.856086730957 37.0607833862305 37.4861488342285 38.1676025390625 38.3042640686035 38.1767768859863 38.0848579406738 38.0786361694336 38.118480682373 38.0755577087402 38.0049781799316 38.0242767333984 38.1218605041504 38.0668830871582 37.8762130737305 37.7573890686035 37.5590057373047 37.215648651123 36.9709053039551 36.5266799926758 36.7651062011719 36.0902862548828 36.5337219238281 36.7731132507324 36.7898979187012 36.9112510681152 36.7756881713867 36.4441604614258 36.2843322753906 35.8000183105469 35.2612419128418 35.1754608154297 35.2244148254395 34.9495887756348 34.7314796447754 34.717227935791 34.5526847839355
38.1110992431641 38.1109313964844 38.1583709716797 38.1939506530762 38.0738334655762 37.4439849853516 37.4515991210938 37.5198669433594 37.2922592163086 37.2484359741211 37.5126914978027 37.8845977783203 38.2158889770508 38.2860870361328 38.1824264526367 37.9926223754883 38.0514907836914 38.0350952148438 37.8297996520996 37.8074264526367 37.9415283203125 38.0119094848633 38.0606155395508 37.9563827514648 37.8284568786621 37.6675682067871 37.4630088806152 37.1786766052246 36.9990692138672 36.8282470703125 36.3778686523438 35.9871978759766 36.1237716674805 36.079216003418 36.5415229797363 36.2218551635742 36.4926719665527 36.236213684082 35.8512420654297 35.4066390991211 35.1525688171387 34.9210395812988 34.3937873840332 33.7623023986816 34.3673400878906 34.5602493286133
38.2140960693359 38.1958389282227 38.1606674194336 38.1483612060547 37.9947128295898 37.1767730712891 36.9575347900391 37.411060333252 37.2960357666016 36.9644622802734 37.2678070068359 37.9495849609375 38.2177963256836 38.2463302612305 38.1569175720215 37.9660224914551 37.9609603881836 37.7418937683105 37.479808807373 37.6227035522461 37.9227066040039 37.9240341186523 38.0007629394531 37.9870262145996 37.8141784667969 37.7447395324707 37.5604362487793 37.253776550293 37.158145904541 36.9183616638184 36.4853477478027 35.7683601379395 35.446159362793 35.5906410217285 36.0657577514648 36.205394744873 35.8038520812988 35.431266784668 35.6318817138672 35.5518646240234 35.1849975585938 34.935546875 34.3561782836914 33.4840316772461 33.9524803161621 34.3376617431641
38.2667999267578 38.2317771911621 38.1779174804688 38.1464538574219 38.1073722839355 37.759090423584 37.2905426025391 37.0388107299805 37.0454788208008 36.8235664367676 37.3217582702637 37.9585838317871 38.1920280456543 38.200496673584 38.1121368408203 37.9249305725098 37.7614326477051 37.5457229614258 37.4279289245605 37.7001495361328 37.8261413574219 37.8850746154785 37.8448753356934 37.9410514831543 37.8763999938965 37.7809600830078 37.6102027893066 37.3225784301758 37.1937713623047 36.9854850769043 36.5523872375488 36.3309860229492 35.848518371582 35.6443405151367 35.5806045532227 35.7306594848633 35.9985656738281 35.8339767456055 35.4487838745117 35.228889465332 35.0085029602051 34.7979125976562 34.51904296875 34.1767997741699 33.4927787780762 33.7939605712891
38.2859764099121 38.2356491088867 38.1803703308105 38.1689910888672 38.0952987670898 37.8800010681152 37.5872344970703 36.9915084838867 36.879638671875 37.0730247497559 37.5494499206543 37.9719619750977 38.1271629333496 38.118221282959 37.9855537414551 37.8167877197266 37.5212783813477 37.4303550720215 37.5412445068359 37.5694808959961 37.7144165039062 37.6509399414062 37.4663772583008 37.7174110412598 37.8918952941895 37.7665367126465 37.5504722595215 37.3845329284668 37.2433395385742 37.129280090332 36.9254989624023 36.689323425293 36.3627624511719 36.2993240356445 35.9534530639648 35.5923385620117 35.6881866455078 35.7593002319336 35.5110626220703 35.3456840515137 35.1915550231934 34.9434928894043 34.2861709594727 33.8748168945312 34.0032539367676 34.0164680480957
38.2853355407715 38.2967338562012 38.2350616455078 38.1989860534668 38.086353302002 37.9761276245117 37.8653297424316 37.4999961853027 37.0224952697754 37.1213111877441 37.2887115478516 37.5912933349609 37.8796005249023 37.9258041381836 37.8644943237305 37.7227439880371 37.5191459655762 37.3793792724609 37.2654075622559 37.3086128234863 37.5448837280273 37.5462913513184 37.2993659973145 37.6972389221191 37.9027519226074 37.7883377075195 37.6297149658203 37.4629020690918 37.3804397583008 37.2598114013672 37.1322135925293 36.9013214111328 36.5644607543945 36.7699966430664 36.6284103393555 36.2350311279297 35.757495880127 35.6341018676758 35.7530632019043 36.1735458374023 35.3880233764648 35.1045455932617 34.6666297912598 33.9418830871582 33.8612861633301 33.7269287109375
