inst/extdata/Tmax/Tmax102.asc
NCOLS 100 
NROWS 79 
XLLCORNER 148.06 
YLLCORNER -21.49 
CELLSIZE 0.01 
NODATA_value -3.4e+38 
[rows 40 to 59 of 79, columns 0 to 45 of 100]
35.715244293212898 35.4535217285156 35.4815902709961 35.5177993774414 35.4034957885742 35.5197334289551 35.4734764099121 35.2802047729492 34.8189964294434 35.2471237182617 35.8823318481445 36.204402923584 36.2472763061523 36.3050651550293 36.3774681091309 36.1717720031738 35.9098892211914 35.5533561706543 34.9813957214355 35.4793281555176 35.475154876709 35.3669509887695 35.3097839355469 34.9162788391113 34.0269203186035 33.3900032043457 33.2035865783691 33.2911224365234 33.4118576049805 32.7865829467773 32.1539077758789 32.5751724243164 33.8360824584961 33.5733222961426 33.3235321044922 33.6553840637207 33.5676956176758 33.2538223266602 33.041934967041 32.601734161377 32.566463470459 31.7186069488525 31.1433887481689 31.1427249908447 30.8929176330566 30.7387180328369
35.8691291809082 35.4884719848633 35.3630294799805 35.4710121154785 35.375072479248 35.4610633850098 35.4690132141113 35.3685989379883 35.1268615722656 35.2534942626953 35.5947265625 35.946044921875 36.1818733215332 36.3559799194336 36.4067573547363 36.262752532959 35.9685173034668 35.4597702026367 35.1302757263184 35.2805328369141 35.3085975646973 35.0751914978027 35.2590866088867 34.9853706359863 34.3289642333984 33.8396682739258 33.2375106811523 33.1529884338379 33.3669929504395 32.9412231445312 32.5259628295898 33.1527976989746 33.8301200866699 33.0924301147461 32.3815269470215 33.1420059204102 33.186767578125 33.4006576538086 33.3694038391113 33.1453323364258 33.0328750610352 32.3238410949707 30.9341793060303 30.8193798065186 30.8977432250977 30.8628921508789
35.7408180236816 35.7002296447754 35.4854393005371 35.3716201782227 35.4375648498535 35.4646186828613 35.4433555603027 35.4107627868652 35.3820037841797 35.3398933410645 35.39453125 35.8720779418945 36.1981925964355 36.3489990234375 36.3692512512207 36.327823638916 36.108959197998 35.7795333862305 35.5565528869629 35.5135078430176 35.4325180053711 34.7872123718262 34.7218399047852 34.948600769043 34.9799194335938 34.5467491149902 33.6949653625488 33.3637580871582 33.2913932800293 33.074333190918 32.1905326843262 33.2528839111328 33.3125305175781 32.2537231445312 31.4515495300293 32.353645324707 32.3537178039551 33.0018348693848 33.1708488464355 32.8791275024414 32.6546363830566 32.7136459350586 32.1146507263184 31.9033832550049 32.3235244750977 33.312442779541
35.3994178771973 35.5043792724609 35.4856071472168 35.4858016967773 35.5201950073242 35.517936706543 35.4849128723145 35.4387474060059 35.4986839294434 35.4743041992188 35.4884033203125 35.8972129821777 36.1502151489258 36.3111839294434 36.3385353088379 36.3607025146484 36.2661743164062 36.0446472167969 35.7686996459961 35.8126449584961 35.6420936584473 35.3842468261719 34.713565826416 34.3681373596191 35.0386428833008 34.8324432373047 34.4371795654297 33.9550514221191 33.6275024414062 33.4587249755859 32.6746711730957 32.5900917053223 33.2878112792969 32.7930183410645 32.1612281799316 31.7087936401367 31.7947978973389 32.044605255127 32.2754020690918 32.0463600158691 31.5990314483643 32.323356628418 31.8816452026367 32.8246307373047 34.5767555236816 35.1847877502441
35.1151390075684 35.3103179931641 35.2847633361816 35.2902526855469 35.4782409667969 35.5961723327637 35.6249313354492 35.5747146606445 35.6401596069336 35.6912536621094 35.8644409179688 36.0015258789062 36.1359939575195 36.2431983947754 36.3104400634766 36.3697242736816 36.3475456237793 36.1965141296387 36.044303894043 36.0009841918945 35.8747291564941 35.730770111084 35.4334106445312 35.2253189086914 35.0529708862305 34.5990104675293 34.8606491088867 34.7332229614258 34.4169273376465 33.7435569763184 33.1451721191406 33.13720703125 33.4547996520996 33.6218528747559 33.3338356018066 32.1821479797363 30.8709182739258 30.8394870758057 30.9484024047852 31.2843647003174 31.1679058074951 31.7218742370605 31.244213104248 32.0765151977539 33.8338317871094 35.2101287841797
35.1369590759277 35.2113075256348 35.0529937744141 34.9493026733398 35.1564826965332 35.3797874450684 35.6117134094238 35.7355270385742 35.8076362609863 35.904857635498 35.9794311523438 35.9036521911621 35.6859893798828 36.0647048950195 36.2986526489258 36.3528823852539 36.3621559143066 36.2895050048828 36.2029418945312 36.1424865722656 36.0553779602051 35.9474945068359 35.8956489562988 35.28857421875 34.9453163146973 34.8732719421387 34.9649391174316 34.790412902832 34.6069755554199 34.1019897460938 32.8767929077148 33.0784454345703 33.3858070373535 33.4523887634277 33.5531349182129 32.6706275939941 31.3926124572754 31.1593437194824 31.1959838867188 31.6324195861816 31.0490283966064 31.4139518737793 31.800443649292 32.1104736328125 32.9825019836426 34.1424331665039
35.0011672973633 34.9848175048828 34.9874114990234 34.9194679260254 34.8269271850586 34.8889808654785 35.3841934204102 35.5141563415527 35.6408729553223 35.6645469665527 35.8877716064453 35.9932518005371 35.7500381469727 36.0125427246094 36.2448081970215 36.3287315368652 36.3462257385254 36.2742309570312 36.2378845214844 36.2011489868164 36.129467010498 36.0599327087402 35.961669921875 35.4892959594727 34.6734619140625 34.7866325378418 34.9695014953613 34.7393493652344 34.6921730041504 34.5491409301758 33.7631607055664 33.442928314209 33.0959739685059 33.3556098937988 33.4936103820801 33.0320091247559 31.9877090454102 32.2696800231934 31.7491035461426 32.446834564209 31.8981876373291 32.0615615844727 32.1709289550781 32.2809677124023 32.2777824401855 32.0948753356934
35.4414939880371 34.819034576416 34.7344131469727 34.6869049072266 34.6659965515137 34.7943687438965 35.1079521179199 35.0685195922852 35.321949005127 35.3759727478027 35.4613761901855 35.5285949707031 35.7194671630859 36.0059585571289 36.2003898620605 36.3233261108398 36.3222045898438 36.1971244812012 36.020637512207 35.9270210266113 36.0637359619141 35.8787269592285 35.8999977111816 35.8372459411621 35.3833427429199 35.2885208129883 35.3130493164062 35.1071739196777 34.9421615600586 34.7236213684082 34.0456085205078 33.6856117248535 32.9885444641113 33.37890625 33.424732208252 33.1992607116699 32.7725143432617 32.9979095458984 32.7393188476562 32.9822463989258 32.7263946533203 32.5316886901855 32.3816528320312 32.236686706543 31.9022235870361 31.6738605499268
36.1207160949707 35.3440170288086 34.5930328369141 34.451416015625 34.5847969055176 34.7732086181641 34.7095603942871 34.713752746582 35.0533561706543 35.3527565002441 35.429801940918 35.4149742126465 35.6499824523926 35.9610824584961 36.2071304321289 36.2795143127441 36.2971801757812 36.2203063964844 36.0536766052246 35.831672668457 35.9058532714844 35.8505973815918 35.773551940918 35.9070816040039 35.8001174926758 35.6950607299805 35.4181976318359 35.2120361328125 35.1253395080566 34.8357849121094 34.4482612609863 33.9885749816895 33.137882232666 33.2929534912109 33.2666091918945 33.328670501709 33.2314186096191 33.2070655822754 33.0964813232422 32.9182891845703 32.1337013244629 31.9757194519043 32.1638526916504 31.9125633239746 31.7827739715576 31.4427814483643
36.3784217834473 35.8908424377441 35.0518455505371 34.4886779785156 34.4802513122559 34.4754905700684 34.5049743652344 34.8517570495605 35.0917091369629 34.9937324523926 35.6131820678711 35.8442535400391 35.9567527770996 36.0620613098145 36.1646385192871 36.2532768249512 36.2693328857422 36.2099723815918 36.1096038818359 35.970157623291 35.867359161377 35.7957572937012 35.612361907959 35.6549987792969 35.8245887756348 35.810604095459 35.5957107543945 35.0478591918945 34.5548248291016 34.8227500915527 34.5254287719727 34.2183532714844 33.4218788146973 33.1302261352539 32.9254188537598 33.226692199707 33.303409576416 33.2071533203125 33.1673278808594 32.862434387207 32.1817245483398 31.7970161437988 31.9670238494873 31.605525970459 31.5210075378418 31.4332809448242
36.366886138916 36.2069969177246 35.7524185180664 35.1384963989258 34.6137275695801 34.3200416564941 34.4802017211914 34.7999610900879 34.8489265441895 35.1537094116211 35.7331008911133 35.9665298461914 36.097053527832 36.2039566040039 36.2272567749023 36.2558174133301 36.1464881896973 36.1502647399902 36.1591873168945 36.0819969177246 35.9715957641602 35.8088493347168 35.613109588623 35.5328140258789 35.6431617736816 35.6856918334961 35.7339401245117 35.4944305419922 35.2136421203613 35.0686912536621 34.5257225036621 34.361946105957 33.5339241027832 33.1318550109863 32.5273666381836 32.993724822998 33.1197929382324 33.1133308410645 33.164192199707 32.9830780029297 32.4710578918457 32.3107872009277 32.2028388977051 31.9929847717285 31.6742782592773 31.5014190673828
36.3292961120605 36.3086280822754 36.0505638122559 35.3942375183105 34.8199691772461 34.5449142456055 34.5048141479492 34.5929336547852 34.3546829223633 34.5126953125 35.3661308288574 35.7671203613281 35.9495277404785 36.1581344604492 36.247501373291 36.2126159667969 36.1403579711914 36.1310424804688 36.098388671875 36.0889511108398 35.9945755004883 35.8857536315918 35.782543182373 35.5785064697266 35.4629745483398 35.4029731750488 35.3723106384277 35.4787826538086 35.2557029724121 35.3742408752441 35.3975296020508 34.6076850891113 34.0177154541016 33.5756187438965 33.0891571044922 33.2186470031738 33.172737121582 33.0011100769043 33.1403694152832 33.0435600280762 32.556396484375 32.4028015136719 32.2792854309082 32.097713470459 31.613245010376 31.4263687133789
36.155101776123 36.243724822998 36.0966987609863 35.1390380859375 34.3556213378906 34.3339042663574 34.438117980957 34.3085021972656 34.0620346069336 34.1994476318359 35.2981338500977 35.7670669555664 35.987964630127 36.1767883300781 36.1908912658691 36.1448364257812 36.140007019043 36.0722999572754 36.0327606201172 36.0293998718262 36.0407943725586 35.981330871582 35.8220443725586 35.6212539672852 35.4013519287109 35.2433586120605 35.223819732666 35.1680679321289 35.1625633239746 35.0597496032715 35.2496032714844 35.1180877685547 34.5582389831543 33.9506187438965 33.5181655883789 33.8496475219727 33.7935180664062 33.324161529541 33.130729675293 33.1971397399902 33.0362281799316 32.7857818603516 32.4669227600098 32.2230949401855 31.8889331817627 31.5074596405029
35.9433364868164 36.0238380432129 36.1294097900391 35.7074165344238 34.7232780456543 34.3892440795898 34.7390289306641 34.2511940002441 34.1021003723145 34.1887855529785 35.2481460571289 35.8484001159668 36.0651702880859 36.1607780456543 36.0932273864746 36.0015640258789 36.0029296875 36.0195922851562 35.9889907836914 35.8852882385254 35.9354591369629 35.9953193664551 35.8542327880859 35.7031211853027 35.5095481872559 35.349853515625 35.0094223022461 34.8108787536621 34.4651336669922 34.8063812255859 34.6426811218262 35.1775779724121 35.2220497131348 34.879581451416 34.3932571411133 34.4249382019043 34.0559158325195 33.7079925537109 33.4038314819336 33.7720603942871 33.3607635498047 33.0971908569336 32.9295845031738 32.7910537719727 32.5167274475098 32.368049621582
35.8165893554688 35.7970199584961 35.9754295349121 35.9940757751465 35.5634994506836 35.3344459533691 35.2792587280273 34.9354095458984 34.738883972168 34.7541809082031 34.9457702636719 35.3413238525391 35.9837379455566 36.1173782348633 36.0006332397461 35.9178810119629 35.9162940979004 35.9571304321289 35.9209747314453 35.8587112426758 35.8816947937012 35.9779777526855 35.9306945800781 35.7548027038574 35.6475028991699 35.4656295776367 35.1490631103516 34.9245300292969 34.518180847168 34.7434120178223 34.1262435913086 34.5378036499023 34.7648773193359 34.7859725952148 34.9047050476074 34.7841835021973 34.4805946350098 34.3384666442871 33.8979949951172 33.4099922180176 33.3370628356934 33.387321472168 33.1400680541992 32.9466094970703 32.9392051696777 32.7947425842285
35.9005737304688 35.9033699035645 35.9495506286621 35.9861831665039 35.8764495849609 35.291877746582 35.3004684448242 35.3670425415039 35.1590614318848 35.1217269897461 35.3703727722168 35.7201347351074 36.0364952087402 36.1072082519531 36.0129699707031 35.8375778198242 35.8974723815918 35.8849601745605 35.6954383850098 35.6787796020508 35.809986114502 35.8801422119141 35.9313659667969 35.8373184204102 35.721061706543 35.5740165710449 35.3864593505859 35.1236228942871 34.9610176086426 34.8070907592773 34.3952484130859 34.0390167236328 34.1694641113281 34.1335029602051 34.5657501220703 34.2754516601562 34.5300369262695 34.2981414794922 33.9486389160156 33.5459327697754 33.3187370300293 33.1124649047852 32.6349868774414 32.0649642944336 32.6215629577637 32.8031692504883
36.0043830871582 35.9902267456055 35.9587898254395 35.9503555297852 35.8091201782227 35.0505561828613 34.8495025634766 35.2722930908203 35.1687088012695 34.8651390075684 35.1491165161133 35.7881469726562 36.0454940795898 36.0766334533691 35.9958801269531 35.8194007873535 35.8188056945801 35.6151084899902 35.3734397888184 35.5116004943848 35.7989158630371 35.8035125732422 35.8812026977539 35.8731079101562 35.7140274047852 35.6532859802246 35.4842567443848 35.199649810791 35.1151008605957 34.8963317871094 34.4993934631348 33.8422966003418 33.551872253418 33.6888999938965 34.1304969787598 34.2645950317383 33.8980674743652 33.561107635498 33.7505264282227 33.6823577880859 33.3511505126953 33.1281242370605 32.6023178100586 31.812198638916 32.2444076538086 32.6013870239258
36.0555076599121 36.0255279541016 35.9765243530273 35.9500579833984 35.9164619445801 35.5928230285645 35.1580047607422 34.9279365539551 34.9372024536133 34.7353858947754 35.1999588012695 35.7980270385742 36.0225982666016 36.0346641540527 35.9549255371094 35.7819175720215 35.6319007873535 35.432014465332 35.3257865905762 35.58544921875 35.7087287902832 35.7677917480469 35.7343864440918 35.8304672241211 35.7740287780762 35.6884574890137 35.5319023132324 35.2646942138672 35.1489143371582 34.959156036377 34.5611877441406 34.3595428466797 33.9194831848145 33.7366752624512 33.6829986572266 33.8258285522461 34.0762405395508 33.9296875 33.5804710388184 33.3838424682617 33.1870002746582 32.9993705749512 32.7477684020996 32.4401550292969 31.8206462860107 32.100757598877
36.0809936523438 36.0365371704102 35.9861831665039 35.9786376953125 35.9123840332031 35.7131118774414 35.4407844543457 34.8901710510254 34.7898330688477 34.971996307373 35.4188346862793 35.8178367614746 35.9684715270996 35.9639511108398 35.8423080444336 35.6869735717773 35.4131965637207 35.3305740356445 35.4385643005371 35.4692726135254 35.6100616455078 35.5532913208008 35.3840217590332 35.6252365112305 35.7955131530762 35.6814384460449 35.4820022583008 35.3292503356934 35.2015190124512 35.0995750427246 34.9139175415039 34.6971969604492 34.3988304138184 34.345043182373 34.0302238464355 33.7024726867676 33.7941131591797 33.8647689819336 33.641242980957 33.4942741394043 33.3578338623047 33.1353034973145 32.5367088317871 32.165599822998 32.2881011962891 32.305347442627
36.0879020690918 36.101806640625 36.045337677002 36.0144424438477 35.9113388061523 35.810733795166 35.7084312438965 35.3693428039551 34.9281539916992 35.0230979919434 35.1821823120117 35.466983795166 35.7417488098145 35.7891845703125 35.7351531982422 35.6054573059082 35.4179916381836 35.289493560791 35.1868171691895 35.2312545776367 35.4571418762207 35.4614295959473 35.2337532043457 35.6129455566406 35.8127288818359 35.7089309692383 35.5635643005371 35.4096069335938 35.3368453979492 35.2283172607422 35.1135025024414 34.9007225036621 34.5913696289062 34.7882499694824 34.6612586975098 34.3004570007324 33.8620491027832 33.7532501220703 33.8681945800781 34.2631797790527 33.5418548583984 33.2861328125 32.8874015808105 32.228343963623 32.1595497131348 32.0415840148926
