inst/extdata/Tmax/Tmax72.asc
NCOLS 100 
NROWS 79 
XLLCORNER 148.06 
YLLCORNER -21.49 
CELLSIZE 0.01 
NODATA_value -3.4e+38 
[rows 20 to 39 of 79, columns 0 to 45 of 100]
39.329322814941399 39.3648490905762 39.3536682128906 39.3201866149902 39.3407096862793 39.4518585205078 39.3832855224609 39.3267097473145 39.2752532958984 39.1983451843262 39.0424423217773 38.6758880615234 38.2616691589355 37.65380859375 36.3811340332031 35.967845916748 35.906078338623 36.863468170166 37.8751258850098 38.287525177002 38.305980682373 38.3181953430176 38.6335678100586 38.6593780517578 38.520263671875 38.2564353942871 37.6895713806152 36.8046035766602 37.3203125 37.3834838867188 37.9548377990723 37.963924407959 38.0945739746094 38.0608863830566 38.020923614502 37.7908973693848 37.4172172546387 37.4171142578125 36.9709281921387 37.2093963623047 36.9991340637207 36.3085861206055 36.5177917480469 36.5631942749023 36.6745872497559 36.6990051269531
39.397518157959 39.4551162719727 39.4550170898438 39.4203071594238 39.4246788024902 39.431324005127 39.3137512207031 39.252326965332 39.2390899658203 39.1885757446289 39.0835914611816 38.927619934082 38.7220153808594 37.8428039550781 36.3960494995117 36.0867919921875 36.3294677734375 37.1287994384766 37.6189727783203 37.9794616699219 38.101490020752 38.0192565917969 38.5178642272949 38.6461334228516 38.4686241149902 38.4834518432617 38.457145690918 37.7389450073242 37.5915260314941 38.080982208252 38.1905975341797 38.0857162475586 37.7756881713867 37.2037162780762 37.2195930480957 37.1956176757812 37.6167335510254 36.9494361877441 36.5668869018555 36.861743927002 36.4892234802246 36.568489074707 36.2954483032227 35.417652130127 35.7264442443848 36.3731880187988
39.4529495239258 39.4976463317871 39.494556427002 39.4792175292969 39.4614181518555 39.4367446899414 39.2821464538574 39.1790199279785 39.1385688781738 39.1176643371582 39.020580291748 38.9596214294434 38.8067932128906 38.2427368164062 37.1791915893555 36.3702964782715 35.7454223632812 36.2313423156738 36.7942276000977 37.5793609619141 37.6900253295898 37.805980682373 38.4159889221191 38.2175788879395 37.8289375305176 38.1751823425293 38.2440910339355 38.3132514953613 38.048656463623 38.0841217041016 37.8341789245605 37.6524696350098 37.111572265625 36.7925796508789 36.5684127807617 36.7739753723145 36.7027816772461 36.1625785827637 36.1320838928223 36.0509605407715 35.7499809265137 35.0202751159668 35.7718696594238 35.4887161254883 34.5315055847168 35.9023284912109
39.4429626464844 39.4726409912109 39.4786148071289 39.4691963195801 39.4306564331055 39.4265403747559 39.3631324768066 39.1065559387207 39.0178833007812 39.0437278747559 38.8871116638184 38.7177810668945 38.8186111450195 38.4740409851074 37.733470916748 36.9801445007324 36.1790618896484 35.8880882263184 36.4845886230469 36.7941246032715 37.3232574462891 38.2747230529785 38.0420951843262 37.464282989502 37.6071739196777 37.747444152832 37.4558181762695 38.3442726135254 38.3656578063965 38.2350807189941 38.0206565856934 36.9821281433105 36.664737701416 36.8570976257324 37.175422668457 36.7345352172852 35.8459625244141 35.3178558349609 36.0168685913086 35.5225715637207 34.8176040649414 33.4319725036621 34.2341918945312 35.3830299377441 33.6284713745117 34.9169502258301
39.396312713623 39.451099395752 39.4688453674316 39.4372787475586 39.3996276855469 39.4031715393066 39.4059753417969 39.2557487487793 39.1041603088379 38.956241607666 38.8687705993652 38.8352432250977 38.681884765625 38.3714485168457 37.6557312011719 36.9914588928223 36.270565032959 35.9074401855469 36.1097106933594 36.1129302978516 37.2865562438965 38.0800590515137 37.0300216674805 36.5090408325195 37.2982597351074 37.2779541015625 37.4562644958496 38.149959564209 38.3741340637207 38.0185050964355 37.9645309448242 37.7406921386719 37.7119979858398 37.7633628845215 37.4541931152344 37.1613578796387 36.7711296081543 35.6990699768066 35.4806785583496 35.2283668518066 33.5522155761719 32.9875373840332 33.4159469604492 35.2020263671875 33.2848052978516 33.6405296325684
39.3576126098633 39.377513885498 39.3773078918457 39.3519592285156 39.3591003417969 39.3666648864746 39.392032623291 39.3590393066406 39.2304573059082 39.0181732177734 38.8487243652344 38.7255439758301 38.5937995910645 38.1745643615723 37.7546005249023 37.2258415222168 36.6349830627441 36.3014068603516 36.7453193664551 37.4256706237793 37.4151725769043 37.3221817016602 36.8563995361328 35.6192207336426 36.1226463317871 36.8756065368652 37.0228271484375 38.1834869384766 38.3534317016602 38.0169372558594 37.1904373168945 37.7620315551758 37.6343040466309 37.5130882263184 37.2544288635254 36.9502830505371 36.8281860351562 35.4068984985352 34.1603813171387 34.5556373596191 33.1507568359375 33.9680442810059 34.3071975708008 35.1978569030762 34.2095222473145 33.1581192016602
39.2582015991211 39.2847137451172 39.2811965942383 39.2887954711914 39.2820281982422 39.2826118469238 39.3647041320801 39.3730392456055 39.2579307556152 38.887077331543 38.7962226867676 38.5530738830566 38.5547485351562 38.2092742919922 37.5023460388184 36.4748229980469 36.1104774475098 36.2984275817871 36.7634735107422 36.6774139404297 36.8640098571777 37.7221565246582 37.5862808227539 36.1281471252441 35.733772277832 36.6447448730469 37.4156227111816 38.238166809082 38.3124008178711 38.1084747314453 37.3221321105957 36.9527282714844 37.6877899169922 37.1812629699707 36.7604103088379 35.9643630981445 35.6857032775879 35.7937088012695 34.7645492553711 33.4935874938965 33.096794128418 33.4096298217773 33.3077545166016 34.3282241821289 33.4080238342285 32.7706069946289
39.1211700439453 39.1423492431641 39.1625289916992 39.2062034606934 39.2246780395508 39.2757759094238 39.3609809875488 39.3633117675781 39.3050422668457 39.1379013061523 38.9246063232422 38.6834182739258 38.5778350830078 38.3987464904785 37.5321159362793 36.4360580444336 36.1250801086426 36.0768890380859 36.2076416015625 36.1897888183594 37.2966995239258 37.9062309265137 37.3947486877441 36.5676116943359 36.0169296264648 36.2466773986816 36.3665237426758 37.8655548095703 38.1926651000977 38.0807914733887 37.3302268981934 37.244010925293 37.5188179016113 36.8137893676758 36.1467552185059 35.5943603515625 34.7025756835938 35.399299621582 35.2388916015625 33.4558486938477 33.0211296081543 33.2097473144531 33.1196136474609 33.7029113769531 33.1198577880859 32.8216934204102
38.6392707824707 38.5993347167969 38.8463973999023 39.1351661682129 39.2549438476562 39.3268432617188 39.356071472168 39.3502006530762 39.2401008605957 39.147029876709 39.0023727416992 38.5120391845703 38.604190826416 38.4684944152832 37.9890327453613 36.8333435058594 36.134464263916 35.6353569030762 35.9471054077148 36.8122825622559 37.3059387207031 37.6501655578613 36.8193702697754 36.1173934936523 35.9400024414062 36.0860252380371 36.5095100402832 37.3740653991699 38.0886421203613 38.1444320678711 37.66064453125 37.4067535400391 36.9953727722168 36.0066032409668 34.8720626831055 34.460334777832 34.140453338623 34.3418083190918 34.4938774108887 34.100902557373 33.5819282531738 33.7091293334961 33.4338111877441 33.2165565490723 33.2260780334473 33.1587677001953
37.7844581604004 38.620288848877 38.9249572753906 38.6732330322266 39.194766998291 39.3296432495117 39.3473701477051 39.3404006958008 39.1606140136719 39.0306282043457 39.0271606445312 38.784984588623 38.5683212280273 38.4484786987305 38.2150115966797 37.7324104309082 37.2059860229492 35.8745079040527 36.1919364929199 36.2729148864746 36.4255905151367 37.3382911682129 36.9302787780762 36.1457481384277 35.946605682373 35.7432022094727 35.7162971496582 37.3180236816406 38.1100273132324 38.1794013977051 37.4126319885254 36.4778861999512 36.1770553588867 35.8346176147461 35.5742378234863 34.5857276916504 34.5182151794434 34.1131172180176 33.7028160095215 33.9541549682617 35.7149963378906 35.7927551269531 34.688907623291 33.2756576538086 34.3046379089355 34.4080619812012
38.0673866271973 38.9110488891602 38.9274368286133 38.4158325195312 39.1478691101074 39.3139419555664 39.3523826599121 39.3398971557617 39.2916145324707 39.089672088623 38.9962387084961 38.9350166320801 38.7753067016602 38.5868644714355 38.3171081542969 37.7718734741211 36.9865531921387 36.551586151123 36.1086120605469 36.3604965209961 36.4381484985352 36.8661003112793 36.2755165100098 36.1097259521484 35.8139762878418 35.195369720459 35.4759140014648 37.2004051208496 37.9948959350586 38.0355224609375 38.0187797546387 37.8544960021973 36.7964019775391 35.8786392211914 35.8114356994629 35.3387260437012 35.4688911437988 35.2802429199219 34.8652610778809 35.3403854370117 36.7650680541992 36.8185424804688 36.4044609069824 35.8544006347656 35.7357063293457 35.1605529785156
38.7915306091309 39.0460510253906 39.0960540771484 39.0905647277832 39.165699005127 39.2979469299316 39.3189964294434 39.31591796875 39.278190612793 39.2165794372559 39.054500579834 38.9994888305664 38.9129905700684 38.7277145385742 38.4834403991699 38.0326156616211 37.2324714660645 36.8227195739746 36.1457710266113 36.0402641296387 36.1098785400391 36.5376472473145 36.174991607666 35.9242172241211 35.863468170166 35.8921928405762 36.6728401184082 37.6863670349121 38.0368461608887 37.5592193603516 37.4773483276367 37.4816513061523 37.6757736206055 37.2017097473145 36.9394416809082 36.2044944763184 37.1843681335449 37.0386238098145 37.0068244934082 37.0163421630859 36.7947273254395 35.933479309082 35.0076065063477 34.6868934631348 34.5514488220215 33.8245048522949
38.5218963623047 39.2022094726562 39.2468070983887 39.255558013916 39.2462844848633 39.2486267089844 39.2168922424316 39.2587356567383 39.2554092407227 39.2421264648438 39.2015380859375 39.0866966247559 38.923225402832 38.7788124084473 38.6047554016113 38.3766136169434 37.934928894043 37.2957420349121 36.579174041748 35.8968505859375 35.924674987793 36.3608360290527 36.2419738769531 35.9702835083008 35.8317756652832 35.9852409362793 37.3559837341309 38.0153999328613 38.0774574279785 37.9117736816406 37.4469413757324 36.8698463439941 37.527027130127 37.6256828308105 37.6584281921387 37.162425994873 37.5386199951172 37.2585678100586 37.1296348571777 36.9693794250488 35.8286285400391 34.4579582214355 33.2032508850098 33.5392379760742 33.4523239135742 32.4778213500977
38.3762741088867 38.9761772155762 38.7937240600586 38.6744194030762 38.7982406616211 39.1508750915527 39.145751953125 39.1656341552734 39.1815528869629 39.1720314025879 39.1444053649902 39.1203880310059 39.0205497741699 38.8826484680176 38.7429847717285 38.5376243591309 38.1391563415527 37.7400817871094 37.4833717346191 36.8830070495605 35.9738998413086 36.1986198425293 35.9824562072754 36.0522079467773 35.9341583251953 35.9073066711426 36.9216117858887 37.9582176208496 38.0314559936523 37.7323303222656 37.602352142334 36.5911293029785 36.8662338256836 37.1022834777832 37.37939453125 37.4903259277344 37.3496856689453 37.1859130859375 36.8177604675293 36.8642845153809 36.5542182922363 35.3646545410156 34.5730094909668 35.100700378418 34.6706466674805 33.5536804199219
38.6922874450684 38.9550666809082 38.5585327148438 37.9207801818848 38.0254020690918 38.9156608581543 39.1064224243164 39.0726318359375 39.0903053283691 39.1072883605957 39.0376129150391 39.0786209106445 39.0361137390137 38.937629699707 38.8028182983398 38.630126953125 38.3477325439453 37.716194152832 37.3313217163086 36.892261505127 36.2422714233398 36.1558151245117 35.9783782958984 35.7723426818848 35.739673614502 36.1073608398438 37.1901321411133 37.9146270751953 37.4431076049805 37.2328796386719 37.3325004577637 36.990665435791 36.6837730407715 36.3649215698242 36.1047058105469 36.5710716247559 36.3825912475586 36.6910743713379 36.6101150512695 36.413890838623 36.1585807800293 36.4604454040527 36.2127342224121 35.9041519165039 35.3242034912109 34.8582038879395
38.8112983703613 38.9015693664551 38.7070503234863 38.4051055908203 38.115306854248 38.6365051269531 38.9188613891602 38.9406433105469 38.987133026123 39.0450286865234 39.0376052856445 39.0770263671875 39.0236282348633 38.9718475341797 38.8331031799316 38.6350212097168 38.4185791015625 38.2111282348633 37.8376731872559 37.220287322998 36.853328704834 36.6016464233398 36.1093482971191 35.4853401184082 35.6402969360352 35.8803825378418 37.2612190246582 37.7491798400879 35.9553527832031 35.5602111816406 36.1791496276855 36.3854370117188 36.3397750854492 36.1286697387695 35.6565551757812 35.4050941467285 35.9124374389648 35.7532196044922 35.7179336547852 35.6655693054199 35.4055938720703 35.1109733581543 35.3420257568359 35.7921333312988 35.1833000183105 34.0853080749512
38.6727676391602 38.7004013061523 38.7143516540527 38.4469184875488 38.1748924255371 38.3547782897949 38.5591239929199 38.7457427978516 38.8519096374512 38.9690399169922 38.9546432495117 38.9505424499512 39.0327606201172 38.9717750549316 38.8633270263672 38.6135292053223 38.5977897644043 38.4497337341309 38.217887878418 37.8573036193848 37.7187461853027 36.9575614929199 36.3815650939941 35.924503326416 35.9201354980469 36.2913513183594 37.2804832458496 37.176383972168 36.8925170898438 36.789192199707 36.0445289611816 35.975944519043 35.7887268066406 35.6460418701172 34.9384384155273 34.5366668701172 34.7387390136719 34.6813926696777 34.9071388244629 34.7061920166016 34.6896286010742 33.7871971130371 34.4711761474609 35.2975196838379 35.0615386962891 33.6313705444336
38.1339225769043 38.4521560668945 38.643367767334 38.5385093688965 38.341480255127 38.2172470092773 38.2042121887207 38.5573348999023 38.6665229797363 38.8328742980957 38.9130058288574 38.9102172851562 38.9684448242188 38.9858932495117 38.8221817016602 38.7275810241699 38.6621322631836 38.5485229492188 38.3996849060059 38.2100830078125 38.0160942077637 37.3312339782715 36.2272720336914 36.312370300293 35.6390914916992 36.2029457092285 37.1298828125 36.5814552307129 36.7619094848633 37.207592010498 37.0922470092773 36.9324531555176 36.2821350097656 35.86328125 34.3242607116699 33.0724754333496 33.109058380127 32.9958915710449 32.953784942627 33.4112968444824 33.5684051513672 33.7595329284668 33.9349555969238 34.7856826782227 34.6401138305664 34.2495994567871
38.2444877624512 38.3338966369629 38.4540138244629 38.4271469116211 38.3886642456055 38.0907135009766 37.8837051391602 37.6380310058594 38.2686653137207 38.7433738708496 38.8721961975098 38.9109497070312 38.986743927002 38.9857215881348 38.7028427124023 38.3234939575195 38.3491897583008 38.3958587646484 38.4398345947266 38.3247528076172 38.1885757446289 37.793643951416 36.7231330871582 37.0175857543945 36.083667755127 36.0764694213867 36.2230339050293 36.5217247009277 35.502124786377 36.1479187011719 35.7840042114258 35.8877296447754 37.0902366638184 36.6730651855469 35.7362365722656 33.5451469421387 32.6383934020996 32.6390228271484 31.9742984771729 32.3986930847168 33.0221786499023 33.0122871398926 33.0830078125 34.4205017089844 33.9822044372559 33.4548377990723
38.3113746643066 38.2329063415527 38.2760543823242 38.0798683166504 38.2734565734863 38.186107635498 37.9693298339844 37.7224082946777 37.9116363525391 38.4959335327148 38.7335815429688 38.9114952087402 38.954345703125 38.9244651794434 38.8705291748047 38.4907913208008 38.1320495605469 37.935302734375 38.1937561035156 38.3121757507324 38.1783828735352 38.034839630127 37.7238273620605 37.1660499572754 36.1248931884766 35.9143905639648 35.8710899353027 35.9511795043945 35.9989471435547 35.4779624938965 34.9152679443359 35.6679878234863 36.8290138244629 36.1074295043945 36.3157234191895 35.7857131958008 35.3555946350098 35.221321105957 34.2524070739746 33.1546745300293 33.8576431274414 33.5448951721191 33.9160842895508 34.0935821533203 33.7921524047852 33.3245277404785
