inst/extdata/Tmax/Tmax110.asc
NCOLS 100 
NROWS 79 
XLLCORNER 148.06 
YLLCORNER -21.49 
CELLSIZE 0.01 
NODATA_value -3.4e+38 
[rows 40 to 59 of 79, columns 0 to 45 of 100]
41.716754913330099 41.4412460327148 41.4603500366211 41.4761734008789 41.3542861938477 41.4427871704102 41.3732223510742 41.1784973144531 40.73486328125 41.1115570068359 41.6677627563477 41.9235076904297 41.941047668457 41.9711532592773 42.0133056640625 41.8134689331055 41.5422439575195 41.2135696411133 40.6737518310547 41.1050567626953 41.0799407958984 40.9513778686523 40.8777542114258 40.4978637695312 39.654655456543 39.0378112792969 38.8214416503906 38.8918914794922 38.9821548461914 38.3753356933594 37.7620162963867 38.1234397888184 39.2726135253906 39.0050277709961 38.7490577697754 39.0312004089355 38.9155921936035 38.6004676818848 38.3794784545898 37.9477119445801 37.8900108337402 37.0644874572754 36.5234603881836 36.4988861083984 36.247142791748 36.0829811096191
41.8732566833496 41.4906539916992 41.3691177368164 41.450569152832 41.3453750610352 41.4061660766602 41.3858413696289 41.2761001586914 41.0363311767578 41.1339645385742 41.42529296875 41.7107772827148 41.8988037109375 42.0300827026367 42.0531463623047 41.9073715209961 41.6087646484375 41.1444931030273 40.8252868652344 40.9406967163086 40.9447479248047 40.7015228271484 40.845329284668 40.5745315551758 39.9497184753418 39.4735221862793 38.8696441650391 38.7791519165039 38.9562377929688 38.5365600585938 38.1266403198242 38.6782379150391 39.2818641662598 38.5747451782227 37.8912506103516 38.5721702575684 38.5793762207031 38.751277923584 38.6967926025391 38.4649810791016 38.3357124328613 37.6385307312012 36.3515663146973 36.2234306335449 36.2709121704102 36.2152519226074
41.7711982727051 41.6973037719727 41.4951095581055 41.3737030029297 41.416259765625 41.4230194091797 41.3760375976562 41.327995300293 41.2832946777344 41.2261581420898 41.2568664550781 41.6574325561523 41.9251403808594 42.0358428955078 42.0324096679688 41.9753265380859 41.7436676025391 41.4422607421875 41.2222671508789 41.1621551513672 41.0669860839844 40.4499778747559 40.3677711486816 40.551872253418 40.5570259094238 40.1387214660645 39.3090896606445 38.9890289306641 38.8990020751953 38.6741714477539 37.8287811279297 38.7843399047852 38.8158149719238 37.8103981018066 37.0452461242676 37.8563041687012 37.8232612609863 38.3968544006348 38.5270767211914 38.2334403991699 38.0017547607422 38.010368347168 37.4465522766113 37.2281799316406 37.5862693786621 38.4590644836426
41.5013580322266 41.559986114502 41.5358963012695 41.5184631347656 41.5318222045898 41.5117034912109 41.4537811279297 41.3933792114258 41.4290008544922 41.3879089355469 41.3814430236816 41.7184715270996 41.9214744567871 42.0410804748535 42.0437278747559 42.0414962768555 41.9181175231934 41.713565826416 41.4484214782715 41.4644889831543 41.2905654907227 41.027774810791 40.3975715637207 40.0580291748047 40.6468544006348 40.4364204406738 40.0323257446289 39.5759963989258 39.2498435974121 39.0702209472656 38.319408416748 38.2086524963379 38.8316383361816 38.3501167297363 37.7421226501465 37.3012847900391 37.3480339050293 37.5545692443848 37.7428131103516 37.5079956054688 37.0738143920898 37.6924476623535 37.2739372253418 38.109001159668 39.6586875915527 40.1584701538086
41.2578811645508 41.4000244140625 41.3696556091309 41.3570365905762 41.5105056762695 41.5991325378418 41.5968856811523 41.5328102111816 41.572811126709 41.599422454834 41.7344779968262 41.8261299133301 41.923957824707 41.9967079162598 42.0338897705078 42.0635948181152 42.0026016235352 41.8590850830078 41.7037315368652 41.6427268981934 41.5088043212891 41.3487510681152 41.0615463256836 40.851863861084 40.6731758117676 40.2379035949707 40.4316368103027 40.3024368286133 39.9905776977539 39.3488578796387 38.7723770141602 38.7321166992188 39.0012855529785 39.1303176879883 38.8409576416016 37.7555198669434 36.5179786682129 36.4669456481934 36.5439910888672 36.8279724121094 36.6983451843262 37.1600494384766 36.7109413146973 37.4438056945801 39.0095825195312 40.1916198730469
41.2956314086914 41.3266525268555 41.1742477416992 41.0611419677734 41.2337646484375 41.4194412231445 41.6012687683105 41.6935386657715 41.7387847900391 41.8057060241699 41.8518905639648 41.754810333252 41.5409202575684 41.8555603027344 42.0382118225098 42.0629272460938 42.0281372070312 41.9523696899414 41.8543319702148 41.7785148620605 41.6792106628418 41.551399230957 41.482006072998 40.9217300415039 40.5896072387695 40.5006980895996 40.5391311645508 40.3676605224609 40.1772308349609 39.6928443908691 38.5402488708496 38.6938743591309 38.9532241821289 38.989917755127 39.0574684143066 38.2223892211914 37.0147247314453 36.7782783508301 36.7889442443848 37.1644058227539 36.6087608337402 36.8973274230957 37.2350921630859 37.4917449951172 38.2564849853516 39.269214630127
41.1882247924805 41.1358833312988 41.1313285827637 41.0510292053223 40.9478225708008 40.9869728088379 41.411865234375 41.5105781555176 41.6053733825684 41.6070251464844 41.786075592041 41.8491477966309 41.6132965087891 41.8245811462402 42.0052642822266 42.0552825927734 42.0274085998535 41.9521064758301 41.8973121643066 41.8418769836426 41.7560195922852 41.6615447998047 41.5519332885742 41.1133041381836 40.3572845458984 40.4360847473145 40.5565872192383 40.335132598877 40.2678604125977 40.1137809753418 39.3729858398438 39.0453796386719 38.7022552490234 38.9165496826172 39.0181045532227 38.5705146789551 37.5785789489746 37.8132438659668 37.3127403259277 37.9261436462402 37.4006309509277 37.5046463012695 37.5892639160156 37.663402557373 37.634391784668 37.4427032470703
41.6056671142578 40.9972190856934 40.9121055603027 40.8504753112793 40.8132934570312 40.9137725830078 41.1738166809082 41.1190032958984 41.3306198120117 41.3601341247559 41.4174461364746 41.4482383728027 41.5980834960938 41.8296661376953 41.9772300720215 42.0609283447266 42.0168685913086 41.8957061767578 41.7191734313965 41.6140518188477 41.7089881896973 41.5140342712402 41.5081520080566 41.4288101196289 41.0052452087402 40.8964462280273 40.8732872009277 40.675479888916 40.5029983520508 40.2818412780762 39.6430397033691 39.2803268432617 38.6167030334473 38.9505081176758 38.9675598144531 38.7365570068359 38.3120231628418 38.493049621582 38.2319183349609 38.4276428222656 38.1690330505371 37.9461784362793 37.7946166992188 37.6372947692871 37.3088798522949 37.0770378112793
42.2561531066895 41.5198440551758 40.8224296569824 40.6733932495117 40.7791595458984 40.9349975585938 40.8484420776367 40.8336868286133 41.1260948181152 41.3785820007324 41.428279876709 41.3845634460449 41.5738563537598 41.8273887634277 42.0198593139648 42.0596694946289 42.0316848754883 41.9519653320312 41.784236907959 41.5669631958008 41.6079254150391 41.5255279541016 41.4338150024414 41.5252151489258 41.4071464538574 41.2902908325195 41.0020713806152 40.8046951293945 40.7023124694824 40.418830871582 40.0453414916992 39.594310760498 38.7927207946777 38.9103546142578 38.8615531921387 38.8931503295898 38.7697372436523 38.7220840454102 38.5957450866699 38.4079513549805 37.6693878173828 37.4807929992676 37.6365852355957 37.3836517333984 37.2410354614258 36.909294128418
42.4994163513184 42.0298080444336 41.2626686096191 40.7256698608398 40.6998977661133 40.6772994995117 40.6767807006836 40.9773597717285 41.1775093078613 41.0685920715332 41.6076011657715 41.7819404602051 41.8594589233398 41.9296493530273 41.9965209960938 42.0503082275391 42.0208587646484 41.9561309814453 41.8457145690918 41.7008628845215 41.5873527526855 41.490550994873 41.3055114746094 41.3182640075684 41.4409599304199 41.4032936096191 41.1705131530762 40.6720390319824 40.2054290771484 40.4204940795898 40.1285820007324 39.8167915344238 39.0681381225586 38.7772636413574 38.5656547546387 38.8157157897949 38.8505477905273 38.7374038696289 38.6753120422363 38.3728561401367 37.7297477722168 37.3359603881836 37.4752807617188 37.1236114501953 37.0224990844727 36.9185218811035
42.5055351257324 42.3263969421387 41.914306640625 41.3407402038574 40.8407440185547 40.5507621765137 40.6711654663086 40.9466705322266 40.9719543457031 41.2295150756836 41.7290420532227 41.9039115905762 41.9962120056152 42.0668144226074 42.0642433166504 42.0658645629883 41.9280433654785 41.9176940917969 41.9015197753906 41.8107528686523 41.6908950805664 41.5149459838867 41.3192481994629 41.2240333557129 41.2956771850586 41.3073387145996 41.3033294677734 41.078800201416 40.8063011169434 40.6522636413574 40.1425628662109 39.9601707458496 39.1855125427246 38.7944488525391 38.2181396484375 38.6191940307617 38.6989898681641 38.6674842834473 38.6876068115234 38.4976844787598 38.0085029602051 37.8178443908691 37.7051963806152 37.4903717041016 37.1779747009277 36.9974746704102
42.4888381958008 42.4317779541016 42.1958503723145 41.5897674560547 41.047794342041 40.7761383056641 40.7109832763672 40.7727737426758 40.5336608886719 40.659538269043 41.4158172607422 41.7423477172852 41.8811378479004 42.0407600402832 42.0952491760254 42.0419502258301 41.9360542297363 41.9142875671387 41.8621025085449 41.8297729492188 41.7237396240234 41.5947113037109 41.480224609375 41.2771377563477 41.1507530212402 41.0728149414062 41.0002899169922 41.0778274536133 40.8562088012695 40.9337768554688 40.927360534668 40.193920135498 39.6386947631836 39.2134742736816 38.7466049194336 38.8390274047852 38.7622909545898 38.581169128418 38.6812705993652 38.5677223205566 38.1017913818359 37.9173583984375 37.7906913757324 37.6014671325684 37.1405143737793 36.9477996826172
42.3488883972168 42.3878364562988 42.2496070861816 41.3717498779297 40.6338424682617 40.5950241088867 40.6628074645996 40.5237884521484 40.2763214111328 40.3838424682617 41.366569519043 41.753719329834 41.9259338378906 42.0677490234375 42.0569763183594 41.9939231872559 41.9462013244629 41.8739547729492 41.8157272338867 41.7885589599609 41.7737846374512 41.6875495910645 41.5247077941895 41.3247909545898 41.1069297790527 40.9425086975098 40.879810333252 40.8152084350586 40.784496307373 40.6677322387695 40.8080444335938 40.6560592651367 40.1344223022461 39.5641212463379 39.1481132507324 39.4208908081055 39.3343505859375 38.8856430053711 38.6850967407227 38.718563079834 38.5473785400391 38.2757034301758 37.9732208251953 37.7282028198242 37.4026031494141 37.0354537963867
42.2013969421387 42.2337532043457 42.3179550170898 41.9244651794434 41.012939453125 40.6863555908203 40.9790725708008 40.5108528137207 40.3534927368164 40.4138259887695 41.3600540161133 41.8631362915039 42.0306358337402 42.0909652709961 42.0093994140625 41.9065856933594 41.8641510009766 41.8649253845215 41.8143577575684 41.7001037597656 41.7190475463867 41.7356796264648 41.5886535644531 41.4322700500488 41.2381019592285 41.0726661682129 40.7265815734863 40.5351104736328 40.2008857727051 40.4798355102539 40.3083953857422 40.7439765930176 40.7553329467773 40.4278717041016 39.970458984375 39.9713706970215 39.606014251709 39.2680587768555 38.9686393737793 39.271053314209 38.8764457702637 38.5933570861816 38.426887512207 38.2761573791504 38.0042114257812 37.844856262207
42.1050300598145 42.0486030578613 42.197925567627 42.194450378418 41.7913970947266 41.5655403137207 41.4859809875488 41.1543579101562 40.955078125 40.9486770629883 41.1021499633789 41.4275779724121 41.9736938476562 42.0671615600586 41.9427223205566 41.8474006652832 41.8023872375488 41.8241577148438 41.7686958312988 41.6903457641602 41.6856842041016 41.733699798584 41.6676254272461 41.4901428222656 41.371395111084 41.1872062683105 40.8634414672852 40.649658203125 40.2624206542969 40.4374465942383 39.8603477478027 40.1926155090332 40.3670349121094 40.3584060668945 40.4349937438965 40.3013648986816 39.9963455200195 39.8429832458496 39.4247055053711 38.9621734619141 38.8699913024902 38.8674964904785 38.6301689147949 38.4304809570312 38.3966979980469 38.2409172058105
42.1962394714355 42.1590614318848 42.1904754638672 42.2027435302734 42.08544921875 41.5427894592285 41.5205879211426 41.5599327087402 41.3520851135254 41.297550201416 41.4997291564941 41.7788734436035 42.0337219238281 42.0722007751465 41.9672813415527 41.7911491394043 41.7996559143066 41.7750129699707 41.5857429504395 41.5469741821289 41.6367225646973 41.6623573303223 41.6811561584473 41.5744285583496 41.4481391906738 41.2946815490723 41.0850486755371 40.8388023376465 40.669548034668 40.5074272155762 40.1152534484863 39.760799407959 39.8515892028809 39.7931442260742 40.1498985290527 39.8656959533691 40.0530853271484 39.8207664489746 39.4836654663086 39.0980987548828 38.8684501647949 38.6373100280762 38.1945610046387 37.6589279174805 38.1295280456543 38.2639694213867
42.3039054870605 42.2514991760254 42.2140464782715 42.1864166259766 42.0410995483398 41.3403434753418 41.1280403137207 41.490177154541 41.3761940002441 41.0809173583984 41.3163375854492 41.8532333374023 42.0556030273438 42.0596122741699 41.9663047790527 41.7891387939453 41.7448425292969 41.5530281066895 41.3163986206055 41.4141273498535 41.6404342651367 41.609260559082 41.6509246826172 41.6181907653809 41.4550170898438 41.376407623291 41.1833648681641 40.9188461303711 40.8184356689453 40.599552154541 40.2217407226562 39.5985374450684 39.311710357666 39.4093437194824 39.777702331543 39.869686126709 39.5072593688965 39.1800346374512 39.3217544555664 39.2338790893555 38.9121398925781 38.6663208007812 38.1811981201172 37.44970703125 37.8096618652344 38.100528717041
42.361499786377 42.295036315918 42.2420196533203 42.1983375549316 42.1481666564941 41.8404960632324 41.4203071594238 41.1917304992676 41.1795310974121 40.9756393432617 41.3740921020508 41.873420715332 42.046932220459 42.0342826843262 41.9416923522949 41.7674407958984 41.5923118591309 41.403018951416 41.2854461669922 41.4897575378418 41.5726547241211 41.5887870788574 41.5345001220703 41.5917625427246 41.5170478820801 41.4170227050781 41.2350158691406 40.9861640930176 40.8583488464355 40.6652336120605 40.2874145507812 40.0722618103027 39.6536331176758 39.463981628418 39.3898582458496 39.4910316467285 39.6767883300781 39.5195617675781 39.1822776794434 38.980297088623 38.7781944274902 38.564151763916 38.3239326477051 38.0236434936523 37.446231842041 37.6696319580078
42.4231414794922 42.3437690734863 42.2894515991211 42.2623519897461 42.1833000183105 41.9862976074219 41.7131385803223 41.1967239379883 41.0850257873535 41.2290267944336 41.6081695556641 41.9286041259766 42.037353515625 42.0102691650391 41.8810043334961 41.7217216491699 41.4371109008789 41.3508377075195 41.422233581543 41.4249649047852 41.5235252380371 41.4389419555664 41.2658576965332 41.4506797790527 41.5717315673828 41.4470901489258 41.2277565002441 41.0784912109375 40.9404220581055 40.8244781494141 40.6349563598633 40.4075622558594 40.1172561645508 40.0427703857422 39.7367820739746 39.4184303283691 39.4634094238281 39.4990310668945 39.2735862731934 39.1160354614258 38.9677886962891 38.7229881286621 38.1745567321777 37.818229675293 37.9011688232422 37.8902015686035
42.4448127746582 42.416618347168 42.3568840026855 42.3091468811035 42.1976470947266 42.0879402160645 41.9664154052734 41.6436805725098 41.2260208129883 41.2905426025391 41.4118995666504 41.633861541748 41.8535766601562 41.8720893859863 41.8015594482422 41.6643753051758 41.4556045532227 41.3287734985352 41.2140731811523 41.2293472290039 41.4035911560059 41.3723754882812 41.1477165222168 41.4533233642578 41.5995788574219 41.4837417602539 41.3113098144531 41.1612396240234 41.0711441040039 40.9497032165527 40.8224563598633 40.5993881225586 40.3007431030273 40.4459533691406 40.3071174621582 39.9625701904297 39.5379447937012 39.4143981933594 39.4887428283691 39.8078269958496 39.145336151123 38.8715171813965 38.5016670227051 37.8902778625488 37.8033180236816 37.6728019714355
