inst/extdata/Tmax/Tmax112.asc
NCOLS 100 
NROWS 79 
XLLCORNER 148.06 
YLLCORNER -21.49 
CELLSIZE 0.01 
NODATA_value -3.4e+38 
[rows 40 to 59 of 79, columns 0 to 45 of 100]
41.417835235595703 41.1478233337402 41.1571502685547 41.1630249023438 41.0272941589355 41.1078147888184 41.0509872436523 40.8413581848145 40.378475189209 40.7528533935547 41.3105545043945 41.5870742797852 41.5944938659668 41.6149368286133 41.6479606628418 41.4325981140137 41.1703453063965 40.8266143798828 40.2721633911133 40.6977806091309 40.6631355285645 40.5489845275879 40.4661712646484 40.0770378112793 39.2280197143555 38.6068305969238 38.409797668457 38.4744644165039 38.558723449707 37.9501647949219 37.3339385986328 37.7150802612305 38.9148941040039 38.6343803405762 38.3673210144043 38.7259521484375 38.6501007080078 38.3141899108887 38.0875854492188 37.6143760681152 37.5779609680176 36.6819152832031 36.1407699584961 36.1152191162109 35.8624076843262 35.6973190307617
41.5758476257324 41.1950569152832 41.0595970153809 41.133358001709 41.0150032043457 41.0673332214355 41.0612945556641 40.9387588500977 40.6837348937988 40.7736511230469 41.0611000061035 41.3678321838379 41.5504951477051 41.6753921508789 41.6891250610352 41.5291481018066 41.2384300231934 40.756706237793 40.4248123168945 40.532283782959 40.5274505615234 40.2988128662109 40.4355392456055 40.1556777954102 39.5234832763672 39.0419044494629 38.4583358764648 38.3627777099609 38.5339202880859 38.1112289428711 37.6982955932617 38.267162322998 38.9184303283691 38.1557350158691 37.4733848571777 38.1833877563477 38.2500648498535 38.4816703796387 38.4494476318359 38.2098617553711 38.0901718139648 37.3316307067871 35.9678764343262 35.8384246826172 35.8855323791504 35.8292236328125
41.4663467407227 41.4048042297363 41.1859436035156 41.050895690918 41.0847854614258 41.0817794799805 41.0485916137695 40.9894752502441 40.9338798522949 40.8657531738281 40.8874435424805 41.3120574951172 41.5769157409668 41.6810607910156 41.6677665710449 41.5993309020996 41.3767700195312 41.0594062805176 40.8266067504883 40.7568206787109 40.6523170471191 40.0472602844238 39.9572830200195 40.1347160339355 40.1326789855957 39.706916809082 38.8972625732422 38.572639465332 38.4777526855469 38.2489242553711 37.4006423950195 38.3736152648926 38.4003486633301 37.3964805603027 36.6275253295898 37.4359130859375 37.4243927001953 38.0588188171387 38.2421722412109 37.9294281005859 37.6888046264648 37.7582588195801 37.1257629394531 36.8990287780762 37.3536911010742 38.41748046875
41.1598167419434 41.2357521057129 41.2010612487793 41.1732559204102 41.1772308349609 41.1467056274414 41.1024513244629 41.03076171875 41.0576133728027 41.0059242248535 40.9897575378418 41.350170135498 41.549015045166 41.6626777648926 41.6559219360352 41.6443214416504 41.533031463623 41.3138046264648 41.0342674255371 41.0425300598145 40.8575286865234 40.6080551147461 39.9656105041504 39.6181335449219 40.202018737793 39.983959197998 39.5974960327148 39.1360893249512 38.8055686950684 38.6215896606445 37.8686332702637 37.7786026000977 38.3948059082031 37.9121055603027 37.3027534484863 36.8590393066406 36.9279823303223 37.1319427490234 37.3170509338379 37.0810508728027 36.6458969116211 37.3467178344727 36.8835220336914 37.9013366699219 39.7690010070801 40.4039535522461
40.9043807983398 41.0668869018555 41.0261421203613 41.003719329834 41.1522369384766 41.2338523864746 41.2469367980957 41.1714897155762 41.2029991149902 41.2207832336426 41.349925994873 41.4595832824707 41.5508155822754 41.6164894104004 41.645679473877 41.6673431396484 41.6206283569336 41.4644622802734 41.2967567443848 41.2263793945312 41.0816917419434 40.9357490539551 40.636646270752 40.4174613952637 40.2304496765137 39.7866706848145 40.0070724487305 39.8853149414062 39.5500717163086 38.9003067016602 38.3211288452148 38.3011283874512 38.5647392272949 38.7227401733398 38.414608001709 37.3135566711426 36.0928077697754 36.0398406982422 36.1162948608398 36.4008293151855 36.2692070007324 36.7550392150879 36.3042335510254 37.1043701171875 38.9906959533691 40.4381256103516
40.9395294189453 40.9875106811523 40.8212738037109 40.6958885192871 40.8644523620605 41.0462226867676 41.248908996582 41.3344535827637 41.3715553283691 41.4310493469238 41.4692192077637 41.3850898742676 41.1565055847168 41.4704933166504 41.649959564209 41.6670913696289 41.6482009887695 41.5620193481445 41.453182220459 41.3675727844238 41.2581558227539 41.1495208740234 41.0964546203613 40.4899559020996 40.148063659668 40.0522346496582 40.1275024414062 39.9558715820312 39.7622528076172 39.2448616027832 38.0901031494141 38.2639007568359 38.5182800292969 38.5507888793945 38.6597938537598 37.7798233032227 36.5931434631348 36.3533630371094 36.3625793457031 36.7381591796875 36.1785469055176 36.4921073913574 36.8290596008301 37.1500511169434 38.0890769958496 39.3263168334961
40.8248176574707 40.7870750427246 40.7736015319824 40.6822166442871 40.5675010681152 40.5991287231445 41.051586151123 41.1439666748047 41.2323150634766 41.2249641418457 41.400032043457 41.4809951782227 41.2296104431152 41.4379806518555 41.6161842346191 41.6599731445312 41.6485328674316 41.5630302429199 41.4990196228027 41.4346122741699 41.3390731811523 41.2765617370605 41.1752166748047 40.6862106323242 39.9157066345215 39.9889526367188 40.1421928405762 39.9115257263184 39.862476348877 39.711540222168 38.9223289489746 38.6155090332031 38.269287109375 38.4791450500488 38.6053771972656 38.1275672912598 37.1590118408203 37.3913688659668 36.8885612487793 37.5009002685547 36.973201751709 37.10009765625 37.2232666015625 37.3427619934082 37.3401145935059 37.1438484191895
41.2524909973145 40.6405258178711 40.5444602966309 40.4727325439453 40.4262504577637 40.5210990905762 40.8044471740723 40.7396621704102 40.9480781555176 40.9696731567383 41.0198249816895 41.0677299499512 41.213077545166 41.4431953430176 41.5876045227051 41.6665420532227 41.6386108398438 41.5058822631836 41.3166351318359 41.2014846801758 41.2923889160156 41.1103591918945 41.1177635192871 41.0530433654785 40.5787811279297 40.4798736572266 40.5108451843262 40.306957244873 40.1335105895996 39.9029808044434 39.1936225891113 38.8512802124023 38.1847381591797 38.5143508911133 38.53759765625 38.2963333129883 37.8924598693848 38.0985450744629 37.8211326599121 38.0833396911621 37.8089332580566 37.6045722961426 37.4561882019043 37.3007926940918 36.9411315917969 36.6957511901855
41.900032043457 41.1528015136719 40.4253616333008 40.2641067504883 40.3647918701172 40.5166473388672 40.4447326660156 40.4215660095215 40.7128639221191 40.9633102416992 41.0058631896973 40.9780578613281 41.1643486022949 41.4173545837402 41.6085052490234 41.6423263549805 41.6312637329102 41.5416221618652 41.3613777160645 41.1310691833496 41.1665458679199 41.1005096435547 41.0002479553223 41.136043548584 41.0251350402832 40.9160118103027 40.6312217712402 40.4273109436035 40.3365669250488 40.0315399169922 39.6212272644043 39.1486129760742 38.3388290405273 38.4528541564941 38.4007797241211 38.4449577331543 38.3580665588379 38.3326416015625 38.2145652770996 38.0237579345703 37.2204933166504 37.0549278259277 37.2305335998535 36.9604339599609 36.8212661743164 36.4789390563965
42.1501007080078 41.6773452758789 40.8754043579102 40.3146591186523 40.280387878418 40.2494583129883 40.2661399841309 40.5662422180176 40.7632789611816 40.6438140869141 41.1888732910156 41.3856010437012 41.4578437805176 41.5227890014648 41.5845680236816 41.6331596374512 41.6208114624023 41.5469017028809 41.4259948730469 41.2700119018555 41.146800994873 41.0662078857422 40.8705635070801 40.8830413818359 41.0603485107422 41.0460243225098 40.8265686035156 40.2639350891113 39.747688293457 40.0271606445312 39.7126121520996 39.4032135009766 38.6152763366699 38.3209533691406 38.1062469482422 38.3532066345215 38.4444808959961 38.3417854309082 38.2995948791504 37.9726676940918 37.2816848754883 36.9102897644043 37.0489654541016 36.695426940918 36.5932807922363 36.4884338378906
42.1530265808105 41.9824295043945 41.5453948974609 40.9443130493164 40.4220275878906 40.1168975830078 40.2577056884766 40.5323028564453 40.5507202148438 40.8071670532227 41.3128433227539 41.5108070373535 41.5988578796387 41.6647415161133 41.6549835205078 41.6497421264648 41.5252456665039 41.5079727172852 41.4848518371582 41.3847122192383 41.2548599243164 41.0927658081055 40.8861656188965 40.7831649780273 40.8808441162109 40.9254760742188 40.9802169799805 40.7423858642578 40.4482231140137 40.2959594726562 39.7222557067871 39.5653190612793 38.7339859008789 38.3391876220703 37.7589836120605 38.1580200195312 38.2597389221191 38.2500877380371 38.305118560791 38.1111450195312 37.5615463256836 37.3939056396484 37.2901725769043 37.0646629333496 36.7498397827148 36.568042755127
42.1321258544922 42.0890502929688 41.8344955444336 41.1981048583984 40.6317825317383 40.3451995849609 40.2959327697754 40.3521461486816 40.1005363464355 40.222339630127 40.9895477294922 41.3432731628418 41.4793586730957 41.6375999450684 41.6873245239258 41.6252975463867 41.5340957641602 41.5052108764648 41.4450187683105 41.4055595397949 41.2901153564453 41.1764030456543 41.0530166625977 40.839183807373 40.7046699523926 40.6393165588379 40.6117248535156 40.7353897094727 40.5016899108887 40.625862121582 40.6500091552734 39.8352203369141 39.2083435058594 38.7600288391113 38.289379119873 38.3793563842773 38.3245468139648 38.1410827636719 38.2884063720703 38.1848297119141 37.661792755127 37.5013046264648 37.3811683654785 37.1860961914062 36.7125968933105 36.5182991027832
41.9825553894043 42.0399322509766 41.8873138427734 40.9701232910156 40.2037582397461 40.1569290161133 40.2444496154785 40.0953254699707 39.8357200622559 39.939079284668 40.9377517700195 41.3541679382324 41.5251770019531 41.6654510498047 41.6476516723633 41.5757179260254 41.5451011657715 41.4640655517578 41.397834777832 41.3639678955078 41.3431701660156 41.273738861084 41.1003646850586 40.8896331787109 40.6614875793457 40.488842010498 40.4618988037109 40.4155960083008 40.4098472595215 40.3016815185547 40.500919342041 40.379222869873 39.7887191772461 39.142936706543 38.6931457519531 39.0355262756348 38.9924430847168 38.4907836914062 38.2836608886719 38.3549575805664 38.1825790405273 37.9183502197266 37.5884475708008 37.3264503479004 36.9766159057617 36.6068649291992
41.8017120361328 41.8523178100586 41.9317359924316 41.514720916748 40.5671844482422 40.2250099182129 40.5433120727539 40.0568466186523 39.8895149230957 39.9448165893555 40.9064559936523 41.4428558349609 41.6096267700195 41.6657104492188 41.574577331543 41.4616928100586 41.4368095397949 41.4317016601562 41.373607635498 41.249885559082 41.2641410827637 41.3014183044434 41.1444091796875 40.9783515930176 40.7741432189941 40.6002082824707 40.2677268981934 40.0690269470215 39.7266082763672 40.044017791748 39.8708915710449 40.4507942199707 40.4968452453613 40.1368103027344 39.6227493286133 39.6559944152832 39.2807388305664 38.9099884033203 38.5849800109863 38.9777526855469 38.5386199951172 38.2607307434082 38.0934638977051 37.9448013305664 37.6503791809082 37.4906158447266
41.6980018615723 41.6564750671387 41.8038444519043 41.7925567626953 41.3670043945312 41.1264305114746 41.0623092651367 40.7142944335938 40.5031661987305 40.4899978637695 40.6406173706055 40.9928894042969 41.5499572753906 41.6406631469727 41.5052490234375 41.4004364013672 41.3730926513672 41.389949798584 41.3270034790039 41.2405891418457 41.2306289672852 41.3006629943848 41.2275352478027 41.0395164489746 40.9209098815918 40.7306060791016 40.4087791442871 40.1869735717773 39.7902870178223 39.986629486084 39.3769683837891 39.7853660583496 40.0251121520996 40.0468940734863 40.1712493896484 40.0437622070312 39.7394065856934 39.5884742736816 39.1205635070801 38.5998992919922 38.521656036377 38.5792121887207 38.3269996643066 38.1196174621582 38.1112365722656 37.9561309814453
41.789421081543 41.7683410644531 41.7934646606445 41.7987670898438 41.6694755554199 41.1008033752441 41.0959854125977 41.1296081542969 40.9088554382324 40.84619140625 41.0474815368652 41.3539352416992 41.6116638183594 41.6455383300781 41.5305099487305 41.3421249389648 41.370418548584 41.3394012451172 41.1384201049805 41.0932464599609 41.1809349060059 41.2279090881348 41.2429389953613 41.1285285949707 41.0071449279785 40.8533821105957 40.6611213684082 40.3971138000488 40.2256698608398 40.063045501709 39.6360740661621 39.2997055053711 39.4032020568848 39.3647651672363 39.8225555419922 39.5147438049316 39.8000030517578 39.5541114807129 39.1827430725098 38.7534103393555 38.5103912353516 38.2937049865723 37.794261932373 37.2144203186035 37.7791366577148 37.9730834960938
41.898624420166 41.86181640625 41.8154029846191 41.7793464660645 41.6211357116699 40.8900566101074 40.6900749206543 41.0559043884277 40.9319610595703 40.6223297119141 40.8576126098633 41.4298858642578 41.6337661743164 41.6320114135742 41.5292205810547 41.3399047851562 41.3137321472168 41.110221862793 40.8614959716797 40.9569129943848 41.1856079101562 41.1739845275879 41.2129058837891 41.1753044128418 41.0092697143555 40.945484161377 40.772762298584 40.4862403869629 40.3969879150391 40.1662559509277 39.7462882995605 39.1375160217285 38.845775604248 38.9417114257812 39.3699684143066 39.5117530822754 39.138484954834 38.7789115905762 38.9803199768066 38.907096862793 38.553279876709 38.3186798095703 37.767505645752 37.0042304992676 37.3826751708984 37.7649879455566
41.9557571411133 41.9044075012207 41.8419342041016 41.7893409729004 41.7301254272461 41.4040336608887 40.9886207580566 40.7470550537109 40.7281646728516 40.5128707885742 40.9156112670898 41.4497985839844 41.6240234375 41.6051559448242 41.5033493041992 41.3172149658203 41.1559867858887 40.9557418823242 40.8298416137695 41.0352478027344 41.1162567138672 41.1537742614746 41.0934600830078 41.1488952636719 41.0778541564941 40.9881362915039 40.8284530639648 40.5603866577148 40.4382858276367 40.2381362915039 39.8174209594727 39.6199607849121 39.1920623779297 38.9983444213867 38.9214668273926 39.0507392883301 39.3331451416016 39.1767425537109 38.8042907714844 38.5938682556152 38.3829650878906 38.185977935791 37.9285316467285 37.5982360839844 37.0011329650879 37.2330093383789
41.9934158325195 41.9287109375 41.8650360107422 41.8298530578613 41.7407302856445 41.5293769836426 41.265209197998 40.7269248962402 40.6061401367188 40.7478218078613 41.1318626403809 41.4823989868164 41.5896415710449 41.5559501647949 41.416316986084 41.24609375 40.9723701477051 40.8786087036133 40.9472198486328 40.9454078674316 41.0426254272461 40.9762344360352 40.7938804626465 40.9805641174316 41.1100387573242 40.990535736084 40.785831451416 40.6374855041504 40.502857208252 40.3950805664062 40.1990776062012 39.9863739013672 39.6701583862305 39.6124954223633 39.2776870727539 38.9281196594238 39.0417976379395 39.1162338256836 38.8775405883789 38.7201194763184 38.5737915039062 38.3395690917969 37.7147674560547 37.3549270629883 37.4427642822266 37.4605941772461
42.0131149291992 42.0020065307617 41.9327507019043 41.8761711120605 41.7533493041992 41.6327438354492 41.5254096984863 41.1851959228516 40.7491264343262 40.8094596862793 40.9283714294434 41.1763725280762 41.3980140686035 41.4118041992188 41.3334503173828 41.1864471435547 40.9911460876465 40.855785369873 40.7332878112793 40.7444648742676 40.9194068908691 40.9082489013672 40.6732063293457 40.9844055175781 41.1372871398926 41.0284080505371 40.8801574707031 40.7306251525879 40.6535949707031 40.538990020752 40.4176177978516 40.2095489501953 39.8825149536133 40.0891265869141 39.9542655944824 39.5720710754395 39.1225051879883 39.0059051513672 39.1271820068359 39.5445022583008 38.7780342102051 38.5086517333984 38.0942840576172 37.4287185668945 37.3407135009766 37.2088317871094
