inst/extdata/Tmax/Tmax67.asc
NCOLS 100 
NROWS 79 
XLLCORNER 148.06 
YLLCORNER -21.49 
CELLSIZE 0.01 
NODATA_value -3.4e+38 
[rows 20 to 39 of 79, columns 0 to 45 of 100]
32.804607391357401 32.8522491455078 32.8588905334473 32.8347129821777 32.8610687255859 32.9818420410156 32.9163703918457 32.8561935424805 32.8017921447754 32.7203140258789 32.5548324584961 32.1760025024414 31.7452621459961 31.1213512420654 29.8310241699219 29.4156074523926 29.3558578491211 30.3336353302002 31.3664779663086 31.7952060699463 31.8175354003906 31.841157913208 32.1757316589355 32.2074127197266 32.065242767334 31.7938594818115 31.2135066986084 30.3258857727051 30.8540306091309 30.9238986968994 31.5163307189941 31.5398368835449 31.6828060150146 31.6552886962891 31.6216354370117 31.3909702301025 31.0217838287354 31.0302867889404 30.5828990936279 30.8356132507324 30.630126953125 29.9368934631348 30.1664562225342 30.2229671478271 30.347505569458 30.3838920593262
32.8799667358398 32.9512023925781 32.9697647094727 32.9443016052246 32.9584693908691 32.9664688110352 32.8482551574707 32.7831420898438 32.7701187133789 32.7171974182129 32.6062202453613 32.4493713378906 32.2334747314453 31.3213081359863 29.8504905700684 29.5399227142334 29.7882404327393 30.6084518432617 31.1109828948975 31.4842205047607 31.6136474609375 31.539665222168 32.063289642334 32.203239440918 32.0207366943359 32.0414428710938 32.0192070007324 31.285457611084 31.1395988464355 31.6509742736816 31.7719802856445 31.6769676208496 31.3622398376465 30.7822532653809 30.805835723877 30.7890625 31.2374515533447 30.5614223480225 30.1804580688477 30.4896945953369 30.1193027496338 30.2095680236816 29.9484214782715 29.0645503997803 29.3888130187988 30.0595970153809
32.9458618164062 33.0037612915039 33.0193519592285 33.0144424438477 33.007152557373 32.9828071594238 32.824821472168 32.7151260375977 32.6730880737305 32.6521873474121 32.5500411987305 32.4947471618652 32.3343887329102 31.7451210021973 30.6546516418457 29.8354454040527 29.2050170898438 29.7076625823975 30.2814350128174 31.084602355957 31.201545715332 31.3319263458252 31.969554901123 31.7665901184082 31.3684310913086 31.7322406768799 31.8096008300781 31.8955898284912 31.6251201629639 31.6684494018555 31.4153842926025 31.2419528961182 30.6941223144531 30.3760471343994 30.1553115844727 30.3719329833984 30.3146705627441 29.773344039917 29.7505474090576 29.6765613555908 29.3790874481201 28.6445484161377 29.426908493042 29.1476955413818 28.1786441802979 29.5905055999756
32.9394683837891 32.9814910888672 33.0066566467285 33.0080261230469 32.9787445068359 32.978816986084 32.9194297790527 32.6446418762207 32.551326751709 32.5805130004883 32.4154472351074 32.2458038330078 32.3545799255371 31.9936752319336 31.2279014587402 30.4599533081055 29.6488647460938 29.3641414642334 29.9726161956787 30.2904491424561 30.8332023620605 31.826301574707 31.5883884429932 30.9971942901611 31.1484928131104 31.2978820800781 31.0032196044922 31.9383335113525 31.9673767089844 31.8366794586182 31.6191291809082 30.5634288787842 30.2466773986816 30.4497566223145 30.782901763916 30.3398189544678 29.4503879547119 28.9207859039307 29.6403045654297 29.1452255249023 28.4343147277832 27.0206432342529 27.8608322143555 29.0459384918213 27.2544002532959 28.5880279541016
32.8946113586426 32.9629745483398 33.000560760498 32.9784698486328 32.9501800537109 32.9606132507324 32.9731597900391 32.812183380127 32.6508827209473 32.4945831298828 32.4034118652344 32.3777084350586 32.2175331115723 31.8936805725098 31.1544303894043 30.4770774841309 29.746410369873 29.3880767822266 29.5969791412354 29.6038665771484 30.8025665283203 31.6319923400879 30.5560302734375 30.0299663543701 30.8393955230713 30.8236083984375 31.0118370056152 31.7442054748535 31.9866752624512 31.6198539733887 31.5705490112305 31.3524188995361 31.3301868438721 31.3915424346924 31.0790996551514 30.7854862213135 30.4008655548096 29.3148059844971 29.1001300811768 28.850757598877 27.140022277832 26.5643901824951 27.0221576690674 28.8665390014648 26.9024982452393 27.2786064147949
32.8582344055176 32.8897514343262 32.9081840515137 32.8926696777344 32.9116859436035 32.9282341003418 32.9653778076172 32.9313201904297 32.7941551208496 32.5681495666504 32.3896064758301 32.2689590454102 32.1321449279785 31.6955413818359 31.2629699707031 30.7224922180176 30.1222267150879 29.7932224273682 30.2488117218018 30.9482669830322 30.9414119720459 30.8575592041016 30.3854484558105 29.1308307647705 29.6474781036377 30.4194679260254 30.5752639770508 31.7891159057617 31.975061416626 31.6280288696289 30.7788639068604 31.384220123291 31.2591247558594 31.1413230895996 30.8820476531982 30.577184677124 30.4676361083984 29.0224704742432 27.7540264129639 28.1671695709229 26.7284374237061 27.5792541503906 27.9439392089844 28.8679103851318 27.860689163208 26.7822875976562
32.7585182189941 32.796703338623 32.8114929199219 32.8305511474609 32.8348236083984 32.8445777893066 32.9431076049805 32.9540481567383 32.831413269043 32.4357566833496 32.3413314819336 32.094310760498 32.0986557006836 31.7390556335449 31.009651184082 29.9609451293945 29.5928535461426 29.7951583862305 30.2731151580811 30.1890506744385 30.3836307525635 31.2770576477051 31.1412563323975 29.6537113189697 29.2568645477295 30.1904067993164 30.9862270355225 31.8564300537109 31.9417915344238 31.7339000701904 30.9227848052979 30.5571403503418 31.3242797851562 30.8072776794434 30.3822040557861 29.5749893188477 29.3052539825439 29.4237327575684 28.3779449462891 27.0781059265137 26.6751461029053 27.0062503814697 26.9160633087158 27.9783191680908 27.0359992980957 26.3823833465576
32.621997833252 32.6542930603027 32.6935272216797 32.7501106262207 32.78076171875 32.8461112976074 32.9481964111328 32.9527549743652 32.8917617797852 32.7135963439941 32.487476348877 32.2414588928223 32.1325454711914 31.946813583374 31.0486850738525 29.9282970428467 29.6142826080322 29.5760459899902 29.7131652832031 29.6988697052002 30.8356456756592 31.4779644012451 30.9531726837158 30.1096801757812 29.5524578094482 29.792049407959 29.9198474884033 31.476863861084 31.8269920349121 31.7164134979248 30.9414577484131 30.867130279541 31.1595916748047 30.4388961791992 29.7622776031494 29.204381942749 28.3055648803711 29.0275535583496 28.871187210083 27.0438594818115 26.6010875701904 26.8039627075195 26.7256927490234 27.3381481170654 26.7418327331543 26.4398784637451
32.130973815918 32.0999488830566 32.3702964782715 32.6802406311035 32.8169784545898 32.9044723510742 32.9503440856934 32.9461402893066 32.8292655944824 32.7313804626465 32.57861328125 32.0679626464844 32.1682052612305 32.0279693603516 31.5289363861084 30.3399658203125 29.6285572052002 29.1298542022705 29.4520606994629 30.340726852417 30.8521347045898 31.2199573516846 30.3688087463379 29.6554107666016 29.4791851043701 29.6336154937744 30.0723133087158 30.97487449646 31.7269821166992 31.793285369873 31.2932319641113 31.0442390441895 30.6261405944824 29.6175765991211 28.462028503418 28.0462684631348 27.7317008972168 27.946252822876 28.1103630065918 27.7131481170654 27.1846332550049 27.3240699768066 27.0544185638428 26.8369922637939 26.8550453186035 26.7933959960938
31.2721977233887 32.1252059936523 32.455493927002 32.2069625854492 32.758243560791 32.9119453430176 32.9484786987305 32.9433479309082 32.7513198852539 32.6141014099121 32.6132354736328 32.3650588989258 32.1380729675293 32.0146636962891 31.7725086212158 31.2726993560791 30.732213973999 29.3785705566406 29.707160949707 29.7941303253174 29.9547348022461 30.9047260284424 30.4892120361328 29.6898231506348 29.491153717041 29.288330078125 29.2662734985352 30.9248714447021 31.7590789794922 31.8400802612305 31.0437984466553 30.0932693481445 29.7914123535156 29.4471950531006 29.1873340606689 28.1791553497314 28.1243953704834 27.7142772674561 27.2978286743164 27.5651798248291 29.3900279998779 29.4800128936768 28.3570976257324 26.9012756347656 27.9778099060059 28.0945281982422
31.5602989196777 32.4274826049805 32.4622955322266 31.9482269287109 32.7135887145996 32.9000091552734 32.9607620239258 32.9506912231445 32.9009971618652 32.6855278015137 32.5880470275879 32.5334815979004 32.3659706115723 32.1689491271973 31.8874645233154 31.3207683563232 30.5125026702881 30.0768966674805 29.6268501281738 29.8891563415527 29.9731998443604 30.4248371124268 29.8232879638672 29.658353805542 29.3605003356934 28.7319889068604 29.0249710083008 30.8108997344971 31.6469993591309 31.6974792480469 31.6877708435059 31.5304641723633 30.4361019134521 29.4982719421387 29.4367237091064 28.9582023620605 29.1074390411377 28.9212684631348 28.5018062591553 29.0004291534424 30.4850444793701 30.5519542694092 30.1393642425537 29.5789432525635 29.4666728973389 28.8803443908691
32.2985877990723 32.5714225769043 32.6416282653809 32.6469459533691 32.736873626709 32.8878173828125 32.9301261901855 32.9325370788574 32.8944435119629 32.8306770324707 32.6587791442871 32.6108894348145 32.5214653015137 32.3268775939941 32.070987701416 31.6001586914062 30.772289276123 30.3612155914307 29.6699142456055 29.5659828186035 29.6418609619141 30.093225479126 29.7256603240967 29.4734001159668 29.4163150787354 29.4512481689453 30.25950050354 31.3247222900391 31.7005176544189 31.2061424255371 31.1282005310059 31.1482429504395 31.360143661499 30.8727016448975 30.6084442138672 29.8560161590576 30.8897323608398 30.747501373291 30.7245960235596 30.7452735900879 30.5245723724365 29.6392288208008 28.6969184875488 28.3738403320312 28.2427711486816 27.4960136413574
32.0288467407227 32.7402648925781 32.805591583252 32.8260841369629 32.8279151916504 32.8422660827637 32.8287162780762 32.8800239562988 32.8793907165527 32.8681793212891 32.8275413513184 32.7148704528809 32.5424156188965 32.3914031982422 32.2096328735352 31.9716720581055 31.5112190246582 30.8577060699463 30.1223983764648 29.4255542755127 29.458667755127 29.9190521240234 29.8018169403076 29.5277366638184 29.3907470703125 29.5540046691895 30.9755954742432 31.6812763214111 31.7544994354248 31.5870723724365 31.1066703796387 30.5211944580078 31.2146968841553 31.3273067474365 31.3712253570557 30.8601112365723 31.2729148864746 30.9886417388916 30.8639430999756 30.7067832946777 29.5289039611816 28.1168632507324 26.8282241821289 27.1865196228027 27.1044254302979 26.0941600799561
31.8847103118896 32.5095405578613 32.3390083312988 32.2267951965332 32.3653259277344 32.7441177368164 32.7584953308105 32.787036895752 32.807300567627 32.8002586364746 32.7738265991211 32.7595901489258 32.6555290222168 32.5110130310059 32.3653945922852 32.1505546569824 31.733226776123 31.3268375396729 31.0637531280518 30.446102142334 29.5141677856445 29.757640838623 29.5402412414551 29.6172351837158 29.5011577606201 29.4791374206543 30.5319538116455 31.6297626495361 31.7148838043213 31.4067535400391 31.2780151367188 30.2394409179688 30.5328540802002 30.7873363494873 31.0867729187012 31.2133636474609 31.0831604003906 30.9213314056396 30.5458488464355 30.6052207946777 30.2915153503418 29.0629787445068 28.2572479248047 28.8157844543457 28.3778495788574 27.2221031188965
32.2110328674316 32.4920616149902 32.101619720459 31.4558029174805 31.567361831665 32.5029029846191 32.7218132019043 32.6943550109863 32.7165260314941 32.7382278442383 32.6664848327637 32.7226295471191 32.6806602478027 32.5785255432129 32.4378395080566 32.2573776245117 31.9614791870117 31.3091506958008 30.9125156402588 30.4618854522705 29.795597076416 29.7188949584961 29.5411739349365 29.3341999053955 29.3059825897217 29.6906585693359 30.8180408477783 31.5924301147461 31.1038093566895 30.8914165496826 31.0033569335938 30.6619167327881 30.3506298065186 30.027717590332 29.7661266326904 30.2593479156494 30.0799140930176 30.4112167358398 30.3366756439209 30.1419124603271 29.8857154846191 30.2121028900146 29.9715213775635 29.6597881317139 29.0646343231201 28.5883922576904
32.3375473022461 32.441032409668 32.2582702636719 31.9591846466064 31.6680068969727 32.2182312011719 32.530101776123 32.5599021911621 32.6130752563477 32.6789016723633 32.6745223999023 32.7291107177734 32.6754379272461 32.6237983703613 32.4787139892578 32.2708435058594 32.0447425842285 31.8373260498047 31.4486026763916 30.8086032867432 30.4327087402344 30.1848011016846 29.6814403533936 29.0431575775146 29.2083988189697 29.4618072509766 30.8995666503906 31.4262351989746 29.565336227417 29.163595199585 29.8107490539551 30.0397396087646 30.0002346038818 29.7891635894775 29.3076210021973 29.0550136566162 29.5976486206055 29.4410610198975 29.4134864807129 29.3683700561523 29.10715675354 28.8097629547119 29.0680961608887 29.5490741729736 28.9228591918945 27.7847652435303
32.1992607116699 32.2377853393555 32.27001953125 32.0059623718262 31.7371139526367 31.9293994903564 32.156566619873 32.3584785461426 32.4753837585449 32.6048164367676 32.5929908752441 32.6005172729492 32.6935958862305 32.6320343017578 32.519588470459 32.2560386657715 32.2440948486328 32.0989265441895 31.8575763702393 31.4819583892822 31.3417072296143 30.5600166320801 29.9682445526123 29.5011711120605 29.5022659301758 29.8920955657959 30.9271144866943 30.8328914642334 30.5437889099121 30.4435806274414 29.6773376464844 29.6211910247803 29.4346218109131 29.2943706512451 28.5681648254395 28.1587905883789 28.3839378356934 28.3323440551758 28.5754203796387 28.3748474121094 28.3663139343262 27.4336795806885 28.1640529632568 29.0372791290283 28.8006439208984 27.3129272460938
31.6559505462646 31.989294052124 32.2030029296875 32.1058006286621 31.9146327972412 31.7925357818604 31.7892208099365 32.1664962768555 32.2861480712891 32.4677963256836 32.5577354431152 32.5667533874512 32.6338958740234 32.6573104858398 32.4852142333984 32.3882904052734 32.3230590820312 32.214485168457 32.0608291625977 31.8645496368408 31.6646118164062 30.9580478668213 29.8159618377686 29.9096755981445 29.218542098999 29.8080596923828 30.7787437438965 30.2215461730957 30.4165859222412 30.8902606964111 30.7773990631104 30.6259498596191 29.9552764892578 29.5275211334229 27.936487197876 26.6401691436768 26.6927928924561 26.5815830230713 26.5446605682373 27.0301361083984 27.202033996582 27.4098625183105 27.6093769073486 28.5084552764893 28.3658180236816 27.9662647247314
31.7717704772949 31.8725242614746 32.0127410888672 31.9956607818604 31.9669094085693 31.6655807495117 31.4581851959229 31.2033863067627 31.8702449798584 32.3793907165527 32.5216369628906 32.5755271911621 32.6618423461914 32.6653747558594 32.3649787902832 31.9642887115479 31.9965667724609 32.0594253540039 32.1119041442871 31.9947147369385 31.8555660247803 31.4509906768799 30.3362922668457 30.648962020874 29.6839122772217 29.6824951171875 29.8409957885742 30.1659164428711 29.1138153076172 29.7912158966064 29.4202537536621 29.5430755615234 30.8078727722168 30.378812789917 29.4091911315918 27.1358299255371 26.2031898498535 26.2106094360352 25.5204620361328 25.972635269165 26.6333427429199 26.6306095123291 26.7202625274658 28.1303024291992 27.6800975799561 27.1355953216553
31.8435707092285 31.773473739624 31.8347911834717 31.6452674865723 31.8529853820801 31.7728137969971 31.5546455383301 31.2980079650879 31.5000591278076 32.1223106384277 32.3803291320801 32.5840721130371 32.6348724365234 32.6072311401367 32.5538177490234 32.1505546569824 31.7734985351562 31.5780639648438 31.8574676513672 31.989408493042 31.8527374267578 31.7141056060791 31.3910388946533 30.8109321594238 29.7321739196777 29.5197906494141 29.4811668395996 29.5785064697266 29.6350078582764 29.1004638671875 28.522798538208 29.3200073242188 30.5407981872559 29.7938804626465 30.0202598571777 29.4748935699463 29.0420780181885 28.9104900360107 27.9071998596191 26.7670841217041 27.5107288360596 27.1913871765137 27.5964107513428 27.7913436889648 27.4839935302734 27.0014629364014
