inst/extdata/Tmax/Tmax77.asc
NCOLS 100 
NROWS 79 
XLLCORNER 148.06 
YLLCORNER -21.49 
CELLSIZE 0.01 
NODATA_value -3.4e+38 
[rows 40 to 59 of 79, columns 46 to 91 of 100]
37.9086532592773 38.6630592346191 38.978328704834 39.6512336730957 40.8672790527344 41.5760765075684 41.2062606811523 39.7414741516113 39.4326591491699 39.9343414306641 40.3094024658203 41.5809478759766 41.2790565490723 41.4131088256836 40.7768707275391 41.4990158081055 41.6099090576172 41.3796920776367 41.4282341003418 41.4764442443848 41.4668655395508 40.7737846374512 41.0354843139648 41.2414627075195 41.2813606262207 41.3013534545898 41.2075233459473 40.9136428833008 41.0199813842773 41.1311073303223 41.0811996459961 40.9448776245117 40.6889991760254 39.7556457519531 39.931209564209 40.4009437561035 40.3083724975586 40.2141876220703 40.3585166931152 39.9367828369141 39.3816604614258 39.703311920166 39.9052619934082 39.732177734375 39.896556854248 39.90625
38.9736366271973 39.8723907470703 39.7851791381836 39.7289390563965 40.9056015014648 41.7966804504395 40.9367218017578 40.6150398254395 41.0368957519531 41.0749206542969 41.322078704834 41.8036651611328 41.6966400146484 41.6837387084961 41.5537338256836 41.7547950744629 41.7582969665527 41.6869277954102 41.6319351196289 41.6223258972168 41.589786529541 41.1984100341797 40.6713371276855 40.9060173034668 40.8256034851074 41.1550788879395 41.3455200195312 40.9878425598145 40.9520645141602 41.1972236633301 41.1957969665527 41.108585357666 40.9639434814453 40.5078506469727 40.6512832641602 40.6545829772949 40.476993560791 40.4446640014648 40.4892311096191 40.5483169555664 39.840763092041 39.9768447875977 40.3831100463867 40.2182731628418 40.2849998474121 40.2202606201172
40.8552017211914 40.9658699035645 41.0777206420898 41.4097671508789 41.627815246582 41.9567070007324 41.6236801147461 41.2074241638184 41.5607299804688 41.8258857727051 41.7435493469238 41.9428100585938 41.9418640136719 41.860969543457 41.8164863586426 41.8544044494629 41.837272644043 41.7957992553711 41.7485733032227 41.7160682678223 41.6341361999512 40.9518585205078 40.7840385437012 41.116024017334 40.721794128418 41.0215606689453 41.3043212890625 41.2077026367188 41.139476776123 41.2855606079102 41.2753562927246 41.2391128540039 41.1820526123047 41.073902130127 40.9757537841797 40.7206420898438 40.0431976318359 40.4399108886719 40.7836112976074 40.7498016357422 40.6331939697266 40.5632247924805 40.615406036377 40.6099891662598 40.6084289550781 40.5465812683105
41.7826614379883 41.7719573974609 41.8417816162109 41.9214477539062 42.0647125244141 42.0994110107422 42.0113716125488 41.8190155029297 41.9168281555176 42.0460662841797 42.0232925415039 42.0329246520996 41.9924507141113 41.9410133361816 41.9293899536133 41.8879318237305 41.8172607421875 41.7751197814941 41.7719039916992 41.7667350769043 41.7156410217285 41.5231170654297 41.3210563659668 41.4166526794434 41.2971382141113 40.9612808227539 41.1357841491699 41.2950248718262 41.371452331543 41.3565902709961 41.3279685974121 41.2899055480957 41.239559173584 41.1807136535645 41.1457862854004 41.0174713134766 40.6549034118652 40.8415718078613 40.9347877502441 40.8931350708008 40.8418350219727 40.809944152832 40.7701416015625 40.7515335083008 40.7257347106934 40.679500579834
41.6621131896973 41.8346748352051 41.9996452331543 41.9796409606934 41.9939384460449 42.0601806640625 42.0683403015137 42.091667175293 42.0856056213379 42.0198287963867 41.8495864868164 41.9011383056641 41.8216896057129 41.6113090515137 41.7151298522949 41.786922454834 41.6820068359375 41.733943939209 41.7729301452637 41.77978515625 41.7677268981934 41.6491432189941 41.4047203063965 41.1977958679199 41.328254699707 41.4225730895996 41.4263191223145 41.4258842468262 41.4010124206543 41.3929252624512 41.3546524047852 41.3143577575684 41.2541236877441 41.1956367492676 41.1837196350098 41.1155204772949 41.0702209472656 41.0358505249023 40.9658622741699 40.9355010986328 40.8909111022949 40.8515586853027 40.8235931396484 40.7847595214844 40.6908988952637 40.6853561401367
40.2991371154785 40.8833084106445 41.1820526123047 41.3203277587891 41.5707168579102 41.7946662902832 41.7263832092285 41.845890045166 41.8186454772949 41.6755638122559 41.0907020568848 41.0770301818848 41.1101379394531 39.962287902832 40.6636543273926 41.211109161377 41.5801734924316 41.7884674072266 41.8237457275391 41.8129119873047 41.7952308654785 41.6436996459961 41.3119316101074 41.0233192443848 41.1871757507324 41.3469734191895 41.40771484375 41.3687896728516 41.3835601806641 41.4020919799805 41.3771018981934 41.3414726257324 41.2966079711914 41.259090423584 41.2052955627441 41.1103286743164 41.071891784668 41.0356178283691 40.9848785400391 40.9486274719238 40.9003677368164 40.8642463684082 40.8272972106934 40.7627830505371 40.7288970947266 40.7210235595703
38.3898887634277 39.3977012634277 39.299633026123 39.2536506652832 40.2801818847656 40.6733360290527 40.7388763427734 40.9147758483887 41.2327690124512 40.7413749694824 40.205940246582 39.7356452941895 40.2254257202148 40.1034202575684 40.4191741943359 41.2589836120605 41.7246131896973 41.8308219909668 41.8267364501953 41.7849388122559 41.7950057983398 41.775318145752 41.4544792175293 41.1789741516113 41.0704498291016 41.2382583618164 41.3558197021484 41.404914855957 41.4450035095215 41.4269485473633 41.4131546020508 41.3847045898438 41.3471221923828 41.2946701049805 41.2080726623535 41.1382141113281 41.1036682128906 41.069766998291 41.0290908813477 40.9884300231934 40.9399070739746 40.9068794250488 40.8748397827148 40.8228340148926 40.7886085510254 40.689037322998
38.4984893798828 38.4228553771973 38.2447853088379 38.2890434265137 38.2211494445801 38.839729309082 39.8178100585938 40.3101539611816 40.4269676208496 40.3056488037109 40.6921463012695 40.5398750305176 40.393138885498 40.80859375 41.0027122497559 41.6169052124023 41.7714538574219 41.7636222839355 41.6921539306641 41.7494125366211 41.8096923828125 41.8143463134766 41.6856575012207 41.4406394958496 41.1168746948242 41.2818832397461 41.388484954834 41.4715538024902 41.4896202087402 41.484058380127 41.4639511108398 41.4179878234863 41.3420791625977 41.2596130371094 41.1862907409668 41.140495300293 41.118408203125 41.0984573364258 41.0615310668945 41.0216827392578 40.9829864501953 40.954776763916 40.9205589294434 40.8764915466309 40.7104568481445 40.5375709533691
38.1803245544434 38.2466773986816 38.415470123291 38.1615943908691 38.0660705566406 38.1372947692871 38.8255004882812 40.1130790710449 40.5067825317383 40.6187515258789 40.4706001281738 40.5888633728027 40.785717010498 40.9785995483398 40.9966163635254 41.3648643493652 41.6112327575684 41.5839385986328 41.5517463684082 41.7365188598633 41.7882232666016 41.7689933776855 41.7978401184082 41.7106437683105 41.601016998291 41.5508232116699 41.5810699462891 41.5969772338867 41.5710144042969 41.5417823791504 41.4957275390625 41.4166526794434 41.3281478881836 41.2076721191406 41.149097442627 41.1608085632324 41.1376190185547 41.1205253601074 41.1024284362793 41.0630760192871 41.0354194641113 41.0054779052734 40.9660339355469 40.9277725219727 40.7906112670898 40.6687393188477
38.2527694702148 38.3808975219727 38.3843002319336 38.0931777954102 38.484935760498 39.1587982177734 39.2239990234375 40.1955718994141 40.5426483154297 40.675609588623 40.5099716186523 40.847827911377 41.0319862365723 41.0100021362305 41.0520858764648 40.954044342041 41.000904083252 41.1462783813477 41.3894500732422 41.6146392822266 41.6601829528809 41.6407814025879 41.7797317504883 41.7832641601562 41.7649765014648 41.722526550293 41.6745071411133 41.5272102355957 41.5400314331055 41.5564193725586 41.503059387207 41.3920516967773 41.3320121765137 41.167366027832 41.0921745300293 41.1900215148926 41.1616821289062 41.1210632324219 41.133472442627 41.1096725463867 41.0700492858887 41.0455055236816 41.0073394775391 40.9556007385254 40.8731994628906 40.7953262329102
38.292552947998 38.1753616333008 38.3416786193848 38.0832138061523 38.6082382202148 39.4948883056641 39.7537460327148 40.1941261291504 40.7187957763672 41.0358352661133 41.027530670166 41.0938262939453 41.1234130859375 41.1210670471191 41.0875854492188 41.0255470275879 41.0498580932617 40.8250274658203 40.5383148193359 41.3526954650879 41.2478981018066 41.532054901123 41.7369422912598 41.7500381469727 41.7560272216797 41.7176971435547 41.6377487182617 41.4555397033691 41.5290069580078 41.5702285766602 41.4300422668457 41.2824058532715 41.2639923095703 41.2208442687988 41.2142105102539 41.2438430786133 41.2202262878418 41.1817588806152 41.1524429321289 41.1482315063477 41.1203765869141 41.078239440918 41.0297355651855 40.9748382568359 40.9145965576172 40.8238143920898
37.9353256225586 37.8957290649414 38.2015838623047 37.6526222229004 37.7629852294922 39.4125785827637 40.006519317627 40.4819068908691 40.7212905883789 40.9141006469727 40.9394989013672 40.9197463989258 40.7458190917969 40.7227020263672 40.9008941650391 40.9774627685547 41.2016067504883 41.1223945617676 40.9593162536621 40.9643058776855 40.8245620727539 41.3737869262695 41.6365242004395 41.7309646606445 41.7079391479492 41.6915702819824 41.4174194335938 41.1272888183594 41.5242805480957 41.5870628356934 41.3682594299316 41.1258163452148 41.2740287780762 41.279655456543 41.2719535827637 41.2237281799316 41.1934509277344 41.1679496765137 41.1553192138672 41.1192092895508 41.0969886779785 41.0882530212402 41.0476760864258 40.9947128295898 40.9371032714844 40.8601417541504
37.6314086914062 37.4908332824707 37.872730255127 37.7517471313477 37.8087310791016 38.639591217041 39.4633255004883 39.9716377258301 40.3311233520508 40.591178894043 40.5303001403809 40.4525032043457 40.4793319702148 40.6742515563965 41.2071990966797 41.2627563476562 41.3734931945801 41.276309967041 41.1898345947266 41.0393867492676 40.8364295959473 41.2973480224609 41.5913734436035 41.6998062133789 41.6286430358887 41.6668548583984 41.3672065734863 40.6676368713379 41.3611755371094 41.584831237793 41.3693695068359 41.1719207763672 41.2851753234863 41.2153472900391 41.1390991210938 41.1330032348633 41.1401596069336 41.0679740905762 40.9820098876953 40.9399833679199 40.9902725219727 41.0226135253906 41.0516510009766 41.0071983337402 40.9519119262695 40.8908958435059
38.5830726623535 37.6887550354004 37.7644157409668 38.0877265930176 38.3902397155762 39.2702522277832 39.306755065918 39.9225311279297 40.5313835144043 40.7674560546875 41.0158462524414 41.0724334716797 41.1492080688477 41.2936592102051 41.408863067627 41.419075012207 41.3570251464844 41.3858528137207 41.3346939086914 41.1364326477051 40.9647102355957 40.9585609436035 41.3204727172852 41.4588813781738 41.3782691955566 41.6553115844727 41.5532760620117 41.0663719177246 41.4261703491211 41.5857734680176 41.4016380310059 41.2424545288086 41.1545562744141 40.887809753418 40.9964408874512 40.9272384643555 40.9043159484863 40.5731773376465 40.6169853210449 39.8405151367188 40.8006172180176 40.9507675170898 41.044677734375 41.0183486938477 40.9670906066895 40.9067459106445
39.1849975585938 38.3182754516602 37.8500938415527 38.5160827636719 39.045955657959 39.6372871398926 39.6781425476074 40.0406036376953 40.6204032897949 40.9233322143555 40.9396743774414 40.9294319152832 41.2186584472656 41.3234748840332 41.3811798095703 41.3468971252441 41.4746208190918 41.5458984375 41.4977188110352 41.2886123657227 41.1400985717773 41.0538749694824 41.1257019042969 41.1083106994629 41.062931060791 41.5327186584473 41.6322631835938 41.396240234375 41.1553611755371 41.5102043151855 41.1577835083008 40.5423812866211 40.9671058654785 41.056770324707 41.236026763916 41.2107963562012 41.1510543823242 41.0965766906738 40.9065780639648 40.1585273742676 40.7222213745117 40.9252281188965 41.0158348083496 41.016471862793 40.9802131652832 40.9223976135254
39.2318000793457 38.4768142700195 37.9749031066895 39.0581588745117 39.8534278869629 40.1895027160645 40.7554817199707 40.9159126281738 41.0561637878418 41.1194190979004 40.9546241760254 40.8998794555664 41.3018188476562 41.3459548950195 41.32958984375 41.3614120483398 41.4212455749512 41.3877296447754 41.745735168457 41.5426483154297 41.3131217956543 41.1766586303711 41.1336517333984 40.9899368286133 40.9722137451172 41.4058456420898 41.6285438537598 41.5340194702148 41.4009437561035 41.593692779541 41.0707092285156 40.2357482910156 40.581371307373 41.0512466430664 41.0469055175781 40.7370643615723 40.7498168945312 41.1037788391113 41.1569328308105 41.0972938537598 41.092212677002 41.0538444519043 41.0310745239258 40.9978256225586 40.9823913574219 40.9401168823242
39.1313781738281 38.2826194763184 37.8581924438477 38.8814926147461 39.9346084594727 40.2080383300781 39.7186584472656 40.7706718444824 40.7076644897461 40.2505187988281 40.9787712097168 41.1187171936035 41.1131706237793 41.1357574462891 41.1254043579102 41.264404296875 41.3377723693848 41.3978805541992 41.7321624755859 41.7923355102539 41.6220474243164 41.3677787780762 41.2170181274414 41.1337013244629 40.9315986633301 41.2530250549316 41.5588188171387 41.5414047241211 41.6477317810059 41.6637916564941 41.2639427185059 39.9341773986816 40.3979187011719 39.9996109008789 40.2324028015137 39.675106048584 40.3566970825195 41.0879669189453 41.1395530700684 41.1520652770996 41.1310615539551 41.0382194519043 40.9282760620117 40.9725685119629 40.9579391479492 40.9280815124512
39.1185493469238 38.4580688476562 38.4910507202148 38.9083862304688 39.6621284484863 39.9928817749023 40.3141822814941 40.4797210693359 39.4178886413574 39.3240127563477 40.5391235351562 39.7321128845215 40.0039901733398 40.3325614929199 40.8699378967285 41.2037467956543 41.2950096130371 41.4328308105469 41.6615562438965 41.7294158935547 41.7431793212891 41.5376052856445 41.2721519470215 41.296947479248 41.1789398193359 41.3256492614746 41.2965049743652 41.1468391418457 41.5154151916504 41.6182327270508 41.419979095459 40.8704643249512 39.759033203125 38.192253112793 38.3088417053223 39.5960655212402 40.6501083374023 41.0658988952637 41.114070892334 41.0403747558594 41.0088386535645 40.8119659423828 40.6906433105469 40.9247512817383 40.7062072753906 40.7178802490234
39.0992622375488 38.7711791992188 38.5769500732422 38.8198051452637 39.3134994506836 39.9587173461914 40.0675582885742 39.7071723937988 39.2982978820801 39.9660873413086 40.3348083496094 39.516185760498 39.7558479309082 40.0742530822754 40.7953872680664 41.0841331481934 41.2849426269531 41.5864524841309 41.8616676330566 41.708137512207 41.5860633850098 41.7709999084473 41.5575714111328 41.394645690918 41.2496109008789 41.2212562561035 41.2534523010254 41.1524887084961 41.3626708984375 41.5744171142578 41.5690765380859 41.158821105957 40.598518371582 39.3163566589355 38.8160743713379 39.6427268981934 40.648624420166 41.0249481201172 41.0359954833984 40.6655197143555 40.8229713439941 40.9194259643555 40.7358818054199 40.7481460571289 40.4793281555176 40.6325035095215
38.8165016174316 38.6147994995117 38.1886520385742 38.456859588623 39.0864677429199 39.2077026367188 39.5344657897949 39.7809219360352 39.9927406311035 40.0532684326172 40.3066291809082 40.4518966674805 40.9408988952637 40.9846000671387 41.0711708068848 40.6987724304199 41.3976516723633 41.648193359375 41.7742652893066 41.5406303405762 41.5999908447266 41.7121315002441 41.7564163208008 41.6850166320801 41.4474792480469 41.3700828552246 41.0777587890625 41.166877746582 41.4262466430664 41.4564590454102 41.5319061279297 41.5192947387695 41.084228515625 40.5591659545898 39.8480339050293 39.5997772216797 40.4328994750977 40.9682922363281 40.5758171081543 40.149974822998 40.7899589538574 40.9385566711426 40.7028465270996 40.1016273498535 40.3275985717773 40.672004699707
