inst/extdata/Tmax/Tmax43.asc
NCOLS 100 
NROWS 79 
XLLCORNER 148.06 
YLLCORNER -21.49 
CELLSIZE 0.01 
NODATA_value -3.4e+38 
[rows 40 to 59 of 79, columns 0 to 45 of 100]
29.919893264770501 29.5933418273926 30.4777526855469 31.1257572174072 30.3225498199463 30.1860313415527 30.1783618927002 30.1889801025391 29.5022430419922 29.8420124053955 30.4145488739014 31.8680400848389 32.3469657897949 31.3324279785156 31.4063243865967 30.9701900482178 30.8625755310059 30.201961517334 29.5752220153809 29.8012657165527 29.7917652130127 29.9077949523926 29.882080078125 29.8947486877441 28.3058071136475 28.5349826812744 27.7734413146973 27.7863464355469 28.1194953918457 27.1055374145508 26.1603546142578 25.1235733032227 26.7004489898682 26.5246334075928 26.0290279388428 26.4213275909424 26.0112533569336 23.2283115386963 22.7607002258301 22.3540668487549 21.9494552612305 21.1672248840332 20.6374053955078 20.4093494415283 20.1566505432129 21.9828758239746
30.3691234588623 30.1250076293945 30.2525272369385 30.9399375915527 31.0771408081055 30.9393692016602 30.2136306762695 30.5660438537598 30.2156810760498 30.8171119689941 30.8052272796631 31.653657913208 31.9307861328125 31.9552593231201 31.2364749908447 31.9646873474121 31.1753578186035 30.2135105133057 29.5258617401123 30.0659084320068 30.460693359375 30.6992015838623 30.1136856079102 29.2025737762451 27.3011379241943 26.7681083679199 27.4301605224609 27.5915641784668 27.8463039398193 27.4080829620361 26.3007106781006 26.2196464538574 26.5053215026855 27.1397590637207 24.2737922668457 25.273307800293 24.6866989135742 23.1399345397949 23.0279331207275 24.5807113647461 24.3794994354248 22.1369533538818 20.2105617523193 20.1342334747314 20.1899871826172 20.5520915985107
30.3763885498047 30.3566074371338 30.6112728118896 30.6787872314453 30.5870685577393 30.4440784454346 30.4312572479248 30.8296947479248 30.5569477081299 30.7515811920166 31.1628513336182 31.8561325073242 32.5999717712402 32.0143089294434 32.0843544006348 31.5471343994141 31.4521789550781 31.287073135376 30.5434818267822 30.4924049377441 30.8043518066406 30.0590877532959 30.0378742218018 29.3329792022705 29.4496097564697 28.8707122802734 26.8598976135254 27.5900611877441 27.6088409423828 27.1339569091797 25.6614837646484 25.6352386474609 24.5820560455322 24.6816806793213 23.5080471038818 23.8920650482178 21.7772388458252 22.6594104766846 22.9698543548584 22.4456920623779 23.1900539398193 22.3083000183105 22.5904941558838 21.3114833831787 21.1997909545898 22.0472106933594
29.6238784790039 30.1259365081787 30.5409870147705 30.6305389404297 30.8853454589844 30.7017307281494 31.4367542266846 31.21315574646 30.7138061523438 30.6747379302979 30.8604354858398 31.4879035949707 31.9935569763184 32.1452102661133 32.530948638916 32.5776748657227 32.1161460876465 31.8817558288574 30.9143333435059 30.7595977783203 30.8514919281006 30.7219200134277 30.1795349121094 28.8484725952148 29.0351867675781 28.9435195922852 28.5326061248779 28.2811737060547 27.5391445159912 27.7812347412109 26.6922130584717 26.2980537414551 27.6195659637451 26.4337024688721 26.7520561218262 20.7732391357422 21.3490409851074 21.4854049682617 21.7207889556885 21.3790092468262 21.0557155609131 21.7640781402588 21.4348640441895 22.23410987854 23.7787208557129 26.0427856445312
29.3234939575195 29.9812793731689 29.9137401580811 29.9175548553467 30.5453968048096 30.6983890533447 30.751766204834 30.9579524993896 30.7867298126221 31.0087203979492 30.7987766265869 31.6597347259521 31.7336406707764 32.3611068725586 32.6458473205566 32.4320640563965 32.026180267334 32.2056846618652 32.0420913696289 31.8658351898193 31.300142288208 31.1245212554932 30.3434429168701 30.8993034362793 30.210973739624 29.1054039001465 29.1226081848145 28.442943572998 28.7918586730957 27.9648628234863 27.7693195343018 27.3466625213623 27.7895202636719 29.5745162963867 29.5562324523926 21.5711078643799 20.3728713989258 20.4247817993164 20.5610866546631 21.081636428833 20.8676490783691 21.3424472808838 20.764404296875 21.4921970367432 22.9597644805908 25.9933166503906
30.460865020752 29.9001350402832 29.4367294311523 29.580394744873 30.249979019165 30.167688369751 30.4664192199707 30.8790950775146 30.9944877624512 30.9202518463135 30.7737598419189 31.2862968444824 31.1531066894531 32.2497749328613 32.8761711120605 32.4004898071289 31.8885765075684 32.4723052978516 31.6995487213135 31.4285888671875 31.3451137542725 31.0040760040283 30.4842090606689 29.4047527313232 30.1072635650635 30.0712985992432 28.55198097229 28.9496307373047 29.1146450042725 28.0863971710205 27.0235462188721 26.924861907959 27.9724731445312 28.0029182434082 30.0486869812012 26.7027244567871 21.1743068695068 20.4323654174805 20.5105590820312 21.2788791656494 20.5863571166992 21.0028228759766 21.4961185455322 21.5364971160889 22.5693531036377 23.2443428039551
29.1657638549805 29.6433639526367 30.1006412506104 29.3672924041748 29.2675361633301 29.7411479949951 30.3902950286865 30.5485801696777 30.5676689147949 30.3760280609131 30.9745712280273 31.1015586853027 30.2295150756836 30.9068698883057 32.3396759033203 31.1687889099121 31.2271385192871 32.3383178710938 32.1165313720703 30.8317985534668 31.0267086029053 30.6860046386719 30.7744808197021 31.0989418029785 28.5165672302246 28.8935585021973 28.8606033325195 29.0622043609619 29.2199802398682 29.3666095733643 27.7657012939453 27.2929649353027 26.9372272491455 27.2179546356201 28.6613178253174 28.6510982513428 21.3866329193115 21.5571174621582 21.4399833679199 22.1027908325195 21.4049301147461 21.3172416687012 21.5656337738037 27.191535949707 22.8425807952881 21.9193172454834
30.4402656555176 29.2795181274414 30.2328414916992 29.143913269043 29.1548805236816 29.4260940551758 29.6351833343506 29.583345413208 29.4520015716553 30.110746383667 29.8718414306641 29.9449443817139 30.3244609832764 31.1810989379883 32.0630989074707 32.226676940918 31.6298484802246 32.0683860778809 31.9326305389404 30.9562797546387 31.5638580322266 31.5091896057129 30.170337677002 30.4131107330322 30.155122756958 30.9076080322266 30.480562210083 29.8517093658447 29.9575862884521 29.8436698913574 29.2374114990234 28.5231914520264 27.3188953399658 28.3146419525146 28.310718536377 27.2764682769775 26.9873600006104 24.9543895721436 22.8185119628906 22.7835865020752 22.297872543335 22.2065601348877 22.2336483001709 22.0779933929443 21.4385871887207 21.1665954589844
31.7697410583496 29.959566116333 28.7391834259033 28.4261341094971 28.5685005187988 29.6578578948975 29.1893157958984 29.0924510955811 28.9967060089111 29.8362770080566 30.0129203796387 29.8254146575928 30.3052940368652 31.3659343719482 32.2181930541992 31.3644676208496 31.3968677520752 31.0781650543213 31.6225605010986 30.582347869873 30.7229595184326 31.7082710266113 31.484037399292 31.1804218292236 30.5837306976318 30.0186862945557 31.0218715667725 31.6468048095703 31.0726413726807 29.9766387939453 29.025598526001 29.1141834259033 28.2769298553467 28.0440940856934 28.0226745605469 28.0523242950439 28.3758583068848 28.2113246917725 28.3355407714844 26.6271095275879 21.655216217041 21.7085800170898 21.9929943084717 21.606388092041 21.5627784729004 21.2234668731689
31.9775505065918 31.0112285614014 30.128475189209 28.3114528656006 28.2576007843018 28.3678531646729 28.9600791931152 29.0743827819824 29.0751762390137 30.5192546844482 31.3344173431396 30.8107242584229 30.4092597961426 30.587459564209 30.7422962188721 30.8160572052002 31.3478527069092 31.5399417877197 31.1741371154785 31.873929977417 30.7322483062744 31.2576732635498 31.6636867523193 31.5336112976074 31.0398712158203 31.556266784668 29.9708652496338 31.0790710449219 30.532922744751 29.8499526977539 28.8792533874512 29.4449119567871 27.5816802978516 27.5553760528564 27.8091583251953 24.4394760131836 28.5130157470703 28.2353782653809 27.9192943572998 28.0696105957031 26.6937122344971 21.558256149292 21.2849922180176 23.5435543060303 23.5031242370605 24.052001953125
32.3366165161133 31.5005130767822 31.0455341339111 28.6858749389648 28.6740798950195 28.28639793396 28.4474430084229 29.0791110992432 29.0231533050537 30.258092880249 31.3607597351074 31.1709575653076 31.3010864257812 31.6813468933105 31.5217132568359 31.1365852355957 31.4501628875732 31.4564437866211 31.488166809082 30.7067985534668 31.6747264862061 31.496280670166 31.2341709136963 30.7882080078125 30.5078430175781 30.5019874572754 30.1080360412598 29.5577945709229 30.5108871459961 30.2907390594482 29.1908092498779 29.3863372802734 27.9439907073975 28.1565570831299 26.5231075286865 27.5545558929443 27.479341506958 27.9228668212891 27.7605667114258 27.8574733734131 27.4701061248779 26.7482776641846 25.4991683959961 24.6748142242432 23.322338104248 23.2079315185547
32.1067123413086 32.2796287536621 31.1600666046143 29.4988327026367 29.2455234527588 29.6437454223633 29.0344371795654 28.60546875 27.9572982788086 28.9265727996826 30.9098834991455 31.5466918945312 31.7723293304443 30.9776630401611 31.5547370910645 31.5000667572021 31.6692237854004 32.0304679870605 32.1747856140137 30.9860706329346 31.8615245819092 31.7753143310547 30.4026470184326 30.4394702911377 30.3042144775391 29.4328994750977 29.3180313110352 29.4947834014893 30.3229179382324 31.0113582611084 30.8350791931152 28.762336730957 28.4455375671387 27.5226573944092 27.238187789917 26.7044658660889 26.7819728851318 27.5495090484619 27.5011348724365 27.5192451477051 26.8185291290283 26.5555248260498 26.080659866333 25.1982231140137 21.3788986206055 21.1991157531738
31.5672473907471 32.1727600097656 31.8843383789062 28.3792362213135 27.8840179443359 28.7491054534912 28.648473739624 28.8370170593262 27.9768505096436 28.1933135986328 29.9381923675537 29.6083431243896 30.479211807251 31.5802459716797 31.2060375213623 31.6352138519287 31.8371963500977 32.1320190429688 32.017406463623 31.9123382568359 31.8677310943604 31.6824893951416 31.5431861877441 30.4574604034424 31.4075546264648 31.1002197265625 29.7057819366455 29.7913208007812 29.9152374267578 30.6273078918457 30.676025390625 29.3174877166748 28.3650054931641 27.7582626342773 27.7559928894043 28.480094909668 26.6489772796631 26.4075012207031 27.1472625732422 28.2377300262451 28.1697883605957 27.474437713623 27.415958404541 26.6020374298096 21.6829490661621 21.0986862182617
31.8795528411865 31.3728523254395 31.306224822998 29.1429977416992 28.1231708526611 29.3700675964355 29.3628616333008 28.8377227783203 28.0635299682617 28.2016105651855 29.7524833679199 29.2438220977783 31.2602233886719 31.2439708709717 31.1359062194824 31.9967460632324 31.6797428131104 32.0828590393066 30.8786163330078 31.7284603118896 31.8343563079834 31.9111461639404 31.7501907348633 30.9499568939209 30.3312835693359 30.555778503418 30.5825176239014 30.0411376953125 29.5819683074951 29.9079284667969 30.3055191040039 30.6115474700928 30.6273231506348 29.8327884674072 28.8539218902588 29.4544219970703 28.1128044128418 27.2606067657471 25.9990921020508 27.3984375 28.4424133300781 28.6266231536865 28.0440196990967 27.8139953613281 25.293815612793 24.8499984741211
31.6101493835449 30.7855529785156 31.0011234283447 30.0976829528809 29.6140022277832 29.4096050262451 29.9518337249756 29.5163040161133 29.8262958526611 28.9112358093262 28.9497547149658 29.7535762786865 29.967586517334 30.9113826751709 31.6851406097412 31.8756713867188 31.8098926544189 32.005054473877 31.9871101379395 31.1854648590088 31.2112636566162 31.8680248260498 31.4536552429199 31.9534530639648 31.1582088470459 30.5063323974609 30.0012798309326 30.4166049957275 29.0448665618896 30.1800117492676 29.8317680358887 29.3360538482666 30.3405838012695 30.0863933563232 30.9833164215088 28.6535892486572 28.7647762298584 29.3821811676025 29.0851249694824 27.8108253479004 27.7918834686279 26.9946231842041 26.2573318481445 25.4628410339355 25.6057605743408 22.5168628692627
31.6992988586426 31.7408313751221 31.5994930267334 30.5550746917725 30.2096748352051 30.1073036193848 30.5409603118896 30.9384059906006 30.1597099304199 29.0318164825439 29.8111152648926 31.1600589752197 30.8787841796875 31.8567352294922 31.6627826690674 31.7912979125977 30.540096282959 31.1600723266602 31.3292751312256 31.371768951416 31.0097618103027 31.093921661377 30.7282733917236 31.3678874969482 31.0324878692627 31.3038425445557 30.4487972259521 30.8234577178955 29.7532768249512 30.2033138275146 30.3412456512451 29.8635921478271 29.1916351318359 29.2045764923096 29.6685523986816 30.321907043457 29.9639110565186 29.8467216491699 29.0746726989746 27.4790153503418 26.8682346343994 27.6661376953125 25.6440372467041 22.0811042785645 22.5160999298096 22.2943935394287
31.2068195343018 31.6219444274902 31.1965599060059 31.797420501709 30.6363086700439 29.3918304443359 30.102258682251 30.8529090881348 30.4896392822266 29.7545585632324 29.6379909515381 31.389928817749 31.7588558197021 30.6282634735107 31.2806053161621 31.7075691223145 30.4578495025635 30.89475440979 31.2247905731201 30.3325538635254 30.5365047454834 30.8688869476318 31.0970630645752 30.9850597381592 31.0377559661865 30.9735202789307 30.7879219055176 30.3047199249268 30.0062427520752 30.5122356414795 28.8512954711914 29.6846294403076 28.085973739624 28.1431312561035 28.5988006591797 29.7577953338623 29.1337471008301 28.0844554901123 28.0104007720947 23.2717666625977 22.9314022064209 26.4912281036377 25.2719440460205 21.6365909576416 22.1316184997559 22.2953624725342
31.6826667785645 32.0038909912109 31.6337242126465 31.42529296875 30.9653835296631 31.2544727325439 30.2008953094482 30.1383724212646 30.5653457641602 30.4862632751465 29.1434326171875 30.4153442382812 31.7752838134766 31.4960136413574 31.0933723449707 31.6531600952148 31.1105365753174 30.9160652160645 29.5950756072998 30.8340606689453 31.1659469604492 31.2628498077393 30.4373836517334 30.9190196990967 31.6296138763428 30.9706363677979 30.813159942627 30.34547996521 30.4473972320557 30.9303150177002 30.2774600982666 30.1639728546143 29.9857845306396 29.4394016265869 28.2992553710938 28.3956241607666 29.3027019500732 28.5135841369629 27.3440074920654 23.1582641601562 23.0482864379883 27.1946125030518 22.6319026947021 22.3577919006348 21.711238861084 21.9043769836426
31.9279155731201 31.8915863037109 32.0159339904785 31.6511726379395 31.5950145721436 30.9718074798584 29.9971103668213 29.8159313201904 30.0956878662109 29.1689548492432 29.4595165252686 31.499303817749 31.2407131195068 31.9464263916016 31.0770244598389 31.1504383087158 29.990140914917 29.8611354827881 29.8255195617676 29.8772830963135 29.9631042480469 30.3324031829834 29.6596641540527 30.307710647583 31.5255298614502 30.8827629089355 30.5389461517334 30.6329364776611 30.4658832550049 30.9853286743164 30.1902618408203 30.1674556732178 30.0391159057617 29.479061126709 29.4186820983887 28.3860187530518 28.337423324585 27.8792247772217 23.7797088623047 23.6835250854492 23.3851261138916 26.6027374267578 22.7471370697021 21.9449825286865 22.00319480896 21.9135875701904
31.7419605255127 31.1418895721436 31.8896884918213 30.8493556976318 31.5858325958252 30.3686008453369 30.2751083374023 29.6307411193848 30.0768604278564 29.200777053833 29.2470970153809 28.8921165466309 30.7520542144775 31.6219863891602 31.5913524627686 30.8871669769287 29.7694988250732 29.8866939544678 29.8035774230957 29.1395969390869 29.4907512664795 30.8704872131348 29.9303379058838 30.2787818908691 30.333797454834 30.8126430511475 30.6531448364258 30.470157623291 30.6577663421631 31.312650680542 30.3632659912109 29.9695358276367 29.587833404541 30.3467025756836 29.9888114929199 29.6080493927002 28.95578956604 27.7520446777344 27.191707611084 27.1265316009521 26.5227508544922 26.5787220001221 25.8525485992432 22.0617179870605 21.9579086303711 21.9551200866699
