inst/extdata/Tmax/Tmax102.asc
NCOLS 100 
NROWS 79 
XLLCORNER 148.06 
YLLCORNER -21.49 
CELLSIZE 0.01 
NODATA_value -3.4e+38 
[rows 0 to 19 of 79, columns 46 to 91 of 100]
36.5087471008301 36.3512268066406 36.2703666687012 36.2916679382324 36.2944564819336 36.2000770568848 36.4174957275391 36.2682723999023 36.0978393554688 35.9432144165039 35.8814239501953 35.6390953063965 35.5645332336426 35.8025398254395 36.0877532958984 36.0333099365234 35.9376640319824 35.8007965087891 35.5452270507812 35.4021453857422 35.3249931335449 -3.4e+38 -3.4e+38 -3.4e+38 -3.4e+38 -3.4e+38 -3.4e+38 -3.4e+38 -3.4e+38 -3.4e+38 -3.4e+38 -3.4e+38 -3.4e+38 -3.4e+38 -3.4e+38 -3.4e+38 -3.4e+38 -3.4e+38 -3.4e+38 -3.4e+38 -3.4e+38 -3.4e+38 -3.4e+38 -3.4e+38 -3.4e+38 -3.4e+38
36.4452857971191 36.1854972839355 35.9805717468262 36.2529373168945 36.4319953918457 36.4558486938477 36.4211196899414 36.3391571044922 36.025520324707 35.6163101196289 35.76953125 35.2677192687988 35.7864761352539 36.1047592163086 36.1055526733398 36.0398216247559 35.957447052002 35.8508987426758 35.6868362426758 35.6217422485352 35.5598487854004 35.4490928649902 -3.4e+38 -3.4e+38 -3.4e+38 -3.4e+38 -3.4e+38 -3.4e+38 -3.4e+38 -3.4e+38 -3.4e+38 -3.4e+38 -3.4e+38 -3.4e+38 -3.4e+38 -3.4e+38 -3.4e+38 -3.4e+38 -3.4e+38 -3.4e+38 -3.4e+38 -3.4e+38 -3.4e+38 -3.4e+38 -3.4e+38 -3.4e+38
36.3228187561035 35.601978302002 34.7946281433105 36.1774940490723 36.388786315918 36.4187088012695 36.4087867736816 36.3753356933594 36.171012878418 35.6132583618164 35.7262535095215 35.8799705505371 35.9743690490723 36.1402244567871 36.1267051696777 36.054084777832 35.9910621643066 35.9180068969727 35.8165855407715 35.6220359802246 35.6193084716797 35.4857330322266 35.3004722595215 35.070198059082 -3.4e+38 -3.4e+38 -3.4e+38 -3.4e+38 -3.4e+38 -3.4e+38 -3.4e+38 -3.4e+38 -3.4e+38 -3.4e+38 -3.4e+38 -3.4e+38 -3.4e+38 -3.4e+38 -3.4e+38 -3.4e+38 -3.4e+38 -3.4e+38 -3.4e+38 -3.4e+38 -3.4e+38 -3.4e+38
35.8612442016602 35.9453620910645 34.8907356262207 36.0211219787598 36.2287101745605 36.3046913146973 36.3771705627441 36.3008651733398 36.1923484802246 35.8868942260742 35.8058280944824 35.5732803344727 35.9332695007324 36.0784111022949 36.1206817626953 36.0481376647949 36.0140342712402 35.9679260253906 35.8512992858887 35.5127105712891 35.3667411804199 35.4037208557129 35.370418548584 35.3185272216797 35.1875381469727 34.8519897460938 -3.4e+38 -3.4e+38 -3.4e+38 -3.4e+38 -3.4e+38 -3.4e+38 -3.4e+38 -3.4e+38 -3.4e+38 -3.4e+38 -3.4e+38 -3.4e+38 -3.4e+38 -3.4e+38 -3.4e+38 -3.4e+38 -3.4e+38 -3.4e+38 -3.4e+38 -3.4e+38
35.8193168640137 35.864933013916 34.697078704834 34.9473495483398 35.7485504150391 36.2668495178223 36.3618278503418 36.2429313659668 36.2327613830566 35.9437065124512 35.6743431091309 35.5037994384766 35.1437339782715 35.7895584106445 36.0533447265625 35.9901161193848 36.0420303344727 36.0121650695801 35.7970886230469 35.0850715637207 34.6045875549316 35.3549156188965 35.4525337219238 35.4104461669922 35.2115936279297 34.9876327514648 -3.4e+38 -3.4e+38 -3.4e+38 -3.4e+38 -3.4e+38 -3.4e+38 -3.4e+38 -3.4e+38 -3.4e+38 -3.4e+38 -3.4e+38 -3.4e+38 -3.4e+38 -3.4e+38 -3.4e+38 -3.4e+38 -3.4e+38 -3.4e+38 -3.4e+38 -3.4e+38
34.951847076416 35.7007026672363 34.207447052002 33.6100044250488 35.3662109375 36.3110885620117 36.2594680786133 36.2214164733887 36.1856422424316 35.8048706054688 34.9211883544922 34.6095924377441 34.9548797607422 35.8862838745117 35.8104629516602 35.9910087585449 36.0545692443848 36.0047073364258 35.9326782226562 35.3209533691406 34.615592956543 34.6955909729004 35.2178421020508 35.3075103759766 35.3113288879395 35.2518501281738 -3.4e+38 -3.4e+38 -3.4e+38 -3.4e+38 -3.4e+38 -3.4e+38 -3.4e+38 -3.4e+38 -3.4e+38 -3.4e+38 -3.4e+38 -3.4e+38 -3.4e+38 -3.4e+38 -3.4e+38 -3.4e+38 -3.4e+38 -3.4e+38 -3.4e+38 -3.4e+38
34.0388336181641 35.6536102294922 35.057243347168 34.9959678649902 35.970760345459 36.2469024658203 36.0894508361816 35.9975624084473 36.1624374389648 35.7051315307617 35.0112609863281 35.0180625915527 35.6865196228027 35.8262100219727 34.9383811950684 35.8235244750977 35.9001579284668 35.9208221435547 35.9720916748047 35.7133636474609 35.3543167114258 35.095817565918 35.3337211608887 35.1159934997559 35.3825035095215 35.4281005859375 35.3297004699707 35.1098937988281 -3.4e+38 -3.4e+38 -3.4e+38 -3.4e+38 -3.4e+38 -3.4e+38 -3.4e+38 -3.4e+38 -3.4e+38 -3.4e+38 -3.4e+38 -3.4e+38 -3.4e+38 -3.4e+38 -3.4e+38 -3.4e+38 -3.4e+38 -3.4e+38
33.1920318603516 35.6390266418457 36.1008529663086 35.9320182800293 34.9636535644531 35.2389602661133 35.8655281066895 36.0289840698242 36.1975708007812 36.0276947021484 35.655216217041 35.2569618225098 35.2972984313965 35.5263290405273 35.0968894958496 35.7983016967773 35.1095314025879 35.0850410461426 35.7923164367676 35.9269828796387 35.7819976806641 35.5411682128906 35.4540748596191 35.5192108154297 35.5069961547852 35.4894180297852 35.3369331359863 35.2283401489258 35.0027847290039 34.5524635314941 34.5503425598145 -3.4e+38 -3.4e+38 -3.4e+38 -3.4e+38 -3.4e+38 -3.4e+38 -3.4e+38 -3.4e+38 -3.4e+38 -3.4e+38 -3.4e+38 -3.4e+38 -3.4e+38 -3.4e+38 -3.4e+38
33.1024208068848 35.1433982849121 36.086498260498 35.9922485351562 35.1667709350586 33.7135009765625 35.0594711303711 36.087589263916 36.1738662719727 36.0758285522461 35.9399909973145 35.6951904296875 35.7272758483887 35.5687789916992 35.0686950683594 35.0155830383301 34.6114120483398 35.3832473754883 35.6948356628418 35.7777671813965 35.8073959350586 35.4664077758789 35.0935363769531 34.7900238037109 35.4848289489746 35.5485458374023 35.4522132873535 35.3214645385742 35.2308578491211 34.7392501831055 34.6360092163086 34.7735595703125 -3.4e+38 -3.4e+38 -3.4e+38 -3.4e+38 -3.4e+38 -3.4e+38 -3.4e+38 -3.4e+38 -3.4e+38 -3.4e+38 -3.4e+38 -3.4e+38 -3.4e+38 -3.4e+38
33.9933624267578 35.1264228820801 35.9321937561035 35.9393424987793 35.9287185668945 34.5928001403809 34.9048805236816 35.9674949645996 36.1526069641113 36.0490074157715 35.8688659667969 35.6303558349609 35.5204849243164 35.6416816711426 35.0002593994141 34.7138252258301 34.6471519470215 35.7694511413574 35.6308822631836 35.348030090332 35.7483673095703 35.7156677246094 35.5339050292969 35.2093353271484 35.6196556091309 35.5768775939941 35.4444885253906 35.509765625 35.388500213623 35.1484107971191 34.7666015625 34.7828025817871 -3.4e+38 -3.4e+38 -3.4e+38 -3.4e+38 -3.4e+38 -3.4e+38 -3.4e+38 -3.4e+38 -3.4e+38 -3.4e+38 -3.4e+38 -3.4e+38 -3.4e+38 -3.4e+38
33.0466079711914 34.9431838989258 35.3437156677246 35.1476821899414 35.5135307312012 35.7976226806641 35.5225143432617 35.968692779541 36.0822486877441 35.9959411621094 35.8430366516113 35.6801338195801 35.495231628418 35.8644256591797 35.7236976623535 35.6421585083008 35.717601776123 35.9399719238281 35.9518280029297 35.4335479736328 34.9964599609375 35.6576805114746 35.8492050170898 35.36669921875 35.3964653015137 35.2646217346191 35.2529716491699 35.586597442627 35.474235534668 35.2470550537109 -3.4e+38 -3.4e+38 -3.4e+38 -3.4e+38 -3.4e+38 -3.4e+38 -3.4e+38 -3.4e+38 -3.4e+38 -3.4e+38 -3.4e+38 -3.4e+38 -3.4e+38 -3.4e+38 -3.4e+38 -3.4e+38
32.3944625854492 33.3681182861328 33.7265396118164 33.4803733825684 34.5564842224121 35.2538261413574 35.6417808532715 35.9401512145996 35.95458984375 35.8855247497559 35.7202301025391 35.5527191162109 35.4217491149902 36.0589408874512 36.0648422241211 35.9365386962891 35.9623260498047 36.0689506530762 36.1256103515625 36.0429229736328 35.6842002868652 35.4856491088867 35.8758888244629 35.7025184631348 35.4812202453613 35.6200523376465 35.6736869812012 35.4461402893066 35.3698768615723 35.2566452026367 -3.4e+38 -3.4e+38 -3.4e+38 -3.4e+38 -3.4e+38 -3.4e+38 -3.4e+38 -3.4e+38 -3.4e+38 -3.4e+38 -3.4e+38 -3.4e+38 -3.4e+38 -3.4e+38 -3.4e+38 -3.4e+38
32.3859100341797 31.5132312774658 30.9636993408203 31.0832939147949 33.1240844726562 33.7161407470703 35.0073204040527 35.3912086486816 35.7316856384277 35.6364974975586 35.4364585876465 35.7882118225098 35.8089065551758 35.7226791381836 36.1809501647949 36.1725540161133 36.126091003418 36.1518325805664 36.180778503418 36.1788902282715 36.1488838195801 36.0777931213379 35.9498901367188 35.9142227172852 35.6344757080078 35.7332916259766 35.7370109558105 35.493724822998 35.2593078613281 35.1903114318848 35.1106376647949 34.8527069091797 -3.4e+38 -3.4e+38 -3.4e+38 -3.4e+38 -3.4e+38 -3.4e+38 -3.4e+38 -3.4e+38 -3.4e+38 -3.4e+38 -3.4e+38 -3.4e+38 -3.4e+38 -3.4e+38
32.3916664123535 31.6905918121338 30.8927192687988 30.4162311553955 30.9515285491943 31.7006034851074 33.6386833190918 34.9168815612793 35.6837387084961 35.5268058776855 35.040168762207 35.6744346618652 36.0226173400879 36.0869979858398 36.1246185302734 36.1614532470703 36.2051124572754 36.2109413146973 36.2062911987305 36.1930503845215 36.1800079345703 36.126293182373 36.0696983337402 36.0054779052734 35.787654876709 35.8385238647461 35.7665977478027 35.5843124389648 35.3649101257324 35.3242263793945 35.2960014343262 35.1791191101074 34.935848236084 -3.4e+38 -3.4e+38 -3.4e+38 -3.4e+38 34.5140495300293 34.5459022521973 -3.4e+38 -3.4e+38 -3.4e+38 -3.4e+38 -3.4e+38 -3.4e+38 -3.4e+38
32.9183120727539 31.771125793457 30.9839038848877 30.6482086181641 31.1371021270752 30.9226779937744 31.9860363006592 33.7994232177734 35.1927719116211 35.6020278930664 34.5089225769043 35.3916931152344 35.8588981628418 35.4161796569824 35.5224113464355 35.9541473388672 36.0757827758789 36.1646308898926 36.1360054016113 36.0294570922852 36.0874328613281 36.0458984375 36.0682411193848 36.0373840332031 35.9805679321289 35.8571853637695 35.7731857299805 35.6547813415527 35.5448684692383 35.4807777404785 35.4618034362793 35.3431282043457 35.0221748352051 -3.4e+38 -3.4e+38 -3.4e+38 -3.4e+38 34.6189613342285 34.5711441040039 34.7208213806152 34.705192565918 34.5374336242676 -3.4e+38 -3.4e+38 -3.4e+38 -3.4e+38
32.8841438293457 31.7487316131592 31.0206737518311 31.4212913513184 31.2310276031494 31.5957946777344 31.3666744232178 32.7401351928711 34.9833908081055 35.7424774169922 34.7141418457031 34.6950302124023 35.5407104492188 33.6781158447266 34.7270393371582 35.1324195861816 35.7104454040527 36.1172904968262 36.1181297302246 36.0466499328613 36.0616989135742 36.0489540100098 36.0759391784668 36.0427703857422 35.992546081543 35.7638816833496 35.7570381164551 35.710075378418 35.6743431091309 35.6450653076172 35.5746116638184 35.4481010437012 35.2951049804688 -3.4e+38 -3.4e+38 35.1040458679199 34.9235458374023 34.7040824890137 34.5842781066895 34.3837089538574 34.5090713500977 34.7014122009277 -3.4e+38 -3.4e+38 -3.4e+38 -3.4e+38
31.6529846191406 30.5220794677734 30.4779796600342 31.6470737457275 31.9557857513428 31.878324508667 31.4965991973877 31.8222560882568 34.2129096984863 35.5369873046875 35.5713844299316 34.7517395019531 35.2969169616699 33.9268989562988 33.9588623046875 34.0443534851074 35.3943099975586 36.0899620056152 36.1209449768066 36.1547164916992 36.1747512817383 36.125244140625 36.0927581787109 35.8726119995117 35.8927345275879 35.7937774658203 35.7927932739258 35.8010177612305 35.7843551635742 35.7245330810547 35.6529731750488 35.5590324401855 35.4722175598145 -3.4e+38 35.3411712646484 35.3182983398438 35.2528533935547 -3.4e+38 34.7229385375977 -3.4e+38 34.454833984375 -3.4e+38 -3.4e+38 -3.4e+38 -3.4e+38 -3.4e+38
31.6114959716797 30.2960472106934 29.6293773651123 31.9988555908203 32.188346862793 31.6093769073486 31.2548179626465 31.372163772583 32.8701133728027 35.2248306274414 35.35693359375 34.9464836120605 35.0850219726562 35.2176780700684 34.5671920776367 35.7000541687012 35.9475326538086 36.0680809020996 36.1221733093262 36.1267776489258 36.1411209106445 36.1120071411133 36.0919227600098 36.0182342529297 36.019847869873 35.9622421264648 35.9305992126465 35.8978652954102 35.8136558532715 35.8023986816406 35.7499351501465 35.6839752197266 35.6252784729004 35.5575103759766 35.5167083740234 35.5089912414551 35.3749923706055 -3.4e+38 -3.4e+38 -3.4e+38 -3.4e+38 -3.4e+38 -3.4e+38 34.7007865905762 -3.4e+38 -3.4e+38
33.2042007446289 32.9200973510742 30.9797286987305 32.3602523803711 31.0223407745361 31.0271606445312 31.4202270507812 31.6923980712891 33.7275733947754 35.1644554138184 34.8840522766113 34.2864532470703 35.1835441589355 35.6150588989258 35.736701965332 35.8126907348633 35.9499282836914 35.6474990844727 35.8200416564941 36.0007629394531 35.9965972900391 36.0389633178711 36.063549041748 36.0490112304688 36.0350341796875 36.0001411437988 35.9793357849121 35.8630638122559 35.5534477233887 35.6959419250488 35.8040161132812 35.7856712341309 35.7455215454102 35.6695671081543 35.6347007751465 35.5738754272461 35.4530258178711 35.3463020324707 35.2470893859863 35.1902770996094 35.1819038391113 35.0897598266602 34.8622436523438 34.6892738342285 -3.4e+38 -3.4e+38
33.2784194946289 32.5255165100098 33.1064071655273 32.9385604858398 31.6706314086914 31.7033195495605 31.3451900482178 31.5366802215576 33.4950904846191 34.8516120910645 35.2881507873535 35.0740928649902 35.4388427734375 35.7487640380859 35.6393280029297 35.5152854919434 35.7258682250977 35.4735336303711 35.3290557861328 35.5233116149902 35.8695983886719 35.9426307678223 35.9790954589844 36.029052734375 36.0454063415527 36.0266494750977 35.9921569824219 35.8154335021973 35.5664978027344 35.7768707275391 35.7671546936035 35.858341217041 35.7587776184082 35.7109489440918 35.677848815918 35.5659828186035 35.4961624145508 35.4584465026855 35.4290046691895 35.4016265869141 35.3706398010254 35.2600860595703 34.9475975036621 34.6118812561035 34.6636085510254 -3.4e+38
