inst/extdata/Tmax/Tmax122.asc
NCOLS 100 
NROWS 79 
XLLCORNER 148.06 
YLLCORNER -21.49 
CELLSIZE 0.01 
NODATA_value -3.4e+38 
[rows 40 to 59 of 79, columns 0 to 45 of 100]
41.587852478027301 41.3307266235352 41.3423233032227 41.3508834838867 41.2349548339844 41.3091812133789 41.2386779785156 41.0571975708008 40.6509094238281 40.9855346679688 41.4807662963867 41.7030029296875 41.7128524780273 41.7340469360352 41.7661285400391 41.5805740356445 41.3291549682617 41.0285568237305 40.5386657714844 40.9203643798828 40.8925399780273 40.7700271606445 40.6988487243652 40.3532066345215 39.5910415649414 39.0299034118652 38.8279190063477 38.8875122070312 38.9649200439453 38.4112701416016 37.8489227294922 38.1729888916016 39.2079887390137 38.9631729125977 38.7285232543945 38.9789886474609 38.8692054748535 38.5815277099609 38.3784408569336 37.9839172363281 37.9283752441406 37.1706199645996 36.6708984375 36.6456336975098 36.4109077453613 36.256721496582
41.7357292175293 41.3815155029297 41.2657928466797 41.3339920043945 41.2331924438477 41.2825927734375 41.2566757202148 41.1519393920898 40.9297943115234 41.0125198364258 41.2697143554688 41.5192260742188 41.6827850341797 41.795280456543 41.8103485107422 41.6734085083008 41.3971939086914 40.9745101928711 40.6824188232422 40.7809524536133 40.7794723510742 40.5538749694824 40.677734375 40.4296531677246 39.8634262084961 39.4297904968262 38.8774185180664 38.7913208007812 38.9476623535156 38.5633087158203 38.1866836547852 38.6822662353516 39.2234115600586 38.5810127258301 37.9563941955566 38.5714645385742 38.5725784301758 38.7244453430176 38.6718444824219 38.459041595459 38.3388710021973 37.7005462646484 36.5166091918945 36.3956413269043 36.437068939209 36.3831939697266
41.6493835449219 41.5749359130859 41.386100769043 41.2705764770508 41.3036804199219 41.304313659668 41.2544097900391 41.2054748535156 41.1596298217773 41.1025619506836 41.124870300293 41.4787292480469 41.7144317626953 41.8086318969727 41.7999649047852 41.7429809570312 41.52685546875 41.2502517700195 41.0471572875977 40.9879302978516 40.8970947265625 40.335205078125 40.2563095092773 40.4169540405273 40.416690826416 40.0359306335449 39.2814102172852 38.9875106811523 38.9019241333008 38.6940383911133 37.9197006225586 38.7845344543457 38.8092918395996 37.8911285400391 37.1859741210938 37.9265518188477 37.8914680480957 38.4102096557617 38.5250358581543 38.2555389404297 38.0418891906738 38.0450325012207 37.5279541015625 37.3253631591797 37.6504058837891 38.441463470459
41.4125823974609 41.4586639404297 41.4314270019531 41.4102363586426 41.4169425964355 41.3933181762695 41.3335647583008 41.2735252380371 41.3003807067871 41.2578544616699 41.2466659545898 41.5435905456543 41.7212944030762 41.8237342834473 41.8206901550293 41.8132972717285 41.6947021484375 41.505069732666 41.2609634399414 41.270149230957 41.1084098815918 40.864860534668 40.2926597595215 39.9818458557129 40.5075302124023 40.3135261535645 39.9431915283203 39.5271949768066 39.2281341552734 39.0614929199219 38.3751411437988 38.2688484191895 38.8320693969727 38.3909759521484 37.832462310791 37.4248695373535 37.463264465332 37.649829864502 37.8192024230957 37.6013603210449 37.1999282836914 37.7629318237305 37.3769416809082 38.1375198364258 39.5373268127441 39.9861145019531
41.1968078613281 41.3192939758301 41.2865219116211 41.269889831543 41.403995513916 41.479061126709 41.4698066711426 41.4064521789551 41.4373474121094 41.4560890197754 41.572826385498 41.6483497619629 41.7313423156738 41.791690826416 41.8199615478516 41.8415451049805 41.7793121337891 41.6444206237793 41.4990158081055 41.4388313293457 41.3129997253418 41.1617851257324 40.8981819152832 40.7045555114746 40.5389366149902 40.1421585083008 40.3103332519531 40.189567565918 39.9042129516602 39.3203163146973 38.793399810791 38.7513847351074 38.9922523498535 39.105598449707 38.8397979736328 37.8466949462891 36.7014503479004 36.6514892578125 36.7203025817871 36.9803848266602 36.8580207824707 37.2797966003418 36.8631439208984 37.535343170166 38.9589691162109 40.0252113342285
41.2368621826172 41.2583770751953 41.1146202087402 41.0067100524902 41.1588592529297 41.3225059509277 41.4804649353027 41.5588417053223 41.5945625305176 41.6498527526855 41.6863632202148 41.5913925170898 41.3928031921387 41.6720504760742 41.8319778442383 41.8490829467773 41.8104629516602 41.7367820739746 41.6430702209473 41.5695381164551 41.4748916625977 41.3526878356934 41.2852516174316 40.775318145752 40.4712371826172 40.386589050293 40.4149017333984 40.2559623718262 40.0800018310547 39.6383743286133 38.5875854492188 38.7224731445312 38.9549598693848 38.9848175048828 39.0427360534668 38.2792472839355 37.1651763916016 36.94384765625 36.951114654541 37.2952690124512 36.7792320251465 37.0421714782715 37.3510856628418 37.5845184326172 38.2816925048828 39.1993217468262
41.1444778442383 41.0901985168457 41.0812644958496 41.0032730102539 40.9044532775879 40.9353904724121 41.3151435852051 41.3997383117676 41.4806480407715 41.47705078125 41.6341323852539 41.6842079162598 41.4656600952148 41.651782989502 41.8100242614746 41.8500900268555 41.8178253173828 41.74462890625 41.6900596618652 41.6349906921387 41.5525093078613 41.4604072570801 41.3566703796387 40.9560127258301 40.2687797546387 40.3357086181641 40.4383392333984 40.2341651916504 40.1693115234375 40.0261268615723 39.3515205383301 39.0484657287598 38.7325782775879 38.9244613647461 39.0135040283203 38.6027946472168 37.6895294189453 37.9023704528809 37.4392623901367 38.0003852844238 37.5150032043457 37.6065216064453 37.681755065918 37.7473487854004 37.7182960510254 37.5398406982422
41.5310211181641 40.9691162109375 40.8867530822754 40.8258934020996 40.7873992919922 40.8745460510254 41.1050415039062 41.050407409668 41.2380104064941 41.2599792480469 41.3071212768555 41.3283271789551 41.459171295166 41.6638298034668 41.7923393249512 41.8630714416504 41.8162460327148 41.7015914916992 41.536937713623 41.4370384216309 41.5181503295898 41.3352432250977 41.3253326416016 41.2490882873535 40.8618812561035 40.7592506408691 40.7321662902832 40.5492973327637 40.3893928527832 40.1855392456055 39.6032524108887 39.2684593200684 38.6602668762207 38.9615821838379 38.9738883972168 38.7602424621582 38.3676910400391 38.5303039550781 38.2887153625488 38.4649238586426 38.2256889343262 38.0171890258789 37.8755950927734 37.7286071777344 37.4238929748535 37.2076454162598
42.1318359375 41.4541130065918 40.8121795654297 40.6713790893555 40.7638130187988 40.901782989502 40.8165321350098 40.7986068725586 41.0605773925781 41.2855758666992 41.3259963989258 41.2795753479004 41.4464302062988 41.6713333129883 41.8407936096191 41.8719100952148 41.8397636413574 41.7626686096191 41.6059455871582 41.4044876098633 41.4369430541992 41.3558883666992 41.2683906555176 41.3467025756836 41.2355194091797 41.1255493164062 40.8587684631348 40.6761779785156 40.5796127319336 40.3192520141602 39.9772338867188 39.5625267028809 38.8288459777832 38.9331169128418 38.8854522705078 38.9112396240234 38.7938842773438 38.747486114502 38.6292266845703 38.4547157287598 37.7740287780762 37.5961380004883 37.7372856140137 37.5017509460449 37.367790222168 37.058650970459
42.3597831726074 41.925220489502 41.2204284667969 40.7246170043945 40.6967582702637 40.6718139648438 40.6653785705566 40.9356842041016 41.1137313842773 41.0099258422852 41.4955978393555 41.6472053527832 41.7126579284668 41.7714385986328 41.8272285461426 41.8711585998535 41.8377876281738 41.7743377685547 41.6695289611816 41.5336036682129 41.4262046813965 41.3321380615234 41.1601181030273 41.1673774719238 41.2742958068848 41.2360458374023 41.0192642211914 40.5638313293457 40.136962890625 40.328311920166 40.0599555969238 39.7715263366699 39.0863800048828 38.8174095153809 38.6206588745117 38.8465995788574 38.8737983703613 38.7675132751465 38.707935333252 38.4282760620117 37.8345718383789 37.4670867919922 37.5934410095215 37.2659683227539 37.170093536377 37.0715293884277
42.3718757629395 42.201904296875 41.8213882446289 41.2931098937988 40.8312568664551 40.5612907409668 40.6658477783203 40.913646697998 40.9323196411133 41.1627578735352 41.6127662658691 41.765064239502 41.8440742492676 41.903377532959 41.8962440490723 41.8929748535156 41.761302947998 41.7472686767578 41.7280120849609 41.6411247253418 41.5279388427734 41.3621139526367 41.180347442627 41.0897979736328 41.1506423950195 41.1571807861328 41.1477203369141 40.9402732849121 40.6894302368164 40.5460548400879 40.0798492431641 39.9088363647461 39.1996994018555 38.8389015197754 38.306884765625 38.6724662780762 38.7410697937012 38.7094078063965 38.7251129150391 38.5484275817871 38.0964164733887 37.9167556762695 37.8105278015137 37.6098823547363 37.3185844421387 37.149097442627
42.363151550293 42.3045082092285 42.0845565795898 41.5266723632812 41.0265274047852 40.7734184265137 40.707893371582 40.7602615356445 40.5370063781738 40.6481246948242 41.3343200683594 41.625171661377 41.7467041015625 41.8871231079102 41.9319610595703 41.8788719177246 41.7762260437012 41.7519111633301 41.700023651123 41.6662559509277 41.5656051635742 41.442325592041 41.3341865539551 41.1457061767578 41.0269470214844 40.952262878418 40.8807144165039 40.9473342895508 40.7424621582031 40.8092956542969 40.799991607666 40.1285133361816 39.6197052001953 39.2283515930176 38.7978248596191 38.8796882629395 38.8048629760742 38.6359748840332 38.7251625061035 38.618408203125 38.1875190734863 38.0135803222656 37.8944091796875 37.7173652648926 37.2882614135742 37.1072273254395
42.2418403625488 42.2709503173828 42.1400947570801 41.3332328796387 40.6522254943848 40.6125411987305 40.6690864562988 40.5373954772949 40.3060913085938 40.4009017944336 41.2958564758301 41.6424217224121 41.7946014404297 41.9190368652344 41.9046401977539 41.8427429199219 41.7930450439453 41.7229080200195 41.6655883789062 41.6365776062012 41.6188926696777 41.5345039367676 41.3824005126953 41.1966934204102 40.9947662353516 40.8414573669434 40.778881072998 40.7164726257324 40.6849746704102 40.5753135681152 40.699462890625 40.5561637878418 40.0783309936523 39.5551223754883 39.1716613769531 39.4183197021484 39.334659576416 38.9210891723633 38.7344436645508 38.7626266479492 38.6029434204102 38.3490600585938 38.0679359436035 37.8393974304199 37.5358238220215 37.1929206848145
42.115348815918 42.1386756896973 42.2110443115234 41.8469734191895 41.0076522827148 40.7035713195801 40.9666328430176 40.5326881408691 40.384090423584 40.4356689453125 41.2983131408691 41.7510795593262 41.8991622924805 41.949592590332 41.8708305358887 41.7728004455566 41.7279777526855 41.7243576049805 41.6740570068359 41.5658645629883 41.5789527893066 41.5881881713867 41.4504013061523 41.3042030334473 41.1237106323242 40.9694175720215 40.6489181518555 40.470947265625 40.1627769470215 40.4137268066406 40.2541923522949 40.6458854675293 40.6530456542969 40.3517799377441 39.9317741394043 39.9297027587891 39.5914764404297 39.2795524597168 39.0024452209473 39.2771949768066 38.9129219055176 38.6487770080566 38.4933166503906 38.3522682189941 38.0991821289062 37.9498596191406
42.0333023071289 41.9755744934082 42.1077308654785 42.1000061035156 41.7268867492676 41.5157661437988 41.4369201660156 41.1288986206055 40.9420547485352 40.93212890625 41.0686378479004 41.3603553771973 41.8543853759766 41.9351768493652 41.8173751831055 41.7261734008789 41.6790924072266 41.6946907043457 41.6399917602539 41.5645065307617 41.5562057495117 41.5941314697266 41.5300254821777 41.3645515441895 41.2526397705078 41.0811996459961 40.7808418273926 40.5824737548828 40.2257347106934 40.3821907043457 39.8517913818359 40.1505813598633 40.3066520690918 40.2957534790039 40.362678527832 40.2379341125488 39.9549598693848 39.8121681213379 39.4268264770508 38.9999809265137 38.9128799438477 38.9067001342773 38.6861457824707 38.5000152587891 38.4668464660645 38.3211250305176
42.1229553222656 42.0827941894531 42.1071243286133 42.1139030456543 42.0021438598633 41.5008773803711 41.4746322631836 41.5064506530762 41.3118858337402 41.2577857971191 41.4386978149414 41.687858581543 41.9161987304688 41.9469795227051 41.8469772338867 41.682071685791 41.6838760375977 41.6572647094727 41.4805870056152 41.4412231445312 41.5190963745117 41.5367698669434 41.5500602722168 41.4489936828613 41.3301773071289 41.1866722106934 40.9902229309082 40.7621803283691 40.6043815612793 40.4531097412109 40.0914878845215 39.7621955871582 39.8423728942871 39.7859344482422 40.1094932556152 39.8467445373535 40.0137901306152 39.7986450195312 39.4872817993164 39.1308479309082 38.9172706604004 38.7005081176758 38.289493560791 37.7910194396973 38.225284576416 38.3477439880371
42.2276268005371 42.1735572814941 42.134895324707 42.1052322387695 41.9678192138672 41.3209190368652 41.1202239990234 41.4486351013184 41.340030670166 41.0650939941406 41.2770462036133 41.7625617980957 41.9432144165039 41.9426422119141 41.8532524108887 41.6873321533203 41.6410484313965 41.4618759155273 41.2417869567871 41.3271713256836 41.5298957824707 41.4958572387695 41.530101776123 41.4965362548828 41.3440284729004 41.2687568664551 41.0873603820801 40.8424987792969 40.747501373291 40.5442733764648 40.1955604553223 39.6194877624512 39.352954864502 39.4399604797363 39.775390625 39.8570098876953 39.5202522277832 39.2169761657715 39.3448600769043 39.2617149353027 38.9632606506348 38.7327880859375 38.2821731567383 37.6008720397949 37.9336280822754 38.201587677002
42.2864837646484 42.2195854187012 42.1667060852051 42.1223945617676 42.0721626281738 41.7859115600586 41.3945198059082 41.1805229187012 41.1654243469238 40.9741325378418 41.3361663818359 41.7877769470215 41.9423027038574 41.9265899658203 41.8378601074219 41.6745491027832 41.5087394714355 41.331729888916 41.2203521728516 41.4033660888672 41.4753227233887 41.4845581054688 41.4313011169434 41.4799766540527 41.4081840515137 41.3133583068848 41.141960144043 40.9112281799316 40.7911148071289 40.6113128662109 40.2623329162598 40.0604629516602 39.673282623291 39.4961128234863 39.425220489502 39.5156784057617 39.6822128295898 39.5352516174316 39.2224960327148 39.0340156555176 38.8452758789062 38.6437911987305 38.4194030761719 38.1389541625977 37.5999374389648 37.8061447143555
42.3510513305664 42.2723579406738 42.2183265686035 42.189281463623 42.112606048584 41.9277648925781 41.6713256835938 41.1927146911621 41.0861167907715 41.2148017883301 41.5590515136719 41.8469924926758 41.9424667358398 41.913631439209 41.7913589477539 41.6416549682617 41.3755264282227 41.292724609375 41.3543395996094 41.3531112670898 41.4395866394043 41.3568382263184 41.1949157714844 41.3604431152344 41.4676322937012 41.3502769470215 41.1446266174316 41.0048027038574 40.8752632141113 40.7660140991211 40.5894241333008 40.376407623291 40.1072425842285 40.0360908508301 39.7522392272949 39.4566192626953 39.4939460754395 39.5243225097656 39.3142738342285 39.1667060852051 39.0276527404785 38.7977485656738 38.2874603271484 37.9542427062988 38.0295295715332 38.0175018310547
42.3770179748535 42.3453521728516 42.2863883972168 42.2384643554688 42.1320343017578 42.027271270752 41.9100189208984 41.6096382141113 41.2216300964355 41.2772674560547 41.385066986084 41.5833969116211 41.7809600830078 41.794002532959 41.7255020141602 41.5959587097168 41.3991622924805 41.2791748046875 41.1703453063965 41.1807479858398 41.3368339538574 41.302978515625 41.0936851501465 41.3701057434082 41.5005340576172 41.391170501709 41.228328704834 41.0876998901367 41.0020523071289 40.8877449035645 40.7681541442871 40.5590705871582 40.2822189331055 40.4127616882324 40.2826843261719 39.9635429382324 39.5685768127441 39.4522857666016 39.5185317993164 39.8101806640625 39.1972770690918 38.9405403137207 38.595947265625 38.0257911682129 37.9429130554199 37.8194122314453
