inst/extdata/Tmax/Tmax65.asc
NCOLS 100 
NROWS 79 
XLLCORNER 148.06 
YLLCORNER -21.49 
CELLSIZE 0.01 
NODATA_value -3.4e+38 
[rows 20 to 39 of 79, columns 0 to 45 of 100]
40.748214721679702 40.7986145019531 40.8001937866211 40.7615585327148 40.785041809082 40.924186706543 40.8365516662598 40.7532997131348 40.6770820617676 40.5675773620605 40.3547782897949 39.8805313110352 39.3381118774414 38.5533409118652 36.9331474304199 36.4073295593262 36.3265571594238 37.5423278808594 38.818244934082 39.3386840820312 39.3567047119141 39.3782081604004 39.7783317565918 39.8068313598633 39.6230392456055 39.2811431884766 38.5594940185547 37.4592781066895 38.1013870239258 38.1782531738281 38.8942985534668 38.9150314331055 39.0790519714355 39.0353050231934 38.9841079711914 38.693531036377 38.2363243103027 38.2369651794434 37.682861328125 37.9809074401855 37.7216911315918 36.8699111938477 37.142147064209 37.2017707824707 37.343578338623 37.3783531188965
40.8446846008301 40.9241371154785 40.9403686523438 40.9002113342285 40.9086647033691 40.9093704223633 40.7570571899414 40.6678352355957 40.6425514221191 40.5682029724121 40.4224700927734 40.2222442626953 39.9469261169434 38.8069839477539 36.9619102478027 36.5671463012695 36.8710594177246 37.8894920349121 38.5064430236816 38.9601402282715 39.1109428405762 39.0126609802246 39.6466255187988 39.8077774047852 39.5747261047363 39.590015411377 39.5527763366699 38.6466941833496 38.458366394043 39.0751876831055 39.2128410339355 39.0889778137207 38.6951866149902 37.9766807556152 37.9964332580566 37.9667587280273 38.5059928894043 37.6726493835449 37.1989517211914 37.5671463012695 37.1071891784668 37.2083549499512 36.8840980529785 35.8016777038574 36.1878852844238 36.9932441711426
40.9279747009277 40.9909858703613 41.0036544799805 40.9888572692871 40.9710121154785 40.9321136474609 40.7309837341309 40.586986541748 40.526195526123 40.4913597106934 40.3564949035645 40.2813148498535 40.0746116638184 39.3368759155273 37.9704551696777 36.9394874572754 36.1455039978027 36.7690162658691 37.4778251647949 38.4689674377441 38.605541229248 38.7602996826172 39.5362243652344 39.2775955200195 38.7786865234375 39.2164497375488 39.3015823364258 39.3989448547363 39.0584945678711 39.1017761230469 38.7826957702637 38.563060760498 37.882698059082 37.4839057922363 37.2048454284668 37.4618988037109 37.385311126709 36.7148208618164 36.6790161132812 36.5807113647461 36.2098999023438 35.3071594238281 36.2548522949219 35.9075584411621 34.7843360900879 36.4302825927734
40.9233856201172 40.9669990539551 40.9916305541992 40.9846992492676 40.9399566650391 40.9311943054199 40.8513526916504 40.5042037963867 40.3802947998047 40.4074249267578 40.1949462890625 39.978687286377 40.1040649414062 39.6493759155273 38.6900329589844 37.7244300842285 36.7043037414551 36.3448753356934 37.0977020263672 37.4867706298828 38.153995513916 39.3752212524414 39.0732040405273 38.3347930908203 38.5131530761719 38.6885108947754 38.3167381286621 39.4574241638184 39.4830207824707 39.3136596679688 39.0382347106934 37.7369003295898 37.3392944335938 37.5804443359375 37.9801330566406 37.4288101196289 36.3328170776367 35.6769256591797 36.5502319335938 35.937442779541 35.0625152587891 33.8122634887695 34.527530670166 35.7896842956543 34.0012321472168 35.2192535400391
40.8712348937988 40.9475936889648 40.9877052307129 40.9520301818848 40.9086265563965 40.912769317627 40.9214172363281 40.7146682739258 40.5072135925293 40.3056755065918 40.1843910217285 40.1459732055664 39.939395904541 39.5299987792969 38.6028823852539 37.7502784729004 36.8307952880859 36.3793907165527 36.6339721679688 36.6363067626953 38.1209526062012 39.1412582397461 37.801643371582 37.1414833068848 38.1367568969727 38.1090545654297 38.3329811096191 39.226131439209 39.5129356384277 39.0549964904785 38.9852294921875 38.7110023498535 38.6745147705078 38.7401428222656 38.3489990234375 37.9808311462402 37.5033912658691 36.1649208068848 35.8948593139648 35.5828704833984 33.9251251220703 33.4311180114746 33.8180541992188 35.5769691467285 33.7091217041016 34.0258445739746
40.8294906616211 40.8605575561523 40.8773193359375 40.8499336242676 40.8650054931641 40.8768539428711 40.9159202575684 40.8652687072754 40.6878089904785 40.4006462097168 40.1715965270996 40.0159873962402 39.8382148742676 39.2885475158691 38.742561340332 38.0612297058105 37.3048477172852 36.8897285461426 37.451473236084 38.3145751953125 38.2982330322266 38.1884574890137 37.5949897766113 36.0300636291504 36.6649475097656 37.6145820617676 37.7994918823242 39.287166595459 39.5050582885742 39.0712051391602 38.0199241638184 38.7562217712402 38.593921661377 38.4406280517578 38.1142082214355 37.7320251464844 37.591381072998 35.8119888305664 34.4652099609375 34.816593170166 33.58154296875 34.3044700622559 34.6136894226074 35.5841369628906 34.5346298217773 33.6108894348145
40.7091674804688 40.7487983703613 40.7613182067871 40.7768478393555 40.7739372253418 40.7776565551758 40.8925743103027 40.8973426818848 40.7378387451172 40.2413101196289 40.1161270141602 39.8040390014648 39.8011169433594 39.3469734191895 38.4312133789062 37.1142044067383 36.6480255126953 36.8967247009277 37.4864234924316 37.374828338623 37.6100273132324 38.7131614685059 38.5369262695312 36.6841926574707 36.1851196289062 37.3360786437988 38.3124237060547 39.375602722168 39.4706268310547 39.2069625854492 38.202751159668 37.7466354370117 38.6799850463867 38.037353515625 37.5071487426758 36.5076103210449 36.1711463928223 36.3093948364258 35.0206069946289 33.8905410766602 33.5436325073242 33.8224792480469 33.7428207397461 34.6468887329102 33.837589263916 33.278392791748
40.5349235534668 40.5676078796387 40.6108322143555 40.6731147766113 40.7030372619629 40.7755661010742 40.8950958251953 40.8921508789062 40.808521270752 40.5806007385254 40.2931632995605 39.9827880859375 39.8396759033203 39.6013565063477 38.4765014648438 37.0700263977051 36.6714859008789 36.6199913024902 36.7849998474121 36.7609443664551 38.1689720153809 38.9590492248535 38.3014945983887 37.2476387023926 36.5491027832031 36.8396682739258 36.9911308288574 38.9082565307617 39.328800201416 39.1841926574707 38.2239761352539 38.1262817382812 38.4768905639648 37.5832481384277 36.7431869506836 36.0498390197754 34.9559936523438 35.8211288452148 35.6227416992188 33.8632202148438 33.4826354980469 33.6521797180176 33.5826225280762 34.100528717041 33.5887794494629 33.328685760498
39.925479888916 39.8798675537109 40.2124786376953 40.5901069641113 40.75146484375 40.8513717651367 40.9017295837402 40.8881187438965 40.735767364502 40.6066856384277 40.409854888916 39.7720260620117 39.8881225585938 39.7062835693359 39.0789680480957 37.5890007019043 36.6937561035156 36.067455291748 36.463794708252 37.565299987793 38.1942291259766 38.644847869873 37.5813598632812 36.6881790161133 36.4628829956055 36.6480369567871 37.1849899291992 38.2955741882324 39.2122268676758 39.2844009399414 38.6622200012207 38.3498344421387 37.8273696899414 36.5775566101074 35.1479530334473 34.7428817749023 34.4696197509766 34.6503524780273 34.7878036499023 34.4431571960449 33.9875984191895 34.1028137207031 33.8694305419922 33.680492401123 33.6920318603516 33.6358108520508
38.8498878479004 39.9146919250488 40.321907043457 40.0050468444824 40.6824951171875 40.8644180297852 40.9033851623535 40.8887176513672 40.6437797546387 40.4661712646484 40.4567756652832 40.1441307067871 39.8550872802734 39.6941413879395 39.3858871459961 38.7569808959961 38.0763130187988 36.38232421875 36.7864952087402 36.8887481689453 37.0824699401855 38.2589225769043 37.7356872558594 36.7356224060059 36.482421875 36.2243843078613 36.1907920837402 38.2392158508301 39.2574729919434 39.3477554321289 38.3613128662109 37.183910369873 36.8042030334473 36.3726768493652 36.0456657409668 34.8645668029785 34.8144226074219 34.4585304260254 34.0985145568848 34.3236312866211 36.2565002441406 36.3600158691406 34.9910316467285 33.742259979248 34.656867980957 34.7524032592773
39.2157897949219 40.2952919006348 40.3337287902832 39.6852722167969 40.6308479309082 40.8534774780273 40.922420501709 40.9017753601074 40.8322792053223 40.5584259033203 40.4298820495605 40.3564071655273 40.1412963867188 39.8895149230957 39.5328407287598 38.8211669921875 37.8065719604492 37.2585334777832 36.6907157897949 37.0116767883301 37.1099967956543 37.6675033569336 36.9126358032227 36.7011337280273 36.324779510498 35.5387840270996 35.8962631225586 38.1037330627441 39.1257133483887 39.1789321899414 39.1582145690918 38.9586601257324 37.6044692993164 36.4406890869141 36.3579940795898 35.7619705200195 35.9413146972656 35.705924987793 35.1848754882812 35.7910308837891 37.6042633056641 37.6781997680664 37.1681289672852 36.4757041931152 36.3316917419434 35.6094436645508
40.1445426940918 40.4778060913086 40.5600738525391 40.559326171875 40.6632881164551 40.8421897888184 40.888557434082 40.8834190368652 40.828296661377 40.7414932250977 40.5213432312012 40.4561767578125 40.3376007080078 40.0891380310059 39.7645797729492 39.1728820800781 38.135009765625 37.6177101135254 36.7488059997559 36.6131973266602 36.7017211914062 37.2595825195312 36.7957572937012 36.4757919311523 36.3986587524414 36.4357948303223 37.431697845459 38.7431869506836 39.1971664428711 38.5806503295898 38.4764671325684 38.4950256347656 38.7470359802246 38.1397552490234 37.8067245483398 36.8728523254395 38.1384658813477 37.9559783935547 37.9199409484863 37.9372825622559 37.6591682434082 36.5672874450684 35.4088973999023 35.0147819519043 34.8979759216309 34.2553596496582
39.8023147583008 40.6830711364746 40.759090423584 40.7770538330078 40.7717704772949 40.7818374633789 40.7594947814941 40.8149032592773 40.8060684204102 40.7840957641602 40.7258148193359 40.5809478759766 40.3600807189941 40.1655044555664 39.9327850341797 39.6303405761719 39.0514717102051 38.2333755493164 37.3099670410156 36.434741973877 36.4701690673828 37.0396537780762 36.8873710632324 36.5402030944824 36.3637733459473 36.560302734375 38.3156280517578 39.1801567077637 39.2616577148438 39.0474243164062 38.4479827880859 37.7203559875488 38.5667953491211 38.6968154907227 38.7422828674316 38.1067276000977 38.6071701049805 38.250602722168 38.0897216796875 37.8892288208008 36.4373321533203 34.8034820556641 33.6999549865723 34.0012092590332 33.9275856018066 33.0671691894531
39.6248741149902 40.3994407653809 40.1823310852051 40.0355606079102 40.2012138366699 40.6641273498535 40.6765060424805 40.7040328979492 40.7211837768555 40.7045135498047 40.6638526916504 40.6403541564941 40.5039253234863 40.3175392150879 40.1296844482422 39.8561553955078 39.3314476013184 38.8215560913086 38.4871864318848 37.7113418579102 36.5436706542969 36.8431167602539 36.5663414001465 36.6559524536133 36.5054359436035 36.471866607666 37.7714424133301 39.1222534179688 39.2186164855957 38.8312149047852 38.6645545959473 37.3777008056641 37.732593536377 38.0387077331543 38.3992233276367 38.5465698242188 38.3808746337891 38.1743621826172 37.7058792114258 37.7710952758789 37.3789138793945 35.8650665283203 34.9275436401367 35.5522575378418 35.0227241516113 34.0314559936523
40.0367698669434 40.380973815918 39.8893356323242 39.0740737915039 39.207820892334 40.3686676025391 40.6349067687988 40.593334197998 40.6130599975586 40.6320533752441 40.5355796813965 40.5990753173828 40.5392570495605 40.4052238464355 40.2235679626465 39.99267578125 39.6187629699707 38.8039627075195 38.3034057617188 37.7353973388672 36.8987159729004 36.7992515563965 36.571891784668 36.3083724975586 36.2673263549805 36.739070892334 38.1306991577148 39.0816917419434 38.4710388183594 38.2010383605957 38.3315277099609 37.9047584533691 37.5132331848145 37.1076354980469 36.7780952453613 37.3793563842773 37.1535110473633 37.5539932250977 37.4550704956055 37.208625793457 36.8870239257812 37.280387878418 36.9805221557617 36.5916595458984 35.8563613891602 35.2677688598633
40.1981010437012 40.3206901550293 40.0883407592773 39.7081718444824 39.3374061584473 40.0181579589844 40.4010581970215 40.4306640625 40.4890327453613 40.562816619873 40.5496406555176 40.6113357543945 40.5371627807617 40.4654655456543 40.2784614562988 40.0137786865234 39.7262992858887 39.4639587402344 38.9743194580078 38.1715240478516 37.6968078613281 37.3838043212891 36.7508430480957 35.9507293701172 36.1503982543945 36.4592666625977 38.2365608215332 38.8820953369141 36.5711555480957 36.067008972168 36.8623733520508 37.1413688659668 37.085865020752 36.8185043334961 36.2175941467285 35.8999328613281 36.5649795532227 36.3656921386719 36.3254241943359 36.2636184692383 35.9363708496094 35.5652160644531 35.8783798217773 36.4618377685547 35.6882476806641 34.5261001586914
40.0285263061523 40.0703468322754 40.1063766479492 39.7700805664062 39.4274291992188 39.6614151000977 39.940299987793 40.1844787597656 40.3223304748535 40.4752082824707 40.4529724121094 40.4567947387695 40.5638847351074 40.4800262451172 40.3333473205566 39.9999160766602 39.9773483276367 39.7922821044922 39.485912322998 39.0128211975098 38.8314399719238 37.8552169799805 37.1122169494629 36.524772644043 36.5200843811035 36.9983177185059 38.275577545166 38.1537971496582 37.7886657714844 37.6576728820801 36.7023544311523 36.628833770752 36.3918991088867 36.2124824523926 35.3100662231445 34.8903846740723 35.0807571411133 35.0325698852539 35.2994003295898 35.0613555908203 35.0501174926758 34.2482833862305 34.8694915771484 35.8398818969727 35.5438346862793 34.1317176818848
39.3429183959961 39.7549362182617 40.018196105957 39.8903617858887 39.6450691223145 39.4860343933105 39.4777641296387 39.9416313171387 40.0834503173828 40.301685333252 40.4056587219238 40.411506652832 40.4867973327637 40.5078887939453 40.2876243591309 40.1601028442383 40.0717163085938 39.9320259094238 39.7343254089355 39.4838218688965 39.2286834716797 38.3469543457031 36.919361114502 37.0297508239746 36.1639633178711 36.890739440918 38.0890159606934 37.3935432434082 37.6286849975586 38.2079124450684 38.061206817627 37.8691864013672 37.0333862304688 36.4982643127441 34.7047386169434 33.5938415527344 33.6360664367676 33.5382652282715 33.5037040710449 33.9133491516113 34.0563621520996 34.2299995422363 34.3972396850586 35.1891937255859 35.0366287231445 34.6909408569336
39.4915962219238 39.6120223999023 39.7837791442871 39.7561721801758 39.7139015197754 39.3307800292969 39.067310333252 38.7420845031738 39.5694122314453 40.1959571838379 40.3650131225586 40.4265098571777 40.5255889892578 40.5222282409668 40.143367767334 39.6395225524902 39.6721534729004 39.7447700500488 39.802074432373 39.6494941711426 39.4697341918945 38.9634017944336 37.5713996887207 37.953540802002 36.7470550537109 36.7392311096191 36.9301490783691 37.329517364502 36.0181427001953 36.8522109985352 36.3864784240723 36.5348320007324 38.0920486450195 37.5553092956543 36.3510627746582 34.0237464904785 33.2275619506836 33.2308540344238 32.6431999206543 33.0231246948242 33.580379486084 33.5748825073242 33.6483726501465 34.8463439941406 34.458137512207 33.9911766052246
39.5849494934082 39.4912338256836 39.564453125 39.321044921875 39.5749855041504 39.4684791564941 39.1916618347168 38.8642768859863 39.1108818054199 39.8803901672363 40.1938743591309 40.4412307739258 40.4965324401855 40.4547843933105 40.3811569213867 39.8747329711914 39.3997650146484 39.152172088623 39.4916343688965 39.6475524902344 39.4708824157715 39.2940444946289 38.8863945007324 38.1593208312988 36.8116569519043 36.541748046875 36.4879989624023 36.6053466796875 36.6695251464844 36.0008201599121 35.2798309326172 36.2636489868164 37.7676086425781 36.8377685546875 37.1110763549805 36.4312057495117 35.8932571411133 35.725212097168 34.6805534362793 33.7049865722656 34.3347969055176 34.0593185424805 34.4015731811523 34.5643920898438 34.2988510131836 33.8852500915527
