inst/extdata/Tmax/Tmax93.asc
NCOLS 100 
NROWS 79 
XLLCORNER 148.06 
YLLCORNER -21.49 
CELLSIZE 0.01 
NODATA_value -3.4e+38 
[rows 40 to 59 of 79, columns 0 to 45 of 100]
35.522659301757798 35.2234992980957 35.2577056884766 35.2987060546875 35.1678695678711 35.300350189209 35.249828338623 35.0288543701172 34.5010261535645 34.9907531738281 35.7150993347168 36.0830192565918 36.1313629150391 36.1965522766113 36.2781448364258 36.045295715332 35.7482032775879 35.3450775146484 34.6920776367188 35.2607841491699 35.2560729980469 35.1352958679199 35.0699882507324 34.6200942993164 33.6008377075195 32.8700485229492 32.6560478210449 32.7586822509766 32.8967971801758 32.1851425170898 31.5194301605225 31.96217918396 33.3840484619141 33.0824165344238 32.7956657409668 33.1753463745117 33.076847076416 32.7167320251465 32.4735641479492 31.9788875579834 31.940149307251 31.0494155883789 30.4447631835938 30.4425811767578 30.1784019470215 30.0147285461426
35.7026863098145 35.2681655883789 35.1270370483398 35.2499809265137 35.1401443481445 35.2380485534668 35.2493782043457 35.1345520019531 34.8581962585449 35.0027847290039 35.3920974731445 35.7942504882812 36.0616149902344 36.2583961486816 36.315502166748 36.1525993347168 35.8191833496094 35.243034362793 34.8670959472656 35.0387382507324 35.0708503723145 34.8066482543945 35.0161323547363 34.7032814025879 33.9518623352051 33.3909111022949 32.7005767822266 32.6060562133789 32.850902557373 32.3630027770996 31.9169158935547 32.6071548461914 33.3825263977051 32.537281036377 31.761194229126 32.5932083129883 32.6465148925781 32.8907699584961 32.8544082641602 32.5974807739258 32.46826171875 31.6906337738037 30.2306327819824 30.1084136962891 30.1894569396973 30.1513252258301
35.566822052002 35.5200996398926 35.2772102355957 35.1469535827637 35.2218780517578 35.2524642944336 35.2304153442383 35.1929931640625 35.1600189208984 35.1117973327637 35.1740226745605 35.7202301025391 36.0900650024414 36.2604713439941 36.2831344604492 36.2361106872559 35.9883918762207 35.6170425415039 35.363468170166 35.3144226074219 35.2217254638672 34.4873313903809 34.4122734069824 34.6710510253906 34.7063789367676 34.2110023498535 33.2355995178223 32.8585739135742 32.7754707336426 32.5267601013184 31.5766429901123 32.7330017089844 32.8009300231934 31.6405735015869 30.7948799133301 31.7426242828369 31.7425689697266 32.4460334777832 32.6388206481934 32.3048706054688 32.0509185791016 32.1148452758789 31.483024597168 31.2596492767334 31.698055267334 32.7983589172363
35.182014465332 35.3012466430664 35.281867980957 35.2817153930664 35.3205490112305 35.3176803588867 35.2821960449219 35.2293395996094 35.297477722168 35.2695083618164 35.2854461669922 35.7529373168945 36.0398292541504 36.2217864990234 36.2525062561035 36.2773399353027 36.1703414916992 35.9219627380371 35.6086158752441 35.6579742431641 35.463794708252 35.1724815368652 34.4069786071777 34.0117492675781 34.777400970459 34.5416946411133 34.089786529541 33.5405235290527 33.1654319763184 32.9720458984375 32.0918617248535 32.0030555725098 32.7781677246094 32.2129096984863 31.548131942749 31.070629119873 31.1612606048584 31.4225196838379 31.6632766723633 31.4211578369141 30.9494171142578 31.7083377838135 31.2446155548096 32.2494125366211 34.2457427978516 34.932056427002
34.8620796203613 35.0843353271484 35.057186126709 35.0630416870117 35.277042388916 35.4110794067383 35.4459609985352 35.3885154724121 35.462818145752 35.5207672119141 35.7174873352051 35.8753929138184 36.0276756286621 36.1488380432129 36.2246780395508 36.2914505004883 36.2661781311035 36.097225189209 35.9244384765625 35.8748016357422 35.7311935424805 35.5698089599609 35.231559753418 34.9943389892578 34.7975883483887 34.2793121337891 34.5775337219238 34.4342651367188 34.0728149414062 33.3029174804688 32.6186332702637 32.6117668151855 32.9744720458984 33.1650581359863 32.835620880127 31.5747356414795 30.1930141448975 30.158670425415 30.2724418640137 30.6253681182861 30.5013027191162 31.0828971862793 30.5802345275879 31.4530239105225 33.4057273864746 34.9655952453613
34.8914680480957 34.975772857666 34.7971572875977 34.678409576416 34.9144248962402 35.1686820983887 35.4349975585938 35.5755615234375 35.6573104858398 35.7675132751465 35.851978302002 35.7681999206543 35.5207786560059 35.9505805969238 36.2151870727539 36.2759780883789 36.2857818603516 36.2054214477539 36.106990814209 36.0380477905273 35.9389381408691 35.818660736084 35.7593765258789 35.0699501037598 34.6787223815918 34.5962600708008 34.7003288269043 34.5035018920898 34.2939987182617 33.7172508239746 32.3176002502441 32.5500946044922 32.9008827209473 32.9766426086426 33.0914268493652 32.0936660766602 30.7492084503174 30.501823425293 30.5391960144043 30.9976539611816 30.3815822601318 30.764591217041 31.1708068847656 31.4942836761475 32.4410705566406 33.761402130127
34.7409553527832 34.7217864990234 34.7267265319824 34.6487731933594 34.5428009033203 34.6132392883301 35.1799392700195 35.3276519775391 35.4715805053711 35.4982795715332 35.751708984375 35.8736190795898 35.5974159240723 35.8951835632324 36.1575508117676 36.2517433166504 36.2708129882812 36.1912231445312 36.149528503418 36.1073837280273 36.0257873535156 35.948917388916 35.8372383117676 35.3014945983887 34.3726501464844 34.5013732910156 34.7093162536621 34.4492721557617 34.3951683044434 34.2318229675293 33.3347587585449 32.9714546203613 32.5752868652344 32.8713760375977 33.0286140441895 32.5017166137695 31.3819217681885 31.6768207550049 31.1276950836182 31.8592319488525 31.2812728881836 31.4510707855225 31.565315246582 31.6785774230957 31.673059463501 31.4792556762695
35.2527847290039 34.5429229736328 34.4483261108398 34.3936767578125 34.3694229125977 34.5154609680176 34.875057220459 34.8298416137695 35.1182823181152 35.1795997619629 35.2766075134277 35.355354309082 35.5720100402832 35.8965225219727 36.1160430908203 36.2543487548828 36.2523994445801 36.112850189209 35.9127159118652 35.8062591552734 35.9602966308594 35.7528228759766 35.7763404846191 35.7047843933105 35.1898498535156 35.0817413330078 35.1091728210449 34.8772621154785 34.689266204834 34.4402465820312 33.6673011779785 33.258903503418 32.4637260437012 32.9086837768555 32.9607391357422 32.7034530639648 32.2193183898926 32.4760055541992 32.1811790466309 32.4576835632324 32.1659317016602 31.9555130004883 31.7975482940674 31.6434383392334 31.2904777526855 31.0486335754395
36.0284690856934 35.1451873779297 34.2915153503418 34.129581451416 34.2812042236328 34.4955940246582 34.425121307373 34.429615020752 34.8163299560547 35.1569786071777 35.2444725036621 35.2295532226562 35.4961700439453 35.8485832214355 36.1265144348145 36.2076797485352 36.2270088195801 36.1418914794922 35.9530448913574 35.7012786865234 35.7847595214844 35.7240524291992 35.6363296508789 35.7868347167969 35.6653289794922 35.5459442138672 35.2318496704102 34.999885559082 34.9010620117188 34.5716896057129 34.1304168701172 33.6089401245117 32.63916015625 32.8157577514648 32.7855911254883 32.8561630249023 32.7476234436035 32.7197036743164 32.5934829711914 32.3903007507324 31.545467376709 31.3774890899658 31.5744934082031 31.3085918426514 31.1702671051025 30.8109397888184
36.3239364624023 35.7705078125 34.8183631896973 34.1764373779297 34.1663856506348 34.1605415344238 34.1961975097656 34.5909233093262 34.8638916015625 34.7520370483398 35.4560279846191 35.7201080322266 35.8470878601074 35.9657783508301 36.0812606811523 36.1807975769043 36.1983413696289 36.1330223083496 36.0190734863281 35.860897064209 35.7441368103027 35.6649398803711 35.4568099975586 35.5046730041504 35.6960487365723 35.6797218322754 35.4361915588379 34.816951751709 34.2561378479004 34.5605850219727 34.2222328186035 33.8749580383301 32.9676971435547 32.6354522705078 32.4021835327148 32.7451019287109 32.8347320556641 32.7249298095703 32.6793556213379 32.3321304321289 31.6011848449707 31.1947727203369 31.3730010986328 30.9909477233887 30.9001617431641 30.8059692382812
36.3141632080078 36.1324005126953 35.6185913085938 34.9203224182129 34.3226051330566 33.9877586364746 34.1721801757812 34.5359077453613 34.5911521911621 34.9373779296875 35.5950698852539 35.8614845275879 36.0086631774902 36.1289672851562 36.1546859741211 36.1863555908203 36.0622787475586 36.0682716369629 36.0777893066406 35.9900550842285 35.8648071289062 35.6826438903809 35.4606590270996 35.3692970275879 35.4938354492188 35.5415229797363 35.5955924987793 35.3265762329102 35.0081214904785 34.8433952331543 34.2264366149902 34.0424118041992 33.1000061035156 32.6423149108887 31.979866027832 32.4850273132324 32.6307029724121 32.623176574707 32.6808433532715 32.4746742248535 31.9101581573486 31.739839553833 31.6258144378662 31.403377532959 31.0663528442383 30.8826065063477
36.2747917175293 36.250675201416 35.9600677490234 35.2146530151367 34.5612907409668 34.2479019165039 34.204231262207 34.3038902282715 34.0322265625 34.2115058898926 35.1813621520996 35.6381988525391 35.8443031311035 36.0797462463379 36.1801300048828 36.1401290893555 36.0579605102539 36.049186706543 36.0117568969727 36.000602722168 35.8934898376465 35.7723579406738 35.6552467346191 35.4239845275879 35.2928009033203 35.2245178222656 35.1894454956055 35.3119850158691 35.0590400695801 35.1929244995117 35.2189025878906 34.3255310058594 33.654857635498 33.151969909668 32.5986557006836 32.7457618713379 32.6958312988281 32.5005874633789 32.6587600708008 32.5485916137695 32.0047874450684 31.8415069580078 31.7111186981201 31.5183391571045 31.0070362091064 30.8084526062012
36.0865097045898 36.1861228942871 36.0212669372559 34.9340209960938 34.042896270752 34.0175704956055 34.1377944946289 33.9897613525391 33.7088775634766 33.8646202087402 35.1128578186035 35.6465606689453 35.8961524963379 36.1090888977051 36.1244239807129 36.071834564209 36.0658531188965 35.9911270141602 35.9459533691406 35.9416809082031 35.9540481567383 35.8887062072754 35.7083587646484 35.4809303283691 35.2316818237305 35.0523948669434 35.0299949645996 34.9688568115234 34.9623908996582 34.8456420898438 35.0603981018066 34.9135437011719 34.2785530090332 33.5882530212402 33.0966339111328 33.4731788635254 33.4116058349609 32.8781814575195 32.6583251953125 32.733642578125 32.5507965087891 32.2663497924805 31.9186992645264 31.660701751709 31.3075866699219 30.9043273925781
35.8496208190918 35.9400978088379 36.0612678527832 35.5824737548828 34.4644241333008 34.0841445922852 34.4832534790039 33.9283065795898 33.7582626342773 33.8562164306641 35.0589828491211 35.7412300109863 35.9859085083008 36.093391418457 36.0164985656738 35.9123764038086 35.9134216308594 35.9340553283691 35.8990135192871 35.781379699707 35.8376312255859 35.9070625305176 35.7473373413086 35.5762252807617 35.3570137023926 35.1759948730469 34.7900772094727 34.5670738220215 34.1745910644531 34.5616912841797 34.375904083252 34.9841575622559 35.0341110229492 34.6461410522461 34.0945587158203 34.1302719116211 33.7137031555176 33.3186149597168 32.9731941223145 33.3911018371582 32.9241676330566 32.6249351501465 32.4370498657227 32.2798767089844 31.9711017608643 31.8129844665527
35.7089805603027 35.6860694885254 35.8896369934082 35.9098281860352 35.4211082458496 35.1605682373047 35.0995712280273 34.7087440490723 34.485034942627 34.5018196105957 34.7187271118164 35.1692390441895 35.8961944580078 36.0466651916504 35.9141998291016 35.8201446533203 35.8178901672363 35.8658561706543 35.8245735168457 35.753833770752 35.7794151306152 35.8899726867676 35.8362121582031 35.637264251709 35.5157089233398 35.3098258972168 34.9513206481934 34.6991310119629 34.2382888793945 34.4936065673828 33.7934722900391 34.2625961303711 34.519775390625 34.54345703125 34.6776123046875 34.5409164428711 34.1991577148438 34.037914276123 33.5383644104004 32.9847221374512 32.9019508361816 32.9589424133301 32.6808471679688 32.4614677429199 32.4531097412109 32.2893943786621
35.8070259094238 35.809154510498 35.8627548217773 35.903263092041 35.7781372070312 35.1150283813477 35.1263313293457 35.2010917663574 34.964672088623 34.9217262268066 35.2029876708984 35.6008377075195 35.958080291748 36.0373992919922 35.930419921875 35.7316970825195 35.7989349365234 35.7866477966309 35.5720520019531 35.552864074707 35.7008209228516 35.7819595336914 35.8394165039062 35.7329330444336 35.6013793945312 35.4350357055664 35.2228126525879 34.9276008605957 34.7434158325195 34.5689964294434 34.1021423339844 33.7004089355469 33.8482780456543 33.8074378967285 34.2971839904785 33.9681701660156 34.2587547302246 33.9959945678711 33.5998878479004 33.1433410644531 32.885799407959 32.6520347595215 32.1133041381836 31.5086288452148 32.0983505249023 32.3042106628418
35.9269027709961 35.9098014831543 35.8755149841309 35.8650054931641 35.7042694091797 34.8442268371582 34.6179161071777 35.0963172912598 34.9783020019531 34.6336708068848 34.954891204834 35.6800804138184 35.9703979492188 36.005012512207 35.9132957458496 35.7133979797363 35.7122917175293 35.4839248657227 35.2102088928223 35.3662223815918 35.6906623840332 35.6978034973145 35.78515625 35.7757110595703 35.5959243774414 35.5271301269531 35.3360290527344 35.0164794921875 34.9207382202148 34.6730537414551 34.2234687805176 33.481071472168 33.1518211364746 33.3071746826172 33.8076248168945 33.9594955444336 33.5465698242188 33.1647796630859 33.3794326782227 33.3022499084473 32.9270820617676 32.6744995117188 32.081428527832 31.2470550537109 31.6993198394775 32.0809059143066
35.9928359985352 35.9578323364258 35.9036178588867 35.8726844787598 35.8337593078613 35.4667472839355 34.976001739502 34.7147026062012 34.7245407104492 34.4953079223633 35.0208473205566 35.6992111206055 35.9524002075195 35.965461730957 35.8749046325684 35.6790161132812 35.5090675354004 35.2849464416504 35.164493560791 35.4578323364258 35.5968284606934 35.665454864502 35.6275062561035 35.7356758117676 35.6717414855957 35.5750045776367 35.3981323242188 35.0983734130859 34.9673461914062 34.7526359558105 34.3022575378418 34.0762100219727 33.5778579711914 33.3708114624023 33.3100662231445 33.4718894958496 33.7577590942383 33.5918655395508 33.1965408325195 32.9739837646484 32.7512512207031 32.5389747619629 32.2566452026367 31.9173069000244 31.2638683319092 31.5562305450439
36.0237693786621 35.9723968505859 35.9166374206543 35.907096862793 35.8312454223633 35.6050605773926 35.2984886169434 34.6746826171875 34.5604057312012 34.7659683227539 35.2709197998047 35.723690032959 35.8932609558105 35.8876190185547 35.7497711181641 35.573860168457 35.2640686035156 35.1725845336914 35.2943878173828 35.3288192749023 35.4876365661621 35.4255142211914 35.2341117858887 35.5063667297363 35.6982803344727 35.5694351196289 35.3442039489746 35.1737861633301 35.0293884277344 34.9140892028809 34.7042045593262 34.4614028930664 34.1239166259766 34.0630874633789 33.706916809082 33.3360710144043 33.4421424865723 33.5222244262695 33.2693977355957 33.1032524108887 32.9490280151367 32.6974487304688 32.0254135131836 31.633186340332 31.75954246521 31.775218963623
36.0335884094238 36.0481414794922 35.985481262207 35.9495506286621 35.832088470459 35.7174949645996 35.603271484375 35.2192153930664 34.7195854187012 34.8263168334961 35.0055999755859 35.3292503356934 35.6391639709473 35.6922340393066 35.6307792663574 35.4838562011719 35.2717247009277 35.1284561157227 35.0121383666992 35.0621376037598 35.3171501159668 35.3240356445312 35.0667266845703 35.494743347168 35.7199058532715 35.6026840209961 35.4385375976562 35.2668762207031 35.1846580505371 35.0620574951172 34.9323463439941 34.6942749023438 34.3447418212891 34.5672225952148 34.4238014221191 34.0160942077637 33.5227661132812 33.3998680114746 33.5300407409668 33.9766807556152 33.1613960266113 32.8724517822266 32.424144744873 31.7032699584961 31.6285762786865 31.5021724700928
