inst/extdata/Tmax/Tmax13.asc
NCOLS 100 
NROWS 79 
XLLCORNER 148.06 
YLLCORNER -21.49 
CELLSIZE 0.01 
NODATA_value -3.4e+38 
[rows 0 to 19 of 79, columns 46 to 91 of 100]
31.0287818908691 29.728343963623 29.9009876251221 30.1054039001465 30.6380939483643 30.5773258209229 30.7283763885498 30.7585353851318 29.7724552154541 27.795015335083 29.4894275665283 28.8983612060547 29.6677322387695 30.2534980773926 30.3096542358398 30.4877033233643 30.6879062652588 31.1248016357422 29.741418838501 30.3229923248291 30.5163669586182 -3.4e+38 -3.4e+38 -3.4e+38 -3.4e+38 -3.4e+38 -3.4e+38 -3.4e+38 -3.4e+38 -3.4e+38 -3.4e+38 -3.4e+38 -3.4e+38 -3.4e+38 -3.4e+38 -3.4e+38 -3.4e+38 -3.4e+38 -3.4e+38 -3.4e+38 -3.4e+38 -3.4e+38 -3.4e+38 -3.4e+38 -3.4e+38 -3.4e+38
31.4262027740479 30.9428577423096 29.6147041320801 29.8107604980469 29.9244861602783 29.8759613037109 30.2285270690918 30.6236228942871 29.3712368011475 28.4239883422852 30.4216289520264 30.1631546020508 31.8382778167725 31.3852405548096 30.1979389190674 29.1954441070557 30.3513202667236 32.2221374511719 31.1664657592773 29.94482421875 30.6532783508301 32.7328948974609 -3.4e+38 -3.4e+38 -3.4e+38 -3.4e+38 -3.4e+38 -3.4e+38 -3.4e+38 -3.4e+38 -3.4e+38 -3.4e+38 -3.4e+38 -3.4e+38 -3.4e+38 -3.4e+38 -3.4e+38 -3.4e+38 -3.4e+38 -3.4e+38 -3.4e+38 -3.4e+38 -3.4e+38 -3.4e+38 -3.4e+38 -3.4e+38
33.2609176635742 30.3354187011719 28.4400291442871 28.5216503143311 28.2976856231689 29.8246078491211 28.9913501739502 28.9048957824707 28.0862045288086 27.9512462615967 29.7546405792236 31.1590061187744 32.5019836425781 31.9299068450928 29.3920135498047 28.6709613800049 30.2337245941162 29.8848571777344 29.7776546478271 30.0392818450928 29.70339012146 29.953254699707 29.8208827972412 30.3470726013184 -3.4e+38 -3.4e+38 -3.4e+38 -3.4e+38 -3.4e+38 -3.4e+38 -3.4e+38 -3.4e+38 -3.4e+38 -3.4e+38 -3.4e+38 -3.4e+38 -3.4e+38 -3.4e+38 -3.4e+38 -3.4e+38 -3.4e+38 -3.4e+38 -3.4e+38 -3.4e+38 -3.4e+38 -3.4e+38
29.4719791412354 28.9403324127197 26.2690811157227 26.971565246582 28.5366268157959 28.3234481811523 28.7507228851318 28.9185466766357 28.619966506958 28.2504329681396 29.540491104126 29.2000885009766 31.8681621551514 32.3956184387207 29.8197479248047 29.2457275390625 31.0906448364258 31.7609882354736 31.2075233459473 30.5381240844727 29.1392936706543 30.059886932373 29.7893886566162 30.6340103149414 31.1439723968506 31.1411056518555 -3.4e+38 -3.4e+38 -3.4e+38 -3.4e+38 -3.4e+38 -3.4e+38 -3.4e+38 -3.4e+38 -3.4e+38 -3.4e+38 -3.4e+38 -3.4e+38 -3.4e+38 -3.4e+38 -3.4e+38 -3.4e+38 -3.4e+38 -3.4e+38 -3.4e+38 -3.4e+38
30.4655055999756 28.5999240875244 26.1407928466797 25.7731647491455 27.0709419250488 29.2079544067383 29.8457527160645 30.2112407684326 28.2691993713379 27.3287124633789 28.0659351348877 26.4841423034668 28.0796604156494 31.9713478088379 29.0570640563965 29.3946514129639 31.2394161224365 31.0371398925781 31.7354907989502 31.8161334991455 25.4845523834229 30.0888080596924 30.3519878387451 29.8492679595947 30.6732292175293 31.1442890167236 -3.4e+38 -3.4e+38 -3.4e+38 -3.4e+38 -3.4e+38 -3.4e+38 -3.4e+38 -3.4e+38 -3.4e+38 -3.4e+38 -3.4e+38 -3.4e+38 -3.4e+38 -3.4e+38 -3.4e+38 -3.4e+38 -3.4e+38 -3.4e+38 -3.4e+38 -3.4e+38
26.444034576416 27.0509910583496 25.4357872009277 24.8513088226318 27.1853160858154 29.0985927581787 28.4971160888672 28.927303314209 27.7544841766357 28.1541233062744 26.0744609832764 25.8330974578857 29.7947692871094 30.3300399780273 28.1935729980469 29.468412399292 30.7154808044434 31.8456726074219 30.8654308319092 30.7805156707764 25.582649230957 27.6167163848877 31.0893802642822 30.0401592254639 30.4690761566162 30.4072093963623 -3.4e+38 -3.4e+38 -3.4e+38 -3.4e+38 -3.4e+38 -3.4e+38 -3.4e+38 -3.4e+38 -3.4e+38 -3.4e+38 -3.4e+38 -3.4e+38 -3.4e+38 -3.4e+38 -3.4e+38 -3.4e+38 -3.4e+38 -3.4e+38 -3.4e+38 -3.4e+38
25.4609127044678 25.8890209197998 26.3512058258057 25.8994693756104 29.6245746612549 29.1761054992676 29.1930828094482 28.0630779266357 28.8350734710693 27.8548431396484 27.1381435394287 27.4410018920898 28.359468460083 31.971887588501 32.1159172058105 32.9216690063477 29.4161205291748 29.7311267852783 29.7320785522461 30.2700080871582 32.1496963500977 29.9688911437988 30.693359375 30.2746257781982 29.6129875183105 28.9074459075928 28.8629875183105 29.4502868652344 -3.4e+38 -3.4e+38 -3.4e+38 -3.4e+38 -3.4e+38 -3.4e+38 -3.4e+38 -3.4e+38 -3.4e+38 -3.4e+38 -3.4e+38 -3.4e+38 -3.4e+38 -3.4e+38 -3.4e+38 -3.4e+38 -3.4e+38 -3.4e+38
24.6009712219238 26.6375617980957 31.6873474121094 26.2020263671875 25.3374156951904 27.0450267791748 28.6781940460205 27.7151584625244 27.9877510070801 28.8708019256592 27.3744640350342 27.0113983154297 28.0297927856445 29.3945579528809 27.8014717102051 30.4463138580322 27.6120510101318 27.4082260131836 28.5230350494385 29.8584785461426 30.1380558013916 28.8512554168701 29.40234375 30.0054492950439 28.9896621704102 28.2338619232178 27.9951705932617 28.6667289733887 30.0537605285645 28.6546421051025 29.9095058441162 -3.4e+38 -3.4e+38 -3.4e+38 -3.4e+38 -3.4e+38 -3.4e+38 -3.4e+38 -3.4e+38 -3.4e+38 -3.4e+38 -3.4e+38 -3.4e+38 -3.4e+38 -3.4e+38 -3.4e+38
24.6045951843262 26.131986618042 26.617639541626 30.5357494354248 26.2929077148438 24.9581737518311 26.7408561706543 26.7982330322266 29.0329265594482 29.3173561096191 29.5362167358398 27.9043407440186 27.5008678436279 28.1415596008301 26.1503982543945 26.0119934082031 25.3783912658691 29.4171161651611 27.8808345794678 29.2332191467285 31.2761211395264 31.239501953125 28.8418960571289 26.9421310424805 27.8278656005859 28.4264812469482 29.0728855133057 30.2348804473877 29.8907890319824 28.7601089477539 28.2210903167725 30.6094818115234 -3.4e+38 -3.4e+38 -3.4e+38 -3.4e+38 -3.4e+38 -3.4e+38 -3.4e+38 -3.4e+38 -3.4e+38 -3.4e+38 -3.4e+38 -3.4e+38 -3.4e+38 -3.4e+38
25.7024307250977 26.1421966552734 26.4895305633545 27.2428359985352 28.7839527130127 26.0383586883545 25.6178646087646 27.0077438354492 28.4729022979736 28.7549076080322 28.6975440979004 28.4857330322266 27.4455738067627 27.4896278381348 26.0539283752441 25.7432403564453 25.3637008666992 30.0385437011719 29.8294506072998 28.1190319061279 29.1268978118896 30.9251365661621 31.6981105804443 30.7434940338135 30.6129169464111 28.2808475494385 28.8772506713867 31.3825035095215 29.3741416931152 28.7026672363281 31.7687339782715 32.2335510253906 -3.4e+38 -3.4e+38 -3.4e+38 -3.4e+38 -3.4e+38 -3.4e+38 -3.4e+38 -3.4e+38 -3.4e+38 -3.4e+38 -3.4e+38 -3.4e+38 -3.4e+38 -3.4e+38
24.9403820037842 26.5907001495361 26.3678703308105 26.3893909454346 27.7667579650879 30.5316562652588 27.7247848510742 28.4241561889648 28.173360824585 28.3925590515137 29.1926288604736 28.6977214813232 28.2637615203857 28.732307434082 28.1460056304932 28.226978302002 29.3061866760254 29.5021228790283 30.6936111450195 30.5763244628906 28.2779064178467 31.234224319458 28.8311882019043 27.7991752624512 29.5410861968994 29.2564582824707 30.2431964874268 30.0781307220459 32.0603256225586 32.6906280517578 -3.4e+38 -3.4e+38 -3.4e+38 -3.4e+38 -3.4e+38 -3.4e+38 -3.4e+38 -3.4e+38 -3.4e+38 -3.4e+38 -3.4e+38 -3.4e+38 -3.4e+38 -3.4e+38 -3.4e+38 -3.4e+38
24.594331741333 25.4071044921875 25.4270687103271 24.6633281707764 25.2143154144287 26.0590763092041 32.5659523010254 29.2010059356689 28.8800792694092 28.5694751739502 28.7819747924805 29.2143955230713 28.3643646240234 28.7275218963623 28.4263744354248 30.2863388061523 30.2168254852295 30.1059646606445 33.1355285644531 30.9156455993652 29.1967926025391 29.2606334686279 29.2247200012207 28.6558475494385 32.6712226867676 28.4378223419189 29.7540187835693 29.5511741638184 30.3293190002441 29.147144317627 -3.4e+38 -3.4e+38 -3.4e+38 -3.4e+38 -3.4e+38 -3.4e+38 -3.4e+38 -3.4e+38 -3.4e+38 -3.4e+38 -3.4e+38 -3.4e+38 -3.4e+38 -3.4e+38 -3.4e+38 -3.4e+38
24.3534374237061 23.2843914031982 23.0505676269531 22.9405250549316 24.7194137573242 25.3164825439453 26.4807987213135 26.7012538909912 28.4109783172607 28.91432762146 27.5147476196289 27.6985397338867 27.5574150085449 28.0919704437256 28.3313961029053 28.3268184661865 28.5513820648193 30.2606220245361 32.5868225097656 32.2615356445312 30.018970489502 30.2417659759521 30.1342754364014 31.8891143798828 30.2791004180908 29.4769802093506 30.3136978149414 29.6234951019287 28.0439414978027 26.1796207427979 29.2638187408447 30.6685619354248 -3.4e+38 -3.4e+38 -3.4e+38 -3.4e+38 -3.4e+38 -3.4e+38 -3.4e+38 -3.4e+38 -3.4e+38 -3.4e+38 -3.4e+38 -3.4e+38 -3.4e+38 -3.4e+38
24.3810405731201 23.6086349487305 23.2183933258057 22.8824291229248 23.3174953460693 23.7055683135986 25.0829257965088 25.7835121154785 28.000415802002 29.1409454345703 28.3437442779541 28.0622501373291 28.4547443389893 28.8698043823242 29.1688423156738 30.4018001556396 28.5530090332031 30.5073566436768 31.577241897583 30.4487800598145 30.4224510192871 32.8026847839355 30.4922180175781 29.9715995788574 31.3693561553955 29.5925884246826 28.58034324646 28.3952331542969 27.513011932373 28.7682037353516 30.7191638946533 30.4723873138428 29.4254379272461 -3.4e+38 -3.4e+38 -3.4e+38 -3.4e+38 25.7259349822998 31.9150524139404 -3.4e+38 -3.4e+38 -3.4e+38 -3.4e+38 -3.4e+38 -3.4e+38 -3.4e+38
24.7235012054443 24.24485206604 23.2815093994141 22.937219619751 23.4392395019531 23.2109966278076 24.1611366271973 25.3117790222168 26.0510063171387 26.9269351959229 25.5633182525635 28.6661491394043 27.7979145050049 28.6042194366455 29.8316078186035 28.7272243499756 29.4778709411621 32.8996467590332 29.4304046630859 31.2493782043457 30.3811950683594 32.3018112182617 30.9668960571289 30.2368717193604 30.1828880310059 30.2853336334229 30.1720123291016 28.8190994262695 28.3792572021484 31.1953201293945 31.1469020843506 30.3191814422607 29.7579593658447 -3.4e+38 -3.4e+38 -3.4e+38 -3.4e+38 26.8651027679443 30.6951656341553 32.1404151916504 31.7641124725342 31.6736316680908 -3.4e+38 -3.4e+38 -3.4e+38 -3.4e+38
24.6735515594482 23.6394844055176 23.2645149230957 23.2296504974365 22.8331928253174 23.7728538513184 23.6480045318604 24.6451606750488 27.9756088256836 29.3191566467285 27.5216274261475 25.7804851531982 29.2608489990234 25.4090633392334 25.0780563354492 25.775276184082 30.8114757537842 28.946102142334 28.4873657226562 29.6610660552979 29.8186473846436 30.5688037872314 30.3669586181641 29.6459465026855 29.5963516235352 29.7496471405029 30.8661403656006 29.8660659790039 29.0320873260498 29.003999710083 29.7849884033203 26.3283596038818 32.6003494262695 -3.4e+38 -3.4e+38 29.9338111877441 31.6762657165527 30.9168434143066 29.7037811279297 30.8224906921387 30.7228946685791 32.1057281494141 -3.4e+38 -3.4e+38 -3.4e+38 -3.4e+38
23.5053997039795 22.3973731994629 22.4832420349121 23.5519390106201 23.9385318756104 23.6730003356934 23.2917003631592 24.007080078125 30.4090919494629 28.4542427062988 32.6234970092773 25.5761852264404 26.3080978393555 27.5647106170654 25.4043884277344 25.5713500976562 25.805305480957 27.4630851745605 29.2090816497803 28.5978889465332 31.418924331665 28.7377510070801 29.429651260376 29.7703819274902 29.2067623138428 30.304573059082 30.2404308319092 30.552375793457 30.8590183258057 29.5288848876953 29.7714939117432 26.3652782440186 28.4177494049072 -3.4e+38 32.3270874023438 27.760440826416 29.721851348877 -3.4e+38 32.1982345581055 -3.4e+38 31.9437885284424 -3.4e+38 -3.4e+38 -3.4e+38 -3.4e+38 -3.4e+38
24.165584564209 22.611780166626 21.9871559143066 24.3173141479492 24.3428955078125 23.5633316040039 23.2206745147705 23.2586250305176 24.6552467346191 26.3340377807617 26.6503219604492 30.6036167144775 32.222038269043 27.5146903991699 27.1486186981201 28.1034145355225 28.4380722045898 28.6649703979492 28.1752624511719 28.0768814086914 29.613489151001 29.6419563293457 31.1790714263916 31.2074794769287 29.4756202697754 29.2416801452637 30.1809406280518 29.1363830566406 29.4200344085693 29.2651233673096 26.9378623962402 28.2109813690186 32.1728363037109 29.1902751922607 28.2328987121582 30.8993473052979 30.5400791168213 -3.4e+38 -3.4e+38 -3.4e+38 -3.4e+38 -3.4e+38 -3.4e+38 31.7775268554688 -3.4e+38 -3.4e+38
24.7077407836914 24.4986896514893 22.4000110626221 23.8251113891602 22.7066879272461 22.9371681213379 23.8980102539062 23.9432163238525 25.1751480102539 27.5097312927246 26.6283264160156 26.9268188476562 29.2624359130859 33.076847076416 28.4826221466064 28.7244930267334 28.453311920166 27.7410163879395 27.1850337982178 27.0547676086426 32.434871673584 30.0191993713379 32.0334243774414 30.1890926361084 30.3641223907471 28.8481025695801 29.2858924865723 28.203800201416 28.8850765228271 28.8903274536133 27.2361354827881 27.4888248443604 30.5385208129883 30.6678428649902 30.1686153411865 30.5339908599854 30.168399810791 31.8175430297852 30.3929538726807 27.3886489868164 29.7783336639404 29.489803314209 30.6018486022949 29.7395687103271 -3.4e+38 -3.4e+38
25.264799118042 24.5948696136475 24.795352935791 24.969181060791 23.7898635864258 23.2051773071289 23.023868560791 23.3343143463135 25.092601776123 32.3975601196289 26.8609180450439 32.7114753723145 31.4346332550049 28.5173397064209 28.706371307373 26.3254299163818 26.3613700866699 28.8869342803955 27.4360389709473 27.6584014892578 29.6962337493896 31.1709976196289 33.1369934082031 30.8277988433838 32.4308013916016 29.2228698730469 31.9048404693604 30.3186855316162 29.5218238830566 29.1716156005859 28.384183883667 29.4896183013916 31.0461940765381 31.6333618164062 31.8197364807129 29.059196472168 28.7769889831543 30.1773796081543 31.2695541381836 32.0255699157715 31.59592628479 31.6602668762207 29.9943561553955 29.8362312316895 26.1935234069824 -3.4e+38
