inst/extdata/Tmax/Tmax99.asc
NCOLS 100 
NROWS 79 
XLLCORNER 148.06 
YLLCORNER -21.49 
CELLSIZE 0.01 
NODATA_value -3.4e+38 
[rows 20 to 39 of 79, columns 46 to 91 of 100]
34.4783630371094 32.4988746643066 32.7560729980469 34.372859954834 34.0934638977051 33.4723587036133 33.1566314697266 31.8177871704102 33.9415588378906 35.6205215454102 36.8162460327148 36.3127861022949 36.2897453308105 36.9760475158691 36.5987968444824 36.3068923950195 36.6147308349609 37.2301177978516 37.3964691162109 37.3964691162109 37.3364334106445 37.1962623596191 37.5002555847168 37.5815162658691 37.5175704956055 37.4206619262695 37.2971343994141 37.3195304870605 37.2691268920898 36.9088859558105 36.9751510620117 37.2354431152344 37.1182022094727 36.8238945007324 36.8058967590332 36.748119354248 36.6364479064941 36.6091995239258 36.5775566101074 36.5402793884277 36.4474678039551 36.2096328735352 35.5334014892578 35.3293380737305 35.5118560791016 35.5006217956543
34.7985954284668 32.4625091552734 31.1306934356689 33.1229705810547 32.9833946228027 32.3815650939941 33.3819999694824 31.2182579040527 32.674732208252 35.0594444274902 36.5051383972168 35.0290107727051 34.3050956726074 36.3478927612305 35.0373039245605 34.644889831543 35.617374420166 37.0602569580078 37.067253112793 37.5180740356445 37.6313934326172 37.6127967834473 37.3845291137695 37.0116271972656 36.9966621398926 37.0637893676758 37.2289810180664 37.1877250671387 37.0811996459961 36.9854583740234 37.3017959594727 37.3328971862793 37.2636184692383 36.8662033081055 36.9321212768555 36.8658332824707 36.710132598877 36.705135345459 36.6989822387695 36.6909523010254 36.5178413391113 36.3532829284668 36.102466583252 35.8581161499023 35.6968421936035 35.6880340576172
35.4884147644043 34.9521217346191 32.7995376586914 32.0689315795898 31.5349311828613 32.8806915283203 32.2015190124512 32.5049209594727 31.8164615631104 32.9128341674805 35.4739265441895 35.9322166442871 34.229907989502 34.6853637695312 34.3030319213867 34.9438896179199 36.1259956359863 36.5712623596191 35.0882301330566 36.4938774108887 37.3787727355957 37.4415321350098 36.7767868041992 35.8739700317383 36.5220718383789 36.5012092590332 37.131233215332 37.3267707824707 36.99365234375 37.2081565856934 37.3919334411621 37.4207801818848 37.4098281860352 37.321891784668 37.1889305114746 36.978443145752 36.7691802978516 36.6190528869629 36.6889152526855 36.7746429443359 36.6258239746094 36.5228958129883 36.2126007080078 36.0653457641602 35.9150428771973 36.0650100708008
34.737663269043 34.5650177001953 33.8676643371582 32.9624671936035 31.264554977417 32.1452674865723 32.8983001708984 33.1414833068848 32.8673133850098 32.3587913513184 33.930534362793 33.9152374267578 34.9381294250488 33.0634956359863 34.0287818908691 35.7177619934082 35.6925086975098 36.1131553649902 34.6152877807617 36.8941192626953 37.7381477355957 37.6008796691895 36.5729293823242 35.101245880127 36.4439315795898 36.6273536682129 36.7339553833008 37.2286529541016 37.4334182739258 37.4914169311523 37.5113334655762 37.5224494934082 37.4837951660156 37.3722457885742 37.2480125427246 37.0665168762207 36.6042556762695 36.2255783081055 36.3679656982422 36.638988494873 36.5891914367676 36.6265106201172 36.3369407653809 36.2980690002441 36.0279960632324 36.0642433166504
32.4696846008301 34.0258255004883 34.4525413513184 34.1880950927734 33.0136451721191 32.306266784668 32.3143615722656 31.9603271484375 33.0183296203613 32.3977737426758 32.4159088134766 31.8784351348877 34.1232604980469 35.1015930175781 34.1860694885254 35.379222869873 36.2472114562988 36.8911628723145 36.5536117553711 37.6661186218262 37.6735000610352 37.4973602294922 36.7460861206055 35.8318328857422 36.6890907287598 37.0007934570312 36.6677742004395 36.7675552368164 36.8796272277832 37.4127807617188 37.2418174743652 37.5806541442871 37.4344787597656 37.3837013244629 37.2803421020508 36.9043884277344 36.8016700744629 36.178882598877 35.862865447998 36.3504257202148 36.4828758239746 36.5740394592285 36.380313873291 36.4378280639648 36.4996910095215 36.347770690918
30.7287445068359 31.9199848175049 33.5036354064941 33.4258155822754 32.4479446411133 31.5889053344727 31.1336803436279 30.4674816131592 31.9033718109131 32.6580467224121 32.0546836853027 32.3489875793457 34.0026054382324 36.1884231567383 35.626781463623 35.7233924865723 35.9021110534668 37.4264488220215 37.5322532653809 37.5164222717285 37.5121803283691 37.1575622558594 35.7983436584473 35.8594284057617 35.9746627807617 36.6749420166016 36.3763694763184 35.7013053894043 36.3857955932617 37.5171051025391 37.4614715576172 37.5742950439453 37.5232734680176 37.4852409362793 37.3323554992676 37.1617546081543 37.1761169433594 36.524658203125 35.9589958190918 36.3040199279785 35.9587936401367 36.0924186706543 35.7855186462402 36.476936340332 36.5270881652832 36.4676284790039
30.5801773071289 30.4106178283691 31.2820510864258 32.0635185241699 32.8999290466309 30.2608909606934 29.9455909729004 30.9683170318604 31.5934219360352 32.5019760131836 32.5488510131836 33.0609664916992 35.1072006225586 36.1332054138184 36.6894264221191 36.8800430297852 37.0366363525391 37.591495513916 37.1946296691895 37.0105857849121 37.0524406433105 36.5570259094238 36.7617874145508 37.0548934936523 37.0631637573242 36.4026565551758 35.9411506652832 36.9289474487305 37.2061920166016 37.159236907959 36.563304901123 37.2694282531738 37.4349365234375 37.5192756652832 37.50048828125 37.3976593017578 37.0423774719238 36.6776237487793 36.7521896362305 36.4835739135742 36.3414611816406 35.7486801147461 36.2591018676758 36.475887298584 36.350715637207 36.205207824707
30.7949962615967 30.201831817627 30.5866851806641 30.9001903533936 31.5740566253662 29.5827713012695 29.2480201721191 29.771183013916 31.3564796447754 32.2781639099121 31.6776142120361 32.3943252563477 33.4939956665039 34.8653755187988 36.476921081543 36.1188049316406 37.3311882019043 37.6025619506836 36.8347015380859 36.0214347839355 36.7377662658691 36.9468383789062 37.2967796325684 37.5450096130371 37.6618156433105 37.2084884643555 37.2038955688477 37.5867538452148 37.6539649963379 36.8887100219727 36.4135475158691 36.9903602600098 37.1050987243652 37.5454216003418 37.5901412963867 37.5235633850098 37.3547058105469 37.1178779602051 36.6816596984863 35.8479614257812 35.5926971435547 35.4534492492676 35.4860153198242 36.1732711791992 36.1913032531738 36.5741806030273
31.8229274749756 31.3250560760498 32.2531204223633 32.0878562927246 31.6370162963867 29.9828624725342 30.9347381591797 30.642692565918 31.0346870422363 31.7702312469482 31.4550018310547 31.810474395752 31.9939727783203 34.6134223937988 36.0223236083984 35.2362060546875 36.8983383178711 37.2206687927246 36.8827972412109 35.6477546691895 35.9542236328125 37.1488380432129 37.5832366943359 37.7185440063477 37.7404289245605 37.6346282958984 37.6494445800781 37.7706832885742 37.357421875 36.5885887145996 36.4467582702637 37.1533851623535 37.5993881225586 37.6352462768555 37.6221733093262 37.5920829772949 37.5366439819336 37.3831062316895 37.1104354858398 35.8925819396973 35.264087677002 34.3988304138184 35.410213470459 35.3740310668945 36.2865257263184 36.6471252441406
33.7435455322266 33.5837821960449 32.9065361022949 32.8560409545898 32.2490425109863 31.6907291412354 31.3465843200684 30.1638736724854 30.9621047973633 30.3697032928467 29.7983074188232 31.4192085266113 31.8502140045166 34.104606628418 35.2410354614258 34.4061508178711 35.2314834594727 36.1109924316406 36.7309951782227 36.5961494445801 36.1087760925293 37.1670417785645 37.6767959594727 37.4625129699707 37.4338226318359 37.0957832336426 37.5419425964355 37.8030853271484 36.8073081970215 35.8836898803711 36.6032791137695 37.2067260742188 37.5798835754395 37.6623229980469 37.6717910766602 37.6084938049316 37.5791893005371 37.4743156433105 37.2683448791504 36.850643157959 36.1185417175293 35.5738868713379 35.1004676818848 34.8769683837891 35.7668647766113 36.259880065918
32.4148979187012 32.4421310424805 32.5014533996582 32.0936164855957 31.5363426208496 31.8414325714111 30.7746906280518 30.1699638366699 29.5636348724365 29.6903343200684 28.9894542694092 30.1253204345703 30.1359481811523 32.8397789001465 34.0728950500488 32.7150077819824 33.382511138916 35.2062759399414 36.6858901977539 37.2939300537109 36.7752952575684 37.4327812194824 37.6567649841309 37.2227821350098 37.2022094726562 37.3414306640625 37.8396148681641 37.8121795654297 37.2213668823242 36.4989891052246 36.9047164916992 37.1913681030273 37.6476097106934 37.6697425842285 37.6146697998047 37.5766448974609 37.5676002502441 37.4805946350098 37.3961219787598 37.1703109741211 36.8857040405273 36.2852516174316 35.8591194152832 35.7931671142578 36.0021553039551 36.4165573120117
31.5205974578857 31.8618335723877 31.7484588623047 31.7168674468994 30.6515769958496 31.6503601074219 30.4996128082275 28.9980506896973 28.2850742340088 28.7764759063721 28.3933963775635 29.2419090270996 30.221529006958 32.4990653991699 32.8927764892578 32.4739532470703 34.9843635559082 36.0763282775879 36.9111557006836 37.4388046264648 37.7497138977051 37.8015289306641 37.7393951416016 37.6419563293457 37.4035911560059 37.7242736816406 37.8605461120605 37.7352867126465 37.3223915100098 36.6209487915039 36.7210273742676 37.3387489318848 37.5661315917969 37.061336517334 37.4548187255859 37.5720252990723 37.5419273376465 37.4959945678711 37.4351081848145 37.3011703491211 36.968635559082 36.1426811218262 36.4818572998047 36.5041732788086 36.3832626342773 36.2930908203125
30.6923370361328 31.0817203521729 30.9114379882812 31.2631168365479 31.3923206329346 31.4301872253418 30.9881057739258 29.649242401123 29.7846450805664 29.9288692474365 28.7039241790771 28.4786281585693 29.6609840393066 32.4083862304688 33.056941986084 33.6995582580566 33.7903022766113 34.7874069213867 36.8803482055664 37.5314178466797 37.7521896362305 37.6916236877441 37.5285949707031 37.476619720459 37.6465034484863 37.7356491088867 37.7082710266113 37.2813720703125 36.2537155151367 36.4459037780762 36.806339263916 37.6597557067871 37.3648452758789 36.7470321655273 37.4831352233887 37.4034996032715 37.4278450012207 37.4740982055664 37.3562660217285 37.0365905761719 36.3917388916016 35.018424987793 34.7297897338867 35.8302001953125 36.1946334838867 36.4962120056152
31.5058860778809 30.9410419464111 30.766975402832 30.9920978546143 31.1808624267578 31.1069240570068 30.5642375946045 30.1210327148438 30.8502082824707 30.0233898162842 29.8760890960693 29.8818855285645 30.8701629638672 32.2789459228516 32.4913215637207 33.4018211364746 34.5850105285645 35.9118499755859 36.9536056518555 37.4142112731934 37.7919311523438 37.7582473754883 37.216609954834 36.9063491821289 37.1598815917969 37.0099334716797 37.1259803771973 37.3105278015137 37.1920509338379 37.1750717163086 37.5159301757812 37.7969741821289 37.1196937561035 37.0236511230469 37.6408386230469 37.0895385742188 37.2262344360352 37.1703910827637 37.2385330200195 36.9044723510742 35.3609161376953 34.5543022155762 33.9026870727539 35.8103218078613 36.3882026672363 36.1927680969238
32.0161361694336 30.5648021697998 30.5279750823975 30.6866855621338 30.8776473999023 30.7416439056396 30.7778778076172 31.4747371673584 31.0561256408691 30.1433715820312 31.5501918792725 32.130989074707 32.3769149780273 31.6352272033691 31.6838932037354 32.9829216003418 34.5267028808594 36.0777549743652 36.1944046020508 37.0997467041016 37.6181678771973 37.6352462768555 37.1168594360352 36.8566055297852 35.9848213195801 36.615406036377 37.1877250671387 37.3573417663574 37.6159629821777 37.6279029846191 37.8248252868652 37.7513008117676 37.713264465332 37.7415084838867 37.6881790161133 37.4135780334473 36.3899230957031 37.0280914306641 37.221565246582 37.1565322875977 37.0941696166992 35.7349052429199 35.5548133850098 36.9323120117188 37.2112884521484 37.1732139587402
32.0731544494629 30.8764343261719 30.479076385498 30.4104385375977 30.6894798278809 30.4940547943115 31.33251953125 33.3579788208008 32.3143119812012 31.4963779449463 33.7872505187988 34.6149635314941 34.1749038696289 31.8068389892578 32.3245162963867 32.478931427002 34.8174629211426 34.9092407226562 34.7741508483887 35.8408546447754 37.1419105529785 37.3933067321777 37.0402870178223 37.0387916564941 36.9018173217773 36.535327911377 36.6234092712402 36.7896881103516 37.5491142272949 37.5130767822266 37.6084327697754 37.3912773132324 37.6103515625 37.7682952880859 37.4481468200684 37.4156265258789 36.6836738586426 36.8131294250488 37.0974655151367 36.9128189086914 37.3437538146973 37.3346710205078 37.2178764343262 37.2509613037109 37.3559684753418 37.2136688232422
31.7161083221436 30.9357070922852 30.6983470916748 30.9421863555908 30.8824520111084 31.0301876068115 31.5624351501465 34.1745529174805 34.4169998168945 32.8176574707031 35.2123985290527 36.3408660888672 35.5138854980469 34.0873184204102 34.0162544250488 34.7541465759277 35.5596694946289 36.1071701049805 36.4819221496582 36.8375663757324 37.0944557189941 36.7961235046387 35.2931900024414 35.6261901855469 36.232120513916 35.8166275024414 36.0643119812012 37.0150489807129 37.4338455200195 37.6598472595215 36.486988067627 36.4577751159668 37.3525657653809 37.6748428344727 37.1467094421387 37.1661224365234 36.2966651916504 36.8522872924805 37.0633506774902 36.8983192443848 37.3835296630859 37.4643936157227 37.480037689209 37.4660682678223 37.39404296875 37.0490303039551
31.7449150085449 31.2730865478516 31.2403335571289 31.4470920562744 31.703125 31.9038238525391 32.9068565368652 35.0129127502441 34.8912010192871 34.3378868103027 36.0221519470215 37.3242073059082 36.3855819702148 35.0684967041016 34.4457244873047 36.4592056274414 36.8817291259766 37.1278877258301 37.3655242919922 37.4011917114258 36.9418830871582 36.6430931091309 36.7710113525391 36.157642364502 36.5406036376953 37.0689506530762 37.3127975463867 37.4029655456543 37.6374397277832 37.5611572265625 35.7801246643066 36.5712738037109 37.4958267211914 37.4065704345703 36.9321975708008 36.8763198852539 36.697322845459 37.2451705932617 37.268669128418 37.269474029541 37.2255325317383 37.3931732177734 37.4360885620117 37.4372940063477 37.347095489502 37.290843963623
31.6668033599854 31.326602935791 32.0142211914062 32.9620666503906 33.119800567627 33.7207489013672 35.039306640625 35.7853584289551 35.0871887207031 35.5580825805664 37.2333374023438 37.8304328918457 37.2059211730957 36.0330848693848 35.1603889465332 36.393684387207 36.4018096923828 36.751895904541 37.5997695922852 37.8335151672363 37.501049041748 37.1139602661133 37.5020942687988 37.2902679443359 37.1479873657227 37.6750793457031 37.5639266967773 37.4754219055176 37.7649154663086 37.5148124694824 36.8312835693359 37.3434295654297 37.5346221923828 37.194507598877 36.1627006530762 36.109733581543 36.4628829956055 37.2487945556641 36.9242973327637 36.8941764831543 36.9053535461426 37.2121047973633 37.1828155517578 37.2406425476074 37.074161529541 37.2146797180176
31.7183227539062 31.9681816101074 33.3810043334961 34.3055610656738 35.1662521362305 36.3214683532715 37.077564239502 36.2744407653809 34.0239410400391 34.7935409545898 36.5935897827148 37.8681945800781 37.382568359375 37.0035972595215 35.970573425293 37.1154441833496 37.2967109680176 36.5991096496582 37.4957046508789 37.8949775695801 37.8421669006348 37.3440971374512 37.7292861938477 37.8499794006348 37.6795654296875 37.778491973877 37.5723457336426 36.7250289916992 37.6266288757324 37.7836494445801 37.6904563903809 37.5556678771973 37.2008590698242 36.8224220275879 35.891170501709 35.9452438354492 36.771369934082 36.6952514648438 36.5333023071289 36.3239097595215 36.4714622497559 36.7945861816406 36.5767021179199 36.9562187194824 36.4523811340332 36.8661842346191
