inst/extdata/Tmax/Tmax141.asc
NCOLS 100 
NROWS 79 
XLLCORNER 148.06 
YLLCORNER -21.49 
CELLSIZE 0.01 
NODATA_value -3.4e+38 
[rows 40 to 59 of 79, columns 46 to 91 of 100]
34.5621528625488 35.3531646728516 35.7707252502441 36.6686248779297 38.276725769043 39.2432518005371 38.7812156677246 36.8468780517578 36.4848251342773 37.1969947814941 37.7287673950195 39.5487403869629 39.1728515625 39.4163017272949 38.5731811523438 39.625373840332 39.8394088745117 39.5626525878906 39.686653137207 39.8106384277344 39.8256988525391 38.8941116333008 39.3193969726562 39.6698303222656 39.7828330993652 39.8458557128906 39.7658843994141 39.3986625671387 39.6088333129883 39.8275756835938 39.7886657714844 39.6553688049316 39.346508026123 38.0780601501465 38.3831062316895 39.088680267334 39.0149993896484 38.93896484375 39.2044219970703 38.6594696044922 37.9059143066406 38.4209136962891 38.7674026489258 38.5773315429688 38.869987487793 38.9151382446289
35.7083282470703 36.9022216796875 36.8085823059082 36.75537109375 38.3132553100586 39.5214614868164 38.3752861022949 37.9851493835449 38.6141319274902 38.7179985046387 39.0943298339844 39.8340492248535 39.7339973449707 39.7695388793945 39.6368522644043 39.9596633911133 40.0195617675781 39.9708938598633 39.9460525512695 39.9869689941406 39.9688606262207 39.4639625549316 38.7695465087891 39.1562004089355 39.096508026123 39.6010055541992 39.9311103820801 39.4732284545898 39.4800109863281 39.8915634155273 39.9226722717285 39.8598136901855 39.7100715637207 39.1138877868652 39.3780250549316 39.4200973510742 39.2239265441895 39.2361717224121 39.3588256835938 39.5023078918457 38.5253295898438 38.7776184082031 39.4182815551758 39.2391204833984 39.3921661376953 39.3303527832031
38.1548881530762 38.3201370239258 38.4869956970215 38.9433708190918 39.2506408691406 39.7176742553711 39.300407409668 38.7682762145996 39.3160362243652 39.7473297119141 39.6614685058594 40.0028228759766 40.0559234619141 39.9931831359863 39.9833564758301 40.0718154907227 40.1018218994141 40.0965042114258 40.082878112793 40.0905990600586 40.0008277893066 39.0811195373535 38.8977355957031 39.4246635437012 38.9181251525879 39.3781127929688 39.8416595458984 39.7604942321777 39.7204856872559 39.9900932312012 40.0083656311035 40.0191688537598 39.9954795837402 39.8979949951172 39.8151359558105 39.4850540161133 38.574031829834 39.198917388916 39.7515182495117 39.7613067626953 39.6302719116211 39.5876312255859 39.7204360961914 39.769905090332 39.8245239257812 39.7664489746094
39.3771743774414 39.3833198547363 39.4957962036133 39.6213455200195 39.8312149047852 39.9049530029297 39.8358001708984 39.6131286621094 39.806713104248 40.0472564697266 40.047306060791 40.1157836914062 40.1115570068359 40.0914993286133 40.1294212341309 40.1028442382812 40.0551109313965 40.0488243103027 40.0990829467773 40.1465644836426 40.1016426086426 39.8827247619629 39.6470108032227 39.8401718139648 39.7233467102051 39.2770118713379 39.5846099853516 39.8721542358398 40.0411834716797 40.0782928466797 40.0698928833008 40.0779190063477 40.063793182373 40.0373954772949 40.0456161499023 39.897575378418 39.4338226318359 39.7608108520508 39.9536781311035 39.9517822265625 39.9145660400391 39.9262924194336 39.9264068603516 39.9565925598145 39.9761505126953 39.9402236938477
39.2045822143555 39.4526710510254 39.6911315917969 39.6849708557129 39.7241744995117 39.8139305114746 39.8833618164062 39.9707107543945 40.0159072875977 39.9747734069824 39.761962890625 39.890323638916 39.8299522399902 39.5818939208984 39.7851142883301 39.9220542907715 39.8251342773438 39.9548835754395 40.0662727355957 40.1312255859375 40.1434288024902 40.0315246582031 39.7339515686035 39.4920120239258 39.7358169555664 39.9086112976074 39.9722290039062 40.0299797058105 40.0523872375488 40.0992317199707 40.0768051147461 40.081413269043 40.0528450012207 40.0268402099609 40.0681266784668 40.0067443847656 39.9997062683105 40.0084037780762 39.9655609130859 39.9797477722168 39.9519958496094 39.9527587890625 39.969612121582 39.9704780578613 39.8919639587402 39.9144859313965
37.4004592895508 38.1868629455566 38.599609375 38.8017730712891 39.1518287658691 39.4420280456543 39.3760643005371 39.5831451416016 39.5974426269531 39.4466247558594 38.654613494873 38.6873550415039 38.7857437133789 37.2600593566895 38.268424987793 39.0649528503418 39.6446571350098 39.9997749328613 40.1059265136719 40.1452026367188 40.1497383117676 39.9900550842285 39.5673408508301 39.2105751037598 39.501895904541 39.7680778503418 39.9139060974121 39.9157867431641 39.995532989502 40.0808181762695 40.0774726867676 40.088809967041 40.0823669433594 40.0864944458008 40.0671272277832 39.9669456481934 39.9696807861328 39.9754829406738 39.9601860046387 39.9657211303711 39.9325103759766 39.9376792907715 39.9415245056152 39.9052925109863 39.9129791259766 39.9319953918457
35.0487022399902 36.2251052856445 36.1172332763672 36.0776290893555 37.4430770874023 37.9532852172852 38.0635452270508 38.3146553039551 38.7527542114258 38.1274681091309 37.424430847168 36.8292694091797 37.5343322753906 37.4183502197266 37.8988075256348 39.0992813110352 39.818717956543 40.0271682739258 40.0762176513672 40.0710296630859 40.1158561706543 40.1475524902344 39.7398300170898 39.4016761779785 39.3036842346191 39.5802764892578 39.8074417114258 39.9365768432617 40.0528717041016 40.0851020812988 40.0979652404785 40.1195945739746 40.1235198974609 40.1059684753418 40.0389556884766 39.9749526977539 39.9832496643066 39.9923324584961 39.9914054870605 39.9904174804688 39.9565773010254 39.9661293029785 39.9768714904785 39.9585571289062 39.9655838012695 39.8526191711426
35.1586112976074 35.0946502685547 34.9246864318848 34.9849815368652 34.9292182922363 35.561695098877 36.8440856933594 37.5097961425781 37.6832962036133 37.5445785522461 38.0500183105469 37.881893157959 37.7317504882812 38.3536491394043 38.6760063171387 39.5778160095215 39.8547554016113 39.8982467651367 39.8499603271484 39.9883995056152 40.1060256958008 40.173755645752 40.0447463989258 39.7483825683594 39.3410949707031 39.6139717102051 39.8254928588867 40.003791809082 40.0882720947266 40.1385498046875 40.1421203613281 40.1383247375488 40.0867156982422 40.0256729125977 39.9778213500977 39.9486312866211 39.9748077392578 40.003833770752 40.0082626342773 40.0083084106445 39.9885520935059 40.0048942565918 40.0123481750488 40.0053863525391 39.822681427002 39.6042861938477
34.8422317504883 34.9250450134277 35.1143188476562 34.8657493591309 34.7812767028809 34.8443031311035 35.5789642333984 37.2540168762207 37.7909202575684 37.9582290649414 37.7626609802246 37.9444885253906 38.2543258666992 38.5737113952637 38.6512145996094 39.2017784118652 39.6074447631836 39.6227912902832 39.6315994262695 39.953369140625 40.0589447021484 40.0932159423828 40.1930046081543 40.1243591308594 40.0234451293945 39.9877815246582 40.0897521972656 40.1711158752441 40.1917457580566 40.2076301574707 40.1736526489258 40.1217994689941 40.0519180297852 39.935920715332 39.9094314575195 39.9632949829102 39.9877738952637 40.0208168029785 40.0523071289062 40.0529365539551 40.0491561889648 40.062873840332 40.062744140625 40.0641021728516 39.9255676269531 39.786792755127
34.913387298584 35.0603981018066 35.0784873962402 34.7912101745605 35.2126121520996 35.957202911377 36.0677223205566 37.3481788635254 37.8243560791016 38.0215835571289 37.8087387084961 38.2816734313965 38.5629272460938 38.584545135498 38.6958961486816 38.5902328491211 38.7087173461914 38.9667625427246 39.3665504455566 39.7447471618652 39.8421783447266 39.876106262207 40.135124206543 40.198314666748 40.2298545837402 40.2053146362305 40.1938247680664 40.0384101867676 40.1151962280273 40.1972541809082 40.1526336669922 40.0545043945312 40.0257911682129 39.8460731506348 39.7956504821777 39.9737205505371 39.9906578063965 39.9897232055664 40.0651550292969 40.0881118774414 40.0669631958008 40.0884246826172 40.0901794433594 40.0773048400879 40.0205116271973 39.9451065063477
34.9509582519531 34.8439140319824 35.0308380126953 34.7773246765137 35.337718963623 36.3808212280273 36.7412185668945 37.3352813720703 38.0469284057617 38.4933700561523 38.4882392883301 38.6043701171875 38.671875 38.7067985534668 38.7127532958984 38.6575202941895 38.7446937561035 38.4831848144531 38.1372222900391 39.3380584716797 39.2196846008301 39.6879005432129 40.041561126709 40.1185264587402 40.1852836608887 40.1667785644531 40.1089477539062 39.9032440185547 40.0677299499512 40.185718536377 40.0153656005859 39.8644790649414 39.8959846496582 39.8917388916016 39.9401626586914 40.0197639465332 40.0434455871582 40.0455780029297 40.0606880187988 40.1118965148926 40.1076240539551 40.1066589355469 40.0982818603516 40.0810089111328 40.0563163757324 39.9624176025391
34.5776405334473 34.55078125 34.8821067810059 34.3274536132812 34.4562377929688 36.2694091796875 37.0619277954102 37.7051696777344 38.0452919006348 38.3267211914062 38.366024017334 38.3669662475586 38.1630592346191 38.1595230102539 38.4243011474609 38.5575790405273 38.9257850646973 38.8682174682617 38.6939659118652 38.75634765625 38.5897026062012 39.4294319152832 39.8647651672363 40.0593757629395 40.0840301513672 40.0973739624023 39.7588539123535 39.3994331359863 40.0294990539551 40.1786651611328 39.8945999145508 39.6074142456055 39.8790664672852 39.9452667236328 39.9920921325684 39.9592323303223 39.9732398986816 39.9940528869629 40.0332489013672 40.0395431518555 40.0478286743164 40.0967407226562 40.1000213623047 40.0856895446777 40.0648498535156 39.9910354614258
34.2610168457031 34.1294822692871 34.5391273498535 34.4280548095703 34.5016899108887 35.3557891845703 36.358097076416 37.038013458252 37.5306434631348 37.8972969055176 37.8219871520996 37.7459106445312 37.8075752258301 38.0919647216797 38.832275390625 38.9276237487793 39.1386642456055 39.0566940307617 38.9900741577148 38.8332748413086 38.5775566101074 39.2911911010742 39.7704887390137 39.9850311279297 39.9400367736816 40.0324172973633 39.6575546264648 38.715389251709 39.7647514343262 40.1463241577148 39.8672180175781 39.644962310791 39.866283416748 39.8234443664551 39.7713890075684 39.7993469238281 39.8673782348633 39.8208312988281 39.7580223083496 39.7588157653809 39.8718490600586 39.9802360534668 40.0839233398438 40.0819969177246 40.0647277832031 40.0139007568359
35.2605247497559 34.3472137451172 34.4398345947266 34.7899398803711 35.1195869445801 36.0934448242188 36.1677055358887 36.9857215881348 37.8044624328613 38.1414642333984 38.4765930175781 38.5794143676758 38.7098350524902 38.9322853088379 39.1166381835938 39.1381912231445 39.1007461547852 39.1976623535156 39.1811981201172 38.9561462402344 38.7441062927246 38.7957878112793 39.3670539855957 39.6230125427246 39.5647621154785 40.0013999938965 39.9118957519531 39.2694129943848 39.8444213867188 40.1334190368652 39.8998069763184 39.7326049804688 39.6638832092285 39.3382263183594 39.5519714355469 39.4891166687012 39.5160713195801 39.1014823913574 39.2252960205078 38.1760902404785 39.5914916992188 39.8696327209473 40.0670394897461 40.0912895202637 40.0799522399902 40.0303382873535
35.8891792297363 34.9969711303711 34.5253295898438 35.2327117919922 35.8023071289062 36.5594139099121 36.640064239502 37.1336898803711 37.9166564941406 38.3432197570801 38.3704605102539 38.3838119506836 38.7982368469238 38.9674873352051 39.073917388916 39.0356903076172 39.2394027709961 39.394416809082 39.3822631835938 39.1408615112305 38.9610443115234 38.8996353149414 39.0581855773926 39.0902862548828 39.0826530456543 39.7929306030273 39.994930267334 39.7120552062988 39.4235343933105 39.9928741455078 39.5172386169434 38.6991958618164 39.3633995056152 39.5500030517578 39.867488861084 39.8712158203125 39.8461799621582 39.8289947509766 39.6166725158691 38.6045684814453 39.4538650512695 39.808219909668 40.0010223388672 40.0642738342285 40.0745811462402 40.02880859375
35.9429702758789 35.1589279174805 34.6517066955566 35.7968215942383 36.8343696594238 37.2686653137207 38.0380325317383 38.2758369445801 38.488452911377 38.5996208190918 38.3856887817383 38.3397331237793 38.9053726196289 38.9929466247559 38.9997215270996 39.0511169433594 39.1622161865234 39.1465759277344 39.7066192626953 39.4721832275391 39.1758308410645 39.0428466796875 39.0384674072266 38.8911170959473 38.922737121582 39.5789985656738 39.9583625793457 39.8798446655273 39.7458724975586 40.082633972168 39.3613090515137 38.2339973449707 38.7815856933594 39.5145835876465 39.5692024230957 39.1639747619629 39.2432098388672 39.8139991760254 39.9524002075195 39.9281921386719 39.9619293212891 39.9687614440918 39.9983329772949 40.0129318237305 40.0533561706543 40.0299758911133
35.824520111084 34.953929901123 34.5272674560547 35.6093482971191 36.9342269897461 37.2879638671875 36.6816520690918 38.0794944763184 38.0223846435547 37.4475479125977 38.413272857666 38.6271858215332 38.647087097168 38.7054138183594 38.7201728820801 38.9154968261719 39.0443801879883 39.1559295654297 39.6556396484375 39.7998123168945 39.586742401123 39.2841300964355 39.1261367797852 39.0645332336426 38.8342399597168 39.3286628723145 39.8264274597168 39.8594551086426 40.0715789794922 40.1531791687012 39.6082725524902 37.7810935974121 38.4944229125977 37.9895782470703 38.3784255981445 37.6282005310059 38.6547164916992 39.7658081054688 39.9020195007324 39.9819641113281 39.9928665161133 39.9212951660156 39.8253707885742 39.9517288208008 39.9934730529785 39.9880905151367
35.8102645874023 35.1353302001953 35.1848068237305 35.6366806030273 36.5787353515625 37.0053749084473 37.4523696899414 37.6942253112793 36.3371620178223 36.2397079467773 37.8281898498535 36.7965965270996 37.1769027709961 37.6350173950195 38.3756561279297 38.8314437866211 38.9841537475586 39.2012252807617 39.5446853637695 39.6799392700195 39.7320365905762 39.4984512329102 39.1759910583496 39.2687530517578 39.157527923584 39.4041519165039 39.4201278686523 39.2633628845215 39.8515090942383 40.060359954834 39.8090171813965 39.0841636657715 37.5689125061035 35.4586601257324 35.6710548400879 37.4931945800781 39.0512199401855 39.7107429504395 39.842155456543 39.7979202270508 39.793872833252 39.5726013183594 39.4605674743652 39.8604202270508 39.608757019043 39.6633377075195
35.8043556213379 35.4762306213379 35.2884674072266 35.5580787658691 36.1403579711914 36.972713470459 37.1427040100098 36.6988716125488 36.1935119628906 37.0846328735352 37.5713272094727 36.5271415710449 36.8646583557129 37.3074913024902 38.2887916564941 38.6829490661621 38.9831466674805 39.4236145019531 39.8328132629395 39.6514892578125 39.4917068481445 39.8202934265137 39.570686340332 39.3945693969727 39.2446060180664 39.2408256530762 39.3446464538574 39.2589950561523 39.6208839416504 39.9872093200684 40.0151214599609 39.4885520935059 38.746654510498 36.9981994628906 36.3599700927734 37.5499839782715 39.0404663085938 39.6432495117188 39.7212371826172 39.2499542236328 39.5179786682129 39.7194290161133 39.5177688598633 39.5982475280762 39.2743225097656 39.5327377319336
35.5060195922852 35.3103446960449 34.8805160522461 35.1757888793945 35.8519859313965 35.9963150024414 36.4458770751953 36.7894401550293 37.0896492004395 37.1935272216797 37.529613494873 37.7472991943359 38.4234046936035 38.5097160339355 38.6540412902832 38.1626205444336 39.132007598877 39.5038299560547 39.7074317932129 39.4165573120117 39.5030632019043 39.7041664123535 39.8261375427246 39.7812042236328 39.4972648620605 39.4240226745605 39.0652809143066 39.2524719238281 39.6855087280273 39.7898826599121 39.9346046447754 39.9820938110352 39.415714263916 38.7243843078613 37.7751083374023 37.4632530212402 38.7055053710938 39.5357551574707 39.033260345459 38.4848022460938 39.4448204040527 39.7214317321777 39.4446678161621 38.6428375244141 39.0305595397949 39.5641822814941
