inst/extdata/Tmax/Tmax19.asc
NCOLS 100 
NROWS 79 
XLLCORNER 148.06 
YLLCORNER -21.49 
CELLSIZE 0.01 
NODATA_value -3.4e+38 
[rows 0 to 19 of 79, columns 0 to 45 of 100]
33.799427032470703 33.9044570922852 33.2299537658691 34.2169380187988 34.2312545776367 34.5072860717773 34.507438659668 34.2350921630859 33.9951400756836 34.1559028625488 33.7418975830078 33.7467765808105 33.7599334716797 32.6828956604004 33.1159782409668 33.4714622497559 33.674991607666 33.7233200073242 32.3803329467773 31.8204021453857 30.9197540283203 29.5586395263672 30.0473232269287 31.4093570709229 32.0205879211426 32.6426277160645 32.2360687255859 32.2028121948242 32.4664649963379 32.088020324707 30.0437507629395 28.1249828338623 26.1825466156006 26.3271598815918 25.0802917480469 23.7575721740723 23.3300228118896 23.0172138214111 23.6998252868652 25.6213817596436 27.2737693786621 27.5741233825684 28.0717334747314 33.5753059387207 33.1605186462402 32.1173782348633
34.4365615844727 33.4266204833984 32.0583877563477 32.7634582519531 32.7679672241211 33.7789001464844 34.2200965881348 34.3686790466309 34.9206047058105 35.0166091918945 34.4475898742676 33.4998817443848 34.127498626709 33.104808807373 33.3876075744629 33.0596160888672 33.8640670776367 33.6669502258301 32.9047164916992 31.9949188232422 32.2121505737305 31.4071445465088 31.1452159881592 31.57102394104 32.0233039855957 32.5266189575195 32.909351348877 32.8780937194824 32.561653137207 32.1222496032715 31.0327739715576 29.101957321167 26.9024353027344 29.1945667266846 25.9614543914795 24.6385517120361 24.0312404632568 24.9895534515381 26.1098499298096 26.901575088501 28.1620006561279 28.1337108612061 31.298770904541 32.091121673584 32.7024040222168 31.5613288879395
34.2509117126465 33.3249969482422 33.3478546142578 33.8961791992188 33.2830276489258 33.6346626281738 34.0391044616699 34.5232315063477 34.9176330566406 35.0081443786621 34.5159530639648 33.7828369140625 34.0996971130371 33.6682319641113 33.1168327331543 33.1546363830566 33.2448921203613 33.5351524353027 32.7495155334473 32.2584037780762 31.7526397705078 32.0317344665527 31.5385208129883 31.8344345092773 32.6531600952148 32.8277816772461 32.8295631408691 32.8080825805664 33.0090522766113 32.4622421264648 32.7113304138184 31.3313903808594 32.3600234985352 29.23215675354 31.2047500610352 25.2760906219482 24.2761268615723 23.9741916656494 25.1180019378662 26.2271499633789 27.7956104278564 33.8858909606934 33.7477416992188 30.3437538146973 30.1872367858887 32.7335510253906
34.7692718505859 34.580638885498 33.6545562744141 34.6705360412598 33.9349632263184 33.4421424865723 34.0263175964355 34.4330825805664 34.7368049621582 34.9261016845703 34.7230987548828 34.2039756774902 34.1105155944824 34.1272277832031 33.792594909668 33.7339820861816 33.8480453491211 33.4133987426758 33.2238388061523 32.2481346130371 31.9994449615479 31.7441711425781 31.848087310791 31.870698928833 32.4866600036621 32.7077980041504 32.6642951965332 32.6574516296387 32.3450660705566 31.5617427825928 31.7384929656982 32.8052101135254 31.4925403594971 29.3781776428223 25.4594573974609 24.5375823974609 24.7393474578857 24.1715183258057 24.1320400238037 23.659610748291 25.2831993103027 27.4507942199707 30.8415298461914 34.3571510314941 28.5426769256592 28.6059036254883
35.3973731994629 34.6516494750977 34.5146865844727 35.023998260498 34.6489067077637 34.2094535827637 33.6043930053711 34.5253372192383 35.3478584289551 34.6572608947754 34.8491973876953 34.5304260253906 34.4758758544922 34.3553848266602 33.9071769714355 33.5614738464355 33.567569732666 33.0393218994141 32.3708457946777 31.6133651733398 31.643497467041 32.1296463012695 32.1584396362305 32.3871765136719 32.102123260498 32.045711517334 33.2295684814453 32.4833183288574 32.3552665710449 32.5673141479492 31.9359111785889 32.1367073059082 31.3835506439209 30.4986248016357 31.0279788970947 26.1261138916016 25.6388072967529 25.1420402526855 23.806999206543 23.7254810333252 23.5725841522217 27.067253112793 30.1066989898682 32.0710868835449 28.0183925628662 27.2332382202148
35.8943405151367 35.296932220459 34.6180152893066 34.9173698425293 35.110767364502 34.5764083862305 34.5587158203125 34.7795867919922 34.9590187072754 34.7906875610352 34.6766777038574 35.0852890014648 34.6347579956055 34.1649322509766 33.2838592529297 33.557689666748 33.4928359985352 32.7358932495117 32.0469169616699 31.4756832122803 31.5323791503906 32.1937828063965 32.2824821472168 32.2156639099121 32.9864387512207 32.6021499633789 32.7320098876953 31.7577533721924 31.5843868255615 30.9571781158447 30.0816287994385 31.0766277313232 31.751220703125 30.8936004638672 30.4774341583252 30.8054695129395 26.2434215545654 25.6902885437012 25.1781673431396 24.632942199707 23.7913303375244 26.1441459655762 31.1441917419434 30.0967826843262 28.2465190887451 25.6803760528564
34.9173736572266 35.5209884643555 35.425609588623 35.7267837524414 35.212474822998 34.9004783630371 34.0337867736816 34.3269500732422 34.8995513916016 35.078857421875 35.3264198303223 35.3435173034668 34.3567543029785 33.825855255127 33.7515869140625 33.7900352478027 33.2986106872559 32.5934219360352 32.1194343566895 31.5991706848145 31.0194244384766 31.7024307250977 32.1760139465332 32.4259719848633 32.7270927429199 33.0930252075195 32.9984169006348 32.1578750610352 31.9589786529541 30.2187976837158 29.3596534729004 28.5497798919678 29.78684425354 30.5962009429932 30.480920791626 30.0522174835205 26.5733203887939 24.8777465820312 24.9890575408936 24.8486671447754 24.7951717376709 26.4420108795166 31.9847831726074 33.0347900390625 28.481372833252 31.3605804443359
35.5645942687988 35.0371017456055 35.8102378845215 35.9404296875 35.3219757080078 35.0915794372559 34.1176643371582 34.2397651672363 34.7807502746582 34.9483489990234 34.8939094543457 34.7254447937012 33.9888801574707 34.4828071594238 34.3409538269043 33.1364059448242 32.8285598754883 32.0942573547363 32.5862236022949 31.4114322662354 30.4320087432861 31.0284194946289 31.5280075073242 32.5221748352051 32.7865753173828 33.0586547851562 32.8454818725586 31.9195976257324 31.5248718261719 31.0531349182129 28.9547538757324 28.5190315246582 29.2518424987793 29.0514869689941 29.5956115722656 29.879997253418 25.8631000518799 24.9802780151367 24.5654354095459 25.0229549407959 25.1697826385498 26.2333869934082 27.2363834381104 28.2699546813965 28.3668651580811 26.3281860351562
34.836597442627 35.4493827819824 35.1090965270996 35.2742729187012 35.2022285461426 35.1839561462402 34.7992057800293 34.0801887512207 34.4593849182129 34.8546981811523 34.987964630127 35.4070205688477 35.6455001831055 34.5215797424316 34.147274017334 32.9164886474609 32.7219734191895 32.646354675293 32.8715476989746 31.5979652404785 31.6009864807129 31.2209548950195 31.5600852966309 32.416316986084 32.8843040466309 33.1685905456543 32.2487945556641 30.6801204681396 31.1392555236816 30.9952125549316 29.9623794555664 28.9943943023682 28.6738471984863 28.0377464294434 30.6303119659424 28.6121463775635 29.4817218780518 29.7686386108398 24.7155494689941 24.5501327514648 24.6320190429688 24.8236618041992 25.3302268981934 26.8776340484619 27.4823474884033 26.2395133972168
34.2209510803223 35.1049766540527 35.3135452270508 35.7999153137207 35.1790618896484 35.2709693908691 34.8311996459961 34.3770179748535 34.579891204834 34.4979629516602 34.9138832092285 34.9959754943848 33.9873390197754 33.9020080566406 33.8701438903809 33.636417388916 33.4781303405762 33.1917266845703 32.6769714355469 32.5349388122559 32.5485916137695 31.710916519165 32.1155014038086 32.891429901123 33.5916976928711 33.4948234558105 32.4069747924805 31.8427925109863 31.1142158508301 29.9924869537354 29.1460304260254 28.7646617889404 28.873836517334 29.5265636444092 29.93674659729 28.2521228790283 25.2549743652344 28.6055088043213 25.273286819458 24.2845115661621 24.2772445678711 23.9123878479004 24.5489387512207 25.6169242858887 25.6647510528564 25.3976650238037
34.5632667541504 35.5522727966309 35.3938217163086 34.8853530883789 35.6342163085938 35.8062591552734 35.2595443725586 34.7201232910156 34.8104667663574 34.7791633605957 35.1128883361816 34.5849342346191 34.345287322998 33.2656135559082 33.4162254333496 33.4345779418945 33.3810806274414 33.5179672241211 33.1313667297363 33.105339050293 32.001407623291 31.9497680664062 31.7877292633057 32.6522064208984 32.9279975891113 33.7672348022461 32.1650238037109 30.3511772155762 29.6210765838623 29.4375057220459 29.0345897674561 29.4871997833252 30.2123870849609 30.1463642120361 29.5949363708496 27.8155689239502 25.4111957550049 25.0859298706055 25.0806713104248 24.2755908966064 24.3798599243164 23.9149990081787 23.7706050872803 24.5496234893799 25.0378761291504 25.3667488098145
35.0579872131348 34.4762001037598 35.0489234924316 35.1893882751465 35.268985748291 36.2156524658203 35.5348625183105 34.8304977416992 34.6459770202637 34.8952827453613 34.606029510498 35.1058578491211 34.7790145874023 34.2651023864746 34.0397186279297 33.8163108825684 34.0236053466797 33.8270263671875 33.6239280700684 32.9715042114258 32.1902275085449 31.7631378173828 32.2218017578125 32.1867790222168 32.0307121276855 32.607738494873 31.1183834075928 30.3769016265869 29.8324851989746 30.1002235412598 30.3920059204102 30.3750514984131 30.3334579467773 29.8326568603516 29.7474117279053 28.6805839538574 29.4535503387451 24.4468746185303 25.0844898223877 25.3349456787109 25.1134605407715 24.7808685302734 23.8988246917725 24.6673545837402 24.9423274993896 25.0330219268799
35.1651840209961 35.2319488525391 35.2179794311523 35.9308700561523 35.8142890930176 35.8942947387695 35.2468452453613 34.5707168579102 34.9039764404297 35.8594245910645 34.884895324707 35.2428131103516 34.5870018005371 35.0732727050781 34.6174125671387 34.316349029541 34.8129348754883 34.2954635620117 34.0443916320801 32.8076171875 32.611988067627 33.0162544250488 33.067699432373 33.5001258850098 33.3704719543457 32.8680801391602 32.5009384155273 31.7111282348633 30.9106349945068 30.6036128997803 31.4504070281982 31.1660804748535 31.0104885101318 30.5222549438477 29.1793899536133 28.4453945159912 27.2917785644531 28.6934280395508 27.6099510192871 25.9392509460449 24.4326667785645 24.1904602050781 23.7679557800293 23.5055484771729 25.2445220947266 25.6068115234375
35.8035316467285 36.0113716125488 34.7150344848633 35.2102165222168 34.7979354858398 34.8243598937988 35.577995300293 35.0224113464355 35.2475433349609 35.1902236938477 35.1522941589355 34.9862937927246 34.6350860595703 34.1935005187988 34.5398101806641 34.1621170043945 34.5480155944824 34.2756042480469 34.0968246459961 33.4541664123535 33.6691055297852 33.7404632568359 33.4976654052734 33.6217803955078 32.901065826416 31.2521820068359 30.8559703826904 30.8223857879639 30.1338653564453 30.5492115020752 31.4389514923096 31.2368297576904 30.7664184570312 30.0027141571045 29.3425731658936 30.9016246795654 29.4240760803223 25.7215461730957 29.8701915740967 31.2364368438721 30.4583377838135 25.877103805542 24.9574871063232 24.7593574523926 25.3521347045898 26.1960353851318
34.3541717529297 34.520824432373 35.0092353820801 35.4283676147461 35.1955528259277 35.0191040039062 35.0359497070312 35.7469825744629 34.7263450622559 34.5020065307617 34.561107635498 34.3563079833984 33.7811393737793 33.7015571594238 33.9999504089355 33.5206604003906 34.3099822998047 34.3559684753418 34.201286315918 34.3069725036621 34.0396156311035 33.4160614013672 32.7049980163574 32.8093147277832 32.7035980224609 32.5521049499512 32.2702102661133 31.71120262146 31.1690559387207 31.859130859375 31.2174015045166 31.5714340209961 31.3894920349121 31.4444789886475 31.0712833404541 29.6590251922607 30.3698329925537 29.8935241699219 29.6919479370117 31.1663074493408 30.9062976837158 30.9649696350098 25.8339195251465 24.9601173400879 25.4431381225586 26.455940246582
32.8341789245605 34.2525978088379 35.147533416748 34.8535957336426 35.5656318664551 35.533016204834 35.3239974975586 34.9159164428711 35.509880065918 35.0384941101074 33.6168403625488 34.3365592956543 33.2475318908691 32.4558372497559 33.5026512145996 33.3776817321777 32.838005065918 33.4617881774902 34.2414665222168 33.9915428161621 33.8545265197754 33.6612358093262 33.5754508972168 33.5604972839355 33.235424041748 32.8803939819336 33.0870704650879 32.6475982666016 32.4791603088379 32.1650619506836 31.9443988800049 31.3029270172119 31.2965145111084 31.7889194488525 31.6266899108887 31.5145111083984 31.9326057434082 30.2786045074463 31.5848236083984 32.1347045898438 31.4497852325439 29.9655876159668 25.0125217437744 24.0506858825684 24.7022094726562 25.6362628936768
34.0041961669922 32.923282623291 34.2883605957031 35.2996292114258 34.3246574401855 34.309326171875 35.4917945861816 34.7875328063965 34.7312393188477 35.0708198547363 34.0198440551758 33.9951705932617 32.825439453125 32.2345504760742 33.1230430603027 32.1264915466309 32.0185775756836 33.0316886901855 33.068904876709 33.3178329467773 33.8425140380859 33.7901382446289 33.2648620605469 33.311149597168 32.6354942321777 32.0624389648438 31.4853477478027 31.8819942474365 32.4802703857422 31.4601364135742 31.1115074157715 30.4717636108398 30.7999134063721 31.6234130859375 31.8622989654541 31.6100902557373 32.1443977355957 32.1652030944824 31.6720733642578 31.1580982208252 31.3911781311035 29.779899597168 28.5556411743164 25.5570850372314 25.0544490814209 25.8870029449463
34.3871231079102 34.2487831115723 34.3051872253418 35.4770050048828 34.7574005126953 35.170352935791 35.7201690673828 35.7586135864258 36.0164527893066 35.7613754272461 35.4459457397461 35.0001907348633 33.054744720459 32.4453582763672 32.8662643432617 32.3366012573242 32.040470123291 31.8977527618408 31.2111759185791 32.4514961242676 33.3117637634277 34.0973701477051 34.3533401489258 33.755126953125 32.4431648254395 30.9236011505127 30.1458511352539 30.8494300842285 31.8189792633057 31.3475379943848 31.1430053710938 31.9924907684326 31.8961486816406 31.8762683868408 32.5587921142578 31.6663398742676 31.2308712005615 31.1942272186279 31.7547931671143 31.8001174926758 32.2039604187012 31.811466217041 30.6635818481445 30.175479888916 27.375804901123 26.9500865936279
35.4087257385254 34.1831283569336 33.7739906311035 34.3574523925781 34.5141754150391 35.12646484375 35.9541282653809 35.1819343566895 36.0866203308105 35.7379302978516 34.4695854187012 34.7184600830078 33.771053314209 31.0055980682373 31.3881511688232 30.6635112762451 31.0944976806641 30.4790496826172 31.621696472168 32.6793479919434 33.8783798217773 33.6650428771973 34.2076797485352 34.1417808532715 32.8193588256836 31.5247058868408 30.0465621948242 30.5384712219238 32.1080017089844 31.3007545471191 31.6399993896484 32.3892250061035 33.2270202636719 33.2101745605469 32.4031219482422 32.0297355651855 31.5075531005859 31.558910369873 32.2871551513672 32.2613182067871 32.3341217041016 32.2294921875 31.9209518432617 31.7426357269287 29.9797840118408 26.9086685180664
34.2898139953613 34.3248062133789 34.7074546813965 34.3914985656738 35.0917854309082 34.9945983886719 35.9257049560547 35.9180755615234 34.8942909240723 35.2312316894531 35.6021118164062 34.8257141113281 33.8545455932617 30.6444816589355 31.1471080780029 31.2599239349365 30.8158664703369 31.167236328125 31.2062606811523 32.3858947753906 33.6233215332031 33.3402366638184 33.9196739196777 33.9955139160156 33.5478706359863 32.5687942504883 31.3948745727539 31.1181831359863 31.8661155700684 32.1304092407227 32.8153991699219 33.2576713562012 33.197925567627 33.2206649780273 33.3018608093262 32.300609588623 31.5422210693359 31.4414291381836 31.4589805603027 31.9442520141602 32.728702545166 32.313720703125 31.3431339263916 31.5118522644043 30.4322147369385 29.855037689209
