inst/extdata/Tmax/Tmax24.asc
NCOLS 100 
NROWS 79 
XLLCORNER 148.06 
YLLCORNER -21.49 
CELLSIZE 0.01 
NODATA_value -3.4e+38 
[rows 40 to 59 of 79, columns 46 to 91 of 100]
27.783784866333 29.0604496002197 28.6427345275879 29.3190307617188 31.2225646972656 30.9272155761719 30.8500652313232 29.0725841522217 28.8264122009277 29.2852210998535 30.7378330230713 32.2881927490234 32.8618621826172 32.2748985290527 31.6976623535156 33.1687049865723 34.0169067382812 33.5349807739258 34.5331802368164 34.4460372924805 33.7647323608398 34.6304168701172 32.3404006958008 31.0527992248535 32.4428520202637 33.3261032104492 33.8642387390137 33.1385841369629 32.8669128417969 32.9353790283203 32.5363388061523 33.6540641784668 32.476245880127 29.8711414337158 31.4227886199951 35.5798950195312 33.9212379455566 32.3537635803223 30.0925903320312 29.5450191497803 29.1653537750244 31.8623294830322 32.126522064209 31.5362701416016 32.7775955200195 29.9653987884521
28.9196796417236 28.8604278564453 30.2550888061523 31.5955181121826 31.9207000732422 31.1014289855957 30.7424201965332 30.6050834655762 31.8213500976562 32.0431251525879 34.6045379638672 33.207405090332 32.9988059997559 32.6638069152832 32.1062927246094 33.960865020752 34.0482711791992 33.8611946105957 34.9014053344727 35.1487274169922 33.0257110595703 33.5183410644531 29.9152050018311 35.5942420959473 36.7685890197754 32.1769676208496 34.0180244445801 33.1309814453125 33.3016815185547 32.3281745910645 32.8831176757812 33.4227409362793 33.2838172912598 32.496826171875 32.822826385498 34.7929992675781 33.0887031555176 32.4917602539062 32.1502494812012 31.7793807983398 31.5663375854492 31.0049476623535 32.1909561157227 31.8666400909424 31.7793102264404 31.2278881072998
29.9301681518555 30.8886566162109 30.7470664978027 32.598072052002 37.5707626342773 34.8994026184082 32.5114097595215 31.8917331695557 32.8686103820801 34.4098777770996 34.5393371582031 34.0068664550781 34.2604598999023 33.8158683776855 35.5385055541992 34.0323638916016 33.8565292358398 33.500804901123 33.9098777770996 34.6108551025391 33.6721839904785 33.3833045959473 33.0885124206543 37.0291023254395 30.50807762146 37.0595054626465 36.1547393798828 31.9909076690674 31.330171585083 33.8164939880371 33.4657516479492 33.7618408203125 33.0189781188965 32.3754081726074 32.7578315734863 31.6189765930176 31.9804172515869 31.237232208252 31.1084327697754 31.5299816131592 32.6949348449707 32.7806663513184 33.0730590820312 31.7107105255127 33.6884689331055 33.6184005737305
33.1595878601074 33.9033660888672 34.0019149780273 34.0840797424316 34.7324371337891 34.1885032653809 33.8473205566406 33.4934768676758 33.7551231384277 34.0543327331543 34.7117958068848 34.692253112793 34.8753662109375 34.7657470703125 34.2197570800781 33.7547760009766 33.4046821594238 33.58984375 34.2685127258301 31.8354187011719 34.0745658874512 34.1396369934082 33.9858818054199 33.2563972473145 32.7073097229004 34.5532722473145 33.675163269043 33.0868072509766 33.638843536377 35.3222236633301 34.6636505126953 35.080696105957 32.849723815918 32.2281188964844 32.0389747619629 34.5745811462402 34.1363067626953 32.0826988220215 32.9532699584961 33.9951553344727 34.5819816589355 33.7051620483398 32.116756439209 36.3224754333496 33.8509521484375 31.8126277923584
33.0452346801758 33.1530265808105 33.0573692321777 33.3935890197754 34.9281349182129 35.5302696228027 34.8903045654297 34.0218505859375 34.3681564331055 34.0360488891602 33.7738761901855 33.6930999755859 33.2843246459961 33.1936721801758 32.9592170715332 33.4812660217285 31.8625545501709 32.6613998413086 33.647087097168 33.9727401733398 34.8958206176758 35.5378761291504 35.3334465026855 34.426456451416 32.2046318054199 32.5804595947266 32.9378128051758 33.3813629150391 35.5709762573242 35.8680381774902 34.4848098754883 33.2046890258789 32.1205978393555 32.7980537414551 32.4158325195312 34.4291801452637 33.0965576171875 31.9012031555176 33.151050567627 31.6175842285156 32.221996307373 33.7652130126953 34.1560974121094 34.0909042358398 36.9725151062012 33.8289451599121
29.4696159362793 30.8228340148926 32.2993507385254 30.5675354003906 32.1501426696777 32.7394561767578 32.5649604797363 32.8009948730469 33.0815086364746 33.2146148681641 30.3311290740967 30.4903087615967 30.6296844482422 29.056770324707 29.8599071502686 30.6863632202148 32.8861083984375 32.9738998413086 32.8670234680176 32.953670501709 34.7107467651367 34.5250358581543 33.9621238708496 33.998462677002 33.9990425109863 34.3786354064941 34.2926940917969 34.2319946289062 33.811882019043 33.9547157287598 33.5705757141113 34.6863784790039 35.5190391540527 35.962890625 33.9181976318359 33.6490783691406 33.1106986999512 32.9218330383301 32.8708152770996 32.5602912902832 32.3796577453613 33.4187049865723 33.561695098877 32.2411880493164 34.5264701843262 36.8426933288574
27.9642009735107 29.2286624908447 28.8210372924805 28.5784168243408 29.4686965942383 29.7731246948242 29.8993339538574 30.423303604126 30.8875007629395 30.2170906066895 29.940092086792 29.3803901672363 29.5937805175781 29.4668025970459 29.7000617980957 30.710521697998 33.2181053161621 32.9105339050293 32.2248878479004 34.100456237793 34.5104217529297 34.8915557861328 34.0616683959961 33.4241180419922 36.0532302856445 36.1201133728027 35.0777816772461 34.2888946533203 33.2939796447754 33.1676902770996 34.3351287841797 34.122142791748 33.5324935913086 33.8314590454102 34.1017608642578 36.6999778747559 33.4689750671387 33.6240425109863 32.5100402832031 32.3503761291504 32.3025131225586 34.9162826538086 32.9119491577148 35.7578620910645 34.3393707275391 33.7930145263672
28.3268165588379 28.2525615692139 28.146463394165 28.2174053192139 28.0738620758057 28.3579845428467 29.234375 30.1403121948242 30.3651428222656 30.1656169891357 30.6688709259033 30.0696258544922 30.1052722930908 31.4532566070557 32.1238327026367 33.3890686035156 33.9428520202637 33.8224830627441 33.9448890686035 35.2647094726562 37.9110374450684 35.5850296020508 33.5106811523438 34.5983505249023 35.9075775146484 35.4073677062988 34.6672477722168 37.5090637207031 34.6013526916504 34.8130073547363 34.800350189209 32.2225303649902 32.0638122558594 32.3846778869629 32.1493034362793 32.1235198974609 33.4974670410156 32.4672317504883 31.5384578704834 35.2660293579102 34.9873085021973 36.9205169677734 33.470386505127 35.5574493408203 35.3218307495117 35.2833786010742
28.1724071502686 30.1375923156738 28.4266109466553 28.077054977417 27.9812145233154 27.9113388061523 27.9444160461426 29.8020725250244 30.4350662231445 30.5414562225342 30.4520530700684 30.4608592987061 35.6872177124023 36.7123260498047 37.1704940795898 33.3656425476074 35.1103019714355 31.4368114471436 37.0458755493164 36.8347053527832 36.4752159118652 36.7001304626465 36.0235977172852 35.5771331787109 35.2742385864258 33.3417930603027 34.4732284545898 35.5627250671387 37.6747589111328 36.9145393371582 36.6276397705078 37.3631439208984 36.4503936767578 32.4867820739746 33.4322319030762 37.7789993286133 36.9147644042969 33.8655204772949 33.6400985717773 33.4279136657715 31.4758644104004 31.9770698547363 32.5768013000488 33.4624824523926 32.6102828979492 33.2402114868164
30.076753616333 30.715482711792 31.8867034912109 28.9806995391846 28.4099941253662 29.1115322113037 28.894115447998 29.7156314849854 29.9589691162109 30.4873161315918 34.8135375976562 36.2851829528809 37.3850440979004 37.3967590332031 37.8361206054688 30.9799728393555 34.1080741882324 31.1038131713867 31.2784175872803 33.6807098388672 33.6109733581543 37.8010063171387 34.1232948303223 34.952880859375 34.6425437927246 33.7335968017578 35.6629981994629 35.7624053955078 36.1989517211914 36.206127166748 35.9516906738281 34.3196105957031 32.6368942260742 33.1669960021973 33.8118095397949 37.9487419128418 37.8822708129883 34.6738586425781 33.4818534851074 33.2967567443848 33.2524528503418 32.201976776123 33.3619575500488 31.9329681396484 32.9055213928223 33.5364265441895
33.4742240905762 30.2543601989746 33.1850128173828 28.1563625335693 28.1554107666016 29.2766780853271 29.4214553833008 30.0541744232178 30.6012840270996 31.003231048584 30.9829120635986 31.15163230896 35.7579154968262 36.4085159301758 37.0040740966797 30.9131050109863 33.3418960571289 33.2797203063965 30.1744403839111 33.623893737793 31.1638240814209 36.7496681213379 34.2451362609863 35.7292823791504 34.0985717773438 35.059986114502 34.0490341186523 33.6911773681641 36.6440238952637 36.2792549133301 35.681079864502 35.1729393005371 34.8149719238281 33.0095062255859 33.8116645812988 36.1887245178223 37.5075836181641 35.6061897277832 34.4738807678223 34.9528198242188 33.4845275878906 32.3420486450195 32.390323638916 31.495231628418 32.9336204528809 33.7236404418945
29.0063858032227 27.5979118347168 28.03346824646 27.2083320617676 27.1553249359131 28.4686183929443 29.2100944519043 30.2420616149902 30.5401229858398 30.7352161407471 30.9123306274414 30.5438270568848 30.485034942627 30.0249633789062 30.4349193572998 33.5399627685547 31.1891498565674 33.9688873291016 30.8411865234375 33.1929931640625 33.0199699401855 33.6710929870605 36.6135520935059 37.2837829589844 34.4305572509766 34.5703353881836 35.3298759460449 33.5785827636719 33.7748146057129 37.1387329101562 35.6231956481934 34.9883613586426 34.305046081543 32.6157684326172 32.4697532653809 34.1072273254395 34.4648513793945 34.278694152832 33.6623764038086 31.9602966308594 35.5527153015137 31.8272953033447 31.5234642028809 31.1667671203613 31.1700344085693 32.4515266418457
27.420503616333 33.1061477661133 33.8018264770508 27.4167213439941 27.3399753570557 28.0500373840332 28.6538887023926 29.4196243286133 29.8394222259521 30.0923118591309 30.4323291778564 30.2455863952637 30.2415943145752 30.6024742126465 30.7956295013428 31.1464347839355 33.752628326416 34.1600074768066 34.0469818115234 34.544361114502 33.0551490783691 34.0032119750977 35.416576385498 37.4183883666992 35.2450065612793 35.9853439331055 36.019775390625 36.1450386047363 35.6689720153809 37.557544708252 36.4986343383789 35.9690818786621 35.9702301025391 36.2687568664551 33.3547706604004 32.386604309082 33.5368156433105 30.97607421875 32.4892425537109 32.7686309814453 32.8011283874512 31.7313861846924 36.1672019958496 32.6230125427246 31.1939029693604 30.9472923278809
28.0867614746094 27.4204692840576 33.2571907043457 27.9697780609131 28.025297164917 28.7780132293701 28.6359462738037 29.2589740753174 30.2146472930908 30.6469211578369 30.867000579834 30.9358501434326 30.9320335388184 34.5511627197266 34.5060348510742 31.4482498168945 31.2028369903564 31.3008708953857 31.3057632446289 34.1373901367188 33.6712989807129 33.8321151733398 31.1762046813965 32.2565841674805 33.0830574035645 34.7310409545898 34.0997200012207 35.324390411377 37.1846809387207 34.6213912963867 34.5337142944336 33.6259498596191 33.980598449707 34.9040145874023 33.2241020202637 32.8277015686035 30.7890892028809 30.0877285003662 30.2471561431885 29.3539791107178 34.8035163879395 33.2700996398926 34.3613014221191 33.9495620727539 35.9111633300781 31.6572589874268
29.0278606414795 28.1822528839111 27.7868785858154 28.1712093353271 28.6079597473145 29.3907108306885 29.4193058013916 29.6384029388428 29.7383689880371 30.2850608825684 30.2994537353516 33.0203552246094 33.8608741760254 30.9898242950439 35.2609977722168 34.6191635131836 35.018970489502 31.5649833679199 34.3328285217285 34.1606559753418 34.207202911377 33.2560157775879 32.1423606872559 34.1487159729004 35.9644241333008 35.972225189209 33.9956932067871 34.5517425537109 33.7587623596191 35.4855804443359 35.8165473937988 34.5936241149902 35.7190246582031 33.5145835876465 35.9370193481445 32.9246673583984 36.5173568725586 32.8170623779297 33.1882133483887 31.838716506958 32.7725677490234 33.1870956420898 32.4174995422363 32.6637153625488 33.4940605163574 34.4663047790527
28.6160335540771 28.2231903076172 27.93039894104 28.9728546142578 29.4252758026123 29.8746356964111 30.3890895843506 30.6670513153076 30.5758304595947 30.8817710876465 30.7821521759033 32.9372634887695 33.4953765869141 35.0021858215332 35.1623840332031 34.6175956726074 34.9647598266602 35.3368721008301 34.6208877563477 31.5076770782471 34.1075592041016 33.2376823425293 33.9797019958496 34.0409126281738 35.2772445678711 35.8575706481934 36.0084114074707 36.5704040527344 33.9003410339355 34.2890205383301 31.6583995819092 34.1909637451172 35.4074440002441 37.0762977600098 36.0280380249023 30.1927642822266 32.7296905517578 33.433521270752 31.8680076599121 32.8358116149902 34.7494277954102 33.9261932373047 33.2587661743164 33.6214599609375 33.1368713378906 32.9602699279785
28.6376476287842 28.0046005249023 27.4087772369385 28.5744876861572 29.6070098876953 29.9995498657227 29.4319534301758 30.5304298400879 30.166955947876 29.6265201568604 30.6663379669189 30.2790546417236 30.5866508483887 33.4183387756348 31.04758644104 34.3173828125 34.3898010253906 34.3383255004883 34.7671241760254 32.7331733703613 33.6400337219238 34.1619682312012 33.7375259399414 31.3977069854736 33.9200401306152 35.9439697265625 34.8330039978027 33.9878997802734 34.130558013916 34.2638854980469 31.4648418426514 29.8967132568359 30.6307258605957 33.7423439025879 29.7644119262695 29.6639175415039 33.7765121459961 32.8774528503418 33.6237907409668 32.3140640258789 34.5300941467285 35.7325668334961 32.0956916809082 32.3233909606934 33.1921501159668 33.7738609313965
29.0601787567139 28.111572265625 28.1677570343018 28.6346569061279 29.3377437591553 29.6981143951416 30.1065998077393 30.0835914611816 29.0499134063721 28.6107234954834 30.1764717102051 28.9786796569824 29.3942070007324 29.571605682373 33.1347694396973 33.8772392272949 31.1606121063232 34.3469657897949 31.6241855621338 35.029296875 34.569896697998 34.9046783447266 34.4372596740723 34.0691833496094 33.2461700439453 34.37451171875 35.1793479919434 34.1844177246094 33.3985061645508 34.9552536010742 33.1547050476074 30.7898006439209 34.2280921936035 33.6202964782715 27.9871959686279 32.1926536560059 32.9401054382324 33.2284736633301 33.5075263977051 35.1889152526855 33.0787353515625 35.4894371032715 33.2220458984375 33.3136444091797 32.8255310058594 32.6487579345703
29.0807399749756 28.7997093200684 28.5298900604248 28.6157379150391 29.1842193603516 29.7284297943115 29.626070022583 29.4606819152832 28.8781871795654 29.7259063720703 29.8127708435059 28.7503929138184 28.9743976593018 29.0784854888916 30.1842441558838 30.4505252838135 34.1039810180664 31.1440868377686 34.3466529846191 34.6380386352539 34.4513397216797 34.6900177001953 32.9538917541504 34.4728012084961 33.742488861084 33.7938461303711 33.4896507263184 34.6193962097168 32.7539978027344 32.580451965332 34.2373886108398 34.0594940185547 30.7303810119629 32.999195098877 33.7827262878418 34.3914566040039 30.9880924224854 33.3024826049805 35.6320610046387 33.0621948242188 33.9624633789062 33.002384185791 33.4822731018066 35.2620277404785 34.7999114990234 32.3915023803711
28.537576675415 28.4718761444092 28.071252822876 28.4112319946289 28.8229465484619 28.6273708343506 29.2291126251221 29.5903930664062 29.9074172973633 29.921667098999 29.8298988342285 30.01633644104 33.1406097412109 33.8445701599121 33.6470642089844 30.4699802398682 30.9588890075684 34.6562576293945 31.9359321594238 34.1226005554199 34.3953170776367 34.9128494262695 34.9490013122559 34.2457618713379 34.4844932556152 33.4024925231934 33.8949317932129 33.7155990600586 32.7632217407227 34.6521492004395 34.9382362365723 35.7342796325684 32.2392463684082 33.2651519775391 33.3478622436523 29.1913356781006 31.8609256744385 34.3988189697266 36.4106063842773 31.2272911071777 33.3876953125 33.4906349182129 32.8472137451172 31.7902851104736 33.1971893310547 33.7719879150391
