inst/extdata/Tmax/Tmax110.asc
NCOLS 100 
NROWS 79 
XLLCORNER 148.06 
YLLCORNER -21.49 
CELLSIZE 0.01 
NODATA_value -3.4e+38 
[rows 0 to 19 of 79, columns 0 to 45 of 100]
41.177352905273402 40.8555564880371 40.0090141296387 40.3127822875977 40.4225082397461 40.7757453918457 40.9179916381836 41.0450592041016 40.992847442627 40.8274803161621 40.4045104980469 40.1993713378906 40.1125831604004 39.0094299316406 39.4245948791504 39.7788619995117 40.0885963439941 40.0467147827148 39.3143692016602 38.7062377929688 38.5598945617676 37.7023277282715 38.0654296875 39.1882705688477 39.6221885681152 39.824462890625 39.683048248291 39.7101135253906 39.4128074645996 39.0619506835938 38.2556915283203 36.5616683959961 37.6720275878906 37.5743713378906 36.488639831543 35.5025329589844 35.3742713928223 35.0235290527344 35.6655731201172 37.2921485900879 38.6525459289551 38.8543968200684 39.4897270202637 39.7490882873535 39.8584861755371 39.9262084960938
41.0530471801758 40.5712394714355 39.8892784118652 39.9572525024414 39.4386749267578 40.233341217041 40.7064666748047 40.9700698852539 41.0637512207031 40.9457702636719 40.6363487243652 40.3385047912598 40.4216194152832 40.0379333496094 39.876293182373 39.7589111328125 40.0922164916992 40.1046485900879 39.2065124511719 38.6574821472168 39.1104469299316 38.8577117919922 38.7404708862305 39.1178894042969 39.5172691345215 39.6612358093262 39.8790092468262 39.8168334960938 39.6077346801758 39.3967628479004 38.6173477172852 37.3279342651367 38.3630905151367 37.966438293457 37.3391418457031 36.4561882019043 36.0362396240234 36.3421211242676 37.283203125 38.2788314819336 39.6030044555664 39.9199829101562 39.9993019104004 39.9651565551758 39.974308013916 39.970703125
41.0597648620605 40.3203735351562 40.4123420715332 40.5114936828613 40.0931968688965 40.1831092834473 40.5175323486328 40.9984016418457 41.1365280151367 41.0032348632812 40.7377967834473 40.5990028381348 40.5037460327148 40.4399948120117 40.1580505371094 40.0098991394043 40.166374206543 40.2860527038574 39.7610054016113 39.5740776062012 39.4252891540527 39.1057014465332 38.8805961608887 38.973087310791 39.716480255127 39.9372367858887 39.7592010498047 39.7247009277344 39.7037620544434 39.4045143127441 39.4348106384277 38.5112075805664 38.7123184204102 37.5682373046875 37.2725372314453 36.6786651611328 36.1875267028809 35.7414970397949 36.6369895935059 37.7023277282715 38.944580078125 39.8085594177246 40.0563545227051 40.0784378051758 40.0280418395996 39.9545478820801
41.2884292602539 40.9542198181152 40.6464424133301 41.1771926879883 40.7109184265137 40.3182716369629 40.6317825317383 41.1139907836914 41.2427673339844 41.109073638916 40.9666862487793 40.9067306518555 40.7983245849609 40.637767791748 40.238151550293 40.0693855285645 40.3585510253906 40.3865432739258 40.17333984375 39.7381057739258 39.4305801391602 39.0625877380371 39.1167678833008 39.0661163330078 39.5824851989746 39.9565925598145 39.5956382751465 39.8218955993652 39.6363334655762 38.8628730773926 39.3536224365234 39.3920516967773 38.6876220703125 37.5232543945312 36.985710144043 36.1807060241699 36.3971900939941 35.9310073852539 35.8060913085938 35.3520965576172 36.7201881408691 39.1440467834473 39.9403686523438 40.0937652587891 39.8507232666016 39.7314796447754
41.7937202453613 41.2896575927734 41.0658531188965 41.4081954956055 41.1890182495117 40.602481842041 40.610221862793 41.1675720214844 41.2795562744141 40.9367256164551 40.9237442016602 41.0753746032715 40.9493293762207 40.6869773864746 40.3465995788574 40.4678726196289 40.5091171264648 40.2636413574219 39.8321952819824 39.1475296020508 39.2988052368164 39.4273719787598 39.5279960632324 39.6884117126465 39.6766624450684 39.3559875488281 39.9953231811523 39.6292304992676 39.4905624389648 39.0217056274414 39.3318824768066 39.1384544372559 38.8339309692383 37.9066314697266 37.4148330688477 37.6793632507324 37.3667449951172 36.8478012084961 36.3390274047852 35.6587448120117 35.3266525268555 38.3824234008789 39.7152481079102 40.0431861877441 39.4234771728516 38.751766204834
41.9475364685059 41.7075462341309 41.0855178833008 41.4509468078613 41.4965133666992 41.1157035827637 40.8393173217773 41.2270050048828 41.3500175476074 41.0818138122559 40.9673233032227 41.1751403808594 41.021312713623 40.7609977722168 40.154052734375 40.5963592529297 40.4917106628418 40.0738296508789 39.5595703125 39.1606483459473 39.2359619140625 39.4463386535645 39.7164459228516 39.6981582641602 39.9496726989746 39.8334655761719 39.8742980957031 39.1621475219727 39.140007019043 38.1240272521973 38.7831497192383 39.198860168457 39.2670135498047 38.9420280456543 38.595645904541 38.5159454345703 37.7135391235352 37.2444267272949 36.9254112243652 36.1648864746094 35.6942825317383 38.0215492248535 39.6434783935547 40.03515625 39.5879402160645 37.6916160583496
42.1320381164551 41.8839225769043 41.5500640869141 41.680290222168 41.6211471557617 41.2780838012695 40.670337677002 41.1598091125488 41.3086700439453 41.4122734069824 41.3442573547363 41.1819152832031 40.7874526977539 40.8713455200195 40.8279190063477 40.6834716796875 40.4787750244141 39.9576721191406 39.7468070983887 39.4526824951172 38.8998222351074 39.065502166748 39.4851875305176 39.8255920410156 40.1299514770508 40.0444755554199 40.0294036865234 39.5191078186035 39.1668434143066 38.0358695983887 38.0237426757812 38.1058120727539 38.9776802062988 39.1149444580078 38.6690330505371 38.5468788146973 37.9884948730469 36.6924858093262 36.8926849365234 36.4703407287598 36.3040466308594 37.884952545166 39.4871406555176 39.8692398071289 39.6533660888672 38.1304931640625
42.1470947265625 42.0327796936035 41.782096862793 41.7908325195312 41.7398681640625 41.4946174621582 40.947826385498 40.818603515625 41.0854530334473 41.3728942871094 41.4509811401367 41.1687316894531 40.5467910766602 40.7337493896484 40.9243278503418 40.2842025756836 40.2082366943359 39.4906044006348 39.4061508178711 39.1723403930664 38.530818939209 38.9486312866211 39.3395233154297 39.8406753540039 40.2572135925293 40.2511672973633 39.8403816223145 39.4129524230957 39.2278175354004 38.4962120056152 37.2536506652832 37.4964866638184 37.7936592102051 38.3310317993164 38.6737251281738 38.0912322998047 38.1312103271484 37.2931632995605 36.3558502197266 36.5983848571777 36.773494720459 37.7737274169922 38.7040405273438 39.5967216491699 39.5256423950195 37.8465881347656
41.9873962402344 42.1439208984375 41.9977874755859 41.9403915405273 41.8118362426758 41.5824508666992 41.2358703613281 40.7976760864258 40.9430046081543 41.3902320861816 41.5115280151367 41.4375801086426 41.2383270263672 41.0885810852051 40.746337890625 40.0297775268555 40.1791534423828 39.9373512268066 40.0489082336426 39.1724853515625 39.158447265625 38.9920768737793 39.0719909667969 39.6906890869141 40.2175598144531 40.3665542602539 39.4840087890625 38.6501159667969 38.7155303955078 38.611930847168 38.0419692993164 37.4982719421387 37.0820159912109 37.4941635131836 38.325626373291 37.7371635437012 37.4907073974609 37.4261741638184 36.5367813110352 36.2245559692383 36.4070014953613 36.4684600830078 37.2858047485352 38.7410316467285 39.1413459777832 37.9675521850586
41.7608032226562 42.0882720947266 42.135627746582 42.0001068115234 41.8076858520508 41.6873321533203 41.4857406616211 41.0568618774414 40.7402954101562 41.3423461914062 41.5342483520508 41.1537322998047 40.4848823547363 40.5318031311035 40.6126251220703 40.5744705200195 40.5753707885742 40.4277687072754 40.2196311950684 39.9142150878906 39.5935859680176 38.9711532592773 39.2701644897461 40.0348281860352 40.4311790466309 40.3202972412109 39.6367950439453 39.4757690429688 38.9818954467773 38.4822998046875 37.3005981445312 36.9192657470703 37.8991813659668 37.7501983642578 37.5390129089355 37.3030052185059 37.0735015869141 37.3264389038086 36.8052215576172 36.1056060791016 36.1173667907715 35.5807075500488 36.3345909118652 37.3830490112305 37.6535377502441 37.0459594726562
41.4940605163574 41.7469482421875 42.1719360351562 42.0746994018555 41.9455184936523 41.857780456543 41.6656608581543 41.3213348388672 41.2915687561035 41.4832534790039 41.592227935791 41.2324752807617 40.916316986084 40.2107849121094 40.357479095459 40.6097679138184 40.6958045959473 40.8626976013184 40.4355659484863 40.2358169555664 39.8454208374023 39.4739151000977 39.528076171875 40.0431823730469 40.4277305603027 40.3243865966797 39.6483840942383 38.9319839477539 37.9739151000977 37.9554214477539 37.601188659668 37.5233917236328 38.3085136413574 38.0506172180176 37.195728302002 36.9421424865723 37.3534240722656 37.0689888000488 36.6992950439453 36.1766014099121 36.2068138122559 35.9383354187012 35.6117095947266 36.2480506896973 36.6225814819336 36.8871917724609
41.3667144775391 41.4012298583984 42.1652603149414 42.1493377685547 42.0614929199219 41.9395980834961 41.7662010192871 41.4567680358887 41.4756889343262 41.7151412963867 41.6527862548828 41.4563941955566 41.1143226623535 40.6487312316895 40.5391006469727 40.8050651550293 41.0571327209473 41.0358848571777 40.7846755981445 40.3441886901855 39.8541488647461 39.5158462524414 39.6540489196777 39.7811622619629 39.9698753356934 40.2672271728516 39.3212585449219 38.5603408813477 37.9726486206055 38.1803970336914 38.2266998291016 38.1221618652344 38.4981307983398 37.9805793762207 37.7278060913086 37.6265754699707 37.2009124755859 36.6401786804199 37.1040077209473 37.2970428466797 36.8732452392578 36.4263191223145 35.9354629516602 36.3197174072266 36.7820205688477 37.127254486084
41.5265960693359 41.9457244873047 42.1701126098633 42.1211700439453 42.1152801513672 42.0182952880859 41.8729095458984 41.5294380187988 41.5906524658203 41.8433265686035 41.6568908691406 41.5700912475586 41.3654022216797 41.413387298584 41.3110771179199 41.2780342102051 41.2575721740723 41.1741333007812 40.9574699401855 40.4636764526367 40.1947135925293 40.3205070495605 40.5465507507324 40.742000579834 40.5922393798828 40.1870460510254 39.966926574707 39.5005264282227 39.1389617919922 38.9479598999023 38.9915161132812 38.7700386047363 38.6614570617676 38.101245880127 37.556468963623 37.1194801330566 36.595573425293 37.6000061035156 37.848575592041 37.7768020629883 36.5137100219727 36.4134368896484 35.957447052002 35.6921882629395 36.8586273193359 37.3560180664062
41.961109161377 42.1176300048828 42.1613731384277 42.0771026611328 42.0746002197266 42.1003074645996 42.0252151489258 41.9067115783691 41.7119026184082 41.8152465820312 41.7732849121094 41.6856460571289 41.5583114624023 41.4529609680176 41.3426170349121 41.257869720459 41.3547554016113 41.2649612426758 41.1222457885742 41.0052223205566 40.8968544006348 40.8362693786621 40.6349601745605 40.7249870300293 40.3043174743652 39.338264465332 39.256217956543 38.8564682006836 38.3176231384277 39.0311851501465 39.2757415771484 39.2122001647949 38.4898490905762 38.1863327026367 38.0548629760742 37.9818725585938 37.9332656860352 37.6223602294922 38.1840362548828 38.4840240478516 37.9767761230469 37.5191307067871 36.9114456176758 36.392147064209 37.3422012329102 37.782112121582
41.2920722961426 41.7864112854004 42.1520843505859 42.0782089233398 41.956916809082 42.0268211364746 41.9649696350098 41.8049774169922 41.4208908081055 41.4482231140137 41.7251434326172 41.5315208435059 41.0472640991211 41.1840438842773 41.332633972168 40.8213119506836 41.1833915710449 41.3339347839355 41.2724723815918 41.211238861084 41.1446113586426 40.7552947998047 40.1529960632324 40.497974395752 40.3251342773438 40.0582466125488 39.9556655883789 39.630859375 39.2733726501465 39.5011978149414 39.4421234130859 39.1707763671875 38.735107421875 38.9429397583008 38.8876571655273 37.9928512573242 38.4833221435547 37.6775817871094 37.9561767578125 38.6443634033203 38.6031646728516 38.3282623291016 37.6118812561035 36.8311042785645 37.3868293762207 38.0690956115723
40.5061454772949 41.4145774841309 42.0678558349609 42.1635055541992 42.0914878845215 42.0547332763672 41.9415664672852 41.8308410644531 41.6272048950195 41.1556587219238 40.778450012207 41.4201202392578 40.6531143188477 40.3545799255371 41.137020111084 40.7993927001953 40.7518882751465 41.1612739562988 41.1700744628906 41.1543197631836 41.1458702087402 41.096004486084 40.9566230773926 40.729133605957 40.3307495117188 39.9607772827148 39.942497253418 39.8761291503906 39.8057098388672 39.6185684204102 39.4427795410156 39.0372924804688 38.7620582580566 39.335277557373 39.2017211914062 38.932559967041 38.9117736816406 38.3660659790039 38.0240707397461 38.6281127929688 38.7849197387695 38.1689033508301 36.9970779418945 35.9884757995605 36.3647422790527 37.9068717956543
41.4423637390137 41.2680206298828 41.783317565918 41.9331321716309 42.1109771728516 42.0697059631348 41.9437828063965 41.8097267150879 41.6613502502441 41.3922805786133 40.8005790710449 41.1533813476562 40.1885452270508 39.9501457214355 40.6249771118164 40.4803047180176 39.8265113830566 40.815502166748 40.7950668334961 40.7621612548828 40.9752731323242 41.0876235961914 40.9848327636719 40.5895462036133 39.8147392272949 39.2729721069336 38.887580871582 39.1851501464844 39.6737518310547 39.1312637329102 38.9159660339355 38.1998481750488 38.8296890258789 39.5777168273926 39.3897933959961 39.1933898925781 39.2054443359375 38.7943649291992 38.4396438598633 38.6785430908203 38.8400268554688 37.7897567749023 36.8832397460938 37.1423110961914 37.4375381469727 37.9510498046875
41.5693435668945 41.8496475219727 41.9090614318848 41.907356262207 42.014461517334 42.048267364502 41.9702835083008 41.8843421936035 41.7365341186523 41.3238182067871 40.9606094360352 40.5976181030273 40.2196388244629 39.8799324035645 40.3366241455078 40.1950149536133 40.1885147094727 40.0189323425293 39.775936126709 39.7458877563477 40.7678413391113 40.9793472290039 40.9450149536133 40.8353157043457 40.2961158752441 39.247371673584 37.9603843688965 38.6901168823242 39.3997611999512 38.5287132263184 38.8516006469727 39.3470916748047 39.5916900634766 39.815502166748 39.7169876098633 39.5187187194824 39.0608749389648 38.2970809936523 38.6857299804688 38.8704681396484 39.1348419189453 38.7873725891113 38.6376800537109 38.596263885498 38.5307769775391 38.0072898864746
41.8135147094727 41.7744674682617 41.6376724243164 41.7136154174805 42.0858421325684 41.9831886291504 41.9709701538086 41.9431381225586 41.8505172729492 41.5352554321289 40.5441741943359 40.5984573364258 40.1994323730469 39.1822242736816 39.8276329040527 39.6082153320312 39.4279136657715 38.8045310974121 39.5359687805176 39.8532943725586 40.8035469055176 40.7992706298828 40.9016609191895 40.9741477966309 40.2128410339355 39.2482261657715 38.1891593933105 38.8738670349121 39.4024925231934 38.945915222168 39.3676223754883 39.7314033508301 40.0467834472656 40.0313415527344 39.625862121582 39.3757400512695 39.0248146057129 38.7670555114746 39.2124710083008 39.266773223877 39.2799644470215 39.170597076416 39.0458374023438 38.4536399841309 37.6908187866211 37.6372756958008
41.9559440612793 41.9188957214355 41.8935241699219 41.760066986084 42.1154174804688 42.1002616882324 42.0248870849609 41.9637451171875 41.8923034667969 41.7934341430664 41.5015335083008 40.8357467651367 40.0842590332031 39.0189323425293 39.2898941040039 39.2431411743164 38.8265495300293 39.0734825134277 39.2814254760742 40.176944732666 40.8414077758789 40.453727722168 41.0396194458008 40.8918075561523 40.3643379211426 40.1366844177246 39.1653366088867 39.2500228881836 39.539737701416 39.368724822998 39.8834457397461 39.8264579772949 40.1880874633789 40.1064796447754 39.9565811157227 39.7233657836914 38.960865020752 39.0893630981445 39.2974014282227 39.2715225219727 39.279541015625 39.1193695068359 39.0373229980469 38.5689659118652 38.4822273254395 38.3476791381836
