inst/extdata/Tmax/Tmax149.asc
NCOLS 100 
NROWS 79 
XLLCORNER 148.06 
YLLCORNER -21.49 
CELLSIZE 0.01 
NODATA_value -3.4e+38 
[rows 40 to 59 of 79, columns 46 to 91 of 100]
32.1684951782227 33.074405670166 33.4698448181152 34.2941436767578 35.8007316589355 36.7135696411133 36.2758636474609 34.4986534118652 34.1534385681152 34.786075592041 35.2630043029785 36.902660369873 36.5413475036621 36.7454261779785 35.9594078063965 36.9093589782715 37.0863418579102 36.81298828125 36.9064254760742 36.9996643066406 37.0028877258301 36.1323623657227 36.4969749450684 36.7956962585449 36.8776626586914 36.9238319396973 36.8277969360352 36.4691734313965 36.6396064758301 36.8193893432617 36.7728080749512 36.6288261413574 36.324878692627 35.1673126220703 35.416015625 36.0341758728027 35.9448738098145 35.8533248901367 36.0689506530762 35.5566291809082 34.8797607421875 35.3072128295898 35.5885353088379 35.3952026367188 35.6279907226562 35.6509475708008
33.4041481018066 34.4943923950195 34.4162826538086 34.3751029968262 35.834831237793 36.9837303161621 35.922233581543 35.551097869873 36.1065635681152 36.1840324401855 36.5192947387695 37.1772880554199 37.0673446655273 37.0812759399414 36.9408340454102 37.2276573181152 37.2630767822266 37.1982803344727 37.1550140380859 37.1718215942383 37.1442108154297 36.6602668762207 36.0095710754395 36.3376998901367 36.2618942260742 36.7080078125 36.9878005981445 36.5470848083496 36.5320930480957 36.887622833252 36.9053230285645 36.8254852294922 36.6655502319336 36.100456237793 36.3167724609375 36.3420257568359 36.1404228210449 36.1276702880859 36.214771270752 36.3210678100586 35.4297523498535 35.6279754638672 36.178108215332 35.9888000488281 36.1005783081055 36.0267753601074
35.6472206115723 35.8120498657227 35.9796333312988 36.4260330200195 36.7344818115234 37.1791114807129 36.7812690734863 36.2795906066895 36.7612686157227 37.1374893188477 37.0512580871582 37.3455200195312 37.3756103515625 37.2990875244141 37.2707672119141 37.3426513671875 37.3502311706543 37.3249664306641 37.2916831970215 37.2776222229004 37.1838035583496 36.3235855102539 36.1366157531738 36.5918464660645 36.111457824707 36.5146179199219 36.9157562255859 36.820140838623 36.7620162963867 36.988166809082 36.9936752319336 36.9816360473633 36.9373359680176 36.8243789672852 36.7247695922852 36.4087677001953 35.5671348571777 36.1010437011719 36.5805282592773 36.564697265625 36.4287261962891 36.363582611084 36.4597702026367 36.4787368774414 36.5021591186523 36.4305686950684
36.8034515380859 36.8204116821289 36.9410705566406 37.0753593444824 37.2940368652344 37.3581314086914 37.2778358459473 37.0570259094238 37.2161865234375 37.4183006286621 37.4101753234863 37.454345703125 37.4315071105957 37.3937950134277 37.4089775085449 37.3747749328613 37.3106269836426 37.284107208252 37.3091354370117 37.3312911987305 37.2782859802246 37.0557823181152 36.818531036377 36.9726219177246 36.8431777954102 36.4257164001465 36.6834182739258 36.9244956970215 37.0581741333008 37.070499420166 37.0508575439453 37.0358657836914 37.0000343322754 36.9524993896484 36.936767578125 36.7861022949219 36.336784362793 36.6109580993652 36.7646446228027 36.737606048584 36.6877403259277 36.6724548339844 36.6458778381348 36.646842956543 36.6374473571777 36.5859298706055
36.6372871398926 36.8878898620605 37.1318740844727 37.1369781494141 37.1866912841797 37.2913055419922 37.3373107910156 37.3994483947754 37.422794342041 37.3668518066406 37.1637878417969 37.2620468139648 37.1875839233398 36.941707611084 37.107048034668 37.2219429016113 37.1126441955566 37.2102203369141 37.2908401489258 37.3286552429199 37.3281402587891 37.2035751342773 36.9091835021973 36.6665496826172 36.8661994934082 37.0127563476562 37.0494956970215 37.0807571411133 37.0792961120605 37.1002006530762 37.0672645568848 37.0486335754395 36.9990425109863 36.9514846801758 36.9659042358398 36.895191192627 36.864143371582 36.8473892211914 36.7822952270508 36.7697944641113 36.728328704834 36.7024040222168 36.6909713745117 36.6640625 36.5625 36.5652618408203
34.9449920654297 35.6822776794434 36.0799179077148 36.2815856933594 36.6274642944336 36.9311294555664 36.8769378662109 37.0618629455566 37.0565605163574 36.9006729125977 36.1730270385742 36.1837692260742 36.2536010742188 34.8569602966309 35.7472991943359 36.4561958312988 36.9613609313965 37.2640380859375 37.3395309448242 37.3534278869629 37.3459396362305 37.1773948669434 36.7696075439453 36.4246978759766 36.6666107177734 36.8967628479004 37.0080909729004 36.9875450134277 37.038257598877 37.0940437316895 37.0782699584961 37.0655364990234 37.0360565185547 37.015983581543 36.9738845825195 36.8669242858887 36.8445129394531 36.8246192932129 36.7846870422363 36.7637100219727 36.7167778015137 36.694450378418 36.6705284118652 36.6087265014648 36.587345123291 36.5864219665527
32.675968170166 33.8845443725586 33.7927322387695 33.7625007629395 35.0162582397461 35.5090255737305 35.6205406188965 35.8656921386719 36.2918891906738 35.7050819396973 35.0637130737305 34.5184020996094 35.1396369934082 35.0162734985352 35.4300193786621 36.5018844604492 37.1336212158203 37.3022499084473 37.3250846862793 37.2983131408691 37.3273658752441 37.333984375 36.9393539428711 36.6111831665039 36.5009498596191 36.7389450073242 36.9232559204102 37.0187644958496 37.1026458740234 37.1092681884766 37.1081237792969 37.1045570373535 37.0842781066895 37.0438613891602 36.9572944641113 36.8835296630859 36.8659591674805 36.8487434387207 36.8217964172363 36.7944374084473 36.746524810791 36.7280158996582 36.7101974487305 36.6648406982422 36.6425857543945 36.5188064575195
32.7948799133301 32.728832244873 32.5425643920898 32.6169395446777 32.559700012207 33.2983322143555 34.4911155700684 35.1121101379395 35.2809219360352 35.158805847168 35.650764465332 35.4891395568848 35.3346252441406 35.8756790161133 36.1460189819336 36.9502563476562 37.1805458068848 37.1982421875 37.1320686340332 37.2362174987793 37.3313980102539 37.3711814880371 37.2315826416016 36.939567565918 36.5486946105957 36.782958984375 36.9527053833008 37.0928649902344 37.1473388671875 37.1702728271484 37.1602210998535 37.1328544616699 37.0610046386719 36.9801635742188 36.9111289978027 36.8692359924316 36.8677864074707 36.8685760498047 36.8463401794434 36.819637298584 36.7844924926758 36.7720069885254 36.7508659362793 36.7159004211426 36.5180702209473 36.2994766235352
32.4199066162109 32.5195732116699 32.7397651672363 32.4642066955566 32.3743057250977 32.4668998718262 33.3051834106445 34.8686065673828 35.3740043640137 35.5379104614258 35.372314453125 35.5441436767578 35.8144569396973 36.0821990966797 36.1314697265625 36.6164779663086 36.9618988037109 36.9536972045898 36.9395790100098 37.2096214294434 37.2934341430664 37.3032302856445 37.3728256225586 37.287971496582 37.1734008789062 37.128173828125 37.1986808776855 37.2503395080566 37.2460136413574 37.2370414733887 37.1919898986816 37.1199989318848 37.0311241149902 36.8997268676758 36.8502044677734 36.8840599060059 36.8807106018066 36.8848609924316 36.8873252868652 36.8609046936035 36.8402366638184 36.8250846862793 36.7967491149902 36.7693748474121 36.6143417358398 36.4723701477051
32.4951057434082 32.6672096252441 32.6934814453125 32.3741302490234 32.8568153381348 33.6627616882324 33.7676849365234 34.9578247070312 35.4067649841309 35.596435546875 35.4090957641602 35.8529205322266 36.1096611022949 36.1086692810059 36.1881370544434 36.0815353393555 36.1666259765625 36.3768043518066 36.714958190918 37.0347099304199 37.1113433837891 37.1203689575195 37.33447265625 37.3700790405273 37.3764953613281 37.341251373291 37.3077087402344 37.1418914794922 37.1885833740234 37.2401161193848 37.1849708557129 37.0702476501465 37.0190391540527 36.8294792175293 36.7580490112305 36.9048957824707 36.8943290710449 36.8669662475586 36.9095993041992 36.9035758972168 36.8665962219238 36.858470916748 36.8318214416504 36.7957534790039 36.7188148498535 36.6350173950195
32.5323295593262 32.4170455932617 32.6339836120605 32.3528137207031 32.9923667907715 34.0525398254395 34.390022277832 34.945686340332 35.6122627258301 36.0317497253418 36.0385856628418 36.1483001708984 36.2121505737305 36.2357711791992 36.2200584411621 36.1585731506348 36.215217590332 35.9590606689453 35.6280517578125 36.6834335327148 36.564697265625 36.9651107788086 37.2641220092773 37.3118286132812 37.3500747680664 37.3200912475586 37.2438125610352 37.0323295593262 37.1585655212402 37.242603302002 37.0719299316406 36.9092979431152 36.9129104614258 36.8836212158203 36.9021263122559 36.958984375 36.954402923584 36.9297065734863 36.9165382385254 36.9364128112793 36.9148597717285 36.8884353637695 36.8565216064453 36.8164405822754 36.7695007324219 36.6684913635254
32.1054573059082 32.080509185791 32.460334777832 31.8384799957275 31.9892597198486 33.9449424743652 34.683910369873 35.2854042053223 35.6046676635742 35.8691482543945 35.9174308776855 35.919132232666 35.7291717529297 35.7263221740723 35.973705291748 36.0857391357422 36.3945846557617 36.3209495544434 36.1435394287109 36.1780014038086 36.0167846679688 36.7477035522461 37.1187896728516 37.2730102539062 37.2724304199219 37.2712020874023 36.9394683837891 36.591178894043 37.1376152038574 37.2497406005859 36.9752388000488 36.6897888183594 36.9107055664062 36.9454689025879 36.962329864502 36.9159889221191 36.9022254943848 36.8944091796875 36.9031410217285 36.8823051452637 36.8758316040039 36.8968849182129 36.8759155273438 36.8386573791504 36.795337677002 36.7131805419922
31.7429351806641 31.5994625091553 32.0673751831055 31.9469451904297 32.0351448059082 33.021484375 34.0252914428711 34.6587715148926 35.1189155578613 35.462028503418 35.4033012390137 35.3333473205566 35.3915252685547 35.6569595336914 36.3483276367188 36.4352226257324 36.6029052734375 36.5078353881836 36.4264259338379 36.2641716003418 36.0231170654297 36.6398620605469 37.0493087768555 37.2209014892578 37.1566848754883 37.2269859313965 36.8629493713379 35.9959106445312 36.9113693237305 37.2341613769531 36.9644660949707 36.7378959655762 36.9128799438477 36.8481101989746 36.7748107910156 36.7834701538086 36.8185806274414 36.7491989135742 36.6677093505859 36.6438980102539 36.7322006225586 36.8073616027832 36.8791198730469 36.8534660339355 36.8136444091797 36.7529678344727
32.854377746582 31.8286972045898 31.9383087158203 32.3388137817383 32.7163238525391 33.7657928466797 33.8364028930664 34.5970573425293 35.3601684570312 35.6755142211914 35.99951171875 36.0961990356445 36.2184371948242 36.426570892334 36.5988883972168 36.6290893554688 36.5785446166992 36.6439666748047 36.607307434082 36.3834266662598 36.180908203125 36.2047233581543 36.6934471130371 36.9005928039551 36.8245506286621 37.2054290771484 37.1000518798828 36.4968452453613 36.9898910522461 37.2280235290527 36.9997596740723 36.822811126709 36.7350845336914 36.4171257019043 36.5823059082031 36.5088157653809 36.5079345703125 36.1145172119141 36.1996688842773 35.2580642700195 36.486988067627 36.7149620056152 36.8725967407227 36.8712463378906 36.8370628356934 36.7775039672852
33.5537719726562 32.5570869445801 32.0297393798828 32.8333778381348 33.4812240600586 34.1940269470215 34.2705535888672 34.7301597595215 35.4595527648926 35.8581771850586 35.8946533203125 35.9077110290527 36.2948608398438 36.4530410766602 36.5523223876953 36.5274848937988 36.7187614440918 36.8390007019043 36.8058700561523 36.5667343139648 36.3925018310547 36.3149299621582 36.4337120056152 36.4391632080078 36.408863067627 37.0323753356934 37.1912498474121 36.9104843139648 36.6262283325195 37.1150550842285 36.6694831848145 35.9167900085449 36.4805564880371 36.6216239929199 36.8825950622559 36.8714294433594 36.8243980407715 36.784481048584 36.5679664611816 35.6481056213379 36.3819618225098 36.6776885986328 36.8304862976074 36.8652038574219 36.8511772155762 36.7954025268555
33.6007804870605 32.7346076965332 32.1672782897949 33.4642028808594 34.4333076477051 34.8480453491211 35.5649490356445 35.7878646850586 35.9872894287109 36.091926574707 35.9033622741699 35.8611030578613 36.388973236084 36.4707221984863 36.477611541748 36.5366897583008 36.6411094665527 36.6268272399902 37.1160850524902 36.8822212219238 36.6026725769043 36.4606628417969 36.4335594177246 36.2787094116211 36.2833671569824 36.8559150695801 37.174201965332 37.0783157348633 36.932258605957 37.2123374938965 36.5456848144531 35.523983001709 35.9807586669922 36.6076965332031 36.6324806213379 36.2557373046875 36.3017463684082 36.7898063659668 36.8916320800781 36.8452301025391 36.8617782592773 36.8439445495605 36.8472785949707 36.8369598388672 36.8509101867676 36.816047668457
33.4742774963379 32.4983177185059 32.0218238830566 33.2470893859863 34.5222854614258 34.8619995117188 34.3017921447754 35.6001586914062 35.5481986999512 35.015438079834 35.9238395690918 36.1235961914062 36.1423377990723 36.1972846984863 36.211986541748 36.4050979614258 36.5259208679199 36.630428314209 37.0883941650391 37.1954765319824 36.9897308349609 36.6945877075195 36.5297050476074 36.451057434082 36.222095489502 36.6483154296875 37.0713119506836 37.0763053894043 37.243595123291 37.2925872802734 36.7832984924316 35.145206451416 35.7471694946289 35.2818641662598 35.5983924865723 34.9299278259277 35.8014831542969 36.7654228210449 36.8649559020996 36.9138107299805 36.9096145629883 36.8197860717773 36.7077865600586 36.7999038696289 36.8149108886719 36.7967681884766
33.4529266357422 32.6977195739746 32.758243560791 33.2723541259766 34.1899871826172 34.5964164733887 35.0121040344238 35.2377891540527 33.9827499389648 33.8939819335938 35.375244140625 34.4207801818848 34.7735900878906 35.1990432739258 35.8871154785156 36.3221397399902 36.4649620056152 36.6678810119629 36.9894371032715 37.1057548522949 37.1387977600098 36.905029296875 36.5923614501953 36.6514625549316 36.5279426574707 36.7333755493164 36.7230110168457 36.5580139160156 37.0607490539551 37.2259292602539 36.9838981628418 36.3109245300293 34.9561882019043 33.0814743041992 33.2495040893555 34.8312110900879 36.1698875427246 36.7350616455078 36.8299560546875 36.7653617858887 36.7470932006836 36.5220527648926 36.3967933654785 36.7356986999512 36.4820404052734 36.5174560546875
33.4293327331543 33.0648880004883 32.8581619262695 33.1666107177734 33.7738952636719 34.554271697998 34.713020324707 34.3039436340332 33.8385581970215 34.6629943847656 35.1242599487305 34.1598968505859 34.4732055664062 34.8838844299316 35.7937507629395 36.1706886291504 36.4506301879883 36.8621826171875 37.246021270752 37.0754432678223 36.9326057434082 37.2045059204102 36.955883026123 36.7737770080566 36.6153678894043 36.5965995788574 36.6645889282227 36.5640068054199 36.8640785217285 37.1707572937012 37.1817398071289 36.6826782226562 35.9996070861816 34.4459381103516 33.8657341003418 34.8911552429199 36.171257019043 36.6849060058594 36.7309875488281 36.28369140625 36.5079917907715 36.6657333374023 36.4590301513672 36.5074043273926 36.1922149658203 36.409423828125
33.0885238647461 32.8730087280273 32.3934555053711 32.7306098937988 33.4967193603516 33.6498794555664 34.0659523010254 34.3844757080078 34.6630744934082 34.7601661682129 35.0818176269531 35.2848091125488 35.9129219055176 35.9941177368164 36.1290893554688 35.6838302612305 36.5851631164551 36.9327239990234 37.1234931945801 36.8507804870605 36.941478729248 37.1184959411621 37.2041625976562 37.1392936706543 36.8596725463867 36.7790336608887 36.4353981018066 36.5785522460938 36.9425048828125 37.012622833252 37.1288909912109 37.1479721069336 36.613410949707 35.9758682250977 35.1209144592285 34.8348159790039 35.895679473877 36.6081695556641 36.1358184814453 35.6299629211426 36.4622802734375 36.6876525878906 36.4133186340332 35.6798248291016 35.9958877563477 36.4581336975098
