inst/extdata/Tmax/Tmax107.asc
NCOLS 100 
NROWS 79 
XLLCORNER 148.06 
YLLCORNER -21.49 
CELLSIZE 0.01 
NODATA_value -3.4e+38 
[rows 40 to 59 of 79, columns 46 to 91 of 100]
33.3414688110352 34.2055473327637 34.5731925964355 35.333984375 36.7058563232422 37.5331764221191 37.119140625 35.488655090332 35.1652412414551 35.7341346740723 36.1568222045898 37.6503448486328 37.3055191040039 37.4865188598633 36.7543830871582 37.6233901977539 37.7833518981934 37.5183601379395 37.5995750427246 37.681510925293 37.6779937744141 36.8589515686035 37.1899795532227 37.464672088623 37.5372161865234 37.5758285522461 37.4795570373535 37.1366386413574 37.2946090698242 37.461067199707 37.4220695495605 37.2964897155762 37.0265579223633 35.9871940612793 36.215461730957 36.7763786315918 36.7003631591797 36.6223907470703 36.822151184082 36.3639602661133 35.7558212280273 36.1471366882324 36.4069900512695 36.2374153137207 36.4539985656738 36.4795265197754
34.5251579284668 35.5400886535645 35.4594993591309 35.4134254455566 36.7453842163086 37.7948913574219 36.8044548034668 36.4557762145996 36.9540100097656 37.015682220459 37.3142395019531 37.9205322265625 37.8085289001465 37.8137550354004 37.6737022399902 37.9372711181641 37.9643211364746 37.895938873291 37.8483963012695 37.8585166931152 37.8259162902832 37.361629486084 36.7528915405273 37.0489387512207 36.972957611084 37.3838195800781 37.6459465026855 37.2219085693359 37.2065811157227 37.5358428955078 37.5509796142578 37.4835243225098 37.3437576293945 36.8382759094238 37.0382881164551 37.0646743774414 36.8874740600586 36.8809852600098 36.9648704528809 37.0663070678711 36.2641906738281 36.4488754272461 36.9524421691895 36.7869834899902 36.8942680358887 36.8324317932129
36.6207237243652 36.762622833252 36.9068374633789 37.3083419799805 37.5839004516602 37.9885673522949 37.6065635681152 37.1324691772461 37.5690002441406 37.9123649597168 37.8217582702637 38.0920753479004 38.1130523681641 38.0326042175293 37.9983978271484 38.0596351623535 38.0604133605957 38.029956817627 37.992057800293 37.9728889465332 37.8768501281738 37.0609474182129 36.8822021484375 37.298942565918 36.8473243713379 37.2151679992676 37.5896759033203 37.4933128356934 37.4329795837402 37.6455612182617 37.6465034484863 37.6339340209961 37.5988121032715 37.5017547607422 37.4168167114258 37.1351547241211 36.3799095153809 36.8674926757812 37.3063316345215 37.2975578308105 37.1790237426758 37.1259078979492 37.2188568115234 37.2421531677246 37.2696418762207 37.210075378418
37.6997604370117 37.7049217224121 37.807071685791 37.9225196838379 38.1182060241699 38.1684417724609 38.0832023620605 37.8660545349121 38.0070266723633 38.1901779174805 38.1737060546875 38.2080993652344 38.1787948608398 38.1355171203613 38.1431274414062 38.1031494140625 38.0352745056152 38.0037269592285 38.0218849182129 38.0376739501953 37.9809036254883 37.7622375488281 37.5313949584961 37.6725082397461 37.5444297790527 37.145393371582 37.3817710876465 37.6062469482422 37.7305488586426 37.7384338378906 37.7151870727539 37.6970291137695 37.6656265258789 37.6278457641602 37.6188735961914 37.4868202209473 37.0862159729004 37.3395233154297 37.4840202331543 37.4653434753418 37.4248657226562 37.4170684814453 37.3991966247559 37.4063873291016 37.4043502807617 37.3631401062012
37.553409576416 37.7769012451172 37.9953460693359 37.9902114868164 38.0272979736328 38.1158142089844 38.1502532958984 38.2004013061523 38.2141075134277 38.1526832580566 37.9514045715332 38.0366897583008 37.9584846496582 37.7188034057617 37.8677291870117 37.9694595336914 37.8589744567871 37.9457321166992 38.0171089172363 38.0480155944824 38.0418395996094 37.9167671203613 37.6304206848145 37.3959007263184 37.5792961120605 37.7134056091309 37.7439231872559 37.7695922851562 37.7639808654785 37.7803153991699 37.7442321777344 37.7226409912109 37.6741905212402 37.6365661621094 37.6550216674805 37.5953788757324 37.572940826416 37.5635070800781 37.5105094909668 37.5051422119141 37.4724388122559 37.4552040100098 37.4512176513672 37.4333915710449 37.3482246398926 37.3562240600586
35.9865455627441 36.6641464233398 37.0237655639648 37.2014541625977 37.5136184692383 37.7872123718262 37.7273979187012 37.8921890258789 37.8786811828613 37.723876953125 37.0379104614258 37.0399169921875 37.0967102050781 35.8092193603516 36.6161766052246 37.261604309082 37.7281265258789 38.0098571777344 38.0766639709473 38.084774017334 38.071891784668 37.904655456543 37.5114212036133 37.1823844909668 37.4032287597656 37.615364074707 37.7170829772949 37.6928443908691 37.7374496459961 37.7875442504883 37.7682342529297 37.7524566650391 37.7205543518066 37.7043876647949 37.671947479248 37.5797348022461 37.5652656555176 37.553165435791 37.5230941772461 37.5102424621582 37.4727668762207 37.4589767456055 37.4438438415527 37.3946495056152 37.3820877075195 37.3869094848633
33.8302345275879 34.9857215881348 34.8933029174805 34.859489440918 36.0275955200195 36.4755592346191 36.5706329345703 36.7890625 37.17529296875 36.6251106262207 36.0266799926758 35.5185317993164 36.0830574035645 35.9635963439941 36.3359565734863 37.3160133361816 37.9039459228516 38.0591278076172 38.0755767822266 38.0445404052734 38.0668792724609 38.0684432983398 37.6852111816406 37.369457244873 37.2604598999023 37.478385925293 37.6489143371582 37.7360877990723 37.8130187988281 37.8157005310059 37.8107261657715 37.8040199279785 37.7812271118164 37.7390289306641 37.6666145324707 37.604549407959 37.5946044921875 37.5850868225098 37.5669136047363 37.5484619140625 37.5102844238281 37.5000877380371 37.4906272888184 37.4564323425293 37.4432373046875 37.3371696472168
33.9455490112305 33.878589630127 33.695240020752 33.7648696899414 33.7070541381836 34.4119567871094 35.5302429199219 36.1006011962891 36.2497367858887 36.1300659179688 36.5757751464844 36.4198379516602 36.2710266113281 36.762149810791 37.004997253418 37.7486686706543 37.961109161377 37.9722709655762 37.9036064147949 37.9977531433105 38.0836906433105 38.1172904968262 37.9775733947754 37.6928291320801 37.3180541992188 37.5332221984863 37.6903419494629 37.8208694458008 37.869743347168 37.8884963989258 37.8750915527344 37.845329284668 37.7723426818848 37.6908836364746 37.6344604492188 37.6013221740723 37.6060981750488 37.6130294799805 37.5992469787598 37.5815505981445 37.5550651550293 37.5504608154297 37.5381546020508 37.5134773254395 37.341739654541 37.1499404907227
33.5797157287598 33.6750640869141 33.8868865966797 33.6170234680176 33.5277328491211 33.6152954101562 34.4175453186035 35.8820266723633 36.3442726135254 36.4890594482422 36.3282432556152 36.4802551269531 36.7231369018555 36.9640312194824 37.0031242370605 37.447265625 37.7662239074707 37.7527046203613 37.7336730957031 37.9853782653809 38.0602264404297 38.064567565918 38.1269989013672 38.0403213500977 37.9252624511719 37.8768043518066 37.9407730102539 37.9870986938477 37.979377746582 37.9673538208008 37.919979095459 37.8468246459961 37.7574729919434 37.6281776428223 37.5895080566406 37.624942779541 37.6281547546387 37.6382751464844 37.6469650268555 37.6296730041504 37.6163902282715 37.6095275878906 37.5908432006836 37.5731468200684 37.4394989013672 37.3154640197754
33.6525535583496 33.8187294006348 33.8421058654785 33.529052734375 33.9957275390625 34.7643089294434 34.859806060791 35.9716567993164 36.3826103210449 36.5518836975098 36.3708114624023 36.7752342224121 37.0066871643066 36.9992790222168 37.0667152404785 36.9607315063477 37.0337219238281 37.2233734130859 37.5341835021973 37.8311958312988 37.8981781005859 37.9016189575195 38.1027450561523 38.1328048706055 38.1348876953125 38.0963325500488 38.0599708557129 37.8954849243164 37.9371871948242 37.9841003417969 37.9270172119141 37.8124961853027 37.7599678039551 37.5739517211914 37.5155715942383 37.6532402038574 37.650089263916 37.6318740844727 37.6769943237305 37.6782722473145 37.6504058837891 37.6500053405762 37.6329460144043 37.6060905456543 37.542308807373 37.4709663391113
33.6882858276367 33.5735778808594 33.7841300964355 33.5078239440918 34.127685546875 35.1376533508301 35.4515380859375 35.9669227600098 36.5816993713379 36.9652709960938 36.9639663696289 37.0594749450684 37.1124687194824 37.1281700134277 37.1074295043945 37.0434074401855 37.0903663635254 36.8470153808594 36.5358810424805 37.511116027832 37.3931121826172 37.7661743164062 38.0477447509766 38.0894470214844 38.1224365234375 38.0890998840332 38.0114135742188 37.8035049438477 37.9218673706055 38.0004119873047 37.8312149047852 37.671142578125 37.671703338623 37.6407203674316 37.6560592651367 37.711483001709 37.7138862609863 37.6982116699219 37.6930694580078 37.7178611755371 37.7040634155273 37.6864547729492 37.6634559631348 37.6330413818359 37.5964012145996 37.5095977783203
33.2664794921875 33.2411079406738 33.6139678955078 33.0010604858398 33.1494293212891 35.0391883850098 35.7332229614258 36.2911224365234 36.5828742980957 36.8230247497559 36.8607444763184 36.8561096191406 36.6735191345215 36.6651229858398 36.88916015625 36.9867858886719 37.269157409668 37.1948585510254 37.023796081543 37.0502433776855 36.8940963745117 37.5726470947266 37.9210205078125 38.0650634765625 38.0605010986328 38.0551109313965 37.7319221496582 37.3968696594238 37.9154815673828 38.021369934082 37.7520065307617 37.4753875732422 37.684154510498 37.7151756286621 37.7292251586914 37.6819076538086 37.6761589050293 37.6758728027344 37.6906394958496 37.6784858703613 37.6772422790527 37.7021598815918 37.689094543457 37.6612930297852 37.6280059814453 37.558277130127
32.9044876098633 32.76171875 33.2261543273926 33.1067962646484 33.1935844421387 34.1555404663086 35.1153831481934 35.7101669311523 36.1368522644043 36.4519500732422 36.3906478881836 36.3200492858887 36.3689308166504 36.6104393005371 37.249210357666 37.3242416381836 37.4761505126953 37.3811416625977 37.2992744445801 37.142162322998 36.9115447998047 37.4834213256836 37.8674850463867 38.0279998779297 37.9622039794922 38.0258331298828 37.6724967956543 36.8536186218262 37.7116889953613 38.0203285217285 37.7559928894043 37.5358238220215 37.7009429931641 37.6361503601074 37.5633811950684 37.5713424682617 37.6098785400391 37.5540924072266 37.4864273071289 37.4708824157715 37.5554084777832 37.6293029785156 37.7000923156738 37.6828346252441 37.6527519226074 37.6025085449219
34.002872467041 32.9878311157227 33.0968589782715 33.4924354553223 33.8617668151855 34.8748321533203 34.9392471313477 35.6579284667969 36.3704833984375 36.6601448059082 36.9565925598145 37.0412750244141 37.1499862670898 37.3394432067871 37.495906829834 37.5181846618652 37.4650115966797 37.5211410522461 37.4813041687012 37.2658729553223 37.0706367492676 37.0880661010742 37.5424156188965 37.7346572875977 37.6582145690918 38.0188179016113 37.9137992858887 37.3357849121094 37.8014183044434 38.0287780761719 37.8047180175781 37.6319999694824 37.5454864501953 37.2411270141602 37.3950500488281 37.332706451416 37.3381729125977 36.9880638122559 37.071174621582 36.2232818603516 37.3420906066895 37.5543746948242 37.7028617858887 37.7076454162598 37.6827163696289 37.633544921875
34.6870880126953 33.7083587646484 33.1859474182129 33.9777908325195 34.6064453125 35.2879257202148 35.3572273254395 35.7892112731934 36.4712409973145 36.839786529541 36.8676300048828 36.8744621276855 37.2319107055664 37.3751449584961 37.4633102416992 37.4336547851562 37.6086082458496 37.717170715332 37.6807670593262 37.4499969482422 37.2806205749512 37.2032890319824 37.3103370666504 37.3112297058105 37.278694152832 37.8658714294434 38.0156059265137 37.7424812316895 37.4685974121094 37.9335670471191 37.5030212402344 36.7937202453613 37.3185691833496 37.4499549865723 37.6975021362305 37.6837615966797 37.6360015869141 37.6018829345703 37.4122047424316 36.5846824645996 37.2548141479492 37.5285987854004 37.6728363037109 37.7102851867676 37.7036514282227 37.6579437255859
34.7339286804199 33.8828239440918 33.3209762573242 34.5939178466797 35.5248069763184 35.9151763916016 36.588436126709 36.793083190918 36.9752540588379 37.0681686401367 36.8848304748535 36.8400611877441 37.3307037353516 37.4025459289551 37.4037246704102 37.453296661377 37.5466651916504 37.5281753540039 37.9881057739258 37.7606544494629 37.4906730651855 37.3524436950684 37.3227806091309 37.1733551025391 37.1738815307617 37.7107048034668 38.0130157470703 37.9176902770996 37.774528503418 38.0422782897949 37.4000930786133 36.4446144104004 36.8647155761719 37.4509391784668 37.471736907959 37.1186027526855 37.1664276123047 37.6149673461914 37.7125587463379 37.6768531799316 37.6967430114746 37.686840057373 37.6960182189941 37.6928482055664 37.7115669250488 37.6848373413086
34.6112022399902 33.6483421325684 33.1746635437012 34.3835754394531 35.6139678955078 35.9336624145508 35.3954658508301 36.6237754821777 36.5698394775391 36.0626792907715 36.9130363464355 37.0960502624512 37.1088104248047 37.1554946899414 37.1642303466797 37.3401527404785 37.4491767883301 37.543140411377 37.9738616943359 38.0722007751465 37.8706359863281 37.5858879089355 37.4260215759277 37.3480834960938 37.1292877197266 37.5268516540527 37.9277648925781 37.929874420166 38.0892372131348 38.1348037719727 37.6408157348633 36.1084060668945 36.6606826782227 36.2324447631836 36.5252990722656 35.9237670898438 36.7203674316406 37.6062240600586 37.7008628845215 37.7470550537109 37.7478141784668 37.6729125976562 37.5779113769531 37.6674690246582 37.6872291564941 37.6756744384766
34.5908966064453 33.8450584411621 33.9044570922852 34.4091911315918 35.2984161376953 35.6850357055664 36.0778198242188 36.287971496582 35.0882148742676 35.000846862793 36.4046516418457 35.4983024597168 35.8293991088867 36.2266502380371 36.8688049316406 37.2726211547852 37.4027366638184 37.5901336669922 37.8915061950684 37.9986572265625 38.0259628295898 37.7986526489258 37.4979438781738 37.5504455566406 37.4301986694336 37.6211853027344 37.6084136962891 37.4489898681641 37.9267349243164 38.0840759277344 37.8469772338867 37.2031898498535 35.9432830810547 34.2439079284668 34.4013938903809 35.8409385681152 37.0616340637207 37.5919570922852 37.6821174621582 37.6200981140137 37.6086883544922 37.4114112854004 37.3042984008789 37.6174850463867 37.3942184448242 37.4313049316406
34.5683059692383 34.207878112793 34.0029296875 34.3063125610352 34.8985061645508 35.6492881774902 35.7981758117676 35.4032554626465 34.9532852172852 35.7409820556641 36.1751251220703 35.2553787231445 35.5513076782227 35.9373474121094 36.7907981872559 37.1406707763672 37.400562286377 37.78662109375 38.1496925354004 37.9823303222656 37.8415374755859 38.0986824035645 37.8569641113281 37.6800575256348 37.5264930725098 37.5051078796387 37.5669479370117 37.4685478210449 37.7514915466309 38.0443534851074 38.0524139404297 37.5696029663086 36.9220237731934 35.4879913330078 34.9670867919922 35.9026794433594 37.0727005004883 37.5590667724609 37.6019897460938 37.1921157836914 37.4006538391113 37.5499801635742 37.369255065918 37.419548034668 37.1401901245117 37.3423233032227
34.2317504882812 34.0175399780273 33.5405044555664 33.8759956359863 34.6299285888672 34.7778587341309 35.1800079345703 35.4848480224609 35.7493476867676 35.8392791748047 36.1417465209961 36.3306579589844 36.9206619262695 36.9931564331055 37.1164474487305 36.6918296813965 37.5389556884766 37.8655891418457 38.0442962646484 37.7800178527832 37.8625144958496 38.028881072998 38.1083335876465 38.0431137084961 37.772331237793 37.6919403076172 37.3624687194824 37.4951782226562 37.8400611877441 37.9051513671875 38.015007019043 38.031681060791 37.5151519775391 36.9108123779297 36.1149215698242 35.8581924438477 36.8287811279297 37.5006484985352 37.0590133666992 36.6061096191406 37.3669776916504 37.577693939209 37.3357734680176 36.676097869873 36.9699745178223 37.394718170166
