inst/extdata/Tmax/Tmax58.asc
NCOLS 100 
NROWS 79 
XLLCORNER 148.06 
YLLCORNER -21.49 
CELLSIZE 0.01 
NODATA_value -3.4e+38 
[rows 20 to 39 of 79, columns 46 to 91 of 100]
36.3637504577637 34.8748321533203 35.0288124084473 36.1838226318359 35.9317092895508 35.4433555603027 35.1649284362793 34.1414756774902 35.6797828674316 37.2188491821289 38.3002853393555 37.8169250488281 37.7796058654785 38.4033813476562 38.037239074707 37.7428016662598 38.0169868469238 38.583610534668 38.730884552002 38.7216835021973 38.6560363769531 38.5062789916992 38.7899284362793 38.8620910644531 38.7963905334473 38.6921768188477 38.5709915161133 38.591724395752 38.5425262451172 38.1924743652344 38.2562370300293 38.5006942749023 38.3845405578613 38.0940017700195 38.0820693969727 38.0272064208984 37.9274215698242 37.9086074829102 37.8830070495605 37.8477172851562 37.7538070678711 37.5531005859375 36.9230194091797 36.7581634521484 36.9618682861328 36.9600067138672
36.6684341430664 34.8804206848145 33.8452186584473 35.2963447570801 35.1566696166992 34.6753196716309 35.3628234863281 33.7238845825195 34.7681198120117 36.7307586669922 38.0457763671875 36.6598281860352 35.9704818725586 37.8526992797852 36.619441986084 36.2309036254883 37.1210403442383 38.4587936401367 38.4545745849609 38.8723449707031 38.9719429016113 38.9382820129395 38.7126693725586 38.3502655029297 38.3305206298828 38.3821067810059 38.5375480651855 38.4951438903809 38.3898086547852 38.2950744628906 38.5999031066895 38.6197814941406 38.5492324829102 38.1614990234375 38.2315483093262 38.1646003723145 38.0179977416992 38.0171241760254 38.0128936767578 38.0045852661133 37.844612121582 37.7061462402344 37.4816131591797 37.2582931518555 37.1073684692383 37.1015930175781
37.3450355529785 36.8247718811035 35.1350059509277 34.554500579834 34.1178131103516 35.0831260681152 34.5321846008301 34.7197761535645 34.171558380127 34.944694519043 37.1268882751465 37.5363349914551 35.9355850219727 36.3443870544434 35.9722709655762 36.5462684631348 37.6348304748535 38.039249420166 36.6386947631836 37.9433975219727 38.770866394043 38.8139991760254 38.1738433837891 37.3111419677734 37.917552947998 37.883129119873 38.4811592102051 38.6658248901367 38.3410530090332 38.5448760986328 38.7198257446289 38.7365913391113 38.7220153808594 38.6395072937012 38.5136413574219 38.3039398193359 38.1022262573242 37.9571266174316 38.0252952575684 38.1157150268555 37.9770393371582 37.8906707763672 37.5989952087402 37.4631195068359 37.319263458252 37.4685668945312
36.6712913513184 36.5022850036621 35.9555892944336 35.2507171630859 33.9433250427246 34.5683135986328 35.0795860290527 35.2208442687988 34.9813194274902 34.5682716369629 35.7167930603027 35.6860771179199 36.6263885498047 34.9260902404785 35.7451171875 37.3002471923828 37.2627563476562 37.643367767334 36.227668762207 38.3551292419434 39.1474952697754 39.0007743835449 38.0148315429688 36.6155776977539 37.8769035339355 38.0365676879883 38.1325035095215 38.6025009155273 38.7960357666016 38.8482856750488 38.8638343811035 38.8624801635742 38.823673248291 38.7170639038086 38.5981559753418 38.4150009155273 37.9654197692871 37.5955963134766 37.7342414855957 38.008903503418 37.9621696472168 38.009033203125 37.7324409484863 37.699535369873 37.4352378845215 37.4710998535156
35.0261154174805 36.1429443359375 36.4155235290527 36.1839561462402 35.282413482666 34.719108581543 34.6778564453125 34.3768501281738 35.1248435974121 34.6287536621094 34.5946655273438 34.1587677001953 35.8934097290039 36.7940902709961 35.9213943481445 37.0157699584961 37.8151969909668 38.4084129333496 38.0786628723145 39.1216621398926 39.1203575134277 38.9363021850586 38.213264465332 37.3377952575684 38.1436080932617 38.426456451416 38.1015930175781 38.1911392211914 38.2932395935059 38.8020362854004 38.6322708129883 38.947582244873 38.8061485290527 38.7572593688965 38.6574859619141 38.2840576171875 38.1836547851562 37.5753440856934 37.2700996398926 37.7525405883789 37.880989074707 37.976734161377 37.7914619445801 37.8509178161621 37.9128570556641 37.7628479003906
33.7336959838867 34.6053504943848 35.7525405883789 35.6570167541504 34.8926429748535 34.2110137939453 33.8210525512695 33.2803802490234 34.3283004760742 34.853443145752 34.3580055236816 34.5401649475098 35.8081245422363 37.8425483703613 37.3019027709961 37.3698616027832 37.5239677429199 38.9481201171875 39.0380172729492 39.0136451721191 39.0008316040039 38.6466751098633 37.3483009338379 37.3965339660645 37.496826171875 38.1476058959961 37.8552894592285 37.2034072875977 37.8506164550781 38.93310546875 38.8744049072266 38.9728889465332 38.9226951599121 38.8853950500488 38.7365989685059 38.5620079040527 38.5747375488281 37.9409637451172 37.392692565918 37.7338638305664 37.3915596008301 37.5258255004883 37.2257232666016 37.9079780578613 37.9573974609375 37.9200019836426
33.6474533081055 33.4827499389648 34.1147689819336 34.6710433959961 35.2609939575195 33.230541229248 32.944694519043 33.689640045166 34.1262092590332 34.7694892883301 34.7571716308594 35.0990409851074 36.8751564025879 37.8228912353516 38.3313255310059 38.4892921447754 38.6246185302734 39.1383323669434 38.7519416809082 38.567512512207 38.5976371765137 38.1097183227539 38.2952461242676 38.5662803649902 38.566707611084 37.9201507568359 37.4717407226562 38.4097557067871 38.6700172424316 38.6190910339355 38.0398216247559 38.7099113464355 38.868091583252 38.9483261108398 38.9287719726562 38.8194885253906 38.4728126525879 38.1205139160156 38.1962242126465 37.9370307922363 37.7924385070801 37.2114524841309 37.7148208618164 37.930362701416 37.8245048522949 37.7016868591309
33.846004486084 33.3549880981445 33.6169967651367 33.8225746154785 34.3003768920898 32.742919921875 32.4415397644043 32.8105354309082 33.9834251403809 34.6400680541992 34.1440773010254 34.643928527832 35.4201507568359 36.6665344238281 38.1683387756348 37.8096466064453 38.9409446716309 39.1872062683105 38.4492607116699 37.6689071655273 38.3368339538574 38.5179786682129 38.8427581787109 39.0721435546875 39.1769485473633 38.727954864502 38.7169075012207 39.0782012939453 39.1370964050293 38.3948707580566 37.9327354431152 38.4773406982422 38.5855484008789 39.0088996887207 39.0501861572266 38.9758758544922 38.8123550415039 38.5845184326172 38.1618766784668 37.3471260070801 37.0885772705078 36.9508018493652 36.9844284057617 37.6764602661133 37.7105293273926 38.1081695556641
34.6615257263184 34.2459754943848 34.9161567687988 34.7550239562988 34.3776092529297 33.0784111022949 33.7631072998047 33.5057106018066 33.7693748474121 34.2901573181152 34.0070762634277 34.2390403747559 34.340934753418 36.4575805664062 37.7719459533691 37.0088005065918 38.5648384094238 38.8586158752441 38.5278129577637 37.3469734191895 37.626106262207 38.7431488037109 39.1490211486816 39.2707748413086 39.2846374511719 39.1685676574707 39.1763038635254 39.2865371704102 38.8833770751953 38.1380805969238 37.9966773986816 38.6665573120117 39.0942153930664 39.1262550354004 39.1112823486328 39.0722122192383 39.0196800231934 38.8723907470703 38.6091651916504 37.418773651123 36.7918281555176 35.9407730102539 36.9453468322754 36.9198188781738 37.840389251709 38.2141075134277
36.1400146484375 35.9832191467285 35.4391288757324 35.3643989562988 34.8708839416504 34.412467956543 34.1057624816895 33.1677894592285 33.7434997558594 33.2574348449707 32.7765274047852 33.9753341674805 34.2645072937012 36.0034332275391 37.0651741027832 36.2527465820312 37.0208702087402 37.840576171875 38.4164695739746 38.2778053283691 37.8043632507324 38.7931480407715 39.2709999084473 39.0584564208984 39.0234756469727 38.6844673156738 39.1050910949707 39.3492164611816 38.3861312866211 37.491512298584 38.1794662475586 38.7498016357422 39.1065483093262 39.1831665039062 39.1895484924316 39.1197891235352 39.0919647216797 38.9912948608398 38.7924194335938 38.3862724304199 37.6643943786621 37.1336402893066 36.6717224121094 36.4577789306641 37.356990814209 37.8636169433594
35.1712074279785 35.1556510925293 35.1643104553223 34.8192176818848 34.3598518371582 34.5565605163574 33.6984519958496 33.2005805969238 32.7006607055664 32.7650985717773 32.1824417114258 33.0218315124512 32.9963607788086 34.9992713928223 35.9859733581543 34.8241081237793 35.2920455932617 37.013729095459 38.4057273864746 38.9731330871582 38.4699058532715 39.0788459777832 39.2841873168945 38.8616142272949 38.8339614868164 38.9517440795898 39.4222679138184 39.3895492553711 38.816520690918 38.1158103942871 38.5020904541016 38.7665481567383 39.2030792236328 39.2212409973145 39.165714263916 39.1207046508789 39.1119270324707 39.0279197692871 38.9463768005371 38.7313575744629 38.4528312683105 37.8709144592285 37.4577407836914 37.4018402099609 37.6216430664062 38.0470695495605
34.5170822143555 34.7434463500977 34.6214447021484 34.56201171875 33.7105979919434 34.44091796875 33.5158424377441 32.3232917785645 31.7377376556396 32.087230682373 31.7486000061035 32.3720359802246 33.0901145935059 34.7769622802734 35.0344276428223 34.6764984130859 36.8450050354004 37.8697776794434 38.6514930725098 39.1431121826172 39.429931640625 39.4626731872559 39.3952331542969 39.294261932373 39.0585708618164 39.3502197265625 39.4739074707031 39.3473892211914 38.9458885192871 38.2649879455566 38.3563117980957 38.9403076171875 39.1557846069336 38.6643333435059 39.0432739257812 39.1477432250977 39.1182403564453 39.0734939575195 39.0182991027832 38.8939056396484 38.5685424804688 37.7632713317871 38.1064720153809 38.1380767822266 38.0294723510742 37.9521713256836
33.9112930297852 34.1783866882324 34.0127029418945 34.2490997314453 34.3135223388672 34.3077774047852 33.9250335693359 32.8603973388672 32.9321365356445 33.0102157592773 32.0218162536621 31.8151073455811 32.6946716308594 34.7463264465332 35.1945877075195 35.6650810241699 35.738208770752 36.6773529052734 38.6582565307617 39.2677154541016 39.4687881469727 39.3944969177246 39.2304763793945 39.172664642334 39.3274459838867 39.3976440429688 39.364429473877 38.9486694335938 37.9529457092285 38.1321220397949 38.4748458862305 39.2861175537109 38.9978256225586 38.3960762023926 39.107421875 39.0215034484863 39.0441627502441 39.0921363830566 38.9819412231445 38.6757278442383 38.0407104492188 36.6830024719238 36.3987770080566 37.5031890869141 37.8754997253418 38.1851768493652
34.568531036377 34.0977439880371 33.9290771484375 34.0689506530762 34.1800155639648 34.0888710021973 33.6277122497559 33.2525291442871 33.7798042297363 33.110767364502 32.9542274475098 32.9254417419434 33.6483879089355 34.6800308227539 34.8040466308594 35.4370346069336 36.5248222351074 37.7781715393066 38.7591209411621 39.1876983642578 39.5382804870605 39.4896774291992 38.9638862609863 38.6583251953125 38.8928642272949 38.7332572937012 38.8372192382812 39.0085487365723 38.8889541625977 38.8672828674316 39.1908950805664 39.4493026733398 38.7918395996094 38.6960182189941 39.2912521362305 38.7486152648926 38.8832626342773 38.8316383361816 38.9014053344727 38.579647064209 37.0504989624023 36.2504768371582 35.6035995483398 37.5113220214844 38.0954704284668 37.9086647033691
34.9901084899902 33.8336868286133 33.7715530395508 33.8609771728516 33.9748115539551 33.8359909057617 33.820426940918 34.3209915161133 33.9661636352539 33.2307739257812 34.2643280029297 34.669605255127 34.8196907043457 34.2246246337891 34.2268104553223 35.1575355529785 36.4961357116699 37.9659652709961 38.0657958984375 38.9190673828125 39.4040107727051 39.4036331176758 38.8995399475098 38.6414833068848 37.7950401306152 38.3848991394043 38.9280815124512 39.0850372314453 39.3281745910645 39.3346138000488 39.519214630127 39.4365005493164 39.3966636657715 39.4215774536133 39.3690376281738 39.0970497131348 38.0998764038086 38.7262687683105 38.9178466796875 38.8582916259766 38.7944679260254 37.4548988342285 37.2784652709961 38.6535301208496 38.9329643249512 38.902889251709
35.0630035400391 34.1033821105957 33.7610282897949 33.6743316650391 33.8573036193848 33.672534942627 34.2753944396973 35.7775611877441 34.9544219970703 34.2969741821289 35.978328704834 36.6834487915039 36.2473907470703 34.3843727111816 34.7404251098633 34.8116302490234 36.8017196655273 36.8769645690918 36.7348937988281 37.7458572387695 38.9803352355957 39.203540802002 38.8569526672363 38.846794128418 38.7068099975586 38.338321685791 38.415771484375 38.5693283081055 39.2951011657715 39.255199432373 39.342098236084 39.1205863952637 39.3289604187012 39.4797019958496 39.1708030700684 39.1324081420898 38.420166015625 38.5483894348145 38.8290138244629 38.6515312194824 39.068775177002 39.0646057128906 38.9559478759766 38.9936256408691 39.1013946533203 38.9692497253418
34.8164253234863 34.1771430969238 33.9589691162109 34.1145706176758 34.034538269043 34.1149673461914 34.4803695678711 36.4186592102051 36.5707473754883 35.3293952941895 37.2957954406738 38.3580284118652 37.55615234375 36.1746673583984 36.0926055908203 36.7808265686035 37.5404281616211 38.0525245666504 38.3997993469238 38.7294692993164 38.9653129577637 38.6623878479004 37.2073707580566 37.5177879333496 38.0922164916992 37.6747932434082 37.9058532714844 38.8173332214355 39.2150459289551 39.4272193908691 38.2872772216797 38.2459754943848 39.1122360229492 39.422794342041 38.9112434387207 38.9226722717285 38.0716133117676 38.6183815002441 38.8271179199219 38.6681175231934 39.1380462646484 39.2204399108887 39.2399520874023 39.231014251709 39.1662368774414 38.8349266052246
34.8726463317871 34.4725036621094 34.4129943847656 34.5388221740723 34.7018165588379 34.8211059570312 35.5406723022461 37.1866264343262 37.0551910400391 36.5090827941895 38.1004905700684 39.3253479003906 38.4202766418457 37.147590637207 36.5357131958008 38.4458198547363 38.8376960754395 39.061767578125 39.2782897949219 39.3025856018066 38.8537292480469 38.5499725341797 38.6634330749512 38.0636444091797 38.4239807128906 38.9179763793945 39.1459159851074 39.2264709472656 39.4463386535645 39.3676147460938 37.6331558227539 38.3928070068359 39.2884254455566 39.2010841369629 38.7391548156738 38.6768798828125 38.5016403198242 39.0387573242188 39.063549041748 39.0668334960938 39.019474029541 39.1862487792969 39.231616973877 39.2369232177734 39.1536521911621 39.1033058166504
34.8404350280762 34.5419921875 35.0396690368652 35.7304649353027 35.8141326904297 36.2316017150879 37.2522773742676 37.9517059326172 37.2687911987305 37.705753326416 39.2808570861816 39.8343391418457 39.2298049926758 38.0989646911621 37.2492332458496 38.4118003845215 38.4079704284668 38.7318801879883 39.5315704345703 39.7450218200684 39.4186058044434 39.0313377380371 39.3945693969727 39.1831398010254 39.038948059082 39.5307540893555 39.4177169799805 39.326473236084 39.5991439819336 39.3531074523926 38.6880722045898 39.1747055053711 39.3579368591309 39.0270500183105 38.0158576965332 37.9544067382812 38.3014488220215 39.0729637145996 38.7567024230957 38.7287368774414 38.7345848083496 39.038501739502 39.0131530761719 39.0733108520508 38.9137535095215 39.055419921875
34.9086418151855 35.0676078796387 36.1153602600098 36.7757415771484 37.4368515014648 38.526611328125 39.2230110168457 38.445140838623 36.3698997497559 36.9975700378418 38.70068359375 39.8992080688477 39.4265327453613 39.0539436340332 38.054126739502 39.1300277709961 39.2921752929688 38.6143341064453 39.4618263244629 39.8333206176758 39.7740898132324 39.2814483642578 39.6417427062988 39.7495727539062 39.5794448852539 39.6599998474121 39.4557991027832 38.6312255859375 39.4961929321289 39.6436958312988 39.5512504577637 39.4114761352539 39.0658798217773 38.695255279541 37.7780876159668 37.8215103149414 38.6348915100098 38.5599746704102 38.4003105163574 38.1930046081543 38.3333053588867 38.6556854248047 38.4414291381836 38.8208084106445 38.3215408325195 38.7376022338867
