inst/extdata/Tmax/Tmax63.asc
NCOLS 100 
NROWS 79 
XLLCORNER 148.06 
YLLCORNER -21.49 
CELLSIZE 0.01 
NODATA_value -3.4e+38 
[rows 0 to 19 of 79, columns 0 to 45 of 100]
39.828453063964801 39.4582366943359 38.4269599914551 38.7838401794434 38.9063835144043 39.3143424987793 39.4827041625977 39.6193618774414 39.5473022460938 39.3445587158203 38.8441543579102 38.6092567443848 38.5001907348633 37.2087364196777 37.688835144043 38.0918426513672 38.4602813720703 38.406192779541 37.5627784729004 36.8700714111328 36.7201309204102 35.7471771240234 36.1963996887207 37.5361938476562 38.0690650939941 38.3303413391113 38.2081604003906 38.2527847290039 37.925350189209 37.5368614196777 36.6172523498535 34.661247253418 35.9948692321777 35.9053115844727 34.6511764526367 33.5011825561523 33.3867568969727 32.9913330078125 33.790699005127 35.7427597045898 37.3543395996094 37.6378631591797 38.4002571105957 38.7391967773438 38.9032020568848 39.0199699401855
39.6669807434082 39.1049308776855 38.268970489502 38.3451881408691 37.7173728942871 38.6619033813477 39.2248001098633 39.5230331420898 39.6211242675781 39.4734878540039 39.1046981811523 38.762321472168 38.8496284484863 38.3980522155762 38.203971862793 38.061767578125 38.4589538574219 38.4707412719727 37.4310722351074 36.8075790405273 37.3620109558105 37.0995941162109 36.9842948913574 37.4502983093262 37.9431228637695 38.1358413696289 38.4391212463379 38.3784828186035 38.1544151306152 37.9292411804199 37.0386848449707 35.5622215270996 36.8020896911621 36.3625793457031 35.6515846252441 34.6339683532715 34.173397064209 34.5647468566895 35.7036933898926 36.8950004577637 38.4729652404785 38.9040069580078 39.0207176208496 39.0099487304688 39.0536346435547 39.0829277038574
39.67138671875 38.7997894287109 38.8937492370605 39.005184173584 38.4990921020508 38.6001663208008 39.0017280578613 39.5568695068359 39.7073745727539 39.5422096252441 39.2244300842285 39.0663948059082 38.9473266601562 38.8651313781738 38.532054901123 38.3541603088379 38.5484008789062 38.6930923461914 38.0909576416016 37.8921508789062 37.7388687133789 37.3972129821777 37.1550178527832 37.2867698669434 38.1865425109863 38.4716262817383 38.306209564209 38.2788352966309 38.2777252197266 37.948112487793 38.0079689025879 36.959659576416 37.2203178405762 35.9025421142578 35.5799293518066 34.9034767150879 34.3583831787109 33.8518257141113 34.9479141235352 36.2313652038574 37.7120361328125 38.785816192627 39.1078186035156 39.167163848877 39.1375274658203 39.0799331665039
39.9080085754395 39.5237312316895 39.1383323669434 39.7609596252441 39.2002830505371 38.7266426086426 39.1037216186523 39.6609497070312 39.801155090332 39.6357383728027 39.460807800293 39.3941993713379 39.2596893310547 39.065559387207 38.5965118408203 38.3949432373047 38.7424621582031 38.7878189086914 38.5555458068848 38.060920715332 37.7199096679688 37.3212699890137 37.4081954956055 37.3717575073242 38.0046653747559 38.472110748291 38.0902252197266 38.372486114502 38.176513671875 37.2886276245117 37.8912391662598 37.9739799499512 37.1699676513672 35.825553894043 35.2158584594727 34.2835693359375 34.5823173522949 34.051830291748 33.9295921325684 33.410457611084 35.0779685974121 37.9800262451172 38.9508934020996 39.1713676452637 38.9042854309082 38.7910308837891
40.4928245544434 39.9096984863281 39.6252059936523 40.0215377807617 39.7539482116699 39.0520477294922 39.0669059753418 39.7140579223633 39.8354530334473 39.4266014099121 39.4028930664062 39.5824851989746 39.4275741577148 39.1157379150391 38.7147979736328 38.8477554321289 38.9181671142578 38.6367683410645 38.1457328796387 37.3585624694824 37.5602188110352 37.7480316162109 37.890495300293 38.1042022705078 38.1140327453613 37.7583503723145 38.5640907287598 38.1430053710938 38.0032424926758 37.4742126464844 37.8653526306152 37.6748199462891 37.3414077758789 36.2750205993652 35.7203369140625 36.0597877502441 35.7299118041992 35.141716003418 34.562671661377 33.7734870910645 33.4003257751465 37.0874900817871 38.6841926574707 39.115291595459 38.3945503234863 37.6280250549316
40.6611595153809 40.3913116455078 39.6354179382324 40.0601501464844 40.1047248840332 39.6474914550781 39.3261985778809 39.7739868164062 39.9090194702148 39.5871391296387 39.4453887939453 39.6912574768066 39.5042381286621 39.1946258544922 38.484130859375 38.9899024963379 38.8931274414062 38.4060668945312 37.8181762695312 37.369327545166 37.481689453125 37.7668342590332 38.1109733581543 38.1132278442383 38.4368286132812 38.3227233886719 38.4188499450684 37.5886039733887 37.5874252319336 36.4127807617188 37.2165412902832 37.7459182739258 37.8524169921875 37.4944877624512 37.1122207641602 37.0449485778809 36.1374130249023 35.6091499328613 35.2577171325684 34.3764038085938 33.8378105163574 36.6636657714844 38.6034736633301 39.111743927002 38.5981903076172 36.3816261291504
40.8656272888184 40.5868377685547 40.1738204956055 40.3188133239746 40.2403106689453 39.8277778625488 39.1147918701172 39.6852531433105 39.8517951965332 39.9646759033203 39.8769454956055 39.6919555664062 39.2252578735352 39.3158149719238 39.2584571838379 39.0846061706543 38.873477935791 38.2634353637695 38.0359535217285 37.710391998291 37.0795440673828 37.3120460510254 37.8333740234375 38.2624320983887 38.6508140563965 38.5732917785645 38.6033096313477 38.0100059509277 37.617561340332 36.3047866821289 36.3163108825684 36.4523391723633 37.5099601745605 37.6989822387695 37.1982765197754 37.0809288024902 36.4606781005859 34.9470024108887 35.2144203186035 34.7373542785645 34.5663871765137 36.5021209716797 38.4208946228027 38.9140968322754 38.6832962036133 36.9007720947266
40.881275177002 40.760311126709 40.4459686279297 40.4478378295898 40.3793678283691 40.0822334289551 39.4419631958008 39.282844543457 39.5907135009766 39.9205169677734 40.0042610168457 39.6793060302734 38.9465713500977 39.1589202880859 39.3742446899414 38.6252365112305 38.5548782348633 37.7137680053711 37.6371574401855 37.3837089538574 36.647705078125 37.1793403625488 37.6671943664551 38.2881507873535 38.8123741149902 38.8305320739746 38.3862686157227 37.8924980163574 37.6982917785645 36.8568420410156 35.4066123962402 35.7352523803711 36.1154136657715 36.779956817627 37.213207244873 36.5502853393555 36.638111114502 35.670036315918 34.5754776000977 34.8957138061523 35.1346969604492 36.3795051574707 37.5020866394043 38.5986976623535 38.5451698303223 36.577709197998
40.6579818725586 40.8576393127441 40.6669807434082 40.591178894043 40.4315605163574 40.1532363891602 39.7496490478516 39.2252159118652 39.3913040161133 39.910816192627 40.0460891723633 39.9650497436523 39.7252502441406 39.5440902709961 39.1395034790039 38.2995529174805 38.4941177368164 38.2191123962402 38.3764877319336 37.3575820922852 37.3651733398438 37.2050361633301 37.3245429992676 38.0853462219238 38.7416954040527 38.9472503662109 37.9383735656738 36.9632148742676 37.0668754577637 36.9701614379883 36.3194961547852 35.7116050720215 35.2410278320312 35.760871887207 36.7779502868652 36.1057662963867 35.8529357910156 35.8041534423828 34.7662734985352 34.4181938171387 34.6675567626953 34.7941703796387 35.7953300476074 37.5594596862793 38.0696105957031 36.7035484313965
40.3752479553223 40.7796669006348 40.8181304931641 40.6504058837891 40.415584564209 40.2662200927734 40.0339851379395 39.5207939147949 39.1409072875977 39.8456649780273 40.0649375915527 39.6247024536133 38.834831237793 38.8858184814453 38.9761428833008 38.9274291992188 38.9662246704102 38.8028106689453 38.5772018432617 38.2360992431641 37.8782386779785 37.1755104064941 37.5560188293457 38.4944763183594 38.998233795166 38.8903579711914 38.1187705993652 37.9427299499512 37.3807754516602 36.8129997253418 35.4302177429199 35.0128211975098 36.2124900817871 36.0622291564941 35.8376731872559 35.583194732666 35.349292755127 35.6810684204102 35.0839157104492 34.2671585083008 34.3104248046875 33.7108459472656 34.6487312316895 35.942684173584 36.2983589172363 35.6026725769043
40.0421447753906 40.3614387512207 40.849437713623 40.7273254394531 40.5675392150879 40.4570465087891 40.2361183166504 39.8228378295898 39.7820739746094 40.0025596618652 40.1251907348633 39.7089614868164 39.332633972168 38.4995727539062 38.6692504882812 38.9613723754883 39.1080169677734 39.326229095459 38.8334465026855 38.6180572509766 38.1750335693359 37.7695999145508 37.8596649169922 38.5022430419922 38.992748260498 38.8941955566406 38.130744934082 37.2919921875 36.1763763427734 36.1810264587402 35.784481048584 35.7315483093262 36.6973152160645 36.4172592163086 35.4214096069336 35.144474029541 35.6805572509766 35.3674468994141 34.9505462646484 34.3469390869141 34.4140548706055 34.1414566040039 33.7634773254395 34.5712013244629 35.0575408935547 35.4099769592285
39.874397277832 39.9342422485352 40.8296546936035 40.8044929504395 40.6940116882324 40.5433235168457 40.3446998596191 39.9725494384766 39.9897270202637 40.2675437927246 40.1885871887207 39.964485168457 39.5570297241211 39.005744934082 38.8738784790039 39.1880722045898 39.5449066162109 39.5347518920898 39.2534790039062 38.7451934814453 38.181770324707 37.8156585693359 38.0067291259766 38.1850929260254 38.4381713867188 38.8237648010254 37.7371025085449 36.8451995849609 36.1698837280273 36.4452667236328 36.5279388427734 36.4435424804688 36.9209022521973 36.3299598693848 36.0553245544434 35.96240234375 35.4924507141113 34.8443908691406 35.4350662231445 35.6982536315918 35.2176399230957 34.7303619384766 34.1534729003906 34.6538887023926 35.2475929260254 35.6981048583984
40.0619354248047 40.5818252563477 40.8335609436035 40.7696914672852 40.7571067810059 40.6363258361816 40.4711112976074 40.058349609375 40.1262130737305 40.4210357666016 40.195369720459 40.1010208129883 39.8550453186035 39.9077033996582 39.7881660461426 39.773509979248 39.7983856201172 39.7117691040039 39.4717407226562 38.8964576721191 38.5976219177246 38.7891426086426 39.0901832580566 39.3561172485352 39.2003936767578 38.7354125976562 38.5202102661133 37.9766120910645 37.5706901550293 37.3696746826172 37.4496688842773 37.2255554199219 37.1238327026367 36.4809799194336 35.8551254272461 35.3570709228516 34.7655792236328 36.0095291137695 36.339183807373 36.2838706970215 34.7874069213867 34.7200012207031 34.1844940185547 33.8907318115234 35.3476791381836 35.9832801818848
40.5463600158691 40.7517929077148 40.7888870239258 40.6833686828613 40.6754760742188 40.7012977600098 40.6202163696289 40.4745864868164 40.2385864257812 40.3572463989258 40.3033676147461 40.2084846496582 40.0539207458496 39.9258918762207 39.8005218505859 39.7222938537598 39.892894744873 39.7985420227051 39.6492042541504 39.5321426391602 39.426197052002 39.392951965332 39.1740303039551 39.3117561340332 38.8266716003418 37.690071105957 37.6422080993652 37.1804084777832 36.5620803833008 37.4454078674316 37.7672691345215 37.7328262329102 36.8942070007324 36.558422088623 36.4298858642578 36.372013092041 36.3570747375488 36.0128135681152 36.7206535339355 37.1132888793945 36.5341682434082 36.0370864868164 35.3224563598633 34.7215728759766 35.9108695983887 36.4770660400391
39.7263717651367 40.341609954834 40.7652397155762 40.6725311279297 40.5233612060547 40.6026725769043 40.5379409790039 40.3432464599609 39.8822708129883 39.9115982055664 40.2375526428223 40.0173377990723 39.4405975341797 39.6001815795898 39.7839736938477 39.1832046508789 39.6772804260254 39.8807983398438 39.8320503234863 39.7838401794434 39.729118347168 39.2914047241211 38.5860557556152 39.032527923584 38.8500366210938 38.5543174743652 38.4817504882812 38.1076812744141 37.7054672241211 38.008243560791 37.965877532959 37.6813049316406 37.1864547729492 37.4665679931641 37.4303550720215 36.3828392028809 37.0181655883789 36.076831817627 36.4446754455566 37.3072357177734 37.2899894714355 37.0140800476074 36.170108795166 35.2533111572266 35.9632110595703 36.8248825073242
38.7561988830566 39.8796691894531 40.6515197753906 40.7623176574707 40.6723594665527 40.6247825622559 40.4991645812988 40.3635597229004 40.1174621582031 39.5527954101562 39.1014366149902 39.8761177062988 38.9631462097168 38.6076927185059 39.5386276245117 39.1521530151367 39.1444320678711 39.6636199951172 39.7021484375 39.7105522155762 39.728271484375 39.7088928222656 39.564998626709 39.313404083252 38.8548469543457 38.4341049194336 38.4638595581055 38.4020538330078 38.3456611633301 38.1482429504395 37.965202331543 37.5192260742188 37.2174072265625 37.939769744873 37.809268951416 37.5151710510254 37.5349426269531 36.9070625305176 36.5250816345215 37.2882308959961 37.5109748840332 36.8213310241699 35.4193992614746 34.213939666748 34.7100143432617 36.628173828125
39.8768615722656 39.6874313354492 40.2964134216309 40.4734725952148 40.6838111877441 40.6313056945801 40.4907569885254 40.3275909423828 40.1476821899414 39.8241767883301 39.1164283752441 39.5491943359375 38.3982238769531 38.1141891479492 38.9187164306641 38.7597999572754 38.0204658508301 39.235107421875 39.2375411987305 39.2249221801758 39.5148315429688 39.6963272094727 39.5979423522949 39.140266418457 38.2264404296875 37.600700378418 37.1878967285156 37.5647811889648 38.18408203125 37.5579719543457 37.3278427124023 36.5064163208008 37.2973556518555 38.2340240478516 38.0374298095703 37.830940246582 37.8911590576172 37.4249305725098 37.027286529541 37.3497123718262 37.5790138244629 36.3597831726074 35.2759017944336 35.6261100769043 36.0205993652344 36.6816177368164
40.0251274108887 40.3849868774414 40.4440994262695 40.4396133422852 40.5659523010254 40.6041603088379 40.5214767456055 40.4162483215332 40.237174987793 39.7416687011719 39.306453704834 38.8853569030762 38.4337196350098 38.028247833252 38.5756492614746 38.4197158813477 38.461856842041 38.2735595703125 38.0071716308594 37.9978981018066 39.2669792175293 39.5700798034668 39.5567474365234 39.4505462646484 38.8183631896973 37.5759315490723 36.0744705200195 36.9739685058594 37.8609161376953 36.8376426696777 37.2577857971191 37.9017143249512 38.2299461364746 38.5345687866211 38.4465599060059 38.2372016906738 37.7261161804199 36.8307342529297 37.335563659668 37.5934944152832 37.9494705200195 37.5835914611816 37.4253234863281 37.4094276428223 37.3644828796387 36.7598266601562
40.282642364502 40.2573280334473 40.0804061889648 40.1705360412598 40.6171722412109 40.4918060302734 40.4888687133789 40.4538726806641 40.3412399291992 39.9619598388672 38.7735595703125 38.8528594970703 38.375602722168 37.153003692627 37.933765411377 37.684871673584 37.5176696777344 36.7844276428223 37.690803527832 38.1008605957031 39.28564453125 39.3232460021973 39.4788360595703 39.5983047485352 38.6924629211426 37.5513801574707 36.3238983154297 37.1708030700684 37.8407135009766 37.3176116943359 37.8594779968262 38.3470344543457 38.7647590637207 38.7783851623535 38.3146286010742 38.042064666748 37.6609191894531 37.3798484802246 37.9563217163086 38.0567054748535 38.1073150634766 38.0321197509766 37.9043426513672 37.2145080566406 36.314811706543 36.2836685180664
40.4397163391113 40.4171180725098 40.3750343322754 40.2126159667969 40.6402206420898 40.6206665039062 40.5421180725098 40.4675025939941 40.380687713623 40.261173248291 39.9102516174316 39.1255722045898 38.2246780395508 36.9409294128418 37.2733116149902 37.2389984130859 36.7874946594238 37.100830078125 37.3780136108398 38.4883079528809 39.3290634155273 38.8963317871094 39.6474723815918 39.4943885803223 38.8755493164062 38.6274147033691 37.5005683898926 37.6230392456055 38.0053024291992 37.8281631469727 38.4869003295898 38.462947845459 38.9394683837891 38.8720436096191 38.7208786010742 38.4678573608398 37.582447052002 37.772705078125 38.0611381530762 38.063835144043 38.1084518432617 37.9709587097168 37.8955307006836 37.3559837341309 37.2849464416504 37.1553497314453
