inst/extdata/Tmax/Tmax44.asc
NCOLS 100 
NROWS 79 
XLLCORNER 148.06 
YLLCORNER -21.49 
CELLSIZE 0.01 
NODATA_value -3.4e+38 
[rows 20 to 39 of 79, columns 0 to 45 of 100]
25.725872039794901 26.2510414123535 26.4615936279297 26.2079029083252 26.4251575469971 27.2947444915771 26.8625774383545 27.1832695007324 26.0545043945312 26.0067405700684 27.1042613983154 26.6943168640137 25.6118640899658 23.8028621673584 22.7503147125244 22.017162322998 21.6911087036133 22.9679908752441 24.0456714630127 24.9459629058838 25.1064567565918 25.6161479949951 25.8292255401611 26.2072582244873 26.1811294555664 25.9507999420166 24.8884429931641 22.9776763916016 24.0113983154297 23.8653659820557 25.0459613800049 25.3718185424805 25.4558353424072 25.5515880584717 25.3226680755615 25.0512771606445 24.8802738189697 24.6718711853027 23.8213729858398 24.14040184021 23.9637222290039 23.0983219146729 23.8755702972412 23.693696975708 22.2690696716309 22.4230842590332
26.4807224273682 26.7907638549805 26.8218040466309 26.4620342254639 26.4170055389404 26.3517436981201 25.9683818817139 26.7923316955566 27.0859909057617 27.3811225891113 27.091968536377 27.1246719360352 26.6407928466797 24.08176612854 22.6726341247559 22.5075511932373 22.625846862793 23.1761684417725 23.7288684844971 24.8393802642822 25.5510215759277 26.1723136901855 25.3423442840576 25.8830261230469 25.8598098754883 25.5924797058105 25.3472499847412 23.867151260376 23.9780654907227 24.9453773498535 25.4097328186035 25.1961841583252 25.1801528930664 24.0091724395752 23.7420711517334 23.9922504425049 24.962589263916 23.1741466522217 22.7897891998291 23.1129665374756 22.3593921661377 22.9655113220215 23.1853866577148 20.90114402771 20.8662090301514 21.6400699615479
26.7531337738037 27.0357208251953 26.8676338195801 26.1977767944336 27.451322555542 26.5615749359131 26.835901260376 26.5481510162354 27.2888870239258 26.5168895721436 27.64501953125 27.2971878051758 27.1221504211426 26.1815414428711 25.4013023376465 23.7548389434814 22.1846370697021 22.7024440765381 23.0501232147217 25.0720996856689 25.9768733978271 25.1711711883545 25.2669506072998 24.8239288330078 24.3802871704102 25.2433376312256 25.1901092529297 24.8727550506592 24.8331546783447 24.8781814575195 24.5471057891846 24.1209392547607 23.6462707519531 23.1660938262939 22.5212478637695 23.3598384857178 23.4579162597656 22.3214874267578 22.3601093292236 22.3723297119141 21.0617961883545 20.9223384857178 21.5407218933105 22.2360725402832 16.6990699768066 21.3845996856689
26.8863868713379 27.3566398620605 27.8870334625244 26.1944332122803 26.1406841278076 27.0161685943604 26.1037940979004 27.0892009735107 27.321475982666 26.4660167694092 27.0518131256104 26.9589061737061 27.2258605957031 26.3020553588867 24.4376277923584 23.575122833252 22.5052700042725 22.8709449768066 23.4712104797363 24.4300327301025 24.9709625244141 25.6012668609619 24.8584823608398 23.5668811798096 24.0949249267578 24.2505378723145 24.2565288543701 25.1729755401611 25.5021705627441 25.2828254699707 24.9523124694824 23.9492206573486 23.33078956604 23.526294708252 24.0404224395752 23.7360382080078 21.5382995605469 21.1629028320312 21.7419700622559 22.0399036407471 20.6172866821289 20.4705924987793 19.9689674377441 18.4066467285156 19.7832221984863 20.0148334503174
27.0737361907959 26.9757652282715 26.8146495819092 27.5539569854736 27.6651554107666 27.3683204650879 26.1585388183594 27.2544937133789 25.8496990203857 26.1051445007324 26.1775875091553 25.9689311981201 25.8239688873291 26.171802520752 24.6473197937012 23.2472019195557 22.633279800415 22.5589122772217 23.6631736755371 23.8438892364502 25.1283931732178 25.4321918487549 22.8195514678955 22.5748844146729 22.9143047332764 23.3024501800537 23.6103992462158 24.9255981445312 25.3287544250488 24.765043258667 25.1882972717285 24.7854824066162 24.7068157196045 24.560037612915 24.055814743042 23.6736831665039 23.0368385314941 22.16477394104 20.9649143218994 20.39626121521 19.3041248321533 18.4156055450439 19.0229663848877 20.9506874084473 15.9762659072876 15.7308683395386
27.5200653076172 27.2566528320312 27.726655960083 27.0876483917236 27.624719619751 27.5022583007812 27.3826961517334 27.1851577758789 27.0475749969482 25.6862773895264 26.7500267028809 26.0806102752686 25.311092376709 25.4381580352783 25.4641704559326 25.3658981323242 24.1741790771484 23.9834403991699 24.5918216705322 25.2290153503418 24.5819606781006 23.0157661437988 22.5068702697754 21.3882141113281 22.062463760376 22.9985122680664 23.0743522644043 24.0183200836182 25.08766746521 24.9550285339355 23.3745269775391 24.3634777069092 24.2017765045166 24.2407283782959 23.8418655395508 23.5495891571045 22.9676856994629 21.757209777832 19.4211483001709 19.9264888763428 18.63720703125 19.6204452514648 21.1272583007812 20.6801376342773 15.8829870223999 15.188027381897
25.5496273040771 26.778657913208 27.8417873382568 27.6253719329834 27.5248622894287 27.3824691772461 27.2861766815186 27.3257808685303 27.0732078552246 25.8131980895996 25.4059371948242 25.6149845123291 25.480827331543 25.1938858032227 25.3127899169922 24.4487190246582 23.7070217132568 23.8263607025146 24.6726417541504 24.5547065734863 24.2539348602295 24.6335868835449 23.4973526000977 22.1105537414551 21.5938301086426 22.3445587158203 23.7211055755615 25.0133476257324 24.4832992553711 24.6847038269043 23.9443473815918 23.7386493682861 24.0527381896973 23.5325298309326 23.5010776519775 22.7322731018066 21.4152717590332 21.6787776947021 17.0097713470459 15.5216207504272 18.2648544311523 15.7636842727661 20.594388961792 16.7872562408447 19.2345199584961 14.9926624298096
25.7079524993896 25.3428134918213 26.5028743743896 27.3866024017334 27.3634014129639 27.2609996795654 27.4631404876709 27.6063213348389 27.2445983886719 26.5362758636475 26.0944118499756 25.4124202728271 25.2669467926025 25.6722316741943 24.1174659729004 24.4066066741943 23.9967517852783 23.56032371521 23.8866329193115 23.9711875915527 24.0119400024414 24.1875667572021 23.7278423309326 22.5039615631104 22.4058322906494 22.6580944061279 22.1926689147949 24.7983455657959 25.2056274414062 23.9471817016602 23.7160606384277 23.8045501708984 24.1314907073975 23.2842903137207 22.9668865203857 22.1360740661621 20.6481266021729 21.0296154022217 20.7814064025879 19.7327747344971 18.6244373321533 19.0508422851562 18.8815994262695 16.11572265625 15.5909442901611 15.2843437194824
24.5293006896973 24.9839057922363 25.5574398040771 26.4911327362061 27.5526504516602 27.0633411407471 27.5049114227295 27.1696357727051 27.2025413513184 26.2656307220459 26.3810653686523 25.5694961547852 25.8968181610107 25.8977527618408 25.6013813018799 23.5473709106445 23.6335468292236 23.4678535461426 23.8130416870117 24.6827564239502 23.5164527893066 24.0757160186768 23.0681076049805 22.1106567382812 22.3937549591064 22.7207546234131 22.758472442627 23.6125087738037 24.4047336578369 24.3254489898682 24.4579029083252 23.5263729095459 23.1021175384521 21.9055137634277 21.2413997650146 20.3705024719238 20.7109889984131 20.7149238586426 20.8332118988037 18.4151458740234 15.6019563674927 15.6469888687134 19.0611515045166 15.4849681854248 15.6987581253052 15.6081438064575
23.5397090911865 24.1379108428955 24.73366355896 25.4783515930176 26.8957176208496 26.9400863647461 26.3033714294434 27.495475769043 27.3008804321289 26.9725742340088 25.9015254974365 26.3426513671875 25.7071952819824 25.4522609710693 26.0456352233887 25.8151741027832 25.4694042205811 23.8148136138916 24.0608329772949 24.0460720062256 23.9906177520752 24.0062580108643 23.5603199005127 22.6236743927002 22.4330577850342 22.4845943450928 22.04638671875 23.5593242645264 24.4970989227295 24.0024261474609 24.661470413208 23.1739330291748 22.1353225708008 21.9893112182617 21.4816570281982 21.1651554107666 21.1418552398682 20.6108112335205 20.0371532440186 19.6149730682373 20.802074432373 20.8272972106934 18.2881355285645 18.4144401550293 15.6395654678345 16.5470867156982
24.0306930541992 24.590784072876 24.7322845458984 25.5461006164551 25.8270854949951 25.6488628387451 25.8648948669434 26.930046081543 26.9056186676025 26.4338569641113 26.9441623687744 26.8927822113037 26.952392578125 26.1630725860596 26.2095012664795 26.2028312683105 25.0780467987061 24.5858478546143 23.6929111480713 24.0537643432617 23.8812885284424 23.2890148162842 23.1347560882568 22.7647800445557 22.2323246002197 21.632303237915 21.9977436065674 23.7752857208252 24.213981628418 24.4058589935303 24.7176132202148 24.9115047454834 23.2464618682861 22.0315723419189 21.3346633911133 22.1257781982422 21.7575092315674 21.0828952789307 20.2428226470947 20.3361415863037 22.3500862121582 22.2310066223145 21.8518676757812 20.9644508361816 17.7422714233398 16.9996223449707
24.9795551300049 24.9052982330322 25.800422668457 26.6512088775635 27.1658782958984 25.9051704406738 25.9986553192139 27.2844944000244 27.2596950531006 26.6166343688965 27.0518665313721 26.7295379638672 26.7105560302734 26.3497867584229 25.4278888702393 25.764232635498 23.5676536560059 22.3065910339355 23.7457885742188 23.407886505127 23.3926525115967 23.5356636047363 23.040210723877 22.8155937194824 22.4153347015381 22.4161567687988 22.8160820007324 24.1283988952637 24.8495826721191 23.870922088623 24.3694896697998 24.4149284362793 24.7469482421875 23.8780250549316 23.21994972229 22.085485458374 22.2521667480469 22.3357391357422 21.9390964508057 23.4812240600586 22.5194149017334 22.0755825042725 16.9531497955322 18.5866832733154 16.1936092376709 15.5462007522583
24.5491886138916 25.8857173919678 25.7690620422363 25.8882503509521 27.0882225036621 26.2973308563232 26.9311332702637 26.5999946594238 27.195276260376 26.2048187255859 27.2112197875977 26.7334690093994 26.7351226806641 26.1635665893555 25.7841281890869 25.2814064025879 25.25732421875 23.5931053161621 22.5038280487061 22.9210186004639 23.0026016235352 23.5067958831787 22.9079322814941 23.0272407531738 22.6727294921875 22.4836959838867 24.2757530212402 24.4542179107666 24.3517036437988 25.8082084655762 24.4772930145264 23.9743194580078 25.2300834655762 25.1233139038086 24.4248390197754 23.7573394775391 23.430549621582 23.3977146148682 22.9580497741699 23.1585597991943 22.300594329834 19.7363510131836 15.2918434143066 15.5679035186768 15.7706727981567 14.6481304168701
25.2972145080566 25.3990287780762 26.0116653442383 24.99684715271 25.5431098937988 24.5242671966553 25.24733543396 26.5993022918701 27.133186340332 26.9514274597168 27.2825984954834 26.5483856201172 26.4215793609619 26.5017395019531 25.918701171875 25.7133312225342 26.0986328125 25.6229515075684 24.9147453308105 24.5555820465088 23.4407138824463 23.1774749755859 23.7242107391357 23.3772926330566 23.0145816802979 22.6235046386719 24.2177295684814 25.0842761993408 24.6537322998047 24.8314189910889 24.6310939788818 23.4519653320312 23.1974506378174 23.2418193817139 23.7183723449707 23.9700355529785 24.0187034606934 24.4964447021484 24.0737457275391 24.2334327697754 22.5331764221191 17.8932762145996 16.3389778137207 16.6658039093018 16.4537506103516 15.5681638717651
25.7759914398193 26.1498279571533 25.9554843902588 24.2348823547363 24.9299697875977 25.9235153198242 25.1738014221191 26.6077690124512 27.004358291626 26.6628341674805 27.1208438873291 26.8715476989746 27.2386951446533 26.7781944274902 26.3926467895508 26.2371597290039 25.9611568450928 25.6292400360107 25.2502422332764 24.3293838500977 22.962739944458 24.0363311767578 24.4743270874023 23.3467617034912 22.9329624176025 22.811487197876 22.7502632141113 24.1751880645752 24.0119228363037 23.1014842987061 24.1078758239746 23.0607051849365 22.6539459228516 22.6937446594238 22.4126815795898 22.6773147583008 23.3366107940674 22.9247798919678 23.6024265289307 23.3749732971191 21.7134647369385 21.4908466339111 18.6782169342041 18.0368881225586 17.3030395507812 17.1926727294922
25.4866924285889 26.8225250244141 25.9234237670898 25.1376628875732 23.6422023773193 25.9003791809082 27.3174991607666 25.4753303527832 26.4820213317871 27.1000156402588 27.0074996948242 26.88991355896 26.4184761047363 26.598108291626 26.2703704833984 26.4512386322021 25.5334625244141 25.116828918457 25.0370559692383 24.4937725067139 23.4629459381104 24.1474475860596 23.3598308563232 22.089469909668 22.4702167510986 22.0307121276855 23.4833793640137 22.8095321655273 22.5061511993408 19.9762554168701 21.864372253418 22.4816970825195 22.817850112915 22.4989242553711 22.5088214874268 21.609582901001 21.879940032959 22.273120880127 23.2521686553955 22.604455947876 17.7583084106445 17.4439697265625 17.2500915527344 17.8569221496582 17.5507068634033 16.3667755126953
26.0879917144775 25.2416744232178 26.5722579956055 25.8890132904053 25.7921829223633 25.7988033294678 25.813196182251 25.9118232727051 26.0935592651367 27.4330825805664 27.4488868713379 26.9052333831787 26.8329906463623 27.1203765869141 26.8932418823242 25.7692203521729 25.1847534179688 25.1534938812256 25.1556911468506 25.1468696594238 24.4974040985107 23.5175933837891 22.5082740783691 22.3124542236328 22.6085414886475 23.2163105010986 23.8772773742676 23.0213928222656 22.6898040771484 20.7798404693604 20.5114402770996 19.5652923583984 21.0835151672363 22.4637184143066 22.5037307739258 20.7124576568604 20.6465473175049 20.284740447998 20.0354595184326 16.5647792816162 16.5776176452637 15.9728441238403 16.3933410644531 17.3605346679688 17.3990268707275 15.8722610473633
25.4969596862793 24.9689350128174 26.2627735137939 25.0883445739746 25.2735538482666 25.313814163208 24.1142234802246 24.8783588409424 25.9209499359131 26.2642612457275 27.0198383331299 27.0649280548096 26.9805736541748 26.5170516967773 26.8668556213379 26.7781562805176 26.1210060119629 24.8568897247314 25.3894691467285 24.9447479248047 24.7873764038086 24.0533409118652 22.6820373535156 22.5197677612305 22.0669975280762 22.6509685516357 23.6448230743408 22.7357788085938 22.9767913818359 22.7508087158203 22.757230758667 21.6906604766846 21.3213005065918 20.0579204559326 16.221399307251 15.2409963607788 15.3780879974365 15.1675128936768 15.1153831481934 15.289210319519 15.4628877639771 15.5372686386108 15.8046789169312 16.5680503845215 16.9178504943848 16.4819602966309
25.4639797210693 24.8439407348633 24.8799304962158 26.099817276001 25.7970352172852 25.9562892913818 24.5489101409912 23.7235355377197 24.6031379699707 25.5052375793457 26.8289794921875 27.2000980377197 27.1385498046875 26.9995918273926 25.9274463653564 25.5163116455078 25.5564346313477 25.2083148956299 25.6964626312256 25.5889415740967 25.5827369689941 24.2913494110107 23.6354236602783 23.2527542114258 22.43896484375 23.2308883666992 22.9532718658447 23.1144237518311 21.552770614624 22.419095993042 21.6743869781494 21.4885501861572 21.9331512451172 21.2379417419434 19.7128486633301 14.8016109466553 14.5550212860107 14.4706325531006 14.3893976211548 14.883430480957 15.4280757904053 16.9438381195068 15.4902830123901 16.4086875915527 15.9554872512817 15.9119834899902
25.0620079040527 24.5818939208984 25.8306941986084 25.8335914611816 26.0795021057129 25.2082004547119 24.900354385376 24.2804412841797 25.1689491271973 24.5052871704102 25.461986541748 26.9834804534912 26.7237911224365 26.5470714569092 25.885290145874 26.1762542724609 24.5264854431152 24.7997436523438 25.2513790130615 25.1033153533936 25.2095718383789 24.5815753936768 24.6561908721924 24.0606575012207 22.993236541748 22.9706325531006 22.6360054016113 22.5363922119141 23.0211944580078 22.149923324585 21.1950454711914 20.1388282775879 22.1998805999756 22.3480339050293 22.431957244873 19.9427890777588 17.045446395874 16.6511821746826 15.7805490493774 14.9858150482178 15.6689939498901 15.697901725769 15.7120447158813 16.127477645874 16.0802898406982 15.8154058456421
