inst/extdata/Tmax/Tmax123.asc
NCOLS 100 
NROWS 79 
XLLCORNER 148.06 
YLLCORNER -21.49 
CELLSIZE 0.01 
NODATA_value -3.4e+38 
[rows 20 to 39 of 79, columns 0 to 45 of 100]
44.518802642822301 44.5033187866211 44.4820404052734 44.431396484375 44.4222869873047 44.4896621704102 44.3818321228027 44.3006896972656 44.2240715026855 44.1249847412109 43.955940246582 43.5816383361816 43.1763954162598 42.5876770019531 41.3591842651367 40.9416923522949 40.8365249633789 41.7340850830078 42.6411781311035 42.9828147888184 42.9703483581543 42.9361457824707 43.1826820373535 43.1750831604004 43.0245323181152 42.7655982971191 42.2142105102539 41.4089088439941 41.8445625305176 41.874397277832 42.3467788696289 42.3110427856445 42.3967132568359 42.3408622741699 42.2800331115723 42.0564270019531 41.6930732727051 41.6684417724609 41.2593231201172 41.4418106079102 41.2377777099609 40.591194152832 40.7616119384766 40.7798004150391 40.8549194335938 40.8552474975586
44.5873374938965 44.5913848876953 44.580078125 44.5287399291992 44.5096817016602 44.4851837158203 44.3344917297363 44.2496070861816 44.2074546813965 44.132251739502 44.0087890625 43.8238143920898 43.6102676391602 42.7797813415527 41.3890495300293 41.0716819763184 41.257625579834 41.9996337890625 42.4273071289062 42.7278861999512 42.8095626831055 42.6921615600586 43.1042327880859 43.187084197998 43.0033073425293 42.9875679016113 42.9101524353027 42.264087677002 42.1078262329102 42.5095558166504 42.5776557922363 42.4436531066895 42.1486434936523 41.6247520446777 41.6144218444824 41.5695724487305 41.8942947387695 41.2919120788574 40.9350280761719 41.1706504821777 40.8241996765137 40.8464088439941 40.5973701477051 39.8039283752441 40.0590438842773 40.605037689209
44.6397705078125 44.6328735351562 44.6194915771484 44.5855026245117 44.5492706298828 44.4988250732422 44.3157501220703 44.1942024230957 44.128547668457 44.0803489685059 43.9643058776855 43.8644676208496 43.6987152099609 43.1599082946777 42.1454849243164 41.3544082641602 40.7085342407227 41.1655731201172 41.6763725280762 42.3794212341309 42.4543075561523 42.5168724060059 43.0325813293457 42.8296089172363 42.4579086303711 42.7372741699219 42.7444610595703 42.7873306274414 42.5293350219727 42.5337867736816 42.2894744873047 42.0888557434082 41.5886840820312 41.2829093933105 41.0612487792969 41.2215919494629 41.1205978393555 40.6203002929688 40.5729217529297 40.4808654785156 40.1933555603027 39.4930686950684 40.1594734191895 39.8891410827637 39.0100250244141 40.2187652587891
44.6589660644531 44.6394500732422 44.6345863342285 44.606330871582 44.5526313781738 44.5226631164551 44.421085357666 44.1629371643066 44.0545845031738 44.0491600036621 43.8799247741699 43.6829948425293 43.7455749511719 43.4067916870117 42.7002906799316 41.9701118469238 41.1601600646973 40.8723182678223 41.4205284118652 41.6899490356445 42.157398223877 42.9758567810059 42.7415618896484 42.1964454650879 42.3002014160156 42.4003639221191 42.0885314941406 42.8583831787109 42.850471496582 42.7103004455566 42.4973258972168 41.5401382446289 41.2339172363281 41.3837051391602 41.6429977416992 41.231071472168 40.3989486694336 39.9011116027832 40.5141296386719 40.0511169433594 39.3932456970215 38.0704498291016 38.8107566833496 39.8388366699219 38.2221488952637 39.3858413696289
44.6260223388672 44.6293411254883 44.6354217529297 44.5883865356445 44.5359573364258 44.5151252746582 44.4729156494141 44.3107032775879 44.1467361450195 43.9856567382812 43.878963470459 43.8049964904785 43.6390724182129 43.3302040100098 42.6442565917969 41.9965972900391 41.2629623413086 40.9060974121094 41.0804595947266 41.0638732910156 42.1418571472168 42.8224258422852 41.8431854248047 41.3389282226562 42.041877746582 41.9997749328613 42.1106872558594 42.7122573852539 42.8832244873047 42.5459976196289 42.4737091064453 42.2364501953125 42.1873168945312 42.2087554931641 41.9144287109375 41.6343231201172 41.2516593933105 40.2705116271973 40.0544090270996 39.8075180053711 38.2419815063477 37.6721115112305 38.0717735290527 39.7004699707031 37.9228782653809 38.2405624389648
44.5998954772949 44.5731735229492 44.5643119812012 44.5233421325684 44.5107116699219 44.495662689209 44.4742774963379 44.4169540405273 44.2743911743164 44.0564308166504 43.8762245178223 43.721809387207 43.5755310058594 43.1658325195312 42.752025604248 42.2333374023438 41.6260948181152 41.2985725402832 41.6992416381836 42.3116149902344 42.278392791748 42.1536560058594 41.7011947631836 40.5205726623535 40.9760513305664 41.6532745361328 41.739688873291 42.7656784057617 42.8900833129883 42.5693473815918 41.8117256164551 42.2805557250977 42.1446380615234 42.0149765014648 41.7642288208008 41.4731674194336 41.3278884887695 40.0269546508789 38.8582191467285 39.2111892700195 37.8829650878906 38.6100845336914 38.9207496643066 39.7208518981934 38.8018646240234 37.8109855651855
44.5194358825684 44.4994964599609 44.4884605407715 44.4772186279297 44.453052520752 44.4331398010254 44.4635467529297 44.443603515625 44.313549041748 43.9526824951172 43.8438262939453 43.580135345459 43.555534362793 43.2132911682129 42.5314979553223 41.5342674255371 41.1390762329102 41.3110084533691 41.7325477600098 41.6306266784668 41.7847709655762 42.5382041931152 42.3906593322754 41.0182342529297 40.6278038024902 41.4600563049316 42.116813659668 42.8376922607422 42.8786659240723 42.6746597290039 41.9527549743652 41.583366394043 42.2172698974609 41.7457809448242 41.3485870361328 40.6093673706055 40.3213424682617 40.4024620056152 39.4406509399414 38.2374153137207 37.8498039245605 38.1065254211426 38.0085754394531 38.9471168518066 38.076488494873 37.4645729064941
44.4013862609863 44.3776550292969 44.3887405395508 44.4103469848633 44.4092025756836 44.4365501403809 44.4705924987793 44.4459419250488 44.3671112060547 44.1907157897949 43.9718322753906 43.7108116149902 43.5887832641602 43.3996772766113 42.5713882446289 41.5083808898926 41.1645126342773 41.1105995178223 41.2173309326172 41.1815185546875 42.2017097473145 42.7216377258301 42.2316665649414 41.4446449279785 40.9090881347656 41.105785369873 41.1721076965332 42.5269889831543 42.7943115234375 42.6717643737793 41.9802322387695 41.865478515625 42.0895843505859 41.4374389648438 40.8132934570312 40.2892532348633 39.430419921875 40.0609016418457 39.8969497680664 38.2169876098633 37.7929000854492 37.9335556030273 37.8464393615723 38.3815879821777 37.8208618164062 37.5270957946777
43.9866218566895 43.9091529846191 44.1288719177246 44.3718414306641 44.4611968994141 44.5072860717773 44.4951782226562 44.4637603759766 44.3387145996094 44.2287788391113 44.0722618103027 43.5843620300293 43.6437377929688 43.4947319030762 43.0288391113281 41.9189987182617 41.2038612365723 40.7152862548828 40.9986915588379 41.8031730651855 42.2436294555664 42.5230331420898 41.733455657959 41.0553550720215 40.8697662353516 40.9891700744629 41.3397445678711 42.1225624084473 42.7416687011719 42.7683982849121 42.3154258728027 42.0508842468262 41.660343170166 40.7404289245605 39.6699028015137 39.2684288024902 38.937572479248 39.1134033203125 39.2418937683105 38.859691619873 38.3579139709473 38.4384841918945 38.1763534545898 37.9584579467773 37.9546813964844 37.8785934448242
43.1977310180664 43.9362106323242 44.208251953125 43.9649085998535 44.4175109863281 44.5199546813965 44.500415802002 44.4682846069336 44.2807540893555 44.1377220153809 44.1090888977051 43.8484497070312 43.6259078979492 43.4917373657227 43.2531547546387 42.782600402832 42.2411079406738 40.9607772827148 41.2484931945801 41.3077507019043 41.4343910217285 42.254077911377 41.8544273376465 41.0990142822266 40.8929977416992 40.6833152770996 40.6149673461914 42.0926284790039 42.7838821411133 42.8233451843262 42.115837097168 41.2304382324219 40.9357528686523 40.6023635864258 40.3446044921875 39.4049301147461 39.3118667602539 38.9163360595703 38.515209197998 38.7397651672363 40.3605613708496 40.3886566162109 39.3687286376953 38.0314178466797 38.9829483032227 39.0647659301758
43.4720344543457 44.2089004516602 44.2188262939453 43.7385406494141 44.3851547241211 44.5158195495605 44.516731262207 44.4809684753418 44.4122657775879 44.2049942016602 44.0954399108887 43.9993171691895 43.8296852111816 43.6336517333984 43.3626327514648 42.8347511291504 42.0484962463379 41.6257514953613 41.1834869384766 41.4066886901855 41.4622650146484 41.8316078186035 41.2564125061035 41.081672668457 40.7840766906738 40.1784973144531 40.4042701721191 42.005802154541 42.7037963867188 42.718620300293 42.6823692321777 42.4987907409668 41.5245742797852 40.663387298584 40.5846519470215 40.1295471191406 40.2196655273438 40.0291404724121 39.6271324157715 40.0531311035156 41.3338584899902 41.3378601074219 40.9584274291992 40.4441604614258 40.3202285766602 39.7795333862305
44.1482772827148 44.338794708252 44.3789138793945 44.3584747314453 44.4098472595215 44.5111389160156 44.4972991943359 44.4723968505859 44.4136505126953 44.3334159851074 44.1623764038086 44.0723876953125 43.9697265625 43.7773857116699 43.53076171875 43.0925903320312 42.29638671875 41.8990859985352 41.2339134216309 41.1155281066895 41.1651496887207 41.5389060974121 41.1773986816406 40.9219779968262 40.8475685119629 40.8581848144531 41.5475387573242 42.4687461853027 42.7638168334961 42.3128280639648 42.2188568115234 42.1873092651367 42.3423538208008 41.8959922790527 41.6398963928223 40.9513854980469 41.8083877563477 41.6583480834961 41.6112098693848 41.6014404296875 41.3843078613281 40.5606918334961 39.7038040161133 39.3916702270508 39.2517471313477 38.558837890625
43.9048957824707 44.4837417602539 44.5186004638672 44.5110015869141 44.4872360229492 44.4736251831055 44.413818359375 44.430492401123 44.4033546447754 44.3671684265137 44.3063774108887 44.1628684997559 43.9909477233887 43.8361282348633 43.654167175293 43.4224014282227 42.9665908813477 42.3587875366211 41.6604919433594 40.9892616271973 40.999683380127 41.3842887878418 41.2540435791016 40.9788589477539 40.830696105957 40.9600677490234 42.1947937011719 42.7845687866211 42.8197288513184 42.6502532958984 42.2103576660156 41.6498489379883 42.2287483215332 42.2985382080078 42.3088874816895 41.8429222106934 42.146858215332 41.876594543457 41.742317199707 41.5800933837891 40.5252532958984 39.2109603881836 38.0222091674805 38.3295516967773 38.2352447509766 37.2968368530273
43.792652130127 44.3029022216797 44.1335487365723 44.0111198425293 44.1094245910645 44.4113502502441 44.3758773803711 44.3742523193359 44.3652877807617 44.3331260681152 44.284538269043 44.2236557006836 44.1098403930664 43.9615325927734 43.8115081787109 43.6014366149902 43.1873016357422 42.8064117431641 42.5464248657227 41.9621238708496 41.0777015686035 41.2614250183105 41.0385704040527 41.0888328552246 40.9602966308594 40.9187545776367 41.8288421630859 42.7701873779297 42.8162422180176 42.5261268615723 42.3891143798828 41.4297180175781 41.6655807495117 41.8631706237793 42.0959625244141 42.177303314209 42.0163497924805 41.8504104614258 41.49951171875 41.5245513916016 41.2264709472656 40.0926971435547 39.3510513305664 39.8298377990723 39.4159545898438 38.3533744812012
44.0905380249023 44.2909469604492 43.9263343811035 43.3170967102051 43.3983955383301 44.2095756530762 44.3502349853516 44.3017654418945 44.2951812744141 44.2877540588379 44.2015075683594 44.2002754211426 44.1388053894043 44.0266723632812 43.8815231323242 43.7017822265625 43.3953094482422 42.7997093200684 42.4193992614746 41.9863052368164 41.3499221801758 41.2358665466309 41.0501136779785 40.8372917175293 40.7906951904297 41.1250991821289 42.0963249206543 42.7515258789062 42.3025665283203 42.0914764404297 42.164478302002 41.8177680969238 41.5174446105957 41.2055435180664 40.9476585388184 41.3621101379395 41.1566009521484 41.4228897094727 41.3323287963867 41.1366386413574 40.8868408203125 41.1217231750488 40.8904037475586 40.5928115844727 40.0438842773438 39.597728729248
44.2061576843262 44.2495040893555 44.0694732666016 43.7801933288574 43.4948196411133 43.9657287597656 44.1915664672852 44.1927642822266 44.2134704589844 44.2442741394043 44.2151947021484 44.2131156921387 44.142219543457 44.0728569030762 43.9245300292969 43.7219314575195 43.4762535095215 43.2747611999512 42.908634185791 42.3116683959961 41.9470710754395 41.6760787963867 41.1906852722168 40.5768203735352 40.7111053466797 40.9256591796875 42.1807708740234 42.6212272644043 40.9359855651855 40.5466270446777 41.1153030395508 41.2764167785645 41.2173500061035 41.0044822692871 40.5473136901855 40.296272277832 40.7409057617188 40.5775451660156 40.5299034118652 40.4665679931641 40.210205078125 39.8954582214355 40.1081161499023 40.5113563537598 39.933723449707 38.8919563293457
44.0859298706055 44.0729675292969 44.0834579467773 43.8261299133301 43.5619621276855 43.7136154174805 43.8709106445312 44.024341583252 44.1014709472656 44.1877403259277 44.1528854370117 44.111930847168 44.1650619506836 44.0878067016602 43.9673652648926 43.7177276611328 43.6564254760742 43.5102272033691 43.2765998840332 42.923267364502 42.7753257751465 42.0287094116211 41.4658088684082 41.0136871337891 40.9944686889648 41.3324546813965 42.2171173095703 42.113525390625 41.8326377868652 41.7192153930664 41.0057830810547 40.9104881286621 40.718994140625 40.5696907043457 39.8856887817383 39.4898490905762 39.6543121337891 39.5869445800781 39.787727355957 39.5848350524902 39.5564880371094 38.6615715026855 39.310188293457 40.0733413696289 39.8402900695801 38.4795951843262
43.5906410217285 43.8484344482422 44.0225791931152 43.9144172668457 43.7215881347656 43.5901031494141 43.5434951782227 43.8569679260254 43.9385528564453 44.0720405578613 44.1248321533203 44.0857429504395 44.1177787780762 44.1124153137207 43.9419097900391 43.8344841003418 43.7280464172363 43.613899230957 43.4571304321289 43.2628707885742 43.0644264221191 42.3932037353516 41.3307647705078 41.3965721130371 40.7373161315918 41.2617530822754 42.0922050476074 41.5727729797363 41.7252006530762 42.1222229003906 41.9982261657715 41.8180923461914 41.1966743469238 40.7885818481445 39.3116188049316 38.0918350219727 38.1021003723145 37.9821472167969 37.9311752319336 38.3621253967285 38.5023231506348 38.6486206054688 38.8158721923828 39.6103324890137 39.4613075256348 39.0811042785645
43.7153244018555 43.7614440917969 43.8714294433594 43.8351364135742 43.7881469726562 43.4951934814453 43.2636489868164 43.0094146728516 43.592887878418 44.0174102783203 44.1160278320312 44.1157684326172 44.1644248962402 44.142692565918 43.8631057739258 43.4928817749023 43.4713745117188 43.5053291320801 43.5261306762695 43.400806427002 43.2561721801758 42.8569450378418 41.8344535827637 42.0964126586914 41.1946220397949 41.1728591918945 41.2713088989258 41.5488548278809 40.5653190612793 41.164852142334 40.8053550720215 40.8741149902344 41.9822311401367 41.5797996520996 40.6879768371582 38.5800361633301 37.675048828125 37.6660461425781 37.0095558166504 37.4135704040527 38.0079040527344 37.9627342224121 38.0319480895996 39.2998733520508 38.8724479675293 38.3587989807129
43.7837791442871 43.6744995117188 43.7142028808594 43.5216979980469 43.6897354125977 43.5966415405273 43.3563461303711 43.1014938354492 43.2651557922363 43.7991065979004 44.0008354187012 44.1297302246094 44.1487922668457 44.1011848449707 44.0316276550293 43.662483215332 43.2846412658691 43.0930824279785 43.3150024414062 43.4055557250977 43.2633972167969 43.0971221923828 42.7907562255859 42.2522621154785 41.2488479614258 41.0325698852539 40.9508438110352 41.0236015319824 41.0544281005859 40.5433769226074 39.9902496337891 40.6820335388184 41.7588691711426 41.0690650939941 41.249828338623 40.7380256652832 40.3033828735352 40.1633262634277 39.2280349731445 38.1604957580566 38.8275337219238 38.4909324645996 38.8474273681641 39.0063629150391 38.7080993652344 38.2503890991211
