inst/extdata/Tmax/Tmax71.asc
NCOLS 100 
NROWS 79 
XLLCORNER 148.06 
YLLCORNER -21.49 
CELLSIZE 0.01 
NODATA_value -3.4e+38 
[rows 20 to 39 of 79, columns 46 to 91 of 100]
36.0624389648438 34.8046684265137 34.9463157653809 35.9354057312012 35.741584777832 35.3347969055176 35.1210517883301 34.2627716064453 35.5686531066895 36.8404541015625 37.9726104736328 37.5061798095703 37.489501953125 38.1375274658203 37.7911911010742 37.5307960510254 37.8275299072266 38.412467956543 38.5776062011719 38.5879592895508 38.5426559448242 38.4291839599609 38.7262268066406 38.8147583007812 38.7694664001465 38.7016830444336 38.6028747558594 38.6419372558594 38.6127166748047 38.2906875610352 38.3705635070801 38.6375122070312 38.5405731201172 38.273567199707 38.2808837890625 38.2624893188477 38.1856803894043 38.1852798461914 38.176383972168 38.1556053161621 38.0943946838379 37.9299011230469 37.3549308776855 37.2263450622559 37.4420433044434 37.4538459777832
36.284252166748 34.8031463623047 33.9443130493164 35.1783485412598 35.071159362793 34.6740417480469 35.2829742431641 33.9051971435547 34.7990913391113 36.3141326904297 37.6894950866699 36.2989883422852 35.73583984375 37.5561676025391 36.3213768005371 35.9589233398438 36.8921127319336 38.2590026855469 38.2743034362793 38.7057151794434 38.8216781616211 38.821403503418 38.6186256408691 38.2813606262207 38.2813873291016 38.3659744262695 38.5367736816406 38.5135917663574 38.4286079406738 38.3536148071289 38.6659889221191 38.7145805358887 38.6606178283691 38.300609588623 38.3875312805176 38.3551864624023 38.2308731079102 38.2458877563477 38.2557792663574 38.2600212097168 38.141773223877 38.0320892333984 37.8388710021973 37.6439590454102 37.5134201049805 37.5192642211914
36.7399559020996 36.3863220214844 35.0211448669434 34.5420837402344 34.1855964660645 35.0113296508789 34.5679817199707 34.7379379272461 34.2850227355957 34.9521865844727 36.7246360778809 37.1623229980469 35.7156219482422 35.9843902587891 35.7201385498047 36.2491493225098 37.3789329528809 37.8059539794922 36.4060440063477 37.7487449645996 38.589599609375 38.6646270751953 38.0513114929199 37.2075462341309 37.8353958129883 37.8354263305664 38.4440879821777 38.6417770385742 38.3415412902832 38.5569229125977 38.7420082092285 38.7870941162109 38.7864379882812 38.7237548828125 38.6191329956055 38.4474449157715 38.2677345275879 38.1417045593262 38.2210578918457 38.3246536254883 38.2255249023438 38.1615409851074 37.898738861084 37.7833023071289 37.6570892333984 37.8118286132812
36.2961196899414 36.1681785583496 35.7121353149414 35.1240997314453 34.0342140197754 34.5693969726562 35.0255432128906 35.157356262207 34.9649887084961 34.6254615783691 35.592170715332 35.5620155334473 36.2254219055176 34.9886054992676 35.5716590881348 36.9898071289062 36.9715881347656 37.3769569396973 35.9527397155762 38.1286697387695 38.9284629821777 38.8172378540039 37.8609313964844 36.4679412841797 37.7613182067871 37.9535789489746 38.0665245056152 38.545711517334 38.7503814697266 38.8162231445312 38.8457717895508 38.8726196289062 38.8499298095703 38.7630920410156 38.6639938354492 38.516529083252 38.0941123962402 37.7457313537598 37.8958549499512 38.1829071044922 38.1701393127441 38.232666015625 37.980770111084 37.9626617431641 37.7178573608398 37.7628402709961
34.8950386047363 35.8527908325195 36.0986404418945 35.912540435791 35.1559524536133 34.6906852722168 34.6789894104004 34.4358749389648 35.0804290771484 34.6704559326172 34.6649742126465 34.3068428039551 35.6935234069824 36.3890151977539 35.6925086975098 36.6703643798828 37.5008659362793 38.1145553588867 37.8030967712402 38.8558921813965 38.8720550537109 38.7235412597656 38.0266456604004 37.1676406860352 37.9933547973633 38.3055953979492 38.0013084411621 38.1066207885742 38.2234191894531 38.7365188598633 38.5853538513184 38.9197692871094 38.7986068725586 38.7666320800781 38.6850662231445 38.351390838623 38.2675819396973 37.6839256286621 37.3994293212891 37.8933944702148 38.0504570007324 38.159107208252 37.9933052062988 38.0635147094727 38.1343612670898 37.9985885620117
33.8118133544922 34.547191619873 35.5252914428711 35.4558372497559 34.820255279541 34.2580947875977 33.9540367126465 33.5129165649414 34.3999176025391 34.8546676635742 34.4585456848145 34.6235847473145 35.6403045654297 37.4274139404297 36.8978691101074 37.0011825561523 37.176326751709 38.6207160949707 38.7266654968262 38.720027923584 38.7245979309082 38.4073181152344 37.1263809204102 37.1935920715332 37.3127326965332 37.9959335327148 37.7216110229492 37.0842971801758 37.7493133544922 38.8295936584473 38.7860641479492 38.9108428955078 38.8771743774414 38.8557205200195 38.7257766723633 38.5844955444336 38.6098670959473 38.0051918029785 37.4814949035645 37.8352584838867 37.5290145874023 37.6763000488281 37.3942337036133 38.0754432678223 38.1338119506836 38.1193695068359
33.7362937927246 33.6092529296875 34.1428451538086 34.6176795959473 35.1252136230469 33.4368515014648 33.2211151123047 33.8493499755859 34.2246055603027 34.7773132324219 34.7902336120605 35.0920448303223 36.3958740234375 37.378849029541 37.9091911315918 38.1001853942871 38.2527046203613 38.7791862487793 38.4142036437988 38.2484855651855 38.2957420349121 37.8419532775879 38.0443954467773 38.3300933837891 38.3468055725098 37.7355842590332 37.3024978637695 38.253490447998 38.5243301391602 38.4884071350098 37.9311485290527 38.6212539672852 38.7900924682617 38.8820648193359 38.8766021728516 38.7981452941895 38.4736785888672 38.1447296142578 38.2343826293945 37.9956665039062 37.8828964233398 37.3230972290039 37.8328437805176 38.0562858581543 37.9741401672363 37.8768424987793
33.8848648071289 33.4884376525879 33.7138404846191 33.8935012817383 34.3009834289551 33.0187072753906 32.7907066345215 33.1036071777344 34.0881042480469 34.6501655578613 34.2551689147949 34.6872634887695 35.3587989807129 36.198558807373 37.7024574279785 37.3734397888184 38.5240745544434 38.7845764160156 38.0691986083984 37.3031578063965 37.9913482666016 38.2034797668457 38.5414085388184 38.7828178405762 38.9007225036621 38.489574432373 38.4937171936035 38.8622360229492 38.9333839416504 38.2188262939453 37.775806427002 38.3448944091797 38.4658088684082 38.8923721313477 38.9453659057617 38.9001693725586 38.7549819946289 38.5478744506836 38.1493453979492 37.3588371276855 37.1303596496582 37.0064735412598 37.0552597045898 37.7621307373047 37.8166847229004 38.2249794006348
34.557201385498 34.2214813232422 34.7903137207031 34.6658248901367 34.3605804443359 33.2918663024902 33.880126953125 33.6756477355957 33.9045944213867 34.3502311706543 34.1350517272949 34.3400459289551 34.4363403320312 36.0633888244629 37.273365020752 36.5308074951172 38.120662689209 38.4301834106445 38.1177024841309 36.9464836120605 37.2464485168457 38.3958320617676 38.8118591308594 38.9463195800781 38.9745483398438 38.8899688720703 38.9116325378418 39.0328330993652 38.6521415710449 37.9301643371582 37.8048820495605 38.496711730957 38.9281845092773 38.9722442626953 38.9702796936035 38.9590072631836 38.9218635559082 38.7926254272461 38.5501251220703 37.3909606933594 36.7922172546387 35.948429107666 36.9840393066406 36.9803619384766 37.9107398986816 38.2941856384277
35.7928581237793 35.6716918945312 35.2238121032715 35.1718635559082 34.7680625915527 34.3948783874512 34.1609115600586 33.3915901184082 33.8785667419434 33.4839973449707 33.1064109802246 34.1135787963867 34.3665428161621 35.7665634155273 36.5264358520508 35.9202842712402 36.5319137573242 37.3811340332031 37.9765815734863 37.8542633056641 37.3951187133789 38.414493560791 38.9008979797363 38.7067375183105 38.6869010925293 38.3816070556641 38.8097686767578 39.061695098877 38.1280479431152 37.2493209838867 37.9525337219238 38.5447044372559 38.9067306518555 38.9938545227051 39.0121917724609 38.9718704223633 38.9581527709961 38.87353515625 38.693042755127 38.3090019226074 37.6276321411133 37.1185188293457 36.6763763427734 36.4833450317383 37.4012298583984 37.9188804626465
34.9724273681641 34.9698600769043 34.987621307373 34.7093696594238 34.3363800048828 34.5103607177734 33.8180084228516 33.4150199890137 33.0112457275391 33.0729637145996 32.6131401062012 33.3148078918457 33.3027305603027 34.9922065734863 35.7487869262695 34.8779945373535 35.2790451049805 36.512523651123 37.9358863830566 38.5167694091797 38.0318641662598 38.6663398742676 38.8831825256348 38.4812316894531 38.4682846069336 38.6132507324219 39.0880699157715 39.0690574645996 38.5207366943359 37.8408241271973 38.238639831543 38.527587890625 38.967529296875 38.9974670410156 38.955753326416 38.9395751953125 38.9439239501953 38.8748626708984 38.8078193664551 38.6130104064941 38.3716049194336 37.8171844482422 37.426815032959 37.3903007507324 37.6261863708496 38.0610656738281
34.4236030578613 34.6212615966797 34.5297317504883 34.4901885986328 33.7938842773438 34.4091949462891 33.6629295349121 32.6898651123047 32.2184143066406 32.5123596191406 32.2543869018555 32.7745094299316 33.376708984375 34.7981758117676 35.0270881652832 34.7470321655273 36.3092269897461 37.3512153625488 38.1516342163086 38.655143737793 38.9526863098145 39.013786315918 38.9617576599121 38.8765602111816 38.6584167480469 38.9730262756348 39.1069526672363 38.9960594177246 38.6159553527832 37.9560737609863 38.0607643127441 38.6650276184082 38.8883972167969 38.4188079833984 38.8035583496094 38.9327239990234 38.9165649414062 38.8851852416992 38.8458557128906 38.739917755127 38.4525566101074 37.6775093078613 38.0324058532715 38.0798797607422 37.9902992248535 37.9315338134766
33.9081115722656 34.1373405456543 34.0097885131836 34.2145767211914 34.2775344848633 34.2824249267578 33.9861373901367 33.1163558959961 33.183910369873 33.2569236755371 32.4641189575195 32.302562713623 33.0341796875 34.7548027038574 35.144905090332 35.5344390869141 35.5725936889648 36.1821060180664 38.1146469116211 38.7347145080566 38.9472961425781 38.9027824401855 38.7552146911621 38.7120170593262 38.8778419494629 38.9742164611816 38.9543952941895 38.5589179992676 37.5830307006836 37.7762832641602 38.1308670043945 38.9566307067871 38.6865921020508 38.1061477661133 38.819206237793 38.7622184753418 38.7966537475586 38.8579406738281 38.7651023864746 38.481014251709 37.8869552612305 36.5497932434082 36.2817573547363 37.4045219421387 37.7884712219238 38.1073799133301
34.446346282959 34.0670700073242 33.9371681213379 34.0616683959961 34.1628189086914 34.0967750549316 33.7364349365234 33.435920715332 33.8805847167969 33.3365631103516 33.2278251647949 33.2127647399902 33.8207626342773 34.6936416625977 34.8087501525879 35.3681716918945 36.0953330993652 37.1854248046875 38.1856231689453 38.6259956359863 38.9859466552734 38.9664077758789 38.4611587524414 38.1715316772461 38.4178848266602 38.2874183654785 38.4035530090332 38.5864601135254 38.4817352294922 38.4734344482422 38.8044509887695 39.0836029052734 38.4509201049805 38.3695182800293 38.9660797119141 38.4616851806641 38.6084823608398 38.5723838806152 38.6549797058105 38.3545188903809 36.8672332763672 36.0780258178711 35.4395446777344 37.3763313293457 37.9679374694824 37.7989883422852
34.7912483215332 33.8463897705078 33.8041496276855 33.886589050293 33.9894714355469 33.8840484619141 33.8919944763184 34.3161201477051 34.0311698913574 33.4322471618652 34.3100967407227 34.6589736938477 34.7954025268555 34.3067474365234 34.3186111450195 35.124885559082 36.080493927002 37.3456153869629 37.4612121582031 38.3297462463379 38.8240737915039 38.8517608642578 38.3666839599609 38.1236038208008 37.2891502380371 37.9088935852051 38.4622421264648 38.6304626464844 38.8824462890625 38.9011764526367 39.0938186645508 39.0391311645508 39.0122871398926 39.0488662719727 39.0101852416992 38.7726821899414 37.8039665222168 38.4374198913574 38.6391639709473 38.5948143005371 38.5607109069824 37.253360748291 37.0928993225098 38.4640350341797 38.7486000061035 38.7319602966309
34.8473892211914 34.0646667480469 33.7923011779785 33.7298583984375 33.8891410827637 33.7459716796875 34.2646102905273 35.5305137634277 34.8497505187988 34.311408996582 35.7465782165527 36.2493667602539 35.9524841308594 34.4358139038086 34.7447319030762 34.8271903991699 36.2858200073242 36.3254127502441 36.2219390869141 37.1233711242676 38.3748321533203 38.624210357666 38.2938499450684 38.2969055175781 38.1706352233887 37.8309631347656 37.9218940734863 38.0881996154785 38.8186302185059 38.7916069030762 38.8887901306152 38.6975593566895 38.9143905639648 39.0744781494141 38.7860260009766 38.7764778137207 38.0896224975586 38.230411529541 38.5201187133789 38.3596839904785 38.795280456543 38.8041572570801 38.7111930847168 38.7602920532227 38.8769035339355 38.7607803344727
34.639289855957 34.1219367980957 33.9516334533691 34.0885353088379 34.0317077636719 34.1071586608887 34.4305458068848 36.067497253418 36.2008285522461 35.1696815490723 36.6667556762695 37.5782279968262 36.8182754516602 35.8992729187012 35.8354148864746 36.2861404418945 36.8422203063965 37.3743438720703 37.7377090454102 38.0815238952637 38.330020904541 38.0563888549805 36.605037689209 36.933032989502 37.525032043457 37.1335258483887 37.3797569274902 38.3030853271484 38.7085647583008 38.9290237426758 37.8129577636719 37.7992744445801 38.6709175109863 38.9887504577637 38.500431060791 38.5396766662598 37.7119293212891 38.2673301696777 38.486011505127 38.3431663513184 38.8299751281738 38.9223899841309 38.9533767700195 38.9564323425293 38.9052238464355 38.5948104858398
34.670352935791 34.349967956543 34.3101844787598 34.4232406616211 34.5675048828125 34.6761054992676 35.2980155944824 36.6108093261719 36.514289855957 36.1453857421875 37.2622947692871 38.5055541992188 37.6144180297852 36.5332412719727 36.121166229248 37.6983604431152 38.1049003601074 38.3420867919922 38.5706939697266 38.6080055236816 38.1752014160156 37.8997688293457 38.0260696411133 37.4382095336914 37.8125305175781 38.3323173522949 38.5706367492676 38.6624298095703 38.8908042907715 38.8250885009766 37.1106185913086 37.9003791809082 38.7996101379395 38.7270317077637 38.2853965759277 38.2518119812012 38.0921020507812 38.6340942382812 38.6710586547852 38.6868057250977 38.6670570373535 38.8416900634766 38.8974075317383 38.9139785766602 38.8442573547363 38.8061370849609
34.6400756835938 34.4036979675293 34.8237991333008 35.4083099365234 35.4889335632324 35.8506507873535 36.6684341430664 37.1189613342285 36.6591567993164 36.9365844726562 38.4199104309082 38.9835510253906 38.3973922729492 37.2776679992676 36.5940475463867 37.6357803344727 37.6458702087402 37.9841194152832 38.7925453186035 39.0159759521484 38.7064094543457 38.3495750427246 38.7219200134277 38.5248947143555 38.394718170166 38.9074172973633 38.8082160949707 38.7301940917969 39.0099334716797 38.7795486450195 38.1354484558105 38.6445083618164 38.8376159667969 38.5252799987793 37.5357055664062 37.5027809143066 37.8617935180664 38.6357612609863 38.3376197814941 38.3225479125977 38.3548622131348 38.6643447875977 38.6511116027832 38.7209548950195 38.5762176513672 38.7247200012207
34.6926612854004 34.8333015441895 35.714599609375 36.2816734313965 36.8059921264648 37.5353202819824 38.2636604309082 37.4975547790527 36.007984161377 36.4753112792969 37.812744140625 39.0207710266113 38.5658149719238 38.2083854675293 37.2187309265137 38.3259658813477 38.5005645751953 37.8376770019531 38.6947250366211 39.0740051269531 39.0279579162598 38.5680313110352 38.9360198974609 39.0541610717773 38.8989219665527 39.0044479370117 38.8153076171875 38.0102653503418 38.8780670166016 39.0354995727539 38.9574890136719 38.8473014831543 38.5200500488281 38.1667633056641 37.2664680480957 37.3382225036621 38.160083770752 38.0986442565918 37.9532241821289 37.7602882385254 37.9259605407715 38.2556991577148 38.0562782287598 38.4401550292969 37.960391998291 38.379581451416
