inst/extdata/Tmax/Tmax110.asc
NCOLS 100 
NROWS 79 
XLLCORNER 148.06 
YLLCORNER -21.49 
CELLSIZE 0.01 
NODATA_value -3.4e+38 
[rows 20 to 39 of 79, columns 46 to 91 of 100]
37.6475601196289 36.1143531799316 36.2694396972656 37.4479217529297 37.1969146728516 36.6706008911133 36.4017066955566 35.3684616088867 36.903678894043 38.1140632629395 38.9358520507812 38.5179634094238 38.4509315490723 38.8970565795898 38.5728302001953 38.2963180541992 38.4649620056152 38.8460578918457 38.9049186706543 38.847038269043 38.7276802062988 38.5790557861328 38.7285652160645 38.7241744995117 38.6182136535645 38.474796295166 38.3255004882812 38.2748374938965 38.1749382019043 37.865234375 37.8276977539062 37.9516906738281 37.8149948120117 37.5615615844727 37.4783897399902 37.3488006591797 37.1968002319336 37.1076736450195 37.0218811035156 36.9414329528809 36.8057289123535 36.5497589111328 36.0000534057617 35.7607574462891 35.8090858459473 35.7392234802246
37.9164581298828 36.1149864196777 35.1173934936523 36.5343437194824 36.3911666870117 35.8842277526855 36.5960464477539 35.0010070800781 35.9859924316406 37.7179336547852 38.7290458679199 37.590087890625 37.0059089660645 38.4642944335938 37.4520530700684 37.1017150878906 37.7654800415039 38.7501907348633 38.6996917724609 38.9564895629883 38.9573707580566 38.8937683105469 38.6797904968262 38.3625373840332 38.2909545898438 38.2627563476562 38.313591003418 38.2229804992676 38.088680267334 37.962230682373 38.0987663269043 38.0698852539062 37.9688987731934 37.6399574279785 37.613468170166 37.4859886169434 37.3118209838867 37.245288848877 37.1838798522949 37.1268730163574 36.9244689941406 36.7370872497559 36.497257232666 36.2729072570801 36.1235237121582 36.0668601989746
38.4566955566406 38.011100769043 36.3507499694824 35.7682189941406 35.3416709899902 36.2736740112305 35.7364082336426 35.9204025268555 35.3753471374512 36.1386566162109 37.9837112426758 38.2745246887207 36.9685363769531 37.2585105895996 36.9292678833008 37.3406219482422 38.1533012390137 38.4209747314453 37.2972679138184 38.2589912414551 38.8047256469727 38.7987442016602 38.2797431945801 37.5848197937012 37.9844093322754 37.8984794616699 38.275032043457 38.3488578796387 38.0623245239258 38.1508560180664 38.1997375488281 38.1713562011719 38.1120567321777 37.9865379333496 37.8302917480469 37.609691619873 37.4055290222168 37.2445526123047 37.2385559082031 37.237419128418 37.0630264282227 36.9340591430664 36.6753959655762 36.5323333740234 36.3987770080566 36.4483261108398
37.9337997436523 37.7639350891113 37.1984024047852 36.4793128967285 35.211311340332 35.7720603942871 36.297981262207 36.4372673034668 36.1922187805176 35.7752151489258 36.8817710876465 36.8259048461914 37.536304473877 36.1096038818359 36.7732772827148 37.9513740539551 37.8830184936523 38.136604309082 37.0002517700195 38.5873107910156 39.096809387207 38.9525909423828 38.1831703186035 37.0818061828613 37.9789810180664 38.037540435791 38.0543327331543 38.3371467590332 38.4193725585938 38.4029808044434 38.3422927856445 38.3040809631348 38.2204170227051 38.0817756652832 37.9352569580078 37.7386894226074 37.3657150268555 37.0607032775879 37.1168937683105 37.2334671020508 37.1333999633789 37.1037483215332 36.8714866638184 36.8068733215332 36.6021614074707 36.5800552368164
36.2524337768555 37.3819847106934 37.6621894836426 37.4221305847168 36.5023536682129 35.9168853759766 35.8905792236328 35.5892944335938 36.3297348022461 35.8301849365234 35.7898063659668 35.3753242492676 36.9602432250977 37.6343193054199 36.915397644043 37.729549407959 38.3089752197266 38.7163009643555 38.4253997802734 39.1478118896484 39.0772018432617 38.9074440002441 38.3315277099609 37.632511138916 38.180477142334 38.3277168273926 38.0419578552246 38.0558929443359 38.0784111022949 38.3886756896973 38.2000732421875 38.3847274780273 38.224910736084 38.1304321289062 38.0009651184082 37.6753997802734 37.550048828125 37.0985107421875 36.8503189086914 37.1131973266602 37.1364402770996 37.1495475769043 36.985279083252 36.9878196716309 36.9986152648926 36.857479095459
35.0389595031738 35.8293952941895 36.9737091064453 36.8752784729004 36.1066284179688 35.4241905212402 35.1012573242188 34.6344299316406 35.5362358093262 36.0480728149414 35.5537986755371 35.7260398864746 36.897346496582 38.4514579772949 37.9954452514648 38.0050582885742 38.0852890014648 39.1142845153809 39.134334564209 39.068904876709 38.9915580749512 38.6992530822754 37.6909484863281 37.6814002990723 37.7099113464355 38.1337699890137 37.8724784851074 37.3478927612305 37.7734107971191 38.4965782165527 38.3878631591797 38.4149513244629 38.3220329284668 38.2382888793945 38.0780563354492 37.8946914672852 37.8513641357422 37.3777198791504 36.9690589904785 37.1455764770508 36.8674964904785 36.9139289855957 36.6808013916016 37.0932693481445 37.0987892150879 36.9674186706543
34.9663734436035 34.8243141174316 35.3657913208008 35.8855171203613 36.4678955078125 34.5829238891602 34.351993560791 34.9884872436523 35.3633079528809 35.9596252441406 35.9407691955566 36.2749404907227 37.7344093322754 38.4347610473633 38.7851066589355 38.8580551147461 38.9178771972656 39.2513847351074 38.9239883422852 38.7426795959473 38.698860168457 38.3068084716797 38.3967475891113 38.5465545654297 38.4985656738281 37.9751777648926 37.6008491516113 38.234317779541 38.3721923828125 38.2889213562012 37.8096504211426 38.2423286437988 38.2979507446289 38.299072265625 38.231761932373 38.0962905883789 37.8039588928223 37.5272941589355 37.5326766967773 37.3198089599609 37.177001953125 36.7601585388184 37.055606842041 37.1611938476562 37.0138206481934 36.8279151916504
35.1274375915527 34.7063827514648 34.9293479919434 35.1045417785645 35.514892578125 34.1588516235352 33.9155807495117 34.2278709411621 35.2317810058594 35.8153877258301 35.3629455566406 35.8072319030762 36.570442199707 37.5304298400879 38.6505851745605 38.3333053588867 39.140266418457 39.2755012512207 38.6901550292969 38.0639953613281 38.4986763000488 38.59912109375 38.7879447937012 38.9046173095703 38.930793762207 38.5564727783203 38.5009002685547 38.7097625732422 38.7039566040039 38.1327629089355 37.7330207824707 38.0802803039551 38.1032752990723 38.3478813171387 38.3250579833984 38.2155227661133 38.045783996582 37.8540534973145 37.5363693237305 36.9640274047852 36.7509613037109 36.6274757385254 36.6102638244629 36.9921226501465 36.9389495849609 37.0937309265137
35.8863906860352 35.494441986084 36.1314430236816 35.9707145690918 35.6059951782227 34.4702415466309 35.0703048706055 34.847957611084 35.0729026794434 35.5207824707031 35.2702178955078 35.4691925048828 35.5558929443359 37.394458770752 38.3707885742188 37.7433128356934 38.8827819824219 39.0567932128906 38.7699203491211 37.8457374572754 37.9943618774414 38.7871551513672 39.0327033996582 39.0721435546875 39.0346984863281 38.8981819152832 38.8566780090332 38.8876419067383 38.5573844909668 37.9805755615234 37.8096809387207 38.245777130127 38.4942092895508 38.4658241271973 38.4050674438477 38.3205261230469 38.2296600341797 38.0943794250488 37.8840866088867 37.0691528320312 36.6179046630859 36.0203514099121 36.615062713623 36.5331344604492 37.0586433410645 37.2028770446777
37.3465042114258 37.1875 36.642879486084 36.5663986206055 36.0774002075195 35.6175384521484 35.367546081543 34.5617446899414 35.0536117553711 34.6354026794434 34.2183723449707 35.2447853088379 35.4932327270508 37.0491409301758 37.8303337097168 37.1664199829102 37.7171897888184 38.2991256713867 38.6873626708984 38.5425605773926 38.1297798156738 38.8252487182617 39.1223220825195 38.9250602722168 38.8542251586914 38.5596389770508 38.8132705688477 38.9398307800293 38.2129020690918 37.5241508483887 37.9478073120117 38.3134956359863 38.5137710571289 38.5177993774414 38.473445892334 38.3634643554688 38.3028030395508 38.2002639770508 38.0347061157227 37.7354736328125 37.2111053466797 36.8093528747559 36.4505043029785 36.2495155334473 36.7652549743652 37.0007858276367
36.377815246582 36.3604393005371 36.3665809631348 36.0260391235352 35.5944671630859 35.7443428039551 35.0201301574707 34.5929298400879 34.165283203125 34.2187385559082 33.7168159484863 34.4302368164062 34.4068946838379 36.153491973877 37.0071907043457 35.9731521606445 36.4064636230469 37.6768951416016 38.6796569824219 39.0517692565918 38.6225318908691 39.0328903198242 39.1346054077148 38.7877502441406 38.7234420776367 38.7556457519531 39.0433006286621 38.9753112792969 38.5241508483887 37.9778518676758 38.1838150024414 38.3340225219727 38.591136932373 38.5553245544434 38.4667472839355 38.3813705444336 38.3404693603516 38.2511138916016 38.1643447875977 37.9786109924316 37.736499786377 37.3025741577148 36.9769630432129 36.8815536499023 36.9618797302246 37.1521987915039
35.7376594543457 35.9543914794922 35.8334693908691 35.773006439209 35.0391540527344 35.646312713623 34.8665504455566 33.8493270874023 33.3513488769531 33.6462554931641 33.3528938293457 33.8805732727051 34.4908676147461 35.9428520202637 36.1764602661133 35.8480987548828 37.5890960693359 38.3227081298828 38.8605575561523 39.1751670837402 39.3170280456543 39.3085708618164 39.2159538269043 39.0996627807617 38.8878211975098 39.0429420471191 39.0855293273926 38.9519462585449 38.620174407959 38.0902862548828 38.0879096984863 38.4637870788574 38.5669097900391 38.1786727905273 38.3946266174316 38.4211845397949 38.3681221008301 38.3061981201172 38.225341796875 38.0950241088867 37.8243103027344 37.2475967407227 37.4174346923828 37.3823509216309 37.253833770752 37.1242637634277
35.2040748596191 35.4325981140137 35.2904930114746 35.4931106567383 35.5482978820801 35.5234375 35.2094879150391 34.2990570068359 34.3592414855957 34.4247779846191 33.5781593322754 33.4011001586914 34.146800994873 35.9084548950195 36.3157653808594 36.7260932922363 36.748363494873 37.421329498291 38.8568687438965 39.2563705444336 39.336986541748 39.2530250549316 39.092529296875 39.0076217651367 39.0734672546387 39.0719451904297 39.0047721862793 38.6652603149414 37.9111442565918 37.9930686950684 38.169490814209 38.7042999267578 38.4555740356445 38.0133819580078 38.4481086730957 38.3510131835938 38.3336982727051 38.3207588195801 38.2032585144043 37.9564018249512 37.4864654541016 36.5557060241699 36.3225975036621 36.986888885498 37.1750679016113 37.3023109436035
35.7937393188477 35.388240814209 35.2438850402832 35.3635406494141 35.4586944580078 35.3605117797852 34.9803886413574 34.6593742370605 35.1096611022949 34.5367774963379 34.3973426818848 34.3715324401855 34.9884185791016 35.8766593933105 35.983341217041 36.5597724914551 37.3690338134766 38.2709197998047 38.9536933898926 39.222053527832 39.4101104736328 39.3447647094727 38.9269256591797 38.6654624938965 38.7909317016602 38.6276321411133 38.6584968566895 38.7330856323242 38.6020088195801 38.5400810241699 38.700855255127 38.8474159240723 38.3454551696777 38.2510261535645 38.6098251342773 38.2130241394043 38.2593040466309 38.1827278137207 38.1845893859863 37.9299163818359 36.8813247680664 36.3170166015625 35.8524780273438 37.0403938293457 37.3695411682129 37.1811943054199
36.1977844238281 35.1647148132324 35.1116409301758 35.1879768371582 35.285343170166 35.1465759277344 35.1482582092285 35.5776748657227 35.2725219726562 34.6425361633301 35.52294921875 35.872184753418 36.0015716552734 35.4865531921387 35.4875793457031 36.2889060974121 37.3525924682617 38.4121704101562 38.4472885131836 39.0296363830566 39.3157157897949 39.2854804992676 38.8834800720215 38.6568336486816 38.0070152282715 38.3835372924805 38.7255325317383 38.7904167175293 38.9148292541504 38.872932434082 38.9360084533691 38.8443069458008 38.7678642272949 38.7443809509277 38.6763496398926 38.4500465393066 37.757209777832 38.1254501342773 38.2084121704102 38.1265563964844 38.0325622558594 37.1186256408691 36.9606895446777 37.8064231872559 37.9433555603027 37.8595352172852
36.2653045654297 35.397388458252 35.105152130127 35.0311737060547 35.1874694824219 35.0097465515137 35.5412101745605 36.9342803955078 36.1300086975098 35.559024810791 37.1127891540527 37.6720123291016 37.3100471496582 35.6279067993164 35.9351196289062 35.9918594360352 37.5861549377441 37.6072959899902 37.4665756225586 38.1764678955078 39.0139961242676 39.1448745727539 38.855525970459 38.8068389892578 38.6657600402832 38.3539085388184 38.3652687072754 38.4297065734863 38.8953704833984 38.821720123291 38.8171615600586 38.6287040710449 38.730770111084 38.7956047058105 38.5551719665527 38.4828605651855 37.9781455993652 38.0221366882324 38.1643905639648 38.0074996948242 38.2291030883789 38.1839370727539 38.0709915161133 38.0534706115723 38.0818176269531 37.9343147277832
36.0254707336426 35.4626960754395 35.2766151428223 35.4099273681641 35.3417320251465 35.3910369873047 35.7197647094727 37.5570907592773 37.6923789978027 36.4836235046387 38.1714134216309 38.9344367980957 38.2995834350586 37.2288970947266 37.1351661682129 37.6097297668457 38.1394844055176 38.4803237915039 38.6959991455078 38.8955116271973 39.0050735473633 38.7596244812012 37.667896270752 37.8557205200195 38.2306098937988 37.8829612731934 38.00634765625 38.6083335876465 38.8428840637207 38.9462471008301 38.1081047058105 38.0646438598633 38.5999794006348 38.7669639587402 38.3946952819824 38.3564796447754 37.762866973877 38.0809288024902 38.177619934082 38.0344505310059 38.2921714782715 38.3059005737305 38.2784881591797 38.2330741882324 38.1512794494629 37.877857208252
36.0655097961426 35.7071838378906 35.656852722168 35.7653160095215 35.9059219360352 35.989143371582 36.6860160827637 38.1859321594238 38.0547065734863 37.6101722717285 38.7691040039062 39.6385383605957 38.9361381530762 37.9533615112305 37.4629669189453 38.8370323181152 39.0847320556641 39.2075462341309 39.3229827880859 39.2997169494629 38.9179534912109 38.6725044250488 38.7138328552246 38.2446136474609 38.4617652893066 38.7615699768066 38.8781585693359 38.8902854919434 38.9995307922363 38.8996963500977 37.6845359802246 38.1631813049316 38.7154884338379 38.6225166320801 38.2843475341797 38.1987419128418 38.0474510192871 38.3600845336914 38.3383598327637 38.3022003173828 38.2248573303223 38.2951850891113 38.2870292663574 38.2525596618652 38.1611442565918 38.0725746154785
36.0555038452148 35.7915840148926 36.2401924133301 36.9026336669922 36.9801292419434 37.362606048584 38.2931671142578 38.7896537780762 38.2424926757812 38.5385856628418 39.6654052734375 40.0288009643555 39.5534057617188 38.6863174438477 38.0215225219727 38.8362350463867 38.7958068847656 38.9929580688477 39.527286529541 39.6378173828125 39.3453903198242 39.0417785644531 39.2586135864258 39.0680236816406 38.922550201416 39.2174415588379 39.0937347412109 38.9856033325195 39.1318664550781 38.9157829284668 38.4099082946777 38.7068901062012 38.7921829223633 38.5406494140625 37.8447456359863 37.7613716125488 37.9521331787109 38.4183349609375 38.1759643554688 38.1213302612305 38.0801696777344 38.2412033081055 38.1881904602051 38.1913948059082 38.0528221130371 38.0909729003906
36.1187858581543 36.2676734924316 37.2749290466309 37.9166374206543 38.505054473877 39.275577545166 39.77294921875 39.1611976623535 37.4939002990723 38.0104370117188 39.2397003173828 40.0746765136719 39.6961212158203 39.3880729675293 38.6197052001953 39.3595924377441 39.4371376037598 38.9096374511719 39.4786682128906 39.7014236450195 39.5985412597656 39.221607208252 39.4351768493652 39.4683113098145 39.3048934936523 39.309944152832 39.1228942871094 38.501953125 39.0630493164062 39.1154975891113 38.9844207763672 38.8706817626953 38.6104393005371 38.3340530395508 37.7013816833496 37.687442779541 38.1825904846191 38.0988655090332 37.9602546691895 37.7911148071289 37.8386993408203 38.012451171875 37.8394622802734 38.0505447387695 37.6954917907715 37.9114227294922
