inst/extdata/Tmax/Tmax158.asc
NCOLS 100 
NROWS 79 
XLLCORNER 148.06 
YLLCORNER -21.49 
CELLSIZE 0.01 
NODATA_value -3.4e+38 
[rows 40 to 59 of 79, columns 0 to 45 of 100]
37.069503784179702 36.743293762207 36.8057098388672 36.8642768859863 36.7383918762207 36.8953094482422 36.8470306396484 36.6241264343262 36.071605682373 36.6123504638672 37.407600402832 37.8115768432617 37.879035949707 37.9647598266602 38.0683135986328 37.8312835693359 37.5048141479492 37.0950012207031 36.404167175293 37.0332717895508 37.0428161621094 36.9181327819824 36.8620643615723 36.3899993896484 35.3029365539551 34.5280342102051 34.2908935546875 34.4267196655273 34.5896530151367 33.8288536071777 33.0600662231445 33.5876655578613 35.1632232666016 34.8504486083984 34.5536727905273 34.9783210754395 34.8766250610352 34.5000190734863 34.2499351501465 33.7169952392578 33.6857833862305 32.6297912597656 31.946720123291 31.9580974578857 31.6626644134521 31.4850444793701
37.2501945495605 36.7785720825195 36.6528930664062 36.7992248535156 36.69580078125 36.8154525756836 36.8335609436035 36.7246856689453 36.4421157836914 36.612060546875 37.0458755493164 37.4859771728516 37.789924621582 38.017936706543 38.0948791503906 37.9334945678711 37.5676040649414 36.9706878662109 36.5791320800781 36.7790145874023 36.8281860351562 36.5485992431641 36.7897872924805 36.4659576416016 35.6681709289551 35.0764274597168 34.3251419067383 34.248046875 34.5261039733887 34.0126571655273 33.512523651123 34.2949066162109 35.1471519470215 34.2463111877441 33.3798065185547 34.3336067199707 34.3960876464844 34.673885345459 34.6478080749512 34.3827323913574 34.2558860778809 33.3708610534668 31.6832637786865 31.5542774200439 31.6627941131592 31.6320304870605
37.0812187194824 37.0256271362305 36.7907867431641 36.6653938293457 36.7602157592773 36.8075141906738 36.789794921875 36.7640686035156 36.7430953979492 36.7057189941406 36.7872200012207 37.3822860717773 37.796745300293 37.9960784912109 38.0355987548828 37.999641418457 37.7264022827148 37.3508224487305 37.0912322998047 37.0527725219727 36.9672775268555 36.1797332763672 36.1130294799805 36.4070663452148 36.4596939086914 35.9383583068848 34.8787727355957 34.4968872070312 34.4207534790039 34.1656761169434 33.0877342224121 34.4070281982422 34.4939422607422 33.1983604431152 32.2225799560547 33.3472290039062 33.3542594909668 34.1682167053223 34.3900451660156 34.0416107177734 33.7764282226562 33.8418807983398 33.1281929016113 32.8796920776367 33.410530090332 34.6449394226074
36.6796646118164 36.8017272949219 36.8066215515137 36.8207855224609 36.8768882751465 36.8882179260254 36.8559303283691 36.8135299682617 36.9013023376465 36.8856925964355 36.9173583984375 37.4275054931641 37.7521820068359 37.9638442993164 38.011962890625 38.0537071228027 37.9326820373535 37.6899948120117 37.3657379150391 37.4339485168457 37.2385864257812 36.9295768737793 36.1167182922363 35.7041397094727 36.5456581115723 36.3050498962402 35.810619354248 35.2425079345703 34.8510856628418 34.6557998657227 33.7006950378418 33.603443145752 34.4782028198242 33.8797874450684 33.1129913330078 32.5682563781738 32.6808586120605 33.0012893676758 33.2985420227051 33.028507232666 32.4896812438965 33.3751335144043 32.8567008972168 34.0329284667969 36.2078819274902 36.9643096923828
36.324462890625 36.5565490722656 36.5529479980469 36.5733871459961 36.8173370361328 36.9757347106934 37.0190963745117 36.9717407226562 37.0661849975586 37.1431198120117 37.3697967529297 37.5463027954102 37.7255210876465 37.871280670166 37.9681015014648 38.0551414489746 38.0225448608398 37.8660316467285 37.6938400268555 37.6549072265625 37.5141944885254 37.3456420898438 36.9941787719727 36.7520065307617 36.5535469055176 36.007453918457 36.3239440917969 36.194522857666 35.8176155090332 34.9992790222168 34.2735862731934 34.2709808349609 34.6762962341309 34.8957595825195 34.552848815918 33.1443939208984 31.5387001037598 31.5125198364258 31.6585712432861 32.083667755127 31.9529056549072 32.6266784667969 32.0654144287109 33.1022529602051 35.2829933166504 36.9851188659668
36.3433380126953 36.4275894165039 36.2615509033203 36.1482391357422 36.4152984619141 36.702392578125 36.9943542480469 37.1600646972656 37.2625885009766 37.3959274291992 37.5016136169434 37.4172248840332 37.1647796630859 37.6433601379395 37.9441261291504 38.0247344970703 38.0302543640137 37.969596862793 37.8778381347656 37.817943572998 37.7253303527832 37.6012001037598 37.5515785217285 36.8199157714844 36.4111442565918 36.3361129760742 36.4427223205566 36.2553520202637 36.0426940917969 35.432991027832 33.9346733093262 34.1904335021973 34.5827026367188 34.6779022216797 34.8152656555176 33.7391090393066 32.1728591918945 31.8988513946533 31.9562644958496 32.5050582885742 31.8005847930908 32.2412300109863 32.7430267333984 33.1370124816895 34.2241477966309 35.6657371520996
36.1696243286133 36.1428985595703 36.1733856201172 36.1037178039551 36.0039863586426 36.0933685302734 36.7071990966797 36.8802490234375 37.0494651794434 37.0925827026367 37.3801956176758 37.5176849365234 37.234073638916 37.5700035095215 37.8683815002441 37.9851036071777 38.0005760192871 37.940673828125 37.9102668762207 37.879337310791 37.8056182861328 37.7284469604492 37.6220169067383 37.0565338134766 36.0666389465332 36.2196807861328 36.4384651184082 36.1827011108398 36.1380577087402 35.9752006530762 35.019287109375 34.631664276123 34.2169609069824 34.5500564575195 34.733211517334 34.1767997741699 32.8975410461426 33.2571220397949 32.6292457580566 33.5004272460938 32.8375244140625 33.0309371948242 33.1920051574707 33.3397521972656 33.3480224609375 33.135009765625
36.6946868896484 35.9281311035156 35.8520164489746 35.8071670532227 35.7948570251465 35.9651298522949 36.3563652038574 36.3217811584473 36.6458473205566 36.7259407043457 36.8445587158203 36.9351425170898 37.1830978393555 37.5479774475098 37.7999076843262 37.9642295837402 37.9568748474121 37.8321266174316 37.6302070617676 37.5295639038086 37.7107849121094 37.4922981262207 37.5321502685547 37.4690399169922 36.9260368347168 36.8232154846191 36.8469352722168 36.6216163635254 36.43212890625 36.176570892334 35.3546752929688 34.9184379577637 34.0727691650391 34.5665664672852 34.6359710693359 34.3709869384766 33.8523025512695 34.1426429748535 33.8367652893066 34.1485710144043 33.8458938598633 33.5985641479492 33.4404411315918 33.2743453979492 32.8752593994141 32.6067962646484
37.5385894775391 36.5842094421387 35.6949119567871 35.535083770752 35.7110137939453 35.954460144043 35.8840217590332 35.9025650024414 36.331657409668 36.7119483947754 36.8202133178711 36.8099174499512 37.1116409301758 37.5064544677734 37.8213653564453 37.9237937927246 37.9392585754395 37.8733673095703 37.6835823059082 37.4257469177246 37.5304336547852 37.470630645752 37.3900299072266 37.5671920776367 37.4498863220215 37.3347930908203 36.9888114929199 36.7633781433105 36.6703033447266 36.3277778625488 35.8642883300781 35.3056716918945 34.2714042663574 34.4752311706543 34.4557113647461 34.544994354248 34.4321708679199 34.4149208068848 34.2913970947266 34.0845947265625 33.1319885253906 32.9301834106445 33.1879463195801 32.8914489746094 32.7442932128906 32.339111328125
37.8440017700195 37.2428665161133 36.2465171813965 35.5724487304688 35.5751724243164 35.5824317932129 35.625602722168 36.0627555847168 36.3697624206543 36.2634811401367 37.0352096557617 37.3257675170898 37.4772605895996 37.619945526123 37.7592620849609 37.8814582824707 37.8949012756348 37.8503646850586 37.741569519043 37.5848846435547 37.4729270935059 37.3930702209473 37.1821746826172 37.2480850219727 37.4692993164062 37.4657096862793 37.1960182189941 36.5516204833984 35.959156036377 36.3018112182617 35.9495849609375 35.5791931152344 34.6123809814453 34.2666282653809 34.0276565551758 34.4110260009766 34.512321472168 34.4066047668457 34.370246887207 34.0077705383301 33.18359375 32.7035713195801 32.9388313293457 32.5074615478516 32.416072845459 32.3207206726074
37.8209686279297 37.619499206543 37.0926322937012 36.3568954467773 35.7297286987305 35.384407043457 35.5869331359863 35.9907493591309 36.063907623291 36.4499816894531 37.1722106933594 37.4653854370117 37.638729095459 37.7831840515137 37.8255004882812 37.8742370605469 37.7344665527344 37.7669830322266 37.7916831970215 37.7111396789551 37.5899505615234 37.3986511230469 37.1727333068848 37.0880088806152 37.2367248535156 37.3022994995117 37.354679107666 37.0890045166016 36.7582321166992 36.5937156677246 35.940242767334 35.7462539672852 34.7414703369141 34.2602691650391 33.530632019043 34.1162414550781 34.2780303955078 34.2827949523926 34.3579597473145 34.1479339599609 33.5313873291016 33.3269577026367 33.221004486084 32.9758033752441 32.5971336364746 32.3974609375
37.7660789489746 37.734245300293 37.4471855163574 36.6600723266602 35.9727821350098 35.650333404541 35.6084327697754 35.7290267944336 35.4512100219727 35.6572952270508 36.7138061523438 37.2116737365723 37.4483413696289 37.716968536377 37.8398895263672 37.8110885620117 37.7165679931641 37.733039855957 37.706901550293 37.7091102600098 37.6075019836426 37.482177734375 37.3696098327637 37.1335487365723 37.0056495666504 36.9456748962402 36.901481628418 37.0593719482422 36.7994651794434 36.9579086303711 36.9995803833008 36.0383682250977 35.3269424438477 34.796875 34.2123184204102 34.3841514587402 34.3346214294434 34.1365547180176 34.3202514648438 34.2139549255371 33.6283493041992 33.432258605957 33.3072929382324 33.0969352722168 32.5152893066406 32.2986106872559
37.5403175354004 37.641529083252 37.4898910522461 36.3356666564941 35.3938941955566 35.3802032470703 35.5141487121582 35.3689727783203 35.081241607666 35.2617988586426 36.616870880127 37.1975250244141 37.4810523986816 37.725341796875 37.756290435791 37.713809967041 37.7015762329102 37.6468048095703 37.6122169494629 37.6218032836914 37.6493644714355 37.5844535827637 37.4034385681152 37.1714782714844 36.9158935546875 36.7359046936035 36.7053260803223 36.664623260498 36.671215057373 36.5585136413574 36.8042411804199 36.6504402160645 35.9772109985352 35.2445449829102 34.7266235351562 35.1463775634766 35.0844459533691 34.5210380554199 34.2963066101074 34.3904266357422 34.2055168151855 33.8906440734863 33.5262145996094 33.2396507263184 32.8424453735352 32.3874664306641
37.2967414855957 37.3878021240234 37.5438537597656 37.0428695678711 35.8565444946289 35.4624328613281 35.8955192565918 35.313777923584 35.1448745727539 35.263427734375 36.5695533752441 37.3101196289062 37.5883865356445 37.71875 37.6499900817871 37.5517730712891 37.5469551086426 37.5951614379883 37.571460723877 37.4584426879883 37.5333442687988 37.6140365600586 37.4552955627441 37.2841873168945 37.0610122680664 36.8790969848633 36.4555473327637 36.2398986816406 35.8294525146484 36.2609786987305 36.0735702514648 36.7359580993652 36.8033409118652 36.3970413208008 35.8139686584473 35.8656387329102 35.4200134277344 35.0060348510742 34.6456565856934 35.1099014282227 34.618049621582 34.2871742248535 34.1083755493164 33.9509658813477 33.6271018981934 33.4572525024414
37.1331253051758 37.1021842956543 37.3466835021973 37.3825340270996 36.8710021972656 36.6049537658691 36.5447807312012 36.1387023925781 35.9121589660645 35.9438858032227 36.1907920837402 36.6809349060059 37.4786682128906 37.655345916748 37.5265197753906 37.439136505127 37.4306678771973 37.5083236694336 37.4778099060059 37.4154090881348 37.4570732116699 37.5821685791016 37.5379867553711 37.3367195129395 37.2191047668457 37.0102462768555 36.6162528991699 36.3690071105957 35.8846817016602 36.1737976074219 35.4309158325195 35.9423408508301 36.2334938049316 36.272289276123 36.430477142334 36.2957611083984 35.9308662414551 35.7694931030273 35.2425117492676 34.6571044921875 34.580322265625 34.6342811584473 34.3580322265625 34.1334381103516 34.1367607116699 33.9721450805664
37.2259635925293 37.2220802307129 37.3054008483887 37.3630676269531 37.2425193786621 36.5435028076172 36.5609855651855 36.6552467346191 36.4148941040039 36.3825531005859 36.6990661621094 37.1331672668457 37.5326232910156 37.632438659668 37.531078338623 37.3306350708008 37.3971481323242 37.4096412658691 37.1918601989746 37.1850852966309 37.3588714599609 37.4520492553711 37.5280723571777 37.4267730712891 37.2983016967773 37.1321411132812 36.8961753845215 36.6023635864258 36.4167747497559 36.2416915893555 35.7507400512695 35.3216896057129 35.4944801330566 35.463451385498 36.0055961608887 35.6631011962891 35.9815635681152 35.7104759216309 35.2952842712402 34.8147964477539 34.549201965332 34.2890357971191 33.7311973571777 33.0460968017578 33.7397384643555 33.9744300842285
37.3425407409668 37.317985534668 37.3067741394043 37.3095016479492 37.1505851745605 36.240104675293 36.0022392272949 36.5299911499023 36.4169082641602 36.0601539611816 36.4193420410156 37.2058258056641 37.5331001281738 37.5845909118652 37.4996681213379 37.2979278564453 37.2905769348145 37.0697021484375 36.7881736755371 36.970401763916 37.3346862792969 37.3478164672852 37.4560928344727 37.4596824645996 37.2790145874023 37.2182846069336 37.0051078796387 36.6849365234375 36.5949020385742 36.3406639099121 35.8683280944824 35.0714874267578 34.7291488647461 34.9098014831543 35.4631614685059 35.6401557922363 35.1985397338867 34.7989768981934 35.0435447692871 34.9728317260742 34.5801811218262 34.2997093200684 33.6831741333008 32.7294540405273 33.2704467773438 33.7195281982422
37.3904991149902 37.3466644287109 37.3141174316406 37.2948379516602 37.2669486999512 36.886043548584 36.3638916015625 36.0968475341797 36.1210670471191 35.8883666992188 36.4671897888184 37.2033958435059 37.490550994873 37.518726348877 37.4350166320801 37.2375640869141 37.0479164123535 36.8317794799805 36.7156219482422 37.046012878418 37.2099494934082 37.2895889282227 37.2623329162598 37.392993927002 37.337574005127 37.2465972900391 37.0487632751465 36.7501106262207 36.6219520568848 36.4033317565918 35.9301071166992 35.6908264160156 35.1658210754395 34.9552879333496 34.9026184082031 35.0902137756348 35.4034461975098 35.237060546875 34.8227958679199 34.5950660705566 34.367057800293 34.1301078796387 33.8493843078613 33.4858894348145 32.7412986755371 33.0961074829102
37.4350929260254 37.3735237121582 37.3392906188965 37.3429870605469 37.2753295898438 37.0458564758301 36.7214698791504 36.0646553039551 35.9554824829102 36.1900367736816 36.7471084594727 37.2404022216797 37.4373054504395 37.4452285766602 37.3104362487793 37.1345405578613 36.7939376831055 36.7208518981934 36.8660125732422 36.916934967041 37.1021537780762 37.0403709411621 36.8473205566406 37.1550674438477 37.3761520385742 37.2504425048828 37.0002593994141 36.8414039611816 36.6987686157227 36.5875282287598 36.3740158081055 36.1164855957031 35.7650756835938 35.7124061584473 35.3407211303711 34.9531478881836 35.0720672607422 35.1712875366211 34.9109420776367 34.7441101074219 34.5901069641113 34.310604095459 33.6061096191406 33.1653633117676 33.3275909423828 33.361213684082
37.4333763122559 37.4427108764648 37.4010162353516 37.3762893676758 37.2637977600098 37.1543807983398 37.0368728637695 36.6374359130859 36.1139030456543 36.2422752380371 36.4488372802734 36.8026123046875 37.1504898071289 37.2216339111328 37.1692161560059 37.0245819091797 36.7892951965332 36.6603202819824 36.5485534667969 36.6161308288574 36.9050064086914 36.9176788330078 36.6534538269043 37.1293334960938 37.3862991333008 37.2731590270996 37.0890045166016 36.9287872314453 36.8533134460449 36.7341461181641 36.6072463989258 36.3547630310059 35.9902648925781 36.24365234375 36.1016693115234 35.6741561889648 35.145751953125 35.0257720947266 35.1790084838867 35.6740493774414 34.8060455322266 34.486213684082 34.026252746582 33.2341728210449 33.1628036499023 33.0313758850098
