inst/extdata/Tmax/Tmax83.asc
NCOLS 100 
NROWS 79 
XLLCORNER 148.06 
YLLCORNER -21.49 
CELLSIZE 0.01 
NODATA_value -3.4e+38 
[rows 20 to 39 of 79, columns 46 to 91 of 100]
35.6510772705078 34.0730590820312 34.2535247802734 35.5012626647949 35.259464263916 34.7503700256348 34.4867134094238 33.4215240478516 35.0577239990234 36.3535652160645 37.275749206543 36.8582077026367 36.817928314209 37.3341331481934 37.0164947509766 36.7706604003906 36.9905815124512 37.4508895874023 37.5595703125 37.5386238098145 37.4710426330566 37.3459739685059 37.5633125305176 37.6068420410156 37.5378494262695 37.4487533569336 37.3341369628906 37.3342170715332 37.2775344848633 36.9773750305176 37.0124168395996 37.2046852111816 37.0947761535645 36.8445625305176 36.8166465759277 36.7645072937012 36.664794921875 36.6309852600098 36.5925331115723 36.5475845336914 36.4659156799316 36.2789916992188 35.7452354431152 35.5867462158203 35.7292709350586 35.7100219726562
35.9204864501953 34.0608100891113 32.998722076416 34.5362319946289 34.4055061340332 33.9137535095215 34.6798210144043 32.9712600708008 34.0846672058105 35.9301452636719 37.049129486084 35.8672943115234 35.2780380249023 36.8592071533203 35.8085327148438 35.4845085144043 36.2255783081055 37.3356018066406 37.3198127746582 37.6506805419922 37.7181510925293 37.6880722045898 37.4897422790527 37.1785507202148 37.147632598877 37.1863555908203 37.2972602844238 37.2468070983887 37.1452713012695 37.0522880554199 37.2826881408691 37.2940368652344 37.2213363647461 36.8918991088867 36.9301795959473 36.8694305419922 36.7331161499023 36.7149238586426 36.6947784423828 36.6721115112305 36.5335655212402 36.3995208740234 36.1966590881348 35.9963035583496 35.8570365905762 35.8363456726074
36.4843788146973 36.0385437011719 34.3229827880859 33.729923248291 33.2923316955566 34.3231544494629 33.7764358520508 33.9924201965332 33.4350051879883 34.2688064575195 36.2590827941895 36.5971641540527 35.2393379211426 35.5745582580566 35.2536163330078 35.739185333252 36.6452980041504 36.973087310791 35.7883377075195 36.869945526123 37.5412521362305 37.5745391845703 37.034854888916 36.3066749572754 36.7958717346191 36.7653121948242 37.2402992248535 37.3747024536133 37.0953369140625 37.2450866699219 37.3706436157227 37.3798904418945 37.3526000976562 37.2684860229492 37.1493759155273 36.9743385314941 36.7944946289062 36.6606712341309 36.6996040344238 36.7544746398926 36.6339073181152 36.5442543029785 36.2898597717285 36.162296295166 36.0298385620117 36.1344451904297
35.9082717895508 35.749813079834 35.1785507202148 34.445972442627 33.0971336364746 33.7643394470215 34.3373184204102 34.5064468383789 34.2708702087402 33.8529891967773 35.0650291442871 35.0315589904785 35.8117561340332 34.3236389160156 35.0561714172363 36.36376953125 36.3224067687988 36.631103515625 35.4350662231445 37.2006301879883 37.8379554748535 37.7159309387207 36.8925437927246 35.7176094055176 36.7517585754395 36.8812065124512 36.945556640625 37.3140258789062 37.4553642272949 37.4819679260254 37.4788818359375 37.4738540649414 37.42626953125 37.3231887817383 37.2102355957031 37.0572242736816 36.6775894165039 36.3622550964355 36.4586944580078 36.6617164611816 36.6167335510254 36.6356353759766 36.3950347900391 36.3515090942383 36.1228561401367 36.1365280151367
34.1383666992188 35.3414497375488 35.6558609008789 35.4257125854492 34.481330871582 33.9062881469727 33.8968734741211 33.5996856689453 34.4053764343262 33.8995933532715 33.8979454040527 33.458625793457 35.189868927002 35.9354934692383 35.1961784362793 36.1152305603027 36.7749214172363 37.257869720459 36.9722938537598 37.8197250366211 37.8048782348633 37.6525001525879 37.045539855957 36.3082427978516 36.9610214233398 37.1905822753906 36.910270690918 36.9692001342773 37.0379180908203 37.4360771179199 37.2835006713867 37.5344848632812 37.4037475585938 37.3476333618164 37.2505264282227 36.9443283081055 36.8471298217773 36.3390922546387 36.0748405456543 36.4480133056641 36.5455093383789 36.6050682067871 36.4388198852539 36.4703903198242 36.5045776367188 36.368896484375
32.7891807556152 33.702220916748 34.9252319335938 34.8426284790039 34.054069519043 33.3614463806152 32.9910011291504 32.4523010253906 33.5505828857422 34.1189842224121 33.6324005126953 33.8411026000977 35.1121368408203 36.8059120178223 36.3431930541992 36.4024543762207 36.5211906433105 37.6924743652344 37.7535591125488 37.7204093933105 37.6964569091797 37.404655456543 36.319263458252 36.3469734191895 36.4173583984375 36.9520874023438 36.6982192993164 36.1481323242188 36.666633605957 37.5333023071289 37.4708213806152 37.5460205078125 37.4891967773438 37.4427337646484 37.3065338134766 37.1612510681152 37.1556701660156 36.627571105957 36.1665458679199 36.425895690918 36.1439514160156 36.236026763916 35.9778022766113 36.5120162963867 36.5364799499512 36.4848442077637
32.688175201416 32.5359840393066 33.1977882385254 33.789478302002 34.4245948791504 32.3409461975098 32.0810241699219 32.8575172424316 33.3245887756348 34.0131492614746 34.033935546875 34.4130706787109 35.9954872131348 36.7794532775879 37.1936264038086 37.326042175293 37.4267692565918 37.837589263916 37.5075912475586 37.3430633544922 37.3550415039062 36.9519462585449 37.0919303894043 37.3009605407715 37.2874412536621 36.7552719116211 36.3729705810547 37.1284980773926 37.3259162902832 37.2699279785156 36.7838134765625 37.324592590332 37.4365005493164 37.4851608276367 37.4534301757812 37.3611183166504 37.0659446716309 36.7644920349121 36.8088150024414 36.5827751159668 36.4611930847168 35.9760856628418 36.3666763305664 36.5242729187012 36.4185600280762 36.2984161376953
32.8633613586426 32.3796234130859 32.6609382629395 32.8862495422363 33.3931846618652 31.8196983337402 31.5453414916992 31.9328346252441 33.1472434997559 33.846076965332 33.3620071411133 33.9003524780273 34.7387619018555 35.7924575805664 37.035758972168 36.738395690918 37.6651382446289 37.8549308776855 37.2353668212891 36.5771675109863 37.117847442627 37.2658843994141 37.5186462402344 37.6917495727539 37.7625961303711 37.3947715759277 37.3715171813965 37.6503639221191 37.6832656860352 37.0664710998535 36.6750183105469 37.1149253845215 37.1871871948242 37.5136337280273 37.5311622619629 37.4671058654785 37.319164276123 37.1187744140625 36.761116027832 36.0864067077637 35.8733901977539 35.7469635009766 35.7584342956543 36.2970848083496 36.3043899536133 36.6026992797852
33.6852531433105 33.2742195129395 33.9821472167969 33.8317985534668 33.4580078125 32.1461296081543 32.873836517334 32.6261978149414 32.9117889404297 33.465217590332 33.2040977478027 33.4607543945312 33.5832672119141 35.6112251281738 36.695873260498 36.0622596740723 37.3441886901855 37.5744972229004 37.2897453308105 36.3006477355957 36.520378112793 37.440299987793 37.7581558227539 37.8430633544922 37.8400535583496 37.7431144714355 37.7349319458008 37.8095283508301 37.4685668945312 36.8477210998535 36.7178649902344 37.2591400146484 37.5893898010254 37.5996627807617 37.5720443725586 37.5364418029785 37.4775848388672 37.3424453735352 37.1139640808105 36.1369361877441 35.6266632080078 34.9244117736816 35.7171669006348 35.6782760620117 36.399055480957 36.678466796875
35.2137680053711 35.0663070678711 34.5116195678711 34.4508666992188 33.9532814025879 33.4952049255371 33.210823059082 32.2682495117188 32.870491027832 32.3892784118652 31.930721282959 33.1714019775391 33.4868621826172 35.2283744812012 36.098991394043 35.427360534668 36.0538330078125 36.7230415344238 37.1876754760742 37.0611839294434 36.6582870483398 37.4710350036621 37.8472366333008 37.6605262756348 37.6181411743164 37.3396949768066 37.6676597595215 37.8508491516113 37.0548248291016 36.3101463317871 36.8575172424316 37.3173637390137 37.5904693603516 37.6368637084961 37.6266326904297 37.5658836364746 37.5271530151367 37.429801940918 37.2534942626953 36.9103317260742 36.3228225708008 35.8773002624512 35.4877243041992 35.2979278564453 36.0017929077148 36.3885917663574
34.18212890625 34.1828269958496 34.2087135314941 33.867546081543 33.4100532531738 33.6287117004395 32.7793045043945 32.2879409790039 31.7966861724854 31.8759517669678 31.3178176879883 32.1801528930664 32.168872833252 34.2541961669922 35.1984710693359 34.1201591491699 34.6207542419434 36.0292739868164 37.1688575744629 37.6225852966309 37.1970405578613 37.6943740844727 37.847972869873 37.4901809692383 37.4540023803711 37.5476379394531 37.9149208068848 37.8740730285645 37.3953247070312 36.810733795166 37.1105690002441 37.3217544555664 37.6593933105469 37.6587867736816 37.5985946655273 37.557689666748 37.5345268249512 37.4508438110352 37.3692321777344 37.1789360046387 36.9482460021973 36.4617881774902 36.1113204956055 36.0482177734375 36.2060852050781 36.5281867980957
33.4939422607422 33.7419204711914 33.6324462890625 33.5872840881348 32.7326850891113 33.4944267272949 32.5796012878418 31.3905944824219 30.8182106018066 31.18092918396 30.8702507019043 31.5092678070068 32.2502250671387 34.0037231445312 34.2905349731445 33.9477653503418 35.8925552368164 36.7287063598633 37.3612747192383 37.7515106201172 37.9720764160156 37.9967041015625 37.9282417297363 37.8324699401855 37.6271362304688 37.8613739013672 37.9472122192383 37.8305931091309 37.4906768798828 36.922966003418 36.9828872680664 37.4531707763672 37.6122360229492 37.2002182006836 37.4907417297363 37.5705299377441 37.5308456420898 37.4789733886719 37.4173622131348 37.299617767334 37.0315132141113 36.3658599853516 36.6240005493164 36.6311378479004 36.5253982543945 36.4446334838867
32.8502082824707 33.1360626220703 32.9825782775879 33.2383651733398 33.319522857666 33.3289985656738 32.9681053161621 31.9037933349609 31.9899826049805 32.0828895568848 31.1173439025879 30.9239940643311 31.8217544555664 33.9403533935547 34.4265174865723 34.9137496948242 34.9637451171875 35.7247085571289 37.3452987670898 37.8315086364746 37.9820251464844 37.9196510314941 37.7727699279785 37.7121429443359 37.8240280151367 37.8783302307129 37.8373374938965 37.486011505127 36.661678314209 36.7937393188477 37.0580787658691 37.7113609313965 37.4636726379395 36.9620018005371 37.521354675293 37.4477462768555 37.4503173828125 37.4718704223633 37.3659439086914 37.102180480957 36.5851860046387 35.4766540527344 35.2322731018066 36.1011848449707 36.382007598877 36.612190246582
33.5045928955078 33.040699005127 32.8843269348145 33.0409889221191 33.1689529418945 33.0909996032715 32.6518249511719 32.286247253418 32.8355331420898 32.1712265014648 32.0422706604004 32.0273704528809 32.7764282226562 33.8547019958496 33.9999160766602 34.6963081359863 35.6029891967773 36.6238174438477 37.4185028076172 37.7564086914062 38.028678894043 37.9871826171875 37.5460243225098 37.2835426330566 37.4613342285156 37.3293495178223 37.4001960754395 37.5250091552734 37.4136085510254 37.3815689086914 37.628791809082 37.8338241577148 37.2881317138672 37.1954917907715 37.660343170166 37.2185516357422 37.3105049133301 37.2521171569824 37.2912864685059 37.0153312683105 35.7800636291504 35.1220817565918 34.5890083312988 36.0999794006348 36.5507659912109 36.3836860656738
33.9215316772461 32.760368347168 32.7118721008301 32.8165893554688 32.9464073181152 32.8200798034668 32.8337516784668 33.3589096069336 33.0113639831543 32.279411315918 33.3621597290039 33.7956733703613 33.9673347473145 33.3675193786621 33.3851165771484 34.384033203125 35.5730476379395 36.7699165344238 36.8402709960938 37.5274429321289 37.9098510742188 37.907657623291 37.4841041564941 37.2605133056641 36.5564613342285 37.0364151000977 37.4644966125488 37.5775451660156 37.7597923278809 37.7503356933594 37.8845405578613 37.8143272399902 37.767032623291 37.7716445922852 37.7135276794434 37.4892959594727 36.669132232666 37.1575012207031 37.2948532104492 37.2299842834473 37.1728363037109 36.0803413391113 35.9224700927734 37.0078582763672 37.2146949768066 37.1732330322266
33.9817047119141 33.0199203491211 32.6883773803711 32.6150016784668 32.8139228820801 32.6412315368652 33.282844543457 34.8519554138184 34.0113639831543 33.3503570556641 35.1307144165039 35.759937286377 35.3925704956055 33.5165634155273 33.9002990722656 34.0054016113281 35.8171348571777 35.8679733276367 35.7406730651855 36.557544708252 37.5552825927734 37.7354927062988 37.4400939941406 37.4185905456543 37.2913513183594 36.9894676208496 37.0389022827148 37.1498527526855 37.7236862182617 37.6768836975098 37.7324333190918 37.550220489502 37.7031135559082 37.8087844848633 37.5437507629395 37.5077781677246 36.9178504943848 37.0048141479492 37.2139472961426 37.0545616149902 37.3840827941895 37.3636512756348 37.2593688964844 37.272533416748 37.3419380187988 37.2188911437988
33.7155113220215 33.0813980102539 32.8752098083496 33.0467414855957 32.9800071716309 33.0758628845215 33.4780464172363 35.5100631713867 35.6793479919434 34.4006690979004 36.2670211791992 37.1312141418457 36.4606590270996 35.3179588317871 35.2408561706543 35.8043212890625 36.4158935546875 36.8243827819824 37.0969314575195 37.3541374206543 37.5338363647461 37.2854423522949 36.0853309631348 36.3263816833496 36.7820358276367 36.4405670166016 36.6154479980469 37.341968536377 37.6496810913086 37.8065528869629 36.8704109191895 36.8340911865234 37.5186386108398 37.7528953552246 37.3247375488281 37.3291549682617 36.6279067993164 37.0517692565918 37.2031059265137 37.0588150024414 37.4306716918945 37.4799690246582 37.4787445068359 37.4547309875488 37.385929107666 37.1036682128906
33.7449798583984 33.3532981872559 33.3074913024902 33.4498519897461 33.630729675293 33.7679481506348 34.5408096313477 36.1774291992188 36.0598754882812 35.6027679443359 36.9104804992676 37.905647277832 37.1518440246582 36.0964088439941 35.5854759216309 37.1501617431641 37.4590797424316 37.6298332214355 37.7937088012695 37.800594329834 37.422176361084 37.1731605529785 37.2526817321777 36.7513885498047 37.0316200256348 37.430534362793 37.601245880127 37.652214050293 37.8154678344727 37.7374076843262 36.3207054138184 36.9315757751465 37.6387634277344 37.5525054931641 37.1645622253418 37.1097106933594 36.9527473449707 37.3683242797852 37.3718032836914 37.3578948974609 37.3144721984863 37.4316444396973 37.4514236450195 37.439022064209 37.3556709289551 37.298885345459
33.6984176635742 33.4103126525879 33.9313278198242 34.6573486328125 34.7605743408203 35.2128601074219 36.2354125976562 36.8003120422363 36.2295036315918 36.5780258178711 37.8719291687012 38.3126258850098 37.8072624206543 36.8693656921387 36.1625175476074 37.1141815185547 37.0992279052734 37.3518218994141 37.9906272888184 38.150707244873 37.8726692199707 37.5562210083008 37.8377456665039 37.6528282165527 37.5221138000488 37.9175224304199 37.8119087219238 37.7238922119141 37.9295768737793 37.7166023254395 37.1644973754883 37.553035736084 37.684928894043 37.4026832580566 36.5729293823242 36.5193748474121 36.782787322998 37.386531829834 37.116382598877 37.0777244567871 37.077278137207 37.3045272827148 37.2677536010742 37.2995567321777 37.1554679870605 37.2527236938477
33.7539710998535 33.9305419921875 35.0241279602051 35.7323303222656 36.3891181945801 37.2748222351074 37.8483238220215 37.1991691589355 35.4078254699707 35.992000579834 37.3884124755859 38.3566436767578 37.9594612121582 37.6433334350586 36.814022064209 37.6927871704102 37.8125343322754 37.2475624084473 37.9250030517578 38.213134765625 38.151782989502 37.7504463195801 38.0288696289062 38.102180480957 37.9505844116211 38.0127220153809 37.833553314209 37.1528091430664 37.8374137878418 37.9410400390625 37.8510551452637 37.7340621948242 37.440128326416 37.1261787414551 36.3731117248535 36.4040603637695 37.0417251586914 36.9657135009766 36.8217964172363 36.639892578125 36.7474479675293 36.9894065856934 36.8019676208496 37.0892486572266 36.6744270324707 36.9907531738281
