inst/extdata/Tmax/Tmax130.asc
NCOLS 100 
NROWS 79 
XLLCORNER 148.06 
YLLCORNER -21.49 
CELLSIZE 0.01 
NODATA_value -3.4e+38 
[rows 20 to 39 of 79, columns 0 to 45 of 100]
45.314704895019503 45.3384475708008 45.3269538879395 45.2871208190918 45.2877197265625 45.3629760742188 45.2978668212891 45.228645324707 45.1637954711914 45.0769577026367 44.921630859375 44.5958137512207 44.2098083496094 43.6462631225586 42.471565246582 42.0774688720703 42.0099945068359 42.8753776550293 43.7664833068848 44.1117935180664 44.1085472106934 44.114315032959 44.3686103820801 44.3707466125488 44.2305297851562 43.9817008972168 43.4705657958984 42.6768264770508 43.1170845031738 43.154468536377 43.6368446350098 43.6401672363281 43.7345809936523 43.6863899230957 43.6329040527344 43.4146575927734 43.0850715637207 43.0669364929199 42.658390045166 42.8497657775879 42.6482849121094 42.0288963317871 42.2061805725098 42.2293472290039 42.3103904724121 42.3151588439941
45.3858299255371 45.4281959533691 45.4260787963867 45.3853149414062 45.3759498596191 45.3614196777344 45.2542343139648 45.1809539794922 45.1492729187012 45.0853805541992 44.9743041992188 44.8331604003906 44.6336784362793 43.8335990905762 42.5024070739746 42.2035293579102 42.4139366149902 43.1331977844238 43.5561141967773 43.8585777282715 43.9473648071289 43.8702545166016 44.287239074707 44.3785247802734 44.205078125 44.1983032226562 44.1607093811035 43.5243263244629 43.3759498596191 43.7858924865723 43.8621520996094 43.7665977478027 43.4778900146484 42.9579010009766 42.954029083252 42.9152030944824 43.2806091308594 42.6780967712402 42.3235740661621 42.5665130615234 42.2213859558105 42.2794151306152 42.0319786071777 41.2392082214355 41.496955871582 42.0514373779297
45.441349029541 45.4728088378906 45.4683227539062 45.4440155029297 45.4176254272461 45.3774948120117 45.238525390625 45.1292381286621 45.07421875 45.0361671447754 44.931957244873 44.8735847473145 44.7205657958984 44.2036781311035 43.2287445068359 42.4751586914062 41.892993927002 42.3311386108398 42.8262557983398 43.5157165527344 43.5961227416992 43.6953506469727 44.2129516601562 44.0202751159668 43.6596946716309 43.944938659668 43.9908027648926 44.0415420532227 43.792163848877 43.8042869567871 43.5673904418945 43.4043998718262 42.9099922180176 42.6100616455078 42.3939743041992 42.559253692627 42.4939117431641 41.9980735778809 41.9546203613281 41.866340637207 41.582950592041 40.9229202270508 41.5854606628418 41.318473815918 40.4524574279785 41.6534042358398
45.4571075439453 45.4760055541992 45.4793281555176 45.4601631164551 45.4164237976074 45.3957710266113 45.3357162475586 45.0935516357422 44.9966506958008 44.9996490478516 44.843376159668 44.6900939941406 44.7591552734375 44.4370269775391 43.7579956054688 43.0592308044434 42.3176116943359 42.0462341308594 42.5736045837402 42.8375778198242 43.2970733642578 44.1381950378418 43.9147109985352 43.3842315673828 43.4931259155273 43.5990447998047 43.3274993896484 44.099193572998 44.0988311767578 43.966682434082 43.761417388916 42.8434410095215 42.5441589355469 42.6980857849121 42.9625244140625 42.5554656982422 41.7630767822266 41.2756004333496 41.8833236694336 41.42724609375 40.782958984375 39.5369262695312 40.2475852966309 41.2557487487793 39.6791305541992 40.8108139038086
45.4302368164062 45.4706611633301 45.4841156005859 45.4463806152344 45.4034805297852 45.3912544250488 45.3884468078613 45.2391052246094 45.0879859924316 44.9395446777344 44.8437309265137 44.8097229003906 44.6560325622559 44.3630867004395 43.7048759460449 43.0862846374512 42.4178276062012 42.0806312561035 42.2493324279785 42.2362747192383 43.2814979553223 43.9848175048828 43.0310401916504 42.5448379516602 43.2363395690918 43.2006034851074 43.3463363647461 43.9490928649902 44.1256866455078 43.7974281311035 43.732006072998 43.5325317382812 43.4895324707031 43.5168190002441 43.2280578613281 42.9529037475586 42.6056823730469 41.6352233886719 41.4245948791504 41.1838340759277 39.6711692810059 39.1583824157715 39.5361328125 41.1141929626465 39.3913116455078 39.693790435791
45.4099540710449 45.4209671020508 45.4194831848145 45.3871574401855 45.3823013305664 45.3752059936523 45.3921432495117 45.3442459106445 45.2136497497559 45.0097808837891 44.8424034118652 44.7298965454102 44.5950241088867 44.2044906616211 43.8102569580078 43.3154106140137 42.7666511535645 42.4566955566406 42.8440475463867 43.4410629272461 43.4140892028809 43.3279991149902 42.8922004699707 41.756420135498 42.1967163085938 42.8586311340332 42.9782447814941 43.9972877502441 44.1269721984863 43.8152770996094 43.0688514709473 43.5707244873047 43.4409408569336 43.3169631958008 43.0718040466309 42.786003112793 42.6759643554688 41.3927459716797 40.2611846923828 40.6006546020508 39.3300895690918 40.0508117675781 40.3493576049805 41.1297416687012 40.2332801818848 39.2820777893066
45.3376159667969 45.3545837402344 45.3505058288574 45.3463554382324 45.329891204834 45.3176231384277 45.3841323852539 45.3720817565918 45.2533416748047 44.9109382629395 44.8123817443848 44.5938377380371 44.5766487121582 44.2515602111816 43.5990753173828 42.6483688354492 42.3045196533203 42.4704551696777 42.8771553039551 42.7826042175293 42.9349021911621 43.702579498291 43.5637893676758 42.23486328125 41.8617477416992 42.6687698364258 43.3465118408203 44.0637817382812 44.1103210449219 43.9143714904785 43.2043533325195 42.8739471435547 43.5073471069336 43.043342590332 42.6531448364258 41.9265289306641 41.6762733459473 41.7575416564941 40.8205375671387 39.6674308776855 39.2988700866699 39.5693206787109 39.4744682312012 40.371826171875 39.5357284545898 38.9539451599121
45.229549407959 45.2422790527344 45.2588348388672 45.2857208251953 45.2909469604492 45.3238067626953 45.3933563232422 45.376350402832 45.3069229125977 45.1429481506348 44.9377861022949 44.7217140197754 44.6099472045898 44.4330101013184 43.638988494873 42.6260643005371 42.3310432434082 42.2816886901855 42.38525390625 42.353214263916 43.3387145996094 43.8805046081543 43.4071044921875 42.6464424133301 42.1323471069336 42.3242797851562 42.4211616516113 43.7525978088379 44.0219039916992 43.9062614440918 43.2272872924805 43.1486778259277 43.3749542236328 42.7330703735352 42.1211853027344 41.6104011535645 40.8092727661133 41.4200057983398 41.2610778808594 39.6479797363281 39.245433807373 39.4051361083984 39.3207626342773 39.8274536132812 39.2927856445312 39.0131378173828
44.8261184692383 44.7864227294922 45.0003852844238 45.2383728027344 45.3301620483398 45.3807182312012 45.4051055908203 45.3811798095703 45.2668113708496 45.1669845581055 45.0219955444336 44.5863609313965 44.6495780944824 44.5112762451172 44.0663986206055 43.004997253418 42.3562431335449 41.8950233459473 42.1645126342773 42.9354476928711 43.3642387390137 43.670108795166 42.9073944091797 42.2563591003418 42.0799407958984 42.1964912414551 42.5675621032715 43.3355293273926 43.9496688842773 43.9809684753418 43.5384635925293 43.3116912841797 42.9298095703125 42.0294494628906 40.9937362670898 40.6085968017578 40.3214225769043 40.4881134033203 40.6103324890137 40.2433052062988 39.764087677002 39.8684272766113 39.6178665161133 39.4095993041992 39.4040031433105 39.3298759460449
44.0878791809082 44.8169403076172 45.0804672241211 44.8531379699707 45.2914543151855 45.3957595825195 45.4126205444336 45.3877372741699 45.2127952575684 45.0806999206543 45.0590171813965 44.8428039550781 44.6334495544434 44.5092544555664 44.283935546875 43.8346290588379 43.3474922180176 42.1296195983887 42.4038925170898 42.4619979858398 42.5849647521973 43.4077453613281 43.0240898132324 42.2986717224121 42.1025886535645 41.9028358459473 41.8678779602051 43.3032417297363 43.986629486084 44.0299987792969 43.3372077941895 42.5014495849609 42.2157516479492 41.8926010131836 41.6432495117188 40.7385025024414 40.6781425476074 40.2995491027832 39.9169921875 40.1284408569336 41.6933670043945 41.7522087097168 40.7584381103516 39.4786605834961 40.384822845459 40.4627571105957
44.3508377075195 45.0808753967285 45.0948257446289 44.6419715881348 45.2637672424316 45.3947257995605 45.4309272766113 45.4021797180176 45.3416519165039 45.1473655700684 45.0472412109375 44.9897537231445 44.8313522338867 44.6472206115723 44.3904190063477 43.8858337402344 43.1644325256348 42.7631683349609 42.3439407348633 42.5577774047852 42.6125946044922 42.9990348815918 42.4484405517578 42.2824821472168 41.9988136291504 41.4222717285156 41.6666488647461 43.2156410217285 43.9034881591797 43.9220962524414 43.8903732299805 43.7436981201172 42.788459777832 41.9496536254883 41.8740081787109 41.4336318969727 41.5507049560547 41.3662223815918 40.9781036376953 41.3899803161621 42.6482276916504 42.6845779418945 42.3106422424316 41.8044166564941 41.6831588745117 41.1536254882812
44.9946060180664 45.2091789245605 45.251838684082 45.236946105957 45.2909507751465 45.3932151794434 45.4148025512695 45.3961334228516 45.3448867797852 45.2728881835938 45.1132431030273 45.0613899230957 44.9674682617188 44.7867774963379 44.553409576416 44.1350250244141 43.4030342102051 43.0254974365234 42.3937034606934 42.2821998596191 42.330249786377 42.7180709838867 42.3734703063965 42.1304321289062 42.06005859375 42.0708656311035 42.7654724121094 43.6654663085938 43.9581298828125 43.5194053649902 43.4303131103516 43.4324645996094 43.5878372192383 43.1515426635742 42.9021224975586 42.2292098999023 43.1027069091797 42.9571151733398 42.9127960205078 42.9052276611328 42.692554473877 41.9131622314453 41.0781669616699 40.775707244873 40.6396789550781 39.9739723205566
44.7692565917969 45.3518981933594 45.389533996582 45.3867454528809 45.3685684204102 45.3602142333984 45.3371849060059 45.3580665588379 45.3368911743164 45.3070106506348 45.2534065246582 45.149715423584 44.9887504577637 44.8440933227539 44.673038482666 44.453670501709 44.0477676391602 43.4666137695312 42.8010673522949 42.1642990112305 42.1745338439941 42.5708198547363 42.4474334716797 42.1854705810547 42.0445747375488 42.168586730957 43.3921966552734 43.9708976745605 44.0086708068848 43.8460159301758 43.4180564880371 42.9022216796875 43.4713821411133 43.5424499511719 43.5551223754883 43.0993881225586 43.4310607910156 43.1671142578125 43.0367736816406 42.8786163330078 41.84423828125 40.6030006408691 39.4731941223145 39.7602653503418 39.6684494018555 38.7840042114258
44.6548652648926 45.1701393127441 45.0126686096191 44.8997497558594 44.9969100952148 45.289478302002 45.2891845703125 45.2920303344727 45.2878952026367 45.2614974975586 45.2192916870117 45.1947288513184 45.0895843505859 44.9510307312012 44.8106575012207 44.6121215820312 44.2460594177246 43.8825607299805 43.6353569030762 43.0771369934082 42.2356414794922 42.4397888183594 42.2280960083008 42.2762870788574 42.1539916992188 42.1145324707031 43.0198936462402 43.9379196166992 43.9858474731445 43.7051467895508 43.5736885070801 42.6695823669434 42.9005508422852 43.0953979492188 43.325611114502 43.4076042175293 43.2815246582031 43.1202545166016 42.7769813537598 42.8027954101562 42.5109100341797 41.434440612793 40.7185478210449 41.1781768798828 40.7775115966797 39.7614097595215
44.9412879943848 45.163387298584 44.8205299377441 44.2475128173828 44.3263053894043 45.0997009277344 45.2673797607422 45.2249221801758 45.2226257324219 45.219596862793 45.1408157348633 45.1732330322266 45.1182098388672 45.0143013000488 44.8784408569336 44.7090263366699 44.4467353820801 43.8765602111816 43.5139350891113 43.1010932922363 42.4955139160156 42.4165840148926 42.2401504516602 42.0378723144531 41.9932861328125 42.3118782043457 43.277271270752 43.9163055419922 43.4813842773438 43.2778244018555 43.3507347106934 43.0443496704102 42.7535591125488 42.4516296386719 42.2022094726562 42.6054840087891 42.4358024597168 42.6964645385742 42.6086578369141 42.417839050293 42.1740493774414 42.433780670166 42.2073440551758 41.916145324707 41.3811416625977 40.9482154846191
45.0557022094727 45.1286354064941 44.9606666564941 44.689208984375 44.4216156005859 44.8706703186035 45.1184539794922 45.1230697631836 45.1464385986328 45.1796264648438 45.1554260253906 45.186637878418 45.1222381591797 45.0592498779297 44.9201316833496 44.7285537719727 44.5247611999512 44.3337745666504 43.9840888977051 43.4130668640137 43.0655517578125 42.8368721008301 42.3747978210449 41.79248046875 41.9187164306641 42.1219291687012 43.3572196960449 43.7863655090332 42.1599426269531 41.787410736084 42.3318786621094 42.517147064209 42.4605445861816 42.2551231384277 41.8144340515137 41.5726737976074 42.029727935791 41.8714256286621 41.8247756958008 41.762825012207 41.514217376709 41.2391624450684 41.4427070617676 41.8325576782227 41.2711944580078 40.2702484130859
44.9470062255859 44.9660263061523 44.9783210754395 44.7369689941406 44.4892311096191 44.634838104248 44.8158340454102 44.9648208618164 45.0415267944336 45.1272888183594 45.09716796875 45.0906105041504 45.1449890136719 45.0741081237793 44.9616241455078 44.7246742248535 44.6981925964355 44.5603713989258 44.3381118774414 44.0003814697266 43.8600997924805 43.1743698120117 42.6374282836914 42.2073707580566 42.1885223388672 42.5101470947266 43.3905639648438 43.2916145324707 43.0211601257324 42.9125022888184 42.2259140014648 42.1636161804199 41.9794464111328 41.835620880127 41.1815567016602 40.8041534423828 40.9871025085449 40.9209938049316 41.1102180480957 40.9146957397461 40.8854751586914 40.0636138916016 40.6751747131348 41.4046287536621 41.1781005859375 39.8785667419434
44.4859085083008 44.7587280273438 44.9250907897949 44.8247413635254 44.6442260742188 44.521656036377 44.5084228515625 44.8081741333008 44.8883819580078 45.0185470581055 45.0718994140625 45.0667533874512 45.1004371643066 45.0982856750488 44.9374694824219 44.837085723877 44.7669639587402 44.6598205566406 44.5114631652832 44.3267822265625 44.137825012207 43.5236396789551 42.509838104248 42.5720062255859 41.9457321166992 42.442756652832 43.2684440612793 42.7693672180176 42.916316986084 43.300422668457 43.1813049316406 43.0372505187988 42.4373321533203 42.0445327758789 40.6389999389648 39.4956436157227 39.5299606323242 39.4146537780762 39.3633422851562 39.7611045837402 39.8887214660645 40.0514755249023 40.2056770324707 40.9574203491211 40.812328338623 40.4470634460449
44.5945854187012 44.667797088623 44.772834777832 44.740104675293 44.6972846984863 44.421947479248 44.233455657959 43.994701385498 44.5479393005371 44.9542083740234 45.0508842468262 45.0823516845703 45.1315841674805 45.113395690918 44.847785949707 44.4951400756836 44.5057830810547 44.540470123291 44.5625762939453 44.4440994262695 44.3068466186523 43.9536933898926 42.9750480651855 43.2255554199219 42.3652992248535 42.3437995910645 42.4659576416016 42.7309188842773 41.7928848266602 42.3626556396484 42.0185089111328 42.112190246582 43.1787185668945 42.7894554138184 41.9306907653809 39.9368705749512 39.1216163635254 39.108943939209 38.4996299743652 38.8668518066406 39.413013458252 39.3952255249023 39.4554443359375 40.6443939208984 40.2361068725586 39.7485771179199
44.6640396118164 44.5909423828125 44.6292114257812 44.448974609375 44.608341217041 44.5216102600098 44.324649810791 44.085132598877 44.2404518127441 44.7483978271484 44.9426040649414 45.097053527832 45.117561340332 45.0742340087891 45.0098152160645 44.658145904541 44.3272895812988 44.1454200744629 44.3594436645508 44.4479866027832 44.3129348754883 44.1837615966797 43.8904418945312 43.3744583129883 42.4176368713379 42.2115631103516 42.1618347167969 42.2297668457031 42.2580108642578 41.7711944580078 41.2465438842773 41.9286117553711 42.9602203369141 42.2958297729492 42.4685134887695 41.9759330749512 41.5878639221191 41.4521675109863 40.563232421875 39.5604782104492 40.179573059082 39.8888702392578 40.2194366455078 40.3654632568359 40.0805130004883 39.6468276977539
