inst/extdata/Tmax/Tmax99.asc
NCOLS 100 
NROWS 79 
XLLCORNER 148.06 
YLLCORNER -21.49 
CELLSIZE 0.01 
NODATA_value -3.4e+38 
[rows 0 to 19 of 79, columns 46 to 91 of 100]
38.0856590270996 37.9050598144531 37.8039665222168 37.8083419799805 37.7933578491211 37.6779327392578 37.8861083984375 37.7142791748047 37.5214042663574 37.3454360961914 37.2587203979492 36.9780235290527 36.8672180175781 37.0733413696289 37.3214340209961 37.2168769836426 37.0606727600098 36.8517036437988 36.5103874206543 36.2646865844727 36.0696411132812 -3.4e+38 -3.4e+38 -3.4e+38 -3.4e+38 -3.4e+38 -3.4e+38 -3.4e+38 -3.4e+38 -3.4e+38 -3.4e+38 -3.4e+38 -3.4e+38 -3.4e+38 -3.4e+38 -3.4e+38 -3.4e+38 -3.4e+38 -3.4e+38 -3.4e+38 -3.4e+38 -3.4e+38 -3.4e+38 -3.4e+38 -3.4e+38 -3.4e+38
38.0420455932617 37.7560234069824 37.5269889831543 37.7928314208984 37.9619636535645 37.9700317382812 37.9189910888672 37.8184547424316 37.4754791259766 37.0265197753906 37.1584739685059 36.6103019714355 37.1133308410645 37.4037246704102 37.3631896972656 37.2508735656738 37.1151962280273 36.9482498168945 36.7160758972168 36.5809288024902 36.4505043029785 36.2624664306641 -3.4e+38 -3.4e+38 -3.4e+38 -3.4e+38 -3.4e+38 -3.4e+38 -3.4e+38 -3.4e+38 -3.4e+38 -3.4e+38 -3.4e+38 -3.4e+38 -3.4e+38 -3.4e+38 -3.4e+38 -3.4e+38 -3.4e+38 -3.4e+38 -3.4e+38 -3.4e+38 -3.4e+38 -3.4e+38 -3.4e+38 -3.4e+38
37.9408531188965 37.1753425598145 36.3148460388184 37.7428932189941 37.9468955993652 37.9629020690918 37.9390983581543 37.8817405700684 37.6460380554199 37.0434608459473 37.1351356506348 37.2652053833008 37.3315734863281 37.4681739807129 37.4169464111328 37.3031692504883 37.1938095092773 37.0721206665039 36.919563293457 36.6743049621582 36.6167182922363 36.3793716430664 36.0600891113281 35.6586074829102 -3.4e+38 -3.4e+38 -3.4e+38 -3.4e+38 -3.4e+38 -3.4e+38 -3.4e+38 -3.4e+38 -3.4e+38 -3.4e+38 -3.4e+38 -3.4e+38 -3.4e+38 -3.4e+38 -3.4e+38 -3.4e+38 -3.4e+38 -3.4e+38 -3.4e+38 -3.4e+38 -3.4e+38 -3.4e+38
37.4818115234375 37.5547981262207 36.436695098877 37.6045799255371 37.8061676025391 37.8669281005859 37.9225769042969 37.8213768005371 37.6856231689453 37.3445091247559 37.2366523742676 36.9689178466797 37.3126945495605 37.4312744140625 37.4415130615234 37.332633972168 37.2609786987305 37.1754913330078 37.0197219848633 36.6296844482422 36.4133567810059 36.3735504150391 36.2551574707031 36.1215133666992 35.8858184814453 35.3220710754395 -3.4e+38 -3.4e+38 -3.4e+38 -3.4e+38 -3.4e+38 -3.4e+38 -3.4e+38 -3.4e+38 -3.4e+38 -3.4e+38 -3.4e+38 -3.4e+38 -3.4e+38 -3.4e+38 -3.4e+38 -3.4e+38 -3.4e+38 -3.4e+38 -3.4e+38 -3.4e+38
37.4591026306152 37.4928207397461 36.2527008056641 36.502197265625 37.3235168457031 37.8440361022949 37.9236259460449 37.7787590026855 37.7460861206055 37.422981262207 37.1210250854492 36.9191665649414 36.5192794799805 37.1611671447754 37.4045486450195 37.3106079101562 37.333179473877 37.272087097168 37.0130233764648 36.2345657348633 35.6892738342285 36.4034957885742 36.4477157592773 36.3447570800781 36.0112380981445 35.5876121520996 -3.4e+38 -3.4e+38 -3.4e+38 -3.4e+38 -3.4e+38 -3.4e+38 -3.4e+38 -3.4e+38 -3.4e+38 -3.4e+38 -3.4e+38 -3.4e+38 -3.4e+38 -3.4e+38 -3.4e+38 -3.4e+38 -3.4e+38 -3.4e+38 -3.4e+38 -3.4e+38
36.5680313110352 37.3422317504883 35.7478141784668 35.0907096862793 36.9392280578613 37.9072189331055 37.8350410461426 37.7751998901367 37.7169990539551 37.2993011474609 36.3567428588867 36.0078353881836 36.3466148376465 37.2903022766113 37.1865768432617 37.3484382629395 37.3881492614746 37.3034782409668 37.1900901794434 36.5207633972168 35.7546653747559 35.7996063232422 36.2872314453125 36.2970809936523 36.2023468017578 36.0281677246094 -3.4e+38 -3.4e+38 -3.4e+38 -3.4e+38 -3.4e+38 -3.4e+38 -3.4e+38 -3.4e+38 -3.4e+38 -3.4e+38 -3.4e+38 -3.4e+38 -3.4e+38 -3.4e+38 -3.4e+38 -3.4e+38 -3.4e+38 -3.4e+38 -3.4e+38 -3.4e+38
35.6112442016602 37.3079032897949 36.6640357971191 36.5826416015625 37.5881118774414 37.8580894470215 37.6763305664062 37.5613632202148 37.7131843566895 37.2160491943359 36.4719047546387 36.4584312438965 37.1342086791992 37.2573280334473 36.311351776123 37.2112808227539 37.2613945007324 37.2507362365723 37.2694892883301 36.9699096679688 36.567943572998 36.2635345458984 36.4508819580078 36.1645965576172 36.3680572509766 36.3486557006836 36.1745758056641 35.7902030944824 -3.4e+38 -3.4e+38 -3.4e+38 -3.4e+38 -3.4e+38 -3.4e+38 -3.4e+38 -3.4e+38 -3.4e+38 -3.4e+38 -3.4e+38 -3.4e+38 -3.4e+38 -3.4e+38 -3.4e+38 -3.4e+38 -3.4e+38 -3.4e+38
34.7114868164062 37.3118743896484 37.7796173095703 37.5858840942383 36.5512619018555 36.824462890625 37.4650688171387 37.6173553466797 37.7743034362793 37.5779113769531 37.1713371276855 36.7358589172363 36.7585983276367 36.9777870178223 36.5102500915527 37.2167663574219 36.4741287231445 36.4215354919434 37.1273956298828 37.2384834289551 37.0535736083984 36.7635612487793 36.6266059875488 36.645336151123 36.5846862792969 36.5130958557129 36.2558250427246 36.0148391723633 35.621711730957 35.0362319946289 35.0326652526855 -3.4e+38 -3.4e+38 -3.4e+38 -3.4e+38 -3.4e+38 -3.4e+38 -3.4e+38 -3.4e+38 -3.4e+38 -3.4e+38 -3.4e+38 -3.4e+38 -3.4e+38 -3.4e+38 -3.4e+38
34.6268081665039 36.804859161377 37.7814598083496 37.6661682128906 36.7819900512695 35.2182998657227 36.6371574401855 37.6985282897949 37.7708892822266 37.6503639221191 37.4915962219238 37.2178573608398 37.2332725524902 37.049201965332 36.5038795471191 36.4269943237305 35.980396270752 36.7640724182129 37.063648223877 37.1190528869629 37.1139183044434 36.7259979248047 36.3043823242188 35.9546241760254 36.625617980957 36.6224632263184 36.4449272155762 36.2274971008301 36.0531997680664 35.438159942627 35.1174278259277 35.2517929077148 -3.4e+38 -3.4e+38 -3.4e+38 -3.4e+38 -3.4e+38 -3.4e+38 -3.4e+38 -3.4e+38 -3.4e+38 -3.4e+38 -3.4e+38 -3.4e+38 -3.4e+38 -3.4e+38
35.6068801879883 36.8022689819336 37.6362953186035 37.6278686523438 37.6005325317383 36.1746597290039 36.4915885925293 37.5929946899414 37.7700080871582 37.6445388793945 37.4405479431152 37.1740951538086 37.0414657592773 37.1477432250977 36.455020904541 36.1351509094238 36.0448150634766 37.1973876953125 37.0260047912598 36.7023658752441 37.0872268676758 37.023681640625 36.8045616149902 36.4318351745605 36.8041000366211 36.705265045166 36.5132713317871 36.522403717041 36.3035507202148 35.8997955322266 35.2465744018555 35.261058807373 -3.4e+38 -3.4e+38 -3.4e+38 -3.4e+38 -3.4e+38 -3.4e+38 -3.4e+38 -3.4e+38 -3.4e+38 -3.4e+38 -3.4e+38 -3.4e+38 -3.4e+38 -3.4e+38
34.5925064086914 36.6230926513672 37.0327110290527 36.8102836608887 37.1813545227051 37.464958190918 37.1613464355469 37.6143989562988 37.7175827026367 37.6110458374023 37.4363250732422 37.2485656738281 37.0358505249023 37.4032211303711 37.2366714477539 37.1336250305176 37.193286895752 37.4001502990723 37.386157989502 36.8206596374512 36.3391456604004 37.0020027160645 37.1670837402344 36.6283149719238 36.6168327331543 36.439998626709 36.3789100646973 36.6355781555176 36.4121398925781 36.0312042236328 -3.4e+38 -3.4e+38 -3.4e+38 -3.4e+38 -3.4e+38 -3.4e+38 -3.4e+38 -3.4e+38 -3.4e+38 -3.4e+38 -3.4e+38 -3.4e+38 -3.4e+38 -3.4e+38 -3.4e+38 -3.4e+38
33.8402099609375 34.9441680908203 35.3198127746582 35.039966583252 36.1836700439453 36.9096794128418 37.305736541748 37.6045684814453 37.6046676635742 37.5168228149414 37.3282508850098 37.1347541809082 36.9794502258301 37.6298332214355 37.6179885864258 37.4669609069824 37.4714469909668 37.5593414306641 37.5945816040039 37.4847869873047 37.0878868103027 36.8535118103027 37.2251358032227 37.0107841491699 36.7409553527832 36.8284759521484 36.8161506652832 36.5006675720215 36.31689453125 36.0591316223145 -3.4e+38 -3.4e+38 -3.4e+38 -3.4e+38 -3.4e+38 -3.4e+38 -3.4e+38 -3.4e+38 -3.4e+38 -3.4e+38 -3.4e+38 -3.4e+38 -3.4e+38 -3.4e+38 -3.4e+38 -3.4e+38
33.8252754211426 32.7318649291992 32.0528831481934 32.2196617126465 34.6580924987793 35.2875747680664 36.6573181152344 37.0495643615723 37.3942565917969 37.2782363891602 37.0525283813477 37.4060745239258 37.4111633300781 37.3039665222168 37.7672538757324 37.7390975952148 37.6692848205566 37.6748924255371 37.6837196350098 37.660327911377 37.6019706726074 37.5000267028809 37.3324317932129 37.2522583007812 36.9144554138184 36.9627952575684 36.9017944335938 36.5757102966309 36.2430000305176 36.0527534484863 35.8129997253418 35.3876457214355 -3.4e+38 -3.4e+38 -3.4e+38 -3.4e+38 -3.4e+38 -3.4e+38 -3.4e+38 -3.4e+38 -3.4e+38 -3.4e+38 -3.4e+38 -3.4e+38 -3.4e+38 -3.4e+38
33.8259582519531 32.9512672424316 31.9588165283203 31.375509262085 32.0643920898438 33.0280952453613 35.2088241577148 36.5654029846191 37.3620529174805 37.1806297302246 36.6521530151367 37.3064804077148 37.6571197509766 37.7079849243164 37.7283515930176 37.749137878418 37.7752723693848 37.7617988586426 37.7374610900879 37.6987266540527 37.654613494873 37.565372467041 37.4684257507324 37.3600158691406 37.0884132385254 37.0905342102051 36.9571342468262 36.7032508850098 36.4013938903809 36.2745590209961 36.1523246765137 35.9435081481934 35.5277786254883 -3.4e+38 -3.4e+38 -3.4e+38 -3.4e+38 34.977222442627 35.0041427612305 -3.4e+38 -3.4e+38 -3.4e+38 -3.4e+38 -3.4e+38 -3.4e+38 -3.4e+38
34.4899368286133 33.0476417541504 32.0689353942871 31.6624317169189 32.2937660217285 32.0389938354492 33.4046897888184 35.3846588134766 36.8600082397461 37.2782020568848 36.105281829834 37.0277328491211 37.5048446655273 37.0204010009766 37.1150054931641 37.5529556274414 37.6627044677734 37.7375526428223 37.6803894042969 37.5401077270508 37.5700035095215 37.494800567627 37.4819602966309 37.4104919433594 37.3082695007324 37.1354713439941 36.9967460632324 36.8184013366699 36.6460952758789 36.5187873840332 36.4424514770508 36.222225189209 35.7341537475586 -3.4e+38 -3.4e+38 -3.4e+38 -3.4e+38 35.0799942016602 35.0276184082031 35.1711463928223 35.1513557434082 34.9793090820312 -3.4e+38 -3.4e+38 -3.4e+38 -3.4e+38
34.4387664794922 33.0133590698242 32.110294342041 32.6315879821777 32.4072303771973 32.884147644043 32.6136665344238 34.2480201721191 36.6543655395508 37.4449729919434 36.3415870666504 36.3061828613281 37.1868667602539 35.1870613098145 36.2923469543457 36.7074203491211 37.2960548400879 37.699161529541 37.6736793518066 37.5709190368652 37.5570793151855 37.5132827758789 37.5076713562012 37.4366493225098 37.3456153869629 37.0680618286133 37.0170288085938 36.9226455688477 36.8386611938477 36.7634124755859 36.6177368164062 36.3961181640625 36.133243560791 -3.4e+38 -3.4e+38 35.8185424804688 35.5157127380371 35.1633644104004 35.0392303466797 34.8345642089844 34.9545440673828 35.1401672363281 -3.4e+38 -3.4e+38 -3.4e+38 -3.4e+38
32.8698844909668 31.463737487793 31.4242401123047 32.911319732666 33.3182220458984 33.23583984375 32.7722091674805 33.1997604370117 35.8471031188965 37.2454414367676 37.2683486938477 36.3825035095215 36.9461822509766 35.4707946777344 35.4885787963867 35.5624542236328 36.9741172790527 37.6826286315918 37.6898460388184 37.6982879638672 37.6909408569336 37.6108589172363 37.5452003479004 37.2821502685547 37.268367767334 37.1306762695312 37.0922660827637 37.0626831054688 37.0085792541504 36.8891487121582 36.7505073547363 36.5863304138184 36.4311943054199 -3.4e+38 36.2083129882812 36.1771507263184 36.0660629272461 -3.4e+38 35.1757507324219 -3.4e+38 34.8987350463867 -3.4e+38 -3.4e+38 -3.4e+38 -3.4e+38 -3.4e+38
32.8141326904297 31.1792869567871 30.3647441864014 33.3527374267578 33.6088104248047 32.8918800354004 32.4639320373535 32.6273880004883 34.4107093811035 36.9338645935059 37.0610961914062 36.6097602844238 36.7419700622559 36.8637237548828 36.1528434753418 37.3345680236816 37.5733947753906 37.6772346496582 37.709659576416 37.689037322998 37.6772918701172 37.6203231811523 37.5699691772461 37.4625053405762 37.4328346252441 37.342414855957 37.2771797180176 37.210090637207 37.0763740539551 37.0159301757812 36.9097862243652 36.7937622070312 36.6877937316895 36.5833320617676 36.5185432434082 36.4978790283203 36.2725410461426 -3.4e+38 -3.4e+38 -3.4e+38 -3.4e+38 -3.4e+38 -3.4e+38 35.1276397705078 -3.4e+38 -3.4e+38
34.8238067626953 34.4803619384766 32.0457534790039 33.8034057617188 32.1307182312012 32.1523933410645 32.6666679382324 33.0257377624512 35.3569831848145 36.8849868774414 36.5735359191895 35.9178886413574 36.8573532104492 37.2960548400879 37.4048004150391 37.4661903381348 37.5894355773926 37.2483291625977 37.4073715209961 37.573314666748 37.5437355041504 37.5638198852539 37.562816619873 37.5200080871582 37.4772911071777 37.4141464233398 37.3619575500488 37.2027931213379 36.8413696289062 36.948169708252 37.0199966430664 36.9638290405273 36.8897819519043 36.785961151123 36.7329788208008 36.6278800964355 36.4242553710938 36.230396270752 36.0557556152344 35.9519386291504 35.9417724609375 35.7840957641602 35.4067649841309 35.1139717102051 -3.4e+38 -3.4e+38
34.9093208312988 33.9723587036133 34.7245941162109 34.5282669067383 32.9407577514648 32.9978561401367 32.5661277770996 32.8227233886719 35.1186256408691 36.5650253295898 37.0153617858887 36.7701683044434 37.1398658752441 37.4497413635254 37.3145027160645 37.1650238037109 37.3671493530273 37.0793418884277 36.905143737793 37.087589263916 37.429141998291 37.4832496643066 37.4971809387207 37.5243835449219 37.5163345336914 37.4702949523926 37.401294708252 37.1833190917969 36.8896217346191 37.074462890625 37.0317573547363 37.0974273681641 36.9685478210449 36.8991165161133 36.8448371887207 36.6731414794922 36.5413589477539 36.4473190307617 36.3731460571289 36.3149108886719 36.2689018249512 36.089599609375 35.6095504760742 35.0346450805664 35.0793266296387 -3.4e+38
