inst/extdata/Tmax/Tmax42.asc
NCOLS 100 
NROWS 79 
XLLCORNER 148.06 
YLLCORNER -21.49 
CELLSIZE 0.01 
NODATA_value -3.4e+38 
[rows 0 to 19 of 79, columns 46 to 91 of 100]
29.6452789306641 28.3588638305664 28.5525684356689 28.787353515625 29.348237991333 29.3067531585693 29.5036869049072 29.5483570098877 28.5747013092041 26.6106052398682 28.3277912139893 27.7446022033691 28.5361061096191 29.1672172546387 29.2661819458008 29.4659595489502 29.6853046417236 30.1398124694824 28.7700634002686 29.3702526092529 29.5834350585938 -3.4e+38 -3.4e+38 -3.4e+38 -3.4e+38 -3.4e+38 -3.4e+38 -3.4e+38 -3.4e+38 -3.4e+38 -3.4e+38 -3.4e+38 -3.4e+38 -3.4e+38 -3.4e+38 -3.4e+38 -3.4e+38 -3.4e+38 -3.4e+38 -3.4e+38 -3.4e+38 -3.4e+38 -3.4e+38 -3.4e+38 -3.4e+38 -3.4e+38
30.0139408111572 29.5343227386475 28.2148017883301 28.465690612793 28.6229190826416 28.6032676696777 28.980297088623 29.394905090332 28.1431865692139 27.1878776550293 29.2282238006592 28.9543266296387 30.7010593414307 30.2954692840576 29.1327342987061 28.151346206665 29.3268184661865 31.2161693572998 30.1768684387207 28.9752578735352 29.7030448913574 31.800500869751 -3.4e+38 -3.4e+38 -3.4e+38 -3.4e+38 -3.4e+38 -3.4e+38 -3.4e+38 -3.4e+38 -3.4e+38 -3.4e+38 -3.4e+38 -3.4e+38 -3.4e+38 -3.4e+38 -3.4e+38 -3.4e+38 -3.4e+38 -3.4e+38 -3.4e+38 -3.4e+38 -3.4e+38 -3.4e+38 -3.4e+38 -3.4e+38
31.8135719299316 28.843505859375 26.8920516967773 27.1455821990967 26.9684314727783 28.5247421264648 27.7179012298584 27.6555404663086 26.847282409668 26.6918201446533 28.534330368042 29.9785594940186 31.3549270629883 30.8190364837646 28.304744720459 27.6042766571045 29.1874256134033 28.8582000732422 28.7692394256592 29.0451755523682 28.7313289642334 28.9995880126953 28.8837947845459 29.4253158569336 -3.4e+38 -3.4e+38 -3.4e+38 -3.4e+38 -3.4e+38 -3.4e+38 -3.4e+38 -3.4e+38 -3.4e+38 -3.4e+38 -3.4e+38 -3.4e+38 -3.4e+38 -3.4e+38 -3.4e+38 -3.4e+38 -3.4e+38 -3.4e+38 -3.4e+38 -3.4e+38 -3.4e+38 -3.4e+38
27.9552593231201 27.4613399505615 24.7086048126221 25.5570755004883 27.1695575714111 26.9907684326172 27.4523868560791 27.6408100128174 27.3602161407471 26.9924488067627 28.3039302825928 27.9715003967285 30.6949443817139 31.2578086853027 28.709041595459 28.1554908752441 30.0220756530762 30.7131023406982 30.1766471862793 29.5140953063965 28.1332931518555 29.0802421569824 28.831090927124 29.6950721740723 30.2220611572266 30.232759475708 -3.4e+38 -3.4e+38 -3.4e+38 -3.4e+38 -3.4e+38 -3.4e+38 -3.4e+38 -3.4e+38 -3.4e+38 -3.4e+38 -3.4e+38 -3.4e+38 -3.4e+38 -3.4e+38 -3.4e+38 -3.4e+38 -3.4e+38 -3.4e+38 -3.4e+38 -3.4e+38
28.9219646453857 27.0899600982666 24.5375137329102 24.2253456115723 25.6354064941406 27.8497772216797 28.5238876342773 28.906343460083 26.9901428222656 26.0526657104492 26.7950801849365 25.2260971069336 26.8178577423096 30.7900733947754 27.9189376831055 28.2774753570557 30.1487712860107 29.9677581787109 30.6781635284424 30.7424259185791 24.4069042205811 29.0820446014404 29.3719310760498 28.8893070220947 29.7300930023193 30.2175827026367 -3.4e+38 -3.4e+38 -3.4e+38 -3.4e+38 -3.4e+38 -3.4e+38 -3.4e+38 -3.4e+38 -3.4e+38 -3.4e+38 -3.4e+38 -3.4e+38 -3.4e+38 -3.4e+38 -3.4e+38 -3.4e+38 -3.4e+38 -3.4e+38 -3.4e+38 -3.4e+38
24.7869987487793 25.5015335083008 23.7618408203125 23.1498317718506 25.6894016265869 27.7221813201904 27.1443138122559 27.5981369018555 26.4489803314209 26.8432292938232 24.7108268737793 24.4684371948242 28.4916229248047 29.132007598877 27.0152931213379 28.3275279998779 29.6019096374512 30.7526817321777 29.7919178009033 29.696252822876 24.4768943786621 26.5444717407227 30.0736904144287 29.0535907745361 29.5058059692383 29.4636421203613 -3.4e+38 -3.4e+38 -3.4e+38 -3.4e+38 -3.4e+38 -3.4e+38 -3.4e+38 -3.4e+38 -3.4e+38 -3.4e+38 -3.4e+38 -3.4e+38 -3.4e+38 -3.4e+38 -3.4e+38 -3.4e+38 -3.4e+38 -3.4e+38 -3.4e+38 -3.4e+38
23.6915664672852 24.3135662078857 24.7432746887207 24.3147296905518 28.1670665740967 27.7719116210938 27.8030452728271 26.6920337677002 27.5050487518311 26.5121879577637 25.7598342895508 26.0915050506592 27.0963382720947 30.7455348968506 30.8420028686523 31.7455863952637 28.2698268890381 28.6101932525635 28.6374816894531 29.1842384338379 31.0664386749268 28.8953723907471 29.6592903137207 29.2548065185547 28.6281967163086 27.9454936981201 27.9185180664062 28.5211906433105 -3.4e+38 -3.4e+38 -3.4e+38 -3.4e+38 -3.4e+38 -3.4e+38 -3.4e+38 -3.4e+38 -3.4e+38 -3.4e+38 -3.4e+38 -3.4e+38 -3.4e+38 -3.4e+38 -3.4e+38 -3.4e+38 -3.4e+38 -3.4e+38
22.7367496490479 25.0388984680176 30.163818359375 24.6902198791504 23.7567691802979 25.5211772918701 27.2448139190674 26.3239574432373 26.6376304626465 27.5326900482178 26.0316715240479 25.6596946716309 26.7087440490723 28.1197166442871 26.5158672332764 29.2445697784424 26.382719039917 26.2035999298096 27.394021987915 28.7603988647461 29.0550556182861 27.7793979644775 28.3498268127441 28.9792461395264 27.9850082397461 27.2504253387451 27.028980255127 27.7188129425049 29.1210460662842 27.7356700897217 29.0085334777832 -3.4e+38 -3.4e+38 -3.4e+38 -3.4e+38 -3.4e+38 -3.4e+38 -3.4e+38 -3.4e+38 -3.4e+38 -3.4e+38 -3.4e+38 -3.4e+38 -3.4e+38 -3.4e+38 -3.4e+38
22.7140312194824 24.4613475799561 25.0712184906006 29.0081539154053 24.7113723754883 23.2626838684082 25.2067775726318 25.3898048400879 27.6582889556885 27.9604949951172 28.1948089599609 26.5680561065674 26.1931209564209 26.8462028503418 24.8384609222412 24.7233753204346 24.0812473297119 28.2107944488525 26.72141456604 28.1031646728516 30.1714687347412 30.139289855957 27.7430076599121 25.8486480712891 26.798210144043 27.4229221343994 28.0877857208252 29.2669467926025 28.9406681060791 27.8201866149902 27.3006992340088 29.7075481414795 -3.4e+38 -3.4e+38 -3.4e+38 -3.4e+38 -3.4e+38 -3.4e+38 -3.4e+38 -3.4e+38 -3.4e+38 -3.4e+38 -3.4e+38 -3.4e+38 -3.4e+38 -3.4e+38
23.8693046569824 24.4490547180176 24.9065723419189 25.6885261535645 27.2563343048096 24.4064121246338 24.0463676452637 25.5662231445312 27.0739994049072 27.3730792999268 27.3270683288574 27.1203918457031 26.0966129302979 26.1772041320801 24.7120685577393 24.403377532959 24.0446643829346 28.8364524841309 28.6421222686768 26.9364681243896 27.9955081939697 29.8155937194824 30.6009731292725 29.6509075164795 29.5666980743408 27.2556629180908 27.8685646057129 30.3971672058105 28.4061393737793 27.7498626708984 30.8290348052979 31.3117923736572 -3.4e+38 -3.4e+38 -3.4e+38 -3.4e+38 -3.4e+38 -3.4e+38 -3.4e+38 -3.4e+38 -3.4e+38 -3.4e+38 -3.4e+38 -3.4e+38 -3.4e+38 -3.4e+38
23.0070819854736 24.8583869934082 24.7046051025391 24.7347164154053 26.1768493652344 28.9970989227295 26.1920928955078 26.9604415893555 26.7459774017334 26.9835357666016 27.7969913482666 27.3136959075928 26.8896389007568 27.4151802062988 26.8426151275635 26.9428596496582 28.0524940490723 28.2890567779541 29.5051155090332 29.3759651184082 27.0695972442627 30.0974445343018 27.7285537719727 26.6923027038574 28.4599704742432 28.192195892334 29.2019023895264 29.0795421600342 31.0770206451416 31.719446182251 -3.4e+38 -3.4e+38 -3.4e+38 -3.4e+38 -3.4e+38 -3.4e+38 -3.4e+38 -3.4e+38 -3.4e+38 -3.4e+38 -3.4e+38 -3.4e+38 -3.4e+38 -3.4e+38 -3.4e+38 -3.4e+38
22.5914974212646 23.5079174041748 23.5865783691406 22.8289108276367 23.5078811645508 24.4495182037354 31.0227088928223 27.7124805450439 27.4190158843994 27.1281642913818 27.3528861999512 27.7964496612549 26.9608001708984 27.4031162261963 27.1267566680908 29.0019340515137 28.9587001800537 28.8791885375977 31.9357013702393 29.7333831787109 28.0141296386719 28.0892505645752 28.101188659668 27.5451946258545 31.5713920593262 27.3697872161865 28.7124118804932 28.52197265625 29.3201026916504 28.1561603546143 -3.4e+38 -3.4e+38 -3.4e+38 -3.4e+38 -3.4e+38 -3.4e+38 -3.4e+38 -3.4e+38 -3.4e+38 -3.4e+38 -3.4e+38 -3.4e+38 -3.4e+38 -3.4e+38 -3.4e+38 -3.4e+38
22.3294258117676 21.2274265289307 20.9876651763916 20.9096088409424 22.8613681793213 23.5368385314941 24.8531303405762 25.138147354126 26.9067325592041 27.4275951385498 26.0369071960449 26.2785148620605 26.1645698547363 26.7169017791748 27.0176601409912 27.0373401641846 27.2823276519775 29.0167713165283 31.3678531646729 31.0649662017822 28.8431549072266 29.0848369598389 28.9926090240479 30.7684097290039 29.1665782928467 28.3932552337646 29.2588310241699 28.574987411499 27.0098838806152 25.1662712097168 28.269214630127 29.6886386871338 -3.4e+38 -3.4e+38 -3.4e+38 -3.4e+38 -3.4e+38 -3.4e+38 -3.4e+38 -3.4e+38 -3.4e+38 -3.4e+38 -3.4e+38 -3.4e+38 -3.4e+38 -3.4e+38
22.3374099731445 21.5430240631104 21.1320495605469 20.7969093322754 21.2841205596924 21.7458095550537 23.3033084869385 24.1521892547607 26.4697952270508 27.6220207214355 26.8062705993652 26.6097850799561 27.0574893951416 27.5023994445801 27.828857421875 29.0894794464111 27.2674522399902 29.2453708648682 30.3377285003662 29.2313003540039 29.2270965576172 31.6276111602783 29.3365783691406 28.8349800109863 30.2439708709717 28.4948253631592 27.5088977813721 27.3342590332031 26.4606285095215 27.7407531738281 29.7196731567383 29.4907188415527 28.4451446533203 -3.4e+38 -3.4e+38 -3.4e+38 -3.4e+38 24.8727111816406 31.1021366119385 -3.4e+38 -3.4e+38 -3.4e+38 -3.4e+38 -3.4e+38 -3.4e+38 -3.4e+38
22.7021026611328 22.16455078125 21.1803359985352 20.8431015014648 21.3962268829346 21.1803817749023 22.2288341522217 23.5527458190918 24.4519271850586 25.3931369781494 23.9527950286865 27.1655921936035 26.3646869659424 27.1575031280518 28.4197082519531 27.3768901824951 28.1607437133789 31.6123390197754 28.164867401123 30.0002250671387 29.1593246459961 31.101167678833 29.7903594970703 29.0810794830322 29.0463523864746 29.1690845489502 29.0811729431152 27.7484321594238 27.3297424316406 30.1728439331055 30.1571102142334 29.3466472625732 28.771858215332 -3.4e+38 -3.4e+38 -3.4e+38 -3.4e+38 26.0037422180176 29.8663425445557 31.363166809082 31.023136138916 30.9529724121094 -3.4e+38 -3.4e+38 -3.4e+38 -3.4e+38
22.6287803649902 21.5379371643066 21.1456451416016 21.1584243774414 20.775426864624 21.7638339996338 21.6503314971924 22.775032043457 26.3347721099854 27.7765922546387 25.9087085723877 24.1922187805176 27.7776908874512 23.778621673584 23.571626663208 24.3325614929199 29.4440212249756 27.6346817016602 27.1998252868652 28.3922214508057 28.5742435455322 29.34743309021 29.1699409484863 28.4694519042969 28.4392852783203 28.6034412384033 29.752534866333 28.7837982177734 27.9822826385498 27.9871959686279 28.7931861877441 25.353723526001 31.6368503570557 -3.4e+38 -3.4e+38 29.054443359375 30.8031616210938 30.0449180603027 28.8577365875244 29.9929256439209 29.9449653625488 31.3833618164062 -3.4e+38 -3.4e+38 -3.4e+38 -3.4e+38
21.3530693054199 20.2113475799561 20.3183631896973 21.4748115539551 21.9083995819092 21.6635780334473 21.2822875976562 22.0470123291016 28.6731357574463 26.8708801269531 31.0702133178711 23.9717330932617 24.7808647155762 25.9351711273193 23.8045520782471 24.0079250335693 24.3906402587891 26.1289596557617 27.9009609222412 27.3155403137207 30.1609439849854 27.5001068115234 28.2125949859619 28.562816619873 28.022912979126 29.1381072998047 29.1114368438721 29.4635353088379 29.8061809539795 28.5043144226074 28.7727069854736 25.3901233673096 27.4656925201416 -3.4e+38 31.4297294616699 26.8997917175293 28.8881187438965 -3.4e+38 31.347074508667 -3.4e+38 31.1422958374023 -3.4e+38 -3.4e+38 -3.4e+38 -3.4e+38 -3.4e+38
21.9911308288574 20.3969783782959 19.7694244384766 22.2435722351074 22.3093280792236 21.5144138336182 21.1747360229492 21.2453460693359 22.7799015045166 24.6993141174316 25.0551452636719 28.9955825805664 30.6528797149658 25.9842338562012 25.5846748352051 26.6680240631104 27.0476760864258 27.3080139160156 26.8460121154785 26.7713470458984 28.3320217132568 28.3821182250977 29.940523147583 29.9868183135986 28.2790184020996 28.0768241882324 29.0510425567627 28.040943145752 28.3506412506104 28.2317180633545 25.9340133666992 27.2362155914307 31.2267036437988 28.2723560333252 27.3473968505859 30.0522441864014 29.7079906463623 -3.4e+38 -3.4e+38 -3.4e+38 -3.4e+38 -3.4e+38 -3.4e+38 31.0935802459717 -3.4e+38 -3.4e+38
22.6286582946777 22.4226036071777 20.2204666137695 21.7579326629639 20.577449798584 20.8323612213135 21.8423404693604 21.9312801361084 23.3527050018311 25.8482513427734 24.9671382904053 25.2358913421631 27.6823234558105 31.5618476867676 27.0036067962646 27.2778034210205 27.042350769043 26.3303070068359 25.8123645782471 25.7193870544434 31.12255859375 28.7335166931152 30.7719249725342 28.9515781402588 29.1653079986572 27.6853828430176 28.1600036621094 27.0927429199219 27.7555179595947 27.8250045776367 26.2371196746826 26.5289669036865 29.6098442077637 29.7619781494141 29.2938785552979 29.6886577606201 29.3391952514648 31.0074462890625 29.6027660369873 26.6256370544434 29.0526256561279 28.7845420837402 29.8931770324707 29.0375232696533 -3.4e+38 -3.4e+38
23.1718215942383 22.4675045013428 22.7424793243408 22.9289817810059 21.6797962188721 21.1223049163818 20.9431991577148 21.2914218902588 23.229549407959 30.6857414245605 25.21803855896 31.0747623443604 29.8577861785889 26.993688583374 27.1983680725098 24.8328227996826 24.9114532470703 27.4408512115479 26.0028305053711 26.2656326293945 28.3536396026611 29.8575477600098 31.8486995697021 29.5795345306396 31.2285270690918 28.0606956481934 30.7765636444092 29.1902561187744 28.3761024475098 28.1182250976562 27.3699016571045 28.5392742156982 30.1133441925049 30.7291297912598 30.9473075866699 28.2063255310059 27.9504814147949 29.383430480957 30.5088310241699 31.2975158691406 30.9011859893799 30.9825630187988 29.2977714538574 29.1190319061279 25.5218353271484 -3.4e+38
