inst/extdata/Tmax/Tmax45.asc
NCOLS 100 
NROWS 79 
XLLCORNER 148.06 
YLLCORNER -21.49 
CELLSIZE 0.01 
NODATA_value -3.4e+38 
[rows 40 to 59 of 79, columns 46 to 91 of 100]
19.6431579589844 21.1747512817383 20.8734340667725 21.7857704162598 24.1253757476807 24.1142158508301 23.9158802032471 21.6352996826172 21.300853729248 21.9471569061279 23.5495185852051 25.598596572876 26.0716400146484 25.5572509765625 24.7518177032471 26.5261993408203 27.439920425415 26.8827171325684 27.9200496673584 27.8721179962158 27.2059535980225 27.8117790222168 25.6432075500488 24.4587955474854 25.884765625 26.7968654632568 27.3146514892578 26.4863586425781 26.2790012359619 26.4156112670898 26.029541015625 27.1580219268799 25.9541606903076 23.1104640960693 24.7658157348633 29.1215286254883 27.4845066070557 25.9378395080566 23.7730693817139 23.1402530670166 22.623779296875 25.4809303283691 25.8643608093262 25.2654991149902 26.6136493682861 23.8550701141357
21.1177845001221 21.3678131103516 22.7493152618408 24.0868301391602 24.8359718322754 24.3730430603027 23.7061424255371 23.4700660705566 24.8586235046387 25.1130962371826 27.7889652252197 26.6042079925537 26.3715000152588 26.0509567260742 25.4597949981689 27.4182758331299 27.526969909668 27.3294639587402 28.3659858703613 28.6285095214844 26.5107498168945 26.8613986968994 23.0682907104492 28.8572387695312 30.0179901123047 25.5785083770752 27.5174312591553 26.5026054382324 26.6797561645508 25.82932472229 26.4054546356201 26.9665260314941 26.8350048065186 25.9608421325684 26.3805313110352 28.4026908874512 26.694242477417 26.1375675201416 25.8602905273438 25.5578231811523 25.1680603027344 24.7026176452637 26.0704288482666 25.7443370819092 25.7281131744385 25.2060565948486
22.7569255828857 23.7720680236816 23.6884174346924 25.680269241333 30.7550640106201 28.2334423065186 25.7336082458496 24.9728298187256 26.1044387817383 27.7712154388428 27.8881092071533 27.4574298858643 27.7305507659912 27.2719211578369 28.995641708374 27.5263175964355 27.3628082275391 27.0089683532715 27.4173316955566 28.1235809326172 27.1690654754639 26.6222019195557 26.2799205780029 30.369987487793 23.7106857299805 30.3996753692627 29.6308631896973 25.447961807251 24.7799606323242 27.3488311767578 27.0151805877686 27.3355541229248 26.6253814697266 25.9998474121094 26.4031410217285 25.2391948699951 25.4380340576172 24.8710517883301 24.8965644836426 25.3577842712402 26.5387630462646 26.6531925201416 27.0104751586914 25.695499420166 27.7213935852051 27.6820449829102
26.3266429901123 27.0851707458496 27.2298774719238 27.3627052307129 28.088171005249 27.578182220459 27.2220191955566 26.8098411560059 27.1304950714111 27.5026321411133 28.1716861724854 28.1759777069092 28.3617916107178 28.2501564025879 27.7187957763672 27.2570362091064 26.8964557647705 27.0829048156738 27.77907371521 25.3625373840332 27.5985889434814 27.60329246521 27.3849964141846 26.713357925415 26.1332473754883 27.8637084960938 27.0763130187988 26.5743865966797 27.179594039917 28.8778057098389 28.2281227111816 28.6604270935059 26.4637680053711 25.8741226196289 25.7238330841064 28.2723979949951 27.7757701873779 25.8275337219238 26.7742614746094 27.8530902862549 28.4749221801758 27.6376247406006 26.0864105224609 30.3350391387939 27.9042415618896 25.9007205963135
26.1660213470459 26.3583965301514 26.3464183807373 26.6938724517822 28.2533378601074 28.9015655517578 28.2855892181396 27.4462394714355 27.8096256256104 27.4698028564453 27.1582889556885 27.1176929473877 26.695348739624 26.5380611419678 26.3643112182617 26.9359149932861 25.2924938201904 26.1312923431396 27.1517276763916 27.4986801147461 28.4353065490723 29.047721862793 28.7604427337646 27.7873363494873 25.6375999450684 26.074254989624 26.4538879394531 26.9180450439453 29.1178817749023 29.4322776794434 28.0535259246826 26.7826194763184 25.7297134399414 26.4389190673828 26.1017608642578 28.1450233459473 26.8480281829834 25.6914291381836 26.9698696136475 25.4762229919434 26.117208480835 27.6975021362305 28.1285133361816 28.1002216339111 31.0030975341797 27.905590057373
22.1037120819092 23.6761493682861 25.2771263122559 23.6136608123779 25.3083686828613 26.0027294158936 25.8211269378662 26.1230430603027 26.4113636016846 26.5060939788818 23.4161796569824 23.5875339508057 23.7568054199219 21.7817401885986 22.8538398742676 23.9056911468506 26.2694759368896 26.4608726501465 26.3869781494141 26.4871788024902 28.2556819915771 28.026330947876 27.3453941345215 27.2848625183105 27.3703556060791 27.8361968994141 27.7956867218018 27.7389450073242 27.3453121185303 27.5162544250488 27.141773223877 28.2639598846436 29.1309089660645 29.6121387481689 27.6002922058105 27.3531150817871 26.8520011901855 26.701042175293 26.6837043762207 26.4110088348389 26.2655735015869 27.3422374725342 27.5225696563721 26.2313480377197 28.5545864105225 30.9159030914307
19.9658050537109 21.5748901367188 21.1492347717285 20.9058094024658 22.15895652771 22.6175289154053 22.7846927642822 23.3889942169189 23.988130569458 23.1529026031494 22.7013893127441 21.9926853179932 22.3936901092529 22.2391033172607 22.6015357971191 23.944652557373 26.6555328369141 26.4097480773926 25.7403125762939 27.6167087554932 28.0493946075439 28.4419555664062 27.4979095458984 26.7687129974365 29.3738842010498 29.5286846160889 28.5540828704834 27.8054695129395 26.8472480773926 26.7333068847656 27.9148578643799 27.7109432220459 27.1490516662598 27.4808807373047 27.7743244171143 30.4013252258301 27.2084217071533 27.4017372131348 26.3239631652832 26.2005195617676 26.1873874664307 28.8393669128418 26.8734149932861 29.7519054412842 28.3709125518799 27.8431396484375
20.3625755310059 20.2770118713379 20.1258926391602 20.2247695922852 20.0722560882568 20.5750274658203 21.7968215942383 22.8889141082764 23.1708202362061 22.944091796875 23.6030864715576 22.9647827148438 22.9634666442871 24.4792137145996 25.2389507293701 26.7614345550537 27.3954906463623 27.2895107269287 27.4001560211182 28.7617130279541 31.4512996673584 29.147310256958 27.0391578674316 28.045524597168 29.2435283660889 28.8299236297607 28.1528091430664 31.0487289428711 28.1682872772217 28.39723777771 28.3956413269043 25.8191356658936 25.6694965362549 26.0143337249756 25.805492401123 25.8151111602783 27.230411529541 26.2420349121094 25.3502635955811 29.1139526367188 28.8724269866943 30.8448486328125 27.4321250915527 29.5537147521973 29.3172779083252 29.2738609313965
20.1022357940674 22.1023120880127 20.4601726531982 20.0401554107666 19.9259834289551 19.8929405212402 20.1698398590088 22.4805641174316 23.2678680419922 23.4302749633789 23.3045406341553 23.3718547821045 28.6861476898193 29.7992191314697 30.2804927825928 26.634635925293 28.4937877655029 24.8263816833496 30.4399070739746 30.3216037750244 30.0017528533936 30.2397232055664 29.595085144043 29.1318969726562 28.8029499053955 26.8704452514648 28.0339736938477 29.1497058868408 31.2702751159668 30.5170745849609 30.2299880981445 30.9524765014648 30.0418930053711 26.090913772583 27.0667858123779 31.465238571167 30.6417102813721 27.6348133087158 27.4514141082764 27.2751426696777 25.3631057739258 25.9026641845703 26.5380172729492 27.4595623016357 26.6165714263916 27.2614116668701
22.0283985137939 22.7224674224854 23.9080295562744 20.9188766479492 20.4914226531982 21.4321804046631 21.2519207000732 22.4218711853027 22.8034324645996 23.3953056335449 27.6786079406738 29.2889575958252 30.4733791351318 30.4930438995361 30.9644565582275 24.0885639190674 27.250394821167 24.317834854126 24.6041011810303 27.113790512085 27.0817184448242 31.2842979431152 27.6833648681641 28.5339946746826 28.2354831695557 27.3294525146484 29.2580604553223 29.3149471282959 29.7758541107178 29.8089637756348 29.5509548187256 27.8921985626221 26.2190055847168 26.748556137085 27.4185428619385 31.6319637298584 31.6043720245361 28.4312705993652 27.2896766662598 27.1445369720459 27.136510848999 26.1255931854248 27.3212890625 25.9272117614746 26.9261856079102 27.5849151611328
25.4371013641357 22.191499710083 25.1902847290039 20.0889091491699 20.2760467529297 21.709846496582 21.9586410522461 22.758996963501 23.5080299377441 24.0417194366455 24.0355434417725 24.2450733184814 28.8785839080811 29.5444011688232 30.143383026123 24.0460433959961 26.4999237060547 26.3690643310547 23.1732215881348 26.9502010345459 24.4672088623047 30.1856880187988 27.7838649749756 29.2925662994385 27.6834678649902 28.6492862701416 27.6238994598389 27.2091732025146 30.2110824584961 29.8822364807129 29.2439422607422 28.694019317627 28.3667659759521 26.5955276489258 27.442533493042 29.8756828308105 31.2344169616699 29.3686542510986 28.2744846343994 28.7986164093018 27.3695468902588 26.2631759643555 26.3468551635742 25.485559463501 26.9564018249512 27.7704105377197
20.8491382598877 19.4402198791504 19.9901695251465 18.9951267242432 18.9915676116943 20.8727054595947 21.8337631225586 23.0476875305176 23.446891784668 23.7277545928955 23.9310321807861 23.5709552764893 23.4637203216553 23.0106239318848 23.5019397735596 26.6523418426514 24.4025440216064 27.1682777404785 23.9960117340088 26.3671607971191 26.158483505249 27.0410995483398 30.1076641082764 30.8354415893555 27.9914321899414 28.1444187164307 28.8095626831055 26.9594707489014 27.3349742889404 30.74338722229 29.1550331115723 28.4422817230225 27.8487319946289 26.2075080871582 26.1056537628174 27.7765235900879 28.1717967987061 28.0246562957764 27.4509620666504 25.7854499816895 29.4211959838867 25.742015838623 25.4756107330322 25.1530151367188 25.1891708374023 26.4983539581299
19.1605243682861 24.811803817749 25.6471614837646 19.2343006134033 19.1892242431641 20.1913776397705 21.0897979736328 22.0454444885254 22.6063117980957 22.967113494873 23.3014106750488 23.1017036437988 23.1223526000977 23.5691566467285 23.9764194488525 24.3653163909912 27.0304946899414 27.4178981781006 27.2890472412109 27.7461452484131 26.1970024108887 27.341287612915 28.889949798584 30.9543342590332 28.770112991333 29.5457706451416 29.4758720397949 29.3438262939453 29.1581497192383 31.1567554473877 30.026517868042 29.4352035522461 29.506420135498 29.8307285308838 26.9406185150146 26.0177803039551 27.2162818908691 24.6805591583252 26.2169723510742 26.5327911376953 26.6300373077393 25.6184978485107 30.1111030578613 26.603120803833 25.2073345184326 24.9925308227539
20.1417217254639 19.1893520355225 25.0638236999512 19.8973846435547 20.0675182342529 21.1318416595459 21.0170497894287 21.8668479919434 23.0521793365479 23.5846462249756 23.9122142791748 24.0175189971924 24.0579051971436 27.7472705841064 27.7619400024414 24.7253265380859 24.4732494354248 24.5999393463135 24.6024742126465 27.3748092651367 26.8601589202881 27.0368251800537 24.5386390686035 25.6916828155518 26.5035552978516 28.2828979492188 27.6276760101318 28.6744728088379 30.696081161499 28.2160949707031 28.0700283050537 27.1158084869385 27.4670581817627 28.3565464019775 26.7553234100342 26.3849201202393 24.3870105743408 23.6314582824707 23.8534660339355 22.7544364929199 28.5661373138428 27.1265087127686 28.2931270599365 27.9223403930664 29.9181022644043 25.6959171295166
21.2841739654541 20.1596717834473 19.619686126709 20.2409992218018 20.8705921173096 21.8696060180664 21.9273452758789 22.2868766784668 22.6073017120361 23.2790031433105 23.3156604766846 26.0479068756104 27.0115203857422 24.1956043243408 28.5043926239014 27.8675441741943 28.3340167999268 24.9254169464111 27.6918296813965 27.4553413391113 27.4615821838379 26.4953956604004 25.4264259338379 27.4430046081543 29.2580242156982 29.4705486297607 27.5522346496582 28.0296573638916 27.1573848724365 29.0445575714111 29.2497367858887 27.8383922576904 29.1378974914551 27.0058326721191 29.5276489257812 26.5565280914307 30.1796073913574 26.5114002227783 26.8743419647217 25.335506439209 26.5008945465088 27.0255966186523 26.3305988311768 26.6251106262207 27.4934387207031 28.4978561401367
20.8875522613525 20.252254486084 19.8027839660645 21.2251567840576 21.9645519256592 22.5453701019287 23.2768096923828 23.6277828216553 23.6029815673828 23.947416305542 23.8030757904053 25.9529571533203 26.676176071167 28.2150592803955 28.3854351043701 27.8709526062012 28.2582130432129 28.6344776153564 28.0767478942871 24.9002857208252 27.4273014068604 26.5226097106934 27.2647876739502 27.2872695922852 28.5333671569824 29.3016948699951 29.5598030090332 30.1005420684814 27.3936328887939 27.8780708312988 25.0530776977539 27.3303508758545 28.6973342895508 30.5559730529785 29.5538215637207 23.6728420257568 26.2614822387695 27.120138168335 25.6178874969482 26.6163501739502 28.5772819519043 27.7910213470459 27.1651058197021 27.5663547515869 27.1252841949463 26.9847831726074
20.8743667602539 19.9662780761719 19.2393283843994 20.7652931213379 22.1742782592773 22.6766738891602 21.952600479126 23.4382343292236 23.0665626525879 22.376371383667 23.6955184936523 23.3749980926514 23.6954383850098 26.5512752532959 24.1930522918701 27.5331840515137 27.6503601074219 27.6388778686523 28.2160491943359 26.2235565185547 27.0796661376953 27.5194873809814 27.05299949646 24.6974678039551 27.1583213806152 29.3247184753418 28.3526210784912 27.5174770355225 27.720645904541 27.87770652771 24.932674407959 22.9341506958008 23.8552684783936 26.888370513916 23.028995513916 22.797887802124 27.1746921539307 26.5493316650391 27.3582859039307 26.0996227264404 28.3580513000488 29.5817317962646 25.961067199707 26.2493324279785 27.161678314209 27.7826728820801
21.292272567749 20.1314544677734 20.2115154266357 20.8338928222656 21.8102684020996 22.2998447418213 22.8368511199951 22.8870315551758 21.4924983978271 21.0339794158936 23.0451564788818 21.5732669830322 22.0994472503662 22.4099273681641 26.1853008270264 27.0702362060547 24.4047565460205 27.6607627868652 25.0443515777588 28.4934616088867 28.0566883087158 28.3278579711914 27.7729320526123 27.4310874938965 26.5784091949463 27.7819499969482 28.5917472839355 27.5542602539062 26.9315967559814 28.5489902496338 26.6868495941162 24.1236896514893 27.2471904754639 26.2154273986816 20.6528911590576 25.2925701141357 26.421407699585 26.8837985992432 27.224328994751 28.9316425323486 26.8607578277588 29.2608623504639 27.0047702789307 27.214225769043 26.7098236083984 26.5848598480225
21.3054752349854 20.9249210357666 20.6013565063477 20.7832775115967 21.5351181030273 22.3178977966309 22.268741607666 21.9900493621826 21.2778549194336 22.3738613128662 22.6072559356689 21.2678279876709 21.5912017822266 21.8237400054932 23.2071304321289 23.5981006622314 27.3437805175781 24.5168361663818 27.8451309204102 28.0922393798828 27.8739776611328 28.2044277191162 26.3998985290527 27.8709869384766 27.100191116333 27.1578903198242 26.8824920654297 27.9900455474854 26.2261276245117 26.1569976806641 27.8310413360596 27.5077838897705 23.9987564086914 25.916259765625 26.5891304016113 27.4964847564697 24.4584255218506 26.9348297119141 29.3148937225342 26.6799812316895 27.6774044036865 26.793815612793 27.2664260864258 29.097827911377 28.6007080078125 26.2884082794189
20.6643943786621 20.5421371459961 20.0079212188721 20.4524383544922 21.0942249298096 20.953763961792 21.6838150024414 22.1450538635254 22.5505352020264 22.5999431610107 22.613712310791 22.867603302002 26.1861934661865 26.9220085144043 26.7725868225098 23.4738349914551 24.2414302825928 28.052339553833 25.3983345031738 27.5094966888428 27.8220062255859 28.4018573760986 28.472412109375 27.7571659088135 27.9178047180176 26.8234939575195 27.2196617126465 27.0931015014648 26.2618064880371 28.1816883087158 28.5173664093018 29.3287620544434 25.6774387359619 26.5573196411133 26.4628753662109 22.2728385925293 25.2527008056641 28.003080368042 29.941162109375 24.6678771972656 27.0804653167725 27.2752285003662 26.6084175109863 25.4055595397949 26.9356021881104 27.6669082641602
