inst/extdata/Tmax/Tmax155.asc
NCOLS 100 
NROWS 79 
XLLCORNER 148.06 
YLLCORNER -21.49 
CELLSIZE 0.01 
NODATA_value -3.4e+38 
[rows 0 to 19 of 79, columns 46 to 91 of 100]
38.2164115905762 38.0588912963867 37.9780311584473 37.9993324279785 38.0021209716797 37.8953247070312 38.1235656738281 37.9743423461914 37.8039093017578 37.649284362793 37.5859069824219 37.343578338623 37.2690162658691 37.507022857666 37.792236328125 37.7362022399902 37.6405563354492 37.5036888122559 37.248119354248 37.105037689209 37.0154724121094 -3.4e+38 -3.4e+38 -3.4e+38 -3.4e+38 -3.4e+38 -3.4e+38 -3.4e+38 -3.4e+38 -3.4e+38 -3.4e+38 -3.4e+38 -3.4e+38 -3.4e+38 -3.4e+38 -3.4e+38 -3.4e+38 -3.4e+38 -3.4e+38 -3.4e+38 -3.4e+38 -3.4e+38 -3.4e+38 -3.4e+38 -3.4e+38 -3.4e+38
38.1529502868652 37.8931617736816 37.6882362365723 37.9606018066406 38.1396598815918 38.1510963439941 38.1271934509277 38.0452270507812 37.7315902709961 37.322380065918 37.4740142822266 36.9722023010254 37.4909591674805 37.8092422485352 37.8100357055664 37.7427139282227 37.6603393554688 37.5537910461426 37.3897285461426 37.324634552002 37.2503280639648 37.1503982543945 -3.4e+38 -3.4e+38 -3.4e+38 -3.4e+38 -3.4e+38 -3.4e+38 -3.4e+38 -3.4e+38 -3.4e+38 -3.4e+38 -3.4e+38 -3.4e+38 -3.4e+38 -3.4e+38 -3.4e+38 -3.4e+38 -3.4e+38 -3.4e+38 -3.4e+38 -3.4e+38 -3.4e+38 -3.4e+38 -3.4e+38 -3.4e+38
38.0246391296387 37.3037986755371 36.4964485168457 37.8793144226074 38.0906066894531 38.1081123352051 38.1090812683105 38.0756301879883 37.8713073730469 37.3135528564453 37.4250259399414 37.578742980957 37.6731414794922 37.838996887207 37.8254776000977 37.7513313293457 37.6883087158203 37.6152534484863 37.5138320922852 37.3192825317383 37.304141998291 37.1814575195312 36.9961967468262 36.7659225463867 -3.4e+38 -3.4e+38 -3.4e+38 -3.4e+38 -3.4e+38 -3.4e+38 -3.4e+38 -3.4e+38 -3.4e+38 -3.4e+38 -3.4e+38 -3.4e+38 -3.4e+38 -3.4e+38 -3.4e+38 -3.4e+38 -3.4e+38 -3.4e+38 -3.4e+38 -3.4e+38 -3.4e+38 -3.4e+38
37.5727157592773 37.6568336486816 36.6022071838379 37.732593536377 37.9401817321777 38.0035820007324 38.0869522094727 38.0106468200684 37.9021301269531 37.5966758728027 37.5139198303223 37.2813720703125 37.6413612365723 37.7865028381348 37.8287734985352 37.7545394897461 37.7204360961914 37.6743278503418 37.5577011108398 37.2191123962402 37.0605621337891 37.1084327697754 37.0751304626465 37.0232391357422 36.8922500610352 36.5550117492676 -3.4e+38 -3.4e+38 -3.4e+38 -3.4e+38 -3.4e+38 -3.4e+38 -3.4e+38 -3.4e+38 -3.4e+38 -3.4e+38 -3.4e+38 -3.4e+38 -3.4e+38 -3.4e+38 -3.4e+38 -3.4e+38 -3.4e+38 -3.4e+38 -3.4e+38 -3.4e+38
37.5307884216309 37.5764045715332 36.4085502624512 36.658821105957 37.4600219726562 37.9657402038574 38.0716094970703 37.9527130126953 37.9425430297852 37.6534881591797 37.3824348449707 37.2118911743164 36.8518257141113 37.4976501464844 37.7614364624023 37.6965179443359 37.7484321594238 37.7185668945312 37.503490447998 36.7914733886719 36.2984085083008 37.059627532959 37.1572456359863 37.1151580810547 36.9163055419922 36.6906547546387 -3.4e+38 -3.4e+38 -3.4e+38 -3.4e+38 -3.4e+38 -3.4e+38 -3.4e+38 -3.4e+38 -3.4e+38 -3.4e+38 -3.4e+38 -3.4e+38 -3.4e+38 -3.4e+38 -3.4e+38 -3.4e+38 -3.4e+38 -3.4e+38 -3.4e+38 -3.4e+38
36.6633186340332 37.4121742248535 35.9189186096191 35.3214797973633 37.0776824951172 38.0099792480469 37.9692497253418 37.9311981201172 37.8954238891602 37.5146522521973 36.629280090332 36.317684173584 36.662971496582 37.5943756103516 37.5185546875 37.6974105834961 37.7609710693359 37.711109161377 37.6390800476074 37.0273551940918 36.3094139099121 36.4003028869629 36.9225540161133 37.0122222900391 37.016040802002 36.9548721313477 -3.4e+38 -3.4e+38 -3.4e+38 -3.4e+38 -3.4e+38 -3.4e+38 -3.4e+38 -3.4e+38 -3.4e+38 -3.4e+38 -3.4e+38 -3.4e+38 -3.4e+38 -3.4e+38 -3.4e+38 -3.4e+38 -3.4e+38 -3.4e+38 -3.4e+38 -3.4e+38
35.7503089904785 37.3650817871094 36.7687149047852 36.7074394226074 37.6822319030762 37.9457931518555 37.7992324829102 37.7073440551758 37.8722190856934 37.4149131774902 36.719352722168 36.7261543273926 37.3946113586426 37.5343017578125 36.6464729309082 37.5299263000488 37.606559753418 37.6272239685059 37.6784934997559 37.4197654724121 37.0481376647949 36.8005294799805 37.0384330749512 36.8207054138184 37.087215423584 37.1311225891113 37.0327224731445 36.812915802002 -3.4e+38 -3.4e+38 -3.4e+38 -3.4e+38 -3.4e+38 -3.4e+38 -3.4e+38 -3.4e+38 -3.4e+38 -3.4e+38 -3.4e+38 -3.4e+38 -3.4e+38 -3.4e+38 -3.4e+38 -3.4e+38 -3.4e+38 -3.4e+38
34.8976631164551 37.3446578979492 37.8064842224121 37.6376495361328 36.6692848205566 36.9320106506348 37.5695343017578 37.7329902648926 37.9015769958496 37.7317008972168 37.3575973510742 36.959342956543 36.9996795654297 37.2287101745605 36.7992706298828 37.4990577697754 36.8102874755859 36.7857971191406 37.4930725097656 37.6277389526367 37.4701728820801 37.2403030395508 37.1532096862793 37.2183456420898 37.2061309814453 37.1869277954102 37.0344429016113 36.9258499145508 36.7002944946289 36.2499732971191 36.2352714538574 -3.4e+38 -3.4e+38 -3.4e+38 -3.4e+38 -3.4e+38 -3.4e+38 -3.4e+38 -3.4e+38 -3.4e+38 -3.4e+38 -3.4e+38 -3.4e+38 -3.4e+38 -3.4e+38 -3.4e+38
34.8177070617676 36.8586845397949 37.8017845153809 37.7075347900391 36.8820571899414 35.4160385131836 36.7729644775391 37.801082611084 37.8873596191406 37.7893218994141 37.6516952514648 37.4068946838379 37.4389801025391 37.2804832458496 36.7803993225098 36.7254943847656 36.3213233947754 37.0931587219238 37.4047470092773 37.487678527832 37.5045585632324 37.1745300292969 36.8016586303711 36.4981460571289 37.1929512023926 37.2548789978027 37.1585464477539 37.0277976989746 36.9371910095215 36.4455833435059 36.3295936584473 36.478099822998 -3.4e+38 -3.4e+38 -3.4e+38 -3.4e+38 -3.4e+38 -3.4e+38 -3.4e+38 -3.4e+38 -3.4e+38 -3.4e+38 -3.4e+38 -3.4e+38 -3.4e+38 -3.4e+38
35.7086486816406 36.8417091369629 37.6474800109863 37.6546287536621 37.6440048217773 36.295337677002 36.6183738708496 37.6809883117676 37.8661003112793 37.7625007629395 37.5805702209473 37.3420600891113 37.2321891784668 37.353385925293 36.7119636535645 36.4237365722656 36.357063293457 37.479362487793 37.3407936096191 37.0579414367676 37.4455299377441 37.4237899780273 37.2420272827148 36.9174575805664 37.3277778625488 37.2832107543945 37.150821685791 37.2160987854004 37.0948333740234 36.8547439575195 36.4601860046387 36.4873428344727 -3.4e+38 -3.4e+38 -3.4e+38 -3.4e+38 -3.4e+38 -3.4e+38 -3.4e+38 -3.4e+38 -3.4e+38 -3.4e+38 -3.4e+38 -3.4e+38 -3.4e+38 -3.4e+38
34.7618942260742 36.6584701538086 37.0590019226074 36.8629684448242 37.228816986084 37.5001602172852 37.2360076904297 37.682186126709 37.7957420349121 37.7094345092773 37.5547409057617 37.3918380737305 37.2069358825684 37.5761299133301 37.4354019165039 37.3520698547363 37.4275131225586 37.6498832702637 37.6617393493652 37.1434593200684 36.6936225891113 37.3658027648926 37.5573272705078 37.074821472168 37.1045875549316 36.9709548950195 36.9593048095703 37.2929306030273 37.1805686950684 36.9533882141113 -3.4e+38 -3.4e+38 -3.4e+38 -3.4e+38 -3.4e+38 -3.4e+38 -3.4e+38 -3.4e+38 -3.4e+38 -3.4e+38 -3.4e+38 -3.4e+38 -3.4e+38 -3.4e+38 -3.4e+38 -3.4e+38
34.109748840332 35.0834045410156 35.4418258666992 35.1956596374512 36.2717704772949 36.9563636779785 37.3552742004395 37.6536445617676 37.668083190918 37.5990180969238 37.4319343566895 37.2644233703613 37.1334533691406 37.7706451416016 37.7765464782715 37.6464500427246 37.6722373962402 37.7788619995117 37.835521697998 37.7528343200684 37.3813629150391 37.1937713623047 37.5840110778809 37.4106407165527 37.1893424987793 37.3263854980469 37.3800201416016 37.152473449707 37.0762100219727 36.9629783630371 -3.4e+38 -3.4e+38 -3.4e+38 -3.4e+38 -3.4e+38 -3.4e+38 -3.4e+38 -3.4e+38 -3.4e+38 -3.4e+38 -3.4e+38 -3.4e+38 -3.4e+38 -3.4e+38 -3.4e+38 -3.4e+38
34.0953559875488 33.2226753234863 32.6731452941895 32.7927398681641 34.8335304260254 35.4128379821777 36.7150382995605 37.0989265441895 37.4394035339355 37.3442153930664 37.1424522399902 37.4942054748535 37.5149002075195 37.4286727905273 37.8869438171387 37.8768196105957 37.8303565979004 37.8560981750488 37.8850440979004 37.8831558227539 37.8404006958008 37.7803344726562 37.6524314880371 37.6167640686035 37.3370170593262 37.4341087341309 37.4378280639648 37.1945419311523 36.9601249694824 36.8911285400391 36.7987060546875 36.5517959594727 -3.4e+38 -3.4e+38 -3.4e+38 -3.4e+38 -3.4e+38 -3.4e+38 -3.4e+38 -3.4e+38 -3.4e+38 -3.4e+38 -3.4e+38 -3.4e+38 -3.4e+38 -3.4e+38
34.110767364502 33.4096908569336 32.61181640625 32.1353302001953 32.6706275939941 33.4067878723145 35.3558921813965 36.634090423584 37.4009475708008 37.2440147399902 36.7554817199707 37.3897476196289 37.7379302978516 37.8023109436035 37.8399314880371 37.8748741149902 37.9185333251953 37.9243621826172 37.9197120666504 37.9064712524414 37.8805160522461 37.8378257751465 37.7812309265137 37.7170104980469 37.4991874694824 37.5481605529785 37.4762344360352 37.2939491271973 37.0745468139648 37.033863067627 36.9927253723145 36.8868637084961 36.6435928344727 -3.4e+38 -3.4e+38 -3.4e+38 -3.4e+38 36.2199020385742 36.2517547607422 -3.4e+38 -3.4e+38 -3.4e+38 -3.4e+38 -3.4e+38 -3.4e+38 -3.4e+38
34.6374130249023 33.4902267456055 32.7030029296875 32.3673095703125 32.856201171875 32.6288642883301 33.7032432556152 35.5166282653809 36.9099807739258 37.3192367553711 36.224235534668 37.107006072998 37.5742111206055 37.1314926147461 37.2377243041992 37.6675682067871 37.7892036437988 37.8780517578125 37.8494262695312 37.7428779602051 37.7879409790039 37.7574310302734 37.7797737121582 37.7489166259766 37.6921005249023 37.566822052002 37.4828224182129 37.3644180297852 37.2545051574707 37.1904144287109 37.1585273742676 37.0508728027344 36.7299194335938 -3.4e+38 -3.4e+38 -3.4e+38 -3.4e+38 36.3248138427734 36.2770004272461 36.4266738891602 36.4091529846191 36.2413940429688 -3.4e+38 -3.4e+38 -3.4e+38 -3.4e+38
34.6032447814941 33.467830657959 32.7397727966309 33.1403884887695 32.9501266479492 33.3019790649414 33.0838813781738 34.4573440551758 36.7005996704102 37.4596862792969 36.4294548034668 36.410343170166 37.2560234069824 35.3934326171875 36.4423522949219 36.8458404541016 37.4238662719727 37.8307113647461 37.8315505981445 37.7600708007812 37.76220703125 37.7604866027832 37.7874717712402 37.7543029785156 37.7040786743164 37.473518371582 37.4666748046875 37.4197120666504 37.3839797973633 37.3547019958496 37.2713356018066 37.1558456420898 37.0028495788574 -3.4e+38 -3.4e+38 36.8098983764648 36.6294021606445 36.4099349975586 36.2901306152344 36.0895614624023 36.2130317687988 36.4053726196289 -3.4e+38 -3.4e+38 -3.4e+38 -3.4e+38
33.3720855712891 32.2411804199219 32.197078704834 33.3661727905273 33.6748847961426 33.5845108032227 33.2138061523438 33.5394630432129 35.930118560791 37.2541961669922 37.2866973876953 36.4670524597168 37.0122299194336 35.6422157287598 35.6741790771484 35.7577743530273 37.1077308654785 37.8033828735352 37.8343658447266 37.8681373596191 37.8752593994141 37.8367767333984 37.8042907714844 37.5841445922852 37.6042671203613 37.5034141540527 37.5024299621582 37.5106544494629 37.4939918518066 37.4341697692871 37.3496971130371 37.2667770385742 37.1799621582031 -3.4e+38 37.0489158630371 37.0241546630859 36.9587097167969 -3.4e+38 36.4287948608398 -3.4e+38 36.1587944030762 -3.4e+38 -3.4e+38 -3.4e+38 -3.4e+38 -3.4e+38
33.3247528076172 32.0093040466309 31.3426342010498 33.7121124267578 33.9016036987305 33.3097190856934 32.9662475585938 33.0835952758789 34.58154296875 36.9362640380859 37.066535949707 36.6560859680176 36.7946243286133 36.9272804260254 36.2767944335938 37.407829284668 37.6553077697754 37.7758560180664 37.829948425293 37.8345527648926 37.8359832763672 37.8179588317871 37.7978744506836 37.7241859436035 37.7257995605469 37.6663627624512 37.6347198486328 37.6019859313965 37.5177764892578 37.506519317627 37.4411430358887 37.3862724304199 37.3275756835938 37.2598075866699 37.2190055847168 37.2094573974609 37.0754623413086 -3.4e+38 -3.4e+38 -3.4e+38 -3.4e+38 -3.4e+38 -3.4e+38 36.3994293212891 -3.4e+38 -3.4e+38
34.9271125793457 34.643009185791 32.7026405334473 34.0831642150879 32.7452507019043 32.7369918823242 33.1411437988281 33.4133148193359 35.4484901428223 36.8853759765625 36.6029777526855 36.0053787231445 36.9024696350098 37.333984375 37.4556274414062 37.5296211242676 37.6668586730957 37.364429473877 37.5369720458984 37.7176933288574 37.7004470825195 37.7539024353027 37.7784881591797 37.7639503479004 37.7499732971191 37.7130851745605 37.6922798156738 37.5760078430176 37.2663917541504 37.4088859558105 37.5038795471191 37.4966239929199 37.4564743041992 37.3805198669434 37.3456535339355 37.2828330993652 37.1619834899902 37.0552597045898 36.9560470581055 36.8992347717285 36.8888702392578 36.7967262268066 36.5692100524902 36.396240234375 -3.4e+38 -3.4e+38
35.0013313293457 34.2484283447266 34.8293190002441 34.6614723205566 33.3935432434082 33.4131507873535 33.0661087036133 33.2575988769531 35.2160110473633 36.5725326538086 37.0070762634277 36.7930183410645 37.1577682495117 37.4676895141602 37.3582534790039 37.2322158813477 37.442798614502 37.1904640197754 37.0459861755371 37.2402420043945 37.5734481811523 37.6575698852539 37.694034576416 37.7439918518066 37.7603454589844 37.7395935058594 37.7051010131836 37.528377532959 37.2794418334961 37.4898147583008 37.4670181274414 37.5692939758301 37.4697303771973 37.4219017028809 37.388801574707 37.2749404907227 37.2051200866699 37.1674041748047 37.1379623413086 37.1105842590332 37.0776062011719 36.9670524597168 36.6545639038086 36.31884765625 36.3705749511719 -3.4e+38
