inst/extdata/Tmax/Tmax21.asc
NCOLS 100 
NROWS 79 
XLLCORNER 148.06 
YLLCORNER -21.49 
CELLSIZE 0.01 
NODATA_value -3.4e+38 
[rows 40 to 59 of 79, columns 46 to 91 of 100]
15.8529863357544 17.3187198638916 16.9973964691162 17.8560123443604 20.1012115478516 20.0536117553711 19.8917655944824 17.7448425292969 17.4515419006348 18.0631885528564 19.644474029541 21.6163597106934 22.119384765625 21.6100845336914 20.8585014343262 22.6002826690674 23.5702323913574 23.0387897491455 24.1347618103027 24.1451854705811 23.530237197876 24.1070365905762 22.0213375091553 20.9139537811279 22.397045135498 23.3639106750488 23.9228286743164 23.1122398376465 22.9713611602783 23.1751308441162 22.8259696960449 23.9492683410645 22.7127285003662 19.7025032043457 21.4172630310059 25.8934688568115 24.2613983154297 22.7192134857178 20.6076374053955 19.9132041931152 19.3206005096436 22.2556610107422 22.6964893341064 22.0863132476807 23.4827766418457 20.7438068389893
17.1999683380127 17.3736343383789 18.7754001617432 20.1302719116211 20.7885303497314 20.2792224884033 19.6812629699707 19.4831027984619 20.8516254425049 21.1160831451416 23.7880973815918 22.5906524658203 22.3762626647949 22.069637298584 21.4978885650635 23.4677276611328 23.6301460266113 23.4771728515625 24.5600204467773 24.8740348815918 22.8047218322754 23.1620082855225 19.3597202301025 25.2290420532227 26.4329700469971 22.0848541259766 24.0974311828613 23.0955257415771 23.323371887207 22.5553398132324 23.1856479644775 23.7561492919922 23.6162204742432 22.6648998260498 23.1407585144043 25.1888179779053 23.4656143188477 22.9254589080811 22.6807613372803 22.4136810302734 21.9046325683594 21.4853706359863 22.954610824585 22.6134300231934 22.6294898986816 22.1116733551025
18.6429920196533 19.6617393493652 19.5820331573486 21.562801361084 26.6367645263672 24.1106929779053 21.6419162750244 20.9208011627197 22.0429210662842 23.7090911865234 23.8433399200439 23.4174098968506 23.7042980194092 23.2624969482422 25.0015487670898 23.5441741943359 23.4309196472168 23.1251850128174 23.5807991027832 24.335786819458 23.4239845275879 22.8499813079834 22.5410671234131 26.722993850708 20.069860458374 26.8469104766846 26.1646823883057 22.0254707336426 21.4043521881104 24.0439338684082 23.7632675170898 24.1170349121094 23.4188709259033 22.7925930023193 23.197452545166 21.9997215270996 22.082052230835 21.617431640625 21.74169921875 22.2176513671875 23.3942203521729 23.5139026641846 23.9034862518311 22.6068668365479 24.6513061523438 24.61549949646
22.1250839233398 22.8976192474365 23.0516948699951 23.1937313079834 23.9258251190186 23.4281597137451 23.0896797180176 22.7005023956299 23.0300598144531 23.4104690551758 24.0942268371582 24.1120662689209 24.3132572174072 24.217321395874 23.7001323699951 23.2534408569336 22.9177379608154 23.1522560119629 23.9009113311768 21.5363864898682 23.8188018798828 23.8544521331787 23.6656131744385 23.057897567749 22.5164833068848 24.2619018554688 23.5498905181885 23.1208782196045 23.7889862060547 25.539758682251 24.9409599304199 25.4142208099365 23.2310180664062 22.6523704528809 22.518575668335 25.0611763000488 24.5050296783447 22.6218414306641 23.6137065887451 24.7049617767334 25.3370380401611 24.5132026672363 22.9729118347168 27.2366771697998 24.8186206817627 22.8218212127686
21.9513339996338 22.1464595794678 22.1389999389648 22.5012664794922 24.0737953186035 24.7327404022217 24.1302051544189 23.3038520812988 23.6815242767334 23.3583850860596 23.0680503845215 23.0388450622559 22.633695602417 22.5000629425049 22.3345737457275 22.9163436889648 21.2908325195312 22.1515407562256 23.2295570373535 23.6300296783447 24.6180057525635 25.2701358795166 25.007438659668 24.0630435943604 21.9823455810547 22.485013961792 22.9197235107422 23.4383316040039 25.6897048950195 26.0573425292969 24.7284469604492 23.5027542114258 22.4607200622559 23.1808567047119 22.8655128479004 24.9171524047852 23.6329860687256 22.4914531707764 23.7757701873779 22.2970237731934 22.9496154785156 24.5413036346436 24.9857025146484 24.9673709869385 27.8663558959961 24.7852363586426
17.9787139892578 19.5121459960938 21.1022491455078 19.4416770935059 21.1326560974121 21.8271102905273 21.6628150939941 21.9719352722168 22.2753868103027 22.3913707733154 19.3519535064697 19.5372581481934 19.7171306610107 17.8502750396729 18.8734874725342 19.8977489471436 22.2532691955566 22.4485912322998 22.4269123077393 22.5785636901855 24.3983001708984 24.2048587799072 23.5384254455566 23.4979515075684 23.6577587127686 24.1974201202393 24.2186260223389 24.2119941711426 23.8744201660156 24.1015300750732 23.7782287597656 24.9506587982178 25.8330917358398 26.3301219940186 24.3297901153564 24.0843887329102 23.5975971221924 23.461051940918 23.4539661407471 23.1945419311523 23.0596408843994 24.1481456756592 24.3396186828613 23.0521049499512 25.3857669830322 27.762716293335
16.0174617767334 17.531795501709 17.1284255981445 16.9019508361816 18.0665969848633 18.5029373168945 18.6771907806396 19.2801132202148 19.8684787750244 19.0838985443115 18.6913986206055 18.039623260498 18.4072875976562 18.2764720916748 18.6233005523682 19.9148139953613 22.6133117675781 22.3765525817871 21.7368354797363 23.6616134643555 24.1488800048828 24.592679977417 23.6652984619141 22.9590892791748 25.6066379547119 25.8364486694336 24.9302005767822 24.2417907714844 23.3423080444336 23.2804660797119 24.5144233703613 24.3614444732666 23.8248500823975 24.1687927246094 24.4655380249023 27.1003112792969 23.9226417541504 24.1307849884033 23.0655326843262 22.9541530609131 22.9512176513672 25.6157512664795 23.6619682312012 26.5471134185791 25.176342010498 24.6426563262939
16.3845653533936 16.319055557251 16.1991271972656 16.3050918579102 16.1718654632568 16.6206951141357 17.7546367645264 18.8127536773682 19.0969753265381 18.8939933776855 19.5319652557373 18.9194488525391 18.9437484741211 20.4375038146973 21.195369720459 22.6919994354248 23.3321666717529 23.2400646209717 23.3673229217529 24.7596378326416 27.5097789764404 25.2604827880859 23.1925239562988 24.2256736755371 25.4409790039062 25.1020088195801 24.492000579834 27.4518890380859 24.627721786499 24.9100608825684 24.9600391387939 22.4325466156006 22.3063545227051 22.6559906005859 22.4537467956543 22.4769859313965 23.9103775024414 22.9399394989014 22.0615940093994 25.8374328613281 25.6083545684814 27.5943813323975 24.1932125091553 26.3233833312988 26.0666942596436 26.0028476715088
16.1416435241699 18.1461696624756 16.4974327087402 16.117115020752 16.0253314971924 15.996561050415 16.2114410400391 18.4042472839355 19.1683750152588 19.3340663909912 19.2339649200439 19.3040294647217 24.6149826049805 25.7260780334473 26.2191047668457 22.5610160827637 24.4195156097412 20.766939163208 26.3956565856934 26.2823238372803 26.0153732299805 26.3066749572754 25.720422744751 25.3022117614746 25.0156574249268 23.1326141357422 24.3541564941406 25.5260353088379 27.6978931427002 26.9954242706299 26.7571430206299 27.5250988006592 26.6379203796387 22.6828174591064 23.6690044403076 28.0945720672607 27.2887878417969 24.3004245758057 24.1348705291748 23.9707927703857 22.0738906860352 22.626594543457 23.2723217010498 24.2039127349854 23.351188659668 23.994966506958
18.04248046875 18.734203338623 19.9313812255859 16.9863357543945 16.5279998779297 17.408805847168 17.233959197998 18.3194389343262 18.6823234558105 19.2758235931396 23.5863704681396 25.1813888549805 26.3647556304932 26.3993644714355 26.8809127807617 20.0252914428711 23.1967487335205 20.2669677734375 20.5510768890381 23.0622806549072 23.042573928833 27.2954559326172 23.7657642364502 24.6717967987061 24.4259986877441 23.5701904296875 25.547966003418 25.6428813934326 26.1594429016113 26.2483253479004 26.0383243560791 24.4215679168701 22.7791519165039 23.2945251464844 23.9712390899658 28.2316055297852 28.2204971313477 25.0604286193848 23.9438457489014 23.8145866394043 23.8188095092773 22.8224239349365 24.0290203094482 22.6497459411621 23.6562652587891 24.3239974975586
21.4295177459717 18.2089614868164 21.2011775970459 16.1406059265137 16.2819709777832 17.633544921875 17.868371963501 18.6385173797607 19.3532485961914 19.8744525909424 19.8821964263916 20.1001968383789 24.745023727417 25.4244918823242 26.0393562316895 19.9597129821777 22.4250984191895 22.3246726989746 19.1657028198242 22.8961696624756 20.4337196350098 26.1501865386963 23.8205604553223 25.3858451843262 23.8322734832764 24.8488616943359 23.8691024780273 23.4883899688721 26.5528984069824 26.2825813293457 25.6829261779785 25.1708374023438 24.874885559082 23.1181049346924 23.9876384735107 26.4520721435547 27.8283996582031 25.9762516021729 24.8972091674805 25.4419803619385 24.0279884338379 22.936502456665 23.0359439849854 22.1891136169434 23.6733131408691 24.493522644043
16.8650207519531 15.4723997116089 15.9997453689575 15.0785150527954 15.0744895935059 16.787281036377 17.7003154754639 18.8822555541992 19.2736511230469 19.5518970489502 19.766450881958 19.4215183258057 19.3420028686523 18.9042720794678 19.3945026397705 22.5521430969238 20.29958152771 23.0845031738281 19.9381446838379 22.3228435516357 22.138614654541 22.9976902008057 26.0919303894043 26.8858280181885 24.094165802002 24.3004684448242 24.9891510009766 23.1602096557617 23.6358070373535 27.1051540374756 25.5467166900635 24.858772277832 24.3239040374756 22.7086143493652 22.6290683746338 24.3130283355713 24.7243385314941 24.5939025878906 24.0393695831299 22.3886661529541 26.0474510192871 22.39381980896 22.1456165313721 21.8383827209473 21.8888473510742 23.2080516815186
15.1945428848267 20.8736534118652 21.6771469116211 15.2900152206421 15.2505292892456 16.1720867156982 16.9939517974854 17.9106788635254 18.4501171112061 18.8006439208984 19.1536140441895 18.9744071960449 19.00612449646 19.4493675231934 19.828441619873 20.2269954681396 22.8988075256348 23.3069400787354 23.1982021331787 23.6800498962402 22.160135269165 23.2862396240234 24.8335666656494 26.9606456756592 24.8233623504639 25.6586513519287 25.6093044281006 25.4499950408936 25.4002704620361 27.4781131744385 26.3781223297119 25.8188667297363 25.9500141143799 26.2827568054199 23.3994197845459 22.4994316101074 23.7226581573486 21.1931381225586 22.7376346588135 23.0714225769043 23.2080841064453 22.2317771911621 26.7593364715576 23.2691993713379 21.888843536377 21.6882057189941
16.0496616363525 15.212194442749 21.0898475646973 15.8985176086426 16.0467395782471 17.0265483856201 16.920503616333 17.7194042205811 18.859712600708 19.3850193023682 19.7056617736816 19.8204555511475 19.8689575195312 23.5619144439697 23.5828628540039 20.5595302581787 20.3260250091553 20.4655017852783 20.4858741760254 23.2858180999756 22.7977600097656 22.9888134002686 20.4808254241943 21.6407299041748 22.487268447876 24.3540115356445 23.7420425415039 24.7872619628906 26.9052543640137 24.4973220825195 24.3849811553955 23.4671821594238 23.8470134735107 24.7032413482666 23.1491661071777 22.7880382537842 20.8115615844727 20.0157985687256 20.2736282348633 19.0599250793457 25.0792636871338 23.7002792358398 24.9171600341797 24.5688762664795 26.5814838409424 22.3740844726562
17.1067504882812 16.093334197998 15.6195983886719 16.1768169403076 16.7597026824951 17.7078323364258 17.7742385864258 18.1101360321045 18.3890972137451 19.0485534667969 19.0976066589355 21.8446884155273 22.8000221252441 19.9908218383789 24.309907913208 23.6898231506348 24.1629810333252 20.7651290893555 23.5492458343506 23.3402996063232 23.3709888458252 22.4250297546387 21.3655109405518 23.3976268768311 25.2299995422363 25.4872550964355 23.6352405548096 24.1404666900635 23.2950057983398 25.2773532867432 25.4966678619385 24.0324630737305 25.4439907073975 23.3558216094971 25.943639755249 22.995964050293 26.6337795257568 22.9815864562988 23.3306865692139 21.6729412078857 22.9745311737061 23.5709095001221 22.9254112243652 23.2491989135742 24.1382961273193 25.1586780548096
16.6874008178711 16.1509132385254 15.7720031738281 17.0829753875732 17.7493209838867 18.3094081878662 19.0009613037109 19.3520889282227 19.3298816680908 19.6835441589355 19.5663585662842 21.734884262085 22.4414043426514 23.9915714263916 24.177806854248 23.6758880615234 24.0742378234863 24.4676113128662 23.9050464630127 20.754301071167 23.3097972869873 22.4284896850586 23.1881618499756 23.2351226806641 24.4968757629395 25.2634010314941 25.6021766662598 26.1869468688965 23.5195503234863 24.0801086425781 21.2497653961182 23.4333114624023 24.8931655883789 26.8772315979004 25.9027805328369 19.9857082366943 22.6051063537598 23.5678901672363 22.1065540313721 23.1200656890869 25.1094284057617 24.3432655334473 23.7413539886475 24.1642360687256 23.749303817749 23.6288261413574
16.6682262420654 15.8709678649902 15.2060766220093 16.6261138916016 17.9330997467041 18.4212913513184 17.7608451843262 19.1574172973633 18.805513381958 18.171989440918 19.4395427703857 19.1222686767578 19.457540512085 22.3263053894043 19.9837436676025 23.3285274505615 23.4557495117188 23.4554710388184 24.0291309356689 22.0493755340576 22.9291458129883 23.3980712890625 22.9559001922607 20.6206207275391 23.1102237701416 25.2695484161377 24.3468761444092 23.5646381378174 23.8344478607178 24.0475921630859 21.1118698120117 19.011058807373 19.9900188446045 22.977840423584 19.1904335021973 18.8885536193848 23.4173221588135 22.9698905944824 23.8195533752441 22.592903137207 24.8765411376953 26.1080131530762 22.4915542602539 22.8194961547852 23.7584629058838 24.4028205871582
17.0702629089355 15.9989519119263 16.0877628326416 16.6747703552246 17.5805130004883 18.048791885376 18.5669975280762 18.6153125762939 17.3431072235107 16.9083881378174 18.810245513916 17.4317054748535 17.9443206787109 18.237325668335 21.9798450469971 22.8537654876709 20.1970520019531 23.4593486785889 20.8452835083008 24.3066215515137 23.8848896026611 24.181676864624 23.657434463501 23.3291244506836 22.4987983703613 23.708158493042 24.5345897674561 23.5209064483643 22.9908313751221 24.6761455535889 22.8486347198486 20.278995513916 23.3164119720459 22.3360195159912 16.7638931274414 21.3451137542725 22.6974391937256 23.2762088775635 23.6568946838379 25.3768424987793 23.3289833068848 25.7149219512939 23.4622325897217 23.7522869110107 23.2290172576904 23.1363353729248
17.0686416625977 16.7391700744629 16.4511604309082 16.617748260498 17.326696395874 18.0532245635986 18.0064373016357 17.7793083190918 17.1250553131104 18.1641063690186 18.3748207092285 17.1327590942383 17.4452590942383 17.6600780487061 18.9919395446777 19.3746318817139 23.1210823059082 20.2907028198242 23.6208896636963 23.891134262085 23.6948776245117 24.0319766998291 22.253381729126 23.7488098144531 23.0019283294678 23.0763034820557 22.8140182495117 23.9432506561279 22.2316398620605 22.2437553405762 23.9741382598877 23.6616973876953 20.1228923797607 21.9911117553711 22.6769943237305 23.5354061126709 20.7105140686035 23.294900894165 25.7069759368896 23.0226821899414 24.0825290679932 23.2494010925293 23.7117900848389 25.5752849578857 25.0519237518311 22.8006420135498
16.4438552856445 16.3582992553711 15.887469291687 16.3129634857178 16.8948135375977 16.7540817260742 17.4612102508545 17.909839630127 18.3073139190674 18.3647918701172 18.3674755096436 18.6222763061523 21.9127254486084 22.6602306365967 22.5193157196045 19.2659473419189 19.9956684112549 23.8073234558105 21.1628227233887 23.3022117614746 23.6272983551025 24.2173194885254 24.3018856048584 23.6057796478271 23.7939891815186 22.7196083068848 23.1498260498047 23.0335330963135 22.2388763427734 24.2195510864258 24.6209087371826 25.4882793426514 21.8446674346924 22.6787948608398 22.5041732788086 18.3134593963623 21.4389877319336 24.3277206420898 26.214017868042 20.8892040252686 23.4564647674561 23.7131767272949 23.0252742767334 21.7353687286377 23.3363914489746 24.1669578552246
