inst/extdata/Tmax/Tmax22.asc
NCOLS 100 
NROWS 79 
XLLCORNER 148.06 
YLLCORNER -21.49 
CELLSIZE 0.01 
NODATA_value -3.4e+38 
[rows 40 to 59 of 79, columns 46 to 91 of 100]
23.2359714508057 24.7026748657227 24.3748836517334 25.2969245910645 27.6920967102051 27.7207946777344 27.5441608428955 25.256872177124 24.9407196044922 25.6290245056152 27.2693271636963 29.3696670532227 29.8668937683105 29.3816928863525 28.594409942627 30.4064311981201 31.3479900360107 30.8172073364258 31.882360458374 31.8620319366455 31.2233409881592 31.8514842987061 29.7142028808594 28.5577659606934 30.0104351043701 30.9490928649902 31.4938488006592 30.6922454833984 30.5098514556885 30.6696014404297 30.2950401306152 31.4026775360107 30.1647205352783 27.2269039154053 28.8933811187744 33.2848205566406 31.6322917938232 30.0700855255127 27.909725189209 27.2356967926025 26.6781368255615 29.5455188751221 29.9314842224121 29.3137969970703 30.6607780456543 27.8925800323486
24.6070728302002 24.8117980957031 26.2180633544922 27.5811214447021 28.3856964111328 27.9661178588867 27.3121795654297 27.0967712402344 28.5226135253906 28.8058662414551 31.5142116546631 30.3628787994385 30.1569805145264 29.8640098571777 29.2995891571045 31.2869434356689 31.4231224060059 31.2530670166016 32.3171119689941 32.6072540283203 30.5172348022461 30.8943557739258 27.1217861175537 32.9423980712891 34.1297569274902 29.720760345459 31.68674659729 30.697057723999 30.8987045288086 30.0720291137695 30.6715564727783 31.2211780548096 31.0672092437744 30.1381549835205 30.5666599273682 32.5831832885742 30.8502674102783 30.2834243774414 30.0027503967285 29.6981735229492 29.2445831298828 28.7795677185059 30.1694107055664 29.8200855255127 29.7999095916748 29.2628116607666
26.1764678955078 27.2216148376465 27.1681213378906 29.1945190429688 34.3011665344238 31.812292098999 29.3356781005859 28.5955562591553 29.7616844177246 31.4600734710693 31.6040134429932 31.2030620574951 31.5039806365967 31.0726871490479 32.8240165710449 31.3827018737793 31.2469444274902 30.9208374023438 31.3569793701172 32.091121673584 31.164571762085 30.639928817749 30.3228073120117 34.4458045959473 27.8088817596436 34.5303649902344 33.7890281677246 29.6309146881104 28.9875888824463 31.5801963806152 31.2704372406006 31.5976581573486 30.8757648468018 30.2317962646484 30.6178436279297 29.4194450378418 29.549825668335 29.0103607177734 29.064136505127 29.5143604278564 30.6752548217773 30.7744026184082 31.1292743682861 29.8057079315186 31.8234119415283 31.7685794830322
29.7458248138428 30.5322074890137 30.7062301635742 30.8684883117676 31.6241703033447 31.1427040100098 30.8135261535645 30.4269256591797 30.7771549224854 31.178882598877 31.8758335113525 31.9082775115967 32.121898651123 32.0380554199219 31.5347366333008 31.1009082794189 30.7681522369385 30.9826774597168 31.7071170806885 29.3188247680664 31.5831089019775 31.6149291992188 31.4231281280518 30.7800273895264 30.2271575927734 31.9812488555908 31.221607208252 30.7456398010254 31.3754825592041 33.0982093811035 32.472972869873 32.9204330444336 30.7132377624512 30.1116409301758 29.9521751403809 32.4798469543457 31.9364261627197 30.0024604797363 30.9541931152344 32.0215377807617 32.6308059692383 31.7827892303467 30.2196292877197 34.458869934082 32.0175933837891 30.0008449554443
29.5644969940186 29.7886085510254 29.8079967498779 30.1834850311279 31.7716293334961 32.4493370056152 31.8619785308838 31.0513725280762 31.4430828094482 31.1309280395508 30.8458576202393 30.8345699310303 30.4399089813232 30.3085250854492 30.1650085449219 30.7661075592041 29.1504077911377 30.0184535980225 31.0678462982178 31.4434700012207 32.4083862304688 33.048282623291 32.7875442504883 31.84059715271 29.7196636199951 30.1828670501709 30.5881481170654 31.0776615142822 33.3027191162109 33.6420440673828 32.2881736755371 31.0375862121582 29.9732074737549 30.6708755493164 30.3279705047607 32.3582382202148 31.0505294799805 29.8843193054199 31.1483325958252 29.6450538635254 30.2747383117676 31.8438167572021 32.2648773193359 32.2250747680664 35.1093330383301 32.0040550231934
25.4527397155762 27.0671615600586 28.7037658691406 27.0722503662109 28.8014163970947 29.5293216705322 29.3754062652588 29.7085380554199 30.025369644165 30.1465511322021 27.0731906890869 27.2735996246338 27.4731025695801 25.4932289123535 26.6172618865967 27.7128562927246 30.1128349304199 30.3358879089355 30.2912750244141 30.42041015625 32.2170791625977 32.0151863098145 31.3593845367432 31.3223476409912 31.4376697540283 31.9319305419922 31.9179344177246 31.8870830535889 31.5191707611084 31.7155303955078 31.3663806915283 32.5137519836426 33.3725852966309 33.8454322814941 31.8227024078369 31.5594596862793 31.0489349365234 30.8885402679443 30.8597068786621 30.5770664215088 30.420316696167 31.4866542816162 31.6562881469727 30.3508148193359 32.6633415222168 35.0170783996582
23.4560317993164 24.9740161895752 24.559741973877 24.3228702545166 25.6014633178711 26.0996170043945 26.297794342041 26.9362087249756 27.5730972290039 26.7542152404785 26.3159656524658 25.620777130127 26.067798614502 25.9386463165283 26.341423034668 27.7382736206055 30.4875259399414 30.2724685668945 29.6323719024658 31.5373783111572 31.9988193511963 32.4198913574219 31.5010051727295 30.7950916290283 33.4258460998535 33.6105918884277 32.6640357971191 31.942102432251 31.0101337432861 30.9220771789551 32.1292953491211 31.9509506225586 31.3905773162842 31.7123565673828 31.9909839630127 34.605583190918 31.4041557312012 31.5887660980225 30.5012016296387 30.3676929473877 30.3436832427979 32.9861450195312 31.0105800628662 33.8767433166504 32.4854774475098 31.9393138885498
23.8322372436523 23.7566223144531 23.6252460479736 23.7227039337158 23.5794906616211 24.0259265899658 25.2648620605469 26.4008865356445 26.7157516479492 26.5147800445557 27.2155895233154 26.6024360656738 26.6262722015381 28.1852359771729 28.9807968139648 30.5481586456299 31.2147312164307 31.1384563446045 31.2778301239014 32.6693572998047 35.3886604309082 33.1131973266602 31.0312614440918 32.0623168945312 33.2827987670898 32.899600982666 32.2508735656738 35.1741218566895 32.3202133178711 32.5754356384277 32.599967956543 30.0494995117188 29.9040412902832 30.2352504730225 30.0138530731201 30.0146179199219 31.423433303833 30.4286365509033 29.5279636383057 33.2821350097656 33.0314483642578 34.9954490661621 31.5733108520508 33.6839981079102 33.4216766357422 33.3538017272949
23.5919723510742 25.5887317657471 23.9333934783936 23.5408515930176 23.4389305114746 23.4019565582275 23.6149616241455 25.9682064056396 26.7973823547363 26.9931812286377 26.8928298950195 26.9940395355225 32.3448715209961 33.4942283630371 34.0065116882324 30.4013061523438 32.2964019775391 28.6587696075439 34.3016357421875 34.2161750793457 33.9261589050293 34.1917419433594 33.5749740600586 33.1385116577148 32.8360328674316 30.9304809570312 32.1214408874512 33.2641754150391 35.4114418029785 34.6848487854004 34.424243927002 35.1732063293457 34.2685012817383 30.2994041442871 31.2651443481445 35.6625823974609 34.832878112793 31.8203887939453 31.6310119628906 31.4457378387451 29.526424407959 30.0578269958496 30.6835155487061 31.5953559875488 30.7285900115967 31.3505401611328
25.5010318756104 26.1859035491943 27.3743534088135 24.4167442321777 23.9542808532715 24.8327598571777 24.6642284393311 25.8937129974365 26.3161468505859 26.9424247741699 31.2507228851318 32.9024963378906 34.1232566833496 34.1729278564453 34.6763648986816 27.8283309936523 31.0224628448486 28.1250686645508 28.4481906890869 30.9928379058838 30.990177154541 35.220890045166 31.6499633789062 32.5284194946289 32.2574157714844 31.3786163330078 33.3343162536621 33.4176712036133 33.9060211181641 33.9662857055664 33.7351341247559 32.1031036376953 30.4405078887939 30.9466781616211 31.6049823760986 35.8287582397461 35.7947692871094 32.6134376525879 31.4703483581543 31.3187408447266 31.3023281097412 30.2844371795654 31.4710521697998 30.0634155273438 31.0444011688232 31.6853923797607
28.8956489562988 25.6649570465088 28.6508140563965 23.5782508850098 23.717134475708 25.0826930999756 25.3684501647949 26.2123165130615 27.0084114074707 27.5827217102051 27.6071033477783 27.8495388031006 32.5148887634277 33.2116088867188 33.8405456542969 27.7724189758301 30.2582054138184 30.1507453918457 26.9752826690674 30.8083076477051 28.3519458770752 34.1063613891602 31.7366542816162 33.2738418579102 31.6929512023926 32.6863746643066 31.6881771087646 31.2995834350586 34.3300819396973 34.0290679931641 33.4174995422363 32.8941383361816 32.5739974975586 30.7957210540771 31.6401500701904 34.0756988525391 35.4291343688965 33.5558166503906 32.4551315307617 32.9758949279785 31.5405235290527 30.4238548278809 30.4952430725098 29.6203536987305 31.0764942169189 31.8714218139648
24.3329944610596 22.9316310882568 23.4546222686768 22.5182056427002 22.5070648193359 24.2279567718506 25.2326240539551 26.4918251037598 26.9293670654297 27.2473621368408 27.4825553894043 27.1528625488281 27.0707550048828 26.6479606628418 27.1768207550049 30.3613376617432 28.1501865386963 30.9444141387939 27.796802520752 30.1981754302979 30.0147476196289 30.9438915252686 34.0454063415527 34.8035278320312 31.9878158569336 32.1690940856934 32.858943939209 31.0320301055908 31.4426670074463 34.8796539306641 33.3174514770508 32.6276779174805 32.0524597167969 30.4110202789307 30.3069438934326 31.9703483581543 32.3598976135254 32.2074127197266 31.6298637390137 29.9566230773926 33.5851593017578 29.8998851776123 29.6226539611816 29.2871437072754 29.3094043731689 30.6016750335693
22.6652355194092 28.3346672058105 29.134786605835 22.7379379272461 22.6908264160156 23.6131076812744 24.4526710510254 25.4543190002441 26.0575618743896 26.4580688476562 26.8213329315186 26.6498527526855 26.7026195526123 27.1879730224609 27.6456470489502 28.0681610107422 30.7681903839111 31.1828556060791 31.0815505981445 31.5639629364014 30.0380458831787 31.2274932861328 32.8131561279297 34.9089126586914 32.752571105957 33.5578727722168 33.511848449707 33.3901786804199 33.2521553039551 35.2822875976562 34.1781311035156 33.6125640869141 33.7073669433594 34.0220375061035 31.1213283538818 30.1970081329346 31.3950634002686 28.8485870361328 30.3707313537598 30.6772918701172 30.776439666748 29.7642230987549 34.2558174133301 30.7365341186523 29.3275852203369 29.0985069274902
23.5398769378662 22.6823825836182 28.552942276001 23.3573303222656 23.5006732940674 24.4803295135498 24.3653450012207 25.2553195953369 26.4919338226318 27.0637874603271 27.4316291809082 27.5705432891846 27.6453590393066 31.371524810791 31.4219646453857 28.4175109863281 28.1941623687744 28.3523998260498 28.3838310241699 31.1802215576172 30.6901683807373 30.8973178863525 28.441089630127 29.6278228759766 30.467601776123 32.2823944091797 31.6546993255615 32.7200164794922 34.779426574707 32.3307647705078 32.2111473083496 31.2834758758545 31.6470050811768 32.5039863586426 30.9152851104736 30.5364398956299 28.5337982177734 27.7397060394287 27.9628276824951 26.7922878265381 32.6867561340332 31.260124206543 32.4343528747559 32.055248260498 34.038875579834 29.8029804229736
24.6106548309326 23.5781784057617 23.0903968811035 23.6474418640137 24.22731590271 25.170259475708 25.2588367462158 25.6604518890381 26.0317916870117 26.7457160949707 26.814826965332 29.5785388946533 30.5846538543701 27.804594039917 32.1475410461426 31.5407886505127 32.042537689209 28.6670341491699 31.4627151489258 31.2502880096436 31.2823181152344 30.3440570831299 29.3083190917969 31.3550071716309 33.1991386413574 33.4550018310547 31.5684089660645 32.0708694458008 31.2226791381836 33.1470680236816 33.3749122619629 31.9406719207764 33.2907981872559 31.1701526641846 33.7143096923828 30.7386932373047 34.3520126342773 30.6743907928467 31.0112628936768 29.3954639434814 30.6101779937744 31.1537761688232 30.4660873413086 30.7563934326172 31.6151828765869 32.6066970825195
24.1978378295898 23.6440887451172 23.2508296966553 24.5658569335938 25.2278690338135 25.8434963226318 26.6245937347412 27.0126476287842 27.0245914459229 27.4032936096191 27.2851276397705 29.465051651001 30.2355365753174 31.8084259033203 32.0098838806152 31.5280017852783 31.9486675262451 32.3549652099609 31.8397254943848 28.6880779266357 31.2387027740479 30.3604965209961 31.1322460174561 31.1806449890137 32.4571228027344 33.2700691223145 33.5636405944824 34.1324577331543 31.4526977539062 31.9706726074219 29.1641979217529 31.3930034637451 32.8012466430664 34.7150573730469 33.7115669250488 27.7935676574707 30.3821220397949 31.2805652618408 29.7829322814941 30.7709217071533 32.728645324707 31.9340171813965 31.301456451416 31.6943664550781 31.247106552124 31.0964221954346
24.1834735870361 23.3678493499756 22.6898441314697 24.1134872436523 25.4177322387695 25.9560775756836 25.2470703125 26.799430847168 26.4573421478271 25.7820606231689 27.1607265472412 26.8779544830322 27.2307357788086 30.1195487976074 27.7925777435303 31.1698379516602 31.3213958740234 31.343677520752 31.9634475708008 30.0039100646973 30.8860549926758 31.3490505218506 30.9086761474609 28.5814952850342 31.0661926269531 33.2752571105957 32.3425102233887 31.5374088287354 31.7729644775391 31.9602565765381 29.0371265411377 26.9561233520508 27.9327011108398 30.9237995147705 27.0909805297852 26.8039703369141 31.2502460479736 30.7047348022461 31.5185241699219 30.2594661712646 32.513111114502 33.7215881347656 30.0834712982178 30.3739376068115 31.2806339263916 31.8936614990234
24.5911140441895 23.5040473937988 23.5852108001709 24.1684532165527 25.0707569122314 25.5531444549561 26.1317462921143 26.2191925048828 24.8185024261475 24.3869647979736 26.4754981994629 25.003532409668 25.5720252990723 25.9275321960449 29.7571125030518 30.6876430511475 28.0577030181885 31.3508167266846 28.7742176055908 32.2571029663086 31.8521900177002 32.1484375 31.6159687042236 31.3065605163574 30.4812812805176 31.7213516235352 32.5614891052246 31.5503463745117 30.9693851470947 32.6179580688477 30.7800636291504 28.2302074432373 31.246395111084 30.0187587738037 24.4819011688232 29.2851161956787 30.5242557525635 31.0341701507568 31.3794898986816 33.0755615234375 30.9989261627197 33.372486114502 31.0995960235596 31.3333473205566 30.7988567352295 30.6710624694824
24.5948867797852 24.2537479400635 23.9554767608643 24.1164417266846 24.8210678100586 25.5507030487061 25.5361766815186 25.2764091491699 24.5843868255615 25.7317543029785 26.0112991333008 24.6709365844727 25.0348300933838 25.3120403289795 26.7581539154053 27.1935787200928 30.9797248840332 28.19655418396 31.566333770752 31.8402290344238 31.6496849060059 32.0179710388184 30.2383346557617 31.7356719970703 30.9915103912354 31.0801067352295 30.8375415802002 31.9722766876221 30.2449150085449 30.2102279663086 31.9126567840576 31.6083240509033 28.0889282226562 29.8617382049561 30.4787845611572 31.4889144897461 28.5582103729248 31.0780429840088 33.4585189819336 30.7789325714111 31.7924766540527 30.9183177947998 31.3667583465576 33.1966438293457 32.6676635742188 30.3673076629639
23.9725246429443 23.8767547607422 23.393196105957 23.8137130737305 24.3932628631592 24.2449131011963 24.9449138641357 25.4147834777832 25.8590545654297 25.9424076080322 25.9982223510742 26.2897853851318 29.6608734130859 30.4309558868408 30.3176727294922 27.0354480743408 27.8653106689453 31.7184810638428 29.1013832092285 31.2363414764404 31.5833053588867 32.1992492675781 32.3031730651855 31.6175441741943 31.8022537231445 30.7367820739746 31.1527462005615 31.060001373291 30.267126083374 32.2172355651855 32.5837135314941 33.4234771728516 29.7901401519775 30.6405658721924 30.4690742492676 26.2557773590088 29.3264865875244 32.1376991271973 34.0304412841797 28.7142601013184 31.1916465759277 31.4027118682861 30.7061100006104 29.4435405731201 30.9903163909912 31.7531185150146
