inst/extdata/Tmax/Tmax119.asc
NCOLS 100 
NROWS 79 
XLLCORNER 148.06 
YLLCORNER -21.49 
CELLSIZE 0.01 
NODATA_value -3.4e+38 
[rows 0 to 19 of 79, columns 0 to 45 of 100]
39.934207916259801 39.6138763427734 38.7876281738281 39.0642280578613 39.1535186767578 39.4709510803223 39.5924339294434 39.6929664611816 39.6249465942383 39.4519500732422 39.0434150695801 38.8432579040527 38.7473449707031 37.7278251647949 38.1049957275391 38.4240036010742 38.7053413391113 38.661750793457 37.9975471496582 37.4473686218262 37.3143539428711 36.5391502380371 36.8722839355469 37.8741455078125 38.251594543457 38.4238395690918 38.2994079589844 38.3180541992188 38.0565490722656 37.7515335083008 37.0532455444336 35.540657043457 36.5491676330566 36.4663047790527 35.4932479858398 34.579273223877 34.4724578857422 34.146915435791 34.7677040100098 36.2512588500977 37.4084892272949 37.5812377929688 38.1167411804199 38.3523178100586 38.4657859802246 38.5488319396973
39.8025856018066 39.3294372558594 38.6619148254395 38.7147598266602 38.2086715698242 38.9499015808105 39.3848838806152 39.614444732666 39.6835861206055 39.5546455383301 39.2497634887695 38.9638290405273 39.0255661010742 38.6667442321777 38.5142555236816 38.4030723571777 38.7064476013184 38.7124214172363 37.8978805541992 37.4002113342285 37.8068084716797 37.5832557678223 37.4770927429199 37.810848236084 38.1595802307129 38.2817573547363 38.4722518920898 38.4129409790039 38.2266845703125 38.0408248901367 37.3668899536133 36.2358627319336 37.151424407959 36.8086090087891 36.2592163085938 35.4659690856934 35.0904083251953 35.381649017334 36.2350807189941 37.0960235595703 38.2105751037598 38.5005950927734 38.5833282470703 38.562686920166 38.5862808227539 38.6008911132812
39.7975387573242 39.0772094726562 39.1520843505859 39.2326354980469 38.821174621582 38.8929595947266 39.198657989502 39.6330223083496 39.7444152832031 39.6012306213379 39.3368186950684 39.1963996887207 39.0988464355469 39.0343132019043 38.7695388793945 38.6293716430664 38.7721824645996 38.8760261535645 38.3955497741699 38.2236251831055 38.0869598388672 37.80322265625 37.6003799438477 37.6813316345215 38.3353538513184 38.5257186889648 38.3688583374023 38.3345108032227 38.3123321533203 38.0494079589844 38.0728302001953 37.2789077758789 37.4527626037598 36.4561424255371 36.1968612670898 35.6655540466309 35.2258720397949 34.8177452087402 35.6541557312012 36.6041145324707 37.6598587036133 38.4083633422852 38.6464653015137 38.6809768676758 38.6469345092773 38.5918769836426
40.0003509521484 39.6688270568848 39.3591003417969 39.8505630493164 39.3911437988281 39.005012512207 39.2911529541016 39.7276649475098 39.830982208252 39.6873664855957 39.5366592407227 39.4728202819824 39.3651237487793 39.2094879150391 38.8350486755371 38.675910949707 38.9406204223633 38.9609985351562 38.7616004943848 38.3642959594727 38.0849380493164 37.7575416564941 37.8043098449707 37.7575035095215 38.2123527526855 38.5391540527344 38.2215957641602 38.4166488647461 38.2507629394531 37.5757369995117 38.000057220459 38.0352020263672 37.4272804260254 36.408145904541 35.9291534423828 35.1949195861816 35.4088935852051 34.9835395812988 34.8754386901855 34.4557838439941 35.7350311279297 37.8348770141602 38.5388107299805 38.6965179443359 38.4771270751953 38.3789672851562
40.4781036376953 39.9807510375977 39.7502670288086 40.0618476867676 39.8359642028809 39.2644500732422 39.262451171875 39.770694732666 39.8588409423828 39.5199890136719 39.4908142089844 39.6301803588867 39.505069732666 39.2534103393555 38.932991027832 39.0399436950684 39.0780029296875 38.8478507995605 38.4517936706543 37.8308029174805 37.9654197692871 38.083065032959 38.1702766418457 38.3100318908691 38.296314239502 38.0101089477539 38.5758819580078 38.2496070861816 38.125545501709 37.7148590087891 37.983455657959 37.8186187744141 37.5548553466797 36.7468109130859 36.3132362365723 36.5533828735352 36.2849502563477 35.8243141174316 35.3663139343262 34.7401390075684 34.4350471496582 37.1946640014648 38.3417663574219 38.6550064086914 38.0985717773438 37.5291748046875
40.6171569824219 40.3736000061035 39.7591438293457 40.0935668945312 40.1206970214844 39.7414474487305 39.4700050354004 39.8195419311523 39.9188575744629 39.6492729187012 39.5255889892578 39.7231140136719 39.5712127685547 39.3208847045898 38.7540740966797 39.1576156616211 39.061164855957 38.6739654541016 38.2039833068848 37.8409805297852 37.9075965881348 38.0994262695312 38.3385810852051 38.3192367553711 38.5401840209961 38.4333992004395 38.4709091186523 37.840747833252 37.8202438354492 36.9232444763184 37.5069198608398 37.8731079101562 37.9315414428711 37.6502952575684 37.3515281677246 37.2843360900879 36.5906867980957 36.1786231994629 35.8978042602539 35.2084426879883 34.7771224975586 36.8871002197266 38.2851638793945 38.6546936035156 38.2515487670898 36.6281814575195
40.7872428894043 40.5349159240723 40.1956977844238 40.3051910400391 40.231861114502 39.8875770568848 39.3027420043945 39.7489738464355 39.8733253479004 39.954776763916 39.8828430175781 39.7275543212891 39.3489570617676 39.4230308532715 39.3773765563965 39.2377281188965 39.0486602783203 38.5674057006836 38.3726692199707 38.1038970947266 37.6022071838379 37.7562141418457 38.1318359375 38.4339065551758 38.7034378051758 38.623420715332 38.6114196777344 38.1564254760742 37.8449058532715 36.8427810668945 36.8346290588379 36.9150924682617 37.6827049255371 37.802303314209 37.416389465332 37.3121795654297 36.831859588623 35.6748123168945 35.8645362854004 35.4858856201172 35.3408241271973 36.7688674926758 38.1537933349609 38.5056457519531 38.3175048828125 37.0054702758789
40.7920341491699 40.6705360412598 40.4106979370117 40.4033584594727 40.3381156921387 40.0863265991211 39.5568695068359 39.4203834533691 39.6563873291016 39.9130744934082 39.984188079834 39.713191986084 39.1223411560059 39.2928123474121 39.4671974182129 38.8676261901855 38.7992134094238 38.1408462524414 38.0623359680176 37.8486747741699 37.264274597168 37.6495018005371 38.0010757446289 38.4485244750977 38.8204345703125 38.8118362426758 38.4453392028809 38.0643615722656 37.8998718261719 37.2528953552246 36.1342887878418 36.3655967712402 36.6380577087402 37.1191177368164 37.4217681884766 36.9138031005859 36.956859588623 36.2170829772949 35.3673515319824 35.5991668701172 35.7670211791992 36.6713256835938 37.4815673828125 38.2644729614258 38.2100067138672 36.7632522583008
40.6190872192383 40.763313293457 40.6049118041992 40.5335121154785 40.3931312561035 40.1564903259277 39.8160705566406 39.3873519897461 39.509822845459 39.9210319519043 40.0344047546387 39.9641227722168 39.767448425293 39.6200866699219 39.2933807373047 38.626823425293 38.7661247253418 38.5417785644531 38.6409034729004 37.8418083190918 37.8285179138184 37.6820335388184 37.7541389465332 38.3095169067383 38.781307220459 38.9136772155762 38.1246452331543 37.3816032409668 37.441104888916 37.3501510620117 36.8425407409668 36.35888671875 35.982723236084 36.3644790649414 37.1117324829102 36.5926933288574 36.3811302185059 36.3285598754883 35.5242347717285 35.2421264648438 35.4200325012207 35.490104675293 36.2395324707031 37.5185623168945 37.8738212585449 36.8653335571289
40.3886108398438 40.6996040344238 40.7313041687012 40.5836067199707 40.3814163208008 40.2500534057617 40.0472412109375 39.6249542236328 39.3129577636719 39.8730430603027 40.0549621582031 39.6896667480469 39.0559272766113 39.0963439941406 39.1681327819824 39.129150390625 39.1316223144531 38.9916610717773 38.7972145080566 38.5157661437988 38.2226676940918 37.6620674133301 37.9326858520508 38.6206893920898 38.9782752990723 38.8746643066406 38.2625312805176 38.1180038452148 37.6786575317383 37.2342262268066 36.1654930114746 35.8231315612793 36.7241744995117 36.5939826965332 36.4077796936035 36.1988296508789 36.0002479553223 36.2363624572754 35.7677116394043 35.1256332397461 35.1451568603516 34.6538352966309 35.3724670410156 36.3346176147461 36.5830917358398 36.0517463684082
40.1200485229492 40.3577346801758 40.7586517333984 40.6486778259277 40.5078392028809 40.4078903198242 40.2133560180664 39.8692893981934 39.826717376709 40.0077896118164 40.110279083252 39.7640838623047 39.4596366882324 38.7972183227539 38.9306259155273 39.1619567871094 39.2440338134766 39.3968200683594 38.9963073730469 38.8099746704102 38.4515495300293 38.1177711486816 38.165885925293 38.6300926208496 38.9780502319336 38.8814468383789 38.2748146057129 37.6339225769043 36.7715263366699 36.7580718994141 36.438907623291 36.3770790100098 37.0904846191406 36.8629531860352 36.092399597168 35.8651161193848 36.2526893615723 35.9994812011719 35.6663551330566 35.1878890991211 35.2256240844727 34.9885711669922 34.6897735595703 35.2992401123047 35.6554489135742 35.9069557189941
39.987060546875 40.013786315918 40.7438888549805 40.7143478393555 40.6140098571777 40.4807090759277 40.3040580749512 39.9923477172852 40.0027122497559 40.2333106994629 40.1686134338379 39.9794158935547 39.6469688415527 39.2044296264648 39.0991439819336 39.3447036743164 39.5847396850586 39.561393737793 39.3216705322266 38.9104766845703 38.4600982666016 38.1560096740723 38.2805519104004 38.3945426940918 38.5640106201172 38.8324203491211 37.983211517334 37.2996673583984 36.7687759399414 36.9609222412109 37.0058784484863 36.9194107055664 37.2598876953125 36.799129486084 36.5751495361328 36.4883995056152 36.1111679077148 35.6008377075195 36.0363845825195 36.2197113037109 35.8409423828125 35.4421081542969 34.9923248291016 35.362621307373 35.7990646362305 36.1226348876953
40.1327629089355 40.5338745117188 40.7406463623047 40.6790885925293 40.6597938537598 40.5510635375977 40.4015274047852 40.0569076538086 40.1132926940918 40.3590888977051 40.1717414855957 40.0897407531738 39.8876266479492 39.9309120178223 39.8290176391602 39.7942276000977 39.7774391174316 39.6945304870605 39.4856948852539 39.0219841003418 38.7723121643066 38.8908615112305 39.0972862243652 39.2772216796875 39.1359939575195 38.7623672485352 38.5663261413574 38.1458206176758 37.8219528198242 37.6520309448242 37.6925354003906 37.5009422302246 37.4063186645508 36.9071502685547 36.417781829834 36.0227165222168 35.5488510131836 36.4798622131348 36.710205078125 36.65234375 35.5062370300293 35.4272232055664 35.0091819763184 34.7682800292969 35.8671875 36.3279151916504
40.5403060913086 40.6871299743652 40.7172431945801 40.6214752197266 40.6060028076172 40.6182518005371 40.5403671264648 40.419376373291 40.2239799499512 40.3230857849121 40.2788276672363 40.1958312988281 40.0681762695312 39.962833404541 39.8533592224121 39.7691268920898 39.8657302856445 39.7766799926758 39.6375503540039 39.5239906311035 39.4194869995117 39.3658561706543 39.1758689880371 39.2582359313965 38.867805480957 37.9902420043945 37.921329498291 37.5614585876465 37.0750465393066 37.7221870422363 37.9428825378418 37.8919982910156 37.2475700378418 36.9777565002441 36.8637390136719 36.803050994873 36.7693481445312 36.4941215515137 37.0060348510742 37.2790107727051 36.833553314209 36.4340286254883 35.8887825012207 35.417423248291 36.299732208252 36.704231262207
39.8801956176758 40.3548355102539 40.7004890441895 40.6153678894043 40.4840660095215 40.5398864746094 40.4786605834961 40.3174247741699 39.9397315979004 39.9634399414062 40.2309036254883 40.0448417663574 39.576602935791 39.704418182373 39.8445320129395 39.3557090759277 39.7021942138672 39.8449363708496 39.7836570739746 39.7229537963867 39.6573333740234 39.2925720214844 38.7336654663086 39.0502662658691 38.8898277282715 38.6449279785156 38.5560111999512 38.2618446350098 37.9401054382324 38.1463775634766 38.0944900512695 37.857120513916 37.4690208435059 37.6587867736816 37.6129875183105 36.813591003418 37.2647743225098 36.5442695617676 36.8028411865234 37.4245872497559 37.3941345214844 37.1605110168457 36.5259208679199 35.8221092224121 36.3395767211914 36.9616813659668
39.1094665527344 39.9852447509766 40.610164642334 40.6922798156738 40.6093368530273 40.5627098083496 40.4540672302246 40.3419570922852 40.139518737793 39.6816673278809 39.3208770751953 39.9368057250977 39.2042007446289 38.9226455688477 39.6579170227051 39.3360481262207 39.2947731018066 39.6806526184082 39.6873474121094 39.6706848144531 39.661262512207 39.6180305480957 39.4841575622559 39.268684387207 38.8979721069336 38.5586891174316 38.5468597412109 38.486743927002 38.4234046936035 38.2549209594727 38.0978927612305 37.7400360107422 37.4955749511719 38.0138740539551 37.8975639343262 37.6604843139648 37.6508293151855 37.1670875549316 36.8651084899902 37.4133987426758 37.5596199035645 37.0203399658203 35.9642448425293 35.0303955078125 35.3954925537109 36.8178901672363
40.0084609985352 39.8348350524902 40.324405670166 40.4592247009277 40.6221618652344 40.5763664245605 40.4552459716797 40.3204383850098 40.1724891662598 39.9087905883789 39.3415260314941 39.6806564331055 38.7683029174805 38.5448188781738 39.1747093200684 39.0377426147461 38.4337959289551 39.3544311523438 39.3337249755859 39.3014373779297 39.5013580322266 39.6131019592285 39.5143165588379 39.1415100097656 38.4275207519531 37.9340591430664 37.5890312194824 37.8618621826172 38.3066673278809 37.8173179626465 37.6253242492676 36.9829444885254 37.558910369873 38.236686706543 38.0708122253418 37.898193359375 37.9180488586426 37.5541572570801 37.2412300109863 37.4617500305176 37.6127700805664 36.6797904968262 35.8572006225586 36.1054229736328 36.3846168518066 36.8587036132812
40.1235275268555 40.3926048278809 40.4398727416992 40.4272079467773 40.5221977233887 40.5538787841797 40.4807472229004 40.3935928344727 40.2459411621094 39.8427391052246 39.4933586120605 39.1535377502441 38.7971611022949 38.4788246154785 38.9051055908203 38.7720489501953 38.770565032959 38.6124153137207 38.3871231079102 38.359546661377 39.308162689209 39.5129356384277 39.479808807373 39.3755912780762 38.8721313476562 37.9117393493652 36.7349853515625 37.4116172790527 38.0612335205078 37.2711029052734 37.5690498352051 38.0262069702148 38.2508544921875 38.4576568603516 38.3718338012695 38.1962203979492 37.7922668457031 37.1086120605469 37.4653511047363 37.6376304626465 37.8819694519043 37.5807762145996 37.453540802002 37.424129486084 37.3735694885254 36.91064453125
40.3469085693359 40.3045616149902 40.1610069274902 40.2246589660645 40.5849914550781 40.4812316894531 40.4736633300781 40.4443740844727 40.3510818481445 40.0407333374023 39.0924835205078 39.1480827331543 38.771842956543 37.8187065124512 38.423526763916 38.2191581726074 38.0569915771484 37.4769477844238 38.1591529846191 38.4536552429199 39.3381614685059 39.3390007019043 39.4355926513672 39.5045738220215 38.7921752929688 37.9079399108887 36.9407157897949 37.575267791748 38.0609397888184 37.6476860046387 38.0348091125488 38.3735656738281 38.6655082702637 38.6550559997559 38.2883987426758 38.0658073425293 37.7577896118164 37.530216217041 37.9383926391602 37.9936790466309 38.0123023986816 37.9249992370605 37.819694519043 37.2927627563477 36.6092872619629 36.5693206787109
40.4785766601562 40.4383697509766 40.4035110473633 40.2640609741211 40.6136131286621 40.5970268249512 40.5268363952637 40.4646835327148 40.3924865722656 40.2935485839844 40.0068664550781 39.3730010986328 38.6635818481445 37.6639022827148 37.9199638366699 37.8775520324707 37.4942626953125 37.7273139953613 37.922721862793 38.7551040649414 39.3766708374023 39.0179176330566 39.5704879760742 39.4301223754883 38.9362525939941 38.7266807556152 37.841236114502 37.9216270446777 38.1894111633301 38.0360336303711 38.5095520019531 38.4652633666992 38.8019981384277 38.7304878234863 38.5965270996094 38.3871765136719 37.7034492492676 37.8254699707031 38.0200614929199 38.0028686523438 38.016918182373 37.8832969665527 37.8164520263672 37.3998336791992 37.3295593261719 37.2163352966309
