inst/extdata/Tmax/Tmax39.asc
NCOLS 100 
NROWS 79 
XLLCORNER 148.06 
YLLCORNER -21.49 
CELLSIZE 0.01 
NODATA_value -3.4e+38 
[rows 0 to 19 of 79, columns 0 to 45 of 100]
25.290954589843800 25.3526515960693 24.5964965820312 25.5977668762207 25.6132106781006 25.9174251556396 25.930362701416 25.6689929962158 25.4144496917725 25.5448589324951 25.0736846923828 25.0518417358398 25.0480995178223 23.8883514404297 24.3346633911133 24.703914642334 24.9244499206543 24.9590015411377 23.5528354644775 22.9516143798828 22.0342407226562 20.6314392089844 21.1227188110352 22.521656036377 23.1479606628418 23.773416519165 23.3455772399902 23.3022403717041 23.5337066650391 23.1242828369141 21.0378761291504 19.0656261444092 17.1384830474854 17.2693367004395 15.9885778427124 14.632360458374 14.1925659179688 13.8609771728516 14.5498542785645 16.4870872497559 18.1521377563477 18.5143909454346 19.1712646484375 24.7671184539795 24.4134883880615 23.4244174957275
25.9102802276611 24.8449039459229 23.4159069061279 24.1165294647217 24.0796642303467 25.1348457336426 25.6147041320801 25.788667678833 26.3470611572266 26.418737411499 25.8023643493652 24.816427230835 25.4436187744141 24.3758945465088 24.6362400054932 24.2897567749023 25.1126670837402 24.9067935943604 24.0709209442139 23.1240901947021 23.3523063659668 22.5252361297607 22.2473888397217 22.6801471710205 23.1442317962646 23.6458587646484 24.0352516174316 23.9871368408203 23.6431713104248 23.1781921386719 22.0408020019531 20.0628490447998 17.8789234161377 20.1483669281006 16.889762878418 15.5380535125732 14.911937713623 15.866307258606 16.9914493560791 17.7891979217529 19.2292613983154 19.3136100769043 22.5311813354492 23.3446216583252 23.9913902282715 22.8835430145264
25.7241382598877 24.7216358184814 24.7433815002441 25.2919731140137 24.6362991333008 24.9859046936035 25.4126243591309 25.9448127746582 26.3524131774902 26.4160003662109 25.8810348510742 25.125581741333 25.4232788085938 24.9761581420898 24.3881778717041 24.403736114502 24.4996852874756 24.7918720245361 23.9509811401367 23.4365997314453 22.911003112793 23.1627311706543 22.6479454040527 22.9374771118164 23.7889499664307 23.9698791503906 23.9474792480469 23.9119338989258 24.0997447967529 23.5212688446045 23.7602977752686 22.3273887634277 23.3514442443848 20.1795272827148 22.134651184082 16.1830501556396 15.1629667282104 14.8412771224976 15.9929323196411 17.1085319519043 18.7185020446777 25.0350303649902 24.9969367980957 21.6324462890625 21.4936294555664 24.0510482788086
26.2681179046631 26.0340785980225 25.0689144134521 26.1373538970947 25.3395862579346 24.8025894165039 25.408821105957 25.8666572570801 26.1832275390625 26.344898223877 26.1140918731689 25.5816593170166 25.4658374786377 25.4544448852539 25.069408416748 24.9866313934326 25.1197280883789 24.6785583496094 24.4582443237305 23.4371566772461 23.1581344604492 22.8733940124512 22.9695701599121 22.9790344238281 23.6136493682861 23.8519096374512 23.7714385986328 23.769947052002 23.4324989318848 22.5958366394043 22.7851428985596 23.8435974121094 22.4861602783203 20.3274078369141 16.3861045837402 15.4362354278564 15.6335773468018 15.0458631515503 14.9941034317017 14.501748085022 16.142219543457 18.4389915466309 22.051176071167 25.6449813842773 19.7902984619141 19.8523635864258
26.9718837738037 26.146297454834 25.9736347198486 26.5236186981201 26.1098327636719 25.5953559875488 24.9847087860107 25.9655170440674 26.7985610961914 26.0510158538818 26.2335681915283 25.9312076568604 25.8507385253906 25.6881694793701 25.1945819854736 24.8520927429199 24.8556785583496 24.2926979064941 23.5780391693115 22.7681121826172 22.7962226867676 23.2806625366211 23.305305480957 23.5342826843262 23.2378425598145 23.1503982543945 24.3705005645752 23.5846786499023 23.4364681243896 23.6119480133057 22.985294342041 23.1655120849609 22.3871746063232 21.4611206054688 21.9679069519043 17.0614719390869 16.5570526123047 16.0394496917725 14.6843719482422 14.578875541687 14.4091854095459 17.9536666870117 21.2552356719971 23.3430252075195 19.1543846130371 18.2482814788818
27.4935035705566 26.8575534820557 26.0796451568604 26.4230403900146 26.6179275512695 26.0203399658203 25.9637813568115 26.2279663085938 26.4202041625977 26.2038383483887 26.0666618347168 26.5007495880127 26.0195655822754 25.5069847106934 24.5548610687256 24.8631591796875 24.7798938751221 23.9735584259033 23.2372398376465 22.6331615447998 22.6838359832764 23.3482513427734 23.4444637298584 23.3660926818848 24.1457996368408 23.7418117523193 23.8659400939941 22.8348064422607 22.6495685577393 21.9715328216553 21.1089344024658 22.1132507324219 22.7805595397949 21.895715713501 21.4546890258789 21.7689781188965 17.1743583679199 16.6005363464355 16.0719146728516 15.5018682479858 14.641016960144 17.0288887023926 22.2738704681396 21.3661403656006 19.4238395690918 16.5151824951172
26.5512046813965 27.1147232055664 26.9530754089355 27.271203994751 26.7406711578369 26.367130279541 25.421817779541 25.7656517028809 26.3536281585693 26.5435771942139 26.7729511260986 26.7599086761475 25.7111129760742 25.1826801300049 25.0946502685547 25.1068305969238 24.5857810974121 23.8237037658691 23.3245468139648 22.7754974365234 22.1566963195801 22.8387413024902 23.3256168365479 23.5888328552246 23.905611038208 24.2537574768066 24.1494235992432 23.2595767974854 23.0297622680664 21.2342662811279 20.3646812438965 19.5477523803711 20.806921005249 21.6122913360596 21.4666175842285 21.022798538208 17.5167942047119 15.7815570831299 15.8875732421875 15.729061126709 15.6629085540771 17.3313159942627 23.075023651123 24.2557067871094 19.6760234832764 22.2443428039551
27.1983299255371 26.6585216522217 27.3786201477051 27.5053215026855 26.871826171875 26.592134475708 25.5374660491943 25.6369800567627 26.2028942108154 26.406436920166 26.3589057922363 26.1403846740723 25.3179264068604 25.824010848999 25.6980857849121 24.4136409759521 24.0915966033936 23.2951374053955 23.7724494934082 22.5749988555908 21.5559959411621 22.1622009277344 22.6723747253418 23.6897850036621 23.9811916351318 24.2430896759033 23.984806060791 23.019157409668 22.603588104248 22.0887584686279 19.9415874481201 19.5038146972656 20.2352924346924 20.0413665771484 20.5876331329346 20.8420886993408 16.8168144226074 15.9027557373047 15.4578351974487 15.9116315841675 16.0528163909912 17.1279315948486 18.1504917144775 19.4177398681641 19.5287189483643 17.1837196350098
26.4330558776855 27.0876140594482 26.7169342041016 26.865348815918 26.762414932251 26.6968250274658 26.255241394043 25.4751510620117 25.8628845214844 26.313419342041 26.4609355926514 26.8638610839844 27.0623760223389 25.9085731506348 25.48171043396 24.1736545562744 23.9837665557861 23.879430770874 24.1040725708008 22.7639865875244 22.7566661834717 22.3595848083496 22.6929817199707 23.5757751464844 24.0773525238037 24.3676834106445 23.3664951324463 21.7457447052002 22.197732925415 22.0395450592041 20.9766635894775 19.9833545684814 19.642032623291 19.007884979248 21.6153926849365 19.5699062347412 20.4240341186523 20.6999549865723 15.6171751022339 15.4358825683594 15.5132894515991 15.6979846954346 16.2118301391602 17.8216457366943 18.5468330383301 17.1059379577637
25.7811756134033 26.7296333312988 26.9515533447266 27.403636932373 26.739070892334 26.8031711578369 26.3263416290283 25.8043441772461 25.9632930755615 25.9505805969238 26.391918182373 26.4091835021973 25.3136539459229 25.2243976593018 25.1924285888672 24.9461612701416 24.7815170288086 24.4710559844971 23.9276828765869 23.7513561248779 23.7333087921143 22.8525295257568 23.2630710601807 24.0818138122559 24.8115844726562 24.6937808990479 23.5398597717285 22.9554252624512 22.189905166626 21.0370407104492 20.1424980163574 19.741735458374 19.8705139160156 20.5094184875488 20.9043731689453 19.2043266296387 16.1928577423096 19.5407180786133 16.1870708465576 15.17311668396 15.1580200195312 14.7717084884644 15.4168710708618 16.4971199035645 16.5413112640381 16.2509479522705
26.0923671722412 27.1187610626221 27.0402565002441 26.5056190490723 27.2223682403564 27.3716297149658 26.7869262695312 26.1855754852295 26.2646198272705 26.256441116333 26.6029071807861 26.0120868682861 25.721981048584 24.5622291564941 24.7168426513672 24.7515811920166 24.7015113830566 24.8508739471436 24.4066581726074 24.3526649475098 23.2078018188477 23.1232643127441 22.9552249908447 23.848217010498 24.1524696350098 24.9718914031982 23.3042659759521 21.4396514892578 20.6619491577148 20.4686107635498 20.04518699646 20.4870853424072 21.2286376953125 21.1445274353027 20.5589408874512 18.764066696167 16.3624324798584 16.0210494995117 15.9980850219727 15.1713695526123 15.2676858901978 14.7880401611328 14.6269369125366 15.4121751785278 15.8992080688477 16.2241516113281
26.5769824981689 25.9952125549316 26.6937637329102 26.8270034790039 26.8826179504395 27.7987766265869 27.0825080871582 26.3190479278564 26.1309337615967 26.4160556793213 26.1091690063477 26.5712604522705 26.1849765777588 25.6067447662354 25.3617305755615 25.1593189239502 25.3945960998535 25.1874942779541 24.942834854126 24.2335910797119 23.4020938873291 22.9441814422607 23.4026718139648 23.3674640655518 23.2169818878174 23.81223487854 22.2426261901855 21.4544696807861 20.8785762786865 21.1447601318359 21.429162979126 21.4001083374023 21.363431930542 20.8349418640137 20.732837677002 19.6541938781738 20.4071044921875 15.3769207000732 16.0177459716797 16.2640819549561 16.0229301452637 15.6711559295654 14.7685747146606 15.5376386642456 15.8140554428101 15.9033756256104
26.7023143768311 26.830753326416 26.8632869720459 27.5636901855469 27.4410419464111 27.4953937530518 26.8171100616455 26.0737991333008 26.4108276367188 27.4075298309326 26.3912258148193 26.7308120727539 26.0338439941406 26.5213413238525 26.0420112609863 25.7288208007812 26.2183570861816 25.6806793212891 25.3904647827148 24.0866146087646 23.8566799163818 24.265926361084 24.333028793335 24.7816028594971 24.625150680542 24.0708503723145 23.6770362854004 22.8436069488525 22.0126304626465 21.6866760253906 22.5266628265381 22.2236404418945 22.054256439209 21.5353260040283 20.1660900115967 19.4107704162598 18.2342586517334 19.6554985046387 18.5705127716064 16.8885116577148 15.3391513824463 15.0864171981812 14.6439819335938 14.3665590286255 16.1252784729004 16.4910755157471
27.3957405090332 27.6376514434814 26.3552131652832 26.8321475982666 26.4141998291016 26.4410057067871 27.1778335571289 26.592809677124 26.7754917144775 26.7316379547119 26.6799411773682 26.4951953887939 26.1147842407227 25.648738861084 25.9703903198242 25.5726165771484 25.97047996521 25.6766262054443 25.4687080383301 24.8018112182617 24.9944190979004 25.0527858734131 24.776969909668 24.9044933319092 24.1282329559326 22.3966770172119 21.987964630127 21.924596786499 21.2038249969482 21.6424560546875 22.5369510650635 22.3235855102539 21.8093433380127 21.0251979827881 20.3514518737793 21.8990592956543 20.4116439819336 16.6903305053711 20.8488235473633 22.2181167602539 21.4120979309082 16.8084373474121 15.8636980056763 15.6440467834473 16.252628326416 17.1011505126953
25.8751258850098 26.0976486206055 26.6485767364502 27.0534133911133 26.7915477752686 26.6232242584229 26.6262493133545 27.3011207580566 26.2108516693115 25.9838237762451 26.0830268859863 25.8414897918701 25.1883926391602 25.1198120117188 25.4333019256592 24.8775310516357 25.7098579406738 25.772876739502 25.6015529632568 25.6907634735107 25.4062175750732 24.7237148284912 23.940975189209 24.0713195800781 23.9394645690918 23.7548332214355 23.4575595855713 22.8652019500732 22.2915210723877 22.9873561859131 22.3333187103271 22.6635494232178 22.4504432678223 22.5068893432617 22.1221866607666 20.6636047363281 21.3854713439941 20.8708801269531 20.6700878143311 22.163782119751 21.8935489654541 21.9326324462891 16.7674827575684 15.8632459640503 16.3533802032471 17.3810291290283
24.2845191955566 25.7883224487305 26.7736053466797 26.4992828369141 27.1913795471191 27.1460628509521 26.9131717681885 26.4785861968994 27.0310363769531 26.4843864440918 25.0115814208984 25.8082313537598 24.6153469085693 23.7873039245605 24.9123306274414 24.7375717163086 24.1869716644287 24.8567123413086 25.6309204101562 25.371898651123 25.2269420623779 25.0223751068115 24.9091663360596 24.8564949035645 24.4788036346436 24.0820045471191 24.2806396484375 23.8276195526123 23.6454639434814 23.3091983795166 23.0682125091553 22.3950653076172 22.3659400939941 22.8820095062256 22.7031288146973 22.5672645568848 22.9770355224609 21.2887153625488 22.5731449127197 23.1402606964111 22.4555034637451 20.9356632232666 15.9358329772949 14.9380950927734 15.592432975769 16.5650405883789
25.5462036132812 24.4464683532715 25.8746852874756 26.9051380157471 25.9580764770508 25.9291458129883 27.0853958129883 26.3506717681885 26.2627105712891 26.5540180206299 25.4225883483887 25.4340515136719 24.157283782959 23.539644241333 24.4778919219971 23.4590606689453 23.2905654907227 24.3865585327148 24.4138774871826 24.6514511108398 25.1962394714355 25.1561946868896 24.6091499328613 24.5972213745117 23.8410568237305 23.2235469818115 22.6180400848389 23.0224723815918 23.6444053649902 22.5808258056641 22.2120552062988 21.5320320129395 21.8802394866943 22.7420177459717 22.9595241546631 22.6865406036377 23.2151031494141 23.2039775848389 22.6855983734131 22.1752758026123 22.4095726013184 20.7443962097168 19.4833106994629 16.4848480224609 15.9838981628418 16.8274936676025
25.945650100708 25.8442497253418 25.9123020172119 27.082836151123 26.3764972686768 26.790246963501 27.3232555389404 27.3399448394775 27.5656051635742 27.2405052185059 26.8722267150879 26.3825225830078 24.3952827453613 23.7515678405762 24.200174331665 23.6502208709717 23.3469257354736 23.182201385498 22.469202041626 23.6990413665771 24.6455039978027 25.454273223877 25.6988353729248 25.0789947509766 23.6979064941406 22.0905094146729 21.2434787750244 21.9710788726807 22.9718246459961 22.4448165893555 22.2476787567139 23.1189155578613 23.0321140289307 23.0232219696045 23.6901187896729 22.7744903564453 22.3015174865723 22.2179012298584 22.7891445159912 22.8372097015381 23.2508888244629 22.8307361602783 21.6675109863281 21.1703910827637 18.3605670928955 17.9030475616455
26.9964332580566 25.771068572998 25.3468780517578 25.9345397949219 26.1481227874756 26.7355842590332 27.5588073730469 26.7757339477539 27.6577663421631 27.2508373260498 25.8578777313232 26.1055850982666 25.1149749755859 22.2727470397949 22.6874122619629 21.9395446777344 22.3519439697266 21.6930160522461 22.8691673278809 23.9403514862061 25.221399307251 25.0029468536377 25.5520401000977 25.4897346496582 24.0722389221191 22.6980304718018 21.1594219207764 21.67551612854 23.267650604248 22.4252510070801 22.7814807891846 23.5509719848633 24.4099922180176 24.3850326538086 23.5347366333008 23.1353149414062 22.584077835083 22.6132698059082 23.3617038726807 23.3331508636475 23.4006576538086 23.2832374572754 22.9597244262695 22.7393817901611 20.9360866546631 17.8561458587646
25.9000453948975 25.9356212615967 26.3179569244385 25.9816646575928 26.7365550994873 26.6308650970459 27.5457553863525 27.5210437774658 26.4784545898438 26.792013168335 27.109489440918 26.2437019348145 25.1961421966553 21.9086151123047 22.4184379577637 22.5201225280762 22.0456218719482 22.4021835327148 22.4449405670166 23.6800022125244 24.9784164428711 24.6468410491943 25.2907791137695 25.3397598266602 24.8234405517578 23.8150882720947 22.5637149810791 22.2840843200684 23.0431728363037 23.2880420684814 24.0043029785156 24.4362525939941 24.4048347473145 24.4127235412598 24.4725112915039 23.4432888031006 22.6241664886475 22.5243320465088 22.5496692657471 23.0267295837402 23.8057708740234 23.3744010925293 22.392147064209 22.5253009796143 21.4347743988037 20.8443908691406
