inst/extdata/Tmax/Tmax147.asc
NCOLS 100 
NROWS 79 
XLLCORNER 148.06 
YLLCORNER -21.49 
CELLSIZE 0.01 
NODATA_value -3.4e+38 
[rows 20 to 39 of 79, columns 46 to 91 of 100]
39.276481628418 37.4393081665039 37.666187286377 39.142147064209 38.8746032714844 38.2662887573242 37.9723854064941 36.7247352600098 38.6718368530273 40.1871070861816 41.2371368408203 40.775074005127 40.7457122802734 41.3577728271484 41.0095481872559 40.7214622497559 40.9942626953125 41.5489692687988 41.6969718933105 41.693717956543 41.6098976135254 41.4880142211914 41.7660179138184 41.8399200439453 41.7809181213379 41.6756973266602 41.5627708435059 41.5856742858887 41.5412788391113 41.2082633972168 41.2461357116699 41.4997940063477 41.3912773132324 41.1159934997559 41.1051330566406 41.0432205200195 40.9470748901367 40.9286193847656 40.9040451049805 40.8709716796875 40.7719039916992 40.5732116699219 39.9621810913086 39.7967720031738 39.9874382019043 39.9576072692871
39.5887413024902 37.42333984375 36.2398834228516 38.0125885009766 37.871036529541 37.2733421325684 38.1994132995605 36.2175712585449 37.5209617614746 39.701099395752 40.9805488586426 39.6360359191895 38.965446472168 40.812873840332 39.6152420043945 39.2312622070312 40.1101493835449 41.4163208007812 41.4179306030273 41.826358795166 41.9013137817383 41.8909454345703 41.6786270141602 41.3338317871094 41.3189163208008 41.3636856079102 41.5166282653809 41.4790382385254 41.3808860778809 41.2927284240723 41.5616111755371 41.6002044677734 41.5352897644043 41.1659851074219 41.2333030700684 41.1603927612305 41.0200271606445 41.0193481445312 41.0157699584961 41.0086212158203 40.8432273864746 40.7059326171875 40.4864044189453 40.2688026428223 40.122257232666 40.0897941589355
40.2268218994141 39.7276229858398 37.7341346740723 37.0428009033203 36.5634918212891 37.7472915649414 37.1116752624512 37.3834075927734 36.7278938293457 37.7403450012207 40.062931060791 40.4682655334473 38.9077606201172 39.3151817321777 38.955135345459 39.5164413452148 40.5858039855957 40.9843521118164 39.623966217041 40.9022979736328 41.6813583374023 41.7448539733887 41.131706237793 40.2987403869629 40.8921699523926 40.8541679382324 41.4347686767578 41.6152572631836 41.3062171936035 41.5047836303711 41.6489906311035 41.6845588684082 41.6730537414551 41.5947761535645 41.4747886657715 41.2656402587891 41.0729064941406 40.9343566894531 41.000373840332 41.085807800293 40.9411354064941 40.8553009033203 40.5731811523438 40.4408302307129 40.301628112793 40.4178161621094
39.5847625732422 39.4140090942383 38.7610511779785 37.9104652404785 36.3606796264648 37.0973854064941 37.7981910705566 38.0125122070312 37.7461395263672 37.2603340148926 38.6916465759277 38.6667823791504 39.5949668884277 37.8570327758789 38.7406463623047 40.2617607116699 40.2307014465332 40.6068267822266 39.2276611328125 41.3073616027832 42.0498046875 41.9300765991211 40.9830551147461 39.6240081787109 40.8575744628906 41.0071220397949 41.103271484375 41.5589828491211 41.7474060058594 41.7999954223633 41.7911987304688 41.8093452453613 41.7737312316895 41.6724319458008 41.5592002868652 41.3755149841309 40.9451484680176 40.5903129577637 40.7243309020996 40.9859352111816 40.9300308227539 40.972354888916 40.705638885498 40.6724891662598 40.4182357788086 40.4257507324219
37.5056114196777 38.9389457702637 39.3185577392578 39.0632438659668 37.9642295837402 37.2655715942383 37.2708053588867 36.9270515441895 37.9047431945801 37.3141479492188 37.3032455444336 36.7879981994629 38.8671646118164 39.7550315856934 38.9047203063965 39.9736404418945 40.7573432922363 41.3372268676758 41.0229454040527 42.0344314575195 42.0111999511719 41.8553085327148 41.161994934082 40.3166809082031 41.1021728515625 41.369743347168 41.0596008300781 41.1491241455078 41.2504043579102 41.741813659668 41.555347442627 41.8766212463379 41.7421875 41.696102142334 41.6011810302734 41.235237121582 41.1395378112793 40.5554428100586 40.2605323791504 40.7241668701172 40.8369140625 40.9268264770508 40.7477836608887 40.8033714294434 40.861499786377 40.6909942626953
35.9880981445312 37.0042114257812 38.4626808166504 38.3780555725098 37.4537696838379 36.624683380127 36.2220573425293 35.6279335021973 36.8787498474121 37.5750045776367 36.9815521240234 37.2465019226074 38.7748603820801 40.7665672302246 40.2459945678711 40.3085746765137 40.463451385498 41.8467903137207 41.9377632141113 41.9183654785156 41.8838653564453 41.5637817382812 40.3102111816406 40.360969543457 40.4621505737305 41.0872802734375 40.8078079223633 40.1783027648926 40.809196472168 41.8534965515137 41.7733535766602 41.8861389160156 41.8389358520508 41.8038635253906 41.6620597839355 41.4865608215332 41.4991760253906 40.8914947509766 40.3626937866211 40.6903114318848 40.350959777832 40.4790496826172 40.1892700195312 40.8431549072266 40.8893394470215 40.8213768005371
35.8721542358398 35.7087059020996 36.4472427368164 37.1221618652344 37.8943099975586 35.4863090515137 35.2053871154785 36.0745086669922 36.6032257080078 37.4462394714355 37.4621772766113 37.9297103881836 39.8105545043945 40.7376670837402 41.2351417541504 41.3838539123535 41.5191268920898 42.0186767578125 41.6504096984863 41.4764022827148 41.4831924438477 41.032844543457 41.2157135009766 41.4804992675781 41.4839782714844 40.8540992736816 40.4225540161133 41.3322525024414 41.5849952697754 41.5382919311523 40.956714630127 41.6196098327637 41.7719841003418 41.8493232727051 41.8310546875 41.7179908752441 41.3865394592285 41.0478858947754 41.1194496154785 40.8695983886719 40.7207527160645 40.160831451416 40.6438789367676 40.8488464355469 40.7421989440918 40.5924072265625
36.0634536743164 35.533016204834 35.849666595459 36.1046333312988 36.6720962524414 34.9045562744141 34.6072845458984 35.0427665710449 36.3992767333984 37.2450752258301 36.6513214111328 37.3148918151855 38.3320770263672 39.5904197692871 41.0552825927734 40.7033157348633 41.8013076782227 42.0423774719238 41.3347091674805 40.5829086303711 41.2073440551758 41.4028091430664 41.7188720703125 41.9423141479492 42.0455780029297 41.6078262329102 41.5996322631836 41.9487571716309 42.007194519043 41.296501159668 40.8265914916992 41.369457244873 41.4741744995117 41.8803405761719 41.9201431274414 41.8402862548828 41.6834869384766 41.4644508361816 41.0583534240723 40.2739067077637 40.0148582458496 39.8811225891113 39.9123573303223 40.5739250183105 40.6014137268066 40.9494247436523
36.9838371276855 36.5354156494141 37.3552589416504 37.1872177124023 36.7556762695312 35.2797660827637 36.0962333679199 35.8263511657715 36.1492538452148 36.7995414733887 36.4736175537109 36.798168182373 36.9599494934082 39.3942337036133 40.678050994873 39.9316024780273 41.4445877075195 41.7316398620605 41.4161186218262 40.2757911682129 40.5244445800781 41.6247024536133 42.0179328918457 42.1373977661133 42.1530609130859 42.0350646972656 42.0445556640625 42.1521072387695 41.7673454284668 41.0521583557129 40.8911743164062 41.5537796020508 41.9641189575195 41.9951171875 41.98095703125 41.9346694946289 41.883472442627 41.7415008544922 41.4884376525879 40.3447113037109 39.7298583984375 38.9020195007324 39.8741416931152 39.8460083007812 40.7246017456055 41.0497589111328
38.794246673584 38.6326217651367 37.9867553710938 37.926944732666 37.3437995910645 36.7783813476562 36.4655952453613 35.4241027832031 36.0986442565918 35.5685882568359 35.040153503418 36.4439277648926 36.8403167724609 38.9417915344238 39.9817924499512 39.1843147277832 39.9374122619629 40.7371711730957 41.297550201416 41.166820526123 40.6859588623047 41.6609153747559 42.1228561401367 41.9210777282715 41.8896980285645 41.5571479797363 41.9631576538086 42.1988830566406 41.2758636474609 40.4135284423828 41.0532531738281 41.6192855834961 41.9615020751953 42.0349807739258 42.0410995483398 41.9648628234863 41.9371910095215 41.8397026062012 41.6481971740723 41.2581977844238 40.5549049377441 40.0414619445801 39.5928993225098 39.3830146789551 40.2441596984863 40.6972732543945
37.5668144226074 37.5799140930176 37.6233139038086 37.2261123657227 36.6931533813477 36.9372673034668 35.9822731018066 35.4417419433594 34.9004745483398 34.9931564331055 34.3537368774414 35.3185577392578 35.3108711242676 37.7778854370117 38.9198951721191 37.6221504211426 38.2379531860352 39.9240417480469 41.2763023376465 41.8259811401367 41.3179512023926 41.9239349365234 42.1234512329102 41.7195892333984 41.695068359375 41.8013038635254 42.2542533874512 42.2243309020996 41.6760139465332 41.0030403137207 41.3496475219727 41.6211700439453 42.0395431518555 42.0569152832031 42.0034866333008 41.9505729675293 41.9410133361816 41.8593788146973 41.7799606323242 41.5717849731445 41.2931747436523 40.7325668334961 40.332706451416 40.275016784668 40.480785369873 40.8559036254883
36.7592697143555 37.0480575561523 36.9281616210938 36.885871887207 35.9387016296387 36.7724113464355 35.7562866210938 34.4411888122559 33.8096199035645 34.2164192199707 33.852237701416 34.5672149658203 35.3969078063965 37.4737854003906 37.8332786560059 37.4113693237305 39.747142791748 40.7448654174805 41.5025901794434 41.978328704834 42.2302207946777 42.2808456420898 42.2180671691895 42.1230049133301 41.8984985351562 42.171012878418 42.2908821105957 42.1708564758301 41.7866668701172 41.1331939697266 41.1957397460938 41.7736740112305 41.9800567626953 41.50927734375 41.8714828491211 41.96142578125 41.9319152832031 41.8877067565918 41.8323135375977 41.7102317810059 41.3868598937988 40.6127510070801 40.9371948242188 40.9628791809082 40.8541679382324 40.7490615844727
36.0461502075195 36.3667449951172 36.2022972106934 36.4901695251465 36.585205078125 36.5751419067383 36.184139251709 35.0085830688477 35.108772277832 35.2165489196777 34.1249542236328 33.9137344360352 34.9168281555176 37.3964347839355 37.9963188171387 38.571907043457 38.6460762023926 39.565299987793 41.4864349365234 42.0750198364258 42.2441749572754 42.1917457580566 42.0360565185547 41.9821853637695 42.1321449279785 42.1917762756348 42.1610832214355 41.7632637023926 40.8063621520996 40.9797477722168 41.2838668823242 42.07861328125 41.802490234375 41.2253189086914 41.905876159668 41.8134956359863 41.8337669372559 41.877010345459 41.7687644958496 41.4728775024414 40.8532371520996 39.5462875366211 39.2692718505859 40.3274803161621 40.678783416748 40.9432830810547
36.7801513671875 36.2736320495605 36.1059226989746 36.2840309143066 36.4306221008301 36.3237533569336 35.845817565918 35.4453773498535 36.0594711303711 35.326976776123 35.1656455993652 35.1535530090332 35.9913864135742 37.3068008422852 37.4961357116699 38.3266067504883 39.4220504760742 40.6411247253418 41.5899543762207 42.0041046142578 42.3166198730469 42.2885780334473 41.7853775024414 41.4931488037109 41.7199325561523 41.5590133666992 41.6598739624023 41.8248023986816 41.7104606628418 41.6898880004883 41.9741249084473 42.2381134033203 41.6084403991699 41.5158233642578 42.0842628479004 41.5549201965332 41.6813545227051 41.6293182373047 41.6929969787598 41.3822708129883 39.9052429199219 39.1309661865234 38.5015563964844 40.3372459411621 40.8905029296875 40.6817817687988
37.264232635498 35.9599571228027 35.9111557006836 36.0316543579102 36.1800727844238 36.0194664001465 36.0428237915039 36.6466369628906 36.249626159668 35.4426193237305 36.6663284301758 37.2059364318848 37.4270820617676 36.7117195129395 36.7463188171387 37.9489135742188 39.3855018615723 40.8130073547363 40.9114570617676 41.735279083252 42.1767616271973 42.1947746276855 41.7121810913086 41.4654235839844 40.6512069702148 41.2121162414551 41.7345695495605 41.8853759765625 42.1183395385742 42.1243782043457 42.2748603820801 42.2122077941895 42.1732406616211 42.1958351135254 42.1439819335938 41.8727951049805 40.9162864685059 41.5130386352539 41.6929893493652 41.6327018737793 41.5591278076172 40.2755012512207 40.1031455993652 41.411937713623 41.6743202209473 41.6417808532715
37.334644317627 36.2420768737793 35.8810005187988 35.8046188354492 36.0291862487793 35.8171997070312 36.5387573242188 38.4451522827148 37.4476509094238 36.6584205627441 38.7957153320312 39.5568084716797 39.1350746154785 36.8901252746582 37.3698539733887 37.4885559082031 39.674072265625 39.7491111755371 39.6130065917969 40.5943717956543 41.7592163085938 41.9917297363281 41.6600685119629 41.651309967041 41.5177574157715 41.1555023193359 41.2304191589355 41.3781661987305 42.0738182067871 42.0353126525879 42.0921516418457 41.8964996337891 42.0946273803711 42.2370109558105 41.939567565918 41.8914985656738 41.2080841064453 41.3279037475586 41.5927848815918 41.4198913574219 41.8054389953613 41.7973937988281 41.6894378662109 41.7209243774414 41.8322105407715 41.6922492980957
37.0107765197754 36.3055229187012 36.0829315185547 36.2770233154297 36.2082290649414 36.293212890625 36.7732925415039 39.2280349731445 39.4421310424805 37.9281044006348 40.1412200927734 41.1697578430176 40.3975601196289 39.0591163635254 38.9811515808105 39.6435050964355 40.3813323974609 40.8776321411133 41.2138252258301 41.5323257446289 41.7342376708984 41.4612617492676 40.0591239929199 40.3604431152344 40.9154014587402 40.5048789978027 40.72802734375 41.6038398742676 41.9845199584961 42.1870002746582 41.0687561035156 41.0454292297363 41.8734092712402 42.1681022644043 41.6768913269043 41.6763801574707 40.8600845336914 41.3799514770508 41.5759353637695 41.4206809997559 41.8562393188477 41.9307899475098 41.9451141357422 41.9321212768555 41.8800888061523 41.527946472168
37.0456809997559 36.6022071838379 36.5566902160645 36.7235221862793 36.9553298950195 37.1082496643066 38.0576820373535 40.018871307373 39.8937149047852 39.3660545349121 40.8997116088867 42.0806198120117 41.2117919921875 39.9842185974121 39.3924255371094 41.2324447631836 41.61083984375 41.8273506164551 42.0362434387207 42.0604705810547 41.6046867370605 41.3305854797363 41.4403038024902 40.8641738891602 41.2112312316895 41.6764640808105 41.8946647644043 41.9713897705078 42.1811599731445 42.1051025390625 40.4154624938965 41.1606979370117 42.0155563354492 41.9298095703125 41.4860038757324 41.4148941040039 41.244686126709 41.754264831543 41.7744522094727 41.7738647460938 41.7157516479492 41.8706512451172 41.909610748291 41.9101333618164 41.8312759399414 41.7789306640625
37.003246307373 36.6769523620605 37.3092651367188 38.1968307495117 38.3332633972168 38.8614311218262 40.0908699035645 40.7687606811523 40.1107597351074 40.5350875854492 42.0450286865234 42.5778656005859 41.9990272521973 40.912467956543 40.093189239502 41.2078018188477 41.2052841186523 41.5178451538086 42.2860794067383 42.4911804199219 42.1532020568848 41.7992782592773 42.1477012634277 41.9453239440918 41.8070068359375 42.2686767578125 42.1599769592285 42.0720291137695 42.3319282531738 42.0957450866699 41.4322319030762 41.9125518798828 42.085334777832 41.766845703125 40.7976303100586 40.727596282959 41.0567588806152 41.789737701416 41.4846458435059 41.4543151855469 41.4470596313477 41.7324066162109 41.7038497924805 41.7565841674805 41.599967956543 41.7226486206055
37.068000793457 37.2938346862793 38.6225929260254 39.479076385498 40.2685089111328 41.2959365844727 41.9845085144043 41.2380142211914 39.1357460021973 39.8435478210449 41.4798851013184 42.6320037841797 42.1797370910645 41.8231735229492 40.8625106811523 41.8893508911133 42.0456924438477 41.3956832885742 42.20947265625 42.5656356811523 42.4833717346191 42.0286178588867 42.3735885620117 42.4764595031738 42.3131866455078 42.3807106018066 42.1846542358398 41.3947296142578 42.2212982177734 42.3604431152344 42.2443313598633 42.1253929138184 41.7929229736328 41.4364356994629 40.5567779541016 40.5871391296387 41.3613128662109 41.2865943908691 41.130973815918 40.9298934936523 41.0509033203125 41.353630065918 41.145637512207 41.5018005371094 41.0230331420898 41.387580871582
