inst/extdata/Tmax/Tmax25.asc
NCOLS 100 
NROWS 79 
XLLCORNER 148.06 
YLLCORNER -21.49 
CELLSIZE 0.01 
NODATA_value -3.4e+38 
[rows 20 to 39 of 79, columns 46 to 91 of 100]
22.8676242828369 21.4224739074707 21.0364227294922 22.0316219329834 21.7298603057861 21.4504852294922 20.4245090484619 19.5952625274658 21.5175933837891 23.0951709747314 23.6684074401855 24.0451068878174 23.9344425201416 24.5836181640625 23.5476016998291 24.0926074981689 24.2749080657959 24.6999168395996 25.9301357269287 25.7587089538574 27.5942649841309 29.7586765289307 30.8185882568359 30.4858589172363 28.9993305206299 29.393030166626 30.1370964050293 28.6248970031738 27.6870460510254 28.6030044555664 27.8134021759033 28.5176067352295 28.9130439758301 29.7897720336914 29.5082416534424 28.0928001403809 27.511417388916 27.4034175872803 28.8411674499512 30.1932601928711 29.232873916626 29.8088531494141 28.9637145996094 28.6434192657471 28.8602962493896 29.6248035430908
25.3087711334229 20.5195960998535 20.1987152099609 21.1648120880127 20.9186840057373 20.2933712005615 21.0779418945312 19.9530143737793 20.6411380767822 22.6679382324219 24.7017230987549 22.3795509338379 21.8756408691406 23.9064464569092 22.4767684936523 22.5082302093506 23.2853870391846 24.7850856781006 24.5913791656494 25.2125854492188 27.7755489349365 30.1335563659668 24.8890743255615 24.7465190887451 28.1319923400879 29.7695827484131 30.9585628509521 27.4661884307861 28.3356552124023 27.2278823852539 27.572566986084 27.5251560211182 28.1010093688965 27.5797004699707 29.1216487884521 28.9127883911133 28.81422996521 29.0411224365234 28.2161121368408 31.3950614929199 30.164342880249 28.9519214630127 27.77490234375 27.0724792480469 26.3598346710205 26.6324062347412
26.2259578704834 22.2391872406006 21.1226406097412 20.9120063781738 20.1168994903564 20.930103302002 20.3119525909424 20.8227157592773 20.2130012512207 20.8847503662109 22.9450130462646 23.3092613220215 22.2490425109863 22.2292461395264 22.1062545776367 22.70237159729 23.5074729919434 24.0245761871338 22.9314880371094 24.0786418914795 29.7292633056641 27.9513683319092 24.5519275665283 23.7649726867676 24.3027381896973 24.4649124145508 27.5219058990479 30.1245727539062 26.8850021362305 29.6985988616943 30.629524230957 31.9637126922607 29.1138401031494 28.0113716125488 28.933313369751 29.4213581085205 30.764986038208 30.380952835083 31.6391925811768 29.8394660949707 28.8528308868408 29.7266235351562 28.9445934295654 29.0460472106934 25.14768409729 25.315128326416
26.2021617889404 22.0816097259521 21.9367370605469 20.9618358612061 19.2217292785645 20.5620193481445 21.2343006134033 20.5900955200195 20.5781021118164 20.8657836914062 21.7921714782715 21.1941242218018 22.2539863586426 21.4346694946289 25.7593803405762 27.1202774047852 23.0499439239502 23.4453430175781 22.5849132537842 23.945613861084 28.4465866088867 27.0385322570801 25.6627349853516 23.0424175262451 23.8505191802979 24.4985542297363 24.7613868713379 28.8617687225342 28.3223743438721 26.7921199798584 28.067850112915 28.2811946868896 28.7714710235596 28.3626194000244 28.3073120117188 28.4803810119629 29.3691234588623 30.525354385376 30.8033924102783 30.7634792327881 30.3519992828369 29.9144153594971 28.4795322418213 28.74342918396 27.1072540283203 24.5680847167969
25.044734954834 25.1553211212158 25.2180271148682 21.8596477508545 21.6694850921631 20.9181175231934 20.5027408599854 20.6148986816406 21.1963157653809 20.6505889892578 20.9548072814941 20.5281162261963 22.0307064056396 28.8584651947021 21.9240131378174 23.0238513946533 23.8753356933594 24.174732208252 23.7582588195801 25.2374858856201 27.9419002532959 27.7075176239014 24.8172245025635 23.9438800811768 24.1348876953125 24.788631439209 24.4654808044434 24.6011142730713 24.558988571167 28.4618186950684 30.157054901123 29.4946041107178 28.1356353759766 28.8265419006348 27.5063285827637 27.0668354034424 29.6523418426514 24.7031269073486 29.4373550415039 30.5286121368408 30.8321876525879 28.8588981628418 30.9373397827148 29.8859996795654 28.5338668823242 26.3704471588135
20.1162929534912 20.9614677429199 21.6348876953125 21.5632171630859 21.017204284668 20.2003746032715 19.8561878204346 19.5240287780762 20.5815525054932 20.9704837799072 20.7139377593994 20.6570930480957 22.1982727050781 23.5117359161377 23.4487056732178 23.4709892272949 23.5980472564697 26.7514476776123 28.0916118621826 25.2220230102539 25.1576995849609 25.1123161315918 23.6866588592529 23.518102645874 23.7628364562988 24.5103454589844 24.5688552856445 23.8771953582764 27.3298530578613 25.5679607391357 30.09889793396 29.1943645477295 30.2849750518799 27.505859375 28.1962337493896 27.0114402770996 28.658447265625 26.7298965454102 26.8905906677246 30.4607429504395 26.6577835083008 24.4000644683838 24.1907005310059 29.0550708770752 29.6362590789795 27.1735992431641
19.9126434326172 19.9593238830566 20.4392986297607 20.8485088348389 21.0665283203125 19.1579475402832 18.8905563354492 19.6327419281006 20.1935997009277 20.8095607757568 20.9954681396484 21.5110168457031 23.1390266418457 24.0596714019775 24.1269798278809 24.3779354095459 25.8220729827881 26.0267753601074 26.0619163513184 24.9768371582031 24.7462291717529 25.9781665802002 26.185474395752 25.8986854553223 28.6653289794922 24.2201824188232 26.7532844543457 26.4328784942627 25.0800819396973 24.48459815979 23.9832744598389 31.605094909668 26.9340763092041 27.5979461669922 29.1902351379395 28.1927108764648 28.7654037475586 27.6281471252441 24.9481468200684 25.251127243042 30.2116737365723 28.7571811676025 25.1468524932861 24.7646617889404 28.8557033538818 28.0871715545654
20.380672454834 19.7949695587158 19.9815368652344 20.0906066894531 20.5468635559082 18.8740768432617 18.6296882629395 18.6716346740723 20.0496730804443 20.8364906311035 20.4166927337646 20.526948928833 21.8649578094482 22.8665714263916 24.167537689209 23.7918643951416 24.5564384460449 26.0935096740723 24.8562183380127 23.8252029418945 24.7960739135742 26.0223598480225 27.9804096221924 30.5595531463623 30.1288604736328 29.9960460662842 26.1155414581299 27.158374786377 25.4403095245361 24.5985431671143 24.4740257263184 29.7523822784424 28.0715484619141 26.8011493682861 27.5781097412109 27.6753196716309 27.7040176391602 28.4386386871338 25.2510299682617 24.0915012359619 23.8214435577393 23.4461536407471 27.6195030212402 24.2205562591553 25.1836605072021 27.2142925262451
21.1229038238525 20.4706840515137 20.548641204834 20.0635776519775 20.1986331939697 18.9640254974365 20.0464687347412 19.6797332763672 20.0057563781738 20.1244964599609 20.2737503051758 20.5217361450195 20.5546646118164 22.1262054443359 23.4899673461914 23.183931350708 24.537712097168 25.5364112854004 24.7883586883545 23.6024761199951 23.8667659759521 27.8765487670898 28.7958145141602 30.5798854827881 30.1606216430664 31.1901531219482 27.5267124176025 29.8785247802734 27.2796459197998 24.2993144989014 24.4433631896973 28.5630016326904 28.6737747192383 28.3977279663086 26.5274524688721 27.3175010681152 28.5938243865967 28.661039352417 30.6403350830078 27.5301933288574 29.6988201141357 28.3850383758545 23.5657711029053 24.125696182251 29.4844341278076 28.5233688354492
21.8402080535889 21.7821273803711 21.2369270324707 21.3413715362549 20.6185131072998 20.3512954711914 20.3777542114258 19.3919620513916 19.8544425964355 19.7301483154297 19.0422439575195 20.1176128387451 20.3398990631104 22.0911121368408 22.7539710998535 21.7973518371582 23.2202663421631 23.7884998321533 23.8942203521729 24.194408416748 24.1032943725586 25.7612781524658 26.3902397155762 28.7523574829102 30.9307174682617 28.9760704040527 28.9902248382568 27.4084205627441 27.6794567108154 24.1094303131104 24.3577098846436 27.0354347229004 28.0394802093506 26.6728763580322 28.2439346313477 26.3422088623047 28.4169883728027 27.0949478149414 29.2211990356445 25.5178337097168 24.4535045623779 23.9737663269043 26.0363368988037 23.3417358398438 25.0435886383057 26.6120586395264
20.7548885345459 20.5712718963623 20.786226272583 20.6417980194092 20.5818653106689 20.5984992980957 19.4590396881104 19.5028648376465 18.9210758209229 19.4449844360352 18.4965934753418 19.9145774841309 19.4371070861816 20.8815536499023 21.8904876708984 20.7981986999512 21.1549091339111 23.1892223358154 24.1352100372314 25.6931667327881 24.835750579834 25.3832588195801 26.4642639160156 27.0567226409912 27.1902828216553 27.7323532104492 28.5418071746826 29.8385047912598 29.9527053833008 28.5877456665039 26.2023639678955 27.4442100524902 28.5003681182861 27.9668617248535 30.1032943725586 30.9497375488281 27.8576164245605 26.6878223419189 26.9028797149658 27.7425765991211 27.1040496826172 26.2782878875732 24.1077003479004 28.6694526672363 29.2361488342285 26.2074432373047
20.0021953582764 20.5676422119141 20.7340316772461 20.6471290588379 19.8833847045898 20.6635341644287 19.6565036773682 18.7144374847412 18.1272792816162 17.9944515228271 18.1267051696777 18.6281204223633 25.9184093475342 21.1596527099609 20.8706970214844 20.7556838989258 22.6801261901855 23.7061557769775 24.333438873291 24.9210262298584 28.0512619018555 26.8373603820801 27.2557735443115 26.7964038848877 27.4475860595703 28.8502902984619 31.0221061706543 28.6728820800781 29.3514747619629 26.3179092407227 24.5617256164551 27.6905307769775 27.9264945983887 26.6025314331055 29.1839427947998 31.0417499542236 30.0000858306885 26.8643665313721 27.4686088562012 29.9752750396729 25.5384616851807 24.784969329834 26.5932846069336 26.1424446105957 28.5318660736084 28.0759563446045
19.9329967498779 20.2994918823242 20.2875270843506 20.5480136871338 20.5298137664795 20.4485969543457 20.3597736358643 19.3541221618652 18.9736976623535 19.0152549743652 18.1619606018066 18.2493724822998 19.1033363342285 20.8817386627197 20.822998046875 21.7985458374023 22.2320384979248 22.7776775360107 24.1614151000977 24.8018074035645 26.2989978790283 26.2637519836426 26.3216800689697 26.0969047546387 26.9637966156006 28.9340915679932 30.8518676757812 27.5680656433105 24.3247871398926 24.4199771881104 24.5671634674072 28.5144824981689 30.0415210723877 26.5932674407959 29.0965213775635 30.7779998779297 27.0661792755127 27.0729942321777 28.2940883636475 29.2547416687012 29.5824337005615 29.1032600402832 22.8677635192871 23.8482837677002 23.8864574432373 24.2196216583252
20.1416702270508 19.5052452087402 19.7504253387451 20.3524589538574 20.4592819213867 20.396614074707 20.0579814910889 19.6238746643066 20.0083770751953 19.6340198516846 19.3109722137451 19.1914482116699 20.2142314910889 20.6465282440186 20.4249572753906 21.8489780426025 22.645881652832 23.3690528869629 24.1476364135742 24.4322204589844 27.3155956268311 30.1479797363281 31.5079784393311 25.0047397613525 25.0215663909912 25.072208404541 24.8480491638184 27.4838676452637 26.5421085357666 28.1672782897949 27.5659790039062 28.0778141021729 27.0476264953613 28.9217395782471 29.3275680541992 24.9415969848633 28.1860313415527 27.9847640991211 29.6708831787109 29.7631969451904 26.8477973937988 28.0661296844482 27.3993530273438 26.0457954406738 26.1773948669434 25.6873874664307
21.1474361419678 19.9677810668945 19.8371868133545 19.4645404815674 20.2231178283691 20.1333694458008 20.0998554229736 20.7258949279785 20.3546714782715 19.6220321655273 20.0771808624268 20.4944839477539 20.9523963928223 19.9238681793213 20.3127880096436 21.3213424682617 22.949426651001 24.0360736846924 23.4757976531982 24.6535682678223 26.7615642547607 29.7061519622803 30.3682765960693 24.9458694458008 24.162166595459 24.5058422088623 25.0984306335449 25.2136898040771 26.84547996521 27.1054992675781 29.8755798339844 31.2409591674805 31.837739944458 29.4860858917236 30.4134922027588 27.1285285949707 28.17795753479 28.5161628723145 27.7608680725098 28.8109664916992 29.5090255737305 26.8556022644043 24.4582672119141 27.2204990386963 26.8861217498779 27.7539596557617
20.8570995330811 20.1035938262939 19.8733444213867 19.9130573272705 20.1088771820068 20.0187549591064 20.517972946167 21.4470119476318 26.8705520629883 19.7205905914307 21.7062530517578 22.2977733612061 22.2764415740967 20.1473712921143 20.8715133666992 20.9840984344482 22.3609981536865 22.8228302001953 22.7738037109375 23.9234638214111 24.7631072998047 25.3899536132812 27.1946773529053 30.3304557800293 25.3310699462891 24.7103328704834 24.1943035125732 24.3901214599609 27.5051689147949 31.7889308929443 28.0318870544434 25.1896514892578 30.9723320007324 29.1232662200928 28.8432655334473 25.5757923126221 27.5922260284424 26.9021301269531 30.5696125030518 30.2074947357178 28.3916530609131 28.4599227905273 27.9435520172119 28.0656661987305 28.1954669952393 29.5551357269287
20.2872886657715 20.1135425567627 19.8988494873047 20.2008075714111 20.2852210998535 20.4538402557373 20.5894355773926 22.2588939666748 22.3356590270996 20.8501644134521 23.1579322814941 23.807731628418 23.4264297485352 21.9357891082764 22.0699005126953 22.74098777771 23.3154525756836 23.9952926635742 24.2987842559814 24.5464038848877 24.8567924499512 25.2611789703369 23.3971729278564 23.5375442504883 24.1189842224121 23.6520957946777 24.0796527862549 29.8463840484619 27.5727348327637 31.2703380584717 24.5126190185547 23.9007148742676 24.6826343536377 28.4188556671143 29.0766658782959 27.9124088287354 26.314001083374 27.7153854370117 27.455738067627 28.4380226135254 29.703914642334 30.5913238525391 30.4198188781738 30.2061386108398 29.0216579437256 29.3561573028564
20.4068851470947 21.129150390625 20.0594863891602 20.5303802490234 20.5660133361816 21.2167587280273 21.5872364044189 24.930347442627 22.979320526123 22.7053737640381 23.8225841522217 24.7640552520752 24.0482349395752 23.1490459442139 23.2875728607178 24.3984127044678 24.8239288330078 24.8347129821777 26.0130004882812 25.7139205932617 27.2166652679443 25.6723709106445 24.8762550354004 24.3452777862549 24.6896591186523 25.0382690429688 27.6975135803223 26.7593803405762 26.6333236694336 26.8702239990234 25.6857376098633 26.6735763549805 25.644214630127 28.1490592956543 24.9796657562256 28.5083694458008 29.4879512786865 29.3697528839111 29.3043441772461 26.6961708068848 27.2799491882324 28.8099422454834 27.9569759368896 29.1556587219238 29.6924152374268 29.7583179473877
21.868200302124 21.7711315155029 20.5201568603516 21.5193290710449 21.578104019165 21.8102626800537 22.5111484527588 23.8387508392334 22.8574352264404 23.4129524230957 25.2108001708984 26.8241214752197 24.9078254699707 24.0110416412354 23.2392044067383 24.2135925292969 24.1423759460449 24.6687622070312 25.6479072570801 30.253532409668 25.6297206878662 25.9904766082764 28.1873722076416 27.5441303253174 27.3420276641846 27.0334701538086 28.7234897613525 27.9777030944824 28.5437793731689 27.991174697876 26.3827037811279 27.0689716339111 28.9342060089111 28.6793994903564 24.7724151611328 24.0911846160889 24.5186023712158 25.7140712738037 25.2624759674072 27.3241806030273 30.8969421386719 30.4803791046143 27.4972171783447 26.848014831543 25.3446102142334 25.5456371307373
21.0752906799316 21.0662498474121 21.201681137085 22.5742378234863 23.1510467529297 23.7341327667236 24.841609954834 23.3699111938477 22.4719715118408 22.9339771270752 23.6812686920166 25.7371673583984 25.3289203643799 24.9121875762939 23.9023914337158 26.3839931488037 26.1671962738037 28.3139724731445 30.7175712585449 28.575174331665 28.8424663543701 27.6120738983154 26.9969711303711 27.4138965606689 27.5433387756348 27.1454124450684 27.1251487731934 26.9286880493164 27.4516792297363 28.5463848114014 27.9101238250732 27.3552513122559 25.2685298919678 25.0345401763916 23.9603366851807 27.1436004638672 28.4426708221436 24.9014129638672 24.8727703094482 24.7122230529785 24.5911636352539 27.2863159179688 26.8186626434326 27.9942493438721 26.5775680541992 26.0213298797607
