inst/extdata/Tmax/Tmax12.asc
NCOLS 100 
NROWS 79 
XLLCORNER 148.06 
YLLCORNER -21.49 
CELLSIZE 0.01 
NODATA_value -3.4e+38 
[rows 40 to 59 of 79, columns 46 to 91 of 100]
24.0755462646484 25.3696689605713 25.0431022644043 26.0449066162109 28.5418739318848 28.6386756896973 28.4051532745361 25.9595317840576 25.6034088134766 26.3223648071289 27.9848880767822 30.2198638916016 30.6656112670898 30.1874027252197 29.3095626831055 31.204252243042 32.1529159545898 31.5781707763672 32.6409149169922 32.6187324523926 31.96946144104 32.4897918701172 30.3777008056641 29.2442321777344 30.6961688995361 31.6317596435547 32.1545753479004 31.3003234863281 31.131628036499 31.308895111084 30.926399230957 32.0128021240234 30.7350292205811 27.669454574585 29.3564167022705 33.8144760131836 32.1494560241699 30.5746555328369 28.4385986328125 27.7022380828857 27.0700664520264 29.9814968109131 30.3986778259277 29.7559928894043 31.1290893554688 28.3631572723389
25.2511425018311 25.6170692443848 27.001537322998 28.3457317352295 29.2498397827148 28.9229698181152 28.153133392334 27.890796661377 29.3486251831055 29.6235847473145 32.3498306274414 31.2533092498779 31.021032333374 30.7157173156738 30.121862411499 32.1299591064453 32.257251739502 32.0663833618164 33.1123390197754 33.3917236328125 31.2871589660645 31.5951309204102 27.7424449920654 33.5846977233887 34.7526092529297 30.383415222168 32.372428894043 31.3226642608643 31.5169105529785 30.7282218933105 31.3274974822998 31.8630313873291 31.6855144500732 30.6851024627686 31.1357440948486 33.1540603637695 31.3940143585205 30.8230743408203 30.5509719848633 30.2577857971191 29.6958808898926 29.251335144043 30.7073097229004 30.3315334320068 30.3231945037842 29.7756061553955
27.1022796630859 28.144702911377 28.0890579223633 30.1391296386719 35.2590522766113 32.8014373779297 30.2678298950195 29.4637928009033 30.6608734130859 32.3837814331055 32.505069732666 32.1227531433105 32.4130096435547 31.958776473999 33.6929626464844 32.2481498718262 32.0998954772949 31.7574615478516 32.1764183044434 32.8957595825195 31.946310043335 31.3120365142822 30.9636344909668 35.1228256225586 28.4228420257568 35.1769866943359 34.474178314209 30.2981739044189 29.6419048309326 32.2572288513184 31.9450511932373 32.2663841247559 31.5347461700439 30.8724822998047 31.2422752380371 30.0025291442871 30.0311374664307 29.5491409301758 29.6599540710449 30.1057071685791 31.2481498718262 31.3363189697266 31.7010936737061 30.3770656585693 32.394702911377 32.3288269042969
30.7879505157471 31.5591659545898 31.728588104248 31.8881988525391 32.651008605957 32.1621932983398 31.808521270752 31.3824920654297 31.7345561981201 32.1439895629883 32.8268013000488 32.8498573303223 33.0463943481445 32.9438323974609 32.4283180236816 31.9781360626221 31.6239643096924 31.8216133117676 32.5355262756348 30.1365699768066 32.3826484680176 32.3755035400391 32.1440849304199 31.5071620941162 30.9272918701172 32.6259384155273 31.8878593444824 31.4337692260742 32.0740051269531 33.7925834655762 33.1611595153809 33.6017456054688 31.3852653503418 30.7731437683105 30.6075553894043 33.1134376525879 32.509521484375 30.6060028076172 31.5743751525879 32.634880065918 33.236083984375 32.3826675415039 30.8125896453857 35.0481910705566 32.6018180847168 30.5756702423096
30.6030254364014 30.8345794677734 30.8621044158936 31.2216320037842 32.7986717224121 33.4729919433594 32.8747940063477 32.0554885864258 32.4344635009766 32.1006889343262 31.7791690826416 31.7637996673584 31.3459033966064 31.1726570129395 31.0326919555664 31.6341190338135 29.9915523529053 30.8568134307861 31.9019069671631 32.2684211730957 33.2218360900879 33.8343505859375 33.5264205932617 32.5394859313965 30.4309902191162 30.9052486419678 31.3075313568115 31.7938861846924 34.0120506286621 34.3477478027344 32.985523223877 31.7268600463867 30.6507930755615 31.3372840881348 30.9913425445557 33.0095024108887 31.6933250427246 30.5207214355469 31.7720851898193 30.2630805969238 30.8850173950195 32.4464721679688 32.8616409301758 32.8136787414551 35.6797904968262 32.5716552734375
26.3546905517578 28.0141983032227 29.6686477661133 28.0385284423828 29.7835330963135 30.526403427124 30.3506145477295 30.686840057373 30.9871845245361 31.0762042999268 27.9168872833252 28.1023616790771 28.2926979064941 26.1778030395508 27.359411239624 28.5073318481445 30.9456939697266 31.1889610290527 31.1392250061035 31.2559967041016 33.0407180786133 32.805778503418 32.089973449707 32.0036354064941 32.1362152099609 32.6499328613281 32.6413383483887 32.6002311706543 32.2313652038574 32.4278602600098 32.0718460083008 33.2114105224609 34.0605430603027 34.5250129699707 32.4914054870605 32.2107162475586 31.6921272277832 31.52419090271 31.4851379394531 31.1948909759521 31.0288982391357 32.0871696472168 32.2486190795898 30.929615020752 33.2339744567871 35.5835800170898
24.2321910858154 25.720796585083 25.2967071533203 25.0611400604248 26.4534568786621 26.9768257141113 27.1677207946777 27.8106746673584 28.4696807861328 27.581615447998 27.0747699737549 26.320743560791 26.8002395629883 26.6450786590576 27.0656471252441 28.5465888977051 31.3485641479492 31.1384658813477 30.48659324646 32.374698638916 32.8282508850098 33.2372856140137 32.2597045898438 31.5069751739502 34.1159782409668 34.3196296691895 33.3859825134277 32.6675300598145 31.7381381988525 31.6435127258301 32.845272064209 32.6597290039062 32.0901336669922 32.4004249572754 32.6617012023926 35.2625045776367 32.0530853271484 32.2298164367676 31.1330223083496 30.9903697967529 30.9561405181885 33.5904388427734 31.6067638397217 34.4609870910645 33.060718536377 32.4935417175293
24.5918121337891 24.5359859466553 24.4480094909668 24.5379009246826 24.4129619598389 24.7216320037842 26.0533332824707 27.2224273681641 27.5344772338867 27.3068180084229 28.0334644317627 27.3899993896484 27.3844318389893 28.9738750457764 29.778263092041 31.4128665924072 32.0900230407715 32.0007820129395 32.1178016662598 33.5078544616699 36.2267799377441 33.9438743591309 31.8348770141602 32.8214950561523 33.9879455566406 33.6229591369629 32.9851188659668 35.9168548583984 33.0615310668945 33.3117485046387 33.3290634155273 30.7677993774414 30.6060485839844 30.920015335083 30.6829586029053 30.6734886169434 32.0757102966309 31.0745639801025 30.1647243499756 33.9091606140137 33.6492309570312 35.6051750183105 32.1737937927246 34.2733612060547 33.9784202575684 33.8767929077148
24.4336891174316 26.4173812866211 24.7256927490234 24.3938121795654 24.3163204193115 24.2657661437988 24.3249855041504 26.7799587249756 27.6338768005371 27.8267078399658 27.6966819763184 27.7958507537842 33.153694152832 34.3110084533691 34.8115997314453 31.2393379211426 33.155445098877 29.5014705657959 35.1281509399414 35.0593872070312 34.7677307128906 35.0237503051758 34.4050827026367 33.9481735229492 33.6219635009766 31.7030258178711 32.8933563232422 34.0336647033691 36.1717872619629 35.4356880187988 35.1630058288574 35.894947052002 34.9712677001953 30.9780654907227 31.9301490783691 36.3262786865234 35.4890937805176 32.4700317382812 32.2740249633789 32.0784034729004 30.1512107849121 30.6735534667969 31.2885456085205 32.1897277832031 31.3000202178955 31.9081649780273
26.3350887298584 26.9926929473877 28.1826648712158 25.2940654754639 24.7447090148926 25.5737934112549 25.4157829284668 26.7232418060303 27.1660385131836 27.7915306091309 32.0679817199707 33.741527557373 34.9690551757812 35.0020484924316 35.4965438842773 28.6233139038086 31.8092784881592 28.9164886474609 29.2595729827881 31.8250904083252 31.8211097717285 36.041633605957 32.4853019714355 33.357738494873 33.0774154663086 32.1860961914062 34.1281051635742 34.1815528869629 34.6664924621582 34.7244033813477 34.4793739318848 32.8244476318359 31.147123336792 31.6216163635254 32.2631034851074 36.4989585876465 36.4559783935547 33.263542175293 32.1183204650879 31.9583892822266 31.9313564300537 30.9048099517822 32.08056640625 30.6694030761719 31.6421718597412 32.2767562866211
29.7297496795654 26.5279579162598 29.4779033660889 24.4666996002197 24.4884510040283 25.8834171295166 26.1794891357422 27.0514888763428 27.8866691589355 28.4811592102051 28.4903507232666 28.7259845733643 33.3804817199707 34.0626907348633 34.6735343933105 28.5842399597168 31.0590209960938 30.9115219116211 27.6905307769775 31.6132316589355 29.1333713531494 34.919548034668 32.5733985900879 34.1054725646973 32.5186576843262 33.4998397827148 32.4822273254395 32.0579719543457 35.0941925048828 34.7942962646484 34.1540298461914 33.6015701293945 33.2729911804199 31.4824047088623 32.3206176757812 34.7565765380859 36.1012077331543 34.2166709899902 33.106128692627 33.6213989257812 32.1767997741699 31.0535354614258 31.1208801269531 30.241756439209 31.6935367584229 32.4794807434082
25.2583198547363 23.8678665161133 24.3228912353516 23.513952255249 23.479772567749 25.026388168335 26.0780487060547 27.3701400756836 27.8178062438965 28.1418628692627 28.3653144836426 28.0186042785645 27.9023170471191 27.4622573852539 27.9965114593506 31.1758480072021 28.9782543182373 31.7495632171631 28.5711669921875 30.9626064300537 30.7517852783203 31.7432231903076 34.8747367858887 35.6398086547852 32.8130226135254 32.9850769042969 33.624626159668 31.7471561431885 32.2115745544434 35.6525802612305 34.0485496520996 33.3149261474609 32.7567253112793 31.1104373931885 30.9994335174561 32.6498565673828 33.0288467407227 32.8666763305664 32.2815551757812 30.5988845825195 34.2268753051758 30.543478012085 30.2635498046875 29.9239654541016 29.9420108795166 31.2276935577393
23.6691455841064 29.3723468780518 30.0871028900146 23.7198181152344 23.6617851257324 24.3978862762451 25.2550392150879 26.2910461425781 26.9151477813721 27.3274345397949 27.6693248748779 27.4744911193848 27.5149059295654 28.0060768127441 28.5106868743896 28.9261207580566 31.6270618438721 32.0182151794434 31.8950271606445 32.3478088378906 30.7863636016846 32.0254783630371 33.6441917419434 35.7482070922852 33.5728378295898 34.3769226074219 34.2769165039062 34.0498733520508 34.0011558532715 36.0599937438965 34.9144096374512 34.3117179870605 34.4175758361816 34.7145805358887 31.7953777313232 30.8641910552979 32.0571899414062 29.4927749633789 31.0014877319336 31.3024368286133 31.4125213623047 30.408842086792 34.9093170166016 31.3872566223145 29.9744548797607 29.7412261962891
24.3358993530273 23.6842613220215 29.539306640625 24.2719402313232 24.3486995697021 25.2484683990479 25.1527919769287 26.0969486236572 27.3802165985107 27.9619388580322 28.3425445556641 28.4728717803955 28.5417289733887 32.2706604003906 32.3210220336914 29.3043975830078 29.0614223480225 29.2123050689697 29.2262115478516 31.9861106872559 31.4637508392334 31.65989112854 29.2414627075195 30.4386596679688 31.2577705383301 33.1064872741699 32.4549217224121 33.440013885498 35.5443229675293 33.1136283874512 32.9573783874512 31.9980144500732 32.3406829833984 33.1503105163574 31.5703601837158 31.1741390228271 29.1650276184082 28.3206195831299 28.549467086792 27.2713031768799 33.3039932250977 31.9043273925781 33.0981941223145 32.7190971374512 34.6993751525879 30.4592456817627
25.3117771148682 24.4461135864258 24.0667304992676 24.47434425354 24.9374923706055 26.0236186981201 26.101526260376 26.5237827301025 26.9395790100098 27.6710662841797 27.726879119873 30.4740619659424 31.4986934661865 28.7164554595947 33.0519676208496 32.4289627075195 32.9356689453125 29.5586395263672 32.3368759155273 32.0856094360352 32.0874824523926 31.1278285980225 30.0909729003906 32.1251678466797 33.9533042907715 34.2671775817871 32.3875045776367 32.845272064209 31.953052520752 33.9230308532715 34.0888023376465 32.5608291625977 33.9608268737793 31.8455066680908 34.412296295166 31.431713104248 35.034481048584 31.3478298187256 31.6544704437256 29.9284954071045 31.2266254425049 31.8049831390381 31.135913848877 31.4305839538574 32.2882499694824 33.2759017944336
24.9110050201416 24.4859046936035 24.2084331512451 25.280818939209 26.1229801177979 26.7631206512451 27.5887088775635 27.9786167144775 27.9906597137451 28.3609962463379 28.2087078094482 30.3668842315674 31.1690502166748 32.7322959899902 32.9184989929199 32.428783416748 32.8452301025391 33.2355918884277 32.7584037780762 29.5673427581787 32.075855255127 31.1692199707031 31.92458152771 31.9436721801758 33.2073860168457 34.0705337524414 34.3886756896973 34.934196472168 32.2255210876465 32.7652206420898 29.8707828521729 31.9805278778076 33.423583984375 35.3995819091797 34.3927040100098 28.4267616271973 31.0149574279785 31.9668407440186 30.4781341552734 31.4571552276611 33.4161567687988 32.6174468994141 31.9843139648438 32.3755264282227 31.930456161499 31.7781963348389
24.886194229126 24.2638092041016 23.6838035583496 24.877965927124 26.3341941833496 26.8880386352539 26.1135940551758 27.7597160339355 27.3948192596436 26.6551914215088 28.0969791412354 27.8146572113037 28.151195526123 31.028434753418 28.68727684021 32.0691871643066 32.2176704406738 32.2357368469238 32.8897171020508 30.9280166625977 31.774959564209 32.1921844482422 31.7206649780273 29.3716564178467 31.8192405700684 34.0612602233887 33.1633796691895 32.3465003967285 32.589900970459 32.7713279724121 29.777494430542 27.5185813903809 28.5442047119141 31.4812412261963 27.6716766357422 27.3138236999512 31.8398914337158 31.3999786376953 32.2219619750977 30.9655170440674 33.2176055908203 34.4126243591309 30.7588977813721 31.0601902008057 31.9688625335693 32.5821418762207
25.3069438934326 24.3701248168945 24.4454727172852 24.9368267059326 25.9252033233643 26.4732913970947 27.0697231292725 27.1586036682129 25.6340084075928 25.1777515411377 27.373420715332 25.8028907775879 26.3832550048828 26.7585639953613 30.6331958770752 31.5904598236084 28.9591617584229 32.2577285766602 29.7003231048584 33.181510925293 32.767635345459 33.0240516662598 32.4441261291504 32.1271514892578 31.2749862670898 32.5251922607422 33.3509864807129 32.308723449707 31.7717723846436 33.4304962158203 31.5569953918457 28.9224796295166 31.7956695556641 30.5512962341309 24.9478321075439 29.7984066009521 31.1663837432861 31.7370548248291 32.0896263122559 33.7738723754883 31.6934986114502 34.036548614502 31.746244430542 32.0209159851074 31.4539051055908 31.3324165344238
25.3257122039795 25.0596542358398 24.8067073822021 24.9149551391602 25.5952835083008 26.4776630401611 26.4587574005127 26.146167755127 25.3941860198975 26.5957908630371 26.8975524902344 25.4590606689453 25.8323917388916 26.1274509429932 27.6367435455322 28.0926342010498 31.8903198242188 29.1339054107666 32.5303573608398 32.7707748413086 32.551628112793 32.9357833862305 31.1143798828125 32.577823638916 31.8027400970459 31.8769245147705 31.6280994415283 32.7403450012207 31.0363960266113 31.0283203125 32.7251853942871 32.3540420532227 28.7515296936035 30.36989402771 30.931661605835 32.0192184448242 29.2112941741943 31.7851276397705 34.1664619445801 31.4290447235107 32.4669075012207 31.6090297698975 32.0296096801758 33.8635787963867 33.2945671081543 31.0221538543701
24.7774181365967 24.7284412384033 24.3424644470215 24.7040557861328 25.1450176239014 25.0049686431885 25.7928485870361 26.3020782470703 26.7519073486328 26.8253116607666 26.8915367126465 27.1840534210205 30.5947761535645 31.3558979034424 31.2390098571777 27.9006824493408 28.8005332946777 32.6740608215332 30.0622940063477 32.1529159545898 32.496166229248 33.1169738769531 33.2162055969238 32.5091285705566 32.6486854553223 31.5629806518555 31.931058883667 31.8429794311523 31.0805912017822 33.0294570922852 33.4023475646973 34.2360382080078 30.5320682525635 31.3044948577881 31.0396537780762 26.7928295135498 29.9605312347412 32.8462905883789 34.6786651611328 29.3012886047363 31.8702354431152 32.1052742004395 31.3721942901611 30.0205364227295 31.6017627716064 32.4214935302734
