inst/extdata/Tmax/Tmax21.asc
NCOLS 100 
NROWS 79 
XLLCORNER 148.06 
YLLCORNER -21.49 
CELLSIZE 0.01 
NODATA_value -3.4e+38 
[rows 40 to 59 of 79, columns 0 to 45 of 100]
25.077342987060501 24.7375659942627 25.6237716674805 26.2733383178711 25.4642753601074 25.3331470489502 25.3234977722168 25.3245220184326 24.6147880554199 24.9754467010498 25.5765209197998 27.0433254241943 27.5232448577881 26.5102386474609 26.5861587524414 26.1412925720215 26.0225391387939 25.3470649719238 24.6950416564941 24.9423160552979 24.9321956634521 25.0437908172607 25.0153102874756 25.0110855102539 23.382682800293 23.5826110839844 22.812816619873 22.8308868408203 23.1700916290283 22.1278800964355 21.1538619995117 20.1382179260254 21.7718143463135 21.5851364135742 21.0792617797852 21.4861583709717 21.0733451843262 18.2778091430664 17.8019332885742 17.3773536682129 16.9721527099609 16.154224395752 15.6007261276245 15.3740901947021 15.1117916107178 16.9327278137207
25.5213222503662 25.2584171295166 25.3801288604736 26.0727806091309 26.2051124572754 26.0713653564453 25.3463344573975 25.6937274932861 25.3315200805664 25.9389038085938 25.9425888061523 26.8064880371094 27.0928344726562 27.1235961914062 26.4061031341553 27.1280822753906 26.3264617919922 25.3434276580811 24.6411647796631 25.1875171661377 25.58323097229 25.8119983673096 25.2340259552002 24.3111438751221 22.3810367584229 21.8261222839355 22.460765838623 22.6193962097168 22.8846130371094 22.4275016784668 21.3017120361328 21.2506484985352 21.5665264129639 22.1694717407227 19.2725486755371 20.3066387176514 19.723165512085 18.1861114501953 18.0734710693359 19.61767578125 19.4125957489014 17.1411113739014 15.1554594039917 15.0755739212036 15.1364316940308 15.4986095428467
25.5094928741455 25.4876194000244 25.7322521209717 25.7940845489502 25.7055339813232 25.56374168396 25.5503158569336 25.9470520019531 25.6727962493896 25.8652954101562 26.278959274292 26.9938335418701 27.7508792877197 27.1707248687744 27.2410106658936 26.7016277313232 26.5975227355957 26.4190673828125 25.6658458709717 25.6126899719238 25.9209575653076 25.1482048034668 25.1241226196289 24.4290733337402 24.5469799041748 23.9495487213135 21.9010581970215 22.6171474456787 22.6332702636719 22.1491832733154 20.6366691589355 20.6605434417725 19.6107120513916 19.6636486053467 18.4542789459229 18.8807754516602 16.7675743103027 17.6790618896484 17.9975433349609 17.461986541748 18.1978435516357 17.319652557373 17.5780696868896 16.2913093566895 16.1987590789795 17.0872840881348
24.7273483276367 25.2346897125244 25.6493835449219 25.7389297485352 25.9953556060791 25.8115653991699 26.5454845428467 26.3196201324463 25.8229827880859 25.7826690673828 25.9688854217529 26.6148128509521 27.1307773590088 27.2885475158691 27.6749420166016 27.7221012115479 27.2564392089844 27.0133113861084 26.0343227386475 25.8810977935791 25.9657440185547 25.8257541656494 25.254487991333 23.9082584381104 24.1243152618408 24.0239849090576 23.5962791442871 23.3245487213135 22.5684490203857 22.8036308288574 21.6798152923584 21.2833213806152 22.6371173858643 21.4301853179932 21.7211666107178 15.7230339050293 16.3046379089355 16.4535675048828 16.700439453125 16.3498821258545 16.0082187652588 16.7495994567871 16.4031925201416 17.2435855865479 18.8572254180908 21.1440582275391
24.399808883667 25.0676975250244 24.9995918273926 25.0038032531738 25.6408939361572 25.799503326416 25.8547172546387 26.0585117340088 25.890230178833 26.1144390106201 25.9120330810547 26.7791919708252 26.8584899902344 27.4900550842285 27.7771949768066 27.5654373168945 27.1583595275879 27.3320083618164 27.1620388031006 26.9837913513184 26.4127979278564 26.2316417694092 25.43825340271 25.9854335784912 25.2899322509766 24.1651515960693 24.1937866210938 23.5094776153564 23.8453063964844 22.9895992279053 22.7681560516357 22.3465671539307 22.8043193817139 24.5973339080811 24.5674896240234 16.5326366424561 15.2766361236572 15.3287658691406 15.4717245101929 16.0091304779053 15.7915458679199 16.2925472259521 15.6955499649048 16.4611377716064 18.0013885498047 21.0871200561523
25.5256099700928 24.9689064025879 24.4983501434326 24.6370620727539 25.3172626495361 25.2460289001465 25.5563488006592 25.9747142791748 26.0933170318604 26.023307800293 25.8799514770508 26.3895854949951 26.2468204498291 27.3596382141113 27.9954566955566 27.5217056274414 27.0099143981934 27.5909805297852 26.8145732879639 26.5410289764404 26.4539318084717 26.1089286804199 25.5869064331055 24.4826259613037 25.1708221435547 25.1320648193359 23.6169013977051 24.0080146789551 24.1656875610352 23.116382598877 21.9999923706055 21.9119529724121 22.9741287231445 23.0083923339844 25.0594005584717 21.6761741638184 16.0923480987549 15.3414239883423 15.422947883606 16.2124729156494 15.4955434799194 15.9299936294556 16.4423713684082 16.4976482391357 17.5682106018066 18.2898330688477
24.2108707427979 24.6880111694336 25.1463623046875 24.409948348999 24.3059120178223 24.7830009460449 25.4570827484131 25.6216316223145 25.6466598510742 25.4561634063721 26.064661026001 26.1966896057129 25.314094543457 26.0027275085449 27.4450798034668 26.2774600982666 26.3363704681396 27.4450035095215 27.221658706665 25.9353771209717 26.1273765563965 25.7843246459961 25.8688850402832 26.174222946167 23.5575103759766 23.9398212432861 23.9150218963623 24.1078243255615 24.2640914916992 24.4052295684814 22.7713012695312 22.2859535217285 21.9159564971924 22.2091369628906 23.6594696044922 23.630443572998 16.3217830657959 16.506254196167 16.3675975799561 17.0625305175781 16.3423271179199 16.2633323669434 16.5184917449951 22.150634765625 17.8031101226807 16.8737678527832
25.4944763183594 24.3029041290283 25.2529850006104 24.1621322631836 24.1725368499756 24.4506568908691 24.6761093139648 24.6227073669434 24.5037288665771 25.165246963501 24.9305019378662 25.007381439209 25.3955478668213 26.2646312713623 27.1547756195068 27.3233585357666 26.7264499664307 27.1603832244873 27.0174560546875 26.0373420715332 26.6505851745605 26.588981628418 25.2511405944824 25.4915409088135 25.2151832580566 25.9640731811523 25.5384159088135 24.9019470214844 25.0014591217041 24.8789978027344 24.2446975708008 23.5163249969482 22.2825241088867 23.2965507507324 23.2957210540771 22.2529335021973 21.9471378326416 19.9252243041992 17.7796154022217 17.7564163208008 17.2612705230713 17.1631774902344 17.1859436035156 17.025749206543 16.3738117218018 16.0938453674316
26.8432273864746 24.9964733123779 23.7395839691162 23.4199275970459 23.5696334838867 24.6689395904541 24.1983394622803 24.1022052764893 24.0233726501465 24.8774147033691 25.0579204559326 24.8705558776855 25.3612384796143 26.4355945587158 27.2983303070068 26.4476680755615 26.4808654785156 26.1595973968506 26.6972980499268 25.6480808258057 25.7919902801514 26.7757434844971 26.5486106872559 26.2507286071777 25.6499996185303 25.0810317993164 26.0733089447021 26.6907043457031 26.1135101318359 25.00612449646 24.0395755767822 24.1099967956543 23.2368946075439 23.0120716094971 22.990743637085 23.0243129730225 23.3454627990723 23.1812057495117 23.3020839691162 21.5875186920166 16.583568572998 16.631799697876 16.9265365600586 16.5309219360352 16.4835739135742 16.1315422058105
27.0495986938477 26.0613441467285 25.1392288208008 23.2946662902832 23.2410411834717 23.3517074584961 23.9466190338135 24.0785026550293 24.0913066864014 25.5312252044678 26.3754653930664 25.8628387451172 25.4665012359619 25.6494235992432 25.8087825775146 25.8864192962646 26.4190616607666 26.6093883514404 26.2396869659424 26.933988571167 25.7883605957031 26.3116455078125 26.7104206085205 26.5825519561768 26.0962181091309 26.6124877929688 25.0188102722168 26.1054096221924 25.5391788482666 24.8683223724365 23.8859767913818 24.4400806427002 22.5437412261963 22.5060214996338 22.7522373199463 19.3970069885254 23.4756832122803 23.1953353881836 22.8789882659912 23.0178852081299 21.6144771575928 16.4641437530518 16.2005729675293 18.4454193115234 18.4032936096191 18.9503841400146
27.395092010498 26.5520915985107 26.0771141052246 23.6886348724365 23.651683807373 23.2501201629639 23.420389175415 24.0683155059814 24.0153198242188 25.265251159668 26.3948535919189 26.2161693572998 26.3522148132324 26.737283706665 26.5789012908936 26.1952438354492 26.5045642852783 26.5118064880371 26.5442314147949 25.7600383758545 26.7237892150879 26.5395011901855 26.2697124481201 25.820930480957 25.5457344055176 25.54221534729 25.1508369445801 24.5918846130371 25.5341014862061 25.3087348937988 24.1869850158691 24.3770999908447 22.9005222320557 23.0969791412354 21.4385280609131 22.4919052124023 22.4241046905518 22.8688526153564 22.7102279663086 22.8010444641113 22.3935832977295 21.6666774749756 20.415283203125 19.5838623046875 18.2196998596191 18.0999126434326
27.1504192352295 27.3227233886719 26.1924095153809 24.5010795593262 24.2206764221191 24.6061420440674 23.9961795806885 23.5722351074219 22.9132747650146 23.8909568786621 25.9150104522705 26.5708656311035 26.8049144744873 26.0195980072021 26.6008148193359 26.5450592041016 26.7115821838379 27.0733432769775 27.2167415618896 26.0281085968018 26.9001312255859 26.8104019165039 25.4340076446533 25.4629173278809 25.3234996795654 24.4503955841064 24.3350086212158 24.5174446105957 25.3371486663818 26.0313453674316 25.856897354126 23.7529067993164 23.4123725891113 22.4719219207764 22.167932510376 21.6413116455078 21.7188873291016 22.4806785583496 22.4398384094238 22.4555034637451 21.7358665466309 21.4681529998779 20.9904098510742 20.1021938323975 16.2641792297363 16.0784816741943
26.5898113250732 27.199728012085 26.9056091308594 23.3562812805176 22.8236446380615 23.6885013580322 23.5943508148193 23.7774333953857 22.9061851501465 23.1302089691162 24.9276504516602 24.6200332641602 25.5010852813721 26.6107139587402 26.2375679016113 26.6652793884277 26.867561340332 27.1605491638184 27.0448265075684 26.9401969909668 26.8966674804688 26.7100582122803 26.564769744873 25.4713363647461 26.4129467010498 26.0997772216797 24.7054138183594 24.790018081665 24.9146671295166 25.6234378814697 25.6810665130615 24.3186187744141 23.3440074920654 22.7129688262939 22.693733215332 23.4333648681641 21.6018524169922 21.3421859741211 22.0754337310791 23.1704063415527 23.0974540710449 22.3934020996094 22.3238677978516 21.501615524292 16.5703983306885 15.9719820022583
26.879243850708 26.3767528533936 26.3159332275391 24.1339416503906 23.0681285858154 24.2996692657471 24.3107242584229 23.7629947662354 22.9825553894043 23.1257591247559 24.7272148132324 24.2467250823975 26.2731685638428 26.261589050293 26.151195526123 27.0087032318115 26.6923866271973 27.0973529815674 25.8924732208252 26.7386074066162 26.8473510742188 26.927885055542 26.761775970459 25.9560012817383 25.3300380706787 25.5487098693848 25.5620002746582 25.0137367248535 24.5409450531006 24.8826293945312 25.2745113372803 25.6045932769775 25.6233768463135 24.8159236907959 23.8181953430176 24.4214210510254 23.0664291381836 22.2012920379639 20.9287166595459 22.3450946807861 23.3737564086914 23.5488243103027 22.9616298675537 22.72780418396 20.1982116699219 19.7502880096436
26.5907821655273 25.7658786773682 25.9907684326172 25.0887413024902 24.5859336853027 24.3715782165527 24.9125022888184 24.4616680145264 24.7632656097412 23.8498020172119 23.8981075286865 24.7213821411133 24.9646701812744 25.9149169921875 26.6843032836914 26.8719615936279 26.8068504333496 27.005012512207 26.9862937927246 26.182788848877 26.210391998291 26.8725662231445 26.457067489624 26.9503574371338 26.1515426635742 25.4929866790771 24.9755897521973 25.3830127716064 23.9951610565186 25.1411952972412 24.7679977416992 24.2916870117188 25.3071212768555 25.0551853179932 25.9584255218506 23.6251487731934 23.7257747650146 24.3388805389404 24.0252628326416 22.7324352264404 22.7123107910156 21.9190406799316 21.1739273071289 20.3734283447266 20.5181159973145 17.4253635406494
26.6705913543701 26.712890625 26.574836730957 25.5327186584473 25.1829891204834 25.0544414520264 25.4898281097412 25.8911361694336 25.1036758422852 23.9749183654785 24.7664260864258 26.1323928833008 25.8658008575439 26.847562789917 26.6502914428711 26.7719917297363 25.5242195129395 26.1450023651123 26.3069114685059 26.3496112823486 25.9941825866699 26.08278465271 25.7202835083008 26.3569183349609 26.0176467895508 26.2838726043701 25.4220352172852 25.7872543334961 24.7114505767822 25.1562938690186 25.2781314849854 24.7872886657715 24.1224479675293 24.1354522705078 24.6191539764404 25.2619895935059 24.9166965484619 24.7915706634521 24.0067882537842 22.3962345123291 21.7779216766357 22.5692291259766 20.5297107696533 16.9448986053467 17.4055938720703 17.1936664581299
26.1696033477783 26.5847606658936 26.1591682434082 26.7603435516357 25.593542098999 24.3148574829102 25.0173416137695 25.7885189056396 25.4213771820068 24.6732540130615 24.5706787109375 26.3527736663818 26.7338581085205 25.6054496765137 26.2551326751709 26.6752986907959 25.4264812469482 25.8559856414795 26.1764869689941 25.291332244873 25.5087451934814 25.8428764343262 26.0754489898682 25.9642066955566 26.0112857818604 25.9456653594971 25.75412940979 25.2606353759766 24.959924697876 25.458044052124 23.7817306518555 24.589111328125 22.9797210693359 23.044506072998 23.5206336975098 24.6869888305664 24.0498542785645 22.9882926940918 22.9240875244141 18.1845607757568 17.8324108123779 21.3850193023682 20.1463718414307 16.4798374176025 16.9955711364746 17.1766242980957
26.6343059539795 26.9548988342285 26.5837821960449 26.3749141693115 25.9142684936523 26.1894683837891 25.1173553466797 25.0451774597168 25.4735813140869 25.3862400054932 24.0656967163086 25.3659286499023 26.7366828918457 26.4588584899902 26.0536804199219 26.6068897247314 26.0587291717529 25.857084274292 24.532564163208 25.7840251922607 26.1223945617676 26.2235050201416 25.3977909088135 25.8847560882568 26.5941867828369 25.9328479766846 25.7700424194336 25.2928676605225 25.3913021087646 25.8676509857178 25.1994590759277 25.0795421600342 24.8843688964844 24.3320140838623 23.1914520263672 23.2957572937012 24.2157421112061 23.4224147796631 22.2402210235596 18.0483150482178 17.9322319030762 22.0728988647461 17.5023975372314 17.2176990509033 16.5473670959473 16.7548446655273
26.8673572540283 26.829797744751 26.9531993865967 26.5889205932617 26.5306129455566 25.8992595672607 24.9136409759521 24.7082366943359 24.9844589233398 24.06715965271 24.3790302276611 26.4381713867188 26.1872291564941 26.8937568664551 26.0200576782227 26.0877361297607 24.9165287017822 24.7855892181396 24.7559242248535 24.8102626800537 24.9034519195557 25.2720718383789 24.5933246612549 25.2531204223633 26.4795970916748 25.8333320617676 25.4824199676514 25.5718688964844 25.4009017944336 25.9175872802734 25.1162700653076 25.0864582061768 24.9472427368164 24.3867321014404 24.3149394989014 23.2703952789307 23.2281646728516 22.7749671936035 18.6681728363037 18.567985534668 18.2660846710205 21.4766597747803 17.5987968444824 16.7834224700928 16.8492908477783 16.7629261016846
26.668327331543 26.0697269439697 26.8163623809814 25.7755146026611 26.508243560791 25.2874050140381 25.1907920837402 24.5320987701416 24.9592399597168 24.0886135101318 24.1432685852051 23.8027267456055 25.6760005950928 26.5491504669189 26.517276763916 25.808557510376 24.68385887146 24.7971858978271 24.7108707427979 24.0501899719238 24.4125690460205 25.794376373291 24.8457679748535 25.2120571136475 25.2771301269531 25.7529945373535 25.5887832641602 25.4012699127197 25.5873870849609 26.2393074035645 25.2867450714111 24.8862438201904 24.4932594299316 25.262321472168 24.9009819030762 24.5070152282715 23.8388767242432 22.6326885223389 22.0793266296387 22.0327777862549 21.4012126922607 21.4488430023193 20.7089042663574 16.8928833007812 16.7887344360352 16.783576965332
