inst/extdata/Tmax/Tmax158.asc
NCOLS 100 
NROWS 79 
XLLCORNER 148.06 
YLLCORNER -21.49 
CELLSIZE 0.01 
NODATA_value -3.4e+38 
[rows 20 to 39 of 79, columns 46 to 91 of 100]
34.287353515625 32.3032417297363 32.5552825927734 34.1661834716797 33.881217956543 33.2359924316406 32.92626953125 31.5898609161377 33.6989631652832 35.374195098877 36.5601997375488 36.0473937988281 36.017505645752 36.699577331543 36.3137283325195 36.0043029785156 36.3056030273438 36.9145660400391 37.0732002258301 37.065185546875 36.977481842041 36.8391456604004 37.1350784301758 37.2081031799316 37.1360931396484 37.0218238830566 36.8903503417969 36.9050445556641 36.8467979431152 36.4779739379883 36.5167236328125 36.7795867919922 36.6533584594727 36.3490905761719 36.3240280151367 36.2504692077637 36.1321220397949 36.0980949401855 36.0590705871582 36.0134010314941 35.9033546447754 35.6630668640137 34.9828643798828 34.7766418457031 34.9563102722168 34.9189758300781
34.611270904541 32.2693023681641 30.9387340545654 32.919132232666 32.7752227783203 32.1515922546387 33.1537208557129 30.9968070983887 32.4398574829102 34.8141555786133 36.2493286132812 34.7623634338379 34.0332870483398 36.0710258483887 34.7521057128906 34.3447189331055 35.3091087341309 36.7459030151367 36.7450561523438 37.1880035400391 37.2736015319824 37.2568511962891 37.0203285217285 36.6394538879395 36.6164817810059 36.6660614013672 36.8231964111328 36.7738647460938 36.6591148376465 36.5550842285156 36.8439559936523 36.8767318725586 36.7984619140625 36.3918228149414 36.4509353637695 36.3680458068848 36.2047805786133 36.1922454833984 36.1780471801758 36.1614646911621 35.9736747741699 35.8049659729004 35.5491981506348 35.298885345459 35.1301803588867 35.0938911437988
35.2975273132324 34.7531127929688 32.5939826965332 31.8613662719727 31.3257503509521 32.641960144043 31.9713325500488 32.2688407897949 31.5799560546875 32.6654663085938 35.2072906494141 35.6603889465332 33.9519729614258 34.4004173278809 34.0132713317871 34.6365356445312 35.8108291625977 36.2488784790039 34.760612487793 36.1561012268066 37.0129776000977 37.0775756835938 36.4054183959961 35.4972076416016 36.1352195739746 36.0969047546387 36.717529296875 36.9047317504883 36.5633964538574 36.7693519592285 36.925220489502 36.9556312561035 36.9357528686523 36.8402900695801 36.6996841430664 36.471851348877 36.2544403076172 36.0961151123047 36.1575698852539 36.2365226745605 36.0727119445801 35.9641380310059 35.6470832824707 35.4928245544434 35.3347282409668 35.4572219848633
34.564826965332 34.3865203857422 33.6831207275391 32.7741546630859 31.0783500671387 31.9313735961914 32.6871566772461 32.9248504638672 32.6470642089844 32.1365776062012 33.6867218017578 33.6661071777344 34.6809387207031 32.8082122802734 33.7624855041504 35.4311180114746 35.3989791870117 35.8120346069336 34.3119239807129 36.5769729614258 37.3923225402832 37.2573089599609 36.2230072021484 34.7508583068848 36.0784301757812 36.2435073852539 36.3414840698242 36.8267250061035 37.0229454040527 37.0724296569824 37.0641021728516 37.076602935791 37.0296974182129 36.9103698730469 36.7782516479492 36.5791091918945 36.1088714599609 35.7232704162598 35.8563995361328 36.1201782226562 36.0544204711914 36.0855331420898 35.7885360717773 35.7421989440918 35.4642715454102 35.4724235534668
32.2974815368652 33.8488883972168 34.2715072631836 34.0017585754395 32.8234481811523 32.0942001342773 32.1081047058105 31.7514762878418 32.8002090454102 32.1779937744141 32.1819458007812 31.6434841156006 33.8708572387695 34.8408126831055 33.9220237731934 35.0955505371094 35.9554901123047 36.5914649963379 36.2465629577637 37.3495674133301 37.3292961120605 37.1555213928223 36.3978080749512 35.4794845581055 36.3247947692871 36.6176834106445 36.2774314880371 36.368350982666 36.4714317321777 36.994758605957 36.7955360412598 37.1356430053711 36.9815483093262 36.9228668212891 36.8114929199219 36.4179306030273 36.3070259094238 35.6789131164551 35.3580932617188 35.8339004516602 35.9489440917969 36.03271484375 35.831657409668 35.8811836242676 35.9349021911621 35.754955291748
30.5626049041748 31.7471904754639 33.3245315551758 33.2422065734863 32.2617492675781 31.3820419311523 30.935131072998 30.2687377929688 31.6930656433105 32.4396018981934 31.8254642486572 32.1135482788086 33.7535820007324 35.9296798706055 35.3614959716797 35.4416770935059 35.6131324768066 37.127799987793 37.2254867553711 37.2017936706543 37.1699180603027 36.8182106018066 35.4564781188965 35.5095825195312 35.6162948608398 36.2949829101562 35.9896774291992 35.3115501403809 35.9822006225586 37.1002464294434 37.0162200927734 37.1308326721191 37.0718269348145 37.0257911682129 36.8647155761719 36.6763229370117 36.6822395324707 36.0246276855469 35.4563407897949 35.7900657653809 35.4306144714355 35.5548133850098 35.2431907653809 35.9206428527832 35.9623260498047 35.8786315917969
30.4160346984863 30.2436408996582 31.109203338623 31.8848133087158 32.715202331543 30.0615940093994 29.7544937133789 30.7688465118408 31.3870220184326 32.2869110107422 32.3194847106934 32.8242835998535 34.8580665588379 35.8767280578613 36.4256744384766 36.599250793457 36.7480773925781 37.2941246032715 36.890380859375 36.6990127563477 36.7132377624512 36.2217292785645 36.4177398681641 36.7015609741211 36.7015380859375 36.0264892578125 35.5601959228516 36.5330238342285 36.8004302978516 36.7448997497559 36.1239814758301 36.8282203674316 36.9851837158203 37.0612983703613 37.0342788696289 36.9135551452637 36.5502166748047 36.1793174743652 36.2456474304199 35.9707946777344 35.812183380127 35.2183837890625 35.714183807373 35.9212646484375 35.790943145752 35.621150970459
30.6232738494873 30.028133392334 30.4087734222412 30.7180156707764 31.3862991333008 29.3789329528809 29.0527229309082 29.5704936981201 31.144847869873 32.0581245422363 31.4469528198242 32.1554298400879 33.2445602416992 34.6049919128418 36.206958770752 35.8329086303711 37.0355606079102 37.2985458374023 36.5251121520996 35.7073402404785 36.3934478759766 36.6040229797363 36.9445304870605 37.183650970459 37.2917747497559 36.8222579956055 36.8092384338379 37.1821174621582 37.2405319213867 36.469799041748 35.9702835083008 36.5446243286133 36.6504173278809 37.0810813903809 37.1174545288086 37.033088684082 36.8562965393066 36.6121826171875 36.170223236084 35.3380393981934 35.0694007873535 34.924732208252 34.9486961364746 35.6177825927734 35.6291084289551 35.9853134155273
31.6744232177734 31.1735000610352 32.0965843200684 31.9276351928711 31.4738998413086 29.80149269104 30.756893157959 30.4624328613281 30.8491897583008 31.5775699615479 31.2503356933594 31.5998573303223 31.7780723571777 34.3792762756348 35.7779808044434 34.9779930114746 36.6282653808594 36.9421539306641 36.5977516174316 35.3608016967773 35.638599395752 36.8297348022461 37.2542419433594 37.3808250427246 37.3943328857422 37.2710075378418 37.2773056030273 37.3896255493164 36.9692420959473 36.1969375610352 36.0284461975098 36.7314834594727 37.1674537658691 37.1949005126953 37.1734771728516 37.1255416870117 37.0624160766602 36.901252746582 36.6213493347168 35.4079475402832 34.7738151550293 33.921630859375 34.9012832641602 34.8581581115723 35.7495765686035 36.0834312438965
33.5980911254883 33.4337005615234 32.7518920898438 32.6972122192383 32.0868339538574 31.5060348510742 31.1692924499512 29.9870529174805 30.7788181304932 30.1853694915771 29.603723526001 31.2129573822021 31.6375694274902 33.8753967285156 35.0015296936035 34.1546859741211 34.9698028564453 35.838695526123 36.4488334655762 36.3070259094238 35.7949981689453 36.8500442504883 37.3493843078613 37.1278381347656 37.0910034179688 36.7368812561035 37.1722526550293 37.4238204956055 36.4250335693359 35.5027503967285 36.1865653991699 36.7871017456055 37.1501502990723 37.2239875793457 37.2250175476074 37.144287109375 37.1071929931641 36.9945983886719 36.7811317443848 36.357536315918 35.6166305541992 35.0740852355957 34.6033210754395 34.3774948120117 35.2406311035156 35.7007942199707
32.2705574035645 32.2939109802246 32.3492736816406 31.9377670288086 31.3774719238281 31.6585063934326 30.6008720397949 29.9945774078369 29.3871097564697 29.51025390625 28.7996273040771 29.9273834228516 29.9345932006836 32.619815826416 33.8413581848145 32.4768257141113 33.1348762512207 34.9412460327148 36.4063453674316 37.0039100646973 36.4603614807129 37.1166839599609 37.331470489502 36.8916015625 36.8629341125488 36.9834671020508 37.4707527160645 37.4349365234375 36.8388557434082 36.1144180297852 36.4883193969727 36.7745361328125 37.2199859619141 37.233642578125 37.1704216003418 37.1150321960449 37.0980644226074 37.0032768249512 36.9109916687012 36.6786727905273 36.379077911377 35.7776679992676 35.3508110046387 35.2784385681152 35.4764251708984 35.8594627380371
31.3779487609863 31.7156829833984 31.5986633300781 31.5634231567383 30.4958839416504 31.469841003418 30.328088760376 28.8272075653076 28.2119617462158 28.6006927490234 28.2348003387451 29.0491409301758 30.0213775634766 32.2836227416992 32.6705856323242 32.2400894165039 34.7299156188965 35.8095932006836 36.6329803466797 37.1502647399902 37.4319610595703 37.4857139587402 37.415828704834 37.3107490539551 37.0655097961426 37.3665199279785 37.4937324523926 37.3606338500977 36.9419631958008 36.2383575439453 36.3094863891602 36.9237251281738 37.1413688659668 36.6315536499023 37.014045715332 37.1131210327148 37.0751075744629 37.0212631225586 36.9532661437988 36.8127326965332 36.4652976989746 35.6416244506836 35.9684562683105 35.9832458496094 35.8564720153809 35.7404518127441
30.5422668457031 30.9285316467285 30.754940032959 31.1030960083008 31.2286987304688 31.2432041168213 30.8086051940918 29.4691925048828 29.6012382507324 29.74196434021 28.5083999633789 28.2811279296875 29.456241607666 32.1875495910645 32.8281936645508 33.4528007507324 33.5376930236816 34.5227012634277 36.5964622497559 37.2362823486328 37.4282341003418 37.3703575134277 37.200252532959 37.1404991149902 37.3011589050293 37.3720588684082 37.3364753723145 36.9041786193848 35.8785591125488 36.0605583190918 36.3891181945801 37.2375946044922 36.9361457824707 36.3159790039062 37.037223815918 36.9405250549316 36.9565849304199 36.9951934814453 36.87060546875 36.545654296875 35.8911590576172 34.5383338928223 34.2495994567871 35.3163108825684 35.666561126709 35.9371604919434
31.3807640075684 30.8120880126953 30.6347103118896 30.8565616607666 31.0418796539307 30.9447193145752 30.409631729126 29.9638996124268 30.6883926391602 29.8601894378662 29.7006816864014 29.7033405303955 30.68483543396 32.083812713623 32.2908096313477 33.1821784973145 34.353084564209 35.6658058166504 36.6943054199219 37.1445503234863 37.4923553466797 37.4612655639648 36.9152069091797 36.5993537902832 36.8428611755371 36.6764717102051 36.7833862304688 36.9583473205566 36.8327255249023 36.8077239990234 37.117733001709 37.3990287780762 36.7184562683105 36.6152725219727 37.2193069458008 36.6546745300293 36.7824249267578 36.7194404602051 36.7795028686523 36.4408264160156 34.9071846008301 34.1130561828613 33.4716186523438 35.3236198425293 35.8833847045898 35.6634750366211
31.893590927124 30.4369449615479 30.3969898223877 30.552619934082 30.7403526306152 30.5812759399414 30.6245422363281 31.3171882629395 30.8956279754639 29.9812469482422 31.3719482421875 31.947172164917 32.1881065368652 31.4451942443848 31.4897155761719 32.7684440612793 34.2981986999512 35.8336219787598 35.9425811767578 36.8345756530762 37.3220367431641 37.3414421081543 36.8188858032227 36.5529022216797 35.6818885803223 36.2886772155762 36.8476486206055 37.0077743530273 37.2562599182129 37.2599296569824 37.4275054931641 37.3564720153809 37.3105316162109 37.3305778503418 37.269660949707 36.9797897338867 35.9607429504395 36.5824966430664 36.7665214538574 36.6944732666016 36.615592956543 35.2700958251953 35.0864753723145 36.4327163696289 36.7029685974121 36.638126373291
31.9526233673096 30.7503108978271 30.3493156433105 30.2775554656982 30.5536117553711 30.3351516723633 31.1804866790771 33.2008514404297 32.1539840698242 31.3334369659424 33.6060180664062 34.4265213012695 33.9824867248535 31.6183567047119 32.1298713684082 32.2697372436523 34.5903244018555 34.6755447387695 34.5353469848633 35.5876235961914 36.851692199707 37.1037826538086 36.7457504272461 36.7364654541016 36.5928611755371 36.212718963623 36.2921943664551 36.4488716125488 37.192928314209 37.1490478515625 37.2156066894531 37.0023918151855 37.2115707397461 37.3605995178223 37.0351409912109 36.9857063293457 36.2543525695801 36.3742599487305 36.6475105285645 36.4572296142578 36.8671607971191 36.8507652282715 36.727237701416 36.752799987793 36.8502807617188 36.6813125610352
31.5965480804443 30.8110828399658 30.5701522827148 30.8111629486084 30.7481231689453 30.8728427886963 31.4121799468994 34.0196380615234 34.256950378418 32.6548843383789 35.0308952331543 36.1502456665039 35.3198776245117 33.892894744873 33.8169174194336 34.5362586975098 35.3312301635742 35.868709564209 36.2339363098145 36.5797386169434 36.8073616027832 36.5142211914062 35.0183486938477 35.3410949707031 35.9332504272461 35.5057716369629 35.7432250976562 36.6751861572266 37.0818176269531 37.2977447509766 36.110237121582 36.0839538574219 36.9597473144531 37.2715301513672 36.7406806945801 36.7425804138184 35.8779563903809 36.4171485900879 36.6178512573242 36.4471015930176 36.910400390625 36.9834022521973 36.9916687011719 36.9704551696777 36.8913497924805 36.5207710266113
31.6183795928955 31.1419124603271 31.105806350708 31.3096218109131 31.5625839233398 31.7401142120361 32.750431060791 34.8517417907715 34.7248497009277 34.1670455932617 35.8329582214355 37.1235275268555 36.1826057434082 34.8647308349609 34.2389869689941 36.2266807556152 36.6396751403809 36.8770065307617 37.1055870056152 37.1335182189941 36.6505928039551 36.3573951721191 36.4766960144043 35.8621063232422 36.233642578125 36.7394027709961 36.973014831543 37.0544128417969 37.2787170410156 37.1950912475586 35.4100646972656 36.192024230957 37.097583770752 37.001537322998 36.5250473022461 36.4527740478516 36.2686996459961 36.8016700744629 36.8172569274902 36.8104095458984 36.7497940063477 36.9084892272949 36.9436340332031 36.9373893737793 36.8401489257812 36.7568206787109
31.5644035339355 31.2198066711426 31.9059429168701 32.8522605895996 33.0062446594238 33.5838165283203 34.908748626709 35.6489143371582 34.9460487365723 35.4106712341309 37.0647163391113 37.6516494750977 37.0241241455078 35.850658416748 34.9759521484375 36.1868629455566 36.1882247924805 36.528980255127 37.3631858825684 37.5876007080078 37.2303695678711 36.8494682312012 37.2265205383301 37.0088996887207 36.860424041748 37.3652305603027 37.2472839355469 37.1517715454102 37.4306106567383 37.1748809814453 36.4719352722168 36.9805564880371 37.1621398925781 36.8180847167969 35.7943534851074 35.7253799438477 36.0647048950195 36.8315200805664 36.5034217834473 36.4660034179688 36.4596977233887 36.7549324035645 36.71826171875 36.7678527832031 36.5953025817871 36.7067985534668
31.6177158355713 31.8650722503662 33.2785797119141 34.2010192871094 35.05810546875 36.1878662109375 36.9467544555664 36.1398506164551 33.8863983154297 34.6502876281738 36.4303741455078 37.6914176940918 37.2022094726562 36.8188018798828 35.7850646972656 36.9067420959473 37.0796737670898 36.3802604675293 37.2626647949219 37.6512107849121 37.5714073181152 37.0805435180664 37.4546356201172 37.5666007995605 37.3900756835938 37.4708518981934 37.2588958740234 36.4134712219238 37.2969665527344 37.4449234008789 37.3251457214355 37.194507598877 36.8361015319824 36.4552040100098 35.5323371887207 35.5686187744141 36.3726043701172 36.2900886535645 36.1233177185059 35.9103126525879 36.0377578735352 36.347412109375 36.1256256103516 36.4910202026367 35.9883193969727 36.3667869567871
