inst/extdata/Tmax/Tmax56.asc
NCOLS 100 
NROWS 79 
XLLCORNER 148.06 
YLLCORNER -21.49 
CELLSIZE 0.01 
NODATA_value -3.4e+38 
[rows 0 to 19 of 79, columns 46 to 91 of 100]
30.0614948272705 29.8642253875732 29.7428970336914 29.7226448059082 29.6839485168457 29.5487384796143 29.7286148071289 29.554874420166 29.3602657318115 29.1832313537598 29.1023826599121 28.8289451599121 28.7271938323975 28.9473476409912 29.220064163208 29.1376800537109 29.004566192627 28.8231925964355 28.5110702514648 28.3099727630615 28.1720962524414 -3.4e+38 -3.4e+38 -3.4e+38 -3.4e+38 -3.4e+38 -3.4e+38 -3.4e+38 -3.4e+38 -3.4e+38 -3.4e+38 -3.4e+38 -3.4e+38 -3.4e+38 -3.4e+38 -3.4e+38 -3.4e+38 -3.4e+38 -3.4e+38 -3.4e+38 -3.4e+38 -3.4e+38 -3.4e+38 -3.4e+38 -3.4e+38 -3.4e+38
29.9999198913574 29.7018604278564 29.4582691192627 29.6870861053467 29.8243656158447 29.807523727417 29.7490119934082 29.6464862823486 29.3017024993896 28.8587169647217 28.9967212677002 28.4589061737061 28.967493057251 29.2763118743896 29.2519302368164 29.1589794158936 29.0427055358887 28.8980598449707 28.6895942687988 28.5845184326172 28.4836082458496 28.3306159973145 -3.4e+38 -3.4e+38 -3.4e+38 -3.4e+38 -3.4e+38 -3.4e+38 -3.4e+38 -3.4e+38 -3.4e+38 -3.4e+38 -3.4e+38 -3.4e+38 -3.4e+38 -3.4e+38 -3.4e+38 -3.4e+38 -3.4e+38 -3.4e+38 -3.4e+38 -3.4e+38 -3.4e+38 -3.4e+38 -3.4e+38 -3.4e+38
29.8892765045166 29.136287689209 28.299488067627 29.6244888305664 29.7942142486572 29.7849502563477 29.7615776062012 29.7068939208984 29.4727935791016 28.8750991821289 28.9722652435303 29.1089916229248 29.1848831176758 29.3363037109375 29.2983150482178 29.2002639770508 29.1070938110352 29.0024967193604 28.8670406341553 28.6338844299316 28.6005783081055 28.4122009277344 28.1532783508301 27.831018447876 -3.4e+38 -3.4e+38 -3.4e+38 -3.4e+38 -3.4e+38 -3.4e+38 -3.4e+38 -3.4e+38 -3.4e+38 -3.4e+38 -3.4e+38 -3.4e+38 -3.4e+38 -3.4e+38 -3.4e+38 -3.4e+38 -3.4e+38 -3.4e+38 -3.4e+38 -3.4e+38 -3.4e+38 -3.4e+38
29.4338455200195 29.4771480560303 28.3962097167969 29.4725036621094 29.6386623382568 29.6794204711914 29.7393913269043 29.6399116516113 29.5064582824707 29.168041229248 29.0663738250732 28.8043327331543 29.1555576324463 29.2857856750488 29.3081150054932 29.2120018005371 29.1526794433594 29.0801391601562 28.9336776733398 28.5501117706299 28.3595504760742 28.3603000640869 28.2816944122314 28.1852970123291 27.9957275390625 27.5409755706787 -3.4e+38 -3.4e+38 -3.4e+38 -3.4e+38 -3.4e+38 -3.4e+38 -3.4e+38 -3.4e+38 -3.4e+38 -3.4e+38 -3.4e+38 -3.4e+38 -3.4e+38 -3.4e+38 -3.4e+38 -3.4e+38 -3.4e+38 -3.4e+38 -3.4e+38 -3.4e+38
29.3937034606934 29.3994007110596 28.2068996429443 28.4139461517334 29.162467956543 29.6510124206543 29.7346038818359 29.5907249450684 29.5606269836426 29.2391700744629 28.9431686401367 28.7461738586426 28.355016708374 28.9985961914062 29.2539691925049 29.1697750091553 29.2035999298096 29.1513690948486 28.8997821807861 28.1261196136475 27.5973606109619 28.3457107543945 28.417121887207 28.339542388916 28.0655193328857 27.740686416626 -3.4e+38 -3.4e+38 -3.4e+38 -3.4e+38 -3.4e+38 -3.4e+38 -3.4e+38 -3.4e+38 -3.4e+38 -3.4e+38 -3.4e+38 -3.4e+38 -3.4e+38 -3.4e+38 -3.4e+38 -3.4e+38 -3.4e+38 -3.4e+38 -3.4e+38 -3.4e+38
28.5376758575439 29.2385711669922 27.7220115661621 27.0895118713379 28.7835865020752 29.7086086273193 29.6390686035156 29.5802688598633 29.5237350463867 29.107982635498 28.1854839324951 27.8475284576416 28.1765918731689 29.1157722473145 29.0165023803711 29.1896839141846 29.2376461029053 29.1627655029297 29.0619716644287 28.3937168121338 27.6374187469482 27.6952381134033 28.2068862915039 28.2572021484375 28.2112407684326 28.0958423614502 -3.4e+38 -3.4e+38 -3.4e+38 -3.4e+38 -3.4e+38 -3.4e+38 -3.4e+38 -3.4e+38 -3.4e+38 -3.4e+38 -3.4e+38 -3.4e+38 -3.4e+38 -3.4e+38 -3.4e+38 -3.4e+38 -3.4e+38 -3.4e+38 -3.4e+38 -3.4e+38
27.6319999694824 29.1902675628662 28.5603160858154 28.4587669372559 29.3854598999023 29.6532211303711 29.4736747741699 29.3592300415039 29.5121269226074 29.0176467895508 28.2897167205811 28.2761669158936 28.9431571960449 29.0693225860596 28.1334342956543 29.0325012207031 29.0916633605957 29.0913257598877 29.1229114532471 28.8274250030518 28.4285640716553 28.136287689209 28.350564956665 28.0860061645508 28.3283309936523 28.3442821502686 28.2010021209717 27.8919887542725 -3.4e+38 -3.4e+38 -3.4e+38 -3.4e+38 -3.4e+38 -3.4e+38 -3.4e+38 -3.4e+38 -3.4e+38 -3.4e+38 -3.4e+38 -3.4e+38 -3.4e+38 -3.4e+38 -3.4e+38 -3.4e+38 -3.4e+38 -3.4e+38
26.7940807342529 29.1837787628174 29.6003093719482 29.3920745849609 28.3943843841553 28.6360549926758 29.2626075744629 29.4132690429688 29.5707759857178 29.37477684021 28.9727592468262 28.5437622070312 28.5658931732178 28.7830142974854 28.3219470977783 29.0305500030518 28.2946624755859 28.2471504211426 28.9619235992432 29.0837821960449 28.9072761535645 28.6302013397217 28.5096435546875 28.5492572784424 28.5077495574951 28.4616050720215 28.2488670349121 28.0707130432129 27.7541236877441 27.2126617431641 27.2016372680664 -3.4e+38 -3.4e+38 -3.4e+38 -3.4e+38 -3.4e+38 -3.4e+38 -3.4e+38 -3.4e+38 -3.4e+38 -3.4e+38 -3.4e+38 -3.4e+38 -3.4e+38 -3.4e+38 -3.4e+38
26.7027759552002 28.6926155090332 29.5853786468506 29.4583683013916 28.5944213867188 27.1204071044922 28.4478397369385 29.4869060516357 29.5590763092041 29.4385566711426 29.2822322845459 29.0097618103027 29.0251483917236 28.8426342010498 28.3068199157715 28.2348136901855 27.799825668335 28.5734596252441 28.8787441253662 28.9439563751221 28.9513645172119 28.5716781616211 28.1572856903076 27.8167171478271 28.5138645172119 28.5469627380371 28.4033050537109 28.2209892272949 28.082145690918 27.5036239624023 27.2934379577637 27.4329414367676 -3.4e+38 -3.4e+38 -3.4e+38 -3.4e+38 -3.4e+38 -3.4e+38 -3.4e+38 -3.4e+38 -3.4e+38 -3.4e+38 -3.4e+38 -3.4e+38 -3.4e+38 -3.4e+38
27.5912418365479 28.6747951507568 29.4317665100098 29.4149551391602 29.3854961395264 27.999626159668 28.3014488220215 29.3745288848877 29.5499706268311 29.4240322113037 29.222110748291 28.956937789917 28.8252620697021 28.9316806793213 28.2503681182861 27.9403610229492 27.8522129058838 28.9935131072998 28.82741355896 28.5100555419922 28.9066486358643 28.8538875579834 28.6405277252197 28.2753276824951 28.6756534576416 28.6018486022949 28.4294624328613 28.4661445617676 28.2891807556152 27.9588050842285 27.4330368041992 27.4443397521973 -3.4e+38 -3.4e+38 -3.4e+38 -3.4e+38 -3.4e+38 -3.4e+38 -3.4e+38 -3.4e+38 -3.4e+38 -3.4e+38 -3.4e+38 -3.4e+38 -3.4e+38 -3.4e+38
26.6903667449951 28.4926433563232 28.8489456176758 28.6154632568359 28.9688758850098 29.2433853149414 28.9448757171631 29.3884868621826 29.4895114898682 29.3820934295654 29.2090377807617 29.0220966339111 28.8119812011719 29.1772403717041 29.0121955871582 28.9126129150391 28.9735012054443 29.1868343353271 29.1791801452637 28.6152572631836 28.140531539917 28.8121910095215 28.9914436340332 28.4574794769287 28.4612636566162 28.299144744873 28.2565765380859 28.5641441345215 28.3909950256348 28.0785598754883 -3.4e+38 -3.4e+38 -3.4e+38 -3.4e+38 -3.4e+38 -3.4e+38 -3.4e+38 -3.4e+38 -3.4e+38 -3.4e+38 -3.4e+38 -3.4e+38 -3.4e+38 -3.4e+38 -3.4e+38 -3.4e+38
26.0526313781738 26.9811115264893 27.2835998535156 27.0175170898438 28.0017356872559 28.6955585479736 29.0798397064209 29.3715114593506 29.3693752288818 29.2803153991699 29.0943164825439 28.9025535583496 28.748872756958 29.3947772979736 29.3837814331055 29.2352066040039 29.2433414459229 29.3367404937744 29.377799987793 29.2714233398438 28.8742008209229 28.647777557373 29.0351696014404 28.8284111022949 28.5688037872314 28.6854515075684 28.7052345275879 28.4206314086914 28.2864990234375 28.09814453125 -3.4e+38 -3.4e+38 -3.4e+38 -3.4e+38 -3.4e+38 -3.4e+38 -3.4e+38 -3.4e+38 -3.4e+38 -3.4e+38 -3.4e+38 -3.4e+38 -3.4e+38 -3.4e+38 -3.4e+38 -3.4e+38
26.0565013885498 25.0982456207275 24.4974956512451 24.6179218292236 26.6810150146484 27.201976776123 28.4490623474121 28.8252906799316 29.1595706939697 29.0432929992676 28.8219051361084 29.1686496734619 29.1727886199951 29.0656204223633 29.5289993286133 29.5055923461914 29.4382495880127 29.4473762512207 29.460111618042 29.4403076171875 29.3883438110352 29.2955474853516 29.1365089416504 29.0717868804932 28.7464275360107 28.8224830627441 28.7906398773193 28.4916172027588 28.1951866149902 28.062463760376 27.9028415679932 27.5548629760742 -3.4e+38 -3.4e+38 -3.4e+38 -3.4e+38 -3.4e+38 -3.4e+38 -3.4e+38 -3.4e+38 -3.4e+38 -3.4e+38 -3.4e+38 -3.4e+38 -3.4e+38 -3.4e+38
26.0673007965088 25.2960624694824 24.4280052185059 23.9105644226074 24.475061416626 25.2733097076416 27.1212005615234 28.3504161834717 29.1217727661133 28.9415416717529 28.4258995056152 29.0629348754883 29.4093952178955 29.4599761962891 29.4817447662354 29.5065498352051 29.5351295471191 29.5238914489746 29.5017261505127 29.46826171875 29.432767868042 29.356086730957 29.2712383270264 29.1767807006836 28.917444229126 28.9446067810059 28.8346996307373 28.6044540405273 28.3305358886719 28.2425060272217 28.164623260498 27.9973411560059 27.6594562530518 -3.4e+38 -3.4e+38 -3.4e+38 -3.4e+38 27.1736602783203 27.2086353302002 -3.4e+38 -3.4e+38 -3.4e+38 -3.4e+38 -3.4e+38 -3.4e+38 -3.4e+38
26.6485977172852 25.3889236450195 24.5324802398682 24.1654529571533 24.6811256408691 24.4431629180908 25.5835399627686 27.2605094909668 28.6264343261719 29.0311946868896 27.8933372497559 28.7824058532715 29.2504482269287 28.771900177002 28.8640365600586 29.3007965087891 29.4116039276123 29.488374710083 29.4373092651367 29.303108215332 29.3424072265625 29.2790031433105 29.2786846160889 29.2205753326416 29.1332664489746 28.9775695800781 28.8577117919922 28.6994552612305 28.548957824707 28.4461536407471 28.3933200836182 28.2201805114746 27.8024749755859 -3.4e+38 -3.4e+38 -3.4e+38 -3.4e+38 27.2910289764404 27.2443828582764 27.3996315002441 27.389087677002 27.2195491790771 -3.4e+38 -3.4e+38 -3.4e+38 -3.4e+38
26.6147708892822 25.3702087402344 24.5784931182861 25.0011653900146 24.7886810302734 25.1727867126465 24.9213981628418 26.2921180725098 28.4223690032959 29.1889209747314 28.1147518157959 28.0772323608398 28.9306297302246 27.0010604858398 28.0554046630859 28.4580535888672 29.0388221740723 29.446382522583 29.4266948699951 29.3298759460449 29.3240375518799 29.2916049957275 29.2970676422119 29.2375640869141 29.1589736938477 28.8932952880859 28.8584747314453 28.7803440093994 28.7136497497559 28.6547183990479 28.5402355194092 28.3615398406982 28.145320892334 -3.4e+38 -3.4e+38 27.8677673339844 27.62646484375 27.3884048461914 27.2678871154785 27.064962387085 27.198112487793 27.3966884613037 -3.4e+38 -3.4e+38 -3.4e+38 -3.4e+38
25.2798480987549 24.0595302581787 24.0054702758789 25.2504596710205 25.5755424499512 25.4831962585449 25.0672302246094 25.4087810516357 27.6595783233643 28.987419128418 29.009069442749 28.1459922790527 28.6894779205322 27.2659111022949 27.2796325683594 27.3498039245605 28.7176189422607 29.4260559082031 29.4385795593262 29.4536094665527 29.4537258148193 29.3831615447998 29.326192855835 29.0692520141602 29.0666923522949 28.9409847259521 28.9150238037109 28.8986797332764 28.8565044403076 28.7597312927246 28.6474494934082 28.5134296417236 28.3843746185303 -3.4e+38 28.1895141601562 28.1559925079346 28.0586013793945 -3.4e+38 27.4198875427246 -3.4e+38 27.1523933410645 -3.4e+38 -3.4e+38 -3.4e+38 -3.4e+38 -3.4e+38
25.2494564056396 23.8348617553711 23.1221771240234 25.6444931030273 25.8410301208496 25.207986831665 24.8231811523438 24.9404239654541 26.4371185302734 28.6846828460693 28.8070545196533 28.3660621643066 28.4910774230957 28.608570098877 27.9191112518311 29.0740356445312 29.3138790130615 29.4212989807129 29.4584980010986 29.4430923461914 29.4376010894775 29.389331817627 29.3463935852051 29.2460269927979 29.225378036499 29.1453590393066 29.0890159606934 29.0312118530273 28.913049697876 28.8715629577637 28.7849235534668 28.6887760162354 28.5981178283691 28.5022087097168 28.4399852752686 28.4205455780029 28.2316970825195 -3.4e+38 -3.4e+38 -3.4e+38 -3.4e+38 -3.4e+38 -3.4e+38 27.4272918701172 -3.4e+38 -3.4e+38
26.9843044281006 26.6657962799072 24.562837600708 26.0404033660889 24.5932064056396 24.5905857086182 25.0066471099854 25.2900867462158 27.2616233825684 28.6329593658447 28.3300704956055 27.6979637145996 28.600944519043 29.0294322967529 29.1371726989746 29.2010898590088 29.3258190155029 28.9887962341309 29.1498012542725 29.3201065063477 29.2953205108643 29.3233833312988 29.3287353515625 29.2923107147217 29.256326675415 29.2018775939941 29.1577129364014 29.0087718963623 28.6544647216797 28.7784366607666 28.8672943115234 28.8262825012207 28.7606906890869 28.6598320007324 28.6063079833984 28.517692565918 28.3463096618652 28.1878356933594 28.0420379638672 27.9666843414307 27.9635620117188 27.8637084960938 27.614709854126 27.4247894287109 -3.4e+38 -3.4e+38
27.0685291290283 26.2402229309082 26.863883972168 26.672435760498 25.2933559417725 25.3204250335693 24.9325733184814 25.1288719177246 27.0667686462402 28.320442199707 28.7554683685303 28.5154972076416 28.8740310668945 29.1780033111572 29.0447578430176 28.899772644043 29.1003894805908 28.8171310424805 28.6467475891113 28.8290920257568 29.1726207733154 29.2333335876465 29.251953125 29.2847537994385 29.2820777893066 29.2447776794434 29.1848812103271 28.9735126495361 28.6858501434326 28.8846645355225 28.8512058258057 28.9301204681396 28.8038959503174 28.7352657318115 28.6822719573975 28.5333404541016 28.4243602752686 28.3514919281006 28.2922115325928 28.2409038543701 28.1956844329834 28.0638465881348 27.7261962890625 27.354923248291 27.4087219238281 -3.4e+38
