inst/extdata/Tmax/Tmax91.asc
NCOLS 100 
NROWS 79 
XLLCORNER 148.06 
YLLCORNER -21.49 
CELLSIZE 0.01 
NODATA_value -3.4e+38 
[rows 20 to 39 of 79, columns 0 to 45 of 100]
32.142837524414098 32.2115707397461 32.2331008911133 32.2177619934082 32.2616920471191 32.4166870117188 32.3532791137695 32.2952041625977 32.2437171936035 32.1600799560547 31.9770431518555 31.5426158905029 31.0461235046387 30.3236255645752 28.8334121704102 28.3621292114258 28.2989158630371 29.435754776001 30.6571865081787 31.1746654510498 31.2101345062256 31.2476558685303 31.654670715332 31.7007083892822 31.5392894744873 31.2229232788086 30.5364437103271 29.4875774383545 30.1197929382324 30.2081909179688 30.9218788146973 30.9554252624512 31.1306304931641 31.1012554168701 31.0639877319336 30.7902946472168 30.3506965637207 30.3623352050781 29.8279876708984 30.1305732727051 29.8847389221191 29.059383392334 29.3314113616943 29.3970241546631 29.5429706573486 29.5835208892822
32.2223739624023 32.3184013366699 32.353588104248 32.3364601135254 32.3657493591309 32.3877334594727 32.262020111084 32.1977767944336 32.1945762634277 32.1442527770996 32.0253067016602 31.8526649475098 31.6092395782471 30.5468769073486 28.8470878601074 28.496244430542 28.787181854248 29.7459049224854 30.3429870605469 30.791877746582 30.9535884857178 30.8746604919434 31.5050163269043 31.6792125701904 31.4698276519775 31.5015621185303 31.4817981719971 30.6140041351318 30.4455490112305 31.0609378814697 31.2100982666016 31.1018295288086 30.72975730896 30.0404434204102 30.0712375640869 30.053430557251 30.5914764404297 29.7858581542969 29.3339786529541 29.7014904022217 29.2616062164307 29.367883682251 29.0585021972656 28.0214195251465 28.3976707458496 29.1838245391846
32.2892417907715 32.3692626953125 32.400577545166 32.4071769714355 32.4109153747559 32.3945617675781 32.2219505310059 32.105052947998 32.0673332214355 32.0542335510254 31.945405960083 31.8920936584473 31.7140731811523 31.0311012268066 29.7655944824219 28.8255424499512 28.1087074279785 28.6900959014893 29.3594150543213 30.3058624267578 30.4510726928711 30.6132049560547 31.3765468597412 31.1430912017822 30.6772079467773 31.1159248352051 31.2141609191895 31.323034286499 31.0066871643066 31.0632305145264 30.7663021087646 30.5644245147705 29.9160614013672 29.5417613983154 29.2831153869629 29.5409622192383 29.4753131866455 28.8379955291748 28.811674118042 28.7249279022217 28.3766975402832 27.5250263214111 28.4313316345215 28.1048698425293 26.988374710083 28.6170597076416
32.2732009887695 32.3341903686523 32.3762359619141 32.3897666931152 32.3673515319824 32.3792152404785 32.3219757080078 32.0114250183105 31.9132118225098 31.9583930969238 31.7754650115967 31.5874786376953 31.7254524230957 31.3112297058105 30.4228668212891 29.5369491577148 28.6080741882324 28.2875900268555 28.9919509887695 29.3658752441406 30.0057430267334 31.1844749450684 30.9102458953857 30.2181930541992 30.4028511047363 30.5855007171631 30.2421607971191 31.357177734375 31.39674949646 31.2464294433594 30.9923439025879 29.7441921234131 29.3733139038086 29.6152172088623 30.0117321014404 29.4890670776367 28.4476451873779 27.8342609405518 28.6700572967529 28.0937099456787 27.2746868133545 25.675931930542 26.6207370758057 27.9756450653076 25.9351367950439 27.4448528289795
32.2124519348145 32.3036231994629 32.3597068786621 32.3454208374023 32.3237953186035 32.3473510742188 32.3739814758301 32.196662902832 32.0186882019043 31.846263885498 31.7497844696045 31.7304496765137 31.552433013916 31.1820869445801 30.326473236084 29.5472145080566 28.7115478515625 28.3068885803223 28.5506343841553 28.563196182251 29.9584407806396 30.9409523010254 29.682409286499 29.0742645263672 30.0254344940186 30.0120277404785 30.2388286590576 31.1110305786133 31.4028205871582 30.9729080200195 30.9184188842773 30.6640472412109 30.6406936645508 30.7159652709961 30.3476371765137 30.0015354156494 29.5490818023682 28.2793045043945 28.0308685302734 27.7430953979492 25.8028621673584 25.1611003875732 25.6701622009277 27.7579498291016 25.5345497131348 25.9531192779541
32.1617431640625 32.2094802856445 32.2426986694336 32.2356567382812 32.2688446044922 32.2990913391113 32.3540306091309 32.3249626159668 32.1751289367676 31.9210739135742 31.7222080230713 31.5913887023926 31.4406318664551 30.9389419555664 30.4424781799316 29.8217658996582 29.1346244812012 28.7623863220215 29.2922992706299 30.1112442016602 30.1094703674316 30.0180397033691 29.4724025726318 28.0285739898682 28.6255378723145 29.5260124206543 29.7125854492188 31.1484909057617 31.3726081848145 30.9667587280273 29.9673690795898 30.6860618591309 30.5408916473389 30.4038887023926 30.0993747711182 29.7411727905273 29.6138114929199 27.9309043884277 26.4857940673828 26.9526290893555 25.3373107910156 26.2872009277344 26.6978549957275 27.7490787506104 26.6010055541992 25.3927536010742
32.0377235412598 32.0926399230957 32.12109375 32.1538619995117 32.1693954467773 32.1912536621094 32.3173027038574 32.3404350280762 32.2074279785156 31.7552967071533 31.6545524597168 31.3760452270508 31.3900871276855 30.9787979125977 30.1379661560059 28.9354400634766 28.5195350646973 28.7560844421387 29.3108444213867 29.2189254760742 29.4491176605225 30.4974689483643 30.3441162109375 28.6196041107178 28.1673431396484 29.2479248046875 30.1822910308838 31.2123775482178 31.3172264099121 31.0760536193848 30.1231727600098 29.696907043457 30.6024684906006 29.9951190948486 29.49733543396 28.5572128295898 28.24631690979 28.3833560943604 27.1837711334229 25.7203063964844 25.2717514038086 25.6388874053955 25.5380382537842 26.7269515991211 25.6695423126221 24.9442481994629
31.870677947998 31.9181327819824 31.9743728637695 32.0501861572266 32.0959396362305 32.1820793151855 32.3117523193359 32.3270568847656 32.2657737731934 32.0675621032715 31.8131408691406 31.535888671875 31.4175567626953 31.2092571258545 30.172513961792 28.889030456543 28.5352687835693 28.4966201782227 28.6575374603271 28.6454219818115 29.9627990722656 30.7196083068848 30.1111679077148 29.135217666626 28.4965877532959 28.7755260467529 28.9263191223145 30.7496032714844 31.1655082702637 31.0390148162842 30.1305694580078 30.0465908050537 30.3925838470459 29.5485363006592 28.7615699768066 28.1180515289307 27.092737197876 27.9158458709717 27.7365188598633 25.6748695373535 25.1828861236572 25.4068546295166 25.3198184967041 26.0003242492676 25.3362274169922 25.0015640258789
31.2970962524414 31.2704429626465 31.5917625427246 31.9600315093994 32.1285057067871 32.2399940490723 32.3037719726562 32.3085098266602 32.1819152832031 32.077205657959 31.9082984924316 31.3229732513428 31.4480018615723 31.2927265167236 30.7195262908936 29.3521289825439 28.5436534881592 27.9818630218506 28.3514041900635 29.3739891052246 29.9710884094238 30.405553817749 29.4207210540771 28.602367401123 28.4034976959229 28.583568572998 29.0923461914062 30.1470241546631 31.0328350067139 31.1140232086182 30.5297393798828 30.2407264709473 29.7530632019043 28.5823287963867 27.2608966827393 26.7910137176514 26.4376754760742 26.6786365509033 26.8632411956787 26.4156856536865 25.8241786956787 25.9790687561035 25.6786231994629 25.4365768432617 25.4556770324707 25.3863487243652
30.3095283508301 31.2918739318848 31.6818885803223 31.4041156768799 32.0508842468262 32.2387275695801 32.291259765625 32.2946319580078 32.0804710388184 31.9298000335693 31.9375286102295 31.6578826904297 31.401927947998 31.2661590576172 30.9919586181641 30.4185962677002 29.7997608184814 28.2563610076904 28.634033203125 28.7372989654541 28.9251480102539 30.0269908905029 29.5497303009033 28.6327610015869 28.4083118438721 28.1792144775391 28.1563930511475 30.0759677886963 31.0556945800781 31.1536998748779 30.2235908508301 29.1190032958984 28.7712841033936 28.3758029937744 28.0783634185791 26.933048248291 26.8717880249023 26.4106292724609 25.9448413848877 26.2428207397461 28.3104114532471 28.4129371643066 27.1316623687744 25.5018196105957 26.7015933990479 26.8313045501709
30.6304740905762 31.6318855285645 31.6814823150635 31.0982875823975 31.9898777008057 32.2150840759277 32.2953491210938 32.2926597595215 32.2437896728516 32.0021133422852 31.8972682952881 31.8427276611328 31.6559448242188 31.4345302581787 31.1146545410156 30.4640598297119 29.5376529693604 29.0437717437744 28.5344181060791 28.8373641967773 28.9373645782471 29.4610328674316 28.7733840942383 28.587776184082 28.2504615783691 27.5391807556152 27.8731441497803 29.9309425354004 30.9100589752197 30.9719734191895 30.9631099700928 30.7819347381592 29.5066833496094 28.4244403839111 28.354419708252 27.8076915740967 27.9785041809082 27.7659816741943 27.2895526885986 27.8556156158447 29.5651779174805 29.6415252685547 29.1619491577148 28.5138454437256 28.3829975128174 27.7115306854248
31.4674530029297 31.7897911071777 31.8801040649414 31.89501953125 32.0077514648438 32.1912994384766 32.2497520446777 32.2612037658691 32.2255363464355 32.1598968505859 31.9685516357422 31.9215469360352 31.82541847229 31.6068649291992 31.3167934417725 30.7772483825684 29.8270435333252 29.3605251312256 28.5754070281982 28.4607334136963 28.550386428833 29.0701656341553 28.6528873443604 28.3680324554443 28.3055648803711 28.3477573394775 29.2773323059082 30.517053604126 30.9584770202637 30.3843231201172 30.2956829071045 30.3215827941895 30.5702743530273 30.0032234191895 29.6967029571533 28.8264579772949 30.0252056121826 29.8596668243408 29.8326206207275 29.8558521270752 29.5984592437744 28.5751304626465 27.4996566772461 27.1332187652588 26.9841041564941 26.1470813751221
31.150463104248 31.9755439758301 32.060173034668 32.0924491882324 32.1031150817871 32.1282005310059 32.1215705871582 32.189266204834 32.1967163085938 32.191764831543 32.152530670166 32.0302314758301 31.8376712799072 31.6696815490723 31.4656982421875 31.1962566375732 30.6689376831055 29.9207038879395 29.082067489624 28.2928428649902 28.3334140777588 28.8611488342285 28.7303981781006 28.4207706451416 28.2673606872559 28.455493927002 30.0940494537354 30.9184818267822 31.0065975189209 30.8140182495117 30.2568340301514 29.5796222686768 30.3862895965576 30.5184020996094 30.5701942443848 29.9762401580811 30.4569778442383 30.1261920928955 29.9807777404785 29.7975425720215 28.4389553070068 26.8378982543945 25.4039402008057 25.79909324646 25.7070083618164 24.6587181091309
30.9790229797363 31.7020778656006 31.5147743225098 31.3937091827393 31.5607204437256 32.0054359436035 32.0307197570801 32.0716552734375 32.1029243469238 32.1024780273438 32.0794258117676 32.070972442627 31.957612991333 31.7971229553223 31.6350631713867 31.3924770355225 30.9151706695557 30.4515438079834 30.1530113220215 29.4474353790283 28.3885059356689 28.6685485839844 28.4241218566895 28.5141925811768 28.3845272064209 28.3616256713867 29.5697498321533 30.8451976776123 30.9467754364014 30.5908184051514 30.4431228637695 29.2431526184082 29.5827980041504 29.8782711029053 30.2262706756592 30.3735866546631 30.2231159210205 30.0351028442383 29.5998783111572 29.6675472259521 29.3042144775391 27.8973846435547 26.987325668335 27.6149215698242 27.1196365356445 25.8296451568604
31.3447132110596 31.6743335723877 31.2349891662598 30.5049476623535 30.6385746002197 31.7182350158691 31.9789028167725 31.9548168182373 31.9878978729248 32.0203475952148 31.9446125030518 32.0172424316406 31.9755744934082 31.8640651702881 31.7076816558838 31.5049571990967 31.1683750152588 30.4209518432617 29.9691257476807 29.4563999176025 28.6999320983887 28.6162090301514 28.4170627593994 28.1848030090332 28.154914855957 28.5937328338623 29.8889789581299 30.7888278961182 30.2247352600098 29.9809265136719 30.1121311187744 29.7193908691406 29.3616428375244 28.9913501739502 28.6922016143799 29.2583408355713 29.0527248382568 29.4335174560547 29.3470191955566 29.1221237182617 28.8271026611328 29.1998901367188 28.922664642334 28.5642127990723 27.8857078552246 27.3462772369385
31.4823055267334 31.6082191467285 31.4068050384521 31.0717105865479 30.7459506988525 31.3823661804199 31.7486972808838 31.7902374267578 31.8586578369141 31.9416351318359 31.943489074707 32.0139465332031 31.9585361480713 31.9052600860596 31.7437400817871 31.5093612670898 31.2536468505859 31.019926071167 30.5761833190918 29.8443546295166 29.417516708374 29.1381454467773 28.5680904388428 27.8485202789307 28.0367221832275 28.3252487182617 29.9720153808594 30.5836505889893 28.4479656219482 27.993408203125 28.7300205230713 28.9935417175293 28.9492683410645 28.7086200714111 28.1607074737549 27.8745174407959 28.4911632537842 28.3125438690186 28.2805767059326 28.2284526824951 27.93115234375 27.593921661377 27.8846321105957 28.4281978607178 27.7167625427246 26.4405784606934
31.3172435760498 31.3682346343994 31.4126892089844 31.1176528930664 30.8173370361328 31.0433292388916 31.3106822967529 31.5492420196533 31.6904544830322 31.8462333679199 31.8391914367676 31.8549556732178 31.9686450958252 31.9037170410156 31.7798309326172 31.4812526702881 31.4728450775146 31.3110218048096 31.0372543334961 30.608549118042 30.4510498046875 29.5577621459961 28.8855628967285 28.3580017089844 28.3611660003662 28.8055381774902 29.9928188323975 29.8871402740479 29.5566825866699 29.4433612823486 28.5691413879395 28.5068016052246 28.2955684661865 28.1369895935059 27.3181648254395 26.8596897125244 27.1117916107178 27.053581237793 27.3255043029785 27.0997772216797 27.0892353057861 26.050085067749 26.8610725402832 27.839334487915 27.5707397460938 25.9115104675293
30.6918506622314 31.0769004821777 31.3278217315674 31.2233943939209 31.0115642547607 30.878454208374 30.8813381195068 31.3192386627197 31.4628582000732 31.6779651641846 31.7877426147461 31.8049278259277 31.8883037567139 31.9211406707764 31.7283935546875 31.6220569610596 31.5520114898682 31.4323883056641 31.2598495483398 31.037899017334 30.8115196228027 30.0033435821533 28.7036762237549 28.8121681213379 28.0323066711426 28.7006549835205 29.8109016418457 29.1755428314209 29.4002342224121 29.9453258514404 29.8169803619385 29.6447715759277 28.8782482147217 28.3922100067139 26.6049995422363 25.1730518341064 25.2309226989746 25.1085605621338 25.0676002502441 25.6001796722412 25.7887630462646 26.0172061920166 26.237174987793 27.2364921569824 27.0751342773438 26.6280879974365
30.8167591094971 30.9372253417969 31.1035232543945 31.0902805328369 31.063648223877 30.7262344360352 30.4964923858643 30.2123203277588 30.9775543212891 31.5669422149658 31.7363815307617 31.8048896789551 31.9099807739258 31.9196491241455 31.5792140960693 31.1233196258545 31.1651935577393 31.2427597045898 31.3075981140137 31.1768074035645 31.0204734802246 30.5591716766357 29.2863140106201 29.6454696655273 28.5499744415283 28.5500793457031 28.7314052581787 29.1030559539795 27.9128131866455 28.6796188354492 28.2602977752686 28.4005126953125 29.8436489105225 29.3525733947754 28.249828338623 25.7128257751465 24.7486972808838 24.752742767334 24.2070484161377 24.561429977417 25.1584014892578 25.1544876098633 25.252067565918 26.8073387145996 26.3060874938965 25.7037887573242
30.8917236328125 30.8180847167969 30.8940830230713 30.6846199035645 30.9263935089111 30.8408317565918 30.5987186431885 30.312370300293 30.5471267700195 31.2630500793457 31.5644721984863 31.8046989440918 31.8685932159424 31.842155456543 31.7858867645264 31.3271789550781 30.8987579345703 30.6794166564941 31.0041236877441 31.1597080230713 31.0062370300293 30.8509120941162 30.4829082489014 29.8210353851318 28.596700668335 28.3585319519043 28.3164291381836 28.4282150268555 28.4932727813721 27.8913898468018 27.2446517944336 28.140380859375 29.5273170471191 28.6769886016846 28.9341259002686 28.3155651092529 27.8276786804199 27.6791763305664 26.558666229248 25.3007335662842 26.1179046630859 25.7647686004639 26.2105236053467 26.4245758056641 26.0833110809326 25.5508499145508
