inst/extdata/Tmax/Tmax8.asc
NCOLS 100 
NROWS 79 
XLLCORNER 148.06 
YLLCORNER -21.49 
CELLSIZE 0.01 
NODATA_value -3.4e+38 
[rows 0 to 19 of 79, columns 46 to 91 of 100]
27.0083637237549 25.6784038543701 25.8378582000732 26.0521373748779 26.5899085998535 26.5116939544678 26.71604347229 26.7164669036865 25.6942558288574 23.6827125549316 25.3701992034912 24.7299728393555 25.4909934997559 26.1425132751465 26.2706356048584 26.4515628814697 26.64719581604 27.0753078460693 25.6632423400879 26.2469043731689 26.4620018005371 -3.4e+38 -3.4e+38 -3.4e+38 -3.4e+38 -3.4e+38 -3.4e+38 -3.4e+38 -3.4e+38 -3.4e+38 -3.4e+38 -3.4e+38 -3.4e+38 -3.4e+38 -3.4e+38 -3.4e+38 -3.4e+38 -3.4e+38 -3.4e+38 -3.4e+38 -3.4e+38 -3.4e+38 -3.4e+38 -3.4e+38 -3.4e+38 -3.4e+38
27.3734798431396 26.8360195159912 25.4639835357666 25.7292575836182 25.8864841461182 25.8460636138916 26.1958465576172 26.5750122070312 25.2556457519531 24.2176475524902 26.2624626159668 25.8897304534912 27.6990642547607 27.3242855072021 26.1463470458984 25.1432418823242 26.2947158813477 28.1586456298828 27.0867691040039 25.8703861236572 26.5835971832275 28.6636257171631 -3.4e+38 -3.4e+38 -3.4e+38 -3.4e+38 -3.4e+38 -3.4e+38 -3.4e+38 -3.4e+38 -3.4e+38 -3.4e+38 -3.4e+38 -3.4e+38 -3.4e+38 -3.4e+38 -3.4e+38 -3.4e+38 -3.4e+38 -3.4e+38 -3.4e+38 -3.4e+38 -3.4e+38 -3.4e+38 -3.4e+38 -3.4e+38
29.1609783172607 26.0650215148926 23.9625377655029 24.4020404815674 24.2290496826172 25.7649250030518 24.9336795806885 24.845064163208 23.9874038696289 23.7285251617432 25.5690212249756 27.0162754058838 28.3874568939209 27.8581199645996 25.3252449035645 24.6001853942871 26.1601142883301 25.80686378479 25.6899681091309 25.9213428497314 25.597936630249 25.8553352355957 25.7291698455811 26.2671203613281 -3.4e+38 -3.4e+38 -3.4e+38 -3.4e+38 -3.4e+38 -3.4e+38 -3.4e+38 -3.4e+38 -3.4e+38 -3.4e+38 -3.4e+38 -3.4e+38 -3.4e+38 -3.4e+38 -3.4e+38 -3.4e+38 -3.4e+38 -3.4e+38 -3.4e+38 -3.4e+38 -3.4e+38 -3.4e+38
25.2441425323486 24.7380504608154 21.8010025024414 22.7958431243896 24.4123516082764 24.2205772399902 24.670991897583 24.827335357666 24.5103187561035 24.0776920318604 25.3576202392578 24.9693393707275 27.727071762085 28.2924365997314 25.7319583892822 25.1522064208984 26.9971294403076 27.6652889251709 27.0940227508545 26.36256980896 24.9524993896484 25.9079265594482 25.6562938690186 26.5135841369629 27.0287322998047 27.0420665740967 -3.4e+38 -3.4e+38 -3.4e+38 -3.4e+38 -3.4e+38 -3.4e+38 -3.4e+38 -3.4e+38 -3.4e+38 -3.4e+38 -3.4e+38 -3.4e+38 -3.4e+38 -3.4e+38 -3.4e+38 -3.4e+38 -3.4e+38 -3.4e+38 -3.4e+38 -3.4e+38
26.2097682952881 24.3599185943604 21.605339050293 21.3086471557617 22.8172721862793 25.0812225341797 25.7470703125 26.091667175293 24.1522388458252 23.1526050567627 23.8354606628418 22.2193565368652 23.733922958374 27.7857513427734 24.9343967437744 25.2661647796631 27.1267433166504 26.9226169586182 27.5839061737061 27.5194244384766 21.0905952453613 25.8868942260742 26.1851005554199 25.6890830993652 26.5174751281738 27.0173187255859 -3.4e+38 -3.4e+38 -3.4e+38 -3.4e+38 -3.4e+38 -3.4e+38 -3.4e+38 -3.4e+38 -3.4e+38 -3.4e+38 -3.4e+38 -3.4e+38 -3.4e+38 -3.4e+38 -3.4e+38 -3.4e+38 -3.4e+38 -3.4e+38 -3.4e+38 -3.4e+38
21.9503707885742 22.7528705596924 20.7586574554443 20.0252857208252 22.8219146728516 24.9657382965088 24.3601226806641 24.7865600585938 23.6104526519775 23.9289894104004 21.6415157318115 21.3274002075195 25.3836154937744 26.145622253418 23.9967994689941 25.3171501159668 26.5807132720947 27.7066631317139 26.7199230194092 26.5118846893311 21.1593532562256 23.2261505126953 26.8323287963867 25.8295764923096 26.2921562194824 26.2586669921875 -3.4e+38 -3.4e+38 -3.4e+38 -3.4e+38 -3.4e+38 -3.4e+38 -3.4e+38 -3.4e+38 -3.4e+38 -3.4e+38 -3.4e+38 -3.4e+38 -3.4e+38 -3.4e+38 -3.4e+38 -3.4e+38 -3.4e+38 -3.4e+38 -3.4e+38 -3.4e+38
20.7160873413086 21.5649871826172 21.8827266693115 21.4214286804199 25.3937015533447 25.0129318237305 25.0018463134766 23.8555660247803 24.6688289642334 23.5892295837402 22.7111854553223 23.0213527679443 24.1056499481201 27.7535171508789 27.6921443939209 28.7112789154053 25.2279109954834 25.5535736083984 25.5718593597412 26.0612735748291 27.8682804107666 25.6413631439209 26.4366207122803 25.9896564483643 25.4065895080566 24.7315044403076 24.6879291534424 25.2880001068115 -3.4e+38 -3.4e+38 -3.4e+38 -3.4e+38 -3.4e+38 -3.4e+38 -3.4e+38 -3.4e+38 -3.4e+38 -3.4e+38 -3.4e+38 -3.4e+38 -3.4e+38 -3.4e+38 -3.4e+38 -3.4e+38 -3.4e+38 -3.4e+38
19.6276531219482 22.2939071655273 27.4591083526611 21.9397659301758 20.8415145874023 22.6244564056396 24.4176616668701 23.4966411590576 23.8105773925781 24.6599597930908 23.0848808288574 22.6308059692383 23.6631317138672 25.0858936309814 23.3938083648682 26.2096881866455 23.2226848602295 23.0195636749268 24.3000164031982 25.6680145263672 25.9242000579834 24.5989418029785 25.1437683105469 25.7731666564941 24.7664813995361 24.0234184265137 23.7872943878174 24.4823436737061 25.8826351165771 24.4514865875244 25.7037906646729 -3.4e+38 -3.4e+38 -3.4e+38 -3.4e+38 -3.4e+38 -3.4e+38 -3.4e+38 -3.4e+38 -3.4e+38 -3.4e+38 -3.4e+38 -3.4e+38 -3.4e+38 -3.4e+38 -3.4e+38
19.5980968475342 21.6504650115967 22.3701858520508 26.2715377807617 21.8337249755859 20.1333866119385 22.2679634094238 22.575611114502 24.8328132629395 25.0990314483643 25.293342590332 23.6088352203369 23.2154865264893 23.8225402832031 21.7179222106934 21.5747547149658 20.8481159210205 25.0759735107422 23.6132907867432 24.9896030426025 27.0466594696045 26.9472942352295 24.4750175476074 22.5145072937012 23.5670604705811 24.2029323577881 24.8541812896729 26.0156669616699 25.6781044006348 24.5029067993164 24.0275611877441 26.4413909912109 -3.4e+38 -3.4e+38 -3.4e+38 -3.4e+38 -3.4e+38 -3.4e+38 -3.4e+38 -3.4e+38 -3.4e+38 -3.4e+38 -3.4e+38 -3.4e+38 -3.4e+38 -3.4e+38
20.9091053009033 21.6421356201172 22.1905536651611 22.9502868652344 24.4935054779053 21.4244918823242 21.0905513763428 22.7407188415527 24.2502632141113 24.51243019104 24.4199905395508 24.1562023162842 23.093391418457 23.1695365905762 21.5868492126465 21.2136001586914 20.822208404541 25.762378692627 25.52809715271 23.7607746124268 24.8634090423584 26.6627426147461 27.4022846221924 26.3850288391113 26.3580741882324 24.0351219177246 24.619255065918 27.1537990570068 25.1519393920898 24.4955348968506 27.5952014923096 28.0635032653809 -3.4e+38 -3.4e+38 -3.4e+38 -3.4e+38 -3.4e+38 -3.4e+38 -3.4e+38 -3.4e+38 -3.4e+38 -3.4e+38 -3.4e+38 -3.4e+38 -3.4e+38 -3.4e+38
19.8976135253906 22.0304756164551 21.9122505187988 21.8903064727783 23.3619632720947 26.1984100341797 23.333122253418 24.1398849487305 23.9173316955566 24.1200428009033 24.8906478881836 24.3614196777344 23.8883438110352 24.4443168640137 23.8295421600342 23.8972988128662 24.99560546875 25.244457244873 26.4430236816406 26.2171077728271 23.8236255645752 26.9358882904053 24.5803413391113 23.4544277191162 25.2139854431152 24.9136943817139 25.9116077423096 25.8464584350586 27.8434104919434 28.4835891723633 -3.4e+38 -3.4e+38 -3.4e+38 -3.4e+38 -3.4e+38 -3.4e+38 -3.4e+38 -3.4e+38 -3.4e+38 -3.4e+38 -3.4e+38 -3.4e+38 -3.4e+38 -3.4e+38 -3.4e+38 -3.4e+38
19.3706550598145 20.4370899200439 20.5514888763428 19.7307453155518 20.5571041107178 21.5794086456299 28.1856880187988 24.8926944732666 24.5776882171631 24.2540473937988 24.4344062805176 24.8315773010254 23.9543495178223 24.4637012481689 24.1657962799072 26.002384185791 25.9421005249023 25.8574981689453 28.9022407531738 26.668212890625 24.8759689331055 24.9046363830566 24.9601364135742 24.3620986938477 28.3403625488281 24.1565799713135 25.505392074585 25.2826137542725 26.0826358795166 24.930004119873 -3.4e+38 -3.4e+38 -3.4e+38 -3.4e+38 -3.4e+38 -3.4e+38 -3.4e+38 -3.4e+38 -3.4e+38 -3.4e+38 -3.4e+38 -3.4e+38 -3.4e+38 -3.4e+38 -3.4e+38 -3.4e+38
19.1103057861328 17.8164539337158 17.4498310089111 17.3792839050293 19.6883735656738 20.4367332458496 21.9297409057617 22.2465267181396 24.0389842987061 24.5234870910645 23.0831966400146 23.3511352539062 23.2171535491943 23.734561920166 24.0758419036865 24.0749073028564 24.2927112579346 26.01003074646 28.3446273803711 28.0210552215576 25.7768325805664 25.9926300048828 25.8663177490234 27.6251583099365 25.9700145721436 25.2076606750488 26.0654811859131 25.3498992919922 23.7537174224854 21.9218883514404 25.0535755157471 26.4782657623291 -3.4e+38 -3.4e+38 -3.4e+38 -3.4e+38 -3.4e+38 -3.4e+38 -3.4e+38 -3.4e+38 -3.4e+38 -3.4e+38 -3.4e+38 -3.4e+38 -3.4e+38 -3.4e+38
19.1238403320312 18.1725616455078 17.5853862762451 17.1389102935791 17.7164440155029 18.3089923858643 20.1762676239014 21.197359085083 23.6006660461426 24.7081470489502 23.8012733459473 23.6716785430908 24.1437435150146 24.5747547149658 24.8846912384033 26.1303653717041 24.2930488586426 26.2506294250488 27.3212471008301 26.1940689086914 26.1714382171631 28.5509986877441 26.2382926940918 25.7152881622314 27.0804901123047 25.3317279815674 24.322660446167 24.1208019256592 23.2183570861816 24.4943294525146 26.4768848419189 26.2466373443604 25.2223091125488 -3.4e+38 -3.4e+38 -3.4e+38 -3.4e+38 21.4918098449707 27.6868343353271 -3.4e+38 -3.4e+38 -3.4e+38 -3.4e+38 -3.4e+38 -3.4e+38 -3.4e+38
19.596321105957 18.814847946167 17.6571559906006 17.2368927001953 17.8705749511719 17.5958480834961 18.8369770050049 20.4348392486572 21.5197067260742 22.4950008392334 20.875431060791 24.1931457519531 23.4337863922119 24.1430511474609 25.3978290557861 24.394344329834 25.1729717254639 28.6151657104492 25.145715713501 26.94873046875 26.0995960235596 28.0217323303223 26.7002353668213 25.973876953125 25.9197521209717 26.0118064880371 25.8962116241455 24.5355911254883 24.0908660888672 26.9123439788818 26.8798809051514 26.0728225708008 25.5189456939697 -3.4e+38 -3.4e+38 -3.4e+38 -3.4e+38 22.6480312347412 26.4696941375732 27.9424476623535 27.5656471252441 27.4451103210449 -3.4e+38 -3.4e+38 -3.4e+38 -3.4e+38
19.5199699401855 18.1883125305176 17.6348705291748 17.7105178833008 17.2733573913574 18.3162803649902 18.1433887481689 19.4954967498779 23.3782844543457 24.9025287628174 22.8678131103516 21.1254692077637 24.808931350708 20.5133514404297 20.4412040710449 21.2398529052734 26.4122276306152 24.6398124694824 24.1868724822998 25.3517246246338 25.5191097259521 26.2763748168945 26.0880737304688 25.3691864013672 25.3190422058105 25.4381847381592 26.5651950836182 25.567834854126 24.7392177581787 24.7166156768799 25.5077304840088 22.0683040618896 28.3558673858643 -3.4e+38 -3.4e+38 25.7038269042969 27.4608058929443 26.7127857208252 25.4786434173584 26.5609340667725 26.4873809814453 27.9057998657227 -3.4e+38 -3.4e+38 -3.4e+38 -3.4e+38
18.0054454803467 16.6222343444824 16.7048645019531 18.0759544372559 18.552713394165 18.2757053375244 17.8056297302246 18.6158752441406 25.6089153289795 23.9739990234375 28.1566467285156 20.9197807312012 21.7839603424072 22.7149600982666 20.5669555664062 20.763500213623 21.323034286499 23.1386280059814 24.8964366912842 24.2980461120605 27.1293182373047 24.4467582702637 25.1391868591309 25.4421005249023 24.891092300415 25.9793720245361 25.9241886138916 26.247034072876 26.5585346221924 25.2337703704834 25.4823532104492 22.0880260467529 24.1519966125488 -3.4e+38 28.0735263824463 23.5078887939453 25.4749279022217 -3.4e+38 27.9959449768066 -3.4e+38 27.6966781616211 -3.4e+38 -3.4e+38 -3.4e+38 -3.4e+38 -3.4e+38
18.6383819580078 16.7668495178223 16.0304718017578 18.9166488647461 19.0018768310547 18.0780735015869 17.655158996582 17.731575012207 19.512638092041 21.7642574310303 22.1170825958252 25.9770812988281 27.6312637329102 22.9599075317383 22.4455604553223 23.6706314086914 24.0641059875488 24.3214721679688 23.848217010498 23.7560729980469 25.3012943267822 25.331995010376 26.8713150024414 26.8911685943604 25.1665153503418 24.9298515319824 25.8694477081299 24.8251476287842 25.1044864654541 24.9612331390381 22.6382865905762 23.9180965423584 27.8885288238525 24.9084453582764 23.9531936645508 26.6256675720215 26.2782726287842 -3.4e+38 -3.4e+38 -3.4e+38 -3.4e+38 -3.4e+38 -3.4e+38 27.5763282775879 -3.4e+38 -3.4e+38
19.5897617340088 19.3118000030518 16.7150363922119 18.5049438476562 17.0483627319336 17.2879867553711 18.3595371246338 18.4835968017578 20.2269382476807 22.9105625152588 21.968635559082 22.128532409668 24.6824932098389 28.6002197265625 24.0376987457275 24.30322265625 24.0663890838623 23.2931575775146 22.7797050476074 22.6931190490723 28.0775928497314 25.678430557251 27.7031745910645 25.8613739013672 26.0390720367432 24.5235252380371 24.9632930755615 23.8668613433838 24.4934577941895 24.5398998260498 22.9183406829834 23.1805801391602 26.2371921539307 26.3642349243164 25.8661727905273 26.2409191131592 25.8866634368896 27.5512256622314 26.1384868621826 23.1421794891357 25.5329494476318 25.2531204223633 26.3825035095215 25.5352630615234 -3.4e+38 -3.4e+38
20.1496543884277 19.2845420837402 19.652364730835 19.7895259857178 18.2811603546143 17.7131671905518 17.4507255554199 17.8189010620117 20.0747718811035 27.7102890014648 22.2832927703857 28.088659286499 26.9006690979004 24.0572853088379 24.2264461517334 21.8248062133789 21.9119491577148 24.3864097595215 22.9080219268799 23.1787567138672 25.2964706420898 26.7938861846924 28.7720909118652 26.4779891967773 28.0887813568115 24.884786605835 27.5673713684082 25.9523601531982 25.1111888885498 24.8133449554443 24.0307693481445 25.1633186340332 26.7142238616943 27.3019981384277 27.4914283752441 24.7376174926758 24.4681797027588 25.8847312927246 26.9896373748779 27.7529830932617 27.3259735107422 27.3974609375 25.7412757873535 25.6168308258057 21.9853115081787 -3.4e+38
