inst/extdata/Tmax/Tmax50.asc
NCOLS 100 
NROWS 79 
XLLCORNER 148.06 
YLLCORNER -21.49 
CELLSIZE 0.01 
NODATA_value -3.4e+38 
[rows 0 to 19 of 79, columns 0 to 45 of 100]
26.427026748657202 26.503246307373 25.7568283081055 26.7701930999756 26.7954940795898 27.105281829834 27.1470222473145 26.9220142364502 26.6856002807617 26.8222236633301 26.3305969238281 26.3129100799561 26.3234691619873 25.1651401519775 25.6301460266113 26.0147018432617 26.2943458557129 26.3486270904541 24.9026737213135 24.3071250915527 23.401725769043 21.9922561645508 22.5093803405762 23.964994430542 24.6668090820312 25.3425350189209 24.926248550415 24.9128437042236 25.1343441009521 24.7084980010986 22.5672855377197 20.5515117645264 18.687686920166 18.834379196167 17.5264701843262 16.1407432556152 15.713695526123 15.3821220397949 16.1248054504395 18.1668395996094 19.9982166290283 20.3530445098877 20.9932136535645 26.5798492431641 26.2190456390381 25.2234973907471
27.0394897460938 25.9875164031982 24.5641765594482 25.2762851715088 25.2430057525635 26.3177127838135 26.8041286468506 27.0181064605713 27.6098136901855 27.6927757263184 27.067554473877 26.076244354248 26.7355804443359 25.6514453887939 25.9245319366455 25.5910949707031 26.4673080444336 26.2871685028076 25.4100437164307 24.4684944152832 24.7198257446289 23.9043617248535 23.6399383544922 24.1003246307373 24.6350269317627 25.1794376373291 25.6238327026367 25.5947742462158 25.2517986297607 24.7875823974609 23.5820655822754 21.5688648223877 19.4443092346191 21.7163352966309 18.4535026550293 17.0810852050781 16.4542579650879 17.4439678192139 18.6362762451172 19.5386943817139 21.0545902252197 21.127347946167 24.336971282959 25.1438808441162 25.7838401794434 24.6694087982178
26.8426914215088 25.8526039123535 25.8848819732666 26.4435577392578 25.7971439361572 26.1581211090088 26.5947971343994 27.1612949371338 27.6068325042725 27.6800956726074 27.1410083770752 26.3966960906982 26.708137512207 26.2781505584717 25.6842021942139 25.7079238891602 25.8466644287109 26.1765747070312 25.3024616241455 24.7920513153076 24.2744750976562 24.5356998443604 24.0328006744385 24.3400173187256 25.2872142791748 25.5204372406006 25.5052032470703 25.4918975830078 25.7038269042969 25.1153030395508 25.3849830627441 23.8685760498047 24.942985534668 21.7208957672119 23.6832466125488 17.7239170074463 16.6996726989746 16.3737850189209 17.5927753448486 18.780834197998 20.5474090576172 26.8398971557617 26.7910003662109 23.4188365936279 23.2732334136963 25.8242359161377
27.370964050293 27.1520767211914 26.1990394592285 27.2685222625732 26.4892349243164 25.9640960693359 26.5795936584473 27.0770969390869 27.4307880401611 27.6021480560303 27.3801670074463 26.8674125671387 26.7641296386719 26.7596454620361 26.3561840057373 26.2794456481934 26.4697856903076 26.0563697814941 25.8371448516846 24.7927780151367 24.5088272094727 24.2346973419189 24.3474521636963 24.3721218109131 25.0781288146973 25.386194229126 25.2910747528076 25.3431015014648 25.0096092224121 24.1064319610596 24.3809394836426 25.4734287261963 24.0563316345215 21.8536949157715 17.9081535339355 16.9381217956543 17.1664295196533 16.5734329223633 16.5340957641602 16.0354747772217 17.7734394073486 20.2465152740479 23.8359832763672 27.41969871521 21.5602760314941 21.6160144805908
28.0702457427979 27.2457847595215 27.0875816345215 27.6533432006836 27.240571975708 26.7449378967285 26.1447353363037 27.1653804779053 28.0337505340576 27.274076461792 27.4789581298828 27.2188491821289 27.1490669250488 26.9825401306152 26.4768466949463 26.1714019775391 26.2061138153076 25.6407814025879 24.9037113189697 24.0887966156006 24.1343479156494 24.6373386383057 24.6974830627441 24.9694538116455 24.6969394683838 24.598051071167 25.9213104248047 25.1178703308105 24.9792308807373 25.1249980926514 24.5617179870605 24.7472686767578 23.9585037231445 22.9895973205566 23.4957408905029 18.6202526092529 18.1231021881104 17.600658416748 16.2388477325439 16.1149215698242 15.9451580047607 19.7196025848389 23.0330619812012 25.106912612915 20.920072555542 20.0207004547119
28.5913391113281 27.9555225372314 27.1814632415771 27.5408325195312 27.7633590698242 27.1505241394043 27.1095371246338 27.4176635742188 27.6464500427246 27.4257030487061 27.3003520965576 27.7826843261719 27.3092002868652 26.7929649353027 25.8014831542969 26.1800880432129 26.1120491027832 25.2848796844482 24.5371494293213 23.9422969818115 24.0093650817871 24.6922855377197 24.8414249420166 24.7859954833984 25.6200466156006 25.2282161712646 25.3854675292969 24.2966709136963 24.134391784668 23.4196033477783 22.6034088134766 23.6854362487793 24.3877182006836 23.48974609375 23.0331420898438 23.3642234802246 18.741512298584 18.1666736602783 17.6423683166504 17.0512104034424 16.1827831268311 18.7296237945557 24.0429267883301 23.1188106536865 21.1754570007324 18.2846946716309
27.6517868041992 28.2143268585205 28.041654586792 28.3959064483643 27.8824710845947 27.4972248077393 26.5577754974365 26.9320755004883 27.5590057373047 27.7839050292969 28.0301380157471 28.0259571075439 26.9593544006348 26.4640045166016 26.3956661224365 26.4167346954346 25.9000625610352 25.1065616607666 24.6141414642334 24.0769290924072 23.463342666626 24.1647090911865 24.6808338165283 25.0067043304443 25.3840866088867 25.7480888366699 25.6703948974609 24.7462501525879 24.5011501312256 22.6659774780273 21.8138771057129 21.0188694000244 22.361644744873 23.2100944519043 23.0367393493652 22.6044254302979 19.0808601379395 17.3049240112305 17.4409561157227 17.2796287536621 17.2240047454834 18.9970989227295 24.8378601074219 26.0003833770752 21.4154186248779 24.0213794708252
28.2837753295898 27.7569522857666 28.4741077423096 28.6248054504395 28.009313583374 27.7276248931885 26.6573352813721 26.7698421478271 27.3687038421631 27.6258296966553 27.610818862915 27.3883018493652 26.5247688293457 27.0741233825684 26.9928302764893 25.6645545959473 25.3604736328125 24.5551376342773 25.045825958252 23.8592948913574 22.8403644561768 23.4728889465332 24.0061550140381 25.092658996582 25.4574108123779 25.7446327209473 25.4663143157959 24.4767074584961 24.0652484893799 23.5219554901123 21.3461818695068 20.9371356964111 21.6990261077881 21.5439701080322 22.140926361084 22.3748188018799 18.3716831207275 17.4408740997314 16.9666290283203 17.4531440734863 17.6239719390869 18.7725429534912 19.9278450012207 21.1581058502197 21.261266708374 18.9364433288574
27.483341217041 28.1789836883545 27.8161106109619 27.9817295074463 27.8887004852295 27.8227672576904 27.3713397979736 26.5957775115967 26.9960632324219 27.5158843994141 27.7004222869873 28.1218090057373 28.3232669830322 27.1777477264404 26.7386417388916 25.3970813751221 25.2312793731689 25.1305809020996 25.3858814239502 24.0346698760986 24.0422611236572 23.6574954986572 24.008358001709 24.943265914917 25.5297145843506 25.8632717132568 24.7879047393799 23.1339206695557 23.6051406860352 23.461742401123 22.3976383209229 21.4013195037842 21.0594520568848 20.4619255065918 23.1217594146729 21.0721817016602 21.9354515075684 22.2278060913086 17.1186294555664 16.9390068054199 17.0460300445557 17.2550277709961 17.8358478546143 19.5824337005615 20.2836112976074 18.8555965423584
26.7935981750488 27.798246383667 28.0482349395752 28.5093421936035 27.8480777740479 27.9230766296387 27.4509181976318 26.909158706665 27.0827178955078 27.1311683654785 27.6168003082275 27.6198806762695 26.4837875366211 26.4184455871582 26.4185485839844 26.1923694610596 26.0541076660156 25.7522735595703 25.2110118865967 25.0265235900879 25.0125522613525 24.1361618041992 24.5686836242676 25.4706592559814 26.2711944580078 26.1664276123047 24.9615993499756 24.3840923309326 23.5900363922119 22.4408302307129 21.5186252593994 21.1189708709717 21.3079528808594 21.9591159820557 22.3634223937988 20.6711368560791 17.6681842803955 21.0476169586182 17.6864547729492 16.6525993347168 16.656831741333 16.259578704834 16.9709377288818 18.1340770721436 18.2158164978027 17.9153079986572
27.1003589630127 28.1360778808594 28.1236820220947 27.6020679473877 28.3286437988281 28.4922027587891 27.9130744934082 27.299976348877 27.3993835449219 27.4347171783447 27.8168201446533 27.2140865325928 26.9149742126465 25.7322483062744 25.9002151489258 25.9846630096436 25.9700050354004 26.1620979309082 25.6961841583252 25.6452713012695 24.4831352233887 24.4025993347168 24.2510356903076 25.220853805542 25.5941047668457 26.4273300170898 24.7100887298584 22.8066577911377 22.0156402587891 21.8388023376465 21.4186058044434 21.8754863739014 22.6662349700928 22.5908470153809 21.9861183166504 20.1970901489258 17.8351211547852 17.4985313415527 17.4749221801758 16.6384525299072 16.7562351226807 16.2817974090576 16.1207389831543 16.9663047790527 17.4984683990479 17.8624210357666
27.5731620788574 27.0001811981201 27.7592887878418 27.9141159057617 27.9838581085205 28.9107093811035 28.2019195556641 27.4301795959473 27.2675495147705 27.6016139984131 27.312292098999 27.7797603607178 27.3815269470215 26.7792129516602 26.5467205047607 26.3959350585938 26.6848640441895 26.5003185272217 26.2530708312988 25.5207557678223 24.6615982055664 24.2097225189209 24.6913223266602 24.6940879821777 24.5891723632812 25.2433471679688 23.5949974060059 22.7959632873535 22.2167949676514 22.507791519165 22.8113994598389 22.7969570159912 22.791898727417 22.2624588012695 22.168062210083 21.1034832000732 21.8556709289551 16.8154029846191 17.5003623962402 17.7771091461182 17.5337619781494 17.1779766082764 16.2660636901855 17.079626083374 17.4062671661377 17.5390930175781
27.6796245574951 27.8337802886963 27.9120178222656 28.6305465698242 28.5305843353271 28.5982685089111 27.9303531646729 27.1752243041992 27.5421161651611 28.5893707275391 27.5773506164551 27.9340305328369 27.2395992279053 27.7565784454346 27.2908458709717 26.99875831604 27.51296043396 26.9910945892334 26.702112197876 25.36936378479 25.1351222991943 25.5846843719482 25.7018337249756 26.197883605957 26.0499572753906 25.4750652313232 25.083869934082 24.2231941223145 23.3769664764404 23.0583934783936 23.9239692687988 23.6265239715576 23.4720211029053 22.9513244628906 21.5770683288574 20.819263458252 19.6358432769775 21.1271057128906 20.0740509033203 18.4094982147217 16.8133316040039 16.5759506225586 16.1260852813721 15.8520631790161 17.7050476074219 18.1227073669434
28.3569774627686 28.6389102935791 27.3837909698486 27.8751640319824 27.4801769256592 27.5330982208252 28.2877044677734 27.7139873504639 27.9000873565674 27.8910369873047 27.8590278625488 27.6912498474121 27.3215942382812 26.8687343597412 27.2031116485596 26.8208179473877 27.256010055542 26.9773330688477 26.7787971496582 26.1240692138672 26.3298454284668 26.4088268280029 26.1358432769775 26.2988090515137 25.5006294250488 23.6926651000977 23.2993011474609 23.2428932189941 22.522008895874 23.0003242492676 23.9464931488037 23.7531585693359 23.2044239044189 22.427209854126 21.767110824585 23.3309955596924 21.8619403839111 18.1461791992188 22.3503646850586 23.7746429443359 22.946418762207 18.3424301147461 17.3851833343506 17.1550998687744 17.8422985076904 18.7395935058594
26.8255462646484 27.0490550994873 27.6588096618652 28.0791301727295 27.8280563354492 27.69016456604 27.7123336791992 28.3942394256592 27.288387298584 27.0876388549805 27.2393836975098 27.0036525726318 26.3244590759277 26.2938747406006 26.6473064422607 26.0621185302734 26.959098815918 27.0632343292236 26.910213470459 27.0178489685059 26.7511043548584 26.0529117584229 25.2293319702148 25.4222831726074 25.2963161468506 25.1071281433105 24.8255939483643 24.2221240997314 23.6339015960693 24.3795127868652 23.7438659667969 24.0706806182861 23.8373107910156 23.9395809173584 23.5745735168457 22.079963684082 22.8461399078369 22.3129978179932 22.145206451416 23.7227077484131 23.4747333526611 23.5102615356445 18.3105163574219 17.3834133148193 17.9276504516602 19.0369739532471
25.2191543579102 26.7305355072021 27.7578601837158 27.5161743164062 28.2240619659424 28.1982917785645 27.9792156219482 27.5567626953125 28.1119613647461 27.5416469573975 26.0665378570557 26.9411525726318 25.6967792510986 24.8824405670166 26.088062286377 25.9025077819824 25.3729763031006 26.1104545593262 26.9104385375977 26.6746444702148 26.553882598877 26.3711700439453 26.2678070068359 26.2150955200195 25.8183288574219 25.4058208465576 25.6293640136719 25.1938896179199 25.028902053833 24.6966400146484 24.4611988067627 23.7708625793457 23.7377796173096 24.3430843353271 24.1751441955566 24.0345363616943 24.4705276489258 22.745735168457 24.0344753265381 24.6803932189941 24.0414295196533 22.477388381958 17.4270515441895 16.3881149291992 17.0862998962402 18.1831340789795
26.4608001708984 25.3742446899414 26.8136577606201 27.8812942504883 26.9751377105713 26.9652538299561 28.133996963501 27.4090747833252 27.3295364379883 27.6172676086426 26.4611587524414 26.5223579406738 25.221700668335 24.615385055542 25.5842018127441 24.5745010375977 24.4071617126465 25.5857830047607 25.6353073120117 25.8938598632812 26.4863681793213 26.4858245849609 25.9526748657227 25.9222507476807 25.1071090698242 24.4691333770752 23.8707847595215 24.2997074127197 24.9953365325928 23.8981685638428 23.5348472595215 22.8491344451904 23.2424411773682 24.2142562866211 24.4364910125732 24.1671848297119 24.7260398864746 24.6935081481934 24.1605052947998 23.7043228149414 23.9846992492676 22.2397708892822 20.9496994018555 17.9869041442871 17.5239772796631 18.4328918457031
26.8404750823975 26.7497997283936 26.8459358215332 28.0389270782471 27.3660926818848 27.8063983917236 28.356782913208 28.3881759643555 28.6223487854004 28.279426574707 27.899076461792 27.4181499481201 25.4431228637695 24.8095645904541 25.2760028839111 24.7392807006836 24.4502964019775 24.2986812591553 23.5974979400635 24.8418464660645 25.8951854705811 26.7538013458252 27.0196399688721 26.4128742218018 24.9976978302002 23.3183975219727 22.4481048583984 23.217565536499 24.2765731811523 23.7208137512207 23.5519390106201 24.4960994720459 24.4626522064209 24.5060043334961 25.1881408691406 24.2760486602783 23.7785778045654 23.6362895965576 24.2754898071289 24.3716869354248 24.8438968658447 24.4113388061523 23.2570514678955 22.7819576263428 19.9913139343262 19.4971313476562
27.8677711486816 26.6535511016846 26.2441272735596 26.8527069091797 27.1252384185791 27.725528717041 28.5727062225342 27.8102207183838 28.7063770294189 28.2912311553955 26.86328125 27.1241455078125 26.1453227996826 23.3003635406494 23.741081237793 23.0037860870361 23.4274482727051 22.7683143615723 23.9759941101074 25.0671920776367 26.4549522399902 26.2627773284912 26.847843170166 26.8185710906982 25.343189239502 23.9082698822021 22.3547592163086 22.9102306365967 24.5544109344482 23.6969776153564 24.114725112915 24.9522514343262 25.8735599517822 25.8734569549561 25.0028133392334 24.600980758667 24.0379581451416 24.0638160705566 24.8902931213379 24.8950386047363 24.9911766052246 24.8900699615479 24.5786266326904 24.3136444091797 22.4508800506592 19.3891868591309
26.7548332214355 26.8108596801758 27.2130851745605 26.8865985870361 27.698751449585 27.6146564483643 28.5471458435059 28.5396747589111 27.5133514404297 27.8404960632324 28.1521663665771 27.2469539642334 26.2078399658203 22.9149494171143 23.444694519043 23.5594348907471 23.0895843505859 23.4667015075684 23.5289211273193 24.8073596954346 26.1978721618652 25.8520526885986 26.5832061767578 26.6412334442139 26.0933475494385 25.0858821868896 23.7721729278564 23.5139141082764 24.3278770446777 24.5796604156494 25.3774185180664 25.8311347961426 25.867223739624 25.8923492431641 25.9614410400391 24.9317512512207 24.0536651611328 23.9945983886719 24.0705757141113 24.5713424682617 25.3781604766846 24.9569206237793 23.991720199585 24.0952663421631 23.0208759307861 22.4408569335938
