inst/extdata/Tmax/Tmax120.asc
NCOLS 100 
NROWS 79 
XLLCORNER 148.06 
YLLCORNER -21.49 
CELLSIZE 0.01 
NODATA_value -3.4e+38 
[rows 20 to 39 of 79, columns 46 to 91 of 100]
31.2641735076904 29.5807514190674 29.7923412322998 31.1541061401367 30.9117412567139 30.3689994812012 30.1027145385742 28.9503002166748 30.7584095001221 32.1750869750977 33.1896286010742 32.7603073120117 32.7419815063477 33.3361587524414 33.0135765075684 32.7637519836426 33.0358810424805 33.5836219787598 33.741081237793 33.7518272399902 33.6990051269531 33.5938720703125 33.8818206787109 33.9698791503906 33.9287986755371 33.8590888977051 33.7664260864258 33.809253692627 33.7849006652832 33.471305847168 33.5422172546387 33.8115463256836 33.7153854370117 33.4483413696289 33.4618644714355 33.4458274841309 33.378116607666 33.3844947814941 33.3793601989746 33.3575477600098 33.2909240722656 33.1544151306152 32.6044158935547 32.5035934448242 32.740478515625 32.7457046508789
31.5404357910156 29.5556659698486 28.4036178588867 30.1029434204102 29.9767532348633 29.4452667236328 30.30104637146 28.4391479492188 29.6860866546631 31.7090511322021 32.9327125549316 31.6766967773438 31.0587539672852 32.8015174865723 31.6805381774902 31.3428020477295 32.1782455444336 33.4373207092285 33.4509010314941 33.8611488342285 33.9629821777344 33.966423034668 33.7712631225586 33.4484367370605 33.4495506286621 33.5248947143555 33.692512512207 33.6721534729004 33.5909309387207 33.5190391540527 33.8167953491211 33.8679847717285 33.8131446838379 33.4576072692871 33.5495796203613 33.5156593322754 33.3967971801758 33.4142799377441 33.4239883422852 33.4253273010254 33.3139038085938 33.2227668762207 33.0453796386719 32.8605499267578 32.7311630249023 32.723461151123
32.1184158325195 31.6614418029785 29.8332080841064 29.2004203796387 28.733715057373 29.8706531524658 29.2912673950195 29.5450267791748 28.9466896057129 29.8827018737793 32.0560607910156 32.4442977905273 30.9931640625 31.3793087005615 31.0506458282471 31.5963935852051 32.613956451416 33.0041618347168 31.7216300964355 32.9460945129395 33.7261390686035 33.8003082275391 33.2164192199707 32.4260063171387 33.0108680725098 33.0022888183594 33.5841026306152 33.7768287658691 33.4852752685547 33.694709777832 33.8656158447266 33.9119148254395 33.9088096618652 33.8509254455566 33.7512626647949 33.5767974853516 33.4003753662109 33.2756576538086 33.3515815734863 33.4579582214355 33.362979888916 33.3092727661133 33.0542106628418 32.942066192627 32.8143348693848 32.953914642334
31.5125045776367 31.3595104217529 30.7635803222656 29.987663269043 28.5228672027588 29.2639236450195 29.911096572876 30.1126461029053 29.8722095489502 29.4297351837158 30.7682495117188 30.7510013580322 31.6198139190674 30.0128993988037 30.8376178741455 32.2820510864258 32.2610549926758 32.6260528564453 31.3331317901611 33.3158988952637 34.0637512207031 33.9598121643066 33.0516014099121 31.7635402679443 32.9543762207031 33.1261177062988 33.2317428588867 33.6906623840332 33.8892593383789 33.9528427124023 33.97021484375 33.9972229003906 33.9748611450195 33.8916282653809 33.7956733703613 33.6435127258301 33.2283744812012 32.8874664306641 33.029712677002 33.3158416748047 33.3012809753418 33.3689308166504 33.120662689209 33.1021156311035 32.8553810119629 32.8833847045898
29.5962982177734 30.9123592376709 31.266077041626 31.0360679626465 30.0314331054688 29.4085960388184 29.4172458648682 29.1057434082031 30.0078983306885 29.4692230224609 29.4771518707275 29.0072383880615 30.9309024810791 31.7634258270264 30.977689743042 31.9966011047363 32.7444076538086 33.3069534301758 33.0150260925293 34.0019950866699 34.0066452026367 33.8666076660156 33.205078125 32.404167175293 33.1693572998047 33.4556007385254 33.1646003723145 33.2619819641113 33.3708152770996 33.8634872436523 33.7034759521484 34.0300369262695 33.9121894836426 33.8814544677734 33.8014717102051 33.4660301208496 33.3820114135742 32.8145980834961 32.5419311523438 33.0167427062988 33.1637802124023 33.2715950012207 33.1074066162109 33.1735534667969 33.2386932373047 33.0871696472168
28.1035423278809 29.1236972808838 30.470178604126 30.3968715667725 29.5541400909424 28.7971801757812 28.4046573638916 27.8184032440186 29.0556564331055 29.6989784240723 29.1713161468506 29.4189872741699 30.833646774292 32.6998443603516 32.2169570922852 32.2972106933594 32.4507369995117 33.7805404663086 33.8785934448242 33.8707885742188 33.8633651733398 33.5635871887207 32.3705139160156 32.4278259277344 32.5332717895508 33.158203125 32.8975677490234 32.3017120361328 32.9158363342285 33.9440650939941 33.8880271911621 34.0113067626953 33.9781341552734 33.9566612243652 33.8279647827148 33.679931640625 33.7015914916992 33.1121635437012 32.6112823486328 32.9476203918457 32.6449012756348 32.7831535339355 32.508903503418 33.1623649597168 33.2134552001953 33.2004508972168
27.9806690216064 27.824987411499 28.5719604492188 29.2379322052002 29.9480133056641 27.6512203216553 27.3769664764404 28.2592697143555 28.7935390472412 29.5706329345703 29.6030025482178 30.0373821258545 31.7832641601562 32.6586303710938 33.1371383666992 33.3013916015625 33.4390563964844 33.9295043945312 33.5836982727051 33.4259490966797 33.4570083618164 33.033576965332 33.218505859375 33.4835510253906 33.4964256286621 32.9119491577148 32.5063133239746 33.3906211853027 33.6448593139648 33.6065063476562 33.0627632141113 33.721118927002 33.8830795288086 33.9711074829102 33.9634780883789 33.876049041748 33.5556755065918 33.2371368408203 33.3223037719727 33.0903968811035 32.9716758728027 32.4346733093262 32.9150352478027 33.1264915466309 33.0536193847656 32.9575729370117
28.1653652191162 27.6415996551514 27.9677486419678 28.231575012207 28.8068904876709 27.0572872161865 26.7647800445557 27.2141971588135 28.5864944458008 29.3761749267578 28.8487510681152 29.4615592956543 30.4018325805664 31.5717601776123 32.9517211914062 32.6404342651367 33.694034576416 33.9358901977539 33.2643356323242 32.5572242736816 33.1744689941406 33.3709526062012 33.6852493286133 33.9116744995117 34.021842956543 33.6189117431641 33.6193008422852 33.9681816101074 34.0331687927246 33.3455543518066 32.9148902893066 33.4509010314941 33.5633239746094 33.9724388122559 34.0209846496582 33.9655494689941 33.8213348388672 33.6185531616211 33.2319183349609 32.4791679382324 32.2529716491699 32.131908416748 32.1723480224609 32.8410148620605 32.8979721069336 33.2961463928223
29.0724182128906 28.634256362915 29.4264869689941 29.2763538360596 28.879545211792 27.4244136810303 28.2538681030273 27.9919815063477 28.3249359130859 28.9551734924316 28.67333984375 28.9742851257324 29.1262626647949 31.3740005493164 32.5780754089355 31.8992595672607 33.3331413269043 33.6162719726562 33.322452545166 32.2486228942871 32.5045471191406 33.5624160766602 33.951732635498 34.0769348144531 34.1008491516113 34.0089874267578 34.0261154174805 34.1389350891113 33.7691764831543 33.0831031799316 32.9515419006348 33.6023979187012 34.0140724182129 34.0533027648926 34.0474853515625 34.0248832702637 33.9871139526367 33.8590698242188 33.6207962036133 32.5157661437988 31.9477424621582 31.1701755523682 32.117000579834 32.1116600036621 32.9959564208984 33.3685302734375
30.7243709564209 30.580472946167 29.9939613342285 29.9428882598877 29.4136123657227 28.9137649536133 28.6168308258057 27.5800724029541 28.2672939300537 27.7433624267578 27.2345352172852 28.6400680541992 29.0067596435547 30.9434242248535 31.9135360717773 31.1920127868652 31.8981781005859 32.6551666259766 33.1936149597168 33.0765533447266 32.6416893005371 33.5792694091797 34.0342559814453 33.8462600708008 33.8234558105469 33.5235023498535 33.9242477416992 34.1611862182617 33.2703323364258 32.4528007507324 33.0868034362793 33.6429824829102 33.9859085083008 34.0659713745117 34.0791473388672 34.029411315918 34.0136184692383 33.9284133911133 33.7495651245117 33.3752670288086 32.7200660705566 32.2432174682617 31.83127784729 31.6495666503906 32.5031700134277 32.9911460876465
29.5950546264648 29.6102199554443 29.6530799865723 29.2939376831055 28.8044605255127 29.0499687194824 28.1259174346924 27.5907421112061 27.0522193908691 27.1547241210938 26.5302848815918 27.5175399780273 27.5187721252441 29.8610763549805 30.9170455932617 29.7396831512451 30.3109493255615 31.8787746429443 33.1580085754395 33.6907768249512 33.2262115478516 33.81494140625 34.0155830383301 33.6323280334473 33.6154098510742 33.7394485473633 34.1865310668945 34.1634750366211 33.6369094848633 32.9966773986816 33.3519439697266 33.6221885681152 34.0380668640137 34.062126159668 34.0171737670898 33.9909286499023 33.991771697998 33.9209938049316 33.8517265319824 33.6620864868164 33.4223022460938 32.8941307067871 32.5256576538086 32.4893989562988 32.7108154296875 33.1191101074219
28.8303680419922 29.1167640686035 29.0104503631592 28.9748497009277 28.0424613952637 28.8906536102295 27.891975402832 26.5702610015869 25.9348049163818 26.3582134246826 26.0112266540527 26.7485618591309 27.5986785888672 29.572078704834 29.9059257507324 29.5359210968018 31.6958236694336 32.6343688964844 33.3581962585449 33.8205986022949 34.0858192443848 34.1422882080078 34.0887260437012 34.0035057067871 33.7927207946777 34.0780220031738 34.2008781433105 34.0896759033203 33.7244834899902 33.1024589538574 33.183765411377 33.7486801147461 33.9563941955566 33.5042457580566 33.8653182983398 33.9779586791992 33.9582443237305 33.9233474731445 33.8841018676758 33.7813720703125 33.4964294433594 32.7602386474609 33.0929565429688 33.1373519897461 33.0512847900391 32.984619140625
28.1104965209961 28.4400539398193 28.2835941314697 28.5803260803223 28.683952331543 28.698184967041 28.3150978088379 27.1386852264404 27.2485961914062 27.366283416748 26.2821617126465 26.0751762390137 27.1054649353027 29.4915390014648 30.045539855957 30.5925045013428 30.6651248931885 31.5197620391846 33.3276634216309 33.8971633911133 34.081974029541 34.0381660461426 33.8944053649902 33.8487281799316 33.999828338623 34.0783767700195 34.0540390014648 33.6754951477051 32.7667388916016 32.937744140625 33.2490692138672 34.0241546630859 33.7612915039062 33.2104263305664 33.8773612976074 33.8106918334961 33.8385848999023 33.8957443237305 33.8048820495605 33.5307998657227 32.9587898254395 31.7223472595215 31.472728729248 32.4974937438965 32.8542594909668 33.1459541320801
28.8346633911133 28.3360328674316 28.1760196685791 28.363094329834 28.5185108184814 28.4355812072754 27.963924407959 27.5687217712402 28.1961860656738 27.4663925170898 27.3279514312744 27.3246459960938 28.180046081543 29.3969230651855 29.5737838745117 30.3529872894287 31.3670787811279 32.5064353942871 33.4074249267578 33.8091011047363 34.1308364868164 34.1103210449219 33.6322021484375 33.3583450317383 33.5804100036621 33.4457244873047 33.5474319458008 33.7128067016602 33.6092643737793 33.5957679748535 33.8912048339844 34.154052734375 33.5486373901367 33.4668579101562 34.0261344909668 33.5347709655762 33.6701965332031 33.6329154968262 33.7088890075684 33.420051574707 32.0302200317383 31.309627532959 30.7283267974854 32.4809036254883 33.0305061340332 32.8566856384277
29.2822399139404 28.0145778656006 27.9737167358398 28.1031932830811 28.260705947876 28.1235008239746 28.1555099487305 28.7528228759766 28.3808364868164 27.5765609741211 28.7928829193115 29.2888431549072 29.4943180084229 28.843412399292 28.8781223297119 29.9960670471191 31.3218212127686 32.6543922424316 32.7520065307617 33.5366706848145 33.9796142578125 34.0028915405273 33.5457038879395 33.3155479431152 32.5499305725098 33.0982055664062 33.6023254394531 33.7535095214844 33.9848213195801 33.9967765808105 34.163688659668 34.1083297729492 34.077205657959 34.107006072998 34.0654640197754 33.8284072875977 32.918098449707 33.5037536621094 33.6914176940918 33.6458854675293 33.6028022766113 32.3771133422852 32.2243194580078 33.5006866455078 33.7733116149902 33.7441749572754
29.3378620147705 28.2915859222412 27.9367866516113 27.8681488037109 28.1025638580322 27.9133110046387 28.6433792114258 30.3849983215332 29.4776992797852 28.7608985900879 30.7304401397705 31.4338073730469 31.0498752593994 28.9976253509521 29.4393177032471 29.564582824707 31.5771980285645 31.6509170532227 31.5291194915771 32.4462966918945 33.5643539428711 33.7917098999023 33.4801750183105 33.4766044616699 33.3538932800293 33.0290641784668 33.1055641174316 33.25146484375 33.9237251281738 33.8921165466309 33.967041015625 33.783332824707 33.9821166992188 34.1297569274902 33.8517684936523 33.8313865661621 33.1826705932617 33.3086776733398 33.5764389038086 33.4206314086914 33.8239707946777 33.8292617797852 33.7360534667969 33.7798728942871 33.8899154663086 33.7626342773438
29.0352687835693 28.3489818572998 28.13352394104 28.3369579315186 28.2762145996094 28.3857917785645 28.8487396240234 31.0920333862305 31.2923469543457 29.9105415344238 31.958158493042 32.9187774658203 32.2045440673828 30.9737930297852 30.90598487854 31.5335292816162 32.2214546203613 32.6890602111816 33.009349822998 33.3148880004883 33.5256004333496 33.2714424133301 31.9605827331543 32.2451248168945 32.7688941955566 32.4024543762207 32.6165771484375 33.4505424499512 33.8203277587891 34.0206756591797 32.9703063964844 32.9536170959473 33.7526817321777 34.048095703125 33.5834007263184 33.6077461242676 32.8356132507324 33.3428916931152 33.542854309082 33.4035301208496 33.853630065918 33.9386596679688 33.9647979736328 33.9637031555176 33.909595489502 33.5936088562012
29.0588493347168 28.640552520752 28.6032161712646 28.7739734649658 28.987377166748 29.1425399780273 30.0100593566895 31.8085975646973 31.6975631713867 31.2167167663574 32.6506309509277 33.7637519836426 32.9514541625977 31.8153915405273 31.2737884521484 32.9994735717773 33.3604736328125 33.5703773498535 33.7740097045898 33.8021812438965 33.3882484436035 33.1336059570312 33.2415008544922 32.7028579711914 33.0336036682129 33.4938583374023 33.7072830200195 33.7859077453613 33.9925727844238 33.9242210388184 32.3404731750488 33.0497360229492 33.876148223877 33.8030166625977 33.3857307434082 33.3414688110352 33.1878776550293 33.6880683898926 33.7179222106934 33.7278289794922 33.6965217590332 33.8582916259766 33.9068794250488 33.9179153442383 33.8451080322266 33.7920875549316
29.0094890594482 28.7051944732666 29.2926979064941 30.102560043335 30.2299404144287 30.7280540466309 31.8579158782959 32.4876937866211 31.8843650817871 32.2802352905273 33.7088813781738 34.2199783325195 33.6760673522949 32.6618614196777 31.9061088562012 32.9605331420898 32.9627571105957 33.2609329223633 33.9942169189453 34.1955871582031 33.8914947509766 33.559154510498 33.895320892334 33.706371307373 33.5800437927246 34.0408706665039 33.9418029785156 33.8623886108398 34.1170272827148 33.8943176269531 33.283203125 33.7501029968262 33.9254379272461 33.6279487609863 32.7139434814453 32.6697578430176 32.9898796081543 33.7015266418457 33.4165000915527 33.3962821960449 33.4127769470215 33.6981430053711 33.6795806884766 33.7398796081543 33.595401763916 33.7198295593262
29.0602912902832 29.2678928375244 30.4784259796143 31.2629203796387 31.9902000427246 32.9574584960938 33.6054916381836 32.9128227233887 30.9801292419434 31.6326541900635 33.1662406921387 34.258903503418 33.8346481323242 33.5029373168945 32.6082878112793 33.5890922546387 33.7419319152832 33.1333389282227 33.9071655273438 34.2522621154785 34.1926307678223 33.7627983093262 34.0963478088379 34.1999664306641 34.0487098693848 34.1331253051758 33.9499740600586 33.2029266357422 33.9943771362305 34.13623046875 34.0474243164062 33.9415130615234 33.630786895752 33.2985420227051 32.4743232727051 32.5241165161133 33.2654762268066 33.2022590637207 33.0617828369141 32.8781318664551 33.0152168273926 33.3128395080566 33.1208114624023 33.470947265625 33.0170860290527 33.3885765075684
