inst/extdata/Tmax/Tmax33.asc
NCOLS 100 
NROWS 79 
XLLCORNER 148.06 
YLLCORNER -21.49 
CELLSIZE 0.01 
NODATA_value -3.4e+38 
[rows 20 to 39 of 79, columns 0 to 45 of 100]
24.576993942260700 25.086124420166 25.2821483612061 25.0154762268066 25.2172889709473 26.0635719299316 25.6004447937012 25.8899402618408 24.7293586730957 24.6552391052246 25.7335433959961 25.3178062438965 24.2345542907715 22.4406356811523 21.29465675354 20.5247802734375 20.18483543396 21.519495010376 22.5180549621582 23.3729858398438 23.5212001800537 24.0187397003174 24.2283573150635 24.5940227508545 24.5508499145508 24.2999801635742 23.2081127166748 21.2707271575928 22.2956886291504 22.1394100189209 23.3237209320068 23.6376533508301 23.7126483917236 23.7951335906982 23.5528831481934 23.2635440826416 23.0715560913086 22.8512897491455 21.9782886505127 22.2914218902588 22.0983180999756 21.2055416107178 21.9768352508545 21.784912109375 20.3516883850098 20.495231628418
25.3316478729248 25.6245193481445 25.6404819488525 25.2678050994873 25.2079238891602 25.1280384063721 24.7224922180176 25.5159282684326 25.7741203308105 26.0374355316162 25.7234706878662 25.736421585083 25.2370414733887 22.7150707244873 21.2206535339355 21.0255737304688 21.1490821838379 21.7356147766113 22.226541519165 23.2814922332764 23.9639263153076 24.5701961517334 23.743091583252 24.2745628356934 24.2332572937012 23.953483581543 23.6946697235107 22.1815910339355 22.2758617401123 23.2446765899658 23.6995086669922 23.4710025787354 23.4344482421875 22.236177444458 21.9576778411865 22.1954669952393 23.1648693084717 21.3481330871582 20.9428157806396 21.261926651001 20.4881572723389 21.0850524902344 21.2878303527832 18.972339630127 18.9341201782227 19.7116641998291
25.6046409606934 25.8706951141357 25.6877212524414 25.0040397644043 26.2438182830811 25.3410453796387 25.6029434204102 25.2889804840088 25.9972114562988 25.1906852722168 26.2918109893799 25.9124736785889 25.7185153961182 24.7915992736816 24.0045375823975 22.2936134338379 20.6744422912598 21.2128601074219 21.5881576538086 23.5510215759277 24.4185123443604 23.5735378265381 23.6694564819336 23.2076148986816 22.7393360137939 23.6004657745361 23.536642074585 23.2089595794678 23.149377822876 23.1829643249512 22.8326549530029 22.3896236419678 21.8880729675293 21.387378692627 20.7248935699463 21.5577049255371 21.6428203582764 20.4810447692871 20.5079288482666 20.5072021484375 19.1783561706543 19.0123882293701 19.6368980407715 20.3150234222412 14.7603740692139 19.452054977417
25.7414207458496 26.1959400177002 26.7110557556152 25.0044078826904 24.9380226135254 25.7993507385254 24.8720436096191 25.8465576171875 26.0512142181396 25.15700340271 25.7216815948486 25.6076622009277 25.828498840332 24.901538848877 23.0674018859863 22.1570587158203 21.025074005127 21.3635883331299 21.9901714324951 22.9624824523926 23.4468631744385 24.0169868469238 23.2541847229004 21.9449405670166 22.4519481658936 22.5998134613037 22.5845642089844 23.5153999328613 23.8326740264893 23.5972633361816 23.2485256195068 22.2045669555664 21.5654773712158 21.7550144195557 22.2662544250488 21.9386119842529 19.7060432434082 19.3393974304199 19.8927173614502 20.1672191619873 18.7649097442627 18.5768852233887 18.1236362457275 16.489200592041 17.8904933929443 18.066162109375
25.9340000152588 25.8192005157471 25.6423149108887 26.3687591552734 26.4673118591309 26.1559162139893 24.9312133789062 26.0067729949951 24.5808353424072 24.8145275115967 24.8593101501465 24.6166515350342 24.4503479003906 24.7915058135986 23.2905197143555 21.8329658508301 21.161937713623 21.0560302734375 22.162576675415 22.3333930969238 23.6138591766357 23.8464202880859 21.2675647735596 21.0352077484131 21.2844352722168 21.6454753875732 21.9435997009277 23.2677555084229 23.6648731231689 23.0788803100586 23.4884433746338 23.0676898956299 22.9762706756592 22.8189544677734 22.2947368621826 21.8932876586914 21.2351264953613 20.3236808776855 19.1084308624268 18.5386695861816 17.4331569671631 16.5076274871826 17.1296691894531 19.035005569458 14.0606317520142 13.8401021957397
26.3851757049561 26.1066932678223 26.5619411468506 25.9098510742188 26.4321269989014 26.2949466705322 26.1593570709229 25.936580657959 25.7759094238281 24.39963722229 25.4437980651855 24.749231338501 23.9563579559326 24.0862216949463 24.1136932373047 23.9707221984863 22.7292232513428 22.5080394744873 23.134033203125 23.7391204833984 23.0648002624512 21.4766445159912 20.9754009246826 19.8196697235107 20.5253295898438 21.3826732635498 21.4182052612305 22.3666496276855 23.428524017334 23.2741680145264 21.6580657958984 22.6517448425293 22.4746589660645 22.4985580444336 22.0811214447021 21.7692966461182 21.1731929779053 19.9446811676025 17.6224613189697 18.1461391448975 16.7399501800537 17.7869472503662 19.2951126098633 18.7703952789307 14.01087474823 13.2661180496216
24.4222850799561 25.6361255645752 26.6847591400146 26.4537944793701 26.3392753601074 26.1825618743896 26.0675258636475 26.0854301452637 25.8085975646973 24.5491523742676 24.1149101257324 24.3099956512451 24.1399211883545 23.8491268157959 23.9508266448975 23.006763458252 22.2323970794678 22.354284286499 23.2196445465088 23.0859889984131 22.7850112915039 23.0708408355713 21.9166278839111 20.577335357666 20.0298728942871 20.7553482055664 22.0632038116455 23.3684139251709 22.8282527923584 23.0117225646973 22.2370281219482 22.0094242095947 22.3325614929199 21.7868499755859 21.7325077056885 20.9308261871338 19.6118354797363 19.8517475128174 15.2442255020142 13.6643877029419 16.3680953979492 13.8877248764038 18.7049140930176 14.9384269714355 17.3422698974609 13.0638542175293
24.5898761749268 24.2099437713623 25.3546047210693 26.2222385406494 26.183952331543 26.0647926330566 26.2480907440186 26.3770332336426 25.9854145050049 25.2581233978271 24.8013114929199 24.1055011749268 23.9342613220215 24.3207111358643 22.7606067657471 22.9653224945068 22.5263633728027 22.0781211853027 22.4027252197266 22.4764595031738 22.5179996490479 22.6179637908936 22.169942855835 20.9827213287354 20.8614978790283 21.1088886260986 20.6073989868164 23.147518157959 23.5522651672363 22.2785720825195 22.0141525268555 22.0889282226562 22.4120006561279 21.5338020324707 21.18674659729 20.3789939880371 18.9242630004883 19.2380695343018 18.9794769287109 17.87864112854 16.727725982666 17.1638584136963 16.9820499420166 14.2611103057861 13.6798076629639 13.3584842681885
23.4007587432861 23.8429832458496 24.42600440979 25.3331890106201 26.3750076293945 25.8679714202881 26.2933712005615 25.9443645477295 25.9596862792969 24.9962139129639 25.0901165008545 24.288537979126 24.5717887878418 24.549976348877 24.2624034881592 22.1354274749756 22.1673927307129 21.9631519317627 22.3174571990967 23.2303047180176 22.0306282043457 22.5335464477539 21.5621109008789 20.5775051116943 20.8492183685303 21.1787891387939 21.1697311401367 21.9519023895264 22.7534999847412 22.6638412475586 22.7706985473633 21.8206481933594 21.3733444213867 20.1720180511475 19.5516662597656 18.6363334655762 18.9425392150879 18.9587936401367 19.084888458252 16.6252841949463 13.7600603103638 13.8103513717651 17.1953392028809 13.5943603515625 13.8031492233276 13.7009267807007
22.3411521911621 23.00048828125 23.6020545959473 24.3287773132324 25.7241649627686 25.7478923797607 25.095386505127 26.2736034393311 26.0737781524658 25.7244148254395 24.6179523468018 25.0460052490234 24.39573097229 24.1167106628418 24.6966514587402 24.4696197509766 24.0762767791748 22.3281898498535 22.583927154541 22.5645446777344 22.5086250305176 22.4955596923828 22.0535526275635 21.0992259979248 20.8984279632568 20.9401245117188 20.495246887207 21.9019966125488 22.851541519165 22.3469505310059 22.9723262786865 21.4600944519043 20.4220771789551 20.2811889648438 19.7716903686523 19.4495658874512 19.4149150848389 18.8408107757568 18.2243537902832 17.8187217712402 18.9584655761719 18.9751300811768 16.4624214172363 16.5354385375977 13.8123445510864 14.6738939285278
22.8569049835205 23.4770603179932 23.6037006378174 24.3763790130615 24.6608581542969 24.4604434967041 24.6595077514648 25.7110633850098 25.6748600006104 25.1896286010742 25.6735744476318 25.5914535522461 25.6311721801758 24.8246765136719 24.86155128479 24.8639888763428 23.6739807128906 23.1446895599365 22.2151718139648 22.581823348999 22.404504776001 21.8294715881348 21.629846572876 21.2495250701904 20.7052040100098 20.0437259674072 20.4304275512695 22.1193103790283 22.5700874328613 22.7513484954834 23.0508842468262 23.2287940979004 21.5226097106934 20.3288974761963 19.6121120452881 20.4330940246582 20.0151958465576 19.3384265899658 18.5288066864014 18.5265769958496 20.537914276123 20.4093246459961 20.0097007751465 19.0987358093262 15.8634490966797 15.0975341796875
23.8695964813232 23.7889442443848 24.667667388916 25.504602432251 26.0016765594482 24.7204341888428 24.7978591918945 26.0695915222168 26.0324993133545 25.3694496154785 25.7854137420654 25.4318771362305 25.3859176635742 25.007999420166 24.0746040344238 24.418628692627 22.184253692627 20.8869304656982 22.2745819091797 21.9249076843262 21.9052505493164 22.0606460571289 21.5424957275391 21.3066425323486 20.8992328643799 20.8945846557617 21.2390995025635 22.492036819458 23.2118549346924 22.2076606750488 22.6923923492432 22.7268600463867 23.0529003143311 22.1595401763916 21.4831581115723 20.3179569244385 20.500057220459 20.5687217712402 20.1602478027344 21.6916561126709 20.7134246826172 20.2378463745117 15.1126174926758 16.7647361755371 14.3623447418213 13.7165441513062
23.4171257019043 24.7656593322754 24.632474899292 24.7371311187744 25.9233322143555 25.1179962158203 25.7383670806885 25.3909912109375 25.9723110198975 24.9652442932129 25.9402503967285 25.4374713897705 25.4200859069824 24.8274803161621 24.4299011230469 23.9142589569092 23.8973770141602 22.2091274261475 21.0633525848389 21.4447021484375 21.5210571289062 22.0294723510742 21.4218444824219 21.5293407440186 21.166223526001 20.974292755127 22.6506328582764 22.8323726654053 22.7199668884277 24.1600246429443 22.8042469024658 22.2738571166992 23.5369262695312 23.4215621948242 22.7126789093018 22.0205821990967 21.692928314209 21.6415939331055 21.1875762939453 21.3730812072754 20.4761009216309 17.9931049346924 13.4320793151855 13.7316837310791 13.9209833145142 12.7261085510254
24.1546745300293 24.2915477752686 24.8895568847656 23.8556213378906 24.4010105133057 23.3524131774902 24.0608978271484 25.3977355957031 25.9168033599854 25.7213935852051 26.0275459289551 25.2591590881348 25.1070251464844 25.1657085418701 24.5613021850586 24.341136932373 24.7303829193115 24.2568855285645 23.538402557373 23.1296348571777 21.9702529907227 21.7065696716309 22.2427101135254 21.8915138244629 21.5205516815186 21.1231460571289 22.6376152038574 23.4655208587646 23.0254993438721 23.1829509735107 22.9674663543701 21.7653636932373 21.4909133911133 21.5307502746582 22.0037021636963 22.2471656799316 22.28125 22.7436485290527 22.300537109375 22.4505996704102 20.7318820953369 16.0653781890869 14.5987825393677 14.8152618408203 14.6391324996948 13.7283849716187
24.6628093719482 25.0459938049316 24.814977645874 23.0327491760254 23.7274837493896 24.7651710510254 23.9921607971191 25.4135417938232 25.7953357696533 25.4389133453369 25.8862457275391 25.5968799591064 25.9329719543457 25.4471282958984 25.0399017333984 24.8665676116943 24.583589553833 24.2766647338867 23.8682899475098 22.9088363647461 21.5086917877197 22.5748310089111 23.0031681060791 21.8594665527344 21.4354190826416 21.326099395752 21.1564903259277 22.5598754882812 22.3712329864502 21.4433670043945 22.4414196014404 21.3736915588379 20.9472904205322 20.9849510192871 20.709903717041 20.9349803924561 21.5788650512695 21.1642990112305 21.8291339874268 21.5860900878906 19.9077472686768 19.6820049285889 16.8532276153564 16.1943130493164 15.4370851516724 15.3364086151123
24.3862781524658 25.722074508667 24.7982921600342 23.9782104492188 22.450065612793 24.7440071105957 26.1473484039307 24.2902088165283 25.280834197998 25.8821086883545 25.7759094238281 25.6257724761963 25.1245460510254 25.2741508483887 24.9253044128418 25.0910720825195 24.15993309021 23.7278919219971 23.6500473022461 23.0998115539551 22.036434173584 22.7080936431885 21.9022178649902 20.5802764892578 20.9701156616211 20.5486068725586 21.8924598693848 21.1940059661865 21.0118503570557 18.4356002807617 20.2919845581055 20.848819732666 21.1604843139648 20.840425491333 20.8865776062012 19.9930095672607 20.1586170196533 20.5442733764648 21.4978694915771 20.8271999359131 15.9892654418945 15.6888751983643 15.427978515625 16.0171718597412 15.6919364929199 14.5880365371704
24.9775829315186 24.1256160736084 25.450309753418 24.7357559204102 24.6080341339111 24.6210765838623 24.6452941894531 24.7385005950928 24.9016304016113 26.2217693328857 26.2243022918701 25.6643085479736 25.5486526489258 25.8071308135986 25.5558910369873 24.422191619873 23.804235458374 23.7517929077148 23.7425174713135 23.7350368499756 23.0649318695068 22.1002140045166 21.0682353973389 20.8559837341309 21.1452598571777 21.7574214935303 22.297290802002 21.42307472229 21.0988941192627 19.1718730926514 18.974308013916 18.0058784484863 19.5198459625244 20.889949798584 20.8772964477539 19.0415439605713 18.9893283843994 18.6157817840576 18.3813743591309 14.8855152130127 14.8905429840088 14.1975202560425 14.6748065948486 15.5323305130005 15.5768671035767 14.0606155395508
24.3431301116943 23.833646774292 25.1369361877441 23.9453907012939 24.1058692932129 24.1273231506348 22.9188079833984 23.7044410705566 24.740514755249 25.0624599456787 25.8004055023193 25.8311195373535 25.7137680053711 25.213415145874 25.5449638366699 25.4308834075928 24.7453784942627 23.4566841125488 23.9695453643799 23.5093669891357 23.337043762207 22.637035369873 21.2489700317383 21.0834922790527 20.5820217132568 21.2011604309082 22.1031322479248 21.234712600708 21.4209289550781 21.1060657501221 21.098108291626 20.0164909362793 19.7065696716309 18.4713039398193 14.5439519882202 13.4432725906372 13.5787696838379 13.3522853851318 13.2906265258789 13.4991464614868 13.6809301376343 13.7664556503296 14.0446538925171 14.8363246917725 15.1788139343262 14.7323741912842
24.3217964172363 23.7013835906982 23.7405815124512 24.9502849578857 24.6363105773926 24.7626094818115 23.3307228088379 22.4775161743164 23.3991546630859 24.3105487823486 25.6144771575928 25.9693088531494 25.8805503845215 25.7067813873291 24.6285839080811 24.2205028533936 24.2236480712891 23.8350467681885 24.2838611602783 24.1533584594727 24.1264133453369 22.8398265838623 22.2275333404541 21.834228515625 21.0029525756836 21.7892951965332 21.5095882415771 21.6383247375488 20.0353488922119 20.9325523376465 20.1719799041748 19.9758319854736 20.2570152282715 19.554708480835 18.1312236785889 13.0536785125732 12.7212467193604 12.6311779022217 12.5052003860474 13.011661529541 13.6050262451172 15.114185333252 13.662091255188 14.6940717697144 14.195258140564 14.0992107391357
23.9280681610107 23.4337844848633 24.6793632507324 24.6585445404053 24.9123611450195 24.0259532928467 23.6926822662354 23.0446968078613 23.9396209716797 23.3159732818604 24.2569770812988 25.7557277679443 25.4798183441162 25.2714176177979 24.5803413391113 24.8750972747803 23.2263164520264 23.4835205078125 23.8754043579102 23.680627822876 23.7660675048828 23.1171722412109 23.195520401001 22.6411056518555 21.5693683624268 21.5231075286865 21.1769180297852 21.0798816680908 21.5627117156982 20.6309375762939 19.6135597229004 18.6266651153564 20.5434532165527 20.7618141174316 20.7857036590576 18.3414344787598 15.4699058532715 15.05601978302 14.0874280929565 13.1875648498535 13.9277029037476 13.9226369857788 13.9651460647583 14.3906688690186 14.3105325698853 13.9986085891724
