inst/extdata/Tmax/Tmax73.asc
NCOLS 100 
NROWS 79 
XLLCORNER 148.06 
YLLCORNER -21.49 
CELLSIZE 0.01 
NODATA_value -3.4e+38 
[rows 40 to 59 of 79, columns 0 to 45 of 100]
31.545167922973601 31.2629146575928 31.2890720367432 31.3160057067871 31.1868743896484 31.2965431213379 31.2453536987305 31.0345878601074 30.5473537445068 30.9786930084229 31.6238746643066 31.9530372619629 31.985818862915 32.0339431762695 32.0971183776855 31.872766494751 31.5907573699951 31.2192802429199 30.6199741363525 31.1199054718018 31.1039428710938 30.9885787963867 30.9182777404785 30.5037536621094 29.6083030700684 28.9696521759033 28.7779979705811 28.864933013916 28.977502822876 28.3518714904785 27.7192153930664 28.1365661621094 29.3744411468506 29.107931137085 28.8544425964355 29.1738204956055 29.0869636535645 28.7709007263184 28.5553550720215 28.1156978607178 28.0741157531738 27.2344074249268 26.6694717407227 26.6628017425537 26.4112415313721 26.2537937164307
31.7105541229248 31.3049564361572 31.1719589233398 31.2733097076416 31.16330909729 31.2416343688965 31.2466068267822 31.1319427490234 30.8714046478271 30.9913196563721 31.3325653076172 31.6916599273682 31.9239196777344 32.0923461914062 32.1331748962402 31.9725933074951 31.6571865081787 31.1291580200195 30.7791881561279 30.9219951629639 30.9392547607422 30.695951461792 30.8729820251465 30.5812740325928 29.9098682403564 29.4179725646973 28.8145694732666 28.731164932251 28.9361305236816 28.5082550048828 28.0910797119141 28.7107524871826 29.371696472168 28.6373462677002 27.9296493530273 28.6721706390381 28.7160511016846 28.9190521240234 28.8809967041016 28.6537494659424 28.5361995697021 27.8336944580078 26.4690017700195 26.3503112792969 26.4215679168701 26.3815116882324
31.5848503112793 31.5321846008301 31.3065299987793 31.178092956543 31.2357635498047 31.2530670166016 31.2278442382812 31.1833534240723 31.1427841186523 31.0884246826172 31.1338348388672 31.622989654541 31.9484443664551 32.0927696228027 32.1020660400391 32.0475692749023 31.8099136352539 31.4662418365479 31.2252655029297 31.1694946289062 31.0749111175537 30.4098587036133 30.3318786621094 30.5524578094482 30.573127746582 30.1221714019775 29.2723026275635 28.9447689056396 28.86643409729 28.645170211792 27.765193939209 28.8149108886719 28.8668060302734 27.8160209655762 27.0183086395264 27.9018478393555 27.9024410247803 28.5331420898438 28.6920852661133 28.3987426757812 28.1716060638428 28.2226104736328 27.6356220245361 27.422046661377 27.8270263671875 28.786376953125
31.2365989685059 31.334981918335 31.3125915527344 31.3022346496582 31.3272018432617 31.3141593933105 31.2767868041992 31.218282699585 31.2693042755127 31.2332019805908 31.2367477416992 31.6548728942871 31.9047317504883 32.0595359802246 32.0762062072754 32.0874671936035 31.9781684875488 31.7454776763916 31.4498023986816 31.4835338592529 31.2967262268066 31.0280914306641 30.3304443359375 29.9668846130371 30.6401195526123 30.4182281494141 30.0086994171143 29.5321159362793 29.2015590667725 29.0280265808105 28.2473125457764 28.1644554138184 28.8458824157715 28.3516616821289 27.7227306365967 27.2707614898682 27.3565139770508 27.5963096618652 27.8169422149658 27.5855865478516 27.139949798584 27.844669342041 27.4120903015137 28.3289375305176 30.0333576202393 30.6200046539307
30.9481239318848 31.1399517059326 31.1106796264648 31.1059303283691 31.2897796630859 31.4010200500488 31.4274730682373 31.3647441864014 31.4214000701904 31.4631328582764 31.630765914917 31.7685165405273 31.8959846496582 31.9952354431152 32.053150177002 32.1027717590332 32.0682411193848 31.908390045166 31.7400016784668 31.6838836669922 31.542459487915 31.3904361724854 31.0738716125488 30.8493671417236 30.661792755127 30.1873970031738 30.442850112915 30.3090572357178 29.9834613800049 29.3121242523193 28.7151489257812 28.7076606750488 29.0137844085693 29.171236038208 28.8809928894043 27.7414398193359 26.4508590698242 26.4144916534424 26.5163707733154 26.8414421081543 26.7212677001953 27.2595863342285 26.791805267334 27.6017932891846 29.3121242523193 30.6491165161133
30.9768829345703 31.0436019897461 30.8771553039551 30.7597618103027 30.9634094238281 31.1835136413574 31.4198341369629 31.5368499755859 31.6003303527832 31.6896457672119 31.755464553833 31.6735572814941 31.4379730224609 31.8170433044434 32.0469970703125 32.0915336608887 32.089672088623 32.0107269287109 31.9099731445312 31.8361663818359 31.7349433898926 31.619873046875 31.5550308227539 30.9210624694824 30.5589618682861 30.4742088317871 30.5564136505127 30.3746089935303 30.1766967773438 29.6684169769287 28.4539203643799 28.6532421112061 28.9492874145508 29.0080089569092 29.1001758575439 28.2261524200439 26.9697971343994 26.7345962524414 26.7651500701904 27.1885414123535 26.6096267700195 26.9624786376953 27.3425960540771 27.6400871276855 28.4858341217041 29.6101570129395
30.8426666259766 30.8156623840332 30.8157005310059 30.7353439331055 30.629638671875 30.6833686828613 31.1911106109619 31.3144607543945 31.434326171875 31.4478073120117 31.6669597625732 31.7720756530762 31.5101699829102 31.769401550293 31.997688293457 32.0729637145996 32.0796356201172 32.0014419555664 31.9525184631348 31.9031963348389 31.8178730010986 31.7422618865967 31.6296787261963 31.1335353851318 30.2889347076416 30.3931579589844 30.5683269500732 30.3299999237061 30.2707977294922 30.1142463684082 29.3306446075439 29.015604019165 28.6675872802734 28.9163970947266 29.0452823638916 28.5852432250977 27.5599193572998 27.8309745788574 27.3138027191162 27.9924488067627 27.4484329223633 27.6025810241699 27.710470199585 27.8119106292725 27.802526473999 27.6175785064697
31.30615234375 30.6526832580566 30.5628223419189 30.5037746429443 30.4721393585205 30.5942459106445 30.9144668579102 30.8633518218994 31.1137447357178 31.158618927002 31.2357063293457 31.301420211792 31.4868965148926 31.7709007263184 31.9601421356201 32.0756683349609 32.0631866455078 31.930347442627 31.7372455596924 31.6295833587646 31.7588043212891 31.5646266937256 31.5750293731689 31.4991283416748 31.0226669311523 30.9143867492676 30.9280662536621 30.7139701843262 30.5345268249512 30.3009815216064 29.613748550415 29.2597160339355 28.5675640106201 28.9449062347412 28.9833087921143 28.7553768157959 28.3370819091797 28.5517864227295 28.2919178009033 28.5234603881836 28.2665672302246 28.0697154998779 27.9236030578613 27.7756900787354 27.4426746368408 27.2135448455811
32.0150871276855 31.2012882232666 30.4236259460449 30.2677688598633 30.3951759338379 30.5790672302246 30.5108165740967 30.5048789978027 30.8437423706055 31.1411304473877 31.2096061706543 31.1910667419434 31.4219398498535 31.7311725616455 31.9735679626465 32.0369720458984 32.0439071655273 31.960844039917 31.7779293060303 31.5383930206299 31.6032733917236 31.5426063537598 31.4521579742432 31.5777835845947 31.456579208374 31.3374462127686 31.0427551269531 30.8282852172852 30.7285499572754 30.4225673675537 30.0180568695068 29.5608367919922 28.7180767059326 28.8640918731689 28.8317890167236 28.8862171173096 28.7912578582764 28.7608966827393 28.6461067199707 28.4652557373047 27.6910037994385 27.5304508209229 27.7155532836914 27.4639053344727 27.3312129974365 26.9931316375732
32.2878189086914 31.7726097106934 30.9033374786377 30.312952041626 30.2943534851074 30.2794799804688 30.3072109222412 30.6534862518311 30.889762878418 30.7785758972168 31.4048900604248 31.6393947601318 31.7442932128906 31.8417301177979 31.9362983703613 32.0164833068848 32.0217971801758 31.9568500518799 31.8422260284424 31.6875286102295 31.5706195831299 31.4932746887207 31.2939510345459 31.326322555542 31.48876953125 31.4630031585693 31.231517791748 30.6683902740479 30.1559906005859 30.4169692993164 30.104097366333 29.7897815704346 29.0007247924805 28.7079925537109 28.50075340271 28.7900791168213 28.8658027648926 28.7651023864746 28.7197227478027 28.4150485992432 27.7428646087646 27.3605289459229 27.528112411499 27.1688652038574 27.080680847168 26.9894237518311
32.2817230224609 32.1056060791016 31.6326808929443 30.988956451416 30.4385223388672 30.1266403198242 30.2886581420898 30.6069946289062 30.6470527648926 30.9497699737549 31.5349140167236 31.7718753814697 31.8953857421875 31.9945125579834 32.0074272155762 32.0257148742676 31.901927947998 31.9020977020264 31.9000549316406 31.8093795776367 31.6846313476562 31.5137195587158 31.3018379211426 31.2084102630615 31.3100700378418 31.3422718048096 31.3802890777588 31.1313591003418 30.8335571289062 30.6746997833252 30.1122665405273 29.9427070617676 29.1142730712891 28.7133655548096 28.1141109466553 28.5656452178955 28.6899471282959 28.6774044036865 28.7209243774414 28.5375289916992 28.03076171875 27.8681831359863 27.7637386322021 27.5529537200928 27.2359580993652 27.0616073608398
32.248722076416 32.2167167663574 31.9468097686768 31.2590103149414 30.6574611663818 30.3646545410156 30.3209114074707 30.4013843536377 30.1469974517822 30.2989616394043 31.1642875671387 31.5732498168945 31.7500762939453 31.9539012908936 32.0349235534668 31.9878902435303 31.9023742675781 31.8891105651855 31.8443508148193 31.8234329223633 31.7152233123779 31.5997066497803 31.4826107025146 31.2624244689941 31.1330795288086 31.0605735778809 31.0180511474609 31.1228427886963 30.8840179443359 30.9935436248779 31.0059299468994 30.1995048522949 29.59250831604 29.1524238586426 28.6692600250244 28.7900981903076 28.7458953857422 28.5717868804932 28.7019271850586 28.6011257171631 28.1189517974854 27.9630279541016 27.8434734344482 27.6604652404785 27.1817817687988 26.9938983917236
32.0763816833496 32.157470703125 32.0024528503418 31.0045166015625 30.1890106201172 30.1569366455078 30.2614898681641 30.1187038421631 29.8563842773438 29.9872627258301 31.1031894683838 31.5817794799805 31.798189163208 31.9816570281982 31.9851894378662 31.9267387390137 31.9106979370117 31.8374290466309 31.7856750488281 31.7710838317871 31.7716197967529 31.7067947387695 31.5321788787842 31.3153553009033 31.0794219970703 30.9071006774902 30.8760738372803 30.8155078887939 30.7987442016602 30.6829948425293 30.8649101257324 30.7272243499756 30.1484050750732 29.5256862640381 29.0956077575684 29.4140014648438 29.3595600128174 28.894115447998 28.6988716125488 28.7576942443848 28.5944480895996 28.3439502716064 28.0337448120117 27.7901039123535 27.4584655761719 27.0807609558105
31.863712310791 31.9364070892334 32.0424194335938 31.5965156555176 30.5737380981445 30.2209720611572 30.5774211883545 30.0672969818115 29.9048614501953 29.9837818145752 31.0588302612305 31.6721801757812 31.8843841552734 31.9719009399414 31.8914432525635 31.7862129211426 31.7766399383545 31.7901954650879 31.7477073669434 31.6301918029785 31.6705780029297 31.728307723999 31.5724258422852 31.4064922332764 31.1974086761475 31.0232791900635 30.6654586791992 30.4600353240967 30.0984935760498 30.4335708618164 30.2566547393799 30.7956161499023 30.829610824585 30.4708786010742 29.9680805206299 29.9891395568848 29.6201782226562 29.2735767364502 28.9701156616211 29.3235931396484 28.9158344268799 28.6525993347168 28.4900321960449 28.3491039276123 28.0759963989258 27.9254875183105
31.739143371582 31.7086086273193 31.8897933959961 31.8986263275146 31.4445819854736 31.1986713409424 31.1391506195068 30.7759246826172 30.564323425293 30.5698852539062 30.7559299468994 31.1583576202393 31.8073863983154 31.9340324401855 31.8030853271484 31.7071781158447 31.6946392059326 31.7330684661865 31.684965133667 31.6100788116455 31.622615814209 31.7177314758301 31.6581115722656 31.4667816162109 31.3459053039551 31.1490154266357 30.8153247833252 30.5833587646484 30.1602935791016 30.3777236938477 29.7425479888916 30.1550521850586 30.3739547729492 30.3843173980713 30.4934749603271 30.3604259490967 30.0500679016113 29.8959007263184 29.4571132659912 28.9744358062744 28.8972587585449 28.9402599334717 28.7000923156738 28.5057125091553 28.4926662445068 28.346248626709
31.8321514129639 31.8247833251953 31.8696022033691 31.8970146179199 31.7735328674316 31.1617946624756 31.1678581237793 31.2259483337402 31.0022029876709 30.9536552429199 31.1982326507568 31.5540904998779 31.8685035705566 31.9304370880127 31.8227081298828 31.6317558288574 31.6823863983154 31.6660976409912 31.4609069824219 31.4329509735107 31.5563945770264 31.6247005462646 31.6661491394043 31.5587158203125 31.4286575317383 31.2673034667969 31.0649013519287 30.7936363220215 30.6174468994141 30.4503746032715 30.0226860046387 29.6596603393555 29.780689239502 29.733829498291 30.1591205596924 29.8555107116699 30.1085166931152 29.8639965057373 29.5107479095459 29.1115455627441 28.8839664459229 28.6770057678223 28.2127475738525 27.651611328125 28.1886119842529 28.3597640991211
31.9457778930664 31.9209213256836 31.8857021331787 31.866678237915 31.7108612060547 30.9209880828857 30.71217918396 31.1356735229492 31.0191860198975 30.6980133056641 30.9785785675049 31.6308917999268 31.8846664428711 31.9059295654297 31.8121471405029 31.6202163696289 31.6088256835938 31.3967380523682 31.1387977600098 31.2692699432373 31.5524101257324 31.5535869598389 31.6221733093262 31.6028614044189 31.4290523529053 31.3559379577637 31.1723880767822 30.8788814544678 30.7819862365723 30.5490245819092 30.1363258361816 29.4699306488037 29.1673450469971 29.294942855835 29.7288494110107 29.8532524108887 29.4812088012695 29.1424655914307 29.3215351104736 29.2490768432617 28.9201927185059 28.6970653533936 28.1859588623047 27.4104404449463 27.8266506195068 28.1688289642334
32.0069198608398 31.9657592773438 31.912467956543 31.8749008178711 31.8299713134766 31.4867401123047 31.0375480651855 30.7916488647461 30.7910652160645 30.5744895935059 31.0397434234619 31.6499118804932 31.8699607849121 31.8716640472412 31.7790451049805 31.5908260345459 31.4264297485352 31.2186641693115 31.0994758605957 31.3541202545166 31.4694118499756 31.5263900756836 31.4812984466553 31.5686511993408 31.499942779541 31.4014873504639 31.2307109832764 30.954948425293 30.8263568878174 30.6228866577148 30.2091445922852 30.0020637512207 29.5479698181152 29.3537483215332 29.2895584106445 29.422737121582 29.671085357666 29.5133609771729 29.1619071960449 28.9643955230713 28.7668609619141 28.5784816741943 28.3347797393799 28.029878616333 27.4212684631348 27.6891632080078
32.0397872924805 31.9837265014648 31.929084777832 31.9110374450684 31.8325309753418 31.6172714233398 31.3347663879395 30.7602500915527 30.6475830078125 30.8238945007324 31.2711524963379 31.6772975921631 31.8213882446289 31.806116104126 31.6706390380859 31.5007972717285 31.2100696563721 31.1224803924561 31.2221927642822 31.2429065704346 31.3760395050049 31.3146572113037 31.131139755249 31.3665027618408 31.529613494873 31.4021129608154 31.1877574920654 31.0286903381348 30.8879642486572 30.7736110687256 30.5745544433594 30.351734161377 30.039737701416 29.9749393463135 29.6474685668945 29.3078479766846 29.3967266082764 29.4572639465332 29.2255573272705 29.0766067504883 28.9380588531494 28.7157764434814 28.1342945098877 27.7677536010742 27.8820629119873 27.8938217163086
32.053539276123 32.0576667785645 31.9967346191406 31.9546546936035 31.8382606506348 31.7245292663574 31.6165866851807 31.2583808898926 30.7964744567871 30.8835372924805 31.0361270904541 31.3247585296631 31.595874786377 31.6339817047119 31.5680465698242 31.424690246582 31.2224464416504 31.0880889892578 30.9728527069092 31.0076503753662 31.227481842041 31.2285594940186 30.9857959747314 31.3617134094238 31.5549736022949 31.4380531311035 31.2788963317871 31.1185836791992 31.0337295532227 30.9126148223877 30.7852821350098 30.5661792755127 30.2427310943604 30.4309577941895 30.2919883728027 29.9177703857422 29.4739837646484 29.3545818328857 29.4594841003418 29.8451919555664 29.1220321655273 28.8675231933594 28.4808788299561 27.8342247009277 27.7623882293701 27.6427612304688
