inst/extdata/Tmax/Tmax12.asc
NCOLS 100 
NROWS 79 
XLLCORNER 148.06 
YLLCORNER -21.49 
CELLSIZE 0.01 
NODATA_value -3.4e+38 
[rows 0 to 19 of 79, columns 0 to 45 of 100]
34.451618194580099 34.4524803161621 33.516170501709 34.5851745605469 34.6237754821777 34.9951782226562 35.0338859558105 34.7897644042969 34.523738861084 34.6253852844238 34.0822563171387 34.0275573730469 34.0088386535645 32.6431159973145 33.1740074157715 33.6098213195801 33.8861770629883 33.9147605895996 32.3893013000488 31.6829242706299 30.7443809509277 29.1876602172852 29.7578372955322 31.3602046966553 32.0563507080078 32.7130355834961 32.2716903686523 32.2354431152344 32.4309196472168 31.9775238037109 29.775218963623 27.5624752044678 25.8014965057373 25.9267158508301 24.513521194458 23.3403568267822 22.9255790710449 22.6630916595459 23.2405872344971 25.1752872467041 27.0461349487305 27.3779640197754 27.9817218780518 33.5411987304688 33.1585388183594 32.1434669494629
35.0478782653809 33.8865547180176 32.3089256286621 33.0277862548828 32.8785247802734 34.1092414855957 34.6848754882812 34.9023361206055 35.4726257324219 35.5233116149902 34.8552436828613 33.8212890625 34.4623336791992 33.3293609619141 33.5626640319824 33.1974792480469 34.0816268920898 33.8787040710449 32.893440246582 31.8504104614258 32.1669731140137 31.3038654327393 31.0110836029053 31.5140933990479 32.0456123352051 32.5721473693848 32.9977874755859 32.9447631835938 32.5767440795898 32.0877685546875 30.8423290252686 28.6585292816162 26.6605339050293 28.8763446807861 25.5227451324463 24.0834121704102 23.5344505310059 24.4392166137695 25.6692676544189 26.6318531036377 28.1152973175049 28.1605548858643 31.3488349914551 32.1365242004395 32.7575073242188 31.6250534057617
34.8633041381836 33.7085037231445 33.7521934509277 34.3229179382324 33.5803833007812 33.9512710571289 34.4500503540039 35.0672836303711 35.494140625 35.5346832275391 34.9555740356445 34.179443359375 34.4609069824219 34.0031623840332 33.3686141967773 33.3603134155273 33.4869041442871 33.7989311218262 32.8753395080566 32.3326606750488 31.7856216430664 31.9902267456055 31.4414672851562 31.7530822753906 32.7281227111816 32.9441070556641 32.9030494689941 32.8667106628418 33.0560188293457 32.4410362243652 32.6900329589844 31.1302490234375 32.193675994873 28.8448009490967 30.7593193054199 24.7110805511475 23.7675304412842 23.5310840606689 24.5599460601807 25.8720054626465 27.6490993499756 33.908260345459 33.8366737365723 30.4455337524414 30.2818870544434 32.8153953552246
35.4480209350586 35.1515655517578 34.1235847473145 35.294994354248 34.4085884094238 33.7931823730469 34.4666481018066 35.0087623596191 35.343017578125 35.4820022583008 35.2272605895996 34.6870346069336 34.5532417297363 34.5159187316895 34.0653915405273 33.9552955627441 34.1409225463867 33.7050552368164 33.4528770446777 32.3634719848633 32.035945892334 31.6949501037598 31.8063888549805 31.812894821167 32.5373191833496 32.8351821899414 32.7091941833496 32.7448806762695 32.3860015869141 31.4390888214111 31.7096729278564 32.7827224731445 31.3290157318115 28.9850273132324 24.9569931030273 24.0522117614746 24.2129650115967 23.7137794494629 23.6898174285889 23.2843418121338 24.752592086792 27.356372833252 30.9165534973145 34.4808692932129 28.6045169830322 28.6435241699219
36.2385177612305 35.328540802002 35.1127662658691 35.7226829528809 35.2695083618164 34.6445274353027 34.0400924682617 35.1198463439941 35.968376159668 35.164867401123 35.344425201416 35.0675964355469 34.9668579101562 34.7627868652344 34.2137260437012 33.8924674987793 33.9065780639648 33.3059921264648 32.5221557617188 31.5942764282227 31.6555213928223 32.1709632873535 32.2174034118652 32.476921081543 32.1830253601074 32.0498161315918 33.3742599487305 32.5401191711426 32.3768043518066 32.4868011474609 31.9146518707275 32.0760231018066 31.2593288421631 30.190221786499 30.6206455230713 25.7738037109375 25.2297649383545 24.630163192749 23.2941780090332 23.3152465820312 23.2105541229248 26.8561935424805 30.1486644744873 32.2021141052246 28.0022220611572 27.0921783447266
36.7839317321777 36.1116638183594 35.2226448059082 35.6307716369629 35.8308868408203 35.1675834655762 35.0640640258789 35.3950691223145 35.6047668457031 35.3450813293457 35.1886253356934 35.6571502685547 35.1518211364746 34.5983581542969 33.544490814209 33.9294509887695 33.8337249755859 32.9605712890625 32.137580871582 31.4651012420654 31.5356559753418 32.2465553283691 32.3932113647461 32.3164215087891 33.1398010253906 32.7225341796875 32.8603248596191 31.7241535186768 31.5423030853271 30.697774887085 29.9589557647705 31.0400066375732 31.7250595092773 30.7995910644531 30.3137454986572 30.6253280639648 25.9111042022705 25.2660331726074 24.6919002532959 24.1571369171143 23.3854236602783 25.882381439209 31.1909370422363 30.2474784851074 28.2882747650146 25.3718433380127
35.8680725097656 36.3966331481934 36.1802368164062 36.5171394348145 35.9751739501953 35.544246673584 34.4910278320312 34.9243392944336 35.5354881286621 35.7397079467773 35.9575881958008 35.9220924377441 34.8106269836426 34.2962837219238 34.2018508911133 34.1920852661133 33.6426391601562 32.7948989868164 32.2622985839844 31.6648483276367 30.9481582641602 31.6721420288086 32.2405090332031 32.5655403137207 32.9337921142578 33.2733383178711 33.1741676330566 32.2121124267578 31.9325275421143 29.9468746185303 29.085376739502 28.2974529266357 29.7139339447021 30.5490779876709 30.3428058624268 29.8892726898193 26.3043346405029 24.3421955108643 24.5013370513916 24.339334487915 24.3083095550537 26.1666011810303 32.0173492431641 33.1617393493652 28.5600318908691 31.1431655883789
36.5186195373535 35.9627952575684 36.6437911987305 36.769588470459 36.1263046264648 35.8068313598633 34.6602020263672 34.7366828918457 35.3509712219238 35.600513458252 35.5635452270508 35.3047828674316 34.37939453125 34.9193305969238 34.825138092041 33.4359970092773 33.1070137023926 32.1834983825684 32.6503944396973 31.4144687652588 30.2762432098389 30.9762535095215 31.5656356811523 32.6744575500488 33.035327911377 33.3004913330078 32.9879913330078 31.9605255126953 31.5216102600098 30.8886985778809 28.5139846801758 28.1403465270996 28.9405746459961 28.8550796508789 29.4695091247559 29.635684967041 25.6321086883545 24.5791091918945 24.0911064147949 24.5082492828369 24.6718215942383 25.947338104248 27.1303462982178 28.350830078125 28.4368381500244 26.0736846923828
35.7285232543945 36.4058380126953 36.0124320983887 36.1503944396973 36.0267105102539 35.9242858886719 35.4274749755859 34.5682830810547 34.9844627380371 35.5106239318848 35.6758308410645 36.0701179504395 36.2386627197266 35.062126159668 34.5812530517578 33.1493682861328 32.9942207336426 32.8503837585449 33.0993576049805 31.6019630432129 31.5988883972168 31.1806945800781 31.5367393493652 32.537296295166 33.1293754577637 33.4465446472168 32.3149719238281 30.5550594329834 31.0279502868652 30.8602142333984 29.7013893127441 28.6172351837158 28.2043552398682 27.6651763916016 30.4388256072998 28.2980136871338 29.1218852996826 29.3984642028809 24.230354309082 24.1095962524414 24.1611042022705 24.3378276824951 24.9568138122559 26.7951335906982 27.4855823516846 26.0186233520508
35.039119720459 36.0410957336426 36.2675437927246 36.6987380981445 36.0042343139648 36.0486717224121 35.5420532226562 34.9463081359863 35.0481109619141 35.142951965332 35.6138916015625 35.5751647949219 34.3650054931641 34.2873115539551 34.2724113464355 34.022346496582 33.8639793395996 33.5316886901855 32.9562835693359 32.7306785583496 32.6599006652832 31.6713047027588 32.1464042663574 33.1054306030273 33.9023551940918 33.7723999023438 32.5185279846191 31.9140319824219 31.0710220336914 29.8363666534424 28.7200317382812 28.2600574493408 28.5949821472168 29.2168560028076 29.5829067230225 27.8490695953369 24.8088760375977 28.2200756072998 24.7766666412354 23.8759231567383 23.8647975921631 23.5749168395996 24.0943164825439 25.2795906066895 25.3889064788818 25.0054111480713
35.299934387207 36.3762664794922 36.3624382019043 35.8126182556152 36.5094223022461 36.6446762084961 36.0328903198242 35.3751106262207 35.4499130249023 35.4736137390137 35.8368759155273 35.1936378479004 34.8523063659668 33.567008972168 33.7533836364746 33.8368263244629 33.807674407959 33.9868850708008 33.4757690429688 33.3918075561523 32.1830177307129 32.0400238037109 31.8887042999268 32.8777961730957 33.248779296875 34.0571823120117 32.2892646789551 30.3059158325195 29.3533000946045 29.1672115325928 28.6837100982666 29.1255664825439 30.0318641662598 29.9102725982666 29.1680908203125 27.334300994873 25.0333309173584 24.6483840942383 24.5996837615967 23.8697719573975 23.9666938781738 23.5363807678223 23.4382610321045 24.1187133789062 24.5542049407959 24.9494209289551
35.7571678161621 35.1879119873047 36.0158195495605 36.145679473877 36.1877937316895 37.0854187011719 36.3454780578613 35.5324897766113 35.348316192627 35.6712074279785 35.3552742004395 35.7910385131836 35.3511047363281 34.6945838928223 34.4332733154297 34.2808227539062 34.56298828125 34.3549995422363 34.0734901428223 33.2947006225586 32.3814544677734 31.870792388916 32.3616561889648 32.3557624816895 32.2441596984863 32.8940162658691 31.1739749908447 30.252103805542 29.5696144104004 29.8883018493652 30.1925888061523 30.1578540802002 30.2035179138184 29.5878639221191 29.4481678009033 28.3619651794434 29.0461254119873 23.9907894134521 24.6662502288818 24.9666442871094 24.6560707092285 24.3424758911133 23.5310840606689 24.2396697998047 24.5005893707275 24.67555809021
35.9112815856934 36.1193656921387 36.1864013671875 36.8791198730469 36.7550659179688 36.7949256896973 36.0976905822754 35.3002243041992 35.6482582092285 36.6842231750488 35.6406669616699 35.9709014892578 35.2433547973633 35.7399673461914 35.2465515136719 34.9302825927734 35.4218368530273 34.8738250732422 34.5527648925781 33.1713714599609 32.8997077941895 33.3393630981445 33.4488105773926 33.9327774047852 33.7579460144043 33.1444435119629 32.7238349914551 31.8177032470703 30.930196762085 30.5783519744873 31.4357204437256 31.105411529541 30.9262371063232 30.3119926452637 28.8463592529297 28.0139331817627 26.8576469421387 28.389476776123 27.3671989440918 25.6860160827637 24.0003395080566 23.7676849365234 23.4102649688721 23.1849899291992 24.8268089294434 25.3078308105469
36.6784400939941 36.9498443603516 35.6742210388184 36.1384048461914 35.7202262878418 35.7509574890137 36.4797439575195 35.8773994445801 36.0306625366211 36.0038070678711 35.9467239379883 35.7527961730957 35.3543434143066 34.873722076416 35.1801872253418 34.7714500427246 35.1900329589844 34.8851356506348 34.6581687927246 33.9763717651367 34.1557197570801 34.2117881774902 33.9084167480469 34.0552864074707 33.2163848876953 31.3205261230469 30.9085025787354 30.7780094146729 29.9606170654297 30.548059463501 31.4964389801025 31.2845478057861 30.6469688415527 29.8152370452881 29.1283168792725 30.6748294830322 29.1952590942383 25.4263916015625 29.7081317901611 31.1463069915771 30.2611293792725 25.5882816314697 24.5372371673584 24.3520183563232 25.0467910766602 25.9962673187256
35.0268173217773 35.3521423339844 35.9656410217285 36.3595504760742 36.079231262207 35.922779083252 35.920093536377 36.5709228515625 35.4180908203125 35.1981391906738 35.3445091247559 35.0771903991699 34.3447380065918 34.3031425476074 34.6441955566406 34.0052146911621 34.9058647155762 34.9958877563477 34.8183479309082 34.9016761779785 34.6106452941895 33.8737373352051 32.9937973022461 33.189582824707 33.0347785949707 32.811149597168 32.5066375732422 31.864767074585 31.2345008850098 31.9806861877441 31.3251209259033 31.6194686889648 31.3362121582031 31.442907333374 31.0597362518311 29.4429187774658 30.2767009735107 29.6188049316406 29.4877128601074 31.1243457794189 30.8606204986572 30.8678512573242 25.5821266174316 24.5355834960938 25.1563034057617 26.330924987793
33.2588233947754 34.9691123962402 36.0761909484863 35.818187713623 36.5000648498535 36.4501304626465 36.203784942627 35.7530136108398 36.2738265991211 35.6466255187988 34.1061782836914 35.026927947998 33.6989707946777 32.8178825378418 34.0926170349121 33.862678527832 33.3116760253906 34.0556030273438 34.8351745605469 34.577709197998 34.4357109069824 34.2308387756348 34.1004905700684 34.016544342041 33.5783195495605 33.1238403320312 33.3302612304688 32.8733406066895 32.6869430541992 32.3260116577148 32.0627822875977 31.3291988372803 31.2593441009521 31.8924083709717 31.7010154724121 31.5283699035645 31.9502410888672 30.1733264923096 31.4053230285645 32.1012229919434 31.4585857391357 29.8435554504395 24.6245670318604 23.7303333282471 24.3264579772949 25.4860134124756
34.7213821411133 33.5938758850098 35.1261215209961 36.1853256225586 35.2693824768066 35.2354545593262 36.3763999938965 35.6218032836914 35.5113754272461 35.7588310241699 34.5205192565918 34.6066589355469 33.1471366882324 32.4867095947266 33.566234588623 32.5253410339355 32.2375946044922 33.5288963317871 33.5577278137207 33.7948188781738 34.3809051513672 34.3672790527344 33.8089408874512 33.7374954223633 32.8502731323242 32.1374092102051 31.4684448242188 31.941614151001 32.6646881103516 31.5097618103027 31.1103706359863 30.3025016784668 30.7886714935303 31.7991561889648 31.9947109222412 31.6983165740967 32.2446174621582 32.1715698242188 31.5999031066895 31.1483325958252 31.4259262084961 29.579288482666 28.1456298828125 25.2188282012939 24.7955303192139 25.757532119751
35.1426124572754 35.1023368835449 35.1839447021484 36.3567848205566 35.6711463928223 36.0926055908203 36.6182479858398 36.6232032775879 36.8268547058105 36.4323959350586 36.0001602172852 35.4481163024902 33.3899765014648 32.6820793151855 33.2317848205566 32.6600341796875 32.3661460876465 32.1746482849121 31.4202251434326 32.6518898010254 33.7974815368652 34.6511116027832 34.8956146240234 34.2635917663574 32.7965354919434 30.9992694854736 29.8965339660645 30.7911529541016 31.9436664581299 31.2548828125 31.1347351074219 32.1162490844727 32.0848350524902 32.1259956359863 32.7867889404297 31.847972869873 31.3082637786865 31.091817855835 31.7521648406982 31.8483657836914 32.3233528137207 31.8582000732422 30.6819801330566 30.1921577453613 27.3855514526367 26.8443012237549
36.2338523864746 35.008415222168 34.5617446899414 35.1676292419434 35.450252532959 36.0230903625488 36.8502578735352 36.0653114318848 36.9348297119141 36.4768486022949 34.8970832824707 35.1660804748535 34.0997428894043 31.0439968109131 31.6085605621338 30.8219203948975 31.2082481384277 30.4218635559082 31.7657241821289 32.9104614257812 34.3783187866211 34.1686859130859 34.7415390014648 34.697582244873 33.1544189453125 31.6032619476318 29.8571319580078 30.5299911499023 32.2384414672852 31.3170166015625 31.7670211791992 32.6183738708496 33.5434303283691 33.5262908935547 32.6162719726562 32.1835708618164 31.5834579467773 31.576789855957 32.4216384887695 32.4160804748535 32.4994125366211 32.3798332214355 32.0482292175293 31.7327518463135 29.7935886383057 26.7189064025879
35.1607398986816 35.1966819763184 35.5779228210449 35.2205810546875 36.0420837402344 35.9367523193359 36.8452606201172 36.8134384155273 35.7621040344238 36.0623970031738 36.3327827453613 35.349983215332 34.1542282104492 30.6395797729492 31.2197322845459 31.3201923370361 30.7664585113525 31.1878051757812 31.2853240966797 32.7138481140137 34.1435165405273 33.7519874572754 34.5061225891113 34.5366973876953 33.9353256225586 32.8938407897949 31.4669799804688 31.2152366638184 32.0419425964355 32.264461517334 33.0883293151855 33.5239601135254 33.5668792724609 33.5713043212891 33.6161193847656 32.5573692321777 31.6132736206055 31.5509948730469 31.6280059814453 32.1136817932129 32.9077453613281 32.4648246765137 31.4819087982178 31.5418701171875 30.4499988555908 29.8492393493652
