inst/extdata/Tmax/Tmax1.asc
NCOLS 100 
NROWS 79 
XLLCORNER 148.06 
YLLCORNER -21.49 
CELLSIZE 0.01 
NODATA_value -3.4e+38 
[rows 0 to 19 of 79, columns 46 to 91 of 100]
34.1336936950684 32.8056755065918 32.9729804992676 33.1982078552246 33.746467590332 33.6725044250488 33.8968658447266 33.8986587524414 32.8759918212891 30.8639545440674 32.5558967590332 31.9141731262207 32.6760330200195 33.3400459289551 33.4745788574219 33.6528778076172 33.8441123962402 34.2662696838379 32.8480415344238 33.421558380127 33.6211547851562 -3.4e+38 -3.4e+38 -3.4e+38 -3.4e+38 -3.4e+38 -3.4e+38 -3.4e+38 -3.4e+38 -3.4e+38 -3.4e+38 -3.4e+38 -3.4e+38 -3.4e+38 -3.4e+38 -3.4e+38 -3.4e+38 -3.4e+38 -3.4e+38 -3.4e+38 -3.4e+38 -3.4e+38 -3.4e+38 -3.4e+38 -3.4e+38 -3.4e+38
34.4834098815918 33.9749717712402 32.6246948242188 32.861156463623 33.0303268432617 32.9999847412109 33.3569450378418 33.740364074707 32.4129295349121 31.409236907959 33.4302940368652 33.1079788208008 34.8709373474121 34.5086402893066 33.330738067627 32.3256568908691 33.4738922119141 35.3333892822266 34.256519317627 33.0332679748535 33.7390251159668 35.8103675842285 -3.4e+38 -3.4e+38 -3.4e+38 -3.4e+38 -3.4e+38 -3.4e+38 -3.4e+38 -3.4e+38 -3.4e+38 -3.4e+38 -3.4e+38 -3.4e+38 -3.4e+38 -3.4e+38 -3.4e+38 -3.4e+38 -3.4e+38 -3.4e+38 -3.4e+38 -3.4e+38 -3.4e+38 -3.4e+38 -3.4e+38 -3.4e+38
36.2800750732422 33.2560272216797 31.2242050170898 31.5382289886475 31.3503093719482 32.8969345092773 32.0742034912109 31.9913063049316 31.1311645507812 30.9136905670166 32.7353630065918 34.1657867431641 35.5455436706543 35.0231437683105 32.4907569885254 31.7645969390869 33.3224182128906 32.966365814209 32.8462409973145 33.0753555297852 32.7468605041504 32.9922142028809 32.8500061035156 33.3661193847656 -3.4e+38 -3.4e+38 -3.4e+38 -3.4e+38 -3.4e+38 -3.4e+38 -3.4e+38 -3.4e+38 -3.4e+38 -3.4e+38 -3.4e+38 -3.4e+38 -3.4e+38 -3.4e+38 -3.4e+38 -3.4e+38 -3.4e+38 -3.4e+38 -3.4e+38 -3.4e+38 -3.4e+38 -3.4e+38
32.4046821594238 31.8919773101807 29.0501327514648 29.943962097168 31.5383472442627 31.3361053466797 31.7894115447998 31.949556350708 31.6344013214111 31.2251262664795 32.5080833435059 32.1411781311035 34.8633193969727 35.4366569519043 32.8787307739258 32.2987022399902 34.1430740356445 34.8098831176758 34.2371673583984 33.502513885498 32.0877876281738 33.0360679626465 32.7746124267578 33.6216087341309 34.1240501403809 34.1079597473145 -3.4e+38 -3.4e+38 -3.4e+38 -3.4e+38 -3.4e+38 -3.4e+38 -3.4e+38 -3.4e+38 -3.4e+38 -3.4e+38 -3.4e+38 -3.4e+38 -3.4e+38 -3.4e+38 -3.4e+38 -3.4e+38 -3.4e+38 -3.4e+38 -3.4e+38 -3.4e+38
33.3693542480469 31.5167713165283 28.8657836914062 28.5501117706299 29.9867897033691 32.193977355957 32.8443298339844 33.1991920471191 31.2577476501465 30.2870407104492 30.9951457977295 29.3935546875 30.9431552886963 34.9128570556641 32.0612602233887 32.3939018249512 34.2563323974609 34.0522193908691 34.7108383178711 34.6796073913574 28.3011379241943 33.0034523010254 33.2968635559082 32.7948379516602 33.6081047058105 34.0806083679199 -3.4e+38 -3.4e+38 -3.4e+38 -3.4e+38 -3.4e+38 -3.4e+38 -3.4e+38 -3.4e+38 -3.4e+38 -3.4e+38 -3.4e+38 -3.4e+38 -3.4e+38 -3.4e+38 -3.4e+38 -3.4e+38 -3.4e+38 -3.4e+38 -3.4e+38 -3.4e+38
29.1805725097656 29.9202461242676 28.0538330078125 27.3717746734619 30.0208988189697 32.0665054321289 31.4627494812012 31.8903045654297 30.7145099639893 31.0735378265381 28.8744831085205 28.5889301300049 32.6079063415527 33.2572898864746 31.111255645752 32.4267196655273 33.6935615539551 34.8191375732422 33.8307075500488 33.6411743164062 28.3720855712891 30.4162616729736 33.932071685791 32.9228248596191 33.3732528686523 33.3231964111328 -3.4e+38 -3.4e+38 -3.4e+38 -3.4e+38 -3.4e+38 -3.4e+38 -3.4e+38 -3.4e+38 -3.4e+38 -3.4e+38 -3.4e+38 -3.4e+38 -3.4e+38 -3.4e+38 -3.4e+38 -3.4e+38 -3.4e+38 -3.4e+38 -3.4e+38 -3.4e+38
28.0153255462646 28.7303142547607 29.1017017364502 28.6466007232666 32.5273132324219 32.1146392822266 32.1177520751953 30.9791698455811 31.7699298858643 30.7391128540039 29.9296131134033 30.2369079589844 31.2443752288818 34.8700408935547 34.9072341918945 35.8146209716797 32.3189735412598 32.646614074707 32.6660232543945 33.1518363952637 34.9852676391602 32.7803382873535 33.5218162536621 33.0855369567871 32.4789886474609 31.7947216033936 31.7426528930664 32.3214454650879 -3.4e+38 -3.4e+38 -3.4e+38 -3.4e+38 -3.4e+38 -3.4e+38 -3.4e+38 -3.4e+38 -3.4e+38 -3.4e+38 -3.4e+38 -3.4e+38 -3.4e+38 -3.4e+38 -3.4e+38 -3.4e+38 -3.4e+38 -3.4e+38
26.9918098449707 29.4549026489258 34.5750312805176 29.072452545166 28.0647602081299 29.8231105804443 31.55251121521 30.6113758087158 30.9026222229004 31.768533706665 30.2312259674072 29.8172264099121 30.8424072265625 32.2359275817871 30.5886611938477 33.3139343261719 30.4043407440186 30.1977844238281 31.3790760040283 32.7450141906738 32.9987106323242 31.6756534576416 32.2165069580078 32.8386688232422 31.8283538818359 31.0798053741455 30.8320236206055 31.5089988708496 32.8874244689941 31.4358425140381 32.6815338134766 -3.4e+38 -3.4e+38 -3.4e+38 -3.4e+38 -3.4e+38 -3.4e+38 -3.4e+38 -3.4e+38 -3.4e+38 -3.4e+38 -3.4e+38 -3.4e+38 -3.4e+38 -3.4e+38 -3.4e+38
26.9648628234863 28.8496875762939 29.481409072876 33.3919067382812 29.0329704284668 27.4595203399658 29.4759979248047 29.6780967712402 31.9225368499756 32.1970367431641 32.4025268554688 30.7428226470947 30.3424053192139 30.9640350341797 28.9108238220215 28.7681083679199 28.0817489624023 32.2157554626465 30.706205368042 32.0612602233887 34.1037101745605 34.036247253418 31.6039276123047 29.6740760803223 30.6155166625977 31.2444820404053 31.8868579864502 33.0389747619629 32.6913871765137 31.4936561584473 30.9835758209229 33.3875617980957 -3.4e+38 -3.4e+38 -3.4e+38 -3.4e+38 -3.4e+38 -3.4e+38 -3.4e+38 -3.4e+38 -3.4e+38 -3.4e+38 -3.4e+38 -3.4e+38 -3.4e+38 -3.4e+38
28.1971435546875 28.8371047973633 29.3113765716553 30.0700187683105 31.6135997772217 28.6692905426025 28.3069820404053 29.8511428833008 31.3374691009521 31.6087818145752 31.5328407287598 31.2930107116699 30.2393894195557 30.2976913452148 28.7821197509766 28.4350738525391 28.0477981567383 32.8516616821289 32.6269836425781 30.8871593475342 31.9268894195557 33.7185516357422 34.472972869873 33.4887847900391 33.3905830383301 31.0627346038818 31.6418228149414 34.1693725585938 32.1556739807129 31.4731063842773 34.5286102294922 34.9895210266113 -3.4e+38 -3.4e+38 -3.4e+38 -3.4e+38 -3.4e+38 -3.4e+38 -3.4e+38 -3.4e+38 -3.4e+38 -3.4e+38 -3.4e+38 -3.4e+38 -3.4e+38 -3.4e+38
27.2592105865479 29.2356014251709 29.0829772949219 29.0792217254639 30.517261505127 33.3252487182617 30.4855499267578 31.2448654174805 31.0076808929443 31.2177467346191 32.0018463134766 31.4878978729248 31.0317897796631 31.5417175292969 30.9390850067139 31.0106544494629 32.0949974060059 32.3082504272461 33.4967765808105 33.3301620483398 30.9841022491455 34.001335144043 31.6072387695312 30.5356636047363 32.2764854431152 31.9790382385254 32.9612579345703 32.8452911376953 34.8275909423828 35.4463920593262 -3.4e+38 -3.4e+38 -3.4e+38 -3.4e+38 -3.4e+38 -3.4e+38 -3.4e+38 -3.4e+38 -3.4e+38 -3.4e+38 -3.4e+38 -3.4e+38 -3.4e+38 -3.4e+38 -3.4e+38 -3.4e+38
26.7866897583008 27.7689437866211 27.8552303314209 27.0571918487549 27.7931232452393 28.7534122467041 35.3207206726074 31.9955806732178 31.6773357391357 31.3592739105225 31.554012298584 31.9664897918701 31.1004981994629 31.5335559844971 31.2303905487061 33.0766487121582 33.006706237793 32.9012107849121 35.9306602478027 33.6998062133789 31.9476318359375 31.9916248321533 31.9825019836426 31.3964977264404 35.391716003418 31.1653385162354 32.4942665100098 32.2625465393066 33.0490455627441 31.8757209777832 -3.4e+38 -3.4e+38 -3.4e+38 -3.4e+38 -3.4e+38 -3.4e+38 -3.4e+38 -3.4e+38 -3.4e+38 -3.4e+38 -3.4e+38 -3.4e+38 -3.4e+38 -3.4e+38 -3.4e+38 -3.4e+38
26.5242786407471 25.3190650939941 25.0098171234131 24.9283065795898 27.0425605773926 27.7415390014648 29.1205577850342 29.4007625579834 31.157922744751 31.6505489349365 30.2277908325195 30.455680847168 30.316333770752 30.840238571167 31.123197555542 31.1159687042236 31.3333492279053 33.0407829284668 35.3646812438965 35.0342063903809 32.7845611572266 32.9980964660645 32.8769874572754 34.6249885559082 32.9922332763672 32.1933708190918 33.0355529785156 32.3184967041016 30.7239723205566 28.855504989624 31.9585628509521 33.3522796630859 -3.4e+38 -3.4e+38 -3.4e+38 -3.4e+38 -3.4e+38 -3.4e+38 -3.4e+38 -3.4e+38 -3.4e+38 -3.4e+38 -3.4e+38 -3.4e+38 -3.4e+38 -3.4e+38
26.533712387085 25.6532974243164 25.1482276916504 24.7520236968994 25.2759304046631 25.7917137145996 27.4828815460205 28.3911056518555 30.7190170288086 31.8408355712891 30.9799518585205 30.7835674285889 31.2139530181885 31.6336898803711 31.9342193603516 33.1687202453613 31.3202171325684 33.2710800170898 34.3361549377441 33.202320098877 33.1707077026367 35.5435371398926 33.2246894836426 32.6952056884766 34.0745239257812 32.2971687316895 31.2760906219482 31.076587677002 30.1790084838867 31.4282836914062 33.384838104248 33.1344680786133 32.0783271789551 -3.4e+38 -3.4e+38 -3.4e+38 -3.4e+38 28.3016147613525 34.4849166870117 -3.4e+38 -3.4e+38 -3.4e+38 -3.4e+38 -3.4e+38 -3.4e+38 -3.4e+38
26.9506893157959 26.2835865020752 25.2063045501709 24.8214778900146 25.4063968658447 25.154914855957 26.2853240966797 27.722972869873 28.6810722351074 29.6144390106201 28.099214553833 31.3296165466309 30.5176944732666 31.2718410491943 32.5118446350098 31.4536571502686 32.2128067016602 35.6386528015137 32.1640014648438 33.9711494445801 33.1039581298828 35.0184211730957 33.6807899475098 32.9441452026367 32.8818283081055 32.9725952148438 32.8495979309082 31.4852409362793 31.0346031188965 33.8422584533691 33.7868881225586 32.9583358764648 32.3736915588379 -3.4e+38 -3.4e+38 -3.4e+38 -3.4e+38 29.4327754974365 33.2489585876465 34.7191047668457 34.3531265258789 34.2382316589355 -3.4e+38 -3.4e+38 -3.4e+38 -3.4e+38
26.8742542266846 25.6553916931152 25.1758785247803 25.2120475769043 24.7951164245605 25.8014717102051 25.6518478393555 26.8718204498291 30.5538673400879 32.0021057128906 30.0667133331299 28.3252811431885 31.9218063354492 27.8086795806885 27.6333045959473 28.3865089416504 33.4899749755859 31.6616401672363 31.2001571655273 32.3649368286133 32.5203666687012 33.2667045593262 33.0626373291016 32.3349189758301 32.2773590087891 32.4119682312012 33.5235481262207 32.515754699707 31.6744747161865 31.6389331817627 32.411693572998 28.9453678131104 35.2095603942871 -3.4e+38 -3.4e+38 32.5177612304688 34.2500343322754 33.4764251708984 32.2441864013672 33.3485069274902 33.2707405090332 34.706241607666 -3.4e+38 -3.4e+38 -3.4e+38 -3.4e+38
25.4774036407471 24.2070827484131 24.2954978942871 25.5505104064941 25.996603012085 25.7278614044189 25.2963428497314 26.0733661651611 32.849609375 31.0892944335938 35.2654724121094 28.1082210540771 28.9165916442871 29.9807834625244 27.8289070129395 28.0143623352051 28.4291114807129 30.1566848754883 31.9026432037354 31.2910614013672 34.110034942627 31.4220962524414 32.1075210571289 32.4282493591309 31.8619785308838 32.9493026733398 32.8804512023926 33.1877937316895 33.4877433776855 32.1495933532715 32.3837089538574 28.9683666229248 31.0111865997314 -3.4e+38 34.9007682800293 30.3248176574707 32.2766456604004 -3.4e+38 34.7667274475098 -3.4e+38 34.4806671142578 -3.4e+38 -3.4e+38 -3.4e+38 -3.4e+38 -3.4e+38
26.1110343933105 24.3696022033691 23.6612491607666 26.3524837493896 26.4189491271973 25.5541210174561 25.1669502258301 25.2320098876953 26.868335723877 28.905200958252 29.2424430847168 33.1413764953613 34.7802505493164 30.092342376709 29.6410503387451 30.7411212921143 31.1001968383789 31.3363876342773 30.8488655090332 30.7478866577148 32.2822875976562 32.3056678771973 33.8372993469238 33.8561248779297 32.1198997497559 31.8779449462891 32.809986114502 31.7579383850098 32.0317459106445 31.8713626861572 29.5360679626465 30.8006076812744 34.753288269043 31.7603969573975 30.7932777404785 33.4515647888184 33.0934638977051 -3.4e+38 -3.4e+38 -3.4e+38 -3.4e+38 -3.4e+38 -3.4e+38 34.4026412963867 -3.4e+38 -3.4e+38
26.9030990600586 26.6526203155518 24.2473449707031 25.9008617401123 24.5785350799561 24.8186511993408 25.8500137329102 25.9466800689697 27.5003662109375 30.0515327453613 29.1343879699707 29.3496437072754 31.8143196105957 35.6836013793945 31.1033840179443 31.3541278839111 31.0956878662109 30.3516006469727 29.8114604949951 29.695484161377 35.0723609924316 32.6577682495117 34.6701316833496 32.8205490112305 32.9900665283203 31.4675178527832 31.8989181518555 30.8044395446777 31.4600658416748 31.4708786010742 29.8182163238525 30.0646266937256 33.1055450439453 33.2235336303711 32.7145957946777 33.0711936950684 32.7141609191895 34.377799987793 32.9652671813965 29.973388671875 32.3745803833008 32.0964126586914 33.2156677246094 32.3634300231934 -3.4e+38 -3.4e+38
27.4523983001709 26.66037940979 26.9710121154785 27.1243057250977 25.7421989440918 25.1713485717773 24.9444370269775 25.2937145233154 27.3633232116699 34.8749961853027 29.4028797149658 35.2270965576172 33.9993324279785 31.1193408966064 31.2961235046387 28.902364730835 28.9609451293945 31.4586620330811 29.9913024902344 30.2335357666016 32.3027114868164 33.7818832397461 35.747371673584 33.4381980895996 35.0380096435547 31.8249816894531 34.5001068115234 32.8968925476074 32.0776557922363 31.7378196716309 30.9444026947021 32.0503196716309 33.5942077636719 34.1713027954102 34.3484191894531 31.5775718688965 31.3051605224609 32.72705078125 33.8381996154785 34.6084213256836 34.1894035339355 34.2608413696289 32.5887260437012 32.4446067810059 28.8255500793457 -3.4e+38
