inst/extdata/Tmax/Tmax3.asc
NCOLS 100 
NROWS 79 
XLLCORNER 148.06 
YLLCORNER -21.49 
CELLSIZE 0.01 
NODATA_value -3.4e+38 
[rows 20 to 39 of 79, columns 0 to 45 of 100]
25.879169464111300 26.3938045501709 26.5941028594971 26.3305244445801 26.5371780395508 27.3915233612061 26.9302730560303 27.2216453552246 26.0630970001221 25.987024307251 27.0609130859375 26.6375961303711 25.5419445037842 23.724250793457 22.5242958068848 21.7391986846924 21.3993072509766 22.7732448577881 23.7978935241699 24.6437435150146 24.7695083618164 25.2439727783203 25.4022445678711 25.7434253692627 25.6917743682861 25.4440116882324 24.3823184967041 22.4868259429932 23.4583606719971 23.274435043335 24.3831596374512 24.6722011566162 24.7112693786621 24.7736644744873 24.5118045806885 24.2216415405273 24.0416927337646 23.7978057861328 22.945068359375 23.2108554840088 23.0149402618408 22.1678981781006 22.8933486938477 22.6728782653809 21.2038803100586 21.3203639984131
26.639669418335 26.93874168396 26.9592990875244 26.5896301269531 26.5340824127197 26.4583263397217 26.0527496337891 26.8477554321289 27.1093196868896 27.3745613098145 27.0587577819824 27.0669727325439 26.561637878418 24.0099620819092 22.4537162780762 22.2478713989258 22.3848323822021 23.0049285888672 23.5065021514893 24.5673694610596 25.2391090393066 25.8305988311768 24.9361171722412 25.4332294464111 25.3871459960938 25.0837459564209 24.8050842285156 23.336706161499 23.4224090576172 24.3227729797363 24.7440528869629 24.5016994476318 24.4722480773926 23.3056755065918 23.0028438568115 23.2199535369873 24.1236228942871 22.3490772247314 21.9580249786377 22.2247714996338 21.4647789001465 22.0302639007568 22.2362937927246 19.9880867004395 19.8949356079102 20.5802116394043
26.9177989959717 27.1895141601562 27.010950088501 26.3308849334717 27.574197769165 26.674388885498 26.9348106384277 26.6207275390625 27.331169128418 26.5275840759277 27.6286125183105 27.2506771087646 27.0514793395996 26.1067981719971 25.2751083374023 23.5308418273926 21.8870220184326 22.4498805999756 22.8506965637207 24.8330574035645 25.6998710632324 24.8545455932617 24.8808097839355 24.4158573150635 23.9614715576172 24.768871307373 24.6762943267822 24.3183536529541 24.261869430542 24.2693519592285 23.9204235076904 23.4709491729736 22.9978103637695 22.504524230957 21.8407230377197 22.6317539215088 22.6999778747559 21.5676803588867 21.5752086639404 21.5600070953369 20.2386379241943 20.1215839385986 20.6489429473877 21.3335552215576 15.8410129547119 20.3805255889893
27.0575675964355 27.517147064209 28.0369052886963 26.3339920043945 26.2703247070312 27.1353378295898 26.209846496582 27.1784172058105 27.3832817077637 26.4937267303467 27.0557804107666 26.9388465881348 27.1674118041992 26.2293930053711 24.3657131195068 23.424280166626 22.2592144012451 22.5880832672119 23.243932723999 24.2283954620361 24.7246913909912 25.2714023590088 24.5084342956543 23.2153472900391 23.7023162841797 23.8161354064941 23.8054790496826 24.6298942565918 24.9223079681396 24.6770191192627 24.3265151977539 23.3572444915771 22.7253551483154 22.8749504089355 23.3333606719971 23.0253295898438 20.8541049957275 20.4824962615967 20.9805316925049 21.2815284729004 19.878604888916 19.6237297058105 19.2119274139404 17.5281848907471 18.9486484527588 19.1094036102295
27.2518253326416 27.1428775787354 26.9709587097168 27.7002830505371 27.8014984130859 27.4940395355225 26.2734661102295 27.3471355438232 25.9190444946289 26.1505165100098 26.1953201293945 25.955249786377 25.7860870361328 26.1174163818359 24.5879192352295 23.1033630371094 22.4028129577637 22.2840042114258 23.4020843505859 23.5756378173828 24.8973846435547 25.1270370483398 22.5358066558838 22.2833976745605 22.5522785186768 22.9085483551025 23.1731109619141 24.4095096588135 24.7618637084961 24.1882381439209 24.5802440643311 24.1573905944824 24.0458145141602 23.8603172302246 23.3434257507324 22.9476089477539 22.303617477417 21.4735927581787 20.257043838501 19.6747035980225 18.4878787994385 17.5029773712158 18.1731986999512 20.1023559570312 15.0923795700073 14.8957681655884
27.7049160003662 27.4309997558594 27.890510559082 27.2414169311523 27.7678356170654 27.6347045898438 27.5039672851562 27.2835273742676 27.1216430664062 25.7407455444336 26.7816371917725 26.0859069824219 25.290922164917 25.4061164855957 25.4181652069092 25.2543830871582 23.9890365600586 23.7560749053955 24.4047718048096 25.0373039245605 24.3585815429688 22.7640132904053 22.2450485229492 21.0472774505615 21.7639675140381 22.6399917602539 22.6755180358887 23.5135269165039 24.5358657836914 24.3921031951904 22.8322467803955 23.7479286193848 23.5604038238525 23.5732288360596 23.1581401824951 22.8531799316406 22.2451686859131 21.1015243530273 18.7224769592285 19.2688579559326 17.7615032196045 18.8687725067139 20.3962898254395 19.8478984832764 15.099102973938 14.2823801040649
25.7417812347412 26.9603404998779 28.0130424499512 27.7861423492432 27.6751861572266 27.5222053527832 27.413990020752 27.4356327056885 27.1580390930176 25.8877964019775 25.4532566070557 25.6421451568604 25.4754066467285 25.1731147766113 25.2466487884521 24.259391784668 23.4714889526367 23.6047859191895 24.493724822998 24.358772277832 24.0689487457275 24.3750877380371 23.2131481170654 21.8272228240967 21.2633514404297 22.0119705200195 23.3138942718506 24.5183811187744 23.9481182098389 24.12912940979 23.4077758789062 23.1915836334229 23.4217491149902 22.9027042388916 22.8663597106934 22.1184425354004 20.7874889373779 21.0115833282471 16.3832912445068 14.7120351791382 17.3852882385254 14.9272050857544 19.7368392944336 16.0402145385742 18.3791751861572 14.0319213867188
25.9075927734375 25.5321178436279 26.6816101074219 27.5545196533203 27.5206069946289 27.4069766998291 27.5971126556396 27.7294921875 27.339111328125 26.6089572906494 26.1472434997559 25.4454936981201 25.2731170654297 25.6552066802979 24.0602474212646 24.2187461853027 23.7685699462891 23.3212108612061 23.6541137695312 23.7295188903809 23.8215579986572 23.9325675964355 23.4675693511963 22.2523498535156 22.1100635528564 22.3597583770752 21.857213973999 24.3426494598389 24.6929473876953 23.4076061248779 23.1933727264404 23.2529850006104 23.5269298553467 22.6942882537842 22.3884086608887 21.5621566772461 20.0634384155273 20.405460357666 20.1370429992676 18.921350479126 17.7371597290039 18.1869106292725 17.9986686706543 15.317964553833 14.6948375701904 14.3356666564941
24.7040195465088 25.148286819458 25.7445526123047 26.6659049987793 27.7156257629395 27.2147426605225 27.6450080871582 27.2990646362305 27.313684463501 26.3500213623047 26.4416618347168 25.6241226196289 25.9142532348633 25.8898944854736 25.5847949981689 23.4092102050781 23.4126167297363 23.1893787384033 23.5597839355469 24.5139408111572 23.3393497467041 23.8483219146729 22.8501071929932 21.8396129608154 22.0973167419434 22.4312496185303 22.4299468994141 23.2019023895264 23.9131927490234 23.7952079772949 23.9271621704102 22.9780941009521 22.5478954315186 21.3831195831299 20.703519821167 19.7552700042725 20.0369091033936 20.067008972168 20.2030944824219 17.7129516601562 14.8087301254272 14.8671903610229 18.2324085235596 14.6152858734131 14.8238458633423 14.7160615921021
23.614652633667 24.3097229003906 24.9265575408936 25.647424697876 27.0655136108398 27.0975284576416 26.4495010375977 27.6306838989258 27.4275493621826 27.0764846801758 25.9730129241943 26.3952007293701 25.7392482757568 25.4582633972168 26.0312824249268 25.7860851287842 25.3719692230225 23.5674285888672 23.8396320343018 23.8262519836426 23.7795639038086 23.8087368011475 23.3510551452637 22.3625316619873 22.1443996429443 22.1684474945068 21.7201843261719 23.1662368774414 24.0178642272949 23.4834995269775 24.1617755889893 22.7007369995117 21.648853302002 21.492847442627 20.9706325531006 20.5757255554199 20.5354747772217 19.929744720459 19.2819118499756 18.8935527801514 20.0879535675049 20.0735397338867 17.5877532958984 17.5587215423584 14.906943321228 15.7742872238159
24.1446952819824 24.8002014160156 24.9313259124756 25.6881923675537 26.0034046173096 25.8123111724854 26.0165615081787 27.0708408355713 27.0360336303711 26.5465354919434 27.0300159454346 26.9489994049072 26.9854755401611 26.174352645874 26.2029323577881 26.1846714019775 24.962366104126 24.4165649414062 23.4696464538574 23.8498916625977 23.6783866882324 23.1255531311035 22.9014148712158 22.5071144104004 21.9377479553223 21.22536277771 21.6334648132324 23.4034614562988 23.7567481994629 23.9112796783447 24.1896381378174 24.3600311279297 22.7347164154053 21.5473251342773 20.8232116699219 21.6142044067383 21.2053318023682 20.5125102996826 19.6702194213867 19.6972751617432 21.5670280456543 21.4081497192383 21.0270538330078 20.1509380340576 16.9045658111572 16.1774864196777
25.1880207061768 25.1200408935547 26.0043754577637 26.8445568084717 27.347728729248 26.074520111084 26.1564521789551 27.4312305450439 27.3958339691162 26.7335796356201 27.1465835571289 26.7943305969238 26.7479801177979 26.3657054901123 25.4252662658691 25.7530651092529 23.4861392974854 22.173454284668 23.5331745147705 23.1774482727051 23.1624717712402 23.3441200256348 22.8036727905273 22.5464744567871 22.132999420166 22.1294136047363 22.5219039916992 23.7400722503662 24.4033222198486 23.4235725402832 23.8939151763916 23.9043998718262 24.1882743835449 23.3193073272705 22.6460762023926 21.5302543640137 21.5907821655273 21.650369644165 21.2210121154785 22.7269859313965 21.7477188110352 21.3388481140137 16.2565631866455 17.883882522583 15.4701766967773 14.7719202041626
24.7284889221191 26.1051998138428 25.977352142334 26.0856895446777 27.2749309539795 26.4730186462402 27.096004486084 26.75319480896 27.3373432159424 26.3327198028564 27.3091564178467 26.8054714202881 26.7848052978516 26.1894130706787 25.7876739501953 25.2654075622559 25.2324409484863 23.519100189209 22.3436317443848 22.6824684143066 22.7601470947266 23.3035011291504 22.6851806640625 22.7697620391846 22.394380569458 22.2133941650391 23.9566097259521 24.0578899383545 23.9167537689209 25.3507747650146 24.01828956604 23.5200462341309 24.6966037750244 24.5481185913086 23.8123531341553 23.1471405029297 22.7553024291992 22.7089252471924 22.2440490722656 22.4220123291016 21.6202831268311 19.0956611633301 14.4453926086426 14.7673931121826 14.9495820999146 13.6704730987549
25.4636516571045 25.6261215209961 26.221212387085 25.1861305236816 25.7393989562988 24.7067909240723 25.418737411499 26.7593326568604 27.2818393707275 27.088924407959 27.3968868255615 26.6308002471924 26.477746963501 26.5339546203613 25.9268207550049 25.7011222839355 26.0764694213867 25.588794708252 24.8614292144775 24.4281978607178 23.21044921875 22.9646148681641 23.482349395752 23.1355228424072 22.7539501190186 22.3531455993652 23.9384803771973 24.705846786499 24.2360382080078 24.4007511138916 24.1755867004395 23.0303344726562 22.7247085571289 22.7187671661377 23.1403503417969 23.34836769104 23.3717250823975 23.8269824981689 23.3981781005859 23.5191612243652 21.8090877532959 17.2309303283691 15.7065839767456 15.9588508605957 15.7504854202271 14.7607107162476
25.9868087768555 26.3828544616699 26.1408767700195 24.3367290496826 25.0385875701904 26.1139316558838 25.3513107299805 26.774507522583 27.1597347259521 26.8066902160645 27.2542152404785 26.9694309234619 27.3066177368164 26.8197402954102 26.4099864959717 26.2324638366699 25.9406032562256 25.6098594665527 25.1869258880615 24.2101612091064 22.7673931121826 23.8264198303223 24.2395095825195 23.0782947540283 22.6504974365234 22.5687885284424 22.4695339202881 23.8137912750244 23.6487369537354 22.7189025878906 23.6851978302002 22.6270027160645 22.2074203491211 22.2355670928955 21.9393787384033 22.1380138397217 22.7765331268311 22.3075313568115 22.9570713043213 22.7107315063477 21.0354957580566 20.7539024353027 17.9264869689941 17.2771434783936 16.5593643188477 16.4565048217773
25.7177543640137 27.0600395202637 26.1327476501465 25.3044376373291 23.767879486084 26.0852680206299 27.5025234222412 25.6490726470947 26.644136428833 27.250207901001 27.1463851928711 27.0006828308105 26.5000877380371 26.6503200531006 26.2987899780273 26.4593887329102 25.5220432281494 25.0843181610107 24.9930171966553 24.4180431365967 23.339771270752 23.9915351867676 23.1458702087402 21.7734489440918 22.1744251251221 21.7705020904541 23.212610244751 22.4735317230225 22.236141204834 19.628044128418 21.5301322937012 22.1015625 22.4080448150635 22.0705490112305 22.0798645019531 21.1659736633301 21.3680934906006 21.7402248382568 22.6893253326416 22.0129051208496 17.154333114624 16.8309898376465 16.5853443145752 17.1213626861572 16.8340225219727 15.652325630188
26.3070430755615 25.4592533111572 26.788013458252 26.0665283203125 25.9312858581543 25.9542942047119 25.9897346496582 26.0928153991699 26.2626037597656 27.5896911621094 27.5942726135254 27.0370769500732 26.9268817901611 27.1855869293213 26.9327564239502 25.7919101715088 25.1756267547607 25.1200466156006 25.1035995483398 25.0831909179688 24.4092254638672 23.4074535369873 22.3299827575684 22.0808010101318 22.3684940338135 23.007999420166 23.619607925415 22.7368221282959 22.3902702331543 20.4539127349854 20.1993579864502 19.2250461578369 20.7234077453613 22.0812721252441 22.0143909454346 20.1476078033447 20.1098442077637 19.73073387146 19.5112972259521 15.9993915557861 16.0017032623291 15.2433881759644 15.7681541442871 16.6817226409912 16.7077941894531 15.0915908813477
25.6550197601318 25.1608695983887 26.4748477935791 25.2824287414551 25.4384212493896 25.4578132629395 24.2518692016602 25.054162979126 26.0970478057861 26.4278392791748 27.171257019043 27.2047481536865 27.091926574707 26.5945606231689 26.9224338531494 26.8070697784424 26.1212863922119 24.8308086395264 25.3399276733398 24.8741703033447 24.6958599090576 23.9679641723633 22.495231628418 22.3350124359131 21.7800159454346 22.4414501190186 23.410774230957 22.5013751983643 22.6992130279541 22.4115428924561 22.3921203613281 21.3021030426025 20.9434490203857 19.6756381988525 15.6328325271606 14.4403810501099 14.5786952972412 14.3435726165771 14.2783203125 14.5181951522827 14.7100534439087 14.8078737258911 15.0978708267212 15.9471950531006 16.277795791626 15.8028507232666
25.6410388946533 25.0271053314209 25.0743427276611 26.2860221862793 25.9735488891602 26.0908870697021 24.6534996032715 23.7924785614014 24.7427883148193 25.6752033233643 26.9863739013672 27.3454322814941 27.2617454528809 27.0902214050293 26.0038814544678 25.5832481384277 25.589563369751 25.2053489685059 25.6579113006592 25.524829864502 25.4943294525146 24.1937599182129 23.5083446502686 23.1353511810303 22.2322483062744 23.0167179107666 22.7468299865723 22.8973140716553 21.2160816192627 22.1606159210205 21.3713397979736 21.1822566986084 21.5136184692383 20.8144340515137 19.3215713500977 14.0825080871582 13.6857948303223 13.5952949523926 13.4044504165649 13.9582080841064 14.5938816070557 16.1015605926514 14.6542406082153 15.7770338058472 15.2465486526489 15.1133975982666
25.2529335021973 24.7586154937744 26.0092697143555 25.9837398529053 26.2480316162109 25.3610439300537 25.0219039916992 24.3660907745361 25.2714099884033 24.6738014221191 25.6262855529785 27.1343421936035 26.8622417449951 26.6549854278564 25.9641246795654 26.2467460632324 24.5857830047607 24.83740234375 25.2418212890625 25.0536632537842 25.1355991363525 24.4831295013428 24.5443019866943 23.9492721557617 22.7986602783203 22.7351207733154 22.3844127655029 22.2930164337158 22.7780513763428 21.805757522583 20.7448348999023 19.8138084411621 21.8127593994141 21.9778575897217 22.0147590637207 19.5306205749512 16.6271286010742 16.2019119262695 15.1624250411987 14.1841449737549 14.9723882675171 14.9444341659546 15.0122079849243 15.4485645294189 15.3464326858521 15.0016889572144
