inst/extdata/Tmax/Tmax52.asc
NCOLS 100 
NROWS 79 
XLLCORNER 148.06 
YLLCORNER -21.49 
CELLSIZE 0.01 
NODATA_value -3.4e+38 
[rows 40 to 59 of 79, columns 46 to 91 of 100]
20.1607608795166 21.7472019195557 21.483190536499 22.4516677856445 24.885778427124 24.948413848877 24.7449932098389 22.3974418640137 22.0699653625488 22.7646331787109 24.4101333618164 26.5648231506348 27.0369186401367 26.5532512664795 25.7264957427979 27.5703563690186 28.5129375457764 27.9590950012207 29.020112991333 28.9957180023193 28.3487529754639 28.9301891326904 26.7965774536133 25.6442222595215 27.0916042327881 28.023868560791 28.5537509918213 27.7257423400879 27.5412845611572 27.7009124755859 27.3154678344727 28.4064998626709 27.1460628509521 24.1810359954834 25.8378810882568 30.2280502319336 28.5633430480957 26.9891395568848 24.8237533569336 24.1307220458984 23.5685157775879 26.4199924468994 26.7952556610107 26.1667022705078 27.503173828125 24.7242698669434
21.6609516143799 21.9786968231201 23.3787746429443 24.736515045166 25.5783138275146 25.2042922973633 24.4963550567627 24.2621955871582 25.7005710601807 25.9798641204834 28.695276260376 27.5691089630127 27.349328994751 27.0491104125977 26.4691219329834 28.4644794464111 28.5942764282227 28.411792755127 29.4645538330078 29.7467002868652 27.6467170715332 27.9898719787598 24.1852855682373 30.0066261291504 31.1820297241211 26.7812347412109 28.7517948150635 27.7313594818115 27.9231834411621 27.1044425964355 27.6967334747314 28.2327213287354 28.0610523223877 27.1007862091064 27.5262584686279 29.5344314575195 27.7846508026123 27.207347869873 26.9193916320801 26.608814239502 26.1282978057861 25.6531162261963 27.0440826416016 26.6779155731201 26.6504573822021 26.1004543304443
23.3820190429688 24.4280967712402 24.375560760498 26.4147186279297 31.5294361114502 29.0577335357666 26.5536804199219 25.7845134735107 26.9647789001465 28.6749820709229 28.8075504302979 28.4152660369873 28.7101192474365 28.2663593292236 30.0078983306885 28.5632629394531 28.419506072998 28.0832824707031 28.5086860656738 29.2330665588379 28.29270362854 27.7196674346924 27.3876762390137 31.5170269012451 24.8545742034912 31.5799121856689 30.8475112915039 26.6755504608154 26.0202960968018 28.6159019470215 28.2983150482178 28.6158580780029 27.8822574615479 27.2224884033203 27.593692779541 26.3714027404785 26.4738235473633 25.9319801330566 25.9947471618652 26.4343967437744 27.5790634155273 27.6650123596191 28.0145664215088 26.6819286346436 28.690896987915 28.6223125457764
26.9987125396729 27.7801246643066 27.9542083740234 28.1172027587891 28.8783206939697 28.3945732116699 28.054027557373 27.6485404968262 28.0000705718994 28.4058494567871 29.0956020355225 29.1229877471924 29.3274250030518 29.2333641052246 28.7228126525879 28.2794628143311 27.9345035552979 28.1388702392578 28.8559894561768 26.4601058959961 28.7129802703857 28.7233734130859 28.5106830596924 27.865743637085 27.2970809936523 29.0255107879639 28.2667770385742 27.7932434082031 28.4215412139893 30.1361293792725 29.5016117095947 29.9392261505127 27.7208404541016 27.1072616577148 26.9377136230469 29.4479236602783 28.8739528656006 26.9419326782227 27.892707824707 28.9488792419434 29.5463008880615 28.6876354217529 27.1130428314209 31.3424873352051 28.8907089233398 26.861364364624
26.8070468902588 27.037410736084 27.0632305145264 27.4326915740967 29.0169868469238 29.6944160461426 29.1027431488037 28.2886085510254 28.6744632720947 28.3517684936523 28.0488224029541 28.0351047515869 27.6285800933838 27.4767761230469 27.3332862854004 27.9328517913818 26.3028430938721 27.1674365997314 28.2125492095947 28.5814590454102 29.538215637207 30.1620445251465 29.8769340515137 28.9100360870361 26.7886562347412 27.2510013580322 27.6494693756104 28.1319217681885 30.3480472564697 30.6797428131104 29.3158092498779 28.0551376342773 26.97873878479 27.6644592285156 27.3132610321045 29.3307952880859 28.011905670166 26.8353233337402 28.0859241485596 26.5723495483398 27.1907043457031 28.7484722137451 29.1590213775635 29.1076183319092 31.9755420684814 28.8610668182373
22.6320743560791 24.2641506195068 25.90944480896 24.279842376709 26.0172214508057 26.7531681060791 26.589864730835 26.9250030517578 27.2343883514404 27.3407306671143 24.2313175201416 24.424783706665 24.6191482543945 22.6002731323242 23.733585357666 24.8426933288574 27.255241394043 27.4850845336914 27.4359588623047 27.5570182800293 29.3452892303467 29.1250171661377 28.4404888153076 28.3816356658936 28.4967861175537 28.9927406311035 28.9754638671875 28.9346561431885 28.5605564117432 28.7511672973633 28.3929538726807 29.5306224822998 30.37868309021 30.8412265777588 28.8068180084229 28.5287742614746 28.0075759887695 27.8365993499756 27.7958984375 27.5024394989014 27.3340435028076 28.3892612457275 28.5476226806641 27.2285041809082 29.5296974182129 31.8739967346191
20.3840579986572 22.0606555938721 21.6544380187988 21.4328937530518 22.7624683380127 23.2683048248291 23.4636974334717 24.1031055450439 24.7474975585938 23.9033794403076 23.4445190429688 22.7350215911865 23.185037612915 23.0474128723145 23.4501361846924 24.8680725097656 27.6360816955566 27.4212837219238 26.7737216949463 28.6685314178467 29.1236209869385 29.5362319946289 28.5880680084229 27.8599491119385 30.4781017303467 30.6633205413818 29.7160701751709 28.9900493621826 28.0537433624268 27.9571990966797 29.1562557220459 28.9687881469727 28.3981990814209 28.7084999084473 28.9728221893311 31.5746631622314 28.3628921508789 28.5370998382568 27.4384689331055 27.2938060760498 27.2581119537354 29.8897476196289 27.9033298492432 30.7568950653076 29.3543148040771 28.7917194366455
20.7655982971191 20.700813293457 20.5663509368896 20.6908760070801 20.5594959259033 21.1124420166016 22.4047183990479 23.5474510192871 23.8601207733154 23.6505069732666 24.3561382293701 23.7324962615967 23.7464847564697 25.3101577758789 26.1053886413574 27.6944789886475 28.3635997772217 28.2796459197998 28.4070072174072 29.7952136993408 32.5116767883301 30.2298564910889 28.1318092346191 29.1398220062256 30.3361186981201 29.9533996582031 29.3034133911133 32.2249565124512 29.3652591705322 29.613000869751 29.6288986206055 27.0679244995117 26.909236907959 27.2267169952393 26.9922657012939 26.9821701049805 28.381555557251 27.3773860931396 26.4659862518311 30.209098815918 29.9475345611572 31.9011344909668 28.468017578125 30.5668258666992 30.2838249206543 30.1971797943115
20.4730949401855 22.4996356964111 20.8882331848145 20.4819946289062 20.3879718780518 20.3818454742432 20.7121295928955 23.1094207763672 23.9432239532471 24.1365051269531 24.0263690948486 24.1246299743652 29.4747085571289 30.6236438751221 31.1296310424805 27.532341003418 29.4329719543457 25.7864398956299 31.4201412200928 31.3387088775635 31.0451679229736 31.3030624389648 30.6819076538086 30.2323417663574 29.9152317047119 27.999439239502 29.1855354309082 30.3225650787354 32.4609260559082 31.7250900268555 31.4538421630859 32.1897087097168 31.270975112915 27.2857513427734 28.2397193908691 32.630241394043 31.7910270690918 28.7693786621094 28.570743560791 28.3744945526123 26.4452629089355 26.9662017822266 27.580602645874 28.481143951416 27.5966472625732 28.2039909362793
22.3826026916504 23.1057510375977 24.3155956268311 21.3389492034912 20.9515800476074 21.9459457397461 21.7933750152588 23.0365409851074 23.462423324585 24.0867481231689 28.384765625 30.0398788452148 31.2602558135986 31.3024425506592 31.8004283905029 24.9421329498291 28.1305351257324 25.2308197021484 25.556791305542 28.1059246063232 28.0992164611816 32.3220901489258 28.7538681030273 29.6260318756104 29.3470592498779 28.4586029052734 30.4039001464844 30.4694576263428 30.9516162872314 31.0061149597168 30.7637882232666 29.1164283752441 27.4420719146729 27.9296607971191 28.5754375457764 32.7975616455078 32.7537460327148 29.5616130828857 28.4115028381348 28.2501945495605 28.2229976654053 27.1951808929443 28.3707637786865 26.9531211853027 27.921724319458 28.5509052276611
25.7734317779541 22.5474376678467 25.5769786834717 20.489616394043 20.7224349975586 22.2203521728516 22.5067615509033 23.355001449585 24.1592903137207 24.738000869751 24.7560443878174 24.994478225708 29.6543388366699 30.3442306518555 30.9650802612305 24.887882232666 27.3672294616699 27.2458820343018 24.0569610595703 27.9072036743164 25.4391498565674 31.2001686096191 28.8362560272217 30.367654800415 28.7805213928223 29.7646389007568 28.7537517547607 28.3456840515137 31.3738136291504 31.0687599182129 30.439811706543 29.8994541168213 29.5704174041748 27.7816219329834 28.6177654266357 31.0477256774902 32.3917579650879 30.5079040527344 29.3972263336182 29.909854888916 28.4647216796875 27.3381309509277 27.3998489379883 26.5149192810059 27.9606990814209 28.7429428100586
21.1526298522949 19.766321182251 20.3522510528564 19.3602409362793 19.385139465332 21.3605117797852 22.3761672973633 23.6414489746094 24.0800495147705 24.3980579376221 24.6280651092529 24.2914905548096 24.1980323791504 23.768159866333 24.2950420379639 27.4748992919922 25.2640552520752 28.0482425689697 24.8885364532471 27.2829151153564 27.0885486602783 28.0292530059814 31.1376667022705 31.8950424194336 29.0709571838379 29.2444858551025 29.9097785949707 28.0611820220947 28.4854259490967 31.9197864532471 30.3353099822998 29.6246433258057 29.0493831634521 27.4005565643311 27.2882556915283 28.94091796875 29.3206253051758 29.1585540771484 28.5722427368164 26.8890037536621 30.5100059509277 26.8182125091553 26.5322036743164 26.1870346069336 26.1993656158447 27.4802951812744
19.4337329864502 25.1038818359375 25.9776439666748 19.5844669342041 19.5659618377686 20.6263771057129 21.5866851806641 22.5928287506104 23.1984519958496 23.5995845794678 23.9556655883789 23.7765769958496 23.8238563537598 24.3071308135986 24.7735385894775 25.1911354064941 27.8884563446045 28.2924480438232 28.1809997558594 28.651388168335 27.1128196716309 28.3096542358398 29.902458190918 31.9978523254395 29.8300685882568 30.6310863494873 30.5601062774658 30.4075393676758 30.2849502563477 32.3218955993652 31.1962242126465 30.6124057769775 30.7053508758545 31.0081787109375 28.0953426361084 27.1627674102783 28.3531627655029 25.7944679260254 27.304988861084 27.6023063659668 27.6976928710938 26.6814098358154 31.1695976257324 27.6415863037109 26.2231731414795 25.9842834472656
20.4313831329346 19.4697341918945 25.3713188171387 20.2417697906494 20.4486923217773 21.5758018493652 21.4881763458252 22.3934230804443 23.6378173828125 24.2101211547852 24.579345703125 24.7137870788574 24.7846546173096 28.5092735290527 28.5573329925537 25.5464744567871 25.3139247894287 25.4665546417236 25.4890518188477 28.2712631225586 27.7689609527588 27.9687061309814 25.5172653198242 26.7029991149902 27.5315589904785 29.3546409606934 28.713529586792 29.748477935791 31.8162021636963 29.3703498840332 29.2315692901611 28.2876300811768 28.6389446258545 29.4775123596191 27.8840923309326 27.4943408966064 25.4830017089844 24.672643661499 24.8883113861084 23.7122077941895 29.6023635864258 28.1766586303711 29.3517456054688 28.9655513763428 30.9402942657471 26.6949138641357
21.5789375305176 20.4446868896484 19.9115772247314 20.5836009979248 21.2605800628662 22.312198638916 22.3977375030518 22.8014297485352 23.1803188323975 23.8967761993408 23.9604320526123 26.7176609039307 27.7264041900635 24.9434185028076 29.2817230224609 28.6672039031982 29.1674823760986 25.7884674072266 28.5751991271973 28.3472957611084 28.3671035766602 27.4190654754639 26.3781356811523 28.4167976379395 30.251953125 30.5201816558838 28.632381439209 29.1141548156738 28.2476196289062 30.1820583343506 30.3841457366943 28.9270763397217 30.2770042419434 28.1513042449951 30.6963195800781 27.712818145752 31.3161525726318 27.6289234161377 27.9497013092041 26.3147621154785 27.5273151397705 28.0732326507568 27.3857498168945 27.6711502075195 28.5224933624268 29.5050315856934
21.164966583252 20.5243797302246 20.0805950164795 21.5715141296387 22.3733501434326 22.9975776672363 23.7880592346191 24.1753807067871 24.1859874725342 24.5608100891113 24.4316139221191 26.6038608551025 27.3804492950439 28.9482879638672 29.1426620483398 28.6555881500244 29.0719661712646 29.4702739715576 28.9648094177246 25.7963047027588 28.3303890228271 27.4403762817383 28.2034549713135 28.2403602600098 29.5088443756104 30.3295974731445 30.6278915405273 31.1840419769287 28.4897880554199 29.0117301940918 26.1718578338623 28.3815746307373 29.7823143005371 31.6989593505859 30.6881065368652 24.7533569335938 27.3344917297363 28.2393894195557 26.7387275695801 27.7170391082764 29.6689338684082 28.8662567138672 28.2269554138184 28.6125717163086 28.1596851348877 28.0015316009521
21.1283073425293 20.2120151519775 19.4939994812012 21.0854415893555 22.568489074707 23.1114120483398 22.3884563446045 23.9586143493652 23.6093883514404 22.9187355041504 24.3085403442383 24.0237312316895 24.3699550628662 27.2531204223633 24.9195556640625 28.2948722839355 28.4424057006836 28.4602394104004 29.0882835388184 27.1254119873047 27.9919471740723 28.4369144439697 27.9839096069336 25.6467533111572 28.1186637878418 30.3297290802002 29.4036121368408 28.5904331207275 28.825382232666 29.0069141387939 26.0541591644287 23.9506721496582 24.9165821075439 27.9023475646973 24.0595245361328 23.7729167938232 28.2025146484375 27.6668930053711 28.4774742126465 27.2135257720947 29.4606266021729 30.6575527191162 27.0071315765381 27.2954120635986 28.1965847015381 28.803295135498
21.5265636444092 20.3650531768799 20.4717292785645 21.1365642547607 22.1725826263428 22.7049217224121 23.2858295440674 23.3720359802246 21.9483108520508 21.5116062164307 23.6135559082031 22.1238346099854 22.6904735565186 23.0450286865234 26.8786907196045 27.8119297027588 25.1784076690674 28.4698429107666 25.8963947296143 29.376033782959 28.9652194976807 29.2447090148926 28.6946277618408 28.3788871765137 27.5422859191895 28.7802848815918 29.6119079589844 28.5879516601562 28.0153255462646 29.6636142730713 27.8079719543457 25.230863571167 28.2399616241455 27.0466976165771 21.5014171600342 26.2600612640381 27.4834728240967 27.9996776580811 28.3415069580078 30.0275821685791 27.9436168670654 30.301399230957 28.0174312591553 28.2571487426758 27.7052707672119 27.5727195739746
21.5198726654053 21.1518611907959 20.8462371826172 21.0636749267578 21.8628044128418 22.7029323577881 22.6862602233887 22.41575050354 21.7103385925293 22.8661155700684 23.146692276001 21.7905082702637 22.1522369384766 22.4278545379639 23.879638671875 24.3158168792725 28.101448059082 25.3230075836182 28.6996879577637 28.959098815918 28.7561187744141 29.1270732879639 27.329963684082 28.8133583068848 28.0567378997803 28.1371784210205 27.8883457183838 29.0126132965088 27.2863464355469 27.2562789916992 28.9524631500244 28.6214275360107 25.081880569458 26.8616962432861 27.4862899780273 28.4671382904053 25.522123336792 28.0462703704834 30.4211387634277 27.7216510772705 28.7334938049316 27.8577823638916 28.2920589447021 30.1166076660156 29.5723743438721 27.2711582183838
20.8485107421875 20.7441310882568 20.219144821167 20.6996555328369 21.3935031890869 21.2847270965576 22.0565757751465 22.556661605835 22.9999732971191 23.0795669555664 23.1345672607422 23.4235095977783 26.79931640625 27.5645427703857 27.4473857879639 24.1507759094238 24.9923553466797 28.8489055633545 26.2312507629395 28.3490123748779 28.6918182373047 29.3065547943115 29.4061737060547 28.7101078033447 28.8768653869629 27.8015365600586 28.2012119293213 28.1042022705078 27.3148288726807 29.2601509094238 29.6247234344482 30.4581184387207 26.7977771759033 27.6301231384277 27.4550762176514 23.2394676208496 26.2931804656982 29.1084175109863 30.9838733673096 25.6590747833252 28.136962890625 28.3487300872803 27.6361179351807 26.3589134216309 27.8989849090576 28.6652774810791
