inst/extdata/Tmax/Tmax16.asc
NCOLS 100 
NROWS 79 
XLLCORNER 148.06 
YLLCORNER -21.49 
CELLSIZE 0.01 
NODATA_value -3.4e+38 
[rows 20 to 39 of 79, columns 0 to 45 of 100]
34.375640869140597 34.8579139709473 35.0365524291992 34.7617034912109 34.9417343139648 35.7402801513672 35.2790298461914 35.569896697998 34.4090347290039 34.3387908935547 35.4435958862305 35.1109733581543 34.117000579834 32.4453964233398 31.5365047454834 30.8278770446777 30.4853954315186 31.6192741394043 32.3666305541992 33.0768737792969 33.1780128479004 33.6262855529785 33.6678886413574 33.9801406860352 33.9514541625977 33.7635688781738 32.8449783325195 31.1599025726318 31.9787521362305 31.7579326629639 32.6855316162109 32.9476585388184 32.9265403747559 32.9777603149414 32.7065467834473 32.463493347168 32.3664169311523 32.1015396118164 31.3502044677734 31.5302886962891 31.3709259033203 30.6831188201904 31.3319625854492 31.0789890289307 29.5598011016846 29.6486625671387
35.1374588012695 35.3969230651855 35.3921852111816 35.0116882324219 34.9331741333008 34.8362426757812 34.44677734375 35.2427749633789 35.4895210266113 35.7519683837891 35.4507255554199 35.4856147766113 35.0246353149414 32.7037963867188 31.4844398498535 31.3318920135498 31.3976631164551 31.8082714080811 32.1665420532227 33.1111068725586 33.7290878295898 34.3211936950684 33.2592391967773 33.6957244873047 33.6843070983887 33.3555946350098 33.0641403198242 31.7838764190674 31.8905124664307 32.6300926208496 32.9974899291992 32.7623672485352 32.8032531738281 31.7754535675049 31.4479427337646 31.6511211395264 32.4132690429688 30.8022079467773 30.4903125762939 30.6600532531738 29.9763202667236 30.5010528564453 30.7535552978516 28.6982173919678 28.5117263793945 29.0152473449707
35.4221687316895 35.6582870483398 35.4554023742676 34.7583465576172 35.9853363037109 35.0743560791016 35.3629913330078 35.0632934570312 35.7677001953125 34.9517631530762 36.0645942687988 35.6831893920898 35.5124549865723 34.7148170471191 34.144115447998 32.573902130127 31.0527763366699 31.48876953125 31.7412490844727 33.5081558227539 34.326530456543 33.4273567199707 33.2579727172852 32.831974029541 32.4691352844238 33.1568641662598 33.023250579834 32.6202201843262 32.6223297119141 32.5985221862793 32.3020286560059 31.8805809020996 31.5348949432373 31.1046657562256 30.4778270721436 31.1968040466309 31.260440826416 30.2432956695557 30.2385730743408 30.2233734130859 28.9546051025391 28.9870338439941 29.3175964355469 30.0494232177734 24.7549457550049 28.9561157226562
35.5873832702637 36.0163078308105 36.5089950561523 34.7873306274414 34.7141952514648 35.5606346130371 34.6335296630859 35.6660270690918 35.8799781799316 34.963493347168 35.5554428100586 35.4678916931152 35.646900177002 34.7932319641113 33.116081237793 32.3463745117188 31.3505039215088 31.7247543334961 32.2284698486328 33.1220550537109 33.4687271118164 33.7321166992188 33.0166358947754 31.8628997802734 32.2921295166016 32.3478050231934 32.3969688415527 32.9435272216797 33.2083511352539 32.9820442199707 32.6749229431152 31.9692096710205 31.3986225128174 31.4795989990234 31.834228515625 31.6216678619385 29.6461868286133 29.3776950836182 29.6929988861084 30.091516494751 28.8293800354004 28.8540916442871 28.2503070831299 26.2895431518555 28.0788440704346 27.9378414154053
35.8183135986328 35.6711311340332 35.4685897827148 36.1864242553711 36.2779273986816 35.9489059448242 34.7048072814941 35.8088874816895 34.410530090332 34.6695404052734 34.7225532531738 34.4705085754395 34.3290824890137 34.7329063415527 33.3804054260254 32.0440483093262 31.4942054748535 31.4370212554932 32.4930572509766 32.6486320495605 33.6717567443848 33.6652374267578 31.3349342346191 31.1910533905029 31.2451705932617 31.5874767303467 31.7854328155518 32.8028526306152 33.0664482116699 32.5791549682617 32.9662094116211 32.5842361450195 32.4601745605469 32.2391891479492 31.7892189025879 31.4530296325684 30.888801574707 30.3018321990967 29.1168212890625 28.5730495452881 27.7313461303711 26.8456325531006 27.4058532714844 28.9260864257812 24.3152008056641 24.0244674682617
36.3053855895996 36.0044441223145 36.4394264221191 35.7770118713379 36.279598236084 36.1232986450195 35.9616889953613 35.7332534790039 35.5944061279297 34.2622871398926 35.3367805480957 34.6563682556152 33.8819885253906 34.0986251831055 34.205753326416 34.1586380004883 33.0174598693848 32.8414726257324 33.3694801330566 33.8153648376465 33.1206855773926 31.528470993042 31.1079044342041 30.1787757873535 30.7644176483154 31.4421730041504 31.4217147827148 31.9178295135498 32.8678169250488 32.8044128417969 31.4542675018311 32.1896591186523 32.0178146362305 32.0441627502441 31.6797294616699 31.435640335083 30.8365287780762 30.0178413391113 27.8940105438232 28.3370532989502 27.1080837249756 28.0256538391113 29.4590110778809 28.6930370330811 24.1447563171387 23.5321025848389
34.3943481445312 35.5843772888184 36.6139030456543 36.3636512756348 36.2334899902344 36.0595893859863 35.9023933410645 35.9023895263672 35.6435661315918 34.4714889526367 34.0460205078125 34.2851829528809 34.0989799499512 33.876766204834 34.1202125549316 33.362548828125 32.6397972106934 32.7113304138184 33.4747085571289 33.342399597168 32.9898567199707 33.0545959472656 31.9099636077881 30.8647861480713 30.3721828460693 30.8914108276367 31.9786128997803 32.9271507263184 32.3135452270508 32.5351943969727 32.015495300293 31.8736782073975 31.8848667144775 31.4850769042969 31.5385971069336 30.9665641784668 29.6791877746582 29.8589897155762 25.4447040557861 24.0251312255859 26.7622184753418 24.221155166626 29.0312919616699 25.0991725921631 27.6141910552979 23.3799247741699
34.6237335205078 34.2218742370605 35.341552734375 36.1805191040039 36.1199035644531 35.9690971374512 36.1093139648438 36.222110748291 35.8319206237793 35.136833190918 34.7228317260742 34.0717010498047 33.911563873291 34.3267974853516 32.9476661682129 33.351921081543 32.9547004699707 32.4985580444336 32.7850723266602 32.8471984863281 32.6562271118164 32.5830230712891 32.2364044189453 31.2084217071533 31.1761627197266 31.35498046875 30.8059711456299 32.8821258544922 33.1162910461426 31.8435039520264 31.8204116821289 31.8801212310791 32.0590858459473 31.3940410614014 31.2334899902344 30.5174427032471 29.1958751678467 29.3649368286133 29.1135654449463 28.2621326446533 27.1494007110596 27.542236328125 27.3514022827148 24.5291137695312 24.008243560791 23.6911220550537
33.5769119262695 34.0128746032715 34.5183982849121 35.3352699279785 36.3275756835938 35.7829399108887 36.1801948547363 35.8173713684082 35.8486785888672 34.8956260681152 35.013671875 34.3213043212891 34.5655364990234 34.5618896484375 34.3725700378418 32.4707412719727 32.6168594360352 32.4833488464355 32.7690582275391 33.5070724487305 32.1921348571777 32.5892601013184 31.7842540740967 30.9209041595459 31.201021194458 31.4837760925293 31.364933013916 31.897045135498 32.3880844116211 32.2328109741211 32.4841499328613 31.5818424224854 31.241039276123 30.3007907867432 29.858024597168 28.9800148010254 29.3087863922119 29.2780265808105 29.3630771636963 26.9380874633789 24.1242256164551 24.1366863250732 27.5374011993408 23.9457912445068 24.132604598999 24.0189514160156
32.7246055603027 33.190185546875 33.6996574401855 34.471565246582 35.7178916931152 35.6868629455566 35.0085411071777 36.172794342041 36.008544921875 35.679386138916 34.5577239990234 35.0319290161133 34.4215316772461 34.1565017700195 34.7771186828613 34.644359588623 34.3461799621582 32.8295974731445 33.014461517334 32.965446472168 32.8661422729492 32.6519813537598 32.2783203125 31.4574394226074 31.2666530609131 31.3184680938721 30.8583507537842 31.8966388702393 32.5068664550781 31.9310531616211 32.8074836730957 31.5638275146484 30.5652809143066 30.470703125 29.9894218444824 29.7932319641113 29.7466106414795 29.2083015441895 28.6278495788574 28.1682586669922 28.9536094665527 28.8995742797852 26.6423168182373 26.8944320678711 24.0043277740479 24.8283023834229
33.2073097229004 33.6217308044434 33.7252655029297 34.6035003662109 34.6916694641113 34.4279861450195 34.5946197509766 35.6335372924805 35.5952453613281 35.1512641906738 35.6448211669922 35.5600242614746 35.6262626647949 34.8524475097656 34.9402694702148 35.0528297424316 34.0103034973145 33.5468406677246 32.6831398010254 32.9891738891602 32.782154083252 32.1071434020996 32.0044860839844 31.6302433013916 31.1096420288086 30.5145034790039 30.8444557189941 32.1848564147949 32.299877166748 32.4219398498535 32.684513092041 32.8788146972656 31.5194339752197 30.5349102020264 29.8073291778564 30.6867504119873 30.2270317077637 29.5575466156006 28.7871971130371 28.688060760498 30.1904144287109 29.9951038360596 29.6960430145264 28.9341297149658 25.6944580078125 25.0805892944336
34.0836563110352 33.9242477416992 34.7707328796387 35.5918884277344 36.0515899658203 34.7163314819336 34.7662887573242 36.0220603942871 35.9796905517578 35.3180694580078 35.763355255127 35.4055290222168 35.3667640686035 35.0218925476074 34.1348571777344 34.5712738037109 32.4942016601562 31.260274887085 32.7583084106445 32.408821105957 32.3609428405762 32.4242095947266 31.9496517181396 31.7312698364258 31.3136520385742 31.2857704162598 31.4777984619141 32.4112129211426 32.9543914794922 32.0896873474121 32.562370300293 32.548454284668 32.757740020752 31.9984798431396 31.3739223480225 30.421745300293 30.2089538574219 30.2856483459473 29.8426837921143 31.3237819671631 30.3810768127441 30.16672706604 25.2756633758545 26.9535694122314 24.5489349365234 23.987190246582
33.7188720703125 34.8856811523438 34.7204780578613 34.8052635192871 35.9762535095215 35.1522178649902 35.7599449157715 35.3838577270508 35.9499244689941 34.9302520751953 35.9003677368164 35.4103546142578 35.4216117858887 34.8512535095215 34.4826126098633 34.0079383850098 34.0795135498047 32.5113754272461 31.4906826019287 31.9659633636475 32.0202522277832 32.4452819824219 31.8363914489746 31.9646625518799 31.602466583252 31.3691921234131 32.760669708252 32.6567344665527 32.4769325256348 33.9386215209961 32.7158126831055 32.3463134765625 33.3282012939453 33.1312637329102 32.3649482727051 31.8147087097168 31.2938709259033 31.3031520843506 30.851110458374 31.0498313903809 30.5130081176758 28.2768611907959 23.8682250976562 24.1010360717773 24.2815036773682 23.1838245391846
34.5125999450684 34.4932746887207 35.1168594360352 34.0950660705566 34.5936470031738 33.436840057373 34.1255569458008 35.439811706543 35.9382514953613 35.7291564941406 36.0265693664551 35.245044708252 35.1041450500488 35.183967590332 34.6001777648926 34.4166450500488 34.8873748779297 34.4864387512207 33.807544708252 33.5054244995117 32.479320526123 32.1631774902344 32.711841583252 32.331657409668 31.9587898254395 31.5460929870605 32.8736152648926 33.3411140441895 32.8295936584473 33.0595245361328 32.8502731323242 31.9456424713135 31.5513076782227 31.46337890625 31.7887630462646 31.9438743591309 31.9809246063232 32.4587745666504 32.1058769226074 32.1924934387207 30.5408172607422 26.2283992767334 24.8576126098633 24.9718952178955 24.8388595581055 24.0688133239746
34.9729232788086 35.2765922546387 35.1215362548828 33.4640655517578 34.1222953796387 34.9346351623535 34.0909767150879 35.5041770935059 35.8650245666504 35.487491607666 35.9377632141113 35.6170272827148 35.9481201171875 35.4726448059082 35.0850563049316 34.9404258728027 34.7122077941895 34.5337181091309 34.1916885375977 33.3049163818359 31.9958438873291 33.0542335510254 33.4894256591797 32.3561782836914 31.9179000854492 31.736011505127 31.3563537597656 32.4813766479492 32.4268341064453 31.5329246520996 32.4526596069336 31.4608306884766 31.0982093811035 31.1840629577637 30.9297142028809 30.9940605163574 31.6553440093994 31.0874423980713 31.7359523773193 31.5174446105957 29.883825302124 29.5050277709961 26.7150020599365 26.11962890625 25.5175666809082 25.4996566772461
34.6918182373047 35.9894752502441 35.0935401916504 34.3270950317383 32.8480110168457 35.0058784484863 36.3188858032227 34.439323425293 35.4014205932617 35.9705696105957 35.8498954772949 35.6687660217285 35.1655349731445 35.3124160766602 34.9844589233398 35.1857948303223 34.2929916381836 33.8923530578613 33.8853416442871 33.4520530700684 32.4454116821289 33.1362419128418 32.3858795166016 31.1329097747803 31.4828681945801 31.0082759857178 32.1006660461426 31.2074947357178 31.3998699188232 28.8618431091309 30.6040477752686 31.1037559509277 31.4008369445801 31.0932846069336 31.1918716430664 30.3146896362305 30.3775863647461 30.7662696838379 31.70285987854 31.0177459716797 26.198299407959 25.9209842681885 25.5994110107422 26.0083427429199 25.8421649932861 24.8823795318604
35.3393287658691 34.4648590087891 35.7672996520996 35.0985908508301 35.0154609680176 34.9727668762207 34.9303550720215 34.9612731933594 35.0809516906738 36.3534965515137 36.3434638977051 35.764778137207 35.6092758178711 35.8676071166992 35.6288986206055 34.5445747375488 33.913387298584 33.8787536621094 33.9099884033203 33.9707565307617 33.3150520324707 32.4862976074219 31.5273303985596 31.3636627197266 31.63450050354 32.1716918945312 32.522159576416 31.6437664031982 31.3495635986328 29.4186019897461 29.3223323822021 28.3414211273193 29.8628234863281 31.2332019805908 31.302661895752 29.5021667480469 29.3995685577393 29.0131740570068 28.7249355316162 25.2367477416992 25.222541809082 24.6360282897949 24.9934539794922 25.7022953033447 25.7611064910889 24.4352531433105
34.8476715087891 34.2540588378906 35.4948959350586 34.3114166259766 34.5002822875977 34.5341835021973 33.3113174438477 33.9979972839355 34.9910888671875 35.2539520263672 35.9540901184082 35.9657554626465 35.8154182434082 35.2929420471191 35.6521301269531 35.5460357666016 34.8603897094727 33.5808601379395 34.1142921447754 33.6838150024414 33.5407485961914 32.9736595153809 31.7478694915771 31.550235748291 31.1276435852051 31.6454334259033 32.3720779418945 31.5757675170898 31.7095623016357 31.2881011962891 31.2776966094971 30.2048797607422 29.9860763549805 28.7962017059326 25.0687961578369 24.1112594604492 24.2217922210693 23.9908599853516 23.9155597686768 24.0443878173828 24.1850433349609 24.2239856719971 24.4552688598633 25.1011142730713 25.4431400299072 25.0327320098877
34.8263320922852 34.171215057373 34.1654281616211 35.3650283813477 35.0433578491211 35.2205200195312 33.8167915344238 33.0008316040039 33.7690010070801 34.5477905273438 35.8013648986816 36.1259117126465 35.9992141723633 35.8083763122559 34.789608001709 34.4610023498535 34.4406852722168 34.0201225280762 34.440055847168 34.320915222168 34.3099403381348 33.0968627929688 32.6648902893066 32.2016754150391 31.5005073547363 32.2681465148926 31.9456558227539 32.0037651062012 30.5354843139648 31.3154468536377 30.5896759033203 30.3547477722168 30.3719215393066 29.7583065032959 28.4685516357422 23.6758480072021 23.4388046264648 23.3301258087158 23.2519683837891 23.7041416168213 24.1968078613281 25.6876182556152 24.2045783996582 25.028003692627 24.5711460113525 24.5287933349609
34.4415435791016 33.9486656188965 35.1668701171875 35.1722564697266 35.3682823181152 34.4850463867188 34.1827049255371 33.5728569030762 34.4124565124512 33.6379890441895 34.5026473999023 35.934268951416 35.6294784545898 35.4119644165039 34.7181549072266 35.0956764221191 33.5179061889648 33.8014869689941 34.1147346496582 33.8728294372559 33.9735717773438 33.3388328552246 33.4661865234375 32.9975852966309 32.0758857727051 32.0406608581543 31.6806259155273 31.5495376586914 32.0043525695801 31.1288814544678 30.16965675354 29.0534839630127 30.7558841705322 31.076452255249 31.0429553985596 28.6632385253906 25.8344650268555 25.4189376831055 24.5682983398438 23.7959365844727 24.4216003417969 24.4387969970703 24.4076061248779 24.7866287231445 24.7281017303467 24.4610538482666
