inst/extdata/Tmax/Tmax114.asc
NCOLS 100 
NROWS 79 
XLLCORNER 148.06 
YLLCORNER -21.49 
CELLSIZE 0.01 
NODATA_value -3.4e+38 
[rows 0 to 19 of 79, columns 0 to 45 of 100]
35.407886505127003 35.0434417724609 34.0468139648438 34.419506072998 34.5627899169922 34.9994354248047 35.1975021362305 35.366340637207 35.3160629272461 35.1277770996094 34.6313362121582 34.4118804931641 34.3220100402832 33.0361938476562 33.5373725891113 33.9677925109863 34.3593063354492 34.3232917785645 33.4763984680176 32.7803001403809 32.6247100830078 31.6469993591309 32.0901908874512 33.4154891967773 33.9363288879395 34.1879272460938 34.0495834350586 34.0968170166016 33.7673225402832 33.3785972595215 32.465576171875 30.5109233856201 31.8390674591064 31.7463436126709 30.4904441833496 29.3294830322266 29.2103805541992 28.8076419830322 29.6134490966797 31.5679244995117 33.1557846069336 33.4219436645508 34.1816711425781 34.5221862792969 34.6927871704102 34.8194732666016
35.2311248779297 34.6771850585938 33.8805618286133 33.973316192627 33.3739929199219 34.3256721496582 34.916187286377 35.2491455078125 35.3775901794434 35.2468757629395 34.8850631713867 34.5535087585449 34.6662406921387 34.223072052002 34.0455322265625 33.9208908081055 34.340259552002 34.3688735961914 33.3271713256836 32.700267791748 33.2448654174805 32.9769248962402 32.8560028076172 33.3114700317383 33.7923316955566 33.9759521484375 34.2582550048828 34.2011299133301 33.9731826782227 33.744945526123 32.8618774414062 31.3931331634521 32.6177368164062 32.1792221069336 31.4700889587402 30.4505996704102 29.9846744537354 30.3745498657227 31.5088310241699 32.6833114624023 34.2311897277832 34.6504859924316 34.7802352905273 34.7717933654785 34.820686340332 34.8564605712891
35.213981628418 34.3538703918457 34.4757041931152 34.6065635681152 34.1223335266113 34.2417030334473 34.6647834777832 35.2587432861328 35.4419364929199 35.2922286987305 34.9832572937012 34.8417167663574 34.7408714294434 34.6781463623047 34.3557662963867 34.1940727233887 34.4053268432617 34.5618705749512 33.9546737670898 33.7498054504395 33.5904121398926 33.2438430786133 32.9969367980957 33.1208343505859 34.0038223266602 34.2786140441895 34.0970840454102 34.0728302001953 34.0648651123047 33.7334289550781 33.7861557006836 32.7477684020996 32.9991569519043 31.693078994751 31.3685417175293 30.6905555725098 30.140905380249 29.6291351318359 30.7243499755859 31.9963397979736 33.4489936828613 34.4972114562988 34.833610534668 34.8967590332031 34.8693313598633 34.8139724731445
35.4626579284668 35.0832328796387 34.7268524169922 35.380485534668 34.8300590515137 34.37451171875 34.7739372253418 35.3714332580566 35.544075012207 35.3935394287109 35.2333335876465 35.1870422363281 35.0692901611328 34.8890838623047 34.4249114990234 34.2386627197266 34.6087226867676 34.6564521789551 34.416862487793 33.9176292419434 33.5719528198242 33.169059753418 33.248119354248 33.2051124572754 33.8235626220703 34.2783203125 33.8830108642578 34.1644325256348 33.9639663696289 33.0828552246094 33.6697769165039 33.7441520690918 32.9479637145996 31.6155319213867 31.0052833557129 30.070198059082 30.3645801544189 29.8297233581543 29.7035598754883 29.1786327362061 30.8455352783203 33.6939468383789 34.6672401428223 34.8931655883789 34.6215476989746 34.508487701416
36.0629386901855 35.4657554626465 35.2069435119629 35.6393013000488 35.3840866088867 34.6892776489258 34.724178314209 35.4127960205078 35.5650520324707 35.1589622497559 35.1571807861328 35.369686126709 35.2296180725098 34.9253463745117 34.5312385559082 34.6903038024902 34.7665634155273 34.4875106811523 33.9913635253906 33.203182220459 33.3956527709961 33.5733757019043 33.7067565917969 33.9104690551758 33.9125289916992 33.5540466308594 34.3316421508789 33.9181823730469 33.773307800293 33.245792388916 33.6241149902344 33.4296264648438 33.0959777832031 32.0402374267578 31.4864749908447 31.8177299499512 31.4860897064209 30.8980827331543 30.3171672821045 29.5238170623779 29.1455917358398 32.7935218811035 34.3735427856445 34.8085670471191 34.0826187133789 33.3246421813965
36.2319450378418 35.957649230957 35.2064971923828 35.6674423217773 35.7384033203125 35.2842788696289 34.9757690429688 35.4616279602051 35.6281280517578 35.3121528625488 35.1867027282715 35.4688987731934 35.2942657470703 34.9918518066406 34.2795562744141 34.8220443725586 34.7233123779297 34.2399291992188 33.6486625671387 33.1962547302246 33.2999954223633 33.5737113952637 33.9061813354492 33.9005432128906 34.2125930786133 34.0918922424316 34.1686134338379 33.3524551391602 33.3443450927734 32.1800880432129 32.966007232666 33.4791297912598 33.5772514343262 33.2196197509766 32.8384590148926 32.7668228149414 31.8676815032959 31.3408489227295 30.9879608154297 30.1067981719971 29.5644702911377 32.3529243469238 34.2675285339355 34.7779235839844 34.2586517333984 32.0719718933105
36.4422950744629 36.1548309326172 35.7513275146484 35.9284248352051 35.8692474365234 35.458927154541 34.7491302490234 35.3553237915039 35.5529670715332 35.696533203125 35.6268424987793 35.4538154602051 34.9866333007812 35.1029777526855 35.0648422241211 34.9047546386719 34.685676574707 34.0805778503418 33.8467559814453 33.5163230895996 32.8843536376953 33.1061058044434 33.6134986877441 34.0293464660645 34.4054222106934 34.3204612731934 34.331615447998 33.7481651306152 33.3545722961426 32.0544738769531 32.0595016479492 32.1867218017578 33.2203979492188 33.3993949890137 32.9018592834473 32.7806663513184 32.1648292541504 30.6636028289795 30.9238510131836 30.4455394744873 30.2708911895752 32.1700019836426 34.0607376098633 34.550594329834 34.3166694641113 32.5552940368652
36.4361000061035 36.3191871643066 36.0166168212891 36.0427932739258 35.9938278198242 35.7021713256836 35.0599784851074 34.9178619384766 35.2554626464844 35.623851776123 35.7364273071289 35.4144248962402 34.6742248535156 34.9137573242188 35.1597709655762 34.4041786193848 34.3407287597656 33.5083122253418 33.424388885498 33.1656951904297 32.4297676086426 32.947380065918 33.4213180541992 34.0261535644531 34.5365028381348 34.5461273193359 34.0878715515137 33.6033401489258 33.404670715332 32.5698165893555 31.1313285827637 31.4496536254883 31.8188171386719 32.4666938781738 32.8856010437012 32.228443145752 32.3079681396484 31.348934173584 30.2594146728516 30.5719871520996 30.8036251068115 32.0158538818359 33.1217269897461 34.1981658935547 34.1431274414062 32.2055587768555
36.2022476196289 36.4315299987793 36.2602882385254 36.2028350830078 36.0554618835449 35.7831382751465 35.3834609985352 34.8662719726562 35.0556945800781 35.6178512573242 35.7843856811523 35.7210693359375 35.4888648986816 35.3196640014648 34.9181518554688 34.0772895812988 34.2816696166992 34.0102233886719 34.1574516296387 33.1413993835449 33.1408996582031 32.9741668701172 33.0842056274414 33.8263931274414 34.4663848876953 34.6615524291992 33.646354675293 32.68896484375 32.7835235595703 32.6811103820801 32.0336227416992 31.4266128540039 30.9548683166504 31.4622802734375 32.4566078186035 31.7893447875977 31.5334815979004 31.4792633056641 30.4478244781494 30.0969791412354 30.3386993408203 30.4480381011963 31.4416923522949 33.1698684692383 33.6693115234375 32.3259353637695
35.8940238952637 36.3354339599609 36.4120597839355 36.2544975280762 36.0263061523438 35.8904571533203 35.6679496765137 35.156665802002 34.7886581420898 35.5356750488281 35.7897529602051 35.3468551635742 34.5525550842285 34.6233940124512 34.7351760864258 34.7044792175293 34.7334480285645 34.5717964172363 34.3388671875 33.9923400878906 33.6301956176758 32.927864074707 33.2948989868164 34.2119064331055 34.7019348144531 34.5860900878906 33.8051643371582 33.633472442627 33.0732536315918 32.5077171325684 31.1378402709961 30.7176055908203 31.8947334289551 31.7399253845215 31.5120315551758 31.2546005249023 31.0167484283447 31.3374004364014 30.7420921325684 29.9276065826416 29.9644451141357 29.3540954589844 30.2900638580322 31.5627422332764 31.908712387085 31.221248626709
35.5416870117188 35.8813972473145 36.4342803955078 36.325569152832 36.1767730712891 36.081356048584 35.8689498901367 35.4570274353027 35.4353218078613 35.6875801086426 35.8396186828613 35.4214324951172 35.0501289367676 34.2187538146973 34.4082260131836 34.7254219055176 34.8572540283203 35.0755271911621 34.5755081176758 34.3528213500977 33.9057426452637 33.4964561462402 33.5765609741211 34.201343536377 34.6777725219727 34.5709533691406 33.7982215881348 32.9753913879395 31.8705635070801 31.8676433563232 31.4696731567383 31.4096069335938 32.3517951965332 32.0694580078125 31.0826683044434 30.802677154541 31.3234519958496 31.0083885192871 30.5905742645264 29.98828125 30.0495872497559 29.7642269134521 29.3946208953857 30.1902809143066 30.6664695739746 31.010066986084
35.3633270263672 35.4322814941406 36.4014854431152 36.3973083496094 36.3008651733398 36.1615409851074 35.971981048584 35.601375579834 35.6401557922363 35.9555549621582 35.8932151794434 35.6767768859863 35.2697334289551 34.7203979492188 34.6039237976074 34.9397888183594 35.2761917114258 35.266414642334 34.9757652282715 34.4612464904785 33.8951072692871 33.5245399475098 33.7038421630859 33.8705062866211 34.1108551025391 34.4824676513672 33.3928260803223 32.5184097290039 31.846565246582 32.1094245910645 32.1827354431152 32.0913696289062 32.5515785217285 31.9644355773926 31.6873016357422 31.588680267334 31.118860244751 30.4738922119141 31.0498390197754 31.302806854248 30.8246612548828 30.3286323547363 29.7634429931641 30.2529373168945 30.8334579467773 31.2722568511963
35.5357055664062 36.0833435058594 36.3837890625 36.33740234375 36.3460731506348 36.2383918762207 36.0837135314941 35.6689910888672 35.7607688903809 36.0954322814941 35.8758506774902 35.7969055175781 35.5576171875 35.6335182189941 35.5226860046387 35.4981651306152 35.5028190612793 35.4160537719727 35.1658477783203 34.5836715698242 34.2783622741699 34.4576950073242 34.7464752197266 35.0013999938965 34.8367156982422 34.366569519043 34.1345062255859 33.600757598877 33.1936073303223 32.9879608154297 33.0576858520508 32.8289909362793 32.7210502624512 32.0834808349609 31.4619026184082 30.9651031494141 30.3757362365723 31.5920238494873 31.9085922241211 31.8483219146729 30.3729801177979 30.2903327941895 29.7664527893066 29.4707660675049 30.9018783569336 31.5208339691162
36.0458526611328 36.2724800109863 36.3439788818359 36.2527351379395 36.2656517028809 36.3148574829102 36.2497978210449 36.115421295166 35.8857688903809 36.0325241088867 35.9960556030273 35.9160308837891 35.7724456787109 35.6572608947754 35.5365219116211 35.4480323791504 35.5990142822266 35.5043106079102 35.3445243835449 35.217399597168 35.1016845703125 35.0581817626953 34.8304710388184 34.9575843811035 34.4668235778809 33.339054107666 33.2725219726562 32.8205871582031 32.2057037353516 33.0624237060547 33.368579864502 33.3253364562988 32.4962158203125 32.1592750549316 32.0260200500488 31.9622631072998 31.9400291442871 31.5962028503418 32.2818489074707 32.6588287353516 32.0867042541504 31.5839424133301 30.887393951416 30.2910976409912 31.452938079834 32.0017929077148
35.2010765075684 35.8340950012207 36.309024810791 36.2311553955078 36.0936737060547 36.1982612609863 36.1503982543945 35.9644432067871 35.502010345459 35.5514526367188 35.9131546020508 35.7008056640625 35.1199226379395 35.3031463623047 35.5029373168945 34.8929824829102 35.3653297424316 35.5694427490234 35.5103225708008 35.4518356323242 35.3867607116699 34.9393119812012 34.2310829162598 34.6623497009277 34.4718627929688 34.1703910827637 34.0787887573242 33.7115364074707 33.3078498840332 33.5950393676758 33.5442276000977 33.2558479309082 32.7635803222656 33.0293579101562 32.9861450195312 31.9552879333496 32.567928314209 31.6409702301025 31.9934482574463 32.828685760498 32.8051948547363 32.5188179016113 31.6980113983154 30.7943248748779 31.4834136962891 32.3197593688965
34.2373886108398 35.354923248291 36.179370880127 36.3168449401855 36.2414588928223 36.2111396789551 36.0982475280762 35.974781036377 35.7359161376953 35.1709480285645 34.7294769287109 35.5407333374023 34.6221656799316 34.280143737793 35.2407264709473 34.8457679748535 34.8174438476562 35.3344192504883 35.362663269043 35.3607292175293 35.3681793212891 35.3380928039551 35.1839637756348 34.9230842590332 34.4587287902832 34.0342559814453 34.0431289672852 33.9823265075684 33.9171295166016 33.7136917114258 33.5250930786133 33.079891204834 32.7767295837402 33.4741859436035 33.3384170532227 33.0431060791016 33.0539779663086 32.4336471557617 32.0534629821777 32.7907028198242 33.0010147094727 32.3106956481934 30.9444484710693 29.7555999755859 30.2361507415771 32.1056289672852
35.3394393920898 35.1549530029297 35.8008270263672 36.0031547546387 36.2438278198242 36.207836151123 36.0788993835449 35.9263916015625 35.7568969726562 35.4394989013672 34.734992980957 35.1915397644043 34.0460929870605 33.7783508300781 34.5987243652344 34.4408874511719 33.6910171508789 34.8907127380371 34.8827095031738 34.8597145080566 35.1375007629395 35.3077812194824 35.1990394592285 34.7336006164551 33.8228721618652 33.1996078491211 32.7754859924316 33.1442794799805 33.740535736084 33.1189498901367 32.8853340148926 32.0739250183105 32.8376617431641 33.7443542480469 33.5434646606445 33.3332824707031 33.3833847045898 32.9202423095703 32.5246810913086 32.831298828125 33.0474624633789 31.8409690856934 30.785400390625 31.1204566955566 31.4983615875244 32.1359977722168
35.4724655151367 35.8460807800293 35.9354476928711 35.948902130127 36.099422454834 36.1584739685059 36.0904197692871 35.9984817504883 35.8293495178223 35.3341827392578 34.907299041748 34.4983139038086 34.0621147155762 33.6740913391113 34.2326049804688 34.0794410705566 34.1004257202148 33.9146003723145 33.6424255371094 33.6232566833496 34.8639678955078 35.1542205810547 35.1302185058594 35.013858795166 34.3776817321777 33.1486549377441 31.6597290039062 32.5403633117676 33.3979339599609 32.3894271850586 32.7906074523926 33.4097518920898 33.7216720581055 34.0114479064941 33.9163551330566 33.702564239502 33.1939811706543 32.3129692077637 32.7965774536133 33.0399551391602 33.379581451416 33.0041160583496 32.851863861084 32.8288116455078 32.777587890625 32.180908203125
35.7462577819824 35.726734161377 35.5731315612793 35.6819000244141 36.162784576416 36.0496368408203 36.06494140625 36.0464630126953 35.9465026855469 35.5697174072266 34.3820190429688 34.4753265380859 34.0141525268555 32.8252944946289 33.6036605834961 33.3596076965332 33.1750068664551 32.455005645752 33.3349761962891 33.7273178100586 34.8843994140625 34.910457611084 35.0540962219238 35.1621360778809 34.2553482055664 33.1271781921387 31.9079303741455 32.7360496520996 33.3809013366699 32.860782623291 33.3803520202637 33.8472099304199 34.2479438781738 34.2522010803223 33.787971496582 33.5124778747559 33.1311836242676 32.8486099243164 33.4021110534668 33.4917678833008 33.5330085754395 33.4410018920898 33.3179397583008 32.6371383666992 31.753791809082 31.7154922485352
35.901008605957 35.8841209411621 35.8679733276367 35.7178344726562 36.1784133911133 36.1758232116699 36.111457824707 36.0510635375977 35.9778289794922 35.8704528808594 35.5234451293945 34.7401695251465 33.8563995361328 32.611156463623 32.9466400146484 32.9070854187012 32.4436111450195 32.7512893676758 33.0131759643555 34.0923385620117 34.9108390808105 34.4718322753906 35.204704284668 35.0415153503418 34.4194374084473 34.165283203125 33.0423202514648 33.1620254516602 33.5256576538086 33.3429718017578 33.9774208068848 33.9437828063965 34.402530670166 34.3266830444336 34.168586730957 33.910945892334 33.0366592407227 33.2130088806152 33.4854354858398 33.4792976379395 33.5141754150391 33.360969543457 33.2886543273926 32.7542304992676 32.6766510009766 32.5422172546387
