inst/extdata/Tmax/Tmax3.asc
NCOLS 100 
NROWS 79 
XLLCORNER 148.06 
YLLCORNER -21.49 
CELLSIZE 0.01 
NODATA_value -3.4e+38 
[rows 40 to 59 of 79, columns 0 to 45 of 100]
24.839609146118200 24.4953098297119 25.3728218078613 26.013599395752 25.1979198455811 25.0565700531006 25.0389423370361 25.0345497131348 24.3241004943848 24.6687068939209 25.249568939209 26.7010154724121 27.1707420349121 26.1471424102783 26.2120456695557 25.7616424560547 25.6385765075684 24.9606990814209 24.3115711212158 24.5383167266846 24.5185775756836 24.6226234436035 24.585563659668 24.5807304382324 22.9656143188477 23.1742782592773 22.400842666626 22.4064388275146 22.7322883605957 21.7012996673584 20.7408542633057 19.7001266479492 21.2802696228027 21.0922431945801 20.5850486755371 20.9699726104736 20.5495700836182 17.7553977966309 17.2775955200195 16.8609371185303 16.4473342895508 15.6576175689697 15.1219053268433 14.8862895965576 14.6276531219482 16.447696685791
25.2892932891846 25.0235767364502 25.1388206481934 25.8217258453369 25.9472522735596 25.8038158416748 25.0699996948242 25.4105110168457 25.0438537597656 25.6404151916504 25.6291961669922 26.4773750305176 26.7499866485596 26.7679386138916 26.0399036407471 26.7552032470703 25.9500179290771 24.9678955078125 24.263355255127 24.7969264984131 25.1824550628662 25.4065284729004 24.8142166137695 23.8879337310791 21.9647579193115 21.4137077331543 22.0568542480469 22.2085132598877 22.4574871063232 22.0049571990967 20.8844203948975 20.8015460968018 21.0847911834717 21.7031364440918 18.8233985900879 19.8188896179199 19.2233867645264 17.6682147979736 17.5465335845947 19.0892810821533 18.8785839080811 16.6273002624512 14.6970415115356 14.6141633987427 14.6622858047485 15.0174369812012
25.2871532440186 25.257791519165 25.4972496032715 25.5526523590088 25.4548892974854 25.3043651580811 25.2826881408691 25.6714687347412 25.3891582489014 25.5737533569336 25.9777050018311 26.6746101379395 27.4162502288818 26.8237895965576 26.8842124938965 26.3361339569092 26.2269859313965 26.0456829071045 25.2877521514893 25.2259635925293 25.5261554718018 24.7584648132324 24.7262802124023 24.0157566070557 24.1228828430176 23.5267601013184 21.4925689697266 22.2089538574219 22.2179946899414 21.7316398620605 20.2410869598389 20.217658996582 19.1561298370361 19.2384166717529 18.0526123046875 18.4332962036133 16.3103275299072 17.1865329742432 17.4885501861572 16.9546222686768 17.6899299621582 16.7994213104248 17.0739917755127 15.7875242233276 15.665885925293 16.5003318786621
24.5177040100098 25.0156707763672 25.4224643707275 25.5039157867432 25.7516040802002 25.5595684051514 26.2854461669922 26.0519180297852 25.545711517334 25.4971885681152 25.6744327545166 26.3036231994629 26.8056335449219 26.9509429931641 27.32741355896 27.3646507263184 26.8914108276367 26.6431846618652 25.6604099273682 25.4963474273682 25.5748996734619 25.4306640625 24.8657627105713 23.5187339782715 23.7077865600586 23.6027660369873 23.1758003234863 22.907751083374 22.1519432067871 22.3829307556152 21.2762279510498 20.8732604980469 22.193058013916 20.9942874908447 21.3002071380615 15.3115882873535 15.8803081512451 16.0097618103027 16.237735748291 15.8876705169678 15.5568418502808 16.2566184997559 15.9201555252075 16.7088279724121 18.2423858642578 20.4969921112061
24.2021713256836 24.8595790863037 24.7838001251221 24.7799682617188 25.4060554504395 25.5545234680176 25.6006889343262 25.7968788146973 25.61891746521 25.8335552215576 25.6191692352295 26.4746017456055 26.5422267913818 27.1624622344971 27.4389343261719 27.2165584564209 26.8004360198975 26.967227935791 26.7907123565674 26.6035232543945 26.0254077911377 25.8373165130615 25.0409488677979 25.5832462310791 24.8821220397949 23.7593193054199 23.7710742950439 23.0799198150635 23.4146766662598 22.5693893432617 22.3579063415527 21.9268608093262 22.3642864227295 24.1419048309326 24.1123352050781 16.1116504669189 14.9021682739258 14.9475440979004 15.0773057937622 15.5908994674683 15.3701305389404 15.8367948532104 15.2526998519897 15.970160484314 17.4252605438232 20.4500770568848
25.3358402252197 24.7704029083252 24.2942562103271 24.4267635345459 25.0958347320557 25.0129203796387 25.310941696167 25.7187366485596 25.8275165557861 25.747049331665 25.5935192108154 26.0954914093018 25.9480209350586 27.0443515777588 27.6662158966064 27.1818428039551 26.6601600646973 27.232759475708 26.4483985900879 26.1663112640381 26.0712299346924 25.7184619903564 25.187614440918 24.0879459381104 24.7749195098877 24.7282161712646 23.2007312774658 23.586275100708 23.7391319274902 22.6947345733643 21.6084632873535 21.5039348602295 22.546215057373 22.5686225891113 24.6064891815186 21.2459716796875 15.7047863006592 14.9556455612183 15.0271844863892 15.7886552810669 15.0897302627563 15.4985971450806 15.9836769104004 16.015531539917 17.0378398895264 17.7019233703613
24.0312404632568 24.5010738372803 24.9515819549561 24.2084922790527 24.0981597900391 24.5663967132568 25.2239780426025 25.3780212402344 25.3923892974854 25.1929130554199 25.7885818481445 25.9095554351807 25.0228176116943 25.6972713470459 27.1255073547363 25.9466037750244 25.9954986572266 27.0957355499268 26.863410949707 25.5680961608887 25.7518215179443 25.4001445770264 25.4770107269287 25.7837238311768 23.1778812408447 23.5475578308105 23.5080966949463 23.6969413757324 23.8446445465088 23.97998046875 22.3601531982422 21.8753490447998 21.5078258514404 21.7826232910156 23.2186107635498 23.1966438293457 15.9191465377808 16.0832252502441 15.9575071334839 16.6139678955078 15.9080801010132 15.812816619873 16.0534114837646 21.6712913513184 17.3144702911377 16.384147644043
25.3169174194336 24.1268062591553 25.0704822540283 23.9728164672852 23.9759464263916 24.2442302703857 24.4563083648682 24.3955173492432 24.2638473510742 24.9160442352295 24.6712341308594 24.7380447387695 25.1136665344238 25.9678802490234 26.8447074890137 27.0012550354004 26.3947792053223 26.8215560913086 26.6728477478027 25.6851615905762 26.2854995727539 26.2180786132812 24.8698558807373 25.1018085479736 24.8267288208008 25.5681476593018 25.131929397583 24.4906349182129 24.5847015380859 24.4584732055664 23.8345527648926 23.1076602935791 21.8880958557129 22.8792591094971 22.8673782348633 21.8231754302979 21.5235614776611 19.4837398529053 17.3388442993164 17.2965965270996 16.8022174835205 16.7027893066406 16.7221355438232 16.5589962005615 15.9130973815918 15.6348371505737
26.6638927459717 24.8210163116455 23.5677356719971 23.2428951263428 23.382942199707 24.4714794158936 23.9939918518066 23.8899478912354 23.7970409393311 24.6373901367188 24.8080673217773 24.6120681762695 25.089282989502 26.1483116149902 26.9967079162598 26.1351089477539 26.1584358215332 25.8290176391602 26.3608169555664 25.306978225708 25.4395351409912 26.4145698547363 26.1794700622559 25.8684921264648 25.2604274749756 24.6841106414795 25.6735191345215 26.2861099243164 25.7013244628906 24.5921020507812 23.6270065307617 23.7015018463135 22.8471145629883 22.6077308654785 22.5780220031738 22.6000175476074 22.9148654937744 22.742073059082 22.8576240539551 21.1405029296875 16.1596393585205 16.2057361602783 16.4826717376709 16.0892353057861 16.038911819458 15.6941843032837
26.8745098114014 25.8859996795654 24.9688472747803 23.1256294250488 23.0647068023682 23.1679344177246 23.7545394897461 23.8725490570068 23.8730773925781 25.3066101074219 26.1306800842285 25.6045532226562 25.1970195770264 25.3687057495117 25.5167236328125 25.5831279754639 26.1060009002686 26.2878742218018 25.910852432251 26.5987129211426 25.4458560943604 25.9608783721924 26.3543586730957 26.2157287597656 25.7153606414795 26.2220516204834 24.6239147186279 25.7148323059082 25.1525993347168 24.4644145965576 23.4809398651123 24.0343189239502 22.1542072296143 22.1173515319824 22.3618068695068 18.9865283966064 23.0526733398438 22.7664165496826 22.4420909881592 22.5833759307861 21.198751449585 16.0562705993652 15.7758092880249 18.0282440185547 17.981388092041 18.5239791870117
27.2285022735596 26.3801536560059 25.904369354248 23.5178699493408 23.4818248748779 23.0777397155762 23.2375240325928 23.8720932006836 23.8101902008057 25.0462455749512 26.1563510894775 25.9640827178955 26.0885353088379 26.4623165130615 26.2942390441895 25.9006862640381 26.2030239105225 26.2005023956299 26.2232341766357 25.4312324523926 26.3879432678223 26.1976127624512 25.922908782959 25.4664497375488 25.1787891387939 25.1643962860107 24.7618885040283 24.198974609375 25.1388721466064 24.9076633453369 23.791805267334 23.9768733978271 22.5172176361084 22.7182502746582 21.072790145874 22.1000061035156 22.0179557800293 22.4536323547363 22.2837295532227 22.3721389770508 21.9760627746582 21.2468299865723 19.9905967712402 19.1595191955566 17.8010940551758 17.6807880401611
26.9928188323975 27.1575813293457 26.0233860015869 24.3348503112793 24.0561561584473 24.43869972229 23.8216724395752 23.3883514404297 22.7259063720703 23.6926918029785 25.6922225952148 26.3313903808594 26.5529327392578 25.754322052002 26.3245162963867 26.2602710723877 26.4190845489502 26.7714405059814 26.906135559082 25.7082462310791 26.5729084014893 26.475902557373 25.0923881530762 25.1166877746582 24.970552444458 24.0893478393555 23.9650630950928 24.1346168518066 24.9505043029785 25.6316089630127 25.4465923309326 23.3552417755127 23.0233573913574 22.0880470275879 21.7917556762695 21.2513580322266 21.3209648132324 22.079906463623 22.024564743042 22.0346279144287 21.3251991271973 21.0548496246338 20.5729141235352 19.6836986541748 15.8589248657227 15.6734895706177
26.443510055542 27.0442047119141 26.7444553375244 23.2029132843018 22.6756725311279 23.5334663391113 23.4297046661377 23.6074295043945 22.7331085205078 22.9467754364014 24.7149772644043 24.3893756866455 25.257173538208 26.3539237976074 25.9713878631592 26.3909397125244 26.5841159820557 26.8690700531006 26.7448921203613 26.6309337615967 26.5776519775391 26.3826370239258 26.2316341400146 25.1335773468018 26.0711803436279 25.7525444030762 24.3491363525391 24.4253082275391 24.5404663085938 25.24241065979 25.2849197387695 23.9160766601562 22.9483299255371 22.3268909454346 22.312744140625 23.0316905975342 21.1922130584717 20.9398155212402 21.6709823608398 22.7541465759277 22.6781406402588 21.9748916625977 21.909008026123 21.0883102416992 16.1631927490234 15.5738554000854
26.7448101043701 26.2333812713623 26.1628494262695 23.9800472259521 22.9226627349854 24.1523189544678 24.1494407653809 23.6027812957764 22.8174953460693 22.9513454437256 24.5243110656738 24.0232524871826 26.0364971160889 26.0140037536621 25.8960380554199 26.7464771270752 26.4210109710693 26.8161582946777 25.6027069091797 26.4419097900391 26.5401000976562 26.609468460083 26.4372539520264 25.6256809234619 24.9950771331787 25.2083396911621 25.2211685180664 24.6685791015625 24.1961841583252 24.5186920166016 24.9058284759521 25.2103843688965 25.2180023193359 24.4108200073242 23.4184417724609 24.0109539031982 22.6581020355225 21.7954578399658 20.5244598388672 21.9179782867432 22.9524440765381 23.1283988952637 22.5382328033447 22.3009452819824 19.7739143371582 19.3235263824463
26.4669380187988 25.6348056793213 25.8488426208496 24.9385433197021 24.4350624084473 24.2166938781738 24.7504425048828 24.2978000640869 24.5950870513916 23.6734008789062 23.7099475860596 24.5169277191162 24.7385883331299 25.6771831512451 26.4401340484619 26.6206092834473 26.5465106964111 26.7343788146973 26.7073001861572 25.8960113525391 25.9137744903564 26.5639591217041 26.1401405334473 26.6282939910889 25.8226737976074 25.1592884063721 24.6407527923584 25.0445575714111 23.6587810516357 24.7890129089355 24.4247741699219 23.9263095855713 24.9253368377686 24.6630744934082 25.5529041290283 23.2135391235352 23.313720703125 23.9218082427979 23.6136932373047 22.329122543335 22.3024482727051 21.4979610443115 20.7527713775635 19.9508647918701 20.086706161499 16.9908981323242
26.5541191101074 26.5886707305908 26.4418621063232 25.3912029266357 25.0353679656982 24.9089889526367 25.3361225128174 25.7282447814941 24.9365577697754 23.8004188537598 24.5789260864258 25.9292945861816 25.647575378418 26.6190452575684 26.4149208068848 26.5315284729004 25.2734699249268 25.8852348327637 26.0424137115479 26.0763969421387 25.7086696624756 25.7859973907471 25.4128570556641 26.0423641204834 25.69655418396 25.9570808410645 25.0906810760498 25.4532089233398 24.3724842071533 24.8122787475586 24.9367733001709 24.447172164917 23.7690162658691 23.7738456726074 24.2343845367432 24.8769474029541 24.5134201049805 24.3862972259521 23.6039428710938 21.9984149932861 21.3793411254883 22.1694507598877 20.139627456665 16.5702514648438 16.9983196258545 16.7697315216064
26.0599765777588 26.4676532745361 26.0346088409424 26.6280612945557 25.4557704925537 24.1823329925537 24.8804340362549 25.6361923217773 25.2629795074463 24.512601852417 24.3964824676514 26.157299041748 26.5244579315186 25.3866443634033 26.0292568206787 26.4444160461426 25.1867256164551 25.6116466522217 25.9287853240967 25.0314598083496 25.2329540252686 25.5574645996094 25.7788105010986 25.6583728790283 25.7000617980957 25.626579284668 25.4300231933594 24.9344329833984 24.626636505127 25.1214542388916 23.4472885131836 24.2652072906494 22.6561527252197 22.7074813842773 23.1600074768066 24.3126335144043 23.6779479980469 22.6188564300537 22.5387115478516 17.7923450469971 17.4432163238525 20.9952621459961 19.7682781219482 16.1268177032471 16.6152038574219 16.7721462249756
26.5324630737305 26.8458690643311 26.4676189422607 26.2513675689697 25.7834072113037 26.0563850402832 24.9839248657227 24.908088684082 25.3285274505615 25.2371425628662 23.8996181488037 25.1793766021729 26.536922454834 26.2501468658447 25.8379364013672 26.3861618041992 25.8325462341309 25.6263523101807 24.2954807281494 25.5319747924805 25.8583602905273 25.9485931396484 25.1144924163818 25.5897636413574 26.2912521362305 25.6227378845215 25.4546356201172 24.9749011993408 25.0670871734619 25.5393352508545 24.8733158111572 24.7498416900635 24.559196472168 24.0037078857422 22.8559131622314 22.9463596343994 23.8483428955078 23.0506725311279 21.8715324401855 17.6776714324951 17.5599613189697 21.6989231109619 17.1291408538818 16.8484039306641 16.1963977813721 16.383092880249
26.7737121582031 26.729248046875 26.8455696105957 26.4736270904541 26.4086093902588 25.7728996276855 24.7840633392334 24.5808296203613 24.8511657714844 23.9226055145264 24.2177410125732 26.2603302001953 25.997745513916 26.6957492828369 25.8160133361816 25.8784008026123 24.7046070098877 24.5666007995605 24.5257110595703 24.5704803466797 24.6513633728027 25.012035369873 24.3284206390381 24.9730319976807 26.1858978271484 25.533239364624 25.1782035827637 25.2620487213135 25.0851974487305 25.595329284668 24.7899284362793 24.7567844390869 24.6172885894775 24.0492038726807 23.9782581329346 22.9355068206787 22.8807048797607 22.4159603118896 18.3078384399414 18.2038841247559 17.8979873657227 21.1080780029297 17.2447872161865 16.4364013671875 16.4885997772217 16.3929901123047
26.5832424163818 25.9767894744873 26.7164821624756 25.6684036254883 26.3951225280762 25.1682052612305 25.0653076171875 24.4049453735352 24.8324413299561 23.9521923065186 23.995792388916 23.6411972045898 25.5004711151123 26.3641357421875 26.3248748779297 25.6103820800781 24.481258392334 24.588623046875 24.4960384368896 23.825626373291 24.1737957000732 25.5462818145752 24.5943756103516 24.9420623779297 24.9928207397461 25.4620456695557 25.292293548584 25.099214553833 25.2779521942139 25.9235000610352 24.9647808074951 24.5607395172119 24.167667388916 24.9214191436768 24.5546035766602 24.1627502441406 23.4995651245117 22.2880249023438 21.721586227417 21.6521167755127 21.0369529724121 21.0851573944092 20.3514442443848 16.5538558959961 16.4442882537842 16.4359245300293
