inst/extdata/Tmax/Tmax38.asc
NCOLS 100 
NROWS 79 
XLLCORNER 148.06 
YLLCORNER -21.49 
CELLSIZE 0.01 
NODATA_value -3.4e+38 
[rows 40 to 59 of 79, columns 46 to 91 of 100]
16.3310413360596 17.8557815551758 17.5611248016357 18.4784374237061 20.8377380371094 20.858060836792 20.6607112884521 18.3768310546875 18.0563430786133 18.7118015289307 20.3265914916992 22.4129219055176 22.8868198394775 22.3868942260742 21.5764656066895 23.3786792755127 24.3060169219971 23.7498474121094 24.7975730895996 24.7598266601562 24.1014614105225 24.6981964111328 22.5415477752686 21.3704032897949 22.8053569793701 23.7256622314453 24.2475090026855 23.4186267852783 23.2220821380615 23.3737888336182 23.003360748291 24.1135768890381 22.8775882720947 19.9626064300537 21.6240749359131 26.0102882385254 24.3622550964355 22.8044910430908 20.6485157012939 19.9799900054932 19.4414806365967 22.2997608184814 22.684591293335 22.0709400177002 23.4173126220703 20.6498184204102
17.7594203948975 18.0115013122559 19.4062614440918 20.7567653656006 21.5243892669678 21.0989875793457 20.4199333190918 20.1911449432373 21.5981922149658 21.864990234375 24.558256149292 23.4010105133057 23.174825668335 22.8642292022705 22.2784538269043 24.2545070648193 24.3729934692383 24.1818428039551 25.2251377105713 25.4959239959717 23.3851089477539 23.7311897277832 19.9376831054688 25.7371788024902 26.904504776001 22.4784240722656 24.4301300048828 23.4143009185791 23.5999088287354 22.7666416168213 23.3710823059082 23.9233646392822 23.771068572998 22.8428936004639 23.274959564209 25.2955474853516 23.565185546875 23.0017147064209 22.7252006530762 22.4254760742188 21.9761753082275 21.5101928710938 22.9037170410156 22.5535221099854 22.5356597900391 21.9979877471924
19.3684844970703 20.3985042572021 20.3299236297607 22.3424377441406 27.4366035461426 24.9398651123047 22.4400367736816 21.6795959472656 22.8327121734619 24.5204982757568 24.6457271575928 24.2341632843018 24.5180606842041 24.0665321350098 25.7986621856689 24.3410205841064 24.1864643096924 23.8402462005615 24.2557106018066 24.9693279266357 24.0198764801025 23.4631271362305 23.1271991729736 27.2301425933838 20.5731830596924 27.2730464935303 26.5197620391846 22.343578338623 21.6830959320068 24.2659530639648 23.9602279663086 24.2911052703857 23.572135925293 22.9294967651367 23.3172492980957 22.1178913116455 22.2566719055176 21.7128200531006 21.7747707366943 22.2278804779053 23.3886432647705 23.4886837005615 23.8476428985596 22.5257682800293 24.5448131561279 24.4881324768066
22.9352836608887 23.7069454193115 23.86741065979 24.01633644104 24.7605419158936 24.2647514343262 23.9174175262451 23.509801864624 23.8461322784424 24.2353610992432 24.9150142669678 24.9309158325195 25.1258449554443 25.0225734710693 24.501070022583 24.0477333068848 23.693962097168 23.8880863189697 24.593204498291 22.1852493286133 24.4276657104492 24.4342212677002 24.2183971405029 23.5576572418213 22.9819755554199 24.7144813537598 23.9395904541016 23.4512405395508 24.0685443878174 25.7758026123047 25.1522350311279 25.6026382446289 23.397912979126 22.7984676361084 22.641902923584 25.1692867279053 24.6221923828125 22.6935214996338 23.6515598297119 24.7205905914307 25.330940246582 24.4840831756592 22.9213523864746 27.1610946655273 24.7195529937744 22.7005405426025
22.7457065582275 22.9570178985596 22.9644088745117 23.3242645263672 24.8971996307373 25.5608158111572 24.9577713012695 24.1316623687744 24.5068168640137 24.1759452819824 23.8692302703857 23.8417358398438 23.4272403717041 23.2733402252197 23.1132678985596 23.6976222991943 22.0601100921631 22.9101600646973 23.9412078857422 24.2973022460938 25.2423114776611 25.8593349456787 25.5727825164795 24.6029167175293 22.4650726318359 22.9144344329834 23.3040752410889 23.7780323028564 25.9866638183594 26.3103542327881 24.956521987915 23.7079925537109 22.6451225280762 23.3442802429199 23.0040531158447 25.035249710083 23.7290096282959 22.5645427703857 23.8287487030029 22.3267154693604 22.9568977355957 24.5259666442871 24.9468574523926 24.9057769775391 27.786003112793 24.6795024871826
18.6433029174805 20.2302398681641 21.8480396270752 20.2000617980957 21.9133911132812 22.6270065307617 22.4557266235352 22.7737979888916 23.0731239318848 23.1749038696289 20.0831604003906 20.2654037475586 20.4460220336914 18.4798259735107 19.5598316192627 20.6275062561035 23.0097103118896 23.2175235748291 23.1542224884033 23.2629318237305 25.040132522583 24.8143367767334 24.1326484680176 24.0762062072754 24.1740570068359 24.6533546447754 24.6244506835938 24.5761909484863 24.1926460266113 24.3737506866455 24.0236644744873 25.1727199554443 26.0328712463379 26.5070114135742 24.4851760864258 24.2214698791504 23.7118492126465 23.5523128509521 23.5234146118164 23.2409839630127 23.0837936401367 24.1492195129395 24.3176784515381 23.0092296600342 25.3195266723633 27.6710872650146
16.5243949890137 18.1176910400391 17.7068023681641 17.476921081543 18.7277946472168 19.1984577178955 19.3781986236572 19.9957962036133 20.6109161376953 19.7820510864258 19.3425922393799 18.650484085083 19.0571937561035 18.9145088195801 19.2854709625244 20.644193649292 23.3765640258789 23.1440982818604 22.483814239502 24.3680877685547 24.810619354248 25.211763381958 24.2668685913086 23.5420627593994 26.1556129455566 26.3229732513428 25.3608283996582 24.6233787536621 23.6760730743408 23.571081161499 24.7762489318848 24.5991668701172 24.0395545959473 24.3617553710938 24.6396369934082 27.2538890838623 24.0529346466064 24.2377586364746 23.1497402191162 23.0155963897705 22.9902572631836 25.6313667297363 23.6540699005127 26.5172157287598 25.1230239868164 24.5710334777832
16.8986072540283 16.8280811309814 16.695629119873 16.8051376342773 16.6672306060791 17.1618480682373 18.3737049102783 19.4726905822754 19.7659969329834 19.5516109466553 20.2213039398193 19.594259262085 19.6045112609863 21.1308746337891 21.9023742675781 23.4460525512695 24.0947246551514 23.9981365203857 24.1159324645996 25.4891166687012 28.1903972625732 25.8965549468994 23.7945537567139 24.8041515350342 26.0060806274414 25.6051292419434 24.9403591156006 27.8485527038574 24.9784908294678 25.2168979644775 25.2370319366455 22.6868534088135 22.5408191680908 22.8712196350098 22.6489658355713 22.6494770050049 24.0583457946777 23.06325340271 22.1617336273193 25.9146366119385 25.6622543334961 27.6243839263916 24.1997928619385 26.307279586792 26.0380516052246 25.9640979766846
16.631664276123 18.6414432525635 17.005298614502 16.6070022583008 16.5086860656738 16.4849872589111 16.750057220459 19.0447883605957 19.8411312103271 20.0150661468506 19.9013156890869 19.9796619415283 25.305082321167 26.4298973083496 26.9218368530273 23.2908630371094 25.1654052734375 21.5069980621338 27.129545211792 27.0262756347656 26.7181301116943 26.9666156768799 26.3340015411377 25.8784351348877 25.5563697814941 23.6327266693115 24.8074169158936 25.9338245391846 28.0634021759033 27.3188877105713 27.0513191223145 27.7993602752686 26.8934211730957 22.9226303100586 23.887451171875 28.284839630127 27.4545040130615 24.4411029815674 24.2506923675537 24.0635585784912 22.1424007415771 22.6712875366211 23.2939529418945 24.20237159729 23.3349609375 23.9639701843262
18.5369071960449 19.2382678985596 20.4360008239746 17.4705333709717 17.0401840209961 17.9712734222412 17.8013687133789 18.9642734527588 19.3551387786865 19.9584808349609 24.2539710998535 25.87526512146 27.0717449188232 27.1021633148193 27.5845355987549 20.7184658050537 23.8906784057617 20.9691429138184 21.2687740325928 23.7933769226074 23.7737274169922 27.9868850708008 24.4013442993164 25.2630481719971 24.9746246337891 24.0777378082275 26.0150184631348 26.0770206451416 26.5482330322266 26.591739654541 26.3520221710205 24.7181930541992 23.0544204711914 23.5585079193115 24.215518951416 28.4391231536865 28.4038352966309 25.2207012176514 24.0765056610107 23.9228363037109 23.9037132263184 22.8830337524414 24.0664482116699 22.6661815643311 23.6541404724121 24.3031120300293
21.9260635375977 18.6976280212402 21.7018756866455 16.6233310699463 16.8020324707031 18.2205219268799 18.475658416748 19.2807750701904 20.0378875732422 20.5840549468994 20.5895862579346 20.81103515625 25.4560203552246 26.1328163146973 26.7423362731934 20.6551399230957 23.1194076538086 22.9984226226807 19.8143653869629 23.6046333312988 21.1312770843506 26.8656692504883 24.4805221557617 26.0006084442139 24.4025077819824 25.3777675628662 24.3600692749023 23.9500007629395 26.9639320373535 26.6463108062744 26.0238037109375 25.4985618591309 25.177131652832 23.3973560333252 24.2403888702393 26.6748695373535 28.0265693664551 26.1511402130127 25.0480270385742 25.5666980743408 24.1283683776855 23.0145874023438 23.0926876068115 22.2251491546631 23.6891651153564 24.4915790557861
17.3361129760742 15.941180229187 16.4898281097412 15.5314950942993 15.5348854064941 17.3662109375 18.3258743286133 19.5457077026367 19.9556560516357 20.2483005523682 20.4634170532227 20.1149139404297 20.0192317962646 19.5774192810059 20.07932472229 23.2404613494873 21.0024261474609 23.7781639099121 20.616792678833 22.9992542266846 22.8017826080322 23.6987361907959 26.7818393707275 27.5233840942383 24.6894836425781 24.8527431488037 25.5207290649414 23.6760540008545 24.0689544677734 27.4892711639404 25.9144916534424 25.2241401672363 24.6459884643555 23.002872467041 22.8969497680664 24.5581169128418 24.9452686309814 24.7902755737305 24.2100925445557 22.5360660552979 26.1707286834717 22.4924259185791 22.2223243713379 21.894287109375 21.9244117736816 23.2248439788818
15.6449747085571 21.3152599334717 22.1442432403564 15.7491903305054 15.7135019302368 16.6922817230225 17.5750770568848 18.530725479126 19.0978527069092 19.4680061340332 19.8147029876709 19.6275234222412 19.6594333648682 20.1158981323242 20.5343341827393 20.934440612793 23.6117401123047 24.0098781585693 23.8919105529785 24.3597221374512 22.8219146728516 23.9791011810303 25.5439643859863 27.622257232666 25.4469146728516 26.2344799041748 26.1677417755127 26.0430507659912 25.8699035644531 27.8842239379883 26.7668037414551 26.2003879547119 26.2919063568115 26.60426902771 23.701301574707 22.774133682251 23.969310760498 21.4197120666504 22.9460430145264 23.2572612762451 23.3622093200684 22.3571586608887 26.8571681976318 23.3456363677979 21.9448547363281 21.7243423461914
16.5650825500488 15.6664848327637 21.5493450164795 16.3797607421875 16.5487213134766 17.5919361114502 17.4883041381836 18.3336887359619 19.5212345123291 20.0640296936035 20.4030456542969 20.5202617645264 20.5725059509277 24.2741985321045 24.3011684417725 21.2758541107178 21.0350761413574 21.1740589141846 21.1878337860107 23.9702262878418 23.4666500091553 23.6545009613037 21.1692867279053 22.3353424072266 23.1566390991211 24.9527969360352 24.3054943084717 25.355411529541 27.3914451599121 24.9256324768066 24.7917766571045 23.8625907897949 24.2241497039795 25.0833587646484 23.4882564544678 23.1068134307861 21.1051578521729 20.3223876953125 20.5462951660156 19.4160652160645 25.2744979858398 23.8538761138916 25.0373554229736 24.6663303375244 26.6582889556885 22.4310455322266
17.6655387878418 16.5897750854492 16.0844383239746 16.6870651245117 17.3077507019043 18.2997436523438 18.3688297271729 18.7318668365479 19.0554485321045 19.7374877929688 19.7861995697021 22.5304088592529 23.5060768127441 20.7023429870605 25.0229816436768 24.3980884552002 24.8782939910889 21.4829521179199 24.2605972290039 24.0334072113037 24.0502815246582 23.0952339172363 22.0376091003418 24.0650825500488 25.8907489776611 26.1193752288818 24.2142238616943 24.6968288421631 23.8316841125488 25.7345504760742 25.951717376709 24.5371932983398 25.864782333374 23.7378482818604 26.2784996032715 23.3059902191162 26.9228286743164 23.2492237091064 23.5911560058594 22.0026035308838 23.2007312774658 23.7490139007568 23.0699367523193 23.3688449859619 24.2362365722656 25.2366981506348
17.2488632202148 16.6579303741455 16.2448291778564 17.6313247680664 18.3570938110352 18.9427127838135 19.6785430908203 20.0411949157715 20.0286140441895 20.3854789733887 20.2535667419434 22.4157199859619 23.1510410308838 24.7018947601318 24.8844928741455 24.3828544616699 24.783109664917 25.1713161468506 24.631628036499 21.4632167816162 23.9991226196289 23.1051158905029 23.8584365844727 23.8919372558594 25.1489925384521 25.9306888580322 26.204122543335 26.7532691955566 24.0541496276855 24.5532321929932 21.7372665405273 24.0043525695801 25.3864593505859 27.282112121582 26.2802982330322 20.3721771240234 22.9617576599121 23.8570423126221 22.3641223907471 23.3569374084473 25.3205852508545 24.532154083252 23.906909942627 24.3075656890869 23.8693809509277 23.7279434204102
17.2215442657471 16.3642120361328 15.6709623336792 17.1609344482422 18.5457973480225 19.0544376373291 18.3557567596436 19.8327445983887 19.4743843078613 18.8038120269775 20.1262073516846 19.8175811767578 20.1500053405762 23.0182628631592 20.6728477478027 24.025993347168 24.156135559082 24.157543182373 24.7521457672119 22.7732772827148 23.6377906799316 24.0857791900635 23.6296825408936 21.2851600646973 23.7573165893555 25.935022354126 24.978099822998 24.1534061431885 24.369945526123 24.5381355285645 21.5991191864014 19.5909786224365 20.5313472747803 23.5487403869629 19.6979713439941 19.451343536377 23.8490200042725 23.2830562591553 24.1011123657227 22.8472518920898 25.1067695617676 26.3206768035889 22.6883926391602 22.9872875213623 23.9028205871582 24.5252952575684
17.6221389770508 16.5040130615234 16.5950012207031 17.2109909057617 18.1713809967041 18.6639747619629 19.2061500549316 19.2660484313965 17.9126586914062 17.4699726104736 19.4609642028809 18.0202102661133 18.5512504577637 18.8671817779541 22.6480140686035 23.5447540283203 20.8922176361084 24.1617622375488 21.5609474182129 25.0237331390381 24.5994911193848 24.8788642883301 24.3328666687012 24.0026988983154 23.1606636047363 24.3762664794922 25.1967639923096 24.1691570281982 23.5612850189209 25.1934452056885 23.3412303924561 20.8073635101318 23.8966178894043 22.8330326080322 17.2777576446533 21.9421100616455 23.1116790771484 23.6140441894531 23.963264465332 25.6639385223389 23.5925846099854 25.9718627929688 23.7056064605713 23.946626663208 23.4181976318359 23.2988719940186
17.6185970306396 17.2656574249268 16.963981628418 17.1471862792969 17.890905380249 18.6645565032959 18.6252517700195 18.3700580596924 17.6849803924561 18.7714328765869 19.008279800415 17.704517364502 18.0331382751465 18.2697086334229 19.6528778076172 20.0548725128174 23.8134346008301 21.0018100738525 24.3480186462402 24.6043491363525 24.3963050842285 24.7425975799561 22.9459686279297 24.426721572876 23.6663722991943 23.7352352142334 23.4711170196533 24.5902042388916 22.8404350280762 22.7880420684814 24.475061416626 24.1776084899902 20.6811866760254 22.5538501739502 23.2201023101807 24.1448230743408 21.1477336883545 23.659782409668 26.0438251495361 23.3739242553711 24.3879203796387 23.5183448791504 23.9732513427734 25.8091983795166 25.2890453338623 22.9946231842041
16.9733009338379 16.8736190795898 16.3738327026367 16.8170528411865 17.442081451416 17.3093090057373 18.0393543243408 18.5049343109131 18.9167594909668 18.9772338867188 18.997257232666 19.2615203857422 22.5867099761963 23.3355178833008 23.1988563537598 19.9163970947266 20.6940860748291 24.5205249786377 21.8815746307373 24.0016250610352 24.3274078369141 24.9216365814209 25.0053806304932 24.3006973266602 24.4693813323975 23.3864898681641 23.7944583892822 23.6808128356934 22.8646984100342 24.798225402832 25.14866065979 25.9884872436523 22.3640403747559 23.2365589141846 23.1128673553467 18.9183826446533 21.9279747009277 24.7216625213623 26.6273860931396 21.3329315185547 23.7885513305664 24.0032768249512 23.3134822845459 22.0729122161865 23.6156044006348 24.3802757263184
