inst/extdata/Tmax/Tmax27.asc
NCOLS 100 
NROWS 79 
XLLCORNER 148.06 
YLLCORNER -21.49 
CELLSIZE 0.01 
NODATA_value -3.4e+38 
[rows 40 to 59 of 79, columns 46 to 91 of 100]
18.1153469085693 19.4508953094482 19.0685214996338 19.8079261779785 21.8373241424561 21.6466732025146 21.5416107177734 19.6358852386475 19.3816757202148 19.8990993499756 21.4046020507812 23.1284217834473 23.6784687042236 23.1296825408936 22.4874229431152 24.075569152832 24.9606685638428 24.4622573852539 25.4869556427002 25.4264602661133 24.7626323699951 25.5468616485596 23.3102989196777 22.0715675354004 23.4862632751465 24.3915214538574 24.9327182769775 24.1800422668457 23.9419002532959 24.0458660125732 23.6567783355713 24.7709350585938 23.5715160369873 20.8657779693604 22.4519653320312 26.6835231781006 25.0278396606445 23.4630355834961 21.2366752624512 20.6485176086426 20.2216911315918 22.9666652679443 23.2683162689209 22.6707515716553 23.9451370239258 21.1472702026367
19.3051319122314 19.3234596252441 20.7283248901367 22.0812511444092 22.5295543670654 21.8408336639404 21.392204284668 21.2389335632324 22.5200862884521 22.7652587890625 25.3775730133057 24.0701866149902 23.8648853302002 23.5477485656738 22.9899272918701 24.8963298797607 25.0041465759277 24.8249626159668 25.875638961792 26.1407012939453 24.0314807891846 24.4823951721191 20.8259201049805 26.5531597137451 27.7342891693115 23.2077445983887 25.0968475341797 24.1724166870117 24.3555679321289 23.4380340576172 24.0109462738037 24.5546436309814 24.4099807739258 23.5726776123047 23.9350910186768 25.9224796295166 24.2084312438965 23.6224975585938 23.3028469085693 22.9562664031982 22.6642875671387 22.1329822540283 23.388256072998 23.054162979126 22.9903964996338 22.443187713623
20.4505233764648 21.4385051727295 21.3273544311523 23.2356739044189 28.2559108734131 25.6515827178955 23.23610496521 22.5819778442383 23.6241569519043 25.2240104675293 25.3615055084229 24.8805389404297 25.1543045043945 24.7166328430176 26.4520454406738 24.9726085662842 24.8138046264648 24.4708919525146 24.8916664123535 25.6066284179688 24.6735687255859 24.3024253845215 24.003604888916 28.0069618225098 21.450252532959 28.0599594116211 27.2159042358398 23.0552272796631 22.4019927978516 24.9300117492676 24.5958919525146 24.9067363739014 24.1722984313965 23.5260810852051 23.9097156524658 22.7481880187988 23.0354785919189 22.3577423095703 22.2962265014648 22.7283458709717 23.8907070159912 23.9807052612305 24.2965888977051 22.9504508972168 24.948766708374 24.8796482086182
23.7750911712646 24.5374641418457 24.6655731201172 24.7792434692383 25.4693813323975 24.9515075683594 24.617712020874 24.2551879882812 24.5517864227295 24.8918590545654 25.5666103363037 25.5691223144531 25.7658920288086 25.6680011749268 25.1402072906494 24.6888446807861 24.3468990325928 24.5447673797607 25.2424163818359 22.8278656005859 25.0777225494385 25.1311206817627 24.9648895263672 24.2685222625732 23.719310760498 25.535120010376 24.6998844146729 24.1542510986328 24.7372188568115 26.4366302490234 25.7916259765625 26.2232532501221 24.0027809143066 23.3886051177979 23.2142314910889 25.7401523590088 25.2620029449463 23.2530193328857 24.1617412567139 25.2141780853271 25.8089790344238 24.9448280334473 23.3660774230957 27.5876560211182 25.1292057037354 23.096607208252
23.6351776123047 23.7852210998535 23.7327823638916 24.0865249633789 25.6435775756836 26.2761821746826 25.6585006713867 24.8143062591553 25.1802368164062 24.8581027984619 24.5900897979736 24.5373706817627 24.1362075805664 24.0335483551025 23.8342018127441 24.3875732421875 22.7719058990479 23.5983428955078 24.6097297668457 24.9558639526367 25.8962631225586 26.5385150909424 26.3144264221191 25.3952026367188 23.210916519165 23.6205673217773 23.9972743988037 24.4594707489014 26.6635818481445 26.977819442749 25.6065540313721 24.3383636474609 23.2621288299561 23.94753074646 23.5848979949951 25.6028308868408 24.2808132171631 23.0991840362549 24.3509311676025 22.8315601348877 23.4460391998291 24.9994964599609 25.4037208557129 25.3478145599365 28.2206516265869 25.0958499908447
19.9135913848877 21.3364505767822 22.8623161315918 21.1649875640869 22.7972850799561 23.4361305236816 23.272533416748 23.5454120635986 23.8419971466064 23.9744758605957 21.0351009368896 21.2113723754883 21.3734378814697 19.6989421844482 20.5889472961426 21.4993438720703 23.7693500518799 23.9085960388184 23.8268718719482 23.9310817718506 25.7046699523926 25.5139217376709 24.9190444946289 24.9333915710449 24.9747352600098 25.3968276977539 25.3389568328857 25.2905941009521 24.891321182251 25.0556240081787 24.685661315918 25.8142127990723 26.6573543548584 27.1127071380615 25.0765705108643 24.8094100952148 24.2817039489746 24.1036548614502 24.0607833862305 23.7606315612793 23.588888168335 24.6391105651855 24.7926044464111 23.4738655090332 25.7690048217773 28.1032447814941
18.2738418579102 19.61549949646 19.2176532745361 18.9882507324219 19.9726047515869 20.3305187225342 20.4816513061523 21.042142868042 21.5609245300293 20.8544368743896 20.5436344146729 19.9605674743652 20.2343578338623 20.1136131286621 20.3948612213135 21.5201568603516 24.1127643585205 23.841272354126 23.1743717193604 25.0625762939453 25.4935264587402 25.8911876678467 25.0297794342041 24.3710021972656 27.003360748291 27.1124382019043 26.1060924530029 25.3433818817139 24.3734378814697 24.2626514434814 25.4461688995361 25.247163772583 24.6692485809326 24.9772529602051 25.2506618499756 27.855131149292 24.6355113983154 24.8018379211426 23.6977252960205 23.547721862793 23.5084552764893 26.1332416534424 24.1409969329834 26.9921627044678 25.5840473175049 25.0343780517578
18.6349124908447 18.5715980529785 18.4704341888428 18.5592250823975 18.4269599914551 18.765172958374 19.7274742126465 20.6918563842773 20.9451217651367 20.7522029876709 21.311185836792 20.7146091461182 20.7537364959717 22.1626663208008 22.8737144470215 24.2385139465332 24.8346900939941 24.7324657440186 24.8630847930908 26.2110805511475 28.8863544464111 26.5810260772705 24.5052795410156 25.5739994049072 26.8553028106689 26.3970718383789 25.6913776397705 28.5648231506348 25.6786594390869 25.9079341888428 25.9103584289551 23.3436317443848 23.1902923583984 23.5153179168701 23.2854557037354 23.2699890136719 24.6573944091797 23.6407451629639 22.7225666046143 26.4600200653076 26.1916179656982 28.137020111084 24.6983604431152 26.7933177947998 26.5440731048584 26.4942455291748
18.4548606872559 20.4388828277588 18.7529487609863 18.4038677215576 18.3176364898682 18.2673053741455 18.359395980835 20.3284740447998 21.014289855957 21.1495361328125 21.064058303833 21.1024608612061 26.3673839569092 27.4322299957275 27.9109344482422 24.1707725524902 25.9684314727783 22.3100643157959 27.9334983825684 27.7691097259521 27.4370708465576 27.6790161132812 27.026762008667 26.5855293273926 26.2842483520508 24.3633041381836 25.5184841156006 26.6294765472412 28.7560024261475 28.0095653533936 27.7334632873535 28.4745979309082 27.5653057098389 23.6000022888184 24.5535488128662 28.919828414917 28.068920135498 25.0337772369385 24.8221168518066 24.619987487793 22.6801986694336 23.194242477417 23.8039436340332 24.6995372772217 23.8378486633301 24.4644966125488
20.3556728363037 21.0169086456299 22.2037372589111 19.29612159729 18.7641372680664 19.5246829986572 19.3283977508545 20.2411460876465 20.5334873199463 21.0928363800049 25.4212760925293 26.9453506469727 28.0840244293213 28.1117687225342 28.5745220184326 21.7257823944092 24.8776931762695 21.9094200134277 22.1342067718506 24.5872383117676 24.5436496734619 28.750524520874 25.1140556335449 25.9637336730957 25.669807434082 24.77366065979 26.7142810821533 26.8086051940918 27.2658653259277 27.2943515777588 27.0495662689209 25.418041229248 23.7435817718506 24.2654266357422 24.9160060882568 29.085729598999 29.0318279266357 25.8338031768799 24.6605567932129 24.4881649017334 24.4542560577393 23.4172439575195 24.5878372192383 23.1684951782227 24.1408462524414 24.7750644683838
23.7478904724121 20.5366840362549 23.4921836853027 18.4639148712158 18.5097751617432 19.7055683135986 19.8864803314209 20.5718288421631 21.1848030090332 21.6381015777588 21.6358509063721 21.8306655883789 26.4590396881104 27.1280403137207 27.7382869720459 21.6589431762695 24.1090240478516 24.0393161773682 20.9211463928223 24.4849605560303 22.0297145843506 27.6741523742676 25.2199687957764 26.7255916595459 25.1152057647705 26.0901432037354 25.0852832794189 24.7174091339111 27.7003383636475 27.3608512878418 26.7583904266357 26.2456512451172 25.9025859832764 24.1080303192139 24.9265651702881 27.3261108398438 28.6584091186523 26.7678680419922 25.6476650238037 26.1426124572754 24.6867713928223 23.5560111999512 23.6153545379639 22.729248046875 24.1748428344727 24.9622859954834
19.2529926300049 17.8573226928711 18.3252944946289 17.4840564727783 17.4524040222168 18.8843746185303 19.6872596740723 20.7772579193115 21.11598777771 21.3489818572998 21.5476264953613 21.1955280303955 21.1368427276611 20.6926422119141 21.1399021148682 24.2722473144531 21.966402053833 24.7550849914551 21.6265144348145 23.9972267150879 23.8261489868164 24.5648574829102 27.5641689300537 28.2682666778564 25.4306659698486 25.587495803833 26.3235607147217 24.5492572784424 24.8219261169434 28.2145137786865 26.6826343536377 26.0301265716553 25.3862800598145 23.7155246734619 23.5858459472656 25.2336254119873 25.6036911010742 25.4305419921875 24.8290729522705 23.1381568908691 26.7449188232422 23.0367259979248 22.746883392334 22.4001560211182 22.4117774963379 23.6954669952393
17.6434593200684 23.3361835479736 24.0679340362549 17.6910839080811 17.6327724456787 18.4081058502197 19.0831565856934 19.9042224884033 20.3717079162598 20.6663398742676 21.019021987915 20.8430290222168 20.8596038818359 21.2577667236328 21.5279541015625 21.904598236084 24.5435123443604 24.9575080871582 24.8524627685547 25.3500881195068 23.8554515838623 24.8789577484131 26.3523941040039 28.3897857666016 26.2246112823486 26.9904308319092 26.9984569549561 27.0510292053223 26.6834659576416 28.6249809265137 27.5506992340088 27.0103321075439 27.0458469390869 27.3514919281006 24.4435844421387 23.4921493530273 24.6605091094971 22.1058254241943 23.623498916626 23.9137325286865 23.9712982177734 22.9238681793213 27.385570526123 23.8544235229492 22.4348545074463 22.1958560943604
18.3550243377686 17.6542568206787 23.5101623535156 18.2563571929932 18.3452491760254 19.169828414917 19.0472183227539 19.7325134277344 20.7575130462646 21.2305145263672 21.4950199127197 21.5887126922607 21.6122417449951 25.2671089172363 25.2550773620605 22.2179927825928 21.9838008880615 22.104564666748 22.1218605041504 24.9473991394043 24.4791831970215 24.6579322814941 22.0661067962646 23.1843299865723 24.0181941986084 25.7262573242188 25.0982189178467 26.2726287841797 28.2012596130371 25.6810779571533 25.5831966400146 24.6702709197998 25.0299472808838 25.9342765808105 24.2859535217285 23.8974876403809 21.8728008270264 21.1454944610596 21.3266677856445 20.3634967803955 25.9407978057861 24.4464168548584 25.5712280273438 25.178596496582 27.1514129638672 22.9057464599609
19.3244953155518 18.4440155029297 18.0376834869385 18.4758930206299 18.9614734649658 19.8010272979736 19.849967956543 20.1142196655273 20.2821578979492 20.8768939971924 20.9118957519531 23.6503143310547 24.5413837432861 21.7015857696533 25.9987659454346 25.3721885681152 25.8073596954346 22.3820934295654 25.1627330780029 24.9822902679443 25.028995513916 24.0861854553223 22.9998073577881 25.022388458252 26.8507022857666 26.9412631988525 24.9986305236816 25.5382080078125 24.7299175262451 26.5259780883789 26.8238563537598 25.5419311523438 26.7362632751465 24.5612087249756 27.0268821716309 24.029296875 27.6309795379639 23.9403343200684 24.301362991333 22.8761730194092 23.894437789917 24.355001449585 23.6170749664307 23.8866405487061 24.7333164215088 25.7150802612305
18.9084854125977 18.4870090484619 18.1813278198242 19.3037815093994 19.8270797729492 20.3197631835938 20.9016304016113 21.2135810852051 21.1553325653076 21.4867877960205 21.3888168334961 23.5568752288818 24.1780166625977 25.7090606689453 25.8863906860352 25.3649997711182 25.738826751709 26.1258487701416 25.477611541748 22.3554286956787 24.9439907073975 24.0759868621826 24.8312282562256 24.8932685852051 26.1456928253174 26.8012008666992 27.0033760070801 27.5699939727783 24.8989772796631 25.335168838501 22.6475925445557 25.1006736755371 26.3716659545898 28.1165332794189 27.0854759216309 21.22727394104 23.7828845977783 24.5529403686523 23.0134735107422 23.9900188446045 25.9212512969971 25.1098594665527 24.4567031860352 24.8334178924561 24.3720932006836 24.2103309631348
18.9169826507568 18.2504978179932 17.6463317871094 18.8875961303711 20.0079002380371 20.4391975402832 19.8519039154053 21.0556716918945 20.7046756744385 20.1414813995361 21.2683372497559 20.9147357940674 21.2405681610107 24.093635559082 21.7406215667725 25.0458641052246 25.1462421417236 25.1214160919189 25.6144104003906 23.6087684631348 24.510799407959 25.0178394317627 24.5927886962891 22.2611064910889 24.7772560119629 26.8601036071777 25.810474395752 24.9816608428955 25.1592922210693 25.3140392303467 22.4740867614746 20.7712116241455 21.5693092346191 24.656566619873 20.7190189361572 20.5800476074219 24.7782306671143 23.9899272918701 24.7620697021484 23.4724597930908 25.7038917541504 26.9097785949707 23.2736511230469 23.526123046875 24.415189743042 25.0160045623779
19.3319435119629 18.3607082366943 18.4346961975098 18.9427814483643 19.7122268676758 20.1142330169678 20.5663280487061 20.5755290985107 19.4761714935303 19.0474987030029 20.7287902832031 19.4808483123779 19.9359226226807 20.1596622467041 23.7933769226074 24.5918407440186 21.905086517334 25.1277008056641 22.45458984375 25.8887786865234 25.4509525299072 25.7766857147217 25.2931613922119 24.9470863342285 24.1276016235352 25.2940883636475 26.1136493682861 25.1174697875977 24.4008464813232 25.9922695159912 24.1810913085938 21.760871887207 25.0977020263672 24.3722343444824 18.7644348144531 23.0968723297119 23.9720687866211 24.3336219787598 24.6379566192627 26.3263740539551 24.2299423217773 26.6294250488281 24.3622589111328 24.5058040618896 24.0022640228271 23.8445301055908
19.3445529937744 19.0602779388428 18.7951717376709 18.9117813110352 19.5282783508301 20.1352825164795 20.0592308044434 19.8840923309326 19.2895965576172 20.2044277191162 20.3402156829834 19.2297248840332 19.4895572662354 19.637451171875 20.8285789489746 21.1448078155518 24.8405151367188 21.9378623962402 25.1982421875 25.4875164031982 25.3034610748291 25.5881977081299 23.8412113189697 25.35715675354 24.6267566680908 24.6935539245605 24.4121475219727 25.5474491119385 23.7289619445801 23.6053504943848 25.280891418457 25.0630989074707 21.6819095611572 23.8403034210205 24.5969924926758 25.295539855957 22.0157909393311 24.3976802825928 26.7469882965088 24.1439151763916 25.0831604003906 24.1547222137451 24.6257934570312 26.4247417449951 25.9426956176758 23.5723266601562
18.7779350280762 18.7166576385498 18.307502746582 18.6789588928223 19.1457004547119 18.9748649597168 19.6162338256836 20.0128479003906 20.3638324737549 20.4007930755615 20.3484840393066 20.5659236907959 23.7559776306152 24.4833717346191 24.314115524292 21.1170825958252 21.7025012969971 25.4514694213867 22.7681274414062 24.9426116943359 25.2427444458008 25.7958335876465 25.8579635620117 25.1639194488525 25.3887462615967 24.3158569335938 24.7896175384521 24.6402854919434 23.7419242858887 25.6544380187988 25.9710330963135 26.785062789917 23.2466335296631 24.2253398895264 24.2502956390381 20.0871334075928 22.8592128753662 25.4822692871094 27.4603691101074 22.2447891235352 24.5006523132324 24.6427440643311 23.9833831787109 22.868579864502 24.3184375762939 24.9564113616943
