inst/extdata/Tmax/Tmax48.asc
NCOLS 100 
NROWS 79 
XLLCORNER 148.06 
YLLCORNER -21.49 
CELLSIZE 0.01 
NODATA_value -3.4e+38 
[rows 40 to 59 of 79, columns 0 to 45 of 100]
34.712894439697301 34.3144454956055 35.1865501403809 35.8208351135254 34.9743614196777 34.8384399414062 34.8022079467773 34.7544746398926 33.9542007446289 34.3565788269043 35.0113143920898 36.4846611022949 36.9420204162598 35.9069519042969 35.9610786437988 35.4738273620605 35.3066177368164 34.5725250244141 33.8320922851562 34.1079177856445 34.07080078125 34.1464653015137 34.0857696533203 34.0153274536133 32.2541236877441 32.3406219482422 31.5212574005127 31.5325469970703 31.8669204711914 30.7116928100586 29.6181793212891 28.6505336761475 30.4300155639648 30.188196182251 29.6282806396484 30.049991607666 29.6041221618652 26.7489624023438 26.2247524261475 25.7237892150879 25.2919807434082 24.3421211242676 23.6898612976074 23.444543838501 23.1283569335938 24.9093723297119
35.1840629577637 34.8465614318848 34.9311676025391 35.6198196411133 35.7175178527832 35.5751724243164 34.8313064575195 35.1430969238281 34.7248497009277 35.3282852172852 35.3528785705566 36.2321510314941 36.5147895812988 36.5331230163574 35.7923736572266 36.4769058227539 35.6249618530273 34.5685729980469 33.8048095703125 34.3424682617188 34.7152404785156 34.8948097229004 34.3097648620605 33.3328285217285 31.3015365600586 30.6584033966064 31.1835708618164 31.309886932373 31.5847053527832 31.0439033508301 29.8341789245605 29.8558158874512 30.2345561981201 30.7218246459961 27.7037963867188 28.8199920654297 28.2203102111816 26.6846084594727 26.5443019866943 28.0393772125244 27.7978992462158 25.4184284210205 23.2222843170166 23.1075744628906 23.1618595123291 23.5008888244629
35.1597862243652 35.1122283935547 35.3074111938477 35.3322525024414 35.2330856323242 35.0742874145508 35.0381965637207 35.4088363647461 35.1087493896484 35.2733840942383 35.6716651916504 36.4198188781738 37.1825752258301 36.588508605957 36.6337051391602 36.064453125 35.9168243408203 35.6845741271973 34.8840370178223 34.8006362915039 35.0748481750488 34.2074317932129 34.1509246826172 33.4565544128418 33.5520362854004 32.8814239501953 30.6995468139648 31.3477191925049 31.3315296173096 30.7941722869873 29.1240520477295 29.2886981964111 28.2242755889893 28.1045799255371 26.7490482330322 27.2962055206299 25.1640033721924 26.1401672363281 26.4558887481689 25.8623085021973 26.5480289459229 25.6545124053955 25.8177757263184 24.4825992584229 24.4212341308594 25.3922653198242
34.3323287963867 34.8368110656738 35.2308235168457 35.3004035949707 35.5413246154785 35.3363342285156 36.0460433959961 35.7923545837402 35.2817687988281 35.2159461975098 35.3812484741211 36.0516014099121 36.5669555664062 36.7124519348145 37.0746765136719 37.0968437194824 36.5974617004395 36.3113021850586 35.2821617126465 35.106330871582 35.1493339538574 34.959831237793 34.2899513244629 32.8765029907227 33.1457023620605 32.997989654541 32.500602722168 32.1463737487793 31.3235149383545 31.5129470825195 30.2529067993164 29.8248748779297 31.2572288513184 29.9600086212158 30.1371059417725 24.0494804382324 24.6273746490479 24.7941722869873 25.0535202026367 24.6503639221191 24.2247848510742 25.0455703735352 24.6212730407715 25.5569286346436 27.3021507263184 29.5957298278809
33.9642066955566 34.6459312438965 34.556697845459 34.5424728393555 35.1875610351562 35.3418350219727 35.3810348510742 35.5565605163574 35.3744850158691 35.582275390625 35.3763122558594 36.2348136901855 36.3020553588867 36.9174919128418 37.1840934753418 36.9504127502441 36.5150451660156 36.6516189575195 36.4430885314941 36.2345695495605 35.6265258789062 35.4075050354004 34.5609664916992 35.061882019043 34.3230590820312 33.1231536865234 33.155517578125 32.4333877563477 32.7092819213867 31.7469806671143 31.4206581115723 30.9778385162354 31.4562473297119 33.2470512390137 33.1578330993652 24.940803527832 23.4588050842285 23.4890556335449 23.6328792572021 24.2056922912598 23.9519729614258 24.5159034729004 23.8323554992676 24.6934833526611 26.40207862854 29.5542755126953
35.0997848510742 34.5374069213867 34.0243186950684 34.1273002624512 34.8222808837891 34.7649383544922 35.088062286377 35.5004653930664 35.6053657531738 35.5234489440918 35.3645362854004 35.8435821533203 35.6534080505371 36.7804183959961 37.4107398986816 36.9150085449219 36.377368927002 36.9272956848145 36.117733001709 35.8127746582031 35.6921272277832 35.3127021789551 34.7595367431641 33.5755653381348 34.2027778625488 34.1309509277344 32.5998573303223 32.9484443664551 33.0611419677734 31.9290428161621 30.6220703125 30.5442733764648 31.626802444458 31.6468925476074 33.6872329711914 30.164737701416 24.3685512542725 23.5621242523193 23.6318454742432 24.4703617095947 23.6456527709961 24.1172904968262 24.6672992706299 24.7437305450439 25.8965530395508 26.7018737792969
33.7679138183594 34.2248001098633 34.6677436828613 33.9017181396484 33.7636909484863 34.232551574707 34.9648132324219 35.1263160705566 35.1460914611816 34.9362945556641 35.5476341247559 35.6682548522949 34.7361793518066 35.427490234375 36.8652839660645 35.6784515380859 35.7124099731445 36.7901191711426 36.5374565124512 35.2216606140137 35.3814659118652 35.0070762634277 35.0571975708008 35.296501159668 32.5686378479004 32.9393653869629 32.9089241027832 33.053279876709 33.1791915893555 33.2796897888184 31.5277099609375 30.978588104248 30.5384883880615 30.8448791503906 32.2899971008301 32.1782684326172 24.7000484466553 24.9064807891846 24.670783996582 25.445837020874 24.6283054351807 24.5520858764648 24.8028354644775 30.4281101226807 26.0586566925049 25.0848350524902
35.1299247741699 33.816333770752 34.7362289428711 33.6195411682129 33.6085891723633 33.8906898498535 34.1495475769043 34.0702514648438 33.9679183959961 34.615608215332 34.3703498840332 34.4347915649414 34.8223342895508 35.6972885131836 36.580192565918 36.7331924438477 36.1101989746094 36.5092964172363 36.3260307312012 35.3119812011719 35.9098968505859 35.8079376220703 34.4451332092285 34.6537399291992 34.3116683959961 35.025562286377 34.5760116577148 33.8951301574707 33.9525947570801 33.7822608947754 33.0463027954102 32.2504501342773 30.898588180542 31.9447212219238 31.927059173584 30.8322277069092 30.448371887207 28.4347381591797 26.2328853607178 26.2188968658447 25.6689262390137 25.5237998962402 25.5069427490234 25.3065071105957 24.5894813537598 24.2584857940674
36.5805473327637 34.6047668457031 33.2037315368652 32.8411445617676 32.9980278015137 34.1122856140137 33.6144218444824 33.5002632141113 33.4558944702148 34.3323364257812 34.5015983581543 34.2918663024902 34.7886047363281 35.872730255127 36.7335472106934 35.8635673522949 35.8724517822266 35.5201835632324 36.0185470581055 34.9243850708008 35.0488624572754 36.0027542114258 35.7428398132324 35.4291648864746 34.7932319641113 34.1890296936035 35.1312065124512 35.7046089172363 35.0931625366211 33.9316062927246 32.8985862731934 32.8922843933105 31.8836669921875 31.6583671569824 31.6111221313477 31.6302242279053 31.9175357818604 31.7273731231689 31.811502456665 30.051736831665 24.9205112457275 24.9260845184326 25.2279148101807 24.7774124145508 24.691951751709 24.272970199585
36.8238563537598 35.7560577392578 34.6904487609863 32.729434967041 32.6573181152344 32.7498397827148 33.3343811035156 33.5064353942871 33.5370712280273 34.9421043395996 35.8505020141602 35.3436241149902 34.9358940124512 35.1052856445312 35.2495574951172 35.3097076416016 35.8182029724121 35.9790534973145 35.575496673584 36.2323989868164 35.0521354675293 35.5443077087402 35.900821685791 35.7508583068848 35.2522811889648 35.7406616210938 34.1029357910156 35.1141357421875 34.4699020385742 33.8031806945801 32.7640075683594 33.2600135803223 31.2394676208496 31.1393165588379 31.3349380493164 27.9992618560791 32.0668106079102 31.7513866424561 31.4072360992432 31.4845924377441 29.9671897888184 24.7414741516113 24.4838314056396 26.6574630737305 26.5837001800537 27.0988826751709
37.1747817993164 36.2934265136719 35.7420616149902 33.2428207397461 33.0988502502441 32.6267547607422 32.8108139038086 33.4950752258301 33.4309844970703 34.7076530456543 35.8925857543945 35.7186126708984 35.844352722168 36.2153015136719 36.034423828125 35.6282806396484 35.9032974243164 35.8865242004395 35.8940734863281 35.0778541564941 36.0066566467285 35.7836227416992 35.4705047607422 34.9886169433594 34.697509765625 34.6713371276855 34.2572860717773 33.6529388427734 34.5438346862793 34.2788314819336 33.075511932373 33.2239036560059 31.6209831237793 31.7398529052734 29.971622467041 31.0719509124756 31.0009651184082 31.4225540161133 31.247953414917 31.293041229248 30.7956638336182 30.0256633758545 28.7400913238525 27.8591060638428 26.4303016662598 26.2663803100586
36.9326438903809 37.0827980041504 35.9033012390137 34.1021842956543 33.7107772827148 34.0306091308594 33.3980674743652 32.9716529846191 32.2532196044922 33.2400054931641 35.3744049072266 36.0599365234375 36.2910614013672 35.502571105957 36.0674438476562 35.9840049743652 36.119457244873 36.4563255310059 36.5716590881348 35.3566932678223 36.1952056884766 36.0715141296387 34.6604385375977 34.6452941894531 34.4694671630859 33.5650825500488 33.4211006164551 33.5881881713867 34.3617095947266 35.0403480529785 34.8413581848145 32.6372909545898 32.2047348022461 31.1849155426025 30.7923812866211 30.2617206573486 30.3124332427979 31.0290756225586 30.9842967987061 30.9649753570557 30.1588382720947 29.8488464355469 29.3346862792969 28.4007263183594 24.4745788574219 24.2425765991211
36.3576316833496 36.9589195251465 36.6288642883301 32.923770904541 32.2367210388184 33.0810089111328 32.9910278320312 33.1335067749023 32.1999168395996 32.4316673278809 34.3853988647461 34.1172332763672 34.9996910095215 36.1042556762695 35.7083053588867 36.1075439453125 36.2848014831543 36.5480499267578 36.4038619995117 36.2737121582031 36.2056312561035 35.9893531799316 35.8048400878906 34.6678276062012 35.563102722168 35.2089576721191 33.7874412536621 33.8423156738281 33.9409370422363 34.614086151123 34.6637268066406 33.2642860412598 32.2084312438965 31.4831638336182 31.385778427124 32.1439628601074 30.2833614349365 29.9423351287842 30.6279544830322 31.7088279724121 31.5928001403809 30.8341503143311 30.7022399902344 29.825798034668 24.8278255462646 24.155517578125
36.62646484375 36.1158866882324 36.0503959655762 33.7941703796387 32.5549163818359 33.7095718383789 33.7672729492188 33.1160087585449 32.2911415100098 32.4328804016113 34.1861190795898 33.7617874145508 35.7885513305664 35.7628364562988 35.6222953796387 36.4471282958984 36.1068267822266 36.4899711608887 35.2576026916504 36.0694389343262 36.1576385498047 36.2188262939453 36.0151443481445 35.170467376709 34.5011329650879 34.6790351867676 34.6320457458496 34.03857421875 33.5012130737305 33.8577651977539 34.2070083618164 34.5668716430664 34.563419342041 33.698543548584 32.6257591247559 33.2074661254883 31.788761138916 30.8590908050537 29.5258979797363 30.9625644683838 31.9192714691162 32.0389060974121 31.409496307373 31.1357440948486 28.5489921569824 28.0600566864014
36.3273735046387 35.4815444946289 35.7132682800293 34.7942695617676 34.2142562866211 33.9474334716797 34.4629173278809 33.9399223327637 34.1910209655762 33.2614326477051 33.3206939697266 34.1822319030762 34.4806632995605 35.4212493896484 36.1557350158691 36.3115501403809 36.222526550293 36.4016456604004 36.3551177978516 35.5211868286133 35.5261116027832 36.1725425720215 35.7275276184082 36.1800231933594 35.3460693359375 34.6451301574707 34.0709114074707 34.4307861328125 32.9718704223633 34.119873046875 33.6489601135254 33.1996650695801 34.2147483825684 33.9396591186523 34.8288078308105 32.4583015441895 32.5045433044434 33.0778465270996 32.6916236877441 31.3171730041504 31.2649059295654 30.4544143676758 29.6576137542725 28.810432434082 28.931432723999 25.7982997894287
36.4258728027344 36.4503440856934 36.3013229370117 35.2447547912598 34.8615226745605 34.6313858032227 35.0510749816895 35.442943572998 34.6054840087891 33.4516944885254 34.2587203979492 35.6498985290527 35.3962783813477 36.3621520996094 36.1322784423828 36.2126998901367 34.9476051330566 35.5444526672363 35.6632881164551 35.6802978515625 35.3134231567383 35.3846855163574 35.0013961791992 35.6044731140137 35.2294769287109 35.4568786621094 34.5519027709961 34.8667602539062 33.748966217041 34.1524314880371 34.2025184631348 33.6452789306641 32.973388671875 32.9583168029785 33.466625213623 34.0531311035156 33.7114486694336 33.5371055603027 32.6893272399902 31.0076084136963 30.3381214141846 31.0806407928467 28.9581394195557 25.2734432220459 25.7884578704834 25.5771751403809
35.9460792541504 36.3410949707031 35.8942794799805 36.4753952026367 35.2709159851074 33.8613700866699 34.5148887634277 35.3343276977539 34.932559967041 34.1184387207031 34.0398979187012 35.887035369873 36.274341583252 35.126293182373 35.7447738647461 36.1234741210938 34.8513793945312 35.2369537353516 35.5068168640137 34.6141052246094 34.837085723877 35.1481285095215 35.3627891540527 35.2255401611328 35.2331695556641 35.1366767883301 34.9040908813477 34.3585357666016 34.0242080688477 34.4744033813477 32.7287445068359 33.4309577941895 31.7593975067139 31.8206253051758 32.3295249938965 33.4874000549316 32.78466796875 31.6579666137695 31.5937824249268 26.8224182128906 26.4064617156982 29.9080619812012 28.5795269012451 24.7803058624268 25.3370876312256 25.5440635681152
36.42431640625 36.7227783203125 36.3282699584961 36.0971298217773 35.6130027770996 35.8254013061523 34.6717720031738 34.5447540283203 34.9562911987305 34.8178062438965 33.5500640869141 34.9097480773926 36.2835464477539 35.9844055175781 35.5481643676758 36.0600624084473 35.4724006652832 35.2262115478516 33.8663177490234 35.1242752075195 35.4516563415527 35.5353927612305 34.6818542480469 35.1527328491211 35.8318939208984 35.1375350952148 34.9349555969238 34.4076843261719 34.4693794250488 34.9009780883789 34.1636276245117 33.9971656799316 33.7230834960938 33.1237678527832 31.9534187316895 32.0532913208008 32.9816131591797 32.1470603942871 30.8986949920654 26.6588706970215 26.4946956634521 30.5883979797363 25.9639225006104 25.6158256530762 24.8369770050049 25.0638179779053
36.6680564880371 36.6065902709961 36.7065505981445 36.3225708007812 36.236686706543 35.5597381591797 34.5184707641602 34.2094116210938 34.4511070251465 33.5446548461914 33.9026184082031 35.9931755065918 35.7374496459961 36.421199798584 35.5118789672852 35.5396957397461 34.3137321472168 34.1518363952637 34.1125793457031 34.1474456787109 34.2325782775879 34.572582244873 33.8517761230469 34.5124015808105 35.7299728393555 35.048152923584 34.6532707214355 34.7038345336914 34.4950256347656 34.9763374328613 34.1306343078613 34.0537757873535 33.85595703125 33.26513671875 33.1314277648926 32.0218658447266 31.9698429107666 31.5019378662109 27.3441371917725 27.2023029327393 26.8601112365723 30.0193462371826 26.0405521392822 25.1517162322998 25.2139663696289 25.1087379455566
36.4773788452148 35.8625526428223 36.5850715637207 35.5215950012207 36.2221260070801 34.9690093994141 34.8410720825195 34.1156463623047 34.4563446044922 33.5821723937988 33.6416816711426 33.3225936889648 35.2094879150391 36.0664863586426 36.0063819885254 35.2604026794434 34.090950012207 34.167667388916 34.0462646484375 33.3688354492188 33.7349586486816 35.0950813293457 34.0972747802734 34.4805641174316 34.5398025512695 34.9811172485352 34.7782096862793 34.5519065856934 34.7058410644531 35.3219223022461 34.3327293395996 33.886360168457 33.4347152709961 34.200870513916 33.801155090332 33.3423805236816 32.5990028381348 31.3558540344238 30.7931175231934 30.7674102783203 30.0280933380127 30.020486831665 29.2075233459473 25.2787475585938 25.1439743041992 25.1013336181641
