inst/extdata/Tmax/Tmax61.asc
NCOLS 100 
NROWS 79 
XLLCORNER 148.06 
YLLCORNER -21.49 
CELLSIZE 0.01 
NODATA_value -3.4e+38 
[rows 20 to 39 of 79, columns 46 to 91 of 100]
29.7024803161621 27.8769588470459 28.0918140411377 29.545093536377 29.2702388763428 28.6844520568848 28.3824863433838 27.1434230804443 29.0598297119141 30.5727462768555 31.6567707061768 31.1791191101074 31.1427917480469 31.7607440948486 31.3989486694336 31.1215343475342 31.393533706665 31.9543495178223 32.1000556945801 32.091194152832 32.0263977050781 31.8918724060059 32.1719093322754 32.2424736022949 32.1787528991699 32.0920791625977 31.9748058319092 31.9982986450195 31.9519309997559 31.6049976348877 31.6683006286621 31.922233581543 31.8106651306152 31.5300426483154 31.5305137634277 31.5076560974121 31.4267864227295 31.4200344085693 31.4017944335938 31.3669815063477 31.2937870025635 31.1444702148438 30.581901550293 30.4686317443848 30.6927928924561 30.6958045959473
30.0039920806885 27.8536529541016 26.6174621582031 28.4157371520996 28.2684955596924 27.7004089355469 28.5981864929199 26.6211376190186 27.9172782897949 30.0715847015381 31.3812942504883 30.0145874023438 29.3371524810791 31.190372467041 29.9731559753418 29.6036739349365 30.4801502227783 31.8006896972656 31.7956981658936 32.2064666748047 32.3031959533691 32.2821464538574 32.0579948425293 31.7002105712891 31.6811351776123 31.7461605072021 31.9001197814941 31.858081817627 31.752649307251 31.6568813323975 31.9556007385254 31.9831829071045 31.9115734100342 31.5426330566406 31.6220321655273 31.5815181732178 31.4497375488281 31.4544239044189 31.4513339996338 31.4399261474609 31.322193145752 31.2184829711914 31.0287704467773 30.8317070007324 30.6901416778564 30.680685043335
30.6422996520996 30.1331195831299 28.1513786315918 27.4650650024414 26.9587230682373 28.1671562194824 27.5346145629883 27.792537689209 27.1464099884033 28.1273784637451 30.4485969543457 30.8504619598389 29.279052734375 29.6774768829346 29.311653137207 29.8860626220703 30.9555282592773 31.3523750305176 29.9713039398193 31.2536964416504 32.0661544799805 32.1194381713867 31.4878044128418 30.6365489959717 31.2328033447266 31.2109279632568 31.7986679077148 31.9784374237061 31.6542892456055 31.8511142730713 32.0180320739746 32.0406646728516 32.0195770263672 31.9489707946777 31.8366641998291 31.6558990478516 31.4667339324951 31.329309463501 31.3929615020752 31.4868774414062 31.3858451843262 31.3197975158691 31.0527305603027 30.9285182952881 30.78879737854 30.9268207550049
29.9683647155762 29.7901382446289 29.1349754333496 28.2909812927246 26.7230072021484 27.5079193115234 28.1807079315186 28.3834400177002 28.1149826049805 27.6330032348633 29.0516681671143 29.0196685791016 29.9344749450684 28.2076473236084 29.0699882507324 30.6023616790771 30.5632591247559 30.9344787597656 29.5433006286621 31.6278247833252 32.4025344848633 32.2700805664062 31.2988681793213 29.9227504730225 31.1581230163574 31.3252773284912 31.4157581329346 31.8738422393799 32.0594139099121 32.1043548583984 32.1118850708008 32.1145858764648 32.0719299316406 31.9762954711914 31.8679618835449 31.7096920013428 31.2812175750732 30.9261512756348 31.0575733184814 31.3328723907471 31.3125343322754 31.3680591583252 31.1079540252686 31.0775775909424 30.8189334869385 30.8457107543945
27.9108352661133 29.3101768493652 29.6790943145752 29.4188232421875 28.3297595977783 27.6657638549805 27.6593608856201 27.3176021575928 28.2631149291992 27.6789321899414 27.6820545196533 27.1735458374023 29.2006988525391 30.0750484466553 29.2219562530518 30.2994918823242 31.0790405273438 31.6571102142334 31.330057144165 32.3486022949219 32.3443984985352 32.1743850708008 31.4619464874268 30.600435256958 31.3855590820312 31.6718673706055 31.3477401733398 31.4293518066406 31.5224895477295 32.0142135620117 31.8377361297607 32.1515464782715 32.0122566223145 31.9693298339844 31.8771991729736 31.5354537963867 31.4392337799072 30.8563022613525 30.5697536468506 31.0372753143311 31.1796703338623 31.2759761810303 31.0999889373779 31.1546325683594 31.2081985473633 31.0555973052979
26.3338031768799 27.4009895324707 28.8263473510742 28.7359046936035 27.8250885009766 27.0221519470215 26.6018180847168 26.0168304443359 27.2573947906494 27.9264240264893 27.362829208374 27.6122798919678 29.0999603271484 31.0769462585449 30.5454044342041 30.6215286254883 30.768159866333 32.1565971374512 32.2402076721191 32.2127304077148 32.1962242126465 31.8590431213379 30.5853099822998 30.6275749206543 30.7200088500977 31.3630390167236 31.0706443786621 30.4315204620361 31.0502967834473 32.1005363464355 32.0321578979492 32.1354370117188 32.080982208252 32.0475540161133 31.9070072174072 31.7533111572266 31.7631607055664 31.1600036621094 30.6436614990234 30.9719638824463 30.6622524261475 30.7905368804932 30.5032978057861 31.1488380432129 31.1886940002441 31.1746959686279
26.2172317504883 26.0584239959717 26.8100910186768 27.5046482086182 28.2482490539551 25.8736171722412 25.594654083252 26.4559116363525 26.9850654602051 27.7943649291992 27.8232154846191 28.2706317901611 30.1154861450195 31.0340957641602 31.5260982513428 31.6893653869629 31.8167304992676 32.3136520385742 31.9320411682129 31.7475032806396 31.7720642089844 31.3041667938232 31.4796371459961 31.73801612854 31.7318267822266 31.107421875 30.6633358001709 31.5683441162109 31.8128929138184 31.7525119781494 31.1880855560303 31.8377380371094 31.9886264801025 32.0649795532227 32.0456352233887 31.9528751373291 31.6206760406494 31.2894897460938 31.3638935089111 31.1197299957275 30.995626449585 30.4434623718262 30.9167594909668 31.1180839538574 31.0342044830322 30.9375
26.4107093811035 25.8879985809326 26.2018566131592 26.4556140899658 27.0462779998779 25.3026161193848 25.007495880127 25.4386749267578 26.7825775146484 27.5974159240723 27.0370578765869 27.6699371337891 28.6520004272461 29.8816623687744 31.3348598480225 30.9941177368164 32.0907669067383 32.3259391784668 31.6018333435059 30.8374996185303 31.4813098907471 31.6648902893066 31.9747695922852 32.1913909912109 32.2861747741699 31.8531532287598 31.8336410522461 32.1764602661133 32.2235412597656 31.4881362915039 31.0442428588867 31.5722675323486 31.6745300292969 32.0735397338867 32.1105422973633 32.0498962402344 31.8944301605225 31.6802597045898 31.2812042236328 30.5111770629883 30.2783279418945 30.1455860137939 30.1763477325439 30.8407611846924 30.8876056671143 31.2856998443604
27.362154006958 26.8875522613525 27.7161445617676 27.5457134246826 27.1146221160889 25.6536903381348 26.4577293395996 26.193531036377 26.5155792236328 27.1444778442383 26.8542613983154 27.1476745605469 27.2954711914062 29.6605968475342 30.9261112213135 30.1953887939453 31.6987476348877 31.9789123535156 31.6515789031982 30.5004692077637 30.7643432617188 31.8544368743896 32.2419090270996 32.3526573181152 32.3577079772949 32.2488441467285 32.2466125488281 32.3435974121094 31.9391918182373 31.2049808502197 31.0707893371582 31.7146759033203 32.1196823120117 32.1448287963867 32.1277656555176 32.1001014709473 32.0511474609375 31.9121379852295 31.6628131866455 30.53932762146 29.9604568481445 29.1638355255127 30.1124820709229 30.0975360870361 30.9786567687988 31.3509941101074
29.1269817352295 28.961181640625 28.3235397338867 28.2575817108154 27.6840915679932 27.1549396514893 26.8265762329102 25.7938995361328 26.4628753662109 25.9411506652832 25.442777633667 26.8188934326172 27.1771430969238 29.206033706665 30.2215938568115 29.4475879669189 30.1808891296387 30.9663639068604 31.5174160003662 31.3761920928955 30.9110679626465 31.8738670349121 32.3298034667969 32.1144371032715 32.0711631774902 31.7454261779785 32.1432113647461 32.3693618774414 31.4226398468018 30.5641269683838 31.2098865509033 31.7580375671387 32.0939598083496 32.1602020263672 32.1623344421387 32.1078071594238 32.0810127258301 31.9849910736084 31.7954273223877 31.4096641540527 30.7457275390625 30.2539901733398 29.8277606964111 29.634729385376 30.4878368377686 30.9789428710938
27.9255218505859 27.930570602417 27.9648818969727 27.5727577209473 27.0442047119141 27.3031349182129 26.3402671813965 25.8090476989746 25.2772750854492 25.3705635070801 24.763240814209 25.7176513671875 25.7122993469238 28.0649585723877 29.1671409606934 27.9178028106689 28.5056953430176 30.1469802856445 31.4815502166748 32.0231056213379 31.5281372070312 32.1221351623535 32.3123054504395 31.8933124542236 31.8564510345459 31.9730243682861 32.4183235168457 32.3744773864746 31.8074283599854 31.1215057373047 31.482723236084 31.7398662567139 32.1515960693359 32.1589813232422 32.1032791137695 32.0724487304688 32.0625114440918 31.9810905456543 31.9012107849121 31.7010078430176 31.4565906524658 30.9155254364014 30.5341110229492 30.4879741668701 30.7016201019287 31.1121215820312
27.1190299987793 27.4114074707031 27.2880706787109 27.2395305633545 26.2688961029053 27.1393642425537 26.1149711608887 24.8213386535645 24.2013626098633 24.6030426025391 24.2672634124756 24.9735088348389 25.795259475708 27.7646751403809 28.103178024292 27.7078247070312 29.9717044830322 30.9482364654541 31.6938858032227 32.1606254577637 32.4296188354492 32.465389251709 32.3905181884766 32.2825775146484 32.0437240600586 32.3278656005859 32.4358520507812 32.3006477355957 31.9016284942627 31.2350292205811 31.3116626739502 31.8747024536133 32.0704765319824 31.6014595031738 31.9540157318115 32.0624351501465 32.0321998596191 31.98681640625 31.9371089935303 31.8240261077881 31.5348033905029 30.7844867706299 31.1098918914795 31.1446399688721 31.048433303833 30.9820766448975
26.3688011169434 26.7057933807373 26.5305576324463 26.8325290679932 26.93092918396 26.9457740783691 26.5398292541504 25.382682800293 25.4832077026367 25.5914306640625 24.538854598999 24.3323650360107 25.323429107666 27.6888294219971 28.2587814331055 28.8282699584961 28.890739440918 29.7776050567627 31.6680793762207 32.2469329833984 32.4319839477539 32.3633651733398 32.1946182250977 32.1280479431152 32.2663154602051 32.3351936340332 32.2904357910156 31.8774147033691 30.9117660522461 31.0713596343994 31.3870429992676 32.1684188842773 31.8768463134766 31.3114910125732 31.9730129241943 31.9021034240723 31.9198188781738 31.9667377471924 31.8656463623047 31.5810985565186 31.0022392272949 29.742561340332 29.4811058044434 30.5085201263428 30.8589057922363 31.1526527404785
27.1244258880615 26.5880241394043 26.4136867523193 26.5956077575684 26.748462677002 26.6612186431885 26.187370300293 25.7946662902832 26.4028739929199 25.6820487976074 25.5464019775391 25.53662109375 26.3674774169922 27.5808601379395 27.7539386749268 28.5666217803955 29.6216335296631 30.809061050415 31.7407894134521 32.1438217163086 32.4719924926758 32.4277839660645 31.9103183746338 31.6056079864502 31.8189067840576 31.666088104248 31.7532348632812 31.90651512146 31.7797527313232 31.7466239929199 32.0448760986328 32.2939109802246 31.6523971557617 31.5602226257324 32.1121673583984 31.6152763366699 31.7415733337402 31.6942901611328 31.7605457305908 31.4610137939453 30.0542411804199 29.3161735534668 28.7209281921387 30.4831142425537 31.0279006958008 30.8540210723877
27.6021385192871 26.2660255432129 26.2200756072998 26.3408050537109 26.4892635345459 26.3586406707764 26.3797454833984 26.9729957580566 26.5888328552246 25.7943840026855 26.9889240264893 27.4962558746338 27.6999073028564 27.0199947357178 27.0479507446289 28.1951675415039 29.5770111083984 30.9673862457275 31.0535316467285 31.8605136871338 32.3162803649902 32.3179359436035 31.8222579956055 31.5633926391602 30.7444877624512 31.3061828613281 31.8134269714355 31.951961517334 32.1733436584473 32.1665649414062 32.3310775756836 32.2501029968262 32.1985244750977 32.2101669311523 32.1539573669434 31.91282081604 30.9862537384033 31.5675506591797 31.7462139129639 31.6908702850342 31.6441097259521 30.3998374938965 30.2363052368164 31.5129890441895 31.7753810882568 31.7468109130859
27.66526222229 26.550724029541 26.1886234283447 26.1155185699463 26.338695526123 26.1574287414551 26.8737564086914 28.6990699768066 27.7286224365234 26.9634552001953 29.0328960418701 29.764045715332 29.3437080383301 27.1767311096191 27.6214847564697 27.7466144561768 29.8494930267334 29.9120025634766 29.7683963775635 30.7175788879395 31.8844623565674 32.0998229980469 31.7562065124512 31.7342586517334 31.5878219604492 31.2370357513428 31.2988052368164 31.4325904846191 32.113151550293 32.0613059997559 32.1305923461914 31.9166717529297 32.1038398742676 32.2379264831543 31.9422836303711 31.9183387756348 31.2562694549561 31.3740940093994 31.6339588165283 31.4680671691895 31.8686828613281 31.8642826080322 31.7616310119629 31.7957363128662 31.8956298828125 31.7696018218994
27.3497219085693 26.6158695220947 26.3856048583984 26.5823364257812 26.5133686065674 26.6249217987061 27.0942306518555 29.4520950317383 29.6514663696289 28.1768760681152 30.336935043335 31.3402156829834 30.5687408447266 29.2528381347656 29.1673812866211 29.8214492797852 30.5318794250488 31.0085563659668 31.3287754058838 31.6323127746582 31.8461475372314 31.5582962036133 30.1677207946777 30.4490261077881 30.9796161651611 30.5859622955322 30.7921104431152 31.6431789398193 32.0090675354004 32.1982116699219 31.0991878509521 31.065357208252 31.8701076507568 32.1576957702637 31.6748790740967 31.6962394714355 30.9080963134766 31.4112815856934 31.6031532287598 31.4539241790771 31.901611328125 31.9768657684326 31.9933032989502 31.9826354980469 31.9193019866943 31.6053009033203
27.3838481903076 26.9322261810303 26.8823661804199 27.0513401031494 27.2650165557861 27.4280376434326 28.3271408081055 30.2206840515137 30.0891151428223 29.5657005310059 31.078031539917 32.2381858825684 31.365650177002 30.1495246887207 29.563232421875 31.3749561309814 31.7381381988525 31.9414043426514 32.1372871398926 32.1491432189941 31.7093467712402 31.4210929870605 31.5164031982422 30.9356212615967 31.2638111114502 31.7324810028076 31.9364204406738 31.9997100830078 32.1957511901855 32.1060180664062 30.4618034362793 31.1689434051514 32.006778717041 31.9125022888184 31.4822330474854 31.4347190856934 31.270845413208 31.7651386260986 31.7858295440674 31.7864933013916 31.7519111633301 31.9042911529541 31.9433879852295 31.9450244903564 31.8632297515869 31.8114051818848
27.3233470916748 26.9920864105225 27.6004657745361 28.4448928833008 28.5679492950439 29.0941848754883 30.2762565612793 30.9314041137695 30.2770462036133 30.6827583312988 32.1849403381348 32.7054138183594 32.1183090209961 31.0334053039551 30.2204647064209 31.3232021331787 31.3093185424805 31.606071472168 32.3566780090332 32.5490379333496 32.2248268127441 31.8558673858643 32.1887397766113 31.973747253418 31.8241710662842 32.2920608520508 32.1707077026367 32.0697479248047 32.3155937194824 32.0657844543457 31.423900604248 31.885986328125 32.0494155883789 31.7248783111572 30.7926616668701 30.7455272674561 31.0608196258545 31.7688159942627 31.4734649658203 31.4442100524902 31.4579105377197 31.7351036071777 31.7074756622314 31.7587089538574 31.6052913665771 31.7308902740479
27.381420135498 27.5896339416504 28.8585529327393 29.6790809631348 30.4394149780273 31.4645767211914 32.1321754455566 31.3843193054199 29.3222198486328 29.9993438720703 31.6142425537109 32.7474670410156 32.2864799499512 31.9217624664307 30.9637584686279 31.9859371185303 32.1293754577637 31.474479675293 32.2679176330566 32.6102981567383 32.541088104248 32.0710563659668 32.4007377624512 32.4904670715332 32.3150939941406 32.3910217285156 32.1824378967285 31.3874702453613 32.1917877197266 32.3207397460938 32.2209815979004 32.0886688232422 31.7484130859375 31.3946304321289 30.5521125793457 30.6003437042236 31.341381072998 31.2689399719238 31.1185512542725 30.9245052337646 31.0603523254395 31.3514823913574 31.149486541748 31.4927845001221 31.0276947021484 31.402961730957
