inst/extdata/Tmax/Tmax20.asc
NCOLS 100 
NROWS 79 
XLLCORNER 148.06 
YLLCORNER -21.49 
CELLSIZE 0.01 
NODATA_value -3.4e+38 
[rows 0 to 19 of 79, columns 0 to 45 of 100]
26.874843597412099 26.9566345214844 26.2552700042725 27.2313079833984 27.2325019836426 27.4985828399658 27.4863758087158 27.2011070251465 26.9435977935791 27.0846710205078 26.6509284973145 26.6400260925293 26.6375865936279 25.5653896331787 25.9737644195557 26.305248260498 26.4853534698486 26.5169982910156 25.1779708862305 24.6255912780762 23.7163600921631 22.3782348632812 22.8371276855469 24.128532409668 24.7016067504883 25.2962551116943 24.8762092590332 24.8227043151855 25.0832138061523 24.7080135345459 22.7019081115723 20.8789672851562 18.8501529693604 18.9870891571045 17.802698135376 16.5277462005615 16.1082916259766 15.83837890625 16.47878074646 18.2968273162842 19.9106349945068 20.2285251617432 20.7518062591553 26.2884197235107 25.9053421020508 24.8941249847412
27.503547668457 26.4689979553223 25.080020904541 25.7723484039307 25.7636852264404 26.761510848999 27.1923236846924 27.3299903869629 27.8681011199951 27.945219039917 27.3558712005615 26.3914165496826 27.0024814605713 25.9664878845215 26.2357559204102 25.894100189209 26.6748943328857 26.4603881835938 25.7073554992676 24.8034915924072 24.9872131347656 24.176700592041 23.9048805236816 24.2965793609619 24.7127361297607 25.191556930542 25.5457191467285 25.4983615875244 25.1732769012451 24.7271556854248 23.6708812713623 21.8121490478516 19.5245590209961 21.8306446075439 18.6297950744629 17.355712890625 16.7626457214355 17.6907119750977 18.7597885131836 19.5198860168457 20.7871055603027 20.7940120697021 23.9890613555908 24.8060894012451 25.4452362060547 24.331958770752
27.3141174316406 26.3605251312256 26.3711166381836 26.9068756103516 26.2766742706299 26.6148643493652 27.0068988800049 27.4827194213867 27.8647155761719 27.9360027313232 27.4237384796143 26.6736335754395 26.9740180969238 26.5262470245361 25.9608173370361 25.9846439361572 26.0553932189941 26.3268661499023 25.5357799530029 25.0341091156006 24.5174503326416 24.7928333282471 24.2942695617676 24.5702457427979 25.3378639221191 25.4859714508057 25.4760208129883 25.4380416870117 25.6219005584717 25.0729084014893 25.3024444580078 23.9650821685791 24.9630222320557 21.9034767150879 23.8835754394531 17.9835758209229 17.0030307769775 16.7179946899414 17.802806854248 18.8619022369385 20.4095325469971 26.5321731567383 26.4317455291748 23.056453704834 22.9243278503418 25.4937400817871
27.8353061676025 27.6238384246826 26.6780414581299 27.6912078857422 26.9314365386963 26.4209117889404 26.993091583252 27.3927364349365 27.6844272613525 27.8543529510498 27.6325511932373 27.0966949462891 26.9857044219971 26.9851741790771 26.6363887786865 26.5641918182373 26.6574687957764 26.2056789398193 26.0025005340576 25.0214099884033 24.7673263549805 24.5106906890869 24.5969104766846 24.6063556671143 25.1821708679199 25.3709392547607 25.3242321014404 25.2898025512695 24.9683227539062 24.2125797271729 24.3423938751221 25.3884506225586 24.1055335998535 22.0597324371338 18.1651382446289 17.2833995819092 17.4592685699463 16.9102191925049 16.8737773895264 16.4522686004639 17.9868640899658 20.077220916748 23.50905418396 27.0602340698242 21.2591762542725 21.3436031341553
28.4764251708984 27.7011566162109 27.5438385009766 28.0493087768555 27.652774810791 27.1885089874268 26.569408416748 27.4845943450928 28.294979095459 27.5811080932617 27.7572689056396 27.425666809082 27.3528099060059 27.2138843536377 26.7507419586182 26.3879852294922 26.3773002624512 25.8351974487305 25.1598892211914 24.4097099304199 24.4192485809326 24.8842830657959 24.8932628631592 25.0993804931641 24.7982425689697 24.7398986816406 25.878791809082 25.13037109375 24.9923095703125 25.2144565582275 24.5482349395752 24.7430324554443 23.9936752319336 23.1592788696289 23.7100257873535 18.7756843566895 18.2968730926514 17.8255405426025 16.5144748687744 16.4847583770752 16.3726253509521 19.697229385376 22.756685256958 24.761833190918 20.71169090271 19.9458103179932
28.9736976623535 28.360143661499 27.6451873779297 27.9416370391846 28.1225070953369 27.5619487762451 27.5250492095947 27.7390041351318 27.9071178436279 27.7164249420166 27.5850505828857 27.9826488494873 27.5130939483643 27.0244960784912 26.1308860778809 26.3851184844971 26.3045673370361 25.5374412536621 24.846492767334 24.2742500305176 24.3136386871338 24.9512271881104 25.0141716003418 24.9319934844971 25.6773414611816 25.2806549072266 25.3916397094727 24.4345664978027 24.2467727661133 23.6657981872559 22.7345142364502 23.686897277832 24.3413124084473 23.4885864257812 23.0812072753906 23.4000492095947 18.8829002380371 18.3519535064697 17.8511714935303 17.3480358123779 16.5541191101074 18.7784442901611 23.7836456298828 22.7780914306641 20.9360313415527 18.4092788696289
28.0004272460938 28.5903930664062 28.4652557373047 28.7582626342773 28.2272415161133 27.8886795043945 26.9972400665283 27.2836227416992 27.8454456329346 28.0132465362549 28.2434139251709 28.2411670684814 27.2329864501953 26.6872997283936 26.5970287322998 26.6192035675049 26.1126651763916 25.4000339508057 24.9163036346436 24.39040184021 23.8171787261963 24.478816986084 24.9207344055176 25.1424674987793 25.4179973602295 25.7700748443604 25.6590309143066 24.8227615356445 24.6262950897217 22.9383430480957 22.06689453125 21.2373352050781 22.4031982421875 23.1885643005371 23.0879497528076 22.6533107757568 19.2002105712891 17.5857810974121 17.6719608306885 17.5501899719238 17.5040740966797 19.0741844177246 24.6128005981445 25.6995048522949 21.1649284362793 24.0690326690674
28.643196105957 28.1095886230469 28.858024597168 28.9751033782959 28.3403568267822 28.0854587554932 27.0838794708252 27.1901435852051 27.7207794189453 27.8810768127441 27.8146228790283 27.6232795715332 26.8656578063965 27.3447723388672 27.1889781951904 25.9703407287598 25.6482601165771 24.9158840179443 25.3964443206787 24.2157688140869 23.247932434082 23.8134212493896 24.2829513549805 25.2432727813721 25.4802207946777 25.7364921569824 25.5191135406494 24.5960807800293 24.1956100463867 23.7510356903076 21.7137470245361 21.2511463165283 21.9532070159912 21.7041511535645 22.211009979248 22.5225028991699 18.4880237579346 17.6538105010986 17.2921752929688 17.7231731414795 17.8468341827393 18.8629112243652 19.8578624725342 20.9177494049072 21.039342880249 19.0381507873535
27.9025630950928 28.5223274230957 28.1655254364014 28.3141002655029 28.2216262817383 28.1793460845947 27.7703475952148 27.0301055908203 27.3969421386719 27.7874755859375 27.9105434417725 28.3130111694336 28.5306606292725 27.3886547088623 26.9960880279541 25.75710105896 25.5452346801758 25.4597911834717 25.6678981781006 24.406400680542 24.3965549468994 24.0089111328125 24.3313102722168 25.1486148834229 25.5852642059326 25.8511009216309 24.9442958831787 23.4033813476562 23.8454875946045 23.6938400268555 22.681884765625 21.7334690093994 21.4265804290771 20.7541465759277 23.2791976928711 21.2888164520264 22.1621913909912 22.441987991333 17.4388771057129 17.2837772369385 17.3440551757812 17.5225143432617 17.9972515106201 19.5149078369141 20.1424407958984 18.9395141601562
27.2773323059082 28.1704750061035 28.3785705566406 28.8414783477783 28.1969375610352 28.2698249816895 27.809326171875 27.3305244445801 27.5159969329834 27.4297847747803 27.8379421234131 27.8951663970947 26.8676109313965 26.767915725708 26.7213859558105 26.4732494354248 26.3002014160156 26.0002040863037 25.4737186431885 25.323902130127 25.3328742980957 24.5039291381836 24.8832950592041 25.6181888580322 26.2950859069824 26.1849136352539 25.102575302124 24.5308208465576 23.8125686645508 22.7052192687988 21.9144535064697 21.5427627563477 21.5833225250244 22.2336540222168 22.6458930969238 20.9654388427734 17.9712371826172 21.2939968109131 17.9865055084229 17.0328636169434 17.0158805847168 16.6733493804932 17.2660598754883 18.2910690307617 18.3474140167236 18.1277732849121
27.6147480010986 28.6037902832031 28.4647312164307 27.9301013946533 28.6583080291748 28.8125476837158 28.2443885803223 27.6796627044678 27.7555637359619 27.7161293029785 28.0401802062988 27.4873504638672 27.2285308837891 26.1364364624023 26.2717571258545 26.2743091583252 26.2062320709229 26.3291053771973 25.9290981292725 25.891565322876 24.7825489044189 24.7283592224121 24.5507926940918 25.3846664428711 25.6380043029785 26.4642143249512 24.8670310974121 23.0722103118896 22.3804264068604 22.1864452362061 21.7921905517578 22.2373180389404 22.9038639068604 22.8418731689453 22.3328380584717 20.5588207244873 18.1167831420898 17.7997398376465 17.8085803985596 17.0267353057861 17.1199188232422 16.6613998413086 16.5310287475586 17.2818260192871 17.7646732330322 18.0979423522949
28.107816696167 27.5155372619629 28.1195659637451 28.2455539703369 28.3004417419434 29.2258396148682 28.5241813659668 27.7944869995117 27.5971946716309 27.8425750732422 27.5370979309082 28.0164051055908 27.6670742034912 27.1357460021973 26.8968963623047 26.6593246459961 26.8550472259521 26.6440124511719 26.4244976043701 25.7606620788574 24.9759693145752 24.545259475708 24.9859046936035 24.933069229126 24.7573089599609 25.3129177093506 23.8409252166748 23.1232757568359 22.5978813171387 22.8431415557861 23.1207523345947 23.0971069335938 23.0213832855225 22.5403213500977 22.4596729278564 21.3883953094482 22.1768779754639 17.1953563690186 17.7936172485352 18.0205955505371 17.8177661895752 17.5038986206055 16.643970489502 17.3874702453613 17.6529922485352 17.7456398010254
28.2123718261719 28.2838039398193 28.2891941070557 28.98557472229 28.8549728393555 28.9095363616943 28.2416496276855 27.5378646850586 27.8602542877197 28.814266204834 27.8175830841064 28.1594791412354 27.4832229614258 27.9574890136719 27.4850540161133 27.1695117950439 27.6524486541748 27.119255065918 26.8507671356201 25.600248336792 25.3948802947998 25.7829074859619 25.8179206848145 26.2361679077148 26.092845916748 25.5822010040283 25.2065582275391 24.419958114624 23.6226787567139 23.3125228881836 24.1445980072021 23.8587703704834 23.6971607208252 23.2304725646973 21.9099674224854 21.1923904418945 20.0590286254883 21.3884391784668 20.2775230407715 18.6007633209229 17.16845703125 16.9223308563232 16.5194492340088 16.2646636962891 17.9440021514893 18.3025970458984
28.8578681945801 29.0781097412109 27.7839107513428 28.260046005249 27.8341960906982 27.8505344390869 28.5840587615967 28.0060062408447 28.2091674804688 28.1439304351807 28.0912227630615 27.9092121124268 27.5397205352783 27.0813026428223 27.4110946655273 27.0179767608643 27.3938064575195 27.105583190918 26.9102344512939 26.2523174285889 26.4527168273926 26.5103626251221 26.253885269165 26.3645191192627 25.6339912414551 24.0019378662109 23.5958862304688 23.5682849884033 22.8950099945068 23.2626094818115 24.1282081604004 23.9158267974854 23.4723033905029 22.7150497436523 22.0518016815186 23.6044673919678 22.1179676055908 18.424747467041 22.5261154174805 23.8617115020752 23.1064643859863 18.5449810028076 17.657247543335 17.4844665527344 18.0215816497803 18.8698635101318
27.4005241394043 27.5641174316406 28.0783176422119 28.4816055297852 28.2220344543457 28.0400505065918 28.0388011932373 28.7265872955322 27.6795120239258 27.4432945251465 27.4997730255127 27.2754306793213 26.6761913299561 26.5857639312744 26.8745098114014 26.3750247955322 27.1555881500244 27.1924896240234 27.0231971740723 27.1144504547119 26.8326816558838 26.1918239593506 25.4739017486572 25.5599250793457 25.4434013366699 25.2845554351807 24.9920978546143 24.4310970306396 23.891170501709 24.559326171875 23.9078559875488 24.2613964080811 24.090202331543 24.1224479675293 23.7406539916992 22.3696460723877 23.0387878417969 22.6018695831299 22.3724002838135 23.7926292419434 23.524393081665 23.5887184143066 18.495698928833 17.6655712127686 18.103889465332 19.1148891448975
25.8689155578613 27.291109085083 28.2104015350342 27.9205474853516 28.6111145019531 28.5612411499023 28.3285827636719 27.8980903625488 28.4714698791504 27.9755783081055 26.5378170013428 27.2549114227295 26.1436157226562 25.3408946990967 26.3769378662109 26.2362308502197 25.6837902069092 26.2988224029541 27.066068649292 26.8032512664795 26.6535682678223 26.447208404541 26.3465785980225 26.3173599243164 25.982515335083 25.6229381561279 25.8172283172607 25.367374420166 25.1889324188232 24.8693256378174 24.6437568664551 24.0081939697266 24.0044250488281 24.4571342468262 24.289737701416 24.1800365447998 24.587194442749 22.953727722168 24.2706565856934 24.7732715606689 24.0689525604248 22.6110076904297 17.7253723144531 16.8176708221436 17.438793182373 18.2934322357178
27.0470886230469 25.9587345123291 27.3328266143799 28.3452777862549 27.3766269683838 27.3437118530273 28.5013904571533 27.7704315185547 27.696174621582 28.0153331756592 26.9438381195068 26.9107532501221 25.7275428771973 25.1280765533447 25.9983329772949 24.9902496337891 24.8793506622314 25.870002746582 25.8947467803955 26.1312065124512 26.6448783874512 26.5824451446533 26.0433158874512 26.0754776000977 25.4016590118408 24.8353805541992 24.2620716094971 24.6350803375244 25.203052520752 24.1930751800537 23.8432655334473 23.2280044555664 23.5131702423096 24.2918186187744 24.5272064208984 24.2729396820068 24.7950954437256 24.8261661529541 24.3428649902344 23.8051109313965 24.019380569458 22.4605350494385 21.2851943969727 18.261812210083 17.7312965393066 18.5365695953369
27.4309463500977 27.303747177124 27.3609485626221 28.5248641967773 27.803258895874 28.207124710083 28.7377452850342 28.7542591094971 28.9866027832031 28.70703125 28.3741798400879 27.9152488708496 25.9601764678955 25.3437767028809 25.7475147247314 25.2077560424805 24.8997974395752 24.7481136322021 24.0550174713135 25.2846851348877 26.1191082000732 26.8945503234863 27.1383094787598 26.5272674560547 25.2059268951416 23.7045879364014 22.9698085784912 23.6312351226807 24.5602245330811 24.1162185668945 23.8860912322998 24.7019824981689 24.5853118896484 24.5474586486816 25.2224082946777 24.3263740539551 23.8993968963623 23.893383026123 24.4225177764893 24.4483737945557 24.8299961090088 24.4442520141602 23.2953262329102 22.8006820678711 19.9960823059082 19.5932369232178
28.4664001464844 27.2363262176514 26.8152256011963 27.3916511535645 27.5708065032959 28.1595802307129 28.9753112792969 28.1875190734863 29.0700531005859 28.6915245056152 27.399694442749 27.6371364593506 26.6806602478027 23.9215049743652 24.2808704376221 23.5497150421143 23.9737606048584 23.364860534668 24.4770660400391 25.5161228179932 26.6922721862793 26.4673748016357 26.9992008209229 26.922872543335 25.5915050506592 24.3134784698486 22.867603302002 23.3203678131104 24.8581657409668 24.0590114593506 24.370138168335 25.0950870513916 25.9143047332764 25.8876285552979 25.0813179016113 24.7071056365967 24.1895027160645 24.243860244751 24.9414710998535 24.904167175293 24.9675559997559 24.8579177856445 24.5462665557861 24.3894691467285 22.6640491485596 19.588399887085
27.3593997955322 27.3901634216309 27.7681655883789 27.4351711273193 28.1570014953613 28.0457954406738 28.9584102630615 28.9318656921387 27.8882389068604 28.2029323577881 28.5466022491455 27.7486820220947 26.7693252563477 23.5678577423096 24.0548038482666 24.1588001251221 23.7151832580566 24.0502262115479 24.0736083984375 25.2223873138428 26.4440155029297 26.150520324707 26.7203922271729 26.7833423614502 26.3256607055664 25.3391971588135 24.1828956604004 23.8927574157715 24.6199131011963 24.8798885345459 25.5378398895264 25.9708290100098 25.8938159942627 25.9080410003662 25.982364654541 24.9773254394531 24.2379837036133 24.1220512390137 24.1218605041504 24.5993480682373 25.3749904632568 24.9572677612305 23.9820499420166 24.1651210784912 23.0822467803955 22.5047740936279
