inst/extdata/Tmax/Tmax113.asc
NCOLS 100 
NROWS 79 
XLLCORNER 148.06 
YLLCORNER -21.49 
CELLSIZE 0.01 
NODATA_value -3.4e+38 
[rows 40 to 59 of 79, columns 0 to 45 of 100]
36.365936279296903 36.0356330871582 36.0952796936035 36.1510734558105 36.0185966491699 36.1749076843262 36.128776550293 35.8975067138672 35.3306350708008 35.8782043457031 36.6873474121094 37.1052131652832 37.1711921691895 37.2560768127441 37.3595199584961 37.1128730773926 36.7820243835449 36.3594093322754 35.650806427002 36.2907981872559 36.2980117797852 36.1750221252441 36.1155853271484 35.631591796875 34.5213661193848 33.7303428649902 33.494010925293 33.6307716369629 33.79541015625 33.0409088134766 32.390998840332 32.8128051757812 34.384147644043 34.0639572143555 33.760082244873 34.1941184997559 34.096996307373 33.7113075256348 33.4549713134766 32.9085273742676 32.8762359619141 31.8742713928223 31.2983932495117 31.2927322387695 31.0350723266602 30.8742713928223
36.5570106506348 36.0779914855957 35.9456558227539 36.0909881591797 35.9814262390137 36.0996398925781 36.1213073730469 36.0063705444336 35.7143974304199 35.8840827941895 36.3234977722168 36.7774810791016 37.0859260559082 37.3170356750488 37.3931198120117 37.2240829467773 36.8525085449219 36.2382202148438 35.8352699279785 36.0367050170898 36.0843238830566 35.8036460876465 36.0485610961914 35.7159385681152 34.9001235961914 34.2952423095703 33.5349884033203 33.454662322998 33.7366218566895 33.2114372253418 32.7767753601074 33.5037803649902 34.3734703063965 33.4520797729492 32.6061058044434 33.5397605895996 33.610221862793 33.894474029541 33.8677177429199 33.5958557128906 33.4657249450684 32.5642395019531 31.0937995910645 30.9727592468262 31.047119140625 31.0069694519043
36.3906364440918 36.3366928100586 36.0927314758301 35.960693359375 36.0534820556641 36.0978240966797 36.0828742980957 36.0528297424316 36.027645111084 35.9858551025391 36.0654716491699 36.677490234375 37.0991592407227 37.3007736206055 37.3383026123047 37.2983131408691 37.0216598510742 36.6334228515625 36.3647270202637 36.32275390625 36.2334060668945 35.4337615966797 35.3638381958008 35.6624755859375 35.7148399353027 35.1807899475098 34.1053276062012 33.7143440246582 33.6350746154785 33.3733329772949 32.4393157958984 33.6239204406738 33.7115821838379 32.4856224060059 31.6658210754395 32.575927734375 32.5686721801758 33.381462097168 33.6083183288574 33.2507209777832 32.9782752990723 33.0522117614746 32.3187408447266 32.0722045898438 32.6080589294434 33.8798637390137
35.9701347351074 36.0976257324219 36.0984992980957 36.1088714599609 36.1621742248535 36.1697692871094 36.1400032043457 36.0928573608398 36.1787261962891 36.1591110229492 36.1878433227539 36.7133026123047 37.0427932739258 37.2570037841797 37.3033142089844 37.3432312011719 37.2230377197266 36.9707183837891 36.6356811523438 36.7036819458008 36.5014953613281 36.1903266906738 35.3577003479004 34.9348907470703 35.7927398681641 35.545337677002 35.0458030700684 34.4644088745117 34.0635375976562 33.8627853393555 32.9456558227539 32.8523178100586 33.6845817565918 33.0717697143555 32.400260925293 31.9360599517822 32.0162010192871 32.2637939453125 32.4917488098145 32.2544593811035 31.7966938018799 32.5608024597168 32.0695266723633 33.2359466552734 35.479362487793 36.266170501709
35.640926361084 35.8538093566895 35.8460235595703 35.8627891540527 36.1076889038086 36.2654800415039 36.3129730224609 36.2607421875 36.3534698486328 36.4284362792969 36.6568031311035 36.8412246704102 37.0216369628906 37.1680526733398 37.264404296875 37.3508682250977 37.3216705322266 37.1585235595703 36.9794616699219 36.9375381469727 36.7912216186523 36.6236610412598 36.2616539001465 36.012035369873 35.8074226379395 35.2475852966309 35.5768928527832 35.4432716369629 35.0566596984863 34.219295501709 33.4768676757812 33.4797477722168 33.8925704956055 34.1159896850586 33.7641944885254 32.4229431152344 31.0872249603271 31.0505142211914 31.1559543609619 31.4909439086914 31.3680248260498 31.9091243743896 31.433032989502 32.2832984924316 34.5285606384277 36.2924118041992
35.6702537536621 35.7287368774414 35.5698432922363 35.4567642211914 35.7038917541504 35.9927597045898 36.2939949035645 36.4595565795898 36.5606117248535 36.6934280395508 36.7980422973633 36.7151794433594 36.4532699584961 36.9402008056641 37.2458877563477 37.3261108398438 37.3367156982422 37.2721328735352 37.1756973266602 37.1121597290039 37.0151290893555 36.8930206298828 36.8404769897461 36.0882225036621 35.6682434082031 35.589958190918 35.7048225402832 35.5118103027344 35.2929725646973 34.6682968139648 33.1647415161133 33.4030685424805 33.802433013916 33.8985824584961 34.0380668640137 32.9356460571289 31.6234703063965 31.3821563720703 31.4141368865967 31.8501567840576 31.2553195953369 31.6054058074951 32.00146484375 32.3233489990234 33.441478729248 34.9295959472656
35.5369300842285 35.5006217956543 35.5089950561523 35.4328079223633 35.3313217163086 35.3890419006348 36.0070915222168 36.179859161377 36.348934173584 36.3892860412598 36.6799240112305 36.8243408203125 36.5303649902344 36.8711471557617 37.1748275756836 37.2923965454102 37.313232421875 37.249382019043 37.2160415649414 37.1823043823242 37.1046295166016 37.0307884216309 36.9197311401367 36.3373947143555 35.3224563598633 35.4772300720215 35.7067909240723 35.4436531066895 35.3967208862305 35.2288398742676 34.2499542236328 33.8594551086426 33.4341087341309 33.773193359375 33.9594078063965 33.3886985778809 32.2330551147461 32.512393951416 31.9807777404785 32.6977806091309 32.1201629638672 32.2658653259277 32.3851432800293 32.5360946655273 32.543872833252 32.3238983154297
36.0113182067871 35.332950592041 35.2515602111816 35.1965560913086 35.1689338684082 35.2948760986328 35.6555633544922 35.6163635253906 35.9430236816406 36.020938873291 36.1383666992188 36.2343292236328 36.4846038818359 36.8555679321289 37.1115188598633 37.2779388427734 37.2752838134766 37.1446762084961 36.9349899291992 36.8295059204102 37.0139083862305 36.7947120666504 36.8340110778809 36.7676162719727 36.2085456848145 36.1016578674316 36.1318206787109 35.8995056152344 35.7040786743164 35.4410438537598 34.5985679626465 34.1581726074219 33.2921905517578 33.7954864501953 33.8651809692383 33.5926475524902 33.0673179626465 33.3633460998535 33.0486145019531 33.3673210144043 33.0558662414551 32.8082427978516 32.6448516845703 32.473201751709 32.1037139892578 31.8683414459229
36.863452911377 35.8911666870117 35.120304107666 34.9685211181641 35.0996627807617 35.2872467041016 35.2140274047852 35.2120666503906 35.6121826171875 35.9962348937988 36.1029891967773 36.0963668823242 36.4017562866211 36.8032379150391 37.1237564086914 37.2265281677246 37.2472953796387 37.1772346496582 36.9798812866211 36.7129783630371 36.8184585571289 36.7623901367188 36.6778526306152 36.8584136962891 36.7363433837891 36.6166687011719 36.2671279907227 36.0345039367676 35.9378318786621 35.5853691101074 35.1092987060547 34.543342590332 33.4841957092285 33.6909027099609 33.6694107055664 33.7593994140625 33.6497001647949 33.6308097839355 33.5031471252441 33.2900505065918 32.3758392333984 32.1974906921387 32.3926086425781 32.1339378356934 31.9976444244385 31.6501846313477
37.1828994750977 36.5702476501465 35.5996589660645 35.0140686035156 34.9993171691895 34.9882965087891 35.0108604431152 35.3606376647949 35.6573333740234 35.5452613830566 36.3296241760254 36.6309356689453 36.7831382751465 36.9266090393066 37.0668907165527 37.1899337768555 37.208553314209 37.1604080200195 37.046314239502 36.8831634521484 36.7660636901855 36.6893653869629 36.4709930419922 36.5369148254395 36.762767791748 36.7577056884766 36.4862823486328 35.8234100341797 35.2150650024414 35.5646781921387 35.2024536132812 34.8289527893066 33.8382377624512 33.4829025268555 33.2366981506348 33.6273498535156 33.7368698120117 33.6273574829102 33.5890045166016 33.216136932373 32.4313697814941 32.0248374938965 32.2017402648926 31.8324012756348 31.7417869567871 31.6480197906494
37.1657981872559 36.9622192382812 36.4189453125 35.6893501281738 35.1436424255371 34.8358993530273 34.992546081543 35.3143424987793 35.3581581115723 35.7424011230469 36.4767227172852 36.7809371948242 36.9557113647461 37.1011428833008 37.1418952941895 37.1893730163574 37.0504417419434 37.0814971923828 37.1046371459961 37.0196723937988 36.893009185791 36.7016639709473 36.4677772521973 36.379020690918 36.5300559997559 36.5959358215332 36.6557502746582 36.3812522888184 36.0401573181152 35.8700561523438 35.1986389160156 35.0056991577148 33.9757194519043 33.4817924499512 32.8246765136719 33.3307952880859 33.5020751953125 33.5056037902832 33.581428527832 33.3647842407227 32.7308731079102 32.5490188598633 32.4460372924805 32.2291946411133 31.9032096862793 31.7239055633545
37.1160583496094 37.0862922668457 36.788028717041 35.9796485900879 35.3625869750977 35.0739288330078 35.0249633789062 35.1090316772461 34.8585891723633 35.0141372680664 36.0152053833008 36.528076171875 36.7674179077148 37.0400581359863 37.1635551452637 37.1313171386719 37.0388565063477 37.053352355957 37.0241889953613 37.0242156982422 36.9176597595215 36.794075012207 36.6764640808105 36.4321708679199 36.2990913391113 36.2358207702637 36.1960906982422 36.3568649291992 36.088508605957 36.2501487731934 36.2919845581055 35.3107566833496 34.5803413391113 34.0360908508301 33.4361724853516 33.6103935241699 33.5652732849121 33.36083984375 33.5477333068848 33.4373779296875 32.835147857666 32.6486892700195 32.5300483703613 32.3416481018066 31.8493766784668 31.656078338623
36.8913688659668 36.9978370666504 36.8382568359375 35.7001686096191 34.8896827697754 34.8612365722656 34.9603385925293 34.8213043212891 34.5627822875977 34.6972007751465 35.9232063293457 36.5205230712891 36.8078422546387 37.0555458068848 37.084545135498 37.0381889343262 37.0302276611328 36.9714393615723 36.9335136413574 36.9410781860352 36.9672813415527 36.9057350158691 36.7176399230957 36.4774398803711 36.2132225036621 36.0267868041992 36.0008773803711 35.9575080871582 35.9627227783203 35.8456077575684 36.0968322753906 35.9448280334473 35.2522926330566 34.4998893737793 33.9679832458496 34.3966484069824 34.3390960693359 33.7600288391113 33.5281562805176 33.623363494873 33.4322166442871 33.1147232055664 32.738956451416 32.4718742370605 32.1306190490723 31.7421398162842
36.631965637207 36.7278747558594 36.8832359313965 36.3667221069336 35.2813491821289 34.9326324462891 35.283145904541 34.7772216796875 34.6184539794922 34.7008666992188 35.8651657104492 36.6259727478027 36.9080543518066 37.0388450622559 36.965389251709 36.8617668151855 36.8613929748535 36.9082946777344 36.8814849853516 36.7630577087402 36.8377456665039 36.9258766174316 36.7606391906738 36.582836151123 36.3517074584961 36.163143157959 35.7342071533203 35.5114135742188 35.089282989502 35.5295219421387 35.3357543945312 36.021728515625 36.0901412963867 35.6713943481445 35.0714530944824 35.1235198974609 34.6721687316895 34.2461013793945 33.8749923706055 34.3505363464355 33.8440322875977 33.5101318359375 33.3250160217285 33.1617736816406 32.8272247314453 32.6508865356445
36.4714279174805 36.4425354003906 36.688289642334 36.7210540771484 36.1945266723633 35.9192733764648 35.8612518310547 35.4849014282227 35.277172088623 35.2862548828125 35.4858779907227 35.9895324707031 36.8023948669434 36.980598449707 36.8454627990723 36.7529754638672 36.7487564086914 36.8258094787598 36.7919273376465 36.7253799438477 36.7658157348633 36.8995132446289 36.8520050048828 36.64306640625 36.5202827453613 36.303882598877 35.9050064086914 35.6496124267578 35.1516227722168 35.4459114074707 34.6832466125488 35.2125816345215 35.5099830627441 35.5486946105957 35.7104110717773 35.5710182189941 35.2021942138672 35.0353813171387 34.4927253723145 33.8902206420898 33.8100090026855 33.8714179992676 33.5860900878906 33.3537750244141 33.355770111084 33.1849098205566
36.5729293823242 36.5720634460449 36.6532325744629 36.7082901000977 36.5811767578125 35.8720283508301 35.8848876953125 35.9772796630859 35.7284698486328 35.6918716430664 36.0112380981445 36.4586715698242 36.8645820617676 36.9639015197754 36.8568954467773 36.6484222412109 36.7210502624512 36.7311401367188 36.5050888061523 36.4955558776855 36.6714096069336 36.7721099853516 36.8481025695801 36.7419013977051 36.6078453063965 36.4351577758789 36.1982231140137 35.8948211669922 35.7025947570801 35.5212478637695 35.0164413452148 34.5825729370117 34.7576942443848 34.7242240905762 35.2790641784668 34.9261169433594 35.2594833374023 34.9797286987305 34.5518569946289 34.056999206543 33.7827301025391 33.5211982727051 32.9465560913086 32.3426628112793 32.9515647888184 33.1913032531738
36.6993141174316 36.6773262023926 36.6618309020996 36.6606559753418 36.4943199157715 35.6318855285645 35.4179077148438 35.856575012207 35.7375297546387 35.4139404296875 35.7327575683594 36.5398979187012 36.8719215393066 36.9216003417969 36.8314056396484 36.6216125488281 36.6184120178223 36.3892135620117 36.0981788635254 36.2820053100586 36.6529960632324 36.6713600158691 36.7803916931152 36.7819595336914 36.5941543579102 36.529727935791 36.3160514831543 35.9854011535645 35.8911323547363 35.6285820007324 35.1426696777344 34.332275390625 33.980037689209 34.1627159118652 34.7277603149414 34.9078216552734 34.4603843688965 34.0488662719727 34.2982330322266 34.2241058349609 33.8192367553711 33.536792755127 32.9017906188965 32.0971488952637 32.5237770080566 32.9331359863281
36.7555923461914 36.7138481140137 36.6765327453613 36.6528472900391 36.6204032897949 36.2274017333984 35.7372589111328 35.4952163696289 35.4979667663574 35.2851295471191 35.7884979248047 36.5442695617676 36.8350868225098 36.8608055114746 36.771858215332 36.5664138793945 36.3763809204102 36.1522064208984 36.030445098877 36.3658981323242 36.5313682556152 36.6179084777832 36.5875205993652 36.7195243835449 36.6604423522949 36.5648384094238 36.366813659668 36.0582046508789 35.9248504638672 35.6987648010254 35.2117691040039 34.9719390869141 34.4323577880859 34.2147941589355 34.1587982177734 34.349006652832 34.6757850646973 34.5034332275391 34.0765571594238 33.8410873413086 33.6051788330078 33.3672904968262 33.0770149230957 32.7306785583496 32.1045799255371 32.3786392211914
36.7915840148926 36.7317161560059 36.6926651000977 36.6924324035645 36.619312286377 36.3809242248535 36.0531311035156 35.4710998535156 35.3619155883789 35.5411376953125 36.0643577575684 36.5722618103027 36.7705726623535 36.7754402160645 36.6341094970703 36.4508323669434 36.1064414978027 36.0286331176758 36.1741409301758 36.2234153747559 36.4104461669922 36.3517951965332 36.1513481140137 36.4645309448242 36.6894264221191 36.5580749511719 36.306339263916 36.1412925720215 35.9929656982422 35.8769645690918 35.6560440063477 35.3973274230957 35.0351676940918 34.979320526123 34.5964164733887 34.1972808837891 34.3244705200195 34.4243812561035 34.1554183959961 33.9823112487793 33.8223342895508 33.5407028198242 32.8482818603516 32.4706420898438 32.5868682861328 32.5977630615234
36.7970809936523 36.809700012207 36.7629737854004 36.7336311340332 36.614631652832 36.4988822937012 36.3821868896484 35.9706115722656 35.510440826416 35.6005172729492 35.7669677734375 36.1315498352051 36.4836959838867 36.5531349182129 36.496166229248 36.3449478149414 36.1083030700684 35.9732894897461 35.8559684753418 35.9220352172852 36.214771270752 36.232292175293 35.9589614868164 36.4442405700684 36.705883026123 36.5874443054199 36.4035301208496 36.237003326416 36.157543182373 36.0332984924316 35.9011993408203 35.6474571228027 35.271614074707 35.5299377441406 35.3824462890625 34.941822052002 34.405158996582 34.280143737793 34.4354553222656 34.9426155090332 34.0487747192383 33.7256889343262 33.2512435913086 32.541259765625 32.4662170410156 32.3421173095703
