inst/extdata/Tmax/Tmax11.asc
NCOLS 100 
NROWS 79 
XLLCORNER 148.06 
YLLCORNER -21.49 
CELLSIZE 0.01 
NODATA_value -3.4e+38 
[rows 0 to 19 of 79, columns 0 to 45 of 100]
33.947383880615199 34.059700012207 33.4767074584961 34.4119186401367 34.3985900878906 34.614818572998 34.5794067382812 34.3124351501465 34.0531883239746 34.195369720459 33.825008392334 33.842155456543 33.853931427002 32.9275588989258 33.2856407165527 33.5742454528809 33.7142143249512 33.755069732666 32.5130081176758 32.0378341674805 31.1490097045898 29.912223815918 30.3312091827393 31.4955196380615 32.0217399597168 32.5972785949707 32.197395324707 32.1463813781738 32.4468193054199 32.1158142089844 30.2002906799316 28.5572528839111 26.4148197174072 26.5651702880859 25.4942893981934 24.3235893249512 23.903959274292 23.637243270874 24.2067623138428 25.8373317718506 27.2290458679199 27.4769821166992 27.8545970916748 33.3634719848633 33.023811340332 32.0430221557617
34.6011924743652 33.6327934265137 32.3363494873047 33.0204772949219 33.0806617736816 33.9746971130371 34.3381385803223 34.4382133483887 35.0043830871582 35.0661544799805 34.5185699462891 33.5955200195312 34.1976852416992 33.216365814209 33.509708404541 33.186222076416 33.9247055053711 33.7122802734375 33.0755157470703 32.2403411865234 32.3738212585449 31.5943431854248 31.3397197723389 31.691987991333 32.0664367675781 32.5335350036621 32.8651580810547 32.8311462402344 32.5362281799316 32.1195259094238 31.1514492034912 29.4271640777588 27.0388259887695 29.3888378143311 26.2535610198975 25.069673538208 24.518497467041 25.4167385101318 26.3656597137451 26.9688968658447 27.989164352417 27.90212059021 31.1189193725586 31.9362869262695 32.5887832641602 31.4849395751953
34.4310913085938 33.5777931213379 33.5767440795898 34.0998649597168 33.5268096923828 33.8543128967285 34.1999664306641 34.6083183288574 35.0278015136719 35.08056640625 34.5932807922363 33.8626556396484 34.1790390014648 33.7429962158203 33.2185020446777 33.2648887634277 33.3164710998535 33.5760307312012 32.8560943603516 32.3812103271484 31.8864250183105 32.2010269165039 31.7322463989258 32.0018005371094 32.6889991760254 32.8164024353027 32.8310165405273 32.8029556274414 32.9952697753906 32.4854927062988 32.7177810668945 31.4794006347656 32.4626579284668 29.5196704864502 31.5321502685547 25.6927242279053 24.7604503631592 24.5207405090332 25.5099849700928 26.4269828796387 27.7673206329346 33.7074279785156 33.5691986083984 30.211311340332 30.0745582580566 32.6325263977051
34.958610534668 34.7760734558105 33.8736801147461 34.8202285766602 34.1202697753906 33.6641540527344 34.1930160522461 34.5487823486328 34.8772201538086 35.0286407470703 34.7929458618164 34.2656135559082 34.1730690002441 34.1982650756836 33.9064025878906 33.8594131469727 33.9164848327637 33.4650535583496 33.2937927246094 32.3708534240723 32.1574783325195 31.9450798034668 32.0293388366699 32.0488014221191 32.5714569091797 32.7223434448242 32.720817565918 32.6666030883789 32.3722038269043 31.7043437957764 31.7891178131104 32.8354454040527 31.6294078826904 29.7002868652344 25.8606300354004 25.0590229034424 25.2148094177246 24.7124061584473 24.6841335296631 24.2735729217529 25.6712493896484 27.4143257141113 30.6789932250977 34.2046546936035 28.3796253204346 28.4524345397949
35.7157669067383 34.8470191955566 34.7005348205566 35.237922668457 34.803337097168 34.4130592346191 33.7919845581055 34.6626472473145 35.5064544677734 34.7644004821777 34.9449195861816 34.6278190612793 34.5396766662598 34.440990447998 34.0268287658691 33.6518745422363 33.6370849609375 33.1311912536621 32.5136070251465 31.847484588623 31.8437614440918 32.2963523864746 32.2985725402832 32.4914016723633 32.1969985961914 32.1796646118164 33.2503128051758 32.5495529174805 32.432674407959 32.7096672058105 32.0176467895508 32.236457824707 31.5232028961182 30.7819538116455 31.3828754425049 26.4289016723633 25.9810962677002 25.5602073669434 24.2981224060059 24.3143482208252 24.2042293548584 27.1933441162109 30.0128421783447 31.9304981231689 27.9537677764893 27.2666893005371
36.2542953491211 35.6043395996094 34.8186149597168 35.1493949890137 35.348804473877 34.7348556518555 34.7358474731445 34.9400787353516 35.1440658569336 34.9058303833008 34.7870826721191 35.2167282104492 34.7245788574219 34.2620124816895 33.4513320922852 33.6523742675781 33.5871772766113 32.8772163391113 32.2516326904297 31.7288951873779 31.7639389038086 32.3803253173828 32.4176177978516 32.3427848815918 33.0649032592773 32.6874313354492 32.7975883483887 31.9234256744385 31.7435932159424 31.2686824798584 30.2785968780518 31.1943454742432 31.8486251831055 31.0340003967285 30.6652317047119 30.9976005554199 26.5552349090576 26.0698356628418 25.601037979126 25.1671504974365 24.3900127410889 26.3632049560547 31.0987358093262 29.9967956542969 28.1987018585205 25.9262752532959
35.32763671875 35.8806381225586 35.6949653625488 36.0240745544434 35.4897155761719 35.087287902832 34.2500839233398 34.4799156188965 35.0838737487793 35.2835388183594 35.5094680786133 35.4870185852051 34.4836769104004 33.9299659729004 33.8494529724121 33.895076751709 33.4170303344727 32.7731246948242 32.3185577392578 31.8306159973145 31.3224792480469 31.9683380126953 32.3692512512207 32.5583648681641 32.8045883178711 33.1727828979492 33.0674705505371 32.2936820983887 32.1396102905273 30.5673770904541 29.7019004821777 28.8679141998291 29.9584255218506 30.7375545501709 30.6848850250244 30.2678050994873 26.8677043914795 25.3685607910156 25.4423046112061 25.3601989746094 25.3255100250244 26.7148303985596 31.9994735717773 32.9938583374023 28.4647789001465 31.5705261230469
35.983814239502 35.4397354125977 36.1460227966309 36.2736968994141 35.6374320983887 35.34033203125 34.3183288574219 34.4443397521973 34.9408645629883 35.1531639099121 35.1133766174316 34.8761787414551 34.1677360534668 34.6259765625 34.4483642578125 33.3168449401855 33.0059509277344 32.3615493774414 32.8556900024414 31.7049045562744 30.8096675872803 31.3331451416016 31.765811920166 32.6768264770508 32.8717842102051 33.1350173950195 32.9686698913574 32.0972709655762 31.7218017578125 31.3540229797363 29.4373741149902 28.9549293518066 29.6349906921387 29.3438491821289 29.8268661499023 30.1954154968262 26.1623287200928 25.403434753418 25.1241550445557 25.5395832061768 25.6541957855225 26.554515838623 27.4058208465576 28.3032836914062 28.4055652618408 26.6137237548828
35.2173614501953 35.8804931640625 35.5035362243652 35.6493148803711 35.5395851135254 35.4584655761719 34.9877510070801 34.3081321716309 34.6583213806152 35.0690307617188 35.2282104492188 35.6295013427734 35.814998626709 34.6510353088379 34.301456451416 33.1549415588379 32.9273490905762 32.8747253417969 33.0745697021484 31.9148712158203 31.9108924865723 31.5432434082031 31.8620338439941 32.6193809509277 33.003231048584 33.2579574584961 32.4526557922363 31.0000896453857 31.4415512084961 31.3053817749023 30.3513259887695 29.455057144165 29.1897506713867 28.4858741760254 30.9456272125244 29.0110416412354 29.9089450836182 30.1998481750488 25.2735214233398 25.1481475830078 25.1984882354736 25.3735427856445 25.7533416748047 27.0717067718506 27.6113376617432 26.5388107299805
34.5533256530762 35.5277328491211 35.7520294189453 36.1985397338867 35.5235214233398 35.5805168151855 35.0905647277832 34.5925903320312 34.8224945068359 34.7101173400879 35.1700897216797 35.1592636108398 34.2170867919922 34.1153869628906 34.0628623962402 33.8237533569336 33.6527137756348 33.3756256103516 32.8789138793945 32.7690925598145 32.8182525634766 32.0573844909668 32.4109344482422 33.0699577331543 33.7074089050293 33.6168365478516 32.6137199401855 32.0648880004883 31.4010925292969 30.3461475372314 29.6666793823242 29.3315486907959 29.2915000915527 29.96022605896 30.3958110809326 28.7403545379639 25.7686462402344 29.0769100189209 25.8159084320068 24.9222946166992 24.9089241027832 24.610013961792 25.1349353790283 26.0445976257324 26.0464878082275 25.8631649017334
34.8397827148438 35.8983993530273 35.8497543334961 35.3116989135742 36.0228080749512 36.168285369873 35.573314666748 34.9432983398438 35.0229072570801 35.0361595153809 35.3940124511719 34.7776908874512 34.5415496826172 33.5405960083008 33.6626472473145 33.6389427185059 33.5623931884766 33.6688003540039 33.3272094726562 33.3183326721191 32.2584114074707 32.2469596862793 32.0691604614258 32.8540382385254 33.069995880127 33.9149398803711 32.3953666687012 30.676830291748 30.078462600708 29.8912944793701 29.5333385467529 29.9885997772217 30.5940132141113 30.5601291656494 30.1272392272949 28.3790340423584 25.9081897735596 25.6191520690918 25.6621074676514 24.924840927124 25.0192279815674 24.5830612182617 24.477424621582 25.1638813018799 25.594596862793 25.881046295166
35.3544692993164 34.756477355957 35.5099678039551 35.643741607666 35.6965866088867 36.6077194213867 35.8834037780762 35.0965538024902 34.9137878417969 35.2212371826172 34.912899017334 35.3647155761719 34.9723777770996 34.5049476623535 34.2837753295898 34.017879486084 34.1830978393555 33.979907989502 33.7982444763184 33.1930656433105 32.4683799743652 32.0766792297363 32.5086364746094 32.4485511779785 32.2591781616211 32.7890014648438 31.4194850921631 30.7789859771729 30.3117065429688 30.544246673584 30.8237228393555 30.8134250640869 30.7126197814941 30.2809600830078 30.227014541626 29.1699867248535 29.9961376190186 25.062952041626 25.6307201385498 25.8488349914551 25.6816139221191 25.4028873443604 24.5822315216064 25.2940807342529 25.5012607574463 25.53977394104
35.4593086242676 35.6364784240723 35.6860466003418 36.3857231140137 36.2646865844727 36.3158721923828 35.6321907043457 34.8641510009766 35.2104148864746 36.2288208007812 35.2031021118164 35.5410957336426 34.8309059143066 35.3268508911133 34.8430290222168 34.5315208435059 35.025691986084 34.4855842590332 34.221061706543 33.0367393493652 32.8676490783691 33.2453002929688 33.2603721618652 33.6614227294922 33.5430946350098 33.085521697998 32.7382392883301 32.0052871704102 31.2488880157471 30.9627552032471 31.7980480194092 31.5369644165039 31.3917369842529 30.9776954650879 29.7066230773926 29.0287647247314 27.9388103485107 29.1977462768555 28.0748405456543 26.4095420837402 25.0715084075928 24.835657119751 24.4690036773682 24.2366981506348 25.8174018859863 26.1088676452637
36.2002143859863 36.4591522216797 35.1820678710938 35.6562805175781 35.2408180236816 35.2716865539551 36.0079383850098 35.4183769226074 35.5900039672852 35.557430267334 35.506275177002 35.3203277587891 34.934139251709 34.4636611938477 34.7802047729492 34.3795318603516 34.7928466796875 34.4963226318359 34.2807388305664 33.6428337097168 33.8629188537598 33.931884765625 33.7062301635742 33.8126564025879 33.1374320983887 31.609790802002 31.2161426544189 31.231409072876 30.6112937927246 30.9237957000732 31.7751750946045 31.5743579864502 31.1989402770996 30.4729404449463 29.8261089324951 31.3903865814209 29.9122734069824 26.247859954834 30.3154850006104 31.6367321014404 30.9243068695068 26.3989238739014 25.5569477081299 25.4232521057129 25.8878784179688 26.6705875396729
34.7095108032227 34.8938369750977 35.4797439575195 35.8826522827148 35.6151542663574 35.455322265625 35.4587287902832 36.1252517700195 35.0030059814453 34.7838478088379 34.9127311706543 34.6609573364258 34.0462799072266 33.9426689147949 34.2491874694824 33.7871360778809 34.5245590209961 34.6065902709961 34.4353675842285 34.5247917175293 34.2400817871094 33.6412811279297 32.9977798461914 33.0526008605957 32.9622039794922 32.8386306762695 32.5618591308594 32.039924621582 31.5402526855469 32.1952934265137 31.5568981170654 31.9404335021973 31.8127098083496 31.8350009918213 31.4648303985596 30.1688175201416 30.8069858551025 30.4349365234375 30.192569732666 31.5715923309326 31.3141422271729 31.4041709899902 26.3651695251465 25.5901031494141 25.9989242553711 26.9214553833008
33.2890930175781 34.5999298095703 35.6028099060059 35.3389549255371 36.0296401977539 35.9853439331055 35.7493934631348 35.3101348876953 35.8489456176758 35.3391952514648 33.9516983032227 34.6228675842285 33.5783653259277 32.8141899108887 33.7620468139648 33.6679534912109 33.1241264343262 33.6938514709473 34.4655609130859 34.2106628417969 34.0688056945801 33.8720092773438 33.7956657409668 33.8009376525879 33.518009185791 33.2038040161133 33.4052734375 32.9694671630859 32.8054885864258 32.5112953186035 32.3092002868652 31.7136325836182 31.7391223907471 32.1522102355957 32.0035591125488 31.9230422973633 32.3379592895508 30.7523975372314 32.1004104614258 32.5687217712402 31.8613262176514 30.4522895812988 25.6470546722412 24.8081474304199 25.4109649658203 26.1511363983154
34.3685150146484 33.3022499084473 34.6801109313965 35.7304153442383 34.8022041320801 34.7742805480957 35.9266090393066 35.185188293457 35.0884552001953 35.3650588989258 34.3711700439453 34.2969169616699 33.2302665710449 32.6606292724609 33.4618377685547 32.4751358032227 32.4369010925293 33.3250350952148 33.357967376709 33.6043167114258 34.0986671447754 34.0261268615723 33.5065650939941 33.5924301147461 33.0060806274414 32.4969253540039 31.9623527526855 32.3164863586426 32.848388671875 31.8929634094238 31.5677261352539 31.0139808654785 31.2567577362061 31.9811935424805 32.2405433654785 32.0102958679199 32.5379371643066 32.608528137207 32.1583976745605 31.6120738983154 31.8233413696289 30.3403968811035 29.2270774841309 26.1950588226318 25.6551570892334 26.4244480133057
34.7491111755371 34.6532554626465 34.73291015625 35.9084625244141 35.2168273925781 35.6379852294922 36.1709365844727 36.1852760314941 36.4027557373047 36.082160949707 35.7983283996582 35.383674621582 33.474666595459 32.8984909057617 33.2587471008301 32.7391662597656 32.435001373291 32.3063545227051 31.6432361602783 32.881462097168 33.6145324707031 34.3690376281738 34.6237716674805 34.0328598022461 32.7783966064453 31.3835010528564 30.7618598937988 31.3688545227051 32.2444648742676 31.8788909912109 31.629566192627 32.4104957580566 32.2806053161621 32.2306251525879 32.9225311279297 32.0519104003906 31.6683826446533 31.7251110076904 32.2354011535645 32.2566337585449 32.627742767334 32.2746086120605 31.1448593139648 30.6621055603027 27.8710136413574 27.50852394104
35.7919540405273 34.5705451965332 34.1416130065918 34.7393112182617 34.9961395263672 35.5797691345215 36.4088516235352 35.6285743713379 36.5077819824219 36.0749435424805 34.8891296386719 35.122745513916 34.214054107666 31.5620708465576 31.8618640899658 31.1572818756104 31.6018028259277 31.0564880371094 32.1049537658691 33.1190757751465 34.2020072937012 33.9820327758789 34.5087890625 34.4308700561523 33.1902389526367 32.0082244873047 30.6546745300293 31.057373046875 32.5575866699219 31.8030548095703 32.0867767333984 32.7864303588867 33.5845108032227 33.5673828125 32.8058471679688 32.4606132507324 31.9769058227539 32.0581970214844 32.7319526672363 32.6994476318359 32.7709503173828 32.6773948669434 32.3842926025391 32.276050567627 30.6030941009521 27.5390892028809
34.7125396728516 34.7524147033691 35.1381568908691 34.7931213378906 35.589958190918 35.4883155822754 36.4038543701172 36.3793334960938 35.3360214233398 35.6462326049805 35.9395599365234 35.2225341796875 34.3291168212891 31.2374458312988 31.7024898529053 31.8153781890869 31.4134922027588 31.7302131652832 31.7393760681152 32.8081245422363 33.9654693603516 33.7189102172852 34.2299995422363 34.3174781799316 33.9238166809082 32.9668197631836 31.902473449707 31.6117744445801 32.3212890625 32.6028366088867 33.2238349914551 33.6680297851562 33.5651397705078 33.5954818725586 33.6922988891602 32.7166061401367 32.0441093444824 31.927375793457 31.9206085205078 32.4091720581055 33.1935844421387 32.7956771850586 31.8359699249268 32.0594062805176 30.9915714263916 30.4317893981934
