inst/extdata/Tmax/Tmax153.asc
NCOLS 100 
NROWS 79 
XLLCORNER 148.06 
YLLCORNER -21.49 
CELLSIZE 0.01 
NODATA_value -3.4e+38 
[rows 20 to 39 of 79, columns 46 to 91 of 100]
38.8218193054199 37.1912536621094 37.3847808837891 38.6857109069824 38.4416275024414 37.8933143615723 37.6276092529297 36.5193214416504 38.2324295043945 39.5807151794434 40.5152130126953 40.0907592773438 40.0551528930664 40.5940132141113 40.2722587585449 40.0010795593262 40.2344436645508 40.7161064147949 40.8344230651855 40.8189277648926 40.7292976379395 40.6091995239258 40.8399314880371 40.8911781311035 40.8255348205566 40.7155342102051 40.6020202636719 40.6069984436035 40.5534133911133 40.2479934692383 40.2641716003418 40.4731140136719 40.366943359375 40.116325378418 40.0911636352539 40.0160980224609 39.9150619506836 39.8838806152344 39.8495788574219 39.8110046386719 39.709400177002 39.5067672729492 38.9389533996582 38.7644653320312 38.9139823913574 38.8740272521973
39.1025733947754 37.1796493530273 36.0738296508789 37.6869354248047 37.5567321777344 37.0229873657227 37.8307609558105 36.046329498291 37.2194938659668 39.1465148925781 40.286792755127 39.0700721740723 38.4630661010742 40.1097602844238 39.0263710021973 38.6717338562012 39.4485778808594 40.6050186157227 40.5952415466309 40.9436950683594 40.9940872192383 40.9727783203125 40.7747077941895 40.4587821960449 40.432544708252 40.455493927002 40.5761795043945 40.5298919677734 40.4309768676758 40.341064453125 40.5607490539551 40.5832290649414 40.5165596008301 40.1825180053711 40.226001739502 40.1443023681641 40.0075378417969 39.9947280883789 39.9814605712891 39.9670791625977 39.7995834350586 39.6572151184082 39.4438323974609 39.2354316711426 39.0955848693848 39.0569686889648
39.6766662597656 39.2236633300781 37.449821472168 36.8360137939453 36.3822937011719 37.4409446716309 36.8770599365234 37.1084785461426 36.5283889770508 37.408275604248 39.4641265869141 39.8207817077637 38.4160385131836 38.7713508605957 38.4424858093262 38.9319686889648 39.8805198669434 40.227165222168 39.0018463134766 40.1340560913086 40.810375213623 40.8549728393555 40.3027229309082 39.5514259338379 40.067211151123 40.0188636779785 40.5187492370605 40.6647491455078 40.382381439209 40.5450630187988 40.6569480895996 40.677864074707 40.6588554382324 40.5771942138672 40.4592628479004 40.260627746582 40.08056640625 39.9488830566406 39.9981842041016 40.0605621337891 39.9132499694824 39.8216857910156 39.5592994689941 39.4313430786133 39.3007125854492 39.3941650390625
39.1036262512207 38.9467124938965 38.3607444763184 37.6037101745605 36.1954040527344 36.875358581543 37.483943939209 37.6664352416992 37.4254913330078 36.9925003051758 38.2445106506348 38.215503692627 39.0353813171387 37.485466003418 38.2592544555664 39.6065521240234 39.5703964233398 39.898380279541 38.6578979492188 40.5040626525879 41.1445999145508 41.0286407470703 40.1826171875 38.9626693725586 40.0499496459961 40.1687660217285 40.2430114746094 40.6330146789551 40.787052154541 40.8227424621582 40.8020362854004 40.808895111084 40.7674560546875 40.6671180725098 40.5567359924316 40.3821754455566 39.9953422546387 39.6746215820312 39.7843170166016 39.9996376037598 39.9335632324219 39.9572868347168 39.7124290466309 39.6743927001953 39.4445877075195 39.4434356689453
37.2654914855957 38.5248718261719 38.8576812744141 38.6251602172852 37.6470909118652 37.0246505737305 37.0233726501465 36.7165794372559 37.5680999755859 37.0429191589355 37.0237121582031 36.566291809082 38.3907318115234 39.1756973266602 38.4102401733398 39.3539161682129 40.0475997924805 40.5562591552734 40.2678413391113 41.1529922485352 41.1190795898438 40.9721374511719 40.3506164550781 39.589599609375 40.2778549194336 40.501091003418 40.2176666259766 40.2871894836426 40.367115020752 40.7889404296875 40.614070892334 40.886058807373 40.757884979248 40.7070121765137 40.6139221191406 40.281307220459 40.1888046264648 39.6673583984375 39.3960456848145 39.7935028076172 39.8780746459961 39.9464912414551 39.7804870605469 39.8222312927246 39.8678207397461 39.7111854553223
35.8488388061523 36.8140563964844 38.0990333557129 38.0192031860352 37.2004127502441 36.4521560668945 36.0699348449707 35.505313873291 36.6710624694824 37.2751197814941 36.7456245422363 36.9714469909668 38.3131370544434 40.0863418579102 39.612922668457 39.6591758728027 39.7904815673828 41.0137023925781 41.0849647521973 41.0585441589355 41.015625 40.7244567871094 39.6022644042969 39.6389083862305 39.7204360961914 40.2637557983398 40.0074996948242 39.4401054382324 39.9920959472656 40.9025382995605 40.8215217590332 40.9105529785156 40.859546661377 40.8193588256836 40.6867446899414 40.5219573974609 40.5254440307617 39.9842720031738 39.5067863464355 39.7862815856934 39.4739685058594 39.5789566040039 39.3154907226562 39.8867378234863 39.9229202270508 39.8425827026367
35.7407073974609 35.5853118896484 36.2887344360352 36.9169120788574 37.589298248291 35.3735084533691 35.1059265136719 35.9340362548828 36.4333534240723 37.1654014587402 37.1704559326172 37.5759048461914 39.2405891418457 40.0646018981934 40.5026473999023 40.6251602172852 40.7379417419434 41.1712532043457 40.8381500244141 40.6757621765137 40.6703491210938 40.2626876831055 40.4166488647461 40.6423950195312 40.6370010375977 40.0685501098633 39.6774024963379 40.4757308959961 40.6903915405273 40.6420516967773 40.119312286377 40.6936492919922 40.8179588317871 40.8768043518066 40.8529014587402 40.7437133789062 40.4475440979004 40.1408004760742 40.1944847106934 39.9658813476562 39.8236770629883 39.3211212158203 39.742919921875 39.9176025390625 39.8084831237793 39.6568145751953
35.925350189209 35.4198303222656 35.7226638793945 35.9662933349609 36.5070190429688 34.820613861084 34.5367164611816 34.9540634155273 36.2478637695312 36.9922523498535 36.4640731811523 37.039363861084 37.9296226501465 39.0422592163086 40.3465843200684 40.0227966308594 40.9932441711426 41.1979866027832 40.5646667480469 39.887523651123 40.4334869384766 40.5990600585938 40.8702087402344 41.0584335327148 41.1407470703125 40.7459869384766 40.7312126159668 41.0298461914062 41.0736923217773 40.4437141418457 40.0177459716797 40.4891738891602 40.5733337402344 40.9210777282715 40.9486122131348 40.8691711425781 40.7249450683594 40.525016784668 40.1603927612305 39.4590682983398 39.2193412780762 39.0943717956543 39.1151123046875 39.6896896362305 39.7000312805176 39.9871978759766
36.806037902832 36.3795166015625 37.1307716369629 36.9790954589844 36.5915832519531 35.1827659606934 35.9633331298828 35.7066040039062 36.0153617858887 36.6076393127441 36.3145294189453 36.5928077697754 36.7290840148926 38.8735771179199 40.0155754089355 39.3392715454102 40.6841468811035 40.9317474365234 40.645076751709 39.6218452453613 39.8344993591309 40.8054351806641 41.1440544128418 41.2411422729492 41.2474708557129 41.1339073181152 41.1352233886719 41.2222785949707 40.8796043395996 40.2427711486816 40.0900344848633 40.667610168457 41.0194778442383 41.0397720336914 41.0210952758789 40.9713821411133 40.9188461303711 40.7875061035156 40.5592041015625 39.5427589416504 38.9869384765625 38.2423934936523 39.0964813232422 39.0595092773438 39.8273506164551 40.0956230163574
38.4070816040039 38.2603378295898 37.6866722106934 37.6299095153809 37.1135292053223 36.6110534667969 36.3198547363281 35.3258018493652 35.9715957641602 35.4661521911621 34.9603614807129 36.2871398925781 36.6285247802734 38.4755554199219 39.3971633911133 38.6775894165039 39.3436546325684 40.0525016784668 40.5458793640137 40.4233131408691 39.9858283996582 40.8454971313477 41.2449111938477 41.0613288879395 41.0272102355957 40.7251281738281 41.0757217407227 41.2755317687988 40.4593505859375 39.6875419616699 40.2462768554688 40.7390823364258 41.032341003418 41.0903854370117 41.0901107788086 41.0137100219727 40.9825134277344 40.8908424377441 40.7174873352051 40.3698844909668 39.7370834350586 39.270191192627 38.859546661377 38.6609153747559 39.4183006286621 39.8052139282227
37.3268089294434 37.33447265625 37.3686599731445 37.0164184570312 36.5402984619141 36.7520484924316 35.8621978759766 35.3460159301758 34.8282699584961 34.9185905456543 34.3046646118164 35.2322311401367 35.2262191772461 37.4504585266113 38.455322265625 37.300178527832 37.8380241394043 39.3315811157227 40.5330467224121 41.0142707824707 40.5555114746094 41.0852699279785 41.2542457580566 40.8932266235352 40.8657989501953 40.9504814147949 41.3412971496582 41.3097114562988 40.8237113952637 40.2228317260742 40.5207824707031 40.754280090332 41.1149444580078 41.1247634887695 41.0727844238281 41.0168037414551 41.0022048950195 40.9251899719238 40.850471496582 40.6606101989746 40.4038238525391 39.8992576599121 39.5341873168945 39.4731216430664 39.6465225219727 39.9654922485352
36.6015396118164 36.8698348999023 36.76123046875 36.7203750610352 35.8221893310547 36.6099891662598 35.6493759155273 34.3877029418945 33.7804069519043 34.1744194030762 33.823917388916 34.514476776123 35.3130378723145 37.1870231628418 37.4986228942871 37.119514465332 39.1839866638184 40.0703125 40.7400283813477 41.1552925109863 41.3676910400391 41.4062347412109 41.3455848693848 41.2567710876465 41.0543632507324 41.2848167419434 41.3842849731445 41.2745742797852 40.9321022033691 40.3495330810547 40.396728515625 40.901237487793 41.077033996582 40.6594009399414 40.9718017578125 41.0413398742676 41.0100593566895 40.9663963317871 40.9103507995605 40.7952995300293 40.5003623962402 39.8071250915527 40.0868911743164 40.1010437011719 39.9960327148438 39.8910636901855
35.9212493896484 36.2303848266602 36.0745277404785 36.3521919250488 36.444995880127 36.4360389709473 36.0631484985352 34.9361801147461 35.0343551635742 35.1397819519043 34.0893173217773 33.8871650695801 34.8558540344238 37.1230316162109 37.6467018127441 38.1481590270996 38.2095336914062 39.0224151611328 40.7315368652344 41.2469673156738 41.387134552002 41.3360023498535 41.1942977905273 41.1419982910156 41.2687225341797 41.3129539489746 41.281566619873 40.9275169372559 40.0747718811035 40.2241592407227 40.4863586425781 41.1809539794922 40.9348907470703 40.4213638305664 41.0156478881836 40.9265060424805 40.9394989013672 40.9698791503906 40.8678245544434 40.6009063720703 40.042797088623 38.8679008483887 38.6120109558105 39.5522308349609 39.8584175109863 40.0829277038574
36.6284103393555 36.1445465087891 35.9855651855469 36.1585464477539 36.3012275695801 36.1996536254883 35.7427864074707 35.3598861694336 35.9520530700684 35.2500076293945 35.0957412719727 35.0860900878906 35.8936347961426 37.0502395629883 37.2125053405762 37.9376182556152 38.9059371948242 39.9899864196777 40.8310394287109 41.1928672790527 41.4597511291504 41.4304580688477 40.9833335876465 40.7205123901367 40.9170227050781 40.7677726745605 40.8528747558594 40.993537902832 40.88818359375 40.8656005859375 41.1081581115723 41.3348083496094 40.77880859375 40.692440032959 41.1870384216309 40.7147560119629 40.8195266723633 40.7672348022461 40.8165588378906 40.5366401672363 39.2112350463867 38.5110206604004 37.9413032531738 39.5786628723145 40.0663414001465 39.8720245361328
37.0675926208496 35.8457260131836 35.801025390625 35.9191246032715 36.0640487670898 35.9108963012695 35.9356117248535 36.5014152526855 36.1389198303223 35.3647422790527 36.5042419433594 36.9731483459473 37.1635246276855 36.5323905944824 36.5587692260742 37.6085319519043 38.8782119750977 40.1485404968262 40.2326316833496 40.9614791870117 41.3438301086426 41.3555107116699 40.9261779785156 40.7038192749023 39.9756050109863 40.468921661377 40.9277381896973 41.0564498901367 41.2568397521973 41.2581214904785 41.3825416564941 41.3242301940918 41.2861518859863 41.3015060424805 41.2514762878418 41.0050048828125 40.1534843444824 40.6768417358398 40.8293647766113 40.7705192565918 40.6968002319336 39.5498085021973 39.3895797729492 40.5504264831543 40.7744789123535 40.7141227722168
37.1301879882812 36.1195297241211 35.7744483947754 35.7033348083496 35.9220390319824 35.7194175720215 36.4127502441406 38.0837135314941 37.2020149230957 36.5069770812988 38.3815116882324 39.0545654296875 38.6762313842773 36.6922988891602 37.109691619873 37.2073860168457 39.1400413513184 39.2036514282227 39.0789680480957 39.951587677002 40.9820137023926 41.1838531494141 40.8872718811035 40.8761711120605 40.754638671875 40.426685333252 40.4895935058594 40.6171417236328 41.2277374267578 41.1904640197754 41.2338829040527 41.0589065551758 41.2288398742676 41.3485870361328 41.0829772949219 41.0322189331055 40.4237365722656 40.5249137878418 40.7538070678711 40.5961418151855 40.9269371032715 40.9146919250488 40.8153648376465 40.838191986084 40.9192047119141 40.7749633789062
36.8477172851562 36.1832046508789 35.9714584350586 36.1611404418945 36.0975608825684 36.1812133789062 36.6197052001953 38.7791938781738 38.9667320251465 37.6238861083984 39.5813522338867 40.4969711303711 39.8046684265137 38.609203338623 38.5369644165039 39.1203384399414 39.7758026123047 40.2159996032715 40.5127830505371 40.7930145263672 40.9660911560059 40.7208976745605 39.4676322937012 39.7339096069336 40.2265090942383 39.8541374206543 40.0500717163086 40.8258743286133 41.1587982177734 41.3335876464844 40.3391456604004 40.3151664733887 41.0445709228516 41.2982330322266 40.8618431091309 40.8536834716797 40.1244812011719 40.5824165344238 40.7512016296387 40.6095809936523 40.9853858947754 41.0460777282715 41.0542335510254 41.0388946533203 40.9772186279297 40.6678924560547
36.8791351318359 36.4717903137207 36.4308547973633 36.5898246765137 36.7898559570312 36.9177017211914 37.7489013671875 39.4846382141113 39.3708152770996 38.8988647460938 40.2609901428223 41.3094825744629 40.5345878601074 39.4363212585449 38.906421661377 40.5424118041992 40.8764572143555 41.0657844543457 41.247745513916 41.2663078308105 40.8571739196777 40.6109962463379 40.7059860229492 40.1904296875 40.4971122741699 40.904354095459 41.094310760498 41.1591300964355 41.3408355712891 41.2714805603027 39.7650871276855 40.4262199401855 41.1784820556641 41.0987930297852 40.7027549743652 40.6326370239258 40.4774322509766 40.9244194030762 40.9382019042969 40.933780670166 40.8758773803711 41.0081100463867 41.0387725830078 41.0359420776367 40.9596672058105 40.8853149414062
36.8449897766113 36.5473594665527 37.1082153320312 37.885440826416 38.0033683776855 38.4645881652832 39.5542907714844 40.1569366455078 39.5680656433105 39.9444808959961 41.2845878601074 41.752613067627 41.2393264770508 40.2700080871582 39.5364608764648 40.5261535644531 40.521598815918 40.7975540161133 41.4751663208008 41.6528244018555 41.3501014709473 41.0350685119629 41.3405609130859 41.159839630127 41.0348091125488 41.4361152648926 41.3380088806152 41.2582015991211 41.4841156005859 41.2746543884277 40.6812362670898 41.1025810241699 41.2506942749023 40.9663848876953 40.1006088256836 40.0315361022949 40.3220748901367 40.9689826965332 40.6960029602051 40.6659660339355 40.6536483764648 40.9029312133789 40.875129699707 40.9191436767578 40.7793807983398 40.8665657043457
36.9024925231934 37.0980262756348 38.2638816833496 39.0198440551758 39.7199592590332 40.631534576416 41.242733001709 40.5769348144531 38.7031402587891 39.3301734924316 40.7846031188965 41.8026962280273 41.4020462036133 41.0841674804688 40.2266654968262 41.1359329223633 41.2722473144531 40.6932830810547 41.4126510620117 41.7236022949219 41.6461563110352 41.2438888549805 41.5457611083984 41.6337394714355 41.4880752563477 41.5418701171875 41.3675231933594 40.6665306091309 41.3957366943359 41.5144081115723 41.4059410095215 41.2980308532715 41.0016479492188 40.6824073791504 39.8937187194824 39.9148750305176 40.6033630371094 40.5339279174805 40.3923835754395 40.2099342346191 40.3129806518555 40.5807418823242 40.3933792114258 40.7087173461914 40.280632019043 40.6023445129395
