inst/extdata/Tmax/Tmax129.asc
NCOLS 100 
NROWS 79 
XLLCORNER 148.06 
YLLCORNER -21.49 
CELLSIZE 0.01 
NODATA_value -3.4e+38 
[rows 20 to 39 of 79, columns 46 to 91 of 100]
40.3904190063477 38.5151748657227 38.7292251586914 40.2665634155273 39.9664192199707 39.3005065917969 39.0335083007812 37.8807106018066 39.7773208618164 41.5630531311035 42.8335762023926 42.2884368896484 42.261890411377 43.0008087158203 42.592170715332 42.2612266540527 42.5921974182129 43.2557907104492 43.4349746704102 43.4347457885742 43.3438148498535 43.2032661437988 43.5323486328125 43.6206130981445 43.553897857666 43.4382362365723 43.3091049194336 43.3387985229492 43.2894325256348 42.902473449707 42.9521789550781 43.2475891113281 43.1190986633301 42.7946357727051 42.7859382629395 42.7248458862305 42.6189575195312 42.6012725830078 42.5738983154297 42.5328140258789 42.422248840332 42.2142944335938 41.533935546875 41.3667068481445 41.5971336364746 41.5680274963379
40.7211532592773 38.4999885559082 37.3588714599609 39.0535278320312 38.9288902282715 38.3822822570801 39.2422790527344 37.3825607299805 38.6240310668945 40.9538345336914 42.4873428344727 40.9019737243652 40.1304931640625 42.3119697570801 40.9056701660156 40.4713096618652 41.5078125 43.0586929321289 43.0650672912598 43.5505065917969 43.6458892822266 43.6359176635742 43.3886032104492 42.9870491027832 42.9729423522949 43.0328140258789 43.2142143249512 43.1723251342773 43.0591011047363 42.9572105407715 43.2751007080078 43.3187103271484 43.240161895752 42.8088798522949 42.8917503356934 42.8148651123047 42.6545944213867 42.6547470092773 42.6491165161133 42.6370315551758 42.4603805541992 42.3160705566406 42.0753784179688 41.8333015441895 41.6661605834961 41.6297492980957
41.4369277954102 40.8603820800781 38.7900428771973 38.1601905822754 37.6977920532227 38.8165893554688 38.2373657226562 38.4912605285645 37.8943901062012 38.8298110961914 41.3598251342773 41.8484764099121 40.031982421875 40.5130043029785 40.1056823730469 40.769172668457 42.0314521789551 42.5082473754883 40.9179916381836 42.4213676452637 43.3468856811523 43.4238586425781 42.7073402404785 41.7379951477051 42.4344940185547 42.397819519043 43.0778427124023 43.2900161743164 42.9300689697266 43.1616516113281 43.3332977294922 43.3729438781738 43.3562507629395 43.2675132751465 43.1301116943359 42.892707824707 42.6692581176758 42.5079116821289 42.5816879272461 42.6833953857422 42.5289573669434 42.4376945495605 42.1179046630859 41.9681358337402 41.8069343566895 41.9403800964355
40.6453285217285 40.4578247070312 39.7375259399414 38.9579315185547 37.5003852844238 38.220386505127 38.8683547973633 39.0714302062988 38.8302040100098 38.3871002197266 39.7297973632812 39.7113342285156 40.7928009033203 38.9536094665527 39.8246765136719 41.6026229858398 41.5734710693359 42.0216979980469 40.422046661377 42.8559646606445 43.7367782592773 43.5991592407227 42.4917449951172 40.9176254272461 42.3525924682617 42.5339965820312 42.6480522155762 43.1804847717285 43.4007034301758 43.4613838195801 43.4540214538574 43.4727745056152 43.4307060241699 43.3142166137695 43.1834564208984 42.9742584228516 42.4746322631836 42.0645942687988 42.2163467407227 42.5235633850098 42.4683036804199 42.5223731994629 42.2163047790527 42.1780967712402 41.8832092285156 41.8910064697266
38.5694046020508 39.8929786682129 40.3268661499023 40.0439262390137 39.0110702514648 38.373046875 38.3824577331543 38.0725440979004 38.9750518798828 38.435489654541 38.4275970458984 37.9586181640625 39.9196929931641 40.954460144043 39.9812431335449 41.2299423217773 42.1553802490234 42.8439254760742 42.4785690307617 43.6724166870117 43.6529083251953 43.4728393554688 42.6633758544922 41.6826324462891 42.5995254516602 42.9180526733398 42.5582084655762 42.6632499694824 42.7811660766602 43.3525733947754 43.1377105712891 43.5102920532227 43.3546142578125 43.3017158508301 43.1914825439453 42.769775390625 42.6576156616211 41.984001159668 41.6506385803223 42.182056427002 42.3182601928711 42.4238815307617 42.2178649902344 42.2801284790039 42.3437194824219 42.1463279724121
37.1012268066406 38.1088371276855 39.456615447998 39.3846549987793 38.5414047241211 37.7736473083496 37.3861389160156 36.8098106384277 38.0318260192871 38.6742362976074 38.1315460205078 38.378662109375 39.7999801635742 42.1044616699219 41.5009613037109 41.5859146118164 41.7739372253418 43.4059677124023 43.5168037414551 43.4977645874023 43.4651184082031 43.0927886962891 41.6346130371094 41.6979675292969 41.81884765625 42.5506286621094 42.2279777526855 41.5041770935059 42.2314186096191 43.4431190490723 43.3518981933594 43.4834098815918 43.4289283752441 43.3883361816406 43.2225723266602 43.0213470458984 43.033992767334 42.3310470581055 41.7307968139648 42.1050567626953 41.7243118286133 41.8695220947266 41.5410232543945 42.2813911437988 42.3303871154785 42.2685394287109
36.9892539978027 36.8379440307617 37.5725173950195 38.233325958252 38.9434661865234 36.6545829772949 36.3871078491211 37.2520523071289 37.7804908752441 38.5547409057617 38.5717277526855 39.0074501037598 40.9432144165039 42.0342254638672 42.6267547607422 42.8126335144043 42.9771957397461 43.570068359375 43.1410751342773 42.9410552978516 42.9574508666992 42.4345703125 42.6514892578125 42.9631271362305 42.969108581543 42.2428932189941 41.7467880249023 42.7994232177734 43.092716217041 43.0371742248535 42.3672294616699 43.1353302001953 43.3129692077637 43.4029922485352 43.3808097839355 43.2516288757324 42.8640632629395 42.4749412536621 42.5585174560547 42.2727813720703 42.1065864562988 41.4732093811035 42.0163116455078 42.2481651306152 42.1358337402344 41.9799613952637
37.1786270141602 36.6673851013184 36.9870643615723 37.2468605041504 37.8152618408203 36.084831237793 35.8013305664062 36.2376823425293 37.5844230651855 38.369441986084 37.8292579650879 38.4399032592773 39.3834114074707 40.6645851135254 42.3782005310059 41.9765548706055 43.2720603942871 43.5604400634766 42.7336463928223 41.8612213134766 42.5979537963867 42.8299865722656 43.2022171020508 43.4654922485352 43.5876235961914 43.0817031860352 43.0728225708008 43.4796562194824 43.5470314025879 42.7194671630859 42.1826782226562 42.8088417053223 42.9301567077637 43.401538848877 43.4468002319336 43.3561134338379 43.1729965209961 42.9196548461914 42.452392578125 41.5629501342773 41.2761650085449 41.1269721984863 41.1624374389648 41.9093856811523 41.9487419128418 42.3618316650391
38.0851211547852 37.6538124084473 38.4399795532227 38.2922973632812 37.9000434875488 36.4555511474609 37.2685241699219 37.0116767883301 37.3397560119629 37.9639091491699 37.6691741943359 37.9682006835938 38.1198043823242 40.4049377441406 41.8978462219238 41.0430870056152 42.8129005432129 43.1551551818848 42.7899284362793 41.468635559082 41.7657508850098 43.0498352050781 43.5121879577637 43.6537628173828 43.6732749938965 43.540454864502 43.5517539978027 43.677059173584 43.2274360656738 42.3997840881348 42.2200393676758 42.9840240478516 43.4606475830078 43.4958572387695 43.4779739379883 43.4265937805176 43.3677253723145 43.2028732299805 42.9094047546387 41.6073989868164 40.9257965087891 40.0191116333008 41.0933570861816 41.068359375 42.0583724975586 42.4447822570801
39.7411346435547 39.5992202758789 39.0138702392578 38.9648094177246 38.4385375976562 37.9278411865234 37.6351737976074 36.6172332763672 37.291934967041 36.777759552002 36.2649154663086 37.6460380554199 38.0103759765625 39.9520988464355 41.0566711425781 40.186408996582 41.0252876281738 41.957160949707 42.6155891418457 42.4678649902344 41.9184608459473 43.0559349060059 43.5983924865723 43.3642463684082 43.329029083252 42.9471664428711 43.4202346801758 43.695068359375 42.6222991943359 41.6362724304199 42.3722915649414 43.0249557495117 43.4218368530273 43.5064468383789 43.5120315551758 43.4272994995117 43.3955268859863 43.282096862793 43.0592155456543 42.6086921691895 41.816349029541 41.247917175293 40.758171081543 40.5343017578125 41.4897956848145 42.0096549987793
38.6196632385254 38.636848449707 38.6815338134766 38.3261299133301 37.8426551818848 38.0713119506836 37.160285949707 36.6366119384766 36.1123275756836 36.212272644043 35.5906257629395 36.5507278442383 36.552131652832 38.8728446960449 39.9342765808105 38.7359313964844 39.3089485168457 40.9854850769043 42.5556755065918 43.2019920349121 42.6173706054688 43.3273124694824 43.5628967285156 43.0935401916504 43.0666351318359 43.195556640625 43.7241821289062 43.6888771057129 43.050895690918 42.276725769043 42.6795196533203 42.9927978515625 43.477783203125 43.4969100952148 43.4336776733398 43.3767852783203 43.3658256530762 43.2705574035645 43.1775703430176 42.9390029907227 42.6264152526855 41.9936218261719 41.55029296875 41.4908790588379 41.7254333496094 42.1580276489258
37.8701705932617 38.1550216674805 38.0516090393066 38.0180053710938 37.1009826660156 37.9218978881836 36.9395065307617 35.6541366577148 35.0422096252441 35.44970703125 35.0993690490723 35.8112564086914 36.6393966674805 38.5924758911133 38.9269714355469 38.5412826538086 40.7443237304688 41.8986930847168 42.784740447998 43.344612121582 43.6472091674805 43.7091789245605 43.6379890441895 43.528694152832 43.268310546875 43.5912437438965 43.7315483093262 43.5912666320801 43.1454925537109 42.3933334350586 42.4698333740234 43.1356048583984 43.3743438720703 42.8289413452148 43.2473220825195 43.3561744689941 43.3218460083008 43.269947052002 43.2084884643555 43.0708084106445 42.7057228088379 41.8319969177246 42.2010231018066 42.2343406677246 42.1158409118652 42.0052528381348
37.1710586547852 37.4957313537598 37.3435325622559 37.636791229248 37.7404098510742 37.7400856018066 37.363712310791 36.2139701843262 36.3214416503906 36.4365997314453 35.3694114685059 35.1697006225586 36.1668968200684 38.5208168029785 39.0757827758789 39.6100006103516 39.6835632324219 40.5428047180176 42.7314186096191 43.4225234985352 43.6282157897949 43.5696868896484 43.3902740478516 43.3295249938965 43.5059013366699 43.5807151794434 43.5453071594238 43.0839080810547 41.9864158630371 42.1860961914062 42.5386657714844 43.4561767578125 43.1352462768555 42.4723663330078 43.2549896240234 43.1522445678711 43.1754608154297 43.2286796569824 43.1065063476562 42.7688598632812 42.071460723877 40.6271362304688 40.3299179077148 41.4944610595703 41.8888702392578 42.1934661865234
37.8950271606445 37.4063529968262 37.250919342041 37.435905456543 37.590202331543 37.4941825866699 37.0321273803711 36.6464881896973 37.2621459960938 36.5478324890137 36.3972206115723 36.394214630127 37.2329063415527 38.4396438598633 38.6169281005859 39.3827285766602 40.402717590332 41.7111167907715 42.8150901794434 43.3021583557129 43.6752510070801 43.6453819274902 43.0614585876465 42.7253608703613 42.9899559020996 42.8094253540039 42.927303314209 43.1199111938477 42.989086151123 42.9663734436035 43.2994155883789 43.6060562133789 42.8769187927246 42.7714614868164 43.4275245666504 42.8211669921875 42.9691123962402 42.9120750427246 42.9881553649902 42.634765625 40.9899482727051 40.1977920532227 39.6097145080566 41.4764976501465 42.0951118469238 41.8666343688965
38.3450088500977 37.0998268127441 37.0612487792969 37.1892967224121 37.3451385498047 37.1959953308105 37.228630065918 37.8183250427246 37.4524421691895 36.6640625 37.8454360961914 38.3387641906738 38.5444717407227 37.8979415893555 37.9330558776855 39.0334701538086 40.3660049438477 41.8770599365234 41.9964790344238 42.9549751281738 43.4775161743164 43.5016479492188 42.9431304931641 42.6605377197266 41.730052947998 42.3777770996094 42.9816360473633 43.1578674316406 43.4293098449707 43.4370994567871 43.6166305541992 43.5436134338379 43.4986724853516 43.5256309509277 43.4665336608887 43.1592826843262 42.0720024108887 42.7512969970703 42.9601707458496 42.8935241699219 42.8156089782715 41.3763008117676 41.1897811889648 42.6544914245605 42.9586067199707 42.8963470458984
38.4078483581543 37.3792266845703 37.0335121154785 36.9677467346191 37.1984176635742 36.9985618591309 37.7172088623047 39.4511184692383 38.5468063354492 37.8368301391602 39.787467956543 40.4957389831543 40.1115913391113 38.0596733093262 38.5001983642578 38.610595703125 40.630916595459 40.7059364318848 40.5848731994629 41.6070175170898 42.9579696655273 43.2316589355469 42.8501358032227 42.8428955078125 42.6913108825684 42.2819290161133 42.3708343505859 42.5426483154297 43.3458709716797 43.302188873291 43.3726005554199 43.1466979980469 43.3768081665039 43.5438957214355 43.2020378112793 43.1532783508301 42.3750114440918 42.5134048461914 42.8176460266113 42.6227378845215 43.0708160400391 43.0640411376953 42.9416160583496 42.9800491333008 43.0960960388184 42.9200744628906
38.1166458129883 37.4436454772949 37.2341842651367 37.4351196289062 37.3770294189453 37.4704055786133 37.9280090332031 40.167308807373 40.37060546875 38.9877395629883 41.0269012451172 42.1770401000977 41.2961158752441 40.0445289611816 39.9779891967773 40.5940742492676 41.313304901123 41.8883895874023 42.2812118530273 42.6541938781738 42.896427154541 42.5849304199219 41.0144195556641 41.3357810974121 41.970272064209 41.5119934082031 41.7689819335938 42.7711296081543 43.2114295959473 43.4469032287598 42.1697959899902 42.1456413269043 43.0928039550781 43.4360771179199 42.872989654541 42.8787803649902 41.9572219848633 42.5459632873535 42.7713165283203 42.5967597961426 43.1012725830078 43.1897087097168 43.2084846496582 43.1952781677246 43.1196746826172 42.7244567871094
38.1476974487305 37.7379341125488 37.7030868530273 37.872989654541 38.0854187011719 38.2248764038086 39.0890655517578 40.8927268981934 40.7838706970215 40.3038444519043 41.8245124816895 43.2050857543945 42.201961517334 40.8966331481934 40.3553085327148 42.2523574829102 42.6966361999512 42.9536628723145 43.2016716003418 43.2344512939453 42.7146873474121 42.4032516479492 42.5334434509277 41.8782386779785 42.2782173156738 42.8191452026367 43.0733222961426 43.1640701293945 43.4083862304688 43.3215637207031 41.4061737060547 42.2494621276855 43.2294044494629 43.1335334777832 42.6286201477051 42.5542182922363 42.3642654418945 42.9461822509766 42.9715232849121 42.9729347229004 42.9119110107422 43.0918235778809 43.1383934020996 43.140495300293 43.0441932678223 42.9578971862793
38.1112823486328 37.8139152526855 38.395336151123 39.2016830444336 39.3310737609863 39.8157501220703 40.9501342773438 41.6078567504883 40.9818687438965 41.3798065185547 43.1194343566895 43.7515525817871 43.0814933776855 41.8313598632812 41.0012359619141 42.1900634765625 42.1940765380859 42.5607147216797 43.4575119018555 43.7013473510742 43.3159217834473 42.9097671508789 43.3167991638184 43.0854835510254 42.9295806884766 43.4705848693848 43.3471374511719 43.2476234436035 43.5503234863281 43.2783050537109 42.5253486633301 43.0780754089355 43.2802581787109 42.917366027832 41.8250427246094 41.753662109375 42.1252403259277 42.9578094482422 42.6124954223633 42.5801048278809 42.5769805908203 42.9029922485352 42.8715591430664 42.9328384399414 42.7542953491211 42.8772163391113
38.1690711975098 38.376163482666 39.5806312561035 40.3674926757812 41.0981407165527 42.1642227172852 42.9751853942871 42.1175765991211 40.0825042724609 40.738883972168 42.4294738769531 43.7817192077637 43.2597465515137 42.8519668579102 41.7517738342285 42.9468994140625 43.1348342895508 42.3889770507812 43.3363800048828 43.756233215332 43.6687126159668 43.144115447998 43.5480575561523 43.6712226867676 43.4848365783691 43.5704460144043 43.3457984924316 42.4417190551758 43.3925552368164 43.5572814941406 43.430419921875 43.2964515686035 42.9178428649902 42.5152969360352 41.5320014953613 41.5729598999023 42.4428787231445 42.3612937927246 42.1890907287598 41.9671287536621 42.1070022583008 42.4475784301758 42.2157821655273 42.6164321899414 42.0811157226562 42.4910469055176
