inst/extdata/Tmax/Tmax108.asc
NCOLS 100 
NROWS 79 
XLLCORNER 148.06 
YLLCORNER -21.49 
CELLSIZE 0.01 
NODATA_value -3.4e+38 
[rows 40 to 59 of 79, columns 46 to 91 of 100]
29.5599479675293 30.5880317687988 31.057487487793 32.008373260498 33.7272911071777 34.7806091308594 34.331615447998 32.3749694824219 32.0199203491211 32.7666053771973 33.3440208435059 35.2090339660645 34.8472366333008 35.1093139648438 34.2716331481934 35.3674736022949 35.5976219177246 35.3361282348633 35.4758644104004 35.615062713623 35.6604080200195 34.736141204834 35.1810111999512 35.548526763916 35.6764984130859 35.7694854736328 35.7038879394531 35.3492202758789 35.5769119262695 35.8127746582031 35.8063049316406 35.6898994445801 35.3962249755859 34.1163673400879 34.4469032287598 35.2009124755859 35.1424407958984 35.0811958312988 35.3670997619629 34.826789855957 34.0793800354004 34.6278343200684 34.9991455078125 34.8179779052734 35.1325149536133 35.2082214355469
30.9034538269043 32.1480369567871 32.0937919616699 32.0807418823242 33.748348236084 35.0620231628418 33.9213066101074 33.541187286377 34.1987342834473 34.3213005065918 34.7352142333984 35.4955139160156 35.4122123718262 35.4642753601074 35.3476524353027 35.7018165588379 35.7773017883301 35.7444000244141 35.7349510192871 35.7907791137695 35.8028182983398 35.3119964599609 34.6240310668945 35.0312728881836 34.9854927062988 35.524284362793 35.8684043884277 35.4261131286621 35.4497985839844 35.8787002563477 35.9418487548828 35.8958625793457 35.7630233764648 35.1786804199219 35.4623489379883 35.5366973876953 35.3546600341797 35.3829193115234 35.5226936340332 35.682731628418 34.7187194824219 34.9926719665527 35.6588363647461 35.4918594360352 35.6603622436523 35.6270027160645
33.3818359375 33.600212097168 33.8219604492188 34.3536911010742 34.7309188842773 35.2601737976074 34.8592720031738 34.3393669128418 34.9100227355957 35.360107421875 35.3068046569824 35.6645088195801 35.7339515686035 35.6879386901855 35.6943397521973 35.813663482666 35.8591804504395 35.8693656921387 35.8710556030273 35.8936614990234 35.8344116210938 34.9257316589355 34.7547378540039 35.3024482727051 34.8045310974121 35.3000373840332 35.7807769775391 35.7164993286133 35.6931915283203 35.9787063598633 36.028694152832 36.0558662414551 36.0486907958984 35.968017578125 35.9015693664551 35.602481842041 34.6916656494141 35.3448448181152 35.9163017272949 35.9413223266602 35.8407516479492 35.8126754760742 35.959831237793 36.0229644775391 36.090705871582 36.0613555908203
34.6509590148926 34.7054100036621 34.8742561340332 35.0579643249512 35.3337059020996 35.4443092346191 35.3930854797363 35.1878852844238 35.3989677429199 35.6559944152832 35.688304901123 35.773136138916 35.785457611084 35.7818069458008 35.8355941772461 35.8403053283691 35.8085136413574 35.8176040649414 35.8826484680176 35.9446487426758 35.9298515319824 35.7271690368652 35.5065078735352 35.7145080566406 35.6122207641602 35.1946334838867 35.5210266113281 35.8253059387207 36.0100364685059 36.0633163452148 36.0864906311035 36.1106986999512 36.1128044128418 36.1026077270508 36.1266021728516 36.0104522705078 35.5615310668945 35.9048919677734 36.1121253967285 36.1250915527344 36.1179618835449 36.1438331604004 36.1578941345215 36.2012825012207 36.2337989807129 36.2260284423828
34.4492111206055 34.7619094848633 35.0665092468262 35.1084365844727 35.1994171142578 35.3549270629883 35.4418487548828 35.5463790893555 35.6086769104004 35.5848007202148 35.404670715332 35.5494079589844 35.5056076049805 35.2736511230469 35.4930305480957 35.660816192627 35.5796546936035 35.7242851257324 35.8501205444336 35.9294204711914 35.9715805053711 35.8756713867188 35.5938415527344 35.3658294677734 35.6259346008301 35.8304748535156 35.9103775024414 35.9842720031738 36.0228729248047 36.0856056213379 36.0947494506836 36.1152954101562 36.1028823852539 36.0928497314453 36.1493148803711 36.1190414428711 36.1272850036621 36.1509742736816 36.1233024597168 36.1519470214844 36.1539268493652 36.168628692627 36.198902130127 36.2129364013672 36.1479072570801 36.1979484558105
32.5456962585449 33.4040870666504 33.8834953308105 34.1443328857422 34.5652122497559 34.9424209594727 34.9195938110352 35.1605186462402 35.191951751709 35.0576133728027 34.2901153564453 34.3395614624023 34.455436706543 32.9117317199707 33.9603424072266 34.8009490966797 35.3996200561523 35.7692260742188 35.8896675109863 35.9433135986328 35.9782485961914 35.8347587585449 35.427303314209 35.0833892822266 35.3936157226562 35.6923408508301 35.8542785644531 35.8724212646484 35.9679908752441 36.0687446594238 36.0965538024902 36.1236343383789 36.1329460144043 36.1525001525879 36.1487007141113 36.0796890258789 36.0973930358887 36.117977142334 36.1172790527344 36.137077331543 36.1333694458008 36.1520881652832 36.1692848205566 36.1462173461914 36.1665458679199 36.2128372192383
30.0047779083252 31.3760852813721 31.3063926696777 31.3052959442139 32.7445602416992 33.3385467529297 33.4999618530273 33.8118934631348 34.3265647888184 33.7047462463379 33.0209503173828 32.4377212524414 33.1795539855957 33.0755958557129 33.5833892822266 34.836353302002 35.5740585327148 35.7967529296875 35.8603248596191 35.8702392578125 35.9451026916504 35.9914855957031 35.6011657714844 35.2784767150879 35.1961364746094 35.5063171386719 35.7498550415039 35.8947677612305 36.0263290405273 36.0742073059082 36.1179313659668 36.1549987792969 36.1743049621582 36.1722602844238 36.1209678649902 36.0876007080078 36.1106605529785 36.1342506408691 36.1475715637207 36.1606407165527 36.1559753417969 36.1788597106934 36.20263671875 36.197208404541 36.216609954834 36.1315383911133
30.1186008453369 30.0734844207764 29.8982448577881 30.0110721588135 29.9783000946045 30.836540222168 32.2089157104492 32.9445571899414 33.171199798584 33.0693054199219 33.667350769043 33.5215606689453 33.3832550048828 34.0341110229492 34.3774375915527 35.3185005187988 35.6105041503906 35.6688346862793 35.6355934143066 35.788745880127 35.9358711242676 36.0184097290039 35.9071044921875 35.6284217834473 35.2359161376953 35.5419158935547 35.7695274353027 35.9630508422852 36.0627670288086 36.1282920837402 36.1625213623047 36.1742248535156 36.1384429931641 36.0930671691895 36.0604515075684 36.0614700317383 36.1020622253418 36.1451301574707 36.1636009216309 36.1774520874023 36.1865119934082 36.2158737182617 36.2361297607422 36.2418098449707 36.0722961425781 35.8806648254395
29.7247486114502 29.8346538543701 30.1006908416748 29.8265132904053 29.7574882507324 29.8952884674072 30.8612365722656 32.6549987792969 33.2620811462402 33.4840469360352 33.3385009765625 33.5702896118164 33.9139404296875 34.2545509338379 34.3485412597656 34.9366760253906 35.3594245910645 35.3896713256836 35.4136238098145 35.7500686645508 35.885555267334 35.9361686706543 36.0515251159668 35.9999313354492 35.9160766601562 35.9119567871094 36.0291633605957 36.1256294250488 36.161750793457 36.1930046081543 36.1898880004883 36.1538696289062 36.099739074707 35.9994430541992 35.9878158569336 36.0711288452148 36.1098175048828 36.1566505432129 36.2017135620117 36.2159118652344 36.2405395507812 36.2670478820801 36.2796325683594 36.293384552002 36.1706161499023 36.065258026123
29.805965423584 29.9933261871338 30.0290927886963 29.7066612243652 30.2724857330322 31.2090549468994 31.3600082397461 32.7363548278809 33.2800521850586 33.531421661377 33.3614616394043 33.9014167785645 34.2294273376465 34.266731262207 34.3950347900391 34.3183250427246 34.4534759521484 34.7298431396484 35.1485061645508 35.5429916381836 35.6721076965332 35.7224273681641 35.9960823059082 36.0749282836914 36.1222305297852 36.1290092468262 36.1335487365723 35.9953422546387 36.0870246887207 36.183650970459 36.1698341369629 36.0877571105957 36.0741844177246 35.9101829528809 35.8744354248047 36.0813598632812 36.1123428344727 36.1253051757812 36.2137336730957 36.2498168945312 36.257007598877 36.2910194396973 36.3053817749023 36.3100051879883 36.2712173461914 36.2292633056641
29.8466415405273 29.7270622253418 29.9626331329346 29.665864944458 30.4028873443604 31.6261920928955 32.0403366088867 32.7029609680176 33.4929313659668 34.0037384033203 34.0543899536133 34.21630859375 34.3267593383789 34.3920936584473 34.4132690429688 34.3877563476562 34.4909439086914 34.2398719787598 33.9013328552246 35.1374549865723 35.0500450134277 35.5365600585938 35.9051475524902 35.9976081848145 36.079662322998 36.0923080444336 36.0508117675781 35.8621253967285 36.0409736633301 36.173038482666 36.0345458984375 35.8994064331055 35.9455528259277 35.9558982849121 36.0184860229492 36.1268463134766 36.1642684936523 36.1801338195801 36.2085113525391 36.2724075317383 36.296070098877 36.3106384277344 36.3195114135742 36.3197937011719 36.3128852844238 36.2525825500488
29.3903293609619 29.36741065979 29.7780075073242 29.1156597137451 29.2812652587891 31.4849472045898 32.3515510559082 33.0669784545898 33.4648170471191 33.8012008666992 33.898681640625 33.9388275146484 33.7618675231934 33.7968826293945 34.1163063049316 34.2872581481934 34.6756744384766 34.6324310302734 34.4718971252441 34.551441192627 34.413688659668 35.2794761657715 35.7310981750488 35.9405479431152 35.9808654785156 36.0249214172363 35.7038497924805 35.3588523864746 36.0039939880371 36.1668090820312 35.9151344299316 35.6429672241211 35.9289970397949 36.0093231201172 36.0700531005859 36.0665664672852 36.0942192077637 36.12841796875 36.1805686950684 36.2009353637695 36.2412796020508 36.3067245483398 36.3271942138672 36.330379486084 36.3271980285645 36.2868995666504
29.0015277862549 28.8513164520264 29.3576927185059 29.2324523925781 29.3310604095459 30.4308032989502 31.5887584686279 32.3383636474609 32.8952598571777 33.3210220336914 33.296875 33.2549057006836 33.3587265014648 33.6989212036133 34.521354675293 34.6636428833008 34.8919715881348 34.8256683349609 34.7745895385742 34.6318778991699 34.4035987854004 35.1424140930176 35.6388206481934 35.8682556152344 35.8393058776855 35.9617576599121 35.6038017272949 34.6668663024902 35.7412757873535 36.1354675292969 35.8884468078613 35.6810874938965 35.9165840148926 35.8880577087402 35.8501167297363 35.9070777893066 35.9884872436523 35.9553680419922 35.9093933105469 35.9270820617676 36.0721969604492 36.1970672607422 36.3168792724609 36.3323059082031 36.3327102661133 36.3150482177734
30.1988182067871 29.1025543212891 29.2243576049805 29.6582298278809 30.0667266845703 31.2469940185547 31.3600940704346 32.2525329589844 33.1526298522949 33.547233581543 33.9569435119629 34.1048622131348 34.281867980957 34.5557861328125 34.7890472412109 34.8677368164062 34.8514518737793 34.9655303955078 34.9652099609375 34.7538414001465 34.5702362060547 34.6383895874023 35.2316055297852 35.5041542053223 35.4613189697266 35.927547454834 35.8539619445801 35.2251434326172 35.8168869018555 36.1187286376953 35.9166488647461 35.7643165588379 35.7097511291504 35.3961639404297 35.625244140625 35.5908508300781 35.6337013244629 35.2309150695801 35.3733062744141 34.3133430480957 35.7923965454102 36.0876846313477 36.3008193969727 36.3420219421387 36.3482666015625 36.3316841125488
30.9480819702148 29.8850402832031 29.3228988647461 30.1892280578613 30.8861961364746 31.7068576812744 31.8278331756592 32.3822326660156 33.2446441650391 33.7336616516113 33.8183746337891 33.8717880249023 34.3485870361328 34.5663375854492 34.7177925109863 34.7351684570312 34.9905014038086 35.1657562255859 35.1697540283203 34.9427185058594 34.7922859191895 34.7457008361816 34.9217643737793 34.9695930480957 34.9771003723145 35.7213325500488 35.9374504089355 35.6707038879395 35.396125793457 35.9800224304199 35.5346221923828 34.7196617126465 35.4079399108887 35.6095809936523 35.9423599243164 35.9779624938965 35.9697418212891 35.9694328308105 35.7737998962402 34.7613716125488 35.6592292785645 36.0316352844238 36.2405128479004 36.3203125 36.3478164672852 36.3350639343262
30.9999198913574 30.0762557983398 29.471076965332 30.8658065795898 31.9146728515625 32.422046661377 33.2677688598633 33.5571823120117 33.8205490112305 33.9772758483887 33.8078918457031 33.7987365722656 34.434886932373 34.5666732788086 34.6146507263184 34.7266845703125 34.8848419189453 34.9097442626953 35.4965667724609 35.278076171875 35.0112113952637 34.8925514221191 34.9034996032715 34.7694320678711 34.8165473937988 35.5086708068848 35.9020767211914 35.8389053344727 35.7200736999512 36.0695648193359 35.378303527832 34.2432975769043 34.818431854248 35.5775871276855 35.649112701416 35.2722320556641 35.3690223693848 35.9594306945801 36.1140480041504 36.1068534851074 36.1723213195801 36.1960868835449 36.242546081543 36.274169921875 36.3314170837402 36.340633392334
30.8660659790039 29.8232154846191 29.3148727416992 30.6349830627441 32.0017013549805 32.4163093566895 31.820520401001 33.3240509033203 33.3031959533691 32.7365531921387 33.8104400634766 34.0755653381348 34.1361083984375 34.2381248474121 34.2950286865234 34.5590667724609 34.7362060546875 34.8948974609375 35.4475784301758 35.6072845458984 35.425651550293 35.1376419067383 34.9937362670898 34.9466400146484 34.7281265258789 35.2584686279297 35.7717208862305 35.8193588256836 36.044620513916 36.1398277282715 35.6269226074219 33.7793769836426 34.5300216674805 34.026195526123 34.4429817199707 33.6991958618164 34.774715423584 35.9161415100098 36.0686225891113 36.1647682189941 36.2074432373047 36.1534156799316 36.0750694274902 36.2176895141602 36.2762565612793 36.3032188415527
30.8445472717285 30.0381317138672 30.1074028015137 30.6634788513184 31.6497459411621 32.0953178405762 32.6005592346191 32.8927841186523 31.509220123291 31.4437007904053 33.1668319702148 32.1174774169922 32.5565948486328 33.0809288024902 33.9059410095215 34.4455642700195 34.6479263305664 34.917724609375 35.3188552856445 35.489501953125 35.5723152160645 35.354434967041 35.0456047058105 35.1541976928711 35.0568962097168 35.3355026245117 35.3662109375 35.222900390625 35.8266677856445 36.0502395629883 35.8322410583496 35.1201972961426 33.5804443359375 31.3909130096436 31.6276340484619 33.5641288757324 35.1841812133789 35.8655281066895 36.0133438110352 35.985969543457 36.0139045715332 35.8094596862793 35.7138061523438 36.130931854248 35.8967819213867 35.9839210510254
30.8253154754639 30.4382801055908 30.2204132080078 30.556131362915 31.2116813659668 32.0547370910645 32.245491027832 31.8195648193359 31.3294372558594 32.2980651855469 32.8645172119141 31.8039321899414 32.1974639892578 32.7042922973633 33.7836112976074 34.2582969665527 34.616455078125 35.1207427978516 35.5889472961426 35.4415702819824 35.3291168212891 35.6726150512695 35.4388389587402 35.2773017883301 35.141227722168 35.1673736572266 35.286434173584 35.2157783508301 35.5958786010742 35.9775924682617 36.0368194580078 35.5279121398926 34.7929039001465 33.0014991760254 32.3491134643555 33.622615814209 35.1725730895996 35.7972679138184 35.8919372558594 35.4343948364258 35.7366714477539 35.9552536010742 35.7699813842773 35.8676109313965 35.5579986572266 35.8510551452637
30.4602642059326 30.2327861785889 29.7207317352295 30.0883388519287 30.9162425994873 31.0892906188965 31.5395889282227 31.8886070251465 32.2398490905762 32.3866119384766 32.7945823669434 33.064151763916 33.8185234069824 33.9509048461914 34.1446990966797 33.6826324462891 34.7481346130371 35.179744720459 35.4337921142578 35.1713523864746 35.3195037841797 35.5583076477051 35.6949806213379 35.6652946472168 35.3963890075684 35.353515625 35.0084037780762 35.2138748168945 35.6649932861328 35.7857055664062 35.9611930847168 36.0248260498047 35.4755249023438 34.7908706665039 33.8295783996582 33.5372467041016 34.8354034423828 35.6934471130371 35.2020263671875 34.6571617126465 35.6667709350586 35.9606666564941 35.6997985839844 34.9001541137695 35.3135795593262 35.8854484558105
