inst/extdata/Tmax/Tmax150.asc
NCOLS 100 
NROWS 79 
XLLCORNER 148.06 
YLLCORNER -21.49 
CELLSIZE 0.01 
NODATA_value -3.4e+38 
[rows 0 to 19 of 79, columns 46 to 91 of 100]
33.3511161804199 33.1923179626465 33.1115493774414 33.1345596313477 33.139030456543 33.0342559814453 33.2689247131348 33.1189613342285 32.9476928710938 32.7928009033203 32.732536315918 32.4881820678711 32.4142036437988 32.6587562561035 32.9536666870117 32.9010047912598 32.8052673339844 32.6667442321777 32.4055252075195 32.2594833374023 32.1702346801758 -3.4e+38 -3.4e+38 -3.4e+38 -3.4e+38 -3.4e+38 -3.4e+38 -3.4e+38 -3.4e+38 -3.4e+38 -3.4e+38 -3.4e+38 -3.4e+38 -3.4e+38 -3.4e+38 -3.4e+38 -3.4e+38 -3.4e+38 -3.4e+38 -3.4e+38 -3.4e+38 -3.4e+38 -3.4e+38 -3.4e+38 -3.4e+38 -3.4e+38
33.2968940734863 33.0345878601074 32.8284759521484 33.105411529541 33.2892608642578 33.3049545288086 33.2827606201172 33.2013931274414 32.8840255737305 32.470516204834 32.6280403137207 32.120548248291 32.6493835449219 32.9775695800781 32.9812240600586 32.9169235229492 32.8348846435547 32.7277488708496 32.5610809326172 32.4961700439453 32.4238014221191 32.3225212097168 -3.4e+38 -3.4e+38 -3.4e+38 -3.4e+38 -3.4e+38 -3.4e+38 -3.4e+38 -3.4e+38 -3.4e+38 -3.4e+38 -3.4e+38 -3.4e+38 -3.4e+38 -3.4e+38 -3.4e+38 -3.4e+38 -3.4e+38 -3.4e+38 -3.4e+38 -3.4e+38 -3.4e+38 -3.4e+38 -3.4e+38 -3.4e+38
33.1767692565918 32.4499702453613 31.6391124725342 33.0329322814941 33.249324798584 33.2710990905762 33.2742309570312 33.2422676086426 33.0358619689941 32.4707069396973 32.5874824523926 32.7460174560547 32.8447647094727 33.0174026489258 33.0063285827637 32.9349899291992 32.8729019165039 32.8003807067871 32.6985054016113 32.5005760192871 32.4893569946289 32.3641777038574 32.1736106872559 31.9354820251465 -3.4e+38 -3.4e+38 -3.4e+38 -3.4e+38 -3.4e+38 -3.4e+38 -3.4e+38 -3.4e+38 -3.4e+38 -3.4e+38 -3.4e+38 -3.4e+38 -3.4e+38 -3.4e+38 -3.4e+38 -3.4e+38 -3.4e+38 -3.4e+38 -3.4e+38 -3.4e+38 -3.4e+38 -3.4e+38
32.7390670776367 32.8247032165527 31.763484954834 32.9034233093262 33.1154594421387 33.1838912963867 33.270881652832 33.1950492858887 33.0863876342773 32.7770919799805 32.6969909667969 32.4622039794922 32.8313102722168 32.9824829101562 33.0286140441895 32.9574012756348 32.9250793457031 32.8803672790527 32.7629585266113 32.4169464111328 32.2578811645508 32.3085594177246 32.2756118774414 32.2234535217285 32.088981628418 31.7411422729492 -3.4e+38 -3.4e+38 -3.4e+38 -3.4e+38 -3.4e+38 -3.4e+38 -3.4e+38 -3.4e+38 -3.4e+38 -3.4e+38 -3.4e+38 -3.4e+38 -3.4e+38 -3.4e+38 -3.4e+38 -3.4e+38 -3.4e+38 -3.4e+38 -3.4e+38 -3.4e+38
32.7061882019043 32.7529640197754 31.5771179199219 31.8294715881348 32.6381950378418 33.1549415588379 33.2648315429688 33.1454162597656 33.1371231079102 32.8442230224609 32.5723533630371 32.4006156921387 32.036247253418 32.6957855224609 32.9684944152832 32.9067840576172 32.9628791809082 32.9348983764648 32.7160797119141 31.9871788024902 31.4856548309326 32.2677459716797 32.3701286315918 32.3284492492676 32.1235198974609 31.8918590545654 -3.4e+38 -3.4e+38 -3.4e+38 -3.4e+38 -3.4e+38 -3.4e+38 -3.4e+38 -3.4e+38 -3.4e+38 -3.4e+38 -3.4e+38 -3.4e+38 -3.4e+38 -3.4e+38 -3.4e+38 -3.4e+38 -3.4e+38 -3.4e+38 -3.4e+38 -3.4e+38
31.8414325714111 32.5964088439941 31.0915451049805 30.4875049591064 32.260856628418 33.2095718383789 33.1698150634766 33.1328811645508 33.0983543395996 32.7120132446289 31.8169746398926 31.5020732879639 31.8532447814941 32.8037757873535 32.7284469604492 32.916618347168 32.9846076965332 32.935920715332 32.8642997741699 32.2378005981445 31.5061683654785 31.600227355957 32.1375770568848 32.2309608459473 32.2358245849609 32.1757354736328 -3.4e+38 -3.4e+38 -3.4e+38 -3.4e+38 -3.4e+38 -3.4e+38 -3.4e+38 -3.4e+38 -3.4e+38 -3.4e+38 -3.4e+38 -3.4e+38 -3.4e+38 -3.4e+38 -3.4e+38 -3.4e+38 -3.4e+38 -3.4e+38 -3.4e+38 -3.4e+38
30.9289627075195 32.5578193664551 31.9565544128418 31.8951625823975 32.8817367553711 33.1535453796387 33.0058212280273 32.913890838623 33.0839080810547 32.6195526123047 31.9168186187744 31.9248390197754 32.6064491271973 32.751220703125 31.8476009368896 32.7535552978516 32.8345184326172 32.8581695556641 32.9134063720703 32.6494941711426 32.2720336914062 32.019474029541 32.2652931213379 32.0424194335938 32.3183708190918 32.3675918579102 32.2670860290527 32.0395317077637 -3.4e+38 -3.4e+38 -3.4e+38 -3.4e+38 -3.4e+38 -3.4e+38 -3.4e+38 -3.4e+38 -3.4e+38 -3.4e+38 -3.4e+38 -3.4e+38 -3.4e+38 -3.4e+38 -3.4e+38 -3.4e+38 -3.4e+38 -3.4e+38
30.0723133087158 32.5460662841797 33.0148124694824 32.8444900512695 31.8654670715332 32.1338577270508 32.7812347412109 32.949161529541 33.1230735778809 32.9514312744141 32.573974609375 32.1703071594238 32.2127838134766 32.4478187561035 32.0117340087891 32.7305107116699 32.0280342102051 32.0044937133789 32.7310371398926 32.871955871582 32.7143325805664 32.4796943664551 32.3918075561523 32.4606666564941 32.4498062133789 32.4339828491211 32.2773056030273 32.1653938293457 31.9316520690918 31.4647598266602 31.4530906677246 -3.4e+38 -3.4e+38 -3.4e+38 -3.4e+38 -3.4e+38 -3.4e+38 -3.4e+38 -3.4e+38 -3.4e+38 -3.4e+38 -3.4e+38 -3.4e+38 -3.4e+38 -3.4e+38 -3.4e+38
30.0071640014648 32.0731201171875 33.0285873413086 32.9339027404785 32.0983390808105 30.6170024871826 31.9917888641357 33.037239074707 33.127140045166 33.02880859375 32.8925857543945 32.6445159912109 32.6790771484375 32.5190734863281 32.0106544494629 31.9585094451904 31.5476322174072 32.3372230529785 32.6586112976074 32.7459487915039 32.7680740356445 32.4304161071777 32.0487976074219 31.7383365631104 32.4546241760254 32.522632598877 32.4243392944336 32.2901458740234 32.1972312927246 31.6884021759033 31.5693969726562 31.7243423461914 -3.4e+38 -3.4e+38 -3.4e+38 -3.4e+38 -3.4e+38 -3.4e+38 -3.4e+38 -3.4e+38 -3.4e+38 -3.4e+38 -3.4e+38 -3.4e+38 -3.4e+38 -3.4e+38
30.9184188842773 32.0643005371094 32.8808975219727 32.8891639709473 32.8794860839844 31.5157604217529 31.843505859375 32.9236946105957 33.1143569946289 33.01025390625 32.8286972045898 32.5870056152344 32.4765777587891 32.6019859313965 31.949125289917 31.6590576171875 31.5921611785889 32.7413215637207 32.6010856628418 32.3127136230469 32.7152976989746 32.6949501037598 32.5097045898438 32.1773071289062 32.6015396118164 32.5597763061523 32.4244384765625 32.4932823181152 32.3687133789062 32.1202087402344 31.7128429412842 31.7417907714844 -3.4e+38 -3.4e+38 -3.4e+38 -3.4e+38 -3.4e+38 -3.4e+38 -3.4e+38 -3.4e+38 -3.4e+38 -3.4e+38 -3.4e+38 -3.4e+38 -3.4e+38 -3.4e+38
29.963794708252 31.8872261047363 32.2930145263672 32.0951118469238 32.4666137695312 32.7456855773926 32.478328704834 32.9337425231934 33.0512733459473 32.964771270752 32.8109550476074 32.6462936401367 32.4591827392578 32.8382110595703 32.6960220336914 32.6151008605957 32.694278717041 32.9245910644531 32.9389266967773 32.4083938598633 31.9512996673584 32.6430931091309 32.8423843383789 32.3469657897949 32.3790817260742 32.245361328125 32.234546661377 32.5803489685059 32.4650726318359 32.2302742004395 -3.4e+38 -3.4e+38 -3.4e+38 -3.4e+38 -3.4e+38 -3.4e+38 -3.4e+38 -3.4e+38 -3.4e+38 -3.4e+38 -3.4e+38 -3.4e+38 -3.4e+38 -3.4e+38 -3.4e+38 -3.4e+38
29.2589416503906 30.2978744506836 30.6623115539551 30.4120864868164 31.5047721862793 32.2019195556641 32.6081275939941 32.9133491516113 32.9295692443848 32.860595703125 32.6940803527832 32.5246505737305 32.3924865722656 33.0459213256836 33.0539855957031 32.9250335693359 32.9535331726074 33.0652732849121 33.1257972717285 33.0427665710449 32.6649856567383 32.4738464355469 32.8775215148926 32.7005653381348 32.4740219116211 32.6195411682129 32.6764907836914 32.4424247741699 32.3644943237305 32.2479400634766 -3.4e+38 -3.4e+38 -3.4e+38 -3.4e+38 -3.4e+38 -3.4e+38 -3.4e+38 -3.4e+38 -3.4e+38 -3.4e+38 -3.4e+38 -3.4e+38 -3.4e+38 -3.4e+38 -3.4e+38 -3.4e+38
29.2298545837402 28.2280311584473 27.6100654602051 27.7732887268066 30.0500526428223 30.6428527832031 31.965950012207 32.3569068908691 32.7047805786133 32.609058380127 32.4071655273438 32.7676124572754 32.790397644043 32.7038307189941 33.1755867004395 33.169849395752 33.1241340637207 33.1527252197266 33.1846694946289 33.1848526000977 33.1455345153809 33.0856513977051 32.9556541442871 32.920768737793 32.633716583252 32.7382545471191 32.7437210083008 32.4933967590332 32.2518730163574 32.1811943054199 32.0887489318848 31.8328895568848 -3.4e+38 -3.4e+38 -3.4e+38 -3.4e+38 -3.4e+38 -3.4e+38 -3.4e+38 -3.4e+38 -3.4e+38 -3.4e+38 -3.4e+38 -3.4e+38 -3.4e+38 -3.4e+38
29.2436294555664 28.4437522888184 27.5358448028564 27.0056800842285 27.6510772705078 28.5433654785156 30.6018104553223 31.9020652770996 32.6835098266602 32.5247383117676 32.0308837890625 32.6789054870605 33.0368232727051 33.1046447753906 33.1451683044434 33.1858901977539 33.2328224182129 33.2408676147461 33.2381248474121 33.2265586853027 33.2047920227051 33.1628189086914 33.1064147949219 33.0420303344727 32.818775177002 32.8740463256836 32.8013000488281 32.6141128540039 32.3882331848145 32.3470993041992 32.3083190917969 32.1992111206055 31.9471378326416 -3.4e+38 -3.4e+38 -3.4e+38 -3.4e+38 31.5091705322266 31.5418720245361 -3.4e+38 -3.4e+38 -3.4e+38 -3.4e+38 -3.4e+38 -3.4e+38 -3.4e+38
29.854362487793 28.5265674591064 27.6310863494873 27.264045715332 27.8565006256104 27.6190071105957 28.9056091308594 30.77294921875 32.1914901733398 32.6096572875977 31.4977378845215 32.3982810974121 32.8772468566895 32.4258193969727 32.5358238220215 32.9808082580566 33.1076126098633 33.2009468078613 33.1734657287598 33.0656433105469 33.1169471740723 33.0874214172363 33.1124420166016 33.0824775695801 33.0255889892578 32.9006958007812 32.8154067993164 32.6943359375 32.5818328857422 32.5165786743164 32.4874725341797 32.3767585754395 32.0443840026855 -3.4e+38 -3.4e+38 -3.4e+38 -3.4e+38 31.6256942749023 31.5754146575928 31.7305870056152 31.7146911621094 31.5392456054688 -3.4e+38 -3.4e+38 -3.4e+38 -3.4e+38
29.800687789917 28.4885921478271 27.6628513336182 28.1535549163818 27.954761505127 28.395637512207 28.1637687683105 29.6975250244141 31.9862213134766 32.7612228393555 31.7143707275391 31.6956672668457 32.5597267150879 30.6592350006104 31.7308311462402 32.1468391418457 32.7401580810547 33.1600799560547 33.1628532409668 33.0910758972168 33.0980453491211 33.09814453125 33.1278877258301 33.095458984375 33.0453071594238 32.8114547729492 32.8058776855469 32.7586898803711 32.7229919433594 32.6938247680664 32.6115570068359 32.4928550720215 32.3349647521973 -3.4e+38 -3.4e+38 32.1381950378418 31.9505043029785 31.7218418121338 31.5964946746826 31.3870639801025 31.5176734924316 31.7170715332031 -3.4e+38 -3.4e+38 -3.4e+38 -3.4e+38
28.3407745361328 27.0984973907471 27.0585403442383 28.4060497283936 28.7929821014404 28.7160758972168 28.3045768737793 28.7121620178223 31.2091102600098 32.5594367980957 32.5965461730957 31.7610549926758 32.318431854248 30.9205150604248 30.9536476135254 31.0423469543457 32.4237632751465 33.1397895812988 33.1735305786133 33.2102088928223 33.2223358154297 33.1844482421875 33.152702331543 32.9269638061523 32.949348449707 32.8495330810547 32.8499450683594 32.8598213195801 32.8438262939453 32.7831649780273 32.699779510498 32.6148376464844 32.5255889892578 -3.4e+38 32.3903732299805 32.3676910400391 32.2997360229492 -3.4e+38 31.7484092712402 -3.4e+38 31.4684677124023 -3.4e+38 -3.4e+38 -3.4e+38 -3.4e+38 -3.4e+38
28.2739887237549 26.8913345336914 26.2895603179932 28.7998943328857 29.0477485656738 28.3811416625977 28.0027236938477 28.163761138916 29.837963104248 32.2428665161133 32.3795700073242 31.961498260498 32.1038475036621 32.2404289245605 31.5765895843506 32.7378273010254 32.9935302734375 33.1192359924316 33.1767044067383 33.1832046508789 33.1893463134766 33.1724739074707 33.1534423828125 33.0789337158203 33.0821876525879 33.0251541137695 32.9938278198242 32.9612731933594 32.8754234313965 32.8650283813477 32.8013877868652 32.7454605102539 32.6853332519531 32.6155090332031 32.5734443664551 32.5666694641113 32.4278221130371 -3.4e+38 -3.4e+38 -3.4e+38 -3.4e+38 -3.4e+38 -3.4e+38 31.7228736877441 -3.4e+38 -3.4e+38
30.1512126922607 29.8413009643555 27.5945281982422 29.2318363189697 27.6902179718018 27.7085952758789 28.2037467956543 28.5467948913574 30.7414569854736 32.208251953125 31.9238624572754 31.3145389556885 32.2315216064453 32.6742095947266 32.8002281188965 32.8806648254395 33.0232009887695 32.713794708252 32.8926010131836 33.080249786377 33.0671920776367 33.1239395141602 33.1509094238281 33.1374359130859 33.1244773864746 33.0909271240234 33.0707664489746 32.9517517089844 32.6324882507324 32.7810173034668 32.8837242126465 32.8771209716797 32.8361587524414 32.7577857971191 32.7218627929688 32.6602554321289 32.5351676940918 32.4244995117188 32.3212776184082 32.2617683410645 32.2535247802734 32.1569442749023 31.919246673584 31.7378692626953 -3.4e+38 -3.4e+38
30.2250595092773 29.3632717132568 30.0741004943848 29.9014568328857 28.4346351623535 28.4864883422852 28.1041584014893 28.3521728515625 30.5105972290039 31.8965854644775 32.3442192077637 32.1263885498047 32.5004005432129 32.8191261291504 32.7081565856934 32.5831871032715 32.8006172180176 32.5427398681641 32.3955612182617 32.5962715148926 32.9436836242676 33.0318603515625 33.0709190368652 33.1239471435547 33.1422386169434 33.1253356933594 33.0910186767578 32.9093208312988 32.6528053283691 32.8715171813965 32.851993560791 32.9588851928711 32.8561592102051 32.8069267272949 32.7728614807129 32.6584129333496 32.5862579345703 32.5472183227539 32.5165176391602 32.4876861572266 32.4560623168945 32.3405303955078 32.0147399902344 31.6644134521484 31.7167778015137 -3.4e+38
