inst/extdata/Tmax/Tmax102.asc
NCOLS 100 
NROWS 79 
XLLCORNER 148.06 
YLLCORNER -21.49 
CELLSIZE 0.01 
NODATA_value -3.4e+38 
[rows 40 to 59 of 79, columns 46 to 91 of 100]
31.1710796356201 32.0238571166992 32.3938140869141 33.1648635864258 34.5726928710938 35.4407539367676 35.0163764953613 33.3504943847656 33.0259666442871 33.6168441772461 34.0634498596191 35.7041168212891 35.3467178344727 35.5866165161133 34.7790145874023 35.8110313415527 36.0218353271484 35.7586517333984 35.8818664550781 36.0047874450684 36.0470809936523 35.1409225463867 35.5527153015137 35.8933486938477 36.004955291748 36.0814819335938 36.0063323974609 35.6543273925781 35.8602294921875 36.075065612793 36.0662879943848 35.9302291870117 35.6366119384766 34.4249534606934 34.7200393676758 35.4124145507812 35.3448371887207 35.2748336791992 35.5321769714355 35.0124588012695 34.3093681335449 34.8022689819336 35.1347007751465 34.9544563293457 35.2345123291016 35.3023834228516
32.3343734741211 33.3565521240234 33.2813415527344 33.2408866882324 34.6069946289062 35.6992721557617 34.6872825622559 34.3378601074219 34.8584861755371 34.9307403564453 35.257869720459 35.9766464233398 35.885124206543 35.9241905212402 35.8006896972656 36.1298141479492 36.191593170166 36.1482620239258 36.1276473999023 36.1702041625977 36.1802291870117 35.6846771240234 35.0199317932129 35.3942375183105 35.3394737243652 35.8401527404785 36.1599617004395 35.7223472595215 35.732780456543 36.1328277587891 36.1913604736328 36.1228370666504 35.9819297790527 35.411937713623 35.6686515808105 35.7252922058105 35.5394744873047 35.553653717041 35.6736946105957 35.8135719299316 34.8928070068359 35.1352005004883 35.7500953674316 35.578498840332 35.7254676818848 35.6904220581055
34.4430770874023 34.5957450866699 34.7512435913086 35.1692733764648 35.4586029052734 35.8906135559082 35.5020027160645 35.0280113220215 35.4820671081543 35.8691482543945 35.8050918579102 36.1394195556641 36.1954307556152 36.1394538879395 36.1342620849609 36.2369651794434 36.2696380615234 36.267951965332 36.2579727172852 36.2682609558105 36.2090187072754 35.3149528503418 35.1418380737305 35.6506462097168 35.1665420532227 35.6234016418457 36.0724487304688 35.9980888366699 35.9632339477539 36.2264785766602 36.2722969055176 36.274543762207 36.2547912597656 36.1636657714844 36.0865020751953 35.7845840454102 34.9142799377441 35.5141906738281 36.0472068786621 36.0582542419434 35.9465293884277 35.906379699707 36.0349044799805 36.0826835632324 36.1350479125977 36.1030197143555
35.5257835388184 35.540153503418 35.6526565551758 35.7784309387207 35.9846725463867 36.0575408935547 35.9693908691406 35.7595901489258 35.9105453491211 36.1403388977051 36.1587562561035 36.2296485900879 36.2301597595215 36.2151374816895 36.2557983398438 36.247241973877 36.2047843933105 36.2019577026367 36.253345489502 36.3017730712891 36.2855110168457 36.0659408569336 35.8417358398438 36.0298957824707 35.9195289611816 35.5068473815918 35.8059883117676 36.086067199707 36.252254486084 36.291316986084 36.31103515625 36.3103179931641 36.2995071411133 36.2766723632812 36.2870407104492 36.1596755981445 35.7154922485352 36.0315132141113 36.2190055847168 36.2183799743652 36.1966361999512 36.2084808349609 36.2087860107422 36.2376594543457 36.255931854248 36.2447700500488
35.3714065551758 35.6064987182617 35.8360404968262 35.8398628234863 35.8861808776855 35.99755859375 36.0294952392578 36.088508605957 36.1108779907227 36.0685997009277 35.8817405700684 36.0100173950195 35.9563140869141 35.7217712402344 35.9212760925293 36.0699996948242 35.9800605773926 36.1080436706543 36.2180862426758 36.2831497192383 36.3220596313477 36.2055282592773 35.9216537475586 35.6913681030273 35.9284172058105 36.1113700866699 36.1760749816895 36.2350196838379 36.2597694396973 36.3079261779785 36.3139152526855 36.3095626831055 36.2845611572266 36.2618255615234 36.3036956787109 36.2596282958984 36.2545051574707 36.2643508911133 36.2241973876953 36.2387580871582 36.2258186340332 36.2267456054688 36.2428016662598 36.2430038452148 36.1662216186523 36.2112655639648
33.7787742614746 34.4716758728027 34.8449783325195 35.0339813232422 35.3597068786621 35.6591300964355 35.5959129333496 35.7711639404297 35.7662124633789 35.6184196472168 34.9304084777832 34.9408493041992 35.0074615478516 33.6877212524414 34.5294609069824 35.2436103820801 35.8037376403809 36.1481819152832 36.2529678344727 36.2930755615234 36.3248100280762 36.1621932983398 35.7583236694336 35.418872833252 35.7018737792969 35.9739837646484 36.1174468994141 36.1223182678223 36.2019882202148 36.2868423461914 36.3108863830566 36.3128051757812 36.3088607788086 36.3148345947266 36.2980346679688 36.2163314819336 36.220329284668 36.2270736694336 36.2131271362305 36.2190284729004 36.2005233764648 36.2053070068359 36.2085647583008 36.1727104187012 36.1789207458496 36.2202644348145
31.6317958831787 32.7759895324707 32.6879577636719 32.6582641601562 33.8411140441895 34.3176460266113 34.4106979370117 34.6416702270508 35.0444107055664 34.4893989562988 33.8845596313477 33.3693733215332 33.9563140869141 33.8399467468262 34.231819152832 35.2747116088867 35.9685935974121 36.1717414855957 36.2213478088379 36.2189102172852 36.2892036437988 36.3105239868164 35.9214782714844 35.6006546020508 35.5101737976074 35.7916984558105 36.0127601623535 36.1397476196289 36.2542381286621 36.2877883911133 36.327220916748 36.3387985229492 36.3445281982422 36.3294296264648 36.2664489746094 36.219352722168 36.2284927368164 36.2381134033203 36.2377433776855 36.2370796203613 36.2176284790039 36.2264289855957 36.2360687255859 36.2173080444336 36.2226295471191 36.1365966796875
31.7450408935547 31.6813640594482 31.503490447998 31.5734252929688 31.51833152771 32.2312774658203 33.3478813171387 33.9341468811035 34.0932922363281 33.9776077270508 34.4440155029297 34.2912406921387 34.1452980041504 34.6585006713867 34.9160575866699 35.7348022460938 36.0036239624023 36.0479850769043 36.0040397644043 36.1396598815918 36.2796821594238 36.3358497619629 36.2154006958008 35.9342880249023 35.5470924377441 35.8246383666992 36.0304183959961 36.204345703125 36.2880554199219 36.3387184143066 36.3689155578613 36.3557090759277 36.3078231811523 36.2506675720215 36.2059326171875 36.1920852661133 36.2181510925293 36.2466201782227 36.2512168884277 36.2513008117676 36.2450828552246 36.2601737976074 36.2663955688477 36.2584190368652 36.0810623168945 35.8942451477051
31.3789577484131 31.4731407165527 31.681957244873 31.4191150665283 31.3329658508301 31.4332981109619 32.2177124023438 33.6982917785645 34.1762657165527 34.3313751220703 34.1758003234863 34.3388442993164 34.5956916809082 34.8507080078125 34.8986511230469 35.3630447387695 35.7482757568359 35.765495300293 35.7765579223633 36.0877456665039 36.2161445617676 36.2410163879395 36.3401908874512 36.2774543762207 36.1835975646973 36.1651840209961 36.2657585144043 36.346435546875 36.3685760498047 36.3859558105469 36.3797760009766 36.3201370239258 36.2545051574707 36.1444129943848 36.1200790405273 36.1856384277344 36.2098159790039 36.2418937683105 36.2722663879395 36.2726783752441 36.2815628051758 36.2938995361328 36.2926712036133 36.2925605773926 36.1598777770996 36.0542221069336
31.4476757049561 31.6110286712646 31.6354217529297 31.3306159973145 31.7897567749023 32.5679359436035 32.6554908752441 33.7834358215332 34.2086410522461 34.3884925842285 34.2122192382812 34.6337699890137 34.8784141540527 34.8784675598145 34.9552764892578 34.8564186096191 34.9390640258789 35.1413536071777 35.5212516784668 35.8861198425293 36.0074768066406 36.0318298339844 36.2834281921387 36.3471183776855 36.3802337646484 36.3723068237305 36.3637924194336 36.2169036865234 36.2927017211914 36.3734550476074 36.3568382263184 36.2525863647461 36.2263298034668 36.0550727844238 36.007682800293 36.1920471191406 36.2087554931641 36.2080192565918 36.2803497314453 36.3020095825195 36.2939720153809 36.3136138916016 36.3141250610352 36.3047103881836 36.2530708312988 36.2082748413086
31.4802398681641 31.3696784973145 31.5761184692383 31.307466506958 31.9166507720947 32.9371070861816 33.2455558776855 33.7725143432617 34.4048919677734 34.8034400939941 34.8116226196289 34.9166412353516 34.9783172607422 35.0019378662109 34.98828125 34.9324188232422 34.9881248474121 34.7454795837402 34.4314231872559 35.4966049194336 35.4111747741699 35.8508453369141 36.192741394043 36.2693901062012 36.3360595703125 36.3337707519531 36.2805976867676 36.0854721069336 36.2451133728027 36.3600692749023 36.2226638793945 36.0678024291992 36.0991477966309 36.096019744873 36.1431579589844 36.2328987121582 36.2558670043945 36.2579345703125 36.2721176147461 36.3207550048828 36.328742980957 36.3292274475098 36.3240013122559 36.3103828430176 36.2897453308105 36.2271156311035
31.0692920684814 31.0450553894043 31.4076271057129 30.8130416870117 30.956958770752 32.8339691162109 33.5245056152344 34.0956535339355 34.3990058898926 34.6506881713867 34.6983489990234 34.7006759643555 34.5207290649414 34.518970489502 34.7558555603027 34.8654136657715 35.1619720458984 35.0935020446777 34.9255790710449 34.9603042602539 34.8208198547363 35.603199005127 36.0226135253906 36.2117233276367 36.2378425598145 36.2658729553223 35.9437484741211 35.6020660400391 36.2066955566406 36.351261138916 36.1048164367676 35.8196792602539 36.0805435180664 36.1447448730469 36.1901512145996 36.1718978881836 36.185375213623 36.205150604248 36.2422904968262 36.2485694885254 36.2721824645996 36.321907043457 36.3279762268066 36.3172187805176 36.3002624511719 36.2570838928223
30.7215671539307 30.583911895752 31.0316944122314 30.9162464141846 31.0004730224609 31.9554653167725 32.900447845459 33.5031929016113 33.9409255981445 34.2675895690918 34.213306427002 34.1473007202148 34.2034301757812 34.4572906494141 35.1181716918945 35.2041091918945 35.3662948608398 35.2770347595215 35.2009582519531 35.0475540161133 34.8315582275391 35.4735832214355 35.9344596862793 36.1422958374023 36.1015663146973 36.2049789428711 35.8482627868652 34.951286315918 35.9541702270508 36.3208847045898 36.0792579650879 35.8561592102051 36.0686225891113 36.0282096862793 35.9788475036621 36.0185165405273 36.0835266113281 36.0386657714844 35.9810600280762 35.9843368530273 36.1079559326172 36.2146186828613 36.3170471191406 36.318244934082 36.3048248291016 36.2837448120117
31.7755508422852 30.7932376861572 30.8981227874756 31.2814769744873 31.6424407958984 32.6572952270508 32.7128944396973 33.437801361084 34.1646728515625 34.4654312133789 34.7760620117188 34.8691787719727 34.986946105957 35.1870765686035 35.3534469604492 35.3853988647461 35.3386688232422 35.4031028747559 35.3699378967285 35.1574440002441 34.9783248901367 34.9918251037598 35.5325584411621 35.7794342041016 35.7259826660156 36.1581153869629 36.0743255615234 35.4623756408691 36.012882232666 36.2906494140625 36.0924873352051 35.9219131469727 35.8569488525391 35.5469017028809 35.7509536743164 35.7036743164062 35.7311058044434 35.338939666748 35.4591484069824 34.466854095459 35.8257904052734 36.0943946838379 36.2866516113281 36.3129653930664 36.3052864074707 36.2853088378906
32.4417839050293 31.4877815246582 30.9822750091553 31.7519607543945 32.3713417053223 33.0646553039551 33.1260108947754 33.5644454956055 34.2600860595703 34.6407241821289 34.6775016784668 34.6908950805664 35.0618057250977 35.2144813537598 35.3111381530762 35.2901382446289 35.4750137329102 35.5921821594238 35.5625190734863 35.335319519043 35.1833114624023 35.0996437072754 35.238094329834 35.2710075378418 35.2658805847168 35.9582138061523 36.1529884338379 35.8841247558594 35.6101264953613 36.1549491882324 35.7258758544922 34.9365119934082 35.5690307617188 35.7472610473633 36.0514984130859 36.0702514648438 36.0487937927246 36.0348968505859 35.8345909118652 34.8750495910645 35.6970291137695 36.0380897521973 36.2257499694824 36.289493560791 36.3025779724121 36.2863998413086
32.4845886230469 31.6548767089844 31.1107635498047 32.3532485961914 33.2793807983398 33.6880645751953 34.3605270385742 34.5735473632812 34.7644004821777 34.865047454834 34.687084197998 34.647705078125 35.1535758972168 35.2333374023438 35.241382598877 35.3007278442383 35.402515411377 35.3907089233398 35.8624801635742 35.6402740478516 35.3871307373047 35.2416114807129 35.2197647094727 35.0815811157227 35.1137542724609 35.7536697387695 36.1174812316895 36.0438117980957 35.9170761108398 36.2397956848145 35.5764465332031 34.4944152832031 35.0152854919434 35.7149429321289 35.7694892883301 35.3986740112305 35.4764671325684 36.0230827331543 36.158016204834 36.1374244689941 36.1851043701172 36.194393157959 36.2256736755371 36.2426795959473 36.2846908569336 36.2899932861328
32.3612060546875 31.4251556396484 30.9676551818848 32.1431770324707 33.3634757995605 33.701000213623 33.1541023254395 34.3950462341309 34.3459548950195 33.8374366760254 34.7077865600586 34.8999404907227 34.919189453125 34.973072052002 34.9884223937988 35.1762161254883 35.2937812805176 35.3959770202637 35.8379974365234 35.943431854248 35.7611885070801 35.4684791564941 35.3126449584961 35.2473068237305 35.0299491882324 35.5150260925293 35.9911422729492 36.0239067077637 36.2275772094727 36.3064498901367 35.8111877441406 34.0665817260742 34.7456169128418 34.2696495056152 34.6408081054688 33.945384979248 34.920295715332 35.9796981811523 36.1123924255371 36.1914253234863 36.2172546386719 36.1514129638672 36.0623397827148 36.1863174438477 36.2295188903809 36.2520866394043
32.3411560058594 31.6162738800049 31.674430847168 32.167854309082 33.047290802002 33.4492874145508 33.8355026245117 34.0517501831055 32.8509788513184 32.7663764953613 34.186466217041 33.2734642028809 33.6121444702148 34.0204582214355 34.6808586120605 35.1006393432617 35.2394218444824 35.4362182617188 35.7474365234375 35.8617858886719 35.9091987609863 35.6754035949707 35.3772926330566 35.4450073242188 35.3407707214355 35.5896911621094 35.6062355041504 35.4581604003906 36.0195274353027 36.2211036682129 36.0079574584961 35.3084754943848 33.8737487792969 32.0185508728027 32.182689666748 33.8227081298828 35.3016929626465 35.9320068359375 36.0599975585938 36.0201950073242 36.0315132141113 35.8227195739746 35.7185363769531 36.1034507751465 35.8655776977539 35.945125579834
32.3094100952148 31.9593906402588 31.7608451843262 32.0572776794434 32.6403045654297 33.401496887207 33.5421981811523 33.150634765625 32.7048301696777 33.4958190917969 33.939826965332 33.0160789489746 33.3171539306641 33.711784362793 34.5855712890625 34.9499816894531 35.2205352783203 35.6180381774902 35.9894981384277 35.8279800415039 35.7061729431152 35.9591369628906 35.7227249145508 35.5503692626953 35.408260345459 35.4184608459473 35.5185127258301 35.4390335083008 35.7860908508301 36.1379165649414 36.1912269592285 35.6798706054688 34.9770469665527 33.3312644958496 32.7713928222656 33.8629951477051 35.2778396606445 35.8538093566895 35.9306526184082 35.4840545654297 35.7540397644043 35.948844909668 35.7589683532715 35.838436126709 35.5324020385742 35.8057708740234
31.9791679382324 31.7719898223877 31.3107242584229 31.6353893280029 32.3721466064453 32.5325012207031 32.9206619262695 33.2267799377441 33.4946174621582 33.5884437561035 33.8990669250488 34.0945205688477 34.6980857849121 34.7772216796875 34.9081840515137 34.4832572937012 35.3510856628418 35.6874160766602 35.873348236084 35.6134185791016 35.7163887023926 35.8780937194824 35.963737487793 35.9186019897461 35.6495819091797 35.5940895080566 35.2554664611816 35.4360885620117 35.8507995605469 35.9527549743652 36.1173210144043 36.1533660888672 35.615894317627 34.9613265991211 34.0641555786133 33.7838096618652 34.9627265930176 35.7540512084961 35.278377532959 34.7606887817383 35.6868705749512 35.9532051086426 35.6916809082031 34.9325981140137 35.3029708862305 35.838005065918
