inst/extdata/Tmax/Tmax46.asc
NCOLS 100 
NROWS 79 
XLLCORNER 148.06 
YLLCORNER -21.49 
CELLSIZE 0.01 
NODATA_value -3.4e+38 
[rows 0 to 19 of 79, columns 46 to 91 of 100]
32.366870880127 31.0379219055176 31.2031421661377 31.4287986755371 31.9762630462646 31.9020977020264 32.127326965332 32.1289367675781 31.107702255249 29.0984706878662 30.7847728729248 30.1272392272949 30.8754119873047 31.5210380554199 31.6349906921387 31.7849788665771 31.9389591217041 32.3126754760742 30.8320598602295 31.3273220062256 31.4355792999268 -3.4e+38 -3.4e+38 -3.4e+38 -3.4e+38 -3.4e+38 -3.4e+38 -3.4e+38 -3.4e+38 -3.4e+38 -3.4e+38 -3.4e+38 -3.4e+38 -3.4e+38 -3.4e+38 -3.4e+38 -3.4e+38 -3.4e+38 -3.4e+38 -3.4e+38 -3.4e+38 -3.4e+38 -3.4e+38 -3.4e+38 -3.4e+38 -3.4e+38
32.7256736755371 32.1835250854492 30.8103675842285 31.1044960021973 31.2834644317627 31.2548599243164 31.6138725280762 31.9997749328613 30.6720294952393 29.6126098632812 31.6640491485596 31.262092590332 33.0882720947266 32.7113227844238 31.5138378143311 30.4840793609619 31.6022891998291 33.4250373840332 32.3038101196289 31.0349464416504 31.6971397399902 33.7156219482422 -3.4e+38 -3.4e+38 -3.4e+38 -3.4e+38 -3.4e+38 -3.4e+38 -3.4e+38 -3.4e+38 -3.4e+38 -3.4e+38 -3.4e+38 -3.4e+38 -3.4e+38 -3.4e+38 -3.4e+38 -3.4e+38 -3.4e+38 -3.4e+38 -3.4e+38 -3.4e+38 -3.4e+38 -3.4e+38 -3.4e+38 -3.4e+38
34.5025634765625 31.3703880310059 29.2225608825684 29.7731533050537 29.6258411407471 31.1760139465332 30.3572864532471 30.2703971862793 29.4039497375488 29.116361618042 30.9630336761475 32.4142837524414 33.7830085754395 33.249095916748 30.7010078430176 29.9556636810303 31.4903774261475 31.1092643737793 30.9618282318115 31.1640300750732 30.8049793243408 30.9714508056641 30.7218761444092 31.0948333740234 -3.4e+38 -3.4e+38 -3.4e+38 -3.4e+38 -3.4e+38 -3.4e+38 -3.4e+38 -3.4e+38 -3.4e+38 -3.4e+38 -3.4e+38 -3.4e+38 -3.4e+38 -3.4e+38 -3.4e+38 -3.4e+38 -3.4e+38 -3.4e+38 -3.4e+38 -3.4e+38 -3.4e+38 -3.4e+38
30.550931930542 30.06569480896 27.065975189209 28.1577682495117 29.8019466400146 29.6243591308594 30.0856876373291 30.2423763275146 29.9226169586182 29.4754276275635 30.7526988983154 30.3515663146973 33.1232299804688 33.6875114440918 31.11865234375 30.524356842041 32.3541870117188 33.0050621032715 32.4171447753906 31.6567344665527 30.1956443786621 31.0898895263672 30.7688426971436 31.5603675842285 31.9848041534424 31.7691459655762 -3.4e+38 -3.4e+38 -3.4e+38 -3.4e+38 -3.4e+38 -3.4e+38 -3.4e+38 -3.4e+38 -3.4e+38 -3.4e+38 -3.4e+38 -3.4e+38 -3.4e+38 -3.4e+38 -3.4e+38 -3.4e+38 -3.4e+38 -3.4e+38 -3.4e+38 -3.4e+38
31.5108776092529 29.6802387237549 26.8524017333984 26.5907039642334 28.1691474914551 30.475757598877 31.1547012329102 31.4981174468994 29.5626792907715 28.5507583618164 29.2223796844482 27.5987358093262 29.094331741333 33.1769065856934 30.331859588623 30.655797958374 32.5107612609863 32.2987823486328 32.9386863708496 32.8293228149414 26.3573627471924 31.1367511749268 31.4006252288818 30.8629360198975 31.5680923461914 31.869592666626 -3.4e+38 -3.4e+38 -3.4e+38 -3.4e+38 -3.4e+38 -3.4e+38 -3.4e+38 -3.4e+38 -3.4e+38 -3.4e+38 -3.4e+38 -3.4e+38 -3.4e+38 -3.4e+38 -3.4e+38 -3.4e+38 -3.4e+38 -3.4e+38 -3.4e+38 -3.4e+38
27.1806259155273 28.058895111084 25.9576683044434 25.1859226226807 28.1389446258545 30.3569927215576 29.7567176818848 30.1880111694336 29.0159130096436 29.3179454803467 26.9818058013916 26.652811050415 30.736198425293 31.5501365661621 29.3982353210449 30.7253742218018 31.9899024963379 33.1043739318848 32.0987777709961 31.8557147979736 26.4643402099609 28.5198001861572 32.1128959655762 31.0467510223389 31.424596786499 31.2869663238525 -3.4e+38 -3.4e+38 -3.4e+38 -3.4e+38 -3.4e+38 -3.4e+38 -3.4e+38 -3.4e+38 -3.4e+38 -3.4e+38 -3.4e+38 -3.4e+38 -3.4e+38 -3.4e+38 -3.4e+38 -3.4e+38 -3.4e+38 -3.4e+38 -3.4e+38 -3.4e+38
25.8613414764404 26.8589725494385 27.1435070037842 26.6905307769775 30.747163772583 30.3950004577637 30.3837070465088 29.2404460906982 30.0712833404541 28.9710922241211 28.0568141937256 28.3749694824219 29.5049991607666 33.164665222168 33.0602035522461 34.1303863525391 30.6458377838135 30.9644069671631 30.9737701416016 31.4460067749023 33.2339630126953 30.9836273193359 31.7491683959961 31.2547779083252 30.6251029968262 29.9013576507568 29.8002853393555 30.2434120178223 -3.4e+38 -3.4e+38 -3.4e+38 -3.4e+38 -3.4e+38 -3.4e+38 -3.4e+38 -3.4e+38 -3.4e+38 -3.4e+38 -3.4e+38 -3.4e+38 -3.4e+38 -3.4e+38 -3.4e+38 -3.4e+38 -3.4e+38 -3.4e+38
24.6856422424316 27.5784645080566 32.7916793823242 27.2724685668945 26.1136989593506 27.9305858612061 29.7806835174561 28.8802738189697 29.2135314941406 30.0610980987549 28.4724102020264 28.0019836425781 29.0453681945801 30.4893760681152 28.7804832458496 31.6357173919678 28.6138668060303 28.4088478088379 29.7183208465576 31.0875244140625 31.32737159729 29.9749202728271 30.4922485351562 31.0966358184814 30.0629615783691 29.2851581573486 28.9595794677734 29.5326385498047 30.7727355957031 29.2088871002197 30.4789714813232 -3.4e+38 -3.4e+38 -3.4e+38 -3.4e+38 -3.4e+38 -3.4e+38 -3.4e+38 -3.4e+38 -3.4e+38 -3.4e+38 -3.4e+38 -3.4e+38 -3.4e+38 -3.4e+38 -3.4e+38
24.6385498046875 26.8877124786377 27.6955394744873 31.6029720306396 27.1158142089844 25.3081874847412 27.5688247680664 27.9610595703125 30.2341060638428 30.5040588378906 30.7002410888672 29.0106563568115 28.6289386749268 29.2357139587402 27.105884552002 26.9649925231934 26.2180366516113 30.4940624237061 29.0478229522705 30.421817779541 32.4680442810059 32.3445510864258 29.8474960327148 27.8650894165039 28.9152755737305 29.5012340545654 30.0892124176025 31.1817646026611 30.7779273986816 29.4814987182617 28.7851848602295 31.2145156860352 -3.4e+38 -3.4e+38 -3.4e+38 -3.4e+38 -3.4e+38 -3.4e+38 -3.4e+38 -3.4e+38 -3.4e+38 -3.4e+38 -3.4e+38 -3.4e+38 -3.4e+38 -3.4e+38
26.0229225158691 26.8706321716309 27.4982089996338 28.2723541259766 29.8281841278076 26.6685962677002 26.3751850128174 28.1166229248047 29.6501865386963 29.9169292449951 29.8250274658203 29.5575141906738 28.4983463287354 28.5892295837402 26.9733123779297 26.5896949768066 26.201904296875 31.2126884460449 30.9705066680908 29.1862468719482 30.3004856109619 32.0927352905273 32.8196868896484 31.7785587310791 31.7344417572021 29.3753795623779 29.9217262268066 32.4193115234375 30.3359184265137 29.5189666748047 32.3347625732422 32.8200225830078 -3.4e+38 -3.4e+38 -3.4e+38 -3.4e+38 -3.4e+38 -3.4e+38 -3.4e+38 -3.4e+38 -3.4e+38 -3.4e+38 -3.4e+38 -3.4e+38 -3.4e+38 -3.4e+38
24.9154148101807 27.2362041473389 27.1671981811523 27.1445865631104 28.6603965759277 31.5329265594482 28.6617889404297 29.5144844055176 29.3126811981201 29.5222473144531 30.2961902618408 29.7677745819092 29.2920780181885 29.8798828125 29.2650890350342 29.3371543884277 30.4480056762695 30.7096500396729 31.908317565918 31.6581840515137 29.2434902191162 32.3863868713379 30.0288963317871 28.8710556030273 30.6130428314209 30.2907905578613 31.2618999481201 31.1330966949463 33.032844543457 33.5275840759277 -3.4e+38 -3.4e+38 -3.4e+38 -3.4e+38 -3.4e+38 -3.4e+38 -3.4e+38 -3.4e+38 -3.4e+38 -3.4e+38 -3.4e+38 -3.4e+38 -3.4e+38 -3.4e+38 -3.4e+38 -3.4e+38
24.3138332366943 25.4941329956055 25.6588382720947 24.8325824737549 25.7718334197998 26.8680019378662 33.5205192565918 30.2640438079834 29.9642467498779 29.6495838165283 29.8317489624023 30.2286853790283 29.3535804748535 29.9141674041748 29.6263179779053 31.4655723571777 31.4112377166748 31.3353080749512 34.3851585388184 32.1498603820801 30.3443908691406 30.3613262176514 30.4238166809082 29.8095073699951 33.7634811401367 29.548246383667 30.8499126434326 30.5587959289551 31.2656326293945 29.9774208068848 -3.4e+38 -3.4e+38 -3.4e+38 -3.4e+38 -3.4e+38 -3.4e+38 -3.4e+38 -3.4e+38 -3.4e+38 -3.4e+38 -3.4e+38 -3.4e+38 -3.4e+38 -3.4e+38 -3.4e+38 -3.4e+38
24.04176902771 22.6722640991211 22.2660102844238 22.2282619476318 24.7670135498047 25.5875205993652 27.2107448577881 27.5744304656982 29.4082012176514 29.8994045257568 28.4580917358398 28.7634544372559 28.6429901123047 29.1667308807373 29.5472965240479 29.5529651641846 29.7741565704346 31.498498916626 33.8398857116699 33.5213890075684 31.2744445800781 31.4836444854736 31.3422718048096 33.0799751281738 31.3904209136963 30.5976543426514 31.410400390625 30.6327457427979 28.9570350646973 27.0138645172119 29.9875736236572 31.2434177398682 -3.4e+38 -3.4e+38 -3.4e+38 -3.4e+38 -3.4e+38 -3.4e+38 -3.4e+38 -3.4e+38 -3.4e+38 -3.4e+38 -3.4e+38 -3.4e+38 -3.4e+38 -3.4e+38
24.0459041595459 23.037935256958 22.3843402862549 21.906810760498 22.5619335174561 23.2568187713623 25.3331546783447 26.4841346740723 28.9635772705078 30.0730361938477 29.1435832977295 29.0758609771729 29.5852565765381 30.0322227478027 30.3534240722656 31.6103916168213 29.7835006713867 31.7491970062256 32.8273468017578 31.7009963989258 31.672721862793 34.040470123291 31.7116279602051 31.1681518554688 32.5035018920898 30.7266445159912 29.6773853302002 29.4254951477051 28.461483001709 29.6685791015625 31.5672359466553 31.2532482147217 30.0556526184082 -3.4e+38 -3.4e+38 -3.4e+38 -3.4e+38 26.2834644317627 32.4939651489258 -3.4e+38 -3.4e+38 -3.4e+38 -3.4e+38 -3.4e+38 -3.4e+38 -3.4e+38
24.5667705535889 23.6793575286865 22.456335067749 22.0202159881592 22.7272472381592 22.4494857788086 23.82981300354 25.6180267333984 26.8401718139648 27.8630046844482 26.1713581085205 29.5757789611816 28.8642024993896 29.5532932281494 30.8273887634277 29.8641719818115 30.6604995727539 34.1173934936523 30.6457901000977 32.4407806396484 31.5896987915039 33.5024719238281 32.1705360412598 31.4277400970459 31.3518676757812 31.4171352386475 31.2695198059082 29.8714714050293 29.3864974975586 32.1660308837891 32.0937652587891 31.1923580169678 30.4705181121826 -3.4e+38 -3.4e+38 -3.4e+38 -3.4e+38 27.4219722747803 31.2596874237061 32.746696472168 32.3852996826172 32.281307220459 -3.4e+38 -3.4e+38 -3.4e+38 -3.4e+38
24.4768085479736 23.0406379699707 22.4284362792969 22.5685691833496 22.1312465667725 23.2351303100586 23.0581474304199 24.5727214813232 28.6772422790527 30.2790870666504 28.1781330108643 26.4494342803955 30.2138900756836 25.7788105010986 25.8100318908691 26.6543846130371 31.874979019165 30.1308898925781 29.6786041259766 30.8384265899658 31.0032978057861 31.7543277740479 31.5587730407715 30.8268775939941 30.7604484558105 30.8548183441162 31.9613437652588 30.9401817321777 30.0865802764893 30.0414257049561 30.7762832641602 27.2495594024658 33.4341506958008 -3.4e+38 -3.4e+38 30.7047843933105 32.3453559875488 31.4693298339844 30.2517166137695 31.3507881164551 31.2915935516357 32.7237358093262 -3.4e+38 -3.4e+38 -3.4e+38 -3.4e+38
22.8163833618164 21.3318424224854 21.430326461792 22.9495983123779 23.4816017150879 23.2165241241455 22.7255439758301 23.5925617218018 30.8359260559082 29.3317756652832 33.5330619812012 26.2440395355225 27.1674118041992 27.9988040924072 25.8672676086426 26.0826606750488 26.7556114196777 28.6207237243652 30.3823642730713 29.7857704162598 32.6162719726562 29.9282875061035 30.6133632659912 30.8991775512695 30.3397083282471 31.4137496948242 31.3460483551025 31.655632019043 31.954496383667 30.5921058654785 30.794584274292 27.3428020477295 29.3507862091064 -3.4e+38 33.2109146118164 28.6559829711914 30.5928153991699 -3.4e+38 32.7513008117676 -3.4e+38 32.4843254089355 -3.4e+38 -3.4e+38 -3.4e+38 -3.4e+38 -3.4e+38
23.4341888427734 21.4418506622314 20.617073059082 23.8190898895264 23.9464263916016 22.9787502288818 22.5382957458496 22.6484413146973 24.6072883605957 27.0912170410156 27.4716110229492 31.3129901885986 32.993953704834 28.3441276550293 27.7874126434326 29.1094036102295 29.5261688232422 29.796257019043 29.3295059204102 29.2395782470703 30.7858448028564 30.8143844604492 32.3498764038086 32.362232208252 30.6323165893555 30.3878440856934 31.319730758667 30.2668266296387 30.5208110809326 30.3513889312744 27.997688293457 29.2454586029053 33.1837196350098 30.1831531524658 29.2219619750977 31.9002017974854 31.4711055755615 -3.4e+38 -3.4e+38 -3.4e+38 -3.4e+38 -3.4e+38 -3.4e+38 32.3902473449707 -3.4e+38 -3.4e+38
24.5523300170898 24.2646350860596 21.4741687774658 23.4379119873047 21.8536071777344 22.1145439147949 23.2517929077148 23.4273681640625 25.3965835571289 28.2272186279297 27.2785720825195 27.3999176025391 30.0434341430664 34.0062713623047 29.4623889923096 29.7428226470947 29.522647857666 28.7357330322266 28.2394275665283 28.1677665710449 33.5545501708984 31.159797668457 33.1861915588379 31.3430500030518 31.5187854766846 30.0006904602051 30.4353981018066 29.3218231201172 29.9234561920166 29.9580879211426 28.323637008667 28.5696811676025 31.6093330383301 31.7256050109863 31.2282886505127 31.5734996795654 31.1472816467285 32.7353210449219 31.2592639923096 28.231761932373 30.6411037445068 30.3093299865723 31.2922248840332 30.3324680328369 -3.4e+38 -3.4e+38
25.1108074188232 24.182975769043 24.6377067565918 24.7776222229004 23.1483249664307 22.605260848999 22.3252010345459 22.7354068756104 25.2153854370117 32.9928855895996 27.61842918396 33.4189109802246 32.2733116149902 29.4654674530029 29.6367073059082 27.2364406585693 27.3477363586426 29.8124599456787 28.331657409668 28.6222152709961 30.7671947479248 32.2733154296875 34.2570571899414 31.9679355621338 33.5818061828613 30.3764801025391 33.0507965087891 31.4214153289795 30.562671661377 30.264274597168 29.4748821258545 30.6055812835693 32.1436576843262 32.7281723022461 32.9151268005371 30.1139717102051 29.7965393066406 31.1717796325684 32.2483215332031 32.9987831115723 32.5754890441895 32.5913238525391 30.7684574127197 30.3977012634277 26.7803955078125 -3.4e+38
