inst/extdata/Tmax/Tmax5.asc
NCOLS 100 
NROWS 79 
XLLCORNER 148.06 
YLLCORNER -21.49 
CELLSIZE 0.01 
NODATA_value -9999 
[rows 40 to 59 of 79, columns 46 to 91 of 100]
24.579137802124 25.8518657684326 25.4283294677734 26.1026649475098 28.0152740478516 27.722957611084 27.6269245147705 25.8183078765869 25.5597267150879 26.0111770629883 27.4553127288818 29.0076789855957 29.5635223388672 28.9641742706299 28.3672523498535 29.8300228118896 30.664514541626 30.1650199890137 31.1483287811279 31.0460529327393 30.3489933013916 31.197416305542 28.8910598754883 27.5863380432129 28.9589557647705 29.8246383666992 30.3446407318115 29.6016082763672 29.3081874847412 29.354133605957 28.939811706543 30.0591335296631 28.8908138275146 26.3498630523682 27.879602432251 31.9931144714355 30.3337879180908 28.765905380249 26.487117767334 25.9639415740967 25.6240367889404 28.2856197357178 28.5265350341797 27.9439392089844 29.1664161682129 26.3484401702881
25.727445602417 25.6699905395508 27.0545806884766 28.385274887085 28.7176132202148 27.9038887023926 27.517894744873 27.3647613525391 28.5748329162598 28.7848243713379 31.33669090271 29.932825088501 29.7087650299072 29.359447479248 28.7860126495361 30.6283893585205 30.7008781433105 30.4978485107422 31.5221710205078 31.7539329528809 29.6151084899902 30.0899047851562 26.4720211029053 32.1326599121094 33.2903175354004 28.6798934936523 30.5038394927979 29.596471786499 29.7454986572266 28.749324798584 29.2927265167236 29.8315029144287 29.6950092315674 28.9315509796143 29.2413005828857 31.2047462463379 29.5059375762939 28.9048194885254 28.5538330078125 28.1729774475098 28.0056610107422 27.4269828796387 28.5776901245117 28.2595729827881 28.1630725860596 27.6118869781494
26.7698554992676 27.7209434509277 27.5715179443359 29.418327331543 34.3840599060059 31.7072315216064 29.3012619018555 28.6630687713623 29.6327857971191 31.1651973724365 31.2801456451416 30.7369937896729 30.9766902923584 30.5167903900146 32.2244644165039 30.7042503356934 30.5133819580078 30.1421546936035 30.5355110168457 31.2208633422852 30.2660236358643 29.9598178863525 29.6494903564453 33.5714569091797 27.0362491607666 33.5680084228516 32.6430778503418 28.4580059051514 27.7758121490479 30.2404861450195 29.8837947845459 30.17653465271 29.4315433502197 28.7886161804199 29.1712112426758 28.0421371459961 28.4468746185303 27.6678009033203 27.5110855102539 27.9292583465576 29.0959701538086 29.1810684204102 29.4656314849854 28.0996265411377 30.0739765167236 30.0043468475342
30.0219593048096 30.7551574707031 30.8444061279297 30.9170112609863 31.5565395355225 31.001335144043 30.6464233398438 30.2770233154297 30.5274868011475 30.8156509399414 31.4594287872314 31.4264163970947 31.5950946807861 31.4707298278809 30.9102592468262 30.4302730560303 30.0646495819092 30.2345314025879 30.89817237854 28.4498672485352 30.6732654571533 30.7205657958984 30.5495014190674 29.8033542633057 29.2371482849121 31.0658016204834 30.1659126281738 29.5564193725586 30.0875911712646 31.7534923553467 31.0919017791748 31.5061130523682 29.2730903625488 28.6498565673828 28.4577674865723 30.9955348968506 30.5745677947998 28.5042304992676 29.3645210266113 30.4042167663574 30.9894046783447 30.1103649139404 28.5204219818115 32.7239608764648 30.2509613037109 28.2129154205322
29.9081859588623 30.009033203125 29.9056835174561 30.2302875518799 31.7535705566406 32.3449630737305 31.6930065155029 30.8124313354492 31.1458263397217 30.7997093200684 30.5220851898193 30.428503036499 30.0050716400146 29.8984413146973 29.6507987976074 30.1591281890869 28.5249691009521 29.3095149993896 30.2806339263916 30.5913009643555 31.4987258911133 32.1235008239746 31.9015998840332 30.9782886505127 28.7379283905029 29.0938777923584 29.4309940338135 29.8540210723877 32.0227890014648 32.3100929260254 30.9246425628662 29.6423263549805 28.557149887085 29.2334175109863 28.8475780487061 30.8602066040039 29.525806427002 28.3280830383301 29.5777034759521 28.0419654846191 28.6449279785156 30.1869297027588 30.5763263702393 30.5106716156006 33.3952713012695 30.2500705718994
26.314567565918 27.6663780212402 29.1372604370117 27.3968734741211 28.9720325469971 29.5530338287354 29.3656940460205 29.5910301208496 29.8586292266846 29.9772891998291 27.0763988494873 27.2228374481201 27.3493309020996 25.7653617858887 26.5531406402588 27.3654251098633 29.5519065856934 29.6263999938965 29.5050086975098 29.5766754150391 31.3176326751709 31.1147365570068 30.5349369049072 30.555513381958 30.53537940979 30.8946113586426 30.7885627746582 30.707612991333 30.2711429595947 30.4091262817383 30.0225238800049 31.1361713409424 31.9673252105713 32.4093818664551 30.3636875152588 30.0958251953125 29.5557632446289 29.3651294708252 29.3134498596191 29.0015087127686 28.8201808929443 29.858491897583 30.0009117126465 28.6819801330566 30.9672050476074 33.2824592590332
24.8012599945068 26.0623340606689 25.6457328796387 25.3944034576416 26.2811470031738 26.5782737731934 26.6941833496094 27.208158493042 27.662769317627 26.9778022766113 26.6885547637939 26.118968963623 26.3190383911133 26.1807689666748 26.3999557495117 27.3943138122559 29.8888816833496 29.5674476623535 28.8671131134033 30.727071762085 31.1212406158447 31.486255645752 30.6381969451904 29.9828586578369 32.59375 32.6396293640137 31.5769901275635 30.7679386138916 29.7625865936279 29.6338157653809 30.7984485626221 30.5832901000977 29.9922389984131 30.2905197143555 30.562162399292 33.1607055664062 29.9281463623047 30.0817737579346 28.9670219421387 28.8066806793213 28.758752822876 31.3719787597656 29.3672962188721 32.2144088745117 30.7963809967041 30.2549533843994
25.1710433959961 25.0892162322998 24.9755764007568 25.0389575958252 24.8878784179688 25.1630382537842 26.030818939209 26.9276351928711 27.1418304443359 26.9310817718506 27.4228038787842 26.8116874694824 26.8357753753662 28.1697826385498 28.8266487121582 30.0779895782471 30.6181316375732 30.4833011627197 30.5907039642334 31.8951511383057 34.5260467529297 32.1835556030273 30.090160369873 31.1588459014893 32.4512100219727 31.9302101135254 31.1699905395508 33.9920463562012 31.080171585083 31.2889919281006 31.2743263244629 28.6956443786621 28.5378875732422 28.8601551055908 28.6258640289307 28.5993766784668 29.9714832305908 28.9395618438721 28.0101528167725 31.7374649047852 31.4585704803467 33.3914222717285 29.9415321350098 32.0296745300293 31.8028907775879 31.7748126983643
25.0230617523193 26.9811401367188 25.2627964019775 24.9059982299805 24.8028907775879 24.7251834869385 24.7479782104492 26.5949802398682 27.2175178527832 27.3126201629639 27.2117919921875 27.2084522247314 32.4219627380371 33.433650970459 33.8786392211914 30.0590629577637 31.7895774841309 28.101770401001 33.6958312988281 33.469367980957 33.0939674377441 33.3008804321289 32.6063194274902 32.1409759521484 31.8190288543701 29.8674850463867 30.9797630310059 32.0514373779297 34.1620635986328 33.4006309509277 33.1133575439453 33.8501510620117 32.9394760131836 28.979923248291 29.9259605407715 34.2690467834473 33.4034385681152 30.3527565002441 30.1260452270508 29.9139995574951 27.9614677429199 28.4628486633301 29.0634326934814 29.9501762390137 29.1011409759521 29.728630065918
26.9345607757568 27.5661869049072 28.7300567626953 25.817045211792 25.2379093170166 25.9301815032959 25.7038192749023 26.5146999359131 26.747200012207 27.264102935791 31.5790348052979 33.0377578735352 34.1245155334473 34.123420715332 34.5494194030762 27.6805572509766 30.7947788238525 27.7754364013672 27.9335155487061 30.3195323944092 30.2322006225586 34.4043807983398 30.7089004516602 31.5202198028564 31.1913433074951 30.2635307312012 32.1738014221191 32.2676734924316 32.7009315490723 32.7046203613281 32.4505386352539 30.8219108581543 29.1400661468506 29.6772232055664 30.3239765167236 34.4523658752441 34.3852005004883 31.1769962310791 29.9823303222656 29.7968788146973 29.7531833648682 28.7028713226318 29.8638134002686 28.429069519043 29.3972644805908 30.0229091644287
30.3391933441162 27.1122455596924 30.0355777740479 25.0000553131104 24.9902839660645 26.1019802093506 26.2371673583984 26.8594303131104 27.3952941894531 27.7854232788086 27.7529163360596 27.9090633392334 32.5025367736816 33.1401863098145 33.7227249145508 27.6188659667969 30.0339317321777 29.9599990844727 26.8445110321045 30.2670745849609 27.7906246185303 33.3567504882812 30.8339214324951 32.299976348877 30.6510353088379 31.5938053131104 30.5639553070068 30.2134666442871 33.1596527099609 32.7902755737305 32.1975784301758 31.6956043243408 31.3363475799561 29.5311298370361 30.3314113616943 32.7044715881348 34.0227394104004 32.1217002868652 30.9895191192627 31.4672546386719 29.9992790222168 28.8538284301758 28.8967475891113 27.9960861206055 29.4287204742432 30.2143707275391
25.8785781860352 24.4633979797363 24.8914775848389 24.0892772674561 24.0258731842041 25.3008480072021 26.0321731567383 27.053295135498 27.3399543762207 27.5231075286865 27.6881713867188 27.3074989318848 27.2373695373535 26.7650337219238 27.1607570648193 30.2520046234131 27.8854122161865 30.6514110565186 27.509349822998 29.8445682525635 29.6570358276367 30.2831707000732 33.2062034606934 33.8583106994629 30.9869384765625 31.1083660125732 31.8696708679199 30.1345996856689 30.3037700653076 33.6620979309082 32.1570205688477 31.5348720550537 30.8401203155518 29.148401260376 29.0009174346924 30.6392288208008 30.9969940185547 30.810791015625 30.1938667297363 28.4910774230957 32.0771751403809 28.3445491790771 28.0348129272461 27.6724548339844 27.6699466705322 28.9461421966553
24.3148040771484 30.0118923187256 30.6738624572754 24.2986392974854 24.2164249420166 24.8914566040039 25.4838905334473 26.2383766174316 26.6464519500732 26.8871994018555 27.2160701751709 27.0182762145996 27.0023097991943 27.349235534668 27.524881362915 27.8618812561035 30.4529476165771 30.8450107574463 30.7165451049805 31.1993198394775 29.696798324585 30.6204147338867 32.0135688781738 33.9971618652344 31.8059329986572 32.5280151367188 32.5754241943359 32.7469215393066 32.220874786377 34.0943069458008 33.0460166931152 32.5265884399414 32.5187072753906 32.8197860717773 29.9087924957275 28.9391956329346 30.0874614715576 27.5299072265625 29.041862487793 29.3168106079102 29.3383293151855 28.2586879730225 32.6846199035645 29.1343040466309 27.699197769165 27.4465179443359
24.9735565185547 24.3185272216797 30.1482276916504 24.8356628417969 24.8828029632568 25.6246356964111 25.4736042022705 26.0846881866455 27.0273265838623 27.447244644165 27.6542587280273 27.710485458374 27.6935958862305 31.2988090515137 31.2396945953369 28.1679611206055 27.9073848724365 27.9890804290771 27.9780502319336 30.7956275939941 30.3156147003174 30.4596347808838 27.7804183959961 28.8414611816406 29.6549491882324 31.2839050292969 30.6567707061768 31.9108657836914 33.7458419799805 31.171459197998 31.0928440093994 30.1930561065674 30.5516490936279 31.4912528991699 29.802282333374 29.4089298248291 27.3669815063477 26.6824855804443 26.8316516876221 25.9927616119385 31.3596343994141 29.8084754943848 30.8856353759766 30.4668560028076 32.4222640991211 28.1622982025146
25.9228496551514 25.0692157745361 24.6802158355713 25.0432834625244 25.4708671569824 26.2434864044189 26.2626171112061 26.4704341888428 26.557056427002 27.0908126831055 27.093204498291 29.8020267486572 30.6279010772705 27.7431621551514 32.0005989074707 31.3438549041748 31.7268123626709 28.2560958862305 31.0079650878906 30.8215656280518 30.8536262512207 29.8870410919189 28.7548980712891 30.7532234191895 32.5702362060547 32.5449981689453 30.5608863830566 31.1297225952148 30.3507308959961 32.0533638000488 32.4049873352051 31.2242374420166 32.3169593811035 30.1049404144287 32.5124931335449 29.495677947998 33.0860443115234 29.3827037811279 29.7594547271729 28.4583492279053 29.341272354126 29.7342128753662 28.9506340026855 29.1882247924805 30.0116672515869 30.9776420593262
25.5182971954346 25.117359161377 24.8228511810303 25.8511810302734 26.2938823699951 26.7330760955811 27.2358264923096 27.5022258758545 27.3989429473877 27.6927185058594 27.5820636749268 29.7255039215088 30.2678356170654 31.7612953186035 31.9071311950684 31.3466663360596 31.6775684356689 32.0340385437012 31.298656463623 28.1704235076904 30.7564449310303 29.8718643188477 30.5976886749268 30.666389465332 31.9022312164307 32.4510765075684 32.5866241455078 33.1529121398926 30.4896392822266 30.8652725219727 28.2665271759033 30.8598499298096 32.0469245910645 33.6765327453613 32.622875213623 26.8030662536621 29.3327713012695 30.0060558319092 28.4304580688477 29.3949718475342 31.3013648986816 30.4727668762207 29.7984886169434 30.1546440124512 29.6619663238525 29.4783763885498
25.546911239624 24.9063415527344 24.3205738067627 25.4605197906494 26.4824714660645 26.8647727966309 26.2893295288086 27.3725967407227 26.9982509613037 26.4501285552979 27.4724254608154 27.0717716217041 27.3669281005859 30.1847305297852 27.7993412017822 31.052303314209 31.1083221435547 31.0402793884277 31.4495964050293 29.398811340332 30.2902641296387 30.7985019683838 30.3610992431641 28.0255298614502 30.5607757568359 32.5603942871094 31.4283428192139 30.5830516815186 30.7181015014648 30.8493976593018 28.0738162994385 26.6007423400879 27.2919540405273 30.4301662445068 26.427375793457 26.3668556213379 30.4169101715088 29.4585380554199 30.1949424743652 28.8775997161865 31.0874538421631 32.2879829406738 28.6499195098877 28.866361618042 29.7270450592041 30.3011054992676
25.9766979217529 25.0205268859863 25.0695362091064 25.5279979705811 26.22092628479 26.5710277557373 26.9682636260986 26.9339370727539 25.8978252410889 25.4502124786377 26.9931983947754 25.7939224243164 26.1945838928223 26.3542060852051 29.8952083587646 30.6179943084717 27.8847904205322 31.0535678863525 28.3121089935303 31.7002792358398 31.224214553833 31.5443420410156 31.0693225860596 30.6981735229492 29.8819923400879 30.9988136291504 31.8043556213379 30.8183212280273 30.0071315765381 31.5540752410889 29.761173248291 27.4283084869385 30.9490814208984 30.471981048584 24.8234348297119 28.9101696014404 29.5660877227783 29.8189716339111 30.0882759094238 31.7675342559814 29.6518726348877 32.067985534668 29.800745010376 29.8680953979492 29.3854999542236 29.198429107666
26.0045642852783 25.7158813476562 25.4389400482178 25.5167236328125 26.0757026672363 26.6086177825928 26.4960193634033 26.3231658935547 25.7346172332764 26.5663757324219 26.6386604309082 25.5756530761719 25.7845821380615 25.871244430542 26.9514675140381 27.1984424591064 30.8336563110352 27.8540515899658 31.0380668640137 31.3144454956055 31.1126708984375 31.3327617645264 29.5821380615234 31.1077880859375 30.3861064910889 30.4380664825439 30.1305522918701 31.2643451690674 29.3807067871094 29.1895523071289 30.8424167633057 30.6858768463135 27.3918952941895 29.7605152130127 30.5819759368896 31.1131591796875 27.6226024627686 29.90403175354 32.2262496948242 29.6751956939697 30.5568046569824 29.5825710296631 30.0669384002686 31.8374786376953 31.3856983184814 28.9568729400635
25.4684734344482 25.3955669403076 24.9886913299561 25.3208084106445 25.7226238250732 25.5182323455811 26.109395980835 26.4596900939941 26.7651405334473 26.7685527801514 26.6632423400879 26.8352489471436 29.9396133422852 30.6289196014404 30.4156723022461 27.230447769165 27.6924324035645 31.3708896636963 28.6332893371582 30.8065624237061 31.0621566772461 31.5617809295654 31.5808715820312 30.8745212554932 31.1275100708008 30.0484275817871 30.5571765899658 30.3675689697266 29.3937511444092 31.2764739990234 31.5534915924072 32.3455848693848 28.8739376068115 29.9327297210693 30.0668411254883 25.9251499176025 28.5205745697021 31.0129089355469 33.0463714599609 27.8892784118652 29.9935150146484 30.0788669586182 29.4438152313232 28.4245014190674 29.8045444488525 30.3448696136475
