inst/extdata/Tmax/Tmax135.asc
NCOLS 100 
NROWS 79 
XLLCORNER 148.06 
YLLCORNER -21.49 
CELLSIZE 0.01 
NODATA_value -3.4e+38 
[rows 20 to 39 of 79, columns 0 to 45 of 100]
44.566017150878899 44.5450820922852 44.520393371582 44.4681243896484 44.4550933837891 44.5145492553711 44.4069137573242 44.3259010314941 44.2491416931152 44.1510353088379 43.9865570068359 43.6262969970703 43.2384338378906 42.6782379150391 41.5216484069824 41.1238861083984 41.0147018432617 41.8455505371094 42.696044921875 43.0158576965332 42.9986305236816 42.9594573974609 43.1901435852051 43.1773948669434 43.0274505615234 42.772876739502 42.2351684570312 41.4548950195312 41.8653717041016 41.8867416381836 42.3359565734863 42.2934799194336 42.369083404541 42.3076210021973 42.2410659790039 42.0164642333984 41.6545906066895 41.6220893859863 41.2151298522949 41.3835945129395 41.1754455566406 40.5356750488281 40.6910400390625 40.6983337402344 40.7609786987305 40.7504768371582
44.647834777832 44.6449966430664 44.6294174194336 44.5761795043945 44.5534439086914 44.5256500244141 44.3771209716797 44.2921867370605 44.2476463317871 44.1717948913574 44.050163269043 43.8688011169434 43.66162109375 42.8721199035645 41.5628051757812 41.2579612731934 41.4202575683594 42.1076774597168 42.5044479370117 42.7834548950195 42.8550605773926 42.7355537414551 43.1234893798828 43.1968078613281 43.0147476196289 42.9934005737305 42.9116363525391 42.2838668823242 42.126220703125 42.505973815918 42.564338684082 42.4268112182617 42.1342544555664 41.6194534301758 41.6008949279785 41.5487403869629 41.8539810180664 41.2605628967285 40.9050140380859 41.1236724853516 40.7773551940918 40.7877464294434 40.5354270935059 39.7579460144043 39.9918174743652 40.5093193054199
44.7145004272461 44.7010498046875 44.6831588745117 44.6459197998047 44.6066284179688 44.5539169311523 44.3744964599609 44.2546005249023 44.1873931884766 44.1366500854492 44.0217247009277 43.9205703735352 43.758358001709 43.2433929443359 42.2826499938965 41.5345344543457 40.9213676452637 41.3376235961914 41.8073844909668 42.4632110595703 42.5269927978516 42.578125 43.0636940002441 42.8630638122559 42.5004577636719 42.760986328125 42.7597999572754 42.7937812805176 42.5387496948242 42.5354766845703 42.2925872802734 42.0902481079102 41.5994873046875 41.295841217041 41.0729293823242 41.2177391052246 41.109619140625 40.6172065734863 40.5609436035156 40.4614524841309 40.173770904541 39.4910278320312 40.1170692443848 39.8452415466309 38.9936103820801 40.1383972167969
44.751148223877 44.7253913879395 44.7150917053223 44.682861328125 44.6267051696777 44.5929145812988 44.4901123046875 44.2410697937012 44.1332092285156 44.1223526000977 43.9568672180176 43.7636337280273 43.8167686462402 43.4905281066895 42.8177604675293 42.1243324279785 41.3562660217285 41.0776672363281 41.5802688598633 41.8241577148438 42.2569618225098 43.0262832641602 42.7957725524902 42.2684555053711 42.3594245910645 42.4473152160645 42.1398658752441 42.869514465332 42.8542022705078 42.7119674682617 42.4994049072266 41.5694198608398 41.2660140991211 41.4001617431641 41.6403503417969 41.2335891723633 40.4233016967773 39.9370574951172 40.5112533569336 40.0563011169434 39.4179725646973 38.1599464416504 38.8399505615234 39.8032875061035 38.2596626281738 39.3447341918945
44.7376670837402 44.7329025268555 44.7324867248535 44.682201385498 44.6268463134766 44.6012535095215 44.554069519043 44.3951873779297 44.2346038818359 44.0766448974609 43.9698295593262 43.8922729492188 43.7293090820312 43.4312629699707 42.7781524658203 42.1620674133301 41.4649047851562 41.1216812133789 41.2740249633789 41.2481956481934 42.2531890869141 42.8898010253906 41.9514694213867 41.4650650024414 42.1224517822266 42.0736083984375 42.169548034668 42.7367134094238 42.8920593261719 42.5608520507812 42.4828987121582 42.245246887207 42.1889572143555 42.2003326416016 41.9075698852539 41.6279067993164 41.2481384277344 40.2962417602539 40.0782737731934 39.8310089111328 38.3439025878906 37.7981262207031 38.1553344726562 39.6768531799316 37.9879875183105 38.2701377868652
44.7306518554688 44.6972427368164 44.6823234558105 44.6373291015625 44.6189765930176 44.5984382629395 44.5704307556152 44.5101165771484 44.369384765625 44.1575584411621 43.9811706542969 43.8274345397949 43.6826667785645 43.2894592285156 42.8923301696777 42.3967323303223 41.8168983459473 41.5005722045898 41.8658790588379 42.4334602355957 42.3933181762695 42.2650260925293 41.8276901245117 40.7059936523438 41.1230316162109 41.7534027099609 41.8246383666992 42.7950897216797 42.9052734375 42.5898971557617 41.8550148010254 42.2938385009766 42.1539306640625 42.0197067260742 41.7687301635742 41.4786224365234 41.3272857666016 40.0716285705566 38.9558753967285 39.2741432189941 38.0185203552246 38.6804428100586 38.9582557678223 39.7022895812988 38.8183784484863 37.8769836425781
44.6728668212891 44.6453399658203 44.6279106140137 44.6103897094727 44.5807723999023 44.5551986694336 44.5754699707031 44.5499649047852 44.4207229614258 44.0741958618164 43.9646797180176 43.7077445983887 43.6770248413086 43.3471450805664 42.6982574462891 41.7558135986328 41.3749237060547 41.5246925354004 41.9091987609863 41.8034629821777 41.9384956359863 42.6399879455566 42.4911651611328 41.1842498779297 40.8062133789062 41.5799865722656 42.1927337646484 42.8711929321289 42.9012222290039 42.6973419189453 41.9974136352539 41.6328811645508 42.2297134399414 41.7675476074219 41.3762130737305 40.6586227416992 40.3712005615234 40.4361839294434 39.5116386413574 38.3708267211914 37.9964447021484 38.2184944152832 38.1128616333008 38.9763298034668 38.1464691162109 37.5633926391602
44.5802268981934 44.5486221313477 44.5513801574707 44.5641250610352 44.5556678771973 44.5740394592285 44.5972595214844 44.5669364929199 44.4856033325195 44.3123817443848 44.0989608764648 43.844181060791 43.7215156555176 43.5355339050293 42.7487182617188 41.7447166442871 41.4114761352539 41.3501205444336 41.4387855529785 41.3943138122559 42.3429489135742 42.82421875 42.3506851196289 41.5966835021973 41.0812950134277 41.2553176879883 41.3054161071777 42.5826568603516 42.8278961181641 42.7014274597168 42.031135559082 41.9099273681641 42.1137924194336 41.4791793823242 40.8722381591797 40.3621673583984 39.5369071960449 40.1189231872559 39.9505004882812 38.3605155944824 37.9524726867676 38.066219329834 37.9705047607422 38.453369140625 37.9164543151855 37.6289749145508
44.2132987976074 44.1308937072754 44.3267822265625 44.5455551147461 44.6214485168457 44.6570434570312 44.6365127563477 44.599437713623 44.4742240905762 44.3631057739258 44.2080764770508 43.739917755127 43.7873840332031 43.638858795166 43.1920928955078 42.1422309875488 41.4621086120605 40.9955139160156 41.2479705810547 41.9901695251465 42.3945922851562 42.6473999023438 41.8913726806641 41.2420082092285 41.0560722351074 41.1567153930664 41.4746360778809 42.2065505981445 42.7858619689941 42.8012428283691 42.3592109680176 42.0949440002441 41.7111511230469 40.8237380981445 39.7999801635742 39.4098320007324 39.0847930908203 39.235237121582 39.3417091369629 38.969409942627 38.4867362976074 38.5451049804688 38.2860107421875 38.0683898925781 38.0495071411133 37.9634170532227
43.5016822814941 44.1733474731445 44.4177169799805 44.1824226379395 44.5966300964355 44.6845703125 44.656608581543 44.618350982666 44.4341468811035 44.2916412353516 44.2564239501953 44.0015830993652 43.7838973999023 43.6490325927734 43.4157867431641 42.9642906188965 42.4446105957031 41.2368240356445 41.49365234375 41.5376167297363 41.6449089050293 42.4039535522461 42.0163230895996 41.2940444946289 41.0887298583984 40.8797988891602 40.8017845153809 42.1868286132812 42.83349609375 42.8605308532715 42.1763534545898 41.3212432861328 41.0295143127441 40.701171875 40.4445190429688 39.5466270446777 39.4438133239746 39.0595703125 38.6710929870605 38.8656272888184 40.3779449462891 40.3894271850586 39.4091949462891 38.1439514160156 39.0164108276367 39.0779342651367
43.7723503112793 44.4441413879395 44.4445304870605 43.988582611084 44.5824584960938 44.6962127685547 44.6869583129883 44.6449356079102 44.5719795227051 44.3689193725586 44.2574081420898 44.1567993164062 43.9886131286621 43.7954254150391 43.5315055847168 43.026008605957 42.2768783569336 41.8702354431152 41.4453544616699 41.6423416137695 41.6828346252441 42.0168647766113 41.464771270752 41.2888336181641 40.997444152832 40.4178504943848 40.6146202087402 42.1133041381836 42.7651023864746 42.7682876586914 42.7228050231934 42.5357818603516 41.5968742370605 40.7673187255859 40.6797790527344 40.236457824707 40.3064613342285 40.1127586364746 39.719669342041 40.1070556640625 41.311279296875 41.3001098632812 40.9235992431641 40.4189224243164 40.2862396240234 39.7581100463867
44.4162330627441 44.5823516845703 44.6107139587402 44.5825424194336 44.621509552002 44.7073402404785 44.683837890625 44.6516265869141 44.5876541137695 44.5034790039062 44.3340225219727 44.238883972168 44.1333351135254 43.943416595459 43.7022666931152 43.2808532714844 42.5218315124512 42.1386032104492 41.5049285888672 41.3822326660156 41.4164619445801 41.7531547546387 41.401985168457 41.150218963623 41.0679626464844 41.0653419494629 41.700611114502 42.5612373352051 42.8298645019531 42.3905792236328 42.289722442627 42.2466926574707 42.382209777832 41.9454231262207 41.689208984375 41.0218963623047 41.8227996826172 41.6665306091309 41.6080932617188 41.5850563049316 41.3640594482422 40.5642929077148 39.7382965087891 39.4291152954102 39.2821044921875 38.6180038452148
44.2080955505371 44.7345809936523 44.7577285766602 44.7413139343262 44.7098159790039 44.6877861022949 44.6208686828613 44.6271820068359 44.5924606323242 44.549201965332 44.4828491210938 44.3372344970703 44.166446685791 44.0115089416504 43.8309020996094 43.6032485961914 43.1632308959961 42.5819206237793 41.9161643981934 41.2766151428223 41.2737731933594 41.6196784973145 41.4852600097656 41.214771270752 41.0631637573242 41.1716957092285 42.3221778869629 42.8689651489258 42.8907318115234 42.7185592651367 42.2894592285156 41.7440376281738 42.2810974121094 42.3348808288574 42.3319931030273 41.8758583068848 42.1501770019531 41.879566192627 41.737964630127 41.5694847106934 40.552562713623 39.2975921630859 38.1752471923828 38.4441757202148 38.3405685424805 37.4577560424805
44.1227607727051 44.5843200683594 44.4168128967285 44.2928810119629 44.3743896484375 44.6462440490723 44.6016998291016 44.5904655456543 44.5723533630371 44.5324974060059 44.4771995544434 44.4086799621582 44.2921142578125 44.1430740356445 43.9922256469727 43.7848167419434 43.3838958740234 43.0153694152832 42.7600364685059 42.2000732421875 41.359790802002 41.517276763916 41.2958869934082 41.3301048278809 41.1966934204102 41.1446723937988 41.9868392944336 42.8646621704102 42.8963012695312 42.6097106933594 42.4676284790039 41.5446319580078 41.7548866271973 41.9290313720703 42.1365623474121 42.2001876831055 42.0323295593262 41.8607482910156 41.5131454467773 41.5224761962891 41.2245864868164 40.1343803405762 39.4214973449707 39.8554420471191 39.4504699707031 38.4426612854004
44.4163589477539 44.5903167724609 44.2410926818848 43.6650886535645 43.7295188903809 44.473690032959 44.5931053161621 44.537712097168 44.521427154541 44.5043144226074 44.4134483337402 44.4003486633301 44.3324813842773 44.2170791625977 44.0705757141113 43.8914337158203 43.5915107727051 43.0213851928711 42.6529655456543 42.2348251342773 41.6263771057129 41.5051383972168 41.3182754516602 41.1059303283691 41.048942565918 41.3490562438965 42.249095916748 42.8556289672852 42.4189414978027 42.2066230773926 42.262809753418 41.9201316833496 41.6223220825195 41.3134460449219 41.055591583252 41.4332809448242 41.2229347229004 41.4607238769531 41.3602142333984 41.1598320007324 40.9080696105957 41.1140403747559 40.879280090332 40.5817718505859 40.0473022460938 39.6112785339355
44.5411376953125 44.5689430236816 44.3909759521484 44.1114196777344 43.8353958129883 44.2623634338379 44.4604797363281 44.4510498046875 44.459831237793 44.4780540466309 44.4402847290039 44.4259986877441 44.348991394043 44.2733116149902 44.1235961914062 43.9228324890137 43.6797637939453 43.4794311523438 43.1242370605469 42.5520210266113 42.1976432800293 41.9292449951172 41.4614486694336 40.8739852905273 40.9856986999512 41.1728477478027 42.3384780883789 42.7414169311523 41.1397018432617 40.7602310180664 41.2804412841797 41.4167022705078 41.3467826843262 41.1315994262695 40.6862983703613 40.435302734375 40.837287902832 40.6681518554688 40.6079559326172 40.5327949523926 40.2756614685059 39.9623031616211 40.1462173461914 40.5102996826172 39.949634552002 38.9579734802246
44.447093963623 44.4221458435059 44.4208869934082 44.1707458496094 43.914119720459 44.0437774658203 44.1772384643555 44.3091773986816 44.3701553344727 44.4397087097168 44.3961791992188 44.3451766967773 44.3837051391602 44.300350189209 44.176456451416 43.9314727783203 43.8609199523926 43.7123184204102 43.4814758300781 43.1379089355469 42.9867973327637 42.2716293334961 41.7306900024414 41.2938194274902 41.2620582580566 41.5651741027832 42.3824920654297 42.2716293334961 41.9933242797852 41.8725166320801 41.1864585876465 41.0807571411133 40.8859786987305 40.7307548522949 40.0743217468262 39.6890258789062 39.825138092041 39.7463989257812 39.9182739257812 39.7124519348145 39.6697769165039 38.8180084228516 39.4051971435547 40.1036338806152 39.8681526184082 38.5822105407715
44.0057067871094 44.2310562133789 44.3812675476074 44.2694358825684 44.0788040161133 43.9450340270996 43.8882675170898 44.1685600280762 44.2331771850586 44.3463020324707 44.3841972351074 44.3345756530762 44.3530006408691 44.3364486694336 44.1655158996582 44.0533409118652 43.9402618408203 43.8214569091797 43.6625328063965 43.4682121276855 43.2696418762207 42.6252593994141 41.6158256530762 41.6637191772461 41.0327911376953 41.5096435546875 42.274658203125 41.7720260620117 41.9012794494629 42.2611885070801 42.1300659179688 41.9443244934082 41.3439826965332 40.9450263977051 39.5478973388672 38.4016761779785 38.3929786682129 38.2660598754883 38.2027053833008 38.5840759277344 38.6972351074219 38.8142127990723 38.9526405334473 39.6761894226074 39.5199661254883 39.1482810974121
44.139820098877 44.1688003540039 44.2590408325195 44.2135925292969 44.1581649780273 43.8740844726562 43.6450309753418 43.3964958190918 43.9272880554199 44.3111000061035 44.3913154602051 44.377571105957 44.4111213684082 44.3789443969727 44.1058807373047 43.7476463317871 43.713565826416 43.7329521179199 43.7399635314941 43.6100425720215 43.4618034362793 43.0728607177734 42.1002502441406 42.3323516845703 41.4728736877441 41.4381370544434 41.5142822265625 41.7602767944336 40.823356628418 41.3702430725098 41.0179138183594 41.0656242370605 42.0932235717773 41.698917388916 40.8445625305176 38.8635559082031 38.0103874206543 37.9856910705566 37.3668899536133 37.7206649780273 38.2505073547363 38.1900177001953 38.2368507385254 39.3946800231934 38.9799957275391 38.4869346618652
44.2207870483398 44.1054916381836 44.1301803588867 43.9393920898438 44.0831909179688 43.9845352172852 43.7471008300781 43.4977264404297 43.6374664306641 44.122444152832 44.2983093261719 44.4045753479004 44.4101524353027 44.3534927368164 44.2762451171875 43.919116973877 43.5515632629395 43.3595085144043 43.5542831420898 43.6260719299316 43.4799194335938 43.3093032836914 43.0086212158203 42.4896545410156 41.5347099304199 41.3175506591797 41.2245025634766 41.2776107788086 41.2914085388184 40.7976608276367 40.2655181884766 40.8947639465332 41.890796661377 41.2265777587891 41.3807525634766 40.8840103149414 40.4587669372559 40.3112754821777 39.4222373962402 38.416934967041 39.0167121887207 38.6861305236816 38.9990577697754 39.1292457580566 38.8352394104004 38.3946418762207
