inst/extdata/Tmax/Tmax36.asc
NCOLS 100 
NROWS 79 
XLLCORNER 148.06 
YLLCORNER -21.49 
CELLSIZE 0.01 
NODATA_value -3.4e+38 
[rows 0 to 19 of 79, columns 0 to 45 of 100]
31.089221954345700 31.2264633178711 30.6593017578125 31.6047344207764 31.6046123504639 31.8387336730957 31.8222427368164 31.5382995605469 31.3034973144531 31.4803714752197 31.1130847930908 31.1404323577881 31.1640453338623 30.2434978485107 30.6136741638184 30.9177265167236 31.0763969421387 31.1290760040283 29.8873119354248 29.4193820953369 28.5408248901367 27.3142261505127 27.7429275512695 28.9257564544678 29.4711132049561 30.0628700256348 29.6712226867676 29.6319313049316 29.9365730285645 29.6098365783691 27.6948547363281 26.0576629638672 23.9256191253662 24.0853309631348 23.023021697998 21.866756439209 21.4571666717529 21.2050552368164 21.7762889862061 23.4141387939453 24.8963661193848 25.2844696044922 25.9719295501709 31.5916442871094 31.2580909729004 30.2876071929932
31.7414569854736 30.7851524353027 29.5075168609619 30.2022953033447 30.2805557250977 31.1790542602539 31.5596923828125 31.6809196472168 32.2245826721191 32.3317642211914 31.7947101593018 30.8791961669922 31.4963836669922 30.5211162567139 30.8248176574707 30.5121402740479 31.2685127258301 31.0688819885254 30.4316711425781 29.6054191589355 29.7515029907227 28.9813652038574 28.7367153167725 29.1027393341064 29.4939079284668 29.9748630523682 30.3229675292969 30.2982196807861 30.0091571807861 29.5987148284912 28.630033493042 26.9098815917969 24.5350189208984 26.8920555114746 23.7643222808838 22.5912246704102 22.0513439178467 22.9568328857422 23.913402557373 24.5303611755371 25.9894466400146 26.0988330841064 29.3356323242188 30.1660842895508 30.8303394317627 29.7394409179688
31.5580368041992 30.7190856933594 30.7293739318848 31.2646980285645 30.7057800292969 31.0447196960449 31.4037570953369 31.8353061676025 32.2176322937012 32.3205108642578 31.8549976348877 31.1348571777344 31.4622669219971 31.0378322601318 30.5205001831055 30.5768699645996 30.6437377929688 30.9184246063232 30.200382232666 29.73459815979 29.2493667602539 29.5723037719727 29.1127223968506 29.393253326416 30.1006374359131 30.2436866760254 30.2654705047607 30.2471961975098 30.4494094848633 29.9442195892334 30.1869850158691 28.9476547241211 29.942066192627 27.0033092498779 29.0250644683838 23.1965732574463 22.2761268615723 22.0491199493408 23.040210723877 23.9644680023193 25.4630603790283 31.8122863769531 31.7960014343262 28.4487266540527 28.3259048461914 30.8990631103516
32.0582809448242 31.9026756286621 31.0124645233154 31.9700813293457 31.2847518920898 30.8404350280762 31.3829574584961 31.7389678955078 32.0321502685547 32.2334213256836 32.0439605712891 31.5289764404297 31.4464168548584 31.480094909668 31.1923694610596 31.1549129486084 31.229621887207 30.7910766601562 30.626895904541 29.7083625793457 29.5028400421143 29.298900604248 29.3937110900879 29.423131942749 29.9613285064697 30.129545211792 30.1319713592529 30.0921382904053 29.8042774200439 29.1366481781006 29.2362728118896 30.2929153442383 29.0886859893799 27.1662197113037 23.3374633789062 22.5507984161377 22.7127246856689 22.2232913970947 22.2047348022461 21.8160991668701 23.2000026702881 25.1988906860352 28.8416709899902 32.4544334411621 26.6127872467041 26.6897659301758
32.6447639465332 31.9427051544189 31.828441619873 32.3061447143555 31.9511871337891 31.5758075714111 30.9673328399658 31.8295593261719 32.6432342529297 31.984317779541 32.1778030395508 31.8431854248047 31.8005332946777 31.7068424224854 31.2977657318115 30.9372272491455 30.9360065460205 30.4364814758301 29.8237705230713 29.1645660400391 29.1713905334473 29.635103225708 29.6485557556152 29.8536643981934 29.5694217681885 29.5584392547607 30.6491680145264 29.9517421722412 29.8425903320312 30.1241989135742 29.444486618042 29.6706066131592 28.9638957977295 28.2292976379395 28.8402881622314 23.8936233520508 23.4552001953125 23.0457439422607 21.7964572906494 21.8292388916016 21.7489814758301 24.7061748504639 28.0356273651123 30.1450328826904 25.9631900787354 25.0648880004883
33.1315689086914 32.5578498840332 31.9336051940918 32.199405670166 32.3902473449707 31.8899478912354 31.8993854522705 32.0821075439453 32.2521820068359 32.107494354248 32.0048751831055 32.393196105957 31.9566783905029 31.5127925872803 30.7033767700195 30.9233894348145 30.8680572509766 30.1621913909912 29.5432243347168 29.0300579071045 29.0749702453613 29.7020797729492 29.7517871856689 29.6869068145752 30.4228210449219 30.053466796875 30.174503326416 29.3016948699951 29.1309871673584 28.6637840270996 27.6821975708008 28.6093311309814 29.27294921875 28.4643592834473 28.1024780273438 28.4428462982178 24.0094795227051 23.5347023010254 23.0762634277344 22.6588516235352 21.9023551940918 23.8544940948486 29.047046661377 28.1613502502441 26.2282314300537 23.4665374755859
32.1452865600586 32.7747039794922 32.7024993896484 32.9955444335938 32.4864845275879 32.2026901245117 31.3980884552002 31.6394958496094 32.1997566223145 32.371940612793 32.6255302429199 32.654914855957 31.706298828125 31.166955947876 31.0973434448242 31.1510829925537 30.6804714202881 30.0403652191162 29.5948009490967 29.1159400939941 28.6183834075928 29.2729549407959 29.684154510498 29.8860416412354 30.1469497680664 30.5233974456787 30.4278526306152 29.6563606262207 29.508768081665 27.9462184906006 27.0890064239502 26.2626514434814 27.3611125946045 28.1491832733154 28.1029205322266 27.693567276001 24.3022174835205 22.8219127655029 22.9004688262939 22.8310356140137 22.8059158325195 24.1859378814697 29.8400230407715 31.0419311523438 26.4744834899902 29.0808734893799
32.792781829834 32.2841453552246 33.0748023986816 33.2059478759766 32.5920104980469 32.3797836303711 31.4554233551025 31.5918083190918 32.1052856445312 32.248462677002 32.1892929077148 32.0424194335938 31.3702926635742 31.8432445526123 31.6821269989014 30.5495414733887 30.2487621307373 29.61181640625 30.1157417297363 28.9751224517822 28.0935249328613 28.6224994659424 29.0635643005371 29.9868927001953 30.1978664398193 30.4706344604492 30.3071975708008 29.4407997131348 29.0730895996094 28.7137813568115 26.816032409668 26.3379974365234 27.0227451324463 26.7358570098877 27.225793838501 27.6036109924316 23.5775337219238 22.832612991333 22.5734100341797 22.9918365478516 23.1106357574463 24.0063037872314 24.9024562835693 26.1937026977539 26.3195133209229 24.1072521209717
32.0775833129883 32.6928901672363 32.3667221069336 32.5364379882812 32.4729423522949 32.4711723327637 32.11474609375 31.4415855407715 31.8050937652588 32.1593780517578 32.2847900390625 32.7088508605957 32.9636993408203 31.8536186218262 31.5140113830566 30.370491027832 30.1539421081543 30.1100063323975 30.3203907012939 29.1702041625977 29.1752262115479 28.8172168731689 29.1443042755127 29.9108581542969 30.3098411560059 30.5767059326172 29.7699203491211 28.3263187408447 28.7755317687988 28.6478080749512 27.7055816650391 26.8226795196533 26.5704803466797 25.8680210113525 28.3272228240967 26.4045143127441 27.3118934631348 27.6103420257568 22.704080581665 22.5910491943359 22.6444149017334 22.8242988586426 23.1976051330566 24.5862483978271 25.3295917510986 24.0096950531006
31.484899520874 32.3533096313477 32.5691719055176 33.0630874633789 32.4541893005371 32.5552253723145 32.1300239562988 31.7156639099121 31.9532909393311 31.8113842010498 32.2138137817383 32.3259048461914 31.3892192840576 31.2984752655029 31.2575149536133 31.0284633636475 30.8682250976562 30.5992794036865 30.1102161407471 30.0080299377441 30.0659408569336 29.3165721893311 29.6768836975098 30.3470802307129 30.999698638916 30.9161529541016 29.9142894744873 29.3731002807617 28.7173290252686 27.6728115081787 27.0153160095215 26.6933460235596 26.645486831665 27.3229866027832 27.768180847168 26.1228466033936 23.1610317230225 26.471794128418 23.2257061004639 22.352237701416 22.3447647094727 22.0828132629395 22.5870971679688 23.476749420166 23.4852619171143 23.3394222259521
31.8614902496338 32.8309555053711 32.6519889831543 32.1493072509766 32.9060516357422 33.0844879150391 32.5499992370605 32.0387763977051 32.1326141357422 32.0865440368652 32.413875579834 31.9132957458496 31.7045860290527 30.7077255249023 30.8400192260742 30.8287334442139 30.7640838623047 30.884313583374 30.5449390411377 30.5435218811035 29.490701675415 29.4882583618164 29.3188762664795 30.1142253875732 30.3441944122314 31.1961669921875 29.6787033081055 27.9689865112305 27.3878936767578 27.2080631256104 26.8623943328857 27.3253879547119 27.9271507263184 27.9028396606445 27.4893245697021 25.7521781921387 23.2799167633057 23.0020046234131 23.0581302642822 22.3386001586914 22.4388771057129 22.0235996246338 21.95046043396 22.6212577819824 23.0519981384277 23.3451194763184
32.3773078918457 31.7909202575684 32.310676574707 32.4546089172363 32.5397911071777 33.4941329956055 32.8237800598145 32.1430282592773 31.9580860137939 32.192081451416 31.908275604248 32.4217376708984 32.1248092651367 31.6601123809814 31.4479064941406 31.1954135894775 31.3769874572754 31.1834754943848 31.0057201385498 30.4034118652344 29.685302734375 29.3026695251465 29.7425880432129 29.690881729126 29.5106220245361 30.0516567230225 28.686056137085 28.0586605072021 27.6064624786377 27.8427104949951 28.1283512115479 28.1258850097656 28.0272407531738 27.6083641052246 27.564525604248 26.5153141021729 27.3547611236572 22.4393463134766 23.0036754608154 23.2243137359619 23.0717639923096 22.8088855743408 22.0245094299316 22.7328186035156 22.9353942871094 22.9772281646729
32.4682502746582 32.4996070861816 32.4820823669434 33.2018089294434 33.0874519348145 33.1737098693848 32.5345878601074 31.8830146789551 32.2129402160645 33.1542167663574 32.1923561096191 32.5563354492188 31.9170780181885 32.4010925292969 31.9545993804932 31.6576290130615 32.1558227539062 31.6466426849365 31.416166305542 30.2326278686523 30.070198059082 30.4576644897461 30.4843769073486 30.8978595733643 30.7850227355957 30.3300189971924 29.9890651702881 29.2626609802246 28.5148105621338 28.2369899749756 29.0787258148193 28.8258819580078 28.6881351470947 28.2873840332031 27.0316009521484 26.3685035705566 25.2962989807129 26.5398273468018 25.4186115264893 23.7604560852051 22.4553184509277 22.2274074554443 21.8962440490723 21.6931953430176 23.2319469451904 23.52024269104
33.0654067993164 33.2705993652344 31.9838333129883 32.4890975952148 32.0787315368652 32.1058807373047 32.8640441894531 32.3163719177246 32.5550384521484 32.492992401123 32.4593620300293 32.2993545532227 31.9582767486572 31.525936126709 31.8823528289795 31.5131359100342 31.8914794921875 31.6277351379395 31.4624614715576 30.8318634033203 31.058572769165 31.1355152130127 30.9147472381592 31.0311908721924 30.3581619262695 28.8376197814941 28.4515438079834 28.4775390625 27.8716773986816 28.1814575195312 29.0376453399658 28.8435382843018 28.4813747406006 27.7658309936523 27.127311706543 28.69895362854 27.2273254394531 23.5746402740479 27.6379451751709 28.9605312347412 28.2613105773926 23.7497901916504 22.9272422790527 22.8296527862549 23.2663593292236 24.0500373840332
31.701416015625 31.8138694763184 32.2820663452148 32.7125625610352 32.488166809082 32.3095169067383 32.3304290771484 33.0526008605957 32.0622901916504 31.8368301391602 31.8770484924316 31.6859683990479 31.1543846130371 31.0629634857178 31.3499813079834 30.9204254150391 31.6742057800293 31.7098236083984 31.5618648529053 31.674409866333 31.4145774841309 30.8270893096924 30.1858558654785 30.2510929107666 30.1667575836182 30.0491752624512 29.7794189453125 29.264612197876 28.7735404968262 29.4337387084961 28.80202293396 29.1933059692383 29.0762252807617 29.1023235321045 28.7387828826904 27.4622020721436 28.0974578857422 27.7456016540527 27.5030097961426 28.8762054443359 28.6244678497314 28.7232246398926 23.7029895782471 22.959716796875 23.3590545654297 24.2738952636719
30.2806568145752 31.5920543670654 32.430477142334 32.1391143798828 32.8565292358398 32.8276443481445 32.6255645751953 32.2259101867676 32.8355522155762 32.4066276550293 31.0259265899658 31.6814460754395 30.6701698303223 29.9149589538574 30.8767585754395 30.7869930267334 30.251615524292 30.8369827270508 31.6178455352783 31.3713397979736 31.237211227417 31.0487670898438 30.9774017333984 30.9863605499268 30.7065715789795 30.3984069824219 30.6068058013916 30.1777591705322 30.0204219818115 29.7330474853516 29.5380992889404 28.9521770477295 28.9871730804443 29.4001903533936 29.2583885192871 29.1862010955811 29.6066398620605 28.0343112945557 29.3939590454102 29.8566379547119 29.151927947998 27.7572650909424 22.984920501709 22.2089881896973 22.8051872253418 23.4909706115723
31.3414268493652 30.2841205596924 31.6023006439209 32.6042327880859 31.62038230896 31.6090621948242 32.7992935180664 32.1051139831543 32.0608367919922 32.4236221313477 31.43337059021 31.3706970214844 30.3119525909424 29.7528076171875 30.5579261779785 29.5793323516846 29.5528774261475 30.4475784301758 30.4885635375977 30.7426776885986 31.2482948303223 31.1865673065186 30.6727046966553 30.7600898742676 30.1790809631348 29.681339263916 29.1582775115967 29.5141677856445 30.0478687286377 29.1035194396973 28.7872352600098 28.2518501281738 28.4888896942139 29.2115745544434 29.4776515960693 29.2544994354248 29.787109375 29.8676681518555 29.4282417297363 28.8825702667236 29.0959777832031 27.6375255584717 26.5536365509033 23.51979637146 22.9811534881592 23.7455368041992
31.7132301330566 31.5499629974365 31.6112880706787 32.7896995544434 32.0646553039551 32.4774017333984 33.0324096679688 33.0778770446777 33.3472747802734 33.1272583007812 32.8490333557129 32.4427452087402 30.5443840026855 29.9800624847412 30.3428764343262 29.8318767547607 29.5351428985596 29.4151554107666 28.7616596221924 30.0071887969971 30.746114730835 31.5116271972656 31.7733325958252 31.1880054473877 29.9358577728271 28.5542869567871 27.9643421173096 28.5606460571289 29.4314022064209 29.0855312347412 28.8358573913574 29.6154956817627 29.4892578125 29.4439563751221 30.1415596008301 29.277156829834 28.9028987884521 28.9775619506836 29.4849643707275 29.5076484680176 29.8794212341309 29.5349044799805 28.4115467071533 27.9332084655762 25.1468296051025 24.8107814788818
32.7130584716797 31.4998569488525 31.1150665283203 31.6929035186768 31.8247337341309 32.4449081420898 33.2739028930664 32.5052947998047 33.4177322387695 33.094066619873 31.9294891357422 32.1703491210938 31.272834777832 28.6469821929932 28.9402370452881 28.2462711334229 28.7004489898682 28.1752605438232 29.2147407531738 30.2309799194336 31.3192596435547 31.1067485809326 31.6420097351074 31.5723419189453 30.3327865600586 29.1657733917236 27.8399085998535 28.2329521179199 29.7305526733398 28.9886112213135 29.2715682983398 29.9732913970947 30.7759666442871 30.7642211914062 30.0092601776123 29.6711387634277 29.1963958740234 29.2864818572998 29.9577140808105 29.9287033081055 30.0039978027344 29.9152698516846 29.6274032592773 29.5334548950195 27.8878536224365 24.8410453796387
31.5841026306152 31.6313648223877 32.0272903442383 31.7301120758057 32.4071998596191 32.3127174377441 33.2489624023438 33.2469253540039 32.2295875549316 32.5750350952148 32.9699211120605 32.2579689025879 31.3784694671631 28.3161563873291 28.780689239502 28.9009208679199 28.5148487091064 28.8315181732178 28.8421764373779 29.9042530059814 31.0688419342041 30.8274707794189 31.3502521514893 31.4424800872803 31.0521335601807 30.1018562316895 29.0540256500244 28.7675533294678 29.4786376953125 29.7679309844971 30.3893413543701 30.8391380310059 30.7407455444336 30.7761745452881 30.8781089782715 29.9081783294678 29.2492580413818 29.134651184082 29.1289596557617 29.6217384338379 30.4096946716309 30.0172348022461 29.0620517730713 29.2976493835449 28.2346878051758 27.6898097991943
