inst/extdata/Tmax/Tmax145.asc
NCOLS 100 
NROWS 79 
XLLCORNER 148.06 
YLLCORNER -21.49 
CELLSIZE 0.01 
NODATA_value -3.4e+38 
[rows 40 to 59 of 79, columns 46 to 91 of 100]
26.7331352233887 27.6267929077148 28.0077476501465 28.8145790100098 30.3038330078125 31.3710994720459 30.8809795379639 28.9659862518311 28.6089878082275 29.2215766906738 29.7852554321289 31.7382774353027 31.3394584655762 31.6021366119385 30.7017135620117 31.8513698577881 32.0817108154297 31.7882633209229 31.9222602844238 32.0559997558594 32.0947647094727 31.0991020202637 31.555591583252 31.9313869476318 32.0529594421387 32.1423950195312 32.0574951171875 31.665018081665 31.8910541534424 32.1261215209961 32.1072845458984 31.9659214019775 31.6361598968506 30.270544052124 30.6004409790039 31.3826656341553 31.3036403656006 31.2217864990234 31.5070724487305 30.9196739196777 30.1250915527344 30.6818695068359 31.0549736022949 30.8480377197266 31.1622314453125 31.2305088043213
27.9736614227295 29.0488357543945 28.9560985565186 28.9003772735596 30.3445339202881 31.6791744232178 30.4575119018555 30.0418643951416 30.7193851470947 30.8334102630615 31.260290145874 32.0522842407227 31.9482097625732 31.9884376525879 31.8490982055664 32.2165946960449 32.2822303771973 32.2320518493652 32.2070388793945 32.2518997192383 32.2550430297852 31.7170314788818 30.9738311767578 31.3892612457275 31.3258247375488 31.8877754211426 32.2403945922852 31.7522773742676 31.7607173919678 32.2015686035156 32.2572250366211 32.1909675598145 32.0317459106445 31.3934268951416 31.6771373748779 31.7439441680908 31.5334529876709 31.5462989807129 31.6774883270264 31.8306503295898 30.799877166748 31.0709495544434 31.7588081359863 31.5646629333496 31.7270278930664 31.6799869537354
30.2244701385498 30.3747444152832 30.5279178619385 30.9651412963867 31.3485889434814 31.899543762207 31.4580764770508 30.8924884796143 31.480676651001 31.9432697296143 31.8758811950684 32.2418060302734 32.3006134033203 32.236026763916 32.2275428771973 32.3448753356934 32.3784255981445 32.3742065429688 32.360954284668 32.3702125549316 32.296875 31.3151988983154 31.1192741394043 31.6841945648193 31.1418228149414 31.6564273834229 32.1524925231934 32.0670013427734 32.025260925293 32.3137893676758 32.3554344177246 32.367546081543 32.3427314758301 32.2390251159668 32.1506652832031 31.8191032409668 30.8393249511719 31.5113048553467 32.1026458740234 32.1122283935547 31.992488861084 31.9454612731934 32.0859222412109 32.1368598937988 32.1929893493652 32.1499557495117
31.404317855835 31.405818939209 31.5397510528564 31.718843460083 31.9961948394775 32.102912902832 32.0324401855469 31.7982578277588 32.0071296691895 32.2656135559082 32.289249420166 32.3643341064453 32.3619499206543 32.3425483703613 32.3846435546875 32.3791122436523 32.3297500610352 32.3242492675781 32.3787269592285 32.430061340332 32.4040374755859 32.1717147827148 31.9209136962891 32.1274032592773 32.0029792785645 31.5477104187012 31.8776931762695 32.1855125427246 32.3664360046387 32.4066047668457 32.4193115234375 32.4282112121582 32.4133415222168 32.3852233886719 32.3938255310059 32.2568054199219 31.7603378295898 32.109432220459 32.3144340515137 32.3112487792969 32.2913856506348 32.30224609375 32.3004837036133 32.330493927002 32.3489227294922 32.3290596008301
31.2413482666016 31.4811553955078 31.7540321350098 31.7825222015381 31.8632431030273 32.0175361633301 32.0942039489746 32.1897659301758 32.2403602600098 32.1990165710449 31.9959354400635 32.1345405578613 32.072151184082 31.8095588684082 32.0275802612305 32.1958770751953 32.0938301086426 32.2329177856445 32.352222442627 32.4219207763672 32.456600189209 32.3381881713867 32.0215339660645 31.7633895874023 32.0242042541504 32.2305793762207 32.2991638183594 32.3613471984863 32.3857307434082 32.4359970092773 32.4335517883301 32.4385223388672 32.4080200195312 32.3800621032715 32.4235954284668 32.3787574768066 32.3704528808594 32.3787384033203 32.331859588623 32.3455696105957 32.3355407714844 32.3344497680664 32.3502502441406 32.3487281799316 32.2622375488281 32.304557800293
29.5389766693115 30.2654762268066 30.651496887207 30.8402061462402 31.200252532959 31.5888328552246 31.5486068725586 31.7884845733643 31.8059539794922 31.6473236083984 30.82395362854 30.8605670928955 30.9673538208008 29.3269271850586 30.414493560791 31.2907752990723 31.9105911254883 32.2894401550293 32.4029083251953 32.4450378417969 32.4715538024902 32.3021087646484 31.851734161377 31.4706420898438 31.7829284667969 32.088939666748 32.2449417114258 32.2473373413086 32.332576751709 32.4235191345215 32.4411010742188 32.453010559082 32.4458236694336 32.4496879577637 32.4283866882324 32.3419532775879 32.3437995910645 32.3487434387207 32.3309364318848 32.3351593017578 32.3190536499023 32.3223648071289 32.3240699768066 32.2827072143555 32.2880172729492 32.3263473510742
27.265941619873 28.4661483764648 28.3607387542725 28.3171577453613 29.5578308105469 30.0448741912842 30.142240524292 30.3742294311523 30.8985729217529 30.2268409729004 29.5341987609863 28.9770050048828 29.632360458374 29.5078506469727 30.0265827178955 31.3369941711426 32.1051330566406 32.3274040222168 32.3798942565918 32.3747520446777 32.4438743591309 32.4777412414551 32.0441093444824 31.6838493347168 31.5795593261719 31.8967895507812 32.1393966674805 32.2771797180176 32.4010162353516 32.4352073669434 32.469799041748 32.4924125671387 32.4959831237793 32.4765548706055 32.4042510986328 32.3561096191406 32.3636589050293 32.3718414306641 32.3691101074219 32.3661231994629 32.3490715026855 32.3568458557129 32.3656692504883 32.3432388305664 32.3476066589355 32.2448120117188
27.389066696167 27.3105888366699 27.1115856170654 27.1743431091309 27.1051273345947 27.8390464782715 29.0171604156494 29.624195098877 29.7790546417236 29.6426620483398 30.185661315918 30.0165424346924 29.8555183410645 30.5252647399902 30.8716983795166 31.857364654541 32.1526908874512 32.1992416381836 32.1480293273926 32.2955780029297 32.4418678283691 32.5140419006348 32.3776054382324 32.0626411437988 31.6281471252441 31.9410095214844 32.1666030883789 32.3564186096191 32.4461097717285 32.4992294311523 32.5236473083496 32.5189628601074 32.4632339477539 32.3972511291504 32.3450660705566 32.3337860107422 32.3601341247559 32.3892822265625 32.3920440673828 32.3899154663086 32.3876342773438 32.4024047851562 32.4074821472168 32.39697265625 32.1985816955566 31.9825382232666
27.0186996459961 27.1074142456055 27.3169288635254 27.0285129547119 26.9267425537109 27.0151691436768 27.8415203094482 29.3901882171631 29.8824424743652 30.0328178405762 29.8598651885986 30.0742969512939 30.4206371307373 30.7640037536621 30.8474502563477 31.4580039978027 31.8909664154053 31.907341003418 31.9167919158936 32.2593765258789 32.3925743103027 32.4295654296875 32.5360107421875 32.4634056091309 32.3562927246094 32.3392715454102 32.4475784301758 32.5337982177734 32.5553016662598 32.5715980529785 32.5556449890137 32.4996147155762 32.424186706543 32.2993927001953 32.269702911377 32.3464393615723 32.3707275390625 32.4039039611816 32.4352416992188 32.4334983825684 32.4477882385254 32.4595222473145 32.4563217163086 32.4544792175293 32.3043098449707 32.1758117675781
27.0978145599365 27.2595043182373 27.2741928100586 26.9416732788086 27.4144515991211 28.216423034668 28.3085517883301 29.4855785369873 29.9218349456787 30.0983581542969 29.9034900665283 30.4323577880859 30.7624073028564 30.7858848571777 30.9054164886475 30.813196182251 30.9400405883789 31.2161483764648 31.6433372497559 32.0464019775391 32.171459197998 32.207878112793 32.4833793640137 32.5505790710449 32.5840034484863 32.5786094665527 32.5660781860352 32.4004096984863 32.4813690185547 32.5677680969238 32.5402603149414 32.4347648620605 32.4028816223145 32.2099456787109 32.1544799804688 32.3633766174316 32.3793830871582 32.3761444091797 32.4540328979492 32.4758262634277 32.471378326416 32.4911613464355 32.4897994995117 32.4747848510742 32.4128723144531 32.3520431518555
27.1387195587158 27.0110931396484 27.2180500030518 26.9238166809082 27.5544815063477 28.6116218566895 28.9363536834717 29.4794368743896 30.134973526001 30.5771102905273 30.6189746856689 30.7737884521484 30.8743305206299 30.9272804260254 30.933614730835 30.8952808380127 30.9883098602295 30.707405090332 30.3349342346191 31.6225738525391 31.5172424316406 32.0167427062988 32.3928985595703 32.474494934082 32.5450706481934 32.5458602905273 32.4838562011719 32.2643585205078 32.4384078979492 32.5627288818359 32.4013366699219 32.2392959594727 32.2712783813477 32.265007019043 32.3146743774414 32.4182662963867 32.4412002563477 32.4410285949707 32.4544334411621 32.5060882568359 32.5193710327148 32.5163192749023 32.5059814453125 32.4861488342285 32.4583625793457 32.3776817321777
26.711109161377 26.6750297546387 27.0468502044678 26.4095230102539 26.550630569458 28.508846282959 29.236442565918 29.8265705108643 30.1338558197021 30.3865356445312 30.4640693664551 30.4902839660645 30.2876720428467 30.3085861206055 30.6292705535889 30.7981052398682 31.1921100616455 31.1300258636475 30.9433555603027 31.0101318359375 30.8522453308105 31.7505397796631 32.213924407959 32.420352935791 32.4460029602051 32.4803619384766 32.1194953918457 31.7350425720215 32.4053192138672 32.5625114440918 32.2799224853516 31.9721355438232 32.2599105834961 32.328441619873 32.3761444091797 32.3597717285156 32.3721656799316 32.3916320800781 32.4304733276367 32.4345703125 32.4628982543945 32.5134544372559 32.5154113769531 32.4985771179199 32.4747314453125 32.4153823852539
26.3475856781006 26.1921615600586 26.6541595458984 26.5220184326172 26.6002025604248 27.5874004364014 28.5816230773926 29.203540802002 29.6517734527588 29.9829769134521 29.9175586700439 29.8337955474854 29.8788318634033 30.2144641876221 31.0658359527588 31.204568862915 31.4296531677246 31.3420734405518 31.2706871032715 31.1025485992432 30.8490047454834 31.6124114990234 32.122673034668 32.3501052856445 32.3015174865723 32.4196166992188 32.0197257995605 31.0105381011963 32.1311988830566 32.5354614257812 32.2579383850098 32.0192184448242 32.2530326843262 32.2051544189453 32.1472702026367 32.195442199707 32.2651863098145 32.2126045227051 32.1440544128418 32.1433029174805 32.2832489013672 32.3971099853516 32.5057945251465 32.5020179748535 32.4818687438965 32.4468383789062
27.4778289794922 26.4303817749023 26.5306510925293 26.9238967895508 27.2928085327148 28.3424587249756 28.4008350372314 29.1508712768555 29.90403175354 30.2080192565918 30.5418148040771 30.6815624237061 30.8520603179932 31.1250820159912 31.3554553985596 31.4265727996826 31.3919086456299 31.4952201843262 31.4773349761963 31.2362327575684 31.0293159484863 31.083869934082 31.6939067840576 31.9658527374268 31.902681350708 32.3867721557617 32.2903633117676 31.603874206543 32.2154769897461 32.520923614502 32.2913589477539 32.1111869812012 32.0355911254883 31.6852035522461 31.9109516143799 31.8616580963135 31.8884544372559 31.4428100585938 31.5737476348877 30.4425220489502 31.9828968048096 32.2779541015625 32.486400604248 32.5103034973145 32.4963340759277 32.462215423584
28.1880149841309 27.1696968078613 26.6261310577393 27.4258899688721 28.0662536621094 28.7775039672852 28.8415603637695 29.2901191711426 30.0103588104248 30.3989543914795 30.4294376373291 30.4449787139893 30.9318809509277 31.1455135345459 31.2891387939453 31.2944812774658 31.5472984313965 31.7155055999756 31.7020435333252 31.4437427520752 31.2714385986328 31.2046871185303 31.3732013702393 31.4062385559082 31.3966426849365 32.1735725402832 32.3867301940918 32.0841827392578 31.7746162414551 32.3790626525879 31.8910102844238 31.0125637054443 31.721658706665 31.9182357788086 32.2544937133789 32.2775802612305 32.2492370605469 32.2291984558105 32.0008354187012 30.913158416748 31.8436717987061 32.2201385498047 32.423583984375 32.4888458251953 32.4977226257324 32.4675903320312
28.239631652832 27.352560043335 26.7683029174805 28.0655040740967 29.0290184020996 29.4407215118408 30.1501522064209 30.3617343902588 30.5498027801514 30.6421241760254 30.4449024200439 30.3887405395508 31.0324993133545 31.1551456451416 31.1885204315186 31.2937717437744 31.4434947967529 31.4521045684814 32.057445526123 31.8071727752686 31.510799407959 31.3675079345703 31.3614482879639 31.2022151947021 31.2343883514404 31.9543228149414 32.3560485839844 32.2707023620605 32.1261100769043 32.4818878173828 31.7319736480713 30.5195388793945 31.1057224273682 31.8887310028076 31.9453010559082 31.5309619903564 31.613805770874 32.2214622497559 32.3669090270996 32.3391189575195 32.3936347961426 32.3987808227539 32.4281158447266 32.4414367675781 32.4822044372559 32.4757118225098
28.1157779693604 27.117073059082 26.624397277832 27.8508434295654 29.1237735748291 29.460277557373 28.8833599090576 30.178243637085 30.1122550964355 29.5622634887695 30.4722061157227 30.6790180206299 30.7262268066406 30.8167514801025 30.8591957092285 31.1248207092285 31.2943840026855 31.4445323944092 32.0133361816406 32.1654968261719 31.9585094451904 31.6347618103027 31.4645290374756 31.3969593048096 31.1485538482666 31.6960067749023 32.2240676879883 32.2570266723633 32.480052947998 32.5642395019531 32.0029449462891 30.0396671295166 30.8066139221191 30.2604904174805 30.6775016784668 29.8863925933838 30.9911670684814 32.1783676147461 32.3213043212891 32.4041709899902 32.434196472168 32.3557472229004 32.2512054443359 32.3833885192871 32.4254035949707 32.4379043579102
28.0981578826904 27.3222846984863 27.3724632263184 27.8803977966309 28.7938327789307 29.1979904174805 29.6040191650391 29.8184356689453 28.5429935455322 28.4417915344238 29.9246406555176 28.9527244567871 29.2936420440674 29.7070350646973 30.457202911377 31.0132884979248 31.2093448638916 31.4769535064697 31.8845481872559 32.0480270385742 32.1226234436035 31.8726959228516 31.527156829834 31.624267578125 31.5034084320068 31.7851753234863 31.7998809814453 31.6301193237305 32.2541275024414 32.4741325378418 32.2260704040527 31.4508800506592 29.8178157806396 27.5201644897461 27.7496452331543 29.7495079040527 31.4254035949707 32.1278419494629 32.2655143737793 32.2160034179688 32.2299613952637 31.9914169311523 31.8691234588623 32.2932205200195 32.0221061706543 32.0984420776367
28.0817832946777 27.7011451721191 27.4807052612305 27.7812232971191 28.3824996948242 29.1642379760742 29.3115062713623 28.886848449707 28.4066619873047 29.2229232788086 29.6813335418701 28.6999492645264 29.0008888244629 29.3993740081787 30.33420753479 30.8212642669678 31.181676864624 31.6976737976074 32.1774406433105 32.0022583007812 31.8688354492188 32.2163238525391 31.9491844177246 31.7595500946045 31.5973243713379 31.6113567352295 31.7195739746094 31.6260414123535 32.0100936889648 32.3977661132812 32.4459228515625 31.8837184906006 31.0878314971924 29.1977100372314 28.5012874603271 29.811149597168 31.4135971069336 32.0553016662598 32.1359252929688 31.6299438476562 31.9342765808105 32.1465034484863 31.9285068511963 32.0115966796875 31.662239074707 31.9563159942627
27.7400932312012 27.510425567627 27.013744354248 27.3442993164062 28.1071319580078 28.2570533752441 28.6644897460938 28.9730911254883 29.241153717041 29.3262844085693 29.644510269165 29.8352680206299 30.4556789398193 30.5370349884033 30.7236518859863 30.2229900360107 31.3294525146484 31.7687397003174 32.0205039978027 31.7233695983887 31.8667297363281 32.1024894714355 32.2298965454102 32.1799697875977 31.8756351470947 31.8158321380615 31.4311237335205 31.6291561126709 32.0886344909668 32.197639465332 32.3697128295898 32.4180068969727 31.8129844665527 31.0707111358643 30.0457172393799 29.7264614105225 31.0629043579102 31.9487934112549 31.4086933135986 30.8167400360107 31.8637390136719 32.1559448242188 31.8575916290283 30.9946098327637 31.4078712463379 31.9964733123779
