inst/extdata/Tmax/Tmax136.asc
NCOLS 100 
NROWS 79 
XLLCORNER 148.06 
YLLCORNER -21.49 
CELLSIZE 0.01 
NODATA_value -3.4e+38 
[rows 20 to 39 of 79, columns 46 to 91 of 100]
37.6948547363281 36.1168365478516 36.2973022460938 37.5450401306152 37.3032417297363 36.798957824707 36.5382080078125 35.4730186462402 37.1092185974121 38.4050598144531 39.3349609375 38.9174194335938 38.877140045166 39.3933448791504 39.0757064819336 38.837589263916 39.0575103759766 39.5178184509277 39.6264991760254 39.6055526733398 39.5427780151367 39.4206199645996 39.6379585266113 39.6814880371094 39.6124954223633 39.531120300293 39.41650390625 39.4165840148926 39.3599014282227 39.059741973877 39.0995903015137 39.2947654724121 39.1848564147949 38.934642791748 38.9067268371582 38.8623085021973 38.7625961303711 38.7287864685059 38.6903343200684 38.6453857421875 38.5714340209961 38.3845100402832 37.8507537841797 37.6922645568848 37.834789276123 37.8203468322754
37.9642639160156 36.1045875549316 35.0424995422363 36.5800094604492 36.4492835998535 35.9623413085938 36.731315612793 35.0227546691895 36.1361618041992 37.9816398620605 39.108341217041 37.9265060424805 37.3372497558594 38.9184188842773 37.8677444458008 37.5514373779297 38.2925071716309 39.402530670166 39.3867416381836 39.7176094055176 39.7898864746094 39.7627182006836 39.5643882751465 39.2531967163086 39.2222785949707 39.2687225341797 39.3796272277832 39.329174041748 39.2276382446289 39.1346549987793 39.3698616027832 39.3841171264648 39.3114166259766 38.9819793701172 39.0202598571777 38.9672317504883 38.8309173583984 38.8127250671387 38.7925796508789 38.7699127197266 38.6390838623047 38.5050392150879 38.3021774291992 38.1018218994141 37.9625549316406 37.9466705322266
38.5180053710938 38.0721702575684 36.3566093444824 35.7635498046875 35.3259582519531 36.3615875244141 35.8177528381348 36.0337409973145 35.4763221740723 36.3101234436035 38.3080902099609 38.6461715698242 37.2883453369141 37.6235656738281 37.3026237487793 37.7958869934082 38.7019996643066 39.0297889709473 37.8450393676758 38.9266471862793 39.6027603149414 39.6389274597168 39.0992431640625 38.3710632324219 38.8602600097656 38.8373947143555 39.3123817443848 39.4467849731445 39.1674194335938 39.3171691894531 39.4475326538086 39.459659576416 39.432373046875 39.348258972168 39.2291450500488 39.0618019104004 38.8819580078125 38.7481346130371 38.7870674133301 38.8419380187988 38.729061126709 38.6394081115723 38.3850135803223 38.2574501037598 38.1249923706055 38.2344055175781
37.9531173706055 37.7946586608887 37.2233963012695 36.4908180236816 35.1419792175293 35.8139839172363 36.3898468017578 36.5589752197266 36.3233985900879 35.905517578125 37.1252365112305 37.0917701721191 37.8719635009766 36.383846282959 37.1163787841797 38.4316596984863 38.3902969360352 38.6989936828613 37.5029563903809 39.2685203552246 39.91064453125 39.7915000915527 38.9681129455566 37.7931785583496 38.8273277282715 38.9644584655762 39.02880859375 39.3972778320312 39.5386161804199 39.5652198791504 39.5669326782227 39.5647850036621 39.5172004699707 39.414119720459 39.3011665344238 39.1558380126953 38.7762031555176 38.4608688354492 38.5573081970215 38.7603302001953 38.723030090332 38.7419319152832 38.5013313293457 38.4578056335449 38.2291526794434 38.2476234436035
36.1832122802734 37.3862953186035 37.7007064819336 37.4705581665039 36.5261764526367 35.9559326171875 35.9494018554688 35.652214050293 36.4579048156738 35.9521217346191 35.9581527709961 35.5188331604004 37.2500762939453 37.9957008361816 37.2563858032227 38.1831207275391 38.8428115844727 39.3257598876953 39.0401840209961 39.8876152038574 39.8775672912598 39.7280693054199 39.1211090087891 38.3838119506836 39.0365905761719 39.2738342285156 38.993522644043 39.0524520874023 39.1211700439453 39.5193290710449 39.3715515136719 39.625415802002 39.4946784973145 39.4385643005371 39.3414573669434 39.0429420471191 38.945743560791 38.4377059936523 38.173454284668 38.5466270446777 38.6518058776855 38.7113647460938 38.5451164245605 38.5766868591309 38.6108741760254 38.4799919128418
34.8340263366699 35.7470664978027 36.9700775146484 36.8874740600586 36.0989151000977 35.4110908508301 35.043529510498 34.5048294067383 35.6031112670898 36.1715126037598 35.6926116943359 35.9013137817383 37.1723442077637 38.8661193847656 38.4034004211426 38.470344543457 38.5890808105469 39.7603645324707 39.8214492797852 39.7882995605469 39.7691459655762 39.480224609375 38.394832611084 38.4225425720215 38.4929275512695 39.0353393554688 38.7814712524414 38.2313842773438 38.749885559082 39.6165542602539 39.5588722229004 39.6369514465332 39.5801277160645 39.5336647033691 39.3974685668945 39.2598648071289 39.2542839050293 38.7261848449707 38.2651596069336 38.5245094299316 38.2502479553223 38.3423233032227 38.084098815918 38.6183128356934 38.6427764892578 38.5959396362305
34.7330207824707 34.5808296203613 35.2426338195801 35.8343238830566 36.4694404602051 34.3905906677246 34.1335525512695 34.9100456237793 35.3771171569824 36.0656776428223 36.0941429138184 36.4732818603516 38.0556945800781 38.8396606445312 39.253833770752 39.3939323425293 39.4946594238281 39.9054794311523 39.5754814147949 39.4109535217285 39.4277305603027 39.027515411377 39.1674995422363 39.3765296936035 39.3630104064941 38.8385238647461 38.4562225341797 39.2117500305176 39.4091682434082 39.3531799316406 38.8718643188477 39.4155235290527 39.5274353027344 39.5760955810547 39.5443649291992 39.4597320556641 39.1645584106445 38.8631057739258 38.9074287414551 38.6813888549805 38.5674896240234 38.0823822021484 38.472972869873 38.6305694580078 38.5248565673828 38.4095115661621
34.9096145629883 34.4258766174316 34.7071914672852 34.932502746582 35.4394378662109 33.8707504272461 33.5993118286133 33.9868049621582 35.2012138366699 35.9000473022461 35.4236946105957 35.962043762207 36.8004531860352 37.8541450500488 39.0974464416504 38.807804107666 39.734546661377 39.9243392944336 39.3047752380371 38.6465759277344 39.1920547485352 39.3430099487305 39.5957717895508 39.7688751220703 39.8397216796875 39.4796180725098 39.4563636779785 39.7352104187012 39.7681121826172 39.1513175964355 38.7646636962891 39.2074890136719 39.2797508239746 39.6061973571777 39.6237258911133 39.5673904418945 39.4194488525391 39.2190589904785 38.861400604248 38.1866912841797 37.9813919067383 37.8549652099609 37.8664360046387 38.405086517334 38.4123916625977 38.7154998779297
35.7315101623535 35.3204727172852 36.0284004211426 35.8780555725098 35.5042610168457 34.1970977783203 34.9277191162109 34.6800842285156 34.9656753540039 35.5191040039062 35.2656135559082 35.522274017334 35.6447868347168 37.6727409362793 38.7573890686035 38.1314086914062 39.4133377075195 39.6436462402344 39.3588943481445 38.3697967529297 38.59423828125 39.5170783996582 39.8349342346191 39.9198417663574 39.9168319702148 39.8275299072266 39.8193473815918 39.8939437866211 39.5529823303223 38.9321365356445 38.8069915771484 39.3511848449707 39.6814346313477 39.691707611084 39.6640892028809 39.6361198425293 39.577262878418 39.4421234130859 39.2136421203613 38.2366142272949 37.7339706420898 37.0317192077637 37.8244743347168 37.7855834960938 38.5063629150391 38.7904853820801
37.2600250244141 37.1125640869141 36.5578765869141 36.4971237182617 35.9995346069336 35.5461730957031 35.2647094726562 34.322135925293 34.9243774414062 34.4431648254395 33.9922409057617 35.2329177856445 35.5483818054199 37.2898902893066 38.1605072021484 37.496509552002 38.1229820251465 38.7921905517578 39.2568244934082 39.1303329467773 38.7321472167969 39.5478134155273 39.924015045166 39.7373046875 39.6949195861816 39.4241104125977 39.7520751953125 39.9352645874023 39.1392402648926 38.3945617675781 38.9466438293457 39.4094085693359 39.6825141906738 39.7289085388184 39.718677520752 39.6655616760254 39.6268310546875 39.5294799804688 39.3531723022461 39.010009765625 38.4301300048828 37.9846076965332 37.5950317382812 37.4052352905273 38.1091003417969 38.5006103515625
36.228385925293 36.2290840148926 36.2549705505371 35.9137992858887 35.4563064575195 35.6796798706055 34.8331909179688 34.3418273925781 33.8505706787109 33.9298400878906 33.379337310791 34.2416725158691 34.2303886413574 36.3157119750977 37.2599868774414 36.1893081665039 36.6899032592773 38.0984230041504 39.2380065917969 39.6917343139648 39.2709007263184 39.7711524963379 39.9247512817383 39.5669593811035 39.5307807922363 39.6320533752441 39.9993362426758 39.9584884643555 39.4797401428223 38.895149230957 39.1996955871582 39.4137992858887 39.7514381408691 39.7508316040039 39.6906394958496 39.6573677062988 39.634204864502 39.5505218505859 39.4689102172852 39.2786140441895 39.0555534362793 38.5690956115723 38.2186279296875 38.1555252075195 38.3133926391602 38.6402053833008
35.5401992797852 35.7881736755371 35.6787033081055 35.6335411071777 34.7789421081543 35.5453948974609 34.6334838867188 33.4444808959961 32.8720970153809 33.2348175048828 32.931770324707 33.5707855224609 34.3117408752441 36.0652389526367 36.3520545959473 36.0169143676758 37.9617042541504 38.7978553771973 39.4304237365723 39.8206596374512 40.0459365844727 40.0734825134277 40.0050201416016 39.9092483520508 39.703914642334 39.9457893371582 40.0316276550293 39.9150085449219 39.5750923156738 39.007381439209 39.0720138549805 39.5452156066895 39.7042808532715 39.2922630310059 39.5827865600586 39.6702079772949 39.6305236816406 39.5786514282227 39.5170402526855 39.3992958068848 39.1388206481934 38.4731674194336 38.7313079833984 38.7384452819824 38.6327056884766 38.5566520690918
34.8978691101074 35.183723449707 35.0302391052246 35.2860260009766 35.3671836853027 35.3813705444336 35.0234375 33.9591217041016 34.0453109741211 34.1382217407227 33.1803436279297 32.9869918823242 33.8847541809082 36.0033531188965 36.4895172119141 36.9844207763672 37.0344123840332 37.7953758239746 39.4159660339355 39.9021759033203 40.0574035644531 39.9979858398438 39.8511047363281 39.7904777526855 39.9023628234863 39.9643402099609 39.9233474731445 39.572021484375 38.747688293457 38.8797492980957 39.1487998962402 39.8050384521484 39.5573501586914 39.0556793212891 39.6150321960449 39.5490913391113 39.5516624450684 39.5732154846191 39.4672889709473 39.2035255432129 38.6942024230957 37.5856704711914 37.3412895202637 38.2102012634277 38.491024017334 38.7259178161621
35.5522575378418 35.0883636474609 34.9319915771484 35.0886535644531 35.2166175842285 35.1432876586914 34.7070693969727 34.3414916992188 34.8907775878906 34.2264709472656 34.1050987243652 34.0901947021484 34.8392562866211 35.9175262451172 36.062744140625 36.766716003418 37.673397064209 38.6942253112793 39.4889106750488 39.8268165588379 40.1037139892578 40.0651702880859 39.6240158081055 39.3615341186523 39.5393218994141 39.414924621582 39.4857711791992 39.6105842590332 39.4991836547852 39.4671440124512 39.7189903259277 39.9269790649414 39.3812866210938 39.288646697998 39.7534980773926 39.3192863464355 39.4112396240234 39.3528518676758 39.3920211791992 39.1160659790039 37.8883819580078 37.2304000854492 36.6973266601562 38.2082977294922 38.6590881347656 38.4966316223145
35.9691963195801 34.808032989502 34.7595367431641 34.8642501831055 34.9940719604492 34.8723678588867 34.8889961242676 35.4141540527344 35.0666084289551 34.3346557617188 35.4249877929688 35.8584976196289 36.0301628112793 35.430347442627 35.4479446411133 36.4544410705566 37.6434555053711 38.8403244018555 38.9106788635254 39.5978507995605 39.9848861694336 39.9856491088867 39.5620956420898 39.3385009765625 38.6344528198242 39.1219902038574 39.5500717163086 39.6631202697754 39.8453674316406 39.8359107971191 39.974739074707 39.9074821472168 39.8601875305176 39.8647994995117 39.8066825866699 39.590030670166 38.7698669433594 39.2582359313965 39.3955879211426 39.3307189941406 39.2811584472656 38.1886596679688 38.0307922363281 39.1161804199219 39.3230133056641 39.2861785888672
36.0293655395508 35.0675849914551 34.7360420227051 34.6626663208008 34.8615875244141 34.6935195922852 35.3380889892578 36.9071998596191 36.0666084289551 35.4056015014648 37.1935424804688 37.8227653503418 37.4553985595703 35.5793914794922 35.9631271362305 36.0758094787598 37.8875427246094 37.9383811950684 37.8110809326172 38.6279525756836 39.6303176879883 39.8134841918945 39.5180816650391 39.49658203125 39.3693389892578 39.0750427246094 39.1244773864746 39.2354278564453 39.8092613220215 39.7624588012695 39.8226318359375 39.6433753967285 39.7962684631348 39.9019393920898 39.636905670166 39.608512878418 39.0185852050781 39.1055488586426 39.3146820068359 39.1552963256836 39.4924011230469 39.4719696044922 39.3676910400391 39.3808517456055 39.4502563476562 39.3318367004395
35.7631759643555 35.1290626525879 34.9228744506836 35.0944061279297 35.0276718139648 35.1281509399414 35.5332908630371 37.5653076171875 37.7345924377441 36.4559135437012 38.3298492431641 39.1940422058105 38.5234870910645 37.380786895752 37.3036842346191 37.8747291564941 38.4863014221191 38.8947906494141 39.1673393249512 39.4245452880859 39.6088714599609 39.3634338378906 38.1633224487305 38.4043731689453 38.8600234985352 38.5261421203613 38.7010231018066 39.4275436401367 39.7352561950684 39.8921279907227 38.9606094360352 38.92724609375 39.6117935180664 39.8460502624512 39.4178924560547 39.4298896789551 38.7286415100098 39.1525039672852 39.303840637207 39.1595497131348 39.5389938354492 39.5882873535156 39.5870666503906 39.5630493164062 39.4942474365234 39.2166137695312
35.7940483093262 35.4023666381836 35.356559753418 35.4989204406738 35.6797981262207 35.8216400146484 36.5974960327148 38.2341194152832 38.1165657043457 37.6594581604004 38.9747886657715 39.9699554443359 39.2161521911621 38.160717010498 37.6497840881348 39.2220878601074 39.531005859375 39.7017593383789 39.8656349182129 39.8725204467773 39.4987258911133 39.2527084350586 39.3322296142578 38.8309326171875 39.1111679077148 39.5177001953125 39.6884117126465 39.7393798828125 39.9026336669922 39.8245735168457 38.4124946594238 39.0263633728027 39.7335510253906 39.6472930908203 39.259349822998 39.2121162414551 39.0551528930664 39.4707298278809 39.4742088317871 39.4603004455566 39.4244995117188 39.5416717529297 39.5614471435547 39.5490493774414 39.4656982421875 39.4135360717773
35.7474899291992 35.4593849182129 35.9804000854492 36.7064208984375 36.8096466064453 37.2664680480957 38.2920150756836 38.8569145202637 38.2861061096191 38.6346282958984 39.9360656738281 40.3767623901367 39.8713989257812 38.9335021972656 38.2266540527344 39.185848236084 39.1708946228027 39.4234886169434 40.0622940063477 40.2223739624023 39.9488754272461 39.6354217529297 39.9169464111328 39.7320289611816 39.6013145446777 40.0042533874512 39.8986396789551 39.8106231689453 40.0163078308105 39.8033332824707 39.2557640075684 39.6473007202148 39.7791938781738 39.4969482421875 38.6671943664551 38.6211738586426 38.8845863342285 39.4883308410645 39.2181816101074 39.1795234680176 39.1866073608398 39.4138565063477 39.377082824707 39.4088859558105 39.2647972106934 39.3665924072266
35.8030433654785 35.9796142578125 37.0732002258301 37.7814025878906 38.4381904602051 39.3284301757812 39.9049263000488 39.2557716369629 37.464427947998 38.0486030578613 39.4525489807129 40.4207801818848 40.0235977172852 39.7074699401855 38.8781585693359 39.7644538879395 39.8842010498047 39.3192291259766 39.9966697692871 40.2848014831543 40.2279891967773 39.829647064209 40.1080703735352 40.1813812255859 40.02978515625 40.0994529724121 39.9202842712402 39.2395401000977 39.924144744873 40.0277709960938 39.9423217773438 39.8283271789551 39.5343933105469 39.2204437255859 38.4673767089844 38.505859375 39.1435241699219 39.067512512207 38.9235954284668 38.7416915893555 38.8567771911621 39.0987358093262 38.9112968444824 39.1985778808594 38.7837562561035 39.104621887207
