inst/extdata/Tmax/Tmax54.asc
NCOLS 100 
NROWS 79 
XLLCORNER 148.06 
YLLCORNER -21.49 
CELLSIZE 0.01 
NODATA_value -3.4e+38 
[rows 20 to 39 of 79, columns 46 to 91 of 100]
33.3255348205566 31.7525157928467 31.9401206970215 33.1818695068359 32.9470558166504 32.4480209350586 32.1811218261719 31.1076068878174 32.7507476806641 34.0046997070312 34.9013252258301 34.4925537109375 34.4576187133789 34.9805641174316 34.6668319702148 34.4203758239746 34.6488075256348 35.1367988586426 35.2675552368164 35.2605018615723 35.2031555175781 35.0824394226074 35.3352546691895 35.4051895141602 35.3566818237305 35.279842376709 35.1836624145508 35.2105445861816 35.176326751709 34.8796501159668 34.9418601989746 35.1645431518555 35.0669937133789 34.8154335021973 34.8142051696777 34.7828826904297 34.7068367004395 34.6992149353027 34.6826972961426 34.6532783508301 34.5799293518066 34.4322814941406 33.9088249206543 33.7926597595215 33.9896202087402 33.9927368164062
33.5825347900391 31.7304229736328 30.6338062286377 32.2199440002441 32.092212677002 31.5989589691162 32.3653526306152 30.6312713623047 31.7788066864014 33.5927581787109 34.6736183166504 33.5287551879883 32.9626388549805 34.5000648498535 33.4817314147949 33.1646385192871 33.8860168457031 35.0082778930664 35.0033416748047 35.3726196289062 35.4634284973145 35.4393730163574 35.2416763305664 34.9370155334473 34.9276161193848 34.9838943481445 35.1255073547363 35.095947265625 35.0112342834473 34.935131072998 35.2044715881348 35.2299575805664 35.1708488464355 34.8379096984863 34.9078254699707 34.8623237609863 34.7419586181641 34.7463111877441 34.7450561523438 34.7375984191895 34.6177062988281 34.5158271789551 34.3366279602051 34.1534118652344 34.0251884460449 34.019157409668
34.1209297180176 33.6870422363281 31.9867725372314 31.3850860595703 30.9377346038818 31.9995460510254 31.4412803649902 31.6664905548096 31.1029224395752 31.9546165466309 33.894775390625 34.2256011962891 32.9138641357422 33.2419357299805 32.9347648620605 33.3997917175293 34.2875137329102 34.6226959228516 33.4604187011719 34.5348167419434 35.2504653930664 35.2933044433594 34.7463607788086 34.0168190002441 34.5402221679688 34.5211067199707 35.040412902832 35.2054595947266 34.9304542541504 35.1107521057129 35.265754699707 35.2873802185059 35.2759475708008 35.2114295959473 35.1089706420898 34.9372329711914 34.7664756774902 34.6434440612793 34.703052520752 34.7873344421387 34.6836357116699 34.6197776794434 34.374698638916 34.261417388916 34.1368293762207 34.2644309997559
33.5539360046387 33.3991737365723 32.8371696472168 32.107006072998 30.7238616943359 31.4225826263428 32.0019950866699 32.1759834289551 31.944263458252 31.5272960662842 32.7313232421875 32.701961517334 33.4634056091309 32.0124626159668 32.7370262145996 34.001277923584 33.9654159545898 34.2745971679688 33.1126899719238 34.867748260498 35.5657768249512 35.4382400512695 34.5879173278809 33.4086112976074 34.4819679260254 34.6274833679199 34.7143669128418 35.1220321655273 35.2930145263672 35.3415641784668 35.3576927185059 35.3624992370605 35.3324241638184 35.2457313537598 35.1477165222168 34.997386932373 34.6119575500488 34.2958106994629 34.4147796630859 34.6588668823242 34.63037109375 34.6783866882324 34.4425277709961 34.4156913757324 34.1855010986328 34.2129440307617
31.7716369628906 32.9901161193848 33.3026390075684 33.0777320861816 32.1390533447266 31.5593852996826 31.5470142364502 31.2480449676514 32.0716972351074 31.5663433074951 31.5620136260986 31.1201877593994 32.8543968200684 33.581958770752 32.8677062988281 33.7549514770508 34.4071388244629 34.9027099609375 34.6181945800781 35.521369934082 35.5191459655762 35.3576812744141 34.735034942627 33.9981460571289 34.6859130859375 34.9358749389648 34.6628456115723 34.7427291870117 34.8329277038574 35.2715225219727 35.1272811889648 35.4042930603027 35.2869033813477 35.2487831115723 35.166145324707 34.8509559631348 34.7658920288086 34.2467193603516 33.9914627075195 34.4050102233887 34.5234718322754 34.6094017028809 34.4513282775879 34.5020561218262 34.5531578063965 34.4194488525391
30.3482131958008 31.3171234130859 32.5708999633789 32.4914016723633 31.6968936920166 30.9876937866211 30.5990428924561 30.0373458862305 31.1949424743652 31.7807216644287 31.2832717895508 31.5020084381104 32.7728462219238 34.4284362792969 33.9777946472168 34.0311164855957 34.1518898010254 35.3529434204102 35.4290199279785 35.4048957824707 35.3910522460938 35.0805587768555 33.9828605651855 34.0279769897461 34.1165618896484 34.6744537353516 34.4301605224609 33.8838157653809 34.4314231872559 35.3555145263672 35.3061294555664 35.3978157043457 35.3580703735352 35.3290138244629 35.2030181884766 35.058219909668 35.0693893432617 34.5283546447754 34.0680847167969 34.3584594726562 34.0749244689941 34.188835144043 33.9352073669434 34.511848449707 34.5508079528809 34.5309410095215
30.2297687530518 30.074779510498 30.7861347198486 31.4105281829834 32.0665016174316 29.8992481231689 29.6208171844482 30.456413269043 30.9523620605469 31.6657829284668 31.6841335296631 32.0708885192871 33.6293792724609 34.3993186950684 34.817310333252 34.9494361877441 35.059757232666 35.502628326416 35.1604537963867 34.996826171875 35.0184059143066 34.6008796691895 34.7620048522949 34.9959030151367 34.9999923706055 34.4599304199219 34.0856704711914 34.8791809082031 35.1022033691406 35.0599403381348 34.5698318481445 35.1452217102051 35.2830009460449 35.3539199829102 35.33837890625 35.2490119934082 34.9512329101562 34.6537780761719 34.7202224731445 34.5016593933105 34.3837928771973 33.8957099914551 34.3161163330078 34.497184753418 34.4157638549805 34.3214836120605
30.410961151123 29.9003562927246 30.2106227874756 30.4585571289062 30.999979019165 29.3307304382324 29.0397033691406 29.463695526123 30.7628135681152 31.49192237854 30.9921264648438 31.5507926940918 32.3975448608398 33.4349136352539 34.6595306396484 34.3591156005859 35.308780670166 35.52001953125 34.8763694763184 34.2181129455566 34.7699203491211 34.923095703125 35.2001152038574 35.3988647460938 35.4889755249023 35.1129722595215 35.1059646606445 35.4154052734375 35.4670524597168 34.8366966247559 34.4492721557617 34.9137229919434 35.0069580078125 35.3691635131836 35.4051055908203 35.3451194763184 35.2057609558105 35.0127830505371 34.6548843383789 33.9726181030273 33.7613372802734 33.6464729309082 33.6736106872559 34.2530975341797 34.2883949279785 34.6380310058594
31.270263671875 30.8447532653809 31.591365814209 31.441499710083 31.0587253570557 29.6730613708496 30.4508247375488 30.1962661743164 30.5064849853516 31.0918312072754 30.8195018768311 31.092565536499 31.2253093719482 33.2541275024414 34.3187599182129 33.6922950744629 34.9712066650391 35.2169799804688 34.9279975891113 33.9411125183105 34.1627006530762 35.0995864868164 35.4507522583008 35.5551414489746 35.5630340576172 35.4648323059082 35.4733123779297 35.5687408447266 35.226261138916 34.598575592041 34.4816703796387 35.0501594543457 35.4149475097656 35.4427452087402 35.4298248291016 35.3998603820801 35.3565406799316 35.2315788269043 35.007396697998 34.0091133117676 33.4960060119629 32.802433013916 33.623851776123 33.60546875 34.375789642334 34.7036209106445
32.8330612182617 32.6875152587891 32.1280708312988 32.0707626342773 31.5649642944336 31.0955600738525 30.7966842651367 29.8038101196289 30.4535732269287 29.9509506225586 29.4599742889404 30.7840709686279 31.1181755065918 32.8745384216309 33.7302055358887 33.0689239501953 33.6843566894531 34.3465309143066 34.8192901611328 34.696044921875 34.2958068847656 35.1254653930664 35.5394325256348 35.3451042175293 35.3134346008301 35.0326614379883 35.3897895812988 35.5982971191406 34.7845840454102 34.0410614013672 34.6139183044434 35.0973701477051 35.4002838134766 35.4654769897461 35.4702262878418 35.4151000976562 35.3922271728516 35.3065948486328 35.136646270752 34.7915802001953 34.193775177002 33.7588119506836 33.3830490112305 33.2104415893555 33.9494972229004 34.3778915405273
31.7709445953369 31.7772254943848 31.8094959259033 31.4619884490967 30.9907207489014 31.226282119751 30.3313961029053 29.8147754669189 29.3030738830566 29.3921318054199 28.8381042480469 29.7270107269287 29.7240180969238 31.8995780944824 32.8446273803711 31.7676219940186 32.2740440368652 33.6608657836914 34.796573638916 35.2732925415039 34.8364715576172 35.3568077087402 35.5317230224609 35.154239654541 35.1328163146973 35.2373237609863 35.6368980407715 35.6096305847168 35.1255722045898 34.5404624938965 34.8632659912109 35.0890998840332 35.4582862854004 35.4731063842773 35.4252014160156 35.3913536071777 35.3840370178223 35.312068939209 35.2416915893555 35.060733795166 34.8319053649902 34.3477401733398 34.0082626342773 33.963809967041 34.1472816467285 34.5069198608398
31.0419292449951 31.3097381591797 31.2015895843506 31.1610355377197 30.2636795043945 31.0775814056396 30.1087512969971 28.8878555297852 28.3278217315674 28.6986808776855 28.3900299072266 29.0374393463135 29.8013496398926 31.6394462585449 31.9357566833496 31.5868034362793 33.5207176208496 34.3468894958496 34.9904861450195 35.4052963256836 35.6508903503418 35.6783905029297 35.6118850708008 35.5154190063477 35.3021278381348 35.5557708740234 35.659854888916 35.5518569946289 35.2140731811523 34.6457366943359 34.7218742370605 35.2138023376465 35.3950119018555 34.980224609375 35.2985649108887 35.3907623291016 35.3652687072754 35.326244354248 35.2811737060547 35.1780662536621 34.9088859558105 34.2398643493652 34.5251617431641 34.5532379150391 34.46435546875 34.4017333984375
30.3509273529053 30.6647205352783 30.508960723877 30.7887725830078 30.8821105957031 30.8995265960693 30.5175094604492 29.3995380401611 29.4953861236572 29.5980987548828 28.6393814086914 28.4559745788574 29.3616886138916 31.5724468231201 32.0710906982422 32.5545196533203 32.6086807250977 33.3611297607422 34.9751968383789 35.4903411865234 35.6600532531738 35.5917472839355 35.4401054382324 35.3818664550781 35.5103187561035 35.5693244934082 35.536922454834 35.1878280639648 34.361743927002 34.5098686218262 34.7934150695801 35.475658416748 35.2316970825195 34.7290878295898 35.322582244873 35.2530746459961 35.2710342407227 35.313232421875 35.2216300964355 34.9650077819824 34.4409637451172 33.3368606567383 33.1080017089844 34.0002403259277 34.305549621582 34.5634422302246
31.0395736694336 30.5535182952881 30.394344329834 30.5699024200439 30.7139015197754 30.6390609741211 30.1710319519043 29.7871189117432 30.3840026855469 29.6838893890381 29.5581893920898 29.5540409088135 30.3470478057861 31.4781875610352 31.6332015991211 32.3334007263184 33.2351531982422 34.2427673339844 35.0478858947754 35.406322479248 35.705436706543 35.6594390869141 35.1933212280273 34.9247016906738 35.1178207397461 34.9888305664062 35.0757026672363 35.2193908691406 35.1198043823242 35.1016578674316 35.371883392334 35.5923652648926 35.0395050048828 34.9591865539551 35.456600189209 35.0043830871582 35.1174430847168 35.0749282836914 35.1341400146484 34.8653373718262 33.6187744140625 32.9760360717773 32.4580955505371 33.9888191223145 34.4659957885742 34.3108024597168
31.4709777832031 30.2430477142334 30.1994457244873 30.3205680847168 30.4679050445557 30.3412761688232 30.3561973571777 30.9209156036377 30.5617942810059 29.7892951965332 30.9390602111816 31.3971519470215 31.5806140899658 30.9676132202148 30.9935607910156 32.0148658752441 33.2028694152832 34.3863182067871 34.4598808288574 35.162841796875 35.5722885131836 35.568042755127 35.1241989135742 34.8969955444336 34.1952896118164 34.6836776733398 35.134090423584 35.2652397155762 35.4687576293945 35.4737815856934 35.628345489502 35.5611152648926 35.5266914367676 35.5470085144043 35.5023422241211 35.278018951416 34.4533576965332 34.9690093994141 35.1289215087891 35.0791015625 35.0291976928711 33.9290237426758 33.7856178283691 34.9098815917969 35.1458053588867 35.1197319030762
31.5261859893799 30.5124263763428 30.1643714904785 30.0940685272217 30.3168106079102 30.1400508880615 30.8246555328369 32.4571151733398 31.6014270782471 30.9193534851074 32.7440757751465 33.3752632141113 33.0140724182129 31.1153926849365 31.5188503265381 31.6249008178711 33.4407539367676 33.4943428039551 33.3728370666504 34.1805152893066 35.1939849853516 35.3799896240234 35.0750045776367 35.0570907592773 34.9300231933594 34.6301918029785 34.6944160461426 34.8210105895996 35.422779083252 35.3887634277344 35.4603233337402 35.2775802612305 35.4508018493652 35.577262878418 35.3185386657715 35.2901840209961 34.6999626159668 34.8047256469727 35.0364265441895 34.8883666992188 35.2398796081543 35.2360076904297 35.1435089111328 35.1743850708008 35.2651100158691 35.1511344909668
31.237190246582 30.5690670013428 30.3560543060303 30.5485954284668 30.4855709075928 30.5963344573975 31.0226993560791 33.1170387268066 33.2902717590332 32.0023307800293 33.8730773925781 34.7369346618652 34.0706825256348 32.940673828125 32.8681983947754 33.4224586486816 34.0296401977539 34.4383277893066 34.7150382995605 34.980110168457 35.1693916320801 34.9090805053711 33.7155113220215 33.9557838439941 34.410774230957 34.075023651123 34.263484954834 35.0098342895508 35.3386917114258 35.5146408081055 34.573070526123 34.5417785644531 35.2532005310059 35.5124588012695 35.0864143371582 35.0987892150879 34.4007453918457 34.8460884094238 35.0173645019531 34.8846626281738 35.278450012207 35.3470344543457 35.3625564575195 35.3536224365234 35.2968521118164 35.0141258239746
31.2644710540771 30.8553810119629 30.8145084381104 30.9740047454834 31.1732082366943 31.3251667022705 32.1271057128906 33.7863655090332 33.6719284057617 33.2185173034668 34.5169982910156 35.5322685241699 34.7642669677734 33.7154273986816 33.2122611999512 34.7627487182617 35.0799751281738 35.2596321105957 35.4347801208496 35.4464263916016 35.0565338134766 34.7972030639648 34.8816757202148 34.3794326782227 34.6640815734863 35.0697250366211 35.2579803466797 35.3243103027344 35.5062637329102 35.4396095275879 34.0222015380859 34.6396675109863 35.3758201599121 35.303035736084 34.9212074279785 34.8723754882812 34.727954864502 35.1686782836914 35.188045501709 35.1893844604492 35.151538848877 35.2893486022949 35.3256034851074 35.3280143737793 35.2550315856934 35.209342956543
31.2068252563477 30.9076118469238 31.4680099487305 32.2325248718262 32.3447265625 32.812931060791 33.8396797180176 34.4077224731445 33.8394775390625 34.1902046203613 35.4942283630371 35.9615211486816 35.4335632324219 34.4832954406738 33.782886505127 34.7262725830078 34.7141532897949 34.973274230957 35.6416320800781 35.8181343078613 35.5253562927246 35.1892433166504 35.4888648986816 35.2977180480957 35.1656303405762 35.5812835693359 35.4730262756348 35.3915100097656 35.6170997619629 35.4112739562988 34.8643798828125 35.2667655944824 35.4183082580566 35.1440048217773 34.3200569152832 34.272403717041 34.551139831543 35.1806793212891 34.9183692932129 34.8933486938477 34.8988342285156 35.1471328735352 35.1233520507812 35.1703910827637 35.0340766906738 35.1480102539062
31.2577438354492 31.4524383544922 32.6002159118652 33.3286361694336 33.9951591491699 34.8893966674805 35.4680976867676 34.8086166381836 33.0121078491211 33.6033935546875 34.9988098144531 36.0086669921875 35.5923805236816 35.267692565918 34.4305877685547 35.3169288635254 35.445011138916 34.8671836853027 35.5710182189941 35.8837661743164 35.8223342895508 35.3908996582031 35.6910171508789 35.7754135131836 35.6170463562012 35.681282043457 35.4932708740234 34.8064384460449 35.515697479248 35.6382369995117 35.5613174438477 35.4483070373535 35.1624526977539 34.8583374023438 34.1172637939453 34.1537208557129 34.808048248291 34.7452964782715 34.6138496398926 34.444450378418 34.5575790405273 34.8157768249512 34.6386299133301 34.9436798095703 34.5344047546387 34.8669090270996
