inst/extdata/Tmax/Tmax98.asc
NCOLS 100 
NROWS 79 
XLLCORNER 148.06 
YLLCORNER -21.49 
CELLSIZE 0.01 
NODATA_value -3.4e+38 
[rows 20 to 39 of 79, columns 46 to 91 of 100]
31.044017791748 29.1249980926514 29.3480243682861 30.8719291687012 30.5809803009033 29.9630451202393 29.6390190124512 28.3790626525879 30.3439540863037 31.9280376434326 33.0519752502441 32.5490074157715 32.5058174133301 33.1429100036621 32.7609252929688 32.4621200561523 32.7380828857422 33.3105430603027 33.4520721435547 33.4340667724609 33.3584480285645 33.2073097229004 33.4838752746582 33.5456428527832 33.468563079834 33.3625450134277 33.2290878295898 33.2379531860352 33.1760444641113 32.8108100891113 32.8617515563965 33.1030426025391 33.007007598877 32.7599601745605 32.7602005004883 32.7281646728516 32.6475143432617 32.6403846740723 32.6279678344727 32.6083869934082 32.5424919128418 32.3609886169434 31.7867336273193 31.635383605957 31.8254489898682 31.831880569458
31.3737640380859 29.1123390197754 27.8614368438721 29.6982383728027 29.5408058166504 28.9404468536377 29.8774394989014 27.8896656036377 29.1536140441895 31.4146099090576 32.7777404785156 31.3423728942871 30.6262531280518 32.5632171630859 31.2844390869141 30.8876800537109 31.8007068634033 33.1676368713379 33.1550788879395 33.5697975158691 33.6604461669922 33.6262245178223 33.3882026672363 33.0111808776855 32.9805221557617 33.031608581543 33.1766052246094 33.1215553283691 33.0026588439941 32.8939743041992 33.1863708496094 33.2014923095703 33.1519775390625 32.8166046142578 32.890754699707 32.8493576049805 32.7281341552734 32.7388076782227 32.7472190856934 32.7527656555176 32.6224479675293 32.5010299682617 32.3020858764648 32.1052360534668 31.9769058227539 31.9828052520752
32.059871673584 31.5233955383301 29.4375228881836 28.7126312255859 28.2043075561523 29.44482421875 28.7716827392578 29.0394954681396 28.4072208404541 29.3842697143555 31.8172588348389 32.2339515686035 30.5799369812012 30.9943084716797 30.6050834655762 31.1999225616455 32.3141822814941 32.7214126586914 31.273717880249 32.6064224243164 33.4385681152344 33.4816932678223 32.822940826416 31.9321517944336 32.5412750244141 32.5053825378418 33.0989761352539 33.2720031738281 32.9319076538086 33.1232719421387 33.2843322753906 33.3008613586426 33.3023719787598 33.240306854248 33.1392059326172 32.9707374572754 32.8010902404785 32.6823387145996 32.7573890686035 32.8492050170898 32.7392196655273 32.6682815551758 32.4122543334961 32.2979888916016 32.1776466369629 32.3258476257324
31.3657684326172 31.1763381958008 30.4845123291016 29.5927810668945 27.9923439025879 28.7612686157227 29.4625053405762 29.6724185943604 29.3859825134277 28.8757266998291 30.360969543457 30.3232288360596 31.2814655303955 29.459753036499 30.3634624481201 31.9646263122559 31.91868019104 32.3014945983887 30.8389663696289 33.0107383728027 33.801643371582 33.6532592773438 32.6446952819824 31.2055187225342 32.4827842712402 32.6435089111328 32.7284965515137 33.1896438598633 33.3701972961426 33.4081687927246 33.4088554382324 33.4087409973145 33.3875160217285 33.3045120239258 33.210376739502 33.0666046142578 32.6725158691406 32.3463821411133 32.4880142211914 32.7486267089844 32.7236976623535 32.7747764587402 32.534595489502 32.5156173706055 32.2862968444824 32.3320579528809
29.2126045227051 30.6833724975586 31.0685844421387 30.7914962768555 29.641056060791 28.9379005432129 28.9238662719727 28.5705642700195 29.5530128479004 28.9335689544678 28.9349536895752 28.4698390960693 30.5217895507812 31.4377136230469 30.5359764099121 31.6608791351318 32.4722671508789 33.0687408447266 32.7236251831055 33.7704963684082 33.7584037780762 33.5720901489258 32.8301887512207 31.928150177002 32.7366371154785 33.0204277038574 32.6794395446777 32.7567863464355 32.8460578918457 33.342830657959 33.1734199523926 33.4793128967285 33.3657836914062 33.3348808288574 33.2583808898926 32.943286895752 32.8658065795898 32.3206024169922 32.0479316711426 32.5086936950684 32.6459732055664 32.743968963623 32.5868301391602 32.6530723571777 32.7218055725098 32.598819732666
27.6101112365723 28.6822547912598 30.1818428039551 30.0833168029785 29.119686126709 28.288875579834 27.8949489593506 27.320255279541 28.5307140350342 29.2052173614502 28.6445007324219 28.8883094787598 30.4277458190918 32.501636505127 31.9406147003174 32.0124244689941 32.1616477966309 33.6011810302734 33.681568145752 33.6464004516602 33.6224594116211 33.2641372680664 31.9347667694092 31.9729976654053 32.0636405944824 32.7216148376465 32.4129257202148 31.8023834228516 32.419750213623 33.4554176330566 33.3848991394043 33.4950675964355 33.4634704589844 33.443286895752 33.3235130310059 33.188404083252 33.2136383056641 32.6507835388184 32.1534652709961 32.4841003417969 32.1862449645996 32.3243713378906 32.0559959411621 32.7025108337402 32.7607917785645 32.7315979003906
27.499626159668 27.3464202880859 28.0724296569824 28.7952270507812 29.5766220092773 27.1792335510254 26.9020328521729 27.7609539031982 28.2835788726807 29.076623916626 29.0996627807617 29.5682773590088 31.5097789764404 32.470287322998 32.980152130127 33.1418800354004 33.2696342468262 33.7785110473633 33.378231048584 33.1811103820801 33.2005424499512 32.7054710388184 32.8817710876465 33.1432037353516 33.1308479309082 32.4751319885254 32.0287590026855 32.9419364929199 33.1888008117676 33.1316299438477 32.6163597106934 33.2513275146484 33.4075965881348 33.4929962158203 33.4891204833984 33.4132308959961 33.1155776977539 32.807186126709 32.889045715332 32.663818359375 32.5515785217285 32.0203018188477 32.5058937072754 32.7176971435547 32.6278800964355 32.5211868286133
27.6967239379883 27.1856002807617 27.5009574890137 27.756519317627 28.3213768005371 26.6193733215332 26.3248596191406 26.7591381072998 28.0989418029785 28.8826580047607 28.3569488525391 28.9623355865479 29.98219871521 31.2760353088379 32.7979965209961 32.4338226318359 33.5716934204102 33.8092880249023 33.0537147521973 32.2512893676758 32.9178466796875 33.0990943908691 33.4139289855957 33.6312294006348 33.7226867675781 33.2684631347656 33.2432746887207 33.590503692627 33.6341590881348 32.9152030944824 32.5039176940918 33.0280838012695 33.1410026550293 33.5368156433105 33.5874977111816 33.5429458618164 33.409984588623 33.2176284790039 32.8455848693848 32.0987930297852 31.8752841949463 31.756706237793 31.8014125823975 32.466682434082 32.5071334838867 32.8773880004883
28.677791595459 28.1730690002441 29.0455093383789 28.8621864318848 28.4033279418945 26.9734954833984 27.7733879089355 27.5155925750732 27.8403816223145 28.4594326019287 28.1827564239502 28.4790897369385 28.6290893554688 31.0553932189941 32.3836517333984 31.6080017089844 33.1785621643066 33.4646339416504 33.1196708679199 31.9118385314941 32.184154510498 33.3111915588379 33.7058334350586 33.8142356872559 33.8141593933105 33.693531036377 33.6865653991699 33.7815017700195 33.3632278442383 32.6693954467773 32.5531005859375 33.1914176940918 33.5914764404297 33.6341705322266 33.6348266601562 33.6217384338379 33.5875205993652 33.4686470031738 33.2448310852051 32.1553955078125 31.5792045593262 30.7681064605713 31.7499027252197 31.7362060546875 32.616096496582 32.9640731811523
30.5529289245605 30.3747673034668 29.6978340148926 29.6249580383301 29.015323638916 28.4524383544922 28.1390323638916 27.1226253509521 27.793794631958 27.2789249420166 26.781717300415 28.1598892211914 28.5219688415527 30.5874919891357 31.6555843353271 30.8314056396484 31.6011352539062 32.4224662780762 32.9940910339355 32.8424491882324 32.3520431518555 33.3468894958496 33.8126907348633 33.5861930847168 33.5370712280273 33.192756652832 33.5989723205566 33.8272171020508 32.8731880187988 32.0573577880859 32.712028503418 33.2578392028809 33.5943145751953 33.6770820617676 33.6969718933105 33.6559257507324 33.6440048217773 33.5671043395996 33.4020042419434 33.0469436645508 32.3972244262695 31.9050674438477 31.4721260070801 31.2755336761475 32.1509857177734 32.6353454589844
29.2935638427734 29.295768737793 29.328914642334 28.9107933044434 28.3482093811035 28.6190071105957 27.6672897338867 27.1424121856689 26.6153011322021 26.7133693695068 26.1049041748047 27.0665645599365 27.0662746429443 29.3912563323975 30.5540618896484 29.265193939209 29.8430213928223 31.573974609375 32.970588684082 33.5294036865234 33.0108337402344 33.619140625 33.8108978271484 33.3739700317383 33.3319778442383 33.4448661804199 33.8992881774902 33.8509407043457 33.2634010314941 32.628044128418 32.998908996582 33.263500213623 33.6721267700195 33.7027053833008 33.667163848877 33.6480369567871 33.6534080505371 33.5916023254395 33.5319404602051 33.3502807617188 33.1165313720703 32.589771270752 32.2116622924805 32.1698265075684 32.3888931274414 32.7950134277344
28.4497108459473 28.7561988830566 28.6224174499512 28.5678024291992 27.5953521728516 28.4552917480469 27.4476261138916 26.1574096679688 25.5385627746582 25.9470672607422 25.6096706390381 26.3246650695801 27.1542530059814 29.1058540344238 29.4401721954346 29.0727958679199 31.4049606323242 32.4296531677246 33.2056503295898 33.6864013671875 33.9600028991699 33.9885902404785 33.9071388244629 33.791877746582 33.5417060852051 33.8272399902344 33.9348068237305 33.7928276062012 33.376708984375 32.7553253173828 32.8541717529297 33.411434173584 33.620548248291 33.1895713806152 33.5476989746094 33.6630249023438 33.6500663757324 33.6235313415527 33.5858917236328 33.485466003418 33.2104034423828 32.4755897521973 32.8082885742188 32.8486328125 32.7586975097656 32.6973190307617
27.6839256286621 28.0214748382568 27.8507957458496 28.149450302124 28.2505359649658 28.2651672363281 27.880054473877 26.7279758453369 26.8336391448975 26.9471130371094 25.8900299072266 25.6864223480225 26.6887378692627 29.0446243286133 29.617338180542 30.2137012481689 30.2764930725098 31.2118740081787 33.1959075927734 33.7936363220215 33.9808235168457 33.9021072387695 33.723991394043 33.6515693664551 33.7908668518066 33.8547515869141 33.8057594299316 33.3755416870117 32.4371337890625 32.6176414489746 32.9489936828613 33.7101097106934 33.4645919799805 32.9279518127441 33.591911315918 33.5360298156738 33.5702743530273 33.6255035400391 33.5382995605469 33.272777557373 32.7064781188965 31.4239177703857 31.1593914031982 32.2347831726074 32.5989875793457 32.8987312316895
28.4777565002441 27.9056491851807 27.7425365447998 27.9247245788574 28.0764102935791 28.0044536590576 27.5329341888428 27.1449947357178 27.7591514587402 27.0422019958496 26.9069805145264 26.9021911621094 27.7417640686035 28.9485359191895 29.1259136199951 29.9471282958984 31.0618629455566 32.3122444152832 33.2851676940918 33.7007522583008 34.0366516113281 33.9832763671875 33.4440231323242 33.123908996582 33.3430366516113 33.1777458190918 33.2656288146973 33.4203109741211 33.2887001037598 33.2834243774414 33.5919303894043 33.8464813232422 33.266242980957 33.1925621032715 33.7467803955078 33.2768020629883 33.4124717712402 33.3781051635742 33.4538078308105 33.1726150512695 31.7519149780273 30.9912605285645 30.3743286132812 32.2284545898438 32.7927017211914 32.62939453125
28.9940738677979 27.5945129394531 27.5535449981689 27.6791324615479 27.8325843811035 27.7073535919189 27.7298240661621 28.3170070648193 27.9500389099121 27.1589794158936 28.357816696167 28.8500061035156 29.0552368164062 28.4077892303467 28.4424324035645 29.5635032653809 31.0259552001953 32.491153717041 32.5785293579102 33.4198532104492 33.8897285461426 33.8841285705566 33.3665885925293 33.0939521789551 32.2330284118652 32.8165473937988 33.3420028686523 33.4818000793457 33.7066688537598 33.6966590881348 33.8768577575684 33.8247718811035 33.8030815124512 33.839168548584 33.8055152893066 33.5812034606934 32.6756935119629 33.2692375183105 33.4565467834473 33.4147605895996 33.3767890930176 32.1361541748047 31.9788703918457 33.2841262817383 33.5475959777832 33.5315933227539
29.070728302002 27.8838024139404 27.5260429382324 27.457935333252 27.6864204406738 27.5102596282959 28.2185306549072 30.1424541473389 29.1086616516113 28.3337059020996 30.4830951690674 31.2550354003906 30.8062686920166 28.5709457397461 29.0122489929199 29.140926361084 31.3258323669434 31.388988494873 31.2338924407959 32.2343063354492 33.4547653198242 33.6718940734863 33.3113784790039 33.2858505249023 33.1307029724121 32.7572822570801 32.8185195922852 32.9593276977539 33.6590194702148 33.6140975952148 33.706974029541 33.5286674499512 33.7310752868652 33.8797798156738 33.6147041320801 33.6006698608398 32.9605598449707 33.0922889709473 33.3630294799805 33.2129364013672 33.6129302978516 33.6209907531738 33.5350914001465 33.5806655883789 33.6881675720215 33.5817489624023
28.7449684143066 27.9617748260498 27.7268924713135 27.9254913330078 27.8653545379639 27.9825572967529 28.4503860473633 30.9517917633057 31.1599636077881 29.5911350250244 31.8756294250488 32.9304580688477 32.1142120361328 30.7172374725342 30.6233520507812 31.3103065490723 32.0590209960938 32.5587387084961 32.8923988342285 33.207447052002 33.427921295166 33.1205253601074 31.653600692749 31.9488162994385 32.5062255859375 32.0940399169922 32.3210830688477 33.1879501342773 33.5652160644531 33.7583122253418 32.7283821105957 32.711727142334 33.5226287841797 33.8164215087891 33.3655242919922 33.3970413208008 32.6210479736328 33.1433067321777 33.3481483459473 33.2147903442383 33.663257598877 33.7490577697754 33.7781562805176 33.7818222045898 33.73583984375 33.4505386352539
28.7939128875732 28.3103694915771 28.2541217803955 28.430643081665 28.6547107696533 28.8247871398926 29.7738876342773 31.7804546356201 31.6378917694092 31.0797653198242 32.6727828979492 33.8863639831543 32.969066619873 31.6822338104248 31.0575428009033 32.9654808044434 33.3432388305664 33.5525894165039 33.7536735534668 33.762939453125 33.3012161254883 32.9928855895996 33.0903015136719 32.4778518676758 32.8204383850098 33.3039360046387 33.5131187438965 33.5756874084473 33.7757949829102 33.6897163391113 32.1019172668457 32.8310203552246 33.6660346984863 33.5998725891113 33.1902694702148 33.1537666320801 33.004322052002 33.5115509033203 33.5468292236328 33.5624237060547 33.5397605895996 33.7028465270996 33.7557373046875 33.7724952697754 33.7102012634277 33.6773986816406
28.7387046813965 28.3829040527344 29.0272006988525 29.9223957061768 30.0499629974365 30.606086730957 31.8533210754395 32.5428810119629 31.847728729248 32.2737693786621 33.8461952209473 34.3848114013672 33.7696876525879 32.6275291442871 31.7652320861816 32.9228057861328 32.9051818847656 33.2138557434082 33.9944038391113 34.1908340454102 33.851318359375 33.4603004455566 33.804557800293 33.5784225463867 33.4189414978027 33.898365020752 33.7691459655762 33.6612510681152 33.9130172729492 33.6647262573242 33.0697326660156 33.5366325378418 33.7158699035645 33.4279022216797 32.5027542114258 32.4654388427734 32.8032341003418 33.5291175842285 33.2518463134766 33.2388191223145 33.2650527954102 33.5563812255859 33.5459594726562 33.6131973266602 33.4808540344238 33.6224365234375
28.809606552124 29.0280990600586 30.375452041626 31.2441787719727 32.0471649169922 33.1265563964844 33.8204345703125 33.0316505432129 30.8449821472168 31.56081199646 33.2598495483398 34.4405212402344 33.9571113586426 33.5725898742676 32.562255859375 33.6295433044434 33.7761764526367 33.0874290466309 33.9143867492676 34.2669105529785 34.1921768188477 33.697078704834 34.037353515625 34.1271820068359 33.9418258666992 34.0133094787598 33.7937965393066 32.9653358459473 33.7976112365723 33.9251594543457 33.8438415527344 33.7381782531738 33.4367866516113 33.1088638305664 32.2648162841797 32.3255996704102 33.0990562438965 33.042106628418 32.9057159423828 32.7234954833984 32.8761558532715 33.1899871826172 33.0027313232422 33.3685035705566 32.9152145385742 33.3175621032715
