inst/extdata/Tmax/Tmax35.asc
NCOLS 100 
NROWS 79 
XLLCORNER 148.06 
YLLCORNER -21.49 
CELLSIZE 0.01 
NODATA_value -3.4e+38 
[rows 0 to 19 of 79, columns 46 to 91 of 100]
31.7362747192383 30.4121780395508 30.5794200897217 30.8033599853516 31.3503284454346 31.2796688079834 31.4972896575928 31.5045604705811 30.489839553833 28.4868335723877 30.1789531707764 29.537239074707 30.296443939209 30.9449157714844 31.0666427612305 31.2353115081787 31.4128475189209 31.8156890869141 30.3710041046143 30.9093685150146 31.0679378509521 -3.4e+38 -3.4e+38 -3.4e+38 -3.4e+38 -3.4e+38 -3.4e+38 -3.4e+38 -3.4e+38 -3.4e+38 -3.4e+38 -3.4e+38 -3.4e+38 -3.4e+38 -3.4e+38 -3.4e+38 -3.4e+38 -3.4e+38 -3.4e+38 -3.4e+38 -3.4e+38 -3.4e+38 -3.4e+38 -3.4e+38 -3.4e+38 -3.4e+38
32.0908203125 31.558012008667 30.1924858093262 30.4735145568848 30.644926071167 30.6153945922852 30.9753837585449 31.3642272949219 30.0490856170654 29.0105018615723 31.060338973999 30.6856346130371 32.498893737793 32.1240615844727 30.9403476715088 29.9279689788818 31.06667137146 32.9134902954102 31.8202972412109 30.5803184509277 31.2712936401367 33.3233451843262 -3.4e+38 -3.4e+38 -3.4e+38 -3.4e+38 -3.4e+38 -3.4e+38 -3.4e+38 -3.4e+38 -3.4e+38 -3.4e+38 -3.4e+38 -3.4e+38 -3.4e+38 -3.4e+38 -3.4e+38 -3.4e+38 -3.4e+38 -3.4e+38 -3.4e+38 -3.4e+38 -3.4e+38 -3.4e+38 -3.4e+38 -3.4e+38
33.8662300109863 30.7666778564453 28.6624984741211 29.13840675354 28.9816112518311 30.5300941467285 29.7110424041748 29.6284942626953 28.7730484008789 28.5117626190186 30.358190536499 31.8102359771729 33.1840438842773 32.6559524536133 30.1204032897949 29.3903331756592 30.9425449371338 30.5803871154785 30.4535121917725 30.6769313812256 30.3402843475342 30.551929473877 30.36110496521 30.8099098205566 -3.4e+38 -3.4e+38 -3.4e+38 -3.4e+38 -3.4e+38 -3.4e+38 -3.4e+38 -3.4e+38 -3.4e+38 -3.4e+38 -3.4e+38 -3.4e+38 -3.4e+38 -3.4e+38 -3.4e+38 -3.4e+38 -3.4e+38 -3.4e+38 -3.4e+38 -3.4e+38 -3.4e+38 -3.4e+38
29.9293994903564 29.4377689361572 26.4932022094727 27.5226898193359 29.1565418243408 28.9765968322754 29.4370708465576 29.5995235443115 29.2874126434326 28.8560352325439 30.1408939361572 29.7547149658203 32.5203094482422 33.0894088745117 30.5301055908203 29.949161529541 31.7926216125488 32.458423614502 31.8861503601074 31.1488914489746 29.7176094055176 30.6436729431152 30.3592548370361 31.1867790222168 31.6580066680908 31.544994354248 -3.4e+38 -3.4e+38 -3.4e+38 -3.4e+38 -3.4e+38 -3.4e+38 -3.4e+38 -3.4e+38 -3.4e+38 -3.4e+38 -3.4e+38 -3.4e+38 -3.4e+38 -3.4e+38 -3.4e+38 -3.4e+38 -3.4e+38 -3.4e+38 -3.4e+38 -3.4e+38
30.8844470977783 29.0492038726807 26.2843971252441 26.0059223175049 27.5408172607422 29.8255348205566 30.5027236938477 30.853422164917 28.9219398498535 27.9248237609863 28.6112041473389 26.9997215270996 28.5168514251709 32.5803184509277 29.7361068725586 30.0710201263428 31.9353427886963 31.7348022460938 32.3934211730957 32.3203315734863 25.8832950592041 30.6632976531982 30.9489116668701 30.4378566741943 31.202953338623 31.5942554473877 -3.4e+38 -3.4e+38 -3.4e+38 -3.4e+38 -3.4e+38 -3.4e+38 -3.4e+38 -3.4e+38 -3.4e+38 -3.4e+38 -3.4e+38 -3.4e+38 -3.4e+38 -3.4e+38 -3.4e+38 -3.4e+38 -3.4e+38 -3.4e+38 -3.4e+38 -3.4e+38
26.5951042175293 27.4292182922363 25.4147109985352 24.6816997528076 27.5258121490479 29.7006740570068 29.1041259765625 29.5395278930664 28.3720645904541 28.6926593780518 26.4014225006104 26.0928516387939 30.1620025634766 30.9428749084473 28.8004875183105 30.1299686431885 31.4014434814453 32.5291404724121 31.5401058197021 31.3273296356201 25.973949432373 28.0401020050049 31.6376514434814 30.6045398712158 31.0255832672119 30.9399166107178 -3.4e+38 -3.4e+38 -3.4e+38 -3.4e+38 -3.4e+38 -3.4e+38 -3.4e+38 -3.4e+38 -3.4e+38 -3.4e+38 -3.4e+38 -3.4e+38 -3.4e+38 -3.4e+38 -3.4e+38 -3.4e+38 -3.4e+38 -3.4e+38 -3.4e+38 -3.4e+38
25.3262157440186 26.2267246246338 26.5431728363037 26.0931987762451 30.0992946624756 29.7364692687988 29.7330799102783 28.5958690643311 29.4231548309326 28.3449325561523 27.4663982391357 27.7875289916992 28.8918018341064 32.5516815185547 32.4894828796387 33.5295448303223 30.05246925354 30.3819484710693 30.4030113220215 30.8939323425293 32.7036094665527 30.475772857666 31.2584533691406 30.7954120635986 30.1909370422363 29.4968204498291 29.4306869506836 29.948787689209 -3.4e+38 -3.4e+38 -3.4e+38 -3.4e+38 -3.4e+38 -3.4e+38 -3.4e+38 -3.4e+38 -3.4e+38 -3.4e+38 -3.4e+38 -3.4e+38 -3.4e+38 -3.4e+38 -3.4e+38 -3.4e+38 -3.4e+38 -3.4e+38
24.2006092071533 26.9419631958008 32.1321067810059 26.6210136413574 25.5131435394287 27.3151607513428 29.1348857879639 28.229513168335 28.5589027404785 29.4162883758545 27.845911026001 27.3969955444336 28.4421844482422 29.8805618286133 28.1948928833008 31.0289974212646 28.0414218902588 27.8458213806152 29.1406192779541 30.5171813964844 30.7746562957764 29.4453907012939 29.9845733642578 30.608377456665 29.5963134765625 28.8434772491455 28.565731048584 29.1992988586426 30.516300201416 29.0151462554932 30.2888507843018 -3.4e+38 -3.4e+38 -3.4e+38 -3.4e+38 -3.4e+38 -3.4e+38 -3.4e+38 -3.4e+38 -3.4e+38 -3.4e+38 -3.4e+38 -3.4e+38 -3.4e+38 -3.4e+38 -3.4e+38
24.1525974273682 26.2725238800049 27.0311069488525 30.9432430267334 26.4984245300293 24.7788791656494 26.9580192565918 27.3023338317871 29.5745182037354 29.8513603210449 30.0558700561523 28.3797550201416 28.0004940032959 28.6180152893066 26.5160827636719 26.3831939697266 25.6619834899902 29.9109287261963 28.4624271392822 29.845703125 31.9055995941162 31.8058700561523 29.3345336914062 27.3765258789062 28.4276962280273 29.043607711792 29.6689891815186 30.8019237518311 30.4375228881836 29.1992416381836 28.6024608612061 31.0373458862305 -3.4e+38 -3.4e+38 -3.4e+38 -3.4e+38 -3.4e+38 -3.4e+38 -3.4e+38 -3.4e+38 -3.4e+38 -3.4e+38 -3.4e+38 -3.4e+38 -3.4e+38 -3.4e+38
25.4718208312988 26.2504196166992 26.8354015350342 27.6094856262207 29.1664981842041 26.0785579681396 25.7672328948975 27.4571647644043 28.985387802124 29.2591114044189 29.1771278381348 28.9228668212891 27.8721485137939 27.9630699157715 26.3811073303223 26.0162391662598 25.6371765136719 30.6076240539551 30.3799915313721 28.6164608001709 29.73024559021 31.5360145568848 32.2809982299805 31.2647266387939 31.2329769134521 28.9000110626221 29.4746017456055 31.9984321594238 29.9607391357422 29.2194442749023 32.1595840454102 32.6497383117676 -3.4e+38 -3.4e+38 -3.4e+38 -3.4e+38 -3.4e+38 -3.4e+38 -3.4e+38 -3.4e+38 -3.4e+38 -3.4e+38 -3.4e+38 -3.4e+38 -3.4e+38 -3.4e+38
24.4186859130859 26.6202335357666 26.5285415649414 26.5165157318115 28.013256072998 30.872579574585 28.0154685974121 28.8489799499512 28.6445407867432 28.8602828979492 29.6429653167725 29.1249408721924 28.6616878509521 29.239185333252 28.6353282928467 28.7158470153809 29.8299255371094 30.092981338501 31.3013381958008 31.0780754089355 28.6894817352295 31.8202686309814 29.4722557067871 28.3442077636719 30.1040897369385 29.8038711547852 30.7977161407471 30.7021808624268 32.6537055969238 33.2198600769043 -3.4e+38 -3.4e+38 -3.4e+38 -3.4e+38 -3.4e+38 -3.4e+38 -3.4e+38 -3.4e+38 -3.4e+38 -3.4e+38 -3.4e+38 -3.4e+38 -3.4e+38 -3.4e+38 -3.4e+38 -3.4e+38
23.8560333251953 24.9682121276855 25.109411239624 24.29856300354 25.1712779998779 26.2289600372314 32.8623313903809 29.5936145782471 29.2952136993408 28.9859714508057 29.1780014038086 29.5861492156982 28.7210159301758 29.2600536346436 28.9773693084717 30.8265991210938 30.7791881561279 30.7084579467773 33.765926361084 31.542652130127 29.7576789855957 29.79274559021 29.8587265014648 29.2644443511963 33.2424736022949 29.0496349334717 30.3814220428467 30.1320381164551 30.888858795166 29.6677703857422 -3.4e+38 -3.4e+38 -3.4e+38 -3.4e+38 -3.4e+38 -3.4e+38 -3.4e+38 -3.4e+38 -3.4e+38 -3.4e+38 -3.4e+38 -3.4e+38 -3.4e+38 -3.4e+38 -3.4e+38 -3.4e+38
23.5783653259277 22.2749900817871 21.9104194641113 21.8614654541016 24.2492771148682 25.032096862793 26.5792827606201 26.9241123199463 28.7432270050049 29.241491317749 27.8122215270996 28.105339050293 27.9881019592285 28.5198421478271 28.8880138397217 28.9007587432861 29.1311740875244 30.862756729126 33.2117729187012 32.9022445678711 30.667797088623 30.8916149139404 30.7691402435303 32.5272598266602 30.8663921356201 30.0965023040771 30.9393882751465 30.2015018463135 28.5725440979004 26.6858615875244 29.7341251373291 31.0691509246826 -3.4e+38 -3.4e+38 -3.4e+38 -3.4e+38 -3.4e+38 -3.4e+38 -3.4e+38 -3.4e+38 -3.4e+38 -3.4e+38 -3.4e+38 -3.4e+38 -3.4e+38 -3.4e+38
23.5752124786377 22.619649887085 22.0272312164307 21.5861530303955 22.1970653533936 22.8312950134277 24.7754230499268 25.8523483276367 28.2950820922852 29.4147987365723 28.5117588043213 28.4169330596924 28.9156398773193 29.3649711608887 29.6909828186035 30.9529438018799 29.1317672729492 31.1048526763916 32.191047668457 31.0756187438965 31.0609741210938 33.4453239440918 31.135196685791 30.612491607666 31.9742946624756 30.2203044891357 29.2004222869873 28.9832916259766 28.0592575073242 29.3074607849121 31.2512645721436 30.9826984405518 29.8665390014648 -3.4e+38 -3.4e+38 -3.4e+38 -3.4e+38 26.1791210174561 32.3979339599609 -3.4e+38 -3.4e+38 -3.4e+38 -3.4e+38 -3.4e+38 -3.4e+38 -3.4e+38
24.0491542816162 23.2476539611816 22.0847759246826 21.6738166809082 22.3405838012695 22.078556060791 23.3732452392578 25.0446968078613 26.1901054382324 27.1954975128174 25.5619792938232 28.9239845275879 28.1955966949463 28.9091548919678 30.1838073730469 29.2085933685303 30.0070304870605 33.4680099487305 30.0085411071777 31.8191528320312 30.9796600341797 32.9082298278809 31.5921897888184 30.8685169219971 30.8144111633301 30.9043560028076 30.7834053039551 29.4148559570312 28.9607315063477 31.7716102600098 31.7283687591553 30.876615524292 30.2339649200439 -3.4e+38 -3.4e+38 -3.4e+38 -3.4e+38 27.3255100250244 31.1715297698975 32.6677780151367 32.3153877258301 32.2202377319336 -3.4e+38 -3.4e+38 -3.4e+38 -3.4e+38
23.954927444458 22.6034832000732 22.046703338623 22.1537933349609 21.7300758361816 22.8041515350342 22.6433258056641 24.0590705871582 28.0321273803711 29.5990982055664 27.55153465271 25.8270664215088 29.5541076660156 25.2200603485107 25.1984710693359 26.0277976989746 31.2312068939209 29.481689453125 29.0403823852539 30.2145442962646 30.3920230865479 31.1575908660889 30.976936340332 30.2631607055664 30.216625213623 30.3364658355713 31.4646282196045 30.4672012329102 29.6380100250244 29.6166324615479 30.3886299133301 26.9088344573975 33.1470069885254 -3.4e+38 -3.4e+38 30.4890975952148 32.1903953552246 31.3802833557129 30.1710739135742 31.2786178588867 31.2291851043701 32.6713485717773 -3.4e+38 -3.4e+38 -3.4e+38 -3.4e+38
22.3810920715332 20.9839496612549 21.0844554901123 22.5100383758545 23.0169277191162 22.7568397521973 22.293758392334 23.1349411010742 30.2268447875977 28.6553611755371 32.8580665588379 25.6132717132568 26.5136489868164 27.4198818206787 25.2910690307617 25.5070686340332 26.1227798461914 27.9704513549805 29.7417697906494 29.1559066772461 31.9985942840576 29.3255767822266 30.0265865325928 30.3346481323242 29.7915210723877 30.8857612609863 30.8368740081787 31.1657752990723 31.4843807220459 30.1519737243652 30.3881511688232 26.9723339080811 29.0154247283936 -3.4e+38 32.9269180297852 28.3817291259766 30.3448791503906 -3.4e+38 32.6781272888184 -3.4e+38 32.4295806884766 -3.4e+38 -3.4e+38 -3.4e+38 -3.4e+38 -3.4e+38
22.9950904846191 21.1083946228027 20.4675788879395 23.3457489013672 23.4575881958008 22.533411026001 22.1188850402832 22.2192573547363 24.0723876953125 26.4246673583984 26.8015670776367 30.6669826507568 32.34521484375 27.6950302124023 27.1760997772217 28.4532108306885 28.8689002990723 29.144100189209 28.6860046386719 28.607292175293 30.1654033660889 30.207706451416 31.7579250335693 31.7873783111572 30.0731010437012 29.8461570739746 30.7956790924072 29.7610855102539 30.0406246185303 29.8964595794678 27.5706329345703 28.8455295562744 32.8096237182617 29.8306331634521 28.8855972290039 31.5756435394287 31.1934223175049 -3.4e+38 -3.4e+38 -3.4e+38 -3.4e+38 -3.4e+38 -3.4e+38 32.3745079040527 -3.4e+38 -3.4e+38
23.9862804412842 23.717716217041 21.0740642547607 22.9301662445068 21.4478874206543 21.7075271606445 22.8125038146973 22.9666156768799 24.8027191162109 27.5579109191895 26.6262969970703 26.7832870483398 29.386531829834 33.3360214233398 28.7941570281982 29.0788860321045 28.8620338439941 28.0960540771484 27.6030254364014 27.5357856750488 32.9344367980957 30.550350189209 32.5891265869141 30.7603015899658 30.9508991241455 29.4483337402344 29.8997764587402 28.8090057373047 29.4391002655029 29.4919815063477 27.8767948150635 28.1444301605225 31.2040786743164 31.3382453918457 30.8545894622803 31.2257251739502 30.8426170349121 32.4759864807129 31.0404186248779 28.040943145752 30.4586772918701 30.1638565063477 31.2221984863281 30.3246555328369 -3.4e+38 -3.4e+38
24.5322265625 23.6580581665039 24.0691223144531 24.2202816009521 22.6849269866943 22.1386089324951 21.8846492767334 22.2797622680664 24.628345489502 32.3339042663574 26.9417781829834 32.7577247619629 31.6007709503174 28.7858142852783 28.9689064025879 26.5810680389404 26.6920776367188 29.175802230835 27.7100448608398 28.0031547546387 30.146463394165 31.6615295410156 33.6563301086426 31.3786067962646 33.0053329467773 29.8151054382324 32.5077514648438 30.9011783599854 30.0675659179688 29.7825927734375 29.0120067596436 30.1582355499268 31.714864730835 32.3144912719727 32.5165481567383 29.7485122680664 29.4648246765137 30.8715019226074 31.9746627807617 32.7458992004395 32.3370399475098 32.3913917541504 30.652193069458 30.3976211547852 26.7916984558105 -3.4e+38
