inst/extdata/Tmax/Tmax28.asc
NCOLS 100 
NROWS 79 
XLLCORNER 148.06 
YLLCORNER -21.49 
CELLSIZE 0.01 
NODATA_value -3.4e+38 
[rows 0 to 19 of 79, columns 46 to 91 of 100]
30.488109588623 29.1649322509766 29.3125858306885 29.4914512634277 29.9959468841553 29.904764175415 30.019998550415 30.0198535919189 29.0008640289307 26.98756980896 28.6373538970947 27.990062713623 28.7023506164551 29.2258224487305 29.1944046020508 29.2913799285889 29.4039859771729 29.7435264587402 28.2574768066406 28.706262588501 28.743091583252 -3.4e+38 -3.4e+38 -3.4e+38 -3.4e+38 -3.4e+38 -3.4e+38 -3.4e+38 -3.4e+38 -3.4e+38 -3.4e+38 -3.4e+38 -3.4e+38 -3.4e+38 -3.4e+38 -3.4e+38 -3.4e+38 -3.4e+38 -3.4e+38 -3.4e+38 -3.4e+38 -3.4e+38 -3.4e+38 -3.4e+38 -3.4e+38 -3.4e+38
30.8782062530518 30.3695163726807 29.0106391906738 29.1929359436035 29.2793598175049 29.2008094787598 29.5232620239258 29.8892860412598 28.6044788360596 27.6029815673828 29.5616512298584 29.235595703125 30.8738880157471 30.3476123809814 29.0887355804443 28.011926651001 29.0887508392334 30.8741283416748 29.7291812896729 28.4058589935303 29.0135726928711 30.9849872589111 -3.4e+38 -3.4e+38 -3.4e+38 -3.4e+38 -3.4e+38 -3.4e+38 -3.4e+38 -3.4e+38 -3.4e+38 -3.4e+38 -3.4e+38 -3.4e+38 -3.4e+38 -3.4e+38 -3.4e+38 -3.4e+38 -3.4e+38 -3.4e+38 -3.4e+38 -3.4e+38 -3.4e+38 -3.4e+38 -3.4e+38 -3.4e+38
32.7048759460449 29.7188682556152 27.7179908752441 27.8994312286377 27.6520290374756 29.1517677307129 28.2902278900146 28.1661987304688 27.3111877441406 27.1251888275146 28.8901805877686 30.2479991912842 31.5361137390137 30.8968448638916 28.2942428588867 27.5072727203369 28.998514175415 28.575813293457 28.3942089080811 28.5901222229004 28.1652717590332 28.2803421020508 27.9856510162354 28.3114604949951 -3.4e+38 -3.4e+38 -3.4e+38 -3.4e+38 -3.4e+38 -3.4e+38 -3.4e+38 -3.4e+38 -3.4e+38 -3.4e+38 -3.4e+38 -3.4e+38 -3.4e+38 -3.4e+38 -3.4e+38 -3.4e+38 -3.4e+38 -3.4e+38 -3.4e+38 -3.4e+38 -3.4e+38 -3.4e+38
28.8894367218018 28.3460330963135 25.5600128173828 26.3422164916992 27.8903675079346 27.6486473083496 28.0405750274658 28.1736660003662 27.8382015228271 27.4285144805908 28.6759510040283 28.286979675293 30.9081401824951 31.3757286071777 28.7381858825684 28.1052131652832 29.8872718811035 30.4931240081787 29.8820152282715 29.1589393615723 27.667781829834 28.4721736907959 28.0824546813965 28.812894821167 29.1900615692139 28.9314098358154 -3.4e+38 -3.4e+38 -3.4e+38 -3.4e+38 -3.4e+38 -3.4e+38 -3.4e+38 -3.4e+38 -3.4e+38 -3.4e+38 -3.4e+38 -3.4e+38 -3.4e+38 -3.4e+38 -3.4e+38 -3.4e+38 -3.4e+38 -3.4e+38 -3.4e+38 -3.4e+38
29.8757915496826 27.9971981048584 25.4113159179688 25.0543346405029 26.3995971679688 28.5237770080566 29.127311706543 29.4605083465576 27.481575012207 26.5050964355469 27.1995296478271 25.5727310180664 27.1125240325928 30.9719200134277 27.9971618652344 28.2827472686768 30.0673732757568 29.809757232666 30.4555988311768 30.4859085083008 24.0806484222412 28.5846557617188 28.7552127838135 28.1626739501953 28.8274116516113 29.0657367706299 -3.4e+38 -3.4e+38 -3.4e+38 -3.4e+38 -3.4e+38 -3.4e+38 -3.4e+38 -3.4e+38 -3.4e+38 -3.4e+38 -3.4e+38 -3.4e+38 -3.4e+38 -3.4e+38 -3.4e+38 -3.4e+38 -3.4e+38 -3.4e+38 -3.4e+38 -3.4e+38
25.771656036377 26.4339294433594 24.6496467590332 23.9823474884033 26.4798755645752 28.4054508209229 27.7736625671387 28.1717185974121 26.9646701812744 27.3282985687256 25.1716175079346 24.8745594024658 28.8257484436035 29.3413581848145 27.1608810424805 28.3806018829346 29.5742874145508 30.6484642028809 29.6063365936279 29.4823913574219 24.2273616790771 26.2011756896973 29.587215423584 28.4188747406006 28.7125720977783 28.500171661377 -3.4e+38 -3.4e+38 -3.4e+38 -3.4e+38 -3.4e+38 -3.4e+38 -3.4e+38 -3.4e+38 -3.4e+38 -3.4e+38 -3.4e+38 -3.4e+38 -3.4e+38 -3.4e+38 -3.4e+38 -3.4e+38 -3.4e+38 -3.4e+38 -3.4e+38 -3.4e+38
24.6846675872803 25.2600574493408 25.653284072876 25.176851272583 28.9476985931396 28.4761962890625 28.4646282196045 27.3042278289795 28.0434017181396 27.0268821716309 26.2456531524658 26.5176620483398 27.4247188568115 30.9973125457764 31.0863018035889 31.8635177612305 28.30397605896 28.5623073577881 28.5010147094727 28.9957122802734 30.833402633667 28.595775604248 29.2281398773193 28.7278957366943 27.9518566131592 27.1435813903809 27.0003814697266 27.3993701934814 -3.4e+38 -3.4e+38 -3.4e+38 -3.4e+38 -3.4e+38 -3.4e+38 -3.4e+38 -3.4e+38 -3.4e+38 -3.4e+38 -3.4e+38 -3.4e+38 -3.4e+38 -3.4e+38 -3.4e+38 -3.4e+38 -3.4e+38 -3.4e+38
23.7327461242676 25.9992828369141 31.0511131286621 25.539493560791 24.5882625579834 26.2981548309326 27.9414920806885 26.9530849456787 27.1938743591309 28.0469608306885 26.5153484344482 26.1071586608887 27.0954284667969 28.43212890625 26.7936668395996 29.4026546478271 26.5235538482666 26.2752285003662 27.3331737518311 28.6103897094727 28.8384647369385 27.4950141906738 27.9771709442139 28.5018882751465 27.4115581512451 26.5729370117188 26.2086582183838 26.7187900543213 27.9160461425781 26.3850994110107 27.6189441680908 -3.4e+38 -3.4e+38 -3.4e+38 -3.4e+38 -3.4e+38 -3.4e+38 -3.4e+38 -3.4e+38 -3.4e+38 -3.4e+38 -3.4e+38 -3.4e+38 -3.4e+38 -3.4e+38 -3.4e+38
23.7272720336914 25.4481983184814 25.9727535247803 29.8679828643799 25.5580368041992 24.0677967071533 25.9569053649902 26.0337181091309 28.2389545440674 28.4945869445801 28.6833457946777 27.0193767547607 26.5845127105713 27.1910057067871 25.1507339477539 24.9745864868164 24.2886428833008 28.3075160980225 26.7229175567627 28.0201301574707 30.002649307251 29.9211692810059 27.4765281677246 25.5255966186523 26.317554473877 26.812126159668 27.3556137084961 28.4120044708252 27.9619026184082 26.7177581787109 25.922607421875 28.2740364074707 -3.4e+38 -3.4e+38 -3.4e+38 -3.4e+38 -3.4e+38 -3.4e+38 -3.4e+38 -3.4e+38 -3.4e+38 -3.4e+38 -3.4e+38 -3.4e+38 -3.4e+38 -3.4e+38
24.9146118164062 25.4518089294434 25.8326053619385 26.566764831543 28.0868358612061 25.2330303192139 24.821081161499 26.2409439086914 27.6790904998779 27.9341640472412 27.8487663269043 27.6059761047363 26.5341129302979 26.5460395812988 25.0607109069824 24.7058925628662 24.2913246154785 28.9435920715332 28.692045211792 26.9383945465088 27.8840656280518 29.6308364868164 30.3597469329834 29.3585987091064 29.1331653594971 26.7207489013672 27.2438354492188 29.6598796844482 27.533712387085 26.6808090209961 29.4562644958496 29.898344039917 -3.4e+38 -3.4e+38 -3.4e+38 -3.4e+38 -3.4e+38 -3.4e+38 -3.4e+38 -3.4e+38 -3.4e+38 -3.4e+38 -3.4e+38 -3.4e+38 -3.4e+38 -3.4e+38
24.0574626922607 25.8796253204346 25.6733589172363 25.6639919281006 27.047607421875 29.8049640655518 26.9666366577148 27.6558990478516 27.380407333374 27.5740623474121 28.3476047515869 27.8232746124268 27.3559589385986 27.79443359375 27.1759204864502 27.2236022949219 28.2675590515137 28.4148349761963 29.5607681274414 29.4149475097656 27.0763168334961 29.9758930206299 27.5083656311035 26.438943862915 28.1156997680664 27.7728214263916 28.6881866455078 28.3856296539307 30.2345123291016 30.6947212219238 -3.4e+38 -3.4e+38 -3.4e+38 -3.4e+38 -3.4e+38 -3.4e+38 -3.4e+38 -3.4e+38 -3.4e+38 -3.4e+38 -3.4e+38 -3.4e+38 -3.4e+38 -3.4e+38 -3.4e+38 -3.4e+38
23.6501865386963 24.5426139831543 24.5844230651855 23.7843704223633 24.4211826324463 25.3030452728271 31.8107681274414 28.4313259124756 28.0876216888428 27.7526607513428 27.937801361084 28.3399906158447 27.4591407775879 27.7926273345947 27.4592800140381 29.2898788452148 29.1814022064209 29.0259323120117 32.010913848877 29.7537994384766 28.0096588134766 28.0321826934814 27.9256286621094 27.3113842010498 31.2762546539307 26.953441619873 28.1720199584961 27.8757667541504 28.5221157073975 27.1693248748779 -3.4e+38 -3.4e+38 -3.4e+38 -3.4e+38 -3.4e+38 -3.4e+38 -3.4e+38 -3.4e+38 -3.4e+38 -3.4e+38 -3.4e+38 -3.4e+38 -3.4e+38 -3.4e+38 -3.4e+38 -3.4e+38
23.4068794250488 22.2566356658936 21.9772777557373 21.8662509918213 23.7959232330322 24.4325065612793 25.6897830963135 25.9143047332764 27.615514755249 28.093656539917 26.664436340332 26.8293952941895 26.6612968444824 27.1682109832764 27.3689289093018 27.3288288116455 27.5191059112549 29.1899929046631 31.4767475128174 31.1131839752197 28.8271179199219 29.0054531097412 28.8515338897705 30.5441246032715 28.8812961578369 27.9940853118896 28.7405166625977 27.9659900665283 26.2825565338135 24.2712268829346 27.1646289825439 28.3869705200195 -3.4e+38 -3.4e+38 -3.4e+38 -3.4e+38 -3.4e+38 -3.4e+38 -3.4e+38 -3.4e+38 -3.4e+38 -3.4e+38 -3.4e+38 -3.4e+38 -3.4e+38 -3.4e+38
23.4338550567627 22.594274520874 22.1415729522705 21.7712936401367 22.2279605865479 22.6581916809082 24.1811637878418 24.9692115783691 27.2024917602539 28.3165588378906 27.4776782989502 27.1946353912354 27.5609874725342 27.9466743469238 28.2130699157715 29.4116115570068 27.5271682739258 29.4469699859619 30.4824771881104 29.3133888244629 29.2395172119141 31.5689373016357 29.2045669555664 28.626277923584 29.9720287322998 28.1171207427979 27.027738571167 26.7660236358643 25.7981262207031 26.9447193145752 28.7766189575195 28.4206962585449 27.1874847412109 -3.4e+38 -3.4e+38 -3.4e+38 -3.4e+38 23.3232402801514 29.4932842254639 -3.4e+38 -3.4e+38 -3.4e+38 -3.4e+38 -3.4e+38 -3.4e+38 -3.4e+38
23.8256034851074 23.2366046905518 22.2108268737793 21.8394985198975 22.362813949585 22.1132640838623 23.1296081542969 24.4107151031494 25.2328987121582 26.1041622161865 24.6673374176025 27.7949676513672 26.9088916778564 27.6846942901611 28.8870849609375 27.7509937286377 28.4675712585449 31.8539848327637 28.3437728881836 30.1235084533691 29.2050971984863 31.0768451690674 29.6861877441406 28.899881362915 28.7869148254395 28.8309230804443 28.6507759094238 27.2288360595703 26.7161808013916 29.4535675048828 29.3284645080566 28.3814392089844 27.6494750976562 -3.4e+38 -3.4e+38 -3.4e+38 -3.4e+38 24.4537467956543 28.2740993499756 29.6876029968262 29.2972793579102 29.2114105224609 -3.4e+38 -3.4e+38 -3.4e+38 -3.4e+38
23.7700672149658 22.6291217803955 22.1965217590332 22.1809177398682 21.7640933990479 22.720911026001 22.571870803833 23.659912109375 27.1453628540039 28.4987144470215 26.6410160064697 24.8793697357178 28.370735168457 24.4029159545898 24.1140632629395 24.8031692504883 29.8134021759033 27.8998641967773 27.400691986084 28.5353946685791 28.6473331451416 29.3495464324951 29.0954551696777 28.322696685791 28.2197799682617 28.3280735015869 29.3825130462646 28.3210391998291 27.4235000610352 27.3338756561279 28.0239105224609 24.4573020935059 30.6077499389648 -3.4e+38 -3.4e+38 27.7863311767578 29.3970222473145 28.498140335083 27.2842330932617 28.4104232788086 28.2821674346924 29.6295318603516 -3.4e+38 -3.4e+38 -3.4e+38 -3.4e+38
22.4936542510986 21.3073234558105 21.3845348358154 22.5197525024414 22.9223098754883 22.6423835754395 22.22536277771 22.9552745819092 29.5273551940918 27.6289939880371 31.7789649963379 24.6790561676025 25.4134826660156 26.5796222686768 24.4009456634521 24.5496959686279 24.8048820495605 26.4162635803223 28.1226329803467 27.4689788818359 30.2460765838623 27.5225067138672 28.1692295074463 28.4743957519531 27.8588848114014 28.9098320007324 28.7918491363525 29.0483322143555 29.3027935028076 27.8995513916016 28.0617904663086 24.5718994140625 26.5448055267334 -3.4e+38 30.3434791564941 25.7586936950684 27.6658401489258 -3.4e+38 29.7652835845947 -3.4e+38 29.5125751495361 -3.4e+38 -3.4e+38 -3.4e+38 -3.4e+38 -3.4e+38
23.1493225097656 21.5095748901367 20.849723815918 23.3111209869385 23.3443088531494 22.5124759674072 22.1385898590088 22.1760845184326 23.671594619751 25.4960136413574 25.7986869812012 29.7165622711182 31.3211612701416 26.5934906005859 26.1766605377197 27.1316204071045 27.4302520751953 27.6191635131836 27.0908279418945 26.954273223877 28.4501895904541 28.4380493164062 29.9329395294189 29.9211177825928 28.1430892944336 27.8655624389648 28.7597560882568 27.6693878173828 27.8955364227295 27.6749286651611 25.2817268371582 26.4924411773682 30.3970909118652 27.3711433410645 26.3823738098145 29.0242500305176 28.5659236907959 -3.4e+38 -3.4e+38 -3.4e+38 -3.4e+38 -3.4e+38 -3.4e+38 29.2846946716309 -3.4e+38 -3.4e+38
23.826717376709 23.5845241546631 21.328649520874 22.8472213745117 21.6244850158691 21.8482284545898 22.8273887634277 22.8835830688477 24.2569332122803 26.6671333312988 25.7561111450195 26.0013694763184 28.3597412109375 32.1578330993652 27.5365810394287 27.7490062713623 27.4443817138672 26.7065582275391 26.114725112915 25.943187713623 31.2867126464844 28.8303375244141 30.8038196563721 28.9198131561279 29.0544300079346 27.4984664916992 27.8934326171875 26.7663230895996 27.413064956665 27.3530921936035 25.6354846954346 25.835298538208 28.8422451019287 28.9406032562256 28.4171390533447 28.7281932830811 28.2728748321533 29.8257751464844 28.3182125091553 25.2597427368164 27.6406154632568 27.2810020446777 28.2390956878662 27.2520847320557 -3.4e+38 -3.4e+38
24.3874797821045 23.6423778533936 23.8886318206787 24.0399551391602 22.7499656677246 22.1606998443604 21.9485607147217 22.2636775970459 24.1567096710205 31.5369548797607 25.999719619751 31.8220958709717 30.5332775115967 27.5940647125244 27.7574691772461 25.3498363494873 25.356746673584 27.8551959991455 26.3750648498535 26.5653190612793 28.5618305206299 29.998233795166 31.9270648956299 29.5784358978271 31.1435470581055 27.895809173584 30.5338230133057 28.9125270843506 28.0832672119141 27.6729431152344 26.8407955169678 27.8954563140869 29.4230079650879 29.9840488433838 30.1432399749756 27.3169689178467 26.9642734527588 28.2972793579102 29.3350887298584 30.053243637085 29.6027183532715 29.5951824188232 27.7650547027588 27.3612670898438 23.7014274597168 -3.4e+38
