inst/extdata/Tmax/Tmax148.asc
NCOLS 100 
NROWS 79 
XLLCORNER 148.06 
YLLCORNER -21.49 
CELLSIZE 0.01 
NODATA_value -3.4e+38 
[rows 0 to 19 of 79, columns 46 to 91 of 100]
38.0386543273926 37.9005889892578 37.8279800415039 37.8414840698242 37.8399200439453 37.7618064880371 37.9516448974609 37.8228721618652 37.6775779724121 37.546745300293 37.505500793457 37.2991485595703 37.2316741943359 37.423282623291 37.6563873291016 37.6162071228027 37.5253677368164 37.3971900939941 37.1667404174805 37.0259666442871 36.9404792785645 -3.4e+38 -3.4e+38 -3.4e+38 -3.4e+38 -3.4e+38 -3.4e+38 -3.4e+38 -3.4e+38 -3.4e+38 -3.4e+38 -3.4e+38 -3.4e+38 -3.4e+38 -3.4e+38 -3.4e+38 -3.4e+38 -3.4e+38 -3.4e+38 -3.4e+38 -3.4e+38 -3.4e+38 -3.4e+38 -3.4e+38 -3.4e+38 -3.4e+38
38.0048980712891 37.7814102172852 37.6060104370117 37.82861328125 37.9760055541992 37.9976577758789 37.9745903015137 37.902759552002 37.6358108520508 37.2909622192383 37.4264106750488 37.0062980651855 37.4298782348633 37.6916351318359 37.685848236084 37.6364898681641 37.5580749511719 37.4577293395996 37.3074836730957 37.2395896911621 37.1793899536133 37.0802841186523 -3.4e+38 -3.4e+38 -3.4e+38 -3.4e+38 -3.4e+38 -3.4e+38 -3.4e+38 -3.4e+38 -3.4e+38 -3.4e+38 -3.4e+38 -3.4e+38 -3.4e+38 -3.4e+38 -3.4e+38 -3.4e+38 -3.4e+38 -3.4e+38 -3.4e+38 -3.4e+38 -3.4e+38 -3.4e+38 -3.4e+38 -3.4e+38
37.9164619445801 37.313060760498 36.6489372253418 37.7799224853516 37.9540863037109 37.9808616638184 37.9789276123047 37.9460983276367 37.7685852050781 37.2981338500977 37.400260925293 37.5233116149902 37.5973205566406 37.7319412231445 37.7145118713379 37.6602249145508 37.5993003845215 37.5294990539551 37.435417175293 37.2638931274414 37.2561416625977 37.1305656433105 36.9450645446777 36.7121505737305 -3.4e+38 -3.4e+38 -3.4e+38 -3.4e+38 -3.4e+38 -3.4e+38 -3.4e+38 -3.4e+38 -3.4e+38 -3.4e+38 -3.4e+38 -3.4e+38 -3.4e+38 -3.4e+38 -3.4e+38 -3.4e+38 -3.4e+38 -3.4e+38 -3.4e+38 -3.4e+38 -3.4e+38 -3.4e+38
37.5697059631348 37.6340103149414 36.7628898620605 37.6874542236328 37.8573455810547 37.9215774536133 37.9874992370605 37.9180335998535 37.8214454650879 37.5597534179688 37.5007667541504 37.3017349243164 37.5972900390625 37.7144546508789 37.7447853088379 37.6913070678711 37.6564102172852 37.6110687255859 37.5067672729492 37.2145843505859 37.0832214355469 37.1061058044434 37.0596046447754 36.9984169006348 36.8652763366699 36.5425453186035 -3.4e+38 -3.4e+38 -3.4e+38 -3.4e+38 -3.4e+38 -3.4e+38 -3.4e+38 -3.4e+38 -3.4e+38 -3.4e+38 -3.4e+38 -3.4e+38 -3.4e+38 -3.4e+38 -3.4e+38 -3.4e+38 -3.4e+38 -3.4e+38 -3.4e+38 -3.4e+38
37.5537567138672 37.586109161377 36.6213798522949 36.8204040527344 37.4733428955078 37.9062957763672 37.9910354614258 37.8852081298828 37.8717727661133 37.6231117248535 37.406608581543 37.2594108581543 36.9556884765625 37.4872169494629 37.7045097351074 37.6598281860352 37.69873046875 37.6686019897461 37.4800415039062 36.8752059936523 36.4710311889648 37.090991973877 37.1612205505371 37.1133270263672 36.9154434204102 36.6924629211426 -3.4e+38 -3.4e+38 -3.4e+38 -3.4e+38 -3.4e+38 -3.4e+38 -3.4e+38 -3.4e+38 -3.4e+38 -3.4e+38 -3.4e+38 -3.4e+38 -3.4e+38 -3.4e+38 -3.4e+38 -3.4e+38 -3.4e+38 -3.4e+38 -3.4e+38 -3.4e+38
36.8579711914062 37.4684371948242 36.2355537414551 35.7381858825684 37.1732521057129 37.9606475830078 37.9208602905273 37.8835487365723 37.8482894897461 37.5228080749512 36.7986450195312 36.5363426208496 36.8149223327637 37.5850563049316 37.5165176391602 37.6781311035156 37.7276992797852 37.679328918457 37.6107711791992 37.0888442993164 36.4994354248047 36.566478729248 36.9902229309082 37.0461196899414 37.0257568359375 36.9617042541504 -3.4e+38 -3.4e+38 -3.4e+38 -3.4e+38 -3.4e+38 -3.4e+38 -3.4e+38 -3.4e+38 -3.4e+38 -3.4e+38 -3.4e+38 -3.4e+38 -3.4e+38 -3.4e+38 -3.4e+38 -3.4e+38 -3.4e+38 -3.4e+38 -3.4e+38 -3.4e+38
36.1250343322754 37.4460639953613 36.9473686218262 36.8904075622559 37.6915817260742 37.9232406616211 37.7938919067383 37.7111740112305 37.8451728820801 37.4553680419922 36.8878059387207 36.8878479003906 37.4384307861328 37.551082611084 36.8060302734375 37.5540237426758 37.612922668457 37.6240615844727 37.6607437133789 37.4356842041016 37.1326332092285 36.9174842834473 37.1032066345215 36.9068298339844 37.113353729248 37.1496543884277 37.0496711730957 36.8248443603516 -3.4e+38 -3.4e+38 -3.4e+38 -3.4e+38 -3.4e+38 -3.4e+38 -3.4e+38 -3.4e+38 -3.4e+38 -3.4e+38 -3.4e+38 -3.4e+38 -3.4e+38 -3.4e+38 -3.4e+38 -3.4e+38 -3.4e+38 -3.4e+38
35.4361724853516 37.4458885192871 37.8253364562988 37.6772155761719 36.8679122924805 37.0933074951172 37.6174621582031 37.7493019104004 37.8866653442383 37.7377662658691 37.4335479736328 37.0965194702148 37.1249237060547 37.3110771179199 36.9485816955566 37.5432586669922 36.9606170654297 36.9339256286621 37.5207366943359 37.6289978027344 37.5035705566406 37.3003616333008 37.2165069580078 37.2602691650391 37.2390556335449 37.2253723144531 37.0722351074219 36.9480209350586 36.7170295715332 36.3100242614746 36.3139114379883 -3.4e+38 -3.4e+38 -3.4e+38 -3.4e+38 -3.4e+38 -3.4e+38 -3.4e+38 -3.4e+38 -3.4e+38 -3.4e+38 -3.4e+38 -3.4e+38 -3.4e+38 -3.4e+38 -3.4e+38
35.394832611084 37.0710372924805 37.849681854248 37.7638931274414 37.0700912475586 35.870059967041 36.9823837280273 37.834545135498 37.90234375 37.8140716552734 37.7081680297852 37.4972610473633 37.519458770752 37.3816947937012 36.9584579467773 36.9221115112305 36.5803413391113 37.2175407409668 37.4739761352539 37.5371360778809 37.5587959289551 37.2722015380859 36.951358795166 36.6896476745605 37.2600173950195 37.3103446960449 37.2096939086914 37.0788726806641 36.9821357727051 36.543041229248 36.4038543701172 36.525749206543 -3.4e+38 -3.4e+38 -3.4e+38 -3.4e+38 -3.4e+38 -3.4e+38 -3.4e+38 -3.4e+38 -3.4e+38 -3.4e+38 -3.4e+38 -3.4e+38 -3.4e+38 -3.4e+38
36.1458053588867 37.0732345581055 37.7372016906738 37.7365837097168 37.7212257385254 36.6097373962402 36.870044708252 37.7498664855957 37.9010925292969 37.8079605102539 37.6645927429199 37.4589767456055 37.3617362976074 37.4577217102051 36.9157791137695 36.6855697631836 36.6243095397949 37.5578880310059 37.4343566894531 37.189323425293 37.5237045288086 37.4980049133301 37.3373146057129 37.0556488037109 37.3878211975098 37.3517417907715 37.2263031005859 37.2664527893066 37.139965057373 36.8968849182129 36.5117607116699 36.5337524414062 -3.4e+38 -3.4e+38 -3.4e+38 -3.4e+38 -3.4e+38 -3.4e+38 -3.4e+38 -3.4e+38 -3.4e+38 -3.4e+38 -3.4e+38 -3.4e+38 -3.4e+38 -3.4e+38
35.3767166137695 36.9378204345703 37.2626609802246 37.0929565429688 37.3903503417969 37.626392364502 37.3989219665527 37.7676277160645 37.8581504821777 37.7796058654785 37.6591300964355 37.5164909362793 37.3554153442383 37.6605224609375 37.5362014770508 37.4760665893555 37.5345115661621 37.7162933349609 37.7196922302246 37.2751770019531 36.9067077636719 37.4645233154297 37.6182060241699 37.2010269165039 37.2152252197266 37.1075973510742 37.0851058959961 37.348217010498 37.2225074768066 36.9892616271973 -3.4e+38 -3.4e+38 -3.4e+38 -3.4e+38 -3.4e+38 -3.4e+38 -3.4e+38 -3.4e+38 -3.4e+38 -3.4e+38 -3.4e+38 -3.4e+38 -3.4e+38 -3.4e+38 -3.4e+38 -3.4e+38
34.810417175293 35.6504974365234 35.9400978088379 35.7288398742676 36.6122627258301 37.1884574890137 37.5151977539062 37.7602767944336 37.7667083740234 37.7026748657227 37.5713920593262 37.4245223999023 37.3086738586426 37.8407859802246 37.8404312133789 37.7400588989258 37.7556457519531 37.839958190918 37.8818626403809 37.805046081543 37.499080657959 37.3329010009766 37.6539726257324 37.4979362487793 37.3003311157227 37.4162101745605 37.4448432922363 37.230037689209 37.1375579833984 37.0040664672852 -3.4e+38 -3.4e+38 -3.4e+38 -3.4e+38 -3.4e+38 -3.4e+38 -3.4e+38 -3.4e+38 -3.4e+38 -3.4e+38 -3.4e+38 -3.4e+38 -3.4e+38 -3.4e+38 -3.4e+38 -3.4e+38
34.7954864501953 33.9695816040039 33.4570922851562 33.5835647583008 35.435001373291 35.9241638183594 36.9970169067383 37.3105926513672 37.5900993347168 37.5037384033203 37.3434143066406 37.6332054138184 37.6448135375977 37.5662078857422 37.9496879577637 37.9503021240234 37.9042854309082 37.919994354248 37.9385147094727 37.9307327270508 37.902229309082 37.8428039550781 37.7243537902832 37.6822776794434 37.4321975708008 37.5147399902344 37.5065689086914 37.2742958068848 37.0521926879883 36.9615058898926 36.8557052612305 36.6039657592773 -3.4e+38 -3.4e+38 -3.4e+38 -3.4e+38 -3.4e+38 -3.4e+38 -3.4e+38 -3.4e+38 -3.4e+38 -3.4e+38 -3.4e+38 -3.4e+38 -3.4e+38 -3.4e+38
34.8189811706543 34.1578750610352 33.4080467224121 32.9671287536621 33.4880981445312 34.2233695983887 35.8953018188477 36.949779510498 37.5845947265625 37.4459381103516 37.0459632873535 37.5715255737305 37.8604736328125 37.9092864990234 37.9349060058594 37.9741516113281 38.0051498413086 38.0038986206055 37.9937705993652 37.9749565124512 37.9596786499023 37.9132385253906 37.8541030883789 37.7875709533691 37.5896110534668 37.6342468261719 37.5641784667969 37.3875465393066 37.1760711669922 37.1222648620605 37.0850563049316 36.9713096618652 36.7076034545898 -3.4e+38 -3.4e+38 -3.4e+38 -3.4e+38 36.3716011047363 36.4174499511719 -3.4e+38 -3.4e+38 -3.4e+38 -3.4e+38 -3.4e+38 -3.4e+38 -3.4e+38
35.3267860412598 34.2343521118164 33.4944534301758 33.1868362426758 33.6642646789551 33.4761734008789 34.5200309753418 36.035701751709 37.1880874633789 37.524658203125 36.6178436279297 37.3486709594727 37.7364501953125 37.3557357788086 37.4384460449219 37.8115997314453 37.9088745117188 37.9784240722656 37.9453926086426 37.8454780578613 37.8903198242188 37.8542213439941 37.8625106811523 37.8245582580566 37.7634811401367 37.6629524230957 37.5839309692383 37.4708938598633 37.3648719787598 37.3011322021484 37.2860908508301 37.1668472290039 36.8258247375488 -3.4e+38 -3.4e+38 -3.4e+38 -3.4e+38 36.4668960571289 36.4394073486328 36.5927505493164 36.609130859375 36.4709129333496 -3.4e+38 -3.4e+38 -3.4e+38 -3.4e+38
35.2922554016113 34.2121772766113 33.5290222167969 33.9229621887207 33.7529296875 34.1191329956055 33.9221725463867 35.1666526794434 37.0282173156738 37.6588020324707 36.8032836914062 36.7800903320312 37.4817886352539 35.9179954528809 36.7850646972656 37.1315231323242 37.6110229492188 37.9488792419434 37.9408264160156 37.8706398010254 37.8787155151367 37.867115020752 37.879566192627 37.8399505615234 37.7851791381836 37.5922164916992 37.5837516784668 37.5417938232422 37.509895324707 37.4847145080566 37.4149360656738 37.2906150817871 37.1262741088867 -3.4e+38 -3.4e+38 36.9733352661133 36.7786521911621 36.5440864562988 36.450382232666 36.2818336486816 36.4278526306152 36.6197319030762 -3.4e+38 -3.4e+38 -3.4e+38 -3.4e+38
34.1080894470215 33.0447616577148 33.0137977600098 34.138053894043 34.4465408325195 34.3891754150391 34.0452728271484 34.370532989502 36.400634765625 37.5008697509766 37.53662109375 36.8413200378418 37.2907562255859 36.1382827758789 36.1569862365723 36.2336463928223 37.3550720214844 37.9367904663086 37.9543685913086 37.9739837646484 37.9863014221191 37.9434051513672 37.905158996582 37.7065162658691 37.7122993469238 37.6305656433105 37.633186340332 37.6461181640625 37.6357955932617 37.5768890380859 37.5089263916016 37.4239845275879 37.3364334106445 -3.4e+38 37.2174606323242 37.2260932922363 37.1665000915527 -3.4e+38 36.57666015625 -3.4e+38 36.3766441345215 -3.4e+38 -3.4e+38 -3.4e+38 -3.4e+38 -3.4e+38
34.0626068115234 32.8259468078613 32.2086296081543 34.46875 34.6632423400879 34.1238403320312 33.8067359924316 33.9306564331055 35.2896842956543 37.2483253479004 37.3658218383789 37.013542175293 37.1220855712891 37.2250213623047 36.6712951660156 37.629207611084 37.8309211730957 37.9250106811523 37.9621849060059 37.9568252563477 37.9642524719238 37.938907623291 37.9114685058594 37.8379402160645 37.8303871154785 37.7970733642578 37.774169921875 37.749885559082 37.6718826293945 37.661937713623 37.6165542602539 37.5650291442871 37.511287689209 37.4530448913574 37.424488067627 37.4452590942383 37.3047637939453 -3.4e+38 -3.4e+38 -3.4e+38 -3.4e+38 -3.4e+38 -3.4e+38 36.6411399841309 -3.4e+38 -3.4e+38
35.6106300354004 35.3488273620605 33.5025482177734 34.8339233398438 33.5650596618652 33.5855178833008 33.9825859069824 34.2550201416016 36.0384750366211 37.2313919067383 37.0023460388184 36.4941062927246 37.2364845275879 37.5918731689453 37.6862602233887 37.756290435791 37.8642578125 37.5980224609375 37.7354278564453 37.880054473877 37.8716697692871 37.9075317382812 37.9185409545898 37.8985290527344 37.8938064575195 37.8837051391602 37.8714294433594 37.7585792541504 37.4582977294922 37.5999526977539 37.7231521606445 37.7228546142578 37.6900329589844 37.6220741271973 37.5983085632324 37.5576515197754 37.4307823181152 37.3171348571777 37.2138710021973 37.1604270935059 37.1827812194824 37.088794708252 36.8372039794922 36.6485137939453 -3.4e+38 -3.4e+38
35.6808319091797 34.9673843383789 35.5398635864258 35.3901214599609 34.1827278137207 34.2302055358887 33.909496307373 34.1041107177734 35.8581619262695 36.9832496643066 37.3552131652832 37.166259765625 37.4645805358887 37.718204498291 37.6164054870605 37.5165252685547 37.6859855651855 37.4628524780273 37.3314361572266 37.4861259460449 37.7755126953125 37.837474822998 37.858814239502 37.9059753417969 37.933048248291 37.9393768310547 37.9119300842285 37.7370262145996 37.4879188537598 37.7132797241211 37.7164497375488 37.8308601379395 37.7379722595215 37.6998138427734 37.6767578125 37.5801086425781 37.5099143981934 37.4735832214355 37.4482688903809 37.4282569885254 37.4240875244141 37.3103256225586 36.9683532714844 36.5854644775391 36.6502532958984 -3.4e+38
