inst/extdata/Tmax/Tmax82.asc
NCOLS 100 
NROWS 79 
XLLCORNER 148.06 
YLLCORNER -21.49 
CELLSIZE 0.01 
NODATA_value -3.4e+38 
[rows 20 to 39 of 79, columns 0 to 45 of 100]
42.343181610107401 42.348217010498 42.3056488037109 42.2533798217773 42.240348815918 42.2998046875 42.2002639770508 42.1192512512207 42.0424919128418 41.9443855285645 41.7799072265625 41.4277458190918 41.0398826599121 40.4796867370605 39.3230972290039 38.9253349304199 38.8421211242676 39.6550941467285 40.5055885314941 40.8254013061523 40.8081741333008 40.7770957946777 41.0077819824219 40.9950332641602 40.8450889587402 40.5905151367188 40.0787773132324 39.280632019043 39.6911087036133 39.7124786376953 40.161693572998 40.127311706543 40.2029151916504 40.1414527893066 40.0748977661133 39.8502960205078 39.4965171813965 39.4640159606934 39.057056427002 39.2255210876465 39.0173721313477 38.4035720825195 38.5410652160645 38.5483589172363 38.6110038757324 38.6005020141602
42.4249992370605 42.448127746582 42.4146766662598 42.3614349365234 42.3387031555176 42.3109092712402 42.1704711914062 42.0855369567871 42.0409965515137 41.965145111084 41.8435134887695 41.6702499389648 41.4630699157715 40.6735687255859 39.3642539978027 39.0594100952148 39.2476768493652 39.9172210693359 40.3139915466309 40.5929985046387 40.6646041870117 40.5531921386719 40.9411277770996 41.0144462585449 40.8323860168457 40.8110389709473 40.7552452087402 40.1096038818359 39.9519577026367 40.3317108154297 40.3900756835938 40.2606430053711 39.9680862426758 39.4532852172852 39.4347267150879 39.3825721740723 39.6959075927734 39.1024894714355 38.746940612793 38.9655990600586 38.6192817687988 38.6556434631348 38.3854522705078 37.6079711914062 37.8418426513672 38.3593444824219
42.5065612792969 42.5190773010254 42.4832725524902 42.4460334777832 42.40673828125 42.3540306091309 42.1826629638672 42.0627670288086 41.9955596923828 41.9448165893555 41.829891204834 41.7367897033691 41.574577331543 41.0596122741699 40.0988693237305 39.3507537841797 38.763557434082 39.1618995666504 39.6316604614258 40.2874870300293 40.3512687683105 40.4104537963867 40.8960227966309 40.6953926086426 40.3327865600586 40.5933151245117 40.6180992126465 40.6341667175293 40.3791351318359 40.375862121582 40.1329727172852 39.9386863708496 39.447925567627 39.1442794799805 38.9213676452637 39.0661773681641 38.9661140441895 38.4737014770508 38.4174385070801 38.3179473876953 38.0302658081055 37.3734931945801 37.981616973877 37.709789276123 36.8581581115723 38.0029449462891
42.5235862731934 42.5238800048828 42.495662689209 42.4634323120117 42.4072761535645 42.3734855651855 42.2788238525391 42.0297813415527 41.9219207763672 41.9110641479492 41.7455787658691 41.5604820251465 41.6136169433594 41.2873764038086 40.6146087646484 39.9211807250977 39.1791687011719 38.8826560974121 39.3852577209473 39.6291465759277 40.0619506835938 40.8394088745117 40.6088981628418 40.0815811157227 40.172550201416 40.260440826416 39.9790458679199 40.6907806396484 40.6754684448242 40.5332336425781 40.320671081543 39.3988189697266 39.0954132080078 39.2295608520508 39.4697494506836 39.06298828125 38.2608413696289 37.7745971679688 38.3487930297852 37.8938407897949 37.2555122375488 36.0235404968262 36.6856269836426 37.6489639282227 36.105339050293 37.1904106140137
42.5101051330566 42.5313911437988 42.5130577087402 42.4627723693848 42.4074172973633 42.3818244934082 42.3427810668945 42.1838989257812 42.0233154296875 41.8653564453125 41.7585411071777 41.6891212463379 41.5261573791504 41.2281112670898 40.5750007629395 39.9589157104492 39.2878074645996 38.9266700744629 39.0790138244629 39.0531845092773 40.058177947998 40.7029266357422 39.7645950317383 39.278190612793 39.9355773925781 39.8867340087891 40.0087280273438 40.5579795837402 40.7133255004883 40.3821182250977 40.3041648864746 40.074649810791 40.0183601379395 40.0297355651855 39.7369689941406 39.4573059082031 39.0856781005859 38.1337814331055 37.9158134460449 37.6685485839844 36.1814422607422 35.6617202758789 36.0010108947754 37.5225296020508 35.8336639404297 36.1158142089844
42.5030899047852 42.4957313537598 42.4628944396973 42.4179000854492 42.3995475769043 42.3790092468262 42.3591423034668 42.298828125 42.1580963134766 41.9462699890137 41.7698822021484 41.6242828369141 41.4795150756836 41.0863075256348 40.6891784667969 40.1935806274414 39.6398010253906 39.3055610656738 39.6708679199219 40.2384490966797 40.1983070373535 40.0781517028809 39.6408157348633 38.5191192626953 38.9361572265625 39.5665283203125 39.663818359375 40.6163558959961 40.7265396118164 40.4111633300781 39.6762809753418 40.1232414245605 39.9833335876465 39.8491096496582 39.5981330871582 39.3080215454102 39.1648254394531 37.9091682434082 36.7934150695801 37.1116828918457 35.8560600280762 36.5440368652344 36.8039321899414 37.547966003418 36.6640548706055 35.7226600646973
42.4453048706055 42.4438285827637 42.4084815979004 42.3909606933594 42.3613433837891 42.3357696533203 42.3641815185547 42.3386764526367 42.2094345092773 41.862907409668 41.7533912658691 41.5045928955078 41.4738731384277 41.1439933776855 40.4951057434082 39.552661895752 39.197826385498 39.3296813964844 39.7141876220703 39.6084518432617 39.7434844970703 40.4531135559082 40.3042907714844 38.9973754882812 38.6193389892578 39.3931121826172 40.0319137573242 40.6924591064453 40.7224884033203 40.5186080932617 39.8186798095703 39.4622802734375 40.0591125488281 39.5969467163086 39.2056121826172 38.4880218505859 38.208740234375 38.2737236022949 37.349178314209 36.208366394043 35.833984375 36.082088470459 35.9585380554199 36.8220062255859 35.9921455383301 35.4090690612793
42.3639450073242 42.3583908081055 42.3433265686035 42.356071472168 42.3476142883301 42.3659858703613 42.3974418640137 42.3671188354492 42.2857856750488 42.1125640869141 41.8991432189941 41.6525955200195 41.5299301147461 41.3439483642578 40.5571327209473 39.5531311035156 39.2459449768066 39.1667709350586 39.2554359436035 39.2109642028809 40.1595993041992 40.6491050720215 40.1755714416504 39.4215698242188 38.9061813354492 39.0802040100098 39.1563568115234 40.4157752990723 40.6610145568848 40.5345458984375 39.8642539978027 39.751277923584 39.9551429748535 39.3205299377441 38.7135887145996 38.2035217285156 37.3864936828613 37.9685096740723 37.8000869750977 36.2101020812988 35.802059173584 35.9418601989746 35.8283233642578 36.3111877441406 35.7742729187012 35.4867935180664
41.9815902709961 41.9251327514648 42.103199005127 42.3219718933105 42.3978652954102 42.4334602355957 42.4210586547852 42.3839836120605 42.2587699890137 42.1476516723633 41.9926223754883 41.532585144043 41.5800514221191 41.431526184082 40.9847602844238 39.9348983764648 39.2807197570801 38.7963066101074 39.0487632751465 39.7909622192383 40.195384979248 40.4563217163086 39.7002944946289 39.0509300231934 38.8649940490723 38.9656372070312 39.3095016479492 40.0235939025879 40.6029052734375 40.6182861328125 40.1762542724609 39.9201164245605 39.5363235473633 38.6489105224609 37.6251525878906 37.2350044250488 36.9180908203125 37.0685348510742 37.1750068664551 36.8027076721191 36.3200340270996 36.4043464660645 36.1274337768555 35.9098091125488 35.890926361084 35.8048362731934
41.2699737548828 41.9675827026367 42.1941337585449 41.9588394165039 42.373046875 42.4609870910645 42.4411544799805 42.4028968811035 42.218692779541 42.0761871337891 42.0409698486328 41.7942504882812 41.5765647888184 41.4416999816895 41.2084541320801 40.7569580078125 40.2632217407227 39.0376167297363 39.2944450378418 39.3384094238281 39.4457015991211 40.2128753662109 39.8252449035645 39.1029663085938 38.8976516723633 38.688720703125 38.6366500854492 40.0038719177246 40.6505393981934 40.6775741577148 39.9933967590332 39.1464157104492 38.8546867370605 38.5263442993164 38.2696914672852 37.3717994689941 37.2771110534668 36.8928680419922 36.5043907165527 36.6989250183105 38.2112426757812 38.2486686706543 37.250617980957 35.9853744506836 36.8578300476074 36.9193534851074
41.540641784668 42.2383804321289 42.220947265625 41.7649993896484 42.3588752746582 42.4726295471191 42.4715042114258 42.4294815063477 42.3565254211426 42.1534652709961 42.0419540405273 41.9494667053223 41.7812805175781 41.5880928039551 41.3241729736328 40.818675994873 40.0954895019531 39.671028137207 39.2461471557617 39.4431343078613 39.4836273193359 39.8257865905762 39.2736930847168 39.0977554321289 38.8063659667969 38.2267723083496 38.4494857788086 39.930347442627 40.582145690918 40.5853309631348 40.5398483276367 40.360954284668 39.422046661377 38.5924911499023 38.5049514770508 38.0616302490234 38.1397590637207 37.9460563659668 37.5529670715332 37.9403533935547 39.1445770263672 39.1593551635742 38.765022277832 38.2603454589844 38.1276626586914 37.5995330810547
42.1845245361328 42.3765869140625 42.3871307373047 42.358959197998 42.3979263305664 42.483757019043 42.4683837890625 42.4361724853516 42.372200012207 42.2880249023438 42.1185684204102 42.031551361084 41.9260025024414 41.736083984375 41.4949340820312 41.0735206604004 40.3404426574707 39.939395904541 39.305721282959 39.1830253601074 39.2172546386719 39.5620765686035 39.2109069824219 38.9591407775879 38.8768844604492 38.8742637634277 39.5354766845703 40.3782806396484 40.6469078063965 40.2076225280762 40.1067657470703 40.0718650817871 40.2073822021484 39.7705955505371 39.5143814086914 38.8470687866211 39.6560974121094 39.499828338623 39.4413909912109 39.4183540344238 39.1973571777344 38.4235382080078 37.579719543457 37.2705383300781 37.1235237121582 36.4594230651855
41.9876708984375 42.5401000976562 42.5455207824707 42.5291061401367 42.4976081848145 42.4755783081055 42.4168853759766 42.4231986999512 42.3884773254395 42.3452186584473 42.278865814209 42.141471862793 41.9706840515137 41.815746307373 41.635139465332 41.4074859619141 40.9934120178223 40.3943748474121 39.7286186218262 39.0890693664551 39.0862274169922 39.440357208252 39.3059387207031 39.0354499816895 38.8838424682617 38.992374420166 40.1688003540039 40.6978645324707 40.7196311950684 40.5474586486816 40.1183586120605 39.5811576843262 40.1182174682617 40.1720008850098 40.1691131591797 39.7129783630371 39.9955177307129 39.7249069213867 39.5833053588867 39.4148254394531 38.3979034423828 37.1688766479492 36.02880859375 36.297737121582 36.1941337585449 35.3113212585449
41.8869094848633 42.3743057250977 42.1890754699707 42.0651435852051 42.1466522216797 42.4185066223145 42.3820762634277 42.3708419799805 42.3527297973633 42.312873840332 42.2575759887695 42.1971702575684 42.0806045532227 41.9315643310547 41.7807159423828 41.5733070373535 41.1982231140137 40.8119697570801 40.5566368103027 39.9966735839844 39.1563911437988 39.3219909667969 39.1006011962891 39.1348190307617 39.001407623291 38.9493865966797 39.8173904418945 40.677490234375 40.7091293334961 40.4225387573242 40.2804565429688 39.3655700683594 39.5758247375488 39.7499694824219 39.9575004577637 40.021125793457 39.8613815307617 39.6898002624512 39.3421974182129 39.3515281677246 39.053638458252 37.9892692565918 37.2586631774902 37.6926078796387 37.2876358032227 36.2798271179199
42.1805114746094 42.3803024291992 42.013355255127 41.4373512268066 41.501781463623 42.2459526062012 42.3734817504883 42.3180885314941 42.3018035888672 42.2846908569336 42.1938247680664 42.1888389587402 42.1209716796875 42.0055694580078 41.8590660095215 41.6799240112305 41.4058380126953 40.817985534668 40.4495658874512 40.0314254760742 39.4229774475098 39.3098526000977 39.122989654541 38.91064453125 38.8536567687988 39.1537704467773 40.079647064209 40.66845703125 40.2317695617676 40.0194511413574 40.0756378173828 39.7410697937012 39.4432601928711 39.1343841552734 38.8765296936035 39.2542190551758 39.0519866943359 39.2897758483887 39.189266204834 38.988883972168 38.7371215820312 38.9689292907715 38.7164459228516 38.4189376831055 37.8844680786133 37.4484443664551
42.305290222168 42.3589324951172 42.1632385253906 41.8836822509766 41.6076583862305 42.0346260070801 42.2408561706543 42.2314262390137 42.2402076721191 42.258430480957 42.2206611633301 42.2144889831543 42.1374816894531 42.0618019104004 41.9120864868164 41.7113227844238 41.4940910339355 41.2760314941406 40.9208374023438 40.3486213684082 39.9942436218262 39.733959197998 39.2661628723145 38.6786994934082 38.790412902832 38.9775619506836 40.1690292358398 40.5542449951172 38.9525299072266 38.5730590820312 39.0932693481445 39.2376403808594 39.1677207946777 38.9525375366211 38.5072364807129 38.2562408447266 38.6663398742676 38.4972038269043 38.4370079040527 38.3618469238281 38.1047134399414 37.8171920776367 37.9833831787109 38.3474655151367 37.7868003845215 36.7951393127441
42.2112426757812 42.2121353149414 42.1931495666504 41.9430084228516 41.6863822937012 41.8160400390625 41.9576148986816 42.0895538330078 42.1505317687988 42.220085144043 42.1765556335449 42.1336669921875 42.1721954345703 42.0888404846191 41.9649467468262 41.7199630737305 41.6752471923828 41.508918762207 41.278076171875 40.9345092773438 40.7833976745605 40.076343536377 39.5354042053223 39.0985336303711 39.0667724609375 39.3698883056641 40.2130432128906 40.0844573974609 39.80615234375 39.6853446960449 38.9992866516113 38.9016952514648 38.706916809082 38.5516929626465 37.8952598571777 37.5099639892578 37.6541900634766 37.5754508972168 37.7473258972168 37.54150390625 37.4988288879395 36.6728973388672 37.2423629760742 37.9407997131348 37.7053184509277 36.419376373291
41.781135559082 42.0323219299316 42.1649055480957 42.0530738830566 41.8624420166016 41.7286720275879 41.6801147460938 41.9604072570801 42.0250244140625 42.1381492614746 42.1760444641113 42.1346321105957 42.1530570983887 42.1365051269531 41.9655723571777 41.8533973693848 41.7661552429199 41.6297225952148 41.4707984924316 41.2764778137207 41.0779075622559 40.4417304992676 39.4322967529297 39.4801902770996 38.8492622375488 39.326114654541 40.1169662475586 39.5967063903809 39.725959777832 40.0858688354492 39.9547462463379 39.777214050293 39.176872253418 38.7779159545898 37.380786895752 36.2345657348633 36.2340774536133 36.1071586608887 36.0438041687012 36.4251747131348 36.5383338928223 36.6811485290527 36.8019485473633 37.5254974365234 37.3692741394043 36.9975891113281
41.8998260498047 41.954532623291 42.0271453857422 41.9817008972168 41.92626953125 41.6421890258789 41.4212379455566 41.1727027893066 41.7034950256348 42.0873069763184 42.1675224304199 42.1618804931641 42.1954307556152 42.1632537841797 41.8901901245117 41.5319557189941 41.5236015319824 41.5253601074219 41.5323715209961 41.4024505615234 41.2542114257812 40.8733673095703 39.9007568359375 40.1328582763672 39.273380279541 39.2386436462402 39.3405151367188 39.5688819885254 38.6319618225098 39.1788482666016 38.8265190124512 38.8823318481445 39.9099311828613 39.515625 38.6612701416016 36.6802635192871 35.8351974487305 35.8105010986328 35.1916999816895 35.5454750061035 36.0753173828125 36.0405540466309 36.0697593688965 37.2275886535645 36.8129043579102 36.3198432922363
41.9807929992676 41.8912239074707 41.8982849121094 41.7074966430664 41.8512954711914 41.7526397705078 41.523307800293 41.2739334106445 41.4136734008789 41.8986511230469 42.0745162963867 42.1888847351074 42.1944618225098 42.1378021240234 42.0605545043945 41.703426361084 41.3615989685059 41.1519165039062 41.3466911315918 41.4184799194336 41.2723274230957 41.1098098754883 40.8091278076172 40.2901611328125 39.3352165222168 39.1180572509766 39.0507354736328 39.0862159729004 39.1000137329102 38.6062660217285 38.0741233825684 38.7114715576172 39.7075042724609 39.043285369873 39.1974601745605 38.7007179260254 38.283576965332 38.1360855102539 37.2470474243164 36.2417449951172 36.8415222167969 36.5366668701172 36.8319664001465 36.9621543884277 36.6681480407715 36.2275505065918
