inst/extdata/Tmax/Tmax157.asc
NCOLS 100 
NROWS 79 
XLLCORNER 148.06 
YLLCORNER -21.49 
CELLSIZE 0.01 
NODATA_value -3.4e+38 
[rows 20 to 39 of 79, columns 46 to 91 of 100]
31.3840370178223 29.3262825012207 29.591381072998 31.2701797485352 30.9781188964844 30.3247222900391 30.0051727294922 28.8191471099854 30.8216915130615 32.5730018615723 33.8257102966309 33.303581237793 33.2819976806641 34.000358581543 33.610237121582 33.3136138916016 33.6387977600098 34.2849540710449 34.4627876281738 34.4675674438477 34.404224395752 34.2733612060547 34.5960693359375 34.6860885620117 34.6265106201172 34.5390090942383 34.4188194274902 34.4519500732422 34.4085159301758 34.0379943847656 34.1097297668457 34.3994102478027 34.2788238525391 33.9680404663086 33.9628105163574 33.9260101318359 33.8259010314941 33.811206817627 33.7869148254395 33.7492218017578 33.6632804870605 33.4617080688477 32.7976112365723 32.634105682373 32.8602867126465 32.8518829345703
31.7210235595703 29.2925796508789 28.1766815185547 29.974422454834 29.8271751403809 29.2559280395508 30.2442493438721 28.3102569580078 29.5445613861084 31.9923667907715 33.5052452087402 31.9675559997559 31.2126922607422 33.3475570678711 31.9806938171387 31.5769367218018 32.5966606140137 34.1068115234375 34.1175842285156 34.5908813476562 34.7070236206055 34.7021636962891 34.4682388305664 34.08447265625 34.075267791748 34.1571998596191 34.337085723877 34.3007736206055 34.1952590942383 34.1004867553711 34.4314575195312 34.4772071838379 34.4048233032227 33.9905891418457 34.0739936828613 34.0218391418457 33.8689804077148 33.8715896606445 33.8684425354004 33.8589019775391 33.7082977294922 33.5689086914062 33.3352470397949 33.0996170043945 32.9368362426758 32.9216499328613
32.431510925293 31.8732528686523 29.6344947814941 28.9654846191406 28.5290679931641 29.7080821990967 29.1148891448975 29.3805751800537 28.8146667480469 29.7483100891113 32.4244689941406 32.9033012390137 31.1277523040771 31.6042556762695 31.2055568695068 31.8817749023438 33.1190643310547 33.5860977172852 32.0373420715332 33.5099754333496 34.4299507141113 34.5087013244629 33.8197174072266 32.8790740966797 33.5628089904785 33.5507774353027 34.2150802612305 34.4243240356445 34.0797653198242 34.3078269958496 34.4968414306641 34.5385780334473 34.5257911682129 34.4431686401367 34.3132667541504 34.1057167053223 33.8915710449219 33.7372016906738 33.8112335205078 33.9118461608887 33.7828483581543 33.6952857971191 33.3849411010742 33.2396697998047 33.0829124450684 33.2339019775391
31.6719627380371 31.4906673431396 30.764554977417 29.8219623565674 28.3119487762451 29.0594654083252 29.7559299468994 30.0081691741943 29.7212829589844 29.2948780059814 30.8338584899902 30.817720413208 31.8856048583984 29.9378147125244 30.9364318847656 32.7070236206055 32.6818962097168 33.1225051879883 31.5570602416992 33.9403381347656 34.8146896362305 34.6863746643066 33.6185455322266 32.080638885498 33.4907836914062 33.69091796875 33.8055992126465 34.3256950378418 34.5422286987305 34.6043586730957 34.6202087402344 34.6415824890137 34.604118347168 34.4946022033691 34.3710289001465 34.1908569335938 33.7082061767578 33.3102340698242 33.4608879089355 33.7621421813965 33.729606628418 33.7833518981934 33.4865837097168 33.4503211975098 33.1630897521973 33.1914558410645
29.3204021453857 30.9358768463135 31.3779678344727 31.1019840240479 29.8788013458252 29.1911334991455 29.2185363769531 28.932804107666 29.8829746246338 29.3249168395996 29.3552207946777 28.9133644104004 31.0379047393799 32.0591316223145 31.1030426025391 32.3546524047852 33.2608757019043 33.9324378967285 33.5820236206055 34.7402801513672 34.7450637817383 34.5754852294922 33.7960166931152 32.8430480957031 33.7413520812988 34.0739288330078 33.7280502319336 33.8336906433105 33.9516944885254 34.5085067749023 34.3236274719238 34.6866035461426 34.5393562316895 34.4910583496094 34.3871841430664 34.0008544921875 33.8943023681641 33.2390289306641 32.9135589599609 33.4367980957031 33.5911636352539 33.6953659057617 33.4957618713379 33.5575141906738 33.6203575134277 33.4485626220703
27.8029708862305 28.82057762146 30.3970680236816 30.3144340515137 29.2999687194824 28.5834064483643 28.217601776123 27.6610336303711 28.8930225372314 29.5408897399902 29.0476665496826 29.3083896636963 30.9148025512695 33.1939353942871 32.6089324951172 32.7146530151367 32.901180267334 34.4871559143066 34.5978126525879 34.5832862854004 34.5751304626465 34.2192344665527 32.8032684326172 32.8683967590332 32.9898681640625 33.7271003723145 33.4159965515137 32.7099456787109 33.4255981445312 34.6050567626953 34.5396156311035 34.6694374084473 34.6196594238281 34.5831108093262 34.4255447387695 34.2528877258301 34.2673606872559 33.5862350463867 32.9998626708984 33.3689270019531 33.0168533325195 33.1609306335449 32.8389663696289 33.5662002563477 33.614875793457 33.5741653442383
27.6712188720703 27.5382766723633 28.2898197174072 28.9615020751953 29.7700347900391 27.4490242004395 27.1986045837402 28.083532333374 28.6267280578613 29.4070281982422 29.4618797302246 29.9357089996338 32.0698699951172 33.1380004882812 33.7160835266113 33.918888092041 34.0813941955566 34.6569976806641 34.246696472168 34.0567092895508 34.0956230163574 33.5916061401367 33.8056716918945 34.111270904541 34.1203765869141 33.4372024536133 32.9548683166504 33.9849853515625 34.2724151611328 34.2215881347656 33.5928192138672 34.341911315918 34.5162658691406 34.6056251525879 34.5865516662598 34.4836235046387 34.110668182373 33.7342338562012 33.8173942565918 33.5403289794922 33.3991355895996 32.777702331543 33.313159942627 33.5409164428711 33.4314270019531 33.2988014221191
27.8407287597656 27.3469676971436 27.6863861083984 27.9647655487061 28.5486755371094 26.8550109863281 26.5867080688477 27.046459197998 28.4138031005859 29.2079029083252 28.713659286499 29.3339309692383 30.3803882598877 31.8102722167969 33.4872550964355 33.119312286377 34.3779716491699 34.6593246459961 33.8637771606445 33.0178565979004 33.7580261230469 33.9862442016602 34.3497581481934 34.6072235107422 34.7281837463379 34.2621459960938 34.2565498352051 34.6526947021484 34.7205352783203 33.9222297668457 33.4213333129883 34.0340270996094 34.1542320251465 34.6125221252441 34.6583480834961 34.5924682617188 34.4175605773926 34.1740951538086 33.7214775085449 32.8505210876465 32.5884704589844 32.4416427612305 32.4777679443359 33.2158012390137 33.2547798156738 33.6778335571289
28.7168369293213 28.3077239990234 29.1115627288818 28.9772510528564 28.6081123352051 27.2025508880615 28.0369834899902 27.7986240386963 28.1451969146729 28.7840480804443 28.5302810668945 28.8452186584473 29.0135498046875 31.5599670410156 33.0260696411133 32.2117500305176 33.9398345947266 34.2738189697266 33.9234390258789 32.6382484436035 32.9513359069824 34.2034301757812 34.6531066894531 34.7925872802734 34.8143463134766 34.7085151672363 34.7222366333008 34.8457298278809 34.414493560791 33.6130981445312 33.4595565795898 34.2056770324707 34.6688423156738 34.7049331665039 34.6897087097168 34.6613616943359 34.6062927246094 34.4487113952637 34.1661262512207 32.8940048217773 32.2527008056641 31.5181560516357 32.4199256896973 32.4106521606445 33.3611907958984 33.7574691772461
30.6732654571533 30.5046997070312 29.7971134185791 29.7419052124023 29.1216888427734 28.6555404663086 28.3834285736084 27.3826904296875 28.0783042907715 27.581449508667 27.1035766601562 28.5072631835938 28.8874282836914 31.0313339233398 32.2148780822754 31.3480758666992 32.2076416015625 33.1223449707031 33.7655334472656 33.6246643066406 33.1112747192383 34.2198638916016 34.7464942932129 34.5234146118164 34.4921188354492 34.1446113586426 34.6047897338867 34.8722763061523 33.8364524841309 32.8739624023438 33.6168975830078 34.2538261413574 34.639705657959 34.7232780456543 34.730525970459 34.669849395752 34.6407699584961 34.5327606201172 34.3186454772949 33.8825454711914 33.1277503967285 32.5673179626465 32.1503028869629 31.9758853912354 32.8085174560547 33.3395767211914
29.2951068878174 29.3205757141113 29.3795394897461 28.9738006591797 28.5133609771729 28.779088973999 27.8898029327393 27.3822250366211 26.8712387084961 26.9911003112793 26.399715423584 27.3907279968262 27.4107246398926 29.7380752563477 30.999210357666 29.66090965271 30.2790470123291 32.1814079284668 33.7184371948242 34.3470306396484 33.8026657104492 34.4926223754883 34.7224807739258 34.2717208862305 34.2481269836426 34.3946876525879 34.9070854187012 34.8754463195801 34.261604309082 33.5105361938477 33.9248123168945 34.2310447692871 34.7018852233887 34.7221450805664 34.6628837585449 34.6288681030273 34.6197166442871 34.5290832519531 34.4404335021973 34.2104835510254 33.9271965026855 33.3095817565918 32.8737983703613 32.815601348877 33.0472183227539 33.4911651611328
28.4462032318115 28.748119354248 28.664363861084 28.6498413085938 27.7526454925537 28.6120262145996 27.6484088897705 26.3667144775391 25.7616119384766 26.1961479187012 25.8782577514648 26.6220817565918 27.4790191650391 29.4454307556152 29.792911529541 29.4522686004639 31.9532833099365 33.0875549316406 33.9516639709473 34.4955444335938 34.808967590332 34.8710670471191 34.8049392700195 34.7019844055176 34.4529342651367 34.7861175537109 34.9234237670898 34.7904930114746 34.3621101379395 33.6330757141113 33.7290992736816 34.3777122497559 34.610237121582 34.0837440490723 34.4907531738281 34.6166305541992 34.5847930908203 34.5358619689941 34.4774436950684 34.3450927734375 34.0111389160156 33.1574287414551 33.519947052002 33.5527572631836 33.4368553161621 33.3480682373047
27.7270832061768 28.0717601776123 27.938268661499 28.2507858276367 28.3731822967529 28.4119052886963 28.0544853210449 26.9144535064697 27.0421829223633 27.1775493621826 26.1328811645508 25.9478454589844 26.9813423156738 29.3571929931641 29.9340438842773 30.6081790924072 30.7003612518311 31.7385311126709 33.9108543395996 34.5813980102539 34.8011283874512 34.7469787597656 34.5761489868164 34.5196228027344 34.6919174194336 34.7853622436523 34.7532386779785 34.3094291687012 33.2421836853027 33.4392204284668 33.8046035766602 34.6956901550293 34.3871841430664 33.744441986084 34.5058860778809 34.4271697998047 34.4507904052734 34.5032043457031 34.3859024047852 34.0592422485352 33.3987083435059 32.0434150695801 31.809196472168 32.8317604064941 33.2205238342285 33.5385513305664
28.4261589050293 27.9562683105469 27.8192596435547 28.0240211486816 28.197624206543 28.1404609680176 27.6953639984131 27.3253211975098 27.9645004272461 27.2634181976318 27.1501770019531 27.1659832000732 28.0306377410889 29.2529029846191 29.4470348358154 30.3093872070312 31.5417976379395 32.9197883605957 33.9966278076172 34.4697608947754 34.8504905700684 34.8237533569336 34.2619552612305 33.9378509521484 34.1963424682617 34.0421752929688 34.1582679748535 34.3466339111328 34.2215423583984 34.2011108398438 34.5442581176758 34.8415451049805 34.1378402709961 34.0366592407227 34.6733627319336 34.1065635681152 34.2511940002441 34.1967315673828 34.271240234375 33.928524017334 32.3296432495117 31.6410026550293 31.0799255371094 32.8125305175781 33.4216079711914 33.2165641784668
28.898494720459 27.6278190612793 27.6081047058105 27.7562141418457 27.9320373535156 27.8212585449219 27.8731174468994 28.4832515716553 28.1359081268311 27.3607196807861 28.5871162414551 29.0970726013184 29.3198375701904 28.6961803436279 28.7500629425049 29.8786525726318 31.4827899932861 33.0928497314453 33.2108688354492 34.1445388793945 34.670295715332 34.6953315734863 34.1572151184082 33.8845252990723 32.9771919250488 33.6314430236816 34.2200202941895 34.3922386169434 34.6560707092285 34.6650238037109 34.8585205078125 34.7894706726074 34.7473754882812 34.7744903564453 34.7185516357422 34.4418067932129 33.3833999633789 34.0476303100586 34.2510452270508 34.1868362426758 34.1307334899902 32.719554901123 32.53466796875 33.974178314209 34.2687759399414 34.2270736694336
28.9622650146484 27.8887596130371 27.5596733093262 27.5124931335449 27.7643165588379 27.6021423339844 28.343729019165 30.2841567993164 29.2084140777588 28.5205459594727 30.7275733947754 31.5871448516846 31.1256332397461 28.8388347625732 29.2958240509033 29.4439182281494 31.7874927520752 31.8797225952148 31.73561668396 32.8413772583008 34.1784896850586 34.4447441101074 34.0768432617188 34.0711975097656 33.9253120422363 33.5471115112305 33.6350479125977 33.8037109375 34.5840797424316 34.5431137084961 34.631404876709 34.4141235351562 34.6376266479492 34.799747467041 34.4705848693848 34.4433326721191 33.6872444152832 33.8229331970215 34.1195793151855 33.9302978515625 34.3846664428711 34.3780784606934 34.2593994140625 34.2962875366211 34.407958984375 34.2562522888184
28.6208038330078 27.9333152770996 27.741626739502 27.963249206543 27.9240036010742 28.0572490692139 28.5352764129639 31.1394348144531 31.3887252807617 29.7166767120361 32.2146301269531 33.3813858032227 32.5215339660645 31.0337905883789 30.956205368042 31.726842880249 32.5609550476074 33.1252708435059 33.5096130371094 33.8735580444336 34.128978729248 33.8278388977051 32.2659759521484 32.6075172424316 33.2312049865723 32.8018074035645 33.0550346374512 34.0346984863281 34.4626235961914 34.6911506652832 33.4703369140625 33.4474143981934 34.3707580566406 34.7033920288086 34.159065246582 34.1845397949219 33.2850227355957 33.8616256713867 34.0813446044922 33.9116172790527 34.4206619262695 34.5059547424316 34.5237464904785 34.5105171203613 34.4369087219238 34.0727043151855
28.6451797485352 28.2089614868164 28.1932792663574 28.3830375671387 28.6149520874023 28.7934246063232 29.815128326416 32.0064888000488 31.8767738342285 31.2976703643799 33.0486946105957 34.3892250061035 33.418212890625 32.0493354797363 31.397554397583 33.4892272949219 33.9219436645508 34.1720657348633 34.4130172729492 34.4458160400391 33.9627304077148 33.6608581542969 33.7884826660156 33.149600982666 33.541446685791 34.0881767272949 34.3355598449707 34.4243316650391 34.6613349914551 34.5783462524414 32.7280769348145 33.556941986084 34.510684967041 34.4185485839844 33.9287300109863 33.8759689331055 33.6908760070801 34.2577285766602 34.2824287414551 34.2838020324707 34.2437171936035 34.4176979064941 34.4623031616211 34.4637756347656 34.3700180053711 34.3048934936523
28.5905323028564 28.2699737548828 28.9062557220459 29.8932418823242 30.0542659759521 30.6717700958252 32.0515747070312 32.821964263916 32.0944519042969 32.5797462463379 34.3115463256836 34.9212265014648 34.2767028808594 33.0627632141113 32.1538352966309 33.4331893920898 33.4377784729004 33.7953300476074 34.6641654968262 34.899974822998 34.5483131408691 34.1562995910645 34.5509567260742 34.3281364440918 34.1778945922852 34.7208290100098 34.6025047302246 34.5070953369141 34.8000183105469 34.5381011962891 33.8267478942871 34.364501953125 34.5606842041016 34.2095947265625 33.1423645019531 33.0915298461914 33.4566116333008 34.2686996459961 33.9329147338867 33.9011993408203 33.9170150756836 34.2337074279785 34.2027206420898 34.261547088623 34.0875205993652 34.2250061035156
28.6436367034912 28.8659534454346 30.338623046875 31.2984733581543 32.1894607543945 33.3759918212891 34.1625823974609 33.3314437866211 30.9915924072266 31.7891750335693 33.6552429199219 34.9618339538574 34.4602279663086 34.0668029785156 32.9963836669922 34.1789855957031 34.3614540100098 33.6387252807617 34.5575637817383 34.9627571105957 34.8981246948242 34.3928298950195 34.7834358215332 34.902759552002 34.7239112854004 34.8259010314941 34.6098480224609 33.7329635620117 34.6560668945312 34.8154983520508 34.7124862670898 34.583553314209 34.2172050476074 33.8257141113281 32.8609504699707 32.9205627441406 33.7742881774902 33.6944351196289 33.5256271362305 33.3074035644531 33.4635696411133 33.7964515686035 33.5690422058105 33.9598579406738 33.4352912902832 33.8549461364746
