inst/extdata/Tmax/Tmax135.asc
NCOLS 100 
NROWS 79 
XLLCORNER 148.06 
YLLCORNER -21.49 
CELLSIZE 0.01 
NODATA_value -3.4e+38 
[rows 40 to 59 of 79, columns 0 to 45 of 100]
44.283706665039098 44.0001602172852 44.0065383911133 44.0096206665039 43.8805084228516 43.9531860351562 43.8676567077637 43.6690254211426 43.230785369873 43.5807723999023 44.097583770752 44.3189163208008 44.3221740722656 44.3371810913086 44.363410949707 44.1628837585449 43.8880958557129 43.5657043457031 43.0420608520508 43.438591003418 43.4026794433594 43.2623672485352 43.1809577941895 42.8102149963379 41.9959411621094 41.3924751281738 41.1673049926758 41.225944519043 41.3034744262695 40.7076416015625 40.1017570495605 40.4392242431641 41.5368843078613 41.2716217041016 41.0170707702637 41.278148651123 41.1518859863281 40.8413352966309 40.620548248291 40.1960182189941 40.1322898864746 39.3159561157227 38.7787590026855 38.7477645874023 38.4934234619141 38.3251113891602
44.4376792907715 44.0514907836914 43.9225769042969 43.9890518188477 43.8759841918945 43.9223480224609 43.884105682373 43.7668991088867 43.5249786376953 43.6067352294922 43.8726501464844 44.1239967346191 44.2884864807129 44.398811340332 44.4072914123535 44.2574844360352 43.9569625854492 43.5062408447266 43.1914901733398 43.2891235351562 43.2810592651367 43.0320663452148 43.156551361084 42.8887138366699 42.2831611633301 41.8164863586426 41.2177276611328 41.1207847595215 41.2826080322266 40.8674926757812 40.460391998291 40.980094909668 41.5506973266602 40.8623313903809 40.1913681030273 40.8422889709473 40.8339767456055 40.9903945922852 40.9295120239258 40.6984977722168 40.5659294128418 39.8775787353516 38.6108703613281 38.4777565002441 38.5179290771484 38.4564514160156
44.343635559082 44.2540283203125 44.0476913452148 43.9189987182617 43.9481201171875 43.9426879882812 43.8790054321289 43.8209648132324 43.7661628723145 43.6994857788086 43.7168579101562 44.0789413452148 44.3192024230957 44.4104652404785 44.3942680358887 44.3277359008789 44.0901870727539 43.7936172485352 43.5734977722168 43.504581451416 43.4026412963867 42.798397064209 42.7089347839355 42.8729591369629 42.8666572570801 42.4580154418945 41.6461067199707 41.3276176452637 41.2312240600586 41.0044212341309 40.1722946166992 41.0864067077637 41.1077194213867 40.1235008239746 39.3652572631836 40.1520614624023 40.1054954528809 40.6534690856934 40.7706298828125 40.4791603088379 40.2470474243164 40.2411079406738 39.6860389709473 39.4657402038574 39.807300567627 40.642692565918
44.079891204834 44.1185760498047 44.0836486816406 44.0550994873047 44.0561103820801 44.0248947143555 43.9509696960449 43.8811340332031 43.9033012390137 43.851993560791 43.833812713623 44.1357498168945 44.3152618408203 44.4152908325195 44.4049835205078 44.3901138305664 44.2545890808105 44.0495185852051 43.7870903015137 43.7901306152344 43.6139068603516 43.3468589782715 42.7364082336426 42.4009399414062 42.9516181945801 42.7407379150391 42.3384475708008 41.8912315368652 41.5676956176758 41.3849983215332 40.6477813720703 40.5251770019531 41.1208953857422 40.6458282470703 40.0449600219727 39.6049499511719 39.6372375488281 39.8318939208984 40.0079727172852 39.7710647583008 39.3382949829102 39.9297180175781 39.5138778686523 40.3187713623047 41.7939987182617 42.2585296630859
43.8473281860352 43.9676513671875 43.9268913269043 43.9032592773438 44.0395889282227 44.1129188537598 44.0923805236816 44.0190582275391 44.0453300476074 44.058666229248 44.175106048584 44.2431259155273 44.3232574462891 44.37939453125 44.4018325805664 44.4171829223633 44.3403968811035 44.1928405761719 44.0341491699219 43.9644622802734 43.8261184692383 43.6564178466797 43.3731880187988 43.1630630493164 42.9822807312012 42.5568580627441 42.7243385314941 42.5907974243164 42.2830696105957 41.6577301025391 41.0913505554199 41.037181854248 41.2885246276855 41.4037933349609 41.1159629821777 40.0525016784668 38.8199119567871 38.7622604370117 38.8315315246582 39.1050605773926 38.9700126647949 39.4114227294922 38.9625396728516 39.6748428344727 41.1814422607422 42.2968521118164
43.88720703125 43.8999938964844 43.741039276123 43.6202087402344 43.7763786315918 43.9441986083984 44.1008377075195 44.1772613525391 44.2084274291992 44.260066986084 44.2917556762695 44.1806259155273 43.9650115966797 44.2516555786133 44.4118881225586 44.4227142333984 44.3707084655762 44.2869720458984 44.1823501586914 44.0987548828125 43.9931182861328 43.8539352416992 43.7767143249512 43.2350845336914 42.9082260131836 42.8127632141113 42.832103729248 42.6583023071289 42.4663925170898 41.9928207397461 40.8689193725586 41.0034561157227 41.2459182739258 41.2724533081055 41.328727722168 40.5109024047852 39.3125190734863 39.0715560913086 39.0748901367188 39.437931060791 38.882495880127 39.1545486450195 39.4796142578125 39.7238540649414 40.4606170654297 41.4268646240234
43.7858619689941 43.7179222106934 43.7026138305664 43.6136703491211 43.5024871826172 43.5296440124512 43.922924041748 44.0062561035156 44.0854110717773 44.0751609802246 44.2341003417969 44.275390625 44.0389175415039 44.2277297973633 44.3865966796875 44.4215240478516 44.3761749267578 44.2929229736328 44.2291069030762 44.1647758483887 44.0718574523926 43.9641532897949 43.8490257263184 43.4225997924805 42.6914291381836 42.7562866210938 42.8541526794434 42.6325302124023 42.5580520629883 42.4007720947266 41.6797561645508 41.3477096557617 41.006103515625 41.2051963806152 41.2946090698242 40.852481842041 39.8694381713867 40.0917701721191 39.5928840637207 40.1865730285645 39.6644287109375 39.7530975341797 39.82861328125 39.8938217163086 39.8582382202148 39.6636352539062
44.1944694519043 43.5858345031738 43.4921951293945 43.4214935302734 43.3746528625488 43.461841583252 43.6969413757324 43.6328125 43.8257827758789 43.8427619934082 43.886302947998 43.8977737426758 44.0293045043945 44.2378845214844 44.3657379150391 44.432746887207 44.3722343444824 44.2456855773926 44.0667953491211 43.9555015563965 44.0336151123047 43.8308944702148 43.8138313293457 43.7273826599121 43.3146324157715 43.2003440856934 43.160961151123 42.9622497558594 42.7875785827637 42.5663986206055 41.9441070556641 41.5786437988281 40.9259414672852 41.2415885925293 41.2493705749512 41.0168685913086 40.589469909668 40.757495880127 40.4952583312988 40.6777534484863 40.4182777404785 40.1871719360352 40.031623840332 39.8703842163086 39.5411758422852 39.3062362670898
44.8177261352539 44.0900192260742 43.4000282287598 43.2438621520996 43.3369483947754 43.4783630371094 43.3775062561035 43.3525123596191 43.6252632141113 43.8577041625977 43.8941192626953 43.8345413208008 44.00439453125 44.2344741821289 44.4053001403809 44.430980682373 44.3859786987305 44.2986221313477 44.1280174255371 43.9103507995605 43.9377021789551 43.8416633605957 43.7433700561523 43.8186988830566 43.6957130432129 43.5739479064941 43.2831268310547 43.0848159790039 42.9769325256348 42.696361541748 42.3289985656738 41.8796043395996 41.094108581543 41.199836730957 41.1438179016113 41.1659393310547 41.0316848754883 40.9770927429199 40.8461952209473 40.655517578125 39.925724029541 39.7272720336914 39.8729362487793 39.6172866821289 39.4698677062988 39.1358070373535
45.054630279541 44.5861854553223 43.8325424194336 43.2978286743164 43.2623481750488 43.2299728393555 43.213249206543 43.4954681396484 43.678653717041 43.5623321533203 44.0705642700195 44.2195892333984 44.2818374633789 44.3368759155273 44.3885726928711 44.4277114868164 44.3814430236816 44.3083152770996 44.1919708251953 44.0430183410645 43.9238319396973 43.8141555786133 43.6271171569824 43.6282081604004 43.7336654663086 43.6869812011719 43.4488296508789 42.9636116027832 42.5067405700684 42.702953338623 42.4134521484375 42.0980606079102 41.3650360107422 41.0734062194824 40.8586044311523 41.093864440918 41.1133079528809 40.9950714111328 40.9265441894531 40.6240234375 39.9868049621582 39.5861396789551 39.7161140441895 39.3623199462891 39.255443572998 39.1457748413086
45.064525604248 44.8749122619629 44.4671821594238 43.9008598327637 43.4029579162598 43.10888671875 43.2107048034668 43.4689254760742 43.4829139709473 43.7217445373535 44.1913909912109 44.3407859802246 44.4170722961426 44.4724502563477 44.4581985473633 44.4479370117188 44.2989349365234 44.2774620056152 44.2505149841309 44.1528854370117 44.027717590332 43.8428573608398 43.6455688476562 43.5439682006836 43.6013450622559 43.6016464233398 43.5806922912598 43.3566741943359 43.0866889953613 42.929515838623 42.4313774108887 42.240291595459 41.4822769165039 41.0929908752441 40.5207862854004 40.9051933288574 40.9688453674316 40.9299507141113 40.9414291381836 40.7483749389648 40.2622413635254 40.0618324279785 39.9437637329102 39.7251510620117 39.4099731445312 39.224609375
45.0525169372559 44.9798736572266 44.7419281005859 44.1458320617676 43.6080932617188 43.3323554992676 43.2525367736816 43.3026733398438 43.0588836669922 43.1716766357422 43.8944931030273 44.1908836364746 44.3121719360352 44.4527702331543 44.4929046630859 44.4305686950684 44.3118782043457 44.279655456543 44.2185974121094 44.1764793395996 44.0644226074219 43.9241485595703 43.8041801452637 43.5998306274414 43.4685707092285 43.383617401123 43.2975959777832 43.3611679077148 43.1394920349121 43.2033843994141 43.1872177124023 42.4693870544434 41.924934387207 41.5038719177246 41.0405349731445 41.122371673584 41.033317565918 40.8484153747559 40.9380226135254 40.8192749023438 40.3556976318359 40.1613121032715 40.0294075012207 39.8359146118164 39.3738288879395 39.1760864257812
44.9220161437988 44.9417037963867 44.7974472045898 43.937370300293 43.2057151794434 43.1576690673828 43.2083015441895 43.0621147155762 42.8094940185547 42.9051399230957 43.8508796691895 44.2061996459961 44.3596725463867 44.4834671020508 44.4616279602051 44.3900527954102 44.3267478942871 44.2465591430664 44.1797943115234 44.1426734924316 44.1174163818359 44.0178565979004 43.8518562316895 43.6504440307617 43.4317321777344 43.2639923095703 43.1874008178711 43.1153793334961 43.0759048461914 42.9541473388672 43.0785446166992 42.9171257019043 42.4071083068848 41.8473892211914 41.4347724914551 41.6910972595215 41.5925750732422 41.1480827331543 40.9443626403809 40.9690208435059 40.7940139770508 40.5146713256836 40.2104301452637 39.9620704650879 39.6337585449219 39.263484954834
44.7762298583984 44.7902450561523 44.859920501709 44.4694328308105 43.5724678039551 43.2424621582031 43.5132217407227 43.0448608398438 42.8805809020996 42.930004119873 43.8413619995117 44.3088569641113 44.4578437805176 44.5039901733398 44.414722442627 44.3052215576172 44.2472648620605 44.2367477416992 44.1773223876953 44.0572204589844 44.0642585754395 44.0629119873047 43.9119110107422 43.7519760131836 43.5558853149414 43.3871879577637 43.0390014648438 42.8449401855469 42.5129776000977 42.7722396850586 42.5976295471191 43.0003128051758 43.001579284668 42.6783294677734 42.2289810180664 42.220947265625 41.8533096313477 41.5171089172363 41.2175178527832 41.5034790039062 41.1115951538086 40.8217315673828 40.6512260437012 40.4960327148438 40.2217025756836 40.0577087402344
44.6865272521973 44.6150360107422 44.7481422424316 44.7335891723633 44.3333015441895 44.103572845459 44.0098457336426 43.6769180297852 43.4723510742188 43.4558563232422 43.5948638916016 43.8937034606934 44.4079437255859 44.4860305786133 44.355770111084 44.2533798217773 44.1930656433105 44.2027587890625 44.1386947631836 44.0528335571289 44.0374526977539 44.0662155151367 43.9923629760742 43.8122596740723 43.6882400512695 43.5016288757324 43.1749153137207 42.9594230651855 42.5762672424316 42.7356262207031 42.1682624816895 42.4746780395508 42.6335067749023 42.6159515380859 42.6804351806641 42.5429153442383 42.2342414855957 42.0775184631348 41.6640319824219 41.2057876586914 41.1078643798828 41.0918426513672 40.8522682189941 40.6492042541504 40.6086387634277 40.4485130310059
44.7781448364258 44.7253112792969 44.7446136474609 44.7453384399414 44.6211166381836 44.0848159790039 44.0468215942383 44.0743141174316 43.8620223999023 43.7985382080078 43.9838638305664 44.2363624572754 44.4699058532715 44.4954948425293 44.3838768005371 44.2040519714355 44.1950988769531 44.1604995727539 43.9682731628418 43.9203224182129 43.9954986572266 44.0031204223633 44.0103378295898 43.8977470397949 43.7665100097656 43.6092948913574 43.3921241760254 43.1456565856934 42.9729957580566 42.8071479797363 42.4188117980957 42.0600433349609 42.1392135620117 42.0735931396484 42.4099655151367 42.1263198852539 42.2928695678711 42.0596694946289 41.724422454834 41.3409729003906 41.108757019043 40.8690872192383 40.4267883300781 39.8909454345703 40.347900390625 40.4727592468262
44.8857002258301 44.8181571960449 44.7709770202637 44.7332763671875 44.5819396972656 43.8908920288086 43.6676750183105 44.0100517272949 43.8887901306152 43.5910186767578 43.8096809387207 44.3119888305664 44.495288848877 44.4879722595215 44.387451171875 44.2065238952637 44.1470527648926 43.9520301818848 43.7136840820312 43.797191619873 44.0037384033203 43.9571228027344 43.9863548278809 43.9444732666016 43.777889251709 43.6922798156738 43.4909934997559 43.2269325256348 43.1205101013184 42.9000015258789 42.5255088806152 41.9051513671875 41.6164169311523 41.7031478881836 42.0530776977539 42.1336059570312 41.7671546936035 41.4398193359375 41.56982421875 41.4759979248047 41.153751373291 40.8995208740234 40.4150543212891 39.6843872070312 40.0335655212402 40.3133354187012
44.9448318481445 44.8637390136719 44.8015632629395 44.7484092712402 44.6889953613281 44.3804550170898 43.9558067321777 43.7226371765137 43.7005043029785 43.4912986755371 43.8691482543945 44.3354454040527 44.491283416748 44.468090057373 44.368236541748 44.1899528503418 44.0047187805176 43.8117332458496 43.6878318786621 43.8741683959961 43.9432487487793 43.9421043395996 43.8795394897461 43.923942565918 43.8419876098633 43.7358474731445 43.5450630187988 43.2959480285645 43.1631202697754 42.967342376709 42.5926666259766 42.3690338134766 41.9529037475586 41.7591552734375 41.6781768798828 41.7684097290039 41.9350357055664 41.7735862731934 41.4362716674805 41.2306137084961 41.0245971679688 40.8010444641113 40.5570335388184 40.2533378601074 39.6741333007812 39.8884735107422
45.0004920959473 44.9071426391602 44.8437385559082 44.806640625 44.7193450927734 44.5179176330566 44.236686706543 43.7232246398926 43.6039428710938 43.7343978881836 44.0925788879395 44.3858261108398 44.4795989990234 44.4426231384277 44.3074531555176 44.1433563232422 43.8524475097656 43.7586479187012 43.8171615600586 43.8093681335449 43.8938407897949 43.7962455749512 43.6192893981934 43.786865234375 43.892749786377 43.7629623413086 43.5363693237305 43.3828620910645 43.2401161193848 43.1187171936035 42.9262924194336 42.6913642883301 42.400806427002 42.3195419311523 42.0130882263184 41.6938247680664 41.7238426208496 41.7502365112305 41.5217971801758 41.3595275878906 41.2063026428223 40.9527740478516 40.4047927856445 40.0447616577148 40.1195297241211 40.1013412475586
45.0248794555664 44.9810447692871 44.912425994873 44.855411529541 44.736759185791 44.6198120117188 44.485725402832 44.1619529724121 43.7446365356445 43.7974433898926 43.9053688049316 44.1047668457031 44.3065567016602 44.3136711120605 44.2349586486816 44.0919952392578 43.8740844726562 43.741024017334 43.6197166442871 43.6242828369141 43.7823600769043 43.736213684082 43.509204864502 43.7936744689941 43.9239501953125 43.8025588989258 43.6209716796875 43.4666709899902 43.3701324462891 43.2434463500977 43.1111831665039 42.8805732727051 42.5821571350098 42.7138404846191 42.5704154968262 42.2271308898926 41.799144744873 41.6700553894043 41.734432220459 42.0372009277344 41.3823204040527 41.1004028320312 40.728759765625 40.1167984008789 40.0231552124023 39.8863067626953
