inst/extdata/Tmax/Tmax150.asc
NCOLS 100 
NROWS 79 
XLLCORNER 148.06 
YLLCORNER -21.49 
CELLSIZE 0.01 
NODATA_value -3.4e+38 
[rows 40 to 59 of 79, columns 0 to 45 of 100]
31.891387939453100 31.6310882568359 31.6699256896973 31.7057132720947 31.5970249176025 31.7098026275635 31.6672592163086 31.4826774597168 31.0396575927734 31.4533634185791 32.0649452209473 32.4179039001465 32.4710502624512 32.5494041442871 32.6592483520508 32.4516906738281 32.169979095459 31.804027557373 31.2116889953613 31.773401260376 31.7955322265625 31.701847076416 31.663646697998 31.2422561645508 30.2970161437988 29.6911392211914 29.5181560516357 29.6091861724854 29.7197380065918 29.1657752990723 28.6053714752197 28.9827327728271 30.254581451416 29.9807643890381 29.7216663360596 30.1258735656738 30.0541553497314 29.720874786377 29.5040321350098 29.0266628265381 29.010913848877 28.2311363220215 27.7298431396484 27.7309799194336 27.5098114013672 27.3738403320312
32.0339279174805 31.6599044799805 31.5513210296631 31.6558399200439 31.5647125244141 31.6482677459717 31.6576595306396 31.5623264312744 31.3310089111328 31.4539813995361 31.7831153869629 32.1313400268555 32.3940620422363 32.593391418457 32.6784706115723 32.541259765625 32.2225723266602 31.6836585998535 31.3489208221436 31.5332012176514 31.5916690826416 31.3558006286621 31.5919418334961 31.3071670532227 30.588306427002 30.1104011535645 29.5464897155762 29.4844512939453 29.6778430938721 29.3018474578857 28.9350852966309 29.4958553314209 30.2345085144043 29.447681427002 28.8165225982666 29.5274677276611 29.6062355041504 29.8756427764893 29.8654079437256 29.634485244751 29.5310230255127 28.7711296081543 27.5433807373047 27.442813873291 27.5143127441406 27.4848976135254
31.9028167724609 31.8544673919678 31.6604557037354 31.5520935058594 31.6161804199219 31.6430225372314 31.6243267059326 31.5940341949463 31.5674514770508 31.5280742645264 31.5816688537598 32.0418281555176 32.4023475646973 32.5729103088379 32.6175346374512 32.5973663330078 32.3645248413086 32.0292358398438 31.8023586273193 31.7801475524902 31.7149982452393 31.0131683349609 30.9640884399414 31.2479248046875 31.3102874755859 30.844367980957 29.9516544342041 29.6671905517578 29.6058959960938 29.4158020019531 28.632884979248 29.5805053710938 29.6365756988525 28.696418762207 27.9854946136475 28.7902698516846 28.7927417755127 29.4045352935791 29.6221294403076 29.3144283294678 29.0832653045654 29.164852142334 28.5932197570801 28.4067230224609 28.8056907653809 29.9646415710449
31.5830688476562 31.6739501953125 31.6675720214844 31.6684379577637 31.7021217346191 31.7007484436035 31.6707000732422 31.6273136138916 31.6857147216797 31.6633033752441 31.6778430938721 32.0755271911621 32.3564414978027 32.5379028320312 32.580207824707 32.6325149536133 32.54150390625 32.3289108276367 32.0416107177734 32.118824005127 31.9516448974609 31.6879501342773 30.9532814025879 30.6161308288574 31.3752899169922 31.1674098968506 30.7345390319824 30.2271060943604 29.914852142334 29.7679061889648 29.073823928833 29.0013122558594 29.6248207092285 29.1871604919434 28.6276454925537 28.2277412414551 28.3064212799072 28.5309658050537 28.738842010498 28.5370845794678 28.1408729553223 28.7783946990967 28.3968658447266 29.3536109924316 31.395751953125 32.1254692077637
31.3058929443359 31.4830722808838 31.4700393676758 31.4758243560791 31.6565036773682 31.770092010498 31.7991123199463 31.7518177032471 31.8153133392334 31.8651103973389 32.0317420959473 32.1829147338867 32.3351745605469 32.458065032959 32.5376777648926 32.628288269043 32.6198272705078 32.4878349304199 32.3414688110352 32.3193473815918 32.2026176452637 32.0685348510742 31.7567844390869 31.5468406677246 31.3775768280029 30.8884696960449 31.2019691467285 31.0966110229492 30.7633018493652 30.0256328582764 29.490255355835 29.4860610961914 29.7773380279541 29.9921646118164 29.6904850006104 28.6476135253906 27.4852714538574 27.4593391418457 27.5580024719238 27.8584651947021 27.7569828033447 28.2416191101074 27.828763961792 28.5720233917236 30.5243282318115 32.139705657959
31.3219757080078 31.3832321166992 31.2428932189941 31.1438617706299 31.3428516387939 31.5572719573975 31.7806053161621 31.8996887207031 31.9693546295166 32.0630378723145 32.1447563171387 32.0711708068848 31.8571357727051 32.2584266662598 32.5188941955566 32.5946350097656 32.6221885681152 32.5796127319336 32.508113861084 32.466438293457 32.3943519592285 32.3014068603516 32.269588470459 31.6046371459961 31.2411956787109 31.185905456543 31.3065643310547 31.1476669311523 30.9654979705811 30.418212890625 29.2501773834229 29.4320468902588 29.7081470489502 29.7867565155029 29.9263114929199 29.0806941986084 27.9477863311768 27.7429008483887 27.7775192260742 28.1673355102539 27.6511249542236 27.9671859741211 28.3232479095459 28.601469039917 29.5335693359375 30.8921566009521
31.1870918273926 31.1613597869873 31.1749973297119 31.110143661499 31.0217266082764 31.0815086364746 31.5570259094238 31.6819019317627 31.8036785125732 31.8269634246826 32.040958404541 32.1624717712402 31.9116611480713 32.1960830688477 32.4546852111816 32.552791595459 32.5896301269531 32.5477485656738 32.5335121154785 32.5188941955566 32.4643936157227 32.4152374267578 32.3303909301758 31.818811416626 30.9190826416016 31.0735530853271 31.2975692749023 31.0755252838135 31.0483798980713 30.9121513366699 30.0467643737793 29.753833770752 29.4487190246582 29.6823177337646 29.8455638885498 29.4004535675049 28.4752407073975 28.7281360626221 28.2680835723877 28.8906154632568 28.4050979614258 28.5424118041992 28.652193069458 28.7524242401123 28.7518367767334 28.5910930633545
31.5996017456055 30.9942741394043 30.9243259429932 30.8788909912109 30.8589649200439 30.9821166992188 31.2835311889648 31.2461166381836 31.4891414642334 31.5413208007812 31.6235733032227 31.6892890930176 31.8724098205566 32.1798248291016 32.3972320556641 32.5374374389648 32.5439796447754 32.4416160583496 32.2676315307617 32.1880531311035 32.3710174560547 32.1901817321777 32.2416610717773 32.1973304748535 31.7070560455322 31.6260356903076 31.6707096099854 31.4762096405029 31.3150787353516 31.0929546356201 30.3494262695312 29.97043800354 29.3488998413086 29.6983127593994 29.750919342041 29.5446262359619 29.168327331543 29.3713779449463 29.144193649292 29.376781463623 29.1378631591797 28.9569110870361 28.8361015319824 28.7094383239746 28.4141254425049 28.2131309509277
32.2535591125488 31.5029983520508 30.7960243225098 30.6603813171387 30.7880363464355 30.9684600830078 30.9084739685059 30.9126434326172 31.2380485534668 31.5248336791992 31.5989284515381 31.5860614776611 31.8112010955811 32.1378479003906 32.4109954833984 32.496280670166 32.5130462646484 32.4655990600586 32.302806854248 32.0771789550781 32.1885299682617 32.1556015014648 32.0949249267578 32.2743988037109 32.1795959472656 32.0869483947754 31.7881088256836 31.5933036804199 31.5214195251465 31.2184448242188 30.8043556213379 30.3119239807129 29.491678237915 29.6321887969971 29.6117820739746 29.6698360443115 29.5864505767822 29.5813274383545 29.4809017181396 29.3165397644043 28.6220073699951 28.47385597229 28.6535568237305 28.4325428009033 28.3194332122803 28.019495010376
32.4977035522461 32.0187377929688 31.2294578552246 30.690975189209 30.6827621459961 30.6780967712402 30.707103729248 31.0389881134033 31.2686424255371 31.1751365661621 31.7674560546875 31.9931144714355 32.1211090087891 32.2415733337402 32.3592948913574 32.4621353149414 32.4761734008789 32.4392166137695 32.3518829345703 32.2201271057129 32.1300888061523 32.0785140991211 31.8968315124512 31.9722843170166 32.192699432373 32.2039947509766 31.9757843017578 31.3919639587402 30.8588409423828 31.1892852783203 30.8779029846191 30.5585231781006 29.7414455413818 29.4859848022461 29.3073558807373 29.5774059295654 29.6524181365967 29.5684471130371 29.548303604126 29.2652988433838 28.6635684967041 28.3144092559814 28.4778079986572 28.1592273712158 28.086404800415 28.0106620788574
32.4794044494629 32.313362121582 31.8918724060059 31.3064651489258 30.8050727844238 30.5240707397461 30.6778984069824 30.9835720062256 31.0303897857666 31.3217849731445 31.8749961853027 32.1196632385254 32.2672538757324 32.3895568847656 32.4214859008789 32.4591865539551 32.337329864502 32.3607711791992 32.3936576843262 32.3327331542969 32.2340240478516 32.0787086486816 31.8830413818359 31.8186264038086 31.9710922241211 32.0466117858887 32.1186370849609 31.8857498168945 31.5927963256836 31.4546012878418 30.8641090393066 30.7073841094971 29.8385753631592 29.4855461120605 28.9531784057617 29.3690185546875 29.483642578125 29.4807510375977 29.5318088531494 29.3707523345947 28.9190921783447 28.7692241668701 28.6861343383789 28.5023193359375 28.2218379974365 28.0707035064697
32.4336280822754 32.4060287475586 32.1692848205566 31.5444831848145 30.9965057373047 30.7335777282715 30.6958293914795 30.7798252105713 30.5519142150879 30.7028560638428 31.518138885498 31.901403427124 32.1022720336914 32.3342819213867 32.4377059936523 32.4066772460938 32.3250427246094 32.3342895507812 32.3097229003906 32.3258514404297 32.2453880310059 32.1514434814453 32.0609588623047 31.8558712005615 31.7514114379883 31.7100238800049 31.6918029785156 31.8530616760254 31.6259880065918 31.7879867553711 31.8416213989258 30.9720687866211 30.3295078277588 29.8764228820801 29.4488258361816 29.5663890838623 29.5286636352539 29.3794479370117 29.505708694458 29.4226779937744 28.9934177398682 28.8496360778809 28.7528591156006 28.5942878723145 28.1671085357666 28.0037002563477
32.2586936950684 32.3322410583496 32.2033996582031 31.2919883728027 30.5443878173828 30.5232009887695 30.6231880187988 30.4990653991699 30.2632503509521 30.3942546844482 31.4432163238525 31.8909492492676 32.1345748901367 32.3451614379883 32.3671035766602 32.3240089416504 32.315372467041 32.2615242004395 32.2256546020508 32.2395629882812 32.2793960571289 32.2416877746582 32.0873985290527 31.8860301971436 31.6631011962891 31.5105304718018 31.5047912597656 31.4813499450684 31.5017852783203 31.4116439819336 31.6545066833496 31.5345878601074 30.924488067627 30.2621040344238 29.8237476348877 30.1991634368896 30.1641578674316 29.6611022949219 29.4926681518555 29.564697265625 29.4145622253418 29.1851234436035 28.9154186248779 28.7018585205078 28.4081707000732 28.0725193023682
32.0634689331055 32.1292152404785 32.2399826049805 31.8388137817383 30.9015007019043 30.5825004577637 30.9164943695068 30.4507102966309 30.3079509735107 30.3903026580811 31.4007835388184 31.9842014312744 32.2243728637695 32.3342247009277 32.2678985595703 32.175594329834 32.1736526489258 32.2110061645508 32.1848258972168 32.0797462463379 32.1568222045898 32.2547607421875 32.1212043762207 31.9763145446777 31.783260345459 31.6287536621094 31.259370803833 31.0742092132568 30.70973777771 31.1217060089111 30.9625473022461 31.5997047424316 31.6773624420166 31.3140735626221 30.787748336792 30.8500194549561 30.4601287841797 30.0914726257324 29.7725372314453 30.2153358459473 29.7741069793701 29.4903430938721 29.3384342193604 29.2161064147949 28.9756317138672 28.8464279174805
31.9369144439697 31.9075355529785 32.0873222351074 32.1045188903809 31.695125579834 31.476863861084 31.4247932434082 31.0970268249512 30.909366607666 30.9235496520996 31.1058292388916 31.4832878112793 32.1308975219727 32.2816429138184 32.1622886657715 32.0797309875488 32.074577331543 32.1379623413086 32.1058082580566 32.0455322265625 32.0808563232422 32.220027923584 32.1931610107422 32.0200881958008 31.9250392913818 31.7453231811523 31.4028949737549 31.1883010864258 30.7554473876953 31.0359859466553 30.3651905059814 30.8587169647217 31.1425132751465 31.1930541992188 31.3548393249512 31.2443351745605 30.9284362792969 30.7931423187256 30.3188552856445 29.7914257049561 29.7340526580811 29.8059864044189 29.5639400482178 29.3695659637451 29.3858699798584 29.2466278076172
32.0102844238281 32.0020370483398 32.0561752319336 32.0903091430664 31.9856605529785 31.4298934936523 31.4383792877197 31.5011825561523 31.3029289245605 31.2669792175293 31.5031795501709 31.8362903594971 32.1821327209473 32.2649688720703 32.1699562072754 31.987663269043 32.0487251281738 32.0545463562012 31.8572635650635 31.8461933135986 31.9944477081299 32.0938453674316 32.1788520812988 32.0988464355469 31.9936199188232 31.853443145752 31.6571865081787 31.3990516662598 31.2414073944092 31.0935935974121 30.6544876098633 30.2817077636719 30.4544067382812 30.4396114349365 30.9550495147705 30.6521110534668 30.9703311920166 30.7331466674805 30.3625087738037 29.9319267272949 29.7001056671143 29.4816493988037 29.0723037719727 28.5709419250488 29.0658283233643 29.2434349060059
32.1022338867188 32.077823638916 32.0582580566406 32.0495452880859 31.9149589538574 31.1940612792969 31.0030994415283 31.4043254852295 31.3053150177002 31.0160846710205 31.2856769561768 31.9028930664062 32.186164855957 32.2262916564941 32.1458854675293 31.9625797271729 31.958475112915 31.7587108612061 31.5061492919922 31.6611404418945 31.9770393371582 31.9918880462646 32.1067695617676 32.1244239807129 31.9705791473389 31.9284362792969 31.7532062530518 31.470401763916 31.4012050628662 31.1800708770752 30.7578639984131 30.10302734375 29.8502979278564 29.9743041992188 30.4481544494629 30.6257476806641 30.2400169372559 29.885046005249 30.1244430541992 30.0728340148926 29.7235412597656 29.4935512542725 29.0419883728027 28.3466453552246 28.7310657501221 29.0493011474609
32.1406784057617 32.1011924743652 32.0649719238281 32.0390739440918 32.0064697265625 31.6989135742188 31.2864398956299 31.0671825408936 31.0752639770508 30.8827648162842 31.3236637115479 31.9043827056885 32.1522064208984 32.171760559082 32.0925445556641 31.9131526947021 31.7485675811768 31.5534744262695 31.4464206695557 31.7315902709961 31.8709907531738 31.9439697265625 31.921516418457 32.0572052001953 32.0199699401855 31.9496517181396 31.7886276245117 31.5257263183594 31.4212589263916 31.2330703735352 30.8098545074463 30.6115036010742 30.1690807342529 30.0112953186035 29.9672183990479 30.1129035949707 30.4242153167725 30.2843418121338 29.9154281616211 29.7190608978271 29.5482997894287 29.3753890991211 29.1664028167725 28.8975315093994 28.3532257080078 28.6031379699707
32.1701240539551 32.1168670654297 32.0792808532715 32.0712051391602 32.0075988769531 31.8179969787598 31.5599708557129 31.0367412567139 30.940637588501 31.1128215789795 31.5362586975098 31.9321632385254 32.1003837585449 32.1020698547363 31.9779300689697 31.8178234100342 31.5210227966309 31.4517860412598 31.5740566253662 31.6137599945068 31.7716732025146 31.7201023101807 31.545539855957 31.821569442749 32.0413055419922 31.9386787414551 31.7291927337646 31.5961246490479 31.4781799316406 31.3894195556641 31.2059211730957 30.9903964996338 30.6797866821289 30.6451244354248 30.3160362243652 29.9973373413086 30.1041965484619 30.2094345092773 29.9827194213867 29.8422298431396 29.7134857177734 29.5057525634766 28.9908237457275 28.6661853790283 28.7769622802734 28.7948799133301
32.1698684692383 32.1717185974121 32.1282730102539 32.098014831543 31.9994773864746 31.9033126831055 31.806453704834 31.484338760376 31.0651416778564 31.1543254852295 31.3044185638428 31.5746898651123 31.8514595031738 31.9087829589844 31.8573970794678 31.7250366210938 31.5209102630615 31.403865814209 31.3059368133545 31.3539409637451 31.602388381958 31.6162967681885 31.3795337677002 31.7930011749268 32.0456199645996 31.9547252655029 31.8066062927246 31.6722164154053 31.6165580749512 31.5203800201416 31.4170837402344 31.2059478759766 30.8827781677246 31.1317157745361 31.0144290924072 30.6327419281006 30.1670837402344 30.0700359344482 30.225227355957 30.6980743408203 29.907829284668 29.6368446350098 29.2985553741455 28.7203483581543 28.6624221801758 28.5610847473145
