inst/extdata/Tmax/Tmax61.asc
NCOLS 100 
NROWS 79 
XLLCORNER 148.06 
YLLCORNER -21.49 
CELLSIZE 0.01 
NODATA_value -3.4e+38 
[rows 40 to 59 of 79, columns 46 to 91 of 100]
27.7603893280029 28.711145401001 29.1199474334717 29.9784183502197 31.5436840057373 32.4937057495117 32.0265045166016 30.1648902893066 29.7938232421875 30.4464988708496 30.9441757202148 32.6347999572754 32.2519264221191 32.4533195495605 31.6299667358398 32.6132850646973 32.7866439819336 32.4953689575195 32.5828094482422 32.6701202392578 32.6783447265625 31.7642784118652 32.1334953308105 32.4343032836914 32.5108489990234 32.5599937438965 32.4527053833008 32.0733413696289 32.242790222168 32.4221153259277 32.3810234069824 32.2211151123047 31.8992710113525 30.7069053649902 30.9639453887939 31.6065311431885 31.5191783905029 31.4294910430908 31.6524257659912 31.133451461792 30.4484901428223 30.8938941955566 31.1876964569092 30.9928092956543 31.2370567321777 31.2789478302002
29.069263458252 30.2089424133301 30.1175270080566 30.0649337768555 31.581241607666 32.7751312255859 31.661922454834 31.2660331726074 31.8336524963379 31.9042358398438 32.2513160705566 32.9210205078125 32.7981758117676 32.803092956543 32.6488418579102 32.9448509216309 32.9722099304199 32.8963737487793 32.8427925109863 32.851261138916 32.8277206420898 32.3147125244141 31.6314830780029 31.9636154174805 31.8766689300537 32.3404960632324 32.6219482421875 32.1583480834961 32.1357498168945 32.4971923828125 32.5226440429688 32.4292755126953 32.2572593688965 31.6637134552002 31.8828105926514 31.9194030761719 31.7189636230469 31.7095470428467 31.8014144897461 31.9125537872314 31.0169792175293 31.2246742248535 31.7897319793701 31.6021499633789 31.7201271057129 31.6634254455566
31.4319629669189 31.5939140319824 31.7584285736084 32.2119293212891 32.5211944580078 32.9838256835938 32.5591125488281 32.0300140380859 32.5188140869141 32.8973655700684 32.8082542419434 33.1019058227539 33.1234359741211 33.0352935791016 32.9968490600586 33.0711097717285 33.0698356628418 33.0348167419434 32.9916229248047 32.9683074951172 32.8765487670898 31.9737529754639 31.7712287902832 32.2350196838379 31.7283363342285 32.1480941772461 32.5559349060059 32.4498481750488 32.3826637268066 32.6098785400391 32.6226844787598 32.5994186401367 32.547248840332 32.4241256713867 32.3148651123047 31.9921379089355 31.1398849487305 31.6877784729004 32.1749572753906 32.1627426147461 32.039192199707 31.9776821136475 32.0783309936523 32.1014099121094 32.1289672851562 32.0750274658203
32.6275863647461 32.6350479125977 32.7496795654297 32.8782730102539 33.0937004089355 33.1635360717773 33.066722869873 32.8293609619141 32.9837532043457 33.182258605957 33.1737899780273 33.2097930908203 33.1769218444824 33.1288070678711 33.1352424621582 33.1003379821777 33.0252151489258 32.9889259338379 33.0058555603027 33.0199165344238 32.970344543457 32.727970123291 32.4743843078613 32.6254997253418 32.4834823608398 32.0526504516602 32.3125152587891 32.5549583435059 32.6862182617188 32.692138671875 32.6789665222168 32.6526260375977 32.6091995239258 32.5537872314453 32.5314140319824 32.3789405822754 31.9169998168945 32.1962623596191 32.3533363342285 32.3298416137695 32.2927017211914 32.2811584472656 32.2584915161133 32.2633285522461 32.2579460144043 32.224048614502
32.4572982788086 32.7066192626953 32.9485740661621 32.943920135498 32.9853057861328 33.0970573425293 33.1303520202637 33.1846389770508 33.1990585327148 33.1319274902344 32.9226417541504 33.0145111083984 32.9284210205078 32.6654014587402 32.826904296875 32.9457893371582 32.8240165710449 32.9157638549805 32.9900741577148 33.0203323364258 33.0250015258789 32.8838233947754 32.5713882446289 32.3119964599609 32.5108489990234 32.6645011901855 32.6952133178711 32.7204093933105 32.7119178771973 32.7266960144043 32.6997756958008 32.6696319580078 32.611930847168 32.556453704834 32.5652198791504 32.4955062866211 32.4574737548828 32.4343681335449 32.3716201782227 32.3625755310059 32.3337669372559 32.3115615844727 32.3039016723633 32.2809295654297 32.1836624145508 32.2038269042969
30.6935997009277 31.4557876586914 31.860502243042 32.060432434082 32.4094314575195 32.7276344299316 32.6576309204102 32.8390045166016 32.8239669799805 32.6534767150879 31.8998012542725 31.9015789031982 31.9647426605225 30.5005989074707 31.4201049804688 32.1568222045898 32.6706008911133 32.9741744995117 33.0432395935059 33.0488662719727 33.0464859008789 32.8599281311035 32.430046081543 32.064453125 32.3077354431152 32.5481643676758 32.656078338623 32.6276817321777 32.6731567382812 32.723991394043 32.7147674560547 32.6907119750977 32.6537818908691 32.6266860961914 32.5769424438477 32.4696350097656 32.4404754638672 32.4140472412109 32.3743515014648 32.3568115234375 32.3224868774414 32.3038101196289 32.2836608886719 32.2257995605469 32.2084083557129 32.2248306274414
28.300012588501 29.5696411132812 29.4641666412354 29.4236545562744 30.7323532104492 31.252269744873 31.3548965454102 31.6009178161621 32.034538269043 31.4148864746094 30.7459506988525 30.1662578582764 30.806941986084 30.6689548492432 31.0917091369629 32.2066383361816 32.851188659668 33.0163536071777 33.0311508178711 32.9949760437012 33.0303153991699 33.0245208740234 32.6088218688965 32.2612380981445 32.1392669677734 32.3881568908691 32.5717506408691 32.6634521484375 32.7431945800781 32.7431716918945 32.7490692138672 32.7344589233398 32.7069969177246 32.6588401794434 32.5630111694336 32.4900016784668 32.4658164978027 32.4420967102051 32.4114074707031 32.3874320983887 32.3520584106445 32.3371200561523 32.3229789733887 32.2814788818359 32.2631149291992 32.1567535400391
28.4313068389893 28.3534526824951 28.1483478546143 28.2191963195801 28.150728225708 28.9368743896484 30.179084777832 30.8207206726074 30.9880027770996 30.8511962890625 31.3650245666504 31.1873092651367 31.0169563293457 31.5717277526855 31.84375 32.6777572631836 32.9067687988281 32.9162292480469 32.8391952514648 32.9382667541504 33.0418891906738 33.0703887939453 32.9185829162598 32.6091041564941 32.196460723877 32.4413986206055 32.6099128723145 32.7477836608887 32.7970962524414 32.8139190673828 32.8105659484863 32.7712478637695 32.6904296875 32.6003684997559 32.5225791931152 32.4824523925781 32.4749069213867 32.4697570800781 32.440860748291 32.4164848327637 32.3936920166016 32.3846740722656 32.367130279541 32.3359107971191 32.1418685913086 31.9391136169434
28.0270347595215 28.1250076293945 28.3503837585449 28.0508918762207 27.9480018615723 28.0523014068604 28.9249687194824 30.5599479675293 31.0795631408691 31.241512298584 31.0690994262695 31.2393112182617 31.5119209289551 31.7814483642578 31.8236274719238 32.3275756835938 32.6762962341309 32.6590232849121 32.6358070373535 32.9064750671387 32.9985694885254 32.9964561462402 33.0605583190918 32.9653854370117 32.8395538330078 32.7948837280273 32.8605003356934 32.9067497253418 32.895263671875 32.8790893554688 32.8395957946777 32.7541046142578 32.6555976867676 32.5130653381348 32.455394744873 32.4937629699707 32.4841842651367 32.4824523925781 32.4790840148926 32.4503936767578 32.4419860839844 32.4302139282227 32.4054107666016 32.381664276123 32.2309532165527 32.1068229675293
28.1071510314941 28.2818660736084 28.3018989562988 27.9560832977295 28.4588985443115 29.3155632019043 29.4132232666016 30.654598236084 31.1151657104492 31.3040809631348 31.1090202331543 31.5627937316895 31.8209228515625 31.8108520507812 31.8844909667969 31.774242401123 31.8538436889648 32.0634269714355 32.4056396484375 32.7282638549805 32.8134002685547 32.8105087280273 33.0239486694336 33.0531311035156 33.0522766113281 33.0179672241211 32.9760932922363 32.7975997924805 32.8388328552246 32.885181427002 32.8352165222168 32.7054595947266 32.6458549499512 32.4429244995117 32.3624229431152 32.5179710388184 32.5008506774902 32.4664001464844 32.5045852661133 32.4924278259277 32.467227935791 32.4623603820801 32.4391555786133 32.4073829650879 32.3350410461426 32.2693367004395
28.1469478607178 28.0171852111816 28.2393608093262 27.9340057373047 28.6027545928955 29.726900100708 30.0687942504883 30.6430053710938 31.3310661315918 31.7592163085938 31.7667808532715 31.8718605041504 31.9292221069336 31.9447898864746 31.9195289611816 31.8562393188477 31.9063034057617 31.6311416625977 31.2776527404785 32.3671569824219 32.2498970031738 32.6526336669922 32.9541206359863 32.9958114624023 33.0278205871582 32.9989395141602 32.9128837585449 32.6869812011719 32.810546875 32.8904876708984 32.7209892272949 32.541389465332 32.538501739502 32.5016059875488 32.5143661499023 32.5764503479004 32.5654640197754 32.5337371826172 32.5140113830566 32.528621673584 32.5139656066895 32.4911994934082 32.4633293151855 32.4274787902832 32.3849487304688 32.3020286560059
27.6944484710693 27.6607055664062 28.0558547973633 27.3895931243896 27.5420112609863 29.614330291748 30.3783073425293 30.9997291564941 31.3243980407715 31.5912551879883 31.6421012878418 31.6348838806152 31.4279556274414 31.4160766601562 31.6649436950684 31.7822532653809 32.094596862793 32.0095100402832 31.8168525695801 31.8445892333984 31.6826972961426 32.4299392700195 32.806510925293 32.9583587646484 32.9502754211426 32.9510803222656 32.6005592346191 32.2319717407227 32.7914543151855 32.9004287719727 32.6233558654785 32.3160171508789 32.5386085510254 32.5680885314941 32.5790863037109 32.5341567993164 32.5135841369629 32.4992713928223 32.5021934509277 32.4748229980469 32.4742736816406 32.4989547729492 32.4818954467773 32.4487648010254 32.4097290039062 32.3455200195312
27.31467628479 27.1554164886475 27.6445751190186 27.5096836090088 27.5958003997803 28.645565032959 29.6914730072021 30.3487606048584 30.8223457336426 31.172342300415 31.11159324646 31.0296192169189 31.0815601348877 31.3498268127441 32.0608978271484 32.1518173217773 32.3172798156738 32.2103881835938 32.1176986694336 31.9409790039062 31.6960353851318 32.3249130249023 32.7415504455566 32.9114570617676 32.8375701904297 32.9122581481934 32.5280570983887 31.6188831329346 32.5639190673828 32.8911323547363 32.6189193725586 32.3725624084473 32.5474510192871 32.4736213684082 32.3909912109375 32.4029731750488 32.4330749511719 32.3547286987305 32.2647743225098 32.2349510192871 32.3339653015137 32.4129066467285 32.4882011413574 32.4665145874023 32.4308624267578 32.3878974914551
28.4865074157715 27.3915748596191 27.5007400512695 27.9178352355957 28.3098316192627 29.4243392944336 29.4859943389893 30.2775936126709 31.0686302185059 31.3892784118652 31.7277946472168 31.8195972442627 31.9379367828369 32.1454849243164 32.3156204223633 32.3477630615234 32.2870292663574 32.3467483520508 32.3006172180176 32.0600280761719 31.8553810119629 31.867790222168 32.367992401123 32.5752143859863 32.4888381958008 32.885368347168 32.7690391540527 32.1358413696289 32.6405944824219 32.8801078796387 32.6507835388184 32.455924987793 32.3580322265625 32.0204582214355 32.185848236084 32.1122856140137 32.105525970459 31.6893348693848 31.7730350494385 30.8099746704102 32.0794982910156 32.3125953674316 32.4738159179688 32.4762001037598 32.4460372924805 32.4041023254395
29.2270965576172 28.1641426086426 27.5979042053223 28.4416542053223 29.1185474395752 29.8759880065918 29.9436416625977 30.4180755615234 31.1735095977783 31.5809669494629 31.6196899414062 31.624475479126 32.0187759399414 32.1744155883789 32.2688064575195 32.2441520690918 32.4344520568848 32.5510101318359 32.508617401123 32.2524833679199 32.077465057373 31.9844493865967 32.1002159118652 32.0981903076172 32.0590705871582 32.7083969116211 32.8655433654785 32.5674781799316 32.2651557922363 32.7652778625488 32.3099517822266 31.5138092041016 32.0951156616211 32.2351913452148 32.500114440918 32.4922752380371 32.4378662109375 32.3909950256348 32.1604766845703 31.2100238800049 31.971736907959 32.273567199707 32.4301376342773 32.4683876037598 32.458137512207 32.4198417663574
29.2769336700439 28.3523979187012 27.7438888549805 29.1088752746582 30.1225547790527 30.5641136169434 31.3021183013916 31.5262184143066 31.7254505157471 31.8256683349609 31.6298446655273 31.5769958496094 32.1179008483887 32.1941299438477 32.1928634643555 32.2554664611816 32.3557014465332 32.3327751159668 32.8318824768066 32.5817413330078 32.297737121582 32.1378784179688 32.1019325256348 31.93310546875 31.9303226470947 32.5274353027344 32.8498992919922 32.7433738708496 32.5848121643066 32.8679046630859 32.1829948425293 31.1045551300049 31.5754222869873 32.2232551574707 32.2431411743164 31.8541259765625 31.8964786529541 32.3994293212891 32.4998931884766 32.4465827941895 32.4682350158691 32.4448890686035 32.4448661804199 32.4381370544434 32.4556350708008 32.4379806518555
29.1432075500488 28.102123260498 27.5898609161377 28.8796768188477 30.2165794372559 30.5792846679688 29.9775638580322 31.3308963775635 31.2678623199463 30.7015266418457 31.6521911621094 31.8516445159912 31.8624362945557 31.9111518859863 31.9181804656982 32.1203575134277 32.2377700805664 32.3382263183594 32.8050498962402 32.9079627990723 32.7010459899902 32.382682800293 32.2036552429199 32.114200592041 31.868221282959 32.3136825561523 32.745189666748 32.7430953979492 32.9091300964355 32.9527206420898 32.431713104248 30.7099018096924 31.333833694458 30.8398971557617 31.1654090881348 30.4673175811768 31.3758239746094 32.3768119812012 32.4748954772949 32.5204010009766 32.5204696655273 32.4223480224609 32.3030662536621 32.3987197875977 32.4172210693359 32.4160957336426
29.1254348754883 28.3182849884033 28.375020980835 28.9113712310791 29.8718585968018 30.3054656982422 30.7290229797363 30.957052230835 29.6304988861084 29.528881072998 31.0846500396729 30.0756683349609 30.4375343322754 30.8750133514404 31.5857067108154 32.0401344299316 32.1805229187012 32.3832740783691 32.7088203430176 32.8213996887207 32.8616981506348 32.6072082519531 32.2749176025391 32.3286819458008 32.1926803588867 32.4081115722656 32.3899269104004 32.2110557556152 32.7258529663086 32.8902816772461 32.6470031738281 31.9361324310303 30.5118045806885 28.5684490203857 28.7379932403564 30.3704090118408 31.7681694030762 32.3519821166992 32.4452590942383 32.3728904724121 32.3582420349121 32.1190185546875 31.9914493560791 32.3359832763672 32.0848655700684 32.1377944946289
29.0931606292725 28.6998825073242 28.4736061096191 28.7924480438232 29.4261379241943 30.2543048858643 30.4082984924316 29.9699363708496 29.4719352722168 30.3306407928467 30.8155078887939 29.7951736450195 30.1162662506104 30.538932800293 31.4824542999268 31.876802444458 32.1600189208984 32.5793952941895 32.9690475463867 32.784595489502 32.6427116394043 32.9120864868164 32.6468658447266 32.4502754211426 32.2781181335449 32.2605438232422 32.3237800598145 32.2121276855469 32.5172882080078 32.8287773132324 32.8476829528809 32.3188362121582 31.6002006530762 29.9649906158447 29.3567962646484 30.4287948608398 31.7649936676025 32.2952270507812 32.3377647399902 31.8660259246826 32.1045455932617 32.2638969421387 32.0447463989258 32.0970077514648 31.7815036773682 32.018928527832
28.7322978973389 28.4966945648193 27.981481552124 28.3313026428223 29.1337356567383 29.3018245697021 29.7279281616211 30.0550308227539 30.3395690917969 30.4331722259521 30.7716732025146 30.9761123657227 31.6243286132812 31.7008171081543 31.8333473205566 31.3702297210693 32.3012008666992 32.6539535522461 32.8437004089355 32.5531311035156 32.6533699035645 32.824535369873 32.905574798584 32.8308067321777 32.5333251953125 32.4517250061035 32.0874137878418 32.2295570373535 32.6010360717773 32.6672325134277 32.7952995300293 32.8041915893555 32.242790222168 31.5713024139404 30.6690616607666 30.3718357086182 31.4787445068359 32.2174110412598 31.7187385559082 31.1829261779785 32.0587501525879 32.2885284423828 31.9976234436035 31.2507095336914 31.5779094696045 32.064338684082
