inst/extdata/Tmax/Tmax128.asc
NCOLS 100 
NROWS 79 
XLLCORNER 148.06 
YLLCORNER -21.49 
CELLSIZE 0.01 
NODATA_value -3.4e+38 
[rows 0 to 19 of 79, columns 46 to 91 of 100]
40.2203369140625 40.0516624450684 39.9560813903809 39.9579277038574 39.9418067932129 39.8137054443359 40.0128593444824 39.8519439697266 39.6712265014648 39.5057983398438 39.4119186401367 39.1457023620605 39.0371589660645 39.2231521606445 39.4453010559082 39.3301544189453 39.1755828857422 38.9702186584473 38.6400413513184 38.3948554992676 38.1748847961426 -3.4e+38 -3.4e+38 -3.4e+38 -3.4e+38 -3.4e+38 -3.4e+38 -3.4e+38 -3.4e+38 -3.4e+38 -3.4e+38 -3.4e+38 -3.4e+38 -3.4e+38 -3.4e+38 -3.4e+38 -3.4e+38 -3.4e+38 -3.4e+38 -3.4e+38 -3.4e+38 -3.4e+38 -3.4e+38 -3.4e+38 -3.4e+38 -3.4e+38
40.1950721740723 39.9287643432617 39.7141952514648 39.9588890075684 40.1131248474121 40.099437713623 40.0595169067383 39.9648513793945 39.644832611084 39.2227821350098 39.3323364257812 38.8153686523438 39.2809371948242 39.5441360473633 39.4996376037598 39.3781814575195 39.244010925293 39.0797004699707 38.8537788391113 38.7169647216797 38.5658988952637 38.3881492614746 -3.4e+38 -3.4e+38 -3.4e+38 -3.4e+38 -3.4e+38 -3.4e+38 -3.4e+38 -3.4e+38 -3.4e+38 -3.4e+38 -3.4e+38 -3.4e+38 -3.4e+38 -3.4e+38 -3.4e+38 -3.4e+38 -3.4e+38 -3.4e+38 -3.4e+38 -3.4e+38 -3.4e+38 -3.4e+38 -3.4e+38 -3.4e+38
40.1071968078613 39.3936462402344 38.5843925476074 39.918529510498 40.1055030822754 40.0995292663574 40.0850791931152 40.0288391113281 39.8074226379395 39.2430648803711 39.3153457641602 39.4323081970215 39.4892158508301 39.6101303100586 39.5566482543945 39.43505859375 39.326545715332 39.2062835693359 39.0571441650391 38.8225288391113 38.7413101196289 38.5130615234375 38.1945343017578 37.7932968139648 -3.4e+38 -3.4e+38 -3.4e+38 -3.4e+38 -3.4e+38 -3.4e+38 -3.4e+38 -3.4e+38 -3.4e+38 -3.4e+38 -3.4e+38 -3.4e+38 -3.4e+38 -3.4e+38 -3.4e+38 -3.4e+38 -3.4e+38 -3.4e+38 -3.4e+38 -3.4e+38 -3.4e+38 -3.4e+38
39.7129936218262 39.7792167663574 38.7305183410645 39.822338104248 40.0079040527344 40.0426979064941 40.1004371643066 40.0038719177246 39.8750076293945 39.5549125671387 39.4411849975586 39.187671661377 39.5039520263672 39.6090927124023 39.6133079528809 39.4971389770508 39.4251136779785 39.3400535583496 39.1904106140137 38.8218193054199 38.5906639099121 38.5502853393555 38.426586151123 38.2895393371582 38.0539627075195 37.4822540283203 -3.4e+38 -3.4e+38 -3.4e+38 -3.4e+38 -3.4e+38 -3.4e+38 -3.4e+38 -3.4e+38 -3.4e+38 -3.4e+38 -3.4e+38 -3.4e+38 -3.4e+38 -3.4e+38 -3.4e+38 -3.4e+38 -3.4e+38 -3.4e+38 -3.4e+38 -3.4e+38
39.7060432434082 39.7358818054199 38.5711822509766 38.8042526245117 39.5724411010742 40.0348587036133 40.1149063110352 39.9781188964844 39.9448699951172 39.6420402526855 39.347713470459 39.1558265686035 38.7773971557617 39.3745803833008 39.5962982177734 39.4950294494629 39.511344909668 39.4504241943359 39.2047691345215 38.4718780517578 37.9330253601074 38.604133605957 38.6369400024414 38.5321235656738 38.2003936767578 37.7636032104492 -3.4e+38 -3.4e+38 -3.4e+38 -3.4e+38 -3.4e+38 -3.4e+38 -3.4e+38 -3.4e+38 -3.4e+38 -3.4e+38 -3.4e+38 -3.4e+38 -3.4e+38 -3.4e+38 -3.4e+38 -3.4e+38 -3.4e+38 -3.4e+38 -3.4e+38 -3.4e+38
38.885368347168 39.6094741821289 38.107048034668 37.4815368652344 39.2256774902344 40.1066513061523 40.0465850830078 39.9886016845703 39.9319915771484 39.5410423278809 38.6441421508789 38.3119316101074 38.6295547485352 39.5107688903809 39.411060333252 39.5480003356934 39.5812797546387 39.4980583190918 39.387149810791 38.7586898803711 38.014720916748 38.0620155334473 38.5132026672363 38.5097732543945 38.4058990478516 38.215576171875 -3.4e+38 -3.4e+38 -3.4e+38 -3.4e+38 -3.4e+38 -3.4e+38 -3.4e+38 -3.4e+38 -3.4e+38 -3.4e+38 -3.4e+38 -3.4e+38 -3.4e+38 -3.4e+38 -3.4e+38 -3.4e+38 -3.4e+38 -3.4e+38 -3.4e+38 -3.4e+38
37.9948310852051 39.5900802612305 38.9841079711914 38.9053115844727 39.8452301025391 40.0745277404785 39.9129905700684 39.8039207458496 39.942455291748 39.4773559570312 38.7666854858398 38.7518424987793 39.3838500976562 39.4961090087891 38.6067314147949 39.438232421875 39.4809112548828 39.4665908813477 39.4791259765625 39.1967239379883 38.7988395690918 38.5181541442871 38.6853675842285 38.4087905883789 38.5884132385254 38.5504417419434 38.3775329589844 37.9937896728516 -3.4e+38 -3.4e+38 -3.4e+38 -3.4e+38 -3.4e+38 -3.4e+38 -3.4e+38 -3.4e+38 -3.4e+38 -3.4e+38 -3.4e+38 -3.4e+38 -3.4e+38 -3.4e+38 -3.4e+38 -3.4e+38 -3.4e+38 -3.4e+38
37.1419715881348 39.5970230102539 40.0309143066406 39.8488082885742 38.8768310546875 39.1130447387695 39.7205429077148 39.8602676391602 40.003776550293 39.8193550109863 39.4284286499023 39.0180816650391 39.0376167297363 39.2413787841797 38.8003616333008 39.4498405456543 38.7513694763184 38.6990127563477 39.3564682006836 39.4561500549316 39.2606506347656 38.9941520690918 38.8599433898926 38.8707160949707 38.8076438903809 38.7234268188477 38.4681243896484 38.2230224609375 37.8307609558105 37.2648735046387 37.2445831298828 -3.4e+38 -3.4e+38 -3.4e+38 -3.4e+38 -3.4e+38 -3.4e+38 -3.4e+38 -3.4e+38 -3.4e+38 -3.4e+38 -3.4e+38 -3.4e+38 -3.4e+38 -3.4e+38 -3.4e+38
37.0887908935547 39.1511116027832 40.0625915527344 39.9535903930664 39.1239929199219 37.6209907531738 38.9741592407227 39.9663543701172 40.0316543579102 39.9179077148438 39.7584495544434 39.5014038085938 39.5141639709473 39.3403511047363 38.8255805969238 38.741096496582 38.3165130615234 39.0539016723633 39.3316040039062 39.379508972168 39.3507690429688 38.9940147399902 38.5948715209961 38.261791229248 38.8853950500488 38.8620491027832 38.6849899291992 38.4700775146484 38.2957611083984 37.7045402526855 37.3519325256348 37.48828125 -3.4e+38 -3.4e+38 -3.4e+38 -3.4e+38 -3.4e+38 -3.4e+38 -3.4e+38 -3.4e+38 -3.4e+38 -3.4e+38 -3.4e+38 -3.4e+38 -3.4e+38 -3.4e+38
38.0322341918945 39.1607360839844 39.9401054382324 39.9305801391602 39.9034538269043 38.541633605957 38.8493881225586 39.8816413879395 40.0446090698242 39.9264717102051 39.7250900268555 39.4747734069824 39.3490791320801 39.4467124938965 38.7934455871582 38.4793014526367 38.3921318054199 39.4752044677734 39.3123054504395 39.0061492919922 39.3431510925293 39.289737701416 39.0820503234863 38.7290344238281 39.070011138916 38.9602012634277 38.7738075256348 38.774284362793 38.556224822998 38.1549224853516 37.4837379455566 37.5087699890137 -3.4e+38 -3.4e+38 -3.4e+38 -3.4e+38 -3.4e+38 -3.4e+38 -3.4e+38 -3.4e+38 -3.4e+38 -3.4e+38 -3.4e+38 -3.4e+38 -3.4e+38 -3.4e+38
37.0759201049805 39.0037002563477 39.3876533508301 39.1768226623535 39.524097442627 39.7688751220703 39.4926605224609 39.9148292541504 40.0095100402832 39.9090957641602 39.7350807189941 39.5582847595215 39.3573684692383 39.6994132995605 39.5422973632812 39.4345016479492 39.4888076782227 39.6790008544922 39.6631317138672 39.1327133178711 38.6581611633301 39.2873497009277 39.4370994567871 38.9299278259277 38.9141731262207 38.7339324951172 38.670768737793 38.8970832824707 38.6723556518555 38.294189453125 -3.4e+38 -3.4e+38 -3.4e+38 -3.4e+38 -3.4e+38 -3.4e+38 -3.4e+38 -3.4e+38 -3.4e+38 -3.4e+38 -3.4e+38 -3.4e+38 -3.4e+38 -3.4e+38 -3.4e+38 -3.4e+38
36.3641471862793 37.4196166992188 37.7762145996094 37.5070343017578 38.5947227478027 39.2604446411133 39.6406593322754 39.9187622070312 39.9177665710449 39.8347816467285 39.6474456787109 39.4648475646973 39.3177337646484 39.9245071411133 39.9121055603027 39.7602920532227 39.7623558044434 39.8417472839355 39.8720626831055 39.7679786682129 39.3772430419922 39.1645889282227 39.5074501037598 39.3041076660156 39.047550201416 39.1114540100098 39.0901260375977 38.7845649719238 38.597240447998 38.3347663879395 -3.4e+38 -3.4e+38 -3.4e+38 -3.4e+38 -3.4e+38 -3.4e+38 -3.4e+38 -3.4e+38 -3.4e+38 -3.4e+38 -3.4e+38 -3.4e+38 -3.4e+38 -3.4e+38 -3.4e+38 -3.4e+38
36.3487548828125 35.292049407959 34.6325302124023 34.7912864685059 37.1400375366211 37.7220039367676 39.0333366394043 39.4023132324219 39.7248954772949 39.6151580810547 39.392261505127 39.7226867675781 39.7263832092285 39.6251487731934 40.0557518005371 40.0178146362305 39.9511947631836 39.9545707702637 39.9609413146973 39.9375 39.8613395690918 39.7729835510254 39.6134338378906 39.5333938598633 39.2129173278809 39.2404747009277 39.1744422912598 38.8602638244629 38.5366363525391 38.3410568237305 38.0734558105469 37.6609954833984 -3.4e+38 -3.4e+38 -3.4e+38 -3.4e+38 -3.4e+38 -3.4e+38 -3.4e+38 -3.4e+38 -3.4e+38 -3.4e+38 -3.4e+38 -3.4e+38 -3.4e+38 -3.4e+38
36.3750076293945 35.5286331176758 34.5650825500488 33.9961013793945 34.6622276306152 35.5740814208984 37.6825637817383 38.9744606018066 39.7242240905762 39.5530052185059 39.0438575744629 39.6593780517578 39.9861793518066 40.0325164794922 40.0500259399414 40.0578079223633 40.0805969238281 40.0666999816895 40.0428047180176 40.0045585632324 39.9408798217773 39.8633422851562 39.7687950134277 39.6629867553711 39.4049606323242 39.3898735046387 39.2578048706055 39.012638092041 38.7207794189453 38.5904121398926 38.4435539245605 38.2455215454102 37.8320503234863 -3.4e+38 -3.4e+38 -3.4e+38 -3.4e+38 37.3032341003418 37.3308525085449 -3.4e+38 -3.4e+38 -3.4e+38 -3.4e+38 -3.4e+38 -3.4e+38 -3.4e+38
37.0223197937012 35.6291656494141 34.6782302856445 34.2807960510254 34.8915138244629 34.6223106384277 35.9542274475098 37.8601684570312 39.2637557983398 39.6568069458008 38.5362548828125 39.4100074768066 39.8570289611816 39.4015312194824 39.4897155761719 39.888843536377 39.9900741577148 40.05859375 40.0028190612793 39.8695869445801 39.8747100830078 39.8105239868164 39.7943992614746 39.7233619689941 39.6231651306152 39.4469108581543 39.311336517334 39.1382369995117 38.9702301025391 38.8437232971191 38.7461395263672 38.5357856750488 38.056209564209 -3.4e+38 -3.4e+38 -3.4e+38 -3.4e+38 37.4104690551758 37.3642654418945 37.5003395080566 37.4743919372559 37.3167572021484 -3.4e+38 -3.4e+38 -3.4e+38 -3.4e+38
36.9817695617676 35.6031608581543 34.7246246337891 35.2284965515137 35.0084114074707 35.4498443603516 35.1948318481445 36.7762756347656 39.0806465148926 39.8252906799316 38.7726593017578 38.7383308410645 39.5711288452148 37.6653823852539 38.7233581542969 39.1071510314941 39.6603851318359 40.034553527832 40.0084495544434 39.9103240966797 39.8751525878906 39.8404846191406 39.8316307067871 39.761661529541 39.6727676391602 39.4001121520996 39.3475456237793 39.2544174194336 39.1708030700684 39.0957565307617 38.9307479858398 38.7203979492188 38.4601173400879 -3.4e+38 -3.4e+38 38.1460494995117 37.846607208252 37.4992904663086 37.3864555358887 37.1979484558105 37.3026733398438 37.4780616760254 -3.4e+38 -3.4e+38 -3.4e+38 -3.4e+38
35.473201751709 34.1205062866211 34.0627136230469 35.5068855285645 35.8996200561523 35.7983627319336 35.355884552002 35.7693557739258 38.3227424621582 39.6497573852539 39.660758972168 38.8220405578613 39.3560791015625 37.948802947998 37.9651565551758 38.0253791809082 39.3689193725586 40.0307846069336 40.0353813171387 40.0408134460449 40.0119552612305 39.9441413879395 39.8800926208496 39.6324195861816 39.616153717041 39.4743881225586 39.4348754882812 39.4034805297852 39.3496131896973 39.2312431335449 39.0743751525879 38.9218940734863 38.769115447998 -3.4e+38 38.5529365539551 38.5158767700195 38.4082298278809 -3.4e+38 37.5246353149414 -3.4e+38 37.2619094848633 -3.4e+38 -3.4e+38 -3.4e+38 -3.4e+38 -3.4e+38
35.4158897399902 33.871223449707 33.1190643310547 35.9326095581055 36.1791191101074 35.4616546630859 35.0529441833496 35.2101860046387 36.9403114318848 39.3575897216797 39.4674530029297 39.0396461486816 39.1647720336914 39.2792091369629 38.6022453308105 39.7108726501465 39.9330101013184 40.0282402038574 40.0565757751465 40.0354309082031 40.0029220581055 39.9570083618164 39.9076995849609 39.8052444458008 39.7748947143555 39.6780662536621 39.6146659851074 39.5494728088379 39.4199600219727 39.3580780029297 39.2338752746582 39.1298294067383 39.0265731811523 38.9267997741699 38.8661041259766 38.8379783630371 38.6162033081055 -3.4e+38 -3.4e+38 -3.4e+38 -3.4e+38 -3.4e+38 -3.4e+38 37.4853248596191 -3.4e+38 -3.4e+38
37.3852882385254 37.0525131225586 34.6868286132812 36.3942070007324 34.7652549743652 34.7647361755371 35.2740516662598 35.6220855712891 37.8796501159668 39.3391609191895 39.0332527160645 38.4065399169922 39.3012275695801 39.7144966125488 39.8156814575195 39.8621025085449 39.9761657714844 39.6555557250977 39.8034439086914 39.9569053649902 39.908130645752 39.9344100952148 39.9315605163574 39.8897666931152 39.848030090332 39.7771797180176 39.7263259887695 39.5747337341309 39.2340812683105 39.3298568725586 39.3731842041016 39.3267593383789 39.2556495666504 39.1583290100098 39.1097831726074 38.9976539611816 38.7976341247559 38.605842590332 38.4340667724609 38.3331565856934 38.3169441223145 38.1627349853516 37.7895088195801 37.5000915527344 -3.4e+38 -3.4e+38
37.4758453369141 36.5686378479004 37.2947845458984 37.1037292480469 35.5609512329102 35.5952644348145 35.1823196411133 35.4308471679688 37.6589813232422 39.0455131530762 39.4621696472168 39.2292327880859 39.5784568786621 39.8693580627441 39.7415542602539 39.5900650024414 39.7793083190918 39.5077934265137 39.3426132202148 39.5138816833496 39.8137512207031 39.8723945617676 39.8841094970703 39.908016204834 39.8991584777832 39.8443336486816 39.7774772644043 39.5720329284668 39.295223236084 39.4652481079102 39.4036560058594 39.4720191955566 39.3514289855957 39.2871017456055 39.2368659973145 39.060302734375 38.9306831359863 38.8370666503906 38.7640533447266 38.7084350585938 38.6567115783691 38.4820022583008 38.0102577209473 37.4374122619629 37.4817352294922 -3.4e+38
