inst/extdata/Tmax/Tmax40.asc
NCOLS 100 
NROWS 79 
XLLCORNER 148.06 
YLLCORNER -21.49 
CELLSIZE 0.01 
NODATA_value -3.4e+38 
[rows 20 to 39 of 79, columns 0 to 45 of 100]
31.420988082885700 31.9406890869141 32.14453125 31.8831424713135 32.0941200256348 32.956600189209 32.4962844848633 32.788688659668 31.6314849853516 31.5557041168213 32.6264190673828 32.1904602050781 31.0784091949463 29.2330360412598 27.965482711792 27.1600723266602 26.820650100708 28.2557830810547 29.3407917022705 30.212381362915 30.3437080383301 30.8240489959717 31.0018901824951 31.3487205505371 31.2952175140381 31.0394344329834 29.9533538818359 28.0136528015137 29.0196189880371 28.8441886901855 29.9883861541748 30.2834529876709 30.3340644836426 30.3998889923096 30.1412010192871 29.844747543335 29.6510009765625 29.412525177002 28.5402870178223 28.8251514434814 28.6230049133301 27.7404747009277 28.4851589202881 28.2732543945312 26.8167934417725 26.9406433105469
32.1913108825684 32.496452331543 32.5210876464844 32.1536026000977 32.1019287109375 32.0298728942871 31.6231002807617 32.4189605712891 32.6836051940918 32.9503402709961 32.6336402893066 32.6391525268555 32.1281852722168 29.5359363555908 27.9020156860352 27.6819267272949 27.8376846313477 28.5094928741455 29.0430240631104 30.127950668335 30.8106288909912 31.4029865264893 30.5380840301514 31.0458297729492 30.9960384368896 30.6980724334717 30.4228992462158 28.9235858917236 29.0063190460205 29.9374771118164 30.3692684173584 30.1273746490479 30.0872249603271 28.894567489624 28.5980186462402 28.8192367553711 29.7522411346436 27.9458446502686 27.5375385284424 27.8277282714844 27.0509929656982 27.6271724700928 27.8228988647461 25.5236911773682 25.4568347930908 26.189474105835
32.4783668518066 32.7556686401367 32.5811347961426 31.9041481018066 33.1505317687988 32.2531661987305 32.5107612609863 32.1956748962402 32.9080123901367 32.1073112487793 33.2078056335449 32.83154296875 32.6292572021484 31.6606464385986 30.7751064300537 28.9877147674561 27.3101177215576 27.9077949523926 28.3467884063721 30.3787670135498 31.2562885284424 30.4225406646729 30.4852123260498 30.0150165557861 29.5450687408447 30.3755264282227 30.2913551330566 29.9423427581787 29.8775959014893 29.8919849395752 29.5352401733398 29.0818557739258 28.5835189819336 28.0767364501953 27.4047451019287 28.2138786315918 28.2840900421143 27.1237468719482 27.1350288391113 27.1203784942627 25.7851886749268 25.6602535247803 26.2094421386719 26.8810558319092 21.4121341705322 25.9674777984619
32.6243515014648 33.088939666748 33.6131935119629 31.9136981964111 31.8522682189941 32.7207641601562 31.7965908050537 32.7571334838867 32.9616737365723 32.0772705078125 32.6358985900879 32.5153999328613 32.7530746459961 31.8022632598877 29.9036159515381 28.9236240386963 27.7148609161377 28.0307445526123 28.7276573181152 29.7352848052979 30.2672672271729 30.8713836669922 30.1010189056396 28.7810077667236 29.2809543609619 29.4075679779053 29.3856506347656 30.2632713317871 30.5618114471436 30.315221786499 29.9590454101562 28.9373798370361 28.2916679382324 28.4585342407227 28.9415493011475 28.6126804351807 26.3912506103516 25.9932518005371 26.5403022766113 26.8143196105957 25.4241619110107 25.2094535827637 24.7851715087891 23.0756855010986 24.5459728240967 24.6793308258057
32.8230171203613 32.7203216552734 32.5535202026367 33.2853546142578 33.3888816833496 33.0854187011719 31.8691749572754 32.9398155212402 31.50856590271 31.7369766235352 31.7816371917725 31.5446510314941 31.3721961975098 31.6920833587646 30.12819480896 28.6096038818359 27.869800567627 27.7334537506104 28.8686218261719 29.0468826293945 30.4444332122803 30.7239627838135 28.0780124664307 27.7988319396973 28.120231628418 28.4803771972656 28.760440826416 30.0407314300537 30.4096508026123 29.8231353759766 30.2176322937012 29.7887554168701 29.6811256408691 29.5040664672852 28.9755859375 28.568452835083 27.9072780609131 27.0135631561279 25.7880325317383 25.2060031890869 24.069766998291 23.0986061096191 23.7674121856689 25.65673828125 20.6988716125488 20.5017566680908
33.2807312011719 33.0115699768066 33.4755058288574 32.829273223877 33.3600730895996 33.2313079833984 33.1060066223145 32.8879356384277 32.724048614502 31.3371620178223 32.3739280700684 31.6768989562988 30.8795776367188 30.9770736694336 30.9703369140625 30.7805061340332 29.4841480255127 29.2357711791992 29.9163780212402 30.5941638946533 29.9196262359619 28.3251323699951 27.783203125 26.5120868682861 27.2661457061768 28.1944217681885 28.2441120147705 29.1540203094482 30.1903514862061 30.0345344543457 28.4331893920898 29.3881435394287 29.1991024017334 29.2107620239258 28.7863388061523 28.4688415527344 27.8598976135254 26.6282119750977 24.2851963043213 24.8269367218018 23.3527965545654 24.451416015625 25.976448059082 25.4080181121826 20.6923484802246 19.8984260559082
31.3191795349121 32.5429420471191 33.5999946594238 33.3775520324707 33.2704277038574 33.1216049194336 33.0216293334961 33.0475807189941 32.7686424255371 31.4845924377441 31.0497608184814 31.2310428619385 31.0686283111572 30.7523422241211 30.790548324585 29.7458610534668 28.9395484924316 29.0899028778076 30.0123767852783 29.8768253326416 29.6033039093018 29.9659290313721 28.8011913299561 27.330696105957 26.7461261749268 27.5584659576416 28.9127464294434 30.1691703796387 29.6081275939941 29.7839641571045 29.0237140655518 28.7913818359375 29.0710582733154 28.5281009674072 28.4714756011963 27.6772480010986 26.3339462280273 26.5713386535645 21.9349365234375 20.2964172363281 22.9799346923828 20.5228805541992 25.3388080596924 21.6295642852783 23.9896030426025 19.6537055969238
31.4843444824219 31.113920211792 32.2690162658691 33.1481895446777 33.1193923950195 33.0124855041504 33.2111206054688 33.3476142883301 32.9585762023926 32.2246131896973 31.7565402984619 31.0473098754883 30.8737506866455 31.2507801055908 29.6116695404053 29.7080669403076 29.2426929473877 28.7974853515625 29.1433773040771 29.2223339080811 29.3880996704102 29.5402641296387 29.0506935119629 27.7896156311035 27.6168689727783 27.886697769165 27.3971614837646 29.9803009033203 30.3539752960205 29.0682010650635 28.8166561126709 28.8774871826172 29.1737174987793 28.303689956665 27.9599552154541 27.1017761230469 25.6109619140625 25.9439086914062 25.6792049407959 24.5093669891357 23.335168838501 23.7879543304443 23.6053256988525 20.9220008850098 20.3107452392578 19.9587078094482
30.2623863220215 30.70871925354 31.3224067687988 32.262321472168 33.3221168518066 32.8290176391602 33.2653961181641 32.923225402832 32.936595916748 31.9724941253662 32.0611686706543 31.2231884002686 31.5225715637207 31.4954700469971 31.1685199737549 28.9288101196289 28.8925876617432 28.642110824585 29.0375576019287 30.051851272583 28.91259765625 29.4478015899658 28.4041519165039 27.3535842895508 27.604663848877 27.9534339904785 27.9851818084717 28.8176708221436 29.5758571624756 29.4665660858154 29.5770702362061 28.6194458007812 28.1697292327881 26.9456481933594 26.2409133911133 25.3084716796875 25.601879119873 25.6329174041748 25.7708129882812 23.293981552124 20.4030609130859 20.4644737243652 23.8377628326416 20.2275886535645 20.4406967163086 20.3381805419922
29.1324520111084 29.876916885376 30.5142459869385 31.2265682220459 32.6752815246582 32.718204498291 32.075855255127 33.2606353759766 33.052806854248 32.6994323730469 31.5999946594238 32.0147476196289 31.3518295288086 31.0689296722412 31.6337432861328 31.3656883239746 30.9247989654541 29.040901184082 29.3385829925537 29.3352813720703 29.3034000396729 29.3957977294922 28.9180068969727 27.8839130401611 27.6576690673828 27.6731853485107 27.2283172607422 28.7851619720459 29.6887702941895 29.1639366149902 29.8037986755371 28.2895622253418 27.2232723236084 27.0495529174805 26.5149097442627 26.130313873291 26.0964679718018 25.5039958953857 24.8676433563232 24.4804344177246 25.6787872314453 25.675931930542 23.1744918823242 23.1724853515625 20.5113868713379 21.3815650939941
29.6834373474121 30.3880615234375 30.5249099731445 31.2594432830811 31.6168346405029 31.4381713867188 31.6491775512695 32.7068901062012 32.6738357543945 32.1785507202148 32.6615905761719 32.5823745727539 32.6150703430176 31.7985591888428 31.817102432251 31.772424697876 30.5071868896484 29.9392795562744 28.9683094024658 29.3699493408203 29.2084789276123 28.6890678405762 28.4317073822021 28.0315341949463 27.447395324707 26.7185249328613 27.130298614502 29.0214424133301 29.4281520843506 29.5908222198486 29.8741569519043 30.041820526123 28.3569107055664 27.1129627227783 26.3900165557861 27.1532192230225 26.7602977752686 26.0635242462158 25.2373447418213 25.2604751586914 27.2369709014893 27.0878200531006 26.6855888366699 25.7767009735107 22.5279140472412 21.7708435058594
30.7709808349609 30.7204093933105 31.6122131347656 32.4563789367676 32.9676551818848 31.7053527832031 31.7932815551758 33.0721130371094 33.039005279541 32.3779449462891 32.7871246337891 32.4370765686035 32.3908004760742 32.0034484863281 31.0545787811279 31.3618259429932 29.0517654418945 27.718864440918 29.0393619537354 28.6814804077148 28.6761093139648 28.891939163208 28.3325901031494 28.0636234283447 27.6512241363525 27.654899597168 28.1055126190186 29.3942775726318 30.0838737487793 29.0818653106689 29.5532035827637 29.5707492828369 29.8725910186768 28.9803829193115 28.2963123321533 27.136625289917 27.2700881958008 27.3262672424316 26.9009170532227 28.4136371612549 27.4258823394775 26.9629592895508 21.8431148529053 23.4825706481934 21.0763988494873 20.3939170837402
30.3022289276123 31.7187919616699 31.5979862213135 31.7110576629639 32.904224395752 32.1068572998047 32.7333564758301 32.3969535827637 32.9851455688477 31.9841384887695 32.9629173278809 32.4584770202637 32.4339637756348 31.8356552124023 31.4293518066406 30.8993701934814 30.8459796905518 29.0995712280273 27.8832511901855 28.1815319061279 28.2660522460938 28.8446826934814 28.2235889434814 28.2949371337891 27.9152889251709 27.7502555847168 29.5900592803955 29.7377796173096 29.6061153411865 31.036548614502 29.6819305419922 29.1532592773438 30.378231048584 30.2420330047607 29.5144863128662 28.824068069458 28.4627628326416 28.4049072265625 27.9378757476807 28.1115169525146 27.2359580993652 24.6926765441895 20.0606822967529 20.3850917816162 20.5725612640381 19.3009834289551
31.0343914031982 31.2333374023438 31.8237495422363 30.7867336273193 31.3510780334473 30.3412246704102 31.0580787658691 32.4041023254395 32.931713104248 32.7426643371582 33.0536499023438 32.2914276123047 32.1378517150879 32.1915855407715 31.5818252563477 31.3498611450195 31.7076683044434 31.2020874023438 30.4641265869141 29.9979152679443 28.7245559692383 28.4999523162842 29.0081081390381 28.6713562011719 28.2869644165039 27.8896865844727 29.5497341156006 30.3887958526611 29.9292526245117 30.0822467803955 29.8552417755127 28.650520324707 28.3697090148926 28.3855400085449 28.8310832977295 29.0521392822266 29.0734329223633 29.5243015289307 29.0771884918213 29.2076034545898 27.4825057983398 22.8234386444092 21.3093872070312 21.5557727813721 21.3611888885498 20.3896484375
31.5796337127686 31.9940090179443 31.7357578277588 29.8999271392822 30.6120853424072 31.7415504455566 30.9940509796143 32.4200325012207 32.8105506896973 32.4627952575684 32.9112167358398 32.6337127685547 32.9733505249023 32.4860916137695 32.0740280151367 31.8920936584473 31.5894756317139 31.227201461792 30.7854976654053 29.7856712341309 28.3046531677246 29.3637504577637 29.7698383331299 28.5995044708252 28.1747245788574 28.1243133544922 28.1040802001953 29.5004024505615 29.3122653961182 28.3749580383301 29.3538150787354 28.2799663543701 27.84543800354 27.8572483062744 27.548433303833 27.7862453460693 28.4183807373047 27.9772491455078 28.6274280548096 28.3735275268555 26.6862125396729 26.4328479766846 23.5948505401611 22.9292144775391 22.1736621856689 22.0719547271729
31.3218231201172 32.6733055114746 31.740571975708 30.9001979827881 29.3515720367432 31.7030429840088 33.1407852172852 31.2930221557617 32.2949981689453 32.9086380004883 32.8089981079102 32.6705741882324 32.1719055175781 32.3242073059082 31.9701900482178 32.1249961853027 31.1806011199951 30.7367649078369 30.6284523010254 30.0200538635254 28.9230976104736 29.5641422271729 28.6900768280029 27.2788600921631 27.6962451934814 27.3149108886719 28.8574333190918 28.1561336517334 27.803653717041 25.1726188659668 27.1252403259277 27.7179412841797 28.0270614624023 27.6803531646729 27.660982131958 26.7341690063477 26.9809837341309 27.3474006652832 28.3000164031982 27.6258544921875 22.7537155151367 22.4257678985596 22.1932849884033 22.7703456878662 22.4423599243164 21.2815361022949
31.9083099365234 31.0664176940918 32.4010467529297 31.6693496704102 31.5232963562012 31.5611362457275 31.6133403778076 31.7313442230225 31.9114933013916 33.2494964599609 33.2579383850098 32.7058296203613 32.6047706604004 32.865119934082 32.6114120483398 31.4619064331055 30.8498859405518 30.7918071746826 30.7672595977783 30.7306079864502 30.0535736083984 29.008939743042 27.8978481292725 27.6220703125 27.9149055480957 28.5863018035889 29.2712287902832 28.3882923126221 28.0285739898682 26.0909290313721 25.7894630432129 24.8167743682861 26.3072128295898 27.6603393554688 27.5836906433105 25.7280769348145 25.6916351318359 25.318078994751 25.0994739532471 21.5956382751465 21.6028785705566 20.8585796356201 21.3816261291504 22.2974700927734 22.321439743042 20.7258968353271
31.2302589416504 30.7586536407471 32.0884628295898 30.8948364257812 31.0444240570068 31.0611705780029 29.8595314025879 30.6869163513184 31.7405605316162 32.0852851867676 32.8378105163574 32.876537322998 32.7716979980469 32.2801742553711 32.6041984558105 32.488712310791 31.8044815063477 30.5135231018066 31.0194911956787 30.5480976104736 30.3636798858643 29.598949432373 28.0568027496338 27.9080810546875 27.3104572296143 28.0180606842041 29.0574741363525 28.1169719696045 28.333137512207 28.081729888916 28.0604934692383 26.9663639068604 26.5677661895752 25.2751922607422 21.2143821716309 20.032262802124 20.1749839782715 19.944128036499 19.8831920623779 20.1275825500488 20.3235912322998 20.4252471923828 20.7188529968262 21.5641117095947 21.9015026092529 21.4355201721191
31.2269382476807 30.6226062774658 30.6819000244141 31.8967094421387 31.5867805480957 31.691333770752 30.2464618682861 29.3747158050537 30.3681316375732 31.3327674865723 32.6558837890625 33.0225257873535 32.9478530883789 32.7812423706055 31.6843700408936 31.2470321655273 31.2601375579834 30.8846683502197 31.3452205657959 31.2109394073486 31.1779499053955 29.8595161437988 29.1090984344482 28.7619323730469 27.7992420196533 28.5887680053711 28.3349800109863 28.5132369995117 26.7633419036865 27.7612209320068 26.9509391784668 26.7762355804443 27.1997699737549 26.4776878356934 24.9220752716064 19.6756477355957 19.2817459106445 19.1955738067627 19.0040626525879 19.5656490325928 20.2087879180908 21.7208576202393 20.278190612793 21.4012794494629 20.8786239624023 20.7513217926025
30.8469333648682 30.3525943756104 31.6110191345215 31.5787582397461 31.8590831756592 30.9717960357666 30.6246433258057 29.9580612182617 30.879768371582 30.3220806121826 31.2930850982666 32.8166198730469 32.5518226623535 32.3479537963867 31.6592273712158 31.9254951477051 30.2484588623047 30.4940700531006 30.9198150634766 30.7443141937256 30.8239002227783 30.1691131591797 30.216588973999 29.5907688140869 28.3728809356689 28.2995185852051 27.9511432647705 27.8720531463623 28.3662796020508 27.3608264923096 26.3073902130127 25.3955783843994 27.4856262207031 27.6045475006104 27.6630554199219 25.1453685760498 22.2157325744629 21.7904491424561 20.7677574157715 19.7961177825928 20.5887622833252 20.565788269043 20.6373863220215 21.0775661468506 20.9810543060303 20.6407680511475
