inst/extdata/Tmax/Tmax18.asc
NCOLS 100 
NROWS 79 
XLLCORNER 148.06 
YLLCORNER -21.49 
CELLSIZE 0.01 
NODATA_value -3.4e+38 
[rows 0 to 19 of 79, columns 0 to 45 of 100]
33.487525939941399 33.5357131958008 32.7950325012207 33.7506828308105 33.7900924682617 34.1347885131836 34.1663475036621 33.9182395935059 33.6706619262695 33.8047637939453 33.3222389221191 33.2998046875 33.3026733398438 32.2757873535156 32.5831756591797 32.9751358032227 33.2318115234375 33.2776832580566 31.8345851898193 31.3733768463135 30.4928894042969 29.3413314819336 29.7121868133545 30.8808917999268 31.5515117645264 32.2021636962891 31.7860794067383 31.7606582641602 31.9972076416016 31.5875625610352 29.4905090332031 28.037088394165 25.7525768280029 25.9053153991699 24.9575691223145 23.9043064117432 23.4907131195068 23.2625102996826 23.7377586364746 25.1510143280029 26.8314819335938 27.1583862304688 27.7159824371338 33.2569122314453 32.8693008422852 31.8522090911865
34.0921630859375 32.9941444396973 31.6715717315674 32.3428421020508 32.4500846862793 33.3002395629883 33.8356170654297 34.0339241027832 34.6043167114258 34.681827545166 34.0627937316895 33.0720291137695 33.7166786193848 32.6364898681641 32.8985443115234 32.5575180053711 33.4199028015137 33.2286491394043 32.3677558898926 31.5846633911133 31.6606864929199 30.8988056182861 30.6490001678467 31.0332584381104 31.5430145263672 32.0695304870605 32.4854621887207 32.4519805908203 32.1174812316895 31.6612071990967 30.4936389923096 28.8177165985107 26.3562240600586 28.6844844818115 25.6151714324951 24.531774520874 24.0229988098145 24.8725414276123 25.6924571990967 26.4243183135986 27.8080348968506 27.8262042999268 31.0140686035156 31.8156623840332 32.443775177002 31.3193969726562
33.8998794555664 32.8797950744629 32.8811225891113 33.453670501709 32.8336753845215 33.1454925537109 33.6146354675293 34.1887474060059 34.6100044250488 34.6794700622559 34.1445655822754 33.3945579528809 33.6991882324219 33.261058807373 32.6691131591797 32.6886138916016 32.8102684020996 33.1225204467773 32.2649536132812 31.7528095245361 31.232364654541 31.4809761047363 31.0288696289062 31.2795257568359 32.1992683410645 32.4068870544434 32.3948402404785 32.3751525878906 32.5797843933105 32.0058631896973 32.2654609680176 30.7935638427734 31.8547534942627 28.8655605316162 30.9047088623047 25.1301937103271 24.2493190765381 24.0592041015625 24.9213619232178 25.6968002319336 27.3945255279541 33.5790214538574 33.4857406616211 30.1002807617188 29.9523658752441 32.5046234130859
34.452220916748 34.204704284668 33.2225189208984 34.3451042175293 33.5246467590332 32.9626922607422 33.6135330200195 34.1112632751465 34.4406814575195 34.6089019775391 34.3840522766113 33.8610000610352 33.7525825500488 33.7464637756348 33.3520393371582 33.2719268798828 33.4383888244629 33.0122947692871 32.7957229614258 31.7623100280762 31.4759883880615 31.2347946166992 31.3043441772461 31.3221950531006 32.0147895812988 32.289966583252 32.2102317810059 32.2375869750977 31.9097995758057 31.043119430542 31.2857913970947 32.3669967651367 30.9852237701416 29.0566291809082 25.2744064331055 24.5669460296631 24.6825847625732 24.2322978973389 24.2113971710205 23.8535308837891 25.0564460754395 27.0883560180664 30.5752487182617 34.1279220581055 28.294282913208 28.3579750061035
35.1682319641113 34.3343811035156 34.1572723388672 34.7362480163574 34.3225936889648 33.7768669128418 33.181755065918 34.2084617614746 35.0542373657227 34.3059425354004 34.4992256164551 34.2132911682129 34.1405944824219 33.9802436828613 33.4813499450684 33.1597595214844 33.179874420166 32.6187477111816 31.891092300415 31.1499710083008 31.1207504272461 31.6146984100342 31.6653060913086 31.9232559204102 31.6436786651611 31.552713394165 32.8282661437988 32.0431213378906 31.9058303833008 32.0696220397949 31.4843463897705 31.6740093231201 30.8956317901611 30.0937633514404 30.7458171844482 25.7483901977539 25.3272686004639 24.9629325866699 23.7578887939453 23.8566417694092 23.783130645752 26.6421394348145 29.8261165618896 31.8482799530029 27.7337017059326 26.8985214233398
35.6839065551758 35.0548400878906 34.2571907043457 34.6314277648926 34.8368225097656 34.2339363098145 34.1725807189941 34.4687805175781 34.6740417480469 34.4609527587891 34.3306541442871 34.7826271057129 34.3091621398926 33.7995758056641 32.824047088623 33.1746597290039 33.1011657714844 32.2848358154297 31.5236358642578 31.033411026001 31.0512657165527 31.6803512573242 31.8155155181885 31.7535953521729 32.5658302307129 32.1731491088867 32.318187713623 31.2602481842041 31.0935115814209 30.5988445281982 29.5658588409424 30.6243152618408 31.3166656494141 30.4318542480469 29.9866809844971 30.3175354003906 25.859827041626 25.4240341186523 24.9863872528076 24.6442928314209 23.9221000671387 25.6863479614258 30.8677864074707 29.8864936828613 27.9932270050049 25.2499866485596
34.7322578430176 35.3069305419922 35.1488265991211 35.4789924621582 34.9565734863281 34.5827789306641 33.6103096008301 33.9989318847656 34.6028289794922 34.804801940918 35.0437202453613 35.0391731262207 33.9884872436523 33.4765815734863 33.3997497558594 33.4193916320801 32.9034538269043 32.1223335266113 31.6228046417236 31.1054496765137 30.6518325805664 31.2675361633301 31.6755218505859 31.9821605682373 32.3330039978027 32.6944313049316 32.6078567504883 31.7082901000977 31.4728450775146 29.9115619659424 29.0376853942871 28.1810665130615 29.321382522583 30.1582317352295 30.0013980865479 29.5704936981201 26.1395626068115 24.7989692687988 24.8353366851807 24.7995986938477 24.7770900726318 25.9717922210693 31.7021560668945 32.8141059875488 28.248893737793 30.9819526672363
35.3733177185059 34.8430862426758 35.5725059509277 35.708080291748 35.0832939147949 34.8093643188477 33.7402076721191 33.8435707092285 34.4387359619141 34.6633529663086 34.6273880004883 34.4157791137695 33.5761108398438 34.1076774597168 34.0033569335938 32.6984825134277 32.3881378173828 31.6532249450684 32.1482543945312 31.0154933929443 30.1859340667725 30.6495323181152 31.0272903442383 32.0809860229492 32.4124603271484 32.6911659240723 32.4319610595703 31.457462310791 31.0479354858398 30.6449356079102 28.87353515625 28.3479766845703 28.9801292419434 28.6103935241699 29.1189346313477 29.4701919555664 25.4181385040283 24.7574043273926 24.5939044952393 24.9653377532959 25.044828414917 25.795051574707 26.8780078887939 28.0264892578125 28.1310253143311 25.9236717224121
34.6031341552734 35.2640838623047 34.9042091369629 35.0617790222168 34.9682464599609 34.9094886779785 34.4668922424316 33.6711006164551 34.0830383300781 34.565673828125 34.7259902954102 35.1396064758301 35.3469314575195 34.2017517089844 33.7743453979492 32.4304275512695 32.2714729309082 32.1642913818359 32.4153633117676 31.2314529418945 31.2200469970703 30.8604621887207 31.1604766845703 31.9508247375488 32.5038642883301 32.8177337646484 31.7850341796875 30.2979221343994 30.7211112976074 30.5872650146484 29.6939163208008 28.8541240692139 28.6327209472656 27.8648872375488 30.2064800262451 28.3367824554443 29.253454208374 29.5417137145996 24.7250900268555 24.6324863433838 24.6463680267334 24.7988662719727 25.0526123046875 26.5441913604736 27.2105808258057 25.8517570495605
33.9377517700195 34.9004364013672 35.130126953125 35.5932655334473 34.9384231567383 35.0112800598145 34.5410537719727 34.0108757019043 34.1608619689941 34.1960792541504 34.65283203125 34.673942565918 33.5530204772949 33.4829292297363 33.4718475341797 33.2385635375977 33.0906028747559 32.7870712280273 32.2462463378906 32.0637588500977 32.0801467895508 31.3810482025146 31.6894989013672 32.4768028259277 33.2446250915527 33.139720916748 31.9655475616455 31.3888778686523 30.6508941650391 29.6473941802979 29.1080894470215 28.8104419708252 28.6324005126953 29.3096523284912 29.7620639801025 28.1270580291748 25.1727104187012 28.4356288909912 25.2346439361572 24.4281997680664 24.4023895263672 24.1676120758057 24.5720825195312 25.320384979248 25.2711772918701 25.1609706878662
34.2245597839355 35.2769050598145 35.2113952636719 34.687671661377 35.4151840209961 35.5746040344238 34.9989433288574 34.3986625671387 34.4891319274902 34.499568939209 34.8593788146973 34.2738227844238 33.9834327697754 32.801456451416 32.9709701538086 33.0402145385742 33.0118522644043 33.1840057373047 32.734058380127 32.6838722229004 31.526460647583 31.5146827697754 31.3204593658447 32.2391319274902 32.5823211669922 33.4149055480957 31.7259368896484 29.9466552734375 29.4579944610596 29.2629566192627 28.9403247833252 29.3928966522217 29.885555267334 29.8739261627197 29.5433006286621 27.8187007904053 25.278356552124 25.0168685913086 25.0999088287354 24.4256248474121 24.5047512054443 24.0936622619629 24.0251235961914 24.6063022613525 24.9699592590332 25.2049255371094
34.6882743835449 34.1242561340332 34.8577346801758 35.0008659362793 35.0676116943359 35.9948654174805 35.2887916564941 34.5298156738281 34.3548889160156 34.6560974121094 34.3606491088867 34.832893371582 34.4494094848633 33.8593940734863 33.6225509643555 33.4530639648438 33.71484375 33.521785736084 33.2833213806152 32.5662269592285 31.7146835327148 31.3431358337402 31.7482872009277 31.7331600189209 31.6163806915283 32.2485771179199 30.6551418304443 30.0988712310791 29.6957855224609 29.891242980957 30.1540145874023 30.14381980896 29.9829063415527 29.6075820922852 29.5759143829346 28.521110534668 29.3912296295166 24.5247898101807 25.01633644104 25.1956367492676 25.0762901306152 24.8473320007324 24.0872039794922 24.7304592132568 24.8570346832275 24.8316860198975
34.8136291503906 34.9747276306152 35.0191688537598 35.7303428649902 35.6181182861328 35.6839485168457 35.0168266296387 34.2789878845215 34.630428314209 35.6415481567383 34.6367835998535 34.9881820678711 34.3004264831543 34.8024826049805 34.3347396850586 34.034854888916 34.5385894775391 34.0137100219727 33.7324905395508 32.4207077026367 32.1900444030762 32.6274757385254 32.7248802185059 33.1984634399414 33.0539703369141 32.4979476928711 32.1107635498047 31.2619285583496 30.4884777069092 30.2152996063232 31.0335140228271 30.7868614196777 30.6440143585205 30.292106628418 29.0827331542969 28.4534435272217 27.4228801727295 28.5303382873535 27.3608283996582 25.6929092407227 24.5224781036377 24.2867527008057 23.9759483337402 23.772087097168 25.1657066345215 25.3702278137207
35.5167045593262 35.7737770080566 34.5024948120117 34.9904594421387 34.5837097167969 34.621524810791 35.3699378967285 34.7966651916504 34.9895210266113 34.9592475891113 34.9197425842285 34.7472457885742 34.3785209655762 33.9242172241211 34.2574195861816 33.8718490600586 34.2869300842285 34.0061149597168 33.809986114502 33.1553001403809 33.3603820800781 33.4338645935059 33.1668281555176 33.3156356811523 32.5368270874023 30.865909576416 30.4691028594971 30.5239734649658 29.962158203125 30.1714000701904 30.9917469024658 30.7968044281006 30.4795761108398 29.782205581665 29.1412830352783 30.7035541534424 29.2173194885254 25.5837593078613 29.5607509613037 30.8271999359131 30.1723461151123 25.696252822876 24.9298267364502 24.8608741760254 25.1708526611328 25.874605178833
33.9847793579102 34.2135887145996 34.7863235473633 35.2023887634277 34.9510841369629 34.7955741882324 34.8104019165039 35.4958915710449 34.4065589904785 34.1949806213379 34.3153839111328 34.0840454101562 33.425235748291 33.3792190551758 33.7133407592773 33.1491851806641 34.0160140991211 34.0981788635254 33.9409141540527 34.0444374084473 33.7743148803711 33.0958099365234 32.2943916320801 32.4663238525391 32.3431167602539 32.1600074768066 31.8767280578613 31.2789516448975 30.7718620300293 31.4329109191895 30.7957439422607 31.1468811035156 31.0644760131836 31.0467472076416 30.6713237762451 29.4844837188721 30.0400791168213 29.7672348022461 29.4730796813965 30.7745952606201 30.5267353057861 30.5888710021973 25.6393127441406 24.9665298461914 25.27880859375 26.0993385314941
32.657829284668 33.8677101135254 34.9000930786133 34.6389274597168 35.3427772521973 35.3095016479492 35.0882873535156 34.6649208068848 35.2255897521973 34.6700134277344 33.201114654541 34.0391006469727 32.821361541748 32.0829620361328 33.1769561767578 32.999210357666 32.4639205932617 33.1710243225098 33.961597442627 33.7183036804199 33.5895004272461 33.4007110595703 33.3004455566406 33.256721496582 32.8760032653809 32.4722747802734 32.691535949707 32.2540855407715 32.0874786376953 31.7573089599609 31.5231380462646 30.9411144256592 30.99098777771 31.3989810943604 31.2321472167969 31.1136016845703 31.5300064086914 29.9920787811279 31.3750877380371 31.7444972991943 31.0993061065674 29.6627540588379 25.0161762237549 24.3178863525391 24.850341796875 25.3422222137451
33.6383590698242 32.581485748291 33.979923248291 35.0301513671875 34.0996856689453 34.0831108093262 35.251033782959 34.5270576477051 34.4487457275391 34.7432556152344 33.6229476928711 33.6423568725586 32.5332908630371 31.9825897216797 32.6992683410645 31.7138385772705 31.7423572540283 32.6762619018555 32.7199478149414 32.9733467102051 33.5464286804199 33.5283164978027 32.9953193664551 32.9837455749512 32.2249221801758 31.7735710144043 31.2749786376953 31.5789852142334 32.0674667358398 31.1387710571289 30.8299789428711 30.3579368591309 30.5033473968506 31.2725791931152 31.4982471466064 31.2321491241455 31.7882347106934 31.7916793823242 31.3777923583984 30.7836399078369 31.0514183044434 29.6096382141113 28.6181373596191 25.5336208343506 24.9350566864014 25.6119441986084
34.0103569030762 33.9256439208984 34.0106964111328 35.195240020752 34.5058746337891 34.933723449707 35.4792671203613 35.5080413818359 35.7440071105957 35.4152030944824 35.0380363464355 34.6527938842773 32.7792892456055 32.2342758178711 32.5297431945801 32.0172691345215 31.7013301849365 31.5831394195557 30.9395885467529 32.1710624694824 32.9775657653809 33.8157730102539 34.0768203735352 33.4706077575684 32.0772399902344 30.6679401397705 30.2013397216797 30.7007942199707 31.4710254669189 31.2092704772949 30.904655456543 31.6038379669189 31.5334548950195 31.5651607513428 32.2481651306152 31.3410453796387 30.8538188934326 30.9820537567139 31.423246383667 31.4480667114258 31.9120903015137 31.4882545471191 30.3370971679688 29.8631019592285 27.0742530822754 26.6907291412354
35.0449562072754 33.8336944580078 33.4162063598633 34.0241737365723 34.2672920227051 34.8662757873535 35.7038307189941 34.934326171875 35.8285446166992 35.4249153137207 34.1840438842773 34.3992118835449 33.528736114502 30.9901599884033 31.2020931243896 30.5145092010498 30.9689559936523 30.4911994934082 31.4385261535645 32.4024543762207 33.5458602905273 33.3469200134277 33.9198875427246 33.8791885375977 32.4350662231445 31.2995777130127 30.0718460083008 30.372257232666 31.7902717590332 31.0845069885254 31.2990074157715 32.0316390991211 32.9371032714844 32.9337882995605 32.0772819519043 31.6806945800781 31.1506881713867 31.2545013427734 31.969352722168 31.9711112976074 32.0653915405273 31.9663715362549 31.6584091186523 31.427339553833 29.8551578521729 26.784610748291
33.9425392150879 33.9923820495605 34.388599395752 34.0605659484863 34.8446044921875 34.7528076171875 35.6808395385742 35.6692657470703 34.6396484375 34.9654273986816 35.2866821289062 34.4757804870605 33.6633644104004 30.6918067932129 31.1143245697021 31.22340965271 30.861234664917 31.1373825073242 31.1103897094727 32.0557556152344 33.2959938049316 32.9582443237305 33.6567306518555 33.7178955078125 33.1890525817871 32.1838645935059 31.1953659057617 30.8814544677734 31.5399398803711 31.83180809021 32.4648094177246 32.9166946411133 32.9340286254883 32.9594688415527 33.0324821472168 32.0099639892578 31.2305793762207 31.0862312316895 31.1568489074707 31.6572456359863 32.4627838134766 32.0451889038086 31.0820026397705 31.1966323852539 30.1262531280518 29.5712242126465
