inst/extdata/Tmax/Tmax30.asc
NCOLS 100 
NROWS 79 
XLLCORNER 148.06 
YLLCORNER -21.49 
CELLSIZE 0.01 
NODATA_value -3.4e+38 
[rows 20 to 39 of 79, columns 0 to 45 of 100]
33.925189971923800 34.4316444396973 34.6287231445312 34.3666687011719 34.5679473876953 35.4036979675293 34.9492683410645 35.2472305297852 34.0944366455078 34.0277519226074 35.1220512390137 34.7447509765625 33.6986083984375 31.9475173950195 30.8717555999756 30.122989654541 29.7870769500732 31.0694007873535 31.9882488250732 32.7847518920898 32.9066390991211 33.3766059875488 33.4929695129395 33.8288612365723 33.7937126159668 33.5774192810059 32.5794792175293 30.7715702056885 31.6904106140137 31.4984264373779 32.5427017211914 32.8276596069336 32.8493118286133 32.9139442443848 32.6550483703613 32.3901519775391 32.2487144470215 32.0031547546387 31.1949577331543 31.4348297119141 31.2588081359863 30.4765300750732 31.1799201965332 30.9535732269287 29.4722537994385 29.5847129821777
34.6835250854492 34.9710807800293 34.9867210388184 34.6188087463379 34.5595092773438 34.4808502197266 34.0893402099609 34.8915100097656 35.1531372070312 35.4238548278809 35.1212158203125 35.1477737426758 34.6681785583496 32.2198905944824 30.8070030212402 30.6280422210693 30.7411308288574 31.2821483612061 31.7317333221436 32.7513809204102 33.4074668884277 34.0055694580078 33.0487174987793 33.527156829834 33.5024452209473 33.1952896118164 32.9181594848633 31.532377243042 31.6326007843018 32.4757308959961 32.8818893432617 32.6491470336914 32.6542472839355 31.5475444793701 31.2415027618408 31.4594783782959 32.3152542114258 30.6091423034668 30.2535495758057 30.4903259277344 29.7645320892334 30.3209800720215 30.5499153137207 28.3779163360596 28.2565116882324 28.8819999694824
34.9618148803711 35.2238006591797 35.0407295227051 34.3595695495605 35.6021308898926 34.7039604187012 34.9838523864746 34.6828536987305 35.3972282409668 34.5947685241699 35.7075958251953 35.3347244262695 35.154426574707 34.2787017822266 33.5605125427246 31.8924655914307 30.3038558959961 30.8200645446777 31.1665191650391 33.0683326721191 33.9217185974121 33.0608901977539 33.0136299133301 32.5713577270508 32.1604042053223 32.9259910583496 32.8232727050781 32.4535484313965 32.4274826049805 32.428955078125 32.1074523925781 31.6753883361816 31.2575740814209 30.794153213501 30.1501522064209 30.9200592041016 30.9924850463867 29.9088344573975 29.9175662994385 29.9081001281738 28.6117973327637 28.5557022094727 29.0160789489746 29.7237281799316 24.3103771209717 28.7316589355469
35.1102638244629 35.5623512268066 36.0763244628906 34.371467590332 34.3101196289062 35.1733741760254 34.2538146972656 35.2576866149902 35.4730911254883 34.5781440734863 35.1598205566406 35.0620422363281 35.2755584716797 34.3800888061523 32.6003303527832 31.7347259521484 30.6437511444092 30.9963798522949 31.5959777832031 32.5495223999023 32.991813659668 33.4299736022949 32.6929321289062 31.4619255065918 31.9321002960205 32.028980255127 32.0481224060059 32.7675094604492 33.0552711486816 32.8244934082031 32.4981536865234 31.6378955841064 31.035177230835 31.164680480957 31.5897254943848 31.3237171173096 29.2313270568848 28.9039173126221 29.3394069671631 29.6820964813232 28.3373489379883 28.1959705352783 27.7149257659912 25.9333839416504 27.4984035491943 27.5508289337158
35.3182716369629 35.1983375549316 35.018970489502 35.7496147155762 35.8530006408691 35.5423774719238 34.3177871704102 35.4118003845215 34.0035400390625 34.2536735534668 34.3084907531738 34.0696144104004 33.9188270568848 34.2873153686523 32.8375854492188 31.4194602966309 30.7857894897461 30.6973934173584 31.7954883575439 31.9671020507812 33.1748504638672 33.3152275085449 30.834716796875 30.6307773590088 30.8209419250488 31.1776752471924 31.4220752716064 32.5773544311523 32.8998985290527 32.3681221008301 32.7646446228027 32.3644371032715 32.2542991638184 32.061164855957 31.5766868591309 31.2098503112793 30.6018867492676 29.8681545257568 28.6688423156738 28.1063785552979 27.0574855804443 26.1176567077637 26.7495040893555 28.5287399291992 23.6758728027344 23.4480895996094
35.7837905883789 35.5039749145508 35.9587669372559 35.3100891113281 35.8322296142578 35.6951370239258 35.5570373535156 35.3395919799805 35.1946830749512 33.8419609069824 34.9040260314941 34.2212677001953 33.4414482116699 33.6059532165527 33.663703918457 33.5537376403809 32.3446159362793 32.1402206420898 32.7454795837402 33.3084945678711 32.6292190551758 31.041482925415 30.5674152374268 29.4817543029785 30.1517581939697 30.9555740356445 30.9750022888184 31.6833667755127 32.6825637817383 32.5782012939453 31.1071300506592 31.9585666656494 31.783540725708 31.807861328125 31.4184684753418 31.1426372528076 30.5438461303711 29.5272636413574 27.2510566711426 27.7627296447754 26.3698692321777 27.4076633453369 28.9044799804688 28.2802791595459 23.6117477416992 22.8797721862793
33.8412551879883 35.0531578063965 36.1017227172852 35.8706283569336 35.7574310302734 35.6014785766602 35.477668762207 35.4961128234863 35.2335586547852 34.0132827758789 33.5890083312988 33.8059501647949 33.63720703125 33.3752326965332 33.5255966186523 32.6383285522461 31.8824806213379 31.9957580566406 32.8391571044922 32.7107810974121 32.401309967041 32.6162948608398 31.4674053192139 30.2225589752197 29.6923313140869 30.3559684753418 31.5794544219971 32.6874389648438 32.1059150695801 32.3101539611816 31.6750621795654 31.4935054779053 31.6447772979736 31.1781845092773 31.181957244873 30.5058517456055 29.1966972351074 29.4096031188965 24.8672370910645 23.2993717193604 26.0034637451172 23.5175170898438 28.3326358795166 24.550271987915 26.9631671905518 22.6668720245361
34.0326957702637 33.6514892578125 34.7937812805176 35.6576881408691 35.6181030273438 35.4941329956055 35.6682357788086 35.7983131408691 35.4145812988281 34.7066230773926 34.2725410461426 33.5993270874023 33.4386100769043 33.8411750793457 32.3427314758301 32.6081085205078 32.1850090026855 31.7392864227295 32.0584678649902 32.1337699890137 32.117259979248 32.1596298217773 31.7485370635986 30.6135082244873 30.5202445983887 30.7472991943359 30.2319850921631 32.5621910095215 32.8718185424805 31.598108291626 31.4659729003906 31.5316104888916 31.774658203125 31.0125064849854 30.7672653198242 29.9880504608154 28.5622291564941 28.8435516357422 28.5870151519775 27.5174160003662 26.3670349121094 26.7991237640381 26.6155014038086 23.8852443695068 23.3082828521729 22.9720211029053
32.8963203430176 33.3427352905273 33.9045867919922 34.7853507995605 35.8155403137207 35.3013076782227 35.7231292724609 35.3760795593262 35.4048156738281 34.452507019043 34.5624160766602 33.805793762207 34.0824661254883 34.0733261108398 33.8233757019043 31.7669715881348 31.8345584869385 31.6535892486572 31.994197845459 32.8657646179199 31.6401462554932 32.1097640991211 31.1949481964111 30.248571395874 30.5205097198486 30.839469909668 30.79736328125 31.4809875488281 32.1103591918945 31.98362159729 32.1698951721191 31.245325088501 30.8556632995605 29.7820453643799 29.1985397338867 28.2827434539795 28.5879688262939 28.5993957519531 28.7209129333496 26.2612323760986 23.3976097106934 23.4438514709473 26.8289756774902 23.2279262542725 23.4339694976807 23.329984664917
31.9090747833252 32.5081558227539 33.0830764770508 33.8326377868652 35.1802635192871 35.1902351379395 34.535026550293 35.7151985168457 35.5360946655273 35.2012748718262 34.096305847168 34.547794342041 33.9179534912109 33.6501083374023 34.2495727539062 34.0575103759766 33.6970901489258 32.0164451599121 32.2578811645508 32.2352180480957 32.1725196838379 32.1091651916504 31.6909694671631 30.7748947143555 30.5729694366455 30.6133136749268 30.1655559539795 31.4568538665771 32.2179832458496 31.6731185913086 32.4369506835938 31.0658187866211 30.039852142334 29.9126472473145 29.4113235473633 29.0982570648193 29.0606822967529 28.486442565918 27.8702793121338 27.4592990875244 28.5046615600586 28.4818458557129 26.0868625640869 26.1718463897705 23.434289932251 24.2915344238281
32.415210723877 32.9691467285156 33.0938987731934 33.9105186462402 34.130931854248 33.9136085510254 34.1074180603027 35.1613616943359 35.131591796875 34.6689758300781 35.1634292602539 35.0872611999512 35.1432151794434 34.3546142578125 34.414794921875 34.4576301574707 33.315486907959 32.809024810791 31.9016056060791 32.2567138671875 32.0761108398438 31.479377746582 31.3095645904541 30.9286327362061 30.3840560913086 29.7240028381348 30.1057548522949 31.7117919921875 31.976037979126 32.1237335205078 32.4020500183105 32.5884284973145 31.0730648040771 29.968713760376 29.2486515045166 30.0787220001221 29.6558036804199 28.977201461792 28.1680679321289 28.1533622741699 29.8928642272949 29.7269649505615 29.3828754425049 28.5549602508545 25.3173713684082 24.6377792358398
33.3809776306152 33.2778816223145 34.1512222290039 34.9890975952148 35.4790496826172 34.1843109130859 34.2583351135254 35.5310897827148 35.499137878418 34.8437347412109 35.277645111084 34.9294395446777 34.8929252624512 34.5334129333496 33.6223258972168 34.0023574829102 31.8203277587891 30.5456790924072 31.9676609039307 31.6197128295898 31.5964679718018 31.7353496551514 31.2268695831299 30.9905776977539 30.5806274414062 30.5725288391113 30.890926361084 32.0019836425781 32.6229248046875 31.6956157684326 32.1729011535645 32.1797714233398 32.4402885437012 31.6204395294189 30.9719181060791 29.9239768981934 29.8868255615234 29.9595222473145 29.5315456390381 31.034704208374 30.0758018493652 29.7454051971436 24.7398548126221 26.3920249938965 23.9876956939697 23.3468971252441
32.9605522155762 34.2489776611328 34.1104736328125 34.2144622802734 35.4017944335938 34.5963172912598 35.218864440918 34.8675804138184 35.4501342773438 34.4453277587891 35.4255027770996 34.934455871582 34.9343795776367 34.3563690185547 33.9753265380859 33.4797210693359 33.4970016479492 31.8498134613037 30.7436084747314 31.1438770294189 31.2170829772949 31.7173557281494 31.1081733703613 31.2156581878662 30.850772857666 30.6540050506592 32.2629470825195 32.2876472473145 32.1370391845703 33.5886077880859 32.3060531616211 31.8639259338379 32.970531463623 32.8091430664062 32.0676612854004 31.4539260864258 31.0186519622803 31.0006351470947 30.5473308563232 30.7398109436035 30.0432395935059 27.6326103210449 23.0819797515869 23.3745651245117 23.5618476867676 22.360221862793
33.7187309265137 33.8056602478027 34.4195327758789 33.3963432312012 33.9313354492188 32.8495330810547 33.5574111938477 34.8926162719727 35.4107971191406 35.2171401977539 35.5269165039062 34.7605056762695 34.6193618774414 34.6924171447754 34.1018905639648 33.9007301330566 34.3228302001953 33.8774948120117 33.176082611084 32.8024063110352 31.6685905456543 31.399133682251 31.9346923828125 31.5795192718506 31.2066535949707 30.8062553405762 32.2943153381348 32.9474258422852 32.4668807983398 32.6641960144043 32.4514999389648 31.4063396453857 31.0721244812012 31.0405807495117 31.4312343597412 31.6252136230469 31.6605930328369 32.1312294006348 31.7379188537598 31.8524055480957 30.1707000732422 25.6972370147705 24.2362251281738 24.4428234100342 24.2682781219482 23.3674926757812
34.2105598449707 34.5710296630859 34.373851776123 32.6403961181641 33.3286514282227 34.2937545776367 33.5012283325195 34.9262962341309 35.3070106506348 34.9494934082031 35.4046440124512 35.1104202270508 35.4514122009277 34.9760284423828 34.582405090332 34.4255027770996 34.1671714782715 33.9065399169922 33.5229873657227 32.5888977050781 31.2064075469971 32.2703857421875 32.6977081298828 31.5530319213867 31.1260795593262 31.009105682373 30.8034400939941 32.0654335021973 31.9509449005127 31.0412712097168 31.9951496124268 30.9689750671387 30.5776634216309 30.6341018676758 30.3599014282227 30.5133209228516 31.166654586792 30.6664066314697 31.3218669891357 31.0922775268555 29.4387722015381 29.1273307800293 26.32008934021 25.6967697143555 25.0273971557617 24.9616279602051
33.9327583312988 35.2608680725098 34.3535499572754 33.5586166381836 32.0531959533691 34.306022644043 35.6831359863281 33.8243064880371 34.8110084533691 35.4070281982422 35.3021202087402 35.1471748352051 34.6518783569336 34.8071136474609 34.472339630127 34.6569709777832 33.7450180053711 33.329231262207 33.2793922424316 32.7689590454102 31.7257137298584 32.3988914489746 31.5974540710449 30.2790813446045 30.6641960144043 30.2366695404053 31.5441703796387 30.7490100860596 30.6882190704346 28.1131401062012 29.9577732086182 30.5070838928223 30.8158645629883 30.4958419799805 30.5453567504883 29.6513252258301 29.8059921264648 30.1902885437012 31.1405391693115 30.4667587280273 25.628719329834 25.3284168243408 25.0602874755859 25.5554809570312 25.3185291290283 24.2251644134521
34.5448188781738 33.6908531188965 35.0136642456055 34.3215446472168 34.2151298522949 34.2148857116699 34.2218818664551 34.2991600036621 34.4529571533203 35.7621841430664 35.7666091918945 35.2062873840332 35.0825424194336 35.3475151062012 35.1073150634766 33.9973411560059 33.3809394836426 33.3406410217285 33.3506660461426 33.3703804016113 32.7099342346191 31.7850780487061 30.7614612579346 30.5524291992188 30.8383846282959 31.4416732788086 31.954044342041 31.0788402557373 30.7589645385742 28.8307838439941 28.644323348999 27.6731624603271 29.1862564086914 30.5546855926514 30.5466651916504 28.7114582061768 28.6536846160889 28.2772083282471 28.0367488861084 24.5395164489746 24.5410747528076 23.8546886444092 24.3203754425049 25.1630153656006 25.2069606781006 23.7055931091309
33.9614219665527 33.4282684326172 34.7152633666992 33.5326232910156 33.7090110778809 33.7405586242676 32.532901763916 33.2902221679688 34.3172225952148 34.6242408752441 35.354808807373 35.3849868774414 35.2620162963867 34.760009765625 35.1079864501953 35.0030059814453 34.3236198425293 33.0441856384277 33.5699653625488 33.1253547668457 32.9679641723633 32.3125686645508 30.9465923309326 30.7762870788574 30.2805595397949 30.8886394500732 31.7659130096436 30.9076385498047 31.0859241485596 30.7512588500977 30.7416591644287 29.6646118164062 29.3666038513184 28.1349086761475 24.2218341827393 23.1302967071533 23.2622261047363 23.0339469909668 22.9696979522705 23.1697425842285 23.3463802337646 23.4262580871582 23.698709487915 24.4760189056396 24.8164920806885 24.3712882995605
33.9407119750977 33.313850402832 33.3429908752441 34.5549964904785 34.2441787719727 34.3937072753906 32.9767837524414 32.1410942077637 33.0173950195312 33.8884239196777 35.1804237365723 35.5305442810059 35.4342575073242 35.2606201171875 34.2101516723633 33.8353843688965 33.8364143371582 33.4428443908691 33.8877029418945 33.766773223877 33.7507133483887 32.4927711486816 31.9173851013184 31.5129871368408 30.697582244873 31.4805316925049 31.1949691772461 31.3141288757324 29.7239875793457 30.6082782745361 29.8498802185059 29.6483192443848 29.8625259399414 29.2029666900635 27.7947578430176 22.7384414672852 22.4127769470215 22.3196754455566 22.1808834075928 22.6971893310547 23.2793407440186 24.7853107452393 23.3288059234619 24.3402729034424 23.8432197570801 23.7503852844238
33.5505638122559 33.0624504089355 34.3041191101074 34.2979927062988 34.5375175476074 33.6578636169434 33.3406295776367 32.7106246948242 33.5927391052246 32.9235687255859 33.8435897827148 35.3242568969727 35.0440673828125 34.8386306762695 34.15283203125 34.4828796386719 32.863639831543 33.1347923278809 33.5066146850586 33.301815032959 33.3978538513184 32.7589378356934 32.8536720275879 32.3164520263672 31.2651214599609 31.2187023162842 30.8697242736816 30.767822265625 31.2463073730469 30.3184680938721 29.3040409088135 28.3042507171631 30.1924877166748 30.4242687225342 30.43971824646 28.0017967224121 25.1328582763672 24.7169761657715 23.7565307617188 22.865816116333 23.5940952301025 23.5891876220703 23.62331199646 24.0427570343018 23.9627113342285 23.6533126831055
