inst/extdata/Tmax/Tmax34.asc
NCOLS 100 
NROWS 79 
XLLCORNER 148.06 
YLLCORNER -21.49 
CELLSIZE 0.01 
NODATA_value -3.4e+38 
[rows 40 to 59 of 79, columns 0 to 45 of 100]
31.772123336791999 31.4026527404785 32.2862205505371 32.9328918457031 32.1076316833496 31.9807968139648 31.9620876312256 31.9401741027832 31.1847248077393 31.5765132904053 32.2282905578613 33.7199440002441 34.1980857849121 33.1847496032715 33.2617454528809 32.7921142578125 32.6439361572266 31.9322052001953 31.2250671386719 31.51025390625 31.4945125579834 31.5924530029297 31.5536613464355 31.509822845459 29.8005924224854 29.9418888092041 29.1510715484619 29.1717739105225 29.5154609680176 28.4284038543701 27.4323329925537 26.426420211792 28.1317939758301 27.9177112579346 27.3855323791504 27.8150100708008 27.3905258178711 24.5686016082764 24.0829963684082 23.641414642334 23.2319469451904 22.3845138549805 21.8110008239746 21.5809192657471 21.308012008667 23.1210842132568
32.2495040893555 31.945686340332 32.0509910583496 32.7471008300781 32.8647766113281 32.7326049804688 32.0032501220703 32.3357391357422 31.946346282959 32.5589408874512 32.5870323181152 33.4779205322266 33.7801780700684 33.8213958740234 33.102897644043 33.8057174682617 32.9714202880859 31.9383029937744 31.2017154693604 31.7558002471924 32.1486587524414 32.3523826599121 31.7846374511719 30.8322792053223 28.8403205871582 28.2384738922119 28.8170604705811 28.963960647583 29.241397857666 28.7431678771973 27.5983333587646 27.5737533569336 27.9411678314209 28.4764537811279 25.5523872375488 26.6068878173828 26.022762298584 24.498498916626 24.3779106140137 25.9059410095215 25.6941967010498 23.39697265625 21.366605758667 21.2800102233887 21.3395767211914 21.6972637176514
32.2448463439941 32.2128944396973 32.4327583312988 32.4781455993652 32.3893013000488 32.2437973022461 32.2233810424805 32.6111297607422 32.3283233642578 32.5110931396484 32.9236869812012 33.6767539978027 34.4580116271973 33.8861045837402 33.9524574279785 33.4033813476562 33.2732543945312 33.0602149963379 32.2814483642578 32.2188949584961 32.5139923095703 31.6799964904785 31.6444530487061 30.9631996154785 31.0780277252197 30.4375038146973 28.3108558654785 28.9942741394043 28.9986209869385 28.4905948638916 26.930326461792 27.0066509246826 25.9562721252441 25.949779510498 24.7136154174805 25.1634387969971 23.0473480224609 23.9757881164551 24.2991580963135 23.7485904693604 24.4741516113281 23.5946960449219 23.8312282562256 22.5345764160156 22.4520988464355 23.3702182769775
31.4508285522461 31.961275100708 32.3689460754395 32.4522132873535 32.7054595947266 32.5152549743652 33.2410087585449 33.0048675537109 32.5075416564941 32.4589691162109 32.640453338623 33.3185844421387 33.8520393371582 34.0189056396484 34.401969909668 34.4453353881836 33.9649848937988 33.6967124938965 32.6865692138672 32.5311851501465 32.5944137573242 32.4264526367188 31.7904968261719 30.4085750579834 30.6768913269043 30.5527477264404 30.0851001739502 29.7672424316406 28.9774475097656 29.1925354003906 27.996654510498 27.5931262969971 28.99538230896 27.7407627105713 28.0082931518555 21.9934520721436 22.5745620727539 22.7276191711426 22.9782104492188 22.617317199707 22.2588367462158 23.0190830230713 22.6559448242188 23.5232410430908 25.2663078308105 27.6014595031738
31.116720199585 31.7957859039307 31.7199878692627 31.7183322906494 32.3661193847656 32.5291709899902 32.5817718505859 32.7747535705566 32.6062660217285 32.8289947509766 32.6363563537598 33.5111999511719 33.5969734191895 34.232536315918 34.5199928283691 34.3078651428223 33.8927421569824 34.0469741821289 33.8566474914551 33.6681671142578 33.0794410705566 32.8801612854004 32.0540542602539 32.5767860412598 31.860143661499 30.6898078918457 30.735372543335 30.0351257324219 30.3376617431641 29.4180660247803 29.1396102905273 28.7125110626221 29.1917247772217 30.9934215545654 30.9331150054932 22.8240947723389 21.5272655487061 21.5750331878662 21.7175006866455 22.2608776092529 22.0364933013916 22.5502891540527 21.9359836578369 22.7232341766357 24.3586864471436 27.5613174438477
32.2634811401367 31.7070198059082 31.2167530059814 31.339771270752 32.0321960449219 31.9747943878174 32.3010292053223 32.7244606018066 32.8434638977051 32.7761993408203 32.6335830688477 33.1310691833496 32.9621315002441 34.1038932800293 34.7555732727051 34.2805976867676 33.7631683349609 34.3320121765137 33.5410995483398 33.2555847167969 33.1541290283203 32.7940483093262 32.2610816955566 31.0961513519287 31.7479381561279 31.6968612670898 30.1838035583496 30.5546493530273 30.6904048919678 29.5912055969238 28.3633213043213 28.2876319885254 29.3704452514648 29.4046630859375 31.4586963653564 27.9934158325195 22.3645820617676 21.6035480499268 21.6826095581055 22.4812602996826 21.744010925293 22.1853523254395 22.7060546875 22.7674140930176 23.8633422851562 24.6834983825684
30.9553966522217 31.4245338439941 31.8776531219482 31.1286392211914 31.0098781585693 31.4861431121826 32.1996841430664 32.3697738647461 32.4001159667969 32.2054824829102 32.828369140625 32.9650611877441 32.0536727905273 32.7605018615723 34.2180213928223 33.0516815185547 33.1056175231934 34.2020111083984 33.9687423706055 32.6725387573242 32.8514709472656 32.4966697692871 32.5659103393555 32.8222732543945 30.1269588470459 30.5131797790527 30.4984970092773 30.6659622192383 30.8121070861816 30.9347438812256 29.2261009216309 28.7079582214355 28.3019390106201 28.6117668151855 30.068286895752 29.9931793212891 22.618371963501 22.8079605102539 22.6502094268799 23.3629932403564 22.6224174499512 22.5448760986328 22.8002834320068 28.4323978424072 24.0812740325928 23.1425743103027
32.2981185913086 31.0428924560547 31.9798049926758 30.8781661987305 30.8802375793457 31.163459777832 31.4118881225586 31.3484992980957 31.2461833953857 31.9063014984131 31.6730346679688 31.7508678436279 32.1501884460449 33.0392265319824 33.9408912658691 34.1143531799316 33.5106010437012 33.9272651672363 33.7613296508789 32.7660903930664 33.3853874206543 33.3014068603516 31.9591102600098 32.187427520752 31.8638210296631 32.5979995727539 32.1683769226074 31.5084362030029 31.5872135162354 31.4393615722656 30.7392158508301 29.9742469787598 28.6735572814941 29.7156372070312 29.7128772735596 28.644380569458 28.2963180541992 26.2882137298584 24.1140041351318 24.1062316894531 23.582576751709 23.4660148620605 23.4808940887451 23.3125610351562 22.6465396881104 22.3558521270752
33.7304725646973 31.8034839630127 30.4722156524658 30.1332244873047 30.2884349822998 31.3982734680176 30.9164695739746 30.8142700195312 30.7597770690918 31.6347770690918 31.815975189209 31.6215915679932 32.1271896362305 33.2237014770508 34.1027374267578 33.2520866394043 33.2801704406738 32.9460144042969 33.4615173339844 32.3851585388184 32.5293350219727 33.5025444030762 33.2618675231934 32.9697113037109 32.3528022766113 31.7679424285889 32.7289657592773 33.3226661682129 32.7315521240234 31.592212677002 30.5850982666016 30.6097278594971 29.6555633544922 29.4382801055908 29.4085712432861 29.4415988922119 29.7491874694824 29.5767955780029 29.6818332672119 27.9454116821289 22.8841228485107 22.9238739013672 23.2211799621582 22.8141231536865 22.7591342926025 22.3930969238281
33.9814643859863 32.9390335083008 31.9324798583984 30.0297183990479 29.9687385559082 30.0724029541016 30.6644992828369 30.8213520050049 30.8495998382568 32.2739334106445 33.1683921813965 32.6715087890625 32.2788276672363 32.4647407531738 32.6268768310547 32.7059440612793 33.2332344055176 33.4122314453125 33.0263481140137 33.7009506225586 32.5391883850098 33.0503005981445 33.4257392883301 33.2952423095703 32.8178443908691 33.3263702392578 31.70680809021 32.7387390136719 32.1220779418945 31.4689903259277 30.4538669586182 30.9754486083984 29.0021457672119 28.932466506958 29.1544227600098 25.8196773529053 29.9000835418701 29.6050071716309 29.2789459228516 29.3844947814941 27.9231491088867 22.757474899292 22.4956951141357 24.7258949279785 24.6774978637695 25.2181758880615
34.3453750610352 33.4796485900879 32.9550552368164 30.5020008087158 30.4099044799805 29.9748916625977 30.1542015075684 30.8247413635254 30.7693996429443 32.040412902832 33.2169151306152 33.0542640686035 33.1955986022949 33.5837669372559 33.4205551147461 33.0326042175293 33.3246650695801 33.3263969421387 33.3527603149414 32.5544967651367 33.5012054443359 33.2962493896484 33.0018463134766 32.5390968322754 32.2673759460449 32.2611923217773 31.8676719665527 31.2815761566162 32.1920318603516 31.9472560882568 30.7703762054443 30.9405918121338 29.3836631774902 29.5380630493164 27.8198661804199 28.9081401824951 28.8462581634521 29.2841129302979 29.1237659454346 29.1920986175537 28.7326889038086 27.9852199554443 26.7242832183838 25.8826847076416 24.5050354003906 24.3762722015381
34.1165466308594 34.279670715332 33.118221282959 31.357234954834 31.0163841247559 31.3696975708008 30.750358581543 30.3275279998779 29.6398296356201 30.6250190734863 32.7206993103027 33.4080467224121 33.6521797180176 32.8795013427734 33.4620704650879 33.3958930969238 33.5485534667969 33.9034881591797 34.0368118286133 32.8403701782227 33.6966819763184 33.5910835266113 32.1983833312988 32.201831817627 32.0451850891113 31.1599998474121 31.0352401733398 31.2218647003174 32.0148086547852 32.7132987976074 32.5345649719238 30.3538494110107 29.9537620544434 28.9672203063965 28.6132793426514 28.0917625427246 28.1598358154297 28.8998126983643 28.865083694458 28.8656692504883 28.0959205627441 27.8080768585205 27.3139305114746 26.4107666015625 22.5542297363281 22.3591461181641
33.5579948425293 34.1693801879883 33.8548583984375 30.2069568634033 29.5944499969482 30.4503402709961 30.3598442077637 30.523946762085 29.6231155395508 29.8527545928955 31.7444972991943 31.4747676849365 32.3695030212402 33.4898262023926 33.1107749938965 33.5269393920898 33.721622467041 34.0022125244141 33.8756904602051 33.7637023925781 33.7141990661621 33.5161666870117 33.3492393493652 32.2304649353027 33.145149230957 32.8108139038086 31.4079914093018 31.4819221496582 31.5995025634766 32.2923812866211 32.3607368469238 30.9809627532959 29.9491004943848 29.2565021514893 29.1916351318359 29.9547462463379 28.1127605438232 27.8040714263916 28.5133457183838 29.6078433990479 29.5138721466064 28.780704498291 28.6769695281982 27.8263378143311 22.8752136230469 22.2614765167236
33.8461608886719 33.3442764282227 33.287654876709 31.057559967041 29.8911838531494 31.0844192504883 31.1219463348389 30.5218238830566 29.7205448150635 29.8646678924561 31.5571784973145 31.1270351409912 33.1667366027832 33.1569290161133 33.0327987670898 33.874382019043 33.550952911377 33.9513816833496 32.7364501953125 33.5657424926758 33.6720504760742 33.7521591186523 33.56591796875 32.7392082214355 32.0885429382324 32.2857131958008 32.2610816955566 31.6890125274658 31.1780395507812 31.5441513061523 31.9145164489746 32.287841796875 32.3040466308594 31.458776473999 30.4101219177246 31.0096817016602 29.6155128479004 28.7120723724365 27.4052085876465 28.8487720489502 29.8332958221436 29.977746963501 29.3698043823242 29.1168270111084 26.5557289123535 26.0877552032471
33.5647239685059 32.7306365966797 32.9665565490723 32.0587539672852 31.5068359375 31.2631664276123 31.7925701141357 31.3019638061523 31.5778732299805 30.658597946167 30.7175331115723 31.5716762542725 31.868335723877 32.823860168457 33.574764251709 33.7472305297852 33.6746520996094 33.870433807373 33.8410491943359 33.0245056152344 33.0470542907715 33.7120704650879 33.2850151062012 33.7549171447754 32.9391441345215 32.2568511962891 31.7034397125244 32.0845146179199 30.6526660919189 31.8125076293945 31.3761882781982 30.9317455291748 31.9611835479736 31.7044582366943 32.6118621826172 30.2608985900879 30.3281440734863 30.9216232299805 30.5609359741211 29.2166786193848 29.1832180023193 28.3879890441895 27.6146183013916 26.7897205352783 26.9271507263184 23.814525604248
33.6721153259277 33.7069969177246 33.5669097900391 32.5206718444824 32.1525917053223 31.960262298584 32.3900871276855 32.7902641296387 31.9756240844727 30.8359184265137 31.6434936523438 33.0362510681152 32.7922973632812 33.7732696533203 33.5595245361328 33.6571655273438 32.4076042175293 33.0209007263184 33.1576843261719 33.1915130615234 32.8410491943359 32.9299850463867 32.5649948120117 33.1856460571289 32.8284339904785 33.0739631652832 32.1877593994141 32.5228614807129 31.4251670837402 31.8489551544189 31.9260215759277 31.3966255187988 30.7368297576904 30.7396583557129 31.2562313079834 31.8655643463135 31.538028717041 31.3848266601562 30.5610961914062 28.9066467285156 28.2606658935547 29.0262432098389 26.9372177124023 23.2938861846924 23.798282623291 23.5963363647461
33.2003059387207 33.6062545776367 33.1709327697754 33.7635116577148 32.5752029418945 31.2158889770508 31.8928451538086 32.696720123291 32.3121910095215 31.5278434753418 31.444616317749 33.2809829711914 33.6790237426758 32.5459594726562 33.180347442627 33.5761871337891 32.3197860717773 32.7237281799316 33.0141525268555 32.1345405578613 32.3714447021484 32.6996994018555 32.9321327209473 32.8127746582031 32.8377914428711 32.7593154907227 32.5449523925781 32.0191192626953 31.7035160064697 32.1743316650391 30.4543190002441 31.1952266693115 29.5520973205566 29.6224250793457 30.132194519043 31.3039855957031 30.6271591186523 29.5275897979736 29.4739589691162 24.7212791442871 24.3316307067871 27.8567409515381 26.5639171600342 22.8188495635986 23.3665199279785 23.5733089447021
33.6887168884277 33.9984359741211 33.6157455444336 33.3964004516602 32.9246215820312 33.1605644226074 32.0400352478027 31.9382457733154 32.359977722168 32.245922088623 30.9618835449219 32.3126335144043 33.6971702575684 33.4127426147461 32.9922370910645 33.521354675293 32.9513931274414 32.7244415283203 31.3824367523193 32.6507720947266 32.9931869506836 33.0934028625488 32.2571067810059 32.7455902099609 33.4423217773438 32.7656784057617 32.5810356140137 32.0728797912598 32.1532859802246 32.604793548584 31.892557144165 31.7478866577148 31.5048904418945 30.9284973144531 29.7758369445801 29.8862228393555 30.8234214782715 30.0094604492188 28.787878036499 24.5707111358643 24.4293918609619 28.5456657409668 23.9460010528564 23.6259746551514 22.8923301696777 23.1179599761963
33.9433135986328 33.8933563232422 34.0049285888672 33.6319351196289 33.5591659545898 32.900463104248 31.8817310333252 31.6156635284424 31.874626159668 30.9670677185059 31.3139019012451 33.404655456543 33.1603164672852 33.8585662841797 32.9654502868652 33.0105857849121 31.8057613372803 31.6604785919189 31.633373260498 31.6829738616943 31.7817878723145 32.1385688781738 31.4364280700684 32.1112480163574 33.3460693359375 32.6816711425781 32.3047103881836 32.3735580444336 32.183292388916 32.6831016540527 31.8571968078613 31.8010501861572 31.6268424987793 31.0540676116943 30.9458045959473 29.8636245727539 29.8237476348877 29.3699493408203 25.2351932525635 25.114200592041 24.7924537658691 27.9752178192139 24.0359363555908 23.1793785095215 23.249174118042 23.1571674346924
33.7640113830566 33.1586799621582 33.8927688598633 32.8407974243164 33.5553283691406 32.3166084289551 32.2031517028809 31.503662109375 31.8804740905762 31.0111885070801 31.0732879638672 30.7533416748047 32.6450881958008 33.5148849487305 33.4699783325195 32.741024017334 31.5907344818115 31.6852474212646 31.5815048217773 30.9173183441162 31.2932834625244 32.668888092041 31.6912631988525 32.0854301452637 32.1615180969238 32.6199951171875 32.4345397949219 32.2261085510254 32.397876739502 33.0321502685547 32.0613784790039 31.6347274780273 31.2055225372314 31.9855079650879 31.6049938201904 31.1700630187988 30.4548263549805 29.2311630249023 28.6812591552734 28.664436340332 27.9581165313721 27.9745960235596 27.1913528442383 23.3072395324707 23.1894245147705 23.1661052703857
