inst/extdata/Tmax/Tmax144.asc
NCOLS 100 
NROWS 79 
XLLCORNER 148.06 
YLLCORNER -21.49 
CELLSIZE 0.01 
NODATA_value -3.4e+38 
[rows 0 to 19 of 79, columns 0 to 45 of 100]
33.745243072509801 33.3776054382324 32.3430557250977 32.7568511962891 32.9309692382812 33.4241790771484 33.6657028198242 33.8769187927246 33.8465690612793 33.6631927490234 33.1415519714355 32.925651550293 32.8499298095703 31.4806385040283 32.0391616821289 32.5280838012695 32.9818267822266 32.9644584655762 32.0535316467285 31.3149089813232 31.1641578674316 30.1280288696289 30.6208305358887 32.0870361328125 32.6869430541992 32.9904556274414 32.8572998046875 32.9314308166504 32.5807952880859 32.1640930175781 31.1666107177734 29.0551452636719 30.5108108520508 30.4246883392334 29.0737838745117 27.8431873321533 27.7292137145996 27.3131504058838 28.1839294433594 30.3195018768311 32.1112174987793 32.4307708740234 33.3103103637695 33.7093887329102 33.9132041931152 34.0650863647461
33.5427017211914 32.9752197265625 32.1563110351562 32.2727127075195 31.6617412567139 32.686092376709 33.3443336486816 33.7325630187988 33.8994064331055 33.7794342041016 33.4044418334961 33.065128326416 33.2116508483887 32.7484436035156 32.5761184692383 32.4611396789551 32.9441566467285 32.9980430603027 31.8750171661377 31.2133502960205 31.8236103057861 31.5507583618164 31.437068939209 31.9553413391113 32.5081329345703 32.7337646484375 33.0730018615723 33.0295600891113 32.7932891845703 32.5564422607422 31.5884056091309 29.9934520721436 31.3532447814941 30.8845710754395 30.1216640472412 29.0300617218018 28.5430774688721 28.9752712249756 30.223539352417 31.5427799224854 33.3106117248535 33.8008918762207 33.9602699279785 33.9639778137207 34.0304260253906 34.0810089111328
33.5125427246094 32.6219863891602 32.770679473877 32.9304618835449 32.4370079040527 32.5836906433105 33.0586242675781 33.728572845459 33.9556159973145 33.8143043518066 33.4972267150879 33.3659706115723 33.2781448364258 33.2319831848145 32.8999824523926 32.7443504333496 32.9995880126953 33.1951866149902 32.5459175109863 32.341251373291 32.1862030029297 31.8266639709473 31.5752754211426 31.7293167114258 32.7260856628418 33.0544662475586 32.8728179931641 32.8659744262695 32.8771896362305 32.5245971679688 32.6030578613281 31.4631195068359 31.7598361968994 30.3347339630127 29.9955387115479 29.2745628356934 28.6969299316406 28.1616325378418 29.3520965576172 30.7590293884277 32.4017906188965 33.6046409606934 33.9953842163086 34.0782012939453 34.0596923828125 34.0096435546875
33.7673225402832 33.3826713562012 33.0240020751953 33.7495346069336 33.1772346496582 32.7111587524414 33.1615715026855 33.8364639282227 34.0519905090332 33.9094009399414 33.7560768127441 33.7298202514648 33.6230735778809 33.4470062255859 32.9584655761719 32.7758255004883 33.2060661315918 33.2812652587891 33.0376434326172 32.5077056884766 32.148120880127 31.7275142669678 31.832447052002 31.803861618042 32.5055885314941 33.0331611633301 32.6126327514648 32.9475402832031 32.7425727844238 31.7790946960449 32.4512481689453 32.5546112060547 31.6829299926758 30.2329120635986 29.5849552154541 28.5927810668945 28.9218444824219 28.3612384796143 28.2386150360107 27.691162109375 29.4932556152344 32.6720657348633 33.7836036682129 34.0479927062988 33.7584419250488 33.6443672180176
34.4132270812988 33.783203125 33.5261077880859 34.0200729370117 33.7642784118652 33.0350494384766 33.0947799682617 33.8678970336914 34.0604820251465 33.6355743408203 33.6569213867188 33.9169425964355 33.7850685119629 33.4713516235352 33.0596923828125 33.2567329406738 33.3644638061523 33.07763671875 32.5523681640625 31.7118072509766 31.939697265625 32.1540870666504 32.3200798034668 32.5648765563965 32.5869979858398 32.2091102600098 33.0959777832031 32.6533508300781 32.5108451843262 31.9424171447754 32.3816528320312 32.1838912963867 31.8297748565674 30.681079864502 30.0917110443115 30.467456817627 30.1206436157227 29.4957656860352 28.8822708129883 28.0454559326172 27.654613494873 31.6386184692383 33.4310417175293 33.9303588867188 33.1312561035156 32.291072845459
34.5896224975586 34.3103408813477 33.5138359069824 34.0384140014648 34.1405639648438 33.6656799316406 33.3536911010742 33.9077682495117 34.1159286499023 33.7898445129395 33.6746978759766 34.0117454528809 33.8411712646484 33.5292587280273 32.7692184448242 33.386344909668 33.3003196716309 32.7889556884766 32.1623191833496 31.6894569396973 31.8202133178711 32.1385765075684 32.523509979248 32.5369148254395 32.9030990600586 32.7886428833008 32.895149230957 32.0074234008789 32.0164642333984 30.7554016113281 31.6331729888916 32.2209053039551 32.3481025695801 31.966480255127 31.5595550537109 31.4961605072021 30.5217189788818 29.960973739624 29.5914115905762 28.6548957824707 28.087194442749 31.1293678283691 33.2892951965332 33.8728561401367 33.3061218261719 30.8717002868652
34.8137092590332 34.5173797607422 34.0947799682617 34.3140449523926 34.2724380493164 33.8437347412109 33.0960960388184 33.7770881652832 34.0182342529297 34.201286315918 34.1473960876465 33.9796371459961 33.4859046936035 33.6366424560547 33.6168785095215 33.4619331359863 33.2427825927734 32.5988922119141 32.3631324768066 32.0220680236816 31.355094909668 31.6133460998535 32.1852035522461 32.6625556945801 33.1001281738281 33.0254325866699 33.0588912963867 32.4284629821777 32.0107421875 30.6037616729736 30.6244087219238 30.7790985107422 31.9325695037842 32.1485443115234 31.6123428344727 31.4940147399902 30.831298828125 29.2138500213623 29.5072422027588 29.0044136047363 28.8290328979492 30.9093208312988 33.0350151062012 33.5968589782715 33.3484230041504 31.3898429870605
34.7947654724121 34.6890411376953 34.3756637573242 34.4285049438477 34.3978729248047 34.0983200073242 33.4194221496582 33.2868156433105 33.6766510009766 34.1058807373047 34.2544403076172 33.9208869934082 33.1288986206055 33.4127883911133 33.7063522338867 32.8962059020996 32.8481788635254 31.9619140625 31.8892822265625 31.6273002624512 30.8521881103516 31.4266357421875 31.9592247009277 32.642261505127 33.2283554077148 33.2590713500977 32.7693862915039 32.250846862793 32.0491752624512 31.1493358612061 29.6085109710693 29.9651870727539 30.3785610198975 31.1001510620117 31.5770225524902 30.8690338134766 30.9720401763916 29.9393615722656 28.7786426544189 29.1261425018311 29.3880577087402 30.7223892211914 31.9620246887207 33.1808204650879 33.1322784423828 30.9840812683105
34.5198211669922 34.8007659912109 34.6327171325684 34.5922203063965 34.4515419006348 34.1729469299316 33.7574081420898 33.2167510986328 33.443359375 34.0829200744629 34.2908630371094 34.2445335388184 34.0090866088867 33.8438377380371 33.4223213195801 32.5239524841309 32.7669258117676 32.4904556274414 32.6705360412598 31.5853462219238 31.6019668579102 31.4396343231201 31.5756816864014 32.4038543701172 33.1305503845215 33.3675155639648 32.2615814208984 31.2300662994385 31.349250793457 31.2535076141357 30.5648097991943 29.9247207641602 29.4318351745605 29.9906425476074 31.0862159729004 30.3724517822266 30.1093673706055 30.064001083374 28.9652576446533 28.6020469665527 28.8723926544189 29.0023021697998 30.0890159606934 32.0080833435059 32.579158782959 31.0976638793945
34.1691131591797 34.6812362670898 34.790397644043 34.6374206542969 34.4065246582031 34.2788543701172 34.0568656921387 33.5190505981445 33.1408042907715 33.9780654907227 34.2821502685547 33.814998626709 32.9667930603027 33.0640830993652 33.206672668457 33.1935882568359 33.2469787597656 33.0896911621094 32.8540000915527 32.4941329956055 32.1178932189941 31.375394821167 31.7896060943604 32.8122863769531 33.374927520752 33.2655372619629 32.4200973510742 32.2485809326172 31.650260925293 31.0492191314697 29.5869464874268 29.1520957946777 30.4294662475586 30.2760124206543 30.0434494018555 29.7791442871094 29.5369033813477 29.8954887390137 29.2668838500977 28.4081230163574 28.4588432312012 27.8222522735596 28.8309688568115 30.2181606292725 30.608943939209 29.8711738586426
33.7756462097168 34.1675453186035 34.8031158447266 34.7044448852539 34.5613098144531 34.4778861999512 34.2659645080566 33.8343353271484 33.8321762084961 34.132137298584 34.3231086730957 33.8830032348633 33.4959106445312 32.6111221313477 32.8357315063477 33.2018051147461 33.3680038452148 33.6296005249023 33.098445892334 32.8735008239746 32.4031867980957 31.9764251708984 32.0811614990234 32.7842330932617 33.3305549621582 33.2311019897461 32.3959083557129 31.5114421844482 30.3311519622803 30.3422527313232 29.9286289215088 29.8784866333008 30.9105033874512 30.6181564331055 29.5672569274902 29.2800102233887 29.8528308868408 29.5264301300049 29.0905570983887 28.4596538543701 28.536600112915 28.2450542449951 27.8639335632324 28.7223052978516 29.2447814941406 29.6272354125977
33.5735282897949 33.668643951416 34.7544174194336 34.7723503112793 34.6871566772461 34.5543327331543 34.3672218322754 33.9800071716309 34.0443267822266 34.4155693054199 34.368350982666 34.1511268615723 33.7230186462402 33.1419143676758 33.0347518920898 33.4223480224609 33.8151893615723 33.8251647949219 33.5240135192871 32.9771385192871 32.3766860961914 31.992280960083 32.2048606872559 32.40478515625 32.6867942810059 33.1156539916992 31.935115814209 31.0005359649658 30.2915077209473 30.5885238647461 30.6821231842041 30.5985641479492 31.1126403808594 30.4894332885742 30.2035980224609 30.1105079650879 29.6184425354004 28.9404048919678 29.5695152282715 29.8546543121338 29.3522510528564 28.8335781097412 28.242748260498 28.7758178710938 29.4102802276611 29.8961200714111
33.7490272521973 34.3678703308105 34.7228851318359 34.6932983398438 34.7251434326172 34.6272201538086 34.4783744812012 34.0416488647461 34.1642303466797 34.5572929382324 34.3348731994629 34.2700042724609 34.0263137817383 34.1315460205078 34.0298500061035 34.023624420166 34.0507774353027 33.9752082824707 33.7183876037598 33.0962448120117 32.7803268432617 32.9968719482422 33.3343658447266 33.6360015869141 33.4723815917969 32.9705657958984 32.7335052490234 32.1638145446777 31.734748840332 31.5262222290039 31.6179294586182 31.3845748901367 31.281852722168 30.6035079956055 29.9465293884277 29.4265937805176 28.8108978271484 30.1268157958984 30.4828128814697 30.4305324554443 28.8552627563477 28.7793979644775 28.2331771850586 27.9306106567383 29.4696388244629 30.1504993438721
34.292106628418 34.5640563964844 34.6649284362793 34.5852088928223 34.6211967468262 34.6976890563965 34.6481666564941 34.5203742980957 34.2872924804688 34.471363067627 34.4522857666016 34.3858833312988 34.2477607727051 34.1411209106445 34.0282745361328 33.9509773254395 34.1398277282715 34.0552253723145 33.8983383178711 33.7775077819824 33.6691246032715 33.6415252685547 33.4088325500488 33.5683860778809 33.0445556640625 31.8269081115723 31.771656036377 31.2968673706055 30.6481971740723 31.5903205871582 31.9404602050781 31.9097862243652 31.0202674865723 30.669246673584 30.5389270782471 30.4835758209229 30.4738121032715 30.1154632568359 30.8718223571777 31.2972049713135 30.6857490539551 30.1537227630615 29.4151058197021 28.7885036468506 30.0483074188232 30.6564292907715
33.3692283630371 34.0718803405762 34.6148109436035 34.5497055053711 34.4187622070312 34.5556831359863 34.5249786376953 34.3402214050293 33.8523559570312 33.9269065856934 34.3464584350586 34.1335220336914 33.5156211853027 33.7362785339355 33.9764862060547 33.326042175293 33.8658790588379 34.1117134094238 34.0661468505859 34.0210990905762 33.9685478210449 33.4939498901367 32.733772277832 33.2256469726562 33.0338821411133 32.7199935913086 32.6376533508301 32.2517280578613 31.8268508911133 32.1566543579102 32.1169052124023 31.8176822662354 31.2957038879395 31.6002674102783 31.5677700042725 30.461597442627 31.1407108306885 30.1494846343994 30.5433177947998 31.4669761657715 31.454683303833 31.1552295684814 30.2746181488037 29.3130187988281 30.0663356781006 30.9873085021973
32.3422775268555 33.5435371398926 34.460376739502 34.6331901550293 34.5705146789551 34.557804107666 34.4547729492188 34.3390426635742 34.0963935852051 33.4987754821777 33.0396690368652 33.9435615539551 32.9615249633789 32.6105613708496 33.6735610961914 33.2604942321777 33.249382019043 33.8364219665527 33.8870735168457 33.9042930603027 33.931755065918 33.918628692627 33.7668914794922 33.4970779418945 33.0034103393555 32.555004119873 32.5826034545898 32.5326461791992 32.4776191711426 32.2707061767578 32.0799751281738 31.6100959777832 31.2949829101562 32.0714340209961 31.9374885559082 31.6286869049072 31.6558380126953 30.992826461792 30.5934886932373 31.409086227417 31.6528129577637 30.9122047424316 29.4485931396484 28.193546295166 28.7146091461182 30.737663269043
33.4980354309082 33.3196182250977 34.0348739624023 34.2759323120117 34.5614700317383 34.5421447753906 34.4211654663086 34.2732696533203 34.1069450378418 33.7790451049805 33.0334701538086 33.5481376647949 32.3296585083008 32.0602493286133 32.9597969055176 32.8068046569824 32.0168685913086 33.3340339660645 33.3438415527344 33.3371086120605 33.6611557006836 33.8688697814941 33.7672271728516 33.2721405029297 32.2923851013184 31.6322193145752 31.1905899047852 31.6038246154785 32.2683715820312 31.606616973877 31.368034362793 30.5075187683105 31.3462429046631 32.3516807556152 32.1460838317871 31.9302463531494 32.000545501709 31.507532119751 31.0898323059082 31.4373416900635 31.6870727539062 30.3873538970947 29.2647895812988 29.634952545166 30.0529460906982 30.7548942565918
33.631233215332 34.0545959472656 34.1713600158691 34.2056274414062 34.3906593322754 34.475772857666 34.4218139648438 34.3404426574707 34.1741600036621 33.6518936157227 33.2074394226074 32.7852745056152 32.3347587585449 31.9370498657227 32.5515556335449 32.4038009643555 32.4441299438477 32.2607383728027 31.984395980835 31.9799098968506 33.3450927734375 33.6834945678711 33.6751899719238 33.5648574829102 32.8832092285156 31.563138961792 29.9850425720215 30.9385681152344 31.8797569274902 30.8045883178711 31.2510528564453 31.9390964508057 32.2952842712402 32.6286582946777 32.5391082763672 32.3188819885254 31.7768573760986 30.8318901062012 31.3703269958496 31.6492519378662 32.0345039367676 31.6370029449463 31.4831085205078 31.4702224731445 31.4262847900391 30.7880077362061
33.915397644043 33.9136238098145 33.7660026550293 33.9023857116699 34.4473075866699 34.342456817627 34.379940032959 34.3792495727539 34.2888031005859 33.8949508666992 32.629451751709 32.747241973877 32.2703704833984 31.025520324707 31.8647384643555 31.6204948425293 31.4400329589844 30.6917514801025 31.6408805847168 32.077278137207 33.3508224487305 33.3981399536133 33.5736999511719 33.7103614807129 32.7324905395508 31.5247192382812 30.2350692749023 31.1338806152344 31.8449745178223 31.2968425750732 31.8743438720703 32.3998031616211 32.8548355102539 32.8747291564941 32.3796653747559 32.0923080444336 31.6907157897949 31.3964748382568 32.0140151977539 32.1256294250488 32.1840057373047 32.0969734191895 31.9746685028076 31.2432136535645 30.2976303100586 30.2676124572754
34.0735626220703 34.0745849609375 34.0756225585938 33.931037902832 34.4533500671387 34.4698486328125 34.4193878173828 34.3722534179688 34.3109741210938 34.2121543884277 33.8509750366211 33.0202255249023 32.0905418395996 30.7890892028809 31.1564483642578 31.1289901733398 30.6544208526611 30.9932594299316 31.2854976654053 32.4576416015625 33.3650856018066 32.903736114502 33.7238540649414 33.5617790222168 32.8968048095703 32.6357231140137 31.4352989196777 31.5789699554443 31.9875106811523 31.8042030334473 32.5102691650391 32.4896430969238 33.0080528259277 32.9397315979004 32.7807960510254 32.5124702453613 31.5722484588623 31.7777881622314 32.0887832641602 32.0953025817871 32.1464767456055 31.9924793243408 31.9258003234863 31.3547649383545 31.2821006774902 31.147424697876
