inst/extdata/Tmax/Tmax73.asc
NCOLS 100 
NROWS 79 
XLLCORNER 148.06 
YLLCORNER -21.49 
CELLSIZE 0.01 
NODATA_value -3.4e+38 
[rows 20 to 39 of 79, columns 46 to 91 of 100]
28.3136596679688 26.7420291900635 26.9238700866699 28.2137088775635 27.9965801239014 27.5059700012207 27.264066696167 26.2038059234619 27.9082107543945 29.2833251953125 30.2862453460693 29.8819847106934 29.8757953643799 30.4606075286865 30.1603088378906 29.9354400634766 30.2077140808105 30.7403373718262 30.8974914550781 30.9152374267578 30.8825607299805 30.7866382598877 31.0634784698486 31.1517658233643 31.1192302703857 31.0652561187744 30.984188079834 31.0288963317871 31.0110721588135 30.7243537902832 30.8051700592041 31.0559730529785 30.9725742340088 30.7311515808105 30.7475414276123 30.7411155700684 30.6814460754395 30.6910209655762 30.6907081604004 30.6761817932129 30.6248798370361 30.4964160919189 29.9830303192139 29.8871726989746 30.1090240478516 30.1282653808594
28.5741081237793 26.7236156463623 25.6477184295654 27.2091960906982 27.1040782928467 26.631721496582 27.4385623931885 25.7232475280762 26.8862724304199 28.8188247680664 30.0224285125732 28.8187561035156 28.237174987793 29.9307899475098 28.8584308624268 28.5506610870361 29.3675365447998 30.5884037017822 30.6102771759033 31.0063533782959 31.1191234588623 31.1255836486816 30.9502182006836 30.6537418365479 30.6616973876953 30.7447700500488 30.9077644348145 30.8946990966797 30.8249073028564 30.763801574707 31.0559349060059 31.105167388916 31.0607833862305 30.737133026123 30.8266773223877 30.8050785064697 30.6994495391846 30.7207317352295 30.7355079650879 30.7432537078857 30.6475791931152 30.5639457702637 30.4009132385254 30.232177734375 30.1172218322754 30.1264266967773
29.1248188018799 28.6842346191406 26.9807376861572 26.384708404541 25.9537754058838 27.024528503418 26.4944915771484 26.7412757873535 26.1986751556396 27.0796699523926 29.1685123443604 29.5567283630371 28.1719150543213 28.5538730621338 28.2508106231689 28.7922687530518 29.7850494384766 30.1709251403809 28.946756362915 30.1351051330566 30.8951244354248 30.9689407348633 30.425760269165 29.6801147460938 30.2468280792236 30.2523899078369 30.8081188201904 30.9946727752686 30.7293491363525 30.9314365386963 31.1061458587646 31.151538848877 31.1555938720703 31.1072254180908 31.0202541351318 30.8697357177734 30.7119827270508 30.6023826599121 30.6796607971191 30.7831878662109 30.7037906646729 30.657341003418 30.4250087738037 30.3261165618896 30.214017868042 30.3606815338135
28.5508613586426 28.3939647674561 27.828405380249 27.0991630554199 25.7381801605225 26.4352951049805 27.043399810791 27.2440967559814 27.031364440918 26.6309661865234 27.9055843353271 27.9016513824463 28.744649887085 27.2278995513916 28.0205516815186 29.4252529144287 29.4166164398193 29.7794704437256 28.5468921661377 30.4608993530273 31.1850681304932 31.0920562744141 30.2430114746094 29.0192375183105 30.1681652069092 30.3454036712646 30.4534187316895 30.8919105529785 31.0839424133301 31.1500091552734 31.1827354431152 31.2109413146973 31.1968879699707 31.1259269714355 31.0432739257812 30.9142913818359 30.5353622436523 30.2240009307861 30.3646011352539 30.6358108520508 30.6325511932373 30.6999015808105 30.4756641387939 30.4649620056152 30.2433128356934 30.2871570587158
26.7826671600342 27.984842300415 28.2966842651367 28.0692710876465 27.1303405761719 26.5574779510498 26.5733528137207 26.297435760498 27.146858215332 26.6568279266357 26.6813640594482 26.256986618042 28.0735912322998 28.8829650878906 28.142936706543 29.1379489898682 29.8698310852051 30.420015335083 30.1517105102539 31.0975170135498 31.120433807373 30.9940299987793 30.3786144256592 29.6240234375 30.3630409240723 30.647834777832 30.3819274902344 30.4824600219727 30.5932884216309 31.0614738464355 30.9303283691406 31.2367134094238 31.1345062255859 31.1127777099609 31.0456218719482 30.74733543396 30.6766777038574 30.1540603637695 29.9044876098633 30.3566722869873 30.5054931640625 30.6119136810303 30.466381072998 30.5353031158447 30.6037044525146 30.4815483093262
25.4071006774902 26.3381690979004 27.5669097900391 27.4853439331055 26.6967468261719 25.9979610443115 25.6330165863037 25.110710144043 26.2519931793213 26.859619140625 26.3872356414795 26.628454208374 27.9696731567383 29.772008895874 29.3196144104004 29.4151973724365 29.5750942230225 30.8573188781738 30.960090637207 30.9625911712646 30.9748916625977 30.698091506958 29.5716381072998 29.6370220184326 29.7481327056885 30.358377456665 30.1206874847412 29.5629348754883 30.1569061279297 31.1301612854004 31.0962142944336 31.2139663696289 31.1906356811523 31.1781063079834 31.0667362213135 30.9430236816406 30.9710388183594 30.4305019378662 29.9672794342041 30.2907276153564 30.0197010040283 30.1573543548584 29.9079761505127 30.5275783538818 30.5837478637695 30.584436416626
25.298152923584 25.1434783935547 25.8220558166504 26.4237480163574 27.063892364502 24.9494323730469 24.6917514801025 25.5010814666748 26.0005016326904 26.7294769287109 26.7771816253662 27.1949272155762 28.8644485473633 29.7191486358643 30.1914176940918 30.3665733337402 30.5096530914307 30.9853324890137 30.6693572998047 30.5304718017578 30.5802440643311 30.184383392334 30.370735168457 30.6316795349121 30.6535720825195 30.115909576416 29.7398910522461 30.5882987976074 30.8361434936523 30.8095302581787 30.317741394043 30.9393310546875 31.0977458953857 31.1870994567871 31.1881294250488 31.1212024688721 30.8332118988037 30.5441284179688 30.6312141418457 30.4225845336914 30.3252582550049 29.8289928436279 30.2894039154053 30.4952869415283 30.4321517944336 30.3563613891602
25.4785823822021 24.9837379455566 25.2744102478027 25.5067977905273 26.0250282287598 24.4126434326172 24.1369438171387 24.5500831604004 25.8052635192871 26.5433082580566 26.0739707946777 26.652027130127 27.5437259674072 28.6676750183105 30.0051441192627 29.724967956543 30.7436065673828 30.9833564758301 30.3583965301514 29.6941890716553 30.3052825927734 30.4987487792969 30.8060989379883 31.0285625457764 31.1411228179932 30.7795715332031 30.7897968292236 31.1252288818359 31.1949710845947 30.5624618530273 30.1755218505859 30.685432434082 30.7994995117188 31.1880779266357 31.2415008544922 31.2045497894287 31.0798015594482 30.9000949859619 30.548526763916 29.8496494293213 29.6504592895508 29.545166015625 29.5924987792969 30.2293910980225 30.2883243560791 30.6722660064697
26.3105430603027 25.8944892883301 26.6134834289551 26.4630794525146 26.0860824584961 24.7453174591064 25.4933967590332 25.2417373657227 25.5453224182129 26.1334686279297 25.891695022583 26.1799468994141 26.332010269165 28.4554500579834 29.6220092773438 28.9898281097412 30.3761501312256 30.6573257446289 30.3900833129883 29.3755683898926 29.6427268981934 30.657527923584 31.0343608856201 31.1616096496582 31.1940116882324 31.1240005493164 31.1499462127686 31.2645568847656 30.930627822876 30.296085357666 30.1914920806885 30.8092784881592 31.2010917663574 31.2464637756348 31.2502536773682 31.2439613342285 31.2174663543701 31.1078147888184 30.8960456848145 29.8695449829102 29.3462295532227 28.6153564453125 29.5239658355713 29.5263385772705 30.3656711578369 30.726131439209
27.8414840698242 27.6952419281006 27.1414928436279 27.0817794799805 26.5826530456543 26.1209106445312 25.8325958251953 24.8694610595703 25.4893226623535 25.0183448791504 24.574068069458 25.8629913330078 26.2119216918945 28.0349254608154 28.9725570678711 28.3030452728271 28.9902763366699 29.7284202575684 30.2555027008057 30.1562118530273 29.7630615234375 30.6626644134521 31.1012382507324 30.9361820220947 30.9256572723389 30.6603717803955 31.0466785430908 31.2773494720459 30.4546890258789 29.6901378631592 30.3121604919434 30.8407402038574 31.1693706512451 31.2530269622803 31.2748508453369 31.2435131072998 31.237829208374 31.168249130249 31.0122528076172 30.6741905212402 30.0740222930908 29.6312675476074 29.2482070922852 29.0833263397217 29.9007263183594 30.3749008178711
26.8032131195068 26.8052921295166 26.8327655792236 26.490140914917 26.0282821655273 26.2518539428711 25.3877754211426 24.8854217529297 24.3803215026855 24.4777069091797 23.9319877624512 24.8312282562256 24.8429622650146 27.0065803527832 28.0121593475342 26.923849105835 27.4717769622803 28.9735736846924 30.2097549438477 30.7276554107666 30.309383392334 30.8739261627197 31.0734920501709 30.7252464294434 30.7208003997803 30.8541812896729 31.2821025848389 31.2714786529541 30.7913379669189 30.1988964080811 30.5547962188721 30.81471824646 31.2117176055908 31.2440948486328 31.2125759124756 31.203182220459 31.2134094238281 31.1576633453369 31.1033821105957 30.9366359710693 30.7276306152344 30.2418556213379 29.9029064178467 29.8770275115967 30.0939426422119 30.4931716918945
26.1020050048828 26.3553485870361 26.2460823059082 26.2020359039307 25.33274269104 26.1114749908447 25.1788368225098 23.9527130126953 23.3675155639648 23.7545623779297 23.4592514038086 24.1290378570557 24.9063148498535 26.7274284362793 27.0509357452393 26.7242298126221 28.7741413116455 29.6848850250244 30.3883686065674 30.838529586792 31.1093044281006 31.1698093414307 31.131477355957 31.0634956359863 30.877799987793 31.1614379882812 31.2868633270264 31.1948261260986 30.8652000427246 30.2911167144775 30.3889636993408 30.9260311126709 31.1299591064453 30.7195835113525 31.0664386749268 31.1861572265625 31.1779327392578 31.1557846069336 31.128475189209 31.0421524047852 30.7921352386475 30.1115112304688 30.4331340789795 30.4832038879395 30.4111194610596 30.366626739502
25.4467887878418 25.7409973144531 25.5862255096436 25.8492412567139 25.9338512420654 25.945484161377 25.5785865783691 24.4870185852051 24.5784034729004 24.6766548156738 23.6973190307617 23.5218048095703 24.4561653137207 26.6473331451416 27.1758193969727 27.7077655792236 27.7896518707275 28.6135177612305 30.3520965576172 30.90358543396 31.0990982055664 31.066198348999 30.9437351226807 30.9130744934082 31.0665187835693 31.1570320129395 31.146125793457 30.8039836883545 29.9572944641113 30.1315765380859 30.4474315643311 31.1796607971191 30.9465160369873 30.4415664672852 31.0761203765869 31.030216217041 31.0666923522949 31.1289844512939 31.054235458374 30.8092403411865 30.2888526916504 29.1256046295166 28.8973407745361 29.8822784423828 30.2283954620361 30.5202808380127
26.110050201416 25.6391754150391 25.4813690185547 25.6436538696289 25.7763538360596 25.6989860534668 25.250904083252 24.8776512145996 25.4436225891113 24.7639503479004 24.6322364807129 24.6234092712402 25.4096851348877 26.5384693145752 26.7151050567627 27.4607238769531 28.4319648742676 29.5321006774902 30.4043731689453 30.7975673675537 31.1221504211426 31.1113891601562 30.6751289367676 30.4292812347412 30.6517486572266 30.5428829193115 30.6512432098389 30.8186550140381 30.7334594726562 30.7327098846436 31.0303001403809 31.2816333770752 30.7295436859131 30.6642990112305 31.19655418396 30.7558727264404 30.8925228118896 30.8679275512695 30.9485092163086 30.6895542144775 29.3919334411621 28.7149925231934 28.1706104278564 29.8513774871826 30.3798904418945 30.2362384796143
26.5288333892822 25.3479118347168 25.3004245758057 25.4099922180176 25.5450859069824 25.4181461334229 25.4333190917969 25.9712142944336 25.6195297241211 24.8716773986816 25.980224609375 26.4215221405029 26.605712890625 26.0187797546387 26.0629997253418 27.1166458129883 28.3781452178955 29.6616764068604 29.7689552307129 30.5287475585938 30.9692668914795 31 30.5830078125 30.3786239624023 29.664400100708 30.2046375274658 30.6936264038086 30.8479690551758 31.0762805938721 31.0994472503662 31.2758312225342 31.2322158813477 31.2149677276611 31.2538948059082 31.2265453338623 31.0227203369141 30.1799831390381 30.7415161132812 30.9268589019775 30.8948745727539 30.8704128265381 29.7276210784912 29.5931053161621 30.8060283660889 31.0678653717041 31.0603065490723
26.5856857299805 25.6093711853027 25.272144317627 25.1992225646973 25.4055519104004 25.2309722900391 25.8879013061523 27.4727096557617 26.6305809020996 25.9636535644531 27.7552089691162 28.3947944641113 28.0470771789551 26.1509094238281 26.5710029602051 26.7054290771484 28.6095638275146 28.6940288543701 28.5925979614258 29.4803733825684 30.5669345855713 30.7908058166504 30.5105514526367 30.5207176208496 30.4182243347168 30.1294403076172 30.2151756286621 30.3663158416748 31.0108184814453 30.993803024292 31.0856094360352 30.9225196838379 31.1196384429932 31.2679004669189 31.0212173461914 31.0186824798584 30.4229640960693 30.5527496337891 30.8143119812012 30.679801940918 31.0707969665527 31.0861148834229 31.0105323791504 31.061429977417 31.1729297637939 31.0758266448975
26.3118209838867 25.6680927276611 25.4595508575439 25.6374092102051 25.5716190338135 25.6719932556152 26.0828552246094 28.1270484924316 28.2973327636719 27.0215034484863 28.8849945068359 29.7936954498291 29.1290607452393 27.9787998199463 27.9294662475586 28.5424251556396 29.2110786437988 29.6713733673096 29.9909648895264 30.2956371307373 30.5190982818604 30.2884216308594 29.0552387237549 29.3404884338379 29.8533096313477 29.5238265991211 29.7413368225098 30.5451717376709 30.9055690765381 31.1054019927979 30.1406211853027 30.133617401123 30.8982067108154 31.1847438812256 30.7635250091553 30.8034019470215 30.088415145874 30.5786075592041 30.7772750854492 30.6584587097168 31.0936183929443 31.1829280853271 31.2177429199219 31.2275199890137 31.1886730194092 30.9180965423584
26.3440399169922 25.9478378295898 25.9035186767578 26.0508995056152 26.2371044158936 26.3786277770996 27.1593475341797 28.7963981628418 28.6807327270508 28.2268218994141 29.5345115661621 30.5878620147705 29.8319854736328 28.7673225402832 28.2698764801025 29.9294662475586 30.2875843048096 30.5013542175293 30.7083702087402 30.7493801116943 30.3825016021729 30.151330947876 30.2680187225342 29.7708110809326 30.0992794036865 30.5540523529053 30.7685050964355 30.8556957244873 31.0621738433838 31.0115699768066 29.5381984710693 30.2205677032471 31.0096244812012 30.953556060791 30.5750274658203 30.5510082244873 30.4186267852783 30.8993587493896 30.9388790130615 30.9597282409668 30.9475440979004 31.1088371276855 31.1650562286377 31.1865406036377 31.1309833526611 31.1031742095947
26.2929191589355 26.0021095275879 26.5338497161865 27.268726348877 27.3744506835938 27.8296165466309 28.8510704040527 29.418155670166 28.8483581542969 29.1985740661621 30.5158500671387 30.9932136535645 30.4953727722168 29.547779083252 28.8453559875488 29.8684921264648 29.8859958648682 30.1844787597656 30.8922748565674 31.0956954956055 30.8345355987549 30.5316886901855 30.8626804351807 30.6993637084961 30.5944347381592 31.0462036132812 30.9672756195068 30.9066390991211 31.1578712463379 30.9636859893799 30.4121856689453 30.8597145080566 31.0359344482422 30.7706165313721 29.9207305908203 29.8970146179199 30.2131271362305 30.8941020965576 30.63991355896 30.6332664489746 30.6663284301758 30.9446258544922 30.939416885376 31.0073623657227 30.8855113983154 31.0225315093994
26.3456592559814 26.5272655487061 27.6323719024658 28.343282699585 29.0013275146484 29.8933868408203 30.4801788330078 29.8192100524902 28.0267143249512 28.6115379333496 30.0166130065918 31.0277786254883 30.632007598877 30.3339862823486 29.5002746582031 30.4524536132812 30.6123847961426 30.0514736175537 30.7985382080078 31.1371269226074 31.1055908203125 30.7127113342285 31.0403881072998 31.1514663696289 31.0242881774902 31.1224555969238 30.9653701782227 30.2764110565186 31.0346813201904 31.1799850463867 31.1198577880859 31.0298862457275 30.7523975372314 30.4531135559082 29.6851921081543 29.7511291503906 30.4662303924561 30.4195117950439 30.2997932434082 30.1389064788818 30.2868061065674 30.57985496521 30.4119415283203 30.7532348632812 30.3396739959717 30.7113094329834
