inst/extdata/Tmax/Tmax128.asc
NCOLS 100 
NROWS 79 
XLLCORNER 148.06 
YLLCORNER -21.49 
CELLSIZE 0.01 
NODATA_value -3.4e+38 
[rows 20 to 39 of 79, columns 46 to 91 of 100]
37.0674438476562 35.1419296264648 35.3908042907715 36.9610404968262 36.6888046264648 36.0640640258789 35.7646522521973 34.4544219970703 36.5261001586914 38.1504173278809 39.2832221984863 38.8032493591309 38.7807464599609 39.4332122802734 39.0746994018555 38.7859954833984 39.0791053771973 39.6609001159668 39.8164901733398 39.8157691955566 39.7392692565918 39.616569519043 39.9002647399902 39.9750900268555 39.914192199707 39.8119964599609 39.6951065063477 39.7140121459961 39.6652221679688 39.3276977539062 39.3690185546875 39.6199188232422 39.5110931396484 39.2379531860352 39.2184181213379 39.1501235961914 39.0420875549316 39.0137596130371 38.9826240539551 38.9482231140137 38.8504371643066 38.616096496582 37.9693946838379 37.7657775878906 37.9305534362793 37.8988151550293
37.3844261169434 35.1118392944336 33.8808784484863 35.7527809143066 35.614933013916 35.0055656433105 35.9907875061035 33.8713874816895 35.2965126037598 37.617359161377 38.9966163635254 37.5765914916992 36.8728866577148 38.8454399108887 37.5828475952148 37.191535949707 38.1333312988281 39.5116882324219 39.5180358886719 39.9414100646973 40.0272560119629 40.0187759399414 39.8051414489746 39.4542579650879 39.4394187927246 39.4916648864746 39.6455116271973 39.6059455871582 39.505558013916 39.4153442382812 39.6906280517578 39.728889465332 39.6652984619141 39.2947807312012 39.353645324707 39.2791709899902 39.1317672729492 39.1259689331055 39.1202430725098 39.1139221191406 38.9359016418457 38.7740173339844 38.5321998596191 38.2981719970703 38.1454162597656 38.1185646057129
38.0481643676758 37.5298500061035 35.4353561401367 34.7188491821289 34.205493927002 35.4897766113281 34.8330841064453 35.1284217834473 34.4515419006348 35.5244560241699 38.0066223144531 38.4477157592773 36.7980880737305 37.240837097168 36.8678550720215 37.4814834594727 38.6232604980469 39.0492706298828 37.6210861206055 38.9757499694824 39.7941436767578 39.8624458312988 39.2354698181152 38.3723106384277 38.9931640625 38.9634017944336 39.558967590332 39.7416801452637 39.4294853210449 39.6306419372559 39.7826843261719 39.819450378418 39.810489654541 39.7269668579102 39.6015930175781 39.3940467834473 39.1978874206543 39.0572319030762 39.1237831115723 39.2022323608398 39.0480880737305 38.9473190307617 38.6532669067383 38.5133094787598 38.3721046447754 38.4954261779785
37.350227355957 37.1817321777344 36.5026435852051 35.6177024841309 33.9950790405273 34.7941818237305 35.5401000976562 35.7765121459961 35.5065650939941 35.0062980651855 36.534236907959 36.5183067321777 37.5141677856445 35.6822090148926 36.6267700195312 38.2587203979492 38.2343940734863 38.6397819519043 37.1883125305176 39.3863677978516 40.1611862182617 40.0421028137207 39.0715599060059 37.6526489257812 38.9489784240723 39.1141700744629 39.2158164978027 39.6826858520508 39.874340057373 39.9288024902344 39.9283561706543 39.9491767883301 39.9133110046387 39.8085632324219 39.6921348571777 39.5123672485352 39.0788879394531 38.720947265625 38.8576736450195 39.1111831665039 39.0517425537109 39.0840454101562 38.8113632202148 38.7747955322266 38.5213279724121 38.5382385253906
35.1867752075195 36.664134979248 37.0778160095215 36.8193702697754 35.6713829040527 34.9568252563477 34.9729232788086 34.6234664916992 35.6601524353027 35.049732208252 35.0562515258789 34.5260543823242 36.7276039123535 37.6804656982422 36.7877464294434 37.9398651123047 38.7776222229004 39.3931121826172 39.0719261169434 40.1247177124023 40.1119117736816 39.9564743041992 39.2470741271973 38.3708381652832 39.1938400268555 39.4800186157227 39.1649436950684 39.2606430053711 39.367847442627 39.8701438903809 39.6918449401855 40.0187187194824 39.8822593688965 39.834644317627 39.738224029541 39.3766899108887 39.2810363769531 38.6911811828613 38.3878936767578 38.854549407959 38.9692764282227 39.054573059082 38.8722229003906 38.9275207519531 38.9874992370605 38.8274307250977
33.6252708435059 34.6792831420898 36.1590156555176 36.0814819335938 35.1219482421875 34.2705726623535 33.8479614257812 33.2286415100098 34.5701522827148 35.3105545043945 34.7059631347656 34.9940490722656 36.6163902282715 38.7391242980957 38.1976776123047 38.2814903259277 38.4544525146484 39.9095993041992 40.0095558166504 39.9949150085449 39.971565246582 39.6473960876465 38.3473510742188 38.4071464538574 38.5193252563477 39.1822395324707 38.8979644775391 38.2481956481934 38.9096260070801 39.9814262390137 39.9114151000977 40.0265617370605 39.9791297912598 39.9438781738281 39.8019676208496 39.6333656311035 39.6481590270996 39.0348129272461 38.4930305480957 38.8248138427734 38.4844703674316 38.6139907836914 38.3201179504395 38.9832305908203 39.0329551696777 38.9519500732422
33.5032081604004 33.3294715881348 34.0934791564941 34.7765045166016 35.5701446533203 33.0906295776367 32.7960357666016 33.6902770996094 34.2691993713379 35.1621437072754 35.1971702575684 35.6996154785156 37.701358795166 38.6944694519043 39.2282791137695 39.4006309509277 39.550163269043 40.0748901367188 39.7010879516602 39.5271644592285 39.5478935241699 39.086238861084 39.2826766967773 39.5622100830078 39.5710258483887 38.9324913024902 38.4891471862793 39.4374923706055 39.7012557983398 39.6587219238281 39.0747909545898 39.7547225952148 39.9104499816895 39.9898147583008 39.9732780456543 39.8686065673828 39.5376853942871 39.1931648254395 39.2643203735352 39.0098609924316 38.8653945922852 38.2956771850586 38.7900352478027 38.9984550476074 38.8764266967773 38.7145614624023
33.7010040283203 33.1454429626465 33.4710578918457 33.732063293457 34.3172760009766 32.4877319335938 32.1771392822266 32.623649597168 34.0309448242188 34.9380149841309 34.3347434997559 35.0401229858398 36.1216011047363 37.4646530151367 39.0254211425781 38.6718673706055 39.8306274414062 40.0870819091797 39.3604927062988 38.580379486084 39.2499771118164 39.4600067138672 39.7927093505859 40.0274810791016 40.1380043029785 39.7028770446777 39.6999435424805 40.0615539550781 40.1260147094727 39.406608581543 38.9340209960938 39.4959411621094 39.6058082580566 40.0204086303711 40.0634231567383 39.9929656982422 39.8363838195801 39.614818572998 39.2031326293945 38.4023056030273 38.1454963684082 38.0110054016113 38.0446510314941 38.7121124267578 38.727668762207 39.0670433044434
34.6653785705566 34.1932220458984 35.0105857849121 34.838680267334 34.409366607666 32.8806800842285 33.7227897644043 33.4389495849609 33.7686042785645 34.463981628418 34.1414070129395 34.4909477233887 34.6707382202148 37.2478675842285 38.6185722351074 37.8464546203613 39.4510231018066 39.7582893371582 39.4378395080566 38.2489585876465 38.5273628234863 39.6840057373047 40.0952835083008 40.2233467102051 40.2450637817383 40.1372184753418 40.1526298522949 40.2676315307617 39.882022857666 39.1527519226074 38.9983291625977 39.6839599609375 40.1044998168945 40.1394882202148 40.128978729248 40.0925521850586 40.0413970947266 39.8988075256348 39.6440811157227 38.4785423278809 37.8544235229492 36.996768951416 38.0010185241699 37.9662895202637 38.8515701293945 39.1698608398438
36.4310073852539 36.2733306884766 35.6145362854004 35.5564460754395 34.9743499755859 34.4284629821777 34.1056861877441 33.0223426818848 33.7164039611816 33.1640892028809 32.6218681335449 34.108024597168 34.5327835083008 36.7553253173828 37.8676795959473 37.0413055419922 37.8492965698242 38.704158782959 39.3014945983887 39.1733512878418 38.685188293457 39.7108116149902 40.1933441162109 39.9931678771973 39.9676513671875 39.639331817627 40.0628356933594 40.309440612793 39.3704566955566 38.4804763793945 39.1586647033691 39.7455787658691 40.0984764099121 40.1773490905762 40.1881790161133 40.1202354431152 40.093822479248 39.9970321655273 39.8055610656738 39.4127616882324 38.7004508972168 38.1694641113281 37.7035751342773 37.4831237792969 38.3607711791992 38.8160018920898
35.2260284423828 35.2285652160645 35.2599868774414 34.86865234375 34.3433380126953 34.5768814086914 33.6038703918457 33.0400543212891 32.4768943786621 32.5694999694824 31.9136810302734 32.9053344726562 32.8935470581055 35.5142059326172 36.7296562194824 35.37939453125 36.0386199951172 37.832103729248 39.2666625976562 39.8477325439453 39.3351097106934 39.9718704223633 40.1844711303711 39.7761459350586 39.7583923339844 39.8821830749512 40.3526077270508 40.329029083252 39.7746620178223 39.0856132507324 39.4572257995605 39.7418174743652 40.1735458374023 40.1963348388672 40.1468353271484 40.1023864746094 40.0952835083008 40.0154647827148 39.9381065368652 39.7262077331543 39.44677734375 38.8718910217285 38.4587669372559 38.395393371582 38.5995903015137 38.977855682373
34.4267501831055 34.7145652770996 34.5903587341309 34.5401458740234 33.5577774047852 34.4168853759766 33.3688278198242 32.0037727355957 31.3489074707031 31.7667331695557 31.3957347869873 32.1303939819336 32.9825744628906 35.1816902160645 35.5703277587891 35.1451835632324 37.6211128234863 38.6858520507812 39.4905128479004 39.9938011169434 40.2687110900879 40.3284873962402 40.2717247009277 40.181827545166 39.9587745666504 40.2529411315918 40.3827247619629 40.2676124572754 39.8801765441895 39.2121162414551 39.2907371520996 39.8917350769043 40.1083374023438 39.6333045959473 40.0078582763672 40.1094779968262 40.0829772949219 40.0418434143066 39.9850616455078 39.8591957092285 39.5353355407715 38.7428665161133 39.071647644043 39.0935287475586 38.9778938293457 38.871826171875
33.6804122924805 34.012020111084 33.8373908996582 34.1341209411621 34.2295455932617 34.2225875854492 33.8123588562012 32.5898971557617 32.6908683776855 32.799430847168 31.6760349273682 31.4559326171875 32.4875755310059 35.0875549316406 35.7288780212402 36.3542404174805 36.4436264038086 37.4263229370117 39.4610366821289 40.0821228027344 40.2721824645996 40.2265853881836 40.0745735168457 40.0273361206055 40.1897315979004 40.2657737731934 40.2423286437988 39.8409881591797 38.8554725646973 39.0438346862793 39.3739128112793 40.1969757080078 39.9214210510254 39.3341178894043 40.0374069213867 39.9543685913086 39.9794502258301 40.0234909057617 39.9131393432617 39.6115036010742 38.9844398498535 37.6350860595703 37.3486213684082 38.442008972168 38.7990188598633 39.0707473754883
34.4509468078613 33.9187927246094 33.7410163879395 33.9236869812012 34.0731925964355 33.9656639099121 33.4656066894531 33.0470657348633 33.6808280944824 32.9185943603516 32.7556266784668 32.7401237487793 33.6023864746094 34.9856224060059 35.1952438354492 36.0871849060059 37.2552070617676 38.5546607971191 39.5614013671875 40.0019226074219 40.3407096862793 40.3205299377441 39.8095893859863 39.5151214599609 39.759708404541 39.6088066101074 39.7220306396484 39.8998641967773 39.7892799377441 39.7753677368164 40.081470489502 40.358081817627 39.7202072143555 39.6306800842285 40.218090057373 39.6882858276367 39.8196792602539 39.7678375244141 39.8334999084473 39.517032623291 38.0027847290039 37.199592590332 36.5458602905273 38.4529266357422 39.0183525085449 38.8110694885254
34.9249801635742 33.5897636413574 33.5363998413086 33.6593742370605 33.811164855957 33.6481437683105 33.6694602966309 34.2758598327637 33.877815246582 33.0377349853516 34.269702911377 34.8446502685547 35.087474822998 34.349967956543 34.3970069885254 35.6765098571777 37.203254699707 38.7224998474121 38.8369979858398 39.7104187011719 40.1851768493652 40.2130470275879 39.7225456237793 39.4753036499023 38.6329689025879 39.2375221252441 39.7892265319824 39.9529647827148 40.2001953125 40.2138328552246 40.3817329406738 40.3250045776367 40.2915840148926 40.3202323913574 40.2720184326172 40.0043830871582 39.023551940918 39.6408920288086 39.8264656066895 39.7660865783691 39.6981735229492 38.3820686340332 38.2060508728027 39.5483589172363 39.8125953674316 39.7578887939453
34.9878044128418 33.8824272155762 33.503246307373 33.4213066101074 33.652759552002 33.4365653991699 34.1807022094727 36.0761756896973 35.0426864624023 34.2640380859375 36.4887008666992 37.3038749694824 36.8706588745117 34.523551940918 35.0369491577148 35.1799545288086 37.4949111938477 37.5858001708984 37.4534034729004 38.5009346008301 39.7402305603027 39.991771697998 39.6569862365723 39.6577491760254 39.5285949707031 39.1674156188965 39.2547187805176 39.4174652099609 40.1456680297852 40.1140556335449 40.1871223449707 39.9938430786133 40.2036781311035 40.3542137145996 40.0538024902344 40.014533996582 39.3159484863281 39.4428634643555 39.7171630859375 39.5424728393555 39.9436264038086 39.9362945556641 39.8276176452637 39.8601379394531 39.9597091674805 39.8079566955566
34.6745948791504 33.9468765258789 33.7121315002441 33.9122543334961 33.8379669189453 33.9309730529785 34.3994560241699 36.8853988647461 37.1237030029297 35.5437889099121 37.8945770263672 38.9931564331055 38.1903190612793 36.788745880127 36.7184829711914 37.4372749328613 38.2286911010742 38.7637977600098 39.1287002563477 39.4734687805176 39.7021141052246 39.4276084899902 37.9643516540527 38.2931213378906 38.8875007629395 38.4735565185547 38.717845916748 39.6417579650879 40.044506072998 40.2613868713379 39.1190719604492 39.1031036376953 39.967212677002 40.2742156982422 39.7745590209961 39.7851638793945 38.9468040466309 39.4882583618164 39.6928443908691 39.5367889404297 39.9904518127441 40.0680046081543 40.0840606689453 40.0724334716797 40.0065956115723 39.6640167236328
34.703498840332 34.255184173584 34.2051811218262 34.371768951416 34.5825576782227 34.722972869873 35.6295166015625 37.7046813964844 37.5855178833008 37.0416374206543 38.6809577941895 39.9351463317871 39.0350685119629 37.7516403198242 37.1388816833496 39.100341796875 39.5092620849609 39.7470779418945 39.975902557373 40.0118751525879 39.5545883178711 39.2786865234375 39.4043312072754 38.811206817627 39.1857643127441 39.6881484985352 39.923999786377 40.012523651123 40.2378921508789 40.1683006286621 38.4251708984375 39.212215423584 40.1030044555664 40.0201301574707 39.5680809020996 39.5066986083984 39.3359107971191 39.8646926879883 39.8891372680664 39.891960144043 39.8424644470215 40.003173828125 40.0455436706543 40.0485687255859 39.9659309387207 39.8955116271973
34.6658630371094 34.3369827270508 34.9396705627441 35.7772178649902 35.8979873657227 36.4505195617676 37.757568359375 38.4862823486328 37.804874420166 38.265869140625 39.8759155273438 40.4443817138672 39.8523979187012 38.7223892211914 37.8699722290039 39.0652694702148 39.0746078491211 39.4146919250488 40.2280044555664 40.4514236450195 40.1185531616211 39.761058807373 40.1341934204102 39.9346504211426 39.8006553649902 40.2957000732422 40.1927375793457 40.1111793518066 40.3885040283203 40.1542015075684 39.4805450439453 39.9850730895996 40.1691017150879 39.8469390869141 38.8477554321289 38.7883148193359 39.1366424560547 39.897876739502 39.5891876220703 39.562686920166 39.5662307739258 39.8624687194824 39.837085723877 39.8945922851562 39.7389717102051 39.8555641174316
34.7230072021484 34.9292488098145 36.1891555786133 37.0511932373047 37.8955421447754 38.9998893737793 39.7381935119629 38.965934753418 36.7627334594727 37.5212440490723 39.2674751281738 40.4863395690918 40.0270156860352 39.6660537719727 38.6679420471191 39.7667274475098 39.9419593811035 39.2730331420898 40.1357040405273 40.5164031982422 40.4488830566406 39.9879112243652 40.3568572998047 40.473461151123 40.3145179748535 40.4007339477539 40.207820892334 39.3966445922852 40.2648620605469 40.415699005127 40.3096351623535 40.1938018798828 39.8573684692383 39.4949951171875 38.5859489440918 38.6319274902344 39.4430961608887 39.3717803955078 39.2167053222656 39.0144271850586 39.152042388916 39.4692916870117 39.2605209350586 39.6311950683594 39.1451034545898 39.5309181213379
