inst/extdata/Tmax/Tmax66.asc
NCOLS 100 
NROWS 79 
XLLCORNER 148.06 
YLLCORNER -21.49 
CELLSIZE 0.01 
NODATA_value -3.4e+38 
[rows 20 to 39 of 79, columns 46 to 91 of 100]
34.8704261779785 33.4480934143066 33.6065559387207 34.7182807922363 34.4976806640625 34.0374450683594 33.786247253418 32.8114776611328 34.2854652404785 35.4225006103516 36.223690032959 35.8486022949219 35.8088684082031 36.2680816650391 35.9796333312988 35.7482452392578 35.9437446594238 36.364429473877 36.4671211242676 36.449592590332 36.3883972167969 36.2647933959961 36.4743919372559 36.5205459594727 36.4592666625977 36.3708419799805 36.2660446166992 36.2724838256836 36.2238998413086 35.9385719299316 35.977710723877 36.1626853942871 36.059154510498 35.8172302246094 35.797534942627 35.7479515075684 35.6593437194824 35.6341667175293 35.6025505065918 35.5615463256836 35.4778633117676 35.3143844604492 34.8081207275391 34.6722221374512 34.8283348083496 34.8150367736816
35.1181793212891 33.4452896118164 32.4624786376953 33.8651924133301 33.7413558959961 33.2892150878906 33.9680938720703 32.4030418395996 33.4188461303711 35.0595283508301 36.0317115783691 34.9838752746582 34.456958770752 35.8507041931152 34.9156188964844 34.614917755127 35.2671394348145 36.2643241882324 36.2496109008789 36.5594863891602 36.6258201599121 36.5917167663574 36.4056015014648 36.1144104003906 36.0877075195312 36.1189079284668 36.2285194396973 36.1843338012695 36.0907402038574 36.0051536560059 36.2325782775879 36.2394332885742 36.1712303161621 35.8537445068359 35.8979530334473 35.8371925354004 35.7100372314453 35.697208404541 35.6808395385742 35.6602897644043 35.5276069641113 35.4101104736328 35.2231140136719 35.0351448059082 34.9019050598145 34.8824195861816
35.6200942993164 35.2211570739746 33.6820831298828 33.1354751586914 32.7272644042969 33.6644973754883 33.1525077819824 33.3438186645508 32.8281211853027 33.5828857421875 35.3393249511719 35.631908416748 34.4262313842773 34.7177925109863 34.4273338317871 34.8440551757812 35.6441650390625 35.9358062744141 34.8730010986328 35.8381805419922 36.4567680358887 36.4809684753418 35.9776954650879 35.3112869262695 35.7570152282715 35.7203521728516 36.1673965454102 36.2990074157715 36.0341377258301 36.1802558898926 36.3048934936523 36.3083877563477 36.2837028503418 36.2072639465332 36.0963516235352 35.9218864440918 35.7503547668457 35.6229438781738 35.6621246337891 35.7208137512207 35.6037826538086 35.5246505737305 35.2818069458008 35.1610908508301 35.0327415466309 35.134880065918
35.1233711242676 34.9762802124023 34.4613952636719 33.7960433959961 32.5540962219238 33.1634178161621 33.670825958252 33.8176155090332 33.5986480712891 33.2129173278809 34.291561126709 34.2555732727051 34.9420776367188 33.6083068847656 34.259693145752 35.4059295654297 35.3645820617676 35.6357421875 34.5665397644043 36.146053314209 36.7410659790039 36.6184310913086 35.8512840270996 34.787036895752 35.7199249267578 35.8302307128906 35.8900718688965 36.2388648986816 36.3767318725586 36.4047698974609 36.4039154052734 36.3923835754395 36.348991394043 36.2527542114258 36.1464920043945 35.9922294616699 35.6272048950195 35.326789855957 35.4182243347168 35.6183052062988 35.5715942382812 35.5957489013672 35.3638496398926 35.3230857849121 35.1000785827637 35.1114082336426
33.5427284240723 34.622745513916 34.8957176208496 34.6842765808105 33.8302421569824 33.3012084960938 33.2782669067383 33.0003433227539 33.7285194396973 33.2633056640625 33.2474708557129 32.8397598266602 34.3991432189941 35.0545997619629 34.3928146362305 35.1940841674805 35.7763023376465 36.2089233398438 35.9469337463379 36.7272415161133 36.7138786315918 36.5621566772461 35.9967002868652 35.3236083984375 35.9163970947266 36.1208610534668 35.8590354919434 35.9132194519043 35.9772300720215 36.3563804626465 36.2103652954102 36.4452095031738 36.3212585449219 36.2695960998535 36.1777191162109 35.8747024536133 35.7818069458008 35.2988319396973 35.05126953125 35.4033584594727 35.4903182983398 35.5500640869141 35.3900146484375 35.420352935791 35.4523582458496 35.317741394043
32.3037109375 33.1451263427734 34.2521553039551 34.1713256835938 33.4502220153809 32.8085174560547 32.4515380859375 31.9440956115723 32.9574394226074 33.4711456298828 33.0126991271973 33.1978759765625 34.338508605957 35.8349189758301 35.4189033508301 35.457592010498 35.5582008361816 36.6154556274414 36.671012878418 36.6393089294434 36.6163673400879 36.3347854614258 35.3432350158691 35.3644599914551 35.4245948791504 35.9018402099609 35.6663131713867 35.1627082824707 35.6329574584961 36.4471282958984 36.3869476318359 36.4525337219238 36.3994369506836 36.3562202453613 36.2253074645996 36.0768928527832 36.071475982666 35.5660209655762 35.1335792541504 35.3756637573242 35.1013526916504 35.1863327026367 34.9418601989746 35.4460029602051 35.4670906066895 35.4245147705078
32.2168655395508 32.0692138671875 32.6813087463379 33.2220191955566 33.7958793640137 31.8659763336182 31.6082324981689 32.3298263549805 32.7572631835938 33.3830871582031 33.3876113891602 33.7255630493164 35.1319808959961 35.8207702636719 36.1861534118652 36.2930374145508 36.3810539245605 36.7571983337402 36.4495887756348 36.2959976196289 36.3046646118164 35.9246864318848 36.0497436523438 36.2404708862305 36.2263145446777 35.7251472473145 35.3743782043457 36.0649833679199 36.2488059997559 36.1946029663086 35.7383041381836 36.2369194030762 36.3446006774902 36.3923149108887 36.3619804382324 36.2639312744141 35.9784278869629 35.6916427612305 35.7334632873535 35.5183753967285 35.3936920166016 34.9384422302246 35.2999000549316 35.447151184082 35.3498497009277 35.2396430969238
32.3925094604492 31.9341945648193 32.1929092407227 32.3981628417969 32.8634185791016 31.3868465423584 31.1139392852783 31.4752788543701 32.605339050293 33.2429237365723 32.7842559814453 33.2723731994629 34.0256614685059 34.9592514038086 36.0576553344727 35.7783050537109 36.6112785339355 36.7843933105469 36.2118873596191 35.6144027709961 36.0980262756348 36.2217445373535 36.4532127380371 36.6139831542969 36.6800994873047 36.3236351013184 36.3000946044922 36.5622367858887 36.5926856994629 36.008472442627 35.6441040039062 36.0416870117188 36.1084213256836 36.4196357727051 36.4361763000488 36.3648452758789 36.221492767334 36.0287742614746 35.6875610351562 35.0572738647461 34.8498229980469 34.7303161621094 34.7366561889648 35.2331809997559 35.2412757873535 35.5329551696777
33.1638717651367 32.7777671813965 33.4255256652832 33.2816276550293 32.9314651489258 31.7022342681885 32.3701057434082 32.1338310241699 32.3948173522949 32.9016380310059 32.6465835571289 32.8778190612793 32.9848213195801 34.8077011108398 35.7638397216797 35.186824798584 36.3265686035156 36.532772064209 36.2690658569336 35.3756141662598 35.5666465759277 36.3883476257324 36.6820335388184 36.7605895996094 36.7563896179199 36.6545066833496 36.6452102661133 36.7149467468262 36.3890838623047 35.8087730407715 35.6863327026367 36.1776504516602 36.490592956543 36.4994430541992 36.471549987793 36.4273262023926 36.3704376220703 36.2394218444824 36.0187149047852 35.1032295227051 34.6266860961914 33.9897270202637 34.6994438171387 34.6600036621094 35.3274345397949 35.6002426147461
34.5665893554688 34.4269256591797 33.9179954528809 33.8564643859863 33.3958282470703 32.9685134887695 32.6913185119629 31.8063068389893 32.3644027709961 31.9097557067871 31.4653587341309 32.6191062927246 32.9045867919922 34.4760322570801 35.243595123291 34.6320037841797 35.1823616027832 35.771842956543 36.1844329833984 36.0654792785645 35.6981239318848 36.4228477478027 36.7704696655273 36.5928764343262 36.5506210327148 36.2799034118652 36.5836868286133 36.7554359436035 36.0061988830566 35.324520111084 35.8176803588867 36.2331237792969 36.4900741577148 36.5327758789062 36.5209465026855 36.4527740478516 36.4145774841309 36.3194389343262 36.1480255126953 35.8188667297363 35.260913848877 34.8503074645996 34.4929656982422 34.3163070678711 34.9528350830078 35.3142929077148
33.6382675170898 33.6328773498535 33.6505355834961 33.3315620422363 32.903694152832 33.1001205444336 32.2979698181152 31.8326644897461 31.364917755127 31.4349193572998 30.8933868408203 31.7029857635498 31.6874198913574 33.6082763671875 34.452018737793 33.4659385681152 33.9125938415527 35.1635131835938 36.1756973266602 36.5849647521973 36.1917533874512 36.6357116699219 36.776065826416 36.4395561218262 36.4024696350098 36.477481842041 36.8206481933594 36.7791938781738 36.3252220153809 35.782886505127 36.054027557373 36.2385101318359 36.5552558898926 36.5521697998047 36.492015838623 36.4426918029785 36.4186668395996 36.3360939025879 36.2552146911621 36.0719604492188 35.8433876037598 35.3861083984375 35.0600242614746 34.9980964660645 35.1401176452637 35.4414405822754
33.0120048522949 33.2359504699707 33.1291084289551 33.0816993713379 32.2813415527344 32.9846229553223 32.1192779541016 30.9927711486816 30.443229675293 30.7842254638672 30.4752769470215 31.0780086517334 31.7716426849365 33.3890953063965 33.6438789367676 33.317626953125 35.0577430725098 35.7950019836426 36.3583755493164 36.7111892700195 36.9126892089844 36.9241256713867 36.8566970825195 36.7635879516602 36.5682792663574 36.7757911682129 36.85400390625 36.7402381896973 36.4176597595215 35.8899002075195 35.9401016235352 36.3635406494141 36.510326385498 36.1190071105957 36.3886871337891 36.4536285400391 36.4130439758301 36.3604545593262 36.3002548217773 36.1866569519043 35.921443939209 35.2981834411621 35.533390045166 35.537425994873 35.4356803894043 35.3573875427246
32.4242248535156 32.6861801147461 32.5376472473145 32.7707366943359 32.8407096862793 32.8440399169922 32.4945526123047 31.4907341003418 31.5672702789307 31.6499519348145 30.7224826812744 30.5336227416992 31.3804168701172 33.3439712524414 33.7799949645996 34.204273223877 34.2427406311035 34.9154205322266 36.3563919067383 36.7965621948242 36.932502746582 36.8619155883789 36.7211265563965 36.6606903076172 36.761100769043 36.7997817993164 36.7574005126953 36.425178527832 35.6675567626953 35.7814979553223 36.0171661376953 36.612865447998 36.3752403259277 35.9054756164551 36.4221267700195 36.3404159545898 36.3391494750977 36.357795715332 36.2549705505371 36.0025939941406 35.5090560913086 34.5019950866699 34.2770843505859 35.0512351989746 35.3036575317383 35.5149345397949
33.0430908203125 32.6054840087891 32.4540557861328 32.5952301025391 32.7091941833496 32.6312561035156 32.2073249816895 31.8592166900635 32.3687629699707 31.7411041259766 31.6061630249023 31.587158203125 32.2839126586914 33.2744026184082 33.401195526123 34.0179061889648 34.8232345581055 35.7242889404297 36.4314880371094 36.7349586486816 36.9828414916992 36.9314193725586 36.5182952880859 36.2731513977051 36.4305458068848 36.2958221435547 36.3556976318359 36.466251373291 36.3585548400879 36.3241844177246 36.5498161315918 36.7308616638184 36.2142906188965 36.1238021850586 36.5548934936523 36.1269454956055 36.2091484069824 36.1509284973145 36.1846466064453 35.9217796325684 34.7839164733887 34.1908493041992 33.708740234375 35.0517425537109 35.4588737487793 35.2990417480469
33.4381561279297 32.3512878417969 32.3007049560547 32.3937683105469 32.5100440979004 32.3867416381836 32.3858222961426 32.8693809509277 32.5410194396973 31.8508720397949 32.8470726013184 33.2408676147461 33.3922500610352 32.8352241516113 32.8458709716797 33.7448387145996 34.8062324523926 35.8642158508301 35.9204978942871 36.5336074829102 36.879524230957 36.8641242980957 36.4688911437988 36.2596130371094 35.6201477050781 36.0363273620605 36.420841217041 36.5201530456543 36.6852264404297 36.6718368530273 36.7939872741699 36.7145767211914 36.665599822998 36.6659812927246 36.6070823669434 36.3832740783691 35.6215705871582 36.0646286010742 36.1891860961914 36.1242713928223 36.0580787658691 35.0500831604004 34.9017143249512 35.8903427124023 36.0849342346191 36.0418586730957
33.5027732849121 32.6028327941895 32.2869071960449 32.2129516601562 32.3944778442383 32.2275199890137 32.8128890991211 34.2467765808105 33.4741859436035 32.8589057922363 34.4696273803711 35.0262794494629 34.6909408569336 32.981388092041 33.3279991149902 33.4095268249512 35.0334548950195 35.0718002319336 34.9517288208008 35.671257019043 36.561767578125 36.712474822998 36.4365005493164 36.4110336303711 36.2893257141113 36.0015335083008 36.0399551391602 36.1343574523926 36.6561889648438 36.6074333190918 36.6541366577148 36.4702949523926 36.6082763671875 36.7039566040039 36.4501419067383 36.4037170410156 35.8522834777832 35.9263534545898 36.1151008605957 35.9616394042969 36.2586555480957 36.2355041503906 36.1319808959961 36.1406288146973 36.2040367126465 36.0811004638672
33.2652473449707 32.6688385009766 32.4705581665039 32.6259613037109 32.5583419799805 32.6426582336426 33.0027503967285 34.8502235412598 34.9948348999023 33.8332824707031 35.4958953857422 36.2578735351562 35.6533737182617 34.6272048950195 34.5512542724609 35.0390815734863 35.5759811401367 35.9326362609863 36.1695098876953 36.3943328857422 36.5508460998535 36.310791015625 35.231861114502 35.439266204834 35.8386840820312 35.5186195373535 35.6677551269531 36.3159980773926 36.5928039550781 36.7332153320312 35.8696327209473 35.8216857910156 36.4404335021973 36.6549453735352 36.2504577636719 36.2406425476074 35.5941505432129 35.9732933044434 36.1075820922852 35.9680938720703 36.3033409118652 36.3462715148926 36.3411293029785 36.3139228820801 36.2431755065918 35.9672660827637
33.3056983947754 32.9356346130371 32.887523651123 33.014705657959 33.1771430969238 33.2984504699707 33.9937477111816 35.4622077941895 35.349739074707 34.933521270752 36.0836563110352 36.969367980957 36.2840347290039 35.3365859985352 34.8737487792969 36.2521095275879 36.5226364135742 36.6703987121582 36.8131675720215 36.8132286071777 36.4625129699707 36.222484588623 36.2874031066895 35.8308715820312 36.0749282836914 36.4203414916992 36.5702056884766 36.6110305786133 36.7563323974609 36.6778869628906 35.3898620605469 35.9201469421387 36.5612754821777 36.4757499694824 36.1121368408203 36.0470657348633 35.8973808288574 36.2740097045898 36.2717628479004 36.2532806396484 36.1983795166016 36.303882598877 36.3176765441895 36.3007926940918 36.2154846191406 36.1552886962891
33.2714424133301 32.9976043701172 33.4760971069336 34.1378555297852 34.2256050109863 34.6297721862793 35.5327186584473 36.0288352966309 35.5121421813965 35.8151893615723 36.9570617675781 37.3519172668457 36.8842735290527 36.0355110168457 35.3987236022949 36.2305183410645 36.2098426818848 36.429256439209 37.0028419494629 37.144401550293 36.8818778991699 36.5778007507324 36.8284683227539 36.6525344848633 36.5268249511719 36.8751411437988 36.7713203430176 36.6838188171387 36.8685111999512 36.6644172668457 36.1530799865723 36.4931182861328 36.6097450256348 36.3425178527832 35.5840034484863 35.5200119018555 35.7490348815918 36.2947158813477 36.0385055541992 35.9961929321289 35.9802932739258 36.1849555969238 36.1440887451172 36.167594909668 36.025203704834 36.10986328125
33.3321723937988 33.4903945922852 34.4892196655273 35.1238212585449 35.705738067627 36.4887886047363 36.9863166809082 36.3964195251465 34.7864074707031 35.3033981323242 36.5334358215332 37.4032821655273 37.0333709716797 36.7399482727051 35.9896125793457 36.7615013122559 36.8630905151367 36.3459129333496 36.9520645141602 37.2109756469727 37.1478843688965 36.763671875 37.0128440856934 37.074592590332 36.9279289245605 36.9707107543945 36.7984619140625 36.1712837219238 36.7890853881836 36.8797416687012 36.7902450561523 36.667064666748 36.3894233703613 36.096134185791 35.413215637207 35.4242858886719 35.9894256591797 35.9131050109863 35.7753257751465 35.6038093566895 35.68408203125 35.8961639404297 35.7175979614258 35.9727363586426 35.5858001708984 35.8658790588379
