inst/extdata/Tmax/Tmax135.asc
NCOLS 100 
NROWS 79 
XLLCORNER 148.06 
YLLCORNER -21.49 
CELLSIZE 0.01 
NODATA_value -3.4e+38 
[rows 0 to 19 of 79, columns 0 to 45 of 100]
43.583267211914098 43.2549934387207 42.4354934692383 42.7057838439941 42.7897262573242 43.0967559814453 43.1968383789062 43.2885360717773 43.2182388305664 43.0466842651367 42.6426162719727 42.4274368286133 42.3279685974121 41.2962188720703 41.6621932983398 41.9653625488281 42.2141494750977 42.1555137634277 41.4808120727539 40.9116172790527 40.761905670166 39.9499053955078 40.2713279724121 41.2663116455078 41.6266136169434 41.7803344726562 41.628547668457 41.6305084228516 41.3548736572266 41.0331115722656 40.3117218017578 38.7571754455566 39.7548942565918 39.6535186767578 38.6571464538574 37.7299270629883 37.5936317443848 37.2547416687012 37.8488464355469 39.3120651245117 40.4630355834961 40.6040267944336 41.1123695373535 41.3122291564941 41.3896713256836 41.4344825744629
43.4736938476562 42.9935302734375 42.326904296875 42.3751373291016 41.8643188476562 42.6003341674805 43.0118789672852 43.2299194335938 43.2911605834961 43.1622848510742 42.8615264892578 42.5627517700195 42.6164894104004 42.2491149902344 42.0826835632324 41.9567985534668 42.2279510498047 42.2178039550781 41.3927230834961 40.8755226135254 41.2703247070312 41.0170097351074 40.8943176269531 41.2147483825684 41.5474891662598 41.6525039672852 41.8106842041016 41.7360000610352 41.5358276367188 41.3345565795898 40.640739440918 39.4676475524902 40.3761367797852 40.0116882324219 39.4386863708496 38.6236801147461 38.2179718017578 38.4901351928711 39.3278656005859 40.1793441772461 41.2729110717773 41.5126571655273 41.563835144043 41.5187377929688 41.5121459960938 41.4958152770996
43.4858818054199 42.7610359191895 42.8305816650391 42.9055404663086 42.4929847717285 42.5599060058594 42.8453521728516 43.2642135620117 43.3656921386719 43.223274230957 42.9622650146484 42.8073806762695 42.6999931335449 42.6211967468262 42.3467063903809 42.1929359436035 42.3045501708984 42.3895530700684 41.9017333984375 41.7150344848633 41.5629348754883 41.2500305175781 41.0301399230957 41.0959930419922 41.733642578125 41.9045562744141 41.7211227416992 41.6707611083984 41.6322326660156 41.3548278808594 41.3612518310547 40.5339279174805 40.6924362182617 39.6670227050781 39.3876037597656 38.8352851867676 38.3646507263184 37.9402732849121 38.7562866210938 39.6940879821777 40.740650177002 41.4386940002441 41.6343994140625 41.6388359069824 41.5809478759766 41.5035018920898
43.7100448608398 43.3707427978516 43.0624618530273 43.5361480712891 43.0843124389648 42.6983795166016 42.9635467529297 43.3828506469727 43.4758262634277 43.3332443237305 43.1830596923828 43.098747253418 42.9794960021973 42.8139419555664 42.4340286254883 42.2617149353027 42.4919204711914 42.4953498840332 42.2851905822754 41.8775520324707 41.5832366943359 41.2261276245117 41.2576103210449 41.194766998291 41.6342468261719 41.9406127929688 41.5980949401855 41.7741889953613 41.5938835144043 40.9020538330078 41.3111000061035 41.3163185119629 40.688892364502 39.6407890319824 39.1401748657227 38.3864288330078 38.5698318481445 38.1274299621582 38.0018768310547 37.5678443908691 38.8227081298828 40.9049415588379 41.5608825683594 41.6788444519043 41.4537353515625 41.337085723877
44.1789207458496 43.6887969970703 43.4608993530273 43.7544174194336 43.5326995849609 42.9706420898438 42.9508590698242 43.439811706543 43.5180168151855 43.187385559082 43.1538848876953 43.2592430114746 43.1243782043457 42.8680000305176 42.5413436889648 42.629337310791 42.6365432739258 42.3970718383789 41.9913063049316 41.3541870117188 41.4742698669434 41.5640068054199 41.6354217529297 41.7585372924805 41.7288398742676 41.4274444580078 41.9582862854004 41.6205940246582 41.4808235168457 41.0531768798828 41.3056144714355 41.1109848022461 40.8287200927734 39.9945602416992 39.5387725830078 39.7638511657715 39.4621849060059 38.9801063537598 38.502799987793 37.8609504699707 37.5407867431641 40.2756843566895 41.3889236450195 41.655590057373 41.1102867126465 40.5288009643555
44.3241767883301 44.077507019043 43.4854278564453 43.8005981445312 43.8198852539062 43.4517440795898 43.1696434020996 43.5019950866699 43.5902976989746 43.3272018432617 43.202335357666 43.3582038879395 43.1987266540527 42.9442481994629 42.3766441345215 42.7544288635254 42.6317672729492 42.2376670837402 41.7549781799316 41.3749122619629 41.4266891479492 41.5910873413086 41.8137855529785 41.7785835266113 41.9805297851562 41.8590621948242 41.8664512634277 41.2233543395996 41.186336517334 40.2640495300293 40.8378143310547 41.1764183044434 41.2177085876465 40.9185104370117 40.6000175476074 40.514591217041 39.7826957702637 39.3485336303711 39.0476531982422 38.3385925292969 37.8911323547363 39.9775772094727 41.3473968505859 41.6691398620605 41.2698287963867 39.6374168395996
44.4960174560547 44.2435607910156 43.9195404052734 44.0156860351562 43.9401626586914 43.6075439453125 43.020694732666 43.4495086669922 43.5622406005859 43.6327590942383 43.549617767334 43.3742294311523 42.9989395141602 43.0530204772949 42.9927940368652 42.8425941467285 42.6306991577148 42.1428909301758 41.9338493347168 41.6496276855469 41.1287269592285 41.2563629150391 41.6181716918945 41.9027137756348 42.1509666442871 42.0562858581543 42.0147399902344 41.5494384765625 41.221549987793 40.1930122375488 40.1683387756348 40.2206077575684 40.9790191650391 41.0818252563477 40.6763687133789 40.553768157959 40.037914276123 38.8526802062988 39.0257530212402 38.6276626586914 38.4644393920898 39.8704414367676 41.2331161499023 41.5453910827637 41.3455352783203 40.0312461853027
44.5168075561523 44.3841857910156 44.1369857788086 44.1228256225586 44.0548782348633 43.8118667602539 43.2841110229492 43.1454162597656 43.3691177368164 43.6069526672363 43.6545906066895 43.3722305297852 42.7903594970703 42.9392890930176 43.0891914367676 42.4936332702637 42.3976974487305 41.7271347045898 41.6330757141113 41.4026794433594 40.7961235046387 41.1584892272949 41.4972038269043 41.9274559020996 42.2751960754395 42.2499694824219 41.8623161315918 41.4678344726562 41.2868881225586 40.6184577941895 39.4698143005371 39.6746978759766 39.9337959289551 40.4038581848145 40.6924476623535 40.1618309020996 40.1753616333008 39.4099426269531 38.5378036499023 38.7526206970215 38.9032974243164 39.7839164733887 40.5810890197754 41.3303489685059 41.2549743652344 39.7975425720215
44.3864822387695 44.4967155456543 44.3440246582031 44.2705574035645 44.1332511901855 43.9048118591309 43.5608558654785 43.1386680603027 43.2527008056641 43.6373748779297 43.7241897583008 43.6279335021973 43.4283485412598 43.2730941772461 42.9453582763672 42.2767295837402 42.3862075805664 42.148551940918 42.2312240600586 41.416202545166 41.3875999450684 41.2117614746094 41.2691955566406 41.8104515075684 42.2586936950684 42.3699073791504 41.5651588439941 40.8016395568848 40.8457145690918 40.7375183105469 40.2073631286621 39.6886596679688 39.2921371459961 39.6612243652344 40.4005126953125 39.8583221435547 39.6145515441895 39.5441551208496 38.7167129516602 38.416690826416 38.577278137207 38.6170425415039 39.3520240783691 40.6189880371094 40.9485473632812 39.9208450317383
44.1866226196289 44.4543685913086 44.4748954772949 44.3318748474121 44.1373748779297 44.007438659668 43.7958602905273 43.3844718933105 43.0739974975586 43.6032257080078 43.7541732788086 43.3832550048828 42.7563247680664 42.7802047729492 42.8342399597168 42.7802619934082 42.753303527832 42.6011428833008 42.3948783874512 42.1010627746582 41.793212890625 41.2008399963379 41.4584465026855 42.1279907226562 42.4592323303223 42.342342376709 41.7120819091797 41.5518760681152 41.0949745178223 40.6299285888672 39.5315971374512 39.1571273803711 40.0518646240234 39.9034881591797 39.6983947753906 39.4704132080078 39.240406036377 39.461612701416 38.971981048584 38.3108444213867 38.3131828308105 37.7925758361816 38.4905281066895 39.4374923706055 39.6676063537598 39.1125602722168
43.9460334777832 44.1518974304199 44.5150413513184 44.4064979553223 44.2691802978516 44.1689605712891 43.9665565490723 43.6337814331055 43.58642578125 43.7390403747559 43.8156280517578 43.4634132385254 43.1576156616211 42.4948844909668 42.6112976074219 42.8216400146484 42.8715362548828 43.0010528564453 42.5990943908691 42.4008178710938 42.0308074951172 41.6689567565918 41.7016105651855 42.1466445922852 42.4688110351562 42.3586769104004 41.7336730957031 41.0753059387207 40.1865463256836 40.1570091247559 39.8176765441895 39.7263717651367 40.432373046875 40.1855621337891 39.3895492553711 39.1436309814453 39.5053482055664 39.2328109741211 38.8803787231445 38.3828430175781 38.4025917053223 38.1348037719727 37.8190116882324 38.4076805114746 38.7448616027832 38.9772338867188
43.8325691223145 43.8387832641602 44.5166816711426 44.4811630249023 44.3811988830566 44.2506217956543 44.0653762817383 43.764820098877 43.7616004943848 43.9563522338867 43.8793792724609 43.6741065979004 43.3457565307617 42.904052734375 42.7855491638184 43.0074729919434 43.205623626709 43.1664772033691 42.9222946166992 42.5084037780762 42.0481834411621 41.7161407470703 41.825138092041 41.9228630065918 42.0744743347168 42.320613861084 41.4515838623047 40.7465019226074 40.1927680969238 40.3717231750488 40.4012489318848 40.2848968505859 40.6131134033203 40.1304550170898 39.8872451782227 39.7828369140625 39.372241973877 38.8409576416016 39.2618675231934 39.4286918640137 39.0288047790527 38.597225189209 38.129222869873 38.4804573059082 38.8985748291016 39.2036781311035
43.9870681762695 44.3460121154785 44.5284805297852 44.4636535644531 44.4374504089355 44.329460144043 44.1697082519531 43.838752746582 43.8739624023438 44.0804710388184 43.8925018310547 43.7856941223145 43.581371307373 43.6041107177734 43.492073059082 43.4422569274902 43.3954582214355 43.300853729248 43.0875778198242 42.6260528564453 42.3657646179199 42.4526481628418 42.6360473632812 42.7907371520996 42.6391906738281 42.2615051269531 42.039852142334 41.6068801879883 41.2664642333984 41.0793495178223 41.103946685791 40.8819808959961 40.7701263427734 40.2490386962891 39.7373199462891 39.3215255737305 38.814208984375 39.7358360290527 39.9506568908691 39.8739433288574 38.701229095459 38.591178894043 38.1549644470215 37.8967971801758 38.9763298034668 39.4196395874023
44.3994903564453 44.5142860412598 44.5336074829102 44.4371871948242 44.4145126342773 44.417064666748 44.3206405639648 44.1935043334961 43.9975318908691 44.0702171325684 44.012020111084 43.9045677185059 43.7699279785156 43.6551551818848 43.5360679626465 43.4401550292969 43.498722076416 43.3985786437988 43.2513885498047 43.12744140625 43.0115089416504 42.9300384521484 42.7318687438965 42.79345703125 42.4007759094238 41.5152740478516 41.4175186157227 41.0392379760742 40.5313034057617 41.16943359375 41.374755859375 41.2945022583008 40.6293449401855 40.3401184082031 40.2077522277832 40.1290588378906 40.0648155212402 39.7690277099609 40.268123626709 40.5246429443359 40.057315826416 39.6231117248535 39.0555953979492 38.564281463623 39.4309234619141 39.8178482055664
43.7827262878418 44.2178573608398 44.5322952270508 44.4454650878906 44.3156280517578 44.3588943481445 44.2746772766113 44.1100692749023 43.7414741516113 43.7471160888672 43.9779853820801 43.7752418518066 43.3169364929199 43.4222183227539 43.5370254516602 43.0558547973633 43.3556938171387 43.471263885498 43.3968315124512 43.3227844238281 43.244140625 42.8691558837891 42.310619354248 42.6028289794922 42.4306983947754 42.1746940612793 42.0577774047852 41.7502593994141 41.4127578735352 41.6027679443359 41.5345840454102 41.2680168151855 40.8610534667969 41.0347900390625 40.9712753295898 40.1473426818848 40.572681427002 39.8275451660156 40.0709571838379 40.6786193847656 40.6291580200195 40.362979888916 39.7054672241211 38.9788436889648 39.4800415039062 40.0853080749512
43.0389251708984 43.8781089782715 44.4627113342285 44.5298957824707 44.4449653625488 44.3919219970703 44.2615623474121 44.1416091918945 43.937313079834 43.4875144958496 43.1219749450684 43.6833992004395 42.9638595581055 42.6712532043457 43.3699073791504 43.0449523925781 42.9756965637207 43.3270797729492 43.3161010742188 43.2831420898438 43.2568168640137 43.1851806640625 43.0422019958496 42.820873260498 42.4468536376953 42.0977935791016 42.0568466186523 41.9811935424805 41.9021682739258 41.7188262939453 41.5458984375 41.1577682495117 40.8948020935059 41.3969917297363 41.2632675170898 41.0083465576172 40.9678840637207 40.4638519287109 40.1414833068848 40.6749801635742 40.802417755127 40.2301177978516 39.1485366821289 38.1948661804199 38.5415954589844 39.9501609802246
43.9339179992676 43.7457466125488 44.2083969116211 44.3273315429688 44.470043182373 44.4131813049316 44.2714385986328 44.130428314209 43.9763679504395 43.7120742797852 43.1496162414551 43.4488487243652 42.5401039123535 42.3019790649414 42.911491394043 42.761646270752 42.1336898803711 43.0248718261719 42.9885520935059 42.9410438537598 43.1150436401367 43.1892929077148 43.0791282653809 42.7072219848633 41.991584777832 41.4823951721191 41.1063766479492 41.3657150268555 41.7942886352539 41.2885513305664 41.0787658691406 40.4005584716797 40.9654579162598 41.6248092651367 41.4425315856934 41.2528762817383 41.241527557373 40.8600578308105 40.5278282165527 40.7308578491211 40.8630065917969 39.8952980041504 39.0491981506348 39.2805824279785 39.5428314208984 39.9999160766602
44.0580024719238 44.2936706542969 44.3302917480469 44.3103179931641 44.3895378112793 44.4013023376465 44.3032493591309 44.2061157226562 44.0527534484863 43.6570053100586 43.3048439025879 42.9439392089844 42.5758590698242 42.2427368164062 42.6532363891602 42.5061721801758 42.4765777587891 42.3042068481445 42.0640907287598 42.0213623046875 42.9387321472168 43.1034049987793 43.0548896789551 42.9389572143555 42.4371719360352 41.4672622680664 40.2484436035156 40.918586730957 41.5561294555664 40.7441940307617 41.0286483764648 41.4574661254883 41.663215637207 41.8487014770508 41.7462120056152 41.5550537109375 41.1230850219727 40.4193687438965 40.7599830627441 40.913818359375 41.1376647949219 40.8066329956055 40.6607894897461 40.6122436523438 40.5424270629883 40.0605201721191
44.2963371276855 44.2349090576172 44.0904159545898 44.1434326171875 44.4671936035156 44.3549118041992 44.316967010498 44.2728958129883 44.1699180603027 43.8637962341309 42.9295768737793 42.9566192626953 42.5684471130371 41.593563079834 42.1904182434082 41.9701881408691 41.7792930603027 41.1772346496582 41.8529624938965 42.1334190368652 42.9864845275879 42.9572105407715 43.0323829650879 43.0803718566895 42.3773651123047 41.481128692627 40.4743843078613 41.1009979248047 41.5729064941406 41.1415252685547 41.5132179260254 41.8193550109863 42.0872993469238 42.0586776733398 41.6816902160645 41.4435615539551 41.1061325073242 40.8606338500977 41.2492256164551 41.285099029541 41.2843322753906 41.165885925293 41.0425300598145 40.4996871948242 39.7958145141602 39.7372016906738
44.4339942932129 44.3744201660156 44.3334274291992 44.1924743652344 44.5011978149414 44.4689407348633 44.3736152648926 44.2994384765625 44.2159233093262 44.1074829101562 43.8227691650391 43.1840705871582 42.4667053222656 41.4428634643555 41.6886215209961 41.6314315795898 41.2156639099121 41.4378089904785 41.6210517883301 42.4400062561035 43.0307350158691 42.6537780761719 43.1676139831543 43.0174713134766 42.5245895385742 42.3025169372559 41.3911628723145 41.4557952880859 41.7071914672852 41.5373268127441 41.9899787902832 41.9157218933105 42.2257118225098 42.1380043029785 41.9895172119141 41.7667198181152 41.0583610534668 41.1620788574219 41.3367233276367 41.3009796142578 41.2958793640137 41.1318817138672 41.0466690063477 40.6141166687012 40.525146484375 40.393196105957
