inst/extdata/Tmax/Tmax67.asc
NCOLS 100 
NROWS 79 
XLLCORNER 148.06 
YLLCORNER -21.49 
CELLSIZE 0.01 
NODATA_value -3.4e+38 
[rows 20 to 39 of 79, columns 46 to 91 of 100]
29.2443675994873 27.5609455108643 27.7725353240967 29.1343002319336 28.8919353485107 28.3595352172852 28.0892181396484 26.936803817749 28.7449131011963 30.1615886688232 31.1824417114258 30.7531185150146 30.7347927093506 31.3289699554443 31.0063877105713 30.7628707885742 31.0350017547607 31.58274269104 31.7402000427246 31.7509460449219 31.7084655761719 31.5993003845215 31.8872470855713 31.9753074645996 31.9342250823975 31.8708229064941 31.7781600952148 31.8209896087646 31.7966365814209 31.483039855957 31.5642948150635 31.82958984375 31.7334308624268 31.4663867950439 31.479907989502 31.4701805114746 31.4024715423584 31.4088497161865 31.403715133667 31.3819026947021 31.3215827941895 31.1850738525391 30.6350765228271 30.5342540740967 30.7711391448975 30.7867069244385
29.5206298828125 27.5358600616455 26.3838119506836 28.083137512207 27.9569473266602 27.4358024597168 28.2875499725342 26.425651550293 27.6725902557373 29.6955547332764 30.9255237579346 29.6695079803467 29.0515651702881 30.7943286895752 29.6733493804932 29.3419227600098 30.1773643493652 31.4364395141602 31.4500217437744 31.8602676391602 31.9724426269531 31.971851348877 31.7766895294189 31.4538631439209 31.4549789428711 31.5366306304932 31.7042484283447 31.6838893890381 31.6026668548584 31.5307731628418 31.8388729095459 31.8860301971436 31.8311901092529 31.4756526947021 31.5676231384277 31.5400123596191 31.4211502075195 31.4386348724365 31.4483432769775 31.4496803283691 31.3445644378662 31.2534275054932 31.0760402679443 30.8912105560303 30.7618217468262 30.7644634246826
30.1078624725342 29.6508884429932 27.8226547241211 27.1898670196533 26.7231616973877 27.8704414367676 27.2870330810547 27.54079246521 26.942455291748 27.8784675598145 30.0581474304199 30.446382522583 28.9952487945557 29.3813934326172 29.0527305603027 29.6047992706299 30.6223602294922 31.0125675201416 29.7300357818604 30.9544982910156 31.7448863983154 31.8150310516357 31.2311420440674 30.440731048584 31.0255928039551 31.0233325958252 31.6051445007324 31.7978706359863 31.5063190460205 31.7157535552979 31.8969993591309 31.9392795562744 31.9361743927002 31.8782901763916 31.7786254882812 31.610481262207 31.4340572357178 31.3093414306641 31.3852653503418 31.491641998291 31.402982711792 31.3492755889893 31.0942115783691 30.9820671081543 30.8543376922607 31.0042591094971
29.4856338500977 29.3326396942139 28.7367095947266 27.9607925415039 26.4959964752197 27.2473373413086 27.8904876708984 28.0920372009277 27.8516006469727 27.4091262817383 28.7539043426514 28.7366561889648 29.60546875 27.9985542297363 28.8232727050781 30.2739715576172 30.2529735565186 30.6179714202881 29.3250503540039 31.3078174591064 32.0659523010254 31.9579925537109 31.0497817993164 29.7617206573486 30.9525547027588 31.1305637359619 31.2361888885498 31.6951065063477 31.893705368042 31.9572887420654 31.9849433898926 32.0079307556152 31.9855709075928 31.9023361206055 31.8063812255859 31.6604843139648 31.2453441619873 30.9044380187988 31.0466823577881 31.3328132629395 31.3245162963867 31.3921642303467 31.1438961029053 31.1253490447998 30.8786144256592 30.9169025421143
27.5694274902344 28.8854885101318 29.2392063140869 29.0091972351074 28.0045623779297 27.3920097351074 27.3966369628906 27.0851345062256 27.9872894287109 27.4486141204834 27.4628067016602 26.9928932189941 28.9165573120117 29.749080657959 28.9633445739746 29.9885196685791 30.7363243103027 31.2988700866699 31.0069446563721 31.9939136505127 32.0088500976562 31.8647899627686 31.2032566070557 30.4023475646973 31.1675357818604 31.4600448608398 31.1690444946289 31.2664279937744 31.3752613067627 31.8679332733154 31.7182064056396 32.0407447814941 31.9228973388672 31.892162322998 31.8121795654297 31.4829998016357 31.398983001709 30.8315696716309 30.5589008331299 31.0337142944336 31.1870155334473 31.294828414917 31.1306400299072 31.1967887878418 31.2619285583496 31.1206874847412
26.0766716003418 27.0968265533447 28.4433078765869 28.3700008392334 27.5272693634033 26.7805938720703 26.3840484619141 25.797794342041 27.0350475311279 27.6783695220947 27.1569709777832 27.4046421051025 28.8193016052246 30.6855010986328 30.2026138305664 30.2891273498535 30.4426536560059 31.7724571228027 31.8705139160156 31.8627071380615 31.8655662536621 31.561767578125 30.3686962127686 30.4260082244873 30.5314502716064 31.1626472473145 30.9020137786865 30.3061561584473 30.920280456543 31.9485092163086 31.9027557373047 32.0220146179199 31.9888439178467 31.9673709869385 31.8386745452881 31.6969032287598 31.7185611724854 31.1291332244873 30.6282539367676 30.9645900726318 30.6681346893311 30.8063869476318 30.5321388244629 31.1855983734131 31.2366905212402 31.2339687347412
25.9537982940674 25.79811668396 26.5450897216797 27.2110614776611 27.921142578125 25.6346340179443 25.3563575744629 26.2386608123779 26.7729301452637 27.5500240325928 27.5886573791504 28.0230369567871 29.7689189910889 30.6442832946777 31.1227912902832 31.2933082580566 31.4309749603271 31.9214248657227 31.5756168365479 31.4178695678711 31.4592113494873 31.0317554473877 31.2166843414307 31.4817333221436 31.4946060180664 30.9163932800293 30.5107574462891 31.3950653076172 31.6493053436279 31.6109523773193 31.0774936676025 31.7318267822266 31.8937873840332 31.9818153381348 31.9741859436035 31.8930206298828 31.5726451873779 31.2541065216064 31.3392753601074 31.1073665618896 30.9949111938477 30.4579086303711 30.938268661499 31.1497268676758 31.0768547058105 30.9910926818848
26.1432819366455 25.6195163726807 25.9456653594971 26.2094917297363 26.7848072052002 25.0454883575439 24.7488861083984 25.1983032226562 26.5705986022949 27.360279083252 26.8390445709229 27.4518527984619 28.392126083374 29.5620536804199 30.9420166015625 30.6369132995605 31.6905155181885 31.9323711395264 31.260814666748 30.5537052154541 31.1812362670898 31.3736209869385 31.6879196166992 31.9143447875977 32.0245132446289 31.6277694702148 31.6281585693359 31.9770393371582 32.0420227050781 31.3544120788574 30.9340324401855 31.4659461975098 31.578369140625 31.9874820709229 32.0360298156738 31.986780166626 31.8425674438477 31.6397857666016 31.2531490325928 30.5003986358643 30.2803916931152 30.1593265533447 30.1997661590576 30.8684349060059 30.9253921508789 31.3338508605957
27.0381298065186 26.599967956543 27.3921985626221 27.2420654296875 26.8452568054199 25.400390625 26.2257499694824 25.9638633728027 26.296817779541 26.9270553588867 26.6513900756836 26.952335357666 27.1043148040771 29.3520526885986 30.5561256408691 29.8834800720215 31.317361831665 31.600492477417 31.3066730499268 30.2328433990479 30.4990348815918 31.552806854248 31.9421234130859 32.0673217773438 32.0912399291992 32.005542755127 32.0226707458496 32.1354904174805 31.7657337188721 31.079662322998 30.958366394043 31.6051235198975 32.0167999267578 32.0560302734375 32.0502090454102 32.0337791442871 31.9960079193115 31.8679676055908 31.6296901702881 30.5246620178223 29.9628067016602 29.1852397918701 30.1320667266846 30.1267242431641 31.011022567749 31.3938598632812
28.6900825500488 28.5461845397949 27.9596729278564 27.9085998535156 27.3793239593506 26.889741897583 26.5887107849121 25.5519523620605 26.2391738891602 25.7152442932129 25.2125854492188 26.6181182861328 26.9848117828369 28.9214744567871 29.8915882110596 29.176233291626 29.8823986053467 30.6393852233887 31.1778335571289 31.0607719421387 30.6361770629883 31.5696582794189 32.0246467590332 31.83664894104 31.8138465881348 31.5200595855713 31.920804977417 32.1577453613281 31.2668914794922 30.4493598937988 31.0936279296875 31.6457099914551 31.9886341094971 32.0686988830566 32.0818710327148 32.0383071899414 32.022518157959 31.9373111724854 31.7584629058838 31.3841609954834 30.7351322174072 30.2582836151123 29.846342086792 29.6646308898926 30.5182361602783 31.0164756774902
27.5607662200928 27.5759315490723 27.6187915802002 27.2596492767334 26.7701721191406 27.0259456634521 26.0977973937988 25.5626220703125 25.0241012573242 25.1266059875488 24.508337020874 25.4955902099609 25.4968223571777 27.8391265869141 28.8950977325439 27.7239036560059 28.2951698303223 29.8629951477051 31.1422271728516 31.6749973297119 31.2206974029541 31.8053321838379 32.0059700012207 31.6227169036865 31.6057987213135 31.7360057830811 32.1830902099609 32.1600341796875 31.6334667205811 30.9932346343994 31.3587665557861 31.6249141693115 32.0407943725586 32.0648536682129 32.0198974609375 31.9998245239258 32.0006675720215 31.9298896789551 31.8606224060059 31.6709804534912 31.4373683929443 30.9091968536377 30.5407238006592 30.5044631958008 30.7258796691895 31.1444416046143
26.7960796356201 27.0824756622314 26.9761619567871 26.9405612945557 26.0081729888916 26.8666305541992 25.8638572692871 24.5421409606934 23.9066848754883 24.3300933837891 23.989278793335 24.7266120910645 25.5767307281494 27.5501289367676 27.8839778900146 27.5201416015625 29.6800441741943 30.6185874938965 31.342414855957 31.8048191070557 32.0803031921387 32.1326789855957 32.0791130065918 31.9938945770264 31.783109664917 32.0745811462402 32.197437286377 32.0862312316895 31.7210426330566 31.0990161895752 31.1905899047852 31.7514057159424 31.9591197967529 31.5069732666016 31.8680438995361 31.986852645874 31.9671382904053 31.9322414398193 31.8929996490479 31.7902660369873 31.51149559021 30.7753047943115 31.1080226898193 31.152416229248 31.066349029541 31.0099506378174
26.080997467041 26.4105548858643 26.2540950775146 26.5508270263672 26.6544532775879 26.6789512634277 26.291690826416 25.1152801513672 25.2251892089844 25.3428764343262 24.2648506164551 24.0578651428223 25.0881538391113 27.4742259979248 28.0282287597656 28.5812873840332 28.6539077758789 29.508544921875 31.3164463043213 31.8859443664551 32.0810203552246 32.0330429077148 31.8892803192139 31.8436050415039 31.9947052001953 32.079345703125 32.0550079345703 31.6764659881592 30.767707824707 30.9387149810791 31.2603054046631 32.0312156677246 31.7683544158936 31.2174873352051 31.8844223022461 31.8238506317139 31.8517398834229 31.9089012145996 31.8180389404297 31.5439567565918 30.9780406951904 29.7415962219238 29.4919776916504 30.5167427062988 30.8735103607178 31.1754684448242
26.7929592132568 26.2943286895752 26.1343154907227 26.3213901519775 26.476806640625 26.4041233062744 25.928295135498 25.5330924987793 26.1605567932129 25.4307632446289 25.298397064209 25.2950916290283 26.1504917144775 27.3673686981201 27.5442295074463 28.3295097351074 29.3436012268066 30.4829559326172 31.3839473724365 31.7856216430664 32.117603302002 32.0929183959961 31.6147975921631 31.3409404754639 31.5630073547363 31.4343967437744 31.5361042022705 31.7014789581299 31.597936630249 31.5844402313232 31.8901252746582 32.1487998962402 31.543384552002 31.4616031646729 32.020881652832 31.5355911254883 31.6710186004639 31.6337356567383 31.7097110748291 31.4208717346191 30.0371170043945 29.3165225982666 28.735221862793 30.4877986907959 31.0374031066895 30.8738288879395
27.240535736084 25.9728736877441 25.9320125579834 26.0614891052246 26.2190017700195 26.0920429229736 26.1198806762695 26.7171936035156 26.3452072143555 25.5409317016602 26.7633285522461 27.2592887878418 27.4647636413574 26.8138580322266 26.8485679626465 27.9725894927979 29.2983436584473 30.6309127807617 30.7285270690918 31.5131912231445 31.9663829803467 31.9854869842529 31.5283012390137 31.2981452941895 30.532527923584 31.0868759155273 31.5909957885742 31.7421817779541 31.9734916687012 31.9854469299316 32.1626052856445 32.1030769348145 32.0719528198242 32.1017532348633 32.0602111816406 31.8292293548584 30.9189186096191 31.5045738220215 31.6922378540039 31.6467056274414 31.6096973419189 30.3840084075928 30.2312145233154 31.5075836181641 31.7802066802979 31.7613182067871
27.2961578369141 26.2498817443848 25.8950824737549 25.8264446258545 26.0608596801758 25.8818531036377 26.6077499389648 28.3493690490723 27.4420700073242 26.725269317627 28.7008857727051 29.4042530059814 29.020320892334 26.9680709838867 27.4097633361816 27.5411052703857 29.5537204742432 29.6274394989014 29.5056419372559 30.4228191375732 31.5511245727539 31.7743072509766 31.4627704620361 31.4592018127441 31.3364906311035 31.0177345275879 31.0942344665527 31.2401351928711 31.9123973846436 31.8807888031006 31.9659595489502 31.7780780792236 31.976863861084 32.1245040893555 31.8465156555176 31.8322086334229 31.1834926605225 31.3094997406006 31.5772609710693 31.4214515686035 31.8308658599854 31.8361568450928 31.7429485321045 31.7867679595947 31.8968105316162 31.7797756195068
26.9935646057129 26.3072776794434 26.0918197631836 26.2952537536621 26.2345104217529 26.3543357849121 26.8131103515625 29.0564041137695 29.2567176818848 27.8749122619629 29.9286041259766 30.8892230987549 30.174991607666 28.9442386627197 28.8764305114746 29.5100517272949 30.1979751586914 30.6655807495117 30.9858703613281 31.2914085388184 31.5123691558838 31.2540378570557 29.9431781768799 30.2277202606201 30.7514915466309 30.3911247253418 30.6052474975586 31.4392147064209 31.8089981079102 32.0093460083008 30.9692268371582 30.9483623504639 31.747428894043 32.0428428649902 31.578145980835 31.6085662841797 30.8364334106445 31.3437118530273 31.5436763763428 31.4043502807617 31.8605251312256 31.945556640625 31.9716949462891 31.9706001281738 31.9164924621582 31.6107521057129
27.0219326019287 26.6036357879639 26.5662994384766 26.7370567321777 26.95046043396 27.1158714294434 27.9791450500488 29.7776832580566 29.6666488647461 29.1858024597168 30.6257171630859 31.7388362884521 30.9265403747559 29.7904758453369 29.248872756958 30.9805564880371 31.3415584564209 31.5514621734619 31.7550945281982 31.7832660675049 31.379581451416 31.1206912994385 31.2285842895508 30.68994140625 31.0206890106201 31.4869422912598 31.7003650665283 31.7789916992188 31.9856567382812 31.9173030853271 30.3438053131104 31.0488185882568 31.8752307891846 31.8021011352539 31.3848152160645 31.3465518951416 31.1929588317871 31.6931495666504 31.7230033874512 31.73291015625 31.7076034545898 31.8693733215332 31.9179611206055 31.9289970397949 31.8561916351318 31.8134155273438
26.9603672027588 26.6560726165771 27.2435760498047 28.0534381866455 28.1808185577393 28.6891613006592 29.8147773742676 30.4445533752441 29.8412246704102 30.2370948791504 31.671724319458 32.1828193664551 31.6389102935791 30.6247043609619 29.8689517974854 30.9293575286865 30.9315795898438 31.2297554016113 31.9630393981934 32.1644096374512 31.870548248291 31.5339603424072 31.8701248168945 31.6811752319336 31.5548477172852 32.021656036377 31.9225883483887 31.8431758880615 32.0978088378906 31.8751049041748 31.2742176055908 31.7368698120117 31.9122047424316 31.6147136688232 30.7007102966309 30.6625061035156 30.9826278686523 31.6942749023438 31.4092464447021 31.3890285491943 31.4115047454834 31.6968727111816 31.6783084869385 31.7386074066162 31.5941295623779 31.7287883758545
27.0111694335938 27.218770980835 28.4293041229248 29.2137985229492 29.9410781860352 30.9185638427734 31.5623512268066 30.8696823120117 28.9369888305664 29.5895156860352 31.1290836334229 32.2217445373535 31.7974910736084 31.4657802581787 30.5711288452148 31.5579147338867 31.7107563018799 31.1021633148193 31.8759880065918 32.2210845947266 32.1716804504395 31.7376041412354 32.0711517333984 32.1747703552246 32.0235137939453 32.1139068603516 31.9307613372803 31.1837120056152 31.9751644134521 32.117015838623 32.0384368896484 31.9282779693604 31.6175518035889 31.285306930542 30.4610900878906 30.5168647766113 31.2582244873047 31.1950073242188 31.0545310974121 30.8708801269531 31.0139446258545 31.3115692138672 31.1195392608643 31.4696769714355 31.0158138275146 31.397533416748
