inst/extdata/Tmax/Tmax146.asc
NCOLS 100 
NROWS 79 
XLLCORNER 148.06 
YLLCORNER -21.49 
CELLSIZE 0.01 
NODATA_value -3.4e+38 
[rows 40 to 59 of 79, columns 46 to 91 of 100]
32.8437995910645 33.7359962463379 34.1202545166016 34.9837532043457 36.5839538574219 37.5372352600098 37.0715637207031 35.1819534301758 34.8107032775879 35.4810447692871 35.9782600402832 37.7020416259766 37.3198165893555 37.5298805236816 36.701301574707 37.6883087158203 37.8694725036621 37.5818901062012 37.6768379211426 37.7716598510742 37.767147064209 36.8567771911621 37.2376670837402 37.5466232299805 37.6296081542969 37.6695899963379 37.5686416625977 37.1948585510254 37.367374420166 37.547492980957 37.4867286682129 37.3313827514648 37.0098876953125 35.7908134460449 36.0479927062988 36.6842727661133 36.5858345031738 36.4853134155273 36.7048263549805 36.1662216186523 35.4441757202148 35.8911018371582 36.1830863952637 35.9783744812012 36.2207374572754 36.2381935119629
34.0692024230957 35.2118644714355 35.1247444152832 35.0772933959961 36.629035949707 37.8314094543457 36.7077178955078 36.3104476928711 36.8948974609375 36.9729652404785 37.3166084289551 38.0021095275879 37.8836441040039 37.8947410583496 37.7449569702148 38.0349807739258 38.0689163208008 37.9990730285645 37.9519157409668 37.9675025939941 37.9314002990723 37.4264488220215 36.7423820495605 37.0854415893555 37.0044860839844 37.4638557434082 37.7537231445312 37.2913398742676 37.2702407836914 37.6338157653809 37.6399192810059 37.551700592041 37.3805847167969 36.7880630493164 37.0084495544434 37.0237045288086 36.8096656799316 36.7921676635742 36.8784370422363 36.984619140625 36.0461578369141 36.2516937255859 36.821907043457 36.6246948242188 36.7397994995117 36.657527923584
36.4538269042969 36.6252861022949 36.7993545532227 37.2682914733887 37.589656829834 38.0467376708984 37.6246643066406 37.0918121337891 37.5958290100098 37.986759185791 37.8867988586426 38.1907272338867 38.2187309265137 38.1358032226562 38.1033744812012 38.1694755554199 38.174919128418 38.1465034484863 38.1100692749023 38.0940246582031 37.9894905090332 37.0895462036133 36.8913040161133 37.3678512573242 36.8627166748047 37.2794990539551 37.6943550109863 37.5897636413574 37.5242042541504 37.7533493041992 37.7475280761719 37.7296981811523 37.6787757873535 37.5573081970215 37.4497947692871 37.1123809814453 36.2287368774414 36.7852020263672 37.2785148620605 37.2588043212891 37.1099815368652 37.0406913757324 37.1379318237305 37.1565246582031 37.1803245544434 37.1014251708984
37.7040328979492 37.7176094055176 37.8406028747559 37.9777412414551 38.2031898498535 38.2602043151855 38.1720199584961 37.9366493225098 38.0999069213867 38.3077697753906 38.2897720336914 38.3325958251953 38.3057632446289 38.2636985778809 38.2769203186035 38.2328796386719 38.1640396118164 38.1347885131836 38.1594848632812 38.1814575195312 38.1196022033691 37.8863868713379 37.6373558044434 37.7970771789551 37.6613693237305 37.2158317565918 37.4811820983887 37.7277565002441 37.8616218566895 37.8694801330566 37.8382110595703 37.8179512023926 37.7763786315918 37.7229537963867 37.7024803161621 37.5372695922852 37.0688819885254 37.3501052856445 37.5051345825195 37.4747428894043 37.4151191711426 37.3978996276855 37.3696517944336 37.3704414367676 37.3612098693848 37.3036994934082
37.5359840393066 37.7971153259277 38.0503768920898 38.0517425537109 38.1001815795898 38.200309753418 38.2449264526367 38.3064765930176 38.327465057373 38.2657203674316 38.0441436767578 38.1443557739258 38.0638999938965 37.8039360046387 37.975269317627 38.0875282287598 37.9718284606934 38.0725517272949 38.1556625366211 38.1943550109863 38.1868057250977 38.0556526184082 37.7475166320801 37.4929428100586 37.6996879577637 37.8421669006348 37.8759994506836 37.9040489196777 37.8982353210449 37.9155693054199 37.8710250854492 37.8477668762207 37.7926216125488 37.7398109436035 37.7512474060059 37.6689758300781 37.6340522766113 37.6140823364258 37.5448760986328 37.5301628112793 37.4799003601074 37.4525489807129 37.4407348632812 37.4138221740723 37.3111534118652 37.3097229003906
35.7378807067871 36.5239105224609 36.9446754455566 37.1558609008789 37.5193786621094 37.8311424255371 37.7709045410156 37.9626960754395 37.9542808532715 37.7875823974609 37.010669708252 37.0201416015625 37.0923080444336 35.6050491333008 36.5525131225586 37.2964210510254 37.8269996643066 38.1429481506348 38.2210922241211 38.2353134155273 38.2200660705566 38.0433807373047 37.616138458252 37.2520141601562 37.5027503967285 37.7339897155762 37.8461952209473 37.8211517333984 37.8700942993164 37.9242668151855 37.8982009887695 37.8815078735352 37.8477096557617 37.8239822387695 37.7776374816895 37.6585845947266 37.6332511901855 37.610782623291 37.5682640075684 37.5455780029297 37.4904174804688 37.4676513671875 37.4436187744141 37.3816032409668 37.3615226745605 37.3570556640625
33.3814926147461 34.6014671325684 34.5007286071777 34.4663963317871 35.810546875 36.3296279907227 36.4464263916016 36.7055816650391 37.1564292907715 36.5306854248047 35.8388786315918 35.2541275024414 35.9174385070801 35.7846183776855 36.225399017334 37.3567352294922 38.0207748413086 38.1967010498047 38.2203407287598 38.1917190551758 38.2149925231934 38.2211723327637 37.8072471618652 37.4594230651855 37.3403205871582 37.581241607666 37.7708969116211 37.8671379089355 37.9511947631836 37.954906463623 37.9444351196289 37.9377784729004 37.9141654968262 37.8698654174805 37.7783050537109 37.6940536499023 37.6742134094238 37.6551399230957 37.6266136169434 37.5979881286621 37.542594909668 37.5242309570312 37.5070991516113 37.4623870849609 37.4419975280762 37.3118934631348
33.5027847290039 33.4338722229004 33.2451248168945 33.316478729248 33.2566375732422 33.9807205200195 35.2446670532227 35.9088897705078 36.087947845459 35.955924987793 36.4743957519531 36.30078125 36.1348571777344 36.7109413146973 36.9976196289062 37.8413391113281 38.0827827453613 38.101203918457 38.0318298339844 38.1400985717773 38.2329292297363 38.2730865478516 38.1240119934082 37.8153495788574 37.4019393920898 37.6394920349121 37.8143653869629 37.9576530456543 38.0114936828613 38.0326194763184 38.0135345458984 37.9827651977539 37.9062118530273 37.820613861084 37.7476463317871 37.6967926025391 37.6942443847656 37.6945190429688 37.6712951660156 37.643928527832 37.6022605895996 37.5906753540039 37.5706977844238 37.5370445251465 37.336124420166 37.1071510314941
33.1460571289062 33.2431488037109 33.4603958129883 33.1824798583984 33.0900192260742 33.173225402832 34.0041656494141 35.6704292297363 36.2106399536133 36.3847198486328 36.2009162902832 36.3836326599121 36.6713905334473 36.9559059143066 37.0079689025879 37.5161972045898 37.8806800842285 37.8723030090332 37.8572235107422 38.140438079834 38.2212371826172 38.2283630371094 38.2979164123535 38.2063827514648 38.0839500427246 38.0279121398926 38.0988464355469 38.150016784668 38.1430931091309 38.1315498352051 38.0764999389648 37.9999809265137 37.9062118530273 37.7685165405273 37.7161293029785 37.7444305419922 37.7404975891113 37.7448425292969 37.7477035522461 37.7211608886719 37.6947631835938 37.6809539794922 37.6539268493652 37.6284294128418 37.4669380187988 37.3066864013672
33.2233695983887 33.3930892944336 33.4166946411133 33.094554901123 33.5743255615234 34.3817901611328 34.4939651489258 35.773021697998 36.2532920837402 36.455322265625 36.2483749389648 36.7220878601074 36.9952087402344 36.9938583374023 37.0782890319824 36.9591979980469 37.0500869750977 37.2738418579102 37.6317901611328 37.9685935974121 38.0404663085938 38.0473175048828 38.268871307373 38.3033409118652 38.3074760437012 38.2621612548828 38.2248764038086 38.0500717163086 38.0968704223633 38.1486358642578 38.0835838317871 37.9630851745605 37.9088439941406 37.7107200622559 37.6358108520508 37.7824325561523 37.7715377807617 37.7436332702637 37.7886581420898 37.7836952209473 37.7409591674805 37.734748840332 37.7096481323242 37.6657218933105 37.5794792175293 37.4793167114258
33.2625579833984 33.1443634033203 33.3593902587891 33.0751190185547 33.712287902832 34.8070487976074 35.169734954834 35.7665672302246 36.4807548522949 36.9284172058105 36.929256439209 37.045783996582 37.1135406494141 37.1386451721191 37.1220321655273 37.0511665344238 37.1120758056641 36.8393287658691 36.4858016967773 37.6070785522461 37.4735412597656 37.8942832946777 38.2059135437012 38.2536087036133 38.2914772033691 38.2519950866699 38.1705856323242 37.9481544494629 38.0785903930664 38.1647796630859 37.9798164367676 37.8094787597656 37.8127632141113 37.7819595336914 37.8012428283691 37.8545455932617 37.8503112792969 37.8255004882812 37.8131942749023 37.8353996276855 37.8090553283691 37.7787780761719 37.7396049499512 37.6914901733398 37.6358985900879 37.5181274414062
32.8347320556641 32.8074417114258 33.1871490478516 32.5596008300781 32.709358215332 34.6960945129395 35.4919128417969 36.1379852294922 36.4798278808594 36.7624931335449 36.8080368041992 36.8096656799316 36.6065330505371 36.6036682128906 36.8686180114746 36.9831161499023 37.3126411437988 37.2345161437988 37.0438919067383 37.0790557861328 36.9000091552734 37.6746025085449 38.0638732910156 38.2237930297852 38.2215042114258 38.2125396728516 37.8638572692871 37.4963569641113 38.0692481994629 38.1853141784668 37.8921890258789 37.5928497314453 37.824405670166 37.8607902526855 37.878776550293 37.8250465393066 37.8117790222168 37.804988861084 37.815803527832 37.7942237854004 37.7758407592773 37.7917861938477 37.7637214660645 37.7184524536133 37.6666564941406 37.568042755127
32.4696464538574 32.3228149414062 32.7932052612305 32.6698265075684 32.7567520141602 33.7373237609863 34.7872848510742 35.4700813293457 35.9650573730469 36.3334846496582 36.264705657959 36.1897010803223 36.2524528503418 36.537654876709 37.2772941589355 37.3649368286133 37.5435562133789 37.4409446716309 37.3529472351074 37.1788940429688 36.914909362793 37.5696182250977 38.0007362365723 38.1796798706055 38.111026763916 38.1775398254395 37.7945594787598 36.8756904602051 37.8444595336914 38.1818504333496 37.8936653137207 37.6561126708984 37.840015411377 37.7729034423828 37.6970062255859 37.7012939453125 37.7395095825195 37.668888092041 37.5794792175293 37.5500717163086 37.6309623718262 37.7032928466797 37.7712249755859 37.737865447998 37.6894645690918 37.612979888916
33.6070289611816 32.5707206726074 32.6795997619629 33.0814399719238 33.4587364196777 34.5271797180176 34.6033554077148 35.4243927001953 36.2460594177246 36.5847549438477 36.9263916015625 37.0301208496094 37.1612548828125 37.3840065002441 37.5684509277344 37.5953369140625 37.5403594970703 37.6085815429688 37.5683212280273 37.3291206359863 37.1064872741699 37.1311149597168 37.6497230529785 37.867919921875 37.7869873046875 38.1810874938965 38.0698852539062 37.4335594177246 37.9537124633789 38.2030792236328 37.9581985473633 37.7730255126953 37.6816253662109 37.3472671508789 37.5232162475586 37.4415512084961 37.4387016296387 37.0189743041992 37.1057624816895 36.0971336364746 37.3938980102539 37.6266288757324 37.7836227416992 37.7754249572754 37.7327690124512 37.6573257446289
34.3105049133301 33.3068466186523 32.772575378418 33.5803298950195 34.2292366027832 34.9944000244141 35.0770263671875 35.5732688903809 36.3590965270996 36.7874603271484 36.8211898803711 36.8356971740723 37.2508239746094 37.4206428527832 37.5275001525879 37.494270324707 37.6966705322266 37.8231391906738 37.7869148254395 37.5320091247559 37.3399963378906 37.2567977905273 37.3828125 37.3883209228516 37.3559341430664 38.0096321105957 38.176342010498 37.8811950683594 37.5814094543457 38.0965995788574 37.6225166320801 36.8238983154297 37.4250221252441 37.575626373291 37.849479675293 37.8278999328613 37.774787902832 37.7288284301758 37.4978065490723 36.518913269043 37.2875366210938 37.5918464660645 37.7442016601562 37.7732734680176 37.7514762878418 37.6797218322754
34.3625373840332 33.4869422912598 32.9121780395508 34.2149200439453 35.2630767822266 35.7054252624512 36.4781112670898 36.7178840637207 36.9321899414062 37.0447769165039 36.8373489379883 36.7927131652832 37.3591079711914 37.4474983215332 37.454475402832 37.5106964111328 37.6210479736328 37.6049385070801 38.1232566833496 37.8748092651367 37.5715751647949 37.4200897216797 37.3910789489746 37.2260589599609 37.2311592102051 37.8333740234375 38.1688842773438 38.0683364868164 37.9150390625 38.2098770141602 37.5024909973145 36.4131202697754 36.9034271240234 37.5671348571777 37.5901260375977 37.1825637817383 37.2282333374023 37.7383499145508 37.8400535583496 37.7869110107422 37.792667388916 37.7685127258301 37.7656745910645 37.7483329772949 37.7553787231445 37.7052307128906
34.2350959777832 33.2493896484375 32.7653579711914 33.9993324279785 35.3633995056152 35.7250862121582 35.1197853088379 36.5217437744141 36.466251373291 35.8925399780273 36.865837097168 37.0811347961426 37.1023483276367 37.1613998413086 37.1764106750488 37.3765449523926 37.5049324035645 37.6157836914062 38.1016502380371 38.21435546875 37.9902458190918 37.6769599914551 37.5016174316406 37.4180603027344 37.1742858886719 37.6227951049805 38.0707206726074 38.0765228271484 38.2529182434082 38.3049774169922 37.7644691467285 36.0113639831543 36.6567344665527 36.1547775268555 36.4927253723145 35.7655258178711 36.6993827819824 37.7165985107422 37.8162155151367 37.8623275756836 37.8464393615723 37.7476387023926 37.6255073547363 37.7146110534668 37.7229347229004 37.690071105957
34.2154197692871 33.4516792297363 33.5107269287109 34.0263786315918 35.0076522827148 35.4423217773438 35.8921318054199 36.1363677978516 34.7798080444336 34.684513092041 36.2813987731934 35.2512435913086 35.6334571838379 36.0926933288574 36.8333892822266 37.293815612793 37.4462394714355 37.6624603271484 38.0041198730469 38.1271629333496 38.1559791564941 37.908332824707 37.5762748718262 37.6395492553711 37.5087699890137 37.7219734191895 37.7118377685547 37.5376358032227 38.0709762573242 38.2426605224609 37.9793815612793 37.2644119262695 35.8087463378906 33.7802619934082 33.9603462219238 35.6624145507812 37.0956115722656 37.6888008117676 37.7838020324707 37.7118759155273 37.6817283630371 37.4417304992676 37.3052940368652 37.6526527404785 37.3827667236328 37.4065628051758
34.209041595459 33.8392181396484 33.6282653808594 33.9371948242188 34.5754051208496 35.4159278869629 35.5883674621582 35.1462326049805 34.6428108215332 35.5368003845215 36.0310478210449 34.9884185791016 35.3276519775391 35.7719039916992 36.7534294128418 37.1524963378906 37.4522895812988 37.8913040161133 38.2986335754395 38.1178016662598 37.9603691101074 38.2486457824707 37.9856719970703 37.7929306030273 37.6252059936523 37.6003379821777 37.6737976074219 37.5661697387695 37.8825225830078 38.2033653259277 38.2058906555176 37.6774253845215 36.9485054016113 35.2738800048828 34.6445999145508 35.7453956604004 37.1158561706543 37.6553039550781 37.6995544433594 37.2249984741211 37.4511528015137 37.6113433837891 37.3900833129883 37.4352378845215 37.0993881225586 37.3144798278809
33.866268157959 33.6460990905762 33.1582336425781 33.4979133605957 34.2776832580566 34.439022064209 34.891170501709 35.2373962402344 35.5402297973633 35.6464920043945 35.9901161193848 36.2094268798828 36.8867263793945 36.9740142822266 37.1190299987793 36.634391784668 37.6020774841309 37.9729309082031 38.1757926940918 37.8861389160156 37.9770660400391 38.1653366088867 38.2565689086914 38.1886024475098 37.8930587768555 37.8014144897461 37.4337997436523 37.5845565795898 37.9685401916504 38.0401268005371 38.1538200378418 38.1709785461426 37.6049537658691 36.9243278503418 36.0041465759277 35.6878852844238 36.8259048461914 37.5785598754883 37.075927734375 36.5334777832031 37.407398223877 37.6387519836426 37.346794128418 36.5664100646973 36.8971481323242 37.3703727722168
