inst/extdata/Tmax/Tmax77.asc
NCOLS 100 
NROWS 79 
XLLCORNER 148.06 
YLLCORNER -21.49 
CELLSIZE 0.01 
NODATA_value -3.4e+38 
[rows 40 to 59 of 79, columns 0 to 45 of 100]
42.741394042968800 42.4934005737305 42.5099678039551 42.5263328552246 42.4087753295898 42.4958915710449 42.4457244873047 42.2576904296875 41.8272514343262 42.1953392028809 42.7356414794922 42.9998741149902 43.0179176330566 43.0481338500977 43.0900421142578 42.8990859985352 42.6584587097168 42.3399963378906 41.8196296691895 42.2393569946289 42.2174072265625 42.1118850708008 42.0435256958008 41.6792907714844 40.864013671875 40.2661094665527 40.0781669616699 40.1485214233398 40.2413368225098 39.651683807373 39.0534172058105 39.4308013916016 40.5610656738281 40.3052673339844 40.0605354309082 40.3421325683594 40.2515411376953 39.9492301940918 39.738697052002 39.3204803466797 39.2701187133789 38.4802551269531 37.9463272094727 37.9283599853516 37.6840629577637 37.5268669128418
42.8847122192383 42.5327949523926 42.4125137329102 42.4929351806641 42.3917121887207 42.4520416259766 42.4498748779297 42.344539642334 42.1128540039062 42.2093162536621 42.4934883117676 42.7874412536621 42.970401763916 43.0984115600586 43.1221313476562 42.983283996582 42.7162818908691 42.2666625976562 41.9598541259766 42.0740814208984 42.0805320739746 41.8643836975098 42.0069618225098 41.748233795166 41.1454887390137 40.6857070922852 40.1193733215332 40.0322456359863 40.2102394104004 39.8039131164551 39.4062843322754 39.9693794250488 40.5648574829102 39.8786392211914 39.2123832702637 39.8874397277832 39.9169692993164 40.0916481018066 40.0446243286133 39.8236274719238 39.7032432556152 39.0422325134277 37.7684783935547 37.6470832824707 37.7009239196777 37.6519737243652
42.7755928039551 42.7240905761719 42.5254402160645 42.4084625244141 42.4511642456055 42.4590263366699 42.4310264587402 42.3857688903809 42.3438186645508 42.2899055480957 42.3213768005371 42.7274322509766 42.987735748291 43.0961761474609 43.0945625305176 43.0413360595703 42.8389701843262 42.5469017028809 42.3364868164062 42.2808990478516 42.1919441223145 41.6134147644043 41.5371627807617 41.7195739746094 41.728458404541 41.3264312744141 40.5418319702148 40.2304458618164 40.1470184326172 39.9316024780273 39.1055908203125 40.0662117004395 40.102367401123 39.1197700500488 38.3690414428711 39.1762008666992 39.1660423278809 39.7369117736816 39.8711853027344 39.5889091491699 39.3671836853027 39.4020767211914 38.8484382629395 38.638729095459 39.0008277893066 39.8712692260742
42.4808769226074 42.5587272644043 42.5334968566895 42.5178108215332 42.5321655273438 42.513973236084 42.4755477905273 42.4183616638184 42.4545402526855 42.4163055419922 42.4117622375488 42.7565040588379 42.9545555114746 43.0719146728516 43.0763397216797 43.0762023925781 42.9785385131836 42.7801742553711 42.5265579223633 42.5451889038086 42.3801574707031 42.1454696655273 41.5377082824707 41.2113647460938 41.7876129150391 41.5875625610352 41.2185249328613 40.7754287719727 40.4616775512695 40.2909164428711 39.5595207214355 39.4724082946777 40.0895004272461 39.6223068237305 39.0289611816406 38.5988616943359 38.6675796508789 38.8777542114258 39.0699272155762 38.8439788818359 38.419864654541 39.0592460632324 38.6482162475586 39.4820785522461 41.0146903991699 41.5132179260254
42.2343978881836 42.3939514160156 42.3627738952637 42.3519630432129 42.5028228759766 42.5904693603516 42.6062126159668 42.5455780029297 42.5860595703125 42.6135940551758 42.7463073730469 42.8531951904297 42.9497337341309 43.0220680236816 43.0600891113281 43.0909805297852 43.0537261962891 42.9148788452148 42.7676963806152 42.7119216918945 42.5857467651367 42.4507064819336 42.1762313842773 41.9768371582031 41.807559967041 41.3888473510742 41.6011848449707 41.4772300720215 41.178581237793 40.5574378967285 39.9980888366699 39.9804496765137 40.2497863769531 40.3818435668945 40.1040344238281 39.0414657592773 37.8375549316406 37.7923698425293 37.8746681213379 38.162914276123 38.0400123596191 38.525032043457 38.0818939208984 38.8172645568848 40.3726234436035 41.5423431396484
42.2621879577637 42.3134651184082 42.1634140014648 42.0547752380371 42.2247657775879 42.4072265625 42.60205078125 42.6933479309082 42.7389640808105 42.8056755065918 42.8522834777832 42.7765197753906 42.5712890625 42.8783149719238 43.0573348999023 43.083854675293 43.072452545166 42.9992027282715 42.9075965881348 42.8376159667969 42.7450675964355 42.6413688659668 42.5780906677246 42.0388832092285 41.7205657958984 41.6385726928711 41.7000198364258 41.5350570678711 41.3546524047852 40.887508392334 39.763916015625 39.9366989135742 40.1966400146484 40.2383308410645 40.310432434082 39.4956016540527 38.3241500854492 38.0951194763184 38.1114463806152 38.4902992248535 37.9440116882324 38.2572784423828 38.5965957641602 38.8584518432617 39.6238327026367 40.6318969726562
42.148323059082 42.1184120178223 42.1126480102539 42.0361175537109 41.9373207092285 41.9774208068848 42.4094543457031 42.5072708129883 42.6012649536133 42.6048583984375 42.7806282043457 42.8602256774902 42.6337814331055 42.8409461975098 43.0187644958496 43.070140838623 43.0656242370605 42.9929275512695 42.943286895752 42.8931922912598 42.8137664794922 42.7425003051758 42.6403427124023 42.2190399169922 41.4884910583496 41.569751739502 41.7112274169922 41.4976005554199 41.437183380127 41.2922859191895 40.5741195678711 40.275260925293 39.9440994262695 40.1602020263672 40.265796661377 39.8320503234863 38.876049041748 39.1140632629395 38.624641418457 39.2382736206055 38.7242889404297 38.8539390563965 38.9417114257812 39.0223999023438 39.000919342041 38.8177642822266
42.5450477600098 41.9730834960938 41.8888168334961 41.8305969238281 41.7962913513184 41.896312713623 42.1680946350098 42.1168022155762 42.324821472168 42.3556671142578 42.4136199951172 42.4621963500977 42.6102294921875 42.8377342224121 42.9837684631348 43.0679969787598 43.0479774475098 42.9308738708496 42.763298034668 42.6650505065918 42.7611045837402 42.5923652648926 42.5909194946289 42.5183486938477 42.1114349365234 42.0104217529297 42.0122833251953 41.8218650817871 41.6591835021973 41.4490623474121 40.8308410644531 40.4979248046875 39.8522987365723 40.1859931945801 40.2087211608887 39.9878005981445 39.5925140380859 39.7772254943848 39.5261077880859 39.7259902954102 39.4774703979492 39.2837677001953 39.137565612793 38.9886245727539 38.6692810058594 38.4455070495605
43.1454200744629 42.450511932373 41.7694511413574 41.6260108947754 41.7313041687012 41.8853607177734 41.8196678161621 41.8075218200684 42.0945739746094 42.3424758911133 42.3931350708008 42.3698539733887 42.5566368103027 42.8057708740234 42.9956283569336 43.0375366210938 43.0333099365234 42.9564971923828 42.7974586486816 42.5904426574707 42.6342811584473 42.5749282836914 42.4902496337891 42.5836868286133 42.4737396240234 42.3650856018066 42.1093254089355 41.919376373291 41.825065612793 41.554256439209 41.1953506469727 40.7766075134277 39.9962158203125 40.1175804138184 40.0755996704102 40.1128234863281 40.0143928527832 39.9739570617676 39.8561706542969 39.6777038574219 38.9536209106445 38.7931289672852 38.9515724182129 38.7072143554688 38.5722541809082 38.2484703063965
43.3723258972168 42.9373626708984 42.1896858215332 41.6682167053223 41.6452140808105 41.6253967285156 41.6436767578125 41.938892364502 42.1360473632812 42.0325889587402 42.5595283508301 42.7482070922852 42.826473236084 42.8977661132812 42.9659576416016 43.0216407775879 43.0161361694336 42.953971862793 42.850658416748 42.7140235900879 42.6079139709473 42.5346755981445 42.3592834472656 42.3764038085938 42.5007286071777 42.4692115783691 42.2674217224121 41.784065246582 41.3342933654785 41.5498657226562 41.2705459594727 40.9880905151367 40.2601890563965 39.9802093505859 39.777889251709 40.0301742553711 40.0875358581543 39.982738494873 39.9283485412598 39.6366806030273 39.0068473815918 38.6424865722656 38.7846336364746 38.4415130615234 38.3475303649902 38.2506866455078
43.3689842224121 43.2162437438965 42.8145790100098 42.2585945129395 41.773738861084 41.493293762207 41.6295280456543 41.9003219604492 41.9276123046875 42.1810989379883 42.6696281433105 42.8589668273926 42.951774597168 43.0236396789551 43.0245971679688 43.0297660827637 42.9191207885742 42.9099159240723 42.8982734680176 42.8142776489258 42.7021102905273 42.551944732666 42.3661918640137 42.2783584594727 42.3531723022461 42.3697700500488 42.3909034729004 42.1745796203613 41.9145088195801 41.7700347900391 41.277961730957 41.1221046447754 40.368839263916 39.9904861450195 39.428638458252 39.8300895690918 39.9318580627441 39.9074478149414 39.9341278076172 39.7535552978516 39.2764549255371 39.1142463684082 39.0062866210938 38.7997093200684 38.4955825805664 38.3224334716797
43.3434143066406 43.3092956542969 43.0789451599121 42.4917984008789 41.9665031433105 41.7042274475098 41.6596755981445 41.7226219177246 41.4925155639648 41.6181030273438 42.3571357727051 42.6941833496094 42.832347869873 42.9909057617188 43.0474624633789 42.9994125366211 42.919864654541 42.8996887207031 42.8531723022461 42.8260841369629 42.7274551391602 42.6230392456055 42.5164070129395 42.3235855102539 42.20556640625 42.1348876953125 42.0892333984375 42.1675109863281 41.9570655822754 42.0388832092285 42.0388984680176 41.344539642334 40.8068733215332 40.3957138061523 39.9427070617676 40.0400886535645 39.9877243041992 39.8157615661621 39.92138671875 39.8162307739258 39.3622093200684 39.2061996459961 39.0843887329102 38.9033699035645 38.4511909484863 38.2657012939453
43.1969757080078 43.2562408447266 43.1208152770996 42.2694625854492 41.5533409118652 41.5180816650391 41.6032829284668 41.470703125 41.2324714660645 41.3402824401855 42.2999877929688 42.6961288452148 42.8669624328613 43.0084495544434 43.0017204284668 42.9442710876465 42.9214096069336 42.8521842956543 42.7998695373535 42.7779388427734 42.7682609558105 42.7055740356445 42.551887512207 42.3621597290039 42.1549797058105 41.9999847412109 41.9639511108398 41.9035148620605 41.8794059753418 41.7713661193848 41.914909362793 41.789249420166 41.2849960327148 40.7321815490723 40.3299140930176 40.6048583984375 40.5432815551758 40.1082077026367 39.917236328125 39.957405090332 39.7953414916992 39.5534286499023 39.2574768066406 39.0211219787598 38.704029083252 38.3446998596191
43.0211791992188 43.0742340087891 43.1550483703613 42.7748222351074 41.8909339904785 41.5757179260254 41.8799285888672 41.4269943237305 41.2767066955566 41.3385543823242 42.2626342773438 42.7717628479004 42.9382362365723 43.0006484985352 42.9251365661621 42.8290634155273 42.8115425109863 42.8134994506836 42.7687301635742 42.6620712280273 42.6853523254395 42.7231254577637 42.5849075317383 42.4376602172852 42.2536087036133 42.0976867675781 41.7850532531738 41.6006011962891 41.2795944213867 41.5584869384766 41.3968811035156 41.8465576171875 41.864631652832 41.550708770752 41.1088981628418 41.1169586181641 40.7816772460938 40.4560928344727 40.1679573059082 40.4738578796387 40.0915451049805 39.8388442993164 39.6782264709473 39.5361633300781 39.2733573913574 39.1222190856934
42.9179229736328 42.8847618103027 43.0291137695312 43.0282669067383 42.6391372680664 42.4223175048828 42.3642959594727 42.0447731018066 41.8539886474609 41.8508987426758 42.0034561157227 42.3399047851562 42.8748245239258 42.969654083252 42.8524742126465 42.7637825012207 42.7438430786133 42.7663879394531 42.7169380187988 42.6452980041504 42.645679473877 42.7142448425293 42.6550788879395 42.4872627258301 42.3769187927246 42.2027320861816 41.9119262695312 41.7057037353516 41.3328666687012 41.5102615356445 40.9511337280273 41.2998733520508 41.4776649475098 41.4762420654297 41.5587387084961 41.4349670410156 41.1593246459961 41.0159912109375 40.6113548278809 40.1621627807617 40.0784950256348 40.1036071777344 39.8730316162109 39.6825981140137 39.6568298339844 39.5097351074219
42.9969100952148 42.982780456543 43.0127220153809 43.0272827148438 42.9160118103027 42.3913726806641 42.3891983032227 42.4304580688477 42.2315254211426 42.181755065918 42.3817367553711 42.6733474731445 42.9251594543457 42.9666023254395 42.8684959411621 42.7011528015137 42.7334861755371 42.7109031677246 42.531063079834 42.4980888366699 42.5906448364258 42.6374816894531 42.6612777709961 42.5626335144043 42.4449806213379 42.3008575439453 42.1216278076172 41.8837699890137 41.7243347167969 41.5719184875488 41.1941261291504 40.8696365356445 40.9652709960938 40.9146156311035 41.2722320556641 41.0000953674316 41.2087364196777 40.9876289367676 40.6629066467285 40.2897720336914 40.0701675415039 39.8687362670898 39.4338035583496 38.908317565918 39.3840484619141 39.5256614685059
43.092170715332 43.063346862793 43.0264320373535 43.0022850036621 42.8638496398926 42.1857604980469 41.9988899230957 42.3539085388184 42.2463111877441 41.9625701904297 42.194896697998 42.7373161315918 42.9382629394531 42.9462471008301 42.8595275878906 42.6912422180176 42.6722183227539 42.4867324829102 42.2607879638672 42.3609161376953 42.5868339538574 42.5783195495605 42.6245880126953 42.5983390808105 42.4446601867676 42.3737831115723 42.210807800293 41.9550704956055 41.8631248474121 41.6552810668945 41.2916030883789 40.7034149169922 40.4280700683594 40.530517578125 40.899600982666 40.9973220825195 40.6644859313965 40.3490715026855 40.4963684082031 40.4171562194824 40.1065216064453 39.8905754089355 39.4134559631348 38.6927604675293 39.0584030151367 39.3557357788086
43.1376686096191 43.0952568054199 43.0432739257812 43.0036201477051 42.9577522277832 42.6617012023926 42.2729339599609 42.0540161132812 42.0453796386719 41.8505859375 42.2413787841797 42.7473335266113 42.9203224182129 42.9121971130371 42.8262748718262 42.6608543395996 42.5143661499023 42.3313827514648 42.2215347290039 42.4257583618164 42.511890411377 42.5496559143066 42.5022048950195 42.564022064209 42.4969520568848 42.4051971435547 42.2530517578125 42.0126533508301 41.8940238952637 41.7114753723145 41.347770690918 41.160041809082 40.7556838989258 40.5759429931641 40.5097770690918 40.616340637207 40.8233528137207 40.675853729248 40.3503684997559 40.1581840515137 39.9655914306641 39.7809219360352 39.5467758178711 39.2556266784668 38.6875076293945 38.9174385070801
43.1651344299316 43.1103210449219 43.0571632385254 43.0337028503418 42.9598541259766 42.7714424133301 42.5257110595703 42.0273132324219 41.922119140625 42.0653991699219 42.4375381469727 42.7697486877441 42.8798027038574 42.8576850891113 42.7360801696777 42.5853424072266 42.3323020935059 42.2497787475586 42.3242454528809 42.3319778442383 42.4334602355957 42.3729667663574 42.2094535827637 42.3959312438965 42.5205116271973 42.4047355651855 42.2161827087402 42.0733947753906 41.9447746276855 41.8379402160645 41.6589622497559 41.4595146179199 41.1814575195312 41.115348815918 40.8215179443359 40.5151329040527 40.5834808349609 40.6260261535645 40.4109649658203 40.2627487182617 40.1236381530762 39.9086990356445 39.3685264587402 39.0212364196777 39.1110038757324 39.1074256896973
43.1766090393066 43.1716346740723 43.1132774353027 43.0698318481445 42.9645080566406 42.8610496520996 42.7627639770508 42.4524993896484 42.0502777099609 42.1164245605469 42.2379913330078 42.4742088317871 42.6921768188477 42.7145156860352 42.6502265930176 42.521125793457 42.3420677185059 42.2200889587402 42.1131935119629 42.133129119873 42.3084487915039 42.3001174926758 42.0862617492676 42.3909378051758 42.5403594970703 42.4333152770996 42.2908020019531 42.1473007202148 42.0657997131348 41.9536666870117 41.8359184265137 41.6408004760742 41.3546371459961 41.5047988891602 41.3757743835449 41.0441055297852 40.6498794555664 40.5354385375977 40.6164665222168 40.9399337768555 40.2923812866211 40.0488929748535 39.6863098144531 39.0856781005859 39.0061683654785 38.8831825256348
