inst/extdata/Tmax/Tmax92.asc
NCOLS 100 
NROWS 79 
XLLCORNER 148.06 
YLLCORNER -21.49 
CELLSIZE 0.01 
NODATA_value -3.4e+38 
[rows 20 to 39 of 79, columns 46 to 91 of 100]
26.532958984375 24.816707611084 25.012113571167 26.3660259246826 26.1022930145264 25.54833984375 25.2554397583008 24.0918617248535 25.8719520568848 27.5362968444824 28.7699222564697 28.2670040130615 28.2556018829346 28.9729804992676 28.5990123748779 28.3149681091309 28.6466369628906 29.2979106903076 29.4867858886719 29.50417137146 29.4596481323242 29.3345718383789 29.669225692749 29.7726230621338 29.7271862030029 29.6517143249512 29.5462856292725 29.5938282012939 29.5652904510498 29.2109928131104 29.3033256530762 29.5990810394287 29.4946365356445 29.2009868621826 29.2116279602051 29.1884536743164 29.1048240661621 29.1063537597656 29.0984954833984 29.0775928497314 29.0063629150391 28.8218727111816 28.1766204833984 28.0304164886475 28.2724456787109 28.2863597869873
26.818675994873 24.7966251373291 23.6322612762451 25.3117198944092 25.1681251525879 24.6309337615967 25.457986831665 23.59055519104 24.8066024780273 26.9683933258057 28.4557209014893 26.9587936401367 26.2296352386475 28.3312110900879 26.9985961914062 26.6093482971191 27.6208953857422 29.12424659729 29.1472949981689 29.6305065155029 29.7649421691895 29.765588760376 29.5462989807129 29.1779041290283 29.1827220916748 29.2762660980225 29.4701652526855 29.4487857818604 29.3586292266846 29.279369354248 29.6302165985107 29.6832733154297 29.627067565918 29.2305717468262 29.3298244476318 29.2917041778564 29.155912399292 29.1751136779785 29.1887302398682 29.1961650848389 29.0605640411377 28.9384727478027 28.7228832244873 28.5053539276123 28.3604011535645 28.3685073852539
27.427490234375 26.9404373168945 25.0759391784668 24.4277191162109 23.9471435546875 25.0711135864258 24.4684295654297 24.7021598815918 24.0914211273193 24.9990577697754 27.4082145690918 27.8871421813965 26.1572036743164 26.6321640014648 26.2503528594971 26.9204082489014 28.1495628356934 28.6230812072754 27.1035499572754 28.5720920562744 29.505090713501 29.5890979766846 28.9167213439941 27.9934101104736 28.6883163452148 28.6880187988281 29.3657627105713 29.5894870758057 29.2610874176025 29.5041656494141 29.7137203216553 29.7630004882812 29.7663040161133 29.7001800537109 29.5872764587402 29.3948631286621 29.1982727050781 29.0612201690674 29.1523838043213 29.2696933746338 29.1558895111084 29.085865020752 28.794282913208 28.6669883728027 28.5280380249023 28.7027282714844
26.7942276000977 26.6206016540527 25.9990310668945 25.2014961242676 23.7260513305664 24.4550132751465 25.0727043151855 25.2546138763428 24.9964294433594 24.5392360687256 25.8500385284424 25.8288879394531 26.8826904296875 25.0380935668945 25.9700908660889 27.7177696228027 27.7038116455078 28.1507320404053 26.6147689819336 28.9870185852051 29.8763942718506 29.7544498443604 28.7044048309326 27.1854305267334 28.6047649383545 28.8166236877441 28.9460678100586 29.4808349609375 29.7122669219971 29.7898387908936 29.8270606994629 29.8563232421875 29.8352470397949 29.742712020874 29.6364040374756 29.4714775085449 29.0064449310303 28.6235389709473 28.7930927276611 29.1133117675781 29.0961112976074 29.1673126220703 28.8892669677734 28.8712043762207 28.60129737854 28.6539535522461
24.8649787902832 26.1711044311523 26.5104064941406 26.2586936950684 25.231388092041 24.6032867431641 24.5862998962402 24.260009765625 25.1360607147217 24.5834846496582 24.5747394561768 24.0932388305664 26.0503787994385 27.0616054534912 26.1318092346191 27.3704299926758 28.2772808074951 28.9556846618652 28.6203651428223 29.7860336303711 29.81028175354 29.6473979949951 28.8844242095947 27.9471092224121 28.8584880828857 29.2032413482666 28.872501373291 28.9935989379883 29.127420425415 29.69970703125 29.5371322631836 29.9069919586182 29.7770023345947 29.7455921173096 29.6591243743896 29.2885398864746 29.1994037628174 28.5569343566895 28.2445087432861 28.7936401367188 28.9651679992676 29.0880107879639 28.9064693450928 28.987024307251 29.0684623718262 28.9207725524902
23.3797607421875 24.3806190490723 25.7111015319824 25.6194877624512 24.759822845459 24.0013465881348 23.5885639190674 22.9941482543945 24.1981925964355 24.8161373138428 24.278902053833 24.504566192627 25.9276275634766 28.1796817779541 27.6130313873291 27.7259578704834 27.9219264984131 29.5093631744385 29.6330699920654 29.6324119567871 29.6439323425293 29.2953205108643 27.8960952758789 27.9744129180908 28.1096096038818 28.8599376678467 28.5632438659668 27.8688659667969 28.6035690307617 29.8009052276611 29.7577133178711 29.895450592041 29.8626174926758 29.8431358337402 29.703556060791 29.5464973449707 29.578556060791 28.9134407043457 28.3369617462158 28.7308883666992 28.3894290924072 28.5552158355713 28.2452754974365 29.0035266876221 29.0714340209961 29.0554962158203
23.2621574401855 23.0930976867676 23.8202514648438 24.4666137695312 25.1571159362793 22.8728790283203 22.5794258117676 23.4343338012695 23.9450168609619 24.6948909759521 24.7106418609619 25.1208801269531 27.0601043701172 28.1245250701904 28.7087574005127 28.9199657440186 29.0943145751953 29.6805267333984 29.2855777740479 29.1100387573242 29.1684093475342 28.6714172363281 28.8994903564453 29.2196731567383 29.243896484375 28.5723133087158 28.1027545928955 29.1527881622314 29.4568481445312 29.4224452972412 28.8130779266357 29.5740242004395 29.765115737915 29.871223449707 29.8695850372314 29.7823581695557 29.4281806945801 29.0682411193848 29.1706676483154 28.9098987579346 28.7834377288818 28.1670551300049 28.734447479248 28.9849739074707 28.8946666717529 28.7868843078613
23.4591827392578 22.9244384765625 23.2337799072266 23.4806327819824 24.0356292724609 22.3002891540527 21.9897956848145 22.4185047149658 23.7550106048584 24.5170841217041 23.9818954467773 24.5675277709961 25.4765949249268 26.8214664459229 28.4907341003418 28.1353225708008 29.3991355895996 29.6930046081543 28.9140625 28.084228515625 28.8417816162109 29.0759143829346 29.4538955688477 29.7261962890625 29.8623847961426 29.4100227355957 29.420337677002 29.8324546813965 29.9165287017822 29.1340503692627 28.6514987945557 29.2779407501221 29.4160423278809 29.8915042877197 29.9546203613281 29.9043998718262 29.7484283447266 29.5237331390381 29.0873432159424 28.2178382873535 27.9639568328857 27.8302917480469 27.8864917755127 28.6692371368408 28.7305107116699 29.1837196350098
24.3555030822754 23.9036979675293 24.6769180297852 24.5111541748047 24.1008796691895 22.6561813354492 23.4523410797119 23.1785774230957 23.4912090301514 24.0959053039551 23.8037109375 24.0826988220215 24.2146854400635 26.562967300415 28.0231876373291 27.2253303527832 28.9539680480957 29.3002548217773 28.9647254943848 27.6961250305176 28.027156829834 29.2849464416504 29.7492790222168 29.9039096832275 29.9412994384766 29.8492412567139 29.8791007995605 30.0186138153076 29.6046295166016 28.8156700134277 28.6830024719238 29.4443626403809 29.9250717163086 29.9786109924316 29.9812812805176 29.9686870574951 29.9320735931396 29.793773651123 29.5303726196289 28.2552089691162 27.5944633483887 26.6713886260986 27.8082218170166 27.804386138916 28.835636138916 29.2615280151367
26.0156745910645 25.8534965515137 25.248477935791 25.1805725097656 24.6366539001465 24.1346015930176 23.8167781829834 22.7785911560059 23.4405345916748 22.9097347259521 22.3973121643066 23.7611980438232 24.1043834686279 26.0401821136475 27.2186813354492 26.3695983886719 27.2314796447754 28.1532821655273 28.8081550598145 28.6813430786133 28.187557220459 29.3031787872314 29.8447685241699 29.6375331878662 29.6220684051514 29.2876129150391 29.7647933959961 30.0483589172363 29.0268115997314 28.0694580078125 28.8446521759033 29.4962577819824 29.9002723693848 30.0013999938965 30.0266437530518 29.9820976257324 29.9715461730957 29.8827724456787 29.6882457733154 29.2691230773926 28.5158843994141 27.95627784729 27.4699516296387 27.2571392059326 28.2720565795898 28.8472137451172
24.8875465393066 24.8867034912109 24.9132919311523 24.5393905639648 24.0375633239746 24.2753524780273 23.3377513885498 22.7951717376709 22.2508964538574 22.3377246856689 21.7128238677979 22.6669216156006 22.6533374786377 24.9327945709229 26.0156650543213 24.7780227661133 25.322193145752 27.2159080505371 28.7617607116699 29.4043121337891 28.8802185058594 29.577543258667 29.8227710723877 29.3875560760498 29.3797855377197 29.5405120849609 30.069263458252 30.0544586181641 29.4570980072021 28.7163009643555 29.1582565307617 29.476490020752 29.9660930633545 30.0043716430664 29.9636306762695 29.9458141326904 29.9553718566895 29.8840255737305 29.814811706543 29.6042652130127 29.336763381958 28.7278156280518 28.298807144165 28.2601490020752 28.5229797363281 29.0066795349121
24.1296844482422 24.3999176025391 24.2787208557129 24.2278747558594 23.2885475158691 24.1234169006348 23.1128463745117 21.7961292266846 21.157901763916 21.5615177154541 21.2098617553711 21.9199142456055 22.738224029541 24.6557273864746 24.9652366638184 24.5859260559082 26.9762878417969 28.1181488037109 28.9953231811523 29.5537490844727 29.8877563476562 29.9571151733398 29.9068050384521 29.8198909759521 29.586799621582 29.9342365264893 30.0879745483398 29.9722309112549 29.5603580474854 28.8419971466064 28.9623012542725 29.6266918182373 29.8779315948486 29.3670539855957 29.7953433990479 29.9375953674316 29.9247875213623 29.8951549530029 29.8562183380127 29.7436447143555 29.4259757995605 28.5741138458252 28.9688930511475 29.0242137908936 28.9277687072754 28.8650989532471
23.4271392822266 23.7405948638916 23.5707340240479 23.8505783081055 23.9383277893066 23.9474201202393 23.5453319549561 22.3706951141357 22.4652557373047 22.567066192627 21.4905853271484 21.2744884490967 22.2704105377197 24.5921192169189 25.1181221008301 25.640209197998 25.7409172058105 26.7807273864746 28.9630546569824 29.64866065979 29.8893051147461 29.8426303863525 29.6875991821289 29.6470394134521 29.835865020752 29.9434680938721 29.9281959533691 29.5002059936523 28.4379463195801 28.654613494873 29.0485019683838 29.9560604095459 29.6650466918945 29.0330944061279 29.8216991424561 29.7593746185303 29.8023796081543 29.8743534088135 29.776683807373 29.468189239502 28.8124237060547 27.3440933227539 27.0515193939209 28.2886619567871 28.7158432006836 29.0715637207031
24.1414623260498 23.6308135986328 23.4577140808105 23.6289691925049 23.7683811187744 23.6816310882568 23.1927814483643 22.7888107299805 23.3927097320557 22.6599903106689 22.5116367340088 22.4941883087158 23.3177909851074 24.4944705963135 24.6505565643311 25.3990707397461 26.5619468688965 27.9471492767334 29.0387268066406 29.5273323059082 29.9293804168701 29.9102439880371 29.3634147644043 29.0535202026367 29.3297023773193 29.1886119842529 29.322265625 29.5290431976318 29.4204235076904 29.4174194335938 29.7867183685303 30.0943412780762 29.4055423736572 29.3217182159424 29.982292175293 29.4286346435547 29.5947322845459 29.5597286224365 29.6551055908203 29.3288154602051 27.6915111541748 26.8305206298828 26.1370735168457 28.2591152191162 28.9159259796143 28.7322101593018
24.5935020446777 23.3173351287842 23.2629642486572 23.3773899078369 23.5192413330078 23.3792629241943 23.3883628845215 23.9634437561035 23.5812320709229 22.7747917175293 23.9577865600586 24.429407119751 24.6145629882812 23.959135055542 23.9768047332764 25.0564308166504 26.5010089874268 28.1191024780273 28.2508811950684 29.2016315460205 29.7496452331543 29.7823638916016 29.2585391998291 29.0000019073486 28.0992221832275 28.7742214202881 29.3852519989014 29.5759563446045 29.85866355896 29.8855113983154 30.1031455993652 30.044282913208 30.0207538604736 30.0666694641113 30.0297966003418 29.7693672180176 28.7106227874756 29.4108867645264 29.6373596191406 29.5931739807129 29.5551471710205 28.1193161010742 27.945650100708 29.4611225128174 29.7784023284912 29.7639389038086
24.6549224853516 23.598539352417 23.2324104309082 23.1506366729736 23.3689346313477 23.1778373718262 23.8769950866699 25.5866947174072 24.6702899932861 23.9469299316406 25.8779411315918 26.5588703155518 26.1574478149414 24.1176948547363 24.5340270996094 24.6415367126465 26.8015880584717 26.9050788879395 26.7730350494385 27.8927097320557 29.256591796875 29.531379699707 29.1776390075684 29.1879825592041 29.0570812225342 28.6886138916016 28.7939891815186 28.9817008972168 29.78733253479 29.7641105651855 29.8769645690918 29.6685638427734 29.9122905731201 30.0936698913574 29.7827491760254 29.7726802825928 29.0237846374512 29.1831073760986 29.5062160491943 29.3344898223877 29.8131484985352 29.8274593353271 29.7297019958496 29.7880210876465 29.9203834533691 29.7968940734863
24.3591403961182 23.6617050170898 23.433801651001 23.6216430664062 23.5472793579102 23.6516532897949 24.0865383148193 26.2979354858398 26.4796581268311 25.0882701873779 27.1575698852539 28.3280792236328 27.4850101470947 26.0703620910645 25.984411239624 26.7273502349854 27.5708408355713 28.1487655639648 28.5482921600342 28.9285125732422 29.2063255310059 28.9107055664062 27.3503170013428 27.708610534668 28.3543853759766 27.9319896697998 28.2043800354004 29.2155570983887 29.665548324585 29.9135246276855 28.6994438171387 28.685338973999 29.6443367004395 29.9984836578369 29.4686317443848 29.5121059417725 28.6095409393311 29.2234191894531 29.4685230255127 29.3163604736328 29.8512344360352 29.9574775695801 29.9961376190186 30.0040454864502 29.9522857666016 29.615535736084
24.3973064422607 23.966365814209 23.9149990081787 24.0701580047607 24.2671966552734 24.4159832000732 25.2525367736816 27.0313472747803 26.9005870819092 26.4005165100098 27.990837097168 29.3391075134277 28.383939743042 27.0331439971924 26.39719581604 28.4925498962402 28.9400062561035 29.2053890228271 29.4621067047119 29.5104885101318 29.0465488433838 28.7496185302734 28.893871307373 28.2634925842285 28.6757068634033 29.2431640625 29.510160446167 29.617244720459 29.8738098144531 29.8084583282471 27.9462394714355 28.8050079345703 29.7941627502441 29.7204837799072 29.2422256469727 29.2057800292969 29.0358600616455 29.6356010437012 29.6813812255859 29.7037715911865 29.6821365356445 29.8788356781006 29.9448509216309 29.9677772521973 29.895938873291 29.8587112426758
24.3422241210938 24.0248794555664 24.5949268341064 25.3862991333008 25.496940612793 25.9872665405273 27.0940208435059 27.7196807861328 27.082576751709 27.5027446746826 29.2359447479248 29.8579235076904 29.2286167144775 28.0297508239746 27.1357479095459 28.4243793487549 28.4427967071533 28.8157806396484 29.7025718688965 29.9544868469238 29.6239852905273 29.23756980896 29.650899887085 29.4431972503662 29.3083171844482 29.8701953887939 29.7686824798584 29.6902332305908 30.0029735565186 29.757604598999 29.0600757598877 29.6173477172852 29.834753036499 29.4986705780029 28.4223804473877 28.386251449585 28.7834625244141 29.6370449066162 29.3151779174805 29.3037090301514 29.3392448425293 29.6842517852783 29.674690246582 29.7563247680664 29.6021175384521 29.7701568603516
24.3992919921875 24.5916137695312 25.7845878601074 26.5542964935303 27.2692813873291 28.2503623962402 29.0351963043213 28.2219123840332 26.184513092041 26.8178539276123 28.5794067382812 29.8966655731201 29.410041809082 29.0308990478516 27.973913192749 29.1695518493652 29.3671836853027 28.6566619873047 29.5943870544434 30.0162086486816 29.9736251831055 29.4743537902832 29.8833351135254 30.0198383331299 29.8574199676514 29.974925994873 29.7752437591553 28.9043941497803 29.8575801849365 30.0363159179688 29.9574241638184 29.838207244873 29.4863300323486 29.1058769226074 28.1293563842773 28.207088470459 29.1099758148193 29.0479049682617 28.8936023712158 28.6869430541992 28.8684577941895 29.2355175018311 29.0211544036865 29.4481983184814 28.9249610900879 29.3913745880127
