inst/extdata/Tmax/Tmax133.asc
NCOLS 100 
NROWS 79 
XLLCORNER 148.06 
YLLCORNER -21.49 
CELLSIZE 0.01 
NODATA_value -3.4e+38 
[rows 40 to 59 of 79, columns 46 to 91 of 100]
29.6678600311279 30.4811496734619 30.8317604064941 31.5677738189697 32.9096832275391 33.7171974182129 33.3224639892578 31.7294330596924 31.4125804901123 31.9728775024414 32.3978424072266 33.8428497314453 33.517333984375 33.6895637512207 32.9883041381836 33.8245658874512 33.9723587036133 33.7256546020508 33.8006935119629 33.8755569458008 33.8774681091309 33.1059303283691 33.4210815429688 33.6759300231934 33.7404708862305 33.7794876098633 33.688720703125 33.3678131103516 33.507682800293 33.6543083190918 33.6083717346191 33.4714775085449 33.1940002441406 32.1600151062012 32.3701171875 32.9113159179688 32.8217163085938 32.7302093505859 32.9093475341797 32.4470291137695 31.8417587280273 32.2114067077637 32.4508171081543 32.2704200744629 32.4678573608398 32.4859008789062
30.7867336273193 31.7630672454834 31.6860599517822 31.6423168182373 32.9421005249023 33.9577484130859 33.0111656188965 32.6735496520996 33.1602897644043 33.2217140197754 33.516788482666 34.0881156921387 33.9843902587891 33.9893531799316 33.8590393066406 34.1089477539062 34.1328582763672 34.0693817138672 34.0248565673828 34.0329856872559 34.0082626342773 33.5781631469727 32.9977531433105 33.2806358337402 33.2070045471191 33.5985717773438 33.8370552062988 33.4419937133789 33.4186630249023 33.7197952270508 33.7303581237793 33.650218963623 33.4998359680176 32.9934310913086 33.1732788085938 33.1908111572266 33.0034637451172 32.9821472167969 33.0485763549805 33.131950378418 32.342472076416 32.5086402893066 32.9841690063477 32.8095550537109 32.899845123291 32.8333396911621
32.8046035766602 32.944766998291 33.0870552062988 33.4764175415039 33.7420082092285 34.1319541931152 33.7744750976562 33.3237686157227 33.7423782348633 34.0661163330078 33.9888725280762 34.239631652832 34.2588577270508 34.184886932373 34.1531791687012 34.2148551940918 34.2147521972656 34.186092376709 34.1505661010742 34.1320457458496 34.0497436523438 33.2882385253906 33.1163864135742 33.5111389160156 33.081226348877 33.4363212585449 33.7797927856445 33.6863327026367 33.6256065368652 33.8133850097656 33.8138236999512 33.7953720092773 33.7467308044434 33.6359367370605 33.5389976501465 33.2582664489746 32.5066719055176 32.9688339233398 33.3798179626465 33.3565788269043 33.234432220459 33.1687278747559 33.2444038391113 33.2551956176758 33.2741928100586 33.2073097229004
33.8377571105957 33.845645904541 33.9450302124023 34.0562019348145 34.2412452697754 34.2958984375 34.2182807922363 34.0172424316406 34.1500053405762 34.3201103210449 34.3115501403809 34.3432350158691 34.3164215087891 34.2767105102539 34.2832832336426 34.252368927002 34.1898422241211 34.1604118347168 34.1761741638184 34.1895484924316 34.1430587768555 33.94189453125 33.7273559570312 33.8560676574707 33.7364311218262 33.3673439025879 33.5847244262695 33.7866859436035 33.89404296875 33.8952140808105 33.8740539550781 33.8536071777344 33.8137588500977 33.7623443603516 33.7421875 33.6011085510254 33.1986694335938 33.4299621582031 33.5613288879395 33.5302276611328 33.4838256835938 33.4646072387695 33.434455871582 33.4317092895508 33.4189834594727 33.3723678588867
33.691650390625 33.9064598083496 34.1146507263184 34.1121673583984 34.1489715576172 34.2395782470703 34.2730560302734 34.3206405639648 34.3342056274414 34.2784004211426 34.0992393493652 34.1788520812988 34.1070175170898 33.8846282958984 34.0235557556152 34.1235961914062 34.0217247009277 34.1012535095215 34.165943145752 34.1932754516602 34.1924285888672 34.077075958252 33.8129920959473 33.5938339233398 33.761833190918 33.8869018554688 33.9099998474121 33.9282073974609 33.917839050293 33.9269218444824 33.8945083618164 33.8691749572754 33.8167953491211 33.7662582397461 33.7739295959473 33.7072410583496 33.6725463867188 33.6519012451172 33.5838088989258 33.5675468444824 33.5299491882324 33.5008354187012 33.486213684082 33.4566650390625 33.3540306091309 33.3611488342285
32.1827049255371 32.8365173339844 33.1846084594727 33.3573722839355 33.6574516296387 33.9248275756836 33.8704719543457 34.0268249511719 34.0156478881836 33.871940612793 33.2281150817871 33.2315368652344 33.2873344421387 32.0379028320312 32.8261375427246 33.4544563293457 33.8937835693359 34.1535301208496 34.2139625549316 34.2206916809082 34.2134170532227 34.0598754882812 33.6961479187012 33.3855400085449 33.5901641845703 33.7893829345703 33.8781967163086 33.8516044616699 33.8872146606445 33.9272193908691 33.9103012084961 33.890453338623 33.8560638427734 33.8300476074219 33.7848091125488 33.6887283325195 33.6609649658203 33.6355056762695 33.5929145812988 33.5670394897461 33.5245933532715 33.4996490478516 33.473201751709 33.4104537963867 33.3864250183105 33.3904609680176
30.1391201019287 31.2241287231445 31.1358394622803 31.1030750274658 32.2236824035645 32.6642150878906 32.7577095031738 32.9701309204102 33.3427085876465 32.8152389526367 32.2429237365723 31.7492637634277 32.299446105957 32.1836738586426 32.5474166870117 33.4989852905273 34.0496406555176 34.1919288635254 34.2065887451172 34.1774253845215 34.2023735046387 34.2022438049316 33.8498840332031 33.553150177002 33.4478721618652 33.6548042297363 33.808349609375 33.883617401123 33.9486808776855 33.9461288452148 33.9423027038574 33.9308700561523 33.9050216674805 33.8616065979004 33.7781181335449 33.7114372253418 33.6882743835449 33.6656341552734 33.6348457336426 33.6038475036621 33.5608444213867 33.5388336181641 33.5188827514648 33.4721260070801 33.4482803344727 33.3392906188965
30.2475833892822 30.1828899383545 30.0097541809082 30.0718612670898 30.0152454376221 30.6818084716797 31.7488708496094 32.2996597290039 32.4449081420898 32.3301963806152 32.7693862915039 32.6197853088379 32.4765281677246 32.9529304504395 33.1875190734863 33.8982391357422 34.0951766967773 34.1054878234863 34.042236328125 34.1276664733887 34.2107849121094 34.2391891479492 34.1091041564941 33.8451385498047 33.4934463500977 33.6973991394043 33.8384284973145 33.9531288146973 33.9927368164062 34.0047988891602 33.9936637878418 33.9618644714355 33.8913345336914 33.8130302429199 33.7452201843262 33.7067031860352 33.6980743408203 33.691707611084 33.6653785705566 33.6354141235352 33.6040000915527 33.5879821777344 33.5652351379395 33.5290641784668 33.3494033813477 33.1590309143066
29.9143199920654 29.9995098114014 30.1933498382568 29.9399490356445 29.8540344238281 29.9385681152344 30.6888580322266 32.0878601074219 32.5343856811523 32.6752090454102 32.5278205871582 32.6756820678711 32.9110946655273 33.1437149047852 33.1822738647461 33.6120414733887 33.9114112854004 33.8992385864258 33.881420135498 34.1129684448242 34.1858901977539 34.1867637634277 34.2398910522461 34.1579246520996 34.0499114990234 34.008056640625 34.0620498657227 34.0994529724121 34.0879821777344 34.0725326538086 34.0310401916504 33.9606666564941 33.8756217956543 33.7534523010254 33.7029724121094 33.7310333251953 33.7211723327637 33.7181777954102 33.7138442993164 33.6845436096191 33.6659889221191 33.6488838195801 33.6194114685059 33.5910606384277 33.444408416748 33.3130226135254
29.9832305908203 30.1338653564453 30.1528759002686 29.8601417541504 30.290620803833 31.0172557830811 31.1066589355469 32.1694641113281 32.565544128418 32.7295074462891 32.5629272460938 32.9532089233398 33.1761817932129 33.1702270507812 33.2357025146484 33.141902923584 33.212574005127 33.3939323425293 33.6872863769531 33.9632148742676 34.0286750793457 34.0291862487793 34.2093772888184 34.2330017089844 34.231128692627 34.1983108520508 34.1615142822266 34.0091323852539 34.0426635742188 34.0803680419922 34.0304222106934 33.9230422973633 33.8712577819824 33.698356628418 33.6289329528809 33.756404876709 33.7406349182129 33.7104072570801 33.7415733337402 33.7304763793945 33.6980857849121 33.6870040893555 33.6594543457031 33.6173629760742 33.5347557067871 33.4539642333984
30.0177631378174 29.9092273712158 30.1003932952881 29.8423080444336 30.4141445159912 31.3690853118896 31.6671485900879 32.1601600646973 32.7506942749023 33.119083404541 33.1256866455078 33.218074798584 33.2697525024414 33.2858047485352 33.2670135498047 33.2134323120117 33.259033203125 33.0266723632812 32.7270698547363 33.6558113098145 33.5496025085449 33.8954238891602 34.1506576538086 34.1852340698242 34.2115478515625 34.1835784912109 34.1097221374512 33.9174957275391 34.0210418701172 34.0875473022461 33.936840057373 33.7876777648926 33.7841644287109 33.7519264221191 33.7616691589355 33.8106269836426 33.8004493713379 33.772834777832 33.7556228637695 33.7674217224121 33.7488555908203 33.7184371948242 33.6809997558594 33.6350898742676 33.5820503234863 33.4824600219727
29.6334743499756 29.6066818237305 29.9449520111084 29.3798885345459 29.5116062164307 31.2736415863037 31.9320621490479 32.4654808044434 32.745532989502 32.976245880127 33.0200119018555 33.0166625976562 32.8428421020508 32.8355941772461 33.0510940551758 33.1517944335938 33.4209060668945 33.3506393432617 33.1866912841797 33.2105865478516 33.0665550231934 33.7064361572266 34.0260238647461 34.1543350219727 34.1469345092773 34.1444549560547 33.8468246459961 33.5336837768555 34.0071105957031 34.0985679626465 33.8571891784668 33.6001396179199 33.7878227233887 33.8119735717773 33.8206062316895 33.7795219421387 33.7616882324219 33.749195098877 33.7514114379883 33.7264671325684 33.7154273986816 33.7239189147949 33.6973304748535 33.6543350219727 33.6050796508789 33.5240783691406
29.3073101043701 29.1738147735596 29.5917835235596 29.4790554046631 29.5544738769531 30.4443702697754 31.3424129486084 31.9060554504395 32.3132286071777 32.6150283813477 32.5636901855469 32.4966430664062 32.5440368652344 32.776237487793 33.3862190246582 33.4644889831543 33.6079444885254 33.5173835754395 33.4388847351074 33.2886810302734 33.0740661621094 33.6135368347168 33.9676322937012 34.111644744873 34.0486869812012 34.1092567443848 33.783203125 33.0109481811523 33.81298828125 34.0895843505859 33.8525161743164 33.6473655700684 33.7949867248535 33.7322731018066 33.6621017456055 33.6696128845215 33.6949157714844 33.6287879943848 33.5473289489746 33.5161476135254 33.5883827209473 33.6430358886719 33.6979598999023 33.6665496826172 33.6208038330078 33.561164855957
30.3148231506348 29.3860301971436 29.4808750152588 29.8377933502197 30.1736793518066 31.1191940307617 31.1782627105713 31.8563060760498 32.5344848632812 32.8112869262695 33.1008491516113 33.1822814941406 33.2863998413086 33.4665908813477 33.6148910522461 33.6425514221191 33.5917205810547 33.6432800292969 33.6045227050781 33.4001770019531 33.219970703125 33.2348594665527 33.6608543395996 33.8371047973633 33.7638854980469 34.0977554321289 33.9990043640137 33.4618377685547 33.8899765014648 34.0926856994629 33.8919868469238 33.7307472229004 33.6478805541992 33.3620452880859 33.502269744873 33.4377479553223 33.4287490844727 33.071662902832 33.1372184753418 32.2907524108887 33.3753662109375 33.5645523071289 33.6920738220215 33.6848487854004 33.6448097229004 33.5863418579102
30.9451198577881 30.0435256958008 29.5643863677979 30.2842540740967 30.8629570007324 31.5047302246094 31.5690402984619 31.976655960083 32.6244277954102 32.9754028320312 33.0091018676758 33.0163764953613 33.3561553955078 33.4922218322754 33.5759315490723 33.5536575317383 33.7167434692383 33.8167419433594 33.7813568115234 33.5639801025391 33.4092636108398 33.3345222473145 33.4336280822754 33.4324607849121 33.3996887207031 33.9489822387695 34.0824279785156 33.8299331665039 33.5737419128418 33.9978256225586 33.60595703125 32.9346618652344 33.4283180236816 33.5473670959473 33.7698631286621 33.7561454772949 33.705394744873 33.660572052002 33.4604454040527 32.6367034912109 33.2815589904785 33.5306053161621 33.6528778076172 33.6768646240234 33.6569404602051 33.6022796630859
30.9877395629883 30.2041206359863 29.6893196105957 30.8525733947754 31.7187194824219 32.0917587280273 32.7282600402832 32.922679901123 33.0959014892578 33.1846733093262 33.0182723999023 32.9764747619629 33.4414405822754 33.5098152160645 33.5105819702148 33.5625534057617 33.6490440368652 33.6304397583008 34.0561904907227 33.8441314697266 33.596923828125 33.4654426574707 33.4356575012207 33.2927703857422 33.2911415100098 33.796703338623 34.0707359313965 33.9808349609375 33.8468055725098 34.0870666503906 33.5007667541504 32.5894355773926 32.9895668029785 33.535457611084 33.5483169555664 33.2122955322266 33.2437324523926 33.6639213562012 33.7431182861328 33.6922187805176 33.7015037536621 33.6749801635742 33.6664810180664 33.6472511291504 33.6550827026367 33.6212844848633
30.8742008209229 29.9920043945312 29.5592346191406 30.658088684082 31.7989864349365 32.1048126220703 31.5988445281982 32.7561492919922 32.7056198120117 32.225715637207 33.0377540588379 33.2113838195801 33.2240715026855 33.2680397033691 33.2754249572754 33.4466171264648 33.5479469299316 33.6347045898438 34.0331802368164 34.1216659545898 33.940185546875 33.6741256713867 33.5227584838867 33.4475784301758 33.2392921447754 33.6163864135742 33.983512878418 33.9823913574219 34.1236915588379 34.1611709594727 33.714054107666 32.2526512145996 32.7804756164551 32.3578109741211 32.6309852600098 32.0319557189941 32.7991371154785 33.6411628723145 33.7185516357422 33.7511787414551 33.7423286437988 33.6529006958008 33.543701171875 33.6127700805664 33.6184463500977 33.6013336181641
30.8552093505859 30.1721000671387 30.2228851318359 30.6814060211182 31.5015068054199 31.8675346374512 32.2355918884277 32.4333419799805 31.3058280944824 31.222469329834 32.5499076843262 31.6927471160889 32.0041694641113 32.3790817260742 32.9870109558105 33.3735961914062 33.4947357177734 33.668815612793 33.9472122192383 34.0441513061523 34.073127746582 33.8616485595703 33.5800895690918 33.6268844604492 33.5124053955078 33.6940460205078 33.6796264648438 33.5287132263184 33.9665756225586 34.1040687561035 33.8888244628906 33.2871398925781 32.0742454528809 30.3897953033447 30.5316848754883 31.9426765441895 33.1244621276855 33.6134376525879 33.6868934631348 33.6202278137207 33.5992202758789 33.3911323547363 33.2700347900391 33.5560874938965 33.3221168518066 33.3464698791504
30.8385124206543 30.5071868896484 30.3176689147949 30.5912857055664 31.1329956054688 31.8345203399658 31.9728164672852 31.6026802062988 31.1818046569824 31.9167060852051 32.3310089111328 31.4642715454102 31.7397613525391 32.1019744873047 32.9084777832031 33.2438316345215 33.4868927001953 33.8456420898438 34.1786727905273 34.0230293273926 33.8971138000488 34.1312522888184 33.9069633483887 33.7410736083984 33.5959510803223 33.5796928405762 33.6346817016602 33.5392684936523 33.7963638305664 34.0580444335938 34.0648193359375 33.6178131103516 33.0054321289062 31.612850189209 31.085729598999 31.9988574981689 33.1283683776855 33.572193145752 33.602970123291 33.1992835998535 33.3923759460449 33.5204696655273 33.3281059265137 33.3595657348633 33.0708198547363 33.2555465698242
30.532299041748 30.335018157959 29.9003410339355 30.200023651123 30.8846588134766 31.0241470336914 31.393684387207 31.6754741668701 31.9212532043457 32.0044937133789 32.2939682006836 32.4702377319336 33.0250205993652 33.092155456543 33.2069778442383 32.8112907409668 33.6066780090332 33.9088172912598 34.0718765258789 33.826057434082 33.9063453674316 34.0571899414062 34.1274490356445 34.0652465820312 33.8138046264648 33.7421798706055 33.4311752319336 33.55029296875 33.8636817932129 33.91748046875 34.0169448852539 34.025463104248 33.547004699707 32.974739074707 32.2058525085449 31.9476222991943 32.8832321166992 33.5037879943848 33.0776290893555 32.6195182800293 33.3516235351562 33.5393753051758 33.2877235412598 32.6286277770996 32.8975563049316 33.2986450195312
