inst/extdata/Tmax/Tmax101.asc
NCOLS 100 
NROWS 79 
XLLCORNER 148.06 
YLLCORNER -21.49 
CELLSIZE 0.01 
NODATA_value -3.4e+38 
[rows 0 to 19 of 79, columns 0 to 45 of 100]
40.919212341308601 40.5026359558105 39.3457641601562 39.7533416748047 39.8942070007324 40.3552093505859 40.5526008605957 40.7051315307617 40.6232032775879 40.395133972168 39.8358116149902 39.5810737609863 39.458667755127 38.0203285217285 38.5562400817871 39.0018348693848 39.4051208496094 39.3365173339844 38.4094009399414 37.6328544616699 37.443603515625 36.3592109680176 36.8315124511719 38.2327079772949 38.7464179992676 38.9734497070312 38.8144454956055 38.8287925720215 38.4676856994629 38.0462036132812 37.0824546813965 34.9895629882812 36.3936958312988 36.2769241333008 34.9272232055664 33.6567993164062 33.5260009765625 33.0776176452637 33.9426002502441 35.980094909668 37.5312423706055 37.7672462463379 38.4530143737793 38.7441482543945 38.8758926391602 38.967601776123
40.718864440918 40.0858612060547 39.1511077880859 39.2411460876465 38.5344200134277 39.6039199829102 40.2452239990234 40.5787162780762 40.6868629455566 40.5202369689941 40.1077575683594 39.7334747314453 39.8283004760742 39.3263740539551 39.110034942627 38.9513130187988 39.3857345581055 39.3855171203613 38.2487983703613 37.5456466674805 38.1157531738281 37.8141326904297 37.6628875732422 38.125129699707 38.6011581420898 38.76171875 39.0290107727051 38.9380493164062 38.6793251037598 38.4207763671875 37.4955787658691 35.9414863586426 37.2046279907227 36.730052947998 35.9703178405762 34.8714370727539 34.3658676147461 34.7705917358398 35.9427261352539 37.104564666748 38.5700073242188 38.9490432739258 39.0389251708984 38.9992561340332 39.0157737731934 39.0204849243164
40.7127075195312 39.7305755615234 39.8479537963867 39.9760131835938 39.4082069396973 39.5242118835449 39.9841003417969 40.6046104431152 40.7707977294922 40.5845756530762 40.2291488647461 40.0594673156738 39.9250869750977 39.831428527832 39.4613265991211 39.262825012207 39.4728164672852 39.6065483093262 38.9401321411133 38.6974945068359 38.5036964416504 38.1191444396973 37.8328742980957 37.942813873291 38.8395195007324 39.0908088684082 38.8883285522461 38.8314514160156 38.7939796447754 38.4315757751465 38.4561004638672 37.3830947875977 37.6157455444336 36.2431373596191 35.8830909729004 35.1470146179199 34.5524520874023 33.9886054992676 35.1454658508301 36.441032409668 37.8491744995117 38.833366394043 39.1234703063965 39.1542282104492 39.0973587036133 39.0136985778809
40.9631156921387 40.5317649841309 40.1077995300293 40.8091278076172 40.1805572509766 39.6502876281738 40.0815277099609 40.7029838562012 40.8571701049805 40.6706161499023 40.4736785888672 40.4047508239746 40.2526626586914 40.0349273681641 39.515308380127 39.290771484375 39.668083190918 39.6869888305664 39.4088592529297 38.8568496704102 38.4652442932129 38.0199737548828 38.0822448730469 38.0138168334961 38.6372451782227 39.0754318237305 38.6551666259766 38.9093017578125 38.6781158447266 37.7523612976074 38.325080871582 38.3793449401855 37.5483436584473 36.1434173583984 35.478946685791 34.4598579406738 34.772819519043 34.1847915649414 34.0373458862305 33.4595832824707 35.2221031188965 38.0573844909668 38.9583358764648 39.1474800109863 38.8538970947266 38.7153167724609
41.6052551269531 40.9498863220215 40.6392822265625 41.0844764709473 40.7844543457031 39.9990615844727 40.024055480957 40.7448501586914 40.8776626586914 40.4210777282715 40.3921699523926 40.5954895019531 40.4205093383789 40.073055267334 39.6286582946777 39.7707061767578 39.8342361450195 39.5112419128418 38.9609107971191 38.0917625427246 38.2776565551758 38.452392578125 38.5689735412598 38.7563018798828 38.7319946289062 38.3343963623047 39.1150398254395 38.6640701293945 38.4892082214355 37.9235076904297 38.2835845947266 38.0676116943359 37.7032089233398 36.5916023254395 35.9910697937012 36.3200225830078 35.9628791809082 35.3274002075195 34.695743560791 33.8323211669922 33.4135360717773 37.1914520263672 38.6889114379883 39.0800666809082 38.3507461547852 37.5975646972656
41.7777290344238 41.4744987487793 40.6346778869629 41.1109046936035 41.1600875854492 40.648365020752 40.2973175048828 40.7945213317871 40.9421234130859 40.582160949707 40.4223098754883 40.6983757019043 40.4878387451172 40.1429748535156 39.3589019775391 39.90966796875 39.7898254394531 39.2506294250488 38.5948524475098 38.0845603942871 38.1755867004395 38.4539833068848 38.7799263000488 38.7483444213867 39.0439567565918 38.8926162719727 38.9539184570312 38.0860557556152 38.0531005859375 36.8111839294434 37.6140632629395 38.1223297119141 38.1948623657227 37.8079566955566 37.3965110778809 37.2999114990234 36.3629417419434 35.795093536377 35.4076995849609 34.458423614502 33.8649139404297 36.7608871459961 38.599739074707 39.0649948120117 38.533447265625 36.387523651123
41.9907341003418 41.677360534668 41.2220993041992 41.3838233947754 41.2948684692383 40.8332366943359 40.0459861755371 40.6793022155762 40.8617362976074 40.9836540222168 40.8827323913574 40.6822242736816 40.1641082763672 40.2595825195312 40.1919822692871 39.9968528747559 39.7510566711426 39.0815048217773 38.8078575134277 38.4306488037109 37.7259826660156 37.9546012878418 38.4739265441895 38.8846206665039 39.2447280883789 39.1298484802246 39.1236572265625 38.4976921081543 38.0668106079102 36.6788864135742 36.6657409667969 36.7893142700195 37.8384246826172 37.9945526123047 37.4653930664062 37.3184471130371 36.6733207702637 35.0806884765625 35.3416709899902 34.8200492858887 34.62060546875 36.5826873779297 38.4123573303223 38.8581008911133 38.6032829284668 36.8714637756348
41.9975318908691 41.8612823486328 41.5166053771973 41.5176429748535 41.4396743774414 41.1066398620605 40.4009094238281 40.2228622436523 40.5623626708984 40.924388885498 41.0130653381348 40.6581993103027 39.8480415344238 40.0777282714844 40.3090324401855 39.4852905273438 39.4043197631836 38.4826507568359 38.3707046508789 38.069465637207 37.2459106445312 37.801456451416 38.2892417907715 38.901496887207 39.3999290466309 39.381217956543 38.8970108032227 38.3696517944336 38.1396217346191 37.2451133728027 35.6870498657227 36.024097442627 36.4012718200684 37.0618324279785 37.4710311889648 36.7730674743652 36.8422203063965 35.825569152832 34.6533164978027 34.9732246398926 35.2031326293945 36.4495811462402 37.5270614624023 38.5477066040039 38.4663772583008 36.5504493713379
41.7310218811035 41.9540634155273 41.7477493286133 41.6615676879883 41.4816703796387 41.1697425842285 40.7273483276367 40.1438026428223 40.3260345458984 40.8974914550781 41.042854309082 40.956859588623 40.688117980957 40.4842491149902 40.0363426208496 39.1138801574707 39.3215827941895 39.0044975280762 39.1381149291992 38.0227890014648 38.0025749206543 37.8105545043945 37.9094352722168 38.6754875183105 39.3126640319824 39.4836006164551 38.4254150390625 37.3937644958496 37.4733772277832 37.3446159362793 36.6389236450195 35.9797859191895 35.4554672241211 35.9859733581543 37.013801574707 36.2978096008301 36.0189018249512 35.9445152282715 34.8351898193359 34.4460678100586 34.691707611084 34.8051948547363 35.8242149353027 37.5382537841797 37.9991340637207 36.6568450927734
41.3991050720215 41.8509063720703 41.9007148742676 41.7117385864258 41.448112487793 41.2797317504883 41.0274925231934 40.4564514160156 40.0340843200684 40.8098793029785 41.0476837158203 40.5664482116699 39.6950225830078 39.7476387023926 39.8424835205078 39.7848358154297 39.8010368347168 39.6020889282227 39.331127166748 38.9394798278809 38.5302200317383 37.7606430053711 38.1363563537598 39.0799140930176 39.5570678710938 39.4110298156738 38.5931015014648 38.3875617980957 37.7803077697754 37.1633186340332 35.6741371154785 35.2107810974121 36.4649314880371 36.2829513549805 36.0237617492676 35.7334823608398 35.4725379943848 35.7970314025879 35.1501197814941 34.2635650634766 34.2913856506348 33.6337013244629 34.6219711303711 35.9330406188965 36.2654762268066 35.5462951660156
41.0121307373047 41.3685989379883 41.9200401306152 41.7818946838379 41.6017074584961 41.4763221740723 41.2363967895508 40.7758941650391 40.7278785705566 40.9676361083984 41.0985221862793 40.6438789367676 40.2264709472656 39.3098411560059 39.4924049377441 39.8070602416992 39.9317245483398 40.1298904418945 39.5814781188965 39.3221168518066 38.8250312805176 38.3742446899414 38.4379615783691 39.0714149475098 39.5361633300781 39.3996124267578 38.5888519287109 37.7007865905762 36.5000305175781 36.4804039001465 36.0346488952637 35.9627571105957 36.9500846862793 36.6335983276367 35.5655212402344 35.249885559082 35.8001441955566 35.4495239257812 34.9889297485352 34.3288688659668 34.3831329345703 34.0760841369629 33.6642150878906 34.5037879943848 34.9908561706543 35.3318672180176
40.8109092712402 40.8778038024902 41.8827323913574 41.852596282959 41.7271385192871 41.5569076538086 41.3416328430176 40.9267120361328 40.9423522949219 41.244815826416 41.1531677246094 40.90966796875 40.4577178955078 39.8499717712402 39.701732635498 40.0335350036621 40.3693885803223 40.3288917541504 40.0008239746094 39.4373893737793 38.8145751953125 38.4050674438477 38.5743980407715 38.7275390625 38.954776763916 39.312873840332 38.1676597595215 37.2157936096191 36.4745864868164 36.741283416748 36.8020477294922 36.6948890686035 37.1623153686523 36.5243759155273 36.2129249572754 36.0914001464844 35.583438873291 34.8772583007812 35.4795799255371 35.7310600280762 35.210750579834 34.6808891296387 34.0609931945801 34.5709991455078 35.1670684814453 35.6049194335938
41.012767791748 41.5914878845215 41.8783416748047 41.805103302002 41.7884292602539 41.6513748168945 41.4730987548828 41.0133857727051 41.0846710205078 41.4055480957031 41.152042388916 41.0513496398926 40.7762184143066 40.8282775878906 40.6864852905273 40.6340141296387 40.6222877502441 40.5024681091309 40.2171211242676 39.5848999023438 39.2393989562988 39.4110641479492 39.6849632263184 39.9196014404297 39.7239952087402 39.2150344848633 38.9611053466797 38.380069732666 37.9315872192383 37.6942405700684 37.7462310791016 37.4939002990723 37.3603477478027 36.6701583862305 35.9917602539062 35.4435653686523 34.8017692565918 36.0889282226562 36.4030647277832 36.3218269348145 34.7486343383789 34.6585922241211 34.082218170166 33.7533493041992 35.2584915161133 35.8814353942871
41.539234161377 41.7667198181152 41.8142738342285 41.6947784423828 41.6833381652832 41.7088394165039 41.6236534118652 41.4587860107422 41.1942596435547 41.3206329345703 41.2564163208008 41.1548805236816 40.9797477722168 40.833812713623 40.6820373535156 40.5637092590332 40.7034950256348 40.5757789611816 40.3840980529785 40.2261199951172 40.0800247192383 40.0162162780762 39.7551040649414 39.8592109680176 39.327880859375 38.1229133605957 38.0424690246582 37.5390129089355 36.8614158630371 37.7550811767578 38.0537223815918 37.9943695068359 37.1068344116211 36.7322196960449 36.5732421875 36.4880867004395 36.4548301696777 36.0750541687012 36.7739448547363 37.1411590576172 36.5332717895508 36.0045394897461 35.2558326721191 34.6107559204102 35.8131713867188 36.3565406799316
40.6131057739258 41.297004699707 41.7741050720215 41.6688270568848 41.5008354187012 41.5855293273926 41.5185661315918 41.2997817993164 40.7881011962891 40.8164520263672 41.1698875427246 40.9311065673828 40.2949295043945 40.4641304016113 40.6475524902344 39.9824447631836 40.4632720947266 40.6445350646973 40.5567169189453 40.4695472717285 40.3757019042969 39.8962936401367 39.1335334777832 39.5584602355957 39.3361015319824 38.9986724853516 38.890323638916 38.4815559387207 38.0365715026855 38.3148422241211 38.2394409179688 37.9255905151367 37.3903503417969 37.6469802856445 37.5807723999023 36.4825286865234 37.1134796142578 36.1240653991699 36.4769134521484 37.3189926147461 37.2734031677246 36.9711761474609 36.1050720214844 35.1443519592285 35.8476829528809 36.6835823059082
39.5196571350098 40.7711372375488 41.6344413757324 41.7547798156738 41.6522026062012 41.5962905883789 41.4620208740234 41.3085250854492 41.0334892272949 40.4092178344727 39.9105644226074 40.7628288269043 39.7601509094238 39.3681488037109 40.3735466003418 39.9323310852051 39.8897972106934 40.4034080505371 40.4065895080566 40.3782844543457 40.3594017028809 40.3095436096191 40.1248474121094 39.8305587768555 39.3253974914551 38.8593559265137 38.8562164306641 38.7665939331055 38.6755561828613 38.4414138793945 38.2229232788086 37.7447547912598 37.4064636230469 38.110237121582 37.947925567627 37.6216926574707 37.6190223693848 36.9572525024414 36.542163848877 37.2846794128418 37.4773750305176 36.762393951416 35.3189086914062 34.0381813049316 34.5405578613281 36.4714164733887
40.756519317627 40.5456619262695 41.2279853820801 41.4218406677246 41.6516532897949 41.590217590332 41.4394798278809 41.2557373046875 41.0536460876465 40.694221496582 39.9145851135254 40.3922882080078 39.1299743652344 38.8165664672852 39.6906585693359 39.4993705749512 38.6770362854004 39.9407615661621 39.9082984924316 39.8599433898926 40.1240539550781 40.2815017700195 40.1435890197754 39.6379547119141 38.6616477966309 37.9782829284668 37.5156402587891 37.8881301879883 38.4950141906738 37.821231842041 37.5544738769531 36.6799926757812 37.4727973937988 38.3918190002441 38.1626930236816 37.924388885498 37.961009979248 37.464054107666 37.0352554321289 37.3306503295898 37.5298080444336 36.2801208496094 35.1518020629883 35.4906539916992 35.8690185546875 36.507022857666
40.9155693054199 41.3135528564453 41.3853912353516 41.378059387207 41.5147857666016 41.5535202026367 41.4667282104492 41.3467445373535 41.1455497741699 40.5976104736328 40.1169776916504 39.6606826782227 39.1635284423828 38.7173652648926 39.3116073608398 39.1252784729004 39.1394577026367 38.9153289794922 38.6004905700684 38.5606155395508 39.859375 40.1438903808594 40.0936889648438 39.9483451843262 39.2642021179199 37.9425354003906 36.3180847167969 37.260196685791 38.1558799743652 37.0632171630859 37.473705291748 38.1126136779785 38.4136695861816 38.6875686645508 38.5666694641113 38.3250198364258 37.7891464233398 36.8551063537598 37.3378219604492 37.5667381286621 37.8902053833008 37.4980316162109 37.3191833496094 37.2748069763184 37.2020225524902 36.5755462646484
41.1897583007812 41.1603317260742 40.9711074829102 41.0687217712402 41.5589065551758 41.4172019958496 41.4182968139648 41.3755760192871 41.2473068237305 40.8268127441406 39.5217170715332 39.613468170166 39.0884857177734 37.7464637756348 38.6001815795898 38.3132934570312 38.1039123535156 37.2839813232422 38.2438049316406 38.6530227661133 39.8629341125488 39.8740119934082 39.9986114501953 40.0850639343262 39.1189575195312 37.9002380371094 36.5699996948242 37.4514541625977 38.1199684143066 37.5486259460449 38.0781135559082 38.5502853393555 38.9387321472168 38.9189224243164 38.4208183288574 38.1154899597168 37.7088317871094 37.3959999084473 37.9438743591309 38.0129432678223 38.0323219299316 37.927318572998 37.7779159545898 37.0657119750977 36.1382827758789 36.0813865661621
41.352481842041 41.3257331848145 41.2853126525879 41.103588104248 41.5722618103027 41.5470504760742 41.464714050293 41.3783760070801 41.2784194946289 41.1424903869629 40.753490447998 39.9000358581543 38.912353515625 37.502815246582 37.866886138916 37.8080940246582 37.2861938476562 37.6135139465332 37.888744354248 39.0466270446777 39.8922805786133 39.4159317016602 40.157169342041 39.963809967041 39.2929382324219 39.0039939880371 37.8024368286133 37.9089050292969 38.2746849060059 38.0615653991699 38.7034683227539 38.6537895202637 39.1015853881836 39.0000610351562 38.8149528503418 38.5285758972168 37.6147308349609 37.7762641906738 38.0341148376465 38.0058746337891 38.0193099975586 37.8523979187012 37.7545356750488 37.1902809143066 37.0912170410156 36.9345283508301
