inst/extdata/Tmax/Tmax5.asc
NCOLS 100 
NROWS 79 
XLLCORNER 148.06 
YLLCORNER -21.49 
CELLSIZE 0.01 
NODATA_value -9999 
[rows 20 to 39 of 79, columns 0 to 45 of 100]
34.678512573242202 35.1728630065918 35.3601417541504 35.0906257629395 35.2808151245117 36.0984764099121 35.6390571594238 35.931770324707 34.773193359375 34.702449798584 35.7980461120605 35.4335708618164 34.3998107910156 32.6653442382812 31.6217060089111 30.8747177124023 30.5302639007568 31.7735252380371 32.6450653076172 33.4112892150879 33.5211715698242 33.9786987304688 34.0646553039551 34.3864707946777 34.3475646972656 34.1336784362793 33.1498107910156 31.3605365753174 32.2488441467285 32.0411567687988 33.0471992492676 33.3169746398926 33.3173179626465 33.3689308166504 33.0970573425293 32.8286743164062 32.6882514953613 32.427059173584 31.6206741333008 31.8352241516113 31.6512107849121 30.877103805542 31.5563850402832 31.3114719390869 29.8086414337158 29.9023857116699
35.4429969787598 35.7165145874023 35.7213401794434 35.345947265625 35.2762260437012 35.1874961853027 34.7946586608887 35.5917701721191 35.8445816040039 36.1091346740723 35.8040885925293 35.8305854797363 35.354076385498 32.9405403137207 31.5677833557129 31.3877239227295 31.4833221435547 31.9882106781006 32.408992767334 33.4023246765137 34.041145324707 34.6308860778809 33.6349906921387 34.0927886962891 34.0665664672852 33.7455749511719 33.4568023681641 32.094913482666 32.1882400512695 32.9944648742676 33.3805046081543 33.1386222839355 33.1451034545898 32.0484848022461 31.7270755767822 31.9310398101807 32.7525634765625 31.0590438842773 30.7017078399658 30.9118499755859 30.1835803985596 30.7208061218262 30.942756652832 28.7849826812744 28.6359939575195 29.2198791503906
35.7284507751465 35.9771385192871 35.7833366394043 35.0931167602539 36.3267059326172 35.420726776123 35.7020988464355 35.3990020751953 36.1063995361328 35.2954444885254 36.405086517334 36.0254020690918 35.8450126647949 34.9912109375 34.3072814941406 32.6551399230957 31.074634552002 31.5655670166016 31.883602142334 33.745777130127 34.582935333252 33.7046699523926 33.6139144897461 33.1703224182129 32.7662086486816 33.5015830993652 33.3818206787109 32.9938621520996 32.9690475463867 32.9546279907227 32.6320343017578 32.1938591003418 31.7845554351807 31.3185863494873 30.6678714752197 31.4156455993652 31.4751663208008 30.3952312469482 30.3896617889404 30.3674240112305 29.0658264160156 29.0196914672852 29.436882019043 30.1382293701172 24.7440013885498 29.0961418151855
35.8884773254395 36.3283042907715 36.830738067627 35.116283416748 35.0475273132324 35.9010238647461 34.9757957458496 35.9891090393066 36.2007865905762 35.2939414978027 35.8761596679688 35.7783241271973 35.9749794006348 35.0900611877441 33.3362236022949 32.4887351989746 31.41282081604 31.762866973877 32.3329734802246 33.2650566101074 33.6767845153809 34.0585784912109 33.3215255737305 32.1044960021973 32.5559921264648 32.633731842041 32.6526679992676 33.312801361084 33.5851783752441 33.3482398986816 33.0199317932129 32.1922378540039 31.5870456695557 31.694995880127 32.0925064086914 31.829008102417 29.7528533935547 29.4286594390869 29.8246212005615 30.1694278717041 28.8347091674805 28.7333450317383 28.2033653259277 26.3612937927246 27.9805126190186 27.96311378479
36.1106796264648 35.9765701293945 35.7846908569336 36.5074005126953 36.6031837463379 36.2819595336914 35.0461959838867 36.1420745849609 34.735034942627 34.9853973388672 35.0358428955078 34.7880172729492 34.6366157531738 35.012825012207 33.5870246887207 32.1834716796875 31.5625 31.4738636016846 32.5544853210449 32.7145347595215 33.8704528808594 33.9624328613281 31.5154418945312 31.3174114227295 31.4663276672363 31.8110027313232 32.0348358154297 33.1412925720215 33.4359550476074 32.9113731384277 33.2964057922363 32.8929595947266 32.7694473266602 32.5585327148438 32.0744018554688 31.7056694030762 31.0983352661133 30.3894176483154 29.182861328125 28.6143321990967 27.6161727905273 26.6864891052246 27.2835350036621 28.9732818603516 24.1850967407227 23.9253902435303
36.5897598266602 36.2983436584473 36.7420349121094 36.0848731994629 36.5958518981934 36.4476928710938 36.2964515686035 36.0714645385742 35.9264068603516 34.5791549682617 35.6424598693848 34.9565658569336 34.1743621826172 34.3515777587891 34.4184761047363 34.3191108703613 33.1198463439941 32.9148025512695 33.4938735961914 34.0195732116699 33.3287734985352 31.7322406768799 31.2638111114502 30.2070579528809 30.8484439849854 31.6133651733398 31.6140899658203 32.2524604797363 33.2266845703125 33.1285820007324 31.6840763092041 32.4931640625 32.3098678588867 32.3252563476562 31.9330368041992 31.6555118560791 31.0460510253906 30.0689163208008 27.8252067565918 28.3066806793213 26.9576454162598 27.9449272155762 29.4115753173828 28.734842300415 24.0912494659424 23.3905582427979
34.6649971008301 35.864933013916 36.9026222229004 36.6605529785156 36.5372276306152 36.3706398010254 36.2291870117188 36.2365417480469 35.9728012084961 34.7693634033203 34.3407020568848 34.561595916748 34.3816871643066 34.1282958984375 34.3008422851562 33.4402389526367 32.6851005554199 32.7806930541992 33.5967788696289 33.4597244262695 33.1316680908203 33.298225402832 32.1430778503418 30.9414386749268 30.4117984771729 31.0314712524414 32.2105712890625 33.2602958679199 32.6595649719238 32.8621292114258 32.2541999816895 32.0740203857422 32.1755142211914 31.7191162109375 31.7262840270996 31.0666732788086 29.7527313232422 29.9464988708496 25.4285945892334 23.8979148864746 26.6051483154297 24.0903167724609 28.894645690918 25.0514240264893 27.488676071167 23.2305793762207
34.876823425293 34.4841041564941 35.6139526367188 36.4643096923828 36.4127197265625 36.2740859985352 36.430118560791 36.5494956970215 36.1599082946777 35.4544334411621 35.0249824523926 34.3561363220215 34.1908988952637 34.5929756164551 33.1265144348145 33.4217376708984 32.9977035522461 32.5418281555176 32.8452529907227 32.9094772338867 32.8401527404785 32.841007232666 32.4417152404785 31.3269519805908 31.2404098510742 31.4467582702637 30.9141292572021 33.1646499633789 33.4403953552246 32.1589775085449 32.0528869628906 32.1074600219727 32.3219032287598 31.578104019165 31.3452987670898 30.5725917816162 29.1658420562744 29.4054756164551 29.1398525238037 28.1289558410645 26.9839134216309 27.3926773071289 27.1973247528076 24.4234218597412 23.8574390411377 23.5389518737793
33.7806205749512 34.2194557189941 34.7561645507812 35.6074295043945 36.6181640625 36.0874366760254 36.495189666748 36.1379776000977 36.1647071838379 35.2085838317871 35.3181915283203 34.5824966430664 34.8421058654785 34.829948425293 34.5952415466309 32.5769348144531 32.6573371887207 32.4808540344238 32.7998733520508 33.6294898986816 32.3718338012695 32.8126335144043 31.9210414886475 30.9877872467041 31.2533016204834 31.5543365478516 31.4836006164551 32.1165885925293 32.6926765441895 32.5475540161133 32.7477073669434 31.8210468292236 31.4363708496094 30.3895130157471 29.8350257873535 28.9211502075195 29.2246074676514 29.2133483886719 29.3138637542725 26.8557167053223 24.000020980835 24.0245838165283 27.4056358337402 23.7986297607422 23.9877281188965 23.8703842163086
32.8456535339355 33.3945846557617 33.9403266906738 34.6950874328613 35.9976425170898 35.9862174987793 35.3173713684082 36.4870300292969 36.3113021850586 35.975227355957 34.8591079711914 35.3158073425293 34.688835144043 34.4168968200684 35.018424987793 34.839786529541 34.4910087585449 32.8464279174805 33.0656127929688 33.0283355712891 32.9481735229492 32.8354911804199 32.4220161437988 31.5230140686035 31.3155155181885 31.3502864837646 30.8905506134033 32.1035194396973 32.8061637878418 32.2417373657227 33.0357131958008 31.6924285888672 30.6643333435059 30.5363693237305 30.030818939209 29.7422142028809 29.6924457550049 29.1204528808594 28.5075130462646 28.0703582763672 29.0231132507324 28.979118347168 26.6155338287354 26.7495098114014 23.9458904266357 24.7805080413818
33.3505859375 33.8489189147949 33.9615631103516 34.7982215881348 34.9618988037109 34.7205123901367 34.898567199707 35.9422798156738 35.9052200317383 35.4474105834961 35.9374694824219 35.8533554077148 35.9091033935547 35.1215133666992 35.1867294311523 35.2473106384277 34.1280174255371 33.625904083252 32.7224273681641 33.0567855834961 32.8612213134766 32.2351264953613 32.0754585266113 31.6879787445068 31.141357421875 30.4904441833496 30.8494262695312 32.3725204467773 32.5789108276367 32.7089958190918 32.9731254577637 33.1537895202637 31.6798191070557 30.6002101898193 29.8681011199951 30.7025203704834 30.2587509155273 29.5726833343506 28.7648620605469 28.7131652832031 30.3674621582031 30.1798610687256 29.8383197784424 29.0194492340088 25.7689323425293 25.098949432373
34.2890892028809 34.1593971252441 35.0179824829102 35.8451766967773 36.3184242248535 35.0020217895508 35.061580657959 36.3230628967285 36.2827987670898 35.6209106445312 36.0560607910156 35.6994361877441 35.6575546264648 35.2994728088379 34.3927917480469 34.7876434326172 32.6324768066406 31.362268447876 32.7974433898926 32.4412841796875 32.403491973877 32.5137176513672 32.0063591003418 31.7666397094727 31.3461875915527 31.3241081237793 31.5984878540039 32.6456871032715 33.230525970459 32.3171234130859 32.7840156555176 32.7748413085938 33.0083656311035 32.1997032165527 31.5489635467529 30.5202980041504 30.4169578552246 30.47998046875 30.0357151031494 31.5198879241943 30.554817199707 30.2505970001221 25.2708873748779 26.9207324981689 24.5053482055664 23.8831748962402
33.8952674865723 35.1301536560059 34.9764595031738 35.0684852600098 36.2450675964355 35.4276924133301 36.0399589538574 35.6736679077148 36.2449378967285 35.2294845581055 36.2011528015137 35.7065467834473 35.7071495056152 35.1276893615723 34.7466697692871 34.2537727355957 34.2846832275391 32.6563606262207 31.5676593780518 31.980863571167 32.0409698486328 32.5124282836914 31.8951568603516 32.0001449584961 31.627628326416 31.4120960235596 32.9478530883789 32.9193572998047 32.7495994567871 34.1968421936035 32.9269409179688 32.4993362426758 33.5549659729004 33.3713760375977 32.6111259460449 32.0096321105957 31.5332126617432 31.5143642425537 31.0504169464111 31.2337341308594 30.5790519714355 28.2159557342529 23.7091827392578 23.9687671661377 24.1439189910889 23.0325794219971
34.6718940734863 34.7126617431641 35.3267974853516 34.3001251220703 34.816162109375 33.6980133056641 34.3935279846191 35.7154121398926 36.2206993103027 36.0160102844238 36.3160552978516 35.5385131835938 35.3931617736816 35.4646224975586 34.8720397949219 34.6728591918945 35.1078758239746 34.6717185974121 33.970760345459 33.6117668151855 32.5008964538574 32.2103080749512 32.7414245605469 32.370906829834 31.9896697998047 31.5772438049316 33.0091743469238 33.5904884338379 33.0899658203125 33.2913398742676 33.0711975097656 32.0635452270508 31.7005577087402 31.6402893066406 31.9978771209717 32.1672821044922 32.1927795410156 32.6552543640137 32.2651824951172 32.3585548400879 30.6759262084961 26.2459392547607 24.8056526184082 24.9685802459717 24.798038482666 23.9375381469727
35.156421661377 35.4895477294922 35.3056335449219 33.5954704284668 34.2681922912598 35.1690139770508 34.3498764038086 35.7656478881836 36.1333274841309 35.7625427246094 36.2112846374512 35.9005546569824 36.2325706481934 35.7525367736816 35.3566780090332 35.1997756958008 34.9479751586914 34.7111663818359 34.3343315124512 33.4074974060059 32.0387802124023 33.0931625366211 33.5146293640137 32.3650398254395 31.9264793395996 31.7820701599121 31.5140571594238 32.7190971374512 32.6182708740234 31.7052574157715 32.6382713317871 31.6145133972168 31.2227325439453 31.2785186767578 31.0003967285156 31.1142082214355 31.7595043182373 31.2253665924072 31.8673801422119 31.6304588317871 29.9725780487061 29.625862121582 26.8131542205811 26.1882400512695 25.5317192077637 25.4725227355957
34.8816452026367 36.1931037902832 35.2865524291992 34.4985961914062 32.9982604980469 35.2096672058105 36.5552635192871 34.6830787658691 35.6545448303223 36.2341079711914 36.1176605224609 35.9461860656738 35.4427299499512 35.5894393920898 35.2528495788574 35.4394989013672 34.5298156738281 34.1139450073242 34.0735816955566 33.582275390625 32.5429191589355 33.2136001586914 32.4193000793457 31.1120166778564 31.4784774780273 31.0285511016846 32.2597885131836 31.4211559295654 31.4358577728271 28.8632354736328 30.6665630340576 31.1902618408203 31.4852828979492 31.159236907959 31.2145843505859 30.3159942626953 30.4298782348633 30.805103302002 31.7400798797607 31.0516319274902 26.2093124389648 25.9065113067627 25.6083106994629 26.0607986450195 25.8388385772705 24.7866020202637
35.512622833252 34.6461448669434 35.9563980102539 35.2693557739258 35.1670951843262 35.1457786560059 35.1282920837402 35.1815299987793 35.3159828186035 36.6043128967285 36.5976943969727 36.0243949890137 35.881275177002 36.1384582519531 35.8939971923828 34.7900772094727 34.1616592407227 34.1178894042969 34.1303443908691 34.1591300964355 33.4933052062988 32.5935745239258 31.5821399688721 31.3786392211914 31.6517276763916 32.2263679504395 32.6772918701172 31.7924213409424 31.4724159240723 29.5338973999023 29.3673458099365 28.3833675384521 29.8893775939941 31.2486019134521 31.256664276123 29.4240303039551 29.3410396575928 28.9514484405518 28.6841335296631 25.180233001709 25.1660614013672 24.5084190368652 24.9222526550293 25.7037868499756 25.7425441741943 24.3014583587646
34.9696197509766 34.4088363647461 35.6728324890137 34.4854545593262 34.6621284484863 34.6896476745605 33.4710807800293 34.1952514648438 35.2031669616699 35.4862060546875 36.1984252929688 36.215446472168 36.0750541687012 35.5586471557617 35.9068260192871 35.7960243225098 35.1083030700684 33.8230247497559 34.3459968566895 33.9008140563965 33.7423324584961 33.1121215820312 31.7835788726807 31.5966300964355 31.1152229309082 31.6869029998779 32.5059928894043 31.6597213745117 31.8138790130615 31.4394836425781 31.4201641082764 30.3350219726562 30.0546684265137 28.8271961212158 24.9684391021729 23.9199657440186 24.0353221893311 23.7981204986572 23.7213973999023 23.8835411071777 24.036922454834 24.0913047790527 24.3379554748535 25.0534152984619 25.3842639923096 24.9431171417236
34.9538116455078 34.3114624023438 34.3222389221191 35.524658203125 35.204761505127 35.3599853515625 33.9425621032715 33.1081962585449 33.9388656616211 34.7662925720215 36.036262512207 36.3698654174805 36.2545433044434 36.0679092407227 35.0269546508789 34.6663436889648 34.6524505615234 34.2413635253906 34.6693458557129 34.5428314208984 34.5222511291504 33.2751197814941 32.7425346374512 32.310432434082 31.5240516662598 32.293586730957 31.9872283935547 32.0771789550781 30.5177574157715 31.3585948944092 30.6016120910645 30.3793792724609 30.5142784118652 29.8617877960205 28.4853668212891 23.5155944824219 23.2218132019043 23.118745803833 23.0631351470947 23.5102157592773 24.0079250335693 25.4993209838867 24.0230693817139 24.946605682373 24.456579208374 24.3764305114746
34.570671081543 34.0760269165039 35.3038444519043 35.2971992492676 35.514949798584 34.628849029541 34.3119888305664 33.6837120056152 34.5445861816406 33.828254699707 34.7191543579102 36.1724700927734 35.8758316040039 35.6597328186035 34.9650421142578 35.3110656738281 33.7030715942383 33.9726142883301 34.3142356872559 34.0872497558594 34.1786270141602 33.534496307373 33.6349105834961 33.1153411865234 32.0990371704102 32.0474739074707 31.6860427856445 31.5655746459961 32.0270729064941 31.1075305938721 30.1027507781982 29.0540332794189 30.8668537139893 31.1209468841553 31.1088466644287 28.6819114685059 25.8175582885742 25.3919448852539 24.4634475708008 23.6125926971436 24.2894401550293 24.2851181030273 24.2829761505127 24.6764144897461 24.596363067627 24.2969360351562
