inst/extdata/Tmax/Tmax151.asc
NCOLS 100 
NROWS 79 
XLLCORNER 148.06 
YLLCORNER -21.49 
CELLSIZE 0.01 
NODATA_value -3.4e+38 
[rows 40 to 59 of 79, columns 46 to 91 of 100]
31.195671081543 32.205005645752 32.6366729736328 33.5456161499023 35.1977348327637 36.184741973877 35.6967353820801 33.7288475036621 33.3317604064941 34.0209350585938 34.5427589416504 36.3130226135254 35.9105072021484 36.117130279541 35.2526969909668 36.2751960754395 36.4516105651855 36.1461143493652 36.2337875366211 36.3212127685547 36.3207893371582 35.370849609375 35.7539901733398 36.063159942627 36.138973236084 36.1848297119141 36.0706520080566 35.6741333007812 35.8447875976562 36.024055480957 35.9811363220215 35.8585662841797 35.5766448974609 34.4047012329102 34.683967590332 35.3493232727051 35.2783851623535 35.2050094604492 35.4457397460938 34.9387626647949 34.2438468933105 34.7256736755371 35.0468597412109 34.8651657104492 35.1363716125488 35.1936988830566
32.5993843078613 33.8074188232422 33.7070503234863 33.6478958129883 35.2485160827637 36.4899597167969 35.3251037597656 34.9046821594238 35.4988288879395 35.5695495605469 35.9281806945801 36.6221389770508 36.4910049438477 36.492561340332 36.3289070129395 36.6308937072754 36.6556816101074 36.5738830566406 36.5152015686035 36.5207939147949 36.4875297546387 35.9571685791016 35.2401237487793 35.5847129821777 35.4907035827637 35.9693336486816 36.2576370239258 35.7721824645996 35.7428512573242 36.1110877990723 36.1248664855957 36.0620994567871 35.924861907959 35.3815956115723 35.6187171936035 35.6710205078125 35.4892768859863 35.4972152709961 35.6060180664062 35.7335052490234 34.8462448120117 35.0782737731934 35.6663436889648 35.4997291564941 35.6375617980957 35.5962066650391
35.1110076904297 35.2783279418945 35.4481201171875 35.921012878418 36.2411613464355 36.7138137817383 36.2719802856445 35.7146224975586 36.2226600646973 36.6133232116699 36.5154762268066 36.8165245056152 36.8351058959961 36.740177154541 36.69677734375 36.7685623168945 36.7637557983398 36.7241668701172 36.6762313842773 36.648998260498 36.545238494873 35.6080131530762 35.3927040100098 35.8741645812988 35.3416595458984 35.7760391235352 36.1947555541992 36.0790634155273 36.0035743713379 36.2322082519531 36.2331123352051 36.2241897583008 36.1998138427734 36.1097030639648 36.0324249267578 35.7492752075195 34.9092254638672 35.4821434020996 35.9801559448242 35.9860153198242 35.8824882507324 35.8412170410156 35.9582901000977 36.000244140625 36.0468215942383 36.009708404541
36.3893089294434 36.3933525085449 36.509334564209 36.6396636962891 36.860034942627 36.9225730895996 36.8225860595703 36.5718955993652 36.7287139892578 36.9308815002441 36.9166259765625 36.9500885009766 36.9123191833496 36.8588638305664 36.8618698120117 36.8205604553223 36.7393989562988 36.6985473632812 36.7128295898438 36.7242202758789 36.6639251708984 36.4140663146973 36.1474609375 36.3009033203125 36.1503677368164 35.6959342956543 35.9611511230469 36.2068214416504 36.3364181518555 36.3363876342773 36.3105506896973 36.2907829284668 36.2747459411621 36.247859954834 36.2517890930176 36.1333541870117 35.7124366760254 36.0044746398926 36.1738471984863 36.1691398620605 36.1497688293457 36.1574020385742 36.1547889709473 36.1790924072266 36.194019317627 36.1764793395996
36.2224922180176 36.4796371459961 36.7282867431641 36.7195129394531 36.758731842041 36.8649597167969 36.9001426696777 36.9525718688965 36.9635925292969 36.8900985717773 36.6674385070801 36.7591743469238 36.6661567687988 36.3891410827637 36.5536651611328 36.6719360351562 36.5423126220703 36.6342010498047 36.7079391479492 36.7360916137695 36.7314720153809 36.5862808227539 36.2590103149414 35.9859657287598 36.1885185241699 36.3405876159668 36.3666152954102 36.3867835998535 36.3721389770508 36.3813819885254 36.341480255127 36.3134307861328 36.2843818664551 36.2576446533203 36.2907943725586 36.2494316101074 36.2397613525391 36.2441444396973 36.2027473449707 36.2122077941895 36.2011184692383 36.1988410949707 36.2110061645508 36.2090721130371 36.1364784240723 36.1708908081055
34.3728256225586 35.1762161254883 35.5994186401367 35.8060455322266 36.1685371398926 36.4914245605469 36.4190635681152 36.6044540405273 36.5850143432617 36.4035568237305 35.6091957092285 35.6076965332031 35.6707000732422 34.1207008361816 35.0910301208496 35.8608055114746 36.3939094543457 36.7058067321777 36.7740669250488 36.7767868041992 36.7644271850586 36.5722846984863 36.1224975585938 35.7370109558105 35.985782623291 36.2287521362305 36.3349266052246 36.2999572753906 36.3412055969238 36.3878479003906 36.3664131164551 36.3401985168457 36.3296203613281 36.3294792175293 36.3085327148438 36.2324333190918 36.2312622070312 36.2328948974609 36.2158355712891 36.217414855957 36.2012786865234 36.2027740478516 36.2031669616699 36.1679382324219 36.1720085144043 36.2031211853027
31.8310832977295 33.183521270752 33.0674209594727 33.0206336975098 34.4100341796875 34.9512252807617 35.0607528686523 35.3169822692871 35.7699165344238 35.1137046813965 34.4006805419922 33.7813835144043 34.4587783813477 34.3091621398926 34.7540893554688 35.9234809875488 36.5924072265625 36.7604026794434 36.7725296020508 36.7315559387207 36.7582397460938 36.7530097961426 36.3180160522461 35.9508590698242 35.8183937072754 36.0710487365723 36.2563400268555 36.3457069396973 36.422492980957 36.4167823791504 36.4109916687012 36.3946495056152 36.3848266601562 36.365234375 36.3017807006836 36.2576332092285 36.2611846923828 36.2655334472656 36.2610816955566 36.2566452026367 36.2397766113281 36.2449569702148 36.2513008117676 36.2318687438965 36.2351455688477 36.1480522155762
31.9752464294434 31.8883037567139 31.6652126312256 31.7374057769775 31.6605415344238 32.4916648864746 33.8182182312012 34.4967193603516 34.6706085205078 34.522087097168 35.0612869262695 34.8699569702148 34.6862602233887 35.2694778442383 35.5527572631836 36.4211578369141 36.6559753417969 36.6625328063965 36.5793075561523 36.6782989501953 36.7757301330566 36.8054733276367 36.6429824829102 36.3166656494141 35.8816719055176 36.1302528381348 36.2998580932617 36.4370346069336 36.482364654541 36.4941024780273 36.478946685791 36.437370300293 36.3705406188965 36.3120460510254 36.2652587890625 36.2518272399902 36.2710914611816 36.2929992675781 36.2930755615234 36.2893447875977 36.2848091125488 36.2958106994629 36.298999786377 36.2894592285156 36.1226081848145 35.938648223877
31.561695098877 31.6629390716553 31.9005737304688 31.5762367248535 31.462381362915 31.5642032623291 32.4993019104004 34.2399482727051 34.7879638671875 34.9559478759766 34.7683029174805 34.9450759887695 35.2298583984375 35.5107040405273 35.551830291748 36.0759048461914 36.436767578125 36.4155578613281 36.3878288269043 36.6654624938965 36.7505722045898 36.7474708557129 36.8082122802734 36.7042922973633 36.5686111450195 36.5151977539062 36.5775375366211 36.6196823120117 36.6022529602051 36.5800399780273 36.5275650024414 36.4385452270508 36.3522071838379 36.2443618774414 36.2162094116211 36.2764434814453 36.2939605712891 36.3192138671875 36.3431396484375 36.3396987915039 36.3488960266113 36.357307434082 36.3534851074219 36.3510856628418 36.2231330871582 36.1099395751953
31.6559562683105 31.8394241333008 31.8571681976318 31.4828968048096 32.0179061889648 32.9247550964355 33.0301818847656 34.3501892089844 34.8354911804199 35.0319786071777 34.8202590942383 35.296817779541 35.5655364990234 35.5515022277832 35.6256370544434 35.5046844482422 35.5852737426758 35.8023490905762 36.1571807861328 36.4897651672363 36.5667419433594 36.5629577636719 36.7786865234375 36.8032608032227 36.796802520752 36.7541046142578 36.7052917480469 36.5154724121094 36.5526542663574 36.5949783325195 36.531810760498 36.3971977233887 36.3466796875 36.1814842224121 36.1314697265625 36.3026390075684 36.3131790161133 36.3078727722168 36.3706932067871 36.386848449707 36.3803405761719 36.3953552246094 36.3929061889648 36.3760795593262 36.3200950622559 36.2638168334961
31.706974029541 31.5640430450439 31.7984943389893 31.4673023223877 32.1804161071777 33.373363494873 33.7393112182617 34.3473281860352 35.0739212036133 35.5227012634277 35.5253753662109 35.6324844360352 35.6893005371094 35.7021675109863 35.6721115112305 35.6005325317383 35.6499328613281 35.3564186096191 34.9791450500488 36.1210517883301 35.9870986938477 36.4069595336914 36.7145538330078 36.7522087097168 36.7798080444336 36.7427215576172 36.6483383178711 36.4092559814453 36.5317878723145 36.6089324951172 36.4223937988281 36.2360458374023 36.2483444213867 36.2394218444824 36.2776374816895 36.3601989746094 36.3764572143555 36.3736190795898 36.3824424743652 36.4234237670898 36.4316291809082 36.4256019592285 36.4125022888184 36.3913993835449 36.3636093139648 36.290584564209
31.2296199798584 31.1895790100098 31.609827041626 30.8909587860107 31.0507698059082 33.2619743347168 34.0785675048828 34.735912322998 35.0764389038086 35.3550186157227 35.4034156799316 35.39208984375 35.1697196960449 35.1535797119141 35.4131317138672 35.5318870544434 35.857048034668 35.7638320922852 35.5561904907227 35.5805206298828 35.3988914489746 36.1826782226562 36.5695190429688 36.721508026123 36.7076988220215 36.7013778686523 36.3328285217285 35.9438972473145 36.5201606750488 36.62744140625 36.3295860290527 36.0122947692871 36.2502746582031 36.303955078125 36.3404159545898 36.3224220275879 36.3297920227051 36.3433074951172 36.3733024597168 36.3737602233887 36.3917045593262 36.4292068481445 36.4260559082031 36.4071960449219 36.3824729919434 36.3269653320312
30.8243751525879 30.649435043335 31.1710109710693 31.0222721099854 31.1109256744385 32.2276420593262 33.3490562438965 34.0472793579102 34.5478324890137 34.9158020019531 34.846076965332 34.7553176879883 34.8067855834961 35.0876312255859 35.8346862792969 35.9252090454102 36.0949287414551 35.9777717590332 35.8754692077637 35.6847381591797 35.4156188964844 36.0758666992188 36.5051879882812 36.6761932373047 36.5941886901855 36.6645965576172 36.2606201171875 35.3037414550781 36.287670135498 36.6213569641113 36.3283348083496 36.0722351074219 36.255558013916 36.2115097045898 36.1591377258301 36.1952438354492 36.2506866455078 36.2035217285156 36.1408042907715 36.1352081298828 36.2471199035645 36.3376655578613 36.4234924316406 36.4152450561523 36.3932838439941 36.357837677002
32.1015205383301 30.9211254119873 31.0345363616943 31.4788208007812 31.8959484100342 33.0812072753906 33.1480941772461 33.9906425476074 34.8291511535645 35.1654167175293 35.5180435180664 35.6110877990723 35.732063293457 35.9467506408691 36.121753692627 36.1498870849609 36.081169128418 36.1386566162109 36.0851364135742 35.8275833129883 35.600944519043 35.6137504577637 36.1333847045898 36.3444595336914 36.2492446899414 36.6543960571289 36.5284614562988 35.8636817932129 36.3847999572754 36.6277046203613 36.3788185119629 36.1762847900391 36.0849914550781 35.7843170166016 35.9716377258301 35.925178527832 35.9429588317871 35.5576286315918 35.6640167236328 34.6816940307617 36.0007057189941 36.2446441650391 36.4139709472656 36.4285926818848 36.4114990234375 36.3765106201172
32.9048004150391 31.7591819763184 31.1463890075684 32.0493621826172 32.7720756530762 33.5733108520508 33.6464195251465 34.1493148803711 34.9495735168457 35.3775100708008 35.4128646850586 35.4139709472656 35.8262901306152 35.9862403869629 36.0815582275391 36.0490112304688 36.2434005737305 36.3600654602051 36.3104553222656 36.0370292663574 35.8418502807617 35.7437324523926 35.8602447509766 35.8530769348145 35.8070106506348 36.4782676696777 36.6360321044922 36.3213806152344 36.0012092590332 36.5164070129395 36.0318374633789 35.2311210632324 35.8299522399902 35.9919929504395 36.2706298828125 36.2833786010742 36.2540245056152 36.2316360473633 36.0334243774414 35.0960388183594 35.8880157470703 36.2011985778809 36.3664016723633 36.4153366088867 36.4170608520508 36.3850555419922
32.9668083190918 31.9693660736084 31.3107757568359 32.7739486694336 33.8561935424805 34.3173637390137 35.1034393310547 35.3368797302246 35.5435523986816 35.6453018188477 35.4325332641602 35.3725547790527 35.9396018981934 36.015811920166 36.0096244812012 36.0685043334961 36.1684303283691 36.1390686035156 36.6553268432617 36.3889923095703 36.0802345275879 35.9120635986328 35.8692169189453 35.6867713928223 35.6788177490234 36.2971954345703 36.6271629333496 36.5113830566406 36.3414611816406 36.6299705505371 35.9062538146973 34.8191108703613 35.3152351379395 35.9748954772949 36.0166625976562 35.6578636169434 35.7223281860352 36.2311172485352 36.3475341796875 36.3185501098633 36.357536315918 36.3561401367188 36.3748817443848 36.3801879882812 36.408275604248 36.3957366943359
32.8315849304199 31.70778465271 31.1522312164307 32.5357856750488 33.9653663635254 34.3422889709473 33.6995429992676 35.1387138366699 35.0675086975098 34.4606056213379 35.4649353027344 35.6716461181641 35.6789436340332 35.7256774902344 35.727855682373 35.9339370727539 36.0520629882812 36.1521682739258 36.6348190307617 36.7364501953125 36.5090522766113 36.1757736206055 35.9829711914062 35.8839416503906 35.6203575134277 36.0810012817383 36.5256614685059 36.5182075500488 36.6850471496582 36.7248382568359 36.1726417541504 34.4155883789062 35.0664367675781 34.5896148681641 34.9409599304199 34.2497978210449 35.1955986022949 36.2005653381348 36.314769744873 36.3783416748047 36.3964881896973 36.3248558044434 36.2311172485352 36.3359794616699 36.364933013916 36.3680000305176
32.8155403137207 31.9428462982178 31.9997043609619 32.5725173950195 33.5995483398438 34.0531463623047 34.5061149597168 34.7448425292969 33.3221549987793 33.2089500427246 34.8662719726562 33.7851638793945 34.1676940917969 34.6293487548828 35.3789367675781 35.851993560791 35.9944076538086 36.2018775939941 36.5369720458984 36.6488342285156 36.6788635253906 36.4128189086914 36.0598602294922 36.1108856201172 35.9632148742676 36.1819076538086 36.1577262878418 35.965503692627 36.4973258972168 36.6607894897461 36.3945846557617 35.6499557495117 34.2237358093262 32.2329864501953 32.4201393127441 34.1383743286133 35.5737991333008 36.1636123657227 36.273265838623 36.2254943847656 36.230037689209 36.0225677490234 35.9125480651855 36.2645111083984 36.0296745300293 36.086799621582
32.7994346618652 32.3718299865723 32.1238555908203 32.4627838134766 33.139835357666 34.0171356201172 34.1823272705078 33.7086372375488 33.1700630187988 34.0861396789551 34.5980491638184 33.5023765563965 33.8414077758789 34.2882614135742 35.2870292663574 35.6971244812012 35.9901580810547 36.424617767334 36.8255615234375 36.6277542114258 36.4676284790039 36.7474822998047 36.465648651123 36.2549018859863 36.0693855285645 36.0440292358398 36.1050262451172 35.9818649291992 36.2935333251953 36.6096954345703 36.6149711608887 36.0625 35.3222808837891 33.6888046264648 33.0778656005859 34.1998023986816 35.5710029602051 36.1093444824219 36.1708755493164 35.7353515625 35.9866180419922 36.1595611572266 35.9687385559082 36.0326538085938 35.728832244873 35.9716262817383
32.418758392334 32.1604995727539 31.600757598877 31.973503112793 32.8331832885742 33.0030479431152 33.4612655639648 33.8076820373535 34.1079559326172 34.2036437988281 34.559196472168 34.7719192504883 35.4552383422852 35.5307922363281 35.6654472351074 35.168041229248 36.1456069946289 36.5096893310547 36.7020835876465 36.3929443359375 36.4856071472168 36.6632118225098 36.7418975830078 36.6584930419922 36.3428611755371 36.2498168945312 35.8612174987793 36.0031127929688 36.3835639953613 36.4447288513184 36.5632781982422 36.569164276123 35.9778099060059 35.3067169189453 34.4184341430664 34.1333274841309 35.2767219543457 36.024600982666 35.558422088623 35.0426063537598 35.9314346313477 36.1718597412109 35.9127578735352 35.1656074523926 35.514720916748 36.0091438293457
