inst/extdata/Tmax/Tmax18.asc
NCOLS 100 
NROWS 79 
XLLCORNER 148.06 
YLLCORNER -21.49 
CELLSIZE 0.01 
NODATA_value -3.4e+38 
[rows 40 to 59 of 79, columns 46 to 91 of 100]
24.8447704315186 26.0266361236572 25.5739593505859 26.1711769104004 27.9437103271484 27.9610137939453 27.7879543304443 25.9448146820068 25.7441902160645 26.1519889831543 27.5721645355225 29.6046485900879 30.1052894592285 29.618257522583 28.838321685791 30.6420383453369 31.5827503204346 31.0547904968262 32.1199264526367 32.0997886657715 31.4618816375732 32.0968017578125 29.9579467773438 28.8020782470703 30.256814956665 31.1977691650391 31.7455654144287 30.9480628967285 30.7708683013916 30.9371681213379 30.5702972412109 31.686243057251 30.4570827484131 27.5282344818115 29.2026538848877 33.6033668518066 31.9599742889404 30.4069538116455 28.2568168640137 27.590425491333 27.0384349822998 29.9180393218994 30.3156547546387 29.7058792114258 31.0640602111816 28.3051929473877
25.8429431915283 25.6755485534668 27.0884399414062 28.4433765411377 28.6439361572266 28.2000122070312 27.555492401123 27.3852958679199 28.7625846862793 29.0444145202637 31.7487812042236 30.5906658172607 30.3856410980225 30.0925064086914 29.5293941497803 31.5143985748291 31.650749206543 31.4816665649414 32.5466156005859 32.8373222351074 30.7480316162109 31.1290702819824 27.3624401092529 33.1826705932617 34.3724975585938 29.9629974365234 31.9298992156982 30.9472103118896 31.1552581787109 30.3339920043945 30.9406871795654 31.4979763031006 31.352258682251 30.4318332672119 30.86842918396 32.8933944702148 31.1690235137939 30.6109352111816 30.3394889831543 30.0442314147949 29.5960464477539 29.1411781311035 30.5429649353027 30.2017002105713 30.1907787322998 29.6619243621826
26.6291275024414 27.5846786499023 27.4408874511719 29.4335746765137 34.5356712341309 32.0405502319336 29.5669708251953 28.8307590484619 29.9911231994629 31.6848087310791 31.8289012908936 31.4245777130127 31.7248783111572 31.2941226959229 33.0456466674805 31.6036720275879 31.4680480957031 31.1424446105957 31.579231262207 32.3138999938965 31.3883495330811 30.870512008667 30.5561790466309 34.6777801513672 28.045503616333 34.7662315368652 34.0269660949707 29.8750553131104 29.2380313873291 31.8361778259277 31.5330982208252 31.8674602508545 31.1530513763428 30.5169525146484 30.9109916687012 29.7208862304688 29.8582096099854 29.3277854919434 29.3903770446777 29.8492488861084 31.0186195373535 31.1262512207031 31.4897632598877 30.1744060516357 32.200122833252 32.1531181335449
29.9834537506104 30.767650604248 30.9385108947754 31.0975532531738 31.8491992950439 31.3653869628906 31.0357780456543 30.6503219604492 30.9977893829346 31.396484375 32.0926475524902 32.1240348815918 32.3373832702637 32.2534942626953 31.7498207092285 31.3160610198975 30.9838390350342 31.1985893249512 31.9229373931885 29.5346870422363 31.7994976043701 31.8341598510742 31.6454486846924 31.0028514862061 30.4523773193359 32.2121505737305 31.4560661315918 30.9841804504395 31.619104385376 33.3478507995605 32.7289581298828 33.1831207275391 30.9829177856445 30.3885650634766 30.2364501953125 32.7718467712402 32.2363815307617 30.3099403381348 31.269474029541 32.3447685241699 32.9620170593262 32.1218452453613 30.5665187835693 34.8132705688477 32.3794364929199 30.3697834014893
29.8006153106689 30.0201072692871 30.0348567962646 30.4084224700928 31.9942398071289 32.6690063476562 32.0796241760254 31.2669830322266 31.6572666168213 31.3446350097656 31.0605487823486 31.0473575592041 30.6527118682861 30.523120880127 30.3774604797363 30.9770069122314 29.3619594573975 30.2289218902588 31.2775249481201 31.6528472900391 32.6181144714355 33.260124206543 33.0026893615723 32.0585975646973 29.9390506744385 30.4057102203369 30.8155689239502 31.3100185394287 33.5404319763184 33.8853149414062 32.5375099182129 31.2930946350098 30.2353000640869 30.9397354125977 30.6034755706787 32.640796661377 31.3402290344238 30.1812858581543 31.4527187347412 29.9567794799805 30.5938453674316 32.1701698303223 32.5983123779297 32.5654335021973 35.4565773010254 32.3578910827637
26.2485237121582 27.5456466674805 29.0016632080078 27.301929473877 29.0261936187744 29.749059677124 29.5940418243408 29.9236717224121 30.2391223907471 30.3606472015381 27.2928256988525 27.4919757843018 27.6898422241211 25.9855422973633 26.8362522125244 27.9251747131348 30.3199844360352 30.5398750305176 30.4943084716797 30.6230621337891 32.4204711914062 32.2207908630371 31.5690517425537 31.5363712310791 31.6538333892822 32.1505851745605 32.1403846740723 32.1142845153809 31.7511081695557 31.9524154663086 31.6087284088135 32.7618980407715 33.6268005371094 34.1057586669922 32.089485168457 31.8329277038574 31.3289947509766 31.1753330230713 31.1532173156738 30.8773670196533 30.7274303436279 31.8003253936768 31.9765930175781 30.6775016784668 32.9964027404785 35.3561515808105
24.9877262115479 26.1298313140869 25.7416648864746 25.5120906829834 26.2881088256836 26.5590667724609 26.6875305175781 27.2040462493896 27.7899780273438 27.0338745117188 26.8202877044678 26.3212776184082 26.4910430908203 26.3864841461182 26.5980415344238 27.9446296691895 30.6872787475586 30.4700508117676 29.8291988372803 31.7344989776611 32.1961402893066 32.6178245544434 31.7036952972412 31.0034046173096 33.6383056640625 33.8251686096191 32.881462097168 32.1633529663086 31.2354488372803 31.1521987915039 32.3644790649414 32.1914672851562 31.6365947723389 31.9642219543457 32.2489433288574 34.8696441650391 31.6743927001953 31.8652210235596 30.7838325500488 30.6566066741943 30.6387805938721 33.2873611450195 31.3178806304932 34.1900024414062 32.8045768737793 32.2639923095703
25.3408508300781 25.2829303741455 25.2064533233643 25.2783985137939 25.1503887176514 25.3632297515869 26.1285591125488 26.9880485534668 27.2096633911133 27.0320987701416 27.5059108734131 26.9312896728516 26.9913387298584 28.3935451507568 29.185848236084 30.7447948455811 31.4082317352295 31.3309383392334 31.4702854156494 32.8610649108887 35.5797424316406 33.305046081543 31.2271347045898 32.2635841369629 33.4899864196777 33.1085624694824 32.4624633789062 35.3888626098633 32.5388793945312 32.7984313964844 32.8275909423828 30.2821769714355 30.1421546936035 30.4789562225342 30.2631206512451 30.2694816589355 31.683931350708 30.6947116851807 29.7998027801514 33.5597534179688 33.3147201538086 35.2843208312988 31.8677558898926 33.9839935302734 33.7272186279297 33.6642227172852
25.2324504852295 27.1955261230469 25.4694957733154 25.1592273712158 25.082368850708 25.0103073120117 24.9637565612793 26.6772708892822 27.2774696350098 27.3821773529053 27.3168334960938 27.3238315582275 32.5497283935547 33.6957664489746 34.2062683105469 30.5955429077148 32.4862594604492 28.8476314544678 34.490177154541 34.4021911621094 34.1118392944336 34.3796997070312 33.7649383544922 33.3320579528809 33.033576965332 31.1315727233887 32.3255043029785 33.471622467041 35.6228523254395 34.9004211425781 34.6443557739258 35.3982467651367 34.4986610412598 30.5349769592285 31.5058174133301 35.9080848693848 35.0835494995117 32.0761489868164 31.8919715881348 31.7120037078857 29.7979125976562 30.3344383239746 30.9653491973877 31.8823394775391 31.0243892669678 31.6593322753906
27.1321811676025 27.7609996795654 28.9385147094727 26.0764141082764 25.4628772735596 26.088041305542 25.8700866699219 26.5878276824951 26.803882598877 27.3286476135254 31.6804943084717 33.1302032470703 34.3208084106445 34.3688888549805 34.8702163696289 28.0214233398438 31.2135410308838 28.3132743835449 28.6330585479736 31.1747570037842 31.1731109619141 35.4058303833008 31.8352813720703 32.7160453796387 32.4477920532227 31.572208404541 33.531436920166 33.619441986084 34.1110038757324 34.1747016906738 33.9477806091309 32.3205642700195 30.6624851226807 31.1740341186523 31.8371639251709 36.064826965332 36.0356025695801 32.8591232299805 31.7206001281738 31.5737686157227 31.5621814727783 30.5490131378174 31.7405757904053 30.3445587158203 31.3377819061279 31.9917087554932
30.5293636322021 27.3310623168945 30.2471866607666 25.2581539154053 25.1979103088379 26.2183361053467 26.3405532836914 26.9325847625732 27.4349975585938 27.8175964355469 27.8079814910889 28.0433521270752 32.7064094543457 33.4012031555176 34.0286331176758 27.9592590332031 30.4430885314941 30.3365707397461 27.162633895874 30.9891204833984 28.5351009368896 34.2878189086914 31.9175128936768 33.4565696716309 31.877815246582 32.8741493225098 31.8795070648193 31.4955596923828 34.5283851623535 34.2301750183105 33.6233444213867 33.104663848877 32.7883644104004 31.0142383575439 31.862699508667 34.302059173584 35.6598014831543 33.7910003662109 32.6946830749512 33.2197456359863 31.788688659668 30.6802749633789 30.7624702453613 29.899097442627 31.3673725128174 32.1750793457031
26.112154006958 24.7151679992676 25.1183528900146 24.3696365356445 24.309268951416 25.4257411956787 26.1065101623535 27.0962944030762 27.3798370361328 27.5666561126709 27.7513008117676 27.3947868347168 27.3618240356445 26.9141693115234 27.3611507415771 30.5430088043213 28.3280162811279 31.121919631958 27.9764671325684 30.3785457611084 30.1972885131836 31.1222743988037 34.2222785949707 34.981029510498 32.1675338745117 32.3511390686035 33.0462379455566 31.22438621521 31.6341495513916 35.0733413696289 33.5162773132324 32.8315200805664 32.2585296630859 30.620569229126 30.5201320648193 32.1875648498535 32.5810508728027 32.4325637817383 31.8589363098145 30.1912155151367 33.8292655944824 30.1538791656494 29.8873748779297 29.5632362365723 29.5973949432373 30.902379989624
24.5697154998779 30.2796306610107 30.9330959320068 24.5699291229248 24.4927158355713 25.1061668395996 25.6181831359863 26.3343315124512 26.7243900299072 26.9603500366211 27.3156337738037 27.1462211608887 27.149435043335 27.5020942687988 27.82155418396 28.2413101196289 30.938627243042 31.3545703887939 31.2545471191406 31.739049911499 30.2157077789307 31.4017219543457 32.9852485656738 35.0811424255371 32.9273452758789 33.7339973449707 33.6932640075684 33.579174041748 33.4381523132324 35.4685821533203 34.369312286377 33.8082160949707 33.9051322937012 34.2234077453613 31.3264751434326 30.4054584503174 31.6068668365479 29.0642433166504 30.5949058532715 30.9103012084961 31.0184898376465 30.0159091949463 34.5175819396973 31.0094795227051 29.6123714447021 29.395679473877
25.1198616027832 24.5733070373535 30.4069061279297 25.0854434967041 25.1101856231689 25.763219833374 25.6243457794189 26.1851406097412 27.0854206085205 27.5043315887451 27.7116966247559 27.7860622406006 27.8209190368652 31.5432968139648 31.5900936126709 28.5835418701172 28.3605976104736 28.5184955596924 28.5507507324219 31.3496208190918 30.8617839813232 31.0696659088135 28.6108245849609 29.7972106933594 30.6392021179199 32.4523735046387 31.8276653289795 32.8995704650879 34.9577331542969 32.509578704834 32.3943405151367 31.4705715179443 31.8374042510986 32.6988143920898 31.1123485565186 30.7367076873779 28.7400932312012 27.9543972015381 28.1853656768799 27.021692276001 32.9266510009766 31.5090980529785 32.6930198669434 32.3247337341309 34.3200187683105 30.0963535308838
25.9917087554932 25.2604122161865 24.9305438995361 25.2385730743408 25.6179237365723 26.3387660980225 26.3704738616943 26.5576877593994 26.6066246032715 27.1344604492188 27.1571159362793 29.889066696167 30.7542324066162 27.9705753326416 32.3104972839355 31.7033519744873 32.2032356262207 28.8267097473145 31.6230087280273 31.4132213592529 31.4471626281738 30.510232925415 29.4745178222656 31.522216796875 33.3677978515625 33.6200752258301 31.733772277832 32.2404899597168 31.3963356018066 33.3192481994629 33.5524673461914 32.123966217041 33.4741592407227 31.3553485870361 33.9023780822754 30.9335174560547 34.5542259216309 30.8844509124756 31.2301731109619 29.6228542327881 30.8468799591064 31.3993167877197 30.7212028503418 31.0219802856445 31.8920612335205 32.8957214355469
25.5797748565674 25.2866516113281 25.06325340271 25.9794044494629 26.3465709686279 26.7671070098877 27.2319431304932 27.5040836334229 27.4099140167236 27.7203750610352 27.6448307037354 29.8148746490479 30.3989009857178 31.9687232971191 32.1690406799316 31.6861019134521 32.1055526733398 32.5119590759277 31.991886138916 28.8429927825928 31.3964862823486 30.5200386047363 31.2926769256592 31.3430366516113 32.6204643249512 33.430103302002 33.7222633361816 34.293571472168 31.6168212890625 32.1342887878418 29.3346920013428 31.5695133209229 32.9790000915527 34.8957252502441 33.8982353210449 27.9880714416504 30.5832672119141 31.487211227417 29.996997833252 30.9935894012451 32.960018157959 32.1748390197754 31.5522499084473 31.9556655883789 31.5193729400635 31.3804302215576
25.6191234588623 25.097297668457 24.5610809326172 25.6078510284424 26.5252342224121 26.8962249755859 26.3904342651367 27.3875274658203 27.0394725799561 26.5537662506104 27.5332584381104 27.1443195343018 27.4628410339355 30.3031120300293 27.9495334625244 31.3245887756348 31.4746742248535 31.4957427978516 32.1107635498047 30.1501312255859 31.0346717834473 31.5009098052979 31.0624618530273 28.73655128479 31.2236061096191 33.4303741455078 32.4950714111328 31.6912746429443 31.9267997741699 32.115291595459 29.1981296539307 27.1283912658691 28.1083335876465 31.1053066253662 27.2775573730469 26.9964790344238 31.4488391876221 30.9078483581543 31.7288208007812 30.4775981903076 32.739875793457 33.9580001831055 30.3300609588623 30.6302967071533 31.5477390289307 32.1722106933594
26.0485973358154 25.1875190734863 25.2466144561768 25.670072555542 26.2925243377686 26.624116897583 27.0064830780029 26.9754486083984 26.0646457672119 25.6444606781006 27.0900993347168 25.9843254089355 26.3801231384277 26.5336227416992 30.0573749542236 30.8384418487549 28.2066822052002 31.4975070953369 28.9173679351807 32.398868560791 31.9935054779053 32.2924499511719 31.7632236480713 31.4537734985352 30.6300277709961 31.8690338134766 32.710132598877 31.7012977600098 31.1173267364502 32.7678833007812 30.9364891052246 28.3958072662354 31.433708190918 30.9849510192871 25.3490200042725 29.4740810394287 30.7184734344482 31.2332134246826 31.5855598449707 33.2898826599121 31.2217311859131 33.6049613952637 31.3417377471924 31.5844955444336 31.0611934661865 30.9443740844727
26.0770587921143 25.842700958252 25.6035213470459 25.6672401428223 26.184944152832 26.6642932891846 26.5582485198975 26.4405937194824 25.9122867584229 26.6950531005859 26.7527389526367 25.7853164672852 25.9919300079346 26.0718669891357 27.1191844940186 27.3716259002686 31.1239242553711 28.3362064361572 31.7011871337891 31.9767875671387 31.7875099182129 32.15283203125 30.3760833740234 31.8754501342773 31.13307762146 31.2221775054932 30.9796772003174 32.1174125671387 30.3910789489746 30.3575286865234 32.0640296936035 31.7683277130127 28.2572441101074 30.2584362030029 31.0984897613525 31.6741027832031 28.7482013702393 31.2728366851807 33.6604080200195 30.9899845123291 32.0109519958496 31.1448764801025 31.6030673980713 33.4424057006836 32.9237098693848 30.6339893341064
25.5734615325928 25.5391826629639 25.1974391937256 25.5117988586426 25.8558444976807 25.6538677215576 26.2259387969971 26.5682144165039 26.8710517883301 26.8877849578857 26.7789306640625 26.9601039886475 30.0492820739746 30.7594890594482 30.5650634765625 27.4289493560791 28.0032157897949 31.8520336151123 29.2321281433105 31.3696308135986 31.7151374816895 32.3289489746094 32.4318389892578 31.7470455169678 31.9348907470703 30.8712120056152 31.2927150726318 31.2018852233887 30.4092807769775 32.3625297546387 32.7318878173828 33.5759124755859 29.9515323638916 30.8099155426025 30.6449584960938 26.4498119354248 29.51247215271 32.327938079834 34.2290802001953 28.9202766418457 31.4046096801758 31.6231746673584 30.9362468719482 29.6822032928467 31.2393436431885 32.0124855041504
