inst/extdata/Tmax/Tmax159.asc
NCOLS 100 
NROWS 79 
XLLCORNER 148.06 
YLLCORNER -21.49 
CELLSIZE 0.01 
NODATA_value -3.4e+38 
[rows 0 to 19 of 79, columns 46 to 91 of 100]
38.7236557006836 38.5422439575195 38.446174621582 38.4625205993652 38.4592933654785 38.324951171875 38.5723762512207 38.4030647277832 38.2121696472168 38.0402755737305 37.9538345336914 37.6816902160645 37.5911979675293 37.840518951416 38.1455383300781 38.059814453125 37.938117980957 37.7665252685547 37.458854675293 37.2688865661621 37.120662689209 -3.4e+38 -3.4e+38 -3.4e+38 -3.4e+38 -3.4e+38 -3.4e+38 -3.4e+38 -3.4e+38 -3.4e+38 -3.4e+38 -3.4e+38 -3.4e+38 -3.4e+38 -3.4e+38 -3.4e+38 -3.4e+38 -3.4e+38 -3.4e+38 -3.4e+38 -3.4e+38 -3.4e+38 -3.4e+38 -3.4e+38 -3.4e+38 -3.4e+38
38.6832389831543 38.3907852172852 38.1609306335449 38.4504814147949 38.6423225402832 38.6389617919922 38.6084403991699 38.5142250061035 38.1643180847168 37.7118911743164 37.856517791748 37.3052406311035 37.8583908081055 38.2011795043945 38.1926612854004 38.0954895019531 37.9910659790039 37.857421875 37.6574821472168 37.5665435791016 37.4550361633301 37.3229866027832 -3.4e+38 -3.4e+38 -3.4e+38 -3.4e+38 -3.4e+38 -3.4e+38 -3.4e+38 -3.4e+38 -3.4e+38 -3.4e+38 -3.4e+38 -3.4e+38 -3.4e+38 -3.4e+38 -3.4e+38 -3.4e+38 -3.4e+38 -3.4e+38 -3.4e+38 -3.4e+38 -3.4e+38 -3.4e+38 -3.4e+38 -3.4e+38
38.5714797973633 37.7840766906738 36.9180183410645 38.3915939331055 38.6187400817871 38.622501373291 38.6200523376465 38.5765953063965 38.3436279296875 37.727165222168 37.8286666870117 37.989086151123 38.085578918457 38.2621040344238 38.2389259338379 38.1360282897949 38.0555038452148 37.9633445739746 37.8391571044922 37.6127624511719 37.5716133117676 37.4032669067383 37.1542205810547 36.8407249450684 -3.4e+38 -3.4e+38 -3.4e+38 -3.4e+38 -3.4e+38 -3.4e+38 -3.4e+38 -3.4e+38 -3.4e+38 -3.4e+38 -3.4e+38 -3.4e+38 -3.4e+38 -3.4e+38 -3.4e+38 -3.4e+38 -3.4e+38 -3.4e+38 -3.4e+38 -3.4e+38 -3.4e+38 -3.4e+38
38.1185188293457 38.2018928527832 37.0659866333008 38.271110534668 38.4929351806641 38.5452690124512 38.6312408447266 38.5402145385742 38.4136199951172 38.0707054138184 37.9617195129395 37.7006340026855 38.087947845459 38.2419700622559 38.2822227478027 38.1808128356934 38.1354942321777 38.0765647888184 37.9400787353516 37.5549964904785 37.3492279052734 37.3786849975586 37.3166961669922 37.2360076904297 37.0589981079102 36.592830657959 -3.4e+38 -3.4e+38 -3.4e+38 -3.4e+38 -3.4e+38 -3.4e+38 -3.4e+38 -3.4e+38 -3.4e+38 -3.4e+38 -3.4e+38 -3.4e+38 -3.4e+38 -3.4e+38 -3.4e+38 -3.4e+38 -3.4e+38 -3.4e+38 -3.4e+38 -3.4e+38
38.1010284423828 38.1431121826172 36.8853454589844 37.144416809082 37.9956169128418 38.5295906066895 38.6405296325684 38.5023155212402 38.4850196838379 38.1596603393555 37.8448791503906 37.6522216796875 37.2545928955078 37.9515037536621 38.237850189209 38.1487045288086 38.2013130187988 38.1633071899414 37.9159164428711 37.1191635131836 36.5554504394531 37.372859954834 37.4671859741211 37.4053726196289 37.1410484313965 36.809196472168 -3.4e+38 -3.4e+38 -3.4e+38 -3.4e+38 -3.4e+38 -3.4e+38 -3.4e+38 -3.4e+38 -3.4e+38 -3.4e+38 -3.4e+38 -3.4e+38 -3.4e+38 -3.4e+38 -3.4e+38 -3.4e+38 -3.4e+38 -3.4e+38 -3.4e+38 -3.4e+38
37.1970443725586 37.9931373596191 36.3851585388184 35.7362098693848 37.6076545715332 38.6048889160156 38.553394317627 38.5052108764648 38.459774017334 38.0342903137207 37.0559158325195 36.713306427002 37.0778198242188 38.0880470275879 37.9993858337402 38.1820030212402 38.2492752075195 38.1873550415039 38.0986289978027 37.4120559692383 36.6060447692871 36.6952705383301 37.2553100585938 37.3293380737305 37.3024749755859 37.186164855957 -3.4e+38 -3.4e+38 -3.4e+38 -3.4e+38 -3.4e+38 -3.4e+38 -3.4e+38 -3.4e+38 -3.4e+38 -3.4e+38 -3.4e+38 -3.4e+38 -3.4e+38 -3.4e+38 -3.4e+38 -3.4e+38 -3.4e+38 -3.4e+38 -3.4e+38 -3.4e+38
36.2431678771973 37.9665794372559 37.3160362243652 37.2418060302734 38.2882041931152 38.5601959228516 38.3919486999512 38.2846870422363 38.461109161377 37.9518432617188 37.1786231994629 37.1795425415039 37.9019432067871 38.0513916015625 37.0759391784668 38.0278816223145 38.1072616577148 38.1239967346191 38.1746101379395 37.8804473876953 37.4520606994629 37.1705207824707 37.4168090820312 37.1585960388184 37.4337310791016 37.4531135559082 37.3232612609863 37.0237846374512 -3.4e+38 -3.4e+38 -3.4e+38 -3.4e+38 -3.4e+38 -3.4e+38 -3.4e+38 -3.4e+38 -3.4e+38 -3.4e+38 -3.4e+38 -3.4e+38 -3.4e+38 -3.4e+38 -3.4e+38 -3.4e+38 -3.4e+38 -3.4e+38
35.3443298339844 37.9688873291016 38.4648017883301 38.2722396850586 37.2159576416016 37.479663848877 38.1657333374023 38.3394508361816 38.5207328796387 38.3274116516113 37.8991432189941 37.4593467712402 37.4982566833496 37.744255065918 37.2710609436035 38.0220413208008 37.2588958740234 37.2258262634277 38.000186920166 38.1460647583008 37.952205657959 37.6867446899414 37.5786170959473 37.6394386291504 37.6148338317871 37.5687294006348 37.3671798706055 37.2031021118164 36.896053314209 36.3555526733398 36.3369598388672 -3.4e+38 -3.4e+38 -3.4e+38 -3.4e+38 -3.4e+38 -3.4e+38 -3.4e+38 -3.4e+38 -3.4e+38 -3.4e+38 -3.4e+38 -3.4e+38 -3.4e+38 -3.4e+38 -3.4e+38
35.2862167358398 37.4774780273438 38.4951133728027 38.3842926025391 37.4789505004883 35.8796844482422 37.334888458252 38.4510498046875 38.5417404174805 38.4282493591309 38.2599868774414 37.9858856201172 38.0174331665039 37.8393096923828 37.286376953125 37.2091751098633 36.7630424499512 37.6024780273438 37.9430389404297 38.0294342041016 38.0294609069824 37.6548690795898 37.2350425720215 36.8931732177734 37.6499977111816 37.6877059936523 37.5573196411133 37.3869819641113 37.262321472168 36.6807632446289 36.4625816345215 36.6335945129395 -3.4e+38 -3.4e+38 -3.4e+38 -3.4e+38 -3.4e+38 -3.4e+38 -3.4e+38 -3.4e+38 -3.4e+38 -3.4e+38 -3.4e+38 -3.4e+38 -3.4e+38 -3.4e+38
36.2692031860352 37.4824523925781 38.3510093688965 38.3517303466797 38.333309173584 36.8498191833496 37.1918525695801 38.3448905944824 38.545166015625 38.425724029541 38.2088012695312 37.9420394897461 37.8173065185547 37.9458999633789 37.237548828125 36.9064559936523 36.8288841247559 38.0589866638184 37.8999443054199 37.5808525085449 37.9932174682617 37.9634895324707 37.7558937072754 37.3881912231445 37.8306198120117 37.7551193237305 37.5934219360352 37.6513442993164 37.4869613647461 37.1651344299316 36.6184501647949 36.6564826965332 -3.4e+38 -3.4e+38 -3.4e+38 -3.4e+38 -3.4e+38 -3.4e+38 -3.4e+38 -3.4e+38 -3.4e+38 -3.4e+38 -3.4e+38 -3.4e+38 -3.4e+38 -3.4e+38
35.2629013061523 37.3073463439941 37.7335166931152 37.5132904052734 37.9040031433105 38.1830635070801 37.8876876831055 38.372631072998 38.4938430786133 38.393871307373 38.2073287963867 38.0234146118164 37.8151702880859 38.2186889648438 38.0589904785156 37.951961517334 38.0326881408691 38.2754898071289 38.2840385437012 37.7031135559082 37.1902732849121 37.9297714233398 38.1370735168457 37.5909881591797 37.6141586303711 37.4449043273926 37.4198379516602 37.7644844055176 37.604248046875 37.3003044128418 -3.4e+38 -3.4e+38 -3.4e+38 -3.4e+38 -3.4e+38 -3.4e+38 -3.4e+38 -3.4e+38 -3.4e+38 -3.4e+38 -3.4e+38 -3.4e+38 -3.4e+38 -3.4e+38 -3.4e+38 -3.4e+38
34.636833190918 35.6233520507812 36.0045051574707 35.7294120788574 36.8886489868164 37.6134834289551 38.0436897277832 38.3673133850098 38.3788146972656 38.2981643676758 38.09765625 37.9083557128906 37.759765625 38.4617309570312 38.4653778076172 38.3061065673828 38.330753326416 38.4459838867188 38.5057830810547 38.4096527099609 37.9801216125488 37.7659301757812 38.1941108703613 37.9934997558594 37.7376289367676 37.863353729248 37.9038696289062 37.6253509521484 37.5061683654785 37.3314895629883 -3.4e+38 -3.4e+38 -3.4e+38 -3.4e+38 -3.4e+38 -3.4e+38 -3.4e+38 -3.4e+38 -3.4e+38 -3.4e+38 -3.4e+38 -3.4e+38 -3.4e+38 -3.4e+38 -3.4e+38 -3.4e+38
34.6271820068359 33.7062721252441 33.1301803588867 33.2540893554688 35.3471755981445 35.9595260620117 37.3686103820801 37.7824516296387 38.1519203186035 38.0421447753906 37.8036499023438 38.187385559082 38.2065811157227 38.1075820922852 38.6154098510742 38.588981628418 38.5332527160645 38.5588417053223 38.5883979797363 38.5836372375488 38.5197296142578 38.446949005127 38.2962455749512 38.2458839416504 37.9208946228027 38.0031471252441 37.988899230957 37.6947364807129 37.4047012329102 37.2879295349121 37.1183624267578 36.7869110107422 -3.4e+38 -3.4e+38 -3.4e+38 -3.4e+38 -3.4e+38 -3.4e+38 -3.4e+38 -3.4e+38 -3.4e+38 -3.4e+38 -3.4e+38 -3.4e+38 -3.4e+38 -3.4e+38
34.6591949462891 33.919750213623 33.0867195129395 32.6213150024414 33.1454620361328 33.9063034057617 35.9214210510254 37.308292388916 38.1439666748047 37.9658660888672 37.4128379821777 38.1065521240234 38.4900436401367 38.558708190918 38.5970268249512 38.621467590332 38.6673431396484 38.6711273193359 38.6634902954102 38.6443023681641 38.5976333618164 38.5419731140137 38.4696311950684 38.3875579833984 38.1320571899414 38.1619110107422 38.0651016235352 37.8425064086914 37.5750274658203 37.5034027099609 37.4167747497559 37.270866394043 36.9417304992676 -3.4e+38 -3.4e+38 -3.4e+38 -3.4e+38 36.4548187255859 36.4963912963867 -3.4e+38 -3.4e+38 -3.4e+38 -3.4e+38 -3.4e+38 -3.4e+38 -3.4e+38
35.2210235595703 34.0107688903809 33.1832237243652 32.8539123535156 33.3448829650879 33.0982704162598 34.2261695861816 36.1108283996582 37.6276588439941 38.0731773376465 36.8545112609863 37.8188591003418 38.3325462341309 37.8372077941895 37.9507446289062 38.4142570495605 38.5475807189941 38.6447525024414 38.6067581176758 38.4809074401855 38.5135879516602 38.4719047546387 38.4887847900391 38.4448623657227 38.3705062866211 38.2071533203125 38.0994567871094 37.9518852233887 37.8129577636719 37.7244911193848 37.6625709533691 37.5105857849121 37.0977973937988 -3.4e+38 -3.4e+38 -3.4e+38 -3.4e+38 36.580940246582 36.5350189208984 36.7053413391113 36.6808319091797 36.5032157897949 -3.4e+38 -3.4e+38 -3.4e+38 -3.4e+38
35.1901550292969 33.9932327270508 33.2284545898438 33.6498260498047 33.4503059387207 33.8087882995605 33.5791969299316 34.969108581543 37.4210090637207 38.2530288696289 37.1019248962402 37.0757675170898 38.0029220581055 35.9490852355957 37.0962905883789 37.5257301330566 38.1620750427246 38.6118583679199 38.6070671081543 38.5207138061523 38.5054206848145 38.4963989257812 38.5192222595215 38.4736137390137 38.4081649780273 38.12841796875 38.1100082397461 38.0461730957031 37.9946022033691 37.9512405395508 37.8251075744629 37.6668128967285 37.461799621582 -3.4e+38 -3.4e+38 37.2116012573242 36.9719772338867 36.6855087280273 36.5604629516602 36.346794128418 36.4765396118164 36.6932716369629 -3.4e+38 -3.4e+38 -3.4e+38 -3.4e+38
33.8978118896484 32.740909576416 32.6987419128418 33.8936653137207 34.2193031311035 34.112190246582 33.7219886779785 34.0650978088379 36.5986251831055 38.0494117736816 38.0691986083984 37.1598968505859 37.7562141418457 36.2430229187012 36.2723197937012 36.3460006713867 37.8303756713867 38.6017112731934 38.6310157775879 38.6631698608398 38.6539077758789 38.6042137145996 38.5607681274414 38.3061141967773 38.3209648132324 38.1885414123535 38.1790924072266 38.1798820495605 38.1534843444824 38.0706939697266 37.9463653564453 37.8337440490723 37.7181396484375 -3.4e+38 37.5522193908691 37.517463684082 37.4349365234375 -3.4e+38 36.7235260009766 -3.4e+38 36.4277114868164 -3.4e+38 -3.4e+38 -3.4e+38 -3.4e+38 -3.4e+38
33.854076385498 32.5209083557129 31.8754405975342 34.2636299133301 34.4636573791504 33.8286323547363 33.4678535461426 33.5913734436035 35.136474609375 37.720760345459 37.8482551574707 37.3900146484375 37.5382347106934 37.6790008544922 36.9542846679688 38.1903190612793 38.4617385864258 38.5918235778809 38.6472663879395 38.6469917297363 38.6317024230957 38.6055107116699 38.5767440795898 38.4874687194824 38.4827690124512 38.3982276916504 38.3562126159668 38.3128623962402 38.2067222595215 38.1815795898438 38.0834770202637 38.0096473693848 37.9332427978516 37.8511619567871 37.8040237426758 37.783935546875 37.6073837280273 -3.4e+38 -3.4e+38 -3.4e+38 -3.4e+38 -3.4e+38 -3.4e+38 36.7185401916504 -3.4e+38 -3.4e+38
35.5571136474609 35.258602142334 33.2191581726074 34.6699180603027 33.264232635498 33.2435531616211 33.6678352355957 33.9542999267578 36.1199569702148 37.696346282959 37.367862701416 36.7028923034668 37.686824798584 38.1603698730469 38.2905578613281 38.3566474914551 38.5051574707031 38.1613464355469 38.3492164611816 38.5467262268066 38.5107307434082 38.5655059814453 38.5877914428711 38.5659790039062 38.5448226928711 38.4868125915527 38.4574546813965 38.318058013916 37.9618377685547 38.1116371154785 38.1975517272949 38.1810302734375 38.1302146911621 38.0423431396484 38.0038452148438 37.9122848510742 37.7534713745117 37.608642578125 37.4768753051758 37.403205871582 37.3867149353027 37.2668800354004 36.9647636413574 36.7347259521484 -3.4e+38 -3.4e+38
35.6483459472656 34.8477592468262 35.4699897766113 35.2839393615723 33.9501800537109 33.9590110778809 33.5950202941895 33.7959747314453 35.8829231262207 37.3718872070312 37.8347396850586 37.5914916992188 37.9902305603027 38.330150604248 38.2025756835938 38.0452461242676 38.2752685546875 37.9880981445312 37.821704864502 38.0333099365234 38.3903846740723 38.4799728393555 38.5163116455078 38.5677947998047 38.581729888916 38.5417594909668 38.4957962036133 38.2899932861328 38.0034408569336 38.2321472167969 38.1889305114746 38.2982482910156 38.1833305358887 38.1288146972656 38.0908546447754 37.9365997314453 37.8422164916992 37.7855834960938 37.7427215576172 37.7076721191406 37.6607894897461 37.5191993713379 37.1164016723633 36.6600494384766 36.7216796875 -3.4e+38
