inst/extdata/Tmax/Tmax128.asc
NCOLS 100 
NROWS 79 
XLLCORNER 148.06 
YLLCORNER -21.49 
CELLSIZE 0.01 
NODATA_value -3.4e+38 
[rows 20 to 39 of 79, columns 0 to 45 of 100]
41.394931793212898 41.4179954528809 41.4225463867188 41.3915176391602 41.4115829467773 41.5264320373535 41.4379577636719 41.3699645996094 41.3075637817383 41.2173538208008 41.0407257080078 40.6248550415039 40.1617126464844 39.4817771911621 38.0598411560059 37.5953979492188 37.5026626586914 38.5747756958008 39.6928520202637 40.1428146362305 40.1573944091797 40.1577682495117 40.4975891113281 40.5192794799805 40.3605880737305 40.0646934509277 39.4142799377441 38.4414596557617 39.006477355957 39.0703277587891 39.694263458252 39.6905364990234 39.8275985717773 39.7842025756836 39.7377128601074 39.4856262207031 39.0594520568848 39.0777282714844 38.5743446350098 38.8720626831055 38.6450843811035 37.8370018005371 38.1138114929199 38.1865921020508 38.3372192382812 38.3863143920898
41.4701614379883 41.5167999267578 41.5332679748535 41.5010147094727 41.5085716247559 41.5097198486328 41.3679504394531 41.2948226928711 41.2743301391602 41.2131118774414 41.0923233032227 40.9081764221191 40.6765899658203 39.6987762451172 38.0833358764648 37.7346420288086 37.9806022644043 38.8775367736816 39.4169998168945 39.8111534118652 39.940315246582 39.8363723754883 40.3792991638184 40.5136260986328 40.3129997253418 40.3231010437012 40.2684936523438 39.4846038818359 39.3160285949707 39.8495216369629 39.9638519287109 39.8353004455566 39.4884338378906 38.8518600463867 38.8637275695801 38.8316688537598 39.301929473877 38.5414733886719 38.1137390136719 38.4734230041504 38.0562210083008 38.1488418579102 37.8613128662109 36.8514099121094 37.2327651977539 38.0124359130859
41.5258712768555 41.5588226318359 41.572265625 41.5607833862305 41.5467567443848 41.5154075622559 41.3334579467773 41.2148895263672 41.1648330688477 41.1361846923828 41.024169921875 40.9443168640137 40.7709999084473 40.1434020996094 38.9568328857422 38.0513916015625 37.3325157165527 37.8809204101562 38.5025062561035 39.3699111938477 39.4872512817383 39.6030197143555 40.2703857421875 40.0463027954102 39.6119003295898 39.9881439208984 40.0386428833008 40.1210136413574 39.8245086669922 39.8577690124512 39.5770263671875 39.363899230957 38.7610321044922 38.4030113220215 38.1499137878418 38.3721618652344 38.281192779541 37.67919921875 37.6406631469727 37.5462760925293 37.2094535827637 36.3819808959961 37.2481880187988 36.9347457885742 35.8442077636719 37.4603309631348
41.537956237793 41.5548400878906 41.5780143737793 41.5729446411133 41.5368919372559 41.5301094055176 41.4478149414062 41.1615791320801 41.0588073730469 41.0816879272461 40.9043312072754 40.7053527832031 40.8109169006348 40.4261169433594 39.6006278991699 38.7576713562012 37.841682434082 37.5261001586914 38.1850318908691 38.5246925354004 39.1079483032227 40.1486663818359 39.886589050293 39.2419815063477 39.395092010498 39.5450973510742 39.1976013183594 40.1844940185547 40.2023620605469 40.0535850524902 39.8125267028809 38.6530227661133 38.2967224121094 38.5048446655273 38.8520584106445 38.359619140625 37.3649711608887 36.7776031494141 37.5448379516602 36.9947280883789 36.2141342163086 34.6734886169434 35.5582809448242 36.8349761962891 34.8878974914551 36.3240089416504
41.4900894165039 41.5338897705078 41.5697326660156 41.5411262512207 41.5060691833496 41.509838104248 41.4999237060547 41.3304786682129 41.1591835021973 40.9915924072266 40.8902626037598 40.8408355712891 40.6669692993164 40.3194351196289 39.5208969116211 38.776782989502 37.9498062133789 37.5539932250977 37.7747077941895 37.7739944458008 39.074462890625 39.9415817260742 38.7727546691895 38.1893577575684 39.0610160827637 39.0336875915527 39.2068214416504 39.9802513122559 40.2213134765625 39.8253364562988 39.7608032226562 39.5017852783203 39.465217590332 39.5170135498047 39.1711502075195 38.8429107666016 38.3994750976562 37.2091293334961 36.9638404846191 36.6814117431641 34.8376541137695 34.198600769043 34.6739044189453 36.6286087036133 34.5234718322754 34.9076957702637
41.4505882263184 41.457202911377 41.4739990234375 41.4521102905273 41.4649276733398 41.4750747680664 41.4900054931641 41.4487648010254 41.3030395507812 41.0653762817383 40.8741455078125 40.7262916564941 40.5761871337891 40.1077117919922 39.6368255615234 39.0439071655273 38.3617744445801 37.9985847473145 38.488452911377 39.2406921386719 39.2244300842285 39.1092948913574 38.5872802734375 37.2088279724121 37.7634239196777 38.595386505127 38.7347373962402 40.0262298583984 40.2080497741699 39.8332061767578 38.9151954650879 39.5354614257812 39.3898849487305 39.2515563964844 38.9612197875977 38.6204147338867 38.4738235473633 36.8967781066895 35.520149230957 35.9509391784668 34.4084129333496 35.2787170410156 35.6592597961426 36.6357345581055 35.5447540283203 34.3913040161133
41.3459739685059 41.359806060791 41.3731231689453 41.3865280151367 41.3845825195312 41.3880310058594 41.4653434753418 41.4693756103516 41.3385810852051 40.9268836975098 40.8221473693848 40.5418510437012 40.538761138916 40.1518707275391 39.3620834350586 38.2131118774414 37.7837104797363 38.0014343261719 38.5151062011719 38.415168762207 38.6186485290527 39.5603294372559 39.4051704406738 37.7809371948242 37.3391418457031 38.346851348877 39.1787071228027 40.0953254699707 40.1722755432129 39.9434432983398 39.0704574584961 38.649658203125 39.4591445922852 38.8948593139648 38.424560546875 37.5384292602539 37.2189178466797 37.3349189758301 36.1943130493164 34.7949256896973 34.3580322265625 34.6768226623535 34.5744323730469 35.689094543457 34.6765975952148 33.9777069091797
41.1971168518066 41.2053146362305 41.2441635131836 41.2962265014648 41.3213691711426 41.3814811706543 41.4625091552734 41.4602088928223 41.3916969299316 41.203987121582 40.9649200439453 40.6871871948242 40.5659370422363 40.3634223937988 39.3971405029297 38.1719055175781 37.8020820617676 37.7571640014648 37.8989524841309 37.875301361084 39.1029243469238 39.7678146362305 39.1963539123535 38.2730102539062 37.657154083252 37.9086723327637 38.0183906555176 39.6897888183594 40.0462265014648 39.9187545776367 39.0851974487305 38.9785766601562 39.2789764404297 38.4940795898438 37.7505493164062 37.1348876953125 36.1386184692383 36.9051055908203 36.7242050170898 34.7588195800781 34.280517578125 34.4638595581055 34.3742523193359 35.0083847045898 34.3669776916504 34.0381278991699
40.7057228088379 40.6482887268066 40.9305763244629 41.2453155517578 41.3789367675781 41.4613571166992 41.4854316711426 41.4743309020996 41.3490447998047 41.2422332763672 41.0787200927734 40.5263938903809 40.6236381530762 40.4692687988281 39.9338684082031 38.6436500549316 37.841480255127 37.2950439453125 37.6382904052734 38.5977249145508 39.1430854797363 39.5141487121582 38.5869979858398 37.8026084899902 37.6019325256348 37.7606430053711 38.2079772949219 39.1770095825195 39.9635314941406 40.0210342407227 39.4831695556641 39.1911468505859 38.7315254211426 37.6306953430176 36.3709602355957 35.9134902954102 35.5507507324219 35.7693481445312 35.9338226318359 35.4980278015137 34.925178527832 35.041332244873 34.7482719421387 34.5069847106934 34.5137710571289 34.4366035461426
39.7877502441406 40.6721153259277 41.0161933898926 40.7516288757324 41.3161468505859 41.4659767150879 41.48046875 41.4680404663086 41.2664527893066 41.1191787719727 41.1107368469238 40.8324928283691 40.5891189575195 40.4524078369141 40.1898345947266 39.6502380371094 39.0408897399902 37.5667190551758 37.9166488647461 38.0033569335938 38.1698226928711 39.1745338439941 38.7171478271484 37.8408966064453 37.6161575317383 37.3869018554688 37.3340377807617 39.1229095458984 39.9956665039062 40.0683898925781 39.2174530029297 38.1691551208496 37.8318481445312 37.4486541748047 37.1568374633789 36.0600090026855 35.9751930236816 35.5257720947266 35.0717964172363 35.3448371887207 37.2865142822266 37.3492889404297 36.136344909668 34.5793685913086 35.7054061889648 35.8156776428223
40.0946502685547 40.9850654602051 41.0201072692871 40.4766502380371 41.2672538757324 41.4502944946289 41.4890670776367 41.4717292785645 41.4143371582031 41.1885108947754 41.0814666748047 41.0023765563965 40.8223419189453 40.6103897094727 40.3081741333008 39.6995086669922 38.8019981384277 38.3263664245605 37.8296318054199 38.1068153381348 38.1899566650391 38.6557846069336 37.9951210021973 37.8074493408203 37.4754791259766 36.7856330871582 37.0741271972656 39.000114440918 39.8770141601562 39.91845703125 39.8966522216797 39.7046890258789 38.5286712646484 37.5060691833496 37.4285736083984 36.901252746582 37.0354652404785 36.8234710693359 36.3606452941895 36.8832550048828 38.4703483581543 38.5358543395996 38.0758476257324 37.4400825500488 37.3192138671875 36.6562423706055
40.8723907470703 41.1307144165039 41.201831817627 41.2012557983398 41.2870826721191 41.4340209960938 41.4542655944824 41.449592590332 41.4038772583008 41.3320503234863 41.149959564209 41.0779342651367 40.9787101745605 40.7707099914551 40.497241973877 39.9943084716797 39.081356048584 38.6340103149414 37.8766288757324 37.7560424804688 37.8304481506348 38.2963562011719 37.8895454406738 37.6075325012207 37.5370216369629 37.5660095214844 38.4116439819336 39.5469512939453 39.9314651489258 39.3999176025391 39.3062286376953 39.3008728027344 39.5130500793457 38.9846611022949 38.6905975341797 37.8710098266602 38.949405670166 38.7842140197754 38.7455253601074 38.7537002563477 38.5100631713867 37.5235481262207 36.5057830810547 36.1477851867676 35.9949684143066 35.1907157897949
40.5803108215332 41.2947692871094 41.3598937988281 41.3746299743652 41.370189666748 41.3781776428223 41.3421669006348 41.3871574401855 41.3793067932129 41.3605461120605 41.3119201660156 41.1745681762695 40.9909973144531 40.8281707763672 40.6324996948242 40.3767776489258 39.8640785217285 39.1626663208008 38.361255645752 37.5983619689941 37.626407623291 38.1019096374512 37.9666442871094 37.6614265441895 37.504581451416 37.6724815368652 39.1748123168945 39.9152450561523 39.9808120727539 39.7948760986328 39.2772064208984 38.6263809204102 39.3534240722656 39.4600296020508 39.4935073852539 38.9402809143066 39.3469276428223 39.0333251953125 38.8871307373047 38.7061195373535 37.4351959228516 35.8933181762695 34.5221366882324 34.8879356384277 34.7896041870117 33.7206382751465
40.4481468200684 41.0766334533691 40.8985443115234 40.7759819030762 40.9142456054688 41.2976341247559 41.2900886535645 41.3122367858887 41.3257293701172 41.3112983703613 41.2770156860352 41.2393112182617 41.125862121582 40.9705352783203 40.813102722168 40.5830459594727 40.1190376281738 39.6854476928711 39.3968849182129 38.725471496582 37.710033416748 37.9502601623535 37.7068939208984 37.7818450927734 37.6478500366211 37.6153678894043 38.7218360900879 39.8825302124023 39.9607696533203 39.6271896362305 39.4806098937988 38.3469696044922 38.6505851745605 38.9102363586426 39.214900970459 39.3348159790039 39.1685829162598 38.9838905334473 38.5720100402832 38.6208953857422 38.2734146118164 36.9283256530762 36.0607604980469 36.642578125 36.1634063720703 34.9286575317383
40.7871551513672 41.0541839599609 40.6465911865234 39.9583969116211 40.0716590881348 41.046085357666 41.2484474182129 41.2136650085449 41.2293395996094 41.2441902160645 41.1639251708984 41.1977996826172 41.1474227905273 41.0356140136719 40.8837738037109 40.6900482177734 40.3549842834473 39.6640510559082 39.2329864501953 38.7411918640137 38.0143356323242 37.9082221984863 37.7080993652344 37.4763107299805 37.4374961853027 37.8442344665527 39.0273056030273 39.8415298461914 39.3162384033203 39.0802764892578 39.1885795593262 38.7988586425781 38.4545364379883 38.0968399047852 37.8045120239258 38.3208503723145 38.1011505126953 38.4417953491211 38.3491401672363 38.128231048584 37.8415985107422 38.1553230285645 37.8898086547852 37.5440559387207 36.8967475891113 36.3771171569824
40.9147071838379 40.9969444274902 40.8059883117676 40.4875373840332 40.1748199462891 40.7469444274902 41.0478515625 41.0718536376953 41.1194953918457 41.1796417236328 41.1679191589355 41.2002487182617 41.1380844116211 41.0777053833008 40.921745300293 40.7002334594727 40.4382400512695 40.218204498291 39.801155090332 39.1118278503418 38.7004776000977 38.4103469848633 37.8595123291016 37.1627655029297 37.3327827453613 37.5976600646973 39.1129455566406 39.6652069091797 37.6672554016113 37.2254753112793 37.9117050170898 38.1315269470215 38.078052520752 37.840446472168 37.3126029968262 37.0305633544922 37.5850448608398 37.4054565429688 37.3638229370117 37.3032150268555 37.0118103027344 36.6623916625977 36.9294013977051 37.4279861450195 36.7486763000488 35.5299072265625
40.7662124633789 40.7813034057617 40.8138275146484 40.5324859619141 40.244026184082 40.4407958984375 40.656925201416 40.8601036071777 40.9739952087402 41.0997085571289 41.0805015563965 41.0652618408203 41.1522827148438 41.0820007324219 40.9594879150391 40.6811370849609 40.6409301757812 40.4869918823242 40.2277488708496 39.8253021240234 39.6688766479492 38.8122367858887 38.1681861877441 37.6568984985352 37.6498527526855 38.0611572265625 39.1407470703125 39.0353622436523 38.7171363830566 38.5995025634766 37.7676620483398 37.6816177368164 37.4707984924316 37.3096656799316 36.5211334228516 36.073486328125 36.2877235412598 36.2219047546387 36.4699287414551 36.2448844909668 36.2243194580078 35.2045783996582 35.970703125 36.8858222961426 36.6215705871582 35.0367012023926
40.1847457885742 40.5112342834473 40.7338333129883 40.626953125 40.4211082458496 40.2870254516602 40.2623672485352 40.6510848999023 40.7687797546387 40.9493713378906 41.0345611572266 41.0210418701172 41.0819625854492 41.098014831543 40.9148712158203 40.8076858520508 40.7128372192383 40.5972480773926 40.4301528930664 40.2178421020508 40.0004272460938 39.230037689209 37.9980163574219 38.0907592773438 37.3390159606934 37.9648704528809 38.9756011962891 38.3750877380371 38.5736808776855 39.0674591064453 38.9367179870605 38.7493934631348 38.0227966308594 37.5541191101074 35.843147277832 34.4607353210449 34.4915428161621 34.3651466369629 34.3168601989746 34.8176536560059 34.9885940551758 35.1773872375488 35.3815307617188 36.3215560913086 36.1582069396973 35.7236442565918
40.3265609741211 40.4077301025391 40.5541152954102 40.5308227539062 40.4951324462891 40.1726531982422 39.9321899414062 39.6557846069336 40.3545684814453 40.8773880004883 41.0165405273438 41.0488891601562 41.1293106079102 41.1252288818359 40.8108215332031 40.3888320922852 40.3947906494141 40.4564514160156 40.502555847168 40.3729095458984 40.219856262207 39.7724189758301 38.578914642334 38.9050598144531 37.862491607666 37.8524360656738 37.993522644043 38.3367080688477 37.1989974975586 37.9157562255859 37.5083084106445 37.6144332885742 38.9518051147461 38.4852600097656 37.4396057128906 35.0092468261719 34.0031204223633 34.0019226074219 33.2727241516113 33.7349128723145 34.4166526794434 34.3839988708496 34.4723129272461 35.9465560913086 35.4597091674805 34.8759613037109
40.397834777832 40.2991333007812 40.3629913330078 40.158073425293 40.3712768554688 40.2814407348633 40.0303497314453 39.7527770996094 39.9608306884766 40.6069183349609 40.8669815063477 41.0530395507812 41.0973968505859 41.0617446899414 40.999641418457 40.5780639648438 40.158447265625 39.9504547119141 40.2348556518555 40.3637084960938 40.2134704589844 40.0450630187988 39.6979217529297 39.0755882263184 37.9132118225098 37.6765327453613 37.6062316894531 37.7059478759766 37.7570571899414 37.1750335693359 36.5476608276367 37.3752098083496 38.666805267334 37.8608589172363 38.0911903381348 37.4988288879395 37.0110092163086 36.8598976135254 35.7829437255859 34.5698623657227 35.3428916931152 34.9761123657227 35.3966941833496 35.5913696289062 35.2564888000488 34.7391166687012
