inst/extdata/Tmax/Tmax66.asc
NCOLS 100 
NROWS 79 
XLLCORNER 148.06 
YLLCORNER -21.49 
CELLSIZE 0.01 
NODATA_value -3.4e+38 
[rows 40 to 59 of 79, columns 46 to 91 of 100]
33.6498718261719 34.3974876403809 34.7107315063477 35.3739738464355 36.5790176391602 37.3046760559082 36.9225540161133 35.469367980957 35.1704864501953 35.6670722961426 36.0335426330566 37.3336219787598 37.0249137878418 37.1715469360352 36.522159576416 37.2687759399414 37.3952102661133 37.1574745178223 37.2167625427246 37.2763290405273 37.2741012573242 36.5436820983887 36.8221549987793 37.0482406616211 37.0994262695312 37.121395111084 37.0284271240234 36.7224807739258 36.8446884155273 36.9748115539551 36.9314880371094 36.7864685058594 36.5227851867676 35.571044921875 35.7547225952148 36.2378349304199 36.1494331359863 36.0593910217285 36.2192535400391 35.7878227233887 35.2252044677734 35.554874420166 35.7681617736816 35.596923828125 35.7721939086914 35.7883834838867
34.7056999206543 35.5915756225586 35.5095100402832 35.4579277038574 36.6258926391602 37.5423355102539 36.6579971313477 36.3403778076172 36.7691078186035 36.8130073547363 37.0636978149414 37.5761299133301 37.4696617126465 37.4635162353516 37.3328170776367 37.5474510192871 37.5595779418945 37.4906349182129 37.4393882751465 37.4371757507324 37.4100227355957 36.9906578063965 36.4496688842773 36.6982421875 36.6213417053223 36.9665985107422 37.1794967651367 36.8049125671387 36.7761154174805 37.0493545532227 37.0586204528809 36.9660530090332 36.8194198608398 36.3435173034668 36.5033531188965 36.5077438354492 36.3279762268066 36.3022117614746 36.3580474853516 36.4301223754883 35.6895751953125 35.8354110717773 36.2696838378906 36.1011009216309 36.1792488098145 36.1166954040527
36.5719680786133 36.6864891052246 36.8029022216797 37.1437911987305 37.3730201721191 37.7228965759277 37.3720817565918 36.9495582580566 37.3188018798828 37.603874206543 37.5155029296875 37.7356452941895 37.7425842285156 37.6633071899414 37.6233062744141 37.6641960144043 37.6538429260254 37.6170272827148 37.573917388916 37.5467071533203 37.465690612793 36.7418251037598 36.5748710632324 36.9267158508301 36.5229225158691 36.8327598571777 37.1425170898438 37.0481376647949 36.9843864440918 37.1527709960938 37.1522521972656 37.1151428222656 37.0632019042969 36.9551086425781 36.8581161499023 36.5838508605957 35.8849296569824 36.3025093078613 36.6794052124023 36.6519012451172 36.5255546569824 36.4580764770508 36.5233459472656 36.5256958007812 36.5321159362793 36.4715003967285
37.520191192627 37.5143661499023 37.592227935791 37.6812057495117 37.8384552001953 37.8821067810059 37.7871322631836 37.5904235839844 37.7005157470703 37.8458213806152 37.820743560791 37.8389053344727 37.8030052185059 37.7552452087402 37.7505950927734 37.7054672241211 37.636833190918 37.5990180969238 37.6033363342285 37.6056022644043 37.5578231811523 37.3494873046875 37.1410255432129 37.2505645751953 37.1300315856934 36.7747001647949 36.9668121337891 37.1465072631836 37.2394371032715 37.2334899902344 37.2125015258789 37.1730499267578 37.1281280517578 37.0737457275391 37.0456085205078 36.906436920166 36.5238838195801 36.7331504821777 36.8447151184082 36.8082504272461 36.752758026123 36.726490020752 36.6911773681641 36.6789436340332 36.6584510803223 36.6146125793457
37.4055671691895 37.5884246826172 37.7658920288086 37.7508354187012 37.7719497680664 37.8483352661133 37.8554229736328 37.8872146606445 37.8878631591797 37.824577331543 37.6418380737305 37.7036514282227 37.6259155273438 37.409725189209 37.5263519287109 37.6019515991211 37.496753692627 37.5595588684082 37.6089935302734 37.623966217041 37.6186943054199 37.4898986816406 37.2348136901855 37.0223503112793 37.1681747436523 37.270133972168 37.2835845947266 37.2927780151367 37.275447845459 37.2765731811523 37.244701385498 37.2023696899414 37.1462097167969 37.0918731689453 37.0886001586914 37.0151138305664 36.9748458862305 36.9464912414551 36.8786125183105 36.8541984558105 36.8057250976562 36.7708015441895 36.7481231689453 36.7130126953125 36.6166305541992 36.6175498962402
36.0471496582031 36.6316299438477 36.9356842041016 37.0800094604492 37.3405647277832 37.5776519775391 37.5038375854492 37.6346397399902 37.6120910644531 37.4681015014648 36.8623504638672 36.8532676696777 36.8919906616211 35.7457885742188 36.4489250183105 37.0030479431152 37.3945693969727 37.6236381530762 37.6689491271973 37.6645011901855 37.6532363891602 37.4886665344238 37.1415863037109 36.8459091186523 37.0247650146484 37.1943435668945 37.2684555053711 37.2353858947754 37.2606010437012 37.2902526855469 37.2725143432617 37.2350158691406 37.1954116821289 37.1637344360352 37.1140975952148 37.0109367370605 36.9778137207031 36.9469299316406 36.8998680114746 36.8685569763184 36.8156585693359 36.7838287353516 36.7508735656738 36.6870994567871 36.656795501709 36.6547470092773
34.1675071716309 35.1685943603516 35.0753479003906 35.0335922241211 36.0515518188477 36.4463920593262 36.5074081420898 36.688045501709 37.0145568847656 36.5221176147461 35.9836311340332 35.5221862792969 36.0108795166016 35.8937759399414 36.212028503418 37.0599746704102 37.554370880127 37.6749114990234 37.6774406433105 37.6395721435547 37.6580123901367 37.636100769043 37.2987823486328 37.0154418945312 36.9090805053711 37.0846481323242 37.2180061340332 37.2794914245605 37.331916809082 37.3214225769043 37.3156700134277 37.2857360839844 37.2537841796875 37.205436706543 37.1194229125977 37.0435638427734 37.0144309997559 36.9858131408691 36.9494895935059 36.9130096435547 36.8594436645508 36.8307723999023 36.802921295166 36.7527084350586 36.7217674255371 36.6185913085938
34.2863349914551 34.2150840759277 34.042049407959 34.0900611877441 34.0266304016113 34.6438980102539 35.6056213378906 36.0970764160156 36.2170600891113 36.1001625061035 36.481502532959 36.3330497741699 36.1905250549316 36.6113662719727 36.8126754760742 37.4450798034668 37.6150856018066 37.6131172180176 37.5432090759277 37.6114349365234 37.6836318969727 37.6882972717285 37.5575942993164 37.3030204772949 36.968822479248 37.141471862793 37.2630424499512 37.3610458374023 37.3894958496094 37.3924179077148 37.3794784545898 37.330020904541 37.2557830810547 37.1743316650391 37.1027641296387 37.0529708862305 37.0371055603027 37.0233764648438 36.9909324645996 36.9550590515137 36.9119758605957 36.8883323669434 36.8578147888184 36.8161697387695 36.6408271789551 36.4599838256836
33.9764099121094 34.0465316772461 34.2185134887695 33.9698715209961 33.8788299560547 33.9539184570312 34.6326446533203 35.9104080200195 36.3057174682617 36.4214668273926 36.268798828125 36.3909759521484 36.5927658081055 36.7921562194824 36.8149147033691 37.1893730163574 37.4522514343262 37.4291801452637 37.4012069702148 37.6039543151855 37.6666145324707 37.6459579467773 37.6857643127441 37.5997734069824 37.4896659851074 37.435604095459 37.4767875671387 37.5028343200684 37.483325958252 37.4602088928223 37.4186401367188 37.3326454162598 37.2445106506348 37.1217346191406 37.0661506652832 37.0784683227539 37.0610885620117 37.0501594543457 37.0380630493164 37.0024757385254 36.9713439941406 36.9455680847168 36.9091377258301 36.8737449645996 36.7317848205566 36.6096649169922
34.0552635192871 34.1870079040527 34.1943778991699 33.9082145690918 34.3025398254395 34.9751625061035 35.0350074768066 36.0013542175293 36.3507995605469 36.487663269043 36.3172454833984 36.6602935791016 36.850887298584 36.8328628540039 36.8800773620605 36.7762565612793 36.8283538818359 36.9817428588867 37.2386360168457 37.4812164306641 37.5369606018066 37.5155601501465 37.6729278564453 37.6852035522461 37.6738624572754 37.6280517578125 37.584342956543 37.4326820373535 37.4548454284668 37.4812049865723 37.4314002990723 37.3104591369629 37.2532196044922 37.0828971862793 37.0093955993652 37.114185333252 37.0909309387207 37.0541305541992 37.0750389099121 37.0562705993652 37.011775970459 36.9917793273926 36.9566879272461 36.9107246398926 36.8310775756836 36.7566604614258
34.1017150878906 33.9886703491211 34.1587982177734 33.9048271179199 34.4323921203613 35.3164939880371 35.5683059692383 36.0091361999512 36.5366134643555 36.8599624633789 36.8472099304199 36.9186515808105 36.9530143737793 36.9549331665039 36.9251365661621 36.8578033447266 36.8869361877441 36.6627426147461 36.3778648376465 37.2146606445312 37.1118087768555 37.4077758789062 37.6339530944824 37.6560478210449 37.6706733703613 37.6291313171387 37.5505256652832 37.361701965332 37.4487228393555 37.5016670227051 37.3573036193848 37.1973152160645 37.1848564147949 37.1456871032715 37.1458015441895 37.1770706176758 37.1587829589844 37.1241912841797 37.0993309020996 37.1018295288086 37.070068359375 37.0330810546875 36.9905242919922 36.9411392211914 36.8860282897949 36.7973594665527
33.7507476806641 33.7152290344238 34.0256996154785 33.4798355102539 33.5949325561523 35.2433319091797 35.8282814025879 36.3054161071777 36.5487594604492 36.7465629577637 36.7676620483398 36.7516441345215 36.5801239013672 36.5607414245605 36.7445602416992 36.8178825378418 37.0511894226074 36.9746131896973 36.8131675720215 36.823429107666 36.6861915588379 37.2495651245117 37.5339584350586 37.6427154541016 37.6256065368652 37.6075286865234 37.3206481933594 37.0209197998047 37.4499244689941 37.5258255004883 37.2966537475586 37.0365867614746 37.2014579772949 37.2146644592285 37.2135047912598 37.1602172851562 37.134407043457 37.1136627197266 37.106746673584 37.0750465393066 37.0527381896973 37.053653717041 37.0199394226074 36.9727592468262 36.9205703735352 36.8472633361816
33.4558029174805 33.3185920715332 33.7069854736328 33.5897941589355 33.6513557434082 34.4866638183594 35.3016929626465 35.8105735778809 36.1722412109375 36.4358673095703 36.3700294494629 36.2958374023438 36.3263549804688 36.5255966186523 37.0698318481445 37.1226615905762 37.2414894104004 37.1466026306152 37.0629119873047 36.9137878417969 36.7117881774902 37.1827507019043 37.4982070922852 37.621036529541 37.5520133972168 37.5921516418457 37.2790641784668 36.5585250854492 37.2860565185547 37.5337867736816 37.3085861206055 37.0964660644531 37.2238616943359 37.1557464599609 37.0807914733887 37.0723838806152 37.0864906311035 37.0153198242188 36.9319725036621 36.8957710266113 36.9508018493652 36.9958686828613 37.0383415222168 37.0006065368652 36.9511337280273 36.8954772949219
34.4176788330078 33.5239562988281 33.6044616699219 33.9335823059082 34.2408676147461 35.1229820251465 35.1545600891113 35.7709846496582 36.3821678161621 36.6226997375488 36.8686561584473 36.9299049377441 37.0119361877441 37.1636619567871 37.2864036560059 37.2931060791016 37.2342796325684 37.2695121765137 37.2220573425293 37.0229225158691 36.8521041870117 36.8424644470215 37.221736907959 37.3730354309082 37.2944107055664 37.587287902832 37.4849586486816 36.9776802062988 37.3628082275391 37.5414581298828 37.3501625061035 37.1785278320312 37.0915069580078 36.8170394897461 36.9364433288574 36.8609466552734 36.843864440918 36.5062370300293 36.5584716796875 35.7764015197754 36.7582931518555 36.9282531738281 37.0410537719727 37.023265838623 36.9783325195312 36.9235229492188
35.0275993347168 34.1634788513184 33.6970558166504 34.3700408935547 34.9038543701172 35.4973602294922 35.5331954956055 35.898063659668 36.4813690185547 36.7898864746094 36.8016128540039 36.7949752807617 37.0926246643066 37.203929901123 37.2674331665039 37.2286911010742 37.3659515380859 37.4456939697266 37.4011421203613 37.1895217895508 37.0416069030762 36.9497337341309 37.0289115905762 37.0162963867188 36.9747924804688 37.4643096923828 37.5774459838867 37.3323059082031 37.0847091674805 37.4671516418457 37.0989112854004 36.4596900939941 36.9021873474121 37.0017471313477 37.1988258361816 37.1721038818359 37.1167182922363 37.0671081542969 36.8730392456055 36.1066017150879 36.6862945556641 36.9114265441895 37.0200386047363 37.0318069458008 37.0034255981445 36.951587677002
35.0827713012695 34.3298492431641 33.8292808532715 34.9204025268555 35.718635559082 36.0579223632812 36.6202812194824 36.7854537963867 36.9308624267578 36.9986839294434 36.8269004821777 36.7751960754395 37.1876449584961 37.2368927001953 37.2246971130371 37.2539482116699 37.32080078125 37.2913818359375 37.671028137207 37.4635353088379 37.2300491333008 37.0858345031738 37.0466728210449 36.9039192199707 36.8907775878906 37.3386535644531 37.5815315246582 37.4870986938477 37.3518829345703 37.5646133422852 37.0160789489746 36.1587333679199 36.5133666992188 37.0060348510742 37.0090065002441 36.6840705871582 36.704273223877 37.0857124328613 37.1521644592285 37.0972023010254 37.0933113098145 37.0617752075195 37.0475730895996 37.0221710205078 37.0167198181152 36.9820785522461
34.9905204772949 34.1417694091797 33.7181777954102 34.7516136169434 35.8092422485352 36.0863227844238 35.5919952392578 36.6493949890137 36.5894393920898 36.1342658996582 36.8616561889648 37.0072937011719 37.0053787231445 37.0324745178223 37.0264053344727 37.164737701416 37.245002746582 37.3120918273926 37.666446685791 37.7360610961914 37.5623474121094 37.2936477661133 37.1425514221191 37.0616340637207 36.8587875366211 37.1876754760742 37.515552520752 37.5033721923828 37.6238632202148 37.648078918457 37.227481842041 35.867000579834 36.3381805419922 35.9428863525391 36.1822624206543 35.6214332580566 36.3115081787109 37.0799713134766 37.1444511413574 37.1675872802734 37.146614074707 37.0558395385742 36.9468116760254 37.005500793457 37.0007934570312 36.9798202514648
34.9902000427246 34.3299255371094 34.3672943115234 34.7908897399902 35.5501899719238 35.8849334716797 36.2018203735352 36.3713684082031 35.3121337890625 35.2221145629883 36.4328918457031 35.6286926269531 35.9040069580078 36.2367286682129 36.7818069458008 37.1174087524414 37.215690612793 37.3628120422363 37.6064376831055 37.6835289001465 37.7040100097656 37.4850006103516 37.2137031555176 37.2447319030762 37.1275024414062 37.2770805358887 37.252124786377 37.1014823913574 37.4948043823242 37.6125564575195 37.4084434509277 36.8308753967285 35.7123832702637 34.1634521484375 34.284854888916 35.5574989318848 36.6278114318848 37.0717887878418 37.1323280334473 37.0622978210449 37.0295143127441 36.827938079834 36.708080291748 36.9687957763672 36.7433090209961 36.7660713195801
34.9791450500488 34.652889251709 34.4613342285156 34.7099266052246 35.2097778320312 35.860408782959 35.9645309448242 35.6070251464844 35.2013778686523 35.8735008239746 36.2379837036133 35.42236328125 35.6659317016602 35.9883270263672 36.7171440124512 37.0060272216797 37.2160453796387 37.5328521728516 37.8273048400879 37.6711273193359 37.5485801696777 37.7409057617188 37.5215034484863 37.3564071655273 37.2107238769531 37.1780471801758 37.2168045043945 37.1176986694336 37.3443222045898 37.5769653320312 37.5795097351074 37.1429710388184 36.5692939758301 35.2881507873535 34.7972755432129 35.6147994995117 36.6379585266113 37.0397338867188 37.0601463317871 36.6772155761719 36.8425064086914 36.9544296264648 36.7677764892578 36.790111541748 36.5146484375 36.6861114501953
34.7024230957031 34.5029830932617 34.0766716003418 34.3519744873047 34.9903564453125 35.116153717041 35.4395141601562 35.6904220581055 35.9064445495605 35.9707069396973 36.2199172973633 36.369743347168 36.8672180175781 36.9156608581543 37.0079078674316 36.6259078979492 37.3429107666016 37.6078033447266 37.7453231811523 37.5060615539551 37.573413848877 37.6885375976562 37.7412567138672 37.6715354919434 37.4270706176758 37.3435325622559 37.0459861755371 37.1445541381836 37.4232597351074 37.4627838134766 37.551197052002 37.5376739501953 37.0836944580078 36.5468978881836 35.8340225219727 35.5829734802246 36.4280433654785 36.9914207458496 36.5884780883789 36.1589965820312 36.8194007873535 36.9866523742676 36.7446022033691 36.1283340454102 36.3683891296387 36.740234375
