inst/extdata/Tmax/Tmax40.asc
NCOLS 100 
NROWS 79 
XLLCORNER 148.06 
YLLCORNER -21.49 
CELLSIZE 0.01 
NODATA_value -3.4e+38 
[rows 0 to 19 of 79, columns 0 to 45 of 100]
30.734218597412099 30.7883644104004 29.993480682373 31.0163707733154 31.0419750213623 31.3655128479004 31.3875007629395 31.1328620910645 30.8810729980469 31.011754989624 30.5309963226318 30.5064640045166 30.5042476654053 29.2920379638672 29.7677249908447 30.1615333557129 30.4033355712891 30.4421901702881 29.0060272216797 28.3772296905518 27.4580783843994 26.013988494873 26.5325717926025 28.0026817321777 28.6591491699219 29.3017654418945 28.8754196166992 28.8409538269043 29.0645980834961 28.6429958343506 26.5159606933594 24.5567359924316 22.5972557067871 22.7294654846191 21.5006256103516 20.2126731872559 19.7846279144287 19.4793319702148 20.1336860656738 21.9743156433105 23.7328567504883 24.0485858917236 24.6125202178955 30.1472244262695 29.7457122802734 28.7112712860107
31.3563022613525 30.2742233276367 28.8120803833008 29.5220642089844 29.4599075317383 30.5660820007324 31.0732040405273 31.2598457336426 31.8243961334229 31.8977947235107 31.2771091461182 30.2856140136719 30.9215774536133 29.8428363800049 30.1012744903564 29.7550029754639 30.6009902954102 30.4018974304199 29.5267295837402 28.5550155639648 28.8161640167236 27.982551574707 27.7048397064209 28.166446685791 28.6597518920898 29.1762256622314 29.5846557617188 29.5412616729736 29.1945743560791 28.726016998291 27.550422668457 25.5114250183105 23.3892726898193 25.6417255401611 22.355094909668 21.0670738220215 20.4715099334717 21.4121227264404 22.4822063446045 23.3491344451904 24.7446155548096 24.7602519989014 27.9349899291992 28.7188720703125 29.329439163208 28.1860847473145
31.176872253418 30.1434898376465 30.1753768920898 30.7340698242188 30.0611972808838 30.4211616516113 30.8707256317139 31.4251270294189 31.8400382995605 31.9053077697754 31.3677234649658 30.6133575439453 30.9129810333252 30.4690494537354 29.8750228881836 29.8898048400879 30.0001220703125 30.3036403656006 29.4451427459717 28.9277477264404 28.4009857177734 28.6427688598633 28.1219940185547 28.4241504669189 29.3242244720459 29.5233917236328 29.5009517669678 29.4714088439941 29.6659774780273 29.0793342590332 29.3279876708984 27.8487510681152 28.8931465148926 25.6577568054199 27.6149349212646 21.7074794769287 20.7222728729248 20.4327869415283 21.535774230957 22.6418190002441 24.3196964263916 30.5154037475586 30.4143180847168 27.0127182006836 26.8460922241211 29.3783187866211
31.7344913482666 31.4927711486816 30.5180034637451 31.612548828125 30.801586151123 30.250431060791 30.8781585693359 31.3574752807617 31.6809425354004 31.8446559906006 31.6153373718262 31.0869102478027 30.973352432251 30.96240234375 30.5671977996826 30.4828052520752 30.6360855102539 30.2024459838867 29.9798316955566 28.9443817138672 28.655668258667 28.3579921722412 28.4646263122559 28.4784717559814 29.1499900817871 29.4149341583252 29.3248424530029 29.3428821563721 29.0037975311279 28.1301612854004 28.3567810058594 29.4266471862793 28.0346202850342 25.8105449676514 21.8960723876953 21.0013599395752 21.1903495788574 20.635913848877 20.5969676971436 20.1357822418213 21.7029209136963 24.0118045806885 27.5067939758301 31.0472431182861 25.1906223297119 25.233642578125
32.4540328979492 31.623254776001 31.4471969604492 32.0113677978516 31.5963287353516 31.0636882781982 30.4596385955811 31.4652709960938 32.3050765991211 31.554256439209 31.7416381835938 31.4487991333008 31.3707542419434 31.2059841156006 30.7050342559814 30.373987197876 30.3862705230713 29.8198852539062 29.0912113189697 28.2497520446777 28.294017791748 28.7943210601807 28.8320713043213 29.0773391723633 28.7879161834717 28.690279006958 29.9531421661377 29.1567287445068 29.0088920593262 29.1647930145264 28.5648403167725 28.7428855895996 27.9539375305176 26.9767913818359 27.4606456756592 22.5785846710205 22.0643138885498 21.5847702026367 20.2656230926514 20.2042579650879 20.0583591461182 23.5681056976318 26.7587070465088 28.7738933563232 24.6264095306396 23.758975982666
32.9823379516602 32.3490715026855 31.5597152709961 31.9183101654053 32.1179847717285 31.5157222747803 31.4548625946045 31.7364349365234 31.9356441497803 31.7186660766602 31.5835781097412 32.0284576416016 31.5494747161865 31.0351505279541 30.0636253356934 30.3979225158691 30.3178825378418 29.4996814727783 28.7429122924805 28.1227111816406 28.1853065490723 28.8706970214844 28.9895973205566 28.9178943634033 29.7184066772461 29.3163948059082 29.4514923095703 28.3884868621826 28.2099914550781 27.476110458374 26.6635723114014 27.7031593322754 28.382963180542 27.4865455627441 27.0317516326904 27.3492527008057 22.7116737365723 22.132209777832 21.6290016174316 21.1082057952881 20.2788715362549 22.6294002532959 27.8069152832031 26.8199081420898 24.8996334075928 22.1268615722656
32.0449867248535 32.613395690918 32.4524002075195 32.7762107849121 32.2490882873535 31.8735809326172 30.9114742279053 31.2793006896973 31.8757743835449 32.0722198486328 32.305736541748 32.2955703735352 31.2415351867676 30.7219486236572 30.6387481689453 30.6524143218994 30.1308650970459 29.3511085510254 28.8478164672852 28.2893581390381 27.6445598602295 28.3456592559814 28.8653774261475 29.1553440093994 29.4950942993164 29.8471508026123 29.7509956359863 28.8424091339111 28.5999431610107 26.740758895874 25.8785190582275 25.076322555542 26.4001960754395 27.2227191925049 27.0571727752686 26.6139469146729 23.0807514190674 21.3551445007324 21.456506729126 21.3279781341553 21.2772464752197 22.9323253631592 28.646900177002 29.7523460388184 25.1664237976074 27.867301940918
32.6986198425293 32.1630058288574 32.8868827819824 33.0175170898438 32.3877868652344 32.1096534729004 31.04465675354 31.1446151733398 31.7260608673096 31.9418621063232 31.9005432128906 31.6831207275391 30.8454627990723 31.3656482696533 31.2525310516357 29.9492301940918 29.6314792633057 28.8028030395508 29.282585144043 28.0785160064697 27.0269680023193 27.668529510498 28.210636138916 29.2646961212158 29.584436416626 29.8540153503418 29.5850105285645 28.6036567687988 28.1853313446045 27.6323947906494 25.4476776123047 25.0008296966553 25.7593879699707 25.6093654632568 26.1869316101074 26.4113616943359 22.3987159729004 21.4519004821777 21.0653514862061 21.5129852294922 21.6516075134277 22.730655670166 23.8248119354248 24.9683227539062 25.0549869537354 22.8257007598877
31.9402332305908 32.597526550293 32.2315788269043 32.3840179443359 32.2850456237793 32.221607208252 31.7774333953857 30.9864921569824 31.3863315582275 31.8556594848633 32.010311126709 32.4180679321289 32.6190757751465 31.4678726196289 31.0364074707031 29.7013988494873 29.5277557373047 29.4179801940918 29.6561870574951 28.2725276947021 28.2721862792969 27.8738136291504 28.2202682495117 29.1485443115234 29.685718536377 29.9906463623047 28.9532146453857 27.288537979126 27.7532348632812 27.5967979431152 26.5049114227295 25.4903964996338 25.1800765991211 24.5290794372559 27.198392868042 25.1221446990967 25.9698009490967 26.2524528503418 21.2248725891113 21.0663280487061 21.141429901123 21.3290710449219 21.8071899414062 23.4857578277588 24.1362991333008 22.7639675140381
31.29075050354 32.2460250854492 32.4713706970215 32.9283180236816 32.2676696777344 32.3353118896484 31.8605270385742 31.3315277099609 31.4833850860596 31.4981441497803 31.9484329223633 31.964391708374 30.8493022918701 30.7692356109619 30.7479248046875 30.5070552825928 30.3504676818848 30.0408039093018 29.4949550628662 29.3101768493652 29.281551361084 28.3714008331299 28.809009552002 29.680290222168 30.4367218017578 30.322380065918 29.1426372528076 28.5573120117188 27.7695999145508 26.592658996582 25.6638469696045 25.2901992797852 25.4146060943604 26.0522689819336 26.4418487548828 24.759822845459 21.7670040130615 25.1084117889404 21.7896881103516 20.8176097869873 20.8089561462402 20.4530143737793 21.0688724517822 22.1061420440674 22.1777362823486 21.8861961364746
31.5987720489502 32.6375389099121 32.5656509399414 32.035888671875 32.7573165893555 32.9110069274902 32.3297386169434 31.726655960083 31.810754776001 31.8128814697266 32.1665992736816 31.5754432678223 31.281810760498 30.0961875915527 30.2658996582031 30.3199787139893 30.2816429138184 30.4444179534912 29.9905643463135 29.9346885681152 28.7767772674561 28.6795253753662 28.5230979919434 29.453821182251 29.7846584320068 30.6079254150391 28.9145679473877 27.0140132904053 26.1814117431641 25.9954872131348 25.5577621459961 26.0101947784424 26.8071632385254 26.7145099639893 26.1218414306641 24.3475532531738 21.9305095672607 21.6115550994873 21.6146793365479 20.8198661804199 20.921142578125 20.4593563079834 20.3191547393799 21.0818309783936 21.5576210021973 21.876127243042
32.0820503234863 31.5080986022949 32.2247543334961 32.3624534606934 32.4230804443359 33.3440933227539 32.6319847106934 31.8687801361084 31.686975479126 31.9814147949219 31.6796684265137 32.1453742980957 31.7571678161621 31.1678028106689 30.9250183105469 30.7415828704834 30.993293762207 30.7927780151367 30.5473880767822 29.8269691467285 28.9773101806641 28.508695602417 28.9840297698975 28.96484375 28.8335475921631 29.4525356292725 27.8394412994385 27.0103302001953 26.4037380218506 26.6927700042725 26.9892578125 26.9634094238281 26.9615612030029 26.4067211151123 26.2963771820068 25.2199039459229 25.992015838623 20.9969215393066 21.6216716766357 21.8650379180908 21.6518115997314 21.3268947601318 20.4529228210449 21.2113609313965 21.4730415344238 21.5522727966309
32.2165107727051 32.3610420227051 32.3993644714355 33.104564666748 32.9867401123047 33.0462036132812 32.372745513916 31.6300811767578 31.9743232727051 32.9794425964355 31.9676723480225 32.3125038146973 31.6182765960693 32.1133613586426 31.6386623382568 31.3316402435303 31.8281726837158 31.2958011627197 31.0070247650146 29.6914482116699 29.4563140869141 29.881233215332 29.9669132232666 30.4311542510986 30.2775611877441 29.7137432098389 29.3182582855225 28.4666843414307 27.621883392334 27.292516708374 28.1446685791016 27.837423324585 27.6700229644775 27.1217498779297 25.7267398834229 25.0014095306396 23.8561897277832 25.2453060150146 24.1870498657227 22.509256362915 20.9920387268066 20.7497329711914 20.3338661193848 20.0741596221924 21.788667678833 22.1391849517822
32.9242134094238 33.1732864379883 31.8959655761719 32.3777198791504 31.9649353027344 31.9969501495361 32.739070892334 32.1591567993164 32.3456726074219 32.3089256286621 32.2628936767578 32.0837020874023 31.7080516815186 31.246826171875 31.57301902771 31.1802883148193 31.5879249572754 31.2994499206543 31.0955066680908 30.4329452514648 30.6299495697021 30.6949710845947 30.4198246002197 30.5592021942139 29.773365020752 27.9947605133057 27.5911140441895 27.5104465484619 26.7621212005615 27.2585945129395 28.178617477417 27.9718704223633 27.4182147979736 26.6223735809326 25.9487266540527 27.500509262085 26.0203952789307 22.286470413208 26.4942607879639 27.8942375183105 27.0617809295654 22.4362812042236 21.5193824768066 21.3296051025391 21.9021797180176 22.7858943939209
31.384147644043 31.6315498352051 32.1934661865234 32.6032333374023 32.3457984924316 32.1837158203125 32.1921081542969 32.8712425231934 31.7788581848145 31.5592842102051 31.6707077026367 31.4328098297119 30.772331237793 30.7159557342529 31.040994644165 30.4750900268555 31.3288230895996 31.4029922485352 31.2378597259521 31.3333187103271 31.0549850463867 30.3687152862549 29.5662536621094 29.7225818634033 29.5913677215576 29.4017944335938 29.1090507507324 28.5068473815918 27.9198970794678 28.6398448944092 27.9916172027588 28.3151550292969 28.0820655822754 28.1622619628906 27.7833271026611 26.2714405059814 27.039041519165 26.4766731262207 26.3053932189941 27.8575992584229 27.5941467285156 27.6249847412109 22.4180202484131 21.5370445251465 22.0091361999512 23.0937271118164
29.7524738311768 31.3122577667236 32.3215484619141 32.0535125732422 32.7508354187012 32.7110061645508 32.483211517334 32.0533981323242 32.6084823608398 32.0538101196289 30.571569442749 31.4015235900879 30.1855773925781 29.3496742248535 30.5189437866211 30.338586807251 29.794828414917 30.4878807067871 31.2701816558838 31.0186557769775 30.8814716339111 30.6841926574707 30.5751953125 30.5230579376221 30.1364307403564 29.7288208007812 29.9368343353271 29.4893970489502 29.3126010894775 28.9746360778809 28.7321929931641 28.0430774688721 28.0046501159668 28.5689487457275 28.390998840332 28.2467823028564 28.6661968231201 26.9494705200195 28.2191410064697 28.8392200469971 28.175121307373 26.6230850219727 21.6023216247559 20.6529293060303 21.2998332977295 22.2732162475586
31.0657691955566 29.9659748077393 31.4200916290283 32.4601783752441 31.5214328765869 31.4981269836426 32.6594161987305 31.9290637969971 31.8447551727295 32.1355323791504 30.9868717193604 31.0224990844727 29.7051773071289 29.0814552307129 30.0663986206055 29.0483913421631 28.8515758514404 30.0097389221191 30.0445556640625 30.2892055511475 30.8507804870605 30.8232860565186 30.2815608978271 30.2632369995117 29.4747638702393 28.8320713043213 28.2113342285156 28.645580291748 29.3088417053223 28.2195529937744 27.8456954956055 27.1263427734375 27.5286521911621 28.4496021270752 28.6650695800781 28.3891353607178 28.9295806884766 28.9006080627441 28.3671741485596 27.8837985992432 28.139253616333 26.4102611541748 25.1616535186768 22.1598148345947 21.6540794372559 22.5457363128662
31.4720916748047 31.3873729705811 31.4632892608643 32.6401748657227 31.9421081542969 32.3625869750977 32.901237487793 32.9232139587402 33.1528778076172 32.822925567627 32.4471588134766 31.9482345581055 29.9478969573975 29.2919063568115 29.7765083312988 29.2269840240479 28.933126449585 28.767183303833 28.048152923584 29.2851390838623 30.2966365814209 31.1230316162109 31.3750972747803 30.7601146697998 29.3636417388916 27.7016143798828 26.7763919830322 27.5644855499268 28.6232452392578 28.0460720062256 27.8813400268555 28.7973480224609 28.7359657287598 28.7500820159912 29.4209823608398 28.5032539367676 28.0118675231934 27.8845272064209 28.4937801361084 28.5648651123047 29.0063018798828 28.5743274688721 27.4109344482422 26.9211483001709 24.1169681549072 23.6320018768311
32.5325698852539 31.3133144378662 30.8913307189941 31.4884967803955 31.7174453735352 32.3098068237305 33.1398124694824 32.3630218505859 33.2503280639648 32.8427696228027 31.4128837585449 31.6730060577393 30.6678981781006 27.7689819335938 28.2346611022949 27.4815120697021 27.8923072814941 27.2005405426025 28.4347534179688 29.5354900360107 30.8775482177734 30.6686954498291 31.230842590332 31.1800765991211 29.7369232177734 28.3118858337402 26.7105369567871 27.2842769622803 28.9222049713135 28.0585765838623 28.4534225463867 29.2572212219238 30.1439895629883 30.127857208252 29.2642440795898 28.8591194152832 28.2959499359131 28.317455291748 29.1065807342529 29.0917091369629 29.1701793670654 29.0571918487549 28.735803604126 28.4849815368652 26.6357173919678 23.5623035430908
31.4419555664062 31.4838085174561 31.8722629547119 31.5389919281006 32.3089752197266 32.209716796875 33.1305618286133 33.1117515563965 32.0749435424805 32.3937187194824 32.7108497619629 31.8259906768799 30.744327545166 27.3961086273193 27.9329090118408 28.0404205322266 27.548168182373 27.930513381958 27.996488571167 29.2980556488037 30.6401882171631 30.3001079559326 30.979040145874 31.0316638946533 30.5001697540283 29.4887619018555 28.186408996582 27.9223766326904 28.7106342315674 28.9541625976562 29.7129955291748 30.152645111084 30.1508903503418 30.1643505096436 30.2260475158691 29.1936054229736 28.3365154266357 28.2559089660645 28.3054332733154 28.7911434173584 29.5810356140137 29.1509380340576 28.1737174987793 28.2851142883301 27.1990451812744 26.6096172332764
