inst/extdata/Tmax/Tmax115.asc
NCOLS 100 
NROWS 79 
XLLCORNER 148.06 
YLLCORNER -21.49 
CELLSIZE 0.01 
NODATA_value -3.4e+38 
[rows 40 to 59 of 79, columns 46 to 91 of 100]
28.8775310516357 29.7494430541992 30.1325397491455 30.9333095550537 32.4007225036621 33.2965240478516 32.8766021728516 31.1492004394531 30.8151893615723 31.4360370635986 31.9130401611328 33.5127754211426 33.1683349609375 33.3711357116699 32.6123657226562 33.547306060791 33.7233619689941 33.466064453125 33.5624122619629 33.6585464477539 33.6751365661621 32.8381538391113 33.2007179260254 33.4961357116699 33.5815734863281 33.6394538879395 33.5543251037598 33.21533203125 33.3853454589844 33.5623779296875 33.5284881591797 33.3942832946777 33.1045532226562 31.9630870819092 32.2167015075684 32.8414611816406 32.7585144042969 32.6732635498047 32.8902587890625 32.3891868591309 31.7186470031738 32.1573600769043 32.445930480957 32.2586135864258 32.4992446899414 32.5371971130371
30.0667972564697 31.1236743927002 31.0500450134277 31.0123062133789 32.4345932006836 33.5585250854492 32.5339317321777 32.176399230957 32.7213897705078 32.801139831543 33.1384201049805 33.7789154052734 33.6781883239746 33.6968650817871 33.567024230957 33.8553657531738 33.8950119018555 33.8388862609863 33.803596496582 33.8261032104492 33.8131675720215 33.3541259765625 32.7260932922363 33.0537300109863 32.9864082336426 33.4340515136719 33.7102737426758 33.2909088134766 33.2808227539062 33.6276359558105 33.6552810668945 33.5832061767578 33.4342002868652 32.8903961181641 33.1064949035645 33.1428642272949 32.9517021179199 32.9445762634277 33.0348663330078 33.1434211730957 32.2771949768066 32.4820289611816 33.0301856994629 32.8529586791992 32.9695091247559 32.9127006530762
32.2399559020996 32.4029197692871 32.5688171386719 33.0052719116211 33.3077011108398 33.7477912902832 33.3680381774902 32.8860664367676 33.3575096130371 33.7253913879395 33.6539154052734 33.9418983459473 33.9758453369141 33.9076881408691 33.8859481811523 33.9672317504883 33.9802589416504 33.9620552062988 33.936393737793 33.9293975830078 33.853141784668 33.0281066894531 32.8515663146973 33.3022575378418 32.8401870727539 33.2482604980469 33.6412963867188 33.5537796020508 33.5022811889648 33.7233428955078 33.7394866943359 33.7321624755859 33.6942672729492 33.5911331176758 33.5006484985352 33.2085113525391 32.3853912353516 32.9199142456055 33.3896255493164 33.3799209594727 33.2625274658203 33.2062644958496 33.3048286437988 33.329776763916 33.359203338623 33.3057518005371
33.3640060424805 33.3839225769043 33.5041351318359 33.6375465393066 33.8522071838379 33.9247016906738 33.8516616821289 33.6433029174805 33.8012237548828 34.0001945495605 34.0038719177246 34.0511512756348 34.034366607666 34.0035247802734 34.0234985351562 34.0030403137207 33.9474258422852 33.9281158447266 33.9583854675293 33.9860649108887 33.9488067626953 33.7417602539062 33.5195693969727 33.6747512817383 33.5569343566895 33.1645660400391 33.4196090698242 33.6565589904785 33.7888641357422 33.8048934936523 33.7971343994141 33.7871971130371 33.757568359375 33.7169494628906 33.7066192626953 33.5749588012695 33.1481742858887 33.4184112548828 33.5701293945312 33.5500755310059 33.5152320861816 33.5069541931152 33.4883193969727 33.4961700439453 33.4945526123047 33.4604454040527
33.2036628723145 33.4494781494141 33.6886711120605 33.6974143981934 33.7493324279785 33.8609771728516 33.9095153808594 33.9736480712891 34.0005722045898 33.9515075683594 33.7677688598633 33.8674163818359 33.8009910583496 33.5692596435547 33.7344093322754 33.8574333190918 33.7583198547363 33.8583221435547 33.9420051574707 33.9847373962402 33.997314453125 33.8842124938965 33.6076774597168 33.3796768188477 33.5786666870117 33.7309761047363 33.7706489562988 33.8049697875977 33.8080520629883 33.8324165344238 33.8121109008789 33.798999786377 33.7565116882324 33.7160911560059 33.7347145080566 33.679271697998 33.6550369262695 33.6444816589355 33.5884056091309 33.5824165344238 33.5558166503906 33.5377883911133 33.5338592529297 33.5157661437988 33.4275932312012 33.4449234008789
31.5626697540283 32.2812347412109 32.6706123352051 32.8698883056641 33.2091026306152 33.5138778686523 33.4657707214355 33.6488609313965 33.6483497619629 33.5024681091309 32.8076553344727 32.8230094909668 32.8961410522461 31.5326137542725 32.4115180969238 33.1169586181641 33.6129760742188 33.9106216430664 33.9893455505371 34.0092353820801 34.0146789550781 33.8594779968262 33.4728355407715 33.1432762145996 33.3835296630859 33.6176948547363 33.7293319702148 33.7143440246582 33.7675552368164 33.8254623413086 33.8217506408691 33.8143424987793 33.7911491394043 33.7770919799805 33.7421913146973 33.6525001525879 33.63671875 33.623477935791 33.5915641784668 33.5778350830078 33.5463256835938 33.5320930480957 33.5165672302246 33.4657096862793 33.4534111022949 33.4675369262695
29.3690738677979 30.5363311767578 30.4490413665771 30.4214420318604 31.6424140930176 32.1325454711914 32.2448463439941 32.4877433776855 32.9070930480957 32.3393821716309 31.723014831543 31.1924324035645 31.8055515289307 31.6887016296387 32.0998077392578 33.1613616943359 33.7792892456055 33.9475898742676 33.9758949279785 33.9563903808594 33.996883392334 34.0093688964844 33.635986328125 33.3226661682129 33.2200965881348 33.4631309509277 33.6459770202637 33.7424583435059 33.8275108337402 33.8385963439941 33.848876953125 33.8503227233887 33.8360824584961 33.8027992248535 33.7259254455566 33.6679153442383 33.6568489074707 33.6463508605957 33.6269607543945 33.607364654541 33.5752220153809 33.5647125244141 33.5551567077637 33.5199699401855 33.5069999694824 33.4048385620117
29.4831638336182 29.4202938079834 29.2417678833008 29.3140430450439 29.2597007751465 29.9812908172607 31.1428565979004 31.7518920898438 31.9203758239746 31.8047351837158 32.2970352172852 32.1432456970215 31.9962368011475 32.531322479248 32.801097869873 33.5960807800293 33.8243064880371 33.847583770752 33.7902336120605 33.8962936401367 34.0002746582031 34.0438957214355 33.9146575927734 33.638355255127 33.2640953063965 33.5033988952637 33.6720962524414 33.8113975524902 33.8682327270508 33.8949241638184 33.8968620300293 33.8758087158203 33.8126373291016 33.7410163879395 33.6808242797852 33.6532173156738 33.6576957702637 33.6645889282227 33.6497421264648 33.6309356689453 33.6110534667969 33.6063957214355 33.5938339233398 33.5685157775879 33.3886032104492 33.193675994873
29.1265201568604 29.2226734161377 29.4350929260254 29.1706295013428 29.0847568511963 29.1812744140625 29.9927310943604 31.5171604156494 32.0143432617188 32.1784820556641 32.0274658203125 32.1999282836914 32.4692420959473 32.7361907958984 32.7897109985352 33.2753295898438 33.616397857666 33.6147232055664 33.607063293457 33.8734970092773 33.9662590026855 33.9799690246582 34.0508689880371 33.9741439819336 33.868953704834 33.8368301391602 33.9090347290039 33.9630126953125 33.9636459350586 33.9599685668945 33.9285545349121 33.8651885986328 33.7858390808105 33.6658668518066 33.6242332458496 33.6691207885742 33.6719398498535 33.6821899414062 33.6909523010254 33.6725273132324 33.6663017272949 33.6592025756836 33.6398391723633 33.621696472168 33.4796676635742 33.3522758483887
29.1982898712158 29.3641357421875 29.3900966644287 29.0835762023926 29.5491828918457 30.3372097015381 30.4409961700439 31.6033954620361 32.0454330444336 32.234748840332 32.0624618530273 32.5011444091797 32.7569122314453 32.7610397338867 32.8440017700195 32.7520790100098 32.8410568237305 33.0524940490723 33.3877601623535 33.7033538818359 33.7883605957031 33.8014869689941 34.0114517211914 34.0498542785645 34.0604209899902 34.0378494262695 34.0104446411133 33.8568840026855 33.9064483642578 33.9604797363281 33.9195518493652 33.8154830932617 33.7720565795898 33.5960922241211 33.5332870483398 33.6868553161621 33.6828918457031 33.663143157959 33.7102699279785 33.7112922668457 33.6896781921387 33.6892204284668 33.6713371276855 33.6388359069824 33.5675010681152 33.4956588745117
29.2335243225098 29.1233081817627 29.3322906494141 29.0625667572021 29.6793479919434 30.7149314880371 31.04563331604 31.5904521942139 32.2450790405273 32.6587829589844 32.6767272949219 32.7884979248047 32.8557357788086 32.883918762207 32.8738327026367 32.8260459899902 32.8871192932129 32.6413497924805 32.320728302002 33.3595504760742 33.2551879882812 33.6485862731934 33.9409980773926 33.9911651611328 34.0322685241699 34.0147247314453 33.9465637207031 33.7488403320312 33.8748817443848 33.9600830078125 33.8089065551758 33.6584663391113 33.6675682067871 33.6452217102051 33.6688804626465 33.7358703613281 33.7376365661621 33.7204093933105 33.7144737243652 33.7400741577148 33.7331161499023 33.7118721008301 33.6833877563477 33.6468124389648 33.6034469604492 33.515193939209
28.823902130127 28.8001670837402 29.1647529602051 28.5687923431396 28.7134552001953 30.609338760376 31.3309097290039 31.9209041595459 32.2363090515137 32.498649597168 32.5569801330566 32.5631217956543 32.3817901611328 32.3836364746094 32.6310768127441 32.7530174255371 33.0605125427246 32.9938659667969 32.8241996765137 32.862174987793 32.7150001525879 33.434398651123 33.7980079650879 33.9507026672363 33.9547271728516 33.9647674560547 33.6509552001953 33.3183135986328 33.8515243530273 33.9637031555176 33.712947845459 33.4430351257324 33.6621246337891 33.701229095459 33.7232818603516 33.6915664672852 33.6846809387207 33.6836318969727 33.6985969543457 33.6842994689941 33.6867408752441 33.7084732055664 33.6899604797363 33.6557502746582 33.6155891418457 33.5447654724121
28.4769229888916 28.3398780822754 28.787202835083 28.6720447540283 28.7568397521973 29.7135601043701 30.6882781982422 31.3078002929688 31.7601680755615 32.0991554260254 32.0524444580078 31.987886428833 32.0490188598633 32.3137741088867 32.9955825805664 33.092716217041 33.2614135742188 33.1728286743164 33.0975227355957 32.9429473876953 32.7174491882324 33.3256988525391 33.7273712158203 33.897144317627 33.8400611877441 33.9188766479492 33.5732231140137 32.7298278808594 33.6303482055664 33.9453277587891 33.6988525390625 33.485710144043 33.6603698730469 33.6039009094238 33.5392227172852 33.5605163574219 33.6006774902344 33.5405044555664 33.464786529541 33.4444732666016 33.5383110046387 33.6118202209473 33.681079864502 33.6575317382812 33.6202659606934 33.5694580078125
29.5446624755859 28.562126159668 28.666919708252 29.0509471893311 29.4144821166992 30.4368019104004 30.5071315765381 31.2498054504395 31.9979190826416 32.3097724914551 32.6372337341309 32.7361030578613 32.8601684570312 33.0682220458984 33.2414169311523 33.2827301025391 33.2375717163086 33.3053665161133 33.2737579345703 33.0593566894531 32.8719215393066 32.8995971679688 33.3819732666016 33.5877838134766 33.5188331604004 33.8978004455566 33.8013572692871 33.2213821411133 33.7054061889648 33.9390678405762 33.7320442199707 33.5669822692871 33.4878158569336 33.1838035583496 33.3513793945312 33.2928314208984 33.2960548400879 32.9124183654785 32.9996490478516 32.0592765808105 33.2930946350098 33.514892578125 33.6659202575684 33.6651191711426 33.6328544616699 33.5826950073242
30.2170372009277 29.2587623596191 28.7536563873291 29.5254364013672 30.1516628265381 30.8511695861816 30.9276657104492 31.3778820037842 32.0930709838867 32.4861755371094 32.5326614379883 32.5496635437012 32.9324760437012 33.0917015075684 33.1935539245605 33.1800422668457 33.3702087402344 33.4910354614258 33.4629592895508 33.2343292236328 33.0751075744629 33.0034523010254 33.1241798400879 33.1340942382812 33.1091041564941 33.7270164489746 33.8846893310547 33.6191902160645 33.3483695983887 33.8265037536621 33.4080047607422 32.6734161376953 33.2350387573242 33.3786430358887 33.6359786987305 33.6344223022461 33.591724395752 33.5556449890137 33.3487510681152 32.4417304992676 33.1788864135742 33.466983795166 33.6136474609375 33.6467666625977 33.6332931518555 33.5862808227539
30.261209487915 29.4281883239746 28.8844623565674 30.1326236724854 31.0733108520508 31.4856758117676 32.187126159668 32.407886505127 32.6060600280762 32.7120742797852 32.5388336181641 32.5016632080078 33.0217628479004 33.1062850952148 33.1169815063477 33.1849899291992 33.29052734375 33.2804794311523 33.7593078613281 33.5369720458984 33.2760047912598 33.1416168212891 33.1195068359375 32.9722213745117 32.9813232421875 33.5517272949219 33.8637313842773 33.7763824462891 33.6405029296875 33.914981842041 33.2822036743164 32.276927947998 32.7364654541016 33.3563041687012 33.3832359313965 33.0241394042969 33.0721855163574 33.549503326416 33.6489295959473 33.6061058044434 33.6295776367188 33.6134757995605 33.6170349121094 33.6073036193848 33.6199913024902 33.5924377441406
30.13796043396 29.2003879547119 28.744327545166 29.921667098999 31.157958984375 31.4972972869873 30.9544887542725 32.2225608825684 32.1752166748047 31.6580429077148 32.5562705993652 32.7555236816406 32.7782211303711 32.8357543945312 32.853458404541 33.0523986816406 33.173957824707 33.2796287536621 33.728141784668 33.8356056213379 33.6474990844727 33.3651962280273 33.2087326049805 33.1362495422363 32.9162101745605 33.3449211120605 33.7598342895508 33.7694549560547 33.9349517822266 33.9866523742676 33.5080986022949 31.8904781341553 32.4943504333496 32.0317192077637 32.3509635925293 31.6888523101807 32.5656623840332 33.5145034790039 33.6117286682129 33.6596908569336 33.6629676818848 33.5780944824219 33.4716415405273 33.5594673156738 33.5730590820312 33.5610580444336
30.1160354614258 29.3904991149902 29.4490413665771 29.94455909729 30.8335113525391 31.2368717193604 31.6438846588135 31.8666877746582 30.6461906433105 30.56178855896 32.0172805786133 31.0868892669678 31.4345436096191 31.8537712097168 32.5312271118164 32.9669723510742 33.1100158691406 33.3115386962891 33.6277236938477 33.7442588806152 33.7868385314941 33.5648002624512 33.2648811340332 33.3268623352051 33.2108116149902 33.4224815368652 33.4171142578125 33.2610321044922 33.7539405822754 33.9156074523926 33.6920738220215 33.039478302002 31.6936683654785 29.8192348480225 29.9855041503906 31.5796432495117 32.9200057983398 33.4737358093262 33.5664558410645 33.5056953430176 33.4956092834473 33.279712677002 33.158935546875 33.4854850769043 33.2421073913574 33.2822265625
30.0957908630371 29.7457885742188 29.5476036071777 29.8449783325195 30.4323806762695 31.1975135803223 31.3540744781494 30.958194732666 30.5076732635498 31.3125858306885 31.7726821899414 30.8329677581787 31.1404705047607 31.5444221496582 32.4390411376953 32.8179397583008 33.0949325561523 33.4992790222168 33.8745574951172 33.7136611938477 33.5858535766602 33.8528022766113 33.6166343688965 33.4441299438477 33.2941741943359 33.2870254516602 33.3579406738281 33.2632904052734 33.558048248291 33.8562774658203 33.8753890991211 33.3960189819336 32.7279205322266 31.1770553588867 30.5958690643311 31.6331024169922 32.9132499694824 33.4169082641602 33.4626960754395 33.0290412902832 33.2558784484863 33.4089279174805 33.2097587585449 33.2568130493164 32.9502601623535 33.1680030822754
29.7665557861328 29.5600128173828 29.1004676818848 29.4240417480469 30.1625556945801 30.3182601928711 30.722843170166 31.0341548919678 31.307596206665 31.4047241210938 31.7282409667969 31.9287643432617 32.5456390380859 32.627857208252 32.7627906799316 32.3364028930664 33.2212867736816 33.5627899169922 33.7512168884277 33.49072265625 33.5891952514648 33.764461517334 33.8511695861816 33.7927207946777 33.5263023376465 33.4582214355469 33.1254577636719 33.267951965332 33.6241302490234 33.6940650939941 33.8144721984863 33.834659576416 33.3203392028809 32.6962127685547 31.8455238342285 31.5665760040283 32.6293487548828 33.3308296203613 32.8702430725098 32.3690757751465 33.1990928649902 33.4174194335938 33.1526145935059 32.4293479919434 32.7438659667969 33.201602935791
