inst/extdata/Tmax/Tmax88.asc
NCOLS 100 
NROWS 79 
XLLCORNER 148.06 
YLLCORNER -21.49 
CELLSIZE 0.01 
NODATA_value -3.4e+38 
[rows 20 to 39 of 79, columns 46 to 91 of 100]
34.4272232055664 32.5655899047852 32.806770324707 34.3276252746582 34.0646133422852 33.4803428649902 33.1756477355957 31.9196624755859 33.9169006347656 35.5068092346191 36.6396408081055 36.1637535095215 36.146240234375 36.8073501586914 36.4520988464355 36.1706275939941 36.4721794128418 37.0712280273438 37.240161895752 37.2494926452637 37.2013359069824 37.0679779052734 37.3730659484863 37.4632415771484 37.4142913818359 37.3265991210938 37.2216339111328 37.2591743469238 37.2262382507324 36.8910369873047 36.9715309143066 37.2321128845215 37.131664276123 36.8566246032715 36.8602828979492 36.8207397460938 36.7361793518066 36.7322731018066 36.7214393615723 36.7009201049805 36.6217956542969 36.4356994628906 35.8215179443359 35.6712036132812 35.8878479003906 35.899658203125
34.7214279174805 32.5234756469727 31.3553047180176 33.1435165405273 33.0126533508301 32.4480895996094 33.3804244995117 31.3507995605469 32.717586517334 34.9694595336914 36.3384628295898 34.938289642334 34.2554244995117 36.2023963928223 34.9579162597656 34.5810012817383 35.5130729675293 36.9036407470703 36.9186210632324 37.3622016906738 37.481258392334 37.4653434753418 37.2551498413086 36.9060668945312 36.9041442871094 36.9743919372559 37.1486587524414 37.1229591369629 37.0337715148926 36.9551391601562 37.2773284912109 37.3130035400391 37.2582054138184 36.8859596252441 36.971866607666 36.9203605651855 36.7891883850098 36.8034744262695 36.8142318725586 36.8207969665527 36.6757659912109 36.5519943237305 36.3425521850586 36.1342849731445 35.9981842041016 36.0067749023438
35.3707885742188 34.8640365600586 32.8372192382812 32.1521682739258 31.6523971557617 32.9148101806641 32.2695350646973 32.5552406311035 31.9101028442383 32.9414482116699 35.357292175293 35.7970886230469 34.1837005615234 34.6192054748535 34.2601280212402 34.8655014038086 36.0003700256348 36.4344482421875 35.0196342468262 36.3755111694336 37.237476348877 37.2996711730957 36.6681480407715 35.8064117431641 36.444465637207 36.4281845092773 37.0522537231445 37.2554206848145 36.9452743530273 37.1672286987305 37.3589324951172 37.3916358947754 37.3928337097168 37.326042175293 37.2159042358398 37.0219459533691 36.835765838623 36.7060356140137 36.7895965576172 36.8948211669922 36.7711944580078 36.6996421813965 36.4235534667969 36.3026351928711 36.1736755371094 36.3371429443359
34.6533813476562 34.4906044006348 33.8336029052734 32.982666015625 31.4535903930664 32.2168426513672 32.916431427002 33.1464691162109 32.8898468017578 32.4130554199219 33.8882179260254 33.8763961791992 34.8495712280273 33.0767936706543 33.9936294555664 35.5984802246094 35.5801315307617 35.9896049499512 34.5618209838867 36.7558898925781 37.5788993835449 37.4488716125488 36.4663429260254 35.0554428100586 36.3632736206055 36.5444145202637 36.6598472595215 37.1525192260742 37.3640098571777 37.4328804016113 37.4646682739258 37.4793319702148 37.456413269043 37.3656921386719 37.2626152038574 37.0952606201172 36.6606140136719 36.3044319152832 36.4600524902344 36.7511901855469 36.7196578979492 36.7812423706055 36.5202560424805 36.5022811889648 36.2530632019043 36.303783416748
32.5112571716309 33.9742431640625 34.3774070739746 34.1288223266602 33.0236854553223 32.3601036071777 32.3601722717285 32.0289344787598 33.0246238708496 32.4422721862793 32.4525833129883 31.9489421844482 34.0697212219238 35.0031089782715 34.1364250183105 35.2693061828613 36.1062164306641 36.7318344116211 36.4147148132324 37.4948081970215 37.5118064880371 37.3440284729004 36.6287155151367 35.7548408508301 36.5949440002441 36.9002990722656 36.5888786315918 36.6974868774414 36.8183250427246 37.3478775024414 37.193977355957 37.5262908935547 37.4009475708008 37.3680191040039 37.2841567993164 36.9262924194336 36.8415832519531 36.2453575134277 35.9534072875977 36.4565925598145 36.6013221740723 36.7124404907227 36.5424613952637 36.6169815063477 36.6936721801758 36.5589408874512
31.1434631347656 32.0249633789062 33.4751167297363 33.4026832580566 32.4843902587891 31.7038059234619 31.3327312469482 30.8129501342773 31.9689064025879 32.6795997619629 32.105411529541 32.3839874267578 33.9485015869141 36.0347595214844 35.5029029846191 35.5924835205078 35.7696113586426 37.2415313720703 37.3516883850098 37.3456726074219 37.3511962890625 37.0108680725098 35.707389831543 35.7756385803223 35.8967819213867 36.5779838562012 36.2991333007812 35.6535491943359 36.3303604125977 37.4407501220703 37.3984336853027 37.5134773254395 37.4794387817383 37.4581756591797 37.3254470825195 37.1667900085449 37.1953620910645 36.5756950378418 36.0389938354492 36.3998680114746 36.0712203979492 36.2227363586426 35.9361267089844 36.6373825073242 36.7019157409668 36.6793212890625
31.0426578521729 30.8972663879395 31.5379600524902 32.1151390075684 32.9009208679199 30.7148323059082 30.4491958618164 31.2028198242188 31.6704597473145 32.5250816345215 32.5626487731934 33.0476379394531 34.9914436340332 35.9759635925293 36.514705657959 36.6959381103516 36.853385925293 37.3949241638184 37.0214653015137 36.8529777526855 36.9025192260742 36.425422668457 36.6329765319824 36.9265975952148 36.9452095031738 36.307445526123 35.869499206543 36.8401145935059 37.1203956604004 37.0862083435059 36.5181617736816 37.211555480957 37.3867416381836 37.483211517334 37.4796867370605 37.3864593505859 37.0556755065918 36.7182998657227 36.8105583190918 36.5663681030273 36.4371871948242 35.8672943115234 36.3910140991211 36.6229286193848 36.5324592590332 36.4249305725098
31.2223682403564 30.756721496582 31.0304851531982 31.2499694824219 31.7408466339111 30.2205543518066 29.9404525756836 30.3184432983398 31.4961719512939 32.3110427856445 31.740364074707 32.4158935546875 33.4565696716309 34.7627563476562 36.3091163635254 35.9636764526367 37.1355094909668 37.4047050476074 36.6738739013672 35.8984451293945 36.5977172851562 36.8009796142578 37.1488647460938 37.3988990783691 37.5223579406738 37.0870780944824 37.0936584472656 37.4751892089844 37.5513916015625 36.8208084106445 36.3705673217773 36.938850402832 37.0647888183594 37.5058975219727 37.5632629394531 37.5050506591797 37.3577270507812 37.1459159851074 36.7382469177246 35.9328079223633 35.687873840332 35.5648307800293 35.6156005859375 36.3311805725098 36.381477355957 36.7941589355469
32.0112419128418 31.6176738739014 32.3009262084961 32.1585578918457 31.8008785247803 30.5350379943848 31.2262668609619 30.9886722564697 31.2669086456299 31.826114654541 31.538516998291 31.8589916229248 32.0334320068359 34.5156288146973 35.8668556213379 35.111644744873 36.7135276794434 37.0315895080566 36.7145118713379 35.5324058532715 35.8355102539062 36.9901313781738 37.4192886352539 37.5601005554199 37.5917587280273 37.4925537109375 37.5177688598633 37.6457633972168 37.2575035095215 36.5220565795898 36.3965644836426 37.0908699035645 37.5369186401367 37.5853424072266 37.5866050720215 37.5636711120605 37.527214050293 37.3961639404297 37.149112701416 35.9671249389648 35.3486633300781 34.5013961791992 35.5388145446777 35.5302314758301 36.4748764038086 36.8633880615234
33.6698265075684 33.5203094482422 32.8842964172363 32.8378486633301 32.2753677368164 31.8367576599121 31.5497570037842 30.6402339935303 31.2253398895264 30.7615699768066 30.3036117553711 31.50807762146 31.8904323577881 34.0240478515625 35.1121711730957 34.3117294311523 35.1061592102051 35.9574089050293 36.5622062683105 36.4404106140137 35.9782752990723 37.0015525817871 37.5032615661621 37.3066635131836 37.2893104553223 36.9648323059082 37.4072074890137 37.6700439453125 36.7165679931641 35.827522277832 36.5429534912109 37.1361656188965 37.5112075805664 37.6043853759766 37.6270942687988 37.5736198425293 37.5619316101074 37.4775047302246 37.2949600219727 36.904468536377 36.1945152282715 35.6749649047852 35.2242240905762 35.0247268676758 35.9518165588379 36.477222442627
32.483642578125 32.4867095947266 32.513988494873 32.1885108947754 31.7504825592041 31.9634876251221 31.1312274932861 30.6577377319336 30.1832027435303 30.2622928619385 29.7064552307129 30.5470371246338 30.538366317749 32.817626953125 33.9904708862305 32.6977577209473 33.3341941833496 35.0811386108398 36.512378692627 37.1071968078613 36.6155891418457 37.2516670227051 37.4774475097656 37.0685501098633 37.0587539672852 37.1959419250488 37.6875152587891 37.6719284057617 37.1125984191895 36.4221153259277 36.8304481506348 37.114574432373 37.5698165893555 37.6045989990234 37.5655555725098 37.5369453430176 37.5444374084473 37.476734161377 37.4114418029785 37.212718963623 36.9501876831055 36.382209777832 35.9824714660645 35.9429817199707 36.1812133789062 36.6241340637207
31.8197441101074 32.0607948303223 31.9579219818115 31.916862487793 31.0948352813721 31.832405090332 30.9364261627197 29.7851371765137 29.2298069000244 29.5852336883545 29.2694549560547 29.8941040039062 30.616231918335 32.4880256652832 32.8629760742188 32.4620552062988 34.8552131652832 35.910701751709 36.723014831543 37.2402572631836 37.5489082336426 37.6004028320312 37.5504760742188 37.4666442871094 37.2467651367188 37.5588111877441 37.700740814209 37.5909767150879 37.2043800354004 36.534553527832 36.6446571350098 37.2510108947754 37.4843635559082 37.0076446533203 37.4051704406738 37.5263404846191 37.5132598876953 37.4848785400391 37.4459571838379 37.3378829956055 37.0288124084473 36.2363739013672 36.5983734130859 36.6464309692383 36.5537872314453 36.4924545288086
31.2106475830078 31.4888210296631 31.3431797027588 31.5924549102783 31.6732387542725 31.684986114502 31.3243827819824 30.2962551116943 30.3823089599609 30.4748668670654 29.5233631134033 29.3367099761963 30.2129211425781 32.3988914489746 33.0147743225098 33.6204986572266 33.7111663818359 34.6691360473633 36.69091796875 37.3271675109863 37.5489768981934 37.4924507141113 37.3450660705566 37.304874420166 37.4790687561035 37.5677223205566 37.5519332885742 37.1507759094238 36.1622352600098 36.3615875244141 36.7258338928223 37.5599517822266 37.2876396179199 36.6990280151367 37.4315528869629 37.3622627258301 37.4016151428223 37.4660873413086 37.3723373413086 37.0824012756348 36.4614219665527 35.1069107055664 34.8365745544434 35.9704704284668 36.3621444702148 36.6890068054199
31.8394927978516 31.3949127197266 31.2465343475342 31.4003372192383 31.526460647583 31.4538898468018 31.0173187255859 30.6660079956055 31.200366973877 30.5594882965088 30.4217662811279 30.4096183776855 31.138391494751 32.2687568664551 32.4719009399414 33.3294982910156 34.462028503418 35.7423400878906 36.7544708251953 37.2072601318359 37.5801849365234 37.5496101379395 37.0367965698242 36.7461967468262 37.001636505127 36.8587112426758 36.9817962646484 37.1725997924805 37.0698165893555 37.0656852722168 37.4088935852051 37.6854019165039 37.0422897338867 36.9631805419922 37.5778274536133 37.0505828857422 37.2027740478516 37.167854309082 37.2544174194336 36.9486885070801 35.4243049621582 34.6327934265137 33.996940612793 35.9413528442383 36.545970916748 36.3748626708984
32.2388954162598 31.1225547790527 31.0782890319824 31.1820850372314 31.3102035522461 31.1908664703369 31.1919956207275 31.7020320892334 31.3692092895508 30.6632099151611 31.6984939575195 32.1195945739746 32.3501205444336 31.7122230529785 31.7322120666504 32.9239807128906 34.3982543945312 35.8946075439453 36.0145111083984 36.8966903686523 37.405704498291 37.4239158630371 36.9330673217773 36.6906394958496 35.8532638549805 36.4681396484375 37.0350036621094 37.2112083435059 37.4736633300781 37.4976387023926 37.7002334594727 37.6345138549805 37.6116790771484 37.6536102294922 37.6179046630859 37.3624877929688 36.3769302368164 37.0245666503906 37.2334518432617 37.1904907226562 37.1432075500488 35.8129692077637 35.6519927978516 37.0514450073242 37.345947265625 37.3317947387695
32.2951545715332 31.3714694976807 31.0540409088135 30.9858016967773 31.1808586120605 31.0167255401611 31.6246280670166 33.261344909668 32.3326377868652 31.6981773376465 33.6680526733398 34.4582443237305 34.0435409545898 31.8557224273682 32.2980308532715 32.4389266967773 34.6685447692871 34.7623252868652 34.6385536193848 35.6729469299316 36.938850402832 37.1831512451172 36.8515167236328 36.859691619873 36.736644744873 36.3829231262207 36.4794464111328 36.6526565551758 37.4020576477051 37.3795394897461 37.4843482971191 37.2792930603027 37.5058403015137 37.6739654541016 37.381591796875 37.3602142333984 36.6620101928711 36.808277130127 37.1070175170898 36.9459457397461 37.3801040649414 37.3922729492188 37.3001976013184 37.3539009094238 37.4770164489746 37.3615837097168
32.0375061035156 31.429271697998 31.2330780029297 31.4015865325928 31.3400764465332 31.4356708526611 31.8116989135742 34.0243034362793 34.257511138916 32.748291015625 35.0148506164551 36.0998802185059 35.313102722168 33.9558372497559 33.8925247192383 34.5940971374512 35.3729858398438 35.9071502685547 36.2764015197754 36.628231048584 36.8852386474609 36.5980987548828 35.1500511169434 35.4806175231934 36.0780487060547 35.6756057739258 35.9268836975098 36.864673614502 37.2832260131836 37.5141983032227 36.383975982666 36.3603363037109 37.2503433227539 37.5791854858398 37.0832824707031 37.1121520996094 36.2733268737793 36.8410339355469 37.0676422119141 36.9251670837402 37.4121360778809 37.5106430053711 37.5462684631348 37.5534629821777 37.5051155090332 37.1915550231934
32.078052520752 31.7037353515625 31.6625556945801 31.8028678894043 31.9803333282471 32.1155090332031 32.8477783203125 34.8151245117188 34.7032661437988 34.181209564209 35.7845268249512 37.0389099121094 36.1446304321289 34.8878326416016 34.2976913452148 36.2280693054199 36.6425437927246 36.8878326416016 37.1253967285156 37.1686668395996 36.7342071533203 36.4464950561523 36.5795440673828 35.9932136535645 36.3749160766602 36.8916015625 37.1394691467285 37.2385673522949 37.4775352478027 37.416088104248 35.6869468688965 36.470588684082 37.3893013000488 37.3190650939941 36.872486114502 36.8274612426758 36.6686859130859 37.2252082824707 37.2670211791992 37.2871742248535 37.2565841674805 37.4397010803223 37.5013198852539 37.522876739502 37.4562683105469 37.4223861694336
32.0319328308105 31.7574329376221 32.2624893188477 32.9641571044922 33.0665740966797 33.5979995727539 34.8271331787109 35.5417823791504 34.8806266784668 35.3342399597168 36.9364242553711 37.5155334472656 36.9236221313477 35.8037986755371 34.9724655151367 36.156436920166 36.171573638916 36.5168952941895 37.3427200317383 37.5767021179199 37.2659759521484 36.8940620422363 37.2787742614746 37.0839920043945 36.9570083618164 37.4706192016602 37.3748741149902 37.3010139465332 37.5928955078125 37.363410949707 36.7122497558594 37.2196731567383 37.4211845397949 37.1065521240234 36.1069107055664 36.0628433227539 36.4297752380371 37.2219734191895 36.9220390319824 36.9111328125 36.9341049194336 37.2551727294922 37.2465476989746 37.323184967041 37.1805000305176 37.338264465332
32.0842819213867 32.2574882507324 33.3414573669434 34.2013473510742 34.990291595459 36.0423393249512 36.7619857788086 35.9994163513184 33.8615036010742 34.5960006713867 36.3139839172363 37.5427627563477 37.084300994873 36.7275314331055 35.7412338256836 36.8426322937012 37.0251960754395 36.3608703613281 37.234016418457 37.6272888183594 37.5860252380371 37.1080856323242 37.4894905090332 37.6162567138672 37.4631843566895 37.5623817443848 37.3750076293945 36.5631980895996 37.4513778686523 37.6172332763672 37.5421104431152 37.4195251464844 37.0901908874512 36.7354049682617 35.8305168151855 35.891975402832 36.7275810241699 36.6697425842285 36.5266876220703 36.3356323242188 36.494010925293 36.8347511291504 36.6368293762207 37.0339813232422 36.550407409668 36.9842338562012
