inst/extdata/Tmax/Tmax45.asc
NCOLS 100 
NROWS 79 
XLLCORNER 148.06 
YLLCORNER -21.49 
CELLSIZE 0.01 
NODATA_value -3.4e+38 
[rows 0 to 19 of 79, columns 46 to 91 of 100]
28.2182426452637 26.8779945373535 27.0290813446045 27.2374591827393 27.7683811187744 27.6805057525635 27.8828430175781 27.8721714019775 26.8385028839111 24.8158893585205 26.4899806976318 25.8275489807129 26.5684604644775 27.2034187316895 27.3100166320801 27.4608039855957 27.6230392456055 28.0181312561035 26.5670547485352 27.0978317260742 27.2484169006348 -3.4e+38 -3.4e+38 -3.4e+38 -3.4e+38 -3.4e+38 -3.4e+38 -3.4e+38 -3.4e+38 -3.4e+38 -3.4e+38 -3.4e+38 -3.4e+38 -3.4e+38 -3.4e+38 -3.4e+38 -3.4e+38 -3.4e+38 -3.4e+38 -3.4e+38 -3.4e+38 -3.4e+38 -3.4e+38 -3.4e+38 -3.4e+38 -3.4e+38
28.6000328063965 28.0495986938477 26.665735244751 26.933500289917 27.0893821716309 27.0429496765137 27.3855056762695 27.7563095092773 26.4210453033447 25.3593769073486 27.3946590423584 26.9933471679688 28.7983283996582 28.4083786010742 27.2064952850342 26.175651550293 27.2957286834717 29.1258640289307 28.024450302124 26.77463722229 27.4552803039551 29.4974212646484 -3.4e+38 -3.4e+38 -3.4e+38 -3.4e+38 -3.4e+38 -3.4e+38 -3.4e+38 -3.4e+38 -3.4e+38 -3.4e+38 -3.4e+38 -3.4e+38 -3.4e+38 -3.4e+38 -3.4e+38 -3.4e+38 -3.4e+38 -3.4e+38 -3.4e+38 -3.4e+38 -3.4e+38 -3.4e+38 -3.4e+38 -3.4e+38
30.4023609161377 27.2779445648193 25.1415214538574 25.6240139007568 25.4515171051025 26.9826221466064 26.14573097229 26.0456638336182 25.1716003417969 24.8859062194824 26.7165603637695 28.15256690979 29.5089931488037 28.9633598327637 26.4089679718018 25.6597194671631 27.1926651000977 26.8109188079834 26.6654262542725 26.8796253204346 26.5313129425049 26.7343482971191 26.5362377166748 26.9790534973145 -3.4e+38 -3.4e+38 -3.4e+38 -3.4e+38 -3.4e+38 -3.4e+38 -3.4e+38 -3.4e+38 -3.4e+38 -3.4e+38 -3.4e+38 -3.4e+38 -3.4e+38 -3.4e+38 -3.4e+38 -3.4e+38 -3.4e+38 -3.4e+38 -3.4e+38 -3.4e+38 -3.4e+38 -3.4e+38
26.4891395568848 25.9817600250244 23.0027561187744 24.0332527160645 25.6513328552246 25.4543495178223 25.8975830078125 26.0419483184814 25.711296081543 25.2591896057129 26.5249099731445 26.1171169281006 28.8682975769043 29.4192886352539 26.8407974243164 26.2400283813477 28.0634708404541 28.7089328765869 28.1154117584229 27.3618392944336 25.9206638336182 26.835319519043 26.540018081665 27.3562717437744 27.8174171447754 27.7002563476562 -3.4e+38 -3.4e+38 -3.4e+38 -3.4e+38 -3.4e+38 -3.4e+38 -3.4e+38 -3.4e+38 -3.4e+38 -3.4e+38 -3.4e+38 -3.4e+38 -3.4e+38 -3.4e+38 -3.4e+38 -3.4e+38 -3.4e+38 -3.4e+38 -3.4e+38 -3.4e+38
27.4720268249512 25.6200485229492 22.8189105987549 22.5271415710449 24.0577182769775 26.3295288085938 26.9891204833984 27.3211650848389 25.3711547851562 24.3534336090088 25.0181083679199 23.3852386474609 24.8769569396973 28.9307632446289 26.0685558319092 26.3829555511475 28.2269268035889 28.005277633667 28.6420402526855 28.5459728240967 22.0971355438232 26.8635215759277 27.135705947876 26.6123371124268 27.3690757751465 27.7543430328369 -3.4e+38 -3.4e+38 -3.4e+38 -3.4e+38 -3.4e+38 -3.4e+38 -3.4e+38 -3.4e+38 -3.4e+38 -3.4e+38 -3.4e+38 -3.4e+38 -3.4e+38 -3.4e+38 -3.4e+38 -3.4e+38 -3.4e+38 -3.4e+38 -3.4e+38 -3.4e+38
23.1993064880371 24.0261840820312 21.9697952270508 21.2073059082031 24.0648746490479 26.2312622070312 25.6161460876465 26.0327053070068 24.8461494445801 25.1447696685791 22.8204326629639 22.4857578277588 26.5425205230713 27.3168563842773 25.1533737182617 26.4633102416992 27.7138004302979 28.8203048706055 27.8100681304932 27.5706367492676 22.1973876953125 24.250883102417 27.834285736084 26.7887153625488 27.1982097625732 27.1017436981201 -3.4e+38 -3.4e+38 -3.4e+38 -3.4e+38 -3.4e+38 -3.4e+38 -3.4e+38 -3.4e+38 -3.4e+38 -3.4e+38 -3.4e+38 -3.4e+38 -3.4e+38 -3.4e+38 -3.4e+38 -3.4e+38 -3.4e+38 -3.4e+38 -3.4e+38 -3.4e+38
21.9461154937744 22.8520450592041 23.1423435211182 22.6729793548584 26.6731510162354 26.293270111084 26.2703495025635 25.1134338378906 25.9222564697266 24.8210048675537 23.9125442504883 24.2137622833252 25.307487487793 28.9479217529297 28.852518081665 29.8833885192871 26.3856296539307 26.6938877105713 26.6936378479004 27.161111831665 28.944974899292 26.6952171325684 27.4636993408203 26.9893283843994 26.370002746582 25.661994934082 25.5833549499512 26.0930347442627 -3.4e+38 -3.4e+38 -3.4e+38 -3.4e+38 -3.4e+38 -3.4e+38 -3.4e+38 -3.4e+38 -3.4e+38 -3.4e+38 -3.4e+38 -3.4e+38 -3.4e+38 -3.4e+38 -3.4e+38 -3.4e+38 -3.4e+38 -3.4e+38
20.8387832641602 23.5959739685059 28.7712821960449 23.2405738830566 22.1020240783691 23.8890132904053 25.6968173980713 24.773006439209 25.0832633972168 25.9198303222656 24.3262557983398 23.8517074584961 24.8766231536865 26.2967967987061 24.583667755127 27.4049396514893 24.3878688812256 24.1701793670654 25.4507503509521 26.8054122924805 27.039737701416 25.6866455078125 26.2028999328613 26.8075065612793 25.7815723419189 25.0147895812988 24.7260913848877 25.3490524291992 26.6571426391602 25.1449279785156 26.4004573822021 -3.4e+38 -3.4e+38 -3.4e+38 -3.4e+38 -3.4e+38 -3.4e+38 -3.4e+38 -3.4e+38 -3.4e+38 -3.4e+38 -3.4e+38 -3.4e+38 -3.4e+38 -3.4e+38 -3.4e+38
20.8205623626709 22.9500846862793 23.6981925964355 27.5908451080322 23.1185302734375 21.3553981781006 23.5372467041016 23.8718452453613 26.1239738464355 26.3799114227295 26.5629844665527 24.863977432251 24.463550567627 25.0579566955566 22.9281215667725 22.7728099822998 22.0226593017578 26.2609920501709 24.7925968170166 26.1537628173828 28.1912174224854 28.0662002563477 25.5674953460693 23.5889415740967 24.6214027404785 25.2229671478271 25.8358840942383 26.956413269043 26.5787334442139 25.3297119140625 24.7243232727051 27.1407146453857 -3.4e+38 -3.4e+38 -3.4e+38 -3.4e+38 -3.4e+38 -3.4e+38 -3.4e+38 -3.4e+38 -3.4e+38 -3.4e+38 -3.4e+38 -3.4e+38 -3.4e+38 -3.4e+38
22.1833419799805 22.9572505950928 23.529899597168 24.2845268249512 25.8217639923096 22.6985759735107 22.3716468811035 24.0519866943359 25.5600395202637 25.8124294281006 25.708345413208 25.430778503418 24.3572483062744 24.4274196624756 22.8159866333008 22.4244842529297 22.0216770172119 26.9826030731201 26.7311859130859 24.94215965271 26.0359516143799 27.8179931640625 28.5378093719482 27.4946994781494 27.44358253479 25.0874862670898 25.6488952636719 28.1572761535645 26.1071796417236 25.3565101623535 28.2917232513428 28.7630863189697 -3.4e+38 -3.4e+38 -3.4e+38 -3.4e+38 -3.4e+38 -3.4e+38 -3.4e+38 -3.4e+38 -3.4e+38 -3.4e+38 -3.4e+38 -3.4e+38 -3.4e+38 -3.4e+38
21.1480083465576 23.3545837402344 23.2472076416016 23.2130832672119 24.6931858062744 27.534107208252 24.6543807983398 25.469747543335 25.2444076538086 25.4384078979492 26.1987018585205 25.6577415466309 25.1709728240967 25.7286529541016 25.1014060974121 25.1585292816162 26.2498378753662 26.4908142089844 27.675895690918 27.425968170166 25.0088062286377 28.1218090057373 25.7507457733154 24.595630645752 26.33176612854 26.0060501098633 26.9816780090332 26.8690853118896 28.8086929321289 29.365119934082 -3.4e+38 -3.4e+38 -3.4e+38 -3.4e+38 -3.4e+38 -3.4e+38 -3.4e+38 -3.4e+38 -3.4e+38 -3.4e+38 -3.4e+38 -3.4e+38 -3.4e+38 -3.4e+38 -3.4e+38 -3.4e+38
20.6064987182617 21.712121963501 21.8373794555664 21.0017986297607 21.868709564209 22.913537979126 29.5290050506592 26.2403221130371 25.920280456543 25.5888729095459 25.758092880249 26.1429061889648 25.2542171478271 25.7737102508545 25.4678974151611 27.2934989929199 27.222827911377 27.1287136077881 30.1623878479004 27.9148807525635 26.1042175292969 26.1138153076172 26.1575736999512 25.5379943847656 29.4902153015137 25.2748317718506 26.5838088989258 26.3103446960449 27.0544929504395 25.822338104248 -3.4e+38 -3.4e+38 -3.4e+38 -3.4e+38 -3.4e+38 -3.4e+38 -3.4e+38 -3.4e+38 -3.4e+38 -3.4e+38 -3.4e+38 -3.4e+38 -3.4e+38 -3.4e+38 -3.4e+38 -3.4e+38
20.3593673706055 19.0185871124268 18.6212406158447 18.5531368255615 20.9554004669189 21.7251529693604 23.2676219940186 23.5941104888916 25.3932628631592 25.8688049316406 24.4158630371094 24.6883106231689 24.5481567382812 25.0562591552734 25.4018154144287 25.3910522460938 25.5977096557617 27.3052253723145 29.6298847198486 29.2957248687744 27.0368175506592 27.2360057830811 27.088809967041 28.822660446167 27.1364212036133 26.3431339263916 27.1624488830566 26.3997497558594 24.7478542327881 22.8484668731689 25.8856868743896 27.2102108001709 -3.4e+38 -3.4e+38 -3.4e+38 -3.4e+38 -3.4e+38 -3.4e+38 -3.4e+38 -3.4e+38 -3.4e+38 -3.4e+38 -3.4e+38 -3.4e+38 -3.4e+38 -3.4e+38
20.3871078491211 19.3969421386719 18.7660522460938 18.358304977417 18.8933506011963 19.5209941864014 21.4743499755859 22.5451164245605 24.9711494445801 26.0675029754639 25.1378974914551 25.0243949890137 25.5004653930664 25.9261779785156 26.2284698486328 27.4664192199707 25.6209545135498 27.569507598877 28.6308937072754 27.4908313751221 27.4517078399658 29.8115997314453 27.4769191741943 26.929557800293 28.2660961151123 26.4878787994385 25.4434108734131 25.2010707855225 24.2515487670898 25.4758682250977 27.4046974182129 27.1216926574707 25.9948329925537 -3.4e+38 -3.4e+38 -3.4e+38 -3.4e+38 22.3114490509033 28.5286769866943 -3.4e+38 -3.4e+38 -3.4e+38 -3.4e+38 -3.4e+38 -3.4e+38 -3.4e+38
20.9008693695068 20.0568141937256 18.8551979064941 18.4417190551758 19.0701847076416 18.7903118133545 20.0755863189697 21.7520198822021 22.8899784088135 23.8746776580811 22.2089729309082 25.555290222168 24.8048400878906 25.4929752349854 26.7440071105957 25.7454853057861 26.5191917419434 29.9551219940186 26.4712047576904 28.2572040557861 27.3929004669189 29.2965660095215 27.9555587768555 27.2068252563477 27.1275672912598 27.1920299530029 27.0456657409668 25.6513824462891 25.1712989807129 27.9562740325928 27.8868217468262 27.0192584991455 26.3660545349121 -3.4e+38 -3.4e+38 -3.4e+38 -3.4e+38 23.4727439880371 27.3236103057861 28.8079109191895 28.4563846588135 28.3756771087646 -3.4e+38 -3.4e+38 -3.4e+38 -3.4e+38
20.8369979858398 19.4424781799316 18.8475551605225 18.9413967132568 18.491081237793 19.5504112243652 19.3623199462891 20.7800769805908 24.7575550079346 26.3047733306885 24.2274684906006 22.4789352416992 26.1876354217529 21.8116130828857 21.7777442932129 22.5855522155762 27.7667198181152 25.9925117492676 25.5263175964355 26.6754837036133 26.8277339935303 27.5679740905762 27.361852645874 26.6225032806396 26.550220489502 26.6436519622803 27.7458152770996 26.7220344543457 25.8663024902344 25.8179512023926 26.5644187927246 23.0597324371338 29.2818126678467 -3.4e+38 -3.4e+38 26.6362171173096 28.3448944091797 27.5439491271973 26.3455200195312 27.4699516296387 27.4098205566406 28.8359298706055 -3.4e+38 -3.4e+38 -3.4e+38 -3.4e+38
19.2705421447754 17.8409652709961 17.9368457794189 19.3322410583496 19.822847366333 19.5384006500244 19.0446949005127 19.8695240020752 26.9727249145508 25.3868656158447 29.5656757354736 22.2922420501709 23.1716556549072 24.0413188934326 21.8881492614746 22.0805358886719 22.6819095611572 24.5050182342529 26.2509708404541 25.6395893096924 28.4566211700439 25.7578639984131 26.4329624176025 26.7147579193115 26.1453227996826 27.2128219604492 27.1371879577637 27.4391574859619 27.7303600311279 26.3715724945068 26.581449508667 23.1391372680664 25.1675586700439 -3.4e+38 29.0881938934326 24.545446395874 26.5125789642334 -3.4e+38 28.8643016815186 -3.4e+38 28.6378288269043 -3.4e+38 -3.4e+38 -3.4e+38 -3.4e+38 -3.4e+38
19.9139041900635 18.0173511505127 17.3160953521729 20.205135345459 20.2978572845459 19.3387413024902 18.8935089111328 18.9732704162598 20.8297729492188 23.1818943023682 23.5349311828613 27.3738574981689 29.0280075073242 24.3536911010742 23.8058185577393 25.0628623962402 25.4530296325684 25.7024307250977 25.2184906005859 25.1138591766357 26.6458606719971 26.6619319915771 28.185733795166 28.1885681152344 26.4474296569824 26.1933345794678 27.1154460906982 26.0531959533691 26.3055763244629 26.1343955993652 23.7812671661377 25.0283088684082 28.9799365997314 26.0068416595459 25.0659942626953 27.7566299438477 27.3808307647705 -3.4e+38 -3.4e+38 -3.4e+38 -3.4e+38 -3.4e+38 -3.4e+38 28.5848121643066 -3.4e+38 -3.4e+38
20.966381072998 20.6704444885254 17.9624824523926 19.8268661499023 18.2919292449951 18.5287017822266 19.6199893951416 19.7565116882324 21.6001853942871 24.3420429229736 23.3844432830811 23.5124549865723 26.0963401794434 30.0214576721191 25.4542102813721 25.7132759094238 25.4704132080078 24.6787796020508 24.159423828125 24.0655269622803 29.4376163482666 27.0266666412354 29.0384349822998 27.1824417114258 27.345630645752 25.8153839111328 26.2390441894531 25.1205673217773 25.7219409942627 25.7474231719971 24.1045627593994 24.3436527252197 27.3934364318848 27.5353088378906 27.0558986663818 27.4298877716064 27.052770614624 28.6898803710938 27.258092880249 24.2607650756836 26.6791229248047 26.3873805999756 27.4523849487305 26.5587539672852 -3.4e+38 -3.4e+38
21.5445518493652 20.6345901489258 21.0325546264648 21.1576271057129 19.5739917755127 19.0049743652344 18.7195682525635 19.0954456329346 21.4520931243896 29.1442985534668 23.7287769317627 29.5191268920898 28.3375663757324 25.496883392334 25.6543865203857 23.2406253814697 23.325267791748 25.7827167510986 24.2901782989502 24.5565319061279 26.6724491119385 28.1601066589355 30.1273307800293 27.8218383789062 29.4205932617188 26.2023849487305 28.8671607971191 27.2322311401367 26.3696041107178 26.0565013885498 25.2568416595459 26.3741588592529 27.9327793121338 28.5378093719482 28.7436294555664 25.9820594787598 25.7012271881104 27.1078357696533 28.2110576629639 28.9833679199219 28.5762004852295 28.6353511810303 26.9091377258301 26.6611747741699 23.0498943328857 -3.4e+38
