inst/extdata/Tmax/Tmax57.asc
NCOLS 100 
NROWS 79 
XLLCORNER 148.06 
YLLCORNER -21.49 
CELLSIZE 0.01 
NODATA_value -3.4e+38 
[rows 40 to 59 of 79, columns 0 to 45 of 100]
39.247776031494098 38.9921760559082 39.0007972717285 39.0166168212891 38.8947334289551 38.9832344055176 38.9230918884277 38.7283706665039 38.2847328186035 38.6614265441895 39.2176361083984 39.4828033447266 39.5003433227539 39.5304489135742 39.5726013183594 39.3727645874023 39.1214447021484 38.7822914123535 38.2424697875977 38.6737747192383 38.6486587524414 38.5295257568359 38.4559020996094 38.0760116577148 37.2328033447266 36.6159591674805 36.4194984436035 36.4794616699219 36.5697250366211 35.9629020690918 35.3495864868164 35.7204360961914 36.8696098327637 36.6020240783691 36.3460540771484 36.6281967163086 36.5220146179199 36.2068901062012 35.9859008789062 35.5541343688965 35.4964332580566 34.6908187866211 34.1393051147461 34.1147308349609 33.8629875183105 33.6988258361816
39.4042778015137 39.0415840148926 38.9095649719238 38.9910125732422 38.8858184814453 38.9466094970703 38.9357109069824 38.8259735107422 38.5862007141113 38.683837890625 38.9751625061035 39.2700691223145 39.4580993652344 39.5893783569336 39.6124382019043 39.4666633605957 39.1879653930664 38.7132110595703 38.3940048217773 38.5094146728516 38.5134696960449 38.279670715332 38.4234771728516 38.1526794433594 37.5278663635254 37.0516700744629 36.4676971435547 36.3667221069336 36.5438041687012 36.1241264343262 35.7142105102539 36.2752342224121 36.8788604736328 36.1717414855957 35.4882469177246 36.1691665649414 36.1857986450195 36.3577003479004 36.3032150268555 36.071403503418 35.9421348571777 35.2648620605469 33.9674110412598 33.8392753601074 33.8867568969727 33.8310966491699
39.3121337890625 39.2581520080566 39.045352935791 38.9239463806152 38.9665031433105 38.9732627868652 38.9355888366699 38.8875427246094 38.842845916748 38.7857055664062 38.8164138793945 39.2262916564941 39.4939956665039 39.6046981811523 39.6012687683105 39.5441856384277 39.3324356079102 39.0204238891602 38.8004302978516 38.7403144836426 38.6451454162598 38.0374488830566 37.9552421569824 38.1393432617188 38.1444969177246 37.7261924743652 36.9164695739746 36.5858039855957 36.4957809448242 36.2709503173828 35.4255599975586 36.3904228210449 36.4218978881836 35.4164810180664 34.6513290405273 35.4623870849609 35.4386520385742 36.0122451782227 36.1424674987793 35.8488311767578 35.6171455383301 35.6456680297852 35.0712509155273 34.8528785705566 35.2109680175781 36.0837631225586
39.0186958312988 39.0973205566406 39.0626258850098 39.0451927185059 39.0585517883301 39.0384330749512 38.9899063110352 38.9295043945312 38.9651260375977 38.9240341186523 38.9175682067871 39.2639923095703 39.4669952392578 39.5866012573242 39.5892486572266 39.5870170593262 39.4836311340332 39.2684745788574 39.0033302307129 39.0193977355957 38.8454742431641 38.5920791625977 37.9618759155273 37.6223335266113 38.2111587524414 38.0007247924805 37.616626739502 37.1496963500977 36.823543548584 36.6439208984375 35.8931083679199 35.7917404174805 36.4147262573242 35.9332046508789 35.3252105712891 34.8843727111816 34.9405174255371 35.1470527648926 35.3352966308594 35.1004791259766 34.6662979125977 35.3049278259277 34.8758163452148 35.710880279541 37.2605667114258 37.7603492736816
38.775218963623 38.9373588562012 38.8963851928711 38.8837661743164 39.0372352600098 39.125862121582 39.1330108642578 39.0689353942871 39.1089363098145 39.1355476379395 39.2706031799316 39.3716506958008 39.4694786071777 39.5422286987305 39.5794105529785 39.6091156005859 39.568115234375 39.4139938354492 39.2586402893066 39.1976356506348 39.0637130737305 38.9130554199219 38.6258506774902 38.4161682128906 38.2374801635742 37.8022079467773 38.0159378051758 37.8761367797852 37.5642776489258 36.9225578308105 36.346076965332 36.3152046203613 36.5843734741211 36.7134056091309 36.4240455627441 35.3386077880859 34.1104583740234 34.0594253540039 34.136474609375 34.4204559326172 34.2908248901367 34.7725296020508 34.3128204345703 35.0456848144531 36.6114616394043 37.7934989929199
38.8129730224609 38.8639869689941 38.7009773254395 38.5878715515137 38.7604942321777 38.9461708068848 39.137393951416 39.229663848877 39.2749099731445 39.3418312072754 39.3880157470703 39.3003311157227 39.0864410400391 39.4010810852051 39.5837326049805 39.6084480285645 39.5936508178711 39.5072784423828 39.4092407226562 39.333423614502 39.2341194152832 39.1157035827637 39.0463104248047 38.4860343933105 38.1539115905762 38.0650024414062 38.1234321594238 37.9413604736328 37.7509307861328 37.266544342041 36.1139488220215 36.2769622802734 36.5363121032715 36.5730056762695 36.6405563354492 35.805477142334 34.6072082519531 34.3707618713379 34.3814239501953 34.7568893432617 34.2012405395508 34.5098075866699 34.836971282959 35.0936241149902 35.8583641052246 36.87109375
38.7055625915527 38.6732177734375 38.6580581665039 38.5777587890625 38.474552154541 38.5137023925781 38.9479904174805 39.046703338623 39.1414985656738 39.1431503295898 39.3222007751465 39.3946685791016 39.1588172912598 39.3701019287109 39.5507850646973 39.6008033752441 39.5929222106934 39.5070152282715 39.452220916748 39.396785736084 39.3109283447266 39.2258491516113 39.1162376403809 38.6776084899902 37.9215888977051 38.0003890991211 38.1408882141113 37.9088325500488 37.8415603637695 37.6874809265137 36.9466857910156 36.6284675598145 36.285343170166 36.4996376037598 36.6011924743652 36.1536026000977 35.1710624694824 35.4057273864746 34.9052238464355 35.518627166748 34.9931144714355 35.1171264648438 35.1911430358887 35.2652816772461 35.236270904541 35.0445823669434
39.1329193115234 38.5444679260254 38.4486351013184 38.3870048522949 38.3498229980469 38.4503021240234 38.7196197509766 38.6648063659668 38.8764228820801 38.9059371948242 38.963249206543 39.0033187866211 39.1531639099121 39.3847465515137 39.5323104858398 39.6160087585449 39.5919418334961 39.4600601196289 39.2835273742676 39.1784057617188 39.2733421325684 39.0876617431641 39.0817794799805 39.0024375915527 38.5788726806641 38.4700736999512 38.466911315918 38.2583847045898 38.0859031677246 37.86474609375 37.225944519043 36.8725051879883 36.2088813781738 36.5426864624023 36.5597381591797 36.3287353515625 35.9134750366211 36.0945014953613 35.8333702087402 36.0290946960449 35.7704849243164 35.567626953125 35.405345916748 35.2480239868164 34.9196090698242 34.6877670288086
39.7598114013672 39.0435829162598 38.33544921875 38.1864128112793 38.292179107666 38.4480171203613 38.3708190917969 38.3560638427734 38.6484718322754 38.9009590148926 38.9506568908691 38.9163055419922 39.105598449707 39.359130859375 39.5516014099121 39.5914115905762 39.5835075378418 39.4930686950684 39.3253402709961 39.1080665588379 39.1490287780762 39.0759887695312 38.9842758178711 39.0756759643555 38.9576072692871 38.8407516479492 38.5726165771484 38.3645210266113 38.2621383666992 37.9786567687988 37.605167388916 37.1634979248047 36.3619079589844 36.4795417785645 36.4307403564453 36.4623374938965 36.3482818603516 36.3006286621094 36.1742897033691 35.9864959716797 35.247932434082 35.0794219970703 35.224494934082 34.9715614318848 34.8289451599121 34.4972038269043
40.0030746459961 39.5535469055176 38.7756881713867 38.2386894226074 38.2129173278809 38.1903190612793 38.1991577148438 38.4997367858887 38.6998863220215 38.5909690856934 39.1299781799316 39.3136825561523 39.3912010192871 39.4613914489746 39.528263092041 39.5820503234863 39.572681427002 39.4972343444824 39.3868179321289 39.2419662475586 39.1284561157227 39.0410118103027 38.8559722900391 38.868724822998 38.9914207458496 38.9537544250488 38.7410583496094 38.2318649291992 37.7652549743652 37.9803199768066 37.6884078979492 37.3859786987305 36.6373252868652 36.3464508056641 36.1348419189453 36.3849029541016 36.4290924072266 36.3159484863281 36.2538566589355 35.9514007568359 35.308292388916 34.9345893859863 35.0631904602051 34.7115211486816 34.610408782959 34.5064315795898
40.0091934204102 39.8501358032227 39.4273262023926 38.853759765625 38.3537635803223 38.0637817382812 38.1935424804688 38.4690475463867 38.4943313598633 38.7518920898438 39.2514190673828 39.4356536865234 39.5279541015625 39.5985565185547 39.5959854125977 39.5976066589355 39.479866027832 39.458797454834 39.4426231384277 39.3518562316895 39.2319984436035 39.0654067993164 38.8697090148926 38.7744941711426 38.8461380004883 38.8577995300293 38.8738746643066 38.6386260986328 38.3661270141602 38.2120895385742 37.7023887634277 37.5293579101562 36.7546997070312 36.3636360168457 35.7873268127441 36.1883811950684 36.2775344848633 36.2460289001465 36.2661514282227 36.076229095459 35.5870475769043 35.4164733886719 35.2931060791016 35.0782814025879 34.7658843994141 34.5853843688965
39.9924964904785 39.9555168151855 39.708869934082 39.1027870178223 38.5608139038086 38.2891578674316 38.2333602905273 38.2951507568359 38.056037902832 38.1819152832031 38.9381942749023 39.2740898132324 39.4128799438477 39.5725021362305 39.6269912719727 39.5736923217773 39.4878768920898 39.4553909301758 39.403205871582 39.3708763122559 39.2648429870605 39.1451721191406 39.0306854248047 38.8275985717773 38.7012138366699 38.6232757568359 38.5708351135254 38.6376533508301 38.4160346984863 38.4936027526855 38.4871864318848 37.7631072998047 37.2078819274902 36.7826614379883 36.3157920837402 36.4082145690918 36.3408355712891 36.1597137451172 36.2598152160645 36.1462669372559 35.6803359985352 35.5159873962402 35.3786010742188 35.1893768310547 34.7284240722656 34.5357093811035
39.8624610900879 39.9214897155762 39.7724227905273 38.8945655822754 38.1566581726074 38.1178398132324 38.1948661804199 38.0558471679688 37.8083801269531 37.915901184082 38.8986282348633 39.2950210571289 39.4672355651855 39.6090507507324 39.5982780456543 39.5352249145508 39.5075836181641 39.4244995117188 39.3662719726562 39.3391036987305 39.3243293762207 39.2473373413086 39.0844955444336 38.884578704834 38.6667175292969 38.5022964477539 38.4596824645996 38.3842391967773 38.3535270690918 38.2367630004883 38.3770751953125 38.2343330383301 37.7126960754395 37.1423950195312 36.7263870239258 36.9991645812988 36.9218673706055 36.4731597900391 36.2726135253906 36.306079864502 36.134895324707 35.8833045959473 35.5699844360352 35.3249664306641 34.9993667602539 34.6322174072266
39.6913719177246 39.743896484375 39.8172607421875 39.423770904541 38.5122451782227 38.185661315918 38.4877090454102 38.0194892883301 37.8621292114258 37.9224624633789 38.8686904907227 39.3810997009277 39.5485992431641 39.6089286804199 39.5273628234863 39.4245491027832 39.4022827148438 39.392219543457 39.3416519165039 39.2273979187012 39.2463417053223 39.2723045349121 39.1252784729004 38.9688949584961 38.7747268676758 38.6092910766602 38.283374786377 38.0810623168945 37.7468376159668 38.0257873535156 37.8543472290039 38.299259185791 38.3106155395508 37.983154296875 37.5257415771484 37.5266532897949 37.1706275939941 36.8326721191406 36.5332527160645 36.8356666564941 36.4410591125488 36.1781387329102 36.0008316040039 35.8501014709473 35.5781555175781 35.4188003540039
39.5950050354004 39.5587463378906 39.6972312927246 39.6937561035156 39.2907028198242 39.0648460388184 38.9946174621582 38.6629943847656 38.4637145996094 38.4573135375977 38.6107864379883 38.9455413818359 39.4916572570801 39.5851249694824 39.4606857299805 39.365364074707 39.340518951416 39.3514518737793 39.2959899902344 39.2176399230957 39.2129783630371 39.2703247070312 39.2042503356934 39.0267677307129 38.9080200195312 38.7238311767578 38.4202346801758 38.1956100463867 37.8083724975586 37.9833984375 37.4062995910645 37.7478981018066 37.9223175048828 37.913688659668 37.9902763366699 37.8566474914551 37.5609588623047 37.4075965881348 36.9893188476562 36.5267868041992 36.4346046447754 36.452278137207 36.2041130065918 36.0044250488281 35.9706420898438 35.8148612976074
39.6862144470215 39.6692047119141 39.6897811889648 39.7020492553711 39.5847549438477 39.0420951843262 39.029224395752 39.0685691833496 38.8607215881348 38.8061866760254 39.0083656311035 39.2968368530273 39.551685333252 39.5901641845703 39.4852447509766 39.3091125488281 39.3377876281738 39.3023071289062 39.113037109375 39.0742683410645 39.1640167236328 39.1989822387695 39.2177810668945 39.1110534667969 38.9847640991211 38.8313064575195 38.6418418884277 38.3847541809082 38.2154998779297 38.0533790588379 37.661205291748 37.3160820007324 37.4068717956543 37.3484268188477 37.7051811218262 37.4209785461426 37.6176986694336 37.3853797912598 37.0482788085938 36.662712097168 36.4330635070801 36.2220916748047 35.7685050964355 35.2328720092773 35.7034721374512 35.8379135131836
39.7938804626465 39.7616424560547 39.7133522033691 39.6857223510742 39.5404052734375 38.8396492004395 38.6366767883301 38.9988136291504 38.8848304748535 38.5895538330078 38.8249740600586 39.3711967468262 39.5735664367676 39.5775756835938 39.4842681884766 39.3071022033691 39.2829742431641 39.080322265625 38.843692779541 38.9414215087891 39.1677284240723 39.1458854675293 39.1875495910645 39.1548156738281 38.991641998291 38.9130325317383 38.7401580810547 38.4647979736328 38.364387512207 38.1455039978027 37.767692565918 37.1538200378418 36.8669929504395 36.9646263122559 37.3329849243164 37.4249687194824 37.0718727111816 36.7446479797363 36.8863677978516 36.7984924316406 36.4767532348633 36.2511024475098 35.7551422119141 35.0236511230469 35.3836059570312 35.6744728088379
39.8613891601562 39.8150939941406 39.7511215209961 39.7074394226074 39.6572685241699 39.3495979309082 38.9386215209961 38.7100448608398 38.6978454589844 38.493953704834 38.892406463623 39.4009475708008 39.5744590759277 39.5618095397949 39.4692192077637 39.2949676513672 39.140007019043 38.939754486084 38.8221817016602 39.0264930725098 39.1093902587891 39.1347351074219 39.0804481506348 39.1377105712891 39.0629959106445 38.9629707336426 38.8011322021484 38.5413246154785 38.4135093688965 38.2203941345215 37.8425750732422 37.6366348266602 37.2180023193359 37.0283508300781 36.954231262207 37.0554046630859 37.2503700256348 37.0931434631348 36.755859375 36.5538787841797 36.3517761230469 36.157901763916 35.9067268371582 35.6064376831055 35.0290260314941 35.2524261474609
39.8994331359863 39.8403129577637 39.7750396728516 39.7479400634766 39.668888092041 39.4718856811523 39.2080268859863 38.6916122436523 38.5799140930176 38.7239151000977 39.1030578613281 39.4327926635742 39.5415420532227 39.5144577026367 39.3851928710938 39.2259101867676 38.9615516662598 38.8643188476562 38.9357147216797 38.9384460449219 39.0370063781738 38.9617233276367 38.7886390686035 38.973461151123 39.0945129394531 38.9698715209961 38.7707939147949 38.6105728149414 38.4725036621094 38.356559753418 38.1670379638672 37.9489364624023 37.6586303710938 37.5841445922852 37.2781600952148 36.9598083496094 37.0140838623047 37.0497055053711 36.8242607116699 36.6667098999023 36.5184631347656 36.2939186096191 35.7345314025879 35.3782043457031 35.4611434936523 35.4501762390137
39.9211044311523 39.9131622314453 39.842472076416 39.794734954834 39.683235168457 39.5735282897949 39.4613037109375 39.1385688781738 38.7209091186523 38.7854309082031 38.9067878723145 39.1380500793457 39.3577651977539 39.376277923584 39.3057479858398 39.1685638427734 38.9800453186035 38.8422546386719 38.7275543212891 38.7428283691406 38.9170722961426 38.8951568603516 38.6704978942871 38.9761047363281 39.1223602294922 39.0065231323242 38.8543472290039 38.6933212280273 38.6032257080078 38.4817848205566 38.3545379638672 38.1407623291016 37.8421173095703 37.9873275756836 37.8484954833984 37.5039443969727 37.0886192321777 36.9650726318359 37.0394172668457 37.3585014343262 36.6960105895996 36.4424476623535 36.0616416931152 35.450252532959 35.3632926940918 35.2327766418457
