inst/extdata/Tmax/Tmax68.asc
NCOLS 100 
NROWS 79 
XLLCORNER 148.06 
YLLCORNER -21.49 
CELLSIZE 0.01 
NODATA_value -3.4e+38 
[rows 40 to 59 of 79, columns 46 to 91 of 100]
25.8315048217773 26.7114582061768 27.0888118743896 27.8981170654297 29.6249046325684 30.733097076416 30.2265815734863 28.1526298522949 27.767147064209 28.5240249633789 29.1096248626709 31.0567359924316 30.6493453979492 30.9061317443848 29.9988498687744 31.1396751403809 31.3636646270752 31.0606727600098 31.1870422363281 31.3130035400391 31.3493041992188 30.338207244873 30.7835159301758 31.1498489379883 31.2622413635254 31.3400554656982 31.244930267334 30.8431644439697 31.0581188201904 31.2828350067139 31.259256362915 31.0986461639404 30.7596988677979 29.4175720214844 29.7261657714844 30.4738540649414 30.3849964141846 30.2935485839844 30.560718536377 29.9777584075928 29.2059345245361 29.724494934082 30.0701942443848 29.8600444793701 30.1488571166992 30.2077827453613
27.0391464233398 28.10618019104 28.0260334014893 27.9848613739014 29.6622695922852 31.048641204834 29.8075828552246 29.3877220153809 30.0597152709961 30.1684513092041 30.5881404876709 31.3783226013184 31.2665920257568 31.3000831604004 31.1526641845703 31.5129985809326 31.5714302062988 31.5128307342529 31.4794311523438 31.5162220001221 31.5167922973633 30.9600429534912 30.2131614685059 30.6162338256836 30.5445499420166 31.0919799804688 31.4356307983398 30.9374580383301 30.9358577728271 31.366138458252 31.4175662994385 31.3319911956787 31.1615085601807 30.5180015563965 30.7865581512451 30.8389911651611 30.6197395324707 30.6207580566406 30.7380809783936 30.8774700164795 29.8598537445068 30.1087417602539 30.7666034698486 30.5630683898926 30.7095851898193 30.6561832427979
29.3764991760254 29.5881271362305 29.8031806945801 30.3469791412354 30.7280883789062 31.2845478057861 30.8258075714111 30.2524871826172 30.8374862670898 31.2972793579102 31.2208194732666 31.5833129882812 31.635871887207 31.5636386871338 31.5478496551514 31.6565208435059 31.6827087402344 31.6705493927002 31.6490745544434 31.6501064300537 31.5736827850342 30.575023651123 30.372709274292 30.9251079559326 30.3785095214844 30.8770961761475 31.362964630127 31.2675037384033 31.2157783508301 31.4950714111328 31.5326843261719 31.526050567627 31.490306854248 31.3749694824219 31.2751388549805 30.9308280944824 29.9620208740234 30.6044292449951 31.1784725189209 31.1760940551758 31.0418796539307 30.9827003479004 31.1104526519775 31.14892578125 31.19264793396 31.1423664093018
30.7269287109375 30.7648067474365 30.9248332977295 31.1008014678955 31.3758392333984 31.4845809936523 31.3996448516846 31.1578559875488 31.3626689910889 31.617525100708 31.6329536437988 31.7022800445557 31.6931343078613 31.6666011810303 31.7019634246826 31.6868801116943 31.6295146942139 31.6162204742432 31.6632080078125 31.7068309783936 31.6783561706543 31.4276294708252 31.1675796508789 31.3656139373779 31.231954574585 30.7672462463379 31.0861377716064 31.384370803833 31.5563926696777 31.5868625640869 31.5956535339355 31.5859680175781 31.560417175293 31.5213241577148 31.519115447998 31.3678131103516 30.8616790771484 31.1972637176514 31.391565322876 31.3766040802002 31.3425006866455 31.3413906097412 31.3273792266846 31.3453578948975 31.3515205383301 31.3248653411865
30.5272827148438 30.8408069610596 31.1463184356689 31.170373916626 31.2469310760498 31.4037017822266 31.4674472808838 31.5583782196045 31.603687286377 31.5559520721436 31.3428821563721 31.4762420654297 31.4068470001221 31.1361274719238 31.3483867645264 31.5084838867188 31.3984470367432 31.530855178833 31.6432590484619 31.7055244445801 31.7384605407715 31.6023864746094 31.2758712768555 31.0094661712646 31.2611083984375 31.456693649292 31.5163230895996 31.5694122314453 31.5843086242676 31.6251411437988 31.618824005127 31.6053428649902 31.5642032623291 31.5254726409912 31.558687210083 31.5004081726074 31.480978012085 31.4781303405762 31.4194412231445 31.4217205047607 31.397741317749 31.3847694396973 31.3887100219727 31.3749828338623 31.2752933502197 31.3116264343262
28.5842227935791 29.4161262512207 29.9028472900391 30.1589374542236 30.5851898193359 30.9772281646729 30.9234142303467 31.1595115661621 31.1715850830078 31.0064220428467 30.1745433807373 30.2056941986084 30.3065547943115 28.6773548126221 29.7460918426514 30.6084270477295 31.2213344573975 31.5947494506836 31.7014503479004 31.7360725402832 31.7609386444092 31.5736713409424 31.1140422821045 30.7267513275146 31.0286293029785 31.3230953216553 31.4703922271729 31.4635181427002 31.5396823883057 31.6215839385986 31.6356410980225 31.6293506622314 31.6119346618652 31.6054935455322 31.5734901428223 31.4735202789307 31.4645195007324 31.458475112915 31.4293518066406 31.4222545623779 31.3923645019531 31.3840312957764 31.3739280700684 31.3202781677246 31.3134822845459 31.3459930419922
26.3172397613525 27.4969310760498 27.4005298614502 27.3645782470703 28.68359375 29.2974395751953 29.4390029907227 29.7466506958008 30.2681617736816 29.5943450927734 28.86403465271 28.2405281066895 28.9904804229736 28.8635234832764 29.3703594207764 30.6618480682373 31.4238605499268 31.6402549743652 31.6856441497803 31.672779083252 31.7407341003418 31.7585105895996 31.3145923614502 30.9470024108887 30.8352470397949 31.1399688720703 31.3735046386719 31.502571105957 31.6177940368652 31.6427803039551 31.6741924285889 31.6789150238037 31.6725654602051 31.6428203582764 31.5595779418945 31.498462677002 31.4954242706299 31.4928684234619 31.4791603088379 31.4650363922119 31.4344272613525 31.4308395385742 31.4281673431396 31.3938274383545 31.3863639831543 31.2771511077881
26.4402656555176 26.3688945770264 26.1791687011719 26.2465744018555 26.1843891143799 26.9182376861572 28.1384887695312 28.8640193939209 29.0814323425293 28.9561557769775 29.5625133514404 29.3905696868896 29.2270278930664 29.8848190307617 30.2231197357178 31.197790145874 31.4874134063721 31.5271377563477 31.4684181213379 31.6092739105225 31.7550487518311 31.8115844726562 31.6660614013672 31.3418273925781 30.900749206543 31.2013912200928 31.4182090759277 31.5997886657715 31.6809844970703 31.7252941131592 31.7466945648193 31.7240123748779 31.6580181121826 31.581615447998 31.5190391540527 31.4952201843262 31.511302947998 31.5300731658936 31.522144317627 31.5091419219971 31.4936084747314 31.4973468780518 31.4911727905273 31.4691314697266 31.2584934234619 31.0387401580811
26.0603561401367 26.1528606414795 26.3642444610596 26.0865669250488 25.9921779632568 26.0913124084473 26.9029006958008 28.5664539337158 29.1803207397461 29.3925628662109 29.2235736846924 29.4453639984131 29.7837295532227 30.1192436218262 30.1967239379883 30.7960739135742 31.2223663330078 31.2320175170898 31.2345542907715 31.5708827972412 31.7036552429199 31.7248802185059 31.8243522644043 31.7431335449219 31.6271514892578 31.5995922088623 31.7000255584717 31.7782382965088 31.7910766601562 31.7985019683838 31.7794933319092 31.7052001953125 31.6196727752686 31.4846229553223 31.4450378417969 31.5098667144775 31.5241107940674 31.5471687316895 31.5682754516602 31.5559272766113 31.5575160980225 31.5584888458252 31.5442543029785 31.5312633514404 31.3689804077148 31.2354526519775
26.1315765380859 26.2957782745361 26.3159160614014 25.9947528839111 26.4657516479492 27.2665462493896 27.3634185791016 28.6682834625244 29.2160930633545 29.4590167999268 29.2645111083984 29.8079128265381 30.1306743621826 30.1489601135254 30.2623615264893 30.1633586883545 30.2835083007812 30.5514507293701 30.9699554443359 31.365779876709 31.4901866912842 31.5109519958496 31.7803573608398 31.8403053283691 31.8660507202148 31.8503684997559 31.8293952941895 31.6539878845215 31.7268257141113 31.805154800415 31.7747097015381 31.6508865356445 31.6095294952393 31.4067192077637 31.3418045043945 31.5389518737793 31.5451412200928 31.5318508148193 31.6000289916992 31.6116886138916 31.5946750640869 31.6040725708008 31.5920104980469 31.5662364959717 31.493013381958 31.4271507263184
26.1651916503906 26.0453395843506 26.2542762756348 25.9706840515137 26.5970287322998 27.6713428497314 28.0253868103027 28.6507797241211 29.4556064605713 29.9704608917236 30.0055274963379 30.15478515625 30.2499046325684 30.2975234985352 30.2986679077148 30.2532024383545 30.3399810791016 30.0566825866699 29.684534072876 30.951545715332 30.8463649749756 31.3287811279297 31.698657989502 31.7731971740723 31.836555480957 31.827320098877 31.7567138671875 31.5279216766357 31.694278717041 31.8109664916992 31.6459636688232 31.4662437438965 31.4892463684082 31.4738121032715 31.5142269134521 31.6065940856934 31.620044708252 31.6101207733154 31.6137275695801 31.6557712554932 31.6569633483887 31.6437473297119 31.6231365203857 31.5928440093994 31.5544261932373 31.4688129425049
25.7387180328369 25.7084712982178 26.0794239044189 25.4577808380127 25.6021957397461 27.5565338134766 28.338134765625 29.0475597381592 29.4436073303223 29.7755889892578 29.8598232269287 29.8815975189209 29.676778793335 29.6931858062744 30.0056953430176 30.1656875610352 30.5509490966797 30.4837665557861 30.2933597564697 30.3535938262939 30.1981430053711 31.0727729797363 31.5286521911621 31.7286186218262 31.7468795776367 31.7716522216797 31.4018115997314 31.0115032196045 31.6720790863037 31.8220138549805 31.5357551574707 31.2119235992432 31.4900207519531 31.5497379302979 31.5885200500488 31.5607929229736 31.5639095306396 31.5739879608154 31.6034126281738 31.5978546142578 31.6145420074463 31.6557788848877 31.6479568481445 31.6210613250732 31.5869998931885 31.5232715606689
25.3833312988281 25.2354469299316 25.6950569152832 25.5703792572021 25.652853012085 26.6372928619385 27.6452503204346 28.3239574432373 28.8758811950684 29.3002090454102 29.2579689025879 29.1950950622559 29.2836170196533 29.6173915863037 30.455545425415 30.5859775543213 30.8043518066406 30.7116317749023 30.6350612640381 30.4628162384033 30.2130584716797 30.9535427093506 31.4555339813232 31.6764755249023 31.6203918457031 31.729377746582 31.321403503418 30.3178462982178 31.4171581268311 31.8145389556885 31.5338954925537 31.2791290283203 31.5037784576416 31.4473819732666 31.3810024261475 31.417947769165 31.4785709381104 31.4170360565186 31.3395938873291 31.3294906616211 31.4572620391846 31.5618839263916 31.6619625091553 31.6486530303955 31.618724822998 31.5799961090088
26.47580909729 25.4526271820068 25.5564155578613 25.9487781524658 26.3176956176758 27.3655414581299 27.4359512329102 28.2508907318115 29.1489753723145 29.5412101745605 29.9517822265625 30.0863628387451 30.2512760162354 30.5179042816162 30.7421875 30.8057250976562 30.765905380249 30.8631610870361 30.8397045135498 30.5948467254639 30.3909816741943 30.4306774139404 31.0283508300781 31.2924022674561 31.222583770752 31.6974277496338 31.5933265686035 30.9030437469482 31.5032691955566 31.8019027709961 31.5698795318604 31.3735542297363 31.2903118133545 30.9360065460205 31.1504764556885 31.0913867950439 31.109317779541 30.6642913818359 30.7833633422852 29.6865425109863 31.1647415161133 31.4486904144287 31.648962020874 31.6640167236328 31.6407451629639 31.6034774780273
27.1646423339844 26.1721878051758 25.643482208252 26.4355792999268 27.0714111328125 27.8213653564453 27.898344039917 28.3925628662109 29.2628726959229 29.7539825439453 29.8248748779297 29.8606758117676 30.3393650054932 30.5471839904785 30.685302734375 30.6835842132568 30.9299907684326 31.0922031402588 31.0731468200684 30.8105888366699 30.6405029296875 30.560417175293 30.7211418151855 30.7477569580078 30.7320880889893 31.4950828552246 31.701587677002 31.3916263580322 31.0768585205078 31.6716957092285 31.1838912963867 30.3060531616211 30.9931030273438 31.1794929504395 31.505521774292 31.5182399749756 31.4815845489502 31.4531269073486 31.2177429199219 30.1509265899658 31.0432224273682 31.4071617126465 31.602258682251 31.6593685150146 31.6596279144287 31.626823425293
27.2081527709961 26.344690322876 25.7763385772705 27.0569343566895 28.0575542449951 28.5178546905518 29.343448638916 29.6268939971924 29.8830013275146 30.0272750854492 29.8321743011475 29.8027057647705 30.4483413696289 30.5659275054932 30.5945873260498 30.6923675537109 30.8363265991211 30.8397789001465 31.4382190704346 31.1824131011963 30.888219833374 30.7321357727051 30.7204723358154 30.5575580596924 30.5834999084473 31.2879505157471 31.682689666748 31.5901718139648 31.4386234283447 31.7876510620117 31.0396118164062 29.8409023284912 30.4036140441895 31.164134979248 31.2123985290527 30.7948150634766 30.8682479858398 31.4605808258057 31.597806930542 31.5616703033447 31.6059741973877 31.6027736663818 31.6239128112793 31.6289539337158 31.6618232727051 31.6533966064453
27.0797710418701 26.1064186096191 25.627836227417 26.8390007019043 28.1515102386475 28.5321350097656 27.9300918579102 29.4014625549316 29.3605079650879 28.7520637512207 29.85329246521 30.1105709075928 30.1536483764648 30.2394599914551 30.2774353027344 30.5342979431152 30.6980094909668 30.8423480987549 31.4043560028076 31.5511798858643 31.3447284698486 31.0081195831299 30.8336734771729 30.7612152099609 30.5106639862061 31.043270111084 31.5626621246338 31.5889587402344 31.8058090209961 31.8835220336914 31.3213596343994 29.390438079834 30.126277923584 29.5928783416748 29.9891300201416 29.2209281921387 30.2770519256592 31.4331550598145 31.5680465698242 31.6432514190674 31.6634693145752 31.576602935791 31.4637565612793 31.588321685791 31.6226921081543 31.6338386535645
27.0637531280518 26.3091449737549 26.3642234802246 26.869270324707 27.8042984008789 28.2565078735352 28.6958980560303 28.9784374237061 27.6045112609863 27.513614654541 29.2094974517822 28.104024887085 28.5398368835449 29.0627098083496 29.8980827331543 30.441915512085 30.6320056915283 30.8931980133057 31.2944240570068 31.4525852203369 31.5281505584717 31.2643642425537 30.9154014587402 31.0061874389648 30.880895614624 31.1521167755127 31.1607074737549 30.9865207672119 31.6004695892334 31.8143730163574 31.5654067993164 30.7827243804932 29.1930141448975 26.9844989776611 27.2028312683105 29.1114807128906 30.7220020294189 31.4067497253418 31.5365467071533 31.4795188903809 31.4836730957031 31.2387237548828 31.1101665496826 31.5239429473877 31.2457733154297 31.320140838623
27.0300235748291 26.6631412506104 26.452844619751 26.7541370391846 27.3515300750732 28.2031002044678 28.3684329986572 27.9354476928711 27.4415111541748 28.3299808502197 28.9015140533447 27.8045196533203 28.174259185791 28.67893409729 29.7765140533447 30.2518405914307 30.6047973632812 31.1133937835693 31.5881805419922 31.4076366424561 31.2757148742676 31.6092987060547 31.336727142334 31.1424808502197 30.976110458374 30.9824562072754 31.084005355835 30.9856586456299 31.3604640960693 31.7414207458496 31.7898006439209 31.2139263153076 30.4257678985596 28.5969944000244 27.9262828826904 29.1750831604004 30.7164554595947 31.3412246704102 31.4142417907715 30.9075393676758 31.1976909637451 31.4009780883789 31.1773643493652 31.2522220611572 30.9008884429932 31.1891098022461
26.6879005432129 26.4686756134033 25.986946105957 26.317440032959 27.07346534729 27.2346649169922 27.675271987915 28.0203018188477 28.3228912353516 28.4405879974365 28.8478107452393 29.1082458496094 29.8727188110352 29.9900417327881 30.1712188720703 29.6717681884766 30.7620143890381 31.19504737854 31.441967010498 31.1405448913574 31.2850799560547 31.5070323944092 31.629337310791 31.5739440917969 31.2648525238037 31.1979293823242 30.8116931915283 31.0018539428711 31.4522476196289 31.5550155639648 31.7275772094727 31.7612686157227 31.1520919799805 30.4177017211914 29.4210720062256 29.1079177856445 30.3905773162842 31.2520637512207 30.7146892547607 30.1348915100098 31.1455516815186 31.4284629821777 31.1257038116455 30.2794189453125 30.6719589233398 31.2486057281494
