inst/extdata/Tmax/Tmax132.asc
NCOLS 100 
NROWS 79 
XLLCORNER 148.06 
YLLCORNER -21.49 
CELLSIZE 0.01 
NODATA_value -3.4e+38 
[rows 20 to 39 of 79, columns 46 to 91 of 100]
29.4049777984619 27.5999279022217 27.8298320770264 29.2954978942871 29.0371570587158 28.4582023620605 28.1767654418945 26.9535865783691 28.8857822418213 30.4202575683594 31.5383529663086 31.0662956237793 31.0479850769043 31.7055912017822 31.3502559661865 31.0894184112549 31.4281406402588 32.0787696838379 32.2866249084473 32.328125 32.2989044189453 32.2091598510742 32.5622100830078 32.6891784667969 32.6711540222168 32.6225090026855 32.5467491149902 32.6226539611816 32.6229057312012 32.299259185791 32.4064788818359 32.7323112487793 32.649730682373 32.3758926391602 32.4179534912109 32.4291915893555 32.3812446594238 32.4142265319824 32.432918548584 32.4311714172363 32.3820190429688 32.2641525268555 31.6916618347168 31.6141967773438 31.901912689209 31.9308815002441
29.699047088623 27.5689239501953 26.3476524353027 28.1611061096191 28.0298805236816 27.4677200317383 28.3846683502197 26.4084720611572 27.7363948822021 29.9088401794434 31.2485733032227 29.8798961639404 29.217077255249 31.1095218658447 29.8912963867188 29.5308303833008 30.4490795135498 31.9024295806885 31.9473819732666 32.4403038024902 32.5851364135742 32.6172523498535 32.425422668457 32.0903053283691 32.1202735900879 32.2347221374512 32.4508934020996 32.4555320739746 32.391529083252 32.3376770019531 32.6974906921387 32.7793312072754 32.7421455383301 32.3706092834473 32.5002632141113 32.4900932312012 32.3838157653809 32.4278678894043 32.4618301391602 32.4851570129395 32.3912162780762 32.3200874328613 32.1530227661133 31.9758415222168 31.8562469482422 31.8695201873779
30.3228855133057 29.8281078338623 27.8648586273193 27.1946315765381 26.7032775878906 27.917444229126 27.3048534393311 27.5788154602051 26.9478034973145 27.9460544586182 30.2839088439941 30.7091331481934 29.142557144165 29.5598220825195 29.2098293304443 29.7990550994873 30.9310054779053 31.4018020629883 29.9858512878418 31.3949890136719 32.3064727783203 32.4183349609375 31.7883911132812 30.9260673522949 31.614200592041 31.6342964172363 32.3163566589355 32.5595283508301 32.2592353820801 32.5198631286621 32.7372856140137 32.813362121582 32.8334274291992 32.7949409484863 32.7097930908203 32.5422477722168 32.3706436157227 32.2558708190918 32.3629989624023 32.5057983398438 32.4291458129883 32.3963851928711 32.1401710510254 32.0401649475098 31.9208793640137 32.0962600708008
29.6568069458008 29.4944381713867 28.8557395935059 28.0288600921631 26.4757862091064 27.2672729492188 27.9600143432617 28.1787815093994 27.9265060424805 27.4602947235107 28.8903827667236 28.8751640319824 29.8106460571289 28.0954990386963 28.9768714904785 30.5345039367676 30.5217342376709 30.9625339508057 29.5399532318115 31.7999935150146 32.6742134094238 32.5852127075195 31.589298248291 30.1678237915039 31.5367336273193 31.7593841552734 31.9057083129883 32.4479789733887 32.6965827941895 32.7929840087891 32.8382759094238 32.8923950195312 32.8921012878418 32.8248252868652 32.7430725097656 32.5994415283203 32.1611366271973 31.8046035766602 31.9865226745605 32.331600189209 32.3425216674805 32.4428215026855 32.1917877197266 32.1938896179199 31.941822052002 31.9938983917236
27.5953407287598 29.0079517364502 29.3926753997803 29.1484413146973 28.0762138366699 27.4179000854492 27.4313507080078 27.1050300598145 28.0675811767578 27.4990673065186 27.5121898651123 27.0185813903809 29.0668640136719 29.96364402771 29.1226768493652 30.2205352783203 31.057149887085 31.7218418121338 31.4209117889404 32.5646514892578 32.5994567871094 32.4695358276367 31.7516384124756 30.8775730133057 31.7673587799072 32.1182441711426 31.8179187774658 31.9540309906006 32.1023597717285 32.6799278259277 32.5266036987305 32.9157295227051 32.8095817565918 32.8003273010254 32.7358245849609 32.3872184753418 32.3172798156738 31.7074718475342 31.4288463592529 31.9842281341553 32.1740951538086 32.3179740905762 32.1589050292969 32.2540664672852 32.3468055725098 32.1998062133789
26.0070476531982 27.0938606262207 28.533655166626 28.459156036377 27.564640045166 26.7661876678467 26.3551807403564 25.7402286529541 27.0534381866455 27.7398719787598 27.1851081848145 27.4515419006348 28.9592304229736 30.9758129119873 30.4519004821777 30.5416164398193 30.7172317504883 32.2476387023926 32.3869361877441 32.4065246582031 32.4275970458984 32.1173782348633 30.8010082244873 30.8936767578125 31.040132522583 31.7720279693604 31.5056915283203 30.862585067749 31.5788612365723 32.7575912475586 32.7202911376953 32.8829956054688 32.8709106445312 32.8715705871582 32.7521820068359 32.6119537353516 32.6591644287109 32.025749206543 31.4925956726074 31.8928833007812 31.5815715789795 31.7592220306396 31.4770374298096 32.2246208190918 32.3016014099121 32.316349029541
25.8745365142822 25.7147369384766 26.5103721618652 27.2213439941406 27.9808139801025 25.5514583587646 25.2668552398682 26.2036285400391 26.77321434021 27.6006832122803 27.6396617889404 28.1045055389404 29.9744720458984 30.926139831543 31.4520378112793 31.6387481689453 31.8232574462891 32.4065856933594 32.0441360473633 31.894437789917 31.9590682983398 31.5095634460449 31.7459106445312 32.0719757080078 32.1134719848633 31.4838199615479 31.0544605255127 32.074634552002 32.3854446411133 32.3672103881836 31.783374786377 32.5468521118164 32.752857208252 32.87548828125 32.8907089233398 32.8176193237305 32.4832153320312 32.1527481079102 32.2723121643066 32.038215637207 31.9308547973633 31.3560600280762 31.9129829406738 32.1698570251465 32.1166000366211 32.0395812988281
26.0677146911621 25.5185947418213 25.8683910369873 26.1523056030273 26.7660617828369 24.922306060791 24.6189136505127 25.0980205535889 26.5517292022705 27.3917579650879 26.8384780883789 27.4909687042236 28.4923629760742 29.7454700469971 31.2437648773193 30.9060726165771 32.1026573181152 32.4047164916992 31.6743221282959 30.9060459136963 31.6307697296143 31.8801670074463 32.2618637084961 32.5437850952148 32.6941528320312 32.2683219909668 32.2947273254395 32.7119102478027 32.8095664978027 32.0627555847168 31.6063823699951 32.2328872680664 32.3836898803711 32.8651733398438 32.9428215026855 32.9051284790039 32.7678604125977 32.5659637451172 32.1590728759766 31.3435325622559 31.1161327362061 31.0043621063232 31.0733242034912 31.8448181152344 31.9355735778809 32.4056282043457
27.0259666442871 26.5660209655762 27.4109916687012 27.256031036377 26.8398399353027 25.3070392608643 26.1878242492676 25.9159927368164 26.2723121643066 26.9428615570068 26.6500091552734 26.9723091125488 27.1371116638184 29.5289573669434 30.8304328918457 30.0986595153809 31.6846046447754 32.0329551696777 31.7295017242432 30.549503326416 30.8660411834717 32.0848770141602 32.5507469177246 32.7182655334473 32.7712554931641 32.694995880127 32.7396469116211 32.8912506103516 32.5009231567383 31.7558822631836 31.6352615356445 32.3901443481445 32.8752403259277 32.942741394043 32.9594917297363 32.9583625793457 32.9401321411133 32.8210639953613 32.5789947509766 31.3703422546387 30.7612171173096 29.9190292358398 31.0023136138916 31.0240917205811 32.0339317321777 32.4748611450195
28.7837772369385 28.633768081665 28.011890411377 27.9617252349854 27.4035720825195 26.8788604736328 26.5692653656006 25.4792499542236 26.2092704772949 25.6612529754639 25.1304244995117 26.6170425415039 27.0085105895996 29.0656127929688 30.1076927185059 29.3374786376953 30.0964775085449 30.9413471221924 31.5756206512451 31.4716644287109 31.0114917755127 32.094539642334 32.6341934204102 32.4487609863281 32.4492149353027 32.1389007568359 32.6149444580078 32.9058609008789 31.9302959442139 31.0386848449707 31.7766456604004 32.4250335693359 32.8330230712891 32.9460487365723 32.9838066101074 32.953010559082 32.9590148925781 32.8873443603516 32.7110443115234 32.3167037963867 31.6122741699219 31.1074180603027 30.6756629943848 30.5010986328125 31.4775085449219 32.0467262268066
27.576078414917 27.5966567993164 27.6466197967529 27.2697677612305 26.7557277679443 27.0207958221436 26.0484561920166 25.4885940551758 24.9258918762207 25.0389251708984 24.3868980407715 25.4315872192383 25.437744140625 27.9134902954102 29.0379791259766 27.7933502197266 28.4013690948486 30.0747814178467 31.5272006988525 32.1556358337402 31.6605739593506 32.3511657714844 32.6038551330566 32.1984519958496 32.2054862976074 32.3720397949219 32.8997802734375 32.8984756469727 32.3321418762207 31.6390552520752 32.0639877319336 32.391487121582 32.8810653686523 32.931324005127 32.9043350219727 32.8999900817871 32.9243469238281 32.8684692382812 32.8139533996582 32.6268653869629 32.3861122131348 31.8237781524658 31.4398517608643 31.4257869720459 31.6978149414062 32.1774024963379
26.7623462677002 27.0705261230469 26.9624633789062 26.929370880127 25.9481945037842 26.8500080108643 25.7996311187744 24.4113330841064 23.7473297119141 24.1983604431152 23.8388442993164 24.6201553344727 25.5202102661133 27.6056976318359 27.9626731872559 27.5760917663574 29.8735389709473 30.9028034210205 31.7447204589844 32.2936592102051 32.621223449707 32.7114601135254 32.6773414611816 32.6073226928711 32.3957786560059 32.7434120178223 32.9063949584961 32.806022644043 32.421142578125 31.7482891082764 31.8657646179199 32.5233955383301 32.7797508239746 32.2971649169922 32.7250289916992 32.8757171630859 32.8769836425781 32.8609046936035 32.8414611816406 32.7516746520996 32.4603118896484 31.6661930084229 32.061466217041 32.1357688903809 32.0652465820312 32.017391204834
25.9986953735352 26.3519859313965 26.1914024353027 26.5098686218262 26.6241569519043 26.6444473266602 26.2444095611572 25.0086059570312 25.1294250488281 25.2583999633789 24.1225395202637 23.9100036621094 24.9994468688965 27.5186882019043 28.1084365844727 28.6922550201416 28.7725563049316 29.6851139068604 31.7024688720703 32.3718566894531 32.6084976196289 32.585521697998 32.4496917724609 32.4242172241211 32.6199417114258 32.7347755432129 32.7322158813477 32.3319244384766 31.3374843597412 31.5545310974121 31.9296836853027 32.8225517272949 32.5517654418945 31.9590225219727 32.7291870117188 32.6794357299805 32.7337875366211 32.8222045898438 32.7453689575195 32.4645080566406 31.8533973693848 30.5021724700928 30.2504425048828 31.4154949188232 31.8363876342773 32.1851119995117
26.7621593475342 26.2394981384277 26.0752792358398 26.2777519226074 26.4467430114746 26.3644561767578 25.8714027404785 25.4595756530762 26.1260108947754 25.361686706543 25.2214622497559 25.223014831543 26.1286849975586 27.4163265228271 27.6071968078613 28.4356269836426 29.5165100097656 30.7439441680908 31.7831630706787 32.2630271911621 32.6539344787598 32.657096862793 32.1445198059082 31.8624382019043 32.1378974914551 32.013126373291 32.1526184082031 32.3638114929199 32.2726173400879 32.2822647094727 32.6391639709473 32.9575080871582 32.302978515625 32.2356910705566 32.8851318359375 32.3607406616211 32.5369186401367 32.5199546813965 32.6291389465332 32.3316192626953 30.8096141815186 30.0332221984863 29.4129467010498 31.386100769043 32.0204238891602 31.8522624969482
27.2344417572021 25.8982238769531 25.8600158691406 26.001615524292 26.1727638244629 26.0333480834961 26.071949005127 26.7071876525879 26.3192405700684 25.4763565063477 26.7639408111572 27.2920227050781 27.5133838653564 26.83083152771 26.871862411499 28.0562496185303 29.4662799835205 30.9029197692871 31.0395355224609 31.948356628418 32.4755592346191 32.5280342102051 32.0391883850098 31.8062992095947 30.9731502532959 31.614559173584 32.206226348877 32.4012756347656 32.6858444213867 32.7236404418945 32.9360580444336 32.8976211547852 32.8864822387695 32.9435653686523 32.9209136962891 32.6817169189453 31.6897354125977 32.3682899475098 32.6019096374512 32.5752143859863 32.5523414611816 31.212574005127 31.0672397613525 32.5092391967773 32.8346328735352 32.825756072998
27.2915496826172 26.1892509460449 25.8195343017578 25.7520618438721 26.0043239593506 25.8101196289062 26.5853805541992 28.4343528747559 27.476390838623 26.7235565185547 28.8141746520996 29.5682163238525 29.161491394043 26.9920291900635 27.4622268676758 27.5990943908691 29.737024307251 29.818380355835 29.6908760070801 30.7177352905273 32.0001831054688 32.2824554443359 31.9578590393066 31.9796314239502 31.8672313690186 31.5293560028076 31.6408157348633 31.8298454284668 32.6091918945312 32.5980453491211 32.7073020935059 32.5251922607422 32.7719459533691 32.9614143371582 32.6750106811523 32.6779708862305 31.9779376983643 32.1431732177734 32.4660873413086 32.3164215087891 32.7904090881348 32.8195343017578 32.7388305664062 32.8101654052734 32.9546089172363 32.8364601135254
26.9692859649658 26.2484035491943 26.0257892608643 26.2454490661621 26.1861801147461 26.3072280883789 26.8008766174316 29.186107635498 29.4039726257324 27.9374618530273 30.1258659362793 31.1691379547119 30.3971195220947 29.082181930542 29.0134391784668 29.6859378814697 30.4260597229004 30.9329280853271 31.3148403167725 31.684720993042 31.9494476318359 31.6899585723877 30.2497062683105 30.592565536499 31.2036743164062 30.8207721710205 31.0857963562012 32.0456581115723 32.4853782653809 32.7344284057617 31.5825061798096 31.5884246826172 32.5079154968262 32.8633232116699 32.3681373596191 32.4210929870605 31.5835342407227 32.1740989685059 32.4211845397949 32.2897033691406 32.8155326843262 32.9330368041992 32.9846611022949 33.0056381225586 32.9674758911133 32.639518737793
26.9926986694336 26.5550651550293 26.520450592041 26.7056922912598 26.9359951019287 27.1053619384766 28.0286560058594 29.9523811340332 29.8364677429199 29.3249320983887 30.8724632263184 32.0944747924805 31.2048034667969 29.9795532226562 29.4035377502441 31.2644271850586 31.6606330871582 31.9120216369629 32.1681594848633 32.2263984680176 31.7882270812988 31.5284309387207 31.6754283905029 31.0974407196045 31.493501663208 32.0367660522461 32.3016357421875 32.4147644042969 32.6712532043457 32.6186752319336 30.8712539672852 31.6895294189453 32.6397590637207 32.5825538635254 32.1405029296875 32.1168594360352 31.9698295593262 32.552116394043 32.609058380127 32.6434936523438 32.6328811645508 32.8356971740723 32.9120597839355 32.9463768005371 32.8871955871582 32.8507652282715
26.9383144378662 26.62135887146 27.2475337982178 28.1107978820801 28.250560760498 28.7855453491211 29.9991130828857 30.682788848877 30.0345115661621 30.4644870758057 32.0277862548828 32.5969848632812 31.9958877563477 30.8893661499023 30.0773124694824 31.219051361084 31.2234382629395 31.5565032958984 32.4084053039551 32.6618309020996 32.3463706970215 31.9983081817627 32.4021224975586 32.2149314880371 32.0986137390137 32.6430740356445 32.5566329956055 32.4920959472656 32.802318572998 32.5764083862305 31.9180335998535 32.4660835266113 32.6872215270996 32.3788871765137 31.382417678833 31.3591499328613 31.7408180236816 32.5587997436523 32.2645225524902 32.2654228210449 32.3081092834473 32.6484107971191 32.6501197814941 32.7391128540039 32.6002426147461 32.760669708252
26.990743637085 27.2152328491211 28.5046062469482 29.3463687896729 30.1317005157471 31.1855144500732 31.8998374938965 31.1430263519287 29.0648918151855 29.766077041626 31.4291458129883 32.6377944946289 32.1687698364258 31.8051891326904 30.8321723937988 31.9047393798828 32.0747375488281 31.4093894958496 32.3041038513184 32.719425201416 32.6793441772461 32.2209548950195 32.6218795776367 32.7638969421387 32.6189651489258 32.7402038574219 32.5591278076172 31.7457656860352 32.6578140258789 32.8419876098633 32.768497467041 32.6745567321777 32.3513412475586 32.0044479370117 31.1091232299805 31.1905937194824 32.0418014526367 31.9952125549316 31.8623657226562 31.6814041137695 31.858434677124 32.21240234375 32.0213966369629 32.432544708252 31.9503211975098 32.3849945068359
