inst/extdata/Tmax/Tmax20.asc
NCOLS 100 
NROWS 79 
XLLCORNER 148.06 
YLLCORNER -21.49 
CELLSIZE 0.01 
NODATA_value -3.4e+38 
[rows 40 to 59 of 79, columns 0 to 45 of 100]
26.399951934814499 26.0611591339111 26.9309577941895 27.5641098022461 26.7476081848145 26.5948657989502 26.5727481842041 26.5713920593262 25.8772277832031 26.1950569152832 26.7393856048584 28.1693229675293 28.6307392120361 27.5981769561768 27.6535453796387 27.20578956604 27.0885162353516 26.4213027954102 25.7958469390869 25.9902896881104 25.9646053314209 26.0675830841064 26.02760887146 26.0386447906494 24.4922409057617 24.7522449493408 23.9926204681396 23.9891052246094 24.30393409729 23.3221130371094 22.4088478088379 21.334831237793 22.8104362487793 22.6439189910889 22.1569232940674 22.5126438140869 22.0979270935059 19.3297691345215 18.8690395355225 18.4877300262451 18.0765190124512 17.3511428833008 16.8548679351807 16.6192493438721 16.3773040771484 18.2074642181396
26.8478813171387 26.5927333831787 26.7071800231934 27.3793487548828 27.5032730102539 27.3499393463135 26.6092281341553 26.9483985900879 26.5872554779053 27.1717739105225 27.1381130218506 27.9631023406982 28.2187824249268 28.222827911377 27.4862957000732 28.2014427185059 27.4032897949219 26.4392070770264 25.7455787658691 26.2652702331543 26.6432876586914 26.8734264373779 26.265718460083 25.3486366271973 23.4668579101562 22.9556655883789 23.6467170715332 23.8031558990479 24.0338859558105 23.6144905090332 22.5252952575684 22.3915138244629 22.6171875 23.2963523864746 20.4718952178955 21.4065437316895 20.805700302124 19.2319221496582 19.1122379302979 20.6732368469238 20.4714050292969 18.2765712738037 16.4446487426758 16.3692569732666 16.4123210906982 16.7698230743408
26.8563346862793 26.8228282928467 27.0653057098389 27.119930267334 27.0133495330811 26.8556842803955 26.8285179138184 27.2128639221191 26.9259147644043 27.1065483093262 27.5019111633301 28.16969871521 28.8904514312744 28.2852115631104 28.3385009765625 27.7859382629395 27.6801815032959 27.5075035095215 26.7543659210205 26.6887397766113 26.9873905181885 26.2475357055664 26.2134990692139 25.4852886199951 25.5853519439697 25.0102863311768 23.0465831756592 23.7879009246826 23.8017826080322 23.3318462371826 21.9078140258789 21.800968170166 20.7337532043457 20.8981380462646 19.7690315246582 20.0846214294434 17.9603652954102 18.7852325439453 19.0728855133057 18.562328338623 19.3152313232422 18.4197483062744 18.7396602630615 17.468807220459 17.3154525756836 18.069637298584
26.106502532959 26.59423828125 26.9955883026123 27.0712280273438 27.3115711212158 27.1137523651123 27.8347320556641 27.5974063873291 27.0825004577637 27.0291690826416 27.1997814178467 27.8034324645996 28.2879524230957 28.4201221466064 28.7892246246338 28.8193416595459 28.3439922332764 28.0989208221436 27.1231575012207 26.951322555542 27.0324726104736 26.8949890136719 26.3599090576172 25.0263690948486 25.1738567352295 25.0746974945068 24.6688346862793 24.4393367767334 23.7095851898193 23.9534130096436 22.9076309204102 22.5096340179443 23.7740573883057 22.6139640808105 22.9671649932861 17.0106220245361 17.5722522735596 17.6834964752197 17.8941402435303 17.5608749389648 17.261962890625 17.9087944030762 17.6042175292969 18.3206272125244 19.7046031951904 21.9063739776611
25.8081607818604 26.4515991210938 26.3708362579346 26.3611259460449 26.9731636047363 27.1105823516846 27.1491012573242 27.3416614532471 27.1548137664795 27.3611755371094 27.1329479217529 27.9756526947021 28.0312557220459 28.6407432556152 28.9082317352295 28.6772403717041 28.2559909820557 28.4230537414551 28.2475967407227 28.0567378997803 27.4788627624512 27.2914924621582 26.504243850708 27.0517330169678 26.354284286499 25.2505912780762 25.2430763244629 24.5531044006348 24.9076690673828 24.1178722381592 23.9538402557373 23.5218658447266 23.9331111907959 25.6963157653809 25.6897239685059 17.7776393890381 16.6566524505615 16.7039833068848 16.8267822265625 17.318380355835 17.1053333282471 17.534200668335 16.9821853637695 17.6412658691406 18.9552230834961 21.8611679077148
26.9458656311035 26.3717880249023 25.8965377807617 26.0281391143799 26.6825408935547 26.5840625762939 26.8654766082764 27.2619438171387 27.361608505249 27.2709064483643 27.1080913543701 27.6069278717041 27.4633979797363 28.5366172790527 29.1423358917236 28.6498470306396 28.1220989227295 28.6916275024414 27.905366897583 27.6203346252441 27.5235805511475 27.1696643829346 26.635763168335 25.560152053833 26.2595748901367 26.2114944458008 24.6740474700928 25.0632133483887 25.2209777832031 24.2149848937988 23.2262573242188 23.1047286987305 24.1220626831055 24.1385154724121 26.1675872802734 22.8765335083008 17.4258270263672 16.6920700073242 16.7611999511719 17.4932861328125 16.8333969116211 17.2182388305664 17.6759090423584 17.6855487823486 18.6409511566162 19.2083778381348
25.6520748138428 26.1172866821289 26.5618438720703 25.8163528442383 25.7047271728516 26.1648349761963 26.794225692749 26.9367580413818 26.9396953582764 26.7333602905273 27.3132095336914 27.4231071472168 26.5413227081299 27.1980972290039 28.6106243133545 27.4225635528564 27.4651393890381 28.5623302459717 28.3260097503662 27.0267772674561 27.2081336975098 26.8535938262939 26.9294548034668 27.2530193328857 24.6835632324219 25.0422210693359 24.9881267547607 25.1834716796875 25.3287487030029 25.4668922424316 23.9091148376465 23.448600769043 23.1079559326172 23.3617992401123 24.786226272583 24.8006038665771 17.5999603271484 17.7436122894287 17.654956817627 18.2610664367676 17.5951538085938 17.4883232116699 17.7202644348145 23.330207824707 18.9738311767578 18.0572032928467
26.9244995117188 25.7553367614746 26.6969509124756 25.5961360931396 25.5949611663818 25.8523406982422 26.0445709228516 25.9800701141357 25.8314247131348 26.4755306243896 26.2211761474609 26.2786598205566 26.6399593353271 27.4758644104004 28.3387432098389 28.4845657348633 27.8726272583008 28.2986526489258 28.1521263122559 27.1631526947021 27.752067565918 27.6870059967041 26.3325099945068 26.5620498657227 26.3032741546631 27.0442428588867 26.601713180542 25.965181350708 26.0627765655518 25.9431133270264 25.3622264862061 24.6631126403809 23.4979667663574 24.4583187103271 24.4424076080322 23.4157409667969 23.1480178833008 21.0906734466553 18.9655570983887 18.90452003479 18.4299125671387 18.3453350067139 18.3751640319824 18.2229251861572 17.6013431549072 17.33935546875
28.2490062713623 26.4326019287109 25.2053623199463 24.8814849853516 25.0107326507568 26.085880279541 25.6054553985596 25.4959678649902 25.3824501037598 26.2037792205811 26.3653678894043 26.1641254425049 26.6252822875977 27.6650428771973 28.4973850250244 27.6272792816162 27.6444053649902 27.3122749328613 27.8457641601562 26.796407699585 26.920295715332 27.8919944763184 27.6551475524902 27.3329467773438 26.7245445251465 26.1479377746582 27.1454067230225 27.7625694274902 27.1771869659424 26.0778942108154 25.1284008026123 25.2339954376221 24.4467525482178 24.1950206756592 24.1670894622803 24.1839599609375 24.5053291320801 24.3342895507812 24.4584331512451 22.7551326751709 17.8326301574707 17.8901519775391 18.1531162261963 17.7778224945068 17.7368621826172 17.4155902862549
28.4550533294678 27.4804058074951 26.5923480987549 24.7678337097168 24.702262878418 24.800666809082 25.3804206848145 25.4779815673828 25.4624843597412 26.895112991333 27.6861572265625 27.1439933776855 26.7261581420898 26.8878993988037 27.0261325836182 27.0834407806396 27.6002388000488 27.7787208557129 27.4005870819092 28.089168548584 26.9355506896973 27.4480457305908 27.8447189331055 27.6989650726318 27.1857833862305 27.6880359649658 26.0947093963623 27.2066745758057 26.6647682189941 25.9579734802246 24.9851684570312 25.5498218536377 23.7331657409668 23.7186241149902 23.9784908294678 20.580020904541 24.6391658782959 24.3603839874268 24.0391826629639 24.2039890289307 22.8696422576904 17.7543106079102 17.4616031646729 19.7391815185547 19.6983661651611 20.2472076416016
28.8151779174805 27.9675598144531 27.5041618347168 25.1379566192627 25.1190452575684 24.722484588623 24.8699150085449 25.4854354858398 25.4163265228271 26.6337718963623 27.7130947113037 27.5049438476562 27.6185150146484 27.9824619293213 27.8080539703369 27.4079627990723 27.7095050811768 27.7010478973389 27.7181282043457 26.9241333007812 27.8803577423096 27.6914691925049 27.4204730987549 26.9626407623291 26.6648368835449 26.6434803009033 26.2338237762451 25.6764659881592 26.6249084472656 26.3960227966309 25.3029842376709 25.4913234710693 24.0888977050781 24.3207607269287 22.7200794219971 23.7128372192383 23.6203632354736 24.056604385376 23.8828983306885 23.9853134155273 23.6275424957275 22.9101848602295 21.6611633300781 20.84521484375 19.5090427398682 19.4007186889648
28.5866870880127 28.7467937469482 27.616870880127 25.9498481750488 25.6901035308838 26.0792961120605 25.4585456848145 25.0166206359863 24.3597221374512 25.3147926330566 27.2715473175049 27.8875274658203 28.0959949493408 27.283332824707 27.8445491790771 27.7764472961426 27.932975769043 28.2799987792969 28.4108543395996 27.2081508636475 28.0716667175293 27.9737300872803 26.5896530151367 26.6180896759033 26.4722747802734 25.5888977050781 25.4611434936523 25.6202850341797 26.4418830871582 27.1125640869141 26.9217052459717 24.86403465271 24.5584392547607 23.6578693389893 23.3988246917725 22.8486862182617 22.9209957122803 23.693078994751 23.6273670196533 23.6450004577637 22.9720268249512 22.7131042480469 22.239538192749 21.3635406494141 17.5722122192383 17.3995494842529
28.050048828125 28.6419486999512 28.3421268463135 24.8343486785889 24.3346881866455 25.1886978149414 25.0753917694092 25.2539501190186 24.3855037689209 24.5886573791504 26.3039073944092 25.9523849487305 26.8056201934814 27.8893165588379 27.5009784698486 27.9171943664551 28.1053524017334 28.3874492645264 28.2597789764404 28.1408252716064 28.0819683074951 27.8838977813721 27.7346935272217 26.6405296325684 27.5832176208496 27.2670783996582 25.859733581543 25.933198928833 26.0438232421875 26.7459831237793 26.7746887207031 25.4069232940674 24.4623527526855 23.8692646026611 23.8889427185059 24.5820980072021 22.7462100982666 22.5304412841797 23.2765426635742 24.3549671173096 24.2914295196533 23.6071720123291 23.5640487670898 22.7610931396484 17.8595123291016 17.2960529327393
28.3654384613037 27.8456172943115 27.7652053833008 25.5939750671387 24.5722026824951 25.8110256195068 25.788366317749 25.2575607299805 24.4739990234375 24.5996036529541 26.1219120025635 25.5896072387695 27.5886898040771 27.5571022033691 27.4367332458496 28.2858104705811 27.9551563262939 28.3439922332764 27.1267223358154 27.965259552002 28.056266784668 28.1175880432129 27.9463806152344 27.1364212036133 26.5095310211182 26.7252292633057 26.7492485046387 26.200927734375 25.7408046722412 26.0419006347656 26.4324626922607 26.7058601379395 26.7068672180176 25.9117279052734 24.9392509460449 25.5258808135986 24.1935520172119 23.3584499359131 22.1111812591553 23.4765243530273 24.5431346893311 24.7394390106201 24.1613426208496 23.9347457885742 21.4281005859375 20.9888439178467
28.0983581542969 27.261869430542 27.4633693695068 26.5473155975342 26.0561275482178 25.8422355651855 26.372896194458 25.9298038482666 26.2306385040283 25.3035545349121 25.3270835876465 26.111608505249 26.3011016845703 27.229133605957 27.991756439209 28.170597076416 28.0914897918701 28.2721118927002 28.2415046691895 27.4278163909912 27.4396057128906 28.0802898406982 27.653507232666 28.1442451477051 27.3384380340576 26.6783123016357 26.169548034668 26.5786533355713 25.2078113555908 26.3225212097168 25.9840087890625 25.4602394104004 26.443717956543 26.1760272979736 27.0557479858398 24.7179412841797 24.8283214569092 25.4393558502197 25.164363861084 23.9177436828613 23.897029876709 23.0892066955566 22.3622455596924 21.5752277374268 21.7122001647949 18.6275691986084
28.1881542205811 28.2177104949951 28.0637340545654 27.0067043304443 26.6502532958984 26.542573928833 26.9640655517578 27.3485832214355 26.5607070922852 25.4213275909424 26.1844673156738 27.5147228240967 27.2149639129639 28.178524017334 27.9731712341309 28.0920162200928 26.8264617919922 27.4332656860352 27.5934867858887 27.6232376098633 27.2449607849121 27.3139171600342 26.9337329864502 27.5623340606689 27.2166538238525 27.47878074646 26.6159896850586 26.9853000640869 25.9075050354004 26.3499965667725 26.4898796081543 26.0127620697021 25.3239135742188 25.3262310028076 25.7612171173096 26.4138488769531 26.0329456329346 25.9131355285645 25.1529884338379 23.5788307189941 22.9773616790771 23.7833137512207 21.7877807617188 18.2584323883057 18.6487007141113 18.4078216552734
27.6962795257568 28.099666595459 27.6625232696533 28.2514247894287 27.079797744751 25.8320255279541 26.5331764221191 27.2669162750244 26.8931922912598 26.1507320404053 26.0179805755615 27.7468204498291 28.098560333252 26.9545059204102 27.5953788757324 28.0128421783447 26.7502365112305 27.1783275604248 27.5010147094727 26.5928230285645 26.7771453857422 27.0961036682129 27.3093585968018 27.184440612793 27.2280502319336 27.1524028778076 26.9584980010986 26.4704666137695 26.1619129180908 26.6623649597168 25.0025863647461 25.8472690582275 24.2480335235596 24.2886161804199 24.7154388427734 25.8573055267334 25.235933303833 24.1992225646973 24.1052570343018 19.3645877838135 19.0408821105957 22.6099815368652 21.4204730987549 17.8331470489502 18.2935104370117 18.4265613555908
28.1732978820801 28.4830551147461 28.1014385223389 27.8814029693604 27.4099159240723 27.6908302307129 26.6305961608887 26.5594635009766 26.9748859405518 26.8872146606445 25.5257682800293 26.7755908966064 28.1191787719727 27.8270015716553 27.4130783081055 27.9634647369385 27.411226272583 27.2081832885742 25.8770790100098 27.097599029541 27.4139366149902 27.4963932037354 26.6588821411133 27.1253471374512 27.8244571685791 27.1548194885254 26.9887561798096 26.515682220459 26.608549118042 27.0850009918213 26.4331436157227 26.3143272399902 26.140438079834 25.5895538330078 24.4402351379395 24.519702911377 25.4048480987549 24.6102523803711 23.4532470703125 19.2745933532715 19.1719360351562 23.3251419067383 18.7731132507324 18.5144939422607 17.9044857025146 18.0736331939697
28.4199867248535 28.3724632263184 28.4855289459229 28.1091232299805 28.0418910980225 27.4091739654541 26.4259147644043 26.2401008605957 26.5099658966064 25.5694179534912 25.8416175842285 27.8627510070801 27.5893039703369 28.2826290130615 27.4029293060303 27.4668407440186 26.299674987793 26.1599254608154 26.1096801757812 26.1483898162842 26.2185401916504 26.5763778686523 25.8952960968018 26.5248527526855 27.7258739471436 27.0733051300049 26.7221755981445 26.8076362609863 26.6319332122803 27.1421813964844 26.340799331665 26.3127422332764 26.182918548584 25.6131362915039 25.5529632568359 24.5217456817627 24.457971572876 23.9857807159424 19.8871288299561 19.7947158813477 19.4995422363281 22.7264842987061 18.9051818847656 18.1226139068604 18.1674785614014 18.0715637207031
28.2357158660889 27.624080657959 28.3607711791992 27.309154510498 28.0350914001465 26.8073482513428 26.7032814025879 26.0515880584717 26.4921245574951 25.6035175323486 25.6360855102539 25.2647838592529 27.1082324981689 27.9652118682861 27.9233417510986 27.2093944549561 26.083288192749 26.1908493041992 26.0979537963867 25.4209804534912 25.7548522949219 27.1219730377197 26.1751480102539 26.5019989013672 26.5397911071777 27.008695602417 26.8405151367188 26.6490306854248 26.8264350891113 27.4722995758057 26.5142841339111 26.1149196624756 25.7317199707031 26.4721450805664 26.1069393157959 25.7277793884277 25.080659866333 23.8702697753906 23.2943515777588 23.2020244598389 22.6271896362305 22.6947860717773 21.9893741607666 18.2374839782715 18.1333255767822 18.1335716247559
