inst/extdata/Tmax/Tmax81.asc
NCOLS 100 
NROWS 79 
XLLCORNER 148.06 
YLLCORNER -21.49 
CELLSIZE 0.01 
NODATA_value -3.4e+38 
[rows 40 to 59 of 79, columns 0 to 45 of 100]
37.384868621826200 37.1308937072754 37.1469345092773 37.1701736450195 37.0528564453125 37.1504516601562 37.0965194702148 36.9049453735352 36.4592208862305 36.851375579834 37.4275360107422 37.7069511413574 37.7327651977539 37.7715492248535 37.8227920532227 37.6260108947754 37.3766288757324 37.0377426147461 36.4935035705566 36.9430541992188 36.9256591796875 36.8122978210449 36.7453804016113 36.3649063110352 35.509880065918 34.8859519958496 34.6927604675293 34.763111114502 34.8643989562988 34.2494468688965 33.6263809204102 34.0175399780273 35.2082633972168 34.9424858093262 34.6884422302246 34.9879913330078 34.888500213623 34.5735282897949 34.3552474975586 33.9191093444824 33.8689956665039 33.044319152832 32.4812088012695 32.4649124145508 32.2120895385742 32.0502471923828
37.5333099365234 37.1699752807617 37.0425262451172 37.1328926086426 37.0327110290527 37.1021308898926 37.0986175537109 36.9939422607422 36.7564544677734 36.8637771606445 37.1692848205566 37.479118347168 37.6796836853027 37.8223609924316 37.8542137145996 37.7129249572754 37.4354629516602 36.9576721191406 36.6391639709473 36.7656478881836 36.7782325744629 36.5475654602051 36.7035293579102 36.4347801208496 35.8032913208008 35.3237800598145 34.7330894470215 34.6382713317871 34.8289451599121 34.4062881469727 33.9930305480957 34.5798492431641 35.2097091674805 34.4915313720703 33.795955657959 34.5074577331543 34.5343704223633 34.7211494445801 34.6747207641602 34.4453544616699 34.321704864502 33.6309547424316 32.2933769226074 32.169132232666 32.227970123291 32.1793403625488
37.4275016784668 37.3795776367188 37.1696853637695 37.0529823303223 37.103832244873 37.1181869506836 37.0874328613281 37.0459098815918 37.0078659057617 36.957160949707 36.9963531494141 37.4239692687988 37.7063751220703 37.8281593322754 37.8329811096191 37.7828140258789 37.5740051269531 37.2628059387207 37.0458335876465 36.992790222168 36.903938293457 36.2901954650879 36.214656829834 36.4121551513672 36.4263763427734 36.0064010620117 35.1845397949219 34.8540458679199 34.770393371582 34.5480842590332 33.6858367919922 34.6894607543945 34.7310981750488 33.7035713195801 32.9209022521973 33.7693138122559 33.7544479370117 34.3565673828125 34.5007743835449 34.207275390625 33.9774856567383 34.0169258117676 33.4318351745605 33.2149085998535 33.5967979431152 34.5123481750488
37.1162376403809 37.2038383483887 37.1759910583496 37.1656112670898 37.1867752075195 37.1737899780273 37.1320648193359 37.0780181884766 37.122241973877 37.0880737304688 37.0894088745117 37.4524269104004 37.6687507629395 37.7998390197754 37.8110427856445 37.8173332214355 37.7198143005371 37.5079154968262 37.2446136474609 37.2699432373047 37.1004028320312 36.8496856689453 36.2123985290527 35.873119354248 36.4861106872559 36.2793655395508 35.8943557739258 35.4243812561035 35.0983963012695 34.9228591918945 34.1588325500488 34.0637016296387 34.7151565551758 34.2281036376953 33.609317779541 33.1621170043945 33.2298965454102 33.4532852172852 33.657829284668 33.4240951538086 32.9829368591309 33.6557006835938 33.2204666137695 34.0974082946777 35.7127227783203 36.2412719726562
36.8559837341309 37.0289268493652 36.994743347168 36.9893608093262 37.1538162231445 37.2521438598633 37.2674980163574 37.2098121643066 37.2586975097656 37.2939796447754 37.4404563903809 37.5525588989258 37.6612854003906 37.744457244873 37.7912635803223 37.830509185791 37.7972106933594 37.6480865478516 37.4974975585938 37.4439086914062 37.315486907959 37.1702346801758 36.8845672607422 36.6785621643066 36.5044250488281 36.0668640136719 36.2957229614258 36.1619033813477 35.8509864807129 35.2006683349609 34.6165771484375 34.5944480895996 34.88134765625 35.0240211486816 34.7354431152344 33.6234588623047 32.3585662841797 32.3145217895508 32.4038887023926 32.7087669372559 32.5832748413086 33.0941848754883 32.6257514953613 33.3986396789551 35.034351348877 36.2701148986816
36.8828392028809 36.9424018859863 36.783634185791 36.6756553649902 36.8596878051758 37.0572700500488 37.2610130310059 37.3634757995605 37.4179267883301 37.4947166442871 37.5503883361816 37.469165802002 37.258358001709 37.5896301269531 37.785945892334 37.8202590942383 37.8140830993652 37.7346954345703 37.6430969238281 37.5744132995605 37.4816627502441 37.3696327209473 37.3077812194824 36.7414894104004 36.4098014831543 36.3279571533203 36.3975944519043 36.2204246520996 36.0343589782715 35.5458450317383 34.3681945800781 34.5460929870605 34.8231658935547 34.8708038330078 34.9504203796387 34.0976409912109 32.8654670715332 32.6289672851562 32.6494140625 33.0495223999023 32.4806442260742 32.8118133544922 33.1628341674805 33.4401397705078 34.2458038330078 35.3082504272461
36.7614059448242 36.7358932495117 36.7282295227051 36.6538505554199 36.5561141967773 36.6039123535156 37.0561637878418 37.1652603149414 37.2705116271973 37.2805023193359 37.4724311828613 37.5555839538574 37.3222808837891 37.5477828979492 37.7422981262207 37.802791595459 37.8038749694824 37.7250862121582 37.6780815124512 37.6304969787598 37.5516891479492 37.4740676879883 37.3709716796875 36.929515838623 36.1621704101562 36.2527198791504 36.4069023132324 36.1783790588379 36.1190643310547 35.970458984375 35.2175445556641 34.8996696472168 34.5554046630859 34.7864761352539 34.9013557434082 34.4489288330078 33.4415473937988 33.6947402954102 33.1848983764648 33.8319053649902 33.2960205078125 33.4351119995117 33.5228118896484 33.6104049682617 33.5907669067383 33.4016189575195
37.1860008239746 36.592456817627 36.5024566650391 36.447208404541 36.4169921875 36.5275497436523 36.8111686706543 36.7632026672363 36.9879760742188 37.0265350341797 37.0936813354492 37.1435623168945 37.3059120178223 37.5524978637695 37.7131805419922 37.8084716796875 37.7930450439453 37.6670722961426 37.494945526123 37.3963508605957 37.5036735534668 37.3226318359375 37.3263931274414 37.2546310424805 36.8286514282227 36.7266540527344 36.7334442138672 36.5292091369629 36.3617820739746 36.1442222595215 35.4962463378906 35.1422271728516 34.4671325683594 34.8219108581543 34.849681854248 34.6210823059082 34.2018127441406 34.3995590209961 34.139232635498 34.3526649475098 34.0948486328125 33.8946418762207 33.7368545532227 33.5836563110352 33.2518348693848 33.0202865600586
37.8155937194824 37.0906944274902 36.3751335144043 36.230640411377 36.3465690612793 36.5138206481934 36.4431800842285 36.4362144470215 36.7436370849609 37.010570526123 37.0700492858887 37.0438041687012 37.246753692627 37.5160446166992 37.7230758666992 37.7733879089355 37.7747268676758 37.6915168762207 37.5285110473633 37.3146286010742 37.3665237426758 37.3015174865723 37.2170448303223 37.3212471008301 37.2097854614258 37.0996360778809 36.8336753845215 36.629940032959 36.5348205566406 36.2530822753906 35.8784675598145 35.4336280822754 34.6161880493164 34.7478485107422 34.7076148986816 34.7506446838379 34.6434020996094 34.6045722961426 34.4842376708984 34.3000640869141 33.5430107116699 33.3779220581055 33.5399742126465 33.2868232727051 33.1484909057617 32.8122291564941
38.0531692504883 37.6006660461426 36.8132629394531 36.2723922729492 36.2539863586426 36.238899230957 36.2562713623047 36.571949005127 36.7851715087891 36.6821594238281 37.2431602478027 37.4408683776855 37.5295600891113 37.6109161376953 37.6890411376953 37.7538833618164 37.7538528442383 37.6861915588379 37.582275390625 37.4429817199707 37.3360214233398 37.2562980651855 37.0758209228516 37.0991020202637 37.2358436584473 37.207447052002 36.9986305236816 36.4845581054688 36.0140609741211 36.2462272644043 35.9556922912598 35.6545066833496 34.8917694091797 34.601261138916 34.3924751281738 34.6617660522461 34.7184829711914 34.6119155883789 34.5582885742188 34.2551040649414 33.5969429016113 33.2179679870605 33.3630332946777 33.0064086914062 32.9111862182617 32.8129081726074
38.0476684570312 37.8928298950195 37.4681434631348 36.8894386291504 36.3863563537598 36.0979881286621 36.2390937805176 36.5292549133301 36.5636100769043 36.8359870910645 37.3569984436035 37.5555648803711 37.6597023010254 37.7417335510254 37.7486267089844 37.7599449157715 37.6484451293945 37.6368980407715 37.6301727294922 37.5466804504395 37.4332809448242 37.2721252441406 37.0807266235352 36.9929084777832 37.0771446228027 37.0997085571289 37.1269683837891 36.8953018188477 36.6248931884766 36.4767227172852 35.96142578125 35.7938385009766 35.0040855407715 34.6099662780762 34.0231857299805 34.4492797851562 34.5526962280273 34.5307655334473 34.5625190734863 34.3762016296387 33.8782730102539 33.7113800048828 33.593994140625 33.3805656433105 33.0647811889648 32.886531829834
38.0187034606934 37.9891624450684 37.7449111938477 37.1325225830078 36.5864067077637 36.3168716430664 36.2683525085449 36.3399925231934 36.1037902832031 36.2412071228027 37.0248336791992 37.3789558410645 37.5309028625488 37.7046051025391 37.770378112793 37.7252731323242 37.6467514038086 37.6235771179199 37.5798759460449 37.5567207336426 37.4576759338379 37.344970703125 37.2373390197754 37.0384216308594 36.9186325073242 36.8488578796387 36.8054542541504 36.8855857849121 36.6677093505859 36.7588424682617 36.7633819580078 36.0266189575195 35.4636650085449 35.0345840454102 34.5617485046387 34.6682052612305 34.6095199584961 34.4323959350586 34.5473098754883 34.4403800964355 33.9665756225586 33.8062515258789 33.6743583679199 33.4877395629883 33.0165176391602 32.8253746032715
37.8731651306152 37.9421844482422 37.798095703125 36.9075164794922 36.1612548828125 36.1298446655273 36.2172698974609 36.0835113525391 35.8387565612793 35.957405090332 36.9730529785156 37.3894462585449 37.5759429931641 37.7315483093262 37.7302589416504 37.6752128601074 37.65673828125 37.5815467834473 37.5317268371582 37.5140113830566 37.5091857910156 37.440616607666 37.2831954956055 37.087589263916 36.87353515625 36.7146301269531 36.6814346313477 36.6147880554199 36.594051361084 36.4845085144043 36.640754699707 36.5048675537109 35.9766426086426 35.3976783752441 34.9778442382812 35.2716026306152 35.203125 34.7487182617188 34.5515289306641 34.5975685119629 34.4307556152344 34.1799774169922 33.8648796081543 33.6201286315918 33.290641784668 32.9169311523438
37.6858024597168 37.7481422424316 37.8323020935059 37.4375152587891 36.5131301879883 36.1875801086426 36.5053749084473 36.0348472595215 35.8823890686035 35.9528388977051 36.9313163757324 37.4670906066895 37.6490135192871 37.7209396362305 37.6468467712402 37.5509414672852 37.5380897521973 37.5382614135742 37.4964447021484 37.3890419006348 37.4190902709961 37.4568786621094 37.3158531188965 37.1652336120605 36.975658416748 36.8157844543457 36.4902763366699 36.2926750183105 35.9584579467773 36.2576065063477 36.0915412902832 36.5634956359863 36.5869102478027 36.2594985961914 35.7972640991211 35.8098335266113 35.4526214599609 35.1133728027344 34.8137359619141 35.1398048400879 34.7409248352051 34.4786491394043 34.3057975769043 34.1600456237793 33.8873710632324 33.7321395874023
37.5749969482422 37.5464019775391 37.697322845459 37.7025909423828 37.2981948852539 37.0756416320801 37.0128479003906 36.6820793151855 36.4869041442871 36.4893264770508 36.6557273864746 37.0087394714355 37.5796852111816 37.685848236084 37.5676879882812 37.4796028137207 37.4641990661621 37.4861145019531 37.4393577575684 37.3690719604492 37.3748970031738 37.4452323913574 37.3878974914551 37.2155494689941 37.1039352416992 36.9247589111328 36.6222763061523 36.4016952514648 36.0127105712891 36.2047233581543 35.6191291809082 35.9841232299805 36.1762199401855 36.1789970397949 36.2702713012695 36.1436767578125 35.8492431640625 35.7020034790039 35.2792778015137 34.8098793029785 34.7256126403809 34.7558746337891 34.5093460083008 34.3126602172852 34.289249420166 34.1381988525391
37.656307220459 37.6475830078125 37.6777839660645 37.6993103027344 37.5879783630371 37.0406761169434 37.0367393493652 37.0861701965332 36.8822631835938 36.8355865478516 37.052375793457 37.3586044311523 37.6306800842285 37.6803741455078 37.5824203491211 37.4111709594727 37.4510269165039 37.4252166748047 37.2405776977539 37.211181640625 37.3144912719727 37.3618354797363 37.3922920227051 37.2931327819824 37.1738166809082 37.0264663696289 36.8419303894043 36.5878639221191 36.4242172241211 36.267936706543 35.8735771179199 35.5280342102051 35.6334037780762 35.5843238830566 35.9660148620605 35.6830101013184 35.8997116088867 35.6704788208008 35.3320465087891 34.9427108764648 34.7153091430664 34.5071029663086 34.0455703735352 33.4966087341309 34.0009841918945 34.1537399291992
37.754524230957 37.7303161621094 37.6900062561035 37.6706924438477 37.5307006835938 36.8216133117676 36.6230239868164 37.0031242370605 36.8955307006836 36.602123260498 36.8529319763184 37.4240226745605 37.6423377990723 37.6566505432129 37.5707588195801 37.3985214233398 37.3840751647949 37.1860198974609 36.952709197998 37.0640258789062 37.3083457946777 37.2971496582031 37.3513565063477 37.328800201416 37.1714286804199 37.1015625 36.9342422485352 36.6612968444824 36.5689659118652 36.3540534973145 35.974536895752 35.3506393432617 35.0646324157715 35.177173614502 35.5709686279297 35.6783676147461 35.3238792419434 34.9954490661621 35.1548652648926 35.0754241943359 34.7520866394043 34.5285758972168 34.0225830078125 33.2680473327637 33.656867980957 33.973690032959
37.8112983703613 37.7727737426758 37.7164764404297 37.6807975769043 37.6385383605957 37.3321113586426 36.9203300476074 36.6953468322754 36.6920967102051 36.4924545288086 36.9105606079102 37.443229675293 37.6320037841797 37.6292610168457 37.5442085266113 37.3750534057617 37.2258605957031 37.0303955078125 36.9198265075684 37.1412086486816 37.2377166748047 37.2753715515137 37.2305107116699 37.3011054992676 37.2353286743164 37.1434173583984 36.9875869750977 36.7307624816895 36.6101875305176 36.422004699707 36.0424461364746 35.8411560058594 35.418815612793 35.2336196899414 35.1682510375977 35.2850875854492 35.5001907348633 35.3487815856934 35.0097007751465 34.8112258911133 34.6123809814453 34.4218826293945 34.1716842651367 33.8691329956055 33.2751388549805 33.521297454834
37.838062286377 37.7864685058594 37.7289352416992 37.7103729248047 37.6385612487793 37.4457359313965 37.1847343444824 36.6647796630859 36.5596542358398 36.7166938781738 37.115478515625 37.4648056030273 37.5870361328125 37.5695114135742 37.4467468261719 37.2931251525879 37.0313186645508 36.9420623779297 37.0263442993164 37.0400199890137 37.1527671813965 37.0865478515625 36.9189949035645 37.1214027404785 37.2582702636719 37.1409797668457 36.946662902832 36.7929954528809 36.6618957519531 36.5537414550781 36.3693237304688 36.1556167602539 35.8665008544922 35.8012084960938 35.4954528808594 35.1765060424805 35.2453804016113 35.2946128845215 35.0719833374023 34.9199104309082 34.777416229248 34.5550231933594 33.9822769165039 33.6206092834473 33.7193908691406 33.7198028564453
37.8479652404785 37.8490028381348 37.786003112793 37.7463607788086 37.6413154602051 37.5381889343262 37.4328422546387 37.1112174987793 36.692497253418 36.7682304382324 36.9024963378906 37.1503295898438 37.3865852355957 37.4160652160645 37.3539199829102 37.2231636047363 37.0395698547363 36.908618927002 36.8011741638184 36.8277702331543 37.0186042785645 37.007568359375 36.7868118286133 37.1141929626465 37.2773361206055 37.169261932373 37.0235977172852 36.8691864013672 36.7879104614258 36.6741790771484 36.5544509887695 36.3453369140625 36.0476303100586 36.2107772827148 36.078987121582 35.7331848144531 35.3137855529785 35.1973838806152 35.2872505187988 35.6327476501465 34.9538612365723 34.7012977600098 34.3156204223633 33.6867828369141 33.6073226928711 33.4820289611816
