inst/extdata/Tmax/Tmax7.asc
NCOLS 100 
NROWS 79 
XLLCORNER 148.06 
YLLCORNER -21.49 
CELLSIZE 0.01 
NODATA_value -3.4e+38 
[rows 40 to 59 of 79, columns 0 to 45 of 100]
29.456850051879901 29.0833206176758 29.9823608398438 30.6443748474121 29.8245277404785 29.7184257507324 29.7104339599609 29.6885757446289 28.91477394104 29.3488330841064 30.0571231842041 31.5848293304443 32.0794448852539 31.0836410522461 31.1792774200439 30.7092266082764 30.5564308166504 29.8338317871094 29.0990791320801 29.4335823059082 29.4310741424561 29.535493850708 29.5063819885254 29.4479503631592 27.6867694854736 27.7944030761719 27.0034160614014 27.0454788208008 27.41237449646 26.3016834259033 25.371166229248 24.3106708526611 26.119743347168 25.8995475769043 25.3621635437012 25.8325443267822 25.4166297912598 22.5788459777832 22.0773239135742 21.5892295837402 21.1873073577881 20.3129920959473 19.8015251159668 19.566915512085 19.3188724517822 21.145679473877
29.9304676055908 29.615213394165 29.72607421875 30.4422225952148 30.5665855407715 30.4531402587891 29.7381935119629 30.0770893096924 29.6845111846924 30.3187999725342 30.3833103179932 31.3122539520264 31.6441192626953 31.7108478546143 31.0095729827881 31.7162628173828 30.8752593994141 29.8206691741943 29.0740585327148 29.6523780822754 30.060754776001 30.2625865936279 29.7227630615234 28.7647686004639 26.7385807037354 26.1144008636475 26.6619167327881 26.8171863555908 27.1249103546143 26.6082077026367 25.5015239715576 25.4841423034668 25.9185638427734 26.4106884002686 23.4479541778564 24.5737342834473 24.0085391998291 22.5160121917725 22.4076271057129 23.9240112304688 23.7095985412598 21.3291015625 19.3871822357178 19.309440612793 19.3556098937988 19.7130165100098
29.9037933349609 29.8823223114014 30.1021728515625 30.1531944274902 30.0817337036133 29.9511070251465 29.9432029724121 30.3419971466064 30.0704326629639 30.2636337280273 30.6932029724121 31.492847442627 32.309814453125 31.7618637084961 31.8433837890625 31.3053283691406 31.1738929748535 30.9523258209229 30.1714687347412 30.1196403503418 30.4235248565674 29.5580730438232 29.5320930480957 28.8819389343262 29.0136966705322 28.3555393218994 26.179557800293 26.853099822998 26.8660488128662 26.3556346893311 24.8775596618652 24.9145946502686 23.8831462860107 23.8723583221436 22.7211627960205 23.0633201599121 20.9402046203613 21.9471607208252 22.3027267456055 21.7279148101807 22.4355087280273 21.5762748718262 21.74538230896 20.4415683746338 20.4190864562988 21.485725402832
29.0744285583496 29.6046257019043 30.0249176025391 30.1212863922119 30.389965057373 30.2127857208252 30.9504013061523 30.7244338989258 30.2443771362305 30.2075309753418 30.4033317565918 31.1233444213867 31.6874961853027 31.8790721893311 32.2778167724609 32.3365936279297 31.8636989593506 31.5946769714355 30.5795516967773 30.4419860839844 30.5077571868896 30.3367729187012 29.6667137145996 28.2739238739014 28.6060276031494 28.4813575744629 27.9988441467285 27.6602115631104 26.860143661499 27.076753616333 25.8945541381836 25.4951114654541 26.9103717803955 25.631685256958 25.9423084259033 19.9735355377197 20.5385856628418 20.6576271057129 20.8755912780762 20.5363941192627 20.2253532409668 20.9449272155762 20.5773315429688 21.5433158874512 23.4662857055664 25.8682174682617
28.7353515625 29.4132022857666 29.3496017456055 29.3614044189453 30.0344924926758 30.2184658050537 30.2870540618896 30.4901123046875 30.3393383026123 30.5789337158203 30.4114398956299 31.3098430633545 31.4183940887451 32.0750503540039 32.3809700012207 32.186824798584 31.7842578887939 31.9437026977539 31.7575721740723 31.5809116363525 30.9981441497803 30.8042659759521 29.9715766906738 30.4939517974854 29.7794647216797 28.5903282165527 28.6700248718262 27.9759006500244 28.2694492340088 27.3136234283447 27.0041389465332 26.5915679931641 27.1095104217529 28.9386825561523 28.8705387115479 20.7567577362061 19.5996646881104 19.6466522216797 19.7730121612549 20.274528503418 20.0587368011475 20.5037403106689 19.9390926361084 20.63844871521 22.4873390197754 25.820140838623
29.8736267089844 29.3046684265137 28.8326473236084 28.968563079834 29.6664447784424 29.6367301940918 29.9920921325684 30.437105178833 30.5743446350098 30.5271434783936 30.4031238555908 30.9100341796875 30.7401809692383 31.9212608337402 32.6027069091797 32.1459083557129 31.6439819335938 32.2235488891602 31.4416065216064 31.1668472290039 31.0742816925049 30.7223606109619 30.2007579803467 29.0068607330322 29.6484069824219 29.6067924499512 28.1153602600098 28.4889965057373 28.6258335113525 27.5034446716309 26.225658416748 26.1521701812744 27.2728214263916 27.3267040252686 29.4030933380127 25.8836402893066 20.3861465454102 19.646276473999 19.716833114624 20.4615478515625 19.7857360839844 20.1811676025391 20.6504554748535 20.6844882965088 21.9122753143311 22.8434944152832
28.5807285308838 29.049991607666 29.4985599517822 28.7572402954102 28.649829864502 29.1139316558838 29.8626613616943 30.0546092987061 30.1067581176758 29.9272937774658 30.5786285400391 30.7368583679199 29.8230018615723 30.5613307952881 32.0492515563965 30.9034805297852 30.9735794067383 32.0807914733887 31.8600482940674 30.5764007568359 30.7654094696045 30.4216690063477 30.4990558624268 30.7364273071289 27.9966335296631 28.4058418273926 28.4194965362549 28.5857067108154 28.7432537078857 28.8700675964355 27.1170063018799 26.59006690979 26.1720905303955 26.5162086486816 27.9979667663574 27.9016742706299 20.579740524292 20.7316780090332 20.6285781860352 21.2730445861816 20.5735301971436 20.471607208252 20.7106170654297 26.3700695037842 22.030855178833 21.0792026519775
29.8695964813232 28.688892364502 29.634578704834 28.537805557251 28.5406436920166 28.8018589019775 29.043514251709 28.9909267425537 28.918550491333 29.5956954956055 29.3816833496094 29.4783687591553 29.9044704437256 30.8273315429688 31.7569198608398 31.9536361694336 31.3648796081543 31.7887382507324 31.6256313323975 30.6388320922852 31.2829322814941 31.2018051147461 29.8762054443359 30.1152515411377 29.773868560791 30.5162296295166 30.103536605835 29.4443874359131 29.5259990692139 29.3768482208252 28.6407165527344 27.8641986846924 26.5252227783203 27.6115264892578 27.6269092559814 26.5556392669678 26.1898403167725 24.2138175964355 22.0338382720947 22.0599670410156 21.530797958374 21.4088020324707 21.4169540405273 21.2409782409668 20.5829257965088 20.3146953582764
31.3300170898438 29.3685245513916 28.1436862945557 27.823881149292 27.9568653106689 29.0357036590576 28.5593090057373 28.4537982940674 28.4015312194824 29.3095245361328 29.509391784668 29.329065322876 29.8647384643555 30.9967479705811 31.9072132110596 31.076473236084 31.1208248138428 30.7973003387451 31.3163509368896 30.2396278381348 30.4041156768799 31.3894119262695 31.1584758758545 30.8912105560303 30.2819423675537 29.7047939300537 30.6608085632324 31.2554187774658 30.6730976104736 29.5273246765137 28.5062713623047 28.5121250152588 27.5084953308105 27.3174571990967 27.3003368377686 27.3527679443359 27.6683921813965 27.5088233947754 27.620096206665 25.8845500946045 20.8220882415771 20.8752098083496 21.1437892913818 20.761474609375 20.7169132232666 20.3862628936768
31.5827789306641 30.5240879058838 29.5303153991699 27.7105960845947 27.6488704681396 27.7511291503906 28.3347129821777 28.4357757568359 28.4806976318359 29.9124412536621 30.8615341186523 30.3951740264893 30.0246429443359 30.2324180603027 30.4163646697998 30.5165309906006 31.0600261688232 31.2509136199951 30.8733100891113 31.5534381866455 30.3996295928955 30.9217700958252 31.2993946075439 31.1871910095215 30.7374153137207 31.2603721618652 29.6405010223389 30.6483249664307 30.0104732513428 29.39231300354 28.370153427124 28.8846168518066 26.866304397583 26.7891578674316 27.0100593566895 23.7129154205322 27.8148555755615 27.5272598266602 27.2130851745605 27.309700012207 25.8627700805664 20.7366352081299 20.4488506317139 22.7163372039795 22.6730918884277 23.2194232940674
31.9319000244141 31.0702152252197 30.5320720672607 28.0799942016602 28.0658111572266 27.6733875274658 27.8244438171387 28.4434242248535 28.3780727386475 29.6770439147949 30.9055442810059 30.773645401001 30.9384803771973 31.3487319946289 31.2021598815918 30.8312606811523 31.1310520172119 31.1490821838379 31.1913452148438 30.4030609130859 31.3573703765869 31.1570472717285 30.8640460968018 30.4108848571777 30.1624565124512 30.1747779846191 29.8003120422363 29.2129878997803 30.1181373596191 29.8780078887939 28.6759872436523 28.8499393463135 27.2459678649902 27.3848133087158 25.7262687683105 26.7736110687256 26.7371139526367 27.1894264221191 27.0480251312256 27.1171913146973 26.6322746276855 25.9090366363525 24.6570816040039 23.835075378418 22.4899139404297 22.376636505127
31.6866683959961 31.8624134063721 30.6997356414795 28.9121322631836 28.6368732452393 29.030216217041 28.4132385253906 27.9749088287354 27.3219547271729 28.280611038208 30.3731079101562 31.101993560791 31.3729763031006 30.62912940979 31.2328186035156 31.1795139312744 31.3424911499023 31.7128753662109 31.8593273162842 30.6775684356689 31.5427379608154 31.4457321166992 30.0611400604248 30.0654697418213 29.9159202575684 29.0417766571045 28.9302101135254 29.1409358978271 29.9330024719238 30.655797958374 30.4943885803223 28.2709102630615 27.8418979644775 26.8371601104736 26.4613628387451 25.9646053314209 26.0449962615967 26.7867527008057 26.777795791626 26.7858734130859 25.9928455352783 25.7167816162109 25.2397308349609 24.3583431243896 20.5534267425537 20.3753490447998
31.1032238006592 31.7339019775391 31.4250450134277 27.7771129608154 27.282470703125 28.1401100158691 28.0302753448486 28.2125835418701 27.347936630249 27.554630279541 29.3799571990967 29.1560840606689 30.080228805542 31.2281608581543 30.8652896881104 31.2936000823975 31.503231048584 31.7953338623047 31.6814918518066 31.5846939086914 31.5515041351318 31.3656368255615 31.202953338623 30.085412979126 30.9998168945312 30.6695613861084 29.2807292938232 29.3669185638428 29.4995212554932 30.2003154754639 30.2983283996582 28.9251670837402 27.8668804168701 27.1441078186035 27.0619583129883 27.8653831481934 26.035306930542 25.7059154510498 26.4153861999512 27.5301971435547 27.438756942749 26.7008991241455 26.5877418518066 25.761344909668 20.8501491546631 20.275915145874
31.3645992279053 30.8814277648926 30.845890045166 28.6040496826172 27.5196838378906 28.7625560760498 28.7429218292236 28.2163162231445 27.4364242553711 27.5655212402344 29.1770763397217 28.8011913299561 30.8701515197754 30.8818378448486 30.7684707641602 31.6191558837891 31.3111362457275 31.7288436889648 30.5272521972656 31.3648777008057 31.4901866912842 31.5908718109131 31.4103088378906 30.5884799957275 29.9395446777344 30.1408081054688 30.1071472167969 29.5369815826416 29.0162677764893 29.4225273132324 29.7962379455566 30.2256088256836 30.2610340118408 29.4058799743652 28.3362598419189 28.9538993835449 27.5481395721436 26.6335697174072 25.3186550140381 26.8060646057129 27.7739276885986 27.9130039215088 27.3078842163086 27.0589733123779 24.4908866882324 24.0258007049561
31.0615501403809 30.2401390075684 30.5017337799072 29.6096115112305 29.0459403991699 28.8027076721191 29.3438301086426 28.8876132965088 29.1923179626465 28.2687568664551 28.3058605194092 29.2005729675293 29.5539016723633 30.5334911346436 31.2919254302979 31.4741859436035 31.4168338775635 31.6316051483154 31.6152191162109 30.8098697662354 30.8495578765869 31.5377864837646 31.1231155395508 31.5962448120117 30.7885303497314 30.1088943481445 29.5483798980713 29.9295825958252 28.483814239502 29.6753845214844 29.2093830108643 28.8114051818848 29.873384475708 29.6340427398682 30.5663204193115 28.2221698760986 28.2830467224121 28.8814334869385 28.5025730133057 27.1361255645752 27.112377166748 26.3363971710205 25.5598030090332 24.7348499298096 24.8868618011475 21.7777900695801
31.159839630127 31.2093334197998 31.0872325897217 30.0578479766846 29.6977653503418 29.4926776885986 29.9299240112305 30.3487453460693 29.5358028411865 28.4083766937256 29.246301651001 30.677095413208 30.4688339233398 31.4697799682617 31.2651500701904 31.3664741516113 30.1363525390625 30.7650604248047 30.9044208526611 30.9525947570801 30.6267280578613 30.7370414733887 30.3914012908936 31.0212345123291 30.6715564727783 30.9223499298096 30.038459777832 30.3711585998535 29.2773265838623 29.705545425415 29.7683086395264 29.2293128967285 28.5945568084717 28.6102638244629 29.1747970581055 29.7780914306641 29.4865074157715 29.3314647674561 28.4966945648193 26.8268814086914 26.1787242889404 26.9435386657715 24.8331470489502 21.261043548584 21.7232112884521 21.5509185791016
30.6807231903076 31.100414276123 30.6785202026367 31.285270690918 30.1031246185303 28.7827911376953 29.4877376556396 30.2366485595703 29.8603668212891 29.1154880523682 29.0209922790527 30.9136180877686 31.3436069488525 30.2279682159424 30.872428894043 31.272029876709 30.0310497283936 30.4375553131104 30.7271480560303 29.8723087310791 30.1444835662842 30.4895915985107 30.7432918548584 30.639253616333 30.6688671112061 30.6019077301025 30.3913116455078 29.8616619110107 29.5557346343994 30.0265960693359 28.2936038970947 29.0032520294189 27.3543643951416 27.4500255584717 28.0079879760742 29.2055130004883 28.5177059173584 27.4082221984863 27.3845500946045 22.6422119140625 22.2425231933594 25.765739440918 24.4478626251221 20.8314151763916 21.3021945953369 21.5024280548096
31.1584205627441 31.481029510498 31.11083984375 30.9046859741211 30.4456844329834 30.676830291748 29.584529876709 29.5172519683838 29.9360084533691 29.8520755767822 28.5287418365479 29.9330558776855 31.347412109375 31.0792503356934 30.6689987182617 31.2021598815918 30.6377201080322 30.4137191772461 29.080041885376 30.3813705444336 30.7478866577148 30.8687915802002 30.0459842681885 30.5571002960205 31.2658367156982 30.5990505218506 30.4191741943359 29.9087028503418 29.9968070983887 30.4506435394287 29.7255325317383 29.5828552246094 29.3234767913818 28.7492523193359 27.6081256866455 27.7446250915527 28.7170848846436 27.9078598022461 26.6754341125488 22.4588203430176 22.3177909851074 26.4349231719971 21.8317718505859 21.5317153930664 20.9042186737061 21.079532623291
31.4009494781494 31.363094329834 31.4871997833252 31.1286087036133 31.0667629241943 30.4109172821045 29.3912982940674 29.1979675292969 29.4713153839111 28.5336799621582 28.8818397521973 31.0136585235596 30.7944316864014 31.5078964233398 30.6223430633545 30.6728191375732 29.4654655456543 29.3309497833252 29.3264999389648 29.3937702178955 29.5178184509277 29.8873119354248 29.1893005371094 29.8966770172119 31.1594829559326 30.5030632019043 30.1280269622803 30.2029609680176 30.0196571350098 30.5282573699951 29.7050094604492 29.6499843597412 29.4699974060059 28.9091663360596 28.7935581207275 27.7028255462646 27.6862907409668 27.2534732818604 23.1175651550293 23.0009937286377 22.6843910217285 25.86545753479 21.9286670684814 21.1350002288818 21.1817836761475 21.0850028991699
31.2084255218506 30.6187534332275 31.3651027679443 30.3262233734131 31.0495548248291 29.8197917938232 29.7159004211426 29.0108375549316 29.4531097412109 28.5675163269043 28.6139450073242 28.3275184631348 30.2519969940186 31.140308380127 31.1074047088623 30.3855953216553 29.2385635375977 29.3409194946289 29.2459392547607 28.6002349853516 29.0070114135742 30.3995018005371 29.4221076965332 29.8583221435547 29.9644966125488 30.4318828582764 30.2524185180664 30.0501728057861 30.2329711914062 30.8757038116455 29.9129219055176 29.4878463745117 29.0522518157959 29.862771987915 29.4890441894531 29.0434799194336 28.3124103546143 27.0964069366455 26.5708980560303 26.6000232696533 25.8545074462891 25.867000579834 25.0692405700684 21.2540168762207 21.1466522216797 21.142427444458
