inst/extdata/Tmax/Tmax116.asc
NCOLS 100 
NROWS 79 
XLLCORNER 148.06 
YLLCORNER -21.49 
CELLSIZE 0.01 
NODATA_value -3.4e+38 
[rows 20 to 39 of 79, columns 46 to 91 of 100]
38.664119720459 36.793083190918 37.0220375061035 38.526683807373 38.2516670227051 37.6367416381836 37.3373489379883 36.0710220336914 38.0462303161621 39.6025848388672 40.6840705871582 40.205005645752 40.1681365966797 40.7815017700195 40.4204254150391 40.1257781982422 40.3914756774902 40.932071685791 41.063117980957 41.0448303222656 40.9534111022949 40.8189582824707 41.070671081543 41.1236763000488 41.0476875305176 40.9312591552734 40.8019790649414 40.8013381958008 40.7367515563965 40.398998260498 40.419490814209 40.6400604248047 40.5207481384277 40.2466621398926 40.2099380493164 40.1250915527344 40.0041313171387 39.9597434997559 39.9139709472656 39.8668746948242 39.7578048706055 39.5117607116699 38.873706817627 38.6565322875977 38.794189453125 38.7488098144531
38.9953880310059 36.7868957519531 35.5253448486328 37.3831558227539 37.2397499084473 36.6429405212402 37.5785064697266 35.5367469787598 36.8887519836426 39.1112823486328 40.4317169189453 39.0444602966309 38.352897644043 40.2410049438477 39.0089416503906 38.6177864074707 39.5088958740234 40.8168563842773 40.8062858581543 41.1928520202637 41.2561416625977 41.2307739257812 41.010814666748 40.6597938537598 40.6281547546387 40.6592292785645 40.7875442504883 40.7324485778809 40.619987487793 40.5173950195312 40.7602996826172 40.7803230285645 40.7046852111816 40.3379821777344 40.3756942749023 40.2866096496582 40.1300277709961 40.1084938049316 40.0882301330566 40.0685729980469 39.879566192627 39.7055892944336 39.456657409668 39.2170295715332 39.0577926635742 39.0190505981445
39.6647796630859 39.1488151550293 37.110969543457 36.4120025634766 35.8982238769531 37.1308860778809 36.489559173584 36.7619934082031 36.102897644043 37.1195373535156 39.4986801147461 39.911563873291 38.3061714172363 38.7192649841309 38.3472328186035 38.9229125976562 40.0072555541992 40.4012184143066 39.0145988464355 40.2993278503418 41.0637817382812 41.1120834350586 40.4983749389648 39.6575813293457 40.2340965270996 40.1882743835449 40.737922668457 40.8942909240723 40.5818710327148 40.7562370300293 40.8831024169922 40.9023361206055 40.879020690918 40.783031463623 40.6476516723633 40.4338722229004 40.2325820922852 40.0844802856445 40.1335334777832 40.1919059753418 40.0266456604004 39.9135856628418 39.6184463500977 39.4709396362305 39.3241882324219 39.4284133911133
39.0089950561523 38.8343925476074 38.1651458740234 37.2997817993164 35.6893615722656 36.4861488342285 37.1922264099121 37.4086608886719 37.1380195617676 36.6470375061035 38.1026229858398 38.0751495361328 39.0221710205078 37.2483100891113 38.1421165466309 39.6984405517578 39.660758972168 40.0361099243164 38.6276893615723 40.7214775085449 41.4421310424805 41.3126602172852 40.3723564147949 39.000186920166 40.223518371582 40.3641891479492 40.4450149536133 40.8723602294922 41.0378265380859 41.0736770629883 41.0568656921387 41.0616912841797 41.0123100280762 40.8970947265625 40.7711486816406 40.5847244262695 40.1597175598145 39.806510925293 39.9224128723145 40.1456604003906 40.0719261169434 40.0863990783691 39.8137283325195 39.7656326293945 39.5137100219727 39.5177345275879
36.8979873657227 38.3552474975586 38.7456130981445 38.4840049743652 37.3637809753418 36.6648864746094 36.6700172424316 36.324275970459 37.3091659545898 36.7119789123535 36.7065849304199 36.1880760192871 38.2892951965332 39.1950416564941 38.3224258422852 39.4177284240723 40.2103309631348 40.7864036560059 40.4636917114258 41.4531173706055 41.4239273071289 41.2604484558105 40.5693244934082 39.7165794372559 40.4875907897949 40.7435455322266 40.4284248352051 40.5042877197266 40.5910987854004 41.0522041320801 40.8678398132324 41.1623344421387 41.0177307128906 40.9572830200195 40.8510475158691 40.4935722351074 40.3889923095703 39.8165512084961 39.5138168334961 39.9412384033203 40.0338172912598 40.1000480651855 39.9139862060547 39.9538726806641 39.9991569519043 39.8362159729004
35.280158996582 36.3933143615723 37.8784217834473 37.793025970459 36.8571929931641 36.0147018432617 35.5831298828125 34.9435844421387 36.2855224609375 36.9857177734375 36.3941650390625 36.6596794128418 38.2071838378906 40.2422981262207 39.7065925598145 39.7732772827148 39.926212310791 41.3071136474609 41.3871269226074 41.357795715332 41.3191871643066 40.9954872131348 39.737964630127 39.7808456420898 39.8737640380859 40.4911613464355 40.205509185791 39.5712203979492 40.1879196166992 41.1908874511719 41.1095314025879 41.203426361084 41.1435852050781 41.0954627990723 40.947093963623 40.7728271484375 40.7733726501465 40.1791954040527 39.6501998901367 39.9509048461914 39.6128997802734 39.7226829528809 39.4311447143555 40.0484199523926 40.0846252441406 39.9891815185547
35.1634254455566 34.9922218322754 35.8042411804199 36.5318717956543 37.3117332458496 34.7863311767578 34.4871788024902 35.4406700134277 36.0194931030273 36.8664665222168 36.8888092041016 37.3609085083008 39.278881072998 40.2249374389648 40.7255058288574 40.8763084411621 41.0054473876953 41.4915885925293 41.1206703186035 40.9399337768555 40.944149017334 40.4885406494141 40.6617774963379 40.9136734008789 40.9074249267578 40.283576965332 39.8462142944336 40.7363471984863 40.9726905822754 40.9185256958008 40.3492736816406 40.9800186157227 41.11279296875 41.1734848022461 41.1440620422363 41.0308456420898 40.7053985595703 40.3649520874023 40.4183807373047 40.1635856628418 40.0124816894531 39.4586906433105 39.9166793823242 40.1025543212891 39.9704170227051 39.7988395690918
35.3816452026367 34.8097343444824 35.1625823974609 35.4480400085449 36.074634552002 34.1612892150879 33.8440284729004 34.3263969421387 35.8132934570312 36.6742057800293 36.0841903686523 36.7509422302246 37.7801284790039 39.0634155273438 40.5563545227051 40.2019844055176 41.3001518249512 41.530101776123 40.8223991394043 40.0603561401367 40.6876792907715 40.8741989135742 41.1768112182617 41.3852348327637 41.4754447937012 41.0477600097656 41.0309410095215 41.3595962524414 41.4067230224609 40.7117156982422 40.2473945617676 40.7678604125977 40.8582534790039 41.2366333007812 41.2638893127441 41.1834564208984 41.0224533081055 40.7994956970215 40.3963890075684 39.6224708557129 39.3646926879883 39.224723815918 39.2444839477539 39.8645935058594 39.863639831543 40.1671028137207
36.4026489257812 35.9194183349609 36.7889823913574 36.6210594177246 36.1822547912598 34.5845794677734 35.4843139648438 35.1965675354004 35.556640625 36.2424583435059 35.9222793579102 36.2478218078613 36.4103393554688 38.8802261352539 40.1911010742188 39.4331245422363 40.9645195007324 41.2447166442871 40.9245796203613 39.7700729370117 40.0237655639648 41.1173133850098 41.4941940307617 41.6013641357422 41.6078834533691 41.4909553527832 41.491813659668 41.5868606567383 41.2090187072754 40.5028915405273 40.3414688110352 40.9798622131348 41.3641052246094 41.3840026855469 41.3612785339355 41.3132400512695 41.2515335083008 41.1039085388184 40.8505935668945 39.7314071655273 39.1236724853516 38.2938003540039 39.2365341186523 39.1888580322266 40.0169067382812 40.3009910583496
38.2531700134277 38.0904426574707 37.4357948303223 37.3768310546875 36.7888793945312 36.2276916503906 35.8996200561523 34.7667694091797 35.5126533508301 34.939826965332 34.3774757385254 35.9030876159668 36.3010406494141 38.4299087524414 39.4920959472656 38.6822128295898 39.4494705200195 40.2605018615723 40.8210983276367 40.6850967407227 40.202938079834 41.1711959838867 41.6159553527832 41.4126243591309 41.3749542236328 41.0488166809082 41.4375114440918 41.6574287414551 40.7543869018555 39.8920249938965 40.5256805419922 41.0705223083496 41.3913764953613 41.4530982971191 41.4509429931641 41.3729476928711 41.335075378418 41.2311782836914 41.0382995605469 40.6549377441406 39.964054107666 39.4438858032227 38.9852027893066 38.7605667114258 39.5846061706543 40.0023040771484
37.0154457092285 37.0307121276855 37.0764808654785 36.6775093078613 36.1364974975586 36.3962326049805 35.3808364868164 34.7957572937012 34.2098655700684 34.319149017334 33.6342697143555 34.699893951416 34.6990165710449 37.2579116821289 38.4187202453613 37.1066780090332 37.7301712036133 39.4468650817871 40.8146781921387 41.3571014404297 40.8535919189453 41.4478187561035 41.6362724304199 41.2354507446289 41.205623626709 41.3093757629395 41.7416915893555 41.7067070007324 41.1692886352539 40.5005798339844 40.841136932373 41.0989112854004 41.4947319030762 41.5039901733398 41.4451484680176 41.3894157409668 41.3702354431152 41.2828598022461 41.1980934143066 40.9850616455078 40.706111907959 40.146614074707 39.7393493652344 39.6655540466309 39.8470687866211 40.1921501159668
36.1880874633789 36.5028495788574 36.3842964172363 36.3436393737793 35.3186302185059 36.2393379211426 35.1428909301758 33.7062034606934 33.0201873779297 33.4748992919922 33.0913391113281 33.8846664428711 34.8039665222168 36.9613265991211 37.3254318237305 36.9053001403809 39.2809448242188 40.2957420349121 41.0559463500977 41.5235176086426 41.7705383300781 41.8140907287598 41.747386932373 41.6494064331055 41.4252090454102 41.6902389526367 41.8002510070801 41.6792144775391 41.2997550964355 40.6516990661621 40.7135734558105 41.2725563049316 41.4653816223145 41.0039291381836 41.3464736938477 41.4290390014648 41.3920288085938 41.341552734375 41.2749977111816 41.1429824829102 40.8227348327637 40.0564231872559 40.3569488525391 40.3649101257324 40.2421607971191 40.1275367736816
35.4135818481445 35.7745475769043 35.6018562316895 35.9268684387207 36.0397033691406 36.0456428527832 35.6234359741211 34.3380012512207 34.4562683105469 34.5829048156738 33.3984909057617 33.1740760803223 34.2860794067383 36.8939399719238 37.502082824707 38.0942840576172 38.1699447631836 39.107250213623 41.0544738769531 41.6347198486328 41.8014373779297 41.7455787658691 41.5888710021973 41.5316009521484 41.6731986999512 41.7318153381348 41.6975212097168 41.3049659729004 40.3527679443359 40.5210800170898 40.8234367370605 41.5924949645996 41.320384979248 40.7508735656738 41.4064674377441 41.3151588439941 41.3273239135742 41.3559951782227 41.2390594482422 40.9412002563477 40.3318290710449 39.0283508300781 38.7415351867676 39.7772979736328 40.1065788269043 40.3523979187012
36.2357482910156 35.6860389709473 35.5096817016602 35.7143936157227 35.8844032287598 35.7836608886719 35.2651786804199 34.8321075439453 35.5173377990723 34.718147277832 34.5572662353516 34.5522003173828 35.484188079834 36.8196144104004 37.0120124816895 37.8616981506348 38.9792022705078 40.2224998474121 41.1781425476074 41.5865592956543 41.8949928283691 41.8635368347168 41.3660202026367 41.0731811523438 41.2946586608887 41.1381950378418 41.2343673706055 41.3914337158203 41.2744522094727 41.2494735717773 41.5271415710449 41.7768173217773 41.1618919372559 41.0652275085449 41.6100006103516 41.0961036682129 41.2083549499512 41.1469535827637 41.1968269348145 40.8848762512207 39.4250030517578 38.6427116394043 38.0043487548828 39.8218460083008 40.3511276245117 40.1414375305176
36.7474784851074 35.3491325378418 35.3038902282715 35.4454727172852 35.6179008483887 35.457893371582 35.492244720459 36.1485214233398 35.7377548217773 34.855094909668 36.1797294616699 36.725269317627 36.9502830505371 36.2297325134277 36.265811920166 37.4892692565918 38.9540672302246 40.4101905822754 40.5090751647949 41.3353958129883 41.7747764587402 41.7892799377441 41.3108291625977 41.0631332397461 40.2442474365234 40.8120803833008 41.3271255493164 41.4710884094238 41.6937484741211 41.6951179504395 41.8411331176758 41.7764091491699 41.7335014343262 41.7490272521973 41.6919441223145 41.425968170166 40.481086730957 41.0576782226562 41.2217597961426 41.1528549194336 41.075813293457 39.8086929321289 39.6285858154297 40.8998641967773 41.1380195617676 41.0743446350098
36.8259658813477 35.6694679260254 35.2792282104492 35.2035865783691 35.4606056213379 35.243724822998 36.0464324951172 37.977653503418 36.9672164916992 36.1728744506836 38.3482627868652 39.1285858154297 38.6985855102539 36.4194297790527 36.9055633544922 37.0334815979004 39.2610740661621 39.3384056091309 39.1998825073242 40.2003593444824 41.3781394958496 41.6064224243164 41.2757987976074 41.2652168273926 41.1306648254395 40.7730484008789 40.8453788757324 40.9897804260254 41.6715316772461 41.6304092407227 41.6874961853027 41.4935302734375 41.6809349060059 41.8113784790039 41.5158538818359 41.4658317565918 40.7905654907227 40.900203704834 41.1495628356934 40.9724731445312 41.3399658203125 41.3217620849609 41.2082748413086 41.2280731201172 41.3109092712402 41.1566390991211
36.5069847106934 35.7485771179199 35.5112228393555 35.7351531982422 35.6679992675781 35.7799453735352 36.2905502319336 38.7860832214355 39.0078773498535 37.4655609130859 39.7355613708496 40.7885284423828 40.0014915466309 38.6331520080566 38.55517578125 39.2405166625977 39.995735168457 40.5015411376953 40.8419036865234 41.161750793457 41.368537902832 41.094783782959 39.6761894226074 39.9826278686523 40.5439491271973 40.1342544555664 40.3583602905273 41.2324371337891 41.6047058105469 41.7992973327637 40.6997451782227 40.6737442016602 41.4865913391113 41.7654571533203 41.2807731628418 41.2785606384277 40.4675559997559 40.9739379882812 41.1575164794922 40.9983673095703 41.4161949157715 41.4783668518066 41.4827003479004 41.4612503051758 41.3891334533691 41.0555992126465
36.5493278503418 36.0863761901855 36.045238494873 36.2341690063477 36.4704780578613 36.6337585449219 37.5982284545898 39.6053237915039 39.4797744750977 38.9417724609375 40.5214881896973 41.7187919616699 40.8426895141602 39.5905342102051 38.9865875244141 40.8728256225586 41.2550811767578 41.4719505310059 41.6794662475586 41.7026901245117 41.254020690918 40.9787788391113 41.0884971618652 40.5083503723145 40.8575553894043 41.3266105651855 41.5404968261719 41.6138496398926 41.8168716430664 41.7403450012207 40.0619621276855 40.8066902160645 41.6442031860352 41.5544395446777 41.1136665344238 41.0432968139648 40.8695030212402 41.3620300292969 41.3744659423828 41.3665199279785 41.3081855773926 41.4496269226074 41.4793472290039 41.4721298217773 41.3846664428711 41.3078422546387
36.5197830200195 36.1829872131348 36.8351020812988 37.7377014160156 37.8798599243164 38.4279479980469 39.6901473999023 40.3882331848145 39.7168731689453 40.1545944213867 41.6979560852051 42.2299880981445 41.6540679931641 40.5555114746094 39.7201805114746 40.8649406433105 40.8634185791016 41.1799430847168 41.9466514587402 42.1478157043457 41.8198661804199 41.46826171875 41.8132743835449 41.6127319335938 41.4741554260254 41.9332237243652 41.824893951416 41.7369194030762 41.9891891479492 41.7569847106934 41.1033897399902 41.5732688903809 41.7367210388184 41.4201316833496 40.4539413452148 40.3855209350586 40.709300994873 41.4248657226562 41.121150970459 41.0857925415039 41.0782775878906 41.3497657775879 41.3160362243652 41.3609619140625 41.2045478820801 41.3049240112305
36.5920104980469 36.8233833312988 38.1748657226562 39.0535774230957 39.8666076660156 40.9288597106934 41.6315803527832 40.876335144043 38.7268714904785 39.4549980163574 41.136833190918 42.2940826416016 41.8456077575684 41.4893226623535 40.5171890258789 41.5640335083008 41.7210922241211 41.0692443847656 41.8846893310547 42.2355728149414 42.1599082946777 41.7113037109375 42.0515937805176 42.1514129638672 41.9902114868164 42.0602569580078 41.867000579834 41.0830955505371 41.9005241394043 42.0323219299316 41.9199905395508 41.7994728088379 41.469352722168 41.1132316589355 40.2304878234863 40.2637062072754 41.031810760498 40.9535522460938 40.7951812744141 40.5913848876953 40.7129745483398 41.0070495605469 40.798210144043 41.1430931091309 40.6697731018066 41.0294609069824
