inst/extdata/Tmax/Tmax10.asc
NCOLS 100 
NROWS 79 
XLLCORNER 148.06 
YLLCORNER -21.49 
CELLSIZE 0.01 
NODATA_value -3.4e+38 
[rows 20 to 39 of 79, columns 46 to 91 of 100]
26.9676494598389 25.0755157470703 24.7596569061279 26.1510562896729 25.7953033447266 25.3798122406006 24.2946834564209 23.1589794158936 25.5650177001953 27.327507019043 28.0038146972656 28.3161945343018 28.1835441589355 28.8642196655273 27.7786960601807 28.2788181304932 28.458683013916 28.8858909606934 30.0897083282471 29.8863334655762 31.6885528564453 33.8184280395508 34.8447761535645 34.4756774902344 32.9507904052734 33.303394317627 34.0066070556641 32.4496459960938 31.468864440918 32.3512306213379 31.5198726654053 32.1790542602539 32.5461502075195 33.405891418457 33.0732612609863 31.5978164672852 30.9596996307373 30.7811679840088 32.1614723205566 33.4755668640137 32.4729881286621 32.9326286315918 32.048511505127 31.5983791351318 31.6627902984619 32.3672370910645
29.5063953399658 24.1824817657471 23.5904159545898 25.0038433074951 24.7387008666992 23.9888515472412 25.0207386016846 23.3967247009277 24.4304275512695 26.851095199585 29.0255451202393 26.5318260192871 25.9321136474609 28.1583824157715 26.5824108123779 26.5572528839111 27.4122276306152 28.9896850585938 28.7689762115479 29.3715629577637 31.9041194915771 34.2303009033203 28.9542102813721 28.7740039825439 32.1240234375 33.725715637207 34.8763656616211 31.3462924957275 32.1801452636719 31.0374298095703 31.3407516479492 31.2605075836182 31.8111343383789 31.2674369812012 32.75634765625 32.4998207092285 32.3592262268066 32.5414924621582 31.6686344146729 34.8110656738281 33.505012512207 32.1997299194336 30.9538459777832 30.2019519805908 29.4602966308594 29.6953601837158
30.5712184906006 26.5069122314453 24.8898048400879 24.5287227630615 23.6301193237305 24.7553482055664 23.9949626922607 24.5826778411865 23.8124256134033 24.7527008056641 27.1776371002197 27.5754642486572 26.3137855529785 26.3308982849121 26.152099609375 26.8019409179688 27.6997413635254 28.2273979187012 26.9936275482178 28.2301158905029 33.8883094787598 32.0828399658203 28.6385841369629 27.7801685333252 28.3204669952393 28.4518489837646 31.4865169525146 34.0541725158691 30.7846450805664 33.5649108886719 34.4621200561523 35.7672996520996 32.8938789367676 31.7504005432129 32.6327209472656 33.0849456787109 34.397274017334 33.9844131469727 35.2149963378906 33.3460083007812 32.2898712158203 33.0918121337891 32.2871322631836 32.3514518737793 28.4365863800049 28.5411777496338
30.4194774627686 26.2723979949951 25.9726028442383 24.7973117828369 22.6927814483643 24.2370338439941 25.0968933105469 24.5234107971191 24.4490394592285 24.6157493591309 25.8631916046143 25.2523784637451 26.4156875610352 25.3760852813721 29.7946929931641 31.3172569274902 27.226936340332 27.6394233703613 26.6258506774902 28.1453495025635 32.6403160095215 31.2019538879395 29.7724494934082 27.0346488952637 27.9007606506348 28.5281867980957 28.7655811309814 32.841236114502 32.2700653076172 30.7105121612549 31.9590358734131 32.1476516723633 32.6078987121582 32.1633148193359 32.073844909668 32.2164840698242 33.0828742980957 34.2161445617676 34.4683570861816 34.3722648620605 33.9106407165527 33.3918609619141 31.9517612457275 32.1719932556152 30.5364570617676 27.9784984588623
28.7451820373535 29.2322063446045 29.4143581390381 26.0060520172119 25.5476226806641 24.6461219787598 24.2468433380127 24.2781276702881 25.1228542327881 24.4275188446045 24.7426166534424 24.1895484924316 26.1183204650879 33.0423774719238 25.9952812194824 27.2085800170898 28.1218395233154 28.4448738098145 27.9879760742188 29.4868679046631 32.1641464233398 31.9008045196533 28.9645442962646 28.0185070037842 28.229549407959 28.8656539916992 28.5092449188232 28.6223640441895 28.5574169158936 32.4360427856445 34.1098327636719 33.4193954467773 32.0289306640625 32.6873168945312 31.3368110656738 30.8744640350342 33.4348068237305 28.4649219512939 33.1616821289062 34.2144622802734 34.4756164550781 32.4623374938965 34.5130424499512 33.429874420166 32.032958984375 29.8748645782471
23.4618721008301 24.5693283081055 25.6181221008301 25.5421810150146 24.7811412811279 23.7811050415039 23.33766746521 22.8582782745361 24.2515754699707 24.8288326263428 24.430871963501 24.4497814178467 26.2892932891846 27.8231925964355 27.6917972564697 27.7096328735352 27.8373508453369 31.0687847137451 32.3896636962891 29.4954528808594 29.4064102172852 29.3283233642578 27.8092136383057 27.624813079834 27.8565826416016 28.6166496276855 28.6416053771973 27.8958225250244 31.3609142303467 29.5920734405518 34.1028327941895 33.1690368652344 34.2299880981445 31.4214973449707 32.086784362793 30.8792686462402 32.5029716491699 30.5535831451416 30.6742248535156 34.2139549255371 30.3772563934326 28.0919456481934 27.8574714660645 32.6976928710938 33.2579078674316 30.6995334625244
23.2419109344482 23.2653369903564 23.9369068145752 24.5286750793457 24.9515247344971 22.4504508972168 22.1192760467529 23.0947818756104 23.8055877685547 24.6461277008057 24.8505516052246 25.4993648529053 27.3717365264893 28.3844203948975 28.4825420379639 28.7303314208984 30.1658306121826 30.3727684020996 30.3732414245605 29.2590408325195 29.0088558197021 30.1967906951904 30.3934020996094 30.0958938598633 32.8406524658203 28.3506240844727 30.8404693603516 30.5410633087158 29.1723556518555 28.5570011138916 28.0254020690918 35.6306762695312 30.9315624237061 31.5676918029785 33.1355171203613 32.1170768737793 32.6742630004883 31.506160736084 28.7945404052734 29.0676727294922 34.0008506774902 32.5168838500977 28.8910522460938 28.4857978820801 32.5171508789062 31.6824035644531
23.7654762268066 23.0703754425049 23.34596824646 23.5307083129883 24.1442337036133 22.0284461975098 21.7173233032227 21.8762950897217 23.6187191009521 24.6319999694824 24.072826385498 24.3625030517578 25.9298934936523 27.0777740478516 28.5253944396973 28.1059608459473 28.9354248046875 30.4621925354004 29.1726036071777 28.0681133270264 29.0694923400879 30.2869510650635 32.2365798950195 34.7990875244141 34.3475799560547 34.188663482666 30.287878036499 31.3143424987793 29.5766277313232 28.7101993560791 28.5502281188965 33.8209991455078 32.1178092956543 30.82301902771 31.5772247314453 31.6550407409668 31.6612548828125 32.3690719604492 29.1543979644775 27.9571170806885 27.6589851379395 27.2605724334717 31.4119415283203 27.9761943817139 28.8834533691406 30.8059482574463
24.7397308349609 23.9920883178711 24.2869491577148 23.7775459289551 23.8244552612305 22.218376159668 23.5229244232178 23.0928993225098 23.5136604309082 23.811559677124 23.8916645050049 24.2296123504639 24.3116302490234 26.3265647888184 27.8269824981689 27.4316387176514 28.9145908355713 29.9132423400879 29.130069732666 27.8368034362793 28.111873626709 32.1767730712891 33.0880889892578 34.8535346984863 34.4143714904785 35.4237670898438 31.7413501739502 34.0745735168457 31.4570140838623 28.4400253295898 28.558614730835 32.6758499145508 32.7653198242188 32.4681854248047 30.5782146453857 31.3493537902832 32.5990028381348 32.6416511535645 34.5982513427734 31.4499835968018 33.5775337219238 32.1991233825684 27.3882446289062 27.905445098877 33.2244071960449 32.1585655212402
25.9135704040527 25.8322887420654 25.1408596038818 25.2474346160889 24.396951675415 24.0131645202637 23.9645442962646 22.7089920043945 23.3591709136963 23.101598739624 22.2901878356934 23.7457523345947 24.0770435333252 26.2502994537354 27.0301380157471 25.9733085632324 27.4739532470703 28.1121520996094 28.2491016387939 28.5250682830811 28.3842353820801 30.0893497467041 30.7137451171875 33.0540390014648 35.2140922546387 33.2340888977051 33.2408866882324 31.6436424255371 31.8818492889404 28.2488613128662 28.5155467987061 31.1899757385254 32.1764106750488 30.7905559539795 32.3438682556152 30.4202194213867 32.4705963134766 31.1258354187012 33.2316665649414 29.508544921875 28.4043140411377 27.8729419708252 29.8823261260986 27.141960144043 28.8266353607178 30.3449935913086
24.5322856903076 24.3684387207031 24.6106204986572 24.3860321044922 24.2134704589844 24.3108234405518 22.9248275756836 22.8335285186768 22.118932723999 22.6747150421143 21.5767574310303 23.2524471282959 22.7810440063477 24.8877944946289 26.0534343719482 24.7841911315918 25.2248058319092 27.4478359222412 28.5090141296387 30.084379196167 29.1857242584229 29.7472229003906 30.8168449401855 31.3815937042236 31.4989147186279 32.0296974182129 32.829963684082 34.1112480163574 34.2013664245605 32.7931213378906 30.4065418243408 31.6383399963379 32.6802978515625 32.1298065185547 34.2487564086914 35.0727310180664 31.9585380554199 30.768346786499 30.9640789031982 31.7747383117676 31.1006736755371 30.2324619293213 28.0162811279297 32.539436340332 33.069766998291 29.9963779449463
23.5940113067627 24.2474670410156 24.4013481140137 24.3200721740723 23.3221416473389 24.3433036804199 23.0709495544434 21.7945785522461 21.0561428070068 21.0327987670898 21.0873222351074 21.7780170440674 29.2945537567139 25.0944499969482 24.911434173584 24.695951461792 26.9442577362061 28.0665645599365 28.7428398132324 29.3416309356689 32.4653091430664 31.2366676330566 31.6381282806396 31.1615352630615 31.7924003601074 33.1869010925293 35.3452491760254 32.9810371398926 33.635612487793 30.5616703033447 28.7944412231445 31.9252109527588 32.1477546691895 30.8025436401367 33.3703193664551 35.2080230712891 34.1464614868164 30.9921398162842 31.567024230957 34.0412178039551 29.5715274810791 28.7730541229248 30.5543766021729 30.0675926208496 32.4183921813965 31.9228382110596
23.3581142425537 23.8192005157471 23.7824935913086 24.1313552856445 24.1535587310791 24.0863056182861 23.8989925384521 22.58766746521 22.2416820526123 22.3199596405029 21.1978645324707 21.2392749786377 22.3603897094727 24.8064022064209 24.8981666564941 25.9428958892822 26.3798789978027 27.0286102294922 28.5896701812744 29.2488136291504 30.7381000518799 30.6872100830078 30.7267169952393 30.4866180419922 31.3439083099365 33.3024711608887 35.2068519592285 31.8990669250488 28.5931720733643 28.6860580444336 28.8367118835449 32.7900772094727 34.2997779846191 30.8199806213379 33.3222503662109 34.9850883483887 31.2558536529541 31.2342758178711 32.4261741638184 33.3559989929199 33.64404296875 33.0795936584473 26.8030624389648 27.806568145752 27.8222026824951 28.1244468688965
23.7538204193115 23.0068244934082 23.2264251708984 23.8884315490723 24.0449047088623 23.9693603515625 23.5092658996582 22.9761524200439 23.5360622406006 22.9717407226562 22.6210079193115 22.5066776275635 23.7666435241699 24.5528373718262 24.3905868530273 25.9741897583008 26.8999347686768 27.7519626617432 28.6012878417969 28.8974494934082 31.7803058624268 34.5986366271973 35.9276962280273 29.3975601196289 29.4150257110596 29.4482536315918 29.2175178527832 31.8454208374023 30.8856372833252 32.4963874816895 31.889949798584 32.3912391662598 31.3368949890137 33.1922225952148 33.5922546386719 29.1813926696777 32.4037818908691 32.17626953125 33.8366470336914 33.8987045288086 30.9006595611572 32.0476226806641 31.3159294128418 30.0473136901855 30.1662731170654 29.6462078094482
24.8858699798584 23.4006500244141 23.2710514068604 22.9401226043701 23.748441696167 23.6311130523682 23.6132183074951 24.4121360778809 23.9439220428467 22.9988059997559 23.7993278503418 24.3671550750732 24.8929290771484 23.6814651489258 24.087215423584 25.4121971130371 27.2133445739746 28.452465057373 27.8930931091309 29.1253814697266 31.2449741363525 34.1784744262695 34.8082504272461 29.3612976074219 28.507453918457 28.8877849578857 29.4976997375488 29.6058673858643 31.2307376861572 31.4777755737305 34.2374229431152 35.5896873474121 36.171630859375 33.8041038513184 34.7130928039551 31.4025230407715 32.3996200561523 32.7371673583984 31.9607276916504 32.9853019714355 33.6572151184082 30.9409809112549 28.5133094787598 31.28981590271 30.909818649292 31.7388343811035
24.6208648681641 23.6144123077393 23.3066387176514 23.3348712921143 23.6009140014648 23.4691963195801 24.1766948699951 25.619010925293 30.7844772338867 23.4346084594727 25.929988861084 26.6165657043457 26.5371704101562 23.9613437652588 24.8227138519287 24.9830436706543 26.6736526489258 27.1389980316162 27.0685291290283 28.3196277618408 29.2480239868164 29.8772468566895 31.6545352935791 34.7805061340332 29.7643127441406 29.1121139526367 28.5907764434814 28.7851161956787 31.9190864562988 36.1901321411133 32.4238090515137 29.5652351379395 35.3380661010742 33.4729270935059 33.1680870056152 29.8788242340088 31.8552532196045 31.1493377685547 34.8019371032715 34.4141998291016 32.579647064209 32.6236152648926 32.0837669372559 32.1820602416992 32.2600555419922 33.6041450500488
23.9822826385498 23.6483535766602 23.3939723968506 23.759220123291 23.8342323303223 24.0432682037354 24.3165626525879 26.5541076660156 26.6566295623779 24.9125328063965 27.5652332305908 28.3283081054688 27.8556118011475 26.1943397521973 26.3150577545166 27.0681838989258 27.7241344451904 28.4500503540039 28.7777156829834 29.0430431365967 29.3605995178223 29.7381629943848 27.7390213012695 27.9046688079834 28.5309009552002 28.0217342376709 28.4608001708984 34.2794723510742 32.0123023986816 35.7053031921387 28.8874263763428 28.263650894165 29.0707492828369 32.7945175170898 33.4217491149902 32.239501953125 30.5880451202393 31.994873046875 31.7209930419922 32.6794738769531 33.9309349060059 34.796516418457 34.602970123291 34.3544960021973 33.144359588623 33.4807510375977
24.1179084777832 24.747257232666 23.6827030181885 24.212553024292 24.3194351196289 25.0298137664795 25.6569499969482 29.3385257720947 27.3683681488037 27.0226287841797 28.3303203582764 29.3769779205322 28.5788440704346 27.5354900360107 27.5965728759766 28.9153003692627 29.3668441772461 29.3861122131348 30.5695152282715 30.263484954834 31.7312831878662 30.1592597961426 29.3644218444824 28.7797985076904 29.1461353302002 29.5189170837402 32.1799011230469 31.2354049682617 31.1069641113281 31.3319282531738 30.0344524383545 31.0667381286621 30.0607452392578 32.5459098815918 29.3439350128174 32.8539047241211 33.8092041015625 33.690559387207 33.6069183349609 30.9797630310059 31.5443382263184 33.0564117431641 32.1846237182617 33.3642883300781 33.8834114074707 33.9309310913086
25.5727691650391 25.4120407104492 24.3305778503418 25.5684261322021 25.6803455352783 26.0728416442871 26.9370136260986 28.3474254608154 27.2810764312744 27.8867473602295 29.8382377624512 31.4792919158936 29.5191116333008 28.5152378082275 27.6448135375977 28.7405014038086 28.663402557373 29.2116584777832 30.2351493835449 34.8416442871094 30.1960582733154 30.5291919708252 32.7383499145508 32.0776443481445 31.8587551116943 31.5640335083008 33.2406463623047 32.4824600219727 33.0483856201172 32.4797439575195 30.8264446258545 31.5217685699463 33.3766746520996 33.0956687927246 29.1207370758057 28.4229564666748 28.8569202423096 30.066499710083 29.589563369751 31.6342964172363 35.191722869873 34.7653312683105 31.7652988433838 31.1007270812988 29.5808620452881 29.7690868377686
24.8023700714111 24.8637428283691 25.3494510650635 26.9259128570557 27.6076183319092 28.3181953430176 29.4922752380371 27.9413032531738 26.7755012512207 27.3294467926025 28.2692394256592 30.4079360961914 29.9659404754639 29.5163021087646 28.4088802337646 30.9837055206299 30.7716388702393 32.8616600036621 35.318660736084 33.185676574707 33.4433937072754 32.1843032836914 31.5793304443359 31.9919452667236 32.1064987182617 31.7032814025879 31.6673164367676 31.4190311431885 31.9790649414062 33.0645561218262 32.4113006591797 31.838191986084 29.7248516082764 29.4598636627197 28.3138313293457 31.4895725250244 32.8241844177246 29.2653846740723 29.2152843475342 29.0306358337402 28.9042472839355 31.598762512207 31.1099166870117 32.2843818664551 30.8396949768066 30.2855205535889
