inst/extdata/Tmax/Tmax140.asc
NCOLS 100 
NROWS 79 
XLLCORNER 148.06 
YLLCORNER -21.49 
CELLSIZE 0.01 
NODATA_value -3.4e+38 
[rows 40 to 59 of 79, columns 0 to 45 of 100]
39.323345184326200 38.9905014038086 39.0346755981445 39.0751342773438 38.9372406005859 39.0728149414062 39.0093765258789 38.7780532836914 38.2295303344727 38.7348327636719 39.4874572753906 39.862678527832 39.9121856689453 39.9795379638672 40.064338684082 39.8181076049805 39.4852905273438 39.0735397338867 38.3925552368164 38.9832305908203 38.9772109985352 38.8411445617676 38.7720260620117 38.3026275634766 37.2443504333496 36.4869918823242 36.2442398071289 36.3596382141113 36.5010681152344 35.7701988220215 35.0547370910645 35.524528503418 36.9921722412109 36.6780967712402 36.3794250488281 36.7725601196289 36.6602745056152 36.2904472351074 36.0500259399414 35.5500946044922 35.5102577209473 34.5285835266113 33.8906555175781 33.8895225524902 33.6070022583008 33.4324645996094
39.5181846618652 39.0440063476562 38.9061126708984 39.0314025878906 38.915153503418 39.0146408081055 39.0153121948242 38.8939666748047 38.6051788330078 38.7531661987305 39.1561660766602 39.5654983520508 39.8443374633789 40.049934387207 40.1087951660156 39.9358901977539 39.5644302368164 38.9716110229492 38.5786819458008 38.7558822631836 38.7879867553711 38.5026016235352 38.719596862793 38.3926124572754 37.611026763916 37.0284767150879 36.2927017211914 36.2040061950684 36.455680847168 35.9489669799805 35.4761543273926 36.1893653869629 36.9920501708984 36.1138229370117 35.3065147399902 36.168888092041 36.2138252258301 36.4663429260254 36.4273834228516 36.1671676635742 36.0397033691406 35.214900970459 33.6560096740723 33.5261154174805 33.6138763427734 33.5740051269531
39.3738250732422 39.3028030395508 39.0588531494141 38.9211807250977 38.9965896606445 39.0260543823242 38.9919967651367 38.9509048461914 38.9144821166992 38.8622589111328 38.9249038696289 39.4837493896484 39.8697052001953 40.04736328125 40.0697250366211 40.0187149047852 39.7367782592773 39.3570709228516 39.0904693603516 39.0377655029297 38.9396286010742 38.1648483276367 38.0853614807129 38.352897644043 38.3883323669434 37.8719177246094 36.8391952514648 36.4580879211426 36.3702163696289 36.1108627319336 35.0946502685547 36.3119506835938 36.3806838989258 35.1590194702148 34.2542495727539 35.2720222473145 35.2651977539062 35.9994697570801 36.1941299438477 35.8607788085938 35.6063003540039 35.6534233093262 34.987377166748 34.7480010986328 35.2238578796387 36.3471450805664
39.0049819946289 39.1060829162598 39.0943374633789 39.0916061401367 39.1294784545898 39.1240463256836 39.0757789611816 39.0184593200684 39.0870590209961 39.0557174682617 39.0701332092285 39.5470657348633 39.8458595275879 40.0353584289551 40.065990447998 40.0904998779297 39.9562110900879 39.7046394348145 39.374584197998 39.4247665405273 39.2200355529785 38.9052505493164 38.1067276000977 37.6947860717773 38.4888496398926 38.2419738769531 37.7506637573242 37.1900444030762 36.799446105957 36.5971717834473 35.6663589477539 35.5622978210449 36.3815574645996 35.7928123474121 35.0782089233398 34.567943572998 34.6575050354004 34.9391136169434 35.1996917724609 34.9407081604004 34.4355049133301 35.233642578125 34.7468223571777 35.8145561218262 37.8780670166016 38.5980949401855
38.6807403564453 38.8882026672363 38.8682174682617 38.871524810791 39.0911254882812 39.2279930114746 39.252857208252 39.1905479431152 39.265567779541 39.3236656188965 39.5268898010254 39.6811065673828 39.8387451171875 39.9640655517578 40.0419502258301 40.1104354858398 40.0620422363281 39.8936805725098 39.7104225158691 39.6566848754883 39.5044097900391 39.3247985839844 38.9693794250488 38.7201156616211 38.5133476257324 37.9723091125488 38.2608451843262 38.1211013793945 37.7434768676758 36.9423408508301 36.2309417724609 36.2126579284668 36.5867500305176 36.7826919555664 36.4387359619141 35.1022453308105 33.6201515197754 33.5842208862305 33.7057685852051 34.0826187133789 33.9511070251465 34.5543594360352 34.0286102294922 34.9667663574219 36.998592376709 38.6322708129883
38.7185592651367 38.7828979492188 38.6057586669922 38.4797821044922 38.7214546203613 38.9826316833496 39.2481002807617 39.3920783996582 39.4748992919922 39.5876502990723 39.6736679077148 39.5747375488281 39.3137474060059 39.761360168457 40.0372772216797 40.0993232727051 40.0877876281738 40.0124816894531 39.9070739746094 39.8327865600586 39.726863861084 39.5899505615234 39.5260429382324 38.8027572631836 38.3930206298828 38.3052711486816 38.3918685913086 38.1960678100586 37.976146697998 37.3746604919434 35.9210090637207 36.1504974365234 36.512020111084 36.588508605957 36.7056350708008 35.6573867797852 34.2072334289551 33.9447555541992 33.9852409362793 34.4751968383789 33.818920135498 34.2082748413086 34.6557464599609 35.0049591064453 35.9912300109863 37.3682823181152
38.5700454711914 38.5269737243652 38.5398979187012 38.4560165405273 38.3431777954102 38.4130630493164 38.9892807006836 39.1401901245117 39.2874603271484 39.3126411437988 39.5748329162598 39.6910705566406 39.3995590209961 39.7088470458984 39.9821243286133 40.0791206359863 40.0771598815918 40.0024909973145 39.9566192626953 39.910327911377 39.822582244873 39.7310333251953 39.6118316650391 39.0484848022461 38.0780258178711 38.2098121643066 38.4043960571289 38.1425132751465 38.0841789245605 37.9121208190918 36.977653503418 36.5893135070801 36.1759223937988 36.4807167053223 36.6416931152344 36.092170715332 34.877010345459 35.1940040588379 34.6077346801758 35.3930549621582 34.7743759155273 34.937816619873 35.0734939575195 35.1971054077148 35.1929740905762 34.985954284668
39.0982894897461 38.3387603759766 38.2485961914062 38.1887245178223 38.1603355407715 38.3082847595215 38.6691055297852 38.6191024780273 38.9158248901367 38.9767112731934 39.0748863220215 39.1453514099121 39.3688507080078 39.7059860229492 39.9340133666992 40.0771789550781 40.0528907775879 39.9150886535645 39.702579498291 39.5886497497559 39.7482528686523 39.5195579528809 39.5421600341797 39.4650344848633 38.9237442016602 38.8086738586426 38.8152656555176 38.5821571350098 38.3838958740234 38.1221618652344 37.3156700134277 36.8801879882812 36.052490234375 36.5115623474121 36.5631141662598 36.2933540344238 35.7791213989258 36.0430679321289 35.7341041564941 36.018913269043 35.7129707336426 35.4641380310059 35.3074760437012 35.1434669494629 34.7660140991211 34.5081825256348
39.9386672973633 38.9942016601562 38.1169090270996 37.9459381103516 38.099308013916 38.3178901672363 38.2325782775879 38.2339286804199 38.6318168640137 38.9828758239746 39.0709609985352 39.0435943603516 39.3189086914062 39.6848907470703 39.9739837646484 40.0568428039551 40.0546531677246 39.9739608764648 39.7730598449707 39.5065231323242 39.5916900634766 39.5168533325195 39.4225730895996 39.5782432556152 39.4485321044922 39.3211479187012 38.9699287414551 38.7363929748535 38.6309242248535 38.2848968505859 37.8227653503418 37.2688980102539 36.2592163085938 36.4396820068359 36.4056015014648 36.4761848449707 36.3517608642578 36.3200492858887 36.1861534118652 35.9721794128418 35.0591430664062 34.8607368469238 35.0845794677734 34.8011665344238 34.6544456481934 34.271598815918
40.2563438415527 39.6532707214355 38.6698989868164 38.0012664794922 37.9872589111328 37.9776458740234 38.0020370483398 38.4076042175293 38.6876258850098 38.5681419372559 39.2978744506836 39.5619735717773 39.692024230957 39.8136329650879 39.9321022033691 40.0340461730957 40.0297775268555 39.9697418212891 39.8473663330078 39.6786880493164 39.5536346435547 39.459228515625 39.2386703491211 39.2862968444824 39.4845275878906 39.4650344848633 39.1872291564941 38.5484657287598 37.961311340332 38.2759971618652 37.9208068847656 37.547737121582 36.6020355224609 36.2541656494141 36.0090141296387 36.3620643615723 36.4433670043945 36.3263702392578 36.2761306762695 35.9122009277344 35.1130180358887 34.6602554321289 34.863166809082 34.4565391540527 34.3607749938965 34.2613525390625
40.2540321350098 40.0397262573242 39.5100021362305 38.7794303894043 38.1558113098145 37.805477142334 37.9836921691895 38.357048034668 38.4108734130859 38.7671585083008 39.4494819641113 39.7162551879883 39.8675308227539 39.9908790588379 40.0149917602539 40.0454177856445 39.8920669555664 39.9068260192871 39.9140663146973 39.8191223144531 39.6848602294922 39.4821968078613 39.2469062805176 39.1485633850098 39.2763061523438 39.3236808776855 39.3577499389648 39.0844802856445 38.7486915588379 38.5739440917969 37.9276695251465 37.7243041992188 36.7413673400879 36.262996673584 35.5462265014648 36.0932769775391 36.2324867248535 36.2215576171875 36.2784385681152 36.0609588623047 35.4525527954102 35.2397804260254 35.1278190612793 34.8913841247559 34.5329132080078 34.3381233215332
40.2206954956055 40.1716232299805 39.8745880126953 39.0928268432617 38.4101715087891 38.081485748291 38.0234718322754 38.1230392456055 37.8378524780273 38.0199356079102 39.0241851806641 39.4888305664062 39.7013244628906 39.9451293945312 40.0475082397461 40.0023994445801 39.8929328918457 39.8919792175293 39.8496856689453 39.8350296020508 39.7196197509766 39.5807571411133 39.4550399780273 39.2098617553711 39.0696868896484 38.9953727722168 38.9357604980469 39.0724334716797 38.8049545288086 38.9422912597656 38.9668006896973 38.0216484069824 37.3201599121094 36.7941055297852 36.2160453796387 36.3655052185059 36.3013801574707 36.0951652526855 36.256290435791 36.1384391784668 35.5594902038574 35.354564666748 35.2188262939453 35.0086517333984 34.4647598266602 34.2544555664062
40.0208969116211 40.101390838623 39.9361457824707 38.7980880737305 37.8697357177734 37.839542388916 37.9512977600098 37.7940559387207 37.4993515014648 37.6567153930664 38.9491348266602 39.4939079284668 39.7518196105957 39.9719123840332 39.984733581543 39.9262275695801 39.8966331481934 39.8263320922852 39.7757263183594 39.7681007385254 39.7779922485352 39.6975936889648 39.505256652832 39.2638244628906 38.999885559082 38.8093681335449 38.7627792358398 38.7071533203125 38.6973457336426 38.5723152160645 38.7938804626465 38.6285781860352 37.9624671936035 37.2402381896973 36.7256164550781 37.1139640808105 37.0378189086914 36.4794540405273 36.2473831176758 36.3222770690918 36.1285972595215 35.8091087341309 35.4427642822266 35.1514472961426 34.770263671875 34.3422813415527
39.8046035766602 39.8750648498535 40.0093421936035 39.5045738220215 38.3371925354004 37.9388389587402 38.3397789001465 37.7603378295898 37.5801849365234 37.6776237487793 38.9228744506836 39.6226921081543 39.8755149841309 39.9848098754883 39.9005928039551 39.7878684997559 39.7653541564941 39.7949752807617 39.754825592041 39.6280670166016 39.6837539672852 39.744571685791 39.573657989502 39.3909759521484 39.1581153869629 38.9654579162598 38.538818359375 38.3141212463379 37.9017295837402 38.3018226623535 38.1047096252441 38.7279052734375 38.7770957946777 38.3682327270508 37.7892570495605 37.8232460021973 37.3767509460449 36.9618110656738 36.5987548828125 37.0304527282715 36.5406074523926 36.2053527832031 36.0174102783203 35.8501014709473 35.5225410461426 35.3433151245117
39.6656761169434 39.617374420166 39.8374519348145 39.8545379638672 39.3397636413574 39.0640754699707 38.9876022338867 38.5768623352051 38.3403358459473 38.3537063598633 38.5751571655273 39.0315093994141 39.7877044677734 39.9418449401855 39.7991752624512 39.6968955993652 39.6707191467285 39.7287788391113 39.6819000244141 39.6041564941406 39.6274528503418 39.7312049865723 39.671314239502 39.4591484069824 39.3283042907715 39.1092491149902 38.7107429504395 38.4552192687988 37.9711494445801 38.2337112426758 37.5007286071777 37.976863861084 38.2417259216309 38.263053894043 38.3998947143555 38.2536888122559 37.8845024108887 37.7127799987793 37.1882972717285 36.607982635498 36.5180587768555 36.5534858703613 36.2713813781738 36.0391235351562 36.0265350341797 35.852123260498
39.7762794494629 39.7540702819824 39.8172492980957 39.8554573059082 39.720344543457 39.0239562988281 39.0226554870605 39.0964050292969 38.8458976745605 38.7970237731934 39.0860366821289 39.4887046813965 39.8589210510254 39.9382667541504 39.8221473693848 39.6099891662598 39.6564445495605 39.651123046875 39.4224967956543 39.3986167907715 39.5498733520508 39.6224632263184 39.6791076660156 39.5637245178223 39.4221305847168 39.2441825866699 38.9981994628906 38.6971969604492 38.5011100769043 38.3153343200684 37.8248291015625 37.3938293457031 37.5439109802246 37.4975624084473 38.0044403076172 37.6575317382812 37.9482116699219 37.6702995300293 37.2534675598145 36.7739753723145 36.5018844604492 36.2343788146973 35.6811027526855 35.0059814453125 35.657112121582 35.8671951293945
39.9099731445312 39.8675079345703 39.8385848999023 39.8232383728027 39.6507377624512 38.749324798584 38.5006256103516 38.994255065918 38.8669624328613 38.5039024353027 38.8339920043945 39.5781364440918 39.8782119750977 39.9104652404785 39.8101997375488 39.5966453552246 39.5712890625 39.339527130127 39.0493278503418 39.2083778381348 39.5441017150879 39.5388793945312 39.6266403198242 39.6128921508789 39.4204902648926 39.3445472717285 39.1203689575195 38.7935371398926 38.6895904541016 38.4269905090332 37.9540596008301 37.1681938171387 36.8217163085938 36.9790573120117 37.4959106445312 37.6502380371094 37.2070465087891 36.8054466247559 37.0248489379883 36.9403800964355 36.5455551147461 36.2582702636719 35.6483192443848 34.7150611877441 35.218578338623 35.6344947814941
39.9769630432129 39.9155960083008 39.865779876709 39.8289031982422 39.7836799621582 39.3954772949219 38.8703765869141 38.5938186645508 38.5995445251465 38.3565864562988 38.8992462158203 39.5947227478027 39.8557205200195 39.8651733398438 39.7659721374512 39.5564842224121 39.3541946411133 39.1270713806152 38.9969825744629 39.2994422912598 39.4408111572266 39.499927520752 39.4560546875 39.5654220581055 39.4943351745605 39.3888778686523 39.1793518066406 38.8730545043945 38.7320022583008 38.503589630127 38.029468536377 37.7809143066406 37.2577133178711 37.0379829406738 36.9704513549805 37.1345481872559 37.4193305969238 37.2422409057617 36.8262100219727 36.5901870727539 36.3539886474609 36.1085090637207 35.821720123291 35.4554138183594 34.7231674194336 35.0475425720215
40.0413398742676 39.962589263916 39.911003112793 39.896369934082 39.812328338623 39.5710792541504 39.2373962402344 38.5826263427734 38.459056854248 38.6683578491211 39.1902503967285 39.6503067016602 39.8235054016113 39.813159942627 39.6642646789551 39.4756469726562 39.127010345459 39.0384368896484 39.1612892150879 39.1928939819336 39.3546905517578 39.2765464782715 39.0719680786133 39.3525924682617 39.549503326416 39.4101753234863 39.1497344970703 38.9785995483398 38.823314666748 38.6985206604004 38.4749412536621 38.2083282470703 37.8519477844238 37.7841567993164 37.4085960388184 37.0180130004883 37.1150817871094 37.1940116882324 36.9262008666992 36.7486724853516 36.5835494995117 36.2968330383301 35.601921081543 35.1613922119141 35.3006324768066 35.3162994384766
40.0600547790527 40.0502395629883 39.9912490844727 39.9488182067871 39.8210144042969 39.6963081359863 39.5632705688477 39.1572685241699 38.6316375732422 38.7380218505859 38.9201431274414 39.2444229125977 39.563835144043 39.6147613525391 39.5457878112793 39.3874244689941 39.1407470703125 38.9978904724121 38.8718070983887 38.9193916320801 39.1813163757324 39.1751708984375 38.9016075134277 39.344841003418 39.5763969421387 39.449047088623 39.2523612976074 39.0796508789062 38.9891624450684 38.8564567565918 38.716365814209 38.454273223877 38.0848197937012 38.3126068115234 38.1583290100098 37.7283401489258 37.2007293701172 37.0680541992188 37.1989707946777 37.6601829528809 36.8055381774902 36.4796562194824 36.0197296142578 35.240852355957 35.1553611755371 35.0121688842773
