inst/extdata/Tmax/Tmax129.asc
NCOLS 100 
NROWS 79 
XLLCORNER 148.06 
YLLCORNER -21.49 
CELLSIZE 0.01 
NODATA_value -3.4e+38 
[rows 40 to 59 of 79, columns 46 to 91 of 100]
38.5268173217773 39.4315490722656 39.8298149108887 40.6526222229004 42.2405853271484 43.3546562194824 42.8301849365234 40.8679313659668 40.5326766967773 41.1652565002441 41.6281661987305 43.6298599243164 43.200023651123 43.4570236206055 42.5117301940918 43.664306640625 43.8875122070312 43.5656204223633 43.6877593994141 43.8095092773438 43.8128318786621 42.7697219848633 43.2201957702637 43.5897331237793 43.6973342895508 43.7520446777344 43.6452560424805 43.2224082946777 43.4354057312012 43.6587409973145 43.6000633239746 43.4342613220215 43.0767593383789 41.6953353881836 42.0022277832031 42.7408828735352 42.6415672302246 42.5397682189941 42.804817199707 42.2013206481934 41.3925247192383 41.91064453125 42.2538757324219 42.0324401855469 42.3177337646484 42.3438453674316
39.7571563720703 40.8421783447266 40.7714729309082 40.7372360229492 42.2638969421387 43.6664352416992 42.3810806274414 41.9384651184082 42.6257133483887 42.7299652099609 43.1384887695312 43.9478912353516 43.8235855102539 43.8497047424316 43.688591003418 44.0359039306641 44.0878753662109 44.0186233520508 43.9755096435547 44.0050888061523 43.9714508056641 43.3959426879883 42.6180114746094 43.0246505737305 42.9425239562988 43.4811019897461 43.8277168273926 43.3047637939453 43.2945671081543 43.7300224304199 43.7488746643066 43.6603660583496 43.4757843017578 42.8054351806641 43.0727157592773 43.1009063720703 42.8673782348633 42.860050201416 42.9720191955566 43.1067962646484 42.0415496826172 42.2867126464844 42.9505996704102 42.7337875366211 42.8755111694336 42.7867965698242
41.9750137329102 42.1868019104004 42.4019088745117 42.9576225280762 43.344352722168 43.8871078491211 43.4116134643555 42.8095016479492 43.4067993164062 43.8746070861816 43.7697067260742 44.136833190918 44.1827430725098 44.0992698669434 44.074348449707 44.1613159179688 44.1799163818359 44.1587677001953 44.1279907226562 44.1205520629883 44.007152557373 42.9756317138672 42.7589797973633 43.3198661804199 42.7485313415527 43.2364196777344 43.7294425964355 43.6221733093262 43.5601654052734 43.8402481079102 43.8448677062988 43.8380432128906 43.7925033569336 43.6646957397461 43.553050994873 43.1725196838379 42.1721878051758 42.8205795288086 43.4023246765137 43.3914680480957 43.2275772094727 43.1582870483398 43.2815399169922 43.3129119873047 43.3497695922852 43.2638359069824
43.3780860900879 43.4089851379395 43.5666122436523 43.7407073974609 44.0175704956055 44.0962181091309 44.008113861084 43.7488136291504 43.95263671875 44.2084083557129 44.1988296508789 44.2621765136719 44.2441139221191 44.2080345153809 44.2361602783203 44.1949768066406 44.1269721984863 44.1046905517578 44.144905090332 44.181640625 44.1180267333984 43.8584136962891 43.5810012817383 43.7772674560547 43.6306266784668 43.1256446838379 43.4459266662598 43.7454071044922 43.914794921875 43.9377593994141 43.9126853942871 43.9027099609375 43.8677253723145 43.8187484741211 43.8079833984375 43.6259689331055 43.0958518981934 43.4329605102539 43.6252670288086 43.6014213562012 43.540771484375 43.5312995910645 43.5085029602051 43.5188255310059 43.5169525146484 43.455493927002
43.155460357666 43.4725952148438 43.7812957763672 43.7977714538574 43.868724822998 43.9972801208496 44.0635223388672 44.1493377685547 44.187801361084 44.1297187805176 43.8832244873047 44.012996673584 43.9325485229492 43.6436538696289 43.8550300598145 43.9954299926758 43.8729591369629 44.0016784667969 44.1097145080566 44.1658096313477 44.1658630371094 44.0249061584473 43.6784515380859 43.3947982788086 43.6462478637695 43.8228988647461 43.8760185241699 43.9223937988281 43.9292411804199 43.9629745483398 43.9222602844238 43.9083824157715 43.8572654724121 43.8086738586426 43.8346061706543 43.7488021850586 43.7202682495117 43.7089195251465 43.6398048400879 43.6338005065918 43.5836296081543 43.5618896484375 43.5576782226562 43.5351943969727 43.4238128662109 43.4274978637695
41.3047103881836 42.0326042175293 42.4757957458496 42.7333641052246 43.1671905517578 43.5398101806641 43.4842414855957 43.7206573486328 43.7247505187988 43.5451622009277 42.6588325500488 42.6829643249512 42.7791213989258 41.2900276184082 42.1843147277832 43.0495262145996 43.6750221252441 44.0534248352051 44.1556205749512 44.1831016540527 44.1747779846191 43.9807586669922 43.4967613220215 43.0886917114258 43.3916320800781 43.6702613830566 43.8140640258789 43.7984008789062 43.8686790466309 43.9449615478516 43.9253845214844 43.9189758300781 43.8924446105957 43.8773155212402 43.8357200622559 43.706787109375 43.6890602111816 43.6744194030762 43.6359214782715 43.620231628418 43.5639610290527 43.5470352172852 43.5282974243164 43.4645500183105 43.4492530822754 43.4490089416504
39.0614128112793 40.2675666809082 40.1829719543457 40.1594924926758 41.4070587158203 41.8850860595703 42.0016174316406 42.2479476928711 42.7739791870117 42.107982635498 41.4748573303223 40.9429550170898 41.5659523010254 41.4524536132812 41.868579864502 43.0901145935059 43.8702850341797 44.0862045288086 44.1248741149902 44.1030921936035 44.1394920349121 44.1580924987793 43.6897239685059 43.3014144897461 43.1777153015137 43.4666709899902 43.699520111084 43.824535369873 43.9353370666504 43.9527130126953 43.9511566162109 43.9561882019043 43.9411544799805 43.9018898010254 43.8072395324707 43.7185554504395 43.7070274353027 43.6960182189941 43.6734886169434 43.6505546569824 43.5935592651367 43.5815658569336 43.5705375671387 43.5267601013184 43.5108032226562 43.3640747070312
39.1825408935547 39.1227416992188 38.9433670043945 39.0231475830078 38.9720306396484 39.7016830444336 40.8945007324219 41.5154762268066 41.689323425293 41.5772552490234 42.0552749633789 41.9056510925293 41.7625045776367 42.3001670837402 42.638729095459 43.6214294433594 43.9131546020508 43.9459762573242 43.8767585754395 44.0143394470215 44.1314811706543 44.1903648376465 44.0308456420898 43.6865234375 43.2224540710449 43.5074195861816 43.7231025695801 43.9025802612305 43.9782218933105 44.015682220459 44.0038032531738 43.9805221557617 43.9036827087402 43.8161239624023 43.7429580688477 43.6929817199707 43.7012748718262 43.7123756408691 43.695858001709 43.6741065979004 43.6328086853027 43.6284332275391 43.6138153076172 43.5827827453613 43.3568992614746 43.0968704223633
38.8226737976074 38.9273643493652 39.1520957946777 38.8838653564453 38.8001441955566 38.8860092163086 39.7279891967773 41.2889518737793 41.7945442199707 41.9633865356445 41.7970161437988 41.9739151000977 42.2466011047363 42.5414772033691 42.6136016845703 43.2081108093262 43.6410331726074 43.642765045166 43.6370964050293 43.9771347045898 44.0808944702148 44.1030616760254 44.1977462768555 44.1049423217773 43.9761810302734 43.922306060791 44.0179214477539 44.0905647277832 44.0954246520996 44.0946922302246 44.0410308837891 43.9642601013184 43.8672370910645 43.7190589904785 43.6697731018066 43.7116470336914 43.7180709838867 43.733642578125 43.7472305297852 43.726188659668 43.702766418457 43.6955718994141 43.6726417541504 43.6510200500488 43.474925994873 43.3033676147461
38.9000625610352 39.0768394470215 39.1089019775391 38.7970962524414 39.2835502624512 40.0806198120117 40.1919937133789 41.3804969787598 41.8304023742676 42.024543762207 41.8370132446289 42.2795867919922 42.5465812683105 42.5576019287109 42.6668815612793 42.539867401123 42.6560287475586 42.9247398376465 43.3490791320801 43.750415802002 43.845329284668 43.867057800293 44.137939453125 44.1916694641113 44.2099227905273 44.1683578491211 44.1381378173828 43.9477767944336 44.0148773193359 44.0877265930176 44.0222396850586 43.8941764831543 43.8429794311523 43.6248092651367 43.5494384765625 43.7281227111816 43.7262535095215 43.7042465209961 43.7666130065918 43.7704887390137 43.727840423584 43.729419708252 43.7087821960449 43.6738624572754 43.5898551940918 43.4880561828613
38.9395980834961 38.830883026123 39.052375793457 38.7785835266113 39.4212837219238 40.4712448120117 40.8137435913086 41.3716773986816 42.0352096557617 42.4522972106934 42.4550819396973 42.5701446533203 42.6553039550781 42.696647644043 42.68994140625 42.6182327270508 42.6999816894531 42.4295692443848 42.1148338317871 43.307544708252 43.1650924682617 43.6642532348633 44.0391082763672 44.1080055236816 44.1653327941895 44.1305084228516 44.0488357543945 43.8033332824707 43.9673233032227 44.0799980163574 43.8750419616699 43.6893348693848 43.7048377990723 43.6805953979492 43.7141418457031 43.78466796875 43.7903785705566 43.7718925476074 43.7674446105957 43.8028564453125 43.7791290283203 43.7572402954102 43.7276878356934 43.6881446838379 43.6402435302734 43.5180282592773
38.518383026123 38.4991798400879 38.8822174072266 38.269889831543 38.4252624511719 40.3668937683105 41.1078872680664 41.7095108032227 42.0310287475586 42.297794342041 42.3410797119141 42.3516044616699 42.1752815246582 42.1815147399902 42.4321441650391 42.537971496582 42.9036331176758 42.8262672424316 42.6216850280762 42.6758575439453 42.4999084472656 43.3853302001953 43.8488578796387 44.0478172302246 44.0583839416504 44.0588989257812 43.6673469543457 43.2558517456055 43.9306030273438 44.0778121948242 43.7472991943359 43.4129981994629 43.6921310424805 43.7456970214844 43.7776298522949 43.7238845825195 43.7189331054688 43.7212181091309 43.7435531616211 43.7296447753906 43.7218627929688 43.7564277648926 43.7401962280273 43.7042427062988 43.6609230041504 43.5614166259766
38.1613388061523 38.0244789123535 38.4941215515137 38.3800659179688 38.4733695983887 39.4494895935059 40.4565048217773 41.0933647155762 41.5565185546875 41.9026908874512 41.8412399291992 41.7810478210449 41.8471298217773 42.1169700622559 42.8147659301758 42.9249839782715 43.1428527832031 43.0388641357422 42.9516639709473 42.7657928466797 42.5083351135254 43.239559173584 43.7506523132324 43.9713439941406 43.9048767089844 43.9928245544434 43.5620002746582 42.5257301330566 43.6445808410645 44.0480346679688 43.7234153747559 43.4605598449707 43.6845855712891 43.618091583252 43.5413513183594 43.5546112060547 43.6091651916504 43.5374870300293 43.449291229248 43.4306678771973 43.5376396179199 43.6377258300781 43.7333564758301 43.7115631103516 43.6725997924805 43.5990753173828
39.27587890625 38.2636642456055 38.3778839111328 38.7815017700195 39.1631851196289 40.2030982971191 40.2805328369141 41.0443954467773 41.8066558837891 42.1246681213379 42.4373321533203 42.5402793884277 42.6679229736328 42.889575958252 43.1138076782227 43.1549530029297 43.1056900024414 43.1982116699219 43.1658554077148 42.9048156738281 42.6739845275879 42.7049903869629 43.3117485046387 43.5766334533691 43.4962387084961 43.9630737304688 43.8469085693359 43.125301361084 43.7372207641602 44.0385246276855 43.7644309997559 43.5619163513184 43.4678230285645 43.0945739746094 43.3074722290039 43.2219009399414 43.2322616577148 42.7669906616211 42.8811149597168 41.8773040771484 43.2401695251465 43.5249938964844 43.7242851257324 43.7319755554199 43.6999855041504 43.6281623840332
39.9721298217773 38.9886779785156 38.4707794189453 39.2755584716797 39.9269332885742 40.6310806274414 40.7145805358887 41.1785163879395 41.9067153930664 42.305721282959 42.3379325866699 42.359691619873 42.7447929382324 42.9067459106445 43.0407791137695 43.0143585205078 43.2613220214844 43.4211578369141 43.3933181762695 43.1136779785156 42.9045867919922 42.8227195739746 42.9806442260742 43.0001525878906 42.9760398864746 43.7397727966309 43.9456253051758 43.6163902282715 43.2830810546875 43.8901405334473 43.3521003723145 42.4864463806152 43.1481285095215 43.3322830200195 43.6609191894531 43.6492004394531 43.6031227111816 43.5655632019043 43.3145446777344 42.2624931335449 43.102165222168 43.4691886901855 43.6630439758301 43.7143821716309 43.7068786621094 43.6397590637207
40.0205230712891 39.1668548583984 38.6093292236328 39.9050369262695 40.875 41.28125 41.9952774047852 42.2218971252441 42.4250259399414 42.5356521606445 42.3488311767578 42.3166465759277 42.8383750915527 42.9265747070312 42.9414749145508 43.0092849731445 43.1502990722656 43.1458740234375 43.7576141357422 43.4844207763672 43.1466255187988 42.9861335754395 42.9661827087402 42.7966270446777 42.809398651123 43.5118637084961 43.9126014709473 43.8085823059082 43.6435699462891 43.9971466064453 43.1900215148926 42.1010093688965 42.5594520568848 43.3031921386719 43.3448753356934 42.8903007507324 42.9578285217285 43.560188293457 43.694091796875 43.6486854553223 43.6699295043945 43.6587066650391 43.6727523803711 43.6702041625977 43.6965827941895 43.6548385620117
39.8965759277344 38.9339294433594 38.4667663574219 39.6907577514648 40.9647827148438 41.2966995239258 40.7491912841797 42.0401954650879 41.9978485107422 41.4812088012695 42.3709144592285 42.5745086669922 42.6020393371582 42.6638984680176 42.6859359741211 42.8680877685547 42.9931411743164 43.1345748901367 43.7086715698242 43.8528518676758 43.6053009033203 43.2575950622559 43.0693855285645 42.986701965332 42.7517585754395 43.2454795837402 43.7748336791992 43.7940406799316 44.0108833312988 44.0835151672363 43.4677352905273 41.7217254638672 42.3267097473145 41.8701820373535 42.1911125183105 41.5152549743652 42.3903388977051 43.5188636779785 43.6503829956055 43.7203178405762 43.7167282104492 43.6189270019531 43.4944267272949 43.6155891418457 43.6435737609863 43.6221885681152
39.876823425293 39.1335067749023 39.1998138427734 39.7173843383789 40.6366271972656 41.035327911377 41.4545936584473 41.6855888366699 40.4482231140137 40.3671684265137 41.8346710205078 40.896411895752 41.2555885314941 41.6851806640625 42.3702011108398 42.7888412475586 42.9346084594727 43.1647186279297 43.5723266601562 43.7282867431641 43.7732124328613 43.5006256103516 43.131721496582 43.2176818847656 43.0804176330566 43.3361473083496 43.3371353149414 43.1493911743164 43.7763404846191 43.9900436401367 43.6984024047852 42.8912544250488 41.534107208252 39.6306381225586 39.806224822998 41.4120025634766 42.773250579834 43.4704132080078 43.5966835021973 43.5298690795898 43.5097503662109 43.249195098877 43.1091613769531 43.5283088684082 43.2335777282715 43.2773399353027
39.8643836975098 39.5091819763184 39.3101806640625 39.6232223510742 40.234073638916 41.0046501159668 41.1698417663574 40.7715911865234 40.3155517578125 41.1443748474121 41.5982208251953 40.6470680236816 40.9665946960449 41.382740020752 42.2892837524414 42.6529388427734 42.9318618774414 43.3957672119141 43.8802032470703 43.6848793029785 43.5149040222168 43.8616256713867 43.5710678100586 43.3621139526367 43.1823043823242 43.1645698547363 43.2616920471191 43.1522560119629 43.5315551757812 43.9180908203125 43.9348983764648 43.3396453857422 42.5776290893555 41.0302543640137 40.4437980651855 41.4795570373535 42.7718887329102 43.4072341918945 43.4748268127441 42.9452095031738 43.2194747924805 43.4214782714844 43.1833190917969 43.2528915405273 42.8842849731445 43.1477279663086
39.5274391174316 39.3199119567871 38.8499450683594 39.1909484863281 39.9594879150391 40.1070022583008 40.5283393859863 40.8527488708496 41.1374588012695 41.2419929504395 41.5573272705078 41.7654685974121 42.3905563354492 42.4776954650879 42.6170959472656 42.177375793457 43.0618171691895 43.4666786193848 43.7148513793945 43.3945045471191 43.5110893249512 43.742115020752 43.8610801696777 43.7956962585449 43.4675903320312 43.3739891052246 42.9730072021484 43.1555442810059 43.613208770752 43.7116317749023 43.8571853637695 43.8929557800293 43.254825592041 42.5560684204102 41.713809967041 41.4189338684082 42.481086730957 43.3025398254395 42.7421760559082 42.2336235046387 43.1533279418945 43.4375152587891 43.1178779602051 42.2856864929199 42.6376724243164 43.1970252990723
