inst/extdata/Tmax/Tmax82.asc
NCOLS 100 
NROWS 79 
XLLCORNER 148.06 
YLLCORNER -21.49 
CELLSIZE 0.01 
NODATA_value -3.4e+38 
[rows 40 to 59 of 79, columns 0 to 45 of 100]
42.043712615966797 41.7858963012695 41.7746467590332 41.7777252197266 41.6486167907715 41.7212905883789 41.6438636779785 41.4452323913574 41.0069923400879 41.3569793701172 41.8737907409668 42.1032257080078 42.1064834594727 42.1214904785156 42.1477203369141 41.947193145752 41.6981315612793 41.3581123352051 40.8344688415527 41.2309989929199 41.1950874328613 41.062873840332 40.9814643859863 40.6107215881348 39.7964477539062 39.1929817199707 38.993537902832 39.0345497131348 39.1120796203613 38.5162467956543 37.9103622436523 38.255931854248 39.3535919189453 39.0883293151855 38.8337783813477 39.094856262207 38.9766960144043 38.666145324707 38.4453582763672 38.0208282470703 37.9570999145508 37.1664924621582 36.6116676330566 36.5806732177734 36.3263320922852 36.1580200195312
42.1976852416992 41.8372230529785 41.6906814575195 41.7571563720703 41.6440925598145 41.6904525756836 41.6603126525879 41.5431060791016 41.3011856079102 41.382942199707 41.6488571166992 41.9083061218262 42.0727958679199 42.1831207275391 42.1916007995605 42.0417938232422 41.7669982910156 41.2986488342285 40.9838981628418 41.0815315246582 41.0734672546387 40.8325729370117 40.9570579528809 40.6892204284668 40.083667755127 39.6169929504395 39.0439605712891 38.9293899536133 39.0912132263184 38.676097869873 38.2689971923828 38.796802520752 39.3674049377441 38.6790390014648 38.0080757141113 38.6589965820312 38.6587867736816 38.8152046203613 38.754322052002 38.523307800293 38.390739440918 37.7281150817871 36.4437789916992 36.3106651306152 36.3508377075195 36.2893600463867
42.1149215698242 42.0510444641113 41.8271751403809 41.6984825134277 41.7276039123535 41.72216796875 41.6666831970215 41.608642578125 41.553840637207 41.4871635437012 41.5045356750488 41.8748168945312 42.1150779724121 42.2063407897949 42.1901435852051 42.1236114501953 41.9117889404297 41.5976867675781 41.3775672912598 41.308650970459 41.2067108154297 40.6106643676758 40.5212020874023 40.6852264404297 40.6789245605469 40.2702827453613 39.4841003417969 39.148078918457 39.051685333252 38.8248825073242 37.9927558898926 38.9150657653809 38.9363784790039 37.9521598815918 37.1939163208008 37.9807205200195 37.9423484802246 38.4903221130371 38.6074829101562 38.3160133361816 38.0839004516602 38.103687286377 37.5310859680176 37.3107872009277 37.6523475646973 38.4877395629883
41.8357543945312 41.9000587463379 41.847599029541 41.8190498352051 41.8200607299805 41.7888450622559 41.7230072021484 41.6531715393066 41.6753387451172 41.6240310668945 41.6058502197266 41.9158744812012 42.0953903198242 42.1954154968262 42.1851119995117 42.170238494873 42.0603370666504 41.8377342224121 41.5753059387207 41.5783462524414 41.4021224975586 41.1431617736816 40.5327110290527 40.1972427368164 40.7479209899902 40.5370407104492 40.1603698730469 39.6956214904785 39.3720855712891 39.1893882751465 38.4521713256836 38.3376541137695 38.9333724975586 38.4583053588867 37.8574371337891 37.4174270629883 37.4577980041504 37.6524543762207 37.8285331726074 37.591625213623 37.1588554382324 37.7759017944336 37.342529296875 38.1474189758301 39.6226463317871 40.0871810913086
41.6031913757324 41.7491340637207 41.6908416748047 41.6672096252441 41.803539276123 41.8768692016602 41.8644180297852 41.7910957336426 41.8173675537109 41.8307037353516 41.9471435546875 42.023250579834 42.1033821105957 42.1595191955566 42.1819610595703 42.1973075866699 42.1461448669434 41.9810562133789 41.8223648071289 41.7526779174805 41.6143341064453 41.4527206420898 41.169490814209 40.9593658447266 40.7785835266113 40.3531608581543 40.5462608337402 40.3951873779297 40.087459564209 39.4621200561523 38.8957405090332 38.8496589660645 39.101001739502 39.2162704467773 38.9284400939941 37.8649787902832 36.6404724121094 36.582820892334 36.6520919799805 36.9256210327148 36.7905731201172 37.2576065063477 36.7911911010742 37.503490447998 39.0100898742676 40.1254997253418
41.6430702209473 41.6814765930176 41.5049896240234 41.3841590881348 41.5403289794922 41.7081489562988 41.872875213623 41.9492988586426 41.9804649353027 42.0321044921875 42.063793182373 41.9607543945312 41.7451362609863 42.0317802429199 42.1920127868652 42.2028427124023 42.176456451416 42.0751876831055 41.9705657958984 41.8869705200195 41.7813339233398 41.6502380371094 41.5730171203613 41.0313873291016 40.7045288085938 40.6090660095215 40.6540260314941 40.4626922607422 40.2707824707031 39.7972106933594 38.6733093261719 38.8159332275391 39.0583953857422 39.0849304199219 39.1412048339844 38.3233795166016 37.1330795288086 36.8921165466309 36.895450592041 37.2584915161133 36.7030563354492 37.0007286071777 37.3082656860352 37.5525054931641 38.2892646789551 39.2555122375488
41.5417251586914 41.4994049072266 41.4665641784668 41.3776206970215 41.2664375305176 41.2935943603516 41.6949615478516 41.7782936096191 41.8574485778809 41.8471984863281 42.0061378479004 42.0555152893066 41.8190460205078 42.0078582763672 42.1667213439941 42.2016525268555 42.1819229125977 42.0811386108398 42.0173225402832 41.9529914855957 41.8600730895996 41.7604560852051 41.6453285217285 41.2189025878906 40.4877319335938 40.5525894165039 40.6760749816895 40.4369201660156 40.3624420166016 40.2051620483398 39.4841461181641 39.1601867675781 38.8185806274414 39.0176734924316 39.1070861816406 38.6649589538574 37.689998626709 37.9123306274414 37.413444519043 38.0071334838867 37.4849891662598 37.5992813110352 37.6572647094727 37.722469329834 37.6868858337402 37.4922866821289
41.961612701416 41.3785972595215 41.267520904541 41.1968193054199 41.1499786376953 41.2371673583984 41.4804496765137 41.4163208007812 41.6092910766602 41.6262702941895 41.6698112487793 41.6894683837891 41.8209953308105 42.0295753479004 42.1574325561523 42.2244415283203 42.1895484924316 42.0455627441406 41.8666725158691 41.7553787231445 41.8334922790527 41.6389541625977 41.6218910217285 41.5354423522949 41.1226921081543 41.0084037780762 40.9946403503418 40.778491973877 40.6038208007812 40.382640838623 39.7603492736816 39.4030685424805 38.7503662109375 39.0660133361816 39.0737953186035 38.8412933349609 38.4220771789551 38.5901031494141 38.3278656005859 38.5103607177734 38.2508850097656 38.0453987121582 37.8724136352539 37.7111778259277 37.3819694519043 37.1470260620117
42.5694465637207 41.8672523498535 41.1598243713379 41.0036582946777 41.0967445373535 41.2381591796875 41.145378112793 41.1203842163086 41.3931350708008 41.6255760192871 41.6619911193848 41.6104850769043 41.7803382873535 42.0104179382324 42.1812438964844 42.2069244384766 42.1874351501465 42.0826416015625 41.912036895752 41.6943702697754 41.7217216491699 41.6337585449219 41.5354652404785 41.6107940673828 41.4878082275391 41.3660430908203 41.1007347106934 40.8849868774414 40.7771034240723 40.4965324401855 40.1291694641113 39.6878471374512 38.9023513793945 39.0080795288086 38.9520606994629 38.9741821289062 38.8480033874512 38.7934112548828 38.6625137329102 38.4718360900879 37.7420425415039 37.5691032409668 37.6973304748535 37.4416809082031 37.294261932373 36.9602012634277
42.8063507080078 42.3634185791016 41.5923385620117 41.0576248168945 41.022144317627 40.9897689819336 40.9811210632324 41.2633399963379 41.4465255737305 41.3302040100098 41.838436126709 41.995532989502 42.0577812194824 42.1128196716309 42.1645164489746 42.2036552429199 42.1828994750977 42.0923347473145 41.9759902954102 41.8270378112793 41.7078514099121 41.6062507629395 41.4192123413086 41.4203033447266 41.5257606506348 41.479076385498 41.2664375305176 40.7637825012207 40.3069114685059 40.5031242370605 40.213623046875 39.9063034057617 39.1732788085938 38.881649017334 38.6668472290039 38.9021072387695 38.9296264648438 38.8113899230957 38.742862701416 38.4403419494629 37.8031234741211 37.4279708862305 37.5405082702637 37.1867141723633 37.0798377990723 36.9701690673828
42.8162460327148 42.6521453857422 42.226978302002 41.6606559753418 41.1627540588379 40.8686828613281 40.9785766601562 41.2367973327637 41.2507858276367 41.489616394043 41.9592628479004 42.1167297363281 42.1930160522461 42.2483940124512 42.2341423034668 42.2238807678223 42.1003913879395 42.0614814758301 42.0345344543457 41.9369049072266 41.8117370605469 41.634952545166 41.4376640319824 41.3360633850098 41.393440246582 41.393741607666 41.3983001708984 41.1568450927734 40.8868598937988 40.7296867370605 40.2315483093262 40.0485343933105 39.2905197143555 38.9012336730957 38.329029083252 38.713436126709 38.7851638793945 38.7462692260742 38.7577476501465 38.5646934509277 38.0785598754883 37.9036636352539 37.7681579589844 37.5495452880859 37.2343673706055 37.0490036010742
42.8042373657227 42.7571067810059 42.5017242431641 41.9056282043457 41.3678894042969 41.0921516418457 41.0204086303711 41.0705451965332 40.8267555236816 40.9395484924316 41.6623649597168 41.9668273925781 42.0881156921387 42.2287139892578 42.2688484191895 42.2065124511719 42.1133346557617 42.0636749267578 42.0026168823242 41.9604988098145 41.8484420776367 41.7162437438965 41.5962753295898 41.3919258117676 41.2606658935547 41.1757125854492 41.1152038574219 41.1613388061523 40.9396629333496 41.0035552978516 40.9873886108398 40.2776298522949 39.7331771850586 39.3121147155762 38.8487777709961 38.9306144714355 38.8496360778809 38.6647338867188 38.7543411254883 38.6355934143066 38.1720161437988 38.0031433105469 37.8538017272949 37.6603088378906 37.1982231140137 37.0004806518555
42.6850166320801 42.7302169799805 42.5686187744141 41.7085418701172 40.9768867492676 40.928840637207 40.9876480102539 40.8414611816406 40.5888366699219 40.6844863891602 41.6302261352539 41.9937133789062 42.1471862792969 42.2709808349609 42.2491416931152 42.1775665283203 42.1397743225098 42.0422439575195 41.9754791259766 41.9383583068848 41.9131011962891 41.8217124938965 41.6557121276855 41.4542999267578 41.2355880737305 41.0678482055664 41.0167694091797 40.9274063110352 40.8879318237305 40.7661743164062 40.8905715942383 40.7373199462891 40.2273025512695 39.6675834655762 39.2549667358398 39.5112915039062 39.4209403991699 38.976448059082 38.7727279663086 38.7973861694336 38.6223793029785 38.3685493469238 38.0469665527344 37.7986068725586 37.4702949523926 37.1000213623047
42.5238075256348 42.5632286071777 42.6155624389648 42.2250747680664 41.3281097412109 40.998104095459 41.2769241333008 40.8085632324219 40.644287109375 40.6937103271484 41.6050643920898 42.080623626709 42.2296104431152 42.2757568359375 42.1864891052246 42.0769882202148 42.0444374084473 42.0165786743164 41.9571533203125 41.8370513916016 41.8440895080566 41.8508033752441 41.6998023986816 41.539867401123 41.3437767028809 41.1750793457031 40.852294921875 40.6408920288086 40.3089294433594 40.5681915283203 40.3935813903809 40.804328918457 40.8055953979492 40.4823455810547 40.0329933166504 40.0249633789062 39.6653861999512 39.3291854858398 39.0295944213867 39.3155555725098 38.9236717224121 38.6592102050781 38.471363067627 38.3161697387695 38.0418395996094 37.8778457641602
42.4341049194336 42.3880195617676 42.5037841796875 42.4892311096191 42.0889434814453 41.8592147827148 41.773551940918 41.4406204223633 41.2360534667969 41.2195587158203 41.3585662841797 41.665470123291 42.1797103881836 42.2577972412109 42.1275367736816 42.025146484375 41.9902381896973 41.9825897216797 41.9185256958008 41.8326644897461 41.8172836303711 41.8541069030762 41.7802543640137 41.6001510620117 41.476131439209 41.2895202636719 40.988208770752 40.7553749084473 40.3722190856934 40.5315780639648 39.9642143249512 40.2786903381348 40.4375228881836 40.4199676513672 40.484447479248 40.3469276428223 40.0463180541992 39.8895950317383 39.4761085510254 39.0178642272949 38.9199409484863 38.9293212890625 38.6724052429199 38.4693412780762 38.4287757873535 38.2686500549316
42.5257225036621 42.4982948303223 42.5002555847168 42.5009803771973 42.3767585754395 41.8404579162598 41.8105239868164 41.838020324707 41.6257247924805 41.5622406005859 41.7475662231445 42.008129119873 42.2416725158691 42.267261505127 42.1556434631348 41.9758186340332 41.9922714233398 41.9403305053711 41.748104095459 41.7001533508301 41.7753295898438 41.7910118103027 41.7982292175293 41.6856384277344 41.5544013977051 41.3971862792969 41.2054176330566 40.9416084289551 40.7689476013184 40.603099822998 40.2147636413574 39.8640594482422 39.9432258605957 39.8776092529297 40.2139778137207 39.9303321838379 40.1049461364746 39.8717460632324 39.5364990234375 39.1530494689941 38.9208335876465 38.7065658569336 38.2469253540039 37.7110824584961 38.1680374145508 38.292896270752
42.6332778930664 42.5911407470703 42.5266189575195 42.4889183044434 42.3375816345215 41.6465339660645 41.4313812255859 41.7737579345703 41.6524963378906 41.3547210693359 41.5733871459961 42.0837554931641 42.2670555114746 42.2597389221191 42.1592178344727 41.9782905578613 41.9442253112793 41.731861114502 41.4935150146484 41.5770225524902 41.7835693359375 41.7450141906738 41.7742462158203 41.732364654541 41.5657806396484 41.4801712036133 41.3042869567871 41.0228843688965 40.9164619445801 40.6959533691406 40.321460723877 39.7091674804688 39.4204292297363 39.5071601867676 39.8570899963379 39.9376220703125 39.579231262207 39.251895904541 39.3819007873535 39.2880744934082 38.9658279418945 38.7369995117188 38.2351913452148 37.504524230957 37.853702545166 38.133472442627
42.7036895751953 42.6480026245117 42.5685806274414 42.5154266357422 42.4560165405273 42.1474761962891 41.7309837341309 41.4978141784668 41.4756813049316 41.2664756774902 41.6443252563477 42.1187782287598 42.2746162414551 42.2514228820801 42.1515693664551 41.9732856750488 41.8134574890137 41.6032257080078 41.4793243408203 41.6656608581543 41.7347412109375 41.7417526245117 41.6791877746582 41.7235908508301 41.6416358947754 41.5354957580566 41.3701133728027 41.1037521362305 40.9709243774414 40.775146484375 40.4004707336426 40.1849975585938 39.7688636779785 39.5751152038574 39.494140625 39.5843696594238 39.7591552734375 39.5977058410645 39.2603912353516 39.0547332763672 38.8487167358398 38.6505661010742 38.3893127441406 38.0856170654297 37.5064125061035 37.7207527160645
42.7439270019531 42.6758728027344 42.5952224731445 42.5581283569336 42.470832824707 42.269401550293 41.996223449707 41.4827613830566 41.3634796142578 41.4939346313477 41.8521156311035 42.1534118652344 42.247184753418 42.2102088928223 42.0750389099121 41.9109420776367 41.6453285217285 41.5342826843262 41.5927963256836 41.5850028991699 41.6694755554199 41.5799293518066 41.4029731750488 41.5705490112305 41.6764335632324 41.5466461181641 41.3453483581543 41.1745948791504 41.0318489074707 40.9104499816895 40.7180252075195 40.4911460876465 40.2005882263184 40.1193237304688 39.8128700256348 39.4936065673828 39.5316734313965 39.5580673217773 39.3296279907227 39.1673583984375 39.0141334533691 38.7859001159668 38.2206764221191 37.8606414794922 37.9354095458984 37.9172248840332
42.7683143615723 42.7497749328613 42.6639099121094 42.6068954467773 42.4882431030273 42.3712997436523 42.2452621459961 41.9214897155762 41.5041732788086 41.5569801330566 41.6649055480957 41.8723526000977 42.0741424560547 42.0812568664551 42.0025444030762 41.8595809936523 41.6669654846191 41.516658782959 41.3953514099121 41.3999176025391 41.5579948425293 41.5198974609375 41.2928886413574 41.5773582458496 41.707633972168 41.5862426757812 41.4299507141113 41.2584037780762 41.161865234375 41.0351791381836 40.9029159545898 40.6803550720215 40.3819389343262 40.5136222839355 40.3701972961426 40.026912689209 39.6069755554199 39.4778861999512 39.5422630310059 39.8450317382812 39.1901512145996 38.9335289001465 38.5446395874023 37.9326820373535 37.839038848877 37.7021903991699
