inst/extdata/Tmax/Tmax51.asc
NCOLS 100 
NROWS 79 
XLLCORNER 148.06 
YLLCORNER -21.49 
CELLSIZE 0.01 
NODATA_value -3.4e+38 
[rows 0 to 19 of 79, columns 46 to 91 of 100]
27.3148250579834 25.9853420257568 26.1537284851074 26.3881397247314 26.943510055542 26.8719501495361 27.1170921325684 27.1183433532715 26.0946865081787 24.0831871032715 25.7780265808105 25.1211357116699 25.8821296691895 26.5633907318115 26.7183303833008 26.8924350738525 27.0723609924316 27.4757633209229 26.0237426757812 26.5661849975586 26.7358055114746 -3.4e+38 -3.4e+38 -3.4e+38 -3.4e+38 -3.4e+38 -3.4e+38 -3.4e+38 -3.4e+38 -3.4e+38 -3.4e+38 -3.4e+38 -3.4e+38 -3.4e+38 -3.4e+38 -3.4e+38 -3.4e+38 -3.4e+38 -3.4e+38 -3.4e+38 -3.4e+38 -3.4e+38 -3.4e+38 -3.4e+38 -3.4e+38 -3.4e+38
27.6719360351562 27.1231117248535 25.7454223632812 26.0608367919922 26.2555923461914 26.234884262085 26.5991630554199 26.9869003295898 25.6498355865479 24.5783214569092 26.6533718109131 26.2340469360352 28.1099262237549 27.770923614502 26.5948371887207 25.5859489440918 26.7264003753662 28.5737285614014 27.4771709442139 26.2414436340332 26.9358329772949 28.9892158508301 -3.4e+38 -3.4e+38 -3.4e+38 -3.4e+38 -3.4e+38 -3.4e+38 -3.4e+38 -3.4e+38 -3.4e+38 -3.4e+38 -3.4e+38 -3.4e+38 -3.4e+38 -3.4e+38 -3.4e+38 -3.4e+38 -3.4e+38 -3.4e+38 -3.4e+38 -3.4e+38 -3.4e+38 -3.4e+38 -3.4e+38 -3.4e+38
29.4438285827637 26.2791290283203 24.0907535552979 24.7242336273193 24.593318939209 26.1503887176514 25.3369617462158 25.2585124969482 24.3922996520996 24.0840606689453 25.9507961273193 27.4250431060791 28.8143844604492 28.3068790435791 25.7766304016113 25.0480880737305 26.6019725799561 26.2405014038086 26.1119117736816 26.3252716064453 25.9944763183594 26.2101898193359 26.0225963592529 26.4763050079346 -3.4e+38 -3.4e+38 -3.4e+38 -3.4e+38 -3.4e+38 -3.4e+38 -3.4e+38 -3.4e+38 -3.4e+38 -3.4e+38 -3.4e+38 -3.4e+38 -3.4e+38 -3.4e+38 -3.4e+38 -3.4e+38 -3.4e+38 -3.4e+38 -3.4e+38 -3.4e+38 -3.4e+38 -3.4e+38
25.4702968597412 24.9941425323486 21.9412097930908 23.099588394165 24.7591514587402 24.5925140380859 25.0668239593506 25.2290954589844 24.9138450622559 24.4607906341553 25.7453346252441 25.3426570892334 28.1490592956543 28.7363796234131 26.1858024597168 25.6050834655762 27.4505939483643 28.1172180175781 27.5394058227539 26.7789173126221 25.3440475463867 26.2844467163086 26.0072154998779 26.838716506958 27.3106422424316 27.2027778625488 -3.4e+38 -3.4e+38 -3.4e+38 -3.4e+38 -3.4e+38 -3.4e+38 -3.4e+38 -3.4e+38 -3.4e+38 -3.4e+38 -3.4e+38 -3.4e+38 -3.4e+38 -3.4e+38 -3.4e+38 -3.4e+38 -3.4e+38 -3.4e+38 -3.4e+38 -3.4e+38
26.429744720459 24.6053581237793 21.7186698913574 21.4747314453125 23.1039524078369 25.4451160430908 26.1375541687012 26.4837398529053 24.556957244873 23.5393600463867 24.2063961029053 22.5833930969238 24.0679473876953 28.202693939209 25.3858966827393 25.7203502655029 27.5921802520752 27.3919124603271 28.0371265411377 27.904764175415 21.4242763519287 26.2876873016357 26.5862903594971 26.07643699646 26.8419742584229 27.2427234649658 -3.4e+38 -3.4e+38 -3.4e+38 -3.4e+38 -3.4e+38 -3.4e+38 -3.4e+38 -3.4e+38 -3.4e+38 -3.4e+38 -3.4e+38 -3.4e+38 -3.4e+38 -3.4e+38 -3.4e+38 -3.4e+38 -3.4e+38 -3.4e+38 -3.4e+38 -3.4e+38
22.0567951202393 22.976770401001 20.8027534484863 20.0050449371338 23.0569095611572 25.3310699462891 24.736307144165 25.1734714508057 24.0077629089355 24.2981433868408 21.9195003509521 21.5799236297607 25.6941547393799 26.5743598937988 24.4285697937012 25.7774600982666 27.056116104126 28.1827640533447 27.1915493011475 26.9293479919434 21.5072498321533 23.5876998901367 27.2420902252197 26.2262592315674 26.6584358215332 26.5810108184814 -3.4e+38 -3.4e+38 -3.4e+38 -3.4e+38 -3.4e+38 -3.4e+38 -3.4e+38 -3.4e+38 -3.4e+38 -3.4e+38 -3.4e+38 -3.4e+38 -3.4e+38 -3.4e+38 -3.4e+38 -3.4e+38 -3.4e+38 -3.4e+38 -3.4e+38 -3.4e+38
20.6967124938965 21.7794017791748 22.038200378418 21.5869770050049 25.7002563476562 25.3679828643799 25.3561573028564 24.2150249481201 25.0615272521973 23.9449310302734 22.9988613128662 23.3249225616455 24.5022678375244 28.1780700683594 28.0286827087402 29.1608295440674 25.693058013916 26.026819229126 26.0542736053467 26.5256233215332 28.3047714233398 26.0561561584473 26.8667850494385 26.3900146484375 25.8144130706787 25.1285934448242 25.0588760375977 25.577880859375 -3.4e+38 -3.4e+38 -3.4e+38 -3.4e+38 -3.4e+38 -3.4e+38 -3.4e+38 -3.4e+38 -3.4e+38 -3.4e+38 -3.4e+38 -3.4e+38 -3.4e+38 -3.4e+38 -3.4e+38 -3.4e+38 -3.4e+38 -3.4e+38
19.488151550293 22.5024166107178 27.7427444458008 22.2205905914307 21.0168552398682 22.8534126281738 24.7426109313965 23.856559753418 24.2045307159424 25.0501155853271 23.448881149292 22.9624767303467 24.0146503448486 25.4785118103027 23.7505950927734 26.6574077606201 23.6053562164307 23.4097003936768 24.7730770111084 26.1610298156738 26.4078559875488 25.0615386962891 25.5959377288818 26.2273540496826 25.2154769897461 24.463695526123 24.182933807373 24.820951461792 26.1378173828125 24.6113147735596 25.8733940124512 -3.4e+38 -3.4e+38 -3.4e+38 -3.4e+38 -3.4e+38 -3.4e+38 -3.4e+38 -3.4e+38 -3.4e+38 -3.4e+38 -3.4e+38 -3.4e+38 -3.4e+38 -3.4e+38 -3.4e+38
19.4431762695312 21.7916202545166 22.6490745544434 26.5566959381104 22.0327777862549 20.1532878875732 22.4896621704102 22.9400863647461 25.2226600646973 25.4933643341064 25.6888961791992 23.9918975830078 23.6172275543213 24.2209415435791 22.0703659057617 21.9350242614746 21.1713962554932 25.5025901794434 24.0830783843994 25.4742050170898 27.5375995635986 27.4104499816895 24.9052562713623 22.9177703857422 24.0347671508789 24.6610450744629 25.2836742401123 26.4111843109131 26.043363571167 24.7737522125244 24.1942958831787 26.6295108795166 -3.4e+38 -3.4e+38 -3.4e+38 -3.4e+38 -3.4e+38 -3.4e+38 -3.4e+38 -3.4e+38 -3.4e+38 -3.4e+38 -3.4e+38 -3.4e+38 -3.4e+38 -3.4e+38
20.8734817504883 21.7780475616455 22.4477043151855 23.2261371612549 24.7855930328369 21.5623798370361 21.2894153594971 23.0894451141357 24.6363048553467 24.9026870727539 24.8068962097168 24.531400680542 23.4711112976074 23.5750484466553 21.9299011230469 21.5363349914551 21.1506175994873 26.2330417633057 25.9933891296387 24.2042465209961 25.3539695739746 27.1570949554443 27.8853359222412 26.8397445678711 26.8454074859619 24.5112800598145 25.0758781433105 27.6051654815674 25.5638542175293 24.8197460174561 27.7626647949219 28.2424087524414 -3.4e+38 -3.4e+38 -3.4e+38 -3.4e+38 -3.4e+38 -3.4e+38 -3.4e+38 -3.4e+38 -3.4e+38 -3.4e+38 -3.4e+38 -3.4e+38 -3.4e+38 -3.4e+38
19.7289237976074 22.1390991210938 22.0921058654785 22.0629692077637 23.5998840332031 26.4894275665283 23.6089477539062 24.4868621826172 24.2940196990967 24.5031967163086 25.2737808227539 24.7413330078125 24.2612724304199 24.8736953735352 24.2571125030518 24.3307247161865 25.4507160186768 25.7327690124512 26.9414310455322 26.6718101501465 24.2400360107422 27.4318828582764 25.098445892334 23.928991317749 25.6912574768066 25.3794918060303 26.3721294403076 26.3096466064453 28.2604351043701 28.8229808807373 -3.4e+38 -3.4e+38 -3.4e+38 -3.4e+38 -3.4e+38 -3.4e+38 -3.4e+38 -3.4e+38 -3.4e+38 -3.4e+38 -3.4e+38 -3.4e+38 -3.4e+38 -3.4e+38 -3.4e+38 -3.4e+38
19.1029853820801 20.3279266357422 20.5101833343506 19.6735572814941 20.6664733886719 21.7994785308838 28.4740562438965 25.2344856262207 24.9381847381592 24.623197555542 24.8015041351318 25.194278717041 24.3166790008545 24.9135303497314 24.6302947998047 26.4682025909424 26.4221000671387 26.3589115142822 29.4191341400146 27.1869831085205 25.3695278167725 25.3864479064941 25.4840431213379 24.8735809326172 28.8317604064941 24.6528263092041 25.9911842346191 25.7277050018311 26.4860992431641 25.2690944671631 -3.4e+38 -3.4e+38 -3.4e+38 -3.4e+38 -3.4e+38 -3.4e+38 -3.4e+38 -3.4e+38 -3.4e+38 -3.4e+38 -3.4e+38 -3.4e+38 -3.4e+38 -3.4e+38 -3.4e+38 -3.4e+38
18.8346862792969 17.4235744476318 17.12548828125 17.0696125030518 19.5956878662109 20.4450759887695 22.1338882446289 22.5182552337646 24.3704471588135 24.8600559234619 23.412841796875 23.738862991333 23.6227588653564 24.1455593109131 24.5516986846924 24.5632724761963 24.7881603240967 26.5195751190186 28.8681468963623 28.555233001709 26.3158874511719 26.5324211120605 26.3978443145752 28.1522693634033 26.4683570861816 25.7077960968018 26.5523014068604 25.7977333068848 24.1548290252686 22.2719211578369 25.3288688659668 26.6588687896729 -3.4e+38 -3.4e+38 -3.4e+38 -3.4e+38 -3.4e+38 -3.4e+38 -3.4e+38 -3.4e+38 -3.4e+38 -3.4e+38 -3.4e+38 -3.4e+38 -3.4e+38 -3.4e+38
18.843433380127 17.8017463684082 17.2588386535645 16.8918781280518 17.4409999847412 18.021110534668 20.1907253265381 21.405237197876 23.9237098693848 25.0285034179688 24.0781860351562 24.0440464019775 24.5721893310547 25.0252113342285 25.3526611328125 26.6164093017578 24.7961673736572 26.7666492462158 27.8489189147949 26.7295608520508 26.7116546630859 29.0907669067383 26.7744445800781 26.2451000213623 27.5883102416992 25.8384895324707 24.8128490447998 24.5818214416504 23.6419486999512 24.8896961212158 26.8346576690674 26.5596389770508 25.4387149810791 -3.4e+38 -3.4e+38 -3.4e+38 -3.4e+38 21.6566638946533 27.8614730834961 -3.4e+38 -3.4e+38 -3.4e+38 -3.4e+38 -3.4e+38 -3.4e+38 -3.4e+38
19.3943901062012 18.4509029388428 17.3101711273193 16.955228805542 17.5654048919678 17.3435382843018 18.6121063232422 20.4866943359375 21.7779808044434 22.8219547271729 21.0792980194092 24.528938293457 23.8416233062744 24.5131797790527 25.7956619262695 24.8569526672363 25.6622657775879 29.126745223999 25.6627635955811 27.4624862670898 26.6251373291016 28.5487880706787 27.2319736480713 26.5034313201904 26.4426155090332 26.5214977264404 26.3921527862549 25.0126285552979 24.5480804443359 27.3519763946533 27.3038578033447 26.4472541809082 25.7923526763916 -3.4e+38 -3.4e+38 -3.4e+38 -3.4e+38 22.8109169006348 26.6355018615723 28.1275234222412 27.7569198608398 27.6286716461182 -3.4e+38 -3.4e+38 -3.4e+38 -3.4e+38
19.3067569732666 17.8149070739746 17.2735939025879 17.3341865539551 16.9486904144287 17.9994106292725 17.8616542816162 19.3937549591064 23.6062049865723 25.2441062927246 23.0964889526367 21.36842918396 25.1759986877441 20.6496276855469 20.7368183135986 21.6042938232422 26.8582706451416 25.1402835845947 24.6962413787842 25.8617172241211 26.0372829437256 26.7995414733887 26.6176319122314 25.8978729248047 25.8439254760742 25.9430503845215 27.06715965271 26.0622100830078 25.2260265350342 25.1971778869629 25.9630603790283 22.4764366149902 28.7063026428223 -3.4e+38 -3.4e+38 26.0062313079834 27.6961250305176 26.8721618652344 25.6347236633301 26.706485748291 26.6509647369385 28.091869354248 -3.4e+38 -3.4e+38 -3.4e+38 -3.4e+38
17.5907573699951 16.2728023529053 16.3894138336182 17.7208080291748 18.2677364349365 17.9985179901123 17.5005111694336 18.3719635009766 25.7296161651611 24.2875709533691 28.4924049377441 21.1667671203613 22.117769241333 22.8828468322754 20.7550983428955 20.9794883728027 21.7262382507324 23.6305027008057 25.400857925415 24.8140487670898 27.6544418334961 24.9743499755859 25.6686344146729 25.9549331665039 25.4088859558105 26.491283416748 26.4372043609619 26.7612037658691 27.0720977783203 25.7319602966309 25.9601783752441 22.5355396270752 24.5682544708252 -3.4e+38 28.4525852203369 23.8910617828369 25.8392848968506 -3.4e+38 28.1530151367188 -3.4e+38 27.844539642334 -3.4e+38 -3.4e+38 -3.4e+38 -3.4e+38 -3.4e+38
18.2101917266846 16.4284210205078 15.7443313598633 18.6110038757324 18.7475128173828 17.7497997283936 17.367883682251 17.4622192382812 19.4393005371094 22.03395652771 22.4218482971191 26.2455215454102 27.9341106414795 23.2941188812256 22.7097835540771 24.0910701751709 24.5242519378662 24.8054752349854 24.3476676940918 24.2649917602539 25.8196754455566 25.8557586669922 27.3993663787842 27.4177188873291 25.6979217529297 25.4612426757812 26.4017562866211 25.3576889038086 25.6257286071777 25.4757671356201 23.1408367156982 24.405330657959 28.3573818206787 25.3630142211914 24.4020900726318 27.077844619751 26.6828479766846 -3.4e+38 -3.4e+38 -3.4e+38 -3.4e+38 -3.4e+38 -3.4e+38 27.7509632110596 -3.4e+38 -3.4e+38
19.4093208312988 19.1070899963379 16.3266334533691 18.2515659332275 16.7157726287842 16.9851474761963 18.0454978942871 18.2045269012451 20.2720108032227 23.1687850952148 22.2085132598877 22.3038158416748 24.9920558929443 28.9775562286377 24.4428768157959 24.7312755584717 24.5218124389648 23.7262496948242 23.2431182861328 23.1857242584229 28.5788307189941 26.193431854248 28.2282314300537 26.3919982910156 26.5748310089111 25.0632400512695 25.5058517456055 24.3996734619141 24.9983959197998 25.0562438964844 23.4423961639404 23.7012062072754 26.7476711273193 26.8638362884521 26.363489151001 26.7212429046631 26.3248100280762 27.9462184906006 26.4965496063232 23.4810466766357 25.8797664642334 25.5680751800537 26.611364364624 25.6976642608643 -3.4e+38 -3.4e+38
19.9751243591309 19.009973526001 19.4928913116455 19.6240043640137 17.9298477172852 17.3872547149658 17.1350498199463 17.5137233734131 20.0830955505371 27.9230823516846 22.5703315734863 28.363561630249 27.2367095947266 24.4451274871826 24.6149024963379 22.213098526001 22.3375720977783 24.7950038909912 23.3116626739502 23.616153717041 25.7822456359863 27.2978172302246 29.2887535095215 27.0078773498535 28.6282711029053 25.4299049377441 28.1128234863281 26.4847946166992 25.623384475708 25.3470840454102 24.5665550231934 25.7109794616699 27.2480010986328 27.8306179046631 28.0164413452148 25.2331867218018 24.9366493225098 26.3317184448242 27.4213428497314 28.1762084960938 27.7485389709473 27.7848796844482 26.0261039733887 25.761402130127 22.1394386291504 -3.4e+38
