inst/extdata/Tmax/Tmax50.asc
NCOLS 100 
NROWS 79 
XLLCORNER 148.06 
YLLCORNER -21.49 
CELLSIZE 0.01 
NODATA_value -3.4e+38 
[rows 40 to 59 of 79, columns 0 to 45 of 100]
25.386640548706101 25.0372047424316 25.9328479766846 26.591760635376 25.7825698852539 25.6659698486328 25.661262512207 25.6572456359863 24.9274234771729 25.3205432891846 25.9720191955566 27.4718189239502 27.9629096984863 26.962366104126 27.0520935058594 26.5983734130859 26.4670238494873 25.7738819122314 25.0910663604736 25.3792190551758 25.3764915466309 25.4889354705811 25.4642353057861 25.4415073394775 23.7684020996094 23.9437980651855 23.1725978851318 23.2023944854736 23.5546112060547 22.4911823272705 21.4988250732422 20.5072460174561 22.2088356018066 22.0155982971191 21.5043983459473 21.9362468719482 21.5269508361816 18.722541809082 18.2435455322266 17.8055782318115 17.4061069488525 16.5599231719971 15.9927568435669 15.7729434967041 15.5088863372803 17.3314685821533
25.8381309509277 25.5576019287109 25.6793060302734 26.3856315612793 26.5190620422363 26.3978099822998 25.681209564209 26.0294322967529 25.6595573425293 26.2818756103516 26.3150939941406 27.212287902832 27.5243320465088 27.5768260955811 26.871374130249 27.5894622802734 26.7725620269775 25.7610454559326 25.0443000793457 25.6081390380859 26.0133743286133 26.2351322174072 25.6773853302002 24.7441368103027 22.7818164825439 22.2079429626465 22.8208160400391 22.9833145141602 23.2657127380371 22.7963676452637 21.6602096557617 21.6441192626953 22.0018749237061 22.5748081207275 19.6538753509521 20.729154586792 20.155912399292 18.6373348236084 18.5307025909424 20.070972442627 19.8678188323975 17.5707969665527 15.5399084091187 15.4630098342896 15.5332345962524 15.9010467529297
25.8148708343506 25.7973957061768 26.0361671447754 26.0980358123779 26.0206031799316 25.8876342773438 25.8807754516602 26.2826805114746 26.0138473510742 26.2109794616699 26.6354522705078 27.3912143707275 28.180477142334 27.6201076507568 27.6998882293701 27.1650295257568 27.0513801574707 26.8566455841064 26.0951080322266 26.0466766357422 26.3572769165039 25.55104637146 25.5307197570801 24.8576221466064 24.9854679107666 24.3688869476318 22.2814197540283 22.9894046783447 23.0094413757324 22.5227088928223 20.9811058044434 21.0574817657471 20.0179462432861 20.0318489074707 18.8003807067871 19.2671184539795 17.1615333557129 18.1091690063477 18.4434261322021 17.9011821746826 18.6340198516846 17.765983581543 18.0057792663574 16.7175407409668 16.6500606536865 17.5951957702637
25.0089263916016 25.5295429229736 25.9507865905762 26.0473880767822 26.3130893707275 26.1363124847412 26.8760795593262 26.6545219421387 26.169002532959 26.1344585418701 26.3289699554443 27.011323928833 27.553804397583 27.7319564819336 28.1283798217773 28.1852111816406 27.7198581695557 27.4681262969971 26.4764270782471 26.3345241546631 26.4147834777832 26.2654724121094 25.6588668823242 24.300256729126 24.5648078918457 24.4591941833496 24.0153274536133 23.7250518798828 22.9596309661865 23.1939659118652 22.0423488616943 21.6499805450439 23.042085647583 21.8198204040527 22.0920505523682 16.0841941833496 16.6762218475342 16.8415641784668 17.1048145294189 16.7521781921387 16.4005451202393 17.1777400970459 16.8208351135254 17.7100238800049 19.4336681365967 21.7727928161621
24.6627388000488 25.3484897613525 25.2864971160889 25.2980060577393 25.9535160064697 26.1267490386963 26.1918354034424 26.3996620178223 26.2430229187012 26.4780731201172 26.2951602935791 27.1806201934814 27.277660369873 27.9252605438232 28.2255268096924 28.0263862609863 27.6254653930664 27.7961883544922 27.6225547790527 27.4491653442383 26.8767967224121 26.6939754486084 25.8874549865723 26.4284687042236 25.7295875549316 24.5844020843506 24.6370487213135 23.9534111022949 24.2779884338379 23.3929691314697 23.1500873565674 22.7360248565674 23.2164001464844 25.0255088806152 24.9887046813965 16.9107074737549 15.617208480835 15.6750526428223 15.828013420105 16.3830718994141 16.1684303283691 16.695972442627 16.0891761779785 16.8934535980225 18.5294170379639 21.7164173126221
25.7874126434326 25.2416744232178 24.7698345184326 24.9097881317139 25.6083908081055 25.5573616027832 25.8901290893555 26.3239936828613 26.4548950195312 26.3991527557373 26.2686748504639 26.7813110351562 26.6309394836426 27.7784996032715 28.4400482177734 27.9786205291748 27.4757404327393 28.0601253509521 27.2851009368896 27.0150547027588 26.9294528961182 26.5853099822998 26.0676193237305 24.9280757904053 25.6018447875977 25.5665016174316 24.0651760101318 24.4539604187012 24.6082706451416 23.5375919342041 22.3692016601562 22.2978000640869 23.3818092346191 23.4269275665283 25.4906539916992 22.0734939575195 16.4489517211914 15.6972742080688 15.7867670059204 16.5981159210205 15.8682298660278 16.3218631744385 16.855993270874 16.9309711456299 18.0489692687988 18.8441696166992
24.4631099700928 24.9461517333984 25.4120674133301 24.6789016723633 24.5768775939941 25.0641574859619 25.7742156982422 25.9540672302246 25.9945964813232 25.8130893707275 26.4443206787109 26.5922889709473 25.7001628875732 26.4151344299316 27.8829898834229 26.7300415039062 26.7985191345215 27.910572052002 27.6926021575928 26.4117088317871 26.6063957214355 26.2671508789062 26.3524875640869 26.6316089630127 23.9702739715576 24.367301940918 24.361967086792 24.5490627288818 24.7104358673096 24.8508682250977 23.1810283660889 22.687894821167 22.3091239929199 22.6219692230225 24.0867481231689 24.0430755615234 16.6988430023193 16.9013519287109 16.7500190734863 17.4795150756836 16.744514465332 16.6791572570801 16.9465675354004 22.5907745361328 18.2505950927734 17.3209075927734
25.768741607666 24.5501518249512 25.5033302307129 24.4168910980225 24.4330635070801 24.7245712280273 24.9746074676514 24.9260959625244 24.8290996551514 25.5012016296387 25.2791690826416 25.3685207366943 25.7769775390625 26.6740856170654 27.5867118835449 27.7728900909424 27.1840915679932 27.6173877716064 27.4692611694336 26.490364074707 27.1221103668213 27.0557518005371 25.72776222229 25.9718017578125 25.6713714599609 26.4220085144043 26.0062065124512 25.3649101257324 25.461841583252 25.3336982727051 24.6680450439453 23.9291534423828 22.6699466705322 23.709493637085 23.7185344696045 22.6724739074707 22.3552627563477 20.3509998321533 18.2011775970459 18.1966667175293 17.6973476409912 17.5981693267822 17.6224308013916 17.4635543823242 16.8053112030029 16.5237331390381
27.158260345459 25.2697563171387 23.981014251709 23.6614093780518 23.8242034912109 24.9397449493408 24.4734344482422 24.3844871520996 24.3309688568115 25.2097549438477 25.402364730835 25.2223949432373 25.7359580993652 26.8396606445312 27.728515625 26.891508102417 26.9342517852783 26.6161499023438 27.1494178771973 26.0921115875244 26.2496109008789 27.2384071350098 27.0139389038086 26.7341823577881 26.1338901519775 25.5656089782715 26.54660987854 27.1590385437012 26.5843048095703 25.4664192199707 24.4844264984131 24.5376224517822 23.6302223205566 23.4200859069824 23.4051132202148 23.4492874145508 23.7739582061768 23.6162033081055 23.739501953125 22.0242710113525 16.9941940307617 17.0435657501221 17.3535995483398 16.9553108215332 16.9102210998535 16.5526809692383
27.380256652832 26.3656749725342 25.4017944335938 23.5359916687012 23.4887409210205 23.6059951782227 24.2097148895264 24.3660144805908 24.3990077972412 25.8407211303711 26.7295608520508 26.2408332824707 25.8601913452148 26.0586185455322 26.2335586547852 26.3260078430176 26.8680515289307 27.0629386901855 26.6938819885254 27.3860740661621 26.2411708831787 26.768383026123 27.1624164581299 27.0457897186279 26.5799922943115 27.1036205291748 25.502799987793 26.5614166259766 25.9730129241943 25.3264255523682 24.3341464996338 24.8792514801025 22.9494762420654 22.905782699585 23.1504001617432 19.8163928985596 23.9069633483887 23.6297359466553 23.3192443847656 23.4516315460205 22.0267581939697 16.8689403533936 16.6195793151855 18.8580417633057 18.8200359344482 19.3711490631104
27.7223014831543 26.8752517700195 26.3781261444092 23.9607391357422 23.9038639068604 23.4954700469971 23.6804943084717 24.3512058258057 24.3079681396484 25.5819911956787 26.7547855377197 26.6005458831787 26.7538089752197 27.1547317504883 27.0061798095703 26.6328105926514 26.9421119689941 26.9587078094482 27.0000553131104 26.2183609008789 27.1822319030762 26.9952621459961 26.71994972229 26.273889541626 26.0146484375 26.0224876403809 25.6429748535156 25.0762500762939 26.0077018737793 25.7811088562012 24.6339817047119 24.8233280181885 23.310863494873 23.4961643218994 21.8195648193359 22.9000339508057 22.846134185791 23.2983055114746 23.149845123291 23.2399082183838 22.8174514770508 22.0913963317871 20.8435211181641 20.0111103057861 18.6420707702637 18.5231533050537
27.472375869751 27.6504936218262 26.5104675292969 24.7854347229004 24.4811153411865 24.8601016998291 24.2557163238525 23.8430957794189 23.1799354553223 24.1722583770752 26.2499485015869 26.9396305084229 27.1939697265625 26.4315204620361 27.027437210083 26.977237701416 27.1465835571289 27.5167255401611 27.6659641265869 26.4849052429199 27.3582935333252 27.2698135375977 25.894344329834 25.9173030853271 25.7782974243164 24.9094295501709 24.8002872467041 24.9990997314453 25.8120670318604 26.5226364135742 26.3582153320312 24.2124214172363 23.8465461730957 22.8912906646729 22.5721912384033 22.0591697692871 22.1428813934326 22.9045238494873 22.8778705596924 22.8967800140381 22.1631126403809 21.896484375 21.4216251373291 20.5335254669189 16.6842975616455 16.4990787506104
26.8969860076904 27.5202121734619 27.2241363525391 23.6242027282715 23.0602283477783 23.9310131072998 23.8490924835205 24.0333271026611 23.1583061218262 23.3953628540039 25.2565784454346 24.9866275787354 25.8905506134033 27.0216503143311 26.6576480865479 27.0901355743408 27.3002395629883 27.5973491668701 27.4870052337646 27.3904056549072 27.3560352325439 27.1742782592773 27.0258712768555 25.9267349243164 26.8617992401123 26.5465660095215 25.1591968536377 25.2492427825928 25.3818283081055 26.0922985076904 26.1707038879395 24.8087291717529 23.8074932098389 23.1505546569824 23.117338180542 23.8817138671875 22.0559024810791 21.7805614471436 22.5124702453613 23.6184349060059 23.5457134246826 22.8379611968994 22.7626914978027 21.937837600708 17.0008087158203 16.3954944610596
27.1701812744141 26.6800632476807 26.6342945098877 24.4324436187744 23.3201427459717 24.54319190979 24.5783100128174 24.0149345397949 23.2350730895996 23.3891143798828 25.0515308380127 24.6167888641357 26.6660289764404 26.6692962646484 26.5621643066406 27.4212894439697 27.1132183074951 27.5283889770508 26.329568862915 27.176628112793 27.2972221374512 27.3912467956543 27.2233905792236 26.4153785705566 25.7845420837402 26.0009441375732 26.0008773803711 25.44948387146 24.9648342132568 25.3345012664795 25.7248268127441 26.0973129272461 26.1275691986084 25.306396484375 24.2876434326172 24.901029586792 23.5339832305908 22.6583862304688 21.3784675598145 22.8217830657959 23.8373222351074 24.0075359344482 23.4208679199219 23.1884746551514 20.6543788909912 20.2076969146729
26.8715496063232 26.0525779724121 26.2967338562012 25.4033718109131 24.8812427520752 24.6610488891602 25.2069034576416 24.7448806762695 25.0438022613525 24.1384296417236 24.2040748596191 25.0577754974365 25.3498916625977 26.3175067901611 27.086784362793 27.2768306732178 27.2197418212891 27.4297466278076 27.4167308807373 26.6171398162842 26.6546421051025 27.3328399658203 26.9223594665527 27.411642074585 26.6138248443604 25.9513778686523 25.4218463897705 25.8243751525879 24.4209747314453 25.5881729125977 25.1886119842529 24.7437896728516 25.7810363769531 25.5388126373291 26.4579620361328 24.1256294250488 24.2169322967529 24.8300628662109 24.5000171661377 23.1900863647461 23.1743850708008 22.3916244506836 21.6429271697998 20.8411636352539 20.9933986663818 17.9017658233643
26.9543399810791 27.0041217803955 26.8770999908447 25.844799041748 25.4955654144287 25.3398113250732 25.7837181091309 26.1962585449219 25.4046325683594 24.2813358306885 25.09450340271 26.4903564453125 26.2527179718018 27.2474670410156 27.0517177581787 27.1695690155029 25.9339923858643 26.5629062652588 26.7202186584473 26.77001953125 26.4317226409912 26.5343456268311 26.1838703155518 26.8223094940186 26.4833946228027 26.7480239868164 25.8821506500244 26.2396564483643 25.1621131896973 25.6059703826904 25.7124328613281 25.2112884521484 24.5614414215088 24.5806789398193 25.097053527832 25.731517791748 25.4100284576416 25.2797393798828 24.4837627410889 22.8603343963623 22.2388134002686 23.0282135009766 20.9755077362061 17.3749332427979 17.8663120269775 17.6704063415527
26.4578399658203 26.8794612884521 26.4600200653076 27.0681285858154 25.8999633789062 24.5856838226318 25.2858467102051 26.0866298675537 25.7212715148926 24.964599609375 24.8846035003662 26.7133026123047 27.1194801330566 26.0012912750244 26.653507232666 27.0698986053467 25.8291778564453 26.2542304992676 26.5676212310791 25.6992568969727 25.9438495635986 26.2874393463135 26.5338115692139 26.4304599761963 26.4749870300293 26.4136848449707 26.2192802429199 25.7165546417236 25.4189300537109 25.9120388031006 24.2209911346436 25.0025367736816 23.387149810791 23.4664173126221 23.973274230957 25.1552562713623 24.5072040557861 23.4366359710693 23.3901386260986 18.6552619934082 18.2946357727051 21.844596862793 20.5907573699951 16.9005336761475 17.4404296875 17.6442928314209
26.9235324859619 27.2496032714844 26.8835563659668 26.6805076599121 26.2252750396729 26.4883251190186 25.4000110626221 25.3232917785645 25.7595558166504 25.6695404052734 24.3807125091553 25.7250900268555 27.1186275482178 26.8497047424316 26.4472312927246 26.9970684051514 26.4473438262939 26.2420272827148 24.919116973877 26.194917678833 26.5496082305908 26.6638126373291 25.8442287445068 26.3461971282959 27.0602397918701 26.4015522003174 26.2367420196533 25.751485824585 25.8511123657227 26.3242626190186 25.6412048339844 25.5190372467041 25.3089828491211 24.7556495666504 23.6205158233643 23.7400054931641 24.6819000244141 23.8890438079834 22.6971569061279 18.5037307739258 18.3863220214844 22.5263042449951 17.9529800415039 17.6629600524902 16.975959777832 17.2016448974609
27.1561851501465 27.1232032775879 27.2516231536865 26.8943767547607 26.8394622802734 26.2034721374512 25.2102146148682 24.9830112457275 25.2616748809814 24.3609580993652 24.7048740386963 26.7968368530273 26.5637187957764 27.2780151367188 26.4043769836426 26.4701442718506 25.2900638580322 25.1629257202148 25.1478977203369 25.2123165130615 25.3226776123047 25.6967144012451 25.0155620574951 25.6992015838623 26.9456062316895 26.3001251220703 25.9445362091064 26.0334281921387 25.8629093170166 26.3817768096924 25.5776519775391 25.5441932678223 25.3964920043945 24.8413639068604 24.7610301971436 23.7081089019775 23.679178237915 23.2378044128418 19.1278648376465 19.0285549163818 18.7281475067139 21.9362506866455 18.0404777526855 17.2178516387939 17.2962055206299 17.2182216644287
26.9555892944336 26.3652973175049 27.1165752410889 26.0813007354736 26.8151454925537 25.5957260131836 25.5012645721436 24.8305854797363 25.2419357299805 24.3836517333984 24.4543437957764 24.1382617950439 26.036111831665 26.9202766418457 26.8930244445801 26.1842708587646 25.0562210083008 25.1706867218018 25.0864696502686 24.4364738464355 24.8206825256348 26.2117748260498 25.2574901580811 25.655912399292 25.7428245544434 26.2202434539795 26.0549793243408 25.8668155670166 26.0568504333496 26.7104911804199 25.7593631744385 25.3551597595215 24.9526023864746 25.7416152954102 25.381326675415 24.9753818511963 24.2929801940918 23.0895233154297 22.5502796173096 22.533540725708 21.8721218109131 21.9154930114746 21.1657733917236 17.3300342559814 17.2308235168457 17.2287044525146
