inst/extdata/Tmax/Tmax109.asc
NCOLS 100 
NROWS 79 
XLLCORNER 148.06 
YLLCORNER -21.49 
CELLSIZE 0.01 
NODATA_value -3.4e+38 
[rows 0 to 19 of 79, columns 46 to 91 of 100]
32.0120544433594 31.8147850036621 31.6934566497803 31.6732044219971 31.6345081329346 31.493200302124 31.6809692382812 31.5072288513184 31.3126201629639 31.1355857849121 31.0565299987793 30.7830924987793 30.6813411712646 30.9014949798584 31.1742115020752 31.0936222076416 30.9605083465576 30.7791347503662 30.4670124053955 30.2659149169922 30.121940612793 -3.4e+38 -3.4e+38 -3.4e+38 -3.4e+38 -3.4e+38 -3.4e+38 -3.4e+38 -3.4e+38 -3.4e+38 -3.4e+38 -3.4e+38 -3.4e+38 -3.4e+38 -3.4e+38 -3.4e+38 -3.4e+38 -3.4e+38 -3.4e+38 -3.4e+38 -3.4e+38 -3.4e+38 -3.4e+38 -3.4e+38 -3.4e+38 -3.4e+38
31.9504795074463 31.6524200439453 31.4088287353516 31.6376457214355 31.7749252319336 31.7519855499268 31.7013664245605 31.598840713501 31.254056930542 30.811071395874 30.9508686065674 30.4130535125732 30.9216403961182 31.2304592132568 31.2060775756836 31.1149215698242 30.9986476898193 30.8540019989014 30.6455364227295 30.5404605865479 30.4334526062012 30.2883529663086 -3.4e+38 -3.4e+38 -3.4e+38 -3.4e+38 -3.4e+38 -3.4e+38 -3.4e+38 -3.4e+38 -3.4e+38 -3.4e+38 -3.4e+38 -3.4e+38 -3.4e+38 -3.4e+38 -3.4e+38 -3.4e+38 -3.4e+38 -3.4e+38 -3.4e+38 -3.4e+38 -3.4e+38 -3.4e+38 -3.4e+38 -3.4e+38
31.8246917724609 31.0717029571533 30.2349033355713 31.5599040985107 31.7296295166016 31.7142677307129 31.6988162994385 31.6441307067871 31.4100322723389 30.8123359680176 30.9113254547119 31.0480518341064 31.1239433288574 31.2753639221191 31.2373752593994 31.1411457061768 31.0479755401611 30.9433784484863 30.8079223632812 30.5747661590576 30.5353622436523 30.3549060821533 30.095983505249 29.7737236022949 -3.4e+38 -3.4e+38 -3.4e+38 -3.4e+38 -3.4e+38 -3.4e+38 -3.4e+38 -3.4e+38 -3.4e+38 -3.4e+38 -3.4e+38 -3.4e+38 -3.4e+38 -3.4e+38 -3.4e+38 -3.4e+38 -3.4e+38 -3.4e+38 -3.4e+38 -3.4e+38 -3.4e+38 -3.4e+38
31.3878231048584 31.4311256408691 30.3501873016357 31.4264812469482 31.5926399230957 31.6274185180664 31.6953125 31.595832824707 31.4623794555664 31.1239624023438 31.0242347717285 30.7621936798096 31.1134185791016 31.2436466217041 31.2659759521484 31.1718044281006 31.1124820709229 31.0399417877197 30.8934803009033 30.5099143981934 30.3133754730225 30.3220462799072 30.2434406280518 30.1470432281494 29.9574737548828 29.5046615600586 -3.4e+38 -3.4e+38 -3.4e+38 -3.4e+38 -3.4e+38 -3.4e+38 -3.4e+38 -3.4e+38 -3.4e+38 -3.4e+38 -3.4e+38 -3.4e+38 -3.4e+38 -3.4e+38 -3.4e+38 -3.4e+38 -3.4e+38 -3.4e+38 -3.4e+38 -3.4e+38
31.3476810455322 31.3533782958984 30.1608772277832 30.3679237365723 31.1164455413818 31.5990104675293 31.6905250549316 31.5466423034668 31.5165481567383 31.1950874328613 30.901029586792 30.7040348052979 30.3128776550293 30.9564571380615 31.2118301391602 31.1295776367188 31.163402557373 31.1111717224121 30.8595848083496 30.0859222412109 29.5511856079102 30.3074569702148 30.3788681030273 30.3012886047363 30.0272655487061 29.7043724060059 -3.4e+38 -3.4e+38 -3.4e+38 -3.4e+38 -3.4e+38 -3.4e+38 -3.4e+38 -3.4e+38 -3.4e+38 -3.4e+38 -3.4e+38 -3.4e+38 -3.4e+38 -3.4e+38 -3.4e+38 -3.4e+38 -3.4e+38 -3.4e+38 -3.4e+38 -3.4e+38
30.4916534423828 31.1925487518311 29.675989151001 29.0434894561768 30.7375640869141 31.656608581543 31.5949859619141 31.5361862182617 31.4796524047852 31.0638999938965 30.1433448791504 29.8053894042969 30.1344528198242 31.0736331939697 30.9743633270264 31.149486541748 31.1974487304688 31.1225681304932 31.0217742919922 30.3535194396973 29.5912437438965 29.6569843292236 30.1686325073242 30.2189483642578 30.1729869842529 30.0595283508301 -3.4e+38 -3.4e+38 -3.4e+38 -3.4e+38 -3.4e+38 -3.4e+38 -3.4e+38 -3.4e+38 -3.4e+38 -3.4e+38 -3.4e+38 -3.4e+38 -3.4e+38 -3.4e+38 -3.4e+38 -3.4e+38 -3.4e+38 -3.4e+38 -3.4e+38 -3.4e+38
29.5859775543213 31.1442451477051 30.5142936706543 30.4127445220947 31.3394374847412 31.6012191772461 31.4295959472656 31.3151473999023 31.4680480957031 30.9735679626465 30.2475776672363 30.2340278625488 30.9010181427002 31.0271835327148 30.0912952423096 30.9923038482666 31.0514659881592 31.0511283874512 31.0827140808105 30.7872276306152 30.3823890686035 30.0980339050293 30.3123111724854 30.0477523803711 30.2900772094727 30.3079681396484 30.1646881103516 29.8556747436523 -3.4e+38 -3.4e+38 -3.4e+38 -3.4e+38 -3.4e+38 -3.4e+38 -3.4e+38 -3.4e+38 -3.4e+38 -3.4e+38 -3.4e+38 -3.4e+38 -3.4e+38 -3.4e+38 -3.4e+38 -3.4e+38 -3.4e+38 -3.4e+38
28.7329139709473 31.1226119995117 31.5391426086426 31.3309078216553 30.3332176208496 30.5689086914062 31.2034111022949 31.3540725708008 31.5115776062012 31.3155784606934 30.9155311584473 30.4865341186523 30.5086650848389 30.7257862091064 30.2647190093994 30.9752922058105 30.2394046783447 30.1918926239014 30.906665802002 31.0285243988037 30.846040725708 30.5769138336182 30.456356048584 30.4959697723389 30.4544620513916 30.410285949707 30.1975498199463 30.0193958282471 29.7028064727783 29.1613426208496 29.1443424224854 -3.4e+38 -3.4e+38 -3.4e+38 -3.4e+38 -3.4e+38 -3.4e+38 -3.4e+38 -3.4e+38 -3.4e+38 -3.4e+38 -3.4e+38 -3.4e+38 -3.4e+38 -3.4e+38 -3.4e+38
28.6601696014404 30.6500091552734 31.5427722930908 31.4157619476318 30.551815032959 29.0719432830811 30.4073238372803 31.4463901519775 31.5185604095459 31.3980407714844 31.2438049316406 30.9713344573975 30.9867210388184 30.8042068481445 30.2683925628662 30.1984748840332 29.7634868621826 30.5371208190918 30.8424053192139 30.9076175689697 30.9091682434082 30.5374298095703 30.1230373382568 29.7824687957764 30.4796161651611 30.5148029327393 30.3711452484131 30.1888294219971 30.0499877929688 29.4714641571045 29.2554206848145 29.4028739929199 -3.4e+38 -3.4e+38 -3.4e+38 -3.4e+38 -3.4e+38 -3.4e+38 -3.4e+38 -3.4e+38 -3.4e+38 -3.4e+38 -3.4e+38 -3.4e+38 -3.4e+38 -3.4e+38
29.5486354827881 30.6321887969971 31.38916015625 31.3723487854004 31.3428897857666 29.9511623382568 30.2609329223633 31.3340129852295 31.5094547271729 31.3835163116455 31.1836833953857 30.9185104370117 30.7868347167969 30.893253326416 30.2119407653809 29.9040222167969 29.8158740997314 30.9571743011475 30.7910747528076 30.4737167358398 30.8644523620605 30.8196392059326 30.6062793731689 30.2410793304443 30.6414051055908 30.5696907043457 30.3973045349121 30.4339866638184 30.257022857666 29.9266452789307 29.39501953125 29.4142684936523 -3.4e+38 -3.4e+38 -3.4e+38 -3.4e+38 -3.4e+38 -3.4e+38 -3.4e+38 -3.4e+38 -3.4e+38 -3.4e+38 -3.4e+38 -3.4e+38 -3.4e+38 -3.4e+38
28.6477603912354 30.4500370025635 30.806339263916 30.5728569030762 30.92626953125 31.1949214935303 30.9043598175049 31.3479709625244 31.44899559021 31.3415775299072 31.1706104278564 30.9836692810059 30.7735538482666 31.1388130187988 30.9737682342529 30.8762741088867 30.937162399292 31.1504955291748 31.1428413391113 30.5789184570312 30.0983352661133 30.7779426574707 30.9571952819824 30.4232311248779 30.4270153045654 30.2669868469238 30.2244167327881 30.5319843292236 30.3588352203369 30.0464000701904 -3.4e+38 -3.4e+38 -3.4e+38 -3.4e+38 -3.4e+38 -3.4e+38 -3.4e+38 -3.4e+38 -3.4e+38 -3.4e+38 -3.4e+38 -3.4e+38 -3.4e+38 -3.4e+38 -3.4e+38 -3.4e+38
28.0100250244141 28.9385051727295 29.2409934997559 28.974910736084 29.9591293334961 30.6470947265625 31.0393238067627 31.3309955596924 31.3288593292236 31.2397994995117 31.0558891296387 30.8641262054443 30.7104454040527 31.3563499450684 31.3453540802002 31.1988677978516 31.2070026397705 31.3004016876221 31.3414611816406 31.2350845336914 30.8320045471191 30.6135292053223 31.0009212493896 30.7941627502441 30.5345554351807 30.6532936096191 30.6730766296387 30.3884716033936 30.2543411254883 30.0659847259521 -3.4e+38 -3.4e+38 -3.4e+38 -3.4e+38 -3.4e+38 -3.4e+38 -3.4e+38 -3.4e+38 -3.4e+38 -3.4e+38 -3.4e+38 -3.4e+38 -3.4e+38 -3.4e+38 -3.4e+38 -3.4e+38
27.9987525939941 27.0404968261719 26.4397468566895 26.560173034668 28.6232662200928 29.138370513916 30.3934307098389 30.7696590423584 31.1039390563965 30.9876613616943 30.7683906555176 31.1151351928711 31.1192741394043 31.0121059417725 31.4754848480225 31.454195022583 31.3868522644043 31.3959789276123 31.4087142944336 31.3889102935791 31.3310890197754 31.2462673187256 31.0872287750244 31.0225067138672 30.6971473693848 30.7753200531006 30.7434768676758 30.4444541931152 30.1480236053467 30.0153007507324 29.8498191833496 29.5098190307617 -3.4e+38 -3.4e+38 -3.4e+38 -3.4e+38 -3.4e+38 -3.4e+38 -3.4e+38 -3.4e+38 -3.4e+38 -3.4e+38 -3.4e+38 -3.4e+38 -3.4e+38 -3.4e+38
28.0281143188477 27.2568759918213 26.3888187408447 25.8713779449463 26.4358749389648 27.2283840179443 29.08424949646 30.3134651184082 31.0848217010498 30.9045906066895 30.391185760498 31.0282211303711 31.3746814727783 31.4252624511719 31.4470310211182 31.4740734100342 31.5026531219482 31.4914150238037 31.4692497253418 31.4357852935791 31.394552230835 31.3258457183838 31.2409973144531 31.1465396881104 30.8872032165527 30.9166030883789 30.8066959381104 30.5764503479004 30.3025321960449 30.2145023345947 30.130880355835 29.9715747833252 29.6336898803711 -3.4e+38 -3.4e+38 -3.4e+38 -3.4e+38 29.1501293182373 29.1851043701172 -3.4e+38 -3.4e+38 -3.4e+38 -3.4e+38 -3.4e+38 -3.4e+38 -3.4e+38
28.609411239624 27.3497371673584 26.493293762207 26.1262664794922 26.641939163208 26.3982372283936 27.5465888977051 29.2235584259033 30.5894832611084 30.9942436218262 29.8586235046387 30.7476921081543 31.2157344818115 30.7371864318848 30.8293228149414 31.2683200836182 31.3791275024414 31.4558982849121 31.4048328399658 31.2706317901611 31.3041915893555 31.2487621307373 31.2484436035156 31.1903343200684 31.1030254364014 30.9495658874512 30.8297080993652 30.6714515686035 30.5209541320801 30.4181499481201 30.3595771789551 30.1944141387939 29.7767086029053 -3.4e+38 -3.4e+38 -3.4e+38 -3.4e+38 29.2674980163574 29.2208518981934 29.3761005401611 29.3677940368652 29.1982555389404 -3.4e+38 -3.4e+38 -3.4e+38 -3.4e+38
28.5755844116211 27.3310222625732 26.539306640625 26.9619789123535 26.7494945526123 27.1278610229492 26.8844470977783 28.2551670074463 30.3854179382324 31.151969909668 30.0800380706787 30.0425186157227 30.8959159851074 28.9663467407227 30.0206909179688 30.4255771636963 31.0063457489014 31.4139060974121 31.3942184448242 31.297399520874 31.2858219146729 31.2613639831543 31.2668266296387 31.2073230743408 31.1287326812744 30.865291595459 30.8304710388184 30.7523403167725 30.6856460571289 30.6267147064209 30.5064926147461 30.3357734680176 30.1195545196533 -3.4e+38 -3.4e+38 29.8442363739014 29.602933883667 29.3648738861084 29.2443561553955 29.041431427002 29.1768188476562 29.375394821167 -3.4e+38 -3.4e+38 -3.4e+38 -3.4e+38
27.2406616210938 26.0203437805176 25.9662837982178 27.2112731933594 27.53635597229 27.4382705688477 27.0302791595459 27.3718299865723 29.6226272583008 30.9504680633545 30.9743556976318 30.1112785339355 30.654764175415 29.2311973571777 29.2449188232422 29.3173274993896 30.6851425170898 31.3935794830322 31.4061031341553 31.4211330413818 31.4155101776123 31.3529205322266 31.2959518432617 31.0390110015869 31.0364513397217 30.9129810333252 30.887020111084 30.8706760406494 30.8285007476807 30.7317276000977 30.6137065887451 30.487663269043 30.3586082458496 -3.4e+38 30.1637477874756 30.1324615478516 30.0350704193115 -3.4e+38 29.3963565826416 -3.4e+38 29.1310997009277 -3.4e+38 -3.4e+38 -3.4e+38 -3.4e+38 -3.4e+38
27.195125579834 25.7805309295654 25.0678462982178 27.5901622772217 27.7866992950439 27.1479167938232 26.7711143493652 26.8883571624756 28.3850517272949 30.6326160430908 30.7572536468506 30.3162612915039 30.441276550293 30.5587692260742 29.8693103790283 31.0264987945557 31.2663421630859 31.3737621307373 31.410961151123 31.3955554962158 31.3843250274658 31.3440589904785 31.3011207580566 31.2007541656494 31.1801052093506 31.1023502349854 31.0460071563721 30.9882030487061 30.8700408935547 30.8285541534424 30.7361755371094 30.6480331420898 30.5573749542236 30.4614658355713 30.399242401123 30.3820667266846 30.1932182312012 -3.4e+38 -3.4e+38 -3.4e+38 -3.4e+38 -3.4e+38 -3.4e+38 29.391077041626 -3.4e+38 -3.4e+38
28.9485359191895 28.6300277709961 26.5270690917969 28.0046348571777 26.5574378967285 26.5491962432861 26.9732608795166 27.2567005157471 29.2282371520996 30.599573135376 30.2990703582764 29.6669635772705 30.5699443817139 30.9984321594238 31.1061725616455 31.1724720001221 31.2972011566162 30.9601783752441 31.1211833953857 31.2914886474609 31.2610836029053 31.2971496582031 31.3025016784668 31.266077041626 31.2300930023193 31.1780281066895 31.1338634490967 30.9849224090576 30.630615234375 30.7545871734619 30.8378238677979 30.804817199707 30.7392253875732 30.6383666992188 30.5848426818848 30.4986114501953 30.3272285461426 30.1687545776367 30.0229568481445 29.947603225708 29.9468650817871 29.8470115661621 29.5980110168457 29.4080924987793 -3.4e+38 -3.4e+38
29.0327606201172 28.2044525146484 28.8281135559082 28.6366653442383 27.2575874328613 27.2790355682373 26.8991870880127 27.0954856872559 29.0333824157715 30.2870559692383 30.7244682312012 30.4844970703125 30.8430309295654 31.1470031738281 31.0137577056885 30.8711547851562 31.0717716217041 30.7885131835938 30.6181297302246 30.8004741668701 31.1383838653564 31.2070999145508 31.2257194519043 31.2585201263428 31.2558441162109 31.2209281921387 31.1610317230225 30.9496631622314 30.6620006561279 30.8608150482178 30.8217353820801 30.908655166626 30.7824306488037 30.7138004302979 30.6608066558838 30.5142593383789 30.4052791595459 30.3324108123779 30.2731304168701 30.2218227386475 30.1789855957031 30.0471496582031 29.7094993591309 29.3382263183594 29.3920249938965 -3.4e+38
