inst/extdata/Tmax/Tmax26.asc
NCOLS 100 
NROWS 79 
XLLCORNER 148.06 
YLLCORNER -21.49 
CELLSIZE 0.01 
NODATA_value -3.4e+38 
[rows 40 to 59 of 79, columns 0 to 45 of 100]
24.822412490844702 24.474479675293 25.3671798706055 26.0231132507324 25.2133026123047 25.0923137664795 25.0856647491455 25.0824584960938 24.3579177856445 24.7413272857666 25.377986907959 26.8682155609131 27.3554553985596 26.3507289886475 26.4359550476074 25.9834766387939 25.8547859191895 25.1664047241211 24.4936294555664 24.7678165435791 24.7623958587646 24.8743648529053 24.8482913970947 24.8324241638184 23.1774749755859 23.3636779785156 22.5941143035889 22.6203632354736 22.9684104919434 21.9149341583252 20.9305419921875 19.931432723999 21.6050205230713 21.4162368774414 20.9090785980225 21.3310661315918 20.9218311309814 18.1234188079834 17.6478004455566 17.218017578125 16.8179321289062 15.985710144043 15.4248704910278 15.2043838500977 14.9422512054443 16.7656803131104
25.2785530090332 25.0012073516846 25.1222343444824 25.8246269226074 25.9571399688721 25.8321132659912 25.1127090454102 25.4601173400879 25.0918388366699 25.7095489501953 25.7339572906494 26.6213855743408 26.925874710083 26.9719638824463 26.2625160217285 26.9805011749268 26.16676902771 25.1631088256836 24.4508247375488 25.0087184906006 25.4106388092041 25.634786605835 25.070104598999 24.1406478881836 22.1909675598145 21.6253662109375 22.2477550506592 22.409839630127 22.6865749359131 22.223316192627 21.092306137085 21.0637302398682 21.4047889709473 21.9923000335693 19.0827503204346 20.1423168182373 19.5661811828613 18.0409126281738 17.9333038330078 19.4772853851318 19.2751941680908 16.991735458374 14.9786767959595 14.9021310806274 14.9711351394653 15.3386898040771
25.2642116546631 25.2449550628662 25.4842910766602 25.5454692840576 25.4647312164307 25.3289489746094 25.319803237915 25.7197704315186 25.4489307403564 25.6442813873291 26.0652694702148 26.8093128204346 27.5894718170166 27.0232753753662 27.0997200012207 26.5627174377441 26.4505233764648 26.2595176696777 25.4999332427979 25.4496841430664 25.7593078613281 24.9643630981445 24.9429912567139 24.262336730957 24.3869037628174 23.7778205871582 21.7062320709229 22.4183406829834 22.4379348754883 21.9533615112305 20.4231395721436 20.4812984466553 19.4388389587402 19.4693794250488 18.2456073760986 18.7007369995117 16.593713760376 17.5279731750488 17.8569755554199 17.3195209503174 18.0555362701416 17.1849269866943 17.4345932006836 16.1487560272217 16.0727996826172 16.9939022064209
24.4697151184082 24.9867897033691 25.4058685302734 25.5001640319824 25.7630138397217 25.5838718414307 26.3215408325195 26.0982646942139 25.6092891693115 25.5726318359375 25.7643527984619 26.4364738464355 26.971435546875 27.1436901092529 27.5366954803467 27.5901966094971 27.12375831604 26.8733100891113 25.8844146728516 25.7387790679932 25.8198547363281 25.6731300354004 25.0784034729004 23.7246017456055 23.9722576141357 23.8687934875488 23.4313831329346 23.1489639282227 22.3880996704102 22.6238098144531 21.4836730957031 21.0909652709961 22.4696826934814 21.2547988891602 21.5350570678711 15.5312671661377 16.1213054656982 16.282543182373 16.5412902832031 16.1909255981445 15.8440580368042 16.6098022460938 16.2586364746094 17.1294593811035 18.8061599731445 21.1271743774414
24.1336154937744 24.8151054382324 24.7511463165283 24.7604084014893 25.4111194610596 25.5802726745605 25.6423034667969 25.8484363555908 25.6882400512695 25.9198780059814 25.7313499450684 26.6114616394043 26.7032890319824 27.3460998535156 27.6422729492188 27.4391651153564 27.0357799530029 27.2062664031982 27.0327415466309 26.8573741912842 26.2847499847412 26.1018905639648 25.2989540100098 25.8418159484863 25.1441192626953 24.0063209533691 24.0508480072021 23.3673877716064 23.6966972351074 22.8237266540527 22.5900039672852 22.1742401123047 22.6470165252686 24.4508857727051 24.4181957244873 16.3577251434326 15.0739459991455 15.131326675415 15.2832174301147 15.8354196548462 15.6209392547607 16.1422367095947 15.5395097732544 16.332576751709 17.9290904998779 21.0778503417969
25.2648468017578 24.7163143157959 24.2440567016602 24.3831367492676 25.0772552490234 25.0211086273193 25.3480472564697 25.7775554656982 25.9047698974609 25.8448333740234 25.7104396820068 26.2214984893799 26.072265625 27.210391998291 27.8649272918701 27.3996753692627 26.8937644958496 27.4764099121094 26.7001533508301 26.4284248352051 26.3416919708252 25.9966621398926 25.4772434234619 24.3476181030273 25.0260734558105 24.9897994995117 23.4840488433838 23.8739566802979 24.0299243927002 22.967794418335 21.8193073272705 21.7431030273438 22.8200931549072 22.8621788024902 24.9221038818359 21.5192546844482 15.9078025817871 15.1568021774292 15.2453622817993 16.0523681640625 15.3263292312622 15.7764654159546 16.3053741455078 16.3749828338623 17.4755325317383 18.240795135498
23.9486484527588 24.4299545288086 24.8938026428223 24.1593704223633 24.0563430786133 24.5409717559814 25.2425880432129 25.4182758331299 25.454496383667 25.2701320648193 25.8952159881592 26.0385913848877 25.1479358673096 25.8557167053223 27.3167285919189 26.1594886779785 26.2248306274414 27.3351402282715 27.11501121521 25.8319816589355 26.0252094268799 25.6842861175537 25.768762588501 26.0546455383301 23.4073028564453 23.7997093200684 23.7881698608398 23.977466583252 24.1374912261963 24.2786712646484 22.6226253509521 22.1332664489746 21.7586555480957 22.0654010772705 23.5258407592773 23.4889106750488 16.1577072143555 16.3557567596436 16.2092475891113 16.9289360046387 16.2001457214355 16.1316776275635 16.396276473999 22.0376377105713 17.6963272094727 16.7683944702148
25.2569103240967 24.04221534729 24.994197845459 23.9063510894775 23.9208755493164 24.2092628479004 24.4536647796631 24.4034881591797 24.3009662628174 24.9699840545654 24.744312286377 24.8300170898438 25.2328929901123 26.1225814819336 27.0291690826416 27.2104663848877 26.6188926696777 27.0513877868652 26.9036560058594 25.9237384796143 26.5502223968506 26.4843730926514 25.1532707214355 25.3958187103271 25.1017246246338 25.8517189025879 25.43288230896 24.7931060791016 24.8910503387451 24.76513671875 24.1110439300537 23.3767261505127 22.1272830963135 23.1589183807373 23.1654052734375 22.1216583251953 21.8096790313721 19.8002815246582 17.6532573699951 17.6431655883789 17.1468143463135 17.0494537353516 17.0746059417725 16.9167079925537 16.2619876861572 15.9822206497192
26.6459045410156 24.7639350891113 23.4796657562256 23.1593551635742 23.3194255828857 24.4314785003662 23.9637508392334 23.8728256225586 23.8134651184082 24.6861534118652 24.8753452301025 24.6930198669434 25.2005367279053 26.2966575622559 27.1787643432617 26.3378086090088 26.3775005340576 26.0577526092529 26.5911693572998 25.5351028442383 25.6885795593262 26.6754856109619 26.4497756958008 26.1648559570312 25.5639190673828 24.9950256347656 25.978889465332 26.5927066802979 26.0172710418701 24.9029178619385 23.9265022277832 23.9863033294678 23.0914974212646 22.8773059844971 22.8610897064209 22.9025363922119 23.2270221710205 23.0680561065674 23.1916828155518 21.4779586791992 16.4578895568848 16.5079956054688 16.8144779205322 16.4182300567627 16.3736324310303 16.018669128418
26.8722133636475 25.8611907958984 24.9036388397217 23.0403251647949 22.9914379119873 23.1070022583008 23.7086372375488 23.8598670959473 23.8881683349609 25.3288879394531 26.2073497772217 25.712574005127 25.3276386260986 25.5217876434326 25.6924209594727 25.7807312011719 26.3197917938232 26.5127429962158 26.1426544189453 26.8345355987549 25.688756942749 26.2143783569336 26.6090965270996 26.4890880584717 26.0175495147705 26.5388126373291 24.9394569396973 26.0059471130371 25.4246463775635 24.7706165313721 23.7818965911865 24.3305263519287 22.412727355957 22.3717784881592 22.6177387237549 19.2776737213135 23.3651351928711 23.0878753662109 22.7764377593994 22.9122772216797 21.4954166412354 16.3405647277832 16.0883159637451 18.3294067382812 18.2912540435791 18.8422679901123
27.2219924926758 26.374547958374 25.8802394866943 23.4669036865234 23.4123649597168 23.0041847229004 23.1863594055176 23.8525390625 23.8068428039551 25.0754356384277 26.2384262084961 26.0781764984131 26.2269134521484 26.6235752105713 26.4719982147217 26.0955009460449 26.4038505554199 26.4175205230713 26.456033706665 25.6729259490967 26.6359825134277 26.4489574432373 26.1744556427002 25.7272491455078 25.4634647369385 25.4679584503174 25.0849914550781 24.5199508666992 25.4542503356934 25.22802734375 24.0889663696289 24.2789878845215 22.7788429260254 22.9683666229248 21.2976684570312 22.3710193634033 22.3135547637939 22.7642307281494 22.6133651733398 22.7047576904297 22.2882232666016 21.562931060791 20.3150329589844 19.4839191436768 18.1170864105225 17.9987831115723
26.9801254272461 27.1562004089355 26.016731262207 24.2964000701904 23.9949970245361 24.3741188049316 23.768180847168 23.3531150817871 22.6899318695068 23.6792221069336 25.7459087371826 26.4278106689453 26.6770706176758 25.9089889526367 26.5009384155273 26.4486141204834 26.6164169311523 26.9838714599609 27.1309700012207 25.9474067687988 26.8196773529053 26.7301731109619 25.3538284301758 25.3777008056641 25.238166809082 24.3678512573242 24.2567691802979 24.4509620666504 25.2655467987061 25.9714736938477 25.8041725158691 23.6707458496094 23.3133277893066 22.3633937835693 22.0496215820312 21.5331954956055 21.6157817840576 22.3783264160156 22.3480453491211 22.3668727874756 21.6386051177979 21.3725967407227 20.8978500366211 20.0106658935547 16.1650581359863 15.9803857803345
26.4142818450928 27.0343456268311 26.7375144958496 23.1445846557617 22.5837078094482 23.4529914855957 23.3687858581543 23.5520820617676 22.6767425537109 22.9113941192627 24.7607822418213 24.4825325012207 25.3809757232666 26.5068473815918 26.1400394439697 26.5705890655518 26.7781448364258 27.0734767913818 26.9611186981201 26.8619518280029 26.824779510498 26.6411609649658 26.4927310943604 25.3943424224854 26.3305721282959 26.0155487060547 24.6260871887207 24.714485168457 24.8447685241699 25.5546951293945 25.6272773742676 24.2651329040527 23.2719097137451 22.6234359741211 22.5951461791992 23.352424621582 21.5254821777344 21.2559547424316 21.9891166687012 23.0924854278564 23.0206317901611 22.3150062561035 22.24241065979 21.4191970825195 16.4844932556152 15.8813543319702
26.6971054077148 26.2041091918945 26.1549587249756 23.9551830291748 22.8485450744629 24.0716247558594 24.102970123291 23.5407009124756 22.7599220275879 22.9118995666504 24.5636730194092 24.1193618774414 26.1632709503174 26.1626930236816 26.05393409729 26.9117889404297 26.6011371612549 27.0133171081543 25.8123645782471 26.6583976745605 26.7756519317627 26.8659839630127 26.6977443695068 25.889575958252 25.2593460083008 25.4758853912354 25.4789848327637 24.9283123016357 24.4469470977783 24.80885887146 25.1997032165527 25.560359954834 25.5874500274658 24.7701835632324 23.7579746246338 24.3686904907227 23.0059261322021 22.1342868804932 20.8574180603027 22.2929382324219 23.3135776519775 23.4862422943115 22.9003524780273 22.6684875488281 20.1367206573486 19.6906414031982
26.4070739746094 25.5862483978271 25.8265838623047 24.9308662414551 24.4106540679932 24.1903743743896 24.734561920166 24.273323059082 24.57177734375 23.6643962860107 23.7264862060547 24.5740184783936 24.8561000823975 25.8194694519043 26.5877780914307 26.776424407959 26.7168407440186 26.9235744476318 26.9085235595703 26.1072826385498 26.1419010162354 26.8159275054932 26.40358543396 26.8930072784424 26.0943355560303 25.4322681427002 24.9053325653076 25.3088855743408 23.909517288208 25.0710163116455 24.6787700653076 24.2253551483154 25.2566146850586 25.0117893218994 25.9266014099121 23.5941905975342 23.688549041748 24.3021221160889 23.9777164459229 22.6737537384033 22.6574687957764 21.8722763061523 21.125560760498 20.3250885009766 20.4759559631348 17.3849639892578
26.4966926574707 26.5444164276123 26.4148063659668 25.3800258636475 25.029655456543 24.8768119812012 25.3185539245605 25.7284755706787 24.936559677124 23.8115310668945 24.6202735900879 26.00998878479 25.766170501709 26.7575492858887 26.5605068206787 26.6781349182129 25.4392929077148 26.0657138824463 26.2231006622314 26.2706546783447 25.9280185699463 26.0269412994385 25.6731739044189 26.310453414917 25.9707565307617 26.2351245880127 25.3696804046631 25.7286720275879 24.6513118743896 25.0952739715576 25.205774307251 24.7074966430664 24.0537967681885 24.07155418396 24.5790042877197 25.2161254882812 24.8881053924561 24.7596893310547 23.9675331115723 22.3485412597656 21.7286262512207 22.5192813873291 20.4708995819092 16.874605178833 17.3591499328613 17.1595573425293
26.0069446563721 26.4266395568848 26.0052871704102 26.6113567352295 25.4422988891602 24.1315956115723 24.8310012817383 25.6270484924316 25.2604694366455 24.5040454864502 24.4198627471924 26.2399425506592 26.6407737731934 25.5197525024414 26.1704864501953 26.5865936279297 25.3434314727783 25.7684631347656 26.0824794769287 25.209981918335 25.4482917785645 25.7891540527344 26.0319194793701 25.926155090332 25.9704608917236 25.9075584411621 25.7131938934326 25.2121315002441 24.9134197235107 25.4075031280518 23.7200660705566 24.5081939697266 22.8943862915039 22.9702491760254 23.4692363739014 24.6471862792969 24.0024757385254 22.9347858428955 22.8838214874268 18.1481304168701 17.7904758453369 21.3417739868164 20.0924606323242 16.4074287414551 16.943042755127 17.1419734954834
26.4799194335938 26.8041915893555 26.4363842010498 26.2314605712891 25.774393081665 26.0379619598389 24.9506072998047 24.873363494873 25.3076915740967 25.216983795166 23.923002243042 25.2594718933105 26.6481914520264 26.3767051696777 25.9727210998535 26.5221557617188 25.9717864990234 25.7662944793701 24.4422836303711 25.7125835418701 26.0632667541504 26.1740684509277 25.3524513244629 25.8506164550781 26.5629405975342 25.9029674530029 25.7379264831543 25.2539234161377 25.3528518676758 25.8264274597168 25.1467685699463 25.0250759124756 24.8186988830566 24.2656860351562 23.1293659210205 23.2452278137207 24.1816005706787 23.3889083862305 22.1999797821045 18.0073623657227 17.8907413482666 22.031364440918 17.4592056274414 17.1708431243896 16.4872055053711 16.7099571228027
26.7200832366943 26.6854190826416 26.8120899200439 26.4528293609619 26.3963413238525 25.7598056793213 24.7663841247559 24.5405025482178 24.8178272247314 23.9142436981201 24.252893447876 26.3388614654541 26.101842880249 26.8137989044189 25.9390983581543 26.004186630249 24.8247108459473 24.6960334777832 24.67751121521 24.7392253875732 24.8455142974854 25.2176895141602 24.536247253418 25.2143955230713 26.4560775756836 25.8096580505371 25.4543418884277 25.5427665710449 25.3716449737549 25.8895969390869 25.0857791900635 25.0529403686523 24.9071464538574 24.350658416748 24.2724475860596 23.2216548919678 23.1896266937256 22.7454681396484 18.6365966796875 18.53737449646 18.2369441986084 21.4460525512695 17.5547008514404 16.7336368560791 16.809907913208 16.730562210083
26.5271797180176 25.9347953796387 26.684362411499 25.6472549438477 26.3797855377197 25.1590251922607 25.0631446838379 24.3927536010742 24.8046531677246 23.9439716339111 24.0116920471191 23.6912727355957 25.584436416626 26.4658279418945 26.43678855896 25.7270183563232 24.5985488891602 24.7119064331055 24.6264591217041 23.9737586975098 24.3531932830811 25.741735458374 24.7877426147461 25.1792335510254 25.2611541748047 25.7374439239502 25.5716304779053 25.3829288482666 25.5715465545654 26.2242889404297 25.2723865509033 24.8686408996582 24.4680271148682 25.2521781921387 24.8914737701416 24.4883651733398 23.8094539642334 22.6054515838623 22.0629100799561 22.0387630462646 21.3852519989014 21.4299736022949 20.6828269958496 16.8510990142822 16.7511348724365 16.7485904693604
