inst/extdata/Tmax/Tmax106.asc
NCOLS 100 
NROWS 79 
XLLCORNER 148.06 
YLLCORNER -21.49 
CELLSIZE 0.01 
NODATA_value -3.4e+38 
[rows 0 to 19 of 79, columns 46 to 91 of 100]
36.5990753173828 36.4176635742188 36.3215942382812 36.3379402160645 36.3347129821777 36.2254753112793 36.4555702209473 36.2862586975098 36.0953636169434 35.923469543457 35.844799041748 35.5726547241211 35.4821624755859 35.7314834594727 36.0365028381348 35.958553314209 35.836856842041 35.6652641296387 35.357593536377 35.1676254272461 35.0445098876953 -3.4e+38 -3.4e+38 -3.4e+38 -3.4e+38 -3.4e+38 -3.4e+38 -3.4e+38 -3.4e+38 -3.4e+38 -3.4e+38 -3.4e+38 -3.4e+38 -3.4e+38 -3.4e+38 -3.4e+38 -3.4e+38 -3.4e+38 -3.4e+38 -3.4e+38 -3.4e+38 -3.4e+38 -3.4e+38 -3.4e+38 -3.4e+38 -3.4e+38
36.5586585998535 36.2662048339844 36.0363502502441 36.3259010314941 36.5177421569824 36.5394859313965 36.4916343688965 36.3974189758301 36.0475120544434 35.595085144043 35.7474822998047 35.1962051391602 35.7493553161621 36.0921440124512 36.083625793457 35.9942283630371 35.8898048400879 35.756160736084 35.5562210083008 35.4652824401855 35.3788833618164 35.2294998168945 -3.4e+38 -3.4e+38 -3.4e+38 -3.4e+38 -3.4e+38 -3.4e+38 -3.4e+38 -3.4e+38 -3.4e+38 -3.4e+38 -3.4e+38 -3.4e+38 -3.4e+38 -3.4e+38 -3.4e+38 -3.4e+38 -3.4e+38 -3.4e+38 -3.4e+38 -3.4e+38 -3.4e+38 -3.4e+38 -3.4e+38 -3.4e+38
36.4629364013672 35.6755332946777 34.8094749450684 36.2830505371094 36.510196685791 36.5390625 36.5191459655762 36.4756889343262 36.2427215576172 35.6262588500977 35.7353973388672 35.8958168029785 35.9923095703125 36.1688346862793 36.1456565856934 36.0503959655762 35.9698715209961 35.8777122497559 35.7535247802734 35.5271301269531 35.5110893249512 35.3252754211426 35.076229095459 34.7627334594727 -3.4e+38 -3.4e+38 -3.4e+38 -3.4e+38 -3.4e+38 -3.4e+38 -3.4e+38 -3.4e+38 -3.4e+38 -3.4e+38 -3.4e+38 -3.4e+38 -3.4e+38 -3.4e+38 -3.4e+38 -3.4e+38 -3.4e+38 -3.4e+38 -3.4e+38 -3.4e+38 -3.4e+38 -3.4e+38
35.9896125793457 36.0729866027832 34.9370803833008 36.142204284668 36.3640289306641 36.4416847229004 36.5101890563965 36.4191627502441 36.2925682067871 35.9496536254883 35.8485221862793 35.5874366760254 35.9747505187988 36.1287727355957 36.1690254211426 36.0754699707031 36.0301513671875 35.9712219238281 35.8347358703613 35.4496536254883 35.2692070007324 35.2811965942383 35.2192077636719 35.1385192871094 34.9615097045898 34.5031967163086 -3.4e+38 -3.4e+38 -3.4e+38 -3.4e+38 -3.4e+38 -3.4e+38 -3.4e+38 -3.4e+38 -3.4e+38 -3.4e+38 -3.4e+38 -3.4e+38 -3.4e+38 -3.4e+38 -3.4e+38 -3.4e+38 -3.4e+38 -3.4e+38 -3.4e+38 -3.4e+38
35.9721221923828 36.0142059326172 34.7564392089844 35.015510559082 35.8667106628418 36.4260063171387 36.5194778442383 36.3812637329102 36.3639678955078 36.0386085510254 35.7316818237305 35.5390243530273 35.1413955688477 35.838306427002 36.1246528625488 36.0433616638184 36.0959701538086 36.0579643249512 35.8105735778809 35.0138206481934 34.4754295349121 35.2753715515137 35.3696975708008 35.3078842163086 35.0435600280762 34.7195587158203 -3.4e+38 -3.4e+38 -3.4e+38 -3.4e+38 -3.4e+38 -3.4e+38 -3.4e+38 -3.4e+38 -3.4e+38 -3.4e+38 -3.4e+38 -3.4e+38 -3.4e+38 -3.4e+38 -3.4e+38 -3.4e+38 -3.4e+38 -3.4e+38 -3.4e+38 -3.4e+38
35.0681381225586 35.8642311096191 34.2562522888184 33.6073036193848 35.4787483215332 36.5013046264648 36.4323425292969 36.3841590881348 36.3387222290039 35.9132385253906 34.9427185058594 34.6001091003418 34.9646224975586 35.9748497009277 35.8861885070801 36.07666015625 36.1439323425293 36.0820121765137 35.9932861328125 35.306713104248 34.5260200500488 34.5977783203125 35.1578216552734 35.2318496704102 35.2049865722656 35.0965309143066 -3.4e+38 -3.4e+38 -3.4e+38 -3.4e+38 -3.4e+38 -3.4e+38 -3.4e+38 -3.4e+38 -3.4e+38 -3.4e+38 -3.4e+38 -3.4e+38 -3.4e+38 -3.4e+38 -3.4e+38 -3.4e+38 -3.4e+38 -3.4e+38 -3.4e+38 -3.4e+38
34.1142616271973 35.8376731872559 35.1871299743652 35.1128997802734 36.1592979431152 36.4566116333008 36.2708969116211 36.1636352539062 36.3400573730469 35.8307914733887 35.0654258728027 35.0663452148438 35.788745880127 35.9381942749023 34.9627418518066 35.9225387573242 36.0019187927246 36.0186538696289 36.0692672729492 35.7751045227051 35.3720397949219 35.0730323791504 35.3193206787109 35.061107635498 35.3362426757812 35.3634796142578 35.2336273193359 34.9341506958008 -3.4e+38 -3.4e+38 -3.4e+38 -3.4e+38 -3.4e+38 -3.4e+38 -3.4e+38 -3.4e+38 -3.4e+38 -3.4e+38 -3.4e+38 -3.4e+38 -3.4e+38 -3.4e+38 -3.4e+38 -3.4e+38 -3.4e+38 -3.4e+38
33.2314605712891 35.8560180664062 36.3519325256348 36.1593704223633 35.1030883789062 35.3921165466309 36.0605812072754 36.2342987060547 36.4155807495117 36.2222595214844 35.8017120361328 35.3619155883789 35.4008255004883 35.6468238830566 35.1736297607422 35.9323272705078 35.1691818237305 35.1361122131348 35.910472869873 36.0563507080078 35.8878135681152 35.6047515869141 35.4966239929199 35.557445526123 35.5328407287598 35.4944534301758 35.2929039001465 35.1288261413574 34.82177734375 34.2812767028809 34.2880058288574 -3.4e+38 -3.4e+38 -3.4e+38 -3.4e+38 -3.4e+38 -3.4e+38 -3.4e+38 -3.4e+38 -3.4e+38 -3.4e+38 -3.4e+38 -3.4e+38 -3.4e+38 -3.4e+38 -3.4e+38
33.1529846191406 35.3442459106445 36.3618812561035 36.2510604858398 35.3457183837891 33.7719917297363 35.2095909118652 36.3257522583008 36.4164428710938 36.3029518127441 36.1426239013672 35.868522644043 35.900074005127 35.7219505310059 35.1690139770508 35.0997467041016 34.6536140441895 35.493049621582 35.833610534668 35.9200057983398 35.9455718994141 35.5533790588379 35.1335525512695 34.7916831970215 35.5485076904297 35.5941467285156 35.4637603759766 35.2934226989746 35.1687622070312 34.5872077941895 34.3945617675781 34.5479698181152 -3.4e+38 -3.4e+38 -3.4e+38 -3.4e+38 -3.4e+38 -3.4e+38 -3.4e+38 -3.4e+38 -3.4e+38 -3.4e+38 -3.4e+38 -3.4e+38 -3.4e+38 -3.4e+38
34.1359748840332 35.3492202758789 36.2177772521973 36.2184982299805 36.2000770568848 34.7421264648438 35.0665550231934 36.2195930480957 36.4198684692383 36.3004264831543 36.091438293457 35.8246803283691 35.6999473571777 35.828540802002 35.120189666748 34.7970275878906 34.7194595336914 35.9495582580566 35.7905158996582 35.4714241027832 35.9093284606934 35.8619995117188 35.6544036865234 35.2867012023926 35.7291297912598 35.6615600585938 35.4998626708984 35.5577850341797 35.3934020996094 35.0715751647949 34.5504302978516 34.570858001709 -3.4e+38 -3.4e+38 -3.4e+38 -3.4e+38 -3.4e+38 -3.4e+38 -3.4e+38 -3.4e+38 -3.4e+38 -3.4e+38 -3.4e+38 -3.4e+38 -3.4e+38 -3.4e+38
33.1296691894531 35.1741142272949 35.600284576416 35.3800582885742 35.7707710266113 36.0753707885742 35.7623901367188 36.2473335266113 36.3685455322266 36.2685737609863 36.0899696350098 35.9060516357422 35.6978073120117 36.1013298034668 35.9416313171387 35.8425331115723 35.9232597351074 36.1660614013672 36.1746101379395 35.5936851501465 35.1063842773438 35.8282814025879 36.0355834960938 35.4894981384277 35.5126686096191 35.3513450622559 35.3262786865234 35.6709251403809 35.5106887817383 35.2067451477051 -3.4e+38 -3.4e+38 -3.4e+38 -3.4e+38 -3.4e+38 -3.4e+38 -3.4e+38 -3.4e+38 -3.4e+38 -3.4e+38 -3.4e+38 -3.4e+38 -3.4e+38 -3.4e+38 -3.4e+38 -3.4e+38
32.5036010742188 33.4901237487793 33.8712730407715 33.5961837768555 34.7554206848145 35.5057907104492 35.9183921813965 36.242015838623 36.2535171508789 36.1728668212891 35.9802932739258 35.7909927368164 35.642406463623 36.3443717956543 36.348014831543 36.1966781616211 36.2213249206543 36.336555480957 36.396354675293 36.3002243041992 35.8962326049805 35.6644401550293 36.0926208496094 35.8920097351074 35.6361389160156 35.7697944641113 35.8103103637695 35.5317916870117 35.4126091003418 35.2379302978516 -3.4e+38 -3.4e+38 -3.4e+38 -3.4e+38 -3.4e+38 -3.4e+38 -3.4e+38 -3.4e+38 -3.4e+38 -3.4e+38 -3.4e+38 -3.4e+38 -3.4e+38 -3.4e+38 -3.4e+38 -3.4e+38
32.5099868774414 31.5890769958496 31.0129852294922 31.1368961334229 33.22998046875 33.8678665161133 35.2592163085938 35.6730575561523 36.0425262451172 35.9327507019043 35.7020568847656 36.0857887268066 36.1049842834473 36.005989074707 36.5138130187988 36.4951858520508 36.4394569396973 36.4650459289551 36.4946022033691 36.4898414611816 36.451473236084 36.3609504699707 36.2102470397949 36.1598854064941 35.8348960876465 35.9249458312988 35.9106979370117 35.6165351867676 35.3264999389648 35.2097282409668 35.0657005310059 34.7165107727051 -3.4e+38 -3.4e+38 -3.4e+38 -3.4e+38 -3.4e+38 -3.4e+38 -3.4e+38 -3.4e+38 -3.4e+38 -3.4e+38 -3.4e+38 -3.4e+38 -3.4e+38 -3.4e+38
32.5216369628906 31.7821941375732 30.9491653442383 30.4837608337402 31.0079078674316 31.7945003509521 33.7918815612793 35.1787528991699 36.0144271850586 35.8363265991211 35.2913131713867 35.9850273132324 36.3685188293457 36.437183380127 36.4755020141602 36.5079574584961 36.5538330078125 36.5576171875 36.5499801635742 36.5307922363281 36.509880065918 36.4364776611328 36.3641357421875 36.2820625305176 36.0265617370605 36.0644302368164 35.9676208496094 35.7450256347656 35.4775466918945 35.4059219360352 35.3450469970703 35.1814002990723 34.8522644042969 -3.4e+38 -3.4e+38 -3.4e+38 -3.4e+38 34.3733673095703 34.4149398803711 -3.4e+38 -3.4e+38 -3.4e+38 -3.4e+38 -3.4e+38 -3.4e+38 -3.4e+38
33.0834655761719 31.8732128143311 31.0456695556641 30.7163562774658 31.2073268890381 30.9864692687988 32.0966262817383 33.9812889099121 35.498119354248 35.9436378479004 34.7329864501953 35.6973342895508 36.2110214233398 35.7156829833984 35.8292198181152 36.3007469177246 36.4340705871582 36.5312423706055 36.4932479858398 36.3673973083496 36.4258346557617 36.3664093017578 36.3832893371582 36.3393669128418 36.2650108337402 36.1096725463867 36.0019760131836 35.8544044494629 35.7154769897461 35.627010345459 35.5908432006836 35.4211196899414 35.0083312988281 -3.4e+38 -3.4e+38 -3.4e+38 -3.4e+38 34.4994926452637 34.4535675048828 34.623893737793 34.6073951721191 34.4297790527344 -3.4e+38 -3.4e+38 -3.4e+38 -3.4e+38
33.0525970458984 31.8556785583496 31.0909004211426 31.5122699737549 31.3127517700195 31.696985244751 31.4496574401855 32.8395690917969 35.2914695739746 36.1234893798828 34.9804000854492 34.9542427062988 35.8813972473145 33.8275604248047 34.9747657775879 35.4122200012207 36.0485649108887 36.498348236084 36.4935569763184 36.4072036743164 36.417667388916 36.3909034729004 36.4137268066406 36.3681182861328 36.3026695251465 36.0309371948242 36.0125274658203 35.9486923217773 35.8971214294434 35.853759765625 35.7533798217773 35.5773468017578 35.3723335266113 -3.4e+38 -3.4e+38 35.1301498413086 34.8905296325684 34.6040573120117 34.4790115356445 34.2653427124023 34.4031028747559 34.6198348999023 -3.4e+38 -3.4e+38 -3.4e+38 -3.4e+38
31.7602558135986 30.6033554077148 30.561185836792 31.7561092376709 32.0817489624023 32.0003890991211 31.5924491882324 31.9355583190918 34.4690856933594 35.9198722839355 35.9476737976074 35.0383720397949 35.6346893310547 34.1214981079102 34.1507949829102 34.2324905395508 35.7168655395508 36.4882011413574 36.517505645752 36.5496597290039 36.5661544799805 36.4987182617188 36.4552726745605 36.2006187438965 36.2154693603516 36.0910606384277 36.0816116333008 36.0824012756348 36.0560035705566 35.9732131958008 35.8746376037598 35.7442779541016 35.6286735534668 -3.4e+38 35.4627532958984 35.4360122680664 35.3534889221191 -3.4e+38 34.6420745849609 -3.4e+38 34.3542747497559 -3.4e+38 -3.4e+38 -3.4e+38 -3.4e+38 -3.4e+38
31.7325572967529 30.3993911743164 29.7539215087891 32.1421089172363 32.3421363830566 31.7328662872314 31.3542137145996 31.4777336120605 33.022834777832 35.607120513916 35.7424964904785 35.2842559814453 35.4324760437012 35.5732421875 34.8485260009766 36.0924377441406 36.3638572692871 36.4939422607422 36.5493850708008 36.5491104125977 36.5595779418945 36.515510559082 36.486743927002 36.3974685668945 36.3927688598633 36.3161087036133 36.2740936279297 36.2307434082031 36.1246032714844 36.0994606018066 36.0271110534668 35.9354057312012 35.859001159668 35.7769203186035 35.7297821044922 35.7175712585449 35.5410232543945 -3.4e+38 -3.4e+38 -3.4e+38 -3.4e+38 -3.4e+38 -3.4e+38 34.6600570678711 -3.4e+38 -3.4e+38
33.4152336120605 33.1167182922363 31.0772762298584 32.5280342102051 31.122350692749 31.1276435852051 31.534049987793 31.8205146789551 33.9861717224121 35.5625610351562 35.2421760559082 34.5772018432617 35.5611381530762 36.0346832275391 36.1648712158203 36.2390556335449 36.387565612793 36.0437545776367 36.2316246032715 36.4291343688965 36.4191093444824 36.4560089111328 36.4782943725586 36.4564819335938 36.4353256225586 36.3854141235352 36.3560562133789 36.2166595458984 35.8604393005371 36.0102386474609 36.1221237182617 36.0877265930176 36.0369110107422 35.9490394592285 35.9105415344238 35.8270721435547 35.6682586669922 35.5234336853027 35.3916664123535 35.3179931640625 35.3096008300781 35.1897659301758 34.8876495361328 34.6576080322266 -3.4e+38 -3.4e+38
33.5064659118652 32.7058753967285 33.3281097412109 33.1420555114746 31.8082981109619 31.8431015014648 31.4612350463867 31.6621894836426 33.749137878418 35.2381019592285 35.7090530395508 35.4658050537109 35.8645439147949 36.2044639587402 36.0768890380859 35.9276542663574 36.1576766967773 35.8705062866211 35.7041130065918 35.9157180786133 36.2987632751465 36.370475769043 36.4068145751953 36.4582977294922 36.4722328186035 36.4403610229492 36.3943977355957 36.1885948181152 35.902042388916 36.1307487487793 36.1135025024414 36.2049446105957 36.0900268554688 36.0355110168457 35.9975509643555 35.851390838623 35.7570037841797 35.7003707885742 35.6575088500977 35.6224632263184 35.5836715698242 35.4420852661133 35.0392837524414 34.582935333252 34.6445617675781 -3.4e+38
