inst/extdata/Tmax/Tmax14.asc
NCOLS 100 
NROWS 79 
XLLCORNER 148.06 
YLLCORNER -21.49 
CELLSIZE 0.01 
NODATA_value -3.4e+38 
[rows 40 to 59 of 79, columns 46 to 91 of 100]
17.7528896331787 19.184700012207 18.8484535217285 19.6721229553223 21.84521484375 21.7527370452881 21.6177921295166 19.561372756958 19.2862911224365 19.8730487823486 21.4356498718262 23.3341369628906 23.8599529266357 23.3466033935547 22.6366081237793 24.3405380249023 25.2604312896729 24.7458934783936 25.7960090637207 25.7613067626953 25.1144962310791 25.8144073486328 23.6334533691406 22.4459495544434 23.887077331543 24.8162288665771 25.362419128418 24.5829010009766 24.3854522705078 24.5331344604492 24.1619110107422 25.2803363800049 24.0653171539307 21.2382736206055 22.8764247894287 27.2099933624268 25.5657405853271 24.011962890625 21.8367652893066 21.2039661407471 20.711067199707 23.5354747772217 23.8975143432617 23.2954540252686 24.6233425140381 21.8516025543213
19.0567741394043 19.1829605102539 20.5905799865723 21.9496078491211 22.5388488769531 21.972770690918 21.4334239959717 21.2572803497314 22.6024761199951 22.8674373626709 25.5271453857422 24.3029136657715 24.0993766784668 23.7977867126465 23.2384834289551 25.19309425354 25.319709777832 25.1476783752441 26.208065032959 26.4899673461914 24.3938179016113 24.8028163909912 21.0881462097168 26.8677043914795 28.0558338165283 23.5989246368408 25.5380916595459 24.5793514251709 24.781229019165 23.9284038543701 24.5268039703369 25.082145690918 24.9393291473389 24.0526943206787 24.4643630981445 26.478832244873 24.7611026763916 24.1957092285156 23.9098205566406 23.5995426177979 23.212984085083 22.7298965454102 24.0809383392334 23.7427272796631 23.7150611877441 23.1802463531494
20.3997192382812 21.4123935699463 21.326717376709 23.2871894836426 28.3485240936279 25.8025741577148 23.3584861755371 22.6668300628662 23.7691860198975 25.4213695526123 25.5642337799072 25.129186630249 25.4201145172119 24.9876670837402 26.73388671875 25.2784976959229 25.1349449157715 24.8035202026367 25.234899520874 25.9627151489258 25.0345401763916 24.5786151885986 24.2738723754883 28.3444137573242 21.7476387023926 28.4208087921143 27.6430931091309 23.4907779693604 22.8506889343262 25.4274082183838 25.1166324615479 25.4450855255127 24.7264003753662 24.08957862854 24.4821300506592 23.3034515380859 23.5038661956787 22.916202545166 22.9388294219971 23.3907337188721 24.5585250854492 24.6613063812256 25.0111103057861 23.6860790252686 25.7018184661865 25.6480369567871
23.8286075592041 24.6033000946045 24.7542114257812 24.892671585083 25.6171188354492 25.1195068359375 24.7894096374512 24.415807723999 24.7418880462646 25.1170139312744 25.8055438995361 25.8264293670654 26.0341129302979 25.9455261230469 25.4333209991455 24.9934864044189 24.6580848693848 24.8668670654297 25.5815734863281 23.1838626861572 25.4431648254395 25.4853439331055 25.3064975738525 24.6437187194824 24.0944290161133 25.8795986175537 25.093936920166 24.5970249176025 25.2164249420166 26.9376354217529 26.3122825622559 26.7604503631592 24.5552845001221 23.9564361572266 23.7980613708496 26.3332939147949 25.8181896209717 23.8655700683594 24.809196472168 25.8779163360596 26.488805770874 25.6410274505615 24.0783634185791 28.3162841796875 25.8738441467285 23.8562602996826
23.6723728179932 23.857048034668 23.839879989624 24.2053871154785 25.7790145874023 26.4357719421387 25.8350028991699 25.0098285675049 25.3908634185791 25.0752124786377 24.7990341186523 24.7699928283691 24.3735733032227 24.2568244934082 24.0889701843262 24.6703567504883 23.0556640625 23.9069423675537 24.9415187835693 25.3060054779053 26.2623081207275 26.9048004150391 26.6607685089111 25.7278957366943 23.5836963653564 24.0311698913574 24.4313106536865 24.9166164398193 27.1399974822998 27.4765739440918 26.1228351593018 24.8723125457764 23.8100299835205 24.5097141265869 24.1652488708496 26.1979827880859 24.891321182251 23.7254371643066 24.9920883178711 23.4885749816895 24.1186065673828 25.6875114440918 26.1072959899902 26.0664367675781 28.9525775909424 25.8433666229248
19.7937984466553 21.2935314178467 22.8661880493164 21.1982803344727 22.8748550415039 23.5566825866699 23.3989353179932 23.7027721405029 24.0107135772705 24.1387195587158 21.1374740600586 21.3264636993408 21.5075531005859 19.7033596038818 20.6946811676025 21.6930065155029 24.0314807891846 24.2186985015869 24.1593170166016 24.2786865234375 26.0676708221436 25.8715171813965 25.2432327270508 25.2330760955811 25.3201751708984 25.7892837524414 25.7634201049805 25.7311477661133 25.3571071624756 25.5475292205811 25.1965942382812 26.3430976867676 27.202169418335 27.6746158599854 25.6529350280762 25.3935356140137 24.8827362060547 24.7219467163086 24.6934947967529 24.4101619720459 24.2531681060791 25.3180999755859 25.4863033294678 24.180606842041 26.4907341003418 28.8397884368896
17.932788848877 19.4022655487061 19.0042667388916 18.7806930541992 19.8941898345947 20.3099479675293 20.4819221496582 21.0765933990479 21.6484375 20.8944892883301 20.5324039459229 19.9055595397949 20.2518253326416 20.1294021606445 20.4636421203613 21.7145195007324 24.3900394439697 24.1510848999023 23.499979019165 25.3988208770752 25.8491592407227 26.2620544433594 25.3690910339355 24.6888561248779 27.325403213501 27.4816856384277 26.5153980255127 25.7826480865479 24.8414840698242 24.7501945495605 25.9541454315186 25.7737121582031 25.2122440338135 25.5342960357666 25.815788269043 28.4316654205322 25.2290725708008 25.4123706817627 24.3237342834473 24.1891193389893 24.1640071868896 26.8042507171631 24.8261756896973 27.6907634735107 26.2964096069336 25.7509517669678
18.3012924194336 18.2393455505371 18.1271076202393 18.2318286895752 18.1018753051758 18.5258827209473 19.6155586242676 20.6500034332275 20.9297752380371 20.7349643707275 21.3546047210693 20.7524662017822 20.7866401672363 22.2618579864502 23.0125732421875 24.4781436920166 25.1129856109619 25.025463104248 25.1612815856934 26.5352840423584 29.2374172210693 26.9517669677734 24.8761177062988 25.9269618988037 27.1788921356201 26.7671222686768 26.0994205474854 29.0078792572021 26.1465072631836 26.3968410491943 26.4179954528809 23.8663234710693 23.7224655151367 24.0558338165283 23.8357009887695 23.8352241516113 25.2411155700684 24.2430419921875 23.3404541015625 27.0927677154541 26.8395690917969 28.8003120422363 25.3751277923584 27.4831962585449 27.2267932891846 27.1660442352295
18.077018737793 20.0793476104736 18.4243564605713 18.0545387268066 17.9669437408447 17.9360275268555 18.1239128112793 20.2586250305176 21.0040912628174 21.1657543182373 21.0752410888672 21.1414356231689 26.4446487426758 27.5483512878418 28.0434532165527 24.3685722351074 26.2167129516602 22.5696220397949 28.2043533325195 28.0846824645996 27.7783069610596 28.0377140045166 27.4103927612305 26.9756813049316 26.6774616241455 24.7697601318359 25.9508228302002 27.0857067108154 29.2293472290039 28.4995365142822 28.2373924255371 28.9874534606934 28.0849609375 24.1210422515869 25.0863075256348 29.4766693115234 28.6434268951416 25.6267070770264 25.4332466125488 25.2454319000244 23.322265625 23.8498992919922 24.4724311828613 25.3807697296143 24.5223712921143 25.1576747894287
19.98073387146 20.6678333282471 21.8653011322021 18.9319229125977 18.4589614868164 19.312406539917 19.1354084014893 20.1765174865723 20.5231971740723 21.1115474700928 25.4324722290039 27.012170791626 28.1882400512695 28.226770401001 28.7090320587158 21.8614273071289 25.0337448120117 22.1000194549561 22.375171661377 24.878080368042 24.8605480194092 29.0843181610107 25.4894905090332 26.3599472045898 26.0834255218506 25.2014255523682 27.1549263000488 27.2458744049072 27.7260284423828 27.7782669067383 27.5456829071045 25.9172191619873 24.2537822723389 24.7692356109619 25.4282760620117 29.6359062194824 29.5981998443604 26.4140930175781 25.2636585235596 25.107666015625 25.0877094268799 24.065149307251 25.2481937408447 23.8473014831543 24.8377304077148 25.4886436462402
23.3719081878662 20.1561508178711 23.1424312591553 18.0920352935791 18.2137641906738 19.5284824371338 19.7522296905518 20.5024299621582 21.1918487548828 21.6978168487549 21.7079811096191 21.9246826171875 26.5704097747803 27.2526874542236 27.8721790313721 21.7985782623291 24.2658672332764 24.1798839569092 21.0375003814697 24.7327766418457 22.2802906036377 27.9862670898438 25.5833168029785 27.1107082366943 25.5211429595947 26.5105133056641 25.5128383636475 25.1355571746826 28.1507434844971 27.8385601043701 27.2334728240967 26.71728515625 26.3916549682617 24.6104297637939 25.4483699798584 27.8738746643066 29.2226257324219 27.3459415435791 26.2408313751221 26.7550868988037 25.3146667480469 24.1996765136719 24.2766971588135 23.4087066650391 24.8727989196777 25.6783351898193
18.8261394500732 17.4352493286133 17.951847076416 17.0505657196045 17.0431232452393 18.6921119689941 19.5787620544434 20.7385025024414 21.1190490722656 21.3888549804688 21.6038494110107 21.2620792388916 21.193696975708 20.7594337463379 21.2433090209961 24.3997077941895 22.1387424468994 24.9311027526855 21.7965755462646 24.1849689483643 24.0112934112549 24.8480911254883 27.9063091278076 28.64453125 25.8226642608643 25.996976852417 26.7086277008057 24.9079685211182 25.2637042999268 28.6866035461426 27.1387176513672 26.4670257568359 25.8672733306885 24.2175426483154 24.106595993042 25.7667961120605 26.1516094207764 25.9939441680908 25.4099559783936 23.7342987060547 27.3646507263184 23.6810455322266 23.4088821411133 23.0800514221191 23.1098690032959 24.4118747711182
17.1714305877686 22.8555374145508 23.6463737487793 17.263765335083 17.2226886749268 18.114444732666 18.9032554626465 19.7981777191162 20.3217792510986 20.6609554290771 21.018440246582 20.8447551727295 20.877067565918 21.3130588531494 21.6676654815674 22.0659103393555 24.7349224090576 25.1517925262451 25.0512218475342 25.5443458557129 24.0377998352051 25.146089553833 26.6823749542236 28.7554817199707 26.5979900360107 27.3895015716553 27.3689060211182 27.3322830200195 27.0911693572998 29.0885543823242 27.9985275268555 27.4459648132324 27.5194549560547 27.8329963684082 24.9319381713867 23.999340057373 25.188232421875 22.6405830383301 24.1690578460693 24.4780292510986 24.5712833404541 23.5566501617432 28.0474395751953 24.5341014862061 23.1325988769531 22.9119491577148
17.9978923797607 17.1925830841064 23.0679817199707 17.8658008575439 18.0035057067871 18.9494495391846 18.8423957824707 19.6154155731201 20.7280616760254 21.2429828643799 21.5523090362549 21.666072845459 21.7126502990723 25.4002342224121 25.4174747467041 22.39621925354 22.1693019866943 22.3106842041016 22.3373928070068 25.1511058807373 24.6750526428223 24.8702278137207 22.3492527008057 23.5065727233887 24.3461570739746 26.1168422698975 25.4913291931152 26.6076412200928 28.6116905212402 26.1364936828613 26.0276947021484 25.1083469390869 25.4726257324219 26.3525257110596 24.740535736084 24.3598384857178 22.353946685791 21.5964050292969 21.8094596862793 20.7428913116455 26.5066165924072 25.064826965332 26.232458114624 25.8576698303223 27.8483543395996 23.6207523345947
19.0370464324951 18.0571537017822 17.5999736785889 18.1340217590332 18.6970138549805 19.6211585998535 19.6863422393799 20.0069828033447 20.2595176696777 20.9050388336182 20.9547214508057 23.7041053771973 24.6463737487793 21.8337879180908 26.1521911621094 25.536657333374 26.0060520172119 22.6076374053955 25.3979110717773 25.2035846710205 25.2453708648682 24.3072185516357 23.2484169006348 25.2855930328369 27.1244506835938 27.3057842254639 25.3973999023438 25.9176692962646 25.0895652770996 26.960916519165 27.2204093933105 25.8599510192871 27.1393928527832 24.997163772583 27.513032913208 24.5357704162598 28.151782989502 24.47682762146 24.830904006958 23.3056716918945 24.4446983337402 24.9666805267334 24.2720108032227 24.5642986297607 25.4287853240967 26.4284572601318
18.6217555999756 18.1144485473633 17.7533111572266 19.0251369476318 19.6587028503418 20.2041339874268 20.8687953948975 21.2127571105957 21.1844749450684 21.5362396240234 21.4290580749512 23.602014541626 24.2895469665527 25.8394680023193 26.0290756225586 25.5280647277832 25.9261817932129 26.3244819641113 25.7455310821533 22.6097297668457 25.1808986663818 24.3099155426025 25.0755157470703 25.1330223083496 26.3997039794922 27.1392383575439 27.394567489624 27.9641704559326 25.2900085449219 25.7756080627441 23.0219612121582 25.3626766204834 26.7054252624512 28.5476760864258 27.5390396118164 21.6539211273193 24.2351684570312 25.08860206604 23.5833911895752 24.5753936767578 26.5324554443359 25.7411403656006 25.1114444732666 25.5087413787842 25.0654144287109 24.9215126037598
18.6124897003174 17.8467464447021 17.1963539123535 18.5807075500488 19.8450412750244 20.3214435577393 19.6831150054932 21.0320110321045 20.6843338012695 20.0734481811523 21.3072547912598 20.9843864440918 21.3216972351074 24.1913547515869 21.8516635894775 25.1917362213135 25.3179187774658 25.3174571990967 25.8759651184082 23.8960952758789 24.7890796661377 25.2749729156494 24.8439884185791 22.5165042877197 25.0190010070801 27.167947769165 26.1835346221924 25.3696899414062 25.5824127197266 25.7578659057617 22.8710536956787 20.9821949005127 21.8726253509521 24.9187431335449 21.0394020080566 20.834358215332 25.1640243530273 24.5207538604736 25.3265914916992 24.0645179748535 26.3189220428467 27.5352821350098 23.9070739746094 24.1948070526123 25.1049842834473 25.7236099243164
19.020751953125 17.9738826751709 18.0617122650146 18.6338272094727 19.5101318359375 19.9646968841553 20.4689083099365 20.5102710723877 19.2844696044922 18.8540019989014 20.7053165435791 19.3626689910889 19.8653030395508 20.1459159851074 23.8660430908203 24.7257862091064 22.0669994354248 25.3249225616455 22.70143699646 26.1621246337891 25.74294090271 26.0544300079346 25.5473365783691 25.2215404510498 24.4006576538086 25.6068954467773 26.4388961791992 25.4364528656006 24.7952346801758 26.4238815307617 24.6021690368652 22.1159152984619 25.2999706268311 24.3528671264648 18.7816944122314 23.3361034393311 24.4036083221436 24.8582878112793 25.1955280303955 26.8964958190918 24.8209209442139 27.2124996185303 24.9509105682373 25.162425994873 24.6483001708984 24.5210151672363
19.0255756378174 18.7083606719971 18.4274044036865 18.5855102539062 19.2761325836182 19.9765853881836 19.9254398345947 19.714075088501 19.0764713287354 20.0894184112549 20.2849540710449 19.0775585174561 19.3817691802979 19.5850811004639 20.8872852325439 21.2582111358643 24.9970397949219 22.1533966064453 25.4707622528076 25.752908706665 25.5665645599365 25.8964176177979 24.1331424713135 25.6405906677246 24.9044647216797 24.9838008880615 24.7239284515381 25.8621692657471 24.0970096588135 24.0284824371338 25.7247562408447 25.4624729156494 22.0131454467773 23.9911766052246 24.689624786377 25.5391235351562 22.4442501068115 24.9124965667725 27.288158416748 24.6469306945801 25.6384735107422 24.7524356842041 25.2180213928223 27.0458145141602 26.5438899993896 24.2283134460449
18.4167594909668 18.338399887085 17.8820381164551 18.2987213134766 18.8584041595459 18.7133655548096 19.4080715179443 19.8472118377686 20.2364406585693 20.2920188903809 20.2844848632812 20.5340557098389 23.8032703399658 24.5503540039062 24.4071006774902 21.172908782959 21.8711891174316 25.6718597412109 23.0229148864746 25.1780986785889 25.5029335021973 26.0896663665771 26.1749267578125 25.4862155914307 25.6906356811523 24.6237678527832 25.0717678070068 24.9558944702148 24.1186676025391 26.0569133758545 26.4070224761963 27.2412071228027 23.6535243988037 24.5691452026367 24.5018310546875 20.3205299377441 23.2490005493164 25.9842739105225 27.9202136993408 22.6571159362793 25.0462245941162 25.2393550872803 24.5651168823242 23.3720569610596 24.8876686096191 25.6136150360107
