inst/extdata/Tmax/Tmax63.asc
NCOLS 100 
NROWS 79 
XLLCORNER 148.06 
YLLCORNER -21.49 
CELLSIZE 0.01 
NODATA_value -3.4e+38 
[rows 20 to 39 of 79, columns 0 to 45 of 100]
40.590030670166001 40.6184616088867 40.5981559753418 40.5518264770508 40.5574073791504 40.6591796875 40.5644950866699 40.4809532165527 40.4031944274902 40.2974166870117 40.1043472290039 39.6793975830078 39.197566986084 38.496696472168 37.0440406799316 36.5842704772949 36.5200233459473 37.6075477600098 38.7628746032715 39.2408561706543 39.2690773010254 39.2929382324219 39.6617164611816 39.6984252929688 39.5458335876465 39.2501449584961 38.6078796386719 37.6079597473145 38.2024230957031 38.2815742492676 38.9432754516602 38.9637832641602 39.1214179992676 39.0903549194336 39.0521621704102 38.7956962585449 38.3772506713867 38.3849220275879 37.8812408447266 38.162353515625 37.9292755126953 37.1470489501953 37.3966255187988 37.4566268920898 37.5924224853516 37.6287498474121
40.6749305725098 40.7275848388672 40.7196044921875 40.6722030639648 40.6653137207031 40.6519660949707 40.503345489502 40.4147872924805 40.3797569274902 40.3035354614258 40.1670761108398 39.9763946533203 39.7283058166504 38.7256851196289 37.0817413330078 36.738697052002 37.0178451538086 37.9307823181152 38.4947166442871 38.9131469726562 39.0596885681152 38.9751434326172 39.5540733337402 39.7088813781738 39.5123176574707 39.5369110107422 39.5142288208008 38.7000389099121 38.5385856628418 39.1077156066895 39.2415771484375 39.1316032409668 38.7832412719727 38.1349945068359 38.1609802246094 38.1414527893066 38.6357154846191 37.8778877258301 37.447826385498 37.7937049865723 37.3750762939453 37.4741325378418 37.1724319458008 36.1780776977539 36.5382499694824 37.2866859436035
40.7501983642578 40.7892036437988 40.7783203125 40.7522468566895 40.7236442565918 40.677490234375 40.4880638122559 40.353515625 40.2887077331543 40.2457695007324 40.1183433532715 40.0334281921387 39.8442802429199 39.1974411010742 37.993049621582 37.083438873291 36.3843727111816 36.9407806396484 37.5841407775879 38.4838638305664 38.6170959472656 38.7593421936035 39.4662437438965 39.245922088623 38.8076515197754 39.2125930786133 39.299633026123 39.389820098877 39.0936241149902 39.1424598693848 38.8632888793945 38.6653366088867 38.0528030395508 37.695484161377 37.4469375610352 37.6902160644531 37.619514465332 37.0095481872559 36.9827651977539 36.898193359375 36.5624961853027 35.7389373779297 36.6066780090332 36.2913436889648 35.208568572998 36.7812728881836
40.749942779541 40.7729797363281 40.7722778320312 40.7529678344727 40.7021598815918 40.6812362670898 40.5933876037598 40.2883453369141 40.170166015625 40.1798324584961 39.9861946105957 39.7807083129883 39.8746490478516 39.4850883483887 38.6456451416016 37.7952423095703 36.8941078186035 36.5736389160156 37.2545127868652 37.612247467041 38.2215614318848 39.3209762573242 39.0615577697754 38.4070625305176 38.5782127380371 38.7468528747559 38.4203300476074 39.4519805908203 39.4850578308105 39.3431930541992 39.1048698425293 37.9227561950684 37.5673789978027 37.7959251403809 38.1698303222656 37.6722412109375 36.6663284301758 36.072093963623 36.8781356811523 36.3215103149414 35.526065826416 33.9620475769043 34.8807563781738 36.1979866027832 34.2080688476562 35.6818733215332
40.7094841003418 40.7602729797363 40.7727584838867 40.7296752929688 40.6800880432129 40.6701545715332 40.6562461853027 40.4699821472168 40.2820701599121 40.0981788635254 39.9819068908691 39.9284133911133 39.7391586303711 39.3904762268066 38.579288482666 37.8294906616211 37.0179481506348 36.615592956543 36.8506622314453 36.8606109619141 38.2025299072266 39.1215934753418 37.9268379211426 37.3400993347168 38.2486610412598 38.2332496643066 38.4457015991211 39.2543907165527 39.5215606689453 39.1205101013184 39.0671882629395 38.8209991455078 38.7969665527344 38.8654022216797 38.5182685852051 38.1901817321777 37.7530708312988 36.5324325561523 36.2912139892578 36.0113220214844 34.1128692626953 33.4805526733398 33.9751663208008 36.0176315307617 33.8409118652344 34.2523956298828
40.6774291992188 40.6905479431152 40.6838798522949 40.647876739502 40.6473655700684 40.6441841125488 40.655876159668 40.6004104614258 40.4385108947754 40.1831550598145 39.9754219055176 39.8219680786133 39.6608009338379 39.187313079834 38.7139167785645 38.1174049377441 37.4518013000488 37.0821418762207 37.5933074951172 38.3767776489258 38.3723449707031 38.2762298583984 37.751392364502 36.3505516052246 36.9296455383301 37.7965240478516 37.9731483459473 39.3190155029297 39.5242309570312 39.1451988220215 38.2023239135742 38.8725242614746 38.7345848083496 38.6042747497559 38.3154907226562 37.974494934082 37.8460884094238 36.2234764099121 34.8102378845215 35.2681541442871 33.6788902282715 34.6145057678223 35.0115013122559 36.0392417907715 34.9164733886719 33.7260780334473
40.5786514282227 40.5994415283203 40.589485168457 40.589786529541 40.5744476318359 40.5646743774414 40.6403617858887 40.6313247680664 40.4847030639648 40.0517768859863 39.9322547912598 39.6439819335938 39.6381072998047 39.2489929199219 38.4471778869629 37.2837181091309 36.8766784667969 37.0991744995117 37.6352996826172 37.5444068908691 37.7646903991699 38.7579803466797 38.6101989746094 36.950382232666 36.5087776184082 37.5556144714355 38.4482421875 39.4080085754395 39.503231048584 39.2772598266602 38.379524230957 37.9661560058594 38.8233261108398 38.2483978271484 37.7728538513184 36.8668251037598 36.5588035583496 36.6918640136719 35.5217628479004 34.0812950134277 33.6378707885742 34.000862121582 33.8951568603516 35.0676345825195 34.0243148803711 33.3057594299316
40.4441986083984 40.459529876709 40.475887298584 40.5160140991211 40.5286254882812 40.5770378112793 40.65673828125 40.6414527893066 40.5585708618164 40.3540267944336 40.0973587036133 39.8114051818848 39.6922607421875 39.4941177368164 38.508129119873 37.265453338623 36.9188041687012 36.873291015625 37.0288925170898 37.0156707763672 38.2875289916992 38.9986457824707 38.4191780090332 37.4795455932617 36.8584175109863 37.1286849975586 37.2739295959473 39.0089988708496 39.396556854248 39.2771072387695 38.4200286865234 38.3329734802246 38.660327911377 37.8562202453613 37.0976333618164 36.4723358154297 35.4625473022461 36.2693328857422 36.0941772460938 34.0644912719727 33.5773811340332 33.7996368408203 33.7069549560547 34.3799629211426 33.7218551635742 33.3892402648926
39.9236488342285 39.872257232666 40.1388397216797 40.4484786987305 40.5724220275879 40.6439476013184 40.6657600402832 40.6416816711426 40.5008583068848 40.3791084289551 40.1995735168457 39.6331253051758 39.7444038391113 39.5962028503418 39.0530433654785 37.7381019592285 36.9491424560547 36.3913536071777 36.7525596618652 37.7468185424805 38.3204307556152 38.7271995544434 37.78173828125 36.986701965332 36.7920188903809 36.9669456481934 37.4604377746582 38.4666748046875 39.3020515441895 39.3768653869629 38.8273239135742 38.5466613769531 38.0813789367676 36.9514427185059 35.6590232849121 35.1967086791992 34.8421325683594 35.0804634094238 35.2630310058594 34.8216705322266 34.2366828918457 34.3897895812988 34.0853652954102 33.8447761535645 33.8633308410645 33.7941131591797
38.9860305786133 39.9043273925781 40.234733581543 39.9507369995117 40.5169715881348 40.657901763916 40.670166015625 40.6449584960938 40.4260520935059 40.263011932373 40.2422294616699 39.9663009643555 39.7247314453125 39.5949020385742 39.3343925476074 38.7879028320312 38.1922836303711 36.6824226379395 37.0513534545898 37.1513519287109 37.3335952758789 38.3911476135254 37.9310493469238 37.0403442382812 36.8207473754883 36.5963554382324 36.5738182067871 38.4262619018555 39.3523406982422 39.4433059692383 38.5658836364746 37.4989204406738 37.1619338989258 36.7772598266602 36.4871597290039 35.3615379333496 35.2954216003418 34.8400230407715 34.3789978027344 34.6747360229492 36.7105102539062 36.810359954834 35.5470886230469 33.9323310852051 35.1222496032715 35.2504348754883
39.3092651367188 40.233570098877 40.2468452453613 39.6762886047363 40.4756126403809 40.651008605957 40.6884498596191 40.6584014892578 40.5873489379883 40.3437309265137 40.2221031188965 40.1609649658203 39.9850082397461 39.7760963439941 39.4736289978027 38.8545417785645 37.9617156982422 37.4744987487793 36.9761848449707 37.2718048095703 37.3687515258789 37.8705368041992 37.2016983032227 37.0201835632324 36.6899375915527 35.9908638000488 36.3197174072266 38.3143157958984 39.2442474365234 39.3022003173828 39.2938117980957 39.1170883178711 37.9013977050781 36.8513145446777 36.7836265563965 36.2483901977539 36.4108123779297 36.2029457092285 35.7337341308594 36.291202545166 37.9546585083008 38.0280952453613 37.5596237182617 36.9303016662598 36.8029022216797 36.144947052002
40.1174774169922 40.391185760498 40.4416885375977 40.4288101196289 40.5047264099121 40.6434440612793 40.6621246337891 40.645263671875 40.586353302002 40.5007438659668 40.309253692627 40.2569808959961 40.1656951904297 39.9603729248047 39.6871299743652 39.1759796142578 38.2642936706543 37.8051910400391 37.0383720397949 36.9256744384766 37.013370513916 37.5147171020508 37.1072998046875 36.8283805847168 36.7673149108887 36.8089485168457 37.716007232666 38.9005851745605 39.3179359436035 38.7748031616211 38.6908569335938 38.709831237793 38.94677734375 38.4072380065918 38.1137886047363 37.2720222473145 38.424072265625 38.265510559082 38.2396965026855 38.2621383666992 38.0151786804199 37.0230140686035 35.9611129760742 35.5994682312012 35.4523811340332 34.6214332580566
39.8339500427246 40.5778923034668 40.6223411560059 40.625358581543 40.6087074279785 40.604907989502 40.5658798217773 40.6002731323242 40.5804405212402 40.549503326416 40.5063705444336 40.3849792480469 40.2047309875488 40.0467224121094 39.8546028137207 39.6001281738281 39.0993728637695 38.3747177124023 37.5602226257324 36.7869338989258 36.8269119262695 37.3381004333496 37.2104072570801 36.9073028564453 36.7571296691895 36.9423599243164 38.5338516235352 39.312198638916 39.3955726623535 39.2145004272461 38.6857986450195 38.0298118591309 38.8046569824219 38.9312629699707 38.9813003540039 38.4148254394531 38.8675765991211 38.5526161193848 38.4138870239258 38.2385635375977 36.9199371337891 35.3400917053223 33.9050827026367 34.3005638122559 34.2092475891113 33.0964279174805
39.6805076599121 40.3371162414551 40.131420135498 39.9934120178223 40.1240196228027 40.5068016052246 40.4973335266113 40.5084686279297 40.5107879638672 40.4844970703125 40.4613609313965 40.4453086853027 40.3388252258301 40.1884231567383 40.0361137390137 39.8079147338867 39.356616973877 38.9078102111816 38.620964050293 37.9384307861328 36.902904510498 37.1721153259277 36.9326782226562 37.0217895507812 36.8951644897461 36.8734703063965 38.0538063049316 39.2700080871582 39.3667182922363 39.0304946899414 38.890983581543 37.7298316955566 38.0605010986328 38.3464012145996 38.680721282959 38.8218002319336 38.6723556518555 38.493034362793 38.0749130249023 38.1411666870117 37.7906875610352 36.4141883850098 35.5074005126953 36.1312408447266 35.6413421630859 34.3556480407715
40.0376586914062 40.3218421936035 39.8794898986816 39.1578979492188 39.2636375427246 40.2565231323242 40.4634590148926 40.4161834716797 40.420955657959 40.4302520751953 40.3586120605469 40.4180564880371 40.3781700134277 40.2735595703125 40.1269645690918 39.9366226196289 39.6193504333496 38.9013328552246 38.4664840698242 37.9696083068848 37.2306709289551 37.1429100036621 36.9479179382324 36.7200660705566 36.6915969848633 37.1245918273926 38.3874206542969 39.2433052062988 38.7064552307129 38.473461151123 38.6009101867676 38.2173385620117 37.8712501525879 37.5112724304199 37.2195129394531 37.7734718322754 37.5678787231445 37.9394989013672 37.8567848205566 37.6392974853516 37.3526573181152 37.7180290222168 37.4429779052734 37.0936508178711 36.426643371582 35.8934288024902
40.1767959594727 40.2705917358398 40.0516319274902 39.7115859985352 39.3775749206543 39.9566307067871 40.2655944824219 40.2790870666504 40.3170166015625 40.3787002563477 40.3793411254883 40.4372024536133 40.3848686218262 40.3345413208008 40.1834831237793 39.963752746582 39.7228698730469 39.4953155517578 39.072826385498 38.3686866760254 37.954647064209 37.676570892334 37.1184997558594 36.4095191955566 36.5969543457031 36.8831939697266 38.4924583435059 39.0743560791016 37.0024948120117 36.555606842041 37.282585144043 37.535514831543 37.4932289123535 37.2585296630859 36.7204170227051 36.4388046264648 37.0425453186035 36.8681144714355 36.8381729125977 36.7883758544922 36.4962425231934 36.1636543273926 36.4476203918457 36.9866104125977 36.2851486206055 35.0140838623047
40.0307807922363 40.055534362793 40.067455291748 39.7656211853027 39.4565620422363 39.648796081543 39.8709373474121 40.069522857666 40.1760177612305 40.3109474182129 40.3036689758301 40.3112449645996 40.416431427002 40.3556251525879 40.239803314209 39.9600791931152 39.9521636962891 39.793514251709 39.5349426269531 39.1271362304688 38.9770393371582 38.1082916259766 37.452449798584 36.9346313476562 36.9392776489258 37.3784599304199 38.5371971130371 38.4303321838379 38.1113548278809 38.002124786377 37.1471633911133 37.0808143615723 36.873851776123 36.7186241149902 35.9075317382812 35.4518585205078 35.6987342834473 35.6423301696777 35.9150810241699 35.6918411254883 35.6831359863281 34.6444282531738 35.4528121948242 36.4300727844238 36.1653747558594 34.5060882568359
39.4460258483887 39.7935829162598 40.0022506713867 39.8806838989258 39.6569404602051 39.507511138916 39.4812774658203 39.8719825744629 39.9827308654785 40.1788444519043 40.2813720703125 40.2906303405762 40.3682022094727 40.3986511230469 40.2187728881836 40.119312286377 40.0538787841797 39.9353332519531 39.7732124328613 39.5638122558594 39.3493690490723 38.5676803588867 37.2996597290039 37.4081268310547 36.6399612426758 37.3021202087402 38.3894653320312 37.7653007507324 37.9861297607422 38.517032623291 38.3941116333008 38.2221298217773 37.4747695922852 36.9977722167969 35.2207717895508 33.7841033935547 33.8375396728516 33.7156829833984 33.6758346557617 34.2138061523438 34.4053344726562 34.6369705200195 34.8538703918457 35.8580169677734 35.6990699768066 35.2532768249512
39.5754127502441 39.6692848205566 39.799503326416 39.7645416259766 39.7168235778809 39.3724937438965 39.1232757568359 38.8268394470215 39.539134979248 40.0948677062988 40.2540855407715 40.3117904663086 40.4100532531738 40.4192543029785 40.1008720397949 39.6706657409668 39.7111663818359 39.7790184020996 39.8412704467773 39.7186241149902 39.5714988708496 39.1260452270508 37.8935394287109 38.2461967468262 37.1734466552734 37.1753845214844 37.3556938171387 37.7162284851074 36.5425224304199 37.3030738830566 36.8905181884766 37.0248107910156 38.4408874511719 37.9648857116699 36.8816528320312 34.3466644287109 33.3111419677734 33.3203887939453 32.5624122619629 33.0601577758789 33.7900733947754 33.7879409790039 33.8821754455566 35.4515113830566 34.9499626159668 34.3448066711426
39.6562423706055 39.5638084411621 39.6088447570801 39.385856628418 39.59619140625 39.4926338195801 39.2323570251465 38.934627532959 39.1417617797852 39.8274040222168 40.1129760742188 40.3325576782227 40.392765045166 40.3685874938965 40.3165626525879 39.8856010437012 39.4793319702148 39.2642707824707 39.5759353637695 39.7252197265625 39.580982208252 39.4282302856445 39.0775299072266 38.4395370483398 37.2404479980469 37.0064926147461 36.9664688110352 37.0726013183594 37.1387977600098 36.5437469482422 35.9007797241211 36.7888793945312 38.156982421875 37.3245429992676 37.5803680419922 36.9718284606934 36.4832305908203 36.3377075195312 35.2176399230957 33.9515075683594 34.7785606384277 34.4245452880859 34.8705711364746 35.088996887207 34.7473297119141 34.2115325927734
