inst/extdata/Tmax/Tmax31.asc
NCOLS 100 
NROWS 79 
XLLCORNER 148.06 
YLLCORNER -21.49 
CELLSIZE 0.01 
NODATA_value -3.4e+38 
[rows 0 to 19 of 79, columns 46 to 91 of 100]
32.9706802368164 31.6621131896973 31.8313236236572 32.0407447814941 32.5756378173828 32.5078735351562 32.6749725341797 32.694164276123 31.6928844451904 29.6989803314209 31.386754989624 30.7695617675781 31.5302658081055 32.1368827819824 32.2039909362793 32.3727951049805 32.5617980957031 32.9861640930176 31.5858592987061 32.1553840637207 32.3391952514648 -3.4e+38 -3.4e+38 -3.4e+38 -3.4e+38 -3.4e+38 -3.4e+38 -3.4e+38 -3.4e+38 -3.4e+38 -3.4e+38 -3.4e+38 -3.4e+38 -3.4e+38 -3.4e+38 -3.4e+38 -3.4e+38 -3.4e+38 -3.4e+38 -3.4e+38 -3.4e+38 -3.4e+38 -3.4e+38 -3.4e+38 -3.4e+38 -3.4e+38
33.3370246887207 32.8342056274414 31.487003326416 31.7155418395996 31.8446865081787 31.7975997924805 32.1476936340332 32.5359764099121 31.2574138641357 30.265251159668 32.2823066711426 31.9624137878418 33.6975326538086 33.261589050293 32.0676689147949 31.0557460784912 32.2008781433105 34.0599212646484 32.9902801513672 31.7578430175781 32.4548301696777 34.5217399597168 -3.4e+38 -3.4e+38 -3.4e+38 -3.4e+38 -3.4e+38 -3.4e+38 -3.4e+38 -3.4e+38 -3.4e+38 -3.4e+38 -3.4e+38 -3.4e+38 -3.4e+38 -3.4e+38 -3.4e+38 -3.4e+38 -3.4e+38 -3.4e+38 -3.4e+38 -3.4e+38 -3.4e+38 -3.4e+38 -3.4e+38 -3.4e+38
35.1345367431641 32.1245307922363 30.0975379943848 30.3916606903076 30.1871204376221 31.716064453125 30.8817958831787 30.7920913696289 29.9580955505371 29.7662982940674 31.5843563079834 33.0022506713867 34.3494033813477 33.7816886901855 31.236644744873 30.5059680938721 32.0586700439453 31.6989212036133 31.5794506072998 31.8244342803955 31.4795894622803 31.7178535461426 31.5727214813232 32.086009979248 -3.4e+38 -3.4e+38 -3.4e+38 -3.4e+38 -3.4e+38 -3.4e+38 -3.4e+38 -3.4e+38 -3.4e+38 -3.4e+38 -3.4e+38 -3.4e+38 -3.4e+38 -3.4e+38 -3.4e+38 -3.4e+38 -3.4e+38 -3.4e+38 -3.4e+38 -3.4e+38 -3.4e+38 -3.4e+38
31.2677173614502 30.751371383667 27.9211654663086 28.7981033325195 30.3857555389404 30.1797561645508 30.6127300262451 30.7745838165283 30.4669933319092 30.0701084136963 31.3522090911865 30.9862289428711 33.68603515625 34.2181053161621 31.6380767822266 31.0544700622559 32.8903541564941 33.5506629943848 32.9838981628418 32.2893943786621 30.8764991760254 31.7943801879883 31.5153751373291 32.3494491577148 32.8466949462891 32.8303489685059 -3.4e+38 -3.4e+38 -3.4e+38 -3.4e+38 -3.4e+38 -3.4e+38 -3.4e+38 -3.4e+38 -3.4e+38 -3.4e+38 -3.4e+38 -3.4e+38 -3.4e+38 -3.4e+38 -3.4e+38 -3.4e+38 -3.4e+38 -3.4e+38 -3.4e+38 -3.4e+38
32.2305030822754 30.3750629425049 27.7353401184082 27.4163951873779 28.841365814209 31.0349502563477 31.6802291870117 32.0367126464844 30.0924453735352 29.1272315979004 29.837438583374 28.2356605529785 29.7853336334229 33.7472534179688 30.8456840515137 31.1740627288818 33.0138359069824 32.8020439147949 33.482837677002 33.505184173584 27.1205348968506 31.7917423248291 32.0523910522461 31.5390949249268 32.349983215332 32.8106536865234 -3.4e+38 -3.4e+38 -3.4e+38 -3.4e+38 -3.4e+38 -3.4e+38 -3.4e+38 -3.4e+38 -3.4e+38 -3.4e+38 -3.4e+38 -3.4e+38 -3.4e+38 -3.4e+38 -3.4e+38 -3.4e+38 -3.4e+38 -3.4e+38 -3.4e+38 -3.4e+38
28.0513114929199 28.7789878845215 26.9204750061035 26.2303256988525 28.8779773712158 30.9025096893311 30.2979125976562 30.7244987487793 29.5476207733154 29.9124355316162 27.7192516326904 27.4306926727295 31.4472045898438 32.0861434936523 29.9392242431641 31.220853805542 32.463794708252 33.5841903686523 32.5930786132812 32.4623565673828 27.1877899169922 29.2302951812744 32.7467613220215 31.6989459991455 32.1226119995117 32.0523529052734 -3.4e+38 -3.4e+38 -3.4e+38 -3.4e+38 -3.4e+38 -3.4e+38 -3.4e+38 -3.4e+38 -3.4e+38 -3.4e+38 -3.4e+38 -3.4e+38 -3.4e+38 -3.4e+38 -3.4e+38 -3.4e+38 -3.4e+38 -3.4e+38 -3.4e+38 -3.4e+38
26.8846187591553 27.5866756439209 27.9639186859131 27.5067310333252 31.3703098297119 30.9485740661621 30.9534015655518 29.8148288726807 30.5996265411377 29.5759010314941 28.7708797454834 29.0754585266113 30.0744075775146 33.6957397460938 33.7379570007324 34.635929107666 31.1297359466553 31.4393291473389 31.4353370666504 31.9520034790039 33.7995071411133 31.592342376709 32.33154296875 31.8928813934326 31.2413635253906 30.5296421051025 30.4724960327148 31.047119140625 -3.4e+38 -3.4e+38 -3.4e+38 -3.4e+38 -3.4e+38 -3.4e+38 -3.4e+38 -3.4e+38 -3.4e+38 -3.4e+38 -3.4e+38 -3.4e+38 -3.4e+38 -3.4e+38 -3.4e+38 -3.4e+38 -3.4e+38 -3.4e+38
25.850887298584 28.3083229064941 33.4155960083008 27.9150505065918 26.9195194244385 28.672758102417 30.3895702362061 29.4425716400146 29.7275314331055 30.5953617095947 29.0626125335693 28.6509437561035 29.6732215881348 31.0619201660156 29.4156303405762 32.1312713623047 29.2255344390869 29.0162200927734 30.1895122528076 31.5246315002441 31.7889080047607 30.4815425872803 31.0205459594727 31.620096206665 30.5952758789062 29.8304538726807 29.5790138244629 30.2408905029297 31.615234375 30.1922359466553 31.4332485198975 -3.4e+38 -3.4e+38 -3.4e+38 -3.4e+38 -3.4e+38 -3.4e+38 -3.4e+38 -3.4e+38 -3.4e+38 -3.4e+38 -3.4e+38 -3.4e+38 -3.4e+38 -3.4e+38 -3.4e+38
25.8211669921875 27.7075290679932 28.3186511993408 32.2293701171875 27.8827590942383 26.3066730499268 28.3213920593262 28.5039176940918 30.7439556121826 31.0186920166016 31.2247276306152 29.5673160552979 29.1639842987061 29.785587310791 27.7341766357422 27.5887031555176 26.8992919921875 31.0286159515381 29.5132312774658 30.8646621704102 32.9022331237793 32.8375396728516 30.4036598205566 28.4698524475098 29.4048118591309 30.0002880096436 30.6351299285889 31.7841053009033 31.4282112121582 30.2694702148438 29.7277660369873 32.1083793640137 -3.4e+38 -3.4e+38 -3.4e+38 -3.4e+38 -3.4e+38 -3.4e+38 -3.4e+38 -3.4e+38 -3.4e+38 -3.4e+38 -3.4e+38 -3.4e+38 -3.4e+38 -3.4e+38
27.059455871582 27.692008972168 28.1488819122314 28.9050254821777 30.4465351104736 27.5171031951904 27.1503810882568 28.6758804321289 30.155294418335 30.4269428253174 30.3524627685547 30.1146430969238 29.0601634979248 29.1139984130859 27.6020736694336 27.2525978088379 26.8621215820312 31.6554946899414 31.4300899505615 29.6902294158936 30.7230548858643 32.5123901367188 33.2660598754883 32.2807121276855 32.1712684631348 29.8298740386963 30.4116973876953 32.9112205505371 30.8908500671387 30.2062454223633 33.2596015930176 33.7119293212891 -3.4e+38 -3.4e+38 -3.4e+38 -3.4e+38 -3.4e+38 -3.4e+38 -3.4e+38 -3.4e+38 -3.4e+38 -3.4e+38 -3.4e+38 -3.4e+38 -3.4e+38 -3.4e+38
26.1117725372314 28.0893840789795 27.9289054870605 27.9253101348877 29.3551712036133 32.1549835205078 29.3180046081543 30.0655479431152 29.8231601715088 30.033016204834 30.8179149627686 30.3046321868896 29.8488368988037 30.3497161865234 29.7471103668213 29.8171997070312 30.8976974487305 31.1042308807373 32.2898712158203 32.1279182434082 29.7813358306885 32.7907829284668 30.3912963867188 29.3218040466309 31.059419631958 30.7594718933105 31.7387828826904 31.5858821868896 33.5573883056641 34.174674987793 -3.4e+38 -3.4e+38 -3.4e+38 -3.4e+38 -3.4e+38 -3.4e+38 -3.4e+38 -3.4e+38 -3.4e+38 -3.4e+38 -3.4e+38 -3.4e+38 -3.4e+38 -3.4e+38 -3.4e+38 -3.4e+38
25.6278839111328 26.6200218200684 26.7057056427002 25.9027500152588 26.6381702423096 27.5892963409424 34.1471672058105 30.8128833770752 30.4918537139893 30.1729640960693 30.3684310913086 30.7812747955322 29.9145164489746 30.3327198028564 30.0268840789795 31.8732299804688 31.800012588501 31.6894836425781 34.7150001525879 32.4833145141602 30.7347183227539 30.7779865264893 30.760612487793 30.1742191314697 34.1686325073242 29.9379024505615 31.2497386932373 31.0300331115723 31.7996368408203 30.6089134216309 -3.4e+38 -3.4e+38 -3.4e+38 -3.4e+38 -3.4e+38 -3.4e+38 -3.4e+38 -3.4e+38 -3.4e+38 -3.4e+38 -3.4e+38 -3.4e+38 -3.4e+38 -3.4e+38 -3.4e+38 -3.4e+38
25.3640460968018 24.1380062103271 23.8130283355713 23.7305374145508 25.8794136047363 26.5801010131836 27.9532413482666 28.2254695892334 29.9735584259033 30.4654636383057 29.043270111084 29.2618446350098 29.1193733215332 29.6423168182373 29.912130355835 29.9021701812744 30.1180400848389 31.8221416473389 34.1426429748535 33.8095359802246 31.5578079223633 31.7698345184326 31.6483211517334 33.3939170837402 31.7618961334229 30.9587841033936 31.7884101867676 31.0804996490479 29.4841613769531 27.6129550933838 30.6911449432373 32.0829391479492 -3.4e+38 -3.4e+38 -3.4e+38 -3.4e+38 -3.4e+38 -3.4e+38 -3.4e+38 -3.4e+38 -3.4e+38 -3.4e+38 -3.4e+38 -3.4e+38 -3.4e+38 -3.4e+38
25.3724231719971 24.4757194519043 23.9505844116211 23.5406055450439 24.0720920562744 24.6007652282715 26.3156032562256 27.2184715270996 29.5315093994141 30.6536674499512 29.7968158721924 29.587739944458 30.0074863433838 30.4228897094727 30.7196846008301 31.9501857757568 30.0977897644043 32.0457763671875 33.1082344055176 31.9718780517578 31.9376258850098 34.3084526062012 31.9878158569336 31.4565849304199 32.836368560791 31.0551509857178 30.0321826934814 29.8316383361816 28.932430267334 30.1796760559082 32.123046875 31.8647480010986 30.8278388977051 -3.4e+38 -3.4e+38 -3.4e+38 -3.4e+38 27.1529140472412 33.361572265625 -3.4e+38 -3.4e+38 -3.4e+38 -3.4e+38 -3.4e+38 -3.4e+38 -3.4e+38
25.7954196929932 25.1072216033936 24.0111770629883 23.616024017334 24.2071418762207 23.9474868774414 25.096508026123 26.5505981445312 27.4982948303223 28.4216136932373 26.9164905548096 30.1347465515137 29.310583114624 30.0704784393311 31.3056335449219 30.235372543335 30.9886703491211 34.4093780517578 30.9323921203613 32.7389678955078 31.8672904968262 33.7792854309082 32.438045501709 31.6989345550537 31.6346168518066 31.7241649627686 31.599292755127 30.2332611083984 29.7806167602539 32.5859260559082 32.5411415100098 31.7333393096924 31.1713771820068 -3.4e+38 -3.4e+38 -3.4e+38 -3.4e+38 28.3390140533447 32.1753692626953 33.6609230041504 33.2987518310547 33.194751739502 -3.4e+38 -3.4e+38 -3.4e+38 -3.4e+38
25.716890335083 24.478214263916 23.9820518493652 24.0222053527832 23.59814453125 24.6079292297363 24.4502105712891 25.6889362335205 29.3700523376465 30.8018760681152 28.8792858123779 27.1346836090088 30.716869354248 26.6112194061279 26.432201385498 27.1782569885254 32.26904296875 30.4280281066895 29.9633636474609 31.1266994476318 31.2785472869873 32.0216865539551 31.8138198852539 31.0836219787598 31.0238723754883 31.1588039398193 32.267219543457 31.2568244934082 30.4175624847412 30.4084186553955 31.2089920043945 27.7694721221924 34.055606842041 -3.4e+38 -3.4e+38 31.4280052185059 33.1838569641113 32.4341125488281 31.215404510498 32.3150024414062 32.2538986206055 33.6850090026855 -3.4e+38 -3.4e+38 -3.4e+38 -3.4e+38
24.3015232086182 23.0091991424561 23.0932025909424 24.3645915985107 24.8123645782471 24.5387325286865 24.0969276428223 24.8760433197021 31.6681251525879 29.8892555236816 34.0614776611328 26.9133167266846 27.7115364074707 28.7814197540283 26.6255760192871 26.8068466186523 27.2086219787598 28.9181861877441 30.6601238250732 30.0444412231445 32.8596954345703 30.169490814209 30.8524303436279 31.1743507385254 30.6043224334717 31.6897315979004 31.617525100708 31.9478302001953 32.2735633850098 30.9608459472656 31.2209224700928 27.8313465118408 29.8990955352783 -3.4e+38 33.8351593017578 29.2820091247559 31.2572631835938 -3.4e+38 33.7624588012695 -3.4e+38 33.4952278137207 -3.4e+38 -3.4e+38 -3.4e+38 -3.4e+38 -3.4e+38
24.9341621398926 23.1696643829346 22.4489498138428 25.171407699585 25.237060546875 24.3597507476807 23.962963104248 24.0262050628662 25.6796569824219 27.7068557739258 28.0383834838867 31.9404582977295 33.5741653442383 28.8806915283203 28.4324131011963 29.5132846832275 29.8632164001465 30.0930252075195 29.6007995605469 29.4964179992676 31.0271549224854 31.0476760864258 32.5764656066895 32.5935859680176 30.8578147888184 30.6358337402344 31.5901012420654 30.5607872009277 30.8544368743896 30.7235660552979 28.4139251708984 29.703634262085 33.6804847717285 30.7085094451904 29.7634239196777 32.44775390625 32.1026077270508 -3.4e+38 -3.4e+38 -3.4e+38 -3.4e+38 -3.4e+38 -3.4e+38 33.4483642578125 -3.4e+38 -3.4e+38
25.7423858642578 25.4871234893799 23.054328918457 24.7233448028564 23.3784809112549 23.6147994995117 24.6486778259277 24.7458381652832 26.3133659362793 28.8499298095703 27.9335098266602 28.1501998901367 30.6019096374512 34.4594955444336 29.8731060028076 30.1183910369873 29.8531646728516 29.1125335693359 28.5651798248291 28.4415054321289 33.8150444030762 31.3957405090332 33.4041023254395 31.572416305542 31.7643375396729 30.263671875 30.7182579040527 29.638069152832 30.2873134613037 30.3425369262695 28.7320041656494 29.0072002410889 32.0719261169434 32.2080574035645 31.7208499908447 32.1033515930176 31.7523536682129 33.4200401306152 32.0122985839844 29.0249366760254 31.4305210113525 31.1579322814941 32.2845573425293 31.4386692047119 -3.4e+38 -3.4e+38
26.2897968292236 25.4898433685303 25.8011741638184 25.9502029418945 24.5513610839844 23.9773044586182 23.7417869567871 24.0897579193115 26.1731910705566 33.6738052368164 28.1908435821533 34.0152168273926 32.7772979736328 29.8869075775146 30.0627975463867 27.6678829193115 27.718391418457 30.2176647186279 28.7490005493164 28.9841728210449 31.0426921844482 32.5163879394531 34.5044975280762 32.2230949401855 33.8479957580566 30.658634185791 33.3559837341309 31.7597637176514 30.9405555725098 30.6509971618652 29.8841991424561 31.0300235748291 32.5892906188965 33.187068939209 33.386962890625 30.6388130187988 30.3753356933594 31.7989273071289 32.912670135498 33.6869201660156 33.2729682922363 33.3511657714844 31.690149307251 31.5522766113281 27.9356727600098 -3.4e+38
