inst/extdata/Tmax/Tmax152.asc
NCOLS 100 
NROWS 79 
XLLCORNER 148.06 
YLLCORNER -21.49 
CELLSIZE 0.01 
NODATA_value -3.4e+38 
[rows 40 to 59 of 79, columns 46 to 91 of 100]
34.4954147338867 35.5590629577637 36.0305404663086 36.9977035522461 38.7485580444336 39.8042869567871 39.3152885437012 37.2827033996582 36.8974494934082 37.6411437988281 38.199291229248 40.0908851623535 39.6914558410645 39.9372749328613 39.0523490905762 40.1452903747559 40.3594818115234 40.0620994567871 40.181770324707 40.301155090332 40.3137702941895 39.3379135131836 39.7676315307617 40.1197090148926 40.2255020141602 40.2859916687012 40.1907653808594 39.7983474731445 40.0015411376953 40.2133178710938 40.1643028259277 40.0103454589844 39.6757888793945 38.3701057434082 38.6632652282715 39.3682174682617 39.2758750915527 39.1811408996582 39.4326057434082 38.8638305664062 38.100887298584 38.5955238342285 38.9228210449219 38.7148513793945 38.9876327514648 39.0194473266602
35.9165267944336 37.1921119689941 37.1151657104492 37.0810127258301 38.7787818908691 40.1059150695801 38.9009819030762 38.4872436523438 39.1391334533691 39.2412796020508 39.6340789794922 40.3986473083496 40.2863121032715 40.3152847290039 40.1685371398926 40.5035209655762 40.5570068359375 40.4969062805176 40.4614295959473 40.4942932128906 40.472297668457 39.936954498291 39.2084121704102 39.5967674255371 39.5240173339844 40.0406265258789 40.3714027404785 39.882926940918 39.8755760192871 40.287052154541 40.3108444213867 40.2297172546387 40.0581970214844 39.428955078125 39.6826858520508 39.7152671813965 39.4970245361328 39.4918746948242 39.5990219116211 39.7275581359863 38.7274856567383 38.9619636535645 39.5907745361328 39.3891563415527 39.5253524780273 39.4491653442383
38.5000381469727 38.7034378051758 38.909839630127 39.4367752075195 39.804141998291 40.3220329284668 39.8792572021484 39.3167762756348 39.8826599121094 40.3263130187988 40.2361907958984 40.5852165222168 40.6327209472656 40.5588302612305 40.5399971008301 40.6305503845215 40.6527862548828 40.6378288269043 40.6139297485352 40.6121139526367 40.5152359008789 39.5497779846191 39.3498344421387 39.8835144042969 39.3493309020996 39.8190765380859 40.2864532470703 40.1880302429199 40.1320533752441 40.3973083496094 40.4079513549805 40.403507232666 40.3627319335938 40.2447853088379 40.1419372558594 39.7905769348145 38.8473434448242 39.4630241394043 40.012321472168 40.0040512084961 39.8566703796387 39.7938804626465 39.911922454834 39.9440612792969 39.9815521240234 39.9085350036621
39.8371238708496 39.8697471618652 40.0215377807617 40.1888198852539 40.4526329040527 40.5344009399414 40.4555511474609 40.2159385681152 40.4114723205566 40.6558418273926 40.6551132202148 40.7188987731934 40.7063446044922 40.6769828796387 40.7079582214355 40.6780242919922 40.6189384460449 40.6029472351074 40.6457633972168 40.6854209899902 40.6350708007812 40.3958396911621 40.1395683288574 40.328987121582 40.1959495544434 39.7279510498047 40.0324440002441 40.3167419433594 40.4782447814941 40.502067565918 40.4848098754883 40.4775733947754 40.4468612670898 40.403003692627 40.3949432373047 40.2304534912109 39.7343635559082 40.0537147521973 40.2361335754395 40.2160377502441 40.1655807495117 40.1592597961426 40.1406059265137 40.1532859802246 40.1547164916992 40.1048316955566
39.6361961364746 39.9381523132324 40.232006072998 40.2511672973633 40.3216247558594 40.4503440856934 40.5165138244629 40.601131439209 40.6413078308105 40.590877532959 40.367546081543 40.4938545227051 40.4226379394531 40.1553993225098 40.3587989807129 40.4995422363281 40.3892135620117 40.5151557922363 40.6217308044434 40.6795883178711 40.6886940002441 40.5608215332031 40.2396850585938 39.9773101806641 40.2180213928223 40.3910331726074 40.4435691833496 40.4896545410156 40.4985771179199 40.532642364502 40.500789642334 40.490119934082 40.4444389343262 40.401123046875 40.4277572631836 40.3536491394043 40.3292083740234 40.3208808898926 40.2585182189941 40.2554054260254 40.215030670166 40.197509765625 40.1966400146484 40.1789283752441 40.0781784057617 40.0894584655762
37.6711120605469 38.5378570556641 39.0111083984375 39.257698059082 39.6702194213867 40.028923034668 39.980525970459 40.2069091796875 40.2148094177246 40.0499305725098 39.2229080200195 39.2498588562012 39.3448486328125 37.7482299804688 38.7913475036621 39.6174964904785 40.2116470336914 40.5725631713867 40.6736679077148 40.7046775817871 40.7054824829102 40.5277061462402 40.0766830444336 39.6956558227539 39.9843444824219 40.2538185119629 40.391788482666 40.3797492980957 40.4483833312988 40.5225830078125 40.5107803344727 40.5072021484375 40.4847297668457 40.4730339050293 40.4364395141602 40.3220252990723 40.3079414367676 40.296760559082 40.2633895874023 40.2514457702637 40.2056007385254 40.1929397583008 40.1786422729492 40.122501373291 40.1118812561035 40.1197547912598
35.030216217041 36.44580078125 36.3537254333496 36.3331069946289 37.7999877929688 38.3799247741699 38.5233383178711 38.8211135864258 39.3274116516113 38.6650276184082 37.9339599609375 37.3177108764648 38.0517768859863 37.9242095947266 38.4178009033203 39.6640014648438 40.4039611816406 40.6120109558105 40.6534271240234 40.6376876831055 40.6805534362793 40.7026672363281 40.2658615112305 39.9025840759277 39.7886543273926 40.0683097839355 40.2905044555664 40.4108276367188 40.5177345275879 40.5367050170898 40.5418853759766 40.5491790771484 40.5377044677734 40.5034255981445 40.4172592163086 40.3407592773438 40.3325958251953 40.3250198364258 40.3068237304688 40.2882881164551 40.2420501708984 40.2341423034668 40.2272911071777 40.1899833679199 40.1789512634277 40.0496253967285
35.1565132141113 35.0943145751953 34.8927154541016 34.9934844970703 34.9416427612305 35.8086013793945 37.2063064575195 37.9404487609863 38.1507530212402 38.0244407653809 38.60400390625 38.4323081970215 38.2688903808594 38.9095497131348 39.2369041442871 40.1731643676758 40.4526786804199 40.4884757995605 40.4282035827637 40.5621681213379 40.6810417175293 40.7405204772949 40.5933418273926 40.2719383239746 39.8370246887207 40.1130104064941 40.3190879821777 40.4907684326172 40.564640045166 40.6025810241699 40.5982322692871 40.5790519714355 40.5095901489258 40.4300727844238 40.3641624450684 40.3240928649902 40.3347244262695 40.3481636047363 40.3357048034668 40.3184585571289 40.2871322631836 40.2865562438965 40.2765235900879 40.2512626647949 40.0431900024414 39.8067893981934
34.7246856689453 34.8547821044922 35.1247634887695 34.8197326660156 34.7300567626953 34.8476600646973 35.8351936340332 37.6632804870605 38.2637939453125 38.4687309265137 38.2878150939941 38.5020179748535 38.8301467895508 39.1550445556641 39.2276229858398 39.797966003418 40.2110633850098 40.2175216674805 40.2166900634766 40.5415802001953 40.6473846435547 40.6711769104004 40.7631721496582 40.6787109375 40.5603675842285 40.5164031982422 40.6092262268066 40.6803359985352 40.6876983642578 40.6898231506348 40.6460647583008 40.5767211914062 40.488353729248 40.3518753051758 40.3084297180176 40.3547210693359 40.3637580871582 40.3815727233887 40.3975486755371 40.3811225891113 40.3664703369141 40.3634071350098 40.3456497192383 40.3292846679688 40.1652603149414 40.0059089660645
34.8001556396484 35.0144004821777 35.0595817565918 34.7037963867188 35.2786521911621 36.224193572998 36.3610229492188 37.7566452026367 38.2922134399414 38.5273170471191 38.3213119506836 38.8507347106934 39.1632919311523 39.1779403686523 39.2856254577637 39.1738777160645 39.2883033752441 39.5470695495605 39.9523391723633 40.3352813720703 40.4316902160645 40.4551010131836 40.7131996154785 40.7666206359863 40.7866668701172 40.7543258666992 40.7287139892578 40.5524520874023 40.6184921264648 40.6898612976074 40.635066986084 40.5175361633301 40.4723320007324 40.2698631286621 40.201847076416 40.3771820068359 40.378547668457 40.3610877990723 40.4230880737305 40.4302024841309 40.397632598877 40.4028701782227 40.3872413635254 40.3530616760254 40.2725067138672 40.1786422729492
34.8315200805664 34.712516784668 34.9789733886719 34.6675682067871 35.4246215820312 36.6655006408691 37.0723609924316 37.7323875427246 38.5207366943359 39.0222091674805 39.0412139892578 39.1839599609375 39.2737197875977 39.3170433044434 39.3149452209473 39.2555046081543 39.337329864502 39.0569610595703 38.6894111633301 39.9232177734375 39.7955589294434 40.2700004577637 40.6263236999512 40.6941184997559 40.7510223388672 40.7250175476074 40.6510238647461 40.4227180480957 40.5801200866699 40.6890907287598 40.5030403137207 40.3311309814453 40.348762512207 40.3289756774902 40.3636817932129 40.4372177124023 40.4458160400391 40.4317054748535 40.4309921264648 40.4678192138672 40.4531440734863 40.4333686828613 40.4044990539551 40.3658218383789 40.3189239501953 40.2058258056641
34.3245544433594 34.3103637695312 34.7658538818359 34.0591659545898 34.2490234375 36.5295944213867 37.4027404785156 38.116268157959 38.5022621154785 38.8246917724609 38.8920288085938 38.9100074768066 38.7059669494629 38.7188529968262 39.0219078063965 39.1635894775391 39.5372619628906 39.4680480957031 39.2771453857422 39.3313598632812 39.1546669006348 40.0126304626465 40.4531517028809 40.643611907959 40.656494140625 40.6638298034668 40.297664642334 39.9119415283203 40.5517730712891 40.6933860778809 40.3890037536621 40.076602935791 40.3431434631348 40.3967132568359 40.4299736022949 40.3865242004395 40.3852005004883 40.390739440918 40.4152908325195 40.4046936035156 40.4006652832031 40.432258605957 40.4156761169434 40.3802108764648 40.3375358581543 40.2455177307129
33.8921813964844 33.7405166625977 34.298210144043 34.1733932495117 34.2907562255859 35.446346282959 36.6273155212402 37.3785972595215 37.9286956787109 38.3429641723633 38.2863883972168 38.2213745117188 38.3052101135254 38.6297225952148 39.4477920532227 39.5605125427246 39.7706413269043 39.6751747131348 39.5955505371094 39.4223747253418 39.1534042358398 39.8806991577148 40.366527557373 40.5776519775391 40.5178871154785 40.6077270507812 40.204216003418 39.2200622558594 40.2881889343262 40.6716117858887 40.3726234436035 40.1275520324707 40.3421592712402 40.2826309204102 40.2134056091309 40.2332458496094 40.2880935668945 40.223949432373 40.1407356262207 40.1228828430176 40.2271003723145 40.3203125 40.4088478088379 40.3865356445312 40.3477172851562 40.2800064086914
35.1840362548828 34.0093154907227 34.1514129638672 34.6312026977539 35.0845680236816 36.3138999938965 36.4115676879883 37.3109397888184 38.213321685791 38.5956916809082 38.983528137207 39.112133026123 39.2704544067383 39.5283660888672 39.7447853088379 39.7916297912598 39.7480010986328 39.8384284973145 39.8106651306152 39.5663986206055 39.3421249389648 39.3845634460449 39.964111328125 40.2174377441406 40.1444129943848 40.5919342041016 40.4852867126465 39.8062133789062 40.3877754211426 40.6750068664551 40.4233360290527 40.2352638244629 40.1495208740234 39.7994766235352 40.0043106079102 39.9305725097656 39.9415893554688 39.5006713867188 39.6089668273926 38.5351448059082 39.9518280029297 40.2195930480957 40.4055633544922 40.410888671875 40.3784790039062 40.3120269775391
35.9832458496094 34.8423347473145 34.2456588745117 35.1934471130371 35.9609718322754 36.7999305725098 36.9047088623047 37.4547691345215 38.3185234069824 38.7980041503906 38.8523483276367 38.8841247558594 39.3503608703613 39.5507545471191 39.6827621459961 39.6646270751953 39.901195526123 40.0551872253418 40.0317115783691 39.769962310791 39.5786628723145 39.50390625 39.6563987731934 39.6777687072754 39.6578102111816 40.387077331543 40.584342956543 40.2765083312988 39.9643058776855 40.5409889221191 40.0395927429199 39.1867942810059 39.8527183532715 40.0302886962891 40.3429565429688 40.3359870910645 40.2926177978516 40.2570152282715 40.0196380615234 38.9741668701172 39.8213539123535 40.1668815612793 40.3477630615234 40.3940086364746 40.3845367431641 40.3222846984863
36.025707244873 35.0362739562988 34.3933601379395 35.9138984680176 37.0551261901855 37.5484733581543 38.3978424072266 38.6733207702637 38.9215698242188 39.0597839355469 38.8528442382812 38.8205223083496 39.4507904052734 39.5627212524414 39.5865058898926 39.6657066345215 39.802001953125 39.8005714416504 40.3819351196289 40.1265258789062 39.8136138916016 39.6644096374512 39.6483497619629 39.4843940734863 39.5051689147949 40.1774635314941 40.5590019226074 40.4637718200684 40.3108711242676 40.6477394104004 39.891716003418 38.7255516052246 39.2699966430664 40.0052223205566 40.0450859069824 39.6186332702637 39.6828079223633 40.2525024414062 40.3782386779785 40.3346710205078 40.357364654541 40.3454132080078 40.356819152832 40.3523101806641 40.374568939209 40.3360900878906
35.8667907714844 34.750129699707 34.2126502990723 35.6500587463379 37.1469573974609 37.5534286499023 36.9185600280762 38.4446411132812 38.4008674621582 37.7978591918945 38.8668632507324 39.1161689758301 39.1550827026367 39.2352714538574 39.2678833007812 39.5032157897949 39.6589698791504 39.7956619262695 40.3415641784668 40.4806327819824 40.2532997131348 39.9271697998047 39.7517280578613 39.6761779785156 39.4265365600586 39.930980682373 40.4346351623535 40.4557266235352 40.6634140014648 40.7349243164062 40.160083770752 38.2760276794434 38.9880065917969 38.4612159729004 38.8409194946289 38.0736389160156 39.095401763916 40.2140579223633 40.3375396728516 40.4025993347168 40.4017524719238 40.3081741333008 40.1891326904297 40.3011016845703 40.3248138427734 40.3053894042969
35.8298149108887 34.9693450927734 35.0551147460938 35.6674919128418 36.7492408752441 37.2333374023438 37.7331809997559 38.0123710632324 36.5690002441406 36.4821968078613 38.2184066772461 37.1241073608398 37.5514335632324 38.0627670288086 38.8796577453613 39.3968925476074 39.5786361694336 39.829948425293 40.2184448242188 40.3686866760254 40.417781829834 40.1628074645996 39.8163146972656 39.9005241394043 39.773323059082 40.0223121643066 40.0261383056641 39.8511734008789 40.4474906921387 40.6506423950195 40.379768371582 39.6161689758301 38.0579719543457 35.8878173828125 36.0976753234863 37.9477500915527 39.5093955993652 40.1691246032715 40.28759765625 40.2236518859863 40.207218170166 39.9599075317383 39.825870513916 40.2191925048828 39.9390144348145 39.9812545776367
35.804931640625 35.3978843688965 35.1737403869629 35.5475158691406 36.2687797546387 37.1875076293945 37.3887062072754 36.9294891357422 36.4046897888184 37.3807601928711 37.9302978515625 36.8239555358887 37.204761505127 37.6991653442383 38.7750587463379 39.2252883911133 39.5669250488281 40.0609550476074 40.5218772888184 40.3399314880371 40.1855278015137 40.516170501709 40.2441482543945 40.0491409301758 39.8815765380859 39.8713111877441 39.9661750793457 39.8642425537109 40.224479675293 40.5906753540039 40.6107864379883 40.0486335754395 39.2720832824707 37.4807739257812 36.8187828063965 38.020679473877 39.5149002075195 40.1161346435547 40.1791915893555 39.6773300170898 39.9394760131836 40.1287269592285 39.9020805358887 39.9657554626465 39.6150817871094 39.8650054931641
35.3973121643066 35.1630897521973 34.6224594116211 35.0294075012207 35.9349060058594 36.1245040893555 36.6246032714844 37.011775970459 37.3528633117676 37.4828987121582 37.8701362609863 38.1227912902832 38.8708724975586 38.9816589355469 39.1550369262695 38.6480331420898 39.7136688232422 40.1337814331055 40.371265411377 40.0707550048828 40.1874847412109 40.4087524414062 40.523983001709 40.4649085998535 40.1571846008301 40.0743827819824 39.6898231506348 39.869441986084 40.3036727905273 40.3974075317383 40.5391426086426 40.5733032226562 39.9702491760254 39.2463684082031 38.2679672241211 37.9441757202148 39.1864776611328 40.0181732177734 39.4867210388184 38.9150314331055 39.8777313232422 40.1446266174316 39.8409767150879 39.0105361938477 39.3821487426758 39.9121551513672
