inst/extdata/Tmax/Tmax115.asc
NCOLS 100 
NROWS 79 
XLLCORNER 148.06 
YLLCORNER -21.49 
CELLSIZE 0.01 
NODATA_value -3.4e+38 
[rows 40 to 59 of 79, columns 0 to 45 of 100]
33.252994537353501 32.9880676269531 33.0304183959961 33.0697898864746 32.9585571289062 33.0785484313965 33.0412101745605 32.850902557373 32.3924331665039 32.8253707885742 33.4703407287598 33.8072319030762 33.8559761047363 33.9200973510742 33.9992866516113 33.7956008911133 33.5289192199707 33.1837959289551 32.6091537475586 33.1196517944336 33.1210708618164 33.0223121643066 32.9697761535645 32.5746116638184 31.6767539978027 31.0370807647705 30.8465919494629 30.9499378204346 31.0757732391357 30.4472923278809 29.8132495880127 30.2455387115479 31.5296669006348 31.265998840332 31.0154399871826 31.3587799072266 31.2792301177979 30.9622955322266 30.7496471405029 30.3037052154541 30.2711200714111 29.405216217041 28.8368377685547 28.8378982543945 28.587272644043 28.4331130981445
33.4144515991211 33.0301895141602 32.9189224243164 33.0297775268555 32.9368133544922 33.0261878967285 33.043041229248 32.9458198547363 32.7068901062012 32.8376579284668 33.185230255127 33.5503234863281 33.7942733764648 33.9762687683105 34.0332412719727 33.8922233581543 33.5925750732422 33.0930099487305 32.7641830444336 32.9216003417969 32.955394744873 32.7290267944336 32.921012878418 32.6477966308594 31.9861030578613 31.4949054718018 30.8846473693848 30.814208984375 31.0337448120117 30.6070213317871 30.1913795471191 30.8332080841064 31.5258674621582 30.7791080474854 30.062126159668 30.8369121551514 30.8919868469238 31.1145172119141 31.0867214202881 30.8614273071289 30.7502098083496 30.0233993530273 28.6299057006836 28.5157432556152 28.5959930419922 28.5622367858887
33.289478302002 33.2454605102539 33.0447006225586 32.9336318969727 33.0024604797363 33.0326461791992 33.0200805664062 32.9907646179199 32.9654388427734 32.9267768859863 32.9855346679688 33.4770889282227 33.8120498657227 33.9700775146484 33.9957809448242 33.9588966369629 33.7357597351074 33.418083190918 33.1969604492188 33.1584091186523 33.0811042785645 32.4370346069336 32.3753051757812 32.6100082397461 32.6466941833496 32.2113151550293 31.3466415405273 31.0272750854492 30.9575977325439 30.7417278289795 29.8551712036133 30.9345722198486 30.9986515045166 29.9310665130615 29.1275997161865 30.0369358062744 30.0452823638916 30.706428527832 30.882511138916 30.5883750915527 30.3627872467041 30.4203109741211 29.8245162963867 29.6122894287109 30.043041229248 31.0614471435547
32.9674224853516 33.0682334899902 33.0633506774902 33.0661468505859 33.1033363342285 33.1040458679199 33.0794143676758 33.0363578796387 33.0999641418457 33.0790328979492 33.0969543457031 33.5188369750977 33.7793807983398 33.9473304748535 33.9799995422363 34.0075416564941 33.9104919433594 33.7022552490234 33.4270172119141 33.4765167236328 33.3082008361816 33.0567359924316 32.3812599182129 32.0359420776367 32.7201118469238 32.5152931213379 32.1123466491699 31.6393184661865 31.3115425109863 31.1443653106689 30.3564338684082 30.2793102264404 30.9872188568115 30.4895324707031 29.8547954559326 29.4020576477051 29.4956932067871 29.7494258880615 29.9850997924805 29.7557582855225 29.306095123291 30.035608291626 29.6013736724854 30.5647315979004 32.3716926574707 33.003116607666
32.6916122436523 32.8815574645996 32.8695869445801 32.8773193359375 33.0676879882812 33.1886177062988 33.2258758544922 33.178638458252 33.2477607727051 33.3027229309082 33.4810752868652 33.6290740966797 33.769416809082 33.8825187683105 33.955379486084 34.0203666687012 33.9966468811035 33.8596153259277 33.7098083496094 33.6706161499023 33.5471954345703 33.4113273620605 33.1140632629395 32.9074630737305 32.7370910644531 32.2809181213379 32.5448036193848 32.4315032958984 32.1144866943359 31.4354801177979 30.8339252471924 30.8343772888184 31.1591320037842 31.3323402404785 31.0433864593506 29.881534576416 28.5750865936279 28.5445613861084 28.6541576385498 28.9916191101074 28.8761215209961 29.4290771484375 28.9608421325684 29.8039054870605 31.6055107116699 33.0273971557617
32.7203330993652 32.7898063659668 32.6455192565918 32.5442695617676 32.7526092529297 32.9779853820801 33.218433380127 33.3458137512207 33.4216461181641 33.5230751037598 33.6020317077637 33.5348510742188 33.3190879821777 33.7058486938477 33.9472579956055 34.0067138671875 34.0144882202148 33.9569129943848 33.8736267089844 33.8169097900391 33.733154296875 33.6338500976562 33.5859680175781 32.9740562438965 32.6302757263184 32.5615272521973 32.6528778076172 32.4916534423828 32.3096694946289 31.8011722564697 30.5667476654053 30.7780265808105 31.0917282104492 31.1625156402588 31.2682781219482 30.3772811889648 29.1000328063965 28.8680114746094 28.9057273864746 29.3447723388672 28.7608489990234 29.1220397949219 29.5247592926025 29.8406543731689 30.7319927215576 31.9272174835205
32.5924873352051 32.5715293884277 32.5870018005371 32.5211486816406 32.4309463500977 32.4945220947266 32.9962463378906 33.1291236877441 33.2592468261719 33.2861938476562 33.5143394470215 33.6298751831055 33.3882026672363 33.6571807861328 33.8961906433105 33.9853668212891 34.0012435913086 33.9441757202148 33.9116973876953 33.8788909912109 33.8106651306152 33.7501678466797 33.6550064086914 33.1799583435059 32.3574638366699 32.4760055541992 32.6595001220703 32.4417953491211 32.3980903625488 32.2570114135742 31.4639434814453 31.1488418579102 30.8014030456543 31.0667896270752 31.2098617553711 30.7452659606934 29.7000961303711 29.9857521057129 29.4638004302979 30.1691646575928 29.6171627044678 29.777774810791 29.9020442962646 30.0157718658447 30.0147972106934 29.8312072753906
33.0333137512207 32.4103813171387 32.3391571044922 32.293384552002 32.2740859985352 32.4031410217285 32.7226753234863 32.6855583190918 32.9413146972656 32.9981803894043 33.0867729187012 33.1629371643066 33.3583297729492 33.6508483886719 33.8511695861816 33.9795722961426 33.9763488769531 33.8653793334961 33.6906623840332 33.5999794006348 33.7428359985352 33.5651016235352 33.591064453125 33.5318069458008 33.0756072998047 32.9836807250977 33.0067901611328 32.8137664794922 32.6504592895508 32.4327049255371 31.748929977417 31.3935394287109 30.6928310394287 31.0895652770996 31.1389904022217 30.9137134552002 30.4904823303223 30.7211227416992 30.4619693756104 30.7108345031738 30.453893661499 30.2527904510498 30.1146945953369 29.9699153900146 29.6332588195801 29.4040622711182
33.7301254272461 32.949836730957 32.2175102233887 32.0784721374512 32.211612701416 32.3999099731445 32.3435287475586 32.3494491577148 32.6897888183594 32.9915771484375 33.0715446472168 33.0647125244141 33.3038139343262 33.6205787658691 33.8726921081543 33.9496231079102 33.9651031494141 33.9028244018555 33.7380256652832 33.5172004699707 33.5963172912598 33.5498695373535 33.4759101867676 33.6155395507812 33.5113067626953 33.409008026123 33.1260757446289 32.9327545166016 32.8489227294922 32.5590972900391 32.1698379516602 31.7131004333496 30.8568897247314 31.015926361084 30.9920749664307 31.057674407959 30.9675483703613 30.945728302002 30.8364067077637 30.6584339141846 29.8676433563232 29.7038669586182 29.9070243835449 29.6549987792969 29.5255928039551 29.1842784881592
33.9948577880859 33.5015907287598 32.6785697937012 32.1217613220215 32.1144027709961 32.1107902526855 32.1464538574219 32.4923820495605 32.7334327697754 32.6377372741699 33.2600021362305 33.5003662109375 33.6166572570801 33.7260322570801 33.8329544067383 33.9260292053223 33.9396553039551 33.894947052002 33.7971115112305 33.6597633361816 33.5595588684082 33.4963722229004 33.3145942687988 33.361686706543 33.53759765625 33.5275688171387 33.3075180053711 32.7677459716797 32.2722091674805 32.547248840332 32.2495918273926 31.9474945068359 31.1455860137939 30.8541965484619 30.6502857208252 30.9565563201904 31.0422306060791 30.9474811553955 30.9097766876221 30.6035747528076 29.9184417724609 29.5267086029053 29.7107181549072 29.3483123779297 29.2645015716553 29.1773624420166
33.9892234802246 33.8241500854492 33.3822937011719 32.7720184326172 32.2526664733887 31.9631309509277 32.127815246582 32.4464569091797 32.4966659545898 32.8022232055664 33.3846626281738 33.6273651123047 33.7617301940918 33.8726272583008 33.8993339538574 33.9314918518066 33.8181381225586 33.8370552062988 33.8496398925781 33.7751655578613 33.6671409606934 33.5116310119629 33.3173217773438 33.2397766113281 33.3552284240723 33.4021911621094 33.4488220214844 33.2216720581055 32.9409255981445 32.7977981567383 32.2513275146484 32.0943794250488 31.2607574462891 30.8582286834717 30.253059387207 30.723653793335 30.8584117889404 30.8542346954346 30.9080715179443 30.7272472381592 30.212215423584 30.0461311340332 29.9505863189697 29.7406234741211 29.4211235046387 29.2484436035156
33.9573516845703 33.9318237304688 33.6862258911133 33.0322875976562 32.4629821777344 32.1915283203125 32.1579704284668 32.2462348937988 32.0111351013184 32.1689262390137 33.0210571289062 33.4306488037109 33.6166381835938 33.8296318054199 33.922794342041 33.8906555175781 33.8146286010742 33.8201103210449 33.7904434204102 33.7843399047852 33.6923866271973 33.5913047790527 33.4904899597168 33.287727355957 33.1744575500488 33.1173400878906 33.0836753845215 33.2068405151367 32.9845962524414 33.108455657959 33.1359100341797 32.3444213867188 31.7508449554443 31.3073673248291 30.8197650909424 30.952262878418 30.9136066436768 30.7426929473877 30.8854541778564 30.7898807525635 30.300163269043 30.1408576965332 30.0296287536621 29.8481826782227 29.3622627258301 29.1756496429443
33.7850456237793 33.8687591552734 33.7344512939453 32.7808990478516 32.0062942504883 31.985294342041 32.0940628051758 31.9665298461914 31.7235927581787 31.8601570129395 32.9539413452148 33.4310569763184 33.655460357666 33.8482398986816 33.8652229309082 33.8216361999512 33.8134994506836 33.7599258422852 33.7231178283691 33.7229232788086 33.7377090454102 33.6864624023438 33.5288772583008 33.3293571472168 33.1105613708496 32.954288482666 32.9316215515137 32.8903465270996 32.8881912231445 32.78759765625 32.983325958252 32.8591918945312 32.2955780029297 31.6842670440674 31.2505226135254 31.5876007080078 31.5390338897705 31.0671920776367 30.8741607666016 30.9433765411377 30.7829513549805 30.5257835388184 30.2175788879395 29.973445892334 29.638542175293 29.2565727233887
33.5910148620605 33.6659622192383 33.7842864990234 33.36376953125 32.3869552612305 32.0572319030762 32.4088478088379 31.9268226623535 31.7800483703613 31.8662776947021 32.9198341369629 33.5278587341309 33.7479438781738 33.8466262817383 33.7811431884766 33.6914367675781 33.689151763916 33.720458984375 33.692497253418 33.5908508300781 33.6444931030273 33.713436126709 33.5741386413574 33.4247512817383 33.2325096130371 33.0744590759277 32.7276802062988 32.5421257019043 32.1965179443359 32.5435752868652 32.3813018798828 32.9308433532715 32.9792861938477 32.6356544494629 32.146369934082 32.1814002990723 31.8160781860352 31.4668102264404 31.1618633270264 31.5367298126221 31.1228427886963 30.8521537780762 30.6965141296387 30.5584335327148 30.2831497192383 30.1346702575684
33.4704055786133 33.4452056884766 33.6355514526367 33.6550788879395 33.2262954711914 32.9991226196289 32.9503021240234 32.6094512939453 32.4152603149414 32.4313125610352 32.6227951049805 33.023811340332 33.6693801879883 33.8059692382812 33.690845489502 33.6099853515625 33.6044960021973 33.6598701477051 33.6261253356934 33.5661468505859 33.5921325683594 33.6975288391113 33.6528282165527 33.4783515930176 33.3731155395508 33.192626953125 32.8699073791504 32.6581382751465 32.2515640258789 32.4811820983887 31.862190246582 32.2846984863281 32.5168685913086 32.5411834716797 32.6644134521484 32.5454444885254 32.2463493347168 32.105281829834 31.6620845794678 31.1712226867676 31.099666595459 31.1462268829346 30.910083770752 30.7164993286133 30.7108554840088 30.5665988922119
33.5597648620605 33.5565757751465 33.6147727966309 33.6520614624023 33.5432815551758 32.9617309570312 32.9761619567871 33.0433006286621 32.8372573852539 32.8011054992676 33.0500640869141 33.4064636230469 33.7256050109863 33.798713684082 33.7061157226562 33.5320358276367 33.5881156921387 33.5895767211914 33.4013862609863 33.387077331543 33.5217132568359 33.6004333496094 33.654899597168 33.5629043579102 33.4485397338867 33.3031311035156 33.1104965209961 32.860034942627 32.6989097595215 32.5464859008789 32.1342239379883 31.7834987640381 31.9169445037842 31.8830490112305 32.3216819763184 32.0310668945312 32.2964286804199 32.0645408630371 31.7136688232422 31.309175491333 31.0819549560547 30.8694362640381 30.4019050598145 29.8308448791504 30.3911647796631 30.5758171081543
33.6685409545898 33.6483306884766 33.6289596557617 33.6210784912109 33.4807968139648 32.7271842956543 32.5335006713867 32.9535217285156 32.8513031005859 32.5505447387695 32.8336067199707 33.4780921936035 33.7377738952637 33.7708969116211 33.6917343139648 33.5165061950684 33.5115852355957 33.3208389282227 33.0804824829102 33.2212219238281 33.512378692627 33.5248222351074 33.6056594848633 33.6001853942871 33.4425621032715 33.3840827941895 33.2100830078125 32.9376945495605 32.8551559448242 32.637321472168 32.2401542663574 31.5875091552734 31.2981052398682 31.4371910095215 31.8831329345703 32.0205574035645 31.6586399078369 31.3213329315186 31.5140800476074 31.4473838806152 31.1153755187988 30.8860530853271 30.3704147338867 29.5800380706787 30.0133285522461 30.3731555938721
33.721118927002 33.685001373291 33.6480293273926 33.621997833252 33.5889778137207 33.2670059204102 32.8406600952148 32.6129188537598 32.6225204467773 32.4229736328125 32.8848304748535 33.4880447387695 33.7145080566406 33.7282562255859 33.6499824523926 33.4782333374023 33.3232841491699 33.1365242004395 33.0319480895996 33.2942276000977 33.4201812744141 33.4872093200684 33.455982208252 33.5551528930664 33.5008354187012 33.4172248840332 33.2557487487793 33.0009536743164 32.8868293762207 32.6982002258301 32.3001518249512 32.1049766540527 31.6650791168213 31.4834384918213 31.4312515258789 31.5763988494873 31.8356971740723 31.6900959014893 31.340425491333 31.1443119049072 30.9479598999023 30.7544384002686 30.5147495269775 30.2071990966797 29.5881443023682 29.8687744140625
33.7633972167969 33.7125816345215 33.6741142272949 33.6668090820312 33.60107421875 33.4029159545898 33.1375389099121 32.5917282104492 32.4925994873047 32.6734008789062 33.1181602478027 33.5226249694824 33.6746940612793 33.6716003417969 33.5512237548828 33.3971939086914 33.1183052062988 33.0488929748535 33.1585884094238 33.1911087036133 33.3342018127441 33.2844581604004 33.1166114807129 33.361011505127 33.5345993041992 33.4221687316895 33.217342376709 33.0777130126953 32.9515037536621 32.8512001037598 32.6666641235352 32.4561309814453 32.1582450866699 32.1061553955078 31.7917194366455 31.4644412994385 31.563268661499 31.6360282897949 31.4129753112793 31.2668476104736 31.1312160491943 30.9025382995605 30.315071105957 29.9446411132812 30.0677604675293 30.0857429504395
33.7752456665039 33.7824401855469 33.7377471923828 33.70703125 33.6044425964355 33.5044708251953 33.4080581665039 33.0712127685547 32.633960723877 32.7282562255859 32.8865547180176 33.1757354736328 33.4508819580078 33.4994659423828 33.4467010498047 33.3182907104492 33.1257743835449 33.0104179382324 32.9092254638672 32.9550590515137 33.1827278137207 33.1940002441406 32.9676475524902 33.3498802185059 33.5528030395508 33.4505920410156 33.3000831604004 33.1591644287109 33.0881690979004 32.9811820983887 32.867847442627 32.6612510681152 32.3523101806641 32.5522918701172 32.4265823364258 32.0656051635742 31.632173538208 31.5244998931885 31.6415748596191 32.0410575866699 31.3166580200195 31.0546379089355 30.6674766540527 30.0089302062988 29.9407157897949 29.8233299255371
