inst/extdata/Tmax/Tmax154.asc
NCOLS 100 
NROWS 79 
XLLCORNER 148.06 
YLLCORNER -21.49 
CELLSIZE 0.01 
NODATA_value -3.4e+38 
[rows 0 to 19 of 79, columns 0 to 45 of 100]
42.881397247314503 42.4694519042969 41.3157730102539 41.7233505249023 41.8642158508301 42.3252182006836 42.5304336547852 42.6829643249512 42.6010360717773 42.3729667663574 41.8136444091797 41.5667343139648 41.4443283081055 40.005989074707 40.5419006347656 40.9874954223633 41.3954086303711 41.3300018310547 40.4028854370117 39.626335144043 39.4370880126953 38.3605155944824 38.8328170776367 40.2340126037598 40.7477226257324 40.9747543334961 40.8203811645508 40.8379249572754 40.4768180847168 40.0553359985352 39.0915870666504 37.006519317627 38.4106521606445 38.2938804626465 36.9441795349121 35.673755645752 35.55078125 35.1023979187012 35.9673843383789 38.0048751831055 39.556022644043 39.7966575622559 40.4856224060059 40.7767562866211 40.9085006713867 41.0002098083496
42.6810493469238 42.052677154541 41.1211166381836 41.2111549377441 40.5044288635254 41.5739288330078 42.2230567932129 42.5565490722656 42.6646957397461 42.4980697631836 42.0855903625488 41.7191352844238 41.8139610290527 41.3120346069336 41.0956954956055 40.9369735717773 41.3760223388672 41.3789978027344 40.2422790527344 39.5391311645508 40.1092376708984 39.8154373168945 39.664192199707 40.1264343261719 40.6024627685547 40.7630233764648 41.0349464416504 40.9471817016602 40.6884574890137 40.4299087524414 39.504711151123 37.9584426879883 39.2215843200684 38.7470092773438 37.9872741699219 36.8883934020996 36.3906478881836 36.7953758239746 37.9675064086914 39.1293449401855 40.5947875976562 40.9784545898438 41.071533203125 41.0318641662598 41.0483818054199 41.053092956543
42.6574745178223 41.6799736022949 41.8004760742188 41.9285354614258 41.3607292175293 41.476734161377 41.9443778991699 42.5648880004883 42.7310752868652 42.5448532104492 42.1894264221191 42.0274963378906 41.8931159973145 41.7994575500488 41.4293556213379 41.2308540344238 41.4454727172852 41.5823287963867 40.9159164428711 40.6732788085938 40.4794769287109 40.1026763916016 39.81640625 39.9263458251953 40.8230514526367 41.0743408203125 40.8764915466309 40.8227386474609 40.7852668762207 40.4228630065918 40.4473876953125 39.382137298584 39.6147880554199 38.2421798706055 37.8821334838867 37.1460571289062 36.5592498779297 35.9954032897949 37.1522598266602 38.447826385498 39.8559684753418 40.8447914123535 41.1380195617676 41.1687774658203 41.1119079589844 41.028247833252
42.9264030456543 42.4997253417969 42.0788879394531 42.7802124023438 42.1516418457031 41.6213760375977 42.0604133605957 42.6818695068359 42.8360557556152 42.6495018005371 42.452564239502 42.3914337158203 42.2393455505371 42.0216102600098 41.5019912719727 41.2774543762207 41.6594390869141 41.681468963623 41.4033393859863 40.8513298034668 40.4597244262695 40.0222511291504 40.0845222473145 40.0160942077637 40.6395225524902 41.077709197998 40.6621170043945 40.919376373291 40.6881904602051 39.7624359130859 40.3351554870605 40.3972206115723 39.566219329834 38.1612930297852 37.4968223571777 36.4777336120605 36.7984924316406 36.2104644775391 36.0630187988281 35.4852561950684 37.2477760314941 40.0877304077148 40.9918060302734 41.1809501647949 40.8873672485352 40.7487869262695
43.5685424804688 42.9178466796875 42.6103668212891 43.0555648803711 42.7555389404297 41.9701461791992 42.0029411315918 42.7237358093262 42.8565483093262 42.3999633789062 42.3710556030273 42.5821723937988 42.4071922302246 42.0597381591797 41.6153411865234 41.7573890686035 41.8255920410156 41.5057220458984 40.9553909301758 40.0862426757812 40.2721366882324 40.4546699523926 40.5712509155273 40.7585792541504 40.7342720031738 40.3366737365723 41.1219902038574 40.674144744873 40.4992828369141 39.9335823059082 40.2936592102051 40.0854873657227 39.7210845947266 38.6094779968262 38.0089454650879 38.3378982543945 37.9885520935059 37.3530731201172 36.7214164733887 35.8579940795898 35.439208984375 39.2217979431152 40.7223815917969 41.1135368347168 40.3842163085938 39.6310348510742
43.7410163879395 43.4424591064453 42.6057662963867 43.0819931030273 43.1311721801758 42.6194534301758 42.2762031555176 42.7734069824219 42.9210090637207 42.5610466003418 42.401195526123 42.68505859375 42.4745216369629 42.1296577453613 41.3455848693848 41.8963508605957 41.7811813354492 41.2451095581055 40.5893325805664 40.0790405273438 40.1700668334961 40.4562606811523 40.7822036743164 40.7506217956543 41.0462341308594 40.8948936462402 40.9608688354492 40.0961303710938 40.063175201416 38.8212585449219 39.624137878418 40.1402053833008 40.2127380371094 39.8258323669434 39.4143867492676 39.3177871704102 38.388614654541 37.8207664489746 37.4333724975586 36.4840965270996 35.8905868530273 38.7912330627441 40.6332092285156 41.0984649658203 40.5669174194336 38.4209938049316
43.9540214538574 43.6453247070312 43.1931838989258 43.3549118041992 43.2659530639648 42.8043212890625 42.0248718261719 42.6581878662109 42.8406219482422 42.9625396728516 42.8616180419922 42.6689071655273 42.1507911682129 42.246265411377 42.1786651611328 41.9835357666016 41.7424125671387 41.075984954834 40.8023376464844 40.4251289367676 39.7204627990723 39.9568786621094 40.476203918457 40.8868980407715 41.2470054626465 41.1321258544922 41.1306076049805 40.5077667236328 40.0768852233887 38.6889610290527 38.6758155822754 38.8071899414062 39.8563003540039 40.0124282836914 39.483268737793 39.3363227844238 38.6989936828613 37.1063613891602 37.3673439025879 36.8457221984863 36.6462783813477 38.6130332946777 40.4458274841309 40.8915710449219 40.6367530822754 38.9049339294434
43.9434051513672 43.8118286132812 43.4702072143555 43.4712448120117 43.3932723999023 43.0602416992188 42.3622360229492 42.1841888427734 42.5236892700195 42.8857154846191 42.9743919372559 42.627254486084 41.8170967102051 42.0467834472656 42.2780876159668 41.454345703125 41.3780479431152 40.4594268798828 40.3474807739258 40.0462417602539 39.2226867675781 39.785961151123 40.2737464904785 40.8860015869141 41.3844337463379 41.36572265625 40.8861885070801 40.3618812561035 40.1318511962891 39.2373428344727 37.6792793273926 38.024055480957 38.4012298583984 39.0617904663086 39.4709892272949 38.7730255126953 38.8499069213867 37.8332557678223 36.661003112793 36.9809112548828 37.2108192443848 38.4619407653809 39.5424728393555 40.563117980957 40.4817886352539 38.565860748291
43.6954154968262 43.9231758117676 43.719913482666 43.633731842041 43.4538345336914 43.1419067382812 42.7072868347168 42.1237411499023 42.3059730529785 42.8774299621582 43.0227928161621 42.9445686340332 42.6758270263672 42.4719581604004 42.0240516662598 41.1015892028809 41.3140106201172 40.9999732971191 41.1335906982422 40.0182647705078 39.9980506896973 39.8138008117676 39.9126815795898 40.6787338256836 41.3159103393555 41.4868469238281 40.4333801269531 39.4047813415527 39.4843940734863 39.3556327819824 38.6499404907227 37.9985771179199 37.4742584228516 38.0047645568848 39.0325927734375 38.3166007995605 38.0454635620117 37.971076965332 36.8617515563965 36.4726295471191 36.7182693481445 36.8364753723145 37.8585472106934 39.5725860595703 40.0334663391113 38.6911773681641
43.3634986877441 43.8200187683105 43.8728790283203 43.6839027404785 43.4202766418457 43.251895904541 43.0074310302734 42.4363899230957 42.0140228271484 42.7898178100586 43.0276222229004 42.5541572570801 41.682731628418 41.7353477478027 41.830192565918 41.7725448608398 41.7934646606445 41.5975646972656 41.326602935791 40.9349555969238 40.5256958007812 39.7638893127441 40.1396026611328 41.0831604003906 41.5603141784668 41.4142761230469 40.6010665893555 40.3985786437988 39.7913246154785 39.1743354797363 37.6851539611816 37.2295722961426 38.4837226867676 38.3017425537109 38.042552947998 37.7522735595703 37.4990997314453 37.8235931396484 37.1766815185547 36.2901268005371 36.3179473876953 35.6649856567383 36.6563034057617 37.9673728942871 38.2998085021973 37.5806274414062
42.9765243530273 43.3377113342285 43.892204284668 43.7540588378906 43.5738716125488 43.448486328125 43.2163352966309 42.7558326721191 42.7078170776367 42.9475746154785 43.0784606933594 42.6315879821777 42.2141799926758 41.297550201416 41.4801139831543 41.7947692871094 41.9241523742676 42.1253662109375 41.5769538879395 41.3175926208496 40.8205070495605 40.3774909973145 40.4412078857422 41.0746612548828 41.5394096374512 41.4028587341309 40.5968170166016 39.7118034362793 38.5110473632812 38.4914207458496 38.0456657409668 37.9815483093262 38.9688758850098 38.6523895263672 37.5843124389648 37.2686767578125 37.8267059326172 37.4760856628418 37.0154914855957 36.3554306030273 36.4096946716309 36.1073684692383 35.6985511779785 36.5381240844727 37.0251922607422 37.3661994934082
42.7753028869629 42.8469161987305 43.8548965454102 43.8247604370117 43.6993026733398 43.5290718078613 43.3215713500977 42.9066505432129 42.922290802002 43.2247543334961 43.1331062316895 42.8973770141602 42.445426940918 41.8376808166504 41.6894416809082 42.0212440490723 42.36181640625 42.3243675231934 41.9962997436523 41.4328651428223 40.8100509643555 40.4083137512207 40.5776443481445 40.730785369873 40.9580230712891 41.3161201477051 40.1756248474121 39.2268104553223 38.4856033325195 38.7523002624512 38.8130645751953 38.713680267334 39.1811065673828 38.5431671142578 38.2317161560059 38.1101913452148 37.6100006103516 36.9038200378418 37.5061416625977 37.7576217651367 37.2373123168945 36.7121734619141 36.0953254699707 36.6053314208984 37.2014007568359 37.6392517089844
42.9597434997559 43.5431823730469 43.8330154418945 43.7597770690918 43.7431030273438 43.6060485839844 43.4354782104492 42.9757652282715 43.0470504760742 43.3679275512695 43.1144218444824 43.021427154541 42.7462959289551 42.7983551025391 42.6565628051758 42.6040916442871 42.5970840454102 42.4802436828613 42.194896697998 41.5626754760742 41.2171745300293 41.3965377807617 41.6704368591309 41.9050750732422 41.7094688415527 41.2005081176758 40.9512977600098 40.3732452392578 39.9247627258301 39.6874160766602 39.7394065856934 39.4947776794434 39.3612251281738 38.6710357666016 37.9926376342773 37.4444427490234 36.8103446960449 38.0975036621094 38.4116401672363 38.3304023742676 36.757209777832 36.6718864440918 36.0984954833984 35.7696266174316 37.2747688293457 37.8977127075195
43.5047302246094 43.7369804382324 43.7875137329102 43.6680183410645 43.6565780639648 43.6820793151855 43.6046409606934 43.4397735595703 43.1752471923828 43.3016204833984 43.2374038696289 43.143611907959 42.9684791564941 42.8225440979004 42.670768737793 42.5524406433105 42.6969909667969 42.5722541809082 42.3805732727051 42.2225952148438 42.0764999389648 42.020435333252 41.7593231201172 41.8634300231934 41.3320999145508 40.1271324157715 40.0514488220215 39.5509757995605 38.8733787536621 39.7670440673828 40.0656852722168 40.0140762329102 39.1265411376953 38.7519264221191 38.5929489135742 38.5077934265137 38.4822807312012 38.1025047302246 38.8013954162598 39.1686096191406 38.5607223510742 38.0367546081543 37.2910308837891 36.6459503173828 37.8483695983887 38.3917388916016
42.5786018371582 43.2672653198242 43.7473449707031 43.6420669555664 43.4740753173828 43.5587692260742 43.4995536804199 43.2807693481445 42.7690887451172 42.7974395751953 43.1508750915527 42.9198379516602 42.2836608886719 42.4528617858887 42.6362838745117 41.9711761474609 42.4567680358887 42.6410102844238 42.5531921386719 42.4660224914551 42.3721771240234 41.9005126953125 41.137752532959 41.5626792907715 41.3403205871582 41.0028915405273 40.8993034362793 40.4935188293457 40.0485343933105 40.3268051147461 40.2514038085938 39.9452972412109 39.4100570678711 39.6666870117188 39.6004791259766 38.5022354125977 39.1409301757812 38.1515159606934 38.5043640136719 39.3464431762695 39.300853729248 39.0033912658691 38.1402702331543 37.1795501708984 37.8828811645508 38.7187805175781
41.4851531982422 42.741397857666 43.6076812744141 43.7280197143555 43.6254425048828 43.5695304870605 43.4430084228516 43.2895126342773 43.014476776123 42.3902053833008 41.8915519714355 42.7515602111816 41.7488822937012 41.3568801879883 42.3622779846191 41.9210624694824 41.8832931518555 42.3998832702637 42.4030647277832 42.3747596740723 42.3558769226074 42.3137626647949 42.1290664672852 41.8347778320312 41.3296165466309 40.8635749816895 40.8651962280273 40.7785568237305 40.6875190734863 40.4533767700195 40.2348861694336 39.764461517334 39.4261703491211 40.1299438476562 39.9676322937012 39.6413993835449 39.6464729309082 38.9847030639648 38.5696144104004 39.3121299743652 39.504825592041 38.7946090698242 37.3541069030762 36.0733795166016 36.5757522583008 38.5066146850586
42.7220153808594 42.5159225463867 43.2012252807617 43.3950805664062 43.6248931884766 43.5634574890137 43.420467376709 43.2367248535156 43.0346336364746 42.6752090454102 41.8955726623535 42.3810195922852 41.1187057495117 40.8052978515625 41.6793899536133 41.4881019592285 40.6705322265625 41.9372367858887 41.9047737121582 41.8564186096191 42.1205291748047 42.2857208251953 42.1478080749512 41.6421737670898 40.6658668518066 39.9825019836426 39.5246200561523 39.9000930786133 40.5069770812988 39.833194732666 39.5664367675781 38.6996994018555 39.492504119873 40.4115257263184 40.1823997497559 39.9440956115723 39.9884605407715 39.4915046691895 39.0627059936523 39.3581008911133 39.557258605957 38.3123359680176 37.1870002746582 37.5258522033691 37.9042167663574 38.5422210693359
42.8636474609375 43.2663955688477 43.3411445617676 43.333812713623 43.4705390930176 43.5092735290527 43.4301567077637 43.310173034668 43.1089782714844 42.5610389709473 42.0804061889648 41.6317825317383 41.1346282958984 40.6884651184082 41.2827072143555 41.096378326416 41.1153221130371 40.8941040039062 40.5792655944824 40.5393905639648 41.8381500244141 42.1303367614746 42.080135345459 41.9347915649414 41.2506484985352 39.9289817810059 38.3092918395996 39.2543144226074 40.1499977111816 39.0573348999023 39.4678230285645 40.1144065856934 40.4154624938965 40.6893615722656 40.5684623718262 40.3268127441406 39.7986106872559 38.8645706176758 39.3472862243652 39.5762023925781 39.8996696472168 39.5122604370117 39.3363227844238 39.2919464111328 39.2191619873047 38.5926856994629
43.1563606262207 43.1317405700684 42.945426940918 43.043041229248 43.5332260131836 43.3915214538574 43.4003372192383 43.3576164245605 43.2293472290039 42.8088531494141 41.5037574768066 41.6032218933105 41.078239440918 39.7362174987793 40.5899353027344 40.3030471801758 40.0984725952148 39.2814521789551 40.2412757873535 40.6504936218262 41.8604049682617 41.8791999816895 42.0037994384766 42.0902519226074 41.1241455078125 39.9054260253906 38.5799942016602 39.4643592834473 40.1328735351562 39.5615310668945 40.0910186767578 40.5709114074707 40.959358215332 40.9395484924316 40.4414443969727 40.136116027832 39.7371711730957 39.4243392944336 39.9722137451172 40.0412826538086 40.060661315918 39.9604682922363 39.8139762878418 39.1017723083496 38.1743431091309 38.1174468994141
43.3190841674805 43.2971420288086 43.2596321105957 43.0779075622559 43.5465812683105 43.521369934082 43.4467544555664 43.3604164123535 43.2604598999023 43.1245307922363 42.7355308532715 41.8897895812988 40.9021072387695 39.4925689697266 39.8566398620605 39.7978477478027 39.2807540893555 39.6109848022461 39.8862152099609 41.0440979003906 41.8897514343262 41.4211196899414 42.1623573303223 41.9689979553223 41.2981262207031 41.0091819763184 39.8124313354492 39.9218101501465 40.2875900268555 40.0744705200195 40.7163734436035 40.6744155883789 41.1222114562988 41.0206871032715 40.835578918457 40.549201965332 39.6430702209473 39.8046035766602 40.0624542236328 40.0342140197754 40.0476493835449 39.8855476379395 39.7905960083008 39.2263412475586 39.1272773742676 38.970588684082
