inst/extdata/Tmax/Tmax55.asc
NCOLS 100 
NROWS 79 
XLLCORNER 148.06 
YLLCORNER -21.49 
CELLSIZE 0.01 
NODATA_value -3.4e+38 
[rows 20 to 39 of 79, columns 46 to 91 of 100]
29.9153823852539 28.0514316558838 28.3098678588867 29.866907119751 29.6163024902344 29.0389728546143 28.7601451873779 27.5043411254883 29.5494289398193 31.1983966827393 32.3952484130859 31.9277172088623 31.9298458099365 32.6270866394043 32.2838668823242 32.0295295715332 32.359001159668 32.9899444580078 33.1809272766113 33.210090637207 33.1809883117676 33.0795402526855 33.4069595336914 33.5164222717285 33.4875526428223 33.4349060058594 33.3508567810059 33.4103622436523 33.398494720459 33.0803718566895 33.1813049316406 33.4746322631836 33.3885879516602 33.1233787536621 33.1509208679199 33.153003692627 33.0943183898926 33.1136360168457 33.1217231750488 33.1139717102051 33.0654373168945 32.9291152954102 32.362060546875 32.2635459899902 32.5184898376465 32.5477600097656
30.2148780822754 28.0090751647949 26.7716102600098 28.6655693054199 28.5489978790283 27.9937648773193 28.9693279266357 26.9315414428711 28.3300685882568 30.648365020752 32.0880699157715 30.669059753418 29.9860382080078 32.0081634521484 30.7468700408936 30.3918724060059 31.3724517822266 32.8182525634766 32.8528785705566 33.3211898803711 33.4598007202148 33.4763526916504 33.2831687927246 32.9499359130859 32.9685974121094 33.0744590759277 33.2709045410156 33.2649154663086 33.1940116882324 33.1331214904785 33.4749183654785 33.5397529602051 33.4980010986328 33.1391677856445 33.2503814697266 33.235538482666 33.125057220459 33.1582221984863 33.1838836669922 33.201602935791 33.1033172607422 33.0180206298828 32.8438491821289 32.6635437011719 32.5436820983887 32.5633125305176
30.8709201812744 30.3730068206787 28.3351745605469 27.6597766876221 27.1718578338623 28.4622745513916 27.8395385742188 28.1449451446533 27.5073547363281 28.5704727172852 31.0764064788818 31.547737121582 29.9080066680908 30.3742198944092 30.0231399536133 30.6797962188721 31.8679618835449 32.3324012756348 30.8946952819824 32.3096351623535 33.2055358886719 33.3004875183105 32.6796035766602 31.815975189209 32.4909706115723 32.5082817077637 33.161922454834 33.3852920532227 33.0900268554688 33.3310432434082 33.5392036437988 33.6000785827637 33.6134300231934 33.5675659179688 33.4781112670898 33.3172760009766 33.147518157959 33.0323486328125 33.1297988891602 33.2566909790039 33.1770896911621 33.1341247558594 32.8818473815918 32.779956817627 32.6629180908203 32.838321685791
30.1415634155273 29.9936408996582 29.344066619873 28.4993648529053 26.9105625152588 27.7576732635498 28.4964370727539 28.7469348907471 28.5026435852051 28.0342178344727 29.5701770782471 29.5758266448975 30.5934448242188 28.7911968231201 29.749267578125 31.4348754882812 31.434700012207 31.8745727539062 30.4202613830566 32.6957168579102 33.5461044311523 33.4485092163086 32.4709777832031 31.037281036377 32.4038276672363 32.6217384338379 32.757495880127 33.2742614746094 33.5037460327148 33.5882415771484 33.6345252990723 33.6761245727539 33.669261932373 33.5979804992676 33.5135459899902 33.377082824707 32.9539451599121 32.6051292419434 32.7778015136719 33.0997695922852 33.1070938110352 33.1935081481934 32.9496574401855 32.9477157592773 32.7055511474609 32.7656364440918
27.9764099121094 29.4712162017822 29.8988399505615 29.6641426086426 28.5594177246094 27.90380859375 27.9338397979736 27.6140193939209 28.6411018371582 28.0648727416992 28.1055297851562 27.6087036132812 29.7927474975586 30.7704658508301 29.8963489532471 31.0955486297607 31.9746494293213 32.6328239440918 32.3270568847656 33.4414329528809 33.4771537780762 33.3409156799316 32.634334564209 31.7566738128662 32.6363410949707 32.9788208007812 32.6792831420898 32.8064231872559 32.9450645446777 33.4944190979004 33.3534088134766 33.7136878967285 33.6068458557129 33.5917472839355 33.5250205993652 33.1947250366211 33.1238250732422 32.5296096801758 32.2501487731934 32.788143157959 32.9713134765625 33.1037788391113 32.9483375549316 33.037525177002 33.1256332397461 32.9968643188477
26.3359184265137 27.467357635498 28.9849376678467 28.9286212921143 28.014928817749 27.2174644470215 26.8085250854492 26.1955146789551 27.5694351196289 28.3072681427002 27.7528553009033 28.0519599914551 29.6689453125 31.83127784729 31.3031368255615 31.4277191162109 31.6278915405273 33.148567199707 33.2776260375977 33.2900314331055 33.3138313293457 33.0022125244141 31.6868362426758 31.7749557495117 31.9169940948486 32.646183013916 32.377685546875 31.7299060821533 32.4406509399414 33.5800628662109 33.5506820678711 33.6956977844238 33.6788635253906 33.6744079589844 33.5573806762695 33.4266929626465 33.4688339233398 32.8572654724121 32.3289489746094 32.7187232971191 32.4155654907227 32.5877876281738 32.3080444335938 33.0376396179199 33.1125717163086 33.1255264282227
26.1895370483398 26.0450878143311 26.8752746582031 27.6273593902588 28.4381999969482 25.9600696563721 25.6837005615234 26.6599216461182 27.267427444458 28.1507244110107 28.2189464569092 28.7299747467041 30.7413005828857 31.7709312438965 32.340633392334 32.5577850341797 32.73583984375 33.3020210266113 32.9427642822266 32.7899551391602 32.8582992553711 32.4040718078613 32.6335563659668 32.94921875 32.9848136901855 32.365421295166 31.9315967559814 32.9395866394043 33.2376518249512 33.216739654541 32.6536636352539 33.3878860473633 33.5802536010742 33.6925773620605 33.7038307189941 33.6382179260254 33.3185768127441 32.9959678649902 33.108341217041 32.8783531188965 32.7775192260742 32.2075042724609 32.7586059570312 33.0086517333984 32.9493522644043 32.8758316040039
26.3788738250732 25.8390102386475 26.2121868133545 26.5202560424805 27.1697731018066 25.3141326904297 25.0198440551758 25.5221748352051 27.0314559936523 27.9257011413574 27.37428855896 28.0771083831787 29.1571426391602 30.5158214569092 32.1218910217285 31.7997455596924 33.0132331848145 33.3031883239746 32.5804443359375 31.8043613433838 32.5382308959961 32.7767295837402 33.146411895752 33.414981842041 33.555061340332 33.1462783813477 33.1682815551758 33.5668144226074 33.656982421875 32.933536529541 32.4901885986328 33.0992050170898 33.242488861084 33.7005310058594 33.7718620300293 33.7406005859375 33.6086578369141 33.4135894775391 33.0186920166016 32.2101516723633 31.9863319396973 31.872486114502 31.9412899017334 32.7088813781738 32.7922325134277 33.2468719482422
27.3351306915283 26.8821601867676 27.7728176116943 27.6324787139893 27.2217292785645 25.6800785064697 26.5943336486816 26.3334617614746 26.7185592651367 27.4329528808594 27.154182434082 27.5095882415771 27.7018966674805 30.261833190918 31.6683444976807 30.9237174987793 32.5843734741211 32.925479888916 32.6210861206055 31.4267501831055 31.7558250427246 32.966724395752 33.4165077209473 33.5739631652832 33.6213073730469 33.5509300231934 33.590892791748 33.7329902648926 33.3570861816406 32.6251907348633 32.512939453125 33.2487335205078 33.7119674682617 33.7744331359863 33.7892570495605 33.7931976318359 33.7737731933594 33.6594429016113 33.427604675293 32.2369613647461 31.6243572235107 30.7575817108154 31.8664569854736 31.8857975006104 32.8910026550293 33.3183441162109
29.1484260559082 29.0139026641846 28.3857669830322 28.3547840118408 27.7941093444824 27.2804565429688 26.9756202697754 25.8744163513184 26.6418151855469 26.0962181091309 25.5766563415527 27.1276054382324 27.5558757781982 29.7565059661865 30.8931007385254 30.1002521514893 30.9357776641846 31.8287620544434 32.4650650024414 32.357795715332 31.9011421203613 32.9763832092285 33.4985961914062 33.3166427612305 33.3145523071289 33.0155181884766 33.4763298034668 33.7532196044922 32.8050117492676 31.9094066619873 32.6591758728027 33.290641784668 33.6818771362305 33.788688659668 33.8243789672852 33.8000030517578 33.8045539855957 33.7361106872559 33.5684700012207 33.1888847351074 32.4971618652344 31.9847431182861 31.5411701202393 31.359676361084 32.353443145752 32.9245338439941
27.8785514831543 27.9206657409668 27.99338722229 27.6228351593018 27.1109886169434 27.4155426025391 26.4272232055664 25.8718299865723 25.3156318664551 25.4476890563965 24.8080902099609 25.8903427124023 25.9142322540283 28.5188274383545 29.7392406463623 28.4404888153076 29.1100101470947 30.9269905090332 32.413444519043 33.0349082946777 32.5521125793457 33.2274398803711 33.4704742431641 33.0738716125488 33.0790023803711 33.2462043762207 33.7536773681641 33.7516212463379 33.204174041748 32.5174789428711 32.9489250183105 33.2652435302734 33.736629486084 33.7847366333008 33.759464263916 33.7605667114258 33.7836303710938 33.7310447692871 33.6801872253418 33.5002975463867 33.2718467712402 32.7168159484863 32.3300285339355 32.3148307800293 32.5874671936035 33.0689697265625
27.0273380279541 27.3641529083252 27.2726440429688 27.2583312988281 26.2689170837402 27.2264175415039 26.1597709655762 24.7651443481445 24.1122589111328 24.5824241638184 24.2418251037598 25.0489597320557 25.9870128631592 28.1816329956055 28.5810489654541 28.19873046875 30.6776142120361 31.780237197876 32.6274299621582 33.1681632995605 33.4949913024902 33.5762634277344 33.5418586730957 33.4729614257812 33.2664909362793 33.6081924438477 33.7638854980469 33.6677093505859 33.2948417663574 32.6298866271973 32.7569694519043 33.3997688293457 33.6477432250977 33.1807594299316 33.596752166748 33.7472686767578 33.7493476867676 33.7354507446289 33.7162132263184 33.6293601989746 33.3539009094238 32.568286895752 32.9626350402832 33.0355949401855 32.9658393859863 32.9285049438477
26.2389507293701 26.6181983947754 26.4727821350098 26.8183250427246 26.9552917480469 27.0062408447266 26.6087074279785 25.3624610900879 25.5026321411133 25.6516189575195 24.5201816558838 24.3214149475098 25.4450263977051 28.0826015472412 28.7291145324707 29.3813076019287 29.4900188446045 30.4935665130615 32.5858840942383 33.2466812133789 33.4857330322266 33.4582977294922 33.3254699707031 33.2999992370605 33.4898300170898 33.6064033508301 33.6041984558105 33.2152252197266 32.2230033874512 32.4421195983887 32.8285179138184 33.6985778808594 33.4386329650879 32.856330871582 33.612678527832 33.571834564209 33.6260032653809 33.710563659668 33.6368370056152 33.3656463623047 32.7684936523438 31.3857803344727 31.1241188049316 32.3285598754883 32.755500793457 33.1128387451172
26.9937896728516 26.4778270721436 26.3287734985352 26.5547332763672 26.7473163604736 26.6922912597656 26.2003173828125 25.7968864440918 26.4990425109863 25.7321472167969 25.6125354766846 25.63157081604 26.5830497741699 27.9496021270752 28.1721134185791 29.0820026397705 30.2642803192139 31.5986976623535 32.6498985290527 33.1248474121094 33.5157928466797 33.5142974853516 33.0127220153809 32.7325706481934 33.0062484741211 32.8889579772949 33.0276908874512 33.2359886169434 33.1469612121582 33.1573219299316 33.5174331665039 33.8213768005371 33.1882362365723 33.1232681274414 33.7574234008789 33.2560424804688 33.42919921875 33.4135131835938 33.5204963684082 33.2315139770508 31.6956520080566 30.8880138397217 30.2400493621826 32.2943649291992 32.9387588500977 32.7834243774414
27.4665393829346 26.1166763305664 26.0961227416992 26.259090423584 26.4529838562012 26.3392124176025 26.3932876586914 27.0679893493652 26.6857795715332 25.836841583252 27.1925220489502 27.7651481628418 28.0188484191895 27.3216724395752 27.3844890594482 28.6650123596191 30.1987361907959 31.7548961639404 31.8937740325928 32.8096504211426 33.3396072387695 33.3868560791016 32.9062309265137 32.6744537353516 31.8309955596924 32.489185333252 33.0806274414062 33.2736778259277 33.552490234375 33.5907554626465 33.8071975708008 33.7685394287109 33.7600517272949 33.8169250488281 33.7971954345703 33.5735626220703 32.5908012390137 33.2705879211426 33.5008163452148 33.4768371582031 33.4624900817871 32.1181983947754 31.9700088500977 33.4285278320312 33.7438926696777 33.7483825683594
27.5121364593506 26.4002113342285 26.0416851043701 25.9912052154541 26.267297744751 26.0974941253662 26.9093818664551 28.8626098632812 27.8769149780273 27.1114768981934 29.3404331207275 30.167818069458 29.7576026916504 27.4780979156494 27.9939403533936 28.1664772033691 30.4776515960693 30.5896072387695 30.4769058227539 31.5581798553467 32.8672676086426 33.1432762145996 32.8223495483398 32.845027923584 32.7338829040527 32.4009819030762 32.5145492553711 32.7060279846191 33.4792556762695 33.4706268310547 33.5894813537598 33.4105758666992 33.653263092041 33.8378219604492 33.5631790161133 33.5737266540527 32.8844337463379 33.0521240234375 33.3740882873535 33.2295837402344 33.7002792358398 33.7311973571777 33.6572723388672 33.7293395996094 33.8702812194824 33.7725639343262
27.1666831970215 26.4472389221191 26.238676071167 26.4821929931641 26.4403648376465 26.5942230224609 27.1192359924316 29.6448059082031 29.9001312255859 28.3697242736816 30.7241401672363 31.8523464202881 31.0634899139404 29.683765411377 29.633768081665 30.3859405517578 31.2034683227539 31.7676906585693 32.1613006591797 32.5357437133789 32.8121337890625 32.5489883422852 31.0761833190918 31.4309864044189 32.0593109130859 31.6739482879639 31.9471130371094 32.9208030700684 33.3584976196289 33.6044731140137 32.4712867736816 32.4753112792969 33.3976135253906 33.7456970214844 33.2645950317383 33.3254547119141 32.4871864318848 33.0864601135254 33.3347549438477 33.2083129882812 33.7316780090332 33.847957611084 33.9010848999023 33.9254112243652 33.894214630127 33.5961494445801
27.1818656921387 26.7523288726807 26.7362976074219 26.9463691711426 27.2040119171143 27.4104137420654 28.3913154602051 30.448600769043 30.3507766723633 29.831657409668 31.5060577392578 32.7997436523438 31.9079360961914 30.6355438232422 30.0435676574707 32.0563659667969 32.4949111938477 32.7599067687988 33.0160522460938 33.0751609802246 32.6500396728516 32.3853073120117 32.5353813171387 31.949239730835 32.3546524047852 32.9098663330078 33.1755332946777 33.289924621582 33.5444259643555 33.4964294433594 31.7440528869629 32.581127166748 33.531494140625 33.4783630371094 33.0437088012695 33.0291862487793 32.884765625 33.4677925109863 33.527515411377 33.5653686523438 33.5653610229492 33.7665023803711 33.8448486328125 33.8829917907715 33.8325653076172 33.8141326904297
27.0995483398438 26.7940196990967 27.4591007232666 28.3780155181885 28.5465717315674 29.1425895690918 30.4458465576172 31.1940689086914 30.5342025756836 31.0158004760742 32.6796798706055 33.2804260253906 32.7009963989258 31.5768127441406 30.7390537261963 31.9835662841797 32.0148773193359 32.3828887939453 33.2349243164062 33.4852180480957 33.1879920959473 32.8401947021484 33.243522644043 33.0609092712402 32.947437286377 33.4939460754395 33.4123268127441 33.3521537780762 33.6591682434082 33.4423751831055 32.7996406555176 33.3454246520996 33.5657196044922 33.2656860351562 32.2607460021973 32.246036529541 32.6407203674316 33.4649467468262 33.1779861450195 33.1837158203125 33.2374534606934 33.5790863037109 33.5867309570312 33.6798095703125 33.5512809753418 33.7250213623047
27.1393852233887 27.3910579681396 28.753116607666 29.6607284545898 30.513822555542 31.6578140258789 32.4201774597168 31.6630210876465 29.4906578063965 30.2602348327637 32.048942565918 33.3083915710449 32.8641166687012 32.5196304321289 31.5294914245605 32.6824836730957 32.8832817077637 32.2239990234375 33.1252822875977 33.5354766845703 33.5091209411621 33.0564041137695 33.4547271728516 33.5964317321777 33.4580268859863 33.585578918457 33.4119338989258 32.6029472351074 33.5165634155273 33.6995124816895 33.6413269042969 33.5488739013672 33.2337799072266 32.8901062011719 31.9763679504395 32.0702705383301 32.9461708068848 32.9036293029785 32.7733688354492 32.5928802490234 32.7856330871582 33.150505065918 32.9633560180664 33.3841400146484 32.9037170410156 33.3621406555176
