inst/extdata/Tmax/Tmax84.asc
NCOLS 100 
NROWS 79 
XLLCORNER 148.06 
YLLCORNER -21.49 
CELLSIZE 0.01 
NODATA_value -3.4e+38 
[rows 0 to 19 of 79, columns 46 to 91 of 100]
38.7881774902344 38.6279602050781 38.5308570861816 38.5189971923828 38.4914436340332 38.3824157714844 38.5315933227539 38.3773498535156 38.2044296264648 38.0437850952148 37.9576759338379 37.7173194885254 37.6190452575684 37.7861595153809 37.9874076843262 37.9007949829102 37.779613494873 37.6212959289551 37.3602905273438 37.1888542175293 37.0693588256836 -3.4e+38 -3.4e+38 -3.4e+38 -3.4e+38 -3.4e+38 -3.4e+38 -3.4e+38 -3.4e+38 -3.4e+38 -3.4e+38 -3.4e+38 -3.4e+38 -3.4e+38 -3.4e+38 -3.4e+38 -3.4e+38 -3.4e+38 -3.4e+38 -3.4e+38 -3.4e+38 -3.4e+38 -3.4e+38 -3.4e+38 -3.4e+38 -3.4e+38
38.7521057128906 38.5054130554199 38.3023338317871 38.5025863647461 38.6218948364258 38.6114807128906 38.550651550293 38.4524993896484 38.1587066650391 37.7770004272461 37.8737030029297 37.4075965881348 37.8195648193359 38.0509643554688 38.0139961242676 37.918643951416 37.809886932373 37.6792373657227 37.498649597168 37.3999290466309 37.3042984008789 37.163818359375 -3.4e+38 -3.4e+38 -3.4e+38 -3.4e+38 -3.4e+38 -3.4e+38 -3.4e+38 -3.4e+38 -3.4e+38 -3.4e+38 -3.4e+38 -3.4e+38 -3.4e+38 -3.4e+38 -3.4e+38 -3.4e+38 -3.4e+38 -3.4e+38 -3.4e+38 -3.4e+38 -3.4e+38 -3.4e+38 -3.4e+38 -3.4e+38
38.6673927307129 38.0240516662598 37.2843894958496 38.4559669494629 38.6027412414551 38.5975189208984 38.5572662353516 38.4970932006836 38.2938423156738 37.7870559692383 37.8492088317871 37.9459228515625 37.9907188415527 38.0935173034668 38.0453338623047 37.9453163146973 37.853946685791 37.7536201477051 37.6290283203125 37.4265518188477 37.383171081543 37.2167091369629 37.0018692016602 36.74072265625 -3.4e+38 -3.4e+38 -3.4e+38 -3.4e+38 -3.4e+38 -3.4e+38 -3.4e+38 -3.4e+38 -3.4e+38 -3.4e+38 -3.4e+38 -3.4e+38 -3.4e+38 -3.4e+38 -3.4e+38 -3.4e+38 -3.4e+38 -3.4e+38 -3.4e+38 -3.4e+38 -3.4e+38 -3.4e+38
38.2931632995605 38.3350410461426 37.3864517211914 38.3394813537598 38.4845428466797 38.5168914794922 38.5432777404785 38.4472427368164 38.323657989502 38.0328483581543 37.9289131164551 37.6963310241699 37.9682502746582 38.0546188354492 38.0536880493164 37.95458984375 37.888988494873 37.8129348754883 37.6783180236816 37.3541870117188 37.1860542297363 37.1689796447754 37.0926246643066 37.0015296936035 36.8386459350586 36.4733047485352 -3.4e+38 -3.4e+38 -3.4e+38 -3.4e+38 -3.4e+38 -3.4e+38 -3.4e+38 -3.4e+38 -3.4e+38 -3.4e+38 -3.4e+38 -3.4e+38 -3.4e+38 -3.4e+38 -3.4e+38 -3.4e+38 -3.4e+38 -3.4e+38 -3.4e+38 -3.4e+38
38.2732963562012 38.2822113037109 37.2302055358887 37.4224548339844 38.0903015136719 38.4977951049805 38.5428123474121 38.4110145568848 38.3695106506348 38.0931129455566 37.8288345336914 37.6488418579102 37.3030319213867 37.8242645263672 38.0111236572266 37.9207153320312 37.9280967712402 37.8671913146973 37.6490173339844 37.002269744873 36.5442886352539 37.1494255065918 37.1904144287109 37.1118507385254 36.8840675354004 36.6187019348145 -3.4e+38 -3.4e+38 -3.4e+38 -3.4e+38 -3.4e+38 -3.4e+38 -3.4e+38 -3.4e+38 -3.4e+38 -3.4e+38 -3.4e+38 -3.4e+38 -3.4e+38 -3.4e+38 -3.4e+38 -3.4e+38 -3.4e+38 -3.4e+38 -3.4e+38 -3.4e+38
37.5332832336426 38.1568908691406 36.8051872253418 36.229679107666 37.7728271484375 38.5473022460938 38.4698944091797 38.405345916748 38.3423652648926 37.9874496459961 37.186939239502 36.8784675598145 37.1503715515137 37.919059753418 37.8203163146973 37.9357604980469 37.9538841247559 37.8751373291016 37.7762336730957 37.2192497253418 36.5699577331543 36.6010360717773 37.0120315551758 37.040210723877 36.9912986755371 36.8835868835449 -3.4e+38 -3.4e+38 -3.4e+38 -3.4e+38 -3.4e+38 -3.4e+38 -3.4e+38 -3.4e+38 -3.4e+38 -3.4e+38 -3.4e+38 -3.4e+38 -3.4e+38 -3.4e+38 -3.4e+38 -3.4e+38 -3.4e+38 -3.4e+38 -3.4e+38 -3.4e+38
36.7290878295898 38.1301727294922 37.5790138244629 37.493408203125 38.3058242797852 38.5062294006348 38.3396835327148 38.2294044494629 38.3351860046387 37.9145164489746 37.2787208557129 37.2516708374023 37.7963676452637 37.8811531066895 37.0818557739258 37.808666229248 37.8371353149414 37.8175010681152 37.8228988647461 37.5677490234375 37.2253303527832 36.9631881713867 37.124195098877 36.8936386108398 37.0752563476562 37.0669708251953 36.9368171691895 36.6839408874512 -3.4e+38 -3.4e+38 -3.4e+38 -3.4e+38 -3.4e+38 -3.4e+38 -3.4e+38 -3.4e+38 -3.4e+38 -3.4e+38 -3.4e+38 -3.4e+38 -3.4e+38 -3.4e+38 -3.4e+38 -3.4e+38 -3.4e+38 -3.4e+38
35.9671516418457 38.132152557373 38.493953704834 38.3188858032227 37.4475021362305 37.657054901123 38.1634292602539 38.2691268920898 38.3777770996094 38.2016487121582 37.8500671386719 37.4733467102051 37.4749794006348 37.638858795166 37.2339248657227 37.7999076843262 37.1733818054199 37.1164932250977 37.6861724853516 37.7631759643555 37.6026954650879 37.356819152832 37.2415390014648 37.2554321289062 37.2036361694336 37.1440811157227 36.9609489440918 36.808780670166 36.5499000549316 36.1052703857422 36.0726318359375 -3.4e+38 -3.4e+38 -3.4e+38 -3.4e+38 -3.4e+38 -3.4e+38 -3.4e+38 -3.4e+38 -3.4e+38 -3.4e+38 -3.4e+38 -3.4e+38 -3.4e+38 -3.4e+38 -3.4e+38
35.899845123291 37.7150955200195 38.4949913024902 38.3829879760742 37.6393547058105 36.3072052001953 37.4791984558105 38.3308601379395 38.3702125549316 38.2544708251953 38.1046104431152 37.8630447387695 37.8568458557129 37.6876029968262 37.2206993103027 37.1382904052734 36.7492370605469 37.3862113952637 37.616641998291 37.6494827270508 37.6356925964355 37.3056221008301 36.9471817016602 36.6460227966309 37.201789855957 37.2072067260742 37.0765342712402 36.91552734375 36.7891731262207 36.3118209838867 36.1456985473633 36.2304000854492 -3.4e+38 -3.4e+38 -3.4e+38 -3.4e+38 -3.4e+38 -3.4e+38 -3.4e+38 -3.4e+38 -3.4e+38 -3.4e+38 -3.4e+38 -3.4e+38 -3.4e+38 -3.4e+38
36.7338333129883 37.7140655517578 38.3773880004883 38.350959777832 38.3093032836914 37.1135864257812 37.356258392334 38.2417259216309 38.3645896911621 38.244026184082 38.056510925293 37.819751739502 37.6918106079102 37.7610397338867 37.1723098754883 36.8856391906738 36.7926177978516 37.7277793884277 37.5731735229492 37.2939338684082 37.5973815917969 37.529972076416 37.3375701904297 37.020622253418 37.3275604248047 37.2454490661621 37.0889320373535 37.1000022888184 36.9441719055176 36.6727638244629 36.2571029663086 36.2377090454102 -3.4e+38 -3.4e+38 -3.4e+38 -3.4e+38 -3.4e+38 -3.4e+38 -3.4e+38 -3.4e+38 -3.4e+38 -3.4e+38 -3.4e+38 -3.4e+38 -3.4e+38 -3.4e+38
35.8792839050293 37.5666923522949 37.884838104248 37.6814270019531 37.9665489196777 38.1774368286133 37.9070358276367 38.2549362182617 38.3175354003906 38.2112884521484 38.0465774536133 37.873950958252 37.6811370849609 37.9615821838379 37.8072204589844 37.7012557983398 37.7305641174316 37.8823165893555 37.855297088623 37.3779792785645 36.9645767211914 37.493034362793 37.6161193847656 37.165699005127 37.149845123291 36.9943695068359 36.9414825439453 37.1740531921387 37.0223731994629 36.7639846801758 -3.4e+38 -3.4e+38 -3.4e+38 -3.4e+38 -3.4e+38 -3.4e+38 -3.4e+38 -3.4e+38 -3.4e+38 -3.4e+38 -3.4e+38 -3.4e+38 -3.4e+38 -3.4e+38 -3.4e+38 -3.4e+38
35.2446784973145 36.1604766845703 36.4570999145508 36.200553894043 37.1404266357422 37.7213935852051 38.021858215332 38.2428817749023 38.2217483520508 38.1296768188477 37.9534606933594 37.7758712768555 37.6289138793945 38.1369132995605 38.1070823669434 37.9622039794922 37.9478073120117 38.0011024475098 38.0120086669922 37.9058265686035 37.5657997131348 37.3568077087402 37.648567199707 37.4621315002441 37.2327423095703 37.3038215637207 37.3016662597656 37.0575942993164 36.9365882873535 36.7763137817383 -3.4e+38 -3.4e+38 -3.4e+38 -3.4e+38 -3.4e+38 -3.4e+38 -3.4e+38 -3.4e+38 -3.4e+38 -3.4e+38 -3.4e+38 -3.4e+38 -3.4e+38 -3.4e+38 -3.4e+38 -3.4e+38
35.2338218688965 34.283878326416 33.6861724853516 33.8082084655762 35.856761932373 36.3664245605469 37.4851036071777 37.7858924865723 38.0449028015137 37.9295845031738 37.7220115661621 37.98876953125 37.971851348877 37.8638572692871 38.2163925170898 38.1716270446777 38.096492767334 38.081859588623 38.0698013305664 38.0317993164062 37.9686584472656 37.8685531616211 37.720817565918 37.6485366821289 37.3682670593262 37.4052810668945 37.3611602783203 37.1048202514648 36.8514823913574 36.7332000732422 36.5979270935059 36.3075408935547 -3.4e+38 -3.4e+38 -3.4e+38 -3.4e+38 -3.4e+38 -3.4e+38 -3.4e+38 -3.4e+38 -3.4e+38 -3.4e+38 -3.4e+38 -3.4e+38 -3.4e+38 -3.4e+38
35.2387466430664 34.4753227233887 33.6113319396973 33.0955772399902 33.6608200073242 34.4583129882812 36.2765617370605 37.3850288391113 38.0152740478516 37.846549987793 37.3896903991699 37.9026641845703 38.1636543273926 38.1829566955566 38.1789169311523 38.1722564697266 38.1728858947754 38.1417045593262 38.1016731262207 38.0529327392578 38.0028419494629 37.9156913757324 37.8269500732422 37.730785369873 37.5036163330078 37.5003967285156 37.3932876586914 37.1907501220703 36.9536972045898 36.8670120239258 36.7894897460938 36.6353797912598 36.3803367614746 -3.4e+38 -3.4e+38 -3.4e+38 -3.4e+38 35.9260559082031 35.9511337280273 -3.4e+38 -3.4e+38 -3.4e+38 -3.4e+38 -3.4e+38 -3.4e+38 -3.4e+38
35.8048553466797 34.5617752075195 33.7100486755371 33.3445129394531 33.8599319458008 33.6232643127441 34.7566719055176 36.4025192260742 37.6034202575684 37.9221000671387 36.9347190856934 37.6710052490234 38.035530090332 37.6218910217285 37.6775550842285 38.0074806213379 38.0741996765137 38.1128616333008 38.0503158569336 37.9216194152832 37.9309196472168 37.8539505004883 37.8318061828613 37.7640228271484 37.6733551025391 37.5238571166992 37.4078750610352 37.261547088623 37.1215705871582 37.0200386047363 36.9711837768555 36.843578338623 36.5153846740723 -3.4e+38 -3.4e+38 -3.4e+38 -3.4e+38 36.0764198303223 36.0226860046387 36.1647567749023 36.1432113647461 35.9711570739746 -3.4e+38 -3.4e+38 -3.4e+38 -3.4e+38
35.7651176452637 34.5372047424316 33.7501831054688 34.1714935302734 33.9603996276855 34.3432159423828 34.0910186767578 35.4495239257812 37.4324645996094 38.053050994873 37.1270446777344 37.0757369995117 37.7741508483887 36.1037750244141 36.9988212585449 37.3146171569824 37.7734413146973 38.0796241760254 38.0417633056641 37.9425163269043 37.9156532287598 37.862979888916 37.8450546264648 37.7757301330566 37.6913757324219 37.4534034729004 37.4042625427246 37.3206443786621 37.2509994506836 37.2117614746094 37.1318016052246 36.9964027404785 36.8350715637207 -3.4e+38 -3.4e+38 36.6211471557617 36.4335975646973 36.2075309753418 36.0823020935059 35.8781623840332 35.9952545166016 36.1798439025879 -3.4e+38 -3.4e+38 -3.4e+38 -3.4e+38
34.4412956237793 33.227367401123 33.1733894348145 34.4125862121582 34.7352561950684 34.6443176269531 34.2288818359375 34.568531036377 36.764591217041 37.8882102966309 37.8810691833496 37.1360855102539 37.5746116638184 36.3377151489258 36.3311920166016 36.3699645996094 37.5104522705078 38.0634155273438 38.0509300231934 38.040283203125 38.0176887512207 37.934398651123 37.8666038513184 37.6396598815918 37.6153182983398 37.4880142211914 37.4450988769531 37.4362373352051 37.4090003967285 37.3392448425293 37.2582015991211 37.1552467346191 37.0598754882812 -3.4e+38 36.9129295349121 36.8825607299805 36.8098945617676 -3.4e+38 36.2662925720215 -3.4e+38 35.9880409240723 -3.4e+38 -3.4e+38 -3.4e+38 -3.4e+38 -3.4e+38
34.3962326049805 32.9892272949219 32.2787475585938 34.787181854248 34.9815711975098 34.3550071716309 33.9697036743164 34.0862579345703 35.5641822814941 37.6306076049805 37.707950592041 37.317310333252 37.4022636413574 37.4803695678711 36.8779258728027 37.817512512207 37.9895057678223 38.0530662536621 38.0600166320801 38.0249404907227 37.9976654052734 37.9316558837891 37.8745994567871 37.771900177002 37.7363739013672 37.667423248291 37.624568939209 37.5810699462891 37.4870185852051 37.4651260375977 37.4030418395996 37.3279342651367 37.260555267334 37.184684753418 37.1360015869141 37.1204032897949 36.9790191650391 -3.4e+38 -3.4e+38 -3.4e+38 -3.4e+38 -3.4e+38 -3.4e+38 36.259708404541 -3.4e+38 -3.4e+38
36.0959892272949 35.7849769592285 33.7080421447754 35.1709671020508 33.737720489502 33.7347755432129 34.1446571350098 34.4253120422363 36.3548698425293 37.5888023376465 37.3085556030273 36.7482528686523 37.4959106445312 37.8293609619141 37.8955993652344 37.9208221435547 37.9990158081055 37.7041931152344 37.8121871948242 37.9261169433594 37.8832931518555 37.8778038024902 37.8587684631348 37.8274154663086 37.8008842468262 37.7541465759277 37.7218360900879 37.5960578918457 37.2822456359863 37.4096374511719 37.5053825378418 37.4773445129395 37.4283714294434 37.344409942627 37.3015365600586 37.2327079772949 37.1043014526367 36.9900894165039 36.8837623596191 36.8200874328613 36.8051414489746 36.7066497802734 36.4730491638184 36.2941246032715 -3.4e+38 -3.4e+38
36.1704368591309 35.3613548278809 35.9701881408691 35.7829742431641 34.4259223937988 34.4520263671875 34.0638198852539 34.2581787109375 36.1575355529785 37.3270492553711 37.6678581237793 37.4465560913086 37.723934173584 37.9512634277344 37.8206748962402 37.6755294799805 37.8168678283691 37.5636100769043 37.4015502929688 37.5286102294922 37.7837028503418 37.8043632507324 37.8226623535156 37.8575820922852 37.8605651855469 37.8294677734375 37.7835006713867 37.5986862182617 37.3445243835449 37.5382041931152 37.5180931091309 37.5978660583496 37.490177154541 37.434009552002 37.3926696777344 37.2729568481445 37.1951293945312 37.1494407653809 37.1124687194824 37.0780220031738 37.0403327941895 36.9233932495117 36.6051940917969 36.2631721496582 36.3085556030273 -3.4e+38
