inst/extdata/Tmax/Tmax73.asc
NCOLS 100 
NROWS 79 
XLLCORNER 148.06 
YLLCORNER -21.49 
CELLSIZE 0.01 
NODATA_value -3.4e+38 
[rows 0 to 19 of 79, columns 46 to 91 of 100]
31.4327278137207 31.2930278778076 31.2208766937256 31.2390747070312 31.2409000396729 31.1564979553223 31.354284286499 31.2211265563965 31.0688438415527 30.9303779602051 30.8793659210205 30.6610813140869 30.5922622680664 30.803653717041 31.0583095550537 31.0134811401367 30.9258556365967 30.8005504608154 30.5667629241943 30.4344959259033 30.3626327514648 -3.4e+38 -3.4e+38 -3.4e+38 -3.4e+38 -3.4e+38 -3.4e+38 -3.4e+38 -3.4e+38 -3.4e+38 -3.4e+38 -3.4e+38 -3.4e+38 -3.4e+38 -3.4e+38 -3.4e+38 -3.4e+38 -3.4e+38 -3.4e+38 -3.4e+38 -3.4e+38 -3.4e+38 -3.4e+38 -3.4e+38 -3.4e+38 -3.4e+38
31.3804035186768 31.1504096984863 30.9684581756592 31.2087688446045 31.3668346405029 31.3875579833984 31.3616504669189 31.2884731292725 31.008918762207 30.6430187225342 30.7832927703857 30.3330421447754 30.7951335906982 31.0788993835449 31.0784683227539 31.0236377716064 30.9482192993164 30.8507175445557 30.7007160186768 30.6403980255127 30.5831737518311 30.4868755340576 -3.4e+38 -3.4e+38 -3.4e+38 -3.4e+38 -3.4e+38 -3.4e+38 -3.4e+38 -3.4e+38 -3.4e+38 -3.4e+38 -3.4e+38 -3.4e+38 -3.4e+38 -3.4e+38 -3.4e+38 -3.4e+38 -3.4e+38 -3.4e+38 -3.4e+38 -3.4e+38 -3.4e+38 -3.4e+38 -3.4e+38 -3.4e+38
31.2832183837891 30.6460113525391 29.9311981201172 31.1531562805176 31.3396835327148 31.3658218383789 31.3621063232422 31.3317089080811 31.1492691040039 30.6514530181885 30.756010055542 30.8917427062988 30.9748077392578 31.122184753418 31.109073638916 31.0483779907227 30.9906177520752 30.9237213134766 30.8310527801514 30.6537208557129 30.6502418518066 30.5327529907227 30.3620719909668 30.1499118804932 -3.4e+38 -3.4e+38 -3.4e+38 -3.4e+38 -3.4e+38 -3.4e+38 -3.4e+38 -3.4e+38 -3.4e+38 -3.4e+38 -3.4e+38 -3.4e+38 -3.4e+38 -3.4e+38 -3.4e+38 -3.4e+38 -3.4e+38 -3.4e+38 -3.4e+38 -3.4e+38 -3.4e+38 -3.4e+38
30.8798065185547 30.9532814025879 30.0206642150879 31.0188827514648 31.2019882202148 31.2686080932617 31.3375549316406 31.2691535949707 31.1719303131104 30.8990840911865 30.8310241699219 30.6219902038574 30.9422550201416 31.0710315704346 31.1079959869385 31.0475254058838 31.0160160064697 30.9736824035645 30.8676776885986 30.5602512359619 30.4257736206055 30.4631443023682 30.4314231872559 30.3831787109375 30.262414932251 29.9589328765869 -3.4e+38 -3.4e+38 -3.4e+38 -3.4e+38 -3.4e+38 -3.4e+38 -3.4e+38 -3.4e+38 -3.4e+38 -3.4e+38 -3.4e+38 -3.4e+38 -3.4e+38 -3.4e+38 -3.4e+38 -3.4e+38 -3.4e+38 -3.4e+38 -3.4e+38 -3.4e+38
30.8467140197754 30.88623046875 29.8541450500488 30.0735969543457 30.7806930541992 31.2385711669922 31.3274631500244 31.2213363647461 31.2115612030029 30.9536037445068 30.7179527282715 30.5643634796143 30.2409343719482 30.8168621063232 31.052038192749 31.0000305175781 31.0459060668945 31.0184192657471 30.8237152099609 30.1787700653076 29.7405967712402 30.4246044158936 30.5121421813965 30.4727954864502 30.2892761230469 30.0883464813232 -3.4e+38 -3.4e+38 -3.4e+38 -3.4e+38 -3.4e+38 -3.4e+38 -3.4e+38 -3.4e+38 -3.4e+38 -3.4e+38 -3.4e+38 -3.4e+38 -3.4e+38 -3.4e+38 -3.4e+38 -3.4e+38 -3.4e+38 -3.4e+38 -3.4e+38 -3.4e+38
30.086051940918 30.7452659606934 29.4257774353027 28.895336151123 30.4459915161133 31.2812309265137 31.2402973175049 31.2059078216553 31.1734638214111 30.8340873718262 30.051248550415 29.7712287902832 30.0771465301514 30.9079208374023 30.8391189575195 31.0054779052734 31.0618457794189 31.0162887573242 30.9505748748779 30.3976440429688 29.7579708099365 29.8333225250244 30.3047294616699 30.3839550018311 30.3857612609863 30.3361473083496 -3.4e+38 -3.4e+38 -3.4e+38 -3.4e+38 -3.4e+38 -3.4e+38 -3.4e+38 -3.4e+38 -3.4e+38 -3.4e+38 -3.4e+38 -3.4e+38 -3.4e+38 -3.4e+38 -3.4e+38 -3.4e+38 -3.4e+38 -3.4e+38 -3.4e+38 -3.4e+38
29.2853469848633 30.7071113586426 30.1795997619629 30.123851776123 30.9843635559082 31.2279357910156 31.0932712554932 31.0110664367676 31.1566352844238 30.7494564056396 30.136100769043 30.1403789520264 30.7350616455078 30.8587760925293 30.063871383667 30.8601989746094 30.9278373718262 30.9454231262207 30.9906387329102 30.7569046020508 30.431999206543 30.2022304534912 30.4152202606201 30.2153606414795 30.4562072753906 30.5026683807373 30.412052154541 30.2096920013428 -3.4e+38 -3.4e+38 -3.4e+38 -3.4e+38 -3.4e+38 -3.4e+38 -3.4e+38 -3.4e+38 -3.4e+38 -3.4e+38 -3.4e+38 -3.4e+38 -3.4e+38 -3.4e+38 -3.4e+38 -3.4e+38 -3.4e+38 -3.4e+38
28.5495109558105 30.704833984375 31.1113300323486 30.9616050720215 30.1046009063721 30.3466854095459 30.9059009552002 31.0499649047852 31.1988582611084 31.0474338531494 30.7210502624512 30.3653964996338 30.4000034332275 30.6030979156494 30.2184066772461 30.8495903015137 30.2316303253174 30.2078018188477 30.8413066864014 30.9615821838379 30.8301963806152 30.6174087524414 30.5371475219727 30.5947933197021 30.5826549530029 30.5714950561523 30.4310035705566 30.330623626709 30.1230125427246 29.7059593200684 29.7036056518555 -3.4e+38 -3.4e+38 -3.4e+38 -3.4e+38 -3.4e+38 -3.4e+38 -3.4e+38 -3.4e+38 -3.4e+38 -3.4e+38 -3.4e+38 -3.4e+38 -3.4e+38 -3.4e+38 -3.4e+38
28.4738922119141 30.2713069915771 31.1020450592041 31.018274307251 30.2880191802979 29.0004692077637 30.1958293914795 31.1056537628174 31.1816082000732 31.0941104888916 30.9784126281738 30.7600078582764 30.787769317627 30.6456737518311 30.1980590820312 30.1544895172119 29.7909927368164 30.4805107116699 30.7587356567383 30.8321075439453 30.8576679229736 30.5550785064697 30.2170295715332 29.9406623840332 30.5679168701172 30.6300201416016 30.5411643981934 30.4208030700684 30.3371696472168 29.8837814331055 29.7880020141602 29.9215469360352 -3.4e+38 -3.4e+38 -3.4e+38 -3.4e+38 -3.4e+38 -3.4e+38 -3.4e+38 -3.4e+38 -3.4e+38 -3.4e+38 -3.4e+38 -3.4e+38 -3.4e+38 -3.4e+38
29.2628631591797 30.2598571777344 30.9693489074707 30.9750347137451 30.965030670166 29.7828121185303 30.0630187988281 31.0030250549316 31.1665306091309 31.0742111206055 30.919319152832 30.7067031860352 30.6081027984619 30.7149639129639 30.1418304443359 29.8900394439697 29.8286247253418 30.8311710357666 30.7060508728027 30.4510536193848 30.8092613220215 30.7846240997314 30.6199703216553 30.32568359375 30.6948127746582 30.6606101989746 30.5392990112305 30.5978622436523 30.4862670898438 30.265453338623 29.9142036437988 29.9348735809326 -3.4e+38 -3.4e+38 -3.4e+38 -3.4e+38 -3.4e+38 -3.4e+38 -3.4e+38 -3.4e+38 -3.4e+38 -3.4e+38 -3.4e+38 -3.4e+38 -3.4e+38 -3.4e+38
28.4316368103027 30.1018486022949 30.4538612365723 30.2798480987549 30.6018981933594 30.8521671295166 30.6136722564697 31.007848739624 31.1079578399658 31.0310516357422 30.9004726409912 30.7551612854004 30.589879989624 30.9174976348877 30.791467666626 30.7235946655273 30.7901725769043 30.9879322052002 30.9978084564209 30.5327014923096 30.1391906738281 30.7373943328857 30.9086608886719 30.4727973937988 30.4980545043945 30.3830642700195 30.3708305358887 30.6721801757812 30.5688896179199 30.3604736328125 -3.4e+38 -3.4e+38 -3.4e+38 -3.4e+38 -3.4e+38 -3.4e+38 -3.4e+38 -3.4e+38 -3.4e+38 -3.4e+38 -3.4e+38 -3.4e+38 -3.4e+38 -3.4e+38 -3.4e+38 -3.4e+38
27.8204650878906 28.7165412902832 29.0307674407959 28.8112945556641 29.7602806091309 30.3753128051758 30.7229881286621 30.9863357543945 30.9987010955811 30.9370880126953 30.7954959869385 30.6460552215576 30.5288028717041 31.0945835113525 31.0994453430176 30.9903526306152 31.0126953125 31.1072654724121 31.1574230194092 31.0830478668213 30.7612018585205 30.5876655578613 30.9370288848877 30.7802276611328 30.5795497894287 30.7090034484863 30.7563095092773 30.5483741760254 30.4776382446289 30.3735389709473 -3.4e+38 -3.4e+38 -3.4e+38 -3.4e+38 -3.4e+38 -3.4e+38 -3.4e+38 -3.4e+38 -3.4e+38 -3.4e+38 -3.4e+38 -3.4e+38 -3.4e+38 -3.4e+38 -3.4e+38 -3.4e+38
27.8058605194092 26.9411945343018 26.4077243804932 26.5443572998047 28.5053329467773 29.0270118713379 30.1731624603271 30.511848449707 30.8125057220459 30.7276000976562 30.5551910400391 30.8664703369141 30.8842926025391 30.8071365356445 31.2140846252441 31.2119407653809 31.1701850891113 31.1927700042725 31.2182922363281 31.2163391113281 31.1890850067139 31.1307106018066 31.015308380127 30.9823513031006 30.7292613983154 30.8230476379395 30.8254318237305 30.6035709381104 30.3886833190918 30.3244819641113 30.2515468597412 30.0208396911621 -3.4e+38 -3.4e+38 -3.4e+38 -3.4e+38 -3.4e+38 -3.4e+38 -3.4e+38 -3.4e+38 -3.4e+38 -3.4e+38 -3.4e+38 -3.4e+38 -3.4e+38 -3.4e+38
27.7994079589844 27.1087303161621 26.3269176483154 25.8695945739746 26.4191856384277 27.19215965271 28.9666652679443 30.0962772369385 30.7738208770752 30.63427734375 30.2079010009766 30.7695083618164 31.0779056549072 31.1347255706787 31.1677722930908 31.2058887481689 31.2444629669189 31.2494297027588 31.2450847625732 31.2329082489014 31.2207622528076 31.1778926849365 31.1265449523926 31.0682048797607 30.8713130950928 30.92214012146 30.8563404083252 30.6902446746826 30.4896678924561 30.4516544342041 30.4254951477051 30.3242969512939 30.1011848449707 -3.4e+38 -3.4e+38 -3.4e+38 -3.4e+38 29.7142601013184 29.7432518005371 -3.4e+38 -3.4e+38 -3.4e+38 -3.4e+38 -3.4e+38 -3.4e+38 -3.4e+38
28.3241405487061 27.1785945892334 26.4077262878418 26.0903415679932 26.5949954986572 26.3971652984619 27.4969482421875 29.111442565918 30.3432521820068 30.7046871185303 29.7411785125732 30.5228462219238 30.9365119934082 30.5429992675781 30.6365833282471 31.0254249572754 31.133264541626 31.2120971679688 31.1860694885254 31.0904083251953 31.1415748596191 31.1095561981201 31.1289825439453 31.1007194519043 31.0490474700928 30.9430713653564 30.8665103912354 30.7585945129395 30.6581172943115 30.5991706848145 30.5814685821533 30.4786891937256 30.1841087341309 -3.4e+38 -3.4e+38 -3.4e+38 -3.4e+38 29.8166618347168 29.7714595794678 29.9101448059082 29.901029586792 29.7440128326416 -3.4e+38 -3.4e+38 -3.4e+38 -3.4e+38
28.2757949829102 27.144718170166 26.4341716766357 26.8520412445068 26.6787757873535 27.0636901855469 26.8572998046875 28.1772403717041 30.1619052886963 30.8326835632324 29.9273815155029 29.9092979431152 30.6581783294678 29.0032043457031 29.9340362548828 30.2990570068359 30.8120594024658 31.1733798980713 31.1736354827881 31.1093482971191 31.1222248077393 31.1160182952881 31.1396770477295 31.1094379425049 31.0638179779053 30.8631324768066 30.856237411499 30.8131465911865 30.7802181243896 30.7532138824463 30.6886157989502 30.57883644104 30.4388065338135 -3.4e+38 -3.4e+38 30.268871307373 30.102933883667 29.900671005249 29.7884216308594 29.6008911132812 29.7230644226074 29.9014530181885 -3.4e+38 -3.4e+38 -3.4e+38 -3.4e+38
27.019100189209 25.9140186309814 25.886589050293 27.0678882598877 27.3979473114014 27.3382225036621 26.9775581359863 27.3255939483643 29.4842586517334 30.6546897888184 30.6902446746826 29.9636325836182 30.4459438323975 29.2290306091309 29.2555274963379 29.3349723815918 30.5343761444092 31.1525096893311 31.1796684265137 31.2093658447266 31.2268848419189 31.1880283355713 31.1585674285889 30.9607009887695 30.9781551361084 30.8943634033203 30.8928756713867 30.8997898101807 30.884334564209 30.8295879364014 30.7641429901123 30.6842288970947 30.6048202514648 -3.4e+38 30.4846019744873 30.4693584442139 30.4090995788574 -3.4e+38 29.9223136901855 -3.4e+38 29.6772613525391 -3.4e+38 -3.4e+38 -3.4e+38 -3.4e+38 -3.4e+38
26.9811515808105 25.6889610290527 25.0524196624756 27.4172897338867 27.6281127929688 27.0615825653076 26.730001449585 26.8656177520752 28.3064308166504 30.3896389007568 30.5116195678711 30.1475830078125 30.2695007324219 30.3859958648682 29.8072128295898 30.8180751800537 31.0373229980469 31.144063949585 31.1918277740479 31.1955833435059 31.2080421447754 31.1875782012939 31.169282913208 31.1029224395752 31.1039981842041 31.0578384399414 31.0290355682373 30.9992160797119 30.9226989746094 30.9120273590088 30.8641033172607 30.8099689483643 30.7563514709473 30.6944122314453 30.6569938659668 30.6558227539062 30.5330123901367 -3.4e+38 -3.4e+38 -3.4e+38 -3.4e+38 -3.4e+38 -3.4e+38 29.9166164398193 -3.4e+38 -3.4e+38
28.5675735473633 28.2990264892578 26.369270324707 27.7706718444824 26.4455909729004 26.4674663543701 26.885368347168 27.1776714324951 29.0700263977051 30.3399085998535 30.0970077514648 29.5665168762207 30.3601245880127 30.7416687011719 30.848876953125 30.9215507507324 31.0429363250732 30.7735023498535 30.9264316558838 31.0869178771973 31.0827941894531 31.1261081695557 31.1477603912354 31.1344604492188 31.1216602325439 31.0960083007812 31.0770263671875 30.9719734191895 30.6922473907471 30.8201084136963 30.9173793792725 30.9065113067627 30.869909286499 30.800760269165 30.7688980102539 30.7192268371582 30.6085262298584 30.5105934143066 30.4194297790527 30.3669757843018 30.3649253845215 30.279878616333 30.0703372955322 29.9106349945068 -3.4e+38 -3.4e+38
28.6381530761719 27.8865337371826 28.4958457946777 28.3454265594482 27.0824279785156 27.1335601806641 26.799222946167 27.0093994140625 28.8681106567383 30.0668830871582 30.4576950073242 30.2674903869629 30.5895805358887 30.8634738922119 30.7659530639648 30.6610584259033 30.8474349975586 30.6224803924561 30.4930477142334 30.6652393341064 30.9733390808105 31.0439453125 31.0761833190918 31.1205615997314 31.1349773406982 31.1238174438477 31.092529296875 30.9333190917969 30.7086315155029 30.8976135253906 30.8884506225586 30.9765625 30.8863143920898 30.8428325653076 30.8126201629639 30.716423034668 30.6522483825684 30.6173515319824 30.5900764465332 30.5646800994873 30.542049407959 30.4402770996094 30.1525821685791 29.8432846069336 29.8905811309814 -3.4e+38
