inst/extdata/Tmax/Tmax126.asc
NCOLS 100 
NROWS 79 
XLLCORNER 148.06 
YLLCORNER -21.49 
CELLSIZE 0.01 
NODATA_value -3.4e+38 
[rows 20 to 39 of 79, columns 46 to 91 of 100]
30.3334655761719 28.7618350982666 28.943675994873 30.2335147857666 30.0163860321045 29.5154342651367 29.2775630950928 28.2173023223877 29.9217071533203 31.2968215942383 32.2934341430664 31.8891735076904 31.882984161377 32.4677963256836 32.1674957275391 31.9363193511963 32.2085952758789 32.7412185668945 32.8983726501465 32.9161186218262 32.8731002807617 32.7812118530273 33.0580520629883 33.1463394165039 33.1138038635254 33.0535202026367 32.9724540710449 33.017162322998 32.9993362426758 32.7126197814941 32.7830924987793 33.0379295349121 32.9545288085938 32.7131080627441 32.7294960021973 32.7167625427246 32.6570930480957 32.6666679382324 32.6663551330566 32.6518287658691 32.5942192077637 32.4657554626465 31.9523696899414 31.8565139770508 32.0783653259277 32.0872650146484
30.5939140319824 28.7434215545654 27.6675243377686 29.2290019989014 29.1238842010498 28.641185760498 29.4520587921143 27.736743927002 28.8997688293457 30.8323211669922 32.0296173095703 30.8259449005127 30.24436378479 31.9379787445068 30.8656196594238 30.5515403747559 31.3684158325195 32.589282989502 32.611156463623 33.0072326660156 33.1096611022949 33.1201553344727 32.9447898864746 32.6483154296875 32.6562690734863 32.7330360412598 32.8960304260254 32.8829650878906 32.8131713867188 32.752067565918 33.0338592529297 33.0871238708496 33.0427398681641 32.7190895080566 32.8086318969727 32.7807235717773 32.6750946044922 32.6963768005371 32.7111549377441 32.7188987731934 32.6169204711914 32.5332870483398 32.3702545166016 32.2015190124512 32.0865631103516 32.0854263305664
31.1353721618652 30.694787979126 28.9912910461426 28.3952617645264 27.9643287658691 29.0247402191162 28.4987258911133 28.7455101013184 28.2029094696045 29.0839042663574 31.1664276123047 31.5546436309814 30.1698303222656 30.5517883300781 30.2487258911133 30.783863067627 31.7766437530518 32.1625213623047 30.9383506774902 32.1267013549805 32.8763771057129 32.954216003418 32.4110374450684 31.6653900146484 32.232105255127 32.2313461303711 32.7870750427246 32.9736289978027 32.7083053588867 32.9103927612305 33.0747604370117 33.1241760253906 33.128231048584 33.0798606872559 32.9928894042969 32.836051940918 32.6782989501953 32.5686988830566 32.6459770202637 32.7495040893555 32.6637878417969 32.6173400878906 32.3850059509277 32.2861137390137 32.174015045166 32.3103370666504
30.5777320861816 30.4208354949951 29.8552761077881 29.126033782959 27.7650508880615 28.4518814086914 29.0640087127686 29.264705657959 29.0519733428955 28.651575088501 29.9199295043945 29.9159965515137 30.7589950561523 29.242244720459 30.0348968505859 31.4333343505859 31.4246978759766 31.7875518798828 30.5549736022949 32.4689788818359 33.1828651428223 33.0938758850098 32.2448310852051 31.0210571289062 32.1699829101562 32.3409576416016 32.448974609375 32.8874664306641 33.0794982910156 33.145565032959 33.1680068969727 33.2002334594727 33.1861801147461 33.1152191162109 33.0325660705566 32.8973197937012 32.5183906555176 32.20703125 32.3476295471191 32.618839263916 32.609317779541 32.6766662597656 32.4524307250977 32.4417266845703 32.2200775146484 32.2536392211914
28.8095378875732 30.0117130279541 30.3235549926758 30.0961418151855 29.1572113037109 28.5740642547607 28.5939617156982 28.3180446624756 29.1674671173096 28.6774368286133 28.6957092285156 28.2713317871094 30.0879364013672 30.897310256958 30.1572818756104 31.1460304260254 31.8779125213623 32.4280967712402 32.1597900390625 33.105598449707 33.1182327270508 32.995849609375 32.3804321289062 31.6258430480957 32.364860534668 32.6433906555176 32.3774833679199 32.4780158996582 32.5888442993164 33.0570297241211 32.915599822998 33.2260055541992 33.1237983703613 33.1020698547363 33.034912109375 32.7303657531738 32.6597061157227 32.1370887756348 31.8875179290771 32.3397026062012 32.4822578430176 32.588680267334 32.4431457519531 32.5120697021484 32.5804710388184 32.4480285644531
27.4339714050293 28.3650398254395 29.5937805175781 29.5122146606445 28.7236175537109 28.0145473480225 27.6536254882812 27.1313190460205 28.2726020812988 28.8802280426025 28.4015808105469 28.6427993774414 29.9840183258057 31.7863540649414 31.3339595794678 31.4232788085938 31.5831756591797 32.8654022216797 32.9681701660156 32.9706726074219 32.9726867675781 32.6999130249023 31.5734577178955 31.6388416290283 31.7499523162842 32.353931427002 32.1162414550781 31.5584907531738 32.1524620056152 33.1257171630859 33.081485748291 33.2032585144043 33.1799278259277 33.1673965454102 33.0560264587402 32.9260520935059 32.9540672302246 32.4135322570801 31.950309753418 32.2737579345703 31.996467590332 32.1341209411621 31.8847427368164 32.5043449401855 32.5605125427246 32.5509185791016
27.325023651123 27.1703491210938 27.8489265441895 28.4506187438965 29.090763092041 26.9660186767578 26.7123603820801 27.5216903686523 28.021110534668 28.7500858306885 28.7915267944336 29.2092723846436 30.8787937164307 31.7334938049316 32.2057647705078 32.3746566772461 32.5177345275879 32.9934158325195 32.6774368286133 32.5385513305664 32.5780410766602 32.1862030029297 32.3725547790527 32.6334991455078 32.6553916931152 32.1114654541016 31.7354469299316 32.583854675293 32.8316993713379 32.8050842285156 32.3030128479004 32.9286231994629 33.0870361328125 33.1763916015625 33.1774215698242 33.1042327880859 32.8162422180176 32.527156829834 32.6142425537109 32.4056129455566 32.3020248413086 31.8057594299316 32.266170501709 32.472053527832 32.4089164733887 32.3228416442871
27.5006656646729 27.0058212280273 27.2964935302734 27.528881072998 28.0471115112305 26.4244422912598 26.1528396606445 26.5659770965576 27.821159362793 28.5592021942139 28.0836772918701 28.6617336273193 29.5534324645996 30.6773815155029 32.0148506164551 31.7284870147705 32.7471237182617 32.9868774414062 32.3619155883789 31.6977081298828 32.2985153198242 32.4960784912109 32.8034286499023 33.0258941650391 33.1384544372559 32.7707138061523 32.7809410095215 33.1163711547852 33.1861152648926 32.5536041259766 32.156379699707 32.6703872680664 32.7844543457031 33.1730346679688 33.2264556884766 33.1833190917969 33.0585708618164 32.8788642883301 32.5272941589355 31.8284187316895 31.6230411529541 31.5177478790283 31.5650806427002 32.2019729614258 32.2609062194824 32.6345634460449
28.3448314666748 27.9287776947021 28.6477718353271 28.4973678588867 28.1203708648682 26.7693405151367 27.5215148925781 27.2698574066162 27.5734405517578 28.1615886688232 27.9136428833008 28.2018966674805 28.3539581298828 30.4773979187012 31.6439590454102 31.0056076049805 32.3919296264648 32.6731071472168 32.4058647155762 31.3913478851318 31.6482410430908 32.6671371459961 33.0439720153809 33.1712188720703 33.2036209106445 33.12744140625 33.1533889770508 33.2679977416992 32.9340705871582 32.2995262145996 32.1846694946289 32.8065528869629 33.1983642578125 33.2437362670898 33.2475280761719 33.2350654602051 33.2085723876953 33.0989189147949 32.887149810791 31.8606491088867 31.3311653137207 30.6002922058105 31.5089015960693 31.5112743377686 32.3506050109863 32.7008018493652
29.8757724761963 29.7295303344727 29.17578125 29.1160678863525 28.6169414520264 28.1449337005615 27.8607158660889 26.8975791931152 27.5174407958984 27.0464649200439 26.5960159301758 27.8849411010742 28.2338714599609 30.0568733215332 30.9945068359375 30.3188247680664 31.0060558319092 31.7441997528076 32.2712821960449 32.1719932556152 31.768575668335 32.6722755432129 33.1108474731445 32.9457931518555 32.9352684020996 32.6638145446777 33.050121307373 33.2807922363281 32.4581298828125 31.6935806274414 32.3053359985352 32.8380126953125 33.1666450500488 33.250301361084 33.2721252441406 33.234619140625 33.2289352416992 33.1593551635742 33.0033569335938 32.6652946472168 32.0589561462402 31.6162033081055 31.2331428527832 31.0682621002197 31.8856620788574 32.3495712280273
28.8375015258789 28.8395805358887 28.8670539855957 28.5244293212891 28.0625705718994 28.2758769989014 27.4158954620361 26.9135417938232 26.4084396362305 26.5058250427246 25.9539375305176 26.8531761169434 26.8649101257324 29.0285301208496 30.034107208252 28.9396286010742 29.4875564575195 30.9893531799316 32.2255363464355 32.7434349060059 32.3148956298828 32.8835372924805 33.0831031799316 32.7348556518555 32.730411529541 32.8576240539551 33.2855453491211 33.2749214172363 32.7947807312012 32.2023391723633 32.5479736328125 32.8119926452637 33.2089920043945 33.2413673400879 33.2098503112793 33.1942863464355 33.2045135498047 33.1487655639648 33.0944862365723 32.9277420043945 32.7125663757324 32.2267913818359 31.8878421783447 31.8619632720947 32.0788764953613 32.4678421020508
28.1362934112549 28.3896369934082 28.2803707122803 28.2363243103027 27.3670310974121 28.135498046875 27.2069568634033 25.9808311462402 25.3956336975098 25.7826824188232 25.481201171875 26.1509857177734 26.9282646179199 28.7493782043457 29.072883605957 28.7400093078613 30.7899208068848 31.7006645202637 32.4041481018066 32.8543090820312 33.114818572998 33.1794204711914 33.1410865783691 33.0731048583984 32.8874092102051 33.1648788452148 33.2903060913086 33.1982688903809 32.8686408996582 32.2945594787598 32.3821411132812 32.9233055114746 33.1272315979004 32.7168579101562 33.0637130737305 33.1772613525391 33.1690368652344 33.1468887329102 33.1195793151855 33.0332565307617 32.7770690917969 32.0964469909668 32.4180679321289 32.4681396484375 32.396053314209 32.3412971496582
27.4762878417969 27.7704963684082 27.6157245635986 27.8787403106689 27.9633502960205 27.9647178649902 27.6019916534424 26.5104236602783 26.6018085479736 26.7000598907471 25.7146301269531 25.5391159057617 26.4734764099121 28.6646461486816 29.1931304931641 29.7189826965332 29.8008689880371 30.62473487854 32.3633155822754 32.9148025512695 33.1000480651855 33.0713233947754 32.948860168457 32.9181976318359 33.0716438293457 33.156063079834 33.1451568603516 32.8030128479004 31.9563255310059 32.1306076049805 32.4361953735352 33.1725997924805 32.939453125 32.4345054626465 33.0690574645996 33.0170593261719 33.0535354614258 33.1158294677734 33.0410766601562 32.7960815429688 32.269603729248 31.1063556671143 30.8780918121338 31.8630294799805 32.2091445922852 32.4907646179199
28.1517543792725 27.6808795928955 27.5230731964111 27.6853580474854 27.818058013916 27.7304420471191 27.2865333557129 26.9132804870605 27.4792518615723 26.7995796203613 26.6617908477783 26.6529636383057 27.4392395019531 28.5680236816406 28.7446594238281 29.4842014312744 30.4554424285889 31.5555782318115 32.4278526306152 32.821044921875 33.1353797912598 33.128791809082 32.6925315856934 32.4466857910156 32.6691513061523 32.5542106628418 32.6625709533691 32.8299827575684 32.7447891235352 32.7440376281738 33.031379699707 33.2868881225586 32.7347984313965 32.6695518493652 33.2018089294434 32.7550506591797 32.8917007446289 32.8671073913574 32.9476890563965 32.6887321472168 31.3850383758545 30.7080974578857 30.1637153625488 31.844482421875 32.3729934692383 32.2190971374512
28.5705375671387 27.3896160125732 27.3421287536621 27.451696395874 27.5867900848389 27.4496040344238 27.4689483642578 28.0068435668945 27.655158996582 26.9073066711426 28.0097789764404 28.4510765075684 28.6352672576904 28.0483341217041 28.0925540924072 29.1401233673096 30.4016227722168 31.6851539611816 31.7924327850342 32.5522270202637 32.9824981689453 33.0174026489258 32.6004104614258 32.3960266113281 31.6818046569824 32.2159652709961 32.7049560546875 32.8592987060547 33.0876083374023 33.1107749938965 33.276912689209 33.2374687194824 33.2202224731445 33.259147644043 33.2318000793457 33.021900177002 32.1791610717773 32.7406959533691 32.9260368347168 32.8940544128418 32.8635177612305 31.7207260131836 31.5862102508545 32.7991333007812 33.0609703063965 33.0431632995605
28.6273899078369 27.6510753631592 27.3138484954834 27.2409267425537 27.4472560882568 27.2624282836914 27.9235305786133 29.5083389282227 28.6662101745605 27.9992828369141 29.7847633361816 30.4243488311768 30.0766315460205 28.1804637908936 28.6005573272705 28.7289066314697 30.6330413818359 30.7175064086914 30.6160755157471 31.5038509368896 32.5801658630371 32.8082084655762 32.5279541015625 32.5381202697754 32.4356269836426 32.1407699584961 32.226505279541 32.3776435852051 33.0221481323242 33.0051307678223 33.0866889953613 32.9277725219727 33.1248931884766 33.2731552124023 33.0264701843262 33.0178604125977 32.4221420288086 32.551929473877 32.8134918212891 32.6789817810059 33.0638999938965 33.0792198181152 33.0036354064941 33.0545349121094 33.1660346984863 33.0586853027344
28.3535251617432 27.7097969055176 27.5012550354004 27.6791133880615 27.6133232116699 27.7034492492676 28.1184844970703 30.1626777648926 30.3329620361328 29.0571327209473 30.9145488739014 31.8232498168945 31.1586151123047 30.0083541870117 29.959020614624 30.5659027099609 31.2345561981201 31.6948509216309 32.0144424438477 32.3191146850586 32.5323295593262 32.3058242797852 31.0726432800293 31.3578929901123 31.8707141876221 31.5351543426514 31.75266456604 32.5564994812012 32.9168968200684 33.1167297363281 32.1417007446289 32.1388702392578 32.9034614562988 33.189998626709 32.7687797546387 32.8025817871094 32.0875930786133 32.5777854919434 32.7764549255371 32.6576385498047 33.0867233276367 33.1760330200195 33.2108459472656 33.2206230163574 33.1817779541016 32.9009552001953
28.3809566497803 27.9847545623779 27.9404354095459 28.0878162384033 28.2740211486816 28.4052963256836 29.1902656555176 30.8273162841797 30.7116470336914 30.2577362060547 31.5594272613525 32.6127777099609 31.8569011688232 30.7922382354736 30.294792175293 31.9483814239502 32.3064994812012 32.5202713012695 32.7272872924805 32.7682952880859 32.391170501709 32.1642456054688 32.280933380127 31.783727645874 32.1121940612793 32.5609703063965 32.7754211425781 32.8626136779785 33.069091796875 33.0184860229492 31.5348682403564 32.2214851379395 33.0105400085449 32.9544715881348 32.5759429931641 32.5459251403809 32.4135437011719 32.8942756652832 32.9337959289551 32.954647064209 32.9364624023438 33.0977554321289 33.1539726257324 33.1754570007324 33.1198997497559 33.081844329834
28.342041015625 28.0512313842773 28.582971572876 29.3178482055664 29.4235725402832 29.8685092926025 30.8942108154297 31.461296081543 30.8914966583252 31.2417125701904 32.5530090332031 33.0303726196289 32.5325317382812 31.5849361419678 30.8825130462646 31.8996696472168 31.9171714782715 32.2156562805176 32.9234504699707 33.1268730163574 32.8554840087891 32.556884765625 32.8878746032715 32.7245597839355 32.61962890625 33.0654182434082 32.9864883422852 32.925853729248 33.1770858764648 32.9829025268555 32.4211730957031 32.8729476928711 33.0491676330566 32.7838516235352 31.9339637756348 31.9042663574219 32.2203788757324 32.9013557434082 32.6471672058105 32.6405181884766 32.6675987243652 32.9458961486816 32.9406890869141 33.0086326599121 32.8867835998535 33.0135726928711
28.3947811126709 28.5763874053955 29.6814937591553 30.3924045562744 31.0504493713379 31.932279586792 32.5233192443848 31.8623504638672 30.0698528289795 30.6546764373779 32.0537719726562 33.0649375915527 32.6691665649414 32.3711433410645 31.5374317169189 32.4836311340332 32.6435623168945 32.082649230957 32.8297157287598 33.1683044433594 33.126537322998 32.737907409668 33.0655822753906 33.1766624450684 33.0494842529297 33.1416702270508 32.9845848083496 32.2956237792969 33.0538940429688 33.1991996765137 33.1288452148438 33.0431213378906 32.7656326293945 32.4663467407227 31.6984252929688 31.7583808898926 32.4734840393066 32.4267654418945 32.3070449829102 32.1461601257324 32.2880783081055 32.581127166748 32.4132118225098 32.7545051574707 32.3409461975098 32.7023506164551
