inst/extdata/Tmax/Tmax99.asc
NCOLS 100 
NROWS 79 
XLLCORNER 148.06 
YLLCORNER -21.49 
CELLSIZE 0.01 
NODATA_value -3.4e+38 
[rows 20 to 39 of 79, columns 0 to 45 of 100]
38.151283264160199 38.2248229980469 38.2443199157715 38.2324104309082 38.2807693481445 38.4418792724609 38.3754768371582 38.3205947875977 38.2725944519043 38.1921730041504 38.0113410949707 37.5701675415039 37.072093963623 36.3440742492676 34.8293037414551 34.3533973693848 34.2963905334473 35.4614715576172 36.7089614868164 37.2383918762207 37.280818939209 37.3194770812988 37.7356414794922 37.7882232666016 37.6323928833008 37.3210334777832 36.637622833252 35.5803489685059 36.227424621582 36.324592590332 37.0501365661621 37.0858421325684 37.2698707580566 37.2489013671875 37.2202796936035 36.9550552368164 36.5175895690918 36.5389137268066 36.0119857788086 36.3262901306152 36.0898056030273 35.2681274414062 35.5481033325195 35.6255531311035 35.7841567993164 35.8366928100586
38.2321395874023 38.3336486816406 38.3672409057617 38.3536376953125 38.3873405456543 38.4137382507324 38.2842102050781 38.2232894897461 38.2245216369629 38.1780662536621 38.0621948242188 37.8861961364746 37.6447486877441 36.5721435546875 34.8431777954102 34.4908676147461 34.7972259521484 35.7784576416016 36.3926658630371 36.8545875549316 37.0247650146484 36.945686340332 37.588306427002 37.7705116271973 37.5663299560547 37.6053237915039 37.5925483703613 36.7205467224121 36.5587882995605 37.186206817627 37.344310760498 37.2378425598145 36.8725662231445 36.1879806518555 36.2283363342285 36.2200126647949 36.764762878418 35.9641799926758 35.5181274414062 35.8999404907227 35.4663200378418 35.5848655700684 35.2770843505859 34.2327461242676 34.6284942626953 35.4385261535645
38.3008842468262 38.3863792419434 38.4162101745605 38.4269638061523 38.434928894043 38.422550201416 38.2453842163086 38.1311378479004 38.0975379943848 38.0891418457031 37.9837455749512 37.9287948608398 37.7536544799805 37.0661239624023 35.7838592529297 34.8291816711426 34.1007118225098 34.7002868652344 35.3931770324707 36.3640823364258 36.5184516906738 36.6837310791016 37.4624252319336 37.2336921691895 36.7705307006836 37.2209167480469 37.327564239502 37.4389152526855 37.1282234191895 37.1933555603027 36.9028167724609 36.7021179199219 36.0570678710938 35.6879386901855 35.4355506896973 35.7068481445312 35.6445388793945 35.0082054138184 34.9921493530273 34.9147872924805 34.570915222168 33.7097625732422 34.6435279846191 34.3214416503906 33.184986114502 34.8675575256348
38.2843475341797 38.350715637207 38.3917350769043 38.4098167419434 38.3914070129395 38.4079513549805 38.3483200073242 38.0370292663574 37.9421234130859 37.9933090209961 37.8126678466797 37.6211395263672 37.7671279907227 37.3522644042969 36.4549942016602 35.5578804016113 34.6137237548828 34.2863235473633 35.0171356201172 35.4074020385742 36.0672645568848 37.2640342712402 36.9936485290527 36.300163269043 36.4951934814453 36.6880989074707 36.3487701416016 37.4775543212891 37.5256385803223 37.3824119567871 37.1348762512207 35.8767204284668 35.5100746154785 35.765323638916 36.1766357421875 35.657642364502 34.602180480957 33.9848213195801 34.8509063720703 34.273021697998 33.4426422119141 31.7970943450928 32.7836837768555 34.1918029785156 32.0945091247559 33.669563293457
38.2219581604004 38.3194885253906 38.3751411437988 38.365104675293 38.3476867675781 38.3764305114746 38.402400970459 38.2267837524414 38.0507125854492 37.8805274963379 37.7879409790039 37.7680282592773 37.5929298400879 37.2224502563477 36.3574676513672 35.5682754516602 34.7191047668457 34.3052024841309 34.5639801025391 34.585132598877 36.0198516845703 37.0195388793945 35.7486038208008 35.1364784240723 36.1141242980957 36.1089019775391 36.347599029541 37.2328224182129 37.5362396240234 37.1105651855469 37.064453125 36.810676574707 36.7965698242188 36.8823928833008 36.5202522277832 36.1804428100586 35.7264633178711 34.4430198669434 34.1995620727539 33.9152946472168 31.9185123443604 31.2601642608643 31.7965621948242 33.9706039428711 31.677755355835 32.125659942627
38.1696701049805 38.2231025695801 38.2557411193848 38.2533721923828 38.2921257019043 38.3280410766602 38.3831481933594 38.3587684631348 38.2113380432129 37.9579887390137 37.7611083984375 37.6278953552246 37.4805679321289 36.9756507873535 36.4758644104004 35.8487091064453 35.1525115966797 34.7724876403809 35.3239326477051 36.1683578491211 36.1743621826172 36.0831489562988 35.5350112915039 34.0640525817871 34.6862144470215 35.6157379150391 35.8147468566895 37.2743492126465 37.5099678039551 37.1082153320312 36.1049308776855 36.8369026184082 36.6997146606445 36.5710983276367 36.2729110717773 35.9201889038086 35.7956924438477 34.0874214172363 32.6062774658203 33.1013603210449 31.4330348968506 32.4338645935059 32.8656387329102 33.9637222290039 32.7886199951172 31.5411529541016
38.0420379638672 38.1032104492188 38.1312561035156 38.1698799133301 38.1908912658691 38.2185020446777 38.3466529846191 38.3757476806641 38.2455444335938 37.7898941040039 37.6932411193848 37.4092254638672 37.4297027587891 37.0165481567383 36.1644821166992 34.9392051696777 34.5195846557617 34.7651252746582 35.3425521850586 35.2566223144531 35.5006408691406 36.5723114013672 36.4243431091309 34.6709976196289 34.2156066894531 35.3327331542969 36.2942390441895 37.3426895141602 37.4579887390137 37.2227554321289 36.265796661377 35.8363494873047 36.7660217285156 36.1601715087891 35.6645317077637 34.715389251709 34.4017601013184 34.5537223815918 33.3299407958984 31.8213653564453 31.3641929626465 31.7588844299316 31.6590766906738 32.9085388183594 31.8185710906982 31.0706367492676
37.8742141723633 37.9280624389648 37.9848976135254 38.0678939819336 38.1201362609863 38.2138061523438 38.3459625244141 38.3673210144043 38.3105049133301 38.1139526367188 37.8599319458008 37.5767593383789 37.4622497558594 37.2561645507812 36.2035064697266 34.894458770752 34.5386695861816 34.5012359619141 34.6753692626953 34.6715507507324 36.0299530029297 36.8038215637207 36.1921539306641 35.2036056518555 34.557788848877 34.8535995483398 35.0177154541016 36.8803062438965 37.3119125366211 37.1929740905762 36.2800216674805 36.198657989502 36.5607032775879 35.712532043457 34.9193649291992 34.2701034545898 33.217529296875 34.0787544250488 33.9052925109863 31.7775039672852 31.2746696472168 31.5202178955078 31.4342269897461 32.155632019043 31.4728412628174 31.1331920623779
37.2837066650391 37.2619934082031 37.5917854309082 37.9752388000488 38.1535530090332 38.2734909057617 38.3385467529297 38.349292755127 38.2255020141602 38.1242561340332 37.9575538635254 37.3592872619629 37.4937019348145 37.3417358398438 36.7628593444824 35.3693618774414 34.5460166931152 33.9692840576172 34.3591957092285 35.4189720153809 36.0387954711914 36.4849243164062 35.4871215820312 34.6568183898926 34.4618453979492 34.6565780639648 35.1882667541504 36.2694511413574 37.1805839538574 37.2728843688965 36.6888160705566 36.3989562988281 35.9127082824707 34.7260322570801 33.3754348754883 32.8998603820801 32.5381507873535 32.799690246582 33.0026626586914 32.5491790771484 31.9443492889404 32.1167182922363 31.8079223632812 31.5657329559326 31.5965976715088 31.5350189208984
36.2642478942871 37.2826881408691 37.6834754943848 37.4040031433105 38.0739593505859 38.2725219726562 38.3261528015137 38.3353309631348 38.121826171875 37.9736518859863 37.9877967834473 37.7019844055176 37.4467697143555 37.3148155212402 37.0414962768555 36.4622688293457 35.8360710144043 34.2511100769043 34.6491775512695 34.7643623352051 34.9665031433105 36.0989227294922 35.6194114685059 34.6876983642578 34.4664192199707 34.2403450012207 34.2268028259277 36.1987762451172 37.2070579528809 37.3168182373047 36.3798179626465 35.2557182312012 34.9100799560547 34.5149002075195 34.2199630737305 33.0471038818359 32.9887847900391 32.5209350585938 32.0470657348633 32.3687324523926 34.5211791992188 34.6377830505371 33.319507598877 31.6327323913574 32.8952980041504 33.0414276123047
36.5934143066406 37.6311912536621 37.6821365356445 37.0884437561035 38.0110168457031 38.2480392456055 38.3302230834961 38.3334045410156 38.2893867492676 38.0478553771973 37.9468383789062 37.8915061950684 37.7070083618164 37.4873695373535 37.1672058105469 36.5085487365723 35.5662994384766 35.0610656738281 34.5454216003418 34.8664512634277 34.9784202575684 35.5194091796875 34.822380065918 34.6409873962402 34.303352355957 33.5789756774902 33.9342041015625 36.0521125793457 37.0616874694824 37.1350479125977 37.1364860534668 36.9563751220703 35.6652526855469 34.5658149719238 34.5050086975098 33.9524993896484 34.1343269348145 33.9264030456543 33.4442710876465 34.0409088134766 35.8092269897461 35.898681640625 35.4129867553711 34.7588577270508 34.6357536315918 33.9541893005371
37.4545478820801 37.7925071716309 37.8855056762695 37.9066467285156 38.0284690856934 38.2231216430664 38.2831611633301 38.3010940551758 38.2707557678223 38.2098426818848 38.0200691223145 37.9726486206055 37.8810691833496 37.6642189025879 37.3744277954102 36.8293037414551 35.8627548217773 35.3858985900879 34.5864791870117 34.4773979187012 34.5791511535645 35.1176300048828 34.6977653503418 34.4140129089355 34.359546661377 34.4131050109863 35.3793754577637 36.652774810791 37.1138801574707 36.537956237793 36.4581298828125 36.4895172119141 36.7546806335449 36.1864128112793 35.884105682373 35.0029907226562 36.2368583679199 36.0784339904785 36.061824798584 36.0967712402344 35.8446960449219 34.8054542541504 33.7000961303711 33.3314552307129 33.1880683898926 32.3275032043457
37.1301574707031 37.9866943359375 38.0736312866211 38.1127853393555 38.129825592041 38.1617431640625 38.1551132202148 38.2311325073242 38.2453079223633 38.2468528747559 38.2133598327637 38.0886383056641 37.8980941772461 37.733081817627 37.5314598083496 37.2629814147949 36.7303352355957 35.9648742675781 35.1113586425781 34.3069343566895 34.3582611083984 34.9058799743652 34.7808876037598 34.4716186523438 34.323429107666 34.5276679992676 36.2214889526367 37.069278717041 37.1698036193848 36.983570098877 36.4245529174805 35.735954284668 36.5731239318848 36.7195625305176 36.7838859558105 36.1869316101074 36.6836051940918 36.3562850952148 36.2186889648438 36.0423965454102 34.6577529907227 33.0107383728027 31.5188789367676 31.9437885284424 31.8588008880615 30.7029666900635
36.9508247375488 37.703125 37.5100860595703 37.3916397094727 37.5701675415039 38.0345764160156 38.06103515625 38.1097679138184 38.1487007141113 38.1551132202148 38.1384086608887 38.1308174133301 38.0216331481934 37.8642921447754 37.7055892944336 37.4645347595215 36.9829521179199 36.5095329284668 36.2117958068848 35.4957008361816 34.4139060974121 34.70654296875 34.4642372131348 34.5671997070312 34.443603515625 34.430290222168 35.6844940185547 36.9964790344238 37.1111145019531 36.7575378417969 36.6173515319824 35.3913726806641 35.7515525817871 36.0656700134277 36.4331207275391 36.5948944091797 36.4457778930664 36.2643699645996 35.8293724060059 35.910343170166 35.5489273071289 34.1097145080566 33.1708908081055 33.8345947265625 33.3320960998535 31.997688293457
37.3259773254395 37.6725311279297 37.2194557189941 36.472583770752 36.6175003051758 37.7376098632812 38.0068969726562 37.9888610839844 38.0299224853516 38.0703926086426 37.9997177124023 38.075756072998 38.0404243469238 37.9334754943848 37.7806015014648 37.5804100036621 37.2429962158203 36.4777908325195 36.0223503112793 35.5041389465332 34.7341270446777 34.6515197753906 34.4559173583984 34.2261390686035 34.2055435180664 34.6691932678223 36.0129165649414 36.9407234191895 36.3730812072754 36.1338806152344 36.2795944213867 35.8814163208008 35.5243873596191 35.1540985107422 34.8567733764648 35.4509925842285 35.244499206543 35.6476669311523 35.5702857971191 35.3505363464355 35.0583915710449 35.4544410705566 35.1749000549316 34.817310333252 34.1274719238281 33.5796432495117
37.4657249450684 37.6022262573242 37.394660949707 37.0554084777832 36.7260894775391 37.3898162841797 37.7685928344727 37.8184547424316 37.8961639404297 37.9890174865723 37.9983787536621 38.0724716186523 38.0231475830078 37.976188659668 37.818042755127 37.5852432250977 37.330810546875 37.0932540893555 36.6461181640625 35.902759552002 35.4728965759277 35.1888465881348 34.6107940673828 33.8770446777344 34.0822563171387 34.3912315368652 36.098876953125 36.7319030761719 34.5446014404297 34.0856666564941 34.8576622009277 35.1340484619141 35.099193572998 34.8619346618652 34.3069343566895 34.0218505859375 34.6649971008301 34.4918518066406 34.4704055786133 34.4281883239746 34.1321563720703 33.794261932373 34.1019287109375 34.6771774291992 33.9522514343262 32.6350173950195
37.2926788330078 37.3519744873047 37.3986053466797 37.1006240844727 36.7974967956543 37.0381278991699 37.3153190612793 37.5687980651855 37.7219047546387 37.8901100158691 37.8905181884766 37.9085083007812 38.0336570739746 37.9748840332031 37.8554801940918 37.5564880371094 37.556568145752 37.3928260803223 37.1202583312988 36.6886253356934 36.5362548828125 35.6205062866211 34.9375190734863 34.4029197692871 34.4167251586914 34.8865623474121 36.1208305358887 36.016918182373 35.6876068115234 35.5813865661621 34.6902694702148 34.6306076049805 34.4231262207031 34.2700958251953 33.4321060180664 32.9664611816406 33.234016418457 33.1848907470703 33.4792060852051 33.2560997009277 33.2568702697754 32.1841506958008 33.0369606018066 34.0670394897461 33.8004188537598 32.0804824829102
36.6470947265625 37.0523986816406 37.3127403259277 37.2118225097656 37.0000457763672 36.869873046875 36.8743019104004 37.3340950012207 37.4900016784668 37.7198028564453 37.8410110473633 37.8606567382812 37.9548416137695 37.9970474243164 37.8067245483398 37.7057647705078 37.6424674987793 37.522159576416 37.3537101745605 37.1346702575684 36.9113082885742 36.0830421447754 34.7525596618652 34.8751792907715 34.0792465209961 34.781494140625 35.9377174377441 35.2871398925781 35.529369354248 36.1016120910645 35.9802017211914 35.8076477050781 35.0280990600586 34.5368957519531 32.692024230957 31.2058486938477 31.271505355835 31.1542148590088 31.1223735809326 31.6922225952148 31.9012966156006 32.1521263122559 32.3880767822266 33.4434471130371 33.287670135498 32.8333511352539
36.7734031677246 36.9051513671875 37.078296661377 37.0718154907227 37.0516090393066 36.710277557373 36.4744300842285 36.1886825561523 36.9873390197754 37.6041679382324 37.7872695922852 37.8601531982422 37.9770622253418 37.9955635070801 37.6527061462402 37.1912689208984 37.2436294555664 37.3268356323242 37.4031982421875 37.2780609130859 37.1268043518066 36.655445098877 35.3532943725586 35.734546661377 34.6137886047363 34.6245536804199 34.8224716186523 35.2108459472656 33.9900245666504 34.7947158813477 34.3717079162598 34.5218315124512 36.0234107971191 35.5283470153809 34.3996849060059 31.769172668457 30.7017650604248 30.7209072113037 29.9408721923828 30.4691486358643 31.2383975982666 31.2458381652832 31.3539581298828 32.9950408935547 32.4832992553711 31.8641586303711
36.8480529785156 36.778938293457 36.8588752746582 36.649471282959 36.9072418212891 36.826416015625 36.577766418457 36.2897033691406 36.5406150817871 37.2888526916504 37.6087226867676 37.8593864440918 37.9339904785156 37.9153671264648 37.8660583496094 37.4012413024902 36.9682769775391 36.7453765869141 37.0901718139648 37.2605895996094 37.1123542785645 36.9563179016113 36.5872192382812 35.9151268005371 34.6603851318359 34.424201965332 34.3910713195801 34.5113258361816 34.5894203186035 33.976619720459 33.3158493041992 34.2508010864258 35.6966896057129 34.8293304443359 35.1069679260254 34.4782981872559 33.9778327941895 33.8353996276855 32.6798362731934 31.3744144439697 32.2426681518555 31.8846054077148 32.3575782775879 32.5938835144043 32.2487716674805 31.7022666931152
