inst/extdata/Tmax/Tmax25.asc
NCOLS 100 
NROWS 79 
XLLCORNER 148.06 
YLLCORNER -21.49 
CELLSIZE 0.01 
NODATA_value -3.4e+38 
[rows 20 to 39 of 79, columns 0 to 45 of 100]
31.352388381958001 31.8463478088379 32.0319747924805 31.7595539093018 31.9483394622803 32.7676963806152 32.3037071228027 32.5920677185059 31.4294319152832 31.3541698455811 32.4442100524902 32.0750961303711 31.0432910919189 29.3216934204102 28.3181571960449 27.5863227844238 27.2474098205566 28.4596271514893 29.2917804718018 30.043924331665 30.1520042419434 30.6076335906982 30.6863880157471 31.0074310302734 30.9703617095947 30.7637310028076 29.8060626983643 28.0711212158203 28.9294147491455 28.7200107574463 29.694845199585 29.9658184051514 29.9626045227051 30.0186519622803 29.7519798278809 29.4993286132812 29.3864097595215 29.1299343109131 28.3625640869141 28.5642051696777 28.4027061462402 27.6925010681152 28.36061668396 28.1194438934326 26.6272678375244 26.7590942382812
32.0980529785156 32.3724555969238 32.3763427734375 31.998176574707 31.9269962310791 31.8364791870117 31.4378089904785 32.23095703125 32.481273651123 32.7423858642578 32.4329986572266 32.4553375244141 31.9757633209229 29.5732517242432 28.2442207336426 28.0763874053955 28.1678562164307 28.645450592041 29.0480556488037 30.0282039642334 30.6628704071045 31.2550754547119 30.2455997467041 30.7016372680664 30.6782360076904 30.357400894165 30.0699863433838 28.7360744476318 28.8391666412354 29.6232643127441 30.0072040557861 29.7713375091553 29.795431137085 28.7379093170166 28.4194889068604 28.6294689178467 29.4269466400146 27.7847309112549 27.4626407623291 27.6559104919434 26.9636669158936 27.5015430450439 27.7520065307617 25.6695079803467 25.506856918335 26.0510921478271
32.364631652832 32.6141052246094 32.419563293457 31.7275810241699 32.9592208862305 32.0506210327148 32.3251762390137 32.0173873901367 32.722110748291 31.9089698791504 33.0150299072266 32.6330146789551 32.4495964050293 31.5979518890381 30.9409046173096 29.3162937164307 27.7575836181641 28.2375164031982 28.5379505157471 30.3706455230713 31.2045726776123 30.322359085083 30.2134990692139 29.7752704620361 29.3861980438232 30.1096687316895 29.9890251159668 29.60036277771 29.5859470367432 29.5723934173584 29.263069152832 28.8366241455078 28.4637298583984 28.0235443115234 27.3933792114258 28.1319103240967 28.2011623382568 27.1664409637451 27.1697673797607 27.1604404449463 25.8878326416016 25.8965454101562 26.2726516723633 27.0028114318848 21.675407409668 25.9492626190186
32.5037384033203 32.9440727233887 33.4464836120605 31.730806350708 31.6595764160156 32.5117416381836 31.5830821990967 32.5873069763184 32.7958183288574 31.8881702423096 32.4667167663574 32.3665046691895 32.5626564025879 31.6768817901611 29.9358196258545 29.1119480133057 28.0644779205322 28.4273738861084 28.9817543029785 29.9051971435547 30.2976684570312 30.6474494934082 29.917631149292 28.7248363494873 29.1719398498535 29.2454128265381 29.2803077697754 29.9075317382812 30.1816959381104 29.9503612518311 29.6318588256836 28.8623714447021 28.2819194793701 28.382251739502 28.7638511657715 28.534875869751 26.5239105224609 26.2389183044434 26.5984840393066 26.9833736419678 25.6970195770264 25.6528301239014 25.1103096008301 23.2181186676025 24.9285564422607 24.8683090209961
32.7039680480957 32.571605682373 32.3804626464844 33.1013526916504 33.1950836181641 32.8732299804688 31.6369895935059 32.7263565063477 31.3140544891357 31.5604934692383 31.6088237762451 31.3599624633789 31.2068176269531 31.583517074585 30.170991897583 28.788480758667 28.1934242248535 28.119800567627 29.198823928833 29.3633480072021 30.4770908355713 30.5425891876221 28.137866973877 27.9671421051025 28.0822353363037 28.4307708740234 28.6488971710205 29.7298183441162 30.0219097137451 29.5094985961914 29.8997459411621 29.5086517333984 29.3904190063477 29.1813621520996 28.7174835205078 28.3710765838623 27.7938270568848 27.1618270874023 25.9760494232178 25.4301929473877 24.5053367614746 23.5942554473877 24.1967658996582 25.8265171051025 21.1231098175049 20.8672847747803
33.1616744995117 32.8709373474121 33.314884185791 32.6565284729004 33.1675567626953 33.0192413330078 32.8688011169434 32.6417617797852 32.4915351867676 31.1380805969238 32.1981010437012 31.5106658935547 30.7276878356934 30.9078483581543 30.9833869934082 30.8999423980713 29.7219200134277 29.5310535430908 30.0990409851074 30.6031398773193 29.9150810241699 28.3242301940918 27.8783264160156 26.8769607543945 27.5039119720459 28.2382564544678 28.2355918884277 28.828950881958 29.8027210235596 29.7159194946289 28.312328338623 29.0969505310059 28.9235725402832 28.9493865966797 28.5760650634766 28.3220462799072 27.7254314422607 26.8430709838867 24.6619434356689 25.1388053894043 23.835636138916 24.8176460266113 26.2829723358154 25.5734539031982 20.987434387207 20.3254508972168
31.2137832641602 32.4147987365723 33.4529418945312 33.211181640625 33.087703704834 32.9210739135742 32.7827682495117 32.7901039123535 32.5217514038086 31.3088607788086 30.8788013458252 31.0983219146729 30.9190273284912 30.6681327819824 30.8551826477051 30.0258750915527 29.2854042053223 29.3798065185547 30.1847400665283 30.0545520782471 29.7233409881592 29.8612422943115 28.7132358551025 27.5752983093262 27.0667362213135 27.6524753570557 28.7998695373535 29.8246917724609 29.2259864807129 29.4362621307373 28.8631343841553 28.706449508667 28.7760810852051 28.349271774292 28.3861103057861 27.7801933288574 26.488733291626 26.6839542388916 22.2268238067627 20.7437191009521 23.466724395752 20.959005355835 25.775728225708 21.9165287017822 24.3917636871338 20.1295833587646
31.4016723632812 31.0101261138916 32.1414108276367 32.993537902832 32.942928314209 32.8063583374023 32.9660797119141 33.0855178833008 32.693660736084 31.9827346801758 31.5488147735596 30.8777084350586 30.7127437591553 31.1158771514893 29.6638450622559 29.9912509918213 29.5803356170654 29.1305389404297 29.4350204467773 29.5047645568848 29.4006671905518 29.3850479125977 29.0048027038574 27.9270820617676 27.8682441711426 28.0705642700195 27.5379905700684 29.7274856567383 29.9986019134521 28.7235164642334 28.6494197845459 28.7124290466309 28.9190540313721 28.2165145874023 28.0275897979736 27.2918586730957 25.9329109191895 26.1501274108887 25.9013042449951 24.9588203430176 23.8292541503906 24.2474155426025 24.0646018981934 21.2933654785156 20.7496795654297 20.4268188476562
30.2752113342285 30.7145595550537 31.2568244934082 32.1161499023438 33.1314468383789 32.6039848327637 33.0138282775879 32.6567192077637 32.6799163818359 31.7215366363525 31.8281669616699 31.0874614715576 31.3487586975098 31.337553024292 31.1081295013428 29.1186904907227 29.2225856781006 29.0640506744385 29.3805828094482 30.187614440918 28.9171714782715 29.3500728607178 28.4913368225098 27.5902233123779 27.868236541748 28.1694641113281 28.0862140655518 28.6854286193848 29.242467880249 29.1005039215088 29.3188133239746 28.4068470001221 28.0470428466797 27.0583782196045 26.5629768371582 25.6719570159912 25.9935722351074 25.9863548278809 26.0916194915771 23.6557083129883 20.8222560882568 20.856050491333 24.2539501190186 20.6622505187988 20.8637943267822 20.7600059509277
29.3129863739014 29.871000289917 30.4241733551025 31.1751155853271 32.4911308288574 32.4855651855469 31.8190002441406 32.9894599914551 32.8081893920898 32.4694557189941 31.3545341491699 31.8079223632812 31.1802444458008 30.9095897674561 31.5137786865234 31.3439254760742 31.0103168487549 29.4066562652588 29.6226234436035 29.5881423950195 29.5081996917725 29.3685531616211 28.9733219146729 28.1087303161621 27.9144954681396 27.9630222320557 27.5108909606934 28.6619853973389 29.345142364502 28.7842140197754 29.605110168457 28.3103866577148 27.3037662506104 27.1996326446533 26.7140445709229 26.4733867645264 26.4348201751709 25.8842067718506 25.2903575897217 24.8588542938232 25.751443862915 25.713472366333 23.4140491485596 23.5975856781006 20.7823486328125 21.6255760192871
29.8000411987305 30.3124809265137 30.427188873291 31.2565975189209 31.4364719390869 31.2026405334473 31.384449005127 32.4290771484375 32.3914451599121 31.9280548095703 32.4171295166016 32.3335227966309 32.3879928588867 31.6001567840576 31.6668949127197 31.7356090545654 30.6372776031494 30.1512317657471 29.265453338623 29.5978527069092 29.4051189422607 28.7693653106689 28.6353530883789 28.2595043182373 27.7294635772705 27.1053161621094 27.462776184082 28.9230251312256 29.1095943450928 29.2438106536865 29.5134048461914 29.7028617858887 28.2757415771484 27.2473258972168 26.526159286499 27.3903274536133 26.9489459991455 26.280330657959 25.4999408721924 25.4382591247559 27.0281429290771 26.8593406677246 26.5381622314453 25.7603778839111 22.5276336669922 21.8990306854248
30.7297401428223 30.6082992553711 31.4703178405762 32.2993202209473 32.7769241333008 31.4672927856445 31.5302429199219 32.7934417724609 32.7534103393555 32.090950012207 32.5226402282715 32.1667594909668 32.1247978210449 31.7654781341553 30.8588542938232 31.2577419281006 29.1200561523438 27.864278793335 29.3232250213623 28.975830078125 28.9419536590576 29.0439929962158 28.5543251037598 28.3290939331055 27.9171676635742 27.9007415771484 28.151683807373 29.1679019927979 29.7501220703125 28.8534259796143 29.3285312652588 29.3246269226074 29.5581455230713 28.7726993560791 28.1402721405029 27.1542987823486 27.0124549865723 27.0905838012695 26.6569175720215 28.1502513885498 27.2053890228271 26.9555549621582 22.0305614471436 23.7049503326416 21.3065719604492 20.7181949615479
30.3122425079346 31.5662231445312 31.4167766571045 31.5113964080811 32.689868927002 31.8749332427979 32.4887886047363 32.1263084411621 32.6995658874512 31.6857948303223 32.6581497192383 32.1622428894043 32.1606140136719 31.5806198120117 31.1997833251953 30.7083835601807 30.7448215484619 29.1314029693604 28.0658702850342 28.5034160614014 28.5691394805908 29.033411026001 28.4258842468262 28.5459327697754 28.1845474243164 27.9706420898438 29.4633140563965 29.423807144165 29.25852394104 30.7137565612793 29.4616279602051 29.061466217041 30.0995101928711 29.9199066162109 29.1661014556885 28.5895614624023 28.1085014343262 28.1080436706543 27.6584644317627 27.8581886291504 27.268030166626 24.9720878601074 20.5018882751465 20.7700042724609 20.9589805603027 19.8097076416016
31.068696975708 31.1243667602539 31.7367286682129 30.71018409729 31.2314033508301 30.1258125305176 30.8241806030273 32.1493377685547 32.6576538085938 32.4551315307617 32.7567901611328 31.9814929962158 31.8356266021729 31.9061660766602 31.3136749267578 31.114875793457 31.5524673461914 31.123950958252 30.4317111968994 30.0918922424316 29.0120792388916 28.7211227416992 29.2650966644287 28.8990459442139 28.5282764434814 28.1236686706543 29.5265712738037 30.0853061676025 29.5894546508789 29.8016529083252 29.590747833252 28.6253185272217 28.2584381103516 28.1968154907227 28.5530948638916 28.7278823852539 28.7662944793701 29.2436695098877 28.8777389526367 28.9791927337646 27.3203868865967 22.9556846618652 21.556468963623 21.7118797302246 21.5696105957031 20.7498531341553
31.5411167144775 31.8836193084717 31.6938724517822 29.9803485870361 30.6569347381592 31.5737648010254 30.7637271881104 32.1812629699707 32.5522918701172 32.1849937438965 32.6342506408691 32.3283576965332 32.6620750427246 32.1822395324707 31.7863388061523 31.629753112793 31.3791179656982 31.1498966217041 30.7843132019043 29.8728160858154 28.5273628234863 29.590202331543 30.0233669281006 28.8866443634033 28.4562454223633 28.3074150085449 28.0101451873779 29.2040691375732 29.1188621520996 28.2183437347412 29.1550674438477 28.1494007110596 27.7773303985596 27.8545551300049 27.5961952209473 27.6997566223145 28.3619289398193 27.8244915008545 28.4797611236572 28.2614803314209 26.6254253387451 26.2762641906738 23.4851779937744 22.8855800628662 22.2662296295166 22.23752784729
31.2518348693848 32.5687713623047 31.6608753204346 30.8707981109619 29.3707942962646 31.5922145843506 32.947883605957 31.0795021057129 32.0554962158203 32.6401062011719 32.5266609191895 32.3603477478027 31.8584899902344 32.0071144104004 31.6702976226807 31.8566665649414 30.948392868042 30.5358829498291 30.5018692016602 30.0256652832031 29.0005416870117 29.6835422515869 28.9095268249512 27.6263332366943 27.9962577819824 27.5467662811279 28.7417545318604 27.8980770111084 27.973913192749 25.4224700927734 27.2128391265869 27.7370529174805 28.0425567626953 27.7336826324463 27.8165378570557 26.937084197998 27.0412616729736 27.4330368041992 28.3798713684082 27.7042655944824 22.8832759857178 22.6029033660889 22.3071689605713 22.7529850006104 22.5677318572998 21.561954498291
31.8624000549316 31.0000305175781 32.3142738342285 31.6256370544434 31.5236778259277 31.5079441070557 31.4972515106201 31.5578022003174 31.6983852386475 32.9936790466309 32.990161895752 32.4207725524902 32.284252166748 32.5432205200195 32.2995338439941 31.1941566467285 30.5697689056396 30.5286273956299 30.5442523956299 30.5791873931885 29.9199714660645 29.040376663208 28.0504188537598 27.8665199279785 28.1470985412598 28.7179985046387 29.1469306945801 28.2711238861084 27.9665279388428 26.0392932891846 25.9066200256348 24.9336357116699 26.4555072784424 27.8292999267578 27.8700332641602 26.0585136413574 25.9809761047363 25.6038932800293 25.3412418365479 21.8545513153076 21.8524150848389 21.2264709472656 21.6380805969238 22.4050788879395 22.4645309448242 21.071720123291
31.2932777404785 30.7409648895264 32.0126495361328 30.826904296875 31.0043201446533 31.0342922210693 29.8196449279785 30.5525283813477 31.5664386749268 31.8573589324951 32.5757598876953 32.597038269043 32.4626579284668 31.9510879516602 32.2985229492188 32.1898193359375 31.5052757263184 30.2229118347168 30.7488498687744 30.3074893951416 30.1543521881104 29.5376796722412 28.2419700622559 28.0598201751709 27.6038913726807 28.1676654815674 28.9678630828857 28.1443614959717 28.3012752532959 27.9226455688477 27.9147243499756 26.842435836792 26.5923252105713 25.3888359069824 21.5833930969238 20.5582237243652 20.6851711273193 20.4597721099854 20.394947052002 20.5678443908691 20.7320003509521 20.7964115142822 21.0525970458984 21.7605266571045 22.1079845428467 21.6893749237061
31.2618465423584 30.6249675750732 30.6419868469238 31.8480339050293 31.5316619873047 31.6875610351562 30.2733249664307 29.4432163238525 30.2810916900635 31.1209983825684 32.398738861084 32.7381896972656 32.6298866271973 32.4477653503418 31.4031047821045 31.041187286377 31.0324802398682 30.6271152496338 31.0608692169189 30.9384479522705 30.9225673675537 29.6820640563965 29.174633026123 28.7423725128174 27.9869937896729 28.7646884918213 28.4626712799072 28.5522003173828 27.0310478210449 27.8622283935547 27.1256217956543 26.909351348877 27.0170230865479 26.3857498168945 25.0499000549316 20.1382522583008 19.8533115386963 19.757984161377 19.6439743041992 20.1415710449219 20.6918926239014 22.1956520080566 20.7319030761719 21.6513366699219 21.1826362609863 21.1219139099121
30.8628711700439 30.3714580535889 31.6044273376465 31.5998573303223 31.8243808746338 30.94167137146 30.6275310516357 30.0031318664551 30.8693161010742 30.1635417938232 31.0641384124756 32.5276832580566 32.2372627258301 32.024959564209 31.3334712982178 31.6754188537598 30.0690383911133 30.3437671661377 30.691593170166 30.4712810516357 30.5674533843994 29.928955078125 30.0368671417236 29.5318126678467 28.5478553771973 28.5102710723877 28.1588363647461 28.0449409484863 28.5142288208008 27.6183776855469 26.6372051239014 25.5789241790771 27.3671989440918 27.6524620056152 27.6439514160156 25.2441577911377 22.4034004211426 21.9928092956543 21.0988178253174 20.2704982757568 20.9547595977783 20.9659061431885 20.9720840454102 21.375316619873 21.3124618530273 21.0300025939941
