inst/extdata/Tmax/Tmax108.asc
NCOLS 100 
NROWS 79 
XLLCORNER 148.06 
YLLCORNER -21.49 
CELLSIZE 0.01 
NODATA_value -3.4e+38 
[rows 0 to 19 of 79, columns 0 to 45 of 100]
34.493850708007798 34.1435852050781 33.1856346130371 33.5524978637695 33.6993179321289 34.134593963623 34.3607864379883 34.5743293762207 34.5627326965332 34.4086647033691 33.9399642944336 33.7556190490723 33.7026100158691 32.4485092163086 32.9847564697266 33.4566345214844 33.8954658508301 33.8974342346191 33.0696830749512 32.4026718139648 32.281307220459 31.3370895385742 31.8135261535645 33.193531036377 33.7699012756348 34.0715408325195 33.966495513916 34.0552368164062 33.748950958252 33.3815612792969 32.4745063781738 30.5260906219482 31.9035911560059 31.843448638916 30.6020889282227 29.4672603607178 29.3785934448242 29.0057334899902 29.8453407287598 31.8678760528564 33.5615005493164 33.8812942504883 34.7276763916016 35.1268043518066 35.3434295654297 35.5119209289551
34.3186187744141 33.785530090332 33.024299621582 33.1205749511719 32.5521850585938 33.4758110046387 34.0600051879883 34.4321632385254 34.6049308776855 34.5101127624512 34.1776924133301 33.8783111572266 34.0324630737305 33.6190185546875 33.4766883850098 33.3879013061523 33.8547859191895 33.9233589172363 32.8976135253906 32.3014831542969 32.887378692627 32.6520195007324 32.5654525756836 33.0664520263672 33.6000022888184 33.8296852111816 34.164924621582 34.1445503234863 33.9445877075195 33.7443084716797 32.8634300231934 31.3964939117432 32.6846961975098 32.2684898376465 31.5769500732422 30.5754375457764 30.1375770568848 30.5637359619141 31.7546539306641 33.0095138549805 34.6862602233887 35.1707305908203 35.3452987670898 35.3729438781738 35.4604644775391 35.5333786010742
34.301097869873 33.4715805053711 33.5968208312988 33.7315368652344 33.2702407836914 33.3932685852051 33.8124732971191 34.420783996582 34.6503028869629 34.535717010498 34.2572212219238 34.1518058776855 34.0878143310547 34.0628623962402 33.7716064453125 33.64501953125 33.9006958007812 34.1017799377441 33.515625 33.344066619873 33.2188835144043 32.9027824401855 32.6882209777832 32.8511390686035 33.7993087768555 34.1256713867188 33.9756965637207 33.9897384643555 34.0208129882812 33.7125053405762 33.8066101074219 32.7634086608887 33.0611991882324 31.751335144043 31.4546947479248 30.7994804382324 30.2764453887939 29.7924404144287 30.9338130950928 32.2755165100098 33.8363609313965 34.9895553588867 35.3834571838379 35.4867286682129 35.4940567016602 35.4716186523438
34.5464057922363 34.1805992126465 33.8404159545898 34.4911041259766 33.9572677612305 33.5215721130371 33.9188461303711 34.5186614990234 34.7344818115234 34.6188316345215 34.493350982666 34.4862022399902 34.4046401977539 34.2585029602051 33.820915222168 33.669246673584 34.0889091491699 34.1781730651855 33.969898223877 33.4948501586914 33.1790924072266 32.8059387207031 32.9234390258789 32.9166450500488 33.5911598205566 34.1041526794434 33.7311859130859 34.0648002624512 33.8941497802734 33.0152969360352 33.6641845703125 33.7815246582031 32.9882125854492 31.6529350280762 31.066198348999 30.153844833374 30.4836349487305 29.9757480621338 29.8804359436035 29.3829231262207 31.1065940856934 34.1159400939941 35.1883201599121 35.4641723632812 35.2143287658691 35.1314125061035
35.1488380432129 34.5579071044922 34.3103065490723 34.7491760253906 34.5032806396484 33.8273162841797 33.8695106506348 34.5594825744629 34.7352142333984 34.355396270752 34.393627166748 34.6548194885254 34.5498695373535 34.2749671936035 33.9089546203613 34.1121482849121 34.231388092041 33.9825553894043 33.5113792419434 32.7465362548828 32.9788627624512 33.1981353759766 33.3731803894043 33.6221046447754 33.6632423400879 33.3307266235352 34.1802635192871 33.7870864868164 33.6749725341797 33.1646118164062 33.5969543457031 33.4328460693359 33.1231155395508 32.0687866210938 31.5372257232666 31.9115715026855 31.6068172454834 31.0403347015381 30.4829845428467 29.71240234375 29.3624267578125 33.1461601257324 34.8588371276855 35.3573417663574 34.6253890991211 33.8572616577148
35.321533203125 35.0515670776367 34.3097839355469 34.7773361206055 34.8581085205078 34.4128341674805 34.1162910461426 34.6080932617188 34.7851409912109 34.4925308227539 34.4031753540039 34.7372283935547 34.5961303710938 34.3228378295898 33.6307716369629 34.2275047302246 34.1657752990723 33.7069320678711 33.1409492492676 32.7190437316895 32.8611717224121 33.178165435791 33.5584831237793 33.5916175842285 33.9552040100098 33.8690338134766 33.9893493652344 33.1793556213379 33.2091598510742 32.0493927001953 32.8932838439941 33.4653205871582 33.606819152832 33.2711715698242 32.9117050170898 32.8746643066406 31.9805603027344 31.4746532440186 31.1480751037598 30.2841854095459 29.7671508789062 32.6667442321777 34.7284965515137 35.3074531555176 34.7952766418457 32.5191879272461
35.5385284423828 35.2526359558105 34.8526573181152 35.041015625 34.9905052185059 34.586856842041 33.8933944702148 34.5016746520996 34.709228515625 34.8714599609375 34.8397216796875 34.7005500793457 34.2564582824707 34.4171485900879 34.4181098937988 34.2924308776855 34.1061172485352 33.5229873657227 33.3223991394043 33.0234565734863 32.4198036193848 32.6810722351074 33.2368812561035 33.7048797607422 34.1363792419434 34.0876922607422 34.1400451660156 33.5702209472656 33.2002182006836 31.9020042419434 31.9428653717041 32.1091995239258 33.214729309082 33.440299987793 32.9590721130371 32.8706283569336 32.2690086364746 30.7647933959961 31.0643787384033 30.6104164123535 30.4661273956299 32.4583702087402 34.4911994934082 35.0495796203613 34.8397674560547 33.0106544494629
35.5324249267578 35.4217643737793 35.1215171813965 35.1577072143555 35.1174011230469 34.8312683105469 34.199462890625 34.0678558349609 34.4113655090332 34.7904167175293 34.9336090087891 34.6386642456055 33.9146614074707 34.2005920410156 34.4960517883301 33.7557487487793 33.7301254272461 32.9200134277344 32.8722610473633 32.6473159790039 31.9418983459473 32.499828338623 33.0197296142578 33.6814346313477 34.2533836364746 34.3040504455566 33.8650512695312 33.3999900817871 33.2326354980469 32.4094085693359 30.9816417694092 31.3384838104248 31.7497177124023 32.4516105651855 32.9235191345215 32.279369354248 32.3989448547363 31.4464817047119 30.3691749572754 30.7211589813232 30.9923667907715 32.280345916748 33.4782600402832 34.658447265625 34.6385345458984 32.6263999938965
35.2920875549316 35.5376625061035 35.3708038330078 35.3214874267578 35.1803359985352 34.9132766723633 34.5212287902832 34.0175552368164 34.2133331298828 34.7844581604004 34.9628982543945 34.9376182556152 34.7357521057129 34.600227355957 34.2240257263184 33.4009628295898 33.6485786437988 33.4096755981445 33.5992965698242 32.6021842956543 32.6385383605957 32.5065460205078 32.6552467346191 33.4540519714355 34.1589508056641 34.4041786193848 33.3852424621582 32.4376640319824 32.5717391967773 32.5038528442383 31.8776435852051 31.2956390380859 30.8521499633789 31.4020347595215 32.4590530395508 31.8079681396484 31.5814609527588 31.5614891052246 30.5419540405273 30.2188854217529 30.4986343383789 30.6446304321289 31.7023754119873 33.5493278503418 34.1172142028809 32.7353706359863
34.9802742004395 35.4391860961914 35.5278930664062 35.375171661377 35.1512413024902 35.0225982666016 34.8071174621582 34.305061340332 33.9501495361328 34.7021369934082 34.9687919616699 34.5314865112305 33.7526512145996 33.860294342041 34.0146751403809 34.0228958129883 34.0931816101074 33.9661254882812 33.7655487060547 33.4484748840332 33.1162338256836 32.4394721984863 32.8499526977539 33.8333511352539 34.3855667114258 34.3048706054688 33.5302543640137 33.3912887573242 32.8504028320312 32.3066444396973 30.9492626190186 30.5594215393066 31.7889823913574 31.6666450500488 31.4693832397461 31.2418174743652 31.0343246459961 31.3975696563721 30.8234882354736 30.0284214019775 30.0992088317871 29.5127487182617 30.4993305206299 31.8469181060791 32.2442054748535 31.56471824646
34.628532409668 34.9775772094727 35.5516586303711 35.4491157531738 35.3058433532715 35.2178077697754 35.0112152099609 34.6052436828613 34.5927085876465 34.8561096191406 35.0201606750488 34.6070022583008 34.2451667785645 33.4344825744629 33.658805847168 34.0240211486816 34.2009239196777 34.4687118530273 33.9896011352539 33.7992973327637 33.3782768249512 32.9978256225586 33.1181602478027 33.8023300170898 34.3400917053223 34.2689781188965 33.5033226013184 32.6922302246094 31.6014080047607 31.6341457366943 31.2656364440918 31.2399787902832 32.2389221191406 31.9855804443359 31.0127754211426 30.7627639770508 31.3292446136475 31.0422592163086 30.6504688262939 30.0714950561523 30.1674938201904 29.9108486175537 29.5682601928711 30.4136180877686 30.9378681182861 31.3286590576172
34.4526405334473 34.5291290283203 35.5187530517578 35.5240783691406 35.4342956542969 35.3008270263672 35.1169548034668 34.7511253356934 34.7995681762695 35.1293563842773 35.0755958557129 34.8655395507812 34.4651679992676 33.9281768798828 33.8388175964355 34.2252006530762 34.6167144775391 34.647762298584 34.3851470947266 33.8911247253418 33.3471908569336 33.0064506530762 33.228832244873 33.4396667480469 33.7283325195312 34.1563034057617 33.0640869140625 32.2047386169434 31.5575466156006 31.8608894348145 31.9722881317139 31.9157180786133 32.4258499145508 31.8589172363281 31.6112022399902 31.5462837219238 31.101375579834 30.4786758422852 31.1015663146973 31.3971824645996 30.9413928985596 30.4683799743652 29.9253368377686 30.460018157959 31.0928173065186 31.5837917327881
34.6251678466797 35.1847915649414 35.5016708374023 35.4634056091309 35.4819717407227 35.380802154541 35.2321281433105 34.820384979248 34.9225883483887 35.2735633850098 35.0588874816895 34.9885368347168 34.7557220458984 34.845817565918 34.7710456848145 34.7867584228516 34.833683013916 34.7841529846191 34.5633239746094 33.9976921081543 33.7217483520508 33.9480743408203 34.2897911071777 34.5983276367188 34.4666900634766 34.0151901245117 33.8138580322266 33.2986030578613 32.916316986084 32.742546081543 32.8530807495117 32.6553573608398 32.581974029541 31.9622840881348 31.3617286682129 30.8903312683105 30.3259525299072 31.6041221618652 31.9678230285645 31.9426116943359 30.4606685638428 30.4110279083252 29.91015625 29.6423473358154 31.146125793457 31.8256359100342
35.1389808654785 35.3789138793945 35.4615173339844 35.3772392272949 35.3999557495117 35.4601669311523 35.4032440185547 35.2750701904297 35.0504035949707 35.2097930908203 35.1823692321777 35.1107482910156 34.9743690490723 34.8673095703125 34.7641220092773 34.7128372192383 34.9132614135742 34.855396270752 34.7292251586914 34.6374092102051 34.5575637817383 34.5538749694824 34.3566284179688 34.531177520752 34.0584526062012 32.9297752380371 32.9002532958984 32.4742851257324 31.8832588195801 32.7994766235352 33.1555404663086 33.150318145752 32.3302230834961 32.0207901000977 31.9208869934082 31.8923492431641 31.9068965911865 31.5894355773926 32.3362159729004 32.7678298950195 32.2090835571289 31.7245998382568 31.0409030914307 30.462854385376 31.6998062133789 32.3107299804688
34.2965698242188 34.9355773925781 35.4271697998047 35.3566551208496 35.2254981994629 35.3418197631836 35.3026123046875 35.1222915649414 34.6641883850098 34.7231674194336 35.0990562438965 34.893180847168 34.3189125061035 34.5115966796875 34.722354888916 34.1210479736328 34.6476593017578 34.9033622741699 34.8829460144043 34.8632049560547 34.836540222168 34.4091110229492 33.712345123291 34.2018051147461 34.0437698364258 33.7700996398926 33.7155075073242 33.3736801147461 32.9948577880859 33.3321304321289 33.3189964294434 33.0589332580566 32.587345123291 32.9018363952637 32.8959503173828 31.8664703369141 32.5388031005859 31.6170749664307 32.018611907959 32.927734375 32.9423217773438 32.6815299987793 31.8626594543457 30.9630126953125 31.714183807373 32.6277389526367
33.3547401428223 34.4583358764648 35.2962226867676 35.4461784362793 35.3782157897949 35.3565979003906 35.2508239746094 35.1343803405762 34.9014320373535 34.3437805175781 33.9150047302246 34.7328834533691 33.8266220092773 33.4988784790039 34.4600563049316 34.0754737854004 34.0571556091309 34.6362915039062 34.7074203491211 34.7470512390137 34.796630859375 34.8073539733887 34.6870422363281 34.4547309875488 34.0101203918457 33.6087265014648 33.6586532592773 33.6356925964355 33.608081817627 33.4362487792969 33.2797927856445 32.8570976257324 32.5819053649902 33.346866607666 33.2448120117188 32.9758987426758 33.027214050293 32.4192428588867 32.0625648498535 32.8699111938477 33.1302070617676 32.4459381103516 31.0638790130615 29.8777980804443 30.40553855896 32.3856964111328
34.4368476867676 34.2619476318359 34.9143867492676 35.1277809143066 35.3824081420898 35.3549423217773 35.232780456543 35.0868606567383 34.9243659973145 34.6138687133789 33.9218597412109 34.3841285705566 33.2619857788086 33.008846282959 33.8228721618652 33.6761856079102 32.9492225646973 34.1533546447754 34.1858367919922 34.2028350830078 34.5342178344727 34.7551727294922 34.6826705932617 34.2362060546875 33.3299102783203 32.7272911071777 32.3313827514648 32.7480888366699 33.4046363830566 32.7997550964355 32.5973167419434 31.8014335632324 32.6259155273438 33.6108512878418 33.4406661987305 33.2606468200684 33.3538284301758 32.9084243774414 32.5344772338867 32.8943977355957 33.1611824035645 31.9380168914795 30.8816967010498 31.2646617889404 31.6948127746582 32.4004898071289
34.5709571838379 34.9534225463867 35.0522956848145 35.0747451782227 35.236743927002 35.3063011169434 35.2464027404785 35.1620788574219 34.9996032714844 34.5101127624512 34.0939445495605 33.6985168457031 33.2788314819336 32.9080657958984 33.4635162353516 33.3220024108887 33.3513870239258 33.1780548095703 32.920524597168 32.9108200073242 34.2280960083008 34.573616027832 34.5901679992676 34.5097618103027 33.8857498168945 32.6552352905273 31.1786842346191 32.109130859375 33.0295562744141 32.0299987792969 32.4802513122559 33.1614570617676 33.5274238586426 33.8723335266113 33.8133583068848 33.6294212341309 33.1366539001465 32.2568855285645 32.8002548217773 33.0952682495117 33.4931945800781 33.1382904052734 33.0179672241211 33.0336456298828 33.0195732116699 32.4305114746094
34.8466873168945 34.8354148864746 34.6898498535156 34.8073616027832 35.3030471801758 35.1969413757324 35.2220153808594 35.2126007080078 35.1202774047852 34.7483825683594 33.5774726867676 33.6776809692383 33.2335166931152 32.0832633972168 32.8492889404297 32.6197509765625 32.4481353759766 31.7560749053955 32.6215667724609 33.014289855957 34.228385925293 34.2973213195801 34.489200592041 34.6444320678711 33.7377281188965 32.6129112243652 31.4092979431152 32.2891120910645 32.9916915893555 32.4939270019531 33.0705070495605 33.5980224609375 34.0596923828125 34.1056327819824 33.658504486084 33.4100799560547 33.0513916015625 32.7957496643066 33.4165229797363 33.5517272949219 33.6361236572266 33.5803909301758 33.4911193847656 32.8131484985352 31.9254360198975 31.9238567352295
35.0045547485352 34.996021270752 34.9882736206055 34.8456420898438 35.321159362793 35.3277549743652 35.2715759277344 35.2193756103516 35.1542320251465 35.054557800293 34.7131652832031 33.9408378601074 33.0804252624512 31.8756561279297 32.2099876403809 32.1798133850098 31.737003326416 32.0447807312012 32.3085479736328 33.3742904663086 34.235725402832 33.820484161377 34.6270484924316 34.4976119995117 33.888542175293 33.6648101806641 32.5448989868164 32.7067947387695 33.1220169067383 32.9724960327148 33.6735153198242 33.679801940918 34.2031669616699 34.1649589538574 34.0399894714355 33.8100471496582 32.9338302612305 33.1587944030762 33.4858779907227 33.5203628540039 33.5981979370117 33.4779739379883 33.4424781799316 32.9189033508301 32.8772926330566 32.7755584716797
