inst/extdata/Tmax/Tmax46.asc
NCOLS 100 
NROWS 79 
XLLCORNER 148.06 
YLLCORNER -21.49 
CELLSIZE 0.01 
NODATA_value -3.4e+38 
[rows 20 to 39 of 79, columns 46 to 91 of 100]
25.1046123504639 23.1040267944336 22.8164119720459 24.3199520111084 23.9598197937012 23.5186138153076 22.4272155761719 21.218994140625 23.7735958099365 25.6586952209473 26.4397659301758 26.7277507781982 26.6089286804199 27.3625411987305 26.2608432769775 26.7542400360107 26.976245880127 27.4782447814941 28.7173671722412 28.5322799682617 30.3463439941406 32.4805679321289 33.559196472168 33.2183532714844 31.7055072784424 32.0681571960449 32.7771224975586 31.2431983947754 30.2765998840332 31.1364784240723 30.3313579559326 31.0403270721436 31.409496307373 32.2490158081055 31.9351100921631 30.4772605895996 29.8484325408936 29.6870403289795 31.0814743041992 32.405387878418 31.4095935821533 31.8774471282959 30.9551525115967 30.5181293487549 30.6274013519287 31.3464584350586
27.6323223114014 22.1808166503906 21.5184879302979 23.0663776397705 22.8050670623779 22.0306625366211 23.1374835968018 21.3914852142334 22.5296592712402 25.1125087738037 27.4027423858643 24.8201522827148 24.1880874633789 26.5690460205078 24.9145488739014 24.8786640167236 25.815013885498 27.5273933410645 27.3242511749268 27.9910926818848 30.5541400909424 32.897159576416 27.6127605438232 27.4106731414795 30.7773666381836 32.4056358337402 33.5931625366211 30.0769290924072 30.9167175292969 29.7808532714844 30.1380729675293 30.0789737701416 30.6359596252441 30.0615501403809 31.5786685943604 31.3354606628418 31.1957454681396 31.3945503234863 30.5358028411865 33.6898612976074 32.3902320861816 31.0943698883057 29.8465995788574 29.0899829864502 28.3462905883789 28.5917530059814
28.7080974578857 24.623462677002 22.8916187286377 22.4988975524902 21.5800724029541 22.798864364624 22.0107612609863 22.6294441223145 21.8298301696777 22.8498363494873 25.4473133087158 25.8905467987061 24.5319519042969 24.5914268493652 24.4023303985596 25.1079444885254 26.1035079956055 26.6824684143066 25.3522853851318 26.7096920013428 32.4687881469727 30.6879024505615 27.1926116943359 26.2721729278564 26.8840579986572 27.0309925079346 30.1460361480713 32.7528610229492 29.4626350402832 32.2830390930176 33.2176246643066 34.5425453186035 31.6814861297607 30.5460624694824 31.4307994842529 31.8769054412842 33.1812629699707 32.7663764953613 34.0177688598633 32.1761360168457 31.1270313262939 31.9391059875488 31.1192684173584 31.1838436126709 27.2654247283936 27.3962230682373
28.4808750152588 24.3357524871826 24.0078525543213 22.7927284240723 20.6007080078125 22.2092361450195 23.1261768341064 22.5794448852539 22.5015430450439 22.6507148742676 24.0047931671143 23.4061584472656 24.645336151123 23.5049629211426 27.9950485229492 29.6407508850098 25.562858581543 26.0206413269043 24.9176216125488 26.622163772583 31.2208557128906 29.7848243713379 28.2676734924316 25.4303588867188 26.4158248901367 27.0764846801758 27.3396549224854 31.4826641082764 30.9507884979248 29.4133853912354 30.6789875030518 30.8840236663818 31.3549938201904 30.9140758514404 30.8263206481934 30.9643669128418 31.7935047149658 32.9013023376465 33.1800003051758 33.1316833496094 32.6844787597656 32.1885452270508 30.7315464019775 30.9610042572021 29.307315826416 26.7619304656982
26.6496105194092 27.2355155944824 27.4540157318115 24.0428733825684 23.5302181243896 22.6005821228027 22.2144012451172 22.2373905181885 23.1552276611328 22.4365253448486 22.7656326293945 22.1935997009277 24.2659778594971 31.2626190185547 24.1726169586182 25.4742469787598 26.4628925323486 26.8538055419922 26.3820686340332 28.0040416717529 30.6982440948486 30.4323673248291 27.4359569549561 26.4284114837646 26.725700378418 27.4080352783203 27.033727645874 27.1707649230957 27.1310787200928 31.0817527770996 32.7492942810059 32.1133270263672 30.7212905883789 31.389347076416 30.0417175292969 29.5513706207275 32.1135749816895 27.0933437347412 31.7768211364746 32.8897399902344 33.1812477111816 31.1929035186768 33.2359428405762 32.1704025268555 30.7900676727295 28.6233425140381
21.2431888580322 22.428731918335 23.5760650634766 23.5077018737793 22.7046222686768 21.6683921813965 21.2114315032959 20.7053871154785 22.1926364898682 22.8243732452393 22.4050827026367 22.4527816772461 24.3984069824219 26.0830078125 25.9256763458252 25.9639205932617 26.1174221038818 29.4922924041748 30.8389644622803 27.958251953125 27.8839263916016 27.7850494384766 26.1642436981201 25.998046875 26.2521324157715 27.085563659668 27.097599029541 26.3110408782959 29.8439235687256 28.2034244537354 32.7202568054199 31.8155193328857 32.8852882385254 30.0868873596191 30.7476596832275 29.5342864990234 31.1718063354492 29.1651363372803 29.2491111755371 32.8331604003906 28.9797229766846 26.7182540893555 26.4684181213379 31.3827838897705 31.9569416046143 29.4149036407471
20.9913940429688 21.0164661407471 21.7474498748779 22.3930511474609 22.8724517822266 20.2380924224854 19.900899887085 20.9456405639648 21.7027282714844 22.6048469543457 22.8242855072021 23.5131130218506 25.5137462615967 26.6063785552979 26.7601528167725 27.0382385253906 28.5011920928955 28.7768478393555 28.7513732910156 27.6338653564453 27.4016704559326 28.5599269866943 28.7880630493164 28.5317649841309 31.2910423278809 26.7548370361328 29.2205390930176 29.0187969207764 27.690990447998 27.0828456878662 26.5049171447754 34.1956977844238 29.529317855835 30.189094543457 31.7675552368164 30.7499809265137 31.2773323059082 30.0849227905273 27.3944396972656 27.653751373291 32.5864028930664 31.0634460449219 27.490047454834 27.1157035827637 31.1540241241455 30.3256950378418
21.5028266906738 20.7864723205566 21.0940685272217 21.3068580627441 21.9676532745361 19.7542781829834 19.4359111785889 19.6356773376465 21.4765014648438 22.5505542755127 21.9714469909668 22.3110809326172 23.94895362854 25.184928894043 26.7511558532715 26.3185729980469 27.2622528076172 28.8304443359375 27.4806976318359 26.3249835968018 27.3957214355469 28.6459827423096 30.6429386138916 33.2452545166016 32.8203430175781 32.6263809204102 28.7378215789795 29.818489074707 28.1008586883545 27.1641826629639 26.9737205505371 32.3110847473145 30.6322402954102 29.399393081665 30.1710624694824 30.2533340454102 30.2516937255859 30.9456424713135 27.6978549957275 26.4407939910889 26.1357727050781 25.7380809783936 29.9022560119629 26.533655166626 27.4598999023438 29.44215965271
22.5067405700684 21.7444591522217 22.0978202819824 21.5910739898682 21.6259498596191 19.9436550140381 21.3105926513672 20.8762702941895 21.3289527893066 21.6765766143799 21.7521419525146 22.1200199127197 22.2230205535889 24.3875160217285 25.9859600067139 25.5529880523682 27.1666774749756 28.207462310791 27.4065551757812 26.0327529907227 26.3408622741699 30.5170783996582 31.485912322998 33.2794952392578 32.8556976318359 33.8667297363281 30.1982707977295 32.5576858520508 29.9047069549561 26.8250122070312 26.9434604644775 31.1391773223877 31.2904052734375 31.0092315673828 29.1289119720459 29.9085121154785 31.1644306182861 31.2011661529541 33.1384086608887 29.8914737701416 31.9887752532959 30.5749778747559 25.8327484130859 26.361442565918 31.7648506164551 30.7557907104492
23.7506771087646 23.6723613739014 22.9583339691162 23.0733757019043 22.2038459777832 21.8031978607178 21.7487525939941 20.4433422088623 21.145866394043 20.8687210083008 20.0387744903564 21.5896282196045 21.953971862793 24.2527503967285 25.1068325042725 24.0155143737793 25.5742340087891 26.2809104919434 26.4772663116455 26.7543888092041 26.5886039733887 28.3939762115479 29.083366394043 31.4127082824707 33.5817413330078 31.5803451538086 31.6446094512939 30.0885887145996 30.2340602874756 26.53981590271 26.8727016448975 29.6159820556641 30.6547222137451 29.2895832061768 30.8545188903809 28.9360809326172 30.9950256347656 29.6492881774902 31.7420272827148 27.9845657348633 26.829626083374 26.2737674713135 28.2684154510498 25.5291862487793 27.2797183990479 28.8536605834961
22.278470993042 22.1265907287598 22.38232421875 22.148868560791 21.9600467681885 22.0830211639404 20.6559276580811 20.544979095459 19.8099479675293 20.3831443786621 19.2596969604492 21.0056285858154 20.5457305908203 22.7974166870117 24.035364151001 22.7107906341553 23.1954154968262 25.5255146026611 26.6984939575195 28.3394756317139 27.4059581756592 28.0409660339355 29.1461181640625 29.6777057647705 29.8042812347412 30.3610420227051 31.2271747589111 32.5160102844238 32.552734375 31.0908203125 28.7496776580811 30.0205993652344 31.1229801177979 30.5853614807129 32.708080291748 33.5402755737305 30.4362182617188 29.2463970184326 29.4424228668213 30.2403030395508 29.5510902404785 28.6419239044189 26.4068756103516 30.9378719329834 31.4956760406494 28.4718761444092
21.2732524871826 21.953182220459 22.1122417449951 22.0400314331055 21.0018196105957 22.0813217163086 20.7649154663086 19.4236698150635 18.658275604248 18.6716194152832 18.7171363830566 19.4630165100098 27.0398712158203 22.9599437713623 22.8065319061279 22.5828723907471 24.9659442901611 26.1654186248779 26.916316986084 27.5751857757568 30.7430152893066 29.532886505127 29.9389171600342 29.4628658294678 30.0795631408691 31.5202236175537 33.704833984375 31.3363990783691 31.9575386047363 28.8302097320557 27.0814514160156 30.2812061309814 30.5383071899414 29.1497535705566 31.7684650421143 33.6313247680664 32.5766754150391 29.4268970489502 30.0074501037598 32.4797210693359 27.9882526397705 27.1301364898682 28.9501094818115 28.4776802062988 30.8303184509277 30.3394832611084
20.9748668670654 21.4643726348877 21.4300746917725 21.8056011199951 21.8441753387451 21.7891120910645 21.5922927856445 20.2275390625 19.8986873626709 19.9945526123047 18.8225555419922 18.8630847930908 20.0545539855957 22.6401042938232 22.7722835540771 23.8580589294434 24.3101272583008 25.0186576843262 26.725435256958 27.4554023742676 28.9790058135986 28.9337730407715 28.9669589996338 28.7321548461914 29.6177310943604 31.5974521636963 33.5087471008301 30.166618347168 26.7852649688721 26.902027130127 27.0910263061523 31.1391201019287 32.6260185241699 29.0979194641113 31.6806964874268 33.3458366394043 29.6287822723389 29.6247863769531 30.8157863616943 31.7237968444824 31.9669895172119 31.3327083587646 25.0543556213379 26.1225090026855 26.1732959747314 26.5115661621094
21.3846893310547 20.62255859375 20.8444499969482 21.5268688201904 21.7020969390869 21.6335334777832 21.1595993041992 20.6163520812988 21.2202091217041 20.6282577514648 20.2816486358643 20.1781826019287 21.4944381713867 22.3539867401123 22.2117137908936 23.8466739654541 24.8381061553955 25.7736759185791 26.709114074707 27.0574645996094 29.9897861480713 32.8162536621094 34.1011924743652 27.5536346435547 27.6031551361084 27.6334381103516 27.4225769042969 30.0779609680176 29.1166820526123 30.7354316711426 30.17236328125 30.7153873443604 29.598690032959 31.4546375274658 31.9270858764648 27.4693641662598 30.7161979675293 30.4942436218262 32.1728897094727 32.2128372192383 29.1216526031494 30.2442932128906 29.4993476867676 28.3208694458008 28.4884281158447 27.962797164917
22.5152626037598 20.97705078125 20.8558673858643 20.5420684814453 21.3689193725586 21.2557735443115 21.2501277923584 22.0896263122559 21.6135692596436 20.6383571624756 21.5116081237793 22.1146926879883 22.6613788604736 21.4287776947021 21.8471164703369 23.2382106781006 25.1183433532715 26.452392578125 25.9107856750488 27.222095489502 29.4009075164795 32.3473472595215 32.9371871948242 27.4776763916016 26.5709342956543 27.0045566558838 27.671745300293 27.8055667877197 29.4663982391357 29.724006652832 32.5147399902344 33.8685722351074 34.4553871154785 32.1005783081055 33.0133209228516 29.6846694946289 30.6029930114746 31.0021171569824 30.255069732666 31.2835159301758 31.9606513977051 29.1522731781006 26.7246170043945 29.6073436737061 29.2681674957275 30.1029624938965
22.2287845611572 21.1821117401123 20.8672180175781 20.9024543762207 21.1905193328857 21.0604362487793 21.8140563964844 23.3506126403809 28.4828472137451 21.1093864440918 23.7107944488525 24.4447593688965 24.3553066253662 21.6905708312988 22.5834846496582 22.7608547210693 24.5624046325684 25.0421962738037 24.9751605987549 26.2924861907959 27.3243370056152 27.9870376586914 29.7419300079346 32.8769874572754 27.8583717346191 27.1878395080566 26.6822528839111 26.8984699249268 30.1101150512695 34.3862457275391 30.638370513916 27.766975402832 33.571475982666 31.7338390350342 31.4043731689453 28.1231555938721 30.0428981781006 29.3568000793457 33.044376373291 32.6490821838379 30.8685169219971 30.9216041564941 30.3784465789795 30.4900283813477 30.5901927947998 31.9264316558838
21.5521373748779 21.1962146759033 20.9418277740479 21.3269863128662 21.4094181060791 21.6344184875488 21.9397239685059 24.2938537597656 24.417028427124 22.6159038543701 25.3838863372803 26.2224617004395 25.7098217010498 23.9903221130371 24.1179542541504 24.914176940918 25.6204319000244 26.3880424499512 26.7500972747803 27.0512218475342 27.3990592956543 27.7624092102051 25.6789283752441 25.8711376190186 26.5419788360596 26.0175533294678 26.4801979064941 32.3755302429199 30.1548881530762 33.8792991638184 26.9682941436768 26.3516750335693 27.2407169342041 31.0078945159912 31.5916767120361 30.4215984344482 28.71169090271 30.1677589416504 29.9213638305664 30.8739624023438 32.183349609375 33.0676231384277 32.8853874206543 32.6443939208984 31.4343509674072 31.7394390106201
21.6654930114746 22.2859668731689 21.2297954559326 21.7774753570557 21.9040794372559 22.6320533752441 23.3082389831543 27.088773727417 25.1224536895752 24.761402130127 26.1643047332764 27.3157138824463 26.455057144165 25.346773147583 25.389030456543 26.825662612915 27.3174743652344 27.3660316467285 28.5795555114746 28.2859687805176 29.7233066558838 28.1382217407227 27.3615837097168 26.7437381744385 27.1438312530518 27.5665626525879 30.2575073242188 29.3298263549805 29.232837677002 29.4580459594727 28.0380992889404 29.1272888183594 28.2083358764648 30.6940078735352 27.4584331512451 30.973560333252 31.923656463623 31.8603343963623 31.7877540588379 29.1693496704102 29.7389755249023 31.277250289917 30.4186534881592 31.6067428588867 32.1231307983398 32.1714019775391
23.094518661499 22.9303855895996 21.884428024292 23.1675205230713 23.295015335083 23.7204627990723 24.6514759063721 26.1098537445068 25.016695022583 25.65553855896 27.7294998168945 29.4356174468994 27.4268455505371 26.3486919403076 25.4409027099609 26.6156997680664 26.5482482910156 27.1300659179688 28.2347221374512 32.8737983703613 28.2037868499756 28.5119228363037 30.7642040252686 30.0922107696533 29.8696193695068 29.6334953308105 31.3072834014893 30.5485687255859 31.1517200469971 30.5651798248291 28.8620357513428 29.6101093292236 31.4927577972412 31.1882266998291 27.1476764678955 26.4559268951416 26.9192600250244 28.1991863250732 27.7014675140381 29.7514381408691 33.3181304931641 32.927001953125 29.9314098358154 29.2797393798828 27.7498073577881 27.9582653045654
22.3034133911133 22.3832702636719 22.9303207397461 24.5526256561279 25.2819919586182 26.0656242370605 27.3035621643066 25.7047119140625 24.437873840332 25.0332927703857 26.0818767547607 28.3379287719727 27.8587818145752 27.3864574432373 26.2181453704834 28.88157081604 28.6937122344971 30.7379817962646 33.2761306762695 31.1915378570557 31.4521961212158 30.1541309356689 29.5940551757812 30.0275440216064 30.132884979248 29.7491226196289 29.700267791748 29.3885707855225 30.0327758789062 31.1434917449951 30.4894618988037 29.9125671386719 27.7745380401611 27.4872341156006 26.2926940917969 29.4798679351807 30.8725032806396 27.3158416748047 27.2621631622314 27.0719184875488 26.9620666503906 29.6856307983398 29.1877403259277 30.3968372344971 28.9216346740723 28.4016666412354
