inst/extdata/Tmax/Tmax101.asc
NCOLS 100 
NROWS 79 
XLLCORNER 148.06 
YLLCORNER -21.49 
CELLSIZE 0.01 
NODATA_value -3.4e+38 
[rows 20 to 39 of 79, columns 46 to 91 of 100]
36.0857124328613 34.1486625671387 34.3659286499023 35.8726844787598 35.5728569030762 34.9499282836914 34.6221656799316 33.3027496337891 35.2939376831055 36.803035736084 37.8581161499023 37.3638954162598 37.306770324707 37.8962135314941 37.5171699523926 37.2236061096191 37.4705505371094 38.0045394897461 38.1288642883301 38.0994415283203 38.0144500732422 37.8614120483398 38.1208839416504 38.172176361084 38.0878067016602 37.9807929992676 37.84228515625 37.8444137573242 37.7771530151367 37.4120597839355 37.4553451538086 37.6917915344238 37.5549621582031 37.2443466186523 37.2154083251953 37.1610298156738 37.0468864440918 37.0111351013184 36.9666137695312 36.9094390869141 36.8113136291504 36.6105461120605 35.9908638000488 35.8269462585449 36.0143051147461 35.992805480957
36.4009017944336 34.1234855651855 32.778076171875 34.6969718933105 34.5285797119141 33.9147834777832 34.8490295410156 32.7288475036621 34.1105728149414 36.3075408935547 37.5941009521484 36.2139053344727 35.5148696899414 37.3419075012207 36.1161308288574 35.7307472229004 36.5805511474609 37.8640670776367 37.8387260437012 38.2282104492188 38.3055648803711 38.2661552429199 38.0223617553711 37.6456527709961 37.6061401367188 37.6513786315918 37.7845153808594 37.722713470459 37.5984802246094 37.4845237731934 37.764778137207 37.7775840759277 37.6847076416016 37.2794418334961 37.3313179016113 37.2620620727539 37.0987243652344 37.0778579711914 37.0517959594727 37.0198631286621 36.8644981384277 36.7186622619629 36.4869537353516 36.2535629272461 36.0856704711914 36.0563354492188
37.061279296875 36.5208587646484 34.4301643371582 33.6845016479492 33.1297035217285 34.4103240966797 33.7295989990234 33.9921531677246 33.2962532043457 34.3196983337402 36.6745109558105 37.0555038452148 35.4613342285156 35.8459854125977 35.4608039855957 36.0196571350098 37.0602836608887 37.4325866699219 36.0492744445801 37.2955665588379 38.0829811096191 38.1184463500977 37.4695854187012 36.6106643676758 37.1775550842285 37.137393951416 37.7008781433105 37.861759185791 37.5202789306641 37.6991271972656 37.850025177002 37.8588333129883 37.8206100463867 37.7195510864258 37.5754241943359 37.3627967834473 37.1426658630371 36.9778137207031 37.021354675293 37.0913124084473 36.9550743103027 36.8549156188965 36.5512428283691 36.3984642028809 36.2349891662598 36.3562278747559
36.3718605041504 36.170166015625 35.4709815979004 34.5669555664062 32.8737297058105 33.7100524902344 34.4145240783691 34.6147575378418 34.3205261230469 33.8016471862793 35.2654457092285 35.2171249389648 36.1276931762695 34.3537368774414 35.22119140625 36.7393913269043 36.6814460754395 37.0298767089844 35.6317481994629 37.678394317627 38.4343414306641 38.2826728820801 37.2950096130371 35.9197998046875 37.1171913146973 37.2648162841797 37.3360404968262 37.7742462158203 37.9430122375488 37.972053527832 37.9643745422363 37.9542007446289 37.8935012817383 37.767204284668 37.6284484863281 37.4404220581055 36.9754943847656 36.591438293457 36.7021980285645 36.953182220459 36.9040985107422 36.9323196411133 36.6397857666016 36.5853385925293 36.3023719787598 36.3113288879395
34.1950225830078 35.671688079834 36.041202545166 35.7544441223145 34.5964584350586 33.8786506652832 33.862548828125 33.48779296875 34.4770317077637 33.8504791259766 33.8439102172852 33.2965087890625 35.3899078369141 36.2568893432617 35.3795967102051 36.4460906982422 37.2024269104004 37.7577743530273 37.4134521484375 38.4117813110352 38.3882865905762 38.1993522644043 37.4688758850098 36.5977554321289 37.3557434082031 37.6234931945801 37.2834663391113 37.3473510742188 37.4234199523926 37.8996086120605 37.7078285217285 38.0105133056641 37.8486633300781 37.778450012207 37.6575012207031 37.2807502746582 37.1584548950195 36.5416984558105 36.226245880127 36.6711502075195 36.790397644043 36.863151550293 36.6590766906738 36.6932754516602 36.7287559509277 36.5548286437988
32.4703826904297 33.6330261230469 35.1491966247559 35.0400695800781 34.0596771240234 33.1869926452637 32.7160835266113 32.084789276123 33.4133071899414 34.111946105957 33.5068283081055 33.7596321105957 35.2907600402832 37.2662162780762 36.7165451049805 36.7751922607422 36.9027404785156 38.2687377929688 38.3338584899902 38.2870445251465 38.2515411376953 37.8957595825195 36.6117362976074 36.6355247497559 36.7092132568359 37.3301162719727 37.0227928161621 36.370532989502 36.9699096679688 38.0035858154297 37.9206581115723 38.009895324707 37.9375762939453 37.8778991699219 37.7070999145508 37.5253105163574 37.5133361816406 36.8681945800781 36.3173904418945 36.6235809326172 36.2855796813965 36.3910713195801 36.0787391662598 36.7122001647949 36.7341461181641 36.6841087341309
32.3391609191895 32.1652183532715 32.9802551269531 33.7254486083984 34.5113182067871 31.9466915130615 31.6504573822021 32.535831451416 33.1210708618164 33.9730796813965 33.9935035705566 34.4504318237305 36.3275527954102 37.2318801879883 37.7046279907227 37.8498764038086 37.9583740234375 38.4383010864258 38.0358352661133 37.8321495056152 37.8380470275879 37.353931427002 37.5105857849121 37.7508659362793 37.7272872924805 37.0890846252441 36.6321296691895 37.5154228210449 37.7449531555176 37.669750213623 37.080150604248 37.724967956543 37.8574523925781 37.9132690429688 37.869758605957 37.7515068054199 37.3838005065918 37.0165367126465 37.0675010681152 36.792049407959 36.6425514221191 36.0609512329102 36.5174674987793 36.7011260986328 36.5818252563477 36.447582244873
32.5478477478027 31.9770908355713 32.3020629882812 32.5705833435059 33.2129821777344 31.3377628326416 31.0226173400879 31.4738807678223 32.8886375427246 33.7580223083496 33.1513366699219 33.814510345459 34.8291015625 36.0733032226562 37.5166168212891 37.1581993103027 38.2377815246582 38.4556274414062 37.709774017334 36.9284133911133 37.552490234375 37.7191467285156 38.012149810791 38.2129859924316 38.2918701171875 37.8405380249023 37.804817199707 38.1347312927246 38.1676254272461 37.4137115478516 36.9412956237793 37.4592208862305 37.5403938293457 37.9326438903809 37.9487152099609 37.8643264770508 37.6779518127441 37.4298057556152 36.9927406311035 36.185417175293 35.9292640686035 35.7739143371582 35.78125 36.41943359375 36.4341659545898 36.8060913085938
33.5905418395996 33.0631370544434 33.9561080932617 33.7619438171387 33.2858963012695 31.7066783905029 32.5392951965332 32.2590026855469 32.5820808410645 33.2742767333984 32.9435005187988 33.2601776123047 33.4074745178223 35.8536682128906 37.1153602600098 36.3636665344238 37.8542709350586 38.1169166564941 37.7697982788086 36.600528717041 36.8467788696289 37.9206771850586 38.2936172485352 38.3887596130371 38.3775177001953 38.2525672912598 38.2348365783691 38.3182144165039 37.894905090332 37.1435317993164 36.982063293457 37.6213111877441 38.0170440673828 38.0234489440918 37.9830131530762 37.9332237243652 37.8573112487793 37.6872482299805 37.4031219482422 36.2292556762695 35.6258773803711 34.8066024780273 35.7251968383789 35.6805648803711 36.5360336303711 36.8838882446289
35.4936561584473 35.3037185668945 34.6099548339844 34.5276184082031 33.9006576538086 33.3195266723633 32.9566078186035 31.8427181243896 32.5281562805176 31.9835319519043 31.4614162445068 32.8881034851074 33.2777557373047 35.3923606872559 36.4121055603027 35.6106338500977 36.3381958007812 37.1105308532715 37.645206451416 37.4857788085938 37.0025787353516 37.9515838623047 38.3946685791016 38.1604309082031 38.1005592346191 37.7578315734863 38.1435623168945 38.3582000732422 37.3889007568359 36.5028190612793 37.1378936767578 37.6803512573242 38.0051574707031 38.055004119873 38.0350761413574 37.9555320739746 37.9033508300781 37.7787017822266 37.5568466186523 37.1332092285156 36.4289627075195 35.9043884277344 35.4497222900391 35.2292633056641 36.0505790710449 36.5148963928223
34.2021293640137 34.1972541809082 34.2238349914551 33.7895965576172 33.2066345214844 33.4787368774414 32.4169960021973 31.8571891784668 31.2936325073242 31.3873977661133 30.7447242736816 31.7400817871094 31.7285861968994 34.208740234375 35.3408889770508 34.032299041748 34.6317977905273 36.2935066223145 37.6188125610352 38.1462669372559 37.6307182312012 38.2131462097168 38.3889312744141 37.9491691589355 37.8960723876953 37.9993209838867 38.4355506896973 38.3766479492188 37.7875061035156 37.0826606750488 37.4295959472656 37.6748466491699 38.0771789550781 38.0685844421387 37.987232208252 37.9321708679199 37.8980941772461 37.7892417907715 37.6826095581055 37.4472465515137 37.1668815612793 36.5829391479492 36.1676940917969 36.0924034118652 36.2783966064453 36.6653747558594
33.3202362060547 33.631778717041 33.4882354736328 33.4265022277832 32.3546829223633 33.2999458312988 32.1818084716797 30.8103656768799 30.1434593200684 30.5723457336426 30.2131824493408 30.960865020752 31.813362121582 33.8930511474609 34.2378158569336 33.812442779541 36.1380653381348 37.1085815429688 37.8419952392578 38.295825958252 38.5513534545898 38.5722694396973 38.4798545837402 38.3543357849121 38.0967903137207 38.3708686828613 38.4660758972168 38.3142547607422 37.8940925598145 37.207275390625 37.2687377929688 37.8233451843262 38.0078239440918 37.499755859375 37.8437118530273 37.9352912902832 37.8800582885742 37.8094253540039 37.7311210632324 37.5854263305664 37.2578811645508 36.4597473144531 36.7640075683594 36.7713661193848 36.6441040039062 36.5472793579102
32.4837913513184 32.8493347167969 32.6491088867188 32.9734878540039 33.0731620788574 33.0811233520508 32.6187286376953 31.3983631134033 31.5000820159912 31.6089744567871 30.4933490753174 30.2712821960449 31.3157844543457 33.8064804077148 34.3955993652344 34.977653503418 35.028694152832 35.9239273071289 37.8193092346191 38.387565612793 38.5585594177246 38.4736747741699 38.2862930297852 38.2029800415039 38.3277893066406 38.3841438293457 38.3241691589355 37.8901634216309 36.902099609375 37.0472526550293 37.3499336242676 38.1273994445801 37.8169441223145 37.2060699462891 37.8705291748047 37.7739448547363 37.7692985534668 37.7922744750977 37.6597023010254 37.3359069824219 36.7135925292969 35.4134826660156 35.1263847351074 36.1311683654785 36.4586524963379 36.731071472168
33.3160400390625 32.7171745300293 32.5129089355469 32.7112350463867 32.8715476989746 32.7683410644531 32.2490348815918 31.8312110900879 32.4592094421387 31.7023963928223 31.5566959381104 31.5415935516357 32.3941307067871 33.6916732788086 33.8645553588867 34.7077407836914 35.7843475341797 36.9769821166992 37.902042388916 38.2931900024414 38.6099815368652 38.549991607666 38.008903503418 37.685115814209 37.8853950500488 37.7172012329102 37.7905120849609 37.9301643371582 37.7866172790527 37.7382278442383 38.0262565612793 38.2672004699707 37.5958976745605 37.4759330749512 38.0298118591309 37.486743927002 37.5923271179199 37.5168266296387 37.5598602294922 37.2218170166016 35.7620391845703 34.9943046569824 34.3721923828125 36.1180038452148 36.6448020935059 36.4415016174316
33.8388595581055 32.3607559204102 32.3059692382812 32.4272193908691 32.5767707824707 32.4325752258301 32.4491081237793 33.0918464660645 32.6511154174805 31.8187446594238 33.083381652832 33.6212272644043 33.8284568786621 33.0757369995117 33.092658996582 34.3202362060547 35.7426719665527 37.1445655822754 37.2153358459473 38.0157318115234 38.4618835449219 38.4487686157227 37.929801940918 37.6522750854492 36.8102531433105 37.3636207580566 37.861385345459 37.9866333007812 38.1967010498047 38.1753082275391 38.3289909362793 38.2339820861816 38.1671524047852 38.1644477844238 38.0858421325684 37.8075370788574 36.8202972412109 37.3950119018555 37.5554237365723 37.4717254638672 37.3983345031738 36.0965919494629 35.9063301086426 37.1843795776367 37.4330024719238 37.3780517578125
33.9066276550293 32.6710052490234 32.271110534668 32.1877822875977 32.4173469543457 32.2202415466309 32.990062713623 34.9479179382324 33.8986167907715 33.062816619873 35.2634239196777 36.0124092102051 35.5609931945801 33.2524871826172 33.7236213684082 33.8473205566406 36.0268058776855 36.0759162902832 35.9139633178711 36.8659934997559 38.0329284667969 38.2370109558105 37.8724479675293 37.8348655700684 37.6714668273926 37.3026847839355 37.3498306274414 37.4700469970703 38.1459045410156 38.0787773132324 38.135425567627 37.9050598144531 38.0809478759766 38.2022094726562 37.8727836608887 37.8233833312988 37.1083335876465 37.2046775817871 37.4489974975586 37.2509155273438 37.6449890136719 37.6150016784668 37.4821586608887 37.4930534362793 37.5736122131348 37.4166526794434
33.5585403442383 32.740550994873 32.4785423278809 32.6892166137695 32.6000328063965 32.7193031311035 33.2288055419922 35.7458877563477 35.94091796875 34.3681221008301 36.6246643066406 37.638256072998 36.831241607666 35.4549102783203 35.3521308898926 36.0170707702637 36.7306365966797 37.2005615234375 37.5098876953125 37.8019485473633 38.0031623840332 37.6963119506836 36.2695693969727 36.5409278869629 37.0642623901367 36.6516990661621 36.8455543518066 37.6926727294922 38.0499992370605 38.2286682128906 37.0987319946289 37.0453834533691 37.8514633178711 38.1281089782715 37.6027374267578 37.6010284423828 36.7595176696777 37.2536430358887 37.4277534484863 37.2473449707031 37.691333770752 37.7458801269531 37.738697052002 37.7032470703125 37.6123352050781 37.2590408325195
33.5876159667969 33.0812644958496 33.0185203552246 33.196647644043 33.4225273132324 33.5916938781738 34.5563049316406 36.5472717285156 36.3946723937988 35.8327026367188 37.3865089416504 38.5561714172363 37.6472015380859 36.3821449279785 35.7603721618652 37.6074104309082 37.960865020752 38.151309967041 38.33447265625 38.3303680419922 37.8666000366211 37.5592422485352 37.6408157348633 37.0359497070312 37.354190826416 37.8162994384766 38.0088081359863 38.0585594177246 38.2441825866699 38.1384963989258 36.4473457336426 37.1561889648438 37.9920921325684 37.8797760009766 37.4058990478516 37.3326797485352 37.1375999450684 37.6269035339355 37.6235847473145 37.5993843078613 37.5399322509766 37.6754913330078 37.6926498413086 37.6704864501953 37.5606651306152 37.4830322265625
33.5189971923828 33.145092010498 33.8060455322266 34.7150497436523 34.8365097045898 35.3883743286133 36.6239624023438 37.2893905639648 36.5938262939453 36.9991760253906 38.5270462036133 39.0420227050781 38.4235687255859 37.2963256835938 36.4444046020508 37.561466217041 37.5309371948242 37.817497253418 38.5672187805176 38.747917175293 38.4006729125977 38.0100936889648 38.3344535827637 38.1001434326172 37.9321746826172 38.395923614502 38.2569808959961 38.1393089294434 38.3764266967773 38.1070671081543 37.4372062683105 37.8926048278809 38.0431709289551 37.6943321228027 36.7016716003418 36.630069732666 36.9306297302246 37.6416282653809 37.308666229248 37.2537307739258 37.2450103759766 37.5100288391113 37.4571189880371 37.4872207641602 37.3033981323242 37.4121513366699
33.5810775756836 33.801643371582 35.1732444763184 36.0391654968262 36.8274803161621 37.8784675598145 38.5503273010254 37.7623443603516 35.5939331054688 36.2919998168945 37.9487838745117 39.0931739807129 38.6032066345215 38.2126235961914 37.2143936157227 38.2459602355957 38.3760147094727 37.6904792785645 38.4851188659668 38.8197975158691 38.733226776123 38.2382621765137 38.5604286193848 38.6371879577637 38.4422187805176 38.5063705444336 38.2780838012695 37.4526138305664 38.2590599060059 38.375186920166 38.256908416748 38.1068382263184 37.7436904907227 37.3595809936523 36.4626808166504 36.4898490905762 37.2313690185547 37.1317100524902 36.9518280029297 36.7278099060059 36.8452415466309 37.1222724914551 36.8899078369141 37.2220726013184 36.7186241149902 37.0833206176758
