inst/extdata/Tmax/Tmax102.asc
NCOLS 100 
NROWS 79 
XLLCORNER 148.06 
YLLCORNER -21.49 
CELLSIZE 0.01 
NODATA_value -3.4e+38 
[rows 0 to 19 of 79, columns 0 to 45 of 100]
36.199169158935497 35.8875961303711 35.0084800720215 35.3324737548828 35.4576988220215 35.8402214050293 36.0138397216797 36.1639137268066 36.1196212768555 35.9532279968262 35.517822265625 35.3253288269043 35.2474060058594 34.1399726867676 34.5706558227539 34.9412574768066 35.2888946533203 35.2466888427734 34.5175018310547 33.9224586486816 33.7901573181152 32.9543495178223 33.3338317871094 34.4639472961426 34.9092330932617 35.1423568725586 35.0459632873535 35.1171340942383 34.8146629333496 34.4535522460938 33.6560554504395 31.9934406280518 33.1248474121094 33.0470695495605 31.9806327819824 30.986665725708 30.8845100402832 30.5390033721924 31.2352237701416 32.9469299316406 34.579532623291 34.8948364257812 35.6993217468262 36.0828475952148 36.2897186279297 36.4502601623535
36.0352821350098 35.5591278076172 34.8565711975098 34.9375267028809 34.4201736450195 35.2442779541016 35.7588081359863 36.0528450012207 36.1673011779785 36.051643371582 35.7329139709473 35.4416618347168 35.5402145385742 35.1548919677734 35.0014686584473 34.8940696716309 35.2659950256348 35.2799453735352 34.3829383850098 33.8470649719238 34.3131256103516 34.0827980041504 33.9800605773926 34.3690795898438 34.7803192138672 34.9375762939453 35.233341217041 35.1980171203613 34.9987487792969 34.7995452880859 33.9862899780273 32.7390403747559 33.7783699035645 33.4078102111816 32.8079109191895 31.9415302276611 31.542947769165 31.8782081604004 32.8431777954102 34.0427780151367 35.6610641479492 36.1381568908691 36.2929649353027 36.315128326416 36.3960762023926 36.4629440307617
36.0193710327148 35.2763290405273 35.3721733093262 35.4869270324707 35.0662307739258 35.1704483032227 35.5379447937012 36.0609092712402 36.2242813110352 36.0916328430176 35.818977355957 35.6934127807617 35.6053123474121 35.5506706237793 35.27001953125 35.1299934387207 35.3226661682129 35.4480400085449 34.9220237731934 34.7458114624023 34.6091537475586 34.3108253479004 34.1002578735352 34.2065353393555 34.9628829956055 35.1996192932129 35.0520553588867 35.0474662780762 35.0729522705078 34.7687301635742 34.8553810119629 33.8891334533691 34.1235466003418 32.9963531494141 32.7219314575195 32.1461029052734 31.6762371063232 31.2391109466553 32.1781158447266 33.3334541320801 34.8359413146973 35.9596748352051 36.3283615112305 36.4245338439941 36.4267959594727 36.3999862670898
36.2163047790527 35.8910713195801 35.5682029724121 36.1445350646973 35.6599731445312 35.2628631591797 35.6104850769043 36.1380195617676 36.2925682067871 36.1589202880859 36.0171966552734 35.9751472473145 35.8714714050293 35.7131767272949 35.3078575134277 35.1464576721191 35.4777526855469 35.5087051391602 35.3001441955566 34.8684310913086 34.5714721679688 34.2248382568359 34.2930717468262 34.2568168640137 34.7869453430176 35.1787986755371 34.8474159240723 35.0964164733887 34.9256973266602 34.1538696289062 34.6929626464844 34.8012733459473 34.0389862060547 32.9089088439941 32.3907928466797 31.5926818847656 31.8452606201172 31.3887691497803 31.2826194763184 30.8328723907471 32.2633018493652 35.0858612060547 36.1111679077148 36.3758277893066 36.1264038085938 36.0406036376953
36.7478942871094 36.2227783203125 35.9834327697754 36.3686408996582 36.1420860290527 35.5307731628418 35.5603942871094 36.168586730957 36.305233001709 35.9447898864746 35.9438285827637 36.1314430236816 36.0075340270996 35.7393264770508 35.3946571350098 35.5339889526367 35.6103630065918 35.3560371398926 34.9261856079102 34.2486534118652 34.4144859313965 34.5658760070801 34.680980682373 34.856632232666 34.8587684631348 34.5513458251953 35.2302436828613 34.8628158569336 34.7387733459473 34.2882423400879 34.6220321655273 34.4576606750488 34.1607666015625 33.264762878418 32.7952919006348 33.078498840332 32.7963218688965 32.2974243164062 31.8031272888184 31.12428855896 30.8007278442383 34.1421813964844 35.7825355529785 36.263427734375 35.5456771850586 34.7980308532715
36.8951568603516 36.6571998596191 35.9766654968262 36.3876304626465 36.452335357666 36.0482482910156 35.775032043457 36.206169128418 36.3559226989746 36.0747718811035 35.9642448425293 36.2144088745117 36.0595016479492 35.7924652099609 35.1700172424316 35.644172668457 35.5673637390137 35.135627746582 34.6251564025879 34.2369422912598 34.3268661499023 34.5609931945801 34.8478469848633 34.8435287475586 35.1135025024414 35.009593963623 35.08544921875 34.373722076416 34.3675231933594 33.3753662109375 34.0463104248047 34.4833984375 34.6152305603027 34.2858009338379 33.9400520324707 33.8934211730957 33.1162338256836 32.6698875427246 32.3712005615234 31.6197490692139 31.1561336517334 33.6736335754395 35.6483535766602 36.206974029541 35.7026901245117 33.501838684082
37.0816841125488 36.8299407958984 36.4557456970215 36.6164474487305 36.5642585754395 36.1975746154785 35.5699653625488 36.1058578491211 36.2830619812012 36.4127960205078 36.351146697998 36.1957015991211 35.7820053100586 35.8854560852051 35.8524513244629 35.7119255065918 35.5295219421387 34.9923362731934 34.7907981872559 34.5067024230957 33.9647026062012 34.1542663574219 34.5911026000977 34.9503974914551 35.2770156860352 35.2037887573242 35.2232475280762 34.709114074707 34.3722953796387 33.2631492614746 33.26904296875 33.3772659301758 34.2598724365234 34.4434051513672 33.9907188415527 33.8889656066895 33.3649444580078 32.0869026184082 32.3118629455566 31.9051055908203 31.7579975128174 33.4668579101562 35.4108009338379 35.9477729797363 35.738224029541 33.9672584533691
37.0766105651855 36.9806938171387 36.6956748962402 36.7207870483398 36.6777458190918 36.4159889221191 35.8440856933594 35.7197799682617 36.0190658569336 36.3487167358398 36.451000213623 36.1618537902832 35.5086441040039 35.7198677062988 35.9380493164062 35.2751121520996 35.2298774719238 34.4988975524902 34.427604675293 34.2060356140137 33.5751914978027 34.0190048217773 34.4273262023926 34.9498062133789 35.3940086364746 35.4031715393066 35.0149040222168 34.5871047973633 34.4176139831543 33.7046737670898 32.4761428833008 32.7490539550781 33.0665893554688 33.6210899353027 33.9798698425293 33.4216156005859 33.4892959594727 32.6741142272949 31.7437858581543 32.0147094726562 32.2156867980957 33.2957725524902 34.4313812255859 35.5661010742188 35.5412559509277 33.5968284606934
36.8404197692871 37.0613021850586 36.895092010498 36.8442077636719 36.7116203308105 36.4669227600098 36.1090316772461 35.652717590332 35.8206977844238 36.3218269348145 36.472785949707 36.4154014587402 36.2080841064453 36.058162689209 35.7036399841309 34.9697570800781 35.1575355529785 34.9117660522461 35.04052734375 34.1639251708984 34.1647872924805 34.0208549499512 34.1167640686035 34.7570266723633 35.3132362365723 35.4848518371582 34.6142234802246 33.7830810546875 33.8656120300293 33.7795524597168 33.2275924682617 32.7081298828125 32.3059158325195 32.7431602478027 33.5946922302246 33.0273094177246 32.80908203125 32.765209197998 31.8844451904297 31.5856456756592 31.7965316772461 31.902473449707 32.7441787719727 34.4692077636719 35.0110626220703 33.6762542724609
36.5561332702637 36.9678726196289 37.028881072998 36.8862075805664 36.6800842285156 36.5586318969727 36.3582191467285 35.903865814209 35.5804290771484 36.243522644043 36.473087310791 36.0757942199707 35.3760566711426 35.4391784667969 35.5383186340332 35.5124244689941 35.5481414794922 35.3965072631836 35.1941337585449 34.8940086364746 34.5818252563477 33.9761657714844 34.2934684753418 35.0874061584473 35.516471862793 35.4160690307617 34.7478294372559 34.5901260375977 34.110050201416 33.6271362304688 32.4549140930176 32.0941276550293 33.1066436767578 32.976432800293 32.7837448120117 32.5657730102539 32.3625869750977 32.640022277832 32.1325988769531 31.4347591400146 31.4697856903076 30.9543056488037 31.7536315917969 32.8458137512207 33.2042655944824 32.559024810791
36.2352523803711 36.5505981445312 37.0442848205566 36.9463043212891 36.8120384216309 36.7268028259277 36.5344505310059 36.1660919189453 36.1480598449707 36.3753395080566 36.5138282775879 36.1380004882812 35.8093109130859 35.0810661315918 35.2476234436035 35.5266914367676 35.653133392334 35.8362503051758 35.3970642089844 35.2035942077637 34.8161468505859 34.461597442627 34.5322380065918 35.0749816894531 35.492618560791 35.4003067016602 34.73876953125 34.0207214355469 33.0745544433594 33.0742988586426 32.7350425720215 32.6840209960938 33.4940795898438 33.2546501159668 32.4111862182617 32.1733665466309 32.6214218139648 32.3540115356445 31.9980583190918 31.481954574585 31.5376949310303 31.3032836914062 30.9755611419678 31.6655387878418 32.0776100158691 32.3748474121094
36.0714149475098 36.1435089111328 37.009391784668 37.0073890686035 36.9207801818848 36.7952613830566 36.6232223510742 36.2907524108887 36.327018737793 36.6131782531738 36.5582504272461 36.3628921508789 36.0000991821289 35.5157051086426 35.4147529602051 35.7116737365723 36.0207786560059 36.0025291442871 35.7458953857422 35.294792175293 34.8031005859375 34.481876373291 34.6385688781738 34.7845191955566 34.994743347168 35.3204460144043 34.385669708252 33.6243515014648 33.049388885498 33.2775650024414 33.3428382873535 33.264892578125 33.6620063781738 33.1610488891602 32.9260330200195 32.8441886901855 32.4418563842773 31.8897857666016 32.3880615234375 32.6078109741211 32.2000350952148 31.7850780487061 31.2892932891846 31.7148170471191 32.2169799804688 32.5960464477539
36.2265548706055 36.7302322387695 36.9950408935547 36.9543914794922 36.9642333984375 36.8675155639648 36.7268295288086 36.3535842895508 36.4377784729004 36.7428092956543 36.5450553894043 36.4737854003906 36.2599067687988 36.3297309875488 36.2317390441895 36.2113418579102 36.2265739440918 36.1393890380859 35.9176788330078 35.4050559997559 35.1393928527832 35.2959289550781 35.5511665344238 35.7781867980957 35.6342010498047 35.2229461669922 35.0314445495605 34.5592842102051 34.2099304199219 34.034984588623 34.0972480773926 33.9009094238281 33.8105773925781 33.2657623291016 32.7347183227539 32.310302734375 31.8029308319092 32.8526191711426 33.1267967224121 33.0777320861816 31.8124580383301 31.7532806396484 31.2926902770996 31.0398063659668 32.2779235839844 32.8120765686035
36.663932800293 36.8811340332031 36.9373626708984 36.8558769226074 36.8695793151855 36.9165153503418 36.8574295043945 36.7366790771484 36.5300750732422 36.6649513244629 36.6336479187012 36.5612869262695 36.4331436157227 36.3310356140137 36.2242431640625 36.1466484069824 36.293327331543 36.1989593505859 36.0575904846191 35.9459190368652 35.8447456359863 35.8061599731445 35.6063461303711 35.7206649780273 35.2901878356934 34.311840057373 34.2655029296875 33.8669281005859 33.3398742675781 34.080020904541 34.3464889526367 34.3095397949219 33.5982437133789 33.3113670349121 33.1994209289551 33.1472015380859 33.1286735534668 32.835994720459 33.4275360107422 33.7539215087891 33.2655868530273 32.8459129333496 32.2391777038574 31.728343963623 32.731632232666 33.2265129089355
35.9033279418945 36.4797058105469 36.9012603759766 36.8321304321289 36.7089080810547 36.8060607910156 36.7628517150879 36.5957641601562 36.1811866760254 36.2272109985352 36.5549964904785 36.3633880615234 35.845817565918 36.0105819702148 36.1910629272461 35.6500015258789 36.0808792114258 36.2549057006836 36.2037162780762 36.1531753540039 36.0968627929688 35.6984786987305 35.0776329040527 35.4578514099121 35.29248046875 35.0307769775391 34.9621391296387 34.6340141296387 34.2868156433105 34.5377731323242 34.4962310791016 34.2474517822266 33.8254280090332 34.0569038391113 34.0221328735352 33.1375465393066 33.6651840209961 32.8707542419434 33.176830291748 33.8979721069336 33.880672454834 33.6463203430176 32.9330177307129 32.1585731506348 32.7551383972168 33.5235290527344
35.0497779846191 36.0465965270996 36.7790718078613 36.9065475463867 36.8397216796875 36.8141059875488 36.7117462158203 36.6016044616699 36.3876609802246 35.8841552734375 35.4953193664551 36.2162742614746 35.4025344848633 35.1041564941406 35.9537391662598 35.6051902770996 35.5912895202637 36.0415802001953 36.068920135498 36.0693168640137 36.0781593322754 36.0517539978027 35.9161720275879 35.6863670349121 35.2789764404297 34.909854888916 34.9290313720703 34.8674201965332 34.8130989074707 34.6387672424316 34.4776763916016 34.0928649902344 33.8336982727051 34.4389915466309 34.3240661621094 34.0715637207031 34.0817070007324 33.5498123168945 33.2254981994629 33.863452911377 34.0480079650879 33.4653549194336 32.281063079834 31.2559013366699 31.6761779785156 33.2917938232422
36.0176315307617 35.8646697998047 36.4326400756836 36.6173362731934 36.8382759094238 36.8075675964355 36.6907081604004 36.5543670654297 36.403247833252 36.120189666748 35.4965705871582 35.9011077880859 34.8937683105469 34.6619873046875 35.3823280334473 35.2455406188965 34.6011505126953 35.6443481445312 35.6393699645996 35.6211738586426 35.8700828552246 36.0228538513184 35.9279823303223 35.5169296264648 34.7209892272949 34.1821670532227 33.8267021179199 34.1375274658203 34.6575927734375 34.1208267211914 33.9213333129883 33.2213172912598 33.8834762573242 34.6718482971191 34.5000343322754 34.320629119873 34.3650131225586 33.9672813415527 33.6289863586426 33.8968315124512 34.086986541748 33.0585708618164 32.1402168273926 32.4333381652832 32.7631225585938 33.3166160583496
36.1387710571289 36.4852714538574 36.5568771362305 36.5711059570312 36.7097206115723 36.7656555175781 36.7042961120605 36.6229286193848 36.4718894958496 36.0292549133301 35.6517944335938 35.2910194396973 34.9103660583496 34.5735054016113 35.0638427734375 34.9318389892578 34.9614677429199 34.7901344299316 34.555004119873 34.5406227111816 35.6313323974609 35.8900527954102 35.8711853027344 35.770076751709 35.2103042602539 34.1413307189941 32.8640098571777 33.6178741455078 34.3635025024414 33.4927673339844 33.8425559997559 34.3797340393066 34.6537971496582 34.909610748291 34.8294906616211 34.6460762023926 34.2053337097168 33.4467315673828 33.8678588867188 34.0818710327148 34.3800506591797 34.0670738220215 33.9279670715332 33.9137268066406 33.8936538696289 33.3600616455078
36.3639030456543 36.3576698303223 36.2107582092285 36.310375213623 36.7473526000977 36.6467323303223 36.661205291748 36.6467094421387 36.5582656860352 36.2205810546875 35.1689109802246 35.251091003418 34.8485450744629 33.8142890930176 34.4943618774414 34.2839965820312 34.1347274780273 33.5004920959473 34.2677345275879 34.6120262145996 35.630989074707 35.6547660827637 35.7851448059082 35.8843002319336 35.0846824645996 34.1035385131836 33.0583686828613 33.7675552368164 34.3298072814941 33.8812675476074 34.3349151611328 34.7423477172852 35.096363067627 35.103271484375 34.6998252868652 34.462947845459 34.1328887939453 33.8913612365723 34.3751564025879 34.4568748474121 34.4966430664062 34.4381637573242 34.3346519470215 33.7287178039551 32.968921661377 32.9400482177734
36.4997673034668 36.4960060119629 36.4725112915039 36.3393783569336 36.7584953308105 36.7584991455078 36.7005996704102 36.6480407714844 36.5839157104492 36.4889793395996 36.1785621643066 35.4815444946289 34.7069549560547 33.6235809326172 33.9181137084961 33.88623046875 33.4947357177734 33.7538414001465 33.9842643737793 34.9284591674805 35.6526947021484 35.2651443481445 35.9183197021484 35.7754287719727 35.2270240783691 35.0062789916992 34.0384635925293 34.1342124938965 34.453441619873 34.2972869873047 34.8537940979004 34.8253860473633 35.2317276000977 35.1681938171387 35.0324592590332 34.8098831176758 34.0493507385254 34.2061233520508 34.447021484375 34.4455299377441 34.4799919128418 34.3595161437988 34.289680480957 33.829475402832 33.7665786743164 33.6544990539551
