inst/extdata/Tmax/Tmax70.asc
NCOLS 100 
NROWS 79 
XLLCORNER 148.06 
YLLCORNER -21.49 
CELLSIZE 0.01 
NODATA_value -3.4e+38 
[rows 40 to 59 of 79, columns 0 to 45 of 100]
41.592723846435497 41.3279075622559 41.3306312561035 41.3474082946777 41.2218055725098 41.3135681152344 41.2450981140137 41.0450706481934 40.5876579284668 40.9776725769043 41.5460739135742 41.8070220947266 41.8240051269531 41.8536567687988 41.8954582214355 41.6941375732422 41.4411582946777 41.0925483703613 40.5470161437988 40.9850807189941 40.9610900878906 40.8355941772461 40.7634239196777 40.3830680847168 39.5301551818848 38.9016075134277 38.7045936584473 38.7660102844238 38.8652381896973 38.2449188232422 37.6122741699219 38.001407623291 39.1902770996094 38.9246711730957 38.6705017089844 38.9659156799316 38.8586235046387 38.545352935791 38.3276557922363 37.8921089172363 37.842170715332 37.0121459960938 36.433650970459 36.4190292358398 36.1626853942871 35.9992942810059
41.739860534668 41.3646049499512 41.2217025756836 41.3071556091309 41.1991386413574 41.2628898620605 41.2456283569336 41.1334457397461 40.8873710632324 40.9893074035645 41.2888488769531 41.5825271606445 41.7729949951172 41.9054069519043 41.9285697937012 41.7818450927734 41.5013694763184 41.0154914855957 40.6934356689453 40.8125495910645 40.8187255859375 40.5777320861816 40.7259788513184 40.4555206298828 39.8251571655273 39.3430938720703 38.7470970153809 38.6424293518066 38.8321990966797 38.4052085876465 37.9863090515137 38.5697746276855 39.1957702636719 38.4786415100098 37.7780799865723 38.4924583435059 38.5112380981445 38.6960601806641 38.6491966247559 38.4209327697754 38.2978019714355 37.6072158813477 36.2429122924805 36.1177062988281 36.1805229187012 36.1332130432129
41.6306686401367 41.5756378173828 41.3495712280273 41.224910736084 41.2703857421875 41.2786293029785 41.2343940734863 41.186149597168 41.1414604187012 41.0841217041016 41.1171417236328 41.5302925109863 41.8025970458984 41.9149894714355 41.9120101928711 41.8550567626953 41.6422309875488 41.3214073181152 41.100528717041 41.041820526123 40.9481582641602 40.3277969360352 40.2480125427246 40.4390830993652 40.4483604431152 40.0283546447754 39.2054595947266 38.8643112182617 38.7782440185547 38.5528106689453 37.6780128479004 38.685230255127 38.7255325317383 37.689208984375 36.8910865783691 37.7560997009277 37.7344970703125 38.3398704528809 38.4835205078125 38.1904678344727 37.9607276916504 38.0008697509766 37.4068069458008 37.1890563964844 37.575855255127 38.4902992248535
41.3103981018066 41.3940505981445 41.3531341552734 41.3366661071777 41.3521041870117 41.3328437805176 41.2777442932129 41.2170829772949 41.255428314209 41.2148551940918 41.2099456787109 41.5588836669922 41.7663879394531 41.8886375427246 41.8923606872559 41.8912963867188 41.7881813049316 41.5654792785645 41.2993583679199 41.3182563781738 41.1451530456543 40.8850212097168 40.2483367919922 39.9061470031738 40.5109367370605 40.3021507263184 39.9165840148926 39.4384002685547 39.1099014282227 38.9319725036621 38.1602783203125 38.0565910339355 38.7124786376953 38.2220153808594 37.5954322814941 37.140266418457 37.2037734985352 37.4320907592773 37.640266418457 37.4045181274414 36.9572525024414 37.6410636901855 37.1954574584961 38.0799751281738 39.6771850585938 40.1958923339844
41.0404739379883 41.2125244140625 41.1656837463379 41.1548843383789 41.3164024353027 41.4100036621094 41.4126129150391 41.3484420776367 41.391471862793 41.4206352233887 41.560676574707 41.6587028503418 41.7598419189453 41.8353080749512 41.874641418457 41.9064712524414 41.8668670654297 41.706413269043 41.5517539978027 41.4929428100586 41.3605842590332 41.2047653198242 40.9176292419434 40.709228515625 40.5325241088867 40.0945892333984 40.318000793457 40.174919128418 39.8635063171387 39.2129402160645 38.6248588562012 38.5947799682617 38.8818435668945 39.0233001708984 38.7339134216309 37.6120796203613 36.3103637695312 36.2668609619141 36.3610725402832 36.6765365600586 36.5497360229492 37.0742225646973 36.5910377502441 37.3803329467773 39.0166473388672 40.2330169677734
41.0645141601562 41.1208267211914 40.9469108581543 40.8317642211914 41.0150260925293 41.2107429504395 41.4043807983398 41.5016403198242 41.5502128601074 41.6208801269531 41.6701278686523 41.5758781433105 41.3594779968262 41.6830291748047 41.8710098266602 41.8985176086426 41.8861846923828 41.7946853637695 41.6984024047852 41.6249160766602 41.5278968811035 41.4050025939941 41.3389015197754 40.7748336791992 40.4419593811035 40.3570327758789 40.4225120544434 40.2365951538086 40.0490531921387 39.5606689453125 38.3757667541504 38.5482482910156 38.8263282775879 38.8732795715332 38.9521636962891 38.0947723388672 36.8332290649414 36.5918006896973 36.6147537231445 37.0268363952637 36.4453620910645 36.7875633239746 37.1413726806641 37.4250259399414 38.237850189209 39.2943305969238
40.9362602233887 40.905834197998 40.8870582580566 40.8065605163574 40.7022323608398 40.7469062805176 41.1955299377441 41.3005523681641 41.4011154174805 41.4055595397949 41.5920524597168 41.6621055603027 41.423454284668 41.6423034667969 41.829475402832 41.8834228515625 41.8786354064941 41.7879791259766 41.735954284668 41.6835479736328 41.6004867553711 41.5117454528809 41.4051322937012 40.9643363952637 40.198371887207 40.2853698730469 40.4353065490723 40.198413848877 40.1367454528809 39.986644744873 39.2336311340332 38.906608581543 38.5593109130859 38.7915115356445 38.9062690734863 38.4516448974609 37.4242324829102 37.6831741333008 37.1649971008301 37.8245811462402 37.2818756103516 37.4252738952637 37.5094223022461 37.6001319885254 37.5823554992676 37.3930931091309
41.3690071105957 40.756103515625 40.6533737182617 40.5928802490234 40.5581550598145 40.6676864624023 40.9464302062988 40.8932113647461 41.1165084838867 41.1505889892578 41.213306427002 41.2517051696777 41.4092483520508 41.6500129699707 41.8042411804199 41.8931655883789 41.8723945617676 41.7354621887207 41.5598068237305 41.4571800231934 41.558666229248 41.3680419921875 41.3673324584961 41.2921028137207 40.8664131164551 40.7617607116699 40.7651405334473 40.5528526306152 40.3840370178223 40.1656303405762 39.5180625915527 39.155574798584 38.4749412536621 38.8325996398926 38.8602409362793 38.6304054260254 38.2012748718262 38.4014778137207 38.1396751403809 38.3558502197266 38.0972366333008 37.8965301513672 37.732063293457 37.5788803100586 37.2440567016602 37.0106658935547
42.0054359436035 41.2637557983398 40.5190505981445 40.3669052124023 40.4830093383789 40.6510887145996 40.568675994873 40.5579147338867 40.8672218322754 41.1332550048828 41.188606262207 41.1509971618652 41.3502006530762 41.6145172119141 41.8154792785645 41.860237121582 41.8564147949219 41.7620620727539 41.5955276489258 41.3786468505859 41.42578125 41.3502502441406 41.2624359130859 41.3617630004883 41.2476425170898 41.1350479125977 40.8683052062988 40.656551361084 40.5595664978027 40.2775115966797 39.9028129577637 39.4504165649414 38.6276397705078 38.7605056762695 38.7199974060059 38.7634811401367 38.649242401123 38.6106986999512 38.4903755187988 38.3058586120605 37.5402641296387 37.3741073608398 37.5347633361816 37.279369354248 37.1408195495605 36.7997055053711
42.2419929504395 41.7796363830566 40.9661178588867 40.4068756103516 40.3849220275879 40.3663864135742 40.3747291564941 40.6944007873535 40.9076728820801 40.7991790771484 41.3622894287109 41.5495223999023 41.6334953308105 41.7098960876465 41.7828712463379 41.8425407409668 41.8376922607422 41.7590065002441 41.6512794494629 41.5085868835449 41.3981895446777 41.3083000183105 41.1252593994141 41.144905090332 41.2772331237793 41.2458190917969 41.0357284545898 40.5156898498535 40.044620513916 40.2743263244629 39.9831771850586 39.6744232177734 38.9079856872559 38.6146850585938 38.4037971496582 38.6765556335449 38.7276039123535 38.6209945678711 38.5679168701172 38.263256072998 37.59716796875 37.2124710083008 37.3566284179688 36.9945755004883 36.8998146057129 36.8020439147949
42.2334098815918 42.0721817016602 41.6309776306152 41.037296295166 40.5181884765625 40.2186698913574 40.354606628418 40.6486549377441 40.6804695129395 40.9540252685547 41.4762229919434 41.6643600463867 41.7639274597168 41.8411560058594 41.8433876037598 41.8500862121582 41.734619140625 41.7120628356934 41.7011795043945 41.6141128540039 41.497486114502 41.3267631530762 41.1328887939453 41.0423240661621 41.1231307983398 41.1426658630371 41.1670188903809 40.9276504516602 40.6566581726074 40.5073776245117 39.9921493530273 39.8168869018555 39.0234870910645 38.6254806518555 38.030200958252 38.4640846252441 38.5630187988281 38.5418815612793 38.5750770568848 38.3883209228516 37.8854713439941 37.7178382873535 37.5941009521484 37.3789901733398 37.0588760375977 36.8791694641113
42.2011108398438 42.1664848327637 41.908504486084 41.2825355529785 40.7206840515137 40.4410972595215 40.3821449279785 40.4529991149902 40.2083435058594 40.3466377258301 41.140495300293 41.4869766235352 41.6353034973145 41.8048133850098 41.866153717041 41.8169174194336 41.7344932556152 41.7006568908691 41.653263092041 41.62646484375 41.524284362793 41.401927947998 41.2915725708008 41.0904655456543 40.968391418457 40.8963737487793 40.8508529663086 40.921745300293 40.7029304504395 40.7919311523438 40.7948951721191 40.0528106689453 39.4884300231934 39.0566558837891 38.5791931152344 38.6878471374512 38.6228866577148 38.4448623657227 38.5624580383301 38.4558753967285 37.977409362793 37.8164978027344 37.678050994873 37.4903602600098 37.0109786987305 36.8178253173828
42.0520477294922 42.117431640625 41.9609680175781 41.0511512756348 40.2818298339844 40.2472839355469 40.3288421630859 40.1891937255859 39.9354782104492 40.0555648803711 41.088752746582 41.499095916748 41.6825256347656 41.8343505859375 41.8290710449219 41.7701606750488 41.7479133605957 41.662654876709 41.6094093322754 41.5883483886719 41.5802841186523 41.5022888183594 41.3424301147461 41.1446571350098 40.9285736083984 40.7677192687988 40.7326545715332 40.6578636169434 40.6356086730957 40.5249290466309 40.6795959472656 40.5365791320801 40.0084457397461 39.4276542663574 39.0050468444824 39.3017272949219 39.2271385192871 38.7702217102051 38.5722808837891 38.6204681396484 38.4535598754883 38.2015037536621 37.8773498535156 37.6305656433105 37.2966766357422 36.9164009094238
41.8586387634277 41.9179840087891 41.9927787780762 41.588623046875 40.6411247253418 40.3041191101074 40.6221008300781 40.1368789672852 39.9782485961914 40.0489654541016 41.0453262329102 41.576774597168 41.7558670043945 41.8242225646973 41.7463531494141 41.6467819213867 41.6305198669434 41.6208763122559 41.575870513916 41.4654655456543 41.492603302002 41.5210227966309 41.3776168823242 41.2248039245605 41.0332260131836 40.8714942932129 40.5440902709961 40.3382835388184 40.0017890930176 40.3011703491211 40.1340751647949 40.5989532470703 40.6217880249023 40.2946434020996 39.8321800231934 39.8451881408691 39.4811019897461 39.1408920288086 38.840015411377 39.1702575683594 38.7699394226074 38.5068206787109 38.3276596069336 38.1823501586914 37.9079627990723 37.7528610229492
41.7424621582031 41.709831237793 41.8532829284668 41.8550071716309 41.4410629272461 41.2114067077637 41.1382369995117 40.7981719970703 40.5963516235352 40.5965957641602 40.7639617919922 41.1134262084961 41.6861991882324 41.7893943786621 41.6675224304199 41.5759696960449 41.5574569702148 41.5699768066406 41.5202751159668 41.4471588134766 41.4503936767578 41.5117454528809 41.4520797729492 41.2776336669922 41.1640853881836 40.9831428527832 40.6788368225098 40.4500694274902 40.0585327148438 40.250919342041 39.6615753173828 40.0223922729492 40.215015411377 40.2178726196289 40.3094673156738 40.1832542419434 39.8825912475586 39.7359275817871 39.312442779541 38.8405952453613 38.7573738098145 38.7901229858398 38.5366706848145 38.3399047851562 38.318962097168 38.1686096191406
41.8217544555664 41.8096389770508 41.8306922912598 41.8491897583008 41.7329940795898 41.1733474731445 41.1603927612305 41.2080154418945 40.9978866577148 40.9479217529297 41.1656341552734 41.4662780761719 41.7373085021973 41.7841148376465 41.682674407959 41.5077323913574 41.545036315918 41.5099945068359 41.3221397399902 41.2903022766113 41.391674041748 41.4304504394531 41.4588737487793 41.3577346801758 41.2366065979004 41.0875816345215 40.9014854431152 40.6393203735352 40.4743843078613 40.3169975280762 39.9202499389648 39.5656318664551 39.6724510192871 39.6236000061035 40.0082321166992 39.7246551513672 39.9369316101074 39.7079048156738 39.368824005127 38.9776954650879 38.7496681213379 38.5409278869629 38.0678253173828 37.5095176696777 38.0283355712891 38.187068939209
41.9184150695801 41.8907012939453 41.8403015136719 41.8176002502441 41.6724586486816 40.9470176696777 40.7353973388672 41.1214752197266 41.0095291137695 40.7081680297852 40.9617156982422 41.531566619873 41.7488174438477 41.7603530883789 41.6712074279785 41.4953498840332 41.4783744812012 41.2703628540039 41.033317565918 41.1435241699219 41.3871002197266 41.3675155639648 41.420108795166 41.3958702087402 41.236701965332 41.1654090881348 40.9966278076172 40.715518951416 40.6222763061523 40.4061279296875 40.024284362793 39.3881340026855 39.0990600585938 39.2143478393555 39.6136360168457 39.7230262756348 39.3603858947754 39.0298538208008 39.1930236816406 39.1147079467773 38.78955078125 38.5652122497559 38.0463600158691 37.2760772705078 37.6786994934082 38.006046295166
41.9740905761719 41.931999206543 41.8657913208008 41.8266830444336 41.7809371948242 41.4668350219727 41.0386199951172 40.8067207336426 40.8015632629395 40.5957641601562 41.0204658508301 41.552074432373 41.7400016784668 41.734676361084 41.6465606689453 41.4738388061523 41.3213310241699 41.1160697937012 41.0027770996094 41.2242965698242 41.3197288513184 41.3497543334961 41.3032188415527 41.3727493286133 41.3055572509766 41.2123031616211 41.0550918579102 40.7903633117676 40.6688995361328 40.4796295166016 40.0976028442383 39.8888778686523 39.4626884460449 39.2761878967285 39.2112998962402 39.331226348877 39.5441474914551 39.3929100036621 39.0516662597656 38.8525886535645 38.6530303955078 38.4618873596191 38.2036399841309 37.8975639343262 37.2911071777344 37.5478858947754
41.9980316162109 41.9428405761719 41.8755722045898 41.8540573120117 41.7785034179688 41.5800399780273 41.3059959411621 40.7731094360352 40.6639747619629 40.8229713439941 41.2272796630859 41.5730018615723 41.6941909790039 41.674243927002 41.5482521057129 41.391227722168 41.1249618530273 41.0270195007324 41.1107063293457 41.1231117248535 41.2354049682617 41.1612548828125 40.9914016723633 41.1941871643066 41.3308525085449 41.2122459411621 41.016414642334 40.8553733825684 40.7234115600586 40.6147193908691 40.4294052124023 40.2084503173828 39.9175758361816 39.8527374267578 39.5449180603027 39.2232971191406 39.288875579834 39.3407211303711 39.117244720459 38.9652824401855 38.823112487793 38.5996360778809 38.0118141174316 37.6442222595215 37.749195098877 37.7532691955566
42.0047988891602 42.0033340454102 41.9306793212891 41.8879241943359 41.7787780761719 41.6716537475586 41.5562591552734 41.2268371582031 40.7976951599121 40.8736534118652 41.0090751647949 41.2533187866211 41.4909400939941 41.518871307373 41.4542350769043 41.3203887939453 41.1331787109375 40.9931907653809 40.88330078125 40.9092140197754 41.1010437011719 41.0827713012695 40.8592071533203 41.1886329650879 41.3521537780762 41.2429466247559 41.0961112976074 40.9344177246094 40.8527069091797 40.7385139465332 40.6184616088867 40.4022521972656 40.1028633117676 40.2686767578125 40.1370887756348 39.789436340332 39.3604736328125 39.2445335388184 39.3379821777344 39.6900672912598 39.0048065185547 38.7508239746094 38.3545379638672 37.7135772705078 37.6355323791504 37.5104217529297
