inst/extdata/Tmax/Tmax130.asc
NCOLS 100 
NROWS 79 
XLLCORNER 148.06 
YLLCORNER -21.49 
CELLSIZE 0.01 
NODATA_value -3.4e+38 
[rows 40 to 59 of 79, columns 46 to 91 of 100]
39.9577255249023 40.7121315002441 41.027400970459 41.7003059387207 42.9163513183594 43.6296844482422 43.2628631591797 41.7980766296387 41.4892616271973 41.9909439086914 42.3735389709473 43.6450843811035 43.3431930541992 43.4772453308105 42.841007232666 43.5706825256348 43.6815757751465 43.451358795166 43.4999008178711 43.5481109619141 43.5430717468262 42.8529853820801 43.1146850585938 43.3206634521484 43.3605613708496 43.3880844116211 43.2942543029785 43.000373840332 43.1067123413086 43.2178382873535 43.1724662780762 43.0391426086426 42.7832641601562 41.849910736084 42.0254745483398 42.502742767334 42.4101715087891 42.3159866333008 42.4603157043457 42.0385818481445 41.4909896850586 41.8126411437988 42.014591217041 41.8415069580078 42.0058860778809 42.0201187133789
41.0227088928223 41.9214630126953 41.8342514038086 41.7780113220215 42.9546737670898 43.8502883911133 42.9933242797852 42.6716423034668 43.0934982299805 43.1315231323242 43.3862152099609 43.8678016662598 43.7607765197754 43.747875213623 43.6178703308105 43.8264617919922 43.829963684082 43.7585945129395 43.7036018371582 43.6939926147461 43.6659927368164 43.2776107788086 42.7505378723145 42.9852180480957 42.9048042297363 43.2418098449707 43.4322509765625 43.0745735168457 43.0387954711914 43.2839546203613 43.2870635986328 43.2028503417969 43.0582084655762 42.6021156311035 42.745548248291 42.7563819885254 42.5787925720215 42.5464630126953 42.5910301208496 42.6501159667969 41.9500923156738 42.0861740112305 42.4924392700195 42.3276023864746 42.3943290710449 42.3341293334961
42.9056777954102 43.0163459777832 43.1281967163086 43.4602432250977 43.6782913208008 44.01171875 43.6817245483398 43.2654685974121 43.6187744140625 43.8839302062988 43.8091659545898 44.0084266662598 44.0074806213379 43.926586151123 43.8821029663086 43.9275894165039 43.910457611084 43.8689842224121 43.8217582702637 43.7892532348633 43.7118606567383 43.0326156616211 42.8647956848145 43.1967811584473 42.8025512695312 43.1098861694336 43.3926467895508 43.296028137207 43.2278022766113 43.3738861083984 43.3682174682617 43.3350067138672 43.277946472168 43.1697959899902 43.071647644043 42.8241081237793 42.1466636657715 42.5433769226074 42.887077331543 42.8532676696777 42.7442283630371 42.674259185791 42.7264404296875 42.7210235595703 42.7194633483887 42.6621551513672
43.8331413269043 43.822437286377 43.892261505127 43.9719276428223 44.1151924133301 44.1543388366699 44.0693321228027 43.8769760131836 43.9747886657715 44.1040267944336 44.088737487793 44.0983695983887 44.0578956604004 44.0064582824707 43.9948348999023 43.9608573913574 43.8901863098145 43.8480453491211 43.8448295593262 43.8396606445312 43.7930183410645 43.6035270690918 43.4014663696289 43.4970626831055 43.3775482177734 43.0491714477539 43.2236747741699 43.3829154968262 43.459342956543 43.4444808959961 43.4203109741211 43.3852806091309 43.3349342346191 43.2760887145996 43.2411613464355 43.1203269958496 42.7577590942383 42.9444274902344 43.0376434326172 42.9959907531738 42.9521751403809 42.9202842712402 42.8804817199707 42.861873626709 42.8360748291016 42.7942886352539
43.7125930786133 43.8851547241211 44.0501251220703 44.0301208496094 44.0444183349609 44.1151084899902 44.1263008117676 44.1496276855469 44.1435661315918 44.0777893066406 43.9150314331055 43.9665832519531 43.887134552002 43.6767539978027 43.780574798584 43.8598480224609 43.7549324035645 43.8068695068359 43.8458557128906 43.852710723877 43.8451042175293 43.7295532226562 43.4851303100586 43.278205871582 43.4086647033691 43.5104637145996 43.5142097473145 43.5137748718262 43.4889030456543 43.4808158874512 43.4469947814941 43.4097328186035 43.3494987487793 43.2910118103027 43.2790946960449 43.218376159668 43.1730766296387 43.1387062072754 43.068717956543 43.0383567810059 43.0012512207031 42.9618988037109 42.9339332580566 42.8950996398926 42.8012390136719 42.8001441955566
42.3496170043945 42.9337882995605 43.2325325012207 43.3708076477051 43.6211967468262 43.8495941162109 43.7843437194824 43.9038505554199 43.8766059875488 43.7335243225098 43.1561470031738 43.1424751281738 43.1755828857422 42.0277328491211 42.7290992736816 43.2840347290039 43.6530990600586 43.8613929748535 43.896671295166 43.8858375549316 43.8726081848145 43.7241096496582 43.3923416137695 43.1037292480469 43.2675857543945 43.4348640441895 43.49560546875 43.4566802978516 43.4714508056641 43.4899826049805 43.4694442749023 43.4368476867676 43.3919830322266 43.3544654846191 43.3006706237793 43.2131843566895 43.174747467041 43.1384735107422 43.0877342224121 43.0514831542969 43.0107078552246 42.9745864868164 42.9376373291016 42.8731231689453 42.8392372131348 42.8358116149902
40.4403686523438 41.4481811523438 41.3501129150391 41.3041305541992 42.3306617736816 42.7282638549805 42.7968368530273 42.9727363586426 43.2907295227051 42.7993354797363 42.2713851928711 41.8010902404785 42.2908706665039 42.1688652038574 42.484619140625 43.3319091796875 43.7975387573242 43.9037475585938 43.8996620178223 43.8578643798828 43.8723831176758 43.8557281494141 43.5348892211914 43.2593841552734 43.1508598327637 43.3261489868164 43.4437103271484 43.492805480957 43.5328941345215 43.5148391723633 43.5054969787598 43.4800796508789 43.442497253418 43.3900451660156 43.3034477233887 43.2410697937012 43.2065238952637 43.1726226806641 43.1319465637207 43.0912857055664 43.0502471923828 43.017219543457 42.985179901123 42.9331741333008 42.8989486694336 42.803825378418
40.5503768920898 40.4747428894043 40.2966728210449 40.3409309387207 40.2730369567871 40.8960647583008 41.8772163391113 42.3695602416992 42.4863739013672 42.3650550842285 42.7590751647949 42.606803894043 42.4600677490234 42.8755226135254 43.0696411132812 43.691349029541 43.8458976745605 43.8380661010742 43.7665977478027 43.8238563537598 43.8885879516602 43.896312713623 43.7676239013672 43.5226058959961 43.1988410949707 43.3713684082031 43.477970123291 43.5610389709473 43.5791053771973 43.573543548584 43.5578880310059 43.5149955749512 43.4390869140625 43.3566207885742 43.2832984924316 43.2450218200684 43.2229347229004 43.2029838562012 43.1660575866699 43.1262092590332 43.0950355529785 43.0668258666992 43.0326080322266 42.9885406494141 42.8225059509277 42.6540679931641
40.2322120666504 40.2985649108887 40.467357635498 40.2134819030762 40.1179580688477 40.193546295166 40.884822845459 42.1724014282227 42.566104888916 42.6780738830566 42.537353515625 42.6556167602539 42.8524703979492 43.0453567504883 43.0633697509766 43.4390487670898 43.685417175293 43.6581230163574 43.6259307861328 43.8107032775879 43.866771697998 43.8506126403809 43.8794593811035 43.7922630310059 43.6826362609863 43.6398735046387 43.6701202392578 43.6860275268555 43.6600646972656 43.6308326721191 43.5891418457031 43.5131378173828 43.424633026123 43.3041572570801 43.2455825805664 43.2647285461426 43.2415390014648 43.2244453430176 43.2063484191895 43.1669960021973 43.1467704772949 43.116828918457 43.0773849487305 43.0391235351562 42.9019622802734 42.7844543457031
40.3046569824219 40.4327850341797 40.4361877441406 40.1450653076172 40.5368232727051 41.2150497436523 41.2833213806152 42.2548942565918 42.6019706726074 42.7349319458008 42.5767288208008 42.9145812988281 43.0987396240234 43.0767593383789 43.1188430786133 43.0282287597656 43.0750885009766 43.2204627990723 43.4636344909668 43.6888236999512 43.7387313842773 43.7224006652832 43.8613510131836 43.8648834228516 43.8465957641602 43.8115768432617 43.763557434082 43.6162605285645 43.6290817260742 43.6454696655273 43.5964736938477 43.4885368347168 43.4284973144531 43.2638511657715 43.1886596679688 43.2939414978027 43.2656021118164 43.224983215332 43.2373924255371 43.2135925292969 43.1814002990723 43.1568565368652 43.1186904907227 43.066951751709 42.9845504760742 42.9110412597656
40.3444404602051 40.2272491455078 40.3935661315918 40.1351013183594 40.6601257324219 41.551139831543 41.8130683898926 42.2534484863281 42.7781181335449 43.095157623291 43.0942840576172 43.1605834960938 43.1901702880859 43.1878204345703 43.1543426513672 43.0997314453125 43.1240425109863 42.8992118835449 42.6124992370605 43.4268798828125 43.3264465332031 43.6136741638184 43.8185615539551 43.831657409668 43.837646484375 43.8067474365234 43.7267990112305 43.5445899963379 43.6180572509766 43.6592788696289 43.5234565734863 43.3788909912109 43.3604774475098 43.3173294067383 43.3106956481934 43.3477630615234 43.324146270752 43.2856788635254 43.2563629150391 43.2521514892578 43.2317276000977 43.1895904541016 43.1410865783691 43.0861892700195 43.0259475708008 42.9395294189453
39.9872131347656 39.9476165771484 40.2534713745117 39.7045097351074 39.8148727416992 41.4688301086426 42.0658416748047 42.5412292480469 42.7806129455566 42.9734230041504 43.0062561035156 42.9865036010742 42.8125762939453 42.7894592285156 42.9676513671875 43.0516471862793 43.2757911682129 43.1965789794922 43.0335006713867 43.0384902954102 42.9031105041504 43.4554061889648 43.7181434631348 43.8125839233398 43.7895584106445 43.7806205749512 43.5064697265625 43.2163391113281 43.6133308410645 43.6761131286621 43.4616737365723 43.2223014831543 43.3705139160156 43.3761405944824 43.3684387207031 43.3276481628418 43.2973709106445 43.2718696594238 43.2592391967773 43.2231292724609 43.2083396911621 43.1996040344238 43.1590270996094 43.1060638427734 43.048454284668 42.9758567810059
39.684700012207 39.5441246032715 39.9260215759277 39.8050384521484 39.8620223999023 40.6972465515137 41.5240898132324 42.0324020385742 42.3918876647949 42.6519432067871 42.5985336303711 42.5207366943359 42.5475692749023 42.7424850463867 43.2754364013672 43.3384628295898 43.4491996765137 43.3520164489746 43.2655410766602 43.1150932312012 42.9165000915527 43.3805236816406 43.6745491027832 43.7829818725586 43.7118186950684 43.7574996948242 43.4578514099121 42.7582817077637 43.4518203735352 43.6754760742188 43.4643783569336 43.2700386047363 43.3832931518555 43.3134651184082 43.2372169494629 43.2385902404785 43.2457466125488 43.1735610961914 43.0875968933105 43.0455703735352 43.103328704834 43.135669708252 43.1647071838379 43.1202545166016 43.0649681091309 43.0083160400391
40.6363677978516 39.7420501708984 39.8177108764648 40.1410217285156 40.4435348510742 41.327823638916 41.3674354553223 41.983211517334 42.5920639038086 42.8281364440918 43.0839080810547 43.140495300293 43.2172698974609 43.3617210388184 43.4769248962402 43.4945220947266 43.4324722290039 43.4612998962402 43.4101409912109 43.2118797302246 43.04443359375 43.041389465332 43.4033012390137 43.5417098999023 43.4610977172852 43.7455253601074 43.6434898376465 43.1565856933594 43.5163841247559 43.6759872436523 43.4961242675781 43.3400497436523 43.2521514892578 42.9854049682617 43.0940361022949 43.0322151184082 43.0092926025391 42.6781539916992 42.7219619750977 41.9454917907715 42.9129791259766 43.0631294250488 43.157039642334 43.1307106018066 43.0794525146484 43.0233840942383
41.2382926940918 40.3715705871582 39.9033889770508 40.5693778991699 41.099250793457 41.6948585510254 41.7388229370117 42.1012840270996 42.6810836791992 42.9840126037598 43.0077362060547 42.9974937438965 43.2867202758789 43.3915367126465 43.4492416381836 43.4223442077637 43.5500679016113 43.6213455200195 43.5731658935547 43.3640594482422 43.2198219299316 43.1367034912109 43.2085304260254 43.1911392211914 43.1457595825195 43.622932434082 43.7224769592285 43.4864540100098 43.2455749511719 43.6004180908203 43.252269744873 42.6399765014648 43.0647010803223 43.1543655395508 43.3336219787598 43.3157730102539 43.256031036377 43.2015533447266 43.0115547180176 42.2635040283203 42.8345832824707 43.0375900268555 43.1281967163086 43.128833770752 43.0925750732422 43.0390357971191
41.2850952148438 40.5301094055176 40.0281982421875 41.1114540100098 41.9067230224609 42.2470741271973 42.816162109375 42.9765930175781 43.1168441772461 43.1800994873047 43.0226860046387 42.9679412841797 43.3698806762695 43.4140167236328 43.3976516723633 43.4368591308594 43.4966926574707 43.4631767272949 43.8211822509766 43.6180953979492 43.3928451538086 43.2594871520996 43.216480255127 43.0727653503418 43.0550422668457 43.4960594177246 43.7187576293945 43.6242332458496 43.4911575317383 43.6839065551758 43.1651954650879 42.3333435058594 42.6789665222168 43.1488418579102 43.1445007324219 42.842041015625 42.854793548584 43.2087554931641 43.2619094848633 43.2022705078125 43.2045745849609 43.1662063598633 43.1434364318848 43.1101875305176 43.0947532653809 43.056755065918
41.1846733093262 40.3359146118164 39.9114875793457 40.9347877502441 41.9879035949707 42.2656097412109 41.7793388366699 42.8313522338867 42.7683448791504 42.3111991882324 43.0468330383301 43.1867790222168 43.1812324523926 43.2038192749023 43.1934661865234 43.3398513793945 43.4132194519043 43.4733276367188 43.8076095581055 43.8677825927734 43.7017707824707 43.4506072998047 43.2998466491699 43.2165298461914 43.0144271850586 43.3432388305664 43.6490325927734 43.6316184997559 43.7379455566406 43.7540054321289 43.3584289550781 42.0317726135254 42.4955139160156 42.0972061157227 42.3299980163574 41.7800827026367 42.4616737365723 43.192943572998 43.2445297241211 43.2570419311523 43.2434234619141 43.1505813598633 43.0406379699707 43.0849304199219 43.0703010559082 43.0447196960449
41.1732521057129 40.5127716064453 40.5457534790039 40.9630889892578 41.7168312072754 42.0518608093262 42.3763084411621 42.5418472290039 41.4800148010254 41.3861389160156 42.6086654663086 41.8016548156738 42.0735321044922 42.4021034240723 42.9394798278809 43.2807121276855 43.3719749450684 43.5097961425781 43.7385215759277 43.8063812255859 43.8244209289551 43.6219902038574 43.3565368652344 43.3813323974609 43.2633247375488 43.4174575805664 43.388313293457 43.2386474609375 43.6072235107422 43.7100410461426 43.5160598754883 42.9696884155273 41.8582572937012 40.2914772033691 40.4080657958984 41.7027130126953 42.7567558288574 43.1725463867188 43.2207183837891 43.1470222473145 43.1229095458984 42.9260368347168 42.8047142028809 43.0388221740723 42.8202781677246 42.8362274169922
41.1539649963379 40.8258819580078 40.6316528320312 40.8745079040527 41.3682022094727 42.0176086425781 42.1295967102051 41.7692108154297 41.3603363037109 42.0281257629395 42.4041786193848 41.5855560302734 41.8252182006836 42.1436233520508 42.8647575378418 43.1608390808105 43.3616485595703 43.663158416748 43.9383735656738 43.7848434448242 43.6669578552246 43.855037689209 43.6416091918945 43.4786834716797 43.3336486816406 43.312629699707 43.3448257446289 43.2438621520996 43.454044342041 43.6657905578613 43.6646385192871 43.2575263977051 42.6972236633301 41.4150619506836 40.9147796630859 41.7487678527832 42.7546653747559 43.130989074707 43.1420364379883 42.7715606689453 42.9363479614258 43.0327987670898 42.8492584228516 42.8615188598633 42.5927047729492 42.7500648498535
40.8712043762207 40.6695022583008 40.2433547973633 40.5115623474121 41.141170501709 41.2665939331055 41.5965042114258 41.842960357666 42.0547790527344 42.115306854248 42.3759994506836 42.5212669372559 43.0102691650391 43.0539703369141 43.1405410766602 42.7754783630371 43.4743576049805 43.7248992919922 43.8509712219238 43.6173362731934 43.6808853149414 43.7961692810059 43.8404541015625 43.7690544128418 43.5315170288086 43.4614562988281 43.169132232666 43.2582511901855 43.5176200866699 43.5478324890137 43.6274681091309 43.6180000305176 43.182933807373 42.6578712463379 41.9467391967773 41.7058181762695 42.5389404296875 43.074333190918 42.6818580627441 42.2560157775879 42.9033355712891 43.0519332885742 42.8162231445312 42.2150039672852 42.4409713745117 42.7895660400391
