inst/extdata/Tmax/Tmax21.asc
NCOLS 100 
NROWS 79 
XLLCORNER 148.06 
YLLCORNER -21.49 
CELLSIZE 0.01 
NODATA_value -3.4e+38 
[rows 0 to 19 of 79, columns 46 to 91 of 100]
25.457691192627 24.1487827301025 24.3387985229492 24.5959568023682 25.1739273071289 25.1239910125732 25.394115447998 25.416036605835 24.4128704071045 22.4221153259277 24.1413688659668 23.5103721618652 24.2992496490479 25.011869430542 25.2021026611328 25.4098434448242 25.6257419586182 26.068473815918 24.6584663391113 25.2513160705566 25.4780216217041 -3.4e+38 -3.4e+38 -3.4e+38 -3.4e+38 -3.4e+38 -3.4e+38 -3.4e+38 -3.4e+38 -3.4e+38 -3.4e+38 -3.4e+38 -3.4e+38 -3.4e+38 -3.4e+38 -3.4e+38 -3.4e+38 -3.4e+38 -3.4e+38 -3.4e+38 -3.4e+38 -3.4e+38 -3.4e+38 -3.4e+38 -3.4e+38 -3.4e+38
25.7817687988281 25.2527923583984 23.8962059020996 24.2360649108887 24.4550666809082 24.4570350646973 24.8432636260986 25.2520217895508 23.9351806640625 22.8874683380127 24.9893779754639 24.5958042144775 26.5012531280518 26.1950206756592 25.0503215789795 24.0737915039062 25.2481155395508 27.131383895874 26.0724296569824 24.8769264221191 25.6109218597412 27.7066097259521 -3.4e+38 -3.4e+38 -3.4e+38 -3.4e+38 -3.4e+38 -3.4e+38 -3.4e+38 -3.4e+38 -3.4e+38 -3.4e+38 -3.4e+38 -3.4e+38 -3.4e+38 -3.4e+38 -3.4e+38 -3.4e+38 -3.4e+38 -3.4e+38 -3.4e+38 -3.4e+38 -3.4e+38 -3.4e+38 -3.4e+38 -3.4e+38
27.5201663970947 24.3743171691895 22.2113304138184 22.866720199585 22.7600116729736 24.3394908905029 23.5480442047119 23.4941596984863 22.6513442993164 22.3657913208008 24.2591381072998 25.7612648010254 27.1792049407959 26.702449798584 24.2021961212158 23.5041351318359 25.0900173187256 24.7611255645752 24.6654090881348 24.9096736907959 24.614933013916 24.8826904296875 24.7566432952881 25.2845764160156 -3.4e+38 -3.4e+38 -3.4e+38 -3.4e+38 -3.4e+38 -3.4e+38 -3.4e+38 -3.4e+38 -3.4e+38 -3.4e+38 -3.4e+38 -3.4e+38 -3.4e+38 -3.4e+38 -3.4e+38 -3.4e+38 -3.4e+38 -3.4e+38 -3.4e+38 -3.4e+38 -3.4e+38 -3.4e+38
23.5116863250732 23.0584888458252 20.0295600891113 21.2091255187988 22.8922863006592 22.7499160766602 23.2496738433838 23.4361324310303 23.1452579498291 22.7158622741699 24.0260543823242 23.6490230560303 26.4845714569092 27.1013946533203 24.5801982879639 24.0284595489502 25.9036102294922 26.6002388000488 26.0508460998535 25.3192825317383 23.9240226745605 24.9099540710449 24.6794357299805 25.555944442749 26.0797996520996 26.0659370422363 -3.4e+38 -3.4e+38 -3.4e+38 -3.4e+38 -3.4e+38 -3.4e+38 -3.4e+38 -3.4e+38 -3.4e+38 -3.4e+38 -3.4e+38 -3.4e+38 -3.4e+38 -3.4e+38 -3.4e+38 -3.4e+38 -3.4e+38 -3.4e+38 -3.4e+38 -3.4e+38
24.4393615722656 22.637752532959 19.7772045135498 19.5543537139893 21.2057609558105 23.5740089416504 24.2921848297119 24.6622295379639 22.7606163024902 21.7664546966553 22.4580478668213 20.8606929779053 22.3714179992676 26.534984588623 23.7479228973389 24.1097774505615 26.0103034973145 25.8376274108887 26.5114288330078 26.4079856872559 19.9610118865967 24.8658657073975 25.2021541595459 24.7302131652832 25.5579948425293 26.0446605682373 -3.4e+38 -3.4e+38 -3.4e+38 -3.4e+38 -3.4e+38 -3.4e+38 -3.4e+38 -3.4e+38 -3.4e+38 -3.4e+38 -3.4e+38 -3.4e+38 -3.4e+38 -3.4e+38 -3.4e+38 -3.4e+38 -3.4e+38 -3.4e+38 -3.4e+38 -3.4e+38
20.0368423461914 20.9775218963623 18.8373031616211 18.0744247436523 21.1303768157959 23.4320278167725 22.8616466522217 23.3233604431152 22.1824798583984 22.4959125518799 20.1428451538086 19.8302001953125 23.9684829711914 24.8766460418701 22.756814956665 24.1338844299316 25.4396991729736 26.5951652526855 25.6347198486328 25.3995304107666 20.0059967041016 22.1176891326904 25.8094997406006 24.8411483764648 25.3260898590088 25.3065967559814 -3.4e+38 -3.4e+38 -3.4e+38 -3.4e+38 -3.4e+38 -3.4e+38 -3.4e+38 -3.4e+38 -3.4e+38 -3.4e+38 -3.4e+38 -3.4e+38 -3.4e+38 -3.4e+38 -3.4e+38 -3.4e+38 -3.4e+38 -3.4e+38 -3.4e+38 -3.4e+38
18.7196426391602 19.7512702941895 20.0357913970947 19.6091651916504 23.7459182739258 23.4399147033691 23.4517345428467 22.3348159790039 23.2074108123779 22.1137371063232 21.1930522918701 21.5441989898682 22.7472343444824 26.4492740631104 26.3238983154297 27.483325958252 24.0442218780518 24.4072666168213 24.4649887084961 24.9635887145996 26.7693386077881 24.5510196685791 25.4012641906738 24.9631595611572 24.4319725036621 23.7879676818848 23.7610111236572 24.3532905578613 -3.4e+38 -3.4e+38 -3.4e+38 -3.4e+38 -3.4e+38 -3.4e+38 -3.4e+38 -3.4e+38 -3.4e+38 -3.4e+38 -3.4e+38 -3.4e+38 -3.4e+38 -3.4e+38 -3.4e+38 -3.4e+38 -3.4e+38 -3.4e+38
17.6303615570068 20.4454231262207 25.7115802764893 20.2130260467529 19.0349636077881 20.8946304321289 22.8085060119629 21.9479923248291 22.3219623565674 23.1913967132568 21.6137046813965 21.1519603729248 22.229040145874 23.7181720733643 22.0148506164551 24.9502487182617 21.923583984375 21.7554817199707 23.1493434906006 24.566047668457 24.842248916626 23.5276527404785 24.0962734222412 24.7631759643555 23.7860736846924 23.0714359283447 22.8436870574951 23.5453510284424 24.9368095397949 23.4700946807861 24.7493629455566 -3.4e+38 -3.4e+38 -3.4e+38 -3.4e+38 -3.4e+38 -3.4e+38 -3.4e+38 -3.4e+38 -3.4e+38 -3.4e+38 -3.4e+38 -3.4e+38 -3.4e+38 -3.4e+38 -3.4e+38
17.5910320281982 19.7070178985596 20.589017868042 24.5206680297852 20.0212669372559 18.1817150115967 20.5275764465332 21.0031852722168 23.3110198974609 23.6059150695801 23.8256492614746 22.1524696350098 21.802604675293 22.4307613372803 20.3062858581543 20.1973133087158 19.4609184265137 23.8181190490723 22.4265537261963 23.8471965789795 25.9417171478271 25.8439121246338 23.3679542541504 21.4101371765137 22.5650825500488 23.234977722168 23.9031810760498 25.077657699585 24.7562046051025 23.5418453216553 23.0572338104248 25.5125923156738 -3.4e+38 -3.4e+38 -3.4e+38 -3.4e+38 -3.4e+38 -3.4e+38 -3.4e+38 -3.4e+38 -3.4e+38 -3.4e+38 -3.4e+38 -3.4e+38 -3.4e+38 -3.4e+38
18.8805541992188 19.6647777557373 20.358247756958 21.1612758636475 22.7452964782715 19.5508155822754 19.299674987793 21.1232490539551 22.6956748962402 22.9861392974854 22.9142055511475 22.6625823974609 21.6269207000732 21.7569446563721 20.1376533508301 19.7705097198486 19.4105701446533 24.5195636749268 24.3074913024902 22.5463218688965 23.7271633148193 25.5595626831055 26.3161964416504 25.3005924224854 25.3452491760254 23.0492820739746 23.6512813568115 26.2196884155273 24.2297306060791 23.5593738555908 26.613302230835 27.1114063262939 -3.4e+38 -3.4e+38 -3.4e+38 -3.4e+38 -3.4e+38 -3.4e+38 -3.4e+38 -3.4e+38 -3.4e+38 -3.4e+38 -3.4e+38 -3.4e+38 -3.4e+38 -3.4e+38
17.8699340820312 19.9984340667725 19.9738883972168 19.9700946807861 21.5305652618408 24.4448299407959 21.5887317657471 22.4920272827148 22.32421875 22.5575408935547 23.3520679473877 22.8440570831299 22.3892688751221 23.0282020568848 22.43678855896 22.535758972168 23.6814708709717 23.9921092987061 25.228889465332 24.985071182251 22.5801391601562 25.8022270202637 23.5002593994141 22.3610591888428 24.1572608947754 23.8784637451172 24.9072132110596 24.8962879180908 26.9038219451904 27.5370216369629 -3.4e+38 -3.4e+38 -3.4e+38 -3.4e+38 -3.4e+38 -3.4e+38 -3.4e+38 -3.4e+38 -3.4e+38 -3.4e+38 -3.4e+38 -3.4e+38 -3.4e+38 -3.4e+38 -3.4e+38 -3.4e+38
17.3414764404297 18.4050788879395 18.525484085083 17.7177963256836 18.5742416381836 19.7268447875977 26.4253940582275 23.2109565734863 22.9391670227051 22.6484718322754 22.85133934021 23.2692108154297 22.4169025421143 23.0406494140625 22.782772064209 24.6455688476562 24.6265487670898 24.5911064147949 27.6789302825928 25.4735851287842 23.6817207336426 23.7272357940674 23.8574752807617 23.277364730835 27.2679233551025 23.1292839050293 24.5110454559326 24.2945251464844 25.1093635559082 23.9616260528564 -3.4e+38 -3.4e+38 -3.4e+38 -3.4e+38 -3.4e+38 -3.4e+38 -3.4e+38 -3.4e+38 -3.4e+38 -3.4e+38 -3.4e+38 -3.4e+38 -3.4e+38 -3.4e+38 -3.4e+38 -3.4e+38
17.0712738037109 15.8002328872681 15.4509878158569 15.3876161575317 17.679594039917 18.4317150115967 20.0585498809814 20.465934753418 22.3425426483154 22.8570232391357 21.4350299835205 21.7865867614746 21.6957149505615 22.243465423584 22.6765193939209 22.7147026062012 22.9660606384277 24.7242622375488 27.0996017456055 26.8132572174072 24.6024551391602 24.8482265472412 24.7445545196533 26.5334167480469 24.8846263885498 24.1635684967041 25.0504398345947 24.3409938812256 22.7491359710693 20.9281444549561 24.060733795166 25.4671096801758 -3.4e+38 -3.4e+38 -3.4e+38 -3.4e+38 -3.4e+38 -3.4e+38 -3.4e+38 -3.4e+38 -3.4e+38 -3.4e+38 -3.4e+38 -3.4e+38 -3.4e+38 -3.4e+38
17.0747241973877 16.1438331604004 15.5781106948853 15.1476593017578 15.7262916564941 16.3176422119141 18.1725482940674 19.3267078399658 21.8681240081787 22.9981212615967 22.0739154815674 22.063985824585 22.6179904937744 23.0966320037842 23.4504776000977 24.7406959533691 22.9469432830811 24.9436855316162 26.0520801544189 24.9608325958252 24.9731063842773 27.3838138580322 25.1002235412598 24.6048793792725 25.982967376709 24.271354675293 23.28590965271 23.0970916748047 22.2029228210449 23.5003604888916 25.4978160858154 25.27370262146 24.2310218811035 -3.4e+38 -3.4e+38 -3.4e+38 -3.4e+38 20.5819721221924 26.8067779541016 -3.4e+38 -3.4e+38 -3.4e+38 -3.4e+38 -3.4e+38 -3.4e+38 -3.4e+38
17.5290775299072 16.7751560211182 15.638991355896 15.2328777313232 15.8684387207031 15.6059617996216 16.8418426513672 18.429859161377 19.6958351135254 20.764232635498 19.050874710083 22.5214309692383 21.8597507476807 22.5569496154785 23.8653755187988 22.9535160064697 23.785192489624 27.2760200500488 23.8413257598877 25.6706562042236 24.8641395568848 26.8192291259766 25.5349998474121 24.8399868011475 24.8139820098877 24.9285755157471 24.8370208740234 23.4966621398926 23.0723056793213 25.9173259735107 25.9086627960205 25.1068420410156 24.5278129577637 -3.4e+38 -3.4e+38 -3.4e+38 -3.4e+38 21.725435256958 25.5693893432617 27.0828399658203 26.7320117950439 26.6220836639404 -3.4e+38 -3.4e+38 -3.4e+38 -3.4e+38
17.4433193206787 16.1392936706543 15.6066751480103 15.6854677200317 15.2605171203613 16.3076152801514 16.1470012664795 17.4916439056396 21.49782371521 23.1591110229492 21.0393333435059 19.3365955352783 23.1673927307129 18.677267074585 18.7813262939453 19.6733112335205 24.9550514221191 23.2668170928955 22.8521118164062 24.0472393035889 24.2533206939697 25.0468692779541 24.8969173431396 24.2098789215088 24.1894073486328 24.3225173950195 25.4821109771729 24.5130939483643 23.7132511138916 23.7198905944824 24.5314197540283 21.097448348999 27.3844947814941 -3.4e+38 -3.4e+38 24.7837162017822 26.534782409668 25.7754173278809 24.5569686889648 25.6466484069824 25.6131153106689 27.0759811401367 -3.4e+38 -3.4e+38 -3.4e+38 -3.4e+38
15.9388370513916 14.5835752487183 14.675877571106 16.0380115509033 16.5197410583496 16.2533702850342 15.7979278564453 16.6131820678711 23.6007881164551 22.1754131317139 26.405834197998 19.1082916259766 20.0830230712891 20.8812389373779 18.7787666320801 19.0291118621826 19.7996730804443 21.7340240478516 23.5336418151855 22.9766616821289 25.8472805023193 23.1977558135986 23.9233055114746 24.2410182952881 23.7275009155273 24.8425998687744 24.8218460083008 25.1793479919434 25.523099899292 24.2233638763428 24.4945106506348 21.1140918731689 23.1898384094238 -3.4e+38 27.1441078186035 22.6046562194824 24.5876331329346 -3.4e+38 27.0647239685059 -3.4e+38 26.7949714660645 -3.4e+38 -3.4e+38 -3.4e+38 -3.4e+38 -3.4e+38
16.5629234313965 14.7226610183716 13.9674072265625 16.8637943267822 16.9558219909668 16.0500621795654 15.6414699554443 15.7256641387939 17.4979915618896 19.8959980010986 20.309211730957 24.1598491668701 25.8736438751221 21.2606182098389 20.7056579589844 22.1132659912109 22.5752735137939 22.8854141235352 22.456823348999 22.403564453125 23.9881362915039 24.0544395446777 25.6287155151367 25.6780185699463 23.9895915985107 23.784330368042 24.7563877105713 23.7440872192383 24.0487461090088 23.9362964630127 21.6398639678955 22.9417877197266 26.9297542572021 23.9672775268555 23.0338439941406 25.7338180541992 25.3899021148682 -3.4e+38 -3.4e+38 -3.4e+38 -3.4e+38 -3.4e+38 -3.4e+38 26.7549781799316 -3.4e+38 -3.4e+38
17.4787197113037 17.2152881622314 14.6591949462891 16.4368000030518 15.0102062225342 15.2590255737305 16.3340854644775 16.4639110565186 18.1931018829346 21.0047931671143 20.0713558197021 20.1972675323486 22.907543182373 26.9201698303223 22.4134178161621 22.7299556732178 22.5491123199463 21.7815589904785 21.327564239502 21.2998085021973 26.722469329834 24.3669548034668 26.4318065643311 24.6258125305176 24.8390197753906 23.3577766418457 23.8315410614014 22.7592639923096 23.3919410705566 23.4853591918945 21.9061889648438 22.1987934112549 25.2767391204834 25.4217414855957 24.947078704834 25.3403091430664 24.9923191070557 26.6638069152832 25.259937286377 22.2801742553711 24.6990165710449 24.4293766021729 25.5441303253174 24.6913242340088 -3.4e+38 -3.4e+38
18.0276927947998 17.1842861175537 17.5531959533691 17.70290184021 16.2235202789307 15.6646671295166 15.4169273376465 15.7917156219482 18.0331554412842 25.7349662780762 20.4072303771973 26.2280807495117 25.1278762817383 22.3639297485352 22.5614013671875 20.187479019165 20.3404293060303 22.8259582519531 21.3710079193115 21.70481300354 23.9007244110107 25.4458866119385 27.4662704467773 25.2150897979736 26.8650398254395 23.6972064971924 26.4124946594238 24.8169612884521 23.9880123138428 23.7449378967285 22.9964790344238 24.1719379425049 25.7383213043213 26.3480701446533 26.5610275268555 23.8187770843506 23.5639457702637 24.9988670349121 26.1240520477295 26.909351348877 26.506742477417 26.5865440368652 24.9055862426758 24.7442779541016 21.1441345214844 -3.4e+38
