inst/extdata/Tmax/Tmax85.asc
NCOLS 100 
NROWS 79 
XLLCORNER 148.06 
YLLCORNER -21.49 
CELLSIZE 0.01 
NODATA_value -3.4e+38 
[rows 0 to 19 of 79, columns 46 to 91 of 100]
32.4874954223633 32.3164901733398 32.2217063903809 32.2274551391602 32.2164459228516 32.1111145019531 32.3219795227051 32.1629333496094 31.9844760894775 31.8231830596924 31.7609539031982 31.5166835784912 31.4373512268066 31.6687335968018 31.9582786560059 31.9123058319092 31.8189029693604 31.6850185394287 31.430492401123 31.2956123352051 31.2325439453125 -3.4e+38 -3.4e+38 -3.4e+38 -3.4e+38 -3.4e+38 -3.4e+38 -3.4e+38 -3.4e+38 -3.4e+38 -3.4e+38 -3.4e+38 -3.4e+38 -3.4e+38 -3.4e+38 -3.4e+38 -3.4e+38 -3.4e+38 -3.4e+38 -3.4e+38 -3.4e+38 -3.4e+38 -3.4e+38 -3.4e+38 -3.4e+38 -3.4e+38
32.4517440795898 32.1819152832031 31.9682083129883 32.2151985168457 32.3776893615723 32.3891677856445 32.3496780395508 32.2571105957031 31.9363803863525 31.5284328460693 31.6741752624512 31.1786403656006 31.6776504516602 31.995246887207 31.9961471557617 31.9371204376221 31.8554725646973 31.7503566741943 31.5870895385742 31.5273189544678 31.4710903167725 31.3728103637695 -3.4e+38 -3.4e+38 -3.4e+38 -3.4e+38 -3.4e+38 -3.4e+38 -3.4e+38 -3.4e+38 -3.4e+38 -3.4e+38 -3.4e+38 -3.4e+38 -3.4e+38 -3.4e+38 -3.4e+38 -3.4e+38 -3.4e+38 -3.4e+38 -3.4e+38 -3.4e+38 -3.4e+38 -3.4e+38 -3.4e+38 -3.4e+38
32.3648376464844 31.658519744873 30.8825645446777 32.1734161376953 32.3661727905273 32.3828239440918 32.367561340332 32.3240966796875 32.11083984375 31.5547466278076 31.6610870361328 31.8047428131104 31.8933620452881 32.0582008361816 32.0430908203125 31.9754085540771 31.9118728637695 31.8387699127197 31.7369804382324 31.5387325286865 31.5404930114746 31.4224109649658 31.2486476898193 31.0346031188965 -3.4e+38 -3.4e+38 -3.4e+38 -3.4e+38 -3.4e+38 -3.4e+38 -3.4e+38 -3.4e+38 -3.4e+38 -3.4e+38 -3.4e+38 -3.4e+38 -3.4e+38 -3.4e+38 -3.4e+38 -3.4e+38 -3.4e+38 -3.4e+38 -3.4e+38 -3.4e+38 -3.4e+38 -3.4e+38
31.946590423584 32.0080986022949 30.9937477111816 32.0464477539062 32.2328186035156 32.2940292358398 32.3608016967773 32.2738761901855 32.1557350158691 31.8438854217529 31.7611427307129 31.5239772796631 31.8727493286133 32.0145492553711 32.0548210144043 31.9856548309326 31.9497509002686 31.9022598266602 31.7819385528564 31.4351673126221 31.2899875640869 31.3419342041016 31.3167724609375 31.2723178863525 31.1495113372803 30.8422927856445 -3.4e+38 -3.4e+38 -3.4e+38 -3.4e+38 -3.4e+38 -3.4e+38 -3.4e+38 -3.4e+38 -3.4e+38 -3.4e+38 -3.4e+38 -3.4e+38 -3.4e+38 -3.4e+38 -3.4e+38 -3.4e+38 -3.4e+38 -3.4e+38 -3.4e+38 -3.4e+38
31.9306259155273 31.9552345275879 30.8317413330078 31.0493850708008 31.7921028137207 32.2812309265137 32.3698425292969 32.2399101257324 32.2192916870117 31.9221458435059 31.6536102294922 31.4767017364502 31.1159915924072 31.7424907684326 32.003490447998 31.9421653747559 31.9926338195801 31.9598121643066 31.7380084991455 31.0151119232178 30.5313243865967 31.2966442108154 31.4003505706787 31.3614330291748 31.1722927093506 30.9761848449707 -3.4e+38 -3.4e+38 -3.4e+38 -3.4e+38 -3.4e+38 -3.4e+38 -3.4e+38 -3.4e+38 -3.4e+38 -3.4e+38 -3.4e+38 -3.4e+38 -3.4e+38 -3.4e+38 -3.4e+38 -3.4e+38 -3.4e+38 -3.4e+38 -3.4e+38 -3.4e+38
31.1323623657227 31.8219184875488 30.3858833312988 29.7915229797363 31.4497566223145 32.3492202758789 32.2916297912598 32.2417335510254 32.1949234008789 31.8073177337646 30.9448699951172 30.6315364837646 30.9519748687744 31.8581314086914 31.7752227783203 31.9590358734131 32.0196495056152 31.9660148620605 31.8909473419189 31.265697479248 30.5541648864746 30.6358108520508 31.1631679534912 31.2614784240723 31.2761039733887 31.2360553741455 -3.4e+38 -3.4e+38 -3.4e+38 -3.4e+38 -3.4e+38 -3.4e+38 -3.4e+38 -3.4e+38 -3.4e+38 -3.4e+38 -3.4e+38 -3.4e+38 -3.4e+38 -3.4e+38 -3.4e+38 -3.4e+38 -3.4e+38 -3.4e+38 -3.4e+38 -3.4e+38
30.282398223877 31.8000259399414 31.2138671875 31.1369323730469 32.0533103942871 32.3093185424805 32.146614074707 32.0428886413574 32.1940307617188 31.7308940887451 31.0510540008545 31.0443859100342 31.6863441467285 31.816370010376 30.9312686920166 31.8053321838379 31.8776397705078 31.8947792053223 31.9446182250977 31.6765804290771 31.3076858520508 31.0496368408203 31.2917766571045 31.0708141326904 31.3494300842285 31.4092025756836 31.3134441375732 31.1070709228516 -3.4e+38 -3.4e+38 -3.4e+38 -3.4e+38 -3.4e+38 -3.4e+38 -3.4e+38 -3.4e+38 -3.4e+38 -3.4e+38 -3.4e+38 -3.4e+38 -3.4e+38 -3.4e+38 -3.4e+38 -3.4e+38 -3.4e+38 -3.4e+38
29.4817600250244 31.8155250549316 32.2430992126465 32.0618171691895 31.1152172088623 31.3608303070068 31.956298828125 32.102783203125 32.2575874328613 32.0766792297363 31.7037696838379 31.3022651672363 31.3294486999512 31.5434951782227 31.1105155944824 31.8039169311523 31.109806060791 31.0768890380859 31.7804203033447 31.913890838623 31.7624340057373 31.5213088989258 31.4312953948975 31.498176574707 31.4861183166504 31.4772834777832 31.3296585083008 31.2332611083984 31.0208587646484 30.5650787353516 30.5551528930664 -3.4e+38 -3.4e+38 -3.4e+38 -3.4e+38 -3.4e+38 -3.4e+38 -3.4e+38 -3.4e+38 -3.4e+38 -3.4e+38 -3.4e+38 -3.4e+38 -3.4e+38 -3.4e+38 -3.4e+38
29.4099502563477 31.3638973236084 32.2524757385254 32.1433219909668 31.3299083709717 29.9133949279785 31.198694229126 32.1825752258301 32.2553367614746 32.145378112793 32.0051460266113 31.7509860992432 31.7713928222656 31.6035766601562 31.100456237793 31.0438041687012 30.6357955932617 31.388916015625 31.694953918457 31.7741279602051 31.8009281158447 31.456241607666 31.0734329223633 30.7614440917969 31.4678707122803 31.5450210571289 31.451229095459 31.3224487304688 31.2351226806641 30.7344779968262 30.6583976745605 30.8031978607178 -3.4e+38 -3.4e+38 -3.4e+38 -3.4e+38 -3.4e+38 -3.4e+38 -3.4e+38 -3.4e+38 -3.4e+38 -3.4e+38 -3.4e+38 -3.4e+38 -3.4e+38 -3.4e+38
30.2999706268311 31.3685035705566 32.1250610351562 32.1143684387207 32.0870704650879 30.7811813354492 31.0699253082275 32.0853538513184 32.2551918029785 32.1391563415527 31.9543991088867 31.7061920166016 31.5856552124023 31.6941928863525 31.0506858825684 30.7642688751221 30.6866779327393 31.7919521331787 31.6449966430664 31.353235244751 31.7528610229492 31.721773147583 31.5312576293945 31.1962852478027 31.6157665252686 31.579776763916 31.4437866210938 31.5136299133301 31.3964424133301 31.1671524047852 30.8096046447754 30.82546043396 -3.4e+38 -3.4e+38 -3.4e+38 -3.4e+38 -3.4e+38 -3.4e+38 -3.4e+38 -3.4e+38 -3.4e+38 -3.4e+38 -3.4e+38 -3.4e+38 -3.4e+38 -3.4e+38
29.3876934051514 31.2133445739746 31.5783786773682 31.3709602355957 31.7053909301758 31.9642906188965 31.686502456665 32.1075897216797 32.2058448791504 32.1065521240234 31.9483661651611 31.7743587493896 31.5793952941895 31.9342975616455 31.7830181121826 31.6979465484619 31.7636909484863 31.9803504943848 31.9855079650879 31.4532642364502 31.0064601898193 31.6734828948975 31.8653316497803 31.3674030303955 31.3944225311279 31.2631645202637 31.2494277954102 31.6012763977051 31.4957466125488 31.2778854370117 -3.4e+38 -3.4e+38 -3.4e+38 -3.4e+38 -3.4e+38 -3.4e+38 -3.4e+38 -3.4e+38 -3.4e+38 -3.4e+38 -3.4e+38 -3.4e+38 -3.4e+38 -3.4e+38 -3.4e+38 -3.4e+38
28.7583351135254 29.7029590606689 30.0353260040283 29.7742176055908 30.8023548126221 31.4570941925049 31.8231945037842 32.1001358032227 32.0995483398438 32.0169067382812 31.8463516235352 31.6676349639893 31.5253486633301 32.1474838256836 32.1428527832031 32.0100212097168 32.0269584655762 32.1270561218262 32.177490234375 32.0856132507324 31.7122688293457 31.510835647583 31.9041385650635 31.7214660644531 31.4907474517822 31.6403846740723 31.6985321044922 31.4673728942871 31.3981094360352 31.2977447509766 -3.4e+38 -3.4e+38 -3.4e+38 -3.4e+38 -3.4e+38 -3.4e+38 -3.4e+38 -3.4e+38 -3.4e+38 -3.4e+38 -3.4e+38 -3.4e+38 -3.4e+38 -3.4e+38 -3.4e+38 -3.4e+38
28.7628936767578 27.8459739685059 27.2648010253906 27.3815956115723 29.4256744384766 29.9907379150391 31.2336406707764 31.5892009735107 31.9063282012939 31.7976188659668 31.5930957794189 31.9261054992676 31.9336547851562 31.8352241516113 32.2840843200684 32.2728118896484 32.2161903381348 32.2335548400879 32.254810333252 32.2449340820312 32.20751953125 32.1356811523438 31.9991340637207 31.9593124389648 31.6686897277832 31.7772407531738 31.7829208374023 31.5338172912598 31.2967395782471 31.2371444702148 31.1748561859131 30.9339008331299 -3.4e+38 -3.4e+38 -3.4e+38 -3.4e+38 -3.4e+38 -3.4e+38 -3.4e+38 -3.4e+38 -3.4e+38 -3.4e+38 -3.4e+38 -3.4e+38 -3.4e+38 -3.4e+38
28.7760639190674 28.0386428833008 27.1993141174316 26.6946144104004 27.2444705963135 28.0162181854248 29.9191875457764 31.1470909118652 31.8788738250732 31.7091083526611 31.2237529754639 31.8318653106689 32.1652908325195 32.2177085876465 32.2443809509277 32.2781028747559 32.3124694824219 32.308837890625 32.2948760986328 32.2734451293945 32.2535934448242 32.2001762390137 32.1373176574707 32.0673904418945 31.8394165039062 31.8979434967041 31.8235664367676 31.6356296539307 31.410816192627 31.3737239837646 31.351713180542 31.243766784668 31.011209487915 -3.4e+38 -3.4e+38 -3.4e+38 -3.4e+38 30.5397624969482 30.5622711181641 -3.4e+38 -3.4e+38 -3.4e+38 -3.4e+38 -3.4e+38 -3.4e+38 -3.4e+38
29.329195022583 28.1301727294922 27.3028392791748 26.9452037811279 27.4458980560303 27.2145805358887 28.3188877105713 30.0749816894531 31.41721534729 31.8020572662354 30.7226104736328 31.5709362030029 32.0195426940918 31.566255569458 31.6581001281738 32.0847511291504 32.196533203125 32.2763824462891 32.238655090332 32.1218070983887 32.173900604248 32.132080078125 32.1496505737305 32.1132736206055 32.0509300231934 31.9275054931641 31.8386573791504 31.7148246765137 31.6002788543701 31.5338649749756 31.5137367248535 31.4055404663086 31.0895900726318 -3.4e+38 -3.4e+38 -3.4e+38 -3.4e+38 30.6612396240234 30.5987129211426 30.7461490631104 30.7253112792969 30.5347843170166 -3.4e+38 -3.4e+38 -3.4e+38 -3.4e+38
29.30055809021 28.1146259307861 27.3495750427246 27.7576789855957 27.5516376495361 27.9221229553223 27.6832427978516 29.038745880127 31.2311897277832 31.9594841003418 30.9403514862061 30.9049625396729 31.7212257385254 29.8718929290771 30.8889465332031 31.2811145782471 31.8443222045898 32.2451400756836 32.2367858886719 32.1551208496094 32.1625328063965 32.1494903564453 32.1708641052246 32.1310195922852 32.0741271972656 31.8403453826904 31.8293075561523 31.7771968841553 31.7370796203613 31.703369140625 31.6324596405029 31.5143585205078 31.3635787963867 -3.4e+38 -3.4e+38 31.1575813293457 30.9795417785645 30.7620639801025 30.622486114502 30.3972301483154 30.5255527496338 30.7179260253906 -3.4e+38 -3.4e+38 -3.4e+38 -3.4e+38
28.0315074920654 26.8482894897461 26.7942390441895 27.9998760223389 28.3114032745361 28.2226028442383 27.8257503509521 28.1547794342041 30.4954528808594 31.7752380371094 31.7998638153076 30.9775543212891 31.4976997375488 30.1328907012939 30.1478309631348 30.2230281829834 31.5449695587158 32.2340240478516 32.2557106018066 32.2811279296875 32.2932472229004 32.2416877746582 32.2009620666504 31.9672183990479 31.9813404083252 31.8802890777588 31.8735256195068 31.8767127990723 31.8539848327637 31.7906169891357 31.7164859771729 31.6271286010742 31.5370826721191 -3.4e+38 31.3921051025391 31.3643054962158 31.2915573120117 -3.4e+38 30.7800540924072 -3.4e+38 30.4769897460938 -3.4e+38 -3.4e+38 -3.4e+38 -3.4e+38 -3.4e+38
28.0027275085449 26.6290512084961 25.9288864135742 28.3782653808594 28.5656833648682 27.9577293395996 27.5893058776855 27.702356338501 29.1870307922363 31.4931201934814 31.6131706237793 31.1926746368408 31.3126659393311 31.4282398223877 30.77077293396 31.8872585296631 32.1240081787109 32.23486328125 32.279426574707 32.2741889953613 32.2795677185059 32.2482376098633 32.2193069458008 32.1354637145996 32.1296310424805 32.0702590942383 32.0304832458496 31.989803314209 31.8983573913574 31.8833522796631 31.8261108398438 31.7617492675781 31.6965255737305 31.6193904876709 31.5679206848145 31.5568714141846 31.4210662841797 -3.4e+38 -3.4e+38 -3.4e+38 -3.4e+38 -3.4e+38 -3.4e+38 30.7155570983887 -3.4e+38 -3.4e+38
29.6572647094727 29.3551330566406 27.3389682769775 28.7592620849609 27.3661804199219 27.3626594543457 27.7684574127197 28.0412921905518 30.0567798614502 31.451623916626 31.1654300689697 30.5603446960449 31.4273643493652 31.8401432037354 31.9474620819092 32.0173149108887 32.1429977416992 31.8255519866943 31.9876327514648 32.16015625 32.1454925537109 32.1862907409668 32.2021636962891 32.1782455444336 32.1551895141602 32.1181106567383 32.0887451171875 31.9619941711426 31.6353874206543 31.77707862854 31.8840274810791 31.8667583465576 31.8178386688232 31.7298011779785 31.682933807373 31.6220569610596 31.4979934692383 31.3896217346191 31.2865009307861 31.2219848632812 31.2068538665771 31.1085662841797 30.8844966888428 30.7115421295166 -3.4e+38 -3.4e+38
29.7402286529541 28.9548988342285 29.5446529388428 29.3626270294189 28.0451641082764 28.0701713562012 27.6987037658691 27.8879261016846 29.841817855835 31.1616497039795 31.5810642242432 31.3530178070068 31.6976490020752 31.9911479949951 31.867166519165 31.7358818054199 31.9332847595215 31.6664657592773 31.5082111358643 31.6906929016113 32.0296783447266 32.1005516052246 32.1273727416992 32.1686706542969 32.1757774353027 32.1548461914062 32.1113586425781 31.9207649230957 31.655834197998 31.8657855987549 31.8480014801025 31.9426593780518 31.8297691345215 31.7696228027344 31.7248268127441 31.6129894256592 31.5379238128662 31.495491027832 31.4592742919922 31.4221382141113 31.3855628967285 31.2681846618652 30.9575233459473 30.6373481750488 30.678373336792 -3.4e+38
