inst/extdata/Tmax/Tmax132.asc
NCOLS 100 
NROWS 79 
XLLCORNER 148.06 
YLLCORNER -21.49 
CELLSIZE 0.01 
NODATA_value -3.4e+38 
[rows 20 to 39 of 79, columns 0 to 45 of 100]
33.165710449218800 33.2171897888184 33.2370071411133 33.2170944213867 33.2547340393066 33.4002456665039 33.3272323608398 33.2659950256348 33.2113189697266 33.1257476806641 32.9446907043457 32.5171051025391 32.0397834777832 31.3511962890625 29.9392166137695 29.492618560791 29.4227447509766 30.4998607635498 31.6482009887695 32.1341514587402 32.1652069091797 32.1918182373047 32.5753326416016 32.6170425415039 32.4618797302246 32.1613845825195 31.506311416626 30.53271484375 31.1212100982666 31.2036743164062 31.8694438934326 31.8946933746338 32.0597381591797 32.0332336425781 31.9997062683105 31.7453498840332 31.3317317962646 31.3450679779053 30.8529930114746 31.1362819671631 30.9123516082764 30.1434307098389 30.4027309417725 30.4679756164551 30.6078300476074 30.6507301330566
33.2452545166016 33.3236045837402 33.3569564819336 33.3354682922363 33.3591613769531 33.3757781982422 33.2425537109375 33.1756935119629 33.1681098937988 33.1150360107422 32.9959182739258 32.8191413879395 32.5817451477051 31.5667037963867 29.9549026489258 29.6223411560059 29.8876266479492 30.7959289550781 31.3571853637695 31.7785491943359 31.9291934967041 31.8464012145996 32.4406852722168 32.6046180725098 32.4040260314941 32.4328918457031 32.40283203125 31.5892333984375 31.4317188262939 32.0082321166992 32.1489639282227 32.0410690307617 31.6931018829346 31.0523738861084 31.0827922821045 31.0683670043945 31.5647354125977 30.8188209533691 30.4034614562988 30.7472133636475 30.3437919616699 30.4359302520752 30.1577854156494 29.2006187438965 29.5552864074707 30.2890071868896
33.3038177490234 33.3669052124023 33.3967552185059 33.3986053466797 33.3976936340332 33.3772735595703 33.1986923217773 33.081111907959 33.0404663085938 33.0237579345703 32.9147796630859 32.8531799316406 32.6784362792969 32.0224990844727 30.819507598877 29.9285659790039 29.2389049530029 29.794189453125 30.4261989593506 31.3170852661133 31.4526271820068 31.597526550293 32.3173675537109 32.0948448181152 31.6548118591309 32.0672340393066 32.1490631103516 32.2554779052734 31.9567604064941 32.0102577209473 31.7317714691162 31.5370788574219 30.9337787628174 30.5875396728516 30.3494529724121 30.5915050506592 30.5267124176025 29.9381637573242 29.9172515869141 29.8404846191406 29.5209312438965 28.720573425293 29.5741939544678 29.2753677368164 28.2361888885498 29.7621765136719
33.3063735961914 33.3512649536133 33.3918724060059 33.4007568359375 33.374641418457 33.3819847106934 33.3157501220703 33.0104217529297 32.9116439819336 32.9515953063965 32.7715835571289 32.5810470581055 32.7103843688965 32.3104209899902 31.4624080657959 30.6215667724609 29.7313461303711 29.4320030212402 30.0990715026855 30.4520149230957 31.0544662475586 32.1596946716309 31.898868560791 31.2463760375977 31.4195556640625 31.5909576416016 31.2584495544434 32.3124732971191 32.3501892089844 32.2080726623535 31.9687957763672 30.7950267791748 30.4512519836426 30.6787490844727 31.0503940582275 30.5663566589355 29.5933933258057 29.0240535736084 29.8079109191895 29.2747478485107 28.5123596191406 26.9946346282959 27.8998317718506 29.1767902374268 27.2610321044922 28.6911296844482
33.2496376037598 33.3242721557617 33.3788642883301 33.3608894348145 33.3358268737793 33.3548431396484 33.3705406188965 33.1942481994629 33.0180130004883 32.847843170166 32.7515144348145 32.7233581542969 32.549243927002 32.19189453125 31.3751049041748 30.6349067687988 29.8324813842773 29.4532051086426 29.6851119995117 29.6978530883789 31.0148506164551 31.9354972839355 30.7482414245605 30.176872253418 31.0710678100586 31.0587959289551 31.2618255615234 32.0875205993652 32.3648300170898 31.958065032959 31.9076538085938 31.6629734039307 31.6426792144775 31.7153816223145 31.3721084594727 31.0512027740479 30.62575340271 29.4453735351562 29.2171154022217 28.951976776123 27.1240272521973 26.5058860778809 27.0014553070068 28.9787349700928 26.8830108642578 27.2874240875244
33.2027587890625 33.2353019714355 33.2678718566895 33.2572822570801 33.2859382629395 33.3117599487305 33.3553428649902 33.3234672546387 33.1742935180664 32.9247512817383 32.7296371459961 32.5943908691406 32.4468879699707 31.9644088745117 31.4896507263184 30.8990573883057 30.236930847168 29.8882865905762 30.3904609680176 31.164493560791 31.1624374389648 31.0694618225098 30.5554656982422 29.1949691772461 29.7600708007812 30.6081657409668 30.7740592956543 32.1312103271484 32.3449058532715 31.960620880127 31.0220336914062 31.6919727325439 31.5572147369385 31.4306888580322 31.1477603912354 30.8156776428223 30.6933994293213 29.1244831085205 27.7667007446289 28.2130928039551 26.6826934814453 27.5828647613525 27.9808921813965 28.97580909729 27.9001960754395 26.7565383911133
33.0844116210938 33.1242408752441 33.1524696350098 33.180980682373 33.1927223205566 33.2106666564941 33.3238182067871 33.3431053161621 33.210376739502 32.7690696716309 32.6691093444824 32.3920822143555 32.4033164978027 32.0072135925293 31.2042427062988 30.0612163543701 29.6563911437988 29.8856887817383 30.4120101928711 30.3254852294922 30.5436210632324 31.528018951416 31.3828582763672 29.7570648193359 29.3317832946777 30.351978302002 31.2216987609863 32.2001800537109 32.3008804321289 32.072624206543 31.1752090454102 30.7708549499512 31.6234817504883 31.0551338195801 30.5918312072754 29.7154865264893 29.4214096069336 29.5538120269775 28.4308567047119 27.0468368530273 26.6229686737061 26.9691562652588 26.8820323944092 28.0180797576904 27.0186252593994 26.3296527862549
32.9187889099121 32.9516563415527 33.0073318481445 33.078067779541 33.1195373535156 33.200382232666 33.3174896240234 33.3294105529785 33.2667274475098 33.0711097717285 32.8219413757324 32.5456199645996 32.4296226501465 32.2277221679688 31.2362422943115 30.0153255462646 29.66943359375 29.6376876831055 29.7916374206543 29.7813186645508 31.0291328430176 31.7397994995117 31.1636276245117 30.2431488037109 29.6419334411621 29.9070625305176 30.0407562255859 31.7641372680664 32.1600608825684 32.0411071777344 31.1845626831055 31.1012744903564 31.4291458129883 30.6389636993408 29.9045085906982 29.3041706085205 28.3354587554932 29.1158847808838 28.9516353607178 27.0020065307617 26.5361175537109 26.7458457946777 26.6717624664307 27.32737159729 26.6984157562256 26.3829822540283
32.3753356933594 32.3368225097656 32.6502647399902 33.0057258605957 33.167064666748 33.2729721069336 33.3261528015137 33.3280220031738 33.2019233703613 33.097526550293 32.9311943054199 32.3574905395508 32.4760856628418 32.3250541687012 31.7745876312256 30.471399307251 29.6927070617676 29.163143157959 29.5164165496826 30.4879169464111 31.0542240142822 31.4599742889404 30.5284957885742 29.756326675415 29.5702285766602 29.7425498962402 30.2143325805664 31.2139682769775 32.0542259216309 32.1331024169922 31.5805854797363 31.3035678863525 30.8471527099609 29.7506141662598 28.5087184906006 28.0677680969238 27.7302417755127 27.9639015197754 28.1437759399414 27.7239017486572 27.1654281616211 27.3081912994385 27.0305194854736 26.8043479919434 26.8282356262207 26.7675361633301
31.4200763702393 32.3602294921875 32.740909576416 32.4687538146973 33.0951766967773 33.2758941650391 33.3183937072754 33.3192100524902 33.1079711914062 32.9592475891113 32.9647026062012 32.6855430603027 32.4368324279785 32.3047256469727 32.0403060913086 31.4912910461426 30.8912963867188 29.4277095794678 29.7885627746582 29.8880767822266 30.0677337646484 31.1066627502441 30.6555137634277 29.7893352508545 29.5789604187012 29.3644542694092 29.3351879119873 31.153528213501 32.0842361450195 32.1795234680176 31.298921585083 30.2545833587646 29.9305152893066 29.5617027282715 29.2852573394775 28.2065105438232 28.1465396881104 27.7129821777344 27.2738227844238 27.5631313323975 29.5237808227539 29.6149139404297 28.4162578582764 26.8701248168945 28.019847869873 28.1487331390381
31.7331085205078 32.6936187744141 32.74365234375 32.175365447998 33.0395164489746 33.2570343017578 33.3269462585449 33.322078704834 33.2721786499023 33.0345458984375 32.930778503418 32.8698616027832 32.687370300293 32.4721946716309 32.1632881164551 31.5395126342773 30.6460399627686 30.1807174682617 29.697437286377 29.9870376586914 30.0835037231445 30.5752716064453 29.924955368042 29.7510185241699 29.4335746765137 28.7611351013184 29.0709552764893 31.0229892730713 31.9535293579102 32.0145301818848 32.0083122253418 31.831901550293 30.6289176940918 29.6128711700439 29.5506954193115 29.0389232635498 29.1981296539307 29.0020427703857 28.5562572479248 29.0960559844971 30.7100772857666 30.7769451141357 30.3348140716553 29.7307643890381 29.6134262084961 28.986478805542
32.5486602783203 32.8505439758301 32.9405136108398 32.952953338623 33.0608596801758 33.2380828857422 33.2869300842285 33.2961463928223 33.2593803405762 33.1934814453125 33.0053367614746 32.9518547058105 32.8571357727051 32.6441993713379 32.3632202148438 31.8442287445068 30.9260845184326 30.4862461090088 29.7401084899902 29.6327342987061 29.7199325561523 30.2091522216797 29.8149547576904 29.5468101501465 29.4900093078613 29.5326404571533 30.4049491882324 31.5853080749512 32.0077590942383 31.4635181427002 31.3819561004639 31.402868270874 31.6418514251709 31.1077785491943 30.8218212127686 30.0053291320801 31.1334857940674 30.9813537597656 30.9603614807129 30.9871273040771 30.7492351531982 29.7799777984619 28.7741775512695 28.4327297210693 28.2970809936523 27.5062294006348
32.2374305725098 33.0297698974609 33.1146125793457 33.1441993713379 33.1526947021484 33.175350189209 33.1608810424805 33.2253456115723 33.2309913635254 33.2246131896973 33.1848564147949 33.058048248291 32.8695259094238 32.70556640625 32.507438659668 32.2470512390137 31.7302513122559 31.0195426940918 30.2214946746826 29.4715385437012 29.5123519897461 30.0101566314697 29.8879852294922 29.5961818695068 29.4530563354492 29.6343650817871 31.1796951293945 31.9705963134766 32.0569877624512 31.8752727508545 31.3477153778076 30.7031192779541 31.4703731536865 31.5993347167969 31.6522808074951 31.0925750732422 31.546459197998 31.2369022369385 31.1038494110107 30.9354019165039 29.6581230163574 28.1370811462402 26.7760181427002 27.1608371734619 27.0784397125244 26.013542175293
32.0853614807129 32.7779121398926 32.5977630615234 32.4784927368164 32.6395721435547 33.0716857910156 33.088680267334 33.1272201538086 33.1563949584961 33.1546745300293 33.1309928894043 33.1155204772949 33.0040512084961 32.8471336364746 32.6892776489258 32.4541778564453 31.9840545654297 31.5438232421875 31.2591228485107 30.587438583374 29.5807704925537 29.8434143066406 29.6131896972656 29.7013816833496 29.5807914733887 29.5618648529053 30.7005367279053 31.9203910827637 32.0199012756348 31.6823310852051 31.5444316864014 30.4034538269043 30.7283325195312 31.0117454528809 31.3456840515137 31.489803314209 31.344799041748 31.1708812713623 30.7633590698242 30.8324546813965 30.4940299987793 29.1593704223633 28.3055267333984 28.9072074890137 28.4431190490723 27.2180480957031
32.4440956115723 32.7540702819824 32.3286628723145 31.6193962097168 31.7482109069824 32.795581817627 33.0425682067871 33.017822265625 33.0490036010742 33.0796699523926 33.0048179626465 33.068733215332 33.0273933410645 32.9181823730469 32.7657318115234 32.5689544677734 32.2335433959961 31.5198593139648 31.0886116027832 30.6006755828857 29.8815727233887 29.7978324890137 29.6106586456299 29.3922176361084 29.3666915893555 29.7869853973389 31.0097732543945 31.8740901947021 31.3382587432861 31.1092166900635 31.2369842529297 30.8610496520996 30.5255088806152 30.1786880493164 29.8995933532715 30.4397392272949 30.2432899475098 30.6084117889404 30.5314064025879 30.3236618041992 30.0498542785645 30.3979911804199 30.1453590393066 29.8121223449707 29.1756210327148 28.6698837280273
32.5812759399414 32.6927833557129 32.4992256164551 32.1722297668457 31.8554668426514 32.4725608825684 32.8222618103027 32.8618507385254 32.9277534484863 33.0079803466797 33.009105682373 33.0711860656738 33.0166091918945 32.9643211364746 32.8068466186523 32.579273223877 32.3218078613281 32.1008415222168 31.6750450134277 30.9758415222168 30.570140838623 30.2995777130127 29.7588195800781 29.07568359375 29.2583141326904 29.5362720489502 31.095121383667 31.6852397918701 29.656665802002 29.2282848358154 29.9316272735596 30.179027557373 30.1408729553223 29.916748046875 29.4014053344727 29.1343040466309 29.7176914215088 29.5532245635986 29.5279712677002 29.4837970733643 29.2072505950928 28.8824348449707 29.1682662963867 29.6898345947266 29.0210800170898 27.811408996582
32.4231872558594 32.4617958068848 32.5083503723145 32.2202682495117 31.9280490875244 32.1469421386719 32.399974822998 32.631519317627 32.7685317993164 32.919979095459 32.912654876709 32.9215354919434 33.0323524475098 32.9688415527344 32.8480911254883 32.5580711364746 32.5401191711426 32.3880271911621 32.1244277954102 31.7130565643311 31.5633487701416 30.7047138214111 30.0659351348877 29.5657558441162 29.5718364715576 29.998161315918 31.1213493347168 31.0273933410645 30.7158241271973 30.6113300323486 29.7842121124268 29.7226066589355 29.5260238647461 29.3796539306641 28.6050720214844 28.1724967956543 28.411828994751 28.3614387512207 28.6258716583252 28.4161758422852 28.4116897583008 27.4134788513184 28.1993560791016 29.1370582580566 28.8879051208496 27.3087310791016
31.8114013671875 32.1755599975586 32.4236755371094 32.3213348388672 32.1148300170898 31.9853057861328 31.9818267822266 32.4068603515625 32.546314239502 32.7556114196777 32.8625030517578 32.8730659484863 32.9544982910156 32.9867134094238 32.798900604248 32.6958198547363 32.6180992126465 32.5068855285645 32.3407135009766 32.1274375915527 31.9106979370117 31.1309700012207 29.892126083374 29.9985046386719 29.25758934021 29.898307800293 30.9492130279541 30.3508949279785 30.5681495666504 31.0909557342529 30.9721069335938 30.8055992126465 30.080509185791 29.6227874755859 27.9232482910156 26.5518074035645 26.6067752838135 26.4940166473389 26.4599227905273 26.979024887085 27.1661396026611 27.3811874389648 27.6022644042969 28.5639572143555 28.4162788391113 27.9954223632812
31.9477996826172 32.0546417236328 32.2204666137695 32.207275390625 32.1811370849609 31.8532848358154 31.624662399292 31.3501453399658 32.0913314819336 32.6644134521484 32.8297271728516 32.8906555175781 32.9935989379883 33.0033912658691 32.671703338623 32.2299041748047 32.261157989502 32.3414688110352 32.4055061340332 32.2802238464355 32.1306838989258 31.6819915771484 30.4653739929199 30.8111915588379 29.7682762145996 29.7716865539551 29.937780380249 30.2995357513428 29.1685123443604 29.9033832550049 29.5079307556152 29.6394996643066 31.0182685852051 30.5544586181641 29.5095405578613 27.08762550354 26.099437713623 26.1123218536377 25.3884143829346 25.870943069458 26.5744247436523 26.5662574768066 26.670539855957 28.1711959838867 27.6972732543945 27.1247253417969
32.0237464904785 31.9416961669922 32.0197944641113 31.8161067962646 32.05126953125 31.9682235717773 31.7274208068848 31.4505844116211 31.6784076690674 32.3733863830566 32.6672172546387 32.8960342407227 32.9589462280273 32.9336318969727 32.879322052002 32.4334030151367 32.0092430114746 31.8029403686523 32.1180381774902 32.2701988220215 32.1234817504883 31.9693298339844 31.617130279541 30.9848213195801 29.8175849914551 29.5935020446777 29.5466690063477 29.6611614227295 29.7270679473877 29.1567058563232 28.542932510376 29.3967552185059 30.7233085632324 29.9172592163086 30.1669330596924 29.582576751709 29.11647605896 28.9801368713379 27.9141750335693 26.7096099853516 27.502592086792 27.1585693359375 27.5974349975586 27.8091430664062 27.4877128601074 26.9813842773438
