inst/extdata/Tmax/Tmax7.asc
NCOLS 100 
NROWS 79 
XLLCORNER 148.06 
YLLCORNER -21.49 
CELLSIZE 0.01 
NODATA_value -3.4e+38 
[rows 40 to 59 of 79, columns 46 to 91 of 100]
20.017993927002 21.5112781524658 21.2629489898682 22.2652015686035 24.7674865722656 24.8817253112793 24.6614437103271 22.2325572967529 21.892505645752 22.6214294433594 24.2971267700195 26.553035736084 27.0107116699219 26.5478839874268 25.6792736053467 27.5935077667236 28.5569019317627 27.993595123291 29.0700359344482 29.0613269805908 28.4247493743896 28.9519138336182 26.854248046875 25.7352523803711 27.2000484466553 28.1480941772461 28.6821041107178 27.837215423584 27.682466506958 27.8741798400879 27.5046653747559 28.6031360626221 27.3361492156982 24.2763748168945 25.9770565032959 30.4514579772949 28.7981281280518 27.2347888946533 25.1123085021973 24.3839435577393 23.7593879699707 26.6845111846924 27.1144485473633 26.4811935424805 27.8660316467285 25.1102352142334
21.4395656585693 21.7987537384033 23.198055267334 24.5564651489258 25.4649143218994 25.1555137634277 24.3976402282715 24.1499271392822 25.6225757598877 25.9121971130371 28.654146194458 27.5754947662354 27.3567447662354 27.0654945373535 26.4846019744873 28.5080738067627 28.6490020751953 28.4709320068359 29.529598236084 29.821834564209 27.7296485900879 28.047191619873 24.2039051055908 30.0600891113281 31.239917755127 26.8849754333496 28.8872127532959 27.847936630249 28.0553092956543 27.2817726135254 27.8943881988525 28.4423503875732 28.2766246795654 27.2852611541748 27.7496738433838 29.7805480957031 28.0312747955322 27.4721603393555 27.2124519348145 26.931640625 26.3754596710205 25.9429378509521 27.4133758544922 27.0464878082275 27.0490474700928 26.5106716156006
23.2487277984619 24.3050861358643 24.2637386322021 26.3283653259277 31.4638843536377 29.0229930877686 26.5028495788574 25.7123146057129 26.9253082275391 28.6643619537354 28.7997493743896 28.4331455230713 28.7376194000244 28.2968921661377 30.044641494751 28.6137771606445 28.4788627624512 28.1493949890137 28.5810775756836 29.31298828125 28.3755321502686 27.7499103546143 27.4134635925293 31.5867099761963 24.8971462249756 31.6646480560303 30.9762916564941 26.8131008148193 26.16969871521 28.7992744445801 28.5001850128174 28.8343372344971 28.1151714324951 27.4647369384766 27.8462715148926 26.616756439209 26.6532115936279 26.1852378845215 26.3107872009277 26.7679004669189 27.9205131530762 28.0190620422363 28.3952579498291 27.0816440582275 29.1094188690186 29.0525569915771
26.9206256866455 27.7072448730469 27.892147064209 28.067310333252 28.845983505249 28.3725318908691 28.0335121154785 27.621467590332 27.9887447357178 28.4134902954102 29.1106662750244 29.1480846405029 29.3584957122803 29.2695617675781 28.7677421569824 28.330904006958 27.9896907806396 28.2002258300781 28.9270267486572 26.5407257080078 28.7989673614502 28.8036003112793 28.5838375091553 27.9597301483154 27.3914604187012 29.1015605926514 28.3774719238281 27.9374046325684 28.5912914276123 30.3229236602783 29.7043209075928 30.1575794219971 27.9535140991211 27.3535575866699 27.2001686096191 29.7172298431396 29.1225528717041 27.2321624755859 28.2131576538086 29.2847366333008 29.8966999053955 29.0538806915283 27.4940509796143 31.7397422790527 29.303092956543 27.2859516143799
26.7251796722412 26.9717712402344 27.0147647857666 27.3895092010498 28.9817237854004 29.671314239502 29.0880756378174 28.2836761474609 28.6773052215576 28.3577499389648 28.0498485565186 28.0488414764404 27.6445941925049 27.4843597412109 27.3584022521973 27.9736042022705 26.3438282012939 27.2223300933838 28.2804050445557 28.6595458984375 29.62548828125 30.2502632141113 29.9539222717285 28.9786319732666 26.8832759857178 27.3712596893311 27.7868671417236 28.2864475250244 30.5175724029541 30.866231918335 29.5166873931885 28.2705154418945 27.2066669464111 27.9052085876465 27.5714359283447 29.601188659668 28.296573638916 27.1354484558105 28.3977336883545 26.8997421264648 27.5323371887207 29.1041507720947 29.5294589996338 29.491174697876 32.3660888671875 29.26731300354
22.4818153381348 24.146390914917 25.8125228881836 24.1962032318115 25.955114364624 26.7126407623291 26.5514850616455 26.9024658203125 27.2172260284424 27.3203067779541 24.1750316619873 24.3743057250977 24.5782852172852 22.481876373291 23.6725921630859 24.8331832885742 27.2852745056152 27.542064666748 27.5051651000977 27.634391784668 29.431848526001 29.2090892791748 28.5049839019775 28.4309902191162 28.577054977417 29.1043434143066 29.1091232299805 29.0809078216553 28.7250652313232 28.9344787597656 28.5910472869873 29.7430515289307 30.6043949127197 31.0808925628662 29.0590877532959 28.7897186279297 28.2825965881348 28.1259632110596 28.0978050231934 27.8183689117432 27.66286277771 28.7312984466553 28.9027061462402 27.5930252075195 29.9067306518555 32.2655067443848
20.218843460083 21.8744678497314 21.4652996063232 21.2431182861328 22.6262588500977 23.1580352783203 23.3620567321777 24.0174674987793 24.6888751983643 23.8170776367188 23.3282089233398 22.5927772521973 23.0796546936035 22.9385299682617 23.3696098327637 24.860969543457 27.6763000488281 27.479248046875 26.8399868011475 28.7407207489014 29.206995010376 29.6285209655762 28.6632747650146 27.9237232208252 30.5458850860596 30.7627353668213 29.8422718048096 29.1368999481201 28.220422744751 28.1384506225586 29.3527698516846 29.1795806884766 28.6220836639404 28.9442672729492 29.2170352935791 31.8292331695557 28.6312294006348 28.8191432952881 27.7332038879395 27.6012096405029 27.5772876739502 30.2217216491699 28.2479114532471 31.1115322113037 29.720495223999 29.1617259979248
20.5894775390625 20.5211563110352 20.4088668823242 20.5000400543213 20.3634395599365 20.9080963134766 22.2520027160645 23.4259262084961 23.7497787475586 23.536808013916 24.2728691101074 23.6439609527588 23.6528015136719 25.2523765563965 26.0690307617188 27.7156505584717 28.4058132171631 28.32932472229 28.4589366912842 29.861837387085 32.593433380127 30.3233394622803 28.2277145385742 29.2275562286377 30.4072132110596 30.0551643371582 29.4303245544434 32.3750305175781 29.5324802398682 29.7952747344971 29.8249816894531 27.2759094238281 27.1260681152344 27.4517307281494 27.2261600494385 27.2281455993652 28.6417140960693 27.6516437530518 26.7526226043701 30.5076141357422 30.2579555511475 32.2239456176758 28.802318572998 30.9113121032715 30.6249198913574 30.5318164825439
20.3926277160645 22.380464553833 20.7045040130615 20.339527130127 20.2472190856934 20.2009773254395 20.5103187561035 22.9778099060059 23.839017868042 24.0438442230225 23.928638458252 24.039737701416 29.409049987793 30.5782623291016 31.0918159484863 27.5311050415039 29.4596061706543 25.8183574676514 31.4578495025635 31.40163230896 31.1227436065674 31.3922843933105 30.7870292663574 30.3434028625488 30.0303363800049 28.1244163513184 29.3276519775391 30.4807643890381 32.6315002441406 31.907844543457 31.6474418640137 32.3914222717285 31.4795703887939 27.4979553222656 28.461555480957 32.8691558837891 32.0431976318359 29.0351028442383 28.8498840332031 28.6647319793701 26.7478141784668 27.2801055908203 27.9047908782959 28.8154182434082 27.9362201690674 28.5568542480469
22.3009090423584 22.9697685241699 24.156270980835 21.2301445007324 20.735179901123 21.7613677978516 21.6132965087891 22.9111862182617 23.3616008758545 23.9986381530762 28.2902183532715 29.9732913970947 31.2125568389893 31.2588214874268 31.7660579681396 24.9062881469727 28.1046829223633 25.2237358093262 25.578592300415 28.1562366485596 28.1656646728516 32.3996238708496 28.8564147949219 29.7420864105225 29.4748592376709 28.5965194702148 30.5513763427734 30.6175022125244 31.1149501800537 31.1852684020996 30.9524402618408 29.3094863891602 27.6439876556396 28.1301231384277 28.783109664917 33.0303230285645 32.9984588623047 29.8168964385986 28.6824073791504 28.532901763916 28.5160274505615 27.4994144439697 28.684907913208 27.2865753173828 28.2720394134521 28.9194164276123
25.6986904144287 22.4794425964355 25.4450397491455 20.3999671936035 20.5141792297363 22.0544834136963 22.3560409545898 23.2310943603516 24.0707225799561 24.6748027801514 24.6974182128906 24.9457397460938 29.6131896972656 30.3084983825684 30.932559967041 24.8564987182617 27.3437728881836 27.2107181549072 24.0049381256104 27.9351539611816 25.4690761566162 31.2673606872559 28.9339389801025 30.4791088104248 28.9052658081055 29.8993854522705 28.8945903778076 28.4831161499023 31.5316619873047 31.2440299987793 30.6159782409668 30.0755519866943 29.7587604522705 27.9797992706299 28.8294315338135 31.2765998840332 32.6322822570801 30.758602142334 29.6586437225342 30.1843185424805 28.7498359680176 27.6383934020996 27.7186012268066 26.852409362793 28.31715965271 29.1159210205078
21.1831932067871 19.7845458984375 20.2721881866455 19.3945617675781 19.3700294494629 21.1927585601807 22.2408695220947 23.5359344482422 23.9927673339844 24.3273830413818 24.5636959075928 24.2303466796875 24.1290912628174 23.7021617889404 24.247220993042 27.4384803771973 25.2517414093018 28.0364322662354 24.872652053833 27.2772388458252 27.0806064605713 28.0815372467041 31.2250843048096 32.0029182434082 29.1890907287598 29.3739643096924 30.0268211364746 28.1628322601318 28.6382961273193 32.0913772583008 30.4997539520264 29.7786083221436 29.2316226959229 27.5968608856201 27.4971981048584 29.1588325500488 29.5487976074219 29.3974075317383 28.822826385498 27.1512184143066 30.7921180725098 27.1216869354248 26.8547973632812 26.5282821655273 26.5593852996826 27.8581409454346
19.5556831359863 25.2384414672852 25.9960880279541 19.6108131408691 19.5559730529785 20.42458152771 21.4247760772705 22.4594249725342 23.088264465332 23.5086441040039 23.8643817901611 23.6836242675781 23.7363033294678 24.2372970581055 24.7485904693604 25.1762084960938 27.8891124725342 28.2944583892822 28.1852607727051 28.6524715423584 27.1058464050293 28.354377746582 29.9845123291016 32.1010246276855 29.93874168396 30.7553615570068 30.6690235137939 30.4585819244385 30.4178314208984 32.4880523681641 31.3550491333008 30.7648487091064 30.8818607330322 31.190486907959 28.2827968597412 27.3626461029053 28.5664691925049 26.0129203796387 27.5345726013184 27.8483390808105 27.9711380004883 26.980432510376 31.4940872192383 27.985221862793 26.5856647491455 26.3656730651855
20.3349704742432 19.5728988647461 25.4337291717529 20.201322555542 20.3094081878662 21.4057750701904 21.3204860687256 22.2589321136475 23.5410289764404 24.1314239501953 24.521240234375 24.6638622283936 24.7447547912598 28.4850273132324 28.547082901001 25.5431938171387 25.31418800354 25.4782199859619 25.5058708190918 28.2806205749512 27.7728672027588 27.9819087982178 25.573413848877 26.7825355529785 27.6147994995117 29.474666595459 28.8360424041748 29.8361778259277 31.9504947662354 29.5311622619629 29.387544631958 28.4405841827393 28.7951946258545 29.617790222168 28.0482387542725 27.6633396148682 25.6664619445801 24.836893081665 25.0778369903564 23.8188381195068 29.8565902709961 28.4694747924805 29.6766204833984 29.310827255249 31.3044719696045 27.0777072906494
21.4086399078369 20.4089107513428 19.9699630737305 20.4524078369141 21.0826721191406 22.1623382568359 22.2508926391602 22.6751689910889 23.0902347564697 23.8291397094727 23.8976154327393 26.6578731536865 27.6913890838623 24.9207630157471 29.2684478759766 28.659158706665 29.1780643463135 25.8138313293457 28.6057662963867 28.3694705963135 28.3857307434082 27.4397449493408 26.4149856567383 28.4619827270508 30.3030548095703 30.625940322876 28.7581176757812 29.2294540405273 28.3509254455566 30.330659866333 30.5102939605713 28.9991722106934 30.4066963195801 28.3019618988037 30.8795318603516 27.9119720458984 31.5278835296631 27.8543605804443 28.1746196746826 26.4665794372559 27.7731075286865 28.3637561798096 27.707935333252 28.0160369873047 28.8871784210205 29.8883743286133
20.9999523162842 20.4662170410156 20.1252517700195 21.3974056243896 22.2358627319336 22.8782005310059 23.7023830413818 24.1020259857178 24.1245918273926 24.5069541931152 24.3703098297119 26.5422592163086 27.3512630462646 28.9267845153809 29.1264610290527 28.6497669219971 29.0789394378662 29.4829692840576 29.0158424377441 25.8396320343018 28.3632335662842 27.4707717895508 28.2392826080322 28.2724342346191 29.5487880706787 30.4203948974609 30.7493476867676 31.3076725006104 28.611946105957 29.1623497009277 26.2833385467529 28.4135456085205 29.8640880584717 31.8483009338379 30.8542785644531 24.9034233093262 27.5041275024414 28.4666423797607 26.9908065795898 27.9830532073975 29.955207824707 29.1697654724121 28.5500221252441 28.9546699523926 28.5232181549072 28.3846263885498
20.9627265930176 20.2199058532715 19.5851593017578 20.9067497253418 22.4374923706055 22.9951763153076 22.2478427886963 23.8777256011963 23.527042388916 22.8107452392578 24.2494144439697 23.9775447845459 24.3269672393799 27.2169227600098 24.8892364501953 28.2824783325195 28.4433250427246 28.4739265441895 29.137809753418 27.1887664794922 28.0502052307129 28.4826564788818 28.0253944396973 25.6898441314697 28.152099609375 30.4030017852783 29.5147571563721 28.710168838501 28.9648742675781 29.1581172943115 26.17893409729 23.9483127593994 24.980152130127 27.9346656799316 24.1345481872559 23.7959327697754 28.3261852264404 27.8932609558105 28.7281036376953 27.4847583770752 29.7501392364502 30.9585514068604 27.3182163238525 27.6329441070557 28.5552654266357 29.1823120117188
21.3645839691162 20.3461723327637 20.4214916229248 20.9622039794922 22.0310363769531 22.579797744751 23.1786918640137 23.2755832672119 21.7950000762939 21.3534564971924 23.5265312194824 21.9892272949219 22.5742416381836 22.954137802124 26.8308925628662 27.7959117889404 25.1765308380127 28.4865436553955 25.9397945404053 29.433422088623 29.0324230194092 29.3036308288574 28.7392063140869 28.4345359802246 27.5960655212402 28.8569946289062 29.6952743530273 28.666633605957 28.1380786895752 29.8089618682861 27.9501495361328 25.3336620330811 28.2337951660156 26.8882617950439 21.3625259399414 26.2753028869629 27.64333152771 28.2238140106201 28.5892677307129 30.2868824005127 28.2197895050049 30.5765609741211 28.2997989654541 28.5873603820801 28.033842086792 27.9258460998535
21.3803939819336 21.071756362915 20.7918796539307 20.9243183135986 21.7080192565918 22.5783786773682 22.5678977966309 22.2791023254395 21.5529499053955 22.7443599700928 23.0478973388672 21.6450996398926 22.0231971740723 22.3218727111816 23.8277339935303 24.2914810180664 28.0991859436035 25.3519954681396 28.7586326599121 29.0136871337891 28.8087844848633 29.2038707733154 27.3973388671875 28.8751068115234 28.1141033172607 28.2008457183838 27.9637928009033 29.089879989624 27.3967819213867 27.4000625610352 29.1102504730225 28.7555675506592 25.1718711853027 26.8206481933594 27.4020576477051 28.4893188476562 25.681791305542 28.2655696868896 30.6599349975586 27.9376964569092 28.9874839782715 28.1423816680908 28.5767498016357 30.4238777160645 29.8688869476318 27.6093616485596
20.7981338500977 20.7211894989014 20.2802963256836 20.6700973510742 21.231746673584 21.1272373199463 21.913724899292 22.4258441925049 22.8805999755859 22.9641666412354 23.0351295471191 23.3364601135254 26.7488822937012 27.522216796875 27.4168090820312 24.0985107421875 24.9992218017578 28.8825244903564 26.2823867797852 28.3887729644775 28.7441940307617 29.3765087127686 29.4879684448242 28.7942180633545 28.9488334655762 27.8766746520996 28.2615146636963 28.1854400634766 27.4334011077881 29.3952369689941 29.7807369232178 30.6277732849121 26.9405574798584 27.7314739227295 27.4885234832764 23.2574291229248 26.4268398284912 29.3206024169922 31.1688976287842 25.8083457946777 28.3846435546875 28.6321926116943 27.9131832122803 26.5783004760742 28.1707401275635 29.0024585723877
