inst/extdata/Tmax/Tmax36.asc
NCOLS 100 
NROWS 79 
XLLCORNER 148.06 
YLLCORNER -21.49 
CELLSIZE 0.01 
NODATA_value -3.4e+38 
[rows 20 to 39 of 79, columns 46 to 91 of 100]
24.0725555419922 22.6567516326904 22.2965221405029 23.3327102661133 23.0582237243652 22.8010139465332 21.8017406463623 20.9821166992188 22.9316749572754 24.3653240203857 25.1872787475586 25.4924259185791 25.3993530273438 26.192928314209 25.1112155914307 25.6271991729736 25.8843383789062 26.4295196533203 27.7025699615479 27.5482711791992 29.3921432495117 31.5549602508545 32.6720199584961 32.3643531799316 30.8852443695068 31.2841739654541 32.0292816162109 30.5350799560547 29.6065330505371 30.4968605041504 29.7296924591064 30.4751148223877 30.8710708618164 31.7293701171875 31.4619731903076 30.058723449707 29.4815998077393 29.3667621612549 30.7998733520508 32.1509399414062 31.1908168792725 31.7607707977295 30.9465465545654 30.6185245513916 30.7999858856201 31.5574531555176
26.5134868621826 21.7496967315674 21.4790916442871 22.4481563568115 22.2307777404785 21.6337909698486 22.4519939422607 21.3308010101318 22.0535469055176 23.966287612915 26.1454296112061 23.6926746368408 23.2668437957764 25.3859519958496 23.8060626983643 23.8808002471924 24.7001457214355 26.4699554443359 26.2959575653076 27.001895904541 29.5966205596924 31.969181060791 26.7100849151611 26.5331859588623 29.934513092041 31.6000347137451 32.8266830444336 29.3451175689697 30.2172393798828 29.1133460998535 29.5077133178711 29.47727394104 30.0580940246582 29.5082092285156 31.0740947723389 30.8754005432129 30.7769184112549 31.0133514404297 30.1849040985107 33.3622741699219 32.1297645568848 30.9126567840576 29.7395973205566 29.044900894165 28.3398780822754 28.6108722686768
27.4000072479248 23.4746055603027 22.3729972839355 22.1958179473877 21.4338207244873 22.2649993896484 21.6723537445068 22.2062244415283 21.6060218811035 22.3160572052002 24.1986827850342 24.648962020874 23.6386623382568 23.5787868499756 23.5005035400391 24.0362110137939 24.9931907653809 25.6084899902344 24.276388168335 25.6890430450439 31.4964218139648 29.745397567749 26.266716003418 25.3558673858643 26.017297744751 26.1971035003662 29.3598766326904 32.0027923583984 28.7374649047852 31.5923404693604 32.5578231811523 33.9090538024902 31.0701313018799 29.973575592041 30.8970546722412 31.3797855377197 32.716552734375 32.3312454223633 33.6101264953613 31.8115425109863 30.8234233856201 31.6938934326172 30.9262828826904 31.032865524292 27.14333152771 27.2979946136475
27.3962211608887 23.3055553436279 23.1838493347168 22.2347278594971 20.5371837615967 21.8924522399902 22.5919589996338 21.9786014556885 21.9820899963379 22.2787990570068 23.1894683837891 22.5998382568359 23.5619564056396 22.9447479248047 27.1727237701416 28.492790222168 24.4396667480469 24.9310302734375 23.9595699310303 25.6027698516846 30.2465171813965 28.8379020690918 27.3279266357422 24.4843330383301 25.5346794128418 26.2309722900391 26.5273609161377 30.7113399505615 30.2121410369873 28.702657699585 29.9940891265869 30.2225894927979 30.7225399017334 30.3169193267822 30.2635231018066 30.4333343505859 31.2855854034424 32.4113578796387 32.7220268249512 32.7326545715332 32.3356399536133 31.8894710540771 30.4703617095947 30.7338237762451 29.1000518798828 26.575101852417
26.2341251373291 26.368013381958 26.4667625427246 23.1357192993164 22.965202331543 22.2420997619629 21.8527641296387 21.979320526123 22.5975704193115 22.0580387115479 22.381721496582 21.9639186859131 23.4116477966309 30.1464462280273 23.3117141723633 24.3170547485352 25.3450794219971 25.7749862670898 25.3212814331055 26.993860244751 29.7164669036865 29.4759578704834 26.4918155670166 25.4897785186768 25.8382606506348 26.5573539733887 26.2033710479736 26.3707275390625 26.3607845306396 30.3474922180176 32.0360450744629 31.4279956817627 30.0681190490723 30.7686309814453 29.4522018432617 28.986478805542 31.5751285552979 26.5632991790771 31.2759246826172 32.4505271911621 32.7896270751953 30.8435878753662 32.9180908203125 31.8825283050537 30.526029586792 28.3745098114014
21.3423252105713 22.1807594299316 22.8691806793213 22.8262405395508 22.3082408905029 21.5215187072754 21.1937122344971 20.8794021606445 21.9573097229004 22.3767585754395 22.1279144287109 22.0949668884277 23.5823402404785 24.8877563476562 24.7444820404053 24.807445526123 24.9877185821533 28.4193706512451 29.7936115264893 26.9396743774414 26.892448425293 26.8139381408691 25.1868190765381 25.0493545532227 25.333423614502 26.2129135131836 26.243595123291 25.462869644165 29.041353225708 27.4505214691162 31.9887218475342 31.1137218475342 32.2138557434082 29.4456405639648 30.1339054107666 28.9456939697266 30.6087684631348 28.6180019378662 28.7243957519531 32.3604621887207 28.5342769622803 26.3122024536133 26.0812873840332 31.0443859100342 31.6401615142822 29.170804977417
21.1387386322021 21.2132358551025 21.6912746429443 22.1113052368164 22.350959777832 20.4783477783203 20.2288455963135 20.9808311462402 21.560489654541 22.2063331604004 22.4122200012207 22.9600925445557 24.4000148773193 25.4072132110596 25.594446182251 25.9001274108887 27.3901081085205 27.7021560668945 27.6941299438477 26.5987663269043 26.3938465118408 27.5667400360107 27.8264541625977 27.6033592224121 30.3889274597168 25.8616828918457 28.3389129638672 28.1894931793213 26.8915214538574 26.3049983978271 25.735279083252 33.4734268188477 28.8388996124268 29.5280113220215 31.1330299377441 30.1396331787109 30.685417175293 29.521125793457 26.8690757751465 27.1571311950684 32.1191253662109 30.6037673950195 27.0779342651367 26.7385139465332 30.8408107757568 30.0829658508301
21.5950908660889 21.0513134002686 21.2471866607666 21.3694705963135 21.8363132476807 20.196704864502 19.9709320068359 20.020471572876 21.4090309143066 22.2228298187256 21.8127307891846 21.9523677825928 23.286169052124 24.1504344940186 25.5772895812988 25.1603012084961 26.1532402038574 27.7518424987793 26.4105033874512 25.2607364654541 26.373592376709 27.6545429229736 29.6847476959229 32.3170890808105 31.9190559387207 31.7408351898193 27.8764514923096 28.9874687194824 27.2931613922119 26.3625392913818 26.1851119995117 31.5672473907471 29.9190559387207 28.7195568084717 29.5166511535645 29.6220817565918 29.6471786499023 30.3711223602295 27.1472835540771 25.8917217254639 25.6048736572266 25.2275295257568 29.4263916015625 26.1508274078369 27.1434059143066 29.2065677642822
22.3046684265137 21.6880302429199 21.7730617523193 21.3155059814453 21.4816474914551 20.2758197784424 21.3668155670166 21.0165901184082 21.3580532073975 21.4978141784668 21.6612167358398 21.9303874969482 21.983814239502 23.4266891479492 24.7998142242432 24.4337635040283 26.0447216033936 27.1167182922363 26.3326263427734 24.9540901184082 25.2927894592285 29.5225982666016 30.5248146057129 32.3448753356934 31.9450492858887 32.9778900146484 29.3324222564697 31.7155990600586 29.077184677124 26.0011138916016 26.1420993804932 30.3845272064209 30.5693283081055 30.3129920959473 28.4563083648682 29.2590370178223 30.5455417633057 30.611780166626 32.5758247375488 29.3179607391357 31.4108829498291 29.9838008880615 25.3526878356934 25.9376258850098 31.4478187561035 30.5137634277344
22.9963970184326 22.9667186737061 22.4504203796387 22.5819778442383 21.8888149261475 21.6498489379883 21.6921005249023 20.7253952026367 21.2005786895752 21.092456817627 20.4219570159912 21.5151042938232 21.7599296569824 23.4360828399658 23.9878768920898 23.1236267089844 24.4676532745361 25.1613311767578 25.3948383331299 25.6920223236084 25.5373687744141 27.3923664093018 28.1157302856445 30.4640312194824 32.655387878418 30.6692428588867 30.7650127410889 29.2341003417969 29.3795185089111 25.6804218292236 26.0634098052979 28.848762512207 29.9184474945068 28.5776805877686 30.1651611328125 28.2733879089355 30.3613967895508 29.0437965393066 31.1623840332031 27.4236297607422 26.2804355621338 25.7459964752197 27.7648296356201 25.0670204162598 26.9301242828369 28.5891647338867
21.9158782958984 21.7573871612549 21.9973793029785 21.8828926086426 21.8555126190186 21.8918991088867 20.7681636810303 20.8302631378174 20.2680473327637 20.8048973083496 19.8772010803223 21.3011627197266 20.8385372161865 22.3345832824707 23.2368755340576 22.2852611541748 22.5903701782227 24.4367733001709 25.6098823547363 27.2876796722412 26.3648014068604 27.0378074645996 28.1698837280273 28.7150363922119 28.8631076812744 29.444953918457 30.3409786224365 31.6498260498047 31.6983261108398 30.2412223815918 27.9371166229248 29.2397270202637 30.3736400604248 29.8587646484375 32.0043983459473 32.8645286560059 29.7882385253906 28.6247882843018 28.8464069366455 29.6779937744141 29.0266494750977 28.1441707611084 25.938793182373 30.5184726715088 31.1416721343994 28.1908092498779
21.1763172149658 21.7579765319824 21.9506149291992 21.8883113861084 21.1570816040039 21.9504833221436 20.961051940918 20.0487041473389 19.4858245849609 19.3582077026367 19.5087661743164 20.0132923126221 27.3132286071777 22.5966396331787 22.3367595672607 22.2284717559814 23.934606552124 25.036169052124 25.8280029296875 26.5206050872803 29.7166633605957 28.5295944213867 28.9565029144287 28.5003223419189 29.1335754394531 30.6013240814209 32.8082656860352 30.4581565856934 31.0959548950195 27.9735660552979 26.2516899108887 29.4912624359131 29.7748222351074 28.3977661132812 31.0513973236084 32.9430274963379 31.9148197174072 28.7903957366943 29.4066314697266 31.9174327850342 27.461893081665 26.619119644165 28.4995174407959 28.0756759643555 30.47412109375 30.0316753387451
21.1265125274658 21.5032634735107 21.5182914733887 21.7927513122559 21.7946891784668 21.7294235229492 21.6566162109375 20.6741847991943 20.3063869476318 20.3610095977783 19.5333423614502 19.6366958618164 20.4930953979492 22.3093547821045 22.2645797729492 23.1748676300049 23.6061897277832 24.0522117614746 25.6311473846436 26.396900177002 27.9462909698486 27.9214973449707 27.9727458953857 27.7579040527344 28.6676044464111 30.6692485809326 32.5998001098633 29.2711143493652 25.8826770782471 26.0288162231445 26.2522811889648 30.3430233001709 31.8463840484619 28.3250160217285 30.9529819488525 32.6430740356445 28.9521465301514 28.9850616455078 30.2116374969482 31.1523551940918 31.4148082733154 30.7465000152588 24.4918479919434 25.6730155944824 25.7889881134033 26.1855278015137
21.3065071105957 20.7079029083252 20.9800205230713 21.5976905822754 21.7189807891846 21.6719703674316 21.3504600524902 20.9336605072021 21.3300704956055 20.9729690551758 20.6648941040039 20.5595207214355 21.5974102020264 22.0642795562744 21.865161895752 23.2497062683105 23.9253768920898 24.6317729949951 25.6114845275879 25.991081237793 28.9516010284424 31.798583984375 33.0929527282715 26.5579986572266 26.6339168548584 26.6801795959473 26.4922981262207 29.1752090454102 28.2337703704834 29.8745918273926 29.3411064147949 29.910005569458 28.8014030456543 30.6800937652588 31.191291809082 26.7491607666016 30.0341682434082 29.8463859558105 31.5627021789551 31.6317119598389 28.5051860809326 29.6167659759521 28.8970832824707 27.8517189025879 28.0916156768799 27.5982646942139
22.2957344055176 21.1768798828125 21.066047668457 20.706413269043 21.4784736633301 21.4043426513672 21.3855037689209 22.0270137786865 21.6703510284424 20.9541263580322 21.4269981384277 21.8681602478027 22.3477840423584 21.3234596252441 21.7295093536377 22.7609252929688 24.2263011932373 25.3097076416016 24.7903060913086 26.1431884765625 28.3536586761475 31.3208827972412 31.9194240570068 26.4729232788086 25.5593948364258 26.0312480926514 26.7358360290527 26.8959293365479 28.5842800140381 28.8637199401855 31.6785926818848 33.0524368286133 33.6616554260254 31.331750869751 32.2705230712891 28.9701805114746 29.8892021179199 30.3463134765625 29.6390609741211 30.7016983032227 31.4143524169922 28.5837116241455 26.1823043823242 29.1695919036865 28.8716487884521 29.7424545288086
21.9992504119873 21.2979469299316 21.0972785949707 21.1519107818604 21.3597412109375 21.2854690551758 21.7970275878906 22.7614154815674 28.189172744751 21.0474891662598 23.0064277648926 23.51637840271 23.5506496429443 21.5425643920898 22.2932987213135 22.427131652832 23.5980491638184 24.0583457946777 24.0318698883057 25.1775188446045 26.2610282897949 26.9493064880371 28.7155094146729 31.8696975708008 26.8661842346191 26.2046089172363 25.7230129241943 25.9657802581787 29.2184791564941 33.5149002075195 29.7894897460938 26.9349098205566 32.7678871154785 30.9596042633057 30.6558303833008 27.4059276580811 29.3364543914795 28.6883506774902 32.4188232421875 32.0525054931641 30.3169269561768 30.4046096801758 29.894495010376 30.0409889221191 30.1758251190186 31.5453243255615
21.4320468902588 21.3010349273682 21.1147270202637 21.4297294616699 21.5292339324951 21.7120838165283 21.8630466461182 23.4828014373779 23.5417251586914 22.1880836486816 24.2956695556641 24.9642486572266 24.5496768951416 23.2187175750732 23.3690376281738 23.9675312042236 24.4656772613525 25.2373809814453 25.6267986297607 25.9556980133057 26.328857421875 26.7041206359863 24.6238384246826 24.815767288208 25.52219581604 25.0045986175537 25.4952964782715 31.4418773651123 29.2527770996094 33.0022048950195 26.0775241851807 25.4821681976318 26.4273853302002 30.2303371429443 30.8330211639404 29.6944904327393 27.9830188751221 29.4943466186523 29.2874488830566 30.2678527832031 31.6221923828125 32.5397758483887 32.3900451660156 32.1808891296387 31.0026111602783 31.335241317749
21.5461292266846 22.3024425506592 21.2556591033936 21.7441940307617 21.7979602813721 22.4692096710205 22.8592548370361 26.0554008483887 24.1258125305176 23.9198169708252 24.8816394805908 26.0730609893799 25.2141361236572 24.3183116912842 24.5318088531494 25.6417255401611 26.1612701416016 26.2341651916504 27.4718971252441 27.1980819702148 28.6437091827393 27.0696449279785 26.3146591186523 25.6968555450439 26.1270618438721 26.5859565734863 29.3037147521973 28.3985939025879 28.3268547058105 28.5705757141113 27.1104259490967 28.258056640625 27.3959617614746 29.9085273742676 26.6886615753174 30.232250213623 31.2060050964355 31.1917285919189 31.1507263183594 28.5637245178223 29.1639289855957 30.736421585083 29.9088954925537 31.1277084350586 31.6736354827881 31.7507572174072
23.0042209625244 22.9378471374512 21.694995880127 22.7086963653564 22.7926712036133 23.0503635406494 23.6146831512451 24.87380027771 23.9733848571777 24.4885444641113 26.4648933410645 28.2000637054443 26.1989364624023 25.1175022125244 24.3980369567871 25.4270668029785 25.3778343200684 25.9855995178223 27.1272735595703 31.7894134521484 27.1316661834717 27.4496097564697 29.7290630340576 29.0702838897705 28.8645267486572 28.6608390808105 30.3526248931885 29.611888885498 30.2404956817627 29.6685771942139 27.9725437164307 28.7635593414307 30.6784076690674 30.3937244415283 26.3415241241455 25.6759243011475 26.184778213501 27.5233020782471 27.0455188751221 29.1244468688965 32.7220878601074 32.3700675964355 29.4038372039795 28.7828559875488 27.278039932251 27.5174884796143
22.2049942016602 22.2133350372314 22.3584384918213 23.7218456268311 24.2146263122559 24.6984977722168 25.9629783630371 24.3712043762207 23.6933326721191 24.0800476074219 24.805082321167 27.1011085510254 26.6319370269775 26.1707668304443 25.000509262085 27.7046909332275 27.5389461517334 29.5860576629639 32.1621627807617 30.1032657623291 30.3813228607178 29.0916538238525 28.5574340820312 29.0120639801025 29.1343460083008 28.7723236083984 28.7392196655273 28.4236812591553 29.1117248535156 30.2503681182861 29.6208248138428 29.0682144165039 26.9485950469971 26.6762371063232 25.4679222106934 28.6851711273193 30.1438770294189 26.6125793457031 26.5801410675049 26.4078025817871 26.3345413208008 29.1018600463867 28.6224174499512 29.8761425018311 28.4047241210938 27.9317455291748
