inst/extdata/Tmax/Tmax29.asc
NCOLS 100 
NROWS 79 
XLLCORNER 148.06 
YLLCORNER -21.49 
CELLSIZE 0.01 
NODATA_value -3.4e+38 
[rows 20 to 39 of 79, columns 0 to 45 of 100]
36.757843017578097 37.2328720092773 37.4031066894531 37.1188735961914 37.2907562255859 38.0830726623535 37.6115417480469 37.8921051025391 36.721019744873 36.6398887634277 37.7314910888672 37.3783531188965 36.3591270446777 34.6499633789062 33.6596717834473 32.9184837341309 32.5657196044922 33.751350402832 34.5433959960938 35.2625999450684 35.3560943603516 35.7968559265137 35.8402786254883 36.1448745727539 36.103874206543 35.899528503418 34.9519233703613 33.2197875976562 34.0556106567383 33.8302154541016 34.7722511291504 35.0273933410645 35.0027656555176 35.0452690124512 34.7652015686035 34.5073051452637 34.3902587890625 34.1182479858398 33.3429832458496 33.5253982543945 33.3512496948242 32.6286659240723 33.2804336547852 33.0228958129883 31.5016803741455 31.5850639343262
37.5216407775879 37.7743835449219 37.7614784240723 37.3716125488281 37.2845878601074 37.1789245605469 36.7779922485352 37.563533782959 37.8010635375977 38.0533103942871 37.7403373718262 37.7621154785156 37.2856330871582 34.9185638427734 33.6091270446777 33.4306144714355 33.5048751831055 33.9557228088379 34.3318786621094 35.2850379943848 35.9000930786133 36.4813690185547 35.4292259216309 35.8611793518066 35.8362503051758 35.4997711181641 35.1993789672852 33.8865699768066 33.9797248840332 34.7298545837402 35.092945098877 34.8470611572266 34.8698577880859 33.8126525878906 33.4786987304688 33.6738243103027 34.4450225830078 32.8014755249023 32.466667175293 32.6421585083008 31.9362697601318 32.4578590393066 32.6928367614746 30.5917911529541 30.4137268066406 30.9391212463379
37.8076629638672 38.0366592407227 37.825553894043 37.1196327209473 38.3376541137695 37.4172897338867 37.6935005187988 37.3821640014648 38.07666015625 37.2513694763184 38.3525772094727 37.9609451293945 37.7766151428223 36.9485855102539 36.3158149719238 34.6904563903809 33.1236610412598 33.5841407775879 33.8630332946777 35.6642570495605 36.4802780151367 35.5791397094727 35.4253883361816 34.9843940734863 34.5986671447754 35.2917747497559 35.1525421142578 34.7441139221191 34.7294998168945 34.699104309082 34.3860969543457 33.950740814209 33.5757102966309 33.1243362426758 32.4804267883301 33.2019920349121 33.2561950683594 32.207763671875 32.1952438354492 32.1699371337891 30.8807678222656 30.8715324401855 31.2331581115723 31.9458427429199 26.5994091033936 30.8598365783691
37.9723701477051 38.3938865661621 38.8786811828613 37.1483535766602 37.0658073425293 37.9034729003906 36.9662895202637 37.9828948974609 38.1854209899902 37.2611236572266 37.8393821716309 37.737735748291 37.9117736816406 37.0369834899902 35.317985534668 34.4997901916504 33.4489936828613 33.7995185852051 34.3329772949219 35.2375450134277 35.6053352355957 35.9034538269043 35.1711006164551 33.9846878051758 34.4128875732422 34.4669456481934 34.496036529541 35.0691833496094 35.3266372680664 35.0883140563965 34.7662811279297 34.0118370056152 33.4195899963379 33.5026054382324 33.8640289306641 33.6254272460938 31.601634979248 31.300199508667 31.6442432403564 32.0124473571777 30.7087440490723 30.6550769805908 30.0892448425293 28.1806831359863 29.8765087127686 29.7953853607178
38.2016372680664 38.0478897094727 37.8378524780273 38.5465278625488 38.6286888122559 38.291202545166 37.0387115478516 38.1301803588867 36.7187690734863 36.9644813537598 37.0060043334961 36.7446823120117 36.5893478393555 36.9726409912109 35.5785179138184 34.1984710693359 33.5988845825195 33.5135345458984 34.5756454467773 34.7249794006348 35.8069915771484 35.8296737670898 33.4431304931641 33.2644462585449 33.3522338867188 33.6862678527832 33.8850212097168 34.9227638244629 35.185661315918 34.6787910461426 35.056209564209 34.6588592529297 34.526195526123 34.2995452880859 33.8305931091309 33.4754447937012 32.888011932373 32.2435913085938 31.0414047241211 30.4788150787354 29.5428009033203 28.6217975616455 29.2009334564209 30.8080596923828 26.0938701629639 25.816873550415
38.6871376037598 38.3787727355957 38.8059349060059 38.1345901489258 38.6291084289551 38.4645805358887 38.2952461242676 38.0572662353516 37.9063453674316 36.5592613220215 37.6195678710938 36.9266967773438 36.1390037536621 36.3299369812012 36.4092140197754 36.3266868591309 35.1445770263672 34.9426002502441 35.4900016784668 35.9653701782227 35.262752532959 33.659107208252 33.2073402404785 32.201358795166 32.8099098205566 33.5215377807617 33.5013465881348 34.0393867492676 34.9869422912598 34.9044570922852 33.5135345458984 34.2654571533203 34.0812568664551 34.0954666137695 33.7133445739746 33.4492416381836 32.8383026123047 31.9443893432617 29.7481784820557 30.2070407867432 28.8968181610107 29.8536720275879 31.3003578186035 30.5742282867432 25.9704914093018 25.2985286712646
36.772403717041 37.9553985595703 38.9771728515625 38.7190589904785 38.5805435180664 38.3983726501465 38.2351493835449 38.226692199707 37.9561958312988 36.7639770507812 36.3268585205078 36.5488586425781 36.3545875549316 36.1098022460938 36.3108100891113 35.4870796203613 34.7354011535645 34.8126068115234 35.5965461730957 35.4524612426758 35.1033744812012 35.2044715881348 34.0460548400879 32.917308807373 32.3954429626465 32.9589920043945 34.0769920349121 35.0509338378906 34.4317855834961 34.6387710571289 34.0807266235352 33.9156379699707 33.9505615234375 33.5229072570801 33.5506706237793 32.9333457946777 31.6259384155273 31.8049125671387 27.3308773040771 25.8366928100586 28.5470561981201 26.0181732177734 30.8184680938721 26.9354228973389 29.3975982666016 25.1256084442139
36.9962196350098 36.58740234375 37.7003479003906 38.5328178405762 38.4647407531738 38.3073081970215 38.4416923522949 38.5459327697754 38.1455917358398 37.4372100830078 37.0080070495605 36.3403625488281 36.1680030822754 36.5679206848145 35.1398010253906 35.4741249084473 35.0512504577637 34.5863914489746 34.8743286132812 34.9288291931152 34.7925834655762 34.741024017334 34.3634567260742 33.285514831543 33.215690612793 33.4008598327637 32.8517227172852 34.9924163818359 35.2307586669922 33.9462471008301 33.8859100341797 33.9350433349609 34.1181640625 33.415283203125 33.215576171875 32.4645767211914 31.0894641876221 31.2899932861328 31.024263381958 30.0705585479736 28.9288215637207 29.3271007537842 29.1274089813232 26.3321342468262 25.7758522033691 25.4388332366943
35.9284820556641 36.3553276062012 36.8647193908691 37.6846961975098 38.6728706359863 38.1221809387207 38.5121536254883 38.1406173706055 38.1604080200195 37.1962013244629 37.3013534545898 36.5831336975098 36.8229484558105 36.8058433532715 36.5876007080078 34.616771697998 34.7141494750977 34.5438690185547 34.8426132202148 35.6247406005859 34.3289909362793 34.7359046936035 33.8819236755371 32.9727058410645 33.2360763549805 33.5206298828125 33.4183044433594 33.9866104125977 34.4990463256836 34.3378677368164 34.5634574890137 33.6436958312988 33.2775497436523 32.281925201416 31.7715148925781 30.8646049499512 31.1704082489014 31.1453742980957 31.2332019805908 28.7811965942383 25.9335231781006 25.9482898712158 29.3301277160645 25.7223854064941 25.9054012298584 25.7838973999023
35.0305061340332 35.5329627990723 36.0484809875488 36.8024406433105 38.0607452392578 38.0256958007812 37.3399429321289 38.4955749511719 38.317756652832 37.9761581420898 36.8460578918457 37.304126739502 36.6774139404297 36.399528503418 37.002326965332 36.8392333984375 36.5061798095703 34.9051284790039 35.1028900146484 35.0520706176758 34.9549713134766 34.7835998535156 34.3817901611328 33.5107574462891 33.301944732666 33.3355293273926 32.8674583435059 33.9835205078125 34.618595123291 34.0373306274414 34.8763542175293 33.5821685791016 32.5614891052246 32.4423637390137 31.9407768249512 31.6841812133789 31.628698348999 31.0621604919434 30.4533176422119 30.0026264190674 30.8759841918945 30.8200187683105 28.5018177032471 28.6736640930176 25.8337230682373 26.6582126617432
35.5285911560059 35.976390838623 36.0734710693359 36.9220352172852 37.0323867797852 36.7658996582031 36.9258232116699 37.9560241699219 37.9079895019531 37.4496650695801 37.9319114685059 37.8371849060059 37.8896865844727 37.1007385253906 37.1696586608887 37.2494735717773 36.1580009460449 35.6632347106934 34.7664566040039 35.0808219909668 34.8715476989746 34.2140884399414 34.0716972351074 33.6812705993652 33.1370010375977 32.4990272521973 32.8393249511719 34.2660446166992 34.4072799682617 34.5230369567871 34.7772026062012 34.9581680297852 33.5460090637207 32.5083541870117 31.7707538604736 32.6186294555664 32.1603088378906 31.4746685028076 30.6764640808105 30.5970230102539 32.1619567871094 31.9625377655029 31.6397151947021 30.8464374542236 27.5954170227051 26.9481048583984
36.4398765563965 36.2834320068359 37.1245231628418 37.9378128051758 38.3923187255859 37.0532646179199 37.0961151123047 38.3435325622559 38.2917366027832 37.6199722290039 38.0520095825195 37.6844825744629 37.6346168518066 37.2751274108887 36.3707542419434 36.7800064086914 34.6552467346191 33.3920974731445 34.8436737060547 34.4812622070312 34.4309425354004 34.5127944946289 34.010799407959 33.7712516784668 33.3435440063477 33.3107833862305 33.5389556884766 34.513786315918 35.0631256103516 34.1717300415039 34.633415222168 34.6126670837402 34.8223114013672 34.0360107421875 33.3926391601562 32.3983345031738 32.2248725891113 32.2886352539062 31.8376445770264 33.3125381469727 32.3538780212402 32.0937461853027 27.1510372161865 28.8069553375244 26.3900871276855 25.7851676940918
36.0617370605469 37.2496376037598 37.0786628723145 37.1559677124023 38.3188209533691 37.4869804382324 38.0861473083496 37.7031478881836 38.260799407959 37.2323989868164 38.1929893493652 37.6915550231934 37.6893310546875 37.1058235168457 36.7226943969727 36.2310447692871 36.2755088806152 34.6686134338379 33.6011352539062 34.0292549133301 34.0787124633789 34.523307800293 33.9008331298828 34.0067443847656 33.6299057006836 33.3988800048828 34.8550643920898 34.7720222473145 34.5867195129395 36.0343818664551 34.7849769592285 34.3823356628418 35.3863334655762 35.1859245300293 34.4134826660156 33.8359451293945 33.3240280151367 33.3152313232422 32.8510894775391 33.0364112854004 32.4403610229492 30.1272144317627 25.6456966400146 25.8921642303467 26.0631904602051 24.9082469940186
36.8475952148438 36.8480072021484 37.4572486877441 36.4230499267578 36.9193687438965 35.7678146362305 36.4488868713379 37.7557258605957 38.2464141845703 38.0287551879883 38.3170394897461 37.5268249511719 37.3745613098145 37.441650390625 36.8448677062988 36.6456680297852 37.0920944213867 36.6656532287598 35.9666404724121 35.625602722168 34.5403213500977 34.2313995361328 34.7607727050781 34.3779830932617 33.9916381835938 33.5707702636719 34.9463806152344 35.4537620544434 34.9372482299805 35.1477165222168 34.9255104064941 33.9674606323242 33.5795593261719 33.4955978393555 33.8260345458984 33.9786567687988 34.003490447998 34.4677085876465 34.0922393798828 34.1743431091309 32.5023994445801 28.1259746551514 26.7087440490723 26.8452205657959 26.6844749450684 25.8501014709473
37.3220901489258 37.6296463012695 37.4508399963379 35.754451751709 36.411060333252 37.2565689086914 36.412296295166 37.8164329528809 38.1696929931641 37.7845191955566 38.2243156433105 37.8970108032227 38.2185096740723 37.7316284179688 37.3313140869141 37.1723823547363 36.9251976013184 36.7112426757812 36.3424987792969 35.4250755310059 34.072193145752 35.1194381713867 35.5375709533691 34.3856048583984 33.938850402832 33.7714195251465 33.4417495727539 34.5917549133301 34.5096397399902 33.5987777709961 34.5157051086426 33.5015029907227 33.1173400878906 33.1807250976562 32.9066543579102 32.9878463745117 33.6340560913086 33.0743103027344 33.7125511169434 33.4784736633301 31.8264217376709 31.4555435180664 28.6483516693115 28.0322456359863 27.3958053588867 27.3486328125
37.0453186035156 38.339469909668 37.4285469055176 36.6413154602051 35.1408195495605 37.3158645629883 38.632869720459 36.7462310791016 37.7019195556641 38.2649078369141 38.1358070373535 37.9480857849121 37.4349250793457 37.5719223022461 37.2311592102051 37.4173278808594 36.5082054138184 36.0916213989258 36.0603523254395 35.5891304016113 34.5557098388672 35.2262268066406 34.4410133361816 33.1446380615234 33.4972991943359 33.0300445556641 34.1887588500977 33.3104629516602 33.4064292907715 30.8396224975586 32.6095657348633 33.1141777038574 33.4023704528809 33.0774459838867 33.1447334289551 32.2478790283203 32.3321952819824 32.7064628601074 33.6351203918457 32.9412689208984 28.1024360656738 27.8039150238037 27.4891548156738 27.9147491455078 27.7123050689697 26.6896457672119
37.6857757568359 36.8053855895996 38.1016731262207 37.4138488769531 37.3105926513672 37.2692451477051 37.2290267944336 37.259937286377 37.3757820129395 38.6445121765137 38.625862121582 38.0392799377441 37.8782920837402 38.1264381408691 37.8759574890137 36.7746200561523 36.1347846984863 36.0869560241699 36.1009750366211 36.1382827758789 35.4685440063477 34.5949096679688 33.5973052978516 33.4006042480469 33.6644821166992 34.2158584594727 34.6103744506836 33.7201919555664 33.404956817627 31.4619789123535 31.3201999664307 30.3297901153564 31.8347473144531 33.1911354064941 33.2153358459473 31.386344909668 31.2901134490967 30.8948001861572 30.613317489624 27.1084251403809 27.0876884460449 26.4460983276367 26.8362693786621 27.582971572876 27.6238994598389 26.216739654541
37.1667861938477 36.5820846557617 37.8250503540039 36.6296882629395 36.802360534668 36.8229866027832 35.5925216674805 36.2878265380859 37.2776794433594 37.5391120910645 38.2341156005859 38.237979888916 38.0814781188965 37.551383972168 37.8969078063965 37.7793655395508 37.0832710266113 35.7919235229492 36.3116722106934 35.8656730651855 35.706615447998 35.1005172729492 33.8080978393555 33.6083869934082 33.1401977539062 33.6836204528809 34.4520492553711 33.6214485168457 33.7577705383301 33.3510665893555 33.3282318115234 32.2414283752441 31.9834632873535 30.7650852203369 26.9455394744873 25.9097385406494 26.0179424285889 25.7753715515137 25.6926040649414 25.8424663543701 25.9867744445801 26.0311603546143 26.2674713134766 26.9538288116455 27.2825222015381 26.8458461761475
37.1501426696777 36.492546081543 36.4859733581543 37.6772041320801 37.3466033935547 37.5020904541016 36.0808258056641 35.2443428039551 36.0372200012207 36.8286323547363 38.0790596008301 38.3973083496094 38.2650527954102 38.0660018920898 37.0292930603027 36.6777610778809 36.6506156921387 36.2244644165039 36.6381416320801 36.506534576416 36.4821701049805 35.2448043823242 34.7518692016602 34.296989440918 33.5379180908203 34.2984199523926 33.9775428771973 34.0457649230957 32.5145149230957 33.3241386413574 32.5719985961914 32.3370018005371 32.4083137512207 31.7680377960205 30.4235954284668 25.5010108947754 25.2065753936768 25.0929069519043 24.971508026123 25.4431972503662 25.9664192199707 27.4515552520752 25.9680461883545 26.8598709106445 26.3737506866455 26.2973537445068
36.767650604248 36.2639694213867 37.4778823852539 37.4666061401367 37.6650657653809 36.7704772949219 36.4503021240234 35.8200874328613 36.6622352600098 35.90771484375 36.7741889953613 38.2047691345215 37.8933372497559 37.6666641235352 36.9628791809082 37.3183174133301 35.7176628112793 35.9851837158203 36.3019828796387 36.0570297241211 36.1444396972656 35.4963417053223 35.6023216247559 35.0994682312012 34.1149024963379 34.0611534118652 33.6921844482422 33.5597953796387 34.0107612609863 33.0996208190918 32.1018028259277 31.0229511260986 32.7792358398438 33.0567474365234 33.0274467468262 30.6137504577637 27.7562561035156 27.3273468017578 26.417121887207 25.5769309997559 26.2370719909668 26.2312831878662 26.2160091400146 26.5992660522461 26.5187835693359 26.2207565307617
