inst/extdata/Tmax/Tmax24.asc
NCOLS 100 
NROWS 79 
XLLCORNER 148.06 
YLLCORNER -21.49 
CELLSIZE 0.01 
NODATA_value -3.4e+38 
[rows 20 to 39 of 79, columns 0 to 45 of 100]
37.756305694580099 38.2452354431152 38.4286689758301 38.1568717956543 38.3423843383789 39.1505012512207 38.6907157897949 38.9830703735352 37.8238945007324 37.7540321350098 38.8547859191895 38.505313873291 37.4879455566406 35.7754325866699 34.767032623291 34.0295104980469 33.6876792907715 34.907844543457 35.7405014038086 36.4852027893066 36.5926780700684 37.0475997924805 37.114631652832 37.4341125488281 37.4028396606445 37.2042388916016 36.2524299621582 34.5068283081055 35.3724327087402 35.1630516052246 36.1382484436035 36.4084091186523 36.4025917053223 36.458366394043 36.1913681030273 35.939826965332 35.824291229248 35.5666465759277 34.789794921875 34.9951210021973 34.8276405334473 34.0946578979492 34.7683448791504 34.5266799926758 33.0238609313965 33.1225166320801
38.5094108581543 38.7765846252441 38.7771377563477 38.3997497558594 38.3260917663574 38.2336921691895 37.8433265686035 38.6405220031738 38.8909111022949 39.1551170349121 38.8526992797852 38.883918762207 38.4151344299316 36.0374870300293 34.7061729431152 34.5336265563965 34.6252212524414 35.10791015625 35.5102119445801 36.4868278503418 37.1190643310547 37.7119560241699 36.6888618469238 37.1387825012207 37.1224670410156 36.8005599975586 36.5135612487793 35.192138671875 35.294563293457 36.0748825073242 36.455867767334 36.2211761474609 36.2478218078613 35.1854286193848 34.8661613464355 35.0746154785156 35.8752021789551 34.2225608825684 33.8887786865234 34.088550567627 33.3838500976562 33.9222984313965 34.1621589660645 32.0458221435547 31.8916358947754 32.4540100097656
38.7842864990234 39.0274200439453 38.8297157287598 38.1367263793945 39.3676528930664 38.4598655700684 38.7457504272461 38.4450225830078 39.1517066955566 38.3391075134277 39.4510307312012 39.071403503418 38.8962669372559 38.0663146972656 37.4193534851074 35.7885246276855 34.2219543457031 34.7043228149414 35.0085716247559 36.8434295654297 37.6760749816895 36.7922515869141 36.6705322265625 36.237491607666 35.8537902832031 36.5716133117676 36.4486541748047 36.0569839477539 36.048023223877 36.0330238342285 35.7260093688965 35.2992210388184 34.9205436706543 34.4728851318359 33.8358001708984 34.5778350830078 34.6440391540527 33.5921821594238 33.592472076416 33.5783767700195 32.2934989929199 32.276195526123 32.6743202209473 33.391845703125 28.03102684021 32.3476142883301
38.9364166259766 39.3717384338379 39.8701553344727 38.1528930664062 38.082763671875 38.9335670471191 38.0082778930664 39.0317611694336 39.245246887207 38.3348045349121 38.9222755432129 38.8297271728516 39.0196914672852 38.1490135192871 36.4237518310547 35.6002197265625 34.5450172424316 34.9027633666992 35.4609909057617 36.3856430053711 36.7801246643066 37.1191902160645 36.3938636779785 35.204288482666 35.6504135131836 35.7224998474121 35.7566413879395 36.3718338012695 36.6442375183105 36.4160003662109 36.1012649536133 35.3279800415039 34.7398567199707 34.8426513671875 35.2283248901367 34.9894256591797 32.9526786804199 32.6500129699707 33.0275840759277 33.394660949707 32.0849990844727 32.0124702453613 31.477294921875 29.6135597229004 31.2763919830322 31.2418804168701
39.1522941589355 39.0128860473633 38.8167190551758 39.5379447937012 39.6325607299805 39.3084411621094 38.0694732666016 39.170482635498 37.7685356140137 38.0237655639648 38.0762901306152 37.8276634216309 37.6816024780273 38.069995880127 36.6707725524902 35.2882194519043 34.6864852905273 34.6071624755859 35.6856307983398 35.8477363586426 36.9699783325195 37.0285148620605 34.6265258789062 34.4480438232422 34.5699462890625 34.9170875549316 35.1347808837891 36.2081146240234 36.492259979248 35.988338470459 36.378288269043 35.9882621765137 35.8688888549805 35.6581497192383 35.1932029724121 34.8425636291504 34.2568244934082 33.5938415527344 32.3989944458008 31.8429088592529 30.8813362121582 29.9624691009521 30.5621471405029 32.2258148193359 27.4776096343994 27.2209415435791
39.6245269775391 39.3297348022461 39.7703323364258 39.1116561889648 39.6196708679199 39.4685859680176 39.3133430480957 39.0877799987793 38.9469947814941 37.6078681945801 38.6771850585938 37.9946899414062 37.2168922424316 37.4104995727539 37.4926719665527 37.4108963012695 36.2290077209473 36.0334014892578 36.6028480529785 37.1076507568359 36.4182014465332 34.8259048461914 34.375675201416 33.3556098937988 33.987419128418 34.7305908203125 34.7279243469238 35.3145561218262 36.2816123962402 36.202808380127 34.8003425598145 35.5844612121582 35.4103851318359 35.4348411560059 35.058536529541 34.7987442016602 34.1982498168945 33.2767753601074 31.0647563934326 31.5448207855225 30.2196559906006 31.2044563293457 32.671875 31.9820957183838 27.3658084869385 26.6840381622314
37.695240020752 38.8918800354004 39.9270057678223 39.6822624206543 39.5569000244141 39.3880348205566 39.2401962280273 39.2451934814453 38.9851989746094 37.7971038818359 37.3709449768066 37.6004829406738 37.4197425842285 37.1797485351562 37.3771591186523 36.545166015625 35.799674987793 35.8930473327637 36.6991806030273 36.5662803649902 36.2344589233398 36.3708877563477 35.2225036621094 34.0717468261719 33.554801940918 34.1515998840332 35.3037414550781 36.3164939880371 35.7138557434082 35.9287719726562 35.3606376647949 35.1988258361816 35.2703170776367 34.8408241271973 34.8697242736816 34.2433738708496 32.9422798156738 33.1375389099121 28.6510448455811 27.1445655822754 29.8607501983643 27.3494148254395 32.1604881286621 28.3113346099854 30.7672729492188 26.4965763092041
37.9036293029785 37.5082969665527 38.6350402832031 39.4816513061523 39.4272575378418 39.2843132019043 39.4341735839844 39.5517311096191 39.1632957458496 38.4641609191895 38.0432167053223 37.3834266662598 37.2219657897949 37.6309280395508 36.1956024169922 36.5210037231445 36.1054954528809 35.6526374816895 35.9554748535156 36.0224075317383 35.9230270385742 35.9011344909668 35.5237007141113 34.4390983581543 34.3705673217773 34.5736465454102 34.0404396057129 36.2353286743164 36.4977378845215 35.2240524291992 35.1550331115723 35.2159156799316 35.4214477539062 34.711296081543 34.5066452026367 33.7549285888672 32.3731002807617 32.6023445129395 32.3461112976074 31.369291305542 30.2330513000488 30.6464328765869 30.4580821990967 27.6866340637207 27.1325988769531 26.8034114837646
36.8139343261719 37.2528343200684 37.7803001403809 38.6194915771484 39.6235618591309 39.087833404541 39.4920654296875 39.1336784362793 39.1643142700195 38.2113990783691 38.3265914916992 37.6102409362793 37.8658065795898 37.8589248657227 37.6425704956055 35.6602020263672 35.7582931518555 35.5933876037598 35.9091644287109 36.720027923584 35.4486465454102 35.8779640197754 35.0172958374023 34.1064071655273 34.3792953491211 34.6797561645508 34.599925994873 35.2042846679688 35.7515487670898 35.6062889099121 35.8314056396484 34.9184761047363 34.5542411804199 33.5456695556641 33.023307800293 32.1214065551758 32.4344139099121 32.4256286621094 32.5292015075684 30.0824699401855 27.2382526397705 27.2683353424072 30.6587028503418 27.0603179931641 27.2566204071045 27.1470794677734
35.8893356323242 36.4185333251953 36.9532089233398 37.7151336669922 38.9975471496582 38.9788627624512 38.3072738647461 39.4762802124023 39.3077239990234 38.9765357971191 37.8599700927734 38.3260116577148 37.7076301574707 37.4404144287109 38.051139831543 37.8902359008789 37.5590705871582 35.9479331970215 36.1631393432617 36.1264610290527 36.045036315918 35.9067420959473 35.5089073181152 34.6347351074219 34.4351539611816 34.4779167175293 34.0222473144531 35.1886291503906 35.860424041748 35.2954940795898 36.125904083252 34.8204078674316 33.8057594299316 33.6918258666992 33.1975402832031 32.9340896606445 32.8904037475586 32.329517364502 31.7265949249268 31.292818069458 32.2187843322754 32.1795234680176 29.8477802276611 30.0050926208496 27.1988582611084 28.039758682251
36.379711151123 36.8551025390625 36.9657440185547 37.8174018859863 37.9556732177734 37.7063903808594 37.8811111450195 38.9245872497559 38.8889808654785 38.4394302368164 38.9330635070801 38.8508033752441 38.9130897521973 38.1331977844238 38.2092361450195 38.2899627685547 37.1955642700195 36.7061767578125 35.8150520324707 36.1462669372559 35.9513168334961 35.3156089782715 35.1747169494629 34.7942695617676 34.2577209472656 33.6227989196777 33.9800491333008 35.4570770263672 35.6343612670898 35.7655410766602 36.0334663391113 36.22412109375 34.7956275939941 33.748722076416 33.0230178833008 33.8738403320312 33.4319305419922 32.7555122375488 31.9622764587402 31.9073257446289 33.5262832641602 33.3437232971191 33.0234794616699 32.2286529541016 28.9890556335449 28.3403396606445
37.2908821105957 37.1522369384766 38.007625579834 38.8341941833496 39.3037376403809 37.9811172485352 38.0383987426758 39.2993583679199 39.2602882385254 38.600700378418 39.0425491333008 38.6876525878906 38.6494140625 38.2991523742676 37.4025611877441 37.8148422241211 35.6864585876465 34.4290008544922 35.8824577331543 35.5312385559082 35.4947395324707 35.5970611572266 35.101634979248 34.8708152770996 34.4549903869629 34.4356575012207 34.692512512207 35.7067108154297 36.280086517334 35.3892517089844 35.8627014160156 35.8564720153809 36.0859718322754 35.3001670837402 34.6635894775391 33.6636848449707 33.5321578979492 33.6065979003906 33.1697273254395 34.6600875854492 33.7097511291504 33.4393348693848 28.4876270294189 30.1502666473389 27.744384765625 27.1378593444824
36.8955307006836 38.1089324951172 37.9524459838867 38.0433769226074 39.2195510864258 38.4013862609863 39.0137825012207 38.6453514099121 39.2165489196777 38.2015266418457 39.1748657226562 38.684700012207 38.6922988891602 38.1190719604492 37.7454948425293 37.2621307373047 37.3100547790527 35.7033157348633 34.6360473632812 35.0669479370117 35.1294822692871 35.5937995910645 34.9823570251465 35.096794128418 34.7306671142578 34.5151214599609 36.0137786865234 35.9626502990723 35.7933540344238 37.2505340576172 36.002269744873 35.5985565185547 36.6346549987793 36.4515266418457 35.6946449279785 35.1175117492676 34.6322898864746 34.6301574707031 34.1772766113281 34.3729209899902 33.7594146728516 31.4293460845947 26.9403667449951 27.2049770355225 27.3877906799316 26.2312145233154
37.6668815612793 37.6905479431152 38.3098258972168 37.2866401672363 37.7986106872559 36.6677703857422 37.3626289367676 38.6835479736328 39.1882133483887 38.984016418457 39.2853927612305 38.5086708068848 38.3678283691406 38.4454040527344 37.8590965270996 37.6687698364258 38.1195945739746 37.6981811523438 37.0072975158691 36.6680030822754 35.5815086364746 35.2887878417969 35.8278579711914 35.459041595459 35.083812713623 34.6755065917969 36.0838508605957 36.6314353942871 36.1312103271484 36.3475685119629 36.135986328125 35.1663627624512 34.7991752624512 34.7359161376953 35.0890350341797 35.2600250244141 35.2961769104004 35.7707061767578 35.3995666503906 35.4981536865234 33.8322143554688 29.4390659332275 28.0188255310059 28.1809864044189 28.0245475769043 27.1818809509277
38.1342010498047 38.4594383239746 38.2869987487793 36.5935974121094 37.2645683288574 38.1393013000488 37.3128280639648 38.7299003601074 39.0971488952637 38.7260627746582 39.1779403686523 38.8656921386719 39.2000350952148 38.7246475219727 38.3349761962891 38.1857719421387 37.9457588195801 37.7317543029785 37.3688049316406 36.4566802978516 35.1066665649414 36.1657600402832 36.5943222045898 35.4524230957031 35.0180702209473 34.8691177368164 34.5743408203125 35.7568473815918 35.6764984130859 34.7743949890137 35.7080459594727 34.6996726989746 34.3225288391113 34.3928604125977 34.1272239685059 34.234001159668 34.8904151916504 34.3535423278809 35.0044860839844 34.779972076416 33.1358909606934 32.7883148193359 29.9894466400146 29.3796501159668 28.74267578125 28.698600769043
37.8470649719238 39.1558837890625 38.2549591064453 37.4758262634277 35.9837608337402 38.1808929443359 39.5171051025391 37.6445083618164 38.6147880554199 39.1927375793457 39.077205657959 38.9045219421387 38.4039688110352 38.5536575317383 38.2234916687012 38.4188461303711 37.5185394287109 37.1113014221191 37.0855407714844 36.6155128479004 35.5889549255371 36.2687301635742 35.4892387390137 34.1980094909668 34.5651931762695 34.1140022277832 35.3119163513184 34.4598274230957 34.5310859680176 31.9712181091309 33.7654190063477 34.28857421875 34.5900840759277 34.2749214172363 34.3468208312988 33.4592018127441 33.5681266784668 33.9532279968262 34.8954315185547 34.2147903442383 29.3844833374023 29.0938053131104 28.7986755371094 29.2500381469727 29.046895980835 28.0149517059326
38.4728698730469 37.6059875488281 38.915828704834 38.2367935180664 38.1424255371094 38.1170272827148 38.093879699707 38.1418380737305 38.2734107971191 39.5583534240723 39.553108215332 38.9805107116699 38.8353729248047 39.0959930419922 38.8569221496582 37.7636184692383 37.137393951416 37.1003456115723 37.1229476928711 37.1660919189453 36.5071830749512 35.6325263977051 34.6389198303223 34.449031829834 34.7258224487305 35.2957077026367 35.7228622436523 34.8445930480957 34.5372085571289 32.6063804626465 32.4640731811523 31.4866008758545 33.0021667480469 34.3699531555176 34.3965225219727 32.5754241943359 32.4955711364746 32.1128883361816 31.8487529754639 28.3541603088379 28.3468780517578 27.7047348022461 28.1192779541016 28.8969974517822 28.9468784332275 27.5261268615723
37.9341697692871 37.3664779663086 38.6255950927734 37.4417152404785 37.6245040893555 37.6563301086426 36.4389343261719 37.1536979675293 38.1591453552246 38.437614440918 39.148078918457 39.1659545898438 39.0247116088867 38.5090179443359 38.8646583557129 38.7589073181152 38.075309753418 36.7956237792969 37.3259391784668 36.8895797729492 36.7401351928711 36.1337738037109 34.836986541748 34.6515502929688 34.1880149841309 34.7516098022461 35.5502510070801 34.7232055664062 34.8772239685059 34.4947166442871 34.48388671875 33.4083061218262 33.150764465332 31.9385433197021 28.1105937957764 27.077657699585 27.1984157562256 26.967456817627 26.8967323303223 27.0629863739014 27.221752166748 27.2814540863037 27.5335388183594 28.2480907440186 28.5879154205322 28.1576595306396
37.9066390991211 37.2630081176758 37.2712326049805 38.4751777648926 38.1571884155273 38.321418762207 36.9104499816895 36.0837478637695 36.8990707397461 37.7129402160645 38.9798278808594 39.3130226135254 39.1964492797852 39.0113868713379 37.9821319580078 37.6361885070801 37.6235008239746 37.2126502990723 37.6414222717285 37.5212593078613 37.5078811645508 36.2760391235352 35.7770690917969 35.3405952453613 34.5807456970215 35.3544845581055 35.0493545532227 35.136547088623 33.6041793823242 34.4366874694824 33.6927337646484 33.4734382629395 33.5836791992188 32.9484481811523 31.5995941162109 26.6641960144043 26.3774089813232 26.275764465332 26.1638526916504 26.6489887237549 27.1885299682617 28.6861019134521 27.2159786224365 28.1389236450195 27.659200668335 27.5883350372314
37.5126342773438 37.0208854675293 38.2483787536621 38.2476539611816 38.4616813659668 37.5790176391602 37.2690505981445 36.6486930847168 37.506420135498 36.7748680114746 37.6596832275391 39.1081809997559 38.8116798400879 38.5983390808105 37.9073829650879 38.2682800292969 36.6740570068359 36.9517631530762 37.2878112792969 37.0596122741699 37.1581230163574 36.5212020874023 36.6345443725586 36.1346740722656 35.1482315063477 35.1055679321289 34.7496566772461 34.6320915222168 35.0975036621094 34.1932945251465 33.2029685974121 32.1466674804688 33.9385299682617 34.2158699035645 34.205078125 31.7955436706543 28.9449577331543 28.5278434753418 27.6177215576172 26.7800788879395 27.4595375061035 27.4633617401123 27.465726852417 27.8648223876953 27.7933959960938 27.5022811889648
