inst/extdata/Tmax/Tmax124.asc
NCOLS 100 
NROWS 79 
XLLCORNER 148.06 
YLLCORNER -21.49 
CELLSIZE 0.01 
NODATA_value -3.4e+38 
[rows 0 to 19 of 79, columns 46 to 91 of 100]
40.9269104003906 40.7625312805176 40.6715965270996 40.6779365539551 40.6674766540527 40.5701217651367 40.7762107849121 40.6229057312012 40.4505996704102 40.2943992614746 40.2390975952148 39.9959106445312 39.9111480712891 40.1224021911621 40.3802375793457 40.3266143798828 40.2159423828125 40.0625190734863 39.7919540405273 39.6233749389648 39.5173835754395 -3.4e+38 -3.4e+38 -3.4e+38 -3.4e+38 -3.4e+38 -3.4e+38 -3.4e+38 -3.4e+38 -3.4e+38 -3.4e+38 -3.4e+38 -3.4e+38 -3.4e+38 -3.4e+38 -3.4e+38 -3.4e+38 -3.4e+38 -3.4e+38 -3.4e+38 -3.4e+38 -3.4e+38 -3.4e+38 -3.4e+38 -3.4e+38 -3.4e+38
40.8990898132324 40.6382064819336 40.4305038452148 40.6741714477539 40.8320808410645 40.8478050231934 40.8140029907227 40.7253837585449 40.4153366088867 40.0142669677734 40.1608734130859 39.6722259521484 40.1501617431641 40.4409446716309 40.4273834228516 40.3637962341309 40.2678565979004 40.1469078063965 39.9689521789551 39.8852005004883 39.8100395202637 39.6910858154297 -3.4e+38 -3.4e+38 -3.4e+38 -3.4e+38 -3.4e+38 -3.4e+38 -3.4e+38 -3.4e+38 -3.4e+38 -3.4e+38 -3.4e+38 -3.4e+38 -3.4e+38 -3.4e+38 -3.4e+38 -3.4e+38 -3.4e+38 -3.4e+38 -3.4e+38 -3.4e+38 -3.4e+38 -3.4e+38 -3.4e+38 -3.4e+38
40.8091735839844 40.1138954162598 39.3359260559082 40.6294326782227 40.8182411193848 40.8401145935059 40.8304595947266 40.7856864929199 40.5772399902344 40.033634185791 40.1426467895508 40.2760429382324 40.3534622192383 40.4998054504395 40.473503112793 40.4048538208008 40.3293800354004 40.2439956665039 40.1310920715332 39.9298896789551 39.9153518676758 39.7654724121094 39.5464324951172 39.2723731994629 -3.4e+38 -3.4e+38 -3.4e+38 -3.4e+38 -3.4e+38 -3.4e+38 -3.4e+38 -3.4e+38 -3.4e+38 -3.4e+38 -3.4e+38 -3.4e+38 -3.4e+38 -3.4e+38 -3.4e+38 -3.4e+38 -3.4e+38 -3.4e+38 -3.4e+38 -3.4e+38 -3.4e+38 -3.4e+38
40.4221153259277 40.4870491027832 39.4736442565918 40.5317497253418 40.7168388366699 40.7812156677246 40.8481025695801 40.7621955871582 40.6455764770508 40.3409156799316 40.26611328125 40.0317726135254 40.3631019592285 40.4901962280273 40.5186500549316 40.4514007568359 40.4061584472656 40.3492813110352 40.225456237793 39.886360168457 39.7298126220703 39.7510604858398 39.6929588317871 39.6185646057129 39.4613609313965 39.082950592041 -3.4e+38 -3.4e+38 -3.4e+38 -3.4e+38 -3.4e+38 -3.4e+38 -3.4e+38 -3.4e+38 -3.4e+38 -3.4e+38 -3.4e+38 -3.4e+38 -3.4e+38 -3.4e+38 -3.4e+38 -3.4e+38 -3.4e+38 -3.4e+38 -3.4e+38 -3.4e+38
40.4120559692383 40.4409599304199 39.3148536682129 39.5409812927246 40.288761138916 40.7736396789551 40.8621864318848 40.7353858947754 40.7132873535156 40.4239616394043 40.1694526672363 39.9944190979004 39.6386184692383 40.2436218261719 40.4858741760254 40.4290618896484 40.4683990478516 40.429443359375 40.2095642089844 39.5104904174805 39.0383071899414 39.7497673034668 39.8267593383789 39.7683868408203 39.536205291748 39.273380279541 -3.4e+38 -3.4e+38 -3.4e+38 -3.4e+38 -3.4e+38 -3.4e+38 -3.4e+38 -3.4e+38 -3.4e+38 -3.4e+38 -3.4e+38 -3.4e+38 -3.4e+38 -3.4e+38 -3.4e+38 -3.4e+38 -3.4e+38 -3.4e+38 -3.4e+38 -3.4e+38
39.6135787963867 40.3141250610352 38.8640632629395 38.2615509033203 39.9516830444336 40.844539642334 40.7925491333008 40.743537902832 40.697021484375 40.3198585510254 39.4779014587402 39.1666717529297 39.4861221313477 40.3673973083496 40.2839775085449 40.4629974365234 40.515007019043 40.4554061889648 40.3728179931641 39.770378112793 39.0845909118652 39.1592826843262 39.6459045410156 39.706657409668 39.6796340942383 39.6017646789551 -3.4e+38 -3.4e+38 -3.4e+38 -3.4e+38 -3.4e+38 -3.4e+38 -3.4e+38 -3.4e+38 -3.4e+38 -3.4e+38 -3.4e+38 -3.4e+38 -3.4e+38 -3.4e+38 -3.4e+38 -3.4e+38 -3.4e+38 -3.4e+38 -3.4e+38 -3.4e+38
38.7485504150391 40.2955780029297 39.7101936340332 39.636905670166 40.5552597045898 40.811222076416 40.6577301025391 40.5571479797363 40.7034645080566 40.2525291442871 39.5907974243164 39.5857086181641 40.216121673584 40.340202331543 39.4766387939453 40.3338317871094 40.3968353271484 40.4054336547852 40.4434585571289 40.182487487793 39.8304214477539 39.5792350769043 39.7904510498047 39.5612449645996 39.7966499328613 39.835521697998 39.7186164855957 39.4565010070801 -3.4e+38 -3.4e+38 -3.4e+38 -3.4e+38 -3.4e+38 -3.4e+38 -3.4e+38 -3.4e+38 -3.4e+38 -3.4e+38 -3.4e+38 -3.4e+38 -3.4e+38 -3.4e+38 -3.4e+38 -3.4e+38 -3.4e+38 -3.4e+38
37.9136543273926 40.3020973205566 40.7294120788574 40.553581237793 39.61083984375 39.8668937683105 40.4651718139648 40.6097145080566 40.7602157592773 40.5851707458496 40.2309455871582 39.8371772766113 39.8653717041016 40.0757255554199 39.6524810791016 40.3332366943359 39.6580200195312 39.6236038208008 40.2964630126953 40.4173583984375 40.2701377868652 40.0340270996094 39.9350204467773 39.983154296875 39.9569206237793 39.9388465881348 39.7603569030762 39.6149368286133 39.3462867736816 38.8750419616699 38.8799438476562 -3.4e+38 -3.4e+38 -3.4e+38 -3.4e+38 -3.4e+38 -3.4e+38 -3.4e+38 -3.4e+38 -3.4e+38 -3.4e+38 -3.4e+38 -3.4e+38 -3.4e+38 -3.4e+38 -3.4e+38
37.8936614990234 39.8700294494629 40.7616653442383 40.6572303771973 39.8503150939941 38.4197845458984 39.7358436584473 40.7129821777344 40.7847023010254 40.6789779663086 40.5524444580078 40.3060188293457 40.327091217041 40.1644706726074 39.6707229614258 39.624137878418 39.2220001220703 39.9600563049316 40.2524871826172 40.3221855163574 40.3436889648438 40.0119667053223 39.6393814086914 39.3340911865234 39.9928894042969 40.0483932495117 39.9310874938965 39.7792854309082 39.667121887207 39.1591567993164 38.9960861206055 39.1387634277344 -3.4e+38 -3.4e+38 -3.4e+38 -3.4e+38 -3.4e+38 -3.4e+38 -3.4e+38 -3.4e+38 -3.4e+38 -3.4e+38 -3.4e+38 -3.4e+38 -3.4e+38 -3.4e+38
38.7799415588379 39.8777542114258 40.6399040222168 40.632942199707 40.6093254089355 39.3089866638184 39.6108474731445 40.6246719360352 40.7921104431152 40.681079864502 40.5118255615234 40.2712669372559 40.1550598144531 40.261833190918 39.6303062438965 39.3572959899902 39.2827415466309 40.3633232116699 40.2186164855957 39.9335060119629 40.3160247802734 40.2846488952637 40.0982437133789 39.7716293334961 40.1537322998047 40.110424041748 39.9653129577637 40.011157989502 39.8647537231445 39.5831184387207 39.1354293823242 39.1629180908203 -3.4e+38 -3.4e+38 -3.4e+38 -3.4e+38 -3.4e+38 -3.4e+38 -3.4e+38 -3.4e+38 -3.4e+38 -3.4e+38 -3.4e+38 -3.4e+38 -3.4e+38 -3.4e+38
37.919059753418 39.7232818603516 40.0979270935059 39.8942222595215 40.2349090576172 40.5011024475098 40.2335968017578 40.6528434753418 40.7515296936035 40.6572761535645 40.5143051147461 40.3462944030762 40.1566200256348 40.504467010498 40.358341217041 40.2853813171387 40.3499526977539 40.5560264587402 40.5575523376465 40.0439834594727 39.6139106750488 40.2586097717285 40.4339485168457 39.9523582458496 39.9680786132812 39.8425407409668 39.8164291381836 40.113151550293 39.9705200195312 39.7040596008301 -3.4e+38 -3.4e+38 -3.4e+38 -3.4e+38 -3.4e+38 -3.4e+38 -3.4e+38 -3.4e+38 -3.4e+38 -3.4e+38 -3.4e+38 -3.4e+38 -3.4e+38 -3.4e+38 -3.4e+38 -3.4e+38
37.4795379638672 38.1751556396484 38.5261039733887 38.2646980285645 39.3267364501953 40.0000534057617 40.3745574951172 40.6518287658691 40.65478515625 40.5771865844727 40.421573638916 40.2483711242676 40.1108245849609 40.7203025817871 40.7169609069824 40.5986862182617 40.6140289306641 40.7082862854004 40.7542037963867 40.6647109985352 40.3113327026367 40.118408203125 40.4872627258301 40.3072471618652 40.0789794921875 40.2114639282227 40.2424468994141 39.9963912963867 39.8894653320312 39.7349624633789 -3.4e+38 -3.4e+38 -3.4e+38 -3.4e+38 -3.4e+38 -3.4e+38 -3.4e+38 -3.4e+38 -3.4e+38 -3.4e+38 -3.4e+38 -3.4e+38 -3.4e+38 -3.4e+38 -3.4e+38 -3.4e+38
37.4867668151855 36.7877502441406 36.3440284729004 36.427547454834 37.9137382507324 38.4974136352539 39.7765846252441 40.1391639709473 40.4589042663574 40.3553504943848 40.1652870178223 40.4970054626465 40.507251739502 40.4138526916504 40.8512306213379 40.8488121032715 40.794075012207 40.8101501464844 40.829719543457 40.8195495605469 40.7851295471191 40.7162284851074 40.579761505127 40.5308265686035 40.2428932189941 40.3370132446289 40.3201637268066 40.0603218078613 39.8044281005859 39.7000427246094 39.5771560668945 39.2870254516602 -3.4e+38 -3.4e+38 -3.4e+38 -3.4e+38 -3.4e+38 -3.4e+38 -3.4e+38 -3.4e+38 -3.4e+38 -3.4e+38 -3.4e+38 -3.4e+38 -3.4e+38 -3.4e+38
37.5288009643555 36.965217590332 36.3259544372559 35.9408493041992 36.3515167236328 36.9353790283203 38.457218170166 39.7185249328613 40.4560508728027 40.2919731140137 39.8211898803711 40.4303970336914 40.7601776123047 40.8135452270508 40.8405075073242 40.8826103210449 40.9162139892578 40.913272857666 40.9004974365234 40.8778877258301 40.8587455749512 40.8048210144043 40.7365608215332 40.6599922180176 40.4327201843262 40.481086730957 40.3923034667969 40.1943969726562 39.9576683044434 39.8916816711426 39.8398590087891 39.7093467712402 39.4212532043457 -3.4e+38 -3.4e+38 -3.4e+38 -3.4e+38 39.0015716552734 39.0327415466309 -3.4e+38 -3.4e+38 -3.4e+38 -3.4e+38 -3.4e+38 -3.4e+38 -3.4e+38
37.9619216918945 37.0474319458008 36.4165229797363 36.1422462463379 36.5169143676758 36.3427772521973 37.177906036377 38.6275291442871 40.0001449584961 40.3893699645996 39.3199615478516 40.1785049438477 40.6252746582031 40.1822280883789 40.2764892578125 40.7050437927246 40.8152275085449 40.8936958312988 40.8547172546387 40.7393264770508 40.7893600463867 40.74755859375 40.7568244934082 40.7133407592773 40.6435661315918 40.5237197875977 40.4252891540527 40.2923278808594 40.1670188903809 40.0857391357422 40.0546493530273 39.9190254211426 39.5580940246582 -3.4e+38 -3.4e+38 -3.4e+38 -3.4e+38 39.114631652832 39.0696716308594 39.2129325866699 39.2139701843262 39.0545463562012 -3.4e+38 -3.4e+38 -3.4e+38 -3.4e+38
37.9535865783691 37.0483474731445 36.4642066955566 36.7699928283691 36.6100883483887 36.8919677734375 36.7094688415527 37.7015686035156 39.8166732788086 40.5504951477051 39.5447158813477 39.5152053833008 40.3374328613281 38.477180480957 39.5166168212891 39.923095703125 40.4805679321289 40.868465423584 40.8584098815918 40.7773818969727 40.7856254577637 40.7722358703613 40.7866363525391 40.741626739502 40.6794853210449 40.4580955505371 40.4372253417969 40.3768730163574 40.3272895812988 40.2848587036133 40.1982498168945 40.0569610595703 39.875373840332 -3.4e+38 -3.4e+38 39.6714324951172 39.460277557373 39.2086868286133 39.0949554443359 38.9037399291992 39.0392074584961 39.2231788635254 -3.4e+38 -3.4e+38 -3.4e+38 -3.4e+38
37.0011672973633 36.0997734069824 36.0555725097656 36.9668312072754 37.199893951416 37.1330337524414 36.8305511474609 37.0762405395508 39.0712394714355 40.3725395202637 40.4110794067383 39.5922393798828 40.1205062866211 38.747184753418 38.7694396972656 38.8609733581543 40.1905632019043 40.8627738952637 40.8824424743652 40.9046440124512 40.9180335998535 40.8691749572754 40.8258666992188 40.5986557006836 40.6064300537109 40.5130958557129 40.4998817443848 40.4956398010254 40.4677200317383 40.3912391662598 40.3059959411621 40.2039070129395 40.0992202758789 -3.4e+38 39.9459609985352 39.9378089904785 39.8617172241211 -3.4e+38 39.2397537231445 -3.4e+38 38.9995536804199 -3.4e+38 -3.4e+38 -3.4e+38 -3.4e+38 -3.4e+38
36.9820175170898 35.9356651306152 35.4030113220215 37.2579612731934 37.3967971801758 36.9351539611816 36.654426574707 36.7366333007812 37.8236465454102 40.0815391540527 40.216667175293 39.8004608154297 39.9273681640625 40.0474548339844 39.3912963867188 40.5166511535645 40.7491607666016 40.8570022583008 40.8995132446289 40.8934669494629 40.9016304016113 40.8731956481934 40.8426132202148 40.7594337463379 40.7500114440918 40.6983222961426 40.6565551757812 40.6137161254883 40.5165634155273 40.4900741577148 40.427360534668 40.3585968017578 40.2875785827637 40.2114562988281 40.1655540466309 40.170280456543 40.0132331848145 -3.4e+38 -3.4e+38 -3.4e+38 -3.4e+38 -3.4e+38 -3.4e+38 39.2415924072266 -3.4e+38 -3.4e+38
38.2745056152344 38.0411148071289 36.5014801025391 37.5797462463379 36.515308380127 36.5140533447266 36.822338104248 37.0266189575195 38.6296577453613 40.0618553161621 39.7885665893555 39.179759979248 40.0632781982422 40.4783096313477 40.5872421264648 40.6671104431152 40.7915267944336 40.4835433959961 40.6431007385254 40.810432434082 40.8008193969727 40.8430595397949 40.8569641113281 40.8324851989746 40.808666229248 40.7802391052246 40.7494583129883 40.6230049133301 40.3069343566895 40.4334449768066 40.5311965942383 40.5121002197266 40.4630737304688 40.3816604614258 40.3431205749512 40.2864799499512 40.144645690918 40.0151901245117 39.8968925476074 39.8286743164062 39.8368301391602 39.7289085388184 39.4640274047852 39.2613830566406 -3.4e+38 -3.4e+38
38.3508911132812 37.7482223510742 38.1948318481445 38.0525856018066 37.0442085266113 37.0649108886719 36.7817420959473 36.9220733642578 38.4080505371094 39.7707977294922 40.2088012695312 39.9851570129395 40.3353042602539 40.6302185058594 40.5115661621094 40.3943099975586 40.5916633605957 40.3323707580566 40.1794319152832 40.3613433837891 40.6976699829102 40.7705764770508 40.7968292236328 40.8363304138184 40.8430633544922 40.8303718566895 40.7851829528809 40.6005325317383 40.3448944091797 40.5403518676758 40.5252990722656 40.6158294677734 40.5107231140137 40.458179473877 40.4201393127441 40.3091049194336 40.2229919433594 40.1697731018066 40.1283264160156 40.0934143066406 40.0753402709961 39.9484405517578 39.5959892272949 39.19873046875 39.247859954834 -3.4e+38
