inst/extdata/Tmax/Tmax2.asc
NCOLS 100 
NROWS 79 
XLLCORNER 148.06 
YLLCORNER -21.49 
CELLSIZE 0.01 
NODATA_value -3.4e+38 
[rows 20 to 39 of 79, columns 46 to 91 of 100]
20.4042339324951 18.5191860198975 18.2328090667725 19.6766014099121 19.3452606201172 18.9478302001953 17.8872985839844 16.7621154785156 19.2380352020264 21.0931377410889 21.8693065643311 22.1932182312012 22.0995655059814 22.8641166687012 21.7964515686035 22.3213806152344 22.5650177001953 23.0825748443604 24.3463287353516 24.1904048919678 26.035400390625 28.2023143768311 29.3043689727783 28.9917259216309 27.5139560699463 27.9148406982422 28.6632804870605 27.1664657592773 26.2384033203125 27.14040184021 26.3699474334717 27.105920791626 27.5062866210938 28.3749027252197 28.1065368652344 26.7025165557861 26.1266765594482 26.011848449707 27.4460144042969 28.7994518280029 27.8419017791748 28.4112682342529 27.5981483459473 27.266674041748 27.448371887207 28.207935333252
22.9112071990967 17.5899829864502 17.0220050811768 18.4715785980225 18.2332706451416 17.5054626464844 18.5813789367676 16.9613361358643 18.0415630340576 20.5579967498779 22.8362121582031 20.3107376098633 19.7195663452148 22.07985496521 20.4746513366699 20.4701480865479 21.4145927429199 23.1298904418945 22.9543800354004 23.6387119293213 26.2270488739014 28.5991821289062 23.3498668670654 23.1874504089355 26.5877704620361 28.2487411499023 29.4675197601318 25.9865570068359 26.8619651794434 25.7609519958496 26.1436309814453 26.112232208252 26.6967449188232 26.1609172821045 27.723331451416 27.5255393981934 27.4310436248779 27.6680088043213 26.8410758972168 30.0208835601807 28.7900428771973 27.5734443664551 26.4023189544678 25.7097473144531 25.0074691772461 25.2813701629639
23.9534282684326 19.9071731567383 18.2900791168213 17.9525661468506 17.0798225402832 18.2432708740234 17.5054969787598 18.1261863708496 17.3774394989014 18.3641929626465 20.9004020690918 21.3566761016846 20.0606594085693 20.1308917999268 19.9730453491211 20.6883487701416 21.6899719238281 22.288106918335 21.0032482147217 22.3699474334717 28.1400508880615 26.3852500915527 22.9338188171387 22.0525703430176 22.6913471221924 22.8703479766846 26.0090065002441 28.6436653137207 25.3912906646729 28.2382106781006 29.1971778869629 30.5480194091797 27.7112617492676 26.6179122924805 27.5461559295654 28.0358047485352 29.3796710968018 28.9997406005859 30.2787170410156 28.47825050354 27.4922542572021 28.364294052124 27.6024742126465 27.7124137878418 23.8272571563721 23.9834938049316
23.7476005554199 19.6272010803223 19.3470783233643 18.1924495697021 16.1095390319824 17.6844654083252 18.5810317993164 18.0416126251221 17.9935913085938 18.1828594207764 19.495044708252 18.9173545837402 20.1512603759766 19.0832710266113 23.5661430358887 25.2023620605469 21.1495475769043 21.6265563964844 20.5670928955078 22.2682590484619 26.87331199646 25.4708461761475 24.004114151001 21.2047863006592 22.2141132354736 22.9031505584717 23.1954784393311 27.3605537414551 26.8533992767334 25.342493057251 26.6344623565674 26.8638744354248 27.3666343688965 26.9659862518311 26.9180297851562 27.0950012207031 27.9632625579834 29.1009197235107 29.4099044799805 29.4125289916992 29.0163402557373 28.5695018768311 27.1582221984863 27.4246082305908 25.798828125 23.2772808074951
22.0191593170166 22.5437297821045 22.7631397247314 19.3817443847656 18.938814163208 18.0609493255615 17.6905956268311 17.7477989196777 18.6347179412842 17.9603404998779 18.3058605194092 17.7744750976562 19.7860717773438 26.7821006774902 19.7335033416748 21.0350704193115 22.0348281860352 22.4399642944336 22.0000114440918 23.6238555908203 26.3463973999023 26.1143131256104 23.1625957489014 22.1916446685791 22.5113430023193 23.2183456420898 22.8775177001953 23.0419158935547 23.0287990570068 26.9956741333008 28.6931686401367 28.0725326538086 26.7198314666748 27.4235668182373 26.11256980896 25.6617755889893 28.2558002471924 23.264139175415 27.9841728210449 29.1475257873535 29.483642578125 27.536600112915 29.6179237365723 28.584056854248 27.2299690246582 25.0863952636719
16.7131862640381 17.8389282226562 18.9201927185059 18.8733310699463 18.1344318389893 17.1597747802734 16.742992401123 16.2901363372803 17.7154159545898 18.3303108215332 17.9538612365723 18.0063629150391 19.9153537750244 21.5764713287354 21.4526405334473 21.5127449035645 21.6877002716064 25.0589084625244 26.4288349151611 23.576358795166 23.5300750732422 23.468090057373 21.8911285400391 21.7519664764404 22.0328559875488 22.8890857696533 22.9311962127686 22.1719226837158 25.7310600280762 24.0986652374268 28.6417484283447 27.7630958557129 28.8670558929443 26.1022281646729 26.7988605499268 25.6192932128906 27.2845916748047 25.3178100585938 25.4391307830811 29.0679302215576 25.2504539489746 23.0275802612305 22.8049011230469 27.7574443817139 28.3563823699951 25.8867607116699
16.4635772705078 16.5137596130371 17.2034969329834 17.8197174072266 18.2735462188721 15.8000946044922 15.4957265853882 16.4939613342285 17.2334499359131 18.1103134155273 18.3449878692627 19.0327301025391 20.9984550476074 22.0947132110596 22.2619667053223 22.5604782104492 24.0448951721191 24.3318710327148 24.3440055847168 23.2577342987061 23.0520267486572 24.2453651428223 24.4982242584229 24.2644824981689 27.0510845184326 22.5498828887939 25.0432662963867 24.8617191314697 23.5547313690186 22.9726295471191 22.4275588989258 30.1403293609619 25.5008106231689 26.1885719299316 27.7970733642578 26.8106060028076 27.3735980987549 26.2233352661133 23.5706596374512 23.8685989379883 28.8364181518555 27.3362274169922 23.8035087585449 23.4624252319336 27.5666198730469 26.8102779388428
16.9534740447998 16.2904205322266 16.5863399505615 16.7936935424805 17.430139541626 15.3524103164673 15.0683507919312 15.2472858428955 17.0120944976807 18.0587100982666 17.5225868225098 17.8483295440674 19.4665679931641 20.6898403167725 22.2505931854248 21.8478298187256 22.7926139831543 24.3793888092041 23.0747566223145 21.956226348877 23.0445022583008 24.3180370330811 26.3347358703613 28.9573917388916 28.5557537078857 28.4001865386963 24.5382213592529 25.6345653533936 23.9398899078369 23.0450248718262 22.8863754272461 28.2497940063477 26.5994968414307 25.3843669891357 26.1826496124268 26.2940807342529 26.3293552398682 27.0650653839111 23.8585987091064 22.6266956329346 22.3469696044922 21.9746799468994 26.1750926971436 22.8868255615234 23.8783912658691 25.9324111938477
17.8857135772705 17.1683330535889 17.4842872619629 17.0024662017822 17.0774326324463 15.507640838623 16.8308048248291 16.4276561737061 16.8734436035156 17.1999168395996 17.3057880401611 17.6735992431641 17.7854099273682 19.8903923034668 21.4864463806152 21.0888156890869 22.7010288238525 23.760591506958 22.9931602478027 21.6600646972656 21.990779876709 26.1771297454834 27.1613483428955 28.9770774841309 28.5787391662598 29.6190452575684 25.9757347106934 28.3560085296631 25.740385055542 22.6976299285889 22.8456554412842 27.0643901824951 27.2328510284424 26.9782848358154 25.1258602142334 25.9333381652832 27.2252712249756 27.301212310791 29.2792892456055 26.0595645904541 28.1666069030762 26.7512912750244 22.1065540313721 22.6907711029053 28.1868896484375 27.2445697784424
19.0223293304443 18.9692516326904 18.3043346405029 18.4388904571533 17.6156845092773 17.2596950531006 17.2384071350098 16.0145015716553 16.6861953735352 16.4558525085449 15.6715888977051 17.1524906158447 17.5140991210938 19.7591171264648 20.6133632659912 19.5579319000244 21.1268444061279 21.846996307373 22.0596542358398 22.364351272583 22.2292861938477 24.045482635498 24.7473297119141 27.109001159668 29.3046340942383 27.3360958099365 27.4150104522705 25.8747367858887 26.067777633667 22.4015464782715 22.764612197876 25.5297622680664 26.5865821838379 25.245813369751 26.836971282959 24.9512996673584 27.0440998077393 25.7347927093506 27.8658638000488 24.1465167999268 23.025806427002 22.5021858215332 24.5266799926758 21.8294563293457 23.68385887146 25.3358745574951
17.6088943481445 17.4718952178955 17.7410297393799 17.5448589324951 17.4014625549316 17.5239009857178 16.1690788269043 16.1074619293213 15.4225606918335 16.0011157989502 14.9327983856201 16.6251163482666 16.1784801483154 18.3309307098389 19.5561752319336 18.2845859527588 18.7712287902832 21.0945453643799 22.2743644714355 23.9287700653076 23.0310916900635 23.6777896881104 24.8019924163818 25.3709583282471 25.5232372283936 26.1018314361572 26.9772510528564 28.291467666626 28.3715553283691 26.9453239440918 24.6299018859863 25.9243392944336 27.0418643951416 26.5302219390869 28.6827411651611 29.5479068756104 26.4759578704834 25.3205585479736 25.550199508667 26.3939990997314 25.7547950744629 24.8910484313965 22.6953449249268 27.2770977020264 27.8985500335693 24.9418487548828
16.6467628479004 17.3222713470459 17.5031967163086 17.4482650756836 16.4859294891357 17.52414894104 16.2856903076172 15.051381111145 14.3460788726807 14.3381843566895 14.4200305938721 15.1245317459106 22.6598205566406 18.496976852417 18.349271774292 18.1559658050537 20.507511138916 21.717643737793 22.4809093475342 23.1528606414795 26.3366107940674 25.1497840881348 25.5835456848145 25.1360359191895 25.7846260070801 27.2401580810547 29.4441871643066 27.1048355102539 27.7660026550293 24.6751613616943 22.9534091949463 26.1720924377441 26.4497833251953 25.0990428924561 27.7402629852295 29.6302795410156 28.6078052520752 25.490062713623 26.1122646331787 28.6316204071045 24.1910781860352 23.3733024597168 25.2484493255615 24.8266620635986 27.2304553985596 26.7924575805664
16.3921947479248 16.8715648651123 16.862133026123 17.2315235137939 17.2778606414795 17.2358798980713 17.0774154663086 15.8052759170532 15.4811925888062 15.5818243026733 14.4971389770508 14.5641975402832 15.6969223022461 18.1726474761963 18.3027820587158 19.3919410705566 19.8619747161865 20.5769481658936 22.2831039428711 23.022798538208 24.5646800994873 24.54638671875 24.6097736358643 24.4014720916748 25.3069972991943 27.307954788208 29.2444229125977 25.9402179718018 22.5942993164062 22.7379894256592 22.952953338623 27.0114917755127 28.533353805542 25.0407695770264 27.6437892913818 29.34153175354 25.6542987823486 25.6886119842529 26.9237174987793 27.8802127838135 28.1649074554443 27.5212268829346 21.269847869873 22.4420318603516 22.555326461792 22.9493541717529
16.7433071136475 16.0300579071045 16.2769622802734 16.9602184295654 17.1392650604248 17.0896148681641 16.6602001190186 16.1567268371582 16.7335643768311 16.2015342712402 15.8764209747314 15.7861938476562 17.0656509399414 17.8829689025879 17.7508316040039 19.3789882659912 20.3695068359375 21.3126544952393 22.2575378417969 22.620231628418 25.5657806396484 28.4182415008545 29.7432460784912 23.225793838501 23.2954616546631 23.3522090911865 23.1640357971191 25.8431701660156 24.911340713501 26.5574283599854 26.0136127471924 26.5733394622803 25.5007839202881 27.3878059387207 27.8772201538086 23.4632263183594 26.7465209960938 26.5647239685059 28.2822113037109 28.3672351837158 25.277551651001 26.3991680145264 25.6578731536865 24.6260738372803 24.8601474761963 24.3746147155762
17.8363780975342 16.3996391296387 16.2947292327881 15.9851865768433 16.8149700164795 16.7240562438965 16.7300567626953 17.5473976135254 17.1077423095703 16.1963481903076 17.012264251709 17.607177734375 18.1616382598877 16.9735488891602 17.4060382843018 18.7724342346191 20.6425075531006 21.9816646575928 21.4622859954834 22.7841300964355 24.974479675293 27.9448986053467 28.5724945068359 23.1414642333984 22.2630481719971 22.7180843353271 23.4043960571289 23.5616493225098 25.2426719665527 25.5266075134277 28.3368587493896 29.7193622589111 30.3357257843018 28.00954246521 28.9558849334717 25.6720123291016 26.6312294006348 27.0719718933105 26.3616790771484 27.4311809539795 28.1501350402832 25.3567276000977 22.9609756469727 25.9247207641602 25.6219348907471 26.4992942810059
17.538480758667 16.576602935791 16.3005409240723 16.3539352416992 16.6390514373779 16.5345897674561 17.2554397583008 18.719762802124 23.9099712371826 16.5890045166016 19.1223030090332 19.8559417724609 19.7963314056396 17.2201557159424 18.111234664917 18.3005332946777 20.0747241973877 20.5746936798096 20.5300464630127 21.8619422912598 22.9018268585205 23.5829448699951 25.3699321746826 28.5291614532471 23.536376953125 22.8932418823242 22.4131393432617 22.6545562744141 25.8800029754639 30.1835422515869 26.4591655731201 23.6198253631592 29.4479370117188 27.6369171142578 27.3529567718506 24.1086158752441 26.0710163116455 25.4231548309326 29.1483573913574 28.7932052612305 27.0462036132812 27.1392936706543 26.6390056610107 26.7895698547363 26.925666809082 28.306489944458
16.8734264373779 16.5784606933594 16.3528709411621 16.7377071380615 16.8380451202393 17.0691680908203 17.3610439300537 19.628625869751 19.7646789550781 18.03249168396 20.7539558410645 21.5922698974609 21.1177539825439 19.4450969696045 19.5937938690186 20.3981018066406 21.116361618042 21.9006938934326 22.2816066741943 22.6015300750732 22.9688701629639 23.3612117767334 21.307861328125 21.5218734741211 22.2151069641113 21.71462059021 22.2027454376221 28.1210289001465 25.9192867279053 29.6636734008789 22.7923412322998 22.2027606964111 23.1193161010742 26.9123001098633 27.5431118011475 26.4082908630371 24.7295722961426 26.2292900085449 26.0201282501221 27.0113162994385 28.3526592254639 29.2723484039307 29.1275978088379 28.924898147583 27.7556838989258 28.1077194213867
16.9771041870117 17.6398696899414 16.6004199981689 17.1514129638672 17.2796268463135 18.0133037567139 18.6611213684082 22.3928871154785 20.4504528045654 20.1235961914062 21.5103950500488 22.6534366607666 21.8395957946777 20.7760047912598 20.8490581512451 22.278772354126 22.7866077423096 22.8540019989014 24.0860328674316 23.8158893585205 25.2874145507812 23.7301483154297 22.9756660461426 22.385046005249 22.8075904846191 23.2509536743164 25.9637203216553 25.0602626800537 24.9833011627197 25.236795425415 23.8455028533936 24.9743824005127 24.0812435150146 26.6030426025391 23.4071846008301 26.9574279785156 27.9421005249023 27.9139595031738 27.8776035308838 25.2962474822998 25.9035720825195 27.4753456115723 26.6521797180176 27.8772087097168 28.43337059021 28.519458770752
18.4019241333008 18.2724628448486 17.2039661407471 18.4581298828125 18.5964469909668 19.0169639587402 19.926441192627 21.3869895935059 20.3321323394775 20.9816799163818 23.0380268096924 24.7477970123291 22.784107208252 21.7546043395996 20.8817520141602 22.0615310668945 22.0172653198242 22.6170101165771 23.7258262634277 28.3814525604248 23.7466793060303 24.087869644165 26.3553428649902 25.7125625610352 25.5187816619873 25.2958374023438 26.9991588592529 26.26877784729 26.8894500732422 26.3362197875977 24.6738681793213 25.4493446350098 27.3610954284668 27.0966453552246 23.0829639434814 22.4232311248779 22.9281005859375 24.2463417053223 23.7861595153809 25.8719806671143 29.4749965667725 29.1187477111816 26.1600933074951 25.5436725616455 24.0516929626465 24.2933750152588
17.5991363525391 17.6808071136475 18.1770915985107 19.7824535369873 20.504222869873 21.2766304016113 22.5146007537842 20.9617156982422 19.7730140686035 20.3684101104736 21.3994159698486 23.6403121948242 23.2025165557861 22.7646770477295 21.6392478942871 24.3045597076416 24.1362342834473 26.218822479248 28.7616577148438 26.6879863739014 26.9750995635986 25.7161483764648 25.1692085266113 25.6237087249756 25.7610569000244 25.3996868133545 25.3833332061768 25.1099662780762 25.766185760498 26.9028301239014 26.2838096618652 25.7430152893066 23.6446990966797 23.3921604156494 22.2151317596436 25.4358959197998 26.8783073425293 23.3552207946777 23.33323097229 23.1718902587891 23.1010055541992 25.8663158416748 25.3991622924805 26.6495246887207 25.1977386474609 24.7223892211914
