inst/extdata/Tmax/Tmax104.asc
NCOLS 100 
NROWS 79 
XLLCORNER 148.06 
YLLCORNER -21.49 
CELLSIZE 0.01 
NODATA_value -3.4e+38 
[rows 40 to 59 of 79, columns 0 to 45 of 100]
32.164897918701200 31.8512229919434 31.9047527313232 31.9626770019531 31.8328113555908 31.9910259246826 31.9523448944092 31.7237777709961 31.159107208252 31.7089691162109 32.5179405212402 32.9403305053711 33.0080184936523 33.0943908691406 33.1990394592285 32.956714630127 32.6435050964355 32.216667175293 31.5110206604004 32.1523208618164 32.1614723205566 32.0457649230957 31.9881782531738 31.5058746337891 30.3934173583984 29.5983009338379 29.3746471405029 29.5054817199707 29.6725273132324 28.8895072937012 28.0961990356445 28.6522026062012 30.2739295959473 29.9525184631348 29.6471557617188 30.0846176147461 29.9925174713135 29.6046810150146 29.3468112945557 28.7960872650146 28.7638072967529 27.6895294189453 26.9935417175293 26.9964809417725 26.7211685180664 26.5525226593018
32.3552055358887 31.8934478759766 31.75537109375 31.9026317596436 31.7955455780029 31.9157619476318 31.9446506500244 31.8321743011475 31.5426864624023 31.7144603729248 32.1552047729492 32.6144104003906 32.9229469299316 33.154224395752 33.2316856384277 33.0663375854492 32.7128601074219 32.0950889587402 31.6947078704834 31.8979148864746 31.947380065918 31.6735820770264 31.9196662902832 31.5886459350586 30.7723751068115 30.1656551361084 29.4143600463867 29.3262481689453 29.6116027832031 29.0829315185547 28.5670032501221 29.3848934173584 30.2614212036133 29.3343162536621 28.4398384094238 29.4240055084229 29.5007038116455 29.7873153686523 29.7606773376465 29.4872779846191 29.3564128875732 28.4609622955322 26.7603492736816 26.6358852386475 26.7263412475586 26.6907291412354
32.1986885070801 32.1604270935059 31.9110870361328 31.7815132141113 31.8763236999512 31.922779083252 31.9150333404541 31.8872203826904 31.8642730712891 31.8246917724609 31.9063320159912 32.5234069824219 32.9444885253906 33.1464767456055 33.185718536377 33.1481285095215 32.8890151977539 32.496883392334 32.2312431335449 32.191234588623 32.103588104248 31.310754776001 31.2420883178711 31.5423526763916 31.5959358215332 31.0623474121094 29.9962615966797 29.5951805114746 29.5163326263428 29.2533512115479 28.1414051055908 29.5129795074463 29.6021194458008 28.2653121948242 27.3040180206299 28.4177684783936 28.4367179870605 29.2774715423584 29.5064220428467 29.1464252471924 28.8719902038574 28.9602088928223 28.2119674682617 27.9535312652588 28.5043392181396 29.7841892242432
31.7719841003418 31.9146938323975 31.9094161987305 31.9219398498535 31.9772720336914 31.9870262145996 31.9644813537598 31.9195919036865 32.0074272155762 31.9899730682373 32.0207557678223 32.5513534545898 32.8808670043945 33.0953674316406 33.1432800292969 33.1847915649414 33.0808563232422 32.8241882324219 32.4928283691406 32.5619087219238 32.3621139526367 32.0583534240723 31.2272415161133 30.8045120239258 31.6650562286377 31.4187088012695 30.9326763153076 30.3415355682373 29.9391918182373 29.737964630127 28.7538986206055 28.6650943756104 29.5660781860352 28.9487571716309 28.1560020446777 27.5933628082275 27.7192649841309 28.0502548217773 28.3573436737061 28.0769481658936 27.5171566009521 28.455738067627 27.9090309143066 29.1285190582275 31.3761138916016 32.1563034057617
31.4162464141846 31.6710453033447 31.6570510864258 31.6759071350098 31.9225807189941 32.0821266174316 32.136604309082 32.0866355895996 32.181209564209 32.2580223083496 32.4874992370605 32.6779708862305 32.8592300415039 33.0065002441406 33.1039733886719 33.1915588378906 33.1777000427246 33.0091896057129 32.8329887390137 32.7927398681641 32.6487121582031 32.488353729248 32.1290893554688 31.8812561035156 31.6780033111572 31.1188125610352 31.4629211425781 31.3218479156494 30.9354019165039 30.0951404571533 29.3481101989746 29.3570251464844 29.7738056182861 29.9993267059326 29.6458320617676 28.1909561157227 26.6749515533447 26.6429843902588 26.7659568786621 27.140754699707 27.0147151947021 27.6819019317627 27.1099472045898 28.1658706665039 30.4243831634521 32.1799507141113
31.4415950775146 31.5457057952881 31.3660354614258 31.248420715332 31.5187301635742 31.8094825744629 32.1172294616699 32.2843170166016 32.3870620727539 32.5213012695312 32.6274108886719 32.5519752502441 32.2932014465332 32.7796173095703 33.0848541259766 33.1660003662109 33.1911964416504 33.1203231811523 33.0261116027832 32.9644241333008 32.8694152832031 32.7543678283691 32.703311920166 31.9555854797363 31.5371475219727 31.4598903656006 31.5890636444092 31.388614654541 31.1704158782959 30.5447025299072 29.0028896331787 29.2778720855713 29.6812038421631 29.7786960601807 29.9196872711182 28.80908203125 27.2516098022461 26.9967670440674 27.0401096343994 27.5397853851318 26.8831958770752 27.290584564209 27.7961196899414 28.2044277191162 29.3314266204834 30.8225402832031
31.2705688476562 31.2614784240723 31.2820816040039 31.2089042663574 31.1050643920898 31.194221496582 31.8303451538086 32.0048713684082 32.1755485534668 32.2177696228027 32.5092430114746 32.6598358154297 32.3692359924316 32.7102012634277 33.0132369995117 33.1312408447266 33.1665153503418 33.0963172912598 33.0645713806152 33.0323638916016 32.9565544128418 32.8893699645996 32.7802543640137 32.2022666931152 31.1893100738525 31.3453330993652 31.5892333984375 31.318603515625 31.2724342346191 31.105094909668 30.1232013702393 29.736047744751 29.3081169128418 29.6505889892578 29.8386688232422 29.264331817627 27.9532241821289 28.3243827819824 27.6727104187012 28.5743827819824 27.8863964080811 28.1068134307861 28.2647361755371 28.4172878265381 28.4252014160156 28.2032527923584
31.8209991455078 31.0575084686279 30.9692192077637 30.9212322235107 30.9064788818359 31.0781497955322 31.4873027801514 31.4500427246094 31.7786846160889 31.8585052490234 31.9776992797852 32.0803642272949 32.331672668457 32.702392578125 32.9580459594727 33.1244850158691 33.1364212036133 32.9999313354492 32.7931442260742 32.689624786377 32.8738288879395 32.6622047424316 32.7022705078125 32.6372871398926 32.0819358825684 31.9762630462646 32.0204849243164 31.7811298370361 31.5866928100586 31.324405670166 30.4805183410645 30.0435848236084 29.1717700958252 29.6798439025879 29.7506198883057 29.4766864776611 28.952615737915 29.2517013549805 28.9347629547119 29.2564163208008 28.9426898956299 28.7065715789795 28.5335140228271 28.3603992462158 27.9450130462646 27.6648235321045
32.6626396179199 31.7085494995117 30.7906818389893 30.6251678466797 30.8025779724121 31.0489253997803 30.9869995117188 31.0038261413574 31.4397964477539 31.8258304595947 31.9343852996826 31.9344139099121 32.2406883239746 32.6419143676758 32.9617080688477 33.064998626709 33.1001777648926 33.0236282348633 32.8291015625 32.5651206970215 32.6711006164551 32.621395111084 32.5383758544922 32.7186470031738 32.5982704162598 32.4801406860352 32.1464385986328 31.906925201416 31.8111553192139 31.4597949981689 30.9839496612549 30.4218578338623 29.3564529418945 29.5655345916748 29.5445003509521 29.6356983184814 29.530834197998 29.5122356414795 29.3839588165283 29.1694946289062 28.1821880340576 27.9925365447998 28.2504787445068 27.9415817260742 27.787467956543 27.3647041320801
32.9796447753906 32.3856658935547 31.3594207763672 30.6690406799316 30.6694927215576 30.6746273040771 30.7286262512207 31.1728954315186 31.4841480255127 31.3737201690674 32.1593551635742 32.4661521911621 32.6191177368164 32.7631874084473 32.9039001464844 33.0272789001465 33.060302734375 33.0054244995117 32.893440246582 32.7326164245605 32.6173858642578 32.5471115112305 32.3308753967285 32.397403717041 32.6227111816406 32.6184234619141 32.3627052307129 31.6944122314453 31.0866546630859 31.4372081756592 31.0753555297852 30.7066383361816 29.7113456726074 29.3539295196533 29.1062431335449 29.5007553100586 29.616662979126 29.5067291259766 29.4683799743652 29.0929203033447 28.238431930542 27.7599296569824 27.9944496154785 27.5449485778809 27.4484329223633 27.3477268218994
32.962215423584 32.7751998901367 32.2278480529785 31.4754619598389 30.8329906463623 30.477819442749 30.694616317749 31.1048469543457 31.1775321960449 31.5697727203369 32.3047485351562 32.6141242980957 32.7893104553223 32.935115814209 32.9768905639648 33.025276184082 32.9019889831543 32.9256057739258 32.9496917724609 32.8664779663086 32.7417907714844 32.5576400756836 32.3259468078613 32.2384719848633 32.3896141052246 32.4558639526367 32.5292510986328 32.2485694885254 31.9094142913818 31.7402820587158 31.0696067810059 30.8819179534912 29.8478260040283 29.3508052825928 28.5961875915527 29.1997699737549 29.378059387207 29.3819789886475 29.4586544036865 29.2406673431396 28.6015338897705 28.4092769622803 28.2897357940674 28.0338916778564 27.6389865875244 27.4297180175781
32.9123001098633 32.8979415893555 32.5948829650879 31.7904071807861 31.0867786407471 30.7550849914551 30.7220878601074 30.8431854248047 30.55712890625 30.7657623291016 31.842809677124 32.3610496520996 32.6007499694824 32.8730773925781 32.9969367980957 32.9662017822266 32.8889617919922 32.8961219787598 32.8682632446289 32.8693580627441 32.7645797729492 32.6477165222168 32.5317497253418 32.2895927429199 32.157886505127 32.0956192016602 32.0700759887695 32.222412109375 31.955680847168 32.1171607971191 32.1591720581055 31.1854476928711 30.4537773132324 29.9072227478027 29.303409576416 29.4795246124268 29.4396228790283 29.2339515686035 29.4226131439209 29.3117046356201 28.704647064209 28.5209789276123 28.3816757202148 28.1620006561279 27.5561027526855 27.3289623260498
32.6974945068359 32.8185577392578 32.653263092041 31.4742908477783 30.5100555419922 30.493688583374 30.6404399871826 30.4898071289062 30.1932506561279 30.3758239746094 31.7584609985352 32.3610954284668 32.648509979248 32.8959655761719 32.9260025024414 32.8812103271484 32.8877868652344 32.8221168518066 32.785530090332 32.794059753418 32.8210067749023 32.7656745910645 32.5797309875488 32.3416786193848 32.0793266296387 31.8941612243652 31.8823852539062 31.8313102722168 31.8371028900146 31.7207679748535 31.9716644287109 31.8254451751709 31.1340789794922 30.3801422119141 29.8457679748535 30.2771129608154 30.2245922088623 29.6425876617432 29.4093780517578 29.5054798126221 29.3131942749023 29.0069522857666 28.6196594238281 28.3209819793701 27.9069232940674 27.4320812225342
32.4312515258789 32.5420227050781 32.690055847168 32.177173614502 30.9645023345947 30.5594234466553 31.011890411377 30.4149551391602 30.2398738861084 30.3589630126953 31.6917533874512 32.4575843811035 32.7395706176758 32.8707962036133 32.7990760803223 32.6973190307617 32.7114562988281 32.7507209777832 32.7251358032227 32.6084403991699 32.6836013793945 32.7768859863281 32.6136131286621 32.4376525878906 32.2083892822266 32.0212097167969 31.6071949005127 31.3766765594482 30.9546070098877 31.3960075378418 31.2027053833008 31.8931179046631 31.9614086151123 31.5440540313721 30.9444580078125 30.9967002868652 30.5496940612793 30.1222190856934 29.7493457794189 30.2272644042969 29.7185134887695 29.3961696624756 29.2014484405518 29.0371170043945 28.6999893188477 28.5222473144531
32.270393371582 32.2567939758301 32.4950370788574 32.5292510986328 32.0055885314941 31.7319583892822 31.6804504394531 31.2636737823486 31.0300197601318 31.0602416992188 31.3103923797607 31.821044921875 32.6330451965332 32.8114395141602 32.678352355957 32.5875473022461 32.5978546142578 32.6670951843262 32.634449005127 32.569278717041 32.6104049682617 32.7489471435547 32.7025566101074 32.495719909668 32.3743095397949 32.1595611572266 31.775842666626 31.5129356384277 31.0151214599609 31.3103923797607 30.5465126037598 31.0828132629395 31.3805866241455 31.4194412231445 31.5809135437012 31.4417972564697 31.0782890319824 30.9114093780518 30.3677597045898 29.7626838684082 29.6821269989014 29.7574596405029 29.4621238708496 29.228343963623 29.2303943634033 29.0583953857422
32.3707733154297 32.3848915100098 32.458927154541 32.5153160095215 32.3901596069336 31.674991607666 31.7026634216309 31.7965850830078 31.5490322113037 31.5138149261475 31.8348236083984 32.2879028320312 32.6933708190918 32.7933120727539 32.6881446838379 32.4818992614746 32.5686416625977 32.5712928771973 32.347339630127 32.3388328552246 32.5147705078125 32.6206283569336 32.6968727111816 32.5920829772949 32.4595069885254 32.2883567810059 32.0663642883301 31.7559013366699 31.564489364624 31.3837356567383 30.8787097930908 30.4488086700439 30.6250762939453 30.5918636322021 31.1479167938232 30.794750213623 31.1334171295166 30.8535747528076 30.4249134063721 29.9281558990479 29.6525077819824 29.4029655456543 28.8155155181885 28.1031761169434 28.8210029602051 29.0626983642578
32.4955749511719 32.4885940551758 32.4662437438965 32.4665870666504 32.3022308349609 31.3709812164307 31.137767791748 31.6743183135986 31.5565662384033 31.189868927002 31.5545749664307 32.3673324584961 32.6991195678711 32.749698638916 32.6611938476562 32.453540802002 32.4648170471191 32.2291069030762 31.9397583007812 32.124210357666 32.4946556091309 32.5186653137207 32.6277694702148 32.6300048828125 32.4439964294434 32.3805274963379 32.1817970275879 31.8443298339844 31.7507629394531 31.4889450073242 31.0030822753906 30.1950149536133 29.8410034179688 30.025426864624 30.5935077667236 30.7742443084717 30.3306865692139 29.9174041748047 30.1681823730469 30.0938491821289 29.6870231628418 29.4164199829102 28.7680587768555 27.7765998840332 28.3362674713135 28.8003330230713
32.5595741271973 32.5328826904297 32.4886817932129 32.4665489196777 32.4356727600098 32.0448799133301 31.5216865539551 31.2465286254883 31.2688503265381 31.0286483764648 31.6177635192871 32.3790664672852 32.669864654541 32.6966018676758 32.6092529296875 32.405834197998 32.2309074401855 31.9997634887695 31.8791847229004 32.2149467468262 32.3806762695312 32.4724617004395 32.4429969787598 32.5749282836914 32.5168113708496 32.4223365783691 32.2392082214355 31.9236793518066 31.7910575866699 31.5656814575195 31.07887840271 30.8438911437988 30.3025913238525 30.0842437744141 30.0283317565918 30.2199535369873 30.5532455444336 30.3804569244385 29.9518375396729 29.7151775360107 29.4779243469238 29.2520160675049 28.9510898590088 28.5724716186523 27.7974109649658 28.1637840270996
32.5869026184082 32.5421676635742 32.4961967468262 32.4974136352539 32.4259490966797 32.1895065307617 31.8682918548584 31.1951351165771 31.0810775756836 31.3183269500732 31.8849277496338 32.3982162475586 32.5969161987305 32.6029014587402 32.463321685791 32.2817687988281 31.9525890350342 31.8673934936523 32.0137519836426 32.0638771057129 32.251277923584 32.198558807373 31.9994449615479 32.3123321533203 32.5366516113281 32.4065971374512 32.1699409484863 31.9973983764648 31.84987449646 31.7344608306885 31.5141506195068 31.2607536315918 30.8984050750732 30.8427257537842 30.4588794708252 30.058084487915 30.191291809082 30.2918815612793 30.0218334197998 29.8479747772217 29.6872081756592 29.4174480438232 28.6777019500732 28.2184906005859 28.3846073150635 28.4173126220703
32.5910530090332 32.6185035705566 32.5648765563965 32.5370597839355 32.4198341369629 32.3057479858398 32.1955642700195 31.7855072021484 31.2483158111572 31.3769836425781 31.5855674743652 31.9566421508789 32.3094215393066 32.3798027038574 32.3241348266602 32.1743698120117 31.9526176452637 31.8102149963379 31.6938819885254 31.7609252929688 32.0542449951172 32.0774879455566 31.8054065704346 32.2901763916016 32.5510635375977 32.4337997436523 32.2646369934082 32.0906639099121 32.0118408203125 31.8882789611816 31.7567558288574 31.5086212158203 31.1330089569092 31.3915596008301 31.2442569732666 30.8033237457275 30.2700805664062 30.1446895599365 30.300874710083 30.8092384338379 29.9126491546631 29.6013488769531 29.1150951385498 28.2920589447021 28.2156391143799 28.0767936706543
