inst/extdata/Tmax/Tmax34.asc
NCOLS 100 
NROWS 79 
XLLCORNER 148.06 
YLLCORNER -21.49 
CELLSIZE 0.01 
NODATA_value -3.4e+38 
[rows 0 to 19 of 79, columns 0 to 45 of 100]
32.008888244628899 32.0712432861328 31.2922554016113 32.3175354003906 32.3485260009766 32.6767120361328 32.7056884765625 32.4587097167969 32.2136993408203 32.3506507873535 31.8770389556885 31.8598461151123 31.8644542694092 30.6663360595703 31.1450347900391 31.5423946380615 31.7882461547852 31.8332958221436 30.4078998565674 29.7883281707764 28.8755683898926 27.4373893737793 27.9623737335205 29.4344425201416 30.0927829742432 30.738582611084 30.3186798095703 30.2888870239258 30.5213012695312 30.1090049743652 27.9928932189941 25.9265594482422 24.085620880127 24.2234687805176 22.8826694488525 21.4700183868408 21.0347576141357 20.6938037872314 21.437707901001 23.5041427612305 25.2613067626953 25.5772247314453 26.1277980804443 31.6595573425293 31.2603225708008 30.2302074432373
32.624439239502 31.5529174804688 30.1060771942139 30.8209095001221 30.7715110778809 31.8736610412598 32.3835945129395 32.5769271850586 33.148796081543 33.2284126281738 32.6140403747559 31.6298675537109 32.2717399597168 31.201208114624 31.4668083190918 31.1273593902588 31.9769020080566 31.7835922241211 30.9205436706543 29.957706451416 30.2221717834473 29.3957004547119 29.1243267059326 29.5894145965576 30.0849304199219 30.6052799224854 31.0161476135254 30.9783573150635 30.6392230987549 30.1784000396729 29.0159854888916 26.9739265441895 24.8674697875977 27.1266994476318 23.8411331176758 22.4416732788086 21.7998638153076 22.7891159057617 23.9939746856689 24.8673801422119 26.240930557251 26.2525844573975 29.4302749633789 30.2194747924805 30.8350620269775 29.697395324707
32.4384651184082 31.4191017150879 31.4557228088379 32.019401550293 31.3575019836426 31.7222938537598 32.1746444702148 32.734203338623 33.1564826965332 33.2277030944824 32.6962013244629 31.9483299255371 32.2544097900391 31.8167896270752 31.2302055358887 31.2518501281738 31.3668365478516 31.6754322052002 30.8261375427246 30.3158664703369 29.7959022521973 30.0455474853516 29.5318489074707 29.8390312194824 30.7382221221924 30.9402351379395 30.9245128631592 30.9003295898438 31.1000366210938 30.5221881866455 30.7753982543945 29.3107490539551 30.3591442108154 27.1319065093994 29.0806713104248 23.101167678833 22.0604019165039 21.7192230224609 22.9490718841553 24.1521034240723 25.8231334686279 32.0024147033691 31.9013214111328 28.504524230957 28.3438301086426 30.8825073242188
32.9890441894531 32.7552223205566 31.7894649505615 32.8874092102051 32.0847549438477 31.5434417724609 32.174186706543 32.6589736938477 32.9897994995117 33.1591987609863 32.9357490539551 32.4134941101074 32.3059692382812 32.3012046813965 31.9136867523193 31.836217880249 31.9932556152344 31.5651054382324 31.3492698669434 30.3226699829102 30.042013168335 29.752513885498 29.8642539978027 29.8839435577393 30.55641746521 30.8226718902588 30.7412891387939 30.7617053985596 30.4297695159912 29.5695362091064 29.7962245941162 30.8702583312988 29.4913730621338 27.2747058868408 23.3100814819336 22.3162784576416 22.5433959960938 21.9347248077393 21.886547088623 21.3733329772949 23.1289157867432 25.5066146850586 28.9883766174316 32.5316505432129 26.6836910247803 26.7341575622559
33.7055969238281 32.8781280517578 32.7090377807617 33.2800254821777 32.8708610534668 32.3471145629883 31.7488079071045 32.7592926025391 33.606201171875 32.8604583740234 33.0539894104004 32.7676849365234 32.6952781677246 32.536449432373 32.0427284240723 31.7166881561279 31.7343158721924 31.1747398376465 30.4548053741455 29.6245079040527 29.6729736328125 30.1774272918701 30.2196311950684 30.4686813354492 30.184549331665 30.0952167510986 31.3562335968018 30.5688343048096 30.4275817871094 30.593563079834 29.9953899383545 30.1805362701416 29.3999576568604 28.432445526123 28.9201564788818 24.0450859069824 23.534366607666 22.9935817718506 21.6145610809326 21.4713287353516 21.2894420623779 25.0661888122559 28.2369365692139 30.2513828277588 26.1207408905029 25.2732086181641
34.2299728393555 33.600025177002 32.8151817321777 33.1803436279297 33.3869934082031 32.7897186279297 32.7357139587402 33.0232162475586 33.2295303344727 33.0173797607422 32.8881950378418 33.3397636413574 32.8660659790039 32.3574485778809 31.3948211669922 31.7319297790527 31.6577491760254 30.8477001190186 30.1007423400879 29.4892749786377 29.556526184082 30.2452239990234 30.3668918609619 30.30051612854 31.1036415100098 30.7077713012695 30.8471374511719 29.7965908050537 29.6234455108643 28.9005794525146 28.0904598236084 29.1309947967529 29.8149185180664 28.9273567199707 28.4809474945068 28.8043403625488 24.1741790771484 23.5816688537598 23.0437412261963 22.4304389953613 21.5469417572021 24.1199703216553 29.2786254882812 28.2899208068848 26.3823528289795 23.6414489746094
33.2902984619141 33.8604431152344 33.7019424438477 34.0336074829102 33.5123481750488 33.1408805847168 32.1867752075195 32.5586585998535 33.1618041992188 33.3652000427246 33.6041831970215 33.5990180969238 32.5503273010254 32.036247253418 31.9586639404297 31.9781322479248 31.4627704620361 30.6921482086182 30.1959934234619 29.6454315185547 29.0103912353516 29.7152061462402 30.2364540100098 30.528284072876 30.8701019287109 31.2278118133545 31.136402130127 30.2381782531738 30.0043048858643 28.1564445495605 27.2994422912598 26.5023994445801 27.8264217376709 28.6524639129639 28.4964427947998 28.059362411499 24.5337257385254 22.721061706543 22.8553619384766 22.6788063049316 22.6134033203125 24.4130764007568 30.1135139465332 31.2169952392578 26.6399078369141 29.3700065612793
33.9375610351562 33.4064559936523 34.1323776245117 34.2696647644043 33.6456604003906 33.3712005615234 32.3116874694824 32.4179725646973 33.0042915344238 33.2269592285156 33.1922607421875 32.9788627624512 32.1479187011719 32.6726112365723 32.564582824707 31.2695236206055 30.9574489593506 30.1405639648438 30.6262054443359 29.4293003082275 28.3875198364258 29.0310211181641 29.5748672485352 30.6291961669922 30.9499797821045 31.2243499755859 30.9639511108398 29.9919548034668 29.5804214477539 29.0379791259766 26.8238487243652 26.4169120788574 27.181713104248 27.0361881256104 27.616943359375 27.8493518829346 23.8418827056885 22.8842678070068 22.3835506439209 22.8690757751465 23.0372562408447 24.2012958526611 25.2955951690674 26.4296188354492 26.5226154327393 24.3190841674805
33.169002532959 33.8365669250488 33.4738845825195 33.6316719055176 33.5368881225586 33.4769859313965 33.0373916625977 32.2536277770996 32.6581230163574 33.1334686279297 33.2949104309082 33.7078895568848 33.9131660461426 32.7669944763184 32.34130859375 31.0167274475098 30.8466033935547 30.7440776824951 30.9862651824951 29.6158714294434 29.6205368041992 29.2282943725586 29.5789909362793 30.5065307617188 31.0435600280762 31.3519439697266 30.3276748657227 28.6747646331787 29.1440277099609 28.9931907653809 27.9082508087158 26.8934879302979 26.5366878509521 25.9445037841797 28.6213150024414 26.5507049560547 27.4027862548828 27.68798828125 22.5529918670654 22.3612117767334 22.4660224914551 22.6706047058105 23.2616081237793 24.9520969390869 25.6021289825439 24.2468109130859
32.5111351013184 33.4773292541504 33.7101440429688 34.1704788208008 33.5128479003906 33.585075378418 33.1147079467773 32.590950012207 32.7499122619629 32.7686729431152 33.2259101867676 33.2454795837402 32.1382904052734 32.0629577636719 32.0462226867676 31.8106708526611 31.6590118408203 31.3552913665771 30.8159999847412 30.6388740539551 30.6182136535645 29.7183933258057 30.1581878662109 31.0269966125488 31.7848243713379 31.6759719848633 30.5073299407959 29.9284019470215 29.1500244140625 27.9811763763428 27.0226421356201 26.6099224090576 26.8192081451416 27.46169090271 27.8556900024414 26.1525421142578 23.1394271850586 26.5195274353027 23.1408576965332 22.0868148803711 22.0857486724854 21.6720447540283 22.3898601531982 23.5660362243652 23.6444568634033 23.3223323822021
32.8133010864258 33.8582801818848 33.7988014221191 33.2730445861816 33.9981002807617 34.1563529968262 33.578800201416 32.9794540405273 33.0689544677734 33.0773162841797 33.4374961853027 32.849681854248 32.5614547729492 31.3858985900879 31.5590896606445 31.6161975860596 31.5822448730469 31.7493877410889 31.3024959564209 31.2529907226562 30.1034412384033 30.0143737792969 29.8621349334717 30.7926082611084 31.1248874664307 31.9535369873047 30.2710609436035 28.381763458252 27.5584583282471 27.377197265625 26.9434833526611 27.3946685791016 28.2023143768311 28.115119934082 27.4836540222168 25.6837825775146 23.3271465301514 22.9785747528076 22.9413604736328 22.0877838134766 22.1995162963867 21.713436126709 21.5395164489746 22.388879776001 22.9199962615967 23.2803726196289
33.2921257019043 32.7230529785156 33.4561882019043 33.5980529785156 33.6595458984375 34.5842208862305 33.8756790161133 33.1156234741211 32.939281463623 33.2412033081055 32.9442024230957 33.413703918457 33.0296440124512 32.4470405578613 32.2098922729492 32.0297355651855 32.2858238220215 32.0901985168457 31.850076675415 31.1370162963867 30.2964859008789 29.8356628417969 30.3142433166504 30.298433303833 30.1699275970459 30.7908000946045 29.1911373138428 28.3724975585938 27.7727375030518 28.0657844543457 28.3667392730713 28.3457622528076 28.347282409668 27.7986602783203 27.6929473876953 26.6209831237793 27.3582077026367 22.2995853424072 22.9889087677002 23.2635974884033 23.0038108825684 22.6320724487305 21.7037506103516 22.5171051025391 22.8448505401611 22.9760684967041
33.4211006164551 33.5726203918457 33.6329612731934 34.3387145996094 34.2258033752441 34.2812805175781 33.6114387512207 32.871036529541 33.2209129333496 34.2341537475586 33.2254104614258 33.5748519897461 32.8844451904297 33.3848342895508 32.9146614074707 32.6124725341797 33.1139030456543 32.5861206054688 32.3020210266113 30.9933586120605 30.7649879455566 31.1932601928711 31.2819194793701 31.7497386932373 31.6013488769531 31.0449924468994 30.6558475494385 29.8133544921875 28.9764308929443 28.6531810760498 29.5095767974854 29.2084159851074 29.0463352203369 28.5049057006836 27.1115837097168 26.338191986084 25.1374664306641 26.646821975708 25.5938243865967 23.9207668304443 22.2888736724854 22.0431747436523 21.5776824951172 21.2920379638672 23.159236907959 23.5790615081787
34.1285858154297 34.3970947265625 33.12890625 33.6077537536621 33.1998329162598 33.2395401000977 33.9814987182617 33.3971786499023 33.5867614746094 33.5563354492188 33.5150146484375 33.3402137756348 32.9684944152832 32.5115585327148 32.8421630859375 32.454029083252 32.866870880127 32.5828056335449 32.3832855224609 31.7253761291504 31.9271564483643 31.9968395233154 31.7270450592041 31.8704586029053 31.0917587280273 29.3266220092773 28.9279613494873 28.855001449585 28.1142349243164 28.6106815338135 29.5331211090088 29.3312702178955 28.7871189117432 27.9968605041504 27.3279514312744 28.8843193054199 27.4087753295898 23.6790161132812 27.891752243042 29.2955799102783 28.4689769744873 23.8472080230713 22.8691959381104 22.6214561462402 23.3207893371582 24.2176837921143
32.5810890197754 32.8322792053223 33.4279365539551 33.8356781005859 33.5723419189453 33.4211273193359 33.4305572509766 34.1018943786621 33.012523651123 32.7978477478027 32.9157867431641 32.6815376281738 32.025447845459 31.9734630584717 32.3033638000488 31.7429580688477 32.6003570556641 32.6795539855957 32.5188407897949 32.618724822998 32.3448257446289 31.6636638641357 30.869815826416 31.0277690887451 30.9021968841553 30.7192764282227 30.4316520690918 29.8369083404541 29.2576332092285 29.9798736572266 29.3365917205811 29.6667823791504 29.4413185119629 29.5245494842529 29.1504802703857 27.6465759277344 28.4174118041992 27.8604621887207 27.6939945220947 29.2490673065186 28.9905529022217 29.0271759033203 23.8245811462402 22.8729228973389 23.4219703674316 24.5159683227539
30.9561443328857 32.508129119873 33.5512657165527 33.2963333129883 33.9916114807129 33.9530754089355 33.7215995788574 33.2870216369629 33.8368759155273 33.2868385314941 31.8114910125732 32.6435241699219 31.4350738525391 30.6063499450684 31.7746963500977 31.6001110076904 31.0609188079834 31.7571983337402 32.5440063476562 32.2969512939453 32.1642227172852 31.9713554382324 31.8668251037598 31.819730758667 31.4399280548096 31.0398178100586 31.2520847320557 30.8095378875732 30.6376819610596 30.3057746887207 30.0692539215088 29.3876972198486 29.3554973602295 29.9197673797607 29.7473449707031 29.6096076965332 30.0334739685059 28.3240146636963 29.5987644195557 30.2217845916748 29.5614604949951 28.0162715911865 22.9413299560547 21.8754081726074 22.5740642547607 23.6854038238525
32.2529220581055 31.1585178375244 32.631591796875 33.6862106323242 32.7665328979492 32.7439155578613 33.9002990722656 33.1632843017578 33.0719375610352 33.3623199462891 32.2209510803223 32.2586250305176 30.9538135528564 30.3370094299316 31.3186340332031 30.3060855865479 30.1201801300049 31.273323059082 31.3125381469727 31.5616359710693 32.1267127990723 32.1034126281738 31.5660724639893 31.5535278320312 30.775707244873 30.1423110961914 29.5287780761719 29.9645900726318 30.6275768280029 29.5472526550293 29.1791877746582 28.4677181243896 28.8709316253662 29.7901458740234 30.0115756988525 29.741605758667 30.2861633300781 30.2644805908203 29.7371196746826 29.2572078704834 29.5163154602051 27.7939777374268 26.4759845733643 23.5125675201416 23.0498332977295 23.9481906890869
32.6679229736328 32.6038551330566 32.6873168945312 33.8676414489746 33.1817588806152 33.6091194152832 34.1468887329102 34.1658554077148 34.3880310058594 34.0442008972168 33.6744232177734 33.1825981140137 31.190486907959 30.5426273345947 31.0255470275879 30.4815235137939 30.1914615631104 30.0313091278076 29.3188991546631 30.560094833374 31.5665683746338 32.396354675293 32.6527099609375 32.0422325134277 30.6531505584717 29.004903793335 28.0926094055176 28.880012512207 29.9369297027588 29.3703575134277 29.2074851989746 30.123556137085 30.064208984375 30.0805568695068 30.7565460205078 29.8447914123535 29.3611545562744 29.2418689727783 29.8539562225342 29.9284362792969 30.3726196289062 29.9471969604492 28.7890472412109 28.304027557373 25.5047302246094 25.0248146057129
33.745662689209 32.5279922485352 32.1006736755371 32.7052688598633 32.9646530151367 33.5523910522461 34.3867683410645 33.6115798950195 34.4953575134277 34.0690650939941 32.6389579772949 32.9020652770996 31.9054260253906 29.0239028930664 29.4842853546143 28.7375583648682 29.153938293457 28.4731407165527 29.7022361755371 30.8030624389648 32.140754699707 31.9359111785889 32.5017623901367 32.4549446105957 31.0202827453613 29.6082401275635 28.0186252593994 28.5912322998047 30.2285537719727 29.3725929260254 29.7679824829102 30.5725116729736 31.4607391357422 31.4488754272461 30.5927639007568 30.1938362121582 29.6372489929199 29.6644592285156 30.4550857543945 30.4441604614258 30.5269355773926 30.4190196990967 30.1029205322266 29.8590526580811 28.0134830474854 24.944164276123
32.6687774658203 32.7122268676758 33.1018524169922 32.7627105712891 33.5619773864746 33.4650802612305 34.3849220275879 34.3647918701172 33.3259544372559 33.6407623291016 33.9411582946777 33.0473365783691 31.9779376983643 28.6479396820068 29.1841640472412 29.2955417633057 28.8115386962891 29.1940727233887 29.2608909606934 30.5558643341064 31.8966693878174 31.5629100799561 32.2428855895996 32.2999000549316 31.7753810882568 30.7697410583496 29.4799957275391 29.2189178466797 30.0083847045898 30.2572536468506 31.0155582427979 31.4594993591309 31.4589614868164 31.4770946502686 31.5440216064453 30.5175228118896 29.6699295043945 29.5926132202148 29.6449279785156 30.1350631713867 30.9292144775391 30.5043525695801 29.53200340271 29.6497077941895 28.5682430267334 27.9834175109863
