inst/extdata/Tmax/Tmax2.asc
NCOLS 100 
NROWS 79 
XLLCORNER 148.06 
YLLCORNER -21.49 
CELLSIZE 0.01 
NODATA_value -3.4e+38 
[rows 40 to 59 of 79, columns 46 to 91 of 100]
17.8975925445557 19.4479351043701 19.1844062805176 20.1386852264404 22.5450897216797 22.6044883728027 22.4451675415039 20.1758270263672 19.8834209442139 20.5872325897217 22.2494316101074 24.3932590484619 24.9070243835449 24.4480857849121 23.6694049835205 25.5213794708252 26.4888324737549 25.9756336212158 27.0650291442871 27.0688705444336 26.4527206420898 27.0842227935791 24.9773788452148 23.8513145446777 25.3294429779053 26.2929172515869 26.8592872619629 26.0728454589844 25.9225254058838 26.1157283782959 25.7703552246094 26.9050006866455 25.6893863677979 22.7377777099609 24.4443950653076 28.8930110931396 27.2684574127197 25.7339172363281 23.6143207550049 22.9481735229492 22.3834571838379 25.3072338104248 25.7407894134521 25.1424541473389 26.5339374542236 23.797981262207
19.3120098114014 19.5985889434814 21.026216506958 22.4098339080811 23.225959777832 22.8395137786865 22.1967506408691 22.0009765625 23.4529361724854 23.7592525482178 26.4946517944336 25.3762378692627 25.1913623809814 24.9213237762451 24.3771934509277 26.3921012878418 26.5514907836914 26.4028835296631 27.4886379241943 27.8013954162598 25.7331886291504 26.1233768463135 22.3593482971191 28.2109489440918 29.4199275970459 25.0448589324951 27.0395946502686 26.0679340362549 26.2981014251709 25.508337020874 26.1380844116211 26.715934753418 26.5888118743896 25.6735706329346 26.1398067474365 28.1882629394531 26.4795207977295 25.9431648254395 25.6968612670898 25.426944732666 24.9646759033203 24.5411567687988 25.9870643615723 25.6606101989746 25.6750545501709 25.1652431488037
20.917911529541 21.9841079711914 21.9524173736572 24.0031051635742 29.1349792480469 26.6742095947266 24.2153053283691 23.491979598999 24.686206817627 26.4124069213867 26.5780925750732 26.2040691375732 26.5280513763428 26.118335723877 27.8918571472168 26.4743194580078 26.3611354827881 26.0570678710938 26.5150585174561 27.271146774292 26.3653888702393 25.8470687866211 25.5491046905518 29.7054214477539 23.0807094573975 29.8350734710693 29.1282863616943 24.9967937469482 24.3809776306152 27.0067291259766 26.7264080047607 27.082878112793 26.3899021148682 25.7738075256348 26.1879329681396 25.0122985839844 25.1403656005859 24.6536483764648 24.7526035308838 25.2329845428467 26.4211711883545 26.5487937927246 26.9361591339111 25.6423625946045 27.6894207000732 27.6620826721191
24.4767875671387 25.2857246398926 25.4832954406738 25.6695003509521 26.4503383636475 25.9925155639648 25.685115814209 25.3184280395508 25.6933460235596 26.1203441619873 26.84006690979 26.8957252502441 27.1316299438477 27.0698013305664 26.5892200469971 26.177583694458 25.8663730621338 26.1027660369873 26.8496971130371 24.4837684631348 26.7694225311279 26.8213024139404 26.6489505767822 26.031867980957 25.5000057220459 27.2714195251465 26.5451984405518 26.1018810272217 26.7622203826904 28.513744354248 27.9171772003174 28.3934555053711 26.2149391174316 25.6419830322266 25.5117588043213 28.0667095184326 27.5420780181885 25.6451644897461 26.6297550201416 27.7262592315674 28.3644351959229 27.5453720092773 26.0108337402344 30.2785472869873 27.8653411865234 25.8756885528564
24.2812366485596 24.529167175293 24.5731372833252 24.9712924957275 26.58251953125 27.2841320037842 26.7198944091797 25.9326457977295 26.3473091125488 26.0571022033691 25.7922210693359 25.8046283721924 25.4314994812012 25.3192729949951 25.2003765106201 25.8255977630615 24.230640411377 25.1221809387207 26.1947135925293 26.5928115844727 27.580322265625 28.2420177459717 28.0001831054688 27.0721054077148 24.9799251556396 25.4731502532959 25.9066619873047 26.4245452880859 28.6776256561279 29.0455112457275 27.7199077606201 26.4975967407227 25.4613285064697 26.1872367858887 25.8733959197998 27.931848526001 26.6527690887451 25.515474319458 26.807638168335 25.3331775665283 25.9913349151611 27.5886096954346 28.0377292633057 28.0254020690918 30.9358444213867 27.8580703735352
20.1650810241699 21.792516708374 23.4496974945068 21.840446472168 23.5935401916504 24.3463249206543 24.2142562866211 24.571704864502 24.9108982086182 25.0527496337891 21.993803024292 22.2160987854004 22.4382438659668 20.4694747924805 21.6198558807373 22.7466411590576 25.1759910583496 25.4250965118408 25.4033813476562 25.5545101165771 27.3744106292725 27.1937122344971 26.5551071166992 26.5361480712891 26.6830940246582 27.2087936401367 27.224048614502 27.2204208374023 26.8811073303223 27.1061611175537 26.785026550293 27.960506439209 28.8473491668701 29.3482723236084 27.353572845459 27.1175861358643 26.6353454589844 26.5033397674561 26.5023612976074 26.2478866577148 26.1189823150635 27.212869644165 27.410005569458 26.1309471130371 28.4704418182373 30.8510398864746
18.0279941558838 19.6559505462646 19.2767009735107 19.0789661407471 20.3819808959961 20.8974494934082 21.1165027618408 21.7765045166016 22.4373798370361 21.6365451812744 21.2183609008789 20.545726776123 21.0111694335938 20.9022369384766 21.3275375366211 22.7583274841309 25.5379886627197 25.34690284729 24.7289123535156 26.6561965942383 27.1411647796631 27.5853366851807 26.6859683990479 26.0012378692627 28.6565341949463 28.8729629516602 27.9566059112549 27.263542175293 26.3600940704346 26.2997398376465 27.5349082946777 27.3844051361084 26.8516426086426 27.2010192871094 27.5066242218018 30.148509979248 26.9751148223877 27.1876697540283 26.1276683807373 26.0217323303223 26.02490234375 28.6945877075195 26.7460670471191 29.6385612487793 28.2736930847168 27.752046585083
18.3944244384766 18.3506870269775 18.2474193572998 18.3869304656982 18.2785091400146 18.8125019073486 20.0801181793213 21.2293510437012 21.5640125274658 21.3839111328125 22.1058521270752 21.5130863189697 21.5571632385254 23.1405506134033 23.9603328704834 25.5595817565918 26.2508220672607 26.1966171264648 26.3572444915771 27.7729644775391 30.5163478851318 28.2651538848877 26.2081851959229 27.2621898651123 28.5026779174805 28.1505966186523 27.5314884185791 30.483757019043 27.6576976776123 27.9404354095459 27.9923267364502 25.4691047668457 25.3505115509033 25.7084655761719 25.5137977600098 25.541971206665 26.9785976409912 26.0113830566406 25.1380043029785 28.9192752838135 28.6954460144043 30.6862297058105 27.2905731201172 29.4273815155029 29.1882839202881 29.1412982940674
18.1521224975586 20.1608600616455 18.5471229553223 18.1772651672363 18.1079235076904 18.1148166656494 18.4225654602051 20.7864055633545 21.632776260376 21.8491630554199 21.7694892883301 21.8918170928955 27.2649765014648 28.4378128051758 28.9719505310059 25.3941135406494 27.3151531219482 23.6992034912109 29.364408493042 29.3049163818359 29.0393981933594 29.3310852050781 28.7410621643066 28.3302001953125 28.0530776977539 26.1738243103027 27.3922214508057 28.5622749328613 30.7363948822021 30.0366592407227 29.8028907775879 30.5783805847168 29.7000007629395 25.75657081604 26.7489681243896 31.1744613647461 30.3721008300781 27.3867855072021 27.2245254516602 27.0658931732178 25.173246383667 25.7309017181396 26.3826580047607 27.3203544616699 26.4825496673584 27.139181137085
20.0652408599854 20.7632026672363 21.9667873382568 19.0294742584229 18.6328353881836 19.6072731018066 19.4725379943848 20.6988277435303 21.1387844085693 21.7855415344238 26.114559173584 27.7883052825928 29.032018661499 29.1030235290527 29.6286029815674 22.800910949707 26.0173015594482 23.1440353393555 23.4941310882568 26.0657234191895 26.0897464752197 30.3464298248291 26.8034248352051 27.708324432373 27.4635753631592 26.6109790802002 28.5929374694824 28.7014389038086 29.2168445587158 29.304256439209 29.0995578765869 27.493335723877 25.8570861816406 26.3878307342529 27.0720882415771 31.3252220153809 31.3180713653564 28.1632385253906 27.0472545623779 26.9220390319824 26.9316749572754 25.939754486084 27.1522598266602 25.779634475708 26.7958030700684 27.4728126525879
23.46360206604 20.2413520812988 23.2412567138672 18.1743049621582 18.3853511810303 19.8534660339355 20.1504573822021 21.0054206848145 21.8178310394287 22.4135456085205 22.4593067169189 22.7236480712891 27.410795211792 28.1290760040283 28.7792911529541 22.7319736480713 25.2396411895752 25.1512241363525 21.9941177368164 25.8653106689453 23.4328212738037 29.2179508209229 26.8771209716797 28.4406280517578 26.885986328125 27.9054946899414 26.9329929351807 26.568660736084 29.6268882751465 29.3529644012451 28.7666721343994 28.2679576873779 27.974552154541 26.2225799560547 27.0939598083496 29.5568656921387 30.936767578125 29.0897045135498 28.0150928497314 28.5621376037598 27.1524810791016 26.0667095184326 26.1723613739014 25.3324489593506 26.8241710662842 27.6548614501953
18.8966808319092 17.5048847198486 18.0451831817627 17.1066608428955 17.1088962554932 18.9864711761475 19.9975395202637 21.2695446014404 21.7260608673096 22.0647277832031 22.3210468292236 22.0124435424805 21.9506168365479 21.5486755371094 22.0998649597168 25.30641746521 23.1198749542236 25.9355850219727 22.8104248046875 25.2367877960205 25.0759468078613 26.040563583374 29.1719055175781 29.9571437835693 27.1672630310059 27.3745822906494 28.0872058868408 26.2810478210449 26.7254276275635 30.1893749237061 28.651159286499 27.9835338592529 27.4380321502686 25.8234519958496 25.74587059021 27.4352073669434 27.8507595062256 27.7243003845215 27.1727657318115 25.5271625518799 29.189266204834 25.538028717041 25.2952423095703 24.9946956634521 25.0523910522461 26.3807373046875
17.2245101928711 22.9005184173584 23.7206764221191 17.3313140869141 17.2961921691895 18.2853298187256 19.2202930450439 20.2273216247559 20.8445281982422 21.2631244659424 21.6469554901123 21.4960403442383 21.5690402984619 22.0751953125 22.5578384399414 23.0024566650391 25.7262439727783 26.1644992828369 26.0868740081787 26.5919895172119 25.0876483917236 26.3104991912842 27.9262447357178 30.0490589141846 27.9178943634033 28.7495536804199 28.7256774902344 28.6135692596436 28.5183753967285 30.577486038208 29.4972057342529 28.9546318054199 29.0780239105225 29.4178524017334 26.5421752929688 25.6441497802734 26.8686199188232 24.3469390869141 25.9000968933105 26.2392024993896 26.3736095428467 25.3963947296143 29.9229869842529 26.4386749267578 25.065258026123 24.8721923828125
18.1241912841797 17.255952835083 23.1388168334961 17.9619655609131 18.1234683990479 19.1866111755371 19.1180324554443 20.0177230834961 21.2646427154541 21.8554458618164 22.2439079284668 22.4040908813477 22.5005054473877 26.2490997314453 26.3220291137695 23.3397846221924 23.1401386260986 23.3234214782715 23.3791561126709 26.1976737976074 25.7298698425293 25.9618854522705 23.5372791290283 24.7518005371094 25.6160507202148 27.4602832794189 26.8574104309082 27.9401683807373 30.0324020385742 27.6113529205322 27.5159034729004 26.6118831634521 26.9998626708984 27.8764381408691 26.3169727325439 25.9624481201172 23.9896106719971 23.2166023254395 23.4746150970459 22.297945022583 28.2734985351562 26.885217666626 28.0956439971924 27.7514400482178 29.7705402374268 25.5705699920654
19.2126293182373 18.1707019805908 17.6813659667969 18.2660388946533 18.8698844909668 19.8921375274658 19.9977436065674 20.4087791442871 20.7913570404053 21.5241374969482 21.6139659881592 24.3985195159912 25.4266109466553 22.6684970855713 27.0334205627441 26.4503059387207 26.9777278900146 23.6277179718018 26.4477386474609 26.2576389312744 26.3124389648438 25.3977870941162 24.3883647918701 26.459939956665 28.3285369873047 28.617847442627 26.7578868865967 27.2832126617432 26.4565353393555 28.4124069213867 28.6605682373047 27.2349758148193 28.623929977417 26.5314674377441 29.107421875 26.162971496582 29.8071842193604 26.1610546112061 26.5265731811523 24.9126987457275 26.187780380249 26.7717018127441 26.1203784942627 26.4457569122314 27.3398628234863 28.3673439025879
18.8058376312256 18.2443141937256 17.8482570648193 19.202184677124 19.908203125 20.5390357971191 21.3301258087158 21.7370681762695 21.7689628601074 22.1683750152588 22.0712299346924 24.2719326019287 25.0642566680908 26.6587162017822 26.8832569122314 26.4257431030273 26.8712329864502 27.3017635345459 26.8145961761475 23.685977935791 26.2586975097656 25.4035167694092 26.1994915008545 26.2703495025635 27.5715198516846 28.4174022674561 28.7389507293701 29.3322982788086 26.676477432251 27.2219009399414 24.4331741333008 26.6625823974609 28.1085777282715 30.0667095184326 29.0943145751953 23.1990699768066 25.8200340270996 26.7603073120117 25.2962608337402 26.3165092468262 28.3077373504639 27.5466384887695 26.9484405517578 27.3760070800781 26.9640979766846 26.8491611480713
18.7940196990967 17.9668807983398 17.2871417999268 18.7496604919434 20.0957870483398 20.6396789550781 19.9625625610352 21.5125560760498 21.191234588623 20.5413036346436 21.9338188171387 21.6717128753662 22.0453987121582 24.9565181732178 22.6530227661133 26.0549182891846 26.2311096191406 26.2782154083252 26.9254150390625 24.9909973144531 25.8966846466064 26.3817768096924 25.9641857147217 23.6605892181396 26.1665096282959 28.4064197540283 27.5029125213623 26.7228622436523 26.9844532012939 27.1969299316406 24.2950000762939 22.2059841156006 23.226900100708 26.2329959869385 22.4390621185303 22.159143447876 26.6656665802002 26.1767635345459 27.0239963531494 25.7979049682617 28.0846767425537 29.3259620666504 25.7206897735596 26.0467109680176 26.9886722564697 27.6373729705811
19.2064533233643 18.111909866333 18.2043857574463 18.8100242614746 19.7456378936768 20.2310009002686 20.8202781677246 20.9239559173584 19.568546295166 19.1577129364014 21.2385101318359 19.798376083374 20.3811435699463 20.7543048858643 24.6051025390625 25.5604152679443 22.9548854827881 26.2732200622559 23.7228412628174 27.2307415008545 26.8505611419678 27.1698932647705 26.6590957641602 26.3748188018799 25.5725116729736 26.8397789001465 27.7044639587402 26.7158889770508 26.1651725769043 27.8426723480225 26.0325508117676 23.5019760131836 26.5119457244873 25.2813968658447 19.7684288024902 24.6301803588867 25.9436454772949 26.4975719451904 26.8762664794922 28.6039733886719 26.5602970123291 28.9634246826172 26.7216987609863 26.99631690979 26.4925994873047 26.4014625549316
19.214864730835 18.8748817443848 18.5814247131348 18.7601356506348 19.4904727935791 20.24267578125 20.2190799713135 19.9881534576416 19.3244037628174 20.4729633331299 20.7645683288574 19.4602279663086 19.8381042480469 20.130615234375 21.5945587158203 22.053783416748 25.8645877838135 23.1074714660645 26.5030269622803 26.8005676269531 26.6336441040039 27.0277366638184 25.2712669372559 26.7915649414062 26.0702114105225 26.1830806732178 25.9657440185547 27.1258029937744 25.4303188323975 25.4267425537109 27.1583995819092 26.8787078857422 23.3748893737793 25.134464263916 25.7658882141113 26.8284778594971 23.9691715240479 26.5319309234619 28.9451332092285 26.2882022857666 27.3403015136719 26.5023536682129 26.9805145263672 28.8456325531006 28.3427200317383 26.0843486785889
18.5894107818604 18.4979343414307 18.0114040374756 18.4507827758789 19.0607929229736 18.9271850585938 19.6493129730225 20.1131553649902 20.5696029663086 20.6700878143311 20.7399406433105 21.0506801605225 24.4403247833252 25.2329654693604 25.1426830291748 21.8829345703125 22.7384662628174 26.616907119751 24.0245532989502 26.1824169158936 26.5540809631348 27.1951313018799 27.323673248291 26.662145614624 26.8695087432861 25.8290386199951 26.2686939239502 26.2057094573975 25.4450798034668 27.4245109558105 27.8207931518555 28.6899337768555 25.0806655883789 25.9469814300537 25.7795314788818 21.5859375 24.7205600738525 27.5811061859131 29.4939460754395 24.1916103363037 26.7286472320557 26.9768829345703 26.3083038330078 25.0529518127441 26.6473064422607 27.4597263336182
