inst/extdata/Tmax/Tmax5.asc
NCOLS 100 
NROWS 79 
XLLCORNER 148.06 
YLLCORNER -21.49 
CELLSIZE 0.01 
NODATA_value -9999 
[rows 20 to 39 of 79, columns 46 to 91 of 100]
25.9510898590088 24.3967838287354 24.0070571899414 25.0722942352295 24.740550994873 24.4136734008789 23.3590412139893 22.4564189910889 24.4224662780762 25.8389854431152 26.2555961608887 26.6291522979736 26.4663391113281 26.9797744750977 25.9311008453369 26.4493579864502 26.532169342041 26.799877166748 27.9315090179443 27.6885414123535 29.4628219604492 31.5785274505615 32.5026702880859 32.0761756896973 30.5213146209717 30.8469333648682 31.5301284790039 29.9231452941895 28.9070510864258 29.8174667358398 28.9280796051025 29.4906826019287 29.8403968811035 30.7207908630371 30.3417110443115 28.8215255737305 28.1523685455322 27.9290981292725 29.2693824768066 30.5501251220703 29.5209102630615 29.9706287384033 29.1748600006104 28.7026042938232 28.6776847839355 29.3576507568359
28.4274654388428 23.5105724334717 23.182466506958 24.1550312042236 23.8901176452637 23.2301406860352 24.0382785797119 22.8609848022461 23.5276679992676 25.4577465057373 27.3228740692139 25.0774536132812 24.5851249694824 26.3816719055176 25.0255222320557 25.0411815643311 25.6688117980957 26.9230194091797 26.6623821258545 27.1352005004883 29.6053485870361 31.8932952880859 26.6231861114502 26.4767475128174 29.7868232727051 31.3292407989502 32.4024124145508 28.8368244171143 29.6488380432129 28.4822654724121 28.6792182922363 28.55006980896 29.0753479003906 28.5694122314453 29.9941234588623 29.6991996765137 29.5410175323486 29.6782875061035 28.7642841339111 31.8693656921387 30.5499134063721 29.2312297821045 27.9944458007812 27.2578277587891 26.5260276794434 26.7431697845459
29.3631343841553 25.369197845459 24.1295833587646 23.884937286377 23.0735664367676 23.898136138916 23.2418117523193 23.7410888671875 23.0848770141602 23.771821975708 25.6626682281494 25.9384250640869 24.9761505126953 24.8701438903809 24.7341346740723 25.2196502685547 25.8457870483398 26.2471542358398 25.2762966156006 26.1897792816162 31.6292533874512 29.7694988250732 26.4199523925781 25.7074069976807 26.070779800415 26.1620540618896 29.0236263275146 31.5087394714355 28.2650985717773 30.9595317840576 31.7787551879883 33.036319732666 30.1269130706787 28.9539070129395 29.8153591156006 30.260763168335 31.5702228546143 31.1444854736328 32.3200187683105 30.3915214538574 29.3262500762939 30.1122856140137 29.3440799713135 29.4128475189209 25.5111751556396 25.561092376709
29.3442821502686 25.201940536499 25.005859375 23.9768409729004 22.2147312164307 23.5229473114014 24.2026481628418 23.5520172119141 23.5032386779785 23.7439270019531 24.6423397064209 24.0031337738037 24.9298210144043 24.2373790740967 28.425853729248 29.5701904296875 25.4491958618164 25.739917755127 24.9984130859375 26.0111827850342 30.294994354248 28.8418846130371 27.5832633972168 25.116268157959 25.6562232971191 26.2015380859375 26.3748989105225 30.3060245513916 29.6516094207764 28.03981590271 29.2444629669189 29.390043258667 29.8160037994385 29.347993850708 29.2379531860352 29.3704490661621 30.2888736724854 31.4703369140625 31.6628379821777 31.4600696563721 30.9721145629883 30.4092121124268 29.0095195770264 29.2132358551025 27.6249084472656 25.0408191680908
28.0996265411377 28.2589435577393 28.3309345245361 24.9441776275635 24.6861934661865 23.898120880127 23.4674072265625 23.5431461334229 24.1434211730957 23.5457248687744 23.8258380889893 23.3767967224121 24.7892684936523 31.4816551208496 24.5882530212402 25.5204010009766 26.2204837799072 26.3747711181641 25.9496841430664 27.1815624237061 29.8174228668213 29.5478000640869 26.7267475128174 25.9344387054443 25.922435760498 26.4498252868652 26.1227779388428 26.1739692687988 26.0447292327881 29.7725143432617 31.442066192627 30.6417865753174 29.2361106872559 29.860466003418 28.4867286682129 28.0562915802002 30.5958652496338 25.7468814849854 30.4981842041016 31.3864212036133 31.578239440918 29.5118389129639 31.5843334197998 30.4638195037842 29.0324192047119 26.8961277008057
23.2206707000732 24.0054111480713 24.7134094238281 24.6244335174561 24.030574798584 23.1905956268311 22.8557949066162 22.5491218566895 23.5022888183594 23.891185760498 23.590503692627 23.5161437988281 24.979455947876 26.0323524475098 25.9806499481201 25.9414138793945 25.9964275360107 28.875955581665 30.1368732452393 27.2065620422363 27.0787811279297 27.0320892333984 25.7621974945068 25.5253677368164 25.6927299499512 26.2592582702637 26.3085746765137 25.6724948883057 28.9464054107666 26.8977642059326 31.3811626434326 30.3805637359619 31.4084377288818 28.564323425293 29.2177486419678 28.0011329650879 29.5809631347656 27.7521076202393 27.9930839538574 31.4086265563965 27.6318531036377 25.2831916809082 25.1071281433105 29.7425441741943 30.2720699310303 27.677770614624
23.0448570251465 23.0974311828613 23.4984588623047 23.8823204040527 24.1076850891113 22.2470436096191 21.9840908050537 22.642599105835 23.1494007110596 23.7392864227295 23.9025096893311 24.4133949279785 25.8272647857666 26.5942440032959 26.542142868042 26.7120780944824 28.0782604217529 28.1325645446777 28.1765594482422 27.0617866516113 26.7635669708252 28.0150585174561 28.1283721923828 27.7287750244141 30.4317932128906 26.0422248840332 28.5951042175293 28.0390338897705 26.5718574523926 25.927396774292 25.4857788085938 32.8929862976074 28.116720199585 28.6932792663574 30.223217010498 29.1825218200684 29.7728233337402 28.6685028076172 25.9088363647461 26.2238960266113 31.1653709411621 29.8183517456055 26.0299797058105 25.5444374084473 29.5605564117432 28.7114791870117
23.5112705230713 22.9670238494873 23.1127338409424 23.1872100830078 23.5844898223877 22.026008605957 21.7888736724854 21.7777671813965 23.0372066497803 23.7731838226318 23.3515815734863 23.4187927246094 24.7202072143555 25.5447883605957 26.6196250915527 26.2372817993164 26.7755393981934 28.207592010498 27.0403594970703 26.0717525482178 26.8804893493652 28.0118732452393 29.8477115631104 32.3184700012207 31.8029289245605 31.6973781585693 27.7578372955322 28.6645088195801 26.8738613128662 26.1312465667725 26.0358543395996 31.1334171295166 29.3628311157227 27.9342670440674 28.6383934020996 28.6871070861816 28.6845855712891 29.4236316680908 26.2943782806396 25.2986736297607 25.0452537536621 24.6633243560791 28.7777214050293 25.103723526001 25.9587631225586 27.7325763702393
24.2234706878662 23.5671138763428 23.6294116973877 23.1271991729736 23.2481956481934 22.1040363311768 23.1089134216309 22.744291305542 23.0299224853516 23.0898818969727 23.2396030426025 23.4509830474854 23.4571857452393 24.8407974243164 26.0066699981689 25.7418270111084 26.8328533172607 27.7253189086914 26.9754104614258 25.912467956543 26.0824699401855 29.8466148376465 30.6265983581543 32.3243141174316 31.8411865234375 32.8309936523438 29.1062145233154 31.3753547668457 28.8053798675537 25.9177093505859 26.0268268585205 29.9417667388916 29.8954238891602 29.5500068664551 27.6220035552979 28.3566398620605 29.5771312713623 29.6321239471436 31.6317443847656 28.7877292633057 31.0717678070068 29.9256725311279 24.766773223877 25.249719619751 30.2661437988281 29.0604515075684
25.0069046020508 24.9293460845947 24.3479442596436 24.4370040893555 23.6854724884033 23.4030113220215 23.4324703216553 22.5039691925049 22.9001293182373 22.797176361084 22.13108253479 23.0874481201172 23.2692337036133 24.8695316314697 25.3683757781982 24.4575157165527 25.7416725158691 26.1507759094238 26.1153659820557 26.382532119751 26.3110771179199 27.7434024810791 28.2201118469238 30.5664749145508 32.6933631896973 30.7449111938477 30.6166477203369 28.9260444641113 29.3403644561768 25.8809871673584 25.9376735687256 28.4329490661621 29.298807144165 27.8552570343018 29.3663711547852 27.4107360839844 29.4383239746094 28.0949211120605 30.2280731201172 26.5890808105469 25.6513652801514 25.2384090423584 27.3476276397705 24.6309089660645 26.0072841644287 27.3434753417969
23.8946552276611 23.6981658935547 23.9007205963135 23.734561920166 23.6714382171631 23.658935546875 22.5641212463379 22.6306991577148 22.0743503570557 22.5743045806885 21.6593036651611 22.9827880859375 22.488920211792 23.7833728790283 24.6419048309326 23.6506671905518 23.9011001586914 25.6778659820557 26.3739929199219 27.7790470123291 26.9546642303467 27.3322944641113 28.3151779174805 28.9338932037354 29.0167331695557 29.4759674072266 30.13157081604 31.3798522949219 31.5562286376953 30.270393371582 27.7492198944092 28.8734512329102 29.776704788208 29.1811408996582 31.2703552246094 32.0646858215332 28.9287719726562 27.7366008758545 27.9303302764893 28.7682876586914 28.1310615539551 27.3884220123291 25.2538948059082 29.7554340362549 30.1845760345459 26.9564266204834
23.1435813903809 23.6990089416504 23.8505191802979 23.749439239502 23.0426635742188 23.7502765655518 22.7946071624756 21.9377021789551 21.3873043060303 21.2041530609131 21.348876953125 21.77392578125 28.9814548492432 24.0759735107422 23.7624626159668 23.6387519836426 25.2524089813232 26.0935306549072 26.5474510192871 26.9932804107666 30.0117988586426 28.7311477661133 29.1066951751709 28.6117916107178 29.255012512207 30.5396022796631 32.6305274963379 30.2537689208984 30.9560317993164 28.0002574920654 26.1687774658203 29.1164417266846 29.2492828369141 27.9772872924805 30.4184703826904 32.2001686096191 31.1225528717041 27.9567852020264 28.5173683166504 30.993257522583 26.5731029510498 25.9642276763916 27.6148624420166 27.085033416748 29.4300651550293 28.9195652008057
23.1486072540283 23.4772529602051 23.4711303710938 23.6975975036621 23.6621551513672 23.5641002655029 23.4850444793701 22.5487232208252 22.1446552276611 22.1618328094482 21.3775310516357 21.4662971496582 22.2211112976074 23.820915222168 23.7118492126465 24.5747051239014 24.9582977294922 25.3426895141602 26.3920650482178 26.8704643249512 28.2736492156982 28.1946563720703 28.230375289917 27.9626388549805 28.744176864624 30.6426029205322 32.514102935791 29.2593612670898 26.1515483856201 26.1580467224121 26.1827659606934 29.9018840789795 31.434965133667 28.0824890136719 30.3638896942139 32.0209426879883 28.262228012085 28.1990394592285 29.3903713226318 30.3712005615234 30.798677444458 30.6069488525391 24.3841228485107 25.0161590576172 24.8906917572021 25.0743598937988
23.3118114471436 22.7090244293213 22.9606266021729 23.5375804901123 23.619197845459 23.5462131500244 23.2244758605957 22.8034191131592 23.1283855438232 22.7903709411621 22.4610843658447 22.3260097503662 23.2708740234375 23.6098823547363 23.3619155883789 24.6722640991211 25.2897663116455 25.8003826141357 26.376838684082 26.5329437255859 29.2954235076904 32.0798645019531 33.4886016845703 26.9898414611816 26.9112987518311 26.9376907348633 26.6416473388672 29.1870727539062 28.2131938934326 29.786994934082 29.063663482666 29.4618358612061 28.5204582214355 30.3780193328857 30.5920791625977 26.2983131408691 29.4547309875488 29.212043762207 30.8244094848633 30.9437427520752 28.3569812774658 29.7219276428223 29.1640567779541 27.2658615112305 27.1846866607666 26.6859645843506
24.3361778259277 23.2162322998047 23.078800201416 22.6826267242432 23.4158840179443 23.3197975158691 23.2692317962646 23.8412895202637 23.4786911010742 22.786247253418 23.1425476074219 23.5140686035156 23.9442176818848 22.9382858276367 23.3089828491211 24.2118320465088 25.6118698120117 26.4544448852539 25.8313064575195 26.8196220397949 28.7859134674072 31.6746768951416 32.3809013366699 26.9549980163574 26.2702217102051 26.4592418670654 26.8961067199707 26.9251956939697 28.4518184661865 28.655590057373 31.3322982788086 32.657585144043 33.2059936523438 30.7994556427002 31.6974964141846 28.4266014099121 29.6757431030273 29.8049392700195 28.947380065918 29.9590034484863 30.6139640808105 28.2509136199951 25.8454132080078 28.1963748931885 27.7151546478271 28.5240249633789
24.0602035522461 23.3423328399658 23.1325626373291 23.1624584197998 23.3277759552002 23.2352180480957 23.6714725494385 24.5756378173828 29.9472713470459 22.8207588195801 24.6945152282715 25.1599922180176 25.1486320495605 23.1698188781738 23.8522682189941 23.9414215087891 24.9987335205078 25.4078884124756 25.3352222442627 26.2957363128662 26.8838806152344 27.415699005127 29.2342624664307 32.3221282958984 27.2994079589844 26.6929740905762 26.1106662750244 26.2250423431396 29.1429252624512 33.3814430236816 29.5534744262695 26.7004089355469 32.3879013061523 30.4571552276611 30.207405090332 26.8958530426025 29.0428333282471 28.2712707519531 31.8167629241943 31.4492244720459 29.468786239624 29.4857902526855 28.9464817047119 29.0074577331543 29.0309619903564 30.3818187713623
23.5007667541504 23.3624725341797 23.1593647003174 23.4339942932129 23.5079669952393 23.6543598175049 23.7457790374756 25.3251152038574 25.3411312103271 23.9305953979492 26.0010852813721 26.4742164611816 26.1537036895752 24.7900848388672 24.8950481414795 25.4373970031738 25.867883682251 26.4288330078125 26.6318111419678 26.7768039703369 26.9971351623535 27.403003692627 25.7307281494141 25.7777614593506 26.2175617218018 25.7704410552979 26.1087875366211 31.655366897583 29.2504806518555 32.8522529602051 26.2957859039307 25.6545505523682 26.1841373443604 29.7960224151611 30.5356693267822 29.317419052124 27.8833560943604 29.101863861084 28.741096496582 29.7155570983887 30.8069114685059 31.6240501403809 31.3987579345703 31.1263198852539 29.9065074920654 30.3030071258545
23.634090423584 24.3680667877197 23.2943172454834 23.7437019348145 23.7548789978027 24.385196685791 24.7447376251221 27.9191341400146 25.9433002471924 25.6910285949707 26.5779361724854 27.296724319458 26.6722927093506 25.8983173370361 26.0729522705078 26.8795070648193 27.1964950561523 27.1217079162598 28.2130317687988 27.8605117797852 29.3952159881592 27.8529853820801 26.9897575378418 26.5160617828369 26.7503452301025 26.9538764953613 29.5175628662109 28.5118408203125 28.289623260498 28.4912796020508 27.6570262908936 28.4232292175293 27.1320304870605 29.6139869689941 26.5146160125732 30.009349822998 30.9871520996094 30.6886157989502 30.5708122253418 27.9154434204102 28.461009979248 29.9019718170166 28.9923038482666 30.144718170166 30.65989112854 30.6956653594971
25.1084899902344 25.0206356048584 23.735668182373 24.7333583831787 24.7806148529053 25.0074996948242 25.5400333404541 26.7488460540771 25.8066959381104 26.2707386016846 27.8056869506836 29.2781047821045 27.4184494018555 26.6460437774658 25.9461555480957 26.7117958068848 26.5957908630371 27.0246734619141 27.8157844543457 32.3316459655762 27.7215824127197 28.1027088165283 30.1836910247803 29.5329341888428 29.307149887085 28.8482513427734 30.509485244751 29.731143951416 30.1910648345947 29.6385440826416 28.132963180542 28.6553897857666 30.4321384429932 30.2161884307861 26.5115413665771 25.798807144165 26.0997524261475 27.0599689483643 26.6443767547607 28.6698341369629 32.1936149597168 31.6567668914795 28.6374530792236 27.9311599731445 26.4291362762451 26.5551357269287
24.3291454315186 24.308032989502 24.4495143890381 25.7889728546143 26.2460651397705 26.6649131774902 27.6336441040039 26.2261657714844 25.5425300598145 25.8848857879639 26.372106552124 28.1885299682617 27.8164539337158 27.4150524139404 26.5113964080811 28.7792644500732 28.4876842498779 30.702054977417 32.9126396179199 30.6515293121338 30.8820247650146 29.6946086883545 28.9629135131836 29.3088436126709 29.4211807250977 28.9529685974121 28.923210144043 28.8378887176514 29.1415901184082 30.1477336883545 29.4757289886475 28.9094009399414 26.8659381866455 26.680685043335 25.784725189209 28.91330909729 29.9749660491943 26.4106979370117 26.3803577423096 26.2303657531738 26.029972076416 28.6041641235352 28.1511688232422 29.1918315887451 27.8654136657715 27.1674823760986
