inst/extdata/Tmax/Tmax152.asc
NCOLS 100 
NROWS 79 
XLLCORNER 148.06 
YLLCORNER -21.49 
CELLSIZE 0.01 
NODATA_value -3.4e+38 
[rows 0 to 19 of 79, columns 46 to 91 of 100]
40.3793601989746 40.1987609863281 40.0976676940918 40.1020431518555 40.0870590209961 39.9526138305664 40.1707458496094 39.9989166259766 39.8060417175293 39.6300735473633 39.5342979431152 39.2536010742188 39.1427955627441 39.3489189147949 39.5970115661621 39.4833908081055 39.3271865844727 39.1182174682617 38.7769012451172 38.5312004089355 38.317138671875 -3.4e+38 -3.4e+38 -3.4e+38 -3.4e+38 -3.4e+38 -3.4e+38 -3.4e+38 -3.4e+38 -3.4e+38 -3.4e+38 -3.4e+38 -3.4e+38 -3.4e+38 -3.4e+38 -3.4e+38 -3.4e+38 -3.4e+38 -3.4e+38 -3.4e+38 -3.4e+38 -3.4e+38 -3.4e+38 -3.4e+38 -3.4e+38 -3.4e+38
40.3357467651367 40.0497245788574 39.8206901550293 40.0865325927734 40.2556648254395 40.2447128295898 40.2036285400391 40.1030921936035 39.7601165771484 39.3111572265625 39.4340515136719 38.8858795166016 39.3889083862305 39.6793022155762 39.6387672424316 39.5173873901367 39.3817100524902 39.2147636413574 38.9825897216797 38.8474426269531 38.6980018615723 38.5199203491211 -3.4e+38 -3.4e+38 -3.4e+38 -3.4e+38 -3.4e+38 -3.4e+38 -3.4e+38 -3.4e+38 -3.4e+38 -3.4e+38 -3.4e+38 -3.4e+38 -3.4e+38 -3.4e+38 -3.4e+38 -3.4e+38 -3.4e+38 -3.4e+38 -3.4e+38 -3.4e+38 -3.4e+38 -3.4e+38 -3.4e+38 -3.4e+38
40.2245674133301 39.459056854248 38.598560333252 40.0266075134277 40.2306098937988 40.227596282959 40.2137756347656 40.1564178466797 39.9207153320312 39.3181381225586 39.4007797241211 39.5308494567871 39.5972175598145 39.7338180541992 39.6825904846191 39.5597763061523 39.4504165649414 39.328727722168 39.1761703491211 38.9309120178223 38.8543090820312 38.6269454956055 38.3076629638672 37.9061851501465 -3.4e+38 -3.4e+38 -3.4e+38 -3.4e+38 -3.4e+38 -3.4e+38 -3.4e+38 -3.4e+38 -3.4e+38 -3.4e+38 -3.4e+38 -3.4e+38 -3.4e+38 -3.4e+38 -3.4e+38 -3.4e+38 -3.4e+38 -3.4e+38 -3.4e+38 -3.4e+38 -3.4e+38 -3.4e+38
39.7827682495117 39.8557548522949 38.7376518249512 39.9055366516113 40.1071243286133 40.1487350463867 40.2143669128418 40.113166809082 39.9774131774902 39.6362991333008 39.5192794799805 39.2515449523926 39.5953216552734 39.7139015197754 39.7241401672363 39.6060943603516 39.5344390869141 39.4489517211914 39.2931823730469 38.9031448364258 38.6676712036133 38.6378517150879 38.5194549560547 38.3858108520508 38.1501159667969 37.577205657959 -3.4e+38 -3.4e+38 -3.4e+38 -3.4e+38 -3.4e+38 -3.4e+38 -3.4e+38 -3.4e+38 -3.4e+38 -3.4e+38 -3.4e+38 -3.4e+38 -3.4e+38 -3.4e+38 -3.4e+38 -3.4e+38 -3.4e+38 -3.4e+38 -3.4e+38 -3.4e+38
39.7600593566895 39.7937774658203 38.5536575317383 38.8031539916992 39.6244735717773 40.1258430480957 40.2154159545898 40.0705490112305 40.0378761291504 39.714771270752 39.4036521911621 39.2017936706543 38.8019065856934 39.4437942504883 39.6871757507324 39.5840682983398 39.6066398620605 39.5455474853516 39.2864837646484 38.5080261230469 37.9435882568359 38.667797088623 38.7120132446289 38.6090545654297 38.2755393981934 37.8427467346191 -3.4e+38 -3.4e+38 -3.4e+38 -3.4e+38 -3.4e+38 -3.4e+38 -3.4e+38 -3.4e+38 -3.4e+38 -3.4e+38 -3.4e+38 -3.4e+38 -3.4e+38 -3.4e+38 -3.4e+38 -3.4e+38 -3.4e+38 -3.4e+38 -3.4e+38 -3.4e+38
38.8689880371094 39.6431884765625 38.048770904541 37.3916664123535 39.2401847839355 40.1890258789062 40.1268310546875 40.0669898986816 40.0087890625 39.5910911560059 38.6393699645996 38.2904624938965 38.6292419433594 39.5729293823242 39.4692039489746 39.621898651123 39.6616096496582 39.5769386291504 39.463550567627 38.7942237854004 38.0089797973633 38.0639038085938 38.5515289306641 38.5613784790039 38.4666442871094 38.2833023071289 -3.4e+38 -3.4e+38 -3.4e+38 -3.4e+38 -3.4e+38 -3.4e+38 -3.4e+38 -3.4e+38 -3.4e+38 -3.4e+38 -3.4e+38 -3.4e+38 -3.4e+38 -3.4e+38 -3.4e+38 -3.4e+38 -3.4e+38 -3.4e+38 -3.4e+38 -3.4e+38
37.9122009277344 39.6088600158691 38.9649925231934 38.8835983276367 39.8890686035156 40.1398963928223 39.9681205749512 39.8531532287598 40.0049743652344 39.5078392028809 38.7545318603516 38.7410583496094 39.4168357849121 39.5399551391602 38.5939788818359 39.4847412109375 39.534854888916 39.5241966247559 39.5429496765137 39.2433700561523 38.8222579956055 38.5278358459473 38.7151832580566 38.428897857666 38.6323585510254 38.6037902832031 38.4297103881836 38.045337677002 -3.4e+38 -3.4e+38 -3.4e+38 -3.4e+38 -3.4e+38 -3.4e+38 -3.4e+38 -3.4e+38 -3.4e+38 -3.4e+38 -3.4e+38 -3.4e+38 -3.4e+38 -3.4e+38 -3.4e+38 -3.4e+38 -3.4e+38 -3.4e+38
37.0024566650391 39.6028442382812 40.0705871582031 39.8768539428711 38.8422317504883 39.0962829589844 39.746898651123 39.8991851806641 40.0561332702637 39.8597412109375 39.4440307617188 39.0085525512695 39.0312919616699 39.2504806518555 38.7829437255859 39.4803237915039 38.7376861572266 38.6850929260254 39.3909530639648 39.5020408630371 39.2979850769043 39.0179824829102 38.8810272216797 38.8997573852539 38.8391075134277 38.7583770751953 38.501106262207 38.2601203918457 37.8669929504395 37.2815132141113 37.2587966918945 -3.4e+38 -3.4e+38 -3.4e+38 -3.4e+38 -3.4e+38 -3.4e+38 -3.4e+38 -3.4e+38 -3.4e+38 -3.4e+38 -3.4e+38 -3.4e+38 -3.4e+38 -3.4e+38 -3.4e+38
36.9350204467773 39.1130714416504 40.089672088623 39.9743804931641 39.090202331543 37.5072364807129 38.9361038208008 39.9974746704102 40.0698356628418 39.9493103027344 39.7812728881836 39.5075340270996 39.52294921875 39.3388786315918 38.7935562133789 38.707405090332 38.2608070373535 39.0444831848145 39.3440589904785 39.3994636535645 39.3750534057617 38.997142791748 38.5755271911621 38.2257690429688 38.8967628479004 38.8843383789062 38.7068023681641 38.489372253418 38.3150749206543 37.7000350952148 37.3600273132324 37.5044021606445 -3.4e+38 -3.4e+38 -3.4e+38 -3.4e+38 -3.4e+38 -3.4e+38 -3.4e+38 -3.4e+38 -3.4e+38 -3.4e+38 -3.4e+38 -3.4e+38 -3.4e+38 -3.4e+38
37.9150924682617 39.110481262207 39.944507598877 39.9360809326172 39.9087448120117 38.4635963439941 38.7905349731445 39.8919410705566 40.0689544677734 39.9434852600098 39.730224609375 39.4637718200684 39.3311424255371 39.4374198913574 38.7446975708008 38.4155616760254 38.3252258300781 39.4777984619141 39.3064155578613 38.9827766418457 39.3483619689941 39.2948265075684 39.0757064819336 38.7029800415039 39.0752449035645 38.9671401977539 38.775146484375 38.7842788696289 38.5654258728027 38.1616706848145 37.4891738891602 37.5136680603027 -3.4e+38 -3.4e+38 -3.4e+38 -3.4e+38 -3.4e+38 -3.4e+38 -3.4e+38 -3.4e+38 -3.4e+38 -3.4e+38 -3.4e+38 -3.4e+38 -3.4e+38 -3.4e+38
36.9007186889648 38.9313049316406 39.3409233093262 39.1184959411621 39.4895668029785 39.7538948059082 39.4602928161621 39.9133453369141 40.016529083252 39.9099922180176 39.726001739502 39.5382423400879 39.3255271911621 39.6928977966309 39.5263481140137 39.4140357971191 39.4736976623535 39.6805610656738 39.6665687561035 39.1010704040527 38.6002807617188 39.2731475830078 39.4382286071777 38.8994598388672 38.8879776000977 38.7018737792969 38.6407852172852 38.8974533081055 38.674015045166 38.2930793762207 -3.4e+38 -3.4e+38 -3.4e+38 -3.4e+38 -3.4e+38 -3.4e+38 -3.4e+38 -3.4e+38 -3.4e+38 -3.4e+38 -3.4e+38 -3.4e+38 -3.4e+38 -3.4e+38 -3.4e+38 -3.4e+38
36.1484222412109 37.2523803710938 37.6280250549316 37.3481788635254 38.4918823242188 39.198616027832 39.6046829223633 39.9035148620605 39.9036140441895 39.8157691955566 39.6179275512695 39.424430847168 39.2691268920898 39.9195098876953 39.9076652526855 39.747371673584 39.7518577575684 39.8397521972656 39.8749923706055 39.7651977539062 39.3490219116211 39.1246566772461 39.496280670166 39.2819290161133 39.0121002197266 39.0903511047363 39.0780258178711 38.7625427246094 38.5787696838379 38.3210067749023 -3.4e+38 -3.4e+38 -3.4e+38 -3.4e+38 -3.4e+38 -3.4e+38 -3.4e+38 -3.4e+38 -3.4e+38 -3.4e+38 -3.4e+38 -3.4e+38 -3.4e+38 -3.4e+38 -3.4e+38 -3.4e+38
36.1234970092773 35.030086517334 34.3511085510254 34.5178871154785 36.9563140869141 37.566520690918 38.9463043212891 39.338550567627 39.6832427978516 39.5672225952148 39.3322715759277 39.6858177185059 39.6909065246582 39.5837097167969 40.0469970703125 40.0096015930176 39.9397888183594 39.9453964233398 39.9542236328125 39.9308319091797 39.853199005127 39.7612915039062 39.5936965942383 39.5135231018066 39.1757202148438 39.2148208618164 39.1538200378418 38.8277359008789 38.4950256347656 38.3047790527344 38.0457496643066 37.6304321289062 -3.4e+38 -3.4e+38 -3.4e+38 -3.4e+38 -3.4e+38 -3.4e+38 -3.4e+38 -3.4e+38 -3.4e+38 -3.4e+38 -3.4e+38 -3.4e+38 -3.4e+38 -3.4e+38
36.1414222717285 35.2667350769043 34.274284362793 33.690975189209 34.3798561096191 35.3241539001465 37.5149230957031 38.8715019226074 39.6681518554688 39.4867286682129 38.9488792419434 39.6032066345215 39.9538459777832 40.004711151123 40.0250778198242 40.0364952087402 40.062629699707 40.0491561889648 40.0248184204102 39.986083984375 39.9225654602051 39.8433609008789 39.7464141845703 39.6380043029785 39.3664016723633 39.3591537475586 39.2257537841797 38.9718704223633 38.6700134277344 38.5431785583496 38.401538848877 38.2027587890625 37.7870292663574 -3.4e+38 -3.4e+38 -3.4e+38 -3.4e+38 37.2271003723145 37.254020690918 -3.4e+38 -3.4e+38 -3.4e+38 -3.4e+38 -3.4e+38 -3.4e+38 -3.4e+38
36.8054008483887 35.3631057739258 34.3843994140625 33.977897644043 34.6092300415039 34.3350524902344 35.7107849121094 37.6907577514648 39.1661071777344 39.584300994873 38.4020080566406 39.3244590759277 39.801570892334 39.3171272277832 39.4117317199707 39.8403129577637 39.9500617980957 40.0249099731445 39.9677467346191 39.827465057373 39.8379554748535 39.7727890014648 39.7599487304688 39.6884803771973 39.5862579345703 39.4040908813477 39.2653656005859 39.0870208740234 38.9147148132324 38.7874069213867 38.6916656494141 38.4814758300781 37.9934043884277 -3.4e+38 -3.4e+38 -3.4e+38 -3.4e+38 37.3298721313477 37.2774963378906 37.4210243225098 37.3918647766113 37.2198181152344 -3.4e+38 -3.4e+38 -3.4e+38 -3.4e+38
36.7542304992676 35.3288230895996 34.4257621765137 34.9470520019531 34.7226982116699 35.1802062988281 34.9197654724121 36.5541191101074 38.9604644775391 39.7510719299316 38.638313293457 38.6029090881348 39.4835929870605 37.4837875366211 38.5890731811523 38.9947776794434 39.5834121704102 39.9865188598633 39.9610366821289 39.8582763671875 39.8250312805176 39.7912712097168 39.7856597900391 39.7146377563477 39.6236038208008 39.3366813659668 39.2856483459473 39.1912651062012 39.1072807312012 39.0320320129395 38.8669509887695 38.6553688049316 38.3924942016602 -3.4e+38 -3.4e+38 38.0684204101562 37.7655906677246 37.4132423400879 37.2891082763672 37.0844421386719 37.1950531005859 37.3806762695312 -3.4e+38 -3.4e+38 -3.4e+38 -3.4e+38
35.1853523254395 33.7792053222656 33.7397079467773 35.2267875671387 35.6336898803711 35.5318984985352 35.0783042907715 35.505859375 38.1532020568848 39.5515403747559 39.5650749206543 38.6792297363281 39.2429084777832 37.767520904541 37.7853050231934 37.8498115539551 39.261474609375 39.9699859619141 39.9772033691406 39.9856452941895 39.9588928222656 39.8888473510742 39.8231887817383 39.5601387023926 39.5463562011719 39.3992958068848 39.3608856201172 39.3313026428223 39.2771987915039 39.1577682495117 38.9997215270996 38.8455810546875 38.6904449462891 -3.4e+38 38.4675636291504 38.4270286560059 38.3159408569336 -3.4e+38 37.4256286621094 -3.4e+38 37.1392440795898 -3.4e+38 -3.4e+38 -3.4e+38 -3.4e+38 -3.4e+38
35.1196098327637 33.4847679138184 32.670223236084 35.6582145690918 35.9142875671387 35.1779518127441 34.7600708007812 34.923526763916 36.7068481445312 39.2300033569336 39.3478889465332 38.8965530395508 39.0287628173828 39.1505165100098 38.4396362304688 39.6120185852051 39.8508453369141 39.9546852111816 39.9871101379395 39.9664878845215 39.9353370666504 39.8884353637695 39.8380813598633 39.7306175231934 39.7009468078613 39.6011810302734 39.535945892334 39.4688568115234 39.3351402282715 39.2746963500977 39.1491470336914 39.0431900024414 38.9372215270996 38.8327598571777 38.7679710388184 38.7379608154297 38.512622833252 -3.4e+38 -3.4e+38 -3.4e+38 -3.4e+38 -3.4e+38 -3.4e+38 37.3583793640137 -3.4e+38 -3.4e+38
37.1465263366699 36.8030815124512 34.3684768676758 36.1261291503906 34.453441619873 34.4555778503418 34.9799194335938 35.3389854431152 37.6702346801758 39.1982383728027 38.877311706543 38.2216644287109 39.1611289978027 39.5998306274414 39.7085762023926 39.760498046875 39.8837432861328 39.5426368713379 39.7016792297363 39.8676223754883 39.8185043334961 39.8486557006836 39.8476524353027 39.8048439025879 39.7621269226074 39.6895065307617 39.6373176574707 39.4781532287598 39.1167297363281 39.2235298156738 39.275821685791 39.2297210693359 39.1556739807129 39.0518531799316 38.9988708496094 38.8842964172363 38.6806716918945 38.4868125915527 38.3121719360352 38.2083549499512 38.1887168884277 38.0310401916504 37.6537094116211 37.3609161376953 -3.4e+38 -3.4e+38
37.2320404052734 36.2950820922852 37.0473136901855 36.8509864807129 35.2634811401367 35.3010406494141 34.8793792724609 35.1359748840332 37.4318771362305 38.8782768249512 39.3191375732422 39.0739440917969 39.4436416625977 39.7535171508789 39.618278503418 39.4593315124512 39.6614570617676 39.373649597168 39.1994514465332 39.3818969726562 39.7039108276367 39.7680854797363 39.7820167541504 39.8092193603516 39.8011703491211 39.7456550598145 39.6766548156738 39.4586791992188 39.164981842041 39.3498229980469 39.2875823974609 39.3633193969727 39.2344398498535 39.1650085449219 39.1107292175293 38.929557800293 38.7977752685547 38.7037353515625 38.6295623779297 38.5713272094727 38.5158462524414 38.3365440368652 37.8564949035645 37.2815895080566 37.3262710571289 -3.4e+38
