inst/extdata/Tmax/Tmax63.asc
NCOLS 100 
NROWS 79 
XLLCORNER 148.06 
YLLCORNER -21.49 
CELLSIZE 0.01 
NODATA_value -3.4e+38 
[rows 20 to 39 of 79, columns 46 to 91 of 100]
36.3414001464844 34.4703636169434 34.6993179321289 36.2039642333984 35.9289474487305 35.3335571289062 35.024097442627 33.7577743530273 35.7329788208008 37.2893333435059 38.3802947998047 37.9012298583984 37.8643608093262 38.477725982666 38.1166496276855 37.831470489502 38.09716796875 38.6377639770508 38.7688102722168 38.7505226135254 38.6786422729492 38.534122467041 38.7858352661133 38.8388404846191 38.7628517150879 38.6558990478516 38.5266189575195 38.5259780883789 38.4613914489746 38.1236381530762 38.1636657714844 38.3741683959961 38.2548561096191 37.980770111084 37.9440460205078 37.8686752319336 37.7477149963379 37.7033271789551 37.6575546264648 37.6104583740234 37.5108604431152 37.2648162841797 36.6267623901367 36.4095878601074 36.5472450256348 36.5214004516602
36.6726684570312 34.4641761779785 33.2026214599609 35.0604362487793 34.9170303344727 34.3397560119629 35.2652549743652 33.2234992980957 34.5755004882812 36.7980308532715 38.1279411315918 36.7406845092773 36.0491218566895 37.9372291564941 36.7051658630371 36.3234786987305 37.2145881652832 38.5225486755371 38.5119781494141 38.8985443115234 38.981372833252 38.9459381103516 38.7259788513184 38.3749580383301 38.343318939209 38.3838691711426 38.5121841430664 38.457088470459 38.3446273803711 38.2420349121094 38.5044746398926 38.5144309997559 38.438793182373 38.0720901489258 38.1098022460938 38.0301933288574 37.8736114501953 37.8520774841309 37.8318138122559 37.8121566772461 37.6326217651367 37.4586448669434 37.2097129821777 36.970085144043 36.810848236084 36.7916412353516
37.3515357971191 36.8355712890625 34.7977256774902 34.0987586975098 33.5849800109863 34.8371772766113 34.1857223510742 34.4581527709961 33.7990570068359 34.8156967163086 37.2042503356934 37.6171340942383 36.0117416381836 36.4248352050781 36.0528030395508 36.6378860473633 37.7222290039062 38.1161918640137 36.7295722961426 38.0143013000488 38.7982940673828 38.8364677429199 38.2227592468262 37.381965637207 37.9584808349609 37.9220657348633 38.4717140197754 38.6280822753906 38.3156623840332 38.4900283813477 38.6364288330078 38.6455345153809 38.6222190856934 38.5262298583984 38.3908500671387 38.1864814758301 37.9851913452148 37.8370895385742 37.8861427307129 37.9445152282715 37.7886619567871 37.6756019592285 37.3804626464844 37.2329559326172 37.0862045288086 37.2099647521973
36.6762657165527 36.5016632080078 35.8324165344238 34.9670524597168 33.3566284179688 34.1730651855469 34.8690147399902 35.08544921875 34.8148078918457 34.3238258361816 35.788932800293 35.7614593505859 36.7084808349609 34.9346199035645 35.828426361084 37.3942680358887 37.3565864562988 37.7319374084473 36.3235168457031 38.4173049926758 39.1576080322266 39.018009185791 38.0777053833008 36.7055358886719 37.9288673400879 38.0790557861328 38.1598815917969 38.5872268676758 38.7526931762695 38.7885437011719 38.7913818359375 38.7860794067383 38.7366981506348 38.6214828491211 38.4955368041992 38.3186340332031 37.893627166748 37.5404205322266 37.656322479248 37.8795700073242 37.8153533935547 37.8298263549805 37.5571556091309 37.5090599060059 37.257137298584 37.2808113098145
34.565258026123 36.022518157959 36.4128837585449 36.1512756347656 35.0310516357422 34.351806640625 34.3468055725098 34.0010643005371 34.985954284668 34.3887672424316 34.392894744873 33.8743858337402 35.9756050109863 36.8813514709473 36.0087356567383 37.1135559082031 37.9061584472656 38.4822311401367 38.1595191955566 39.1489448547363 39.139404296875 38.9657974243164 38.2746734619141 37.4219284057617 38.1929397583008 38.4584121704102 38.1432914733887 38.2191543579102 38.305965423584 38.7670707702637 38.6023559570312 38.8867225646973 38.7421188354492 38.6816711425781 38.5754356384277 38.227481842041 38.1229019165039 37.5504608154297 37.2477264404297 37.6751480102539 37.7772445678711 37.8434753417969 37.657413482666 37.6972999572754 37.7425842285156 37.599292755127
32.9474296569824 34.0605812072754 35.5456924438477 35.4602966308594 34.5244636535645 33.7016181945801 33.2599182128906 32.6203727722168 33.9623107910156 34.6625061035156 34.0804748535156 34.3459854125977 35.8934936523438 37.9286079406738 37.3929023742676 37.4691047668457 37.6220397949219 39.0029411315918 39.0829544067383 39.0536231994629 39.0346641540527 38.7008361816406 37.4433135986328 37.4861946105957 37.5791130065918 38.2060279846191 37.9203758239746 37.2860870361328 37.9027862548828 38.9057540893555 38.8440475463867 38.9278144836426 38.8679733276367 38.8198509216309 38.6714820861816 38.5067367553711 38.5072822570801 37.9131050109863 37.3841094970703 37.684814453125 37.3563270568848 37.4661102294922 37.1745719909668 37.7918472290039 37.828052520752 37.7522583007812
32.830696105957 32.6594886779785 33.471508026123 34.1991424560547 34.97900390625 32.4732513427734 32.1639671325684 33.1174583435059 33.6962814331055 34.5432548522949 34.5751190185547 35.0472183227539 36.9651908874512 37.911247253418 38.4118156433105 38.572135925293 38.7012748718262 39.1874160766602 38.8164978027344 38.6357612609863 38.6596260070801 38.1938896179199 38.3671264648438 38.6190223693848 38.6127738952637 37.9984436035156 37.5610809326172 38.4512138366699 38.687557220459 38.6333923339844 38.0837898254395 38.7044067382812 38.8371810913086 38.8978729248047 38.8684501647949 38.7647552490234 38.4393081665039 38.0988616943359 38.1522903442383 37.8974952697754 37.7559089660645 37.2021179199219 37.6601066589355 37.8459815979004 37.7138442993164 37.5619163513184
33.0576477050781 32.4857368469238 32.8385848999023 33.1240425109863 33.7506370544434 31.8569393157959 31.5294322967529 32.0118026733398 33.4986991882324 34.3596076965332 33.778995513916 34.4457473754883 35.4749336242676 36.7582206726074 38.2511596679688 37.906192779541 39.0043601989746 39.2343101501465 38.5266075134277 37.7645645141602 38.4115371704102 38.5878067016602 38.8904190063477 39.0988426208496 39.1890525817871 38.7707710266113 38.7539520263672 39.0826072692871 39.1297340393066 38.4347267150879 37.9900550842285 38.5002746582031 38.5906677246094 38.9690475463867 38.9963035583496 38.9252700805664 38.7642669677734 38.5413093566895 38.1382026672363 37.3642845153809 37.115909576416 36.9759407043457 36.9957008361816 37.6158103942871 37.6148567199707 37.9379692077637
34.0559196472168 33.5726852416992 34.4422492980957 34.2743301391602 33.835521697998 32.2575836181641 33.1470718383789 32.8593215942383 33.2193946838379 33.905216217041 33.5945243835449 33.9200668334961 34.0825843811035 36.5524711608887 37.8633460998535 37.1148567199707 38.6462516784668 38.9264488220215 38.6063117980957 37.4518051147461 37.7252349853516 38.8085327148438 39.1854133605957 39.2925834655762 39.2991027832031 39.1916656494141 39.1925239562988 39.2875709533691 38.9097290039062 38.2036018371582 38.0619125366211 38.6900596618652 39.0743026733398 39.0942001342773 39.071475982666 39.0329246520996 38.9712181091309 38.8235931396484 38.5702781677246 37.4510917663574 36.8528480529785 36.0229759216309 36.9657096862793 36.9180335998535 37.7460823059082 38.0499000549316
35.906436920166 35.743709564209 35.0890617370605 35.0300979614258 34.4421463012695 33.9006958007812 33.5623779296875 32.4295234680176 33.1754112243652 32.6025810241699 32.0497207641602 33.5753326416016 33.9732856750488 36.1021537780762 37.1643409729004 36.3639450073242 37.1312026977539 37.9422340393066 38.5028305053711 38.366828918457 37.9044075012207 38.8624153137207 39.3071746826172 39.1038436889648 39.0661735534668 38.7495269775391 39.1382217407227 39.3581390380859 38.4550971984863 37.5927352905273 38.2461242675781 38.7807197570801 39.1015739440918 39.1632957458496 39.1611404418945 39.0926322937012 39.054759979248 38.9508628845215 38.757984161377 38.3746223449707 37.693229675293 37.1730613708496 36.7143783569336 36.4897422790527 37.3137817382812 37.7512130737305
34.6687126159668 34.6839790344238 34.7297477722168 34.3307800292969 33.7897682189941 34.0692367553711 33.0435905456543 32.4585151672363 31.8726196289062 31.9819049835205 31.3065147399902 32.3721389770508 32.3712615966797 34.9301567077637 36.0909652709961 34.7884101867676 35.4119033813477 37.1285972595215 38.496410369873 39.0388336181641 38.555061340332 39.1390380859375 39.3274917602539 38.9266700744629 38.896842956543 39.0100860595703 39.4424018859863 39.4074172973633 38.8699989318848 38.2012901306152 38.561580657959 38.8091087341309 39.2049293518066 39.2141876220703 39.155345916748 39.1091003417969 39.0899200439453 39.0025444030762 38.9177780151367 38.7047462463379 38.4352874755859 37.875789642334 37.4685249328613 37.3947296142578 37.576244354248 37.9410591125488
33.8413581848145 34.156120300293 34.0375671386719 33.9969100952148 32.9719009399414 33.9123420715332 32.8056488037109 31.3689594268799 30.6829414367676 31.1376552581787 30.7635822296143 31.5569095611572 32.4762115478516 34.6335716247559 34.9976768493652 34.5870323181152 36.9626770019531 37.9774742126465 38.737678527832 39.205249786377 39.4720077514648 39.5053100585938 39.438606262207 39.3406257629395 39.1164283752441 39.3909492492676 39.5009613037109 39.3799247741699 39.0004653930664 38.352409362793 38.4340171813965 38.9827537536621 39.1755790710449 38.7141265869141 39.0566711425781 39.1487236022949 39.1117134094238 39.0612373352051 38.9946823120117 38.8626670837402 38.5519104003906 37.7855987548828 38.086124420166 38.0940856933594 37.9713363647461 37.8764457702637
33.0755844116211 33.4365463256836 33.2638549804688 33.5888710021973 33.7017021179199 33.7273788452148 33.294807434082 32.0093727111816 32.1276397705078 32.2542762756348 31.0792331695557 30.8548183441162 31.9668197631836 34.5746841430664 35.1828269958496 35.7843933105469 35.8600540161133 36.7973594665527 38.7445831298828 39.3248291015625 39.5112838745117 39.4450607299805 39.2883529663086 39.2310829162598 39.3726806640625 39.4406700134277 39.4063758850098 39.0138206481934 38.0616226196289 38.2299346923828 38.5520248413086 39.3107147216797 39.0386047363281 38.4690933227539 39.1246871948242 39.0427513122559 39.0549163818359 39.0835876464844 38.9666519165039 38.6687927246094 38.068790435791 36.7653121948242 36.4784965515137 37.5142593383789 37.8435401916504 38.1090927124023
33.8750152587891 33.3253059387207 33.1489486694336 33.3536605834961 33.5236701965332 33.4427490234375 32.9139060974121 32.4808349609375 33.1660614013672 32.3668746948242 32.2154502868652 32.2103805541992 33.1423683166504 34.4777984619141 34.6701965332031 35.5293350219727 36.6468391418457 37.89013671875 38.8457794189453 39.2541961669922 39.5824508666992 39.5406303405762 39.0431137084961 38.7502746582031 38.971752166748 38.8247489929199 38.9209213256836 39.0779876708984 38.9610061645508 38.9360275268555 39.2335166931152 39.4728240966797 38.8578987121582 38.7612342834473 39.3060073852539 38.8015670776367 38.913818359375 38.8524169921875 38.9022903442383 38.5903396606445 37.1399230957031 36.3576316833496 35.7192687988281 37.5367660522461 38.066047668457 37.8761787414551
34.3867454528809 32.9883995056152 32.9431571960449 33.0847396850586 33.2571678161621 33.1169815063477 33.1409683227539 33.797248840332 33.3864784240723 32.5038223266602 33.8379135131836 34.3834533691406 34.6084671020508 33.8879165649414 33.9239921569824 35.1569061279297 36.6217041015625 38.0778274536133 38.1767120361328 39.0030326843262 39.4622344970703 39.4663734436035 38.987922668457 38.7402267456055 37.9213409423828 38.4986343383789 39.0136795043945 39.157642364502 39.3803024291992 39.3816719055176 39.5475082397461 39.4724159240723 39.4295082092285 39.4450340270996 39.3879508972168 39.1314315795898 38.1865501403809 38.7631416320801 38.9272232055664 38.8583183288574 38.7907333374023 37.5236129760742 37.343505859375 38.6147842407227 38.8529396057129 38.8090858459473
34.4652328491211 33.3087348937988 32.9184951782227 32.8428535461426 33.0998725891113 32.9028129577637 33.6951599121094 35.6263771057129 34.6159400939941 33.8216018676758 36.0064468383789 36.7867698669434 36.3567695617676 34.0776138305664 34.5637474060059 34.7011184692383 36.9287109375 37.0060424804688 36.8675193786621 37.8679962158203 39.0655975341797 39.2835159301758 38.9528923034668 38.942310333252 38.8077583312988 38.459602355957 38.5319328308105 38.6763343811035 39.3580856323242 39.3169631958008 39.393871307373 39.1895370483398 39.3769416809082 39.5073852539062 39.2118606567383 39.1712951660156 38.4960289001465 38.6056671142578 38.8550262451172 38.6779365539551 39.0548858642578 39.0366821289062 38.9231948852539 38.9429931640625 39.0258293151855 38.8913803100586
34.1462516784668 33.3878440856934 33.1504898071289 33.3744201660156 33.3072662353516 33.439037322998 33.9392738342285 36.4348068237305 36.6566009521484 35.1142845153809 37.3937454223633 38.4467124938965 37.6596755981445 36.2913360595703 36.2133598327637 36.9081535339355 37.6633720397949 38.1691780090332 38.5095405578613 38.8293876647949 39.0559959411621 38.7718772888184 37.3532829284668 37.6597213745117 38.2210426330566 37.8208084106445 38.0449142456055 38.9189910888672 39.291259765625 39.4858512878418 38.406120300293 38.3697509765625 39.1825981140137 39.4614639282227 38.9767799377441 38.9840240478516 38.1730194091797 38.6794013977051 38.862979888916 38.7038307189941 39.1311149597168 39.193286895752 39.1976203918457 39.1761703491211 39.1040534973145 38.790340423584
34.1973304748535 33.734375 33.6932411193848 33.8821678161621 34.118480682373 34.3015823364258 35.2555694580078 37.2626647949219 37.1371154785156 36.5991134643555 38.1881675720215 39.3854713439941 38.5093688964844 37.2572135925293 36.6532669067383 38.5488433837891 38.9310989379883 39.1479682922363 39.3554840087891 39.3787078857422 38.9498596191406 38.6641311645508 38.7738494873047 38.1937026977539 38.5429077148438 39.0213050842285 39.2351913452148 39.3085441589355 39.5115661621094 39.4350395202637 37.7764778137207 38.5107231140137 39.3482360839844 39.258472442627 38.817699432373 38.756664276123 38.5828704833984 39.0753974914551 39.087833404541 39.0798873901367 39.0308952331543 39.1723365783691 39.2020568847656 39.1948394775391 39.1073760986328 39.0503730773926
34.1450538635254 33.8082580566406 34.4603729248047 35.3629722595215 35.5051307678223 36.073127746582 37.3248443603516 38.0229301452637 37.3515701293945 37.7892913818359 39.3420753479004 39.8741073608398 39.2981872558594 38.1996307373047 37.3642997741699 38.5184860229492 38.5169639587402 38.8334884643555 39.6001968383789 39.8013610839844 39.4933204650879 39.1312294006348 39.4762420654297 39.2756996154785 39.1371231079102 39.6056175231934 39.4972877502441 39.4093132019043 39.6615829467773 39.4293785095215 38.7956924438477 39.2550888061523 39.4185409545898 39.1019515991211 38.1357612609863 38.0767631530762 38.4005432128906 39.1161079406738 38.8123931884766 38.7770347595215 38.7789459228516 39.0504341125488 39.0167045593262 39.0616302490234 38.905216217041 39.0255012512207
34.2172775268555 34.4486541748047 35.8001365661621 36.6788482666016 37.4918785095215 38.5740394592285 39.2662773132324 38.5110321044922 36.3615684509277 37.0896949768066 38.7809524536133 39.9382019042969 39.4897270202637 39.1334419250488 38.1613082885742 39.2175788879395 39.3746376037598 38.7227897644043 39.5382347106934 39.8891181945801 39.8333625793457 39.3742713928223 39.7145614624023 39.814380645752 39.6531791687012 39.7326507568359 39.5393943786621 38.7554893493652 39.5729179382324 39.7047157287598 39.6122932434082 39.4812927246094 39.1511726379395 38.795051574707 37.9123077392578 37.954948425293 38.7230529785156 38.6447944641113 38.4864234924316 38.2826271057129 38.4136428833008 38.7077178955078 38.4988784790039 38.8437614440918 38.3704414367676 38.7500381469727
