inst/extdata/Tmax/Tmax113.asc
NCOLS 100 
NROWS 79 
XLLCORNER 148.06 
YLLCORNER -21.49 
CELLSIZE 0.01 
NODATA_value -3.4e+38 
[rows 20 to 39 of 79, columns 46 to 91 of 100]
33.4977073669434 31.4663314819336 31.728385925293 33.3862800598145 33.0984268188477 32.4463768005371 32.1319351196289 30.7539176940918 32.9430809020996 34.6814384460449 35.9310531616211 35.4131889343262 35.3980331420898 36.1290855407715 35.7431602478027 35.4453430175781 35.7828140258789 36.4508666992188 36.6451263427734 36.662784576416 36.6035232543945 36.4824295043945 36.8301773071289 36.9385070800781 36.8940391540527 36.815357208252 36.7104721069336 36.7658309936523 36.7416191101074 36.3759269714355 36.4630012512207 36.7826385498047 36.6721305847168 36.3600959777832 36.3818206787109 36.3692436218262 36.2967376708984 36.3096694946289 36.307746887207 36.2844848632812 36.2095718383789 36.065746307373 35.4449462890625 35.3449630737305 35.6273231506348 35.635986328125
33.8310050964355 31.4326400756836 30.2790718078613 32.1064109802246 31.9614410400391 31.3284721374512 32.3687782287598 30.2883834838867 31.6438865661621 34.1076164245605 35.6129379272461 34.0841522216797 33.339485168457 35.473819732666 34.1134643554688 33.7100639343262 34.7353172302246 36.270320892334 36.2921104431152 36.7894897460938 36.9145851135254 36.9226951599121 36.694206237793 36.3137397766113 36.3205375671387 36.4148902893066 36.6189193725586 36.5993537902832 36.5074844360352 36.4265823364258 36.7804107666016 36.8430786132812 36.7805519104004 36.3655204772949 36.4800071716309 36.4449310302734 36.3109550476074 36.3357238769531 36.350025177002 36.3533172607422 36.2318382263184 36.1370735168457 35.9417266845703 35.7359924316406 35.5907974243164 35.5832061767578
34.5345878601074 33.9822044372559 31.7700653076172 31.0169792175293 30.5715789794922 31.8383293151855 31.1499862670898 31.4632186889648 30.7540626525879 31.886890411377 34.5361404418945 35.0187683105469 33.2563400268555 33.734432220459 33.3430786132812 34.0145568847656 35.2613410949707 35.7418251037598 34.1902809143066 35.6834526062012 36.6274070739746 36.7204322814941 36.0259552001953 35.0798568725586 35.790958404541 35.785945892334 36.4858703613281 36.7187995910645 36.377140045166 36.6289901733398 36.8327484130859 36.8895988464355 36.8876190185547 36.8243560791016 36.7121887207031 36.5111846923828 36.3082084655762 36.1654014587402 36.2572174072266 36.3871612548828 36.2839775085449 36.2295150756836 35.9398765563965 35.8149833679199 35.6697769165039 35.8332710266113
33.7769241333008 33.5976333618164 32.8803939819336 31.9500522613525 30.3747138977051 31.0954742431641 31.8818435668945 32.1333427429199 31.8517360687256 31.3279285430908 32.9513244628906 32.9388122558594 34.0038299560547 32.0630950927734 33.0689086914062 34.833683013916 34.8152961730957 35.2662467956543 33.7015724182129 36.1138610839844 37.0151100158691 36.8956489562988 35.8115882873535 34.261791229248 35.7065849304199 35.9175415039062 36.0491561889648 36.6004981994629 36.8395118713379 36.917652130127 36.9396858215332 36.9736099243164 36.9504585266113 36.8569869995117 36.7485084533691 36.5725898742676 36.0873031616211 35.6877479553223 35.8596572875977 36.2049560546875 36.1941528320312 36.2802238464355 35.9955825805664 35.9783554077148 35.6925010681152 35.7260551452637
31.4528942108154 33.0503425598145 33.4888343811035 33.2171401977539 32.0088348388672 31.2668437957764 31.28537940979 30.9200325012207 32.0125503540039 31.3725738525391 31.3896141052246 30.8344993591309 33.1618614196777 34.1828117370605 33.2348136901855 34.4814147949219 35.3989906311035 36.0876274108887 35.7398223876953 36.9342384338379 36.9435615539551 36.7808380126953 35.9922294616699 35.0317764282227 35.9602432250977 36.3074226379395 35.9638442993164 36.0849685668945 36.219051361084 36.8077850341797 36.620002746582 37.0083694458008 36.8737182617188 36.8416442871094 36.7514839172363 36.3586502075195 36.2630577087402 35.5940971374512 35.2770309448242 35.8478469848633 36.0270767211914 36.1596832275391 35.971794128418 36.0531196594238 36.1319580078125 35.9550323486328
30.0431785583496 30.9385547637939 32.5201377868652 32.4395751953125 31.4320831298828 30.6161212921143 30.2574920654297 29.7252960205078 30.8656768798828 31.6458377838135 31.0195846557617 31.3248023986816 33.0401000976562 35.3209800720215 34.7389945983887 34.8431777954102 35.0370178222656 36.6550178527832 36.7778205871582 36.7734718322754 36.7685775756836 36.4139442443848 34.9795036315918 35.0554122924805 35.1890182495117 35.946460723877 35.638240814209 34.925853729248 35.6694984436035 36.899169921875 36.8343620300293 36.983699798584 36.9485397338867 36.9271125793457 36.7790756225586 36.606803894043 36.6353950500488 35.9424819946289 35.3543663024902 35.760929107666 35.4074859619141 35.5771064758301 35.256950378418 36.0328102111816 36.0952529907227 36.0910987854004
29.9393138885498 29.7952423095703 30.4308128356934 31.042667388916 31.9034805297852 29.6031951904297 29.3577709197998 30.1235752105713 30.6013069152832 31.4884853363037 31.5345497131348 32.0654716491699 34.191219329834 35.2663345336914 35.8557281494141 36.0605735778809 36.2331161499023 36.830249786377 36.4190902709961 36.2343559265137 36.2765197753906 35.771125793457 35.999942779541 36.3238410949707 36.3440170288086 35.6455307006836 35.1616287231445 36.2294082641602 36.5366630554199 36.4942016601562 35.8473358154297 36.6373519897461 36.8334121704102 36.9411773681641 36.9355697631836 36.834529876709 36.4591064453125 36.0874710083008 36.1943168640137 35.9254112243652 35.7890930175781 35.1559906005859 35.7310180664062 35.9853019714355 35.9112548828125 35.8102340698242
30.1016979217529 29.639554977417 29.9118423461914 30.1298007965088 30.6343650817871 29.0951309204102 28.8346366882324 29.2119255065918 30.4158115386963 31.2519607543945 30.6399841308594 31.3691177368164 32.5096473693848 33.9368743896484 35.6256561279297 35.2523345947266 36.5373611450195 36.8342590332031 36.0292701721191 35.177978515625 35.9314575195312 36.1741790771484 36.557186126709 36.8327789306641 36.9683494567871 36.490177154541 36.4947776794434 36.9143943786621 36.994743347168 36.1783103942871 35.6660842895508 36.3126029968262 36.4510307312012 36.9398651123047 37.0004692077637 36.9370193481445 36.7708282470703 36.5363082885742 36.0836639404297 35.1925048828125 34.9267730712891 34.7871513366699 34.8420906066895 35.6506805419922 35.7303504943848 36.2099761962891
30.9104652404785 30.4961814880371 31.2488574981689 31.0767974853516 30.6968650817871 29.4106979370117 30.1208076477051 29.8814754486084 30.1775093078613 30.741247177124 30.4793663024902 30.7737884521484 30.9632453918457 33.6840515136719 35.1579132080078 34.3371238708496 36.0885391235352 36.4371147155762 36.0875473022461 34.7905654907227 35.1072425842285 36.3927154541016 36.8647804260254 37.018669128418 37.0511474609375 36.944465637207 36.9685096740723 37.106014251709 36.6690788269043 35.8515968322754 35.6979522705078 36.4819145202637 36.9749908447266 37.024845123291 37.0212287902832 36.9965782165527 36.9565811157227 36.8101196289062 36.5332908630371 35.2226676940918 34.5459861755371 33.6201248168945 34.768970489502 34.7754554748535 35.8395080566406 36.2880821228027
32.7939834594727 32.6277694702148 31.9281063079834 31.8742599487305 31.2461948394775 30.721118927002 30.4493579864502 29.5295562744141 30.1272258758545 29.652925491333 29.2014198303223 30.4472465515137 30.8165550231934 33.1570777893066 34.3440132141113 33.473217010498 34.3391418457031 35.2673530578613 35.9274673461914 35.7914848327637 35.2692680358887 36.4090728759766 36.9600067138672 36.7392120361328 36.7161903381348 36.3598098754883 36.8436279296875 37.1292915344238 36.0679016113281 35.0881652832031 35.8566856384277 36.5272254943848 36.9390068054199 37.0373382568359 37.0561447143555 37.0003356933594 36.9861488342285 36.8899841308594 36.683048248291 36.2438316345215 35.4690246582031 34.9085540771484 34.4263343811035 34.2215538024902 35.2549514770508 35.8445472717285
31.4315605163574 31.457181930542 31.5160541534424 31.1050796508789 30.6315250396729 30.8515033721924 30.0112762451172 29.542387008667 29.071418762207 29.1504859924316 28.6025009155273 29.4418907165527 29.4397773742676 31.8459014892578 33.1291198730469 31.7141494750977 32.41015625 34.3185729980469 35.8802146911621 36.5302238464355 35.9735412597656 36.6888160705566 36.9341316223145 36.4787101745605 36.4628753662109 36.615119934082 37.1530609130859 37.1289825439453 36.5042953491211 35.7403144836426 36.1714363098145 36.4993324279785 36.9983673095703 37.0303993225098 36.9808006286621 36.9532089233398 36.9586524963379 36.8792915344238 36.8016090393066 36.583568572998 36.3062286376953 35.6870384216309 35.2573776245117 35.2251052856445 35.5001983642578 35.9935340881348
30.6977195739746 30.9612693786621 30.8511524200439 30.8082733154297 29.9662971496582 30.7067394256592 29.8139305114746 28.6705780029297 28.1175422668457 28.4722175598145 28.1624984741211 28.7851104736328 29.5135154724121 31.4950637817383 31.9040298461914 31.4656257629395 34.0849533081055 35.2337875366211 36.1188316345215 36.6828956604004 37.005786895752 37.0780487060547 37.0183334350586 36.9205856323242 36.6721305847168 37.0168571472168 37.1671028137207 37.0380821228027 36.6062545776367 35.8640937805176 35.9660758972168 36.6474876403809 36.8988876342773 36.3635215759277 36.7988471984863 36.9361267089844 36.9172554016113 36.8802185058594 36.8400955200195 36.725658416748 36.394718170166 35.5268058776855 35.932861328125 35.9948234558105 35.9023780822754 35.8322334289551
30.0653648376465 30.3403949737549 30.1960582733154 30.4421348571777 30.5296840667725 30.5309429168701 30.1824817657471 29.1623134613037 29.247896194458 29.3399410247803 28.3987922668457 28.2134666442871 29.0856819152832 31.3950386047363 32.0686798095703 32.7354202270508 32.8303985595703 33.8738327026367 36.0778579711914 36.771427154541 36.9976959228516 36.949779510498 36.7817611694336 36.7314414978027 36.9170455932617 37.0141181945801 36.988826751709 36.5398368835449 35.4499855041504 35.661922454834 36.0411796569824 36.9732666015625 36.6638145446777 36.0087203979492 36.8113021850586 36.7356986999512 36.7734680175781 36.8479270935059 36.7469940185547 36.4290084838867 35.754207611084 34.2783622741699 33.9884223937988 35.2301483154297 35.6658515930176 36.0201416015625
30.7096080780029 30.2503509521484 30.1031875610352 30.2549686431885 30.3792209625244 30.2939720153809 29.8796730041504 29.5316162109375 30.0668640136719 29.4261817932129 29.2942485809326 29.2825412750244 30.0347652435303 31.2703170776367 31.4896793365479 32.4341735839844 33.6693153381348 35.0617828369141 36.1624603271484 36.6536064147949 37.0448913574219 37.0249862670898 36.454517364502 36.1288795471191 36.401554107666 36.2427940368652 36.3698387145996 36.5736923217773 36.4542045593262 36.4427680969238 36.8000679016113 37.117488861084 36.3985557556152 36.3057594299316 36.9784622192383 36.3966522216797 36.5653190612793 36.5278663635254 36.6252479553223 36.2888832092285 34.6286506652832 33.7694435119629 33.0795860290527 35.1988868713379 35.8646011352539 35.6649169921875
31.14182472229 29.9767532348633 29.9325523376465 30.0349426269531 30.1612567901611 30.0296859741211 30.0480117797852 30.5728073120117 30.2348823547363 29.5246124267578 30.5940837860107 31.1233425140381 31.3768329620361 30.628475189209 30.6559028625488 32.0000953674316 33.6104507446289 35.2377777099609 35.3627281188965 36.3206672668457 36.8596496582031 36.892520904541 36.3464431762695 36.0733108520508 35.1505355834961 35.819221496582 36.4329223632812 36.6196937561035 36.9017066955566 36.9204330444336 37.1227874755859 37.0608406066895 37.0281829833984 37.0683517456055 37.0240249633789 36.7471122741699 35.6637001037598 36.3735466003418 36.6042327880859 36.5570869445801 36.5119819641113 35.0531578063965 34.878059387207 36.4126663208008 36.7414131164551 36.7124938964844
31.2012310028076 30.2190704345703 29.9045009613037 29.8365535736084 30.0291500091553 29.8531341552734 30.4849853515625 32.4104804992676 31.3266296386719 30.5751266479492 32.8486289978027 33.708438873291 33.2497596740723 30.785400390625 31.3213691711426 31.4775276184082 33.9167251586914 34.0129241943359 33.8714294433594 34.9929847717285 36.3549766540527 36.6347198486328 36.263614654541 36.264289855957 36.1208152770996 35.7319412231445 35.8301315307617 36.0119323730469 36.8259429931641 36.7926177978516 36.8856658935547 36.6702003479004 36.9129943847656 37.0944137573242 36.7693061828613 36.750431060791 35.9808769226074 36.1394081115723 36.4667015075684 36.2879295349121 36.7734718322754 36.7863807678223 36.6827659606934 36.7411041259766 36.8770484924316 36.7323913574219
30.9200916290283 30.2721900939941 30.0776405334473 30.243616104126 30.1822967529297 30.2628288269043 30.6859016418457 33.2622528076172 33.5124244689941 31.850643157959 34.3353729248047 35.5130157470703 34.6496124267578 33.1611289978027 33.0858879089355 33.8531265258789 34.6964912414551 35.2719955444336 35.6676063537598 36.0444221496582 36.3043785095215 36.0019721984863 34.4151916503906 34.7666130065918 35.4081840515137 34.9682464599609 35.2340621948242 36.2491264343262 36.6992263793945 36.9440383911133 35.6831932067871 35.6685943603516 36.6373825073242 36.9967994689941 36.44775390625 36.4826431274414 35.5618324279785 36.1793594360352 36.4256973266602 36.266284942627 36.8077659606934 36.9146995544434 36.9517478942871 36.9564895629883 36.8988227844238 36.5308570861816
30.9493026733398 30.5430908203125 30.4990673065186 30.65234375 30.8456478118896 30.9797744750977 31.9464263916016 34.1288948059082 34.0012550354004 33.4247703552246 35.1754188537598 36.5375709533691 35.5558319091797 34.1792411804199 33.5281295776367 35.6332244873047 36.0783233642578 36.3389587402344 36.5912437438965 36.6307716369629 36.1343612670898 35.8310623168945 35.9672889709473 35.3188819885254 35.7258758544922 36.2877960205078 36.5505332946777 36.6502304077148 36.9032821655273 36.8259391784668 34.9165191650391 35.7831382751465 36.7845458984375 36.7033958435059 36.2094306945801 36.1622772216797 35.984733581543 36.5912132263184 36.6334457397461 36.65185546875 36.620059967041 36.8185081481934 36.8821220397949 36.9012222290039 36.8212432861328 36.7633056640625
30.9045791625977 30.6067543029785 31.1555595397949 32.0271415710449 32.1873512268066 32.7937889099121 34.1702194213867 34.9442863464355 34.2170028686523 34.7060508728027 36.4524383544922 37.0789642333984 36.4256210327148 35.1979331970215 34.2845916748047 35.5738372802734 35.5828857421875 35.9515380859375 36.8458137512207 37.0940284729004 36.7315216064453 36.3350028991699 36.7463722229004 36.523265838623 36.3762054443359 36.9359664916992 36.8219223022461 36.731388092041 37.0419273376465 36.7793922424316 36.048755645752 36.6179122924805 36.8345832824707 36.4844017028809 35.3892288208008 35.34228515625 35.736385345459 36.5980224609375 36.2636184692383 36.2462196350098 36.2716941833496 36.6187744140625 36.6030769348145 36.6809120178223 36.5154228210449 36.6677665710449
30.9599189758301 31.1481781005859 32.4697189331055 33.423999786377 34.3138275146484 35.4986877441406 36.2960433959961 35.4589157104492 33.1169624328613 33.914981842041 35.7881469726562 37.1223793029785 36.6144065856934 36.2178688049316 35.135570526123 36.3341636657715 36.5256042480469 35.7927551269531 36.7371444702148 37.1590042114258 37.0913619995117 36.5779037475586 36.9854507446289 37.1152191162109 36.9385528564453 37.0441551208496 36.8290405273438 35.9322624206543 36.8923110961914 37.0684814453125 36.9671516418457 36.8464965820312 36.4799766540527 36.0867118835449 35.097095489502 35.1639747619629 36.0667114257812 35.9975662231445 35.8353691101074 35.6209831237793 35.7921981811523 36.1565971374512 35.9327697753906 36.3586845397949 35.8210601806641 36.2713317871094
