inst/extdata/Tmax/Tmax30.asc
NCOLS 100 
NROWS 79 
XLLCORNER 148.06 
YLLCORNER -21.49 
CELLSIZE 0.01 
NODATA_value -3.4e+38 
[rows 40 to 59 of 79, columns 46 to 91 of 100]
23.9614086151123 25.302562713623 24.9206008911133 25.6657104492188 27.7082138061523 27.5199699401855 27.4077053070068 25.4792041778564 25.2168388366699 25.7374458312988 27.2443447113037 28.9758987426758 29.520679473877 28.9686641693115 28.3180961608887 29.9071102142334 30.7884273529053 30.2863349914551 31.3075733184814 31.2436046600342 30.5763874053955 31.3547039031982 29.1170959472656 27.8764419555664 29.2886180877686 30.1913948059082 30.7304439544678 29.9751815795898 29.7364635467529 29.839729309082 29.450325012207 30.5646266937256 29.3651447296143 26.648530960083 28.2391376495361 32.4784774780273 30.8236141204834 29.2597408294678 27.036678314209 26.4459743499756 26.0102252960205 28.7653484344482 29.0737800598145 28.4760818481445 29.7565803527832 26.9619998931885
25.1699390411377 25.1980056762695 26.5973510742188 27.9452877044678 28.4065742492676 27.7213897705078 27.2611808776855 27.0997276306152 28.3819313049316 28.6234359741211 31.2338542938232 29.9241275787354 29.7145938873291 29.3933753967285 28.8314380645752 30.7339115142822 30.837833404541 30.6550445556641 31.7021827697754 31.9637069702148 29.8510780334473 30.2985000610352 26.6352481842041 32.3623275756836 33.5405082702637 29.0135803222656 30.9003124237061 29.9742488861084 30.1565971374512 29.2385063171387 29.8107967376709 30.3544445037842 30.2101764678955 29.3716335296631 29.7359180450439 31.7242889404297 30.0106296539307 29.4260063171387 29.1082992553711 28.7635650634766 28.4658660888672 27.9397315979004 29.2016334533691 28.8692760467529 28.8083934783936 28.2635974884033
26.3500518798828 27.3351058959961 27.2209625244141 29.1285858154297 34.1461601257324 31.53883934021 29.1173133850098 28.4553928375244 29.4962120056152 31.0927715301514 31.2257823944092 30.7405986785889 31.010046005249 30.568323135376 32.2997131347656 30.816162109375 30.6534652709961 30.3068428039551 30.7240371704102 31.4354705810547 30.4991245269775 30.1224384307861 29.8193893432617 33.8230590820312 27.2605991363525 33.8707656860352 33.0259323120117 28.8640727996826 28.2098636627197 30.7367477416992 30.4018535614014 30.7101078033447 29.9755458831787 29.3320617675781 29.7163009643555 28.5555534362793 28.8364353179932 28.1658630371094 28.1064605712891 28.5399608612061 29.7042350769043 29.7960929870605 30.1135005950928 28.7670230865479 30.7611141204834 30.6976985931396
29.6913318634033 30.4487953186035 30.5726051330566 30.681941986084 31.3678035736084 30.8451805114746 30.5065307617188 30.1388626098633 30.4312419891357 30.7668685913086 31.4371547698975 31.4352245330811 31.6277332305908 31.525691986084 30.993782043457 30.5384616851807 30.1927394866943 30.3868522644043 31.0807704925537 28.6625823974609 30.9090366363525 30.9595603942871 30.7901096343994 30.0912418365479 29.5392074584961 31.3513011932373 30.5160140991211 29.9694633483887 30.5510349273682 32.2494049072266 31.6036052703857 32.0324211120605 29.810718536377 29.1970138549805 29.0196533203125 31.5524311065674 31.0749797821045 29.0671081542969 29.9697341918945 31.0221176147461 31.6182994842529 30.7533206939697 29.1753978729248 33.3947830200195 30.935661315918 28.9062099456787
29.5561923980713 29.7029228210449 29.6466884613037 29.9954967498779 31.5478172302246 32.1758728027344 31.5534725189209 30.7046165466309 31.0659122467041 30.7392082214355 30.4665279388428 30.409574508667 30.0040721893311 29.8966979980469 29.6937255859375 30.2432651519775 28.6236324310303 29.4463481903076 30.4539966583252 30.7964744567871 31.7334327697754 32.3727493286133 32.1454963684082 31.2225856781006 29.0367908477783 29.4448871612549 29.819974899292 30.2806797027588 32.4835243225098 32.7965927124023 31.4245090484619 30.1556549072266 29.0791339874268 29.7644462585449 29.3975811004639 31.4176368713379 30.0949401855469 28.9112510681152 30.1669635772705 28.6456604003906 29.2603569030762 30.8140773773193 31.217134475708 31.1622142791748 34.0452156066895 30.9169254302979
25.8200912475586 27.248161315918 28.7738571166992 27.0737953186035 28.7043209075928 29.340425491333 29.1718082427979 29.4409027099609 29.7328624725342 29.8601627349854 26.9110431671143 27.0831317901611 27.2416648864746 25.5458145141602 26.4435787200928 27.3573532104492 29.6263771057129 29.7623443603516 29.6768569946289 29.7774047851562 31.5476703643799 31.3538951873779 30.7550983428955 30.7647228240967 30.8058795928955 31.2271270751953 31.1677551269531 31.1179065704346 30.7172908782959 30.8803024291992 30.5093326568604 31.6371097564697 32.4797401428223 32.9347038269043 30.8985118865967 30.6317024230957 30.1042366027832 29.9266109466553 29.8843955993652 29.5849590301514 29.4139003753662 30.4637889862061 30.6174354553223 29.3030052185059 31.5991592407227 33.9301681518555
24.1523838043213 25.5065479278564 25.1027030944824 24.8682270050049 25.8661460876465 26.2263488769531 26.3742713928223 26.9331836700439 27.4520454406738 26.7345085144043 26.4108829498291 25.8156089782715 26.0940093994141 25.967264175415 26.2501678466797 27.3837471008301 29.9757843017578 29.7006645202637 29.0299968719482 30.9146633148193 31.342264175415 31.7366905212402 30.8720569610596 30.2094860076904 32.8391227722168 32.9480094909668 31.9405841827393 31.1764354705811 30.2049808502197 30.092903137207 31.2752819061279 31.0753479003906 30.4967174530029 30.804313659668 31.0776767730713 33.6821708679199 30.4626426696777 30.6292095184326 29.5255165100098 29.3761234283447 29.33762550354 31.9626617431641 29.9696483612061 32.8235511779785 31.4157657623291 30.8696041107178
24.5194339752197 24.4506797790527 24.3425369262695 24.4278163909912 24.2903442382812 24.6339855194092 25.6089935302734 26.5778732299805 26.8289604187012 26.6297740936279 27.1912708282471 26.5881385803223 26.6207714080811 28.0327091217041 28.742805480957 30.1102428436279 30.7032909393311 30.5972232818604 30.7239475250244 32.0686950683594 34.7406578063965 32.4321899414062 30.353946685791 31.4198360443115 32.6968955993652 32.2383499145508 31.5314674377441 34.4033851623535 31.5156230926514 31.743444442749 31.7446022033691 29.1769065856934 29.0229454040527 29.3475399017334 29.1173496246338 29.1016654968262 30.4889698028564 29.4723262786865 28.5543956756592 32.2922668457031 32.0243835449219 33.9695205688477 30.5302581787109 32.6265144348145 32.380786895752 32.3315353393555
24.3384227752686 26.3192462921143 24.6317405700684 24.2744140625 24.1825504302979 24.1290626525879 24.2277793884277 26.2155055999756 26.9041442871094 27.0371265411377 26.9449729919434 26.9813861846924 32.2456016540527 33.3095397949219 33.7846374511719 30.0454406738281 31.8414726257324 28.1791706085205 33.7988929748535 33.6320457458496 33.296875 33.536060333252 32.8811492919922 32.4375 32.1339302062988 30.2108840942383 31.3641052246094 32.473201751709 34.5980529785156 33.8501014709473 33.5727500915527 34.312931060791 33.4028739929199 29.4369506835938 30.389949798584 34.7558250427246 33.9046745300293 30.8693809509277 30.65771484375 30.4558162689209 28.5163154602051 29.0290832519531 29.6387996673584 30.5345573425293 29.6781635284424 30.3082580566406
26.244441986084 26.9034633636475 28.0859909057617 25.1694507598877 24.6393814086914 25.4071445465088 25.2077026367188 26.1341342926025 26.428539276123 26.9859924316406 31.3073596954346 32.8331832885742 33.9707450866699 33.9941711425781 34.4536666870117 27.5996398925781 30.7485408782959 27.7787742614746 28.0031719207764 30.4548282623291 30.4087257385254 34.6128845214844 30.9740715026855 31.8211841583252 31.5248317718506 30.6264572143555 32.5650405883789 32.6576118469238 33.1131134033203 33.1399078369141 32.8937683105469 31.2611923217773 29.5857181549072 30.1066207885742 30.7564105987549 34.9258117675781 34.871524810791 31.6732769012451 30.4997940063477 30.3273773193359 30.2936344146729 29.2555408477783 30.4257068634033 29.0074882507324 29.9860744476318 30.6239833831787
29.6413345336914 26.423807144165 29.3776664733887 24.340856552124 24.3909721374512 25.5983371734619 25.7798042297363 26.4691829681396 27.0875205993652 27.5418968200684 27.5353412628174 27.7270336151123 32.3517608642578 33.0166969299316 33.622501373291 27.5383644104004 29.985050201416 29.9081077575684 26.7813129425049 30.3555603027344 27.8964939117432 33.5411911010742 31.0853404998779 32.5884132385254 30.9755401611328 31.9481754302979 30.9412059783936 30.5711669921875 33.5524597167969 33.2112007141113 32.6073760986328 32.0931396484375 31.7489795684814 29.9534206390381 30.7711887359619 33.1700401306152 34.5017700195312 32.61083984375 31.4903392791748 31.9850463867188 30.5291175842285 29.3978042602539 29.4572257995605 28.5724639892578 30.0205135345459 30.815502166748
25.1444053649902 23.7437343597412 24.2122955322266 23.3580284118652 23.323694229126 24.7797069549561 25.5896949768066 26.6844482421875 27.023250579834 27.2553386688232 27.4501953125 27.093563079834 27.0276641845703 26.5789833068848 27.0254344940186 30.1552181243896 27.8491878509521 30.6331653594971 27.4991416931152 29.8672542572021 29.6912307739258 30.4355030059814 33.4343147277832 34.1361808776855 31.2960586547852 31.4505214691162 32.1836051940918 30.4050273895264 30.6786785125732 34.069450378418 32.5358428955078 31.8806934356689 31.2366962432861 29.5649433135986 29.4343166351318 31.0812530517578 31.4506149291992 31.2769165039062 30.6750068664551 28.9841766357422 32.5922241210938 28.8841991424561 28.592887878418 28.2468948364258 28.2602558135986 29.5490131378174
23.5337467193604 29.2199420928955 29.9532909393311 23.5701293945312 23.5082702636719 24.2930278778076 24.9790687561035 25.8057098388672 26.2759037017822 26.5712127685547 26.9184513092041 26.7366714477539 26.7495594024658 27.1473693847656 27.4228610992432 27.7964248657227 30.4332027435303 30.8427753448486 30.7335243225098 31.2260265350342 29.7252635955811 30.7534790039062 32.2271537780762 34.2625007629395 32.0945892333984 32.8581657409668 32.8625602722168 32.9034194946289 32.5438766479492 34.4843063354492 33.4079742431641 32.8650360107422 32.9001121520996 33.2043037414551 30.2950305938721 29.3428020477295 30.5105266571045 27.9549293518066 29.473072052002 29.7643585205078 29.823657989502 28.7777576446533 33.2371406555176 29.7050704956055 28.2865314483643 28.049732208252
24.2656002044678 23.5447101593018 29.3974018096924 24.1444473266602 24.2340183258057 25.0704250335693 24.9439868927002 25.6370830535889 26.6698665618896 27.1430034637451 27.4077415466309 27.4981288909912 27.5187301635742 31.1717529296875 31.1573047637939 28.1164855957031 27.8781070709229 27.9961032867432 28.0096817016602 30.8294143676758 30.3556461334229 30.5317668914795 27.94287109375 29.060115814209 29.8908462524414 31.5984802246094 30.9677753448486 32.1355438232422 34.0661163330078 31.5445747375488 31.4444751739502 30.5291042327881 30.8867626190186 31.7867698669434 30.1391086578369 29.7490406036377 27.7244148254395 26.992654800415 27.1762256622314 26.1945362091064 31.7966575622559 30.3048706054688 31.4298210144043 31.0331020355225 33.005973815918 28.7620487213135
25.2508182525635 24.3489837646484 23.9298992156982 24.3752250671387 24.8662109375 25.7129344940186 25.7581386566162 26.0252552032471 26.2004737854004 26.7965698242188 26.8275184631348 29.5614109039307 30.4533023834229 27.6109752655029 31.9049224853516 31.2743625640869 31.7079792022705 28.2803344726562 31.057243347168 30.8710422515869 30.9126625061035 29.9658145904541 28.8780670166016 30.8979415893555 32.7232398986816 32.8171310424805 30.8726997375488 31.4086647033691 30.5959167480469 32.3932342529297 32.6866340637207 31.3925037384033 32.593864440918 30.4189167022705 32.8856544494629 29.8879776000977 33.4895858764648 29.7991695404053 30.1596240997314 28.7211093902588 29.7536029815674 30.2175273895264 29.4810752868652 29.7466125488281 30.5906200408936 31.5733451843262
24.8398494720459 24.3987216949463 24.0792446136475 25.217342376709 25.7521915435791 26.2471790313721 26.8359813690186 27.1464099884033 27.0862102508545 27.4142913818359 27.3088932037354 29.4715175628662 30.0955219268799 31.6230316162109 31.7963409423828 31.2720050811768 31.6433200836182 32.0265846252441 31.3792381286621 28.251859664917 30.834493637085 29.9616966247559 30.7135944366455 30.7706871032715 32.0204315185547 32.6799354553223 32.8814582824707 33.4452476501465 30.7711639404297 31.2064018249512 28.5123996734619 30.9462375640869 32.2247352600098 33.9782638549805 32.9471817016602 27.0846519470215 29.6412048339844 30.4161052703857 28.8773498535156 29.8544673919678 31.7865333557129 30.9762001037598 30.3243103027344 30.7010192871094 30.2334270477295 30.0697727203369
24.8503360748291 24.1623210906982 23.5457706451416 24.8014392852783 25.9387893676758 26.3711051940918 25.768726348877 26.9898643493652 26.6329784393311 26.0556240081787 27.1929759979248 26.8375568389893 27.1589050292969 30.0084037780762 27.6515941619873 30.9557876586914 31.0539169311523 31.0266571044922 31.520393371582 29.5119400024414 30.4092826843262 30.9103603363037 30.4803314208984 28.1446933746338 30.6547813415527 32.7406539916992 31.6919269561768 30.8606243133545 31.036506652832 31.1890201568604 28.3444347381592 26.6121635437012 27.4224700927734 30.4990863800049 26.5682640075684 26.4139060974121 30.6321315765381 29.8570175170898 30.629810333252 29.3406734466553 31.5727291107178 32.7796096801758 29.1447010040283 29.398458480835 30.2843608856201 30.8810081481934
25.2690525054932 24.2796268463135 24.3494358062744 24.8609752655029 25.6413021087646 26.0455722808838 26.4998455047607 26.5078163146973 25.380880355835 24.9454517364502 26.6484642028809 25.3782615661621 25.8350296020508 26.0622749328613 29.7037754058838 30.5050601959229 27.8163547515869 31.0377025604248 28.3641757965088 31.795711517334 31.3547382354736 31.6753120422363 31.1853199005127 30.8368759155273 30.0129432678223 31.1791343688965 31.9958839416504 30.9952545166016 30.280782699585 31.8710765838623 30.0574073791504 27.6290836334229 30.9378395080566 30.1715927124023 24.5656280517578 28.9324550628662 29.8363819122314 30.2042293548584 30.5091743469238 32.1977996826172 30.1020030975342 32.5014610290527 30.2347316741943 30.3810157775879 29.8786907196045 29.7230796813965
25.2852039337158 24.9891948699951 24.7152919769287 24.8319072723389 25.4537620544434 26.0697956085205 25.9913311004639 25.8034744262695 25.1953296661377 26.1199226379395 26.2592315673828 25.1260070800781 25.3871669769287 25.5383281707764 26.7415599822998 27.0599803924561 30.755729675293 27.8541393280029 31.1139678955078 31.3983383178711 31.2096328735352 31.4930362701416 29.7408790588379 31.2518768310547 30.5166149139404 30.5804004669189 30.2969951629639 31.4288311004639 29.6117477416992 29.4883651733398 31.1623439788818 30.9399585723877 27.5481452941895 29.6716938018799 30.4145221710205 31.1362838745117 27.8835277557373 30.2713298797607 32.6210556030273 30.0143909454346 30.9568481445312 30.0301494598389 30.5011768341064 32.3017654418945 31.8187427520752 29.4522953033447
24.7165279388428 24.6461410522461 24.2236442565918 24.5954341888428 25.0701160430908 24.8968906402588 25.5404376983643 25.9375495910645 26.2883682250977 26.321870803833 26.2705612182617 26.487154006958 29.6836738586426 30.4080448150635 30.2366905212402 27.0283374786377 27.6236000061035 31.3725872039795 28.6871109008789 30.8553295135498 31.152889251709 31.7039699554443 31.7632675170898 31.0654697418213 31.284740447998 30.2083473205566 30.6756229400635 30.5261650085449 29.6295986175537 31.5408058166504 31.8563747406006 32.6688995361328 29.1255321502686 30.0940799713135 30.1003265380859 25.930139541626 28.7254314422607 31.3584289550781 33.3309860229492 28.1064186096191 30.3765106201172 30.5206317901611 29.8605403900146 28.735990524292 30.1934680938721 30.8380794525146
