inst/extdata/Tmax/Tmax151.asc
NCOLS 100 
NROWS 79 
XLLCORNER 148.06 
YLLCORNER -21.49 
CELLSIZE 0.01 
NODATA_value -3.4e+38 
[rows 0 to 19 of 79, columns 46 to 91 of 100]
35.9561157226562 35.764217376709 35.6489906311035 35.6360893249512 35.6045608520508 35.4693298339844 35.6645698547363 35.4804573059082 35.2751502990723 35.0858001708984 34.9907302856445 34.705135345459 34.5870704650879 34.7825241088867 35.0232620239258 34.9233627319336 34.7754135131836 34.5878219604492 34.2760429382324 34.0658569335938 33.9070434570312 -3.4e+38 -3.4e+38 -3.4e+38 -3.4e+38 -3.4e+38 -3.4e+38 -3.4e+38 -3.4e+38 -3.4e+38 -3.4e+38 -3.4e+38 -3.4e+38 -3.4e+38 -3.4e+38 -3.4e+38 -3.4e+38 -3.4e+38 -3.4e+38 -3.4e+38 -3.4e+38 -3.4e+38 -3.4e+38 -3.4e+38 -3.4e+38 -3.4e+38
35.935489654541 35.641185760498 35.4014434814453 35.6409225463867 35.7869682312012 35.771110534668 35.7135696411133 35.5979347229004 35.2474403381348 34.7962303161621 34.915885925293 34.3683586120605 34.8501892089844 35.1275863647461 35.082649230957 34.9731063842773 34.839298248291 34.6797370910645 34.4673767089844 34.3512802124023 34.2332077026367 34.0787887573242 -3.4e+38 -3.4e+38 -3.4e+38 -3.4e+38 -3.4e+38 -3.4e+38 -3.4e+38 -3.4e+38 -3.4e+38 -3.4e+38 -3.4e+38 -3.4e+38 -3.4e+38 -3.4e+38 -3.4e+38 -3.4e+38 -3.4e+38 -3.4e+38 -3.4e+38 -3.4e+38 -3.4e+38 -3.4e+38 -3.4e+38 -3.4e+38
35.8497505187988 35.0919990539551 34.2429046630859 35.6028518676758 35.7816696166992 35.7725105285645 35.7405281066895 35.6699905395508 35.4266738891602 34.8259887695312 34.9055328369141 35.0203590393066 35.0744285583496 35.1993064880371 35.1417770385742 35.0279808044434 34.9168510437012 34.7945289611816 34.6439170837402 34.4106559753418 34.3577079772949 34.1669082641602 33.8990898132324 33.5674705505371 -3.4e+38 -3.4e+38 -3.4e+38 -3.4e+38 -3.4e+38 -3.4e+38 -3.4e+38 -3.4e+38 -3.4e+38 -3.4e+38 -3.4e+38 -3.4e+38 -3.4e+38 -3.4e+38 -3.4e+38 -3.4e+38 -3.4e+38 -3.4e+38 -3.4e+38 -3.4e+38 -3.4e+38 -3.4e+38
35.4476776123047 35.4985237121582 34.4011344909668 35.5077247619629 35.6832122802734 35.7186012268066 35.7661361694336 35.6526145935059 35.5059661865234 35.1599349975586 35.0445327758789 34.7701377868652 35.0934295654297 35.1987228393555 35.1993293762207 35.0879783630371 35.009937286377 34.9190330505371 34.7576637268066 34.3744621276855 34.1720733642578 34.1626625061035 34.070011138916 33.9610977172852 33.7621116638184 33.3008689880371 -3.4e+38 -3.4e+38 -3.4e+38 -3.4e+38 -3.4e+38 -3.4e+38 -3.4e+38 -3.4e+38 -3.4e+38 -3.4e+38 -3.4e+38 -3.4e+38 -3.4e+38 -3.4e+38 -3.4e+38 -3.4e+38 -3.4e+38 -3.4e+38 -3.4e+38 -3.4e+38
35.4479103088379 35.4602890014648 34.2468681335449 34.4662933349609 35.23974609375 35.7194900512695 35.7897109985352 35.633472442627 35.5862274169922 35.2573204040527 34.9524230957031 34.741340637207 34.337574005127 34.9506950378418 35.1769142150879 35.0774383544922 35.0890197753906 35.0182571411133 34.7560501098633 33.9908866882324 33.4627418518066 34.1739501953125 34.2264747619629 34.1378364562988 33.8559036254883 33.5200500488281 -3.4e+38 -3.4e+38 -3.4e+38 -3.4e+38 -3.4e+38 -3.4e+38 -3.4e+38 -3.4e+38 -3.4e+38 -3.4e+38 -3.4e+38 -3.4e+38 -3.4e+38 -3.4e+38 -3.4e+38 -3.4e+38 -3.4e+38 -3.4e+38 -3.4e+38 -3.4e+38
34.614372253418 35.3371810913086 33.7876014709473 33.1397514343262 34.8928184509277 35.8031692504883 35.7261352539062 35.6515579223633 35.5788993835449 35.1577911376953 34.2310409545898 33.8764533996582 34.188606262207 35.0926933288574 34.9773864746094 35.126049041748 35.1517219543457 35.05908203125 34.9410552978516 34.2753601074219 33.5214080810547 33.5743675231934 34.0522994995117 34.0827255249023 34.0196380615234 33.8906326293945 -3.4e+38 -3.4e+38 -3.4e+38 -3.4e+38 -3.4e+38 -3.4e+38 -3.4e+38 -3.4e+38 -3.4e+38 -3.4e+38 -3.4e+38 -3.4e+38 -3.4e+38 -3.4e+38 -3.4e+38 -3.4e+38 -3.4e+38 -3.4e+38 -3.4e+38 -3.4e+38
33.7236785888672 35.3286361694336 34.6905326843262 34.5927505493164 35.5417594909668 35.7780418395996 35.5946388244629 35.4660148620605 35.5958213806152 35.0976257324219 34.3633041381836 34.332893371582 34.9723663330078 35.0762557983398 34.1393356323242 35.0039558410645 35.0408592224121 35.019889831543 35.0290298461914 34.7246894836426 34.3126487731934 34.0188064575195 34.2090950012207 33.9428291320801 34.1566390991211 34.156982421875 34.0053329467773 33.6875152587891 -3.4e+38 -3.4e+38 -3.4e+38 -3.4e+38 -3.4e+38 -3.4e+38 -3.4e+38 -3.4e+38 -3.4e+38 -3.4e+38 -3.4e+38 -3.4e+38 -3.4e+38 -3.4e+38 -3.4e+38 -3.4e+38 -3.4e+38 -3.4e+38
32.8823013305664 35.3470573425293 35.7768936157227 35.571662902832 34.557258605957 34.7945861816406 35.4029083251953 35.5317916870117 35.6657409667969 35.4583473205566 35.0509185791016 34.6113204956055 34.6155891418457 34.8109436035156 34.3391723632812 35.0157585144043 34.2779006958008 34.2126388549805 34.8895950317383 34.986141204834 34.7897338867188 34.509090423584 34.3710594177246 34.3900108337402 34.337100982666 34.2805633544922 34.060173034668 33.8690872192383 33.5439529418945 33.0101089477539 32.9860076904297 -3.4e+38 -3.4e+38 -3.4e+38 -3.4e+38 -3.4e+38 -3.4e+38 -3.4e+38 -3.4e+38 -3.4e+38 -3.4e+38 -3.4e+38 -3.4e+38 -3.4e+38 -3.4e+38 -3.4e+38
32.8450546264648 34.9034652709961 35.8203468322754 35.6902770996094 34.8209419250488 33.2958869934082 34.6459655761719 35.6497001647949 35.7011413574219 35.5666007995605 35.3988761901855 35.1157150268555 35.1124229431152 34.9159812927246 34.3706550598145 34.283504486084 33.8337097167969 34.5796928405762 34.8571128845215 34.8996887207031 34.8799209594727 34.50048828125 34.0772247314453 33.7313194274902 34.3845863342285 34.4011917114258 34.248592376709 34.059139251709 33.9109992980957 33.3433685302734 33.1077003479004 33.2391357421875 -3.4e+38 -3.4e+38 -3.4e+38 -3.4e+38 -3.4e+38 -3.4e+38 -3.4e+38 -3.4e+38 -3.4e+38 -3.4e+38 -3.4e+38 -3.4e+38 -3.4e+38 -3.4e+38
33.8035354614258 34.925121307373 35.7042198181152 35.6762771606445 35.6303482055664 34.2350158691406 34.528434753418 35.5687446594238 35.7202453613281 35.5804252624512 35.3684043884277 35.0918960571289 34.9449043273926 35.0304718017578 34.3422317504883 34.0186309814453 33.9132804870605 35.0159950256348 34.835376739502 34.5069694519043 34.8655242919922 34.8017807006836 34.5755271911621 34.2008171081543 34.5660820007324 34.474365234375 34.297435760498 34.3173637390137 34.1318054199219 33.7943344116211 33.2546691894531 33.2652702331543 -3.4e+38 -3.4e+38 -3.4e+38 -3.4e+38 -3.4e+38 -3.4e+38 -3.4e+38 -3.4e+38 -3.4e+38 -3.4e+38 -3.4e+38 -3.4e+38 -3.4e+38 -3.4e+38
32.8613357543945 34.7777061462402 35.1489562988281 34.9150161743164 35.2503776550293 35.4965133666992 35.1943244934082 35.6100463867188 35.6896934509277 35.5675926208496 35.383373260498 35.1830711364746 34.9592819213867 35.2965278625488 35.1175270080566 35.0036926269531 35.0438117980957 35.2300071716309 35.2024269104004 34.637134552002 34.1472930908203 34.7902641296387 34.9417762756348 34.4057312011719 34.3883972167969 34.2122535705566 34.1556816101074 34.4285621643066 34.2449798583984 33.9257354736328 -3.4e+38 -3.4e+38 -3.4e+38 -3.4e+38 -3.4e+38 -3.4e+38 -3.4e+38 -3.4e+38 -3.4e+38 -3.4e+38 -3.4e+38 -3.4e+38 -3.4e+38 -3.4e+38 -3.4e+38 -3.4e+38
32.1691093444824 33.1983909606934 33.5345878601074 33.245418548584 34.316780090332 34.9855918884277 35.354606628418 35.6212310791016 35.6010856628418 35.4964981079102 35.2991333007812 35.0935134887695 34.9246253967285 35.5339126586914 35.5041046142578 35.343578338623 35.331729888916 35.401439666748 35.4205055236816 35.2985000610352 34.8905448913574 34.6588439941406 35.0117340087891 34.7921142578125 34.5205307006836 34.6120567321777 34.6070404052734 34.309211730957 34.1627502441406 33.9610443115234 -3.4e+38 -3.4e+38 -3.4e+38 -3.4e+38 -3.4e+38 -3.4e+38 -3.4e+38 -3.4e+38 -3.4e+38 -3.4e+38 -3.4e+38 -3.4e+38 -3.4e+38 -3.4e+38 -3.4e+38 -3.4e+38
32.169116973877 31.1044311523438 30.4343585968018 30.5707817077637 32.8727226257324 33.4455909729004 34.7446212768555 35.0996704101562 35.4097442626953 35.2780609130859 35.0449028015137 35.365535736084 35.3509330749512 35.228099822998 35.6563758850098 35.6159706115723 35.531623840332 35.5204048156738 35.5125007629395 35.473445892334 35.3972702026367 35.2953491210938 35.1219329833984 35.0379066467285 34.7034187316895 34.7554206848145 34.7009887695312 34.3898582458496 34.0809631347656 33.9345016479492 33.7523994445801 33.40576171875 -3.4e+38 -3.4e+38 -3.4e+38 -3.4e+38 -3.4e+38 -3.4e+38 -3.4e+38 -3.4e+38 -3.4e+38 -3.4e+38 -3.4e+38 -3.4e+38 -3.4e+38 -3.4e+38
32.2119674682617 31.3550815582275 30.3853359222412 29.8718109130859 30.4406147003174 31.3313388824463 33.3991241455078 34.6754913330078 35.4187316894531 35.2242012023926 34.6998710632324 35.3084182739258 35.625732421875 35.6553421020508 35.6567993164062 35.6628684997559 35.6704292297363 35.6398124694824 35.5987129211426 35.5462646484375 35.4855651855469 35.3985023498535 35.2957191467285 35.183422088623 34.9130096435547 34.9180717468262 34.7894630432129 34.5451278686523 34.2577629089355 34.1481513977051 34.050350189209 33.8825531005859 33.5375595092773 -3.4e+38 -3.4e+38 -3.4e+38 -3.4e+38 33.0801048278809 33.1137542724609 -3.4e+38 -3.4e+38 -3.4e+38 -3.4e+38 -3.4e+38 -3.4e+38 -3.4e+38
32.868839263916 31.4699039459229 30.5126037597656 30.1287422180176 30.6815090179443 30.4188861846924 31.6995677947998 33.567756652832 34.9589195251465 35.338981628418 34.1963005065918 35.0606460571289 35.4988861083984 35.013484954834 35.0850257873535 35.4919738769531 35.5791015625 35.632984161377 35.5635070800781 35.414234161377 35.4251708984375 35.3508949279785 35.3289833068848 35.251579284668 35.1459693908691 34.9766693115234 34.8391952514648 34.6646156311035 34.497200012207 34.3753318786621 34.296070098877 34.1197242736816 33.7002906799316 -3.4e+38 -3.4e+38 -3.4e+38 -3.4e+38 33.2056617736816 33.1664390563965 33.307258605957 33.3016395568848 33.1528778076172 -3.4e+38 -3.4e+38 -3.4e+38 -3.4e+38
32.8437614440918 31.4600048065186 30.5742206573486 31.0492210388184 30.8118724822998 31.2384948730469 30.9669456481934 32.5044822692871 34.7837829589844 35.5197639465332 34.4443244934082 34.389087677002 35.2140159606934 33.273265838623 34.3134613037109 34.6962928771973 35.2454986572266 35.6184883117676 35.5790977478027 35.4656791687012 35.433479309082 35.3889312744141 35.3727531433105 35.2942771911621 35.1973876953125 34.9231986999512 34.8678016662598 34.7708015441895 34.684684753418 34.6062393188477 34.4664344787598 34.2768898010254 34.0515022277832 -3.4e+38 -3.4e+38 33.8248710632324 33.5901489257812 33.3128814697266 33.2079315185547 33.0286254882812 33.151969909668 33.3315620422363 -3.4e+38 -3.4e+38 -3.4e+38 -3.4e+38
31.3688507080078 30.0176677703857 29.9755668640137 31.3387699127197 31.7042751312256 31.5967826843262 31.1404647827148 31.5258293151855 34.0330085754395 35.3496360778809 35.3543663024902 34.4841079711914 35.0038299560547 33.5667114257812 33.5628623962402 33.618034362793 34.9581184387207 35.624626159668 35.6161575317383 35.6098098754883 35.583251953125 35.5024375915527 35.4267997741699 35.1597328186035 35.1359825134277 34.9960517883301 34.94970703125 34.9125099182129 34.8507461547852 34.7349166870117 34.5979347229004 34.4532661437988 34.3185653686523 -3.4e+38 34.156192779541 34.1415100097656 34.0607223510742 -3.4e+38 33.3636512756348 -3.4e+38 33.1314392089844 -3.4e+38 -3.4e+38 -3.4e+38 -3.4e+38 -3.4e+38
31.3286666870117 29.789608001709 29.0985870361328 31.7736015319824 31.995059967041 31.2809505462646 30.8582916259766 30.9913635253906 32.6723403930664 35.0636863708496 35.1678848266602 34.7140960693359 34.8194923400879 34.9167556762695 34.2147178649902 35.335823059082 35.5480537414551 35.6312065124512 35.6464424133301 35.6111145019531 35.5793647766113 35.5199966430664 35.4579544067383 35.3409652709961 35.3000717163086 35.2043533325195 35.1293449401855 35.0529098510742 34.9175872802734 34.8553848266602 34.7440757751465 34.6373901367188 34.5447883605957 34.4677963256836 34.4233512878418 34.4194068908691 34.2473678588867 -3.4e+38 -3.4e+38 -3.4e+38 -3.4e+38 -3.4e+38 -3.4e+38 33.3916320800781 -3.4e+38 -3.4e+38
33.2912368774414 32.9395523071289 30.5874481201172 32.2457427978516 30.6224212646484 30.6143131256104 31.0926914215088 31.4127063751221 33.6184120178223 35.0576400756836 34.7416763305664 34.0926971435547 34.9725303649902 35.3735122680664 35.4588928222656 35.503360748291 35.6039199829102 35.2580947875977 35.3940849304199 35.5377922058105 35.4878997802734 35.5018539428711 35.4862213134766 35.4305648803711 35.375301361084 35.3044471740723 35.2412109375 35.0771446228027 34.715461730957 34.8131141662598 34.8709106445312 34.8178558349609 34.7539405822754 34.6757202148438 34.6406440734863 34.5687675476074 34.4142417907715 34.2694549560547 34.1390838623047 34.0654411315918 34.0687370300293 33.9510917663574 33.6558723449707 33.4292030334473 -3.4e+38 -3.4e+38
33.3964462280273 32.4773559570312 33.1728210449219 32.9616508483887 31.419807434082 31.4453315734863 31.0183219909668 31.2405891418457 33.4131622314453 34.7742652893066 35.1879806518555 34.9326515197754 35.2663879394531 35.5434265136719 35.3944511413574 35.2359275817871 35.4113998413086 35.1163177490234 34.9303817749023 35.088623046875 35.3954925537109 35.4412078857422 35.4386177062988 35.4494514465332 35.4262847900391 35.3718070983887 35.293270111084 35.0697441101074 34.7721633911133 34.9422988891602 34.8837051391602 34.9460601806641 34.8377227783203 34.7888107299805 34.7533950805664 34.6257286071777 34.5305442810059 34.4678726196289 34.4203796386719 34.3839950561523 34.3585624694824 34.2225723266602 33.8391761779785 33.3870658874512 33.4377708435059 -3.4e+38
