inst/extdata/Tmax/Tmax88.asc
NCOLS 100 
NROWS 79 
XLLCORNER 148.06 
YLLCORNER -21.49 
CELLSIZE 0.01 
NODATA_value -3.4e+38 
[rows 20 to 39 of 79, columns 0 to 45 of 100]
38.782791137695298 38.8280334472656 38.8151473999023 38.782527923584 38.8037757873535 38.9248924255371 38.8342742919922 38.7625541687012 38.6967277526855 38.6016807556152 38.4158248901367 37.9815711975098 37.4956245422363 36.7823371887207 35.2860298156738 34.7971305847168 34.7221565246582 35.8368606567383 37.0097198486328 37.4803771972656 37.4958000183105 37.4988822937012 37.8538818359375 37.8767967224121 37.7114944458008 37.4036140441895 36.7479286193848 35.7186965942383 36.3082809448242 36.375904083252 37.0245475769043 37.024055480957 37.1672668457031 37.1233177185059 37.0723686218262 36.8095626831055 36.3843231201172 36.4023361206055 35.9014778137207 36.1971778869629 35.9716873168945 35.1934013366699 35.4483489990234 35.5205039978027 35.6696166992188 35.7186622619629
38.8610877990723 38.9312744140625 38.9309730529785 38.8970603942871 38.9051170349121 38.9063415527344 38.759593963623 38.6825218200684 38.6609039306641 38.5964088439941 38.4692802429199 38.2783241271973 38.035083770752 37.008846282959 35.308536529541 34.9419441223145 35.2248306274414 36.1530532836914 36.7197799682617 37.1327819824219 37.2683219909668 37.1628799438477 37.7301559448242 37.8707695007324 37.6616821289062 37.6726455688477 37.6365814208984 36.803394317627 36.6291084289551 37.1845664978027 37.3042526245117 37.1739768981934 36.8149681091309 36.1561698913574 36.1700706481934 36.1384735107422 36.6094207763672 35.8491020202637 35.4253768920898 35.7848777770996 35.3733787536621 35.484188079834 35.1838607788086 34.1976470947266 34.5700302124023 35.3344306945801
38.9337730407715 38.9895248413086 38.9860229492188 38.9740562438965 38.9593544006348 38.9263343811035 38.7371826171875 38.6122703552246 38.5596008300781 38.5294799804688 38.4116134643555 38.3303070068359 38.1481971740723 37.4893646240234 36.2428398132324 35.2893180847168 34.5512809753418 35.1161842346191 35.7733001708984 36.6849098205566 36.8087043762207 36.9331359863281 37.6308059692383 37.397331237793 36.9448547363281 37.3378486633301 37.4114799499512 37.4800605773926 37.171989440918 37.2074432373047 36.9164390563965 36.698486328125 36.0737266540527 35.7034492492676 35.4423446655273 35.6752433776855 35.5851821899414 34.9622230529785 34.9246978759766 34.8502464294434 34.5245056152344 33.7121315002441 34.5826873779297 34.2782707214355 33.2082939147949 34.7925834655762
38.9237022399902 38.9626655578613 38.9695129394531 38.9643592834473 38.9264450073242 38.9194221496582 38.8354797363281 38.5337867736816 38.4256553649902 38.4498710632324 38.2633171081543 38.0569381713867 38.1680870056152 37.7640037536621 36.8973083496094 36.0113258361816 35.0667419433594 34.7173042297363 35.4160385131836 35.7756233215332 36.3894309997559 37.4818344116211 37.2085456848145 36.535945892334 36.6969718933105 36.8544578552246 36.5135765075684 37.5252571105957 37.5445747375488 37.390251159668 37.1401252746582 35.9378852844238 35.5687026977539 35.787166595459 36.1496315002441 35.6399612426758 34.6092567443848 33.9983139038086 34.8020553588867 34.235652923584 33.4528579711914 32.0299873352051 32.8239440917969 34.1475448608398 32.1936073303223 33.6551780700684
38.8720970153809 38.939582824707 38.9598731994629 38.9298973083496 38.8930931091309 38.8972587585449 38.8897514343262 38.7110900878906 38.5306396484375 38.354248046875 38.2477493286133 38.1986923217773 38.0160293579102 37.6510162353516 36.8121337890625 36.0298080444336 35.1791191101074 34.7446060180664 34.9808044433594 34.9825134277344 36.353141784668 37.2648124694824 36.0423049926758 35.4318351745605 36.3469390869141 36.3196792602539 36.5222511291504 37.3119812011719 37.5641860961914 37.1521339416504 37.0858688354492 36.8198547363281 36.7829818725586 36.8380088806152 36.479923248291 36.1405143737793 35.6841278076172 34.4465751647949 34.1931037902832 33.900764465332 32.1514205932617 31.6364059448242 32.015308380127 33.9305000305176 31.8920478820801 32.2133331298828
38.8293571472168 38.8576126098633 38.8578453063965 38.8350410461426 38.8488807678223 38.8598213195801 38.8786087036133 38.8352088928223 38.6816329956055 38.4312629699707 38.230052947998 38.0774154663086 37.9197883605957 37.4275817871094 36.9330863952637 36.3100204467773 35.6128273010254 35.2131767272949 35.7324676513672 36.5251846313477 36.5093383789062 36.3925399780273 35.8462944030762 34.3963279724121 34.9841423034668 35.8598403930664 36.0278816223145 37.3596382141113 37.5501861572266 37.1599235534668 36.2043418884277 36.8542594909668 36.7038917541504 36.5612258911133 36.2607040405273 35.907901763916 35.7597694396973 34.1168556213379 32.7188339233398 33.1301651000977 31.7964649200439 32.5373573303223 32.8833274841309 33.915210723877 32.810474395752 31.7848625183105
38.7177658081055 38.7537307739258 38.7503852844238 38.7649612426758 38.7632713317871 38.7672233581543 38.851936340332 38.856372833252 38.7185211181641 38.2846488952637 38.1745796203613 37.8825492858887 37.8798561096191 37.4733467102051 36.6427421569824 35.430965423584 34.9991645812988 35.2142868041992 35.7589950561523 35.6555099487305 35.871639251709 36.8643646240234 36.7028312683105 34.9981651306152 34.5344200134277 35.5977096557617 36.4909896850586 37.4315032958984 37.512638092041 37.274528503418 36.3651351928711 35.930233001709 36.7752647399902 36.1889457702637 35.7006645202637 34.7776679992676 34.4485054016113 34.5725593566895 33.3789558410645 32.1199569702148 31.7569065093994 32.0394554138184 31.937141418457 32.9144287109375 32.0236854553223 31.4409637451172
38.570556640625 38.6006927490234 38.6245727539062 38.6801338195801 38.7071495056152 38.7710227966309 38.8598403930664 38.8576316833496 38.785514831543 38.5876922607422 38.336009979248 38.0467224121094 37.919563293457 37.7069625854492 36.6902084350586 35.3970985412598 35.0281829833984 34.9652442932129 35.1178855895996 35.0952186584473 36.3912696838379 37.0928993225098 36.4947738647461 35.5264015197754 34.8796615600586 35.1470603942871 35.2853164672852 37.0192756652832 37.3925552368164 37.2602577209473 36.3913307189941 36.284122467041 36.5987129211426 35.7817344665527 35.0068283081055 34.3641738891602 33.3216552734375 34.1315231323242 33.9448089599609 32.1046752929688 31.7070236206055 31.8768501281738 31.7848415374756 32.3133354187012 31.7795181274414 31.5053596496582
38.0239486694336 37.984977722168 38.2670402526855 38.6007194519043 38.742488861084 38.8299789428711 38.858772277832 38.8473243713379 38.7153854370117 38.6030464172363 38.430980682373 37.8522453308105 37.9553260803223 37.7933540344238 37.2303352355957 35.8701782226562 35.0433120727539 34.4474983215332 34.81494140625 35.8320617675781 36.4079513549805 36.8018455505371 35.8290405273438 35.0042724609375 34.7947387695312 34.964672088623 35.4585571289062 36.4583206176758 37.2816886901855 37.3426399230957 36.7818222045898 36.4809494018555 36.0025215148926 34.8525772094727 33.5294876098633 33.0491218566895 32.7448692321777 32.926685333252 33.0849189758301 32.7027931213379 32.2275238037109 32.3408546447754 32.079532623291 31.8788833618164 31.8849792480469 31.8211250305176
37.0476226806641 38.0092544555664 38.356861114502 38.0775260925293 38.6754760742188 38.8343276977539 38.8531036376953 38.8404159545898 38.6279411315918 38.4729423522949 38.4645080566406 38.1745452880859 37.918586730957 37.7751808166504 37.4993324279785 36.9317665100098 36.3111839294434 34.7341613769531 35.1081314086914 35.2023048400879 35.3806076049805 36.4442367553711 35.9646186828613 35.0427017211914 34.8075904846191 34.5677299499512 34.5353355407715 36.4006958007812 37.3149528503418 37.3918685913086 36.5034103393555 35.4108352661133 35.0591468811035 34.6590766906738 34.3548431396484 33.200626373291 33.1175842285156 32.7279052734375 32.3513832092285 32.5785942077637 34.5112037658691 34.6008071899414 33.3145599365234 31.941577911377 32.8796157836914 33.0170516967773
37.3728408813477 38.3401260375977 38.3602523803711 37.7853164672852 38.6232223510742 38.8174018859863 38.8619575500488 38.844108581543 38.7839164733887 38.5458984375 38.433406829834 38.3534698486328 38.1641311645508 37.941291809082 37.6235198974609 36.9829254150391 36.0575370788574 35.5382690429688 35.0138816833496 35.3100166320801 35.400146484375 35.8969421386719 35.2014923095703 35.0053405761719 34.6565551757812 33.9278678894043 34.2578048706055 36.27099609375 37.1904144287109 37.234676361084 37.2127799987793 37.015869140625 35.7875518798828 34.7169990539551 34.6380386352539 34.0859031677246 34.2330780029297 34.0130043029785 33.5289993286133 34.082893371582 35.7362442016602 35.7969093322754 35.3121566772461 34.6744651794434 34.5366821289062 33.8698959350586
38.1979675292969 38.4937744140625 38.5520629882812 38.5522689819336 38.6438522338867 38.799934387207 38.8249740600586 38.8205490112305 38.7727355957031 38.6973266601562 38.5055465698242 38.4330291748047 38.3288459777832 38.1100425720215 37.8223991394043 37.2930908203125 36.351634979248 35.8624458312988 35.0618019104004 34.9362182617188 35.0175857543945 35.5160522460938 35.0879287719727 34.7916831970215 34.7194786071777 34.7526473999023 35.6678428649902 36.8432540893555 37.2470245361328 36.6914138793945 36.5944900512695 36.5929069519043 36.8159866333008 36.2649040222168 35.9590187072754 35.1027603149414 36.2357864379883 36.0654029846191 36.0272026062012 36.0369415283203 35.7792739868164 34.7793655395508 33.6976509094238 33.3249168395996 33.1681671142578 32.4576873779297
37.8983001708984 38.6783676147461 38.7304840087891 38.7468757629395 38.7428855895996 38.752025604248 38.7177276611328 38.7658843994141 38.758129119873 38.7388229370117 38.6879501342773 38.5465126037598 38.3532791137695 38.182056427002 37.9763069152832 37.7074127197266 37.1885871887207 36.4318237304688 35.5857353210449 34.7782783508301 34.8106575012207 35.3204536437988 35.1794166564941 34.8584365844727 34.6946601867676 34.8749160766602 36.4805335998535 37.2406234741211 37.3102226257324 37.1162719726562 36.5751113891602 35.8973617553711 36.660343170166 36.7731513977051 36.8095054626465 36.2329444885254 36.6626853942871 36.337028503418 36.1864242553711 35.9996528625488 34.6733169555664 33.0748481750488 31.9141426086426 32.2194786071777 32.1379737854004 31.2451934814453
37.7319946289062 38.421745300293 38.2161903381348 38.0872802734375 38.2348709106445 38.6417121887207 38.6376838684082 38.6617736816406 38.6766471862793 38.6619682312012 38.626293182373 38.5902214050293 38.470947265625 38.307544708252 38.1420249938965 37.9000396728516 37.4324226379395 36.9583473205566 36.6550483703613 35.9471664428711 34.872730255127 35.133415222168 34.8775939941406 34.9594497680664 34.8197822570801 34.7877769470215 35.9789657592773 37.1817169189453 37.2646713256836 36.9158363342285 36.7632713317871 35.5785293579102 35.8990745544434 36.1730651855469 36.4938430786133 36.6210670471191 36.4520568847656 36.2609329223633 35.83251953125 35.8859024047852 35.5251388549805 34.1391334533691 33.2109794616699 33.8280448913574 33.3273963928223 32.2388534545898
38.0917510986328 38.3975372314453 37.948314666748 37.2182273864746 37.3402290344238 38.3751564025879 38.5934715270996 38.5573959350586 38.5746459960938 38.5910034179688 38.5067558288574 38.5463790893555 38.493724822998 38.3762130737305 38.2165222167969 38.0127449035645 37.6809463500977 36.9351119995117 36.4810600280762 35.9625053405762 35.1940231323242 35.0869445800781 34.8768348693848 34.6331024169922 34.5944290161133 35.0281028747559 36.2992744445801 37.138256072998 36.5877799987793 36.3412666320801 36.4563369750977 36.0519065856934 35.6923332214355 35.318675994873 35.0136871337891 35.5586357116699 35.3335876464844 35.6930503845215 35.598331451416 35.3694458007812 35.0717964172363 35.4236526489258 35.1308326721191 34.7717323303223 34.0960998535156 33.5533638000488
38.226806640625 38.3364105224609 38.1171226501465 37.7801551818848 37.4492073059082 38.0578536987305 38.3809432983398 38.4071884155273 38.4583778381348 38.5227012634277 38.5109558105469 38.5489845275879 38.4838790893555 38.4206924438477 38.256591796875 38.0233993530273 37.7685623168945 37.5194702148438 37.0803642272949 36.353458404541 35.919864654541 35.6176948547363 35.0356254577637 34.2972106933594 34.4808502197266 34.7646942138672 36.3884086608887 36.9525756835938 34.8487586975098 34.3832778930664 35.1118621826172 35.3492546081543 35.2953071594238 35.0475082397461 34.4935302734375 34.198657989502 34.7896957397461 34.6034545898438 34.5625610351562 34.501781463623 34.1981506347656 33.8541641235352 34.1211166381836 34.6480674743652 33.9378051757812 32.747932434082
38.0685043334961 38.1069793701172 38.1250610351562 37.8274383544922 37.5222015380859 37.7326126098633 37.9664421081543 38.1828002929688 38.3042869567871 38.438117980957 38.418514251709 38.406322479248 38.4989624023438 38.4252853393555 38.2964782714844 38.0031814575195 37.9823570251465 37.8028907775879 37.530143737793 37.1064033508301 36.9423713684082 36.0418472290039 35.3614120483398 34.8207397460938 34.8156394958496 35.2540855407715 36.416748046875 36.2894096374512 35.9557876586914 35.8338165283203 34.958324432373 34.8732299804688 34.6531410217285 34.4856376647949 33.6534233093262 33.2041282653809 33.416187286377 33.3500175476074 33.6166152954102 33.3818778991699 33.3638534545898 32.4963569641113 33.1177558898926 34.0760765075684 33.8012084960938 32.3404579162598
37.4599914550781 37.8305778503418 38.051097869873 37.9387855529785 37.7213363647461 37.5801773071289 37.5587577819824 37.9725227355957 38.0982933044434 38.2904510498047 38.3813934326172 38.3711624145508 38.4362716674805 38.4538841247559 38.2609596252441 38.1483879089355 38.06982421875 37.9308547973633 37.7552185058594 37.5319595336914 37.3034439086914 36.4943923950195 35.1908226013184 35.2913970947266 34.4945983886719 35.1620025634766 36.2535552978516 35.6038513183594 35.8156356811523 36.3377876281738 36.2019500732422 36.009895324707 35.2465438842773 34.7542533874512 33.0292892456055 31.8774108886719 31.9016914367676 31.7959289550781 31.7554054260254 32.1732482910156 32.3158988952637 32.4900779724121 32.6430549621582 33.4902572631836 33.3212966918945 32.9304504394531
37.5854530334473 37.6948394775391 37.8345794677734 37.8112144470215 37.7746353149414 37.4330406188965 37.1822166442871 36.889518737793 37.6339454650879 38.1893501281738 38.3375587463379 38.3759880065918 38.4617691040039 38.4581069946289 38.1263732910156 37.6809997558594 37.7092132568359 37.7575607299805 37.8070182800293 37.6709060668945 37.5101852416992 37.0422096252441 35.7811660766602 36.1281700134277 35.0247497558594 35.016414642334 35.1897506713867 35.537914276123 34.3338584899902 35.0971221923828 34.668083190918 34.7867088317871 36.1998863220215 35.7108268737793 34.609920501709 32.3200836181641 31.478946685791 31.4776134490967 30.8666648864746 31.2536964416504 31.823751449585 31.8131637573242 31.8694705963135 33.1007614135742 32.6949272155762 32.2079467773438
37.6609306335449 37.5785865783691 37.6306419372559 37.413875579834 37.6424980163574 37.5483360290527 37.2861442565918 36.9921379089355 37.215160369873 37.9025688171387 38.1791839599609 38.3804817199707 38.428150177002 38.39111328125 38.3261108398438 37.8810157775879 37.4590950012207 37.2223968505859 37.5241279602051 37.6611061096191 37.5032539367676 37.3296966552734 36.9641227722168 36.3075866699219 35.0771064758301 34.828010559082 34.7771186828613 34.8681449890137 34.9250068664551 34.3094635009766 33.6443519592285 34.5314865112305 35.8991813659668 35.0510063171387 35.2966079711914 34.673526763916 34.1635475158691 34.0065650939941 32.9684562683105 31.9563007354736 32.6016235351562 32.3123054504395 32.6460723876953 32.8090972900391 32.5299415588379 32.0981292724609
