inst/extdata/Tmax/Tmax37.asc
NCOLS 100 
NROWS 79 
XLLCORNER 148.06 
YLLCORNER -21.49 
CELLSIZE 0.01 
NODATA_value -3.4e+38 
[rows 20 to 39 of 79, columns 0 to 45 of 100]
29.396614074706999 29.9164810180664 30.1183795928955 29.8529262542725 30.0627498626709 30.9297008514404 30.4628639221191 30.748836517334 29.5854911804199 29.5020179748535 30.5604095458984 30.1019592285156 28.9668979644775 27.0929927825928 25.7763195037842 24.9541358947754 24.6102809906006 26.0758972167969 27.1945781707764 28.0802612304688 28.2091274261475 28.6871948242188 28.8776416778564 29.22336769104 29.1602210998535 28.8896446228027 27.7785987854004 25.8084316253662 26.8281402587891 26.6526374816895 27.8150272369385 28.1089496612549 28.1630840301514 28.2257118225098 27.9636611938477 27.6563205718994 27.4481639862061 27.2081642150879 26.3210124969482 26.6253108978271 26.4150829315186 25.5000343322754 26.2552833557129 26.0642700195312 24.6366138458252 24.7792129516602
30.1634044647217 30.4701633453369 30.4935531616211 30.1219177246094 30.0683689117432 29.9939880371094 29.5776290893555 30.3668060302734 30.6277141571045 30.8884010314941 30.5624351501465 30.5565586090088 30.031322479248 27.3957328796387 25.705846786499 25.4726123809814 25.634183883667 26.3309803009033 26.8791675567627 27.9748477935791 28.6597290039062 29.2464790344238 28.4013061523438 28.913028717041 28.8517551422119 28.552038192749 28.273265838623 26.7415676116943 26.8166942596436 27.7643737792969 28.1987400054932 27.9506702423096 27.8960704803467 26.682035446167 26.3841018676758 26.602689743042 27.5482501983643 25.7189807891846 25.2987194061279 25.5952320098877 24.8072128295898 25.3840141296387 25.5717296600342 23.2501888275146 23.1897754669189 23.9737968444824
30.4460983276367 30.7242221832275 30.5482292175293 29.8682861328125 31.1114749908447 30.2098522186279 30.4555320739746 30.1312484741211 30.8382568359375 30.0333309173584 31.1250915527344 30.7429695129395 30.5290985107422 29.5297870635986 28.5988998413086 26.7805080413818 25.0792198181152 25.6911754608154 26.1463813781738 28.2031478881836 29.0821857452393 28.2506866455078 28.3365879058838 27.8547554016113 27.3663005828857 28.2083435058594 28.12473487854 27.7770442962646 27.6981945037842 27.7118320465088 27.3426780700684 26.8807525634766 26.3624610900879 25.8443050384521 25.1642398834229 25.9770851135254 26.0437564849854 24.8675651550293 24.8764152526855 24.8581314086914 23.5139999389648 23.4437217712402 23.9361667633057 24.5998401641846 19.2756519317627 23.694637298584
30.5840873718262 31.0485382080078 31.5718975067139 29.8697757720947 29.8037986755371 30.6695232391357 29.7391300201416 30.681116104126 30.8775749206543 29.9916324615479 30.5384101867676 30.4063472747803 30.64621925354 29.6747589111328 27.7408752441406 26.7301368713379 25.4914283752441 25.7959156036377 26.5104103088379 27.5259132385254 28.073314666748 28.7123565673828 27.9293308258057 26.5847301483154 27.0872631072998 27.2164440155029 27.1815738677979 28.0927295684814 28.3899631500244 28.1348991394043 27.7669811248779 26.7071971893311 26.0501518249512 26.220386505127 26.7107486724854 26.3669414520264 24.120491027832 23.7290954589844 24.2704029083252 24.5303020477295 23.2427520751953 23.2929401397705 22.7067356109619 20.7831726074219 22.5785846710205 22.4559135437012
30.7727584838867 30.6713695526123 30.5043487548828 31.2321224212646 31.3311920166016 31.0255241394043 29.8073654174805 30.8656063079834 29.4222812652588 29.6392269134521 29.6759910583496 29.4346981048584 29.2510051727295 29.5524997711182 27.9552040100098 26.4096584320068 25.6430187225342 25.4928493499756 26.6325855255127 26.8088531494141 28.2426509857178 28.5500640869141 25.8629360198975 25.5648632049561 25.9090728759766 26.2660465240479 26.5496406555176 27.8547191619873 28.2315654754639 27.6265106201172 28.016429901123 27.5767364501953 27.4657306671143 27.2883129119873 26.7463684082031 26.3275012969971 25.6529579162598 24.7292041778564 23.4962863922119 22.941255569458 22.1267051696777 21.2627563476562 21.8420524597168 23.3779830932617 18.7926216125488 18.5221309661865
31.2211246490479 30.9511127471924 31.4136123657227 30.7636756896973 31.2927875518799 31.1620693206787 31.0362968444824 30.8131923675537 30.6383743286133 29.2358875274658 30.2602100372314 29.5540676116943 28.7469024658203 28.8218803405762 28.7948951721191 28.5825939178467 27.2632942199707 27.0018577575684 27.6948642730713 28.3935317993164 27.7159786224365 26.1160011291504 25.5559692382812 24.244213104248 25.011589050293 25.9604778289795 26.0123405456543 26.9629993438721 28.0047626495361 27.8312034606934 26.1972160339355 27.1700248718262 26.9737949371338 26.9786643981934 26.5432033538818 26.2139720916748 25.5994968414307 24.3284473419189 22.2235927581787 22.684455871582 21.4822883605957 22.4167194366455 23.8693447113037 23.1222820281982 18.5973205566406 18.0083618164062
29.2469635009766 30.4700927734375 31.5254764556885 31.301248550415 31.191535949707 31.0403518676758 30.9432964324951 30.966890335083 30.6778030395508 29.3692226409912 28.9263782501221 29.0928287506104 28.9277896881104 28.5925750732422 28.5992259979248 27.5157413482666 26.6949920654297 26.8497085571289 27.7852230072021 27.6444072723389 27.3745346069336 27.7650756835938 26.5925712585449 25.0720100402832 24.4732933044434 25.3108615875244 26.6874256134033 27.974250793457 27.4141407012939 27.5780639648438 26.7852230072021 26.5389976501465 26.8408393859863 26.2778205871582 26.2061347961426 25.3880519866943 24.0356597900391 24.2737045288086 19.7478561401367 18.3554859161377 21.1143684387207 18.5920524597168 23.4227600097656 19.5078144073486 22.0476093292236 17.8358478546143
29.3975143432617 29.026065826416 30.1807193756104 31.0601215362549 31.0301361083984 30.9239330291748 31.1256847381592 31.2594051361084 30.8637619018555 30.1166648864746 29.6337203979492 28.9096012115479 28.727991104126 29.0935878753662 27.4153728485107 27.4705104827881 26.9924774169922 26.543888092041 26.8917655944824 26.9678707122803 27.1677284240723 27.3404445648193 26.8288612365723 25.5380172729492 25.3461055755615 25.6204872131348 25.1321582794189 27.7628860473633 28.14794921875 26.8545837402344 26.5716419219971 26.6273765563965 26.9304103851318 26.0351371765137 25.6704578399658 24.7954750061035 23.4364166259766 23.6286277770996 23.3924903869629 22.5704288482666 21.4797649383545 21.8917541503906 21.7219486236572 18.9193439483643 18.4218044281006 18.1267566680908
28.144323348999 28.5864295959473 29.2105712890625 30.163646697998 31.2280006408691 30.7368507385254 31.1731052398682 30.8276824951172 30.8315944671631 29.8592929840088 29.9369487762451 29.0711288452148 29.3723258972168 29.3358192443848 28.9846019744873 26.6988353729248 26.6367893218994 26.3681316375732 26.7715530395508 27.811544418335 26.6865158081055 27.2319507598877 26.156831741333 25.0819187164307 25.325309753418 25.6761512756348 25.7181015014648 26.5758037567139 27.3589534759521 27.2494640350342 27.3373241424561 26.3682498931885 25.9024391174316 24.6477451324463 24.0351009368896 23.1795921325684 23.5304203033447 23.5182666778564 23.6226634979248 21.2204113006592 18.4298763275146 18.462984085083 21.8864231109619 18.3171520233154 18.5256824493408 18.4340705871582
26.9702320098877 27.749267578125 28.4000587463379 29.097297668457 30.5711688995361 30.6196918487549 29.9768676757812 31.1587429046631 30.9373931884766 30.5738201141357 29.4715900421143 29.8709449768066 29.1942005157471 28.9026966094971 29.4539489746094 29.1628456115723 28.6995372772217 26.7689514160156 27.0746364593506 27.0715599060059 27.0421466827393 27.1626415252686 26.6682910919189 25.6070327758789 25.3723888397217 25.3795013427734 24.9315700531006 26.5351371765137 27.4667739868164 26.9423580169678 27.5487098693848 26.0030059814453 24.9257564544678 24.7402400970459 24.1962985992432 23.9693431854248 23.9432277679443 23.4279403686523 22.870512008667 22.4299335479736 23.3535461425781 23.3519439697266 20.9664726257324 21.2453346252441 18.3746662139893 19.2215366363525
27.5269355773926 28.2686462402344 28.4045867919922 29.1117038726807 29.5038642883301 29.3328437805176 29.5449295043945 30.599437713623 30.5608329772949 30.0508460998535 30.5259189605713 30.4412803649902 30.4625873565674 29.6335906982422 29.6363887786865 29.5655670166016 28.2685241699219 27.6837482452393 26.695930480957 27.1032390594482 26.9417877197266 26.433988571167 26.1552963256836 25.7475833892822 25.15212059021 24.4703197479248 24.8204364776611 26.7614154815674 27.1951522827148 27.356761932373 27.6365566253662 27.7949523925781 26.0704536437988 24.7982158660889 24.071159362793 24.8366775512695 24.4284934997559 23.7491359710693 23.0018253326416 22.9238719940186 24.9344673156738 24.7860832214355 24.3717231750488 23.447940826416 20.1957244873047 19.4550247192383
28.6416854858398 28.6019763946533 29.4947566986084 30.3366832733154 30.8501529693604 29.5935020446777 29.6814613342285 30.9577827453613 30.9198322296143 30.2524375915527 30.6494827270508 30.2942504882812 30.2404193878174 29.8403511047363 28.8763542175293 29.1602725982666 26.8162250518799 25.4667930603027 26.762523651123 26.3989124298096 26.3933448791504 26.6205158233643 26.0472965240479 25.7682209014893 25.3515625 25.3536834716797 25.8250923156738 27.1457901000977 27.8468933105469 26.8227558135986 27.2881774902344 27.3033561706543 27.6096382141113 26.6978187561035 26.0028476715088 24.819673538208 24.9804363250732 25.0306148529053 24.6030578613281 26.1150360107422 25.1194038391113 24.6320457458496 19.5595378875732 21.2605285644531 18.8790683746338 18.3410701751709
28.1538639068604 29.6028995513916 29.483325958252 29.59499168396 30.7856674194336 29.9865341186523 30.6098880767822 30.2736530303955 30.8591175079346 29.854772567749 30.8285007476807 30.3152847290039 30.2787818908691 29.6698799133301 29.251745223999 28.707820892334 28.6320629119873 26.8584842681885 25.6149044036865 25.8887767791748 25.9718379974365 26.5619792938232 25.9346351623535 25.9951591491699 25.6088676452637 25.4459285736084 27.3260669708252 27.4969348907471 27.3650970458984 28.7854175567627 27.4098453521729 26.8594493865967 28.1039066314697 27.968807220459 27.2401371002197 26.5303859710693 26.1814880371094 26.1121501922607 25.6394863128662 25.8067626953125 24.8981971740723 22.5189151763916 18.1376438140869 18.3908824920654 18.5937767028809 17.5197887420654
28.8739852905273 29.0999603271484 29.6796360015869 28.6346549987793 29.2030811309814 28.2100238800049 28.9252223968506 30.2701320648193 30.7961235046387 30.6039505004883 30.9107265472412 30.1451435089111 29.9831047058105 30.026346206665 29.4063034057617 29.161003112793 29.4972763061523 28.972599029541 28.2219219207764 27.7316741943359 26.4264373779297 26.2066783905029 26.7056446075439 26.3684883117676 25.9779834747314 25.5773887634277 27.2656002044678 28.1400451660156 27.6807231903076 27.8182258605957 27.5832233428955 26.3427467346191 26.0676155090332 26.0888652801514 26.542236328125 26.7658710479736 26.7809619903564 27.2247161865234 26.7643890380859 26.8950119018555 25.1594104766846 20.4678974151611 19.1020851135254 19.2399749755859 19.1295490264893 18.3834362030029
29.4288578033447 29.8544139862061 29.5750617980957 27.7085781097412 28.4228038787842 29.5924282073975 28.8538227081299 30.2756938934326 30.6646366119385 30.3153324127197 30.7570743560791 30.4800205230713 30.8145503997803 30.3189582824707 29.8967266082764 29.7028980255127 29.3835868835449 28.9916610717773 28.5325031280518 27.5144996643066 26.0096530914307 27.0637989044189 27.4618663787842 26.2827606201172 25.8545246124268 25.8124313354492 25.8233680725098 27.2444477081299 27.0348300933838 26.0871925354004 27.0667457580566 25.9792327880859 25.5333595275879 25.5341529846191 25.216423034668 25.4657649993896 26.0913009643555 25.6576271057129 26.3039493560791 26.0430526733398 24.3474044799805 24.1011505126953 21.2554359436035 20.5804634094238 19.8092842102051 19.7950267791748
29.171875 30.525915145874 29.5820331573486 28.7252788543701 27.1613426208496 29.534818649292 30.9853191375732 29.1363983154297 30.1383819580078 30.7526912689209 30.6500072479248 30.5119342803955 30.007511138916 30.1541881561279 29.7896957397461 29.9311828613281 28.9731845855713 28.5172786712646 28.3899669647217 27.7551383972168 26.6427383422852 27.273099899292 26.3808822631836 24.9482173919678 25.3677787780762 24.9909420013428 26.5738906860352 25.8881568908691 25.474292755127 22.8295764923096 24.7976455688477 25.3947925567627 25.7008323669434 25.3464317321777 25.3125247955322 24.3774909973145 24.6366310119629 24.9973258972168 25.9475708007812 25.2706890106201 20.3905620574951 20.1032371520996 19.8263397216797 20.4136695861816 20.0959091186523 19.1572170257568
29.7466335296631 28.9041309356689 30.2379493713379 29.4914703369141 29.3309955596924 29.3745880126953 29.4346313476562 29.5595455169678 29.7427082061768 31.0845432281494 31.0895442962646 30.5352077484131 30.4362297058105 30.690357208252 30.4278774261475 29.2622604370117 28.6466197967529 28.5788707733154 28.5404567718506 28.4851951599121 27.7995834350586 26.7246341705322 25.5920162200928 25.2995052337646 25.5895977020264 26.269380569458 26.9832439422607 26.0941944122314 25.7224407196045 23.7795276641846 23.4540309906006 22.4779262542725 23.9614410400391 25.3089828491211 25.3082103729248 23.5320873260498 23.449779510498 23.0856418609619 22.8188953399658 19.3537540435791 19.3622512817383 18.8018131256104 19.1792678833008 19.923210144043 19.9950275421143 18.6911582946777
29.0391082763672 28.5796756744385 29.9169921875 28.7162761688232 28.8546810150146 28.8634757995605 27.659200668335 28.5007610321045 29.5573120117188 29.9081172943115 30.6623401641846 30.6988887786865 30.5946769714355 30.1014823913574 30.4136009216309 30.2902660369873 29.5997695922852 28.3007316589355 28.7964401245117 28.3131732940674 28.1171855926514 27.3227672576904 25.741117477417 25.5922756195068 24.971622467041 25.6933288574219 26.7594032287598 25.7992362976074 26.0190448760986 25.780345916748 25.7531814575195 24.6521625518799 24.231819152832 22.9256286621094 19.0592365264893 18.1370849609375 18.2674102783203 18.0582695007324 18.0040435791016 18.1498165130615 18.3107814788818 18.3704433441162 18.6231517791748 19.2910385131836 19.6564140319824 19.2690410614014
29.0359535217285 28.4335975646973 28.4968204498291 29.708324432373 29.3945407867432 29.4833965301514 28.027494430542 27.1429576873779 28.1610774993896 29.1463680267334 30.4737319946289 30.8404731750488 30.7674217224121 30.598072052002 29.4829444885254 29.0239143371582 29.035364151001 28.659818649292 29.1196269989014 28.9768333435059 28.9345474243164 27.5965347290039 26.8043460845947 26.4640522003174 25.4688510894775 26.2557258605957 26.0043296813965 26.1900482177734 24.4082908630371 25.422872543335 24.6002769470215 24.4269866943359 24.8852806091309 24.1477088928223 22.5632801055908 17.6761894226074 17.4705829620361 17.3820648193359 17.3308811187744 17.7991638183594 18.3073272705078 19.8194789886475 18.3574523925781 19.19846534729 18.7651538848877 18.7465972900391
28.6543407440186 28.1545524597168 29.4133205413818 29.370433807373 29.6571197509766 28.7637310028076 28.4049263000488 27.7253475189209 28.6524505615234 28.1187934875488 29.0991668701172 30.630277633667 30.3652248382568 30.1569709777832 29.4625244140625 29.7060737609863 28.0093078613281 28.243932723999 28.6781597137451 28.5052700042725 28.5756092071533 27.9118843078613 27.9432716369629 27.2934818267822 26.0396671295166 25.9580020904541 25.606424331665 25.5281314849854 26.0218334197998 24.99951171875 24.0292053222656 23.0363616943359 25.1589069366455 25.2540512084961 25.3167209625244 22.7822284698486 19.8395175933838 19.4310722351074 18.6065120697021 17.8649349212646 18.5067024230957 18.5479488372803 18.537109375 18.9383869171143 18.9034652709961 18.6601676940918
