inst/extdata/Tmax/Tmax130.asc
NCOLS 100 
NROWS 79 
XLLCORNER 148.06 
YLLCORNER -21.49 
CELLSIZE 0.01 
NODATA_value -3.4e+38 
[rows 0 to 19 of 79, columns 0 to 45 of 100]
44.566310882568402 44.270824432373 43.43505859375 43.7289352416992 43.8298187255859 44.1625633239746 44.3113288879395 44.4208068847656 44.362247467041 44.198429107666 43.7924346923828 43.6135101318359 43.5242919921875 42.463737487793 42.8588790893555 43.1895904541016 43.4950332641602 43.4486541748047 42.7582092285156 42.1783828735352 42.0365371704102 41.2358779907227 41.5844306945801 42.6392211914062 43.0326118469238 43.2097549438477 43.0972557067871 43.1153526306152 42.8415412902832 42.5191192626953 41.7769165039062 40.1990623474121 41.2553367614746 41.1648216247559 40.1393890380859 39.1909446716309 39.0948944091797 38.7585067749023 39.3897590637207 40.9351844787598 42.1670799255371 42.3660736083984 42.9234580993652 43.1535568237305 43.2540740966797 43.3201141357422
44.4412422180176 43.9883766174316 43.3114395141602 43.3748359680176 42.8591117858887 43.6356964111328 44.1076469421387 44.348274230957 44.4262351989746 44.3068771362305 44.0086479187012 43.7429161071777 43.8133926391602 43.4451141357422 43.286075592041 43.1692886352539 43.4978485107422 43.5021591186523 42.6550445556641 42.1299896240234 42.5564804077148 42.3373947143555 42.2238807678223 42.5739440917969 42.9379844665527 43.0638122558594 43.2767868041992 43.21435546875 43.0200538635254 42.8245315551758 42.1110496520996 40.9290733337402 41.8959274291992 41.5292778015137 40.944709777832 40.1094017028809 39.7331504821777 40.0316390991211 40.9236068725586 41.836540222168 43.0107688903809 43.3129196166992 43.3849105834961 43.3558921813965 43.3673858642578 43.36865234375
44.4421539306641 43.7361602783203 43.8217582702637 43.9131393432617 43.4992637634277 43.5823593139648 43.9231185913086 44.3720970153809 44.4917449951172 44.3583869934082 44.1017112731934 43.9858703613281 43.8886756896973 43.8212509155273 43.5498504638672 43.4041633605957 43.5661697387695 43.6698684692383 43.1752777099609 42.9951171875 42.8510208129883 42.5697250366211 42.3547248840332 42.4384307861328 43.1215057373047 43.3164367675781 43.1707801818848 43.1337928771973 43.1093444824219 42.8338584899902 42.856819152832 42.0342407226562 42.216682434082 41.1570587158203 40.8803939819336 40.3193778991699 39.8753662109375 39.4494934082031 40.3140602111816 41.3128776550293 42.434139251709 43.2206802368164 43.4442443847656 43.4667282104492 43.423957824707 43.3608436584473
44.6574516296387 44.3511352539062 44.0458068847656 44.5501708984375 44.0960998535156 43.7098846435547 44.0297775268555 44.4789657592773 44.5897407531738 44.4563331604004 44.31494140625 44.2729263305664 44.1636161804199 44.006031036377 43.6250457763672 43.4600944519043 43.7459983825684 43.7645454406738 43.5602035522461 43.1494216918945 42.8568496704102 42.5298233032227 42.5774726867676 42.5267028808594 43.001781463623 43.338436126709 43.0261917114258 43.2267990112305 43.0534362792969 42.3429336547852 42.7883529663086 42.8413162231445 42.1978645324707 41.1154251098633 40.6082725524902 39.8392486572266 40.0755386352539 39.6306915283203 39.5151557922363 39.0798721313477 40.4008369445801 42.6399879455566 43.3495483398438 43.4908256530762 43.272331237793 43.1675224304199
45.1296806335449 44.6683044433594 44.4464797973633 44.7641067504883 44.5487747192383 43.9804916381836 44.0048980712891 44.5261116027832 44.6215171813965 44.2930450439453 44.2727203369141 44.4277000427246 44.3022880554199 44.0504112243652 43.7250633239746 43.8314208984375 43.8848915100098 43.6501121520996 43.2416229248047 42.5918731689453 42.7316436767578 42.8711776733398 42.9607620239258 43.1047058105469 43.0889282226562 42.7887535095215 43.3917121887207 43.0534057617188 42.9225273132324 42.489616394043 42.7703895568848 42.6131973266602 42.3327255249023 41.4739952087402 41.0129852294922 41.2635955810547 40.9948120117188 40.5069046020508 40.0249061584473 39.3730926513672 39.0558700561523 41.9613876342773 43.1536827087402 43.451229095459 42.8949089050293 42.2980155944824
45.2673797607422 45.0577774047852 44.4599456787109 44.7998428344727 44.8339080810547 44.4670944213867 44.2198905944824 44.5785255432129 44.6843566894531 44.4261131286621 44.3110313415527 44.5183334350586 44.3674430847168 44.1177062988281 43.5417442321777 43.9497222900391 43.8678779602051 43.4719543457031 42.9835395812988 42.602123260498 42.6705474853516 42.887767791748 43.1353225708008 43.1136817932129 43.3403167724609 43.2286338806152 43.2832145690918 42.6250228881836 42.6017150878906 41.6524925231934 42.2675476074219 42.6696128845215 42.728946685791 42.4306793212891 42.1122055053711 42.038444519043 41.3181991577148 40.8798370361328 40.5810737609863 39.8579711914062 39.4081649780273 41.6338920593262 43.0949745178223 43.4501266479492 43.0475540161133 41.3421783447266
45.4321250915527 45.2169342041016 44.8966369628906 45.0099716186523 44.9461059570312 44.6163635253906 44.0536422729492 44.5120582580566 44.6431884765625 44.7306823730469 44.6590919494629 44.5228004455566 44.1478118896484 44.2186698913574 44.1707878112793 44.0293960571289 43.854679107666 43.3613357543945 43.1581840515137 42.8766746520996 42.3489112854004 42.5271644592285 42.9191474914551 43.2314262390137 43.5063629150391 43.4228019714355 43.4261436462402 42.9544143676758 42.6265716552734 41.5671272277832 41.5561485290527 41.6567153930664 42.4658813476562 42.5896148681641 42.179931640625 42.0670585632324 41.5732688903809 40.3516159057617 40.5465660095215 40.1470909118652 39.9921913146973 41.5079460144043 42.9596328735352 43.3049812316895 43.1116409301758 41.7422332763672
45.4413795471191 45.3495864868164 45.10888671875 45.1083450317383 45.0523681640625 44.8155212402344 44.3144912719727 44.1849517822266 44.4309692382812 44.6917343139648 44.7555847167969 44.5084953308105 43.919017791748 44.088321685791 44.2587509155273 43.6541709899902 43.5999794006348 42.9168472290039 42.833381652832 42.6081428527832 41.9923439025879 42.4138488769531 42.7811393737793 43.2451057434082 43.6237983703613 43.6129570007324 43.2541351318359 42.856803894043 42.6828117370605 41.9993286132812 40.8187484741211 41.0766830444336 41.3609428405762 41.8666801452637 42.1842918395996 41.6441345214844 41.7048492431641 40.9203071594238 40.0278358459473 40.2655029296875 40.4371299743652 41.4039688110352 42.2578887939453 43.0636024475098 43.0017280578613 41.4846115112305
45.2904243469238 45.4487724304199 45.3056259155273 45.2439842224121 45.1165237426758 44.8948554992676 44.5845375061035 44.1616554260254 44.2939033508301 44.7066841125488 44.8110275268555 44.7571296691895 44.5649871826172 44.4186058044434 44.0929374694824 43.4125671386719 43.572151184082 43.3394927978516 43.4401359558105 42.6068840026855 42.5914497375488 42.4542388916016 42.5283699035645 43.1071853637695 43.5904388427734 43.7220344543457 42.9276542663574 42.1457061767578 42.2064437866211 42.1084747314453 41.570671081543 41.0771141052246 40.6799087524414 41.0774040222168 41.8630905151367 41.3119621276855 41.1040534973145 41.0454864501953 40.1995239257812 39.9026641845703 40.0835456848145 40.1705436706543 40.9519195556641 42.2988739013672 42.6640625 41.6000366210938
45.0722198486328 45.3929252624512 45.4280204772949 45.2948455810547 45.1084861755371 44.9885330200195 44.8152694702148 44.4039421081543 44.0966606140137 44.659008026123 44.8296737670898 44.4912567138672 43.8554458618164 43.8946228027344 43.9652290344238 43.9237899780273 43.9417304992676 43.7982521057129 43.5983734130859 43.3072891235352 43.0015602111816 42.4314117431641 42.7136001586914 43.4262313842773 43.7871932983398 43.6805801391602 43.0688667297363 42.9166603088379 42.4546127319336 41.9845123291016 40.8580169677734 40.515510559082 41.4577369689941 41.3178939819336 41.119068145752 40.8965034484863 40.7031669616699 40.9476432800293 40.4530868530273 39.7819023132324 39.7982368469238 39.3056831359863 40.0439872741699 41.0472640991211 41.3051109313965 40.7411079406738
44.8119049072266 45.069034576416 45.456974029541 45.3593101501465 45.2319717407227 45.1428184509277 44.979248046875 44.6495704650879 44.6148490905762 44.7871055603027 44.8807907104492 44.5619316101074 44.2594757080078 43.5864677429199 43.7215576171875 43.9544944763184 44.0522613525391 44.2016944885254 43.7985420227051 43.6070823669434 43.2367286682129 42.9062080383301 42.9547653198242 43.4332847595215 43.7845115661621 43.684886932373 43.0789909362793 42.4072418212891 41.497688293457 41.4811973571777 41.1433753967285 41.0939559936523 41.8422355651855 41.5997657775879 40.7869338989258 40.5461235046387 40.9668922424316 40.6981163024902 40.3465995788574 39.8459396362305 39.8812217712402 39.6501274108887 39.3384590148926 39.9635162353516 40.3299980163574 40.5886116027832
44.6826477050781 44.7338218688965 45.446231842041 45.4237327575684 45.3349227905273 45.214542388916 45.0687675476074 44.7726173400879 44.7835998535156 44.9992332458496 44.934211730957 44.7675933837891 44.4420852661133 43.9986572265625 43.8901710510254 44.1350708007812 44.3867378234863 44.3609580993652 44.1221885681152 43.7066268920898 43.2426795959473 42.9432792663574 43.0711975097656 43.1876525878906 43.3605690002441 43.6324005126953 42.7724456787109 42.0533294677734 41.4929161071777 41.6926307678223 41.7376136779785 41.6623344421387 42.0185203552246 41.530574798584 41.2921104431152 41.1979904174805 40.8171005249023 40.2809257507324 40.7321662902832 40.9209175109863 40.5206184387207 40.1192474365234 39.6495552062988 40.0287284851074 40.4791793823242 40.813720703125
44.8295364379883 45.2441139221191 45.4458618164062 45.3932304382324 45.3803176879883 45.2832794189453 45.1638565063477 44.8365287780762 44.8872032165527 45.1148529052734 44.9351768493652 44.8704414367676 44.6736145019531 44.7117538452148 44.6104354858398 44.5735549926758 44.5710144042969 44.4877510070801 44.2812767028809 43.816478729248 43.560604095459 43.6971168518066 43.9029998779297 44.0791549682617 43.9364967346191 43.5580024719238 43.3733367919922 42.9368324279785 42.5968437194824 42.416690826416 42.4570426940918 42.2717666625977 42.1699409484863 41.6420402526855 41.1248741149902 40.7081108093262 40.2291145324707 41.1990623474121 41.438159942627 41.3739204406738 40.1707000732422 40.1028175354004 39.6662635803223 39.4141731262207 40.5492210388184 41.0277519226074
45.2371063232422 45.4003868103027 45.4342041015625 45.3490104675293 45.3397407531738 45.356517791748 45.3027000427246 45.1859397888184 44.9980201721191 45.087474822998 45.0418472290039 44.9767112731934 44.8520851135254 44.7479591369629 44.6393432617188 44.5546760559082 44.6615676879883 44.572639465332 44.4348449707031 44.3210792541504 44.2156105041504 44.1774444580078 43.9863700866699 44.0655212402344 43.6717567443848 42.7648468017578 42.7092819213867 42.3305473327637 41.8177452087402 42.494945526123 42.7236022949219 42.686450958252 42.0081481933594 41.7218551635742 41.5992393493652 41.532585144043 41.5125389099121 41.2202224731445 41.7553520202637 42.0391807556152 41.5670852661133 41.1618003845215 40.5869445800781 40.092342376709 41.0091781616211 41.4297180175781
44.589672088623 45.082633972168 45.4202651977539 45.3449172973633 45.2252883911133 45.2839775085449 45.242733001709 45.0872497558594 44.7209358215332 44.7410774230957 44.9940071105957 44.8303718566895 44.3706512451172 44.4941215515137 44.6276168823242 44.1436386108398 44.5005989074707 44.6351661682129 44.5728797912598 44.5110282897949 44.4443473815918 44.1013526916504 43.5354766845703 43.8543243408203 43.6901321411133 43.4385528564453 43.3632850646973 43.0578536987305 42.7212257385254 42.9338455200195 42.877685546875 42.6462745666504 42.2374610900879 42.4338455200195 42.383186340332 41.5408554077148 42.0304260253906 41.2703628540039 41.5387344360352 42.1885375976562 42.1530303955078 41.922550201416 41.2521743774414 40.5117416381836 41.0488548278809 41.6974296569824
43.8129272460938 44.7203025817871 45.3359985351562 45.4191398620605 45.3457908630371 45.3053092956543 45.2165031433105 45.1070556640625 44.9105224609375 44.4601936340332 44.0966186523438 44.7226715087891 43.9928169250488 43.7043609619141 44.4418144226074 44.1197700500488 44.0939331054688 44.4729080200195 44.4763336181641 44.4569931030273 44.4446029663086 44.4166946411133 44.2832374572754 44.0682106018066 43.6941299438477 43.3458480834961 43.349609375 43.2856864929199 43.2182884216309 43.0421371459961 42.877025604248 42.519847869873 42.2614898681641 42.800121307373 42.6763229370117 42.4260520935059 42.4312286376953 41.9212646484375 41.6010513305664 42.173038482666 42.3223419189453 41.7720603942871 40.6618232727051 39.6894569396973 40.0625991821289 41.5437240600586
44.7203750610352 44.5716400146484 45.0615119934082 45.1979026794434 45.3589019775391 45.3144798278809 45.213939666748 45.0828094482422 44.9381217956543 44.6795349121094 44.1127510070801 44.4675140380859 43.5427398681641 43.3108558654785 43.9546546936035 43.8138580322266 43.2099990844727 44.1468353271484 44.1238136291504 44.0892105102539 44.2845649719238 44.4079971313477 44.3086128234863 43.9371643066406 43.2082557678223 42.6943283081055 42.350341796875 42.6333885192871 43.093334197998 42.5826568603516 42.3797645568848 41.722728729248 42.3237113952637 43.0260238647461 42.8516273498535 42.6694946289062 42.7051544189453 42.3228416442871 41.9921035766602 42.2196083068848 42.3736305236816 41.4115028381348 40.5479469299316 40.8029861450195 41.0909805297852 41.5834121704102
44.8354225158691 45.1227531433105 45.1742935180664 45.1676597595215 45.2632484436035 45.2894515991211 45.2339057922363 45.1480293273926 45.0041542053223 44.6099624633789 44.2605476379395 43.9333610534668 43.5674934387207 43.2378196716309 43.6752433776855 43.5373306274414 43.5522384643555 43.3881225585938 43.1539726257324 43.1238632202148 44.0887260437012 44.3059234619141 44.2704429626465 44.1649894714355 43.6585006713867 42.666576385498 41.4533195495605 42.1585845947266 42.8341522216797 42.0071487426758 42.316535949707 42.8087844848633 43.0385055541992 43.2476768493652 43.156623840332 42.9730033874512 42.5697326660156 41.8523254394531 42.2224655151367 42.3987579345703 42.6485900878906 42.3503150939941 42.2138557434082 42.1791076660156 42.1221504211426 41.6344108581543
45.0631523132324 45.0452041625977 44.910343170166 44.9787254333496 45.3259620666504 45.2244529724121 45.2310562133789 45.1998558044434 45.107967376709 44.8064727783203 43.8568420410156 43.9301414489746 43.5437927246094 42.5548439025879 43.1817359924316 42.9685707092285 42.8171424865723 42.2116317749023 42.9203643798828 43.2238311767578 44.1216583251953 44.137767791748 44.2305908203125 44.2952919006348 43.5801429748535 42.6656723022461 41.6723861694336 42.3331336975098 42.8368530273438 42.4043502807617 42.8050498962402 43.1706619262695 43.4654808044434 43.4514579772949 43.0741882324219 42.8416519165039 42.5374908447266 42.2972984313965 42.7181587219238 42.7715301513672 42.7867240905762 42.7109222412109 42.5980110168457 42.0466384887695 41.3283805847168 41.2826347351074
45.1918983459473 45.1758918762207 45.1475448608398 45.0164108276367 45.3480911254883 45.3289909362793 45.2765121459961 45.2143287658691 45.1425132751465 45.0450096130371 44.7655563354492 44.1522789001465 43.4269332885742 42.38916015625 42.6541290283203 42.6086730957031 42.2267799377441 42.4678840637207 42.6696815490723 43.5285034179688 44.1546630859375 43.8103103637695 44.3578758239746 44.2170715332031 43.7207832336426 43.5054473876953 42.6075820922852 42.6891098022461 42.9646224975586 42.8034248352051 43.2890129089355 43.2590637207031 43.5975608825684 43.5219764709473 43.3830146789551 43.1665115356445 42.4759483337402 42.5995101928711 42.7972946166992 42.7758369445801 42.7863655090332 42.6629486083984 42.5898132324219 42.1537933349609 42.0765724182129 41.9544677734375
