inst/extdata/Tmax/Tmax82.asc
NCOLS 100 
NROWS 79 
XLLCORNER 148.06 
YLLCORNER -21.49 
CELLSIZE 0.01 
NODATA_value -3.4e+38 
[rows 40 to 59 of 79, columns 46 to 91 of 100]
36.5063781738281 37.2326393127441 37.5258674621582 38.164924621582 39.3226356506348 39.9866828918457 39.5998611450195 38.1742210388184 37.8601531982422 38.327938079834 38.6572418212891 39.859245300293 39.5528526306152 39.6643333435059 39.038387298584 39.6982307434082 39.7878837585449 39.5503578186035 39.5803604125977 39.6101875305176 39.5847549438477 38.8904724121094 39.124382019043 39.3044891357422 39.3258209228516 39.3135108947754 39.2068939208984 38.9090042114258 38.9915618896484 39.0781059265137 39.0101356506348 38.8444519042969 38.5793876647949 37.6729164123535 37.8185920715332 38.228401184082 38.1196556091309 38.0095367431641 38.1258392333984 37.7057456970215 37.1479301452637 37.429859161377 37.5999603271484 37.417049407959 37.5526008605957 37.5428619384766
37.5596466064453 38.4201354980469 38.3198165893555 38.2496109008789 39.369571685791 40.2088317871094 39.3511619567871 39.0253105163574 39.4135780334473 39.4331359863281 39.6383972167969 40.0833969116211 39.9636459350586 39.9343376159668 39.7927284240723 39.9542465209961 39.9409027099609 39.8557472229004 39.7864265441895 39.7608184814453 39.7134170532227 39.3071174621582 38.7864723205566 38.9935989379883 38.8998184204102 39.1834449768066 39.3496398925781 38.987979888916 38.9339294433594 39.1490364074707 39.1277046203613 39.0092926025391 38.8504219055176 38.3947792053223 38.5110359191895 38.479118347168 38.28955078125 38.2385101318359 38.2606430053711 38.2969398498535 37.5914001464844 37.6998062133789 38.0653800964355 37.889476776123 37.9341850280762 37.8542137145996
39.4109764099121 39.5012588500977 39.5923881530762 39.8950538635254 40.0875816345215 40.3864288330078 40.0347671508789 39.6180725097656 39.9401321411133 40.177619934082 40.0668144226074 40.2412338256836 40.2234153747559 40.1287536621094 40.0691719055176 40.074275970459 40.0411567687988 39.9847221374512 39.9228591918945 39.8753128051758 39.780403137207 39.0954933166504 38.9180679321289 39.2184677124023 38.8248634338379 39.0799674987793 39.3324394226074 39.2201957702637 39.1351318359375 39.2556533813477 39.2261810302734 39.1569595336914 39.0823211669922 38.9585952758789 38.8445587158203 38.5658378601074 37.9023132324219 38.2584457397461 38.5666542053223 38.5146369934082 38.3689880371094 38.2828369140625 38.313835144043 38.2934761047363 38.3293342590332 38.2779312133789
40.3150825500488 40.2877159118652 40.337760925293 40.3971939086914 40.5177001953125 40.5338706970215 40.4174308776855 40.2154693603516 40.2922859191895 40.3994102478027 40.3458251953125 40.3380966186523 40.2822418212891 40.2159309387207 40.1879272460938 40.11669921875 40.0320816040039 39.9750518798828 39.9555587768555 39.9342994689941 39.8690185546875 39.6524505615234 39.4415817260742 39.5164070129395 39.3850135803223 39.0306663513184 39.1781692504883 39.3114318847656 39.3654327392578 39.3316497802734 39.2846450805664 39.2138595581055 39.145881652832 39.0697326660156 39.0166091918945 38.8592147827148 38.4926795959473 38.6516380310059 38.7216949462891 38.6625862121582 38.579761505127 38.5305061340332 38.4738655090332 38.4656066894531 38.4667015075684 38.4376411437988
40.2093124389648 40.3583641052246 40.4998588562012 40.4633903503418 40.4599342346191 40.5063972473145 40.4824409484863 40.4876861572266 40.4646835327148 40.384334564209 40.1890754699707 40.2216033935547 40.1282997131348 39.9093627929688 39.9921684265137 40.0296936035156 39.9122581481934 39.9455871582031 39.9666290283203 39.9569053649902 39.9287986755371 39.7831230163574 39.5314674377441 39.3162879943848 39.4233322143555 39.4800224304199 39.4643630981445 39.4446411132812 39.401439666748 39.3743286132812 39.318115234375 39.2454376220703 39.1681289672852 39.0925369262695 39.0618591308594 38.9624519348145 38.8997497558594 38.8476066589355 38.7613716125488 38.7134094238281 38.637336730957 38.5812187194824 38.5363807678223 38.482250213623 38.3851699829102 38.4150047302246
38.9019165039062 39.4515419006348 39.7231941223145 39.839469909668 40.0633277893066 40.2614593505859 40.1640586853027 40.2616729736328 40.2183532714844 40.0638122558594 39.4709167480469 39.4409332275391 39.4557991027832 38.337718963623 38.9943771362305 39.4874496459961 39.8245162963867 40.0079536437988 40.0254211425781 39.9987182617188 39.9647026062012 39.7873916625977 39.451976776123 39.1579093933105 39.2954940795898 39.4148445129395 39.4538993835449 39.3973541259766 39.3922882080078 39.3908958435059 39.3476905822754 39.2795867919922 39.2172470092773 39.1620941162109 39.0912475585938 38.9663276672363 38.9104461669922 38.8567161560059 38.7893371582031 38.7359771728516 38.6566505432129 38.6040115356445 38.550708770752 38.4713554382324 38.4215965270996 38.436164855957
37.0421104431152 38.0171775817871 37.9061889648438 37.8461875915527 38.8287963867188 39.1923713684082 39.2243499755859 39.3770141601562 39.6657943725586 39.1767501831055 38.6303634643555 38.160816192627 38.6164855957031 38.48291015625 38.7697715759277 39.5432510375977 39.973087310791 40.0585289001465 40.0381660461426 39.9811820983887 39.9738349914551 39.9233474731445 39.5973358154297 39.3142509460449 39.1913032531738 39.3181076049805 39.4116897583008 39.439624786377 39.4590950012207 39.4226608276367 39.3902969360352 39.3292617797852 39.2741775512695 39.2047424316406 39.1026000976562 39.0020332336426 38.9500274658203 38.8987998962402 38.8413276672363 38.7839698791504 38.7047233581543 38.655216217041 38.6068916320801 38.5397033691406 38.4898719787598 38.3777198791504
37.1709022521973 37.0822601318359 36.8927726745605 36.92236328125 36.8415336608887 37.4339942932129 38.3571662902832 38.8176689147949 38.9140014648438 38.7806282043457 39.1216773986816 38.9586715698242 38.8011283874512 39.1833839416504 39.3527374267578 39.9102172851562 40.041820526123 40.0176887512207 39.9324073791504 39.9702453613281 40.0111541748047 39.9836311340332 39.8409194946289 39.5865516662598 39.2573738098145 39.3817481994629 39.4648704528809 39.5255699157715 39.5239410400391 39.4996566772461 39.4614372253418 39.3838195800781 39.2919120788574 39.1937828063965 39.1046142578125 39.0274276733398 38.9875869750977 38.9500617980957 38.8963203430176 38.8399658203125 38.7705230712891 38.7258796691895 38.6756896972656 38.616268157959 38.4400367736816 38.2581405639648
36.8646545410156 36.9164276123047 37.0689353942871 36.804744720459 36.6967010498047 36.7529144287109 37.3993148803711 38.6365661621094 39.0005226135254 39.0918464660645 38.918155670166 39.0153312683105 39.187801361084 39.3560829162598 39.3565864562988 39.6782302856445 39.8976821899414 39.8548126220703 39.8068542480469 39.9670257568359 39.9992370605469 39.9473915100098 39.9562683105469 39.8534507751465 39.7290802001953 39.6473579406738 39.6575088500977 39.6538963317871 39.6100463867188 39.5631065368652 39.4999504089355 39.3905830383301 39.2867202758789 39.1522560119629 39.0773773193359 39.0555877685547 39.0148696899414 38.9802742004395 38.9448394775391 38.8891563415527 38.8304634094238 38.784366607666 38.7292633056641 38.6755561828613 38.523998260498 38.3837776184082
36.9440879821777 37.0568351745605 37.0461959838867 36.745002746582 37.1169624328613 37.763069152832 37.7972068786621 38.7257194519043 39.0446395874023 39.1561622619629 38.9655418395996 39.2738494873047 39.4338035583496 39.3958473205566 39.4193420410156 39.2940979003906 39.322265625 39.4447135925293 39.660343170166 39.8588180541992 39.8836288452148 39.8315773010254 39.9462852478027 39.9307861328125 39.8943328857422 39.8201293945312 39.7550277709961 39.5944633483887 39.5879936218262 39.5850028991699 39.5149269104004 39.3749732971191 39.2986373901367 39.1218910217285 39.0311851501465 39.0921783447266 39.0466728210449 38.9895477294922 38.9836273193359 38.9430923461914 38.8730659484863 38.8322677612305 38.7784194946289 38.7060127258301 38.6038589477539 38.5056610107422
36.9912261962891 36.861457824707 37.0119934082031 36.7428092956543 37.2462539672852 38.1000175476074 38.3221549987793 38.7335662841797 39.2240295410156 39.5124588012695 39.4729919433594 39.5197105407715 39.531135559082 39.5119400024414 39.462890625 39.3720893859863 39.378589630127 39.1460647583008 38.8542251586914 39.615161895752 39.495906829834 39.7347831726074 39.9125671386719 39.9062843322754 39.8932418823242 39.8230094909668 39.7272605895996 39.5333404541016 39.5851287841797 39.6061058044434 39.4525451660156 39.2776489257812 39.2413597106934 39.1814155578613 39.156608581543 39.1523704528809 39.111572265625 39.0566024780273 39.0107040405273 38.9891166687012 38.9305953979492 38.869686126709 38.8006629943848 38.7251129150391 38.6441078186035 38.5334739685059
36.6446723937988 36.5919342041016 36.8812675476074 36.3240852355957 36.4199905395508 38.0283203125 38.576904296875 39.021369934082 39.2358856201172 39.404842376709 39.3978881835938 39.3619537353516 39.1778869628906 39.1388702392578 39.2931976318359 39.3353538513184 39.533145904541 39.4398460388184 39.2649154663086 39.2509498596191 39.0984992980957 39.590648651123 39.8236465454102 39.8954696655273 39.8544921875 39.8054351806641 39.5233154296875 39.2266311645508 39.5882720947266 39.6300621032715 39.4010848999023 39.1355934143066 39.2590522766113 39.2459831237793 39.2202949523926 39.1412963867188 39.0942192077637 39.0518531799316 39.0220603942871 38.9686470031738 38.9107704162598 38.8802146911621 38.8186569213867 38.7448768615723 38.6664047241211 38.5688781738281
36.3634452819824 36.2104873657227 36.5766296386719 36.4431838989258 36.486198425293 37.2922706604004 38.0704078674316 38.5496978759766 38.8819580078125 39.1166877746582 39.0269393920898 38.9352836608887 38.9445304870605 39.115421295166 39.6102447509766 39.6321983337402 39.7208976745605 39.6089401245117 39.5072860717773 39.3444023132324 39.131420135498 39.5391235351562 39.8019828796387 39.8872032165527 39.7999610900879 39.803524017334 39.4971008300781 38.8100051879883 39.4537353515625 39.6499137878418 39.4242362976074 39.2020111083984 39.2920341491699 39.206729888916 39.1153297424316 39.0769844055176 39.065845489502 38.9788055419922 38.8747406005859 38.8125114440918 38.8240814208984 38.8327102661133 38.8381233215332 38.7724571228027 38.6960563659668 38.6139030456543
37.3158683776855 36.4144096374512 36.4763107299805 36.7834243774414 37.0686149597168 37.9196395874023 37.9258499145508 38.510856628418 39.0848426818848 39.296028137207 39.5040130615234 39.5413513183594 39.5980339050293 39.7195816040039 39.8130187988281 39.7910575866699 39.7128562927246 39.7216453552246 39.6536903381348 39.4449501037598 39.2617378234863 39.2226676940918 39.549976348877 39.6635932922363 39.5674705505371 39.8000030517578 39.6831855773926 39.198127746582 39.523754119873 39.6585121154785 39.4629745483398 39.277458190918 39.1748390197754 38.9015083312988 38.9869079589844 38.8883056640625 38.845817565918 38.5085868835449 38.5282020568848 37.7713661193848 38.6439170837402 38.7649917602539 38.832447052002 38.784236907959 38.7116432189941 38.630069732666
37.9190979003906 37.0470581054688 36.5685653686523 37.2147979736328 37.7227172851562 38.2873878479004 38.2973022460938 38.6344757080078 39.1800651550293 39.4555892944336 39.4399490356445 39.4130210876465 39.6740074157715 39.7574768066406 39.7956008911133 39.729736328125 39.8333625793457 39.882740020752 39.8175964355469 39.5982971191406 39.4372024536133 39.3214454650879 39.3712272644043 39.3357124328613 39.2734527587891 39.6898574829102 39.7666435241699 39.5214500427246 39.2721481323242 39.593448638916 39.237133026123 38.6175079345703 39.0035362243652 39.0708084106445 39.222785949707 39.1627502441406 39.0838737487793 39.0098190307617 38.8060073852539 38.0734786987305 38.5708847045898 38.7420768737793 38.8061218261719 38.783763885498 38.7256393432617 38.646354675293
37.9735717773438 37.211841583252 36.6997413635254 37.757682800293 38.5230941772461 38.8349990844727 39.3536491394043 39.4918403625488 39.6100769042969 39.6538314819336 39.4635467529297 39.3937034606934 39.7631149291992 39.7881851196289 39.7541084289551 39.7514266967773 39.7899017333984 39.7387847900391 40.063102722168 39.8493003845215 39.6104545593262 39.4464988708496 39.3864555358887 39.2301826477051 39.1943778991699 39.5758323669434 39.7706108093262 39.6611595153809 39.514820098877 39.6812782287598 39.1615982055664 38.333869934082 38.6433143615723 39.0697174072266 39.0440521240234 38.7125663757324 38.7028770446777 39.018856048584 39.047737121582 38.9683113098145 38.926685333252 38.867244720459 38.8224678039551 38.7674522399902 38.7292976379395 38.6650276184082
37.8824691772461 37.0264892578125 36.5907440185547 37.591365814209 38.6111335754395 38.8619079589844 38.353931427002 39.3606109619141 39.2826728820801 38.8231964111328 39.4959182739258 39.613452911377 39.5908546447754 39.5945472717285 39.565860748291 39.6661071777344 39.7175598144531 39.756217956543 40.0577278137207 40.0964622497559 39.9140396118164 39.6370468139648 39.4737892150879 39.3751640319824 39.1631851196289 39.4371337890625 39.7112350463867 39.6758003234863 39.7592658996582 39.7562103271484 39.3539772033691 38.0526351928711 38.4719390869141 38.0729789733887 38.2722244262695 37.7090225219727 38.3321647644043 39.0059432983398 39.0332374572754 39.0230522155762 38.9660873413086 38.8542747497559 38.725902557373 38.7452697753906 38.707820892334 38.6554565429688
37.8914413452148 37.2218551635742 37.2405128479004 37.639347076416 38.366397857666 38.6743316650391 38.9571075439453 39.1013641357422 38.0504264831543 37.9430732727051 39.0942840576172 38.295280456543 38.5425415039062 38.8425941467285 39.3419609069824 39.6295967102051 39.6982574462891 39.8113861083984 40.011604309082 40.0576362609863 40.0517959594727 39.8214073181152 39.5481986999512 39.5529403686523 39.4211921691895 39.528377532959 39.4816551208496 39.3197402954102 39.6539001464844 39.7321701049805 39.5207748413086 38.9600830078125 37.8832397460938 36.3732223510742 36.4653816223145 37.6517486572266 38.627758026123 39.0019187927246 39.0257987976074 38.9328765869141 38.865837097168 38.6548461914062 38.5160179138184 38.7163314819336 38.4838333129883 38.4710960388184
37.880298614502 37.5403060913086 37.3331832885742 37.5594367980957 38.0319137573242 38.6494941711426 38.7254638671875 38.357307434082 37.9413414001465 38.5776977539062 38.9051361083984 38.0929718017578 38.3091316223145 38.6003837585449 39.2779502868652 39.5225067138672 39.6963005065918 39.9663391113281 40.2112426757812 40.0448226928711 39.9086837768555 40.0527420043945 39.8290138244629 39.6539649963379 39.496223449707 39.4359931945801 39.447925567627 39.3313293457031 39.511360168457 39.6932754516602 39.6669960021973 39.2384376525879 38.6831169128418 37.4459991455078 36.9509048461914 37.6989517211914 38.6292877197266 38.9655075073242 38.9537086486816 38.5780601501465 38.6909637451172 38.7601509094238 38.5618629455566 38.5502471923828 38.2709693908691 38.3926277160645
37.6073417663574 37.3924598693848 36.9543571472168 37.2070465087891 37.8159103393555 37.9203720092773 38.2120628356934 38.4376678466797 38.6283340454102 38.6709175109863 38.8863143920898 39.0091438293457 39.4629516601562 39.4863777160645 39.550838470459 39.1598510742188 39.8120803833008 40.0332260131836 40.1349792480469 39.8918037414551 39.9295654296875 40.0037307739258 40.0271797180176 39.9396743774414 39.6930274963379 39.5850143432617 39.2846565246582 39.3487586975098 39.5757369995117 39.5834541320801 39.6345596313477 39.5869102478027 39.1489372253418 38.6274948120117 37.9320373535156 37.6615867614746 38.427806854248 38.9143676757812 38.5186309814453 38.0931167602539 38.6624717712402 38.7813987731934 38.5334777832031 37.9410552978516 38.1305160522461 38.4334945678711
