inst/extdata/Tmax/Tmax34.asc
NCOLS 100 
NROWS 79 
XLLCORNER 148.06 
YLLCORNER -21.49 
CELLSIZE 0.01 
NODATA_value -3.4e+38 
[rows 40 to 59 of 79, columns 46 to 91 of 100]
22.0506248474121 23.539379119873 23.2268295288086 24.1086025238037 26.4404602050781 26.462516784668 26.2620105743408 23.9924545288086 23.6845283508301 24.3150024414062 25.916467666626 28.0173454284668 28.4897575378418 27.9929637908936 27.1762466430664 28.9906444549561 29.92214012146 29.3671264648438 30.4194736480713 30.3867130279541 29.7332515716553 30.3238620758057 28.178638458252 27.0154762268066 28.4559192657471 29.3818778991699 29.908670425415 29.0814971923828 28.8897037506104 29.0413475036621 28.651741027832 29.7406940460205 28.479642868042 25.5186405181885 27.1611881256104 31.5511665344238 29.8828220367432 28.3048763275146 26.1369857788086 25.4368381500244 24.8781986236572 27.7150592803955 28.0941581726074 27.4588394165039 28.7988891601562 26.0191211700439
23.4407787322998 23.6457138061523 25.0418243408203 26.392276763916 27.1451530456543 26.7243194580078 26.0375556945801 25.8043823242188 27.2150611877441 27.4821090698242 30.1785945892334 29.0273952484131 28.8016834259033 28.4929046630859 27.9080677032471 29.8890781402588 30.0106658935547 29.8224411010742 30.8692169189453 31.1443328857422 29.0382537841797 29.3846206665039 25.5832653045654 31.3939628601074 32.5643081665039 28.1515655517578 30.1118144989014 29.0934200286865 29.2800445556641 28.4503364562988 29.0368671417236 29.5696125030518 29.3962230682373 28.4368991851807 28.8571643829346 30.8610763549805 29.1087207794189 28.5279350280762 28.2363662719727 27.9218482971191 27.4320869445801 26.9578437805176 28.3500328063965 27.9820156097412 27.9525775909424 27.4009609222412
25.0172920227051 26.0448036193848 25.9741897583008 27.9868049621582 33.0809783935547 30.5860080718994 28.0822792053223 27.3169574737549 28.4737243652344 30.1648349761963 30.2898845672607 29.8817615509033 30.1672840118408 29.716833114624 31.450834274292 29.9963836669922 29.8447952270508 29.5017051696777 29.920654296875 30.6384124755859 29.6931209564209 29.1290836334229 28.792781829834 32.9092750549316 26.2466945648193 32.9611701965332 32.2164611816406 28.0403804779053 27.3804607391357 29.9662094116211 29.6427745819092 29.9553127288818 29.2176532745361 28.5555686950684 28.9241981506348 27.7021408081055 27.7985668182373 27.2565765380859 27.3113212585449 27.7476177215576 28.8910942077637 28.9748916625977 29.3198680877686 27.9839534759521 29.9895687103271 29.9199466705322
28.6079692840576 29.3769989013672 29.5359001159668 29.6837997436523 30.428129196167 29.9317817687988 29.5828247070312 29.1726875305176 29.5102634429932 29.9015731811523 30.58180809021 30.5990467071533 30.7951068878174 30.693244934082 30.1739273071289 29.722864151001 29.3713893890381 29.5686492919922 30.2777690887451 27.8741760253906 30.1209583282471 30.1291427612305 29.9142284393311 29.2599620819092 28.6874198913574 30.4154071807861 29.6468086242676 29.1630554199219 29.7825984954834 31.4910144805908 30.8509082794189 31.283296585083 29.0603790283203 28.442741394043 28.2685279846191 30.7772083282471 30.2054576873779 28.2659530639648 29.2091827392578 30.2619247436523 30.8563632965088 29.9943599700928 28.4169254302979 32.6429328918457 30.1881637573242 28.1570072174072
28.4356632232666 28.6461944580078 28.6532764434814 29.0111598968506 30.5829467773438 31.2464294433594 30.6429843902588 29.816967010498 30.1921405792236 29.8608703613281 29.5527057647705 29.527250289917 29.1132221221924 28.9579429626465 28.8019943237305 29.3902454376221 27.7543697357178 28.6088809967041 29.6445064544678 30.0050849914551 30.9542121887207 31.5735244750977 31.2872886657715 30.3176784515381 28.1861934661865 28.6387310028076 29.0297870635986 29.5050754547119 31.7148990631104 32.0399284362793 30.6704273223877 29.4043502807617 28.3234806060791 29.0048599243164 28.6479930877686 30.6618347167969 29.3387680053711 28.1578178405762 29.4055042266846 27.8878517150879 28.5027236938477 30.057165145874 30.4641819000244 30.4099025726318 33.2772750854492 30.1591739654541
24.3355293273926 25.9265213012695 27.5453491210938 25.896915435791 27.6119213104248 28.3275737762451 28.1546535491943 28.474178314209 28.7731838226318 28.873067855835 25.7712993621826 25.9540348052979 26.1365203857422 24.141227722168 25.2423610687256 26.3266334533691 28.7200469970703 28.9351768493652 28.8763694763184 28.9893341064453 30.7697277069092 30.5455951690674 29.8614635467529 29.8003368377686 29.9046421051025 30.3894844055176 30.363166809082 30.3160076141357 29.9342784881592 30.1172065734863 29.7527446746826 30.8845653533936 31.7273616790771 32.1846122741699 30.1456279754639 29.8644638061523 29.3386001586914 29.1630764007568 29.1185302734375 28.8209362030029 28.6489124298096 29.7004528045654 29.8553504943848 28.5339775085449 30.8320655822754 33.1725616455078
22.2684364318848 23.8168048858643 23.4071197509766 23.1763668060303 24.4223976135254 24.8980522155762 25.0774536132812 25.697359085083 26.318187713623 25.4788627624512 25.0260524749756 24.3203105926514 24.7407531738281 24.594705581665 24.9762687683105 26.3611793518066 29.1071281433105 28.8801231384277 28.2237453460693 30.1109485626221 30.5570583343506 30.9616851806641 30.0138149261475 29.283224105835 31.8951053619385 32.0692558288574 31.1116733551025 30.3767528533936 29.4317722320557 29.3283081054688 30.5204448699951 30.326587677002 29.7502117156982 30.0554008483887 30.3159618377686 32.9135475158691 29.6966705322266 29.8659534454346 28.7628364562988 28.6138782501221 28.5742778778076 31.2017936706543 29.2114124298096 32.061954498291 30.6559352874756 30.0922794342041
22.6455001831055 22.5743312835693 22.445198059082 22.5496692657471 22.411060333252 22.8799743652344 24.0682220458984 25.1767921447754 25.4715347290039 25.2531414031982 25.9324398040771 25.3014297485352 25.3077716827393 26.8472080230713 27.6259841918945 29.18821144104 29.8432788848877 29.7500782012939 29.8701648712158 31.2475986480713 33.9533538818359 31.6623592376709 29.5590324401855 30.56467628479 31.7591114044189 31.3649559020996 30.7044906616211 33.6158561706543 30.7477016448975 30.9877910614014 30.9966430664062 28.4295425415039 28.2660293579102 28.5790348052979 28.3399791717529 28.3245391845703 29.7181415557861 28.7083110809326 27.7919635772705 31.5304260253906 31.2642841339111 33.213249206543 29.7758979797363 31.8710289001465 31.5881500244141 31.4998836517334
22.3978576660156 24.4014854431152 22.7555198669434 22.3633232116699 22.2651214599609 22.2357482910156 22.4735698699951 24.7586345672607 25.5635719299316 25.7396373748779 25.6215057373047 25.703088760376 31.0348072052002 32.1664390563965 32.6606674194336 29.0428581237793 30.9268112182617 27.2711811065674 32.8960189819336 32.8001937866211 32.4958190917969 32.7446250915527 32.113208770752 31.6570434570312 31.3341121673584 29.4108695983887 30.5875091552734 31.7155437469482 33.8463592529297 33.1032638549805 32.8254852294922 33.5560188293457 32.6324806213379 28.6434173583984 29.5919151306152 33.975212097168 33.1299285888672 30.1022109985352 29.8976707458496 29.6964054107666 27.7618293762207 28.2778167724609 28.8877773284912 29.7840309143066 28.8980274200439 29.5020942687988
24.3072681427002 25.0002117156982 26.1944465637207 23.2362327575684 22.7886180877686 23.6924095153809 23.5178813934326 24.6944980621338 25.0932426452637 25.6994323730469 29.9898166656494 31.6211471557617 32.8237609863281 32.8547668457031 33.3400726318359 26.4729690551758 29.6491794586182 26.7353973388672 27.0454044342041 29.5790767669678 29.5611724853516 33.7746658325195 30.1928901672363 31.0553874969482 30.7675762176514 29.8711280822754 31.8088836669922 31.8701190948486 32.3433113098145 32.3887786865234 32.1398429870605 30.4877777099609 28.8073596954346 29.2917098999023 29.9319324493408 34.1444931030273 34.0944023132324 30.8965511322021 29.7392501831055 29.5720176696777 29.5395259857178 28.5061511993408 29.6768169403076 28.2535018920898 29.2176761627197 29.8422451019287
27.7017784118652 24.4740810394287 27.4687919616699 22.3961868286133 22.5530071258545 23.950325012207 24.2097263336182 25.0249309539795 25.7954368591309 26.3499145507812 26.3552341461182 26.5790042877197 31.2257099151611 31.9036865234375 32.5136985778809 26.426513671875 28.893970489502 28.7665977478027 25.5724658966064 29.3945236206055 26.9183292388916 32.6627311706543 30.2834491729736 31.8046360015869 30.207633972168 31.1832981109619 30.1655292510986 29.753532409668 32.7707939147949 32.4556465148926 31.822395324707 31.2776165008545 30.9410152435303 29.1454448699951 29.9740772247314 32.3955307006836 33.7327537536621 31.8427200317383 30.7257747650146 31.2314224243164 29.7801666259766 28.6474113464355 28.7028198242188 27.8118515014648 29.2518482208252 30.0295524597168
23.1317615509033 21.7345008850098 22.2686023712158 21.3260898590088 21.3221855163574 23.1066379547119 24.0805740356445 25.3120765686035 25.7276611328125 26.0253047943115 26.2410697937012 25.8920593261719 25.7909774780273 25.348949432373 25.8584232330322 29.0241870880127 26.7961444854736 29.5708827972412 26.4032592773438 28.7861499786377 28.5832595825195 29.5024585723877 32.594310760498 33.3389511108398 30.5055618286133 30.6696643829346 31.3327560424805 29.4805965423584 29.8871784210205 33.310489654541 31.7234592437744 31.0093669891357 30.4228343963623 28.7656269073486 28.645414352417 30.2913513183594 30.6641044616699 30.4951095581055 29.9016494750977 28.2118301391602 31.8250007629395 28.1249485015869 27.8318023681641 27.4800224304199 27.4859752655029 28.761323928833
21.4757213592529 27.1690673828125 27.9412937164307 21.5468463897705 21.5057888031006 22.4530620574951 23.3266010284424 24.2952899932861 24.8717784881592 25.2490272521973 25.5930347442627 25.4025993347168 25.4352550506592 25.8992691040039 26.3382396697998 26.7423248291016 29.4250583648682 29.8196086883545 29.6985054016113 30.1605892181396 28.6144924163818 29.7912368774414 31.3666725158691 33.4487380981445 31.2726459503174 32.0623970031738 31.989164352417 31.8365917205811 31.6951370239258 33.7166938781738 32.5878601074219 31.9993381500244 32.0812606811523 32.3771476745605 29.4575786590576 28.5169353485107 29.6991672515869 27.1342086791992 28.6379699707031 28.9277763366699 29.0136795043945 27.9878330230713 32.4659690856934 28.9304847717285 27.5050563812256 27.2594146728516
22.3501358032227 21.4869861602783 27.3566455841064 22.172306060791 22.3275852203369 23.35325050354 23.2473449707031 24.1096611022949 25.3150806427002 25.8645114898682 26.2114295959473 26.3305683135986 26.3859214782715 30.0935440063477 30.1259708404541 27.1025505065918 26.8592891693115 26.9990673065186 27.0108795166016 29.785774230957 29.2752475738525 29.4634799957275 26.9939422607422 28.1658897399902 28.9856910705566 30.7914810180664 30.1428890228271 31.1776657104492 33.2288856506348 30.7688941955566 30.6256732940674 29.67600440979 30.0199642181396 30.8530960083008 29.2500743865967 28.8526782989502 26.8329544067383 26.0148334503174 26.2223567962646 25.0261287689209 30.9192543029785 29.4822120666504 30.6449813842773 30.2501010894775 32.2171249389648 27.9644222259521
23.4579639434814 22.3875980377197 21.8952007293701 22.4711971282959 23.0781269073486 24.0850200653076 24.1522369384766 24.5244922637939 24.8655967712402 25.556770324707 25.6055908203125 28.3491802215576 29.3355503082275 26.5364284515381 30.8603286743164 30.2337551116943 30.71799659729 27.3247375488281 30.1005477905273 29.8656215667725 29.8767280578613 28.9185543060303 27.8647079467773 29.8923988342285 31.7172431945801 31.9652156829834 30.0641479492188 30.5414886474609 29.6694221496582 31.5862598419189 31.7862071990967 30.3243083953857 31.6626281738281 29.5266895294189 32.0591011047363 29.066291809082 32.6613121032715 28.9657039642334 29.2805461883545 27.6338710784912 28.8421497344971 29.3761425018311 28.6763343811035 28.9515686035156 29.7940464019775 30.7685775756836
23.0550575256348 22.4565143585205 22.0576591491699 23.4183502197266 24.1652431488037 24.758337020874 25.5100269317627 25.8761196136475 25.8668613433838 26.2249870300293 26.0867824554443 28.2465152740479 28.9969043731689 30.5500679016113 30.7314796447754 30.2301425933838 30.6318912506104 31.0182399749756 30.4909057617188 27.3155078887939 29.842924118042 28.9437255859375 29.6957836151123 29.7235412597656 30.9807300567627 31.7822952270508 32.0641021728516 32.6119613647461 29.9103317260742 30.4167137145996 27.577844619751 29.781270980835 31.1715984344482 33.0750770568848 32.0542030334473 26.1122665405273 28.6837005615234 29.5744342803955 28.0622482299805 29.0320453643799 30.9737396240234 30.1619529724121 29.5129623413086 29.8892059326172 29.4261112213135 29.2587375640869
23.0369987487793 22.176139831543 21.4941329956055 22.9541816711426 24.3690929412842 24.8834266662598 24.1651020050049 25.6760635375977 25.31374168396 24.6246242523193 25.9732990264893 25.6695079803467 26.0017395019531 28.8700790405273 26.5226993560791 29.880298614502 30.0124053955078 30.0154838562012 30.6218414306641 28.6446990966797 29.5034408569336 29.9422435760498 29.4803123474121 27.1327533721924 29.5962066650391 31.7900485992432 30.8458042144775 30.0218677520752 30.2427139282227 30.4126758575439 27.4594058990479 25.3526573181152 26.307014465332 29.2804584503174 25.4274368286133 25.1255722045898 29.5499973297119 29.0004501342773 29.7991676330566 28.5240802764893 30.7608509063721 31.9499568939209 28.2920970916748 28.5682010650635 29.4587345123291 30.0552215576172
23.4493198394775 22.3159847259521 22.4024028778076 23.016773223877 23.9980411529541 24.4982566833496 25.0486431121826 25.1119194030762 23.716402053833 23.2669467926025 25.3037071228027 23.8284034729004 24.3684501647949 24.6957015991211 28.4976902008057 29.407133102417 26.7572765350342 30.031530380249 27.4387760162354 30.9035835266113 30.4796047210693 30.7518272399902 30.1953868865967 29.8667640686035 29.0203552246094 30.2434349060059 31.0638999938965 30.0311012268066 29.4394016265869 31.07297706604 29.2109603881836 26.6315174102783 29.6315383911133 28.5065612792969 22.9342384338379 27.6130104064941 28.830545425415 29.3316287994385 29.6612930297852 31.3381938934326 29.2439250946045 31.5950317382812 29.3022212982178 29.5263900756836 28.9689350128174 28.8253631591797
23.4571285247803 23.0884056091309 22.7751159667969 22.9614677429199 23.7175312042236 24.5098361968994 24.4712028503418 24.1995029449463 23.4955005645752 24.6050262451172 24.8547210693359 23.5144577026367 23.8494415283203 24.0966777801514 25.5094509124756 25.9224262237549 29.6882629394531 26.8877964019775 30.2431678771973 30.4936370849609 30.2807655334473 30.6336002349854 28.8294067382812 30.3040428161621 29.5379886627197 29.6065464019775 29.3448925018311 30.45871925354 28.7160606384277 28.6683349609375 30.35231590271 30.0189533233643 26.4735794067383 28.2429962158203 28.8744201660156 29.8210029602051 26.8677577972412 29.3767795562744 31.7400245666504 29.0343379974365 30.0337600708008 29.1450328826904 29.5715236663818 31.384822845459 30.8324222564697 28.5190525054932
22.8143711090088 22.7026081085205 22.2041110992432 22.6346282958984 23.2722358703613 23.1393489837646 23.877420425415 24.3487281799316 24.7656631469727 24.8258285522461 24.8540916442871 25.1210803985596 28.464225769043 29.2125492095947 29.077507019043 25.7765560150146 26.5836296081543 30.4190196990967 27.783878326416 29.8943538665771 30.2219924926758 30.8201999664307 30.9053497314453 30.198221206665 30.3581581115723 29.2716064453125 29.6639614105225 29.5524063110352 28.7448253631592 30.6766586303711 31.0264530181885 31.8474159240723 28.1848163604736 29.0102596282959 28.8231010437012 24.5938377380371 27.6375865936279 30.4375190734863 32.305061340332 26.9671592712402 29.4337615966797 29.6310405731201 28.9110507965088 27.6215190887451 29.1529293060303 29.9058589935303
