inst/extdata/Tmax/Tmax113.asc
NCOLS 100 
NROWS 79 
XLLCORNER 148.06 
YLLCORNER -21.49 
CELLSIZE 0.01 
NODATA_value -3.4e+38 
[rows 0 to 19 of 79, columns 0 to 45 of 100]
36.890998840332003 36.5008430480957 35.4204254150391 35.8439712524414 36.0174446105957 36.5175132751465 36.7553062438965 36.9625473022461 36.9234466552734 36.729190826416 36.1922454833984 35.9653472900391 35.8829727172852 34.4866561889648 35.0523338317871 35.5432472229004 35.9937858581543 35.9716453552246 35.0534439086914 34.3065643310547 34.1533470153809 33.0989265441895 33.601676940918 35.0753898620605 35.669792175293 35.968147277832 35.832763671875 35.904426574707 35.5578956604004 35.1471481323242 34.1600379943848 32.0271644592285 33.5084342956543 33.4258117675781 32.0610008239746 30.9812889099121 30.8764934539795 30.5215282440186 31.2438411712646 33.3494873046875 35.1237144470215 35.4391326904297 36.3050231933594 36.7090492248535 36.9245719909668 37.091926574707
36.6892204284668 36.0913391113281 35.2336578369141 35.3499412536621 34.7110443115234 35.7672348022461 36.4361114501953 36.8256340026855 36.9878921508789 36.8581199645996 36.4698257446289 36.1173095703125 36.260082244873 35.7854957580566 35.6064949035645 35.4861907958984 35.9674758911133 36.0171890258789 34.8838577270508 34.2131195068359 34.8285484313965 34.5510711669922 34.4360427856445 34.9553375244141 35.5051040649414 35.7275619506836 36.0602111816406 36.0157699584961 35.7814407348633 35.5475234985352 34.5909652709961 32.9922256469727 34.3602294921875 33.8966331481934 33.1347808837891 32.0294075012207 31.5554504394531 31.9837493896484 33.2571716308594 34.5750312805176 36.313419342041 36.8057098388672 36.9748878479004 36.9881248474121 37.0668678283691 37.1312217712402
36.6656761169434 35.7313194274902 35.8803100585938 36.0399932861328 35.5232734680176 35.6699180603027 36.1521072387695 36.8316459655762 37.0558166503906 36.9043807983398 36.5747718811035 36.4334526062012 36.3383674621582 36.2859802246094 35.9448776245117 35.7831153869629 36.0348091125488 36.2273025512695 35.5705718994141 35.3619575500488 35.2039070129395 34.8392143249512 34.58544921875 34.7399368286133 35.734691619873 36.0595474243164 35.8758850097656 35.8681373596191 35.8786697387695 35.5298614501953 35.6080207824707 34.4784812927246 34.7756996154785 33.3548202514648 33.0164756774902 32.2876396179199 31.698844909668 31.233585357666 32.383544921875 33.8101921081543 35.4388046264648 36.6297760009766 37.0324935913086 37.1272659301758 37.1193161010742 37.0798873901367
36.9298858642578 36.5219955444336 36.1431732177734 36.8865242004395 36.2892417907715 35.8020324707031 36.2588920593262 36.9440498352051 37.1568908691406 37.0041809082031 36.841121673584 36.8060913085938 36.6914253234863 36.5070304870605 36.0069351196289 35.8177909851074 36.246509552002 36.3179702758789 36.068733215332 35.5324821472168 35.1684188842773 34.7413787841797 34.8464813232422 34.8172912597656 35.519401550293 36.0441017150879 35.6224594116211 35.9548568725586 35.7510681152344 34.7942657470703 35.4634590148926 35.5650329589844 34.7031059265137 33.2524452209473 32.5984649658203 31.6038284301758 31.9282417297363 31.3951396942139 31.2872447967529 30.8251438140869 32.540283203125 35.7163200378418 36.8290481567383 37.108283996582 36.8231658935547 36.7187042236328
37.605052947998 36.9448471069336 36.6715393066406 37.1738624572754 36.9030570983887 36.1449165344238 36.199089050293 36.9862442016602 37.1761817932129 36.7353057861328 36.7508392333984 37.0077590942383 36.8674087524414 36.5430297851562 36.1204376220703 36.3156890869141 36.4183540344238 36.1245803833008 35.5912208557129 34.7391090393066 34.968807220459 35.1820602416992 35.3478469848633 35.5921897888184 35.6132392883301 35.2346878051758 36.1175498962402 35.6760101318359 35.5344047546387 34.9692001342773 35.4079742431641 35.2112121582031 34.8615684509277 33.7149772644043 33.1232643127441 33.5088081359863 33.1614151000977 32.5310935974121 31.9076766967773 31.1225204467773 30.7910308837891 34.7116088867188 36.4945068359375 37.0089645385742 36.2132263183594 35.3901596069336
37.7950439453125 37.4973564147949 36.6668739318848 37.2015800476074 37.2992172241211 36.8036041259766 36.4745101928711 37.0370674133301 37.243465423584 36.9033241271973 36.779598236084 37.1157646179199 36.9359588623047 36.6131439208984 35.8360137939453 36.4585647583008 36.3653373718262 35.8442764282227 35.2073211669922 34.7262573242188 34.8582077026367 35.1774101257324 35.5639839172363 35.5763473510742 35.9424514770508 35.8269920349121 35.9309921264648 35.0436363220215 35.0538711547852 33.7873611450195 34.6740493774414 35.2612342834473 35.3901977539062 35.0134696960449 34.6114196777344 34.5523910522461 33.5770263671875 33.0143241882324 32.6436729431152 31.6867961883545 31.1537704467773 34.2173767089844 36.3717269897461 36.9709777832031 36.4071197509766 33.9925765991211
38.0342903137207 37.7192497253418 37.2757263183594 37.4943656921387 37.4441375732422 36.9959602355957 36.217945098877 36.912841796875 37.1538429260254 37.3349685668945 37.2735328674316 37.0943069458008 36.5850448608398 36.7337379455566 36.7088317871094 36.5469169616699 36.3187141418457 35.662670135498 35.4214019775391 35.0739707946777 34.3953628540039 34.6562919616699 35.2347679138184 35.7148017883301 36.1533699035645 36.0775489807129 36.1086540222168 35.4775886535645 35.0602149963379 33.6430778503418 33.6674957275391 33.8261451721191 34.9892311096191 35.2080154418945 34.6763496398926 34.5623397827148 33.8998107910156 32.2577667236328 32.565803527832 32.0552825927734 31.8812465667725 34.0084686279297 36.1357650756836 36.7099533081055 36.4687805175781 34.5236511230469
38.0232734680176 37.9048538208008 37.5741157531738 37.6213302612305 37.5826072692871 37.267276763916 36.5601387023926 36.4181518554688 36.8135299682617 37.2480010986328 37.394344329834 37.0454177856445 36.2311058044434 36.5167236328125 36.8115730285645 35.9829139709473 35.929271697998 35.0250015258789 34.9499092102051 34.682315826416 33.8902969360352 34.4762229919434 35.0172462463379 35.7066307067871 36.2958908081055 36.3260383605957 35.8318977355957 35.3119812011719 35.1108207702637 34.2061920166016 32.6374320983887 33.0064582824707 33.4331703186035 34.1690216064453 34.6530647277832 33.9451217651367 34.0525245666504 33.0102348327637 31.8219604492188 32.1884078979492 32.4654960632324 33.8312149047852 35.0823593139648 36.3087615966797 36.2698211669922 34.1292953491211
37.7399749755859 38.0210037231445 37.8402938842773 37.791431427002 37.6394500732422 37.3456726074219 36.9094429016113 36.3468246459961 36.5753555297852 37.2270545959473 37.4349021911621 37.3799324035645 37.1335563659668 36.9598045349121 36.5252532958984 35.6055297851562 35.8489685058594 35.5652885437012 35.7466697692871 34.640552520752 34.6576118469238 34.4903945922852 34.6296577453613 35.4695472717285 36.202449798584 36.4409675598145 35.3252029418945 34.2841148376465 34.407470703125 34.3133010864258 33.6168441772461 32.9640998840332 32.461498260498 33.041374206543 34.1613388061523 33.4421424865723 33.1773834228516 33.1371231079102 32.0127639770508 31.6425018310547 31.9306411743164 32.0709342956543 33.1964073181152 35.1420364379883 35.7230682373047 34.2466049194336
37.3845558166504 37.9061431884766 38.012077331543 37.8472557067871 37.6022796630859 37.4642372131348 37.2274055480957 36.6675415039062 36.2729415893555 37.129768371582 37.4370536804199 36.9505348205566 36.0769729614258 36.1733741760254 36.3159561157227 36.2994842529297 36.3489990234375 36.1861724853516 35.9442291259766 35.5767478942871 35.193244934082 34.434211730957 34.8573722839355 35.8943367004395 36.462833404541 36.3519630432129 35.4971389770508 35.3253936767578 34.7229499816895 34.1161575317383 32.6215400695801 32.1742935180664 33.4944152832031 33.3423614501953 33.1093826293945 32.8435821533203 32.5982093811035 32.9733505249023 32.3323783874512 31.4467372894287 31.5069122314453 30.9270553588867 31.9086647033691 33.3467140197754 33.7538833618164 33.0097999572754
36.9830207824707 37.3824691772461 38.0342102050781 37.9256896972656 37.7714309692383 37.6791687011719 37.4526290893555 37.0019302368164 36.9947052001953 37.2986106872559 37.4902191162109 37.0310478210449 36.6296691894531 35.7188529968262 35.9468078613281 36.3187675476074 36.4838104248047 36.7481384277344 36.2043571472168 35.9737434387207 35.4941825866699 35.0573806762695 35.1643905639648 35.8781814575195 36.4315414428711 36.3308181762695 35.4848289489746 34.5904273986816 33.3878784179688 33.4031181335449 32.9819183349609 32.932933807373 33.9946136474609 33.7012748718262 32.6274681091309 32.3361396789551 32.9317665100098 32.601676940918 32.157096862793 31.507043838501 31.5949592590332 31.2959747314453 30.9584541320801 31.8113079071045 32.3631858825684 32.7678680419922
36.7794609069824 36.871639251709 37.9926719665527 38.0051460266113 37.9109725952148 37.767749786377 37.5668525695801 37.1617050170898 37.2232093811035 37.6013069152832 37.5478363037109 37.3176116943359 36.8733558654785 36.2734832763672 36.1608963012695 36.5553359985352 36.9527359008789 36.9602699279785 36.6501235961914 36.0906791687012 35.477855682373 35.0837478637695 35.3009605407715 35.5048637390137 35.7917709350586 36.2272529602051 35.0293731689453 34.0795478820801 33.3555679321289 33.6645889282227 33.7645072937012 33.6812477111816 34.2105560302734 33.5790481567383 33.2911987304688 33.2012481689453 32.6982574462891 32.0014228820801 32.6610717773438 32.9625091552734 32.450984954834 31.9179306030273 31.3080577850342 31.8742847442627 32.5427780151367 33.0539970397949
36.9695777893066 37.6061782836914 37.96875 37.9323196411133 37.9597091674805 37.8527793884277 37.6915130615234 37.2348937988281 37.3569145202637 37.7585067749023 37.5241928100586 37.4511604309082 37.1961364746094 37.3008842468262 37.1928901672363 37.1834335327148 37.2065925598145 37.1264801025391 36.8610992431641 36.2236633300781 35.900463104248 36.1187896728516 36.4622840881348 36.7695846557617 36.6027793884277 36.0930023193359 35.8514251708984 35.2750129699707 34.8414649963379 34.6323661804199 34.7291831970215 34.4935684204102 34.3932876586914 33.7052040100098 33.0350875854492 32.5030364990234 31.8667793273926 33.2375755310059 33.609935760498 33.5635604858398 31.9416751861572 31.8685340881348 31.3043422698975 31.0135555267334 32.6125564575195 33.3252754211426
37.534782409668 37.8099937438965 37.9092674255371 37.8211326599121 37.8532295227051 37.9274597167969 37.8690223693848 37.731803894043 37.4859809875488 37.6721420288086 37.6482620239258 37.5735473632812 37.4272232055664 37.3138618469238 37.1945457458496 37.1122627258301 37.3019561767578 37.2126655578613 37.0495567321777 36.924072265625 36.8118896484375 36.7806205749512 36.5423736572266 36.7053527832031 36.171501159668 34.9319725036621 34.8755569458008 34.3929977416992 33.7307434082031 34.6994247436523 35.0595207214355 35.0298156738281 34.1273727416992 33.7727394104004 33.6444702148438 33.5935096740723 33.5875129699707 33.2253341674805 34.0088386535645 34.4501609802246 33.8332862854004 33.2925033569336 32.5365295410156 31.8915538787842 33.2100219726562 33.845329284668
36.5786514282227 37.3058395385742 37.8656883239746 37.7929840087891 37.6521034240723 37.7895317077637 37.7509689331055 37.5549621582031 37.0456047058105 37.1190948486328 37.5494956970215 37.3235893249512 36.6827278137207 36.907585144043 37.1525993347168 36.4808235168457 37.0319671630859 37.2832832336426 37.2347106933594 37.1870384216309 37.132007598877 36.6422576904297 35.8649749755859 36.3681106567383 36.1730804443359 35.8541831970215 35.7697257995605 35.378662109375 34.9481353759766 35.2876510620117 35.2506713867188 34.9475212097168 34.4192733764648 34.7352409362793 34.7074089050293 33.5802803039551 34.2810096740723 33.2693786621094 33.68212890625 34.6348533630371 34.6300888061523 34.3302955627441 33.4349174499512 32.4467239379883 33.2378158569336 34.195426940918
35.507007598877 36.7618598937988 37.7133598327637 37.8884658813477 37.8186721801758 37.8010101318359 37.6875991821289 37.5633735656738 37.3078880310059 36.685417175293 36.207347869873 37.1376571655273 36.1203804016113 35.7561874389648 36.8512992858887 36.4238815307617 36.4089088439941 37.0117721557617 37.0627059936523 37.0794830322266 37.1071128845215 37.0910949707031 36.9350700378418 36.6586036682129 36.1542472839355 35.6975212097168 35.7255058288574 35.6768951416016 35.6235160827637 35.4156150817871 35.2246971130371 34.7467727661133 34.4290466308594 35.2272872924805 35.0960693359375 34.7867813110352 34.8184280395508 34.1467819213867 33.7434768676758 34.5874633789062 34.8442993164062 34.0923500061035 32.5872039794922 31.2789459228516 31.8364219665527 33.9498100280762
36.7268981933594 36.5345458984375 37.2780342102051 37.5250778198242 37.8181571960449 37.7939109802246 37.662036895752 37.5045890808105 37.3283958435059 36.9851150512695 36.209716796875 36.7385482788086 35.4750289916992 35.1950531005859 36.1251068115234 35.9662170410156 35.1479530334473 36.5058403015137 36.5152816772461 36.5079727172852 36.8411178588867 37.0528602600098 36.948486328125 36.4405746459961 35.4379081726074 34.7626457214355 34.3089866638184 34.7373542785645 35.421516418457 34.7475814819336 34.5070190429688 33.6232070922852 34.4920310974121 35.5255966186523 35.3211479187012 35.1065788269043 35.1824226379395 34.6850929260254 34.2639694213867 34.6278991699219 34.8915138244629 33.5617179870605 32.4029312133789 32.7980461120605 33.2419204711914 33.977970123291
36.8731079101562 37.3101463317871 37.4281196594238 37.4599761962891 37.6489791870117 37.7338676452637 37.6719779968262 37.5838470458984 37.4077224731445 36.8624649047852 36.3989791870117 35.957218170166 35.4886589050293 35.0752792358398 35.7123260498047 35.5591011047363 35.5986328125 35.4093551635742 35.1244697570801 35.1208724975586 36.5277328491211 36.8744697570801 36.866527557373 36.7538795471191 36.0550193786621 34.7011795043945 33.0678329467773 34.0615386962891 35.0345344543457 33.9316024780273 34.3967590332031 35.1058082580566 35.4753532409668 35.821590423584 35.7355613708496 35.516300201416 34.9657096862793 34.0015754699707 34.5628623962402 34.8567276000977 35.2596206665039 34.8585777282715 34.7095642089844 34.705696105957 34.6703453063965 34.0224876403809
37.1696090698242 37.1619491577148 37.0041770935059 37.1433944702148 37.708553314209 37.595760345459 37.6292266845703 37.6253623962402 37.5282363891602 37.1159477233887 35.7986450195312 35.917781829834 35.421459197998 34.1242179870605 34.9998779296875 34.7465934753418 34.5576477050781 33.779655456543 34.768871307373 35.2220039367676 36.5365715026855 36.5836143493652 36.7655715942383 36.9077911376953 35.9029312133789 34.6621742248535 33.3265953063965 34.2633094787598 35.0003929138184 34.4400520324707 35.0390586853027 35.5805358886719 36.0520896911621 36.077823638916 35.5759468078613 35.2874717712402 34.8794136047363 34.5838851928711 35.2256813049316 35.348072052002 35.416332244873 35.3333282470703 35.2169303894043 34.4735870361328 33.5040664672852 33.4825019836426
37.342155456543 37.3375511169434 37.3353118896484 37.1809959411621 37.7233810424805 37.7374076843262 37.6794090270996 37.627384185791 37.5608329772949 37.4554328918457 37.0774383544922 36.2100524902344 35.2422637939453 33.8835639953613 34.2692909240723 34.2420120239258 33.7455749511719 34.1015129089355 34.4078598022461 35.6245765686035 36.5626602172852 36.0851707458496 36.9330139160156 36.7670097351074 36.083438873291 35.8171615600586 34.5802955627441 34.7325096130371 35.1576538085938 34.9730834960938 35.7038421630859 35.6849136352539 36.2228660583496 36.1581115722656 36.0006294250488 35.7312240600586 34.7687377929688 34.9874267578125 35.3148193359375 35.329517364502 35.3905982971191 35.2385673522949 35.1791915893555 34.5998153686523 34.5345573425293 34.4054183959961
