inst/extdata/Tmax/Tmax15.asc
NCOLS 100 
NROWS 79 
XLLCORNER 148.06 
YLLCORNER -21.49 
CELLSIZE 0.01 
NODATA_value -3.4e+38 
[rows 0 to 19 of 79, columns 46 to 91 of 100]
25.677396774292 24.3443565368652 24.5119209289551 24.749137878418 25.3062152862549 25.2324676513672 25.4864501953125 25.4830379486084 24.4537620544434 22.4370231628418 24.1303195953369 23.4659938812256 24.2249298095703 24.9133224487305 25.0763664245605 25.2488250732422 25.4258041381836 25.8254280090332 24.3668174743652 24.9064121246338 25.0753936767578 -3.4e+38 -3.4e+38 -3.4e+38 -3.4e+38 -3.4e+38 -3.4e+38 -3.4e+38 -3.4e+38 -3.4e+38 -3.4e+38 -3.4e+38 -3.4e+38 -3.4e+38 -3.4e+38 -3.4e+38 -3.4e+38 -3.4e+38 -3.4e+38 -3.4e+38 -3.4e+38 -3.4e+38 -3.4e+38 -3.4e+38 -3.4e+38 -3.4e+38
26.0122509002686 25.4561347961426 24.0731468200684 24.4012641906738 24.6042613983154 24.5856704711914 24.9500560760498 25.3356380462646 23.9886665344238 22.9046516418457 24.9857654571533 24.5519466400146 26.4436702728271 26.1141548156738 24.9379405975342 23.9273052215576 25.0652904510498 26.9096240997314 25.8086910247803 24.5713024139404 25.2639408111572 27.3148441314697 -3.4e+38 -3.4e+38 -3.4e+38 -3.4e+38 -3.4e+38 -3.4e+38 -3.4e+38 -3.4e+38 -3.4e+38 -3.4e+38 -3.4e+38 -3.4e+38 -3.4e+38 -3.4e+38 -3.4e+38 -3.4e+38 -3.4e+38 -3.4e+38 -3.4e+38 -3.4e+38 -3.4e+38 -3.4e+38 -3.4e+38 -3.4e+38
27.7597198486328 24.5704021453857 22.357931137085 23.0428562164307 22.9215431213379 24.4811706542969 23.6689357757568 23.5906372070312 22.7188453674316 22.39381980896 24.2654933929443 25.7451820373535 27.1377868652344 26.6353282928467 24.1047172546387 23.3743782043457 24.9264507293701 24.562837600708 24.4313049316406 24.6391334533691 24.3080501556396 24.522123336792 24.33229637146 24.7839431762695 -3.4e+38 -3.4e+38 -3.4e+38 -3.4e+38 -3.4e+38 -3.4e+38 -3.4e+38 -3.4e+38 -3.4e+38 -3.4e+38 -3.4e+38 -3.4e+38 -3.4e+38 -3.4e+38 -3.4e+38 -3.4e+38 -3.4e+38 -3.4e+38 -3.4e+38 -3.4e+38 -3.4e+38 -3.4e+38
23.7493743896484 23.2799377441406 20.1940460205078 21.3940677642822 23.0633563995361 22.9014358520508 23.3803749084473 23.541690826416 23.2243022918701 22.7628650665283 24.0464115142822 23.6379203796387 26.4555358886719 27.0474796295166 24.4983291625977 23.9159908294678 25.7605323791504 26.4257736206055 25.8445053100586 25.0752391815186 23.6374950408936 24.5799503326416 24.302942276001 25.1340103149414 25.6043224334717 25.4945068359375 -3.4e+38 -3.4e+38 -3.4e+38 -3.4e+38 -3.4e+38 -3.4e+38 -3.4e+38 -3.4e+38 -3.4e+38 -3.4e+38 -3.4e+38 -3.4e+38 -3.4e+38 -3.4e+38 -3.4e+38 -3.4e+38 -3.4e+38 -3.4e+38 -3.4e+38 -3.4e+38
24.6888542175293 22.8698616027832 19.9491348266602 19.7159385681152 21.3740005493164 23.7354183197021 24.4334506988525 24.7775974273682 22.8520851135254 21.8269653320312 22.4876651763916 20.861141204834 22.3375549316406 26.4902877807617 23.6812744140625 24.0145473480225 25.8878803253174 25.6867160797119 26.3264045715332 26.1778831481934 19.6892185211182 24.5678062438965 24.8690013885498 24.3585739135742 25.1223411560059 25.5232353210449 -3.4e+38 -3.4e+38 -3.4e+38 -3.4e+38 -3.4e+38 -3.4e+38 -3.4e+38 -3.4e+38 -3.4e+38 -3.4e+38 -3.4e+38 -3.4e+38 -3.4e+38 -3.4e+38 -3.4e+38 -3.4e+38 -3.4e+38 -3.4e+38 -3.4e+38 -3.4e+38
20.2690010070801 21.2175140380859 19.005931854248 18.2179279327393 21.2977828979492 23.6057243347168 23.0119533538818 23.4499702453613 22.2849826812744 22.5655345916748 20.1653823852539 19.8213043212891 23.9445514678955 24.8494243621826 22.7022953033447 24.0567817687988 25.3373756408691 26.4630870819092 25.4704856872559 25.1941070556641 19.759557723999 21.8417091369629 25.5059413909912 24.493480682373 24.927755355835 24.8517875671387 -3.4e+38 -3.4e+38 -3.4e+38 -3.4e+38 -3.4e+38 -3.4e+38 -3.4e+38 -3.4e+38 -3.4e+38 -3.4e+38 -3.4e+38 -3.4e+38 -3.4e+38 -3.4e+38 -3.4e+38 -3.4e+38 -3.4e+38 -3.4e+38 -3.4e+38 -3.4e+38
18.8715057373047 20.001371383667 20.2458076477051 19.7970600128174 23.9439220428467 23.623628616333 23.6097030639648 22.468111038208 23.3218212127686 22.1936779022217 21.2318992614746 21.5602474212646 22.7558250427246 26.4365100860596 26.2673606872559 27.4211082458496 23.9560890197754 24.2910861968994 24.3204727172852 24.7859058380127 26.5573768615723 24.3044509887695 25.1208152770996 24.6408004760742 24.0719909667969 23.3886985778809 23.3182010650635 23.8366432189941 -3.4e+38 -3.4e+38 -3.4e+38 -3.4e+38 -3.4e+38 -3.4e+38 -3.4e+38 -3.4e+38 -3.4e+38 -3.4e+38 -3.4e+38 -3.4e+38 -3.4e+38 -3.4e+38 -3.4e+38 -3.4e+38 -3.4e+38 -3.4e+38
17.7432041168213 20.7067947387695 25.9666652679443 20.4426250457764 19.2140617370605 21.0616416931152 22.9726810455322 22.0943126678467 22.4497108459473 23.2923736572266 21.6830024719238 21.1884918212891 22.2435321807861 23.7144718170166 21.9783535003662 24.9028339385986 21.8365325927734 21.6416358947754 23.0211124420166 24.4129467010498 24.6570720672607 23.3065299987793 23.8401031494141 24.4739151000977 23.4627132415771 22.7119312286377 22.4305095672607 23.0697708129883 24.3863983154297 22.854118347168 24.1156558990479 -3.4e+38 -3.4e+38 -3.4e+38 -3.4e+38 -3.4e+38 -3.4e+38 -3.4e+38 -3.4e+38 -3.4e+38 -3.4e+38 -3.4e+38 -3.4e+38 -3.4e+38 -3.4e+38 -3.4e+38
17.6970691680908 19.9645137786865 20.8556060791016 24.764045715332 20.2195434570312 18.3182582855225 20.6816005706787 21.1636619567871 23.4513206481934 23.7214775085449 23.9156341552734 22.2140769958496 21.8420848846436 22.4435749053955 20.2839508056641 20.1496295928955 19.3812656402588 23.7272815704346 22.3155746459961 23.7096691131592 25.7748832702637 25.6416206359863 23.1304893493652 21.1393928527832 22.2694263458252 22.8992481231689 23.5220203399658 24.6490898132324 24.2816314697266 23.0056457519531 22.4301586151123 24.8682765960693 -3.4e+38 -3.4e+38 -3.4e+38 -3.4e+38 -3.4e+38 -3.4e+38 -3.4e+38 -3.4e+38 -3.4e+38 -3.4e+38 -3.4e+38 -3.4e+38 -3.4e+38 -3.4e+38
19.0132293701172 19.9344730377197 20.6326198577881 21.4154052734375 22.978401184082 19.725025177002 19.4626960754395 21.293773651123 22.8487663269043 23.114725112915 23.0166683197021 22.7372703552246 21.6765117645264 21.7854290008545 20.128812789917 19.7328777313232 19.3482818603516 24.4530334472656 24.2117118835449 22.4182472229004 23.5775318145752 25.3813667297363 26.1069049835205 25.0565204620361 25.0716934204102 22.7386856079102 23.3022747039795 25.8347396850586 23.7938747406006 23.0497741699219 25.9931011199951 26.4735507965088 -3.4e+38 -3.4e+38 -3.4e+38 -3.4e+38 -3.4e+38 -3.4e+38 -3.4e+38 -3.4e+38 -3.4e+38 -3.4e+38 -3.4e+38 -3.4e+38 -3.4e+38 -3.4e+38
17.9668064117432 20.2752208709717 20.24342918396 20.2138538360596 21.7647666931152 24.6662464141846 21.7821769714355 22.6757717132568 22.4891338348389 22.6986885070801 23.4680957794189 22.9340553283691 22.4521236419678 23.0755825042725 22.4576549530029 22.5315551757812 23.6549606323242 23.9438514709473 25.1543979644775 24.8752670288086 22.4376907348633 25.6428890228271 23.3150520324707 22.1375026702881 23.9019622802734 23.589635848999 24.5838222503662 24.5307788848877 26.4829387664795 27.0457191467285 -3.4e+38 -3.4e+38 -3.4e+38 -3.4e+38 -3.4e+38 -3.4e+38 -3.4e+38 -3.4e+38 -3.4e+38 -3.4e+38 -3.4e+38 -3.4e+38 -3.4e+38 -3.4e+38 -3.4e+38 -3.4e+38
17.4156112670898 18.5103511810303 18.6439552307129 17.8303909301758 18.7946109771729 19.9465980529785 26.6352825164795 23.4073657989502 23.1147041320801 22.8009281158447 22.9782543182373 23.3699035644531 22.4921569824219 23.1064281463623 22.8254585266113 24.6625232696533 24.6190605163574 24.5602912902832 27.6236267089844 25.3911819458008 23.5674915313721 23.5825214385986 23.6898212432861 23.0774574279785 27.0332374572754 22.8595790863037 24.2017688751221 23.9367599487305 24.6974582672119 23.4831295013428 -3.4e+38 -3.4e+38 -3.4e+38 -3.4e+38 -3.4e+38 -3.4e+38 -3.4e+38 -3.4e+38 -3.4e+38 -3.4e+38 -3.4e+38 -3.4e+38 -3.4e+38 -3.4e+38 -3.4e+38 -3.4e+38
17.141565322876 15.9448232650757 15.6423997879028 15.5541391372681 17.779670715332 18.5612087249756 20.2652473449707 20.6621055603027 22.5262565612793 23.0169696807861 21.5687465667725 21.9060153961182 21.7932243347168 22.316686630249 22.736141204834 22.7500915527344 22.9760456085205 24.7101383209229 27.0613403320312 26.7502193450928 24.5121364593506 24.7292633056641 24.5939350128174 26.3499202728271 24.6626834869385 23.9069442749023 24.7544479370117 23.9981307983398 22.3543910980225 20.4745597839355 23.5355358123779 24.8664875030518 -3.4e+38 -3.4e+38 -3.4e+38 -3.4e+38 -3.4e+38 -3.4e+38 -3.4e+38 -3.4e+38 -3.4e+38 -3.4e+38 -3.4e+38 -3.4e+38 -3.4e+38 -3.4e+38
17.1418380737305 16.2776050567627 15.7853288650513 15.3885478973389 15.9040203094482 16.3989181518555 18.3115463256836 19.5345077514648 22.0665760040283 23.1709690093994 22.2161140441895 22.1947956085205 22.7341594696045 23.1915245056152 23.5225791931152 24.7900123596191 22.9732074737549 24.9460849761963 26.0303840637207 24.9129676818848 24.8971252441406 27.2777042388916 24.9625968933105 24.4343891143799 25.7756252288818 24.0298805236816 23.0057334899902 22.7741794586182 21.8335380554199 23.0841598510742 25.0324897766113 24.7592868804932 23.639835357666 -3.4e+38 -3.4e+38 -3.4e+38 -3.4e+38 19.861499786377 26.0686931610107 -3.4e+38 -3.4e+38 -3.4e+38 -3.4e+38 -3.4e+38 -3.4e+38 -3.4e+38
17.6078815460205 16.9096908569336 15.8458433151245 15.4607677459717 16.0366077423096 15.7848901748657 16.9137191772461 18.6114826202393 19.9139423370361 20.9660167694092 19.213737487793 22.6743717193604 21.9949893951416 22.662540435791 23.9478454589844 23.0157299041748 23.8237266540527 27.2927474975586 23.8308353424072 25.630880355835 24.7974624633789 26.723108291626 25.4094715118408 24.6829948425293 24.6237716674805 24.7031631469727 24.5751132965088 23.1963424682617 22.7328433990479 25.5387496948242 25.4933681488037 24.6390972137451 23.9843482971191 -3.4e+38 -3.4e+38 -3.4e+38 -3.4e+38 21.0112895965576 24.8372344970703 26.3353099822998 25.9977836608887 25.900857925415 -3.4e+38 -3.4e+38 -3.4e+38 -3.4e+38
17.5174388885498 16.2865715026855 15.8187398910522 15.844988822937 15.4288234710693 16.424503326416 16.276330947876 17.5772838592529 21.7404079437256 23.3907070159912 21.2338714599609 19.5083026885986 23.326639175415 18.7949562072754 18.8839836120605 19.7564849853516 25.0179615020752 23.3059234619141 22.8632335662842 24.0292568206787 24.2062740325928 24.9698123931885 24.7894916534424 24.0707416534424 24.0176868438721 24.116117477417 25.2417087554932 24.2379379272461 23.4031314849854 23.3766765594482 24.1450634002686 20.660680770874 26.8924903869629 -3.4e+38 -3.4e+38 24.1980857849121 25.8900127410889 25.0677833557129 23.8307723999023 24.9022159576416 24.8819351196289 26.3581581115723 -3.4e+38 -3.4e+38 -3.4e+38 -3.4e+38
16.1185398101807 14.860203742981 14.9459848403931 16.1832427978516 16.617748260498 16.3484230041504 15.923526763916 16.6929016113281 23.8603343963623 22.4320659637451 26.6401233673096 19.3088703155518 20.2672481536865 21.0295753479004 18.9044895172119 19.1311645507812 19.8855686187744 21.7988586425781 23.5712070465088 22.9863758087158 25.8285751342773 23.1496753692627 23.8452396392822 24.1309947967529 23.586820602417 24.6701030731201 24.6177978515625 24.9437274932861 25.2563629150391 23.917947769165 24.1479740142822 20.7251892089844 22.759786605835 -3.4e+38 26.648006439209 22.0886249542236 24.0391502380371 -3.4e+38 26.3579864501953 -3.4e+38 26.0670700073242 -3.4e+38 -3.4e+38 -3.4e+38 -3.4e+38 -3.4e+38
16.7570743560791 15.0259103775024 14.3114433288574 16.9805965423584 17.0381259918213 16.1872615814209 15.8038921356201 15.8650512695312 17.5852375030518 20.1756858825684 20.5681324005127 24.3908233642578 26.0833854675293 21.4472885131836 20.8616924285889 22.2540416717529 22.6920375823975 22.9765911102295 22.5213279724121 22.4406261444092 23.9973640441895 24.0351638793945 25.5804767608643 25.600025177002 23.8822040557861 23.6470603942871 24.5893077850342 23.5470294952393 23.8166351318359 23.6690540313721 21.3362407684326 22.6028823852539 26.557092666626 23.5647487640381 22.6060600280762 25.2844753265381 24.8920669555664 -3.4e+38 -3.4e+38 -3.4e+38 -3.4e+38 -3.4e+38 -3.4e+38 26.0692768096924 -3.4e+38 -3.4e+38
17.5507736206055 17.2828960418701 14.9016437530518 16.5222148895264 15.2274341583252 15.4653205871582 16.4897537231445 16.5799427032471 18.4080562591553 21.3111553192139 20.3520030975342 20.4486064910889 23.1442642211914 27.1368560791016 22.6061573028564 22.8980350494385 22.6924591064453 21.896276473999 21.4171409606934 21.3637866973877 26.7590789794922 24.3764019012451 26.4136390686035 24.579475402832 24.764404296875 23.2548446655273 23.699592590332 22.5948181152344 23.1934814453125 23.2551345825195 21.6450080871582 21.9065742492676 24.9554862976074 25.0737686157227 24.575927734375 24.9365730285645 24.543025970459 26.1676559448242 24.7212619781494 21.7091808319092 24.1114196777344 23.8116073608398 24.8887634277344 24.008861541748 -3.4e+38 -3.4e+38
18.0981483459473 17.2856845855713 17.6249084472656 17.7732048034668 16.3860244750977 15.8130226135254 15.5904865264893 15.9349555969238 18.2235622406006 26.0644760131836 20.7188625335693 26.5136890411377 25.39333152771 22.6079959869385 22.779598236084 20.37961769104 20.5088729858398 22.9667778015137 21.4850559234619 21.7937030792236 23.9653415679932 25.4842014312744 27.4779624938965 25.2000503540039 26.8231029510498 23.6272373199463 26.312520980835 24.6856365203857 23.8250255584717 23.5532684326172 22.7755813598633 23.9239292144775 25.4630546569824 26.0482902526855 26.2369861602783 23.4566707611084 23.1634902954102 24.5622539520264 25.655632019043 26.4142303466797 25.9903163909912 26.0304775238037 24.2954349517822 24.0650444030762 20.4773750305176 -3.4e+38
