inst/extdata/Tmax/Tmax67.asc
NCOLS 100 
NROWS 79 
XLLCORNER 148.06 
YLLCORNER -21.49 
CELLSIZE 0.01 
NODATA_value -3.4e+38 
[rows 40 to 59 of 79, columns 0 to 45 of 100]
31.894323348998999 31.6252727508545 31.664363861084 31.704381942749 31.5882968902588 31.7114486694336 31.6736354827881 31.475736618042 30.9989604949951 31.4469089508057 32.1080741882324 32.4512214660645 32.4983825683594 32.5609741210938 32.6386756896973 32.429615020752 32.1622467041016 31.8039836883545 31.2135639190674 31.7339248657227 31.733024597168 31.631856918335 31.5761528015137 31.1710662841797 30.2472171783447 29.5839138031006 29.3920574188232 29.4955196380615 29.6261711120605 28.9730052947998 28.310188293457 28.7660293579102 30.0952243804932 29.82399559021 29.5659866333008 29.9188499450684 29.838960647583 29.5135841369629 29.2950267791748 28.8353424072266 28.8025283813477 27.9101085662842 27.3121719360352 27.3155841827393 27.0543880462646 26.8945903778076
32.0540390014648 31.6619110107422 31.5416965484619 31.6561794281006 31.5591163635254 31.6508731842041 31.6692638397217 31.5677375793457 31.3194198608398 31.4537124633789 31.8104438781738 32.1844215393066 32.4309310913086 32.6134986877441 32.6688575744629 32.5234375 32.2227516174316 31.7068557739258 31.3681774139404 31.5275192260742 31.5600204467773 31.3287944793701 31.5234794616699 31.242847442627 30.56276512146 30.0551338195801 29.4277725219727 29.3505210876465 29.5790481567383 29.1357135772705 28.7025737762451 29.3737621307373 30.088565826416 29.3184947967529 28.5738735198975 29.3790225982666 29.4381046295166 29.6673355102539 29.6389446258545 29.4077091217041 29.2937717437744 28.5500774383545 27.0901050567627 26.9722137451172 27.0594329833984 27.0264549255371
31.9233016967773 31.8835487365723 31.6708145141602 31.5551338195801 31.6260185241699 31.6565856933594 31.6446495056152 31.6134605407715 31.5862846374512 31.5453186035156 31.6047801971436 32.1097793579102 32.449577331543 32.6080780029297 32.6319427490234 32.5922698974609 32.3695106506348 32.0396728515625 31.8120231628418 31.7707347869873 31.6903057098389 31.0310516357422 30.9666118621826 31.2062759399414 31.2426109313965 30.7954082489014 29.9091606140137 29.5735034942627 29.5013999938965 29.2773399353027 28.3509559631348 29.4804496765137 29.5471153259277 28.4368057250977 27.5934410095215 28.5501003265381 28.5619678497314 29.2490768432617 29.4312057495117 29.1284599304199 28.8961448669434 28.9627323150635 28.3422393798828 28.122989654541 28.571720123291 29.6197834014893
31.5695610046387 31.6807346343994 31.6711578369141 31.6737403869629 31.7118339538574 31.7119674682617 31.6878204345703 31.6425285339355 31.7073059082031 31.6847171783447 31.7020721435547 32.1356582641602 32.3998908996582 32.5688972473145 32.6000480651855 32.6259155273438 32.531494140625 32.3134307861328 32.031436920166 32.0803298950195 31.9072895050049 31.6511707305908 30.9578132629395 30.6014385223389 31.3033332824707 31.092658996582 30.6846408843994 30.1925621032715 29.8535747528076 29.6805458068848 28.8608245849609 28.7833557128906 29.5207386016846 29.0046825408936 28.3429832458496 27.869176864624 27.9716567993164 28.2394142150879 28.4870681762695 28.2492961883545 27.7803535461426 28.5500888824463 28.0952262878418 29.0953998565674 30.939640045166 31.5788345336914
31.2745380401611 31.4795093536377 31.4628791809082 31.4709396362305 31.6683654785156 31.7930526733398 31.832893371582 31.7834167480469 31.8538074493408 31.9093627929688 32.0912857055664 32.2432670593262 32.3849639892578 32.498477935791 32.5707664489746 32.6348724365234 32.6150588989258 32.4700164794922 32.3161773681641 32.2748146057129 32.1477661132812 32.0098724365234 31.705415725708 31.4931449890137 31.3178100585938 30.8491477966309 31.1253395080566 31.0041465759277 30.678373336792 29.9785480499268 29.355052947998 29.3582344055176 29.6954212188721 29.874568939209 29.5765285491943 28.3686466217041 26.9945240020752 26.9648590087891 27.0838451385498 27.443244934082 27.3237590789795 27.9138698577881 27.4200820922852 28.3047695159912 30.1601982116699 31.6033554077148
31.2973175048828 31.3767890930176 31.2222175598145 31.1167907714844 31.3344612121582 31.5686645507812 31.8190784454346 31.949800491333 32.0269737243652 32.1301536560059 32.209903717041 32.1418151855469 31.9194183349609 32.3138389587402 32.5581932067871 32.6171684265137 32.6298980712891 32.5656967163086 32.4796829223633 32.4206352233887 32.334098815918 32.2336082458496 32.1835594177246 31.5583114624023 31.2054042816162 31.1341457366943 31.2332134246826 31.0630493164062 30.8758506774902 30.3528270721436 29.0728206634521 29.2960796356201 29.6224479675293 29.6962013244629 29.805814743042 28.8828067779541 27.5463714599609 27.3034000396729 27.3458213806152 27.8110599517822 27.1977100372314 27.5877265930176 28.0081939697266 28.3398723602295 29.2639083862305 30.4867382049561
31.1562690734863 31.1415061950684 31.1540679931641 31.0857696533203 30.9919166564941 31.0588607788086 31.5830955505371 31.7203044891357 31.8541011810303 31.8812065124512 32.114803314209 32.2340354919434 31.9852981567383 32.2595062255859 32.5023155212402 32.5919609069824 32.6131439208984 32.5495796203613 32.5153388977051 32.4807586669922 32.4101448059082 32.3492889404297 32.2512550354004 31.76589012146 30.9219989776611 31.0433864593506 31.2372589111328 31.0091781616211 30.963846206665 30.8186664581299 30.0016899108887 29.677827835083 29.3177185058594 29.5939617156982 29.7425689697266 29.2621002197266 28.1743812561035 28.475435256958 27.930103302002 28.6699199676514 28.0951614379883 28.2715702056885 28.3987846374512 28.5189895629883 28.5197658538818 28.3307552337646
31.6151466369629 30.9709491729736 30.8927841186523 30.8456592559814 30.826244354248 30.9621849060059 31.2980632781982 31.2595901489258 31.5251293182373 31.5837059020996 31.6748542785645 31.7547035217285 31.9550971984863 32.2542304992676 32.4579849243164 32.5878601074219 32.5898170471191 32.4714164733887 32.2923927307129 32.1989135742188 32.3435440063477 32.1632499694824 32.1886978149414 32.1273231506348 31.6607608795166 31.5660037994385 31.5951137542725 31.3926696777344 31.2249355316162 31.001350402832 30.298038482666 29.9330501556396 29.2061195373535 29.61940574646 29.6712951660156 29.4386863708496 29.0020008087158 29.2427787780762 28.974853515625 29.2342853546143 28.9692306518555 28.7682666778564 28.6219482421875 28.4731159210205 28.1240520477295 27.8866939544678
32.3178291320801 31.5160636901855 30.745584487915 30.6004219055176 30.7416095733643 30.9399890899658 30.8837947845459 30.8906059265137 31.2460289001465 31.5592155456543 31.6416568756104 31.6365947723389 31.8828239440918 32.207462310791 32.4644966125488 32.5421943664551 32.5634880065918 32.4947967529297 32.325927734375 32.0997123718262 32.1797027587891 32.1334457397461 32.0571594238281 32.1987457275391 32.0916481018066 31.9865036010742 31.7032699584961 31.5006198883057 31.414306640625 31.117073059082 30.7172889709473 30.2489528656006 29.3621158599854 29.5284290313721 29.5045776367188 29.5734710693359 29.4830226898193 29.4613647460938 29.349235534668 29.166015625 28.3440475463867 28.1812973022461 28.391357421875 28.1301536560059 27.9969997406006 27.6415500640869
32.5834465026855 32.0820503234863 31.2223834991455 30.6390819549561 30.6326084136963 30.6299896240234 30.6706676483154 31.0337562561035 31.2854251861572 31.1862506866455 31.8312244415283 32.08056640625 32.1996421813965 32.3112831115723 32.4201011657715 32.5145568847656 32.5341529846191 32.4834823608398 32.3830146789551 32.2421684265137 32.1391448974609 32.0759353637695 31.8894882202148 31.9370441436768 32.1160316467285 32.1051025390625 31.8862171173096 31.3291015625 30.8199138641357 31.1024284362793 30.7966327667236 30.4878196716309 29.6589050292969 29.3569202423096 29.1457080841064 29.465503692627 29.5574359893799 29.4603614807129 29.4224853515625 29.1062335968018 28.3938236236572 27.9919929504395 28.1828746795654 27.8051509857178 27.7196388244629 27.6307144165039
32.5711097717285 32.4082374572754 31.9481430053711 31.3142185211182 30.7712593078613 30.4678764343262 30.6445789337158 30.9795188903809 31.0329189300537 31.3519592285156 31.9548664093018 32.206428527832 32.3440132141113 32.4571838378906 32.4841079711914 32.5165138244629 32.4066696166992 32.4211273193359 32.4334526062012 32.3569107055664 32.2460670471191 32.0885925292969 31.889347076416 31.8095569610596 31.9272537231445 31.9747619628906 32.0282440185547 31.7913246154785 31.503734588623 31.3568878173828 30.7957820892334 30.636417388916 29.7752170562744 29.3577117919922 28.7268371582031 29.2201309204102 29.3638076782227 29.3608245849609 29.4180088043213 29.2317962646484 28.697473526001 28.5325927734375 28.4304466247559 28.2130756378174 27.8806324005127 27.7018451690674
32.5318260192871 32.5125617980957 32.2558097839355 31.5789737701416 30.9852981567383 30.7016181945801 30.6698360443115 30.7639713287354 30.5185794830322 30.6855869293213 31.5743751525879 31.9997158050537 32.1910018920898 32.4092102050781 32.5042839050293 32.47119140625 32.3995628356934 32.400463104248 32.3698234558105 32.3631935119629 32.2688827514648 32.1671600341797 32.0637016296387 31.8558521270752 31.7395420074463 31.6807651519775 31.652437210083 31.7738723754883 31.5461330413818 31.6727046966553 31.7005214691162 30.8911285400391 30.2797374725342 29.821361541748 29.3155555725098 29.4549350738525 29.4181995391846 29.2419490814209 29.3917789459229 29.2940254211426 28.7861289978027 28.6283378601074 28.509838104248 28.3223819732666 27.8152809143066 27.6216773986816
32.353343963623 32.4468536376953 32.3046875 31.3156890869141 30.5038185119629 30.4835319519043 30.6019859313965 30.469539642334 30.2153129577637 30.3609924316406 31.5051689147949 32.0008392333984 32.2318458557129 32.4295692443848 32.4469451904297 32.402271270752 32.4001960754395 32.3407707214355 32.3029632568359 32.3025703430176 32.3174819946289 32.2667465209961 32.1053161621094 31.9008388519287 31.6763725280762 31.5159244537354 31.4990520477295 31.4522285461426 31.4499988555908 31.3468036651611 31.5474758148193 31.4221820831299 30.8437442779541 30.2138614654541 29.765531539917 30.1157836914062 30.0685176849365 29.5811653137207 29.3821964263916 29.4555721282959 29.290599822998 29.0314769744873 28.7078628540039 28.4550514221191 28.1067790985107 27.7081279754639
32.1340026855469 32.2191848754883 32.3377685546875 31.9038333892822 30.8858184814453 30.5408267974854 30.9144592285156 30.4095287322998 30.2567348480225 30.3495140075684 31.4527130126953 32.0841789245605 32.3107833862305 32.4122009277344 32.3452529907227 32.2534103393555 32.2577018737793 32.2853546142578 32.2567291259766 32.1526069641113 32.2075462341309 32.2800559997559 32.1374320983887 31.9843692779541 31.7872467041016 31.625093460083 31.2752571105957 31.0799751281738 30.7237529754639 31.0821647644043 30.9154186248779 31.4823818206787 31.5322036743164 31.1802234649658 30.6777973175049 30.7145347595215 30.34108543396 29.981388092041 29.6669082641602 30.0558929443359 29.6292877197266 29.3568344116211 29.1924705505371 29.0508003234863 28.766300201416 28.6136684417725
32.0023155212402 31.9840812683105 32.1780738830566 32.1995277404785 31.7566051483154 31.5217227935791 31.4744300842285 31.1202411651611 30.9186305999756 30.9369850158691 31.1384143829346 31.5586700439453 32.2258071899414 32.3664932250977 32.2486839294434 32.1659889221191 32.1671829223633 32.2197875976562 32.1853675842285 32.1240043640137 32.1508026123047 32.2609214782715 32.2152099609375 32.0365371704102 31.9287624359131 31.7437191009521 31.4188556671143 31.1966896057129 30.7776355743408 31.0152683258057 30.3762073516846 30.8159503936768 31.0557117462158 31.0812664031982 31.2083721160889 31.0867938995361 30.7821769714355 30.6378421783447 30.1820201873779 29.6755123138428 29.6028671264648 29.6592082977295 29.4116096496582 29.2124767303467 29.2084426879883 29.0605525970459
32.0883636474609 32.0933265686035 32.1506767272949 32.1906852722168 32.0795516967773 31.4769744873047 31.4957408905029 31.5670471191406 31.3539524078369 31.3176975250244 31.5778369903564 31.9498653411865 32.2793388366699 32.3549995422363 32.2604026794434 32.0819473266602 32.1466484069824 32.1440925598145 31.9510478973389 31.9367523193359 32.0754318237305 32.1585235595703 32.2145652770996 32.1205062866211 32.0034675598145 31.8545265197754 31.6635456085205 31.4018936157227 31.236457824707 31.079948425293 30.6550426483154 30.2949657440186 30.4343795776367 30.4003868103027 30.8541374206543 30.5554485321045 30.8318538665771 30.5939998626709 30.2331466674805 29.8160820007324 29.5820236206055 29.3696422576904 28.8802452087402 28.2848892211914 28.8733539581299 29.0676498413086
32.1949119567871 32.1823501586914 32.1594924926758 32.1529235839844 32.0092010498047 31.226167678833 31.0274543762207 31.4681358337402 31.3631744384766 31.0507774353027 31.3477439880371 32.0192031860352 32.2876052856445 32.3223724365234 32.2416534423828 32.0620498657227 32.0641937255859 31.8638954162598 31.6165981292725 31.762523651123 32.0626754760742 32.077953338623 32.1613159179688 32.1560592651367 31.9947128295898 31.9350490570068 31.7633018493652 31.479190826416 31.3947944641113 31.1710910797119 30.7619152069092 30.0884208679199 29.788646697998 29.9350891113281 30.3991565704346 30.5424060821533 30.1714286804199 29.8231086730957 30.0245342254639 29.9569187164307 29.614236831665 29.3843746185303 28.8444385528564 28.0177841186523 28.4756546020508 28.854118347168
32.2487907409668 32.2198715209961 32.1788597106934 32.1536521911621 32.1211166381836 31.7888107299805 31.3484477996826 31.1122398376465 31.1241760253906 30.9171562194824 31.4013633728027 32.0302200317383 32.2647132873535 32.2797584533691 32.2000541687012 32.0239677429199 31.8715744018555 31.6750469207764 31.5678539276123 31.8394832611084 31.9699020385742 32.0414657592773 32.0099220275879 32.1123123168945 32.0570678710938 31.9716987609863 31.8128681182861 31.5468635559082 31.4301052093506 31.2365493774414 30.8264560699463 30.6276435852051 30.1726169586182 29.985294342041 29.9326457977295 30.085090637207 30.3573188781738 30.2080173492432 29.8469867706299 29.6449947357178 29.4425926208496 29.2496738433838 28.9972267150879 28.6780471801758 28.030632019043 28.3285064697266
32.2742652893066 32.2303771972656 32.1879577636719 32.182258605957 32.1159896850586 31.9122772216797 31.6403923034668 31.0722351074219 30.970458984375 31.1617393493652 31.6270065307617 32.0495643615723 32.2076568603516 32.2055397033691 32.0824851989746 31.9245777130127 31.6440315246582 31.568754196167 31.6833038330078 31.7178936004639 31.8664169311523 31.8181304931641 31.6458778381348 31.8985042572021 32.0776519775391 31.9627799987793 31.7595462799072 31.612096786499 31.4829635620117 31.3805274963379 31.1911945343018 30.9770336151123 30.6701793670654 30.6175708770752 30.2931098937988 29.9547138214111 30.0613479614258 30.1384677886963 29.9086685180664 29.7586231231689 29.6195030212402 29.3902225494385 28.7743434906006 28.3883495330811 28.5203227996826 28.5418338775635
32.2804908752441 32.296817779541 32.2480735778809 32.2182464599609 32.1139106750488 32.0121612548828 31.9161758422852 31.5677242279053 31.1130084991455 31.213737487793 31.3809204101562 31.6856689453125 31.9722290039062 32.0237503051758 31.9704666137695 31.8389911651611 31.6476860046387 31.5248889923096 31.421272277832 31.4700508117676 31.706714630127 31.7215480804443 31.4887084960938 31.8841609954834 32.0937423706055 31.9894981384277 31.8422508239746 31.6935920715332 31.6214237213135 31.5122013092041 31.3964443206787 31.1865577697754 30.8685817718506 31.0764427185059 30.9478874206543 30.5760631561279 30.1303882598877 30.0203018188477 30.1435642242432 30.5586109161377 29.809886932373 29.5461311340332 29.1400871276855 28.4527149200439 28.3838386535645 28.2633285522461
