inst/extdata/Tmax/Tmax64.asc
NCOLS 100 
NROWS 79 
XLLCORNER 148.06 
YLLCORNER -21.49 
CELLSIZE 0.01 
NODATA_value -3.4e+38 
[rows 20 to 39 of 79, columns 0 to 45 of 100]
40.287235260009801 40.3383026123047 40.3280410766602 40.2949180603027 40.3204727172852 40.4551734924316 40.3606910705566 40.2853507995605 40.2165718078613 40.116138458252 39.917423248291 39.5180168151855 39.1397743225098 38.5902633666992 37.4511985778809 37.0803489685059 37.0226516723633 37.8637199401855 38.7634773254395 39.1306076049805 39.1447525024414 39.1457099914551 39.4281158447266 39.4495315551758 39.3219528198242 39.0825080871582 38.573184967041 37.7760009765625 38.2341346740723 38.2900047302246 38.8011512756348 38.8019104003906 38.9205780029297 38.8916549682617 38.8574905395508 38.6525268554688 38.3116264343262 38.3142623901367 37.9176177978516 38.1345329284668 37.9498748779297 37.3351707458496 37.5187759399414 37.5641975402832 37.6695709228516 37.697380065918
40.3813095092773 40.4597434997559 40.4633255004883 40.4288024902344 40.4401550292969 40.4441986083984 40.2885246276855 40.2074279785156 40.1868019104004 40.1196250915527 39.9845542907715 39.7822036743164 39.5727043151855 38.7759132385254 37.4788284301758 37.2003059387207 37.4140205383301 38.1164512634277 38.5520477294922 38.8728370666504 38.9800224304199 38.8959274291992 39.343448638916 39.4582366943359 39.2959861755371 39.3084945678711 39.2840003967285 38.6287231445312 38.4963912963867 38.9361991882324 39.0359306335449 38.9344177246094 38.6563339233398 38.144847869873 38.1607780456543 38.1414833068848 38.5145874023438 37.9181938171387 37.5784111022949 37.8463554382324 37.5157585144043 37.5911407470703 37.3423156738281 36.5565757751465 36.839183807373 37.4278373718262
40.4682998657227 40.5312118530273 40.531379699707 40.5208129882812 40.5073738098145 40.4740371704102 40.2721099853516 40.1390342712402 40.0846672058105 40.0548820495605 39.9299964904785 39.8464546203613 39.6772842407227 39.1626434326172 38.2037734985352 37.4777641296387 36.9176063537598 37.3411483764648 37.8415679931641 38.5416526794434 38.6386833190918 38.7328796386719 39.2812118530273 39.100471496582 38.7493438720703 39.0604667663574 39.1224212646484 39.1772804260254 38.9383430480957 38.9710426330566 38.7464981079102 38.5762557983398 38.0919914245605 37.8077735900879 37.608757019043 37.7952308654785 37.7261085510254 37.2440948486328 37.2196884155273 37.1500968933105 36.8828430175781 36.2288856506348 36.9026985168457 36.6512908935547 35.7890129089355 37.0349388122559
40.4666900634766 40.5113143920898 40.522777557373 40.5196533203125 40.4808464050293 40.4759216308594 40.3886947631836 40.0631637573242 39.94873046875 39.9778137207031 39.7828254699707 39.6170806884766 39.7054100036621 39.3888931274414 38.7171669006348 38.0381393432617 37.3188667297363 37.0484809875488 37.5795936584473 37.8545227050781 38.3266983032227 39.1739120483398 38.9623107910156 38.4412498474121 38.568775177002 38.6945343017578 38.4320945739746 39.2267646789551 39.2471122741699 39.1296195983887 38.9366264343262 37.9943962097168 37.7110557556152 37.8856620788574 38.1744575500488 37.7804260253906 36.9762916564941 36.5036773681641 37.1360206604004 36.693904876709 36.060733795166 34.8100357055664 35.5309104919434 36.5753021240234 34.9865646362305 36.1609230041504
40.4199600219727 40.4956016540527 40.521728515625 40.4914932250977 40.4539184570312 40.4612007141113 40.4575347900391 40.2653579711914 40.0719337463379 39.8835716247559 39.782772064209 39.7410011291504 39.5979499816895 39.3128356933594 38.6632423400879 38.0632057189941 37.4143981933594 37.0791778564453 37.2583427429199 37.259449005127 38.3102493286133 39.0162391662598 38.0695495605469 37.601432800293 38.3091697692871 38.2906761169434 38.4512481689453 39.0710945129395 39.2764587402344 38.9544067382812 38.9072303771973 38.6986618041992 38.6751441955566 38.724723815918 38.4477272033691 38.1862373352051 37.8294525146484 36.8652648925781 36.6712837219238 36.4464836120605 34.9317207336426 34.4213027954102 34.8040199279785 36.4299736022949 34.6892051696777 35.0159759521484
40.382942199707 40.4158172607422 40.4199638366699 40.3975372314453 40.4152030944824 40.4298515319824 40.4549293518066 40.4104347229004 40.2457504272461 39.976432800293 39.7809906005859 39.6576385498047 39.5345573425293 39.1506156921387 38.7678489685059 38.2885704040527 37.7551383972168 37.4458770751953 37.8426551818848 38.4531478881836 38.4424247741699 38.3497428894043 37.9298706054688 36.8185424804688 37.2697868347168 37.9462776184082 38.0790863037109 39.1221351623535 39.2788925170898 38.9739532470703 38.2270927429199 38.7392044067383 38.6260452270508 38.5192375183105 38.2880859375 38.0162315368652 37.9017677307129 36.6191139221191 35.4933052062988 35.8541717529297 34.5814819335938 35.3259086608887 35.6294937133789 36.4447555541992 35.547534942627 34.5902557373047
40.2712783813477 40.3123817443848 40.3125419616699 40.3307685852051 40.3314552307129 40.3384132385254 40.4353866577148 40.4432487487793 40.2956123352051 39.8355674743652 39.7493476867676 39.5165061950684 39.5151100158691 39.1978759765625 38.5550918579102 37.6270790100098 37.2976989746094 37.4569931030273 37.8737258911133 37.7949905395508 37.9619293212891 38.7278823852539 38.6045036315918 37.2901000976562 36.9352531433105 37.7550735473633 38.4514656066895 39.1924705505371 39.2624130249023 39.0782661437988 38.3655967712402 38.025691986084 38.6958045959473 38.2387886047363 37.8605308532715 37.1428031921387 36.8858451843262 36.9873657226562 36.0568046569824 34.9046745300293 34.5456848144531 34.8323097229004 34.7340469360352 35.6682929992676 34.8296585083008 34.248405456543
40.1203918457031 40.1549835205078 40.1844940185547 40.2471084594727 40.2789611816406 40.3511695861816 40.4526710510254 40.4532661437988 40.3774604797363 40.1646575927734 39.8943176269531 39.6598052978516 39.5606002807617 39.3946914672852 38.6053733825684 37.6142349243164 37.3326110839844 37.2799797058105 37.3963775634766 37.3792114257812 38.3767127990723 38.9210586547852 38.4571151733398 37.7099494934082 37.2136154174805 37.421085357666 37.529857635498 38.8814010620117 39.182373046875 39.0826072692871 38.4012832641602 38.3181953430176 38.5716857910156 37.9339027404785 37.3318862915039 36.833927154541 36.0197906494141 36.6559257507324 36.5134124755859 34.8931846618652 34.4992370605469 34.6731491088867 34.5849876403809 35.1197128295898 34.5880470275879 34.3165397644043
39.6693878173828 39.6375274658203 39.8528060913086 40.170482635498 40.3270950317383 40.4252319335938 40.4612693786621 40.451774597168 40.3106498718262 40.1912689208984 40.0072021484375 39.5185317993164 39.6005554199219 39.4742584228516 39.0350532531738 37.9862213134766 37.3541984558105 36.8955383300781 37.1752052307129 37.954963684082 38.4010429382324 38.7055473327637 37.9528045654297 37.3187789916992 37.1589088439941 37.2912635803223 37.6750221252441 38.452808380127 39.1072273254395 39.161449432373 38.7217330932617 38.4857864379883 38.1144104003906 37.2188034057617 36.1912841796875 35.8196830749512 35.5235252380371 35.7090682983398 35.8503837585449 35.4948272705078 35.0237998962402 35.1417503356934 34.8841743469238 34.6870307922363 34.697582244873 34.6378288269043
38.9265747070312 39.6675109863281 39.9347152709961 39.7147407531738 40.2638359069824 40.4397811889648 40.4649543762207 40.4542121887207 40.225170135498 40.059513092041 40.0535659790039 39.7843627929688 39.5833320617676 39.4716873168945 39.2565498352051 38.815357208252 38.3362464904785 37.1238327026367 37.4094429016113 37.4819374084473 37.6195030212402 38.4387054443359 38.0688171386719 37.3589515686035 37.1793327331543 36.996036529541 36.9725532531738 38.4197845458984 39.1466598510742 39.2138710021973 38.514476776123 37.6581077575684 37.3874740600586 37.0790748596191 36.8452758789062 35.9479904174805 35.8814315795898 35.5146560668945 35.1427536010742 35.3743782043457 36.990047454834 37.0660247802734 36.048210144043 34.7533302307129 35.7018737792969 35.8009605407715
39.1869812011719 39.9375915527344 39.9487266540527 39.4979515075684 40.2167663574219 40.4312477111816 40.4847106933594 40.468334197998 40.4056587219238 40.1489105224609 40.0296897888184 39.9476432800293 39.7892379760742 39.6143608093262 39.3655738830566 38.8663635253906 38.1516456604004 37.7490348815918 37.3475379943848 37.5749931335449 37.6451148986816 38.0256309509277 37.4904861450195 37.3407783508301 37.0735321044922 36.5139961242676 36.7689895629883 38.330078125 39.0603141784668 39.1013145446777 39.0899543762207 38.9355354309082 37.9696960449219 37.1354751586914 37.0776176452637 36.6493835449219 36.7644157409668 36.5956192016602 36.218635559082 36.6576080322266 37.9738845825195 38.0297203063965 37.6456527709961 37.1429977416992 37.039134979248 36.5119972229004
39.8384017944336 40.0774688720703 40.1443290710449 40.1469955444336 40.2491416931152 40.4222068786621 40.4543190002441 40.4526519775391 40.403564453125 40.3243675231934 40.1183052062988 40.0442733764648 39.9343070983887 39.7597999572754 39.5338859558105 39.1196327209473 38.3892364501953 38.0087242126465 37.3944511413574 37.2985458374023 37.3615379333496 37.7422256469727 37.4135627746582 37.1866989135742 37.1324272155762 37.1595802307129 37.8711318969727 38.7923355102539 39.1180686950684 38.6824073791504 38.6111526489258 38.6119232177734 38.7954597473145 38.3639068603516 38.1277198791504 37.4578247070312 38.3564414978027 38.2273025512695 38.2036476135254 38.2185554504395 38.0197563171387 37.2289237976074 36.3710021972656 36.0790634155273 35.9581451416016 35.2896003723145
39.6178817749023 40.2865142822266 40.347225189209 40.3676872253418 40.3660621643066 40.3789138793945 40.346076965332 40.4018707275391 40.3966598510742 40.3789176940918 40.3266906738281 40.1771965026855 39.9699859619141 39.8312072753906 39.6698036193848 39.4591751098633 39.0534820556641 38.461986541748 37.8097610473633 37.190372467041 37.2156143188477 37.6046371459961 37.4972763061523 37.2512054443359 37.1263618469238 37.2672233581543 38.5203704833984 39.1223678588867 39.1835021972656 39.0346260070801 38.6104888916016 38.0771675109863 38.6863288879395 38.7828063964844 38.8188323974609 38.3653030395508 38.7118339538574 38.458194732666 38.3448944091797 38.2026710510254 37.152042388916 35.8903656005859 34.7296447753906 35.0418472290039 34.9644889831543 34.0675277709961
39.4991912841797 40.0375747680664 39.8710823059082 39.7690963745117 39.8846473693848 40.2686576843262 40.2688217163086 40.2982215881348 40.3177070617676 40.3050155639648 40.2694664001465 40.235237121582 40.1084938049316 39.9430541992188 39.8132553100586 39.6232376098633 39.256217956543 38.8828239440918 38.648136138916 38.1004104614258 37.2734489440918 37.4709243774414 37.2750244140625 37.3395385742188 37.2333221435547 37.2103462219238 38.1388473510742 39.0877723693848 39.1595649719238 38.8873672485352 38.7718925476074 37.8378524780273 38.0950889587402 38.317195892334 38.5783004760742 38.686653137207 38.554817199707 38.4089012145996 38.0733413696289 38.1229782104492 37.8413696289062 36.7429809570312 36.0068626403809 36.5012969970703 36.1067657470703 35.0739669799805
39.7902374267578 40.0294036865234 39.671875 39.1033477783203 39.1966400146484 40.0064849853516 40.2307510375977 40.1944923400879 40.216495513916 40.2376976013184 40.1491050720215 40.1975860595703 40.1436767578125 40.01904296875 39.8844337463379 39.7244911193848 39.4637603759766 38.8758659362793 38.5237197875977 38.1229934692383 37.5308570861816 37.4454536437988 37.284725189209 37.0980987548828 37.0696144104004 37.4068908691406 38.4011421203613 39.0653419494629 38.6338043212891 38.4440307617188 38.5402183532715 38.2218933105469 37.9428405761719 37.6528701782227 37.4169921875 37.8520164489746 37.6753196716309 37.9666442871094 37.8974723815918 37.7212600708008 37.4900550842285 37.778076171875 37.5468101501465 37.2656898498535 36.7305564880371 36.3014335632324
39.9068374633789 39.9920806884766 39.8149337768555 39.5502738952637 39.2917289733887 39.7670249938965 40.0188865661621 40.041088104248 40.0999374389648 40.1733741760254 40.1639862060547 40.2107849121094 40.1432609558105 40.0779571533203 39.9281692504883 39.7446365356445 39.5447273254395 39.3465042114258 39.0031890869141 38.4373092651367 38.102367401123 37.8660354614258 37.4175300598145 36.8494110107422 36.9921340942383 37.213264465332 38.4826011657715 38.929615020752 37.2817840576172 36.9222946166992 37.4932289123535 37.6790046691895 37.6405258178711 37.4496116638184 37.017936706543 36.7896385192871 37.2552680969238 37.1125183105469 37.0847244262695 37.0412864685059 36.8050003051758 36.5362892150879 36.7498397827148 37.1769332885742 36.613883972168 35.5938110351562
39.7933502197266 39.8223876953125 39.831958770752 39.5978813171387 39.3590202331543 39.522705078125 39.7022705078125 39.8734397888184 39.9706192016602 40.0914039611816 40.0734252929688 40.065258026123 40.1701850891113 40.0933837890625 39.971752166748 39.7401008605957 39.726318359375 39.582763671875 39.3692970275879 39.0376586914062 38.9115905761719 38.2060699462891 37.6798667907715 37.2633171081543 37.261058807373 37.6033592224121 38.5162506103516 38.4164848327637 38.1581115722656 38.0660781860352 37.382926940918 37.3155708312988 37.1462860107422 37.0181198120117 36.3688697814941 36.0014991760254 36.18359375 36.134033203125 36.3466987609863 36.16455078125 36.1534004211426 35.3200950622559 35.9521217346191 36.7290573120117 36.5144538879395 35.183177947998
39.3323097229004 39.6191024780273 39.7869873046875 39.6982231140137 39.5274276733398 39.4167327880859 39.3958854675293 39.7207145690918 39.8207054138184 39.974292755127 40.0482978820801 40.038387298584 40.1109924316406 40.1340675354004 39.9571647644043 39.8698616027832 39.8100433349609 39.6986656188965 39.5619659423828 39.387882232666 39.210205078125 38.5728530883789 37.5607490539551 37.6406517028809 37.025634765625 37.5448532104492 38.4013633728027 37.8912620544434 38.0607490539551 38.4767723083496 38.3739814758301 38.2231025695801 37.6248474121094 37.2412986755371 35.8239593505859 34.674430847168 34.7023429870605 34.5998115539551 34.5627517700195 34.9869842529297 35.1350517272949 35.3153839111328 35.4750137329102 36.2734146118164 36.1428680419922 35.7826919555664
39.4399223327637 39.523681640625 39.6279029846191 39.6088790893555 39.5797157287598 39.3125457763672 39.1131172180176 38.8857803344727 39.465747833252 39.9050331115723 40.0245399475098 40.053581237793 40.1493873596191 40.1492309570312 39.8609275817871 39.509220123291 39.5342140197754 39.5719795227051 39.6147155761719 39.5098114013672 39.385612487793 39.014762878418 38.029411315918 38.3030853271484 37.4461975097656 37.4417724609375 37.5787620544434 37.8495445251465 36.9127197265625 37.5105361938477 37.1777153015137 37.2696990966797 38.3896942138672 38.0065422058105 37.1410484313965 35.1193656921387 34.2793731689453 34.2812690734863 33.670970916748 34.062816619873 34.6403427124023 34.6337127685547 34.6949310302734 35.9447860717773 35.5399360656738 35.0516662597656
39.5089302062988 39.4435119628906 39.479076385498 39.3093605041504 39.4868812561035 39.4129409790039 39.2043380737305 38.9755973815918 39.1489410400391 39.6887855529785 39.9094314575195 40.0684242248535 40.1231651306152 40.0865058898926 40.0322685241699 39.6792373657227 39.3472442626953 39.159294128418 39.4009170532227 39.5133438110352 39.3914337158203 39.2537460327148 38.967903137207 38.4544143676758 37.4965934753418 37.3048324584961 37.2670249938965 37.3359870910645 37.3827438354492 36.9048309326172 36.3886795043945 37.0791893005371 38.1611366271973 37.4945869445801 37.6932830810547 37.2047958374023 36.8022766113281 36.6819343566895 35.7852401733398 34.7708435058594 35.4257621765137 35.1385917663574 35.4809799194336 35.651309967041 35.3740882873535 34.9413375854492
