inst/extdata/Tmax/Tmax1.asc
NCOLS 100 
NROWS 79 
XLLCORNER 148.06 
YLLCORNER -21.49 
CELLSIZE 0.01 
NODATA_value -3.4e+38 
[rows 40 to 59 of 79, columns 0 to 45 of 100]
34.934070587158203 34.603343963623 35.4787788391113 36.1176223754883 35.3076591491699 35.1602973937988 35.1443519592285 35.149528503418 34.460205078125 34.7850723266602 35.3321228027344 36.7632827758789 37.2300033569336 36.2023620605469 36.2621726989746 35.8246765136719 35.7172241210938 35.0584983825684 34.4376678466797 34.6393966674805 34.6195030212402 34.7282333374023 34.6938171386719 34.7080955505371 33.129222869873 33.3586540222168 32.5907096862793 32.5937080383301 32.9161987304688 31.9023513793945 30.9559516906738 29.9064159393311 31.4504585266113 31.2713527679443 30.7720756530762 31.1464042663574 30.7285308837891 27.9443511962891 27.4727764129639 27.0678863525391 26.6552467346191 25.8837184906006 25.3573226928711 25.1220302581787 24.8671035766602 26.6894550323486
35.3749313354492 35.1292762756348 35.2501106262207 35.9275245666504 36.0577125549316 35.9098510742188 35.1749153137207 35.5203094482422 35.1651153564453 35.7555084228516 35.7268333435059 36.554615020752 36.8127403259277 36.819278717041 36.0874977111816 36.8116912841797 36.0241928100586 35.0693778991699 34.380931854248 34.9067916870117 35.2904853820801 35.5252647399902 34.9238433837891 34.0107002258301 32.1154975891113 31.5821132659912 32.2437629699707 32.397533416748 32.6406021118164 32.1998100280762 31.0893211364746 30.9906845092773 31.2527523040771 31.8940925598145 29.0318565368652 30.0084762573242 29.4113121032715 27.8495597839355 27.728723526001 29.2781314849854 29.0705623626709 26.8373241424561 24.9310703277588 24.8498229980469 24.8972034454346 25.2529754638672
35.379524230957 35.3521766662598 35.6019630432129 35.6628456115723 35.5616836547852 35.4096374511719 35.3882637023926 35.7784881591797 35.497371673584 35.6838226318359 36.0848426818848 36.7555046081543 37.4775238037109 36.8751602172852 36.9338111877441 36.3879089355469 36.2919425964355 36.1287651062012 35.3825492858887 35.3226127624512 35.6268539428711 34.8891258239746 34.8596534729004 34.1389427185059 34.2444496154785 33.6671600341797 31.6639175415039 32.3900184631348 32.4011344909668 31.9207553863525 30.4503536224365 30.4015598297119 29.3382549285889 29.4465751647949 28.2745780944824 28.6394939422607 26.5162982940674 27.3766326904297 27.6736392974854 27.1476860046387 27.8886203765869 26.9964046478271 27.2844734191895 26.0021324157715 25.8713531494141 26.677906036377
34.6267967224121 35.1194725036621 35.5264625549316 35.6077194213867 35.8535041809082 35.6613616943359 36.3881072998047 36.1566314697266 35.6471672058105 35.5996017456055 35.7758407592773 36.382251739502 36.869083404541 37.0040283203125 37.378246307373 37.4135246276855 36.9457168579102 36.7097587585449 35.7425117492676 35.57568359375 35.6633796691895 35.5318336486816 34.9980125427246 33.6648063659668 33.8250503540039 33.7292098999023 33.3186569213867 33.0679397583008 32.3228340148926 32.5588836669922 31.4727096557617 31.0713920593262 32.3732948303223 31.1875514984131 31.5072154998779 25.526575088501 26.093713760376 26.2186527252197 26.4419326782227 26.0963745117188 25.7733345031738 26.4591789245605 26.1312675476074 26.8980693817139 28.3661575317383 30.5874786376953
34.3236885070801 34.9719924926758 34.8966941833496 34.8924026489258 35.5092239379883 35.651538848877 35.695384979248 35.8938598632812 35.712215423584 35.9238510131836 35.6997718811035 36.5464210510254 36.6057281494141 37.2189979553223 37.4907608032227 37.2640533447266 36.8487281799316 37.0238227844238 36.8560905456543 36.6710472106934 36.0998573303223 35.918830871582 35.1380004882812 35.6903762817383 34.9971504211426 33.8940124511719 33.8941841125488 33.2077713012695 33.5553588867188 32.7341117858887 32.5401420593262 32.1088333129883 32.5369300842285 34.3090400695801 34.2879981994629 26.3150253295898 25.1243648529053 25.1701221466064 25.2987575531006 25.8082752227783 25.588888168335 26.0471935272217 25.4700736999512 26.1733570098877 27.5774669647217 30.5358657836914
35.4554862976074 34.8865165710449 34.4166870117188 34.5534362792969 35.2132186889648 35.1197128295898 35.4054374694824 35.8065147399902 35.9110870361328 35.8249549865723 35.6668357849121 36.1719398498535 36.0357666015625 37.1106491088867 37.7179298400879 37.229679107666 36.7069473266602 37.2829055786133 36.5034103393555 36.224494934082 36.1341323852539 35.7865142822266 35.2581329345703 34.1904983520508 34.8932647705078 34.8493690490723 33.3173065185547 33.7097129821777 33.8699569702148 32.8448448181152 31.7949485778809 31.6848220825195 32.7182464599609 32.7383117675781 34.7726173400879 31.4357719421387 25.9173259735107 25.1710243225098 25.24196434021 25.9971733093262 25.3059043884277 25.709903717041 26.1884498596191 26.2141551971436 27.2146873474121 27.8371238708496
34.1558265686035 34.6261253356934 35.075798034668 34.3353233337402 34.2285346984863 34.6939468383789 35.3287086486816 35.4761009216309 35.4837417602539 35.2826499938965 35.8660621643066 35.9800643920898 35.1060829162598 35.7655906677246 37.1798324584961 35.9953460693359 36.0426635742188 37.1461181640625 36.9154815673828 35.6218490600586 35.8093223571777 35.4605178833008 35.5425415039062 35.8746604919434 33.3062591552734 33.6707038879395 33.6226425170898 33.8206405639648 33.9698181152344 34.1105804443359 32.5190963745117 32.0434341430664 31.6851940155029 31.9523620605469 33.3837394714355 33.374397277832 26.1190433502197 26.277437210083 26.1607494354248 26.8035564422607 26.1081199645996 26.0095291137695 26.2473316192627 31.8624629974365 27.5052165985107 26.5782203674316
35.4209938049316 34.2577285766602 35.2040519714355 34.1079597473145 34.1115913391113 34.3745269775391 34.5726585388184 34.5132179260254 34.3698043823242 35.0190315246582 34.769702911377 34.832160949707 35.1976737976074 36.0360374450684 36.9012336730957 37.0498924255371 36.4429588317871 36.8760452270508 36.7371368408203 35.7542114257812 36.3460998535156 36.288013458252 34.9379272460938 35.1727447509766 34.9211120605469 35.6665992736816 35.2284965515137 34.5959434509277 34.6969718933105 34.5796966552734 33.9815864562988 33.2657890319824 32.0654716491699 33.0456008911133 33.031795501709 31.9934482574463 31.7039527893066 29.6578521728516 27.518835067749 27.469820022583 26.981388092041 26.8860321044922 26.9079055786133 26.7473258972168 26.1074295043945 25.8326816558838
36.732494354248 34.928409576416 33.705451965332 33.3854904174805 33.520336151123 34.6012992858887 34.12548828125 34.0208854675293 33.9137115478516 34.7402572631836 34.9068145751953 34.7106513977051 35.1759948730469 36.218204498291 37.0521392822266 36.185718536377 36.2074012756348 35.8812980651855 36.422233581543 35.3802337646484 35.5080642700195 36.4848594665527 36.2533187866211 35.9341735839844 35.3313293457031 34.7599678039551 35.7630920410156 36.3845329284668 35.8031044006348 34.7063026428223 33.7566184997559 33.8470039367676 33.0178375244141 32.7736473083496 32.7440338134766 32.7635879516602 33.0801239013672 32.9072647094727 33.0251770019531 31.3121089935303 26.3481693267822 26.396692276001 26.6692562103271 26.2799854278564 26.2313098907471 25.8913879394531
36.9279556274414 35.9658889770508 35.0871543884277 33.265495300293 33.204517364502 33.3075485229492 33.8922729492188 33.9966468811035 33.9867668151855 35.4240379333496 36.2196350097656 35.6807632446289 35.2667846679688 35.4321937561035 35.5738677978516 35.6345520019531 36.1558456420898 36.339900970459 35.9680709838867 36.663200378418 35.5153350830078 36.0329284667969 36.4354209899902 36.2938117980957 35.7834739685059 36.2900581359863 34.7026214599609 35.8190650939941 35.2772064208984 34.5770378112793 33.6051445007324 34.1690788269043 32.3143119812012 32.2847480773926 32.5337028503418 29.1498928070068 33.2127723693848 32.9284782409668 32.6044998168945 32.7530822753906 31.3827781677246 26.2464962005615 25.9623146057129 28.220085144043 28.1738300323486 28.7170429229736
37.2821083068848 36.4423904418945 35.9895095825195 33.6309585571289 33.615364074707 33.2212600708008 33.374641418457 33.9968147277832 33.9326667785645 35.1558074951172 36.2384414672852 36.0329780578613 36.1497955322266 36.5169944763184 36.346996307373 35.9511566162109 36.2591705322266 36.2551078796387 36.276611328125 35.4883079528809 36.4504852294922 36.2676620483398 36.0024948120117 35.5493583679199 35.255184173584 35.2376403808594 34.8315925598145 34.2796936035156 35.2325096130371 35.0071487426758 33.9136619567871 34.1037635803223 32.6712760925293 32.8826904296875 31.2505264282227 32.266414642334 32.1800918579102 32.6151733398438 32.4430656433105 32.5354309082031 32.1506233215332 31.4239673614502 30.1688289642334 29.3408718109131 27.9870586395264 27.8685531616211
37.0480079650879 37.213508605957 36.0923538208008 34.4355850219727 34.180492401123 34.5728530883789 33.9564247131348 33.5196762084961 32.8653755187988 33.8263549804688 35.790943145752 36.4098510742188 36.621410369873 35.8108215332031 36.3753051757812 36.3124084472656 36.4746551513672 36.8261756896973 36.961986541748 35.7638359069824 36.6329917907715 36.5405044555664 35.1616897583008 35.1957511901855 35.0545310974121 34.1753692626953 34.0516510009766 34.2143363952637 35.0401802062988 35.7144165039062 35.5270767211914 33.4699897766113 33.1592559814453 32.2372131347656 31.9535102844238 31.4089756011963 31.4786548614502 32.2412185668945 32.1813430786133 32.1930160522461 31.49440574646 31.2264175415039 30.7458267211914 29.8592147827148 26.0416793823242 25.8580169677734
36.5078201293945 37.1032829284668 36.810375213623 33.3136901855469 32.8154067993164 33.6736145019531 33.5656585693359 33.7475204467773 32.8808212280273 33.0898475646973 34.8158111572266 34.4670639038086 35.3228912353516 36.4087409973145 36.0247688293457 36.4462203979492 36.6389465332031 36.9262733459473 36.8035125732422 36.6889228820801 36.6341590881348 36.4409027099609 36.2976112365723 35.2090797424316 36.1566505432129 35.8445701599121 34.4411125183105 34.5183372497559 34.6326866149902 35.3382453918457 35.3707733154297 34.0063629150391 33.0616836547852 32.4615211486816 32.4600105285645 33.1676940917969 31.3285999298096 31.0894451141357 31.8248844146729 32.9052276611328 32.8324241638184 32.134334564209 32.0743675231934 31.2575721740723 26.3374710083008 25.7529926300049
36.8193550109863 36.3033790588379 36.2262496948242 34.0642433166504 33.0481872558594 34.2893295288086 34.2733535766602 33.7433624267578 32.9625053405762 33.0933113098145 34.6261978149414 34.0958709716797 36.0972061157227 36.0688629150391 35.9539222717285 36.8086013793945 36.4823341369629 36.875186920166 35.6625823974609 36.5064964294434 36.6011428833008 36.665699005127 36.5001411437988 35.695484161377 35.0736122131348 35.2935829162598 35.3208503723145 34.775203704834 34.315486907959 34.6234016418457 35.0161209106445 35.2957000732422 35.2999229431152 34.5071411132812 33.533504486084 34.1235771179199 32.7827606201172 31.9305820465088 30.6676445007324 32.0484962463379 33.0944175720215 33.2764701843262 32.6890830993652 32.453929901123 29.9319648742676 29.4834499359131
36.5468597412109 35.7152061462402 35.9194564819336 35.0078353881836 34.5248107910156 34.316291809082 34.8515396118164 34.4126243591309 34.7170333862305 33.794376373291 33.8231201171875 34.6125526428223 34.8026885986328 35.7335166931152 36.5020027160645 36.686092376709 36.6113166809082 36.7956466674805 36.7696380615234 35.9607276916504 35.976375579834 36.6198501586914 36.1975593566895 36.6939239501953 35.8927192687988 35.2372360229492 34.732364654541 35.1443481445312 33.7738075256348 34.8941078186035 34.5517768859863 34.0368270874023 35.0255012512207 34.7610740661621 35.6444358825684 33.3088989257812 33.4197273254395 34.0319404602051 33.7383155822754 32.467716217041 32.4418296813965 31.6344833374023 30.8945178985596 30.096305847168 30.2308406829834 27.1371479034424
36.6290245056152 36.6630935668945 36.5130653381348 35.4601821899414 35.1094017028809 35.0093765258789 35.4352493286133 35.8240585327148 35.0407524108887 33.9056968688965 34.6731300354004 36.0062637329102 35.7079734802246 36.6749954223633 36.4751129150391 36.5999870300293 35.3381118774414 35.9490966796875 36.1149635314941 36.1488952636719 35.7736587524414 35.8457679748535 35.4688606262207 36.1022300720215 35.7612915039062 36.0280227661133 35.169506072998 35.5423583984375 34.4675140380859 34.9125518798828 35.0519142150879 34.5732574462891 33.8895606994629 33.8944511413574 34.3376731872559 34.9899597167969 34.6148147583008 34.495189666748 33.7238731384277 32.1298408508301 31.5159435272217 32.3102149963379 30.2902851104736 26.7307910919189 27.1463603973389 26.9119148254395
36.1290626525879 36.5370826721191 36.104621887207 36.6980781555176 35.5322341918945 34.2914810180664 34.9964637756348 35.7349510192871 35.3655700683594 34.6267013549805 34.4988670349121 36.229907989502 36.5834312438965 35.4432563781738 36.089298248291 36.5126266479492 35.2541618347168 35.6876106262207 36.0150985717773 35.1105690002441 35.2971382141113 35.619800567627 35.8360786437988 35.7149200439453 35.7635803222656 35.6919212341309 35.5023918151855 35.0182189941406 34.7129287719727 35.2159118652344 33.5562705993652 34.3950576782227 32.7934951782227 32.8397331237793 33.2768707275391 34.423397064209 33.7995262145996 32.7495155334473 32.6621894836426 27.9164543151855 27.5756168365479 31.1322212219238 29.9159984588623 26.2875328063965 26.7672061920166 26.9152221679688
36.5984954833984 36.9129943847656 36.5361747741699 36.3207931518555 35.8540077209473 36.1416816711426 35.0868186950684 35.0195655822754 35.4391555786133 35.3547897338867 33.9987525939941 35.2505989074707 36.5962600708008 36.3081092834473 35.8991775512695 36.4551773071289 35.9079208374023 35.7095565795898 34.3825531005859 35.6063003540039 35.9257850646973 36.0114860534668 35.1779251098633 35.6471939086914 36.3503379821777 35.6848373413086 35.5230941772461 35.0539932250977 35.1500854492188 35.6292343139648 34.9778327941895 34.8601036071777 34.6830368041992 34.1319389343262 32.9844932556152 33.0692863464355 33.9612693786621 33.1670303344727 31.9972705841064 27.8075637817383 27.6936283111572 31.835823059082 27.2701244354248 26.9943962097168 26.3516407012939 26.5322513580322
36.8377685546875 36.7950859069824 36.9128761291504 36.540843963623 36.4785537719727 35.8517265319824 34.8740005493164 34.6923904418945 34.965934753418 34.0300331115723 34.3063583374023 36.3295097351074 36.0588035583496 36.7562484741211 35.8817176818848 35.9507293701172 34.7885780334473 34.6528282165527 34.6062660217285 34.6487007141113 34.7220649719238 35.083797454834 34.4068603515625 35.0390968322754 36.2423477172852 35.5940551757812 35.2473030090332 35.3363876342773 35.1639404296875 35.6771965026855 34.8782844543457 34.8520240783691 34.7224159240723 34.1548728942871 34.093318939209 33.059383392334 33.0000305175781 32.5315361022949 28.4287586212158 28.3274974822998 28.0238189697266 31.2381496429443 27.3867130279541 26.5837421417236 26.6321182250977 26.5344734191895
36.6462440490723 36.0386619567871 36.7801055908203 35.7330436706543 36.4642333984375 35.2415351867676 35.1422843933105 34.4962310791016 34.9407119750977 34.0562896728516 34.0930137634277 33.7253036499023 35.5714149475098 36.4320487976074 36.3945121765137 35.6852035522461 34.5635833740234 34.6750984191895 34.5859298706055 33.9127082824707 34.2500152587891 35.6207008361816 34.6777076721191 35.0071220397949 35.0468597412109 35.519905090332 35.3558387756348 35.1680755615234 35.3487434387207 35.9977416992188 35.0426139831543 34.6455764770508 34.2632751464844 35.0077857971191 34.6444244384766 34.2644653320312 33.6139488220215 32.4042015075684 31.8325233459473 31.7478179931641 31.1543979644775 31.207986831665 30.4821815490723 26.6963233947754 26.5862503051758 26.5781517028809
