inst/extdata/Tmax/Tmax60.asc
NCOLS 100 
NROWS 79 
XLLCORNER 148.06 
YLLCORNER -21.49 
CELLSIZE 0.01 
NODATA_value -3.4e+38 
[rows 0 to 19 of 79, columns 0 to 45 of 100]
35.167446136474602 34.7897033691406 33.6984596252441 34.1220092773438 34.295482635498 34.7955474853516 35.0349349975586 35.2421760559082 35.2030754089355 35.0088195800781 34.4718704223633 34.2465629577637 34.1641883850098 32.7678718566895 33.3335494995117 33.824462890625 34.2874183654785 34.254451751709 33.3362503051758 32.5893669128418 32.436149597168 31.3833198547363 31.8860721588135 33.3597831726074 33.9541854858398 34.2525405883789 34.1295700073242 34.1904106140137 33.8438758850098 33.4331321716309 32.4460182189941 30.3147354125977 31.7960052490234 31.7133827209473 30.3485717773438 29.2688598632812 29.1656532287598 28.8106880187988 29.5330009460449 31.6386451721191 33.4128761291504 33.7407073974609 34.5957717895508 34.9997978210449 35.2153205871582 35.3826751708984
34.9656677246094 34.3802032470703 33.5116958618164 33.6279754638672 32.9890785217285 34.0452728271484 34.7157402038574 35.1052627563477 35.267520904541 35.1377487182617 34.749454498291 34.3985252380371 34.5412979125977 34.0667114257812 33.8877105712891 33.767406463623 34.2611045837402 34.2999954223633 33.1666603088379 32.495922088623 33.1113548278809 32.8354644775391 32.7204360961914 33.2397308349609 33.7894973754883 34.0119552612305 34.3570213317871 34.3017501831055 34.0674209594727 33.8335075378418 32.8769454956055 31.2797966003418 32.6478004455566 32.1842041015625 31.4223499298096 30.3169765472412 29.8446102142334 30.2729091644287 31.5463314056396 32.8641891479492 34.6025772094727 35.1072845458984 35.2656364440918 35.2788734436035 35.3576164245605 35.4219703674316
34.9486198425293 34.0266799926758 34.1647758483887 34.3244590759277 33.8077392578125 33.9543838500977 34.4380989074707 35.1176376342773 35.3418083190918 35.190372467041 34.8607635498047 34.7209663391113 34.6258811950684 34.5734939575195 34.2323913574219 34.070629119873 34.3347396850586 34.5163421630859 33.8596115112305 33.6509971618652 33.4929466247559 33.1297760009766 32.8760108947754 33.0304985046387 34.0252532958984 34.3501091003418 34.1788597106934 34.1602210998535 34.1707534790039 33.821949005127 33.9001045227051 32.7720909118652 33.0693054199219 31.6484298706055 31.3100852966309 30.5812473297119 29.9939785003662 29.5287189483643 30.6786766052246 32.1053237915039 33.7339363098145 34.9373245239258 35.3291511535645 35.4239234924316 35.4159736633301 35.3765449523926
35.2015113830566 34.8062019348145 34.4164886474609 35.159839630127 34.562557220459 34.0753479003906 34.5338973999023 35.2190551757812 35.4318962097168 35.2791862487793 35.1161270141602 35.0827865600586 34.9681205749512 34.7837257385254 34.2836265563965 34.094482421875 34.5357856750488 34.5963554382324 34.3471145629883 33.8108673095703 33.4468040466309 33.0214538574219 33.1265563964844 33.0973663330078 33.7994766235352 34.3241767883301 33.9151153564453 34.2366218566895 34.0328330993652 33.0760307312012 33.7452239990234 33.8484878540039 32.9865608215332 31.5359001159668 30.8819217681885 29.8872852325439 30.2133884429932 29.6802864074707 29.5723915100098 29.1102905273438 30.8254280090332 34.014045715332 35.1158866882324 35.3951187133789 35.1100044250488 35.0055389404297
35.8766784667969 35.2290534973145 34.9448547363281 35.4471778869629 35.1763725280762 34.4182319641113 34.4740943908691 35.2612495422363 35.4511871337891 35.010311126709 35.0258445739746 35.2844543457031 35.1441040039062 34.8197250366211 34.3971328735352 34.5923843383789 34.7076301574707 34.4029655456543 33.8696060180664 33.0174942016602 33.2471923828125 33.4621353149414 33.6279220581055 33.8722648620605 33.8933143615723 33.514762878418 34.4102058410645 33.9577751159668 33.8161697387695 33.2509651184082 33.6897392272949 33.4946670532227 33.1450233459473 31.9984340667725 31.4067192077637 31.7922649383545 31.4465599060059 30.8162403106689 30.1928234100342 29.4076671600342 29.0761775970459 33.009334564209 34.7813453674316 35.2958030700684 34.5000648498535 33.6769943237305
36.0666694641113 35.7815628051758 34.9401893615723 35.4748954772949 35.5725326538086 35.0769195556641 34.7495155334473 35.3120727539062 35.5184707641602 35.1783294677734 35.0546035766602 35.3924598693848 35.2126541137695 34.8898391723633 34.1127052307129 34.7352600097656 34.654613494873 34.1226577758789 33.4857025146484 33.004638671875 33.1365928649902 33.4574851989746 33.8440589904785 33.8564224243164 34.222526550293 34.1070671081543 34.2236480712891 33.3254013061523 33.335636138916 32.0691261291504 32.9558143615723 33.5446891784668 33.6736526489258 33.2969245910645 32.8948745727539 32.8358459472656 31.8621711730957 31.2994689941406 30.9288177490234 29.9719429016113 29.4389171600342 32.5151062011719 34.658561706543 35.2578125 34.6939544677734 32.2794151306152
36.3059158325195 36.0034561157227 35.5490417480469 35.7676811218262 35.7174530029297 35.2692756652832 34.4929466247559 35.1878471374512 35.4288482666016 35.6099739074707 35.5485382080078 35.3710021972656 34.8617401123047 35.0104331970215 34.9855270385742 34.8236122131348 34.6079902648926 33.9410552978516 33.6997871398926 33.3523559570312 32.6737480163574 32.9363670349121 33.5148429870605 33.9948768615723 34.4334449768066 34.3576240539551 34.401309967041 33.7593536376953 33.3419799804688 31.9248428344727 31.9492607116699 32.1096000671387 33.2726860046387 33.4914703369141 32.9598045349121 32.8457946777344 32.1849555969238 30.5429134368896 30.8509502410889 30.3404273986816 30.1663932800293 32.3061943054199 34.4225997924805 34.9967880249023 34.7556190490723 32.8104858398438
36.3013954162598 36.195556640625 35.8538627624512 35.9010772705078 35.8623542785645 35.5470237731934 34.8415069580078 34.699520111084 35.094898223877 35.529369354248 35.6757125854492 35.3284111022949 34.5140991210938 34.7997169494629 35.0945663452148 34.2659072875977 34.2248458862305 33.3096199035645 33.2345275878906 32.9669342041016 32.1749153137207 32.7624664306641 33.3034896850586 33.9928741455078 34.5821342468262 34.6122817993164 34.1307220458984 33.5998497009277 33.3986892700195 32.4940605163574 30.9253005981445 31.2959499359131 31.7226619720459 32.4585151672363 32.9425582885742 32.2346153259277 32.3436393737793 31.3013515472412 30.1130790710449 30.4795265197754 30.7566146850586 32.1349105834961 33.3751029968262 34.601505279541 34.5625648498535 32.4220390319824
36.006778717041 36.3005523681641 36.10888671875 36.0600242614746 35.9080429077148 35.6142654418945 35.1798248291016 34.6172065734863 34.8457374572754 35.4974365234375 35.7052841186523 35.6521072387695 35.4057312011719 35.2319793701172 34.7974281311035 33.8777046203613 34.1338920593262 33.8392562866211 34.0206336975098 32.9145202636719 32.9315795898438 32.7661514282227 32.9054145812988 33.745304107666 34.4782066345215 34.716724395752 33.6137084960938 32.5616607666016 32.6850204467773 32.5908508300781 31.8943920135498 31.2434406280518 30.740837097168 31.3207130432129 32.4406776428223 31.7214813232422 31.4585132598877 31.4182529449463 30.2938938140869 29.9236335754395 30.2117729187012 30.3648128509521 31.4793300628662 33.4249610900879 34.0059928894043 32.5295295715332
35.6513595581055 36.1856918334961 36.2806701660156 36.1158485412598 35.8708724975586 35.7328300476074 35.4977874755859 34.9379234313965 34.5433235168457 35.4001502990723 35.7074356079102 35.2227096557617 34.3491477966309 34.4455490112305 34.5881309509277 34.5716590881348 34.633918762207 34.4601402282715 34.2181930541992 33.850715637207 33.467212677002 32.7099685668945 33.133129119873 34.170093536377 34.7385902404785 34.6277198791504 33.7856407165527 33.6029396057129 33.0004959106445 32.3937034606934 30.8990859985352 30.453634262085 31.7737560272217 31.6217002868652 31.3887214660645 31.1229228973389 30.8793411254883 31.2544803619385 30.6135082244873 29.7278690338135 29.7880439758301 29.2209339141846 30.1915874481201 31.6296367645264 32.036808013916 31.292724609375
35.2498245239258 35.6620178222656 36.3028030395508 36.1942825317383 36.0400238037109 35.9477615356445 35.7230110168457 35.2723121643066 35.2650871276855 35.5689926147461 35.7606010437012 35.30322265625 34.9018440246582 33.9910278320312 34.2189826965332 34.5909423828125 34.7687301635742 35.022102355957 34.4783210754395 34.2477111816406 33.7681465148926 33.333137512207 33.4401473999023 34.153938293457 34.7072982788086 34.606575012207 33.7733345031738 32.8679733276367 31.6654243469238 31.6806640625 31.2594661712646 31.212272644043 32.2739524841309 31.9806156158447 30.9068088531494 30.615478515625 31.2128963470459 30.8828067779541 30.4382266998291 29.7881755828857 29.876091003418 29.5898532867432 29.2413768768311 30.0942306518555 30.6461086273193 31.0507907867432
35.0462646484375 35.1511878967285 36.2612648010254 36.273738861084 36.1795654296875 36.0363426208496 35.8372344970703 35.4320869445801 35.4935913085938 35.8716888427734 35.8182182312012 35.589786529541 35.1455307006836 34.5456581115723 34.4330711364746 34.8275108337402 35.2376556396484 35.2342338562012 34.9240875244141 34.3646430969238 33.751823425293 33.359504699707 33.576717376709 33.7806205749512 34.0675277709961 34.5030097961426 33.3178787231445 32.3570976257324 31.633113861084 31.9421348571777 32.0420532226562 31.9605865478516 32.4898948669434 31.8583869934082 31.5705375671387 31.4805870056152 30.9793872833252 30.2825527191162 30.9422035217285 31.2436408996582 30.7321147918701 30.2118091583252 29.5909805297852 30.1572074890137 30.8257007598877 31.3369197845459
35.2428741455078 35.892219543457 36.2437705993652 36.2073402404785 36.2347297668457 36.127799987793 35.96826171875 35.5116424560547 35.6336631774902 36.0352554321289 35.8009414672852 35.7296333312988 35.474609375 35.5793571472168 35.471363067627 35.4619064331055 35.4978103637695 35.4066772460938 35.1412963867188 34.5038604736328 34.1806640625 34.4007148742676 34.7442092895508 35.0515098571777 34.8847045898438 34.374927520752 34.1460990905762 33.558666229248 33.1251182556152 32.916015625 33.0128326416016 32.7789459228516 32.6786651611328 31.9905834197998 31.3204669952393 30.7884159088135 30.1538829803467 31.52467918396 31.8970394134521 31.8506641387939 30.2287788391113 30.168384552002 29.5931701660156 29.3023834228516 30.9013862609863 31.6141052246094
35.796760559082 36.0848846435547 36.1731376647949 36.0850028991699 36.1170997619629 36.1913299560547 36.1347846984863 35.9975662231445 35.7517433166504 35.9379043579102 35.9140243530273 35.8412017822266 35.6948776245117 35.5815162658691 35.4622001647949 35.3799171447754 35.5825233459473 35.4822120666504 35.3191032409668 35.1936187744141 35.0814361572266 35.052059173584 34.8138122558594 34.9767913818359 34.4429397583008 33.2034111022949 33.1599082946777 32.666332244873 32.004077911377 32.9727592468262 33.3328552246094 33.3050384521484 32.4025955200195 32.0479621887207 31.9196949005127 31.8687343597412 31.8646278381348 31.5024509429932 32.2859535217285 32.7272796630859 32.1104011535645 31.5825347900391 30.8155364990234 30.1705627441406 31.4890327453613 32.1243362426758
34.8406295776367 35.5807304382324 36.1295585632324 36.0568542480469 35.9159736633301 36.0534019470215 36.016731262207 35.8207244873047 35.3113670349121 35.3848571777344 35.815258026123 35.5912437438965 34.950382232666 35.1752395629883 35.4202537536621 34.748477935791 35.3125343322754 35.5528297424316 35.5042572021484 35.4565849304199 35.401554107666 34.9136962890625 34.1364135742188 34.6395492553711 34.4445190429688 34.1256217956543 34.0540809631348 33.6519966125488 33.2214698791504 33.5609817504883 33.5240020751953 33.2227439880371 32.6944961547852 33.0104637145996 32.9826316833496 31.8555030822754 32.5581283569336 31.5464954376221 31.9592456817627 32.9119720458984 32.9072074890137 32.6203269958496 31.7139282226562 30.7257308959961 31.5168266296387 32.4744338989258
33.768985748291 35.036750793457 35.9772300720215 36.1523361206055 36.0825424194336 36.0648803710938 35.9533615112305 35.8291358947754 35.5736503601074 34.9511795043945 34.4731101989746 35.4053115844727 34.3880348205566 34.0238418579102 35.118953704834 34.691535949707 34.6894760131836 35.2813186645508 35.3322525024414 35.3490295410156 35.3766593933105 35.3625335693359 35.2065086364746 34.9300422668457 34.4256858825684 33.9689598083496 34.0098571777344 33.9502258300781 33.8968467712402 33.6889495849609 33.4980316162109 33.0219955444336 32.7042694091797 33.5025100708008 33.3712921142578 33.0620040893555 33.0955429077148 32.4238967895508 32.0205917358398 32.8645782470703 33.1214141845703 32.382381439209 30.8662147521973 29.5579528808594 30.1154289245605 32.228816986084
34.9888763427734 34.8094367980957 35.5419044494629 35.788948059082 36.0820274353027 36.0577812194824 35.9277992248535 35.7703514099121 35.5941581726074 35.2508773803711 34.4754791259766 35.0062026977539 33.7426834106445 33.4627075195312 34.3927612304688 34.2338714599609 33.4285202026367 34.7753868103027 34.7848281860352 34.7775192260742 35.1106643676758 35.3242988586426 35.2199249267578 34.7120132446289 33.7093467712402 33.0340843200684 32.5933380126953 33.010684967041 33.6948471069336 33.0209159851074 32.7803497314453 31.8984298706055 32.7672538757324 33.8008193969727 33.5963706970215 33.3818016052246 33.4595375061035 32.9622116088867 32.5410842895508 32.9050178527832 33.1686325073242 31.8517475128174 30.681941986084 31.0770568847656 31.5209312438965 32.2569770812988
35.1415824890137 35.5915336608887 35.6984214782715 35.7302780151367 35.9192810058594 36.0041694641113 35.9441032409668 35.8559722900391 35.6798477172852 35.1345901489258 34.6711044311523 34.2311744689941 33.7626113891602 33.349235534668 33.9862785339355 33.8330574035645 33.885498046875 33.6851348876953 33.4002494812012 33.3966522216797 34.8035125732422 35.1520767211914 35.1441345214844 35.0314865112305 34.3326263427734 32.9787864685059 31.3583564758301 32.3409729003906 33.3139686584473 32.2110366821289 32.6761932373047 33.3870697021484 33.7566146850586 34.1028518676758 34.0168228149414 33.7975616455078 33.2487983703613 32.2846641540527 32.8459510803223 33.1398162841797 33.5427093505859 33.1545829772949 32.9944801330566 32.9906120300293 32.9552612304688 32.3074035644531
35.4267616271973 35.4321823120117 35.2633247375488 35.4025421142578 35.967700958252 35.854907989502 35.8903656005859 35.8865013122559 35.7893753051758 35.3770866394043 34.0597839355469 34.1809158325195 33.6845932006836 32.3873519897461 33.263011932373 33.0097274780273 32.8338623046875 32.0447807312012 33.0340003967285 33.4871292114258 34.8016967773438 34.8507347106934 35.0326919555664 35.1749114990234 34.170051574707 32.9292945861816 31.6067962646484 32.5324249267578 33.2695083618164 32.7091674804688 33.3081703186035 33.8516426086426 34.3232002258301 34.348934173584 33.847053527832 33.5585784912109 33.152515411377 32.8569869995117 33.4987831115723 33.6211738586426 33.6894340515137 33.6195106506348 33.4920272827148 32.7486839294434 31.7791614532471 31.7575950622559
35.599308013916 35.6077842712402 35.5944595336914 35.4401435852051 35.9825286865234 35.9965553283691 35.9405479431152 35.8885231018066 35.8219718933105 35.7165718078613 35.3385772705078 34.4731864929199 33.5053977966309 32.1466979980469 32.5324249267578 32.5051460266113 32.0217895507812 32.3666381835938 32.6729888916016 33.889705657959 34.8277854919434 34.3522911071777 35.2001342773438 35.0341300964355 34.3505592346191 34.0842819213867 32.8604965209961 33.0016250610352 33.4267692565918 33.2421951293945 33.972957611084 33.9560241699219 34.4939727783203 34.4292221069336 34.2717399597168 34.0023307800293 33.0418395996094 33.2605285644531 33.5879211425781 33.6026191711426 33.6637001037598 33.5247497558594 33.454288482666 32.8749122619629 32.8096504211426 32.6805114746094
