inst/extdata/Tmax/Tmax17.asc
NCOLS 100 
NROWS 79 
XLLCORNER 148.06 
YLLCORNER -21.49 
CELLSIZE 0.01 
NODATA_value -3.4e+38 
[rows 20 to 39 of 79, columns 46 to 91 of 100]
27.8079967498779 26.2902946472168 25.90793800354 26.9503803253174 26.6345977783203 26.3297901153564 25.2875308990479 24.389575958252 26.3540687561035 27.7116203308105 28.0837364196777 28.4935245513916 28.3470230102539 28.8540649414062 27.834997177124 28.3814029693604 28.4757804870605 28.7594528198242 29.9183177947998 29.7031326293945 31.5051765441895 33.6480941772461 34.6111145019531 34.220329284668 32.6981582641602 33.0575485229492 33.7736587524414 32.207145690918 31.228645324707 32.1613006591797 31.3139476776123 31.9289684295654 32.3083229064941 33.2060737609863 32.8728294372559 31.4023742675781 30.7784976959229 30.6023044586182 31.985179901123 33.301513671875 32.3082847595215 32.8058013916016 32.0177230834961 31.6006450653076 31.6463260650635 32.3528251647949
30.2752094268799 25.4013233184814 25.0235042572021 26.0602779388428 25.8035163879395 25.1502780914307 25.9649524688721 24.7301692962646 25.4774513244629 27.3654842376709 29.1777362823486 27.0098724365234 26.5554008483887 28.289680480957 26.9991664886475 27.0427112579346 27.6547317504883 28.8972091674805 28.6610774993896 29.1650199890137 31.6666393280029 33.9842109680176 28.7376270294189 28.6142635345459 31.9565620422363 33.5348739624023 34.6491012573242 31.1183032989502 31.9622955322266 30.8281898498535 31.0768013000488 30.9855060577393 31.5408821105957 31.050952911377 32.5260124206543 32.2743492126465 32.1529197692871 32.3325805664062 31.457067489624 34.5966911315918 33.3136711120605 32.0331001281738 30.8228759765625 30.1043529510498 29.3826103210449 29.6158809661865
31.1858959197998 27.2204742431641 26.0268325805664 25.7823009490967 24.9603652954102 25.8197250366211 25.1678466796875 25.679838180542 25.0202617645264 25.7322273254395 27.5731983184814 27.8435878753662 26.9537506103516 26.8485908508301 26.7367935180664 27.219596862793 27.8275871276855 28.2398300170898 27.3233089447021 28.2284641265869 33.6959457397461 31.8658962249756 28.5351982116699 27.8504161834717 28.2425098419189 28.3639812469482 31.2724437713623 33.7994613647461 30.5769882202148 33.314567565918 34.1771240234375 35.4707069396973 32.5930442810059 31.4579696655273 32.3552398681641 32.8321304321289 34.1706237792969 33.7753257751465 34.9904937744141 33.1060905456543 32.0684432983398 32.8839263916016 32.120548248291 32.202953338623 28.3056659698486 28.3854427337646
31.2006320953369 27.0694789886475 26.895866394043 25.881067276001 24.0660781860352 25.4369831085205 26.1332588195801 25.4921722412109 25.4534645080566 25.7008075714111 26.606050491333 25.9788646697998 26.8936614990234 26.2448673248291 30.4384613037109 31.5557670593262 27.4530982971191 27.7527847290039 27.0622367858887 28.0594158172607 32.3820762634277 30.9546546936035 29.7083396911621 27.2734985351562 27.8363304138184 28.413215637207 28.6190814971924 32.5971450805664 31.9847469329834 30.4089984893799 31.6477184295654 31.8266696929932 32.2867240905762 31.8531589508057 31.7766342163086 31.9391212463379 32.8708152770996 34.060131072998 34.2817153930664 34.1382026672363 33.678840637207 33.1520462036133 31.7494640350342 31.9712657928467 30.3703346252441 27.8018627166748
29.9748115539551 30.1405811309814 30.2114200592041 26.8382244110107 26.5985794067383 25.8129425048828 25.3919639587402 25.4709568023682 26.0941257476807 25.5020542144775 25.7935161590576 25.3251876831055 26.7776260375977 33.4619407653809 26.6024398803711 27.5241432189941 28.2219371795654 28.3887481689453 27.9879302978516 29.2513294219971 31.9151363372803 31.6694850921631 28.8636608123779 28.0950794219971 28.1141471862793 28.6772193908691 28.3722324371338 28.4555702209473 28.3599796295166 32.1395530700684 33.8327140808105 33.0808448791504 31.7057609558105 32.3655548095703 31.0243339538574 30.6115207672119 33.1813735961914 28.3092136383057 33.0542640686035 34.014045715332 34.2464027404785 32.2143173217773 34.288875579834 33.1919364929199 31.7808895111084 29.6391620635986
24.9832420349121 25.8747959136963 26.6086006164551 26.5281238555908 25.9366474151611 25.0744686126709 24.6915473937988 24.3083267211914 25.4341125488281 25.8498668670654 25.5481433868408 25.492992401123 26.9729480743408 27.9925003051758 27.9707584381104 27.945686340332 28.0147609710693 30.9040546417236 32.1905860900879 29.2857818603516 29.1845169067383 29.1581344604492 27.9071636199951 27.6941146850586 27.8864707946777 28.4873657226562 28.559326171875 27.9407634735107 31.2530956268311 29.272439956665 33.7836532592773 32.8232765197754 33.8848876953125 31.0753440856934 31.7566776275635 30.5666351318359 32.181339263916 30.3295383453369 30.5420265197754 34.0116844177246 30.2253284454346 27.9088439941406 27.7203712463379 32.4390258789062 32.9855766296387 30.4335765838623
24.7836437225342 24.8180656433105 25.3311653137207 25.7694549560547 26.0179424285889 23.9645919799805 23.667049407959 24.4576473236084 25.0417633056641 25.6947841644287 25.8700408935547 26.3982563018799 27.806921005249 28.5659351348877 28.5215015411377 28.7085838317871 30.0945911407471 30.1756858825684 30.2386360168457 29.1464691162109 28.8733234405518 30.1457500457764 30.2859268188477 29.9174995422363 32.6482620239258 28.2735748291016 30.8461952209473 30.3371105194092 28.9079780578613 28.2909297943115 27.8580055236816 35.3256187438965 30.591703414917 31.2073974609375 32.770809173584 31.758960723877 32.3634910583496 31.2475929260254 28.515697479248 28.8257637023926 33.7734680175781 32.3873023986816 28.6623687744141 28.2144241333008 32.259952545166 31.4430236816406
25.2711505889893 24.6542892456055 24.8531684875488 24.9705791473389 25.4525909423828 23.6488075256348 23.3733367919922 23.4358730316162 24.8960514068604 25.722562789917 25.2567043304443 25.3934669494629 26.7200317382812 27.5490570068359 28.6129264831543 28.2531890869141 28.8052597045898 30.2636871337891 29.1123657226562 28.1671161651611 28.998348236084 30.1563549041748 32.024486541748 34.5293312072754 34.0460205078125 33.9540176391602 30.0425243377686 30.9918327331543 29.2332820892334 28.4896755218506 28.4093246459961 33.558952331543 31.8260231018066 30.4513645172119 31.1910438537598 31.2695960998535 31.2937965393066 32.0308647155762 28.8795909881592 27.8247394561768 27.5643501281738 27.1836681365967 31.3184471130371 27.7451229095459 28.6414985656738 30.5008640289307
26.0708637237549 25.3908843994141 25.5063972473145 25.0088977813721 25.1186408996582 23.7733497619629 24.9037418365479 24.5072631835938 24.8449573516846 24.9946422576904 25.1137447357178 25.3695316314697 25.4000797271729 26.8528709411621 28.015905380249 27.7777462005615 28.8730487823486 29.7886924743652 29.0588340759277 28.0179824829102 28.2080192565918 32.0045890808105 32.8210563659668 34.5504150390625 34.0958442687988 35.1101341247559 31.4141826629639 33.7169189453125 31.1583194732666 28.2729530334473 28.407320022583 32.3795051574707 32.385856628418 32.074592590332 30.1782817840576 30.9442863464355 32.1947441101074 32.2529373168945 34.2439460754395 31.3032512664795 33.5447616577148 32.3361854553223 27.3006591796875 27.8119583129883 32.9556465148926 31.8301391601562
26.8854484558105 26.8155956268311 26.2358798980713 26.3331928253174 25.5779514312744 25.2777481079102 25.2713680267334 24.2005367279053 24.7005519866943 24.5286293029785 23.7955455780029 24.9556636810303 25.1905117034912 26.8870983123779 27.3948383331299 26.5041275024414 27.8011093139648 28.223503112793 28.2087383270264 28.497049331665 28.4452705383301 29.9118595123291 30.4274101257324 32.7934722900391 34.9460906982422 33.0144653320312 32.9279022216797 31.2756576538086 31.680700302124 28.2231693267822 28.3295574188232 30.8786849975586 31.7927913665771 30.3848361968994 31.9278602600098 30.0038642883301 32.0506134033203 30.7136764526367 32.8429832458496 29.1791877746582 28.1949481964111 27.7576084136963 29.8495006561279 27.1406288146973 28.6376171112061 30.0620269775391
25.7521724700928 25.5651054382324 25.7781314849854 25.6099796295166 25.5193309783936 25.5454788208008 24.3275775909424 24.3218116760254 23.6909599304199 24.2120323181152 23.210355758667 24.6870498657227 24.199161529541 25.7881546020508 26.6762866973877 25.672779083252 25.9574756622314 27.7610454559326 28.4772033691406 29.9119358062744 29.1029224395752 29.516773223877 30.5314826965332 31.1633815765381 31.27121925354 31.761100769043 32.4622802734375 33.736873626709 33.9182777404785 32.6367378234863 30.1584224700928 31.3243408203125 32.2789535522461 31.7153358459473 33.8335456848145 34.6528472900391 31.531322479248 30.3458690643311 30.5460758209229 31.3838653564453 30.7457427978516 29.9722957611084 27.8244361877441 32.3482475280762 32.8289375305176 29.676851272583
24.9669303894043 25.5444507598877 25.7009563446045 25.6081295013428 24.7759666442871 25.609302520752 24.517448425293 23.4677715301514 22.8248748779297 22.713415145874 22.8122386932373 23.3564319610596 30.6960887908936 26.060583114624 25.7810020446777 25.6308307647705 27.3240413665771 28.183500289917 28.6625785827637 29.1395168304443 32.1901397705078 30.9363899230957 31.3353710174561 30.8629169464111 31.5241203308105 32.8465118408203 34.9697189331055 32.6148643493652 33.3299255371094 30.3773975372314 28.5776023864746 31.5798969268799 31.753044128418 30.4844970703125 32.9734878540039 34.780876159668 33.7147102355957 30.5583972930908 31.1341323852539 33.6207542419434 29.1938533782959 28.5311374664307 30.2399272918701 29.7397117614746 32.1017074584961 31.6123142242432
24.8664588928223 25.2477588653564 25.2233543395996 25.4967975616455 25.4803104400635 25.3900241851807 25.2616958618164 24.1578617095947 23.775764465332 23.8160171508789 22.8749752044678 22.9381980895996 23.8559551239014 25.7897090911865 25.7335357666016 26.6234531402588 27.0232238769531 27.434757232666 28.5164623260498 29.0289497375488 30.4619884490967 30.4059410095215 30.4614238739014 30.2170867919922 31.0298252105713 32.9578857421875 34.854549407959 31.6110496520996 28.4964923858643 28.5356483459473 28.6009368896484 32.3858299255371 33.934684753418 30.5569953918457 32.9152069091797 34.5791702270508 30.8357334136963 30.7970733642578 31.9984111785889 32.9709205627441 33.3608131408691 33.0612945556641 26.8320465087891 27.5946006774902 27.5305004119873 27.7711524963379
25.1244029998779 24.4558181762695 24.6884346008301 25.2971172332764 25.4054679870605 25.3266563415527 24.9416904449463 24.4675674438477 24.8889865875244 24.4501724243164 24.1076831817627 23.9779891967773 25.0522632598877 25.5591735839844 25.3382301330566 26.7158966064453 27.3674297332764 27.904935836792 28.511646270752 28.6986885070801 31.4948902130127 34.3029289245605 35.7199478149414 29.2369842529297 29.1895160675049 29.2362060546875 28.9690093994141 31.5482978820801 30.597635269165 32.1986885070801 31.5180778503418 31.9585781097412 31.0107078552246 32.8717346191406 33.1524848937988 28.8234252929688 32.0102729797363 31.7814331054688 33.4198722839355 33.5282135009766 30.8183460235596 32.125129699707 31.5212059020996 29.8325805664062 29.8315029144287 29.3359279632568
26.1650848388672 24.9085311889648 24.7696361541748 24.3972434997559 25.1580753326416 25.0482349395752 25.0070552825928 25.6682796478271 25.2584590911865 24.4550724029541 24.9910507202148 25.4333057403564 25.8945655822754 24.8090400695801 25.1896495819092 26.2390365600586 27.6919937133789 28.5674247741699 27.96484375 28.9879341125488 30.9898624420166 33.903205871582 34.6182518005371 29.2088775634766 28.5251846313477 28.7535648345947 29.2341079711914 29.2964038848877 30.8612651824951 31.0936965942383 33.8077545166016 35.1588554382324 35.7356262207031 33.3522109985352 34.2589263916016 30.9812469482422 32.1559524536133 32.3600273132324 31.5390357971191 32.5639457702637 33.2341842651367 30.7612590789795 28.3575897216797 30.8637752532959 30.4321918487549 31.2588577270508
25.8868560791016 25.0684661865234 24.8106327056885 24.8350238800049 25.0396919250488 24.9255428314209 25.4717063903809 26.5140228271484 31.8660011291504 24.6517543792725 26.6786003112793 27.1689529418945 27.1660919189453 25.054235458374 25.7989978790283 25.9101295471191 27.0861015319824 27.5131855010986 27.4552974700928 28.4508495330811 29.0843505859375 29.6460151672363 31.4779491424561 34.5890426635742 29.5857009887695 28.9923248291016 28.4375591278076 28.5831508636475 31.5574035644531 35.8219871520996 32.0260963439941 29.1919174194336 34.9137840270996 33.0104446411133 32.7478103637695 29.4506206512451 31.5480213165283 30.8047714233398 34.3940963745117 34.0273742675781 32.1079063415527 32.1436386108398 31.6124439239502 31.6964073181152 31.7503643035889 33.1066551208496
25.3075428009033 25.0898017883301 24.859338760376 25.1683254241943 25.237943649292 25.406192779541 25.5678863525391 27.278205871582 27.30983543396 25.8762588500977 28.0038814544678 28.4975547790527 28.1884136199951 26.821533203125 26.9394779205322 27.5109939575195 27.9694652557373 28.5559539794922 28.7843227386475 28.9568958282471 29.2049140930176 29.6257019042969 27.9386291503906 28.0139141082764 28.4913120269775 28.0549869537354 28.4242210388184 34.0292930603027 31.6678047180176 35.3066825866699 28.7025356292725 28.06862449646 28.6866855621338 32.3415374755859 33.0493392944336 31.8489360809326 30.3522167205811 31.6367797851562 31.3122253417969 32.2883186340332 33.4445495605469 34.2876777648926 34.082389831543 33.8269004821777 32.6183319091797 32.9976119995117
25.4366340637207 26.1306209564209 25.0556545257568 25.5337333679199 25.5791320800781 26.2366523742676 26.6555805206299 29.8828411102295 27.9190158843994 27.6727752685547 28.5901699066162 29.3364505767822 28.7194271087646 27.9481143951416 28.1276473999023 28.9808864593506 29.3237571716309 29.2741088867188 30.3922462463379 30.0625419616699 31.6070156097412 30.0790557861328 29.2412109375 28.7719593048096 29.0400524139404 29.2861251831055 31.8844451904297 30.9084587097168 30.7229080200195 30.9482460021973 30.0003452301025 30.8456573486328 29.647087097168 32.1351890563965 29.0079593658447 32.513111114502 33.4895629882812 33.2565650939941 33.1569900512695 30.5181732177734 31.0771255493164 32.5511589050293 31.6625347137451 32.8322334289551 33.355281829834 33.401668548584
26.9020042419434 26.783447265625 25.5651550292969 26.609899520874 26.6730442047119 26.9275703430176 27.4936122894287 28.7210712432861 27.7869892120361 28.2695903778076 29.835262298584 31.3357906341553 29.4830551147461 28.71266746521 28.0166625976562 28.8190727233887 28.7219314575195 29.1770248413086 30.0101547241211 34.5556411743164 29.9574527740479 30.3494472503662 32.4659004211426 31.8311214447021 31.6249256134033 31.2117614746094 32.8944511413574 32.1384925842285 32.6375885009766 32.1005859375 30.5650310516357 31.1443424224854 32.9509468078613 32.7184600830078 28.9358615875244 28.2323436737061 28.5787754058838 29.6255779266357 29.194845199585 31.2325477600098 34.7736434936523 34.2817153930664 31.275411605835 30.5904502868652 29.0872287750244 29.2419872283936
26.1197090148926 26.120475769043 26.325590133667 27.69753074646 28.1780185699463 28.6173477172852 29.605094909668 28.2063179016113 27.505989074707 27.877103805542 28.401460647583 30.2561721801758 29.892427444458 29.5025539398193 28.5997333526611 30.9072895050049 30.6399898529053 32.8582534790039 35.1124305725098 32.8862724304199 33.1377258300781 31.9564418792725 31.2613830566406 31.6363430023193 31.7671813964844 31.328929901123 31.3163375854492 31.220911026001 31.5894012451172 32.6325149536133 31.9819202423096 31.4172592163086 29.355432510376 29.1495609283447 28.1829986572266 31.329797744751 32.4796867370605 28.9221496582031 28.8905658721924 28.734676361084 28.5631942749023 31.1826324462891 30.7227821350098 31.8147983551025 30.4523162841797 29.8090419769287
