inst/extdata/Tmax/Tmax124.asc
NCOLS 100 
NROWS 79 
XLLCORNER 148.06 
YLLCORNER -21.49 
CELLSIZE 0.01 
NODATA_value -3.4e+38 
[rows 40 to 59 of 79, columns 0 to 45 of 100]
40.925197601318402 40.7125663757324 40.7336692810059 40.7520904541016 40.6515464782715 40.733081817627 40.6998176574707 40.5370254516602 40.1617622375488 40.4904136657715 40.9785575866699 41.2317085266113 41.2539939880371 41.2877311706543 41.332592010498 41.1627540588379 40.953498840332 40.6741943359375 40.2159423828125 40.5953788757324 40.581615447998 40.5002098083496 40.4450187683105 40.1265869140625 39.416576385498 38.9030151367188 38.7501068115234 38.8184585571289 38.9038848876953 38.3997497558594 37.8897247314453 38.2266845703125 39.2109756469727 38.9941253662109 38.7873954772949 39.038215637207 38.9726181030273 38.7158393859863 38.5392532348633 38.1830558776855 38.1455192565918 37.4733657836914 37.0206985473633 37.0108909606934 36.8055381774902 36.6753578186035
41.0598487854004 40.7536392211914 40.6532287597656 40.7285079956055 40.642520904541 40.7002220153809 40.7097129821777 40.6202735900879 40.4192047119141 40.5089874267578 40.766975402832 41.0443878173828 41.2168121337891 41.3405570983887 41.368724822998 41.2466735839844 41.012622833252 40.6148109436035 40.3465347290039 40.4538536071777 40.4654159545898 40.2856063842773 40.4184684753418 40.1937599182129 39.6679382324219 39.2719917297363 38.790657043457 38.7229537963867 38.8820724487305 38.5358734130859 38.1979446411133 38.6966514587402 39.2198333740234 38.6291351318359 38.0588188171387 38.6482810974121 38.6869964599609 38.8450164794922 38.8103790283203 38.6244430541992 38.5261688232422 37.9637413024902 36.8711318969727 36.7718620300293 36.8241577148438 36.7876510620117
40.969123840332 40.9314193725586 40.760684967041 40.6605682373047 40.7025146484375 40.7136497497559 40.7001876831055 40.6642112731934 40.6313018798828 40.5878372192383 40.6205062866211 40.9975051879883 41.2402725219727 41.3460464477539 41.3507423400879 41.3078269958496 41.1323699951172 40.8750114440918 40.6908569335938 40.6467208862305 40.5725708007812 40.0703582763672 40.0084381103516 40.1755027770996 40.1892166137695 39.8392753601074 39.1631011962891 38.9006652832031 38.8335800170898 38.6523056030273 37.9444808959961 38.7868537902832 38.8238410949707 37.9792900085449 37.3373413085938 38.0388603210449 38.0428314208984 38.5430793762207 38.6659622192383 38.426887512207 38.2406845092773 38.2817993164062 37.8106422424316 37.6351928710938 37.9554481506348 38.7204780578613
40.7134170532227 40.7908325195312 40.7749137878418 40.7649154663086 40.7818031311035 40.7697830200195 40.7469444274902 40.7003288269043 40.7371673583984 40.7076416015625 40.7083511352539 41.0310325622559 41.2170677185059 41.3308410644531 41.3410873413086 41.347282409668 41.2678756713867 41.0946922302246 40.8696632385254 40.8926391601562 40.749095916748 40.5507659912109 40.0153884887695 39.7334747314453 40.2485389709473 40.0766067504883 39.7608261108398 39.3806037902832 39.1125030517578 38.9694442749023 38.3411483764648 38.2781829833984 38.8182525634766 38.4186973571777 37.9111671447754 37.5452613830566 37.6170463562012 37.8041915893555 37.9761695861816 37.7864837646484 37.4254684448242 37.9894638061523 37.6420440673828 38.372371673584 39.7295379638672 40.231128692627
40.5013008117676 40.6506195068359 40.6294174194336 40.623706817627 40.7620162963867 40.8446273803711 40.8703384399414 40.8205261230469 40.861515045166 40.8911056518555 41.0159568786621 41.1255569458008 41.2193183898926 41.2915802001953 41.3327255249023 41.3676147460938 41.3440361022949 41.2249755859375 41.0960502624512 41.0512962341309 40.9423408508301 40.832950592041 40.5908966064453 40.417911529541 40.2726249694824 39.906867980957 40.1054153442383 40.0041389465332 39.7460594177246 39.2071113586426 38.7259674072266 38.7232398986816 38.9631729125977 39.084300994873 38.848030090332 37.9321670532227 36.9047393798828 36.870922088623 36.9473609924316 37.2019958496094 37.1013488769531 37.531364440918 37.1561622619629 37.7995223999023 39.1651039123535 40.2495307922363
40.5320358276367 40.585521697998 40.4591751098633 40.3670539855957 40.5211944580078 40.6874198913574 40.873161315918 40.9598770141602 41.0058708190918 41.0712661743164 41.1188278198242 41.0625419616699 40.8821487426758 41.1664810180664 41.3369178771973 41.3676719665527 41.3679428100586 41.3094062805176 41.2312850952148 41.1733322143555 41.0947875976562 41.013500213623 40.9622192382812 40.4800109863281 40.2014350891113 40.1344604492188 40.1997756958008 40.0617752075195 39.9078636169434 39.5019035339355 38.5281066894531 38.6905746459961 38.9224166870117 38.9646759033203 39.0337181091309 38.3304481506348 37.3292655944824 37.1367034912109 37.1562881469727 37.4897117614746 37.022590637207 37.3039970397949 37.6066589355469 37.8401298522949 38.5134315490723 39.4084205627441
40.4376373291016 40.4192886352539 40.4205780029297 40.3568115234375 40.2735710144043 40.3128509521484 40.7074012756348 40.7993698120117 40.8884429931641 40.896556854248 41.0605010986328 41.1454544067383 40.9453468322754 41.1391410827637 41.3080368041992 41.3616218566895 41.3682441711426 41.3102378845215 41.2708854675293 41.2312355041504 41.1646537780762 41.1130065917969 41.0259132385254 40.6488761901855 40.0016555786133 40.0796318054199 40.2162017822266 40.0348320007324 39.9873809814453 39.8650970458984 39.2389640808105 38.9907569885254 38.7080459594727 38.9021492004395 39.0004234313965 38.6281433105469 37.811279296875 38.0233306884766 37.6049461364746 38.143180847168 37.7030410766602 37.8260307312012 37.9111137390137 37.9876251220703 37.9754066467285 37.8225326538086
40.796875 40.2982788085938 40.2304534912109 40.1829681396484 40.1566123962402 40.2485618591309 40.5001640319824 40.4589691162109 40.6484756469727 40.6807136535645 40.7374229431152 40.7932434082031 40.9318389892578 41.1439437866211 41.2835807800293 41.3673973083496 41.3596649169922 41.2607421875 41.1130332946777 41.0294227600098 41.1239738464355 40.9831123352051 40.9884338378906 40.9287757873535 40.5658569335938 40.4812545776367 40.4939155578613 40.3319854736328 40.1927947998047 40.0118255615234 39.4712524414062 39.192268371582 38.6347541809082 38.931453704834 38.957389831543 38.7705612182617 38.4393310546875 38.6063919067383 38.3937873840332 38.5743675231934 38.3639755249023 38.205997467041 38.0877418518066 37.964469909668 37.6929893493652 37.5047187805176
41.3449935913086 40.7282180786133 40.1324615478516 40.0102767944336 40.1064682006836 40.2460021972656 40.1992301940918 40.1926765441895 40.4508819580078 40.6763153076172 40.7265167236328 40.7176399230957 40.8907127380371 41.1221389770508 41.301872253418 41.3466262817383 41.3533897399902 41.291675567627 41.1516799926758 40.9685821533203 41.0149765014648 40.9743843078613 40.9036254882812 40.9958152770996 40.9020156860352 40.8096961975098 40.5885887145996 40.4266090393066 40.3484535217285 40.1124610900879 39.7996292114258 39.4431686401367 38.7658424377441 38.8776664733887 38.8470420837402 38.8857498168945 38.8130035400391 38.783992767334 38.6873741149902 38.5378456115723 37.9132957458496 37.7842254638672 37.9309844970703 37.7246284484863 37.6135368347168 37.3381767272949
41.5591773986816 41.1717681884766 40.5095596313477 40.0534210205078 40.0370330810547 40.0235214233398 40.0506362915039 40.3150749206543 40.4943237304688 40.4069328308105 40.882698059082 41.0656280517578 41.1422462463379 41.213005065918 41.281421661377 41.3387870788574 41.344352722168 41.2961807250977 41.2074127197266 41.0883674621582 40.9976959228516 40.9444351196289 40.7912330627441 40.8133125305176 40.9335250854492 40.9116516113281 40.7388153076172 40.3116760253906 39.9166717529297 40.1150970458984 39.8727684020996 39.6359367370605 39.0021057128906 38.7633972167969 38.5928497314453 38.819221496582 38.8827629089355 38.7973556518555 38.7561454772949 38.5074882507324 37.9646377563477 37.6581535339355 37.7906799316406 37.4983367919922 37.4228172302246 37.3448295593262
41.5630187988281 41.4320831298828 41.0747985839844 40.5812683105469 40.1562957763672 39.9137649536133 40.0444717407227 40.2874641418457 40.3158836364746 40.5454902648926 40.9888687133789 41.1732482910156 41.2636299133301 41.3354072570801 41.3422737121582 41.3531837463379 41.2618026733398 41.262451171875 41.2581596374512 41.1873168945312 41.0908164978027 40.9670791625977 40.8043556213379 40.731086730957 40.8056831359863 40.8276329040527 40.8582954406738 40.6709632873535 40.4424285888672 40.3191146850586 39.8858299255371 39.7609901428223 39.1031684875488 38.7780380249023 38.2940673828125 38.6500129699707 38.7521896362305 38.7371139526367 38.7668914794922 38.6152496337891 38.2047882080078 38.0739974975586 37.9889183044434 37.8152275085449 37.5565757751465 37.4121208190918
41.5465202331543 41.5242156982422 41.3212280273438 40.7959518432617 40.3328628540039 40.1054000854492 40.0772972106934 40.1368217468262 39.9383239746094 40.0530548095703 40.7142105102539 41.0302848815918 41.1613655090332 41.3122520446777 41.370304107666 41.3321304321289 41.2694358825684 41.2599830627441 41.2235565185547 41.205135345459 41.121021270752 41.0390319824219 40.948112487793 40.7790222167969 40.6784896850586 40.6210746765137 40.5907936096191 40.6714096069336 40.4876518249512 40.5687294006348 40.5759506225586 39.9653663635254 39.4947624206543 39.138916015625 38.7480239868164 38.8393783569336 38.8068161010742 38.662525177002 38.7614631652832 38.6758079528809 38.2850112915039 38.159538269043 38.0623207092285 37.9107780456543 37.5228233337402 37.3675346374512
41.420524597168 41.4835815429688 41.3673553466797 40.6051864624023 39.9759140014648 39.9487991333008 40.034782409668 39.9221458435059 39.7170829772949 39.8157691955566 40.6707153320312 41.0400009155273 41.200984954834 41.33642578125 41.3361968994141 41.2894058227539 41.2789077758789 41.224365234375 41.1826400756836 41.1689300537109 41.1665992736816 41.1228637695312 40.9886360168457 40.8221473693848 40.6406860351562 40.507152557373 40.4855651855469 40.4405059814453 40.4255180358887 40.3349914550781 40.4715347290039 40.3722648620605 39.9267501831055 39.4426307678223 39.094482421875 39.3431854248047 39.302562713623 38.9259300231934 38.764762878418 38.8066062927246 38.6709976196289 38.4699058532715 38.2201499938965 38.0200843811035 37.7496452331543 37.4425239562988
41.2684745788574 41.3253631591797 41.4064407348633 41.0658531188965 40.2806282043457 40.0064010620117 40.2860488891602 39.8905487060547 39.7625885009766 39.8210487365723 40.6447143554688 41.1163101196289 41.2738342285156 41.3369064331055 41.2734527587891 41.1913223266602 41.1855850219727 41.1964111328125 41.1616249084473 41.0702438354492 41.0980186462402 41.1464729309082 41.0263252258301 40.8983879089355 40.7374954223633 40.6027603149414 40.3317642211914 40.1756210327148 39.8956146240234 40.1509704589844 40.0130653381348 40.4311828613281 40.4548225402832 40.1786613464355 39.7901878356934 39.804328918457 39.5200233459473 39.2386093139648 38.9912071228027 39.268138885498 38.9375038146973 38.7262229919434 38.5946655273438 38.4768104553223 38.2531471252441 38.1275672912598
41.1819381713867 41.1605491638184 41.2987327575684 41.3025360107422 40.9547843933105 40.7644233703613 40.7239456176758 40.4431648254395 40.2780685424805 40.2797622680664 40.4199676513672 40.7328567504883 41.2228775024414 41.3155212402344 41.2139205932617 41.138671875 41.1306915283203 41.160285949707 41.1212272644043 41.0619773864746 41.0687484741211 41.1453895568848 41.0977783203125 40.9507522583008 40.8567390441895 40.7049598693848 40.4527740478516 40.2766189575195 39.9496612548828 40.1145401000977 39.6231803894043 39.9468002319336 40.112720489502 40.118465423584 40.199878692627 40.0957870483398 39.8629150390625 39.7420616149902 39.3891830444336 38.9989013671875 38.9319839477539 38.965404510498 38.7718772888184 38.6112442016602 38.5956573486328 38.4733810424805
41.2605590820312 41.25634765625 41.2908248901367 41.3086585998535 41.2121276855469 40.7434844970703 40.753059387207 40.7946815490723 40.6209869384766 40.5811309814453 40.7653045654297 41.0409545898438 41.2760620117188 41.3198547363281 41.2357330322266 41.0886001586914 41.1283416748047 41.1166152954102 40.9586219787598 40.934741973877 41.0254974365234 41.08203125 41.1105880737305 41.0268592834473 40.9259719848633 40.8012657165527 40.6493873596191 40.4437484741211 40.306812286377 40.1765823364258 39.8455085754395 39.5706901550293 39.6619834899902 39.6235694885254 39.9492797851562 39.7131881713867 39.9137802124023 39.7232818603516 39.4412879943848 39.1176643371582 38.9306640625 38.7642974853516 38.3914070129395 37.9374580383301 38.3614883422852 38.4931526184082
41.3541297912598 41.3365898132324 41.3103370666504 41.2929649353027 41.171817779541 40.5663795471191 40.4112319946289 40.7328338623047 40.6410446166992 40.3922805786133 40.6045036315918 41.1061935424805 41.2952346801758 41.3083419799805 41.2346878051758 41.0867004394531 41.0795249938965 40.9194145202637 40.7206001281738 40.817195892334 41.0291595458984 41.034984588623 41.0840454101562 41.0667572021484 40.9328002929688 40.8748970031738 40.737476348877 40.51513671875 40.4388275146484 40.2582778930664 39.9390563964844 39.4298973083496 39.192943572998 39.2896690368652 39.6233825683594 39.7172622680664 39.4351348876953 39.1625785827637 39.2998275756836 39.236629486084 38.9688186645508 38.7894706726074 38.3792037963867 37.7540550231934 38.0811195373535 38.3493194580078
41.4035911560059 41.3736763000488 41.3337326049805 41.30224609375 41.2652053833008 41.0014839172363 40.6635589599609 40.4724006652832 40.4692306518555 40.3002738952637 40.6540679931641 41.1235122680664 41.2870635986328 41.2853698730469 41.2124786376953 41.0672149658203 40.9440040588379 40.7867622375488 40.6932792663574 40.8842811584473 40.9689674377441 41.0170478820801 40.9802360534668 41.043571472168 40.988941192627 40.9118690490723 40.7841644287109 40.5754203796387 40.4748382568359 40.3168601989746 39.9970664978027 39.8430595397949 39.4900207519531 39.3372459411621 39.2851676940918 39.3861465454102 39.5839767456055 39.4597244262695 39.1779289245605 39.0148048400879 38.8516120910645 38.6999053955078 38.5033493041992 38.2541809082031 37.7624931335449 37.9709205627441
41.436653137207 41.3953323364258 41.3543090820312 41.3375930786133 41.2750511169434 41.1086463928223 40.8982849121094 40.4560432434082 40.3667831420898 40.4992561340332 40.8382606506348 41.151741027832 41.2578048706055 41.243278503418 41.1378707885742 41.0062561035156 40.7866516113281 40.7206192016602 40.793815612793 40.806812286377 40.905200958252 40.8635025024414 40.7213325500488 40.8974342346191 41.0181770324707 40.919059753418 40.7580451965332 40.6379127502441 40.5281219482422 40.438304901123 40.2836265563965 40.1180763244629 39.8757705688477 39.8234710693359 39.5683364868164 39.3030471801758 39.3773536682129 39.4220390319824 39.2380561828613 39.1136741638184 38.9975166320801 38.8187103271484 38.3523483276367 38.053955078125 38.1396331787109 38.143440246582
41.4542999267578 41.4585075378418 41.4127044677734 41.377758026123 41.2864837646484 41.1971435546875 41.1197662353516 40.8440742492676 40.4879112243652 40.5517768859863 40.6656608581543 40.8906631469727 41.0937843322754 41.1197242736816 41.0668182373047 40.9550819396973 40.8026275634766 40.7009201049805 40.6102142333984 40.634033203125 40.798755645752 40.8044662475586 40.6169319152832 40.9000854492188 41.0436248779297 40.9524154663086 40.8332214355469 40.7121963500977 40.6450119018555 40.5501556396484 40.4504356384277 40.2881278991699 40.03759765625 40.179630279541 40.070629119873 39.7802925109863 39.4427528381348 39.3479385375977 39.4269981384277 39.7230567932129 39.1532287597656 38.94873046875 38.6380996704102 38.116081237793 38.0530242919922 37.9517974853516
