inst/extdata/Tmax/Tmax104.asc
NCOLS 100 
NROWS 79 
XLLCORNER 148.06 
YLLCORNER -21.49 
CELLSIZE 0.01 
NODATA_value -3.4e+38 
[rows 20 to 39 of 79, columns 46 to 91 of 100]
29.4198055267334 27.3620510101318 27.6271495819092 29.3059501647949 29.0138893127441 28.3661117553711 28.0385589599609 26.8525333404541 28.8550777435303 30.606388092041 31.85671043396 31.3345832824707 31.3129997253418 32.0313606262207 31.6412391662598 31.3422298431396 31.6674156188965 32.3135719299316 32.4914054870605 32.4961853027344 32.4384613037109 32.2995948791504 32.6223030090332 32.7123184204102 32.6527442932129 32.562858581543 32.4426689147949 32.4757995605469 32.4323654174805 32.0618438720703 32.1391983032227 32.4208755493164 32.3002891540527 31.9895057678223 31.9842739105225 31.9450931549072 31.8449821472168 31.8302879333496 31.8059959411621 31.7683048248291 31.6799793243408 31.4784069061279 30.8143081665039 30.6508045196533 30.8769836425781 30.8741989135742
29.7567939758301 27.32834815979 26.2124500274658 28.0101928710938 27.862943649292 27.2973175048828 28.2776355743408 26.3436431884766 27.5779476165771 30.0257530212402 31.5362453460693 29.998556137085 29.2436923980713 31.3785572052002 30.0116939544678 29.6055545806885 30.6252784729004 32.1354293823242 32.1462020874023 32.619499206543 32.7412605285645 32.7283973693848 32.4944686889648 32.1107025146484 32.1015014648438 32.1810493469238 32.3609352111816 32.3246231079102 32.219108581543 32.1243362426758 32.4609260559082 32.4986724853516 32.4262886047363 32.0120544433594 32.095458984375 32.0409240722656 31.8880615234375 31.8906726837158 31.887523651123 31.8779850006104 31.7249946594238 31.5856075286865 31.3519458770752 31.1163158416748 30.9535331726074 30.9439678192139
30.4797096252441 29.9214515686035 27.6826934814453 27.0136795043945 26.577262878418 27.7618980407715 27.1606597900391 27.4263458251953 26.8604373931885 27.7940807342529 30.4678134918213 30.9466457366943 29.1710948944092 29.6475982666016 29.2488994598389 29.9226913452148 31.1599788665771 31.6270141601562 30.0782585144043 31.5508918762207 32.4764862060547 32.5471878051758 31.8582038879395 30.9175624847412 31.60129737854 31.5868377685547 32.2511405944824 32.4603843688965 32.1158256530762 32.3438873291016 32.5385208129883 32.572208404541 32.5594253540039 32.4768028259277 32.3468971252441 32.1369247436523 31.9227771759033 31.7684097290039 31.8424415588379 31.9430541992188 31.8116283416748 31.724063873291 31.4137191772461 31.2684497833252 31.1116905212402 31.2683010101318
29.7048721313477 29.5235786437988 28.7974662780762 27.8548736572266 26.3448600769043 27.0979766845703 27.7863960266113 28.0386352539062 27.7517490386963 27.3253440856934 28.8618774414062 28.845739364624 29.9136238098145 27.9658336639404 28.9644508361816 30.7325973510742 30.7074699401855 31.148078918457 29.582633972168 31.9659118652344 32.8458595275879 32.7094993591309 31.6416702270508 30.1037635803223 31.5139083862305 31.7115993499756 31.8262805938721 32.3463745117188 32.5629081726074 32.6250381469727 32.6464881896973 32.6598129272461 32.6223487854004 32.5128364562988 32.3892631530762 32.2066421508789 31.7239933013916 31.3260231018066 31.476676940918 31.7779312133789 31.7429466247559 31.7966938018799 31.4999256134033 31.4636631011963 31.1764316558838 31.2103958129883
27.3533134460449 28.9687881469727 29.4108772277832 29.134895324707 27.9117126464844 27.2296447753906 27.249002456665 26.9632701873779 27.9134407043457 27.3553829193115 27.3832397460938 26.9413833618164 29.0659236907959 30.0871505737305 29.1310615539551 30.3802261352539 31.286449432373 31.9580116271973 31.6075973510742 32.7658500671387 32.776237487793 32.5986099243164 31.8191432952881 30.8661727905273 31.764476776123 32.0946083068848 31.7487316131592 31.8543701171875 31.972375869751 32.5291862487793 32.3499069213867 32.7048377990723 32.5575866699219 32.5092887878418 32.4054183959961 32.0166435241699 31.9100894927979 31.2548160552979 30.9293479919434 31.4525852203369 31.6045055389404 31.7087059020996 31.5091018676758 31.5708560943604 31.6336975097656 31.4675025939941
25.835880279541 26.8534889221191 28.4299774169922 28.3473434448242 27.332878112793 26.6219177246094 26.248067855835 25.691499710083 26.9234886169434 27.5713558197021 27.0756855010986 27.3364086151123 28.9428215026855 31.2219543457031 30.6369495391846 30.7402248382568 30.9267520904541 32.5127258300781 32.6233863830566 32.6088600158691 32.6063041687012 32.242359161377 30.8263931274414 30.8915214538574 31.0129928588867 31.7477798461914 31.4366779327393 30.7306251525879 31.4462795257568 32.6257362365723 32.5658950805664 32.6876678466797 32.6378898620605 32.6013450622559 32.443775177002 32.2686729431152 32.283145904541 31.6020240783691 31.0156497955322 31.3847141265869 31.0301933288574 31.1742725372314 30.8523082733154 31.5795402526855 31.6282157897949 31.5931072235107
25.7041282653809 25.5711860656738 26.3227310180664 26.9944114685059 27.8029441833496 25.4875373840332 25.2290706634521 26.1139984130859 26.6571941375732 27.4374942779541 27.4898986816406 27.9637279510498 30.0978889465332 31.1660213470459 31.7441024780273 31.9444599151611 32.1069641113281 32.6825675964355 32.2722663879395 32.0822792053223 32.1267929077148 31.6147327423096 31.8287982940674 32.1343955993652 32.1435012817383 31.4578838348389 30.975549697876 32.0056648254395 32.2930946350098 32.2422676086426 31.6190986633301 32.3601455688477 32.534496307373 32.6238594055176 32.6047859191895 32.4994087219238 32.1264533996582 31.7500228881836 31.8331813812256 31.556116104126 31.4124755859375 30.7910442352295 31.3264999389648 31.5542583465576 31.444766998291 31.317741394043
25.8821334838867 25.388370513916 25.7277908325195 26.0061683654785 26.5900802612305 24.9020156860352 24.6256008148193 25.0853519439697 26.4526958465576 27.2467956542969 26.7500400543213 27.3703117370605 28.41676902771 29.8466529846191 31.5236358642578 31.1531829833984 32.4118423461914 32.6931953430176 31.8976440429688 31.0517272949219 31.797492980957 32.0176010131836 32.3811149597168 32.6385803222656 32.7595405578613 32.2909927368164 32.2853965759277 32.6815376281738 32.749382019043 31.9510746002197 31.4557800292969 32.060359954834 32.1805648803711 32.6388549804688 32.6846809387207 32.6162910461426 32.4413833618164 32.1979179382324 31.7452983856201 30.8743419647217 30.6097812652588 30.4629535675049 30.4990768432617 31.2371120452881 31.2760906219482 31.7047424316406
26.7476997375488 26.3385848999023 27.1424255371094 27.008113861084 26.638973236084 25.2391395568848 26.0654602050781 25.8271007537842 26.1736736297607 26.8125247955322 26.5563735961914 26.8713092803955 27.0396404266357 29.5860576629639 31.0521602630615 30.2354583740234 31.9635429382324 32.2975273132324 31.9471473693848 30.6619567871094 30.980770111084 32.2247505187988 32.6744270324707 32.813907623291 32.8356666564941 32.7274475097656 32.7411727905273 32.8646621704102 32.4334259033203 31.6320323944092 31.4842205047607 32.2222290039062 32.6853904724121 32.7214851379395 32.7062606811523 32.6755294799805 32.6204566955566 32.4628791809082 32.1802940368652 30.9081687927246 30.2644824981689 29.529935836792 30.4317054748535 30.4224319458008 31.3729705810547 31.774974822998
28.7041282653809 28.5355606079102 27.8279762268066 27.7727661132812 27.1525497436523 26.6921310424805 26.4119052886963 25.4111671447754 26.1067810058594 25.6099262237549 25.1296691894531 26.533353805542 26.9135189056396 29.0574245452881 30.2409706115723 29.3717803955078 30.2313461303711 31.146053314209 31.7892379760742 31.6483688354492 31.1407051086426 32.2411880493164 32.7678146362305 32.5447387695312 32.5134429931641 32.1635437011719 32.6237258911133 32.8912124633789 31.8553867340088 30.8928966522217 31.6415615081787 32.270378112793 32.6562538146973 32.7398300170898 32.7470741271973 32.6840171813965 32.6549377441406 32.5469245910645 32.3328094482422 31.8967094421387 31.1395301818848 30.5790977478027 30.1620826721191 29.9876651763916 30.8202972412109 31.357084274292
27.3259696960449 27.3514366149902 27.410400390625 27.0046615600586 26.5442237854004 26.8156776428223 25.9182796478271 25.410701751709 24.899715423584 25.0195770263672 24.4258079528809 25.416820526123 25.4368171691895 27.7641677856445 29.0253028869629 27.6846160888672 28.3027534484863 30.2051124572754 31.7421417236328 32.3707389831543 31.8320960998535 32.5139465332031 32.7438049316406 32.293041229248 32.2694473266602 32.4136238098145 32.9260215759277 32.8943786621094 32.2805366516113 31.5294704437256 31.9494743347168 32.2475967407227 32.7184371948242 32.738697052002 32.6794319152832 32.6430320739746 32.6338844299316 32.5432472229004 32.4546012878418 32.2246513366699 31.9389762878418 31.321361541748 30.8855800628662 30.8273811340332 31.0589981079102 31.508674621582
26.4770660400391 26.778980255127 26.6952247619629 26.6807022094727 25.7835083007812 26.6486167907715 25.6768856048584 24.395191192627 23.7900886535645 24.2246246337891 23.9043502807617 24.64817237854 25.5051097869873 27.4715232849121 27.8190040588379 27.4759750366211 29.9769897460938 31.1112594604492 31.9753684997559 32.5192489624023 32.8384017944336 32.8923873901367 32.8262596130371 32.7233047485352 32.4742546081543 32.8050537109375 32.9423561096191 32.8094291687012 32.381046295166 31.6520118713379 31.7537612915039 32.3942604064941 32.6267890930176 32.1002960205078 32.5073013305664 32.6307983398438 32.5989570617676 32.5500259399414 32.4916114807129 32.359260559082 32.0229187011719 31.16921043396 31.5317287445068 31.5645370483398 31.448637008667 31.3655757904053
25.7664375305176 26.1111145019531 25.9776229858398 26.2901401519775 26.4125366210938 26.4569873809814 26.0913906097412 24.951358795166 25.0790882110596 25.2144546508789 24.1673355102539 23.9822978973389 25.015796661377 27.3916454315186 27.9684982299805 28.6401805877686 28.7323627471924 29.7705326080322 31.9428558349609 32.6133995056152 32.8388595581055 32.7765274047852 32.6057014465332 32.5491714477539 32.7214698791504 32.8124656677246 32.7803421020508 32.3365325927734 31.2692832946777 31.4663219451904 31.8374309539795 32.7203407287598 32.4118347167969 31.7690925598145 32.5305366516113 32.4493713378906 32.4729919433594 32.5254020690918 32.4081001281738 32.0814437866211 31.4184589385986 30.0631637573242 29.8289451599121 30.8515110015869 31.2402725219727 31.5640258789062
26.4549694061279 25.9850788116455 25.8480701446533 26.0528316497803 26.2264347076416 26.1751270294189 25.7218532562256 25.3518104553223 25.9909896850586 25.2899074554443 25.1743412017822 25.1901473999023 26.054801940918 27.2770671844482 27.4711990356445 28.331226348877 29.5636367797852 30.9416275024414 32.0184669494629 32.4916000366211 32.8781852722168 32.8432693481445 32.2814712524414 31.957368850708 32.2158584594727 32.0593681335449 32.1754608154297 32.363826751709 32.2387351989746 32.2183036804199 32.5673065185547 32.8564147949219 32.1527099609375 32.0515251159668 32.6882286071777 32.1191062927246 32.2637367248535 32.2092742919922 32.2837829589844 31.941068649292 30.3398628234863 29.6512222290039 29.090145111084 30.8227500915527 31.431827545166 31.2326374053955
26.9273052215576 25.6566295623779 25.6369171142578 25.7850246429443 25.9608497619629 25.8559246063232 25.8996067047119 26.5097408294678 26.1623973846436 25.3872089385986 26.6112804412842 27.1212368011475 27.3440017700195 26.720344543457 26.774227142334 27.9004917144775 29.5046291351318 31.1146907806396 31.2327079772949 32.1663818359375 32.6979904174805 32.7148475646973 32.1767311096191 31.9040412902832 30.9967079162598 31.6486358642578 32.2372131347656 32.4094314575195 32.6732635498047 32.6822166442871 32.8815650939941 32.8043403625488 32.7622413635254 32.7893562316895 32.7334175109863 32.4543495178223 31.3959426879883 32.060173034668 32.2635879516602 32.1993789672852 32.1409530639648 30.729772567749 30.544885635376 31.984395980835 32.278995513916 32.2431488037109
26.9910774230957 25.9175720214844 25.5884857177734 25.5413055419922 25.7931270599365 25.6368083953857 26.3702182769775 28.3106460571289 27.2349033355713 26.5470352172852 28.7517375946045 29.6113090515137 29.1497974395752 26.8629989624023 27.3199882507324 27.4657573699951 29.8093318939209 29.9015617370605 29.7574558258057 30.8632164001465 32.206184387207 32.4642601013184 32.0963592529297 32.0907135009766 31.9448299407959 31.5643043518066 31.6522388458252 31.8209018707275 32.6012725830078 32.5603065490723 32.6544494628906 32.4289932250977 32.6524963378906 32.8146171569824 32.4854507446289 32.4558753967285 31.6997871398926 31.8354778289795 32.1321220397949 31.9428424835205 32.3948860168457 32.388298034668 32.2696189880371 32.3065071105957 32.4181785583496 32.2723274230957
26.6496143341064 25.9621276855469 25.7704391479492 25.9920616149902 25.9528160095215 26.0919151306152 26.5617656707764 29.1659240722656 29.4152145385742 27.7431659698486 30.2387943267822 31.4055480957031 30.5456962585449 29.057954788208 28.9803695678711 29.7486820220947 30.5827941894531 31.1471099853516 31.5314540863037 31.8953971862793 32.1566734313965 31.847354888916 30.285493850708 30.6270332336426 31.2507209777832 30.8190002441406 31.0722274780273 32.0518913269043 32.4798164367676 32.7083435058594 31.4933834075928 31.4622821807861 32.3856239318848 32.7182579040527 32.1739349365234 32.1970825195312 31.2975673675537 31.8741703033447 32.0938873291016 31.9241619110107 32.4308815002441 32.5161743164062 32.5339660644531 32.5207366943359 32.4471282958984 32.0887794494629
26.6824855804443 26.246265411377 26.230583190918 26.4203433990479 26.6522579193115 26.8365840911865 27.8500442504883 30.0414047241211 29.9116897583008 29.3325862884521 31.0812187194824 32.4217529296875 31.4507389068604 30.0818614959717 29.4300804138184 31.5193614959717 31.9520797729492 32.202205657959 32.4431533813477 32.4759559631348 31.998722076416 31.688606262207 31.8162307739258 31.1773471832275 31.5691928863525 32.1135330200195 32.3609161376953 32.4496879577637 32.686695098877 32.6037063598633 30.7592887878418 31.5799102783203 32.5336532592773 32.4415168762207 31.9516983032227 31.8965454101562 31.7114543914795 32.2783088684082 32.3030090332031 32.3043823242188 32.261905670166 32.4358863830566 32.4804916381836 32.4819641113281 32.3882064819336 32.3289337158203
26.6172943115234 26.2967357635498 26.9330177307129 27.9200038909912 28.0810279846191 28.7045135498047 30.0760726928711 30.8464622497559 30.1189498901367 30.6042442321777 32.3337860107422 32.9434661865234 32.2989387512207 31.0849990844727 30.1760730743408 31.4531631469727 31.4577522277832 31.8153018951416 32.684139251709 32.9199485778809 32.5742683410645 32.1740112304688 32.5686683654785 32.3458480834961 32.1956062316895 32.7362785339355 32.6179542541504 32.5225410461426 32.8154640197754 32.5535507202148 31.8481750488281 32.3776893615723 32.5738716125488 32.2227821350098 31.1555480957031 31.1024513244629 31.4675350189209 32.2796211242676 31.9438343048096 31.9121227264404 31.9256744384766 32.2423667907715 32.2113800048828 32.270206451416 32.0961799621582 32.2396469116211
26.6703987121582 26.8927154541016 28.365385055542 29.3252353668213 30.2162246704102 31.4087352752686 32.187084197998 31.3559417724609 29.016092300415 29.8136749267578 31.6774787902832 32.9840698242188 32.4824676513672 32.0890426635742 31.0186214447021 32.1989593505859 32.3814277648926 31.6586971282959 32.5775375366211 32.9827308654785 32.9240798950195 32.4105415344238 32.8011474609375 32.9204711914062 32.7416229248047 32.8413505554199 32.6252937316895 31.7484092712402 32.671516418457 32.8309478759766 32.7339172363281 32.596736907959 32.2303886413574 31.8388977050781 30.8741359710693 30.9314823150635 31.7852096557617 31.7053565979004 31.5365505218506 31.318323135376 31.4722290039062 31.8051090240479 31.5777015686035 31.9685173034668 31.4439506530762 31.8695850372314
