inst/extdata/Tmax/Tmax103.asc
NCOLS 100 
NROWS 79 
XLLCORNER 148.06 
YLLCORNER -21.49 
CELLSIZE 0.01 
NODATA_value -3.4e+38 
[rows 0 to 19 of 79, columns 46 to 91 of 100]
31.7622184753418 31.5814990997314 31.4829788208008 31.4936218261719 31.4850616455078 31.3731212615967 31.602912902832 31.4322109222412 31.2392959594727 31.063871383667 30.996862411499 30.7319087982178 30.6464900970459 30.8968811035156 31.2043437957764 31.1605243682861 31.0893402099609 30.9773197174072 30.7443046569824 30.6304321289062 30.5875034332275 -3.4e+38 -3.4e+38 -3.4e+38 -3.4e+38 -3.4e+38 -3.4e+38 -3.4e+38 -3.4e+38 -3.4e+38 -3.4e+38 -3.4e+38 -3.4e+38 -3.4e+38 -3.4e+38 -3.4e+38 -3.4e+38 -3.4e+38 -3.4e+38 -3.4e+38 -3.4e+38 -3.4e+38 -3.4e+38 -3.4e+38 -3.4e+38 -3.4e+38
31.7037124633789 31.4144611358643 31.1847877502441 31.4607162475586 31.6401901245117 31.6545639038086 31.6135959625244 31.5145835876465 31.168550491333 30.7252445220947 30.8866634368896 30.3472881317139 30.8916015625 31.2309112548828 31.2298450469971 31.1653003692627 31.1047096252441 31.0217590332031 30.8803596496582 30.8417015075684 30.8059673309326 30.7279033660889 -3.4e+38 -3.4e+38 -3.4e+38 -3.4e+38 -3.4e+38 -3.4e+38 -3.4e+38 -3.4e+38 -3.4e+38 -3.4e+38 -3.4e+38 -3.4e+38 -3.4e+38 -3.4e+38 -3.4e+38 -3.4e+38 -3.4e+38 -3.4e+38 -3.4e+38 -3.4e+38 -3.4e+38 -3.4e+38 -3.4e+38 -3.4e+38
31.5885467529297 30.8155479431152 29.961051940918 31.3948402404785 31.6077423095703 31.6279220581055 31.6131725311279 31.5679550170898 31.3397235870361 30.737133026123 30.8555145263672 31.012035369873 31.1071853637695 31.2819385528564 31.264009475708 31.1903591156006 31.1399040222168 31.0892601013184 31.0095806121826 30.8330993652344 30.8560619354248 30.7586212158203 30.6051959991455 30.4110374450684 -3.4e+38 -3.4e+38 -3.4e+38 -3.4e+38 -3.4e+38 -3.4e+38 -3.4e+38 -3.4e+38 -3.4e+38 -3.4e+38 -3.4e+38 -3.4e+38 -3.4e+38 -3.4e+38 -3.4e+38 -3.4e+38 -3.4e+38 -3.4e+38 -3.4e+38 -3.4e+38 -3.4e+38 -3.4e+38
31.1100006103516 31.1844100952148 30.0686874389648 31.2372016906738 31.4445037841797 31.5140724182129 31.5888748168945 31.4972286224365 31.3715686798096 31.0361175537109 30.9482669830322 30.6924800872803 31.0695514678955 31.2203235626221 31.2615146636963 31.1864032745361 31.1565895080566 31.1318912506104 31.0340690612793 30.7077808380127 30.5840682983398 30.6589183807373 30.6547012329102 30.6303768157959 30.5275001525879 30.2399997711182 -3.4e+38 -3.4e+38 -3.4e+38 -3.4e+38 -3.4e+38 -3.4e+38 -3.4e+38 -3.4e+38 -3.4e+38 -3.4e+38 -3.4e+38 -3.4e+38 -3.4e+38 -3.4e+38 -3.4e+38 -3.4e+38 -3.4e+38 -3.4e+38 -3.4e+38 -3.4e+38
31.0746192932129 31.1082305908203 29.8754768371582 30.1213111877441 30.9456481933594 31.4832534790039 31.5818004608154 31.4441356658936 31.4235706329346 31.1048030853271 30.8159942626953 30.6257839202881 30.2359466552734 30.9141330718994 31.1920070648193 31.1253032684326 31.1782665252686 31.1686019897461 30.9692516326904 30.2555122375488 29.7781085968018 30.5928821563721 30.7190971374512 30.7010459899902 30.5324649810791 30.3560657501221 -3.4e+38 -3.4e+38 -3.4e+38 -3.4e+38 -3.4e+38 -3.4e+38 -3.4e+38 -3.4e+38 -3.4e+38 -3.4e+38 -3.4e+38 -3.4e+38 -3.4e+38 -3.4e+38 -3.4e+38 -3.4e+38 -3.4e+38 -3.4e+38 -3.4e+38 -3.4e+38
30.1774597167969 30.9441757202148 29.3761138916016 28.7429847717285 30.5538024902344 31.539924621582 31.4810905456543 31.4297180175781 31.3812103271484 30.9647159576416 30.0298137664795 29.6928157806396 30.0435218811035 31.0228500366211 30.9334449768066 31.1284065246582 31.1905517578125 31.1539440155029 31.1019477844238 30.4917640686035 29.7782764434814 29.8909072875977 30.4594573974609 30.5818405151367 30.6177139282227 30.5975093841553 -3.4e+38 -3.4e+38 -3.4e+38 -3.4e+38 -3.4e+38 -3.4e+38 -3.4e+38 -3.4e+38 -3.4e+38 -3.4e+38 -3.4e+38 -3.4e+38 -3.4e+38 -3.4e+38 -3.4e+38 -3.4e+38 -3.4e+38 -3.4e+38 -3.4e+38 -3.4e+38
29.2383460998535 30.9043617248535 30.2673759460449 30.1897659301758 31.1988677978516 31.4804191589355 31.3082904815674 31.1990718841553 31.3643169403076 30.8664817810059 30.1313648223877 30.1271171569824 30.8232402801514 30.9630947113037 30.0108222961426 30.9499950408936 31.0260143280029 31.0612926483154 31.1350860595703 30.8888740539551 30.5376148223877 30.2975635528564 30.5696659088135 30.3687992095947 30.6724128723145 30.7525310516357 30.6771965026855 30.4908618927002 -3.4e+38 -3.4e+38 -3.4e+38 -3.4e+38 -3.4e+38 -3.4e+38 -3.4e+38 -3.4e+38 -3.4e+38 -3.4e+38 -3.4e+38 -3.4e+38 -3.4e+38 -3.4e+38 -3.4e+38 -3.4e+38 -3.4e+38 -3.4e+38
28.3858642578125 30.9046936035156 31.3778705596924 31.1860294342041 30.1574096679688 30.4313793182373 31.0852375030518 31.2470569610596 31.4159984588623 31.2233924865723 30.8234786987305 30.3913116455078 30.4226207733154 30.6544609069824 30.1891193389893 30.9338970184326 30.2039012908936 30.1974334716797 30.9486751556396 31.1070404052734 30.9781341552734 30.7582035064697 30.6905364990234 30.7806529998779 30.7903823852539 30.802677154541 30.675952911377 30.5995597839355 30.4072570800781 29.9730224609375 29.9830589294434 -3.4e+38 -3.4e+38 -3.4e+38 -3.4e+38 -3.4e+38 -3.4e+38 -3.4e+38 -3.4e+38 -3.4e+38 -3.4e+38 -3.4e+38 -3.4e+38 -3.4e+38 -3.4e+38 -3.4e+38
28.3047790527344 30.3955707550049 31.3719940185547 31.2588443756104 30.3778915405273 28.8537712097168 30.2461891174316 31.3175621032715 31.3981475830078 31.2819805145264 31.1332511901855 30.8613033294678 30.8843116760254 30.7048072814941 30.1654148101807 30.1064071655273 29.6805305480957 30.4999866485596 30.8404502868652 30.9456214904785 30.9966335296631 30.6716041564941 30.3043632507324 30.007345199585 30.7530326843262 30.8520164489746 30.7793273925781 30.6714782714844 30.6045722961426 30.1250076293945 30.0689849853516 30.2324314117432 -3.4e+38 -3.4e+38 -3.4e+38 -3.4e+38 -3.4e+38 -3.4e+38 -3.4e+38 -3.4e+38 -3.4e+38 -3.4e+38 -3.4e+38 -3.4e+38 -3.4e+38 -3.4e+38
29.2233486175537 30.386812210083 31.2179622650146 31.2118892669678 31.1873092651367 29.7744483947754 30.092924118042 31.1975708007812 31.3828468322754 31.2603664398193 31.064022064209 30.7987422943115 30.670654296875 30.7885971069336 30.0994148254395 29.794605255127 29.7133293151855 30.8933582305908 30.7681140899658 30.4943237304688 30.9277629852295 30.9202766418457 30.7512340545654 30.4341812133789 30.8825092315674 30.8684196472168 30.7540054321289 30.8445701599121 30.7481117248535 30.5394592285156 30.2021408081055 30.2378349304199 -3.4e+38 -3.4e+38 -3.4e+38 -3.4e+38 -3.4e+38 -3.4e+38 -3.4e+38 -3.4e+38 -3.4e+38 -3.4e+38 -3.4e+38 -3.4e+38 -3.4e+38 -3.4e+38
28.2625789642334 30.2046661376953 30.6083793640137 30.3891468048096 30.75830078125 31.0439472198486 30.7478981018066 31.2066497802734 31.3150672912598 31.2107543945312 31.0431900024414 30.8581695556641 30.650691986084 31.0322799682617 30.8712882995605 30.7811088562012 30.8511714935303 31.0813999176025 31.0932636260986 30.5760231018066 30.1397762298584 30.851188659668 31.0682163238525 30.5887298583984 30.6401329040527 30.5305595397949 30.5398406982422 30.914119720459 30.8292808532715 30.6323356628418 -3.4e+38 -3.4e+38 -3.4e+38 -3.4e+38 -3.4e+38 -3.4e+38 -3.4e+38 -3.4e+38 -3.4e+38 -3.4e+38 -3.4e+38 -3.4e+38 -3.4e+38 -3.4e+38 -3.4e+38 -3.4e+38
27.5798034667969 28.5766754150391 28.9344081878662 28.6646270751953 29.7672824859619 30.4804267883301 30.8816108703613 31.1840515136719 31.1864356994629 31.1002635955811 30.9198436737061 30.7302875518799 30.5797595977783 31.246545791626 31.2419738769531 31.1009960174561 31.1191673278809 31.2251205444336 31.2778396606445 31.1982574462891 30.8454666137695 30.6652965545654 31.0877361297607 30.9275455474854 30.7181949615479 30.8920745849609 30.9720458984375 30.7630271911621 30.7149505615234 30.6349868774414 -3.4e+38 -3.4e+38 -3.4e+38 -3.4e+38 -3.4e+38 -3.4e+38 -3.4e+38 -3.4e+38 -3.4e+38 -3.4e+38 -3.4e+38 -3.4e+38 -3.4e+38 -3.4e+38 -3.4e+38 -3.4e+38
27.5632381439209 26.5704040527344 25.9492950439453 26.0955429077148 28.2967185974121 28.8951148986816 30.2303295135498 30.6184368133545 30.9637908935547 30.8501319885254 30.6337299346924 30.9935264587402 31.0034027099609 30.8996238708496 31.3786506652832 31.3673229217529 31.3073577880859 31.3255100250244 31.3474102020264 31.3378753662109 31.3246231079102 31.2766208648682 31.1635875701904 31.147008895874 30.878755569458 31.0104827880859 31.0380344390869 30.8115196228027 30.5963745117188 30.5581169128418 30.5158843994141 30.2959003448486 -3.4e+38 -3.4e+38 -3.4e+38 -3.4e+38 -3.4e+38 -3.4e+38 -3.4e+38 -3.4e+38 -3.4e+38 -3.4e+38 -3.4e+38 -3.4e+38 -3.4e+38 -3.4e+38
27.5572109222412 26.7621212005615 25.8567428588867 25.3205318450928 25.9416790008545 26.8116130828857 28.815896987915 30.1296272277832 30.9209632873535 30.7421112060547 30.2249546051025 30.8797817230225 31.2378978729248 31.2949867248535 31.3243751525879 31.3610458374023 31.3976974487305 31.3937149047852 31.3784961700439 31.3555850982666 31.3510341644287 31.3216438293457 31.2824993133545 31.2359790802002 31.0313396453857 31.1124820709229 31.0605335235596 30.8952827453613 30.6927757263184 30.677267074585 30.6760082244873 30.5890159606934 30.3773651123047 -3.4e+38 -3.4e+38 -3.4e+38 -3.4e+38 30.0100879669189 30.0522403717041 -3.4e+38 -3.4e+38 -3.4e+38 -3.4e+38 -3.4e+38 -3.4e+38 -3.4e+38
28.1478805541992 26.8421783447266 25.9495716094971 25.5742530822754 26.1422901153564 25.9052658081055 27.1446781158447 28.9763965606689 30.4124145507812 30.8292274475098 29.6780910491943 30.5881481170654 31.0700244903564 30.5884265899658 30.6884498596191 31.1441116333008 31.2633514404297 31.3481330871582 31.3088340759277 31.1857986450195 31.2516307830811 31.234203338623 31.2757415771484 31.26291847229 31.2238693237305 31.1237030029297 31.0576763153076 30.9565258026123 30.8643569946289 30.8198490142822 30.8210353851318 30.733943939209 30.4399871826172 -3.4e+38 -3.4e+38 -3.4e+38 -3.4e+38 30.1153583526611 30.0733375549316 30.2390079498291 30.2378807067871 30.0687770843506 -3.4e+38 -3.4e+38 -3.4e+38 -3.4e+38
28.0948810577393 26.8039665222168 25.979808807373 26.4466457366943 26.2374172210693 26.6645584106445 26.4194717407227 27.8956184387207 30.201343536377 30.9853763580322 29.8994827270508 29.8658046722412 30.7398929595947 28.7826442718506 29.8591003417969 30.2784214019775 30.8789043426514 31.3051738739014 31.2972278594971 31.2116470336914 31.220573425293 31.2322731018066 31.2778835296631 31.2618751525879 31.228536605835 31.0183696746826 31.030403137207 31.0010452270508 30.9833126068115 30.9716320037842 30.9224014282227 30.8258113861084 30.6964778900146 -3.4e+38 -3.4e+38 30.5538444519043 30.3965263366699 30.199857711792 30.0818176269531 29.8779563903809 30.0255470275879 30.2355861663818 -3.4e+38 -3.4e+38 -3.4e+38 -3.4e+38
26.673168182373 25.3918533325195 25.3493194580078 26.692289352417 27.0549755096436 26.9754810333252 26.5554466247559 26.938455581665 29.4072456359863 30.7760639190674 30.8062705993652 29.9328422546387 30.4902992248535 29.0479698181152 29.067720413208 29.1509094238281 30.5515098571777 31.2836437225342 31.3076877593994 31.3354663848877 31.3490009307861 31.3052558898926 31.2889442443848 31.0791492462158 31.1173839569092 31.0399284362793 31.0565204620361 31.0825805664062 31.0824222564697 31.0413684844971 30.9892673492432 30.9217205047607 30.853328704834 -3.4e+38 30.7512798309326 30.7446479797363 30.6928653717041 -3.4e+38 30.2226791381836 -3.4e+38 29.9626293182373 -3.4e+38 -3.4e+38 -3.4e+38 -3.4e+38 -3.4e+38
26.6188697814941 25.1295356750488 24.3815021514893 27.0872917175293 27.3133697509766 26.6594352722168 26.2710208892822 26.4140892028809 28.0308113098145 30.4623947143555 30.594799041748 30.1506423950195 30.2819118499756 30.4084281921387 29.7150955200195 30.9020614624023 31.1551532745361 31.2741146087646 31.3225631713867 31.3181324005127 31.3247547149658 31.2927265167236 31.2883205413818 31.2288513183594 31.2470531463623 31.2114715576172 31.1951637268066 31.1776638031006 31.1092948913574 31.1166305541992 31.0816612243652 31.0393695831299 30.9960784912109 30.9409427642822 30.9111785888672 30.921293258667 30.8067016601562 -3.4e+38 -3.4e+38 -3.4e+38 -3.4e+38 -3.4e+38 -3.4e+38 30.244176864624 -3.4e+38 -3.4e+38
28.4392395019531 28.1099548339844 25.9025001525879 27.4867630004883 25.9671993255615 25.9808559417725 26.4469013214111 26.7670097351074 28.9270629882812 30.4073944091797 30.1074714660645 29.4716033935547 30.394287109375 30.8364658355713 30.9533596038818 31.0302238464355 31.1655559539795 30.8315105438232 31.004768371582 31.1885395050049 31.1742820739746 31.2185592651367 31.2521877288818 31.2528972625732 31.2541313171387 31.2410411834717 31.2353458404541 31.1322822570801 30.8286285400391 30.9937858581543 31.1226654052734 31.1274394989014 31.1007099151611 31.0351467132568 31.0102634429932 30.9708881378174 30.8682861328125 30.780933380127 30.6987533569336 30.6549892425537 30.6605167388916 30.5827159881592 30.3790798187256 30.2262516021729 -3.4e+38 -3.4e+38
28.5163383483887 27.6433162689209 28.3338603973389 28.1444435119629 26.69384765625 26.7396202087402 26.3476142883301 26.5751266479492 28.6948108673096 30.0889377593994 30.539737701416 30.3017406463623 30.6718196868896 30.9869365692139 30.8584175109863 30.7223968505859 30.9340152740479 30.654146194458 30.4893264770508 30.6840038299561 31.0432395935059 31.1194553375244 31.1580753326416 31.2245693206787 31.2562618255615 31.2595367431641 31.2399864196777 31.0732917785645 30.8312244415283 31.0650634765625 31.0701751708984 31.1865863800049 31.0967674255371 31.0591068267822 31.0364799499512 30.9466743469238 30.8931617736816 30.8718166351318 30.8565273284912 30.84033203125 30.8247013092041 30.7282390594482 30.4389457702637 30.1389312744141 30.1994667053223 -3.4e+38
