inst/extdata/Tmax/Tmax26.asc
NCOLS 100 
NROWS 79 
XLLCORNER 148.06 
YLLCORNER -21.49 
CELLSIZE 0.01 
NODATA_value -3.4e+38 
[rows 20 to 39 of 79, columns 46 to 91 of 100]
17.8740234375 16.0478763580322 15.7329683303833 17.0853862762451 16.7463092803955 16.3575954437256 15.2904233932495 14.197865486145 16.5608921051025 18.3015022277832 19.005220413208 19.3246078491211 19.2105159759521 19.935432434082 18.8556499481201 19.3803882598877 19.6332778930664 20.1705169677734 21.4511451721191 21.3075580596924 23.1627788543701 25.3373641967773 26.4650459289551 26.1699123382568 24.7029876708984 25.1141796112061 25.8709087371826 24.3904933929443 23.474552154541 24.3710231781006 23.6171989440918 24.3816432952881 24.785472869873 25.6454620361328 25.3916149139404 24.003059387207 23.4379558563232 23.3367919921875 24.7815608978271 26.1410045623779 25.1891422271729 25.7769660949707 24.9584121704102 24.6479873657227 24.8624572753906 25.6320571899414
20.3755702972412 15.1300258636475 14.5782403945923 15.9473104476929 15.6943473815918 14.9699535369873 15.9832220077515 14.4247694015503 15.4343929290771 17.8049755096436 19.9895248413086 17.5143852233887 16.943416595459 19.1740226745605 17.611888885498 17.608226776123 18.4903411865234 20.2131881713867 20.048002243042 20.7569446563721 23.3618450164795 25.7455101013184 20.4975490570068 20.3332462310791 23.744873046875 25.4207382202148 26.6592445373535 23.188907623291 24.0712184906006 22.9772434234619 23.3882827758789 23.3698558807373 23.9589328765869 23.4104022979736 24.9912567138672 24.8044452667236 24.7141532897949 24.962007522583 24.1433753967285 27.3287906646729 26.1086044311523 24.9061737060547 23.7421550750732 23.0527057647705 22.3506946563721 22.6285781860352
21.3948402404785 17.3517208099365 15.8092098236084 15.4768676757812 14.6006898880005 15.6982297897339 14.9665775299072 15.5558223724365 14.8136548995972 15.7355394363403 18.1099891662598 18.5201568603516 17.2972946166992 17.3185787200928 17.1618194580078 17.8160133361816 18.7614212036133 19.3659114837646 18.1028099060059 19.4637069702148 25.2597312927246 23.517822265625 20.0573329925537 19.1773853302002 19.8293018341064 20.0174045562744 23.1844844818115 25.8389415740967 22.58154296875 25.4480724334717 26.426643371582 27.7886657714844 24.9586219787598 23.8726501464844 24.8051986694336 25.2944602966309 26.6364803314209 26.2569465637207 27.5456008911133 25.7610416412354 24.7843132019043 25.6665534973145 24.9007968902588 25.0126209259033 21.1252193450928 21.2917747497559
21.2359733581543 17.1011276245117 16.831880569458 15.6950740814209 13.647891998291 15.1774787902832 16.0240001678467 15.4528503417969 15.3968448638916 15.5883274078369 16.8009052276611 16.2023468017578 17.3541164398193 16.3732280731201 20.7794017791748 22.293909072876 18.2285003662109 18.7064361572266 17.6787033081055 19.3644542694092 24.0036220550537 22.6057300567627 21.1206150054932 18.3335094451904 19.3451995849609 20.0452404022217 20.3481330871582 24.5387153625488 24.0506782531738 22.5516796112061 23.8529396057129 24.0908527374268 24.6001834869385 24.2035369873047 24.1582622528076 24.3343296051025 25.1874237060547 26.3173656463623 26.6355953216553 26.6613311767578 26.2749996185303 25.8420505523682 24.4235858917236 24.6940174102783 23.0583324432373 20.5390605926514
19.6112194061279 20.0535945892334 20.2301044464111 16.8391723632812 16.4287395477295 15.5584554672241 15.1674976348877 15.2181997299194 16.0405883789062 15.3739252090454 15.6981754302979 15.1700077056885 17.0458431243896 23.9609336853027 16.9454860687256 18.1519756317139 19.1092472076416 19.5209007263184 19.0857849121094 20.7389907836914 23.4709033966064 23.2411155700684 20.2780818939209 19.3107242584229 19.6405410766602 20.362211227417 20.0205974578857 20.1939659118652 20.1905384063721 24.1856250762939 25.8810901641846 25.2852821350098 23.9332752227783 24.6428546905518 23.3340835571289 22.8712406158447 25.4662265777588 20.4589710235596 25.1798400878906 26.3605804443359 26.7096576690674 24.7740306854248 26.8517246246338 25.8238315582275 24.4743747711182 22.3228549957275
14.3574438095093 15.4385595321655 16.4420394897461 16.3769950866699 15.6572732925415 14.691912651062 14.2690391540527 13.8142404556274 15.1788101196289 15.7423048019409 15.3717679977417 15.3915996551514 17.1912937164307 18.7066612243652 18.5870590209961 18.6185607910156 18.7689590454102 22.1498985290527 23.5300636291504 20.6847705841064 20.6460456848145 20.5814361572266 19.0034809112549 18.8688678741455 19.1541748046875 20.0193748474121 20.0636463165283 19.309045791626 22.8737144470215 21.2806377410889 25.8260860443115 24.9611034393311 26.0698089599609 23.3100986480713 24.0043697357178 22.8215236663818 24.4918937683105 22.503267288208 22.6197490692139 26.2590618133545 22.4396915435791 20.2222480773926 19.997127532959 24.9676609039307 25.5686454772949 23.1110992431641
14.1217060089111 14.1565370559692 14.8117246627808 15.386830329895 15.7892894744873 13.3748970031738 13.0582723617554 14.0170593261719 14.7186279296875 15.539662361145 15.7513570785522 16.392915725708 18.2172813415527 19.2355766296387 19.3590278625488 19.6333599090576 21.1242294311523 21.4283561706543 21.4372959136963 20.354133605957 20.1549987792969 21.3490371704102 21.6087589263916 21.3854179382324 24.1779251098633 19.6727256774902 22.1705741882324 22.0012111663818 20.7069683074951 20.1275463104248 19.5719966888428 27.3100032806396 22.6841201782227 23.3821887969971 24.9946575164795 24.0069808959961 24.5552082061768 23.3970851898193 20.7516021728516 21.045431137085 26.0129871368408 24.5080165863037 20.9811191558838 20.6468658447266 24.75710105896 24.0075435638428
14.620231628418 13.947922706604 14.2204608917236 14.4036598205566 15.0043439865112 12.948784828186 12.6515264511108 12.8072376251221 14.5164737701416 15.5088729858398 14.9770698547363 15.2524843215942 16.7920818328857 17.909782409668 19.3627586364746 18.9506378173828 19.8785190582275 21.4773979187012 20.1651153564453 19.0543918609619 20.1438064575195 21.4241428375244 23.4528560638428 26.0888614654541 25.697509765625 25.5310859680176 21.6735229492188 22.788516998291 21.1013298034668 20.1830997467041 20.0217094421387 25.3985176086426 23.7557411193848 22.5640544891357 23.3686504364014 23.4798412322998 23.5097904205322 24.2386703491211 21.0202102661133 19.781307220459 19.5041885375977 19.1339740753174 23.334545135498 20.0501823425293 21.0491504669189 23.1288738250732
15.5422620773315 14.8179063796997 15.0881719589233 14.5917301177979 14.6612558364868 13.1105785369873 14.3961763381958 13.9820699691772 14.399076461792 14.6817054748535 14.7796649932861 15.1143703460693 15.198676109314 17.1355667114258 18.6265850067139 18.2479782104492 19.7854804992676 20.8522853851318 20.0857963562012 18.7670383453369 19.0954818725586 23.2856693267822 24.2859745025635 26.1117668151855 25.7190780639648 26.7596683502197 23.1210441589355 25.5108261108398 22.8807811737061 19.8248767852783 19.9748020172119 24.2085266113281 24.3988494873047 24.1493167877197 22.2988224029541 23.1073989868164 24.4005241394043 24.4717311859131 26.4395771026611 23.2018413543701 25.318531036377 23.9278030395508 19.257474899292 19.8441295623779 25.3448848724365 24.4264183044434
16.6233921051025 16.5548286437988 15.8961706161499 16.0115432739258 15.1908597946167 14.8340759277344 14.8039331436157 13.5912170410156 14.225531578064 13.9927701950073 13.2034072875977 14.6199789047241 14.9447860717773 17.0462760925293 17.8060073852539 16.7793788909912 18.271764755249 18.9438018798828 19.1544284820557 19.4624404907227 19.3341217041016 21.1540279388428 21.8733158111572 24.2315101623535 26.4296855926514 24.456033706665 24.5501842498779 23.0239353179932 23.1896190643311 19.5273818969727 19.8889064788818 22.6668796539307 23.7404537200928 22.4058990478516 23.9991245269775 22.1132068634033 24.2074604034424 22.894926071167 25.0173320770264 21.2832336425781 20.15598487854 19.6399250030518 21.6762371063232 18.9859428405762 20.8229885101318 22.4834003448486
15.2721338272095 15.1135988235474 15.3599739074707 15.1575021743774 15.0119132995605 15.1051301956177 13.7621917724609 13.6961078643799 13.0047025680542 13.5642328262329 12.4896564483643 14.1444120407104 13.6800441741943 15.7036447525024 16.8329658508301 15.6216678619385 16.0468082427979 18.2265567779541 19.3723411560059 21.0337162017822 20.1340389251709 20.7919025421143 21.9257621765137 22.4859294891357 22.6401100158691 23.2242221832275 24.1199131011963 25.4348773956299 25.4960803985596 24.0634574890137 21.7517871856689 23.0533084869385 24.1890277862549 23.6795349121094 25.8303356170654 26.6962280273438 23.6255741119385 22.4668769836426 22.6928615570068 23.5294647216797 22.8841247558594 22.0130767822266 19.8202342987061 24.4031181335449 25.023962020874 22.0756149291992
14.3474826812744 14.9943571090698 15.158727645874 15.085015296936 14.1309185028076 15.1237173080444 13.8974332809448 12.669451713562 11.9530296325684 11.9260025024414 11.9951019287109 12.6737794876099 20.1710681915283 15.8990917205811 15.7089471817017 15.5175466537476 17.6876564025879 18.8244304656982 19.5824184417725 20.2625751495361 23.4573268890381 22.275369644165 22.7094173431396 22.2607841491699 22.9043025970459 24.3719348907471 26.5832538604736 24.2397079467773 24.8888607025146 21.7901210784912 20.0690269470215 23.2984428405762 23.5845165252686 22.2181720733643 24.871265411377 26.7676239013672 25.7443370819092 22.6244144439697 23.246410369873 25.7628307342529 21.312557220459 20.4862747192383 22.3623466491699 21.9419021606445 24.3449287414551 23.9066753387451
14.1224403381348 14.5758543014526 14.5512533187866 14.8935680389404 14.9172267913818 14.8548526763916 14.6897106170654 13.4280157089233 13.0845804214478 13.1651983261108 12.0821857452393 12.1354751586914 13.2340316772461 15.5914211273193 15.6647930145264 16.69167137146 17.1332950592041 17.7572784423828 19.3884696960449 20.136754989624 21.6864929199219 21.6684856414795 21.7288722991943 21.5205669403076 22.4319858551025 24.4372959136963 26.3734073638916 23.0578861236572 19.7097492218018 19.8513698577881 20.0653533935547 24.1425304412842 25.6535491943359 22.1505241394043 24.7673625946045 26.462287902832 22.7752380371094 22.8134059906006 24.0454063415527 24.9922294616699 25.2690601348877 24.656867980957 18.4154205322266 19.5482158660889 19.6554622650146 20.0511436462402
14.4699726104736 13.7500247955322 13.9817638397217 14.6415328979492 14.7969884872437 14.7303228378296 14.2956571578979 13.783784866333 14.3249044418335 13.7954454421997 13.4557933807373 13.3480834960938 14.5817317962646 15.3201389312744 15.1563606262207 16.709135055542 17.598258972168 18.4344234466553 19.3673248291016 19.7349338531494 22.6906890869141 25.5436401367188 26.8576412200928 20.3382587432861 20.4097080230713 20.4650497436523 20.2776317596436 22.9596633911133 22.0256652832031 23.6710433959961 23.1342639923096 23.7042198181152 22.6102733612061 24.4949741363525 24.9996757507324 20.5687465667725 23.8550624847412 23.6719875335693 25.3916759490967 25.4681606292725 22.3984088897705 23.5512714385986 22.8376655578613 21.7247066497803 21.948709487915 21.4605979919434
15.5625762939453 14.1394815444946 14.0169191360474 13.6860074996948 14.4930458068848 14.3867340087891 14.3730888366699 15.1509695053101 14.7055740356445 13.8002328872681 14.5541296005249 15.1044979095459 15.6266193389893 14.4531526565552 14.8638572692871 16.140193939209 17.8865737915039 19.1062107086182 18.5845699310303 19.8993587493896 22.0972003936768 25.0686721801758 25.6880512237549 20.2559051513672 19.3877983093262 19.8321285247803 20.5186653137207 20.6779193878174 22.3646965026855 22.6481628417969 25.4646396636963 26.8431911468506 27.4569053649902 25.130931854248 26.0743503570557 22.7809867858887 23.7309856414795 24.1704940795898 23.4635925292969 24.5303783416748 25.246883392334 22.4580001831055 20.0651016235352 23.0123291015625 22.7195701599121 23.5938091278076
15.2761888504028 14.323938369751 14.0366868972778 14.0730876922607 14.3343734741211 14.2157564163208 14.8958072662354 16.2558784484863 21.4738178253174 14.1654558181763 16.5664901733398 17.22678565979 17.1706657409668 14.704532623291 15.5499658584595 15.7096729278564 17.310619354248 17.7799892425537 17.7205390930176 18.9980201721191 20.0215091705322 20.7047233581543 22.488037109375 25.6463623046875 20.6523208618164 20.0102863311768 19.5280780792236 19.7670459747314 22.9986095428467 27.2996311187744 23.5759048461914 20.7291889190674 26.5613670349121 24.755256652832 24.4595355987549 21.213680267334 23.1653423309326 22.5150241851807 26.241174697876 25.8808612823486 24.1432323455811 24.234525680542 23.7274589538574 23.877290725708 24.0168933868408 25.3875293731689
14.6343259811401 14.3379201889038 14.0982799530029 14.4592599868774 14.5421552658081 14.7507162094116 15.0070552825928 17.134298324585 17.2328929901123 15.564600944519 18.126127243042 18.8795070648193 18.4218292236328 16.8139591217041 16.9439105987549 17.6746215820312 18.3154754638672 19.0424537658691 19.4116687774658 19.727029800415 20.0929508209229 20.4847793579102 18.4639797210693 18.6660480499268 19.3420677185059 18.8501167297363 19.3301010131836 25.2345561981201 23.0348377227783 26.7823009490967 19.9024772644043 19.3106212615967 20.2243633270264 24.0246715545654 24.6414031982422 23.5047492980957 21.8267402648926 23.3177509307861 23.1073760986328 24.0935249328613 25.4434108734131 26.3643245697021 26.2180709838867 26.0120220184326 24.8358421325684 25.16823387146
14.7510204315186 15.4056882858276 14.34765625 14.8738203048706 14.9746942520142 15.6815824508667 16.2675437927246 19.8657493591309 17.9052276611328 17.5859546661377 18.8518848419189 19.9232521057129 19.1115474700928 18.0950984954834 18.1841125488281 19.4679183959961 19.9334125518799 19.9871997833252 21.2192249298096 20.9482078552246 22.4169311523438 20.8603534698486 20.1027946472168 19.5203304290771 19.9335231781006 20.3709354400635 23.0829029083252 22.1781826019287 22.1032104492188 22.3521213531494 20.9760341644287 22.0818672180176 21.188591003418 23.7063140869141 20.5030612945557 24.0501823425293 25.032247543335 25.0033645629883 24.964225769043 22.3794536590576 22.9821739196777 24.5556240081787 23.7304744720459 24.9516735076904 25.499080657959 25.5774192810059
16.1915683746338 16.0506801605225 14.9432764053345 16.1417903900146 16.251314163208 16.6210269927979 17.4365673065186 18.8325691223145 17.7893028259277 18.387228012085 20.3489742279053 22.0271949768066 20.0418395996094 19.0300006866455 18.1828536987305 19.2658386230469 19.1946506500244 19.7594451904297 20.8681316375732 25.5268859863281 20.8841114044189 21.2207851409912 23.4887466430664 22.8413887023926 22.6447601318359 22.4257526397705 24.1242504119873 23.3895034790039 24.0133838653564 23.4510345458984 21.783275604248 22.556770324707 24.4693641662598 24.1966114044189 20.1914005279541 19.5290927886963 20.0209426879883 21.3329391479492 20.8654403686523 22.9464340209961 26.5443801879883 26.1868019104004 23.2222099304199 22.6017036437988 21.0993843078613 21.3379783630371
15.4013729095459 15.4558610916138 15.8794593811035 17.4189720153809 18.0729789733887 18.765438079834 19.9511203765869 18.3985824584961 17.3041095733643 17.8311138153076 18.7424602508545 20.9325542449951 20.4700088500977 20.0130767822266 18.9047718048096 21.4956378936768 21.2965106964111 23.3730335235596 25.9093036651611 23.8407573699951 24.1243743896484 22.8555030822754 22.3111629486084 22.7659778594971 22.896800994873 22.5350933074951 22.5113124847412 22.2335681915283 22.888219833374 24.0260887145996 23.4019908905029 22.8554630279541 20.7490253448486 20.4932670593262 19.3346538543701 22.5489654541016 23.966682434082 20.4395503997803 20.4149742126465 20.2531604766846 20.1725330352783 22.9269428253174 22.4559288024902 23.6966590881348 22.2430686950684 21.7541999816895
