inst/extdata/Tmax/Tmax75.asc
NCOLS 100 
NROWS 79 
XLLCORNER 148.06 
YLLCORNER -21.49 
CELLSIZE 0.01 
NODATA_value -3.4e+38 
[rows 40 to 59 of 79, columns 46 to 91 of 100]
32.7238655090332 33.6683082580566 34.0735015869141 34.9921531677246 36.699836730957 37.7326812744141 37.2558937072754 35.2812995910645 34.9025039672852 35.6336822509766 36.1889419555664 38.0104675292969 37.6321334838867 37.8679466247559 37.0216636657715 38.0772972106934 38.281551361084 38.0024757385254 38.1179695129395 38.2329978942871 38.2660293579102 37.3279190063477 37.7423515319824 38.0794944763184 38.1820068359375 38.2499198913574 38.162712097168 37.7928810119629 37.9884986877441 38.1909065246582 38.1654777526855 38.0115814208984 37.6955642700195 36.429500579834 36.7198944091797 37.4164695739746 37.3300247192383 37.2411117553711 37.4862518310547 36.938060760498 36.1975555419922 36.6896133422852 37.0133361816406 36.812816619873 37.0828514099121 37.1365432739258
34.024055480957 35.1867866516113 35.1111793518066 35.0775680541992 36.7336235046387 38.0243949890137 36.8620185852051 36.4622650146484 37.0936965942383 37.1931991577148 37.5797996520996 38.3071823120117 38.2028579711914 38.2319869995117 38.0950736999512 38.4214324951172 38.473705291748 38.4193572998047 38.3881988525391 38.4214096069336 38.4218673706055 37.9074897766113 37.2109832763672 37.5872383117676 37.5198364257812 38.0244483947754 38.3398170471191 37.8794975280762 37.8746643066406 38.2666549682617 38.3098106384277 38.2251129150391 38.0654258728027 37.4672698974609 37.713207244873 37.7553672790527 37.5491561889648 37.5469284057617 37.6523323059082 37.7777099609375 36.8221206665039 37.0545768737793 37.6646766662598 37.4748306274414 37.6087112426758 37.5582962036133
36.4746627807617 36.671989440918 36.8719367980957 37.3793754577637 37.7313804626465 38.2427558898926 37.8135414123535 37.2768402099609 37.8193969726562 38.2416725158691 38.1662521362305 38.4970283508301 38.5434074401855 38.4758148193359 38.4600219726562 38.5551948547363 38.5781402587891 38.5662841796875 38.5461273193359 38.5467872619629 38.4769744873047 37.5513687133789 37.3612174987793 37.8756103515625 37.3654823303223 37.8277359008789 38.27392578125 38.1830253601074 38.132209777832 38.384578704834 38.415355682373 38.4026756286621 38.3665809631348 38.2580337524414 38.1635093688965 37.8412857055664 36.9327812194824 37.5332145690918 38.0594902038574 38.0543556213379 37.9261207580566 37.8695678710938 37.9842300415039 38.0175933837891 38.055980682373 38.0093650817871
37.7420616149902 37.7739601135254 37.9192581176758 38.0790176391602 38.3296051025391 38.4267730712891 38.3431701660156 38.1180572509766 38.3044509887695 38.5362091064453 38.5453567504883 38.6069717407227 38.5970077514648 38.571346282959 38.6023941040039 38.5845184326172 38.5311813354492 38.5184059143066 38.5609588623047 38.6005935668945 38.5746383666992 38.3412933349609 38.1011848449707 38.2831649780273 38.1598701477051 37.7245712280273 38.0175437927246 38.2891731262207 38.4434051513672 38.4678916931152 38.4726066589355 38.4573860168457 38.4308166503906 38.3919792175293 38.3867301940918 38.2429122924805 37.7751998901367 38.0815086364746 38.2558860778809 38.2396926879883 38.2032661437988 38.2001800537109 38.185619354248 38.2005348205566 38.2049827575684 38.1803245544434
37.5545387268066 37.8434181213379 38.1234359741211 38.1426963806152 38.2105941772461 38.352409362793 38.4056091308594 38.4867820739746 38.5261268615723 38.4803009033203 38.2795906066895 38.400634765625 38.3353004455566 38.0841865539551 38.2789459228516 38.4222145080566 38.3203125 38.4414482116699 38.5441436767578 38.6009674072266 38.630744934082 38.5024337768555 38.2017021179199 37.9548187255859 38.1861724853516 38.3602981567383 38.4119720458984 38.4574966430664 38.4680709838867 38.5022468566895 38.4933319091797 38.4749984741211 38.4344749450684 38.3962020874023 38.4236030578613 38.3647537231445 38.344367980957 38.3391418457031 38.283317565918 38.283145904541 38.2562599182129 38.2427673339844 38.2449798583984 38.2315368652344 38.140323638916 38.1730728149414
35.6554222106934 36.5007972717285 36.9596290588379 37.1982040405273 37.5951538085938 37.9576950073242 37.9024200439453 38.119026184082 38.1280975341797 37.9730911254883 37.190788269043 37.2183456420898 37.311580657959 35.7567710876465 36.7790336608887 37.5880546569824 38.1573524475098 38.5009078979492 38.5984497070312 38.6301040649414 38.6520156860352 38.476734161377 38.0520782470703 37.6900863647461 37.9686889648438 38.2355842590332 38.3682708740234 38.3591918945312 38.4261627197266 38.4982223510742 38.5082244873047 38.4965896606445 38.477897644043 38.4693756103516 38.4375419616699 38.3408851623535 38.3303031921387 38.3224983215332 38.2939453125 38.2855796813965 38.2536354064941 38.2448043823242 38.2344970703125 38.1850166320801 38.1783752441406 38.2080154418945
33.2548828125 34.5162162780762 34.4114990234375 34.371265411377 35.7861099243164 36.372989654541 36.5029296875 36.7932739257812 37.2839584350586 36.6440925598145 35.9398384094238 35.334056854248 36.0574684143066 35.9332885742188 36.4185600280762 37.6371879577637 38.3444862365723 38.5432090759277 38.5846748352051 38.5723114013672 38.6338577270508 38.6465377807617 38.236701965332 37.8928298950195 37.7859497070312 38.0640525817871 38.2773895263672 38.3934364318848 38.4964752197266 38.5166511535645 38.5426368713379 38.5412559509277 38.5329513549805 38.5033111572266 38.4250411987305 38.3639945983887 38.3590240478516 38.3546676635742 38.3404273986816 38.3259239196777 38.2936859130859 38.2893486022949 38.2860794067383 38.254322052002 38.2473220825195 38.1479454040527
33.3872146606445 33.3102188110352 33.1068725585938 33.1776466369629 33.1100807189941 33.8909759521484 35.223949432373 35.9463806152344 36.1532287597656 36.0304641723633 36.6068687438965 36.4406890869141 36.2821426391602 36.908576965332 37.2276802062988 38.1363487243652 38.4036827087402 38.4399452209473 38.3854484558105 38.5144119262695 38.6476669311523 38.6952133178711 38.5589370727539 38.2573089599609 37.8447952270508 38.1191673278809 38.3171615600586 38.4816627502441 38.5535316467285 38.5915374755859 38.6086196899414 38.5823593139648 38.5197105407715 38.4475898742676 38.3882446289062 38.3613471984863 38.3741264343262 38.3896141052246 38.3807907104492 38.3675422668457 38.3492279052734 38.3518104553223 38.3455848693848 38.3251419067383 38.1324043273926 37.9300956726074
32.9831924438477 33.0811195373535 33.3055572509766 33.0086936950684 32.9070892333984 33.0112152099609 33.8717002868652 35.6548652648926 36.2447509765625 36.4461288452148 36.2793807983398 36.490047454834 36.8113746643066 37.1285057067871 37.2006378173828 37.7608795166016 38.1576843261719 38.1662483215332 38.1678581237793 38.4783401489258 38.5995178222656 38.6133041381836 38.7019195556641 38.6247253417969 38.515510559082 38.484561920166 38.574333190918 38.6434783935547 38.6527481079102 38.6571426391602 38.6373825073242 38.5641174316406 38.4836578369141 38.3576965332031 38.3194122314453 38.3741455078125 38.3854866027832 38.4051475524902 38.423095703125 38.4106521606445 38.4080810546875 38.4083366394043 38.3948516845703 38.3827476501465 38.2310180664062 38.1011695861816
33.0603523254395 33.2346229553223 33.2552528381348 32.912525177002 33.412525177002 34.2633285522461 34.3697662353516 35.7493057250977 36.2754783630371 36.5063705444336 36.3151626586914 36.8331451416016 37.1382026672363 37.1541748046875 37.2603340148926 37.1627540588379 37.2756462097168 37.5278854370117 37.9195747375488 38.2871170043945 38.3997383117676 38.4133682250977 38.6591033935547 38.7115020751953 38.732551574707 38.7125968933105 38.6908760070801 38.5275268554688 38.5921516418457 38.6616287231445 38.6315536499023 38.5129470825195 38.4730262756348 38.2844505310059 38.2227516174316 38.3997917175293 38.4039344787598 38.3903961181641 38.4517211914062 38.4614105224609 38.442024230957 38.450065612793 38.4385375976562 38.4081497192383 38.3341789245605 38.2663955688477
33.097282409668 32.9692611694336 33.1907844543457 32.8884048461914 33.5532646179199 34.6842079162598 35.0763931274414 35.7279205322266 36.5015754699707 36.9909782409668 37.0197257995605 37.1597366333008 37.2483901977539 37.292163848877 37.2920608520508 37.2452125549316 37.3265190124512 37.0564041137695 36.6995086669922 37.8974609375 37.7963714599609 38.2414474487305 38.5811614990234 38.6473007202148 38.7031097412109 38.689136505127 38.6219444274902 38.4089965820312 38.560115814209 38.6650924682617 38.5115127563477 38.341007232666 38.3604202270508 38.3444595336914 38.3800964355469 38.4605712890625 38.4715309143066 38.4611396789551 38.4634475708008 38.5010604858398 38.4984741210938 38.4821472167969 38.4567565917969 38.422061920166 38.3795700073242 38.2936973571777
32.6452369689941 32.6127510070801 33.0060424804688 32.3457984924316 32.4980278015137 34.5552215576172 35.4047012329102 36.1073226928711 36.4861869812012 36.8018989562988 36.8777275085449 36.896785736084 36.6995429992676 36.7137031555176 37.010799407959 37.1591873168945 37.5229949951172 37.4582710266113 37.2752838134766 37.3298377990723 37.1796913146973 37.9992828369141 38.4210815429688 38.6034088134766 38.6178970336914 38.6353797912598 38.2915382385254 37.9257850646973 38.537181854248 38.6730346679688 38.4075660705566 38.1025352478027 38.3588447570801 38.4123115539551 38.4465484619141 38.4166030883789 38.4182510375977 38.4264221191406 38.4525604248047 38.4452896118164 38.4515342712402 38.4829444885254 38.4689674377441 38.4371910095215 38.3985748291016 38.332389831543
32.2695808410645 32.11279296875 32.5991325378418 32.4664039611816 32.5530242919922 33.5961036682129 34.647819519043 35.3920440673828 35.9349746704102 36.3426475524902 36.2972869873047 36.2347526550293 36.3183403015137 36.6377334594727 37.4351997375488 37.5547332763672 37.7593040466309 37.6694107055664 37.594654083252 37.4292373657227 37.1895751953125 37.884147644043 38.350471496582 38.552848815918 38.4987258911133 38.5941734313965 38.2140693664551 37.2675666809082 38.2991485595703 38.664363861084 38.4036560058594 38.1624603271484 38.3693695068359 38.3156852722168 38.2527122497559 38.2827339172363 38.3377304077148 38.2798118591309 38.202823638916 38.1879692077637 38.2971801757812 38.3870468139648 38.4718627929688 38.4523162841797 38.4171905517578 38.373706817627
33.429630279541 32.344108581543 32.4536094665527 32.8687210083008 33.2590560913086 34.3660087585449 34.4218635559082 35.3045883178711 36.1943817138672 36.5700340270996 36.9584579467773 37.0851097106934 37.2405166625977 37.4920043945312 37.7027778625488 37.7585868835449 37.7186012268066 37.8076324462891 37.7830123901367 37.5495147705078 37.353832244873 37.3862838745117 37.9478759765625 38.1926383972168 38.1253318786621 38.5614547729492 38.4630470275879 37.8167877197266 38.3757057189941 38.6499366760254 38.4338607788086 38.2470359802246 38.1680221557617 37.8348388671875 38.0346832275391 37.9753036499023 37.9883499145508 37.5644798278809 37.6719818115234 36.6181488037109 38.015453338623 38.272388458252 38.4493255615234 38.4556312561035 38.426399230957 38.3840637207031
34.1612319946289 33.1076431274414 32.5470542907715 33.3857574462891 34.0587539672852 34.8102760314941 34.9033851623535 35.4483642578125 36.2995376586914 36.7696990966797 36.8330307006836 36.8656005859375 37.3204231262207 37.516227722168 37.6457061767578 37.6387748718262 37.8684387207031 38.0181999206543 37.9978561401367 37.7484931945801 37.5854644775391 37.5044326782227 37.6541786193848 37.6771202087402 37.6601638793945 38.3702850341797 38.5597686767578 38.2701568603516 37.9740676879883 38.526481628418 38.0709381103516 37.2364845275879 37.8859367370605 38.0593948364258 38.3603744506836 38.3641471862793 38.3250350952148 38.2932319641113 38.0689506530762 37.0545997619629 37.8914260864258 38.2235069274902 38.3960189819336 38.440746307373 38.432933807373 38.3943862915039
34.2070465087891 33.2911529541016 32.6887741088867 34.0446014404297 35.0494613647461 35.5518035888672 36.3766975402832 36.6472206115723 36.8906364440918 37.0266532897949 36.8355827331543 36.8056488037109 37.4199600219727 37.5301780700684 37.5550727844238 37.6420707702637 37.7754020690918 37.7760734558105 38.3348236083984 38.0932998657227 37.8145141601562 37.6619911193848 37.6487159729004 37.4921875 37.5146102905273 38.1731338500977 38.5385627746582 38.4508628845215 38.3080902099609 38.6301345825195 37.9312973022461 36.7848472595215 37.3222312927246 38.0370635986328 38.0774917602539 37.6771926879883 37.7415733337402 38.2901496887207 38.4111824035645 38.3717269897461 38.4030265808105 38.3932647705078 38.4053611755371 38.4023284912109 38.4242248535156 38.4078636169434
34.0706443786621 33.0393104553223 32.5326995849609 33.8139343261719 35.1387710571289 35.5580062866211 34.9194869995117 36.4253845214844 36.3837623596191 35.7917709350586 36.8511428833008 37.0956001281738 37.1352386474609 37.2149505615234 37.2483787536621 37.4871101379395 37.6396179199219 37.7734832763672 38.2987365722656 38.4333229064941 38.2383193969727 37.9173774719238 37.7506866455078 37.6800079345703 37.4402694702148 37.9391021728516 38.4231147766113 38.4457015991211 38.6449279785156 38.7149505615234 38.1910171508789 36.3406448364258 37.0469512939453 36.5281257629395 36.9060287475586 36.154483795166 37.1697578430176 38.2545738220215 38.3736114501953 38.4367904663086 38.4456748962402 38.3588371276855 38.2476501464844 38.3547134399414 38.3780174255371 38.3794784545898
34.0530662536621 33.2541275024414 33.3120880126953 33.8457641601562 34.7987251281738 35.2514953613281 35.7350997924805 36.0110931396484 34.5822486877441 34.4960250854492 36.2261085510254 35.1449241638184 35.569766998291 36.0764465332031 36.880241394043 37.3942985534668 37.5722503662109 37.8168296813965 38.1917381286621 38.3373718261719 38.4056243896484 38.1537017822266 37.8232002258301 37.9066619873047 37.7863883972168 38.0370140075684 38.0431709289551 37.8772926330566 38.4508171081543 38.6454620361328 38.4098625183105 37.6675834655762 36.1340484619141 33.9474258422852 34.1602592468262 36.0374336242676 37.5831604003906 38.2204971313477 38.3349380493164 38.2759246826172 38.2701187133789 38.0361061096191 37.9092864990234 38.2855453491211 38.020622253418 38.0812759399414
34.0169906616211 33.6287994384766 33.406120300293 33.7240905761719 34.353931427002 35.1845741271973 35.3734359741211 34.9186706542969 34.4002685546875 35.3677062988281 35.9212951660156 34.8246879577637 35.2042388916016 35.6957664489746 36.7572555541992 37.2073364257812 37.5408363342285 38.0190696716309 38.461498260498 38.2904777526855 38.1645584106445 38.4712905883789 38.2143516540527 38.0298538208008 37.8709716796875 37.8720397949219 37.9658699035645 37.8698921203613 38.2181129455566 38.568717956543 38.6088676452637 38.0643653869629 37.313777923584 35.5356101989746 34.8688468933105 36.0890884399414 37.5676460266113 38.1494140625 38.2113571166992 37.7311592102051 37.9940757751465 38.1764488220215 37.9614562988281 38.023853302002 37.6881713867188 37.9493980407715
33.6550331115723 33.4232597351074 32.914176940918 33.2629241943359 34.0603675842285 34.2288284301758 34.6460380554199 35.0010833740234 35.3401489257812 35.4697799682617 35.8629112243652 36.1133041381836 36.84912109375 36.9589424133301 37.1297378540039 36.6443901062012 37.6842231750488 38.0905647277832 38.3198661804199 38.0345230102539 38.1681289672852 38.3708686828613 38.4829254150391 38.4291381835938 38.1375770568848 38.0688972473145 37.7000961303711 37.875804901123 38.294677734375 38.3860702514648 38.5419082641602 38.5652046203613 37.9918365478516 37.2912902832031 36.3259582519531 36.0131225585938 37.2473640441895 38.0560760498047 37.5445556640625 36.9858474731445 37.935001373291 38.1917266845703 37.9028358459473 37.0959739685059 37.4618186950684 37.9942245483398
