inst/extdata/Tmax/Tmax144.asc
NCOLS 100 
NROWS 79 
XLLCORNER 148.06 
YLLCORNER -21.49 
CELLSIZE 0.01 
NODATA_value -3.4e+38 
[rows 0 to 19 of 79, columns 46 to 91 of 100]
34.1072120666504 33.9168701171875 33.8079299926758 33.8082733154297 33.7882118225098 33.6528396606445 33.8724250793457 33.6888084411621 33.4815063476562 33.2901802062988 33.199577331543 32.9135131835938 32.8080520629883 33.0382423400879 33.3149833679199 33.230655670166 33.1017684936523 32.9291000366211 32.6304359436035 32.4509658813477 32.3305511474609 -3.4e+38 -3.4e+38 -3.4e+38 -3.4e+38 -3.4e+38 -3.4e+38 -3.4e+38 -3.4e+38 -3.4e+38 -3.4e+38 -3.4e+38 -3.4e+38 -3.4e+38 -3.4e+38 -3.4e+38 -3.4e+38 -3.4e+38 -3.4e+38 -3.4e+38 -3.4e+38 -3.4e+38 -3.4e+38 -3.4e+38 -3.4e+38 -3.4e+38
34.0414733886719 33.7406539916992 33.4970970153809 33.7683067321777 33.9364166259766 33.9271697998047 33.8773002624512 33.7652320861816 33.4049644470215 32.9391593933105 33.0812225341797 32.5136489868164 33.0487823486328 33.3618049621582 33.3355293273926 33.2393035888672 33.1244316101074 32.9837608337402 32.7819442749023 32.6846237182617 32.5795745849609 32.4447555541992 -3.4e+38 -3.4e+38 -3.4e+38 -3.4e+38 -3.4e+38 -3.4e+38 -3.4e+38 -3.4e+38 -3.4e+38 -3.4e+38 -3.4e+38 -3.4e+38 -3.4e+38 -3.4e+38 -3.4e+38 -3.4e+38 -3.4e+38 -3.4e+38 -3.4e+38 -3.4e+38 -3.4e+38 -3.4e+38 -3.4e+38 -3.4e+38
33.9062042236328 33.1034088134766 32.1960792541504 33.682674407959 33.885498046875 33.882640838623 33.8591117858887 33.7989654541016 33.5564498901367 32.932014465332 33.0304794311523 33.1703033447266 33.2452201843262 33.3948822021484 33.3533935546875 33.2499084472656 33.1554756164551 33.050106048584 32.9144172668457 32.6795768737793 32.6372756958008 32.4792976379395 32.2551956176758 31.9836311340332 -3.4e+38 -3.4e+38 -3.4e+38 -3.4e+38 -3.4e+38 -3.4e+38 -3.4e+38 -3.4e+38 -3.4e+38 -3.4e+38 -3.4e+38 -3.4e+38 -3.4e+38 -3.4e+38 -3.4e+38 -3.4e+38 -3.4e+38 -3.4e+38 -3.4e+38 -3.4e+38 -3.4e+38 -3.4e+38
33.429615020752 33.498779296875 32.3251838684082 33.535270690918 33.7349891662598 33.7818908691406 33.8465423583984 33.7407379150391 33.600212097168 33.2483291625977 33.137279510498 32.8619003295898 33.2221908569336 33.3500595092773 33.3677253723145 33.264347076416 33.2003936767578 33.1234321594238 32.9714317321777 32.5835113525391 32.3898811340332 32.4129104614258 32.3492164611816 32.2652549743652 32.0975685119629 31.7738590240479 -3.4e+38 -3.4e+38 -3.4e+38 -3.4e+38 -3.4e+38 -3.4e+38 -3.4e+38 -3.4e+38 -3.4e+38 -3.4e+38 -3.4e+38 -3.4e+38 -3.4e+38 -3.4e+38 -3.4e+38 -3.4e+38 -3.4e+38 -3.4e+38 -3.4e+38 -3.4e+38
33.3871154785156 33.4143295288086 32.1169509887695 32.3692932128906 33.2200469970703 33.743537902832 33.8320846557617 33.6808471679688 33.6449966430664 33.3110885620117 32.9977951049805 32.7889060974121 32.3748588562012 33.0437240600586 33.2975921630859 33.2039680480957 33.2310943603516 33.1711921691895 32.9150085449219 32.1281852722168 31.5754547119141 32.3615646362305 32.4364585876465 32.3627014160156 32.1241645812988 31.8978328704834 -3.4e+38 -3.4e+38 -3.4e+38 -3.4e+38 -3.4e+38 -3.4e+38 -3.4e+38 -3.4e+38 -3.4e+38 -3.4e+38 -3.4e+38 -3.4e+38 -3.4e+38 -3.4e+38 -3.4e+38 -3.4e+38 -3.4e+38 -3.4e+38 -3.4e+38 -3.4e+38
32.4445457458496 33.2392120361328 31.5851650238037 30.9086570739746 32.8083686828613 33.7928085327148 33.7250289916992 33.6597366333008 33.5965270996094 33.1640243530273 32.1856346130371 31.8228931427002 32.1727409362793 33.1482009887695 33.040355682373 33.2059593200684 33.2453575134277 33.1645011901855 33.0600662231445 32.3814125061035 31.5881862640381 31.6579914093018 32.1874198913574 32.2548637390137 32.2308769226074 32.1481018066406 -3.4e+38 -3.4e+38 -3.4e+38 -3.4e+38 -3.4e+38 -3.4e+38 -3.4e+38 -3.4e+38 -3.4e+38 -3.4e+38 -3.4e+38 -3.4e+38 -3.4e+38 -3.4e+38 -3.4e+38 -3.4e+38 -3.4e+38 -3.4e+38 -3.4e+38 -3.4e+38
31.4489040374756 33.1918869018555 32.5208396911621 32.4317054748535 33.4653625488281 33.7264862060547 33.5455436706543 33.4225463867188 33.5735549926758 33.0588836669922 32.2861785888672 32.2686462402344 32.9626884460449 33.0853538513184 32.105770111084 33.0289039611816 33.082820892334 33.0768737792969 33.1030120849609 32.8000984191895 32.3789405822754 32.0866546630859 32.3120460510254 32.052188873291 32.3067855834961 32.3269805908203 32.2168846130371 32.0116119384766 -3.4e+38 -3.4e+38 -3.4e+38 -3.4e+38 -3.4e+38 -3.4e+38 -3.4e+38 -3.4e+38 -3.4e+38 -3.4e+38 -3.4e+38 -3.4e+38 -3.4e+38 -3.4e+38 -3.4e+38 -3.4e+38 -3.4e+38 -3.4e+38
30.5211715698242 33.173526763916 33.6483535766602 33.4437370300293 32.3718490600586 32.6372604370117 33.3016510009766 33.4520530700684 33.6066055297852 33.3999481201172 32.976749420166 32.5227432250977 32.5403480529785 32.7599143981934 32.2721405029297 32.9974098205566 32.2338638305664 32.1805839538574 32.9073905944824 33.0216369628906 32.8287162780762 32.5561981201172 32.4351234436035 32.4753875732422 32.4332122802734 32.3863143920898 32.2102851867676 32.1157569885254 31.9045181274414 31.4478588104248 31.4281826019287 -3.4e+38 -3.4e+38 -3.4e+38 -3.4e+38 -3.4e+38 -3.4e+38 -3.4e+38 -3.4e+38 -3.4e+38 -3.4e+38 -3.4e+38 -3.4e+38 -3.4e+38 -3.4e+38 -3.4e+38
30.4500694274902 32.6589698791504 33.6550140380859 33.5304412841797 32.6158142089844 31.0003776550293 32.4536781311035 33.5359344482422 33.602424621582 33.4722557067871 33.3025665283203 33.0147018432617 33.0225067138672 32.8262367248535 32.2634124755859 32.1811676025391 31.72043800354 32.5203742980957 32.8242340087891 32.8840065002441 32.8764686584473 32.497444152832 32.0721244812012 31.7202701568604 32.4298706054688 32.4699478149414 32.3421173095703 32.2147941589355 32.1290054321289 31.6266822814941 31.5432834625244 31.6940212249756 -3.4e+38 -3.4e+38 -3.4e+38 -3.4e+38 -3.4e+38 -3.4e+38 -3.4e+38 -3.4e+38 -3.4e+38 -3.4e+38 -3.4e+38 -3.4e+38 -3.4e+38 -3.4e+38
31.4319610595703 32.6451034545898 33.4925880432129 33.4766044616699 33.4412231445312 31.9629859924316 32.2898902893066 33.4098320007324 33.5816841125488 33.445484161377 33.228401184082 32.9471054077148 32.8030281066895 32.9060554504395 32.1922760009766 31.8594646453857 31.7612972259521 32.9330558776855 32.7576522827148 32.4284896850586 32.8151054382324 32.7631645202637 32.541202545166 32.1675491333008 32.5742225646973 32.5010032653809 32.3313827514648 32.397102355957 32.281566619873 32.0536117553711 31.6868362426758 31.7080497741699 -3.4e+38 -3.4e+38 -3.4e+38 -3.4e+38 -3.4e+38 -3.4e+38 -3.4e+38 -3.4e+38 -3.4e+38 -3.4e+38 -3.4e+38 -3.4e+38 -3.4e+38 -3.4e+38
30.4047355651855 32.450870513916 32.8619728088379 32.6265411376953 32.9980125427246 33.2685852050781 32.9602394104004 33.4133453369141 33.5087699890137 33.3908424377441 33.2027053833008 33.0023422241211 32.7781753540039 33.1453552246094 32.9682159423828 32.85498046875 32.9074172973633 33.1156311035156 33.0999031066895 32.5210762023926 32.0168952941895 32.7027359008789 32.8767623901367 32.3361663818359 32.3387069702148 32.1706695556641 32.1290016174316 32.4758529663086 32.3723297119141 32.1559753417969 -3.4e+38 -3.4e+38 -3.4e+38 -3.4e+38 -3.4e+38 -3.4e+38 -3.4e+38 -3.4e+38 -3.4e+38 -3.4e+38 -3.4e+38 -3.4e+38 -3.4e+38 -3.4e+38 -3.4e+38 -3.4e+38
29.6528091430664 30.7419090270996 31.1105537414551 30.8205871582031 31.9669532775879 32.6868553161621 33.0912437438965 33.3852043151855 33.3748626708984 33.2751693725586 33.0737380981445 32.8684196472168 32.7018585205078 33.3537902832031 33.3324508666992 33.1695899963379 33.1690635681152 33.2538757324219 33.2853698730469 33.1691131591797 32.7495002746582 32.5216636657715 32.9064483642578 32.693603515625 32.4299430847168 32.5494499206543 32.5776977539062 32.3316612243652 32.2650718688965 32.1671180725098 -3.4e+38 -3.4e+38 -3.4e+38 -3.4e+38 -3.4e+38 -3.4e+38 -3.4e+38 -3.4e+38 -3.4e+38 -3.4e+38 -3.4e+38 -3.4e+38 -3.4e+38 -3.4e+38 -3.4e+38 -3.4e+38
29.6237182617188 28.5426788330078 27.8731803894043 28.0257911682129 30.4118461608887 31.0210819244385 32.4058837890625 32.7939720153809 33.1331329345703 33.0054893493652 32.7667465209961 33.1159896850586 33.1111145019531 32.9921112060547 33.4510955810547 33.4155578613281 33.3383026123047 33.3371963500977 33.3392066955566 33.3083457946777 33.2372817993164 33.1447906494141 32.9804801940918 32.913932800293 32.5888252258301 32.665885925293 32.6412124633789 32.3765335083008 32.1407203674316 32.0841636657715 32.014217376709 31.7789745330811 -3.4e+38 -3.4e+38 -3.4e+38 -3.4e+38 -3.4e+38 -3.4e+38 -3.4e+38 -3.4e+38 -3.4e+38 -3.4e+38 -3.4e+38 -3.4e+38 -3.4e+38 -3.4e+38
29.639066696167 28.7722988128662 27.7980613708496 27.22483253479 27.881046295166 28.7977714538574 30.9511909484863 32.3067283630371 33.1038932800293 32.9102592468262 32.3645248413086 33.0163803100586 33.3596153259277 33.4004554748535 33.4127044677734 33.4250335693359 33.4430198669434 33.4207153320312 33.3870735168457 33.3443870544434 33.2915306091309 33.2176971435547 33.1290626525879 33.0322647094727 32.7727508544922 32.7990112304688 32.6940383911133 32.4893569946289 32.2659301757812 32.2317962646484 32.2021293640137 32.1002578735352 31.86940574646 -3.4e+38 -3.4e+38 -3.4e+38 -3.4e+38 31.3970508575439 31.4208660125732 -3.4e+38 -3.4e+38 -3.4e+38 -3.4e+38 -3.4e+38 -3.4e+38 -3.4e+38
30.2897434234619 28.8625011444092 27.9016590118408 27.4987869262695 28.0993843078613 27.8320960998535 29.1594276428223 31.1071548461914 32.5816612243652 32.9935188293457 31.7982807159424 32.7173957824707 33.1879806518555 32.689769744873 32.7755355834961 33.2074127197266 33.3079605102539 33.373420715332 33.3148384094238 33.173656463623 33.1959342956543 33.1349067687988 33.129695892334 33.0681228637695 32.9790229797363 32.8205680847168 32.7025527954102 32.5597686767578 32.4475326538086 32.383674621582 32.3557319641113 32.2538795471191 31.9393081665039 -3.4e+38 -3.4e+38 -3.4e+38 -3.4e+38 31.5119762420654 31.4504470825195 31.599760055542 31.5736713409424 31.3834552764893 -3.4e+38 -3.4e+38 -3.4e+38 -3.4e+38
30.233715057373 28.8253116607666 27.9386386871338 28.433422088623 28.2053833007812 28.6473541259766 28.3844757080078 29.9712791442871 32.3609924316406 33.1461029052734 32.0224304199219 31.976095199585 32.8522644042969 30.836856842041 31.9311141967773 32.3369903564453 32.9232215881348 33.3258743286133 33.2983894348145 33.1942481994629 33.1710319519043 33.1403770446777 33.139949798584 33.0758056640625 32.9934959411621 32.7234039306641 32.686767578125 32.6132354736328 32.5760726928711 32.5451202392578 32.4663581848145 32.3546562194824 32.2059097290039 -3.4e+38 -3.4e+38 31.9987964630127 31.8222770690918 31.6061191558838 31.467321395874 31.2422561645508 31.3663234710693 31.5607566833496 -3.4e+38 -3.4e+38 -3.4e+38 -3.4e+38
28.6925811767578 27.3224601745605 27.2741718292236 28.7011489868164 29.0866012573242 28.9855422973633 28.5342750549316 28.939208984375 31.5387763977051 32.9302253723145 32.9416465759277 32.0408210754395 32.5957641601562 31.1078300476074 31.1162986755371 31.1829376220703 32.5910148620605 33.2995719909668 33.3038520812988 33.3109092712402 33.2928581237793 33.223217010498 33.1597900390625 32.8977127075195 32.8895988464355 32.7565841674805 32.7258605957031 32.7047538757324 32.6846618652344 32.6241264343262 32.5422096252441 32.4593887329102 32.3715667724609 -3.4e+38 32.2304954528809 32.1981468200684 32.1270713806152 -3.4e+38 31.6186466217041 -3.4e+38 31.3108139038086 -3.4e+38 -3.4e+38 -3.4e+38 -3.4e+38 -3.4e+38
28.6256408691406 27.0374927520752 26.3668403625488 29.1170520782471 29.3561687469482 28.6375160217285 28.2222747802734 28.3695297241211 30.0962905883789 32.5947799682617 32.7105751037598 32.2465896606445 32.3674964904785 32.4818382263184 31.7632083892822 32.9401359558105 33.173999786377 33.2730903625488 33.3016929626465 33.2778015136719 33.2536163330078 33.2054862976074 33.155029296875 33.0477142333984 33.0198783874512 32.9305152893066 32.8671417236328 32.8024635314941 32.7077178955078 32.6959838867188 32.6311073303223 32.5733528137207 32.5104866027832 32.4354209899902 32.3859481811523 32.3705596923828 32.2365684509277 -3.4e+38 -3.4e+38 -3.4e+38 -3.4e+38 -3.4e+38 -3.4e+38 31.535135269165 -3.4e+38 -3.4e+38
30.6069469451904 30.2572422027588 27.8778324127197 29.5718765258789 27.9387607574463 27.9386043548584 28.43381690979 28.7701549530029 31.0424346923828 32.553581237793 32.2298240661621 31.5665626525879 32.4957847595215 32.9266929626465 33.0279655456543 33.0818634033203 33.1987953186035 32.8506622314453 33.0044479370117 33.1665344238281 33.122745513916 33.1499824523926 33.1465530395508 33.1016235351562 33.0571098327637 32.9916648864746 32.9396820068359 32.7868309020996 32.4528160095215 32.5996971130371 32.7004699707031 32.6901741027832 32.6437530517578 32.5577926635742 32.5130500793457 32.4480361938477 32.3259391784668 32.2195434570312 32.1182403564453 32.0554504394531 32.0356254577637 31.9388694763184 31.7162284851074 31.5446891784668 -3.4e+38 -3.4e+38
30.68577003479 29.7549800872803 30.4816131591797 30.2772960662842 28.7183723449707 28.752082824707 28.3331737518311 28.5702877044678 30.7996501922607 32.224494934082 32.6645278930664 32.4104118347168 32.7708511352539 33.0717964172363 32.9282455444336 32.7704658508301 32.9649658203125 32.6698684692383 32.4886894226074 32.6650199890137 32.9910774230957 33.0505180358887 33.0594329833984 33.082462310791 33.0698204040527 33.0214195251465 32.9550819396973 32.7380867004395 32.4645690917969 32.6804695129395 32.655632019043 32.7581977844238 32.6474876403809 32.5896835327148 32.5472068786621 32.431209564209 32.3583984375 32.3182411193848 32.2841186523438 32.2488708496094 32.2077140808105 32.091926574707 31.7825469970703 31.4640083312988 31.5067443847656 -3.4e+38
