inst/extdata/Tmax/Tmax55.asc
NCOLS 100 
NROWS 79 
XLLCORNER 148.06 
YLLCORNER -21.49 
CELLSIZE 0.01 
NODATA_value -3.4e+38 
[rows 40 to 59 of 79, columns 46 to 91 of 100]
27.5108261108398 28.5389099121094 29.0083656311035 29.9592533111572 31.6781692504883 32.7417144775391 32.2884750366211 30.3318290710449 29.9767799377441 30.7234649658203 31.3068618774414 33.171875 32.8100776672363 33.0721549987793 32.2344741821289 33.336296081543 33.5664443969727 33.3049507141113 33.4446868896484 33.5838851928711 33.6394577026367 32.7109451293945 33.1558151245117 33.5233306884766 33.6513023376465 33.7502670288086 33.6846733093262 33.330005645752 33.5576972961426 33.7935562133789 33.7973175048828 33.6766624450684 33.3829879760742 32.1031341552734 32.433666229248 33.1936569213867 33.1351890563965 33.0739402770996 33.3598442077637 32.8195343017578 32.0781097412109 32.6265602111816 32.997875213623 32.816707611084 33.1312446594238 33.2171783447266
28.8543319702148 30.0989170074463 30.0446720123291 30.0316200256348 31.6992263793945 33.0231323242188 31.8781661987305 31.498046875 32.1555938720703 32.2781600952148 32.698055267334 33.4583549499512 33.3750534057617 33.427116394043 33.3104934692383 33.6706390380859 33.7461242675781 33.7132225036621 33.7037734985352 33.7596015930176 33.7818717956543 33.2868003845215 32.5988349914551 33.0060768127441 32.9602966308594 33.505069732666 33.8491897583008 33.4068984985352 33.4305839538574 33.8594856262207 33.932861328125 33.8826293945312 33.7497863769531 33.1654434204102 33.4491119384766 33.5294456481934 33.3474082946777 33.3756675720215 33.5154418945312 33.675479888916 32.7174453735352 32.991397857666 33.6575622558594 33.4905891418457 33.6590881347656 33.6359596252441
31.3375034332275 31.5558795928955 31.7776298522949 32.3093566894531 32.6865882873535 33.2260704040527 32.8208427429199 32.3009376525879 32.8715934753418 33.3216819763184 33.274284362793 33.6319885253906 33.7014312744141 33.6554183959961 33.6618194580078 33.7870483398438 33.8325653076172 33.8427505493164 33.8444404602051 33.8670463562012 33.8180274963379 32.9050216674805 32.7340278625488 33.28173828125 32.7838249206543 33.2852325439453 33.7659759521484 33.7016944885254 33.6783905029297 33.9639015197754 34.0241165161133 34.0469665527344 34.0397911071777 33.9591178894043 33.8926696777344 33.5994911193848 32.6886711120605 33.341854095459 33.9133071899414 33.9383316040039 33.8436660766602 33.8155899047852 33.9627456665039 34.02587890625 34.093620300293 34.0744972229004
32.5944213867188 32.6488723754883 32.8177185058594 33.0014266967773 33.2771682739258 33.3979797363281 33.3424339294434 33.1372337341309 33.348316192627 33.6053466796875 33.6435432434082 33.7283706665039 33.7406921386719 33.7370452880859 33.7908325195312 33.8014297485352 33.7696380615234 33.7787284851074 33.8437728881836 33.9057731628418 33.9011878967285 33.6941795349121 33.4735221862793 33.6815185546875 33.579231262207 33.1675338745117 33.4939270019531 33.7982063293457 33.9829330444336 34.0362167358398 34.0695991516113 34.089485168457 34.0915908813477 34.0813941955566 34.1053848266602 33.9951248168945 33.5462036132812 33.8895645141602 34.0967979431152 34.1097640991211 34.1085205078125 34.134391784668 34.1484527587891 34.1918411254883 34.2243576049805 34.2267990112305
32.3926773071289 32.7053756713867 33.0099716186523 33.0519027709961 33.1428833007812 33.3086013793945 33.3912010192871 33.4957313537598 33.5580291748047 33.5341491699219 33.3599090576172 33.5046463012695 33.4608459472656 33.228889465332 33.4482650756836 33.621940612793 33.5407791137695 33.6854095458984 33.8112449645996 33.8905448913574 33.9429168701172 33.8426818847656 33.5608558654785 33.3328399658203 33.5929489135742 33.8033714294434 33.8832778930664 33.9571723937988 33.9957695007324 34.0585021972656 34.0778579711914 34.0940818786621 34.0816688537598 34.0716361999512 34.128101348877 34.1037139892578 34.1119575500488 34.1356468200684 34.1079750061035 34.1366195678711 34.1444854736328 34.1591873168945 34.1894607543945 34.2034950256348 34.1384658813477 34.1987190246582
30.4891605377197 31.3475494384766 31.8269577026367 32.0877990722656 32.508674621582 32.8960952758789 32.8689460754395 33.1098670959473 33.141300201416 33.006965637207 32.2453536987305 32.2947998046875 32.4106750488281 30.8669700622559 31.9155807495117 32.7620735168457 33.3607444763184 33.7303504943848 33.8507919311523 33.9044380187988 33.9495849609375 33.8017730712891 33.3943138122559 33.0503997802734 33.3606262207031 33.6652374267578 33.8271751403809 33.8453216552734 33.9408912658691 34.0416450500488 34.079662322998 34.1024169921875 34.1117324829102 34.1312866210938 34.1274871826172 34.0643615722656 34.0820655822754 34.1026496887207 34.1019515991211 34.1217498779297 34.1239318847656 34.1426467895508 34.1598434448242 34.1367797851562 34.1571044921875 34.2136077880859
27.9482402801514 29.3195476531982 29.2498550415039 29.24875831604 30.688024520874 31.2922191619873 31.4493141174316 31.7612457275391 32.2759170532227 31.6540985107422 30.9761867523193 30.3929595947266 31.1347923278809 31.0308322906494 31.5386276245117 32.797477722168 33.5351829528809 33.7578773498535 33.8214492797852 33.8313636779785 33.9164390563965 33.95849609375 33.5681800842285 33.245491027832 33.1631507873535 33.4792175292969 33.7227516174316 33.8676681518555 33.9992256164551 34.0471038818359 34.1010398864746 34.1337814331055 34.1530914306641 34.1510467529297 34.0997543334961 34.0722732543945 34.0953330993652 34.1189231872559 34.1322441101074 34.1453132629395 34.1465339660645 34.1694183349609 34.1931953430176 34.1877670288086 34.2071685791016 34.1323089599609
28.0668525695801 28.0217361450195 27.8464965820312 27.9593238830566 27.9265518188477 28.7950019836426 30.1629791259766 30.8986206054688 31.1252632141113 31.0233688354492 31.6272277832031 31.4814338684082 31.3431282043457 31.9939880371094 32.3373107910156 33.2841873168945 33.5761909484863 33.634521484375 33.6012802124023 33.7544326782227 33.9117698669434 33.9899101257324 33.8786010742188 33.5999221801758 33.2074127197266 33.5192260742188 33.7468376159668 33.9403610229492 34.0400772094727 34.1056022644043 34.1500396728516 34.1573486328125 34.1215629577637 34.0761871337891 34.043571472168 34.0504035949707 34.0909957885742 34.1340637207031 34.1525344848633 34.1663856506348 34.1812553405762 34.210620880127 34.2308769226074 34.2365531921387 34.0670394897461 33.8856201171875
27.660795211792 27.7707004547119 28.0367374420166 27.7625598907471 27.6935348510742 27.8415279388428 28.8030776977539 30.5968399047852 31.2039184570312 31.4258842468262 31.2861366271973 31.5179214477539 31.861572265625 32.2021827697754 32.2961730957031 32.8901023864746 33.3128509521484 33.3430976867676 33.3670501708984 33.7034950256348 33.8491706848145 33.8953895568848 34.0107460021973 33.9591522216797 33.8752937316895 33.8769683837891 33.9941749572754 34.0906410217285 34.1267623901367 34.158016204834 34.1650924682617 34.1246757507324 34.0705413818359 33.9702453613281 33.9586181640625 34.0477294921875 34.0864143371582 34.1332473754883 34.1783142089844 34.192512512207 34.2229309082031 34.249439239502 34.2620239257812 34.2757759094238 34.1530075073242 34.0578384399414
27.7420120239258 27.9293727874756 27.9651393890381 27.642707824707 28.208532333374 29.155294418335 29.3018493652344 30.6781959533691 31.2218894958496 31.4732627868652 31.3090934753418 31.849048614502 32.177059173584 32.2143669128418 32.3426666259766 32.2717514038086 32.4069023132324 32.6832695007324 33.1019325256348 33.4964179992676 33.6357231140137 33.6816444396973 33.9553031921387 34.0341453552246 34.0814514160156 34.0940208435059 34.098560333252 33.9603538513184 34.0520362854004 34.1486625671387 34.1450386047363 34.0585632324219 34.0449867248535 33.8809852600098 33.8452415466309 34.0579605102539 34.088939666748 34.1019020080566 34.1903305053711 34.2264137268066 34.2393989562988 34.2734107971191 34.2877731323242 34.2923965454102 34.2536087036133 34.2218437194824
27.7826881408691 27.6631088256836 27.8986797332764 27.6019115447998 28.3389339447021 29.5724315643311 29.9821739196777 30.6447982788086 31.4347686767578 31.9455757141113 32.002025604248 32.1639404296875 32.2743949890137 32.3397254943848 32.3609008789062 32.3411827087402 32.4443702697754 32.1932983398438 31.8547592163086 33.0908813476562 33.0136642456055 33.495777130127 33.8643646240234 33.9568252563477 34.0388832092285 34.0573196411133 34.0158233642578 33.8271369934082 34.0059852600098 34.1380500793457 34.0097465515137 33.8702125549316 33.9163551330566 33.926700592041 33.9892883300781 34.103443145752 34.140869140625 34.1567306518555 34.1851119995117 34.2490081787109 34.2784614562988 34.2930297851562 34.3019027709961 34.3021850585938 34.2952766418457 34.2451667785645
27.3263759613037 27.3034572601318 27.714054107666 27.0517063140869 27.2173118591309 29.4311866760254 30.2933921813965 31.0088157653809 31.4066543579102 31.7430381774902 31.8463134765625 31.8864631652832 31.7094993591309 31.744514465332 32.0639381408691 32.2406845092773 32.6291007995605 32.5858573913574 32.4253234863281 32.5048675537109 32.3773078918457 33.238697052002 33.690315246582 33.8997650146484 33.9400863647461 33.989933013916 33.6688613891602 33.3238639831543 33.9690055847168 34.1318206787109 33.8903388977051 33.6137733459473 33.8998031616211 33.9801254272461 34.0408592224121 34.0431671142578 34.0708160400391 34.1050148010254 34.1571655273438 34.1775321960449 34.2236709594727 34.2891159057617 34.3095855712891 34.3127708435059 34.3095893859863 34.2794799804688
26.942361831665 26.7921504974365 27.298526763916 27.1732864379883 27.2718944549561 28.3818302154541 29.5353126525879 30.2849178314209 30.8418121337891 31.2675743103027 31.2491436004639 31.2071743011475 31.3109951019287 31.6511898040771 32.4736251831055 32.6216316223145 32.8499603271484 32.7836570739746 32.7325782775879 32.5898666381836 32.3717803955078 33.1061172485352 33.6025238037109 33.831958770752 33.8030128479004 33.9311828613281 33.5732269287109 32.636287689209 33.7106971740723 34.1048889160156 33.8680610656738 33.6562271118164 33.8917236328125 33.8631973266602 33.8252563476562 33.8879356384277 33.9693489074707 33.9362258911133 33.890251159668 33.9079399108887 34.0587730407715 34.1836433410645 34.3034553527832 34.3188819885254 34.3192863464355 34.3118171691895
28.1274490356445 27.0311851501465 27.1529884338379 27.5868606567383 27.9953575134277 29.1857967376709 29.2944240570068 30.1868629455566 31.0869617462158 31.4815635681152 31.8969707489014 32.0448913574219 32.2218971252441 32.4958114624023 32.729076385498 32.8134613037109 32.7971801757812 32.9112548828125 32.9109382629395 32.6995697021484 32.5261344909668 32.5898170471191 33.1830291748047 33.4555816650391 33.4127464294434 33.8846740722656 33.8110885620117 33.1822700500488 33.7740135192871 34.075855255127 33.8839492797852 33.7271385192871 33.6725769042969 33.3589859008789 33.5880661010742 33.5593719482422 33.602222442627 33.1994361877441 33.3418312072754 32.281867980957 33.7666206359863 34.0619049072266 34.2750396728516 34.3162460327148 34.3224906921387 34.3160781860352
28.8767127990723 27.8136711120605 27.2515277862549 28.1178588867188 28.814826965332 29.6456604003906 29.7621631622314 30.3165626525879 31.1789741516113 31.6679916381836 31.7584037780762 31.8118152618408 32.2886123657227 32.5063629150391 32.6578216552734 32.6808929443359 32.9362297058105 33.1114845275879 33.1154823303223 32.8884468078613 32.7481880187988 32.6971282958984 32.8731880187988 32.9210166931152 32.9285278320312 33.6784591674805 33.8945770263672 33.6278305053711 33.3532524108887 33.9371490478516 33.5019226074219 32.6824836730957 33.3707656860352 33.5724067687988 33.9051818847656 33.9464874267578 33.9382667541504 33.9379577636719 33.7423210144043 32.7298965454102 33.6334533691406 34.0058555603027 34.2147331237793 34.2945327758789 34.3220367431641 34.3194580078125
28.9285507202148 28.0048847198486 27.3997077941895 28.7944355010986 29.8433017730713 30.3608493804932 31.2021007537842 31.491512298584 31.7548789978027 31.9116058349609 31.7479190826416 31.7387638092041 32.3749160766602 32.5067024230957 32.5546798706055 32.6724128723145 32.8305702209473 32.8554725646973 33.4422950744629 33.2238006591797 32.9671096801758 32.8439750671387 32.8549270629883 32.7208557128906 32.7679748535156 33.4657974243164 33.859203338623 33.7960319519043 33.6772003173828 34.0266914367676 33.3456039428711 32.2061233520508 32.7812576293945 33.540412902832 33.6119346618652 33.2407569885254 33.3375473022461 33.9279518127441 34.0825729370117 34.0753746032715 34.146541595459 34.1703109741211 34.2167701721191 34.2483940124512 34.3056411743164 34.3250274658203
28.7946968078613 27.7518463134766 27.2435035705566 28.5636119842529 29.9303321838379 30.3551139831543 29.7548503875732 31.2583808898926 31.2375259399414 30.6708850860596 31.7504692077637 32.0155944824219 32.0761337280273 32.1781539916992 32.2350578308105 32.5047912597656 32.6819343566895 32.8406219482422 33.3933067321777 33.5530128479004 33.3815498352051 33.0890693664551 32.9451599121094 32.8980674743652 32.6795501708984 33.2155952453613 33.7288436889648 33.7764854431152 34.0017471313477 34.0969543457031 33.5942192077637 31.7422027587891 32.492847442627 31.9890193939209 32.4058074951172 31.6677169799805 32.7432403564453 33.8846626281738 34.0371437072754 34.1332893371582 34.1816673278809 34.1276359558105 34.0492935180664 34.1919097900391 34.2504806518555 34.2876129150391
28.7779674530029 27.971549987793 28.0408229827881 28.5968971252441 29.5831661224365 30.038911819458 30.5396022796631 30.8318271636963 29.448263168335 29.3827438354492 31.1114959716797 30.0621433258057 30.5012607574463 31.0255947113037 31.850606918335 32.3958549499512 32.598217010498 32.8680152893066 33.2691459655762 33.4397926330566 33.5327796936035 33.3103485107422 33.0015182495117 33.1101112365723 33.012809753418 33.2970428466797 33.3277473449707 33.1844367980957 33.7882041931152 34.011775970459 33.8039512634277 33.0873603820801 31.5476055145264 29.3580722808838 29.5947933197021 31.5369110107422 33.1569633483887 33.8383102416992 33.9861297607422 33.9587516784668 33.9923133850098 33.7878684997559 33.692211151123 34.1093368530273 33.875186920166 33.9724998474121
28.7465305328369 28.3594951629639 28.1416282653809 28.4773464202881 29.1328964233398 29.9861068725586 30.1723098754883 29.7463855743408 29.2562561035156 30.2248859405518 30.7969398498535 29.7363548278809 30.1298885345459 30.6367168426514 31.7160358428955 32.1963233947754 32.5544815063477 33.0587692260742 33.5269737243652 33.3796005249023 33.2773017883301 33.6162490844727 33.3824729919434 33.2209358215332 33.0848617553711 33.1166152954102 33.2356719970703 33.1650199890137 33.5451164245605 33.9268341064453 33.9962120056152 33.4827575683594 32.747745513916 30.9563426971436 30.3039569854736 31.583065032959 33.1330184936523 33.7577133178711 33.8523864746094 33.3948440551758 33.7027244567871 33.9213066101074 33.7360343933105 33.8336639404297 33.5240516662598 33.827262878418
28.3814792633057 28.1540012359619 27.6419467926025 28.0095539093018 28.8374576568604 29.0206604003906 29.4664077758789 29.8154258728027 30.1666679382324 30.3134307861328 30.7270050048828 30.9965744018555 31.7509479522705 31.8833274841309 32.0771255493164 31.6206588745117 32.6861610412598 33.1177749633789 33.3718185424805 33.1093826293945 33.2676887512207 33.5019416809082 33.638614654541 33.6089286804199 33.3400230407715 33.3027534484863 32.9576454162598 33.1631126403809 33.6142311096191 33.7349472045898 33.9205856323242 33.9796676635742 33.4303703308105 32.7457122802734 31.7844219207764 31.4976959228516 32.7958526611328 33.6538963317871 33.1624755859375 32.6176109313965 33.6328239440918 33.9267196655273 33.6658515930176 32.8662071228027 33.2796325683594 33.8616561889648
