inst/extdata/Tmax/Tmax138.asc
NCOLS 100 
NROWS 79 
XLLCORNER 148.06 
YLLCORNER -21.49 
CELLSIZE 0.01 
NODATA_value -3.4e+38 
[rows 0 to 19 of 79, columns 46 to 91 of 100]
34.4799995422363 34.3089942932129 34.2142105102539 34.2199592590332 34.2089500427246 34.0929489135742 34.3081321716309 34.1490859985352 33.9706268310547 33.8093338012695 33.7407531738281 33.4964828491211 33.4171485900879 33.6485328674316 33.9380760192871 33.8857498168945 33.7923469543457 33.6584625244141 33.403938293457 33.2690582275391 33.1953201293945 -3.4e+38 -3.4e+38 -3.4e+38 -3.4e+38 -3.4e+38 -3.4e+38 -3.4e+38 -3.4e+38 -3.4e+38 -3.4e+38 -3.4e+38 -3.4e+38 -3.4e+38 -3.4e+38 -3.4e+38 -3.4e+38 -3.4e+38 -3.4e+38 -3.4e+38 -3.4e+38 -3.4e+38 -3.4e+38 -3.4e+38 -3.4e+38 -3.4e+38
34.4442481994629 34.1744194030762 33.9607124328613 34.2077026367188 34.3701934814453 34.3710021972656 34.3358268737793 34.2432632446289 33.9225311279297 33.5145835876465 33.6539726257324 33.1584396362305 33.6574478149414 33.9750442504883 33.975944519043 33.9105644226074 33.8289184570312 33.7238006591797 33.5605354309082 33.5007629394531 33.4338645935059 33.339900970459 -3.4e+38 -3.4e+38 -3.4e+38 -3.4e+38 -3.4e+38 -3.4e+38 -3.4e+38 -3.4e+38 -3.4e+38 -3.4e+38 -3.4e+38 -3.4e+38 -3.4e+38 -3.4e+38 -3.4e+38 -3.4e+38 -3.4e+38 -3.4e+38 -3.4e+38 -3.4e+38 -3.4e+38 -3.4e+38 -3.4e+38 -3.4e+38
34.3450088500977 33.6386909484863 32.862735748291 34.1535873413086 34.3463439941406 34.3523254394531 34.34130859375 34.2978439331055 34.084587097168 33.528491973877 33.6284103393555 33.7720642089844 33.8606834411621 34.0255241394043 34.0104141235352 33.9363059997559 33.8727722167969 33.7996673583984 33.6978797912598 33.4996299743652 33.49072265625 33.3768844604492 33.2031211853027 32.9890785217285 -3.4e+38 -3.4e+38 -3.4e+38 -3.4e+38 -3.4e+38 -3.4e+38 -3.4e+38 -3.4e+38 -3.4e+38 -3.4e+38 -3.4e+38 -3.4e+38 -3.4e+38 -3.4e+38 -3.4e+38 -3.4e+38 -3.4e+38 -3.4e+38 -3.4e+38 -3.4e+38 -3.4e+38 -3.4e+38
33.9459190368652 34.0074272155762 32.9930763244629 34.0457763671875 34.2321472167969 34.282772064209 34.3537902832031 34.2668647766113 34.1487197875977 33.8368721008301 33.7477874755859 33.5106239318848 33.8593940734863 34.0011978149414 34.0414657592773 33.9659576416016 33.9300537109375 33.8825645446777 33.7622413635254 33.415470123291 33.2597045898438 33.3158950805664 33.2907333374023 33.246280670166 33.1234741210938 32.8099136352539 -3.4e+38 -3.4e+38 -3.4e+38 -3.4e+38 -3.4e+38 -3.4e+38 -3.4e+38 -3.4e+38 -3.4e+38 -3.4e+38 -3.4e+38 -3.4e+38 -3.4e+38 -3.4e+38 -3.4e+38 -3.4e+38 -3.4e+38 -3.4e+38 -3.4e+38 -3.4e+38
33.9299545288086 33.9545631408691 32.8310699462891 33.048713684082 33.791431427002 34.2699737548828 34.3628311157227 34.2328987121582 34.2122802734375 33.9151306152344 33.6402549743652 33.4633483886719 33.1026382446289 33.7291374206543 33.9901351928711 33.9224700927734 33.9729385375977 33.9401168823242 33.7183113098145 32.9954147338867 32.5010414123535 33.2706069946289 33.3743133544922 33.3353958129883 33.1462554931641 32.9438056945801 -3.4e+38 -3.4e+38 -3.4e+38 -3.4e+38 -3.4e+38 -3.4e+38 -3.4e+38 -3.4e+38 -3.4e+38 -3.4e+38 -3.4e+38 -3.4e+38 -3.4e+38 -3.4e+38 -3.4e+38 -3.4e+38 -3.4e+38 -3.4e+38 -3.4e+38 -3.4e+38
33.1316909790039 33.8212471008301 32.3852119445801 31.7908535003662 33.4490852355957 34.3379592895508 34.2846183776855 34.2347183227539 34.1879119873047 33.8003044128418 32.9315147399902 32.6181831359863 32.9386215209961 33.8447761535645 33.7618675231934 33.939338684082 33.9999542236328 33.9463195800781 33.8712501525879 33.2460021972656 32.5238800048828 32.6097717285156 33.1371307373047 33.2354393005371 33.2500648498535 33.2036743164062 -3.4e+38 -3.4e+38 -3.4e+38 -3.4e+38 -3.4e+38 -3.4e+38 -3.4e+38 -3.4e+38 -3.4e+38 -3.4e+38 -3.4e+38 -3.4e+38 -3.4e+38 -3.4e+38 -3.4e+38 -3.4e+38 -3.4e+38 -3.4e+38 -3.4e+38 -3.4e+38
32.2817268371582 33.7993545532227 33.2131958007812 33.1362609863281 34.0526390075684 34.2980613708496 34.1396026611328 34.0358772277832 34.1870193481445 33.7238807678223 33.0377006530762 33.0310325622559 33.6729888916016 33.8030166625977 32.9179153442383 33.7856369018555 33.8579444885254 33.8750839233398 33.9249229431152 33.6568832397461 33.277400970459 33.0235977172852 33.265739440918 33.0447769165039 33.3233909606934 33.376823425293 33.281063079834 33.0746917724609 -3.4e+38 -3.4e+38 -3.4e+38 -3.4e+38 -3.4e+38 -3.4e+38 -3.4e+38 -3.4e+38 -3.4e+38 -3.4e+38 -3.4e+38 -3.4e+38 -3.4e+38 -3.4e+38 -3.4e+38 -3.4e+38 -3.4e+38 -3.4e+38
31.4687557220459 33.8025207519531 34.230094909668 34.0488128662109 33.1022109985352 33.3372383117676 33.936882019043 34.083366394043 34.238166809082 34.057258605957 33.6779403686523 33.2764358520508 33.3036193847656 33.5176658630371 33.0846862792969 33.7716751098633 33.077564239502 33.0446472167969 33.748176574707 33.881649017334 33.7196044921875 33.4826545715332 33.3926391601562 33.4595222473145 33.4474639892578 33.4322128295898 33.2845916748047 33.1881904602051 32.9757919311523 32.5200080871582 32.4994964599609 -3.4e+38 -3.4e+38 -3.4e+38 -3.4e+38 -3.4e+38 -3.4e+38 -3.4e+38 -3.4e+38 -3.4e+38 -3.4e+38 -3.4e+38 -3.4e+38 -3.4e+38 -3.4e+38 -3.4e+38
31.4161033630371 33.3700523376465 34.2586326599121 34.1494750976562 33.3360633850098 31.9090442657471 33.1985168457031 34.1823997497559 34.2551612854004 34.1452026367188 33.9986381530762 33.7444801330566 33.7648849487305 33.5970687866211 33.0939483642578 33.0309677124023 32.6229591369629 33.3760795593262 33.6821174621582 33.7612915039062 33.7775840759277 33.4370727539062 33.0542640686035 32.7422752380371 33.4487037658691 33.5195236206055 33.4257278442383 33.296947479248 33.2096214294434 32.7089767456055 32.6223945617676 32.771369934082 -3.4e+38 -3.4e+38 -3.4e+38 -3.4e+38 -3.4e+38 -3.4e+38 -3.4e+38 -3.4e+38 -3.4e+38 -3.4e+38 -3.4e+38 -3.4e+38 -3.4e+38 -3.4e+38
32.3061256408691 33.3746566772461 34.1312141418457 34.1205215454102 34.0932235717773 32.7768287658691 33.0697479248047 34.0851745605469 34.255012512207 34.1389770507812 33.9478912353516 33.6996841430664 33.5791473388672 33.687686920166 33.0441818237305 32.7514305114746 32.6738395690918 33.7791137695312 33.6321601867676 33.3403968811035 33.7295188903809 33.7026062011719 33.5120887756348 33.177116394043 33.5965995788574 33.5542793273926 33.418285369873 33.4881286621094 33.3709411621094 33.1416511535645 32.7736015319824 32.7936325073242 -3.4e+38 -3.4e+38 -3.4e+38 -3.4e+38 -3.4e+38 -3.4e+38 -3.4e+38 -3.4e+38 -3.4e+38 -3.4e+38 -3.4e+38 -3.4e+38 -3.4e+38 -3.4e+38
31.3938484191895 33.2194976806641 33.5845336914062 33.3771133422852 33.7115440368652 33.9599380493164 33.6863250732422 34.1074142456055 34.2056694030762 34.1063766479492 33.9418601989746 33.7678527832031 33.5728912353516 33.927791595459 33.7765121459961 33.6851081848145 33.7508544921875 33.9675140380859 33.9726715087891 33.4404258728027 32.9831161499023 33.6543159484863 33.8461647033691 33.3482360839844 33.3752555847168 33.2376670837402 33.2239303588867 33.5757789611816 33.4702453613281 33.2523880004883 -3.4e+38 -3.4e+38 -3.4e+38 -3.4e+38 -3.4e+38 -3.4e+38 -3.4e+38 -3.4e+38 -3.4e+38 -3.4e+38 -3.4e+38 -3.4e+38 -3.4e+38 -3.4e+38 -3.4e+38 -3.4e+38
30.7644882202148 31.709114074707 32.0414810180664 31.7803726196289 32.8085098266602 33.4527435302734 33.8230171203613 34.0999565124512 34.0993728637695 34.016731262207 33.83984375 33.6611289978027 33.5188446044922 34.1409759521484 34.136344909668 33.997184753418 34.0141220092773 34.1142196655273 34.1646537780762 34.0727767944336 33.6889266967773 33.4916687011719 33.8849716186523 33.7022972106934 33.4715805053711 33.6148872375488 33.6730346679688 33.4418754577637 33.3726119995117 33.2722473144531 -3.4e+38 -3.4e+38 -3.4e+38 -3.4e+38 -3.4e+38 -3.4e+38 -3.4e+38 -3.4e+38 -3.4e+38 -3.4e+38 -3.4e+38 -3.4e+38 -3.4e+38 -3.4e+38 -3.4e+38 -3.4e+38
30.7567138671875 29.8397941589355 29.2586212158203 29.375415802002 31.4194946289062 31.9740543365479 33.2210578918457 33.5766181945801 33.8937454223633 33.7850379943848 33.5741119384766 33.9071235656738 33.9146728515625 33.8162422180176 34.2651023864746 34.247428894043 34.1908073425293 34.2081718444824 34.2294273376465 34.2195510864258 34.171630859375 34.1038932800293 33.9673500061035 33.9275283813477 33.636905670166 33.7390518188477 33.7447319030762 33.4956283569336 33.2585525512695 33.1989555358887 33.126163482666 32.8893127441406 -3.4e+38 -3.4e+38 -3.4e+38 -3.4e+38 -3.4e+38 -3.4e+38 -3.4e+38 -3.4e+38 -3.4e+38 -3.4e+38 -3.4e+38 -3.4e+38 -3.4e+38 -3.4e+38
30.7890434265137 30.0516223907471 29.2122936248779 28.7075939178467 29.2574501037598 30.0187759399414 31.9258460998535 33.153751373291 33.8855323791504 33.7157669067383 33.2240943908691 33.8322067260742 34.1656303405762 34.2180480957031 34.2447204589844 34.2721252441406 34.3064918518066 34.3028602600098 34.2888984680176 34.2674674987793 34.2371940612793 34.1878776550293 34.1250190734863 34.0550918579102 33.8271179199219 33.8793258666992 33.8049468994141 33.6170120239258 33.3921966552734 33.3551063537598 33.3226737976074 33.2188301086426 32.9862747192383 -3.4e+38 -3.4e+38 -3.4e+38 -3.4e+38 32.5085067749023 32.5310134887695 -3.4e+38 -3.4e+38 -3.4e+38 -3.4e+38 -3.4e+38 -3.4e+38 -3.4e+38
31.3421745300293 30.1431522369385 29.3158187866211 28.9581832885742 29.4588775634766 29.2171363830566 30.3255462646484 32.0816421508789 33.4238739013672 33.8087158203125 32.7229499816895 33.5712776184082 34.0198822021484 33.5665969848633 33.6584396362305 34.0787734985352 34.1905555725098 34.2704048156738 34.2326774597168 34.1158294677734 34.1575012207031 34.1197814941406 34.1373519897461 34.1009750366211 34.038631439209 33.9088897705078 33.8200378417969 33.6962051391602 33.5816612243652 33.5152473449707 33.4846954345703 33.3806037902832 33.0646553039551 -3.4e+38 -3.4e+38 -3.4e+38 -3.4e+38 32.6299819946289 32.567455291748 32.7148933410645 32.6877365112305 32.4972076416016 -3.4e+38 -3.4e+38 -3.4e+38 -3.4e+38
31.3135375976562 30.1276054382324 29.3625545501709 29.770658493042 29.5646171569824 29.9246788024902 29.6899032592773 31.0454063415527 33.237850189209 33.9661445617676 32.9406929016113 32.9053039550781 33.721565246582 31.8722343444824 32.8892860412598 33.2751350402832 33.8383445739746 34.2391624450684 34.2308082580566 34.1491432189941 34.1461296081543 34.1371917724609 34.1585655212402 34.1187210083008 34.0618286132812 33.8217277526855 33.8106918334961 33.7585792541504 33.7184600830078 33.6847534179688 33.6034202575684 33.4894218444824 33.3386421203613 -3.4e+38 -3.4e+38 33.1263236999512 32.9482841491699 32.7308082580566 32.5912284851074 32.3659744262695 32.4879760742188 32.6803512573242 -3.4e+38 -3.4e+38 -3.4e+38 -3.4e+38
30.0444869995117 28.8612689971924 28.8072185516357 30.0128555297852 30.3243827819824 30.2251586914062 29.8324089050293 30.1614379882812 32.5021133422852 33.7818984985352 33.8002052307129 32.9778938293457 33.4980392456055 32.1332321166992 32.1481704711914 32.2170486450195 33.538990020752 34.2280464172363 34.2497329711914 34.2751502990723 34.2768478393555 34.2293891906738 34.188663482666 33.9549217224121 33.9690437316895 33.8616714477539 33.854907989502 33.8580932617188 33.8353652954102 33.7719993591309 33.6874465942383 33.6021919250488 33.5121459960938 -3.4e+38 33.3671684265137 33.3330497741699 33.2602996826172 -3.4e+38 32.7487983703613 -3.4e+38 32.4394149780273 -3.4e+38 -3.4e+38 -3.4e+38 -3.4e+38 -3.4e+38
30.0033740997314 28.6296977996826 27.9295330047607 30.3789119720459 30.5663299560547 29.9479522705078 29.5835609436035 29.6966133117676 31.1812858581543 33.487377166748 33.6010360717773 33.1805381774902 33.3005294799805 33.4161033630371 32.7586364746094 33.8687324523926 34.1054840087891 34.2163391113281 34.2609024047852 34.2556648254395 34.2506217956543 34.2233238220215 34.1943893432617 34.1105499267578 34.1047134399414 34.0389518737793 33.9991760253906 33.95849609375 33.8670501708984 33.8520469665527 33.7843818664551 33.7240524291992 33.6588287353516 33.5816955566406 33.5302238464355 33.5127830505371 33.3769798278809 -3.4e+38 -3.4e+38 -3.4e+38 -3.4e+38 -3.4e+38 -3.4e+38 32.6650810241699 -3.4e+38 -3.4e+38
31.6770706176758 31.3749389648438 29.3587741851807 30.7790679931641 29.385986328125 29.3721237182617 29.7819538116455 30.0547885894775 32.0702781677246 33.4651222229004 33.1726188659668 32.5675315856934 33.4345512390137 33.8473320007324 33.9546508789062 34.018196105957 34.1438789367676 33.8264312744141 33.9885139465332 34.1610374450684 34.1360321044922 34.1808624267578 34.1967353820801 34.1728172302246 34.1497611999512 34.106372833252 34.0770072937012 33.9502601623535 33.6236534118652 33.7653427124023 33.8619499206543 33.8487129211426 33.7997932434082 33.7117576599121 33.6648902893066 33.5977020263672 33.4736404418945 33.3652687072754 33.2621459960938 33.1976318359375 33.1761932373047 33.0779075622559 32.8538360595703 32.6808815002441 -3.4e+38 -3.4e+38
31.7600345611572 30.9747047424316 31.5644588470459 31.3824329376221 30.0649700164795 30.0796356201172 29.7122001647949 29.9014225006104 31.8553142547607 33.1751480102539 33.5882530212402 33.3602066040039 33.7048377990723 33.9983367919922 33.8743553161621 33.7367630004883 33.9341659545898 33.6673469543457 33.509090423584 33.6915740966797 34.0202178955078 34.0951232910156 34.1219444274902 34.1632423400879 34.1703491210938 34.1431083679199 34.0996208190918 33.9090309143066 33.644100189209 33.8540496826172 33.8259239196777 33.9246139526367 33.8117256164551 33.751579284668 33.7067832946777 33.5886344909668 33.5135688781738 33.4711380004883 33.4349212646484 33.3977851867676 33.3549041748047 33.2375259399414 32.9268646240234 32.606689453125 32.6477127075195 -3.4e+38
