inst/extdata/Tmax/Tmax120.asc
NCOLS 100 
NROWS 79 
XLLCORNER 148.06 
YLLCORNER -21.49 
CELLSIZE 0.01 
NODATA_value -3.4e+38 
[rows 20 to 39 of 79, columns 0 to 45 of 100]
34.887496948242202 34.9247970581055 34.9354705810547 34.9112930297852 34.9376487731934 35.058422088623 34.9866409301758 34.9264602661133 34.8720626831055 34.790584564209 34.6250991821289 34.2399635314941 33.8092231750488 33.1853141784668 31.8949851989746 31.4795684814453 31.4094791412354 32.3912887573242 33.4241333007812 33.8528594970703 33.8751907348633 33.8925018310547 34.2270774841309 34.2587585449219 34.1165885925293 33.8452033996582 33.254508972168 32.370922088623 32.8990669250488 32.968936920166 33.5613670349121 33.5785675048828 33.7215347290039 33.694019317627 33.6603660583496 33.4296989440918 33.0542030334473 33.0627059936523 32.6153182983398 32.868034362793 32.6625480651855 31.9589729309082 32.192569732666 32.249080657959 32.3736190795898 32.4100036621094
34.9628562927246 35.0237464904785 35.0463409423828 35.0208778381348 35.0350494384766 35.0430450439453 34.9185256958008 34.8534126281738 34.8403854370117 34.787467956543 34.6764907836914 34.5133323669434 34.297435760498 33.3852691650391 31.9144515991211 31.6038856506348 31.8418617248535 32.6661071777344 33.1686363220215 33.5418739318848 33.6713027954102 33.5910110473633 34.1146354675293 34.2545852661133 34.0720825195312 34.0927886962891 34.0602111816406 33.330493927002 33.1846351623535 33.6960105895996 33.8170166015625 33.7156982421875 33.4009704589844 32.8209838867188 32.8445663452148 32.8277931213379 33.2698707580566 32.5938415527344 32.2128791809082 32.5221138000488 32.1517219543457 32.2316474914551 31.9745330810547 31.0906620025635 31.414924621582 32.0857086181641
35.0196113586426 35.0671653747559 35.0867805480957 35.0818710327148 35.074577331543 35.050235748291 34.8859329223633 34.776237487793 34.7341995239258 34.7132949829102 34.6111526489258 34.5495376586914 34.3891792297363 33.7999114990234 32.7094421386719 31.8902320861816 31.2494659423828 31.7561321258545 32.3299026489258 33.1330718994141 33.2500152587891 33.3740768432617 34.0117034912109 33.8087387084961 33.4105796813965 33.7743911743164 33.8414077758789 33.9314193725586 33.6609497070312 33.7042808532715 33.4512138366699 33.2714653015137 32.7236328125 32.4055595397949 32.1848220825195 32.4014434814453 32.3378601074219 31.7965354919434 31.773738861084 31.6997528076172 31.4022789001465 30.657398223877 31.4437808990479 31.1645679473877 30.1955165863037 31.6073780059814
35.0289688110352 35.0607109069824 35.0898971557617 35.0912628173828 35.0619850158691 35.0620536804199 34.9964065551758 34.7216186523438 34.628303527832 34.6574897766113 34.4924240112305 34.3165168762207 34.42529296875 34.0643882751465 33.2986145019531 32.5306663513184 31.7092933654785 31.4285926818848 32.0370674133301 32.3549003601074 32.8976516723633 33.8844871520996 33.6465759277344 33.0553817749023 33.2066802978516 33.3560676574707 33.0511207580566 33.9902572631836 34.0193023681641 33.8886032104492 33.6710548400879 32.6090888977051 32.2923393249512 32.495418548584 32.8285636901855 32.3854789733887 31.4897842407227 30.9601821899414 31.6797008514404 31.1846218109131 30.4737110137939 29.0497550964355 29.8939666748047 31.0790729522705 29.2875347137451 30.6211624145508
34.9841156005859 35.0421943664551 35.0838012695312 35.0617065429688 35.0334167480469 35.0438499450684 35.0501365661621 34.88916015625 34.7278594970703 34.5715599060059 34.4803886413574 34.4484214782715 34.2882461547852 33.9643936157227 33.2251434326172 32.5477905273438 31.8068389892578 31.4525260925293 31.6614303588867 31.6683158874512 32.867015838623 33.6901779174805 32.6142158508301 32.0881538391113 32.8975830078125 32.8817939758301 33.0597381591797 33.7961311340332 34.0386009216309 33.6717796325684 33.6224746704102 33.398078918457 33.375846862793 33.4372024536133 33.1247596740723 32.8311462402344 32.4402618408203 31.3542022705078 31.1395263671875 30.8901538848877 29.1794185638428 28.5935020446777 29.0552921295166 30.8996734619141 28.9356327056885 29.3117408752441
34.9477348327637 34.9689674377441 34.9914245605469 34.9759063720703 34.9949264526367 35.0114707946777 35.0423545837402 35.0082969665527 34.8711318969727 34.6451263427734 34.4665832519531 34.339672088623 34.2028579711914 33.7662544250488 33.333683013916 32.7932052612305 32.1826553344727 31.8576736450195 32.3132629394531 33.0127182006836 33.0058631896973 32.9157447814941 32.4436340332031 31.1890182495117 31.7056655883789 32.477653503418 32.6231651306152 33.8410415649414 34.026985168457 33.6799545288086 32.8307876586914 33.4298820495605 33.3047866821289 33.1869850158691 32.9277076721191 32.6228446960449 32.5070343017578 31.0618667602539 29.7934226989746 30.2065658569336 28.7678337097168 29.6083660125732 29.9770736694336 30.9010448455811 29.8938236236572 28.8154220581055
34.8480186462402 34.8759231567383 34.8947296142578 34.9137916564941 34.9180603027344 34.9278144836426 35.0200843811035 35.0310249328613 34.908390045166 34.5127334594727 34.4183082580566 34.1650238037109 34.1693687438965 33.8097686767578 33.0803642272949 32.0316581726074 31.6532821655273 31.8596076965332 32.3375663757324 32.2535018920898 32.4480819702148 33.3352432250977 33.1994438171387 31.7118988037109 31.3150520324707 32.248592376709 33.0341300964355 33.9083557128906 33.9937171936035 33.7858238220215 32.9747085571289 32.6028022766113 33.3699417114258 32.8529396057129 32.427864074707 31.6206493377686 31.3446502685547 31.4631290435791 30.4173412322998 29.1175022125244 28.714542388916 29.0353622436523 28.949197769165 30.01145362854 29.0691337585449 28.4155178070068
34.7059555053711 34.727970123291 34.7713012695312 34.8278846740723 34.8585357666016 34.923885345459 35.0197792053223 35.024341583252 34.9633483886719 34.7851791381836 34.5590591430664 34.3068580627441 34.197940826416 34.0122108459473 33.1140823364258 31.9936943054199 31.6693954467773 31.63525390625 31.7723731994629 31.7580795288086 32.8948554992676 33.5309867858887 33.0061950683594 32.1627006530762 31.6054801940918 31.8450698852539 31.9625854492188 33.5236968994141 33.8738250732422 33.7632484436035 32.9882926940918 32.9077758789062 33.2002372741699 32.4795417785645 31.8029232025146 31.2450275421143 30.3400230407715 31.06201171875 30.9056453704834 29.0783176422119 28.6355457305908 28.8281364440918 28.753963470459 29.366418838501 28.7701034545898 28.4681491851807
34.2269515991211 34.185661315918 34.4601058959961 34.7700500488281 34.9067878723145 34.9942817687988 35.0339851379395 35.0297813415527 34.9129066467285 34.8150215148926 34.6622543334961 34.145435333252 34.245677947998 34.1054420471191 33.6064071655273 32.4174385070801 31.6957626342773 31.2011566162109 31.5233631134033 32.4120292663574 32.9234352111816 33.2850914001465 32.4339408874512 31.7205448150635 31.544319152832 31.6987495422363 32.1271820068359 33.0338401794434 33.785945892334 33.8522491455078 33.3521957397461 33.0970344543457 32.6789360046387 31.6703720092773 30.5148239135742 30.099063873291 29.7783279418945 29.9928798675537 30.1569900512695 29.7597751617432 29.2312602996826 29.3604297637939 29.0948753356934 28.8774490356445 28.8955020904541 28.8338527679443
33.3681755065918 34.2109184265137 34.5453033447266 34.2967720031738 34.8480529785156 35.0017547607422 35.0321197509766 35.0269889831543 34.8349609375 34.6977424621582 34.6968765258789 34.4425315856934 34.2155456542969 34.0921363830566 33.8499794006348 33.350170135498 32.7994194030762 31.4498729705811 31.7784633636475 31.8654327392578 32.0260353088379 32.9698600769043 32.5543441772461 31.7549571990967 31.5562877655029 31.3534641265869 31.3211402893066 32.9838371276855 33.818042755127 33.8990440368652 33.1027641296387 32.1460647583008 31.8442077636719 31.4999904632568 31.2401294708252 30.2319507598877 30.1710224151611 29.7609043121338 29.3444557189941 29.6118068695068 31.4366550445557 31.5163726806641 30.397554397583 28.9417324066162 30.0182666778564 30.1349849700928
33.6562767028809 34.5131950378418 34.5521049499512 34.0380363464355 34.8033981323242 34.989818572998 35.0444030761719 35.0343322753906 34.9846382141113 34.7691688537598 34.671688079834 34.610954284668 34.4434432983398 34.2464218139648 33.9649353027344 33.3982391357422 32.5797080993652 32.1481971740723 31.6981525421143 31.9604587554932 32.0445022583008 32.4899711608887 31.8884220123291 31.7234878540039 31.4256343841553 30.7971229553223 31.0798377990723 32.8698654174805 33.7059631347656 33.7564430236816 33.7467346191406 33.5832595825195 32.488899230957 31.5510673522949 31.4895191192627 31.0109977722168 31.1540660858154 30.9678955078125 30.548433303833 31.0470561981201 32.5316696166992 32.5883140563965 32.1798210144043 31.6194000244141 31.5071296691895 30.9208011627197
34.3945693969727 34.6571350097656 34.7314376831055 34.7367553710938 34.8266830444336 34.9776268005371 35.0137672424316 35.0161781311035 34.978084564209 34.9143180847168 34.7424201965332 34.688362121582 34.5989379882812 34.4043502807617 34.1484603881836 33.6776313781738 32.8394927978516 32.4325180053711 31.7412166595459 31.6372852325439 31.7131633758545 32.1583595275879 31.7907943725586 31.5385341644287 31.4814491271973 31.5163822174072 32.3143692016602 33.3836860656738 33.7594833374023 33.2651062011719 33.1871643066406 33.2010383605957 33.4129409790039 32.9254989624023 32.6612396240234 31.9088115692139 32.9363594055176 32.7941284179688 32.7712211608887 32.7919006347656 32.5711975097656 31.6755886077881 30.7373752593994 30.4142971038818 30.2832279205322 29.536470413208
34.1192855834961 34.8204345703125 34.8899345397949 34.9104270935059 34.9122581481934 34.9266090393066 34.9069671630859 34.9582748413086 34.9576416015625 34.9464263916016 34.9057884216309 34.7870254516602 34.6145706176758 34.4635581970215 34.2817878723145 34.0438270568848 33.5731086730957 32.9237670898438 32.1884574890137 31.4916152954102 31.5247287750244 31.9790210723877 31.8617858886719 31.5877056121826 31.4507160186768 31.6139736175537 33.0252990722656 33.7351493835449 33.8083724975586 33.6409454345703 33.1605453491211 32.568977355957 33.2624778747559 33.3750877380371 33.4190063476562 32.9078903198242 33.3146018981934 33.0303268432617 32.9056282043457 32.7484703063965 31.5705909729004 30.1482830047607 28.8638172149658 29.2221126556396 29.1400184631348 28.129753112793
33.9871673583984 34.601749420166 34.4353904724121 34.3231773376465 34.4617042541504 34.8404960632324 34.8488006591797 34.8773422241211 34.8976058959961 34.8905639648438 34.8641319274902 34.8438186645508 34.7397575378418 34.5952415466309 34.4496231079102 34.2347831726074 33.8072090148926 33.4049911499023 33.1419067382812 32.5242576599121 31.592321395874 31.8297214508057 31.6123218536377 31.6893157958984 31.5732383728027 31.5512180328369 32.5937881469727 33.6957664489746 33.7808876037598 33.4727554321289 33.3440170288086 32.2993698120117 32.5927848815918 32.8472671508789 33.1467018127441 33.2732925415039 33.1370162963867 32.9751853942871 32.5997009277344 32.6590728759766 32.3453674316406 31.1065864562988 30.3050270080566 30.8635635375977 30.4256286621094 29.2698822021484
34.3134880065918 34.5842704772949 34.1980018615723 33.5521812438965 33.6637420654297 34.5992813110352 34.8121185302734 34.7846603393555 34.8068313598633 34.8285331726074 34.7567901611328 34.8068580627441 34.7648887634277 34.6627540588379 34.5220680236816 34.3416061401367 34.0354614257812 33.3873062133789 32.9906692504883 32.5400390625 31.8737506866455 31.7909755706787 31.6132545471191 31.4062805175781 31.3780632019043 31.7627391815186 32.8798751831055 33.6584320068359 33.1698150634766 32.9574203491211 33.0693588256836 32.7218475341797 32.4105606079102 32.087646484375 31.826057434082 32.319278717041 32.1337661743164 32.4650726318359 32.3905296325684 32.1957664489746 31.9395694732666 32.2557106018066 32.0193023681641 31.7075691223145 31.1124153137207 30.636173248291
34.4400024414062 34.5332374572754 34.3546485900879 34.0555648803711 33.7643852233887 34.3146133422852 34.6204071044922 34.6502075195312 34.7033805847168 34.7692070007324 34.7648277282715 34.8133392333984 34.7596664428711 34.7080268859863 34.5629425048828 34.3550720214844 34.118724822998 33.9154815673828 33.5267562866211 32.8867568969727 32.5108642578125 32.2568817138672 31.7535209655762 31.1152381896973 31.2804794311523 31.5338878631592 32.9613990783691 33.4922409057617 31.6313400268555 31.2295989990234 31.8767528533936 32.0996704101562 32.0601654052734 31.8490943908691 31.3675498962402 31.1149444580078 31.6515026092529 31.4949150085449 31.4673404693604 31.4222240447998 31.1610107421875 30.8533706665039 31.1158752441406 31.5968551635742 30.9706382751465 29.8325462341309
34.3017158508301 34.3299903869629 34.3664016723633 34.1023406982422 33.8334922790527 34.0257797241211 34.2468719482422 34.4487838745117 34.5656890869141 34.6951217651367 34.6832962036133 34.6847457885742 34.7778244018555 34.7162628173828 34.603816986084 34.3402671813965 34.3180770874023 34.1770820617676 33.9357299804688 33.5601119995117 33.4198608398438 32.6320953369141 32.0403251647949 31.5732517242432 31.5743465423584 31.9641761779785 32.9889450073242 32.8988952636719 32.6097946166992 32.5095825195312 31.7433414459229 31.6811218261719 31.4945526123047 31.3543014526367 30.6280937194824 30.2187194824219 30.4377918243408 30.3861980438232 30.6292743682861 30.4287014007568 30.4201679229736 29.4772872924805 30.2118339538574 31.0850601196289 30.8484230041504 29.3607063293457
33.7528648376465 34.0759582519531 34.2939147949219 34.1967124938965 34.0055465698242 33.8834495544434 33.8741340637207 34.251407623291 34.3710594177246 34.5527076721191 34.6426467895508 34.6456642150879 34.7128105163574 34.7362213134766 34.5641288757324 34.4672012329102 34.3917236328125 34.2873992919922 34.1337432861328 33.9374656677246 33.7375259399414 33.0249633789062 31.8828773498535 31.9765911102295 31.285457611084 31.8749752044678 32.8354110717773 32.2824630737305 32.4775009155273 32.9511756896973 32.8383140563965 32.6808662414551 32.0101928710938 31.5824356079102 29.9914016723633 28.6950836181641 28.7417087554932 28.6304988861084 28.5935764312744 29.0790519714355 29.2509498596191 29.4485321044922 29.6522941589355 30.5513725280762 30.4087333679199 30.0091819763184
33.8807029724121 33.9712257385254 34.1156883239746 34.0986099243164 34.0698585510254 33.7685317993164 33.5551528930664 33.3003540039062 33.967212677002 34.4763603210449 34.6186065673828 34.6665153503418 34.7528305053711 34.7563629150391 34.4559669494629 34.0552787780762 34.0773277282715 34.1444320678711 34.1969108581543 34.0797233581543 33.9405746459961 33.5300178527832 32.4153175354004 32.7279891967773 31.762939453125 31.7615203857422 31.9097938537598 32.2389602661133 31.186861038208 31.8642616271973 31.4932994842529 31.6101398468018 32.8749389648438 32.4458770751953 31.4762554168701 29.2028942108154 28.2642726898193 28.271692276001 27.5815448760986 28.0337181091309 28.6944255828857 28.6814651489258 28.7753639221191 30.1854057312012 29.7351989746094 29.1906967163086
33.9525032043457 33.8721771240234 33.9377403259277 33.748218536377 33.9559364318848 33.8757629394531 33.6516151428223 33.3949775695801 33.5970268249512 34.2192764282227 34.477294921875 34.6750602722168 34.7258605957031 34.6982192993164 34.6448059082031 34.2415428161621 33.8542594909668 33.6630706787109 33.9424743652344 34.0744171142578 33.937744140625 33.7931327819824 33.4700660705566 32.8899574279785 31.8111991882324 31.5988159179688 31.5499649047852 31.6515522003174 31.7080535888672 31.1735095977783 30.5958442687988 31.3870716094971 32.6078643798828 31.8609447479248 32.0873260498047 31.5419578552246 31.1031608581543 30.9715728759766 29.968282699585 28.8281669616699 29.5718116760254 29.2422409057617 29.6515121459961 29.8464469909668 29.5390968322754 29.0565643310547
