inst/extdata/Tmax/Tmax133.asc
NCOLS 100 
NROWS 79 
XLLCORNER 148.06 
YLLCORNER -21.49 
CELLSIZE 0.01 
NODATA_value -3.4e+38 
[rows 0 to 19 of 79, columns 0 to 45 of 100]
34.345115661621101 34.0388336181641 33.1893463134766 33.5098266601562 33.6344871520996 34.0102958679199 34.1852684020996 34.3322830200195 34.291561126709 34.1325569152832 33.7092208862305 33.5262184143066 33.4511833190918 32.3502082824707 32.7816543579102 33.152904510498 33.4942207336426 33.4651947021484 32.7385749816895 32.1414985656738 32.0088043212891 31.1727180480957 31.5539207458496 32.6956405639648 33.145923614502 33.3642196655273 33.2489624023438 33.2907028198242 33.006763458252 32.671142578125 31.8819904327393 30.1993446350098 31.3428134918213 31.2616863250732 30.1771068572998 29.1766681671143 29.0749492645264 28.7263698577881 29.4157123565674 31.0994281768799 32.4740562438965 32.705509185791 33.3634643554688 33.7173042297363 33.8966751098633 34.0294609069824
34.1935386657715 33.7253189086914 33.0467376708984 33.1279258728027 32.617748260498 33.4332275390625 33.9438743591309 34.231388092041 34.3438262939453 34.2341537475586 33.9262924194336 33.6471710205078 33.7460632324219 33.3677673339844 33.2173080444336 33.1121253967285 33.4773941040039 33.50390625 32.6098785400391 32.0723457336426 32.5417327880859 32.3153991699219 32.2123527526855 32.605655670166 33.0213813781738 33.1809349060059 33.4287528991699 33.3805046081543 33.1845054626465 32.9878730773926 32.2247009277344 30.9594421386719 32.0163154602051 31.6364612579346 31.0227718353271 30.1421680450439 29.7420501708984 30.0755348205566 31.0524787902832 32.0680389404297 33.4075088500977 33.8160629272461 33.9562835693359 33.9585990905762 34.0163040161133 34.0599174499512
34.1784362792969 33.4485321044922 33.5547218322754 33.6687240600586 33.2567329406738 33.36083984375 33.7281188964844 34.239128112793 34.3985252380371 34.2726058959961 34.0099792480469 33.8939018249512 33.8095932006836 33.7579154968262 33.4831886291504 33.3462562561035 33.5328216552734 33.6693267822266 33.1490135192871 32.9743614196777 32.838695526123 32.5448036193848 32.3334350585938 32.4411277770996 33.2035026550293 33.4417915344238 33.2894554138184 33.2695999145508 33.2636451721191 32.9779968261719 33.0240631103516 32.1294860839844 32.3468475341797 31.2173538208008 30.9362316131592 30.3502674102783 29.8782234191895 29.4357757568359 30.3768348693848 31.474479675293 32.7323036193848 33.6570434570312 34.0028419494629 34.075309753418 34.0582695007324 34.0132789611816
34.3923110961914 34.0732040405273 33.7706527709961 34.3321571350098 33.863338470459 33.4757041931152 33.8228607177734 34.3370208740234 34.487377166748 34.3607406616211 34.2257308959961 34.1914443969727 34.0926971435547 33.940299987793 33.5438461303711 33.3858795166016 33.7089614868164 33.7519950866699 33.547908782959 33.1201667785645 32.824291229248 32.4820556640625 32.5513114929199 32.5153923034668 33.0496673583984 33.4431610107422 33.1064720153809 33.3504066467285 33.1783256530762 32.4178771972656 32.9255561828613 32.9934959411621 32.3049964904785 31.1533737182617 30.6261539459229 29.8197574615479 30.0745220184326 29.6124649047852 29.5018291473389 29.0481338500977 30.4814224243164 32.950065612793 33.8321380615234 34.0659065246582 33.8088760375977 33.7070617675781
34.9056129455566 34.3999366760254 34.1808242797852 34.5532722473145 34.3371353149414 33.7445793151855 33.7797431945801 34.3719596862793 34.5048828125 34.1591262817383 34.1599426269531 34.3476066589355 34.2297859191895 33.9709281921387 33.634693145752 33.7734375 33.8441429138184 33.6063499450684 33.1815986633301 32.5054359436035 32.6723403930664 32.8298721313477 32.9461708068848 33.1231117248535 33.1263160705566 32.8183746337891 33.4935607910156 33.1379699707031 33.0138931274414 32.5590019226074 32.8864593505859 32.7220115661621 32.4337310791016 31.5211009979248 31.0425281524658 31.327730178833 31.0435218811035 30.5348205566406 30.0325222015381 29.3478298187256 29.0204963684082 32.1724548339844 33.5379791259766 33.9773101806641 33.2830352783203 32.6252670288086
35.049877166748 34.8205795288086 34.179988861084 34.5769233703613 34.6401062011719 34.2535743713379 33.9947166442871 34.4133605957031 34.5584831237793 34.2900199890137 34.1847953796387 34.4322624206543 34.2848472595215 34.027587890625 33.4181938171387 33.8861923217773 33.8066024780273 33.3931884765625 32.8866348266602 32.4992866516113 32.5899047851562 32.8300476074219 33.1178703308105 33.1145248413086 33.3849296569824 33.2823448181152 33.3529319763184 32.6499099731445 32.6437454223633 31.6397476196289 32.3183746337891 32.7654457092285 32.8507843017578 32.5417861938477 32.2121276855469 32.1500244140625 31.3751754760742 30.9192008972168 30.6135234832764 29.8524513244629 29.3839664459229 31.7936267852783 33.4497604370117 33.9416923522949 33.4385833740234 31.5437240600586
35.2296447753906 34.9889602661133 34.645881652832 34.7999534606934 34.7517318725586 34.4026756286621 33.8001251220703 34.3218231201172 34.4936103820801 34.6190757751465 34.5617713928223 34.4189033508301 34.0204391479492 34.1225547790527 34.0921173095703 33.9568367004395 33.7739143371582 33.2558784484863 33.0567359924316 32.774341583252 32.2325172424316 32.4276237487793 32.8657035827637 33.2254371643066 33.5510368347168 33.4794120788574 33.4935684204102 32.9916610717773 32.6529808044434 31.5322780609131 31.5369243621826 31.6500015258789 32.5431480407715 32.6983757019043 32.2683258056641 32.1636199951172 31.6339874267578 30.3374881744385 30.5609378814697 30.1473941802979 29.9955177307129 31.6384716033936 33.2746658325195 33.7114486694336 33.4924964904785 31.9679222106934
35.2239151000977 35.129322052002 34.8726272583008 34.8974990844727 34.8580055236816 34.6106338500977 34.0659103393555 33.946475982666 34.2381477355957 34.5563583374023 34.6552848815918 34.384708404541 33.7519836425781 33.9597434997559 34.1732444763184 33.5265693664551 33.4772567749023 32.7639694213867 32.693546295166 32.4728088378906 31.8419990539551 32.2911376953125 32.7002716064453 33.2227058410645 33.6639671325684 33.6738777160645 33.283618927002 32.8670043945312 32.6967315673828 31.977352142334 30.7387371063232 31.0158977508545 31.3340721130371 31.893404006958 32.2557411193848 31.6878681182861 31.7597637176514 30.9310207366943 29.991189956665 30.2594947814941 30.4582862854004 31.5083541870117 32.4657363891602 33.3956146240234 33.3461074829102 31.6659660339355
35.0248069763184 35.2268257141113 35.0825805664062 35.0358505249023 34.9120864868164 34.6812477111816 34.3443641662598 33.9035568237305 34.0682182312012 34.5525550842285 34.6977729797363 34.6490669250488 34.4523277282715 34.3095588684082 33.9672431945801 33.2473335266113 33.4280395507812 33.1968116760254 33.3252944946289 32.4537124633789 32.454776763916 32.3160820007324 32.4120979309082 33.0524673461914 33.6053848266602 33.7751960754395 32.9050521850586 32.0809860229492 32.1634368896484 32.0759658813477 31.5185260772705 30.9992866516113 30.5934562683105 31.0302906036377 31.888463973999 31.3125591278076 31.0949039459229 31.048002243042 30.158317565918 29.8555202484131 30.0628433227539 30.1595096588135 31.0162487030029 32.5101509094238 32.9395980834961 31.7734699249268
34.7604370117188 35.1440620422363 35.2121772766113 35.0796699523926 34.8866424560547 34.7727508544922 34.5877075195312 34.1519813537598 33.838924407959 34.4816589355469 34.7019653320312 34.3277626037598 33.6486320495605 33.7116241455078 33.8098297119141 33.7856483459473 33.8158950805664 33.6791458129883 33.4810409545898 33.1850738525391 32.8754463195801 32.2763786315918 32.5935020446777 33.3846130371094 33.8083152770996 33.7103538513184 33.0423126220703 32.8957633972168 32.4139213562012 31.9273777008057 30.7487316131592 30.390998840332 31.4043292999268 31.2713069915771 31.0751667022705 30.853458404541 30.6517105102539 30.9280891418457 30.4146995544434 29.713098526001 29.7442054748535 29.2203388214111 30.0233154296875 31.1195774078369 31.4165000915527 30.8190059661865
34.4583435058594 34.7546844482422 35.2307586669922 35.1401252746582 35.0151405334473 34.9358749389648 34.7594871520996 34.4089546203613 34.3927993774414 34.6115112304688 34.744312286377 34.3913078308105 34.0751876831055 33.3640632629395 33.5288047790527 33.8033294677734 33.9219703674316 34.111701965332 33.6842994689941 33.4949035644531 33.1124496459961 32.7653694152832 32.8359909057617 33.3756103515625 33.7876091003418 33.6975593566895 33.0367584228516 32.3290710449219 31.3788871765137 31.3771705627441 31.0354442596436 30.9875221252441 31.7998943328857 31.5571441650391 30.7073593139648 30.4665279388428 30.9184074401855 30.6469821929932 30.2870960235596 29.7676887512207 29.8186302185059 29.5743560791016 29.2542896270752 29.9365005493164 30.3445854187012 30.6386337280273
34.305233001709 34.3697166442871 35.2022171020508 35.2011108398438 35.1210021972656 35.004150390625 34.8473701477051 34.5322380065918 34.5679359436035 34.8407974243164 34.7898139953613 34.6098823547363 34.2632369995117 33.7941818237305 33.6964836120605 33.9871101379395 34.2814445495605 34.2753868103027 34.0280380249023 33.5880470275879 33.1032791137695 32.7896728515625 32.9457054138184 33.090991973877 33.2997703552246 33.6216468811035 32.6879119873047 31.9362277984619 31.3592395782471 31.5864295959473 31.6505374908447 31.5759658813477 31.9737071990967 31.4682846069336 31.230131149292 31.1456661224365 30.7444820404053 30.1890316009521 30.6838855743408 30.9009132385254 30.4873352050781 30.0615634918213 29.5732612609863 29.9925155639648 30.4909152984619 30.8675308227539
34.4522285461426 34.9267272949219 35.1866073608398 35.1493186950684 35.1592979431152 35.0695343017578 34.9426765441895 34.5897254943848 34.6708869934082 34.9602127075195 34.7745552062988 34.7124786376953 34.5097694396973 34.5773582458496 34.4847030639648 34.4660873413086 34.4756736755371 34.4036102294922 34.1911392211914 33.6932182312012 33.4328804016113 33.5923538208008 33.8428344726562 34.0641479492188 33.9247093200684 33.5221710205078 33.327392578125 32.8692817687988 32.520076751709 32.3442649841309 32.405834197998 32.2132110595703 32.1213531494141 31.5726165771484 31.0378761291504 30.6106643676758 30.1063137054443 31.1528835296631 31.4254512786865 31.3726634979248 30.0996398925781 30.0302619934082 29.5778331756592 29.321683883667 30.552116394043 31.084789276123
34.8901672363281 35.0899429321289 35.1537170410156 35.0780181884766 35.091609954834 35.1362953186035 35.0862617492676 34.9736251831055 34.7793464660645 34.9076118469238 34.8788681030273 34.8160095214844 34.695426940918 34.5991363525391 34.4980239868164 34.4245643615723 34.5597724914551 34.4809074401855 34.3461570739746 34.239387512207 34.1423149108887 34.1104621887207 33.9169845581055 34.0284690856934 33.6084938049316 32.6396064758301 32.5873222351074 32.1998825073242 31.6721286773682 32.4112892150879 32.6768341064453 32.6443405151367 31.9307594299316 31.6414890289307 31.5269203186035 31.471923828125 31.4558753967285 31.1591205596924 31.7503337860107 32.0755882263184 31.580696105957 31.1489715576172 30.5469608306885 30.0317878723145 31.0321006774902 31.5048580169678
34.1665534973145 34.7139625549316 35.1232414245605 35.0590286254883 34.9437294006348 35.0358924865723 35.0005645751953 34.8437423706055 34.4499282836914 34.4947891235352 34.8073997497559 34.6310653686523 34.1353759765625 34.2950248718262 34.4688949584961 33.9479026794434 34.3589820861816 34.5365905761719 34.4882965087891 34.4404830932617 34.3870697021484 34.0082969665527 33.4016532897949 33.7747383117676 33.6131057739258 33.3557662963867 33.2821998596191 32.967903137207 32.6220283508301 32.8712959289551 32.8292350769043 32.5855674743652 32.1622085571289 32.3919944763184 32.3552169799805 31.4663105010986 31.9980640411377 31.1984539031982 31.5022125244141 32.2231216430664 32.2024459838867 31.9578266143799 31.2481060028076 30.4675788879395 31.0607757568359 31.7822189331055
33.3422737121582 34.3031692504883 35.0116348266602 35.1319541931152 35.0698852539062 35.0464363098145 34.9554100036621 34.8521614074707 34.6499710083008 34.168155670166 33.7921485900879 34.4934463500977 33.7080688476562 33.4170761108398 34.2436294555664 33.9070930480957 33.8884544372559 34.3346939086914 34.361400604248 34.3622169494629 34.3710327148438 34.3508415222168 34.2208633422852 33.9990882873535 33.6021003723145 33.2390060424805 33.2519989013672 33.2017517089844 33.1476173400879 32.9743804931641 32.8134918212891 32.4339256286621 32.173397064209 32.7756004333496 32.6591758728027 32.4049530029297 32.4179763793945 31.8828601837158 31.5548896789551 32.1911277770996 32.3726196289062 31.7793922424316 30.600076675415 29.5760765075684 29.9881820678711 31.5997409820557
34.283821105957 34.1315040588379 34.6868324279785 34.8626365661621 35.071361541748 35.0430755615234 34.9383277893066 34.8101615905762 34.6674652099609 34.3979225158691 33.7964859008789 34.193546295166 33.2138824462891 32.9866027832031 33.6924171447754 33.5593948364258 32.9214553833008 33.9535789489746 33.9491653442383 33.9318923950195 34.1729278564453 34.3248100280762 34.2338638305664 33.8363609313965 33.0553512573242 32.5212707519531 32.1616477966309 32.4808120727539 32.9961700439453 32.4620780944824 32.2619323730469 31.5675163269043 32.2259407043457 33.0084762573242 32.8360900878906 32.6555328369141 32.7025566101074 32.3033752441406 31.9623146057129 32.2271156311035 32.4138374328613 31.3754978179932 30.4652328491211 30.7533149719238 31.0787124633789 31.62868309021
34.3970947265625 34.7225494384766 34.8015441894531 34.8155822753906 34.9470710754395 35.0002517700195 34.9477005004883 34.8714790344238 34.7290802001953 34.3071937561035 33.9437522888184 33.5988273620605 33.2273178100586 32.8970489501953 33.3780975341797 33.249080657959 33.2725639343262 33.1154289245605 32.8840827941895 32.869800567627 33.9379615783691 34.1929244995117 34.1748352050781 34.0773620605469 33.5329246520996 32.4780158996582 31.2041282653809 31.9616470336914 32.7007102966309 31.8339729309082 32.1802558898926 32.7178192138672 32.9877738952637 33.2384796142578 33.1575012207031 32.9741020202637 32.5395431518555 31.7803134918213 32.1977920532227 32.4081497192383 32.7015686035156 32.3810005187988 32.2497177124023 32.2298431396484 32.1855278015137 31.6701602935791
34.6325302124023 34.6214866638184 34.4924049377441 34.5879974365234 35.0025253295898 34.9081230163574 34.9270820617676 34.9138450622559 34.8307647705078 34.5103645324707 33.4949684143066 33.5805625915527 33.1877555847168 32.1720809936523 32.8405456542969 32.6335983276367 32.4807929992676 31.8661079406738 32.6221656799316 32.961067199707 33.9572677612305 33.985466003418 34.1113586425781 34.2066688537598 33.4298133850098 32.4616546630859 31.4189987182617 32.131462097168 32.6875038146973 32.2412452697754 32.6897277832031 33.0964012145996 33.4427299499512 33.4476013183594 33.0488243103027 32.8123512268066 32.4877815246582 32.2448577880859 32.7228698730469 32.8008079528809 32.8369064331055 32.7612953186035 32.6554832458496 32.0683059692383 31.3061561584473 31.2731647491455
34.7643966674805 34.7556533813477 34.7443199157715 34.6182136535645 35.0153388977051 35.0157051086426 34.9664154052734 34.9172401428223 34.8570938110352 34.7676773071289 34.4728355407715 33.8071594238281 33.0523300170898 31.988883972168 32.27783203125 32.246021270752 31.8546104431152 32.1199264526367 32.3463592529297 33.2744827270508 33.9799385070801 33.6086692810059 34.2407341003418 34.1030731201172 33.5704231262207 33.3537445068359 32.3930435180664 32.4974555969238 32.8117485046387 32.6559600830078 33.2035217285156 33.1792907714844 33.5754852294922 33.5115242004395 33.3766937255859 33.1560096740723 32.4068794250488 32.5597686767578 32.795524597168 32.7910003662109 32.8218269348145 32.6936302185059 32.6318511962891 32.1714096069336 32.1049270629883 31.9892845153809
