inst/extdata/Tmax/Tmax131.asc
NCOLS 100 
NROWS 79 
XLLCORNER 148.06 
YLLCORNER -21.49 
CELLSIZE 0.01 
NODATA_value -3.4e+38 
[rows 20 to 39 of 79, columns 46 to 91 of 100]
34.0464134216309 32.6223602294922 32.781120300293 33.8895683288574 33.6685409545898 33.1961860656738 32.9559478759766 31.9960784912109 33.4875793457031 34.8590202331543 35.8438949584961 35.4291496276855 35.4142646789551 35.9961318969727 35.6845626831055 35.4412536621094 35.7093849182129 36.2477836608887 36.4052314758301 36.4188919067383 36.3672676086426 36.2673492431641 36.5526275634766 36.6420021057129 36.6043739318848 36.5354957580566 36.4470710754395 36.4911918640137 36.4695358276367 36.1653747558594 36.2340774536133 36.4996719360352 36.4086990356445 36.1515998840332 36.1659774780273 36.147590637207 36.0833625793457 36.1095085144043 36.1211814880371 36.1120834350586 36.0516662597656 35.9219551086426 35.3228797912598 35.2355461120605 35.5256690979004 35.546802520752
34.2800827026367 32.6063270568848 31.6159591674805 33.0264434814453 32.9020500183105 32.4362335205078 33.1244812011719 31.5818099975586 32.5882339477539 34.4168968200684 35.6031265258789 34.3874168395996 33.7916564941406 35.4842987060547 34.3985290527344 34.0704498291016 34.8837394714355 36.113941192627 36.1303749084473 36.5355606079102 36.6357154846191 36.6421737670898 36.4538230895996 36.140453338623 36.1442680358887 36.217700958252 36.3843460083008 36.3669471740723 36.2901000976562 36.2224502563477 36.5131721496582 36.5660285949707 36.5156173706055 36.1713027954102 36.2620506286621 36.2270927429199 36.112548828125 36.1356391906738 36.1632232666016 36.1800842285156 36.0728721618652 35.9917526245117 35.8116874694824 35.6215286254883 35.4913024902344 35.496524810791
34.8018379211426 34.3634071350098 32.8261222839355 32.2776031494141 31.8673210144043 32.7944145202637 32.2953224182129 32.4908027648926 31.992244720459 32.7403602600098 34.761287689209 35.1405906677246 33.7366600036621 34.1128425598145 33.7966194152832 34.3250274658203 35.3166732788086 35.700080871582 34.4541435241699 35.6495399475098 36.4128799438477 36.4887580871582 35.9198608398438 35.1505279541016 35.7245101928711 35.7159385681152 36.287914276123 36.4792938232422 36.1968307495117 36.4045257568359 36.5715637207031 36.6198043823242 36.6200408935547 36.5650596618652 36.4693031311035 36.2978019714355 36.1278076171875 36.0085334777832 36.0852470397949 36.2128791809082 36.1235809326172 36.0823707580566 35.8098831176758 35.6995048522949 35.5692596435547 35.742790222168
34.2630348205566 34.1149597167969 33.6006355285645 32.935661315918 31.6896629333496 32.2889404296875 32.8074417114258 32.9531555175781 32.7448921203613 32.3748779296875 33.5158653259277 33.5011596679688 34.3447341918945 32.7911567687988 33.5910682678223 34.9921798706055 34.9744834899902 35.3327484130859 34.0774688720703 36.0124588012695 36.7455749511719 36.646411895752 35.7598152160645 34.505126953125 35.6704483032227 35.8381843566895 35.9444465637207 36.3965187072754 36.5937652587891 36.6589126586914 36.6757583618164 36.7053108215332 36.685962677002 36.6064796447754 36.5146942138672 36.3651542663574 35.9624977111816 35.6322555541992 35.773983001709 36.053409576416 36.0362739562988 36.1319389343262 35.8644866943359 35.8600540161133 35.607494354248 35.6367645263672
32.6688957214355 33.7497177124023 34.020637512207 33.8089561462402 32.9569969177246 32.4146919250488 32.4037208557129 32.1388549804688 32.8604354858398 32.4128570556641 32.4030380249023 32.0109062194824 33.6859436035156 34.4953918457031 33.7354202270508 34.7237167358398 35.4545440673828 36.0069808959961 35.7246932983398 36.6944541931152 36.6988525390625 36.5643348693848 35.9191780090332 35.1391258239746 35.8901023864746 36.1701507568359 35.8882865905762 35.9866638183594 36.0962982177734 36.5816078186035 36.4251403808594 36.7476234436035 36.6345138549805 36.6065864562988 36.5306434631348 36.2024765014648 36.1230583190918 35.5712890625 35.306022644043 35.7719230651855 35.9133758544922 36.0195960998535 35.8612747192383 35.9329872131348 36.0230522155762 35.8612403869629
31.4059352874756 32.2568054199219 33.3665428161621 33.2854156494141 32.5646095275879 31.9117794036865 31.5794582366943 31.0871448516846 32.0933074951172 32.6051788330078 32.1614952087402 32.3512535095215 33.6004257202148 35.4151039123535 34.9477653503418 35.0253524780273 35.1776275634766 36.4804954528809 36.5797920227051 36.5750846862793 36.5676498413086 36.2766532897949 35.1125831604004 35.1713066101074 35.2771911621094 35.888484954834 35.6363868713379 35.0562210083008 35.6604843139648 36.6704025268555 36.6156768798828 36.7388305664062 36.7086486816406 36.6899032592773 36.5666198730469 36.4215316772461 36.4453811645508 35.8720436096191 35.3830986022949 35.714225769043 35.4164161682129 35.5537910461426 35.2873611450195 35.928783416748 35.9859657287598 35.9926910400391
31.305513381958 31.1575622558594 31.7779865264893 32.3230590820312 32.8980903625488 30.9716377258301 30.7362689971924 31.4564399719238 31.8853149414062 32.5077095031738 32.5179901123047 32.8568229675293 34.5304336547852 35.3844528198242 35.8542060852051 36.0146293640137 36.1524085998535 36.6363143920898 36.3000640869141 36.1484489440918 36.1786956787109 35.76708984375 35.9510231018066 36.2136383056641 36.2292747497559 35.6567611694336 35.2626571655273 36.1317901611328 36.3840446472168 36.3497505187988 35.8172264099121 36.4645156860352 36.6253852844238 36.7138175964355 36.7088584899902 36.6230125427246 36.3130722045898 36.0034713745117 36.0885200500488 35.8635749816895 35.7462921142578 35.2219772338867 35.6954689025879 35.9044075012207 35.8319549560547 35.7330513000488
31.4681949615479 31.0056819915771 31.2695064544678 31.4792919158936 31.9486198425293 30.4847278594971 30.234203338623 30.5995464324951 31.7220573425293 32.356502532959 31.9123191833496 32.3996505737305 33.1994552612305 34.3364753723145 35.6827621459961 35.378604888916 36.4118843078613 36.6521377563477 35.9967308044434 35.308162689209 35.911434173584 36.1067810058594 36.4178161621094 36.6428718566895 36.7538986206055 36.3587684631348 36.362232208252 36.7072563171387 36.7740325927734 36.103687286377 35.6812705993652 36.2093238830566 36.3220710754395 36.7248420715332 36.7748527526855 36.7202682495117 36.5817489624023 36.3855934143066 36.0095558166504 35.2733879089355 35.0501403808594 34.933292388916 34.9750328063965 35.6319427490234 35.6868362426758 36.1048889160156
32.241325378418 31.8535175323486 32.506175994873 32.3625946044922 32.0119361877441 30.7922344207764 31.4698638916016 31.2454051971436 31.5107402801514 32.0173988342285 31.7728729248047 32.0084533691406 32.1218795776367 34.1483726501465 35.3225936889648 34.6604232788086 36.0626449584961 36.3428916931152 36.0578727722168 35.0107498168945 35.2601661682129 36.2985954284668 36.6834259033203 36.8092231750488 36.8356399536133 36.7453536987305 36.7651863098145 36.8788223266602 36.519660949707 35.8501892089844 35.7207260131836 36.3615188598633 36.7670669555664 36.8080520629883 36.8050231933594 36.782398223877 36.7473640441895 36.6243057250977 36.3936882019043 35.3126258850098 34.7524681091309 33.9872245788574 34.9215698242188 34.916618347168 35.7844429016113 36.179801940918
33.635311126709 33.4957847595215 32.9873657226562 32.92626953125 32.4659423828125 32.0278282165527 31.7748355865479 30.9117431640625 31.4699306488037 31.0303802490234 30.5980377197266 31.7434539794922 32.0324020385742 33.7392272949219 34.6844367980957 33.9812622070312 34.6707878112793 35.4118537902832 35.9412231445312 35.8294410705566 35.4035034179688 36.3246307373047 36.7739562988281 36.5924491882324 36.5730857849121 36.27880859375 36.6748580932617 36.9102172851562 36.0400047302246 35.2406044006348 35.8623504638672 36.4104881286621 36.748950958252 36.8299255371094 36.845516204834 36.7959480285645 36.7824783325195 36.701301574707 36.5288429260254 36.1652374267578 35.5207557678223 35.0522193908691 34.6467247009277 34.4678535461426 35.3090705871582 35.7833786010742
32.6935501098633 32.6890487670898 32.7075881958008 32.3887786865234 31.9603977203369 32.1459121704102 31.3770523071289 30.9270992279053 30.4740123748779 30.5514240264893 30.0226135253906 30.8305320739746 30.8235855102539 32.7201766967773 33.7242813110352 32.5956916809082 33.1352806091309 34.663257598877 35.9158782958984 36.4408950805664 35.9851264953613 36.5653610229492 36.7651977539062 36.3920860290527 36.3784980773926 36.5000419616699 36.9415473937988 36.9219741821289 36.4086380004883 35.7832145690918 36.1314659118652 36.3992881774902 36.8093070983887 36.8355522155762 36.7941932678223 36.7674331665039 36.7703247070312 36.7033462524414 36.6379051208496 36.4539108276367 36.2169990539551 35.699951171875 35.3382797241211 35.3030815124512 35.5209617614746 35.9172248840332
32.0517768859863 32.2785301208496 32.1724853515625 32.1262016296387 31.3353786468506 32.0215721130371 31.190450668335 30.0880680084229 29.5533275604248 29.8985576629639 29.5992279052734 30.2032737731934 30.8963279724121 32.4950370788574 32.7532005310059 32.4400367736816 34.4918174743652 35.4103393554688 36.1215515136719 36.5779190063477 36.8379974365234 36.8962898254395 36.8465385437012 36.7657814025879 36.5619010925293 36.8416404724121 36.9651184082031 36.8590698242188 36.5036277770996 35.8959465026855 35.9753646850586 36.5323829650879 36.7386283874512 36.2984237670898 36.6546058654785 36.7637748718262 36.7466659545898 36.7147903442383 36.6775932312012 36.578052520752 36.2971801757812 35.5758476257324 35.9033660888672 35.9472732543945 35.8631439208984 35.7946624755859
31.4439697265625 31.7103424072266 31.5623931884766 31.7990322113037 31.8714618682861 31.8699398040771 31.5462207794189 30.5664596557617 30.6502895355225 30.7402057647705 29.8310928344727 29.6526794433594 30.4975318908691 32.4377822875977 32.8954200744629 33.4249382019043 33.4971084594727 34.3313217163086 36.1012229919434 36.6627197265625 36.8438415527344 36.8036270141602 36.665340423584 36.6233940124512 36.7745933532715 36.8514442443848 36.8305473327637 36.4619750976562 35.5723915100098 35.7430076599121 36.048397064209 36.8114051818848 36.5566368103027 36.018669128418 36.6752471923828 36.6090812683105 36.6386604309082 36.6957244873047 36.6079864501953 36.3409538269043 35.7777328491211 34.5595245361328 34.3137474060059 35.3265228271484 35.6783447265625 35.9615821838379
32.0632514953613 31.6241149902344 31.4733371734619 31.6180744171143 31.7384338378906 31.6571159362793 31.2600975036621 30.9260330200195 31.4358520507812 30.8266296386719 30.6999816894531 30.6897201538086 31.3845252990723 32.3660545349121 32.4991340637207 33.1957817077637 34.1844444274902 35.298885345459 36.1837882995605 36.5806274414062 36.896125793457 36.8787231445312 36.4121437072754 36.1462020874023 36.3670425415039 36.2345428466797 36.3372917175293 36.5022735595703 36.4033164978027 36.3927574157715 36.6821098327637 36.9423332214355 36.3515625 36.2736854553223 36.8242530822754 36.3417930603027 36.4760894775391 36.4409332275391 36.5165481567383 36.2348556518555 34.8641738891602 34.1532516479492 33.5798072814941 35.3123626708984 35.8542823791504 35.6811981201172
32.4486961364746 31.3559188842773 31.3096809387207 31.4095439910889 31.5322322845459 31.4063491821289 31.4250831604004 31.9084815979004 31.5947036743164 30.9245223999023 31.9103336334229 32.305347442627 32.4625015258789 31.9248867034912 31.9441337585449 32.8577117919922 34.1494445800781 35.4530944824219 35.5510749816895 36.3228797912598 36.757209777832 36.7827987670898 36.3367004394531 36.1135482788086 35.364803314209 35.902530670166 36.4002494812012 36.5513038635254 36.7808837890625 36.7952346801758 36.9582290649414 36.9066200256348 36.878547668457 36.9099502563477 36.8712844848633 36.6374588012695 35.7449073791504 36.3221588134766 36.5073852539062 36.4640045166016 36.4196586608887 35.2153472900391 35.0655784606934 36.322582244873 36.6063575744629 36.5880508422852
32.5018539428711 31.5983028411865 31.2855892181396 31.2214279174805 31.408224105835 31.2394828796387 31.833911895752 33.2518539428711 32.4994926452637 31.9050598144531 33.577278137207 34.2625427246094 33.8906059265137 32.0582084655762 32.407112121582 32.4938316345215 34.40771484375 34.4815330505371 34.3644523620605 35.2634925842285 36.3590660095215 36.5849723815918 36.2817840576172 36.2810096740723 36.1632652282715 35.8436584472656 35.9212989807129 36.0671768188477 36.7300071716309 36.701602935791 36.7745132446289 36.5968856811523 36.7941398620605 36.9406547546387 36.6699714660645 36.6482849121094 36.0130233764648 36.1384811401367 36.4027252197266 36.2512550354004 36.6440048217773 36.6501045227051 36.5600967407227 36.6037139892578 36.7383575439453 36.6062126159668
32.2516441345215 31.6534214019775 31.4557552337646 31.6163940429688 31.5586414337158 31.63671875 32.0096244812012 33.937068939209 34.1331062316895 32.8493919372559 34.7810096740723 35.720703125 35.0250587463379 33.8273506164551 33.762767791748 34.372615814209 35.0463485717773 35.5060806274414 35.8222694396973 36.1244087219238 36.3305740356445 36.0836410522461 34.8001823425293 35.0813446044922 35.5978736877441 35.2370071411133 35.4496040344238 36.2717437744141 36.6375312805176 36.8367233276367 35.8038749694824 35.7897453308105 36.5774154663086 36.8687362670898 36.4146308898926 36.436954498291 35.6789970397949 36.1799354553223 36.3777465820312 36.2424011230469 36.681209564209 36.765209197998 36.7915840148926 36.8049278259277 36.7584648132324 36.4295883178711
32.2779579162598 31.907922744751 31.8616771697998 31.9916496276855 32.1567115783691 32.2669067382812 32.9747161865234 34.6433448791504 34.5369262695312 34.0707168579102 35.4665031433105 36.5586204528809 35.7648315429688 34.6568412780762 34.1303367614746 35.8152351379395 36.1714630126953 36.3798484802246 36.5822486877441 36.6124229431152 36.2052459716797 35.9577331542969 36.0661735534668 35.5396728515625 35.8669204711914 36.3183555603027 36.5305023193359 36.6102180480957 36.8156242370605 36.751033782959 35.1921844482422 35.8924674987793 36.7066116333008 36.6365280151367 36.2283363342285 36.1832466125488 36.0337333679199 36.5267066955566 36.5573768615723 36.5684127807617 36.535831451416 36.6951904296875 36.7437362670898 36.7555351257324 36.6857032775879 36.6338081359863
32.2390213012695 31.9658851623535 32.448486328125 33.1124114990234 33.2014236450195 33.5957679748535 34.6946830749512 35.3099594116211 34.7236328125 35.111198425293 36.507511138916 37.0118103027344 36.4797744750977 35.4883079528809 34.7515640258789 35.7816200256348 35.7859802246094 36.0806350708008 36.8029975891113 37.0032920837402 36.7037086486816 36.3797264099121 36.712474822998 36.5293998718262 36.4076080322266 36.8594360351562 36.7645149230957 36.6889381408691 36.9413566589355 36.7251892089844 36.1230163574219 36.5838394165039 36.7576179504395 36.467227935791 35.5689888000488 35.5237121582031 35.8409461975098 36.5424003601074 36.2640266418457 36.2456398010254 36.2600517272949 36.5413703918457 36.5245094299316 36.5848045349121 36.4448509216309 36.564624786377
32.2887344360352 32.4496955871582 33.4509010314941 34.1257095336914 34.8338432312012 35.7751960754395 36.4113159179688 35.7353439331055 33.8537406921387 34.4899291992188 35.9858551025391 37.0603065490723 36.645580291748 36.3222007751465 35.4476928710938 36.4079093933105 36.5602378845215 35.9651412963867 36.7271881103516 37.0686569213867 37.009162902832 36.5892524719238 36.9194145202637 37.0235443115234 36.8772315979004 36.9591636657715 36.781608581543 36.0495262145996 36.8299140930176 36.9709243774414 36.8821830749512 36.779899597168 36.4763984680176 36.1512756347656 35.3403625488281 35.3876953125 36.1202583312988 36.0595436096191 35.9226303100586 35.7429351806641 35.8764457702637 36.1711578369141 35.983512878418 36.329517364502 35.8842010498047 36.248420715332
