inst/extdata/Tmax/Tmax18.asc
NCOLS 100 
NROWS 79 
XLLCORNER 148.06 
YLLCORNER -21.49 
CELLSIZE 0.01 
NODATA_value -3.4e+38 
[rows 0 to 19 of 79, columns 46 to 91 of 100]
32.5335350036621 31.2208061218262 31.3961849212646 31.6238059997559 32.1757926940918 32.1150703430176 32.328254699707 32.348388671875 31.3477230072021 29.3582592010498 31.0613880157471 30.4413642883301 31.2155799865723 31.8663368225098 31.9900321960449 32.1763687133789 32.3758811950684 32.8051414489746 31.3952770233154 31.9676609039307 32.160343170166 -3.4e+38 -3.4e+38 -3.4e+38 -3.4e+38 -3.4e+38 -3.4e+38 -3.4e+38 -3.4e+38 -3.4e+38 -3.4e+38 -3.4e+38 -3.4e+38 -3.4e+38 -3.4e+38 -3.4e+38 -3.4e+38 -3.4e+38 -3.4e+38 -3.4e+38 -3.4e+38 -3.4e+38 -3.4e+38 -3.4e+38 -3.4e+38 -3.4e+38
32.908130645752 32.3911209106445 31.0392951965332 31.3112487792969 31.4789943695068 31.4534149169922 31.819709777832 32.217529296875 30.9227123260498 29.9111824035645 31.9626865386963 31.6202545166016 33.4213409423828 33.0447807312012 31.8742694854736 30.8786525726318 32.0366020202637 33.905345916748 32.8383369445801 31.6208686828613 32.3336944580078 34.411304473877 -3.4e+38 -3.4e+38 -3.4e+38 -3.4e+38 -3.4e+38 -3.4e+38 -3.4e+38 -3.4e+38 -3.4e+38 -3.4e+38 -3.4e+38 -3.4e+38 -3.4e+38 -3.4e+38 -3.4e+38 -3.4e+38 -3.4e+38 -3.4e+38 -3.4e+38 -3.4e+38 -3.4e+38 -3.4e+38 -3.4e+38 -3.4e+38
34.7062835693359 31.6443405151367 29.5790405273438 29.9950923919678 29.8325862884521 31.3839950561523 30.5694332122803 30.4951286315918 29.6559371948242 29.4273204803467 31.2767162322998 32.7312927246094 34.1110687255859 33.5868988037109 31.0637359619141 30.3489055633545 31.9175052642822 31.572696685791 31.4649143218994 31.7111721038818 31.3905391693115 31.6344947814941 31.4851627349854 31.985538482666 -3.4e+38 -3.4e+38 -3.4e+38 -3.4e+38 -3.4e+38 -3.4e+38 -3.4e+38 -3.4e+38 -3.4e+38 -3.4e+38 -3.4e+38 -3.4e+38 -3.4e+38 -3.4e+38 -3.4e+38 -3.4e+38 -3.4e+38 -3.4e+38 -3.4e+38 -3.4e+38 -3.4e+38 -3.4e+38
30.8076686859131 30.3143787384033 27.4193572998047 28.4013710021973 30.0290508270264 29.8504066467285 30.3129901885986 30.4849720001221 30.18434715271 29.7736110687256 31.0692768096924 30.7015380859375 33.4607543945312 34.0335502624512 31.4829063415527 30.9155807495117 32.7718238830566 33.4513092041016 32.8953399658203 32.1858673095703 30.7798843383789 31.7251968383789 31.4644451141357 32.3152198791504 32.8181457519531 32.7731628417969 -3.4e+38 -3.4e+38 -3.4e+38 -3.4e+38 -3.4e+38 -3.4e+38 -3.4e+38 -3.4e+38 -3.4e+38 -3.4e+38 -3.4e+38 -3.4e+38 -3.4e+38 -3.4e+38 -3.4e+38 -3.4e+38 -3.4e+38 -3.4e+38 -3.4e+38 -3.4e+38
31.7802639007568 29.9448108673096 27.2309875488281 26.9459209442139 28.4508247375488 30.7171211242676 31.3950386047363 31.7565212249756 29.831657409668 28.853515625 29.5579242706299 27.9611053466797 29.5007877349854 33.5464782714844 30.7003021240234 31.0467090606689 32.9184417724609 32.7285995483398 33.4076843261719 33.3777084350586 26.9741802215576 31.7408199310303 32.0374717712402 31.5443668365479 32.3508567810059 32.7985000610352 -3.4e+38 -3.4e+38 -3.4e+38 -3.4e+38 -3.4e+38 -3.4e+38 -3.4e+38 -3.4e+38 -3.4e+38 -3.4e+38 -3.4e+38 -3.4e+38 -3.4e+38 -3.4e+38 -3.4e+38 -3.4e+38 -3.4e+38 -3.4e+38 -3.4e+38 -3.4e+38
27.5426063537598 28.3472213745117 26.3903503417969 25.6731967926025 28.4678325653076 30.6060733795166 30.0160026550293 30.4581260681152 29.2977123260498 29.6402797698975 27.3900814056396 27.0987644195557 31.1628227233887 31.9143486022949 29.7827529907227 31.1123943328857 32.3892211914062 33.5287628173828 32.5539665222168 32.3777847290039 27.0620498657227 29.1372776031494 32.7293701171875 31.7141284942627 32.1596832275391 32.1036987304688 -3.4e+38 -3.4e+38 -3.4e+38 -3.4e+38 -3.4e+38 -3.4e+38 -3.4e+38 -3.4e+38 -3.4e+38 -3.4e+38 -3.4e+38 -3.4e+38 -3.4e+38 -3.4e+38 -3.4e+38 -3.4e+38 -3.4e+38 -3.4e+38 -3.4e+38 -3.4e+38
26.3150806427002 27.1630802154541 27.5060977935791 27.0612277984619 31.0307445526123 30.6598930358887 30.6668834686279 29.5380077362061 30.3633403778076 29.3093490600586 28.4628238677979 28.789363861084 29.8740291595459 33.5346565246582 33.5126075744629 34.5253944396973 31.0537357330322 31.391565322876 31.4202003479004 31.9310417175293 33.7642250061035 31.5571250915527 32.3465347290039 31.9092235565186 31.3114929199219 30.6313610076904 30.5874633789062 31.1528472900391 -3.4e+38 -3.4e+38 -3.4e+38 -3.4e+38 -3.4e+38 -3.4e+38 -3.4e+38 -3.4e+38 -3.4e+38 -3.4e+38 -3.4e+38 -3.4e+38 -3.4e+38 -3.4e+38 -3.4e+38 -3.4e+38 -3.4e+38 -3.4e+38
25.2142295837402 27.8951072692871 33.0678939819336 27.5665855407715 26.4996967315674 28.2947635650635 30.0925235748291 29.1843700408936 29.5111808776855 30.3800945281982 28.8290691375732 28.4003524780273 29.4491920471191 30.8843650817871 29.2197647094727 32.0345497131348 29.0801181793213 28.8932800292969 30.1697483062744 31.5487632751465 31.8216228485107 30.5130634307861 31.0683403015137 31.7021312713623 30.7028732299805 29.9638996124268 29.7171020507812 30.3857269287109 31.750301361084 30.300687789917 31.5745677947998 -3.4e+38 -3.4e+38 -3.4e+38 -3.4e+38 -3.4e+38 -3.4e+38 -3.4e+38 -3.4e+38 -3.4e+38 -3.4e+38 -3.4e+38 -3.4e+38 -3.4e+38 -3.4e+38 -3.4e+38
25.2128601074219 27.2603397369385 27.9832019805908 31.9014911651611 27.4915962219238 25.8124103546143 27.9602394104004 28.2682418823242 30.5406475067139 30.8254013061523 31.0390853881836 29.3768138885498 29.00075340271 29.628978729248 27.550724029541 27.4253997802734 26.7229042053223 30.9533100128174 29.4999256134033 30.8882141113281 32.9563598632812 32.8790550231934 30.4310302734375 28.493091583252 29.5310821533203 30.1609706878662 30.8091793060303 31.9673595428467 31.6256561279297 30.4363021850586 29.8929309844971 32.3205604553223 -3.4e+38 -3.4e+38 -3.4e+38 -3.4e+38 -3.4e+38 -3.4e+38 -3.4e+38 -3.4e+38 -3.4e+38 -3.4e+38 -3.4e+38 -3.4e+38 -3.4e+38 -3.4e+38
26.5034408569336 27.2535743713379 27.8092746734619 28.5848846435547 30.1444339752197 27.1056613922119 26.7871723175049 28.4410285949707 29.9650173187256 30.2461986541748 30.1743011474609 29.9326820373535 28.8899364471436 28.981315612793 27.4265937805176 27.0751037597656 26.7030944824219 31.6418876647949 31.4263820648193 29.6806507110596 30.7878284454346 32.602237701416 33.3619041442871 32.3668899536133 32.3326110839844 30.0143451690674 30.6075744628906 33.1418724060059 31.1309280395508 30.4360961914062 33.4527053833008 33.9409561157227 -3.4e+38 -3.4e+38 -3.4e+38 -3.4e+38 -3.4e+38 -3.4e+38 -3.4e+38 -3.4e+38 -3.4e+38 -3.4e+38 -3.4e+38 -3.4e+38 -3.4e+38 -3.4e+38
25.5494251251221 27.6438503265381 27.5398712158203 27.535982131958 29.0214080810547 31.8718090057373 29.0267677307129 29.8456573486328 29.6393566131592 29.8612060546875 30.6521663665771 30.1434993743896 29.6908435821533 30.2591247558594 29.6647548675537 29.7521743774414 30.8679351806641 31.1287899017334 32.3429756164551 32.1447715759277 29.7768001556396 32.891529083252 30.5442962646484 29.4436340332031 31.2128238677979 30.9271392822266 31.9332256317139 31.8444766998291 33.8250312805176 34.4342460632324 -3.4e+38 -3.4e+38 -3.4e+38 -3.4e+38 -3.4e+38 -3.4e+38 -3.4e+38 -3.4e+38 -3.4e+38 -3.4e+38 -3.4e+38 -3.4e+38 -3.4e+38 -3.4e+38 -3.4e+38 -3.4e+38
25.2606201171875 26.0325775146484 26.17258644104 25.3647708892822 26.2223567962646 27.2611141204834 33.8820686340332 30.6040325164795 30.307092666626 30.0026760101318 30.203067779541 30.6202983856201 29.7629508972168 30.2826328277588 30.0032863616943 31.8605613708496 31.8170833587646 31.7475166320801 34.8080444335938 32.5930480957031 30.8263816833496 30.8747577667236 30.9344787597656 30.3545055389404 34.350040435791 30.1650409698486 31.5100154876709 31.2883262634277 32.0720100402832 30.8870582580566 -3.4e+38 -3.4e+38 -3.4e+38 -3.4e+38 -3.4e+38 -3.4e+38 -3.4e+38 -3.4e+38 -3.4e+38 -3.4e+38 -3.4e+38 -3.4e+38 -3.4e+38 -3.4e+38 -3.4e+38 -3.4e+38
25.0207080841064 24.045597076416 23.8746013641357 23.7535934448242 25.3401069641113 26.1100883483887 27.6326999664307 27.9667186737061 29.7755374908447 30.2792072296143 28.8587799072266 29.1423149108887 29.0270080566406 29.564546585083 29.9192028045654 29.9358501434326 30.1721172332764 31.9069271087646 34.2590560913086 33.9537811279297 31.7260551452637 31.9582614898682 31.8480167388916 33.6169586181641 31.97727394104 31.2155284881592 32.0724258422852 31.3610134124756 29.7621192932129 27.9048099517822 30.9906673431396 32.3716926574707 -3.4e+38 -3.4e+38 -3.4e+38 -3.4e+38 -3.4e+38 -3.4e+38 -3.4e+38 -3.4e+38 -3.4e+38 -3.4e+38 -3.4e+38 -3.4e+38 -3.4e+38 -3.4e+38
25.0472278594971 24.3503665924072 24.0499591827393 23.7706298828125 24.1475410461426 24.4578170776367 25.8652248382568 26.9209327697754 29.341251373291 30.4680557250977 29.5814990997314 29.468656539917 29.9571933746338 30.4066581726074 30.7344551086426 31.9979381561279 30.1785163879395 32.1547431945801 33.244457244873 32.1342315673828 32.126163482666 34.5191917419434 32.2190361022949 31.7074012756348 33.0870819091797 31.3416652679443 30.3370227813721 30.1411094665527 29.2422256469727 30.5101699829102 32.4744758605957 32.2287521362305 31.1587944030762 -3.4e+38 -3.4e+38 -3.4e+38 -3.4e+38 27.5026798248291 33.7174301147461 -3.4e+38 -3.4e+38 -3.4e+38 -3.4e+38 -3.4e+38 -3.4e+38 -3.4e+38
25.3372364044189 24.9776287078857 24.1024036407471 23.798511505127 24.2488765716553 24.0469875335693 24.8867073059082 26.1445732116699 27.2639846801758 28.257848739624 26.6549167633057 29.9954299926758 29.2535076141357 29.9839954376221 31.2577514648438 30.2703342437744 31.0670967102051 34.5276107788086 31.0741920471191 32.8940734863281 32.0583648681641 33.9945030212402 32.6846733093262 31.9698619842529 31.9264373779297 32.0298500061035 31.9225311279297 30.5698661804199 30.1318893432617 32.9574508666992 32.925666809082 32.0988235473633 31.5041255950928 -3.4e+38 -3.4e+38 -3.4e+38 -3.4e+38 28.6514759063721 32.4966049194336 33.9833488464355 33.6279792785645 33.5366096496582 -3.4e+38 -3.4e+38 -3.4e+38 -3.4e+38
25.2901096343994 24.3741092681885 24.0808296203613 24.0054550170898 23.6325836181641 24.5366668701172 24.4376258850098 25.3099460601807 29.1232261657715 30.668285369873 28.6501407623291 26.9273357391357 30.6333312988281 26.3378086090088 26.3031768798828 27.1241340637207 32.3135681152344 30.5542678833008 30.1174087524414 31.2989635467529 31.4811534881592 32.2525520324707 32.0770111083984 31.3711280822754 31.3335914611816 31.4693202972412 32.6060066223145 31.6188774108887 30.7996768951416 30.7873401641846 31.5764999389648 28.1200695037842 34.3859481811523 -3.4e+38 -3.4e+38 31.7525405883789 33.4847869873047 32.7095184326172 31.5023078918457 32.6148300170898 32.5563201904297 33.9868125915527 -3.4e+38 -3.4e+38 -3.4e+38 -3.4e+38
24.2461452484131 23.2663593292236 23.3601379394531 24.3035888671875 24.6617527008057 24.407434463501 24.0675640106201 24.7527179718018 31.3437385559082 29.7425498962402 33.9446678161621 26.7226543426514 27.6106109619141 28.5440731048584 26.4170074462891 26.63525390625 27.226131439209 29.0549430847168 30.8290348052979 30.2462005615234 33.0926742553711 30.4258766174316 31.1333026885986 31.4549560546875 30.9170436859131 32.020637512207 31.9781322479248 32.3130569458008 32.6381072998047 31.3186645507812 31.5697765350342 28.1700458526611 30.228479385376 -3.4e+38 34.1582298278809 29.6115074157715 31.5833358764648 -3.4e+38 34.0101699829102 -3.4e+38 33.765209197998 -3.4e+38 -3.4e+38 -3.4e+38 -3.4e+38 -3.4e+38
24.9105434417725 23.5066947937012 22.9638080596924 25.0327816009521 25.0428810119629 24.3257274627686 24.0224266052246 24.0513229370117 25.3138618469238 27.532527923584 27.9059906005859 31.7825031280518 33.4581642150879 28.8066711425781 28.3046779632568 29.5554676055908 29.9659156799316 30.2400054931641 29.7833404541016 29.7079887390137 31.2693996429443 31.31640625 32.8716697692871 32.9083099365234 31.1986427307129 30.9780731201172 31.9334278106689 30.9047737121582 31.1953220367432 31.0598545074463 28.7448196411133 30.0297832489014 34.0029945373535 31.0307674407959 30.0884628295898 32.7772674560547 32.4164581298828 -3.4e+38 -3.4e+38 -3.4e+38 -3.4e+38 -3.4e+38 -3.4e+38 33.694034576416 -3.4e+38 -3.4e+38
25.2925338745117 25.1148929595947 23.2193984985352 24.503755569458 23.5277004241943 23.7608966827393 24.682092666626 24.7028789520264 25.9438858032227 28.6787147521973 27.753360748291 27.9215469360352 30.5091171264648 34.4482841491699 29.9045886993408 30.1886234283447 29.9696197509766 29.2158279418945 28.7200374603271 28.6497650146484 34.0517082214355 31.6690444946289 33.7103462219238 31.885534286499 32.0801658630371 30.581916809082 31.0380325317383 29.9571685791016 30.604154586792 30.6584968566895 29.0451641082764 29.3182125091553 32.382884979248 32.5215644836426 32.038688659668 32.4174842834473 32.0530586242676 33.7055015563965 32.2857894897461 29.2938842773438 31.7066745758057 31.4246559143066 32.5200004577637 31.6503925323486 -3.4e+38 -3.4e+38
25.8418827056885 25.2483425140381 25.3974494934082 25.5914459228516 24.5412769317627 23.957010269165 23.8154449462891 24.1093845367432 25.7794380187988 33.4732856750488 28.071626663208 33.8936576843262 32.7285079956055 29.9057025909424 30.0935287475586 27.7106075286865 27.8171310424805 30.3103694915771 28.8508262634277 29.1408500671387 31.2757968902588 32.7906494140625 34.7867126464844 32.5098915100098 34.138542175293 30.9516906738281 33.6498184204102 32.0537605285645 31.2330780029297 30.9452972412109 30.1787509918213 31.3242435455322 32.8860931396484 33.4874954223633 33.6906890869141 30.9353218078613 30.6635589599609 32.0796203613281 33.1888885498047 33.9626731872559 33.5524406433105 33.620677947998 31.9254093170166 31.7322998046875 28.119441986084 -3.4e+38
