inst/extdata/Tmax/Tmax28.asc
NCOLS 100 
NROWS 79 
XLLCORNER 148.06 
YLLCORNER -21.49 
CELLSIZE 0.01 
NODATA_value -3.4e+38 
[rows 20 to 39 of 79, columns 46 to 91 of 100]
24.5021171569824 22.9273376464844 22.548189163208 23.6410369873047 23.3127326965332 22.9846210479736 21.9321308135986 21.0120468139648 23.0195751190186 24.4589958190918 24.8930816650391 25.2698383331299 25.1146850585938 25.6433601379395 24.5989170074463 25.1226711273193 25.217643737793 25.5028381347656 26.6467266082764 26.4136276245117 28.1969375610352 30.3206081390381 31.2607345581055 30.8465232849121 29.3014507293701 29.6366939544678 30.3289527893066 28.7341003417969 27.7288246154785 28.643928527832 27.7677974700928 28.347692489624 28.7068824768066 29.5930557250977 29.2265815734863 27.718936920166 27.0610446929932 26.8505058288574 28.2031288146973 29.4956321716309 28.4755878448486 28.9153633117676 28.0842971801758 27.6053695678711 27.5912647247314 28.2653999328613
26.9768962860107 22.034143447876 21.6543006896973 22.7026138305664 22.4419116973877 21.7777423858643 22.6098289489746 21.3491992950439 22.1012325286865 24.070743560791 25.9569492340088 23.7051544189453 23.2122135162354 25.038516998291 23.6766929626465 23.6959075927734 24.3431529998779 25.6247329711914 25.3738193511963 25.8641128540039 28.3465900421143 30.6448287963867 25.3810176849365 25.2385768890381 28.5593643188477 30.1144313812256 31.2022380828857 27.6474666595459 28.4690780639648 27.3124160766602 27.5275840759277 27.4110927581787 27.9467697143555 27.4450206756592 28.8842487335205 28.6013507843018 28.4532012939453 28.6033573150635 27.7019367218018 30.8193035125732 29.4956474304199 28.1679725646973 26.9164333343506 26.163537979126 25.4169597625732 25.6265506744385
27.9145374298096 23.9220695495605 22.659252166748 22.4068603515625 21.5828075408936 22.4492111206055 21.7867946624756 22.29905128479 21.6315383911133 22.3515567779541 24.2852115631104 24.573694229126 23.5991916656494 23.5070648193359 23.373836517334 23.8762607574463 24.5259742736816 24.9425506591797 23.9605007171631 24.9031772613525 30.3673286437988 28.5193881988525 25.168571472168 24.4512138366699 24.836446762085 24.9385395050049 27.8235263824463 30.3241500854492 27.0855445861816 29.7961177825928 30.6308937072754 31.9010982513428 29.0032749176025 27.8413200378418 28.7130680084229 29.1674671173096 30.48557472229 30.069543838501 31.2592468261719 29.3397808074951 28.2644195556641 29.0421657562256 28.2522201538086 28.3075885772705 24.3903827667236 24.4421691894531
27.883716583252 23.7459812164307 23.5472946166992 22.5102443695068 20.6866359710693 22.0537662506104 22.7557792663574 22.116678237915 22.0699768066406 22.3075675964355 23.2423248291016 22.6104850769043 23.5597381591797 22.8451309204102 27.0585174560547 28.2357215881348 24.1232528686523 24.429069519043 23.6741142272949 24.7319087982178 29.041332244873 27.5965614318848 26.3297424316406 23.8469905853271 24.4219512939453 24.9820594787598 25.1688556671143 29.121545791626 28.483060836792 26.8842639923096 28.1011905670166 28.2590732574463 28.696569442749 28.2391338348389 28.1394844055176 28.2814178466797 29.2027950286865 30.3797283172607 30.5753326416016 30.3876056671143 29.89404296875 29.3301525115967 27.9078159332275 28.1035556793213 26.4911689758301 23.9016704559326
26.5972919464111 26.7907810211182 26.8757858276367 23.4923534393311 23.2218475341797 22.426420211792 22.0031147003174 22.0779323577881 22.7079944610596 22.1047554016113 22.3928241729736 21.9179782867432 23.4042778015137 30.1198863983154 23.2204742431641 24.1800537109375 24.9021625518799 25.0762710571289 24.6554756164551 25.9173488616943 28.5640697479248 28.3021106719971 25.4776630401611 24.6787929534912 24.6942520141602 25.2394027709961 24.9169979095459 24.981819152832 24.866662979126 28.617488861084 30.2954406738281 29.5142993927002 28.1183929443359 28.7544937133789 27.3915252685547 26.9662609100342 29.5164451599121 24.6392364501953 29.3644142150879 30.2826290130615 30.4798831939697 28.4147930145264 30.4695625305176 29.3464050292969 27.9117069244385 25.757884979248
21.6132049560547 22.4912300109863 23.2384471893311 23.1551609039307 22.5489406585693 21.6840400695801 21.3018798828125 20.9251232147217 22.0342063903809 22.4505252838135 22.1414546966553 22.0836849212646 23.5888900756836 24.6848564147949 24.6336498260498 24.6050987243652 24.6722202301025 27.5874805450439 28.8607234954834 25.9407386779785 25.8236656188965 25.7812080383301 24.495677947998 24.2705860137939 24.4510345458984 25.043571472168 25.0978775024414 24.4579067230225 27.7589206695557 25.7469310760498 30.2411975860596 29.2555332183838 30.2950687408447 27.4629783630371 28.1261577606201 26.9190711975098 28.5120811462402 26.6561012268066 26.8542156219482 30.2893447875977 26.4855003356934 24.1407871246338 23.9384746551514 28.6127948760986 29.1380615234375 26.5408973693848
21.4139575958252 21.4497833251953 21.9468994140625 22.3786869049072 22.6297817230225 20.5895156860352 20.2959594726562 21.0641860961914 21.6393184661865 22.2896709442139 22.4617786407471 22.9919242858887 24.4525737762451 25.2448711395264 25.2111568450928 25.3941879272461 26.7730617523193 26.8479118347168 26.8948974609375 25.7872314453125 25.5005702972412 26.7532901763916 26.8816757202148 26.4993171691895 29.2139167785645 24.8216934204102 27.3753261566162 26.8534450531006 25.4043045043945 24.7708225250244 24.3273620605469 31.7639617919922 27.0040187835693 27.5951347351074 29.1375389099121 28.1078605651855 28.703441619873 27.5718517303467 24.8122882843018 25.1046276092529 30.0320301055908 28.6393070220947 24.8792324066162 24.4017105102539 28.4097461700439 27.5524139404297
21.8953094482422 21.2887706756592 21.477123260498 21.5866985321045 22.0583744049072 20.2890758514404 20.0202236175537 20.0644912719727 21.4923915863037 22.3122997283936 21.8437347412109 21.976318359375 23.311351776123 24.1718101501465 25.2842788696289 24.9054107666016 25.4758758544922 26.9236640930176 25.7521133422852 24.7779178619385 25.6116752624512 26.75852394104 28.612886428833 31.1002979278564 30.5988273620605 30.4955577850342 26.5677394866943 27.4946479797363 25.7174701690674 24.9697933197021 24.8748664855957 29.9998531341553 28.2448577880859 26.8388996124268 27.5568237304688 27.6173515319824 27.624683380127 28.3444957733154 25.1814651489258 24.1233730316162 23.8474788665771 23.4503269195557 27.5626049041748 23.9346542358398 24.7907295227051 26.5896453857422
22.6793270111084 22.0025806427002 22.1100196838379 21.6109371185303 21.7208690643311 20.4011478424072 21.508846282959 21.1143131256104 21.4424476623535 21.5816440582275 21.6993827819824 21.9490261077881 21.9749698638916 23.4600143432617 24.6620769500732 24.391845703125 25.5249805450439 26.4342918395996 25.6882858276367 24.6101226806641 24.7971229553223 28.5981979370117 29.3988227844238 31.110990524292 30.6400680541992 31.6397151947021 27.9272174835205 30.2109718322754 27.6441822052002 24.7500419616699 24.8678646087646 28.8139476776123 28.7905464172363 28.4587821960449 26.5434970855713 27.2907943725586 28.5195217132568 28.5592861175537 30.5359001159668 27.6039981842041 29.8382587432861 28.6242523193359 23.5396461486816 24.0198249816895 29.0969371795654 27.9141941070557
23.4992790222168 23.4260005950928 22.8374938964844 22.9328384399414 22.1740608215332 21.8740863800049 21.8683071136475 20.8158092498779 21.2966938018799 21.1325874328613 20.4097576141357 21.5352153778076 21.7627639770508 23.4743976593018 24.0066986083984 23.087287902832 24.3990612030029 24.8368530273438 24.8250408172607 25.1001033782959 25.0285911560059 26.4959583282471 26.9952812194824 29.3486976623535 31.4867553710938 29.5426902770996 29.4366664886475 27.7638626098633 28.1670780181885 24.6944236755371 24.7840442657471 27.3081550598145 28.1955966949463 26.7668018341064 28.2911682128906 26.3478584289551 28.3732528686523 27.0174942016602 29.1317024230957 25.4596099853516 24.4691905975342 24.01637840271 26.0909442901611 23.3581924438477 24.7958354949951 26.1638202667236
22.3514537811279 22.1629467010498 22.3743476867676 22.2052192687988 22.1167068481445 22.1376304626465 20.9308471679688 20.9351844787598 20.3176956176758 20.8316917419434 19.8484039306641 21.2876033782959 20.7956466674805 22.3524684906006 23.2511405944824 22.2267971038818 22.5108165740967 24.3423748016357 25.0823707580566 26.5118656158447 25.6871013641357 26.0912208557129 27.0907135009766 27.7114391326904 27.8056354522705 28.2803764343262 28.9593067169189 30.2192687988281 30.3945388793945 29.1021041870117 26.6048984527588 27.749828338623 28.6769008636475 28.0949172973633 30.1962242126465 30.995304107666 27.8529739379883 26.6493663787842 26.8316631317139 27.650821685791 26.9925537109375 26.2075729370117 24.0422744750977 28.5378284454346 28.9795036315918 25.7767562866211
21.569953918457 22.141960144043 22.2976779937744 22.203067779541 21.3852787017822 22.200174331665 21.1243209838867 20.1149215698242 19.4955024719238 19.3619441986084 19.4714241027832 19.9813346862793 27.288703918457 22.619800567627 22.336389541626 22.1805248260498 23.8994197845459 24.7765674591064 25.2604637145996 25.7294139862061 28.7663154602051 27.4987030029297 27.8847103118896 27.3995685577393 28.0493202209473 29.3536701202393 31.4598693847656 29.0927467346191 29.7980270385742 26.8360805511475 25.0202484130859 27.9979610443115 28.1494216918945 26.8749504089355 29.3365612030029 31.1206111907959 30.0352039337158 26.8604717254639 27.4128074645996 29.8764133453369 25.4320774078369 24.7656478881836 26.4361972808838 25.9052352905273 28.2401905059814 27.7218494415283
21.4822750091553 21.8536052703857 21.8303050994873 22.095193862915 22.0743541717529 21.9810047149658 21.8568553924561 20.7828464508057 20.3935527801514 20.4263610839844 19.521800994873 19.5899772644043 20.4626998901367 22.3452415466309 22.2851886749268 23.1753234863281 23.5705661773682 23.9915370941162 25.1036586761475 25.608512878418 27.0283184051514 26.9599914550781 27.003870010376 26.7469177246094 27.5445995330811 29.4575824737549 31.3408279418945 28.088306427002 24.963830947876 24.9887619018555 25.0371704101562 28.7923641204834 30.3314647674561 26.9476051330566 29.2734775543213 30.9202575683594 27.1572208404541 27.0927391052246 28.2724361419678 29.2288246154785 29.6108131408691 29.3196430206299 23.074104309082 23.7821559906006 23.6783103942871 23.8785724639893
21.7227725982666 21.0622844696045 21.2964019775391 21.8980922698975 22.0005130767822 21.9204139709473 21.5436153411865 21.0776119232178 21.4786491394043 21.0563812255859 20.7142066955566 20.5806503295898 21.6267471313477 22.1116046905518 21.8853225708008 23.2599201202393 23.9202480316162 24.4760684967041 25.0895080566406 25.268138885498 28.0511035919189 30.8469390869141 32.2546730041504 25.7598533630371 25.7000713348389 25.7349548339844 25.4544143676758 28.0175094604492 27.0533428192139 28.6396560668945 27.9384613037109 28.3568172454834 27.4071388244629 29.2526416778564 29.5020980834961 25.1672782897949 28.3286094665527 28.0780944824219 29.6907730102539 29.784387588501 27.0880527496338 28.3908424377441 27.7816543579102 26.0209445953369 25.9749011993408 25.4601631164551
22.7543544769287 21.5216407775879 21.3813667297363 21.0027694702148 21.7568740844727 21.6473236083984 21.6023178100586 22.2478675842285 21.8419532775879 21.0563621520996 21.5593109130859 21.9915752410889 22.4472541809082 21.3643398284912 21.7400016784668 22.7769088745117 24.2372779846191 25.1326179504395 24.5235214233398 25.5466918945312 27.5374927520752 30.4389171600342 31.1442050933838 25.7233238220215 25.0246620178223 25.2450885772705 25.7108879089355 25.757417678833 27.3037509918213 27.5209503173828 30.2156143188477 31.5527496337891 32.113826751709 29.7120723724365 30.6012935638428 27.3088607788086 28.4841003417969 28.6533126831055 27.8042755126953 28.8075523376465 29.455150604248 26.9972248077393 24.5761871337891 27.0153217315674 26.5476093292236 27.3499526977539
22.4727725982666 21.6724662780762 21.4219455718994 21.4456558227539 21.6408233642578 21.528751373291 22.0540809631348 23.0808353424072 28.4304847717285 21.221866607666 23.2382431030273 23.7354640960693 23.721529006958 21.6045742034912 22.3399333953857 22.445384979248 23.6290378570557 24.051025390625 23.9845447540283 24.9873790740967 25.6231307983398 26.1737213134766 27.995080947876 31.0950622558594 26.0806884765625 25.4758605957031 24.9087810516357 25.0410251617432 27.9937705993652 32.2445526123047 28.4323921203613 25.5872268676758 31.2881164550781 29.3624210357666 29.0873756408691 25.7699337005615 27.8634014129639 27.0967216491699 30.6570568084717 30.2732410430908 28.3170948028564 28.3292579650879 27.7782726287842 27.836986541748 27.8626499176025 29.2002048492432
21.8955631256104 21.6906318664551 21.4634819030762 21.7643890380859 21.8328113555908 21.9951992034912 22.1440181732178 23.8470077514648 23.8785705566406 22.4314346313477 24.5786151885986 25.0903244018555 24.7591190338135 23.3654155731201 23.477746963501 24.0522785186768 24.5165271759033 25.1039009094238 25.3286571502686 25.4951038360596 25.7343101501465 26.1441459655762 24.4365711212158 24.5059070587158 24.9773502349854 24.5286731719971 24.8876686096191 30.4780941009521 28.0985794067383 31.7197399139404 25.1167125701904 24.4691944122314 25.0582218170166 28.6868534088135 29.3870983123779 28.1665134429932 26.6680469512939 27.9213905334473 27.5705261230469 28.5298767089844 29.6489067077637 30.466625213623 30.2377853393555 29.9598655700684 28.7309551239014 29.1010799407959
22.0220012664795 22.7225303649902 21.6460132598877 22.1177654266357 22.1563911437988 22.8083209991455 23.2162895202637 26.4578914642334 24.4884490966797 24.2306213378906 25.1725521087646 25.9341716766357 25.297342300415 24.497932434082 24.6641292572021 25.5397052764893 25.8794364929199 25.8228187561035 26.9322357177734 26.5926666259766 28.1268634796143 26.5881996154785 25.7408790588379 25.2597942352295 25.5187320709229 25.7518157958984 28.3356781005859 27.3456802368164 27.1432571411133 27.3562278747559 26.4120025634766 27.2368278503418 26.0066146850586 28.4781532287598 25.3421611785889 28.8296241760254 29.790958404541 29.5251140594482 29.4043922424316 26.7446250915527 27.2835235595703 28.7305660247803 27.8188762664795 28.9666557312012 29.4713726043701 29.4986591339111
23.4864349365234 23.3722877502441 22.1400871276855 23.1744441986084 23.2347812652588 23.4876232147217 24.0653667449951 25.3030910491943 24.3526630401611 24.839262008667 26.4277420043945 27.9256114959717 26.0620880126953 25.2696704864502 24.555082321167 25.3679008483887 25.2634391784668 25.7138519287109 26.5399436950684 31.0739555358887 26.4676265716553 26.8505916595459 28.9549655914307 28.3108425140381 28.0936832427979 27.6631278991699 29.3345050811768 28.5669097900391 29.0481967926025 28.5022525787354 26.9601726531982 27.5154209136963 29.3006496429443 29.0574054718018 25.275074005127 24.5556297302246 24.8784046173096 25.8879985809326 25.4465198516846 27.4656066894531 30.9863891601562 30.4647998809814 27.4389362335205 26.731502532959 25.2140140533447 25.3437557220459
22.7010803222656 22.6957111358643 22.8876209259033 24.26145362854 24.7504787445068 25.2081260681152 26.205753326416 24.7890319824219 24.0535068511963 24.4280033111572 24.9753589630127 26.8349990844727 26.4624156951904 26.0626010894775 25.1411685943604 27.4532375335693 27.1783771514893 29.3848171234131 31.6328163146973 29.3944187164307 29.6360492706299 28.4479732513428 27.7395324707031 28.1015071868896 28.2223777770996 27.7702674865723 27.7481117248535 27.648946762085 27.9948539733887 29.0193195343018 28.3540515899658 27.775016784668 25.7031574249268 25.4872913360596 24.5190544128418 27.6491374969482 28.7664203643799 25.1927375793457 25.1470699310303 24.9784755706787 24.7847652435303 27.3761291503906 26.9042167663574 27.9648609161377 26.6009616851807 25.9246883392334
