inst/extdata/Tmax/Tmax121.asc
NCOLS 100 
NROWS 79 
XLLCORNER 148.06 
YLLCORNER -21.49 
CELLSIZE 0.01 
NODATA_value -3.4e+38 
[rows 40 to 59 of 79, columns 46 to 91 of 100]
27.8047428131104 28.6846961975098 29.0620498657227 29.8713550567627 31.5981426239014 32.7003555297852 32.2020835876465 30.1281299591064 29.7426471710205 30.4995250701904 31.0873889923096 33.0345001220703 32.6271095275879 32.8838958740234 31.9766139984131 33.119701385498 33.343692779541 33.040699005127 33.1670684814453 33.2930297851562 33.3233489990234 32.3204956054688 32.7658042907715 33.132137298584 33.2445297241211 33.3246078491211 33.2294845581055 32.8277168273926 33.0426712036133 33.2673873901367 33.2378273010254 33.0854606628418 32.7465133666992 31.4043884277344 31.7129821777344 32.4629325866699 32.3740768432617 32.2826271057129 32.5497970581055 31.9668369293213 31.1972770690918 31.7158355712891 32.0615348815918 31.8513870239258 32.1401977539062 32.1931419372559
29.0123844146729 30.079418182373 29.9992713928223 29.9580993652344 31.6355075836182 33.0158996582031 31.7830829620361 31.3632221221924 32.0352172851562 32.1439514160156 32.5659027099609 33.356086730957 33.2443542480469 33.2778472900391 33.130428314209 33.4930267333984 33.551456451416 33.4928588867188 33.4594573974609 33.4962501525879 33.490837097168 32.9423332214355 32.1954498291016 32.5985221862793 32.5268402099609 33.076530456543 33.4201812744141 32.9220123291016 32.92041015625 33.3506927490234 33.3961372375488 33.3188056945801 33.148323059082 32.5048179626465 32.7733726501465 32.8280715942383 32.6088180541992 32.6098365783691 32.7271575927734 32.8665466308594 31.8511962890625 32.1000823974609 32.7579460144043 32.5544090270996 32.700927734375 32.641544342041
31.3412437438965 31.5528717041016 31.7679252624512 32.3117218017578 32.6928329467773 33.2433128356934 32.7928810119629 32.2195587158203 32.804557800293 33.2643508911133 33.1902198791504 33.5527114868164 33.6052703857422 33.5330390930176 33.5172500610352 33.6282501220703 33.6544380187988 33.6422805786133 33.6208038330078 33.6218376159668 33.5394325256348 32.5490798950195 32.3467674255371 32.8991661071777 32.3525657653809 32.8534812927246 33.3393478393555 33.2438888549805 33.1921615600586 33.4714584350586 33.5030899047852 33.5047645568848 33.4690208435059 33.3536834716797 33.2538528442383 32.9118728637695 31.9430637359619 32.5854721069336 33.1595153808594 33.1571350097656 33.0252494812012 32.9660720825195 33.093822479248 33.1322975158691 33.1760177612305 33.1197547912598
32.7022171020508 32.7400932312012 32.9001197814941 33.0760879516602 33.3511276245117 33.4537620544434 33.3771324157715 33.1353454589844 33.3401565551758 33.5950126647949 33.6126441955566 33.6819686889648 33.6728248596191 33.6462898254395 33.6816520690918 33.668773651123 33.6114082336426 33.5981140136719 33.6450996398926 33.6887245178223 33.6541404724121 33.4117240905762 33.1516723632812 33.3497085571289 33.2160491943359 32.7535400390625 33.0724334716797 33.3706665039062 33.5426864624023 33.5731582641602 33.5758399963379 33.5744667053223 33.5489158630371 33.509822845459 33.5076141357422 33.358512878418 32.8523788452148 33.1879615783691 33.3822631835938 33.367301940918 33.3353996276855 33.3342895507812 33.3202781677246 33.3382568359375 33.3444213867188 33.3116569519043
32.502571105957 32.8160934448242 33.1216049194336 33.1456604003906 33.2222175598145 33.3728828430176 33.4449348449707 33.5358657836914 33.5811767578125 33.5334396362305 33.3225708007812 33.4559326171875 33.3865356445312 33.1158180236816 33.3280754089355 33.4903755187988 33.3803405761719 33.5127487182617 33.6251525878906 33.6874160766602 33.7142448425293 33.5864791870117 33.2599639892578 32.9935607910156 33.2452011108398 33.4429893493652 33.5026168823242 33.5557060241699 33.5706024169922 33.6114349365234 33.5990104675293 33.5938415527344 33.5527000427246 33.5139694213867 33.5471839904785 33.4911079406738 33.4716758728027 33.4688301086426 33.4101409912109 33.4124183654785 33.3906402587891 33.3776702880859 33.3816108703613 33.3678817749023 33.2681922912598 33.2984199523926
30.5595092773438 31.3914127349854 31.8781337738037 32.1342239379883 32.5604782104492 32.9464073181152 32.9009017944336 33.1370010375977 33.1490745544434 32.9839096069336 32.1542320251465 32.1853828430176 32.2862434387207 30.6570434570312 31.7257804870605 32.5903205871582 33.2032279968262 33.5766410827637 33.6833419799805 33.7179641723633 33.7367248535156 33.5577659606934 33.0981369018555 32.7108459472656 33.0127220153809 33.3093910217285 33.4566879272461 33.4498138427734 33.5259780883789 33.6078796386719 33.6158294677734 33.617847442627 33.6004333496094 33.5939903259277 33.5619888305664 33.4642181396484 33.4552192687988 33.4491729736328 33.420051574707 33.4129524230957 33.3852653503418 33.3769302368164 33.366828918457 33.3131790161133 33.3063812255859 33.3327865600586
28.2925262451172 29.4722175598145 29.3758163452148 29.339864730835 30.6588802337646 31.2666187286377 31.4164905548096 31.7241382598877 32.2456512451172 31.5718326568604 30.8437232971191 30.2202167510986 30.9701690673828 30.8432121276855 31.3500480651855 32.643741607666 33.4057540893555 33.6221466064453 33.667537689209 33.654670715332 33.7165184020996 33.742603302002 33.2986869812012 32.931095123291 32.8193397521973 33.1262626647949 33.3597984313965 33.4888648986816 33.6040878295898 33.6290740966797 33.6543807983398 33.6674118041992 33.6610641479492 33.6313171386719 33.5480766296387 33.4891624450684 33.4861221313477 33.4835662841797 33.4698600769043 33.4557342529297 33.4273262023926 33.4237403869629 33.4210662841797 33.3867263793945 33.379264831543 33.2639427185059
28.4070587158203 28.3356876373291 28.1459617614746 28.2133674621582 28.1511821746826 28.8789234161377 30.1075477600098 30.8330783843994 31.0504913330078 30.9252147674561 31.5338401794434 31.3618965148926 31.1983547210693 31.8561458587646 32.1944465637207 33.17138671875 33.461009979248 33.500732421875 33.4420127868652 33.5828704833984 33.7225379943848 33.7874450683594 33.6419258117676 33.3176918029785 32.8766136169434 33.1795196533203 33.3963394165039 33.5779190063477 33.6591148376465 33.7034225463867 33.7187156677246 33.7044105529785 33.6384162902832 33.56201171875 33.4994354248047 33.4778861999512 33.493968963623 33.5127372741699 33.504810333252 33.4918060302734 33.4785385131836 33.4822769165039 33.4761047363281 33.4540634155273 33.2434234619141 33.0175628662109
28.0376930236816 28.1301975250244 28.3415813446045 28.0639038085938 27.9695148468018 28.0624141693115 28.8823757171631 30.5459289550781 31.1597957611084 31.3720378875732 31.2051906585693 31.42698097229 31.7653465270996 32.1008605957031 32.1783409118652 32.7798309326172 33.2061233520508 33.2157745361328 33.2183113098145 33.5546417236328 33.6811790466309 33.7107810974121 33.8102493286133 33.7290306091309 33.6130485534668 33.5876312255859 33.6880645751953 33.7662773132324 33.7791137695312 33.7865409851074 33.7612991333008 33.6953811645508 33.6098518371582 33.4748039245605 33.4352188110352 33.5021896362305 33.5164337158203 33.5394897460938 33.5605964660645 33.5482482910156 33.5519790649414 33.5529518127441 33.5387153625488 33.5257263183594 33.3634414672852 33.2236785888672
28.1089134216309 28.2731151580811 28.2932529449463 27.9720897674561 28.4430885314941 29.2376480102539 29.3428936004639 30.6477584838867 31.1955680847168 31.4384918212891 31.2461280822754 31.789529800415 32.1122894287109 32.1305770874023 32.2439804077148 32.1471176147461 32.2672653198242 32.5352096557617 32.9537124633789 33.349536895752 33.4677124023438 33.4968528747559 33.7662582397461 33.8262023925781 33.8519477844238 33.8384094238281 33.8174362182617 33.6420288085938 33.7148666381836 33.7931938171387 33.7565155029297 33.6410675048828 33.5997085571289 33.396900177002 33.3319854736328 33.5312728881836 33.5374641418457 33.5241737365723 33.5923500061035 33.6040115356445 33.5891380310059 33.5985336303711 33.5864715576172 33.5606994628906 33.487476348877 33.4153785705566
28.1425285339355 28.0226764678955 28.2316131591797 27.9480209350586 28.5743656158447 29.6424446105957 30.004861831665 30.6302547454834 31.4350814819336 31.9499359130859 31.9871444702148 32.136402130127 32.2315216064453 32.2791404724121 32.2802848815918 32.2369613647461 32.3237380981445 32.0404396057129 31.6682929992676 32.935302734375 32.8238906860352 33.3146781921387 33.6845588684082 33.7590980529785 33.822452545166 33.8153610229492 33.7447509765625 33.5159606933594 33.6823196411133 33.7990036010742 33.6277694702148 33.4564247131348 33.4794273376465 33.4639930725098 33.5044059753418 33.5989151000977 33.6123657226562 33.6024436950684 33.6060485839844 33.6480941772461 33.651424407959 33.6382102966309 33.6175994873047 33.5873069763184 33.5488891601562 33.4570388793945
27.7160549163818 27.6858081817627 28.0567607879639 27.4351177215576 27.579532623291 29.5276355743408 30.3176097869873 31.0270347595215 31.4230823516846 31.7550640106201 31.8414402008057 31.8632144927979 31.6583957672119 31.6748027801514 31.9873123168945 32.1494445800781 32.5347061157227 32.4675254821777 32.2771186828613 32.3373527526855 32.175666809082 33.0586700439453 33.5145530700684 33.7145195007324 33.7327766418457 33.7596893310547 33.3898506164551 32.9995422363281 33.6601181030273 33.8100509643555 33.5175590515137 33.2021026611328 33.4802017211914 33.5399169921875 33.5787010192871 33.5531158447266 33.5562324523926 33.5663108825684 33.5957336425781 33.5901756286621 33.6090049743652 33.6502418518066 33.6424179077148 33.6155242919922 33.5814628601074 33.5114974975586
27.3521747589111 27.2042903900146 27.6639003753662 27.5392227172852 27.621696472168 28.5999011993408 29.6162986755371 30.2950057983398 30.8469295501709 31.2712574005127 31.2312240600586 31.1683502197266 31.256872177124 31.5906467437744 32.4288024902344 32.5614395141602 32.7798118591309 32.6870918273926 32.610523223877 32.4382781982422 32.1822853088379 32.931209564209 33.4332008361816 33.6541442871094 33.5980606079102 33.7092514038086 33.3012771606445 32.297721862793 33.3970336914062 33.7944107055664 33.5075340270996 33.2612075805664 33.4858589172363 33.4294624328613 33.3630828857422 33.4022331237793 33.4628562927246 33.4013214111328 33.3238792419434 33.313777923584 33.4437561035156 33.5483779907227 33.6484565734863 33.6351470947266 33.6052169799805 33.5602531433105
28.4551944732666 27.4320125579834 27.5358009338379 27.9281635284424 28.2970809936523 29.338565826416 29.4174156188965 30.2323551177979 31.1304397583008 31.5226745605469 31.9353275299072 32.0699081420898 32.2348213195801 32.5014495849609 32.7257308959961 32.7913513183594 32.7515296936035 32.8487854003906 32.8253288269043 32.5804710388184 32.370246887207 32.4183807373047 33.016056060791 33.2801055908203 33.2102890014648 33.6872100830078 33.5831108093262 32.8928260803223 33.4930534362793 33.7916870117188 33.5533027648926 33.3654174804688 33.2821731567383 32.9278678894043 33.1423377990723 33.0853309631348 33.1032600402832 32.6582336425781 32.7773056030273 31.6804847717285 33.1607627868652 33.4447135925293 33.6449851989746 33.6600379943848 33.6367683410645 33.5931396484375
29.1440277099609 28.1515731811523 27.6228675842285 28.4149646759033 29.0507965087891 29.7943897247314 29.8798084259033 30.3740272521973 31.2443370819092 31.7354469299316 31.8084201812744 31.8442211151123 32.3229103088379 32.5307273864746 32.6688461303711 32.6692085266113 32.9156150817871 33.0778274536133 33.0587692260742 32.7962112426758 32.6197662353516 32.5481224060059 32.7088470458984 32.7354621887207 32.7197914123535 33.4848670959473 33.6913719177246 33.3814086914062 33.0666427612305 33.6614799499512 33.1673126220703 32.2979164123535 32.9849662780762 33.1713562011719 33.4973831176758 33.5121841430664 33.475528717041 33.4470710754395 33.2116851806641 32.1448707580566 33.0392456054688 33.4031829833984 33.5982818603516 33.6553916931152 33.6556510925293 33.6164855957031
29.1875381469727 28.3240756988525 27.7557239532471 29.036319732666 30.0369396209717 30.4908790588379 31.3249130249023 31.6083583831787 31.864465713501 32.0087394714355 31.8157196044922 31.7862510681152 32.431884765625 32.5494728088379 32.5781326293945 32.6779937744141 32.8219528198242 32.8254013061523 33.4238433837891 33.1680374145508 32.8674850463867 32.719841003418 32.7081756591797 32.5452613830566 32.5712051391602 33.2777328491211 33.6724739074707 33.5799560546875 33.4284057617188 33.7774353027344 33.0230331420898 31.8327655792236 32.3954772949219 33.1559982299805 33.2042617797852 32.7887573242188 32.862190246582 33.4545249938965 33.5917510986328 33.5556144714355 33.6019973754883 33.5987968444824 33.6199340820312 33.6249771118164 33.657844543457 33.6430587768555
29.0591564178467 28.0858039855957 27.6072216033936 28.8183860778809 30.130895614624 30.5051593780518 29.9115562438965 31.382926940918 31.3419723510742 30.733528137207 31.8368377685547 32.0941162109375 32.1371917724609 32.2230033874512 32.2609786987305 32.5199203491211 32.6836318969727 32.8279724121094 33.3899803161621 33.5368041992188 33.3239936828613 32.9958229064941 32.8213768005371 32.7489204406738 32.4983673095703 33.0330543518066 33.5524444580078 33.578742980957 33.7955932617188 33.8733062744141 33.3047828674316 31.3823013305664 32.1181411743164 31.5847415924072 31.980993270874 31.2148704528809 32.27099609375 33.4270973205566 33.5619888305664 33.6371955871582 33.6594924926758 33.572624206543 33.4597778320312 33.584342956543 33.6187133789062 33.6235008239746
29.0346450805664 28.2800369262695 28.3351154327393 28.8401622772217 29.7751903533936 30.2210388183594 30.6689338684082 30.951473236084 29.5775470733643 29.4866504669189 31.1846809387207 30.0792083740234 30.5150203704834 31.0378932952881 31.8732662200928 32.4192428588867 32.6093330383301 32.8705253601074 33.2717514038086 33.4299125671387 33.4991188049316 33.2438354492188 32.8948745727539 32.9856605529785 32.8603668212891 33.1337356567383 33.1423263549805 32.9681396484375 33.582088470459 33.7959899902344 33.5406646728516 32.766487121582 31.1767768859863 28.96826171875 29.1865940093994 31.0973892211914 32.7079124450684 33.3926582336426 33.5224571228027 33.4654273986816 33.4717254638672 33.2267761230469 33.0982208251953 33.5119972229004 33.2338256835938 33.3018341064453
29.0114593505859 28.6445770263672 28.4342803955078 28.7355728149414 29.3329658508301 30.1780471801758 30.3518848419189 29.9188995361328 29.4249629974365 30.3134326934814 30.8869857788086 29.7899913787842 30.1597309112549 30.6644058227539 31.7619857788086 32.239330291748 32.5922889709473 33.1008834838867 33.5756721496582 33.3951263427734 33.2567176818848 33.5988082885742 33.3262367248535 33.1319885253906 32.9656181335449 32.9739837646484 33.0755310058594 32.9771881103516 33.3519897460938 33.7329483032227 33.7748413085938 33.2074699401855 32.4193115234375 30.590539932251 29.919828414917 31.1706485748291 32.7120208740234 33.3367881774902 33.4098052978516 32.9031028747559 33.1952743530273 33.3985595703125 33.1749458312988 33.2498054504395 32.8984718322754 33.1802062988281
28.6693344116211 28.4501113891602 27.9683799743652 28.2988739013672 29.0549011230469 29.2096118927002 29.6587238311768 30.0037536621094 30.3063430786133 30.4240398406982 30.8332824707031 31.0937175750732 31.858190536499 31.975513458252 32.1566925048828 31.6592578887939 32.7495040893555 33.1825370788574 33.4294586181641 33.1280364990234 33.2660827636719 33.4965400695801 33.6188468933105 33.5634536743164 33.2543601989746 33.1894569396973 32.80322265625 32.9933815002441 33.443775177002 33.5465431213379 33.7126159667969 33.7548141479492 33.145637512207 32.411247253418 31.4146175384521 31.1034832000732 32.3861427307129 33.2476272583008 32.7102546691895 32.1304550170898 33.1431350708008 33.4260444641113 33.1232872009277 32.2770004272461 32.6695404052734 33.2397003173828
