inst/extdata/Tmax/Tmax153.asc
NCOLS 100 
NROWS 79 
XLLCORNER 148.06 
YLLCORNER -21.49 
CELLSIZE 0.01 
NODATA_value -3.4e+38 
[rows 0 to 19 of 79, columns 46 to 91 of 100]
41.263542175293 41.0965805053711 40.9928359985352 40.9739265441895 40.9390716552734 40.797534942627 40.9503974914551 40.7882423400879 40.6081733703613 40.4410820007324 40.3290481567383 40.0748481750488 39.9592590332031 40.1033210754395 40.2815780639648 40.1550369262695 40.0033264160156 39.8083648681641 39.5038757324219 39.2790565490723 39.0729331970215 -3.4e+38 -3.4e+38 -3.4e+38 -3.4e+38 -3.4e+38 -3.4e+38 -3.4e+38 -3.4e+38 -3.4e+38 -3.4e+38 -3.4e+38 -3.4e+38 -3.4e+38 -3.4e+38 -3.4e+38 -3.4e+38 -3.4e+38 -3.4e+38 -3.4e+38 -3.4e+38 -3.4e+38 -3.4e+38 -3.4e+38 -3.4e+38 -3.4e+38
41.249340057373 40.9974327087402 40.7898406982422 40.9831619262695 41.0969467163086 41.0556221008301 40.9997215270996 40.8957443237305 40.5947151184082 40.2047348022461 40.2715072631836 39.7988128662109 40.1861343383789 40.3986930847168 40.3416786193848 40.2093353271484 40.0749778747559 39.9150848388672 39.7014770507812 39.5684432983398 39.4148178100586 39.2474708557129 -3.4e+38 -3.4e+38 -3.4e+38 -3.4e+38 -3.4e+38 -3.4e+38 -3.4e+38 -3.4e+38 -3.4e+38 -3.4e+38 -3.4e+38 -3.4e+38 -3.4e+38 -3.4e+38 -3.4e+38 -3.4e+38 -3.4e+38 -3.4e+38 -3.4e+38 -3.4e+38 -3.4e+38 -3.4e+38 -3.4e+38 -3.4e+38
41.1810836791992 40.5392837524414 39.816089630127 40.9567642211914 41.0990524291992 41.0645332336426 41.0309638977051 40.9616889953613 40.7482070922852 40.2347259521484 40.268913269043 40.3511428833008 40.3813629150391 40.4687232971191 40.4035720825195 40.2706260681152 40.1583290100098 40.0361175537109 39.8886985778809 39.6646881103516 39.571102142334 39.3635559082031 39.0810661315918 38.7322425842285 -3.4e+38 -3.4e+38 -3.4e+38 -3.4e+38 -3.4e+38 -3.4e+38 -3.4e+38 -3.4e+38 -3.4e+38 -3.4e+38 -3.4e+38 -3.4e+38 -3.4e+38 -3.4e+38 -3.4e+38 -3.4e+38 -3.4e+38 -3.4e+38 -3.4e+38 -3.4e+38 -3.4e+38 -3.4e+38
40.8521308898926 40.8901138305664 39.9592971801758 40.8875846862793 41.028678894043 41.0300674438477 41.0602264404297 40.9561157226562 40.82373046875 40.5243148803711 40.3962287902832 40.1547737121582 40.411449432373 40.4845657348633 40.4698486328125 40.3412170410156 40.2602500915527 40.1681976318359 40.0186614990234 39.6760101318359 39.4506607055664 39.4057540893555 39.2888145446777 39.1601257324219 38.9477500915527 38.4500961303711 -3.4e+38 -3.4e+38 -3.4e+38 -3.4e+38 -3.4e+38 -3.4e+38 -3.4e+38 -3.4e+38 -3.4e+38 -3.4e+38 -3.4e+38 -3.4e+38 -3.4e+38 -3.4e+38 -3.4e+38 -3.4e+38 -3.4e+38 -3.4e+38 -3.4e+38 -3.4e+38
40.8555526733398 40.8619575500488 39.833625793457 40.0146331787109 40.6604881286621 41.0338897705078 41.0836143493652 40.9448318481445 40.8960151672363 40.6122360229492 40.3270492553711 40.1398277282715 39.7907791137695 40.2911109924316 40.466381072998 40.3503799438477 40.3466644287109 40.2750816345215 40.0414352416992 39.3804244995117 38.884880065918 39.4593772888184 39.4763793945312 39.3723793029785 39.0790214538574 38.6973686218262 -3.4e+38 -3.4e+38 -3.4e+38 -3.4e+38 -3.4e+38 -3.4e+38 -3.4e+38 -3.4e+38 -3.4e+38 -3.4e+38 -3.4e+38 -3.4e+38 -3.4e+38 -3.4e+38 -3.4e+38 -3.4e+38 -3.4e+38 -3.4e+38 -3.4e+38 -3.4e+38
40.1549797058105 40.7622566223145 39.4481430053711 38.8967742919922 40.3710975646973 41.1069946289062 41.0352554321289 40.965202331543 40.8962821960449 40.5363960266113 39.730281829834 39.4241027832031 39.6769218444824 40.4225769042969 40.316089630127 40.4084701538086 40.4191131591797 40.3286170959473 40.2147369384766 39.6451377868652 38.9704704284668 38.993350982666 39.3732032775879 39.362060546875 39.2664413452148 39.0899200439453 -3.4e+38 -3.4e+38 -3.4e+38 -3.4e+38 -3.4e+38 -3.4e+38 -3.4e+38 -3.4e+38 -3.4e+38 -3.4e+38 -3.4e+38 -3.4e+38 -3.4e+38 -3.4e+38 -3.4e+38 -3.4e+38 -3.4e+38 -3.4e+38 -3.4e+38 -3.4e+38
39.4032669067383 40.7562217712402 40.2132606506348 40.1259689331055 40.9195175170898 41.0900955200195 40.9305839538574 40.8163604736328 40.917049407959 40.4935188293457 39.8498420715332 39.8168983459473 40.344295501709 40.4223976135254 39.6312980651855 40.3245620727539 40.3436737060547 40.3136405944824 40.3079643249512 40.0425567626953 39.6674652099609 39.4052505493164 39.5385055541992 39.2827453613281 39.4328765869141 39.3833389282227 39.2230606079102 38.8913040161133 -3.4e+38 -3.4e+38 -3.4e+38 -3.4e+38 -3.4e+38 -3.4e+38 -3.4e+38 -3.4e+38 -3.4e+38 -3.4e+38 -3.4e+38 -3.4e+38 -3.4e+38 -3.4e+38 -3.4e+38 -3.4e+38 -3.4e+38 -3.4e+38
38.6925659179688 40.773193359375 41.1295051574707 40.9530029296875 40.0944328308105 40.2696762084961 40.775447845459 40.877082824707 40.982120513916 40.8027496337891 40.4354400634766 40.0606460571289 40.0576705932617 40.214282989502 39.813102722168 40.3483734130859 39.7231101989746 39.6587257385254 40.2127380371094 40.2830390930176 40.086669921875 39.8374481201172 39.7053527832031 39.7018356323242 39.6337585449219 39.540397644043 39.3116073608398 39.0983467102051 38.7602691650391 38.2570114135742 38.213207244873 -3.4e+38 -3.4e+38 -3.4e+38 -3.4e+38 -3.4e+38 -3.4e+38 -3.4e+38 -3.4e+38 -3.4e+38 -3.4e+38 -3.4e+38 -3.4e+38 -3.4e+38 -3.4e+38 -3.4e+38
38.666374206543 40.405345916748 41.1731491088867 41.0602226257324 40.3252334594727 39.0136909484863 40.1488571166992 40.9862251281738 41.0235748291016 40.9058570861816 40.7395858764648 40.4975051879883 40.4891128540039 40.3191375732422 39.8554000854492 39.7543258666992 39.3705902099609 39.9863700866699 40.2095794677734 40.2344360351562 40.1847953796387 39.8563575744629 39.4916839599609 39.1857147216797 39.7175025939941 39.6804580688477 39.5177001953125 39.3224830627441 39.1637916564941 38.636848449707 38.3372802734375 38.445743560791 -3.4e+38 -3.4e+38 -3.4e+38 -3.4e+38 -3.4e+38 -3.4e+38 -3.4e+38 -3.4e+38 -3.4e+38 -3.4e+38 -3.4e+38 -3.4e+38 -3.4e+38 -3.4e+38
39.4784240722656 40.4255142211914 41.0785293579102 41.0517082214355 41.0095863342285 39.810546875 40.0549964904785 40.9251365661621 41.046989440918 40.9258079528809 40.7236328125 40.4879989624023 40.3601760864258 40.4255447387695 39.8432846069336 39.5457458496094 39.4518890380859 40.3670692443848 40.2077941894531 39.9244384765625 40.1924934387207 40.1297302246094 39.931941986084 39.6081199645996 39.8949508666992 39.7792091369629 39.604377746582 39.5966300964355 39.401481628418 39.055004119873 38.4796829223633 38.4865036010742 -3.4e+38 -3.4e+38 -3.4e+38 -3.4e+38 -3.4e+38 -3.4e+38 -3.4e+38 -3.4e+38 -3.4e+38 -3.4e+38 -3.4e+38 -3.4e+38 -3.4e+38 -3.4e+38
38.6816673278809 40.3027763366699 40.6142425537109 40.41455078125 40.6946029663086 40.8778457641602 40.6211090087891 40.9662055969238 41.0291137695312 40.9235763549805 40.745491027832 40.5739517211914 40.3817825317383 40.6584854125977 40.5039520263672 40.3832511901855 40.4118041992188 40.559398651123 40.5285682678223 40.0501518249512 39.6135292053223 40.1421356201172 40.258228302002 39.7998237609863 39.7721824645996 39.5921745300293 39.5247802734375 39.7210807800293 39.5229301452637 39.195728302002 -3.4e+38 -3.4e+38 -3.4e+38 -3.4e+38 -3.4e+38 -3.4e+38 -3.4e+38 -3.4e+38 -3.4e+38 -3.4e+38 -3.4e+38 -3.4e+38 -3.4e+38 -3.4e+38 -3.4e+38 -3.4e+38
38.0962867736816 38.9674072265625 39.2512435913086 39.0056648254395 39.9107398986816 40.4530982971191 40.7613372802734 40.9822044372559 40.9627380371094 40.87255859375 40.6835403442383 40.5076065063477 40.3623123168945 40.8673858642578 40.8384628295898 40.6800079345703 40.6641883850098 40.7159385681152 40.725528717041 40.6181488037109 40.2522850036621 40.0512237548828 40.3353385925293 40.1429138183594 39.9048118591309 39.941837310791 39.9156494140625 39.6404037475586 39.4747772216797 39.2499885559082 -3.4e+38 -3.4e+38 -3.4e+38 -3.4e+38 -3.4e+38 -3.4e+38 -3.4e+38 -3.4e+38 -3.4e+38 -3.4e+38 -3.4e+38 -3.4e+38 -3.4e+38 -3.4e+38 -3.4e+38 -3.4e+38
38.096736907959 37.1955718994141 36.6289749145508 36.7452812194824 38.6927642822266 39.1563606262207 40.2533950805664 40.5511932373047 40.809871673584 40.6970977783203 40.4781494140625 40.7439193725586 40.7287902832031 40.6232528686523 40.9770965576172 40.9179992675781 40.8430061340332 40.8289031982422 40.8176803588867 40.7807579040527 40.6900367736816 40.5978393554688 40.444164276123 40.3614501953125 40.0685768127441 40.0741157531738 40.0083923339844 39.7249794006348 39.435848236084 39.2658958435059 39.0322952270508 38.6786155700684 -3.4e+38 -3.4e+38 -3.4e+38 -3.4e+38 -3.4e+38 -3.4e+38 -3.4e+38 -3.4e+38 -3.4e+38 -3.4e+38 -3.4e+38 -3.4e+38 -3.4e+38 -3.4e+38
38.1381072998047 37.4128265380859 36.5923728942871 36.1024513244629 36.6418266296387 37.3760185241699 39.1256217956543 40.2042961120605 40.8283233642578 40.6631774902344 40.1996726989746 40.7090873718262 40.9723014831543 40.994441986084 40.9920692443848 40.9725151062012 40.9751739501953 40.9462432861328 40.9088096618652 40.8596992492676 40.7804908752441 40.6988067626953 40.6029205322266 40.4979019165039 40.259952545166 40.2279853820801 40.1033248901367 39.879940032959 39.6168746948242 39.4990577697754 39.3606567382812 39.1850929260254 38.8319053649902 -3.4e+38 -3.4e+38 -3.4e+38 -3.4e+38 38.3002624511719 38.3132171630859 -3.4e+38 -3.4e+38 -3.4e+38 -3.4e+38 -3.4e+38 -3.4e+38 -3.4e+38
38.6958236694336 37.5106048583984 36.7004852294922 36.3536262512207 36.8471755981445 36.5976486206055 37.6915435791016 39.2727546691895 40.4477233886719 40.7663764953613 39.7823600769043 40.5097999572754 40.875617980957 40.4667549133301 40.524658203125 40.8416061401367 40.9118766784668 40.9543151855469 40.8902626037598 40.7593040466309 40.7400283813477 40.6699981689453 40.6426086425781 40.5680465698242 40.4687652587891 40.2946128845215 40.1659698486328 40.0051040649414 39.8494415283203 39.7312965393066 39.6301498413086 39.4453506469727 39.0312423706055 -3.4e+38 -3.4e+38 -3.4e+38 -3.4e+38 38.4212265014648 38.3671875 38.4798583984375 38.4369888305664 38.282341003418 -3.4e+38 -3.4e+38 -3.4e+38 -3.4e+38
38.6752700805664 37.5025978088379 36.753002166748 37.1581726074219 36.9589767456055 37.3017845153809 37.0731239318848 38.3767356872559 40.3058052062988 40.9249801635742 39.9987831115723 39.9518241882324 40.6451721191406 39.0089988708496 39.8858680725098 40.1862525939941 40.6435127258301 40.9500045776367 40.9118385314941 40.8116073608398 40.7574424743652 40.7132110595703 40.6920852661133 40.6183319091797 40.5286140441895 40.2695503234863 40.2128257751465 40.1211471557617 40.0384635925293 39.9634895324707 39.8053970336914 39.619499206543 39.3919448852539 -3.4e+38 -3.4e+38 39.0830307006836 38.824462890625 38.5251922607422 38.4106750488281 38.22802734375 38.3041305541992 38.4534759521484 -3.4e+38 -3.4e+38 -3.4e+38 -3.4e+38
37.4230346679688 36.2632637023926 36.2143478393555 37.4048652648926 37.7172508239746 37.6070747375488 37.2219390869141 37.5506477355957 39.6766204833984 40.7889518737793 40.7718276977539 40.0386695861816 40.4764862060547 39.2643508911133 39.2606048583984 39.2843246459961 40.4098510742188 40.9631881713867 40.9517440795898 40.9415168762207 40.8931198120117 40.8202171325684 40.7510375976562 40.5221138000488 40.4953269958496 40.3505935668945 40.3045768737793 40.2662696838379 40.2084732055664 40.0974082946777 39.9453163146973 39.8067817687988 39.6679077148438 -3.4e+38 39.4630126953125 39.4094619750977 39.3082504272461 -3.4e+38 38.5596160888672 -3.4e+38 38.2907180786133 -3.4e+38 -3.4e+38 -3.4e+38 -3.4e+38 -3.4e+38
37.3886528015137 36.0411338806152 35.3602905273438 37.7749328613281 37.9653282165527 37.3404808044434 36.9840660095215 37.099609375 38.5281448364258 40.554027557373 40.6214218139648 40.2394409179688 40.3288459777832 40.4093589782715 39.8159561157227 40.7362060546875 40.9109802246094 40.9773368835449 40.9865379333496 40.9533729553223 40.9018249511719 40.8479804992676 40.7915916442871 40.6892852783203 40.6501770019531 40.5445938110352 40.4773559570312 40.4089508056641 40.286247253418 40.2237854003906 40.098690032959 39.9999923706055 39.901725769043 39.8049964904785 39.7412147521973 39.6966934204102 39.5019454956055 -3.4e+38 -3.4e+38 -3.4e+38 -3.4e+38 -3.4e+38 -3.4e+38 38.4882011413574 -3.4e+38 -3.4e+38
39.0621757507324 38.7659912109375 36.7688102722168 38.1815338134766 36.804443359375 36.7793502807617 37.1889419555664 37.4638061523438 39.3385581970215 40.5587425231934 40.2720336914062 39.7232894897461 40.4663505554199 40.8027153015137 40.8729705810547 40.8874015808105 40.9695358276367 40.6782341003418 40.789867401123 40.9071807861328 40.8413772583008 40.8499565124512 40.8337707519531 40.7841720581055 40.7349662780762 40.6517448425293 40.5954704284668 40.4523391723633 40.1441459655762 40.2183456420898 40.2387771606445 40.1893920898438 40.1176147460938 40.0217666625977 39.9679718017578 39.8540115356445 39.6772003173828 39.5090255737305 39.357063293457 39.2636184692383 39.2295036315918 39.0925559997559 38.7759284973145 38.5292015075684 -3.4e+38 -3.4e+38
39.1523094177246 38.3731422424316 38.9679718017578 38.791332244873 37.4830513000488 37.4868965148926 37.1270751953125 37.3189888000488 39.1680145263672 40.3238754272461 40.6524772644043 40.4373435974121 40.7185707092285 40.9509544372559 40.8254089355469 40.6704063415527 40.8167037963867 40.5681762695312 40.4109725952148 40.5424766540527 40.7765998840332 40.8129730224609 40.8092079162598 40.816478729248 40.7957038879395 40.7266159057617 40.6569023132324 40.4665489196777 40.2141799926758 40.3522071838379 40.2793273925781 40.3296203613281 40.2133674621582 40.1460456848145 40.0914344787598 39.9228057861328 39.8050842285156 39.7189788818359 39.6496734619141 39.5937728881836 39.5304260253906 39.3756904602051 38.9737243652344 38.4957084655762 38.5273895263672 -3.4e+38
