inst/extdata/Tmax/Tmax125.asc
NCOLS 100 
NROWS 79 
XLLCORNER 148.06 
YLLCORNER -21.49 
CELLSIZE 0.01 
NODATA_value -3.4e+38 
[rows 40 to 59 of 79, columns 0 to 45 of 100]
40.115756988525398 39.8284873962402 39.8614120483398 39.8907470703125 39.7664642333984 39.8782844543457 39.8304328918457 39.6399154663086 39.1827201843262 39.6061935424805 40.226619720459 40.5335693359375 40.573184967041 40.6267623901367 40.6938819885254 40.4957160949707 40.2287063598633 39.8919334411621 39.3284606933594 39.8154945373535 39.8090515136719 39.6986885070801 39.6401100158691 39.2506103515625 38.3627586364746 37.7196083068848 37.5156021118164 37.6128616333008 37.7317924499512 37.0974082946777 36.4535369873047 36.875732421875 38.1423835754395 37.8752212524414 37.6204223632812 37.949104309082 37.854923248291 37.5357398986816 37.3183441162109 36.8707427978516 36.8306427001953 35.9572143554688 35.3829803466797 35.3781356811523 35.1214218139648 34.9613494873047
40.2680931091309 39.8609962463379 39.7370872497559 39.8397789001465 39.7341957092285 39.8148612976074 39.8200988769531 39.7210083007812 39.4822616577148 39.6064414978027 39.9401588439941 40.2779350280762 40.5033378601074 40.6678466796875 40.7141456604004 40.575065612793 40.2777290344238 39.7934379577637 39.4684677124023 39.613826751709 39.6389236450195 39.4052810668945 39.5829391479492 39.3114547729492 38.6583976745605 38.1665420532227 37.5449447631836 37.4684944152832 37.6812438964844 37.2490882873535 36.8265151977539 37.4541664123535 38.1299247741699 37.3862571716309 36.6656684875488 37.4282379150391 37.4670295715332 37.6767883300781 37.6406898498535 37.4114952087402 37.2938232421875 36.5635108947754 35.1687507629395 35.0487251281738 35.1236114501953 35.0840797424316
40.1312408447266 40.0693283081055 39.8552017211914 39.7315292358398 39.791015625 39.8105697631836 39.7855758666992 39.7529945373535 39.7240524291992 39.6818733215332 39.7344970703125 40.1962471008301 40.508487701416 40.6505584716797 40.6677780151367 40.6261978149414 40.4017524719238 40.0935440063477 39.875057220459 39.830753326416 39.7492790222168 39.1111946105957 39.0439720153809 39.2648391723633 39.2925415039062 38.8619766235352 37.9963989257812 37.6724891662598 37.5967559814453 37.3752632141113 36.4801902770996 37.5463790893555 37.6026000976562 36.5328254699707 35.7186241149902 36.6265106201172 36.6209754943848 37.2684555053711 37.4330635070801 37.1360969543457 36.906135559082 36.9470252990723 36.3523330688477 36.1351089477539 36.5518188476562 37.532413482666
39.7877731323242 39.8741874694824 39.8592300415039 39.8517456054688 39.8788070678711 39.8684501647949 39.827392578125 39.7814865112305 39.8392639160156 39.8144416809082 39.8271064758301 40.2207183837891 40.4624328613281 40.6142578125 40.6381683349609 40.6569213867188 40.5512619018555 40.3481521606445 40.0801773071289 40.1198272705078 39.952262878418 39.6968116760254 39.0360260009766 38.691089630127 39.3498077392578 39.1439933776855 38.7370567321777 38.2659111022949 37.935432434082 37.7631149291992 36.9718780517578 36.8816032409668 37.5792121887207 37.0788230895996 36.4390182495117 35.9790496826172 36.060417175293 36.3083572387695 36.5364952087402 36.3018417358398 35.8473052978516 36.5576438903809 36.1208877563477 37.0601844787598 38.780345916748 39.3566207885742
39.4931907653809 39.6728324890137 39.6510276794434 39.6490745544434 39.8326988220215 39.9440689086914 39.9629592895508 39.9080467224121 39.9707984924316 40.0193290710449 40.1858329772949 40.3141937255859 40.4415130615234 40.5419921875 40.6038589477539 40.6577758789062 40.6208038330078 40.4853668212891 40.3372268676758 40.2928009033203 40.1686477661133 40.0246353149414 39.733814239502 39.5280685424805 39.3563499450684 38.9068489074707 39.1474380493164 39.0297966003418 38.7142677307129 38.0419883728027 37.439998626709 37.4265899658203 37.7405090332031 37.9029731750488 37.6114311218262 36.4523811340332 35.1254005432129 35.0902633666992 35.1965103149414 35.5312194824219 35.4099807739258 35.9495697021484 35.4765777587891 36.3072891235352 38.0470886230469 39.3716316223145
39.5125465393066 39.5682678222656 39.410343170166 39.2963905334473 39.5013427734375 39.7211227416992 39.9458923339844 40.0618362426758 40.1267166137695 40.2193756103516 40.2897834777832 40.2128448486328 40.000732421875 40.3639068603516 40.5850524902344 40.6340484619141 40.6267547607422 40.5658340454102 40.4805679321289 40.4198684692383 40.3335266113281 40.2246170043945 40.1714134216309 39.5820274353027 39.2435607910156 39.1694488525391 39.2421073913574 39.0785484313965 38.8944625854492 38.391975402832 37.1658172607422 37.3624954223633 37.6658477783203 37.728099822998 37.8240127563477 36.9384384155273 35.6485252380371 35.4100189208984 35.4431686401367 35.8780670166016 35.287525177002 35.6367683410645 36.0314865112305 36.3368911743164 37.1999359130859 38.3341522216797
39.3699073791504 39.3326568603516 39.3398742675781 39.2626571655273 39.1663131713867 39.2269134521484 39.7120971679688 39.8362579345703 39.9583587646484 39.9800109863281 40.194450378418 40.2919464111328 40.0557022094727 40.3065185546875 40.5261688232422 40.6033325195312 40.603759765625 40.5433883666992 40.5057678222656 40.4675903320312 40.3960113525391 40.3237724304199 40.2263488769531 39.768856048584 38.9695892333984 39.0772323608398 39.2390365600586 39.0211372375488 38.970817565918 38.8262481689453 38.0455017089844 37.7210350036621 37.3709831237793 37.6258697509766 37.7587623596191 37.2946586608887 36.2433166503906 36.521915435791 35.9957962036133 36.6901741027832 36.1366310119629 36.2821464538574 36.3979873657227 36.5026168823242 36.4940376281738 36.3062515258789
39.8135566711426 39.1552581787109 39.0727424621582 39.0197639465332 38.9984512329102 39.124568939209 39.4304237365723 39.3906936645508 39.6378326416016 39.6892738342285 39.7710571289062 39.8326797485352 40.0158386230469 40.2895660400391 40.473014831543 40.5872344970703 40.569938659668 40.4591217041016 40.2878265380859 40.1951141357422 40.3222427368164 40.1396789550781 40.1562728881836 40.0923500061035 39.6517028808594 39.5559310913086 39.562183380127 39.3694686889648 39.2045860290527 38.9868621826172 38.3159027099609 37.9533386230469 37.2554626464844 37.640266418457 37.6813659667969 37.4527435302734 37.0212821960449 37.2411956787109 36.978931427002 37.2156562805176 36.9561195373535 36.7438087463379 36.6006813049316 36.4510192871094 36.1124076843262 35.8794097900391
40.5012893676758 39.697338104248 38.9311294555664 38.7888031005859 38.9201469421387 39.1054420471191 39.0396995544434 39.0428123474121 39.3758239746094 39.6673583984375 39.7408905029297 39.7225761413574 39.9487075805664 40.2462615966797 40.4789390563965 40.5450286865234 40.545467376709 40.4803733825684 40.3186187744141 40.1030578613281 40.1706924438477 40.1118659973145 40.0343322753906 40.1580009460449 40.0516548156738 39.9467811584473 39.6628837585449 39.4704208374023 39.381908416748 39.0959243774414 38.712532043457 38.2537956237793 37.406120300293 37.5561637878418 37.5255966186523 37.5825958251953 37.4794044494629 37.4503364562988 37.3356246948242 37.153694152832 36.3678665161133 36.1920852661133 36.3861656188965 36.1307220458984 35.996265411377 35.6521911621094
40.7529258728027 40.2462348937988 39.4000015258789 38.820671081543 38.8115577697754 38.8059730529785 38.8321723937988 39.1730499267578 39.4073028564453 39.309871673584 39.9121513366699 40.1310653686523 40.2370147705078 40.335506439209 40.4308319091797 40.5123481750488 40.5112113952637 40.4626770019531 40.3640022277832 40.2277145385742 40.1259803771973 40.0514488220215 39.8717269897461 39.9087753295898 40.0669174194336 40.0491218566895 39.8255805969238 39.3036193847656 38.8186798095703 39.0757637023926 38.781005859375 38.4733276367188 37.682746887207 37.3890037536621 37.1811065673828 37.4758033752441 37.5450172424316 37.4447479248047 37.4001998901367 37.0929870605469 36.4114608764648 36.009895324707 36.1859512329102 35.8208694458008 35.7317008972168 35.639274597168
40.7373886108398 40.557544708252 40.1070098876953 39.4775619506836 38.9381713867188 38.6469993591309 38.8023490905762 39.1163139343262 39.1631126403809 39.4602012634277 40.0211219787598 40.2412872314453 40.3638877868652 40.4632949829102 40.4827613830566 40.5070114135742 40.3867225646973 40.3981056213379 40.4032287597656 40.3263664245605 40.2176132202148 40.0560913085938 39.8646545410156 39.7835464477539 39.8853530883789 39.9216842651367 39.9497604370117 39.7267761230469 39.4517669677734 39.3068580627441 38.7741851806641 38.6072158813477 37.7878875732422 37.3852729797363 36.7800254821777 37.2393569946289 37.3576354980469 37.3463134765625 37.3914756774902 37.207160949707 36.6946411132812 36.5170593261719 36.4161834716797 36.202579498291 35.8806571960449 35.7036285400391
40.6960868835449 40.6540603637695 40.4012145996094 39.7338981628418 39.1409072875977 38.8639450073242 38.8212509155273 38.9068603515625 38.6705093383789 38.8249931335449 39.6589126586914 40.0425109863281 40.2154006958008 40.4121131896973 40.4943199157715 40.4582672119141 40.3731422424316 40.3720207214355 40.3375930786133 40.325065612793 40.2315940856934 40.121654510498 40.0191497802734 39.8196716308594 39.7045211791992 39.6425094604492 39.5951499938965 39.7038230895996 39.4845542907715 39.5934867858887 39.6105079650879 38.8399391174316 38.2583541870117 37.8186416625977 37.3332252502441 37.4567337036133 37.4045181274414 37.2299041748047 37.3623924255371 37.261531829834 36.774528503418 36.6037979125977 36.4875946044922 36.3023376464844 35.816333770752 35.6255683898926
40.5157356262207 40.5821418762207 40.4395217895508 39.4676132202148 38.6695137023926 38.6469841003418 38.7466850280762 38.6175079345703 38.3724746704102 38.5069351196289 39.5828399658203 40.032096862793 40.2416229248047 40.4191207885742 40.4297218322754 40.382984161377 40.361888885498 40.3052864074707 40.2642478942871 40.2574729919434 40.2645378112793 40.2017097473145 40.0459403991699 39.8498268127441 39.6344757080078 39.477970123291 39.441333770752 39.394172668457 39.3841094970703 39.2799873352051 39.4576835632324 39.3235664367676 38.7765998840332 38.1782379150391 37.7483787536621 38.0690269470215 38.0066452026367 37.5402679443359 37.3444557189941 37.4044761657715 37.2405090332031 36.9746971130371 36.6658477783203 36.4193458557129 36.0831871032715 35.6997718811035
40.3078880310059 40.3668212890625 40.4751243591309 40.0457077026367 39.0391044616699 38.7035713195801 39.0442237854004 38.5628395080566 38.4141731262207 38.4982719421387 39.5348358154297 40.1108894348145 40.3152122497559 40.4035034179688 40.3363952636719 40.2460899353027 40.2308616638184 40.254524230957 40.2219505310059 40.1195373535156 40.1636123657227 40.2141799926758 40.0758438110352 39.9274559020996 39.7378463745117 39.5800857543945 39.2337760925293 39.0481872558594 38.7073364257812 39.0345458984375 38.870849609375 39.3800849914551 39.4170570373535 39.0819625854492 38.6054191589355 38.6305160522461 38.2636413574219 37.9181060791016 37.6144180297852 37.9691009521484 37.560791015625 37.2828979492188 37.1237983703613 36.9817314147949 36.7059211730957 36.5536231994629
40.1770248413086 40.136116027832 40.3179054260254 40.3281288146973 39.8890075683594 39.6498413085938 39.5840492248535 39.2290344238281 39.0352020263672 39.0484733581543 39.2338943481445 39.6143112182617 40.2307434082031 40.3546943664551 40.2406311035156 40.1586875915527 40.1406364440918 40.1873664855957 40.1494560241699 40.0864906311035 40.1046371459961 40.1898384094238 40.1407279968262 39.968994140625 39.862174987793 39.6836318969727 39.3613128662109 39.1511268615723 38.7522315979004 38.9663543701172 38.3607559204102 38.7548294067383 38.9694976806641 38.9842872619629 39.092830657959 38.9707260131836 38.669303894043 38.5255889892578 38.0915908813477 37.6090621948242 37.5318603515625 37.5616226196289 37.3249549865723 37.129322052002 37.1159057617188 36.9681015014648
40.2570953369141 40.2385139465332 40.2880325317383 40.3161659240723 40.1984062194824 39.6031227111816 39.6017646789551 39.6603546142578 39.4418640136719 39.4008407592773 39.640022277832 39.9753532409668 40.2786026000977 40.3378944396973 40.2448997497559 40.0744934082031 40.1151351928711 40.1109657287598 39.9264373779297 39.9069557189941 40.0285873413086 40.089054107666 40.1335296630859 40.0397834777832 39.9246063232422 39.7796936035156 39.5820693969727 39.3359756469727 39.1744537353516 39.0208930969238 38.6165580749512 38.2623748779297 38.3847579956055 38.3446159362793 38.7586860656738 38.4717559814453 38.710075378418 38.4797286987305 38.1345291137695 37.7361831665039 37.5082855224609 37.2871131896973 36.8242607116699 36.2574424743652 36.7995147705078 36.971363067627
40.356632232666 40.3210716247559 40.2931480407715 40.2764167785645 40.127197265625 39.3550796508789 39.140983581543 39.5611228942871 39.4479713439941 39.1446647644043 39.4189414978027 40.0388793945312 40.2833137512207 40.3036880493164 40.2211418151855 40.0497016906738 40.032543182373 39.8454322814941 39.6098861694336 39.7392730712891 40.0104026794434 40.008415222168 40.0781059265137 40.0660095214844 39.9101829528809 39.8476486206055 39.6681060791016 39.4017066955566 39.3155746459961 39.0999336242676 38.710994720459 38.063907623291 37.7748336791992 37.9043197631836 38.3299331665039 38.4545745849609 38.0906753540039 37.7565307617188 37.9355697631836 37.86328125 37.5343856811523 37.297119140625 36.7874526977539 36.0041351318359 36.424560546875 36.7690124511719
40.3998489379883 40.3485412597656 40.3032150268555 40.2685356140137 40.226619720459 39.8948783874512 39.4470252990723 39.2056350708008 39.2072296142578 39.008617401123 39.4583587646484 40.0413131713867 40.2533340454102 40.2549934387207 40.1714935302734 40.003303527832 39.8431205749512 39.6592178344727 39.5536918640137 39.7995796203613 39.9136848449707 39.9637184143066 39.9277229309082 40.0147476196289 39.9565353393555 39.870433807373 39.7029876708984 39.453727722168 39.337718963623 39.1502838134766 38.7610740661621 38.558536529541 38.1254844665527 37.9421463012695 37.8847236633301 38.0188369750977 38.2546463012695 38.1066131591797 37.761116027832 37.5636367797852 37.3656921386719 37.1630897521973 36.9225234985352 36.6152648925781 36.0006904602051 36.2707786560059
40.4283294677734 40.3626022338867 40.3159484863281 40.3000831604004 40.225715637207 40.0185279846191 39.7354431152344 39.1710472106934 39.064754486084 39.2400398254395 39.6779251098633 40.0640716552734 40.203052520752 40.1884536743164 40.0638847351074 39.9123420715332 39.6330718994141 39.5616302490234 39.662109375 39.688045501709 39.8191070556641 39.7585945129395 39.5924835205078 39.8188972473145 39.9763717651367 39.8632164001465 39.6548843383789 39.5151824951172 39.3879013061523 39.2850456237793 39.1015357971191 38.8853759765625 38.5918807983398 38.5345001220703 38.2238922119141 37.8997116088867 37.9814262390137 38.04443359375 37.8214569091797 37.6726570129395 37.5339431762695 37.2976608276367 36.7179946899414 36.3483810424805 36.4630889892578 36.4742736816406
40.431037902832 40.4232521057129 40.3705635070801 40.3315086364746 40.220588684082 40.111873626709 39.9993743896484 39.6512756347656 39.1977195739746 39.2851524353027 39.436653137207 39.711124420166 39.9748687744141 40.0118865966797 39.9542465209961 39.8270721435547 39.6306076049805 39.515064239502 39.4128723144531 39.452220916748 39.6654586791992 39.6633796691895 39.4410629272461 39.7997016906738 39.9850883483887 39.8817749023438 39.725154876709 39.5845489501953 39.5099983215332 39.4010696411133 39.2858810424805 39.0742111206055 38.7711944580078 38.9550285339355 38.8272247314453 38.4737586975098 38.0414581298828 37.9302101135254 38.0358810424805 38.4111022949219 37.7073745727539 37.4393463134766 37.0563125610352 36.405876159668 36.3329467773438 36.2117309570312
