inst/extdata/Tmax/Tmax106.asc
NCOLS 100 
NROWS 79 
XLLCORNER 148.06 
YLLCORNER -21.49 
CELLSIZE 0.01 
NODATA_value -3.4e+38 
[rows 40 to 59 of 79, columns 0 to 45 of 100]
36.227046966552699 35.9530715942383 35.9753837585449 36.0119514465332 35.8917808532715 36.0117607116699 35.9567604064941 35.7545204162598 35.2734718322754 35.7181777954102 36.3781394958496 36.7060966491699 36.7495880126953 36.8085746765137 36.8985900878906 36.6682281494141 36.395435333252 36.0184936523438 35.4233627319336 35.940185546875 35.9352035522461 35.8164100646973 35.7563171386719 35.3466262817383 34.421802520752 33.7598342895508 33.5657196044922 33.6499252319336 33.7743988037109 33.1254768371582 32.4701614379883 32.8992385864258 34.2057266235352 33.932300567627 33.6724281311035 34.0159149169922 33.9183731079102 33.5920791625977 33.3717079162598 32.9149742126465 32.8777313232422 32.0005531311035 31.4009857177734 31.399543762207 31.1417579650879 30.9824600219727
36.3922958374023 35.9944496154785 35.8567771911621 35.9680061340332 35.8669509887695 35.9553184509277 35.956672668457 35.8510856628418 35.598518371582 35.7292671203613 36.0831985473633 36.4415893554688 36.685489654541 36.865119934082 36.9317092895508 36.7696304321289 36.4599609375 35.9250183105469 35.5819625854492 35.7373466491699 35.7658042907715 35.5166320800781 35.7065162658691 35.421329498291 34.7388038635254 34.2300872802734 33.6048049926758 33.5105781555176 33.7314987182617 33.2896003723145 32.8590812683105 33.5012512207031 34.2025718688965 33.4370765686035 32.7006759643555 33.4868431091309 33.5265769958496 33.747386932373 33.7141876220703 33.4812698364258 33.3640060424805 32.6296463012695 31.1905155181885 31.0717658996582 31.1514682769775 31.1148624420166
36.2710571289062 36.2273941040039 35.9968376159668 35.8770904541016 35.944450378418 35.9713745117188 35.9424324035645 35.9073448181152 35.8763236999512 35.8314247131348 35.8871574401855 36.3767738342285 36.7143096923828 36.8696517944336 36.893424987793 36.8524322509766 36.6173362731934 36.2689247131348 36.0365982055664 35.9910202026367 35.9057312011719 35.2291679382324 35.1602554321289 35.3945198059082 35.4259147644043 34.9754486083984 34.0910949707031 33.7413291931152 33.6654891967773 33.4398727416992 32.5255088806152 33.6172676086426 33.678150177002 32.5823974609375 31.7547454833984 32.6838607788086 32.6773796081543 33.3465309143066 33.5206108093262 33.217903137207 32.9849243164062 33.0450973510742 32.4198188781738 32.2010536193848 32.6338119506836 33.6554222106934
35.9206008911133 36.0283737182617 36.001823425293 36.000659942627 36.0350646972656 36.0314064025879 35.9901390075684 35.9409065246582 36.0019912719727 35.9754447937012 35.9889373779297 36.4068031311035 36.6682929992676 36.8340682983398 36.8612289428711 36.8894844055176 36.7858047485352 36.5474281311035 36.2599792480469 36.3041763305664 36.1259918212891 35.8516578674316 35.15478515625 34.7954330444336 35.4896507263184 35.2746849060059 34.8638076782227 34.3574180603027 34.0171127319336 33.8413925170898 33.0296363830566 32.9356346130371 33.6559715270996 33.1434097290039 32.4902877807617 32.0232353210449 32.1051292419434 32.3615989685059 32.598690032959 32.3615913391113 31.9000091552734 32.6455116271973 32.1834831237793 33.1556587219238 35.0426864624023 35.8330154418945
35.6299362182617 35.8314323425293 35.7977676391602 35.8020439147949 35.9960708618164 36.1172523498535 36.1401176452637 36.0865783691406 36.153263092041 36.2050323486328 36.3835830688477 36.5189971923828 36.6572608947754 36.7671699523926 36.8356170654297 36.8982315063477 36.8798942565918 36.7077827453613 36.5485229492188 36.5021324157715 36.3698387145996 36.2135963439941 35.9040870666504 35.6871337890625 35.5072593688965 35.0356369018555 35.305549621582 35.1667022705078 34.8379058837891 34.1396026611328 33.5196685791016 33.5047225952148 33.8320846557617 34.003849029541 33.7049865722656 32.5150833129883 31.1607265472412 31.1275291442871 31.2382183074951 31.5819644927979 31.4614868164062 32.0297508239746 31.5321388244629 32.3870620727539 34.2004127502441 35.8582344055176
35.6577377319336 35.7334594726562 35.5618133544922 35.4526519775391 35.666389465332 35.8968963623047 36.1307563781738 36.2578964233398 36.3313636779785 36.4308738708496 36.5068969726562 36.4212493896484 36.1940536499023 36.5856666564941 36.8269119262695 36.8815574645996 36.8947677612305 36.812671661377 36.7182846069336 36.6548309326172 36.5600280761719 36.4406585693359 36.3854637145996 35.7553825378418 35.3985214233398 35.3226280212402 35.4162712097168 35.2286186218262 35.0375099182129 34.5136566162109 33.246265411377 33.4476432800293 33.7640724182129 33.8317832946777 33.9348564147949 33.0225868225098 31.7007312774658 31.4603748321533 31.4969520568848 31.9439716339111 31.3442993164062 31.7175788879395 32.1078071594238 32.425651550293 33.3233947753906 34.5200614929199
35.5217742919922 35.5032043457031 35.4986915588379 35.4266128540039 35.3290863037109 35.3919982910156 35.898868560791 36.0323066711426 36.1623687744141 36.185474395752 36.415657043457 36.5180053710938 36.2643203735352 36.5351791381836 36.7742156982422 36.8594055175781 36.8757514953613 36.7937927246094 36.7568969726562 36.7213363647461 36.644660949707 36.5665893554688 36.4587707519531 35.9658432006836 35.1199226379395 35.2357368469238 35.4236450195312 35.1784744262695 35.128360748291 34.9791259765625 34.1652145385742 33.8275260925293 33.4682388305664 33.7350997924805 33.8764495849609 33.3988990783691 32.3165435791016 32.6055183410645 32.0692100524902 32.7857398986816 32.22021484375 32.3870124816895 32.492603302002 32.6046524047852 32.6002082824707 32.4109077453613
35.991641998291 35.3438415527344 35.248950958252 35.1981010437012 35.1748809814453 35.3064422607422 35.6246528625488 35.5822410583496 35.8435745239258 35.8981399536133 35.9852333068848 36.0480346679688 36.2443656921387 36.5395736694336 36.7392349243164 36.8647537231445 36.8617324829102 36.7249488830566 36.5404586791992 36.4418640136719 36.5816268920898 36.3830108642578 36.4033660888672 36.3368148803711 35.8657455444336 35.7661514282227 35.7900352478027 35.5701560974121 35.3981170654297 35.1708068847656 34.4687652587891 34.0901908874512 33.3698844909668 33.7712173461914 33.8172950744629 33.583553314209 33.1370544433594 33.3681411743164 33.1005859375 33.3496475219727 33.0848579406738 32.8831787109375 32.722038269043 32.5717315673828 32.2268943786621 31.9913024902344
36.701774597168 35.893497467041 35.107551574707 34.9592170715332 35.0957489013672 35.2893524169922 35.2163352966309 35.2191467285156 35.5694618225098 35.878231048584 35.9565696716309 35.9339408874512 36.1756629943848 36.4961585998535 36.7491569519043 36.8222007751465 36.8385963439941 36.7516479492188 36.5773811340332 36.3458557128906 36.4208717346191 36.3564720153809 36.2750701904297 36.4114265441895 36.299144744873 36.1888961791992 35.9011497497559 35.6810035705566 35.589900970459 35.2892608642578 34.887523651123 34.4060020446777 33.5273475646973 33.6859016418457 33.6574935913086 33.7202110290527 33.6132164001465 33.5868873596191 33.4716682434082 33.2868690490723 32.4788513183594 32.3153839111328 32.5016784667969 32.2424507141113 32.1080856323242 31.7584381103516
36.9738426208496 36.4656448364258 35.5880317687988 35.0029563903809 34.9925498962402 34.9859580993652 35.0093421936035 35.3666915893555 35.6135902404785 35.5104331970215 36.1501808166504 36.3821449279785 36.4967346191406 36.6038436889648 36.7081031799316 36.7978668212891 36.8125343322754 36.7436676025391 36.6379127502441 36.4917831420898 36.3836631774902 36.302303314209 36.1109313964844 36.1532783508301 36.3267860412598 36.3105926513672 36.0869140625 35.5138549804688 35.0031356811523 35.2782936096191 34.969856262207 34.6459808349609 33.823356628418 33.5216941833496 33.3096160888672 33.6183929443359 33.6905136108398 33.5900268554688 33.5476417541504 33.2325401306152 32.5318641662598 32.1360397338867 32.3033676147461 31.9316501617432 31.8438491821289 31.7527809143066
36.9662284851074 36.7981414794922 36.3190498352051 35.6807861328125 35.1356735229492 34.8302040100098 34.9886016845703 35.3176765441895 35.3664627075195 35.6799278259277 36.2778625488281 36.5120697021484 36.6451606750488 36.753776550293 36.7758255004883 36.803337097168 36.6881942749023 36.6845779418945 36.6918258666992 36.6100387573242 36.4939880371094 36.3183898925781 36.1142807006836 36.0295143127441 36.1417236328125 36.1838760375977 36.2319030761719 35.9773635864258 35.6858367919922 35.5345878601074 34.9727745056152 34.7968101501465 33.9420204162598 33.5268173217773 32.904224395752 33.3820152282715 33.5046272277832 33.496524810791 33.5473785400391 33.3597259521484 32.8323974609375 32.6665458679199 32.5488586425781 32.3324089050293 32.0046997070312 31.8265514373779
36.9315643310547 36.9078979492188 36.6325912475586 35.9503021240234 35.3539352416992 35.0676536560059 35.0188522338867 35.10791015625 34.8597717285156 35.0210494995117 35.9014854431152 36.3088684082031 36.4955520629883 36.7093276977539 36.7996673583984 36.7614440917969 36.6846237182617 36.6674003601074 36.6315765380859 36.6198196411133 36.5202751159668 36.4003524780273 36.291820526123 36.0792083740234 35.9580841064453 35.8943519592285 35.8609161376953 35.9634819030762 35.7315444946289 35.8520851135254 35.8743705749512 35.0527420043945 34.4432601928711 33.9866485595703 33.4849433898926 33.6164817810059 33.5621948242188 33.3843269348145 33.5259017944336 33.4249420166016 32.9233665466309 32.7644195556641 32.6307754516602 32.4433288574219 31.9462356567383 31.7539119720459
36.7628021240234 36.8524131774902 36.6924324035645 35.6984634399414 34.8866958618164 34.862232208252 34.9623947143555 34.8264923095703 34.5701599121094 34.7099151611328 35.8426971435547 36.3202247619629 36.5465698242188 36.7397003173828 36.7520751953125 36.7022590637207 36.6951217651367 36.6176605224609 36.5746841430664 36.5691337585449 36.5788192749023 36.5100021362305 36.3435363769531 36.1342964172363 35.905445098877 35.7405776977539 35.7185974121094 35.6539039611816 35.6464576721191 35.5386962890625 35.7326164245605 35.5899505615234 35.0114364624023 34.3842315673828 33.9378318786621 34.277027130127 34.2122764587402 33.7282371520996 33.5280151367188 33.594612121582 33.4278869628906 33.1694259643555 32.835620880127 32.5844535827637 32.2411422729492 31.8499774932861
36.5476913452148 36.6287803649902 36.7305450439453 36.291202545166 35.2710914611816 34.9240112304688 35.2775421142578 34.7719268798828 34.616081237793 34.7033538818359 35.7946701049805 36.4076232910156 36.6295127868652 36.7261009216309 36.6539840698242 36.5570106506348 36.5562133789062 36.5659027099609 36.5321235656738 36.4228706359863 36.4725532531738 36.5268898010254 36.3791732788086 36.2212104797363 36.0195388793945 35.8529014587402 35.500057220459 35.2882423400879 34.930347442627 35.2800178527832 35.109676361084 35.653392791748 35.6972961425781 35.3427734375 34.8404426574707 34.8712501525879 34.4845733642578 34.125301361084 33.811279296875 34.1877784729004 33.7638168334961 33.4917831420898 33.3129196166992 33.1693992614746 32.8869171142578 32.7332496643066
36.4208641052246 36.3982391357422 36.575138092041 36.591869354248 36.1437835693359 35.9045143127441 35.8397521972656 35.4822616577148 35.2771530151367 35.2907028198242 35.4861679077148 35.8869400024414 36.5484085083008 36.6841850280762 36.561206817627 36.4734191894531 36.4695205688477 36.5040855407715 36.4645309448242 36.3980751037598 36.419620513916 36.5114288330078 36.4604797363281 36.2769355773926 36.1642036437988 35.974681854248 35.6464691162109 35.4079055786133 34.987735748291 35.2176818847656 34.5810203552246 34.9970092773438 35.2287292480469 35.24853515625 35.3687553405762 35.2428741455078 34.9234313964844 34.775520324707 34.3212547302246 33.8187103271484 33.7422142028809 33.7920799255371 33.5315284729004 33.3316841125488 33.3224983215332 33.1730041503906
36.5122718811035 36.5124740600586 36.5522575378418 36.5875015258789 36.4713325500488 35.8645401000977 35.8655853271484 35.9319076538086 35.7147521972656 35.6738433837891 35.9281234741211 36.2815704345703 36.6059951782227 36.6766319274902 36.5768852233887 36.3934097290039 36.4529037475586 36.4323196411133 36.234489440918 36.2150650024414 36.3481903076172 36.4129486083984 36.4635620117188 36.3643760681152 36.242374420166 36.0887336730957 35.8934364318848 35.6153755187988 35.4460334777832 35.2857093811035 34.8602409362793 34.4868774414062 34.6189613342285 34.580135345459 35.0223007202148 34.7221336364746 34.9763412475586 34.7362594604492 34.3756408691406 33.9607810974121 33.726188659668 33.5132064819336 33.0174903869629 32.4335823059082 33.0004768371582 33.1845436096191
36.6237754821777 36.6063194274902 36.5657005310059 36.5542411804199 36.4055061340332 35.6195220947266 35.4043045043945 35.8379135131836 35.7285614013672 35.4131240844727 35.7034606933594 36.3550796508789 36.6183395385742 36.6480026245117 36.5621604919434 36.3775596618652 36.3745498657227 36.1567268371582 35.9052810668945 36.0454177856445 36.3393440246582 36.3364181518555 36.4142074584961 36.4035911560059 36.2374496459961 36.1726951599121 35.9964790344238 35.696044921875 35.6069755554199 35.3798675537109 34.9698219299316 34.2878341674805 33.9880905151367 34.126651763916 34.5776557922363 34.7133255004883 34.3299407958984 33.9826736450195 34.1749038696289 34.103199005127 33.762149810791 33.5320930480957 32.9873542785645 32.1796073913574 32.6185913085938 32.9813003540039
36.6882629394531 36.654369354248 36.5956726074219 36.5654754638672 36.5279693603516 36.1909255981445 35.7344512939453 35.4947242736816 35.5017585754395 35.2914085388184 35.7674980163574 36.3766288757324 36.6058616638184 36.6157379150391 36.5309066772461 36.3499488830566 36.1928215026855 35.9792098999023 35.867431640625 36.1325950622559 36.2572631835938 36.3105430603027 36.2738151550293 36.3704719543457 36.3100204467773 36.2196578979492 36.0562896728516 35.77392578125 35.6526412963867 35.4553756713867 35.0444221496582 34.8300895690918 34.3766975402832 34.1873397827148 34.13037109375 34.2747230529785 34.5241050720215 34.3719177246094 34.0123329162598 33.8091888427734 33.6060066223145 33.4123687744141 33.148265838623 32.8325462341309 32.1995887756348 32.4831390380859
36.7186050415039 36.6696739196777 36.609504699707 36.5988006591797 36.527473449707 36.3188934326172 36.0299682617188 35.4599266052246 35.3540306091309 35.538990020752 35.9966812133789 36.4002990722656 36.553050994873 36.5457534790039 36.4177017211914 36.2550163269043 35.9704818725586 35.877742767334 35.9865074157715 36.0157089233398 36.1582641601562 36.0921936035156 35.9156303405762 36.1615295410156 36.3344345092773 36.2146835327148 36.0071754455566 35.8425254821777 35.7089424133301 35.6019058227539 35.4089851379395 35.1790618896484 34.8708000183105 34.8135223388672 34.4887924194336 34.1511535644531 34.237621307373 34.3079452514648 34.0771789550781 33.9249038696289 33.7834701538086 33.55419921875 32.936149597168 32.556209564209 32.6791915893555 32.6949920654297
36.7297096252441 36.7410202026367 36.6744537353516 36.6395568847656 36.5301284790039 36.4233779907227 36.3097610473633 35.9573936462402 35.5004119873047 35.5954437255859 35.7565116882324 36.0419120788574 36.3223495483398 36.3685722351074 36.3102645874023 36.1740303039551 35.9784774780273 35.8385162353516 35.7304229736328 35.7736663818359 36.0035743713379 36.0003051757812 35.7637748718262 36.1513137817383 36.354434967041 36.245189666748 36.0932426452637 35.9273109436035 35.850170135498 35.7363243103027 35.616081237793 35.3901596069336 35.0706176757812 35.270263671875 35.1378402709961 34.765941619873 34.3097839355469 34.1964111328125 34.3119125366211 34.713996887207 33.9742088317871 33.7110176086426 33.2969169616699 32.6236534118652 32.551830291748 32.4300270080566
