inst/extdata/Tmax/Tmax65.asc
NCOLS 100 
NROWS 79 
XLLCORNER 148.06 
YLLCORNER -21.49 
CELLSIZE 0.01 
NODATA_value -3.4e+38 
[rows 20 to 39 of 79, columns 46 to 91 of 100]
35.9929122924805 34.2257499694824 34.4018325805664 35.8370018005371 35.5374526977539 34.889892578125 34.6535148620605 33.6696357727051 35.3352394104004 37.0232887268066 38.2325553894043 37.7116355895996 37.6798210144043 38.3731727600098 37.9809265136719 37.6845703125 37.9950561523438 38.6271591186523 38.7991943359375 38.7993049621582 38.7373809814453 38.5998268127441 38.9215812683105 39.0106582641602 38.9497489929199 38.8645401000977 38.7441558837891 38.7794799804688 38.7377853393555 38.3660087585449 38.4463043212891 38.7381210327148 38.6174926757812 38.3040885925293 38.3054161071777 38.280200958252 38.1883316040039 38.1813163757324 38.1630401611328 38.1287612915039 38.0512542724609 37.8722610473633 37.2346687316895 37.0973815917969 37.3378601074219 37.3430252075195
36.333984375 34.2121620178223 33.2296752929688 34.670783996582 34.5582962036133 34.1096534729004 34.8302764892578 33.2448272705078 34.2943420410156 36.474796295166 37.9372711181641 36.4298057556152 35.6853713989258 37.751148223877 36.410774230957 36.011604309082 36.993579864502 38.4686698913574 38.4732627868652 38.941478729248 39.060001373291 39.048713684082 38.8097152709961 38.4223937988281 38.4117965698242 38.4961051940918 38.6773567199707 38.641414642334 38.5358505249023 38.441463470459 38.7828178405762 38.8272132873535 38.7543258666992 38.3376388549805 38.4286422729492 38.3853797912598 38.2376670837402 38.2457427978516 38.2465209960938 38.2394142150879 38.1047973632812 37.9821472167969 37.7646255493164 37.5426979064941 37.3881416320801 37.3833351135254
37.0512351989746 36.4893989562988 34.4629402160645 33.9196510314941 33.5192222595215 34.4886512756348 33.9877281188965 34.1976699829102 33.6854972839355 34.4727363586426 36.9103698730469 37.3654594421387 35.6251831054688 36.0788040161133 35.6804656982422 36.331672668457 37.5301246643066 37.9814262390137 36.4568061828613 37.8928031921387 38.8089637756348 38.881175994873 38.188060760498 37.2529830932617 37.9268951416016 37.9156951904297 38.5800933837891 38.7911567687988 38.4434967041016 38.6738967895508 38.8713073730469 38.9110565185547 38.8979034423828 38.8186492919922 38.6920318603516 38.4899101257324 38.278018951416 38.1261215209961 38.2036399841309 38.3124008178711 38.197826385498 38.121883392334 37.8213081359863 37.6842269897461 37.5325393676758 37.6936149597168
36.3036766052246 36.1104049682617 35.3814811706543 34.5833854675293 33.3338928222656 33.9656600952148 34.5076942443848 34.6737251281738 34.4632911682129 34.0822563171387 35.3566398620605 35.3298645019531 36.3619613647461 34.5578193664551 35.414722442627 37.1363220214844 37.1027412414551 37.5265159606934 35.9861640930176 38.3211555480957 39.1988716125488 39.0627708435059 37.9893455505371 36.4671211242676 37.8556747436523 38.055477142334 38.1684379577637 38.6906242370605 38.9093284606934 38.9720153808594 38.9935607910156 39.0120010375977 38.975471496582 38.8679809570312 38.7465133666992 38.5705146789551 38.0857238769531 37.6862907409668 37.8413124084473 38.1558876037598 38.1356086730957 38.1995887756348 37.9082946777344 37.878231048584 37.5925025939941 37.6297798156738
34.270694732666 35.5748138427734 35.9970359802246 35.7117881774902 34.6223373413086 34.0955963134766 34.0950393676758 33.8260040283203 34.5862426757812 34.1233711242676 34.1304206848145 33.7280693054199 35.5459480285645 36.5343742370605 35.5889778137207 36.8061828613281 37.6868553161621 38.3434906005859 37.9886436462402 39.1403961181641 39.1464881896973 38.9684829711914 38.1826934814453 37.2318878173828 38.1211624145508 38.4548454284668 38.1054801940918 38.2095527648926 38.3267517089844 38.8884086608887 38.7058601379395 39.0706787109375 38.9236373901367 38.8773422241211 38.7748947143555 38.3888702392578 38.2834625244141 37.6219711303711 37.2985763549805 37.8360557556152 38.0031929016113 38.1161231994629 37.9204559326172 37.9879188537598 38.0551147460938 37.8893852233887
33.00927734375 33.8703765869141 35.0391311645508 34.9471321105957 34.2226829528809 33.5844993591309 33.2455635070801 32.747688293457 33.7862319946289 34.3259506225586 33.8798408508301 34.0839500427246 35.4364624023438 37.6619682312012 37.0769157409668 37.1737327575684 37.34814453125 38.9150047302246 39.0199546813965 38.9999694824219 38.9925765991211 38.6272125244141 37.2118988037109 37.2712745666504 37.3871955871582 38.1218719482422 37.8073616027832 37.0995788574219 37.8115730285645 39.0003128051758 38.9382934570312 39.0679779052734 39.019157409668 38.9841003417969 38.8261566162109 38.6556549072266 38.6721229553223 37.9841041564941 37.3956298828125 37.7763442993164 37.4279518127441 37.5798721313477 37.2569770812988 38.0007514953613 38.0531044006348 38.0353889465332
32.9124031066895 32.7773170471191 33.4050903320312 33.9656982421875 34.5654220581055 32.6250953674316 32.3880844116211 33.1262969970703 33.5725364685059 34.22509765625 34.2531967163086 34.6163101196289 36.5823097229004 37.6224594116211 38.1843719482422 38.3796539306641 38.5334243774414 39.1034202575684 38.684871673584 38.4886283874512 38.5276947021484 38.0155754089355 38.2246360778809 38.5271148681641 38.5327453613281 37.8461761474609 37.3602409362793 38.390567779541 38.678825378418 38.6254539489746 37.9939231872559 38.7498321533203 38.9281234741211 39.0204086303711 39.0024566650391 38.9020118713379 38.5242881774902 38.1466102600098 38.2363891601562 37.9600715637207 37.8242034912109 37.1951293945312 37.7450866699219 37.9819526672363 37.8865203857422 37.7756309509277
33.0743560791016 32.6283836364746 32.900089263916 33.1191635131836 33.6016654968262 32.1321220397949 31.8807106018066 32.2541732788086 33.4042205810547 34.0669593811035 33.6223831176758 34.1352920532227 34.9296722412109 36.3276176452637 37.9721145629883 37.6010246276855 38.8458366394043 39.1219100952148 38.3171615600586 37.4684410095215 38.2045745849609 38.4248390197754 38.7859077453613 39.0422134399414 39.161506652832 38.6891632080078 38.6806106567383 39.079662322998 39.1464996337891 38.3346214294434 37.8330993652344 38.4500274658203 38.572639465332 39.0392913818359 39.0868644714355 39.0235710144043 38.8481903076172 38.6046905517578 38.1484680175781 37.2646141052246 37.0030937194824 36.8555908203125 36.8970489501953 37.6668891906738 37.7225189208984 38.1761779785156
33.8403472900391 33.464527130127 34.1330986022949 34.0011329650879 33.660327911377 32.4377822875977 33.1294174194336 32.9050102233887 33.1814460754395 33.7087936401367 33.4724426269531 33.7218246459961 33.8455543518066 36.0828628540039 37.5202789306641 36.7084121704102 38.4139518737793 38.7410507202148 38.3830032348633 37.0961494445801 37.4055442810059 38.649112701416 39.0986518859863 39.236141204834 39.2546882629395 39.146858215332 39.1578750610352 39.2808799743652 38.8399772644043 38.025951385498 37.8753089904785 38.6284561157227 39.0999374389648 39.1370735168457 39.1221580505371 39.0970268249512 39.044132232666 38.8872413635254 38.6032562255859 37.3075675964355 36.6435966491699 35.7242469787598 36.8315048217773 36.8195648193359 37.8374404907227 38.2628135681152
35.3676605224609 35.1866302490234 34.6241760253906 34.5760498046875 34.1209487915039 33.7015342712402 33.4435005187988 32.5665893554688 33.1408996582031 32.696704864502 32.272388458252 33.4486808776855 33.753475189209 35.5718727111816 36.7316741943359 35.8675651550293 36.7081680297852 37.6069221496582 38.2409286499023 38.093017578125 37.5790672302246 38.6815986633301 39.2095184326172 38.9790000915527 38.9432830810547 38.5904388427734 39.0536460876465 39.3228874206543 38.2679786682129 37.2932434082031 38.0481414794922 38.6915168762207 39.0843086242676 39.1695518493652 39.1771430969238 39.1199913024902 39.0930480957031 38.9859924316406 38.7709159851074 38.3287963867188 37.564567565918 36.9983787536621 36.5092315673828 36.2916946411133 37.2835388183594 37.8505668640137
34.2997741699219 34.3085174560547 34.3408050537109 34.0310897827148 33.6120452880859 33.8246765136719 33.0372543334961 32.5834846496582 32.1284866333008 32.2112503051758 31.6915531158447 32.5143432617188 32.5120010375977 34.4797706604004 35.5405731201172 34.3727912902832 34.8515434265137 36.6859512329102 38.2092514038086 38.8344497680664 38.2859497070312 38.9729881286621 39.2010765075684 38.7396430969238 38.711296081543 38.8587265014648 39.3763885498047 39.3410758972168 38.713924407959 37.9497451782227 38.3744735717773 38.6822319030762 39.1617584228516 39.1822052001953 39.1221618652344 39.0923881530762 39.0853309631348 38.9953651428223 38.9075698852539 38.6786460876465 38.3999977111816 37.7757606506348 37.3375129699707 37.2888526916504 37.5403747558594 38.016056060791
33.6567802429199 33.8961448669434 33.8020401000977 33.7679672241211 32.9760437011719 33.6976280212402 32.8481597900391 31.7357330322266 31.2017879486084 31.5529556274414 31.2662525177002 31.8792114257812 32.5871543884277 34.2437362670898 34.5216484069824 34.2095985412598 36.4809989929199 37.601001739502 38.4587097167969 39.0004043579102 39.3179550170898 39.3727989196777 39.3006591796875 39.1913909912109 38.9339904785156 39.2717056274414 39.4080848693848 39.2693328857422 38.8309783935547 38.0875473022461 38.1889762878418 38.8456878662109 39.0822105407715 38.5439529418945 38.9607315063477 39.0938415527344 39.0632820129395 39.0153846740723 38.9609642028809 38.8324661254883 38.5014724731445 37.632884979248 38.0155982971191 38.059700012207 37.9519882202148 37.878849029541
33.053295135498 33.3286285400391 33.1928520202637 33.440258026123 33.5242881774902 33.5413627624512 33.2113075256348 32.2186546325684 32.3078651428223 32.4034881591797 31.4989986419678 31.3235263824463 32.1811218261719 34.1828460693359 34.6475296020508 35.1640090942383 35.2456398010254 36.2682723999023 38.4313507080078 39.1016159057617 39.3243789672852 39.260856628418 39.0820808410645 39.0197372436523 39.1904525756836 39.2843818664551 39.2478294372559 38.7926483154297 37.7052726745605 37.9021873474121 38.2775421142578 39.1826820373535 38.8664436340332 38.2087783813477 38.9885368347168 38.9122428894043 38.93798828125 38.9963836669922 38.8819007873535 38.553783416748 37.8847351074219 36.4171714782715 36.1177177429199 37.3241920471191 37.7368583679199 38.0814933776855
33.6638336181641 33.2380256652832 33.0994644165039 33.2541465759277 33.3820343017578 33.3171615600586 32.9131622314453 32.5775756835938 33.1021003723145 32.485408782959 32.3717384338379 32.365795135498 33.0798873901367 34.1012496948242 34.2465858459473 34.9085083007812 36.0830078125 37.4490089416504 38.5224838256836 38.9937744140625 39.3800201416016 39.3442497253418 38.7680625915527 38.4340286254883 38.6910285949707 38.5325469970703 38.646240234375 38.835090637207 38.7049102783203 38.6817283630371 39.0362739562988 39.3357620239258 38.6147270202637 38.5111236572266 39.1637115478516 38.5874404907227 38.7396774291992 38.688362121582 38.769889831543 38.4239807128906 36.7828407287598 35.922248840332 35.2296943664551 37.3030776977539 37.943790435791 37.7466163635254
34.0516471862793 32.9742279052734 32.9365692138672 33.0426330566406 33.1723251342773 33.0619354248047 33.0827140808105 33.5833587646484 33.2658996582031 32.5860252380371 33.6116828918457 34.0267448425293 34.1965141296387 33.6429328918457 33.668384552002 34.6147689819336 36.0349884033203 37.6357688903809 37.7458457946777 38.6795425415039 39.2121925354004 39.2288055419922 38.6763343811035 38.3939552307129 37.4694137573242 38.1289978027344 38.7235298156738 38.8959655761719 39.1628112792969 39.1696929931641 39.3716583251953 39.2964668273926 39.2526893615723 39.2805595397949 39.2243499755859 38.9468269348145 37.8622207641602 38.5499305725098 38.7636260986328 38.7030601501465 38.6545257568359 37.2017288208008 37.0155868530273 38.5146789550781 38.8236503601074 38.7946014404297
34.106689453125 33.2161674499512 32.913387298584 32.852409362793 33.0469703674316 32.8929557800293 33.502628326416 34.9774780273438 34.2013244628906 33.5910682678223 35.352352142334 36.1996536254883 35.7277908325195 33.7817268371582 34.1508979797363 34.2586364746094 36.3502006530762 36.4327087402344 36.278980255127 37.3791732788086 38.7276954650879 38.98876953125 38.6089668273926 38.5973815917969 38.443431854248 38.0566329956055 38.1414909362793 38.3093338012695 39.1033706665039 39.0589179992676 39.1530723571777 38.9257507324219 39.1542854309082 39.3211097717285 38.9857444763184 38.9635162353516 38.1888809204102 38.3323211669922 38.642261505127 38.4522132873535 38.9277954101562 38.9267997741699 38.8113594055176 38.8555221557617 38.9759750366211 38.8341217041016
33.8573913574219 33.2726631164551 33.0874633789062 33.2561187744141 33.2016448974609 33.2996253967285 33.6843414306641 35.8059768676758 36.0435905456543 34.5731239318848 36.8494606018066 38.0073204040527 37.1346206665039 35.6352729797363 35.5470199584961 36.3105239868164 37.1366271972656 37.6946640014648 38.0736694335938 38.4339141845703 38.6916885375977 38.3764152526855 36.7900733947754 37.1267738342285 37.7512474060059 37.3127059936523 37.5641479492188 38.5584831237793 38.9929161071777 39.2242317199707 37.9762992858887 37.9472427368164 38.8950653076172 39.237663269043 38.6804504394531 38.7119560241699 37.7867469787598 38.3853416442871 38.6159248352051 38.4452438354492 38.9772300720215 39.0696411132812 39.0931701660156 39.0851745605469 39.0159759521484 38.6552467346191
33.8839111328125 33.5259895324707 33.4911460876465 33.632396697998 33.8097610473633 33.9463424682617 34.6766052246094 36.6834373474121 36.5415687561035 35.9497871398926 37.6960563659668 39.0350532531738 38.0459175109863 36.6611366271973 35.9973220825195 38.0910758972168 38.5191802978516 38.7642135620117 39.0011024475098 39.0272521972656 38.535285949707 38.218807220459 38.3416213989258 37.6859321594238 38.0777931213379 38.6331977844238 38.8817939758301 38.9689102172852 39.2084503173828 39.1205062866211 37.2264671325684 38.0714683532715 39.0519561767578 38.9582672119141 38.455436706543 38.4058647155762 38.2169609069824 38.8050155639648 38.8339805603027 38.8394165039062 38.8055610656738 38.9891624450684 39.0397529602051 39.0464782714844 38.9559516906738 38.9007949829102
33.8396492004395 33.5784683227539 34.0733261108398 34.7590408325195 34.8638648986816 35.3717422485352 36.7416572570801 37.5025177001953 36.7605590820312 37.2358436584473 38.9709701538086 39.5785446166992 38.9154624938965 37.6806983947754 36.7564239501953 38.0375328063965 38.0330047607422 38.3859901428223 39.2606315612793 39.4940452575684 39.1347541809082 38.7256546020508 39.1218452453613 38.8884086608887 38.7298812866211 39.2837562561035 39.1585578918457 39.056999206543 39.35400390625 39.0821914672852 38.3564453125 38.9057426452637 39.1076698303223 38.7471313476562 37.6467018127441 37.5977172851562 37.9766464233398 38.8189506530762 38.475040435791 38.4455947875977 38.4690284729004 38.8009071350098 38.7736320495605 38.8391990661621 38.6646385192871 38.8178863525391
33.8908348083496 34.0637512207031 35.0919952392578 36.0301666259766 36.9132652282715 38.0993499755859 38.8765602111816 38.0271759033203 35.6639938354492 36.453426361084 38.3222427368164 39.6346855163574 39.1156425476074 38.7073860168457 37.6161766052246 38.8057060241699 38.9824371337891 38.2405891418457 39.1662254333496 39.5725021362305 39.5059204101562 38.9803695678711 39.3732643127441 39.4899864196777 39.3020553588867 39.4051856994629 39.1795501708984 38.276195526123 39.2195587158203 39.3816566467285 39.2810516357422 39.145092010498 38.7679901123047 38.3644104003906 37.3677291870117 37.43212890625 38.3173217773438 38.2364158630371 38.0632476806641 37.83837890625 38.007137298584 38.3575706481934 38.1241874694824 38.5359725952148 37.9919357299805 38.4420700073242
