inst/extdata/Tmax/Tmax95.asc
NCOLS 100 
NROWS 79 
XLLCORNER 148.06 
YLLCORNER -21.49 
CELLSIZE 0.01 
NODATA_value -3.4e+38 
[rows 20 to 39 of 79, columns 0 to 45 of 100]
36.615161895752003 36.6576881408691 36.6623497009277 36.6369743347168 36.6592025756836 36.7705612182617 36.7067947387695 36.6471214294434 36.592903137207 36.51318359375 36.3546829223633 35.9982604980469 35.5950317382812 35.0169334411621 33.8391304016113 33.4616355895996 33.4052276611328 34.2864456176758 35.2264137268066 35.6180458068848 35.6348876953125 35.6536445617676 35.9595336914062 35.984546661377 35.8481597900391 35.5927314758301 35.0553855895996 34.2455863952637 34.719799041748 34.7788467407227 35.3147163391113 35.3320045471191 35.4578895568848 35.4387321472168 35.4154853820801 35.2079277038574 34.8729820251465 34.8886528015137 34.4820327758789 34.72314453125 34.5403327941895 33.9102401733398 34.1282081604004 34.1869468688965 34.3082542419434 34.3483848571777
36.6905555725098 36.7553672790527 36.7712593078613 36.744571685791 36.7552757263184 36.7600746154785 36.646556854248 36.5823135375977 36.5670890808105 36.5142631530762 36.406909942627 36.257640838623 36.0527572631836 35.2048759460449 33.861011505127 33.5779075622559 33.7991905212402 34.5405769348145 34.9961891174316 35.3353576660156 35.4507865905762 35.379524230957 35.8591346740723 35.9846496582031 35.8109664916992 35.8256072998047 35.8003692626953 35.1218070983887 34.9841194152832 35.4474678039551 35.5537338256836 35.4621887207031 35.1690521240234 34.6370658874512 34.6558876037598 34.6481132507324 35.0724411010742 34.4539909362793 34.1113624572754 34.4024658203125 34.0693664550781 34.1589851379395 33.927375793457 33.1311683654785 33.4307479858398 34.0486679077148
36.7584381103516 36.8106384277344 36.8237113952637 36.8164024353027 36.8067817687988 36.7809791564941 36.6299896240234 36.5238456726074 36.4813652038574 36.4586944580078 36.3597869873047 36.3056907653809 36.1525497436523 35.601676940918 34.5972175598145 33.8507232666016 33.2800178527832 33.7304649353027 34.2462921142578 34.9744338989258 35.0778617858887 35.1944160461426 35.777961730957 35.5862007141113 35.215877532959 35.5458908081055 35.6126823425293 35.6881561279297 35.4345474243164 35.4695854187012 35.2328910827637 35.0705451965332 34.5684814453125 34.2770652770996 34.0743560791016 34.2657508850098 34.221305847168 33.7346076965332 33.7206344604492 33.6600914001465 33.3970413208008 32.7423362731934 33.4537811279297 33.2074661254883 32.3442115783691 33.6208992004395
36.7569541931152 36.7940902709961 36.8161544799805 36.8147506713867 36.7843322753906 36.781566619873 36.7235527038574 36.4620018005371 36.3714866638184 36.3958168029785 36.2381629943848 36.0775032043457 36.1757774353027 35.836483001709 35.1262741088867 34.4214286804199 33.684024810791 33.4256210327148 33.9712028503418 34.2557029724121 34.7456474304199 35.6539421081543 35.4305305480957 34.8848571777344 35.0190544128418 35.1515769958496 34.8783264160156 35.7321128845215 35.7541809082031 35.6289100646973 35.4241981506348 34.4596290588379 34.1698760986328 34.3483200073242 34.6443939208984 34.2404823303223 33.4424133300781 32.9693603515625 33.6205902099609 33.1797790527344 32.5487670898438 31.3027114868164 32.0505180358887 33.1153144836426 31.5247344970703 32.7154769897461
36.7192993164062 36.7812347412109 36.8149948120117 36.7914047241211 36.761905670166 36.7688980102539 36.7787399291992 36.6240425109863 36.4694137573242 36.3198432922363 36.2314567565918 36.2051429748535 36.0524978637695 35.7483139038086 35.0634918212891 34.4416313171387 33.7766418457031 33.4517517089844 33.6369400024414 33.6402244567871 34.7223091125488 35.4791984558105 34.4917259216309 34.0122108459473 34.7418365478516 34.7235717773438 34.8908920288086 35.5579071044922 35.776725769043 35.4344482421875 35.384521484375 35.1810646057129 35.1560134887695 35.207145690918 34.9178848266602 34.6471633911133 34.3001937866211 33.3231773376465 33.1334533691406 32.915641784668 31.4033470153809 30.9028434753418 31.3102130889893 32.9537467956543 31.2149829864502 31.5513401031494
36.6898345947266 36.7169189453125 36.732536315918 36.7151679992676 36.7302894592285 36.743034362793 36.7760429382324 36.7409248352051 36.6086883544922 36.3934326171875 36.2232475280762 36.1083602905273 35.9777183532715 35.5696144104004 35.1678009033203 34.6698837280273 34.1211891174316 33.8214950561523 34.2305030822754 34.8634643554688 34.8536682128906 34.7743682861328 34.3417930603027 33.2094841003418 33.6694221496582 34.3617935180664 34.499080657959 35.6040992736816 35.7708892822266 35.4469108581543 34.6680908203125 35.215202331543 35.0963706970215 34.9844398498535 34.7444915771484 34.4645118713379 34.3620872497559 33.0693244934082 31.949577331543 32.3089599609375 31.0493507385254 31.7961196899414 32.1249084472656 32.954963684082 32.0614776611328 31.114574432373
36.6008949279785 36.6342010498047 36.6463165283203 36.6615180969238 36.6627159118652 36.6690292358398 36.7598419189453 36.7671318054199 36.6485290527344 36.2743377685547 36.1830139160156 35.9505577087402 35.9513130187988 35.6146011352539 34.940299987793 33.9829483032227 33.647705078125 33.8280906677246 34.2573852539062 34.1780471801758 34.3510894775391 35.1626358032227 35.0345420837402 33.6831398010254 33.3241386413574 34.1597366333008 34.8774223327637 35.6711082458496 35.7452430725098 35.549243927002 34.803840637207 34.4691619873047 35.1610794067383 34.6867294311523 34.2987251281738 33.571949005127 33.3289070129395 33.4303665161133 32.5023345947266 31.3607597351074 31.0074310302734 31.2936325073242 31.2180500030518 32.1610565185547 31.3332614898682 30.7644557952881
36.4714965820312 36.4991645812988 36.5342330932617 36.5846519470215 36.6106414794922 36.669246673584 36.7633857727051 36.7646484375 36.7040824890137 36.5334281921387 36.3182983398438 36.0862693786621 35.9815826416016 35.805778503418 34.9749717712402 33.9524230957031 33.6660499572754 33.629566192627 33.7502670288086 33.7344398498535 34.7610816955566 35.346019744873 34.8618659973145 34.0929985046387 33.5881958007812 33.8001251220703 33.9116363525391 35.3215560913086 35.6387214660645 35.5324974060059 34.8202362060547 34.7492904663086 35.0105972290039 34.3536567687988 33.7425231933594 33.2418212890625 32.4441528320312 33.0786285400391 32.9367866516113 31.3299083709717 30.9418392181396 31.1164741516113 31.0470237731934 31.5895900726318 31.0698375701904 30.8099002838135
36.0176277160645 35.9861106872559 36.2365493774414 36.5241737365723 36.6498641967773 36.7293281555176 36.7705001831055 36.7634735107422 36.6502647399902 36.555046081543 36.4085235595703 35.9298439025879 36.0197410583496 35.8860664367676 35.4212188720703 34.3306312561035 33.6839981079102 33.2334327697754 33.5202255249023 34.3196449279785 34.7812423706055 35.1145133972168 34.3359069824219 33.6889533996582 33.5275955200195 33.6629753112793 34.0541229248047 34.868408203125 35.5520820617676 35.608570098877 35.1459884643555 34.9156150817871 34.5323524475098 33.6224479675293 32.5926856994629 32.2229881286621 31.9442977905273 32.1301498413086 32.2715644836426 31.9201488494873 31.4553527832031 31.5747928619385 31.3380317687988 31.1495132446289 31.1700820922852 31.1206665039062
35.2275924682617 36.0150527954102 36.3216171264648 36.0867042541504 36.5999183654785 36.7416152954102 36.7739219665527 36.7659034729004 36.5820693969727 36.450122833252 36.4460144042969 36.2115859985352 35.9968338012695 35.8788528442383 35.651195526123 35.1874198913574 34.6896858215332 33.4620704650879 33.7551345825195 33.8306045532227 33.9724655151367 34.8317489624023 34.4503288269043 33.7251396179199 33.5435752868652 33.358757019043 33.3359527587891 34.8283538818359 35.5870780944824 35.6571502685547 34.9242935180664 34.0616493225098 33.7870903015137 33.4758758544922 33.2409820556641 32.3452606201172 32.2948608398438 31.9314804077148 31.5639038085938 31.7956161499023 33.4029541015625 33.4894981384277 32.4890213012695 31.2075996398926 32.1617774963379 32.270263671875
35.4990501403809 36.3027381896973 36.3334808349609 35.8514366149902 36.563362121582 36.7356414794922 36.7906875610352 36.7780075073242 36.7279777526855 36.5222854614258 36.4276390075684 36.3741340637207 36.2142944335938 36.027416229248 35.7628402709961 35.2368850708008 34.4949378967285 34.0974235534668 33.6880683898926 33.9216766357422 33.9944877624512 34.400749206543 33.8537788391113 33.702205657959 33.4317741394043 32.8672218322754 33.1256942749023 34.7303047180176 35.4897308349609 35.5317459106445 35.5184211730957 35.3706130981445 34.3721466064453 33.5270309448242 33.4685859680176 33.0396270751953 33.1693954467773 33.000919342041 32.6269187927246 33.0639801025391 34.3976058959961 34.4644012451172 34.0937881469727 33.5905723571777 33.4942779541016 32.9719161987305
36.1906433105469 36.4431648254395 36.5071449279785 36.5092010498047 36.5906448364258 36.7295303344727 36.7671585083008 36.766227722168 36.7271156311035 36.6638641357422 36.4992179870605 36.4519119262695 36.3648376464844 36.1797943115234 35.9383735656738 35.499439239502 34.7370376586914 34.3606109619141 33.7322998046875 33.6357917785645 33.7011795043945 34.1060218811035 33.7713356018066 33.5415115356445 33.4872665405273 33.5155143737793 34.2394218444824 35.2043380737305 35.5446472167969 35.0878486633301 35.0126647949219 35.0275459289551 35.2164421081543 34.7686882019043 34.5253753662109 33.8451194763184 34.7716979980469 34.6384582519531 34.6131134033203 34.630687713623 34.4339866638184 33.6343955993652 32.7937812805176 32.5105361938477 32.3986663818359 31.7417697906494
35.938850402832 36.6010971069336 36.6605567932129 36.6768493652344 36.6755485534668 36.6859512329102 36.6710395812988 36.7160911560059 36.7122383117676 36.698371887207 36.6568260192871 36.548656463623 36.3837814331055 36.2393379211426 36.0666084289551 35.8422775268555 35.4136390686035 34.8121948242188 34.1406669616699 33.5090827941895 33.5360069274902 33.9484405517578 33.8396224975586 33.5900077819824 33.4640464782715 33.6074295043945 34.8887176513672 35.5311279296875 35.5942344665527 35.4362640380859 34.9931144714355 34.4588623046875 35.0839385986328 35.1822128295898 35.2177581787109 34.748706817627 35.1194763183594 34.8566513061523 34.7391128540039 34.5925750732422 33.5345916748047 32.284481048584 31.1557903289795 31.4660091400146 31.3922100067139 30.5125675201416
35.8107452392578 36.3904342651367 36.2290344238281 36.1214370727539 36.2477340698242 36.599365234375 36.6106910705566 36.6342964172363 36.6500816345215 36.6401596069336 36.611988067627 36.5961761474609 36.4952011108398 36.3565864562988 36.2172317504883 36.0138626098633 35.6239891052246 35.2473411560059 35.0028648376465 34.4367027282715 33.5915451049805 33.8085784912109 33.6099166870117 33.6761093139648 33.5687789916992 33.5459518432617 34.4915885925293 35.4897804260254 35.563835144043 35.277172088623 35.1554069519043 34.2106056213379 34.4714698791504 34.6975326538086 34.9647483825684 35.0752296447754 34.9531097412109 34.8018035888672 34.4583740234375 34.5072784423828 34.221061706543 33.1238174438477 32.4111824035645 32.9009819030762 32.5150108337402 31.4978199005127
36.1202621459961 36.379940032959 36.0135955810547 35.4123001098633 35.5124969482422 36.3791007995605 36.5820236206055 36.5530700683594 36.5706253051758 36.5876731872559 36.5170936584473 36.5672378540039 36.5244598388672 36.4254112243652 36.2905349731445 36.1189308166504 35.8408241271973 35.236946105957 34.870491027832 34.4568634033203 33.8507843017578 33.7794532775879 33.6165199279785 33.4277076721191 33.399471282959 33.7417144775391 34.7572555541992 35.4616088867188 35.0106811523438 34.8134536743164 34.9112701416016 34.5982437133789 34.31298828125 34.0185546875 33.7802963256836 34.2187957763672 34.054443359375 34.3478012084961 34.2765350341797 34.0976486206055 33.8645095825195 34.1518783569336 33.937328338623 33.660099029541 33.129337310791 32.7080535888672
36.2443428039551 36.3381881713867 36.1655311584473 35.88427734375 35.611515045166 36.1193008422852 36.4083023071289 36.4330139160156 36.4795570373535 36.5379295349121 36.5304870605469 36.5791702270508 36.5254402160645 36.4736137390137 36.3345527648926 36.1373710632324 35.923900604248 35.7293128967285 35.3675651550293 34.7783279418945 34.4331016540527 34.2060394287109 33.748592376709 33.172737121582 33.31787109375 33.5421028137207 34.8375511169434 35.3154449462891 33.6263885498047 33.2637252807617 33.8399085998535 34.0428657531738 34.0036582946777 33.8106231689453 33.3768043518066 33.148624420166 33.6291809082031 33.4859390258789 33.4577713012695 33.4140090942383 33.178653717041 32.9121742248535 33.1377334594727 33.561149597168 33.00341796875 32.0001602172852
36.1214599609375 36.1544990539551 36.1825942993164 35.9338264465332 35.6815567016602 35.8568344116211 36.0658187866211 36.2508392333984 36.3567962646484 36.474552154541 36.4601631164551 36.4647674560547 36.5484199523926 36.4873237609863 36.3787078857422 36.1296463012695 36.1149940490723 35.9775505065918 35.7505493164062 35.4008293151855 35.2685279846191 34.552360534668 34.0131759643555 33.5894393920898 33.5874366760254 33.9350090026855 34.8688774108887 34.7802810668945 34.5142097473145 34.4197578430176 33.7262306213379 33.6732788085938 33.5029563903809 33.3743934631348 32.7255668640137 32.3605079650879 32.5574340820312 32.5089797973633 32.7207946777344 32.5406799316406 32.5301971435547 31.7081661224365 32.3470268249512 33.1132469177246 32.9009475708008 31.5938091278076
35.6169166564941 35.9232368469238 36.1201591491699 36.0267219543457 35.8461494445801 35.7300033569336 35.7248916625977 36.0720024108887 36.1802368164062 36.3464393615723 36.4271659851074 36.4332008361816 36.492546081543 36.5109558105469 36.3466758728027 36.2527885437012 36.1884994506836 36.0849342346191 35.938793182373 35.7536010742188 35.5655708312988 34.915153503418 33.8760299682617 33.957462310791 33.3330879211426 33.859619140625 34.7342758178711 34.2266693115234 34.3993606567383 34.8250465393066 34.7186088562012 34.5782814025879 33.9698066711426 33.5829887390137 32.1669235229492 31.024242401123 31.0693225860596 30.9701232910156 30.9360618591309 31.3591384887695 31.5075912475586 31.6874103546143 31.8605613708496 32.6474647521973 32.5188941955566 32.1653518676758
35.7305526733398 35.821159362793 35.9494361877441 35.9306373596191 35.9009742736816 35.6188125610352 35.4252738952637 35.187744140625 35.8001136779785 36.2701950073242 36.3996734619141 36.447639465332 36.5249290466309 36.5247497558594 36.2408676147461 35.8653106689453 35.8917465209961 35.9473991394043 35.9924621582031 35.880298614502 35.7480392456055 35.3728141784668 34.352653503418 34.6331596374512 33.7571983337402 33.7528343200684 33.8922653198242 34.1826515197754 33.2345504760742 33.8383522033691 33.5024185180664 33.6099052429199 34.7455101013184 34.3535995483398 33.4801635742188 31.465087890625 30.6460342407227 30.6509838104248 30.0468902587891 30.4400978088379 31.0155944824219 31.0113697052002 31.0885219573975 32.3210754394531 31.9234237670898 31.4449577331543
35.8036003112793 35.7357597351074 35.7906837463379 35.6122703552246 35.8016929626465 35.7244453430176 35.5206832885742 35.2811584472656 35.4643173217773 36.0372428894043 36.2741622924805 36.4619827270508 36.5060577392578 36.476749420166 36.4233436584473 36.0444183349609 35.6918678283691 35.509147644043 35.7634239196777 35.8818473815918 35.7519149780273 35.6213493347168 35.3207206726074 34.7869911193848 33.8069114685059 33.6128005981445 33.5750465393066 33.6601219177246 33.7076530456543 33.2258377075195 32.7081985473633 33.4166450500488 34.5102272033691 33.8341598510742 34.0336875915527 33.5418319702148 33.1537055969238 33.0336380004883 32.143669128418 31.1401309967041 31.790018081665 31.5076713562012 31.8611259460449 32.029613494873 31.7577438354492 31.3336887359619
