inst/extdata/Tmax/Tmax93.asc
NCOLS 100 
NROWS 79 
XLLCORNER 148.06 
YLLCORNER -21.49 
CELLSIZE 0.01 
NODATA_value -3.4e+38 
[rows 20 to 39 of 79, columns 46 to 91 of 100]
32.1742248535156 30.4968719482422 30.6953945159912 32.0245933532715 31.7706050872803 31.2424907684326 30.9637432098389 29.8362598419189 31.5779781341553 33.0528335571289 34.1284942626953 33.6473045349121 33.6069030761719 34.2172889709473 33.8516120910645 33.563777923584 33.8266525268555 34.3726539611816 34.5064735412598 34.4873161315918 34.4129943847656 34.2641983032227 34.5254020690918 34.5818367004395 34.50390625 34.394416809082 34.2612266540527 34.2627906799316 34.197452545166 33.8466110229492 33.889835357666 34.1128807067871 33.9886054992676 33.7018623352051 33.6664276123047 33.5921401977539 33.4693946838379 33.426197052002 33.3806419372559 33.3322334289551 33.2302513122559 32.9824600219727 32.3267555236816 32.1094970703125 32.2583541870117 32.2335739135742
32.4859466552734 30.481782913208 29.3530673980713 31.0006313323975 30.8694152832031 30.3536510467529 31.1654262542725 29.3482780456543 30.5452823638916 32.5599708557129 33.8631134033203 32.4938659667969 31.8202362060547 33.6618003845215 32.4449920654297 32.0680503845215 32.9354057312012 34.238712310791 34.2262649536133 34.6222534179688 34.7080841064453 34.6717643737793 34.4432067871094 34.0811309814453 34.0484008789062 34.0905647277832 34.2241859436035 34.1678428649902 34.0517311096191 33.9458961486816 34.2210502624512 34.2331314086914 34.1540718078613 33.7710380554199 33.8130264282227 33.7328338623047 33.5713691711426 33.550537109375 33.5302619934082 33.5098075866699 33.3276443481445 33.152229309082 32.8978271484375 32.6519927978516 32.4877319335938 32.4676475524902
33.1379432678223 32.6284675598145 30.7644844055176 30.139965057373 29.6774425506592 30.7840366363525 30.2004489898682 30.4365978240967 29.8461723327637 30.7416954040527 32.9395294189453 33.3401718139648 31.7764225006104 32.1643600463867 31.8011093139648 32.361946105957 33.4231872558594 33.8127250671387 32.4380493164062 33.7048377990723 34.4995613098145 34.5384788513184 33.9085998535156 33.0620460510254 33.6374969482422 33.5991287231445 34.1606178283691 34.3232498168945 33.9990463256836 34.1800498962402 34.333625793457 34.3441352844238 34.319580078125 34.2207870483398 34.08056640625 33.8684272766113 33.6591911315918 33.505485534668 33.5562782287598 33.6190719604492 33.4606857299805 33.3463020324707 33.0411186218262 32.8891639709473 32.7370071411133 32.8646430969238
32.4682884216309 32.2927474975586 31.6671199798584 30.8989677429199 29.4629745483398 30.1848583221436 30.7944526672363 30.9798316955566 30.7353191375732 30.2954559326172 31.5805358886719 31.5505752563477 32.4332237243652 30.8111228942871 31.5920677185059 33.0896186828613 33.048210144043 33.4149551391602 32.0293998718262 34.0951309204102 34.8534469604492 34.7081146240234 33.7449035644531 32.3799781799316 33.5902481079102 33.7401313781738 33.8206596374512 34.2589225769043 34.4310722351074 34.468620300293 34.4715728759766 34.46630859375 34.4149284362793 34.2951240539551 34.1639938354492 33.9798355102539 33.5382385253906 33.1749458312988 33.2922058105469 33.5238609313965 33.4593467712402 33.4765930175781 33.1934967041016 33.1436614990234 32.8821487426758 32.9050140380859
30.5493583679199 31.8296089172363 32.1899909973145 31.9309539794922 30.9392910003662 30.3328323364258 30.3217334747314 30.0095558166504 30.8754634857178 30.3420925140381 30.338888168335 29.8738193511963 31.721471786499 32.5844879150391 31.7389678955078 32.8012428283691 33.5777359008789 34.1506576538086 33.8229751586914 34.8274078369141 34.8162956237793 34.6356239318848 33.9271850585938 33.070987701416 33.8397216796875 34.1082496643066 33.7851791381836 33.8603668212891 33.947322845459 34.4227981567383 34.2502517700195 34.547290802002 34.3960037231445 34.3330993652344 34.222053527832 33.859489440918 33.7503471374512 33.1627426147461 32.855339050293 33.2877044677734 33.3927764892578 33.4614944458008 33.2684516906738 33.3088340759277 33.3545989990234 33.2040786743164
29.0962448120117 30.0856800079346 31.394250869751 31.3131847381592 30.481029510498 29.7448844909668 29.3447399139404 28.7676677703857 29.9591655731201 30.5734710693359 30.0516777038574 30.2810916900635 31.6382446289062 33.5996475219727 33.0672950744629 33.1371269226074 33.2830543518066 34.6643142700195 34.7439994812012 34.7117080688477 34.6902198791504 34.3458480834961 33.0811882019043 33.1197280883789 33.2081871032715 33.8332443237305 33.5425109863281 32.9071311950684 33.5192260742188 34.5450592041016 34.4792671203613 34.5669746398926 34.5041465759277 34.4535903930664 34.2976570129395 34.1252288818359 34.1247482299805 33.5098609924316 32.9722023010254 33.2743988037109 32.9398460388184 33.0488471984863 32.7522125244141 33.378547668457 33.4140281677246 33.338451385498
28.981876373291 28.8233222961426 29.5455760955811 30.1880664825439 30.8728199005127 28.6368160247803 28.3531799316406 29.2023830413818 29.7126903533936 30.4577178955078 30.4788951873779 30.8894138336182 32.6475830078125 33.5696105957031 34.0622940063477 34.2189025878906 34.3452529907227 34.8375473022461 34.4553298950195 34.2687492370605 34.289852142334 33.8168182373047 33.9877548217773 34.240306854248 34.2313652038574 33.6073188781738 33.1677169799805 34.0592422485352 34.2991485595703 34.2411880493164 33.678165435791 34.3114700317383 34.4485740661621 34.5113372802734 34.479621887207 34.3702354431152 34.0295333862305 33.6778373718262 33.7313194274902 33.4687156677246 33.3226585388184 32.7620735168457 33.2207221984863 33.4084892272949 33.2734642028809 33.1185874938965
29.176929473877 28.6586265563965 28.9706153869629 29.2212219238281 29.7750148773193 28.0740299224854 27.7732238769531 28.2030773162842 29.5279808044434 30.2861843109131 29.7649936676025 30.3496685028076 31.2503395080566 32.4296722412109 33.8887481689453 33.5420608520508 34.6376037597656 34.8695411682129 34.1468811035156 33.3834037780762 34.0236015319824 34.1978988647461 34.5028419494629 34.7147064208984 34.8060264587402 34.372444152832 34.352596282959 34.6896820068359 34.7367668151855 34.0181427001953 33.5657730102539 34.0802764892578 34.1709022521973 34.5620002746582 34.5892333984375 34.5136451721191 34.3439445495605 34.1108932495117 33.6941566467285 32.9110412597656 32.6610946655273 32.5194396972656 32.5354194641113 33.1519737243652 33.1497955322266 33.4834938049316
30.0591049194336 29.6230411529541 30.3910083770752 30.2363471984863 29.8409309387207 28.4252071380615 29.2156505584717 28.9534301757812 29.2696189880371 29.8739032745361 29.5914554595947 29.8747005462646 30.0129852294922 32.2190132141113 33.4922561645508 32.7538414001465 34.2609176635742 34.5397796630859 34.2123870849609 33.0623779296875 33.3264350891113 34.4057655334473 34.788703918457 34.8970489501953 34.9014167785645 34.7877960205078 34.786247253418 34.8829574584961 34.4883003234863 33.7663917541504 33.6206207275391 34.2550392150879 34.6510887145996 34.6701164245605 34.6444664001465 34.602668762207 34.5370178222656 34.3813247680664 34.1161880493164 32.9792518615723 32.3857231140137 31.5753593444824 32.4875602722168 32.4359359741211 33.2615356445312 33.5754661560059
31.6868686676025 31.5372886657715 30.9539566040039 30.8958225250244 30.369909286499 29.8838729858398 29.5763759613037 28.5595016479492 29.2209606170654 28.7044372558594 28.2034587860107 29.5594177246094 29.9065628051758 31.7740039825439 32.7961044311523 32.0143203735352 32.7525253295898 33.5418243408203 34.0941696166992 33.9537048339844 33.4898109436035 34.4445304870605 34.8969306945801 34.6842613220215 34.6423683166504 34.3155212402344 34.7107887268066 34.9364013671875 34.0062561035156 33.1420745849609 33.7884941101074 34.3284339904785 34.6577568054199 34.7199401855469 34.7153968811035 34.6423683166504 34.6012268066406 34.4908447265625 34.2877883911133 33.889892578125 33.1984825134277 32.678638458252 32.2242164611816 31.9998931884766 32.8050117492676 33.2434730529785
30.5850868225098 30.5926303863525 30.6271419525146 30.2677745819092 29.7816028594971 30.0242176055908 29.1047191619873 28.5763988494873 28.046049118042 28.1394958496094 27.5268383026123 28.4783000946045 28.472599029541 30.7349395751953 31.7470989227295 30.5965194702148 31.1377258300781 32.7328147888184 34.0737762451172 34.6158981323242 34.1232566833496 34.7105102539062 34.9005737304688 34.4862365722656 34.4520683288574 34.5642127990723 35.0074996948242 34.9679985046387 34.4102249145508 33.7307662963867 34.0894508361816 34.3382568359375 34.7442398071289 34.7512092590332 34.6871910095215 34.6372985839844 34.6152038574219 34.5217514038086 34.4310073852539 34.2082710266113 33.9293556213379 33.358829498291 32.9483337402344 32.8707733154297 33.0478134155273 33.4147262573242
29.8409557342529 30.1153736114502 30.0042400360107 29.962345123291 29.04319190979 29.8757953643799 28.8831119537354 27.5886173248291 26.9650497436523 27.3714828491211 27.0288105010986 27.7388896942139 28.5570831298828 30.4639186859131 30.7779064178467 30.4092998504639 32.5659332275391 33.5511360168457 34.3015213012695 34.7701034545898 35.039722442627 35.0707817077637 34.998218536377 34.8934669494629 34.6594505310059 34.938606262207 35.049430847168 34.9202003479004 34.525821685791 33.8658905029297 33.943603515625 34.497386932373 34.6930618286133 34.2152938842773 34.5636978149414 34.6569747924805 34.6158294677734 34.5605430603027 34.4896087646484 34.3509292602539 34.0284004211426 33.2498016357422 33.5480728149414 33.5532264709473 33.4258041381836 33.3267517089844
29.1490745544434 29.4665298461914 29.3068542480469 29.5913887023926 29.6862487792969 29.7034683227539 29.3117713928223 28.1569786071777 28.258337020874 28.3669395446777 27.30588722229 27.0992412567139 28.0936012268066 30.4033164978027 30.9316158294678 31.4511241912842 31.5108432769775 32.3895416259766 34.2945861816406 34.8767471313477 35.0637664794922 34.991828918457 34.826831817627 34.764030456543 34.9053001403809 34.9718742370605 34.9325523376465 34.5257225036621 33.5656585693359 33.7279930114746 34.0456504821777 34.8163986206055 34.5319023132324 33.9494514465332 34.6136360168457 34.5260734558105 34.5353469848633 34.5628814697266 34.4394836425781 34.1300392150879 33.5188102722168 32.2333030700684 31.9507713317871 32.9537010192871 33.2767715454102 33.5415458679199
29.8546752929688 29.3585739135742 29.1955547332764 29.3729782104492 29.5190181732178 29.4413871765137 28.9632434844971 28.5709743499756 29.1774749755859 28.4589424133301 28.3172740936279 28.3076839447021 29.1330013275146 30.3084163665771 30.4715595245361 31.2178421020508 32.2394256591797 33.4411201477051 34.3823890686035 34.7897834777832 35.1211242675781 35.0740547180176 34.5614776611328 34.2613983154297 34.4798316955566 34.326774597168 34.4192543029785 34.5743408203125 34.4510498046875 34.4213447570801 34.7211608886719 34.965274810791 34.329174041748 34.2269477844238 34.7815322875977 34.2597923278809 34.3709182739258 34.304759979248 34.3529205322266 34.0304107666016 32.5874290466309 31.8272647857666 31.2117023468018 32.9591102600098 33.4809951782227 33.2862205505371
30.3014698028564 29.0488033294678 29.0030097961426 29.1243114471436 29.2728786468506 29.1423492431641 29.1572341918945 29.7354049682617 29.3647804260254 28.5725765228271 29.752405166626 30.2284145355225 30.4204025268555 29.7787094116211 29.8046283721924 30.8817901611328 32.2049598693848 33.6134376525879 33.7048988342285 34.5214309692383 34.9822387695312 34.9819793701172 34.4908561706543 34.236873626709 33.4206237792969 33.9854354858398 34.497371673584 34.6389656066895 34.8625679016113 34.8597602844238 35.0272064208984 34.9456405639648 34.8973007202148 34.9097557067871 34.8470420837402 34.5790710449219 33.6204261779785 34.1950302124023 34.3590698242188 34.2849731445312 34.2125701904297 32.9409370422363 32.759651184082 34.0221138000488 34.2657775878906 34.2177200317383
30.3629302978516 29.3270397186279 28.9726219177246 28.8996181488037 29.124044418335 28.9426765441895 29.6419200897217 31.340991973877 30.4447822570801 29.7361812591553 31.6519737243652 32.3850936889648 31.964771270752 29.9371109008789 30.3591976165771 30.4724044799805 32.4907264709473 32.5593795776367 32.4198417663574 33.3843650817871 34.5652236938477 34.7804069519043 34.4412231445312 34.4253044128418 34.2850456237793 33.9327239990234 33.9992332458496 34.1379547119141 34.8226013183594 34.7758712768555 34.850227355957 34.6365356445312 34.8244400024414 34.955623626709 34.646858215332 34.6017189025879 33.912670135498 34.018009185791 34.2663307189941 34.0821266174316 34.4648170471191 34.4428939819336 34.3221549987793 34.3395805358887 34.4232711791992 34.2800102233887
30.0713596343994 29.3895359039307 29.1719150543213 29.3662948608398 29.3007946014404 29.4126033782959 29.8499870300293 32.0626220703125 32.2697830200195 30.868200302124 32.9687614440918 33.9908676147461 33.2139282226562 31.8864269256592 31.805549621582 32.4669380187988 33.1917953491211 33.6797409057617 34.0089721679688 34.3207168579102 34.5418357849121 34.2518730163574 32.8548393249512 33.1464309692383 33.689582824707 33.2917366027832 33.505199432373 34.366325378418 34.7378082275391 34.9320983886719 33.8390960693359 33.7976570129395 34.6079788208008 34.8899803161621 34.3897018432617 34.392650604248 33.5758361816406 34.0752410888672 34.2562866210938 34.0904273986816 34.5235748291016 34.5847930908203 34.5862197875977 34.5607643127441 34.4822540283203 34.1530303955078
30.1097621917725 29.6915874481201 29.6490440368652 29.8112487792969 30.0150737762451 30.1710433959961 31.0054702758789 32.8528709411621 32.7246055603027 32.1990623474121 33.7329330444336 34.9140663146973 34.0351867675781 32.8073120117188 32.2188720703125 34.0545692443848 34.4275321960449 34.638370513916 34.8414459228516 34.8591766357422 34.4222030639648 34.1318397521973 34.2349967956543 33.656177520752 33.9943161010742 34.4652900695801 34.6754684448242 34.7445449829102 34.9464836120605 34.8630867004395 33.2087326049805 33.922908782959 34.7602958679199 34.6639862060547 34.2128372192383 34.1464462280273 33.9672737121582 34.4591789245605 34.4674301147461 34.454948425293 34.4006805419922 34.5422668457031 34.569278717041 34.5581130981445 34.4633407592773 34.4001808166504
30.0554046630859 29.7494716644287 30.3228302001953 31.1141586303711 31.232250213623 31.7243061065674 32.9107055664062 33.5822792053223 32.9227256774902 33.3405838012695 34.8652000427246 35.3970832824707 34.8080024719238 33.7134971618652 32.8945236206055 34.0132598876953 34.0052909851074 34.3120536804199 35.0759887695312 35.2755661010742 34.9557762145996 34.5847434997559 34.9270858764648 34.7183837890625 34.5731430053711 35.0425605773926 34.9265594482422 34.8315658569336 35.0841255187988 34.8411903381348 34.1974182128906 34.6540031433105 34.8156890869141 34.4886169433594 33.5220603942871 33.4581756591797 33.7709121704102 34.4832534790039 34.1707000732422 34.1299057006836 34.1267242431641 34.3975105285645 34.3583374023438 34.3998146057129 34.2348442077637 34.3534393310547
30.1119251251221 30.3110599517822 31.4987087249756 32.2991561889648 33.0780487060547 34.1272621154785 34.8059234619141 34.0505676269531 31.95969581604 32.6535987854004 34.2952613830566 35.4500579833984 34.9887428283691 34.6248893737793 33.6588134765625 34.6958389282227 34.8470687866211 34.1905632019043 34.9997329711914 35.3513145446777 35.2883377075195 34.8158798217773 35.1554260253906 35.2519798278809 35.0813865661621 35.1573715209961 34.9543228149414 34.161003112793 34.9773597717285 35.107307434082 35.0074615478516 34.8685913085938 34.5280418395996 34.1651573181152 33.2906494140625 33.325798034668 34.0762825012207 33.9926376342773 33.8296852111816 33.6227378845215 33.7460746765137 34.0331687927246 33.8192520141602 34.1592712402344 33.6807060241699 34.0539855957031
