inst/extdata/Tmax/Tmax80.asc
NCOLS 100 
NROWS 79 
XLLCORNER 148.06 
YLLCORNER -21.49 
CELLSIZE 0.01 
NODATA_value -3.4e+38 
[rows 20 to 39 of 79, columns 46 to 91 of 100]
29.32346534729 27.7511520385742 27.9352836608887 29.1868133544922 28.9493770599365 28.4437599182129 28.1776256561279 27.109546661377 28.7557945251465 30.0564098358154 30.9785232543945 30.5633697509766 30.5262432098389 31.0482730865479 30.7319755554199 30.4824638366699 30.7065467834473 31.1975402832031 31.335807800293 31.3247337341309 31.2597236633301 31.1236476898193 31.385290145874 31.4468078613281 31.3789329528809 31.2830543518066 31.1620979309082 31.1725845336914 31.11741065979 30.7816200256348 30.8309745788574 31.0561485290527 30.9376010894775 30.6568965911865 30.6325588226318 30.5755977630615 30.4679050445557 30.4356174468994 30.3972969055176 30.3506374359131 30.2568073272705 30.0477676391602 29.4358615875244 29.2577934265137 29.428596496582 29.4097709655762
29.5856666564941 27.7341175079346 26.6726551055908 28.2170372009277 28.0897445678711 27.5999164581299 28.3652973175049 26.6505661010742 27.7724838256836 29.625150680542 30.7431049346924 29.5627670288086 28.974142074585 30.5628299713135 29.5110702514648 29.1823425292969 29.9292316436768 31.0493392944336 31.0404891967773 31.4332656860352 31.5230617523193 31.4959125518799 31.2799777984619 30.9341259002686 30.9097919464111 30.9604167938232 31.0982246398926 31.0503177642822 30.9432621002197 30.8455924987793 31.119161605835 31.1358261108398 31.0599327087402 30.6886138916016 30.7403411865234 30.6730575561523 30.5228576660156 30.5081157684326 30.4905166625977 30.4694175720215 30.3110523223877 30.1623725891113 29.9332504272461 29.7059288024902 29.5481967926025 29.5270118713379
30.1426734924316 29.703971862793 27.9975051879883 27.4073104858398 26.9707908630371 28.006519317627 27.4554290771484 27.674259185791 27.1158332824707 27.9557247161865 29.9469947814941 30.2883853912354 28.930980682373 29.2694778442383 28.949405670166 29.4338684082031 30.3459129333496 30.678165435791 29.4891052246094 30.579460144043 31.3005046844482 31.3457679748535 30.7469997406006 30.0125541687012 30.5074348449707 30.4720916748047 31.0120887756348 31.1760959625244 30.864803314209 31.0455646514893 31.1982421875 31.2121849060059 31.1883602142334 31.0996150970459 30.9701461791992 30.7710571289062 30.5706157684326 30.4226264953613 30.4726390838623 30.541259765625 30.4033737182617 30.3052921295166 30.0163173675537 29.8729991912842 29.723482131958 29.8466701507568
29.5638809204102 29.4108467102051 28.8459892272949 28.1180267333984 26.7695541381836 27.4407920837402 28.0119934082031 28.1837997436523 27.9500331878662 27.5325870513916 28.7454643249512 28.7142677307129 29.4981994628906 28.0074367523193 28.7453670501709 30.0538711547852 30.0149154663086 30.3272647857666 29.1284027099609 30.9055976867676 31.6208000183105 31.487943649292 30.5958385467529 29.4128875732422 30.4561023712158 30.5829334259033 30.6536521911621 31.0853691101074 31.256591796875 31.2958278656006 31.3005790710449 31.2979011535645 31.2510204315186 31.1402759552002 31.0176906585693 30.8438091278076 30.4144058227539 30.0594291687012 30.1745471954346 30.4119968414307 30.3605327606201 30.3870258331299 30.114143371582 30.067512512207 29.8080177307129 29.8261241912842
27.7962951660156 28.998176574707 29.314582824707 29.0889930725098 28.150089263916 27.5775260925293 27.5652561187744 27.2694187164307 28.0792770385742 27.5742969512939 27.569372177124 27.1294136047363 28.8693714141846 29.6182689666748 28.8803195953369 29.7982959747314 30.4620513916016 30.9500827789307 30.665864944458 31.5684852600098 31.5633430480957 31.3955860137939 30.74294090271 30.0017967224121 30.6608657836914 30.9044723510742 30.6072731018066 30.6701698303223 30.7576122283936 31.2218608856201 31.0550594329834 31.3457565307617 31.2035388946533 31.1465148925781 31.0419864654541 30.692512512207 30.5870628356934 30.0211486816406 29.7497844696045 30.146203994751 30.2569484710693 30.3291759490967 30.1422786712646 30.1815586090088 30.2235870361328 30.070442199707
26.4428024291992 27.3579902648926 28.5808067321777 28.5016899108887 27.7174606323242 27.0266151428223 26.6518974304199 26.1122703552246 27.2172317504883 27.7893161773682 27.2980651855469 27.5095500946045 28.785945892334 30.482120513916 30.0225028991699 30.079517364502 30.2011566162109 31.3803005218506 31.4616565704346 31.4357109069824 31.4199542999268 31.0958786010742 30.0057430267334 30.03493309021 30.1070518493652 30.6418304443359 30.3874168395996 29.8350658416748 30.3585414886475 31.3123970031738 31.2486915588379 31.3379325866699 31.2803592681885 31.2342662811279 31.0847282409668 30.9196434020996 30.918981552124 30.3212871551514 29.8388233184814 30.1010189056396 29.8025131225586 29.8924160003662 29.6285400390625 30.2077293395996 30.2382678985596 30.1818675994873
26.3368797302246 26.1866989135742 26.8511428833008 27.4451026916504 28.0819816589355 25.9984970092773 25.7337474822998 26.5153961181641 26.9860229492188 27.678430557251 27.696346282959 28.0784969329834 29.6629467010498 30.4488620758057 30.866527557373 30.9975299835205 31.1020526885986 31.5270767211914 31.1894493103027 31.0265827178955 31.0411643981934 30.6329154968262 30.775691986084 30.9884128570557 30.9768733978271 30.437520980835 30.0549659729004 30.8171310424805 31.0468292236328 30.9909896850586 30.474817276001 31.0639324188232 31.1991806030273 31.2618942260742 31.2320728302002 31.1275615692139 30.7953681945801 30.4571685791016 30.5122604370117 30.2595729827881 30.1211185455322 29.629358291626 30.0212459564209 30.2013130187988 30.0831851959229 29.9481086730957
26.5171699523926 26.0356101989746 26.319263458252 26.5469512939453 27.0564002990723 25.4811935424805 25.2015857696533 25.592565536499 26.8138046264648 27.5163555145264 27.0281620025635 27.5701885223389 28.4120216369629 29.4672718048096 30.7115306854248 30.4124145507812 31.3439483642578 31.5387496948242 30.9182929992676 30.261360168457 30.8054389953613 30.9513492584229 31.2083435058594 31.4141712188721 31.5050468444824 31.0897159576416 31.0723152160645 31.3994064331055 31.4454040527344 30.762378692627 30.3690814971924 30.8152179718018 30.9044055938721 31.2838745117188 31.3103656768799 31.2381439208984 31.0743980407715 30.8506622314453 30.4483814239502 29.7585468292236 29.5375366210938 29.4089775085449 29.4167652130127 29.9469585418701 29.94384765625 30.2853107452393
27.3323249816895 26.9251937866211 27.6340675354004 27.4870223999023 27.1165084838867 25.8052864074707 26.5315818786621 26.2853717803955 26.5738277435303 27.1307106018066 26.8659706115723 27.1255397796631 27.2506332397461 29.2809772491455 30.3655986785889 29.7313117980957 31.0144920349121 31.2485618591309 30.9657402038574 29.9788551330566 30.2006340026855 31.1197986602783 31.4611320495605 31.5682125091553 31.5745182037354 31.4683666229248 31.4680118560791 31.5618953704834 31.1808452606201 30.5362682342529 30.4063529968262 30.9602603912354 31.3438358306885 31.3622169494629 31.3368377685547 31.2971687316895 31.2355785369873 31.0861778259277 30.829984664917 29.8065929412842 29.2900943756104 28.5853176116943 29.3665237426758 29.3170375823975 30.0317134857178 30.3518486022949
28.846508026123 28.7038040161133 28.1560211181641 28.0988273620605 27.6061553955078 27.1517677307129 26.8648624420166 25.9228248596191 26.528736114502 26.0480880737305 25.5839366912842 26.8318920135498 27.1504211425781 28.8941230773926 29.7644462585449 29.0924797058105 29.7196159362793 30.389575958252 30.856632232666 30.732795715332 30.3325576782227 31.1437702178955 31.5444583892822 31.3414363861084 31.3027000427246 31.0164852142334 31.3723831176758 31.5899429321289 30.7369842529297 29.9925212860107 30.5405902862549 31.0077381134033 31.3255462646484 31.3850269317627 31.3794231414795 31.3110733032227 31.2724094390869 31.1662120819092 30.9694671630859 30.5837249755859 29.9798030853271 29.5275993347168 29.1307430267334 28.931453704834 29.6223621368408 30.0021076202393
27.8165664672852 27.8205261230469 27.8495025634766 27.5129508972168 27.059684753418 27.2806625366211 26.4292640686035 25.9393005371094 25.4483795166016 25.529806137085 24.9651145935059 25.833911895752 25.8244476318359 27.9168949127197 28.86181640625 27.7822456359863 28.284969329834 29.6921234130859 30.8312187194824 31.2885627746582 30.8649101257324 31.3613796234131 31.5272331237793 31.1614780426025 31.1276702880859 31.2191390991211 31.6359519958496 31.5976829528809 31.0725402832031 30.4872531890869 30.7883777618408 30.9963607788086 31.3851680755615 31.3908042907715 31.328067779541 31.282398223877 31.261381149292 31.1707897186279 31.082181930542 30.8697109222412 30.6068553924561 30.1035137176514 29.7453651428223 29.6735057830811 29.8217792510986 30.141788482666
27.127124786377 27.3770027160645 27.2711219787598 27.229118347168 26.3791542053223 27.1423873901367 26.2258167266846 25.0362434387207 24.4627933502197 24.8290386199951 24.5128364562988 25.1572418212891 25.9034118652344 27.6624412536621 27.9514064788818 27.6059799194336 29.5480079650879 30.3830070495605 31.0170249938965 31.411075592041 31.6360168457031 31.6690139770508 31.6010055541992 31.5015811920166 31.2950916290283 31.5480003356934 31.6544933319092 31.5297775268555 31.1615867614746 30.5936985015869 30.6545124053955 31.125617980957 31.3128528594971 30.8697700500488 31.1866455078125 31.278284072876 31.2382926940918 31.1839847564697 31.1185111999512 30.9886989593506 30.683084487915 30.000394821167 30.2518367767334 30.2518119812012 30.1374778747559 30.0476188659668
26.4915390014648 26.7791957855225 26.6291236877441 26.8870124816895 26.9708271026611 26.9832038879395 26.6205749511719 25.5581932067871 25.6467876434326 25.7420902252197 24.7693729400635 24.5762157440186 25.4803218841553 27.6050701141357 28.0928916931152 28.5760021209717 28.6285533905029 29.3885879516602 31.0044212341309 31.4942970275879 31.6487369537354 31.5838584899902 31.4391078948975 31.380989074707 31.496223449707 31.5596122741699 31.521448135376 31.1585235595703 30.3362731933594 30.4689121246338 30.7337188720703 31.4111309051514 31.1371726989746 30.6348781585693 31.2134838104248 31.1304950714111 31.1383953094482 31.1678447723389 31.0519275665283 30.7568988800049 30.2285327911377 29.1224403381348 28.8736763000488 29.726936340332 29.9990234375 30.2225093841553
27.1384754180908 26.6800022125244 26.5271759033203 26.6862335205078 26.8167362213135 26.7419357299805 26.3011322021484 25.9382572174072 26.490083694458 25.8278141021729 25.695405960083 25.6824626922607 26.4352397918701 27.5158042907715 27.6634464263916 28.3552646636963 29.2599811553955 30.2769546508789 31.0711860656738 31.4121971130371 31.6886882781982 31.6448535919189 31.2051544189453 30.9454574584961 31.1258029937744 30.9911994934082 31.0643901824951 31.1909561157227 31.0808391571045 31.0501022338867 31.2995491027832 31.5328941345215 30.954906463623 30.8621578216553 31.3538837432861 30.8790321350098 30.9686698913574 30.9070720672607 30.9499130249023 30.6619987487793 29.4243087768555 28.7682666778564 28.2341232299805 29.7224407196045 30.1641063690186 29.9907283782959
27.5480842590332 26.3968448638916 26.3514633178711 26.4587421417236 26.5911178588867 26.4680633544922 26.4793720245361 27.006139755249 26.6622943878174 25.933141708374 27.0125217437744 27.4477405548096 27.6216907501221 27.0258712768555 27.0460739135742 28.0403499603271 29.2255992889404 30.416540145874 30.4894847869873 31.1767768859863 31.5625114440918 31.5581912994385 31.1370468139648 30.916654586792 30.219202041626 30.6934604644775 31.122278213501 31.2371025085449 31.4215812683105 31.4136962890625 31.571439743042 31.4934749603271 31.4461364746094 31.4574928283691 31.3972434997559 31.1435871124268 30.3208961486816 30.8044109344482 30.9391593933105 30.8705005645752 30.8039302825928 29.7115097045898 29.550235748291 30.624303817749 30.8593330383301 30.8139247894287
27.6032028198242 26.6512470245361 26.3243465423584 26.2541961669922 26.4554328918457 26.2862434387207 26.9235763549805 28.4864883422852 27.6548767089844 26.9995861053467 28.767972946167 29.3952350616455 29.0344009399414 27.171480178833 27.557092666626 27.6595630645752 29.4631576538086 29.5167255401611 29.3936004638672 30.2065143585205 31.2014102935791 31.3792400360107 31.0870990753174 31.0684509277344 30.9443759918213 30.6412544250488 30.6921405792236 30.8040962219238 31.3787746429443 31.3334693908691 31.3907604217529 31.2040920257568 31.3579349517822 31.483097076416 31.196216583252 31.1531581878662 30.5612907409668 30.6449413299561 30.8508014678955 30.687858581543 31.0244235992432 31.0044116973877 30.8886699676514 30.9060249328613 30.9876823425293 30.8487758636475
27.3346900939941 26.7084369659424 26.5066204071045 26.680492401123 26.6172828674316 26.7159423828125 27.1140098571777 29.133659362793 29.3049087524414 28.0407943725586 29.8886680603027 30.7484092712402 30.0875778198242 28.9591655731201 28.8860473632812 29.4425563812256 30.0516109466553 30.4596920013428 30.7333183288574 30.9920310974121 31.1740379333496 30.9244899749756 29.737606048584 29.9791851043701 30.4332504272461 30.0919322967529 30.2669315338135 30.9896125793457 31.2983627319336 31.4572010040283 30.5259971618652 30.4854907989502 31.1657543182373 31.4036903381348 30.9694042205811 30.966817855835 30.2676181793213 30.6852931976318 30.8334007263184 30.6860961914062 31.0612697601318 31.1205902099609 31.1222629547119 31.0975780487061 31.0211868286133 30.7029323577881
27.369478225708 26.9844818115234 26.9424476623535 27.0873012542725 27.2704372406006 27.4100494384766 28.1750621795654 29.7984790802002 29.686071395874 29.2376461029053 30.5299377441406 31.5218524932861 30.7766189575195 29.7352180480957 29.232982635498 30.7804069519043 31.0906143188477 31.2639083862305 31.4305858612061 31.4407424926758 31.0668792724609 30.8172283172607 30.8991107940674 30.4050178527832 30.6851348876953 31.0780353546143 31.2500915527344 31.3028507232666 31.4679260253906 31.3914985656738 29.9878578186035 30.5854988098145 31.288236618042 31.2010250091553 30.8128089904785 30.7511711120605 30.593147277832 31.0047245025635 31.0058250427246 30.9892387390137 30.9375858306885 31.0598449707031 31.0850582122803 31.0734214782715 30.9805202484131 30.9174652099609
27.3190860748291 27.0370712280273 27.5573692321777 28.2801742553711 28.3860893249512 28.837308883667 29.8464794158936 30.4087924957275 29.8485488891602 30.1969223022461 31.4780082702637 31.9216747283936 31.4216156005859 30.4948863983154 29.7993144989014 30.739221572876 30.7278537750244 30.9817638397217 31.6210479736328 31.7845230102539 31.5098190307617 31.1923427581787 31.4758586883545 31.2943992614746 31.1665153503418 31.5578784942627 31.454381942749 31.3684577941895 31.5760707855225 31.3647899627686 30.8154964447021 31.1960487365723 31.3272857666016 31.0445919036865 30.22141456604 30.1615962982178 30.4194087982178 31.0167770385742 30.7451248168945 30.7040328979492 30.6954364776611 30.9194221496582 30.8795070648193 30.9083271026611 30.7605094909668 30.8549289703369
27.3699645996094 27.5486240386963 28.6341934204102 29.3376026153564 29.9900207519531 30.8693161010742 31.43674659729 30.7976531982422 29.0315456390381 29.6126670837402 30.9919776916504 31.9592571258545 31.5670566558838 31.2565269470215 30.4385242462158 31.3078117370605 31.4304981231689 30.8728809356689 31.5494918823242 31.8407745361328 31.7826881408691 31.3799667358398 31.660816192627 31.7369365692139 31.5877304077148 31.6469554901123 31.4700336456299 30.795524597168 31.4778366088867 31.5821418762207 31.4923076629639 31.3699512481689 31.0762939453125 30.7637233734131 30.0196208953857 30.0432643890381 30.6703033447266 30.5930519104004 30.4485893249512 30.2668190002441 30.3647766113281 30.6009769439697 30.4125900268555 30.694019317627 30.2805786132812 30.5898323059082
