inst/extdata/Tmax/Tmax146.asc
NCOLS 100 
NROWS 79 
XLLCORNER 148.06 
YLLCORNER -21.49 
CELLSIZE 0.01 
NODATA_value -3.4e+38 
[rows 0 to 19 of 79, columns 0 to 45 of 100]
38.090206146240199 37.7132797241211 36.7078056335449 37.0842514038086 37.2296600341797 37.6716270446777 37.8646697998047 38.036506652832 37.9862632751465 37.7963714599609 37.2954292297363 37.0666313171387 36.9768753051758 35.6865921020508 36.1896781921387 36.6227340698242 37.0092658996582 36.9737167358398 36.1230926513672 35.4270858764648 35.2723579406738 34.2910995483398 34.7323608398438 36.056079864502 36.5791130065918 36.8324165344238 36.6847953796387 36.7321815490723 36.4005584716797 36.010082244873 35.097526550293 33.2539138793945 34.4649658203125 34.3720169067383 33.2365951538086 32.205753326416 32.0901489257812 31.7306613922119 32.4480209350586 34.1760025024414 35.7492904663086 36.0027809143066 36.7584915161133 37.0931205749512 37.256175994873 37.3739051818848
37.9153709411621 37.3471374511719 36.5443572998047 36.6387252807617 36.0370674133301 36.9957122802734 37.5848121643066 37.9227905273438 38.0538482666016 37.9221954345703 37.5569076538086 37.214599609375 37.3293609619141 36.8832015991211 36.7053413391113 36.5808372497559 36.9956893920898 37.0253486633301 35.9788475036621 35.3522109985352 35.8977546691895 35.6217613220215 35.5014305114746 35.9577903747559 36.4407424926758 36.625617980957 36.9016914367676 36.8441696166992 36.6145668029785 36.3847999572754 35.4997253417969 34.0382080078125 35.2464218139648 34.8088912963867 34.1070709228516 33.2063751220703 32.7834205627441 33.1290473937988 34.1297302246094 35.2916107177734 36.8372001647949 37.2449226379395 37.3695030212402 37.3552322387695 37.3973655700684 37.4257316589355
37.9024047851562 37.0246772766113 37.1486740112305 37.2818450927734 36.7940444946289 36.9154205322266 37.3353805541992 37.9375762939453 38.1243782043457 37.9734992980957 37.6614379882812 37.5110206604004 37.4100646972656 37.3476676940918 37.0231971740723 36.861141204834 37.06689453125 37.2257843017578 36.6145896911621 36.4093132019043 36.2499580383301 35.8946495056152 35.6480712890625 35.7727165222168 36.6599082946777 36.9371528625488 36.7462425231934 36.7220497131348 36.7141036987305 36.3805961608887 36.4333190917969 35.384147644043 35.6350021362305 34.3334617614746 34.0236930847168 33.4244232177734 32.9274635314941 32.472240447998 33.4445915222168 34.6186981201172 36.0641288757324 37.103385925293 37.4355888366699 37.4933471679688 37.460376739502 37.3991088867188
38.1592063903809 37.7666625976562 37.4066696166992 38.0701446533203 37.5131645202637 37.0537528991699 37.4500885009766 38.0565643310547 38.2328834533691 38.0810928344727 37.9196510314941 37.8653678894043 37.7471199035645 37.5658073425293 37.0977478027344 36.9109535217285 37.2770881652832 37.326343536377 37.0853652954102 36.5831108093262 36.2364616394043 35.8245277404785 35.9046401977539 35.8622741699219 36.4840850830078 36.942741394043 36.5365028381348 36.820255279541 36.6186256408691 35.7341461181641 36.3229217529297 36.3890380859375 35.5902900695801 34.2626609802246 33.7095336914062 32.8797912597656 33.1324195861816 32.6570091247559 32.5449142456055 32.0764541625977 33.5592002868652 36.3082580566406 37.2807235717773 37.5021362304688 37.2265319824219 37.10888671875
38.7749824523926 38.1594505310059 37.8976287841797 38.3379364013672 38.07958984375 37.3764305114746 37.404468536377 38.1036224365234 38.2594680786133 37.8483734130859 37.847770690918 38.0560531616211 37.9151306152344 37.6079978942871 37.2105674743652 37.3725929260254 37.4424171447754 37.1615180969238 36.6621475219727 35.8708534240723 36.0651245117188 36.2362518310547 36.3713722229004 36.5773086547852 36.5802841186523 36.220386505127 36.9957466125488 36.5795249938965 36.4342193603516 35.9047050476074 36.2847671508789 36.0810279846191 35.746395111084 34.6921768188477 34.1420516967773 34.4706687927246 34.1333351135254 33.6130867004395 33.0976486206055 32.390941619873 32.0532836914062 35.4197731018066 36.9997482299805 37.4318389892578 36.702278137207 35.9411087036133
38.9522361755371 38.6649627685547 37.9017791748047 38.3714218139648 38.4447441101074 37.9842491149902 37.6640472412109 38.1584053039551 38.3288955688477 38.0090827941895 37.8830413818359 38.1623725891113 37.9863700866699 37.6809577941895 36.9618682861328 37.5116119384766 37.404541015625 36.9173927307129 36.3227920532227 35.8694229125977 35.9748306274414 36.2426605224609 36.5784912109375 36.573902130127 36.8895072937012 36.768741607666 36.8384208679199 36.0178184509277 36.0103416442871 34.845832824707 35.6321067810059 36.1387672424316 36.237663269043 35.8787155151367 35.4969635009766 35.4253044128418 34.5201110839844 34.0132675170898 33.7011528015137 32.9179420471191 32.4345207214355 34.9921684265137 36.906681060791 37.415454864502 36.8931045532227 34.7081642150879
39.1721954345703 38.8709716796875 38.4605255126953 38.6421508789062 38.5830230712891 38.1665878295898 37.439208984375 38.0555610656738 38.2577705383301 38.4051170349121 38.335578918457 38.1526527404785 37.6798858642578 37.7992630004883 37.7620506286621 37.6011657714844 37.3723373413086 36.7623062133789 36.5280075073242 36.1967582702637 35.5634613037109 35.7787933349609 36.2900657653809 36.7102928161621 37.0910873413086 37.0064277648926 37.0101928710938 36.4228973388672 36.027889251709 34.7273445129395 34.7333297729492 34.8525009155273 35.8876342773438 36.0678596496582 35.5691719055176 35.4482460021973 34.8248519897461 33.4191970825195 33.6521835327148 33.2274780273438 33.0728569030762 34.8214416503906 36.7124404907227 37.2021675109863 36.9659423828125 35.2029838562012
39.1707077026367 39.0438804626465 38.7359008789062 38.763843536377 38.7151184082031 38.4191665649414 37.759220123291 37.616512298584 37.9606437683105 38.3366432189941 38.4526557922363 38.1182327270508 37.3688659667969 37.6130447387695 37.8641815185547 37.1003189086914 37.0293350219727 36.191291809082 36.1084251403809 35.8498878479004 35.1133918762207 35.6252899169922 36.1029586791992 36.7137603759766 37.2306518554688 37.241626739502 36.7715034484863 36.2843322753906 36.0856437683105 35.2492942810059 33.8500442504883 34.1255722045898 34.4939346313477 35.1416358947754 35.5617446899414 34.9052505493164 34.9767875671387 34.0368118286133 33.067310333252 33.3480911254883 33.55615234375 34.6791458129883 35.783576965332 36.8628845214844 36.8052139282227 34.8642425537109
38.9360084533691 39.1633224487305 38.9893341064453 38.9319229125977 38.7827453613281 38.5063629150391 38.0923385620117 37.5686187744141 37.7624397277832 38.3354721069336 38.5066108703613 38.4351005554199 38.2003898620605 38.0300559997559 37.6241912841797 36.7749900817871 36.9745216369629 36.7020568847656 36.8524513244629 35.8303527832031 35.83154296875 35.6570358276367 35.7692260742188 36.5178298950195 37.1656875610352 37.3646469116211 36.3323440551758 35.3718566894531 35.4681243896484 35.3668365478516 34.7205810546875 34.1125564575195 33.6941223144531 34.1484909057617 35.1397399902344 34.4747314453125 34.2122421264648 34.1618461608887 33.2436256408691 32.931468963623 33.1499099731445 33.2398681640625 34.1272773742676 35.8399543762207 36.3377799987793 34.991813659668
38.6258659362793 39.0698776245117 39.1496658325195 38.9897994995117 38.7580337524414 38.6209106445312 38.3870544433594 37.8684539794922 37.4965553283691 38.2572326660156 38.517707824707 38.0600128173828 37.2557373046875 37.3292961120605 37.4444198608398 37.4150810241699 37.4376335144043 37.2756729125977 37.0417823791504 36.6934089660645 36.3298645019531 35.6163101196289 35.9871711730957 36.9137992858887 37.4112968444824 37.2956314086914 36.4995727539062 36.3281784057617 35.7660827636719 35.2003402709961 33.8691062927246 33.485912322998 34.5834999084473 34.4306182861328 34.2050285339355 33.9752998352051 33.7553672790527 34.0438613891602 33.5144805908203 32.7867240905762 32.8222351074219 32.2640495300293 33.1050834655762 34.2448501586914 34.5877418518066 33.9353294372559
38.2710380554199 38.6105041503906 39.1774368286133 39.0676116943359 38.9169387817383 38.8209915161133 38.5971755981445 38.1790580749512 38.1587448120117 38.4174423217773 38.5741844177246 38.1414184570312 37.7658462524414 36.9250755310059 37.1187744140625 37.4420852661133 37.5691337585449 37.7926025390625 37.2874641418457 37.0639038085938 36.6139945983887 36.1943664550781 36.2771072387695 36.9099311828613 37.3940238952637 37.2877502441406 36.4998512268066 35.6731414794922 34.5677719116211 34.5668525695801 34.1720275878906 34.1111068725586 35.0482635498047 34.7676277160645 33.8267211914062 33.5786666870117 34.037181854248 33.7580757141113 33.386547088623 32.8472633361816 32.9032440185547 32.6375427246094 32.3052711486816 33.0211448669434 33.4477615356445 33.754524230957
38.0937728881836 38.1570816040039 39.1488723754883 39.1461410522461 39.0490341186523 38.9081878662109 38.7076530456543 38.3313102722168 38.3726692199707 38.6962814331055 38.6344566345215 38.4070777893066 37.9946594238281 37.4386329650879 37.3225898742676 37.6654205322266 38.0007095336914 37.9928245544434 37.6996002197266 37.1799583435059 36.6093788146973 36.2288551330566 36.411922454834 36.5823936462402 36.8274192810059 37.2055702209473 36.0982208251953 35.221118927002 34.5502586364746 34.815616607666 34.8912200927734 34.7931594848633 35.2565078735352 34.6705131530762 34.3957023620605 34.2993507385254 33.862117767334 33.2858657836914 33.8037300109863 34.0311737060547 33.6040649414062 33.1499824523926 32.6424102783203 33.0833625793457 33.6042747497559 33.9965591430664
38.2739067077637 38.8264770507812 39.1357727050781 39.0898666381836 39.1005172729492 38.9920120239258 38.8271102905273 38.4054489135742 38.5010261535645 38.8446807861328 38.6224327087402 38.5352745056152 38.2933731079102 38.3728485107422 38.2619972229004 38.2391586303711 38.2375068664551 38.1513786315918 37.8991012573242 37.310359954834 37.0032997131348 37.1785774230957 37.4736404418945 37.7346076965332 37.5698013305664 37.095588684082 36.8543395996094 36.3173561096191 35.9093132019043 35.7046127319336 35.7771835327148 35.5408630371094 35.4347381591797 34.7975578308105 34.1810493469238 33.7384986877441 33.2005920410156 34.3043479919434 34.6216773986816 34.5622215270996 33.2041168212891 33.121166229248 32.6503219604492 32.3845138549805 33.6727027893066 34.2287445068359
38.799430847168 39.0244407653809 39.0994834899902 39.0077667236328 39.0228385925293 39.0750923156738 39.001636505127 38.866081237793 38.6334228515625 38.7853393554688 38.7501373291016 38.6617965698242 38.5174255371094 38.4021453857422 38.2813034057617 38.1934585571289 38.3407821655273 38.2465782165527 38.0862617492676 37.9593544006348 37.8441123962402 37.793529510498 37.5647048950195 37.696216583252 37.2008171081543 36.0631408691406 35.9897575378418 35.5372543334961 34.9221572875977 35.7858924865723 36.0970420837402 36.0470886230469 35.2154846191406 34.8800277709961 34.7482681274414 34.685920715332 34.6561546325684 34.3137168884277 35.0010375976562 35.3800506591797 34.8075714111328 34.297046661377 33.6653747558594 33.1303443908691 34.1743965148926 34.7162132263184
37.9414405822754 38.5806159973145 39.0685577392578 38.9906578063965 38.8518295288086 38.9608955383301 38.9051322937012 38.7170143127441 38.2470817565918 38.299690246582 38.6711120605469 38.4477958679199 37.8582458496094 38.0471572875977 38.2530670166016 37.6347732543945 38.1089744567871 38.3193664550781 38.2615966796875 38.2044906616211 38.1408386230469 37.6795616149902 36.9636917114258 37.4036102294922 37.2131080627441 36.9103202819824 36.8114814758301 36.4428100585938 36.0380363464355 36.3307495117188 36.2821769714355 35.9851341247559 35.4915885925293 35.7608795166016 35.7190361022949 34.6853561401367 35.2926406860352 34.3651580810547 34.7195205688477 35.5586700439453 35.5360374450684 35.2406730651855 34.4200859069824 33.5900001525879 34.2100524902344 35.0441665649414
36.965763092041 38.0958251953125 38.9405860900879 39.0834770202637 39.008243560791 38.9792518615723 38.8570289611816 38.7329216003418 38.4910545349121 37.9171752929688 37.4704742431641 38.2901611328125 37.3576126098633 37.0130653381348 37.991870880127 37.5925674438477 37.5576782226562 38.0863037109375 38.1177139282227 38.1184501647949 38.128719329834 38.0920295715332 37.9379272460938 37.6755142211914 37.2069549560547 36.7796363830566 36.7827301025391 36.7241668701172 36.6611328125 36.4584159851074 36.2705154418945 35.8143424987793 35.5109825134277 36.2161102294922 36.0809173583984 35.7850532531738 35.7887954711914 35.1666259765625 34.7869529724121 35.5285797119141 35.7414016723633 35.04052734375 33.7304725646973 32.6589164733887 33.0954551696777 34.8401985168457
38.091121673584 37.896297454834 38.5578918457031 38.767032623291 39.0156784057617 38.9809799194336 38.8424224853516 38.6886367797852 38.5177459716797 38.1961250305176 37.4811744689941 37.9396018981934 36.7782783508301 36.5097541809082 37.344482421875 37.1869926452637 36.4209327697754 37.6408996582031 37.6356201171875 37.6151657104492 37.9006538391113 38.068115234375 37.9603233337402 37.4900588989258 36.5694999694824 35.9425239562988 35.5090141296387 35.8841896057129 36.4899635314941 35.8642387390137 35.6309928894043 34.8080863952637 35.5786933898926 36.4960136413574 36.2950057983398 36.0848197937012 36.1283569335938 35.6633987426758 35.267391204834 35.5775833129883 35.7968406677246 34.5782089233398 33.5941390991211 33.8983726501465 34.2411880493164 34.8808097839355
38.231273651123 38.6066665649414 38.7002868652344 38.7162857055664 38.8726844787598 38.9355163574219 38.8594169616699 38.7676773071289 38.5970840454102 38.093921661377 37.6615447998047 37.2395248413086 36.7995147705078 36.4091758728027 36.9781608581543 36.825740814209 36.8410949707031 36.6557579040527 36.383171081543 36.3668365478516 37.6289596557617 37.9185905456543 37.8973197937012 37.7820663452148 37.1388053894043 35.8976211547852 34.3929061889648 35.281421661377 36.1493988037109 35.1347045898438 35.5414657592773 36.1599464416504 36.4777755737305 36.7732200622559 36.6791229248047 36.4650650024414 35.9447975158691 35.0599899291992 35.5486755371094 35.7958831787109 36.1402359008789 35.7549095153809 35.603687286377 35.5824546813965 35.5328483581543 34.9359588623047
38.5153541564941 38.4886474609375 38.3338470458984 38.4473724365234 38.9421234130859 38.8285636901855 38.8377914428711 38.8213806152344 38.7216033935547 38.3389587402344 37.1318054199219 37.2204742431641 36.7551498413086 35.5553169250488 36.3451538085938 36.1012496948242 35.9086608886719 35.1852149963379 36.0767402648926 36.4771156311035 37.6552467346191 37.6760597229004 37.825553894043 37.9388771057129 37.0203819274902 35.8809776306152 34.6459274291992 35.4826889038086 36.1366882324219 35.614128112793 36.1415748596191 36.6075248718262 37.0160064697266 37.0227355957031 36.5550384521484 36.2788887023926 35.8872337341309 35.6048049926758 36.1655426025391 36.2583808898926 36.3022575378418 36.2025184631348 36.0806045532227 35.397518157959 34.5133819580078 34.477710723877
38.6781883239746 38.6542663574219 38.6400947570801 38.4888114929199 38.9630737304688 38.9629173278809 38.8905868530273 38.8312759399414 38.7589416503906 38.6517486572266 38.2997741699219 37.4949073791504 36.6000213623047 35.343620300293 35.6855010986328 35.6487426757812 35.1751937866211 35.4888954162598 35.7567443847656 36.8530616760254 37.6886291503906 37.2364540100098 37.9858589172363 37.8229713439941 37.1929664611816 36.9377403259277 35.7943077087402 35.9182739257812 36.2890167236328 36.1070404052734 36.7522850036621 36.7119331359863 37.1797409057617 37.1054153442383 36.9477882385254 36.6894989013672 35.7993125915527 35.9800720214844 36.2579803466797 36.2543754577637 36.2922515869141 36.1310195922852 36.060676574707 35.5249176025391 35.4496536254883 35.3172492980957
