inst/extdata/Tmax/Tmax78.asc
NCOLS 100 
NROWS 79 
XLLCORNER 148.06 
YLLCORNER -21.49 
CELLSIZE 0.01 
NODATA_value -3.4e+38 
[rows 20 to 39 of 79, columns 0 to 45 of 100]
36.441368103027301 36.4653358459473 36.4449501037598 36.4044952392578 36.4083671569824 36.4948616027832 36.4096488952637 36.3364334106445 36.268123626709 36.1758842468262 36.0098457336426 35.648494720459 35.2480545043945 34.675422668457 33.5055885314941 33.1171798706055 33.0478172302246 33.8941650390625 34.7847633361816 35.1375198364258 35.1348762512207 35.1254577636719 35.391471862793 35.3951721191406 35.2491607666016 34.992301940918 34.4704971313477 33.6763343811035 34.1092796325684 34.1466369628906 34.6286506652832 34.6168899536133 34.7139091491699 34.6659889221191 34.6128311157227 34.3934745788574 34.0506134033203 34.0336456298828 33.6345825195312 33.8222732543945 33.6267738342285 33.0253524780273 33.185977935791 33.2096328735352 33.3013191223145 33.3392601013184
36.505054473877 36.5498428344727 36.5399742126465 36.4984321594238 36.4915466308594 36.4788970947266 36.3475074768066 36.2701797485352 36.2384262084961 36.1714401245117 36.053394317627 35.8874778747559 35.6772079467773 34.8522605895996 33.5233535766602 33.2291870117188 33.4346618652344 34.1377410888672 34.5609588623047 34.8669586181641 34.9581756591797 34.8644790649414 35.2950859069824 35.3924865722656 35.2119560241699 35.2062492370605 35.1634330749512 34.5034713745117 34.3557662963867 34.7694854736328 34.8487014770508 34.7360763549805 34.4448165893555 33.9296989440918 33.9266700744629 33.8893737792969 34.2357749938965 33.6436882019043 33.3008575439453 33.537296295166 33.2046241760254 33.2572708129883 33.009349822998 32.250415802002 32.4997024536133 33.0360450744629
36.5575790405273 36.5905723571777 36.5780906677246 36.5547904968262 36.5291137695312 36.4881706237793 36.321907043457 36.2055587768555 36.1485786437988 36.1099853515625 35.9999122619629 35.9231872558594 35.7618865966797 35.2233047485352 34.2382850646973 33.4909210205078 32.911808013916 33.3363609313965 33.8276634216309 34.5149574279785 34.5966453552246 34.6815185546875 35.2119827270508 35.0141181945801 34.6481628417969 34.9390563964844 34.9824295043945 35.0250205993652 34.7701835632324 34.7837524414062 34.544548034668 34.3659362792969 33.877311706543 33.5848541259766 33.3756866455078 33.5374603271484 33.4592056274414 32.9804992675781 32.9400863647461 32.856575012207 32.5854530334473 31.9466285705566 32.5759925842285 32.3216400146484 31.4890403747559 32.6472549438477
36.5490036010742 36.568115234375 36.5642738342285 36.5466957092285 36.5018539428711 36.4825630187988 36.4031829833984 36.1417617797852 36.0398864746094 36.0456809997559 35.8804817199707 35.7035789489746 35.7788276672363 35.4416046142578 34.746768951416 34.0476684570312 33.3089828491211 33.0315971374512 33.555118560791 33.8178825378418 34.2753677368164 35.1112518310547 34.8832778930664 34.3495750427246 34.4594497680664 34.5667572021484 34.2911643981934 35.0637321472168 35.065128326416 34.9298858642578 34.7208518981934 33.7907218933105 33.4991073608398 33.6505737304688 33.9109382629395 33.5138053894043 32.7312393188477 32.2614402770996 32.8511581420898 32.4128875732422 31.7919101715088 30.5694160461426 31.2615756988525 32.241283416748 30.7122707366943 31.8182182312012
36.5064849853516 36.5491561889648 36.5564765930176 36.5184059143066 36.4746208190918 36.4646606445312 36.4486274719238 36.2876434326172 36.1261672973633 35.968936920166 35.8689270019531 35.8187294006348 35.6579551696777 35.3533172607422 34.6818008422852 34.0632553100586 33.3966751098633 33.0540199279785 33.2232780456543 33.2126388549805 34.2493629455566 34.9436912536621 33.9871788024902 33.508731842041 34.1934242248535 34.1590843200684 34.3004531860352 34.8996391296387 35.0841751098633 34.747428894043 34.6823043823242 34.4658050537109 34.4239501953125 34.4529190063477 34.165225982666 33.8943023681641 33.5396156311035 32.6001434326172 32.3985824584961 32.1680488586426 30.6921005249023 30.182300567627 30.5517272949219 32.0958709716797 30.4177875518799 30.7211093902588
36.4716758728027 36.4819450378418 36.4726524353027 36.4406471252441 36.4388046264648 36.4344787597656 36.4402656555176 36.3908920288086 36.2508544921875 36.032657623291 35.8559837341309 35.7225799560547 35.5825271606445 35.1785469055176 34.7776794433594 34.2811622619629 33.7314720153809 33.4151000976562 33.8009910583496 34.3973045349121 34.3717193603516 34.2711219787598 33.8396453857422 32.7225685119629 33.1580047607422 33.811092376709 33.925910949707 34.9405212402344 35.0769195556641 34.7572288513184 34.0096817016602 34.4961013793945 34.3670120239258 34.2443962097168 34.0022201538086 33.7221946716309 33.6000785827637 32.3559722900391 31.2553024291992 31.5915699005127 30.3430004119873 31.0561332702637 31.3414306640625 32.1020736694336 31.2358818054199 30.3044662475586
36.3807334899902 36.3972778320312 36.3850593566895 36.3838920593262 36.369312286377 36.3592796325684 36.4193687438965 36.4096565246582 36.2825584411621 35.9153594970703 35.8129043579102 35.5683860778809 35.5526428222656 35.2166519165039 34.5538063049316 33.605785369873 33.2621574401855 33.4179649353027 33.8234672546387 33.7316246032715 33.8845329284668 34.6377334594727 34.4993171691895 33.1832084655762 32.8184776306152 33.6144409179688 34.2826385498047 35.0008201599121 35.0512924194336 34.850700378418 34.1356887817383 33.7944602966309 34.4259948730469 33.9646759033203 33.5824165344238 32.8762359619141 32.6196594238281 32.7008895874023 31.7932472229004 30.6635150909424 30.3017749786377 30.5710430145264 30.470682144165 31.3579959869385 30.5411949157715 29.9679279327393
36.2557411193848 36.2674560546875 36.2773208618164 36.3097229003906 36.318733215332 36.357967376709 36.4213485717773 36.4062232971191 36.3333740234375 36.1576080322266 35.9394721984863 35.6960525512695 35.5807800292969 35.3980140686035 34.587287902832 33.5763664245605 33.2811393737793 33.2236175537109 33.3288269042969 33.2995948791504 34.2803802490234 34.8124122619629 34.3362007141113 33.5824241638184 33.0780181884766 33.2691917419434 33.3619079589844 34.6767196655273 34.9547348022461 34.8376884460449 34.1536407470703 34.0611267089844 34.2884941101074 33.6542205810547 33.0580635070801 32.5632629394531 31.7689895629883 32.3676910400391 32.2161750793457 30.6374130249023 30.2415409088135 30.4012241363525 30.3111553192139 30.818058013916 30.2937393188477 30.0204181671143
35.8146667480469 35.7707099914551 35.9882354736328 36.2463569641113 36.3493728637695 36.4081954956055 36.4222526550293 36.3996047973633 36.2777976989746 36.1725082397461 36.0189552307129 35.543025970459 35.6119728088379 35.4693489074707 35.011402130127 33.942928314209 33.2952651977539 32.8291854858398 33.0994300842285 33.8665351867676 34.2962608337402 34.5897750854492 33.8289947509766 33.1877288818359 33.0164375305176 33.1337547302246 33.496696472168 34.2482872009277 34.872200012207 34.906795501709 34.4574890136719 34.2157325744629 33.8382797241211 32.9578285217285 31.9490776062012 31.5748195648193 31.2803039550781 31.4485645294189 31.572473526001 31.2162685394287 30.7478160858154 30.8511562347412 30.5968952178955 30.3953132629395 30.3949584960938 30.3265838623047
35.0388031005859 35.7919692993164 36.0627555847168 35.8244438171387 36.2963638305664 36.4137878417969 36.4197311401367 36.3963012695312 36.2086448669434 36.0690040588379 36.0489654541016 35.8041572570801 35.585506439209 35.4578742980957 35.226016998291 34.7677612304688 34.2734680175781 33.0518455505371 33.3268775939941 33.3871803283691 33.5116271972656 34.3171119689941 33.9360618591309 33.2202224731445 33.029483795166 32.8354949951172 32.7993698120117 34.2082138061523 34.902961730957 34.9503326416016 34.2480278015137 33.407096862793 33.1294250488281 32.8160743713379 32.5754203796387 31.6934680938721 31.6222820281982 31.253963470459 30.8804798126221 31.094202041626 32.6257514953613 32.6811714172363 31.7084884643555 30.4549350738525 31.3520946502686 31.4323558807373
35.2984390258789 36.0608139038086 36.0675964355469 35.5924949645996 36.2558937072754 36.4023017883301 36.4296493530273 36.4020538330078 36.3395004272461 36.1313743591309 36.0266914367676 35.9519157409668 35.7856979370117 35.5936241149902 35.3275184631348 34.810920715332 34.0808753967285 33.6717224121094 33.2578392028809 33.4728622436523 33.529899597168 33.9003486633301 33.356632232666 33.1952705383301 32.9181137084961 32.3523445129395 32.5922203063965 34.1132049560547 34.8103370666504 34.8319816589355 34.8019256591797 34.638111114502 33.6842384338379 32.8639259338379 32.7928199768066 32.3657875061035 32.4674453735352 32.2907676696777 31.9154930114746 32.3206367492676 33.5498123168945 33.5952072143555 33.2091102600098 32.7199249267578 32.6055183410645 32.0960998535156
35.9607353210449 36.187801361084 36.2258567810059 36.2133979797363 36.275463104248 36.3907165527344 36.4020309448242 36.3856010437012 36.3333930969238 36.2585220336914 36.0887184143066 36.0199394226074 35.9222946166992 35.7325439453125 35.489143371582 35.0573654174805 34.3113632202148 33.9242782592773 33.2979698181152 33.1902923583984 33.240966796875 33.6125602722168 33.2737159729004 33.0362663269043 32.9697914123535 32.9835052490234 33.6674880981445 34.5582733154297 34.8597793579102 34.4151916503906 34.3277587890625 34.3162841796875 34.4756813049316 34.0397491455078 33.7944793701172 33.1354942321777 33.9827270507812 33.8408241271973 33.7997131347656 33.7951164245605 33.5879173278809 32.8243980407715 32.0048828125 31.7141723632812 31.5856475830078 30.9380893707275
35.7168121337891 36.3353233337402 36.3686943054199 36.3695907592773 36.3537139892578 36.3485870361328 36.3110008239746 36.337833404541 36.318717956543 36.2900886535645 36.2355003356934 36.110050201416 35.9398574829102 35.7884330749512 35.6101188659668 35.3827133178711 34.9606132507324 34.3614730834961 33.6976623535156 33.0675392150879 33.0809631347656 33.4611892700195 33.3417167663574 33.0853614807129 32.9492111206055 33.0748596191406 34.2877769470215 34.8667907714844 34.9085807800293 34.7439765930176 34.3121528625488 33.7838516235352 34.3549575805664 34.4295463562012 34.4452972412109 33.9901580810547 34.3099670410156 34.0476951599121 33.9206619262695 33.7665824890137 32.7555503845215 31.5437297821045 30.4213962554932 30.7119731903076 30.6263198852539 29.7491779327393
35.5866546630859 36.1293067932129 35.95361328125 35.8373336791992 35.9437446594238 36.2615623474121 36.2488441467285 36.2559280395508 36.255443572998 36.2307243347168 36.1888008117676 36.149730682373 36.0395584106445 35.893970489502 35.7474136352539 35.5404052734375 35.1564865112305 34.7745780944824 34.5260162353516 33.9672737121582 33.1324577331543 33.3224411010742 33.115650177002 33.1666107177734 33.048770904541 33.013011932373 33.9083061218262 34.8261795043945 34.8784790039062 34.5936164855957 34.462833404541 33.5469932556152 33.7782669067383 33.9747505187988 34.208122253418 34.2939147949219 34.154167175293 33.9957389831543 33.6576766967773 33.6863555908203 33.4016036987305 32.3489570617676 31.6427841186523 32.0956611633301 31.7091674804688 30.7159748077393
35.878173828125 36.1129150390625 35.7414436340332 35.1483039855957 35.2327117919922 36.0482063293457 36.2163848876953 36.1743927001953 36.1758766174316 36.1766395568848 36.0952339172363 36.1180763244629 36.062427520752 35.9540710449219 35.8119812011719 35.6351852416992 35.3576507568359 34.7609481811523 34.3956909179688 33.9834747314453 33.382453918457 33.2913398742676 33.119514465332 32.9224090576172 32.881778717041 33.2004928588867 34.1587677001953 34.7979125976562 34.3581352233887 34.1561584472656 34.2321395874023 33.9125289916992 33.6268119812012 33.3317756652832 33.0896339416504 33.4896926879883 33.3098373413086 33.5699348449707 33.4864540100098 33.3018684387207 33.066104888916 33.3196296691895 33.0896682739258 32.808666229248 32.2912864685059 31.8737354278564
35.9904441833496 36.0668716430664 35.8806228637695 35.5982208251953 35.3226890563965 35.7960319519043 36.0473442077637 36.0561714172363 36.0852584838867 36.1251029968262 36.1029891967773 36.124641418457 36.0589370727539 35.9948844909668 35.8491172790527 35.648551940918 35.4321670532227 35.2246017456055 34.8666648864746 34.2894668579102 33.9433860778809 33.7019996643066 33.2454032897949 32.6711196899414 32.8000984191895 33.005012512207 34.2327499389648 34.6590042114258 33.0371589660645 32.6730499267578 33.2136878967285 33.3840789794922 33.331470489502 33.1323356628418 32.7026023864746 32.4690093994141 32.9053840637207 32.7537574768066 32.7117347717285 32.6548233032227 32.4155311584473 32.1461601257324 32.3377914428711 32.722095489502 32.1786231994629 31.2038440704346
35.8665084838867 35.8854179382324 35.8908081054688 35.6398544311523 35.3845252990723 35.5397987365723 35.7173156738281 35.8788948059082 35.9646110534668 36.0607261657715 36.0323295593262 36.0130500793457 36.0760459899902 36.0035133361816 35.8864135742188 35.6373901367188 35.6081199645996 35.4548988342285 35.2256660461426 34.8797264099121 34.7391357421875 34.0325355529785 33.4992446899414 33.0751762390137 33.0601119995117 33.382755279541 34.260326385498 34.152530670166 33.8848648071289 33.7798004150391 33.1028480529785 33.0291023254395 32.8512382507324 32.7134170532227 32.0735206604004 31.705696105957 31.8750324249268 31.8145236968994 32.0052299499512 31.8176097869873 31.7935352325439 30.9832496643066 31.5805702209473 32.2993011474609 32.0823440551758 30.8107528686523
35.3785629272461 35.6621398925781 35.8296852111816 35.7274703979492 35.5415840148926 35.4171562194824 35.3906631469727 35.7085342407227 35.7972068786621 35.9398231506348 36.0011138916016 35.9833641052246 36.0239105224609 36.0258827209473 35.856861114502 35.7535247802734 35.6778335571289 35.5566291809082 35.4038925170898 35.2142143249512 35.0215606689453 34.3810615539551 33.368335723877 33.4337921142578 32.8151245117188 33.3123245239258 34.1349449157715 33.6280326843262 33.7778816223145 34.1658630371094 34.0496520996094 33.892879486084 33.3003921508789 32.9163246154785 31.5333003997803 30.3977108001709 30.4222106933594 30.312463760376 30.2670516967773 30.6714572906494 30.80446434021 30.9673042297363 31.1142253875732 31.8593463897705 31.721887588501 31.3682689666748
35.4824676513672 35.5578880310059 35.6603393554688 35.629711151123 35.588508605957 35.3048400878906 35.0971641540527 34.8550033569336 35.430793762207 35.8630981445312 35.9706268310547 35.9924354553223 36.0499382019043 36.0346908569336 35.7536773681641 35.3850555419922 35.3951416015625 35.4239311218262 35.4510192871094 35.3302803039551 35.1905288696289 34.8127937316895 33.8256874084473 34.0804100036621 33.2246246337891 33.2070770263672 33.3278121948242 33.5837326049805 32.656909942627 33.2253494262695 32.888557434082 32.9693412780762 34.0332984924316 33.6479949951172 32.8022346496582 30.8321647644043 30.0028381347656 29.9964828491211 29.3850708007812 29.7647533416748 30.3216953277588 30.3055553436279 30.360767364502 31.5462055206299 31.1489410400391 30.6715545654297
35.546947479248 35.4696464538574 35.502010345459 35.317928314209 35.48779296875 35.4010124206543 35.1839637756348 34.9404029846191 35.1041793823242 35.6379051208496 35.8478889465332 36.0014724731445 36.0280609130859 35.9857711791992 35.9208183288574 35.5502014160156 35.2026481628418 35.006420135498 35.2322196960449 35.3286476135254 35.1912574768066 35.0445899963379 34.7458381652832 34.2246742248535 33.270336151123 33.0693397521973 33.0195541381836 33.079776763916 33.1118965148926 32.6334381103516 32.1179428100586 32.7821044921875 33.8101234436035 33.1536560058594 33.3286247253418 32.8457832336426 32.4516258239746 32.322452545166 31.4496479034424 30.4562168121338 31.080114364624 30.7921943664551 31.1151924133301 31.2653560638428 30.988977432251 30.5639476776123
