inst/extdata/Tmax/Tmax118.asc
NCOLS 100 
NROWS 79 
XLLCORNER 148.06 
YLLCORNER -21.49 
CELLSIZE 0.01 
NODATA_value -3.4e+38 
[rows 20 to 39 of 79, columns 46 to 91 of 100]
38.0366897583008 36.2695274353027 36.4456100463867 37.8807792663574 37.5812301635742 36.9384765625 36.7050094604492 35.7211303710938 37.3867340087891 39.0747833251953 40.2917671203613 39.7708473205566 39.7390327453613 40.4323844909668 40.0401382446289 39.7514991760254 40.0619850158691 40.6940879821777 40.8661231994629 40.8662338256836 40.8091163635254 40.6744728088379 40.9962272644043 41.0853042602539 41.0243949890137 40.946907043457 40.8265228271484 40.8618469238281 40.8201522827148 40.4483757019043 40.5334777832031 40.8282012939453 40.7075729370117 40.3941688537598 40.3954963684082 40.378002166748 40.2861328125 40.2791175842285 40.2608413696289 40.2265625 40.1567726135254 39.9777793884277 39.3401870727539 39.2028999328613 39.4433784484863 39.4533500671387
38.3777618408203 36.2559394836426 35.2734527587891 36.7145614624023 36.6020736694336 36.1582374572754 36.8817710876465 35.2963218688965 36.3458366394043 38.5262908935547 39.9964828491211 38.4890174865723 37.7445831298828 39.810359954834 38.4699859619141 38.0785331726074 39.0605087280273 40.5355987548828 40.5401916503906 41.0084075927734 41.1317367553711 41.1233596801758 40.8843612670898 40.4970397949219 40.486442565918 40.5784721374512 40.7597236633301 40.7237815856934 40.6182174682617 40.5238304138184 40.8699913024902 40.917293548584 40.8444061279297 40.4277191162109 40.5187225341797 40.4831809997559 40.3354682922363 40.3435440063477 40.3443222045898 40.337215423584 40.2103157043457 40.0876655578613 39.8701438903809 39.6482162475586 39.4936599731445 39.4936599731445
39.0848617553711 38.5230255126953 36.4965667724609 35.9532775878906 35.552848815918 36.5270881652832 36.0290451049805 36.2389907836914 35.7268142700195 36.5140571594238 38.9593772888184 39.4144668579102 37.6741905212402 38.1278114318848 37.7294731140137 38.3883743286133 39.5868263244629 40.0381278991699 38.5135078430176 39.9495048522949 40.8704719543457 40.9455642700195 40.2524490356445 39.3173713684082 39.991283416748 39.9877777099609 40.6521759033203 40.8632392883301 40.5155792236328 40.745979309082 40.9481964111328 40.9908256530762 40.9776725769043 40.8984184265137 40.7718048095703 40.5773735046387 40.3654823303223 40.2135848999023 40.2911033630371 40.3998641967773 40.2929801940918 40.2170372009277 39.9164619445801 39.7793807983398 39.6276931762695 39.7935752868652
38.3485221862793 38.1552505493164 37.426326751709 36.628231048584 35.3787384033203 36.0153045654297 36.5602226257324 36.7262535095215 36.5158195495605 36.1347846984863 37.4168472290039 37.3900718688965 38.4221687316895 36.6180267333984 37.4749298095703 39.2042121887207 39.1706314086914 39.5944061279297 38.0540542602539 40.389045715332 41.2715606689453 41.1383399963379 40.0649147033691 38.5426902770996 39.9312438964844 40.138729095459 40.2516899108887 40.7738761901855 40.9925804138184 41.0552673339844 41.0816116333008 41.1029319763184 41.06640625 40.958911895752 40.8374443054199 40.6691284179688 40.1843376159668 39.7849044799805 39.9399261474609 40.2545013427734 40.2419052124023 40.3058853149414 40.014591217041 39.9845275878906 39.6987991333008 39.7408752441406
36.3155403137207 37.6196594238281 38.0418815612793 37.7566337585449 36.6671829223633 36.1452407836914 36.1475677490234 35.878532409668 36.6387710571289 36.1758995056152 36.1906318664551 35.7882804870605 37.6061553955078 38.5945816040039 37.6491851806641 38.8740730285645 39.7547454833984 40.4113807678223 40.0565338134766 41.2082862854004 41.2191772460938 41.0440521240234 40.2582626342773 39.3074569702148 40.1967315673828 40.5380973815918 40.1887321472168 40.2928047180176 40.4100036621094 40.9716606140137 40.7939109802246 41.1616134643555 41.0145683288574 40.9682769775391 40.8658256530762 40.4874839782715 40.3820762634277 39.7205848693848 39.3971900939941 39.9346694946289 40.109489440918 40.2224197387695 40.0267524719238 40.0942153930664 40.1614112854004 40.0004806518555
35.0541229248047 35.9152221679688 37.0839767456055 36.9919776916504 36.2675285339355 35.6341438293457 35.2980918884277 34.8002166748047 35.8387603759766 36.3784790039062 35.9400482177734 36.144157409668 37.4966697692871 39.7221755981445 39.1371231079102 39.2416229248047 39.4160346984863 40.9828948974609 41.0878448486328 41.0678596496582 41.0652656555176 40.7027816772461 39.287467956543 39.3468437194824 39.4627647399902 40.2051239013672 39.8906135559082 39.1828308105469 39.8948249816895 41.0835647583008 41.0263442993164 41.1589088439941 41.1100921630859 41.0750350952148 40.9170913696289 40.7542686462402 40.7707366943359 40.0827178955078 39.4942436218262 39.8749580383301 39.5342483520508 39.6861686706543 39.3632736206055 40.107048034668 40.1594009399414 40.146484375
34.9572486877441 34.8221626281738 35.4499359130859 36.0105438232422 36.6102676391602 34.6747398376465 34.4406127929688 35.178825378418 35.6250648498535 36.2776260375977 36.313404083252 36.6765174865723 38.6425170898438 39.6826667785645 40.2445793151855 40.4475440979004 40.6013145446777 41.1713104248047 40.7527618408203 40.5565185546875 40.6003837585449 40.0911445617676 40.3002052307129 40.6026840209961 40.6083145141602 39.9294281005859 39.4434928894043 40.473819732666 40.762077331543 40.7087059020996 40.081974029541 40.8407669067383 41.0190582275391 41.1113433837891 41.0933876037598 41.0006256103516 40.6229019165039 40.2452239990234 40.3350028991699 40.0586853027344 39.9305000305176 39.3014259338379 39.8513832092285 40.088249206543 39.9928169250488 39.8867263793945
35.1206092834473 34.6746368408203 34.9463424682617 35.1654167175293 35.6479187011719 34.1831741333008 33.9346809387207 34.3081436157227 35.4581909179688 36.1209297180176 35.6840705871582 36.1969795227051 36.9913597106934 38.3893051147461 40.0338020324707 39.6704330444336 40.9152450561523 41.1913185119629 40.3865699768066 39.5378494262695 40.2787818908691 40.5019645690918 40.8630332946777 41.1193389892578 41.2386322021484 40.7740097045898 40.7654571533203 41.1645088195801 41.2313461303711 40.4194679260254 39.9227447509766 40.5425910949707 40.6652030944824 41.1318550109863 41.1794281005859 41.1238555908203 40.9484748840332 40.7049751281738 40.2487525939941 39.3648986816406 39.1110954284668 38.9635925292969 39.0050506591797 39.7748908996582 39.8305206298828 40.2889785766602
35.8866004943848 35.5107803344727 36.1793556213379 36.0473899841309 35.7065811157227 34.4887466430664 35.1833038330078 34.9588966369629 35.2353324890137 35.7626800537109 35.5339622497559 35.7833442687988 35.9070739746094 38.1443786621094 39.5817947387695 38.7775611877441 40.4831008911133 40.8101997375488 40.4521522521973 39.1652984619141 39.4794044494629 40.7258911132812 41.1754302978516 41.3129196166992 41.3314666748047 41.231273651123 41.2422904968262 41.3652954101562 40.9243927001953 40.1103668212891 39.9644355773926 40.7205009460449 41.1919822692871 41.229118347168 41.2142028808594 41.196704864502 41.1438102722168 40.9869194030762 40.7029342651367 39.4072456359863 38.750904083252 37.8315544128418 38.9388122558594 38.926872253418 39.9447479248047 40.3748321533203
37.4139175415039 37.2328872680664 36.6704330444336 36.6223068237305 36.1672058105469 35.7525024414062 35.4973831176758 34.620475769043 35.1947860717773 34.7505874633789 34.3339042663574 35.5102005004883 35.8149909973145 37.6333885192871 38.7931900024414 37.9367141723633 38.7773170471191 39.6760711669922 40.3100776672363 40.162166595459 39.6529273986816 40.7583770751953 41.2862968444824 41.055778503418 41.0200614929199 40.6748542785645 41.1380615234375 41.4073028564453 40.3523941040039 39.3776588439941 40.1372680664062 40.783561706543 41.1763534545898 41.2615966796875 41.2691879272461 41.219669342041 41.1927261352539 41.0856704711914 40.8705940246582 40.4284744262695 39.671875 39.1056861877441 38.6165390014648 38.3990020751953 39.3908462524414 39.9625854492188
36.3460311889648 36.3547706604004 36.3870620727539 36.0773468017578 35.6583023071289 35.8756446838379 35.0911407470703 34.6373672485352 34.182373046875 34.26513671875 33.7530708312988 34.5758590698242 34.5735168457031 36.5412864685059 37.6020889282227 36.4419403076172 36.9206924438477 38.7551002502441 40.2784004211426 40.9035987854004 40.3598098754883 41.0497665405273 41.2778549194336 40.8164215087891 40.7880744934082 40.9431419372559 41.4608039855957 41.4254913330078 40.79833984375 40.0341606140137 40.4636001586914 40.7742767333984 41.2538032531738 41.2742500305176 41.2142066955566 41.192066192627 41.1850090026855 41.095043182373 41.0072479248047 40.7783241271973 40.5073051452637 39.8830680847168 39.4448204040527 39.3961601257324 39.6476821899414 40.1280746459961
35.7030334472656 35.9423980712891 35.8482933044434 35.8142242431641 35.0223007202148 35.7485961914062 34.9020462036133 33.7896194458008 33.2556762695312 33.6068420410156 33.3277702331543 33.940731048584 34.6486701965332 36.3052520751953 36.5831642150879 36.2787475585938 38.5501480102539 39.6701507568359 40.5278587341309 41.0695533752441 41.3918151855469 41.449577331543 41.3774375915527 41.2681694030762 41.0107688903809 41.3561210632324 41.4925003051758 41.3537483215332 40.9153938293457 40.1719627380371 40.2781028747559 40.9377326965332 41.1742553710938 40.6359977722168 41.0527763366699 41.1935195922852 41.1629600524902 41.115062713623 41.0606422424316 40.9321441650391 40.6087799072266 39.7401924133301 40.1229057312012 40.1670074462891 40.0592956542969 39.9908676147461
35.1009559631348 35.3762893676758 35.2405128479004 35.4879188537598 35.571949005127 35.5937347412109 35.2666358947754 34.273983001709 34.3631935119629 34.4588165283203 33.5619964599609 33.3865242004395 34.2441215515137 36.2458457946777 36.7105293273926 37.234676361084 37.3163070678711 38.338939666748 40.5020179748535 41.1722831726074 41.3997573852539 41.3391914367676 41.1604156494141 41.098072052002 41.2687873840332 41.3703918457031 41.3338394165039 40.8786582946777 39.7912826538086 39.9881973266602 40.3682632446289 41.2763595581055 40.9601211547852 40.3024559020996 41.0822143554688 41.0135879516602 41.0393333435059 41.097728729248 40.9832458496094 40.6551284790039 39.9937515258789 38.5261878967285 38.226734161377 39.4332084655762 39.845874786377 40.1952209472656
35.7114944458008 35.2856903076172 35.1471252441406 35.3018112182617 35.4296989440918 35.3694496154785 34.9684066772461 34.6328201293945 35.1573448181152 34.5406532287598 34.4345626831055 34.4286193847656 35.1427154541016 36.1640777587891 36.3094100952148 36.9789161682129 38.1534156799316 39.519416809082 40.5928916931152 41.0641822814941 41.4550552368164 41.4222412109375 40.8460540771484 40.5120162963867 40.7690200805664 40.6181221008301 40.7318153381348 40.9206657409668 40.7904853820801 40.7673034667969 41.1264724731445 41.4289169311523 40.7078819274902 40.6042785644531 41.2568664550781 40.688175201416 40.8404121398926 40.7890968322754 40.8706245422363 40.524715423584 38.8911590576172 38.0305709838867 37.3380126953125 39.4113998413086 40.0521087646484 39.859561920166
36.0993118286133 35.0218887329102 34.9842338562012 35.0902938842773 35.2199859619141 35.1142234802246 35.1379585266113 35.6386032104492 35.3211441040039 34.6412696838379 35.6745109558105 36.0895729064941 36.2593383789062 35.7057571411133 35.7312126159668 36.6851768493652 38.105396270752 39.7061767578125 39.8162536621094 40.7499504089355 41.287223815918 41.3067932128906 40.7543258666992 40.4719467163086 39.5474014282227 40.2145729064941 40.8091049194336 40.9815406799316 41.2483863830566 41.2552680969238 41.461856842041 41.3896217346191 41.3458442687988 41.3737144470215 41.3175048828125 41.0475616455078 39.9629554748535 40.6506652832031 40.8643608093262 40.8037948608398 40.7628479003906 39.3100509643555 39.123908996582 40.6230010986328 40.9319686889648 40.9075469970703
36.154354095459 35.2638320922852 34.961051940918 34.900074005127 35.0946350097656 34.9452438354492 35.5578727722168 37.0327224731445 36.2565689086914 35.646312713623 37.4151802062988 38.2624816894531 37.7906188964844 35.844554901123 36.2137222290039 36.329044342041 38.4206085205078 38.503116607666 38.3493881225586 39.4495811462402 40.8027267456055 41.0667572021484 40.6869583129883 40.6753692626953 40.5214233398438 40.1422080993652 40.2270660400391 40.3949089050293 41.1889457702637 41.1444931030273 41.2432708740234 41.0189056396484 41.2474403381348 41.4142646789551 41.0788993835449 41.0642509460449 40.2896156311035 40.4330558776855 40.7429962158203 40.5529479980469 41.0361175537109 41.0351181030273 40.919677734375 40.9638442993164 41.0842971801758 40.9470672607422
35.9050521850586 35.3203277587891 35.135124206543 35.303783416748 35.2493057250977 35.3519134521484 35.7395858764648 37.8612213134766 38.0988349914551 36.6283683776855 38.9122886657715 40.0701484680176 39.1974487304688 37.6981010437012 37.6098480224609 38.380931854248 39.2070350646973 39.7650718688965 40.1440773010254 40.504322052002 40.7667236328125 40.4544067382812 38.8680648803711 39.2047653198242 39.8292388916016 39.3982810974121 39.6497230529785 40.6440582275391 41.0784912109375 41.3098068237305 40.0664978027344 40.040397644043 40.9882202148438 41.3308181762695 40.7736053466797 40.8126907348633 39.8874816894531 40.4860763549805 40.7166595458984 40.5459785461426 41.0855484008789 41.1779632568359 41.2014923095703 41.1934967041016 41.1242980957031 40.7681922912598
35.9329795837402 35.5750579833984 35.5402145385742 35.6814651489258 35.8588333129883 36.0000381469727 36.7332954406738 38.7401275634766 38.598258972168 38.006477355957 39.7603645324707 41.0993614196777 40.1102256774902 38.7254447937012 38.0616302490234 40.1630020141602 40.5911064147949 40.8361396789551 41.0730285644531 41.099178314209 40.6118392944336 40.2983551025391 40.4211654663086 39.7654800415039 40.157341003418 40.7203636169434 40.9689598083496 41.0560760498047 41.2956161499023 41.2076721191406 39.3182563781738 40.1662559509277 41.1467437744141 41.0530548095703 40.5502243041992 40.5082702636719 40.3193664550781 40.9074211120605 40.9363861083984 40.941822052002 40.9155883789062 41.0991897583008 41.1497802734375 41.1565017700195 41.0659790039062 41.0154457092285
35.8887214660645 35.6275405883789 36.1223983764648 36.8081130981445 36.9129371643066 37.425350189209 38.7982597351074 39.5591201782227 38.8171615600586 39.2924461364746 41.0351066589355 41.6426811218262 40.9795989990234 39.7448348999023 38.8205604553223 40.1091995239258 40.1046714782715 40.4576568603516 41.3322982788086 41.5657119750977 41.2109603881836 40.8048553466797 41.2010459899902 40.9676094055176 40.80908203125 41.3704872131348 41.245288848877 41.1437301635742 41.4407348632812 41.1689224243164 40.4477119445801 41.0000076293945 41.2019348144531 40.8413963317871 39.740966796875 39.6995162963867 40.0784454345703 40.9207496643066 40.5768394470215 40.5473937988281 40.5783576965332 40.9102363586426 40.8829612731934 40.9485282897949 40.7739677429199 40.931755065918
35.9399070739746 36.1128234863281 37.1410675048828 38.0792388916016 38.9623374938965 40.1529579162598 40.933162689209 40.0837783813477 37.7205963134766 38.5100288391113 40.3863792419434 41.6988220214844 41.1797790527344 40.7715225219727 39.6803131103516 40.8773727416992 41.0541038513184 40.312255859375 41.2378921508789 41.6441688537598 41.5821266174316 41.0595703125 41.452465057373 41.5691871643066 41.3812561035156 41.4919166564941 41.2662811279297 40.3629264831543 41.3062896728516 41.4683876037598 41.3723182678223 41.2393569946289 40.8622550964355 40.4586753845215 39.4619941711426 39.5339279174805 40.4191207885742 40.3382148742676 40.1650466918945 39.9401779174805 40.1164665222168 40.4668998718262 40.2335166931152 40.6453018188477 40.1012649536133 40.5559387207031
