inst/extdata/Tmax/Tmax35.asc
NCOLS 100 
NROWS 79 
XLLCORNER 148.06 
YLLCORNER -21.49 
CELLSIZE 0.01 
NODATA_value -3.4e+38 
[rows 40 to 59 of 79, columns 0 to 45 of 100]
32.032684326171903 31.6703872680664 32.5549049377441 33.2021446228027 32.3802261352539 32.2517471313477 32.2343902587891 32.2169075012207 31.4661617279053 31.8542346954346 32.4837112426758 33.9536819458008 34.4266242980957 33.4064521789551 33.4748001098633 33.0185546875 32.8852806091309 32.1893882751465 31.4994468688965 31.7656021118164 31.7471752166748 31.8464698791504 31.8070678710938 31.7743034362793 30.0758457183838 30.2131938934326 29.419713973999 29.4408588409424 29.7844276428223 28.6779594421387 27.662260055542 26.6572399139404 28.3919143676758 28.177698135376 27.6445865631104 28.0689849853516 27.6425476074219 24.8156909942627 24.31569480896 23.8480625152588 23.4328804016113 22.6415100097656 22.174711227417 21.9403839111328 21.7125072479248 23.5518283843994
32.4881210327148 32.1959686279297 32.3049354553223 33.0008010864258 33.1215858459473 32.9887809753418 32.259708404541 32.5950622558594 32.210376739502 32.8212699890137 32.8396530151367 33.7129020690918 33.9986610412598 34.024528503418 33.2992362976074 34.0111427307129 33.1951713562012 32.185848236084 31.4588451385498 32.0059928894043 32.3954048156738 32.6046142578125 32.0276679992676 31.0824851989746 29.1019554138184 28.5010890960693 29.0751609802246 29.2208557128906 29.499454498291 28.9968357086182 27.8250293731689 27.8276920318604 28.1912517547607 28.7277088165283 25.7600269317627 26.8549842834473 26.2687473297119 24.7405166625977 24.6176357269287 26.1372623443604 25.9159049987793 23.5799903869629 21.7774753570557 21.7092456817627 21.7493190765381 22.1097793579102
32.4702682495117 32.4413909912109 32.6679153442383 32.717113494873 32.6286010742188 32.4837265014648 32.464485168457 32.8537368774414 32.5721321105957 32.7562255859375 33.1674919128418 33.9007606506348 34.660701751709 34.0754776000977 34.1378860473633 33.5897102355957 33.4737243652344 33.2784843444824 32.5089721679688 32.4461555480957 32.742603302002 31.9271469116211 31.8912830352783 31.2022933959961 31.3137111663818 30.6821403503418 28.5608673095703 29.2421054840088 29.2453517913818 28.7350559234619 27.1647109985352 27.250659942627 26.1991004943848 26.1555213928223 25.0691890716553 25.3639755249023 23.2458305358887 24.2072200775146 24.5318355560303 23.9657592773438 24.6761512756348 23.7956409454346 24.0167274475098 22.7571964263916 22.6229267120361 23.5760116577148
31.6660804748535 32.1772422790527 32.5871887207031 32.6723175048828 32.9263648986816 32.7375259399414 33.464916229248 33.2308311462402 32.7324638366699 32.6849555969238 32.8661079406738 33.5260238647461 34.0430526733398 34.1965560913086 34.575439453125 34.6147155761719 34.139575958252 33.884407043457 32.889347076416 32.7289848327637 32.7994766235352 32.6412506103516 32.02490234375 30.6470508575439 30.8982887268066 30.7784366607666 30.3179721832275 30.0041465759277 29.2142848968506 29.4283180236816 28.2258472442627 27.8165950775146 29.2279415130615 27.9707164764404 28.2330455780029 22.3007926940918 22.8586654663086 22.9588279724121 23.1638793945312 22.838996887207 22.563362121582 23.1981964111328 22.8940982818604 23.7196960449219 25.4262199401855 27.7168617248535
31.3171482086182 31.997652053833 31.9245777130127 31.9251499176025 32.5713729858398 32.7327880859375 32.7852516174316 32.9807357788086 32.8106346130371 33.0317115783691 32.8312187194824 33.6974792480469 33.7738494873047 34.400505065918 34.6811180114746 34.4621696472168 34.0466079711914 34.2096176147461 34.0281028747559 33.8401641845703 33.2573471069336 33.0637283325195 32.2512054443359 32.7808876037598 32.0686225891113 30.909309387207 30.9457988739014 30.2467727661133 30.555103302002 29.642370223999 29.3626976013184 28.9351272583008 29.4135303497314 31.2127227783203 31.1527442932129 23.0462818145752 21.9946613311768 22.0445423126221 22.1622447967529 22.6368732452393 22.4310054779053 22.8329639434814 22.3054294586182 22.925365447998 24.5422496795654 27.6672515869141
32.4466209411621 31.8927764892578 31.4063816070557 31.532543182373 32.226188659668 32.1673011779785 32.4885292053223 32.9084739685059 33.0250549316406 32.9534339904785 32.8067665100098 33.3073883056641 33.1486778259277 34.2691879272461 34.9029312133789 34.4218597412109 33.9016265869141 34.4732894897461 33.6869430541992 33.4036407470703 33.3061332702637 32.950309753418 32.4181709289551 31.2847919464111 31.9475727081299 31.8968544006348 30.3785781860352 30.7526779174805 30.8916339874268 29.8008880615234 28.5734310150146 28.4992694854736 29.5818500518799 29.6147136688232 31.6666030883789 28.2016487121582 22.7378845214844 22.0175170898438 22.085636138916 22.7961311340332 22.1675586700439 22.5343761444092 22.973461151123 22.9698143005371 24.0587501525879 24.8433113098145
31.1216487884521 31.5942802429199 32.050609588623 31.3047828674316 31.1889629364014 31.667818069458 32.3770370483398 32.5451431274414 32.5723152160645 32.3774948120117 32.9906768798828 33.1208686828613 32.2219657897949 32.913990020752 34.3546905517578 33.1803741455078 33.2311096191406 34.3304443359375 34.0979499816895 32.802360534668 32.9844436645508 32.6314964294434 32.7052955627441 32.9883918762207 30.321496963501 30.7033500671387 30.6808853149414 30.8535842895508 30.9991264343262 31.1237888336182 29.4267692565918 28.9092292785645 28.5025463104248 28.8116703033447 30.2663059234619 30.1921291351318 22.8837089538574 23.0148239135742 22.9530124664307 23.5482006072998 22.8881301879883 22.7746295928955 23.002197265625 28.6084461212158 24.253568649292 23.3464851379395
32.443000793457 31.1953468322754 32.1355819702148 31.0371627807617 31.0423927307129 31.3288955688477 31.5777587890625 31.5169486999512 31.4118518829346 32.071907043457 31.8371315002441 31.9129314422607 32.3046760559082 33.1781959533691 34.0661773681641 34.2291259765625 33.6239318847656 34.0477828979492 33.892879486084 32.9021530151367 33.5099830627441 33.4359283447266 32.0899124145508 32.3200302124023 32.0203971862793 32.7569885253906 32.323917388916 31.6705951690674 31.7538433074951 31.6116027832031 30.9254951477051 30.1632537841797 28.862922668457 29.9047660827637 29.9008903503418 28.8326606750488 28.4844017028809 26.4755592346191 24.3012084960938 24.2917900085449 23.768518447876 23.6472206115723 23.6515789031982 23.5049514770508 22.900016784668 22.6499118804932
33.8352508544922 31.9357280731201 30.6101894378662 30.2735977172852 30.4336109161377 31.5472602844238 31.0683517456055 30.9688491821289 30.9142189025879 31.7849769592285 31.9651947021484 31.7718944549561 32.2693519592285 33.3501319885254 34.2125778198242 33.3555603027344 33.3810081481934 33.0504722595215 33.5766639709473 32.5133209228516 32.6511993408203 33.6254234313965 33.3877067565918 33.0844879150391 32.472469329834 31.8919582366943 32.8666801452637 33.4678535461426 32.8784713745117 31.7487602233887 30.7517967224121 30.7840557098389 29.8344478607178 29.6168575286865 29.586727142334 29.6187553405762 29.9260501861572 29.7529315948486 29.8578453063965 28.1216869354248 23.1182460784912 23.184362411499 23.4389915466309 23.0765857696533 23.0428714752197 22.7390880584717
34.0539588928223 33.0388641357422 32.0538902282715 30.1538257598877 30.0965538024902 30.2037506103516 30.7994594573975 30.9592456817627 30.9872989654541 32.4150886535645 33.2954330444336 32.7885665893555 32.3901748657227 32.5697288513184 32.724666595459 32.7966003417969 33.3216590881348 33.503101348877 33.1233253479004 33.8062438964844 32.6497421264648 33.1630821228027 33.5477256774902 33.4130859375 32.9229545593262 33.4300880432129 31.8219165802002 32.8787994384766 32.2770500183105 31.6140937805176 30.6067905426025 31.1341819763184 29.1696224212646 29.1002655029297 29.3219890594482 25.9867782592773 30.0660362243652 29.7709522247314 29.4444351196289 29.5512428283691 28.154842376709 23.0591201782227 22.7585163116455 25.0546188354492 25.0188617706299 25.5728816986084
34.4005661010742 33.5468711853027 33.0448036193848 30.608850479126 30.5219612121582 30.0883140563965 30.272705078125 30.9465713500977 30.8936862945557 32.163013458252 33.3230438232422 33.1490058898926 33.2829093933105 33.663948059082 33.4987831115723 33.1081771850586 33.4074783325195 33.4072341918945 33.4318351745605 32.6379432678223 33.5910148620605 33.3945350646973 33.1102981567383 32.6505241394043 32.3709449768066 32.3602485656738 31.9614715576172 31.3872051239014 32.3104515075684 32.070426940918 30.9114818572998 31.0844058990479 29.5392799377441 29.6947937011719 27.9851760864258 29.0650882720947 29.0028095245361 29.440372467041 29.279167175293 29.3482551574707 28.9010334014893 28.1921710968018 26.9487152099609 26.1436748504639 24.8237380981445 24.7247581481934
34.1559371948242 34.3232078552246 33.1778793334961 31.4426078796387 31.1118202209473 31.468448638916 30.8526039123535 30.4334926605225 29.7482242584229 30.7371940612793 32.8240585327148 33.497200012207 33.7326774597168 32.9474029541016 33.5236282348633 33.4596710205078 33.617015838623 33.9711494445801 34.1059646606445 32.9091758728027 33.7709693908691 33.6706733703613 32.2832679748535 32.2973976135254 32.145622253418 31.2621307373047 31.1374015808105 31.315881729126 32.118839263916 32.8090858459473 32.6267623901367 30.4788646697998 30.0922431945801 29.1108798980713 28.7591037750244 28.2373828887939 28.3055114746094 29.0461559295654 29.0104122161865 29.0113315582275 28.2523212432861 27.9925994873047 27.5252723693848 26.6587371826172 22.8916530609131 22.7290439605713
33.5890579223633 34.1989364624023 33.894645690918 30.2792873382568 29.6710262298584 30.530933380127 30.4453735351562 30.6123828887939 29.7126998901367 29.9475231170654 31.8337650299072 31.5481395721436 32.4322509765625 33.5411911010742 33.1613426208496 33.5806732177734 33.7754783630371 34.0595550537109 33.9351844787598 33.8227005004883 33.7714729309082 33.57568359375 33.4181900024414 32.3103523254395 33.2356033325195 32.9076614379883 31.5046138763428 31.5792922973633 31.6957244873047 32.391731262207 32.4492454528809 31.0735607147217 30.062671661377 29.3839855194092 29.3243503570557 30.0825805664062 28.2405490875244 27.9377288818359 28.6483821868896 29.7419834136963 29.6491355895996 28.9278545379639 28.8429164886475 28.0522384643555 23.1673908233643 22.6233730316162
33.868782043457 33.3670310974121 33.3079528808594 31.0992813110352 29.9528369903564 31.1489906311035 31.1914005279541 30.5935821533203 29.7947254180908 29.9435405731201 31.6316032409668 31.1804141998291 33.2090682983398 33.1938018798828 33.0745849609375 33.9223213195801 33.5989685058594 33.9975090026855 32.7843208312988 33.6198387145996 33.7223777770996 33.7968139648438 33.619083404541 32.8007965087891 32.1600875854492 32.3644371032715 32.3536376953125 31.7875118255615 31.2858085632324 31.6412048339844 32.01611328125 32.3655853271484 32.3775329589844 31.547025680542 30.5147895812988 31.1120262145996 29.7268142700195 28.8298168182373 27.5270023345947 28.9634113311768 29.9546203613281 30.1095447540283 29.5110816955566 29.266731262207 26.7207069396973 26.2768745422363
33.5740203857422 32.7446098327637 32.9765090942383 32.0711936950684 31.539119720459 31.3048763275146 31.8386096954346 31.3569488525391 31.6379470825195 30.7218952178955 30.7817344665527 31.6292896270752 31.8996391296387 32.8479499816895 33.6069107055664 33.7849349975586 33.7129249572754 33.9057426452637 33.8786392211914 33.065803527832 33.0866241455078 33.7439575195312 33.3193244934082 33.7997512817383 32.9895439147949 32.316478729248 31.7773456573486 32.1662063598633 30.7464923858643 31.8992919921875 31.4780941009521 31.0232791900635 32.0439414978027 31.7850742340088 32.6858024597168 30.3384742736816 30.4156532287598 31.0126075744629 30.663215637207 29.3289928436279 29.3010425567627 28.5051727294922 27.7454376220703 26.9319972991943 27.0717945098877 23.9682502746582
33.6599960327148 33.6988639831543 33.5601577758789 32.5158004760742 32.1560096740723 31.985725402832 32.4186630249023 32.8204917907715 32.0138092041016 30.8779182434082 31.6820831298828 33.0635223388672 32.8045616149902 33.7822952270508 33.5753898620605 33.6840515136719 32.4318466186523 33.0456924438477 33.1935005187988 33.2285385131836 32.8707160949707 32.9543190002441 32.5854110717773 33.2115936279297 32.8609466552734 33.1143531799316 32.2374649047852 32.583683013916 31.4920692443848 31.9210109710693 32.010009765625 31.4877128601074 30.8253955841064 30.8287658691406 31.3323764801025 31.9499950408936 31.6126670837402 31.466251373291 30.651439666748 29.0117931365967 28.3790626525879 29.1567478179932 27.0918807983398 23.562126159668 23.9581184387207 23.7497615814209
33.1655807495117 33.5763359069824 33.1458625793457 33.7425651550293 32.5638885498047 31.2282676696777 31.9113006591797 32.7123985290527 32.3335037231445 31.5573997497559 31.4725818634033 33.2888641357422 33.6747512817383 32.5411338806152 33.1816482543945 33.5886344909668 32.3332633972168 32.7480087280273 33.0500564575195 32.1652717590332 32.3873825073242 32.7146644592285 32.9419555664062 32.8226547241211 32.8571815490723 32.78173828125 32.5763244628906 32.0635452270508 31.75119972229 32.2304954528809 30.5231857299805 31.2769527435303 29.64186668396 29.707935333252 30.2093811035156 31.3773155212402 30.7086753845215 29.6273612976074 29.5664005279541 24.8191947937012 24.4480972290039 27.9862041473389 26.7197017669678 23.150951385498 23.5909175872803 23.7363586425781
33.6335144042969 33.9489364624023 33.5720710754395 33.3578414916992 32.8912925720215 33.143424987793 32.0374488830566 31.9430637359619 32.3685188293457 32.260326385498 30.9723587036133 32.3039131164551 33.6783905029297 33.3948440551758 32.9804878234863 33.5204658508301 32.9592590332031 32.7419166564941 31.4054164886475 32.6634101867676 32.9999885559082 33.0964508056641 32.2621994018555 32.7446365356445 33.4445838928223 32.7727546691895 32.5967063903809 32.1013259887695 32.1867256164551 32.645938873291 31.9472560882568 31.807804107666 31.5759353637695 31.0106735229492 29.8628959655762 29.9685859680176 30.894718170166 30.0903739929199 28.8884220123291 24.6831016540527 24.5535316467285 28.681037902832 24.0949306488037 23.8036861419678 23.2241897583008 23.380184173584
33.8685455322266 33.8251533508301 33.9428024291992 33.5742301940918 33.5083656311035 32.8616485595703 31.8553256988525 31.6039943695068 31.8680648803711 30.9621315002441 31.3017673492432 33.3786239624023 33.1285209655762 33.8288917541504 32.9442100524902 32.9988746643066 31.8076152801514 31.6667308807373 31.6367988586426 31.6862735748291 31.7792625427246 32.1390075683594 31.4455947875977 32.1086196899414 33.3332901000977 32.675666809082 32.3097877502441 32.3857116699219 32.2013664245605 32.7055549621582 31.8871994018555 31.8384914398193 31.6735229492188 31.1047954559326 31.0148239135742 29.951099395752 29.9085559844971 29.453556060791 25.3322162628174 25.2207679748535 24.9080295562744 28.1038494110107 24.1939678192139 23.4265460968018 23.4660167694092 23.3698539733887
33.6704978942871 33.0691070556641 33.8097877502441 32.7635116577148 33.4868698120117 32.2564125061035 32.1503982543945 31.4658813476562 31.8555641174316 30.9887351989746 31.0511627197266 30.7256469726562 32.6087684631348 33.4785461425781 33.4383735656738 32.7174530029297 31.5769443511963 31.6777324676514 31.5793876647949 30.9153347015381 31.2834606170654 32.6593475341797 31.6925601959229 32.0694580078125 32.1338882446289 32.598762512207 32.4217224121094 32.2209396362305 32.3963203430176 33.0357856750488 32.070198059082 31.6520309448242 31.2400341033936 32.0116920471191 31.6403064727783 31.2267570495605 30.5355186462402 29.3196754455566 28.7665023803711 28.7316398620605 28.064416885376 28.0957679748535 27.3332366943359 23.5400047302246 23.439603805542 23.445972442627
