inst/extdata/Tmax/Tmax117.asc
NCOLS 100 
NROWS 79 
XLLCORNER 148.06 
YLLCORNER -21.49 
CELLSIZE 0.01 
NODATA_value -3.4e+38 
[rows 40 to 59 of 79, columns 0 to 45 of 100]
41.799369812011697 41.5344848632812 41.5683517456055 41.5993423461914 41.4938888549805 41.5977325439453 41.5388679504395 41.3618927001953 40.9398231506348 41.3293151855469 41.9036178588867 42.1763572692871 42.2139320373535 42.2649421691895 42.3405990600586 42.1449775695801 41.8840179443359 41.5723190307617 41.0517311096191 41.5056610107422 41.5023536682129 41.3893127441406 41.3378715515137 40.9786682128906 40.159309387207 39.568229675293 39.3689422607422 39.461067199707 39.5737152099609 38.9905242919922 38.3990783691406 38.7778663635254 39.9565963745117 39.7126388549805 39.4801406860352 39.7918853759766 39.6963005065918 39.4035339355469 39.2059097290039 38.7927093505859 38.7606811523438 37.935489654541 37.4038009643555 37.4033737182617 37.1677131652832 37.0221672058105
41.9447402954102 41.5726547241211 41.4672012329102 41.5634307861328 41.4746704101562 41.5511627197266 41.5414962768555 41.4490013122559 41.2277870178223 41.3420028686523 41.6508255004883 41.9516792297363 42.1626739501953 42.3206634521484 42.381763458252 42.2338981628418 41.944278717041 41.4949111938477 41.1951713562012 41.3324928283691 41.3585777282715 41.1304893493652 41.2985076904297 41.0488052368164 40.4454574584961 39.9929084777832 39.4076766967773 39.3395881652832 39.5391006469727 39.1422843933105 38.7543716430664 39.3254852294922 39.958438873291 39.2703666687012 38.6046829223633 39.3187637329102 39.3469200134277 39.5490455627441 39.521427154541 39.3125991821289 39.2084693908691 38.5151634216309 37.2148513793945 37.1066513061523 37.1806526184082 37.1479530334473
41.8318328857422 41.7674560546875 41.5814590454102 41.4764175415039 41.5346374511719 41.5576629638672 41.5216217041016 41.49072265625 41.4634628295898 41.424129486084 41.4728469848633 41.8888816833496 42.1812896728516 42.3156929016113 42.337760925293 42.2963333129883 42.0746879577637 41.7886581420898 41.5872039794922 41.5485153198242 41.4749221801758 40.870361328125 40.810489654541 41.0188026428223 41.0479545593262 40.6504974365234 39.8369598388672 39.5399208068848 39.4728050231934 39.2707099914551 38.445255279541 39.4232978820801 39.4797973632812 38.4891929626465 37.7376136779785 38.5835647583008 38.5692291259766 39.1792755126953 39.339656829834 39.0667762756348 38.8567008972168 38.8882522583008 38.3345718383789 38.1359596252441 38.5352516174316 39.4742813110352
41.5440673828125 41.6117172241211 41.6032676696777 41.6017570495605 41.6313056945801 41.627799987793 41.5812301635742 41.5381317138672 41.5913887023926 41.5682678222656 41.580207824707 41.9338760375977 42.1608352661133 42.304573059082 42.3288116455078 42.3485412597656 42.2384796142578 42.0503768920898 41.8017234802246 41.8413581848145 41.6872329711914 41.438159942627 40.8251533508301 40.507453918457 41.1241683959961 40.9357681274414 40.5469741821289 40.112133026123 39.8084983825684 39.6519813537598 38.9208221435547 38.8270263671875 39.4798469543457 39.0177803039551 38.4261817932129 38.0020713806152 38.0679550170898 38.3029823303223 38.5207557678223 38.3059043884277 37.8851432800293 38.5436782836914 38.1384506225586 39.0317764282227 40.6829452514648 41.2497863769531
41.2915954589844 41.4415626525879 41.4269332885742 41.4302253723145 41.5993118286133 41.7047233581543 41.7141723632812 41.6675148010254 41.725715637207 41.7710113525391 41.9266166687012 42.0342102050781 42.1545867919922 42.250373840332 42.3104019165039 42.3644256591797 42.3180923461914 42.1928901672363 42.0561447143555 42.0172119140625 41.9036140441895 41.7586250305176 41.4893569946289 41.3003387451172 41.1434707641602 40.7273826599121 40.9431953430176 40.8376121520996 40.5470008850098 39.9236526489258 39.3669128417969 39.3451499938965 39.6425552368164 39.7996673583984 39.5318794250488 38.4532699584961 37.2093772888184 37.1793479919434 37.2809867858887 37.5962524414062 37.486873626709 37.9834213256836 37.5443344116211 38.3311386108398 39.9942779541016 41.2807006835938
41.3172798156738 41.3573760986328 41.2219657897949 41.1258125305176 41.3128929138184 41.5143775939941 41.7081069946289 41.8189086914062 41.883056640625 41.9698638916016 42.0363578796387 41.9522323608398 41.7552185058594 42.096549987793 42.3063507080078 42.3546142578125 42.3369750976562 42.282039642334 42.2044334411621 42.1503067016602 42.0722770690918 41.9602661132812 41.9140701293945 41.3639869689941 41.0508575439453 40.9855804443359 41.0450134277344 40.8963317871094 40.7286415100098 40.2627792358398 39.1230087280273 39.2968406677246 39.5846748352051 39.6479835510254 39.7435150146484 38.9183578491211 37.7052307128906 37.486385345459 37.5206069946289 37.9308166503906 37.3825416564941 37.7004165649414 38.0762939453125 38.3703079223633 39.1973571777344 40.2947463989258
41.1993675231934 41.1569709777832 41.1679763793945 41.1043701171875 41.0184020996094 41.0735015869141 41.5075798034668 41.6243286132812 41.7381019592285 41.7586708068848 41.9596252441406 42.0388717651367 41.819091796875 42.0556640625 42.263786315918 42.3385543823242 42.328311920166 42.2740020751953 42.2414436340332 42.2086563110352 42.1446266174316 42.0672454833984 41.9793968200684 41.5524635314941 40.8070106506348 40.9118194580078 41.0550537109375 40.8552780151367 40.8130874633789 40.6825637817383 39.9553108215332 39.6432037353516 39.3203468322754 39.5639572143555 39.6942367553711 39.2636680603027 38.2702217102051 38.5355796813965 38.0470809936523 38.7042694091797 38.1885604858398 38.3177871704102 38.4329681396484 38.538330078125 38.5368881225586 38.3652877807617
41.6015396118164 41.0082778930664 40.9397964477539 40.8947219848633 40.8740272521973 40.9896812438965 41.2589912414551 41.221923828125 41.4513778686523 41.4996185302734 41.5764122009277 41.621696472168 41.7939529418945 42.0518417358398 42.2261352539062 42.3360290527344 42.309154510498 42.2072982788086 42.0486526489258 41.9645156860352 42.088062286377 41.9065589904785 41.926456451416 41.8705940246582 41.4595642089844 41.3741226196289 41.3720932006836 41.1957321166992 41.0458488464355 40.8463668823242 40.2207221984863 39.8724708557129 39.2233657836914 39.5889854431152 39.6331558227539 39.4237060546875 39.0102882385254 39.2231712341309 38.9817695617676 39.2117614746094 38.9725608825684 38.7649230957031 38.6357498168945 38.5002670288086 38.1853942871094 37.9705123901367
42.2350883483887 41.5064697265625 40.8318939208984 40.700855255127 40.820987701416 40.9914207458496 40.9169921875 40.9195823669434 41.2281494140625 41.4995765686035 41.5688629150391 41.539436340332 41.751651763916 42.0320281982422 42.2529182434082 42.3175468444824 42.3077278137207 42.2490997314453 42.0994453430176 41.8993949890137 41.9668388366699 41.9023971557617 41.8334159851074 41.9550399780273 41.8593597412109 41.7653732299805 41.4894714355469 41.3131980895996 41.2353973388672 40.9712257385254 40.6154098510742 40.1761054992676 39.3849563598633 39.5308418273926 39.507511138916 39.5670166015625 39.4628868103027 39.4417610168457 39.3396759033203 39.1738891601562 38.4367637634277 38.2633743286133 38.4528160095215 38.2167816162109 38.0953330993652 37.7749938964844
42.4711380004883 42.0059089660645 41.2550239562988 40.7403259277344 40.7309761047363 40.7250671386719 40.735595703125 41.0507850646973 41.2683372497559 41.1781044006348 41.7397117614746 41.9326362609863 42.0334053039551 42.1276817321777 42.219539642334 42.2988510131836 42.2876586914062 42.2447700500488 42.154712677002 42.0293769836426 41.9370536804199 41.8578071594238 41.6923370361328 41.7319297790527 41.8866844177246 41.875301361084 41.6562614440918 41.1681175231934 40.7161483764648 40.9645156860352 40.6920738220215 40.3947563171387 39.6555862426758 39.3846321105957 39.1943054199219 39.4774055480957 39.536075592041 39.4475479125977 39.4118995666504 39.1271514892578 38.4880523681641 38.1012763977051 38.2732734680176 37.9333076477051 37.8544387817383 37.7724685668945
42.4655647277832 42.2950096130371 41.8946189880371 41.3371467590332 40.8579978942871 40.5883979797363 40.7182540893555 41.0087280273438 41.0519943237305 41.3281898498535 41.8525810241699 42.0473442077637 42.1641883850098 42.2597885131836 42.2803421020508 42.3057861328125 42.1819496154785 42.1957740783691 42.2040328979492 42.1349258422852 42.0359230041504 41.8744468688965 41.6978302001953 41.6257820129395 41.7271270751953 41.7670288085938 41.786750793457 41.5811386108398 41.3265151977539 41.195499420166 40.6974487304688 40.5329399108887 39.7654228210449 39.3916931152344 38.8277626037598 39.2649955749512 39.3695831298828 39.3650245666504 39.4143943786621 39.2461280822754 38.7662086486816 38.5911293029785 38.5016326904297 38.305004119873 38.005313873291 37.8431282043457
42.4364738464355 42.3907775878906 42.1678504943848 41.5738487243652 41.0508918762207 40.7987937927246 40.7457427978516 40.8244705200195 40.6053810119629 40.7482757568359 41.524356842041 41.8715705871582 42.0355491638184 42.2229118347168 42.3028984069824 42.2713661193848 42.180850982666 42.1829490661621 42.1537971496582 42.145751953125 42.0612106323242 41.9485397338867 41.8560256958008 41.6719017028809 41.567928314209 41.514533996582 41.4624557495117 41.5716552734375 41.369743347168 41.4799842834473 41.5033836364746 40.7650146484375 40.2205047607422 39.8108749389648 39.3583602905273 39.4805755615234 39.4243659973145 39.2651290893555 39.3973121643066 39.3082733154297 38.8520088195801 38.6834259033203 38.579402923584 38.4095916748047 37.9536972045898 37.7783317565918
42.2813949584961 42.3337631225586 42.2106056213379 41.3438987731934 40.6295166015625 40.6078605651855 40.6861915588379 40.5661468505859 40.3392448425293 40.4633178710938 41.4635772705078 41.8725166320801 42.0712471008301 42.2407760620117 42.2531433105469 42.2115592956543 42.1817169189453 42.13134765625 42.0959854125977 42.0934143066406 42.1042861938477 42.0363578796387 41.8932800292969 41.712230682373 41.5133056640625 41.3703765869141 41.3283805847168 41.2895088195801 41.2861938476562 41.1938056945801 41.3698348999023 41.2366828918457 40.7232437133789 40.1618843078613 39.7608528137207 40.0715675354004 40.0065956115723 39.5699195861816 39.3905296325684 39.4546699523926 39.3055877685547 39.0464973449707 38.7589073181152 38.5306816101074 38.2168579101562 37.858024597168
42.1106224060059 42.1559600830078 42.2597465515137 41.8782119750977 40.9842720031738 40.6781883239746 40.9801864624023 40.5338439941406 40.3959732055664 40.4735870361328 41.4377250671387 41.9655570983887 42.1603889465332 42.246021270752 42.1849365234375 42.1021957397461 42.0780181884766 42.1036949157715 42.0764007568359 41.9831695556641 42.0291290283203 42.0690994262695 41.942497253418 41.8066520690918 41.6319694519043 41.4877624511719 41.1524429321289 40.9823112487793 40.6654739379883 40.9814186096191 40.8324890136719 41.3118133544922 41.3549423217773 41.0425491333008 40.5953598022461 40.627067565918 40.2719078063965 39.9497146606445 39.6674118041992 40.0144004821777 39.6314735412598 39.3607521057129 39.2162132263184 39.0879211425781 38.831241607666 38.6928558349609
42.0005416870117 41.9557914733887 42.1251449584961 42.14013671875 41.7500839233398 41.5411643981934 41.4747200012207 41.1611289978027 40.9808959960938 40.9934616088867 41.1666488647461 41.5102500915527 42.090690612793 42.2106552124023 42.1052017211914 42.030387878418 42.0035629272461 42.0510787963867 42.0187644958496 41.9629859924316 41.9844169616699 42.0573501586914 42.0156135559082 41.8574829101562 41.7613525390625 41.5972862243652 41.2842903137207 41.0907287597656 40.7185554504395 40.9275779724121 40.3595504760742 40.7270050048828 40.9385452270508 40.9602890014648 41.0722579956055 40.9637069702148 40.6707458496094 40.5415191650391 40.133846282959 39.6798439025879 39.6137428283691 39.6379661560059 39.4190139770508 39.2392807006836 39.2348022460938 39.1009864807129
42.0800895690918 42.0551567077637 42.1052474975586 42.1364059448242 42.0359001159668 41.5061531066895 41.4974594116211 41.5563316345215 41.3664665222168 41.3313331604004 41.5558624267578 41.8567581176758 42.1416816711426 42.2049827575684 42.1198387145996 41.9613723754883 41.9900894165039 41.9894561767578 41.818286895752 41.8036308288574 41.9231491088867 41.9725761413574 42.0199394226074 41.9359741210938 41.8318710327148 41.6997032165527 41.5049667358398 41.2769927978516 41.1296653747559 40.9900398254395 40.6121482849121 40.2695159912109 40.3919830322266 40.3604888916016 40.7630310058594 40.4964141845703 40.7204704284668 40.5079765319824 40.1851806640625 39.811351776123 39.6008796691895 39.3842010498047 38.9482917785645 38.4134483337402 38.9397621154785 39.1135330200195
42.1767044067383 42.1365165710449 42.1167640686035 42.1073760986328 41.9784698486328 41.2909126281738 41.0919303894043 41.4738693237305 41.3786468505859 41.101734161377 41.3585319519043 41.9214820861816 42.1530494689941 42.1807327270508 42.1077308654785 41.9482421875 41.9223098754883 41.7485504150391 41.5293960571289 41.6553115844727 41.9165382385254 41.9066505432129 41.9780044555664 41.9718704223633 41.8289833068848 41.7753067016602 41.5976867675781 41.3501472473145 41.2745208740234 41.0755958557129 40.7118873596191 40.091064453125 39.8228607177734 39.951545715332 40.3634033203125 40.4900436401367 40.1370506286621 39.8250999450684 40.0041313171387 39.9429359436035 39.6353759765625 39.4030838012695 38.9220428466797 38.1804618835449 38.5887451171875 38.9274253845215
42.2224960327148 42.1681098937988 42.1326217651367 42.1069869995117 42.075065612793 41.7816467285156 41.3719902038574 41.1618232727051 41.1688003540039 40.9840850830078 41.4048004150391 41.9304695129395 42.1324996948242 42.1429824829102 42.0708427429199 41.9144592285156 41.7532615661621 41.5826454162598 41.4863204956055 41.722599029541 41.8350448608398 41.8745765686035 41.8453254699707 41.9336357116699 41.8838119506836 41.8076667785645 41.6415023803711 41.4100456237793 41.305835723877 41.1336402893066 40.7693328857422 40.5703887939453 40.1648483276367 39.9967956542969 39.9485397338867 40.0831527709961 40.3036155700684 40.1696319580078 39.8463134765625 39.6647453308105 39.4826622009277 39.2834510803223 39.060245513916 38.7729110717773 38.1916007995605 38.4568634033203
42.2637176513672 42.1964454650879 42.1597213745117 42.151123046875 42.0898094177246 41.9086799621582 41.6465454101562 41.1464653015137 41.0538787841797 41.2178993225098 41.6218032836914 41.9670066833496 42.1023292541504 42.0978698730469 41.9878273010254 41.8472290039062 41.5737648010254 41.5093803405762 41.6076850891113 41.6359634399414 41.7643928527832 41.6989288330078 41.5459175109863 41.7663917541504 41.9223251342773 41.8202934265137 41.6151008605957 41.4880409240723 41.3730392456055 41.2815246582031 41.113109588623 40.9011993408203 40.6279220581055 40.580207824707 40.2906074523926 39.9881057739258 40.0608711242676 40.1288871765137 39.9228439331055 39.7879257202148 39.6626319885254 39.4311828613281 38.8824157714844 38.535400390625 38.6522369384766 38.6703491210938
42.2726707458496 42.2578048706055 42.2156219482422 42.1860580444336 42.0916175842285 41.9994316101074 41.8909606933594 41.5833930969238 41.1824913024902 41.2672500610352 41.4103050231934 41.6526107788086 41.9003944396973 41.942813873291 41.8937225341797 41.776180267334 41.5809211730957 41.4748992919922 41.3816833496094 41.4223976135254 41.6283302307129 41.618278503418 41.411922454834 41.7580413818359 41.9407806396484 41.8480606079102 41.6921310424805 41.5641174316406 41.4995155334473 41.4022102355957 41.2990646362305 41.0913124084473 40.8086013793945 40.9923553466797 40.8776969909668 40.5463905334473 40.1273040771484 40.028263092041 40.1377143859863 40.5082702636719 39.8381652832031 39.5760040283203 39.2154159545898 38.5984649658203 38.5354080200195 38.4260330200195
