inst/extdata/Tmax/Tmax95.asc
NCOLS 100 
NROWS 79 
XLLCORNER 148.06 
YLLCORNER -21.49 
CELLSIZE 0.01 
NODATA_value -3.4e+38 
[rows 40 to 59 of 79, columns 0 to 45 of 100]
35.857265472412102 35.6051063537598 35.6393585205078 35.6735000610352 35.563232421875 35.6741600036621 35.637134552002 35.4513893127441 35.0099868774414 35.4187622070312 36.0272750854492 36.3443832397461 36.3850135803223 36.440013885498 36.5091133117676 36.3104667663574 36.0583000183105 35.724048614502 35.177417755127 35.6524200439453 35.6480522155762 35.5522079467773 35.497314453125 35.1220970153809 34.2781944274902 33.6767387390137 33.5013999938965 33.5919761657715 33.7061004638672 33.1183128356934 32.5254707336426 32.9288177490234 34.114933013916 33.8676948547363 33.6331520080566 33.9456481933594 33.8712463378906 33.5768394470215 33.3786506652832 32.9671630859375 32.9349632263184 32.1446151733398 31.6179428100586 31.6186504364014 31.3879089355469 31.2462291717529
36.0123558044434 35.6456565856934 35.5325660705566 35.6355247497559 35.5428886413574 35.6247482299805 35.6396942138672 35.5428771972656 35.3109703063965 35.4316253662109 35.7579383850098 36.1025085449219 36.3286781311035 36.495677947998 36.5439224243164 36.4045753479004 36.1211318969727 35.6410522460938 35.3259239196777 35.4689865112305 35.495418548584 35.2803344726562 35.4553871154785 35.1942977905273 34.5707244873047 34.1077308654785 33.539852142334 33.4683494567871 33.6702575683594 33.2700462341309 32.8806991577148 33.4775924682617 34.115592956543 33.4218101501465 32.7558097839355 33.4693641662598 33.5195655822754 33.7208633422852 33.691967010498 33.4822692871094 33.3774642944336 32.7151679992676 31.4293804168701 31.3240776062012 31.398265838623 31.3673038482666
35.8914337158203 35.8516387939453 35.6525802612305 35.542724609375 35.6053123474121 35.6306190490723 35.617561340332 35.5857200622559 35.5575904846191 35.5167121887207 35.5684814453125 36.0337791442871 36.3466758728027 36.4912147521973 36.5100288391113 36.4694442749023 36.2582550048828 35.949462890625 35.7354278564453 35.6938095092773 35.6159744262695 35.0083999633789 34.9460487365723 35.161506652832 35.1910781860352 34.7793922424316 33.9734764099121 33.6691398620605 33.6012992858887 33.3974342346191 32.568489074707 33.573902130127 33.6303825378418 32.637580871582 31.8885974884033 32.732593536377 32.7410888671875 33.3486938476562 33.5076942443848 33.2348747253418 33.0254592895508 33.0813369750977 32.5304260253906 32.3344230651855 32.7270011901855 33.6516876220703
35.5705223083496 35.6705207824707 35.6597366333008 35.6592140197754 35.6915130615234 35.688663482666 35.6642799377441 35.6193885803223 35.6762084960938 35.652229309082 35.6651458740234 36.0646286010742 36.3071823120117 36.4614334106445 36.4870643615723 36.5077171325684 36.4160308837891 36.2104148864746 35.9451141357422 35.9866943359375 35.8228759765625 35.5838928222656 34.944709777832 34.6166687011719 35.2534217834473 35.0570907592773 34.681884765625 34.2334938049316 33.9244613647461 33.7656364440918 33.0289077758789 32.9578285217285 33.6134834289551 33.1492652893066 32.5581130981445 32.1360778808594 32.2249641418457 32.4591445922852 32.6756019592285 32.4624862670898 32.0461959838867 32.7227439880371 32.319206237793 33.2001800537109 34.8453369140625 35.4201011657715
35.3051109313965 35.4914169311523 35.4741516113281 35.4787139892578 35.6582221984863 35.7706451416016 35.8054847717285 35.7566032409668 35.8186950683594 35.8670349121094 36.032600402832 36.1715927124023 36.3001937866211 36.4026336669922 36.4666557312012 36.5230293273926 36.5009651184082 36.3629341125488 36.2160339355469 36.1738433837891 36.0521812438965 35.921703338623 35.6369476318359 35.4380302429199 35.2735404968262 34.8419189453125 35.090145111084 34.976806640625 34.6768379211426 34.0405387878418 33.4773139953613 33.4779205322266 33.7769203186035 33.9344100952148 33.6637916564941 32.5847434997559 31.3696479797363 31.3415565490723 31.4441375732422 31.7581214904785 31.6507682800293 32.1677742004395 31.7316761016846 32.5078659057617 34.1522407531738 35.4502868652344
35.3331489562988 35.4036293029785 35.25927734375 35.1594352722168 35.3569488525391 35.5700950622559 35.7997016906738 35.9177932739258 35.9862861633301 36.0789337158203 36.1498565673828 36.0842895507812 35.8747177124023 36.2376174926758 36.461971282959 36.5134429931641 36.5216255187988 36.4589614868164 36.3750114440918 36.3162536621094 36.2319793701172 36.1358489990234 36.0855903625488 35.5048484802246 35.1776161193848 35.1088523864746 35.195728302002 35.037540435791 34.8633422851562 34.3853454589844 33.2315864562988 33.429126739502 33.7183952331543 33.7812957763672 33.8763236999512 33.0482864379883 31.8622055053711 31.6457481384277 31.6809234619141 32.0886573791504 31.5462608337402 31.8870582580566 32.2557220458984 32.5456199645996 33.360595703125 34.4486541748047
35.210319519043 35.1939468383789 35.2036437988281 35.137996673584 35.0489311218262 35.1075706481934 35.5885009765625 35.7123107910156 35.8330841064453 35.8550567626953 36.0685729980469 36.1771430969238 35.9428901672363 36.1941986083984 36.416805267334 36.496826171875 36.5129051208496 36.450870513916 36.4151916503906 36.3791847229004 36.3096580505371 36.2502365112305 36.1553840637207 35.7029151916504 34.9258193969727 35.0330467224121 35.2065467834473 34.9955406188965 34.9505844116211 34.8148460388184 34.0720481872559 33.7783164978027 33.4523696899414 33.696662902832 33.8266792297363 33.3934173583984 32.4240417480469 32.6882553100586 32.2028350830078 32.8551635742188 32.3435897827148 32.496826171875 32.6073188781738 32.710765838623 32.7085762023926 32.5388793945312
35.6349182128906 35.0381851196289 34.9646034240723 34.9185905456543 34.8979988098145 35.0198707580566 35.326717376709 35.2883453369141 35.530029296875 35.5810356140137 35.6621017456055 35.7337608337402 35.9159889221191 36.1902313232422 36.3763847351074 36.4939079284668 36.4920501708984 36.3790054321289 36.2087631225586 36.1182975769043 36.2488021850586 36.0787506103516 36.0985412597656 36.0378684997559 35.6036071777344 35.5127830505371 35.5357666015625 35.3473014831543 35.1901359558105 34.9824676513672 34.3408050537109 34.0091285705566 33.3537673950195 33.7208137512207 33.7641334533691 33.5525856018066 33.1604919433594 33.3721580505371 33.1303596496582 33.358341217041 33.1193313598633 32.9378852844238 32.8061065673828 32.6715354919434 32.3605537414551 32.148853302002
36.2951507568359 35.547721862793 34.8368492126465 34.7011680603027 34.8276748657227 35.0067405700684 34.9533042907715 34.9566802978516 35.2801513671875 35.5657081604004 35.6387329101562 35.6318206787109 35.8561744689941 36.1538734436035 36.389575958252 36.4584197998047 36.4746284484863 36.4079360961914 36.2471122741699 36.0335273742676 36.1039733886719 36.0583839416504 35.984016418457 36.1112899780273 36.0083122253418 35.9073104858398 35.6425132751465 35.4535980224609 35.3707466125488 35.0953483581543 34.7279014587402 34.3012580871582 33.5004844665527 33.6464385986328 33.6219329833984 33.6804885864258 33.5971984863281 33.574649810791 33.4712829589844 33.3047294616699 32.5717544555664 32.4250946044922 32.6090316772461 32.3754920959473 32.255428314209 31.9399528503418
36.5508651733398 36.0798835754395 35.2822761535645 34.7438621520996 34.7351760864258 34.7300033569336 34.765380859375 35.0953407287598 35.3237533569336 35.2295036315918 35.8212547302246 36.0500717163086 36.157283782959 36.2576446533203 36.3554382324219 36.4398765563965 36.454517364502 36.4046630859375 36.3074645996094 36.1729164123535 36.0737037658691 36.0124702453613 35.8364295959473 35.8766326904297 36.0382804870605 36.0243377685547 35.8184242248535 35.3039131164551 34.8356590270996 35.0894737243652 34.8074340820312 34.5247001647949 33.77392578125 33.5000190734863 33.3080902099609 33.5911102294922 33.6711578369141 33.5810928344727 33.544059753418 33.2587432861328 32.6228790283203 32.2647132873535 32.4316749572754 32.0956649780273 32.0178909301758 31.937219619751
36.5468368530273 36.3914451599121 35.9609298706055 35.3714752197266 34.8695602416992 34.5891494750977 34.7488899230957 35.0529632568359 35.0989990234375 35.3892707824707 35.9431114196777 36.1743240356445 36.2989044189453 36.4008522033691 36.4224090576172 36.4490432739258 36.3431053161621 36.3539581298828 36.361759185791 36.2868843078613 36.1802558898926 36.0316276550293 35.8437614440918 35.7664794921875 35.8713531494141 35.911449432373 35.9570274353027 35.7357635498047 35.4677848815918 35.3295555114746 34.8142204284668 34.6669273376465 33.8858375549316 33.5080299377441 32.9414863586426 33.3789176940918 33.5052299499512 33.4994773864746 33.5474853515625 33.3780746459961 32.8994636535645 32.7503242492676 32.6578826904297 32.4628448486328 32.1667251586914 32.0067253112793
36.5176811218262 36.4965667724609 36.2547760009766 35.6234397888184 35.0734519958496 34.8104286193848 34.7794570922852 34.8627395629883 34.6353759765625 34.7851181030273 35.598560333252 35.9897842407227 36.1639823913574 36.3635635375977 36.4486465454102 36.4142265319824 36.3439445495605 36.3421936035156 36.3100471496582 36.3002281188965 36.2089500427246 36.111930847168 36.0124473571777 35.8167457580566 35.7058868408203 35.6481323242188 35.6184120178223 35.7273826599121 35.5143623352051 35.6268272399902 35.6485900878906 34.9059906005859 34.3481941223145 33.9316635131836 33.4746627807617 33.5964546203613 33.561351776123 33.4006652832031 33.5315399169922 33.441104888916 32.9855728149414 32.8425636291504 32.7355003356934 32.5667381286621 32.116096496582 31.943058013916
36.3523597717285 36.4366111755371 36.3018646240234 35.381893157959 34.6336860656738 34.6123390197754 34.7187919616699 34.594856262207 34.3601150512695 34.4900703430176 35.5361251831055 35.9922637939453 36.2033843994141 36.3839492797852 36.3966217041016 36.3514747619629 36.3459892272949 36.2881813049316 36.249439239502 36.2454528808594 36.2556343078613 36.2059020996094 36.0526237487793 35.8599510192871 35.6494522094727 35.498363494873 35.4792861938477 35.4337158203125 35.4280548095703 35.329906463623 35.5100555419922 35.3925514221191 34.8613014221191 34.2872161865234 33.8800659179688 34.1920776367188 34.1470909118652 33.7060356140137 33.5247955322266 33.5873374938965 33.4368324279785 33.2027702331543 32.9129371643066 32.6858825683594 32.3749923706055 32.0206031799316
36.1556396484375 36.2319374084473 36.3404846191406 35.9336166381836 34.9912033081055 34.6722602844238 35.0126152038574 34.5475807189941 34.4053573608398 34.4871025085449 35.4953422546387 36.0771865844727 36.2844085693359 36.3753814697266 36.3095550537109 36.2206649780273 36.221134185791 36.2443389892578 36.2141761779785 36.1139869689941 36.1613235473633 36.2259902954102 36.0901031494141 35.9448585510254 35.7593307495117 35.6064643859863 35.2819480895996 35.1008796691895 34.7728118896484 35.0959091186523 34.9404106140137 35.4556427001953 35.4975509643555 35.1720199584961 34.7114410400391 34.7412376403809 34.4007301330566 34.0731582641602 33.787467956543 34.1335716247559 33.7474327087402 33.5006256103516 33.3518028259277 33.2226066589355 32.9667587280273 32.8285293579102
36.0409774780273 36.0210075378418 36.1994171142578 36.2162017822266 35.8016738891602 35.5813102722168 35.5355758666992 35.2062644958496 35.0181198120117 35.0319442749023 35.2137794494629 35.5985488891602 36.2130661010742 36.3405075073242 36.2274627685547 36.1471900939941 36.1448249816895 36.1911811828613 36.155704498291 36.0952644348145 36.116527557373 36.2160606384277 36.1700172424316 36.0009536743164 35.8977355957031 35.7235107421875 35.4213981628418 35.2154235839844 34.8296775817871 35.0427894592285 34.4585494995117 34.855297088623 35.0700988769531 35.0898132324219 35.2020835876465 35.0876045227051 34.808048248291 34.6736717224121 34.2584419250488 33.7998657226562 33.7316207885742 33.7789573669434 33.5552215576172 33.3744354248047 33.3678588867188 33.2331962585449
36.1289482116699 36.130428314209 36.1816940307617 36.215747833252 36.1091346740723 35.5477485656738 35.5629959106445 35.6257247924805 35.4260177612305 35.3895111083984 35.6261749267578 35.9680557250977 36.2706260681152 36.3376007080078 36.2461585998535 36.077033996582 36.1335906982422 36.1287803649902 35.9464797973633 35.9297828674316 36.0545959472656 36.1290321350098 36.1773643493652 36.0865936279297 35.9747200012207 35.833610534668 35.6541290283203 35.4113082885742 35.2563056945801 35.109806060791 34.719409942627 34.3905296325684 34.5134925842285 34.4793968200684 34.8876037597656 34.613094329834 34.8612899780273 34.6421051025391 34.3125991821289 33.9339637756348 33.7208671569824 33.5277366638184 33.089038848877 32.5573425292969 33.0772972106934 33.2473793029785
36.2360534667969 36.2211761474609 36.1977653503418 36.1884574890137 36.0516166687012 35.3243370056152 35.1395492553711 35.5422439575195 35.4423446655273 35.1518974304199 35.421875 36.040210723877 36.2861824035645 36.315113067627 36.2366218566895 36.066478729248 36.0650405883789 35.8772392272949 35.645580291748 35.7767715454102 36.0507621765137 36.0624046325684 36.1360359191895 36.1275596618652 35.9746856689453 35.9159889221191 35.7540397644043 35.490306854248 35.4093894958496 35.2011299133301 34.8245887756348 34.2116584777832 33.9380722045898 34.0669860839844 34.4830093383789 34.6094055175781 34.2715721130371 33.9545783996582 34.1326866149902 34.0686302185059 33.7577362060547 33.5488471984863 33.0649108886719 32.3280830383301 32.7315902709961 33.0652122497559
36.2880363464355 36.2578964233398 36.2175903320312 36.1909141540527 36.1574325561523 35.8457832336426 35.4367980957031 35.2162857055664 35.2242279052734 35.0311088562012 35.4731063842773 36.052303314209 36.2667655944824 36.2773513793945 36.1998558044434 36.0330963134766 35.8886375427246 35.7048110961914 35.6026573181152 35.8498382568359 35.9669342041016 36.030704498291 35.9980087280273 36.0891914367676 36.0344924926758 35.9520225524902 35.8019180297852 35.5546722412109 35.4439926147461 35.2632141113281 34.8855361938477 34.7023887634277 34.2867774963379 34.1144409179688 34.0638465881348 34.1982154846191 34.4418754577637 34.3037185668945 33.9752349853516 33.7906684875488 33.6061897277832 33.4306182861328 33.2032470703125 32.9161567687988 32.3388404846191 32.6004180908203
36.3198318481445 36.2757263183594 36.2340888977051 36.2255744934082 36.1606826782227 35.9682579040527 35.7143325805664 35.1875 35.0909881591797 35.2636642456055 35.6892700195312 36.0782814025879 36.2217559814453 36.2164077758789 36.0987892150879 35.9491004943848 35.6865348815918 35.6148719787598 35.7171592712402 35.7457008361816 35.8794174194336 35.8324432373047 35.6701850891113 35.8997230529785 36.0617713928223 35.952033996582 35.7610282897949 35.6228446960449 35.5007209777832 35.4032821655273 35.2265243530273 35.0285873413086 34.7459182739258 34.6948280334473 34.397518157959 34.088737487793 34.182746887207 34.2491760253906 34.0389060974121 33.9008636474609 33.7728996276855 33.5644187927246 33.0124282836914 32.6663398742676 32.7810592651367 32.7975769042969
36.3337593078613 36.3457794189453 36.2982063293457 36.2671966552734 36.166862487793 36.0690689086914 35.9778442382812 35.6521148681641 35.22998046875 35.3195419311523 35.470344543457 35.7494087219238 36.0113563537598 36.0558052062988 36.0030860900879 35.8780517578125 35.6980476379395 35.5826034545898 35.483943939209 35.5255393981934 35.7402153015137 35.7515602111816 35.5337791442871 35.8947563171387 36.0849876403809 35.9850425720215 35.8455657958984 35.7061233520508 35.63623046875 35.5323944091797 35.4227333068848 35.2282104492188 34.9347114562988 35.1208000183105 35.0002059936523 34.6589012145996 34.2533149719238 34.1508483886719 34.258918762207 34.6308898925781 33.9521446228027 33.7122955322266 33.3468208312988 32.7313385009766 32.6675643920898 32.5580291748047
