inst/extdata/Tmax/Tmax139.asc
NCOLS 100 
NROWS 79 
XLLCORNER 148.06 
YLLCORNER -21.49 
CELLSIZE 0.01 
NODATA_value -3.4e+38 
[rows 20 to 39 of 79, columns 46 to 91 of 100]
27.7515907287598 25.9247360229492 26.136058807373 27.6500358581543 27.384391784668 26.7895030975342 26.4998817443848 25.2898712158203 27.2465286254883 28.8556041717529 30.0244617462158 29.5400390625 29.5241451263428 30.203929901123 29.8417015075684 29.5683364868164 29.8803443908691 30.5013332366943 30.6800746917725 30.6935749053955 30.641658782959 30.5252208709717 30.8471775054932 30.9453639984131 30.8995151519775 30.8274021148682 30.723970413208 30.7703590393066 30.7423400878906 30.3951282501221 30.4786510467529 30.7748775482178 30.6691246032715 30.3761692047119 30.3889694213867 30.3737125396729 30.2962493896484 30.3007946014404 30.2937965393066 30.2794017791748 30.2245140075684 30.0776786804199 29.4681968688965 29.361385345459 29.6335411071777 29.6572933197021
28.0568542480469 25.8959121704102 24.8311424255371 26.4669494628906 26.3341522216797 25.7850322723389 26.7153396606445 24.8131160736084 26.0469951629639 28.3199005126953 29.7247657775879 28.302318572998 27.6115322113037 29.5908145904541 28.3247909545898 27.955659866333 28.9044818878174 30.3323669433594 30.3503971099854 30.812967300415 30.9342422485352 30.9393348693848 30.7229671478271 30.363697052002 30.366039276123 30.4567012786865 30.6433849334717 30.6209678649902 30.5312118530273 30.4519157409668 30.7869529724121 30.843807220459 30.7843475341797 30.393045425415 30.49267578125 30.4595623016357 30.3277263641357 30.3463935852051 30.3574848175049 30.3604068756104 30.2430992126465 30.1502418518066 29.9612197875977 29.7654075622559 29.6341667175293 29.6463241577148
28.705924987793 28.1945152282715 26.1704025268555 25.5354957580566 25.0985717773438 26.224422454834 25.6243286132812 25.8791370391846 25.2758369445801 26.2670345306396 28.7202701568604 29.1677989959717 27.5328216552734 27.9737663269043 27.6104145050049 28.2368488311768 29.3931636810303 29.8390655517578 28.3947238922119 29.7810707092285 30.6670780181885 30.7521781921387 30.1004047393799 29.2156047821045 29.8747329711914 29.8733291625977 30.5240097045898 30.7390079498291 30.416633605957 30.6499710083008 30.8457927703857 30.898078918457 30.8963108062744 30.8318881988525 30.7215404510498 30.5350017547607 30.3412094116211 30.2049102783203 30.2900638580322 30.4062690734863 30.3043785095215 30.2426376342773 29.9689064025879 29.8567657470703 29.7283134460449 29.9065055847168
28.007495880127 27.8428020477295 27.181173324585 26.32497215271 24.9202518463135 25.5942478179932 26.2686977386475 26.4996852874756 26.2404632568359 25.7591247558594 27.2585754394531 27.2463512420654 28.23024559021 26.4379539489746 27.3638343811035 29.0039215087891 28.9856452941895 29.4037704467773 27.9505310058594 30.1911888122559 31.0389881134033 30.9250316619873 29.9099712371826 28.4661197662354 29.807035446167 30.0081539154053 30.1287288665771 30.6419982910156 30.8639335632324 30.9359188079834 30.9625816345215 30.9943447113037 30.9708099365234 30.8792991638184 30.7739925384521 30.6129093170166 30.1565589904785 29.7821769714355 29.9417247772217 30.2561511993408 30.2448596954346 30.3179759979248 30.0461292266846 30.0294876098633 29.7674713134766 29.8214836120605
25.9369297027588 27.333517074585 27.7388706207275 27.4883403778076 26.3757629394531 25.7345886230469 25.7413425445557 25.4286994934082 26.385835647583 25.7980289459229 25.8198051452637 25.3254833221436 27.4498481750488 28.3937530517578 27.5160884857178 28.6759948730469 29.528133392334 30.169246673584 29.8440132141113 30.9585189819336 30.9724674224854 30.8186130523682 30.0800895690918 29.1835632324219 30.0467662811279 30.3760147094727 30.0536975860596 30.1655235290527 30.2897872924805 30.8399562835693 30.6709365844727 31.0349063873291 30.9058227539062 30.8731136322021 30.7862186431885 30.4235191345215 30.3330116271973 29.7080535888672 29.4078464508057 29.9345970153809 30.1033382415771 30.2228908538818 30.0441875457764 30.1193447113037 30.1940326690674 30.0459804534912
24.6029376983643 25.4850921630859 26.8416786193848 26.7680931091309 25.8729515075684 25.1530475616455 24.8059215545654 24.2942657470703 25.3735332489014 26.0467052459717 25.4889526367188 25.7585697174072 27.3359375 29.4492568969727 28.9080181121826 29.011157989502 29.19091796875 30.6989440917969 30.8132133483887 30.8081321716309 30.8092594146729 30.4766006469727 29.1385593414307 29.2078800201416 29.3310527801514 30.0425910949707 29.7543315887451 29.0905284881592 29.7825679779053 30.9317207336426 30.8784656524658 31.0172595977783 30.9824523925781 30.9606342315674 30.8206920623779 30.6655025482178 30.6922607421875 30.0431632995605 29.4898014068604 29.8650321960449 29.5381031036377 29.6939792633057 29.3939476013184 30.1187839508057 30.1790084838867 30.1675777435303
24.4993515014648 24.3569374084473 24.9885520935059 25.5748901367188 26.2727146148682 24.1744041442871 23.9307746887207 24.6743068695068 25.1210556030273 25.9004535675049 25.9493713378906 26.4369640350342 28.3985977172852 29.3968448638916 29.9457931518555 30.1435852050781 30.3046226501465 30.8623123168945 30.4775543212891 30.3044242858887 30.3498687744141 29.8777236938477 30.0904197692871 30.3922462463379 30.4106254577637 29.765251159668 29.3144588470459 30.3098258972168 30.5973720550537 30.5584049224854 29.9615859985352 30.6982688903809 30.8806400299072 30.9807052612305 30.9750843048096 30.8873748779297 30.5367202758789 30.1863536834717 30.2832431793213 30.0292625427246 29.9067401885986 29.3149738311768 29.8514251708984 30.0887069702148 30.0076179504395 29.905933380127
24.6598854064941 24.2022495269775 24.4725914001465 24.6894397735596 25.1733665466309 23.6708927154541 23.4126720428467 23.7862186431885 24.947416305542 25.6853847503662 25.164005279541 25.7965450286865 26.8443584442139 28.1618690490723 29.7301445007324 29.3897666931152 30.587776184082 30.8652038574219 30.1132659912109 29.320182800293 30.0283470153809 30.2545738220215 30.6121826171875 30.8698749542236 30.9968147277832 30.5565853118896 30.5611915588379 30.9543628692627 31.0305061340332 30.2683296203613 29.7968673706055 30.399600982666 30.5284461975098 30.9858722686768 31.0429763793945 30.9910850524902 30.8348712921143 30.6134357452393 30.1883335113525 29.3554859161377 29.1139106750488 28.9837894439697 29.0331325531006 29.7773323059082 29.8407726287842 30.2830848693848
25.4656181335449 25.0558166503906 25.7723407745361 25.62278175354 25.2460098266602 23.987377166748 24.6864013671875 24.4531478881836 24.7277545928955 25.2647304534912 25.0081672668457 25.2831764221191 25.4328269958496 27.930721282959 29.2976150512695 28.5427894592285 30.1715507507324 30.4971046447754 30.1710433959961 28.9641761779785 29.2651119232178 30.4632301330566 30.9048156738281 31.0492420196533 31.0802307128906 30.9877281188965 31.0111312866211 31.1410140991211 30.7335186004639 29.9710597991943 29.8342247009277 30.5659446716309 31.0274620056152 31.074800491333 31.072301864624 31.0569515228271 31.0182914733887 30.8800506591797 30.6200885772705 29.3961277008057 28.7733001708984 27.912109375 28.970251083374 28.967472076416 29.9498519897461 30.3647041320801
27.0807323455811 26.9292392730713 26.3056621551514 26.2474365234375 25.7459735870361 25.2779598236084 25.0004177093506 24.1058330535889 24.6825828552246 24.2265491485596 23.7875633239746 24.9743270874023 25.3125610351562 27.4429969787598 28.5407524108887 27.7423896789551 28.5439414978027 29.4061145782471 30.0213184356689 29.8952007293701 29.4162330627441 30.4792346954346 30.994966506958 30.789363861084 30.7688083648682 30.4435501098633 30.8970718383789 31.166036605835 30.1755962371826 29.2634124755859 29.9858951568604 30.6124744415283 30.9985294342041 31.0917377471924 31.110803604126 31.0653247833252 31.0515422821045 30.9611377716064 30.767406463623 30.3570747375488 29.6378211975098 29.1099452972412 28.6547451019287 28.4564647674561 29.4093475341797 29.9566764831543
25.9623374938965 25.9662418365479 25.9957160949707 25.6529350280762 25.1913986206055 25.4109477996826 24.5844173431396 24.1190490722656 23.6520805358887 23.7305717468262 23.1946220397949 24.0240249633789 24.0159339904785 26.2356376647949 27.4164924621582 26.1227416992188 26.7625846862793 28.5247497558594 29.9768218994141 30.5842247009277 30.0723514556885 30.7411842346191 30.9717426300049 30.5472354888916 30.5338363647461 30.6842269897461 31.1891822814941 31.1685791015625 30.5856742858887 29.8733901977539 30.2829570770264 30.5903224945068 31.058422088623 31.0899982452393 31.0449028015137 31.0257263183594 31.0309638977051 30.9570407867432 30.8849754333496 30.6785945892334 30.4216861724854 29.8383178710938 29.4317798614502 29.3952541351318 29.6448135375977 30.1047134399414
25.2617511749268 25.5163536071777 25.4084186553955 25.3656673431396 24.5312099456787 25.2718963623047 24.388650894165 23.255277633667 22.707670211792 23.0590324401855 22.7595329284668 23.3765602111816 24.0888633728027 25.9128112792969 26.2886619567871 25.8941955566406 28.3065986633301 29.3733692169189 30.1987133026123 30.7266521453857 31.0365753173828 31.1056365966797 31.0512542724609 30.9614353179932 30.7308826446533 31.0618381500244 31.2045612335205 31.0859756469727 30.6831493377686 29.9914932250977 30.0944480895996 30.7323131561279 30.9692420959473 30.4706611633301 30.8783550262451 31.0140380859375 30.9970207214355 30.9633197784424 30.9236717224121 30.813404083252 30.5069770812988 29.6921653747559 30.0667190551758 30.119649887085 30.0276756286621 29.9627552032471
24.6254978179932 24.8999290466309 24.757511138916 25.0099964141846 25.095630645752 25.102746963501 24.7538776397705 23.7430686950684 23.8283996582031 23.9201221466064 22.9944953918457 22.8107376098633 23.675609588623 25.8200302124023 26.4386253356934 27.0590476989746 27.1478672027588 28.1118469238281 30.1598987579346 30.8090572357178 31.0289688110352 30.9859313964844 30.8306751251221 30.7855777740479 30.9611644744873 31.0608787536621 31.0396404266357 30.6216831207275 29.6066970825195 29.8055438995361 30.1673965454102 31.0402545928955 30.752950668335 30.1427154541016 30.8935108184814 30.8304500579834 30.8669567108154 30.9347476959229 30.838171005249 30.538236618042 29.9116382598877 28.5344638824463 28.2613983154297 29.4118499755859 29.8141784667969 30.147705078125
25.2788887023926 24.8137741088867 24.6688957214355 24.8208503723145 24.9507217407227 24.8692302703857 24.4583473205566 24.11354637146 24.6396503448486 24.0100479125977 23.8867607116699 23.8754272460938 24.5930614471436 25.708812713623 25.9110145568848 26.785041809082 27.9243774414062 29.2157020568848 30.2419776916504 30.7023487091064 31.0767364501953 31.0601615905762 30.5291557312012 30.2274951934814 30.484338760376 30.3452320098877 30.4662952423096 30.6583671569824 30.5485553741455 30.5397853851318 30.8824138641357 31.1817436218262 30.5118541717529 30.4264640808105 31.0566997528076 30.5202579498291 30.6766719818115 30.6402530670166 30.7297344207764 30.4134197235107 28.8702239990234 28.070255279541 27.4287033081055 29.3924694061279 30.0107898712158 29.828197479248
25.6991767883301 24.542064666748 24.4994735717773 24.6023101806641 24.7289848327637 24.60671043396 24.6259860992432 25.1493434906006 24.8015632629395 24.1083869934082 25.1600914001465 25.6054973602295 25.8033828735352 25.1762218475342 25.1978702545166 26.3856601715088 27.8690376281738 29.3782386779785 29.4965114593506 30.3910121917725 30.9032154083252 30.9363174438477 30.4286346435547 30.1763610839844 29.3200397491455 29.951509475708 30.526123046875 30.7026443481445 30.9684028625488 30.9882392883301 31.1866416931152 31.1312770843506 31.1027812957764 31.1420269012451 31.1016063690186 30.8485698699951 29.8361148834229 30.4976921081543 30.7123165130615 30.6670169830322 30.6299324035645 29.26682472229 29.1019439697266 30.5322723388672 30.8384284973145 30.816556930542
25.7578239440918 24.7849502563477 24.4715881347656 24.405445098877 24.5978813171387 24.4316101074219 25.066577911377 26.7324829101562 25.8150177001953 25.1457481384277 27.1472282409668 27.9412364959717 27.5204849243164 25.3271617889404 25.7550964355469 25.9061584472656 28.1508293151855 28.2420330047607 28.1135940551758 29.1546955108643 30.4314575195312 30.6952953338623 30.3515243530273 30.3549766540527 30.2241058349609 29.8709754943848 29.9646873474121 30.1364307403564 30.8989715576172 30.8704452514648 30.9668140411377 30.7680759429932 30.9970169067383 31.1678600311279 30.8637599945068 30.8525333404541 30.1333312988281 30.2808742523193 30.5860805511475 30.4183349609375 30.8782253265381 30.8895034790039 30.7918148040771 30.845760345459 30.9724559783936 30.8430919647217
25.4856300354004 24.8452377319336 24.6433372497559 24.8168029785156 24.7523422241211 24.847599029541 25.2633361816406 27.5122451782227 27.7449226379395 26.2212982177734 28.5157585144043 29.6102523803711 28.8114452362061 27.4392871856689 27.3723678588867 28.0884609222412 28.871223449707 29.4078998565674 29.7784385681152 30.1320705413818 30.3838214874268 30.1046867370605 28.6332778930664 28.9620227813721 29.5610542297363 29.1612396240234 29.4106826782227 30.3586540222168 30.7817611694336 31.0135860443115 29.846227645874 29.8349914550781 30.7400741577148 31.0767631530762 30.5637550354004 30.6032314300537 29.7440643310547 30.3200874328613 30.5501708984375 30.4010810852051 30.9139270782471 31.0139999389648 31.0486583709717 31.0532321929932 30.9993915557861 30.6620616912842
25.5148429870605 25.1208763122559 25.0779075622559 25.2262153625488 25.4137840270996 25.551097869873 26.3435573577881 28.3082103729248 28.1928977966309 27.6638965606689 29.2914199829102 30.561975479126 29.6501846313477 28.376615524292 27.7781887054443 29.7368640899658 30.1541309356689 30.4000282287598 30.6384181976318 30.6783351898193 30.2246875762939 29.9451732635498 30.0752830505371 29.4751033782959 29.8568000793457 30.3897953033447 30.6379356384277 30.7340278625488 30.9736366271973 30.9044952392578 29.1346397399902 29.9419250488281 30.8776226043701 30.8026313781738 30.3419456481934 30.3050746917725 30.139892578125 30.7069034576416 30.7469158172607 30.7645874023438 30.7419281005859 30.9281635284424 30.9884300231934 31.0070037841797 30.9330272674561 30.8865814208984
25.4761772155762 25.1874008178711 25.7202205657959 26.4613437652588 26.5703678131104 27.0750007629395 28.3445701599121 29.0634212493896 28.3933010101318 28.8483619689941 30.4808311462402 31.0689220428467 30.461727142334 29.322193145752 28.4789333343506 29.6837768554688 29.6952114105225 30.0414142608643 30.8789100646973 31.1141986846924 30.7851066589355 30.418285369873 30.8058109283447 30.6009922027588 30.4666404724121 30.9990634918213 30.8955497741699 30.8141670227051 31.1078720092773 30.8658180236816 30.1915607452393 30.7242374420166 30.9280433654785 30.6019248962402 29.5816345214844 29.5452671051025 29.9132862091064 30.7187271118164 30.4071617126465 30.3918800354004 30.4231452941895 30.7487831115723 30.7352294921875 30.8093795776367 30.6561088562012 30.8070125579834
25.5307312011719 25.7138080596924 26.8281955718994 27.6388931274414 28.4617195129395 29.5683116912842 30.3131656646729 29.5374889373779 27.3769073486328 28.1144924163818 29.8591194152832 31.1067523956299 30.6353702545166 30.2687015533447 29.2653141021729 30.3900241851807 30.5718955993652 29.8921566009521 30.7761287689209 31.173957824707 31.1206798553467 30.644416809082 31.0289173126221 31.1537246704102 30.99169921875 31.1002502441406 30.902473449707 30.0689125061035 30.9686489105225 31.1354427337646 31.0488948822021 30.9377002716064 30.5966873168945 30.2310352325439 29.3106918334961 29.3805179595947 30.222993850708 30.1598129272461 30.009838104248 29.8112831115723 29.978832244873 30.3205680847168 30.1131782531738 30.5129508972168 30.0127639770508 30.4422416687012
