inst/extdata/Tmax/Tmax36.asc
NCOLS 100 
NROWS 79 
XLLCORNER 148.06 
YLLCORNER -21.49 
CELLSIZE 0.01 
NODATA_value -3.4e+38 
[rows 20 to 39 of 79, columns 0 to 45 of 100]
31.526445388793899 32.0404014587402 32.2469329833984 31.9960918426514 32.2063331604004 33.0472183227539 32.6057777404785 32.9168663024902 31.7771263122559 31.7249774932861 32.8385620117188 32.4948043823242 31.4906406402588 29.8027114868164 28.8600444793701 28.1624698638916 27.843017578125 29.0408573150635 29.8765735626221 30.6500873565674 30.7818183898926 31.2613658905029 31.3664646148682 31.7122344970703 31.6982173919678 31.5130252838135 30.5737190246582 28.8580207824707 29.740291595459 29.5543994903564 30.561185836792 30.8567638397217 30.8830680847168 30.9835529327393 30.7589416503906 30.4837512969971 30.3861255645752 30.1534729003906 29.3981246948242 29.6295776367188 29.4855690002441 28.7793273925781 29.4758110046387 29.2587299346924 27.7809581756592 27.911922454834
32.274471282959 32.568603515625 32.5932312011719 32.2364807128906 32.186767578125 32.1180839538574 31.7418937683105 32.5575332641602 32.830322265625 33.1142234802246 32.8279304504395 32.8736953735352 32.418098449707 30.0499897003174 28.7849159240723 28.6467342376709 28.7463836669922 29.2194499969482 29.6344623565674 30.6337490081787 31.2908687591553 31.9060230255127 30.9222774505615 31.4036026000977 31.402681350708 31.1062488555908 30.8428211212158 29.5246028900146 29.6494388580322 30.463695526123 30.8736400604248 30.6604251861572 30.7028636932373 29.6584491729736 29.3633708953857 29.5960369110107 30.4268779754639 28.7922744750977 28.4843864440918 28.7071647644043 28.0281925201416 28.5905094146729 28.8563041687012 26.775577545166 26.6435604095459 27.230541229248
32.5436134338379 32.812858581543 32.6389083862305 31.9679985046387 33.221019744873 32.3341178894043 32.6311149597168 32.3458404541016 33.0728187561035 32.2820091247559 33.410945892334 33.0516548156738 32.8916053771973 32.0676956176758 31.4543361663818 29.8749504089355 28.3578033447266 28.8359375 29.1384220123291 30.9777240753174 31.8322772979736 30.9715213775635 30.8870029449463 30.4710521697998 30.1030941009521 30.852165222168 30.7559547424316 30.392183303833 30.3982410430908 30.4090023040771 30.1196937561035 29.7141075134277 29.3561496734619 28.9341049194336 28.3230266571045 29.0863437652588 29.1767501831055 28.1551609039307 28.1791915893555 28.1897125244141 26.933219909668 26.9539031982422 27.3600654602051 28.1054935455322 22.8093757629395 27.1169166564941
32.6859397888184 33.1458930969238 33.6684989929199 31.9735851287842 31.9235763549805 32.7970428466797 31.8901615142822 32.9176216125488 33.1484985351562 32.2624473571777 32.8641014099121 32.7872047424316 33.0046730041504 32.143726348877 30.4351596832275 29.6495895385742 28.6465072631836 29.0366458892822 29.5888633728027 30.5233573913574 30.9269599914551 31.2946510314941 30.5871105194092 29.416675567627 29.885591506958 29.9819049835205 30.0379333496094 30.6961517333984 30.9944820404053 30.7852573394775 30.4873657226562 29.7273235321045 29.1657447814941 29.2897186279297 29.6984405517578 29.4845294952393 27.4847412109375 27.2171192169189 27.6019630432129 28.0015506744385 26.730640411377 26.7343978881836 26.1907253265381 24.3142757415771 26.0770568847656 26.0242347717285
32.8897247314453 32.7763366699219 32.6049919128418 33.3465270996094 33.4611854553223 33.160285949707 31.9452934265137 33.0568046569824 31.6669788360596 31.9361343383789 32.0068206787109 31.7798767089844 31.6497764587402 32.0512580871582 30.6714534759521 29.3248863220215 28.7707939147949 28.7267684936523 29.8156871795654 29.9974727630615 31.1049823760986 31.1872310638428 28.8093948364258 28.6653747558594 28.7935104370117 29.1634387969971 29.4035053253174 30.5125370025635 30.8308963775635 30.3374214172363 30.7503128051758 30.3793773651123 30.2839012145996 30.099063873291 29.6527061462402 29.3236656188965 28.7619018554688 28.1375541687012 26.9700241088867 26.4420604705811 25.5543594360352 24.6913185119629 25.2988586425781 26.9175281524658 22.2780666351318 22.036600112915
33.3507843017578 33.0790672302246 33.5425643920898 32.9044723510742 33.4357414245605 33.3080368041992 33.1784172058105 32.9727821350098 32.8444976806641 31.513801574707 32.5966186523438 31.9316291809082 31.1713371276855 31.3778266906738 31.4810409545898 31.4289646148682 30.2858829498291 30.1227626800537 30.6961040496826 31.2069816589355 30.5395374298096 28.9700984954834 28.5497055053711 27.5916805267334 28.2250175476074 28.9695320129395 28.9868583679199 29.6083698272705 30.607458114624 30.5398216247559 29.1496982574463 29.9637660980225 29.8114376068115 29.8581962585449 29.5032119750977 29.2664241790771 28.6899566650391 27.8132591247559 25.6562099456787 26.1465320587158 24.8987712860107 25.8724670410156 27.3540458679199 26.6604290008545 22.1140232086182 21.5041999816895
31.4071502685547 32.626636505127 33.6839294433594 33.4617080688477 33.3582344055176 33.2118721008301 33.0936546325684 33.1219635009766 32.8752517700195 31.6861991882324 31.2780590057373 31.5211505889893 31.3626880645752 31.1369476318359 31.357349395752 30.5761814117432 29.86549949646 29.9699478149414 30.7796401977539 30.6699523925781 30.3537330627441 30.502046585083 29.3758487701416 28.2754917144775 27.7932300567627 28.3826866149902 29.548059463501 30.6009101867676 30.0261878967285 30.2572116851807 29.6978206634521 29.5597057342529 29.6603260040283 29.24853515625 29.3016052246094 28.709379196167 27.4363479614258 27.6517314910889 23.2117099761963 21.7646369934082 24.5287647247314 22.0303936004639 26.8742084503174 23.0099430084229 25.5341854095459 21.3173542022705
31.6002655029297 31.2266979217529 32.3762245178223 33.2469062805176 33.2156410217285 33.098518371582 33.2779960632324 33.4181785583496 33.0475044250488 32.3584213256836 31.9469013214111 31.2987365722656 31.1556377410889 31.5814952850342 30.1643676757812 30.5415782928467 30.1583576202393 29.7263641357422 30.0434169769287 30.1308479309082 30.022346496582 30.0227813720703 29.6659336090088 28.6169471740723 28.586030960083 28.8026638031006 28.2873821258545 30.496524810791 30.7933368682861 29.5398807525635 29.4801635742188 29.5642337799072 29.7962760925293 29.1069240570068 28.9335498809814 28.2159309387207 26.8792724609375 27.1116333007812 26.881103515625 25.9781398773193 24.8913955688477 25.3234825134277 25.1667003631592 22.3981685638428 21.8974266052246 21.6081657409668
30.4889144897461 30.9467182159424 31.4997634887695 32.3721656799316 33.4052314758301 32.8968925476074 33.3266487121582 32.9900512695312 33.0343589782715 32.0971527099609 32.2254333496094 31.5101070404053 31.790714263916 31.8015117645264 31.5986957550049 29.6547145843506 29.7985191345215 29.6741027832031 29.9953231811523 30.7960891723633 29.5364971160889 29.9863910675049 29.1558933258057 28.2854137420654 28.58473777771 28.9010734558105 28.8310298919678 29.448055267334 30.0320148468018 29.9133052825928 30.1486721038818 29.2560901641846 28.9136428833008 27.9401626586914 27.4693832397461 26.6006011962891 26.9432430267334 26.9491233825684 27.0693626403809 24.6538734436035 21.8559513092041 21.9084949493408 25.3396015167236 21.7790794372559 22.0033378601074 21.9249744415283
29.5622234344482 30.1043186187744 30.6670436859131 31.4418354034424 32.7668685913086 32.7794609069824 32.1325569152832 33.3231620788574 33.1632041931152 32.8457374572754 31.7512626647949 32.2269439697266 31.6217842102051 31.3727512359619 31.9999160766602 31.8571319580078 31.5530624389648 30.0056991577148 30.227409362793 30.2075366973877 30.1411037445068 30.0047817230225 29.6337223052979 28.8005523681641 28.6279296875 28.6979579925537 28.2636070251465 29.4208202362061 30.1306991577148 29.5929679870605 30.4282455444336 29.1493129730225 28.162073135376 28.0773525238037 27.6110038757324 27.3959903717041 27.3745880126953 26.845739364624 26.2744026184082 25.8541927337646 26.762523651123 26.7450885772705 24.4612903594971 24.7079105377197 21.8892860412598 22.7573890686035
30.0383110046387 30.5397338867188 30.671558380127 31.5315227508545 31.7138919830322 31.4974021911621 31.6983985900879 32.7629623413086 32.7456550598145 32.3036346435547 32.8135833740234 32.750659942627 32.8267021179199 32.0608253479004 32.1505012512207 32.2466049194336 31.1835289001465 30.7263717651367 29.8706302642822 30.2125873565674 30.0352935791016 29.4090690612793 29.3040466308594 28.9491806030273 28.4426898956299 27.8501491546631 28.217077255249 29.6779518127441 29.8898601531982 30.0465755462646 30.3382530212402 30.548168182373 29.1319065093994 28.1206798553467 27.4183044433594 28.3018074035645 27.8781967163086 27.2278137207031 26.4659023284912 26.42209815979 28.051326751709 27.8935604095459 27.5957984924316 26.8269748687744 23.6229953765869 23.0215759277344
30.9445724487305 30.8342018127441 31.7128562927246 32.559986114502 33.0549240112305 31.7627487182617 31.8447036743164 33.1275024414062 33.1074981689453 32.4653511047363 32.9180603027344 32.5826454162598 32.5615158081055 32.2237434387207 31.3393383026123 31.7631549835205 29.658634185791 28.4301376342773 29.9249706268311 29.5971546173096 29.577844619751 29.6868648529053 29.2223320007324 29.0198173522949 28.6261978149414 28.6262989044189 28.8850002288818 29.9202899932861 30.5263938903809 29.6476039886475 30.1433944702148 30.1610202789307 30.4183979034424 29.6487407684326 29.0343265533447 28.0620193481445 27.9524002075195 28.0493392944336 27.6363391876221 29.1511707305908 28.2230110168457 27.9777526855469 23.0647220611572 24.7703952789307 22.4005241394043 21.8507823944092
30.536828994751 31.790699005127 31.6580982208252 31.7706623077393 32.9676170349121 32.1712913513184 32.8042449951172 32.4606781005859 33.0534896850586 32.0595359802246 33.0520286560059 32.5766906738281 32.5960884094238 32.0371589660645 31.6777076721191 31.2082347869873 31.2692089080811 29.6847858428955 28.6531047821045 29.1266994476318 29.2076473236084 29.6772537231445 29.0895709991455 29.2326068878174 28.8911113739014 28.6911735534668 30.1902732849121 30.1738529205322 30.0306377410889 31.5062026977539 30.2716369628906 29.888614654541 30.9528617858887 30.7960109710693 30.0643634796143 29.5019798278809 29.0483074188232 29.0645389556885 28.6339588165283 28.8518409729004 28.2634792327881 25.9858627319336 21.579704284668 21.858268737793 22.0731830596924 20.981632232666
31.2993640899658 31.3543930053711 31.9875526428223 30.9808330535889 31.516674041748 30.4235191345215 31.1403846740723 32.4842376708984 33.0116310119629 32.8286056518555 33.1500549316406 32.394660949707 32.2692413330078 32.3605537414551 31.7889366149902 31.6115264892578 32.0724143981934 31.6678695678711 30.9981918334961 30.687141418457 29.646411895752 29.3657875061035 29.9316482543945 29.5807552337646 29.2293491363525 28.8421840667725 30.2509346008301 30.8306713104248 30.3566474914551 30.5880031585693 30.397253036499 29.4469871520996 29.1008911132812 29.0614280700684 29.44167137146 29.6391716003418 29.696870803833 30.192741394043 29.8415603637695 29.9645347595215 28.320707321167 23.9595165252686 22.588888168335 22.7639064788818 22.6527824401855 21.8797702789307
31.7628841400146 32.115104675293 31.9514064788818 30.2743511199951 30.9632663726807 31.8749160766602 31.080286026001 32.5167388916016 32.9064636230469 32.5581245422363 33.0272178649902 32.7404899597168 33.0941543579102 32.6346702575684 32.2593994140625 32.1237449645996 31.894926071167 31.6917896270752 31.3506641387939 30.4652004241943 29.1516151428223 30.2329044342041 30.6868839263916 29.5715045928955 29.1581382751465 29.0187931060791 28.7295265197754 29.944787979126 29.8783092498779 28.9973564147949 29.95481300354 28.9675521850586 28.613748550415 28.7091102600098 28.4689502716064 28.5940399169922 29.2742118835449 28.7599582672119 29.4342308044434 29.2331047058105 27.6130962371826 27.2887516021729 24.5133571624756 23.9326076507568 23.3405990600586 23.3410053253174
31.4713592529297 32.8023147583008 31.9151592254639 31.1493358612061 29.6741733551025 31.898530960083 33.2666320800781 31.4160919189453 32.4100151062012 33.0128517150879 32.9185028076172 32.7711296081543 32.2890586853027 32.4575805664062 32.1412010192871 32.3484535217285 31.4613094329834 31.0698680877686 31.0586547851562 30.6093521118164 29.6084384918213 30.3134498596191 29.5667266845703 28.3153076171875 28.6969776153564 28.2585868835449 29.4568824768066 28.6336116790771 28.7352752685547 26.2062320709229 28.0074157714844 28.5490474700928 28.8731307983398 28.5827503204346 28.6845092773438 27.8234939575195 27.9450569152832 28.3545703887939 29.3194828033447 28.6618556976318 23.8574485778809 23.5934524536133 23.3208446502686 23.7946014404297 23.6374950408936 22.6700649261475
32.0865592956543 31.2391700744629 32.5688705444336 31.9032592773438 31.8250770568848 31.8206958770752 31.8219738006592 31.8966579437256 32.0537338256836 33.3661041259766 33.3814430236816 32.8309326171875 32.7130546569824 32.991771697998 32.7681541442871 31.6837921142578 31.0790309906006 31.0582866668701 31.0949039459229 31.1519680023193 30.5130577087402 29.660924911499 28.6984729766846 28.5409240722656 28.8379039764404 29.418981552124 29.8578147888184 29.0015354156494 28.7166175842285 26.8083992004395 26.6973056793213 25.7422542572021 27.2827816009521 28.6747627258301 28.7387619018555 26.9485893249512 26.8838520050049 26.5233097076416 26.2751789093018 22.8059978485107 22.8202667236328 22.243803024292 22.6596336364746 23.4420299530029 23.5299587249756 22.1852569580078
31.5357360839844 30.987699508667 32.269416809082 31.1023368835449 31.3009357452393 31.3504810333252 30.1523170471191 30.8940773010254 31.9236125946045 32.2301788330078 32.9660949707031 33.0059547424316 32.8900451660156 32.3975257873535 32.7651596069336 32.6763305664062 32.0115661621094 30.7492294311523 31.2954578399658 30.8746013641357 30.74196434021 30.1499538421631 28.8898372650146 28.7226181030273 28.2974262237549 28.8661632537842 29.6749286651611 28.8730392456055 29.0469989776611 28.6867523193359 28.697904586792 27.6444549560547 27.4124546051025 26.2279453277588 22.4571723937988 21.4787483215332 21.6228580474854 21.4236354827881 21.3810386657715 21.5522956848145 21.7313232421875 21.8106899261475 22.0836563110352 22.7974720001221 23.1725330352783 22.784818649292
31.50075340271 30.8756618499756 30.9039726257324 32.1263427734375 31.8267974853516 32.0068817138672 30.61448097229 29.8079929351807 30.6448230743408 31.4937133789062 32.7879905700684 33.1453895568848 33.0552101135254 32.8920440673828 31.8681888580322 31.5284614562988 31.538236618042 31.1513957977295 31.6041278839111 31.5016574859619 31.5057964324951 30.2866439819336 29.8095474243164 29.3908863067627 28.6669979095459 29.4612464904785 29.1735305786133 29.2767162322998 27.7860507965088 28.6249504089355 27.909008026123 27.7085132598877 27.8334045410156 27.2193202972412 25.9014511108398 21.0394649505615 20.8146724700928 20.7382659912109 20.6824645996094 21.1734199523926 21.711145401001 23.2358150482178 21.789213180542 22.6897468566895 22.2546138763428 22.2307796478271
31.0998058319092 30.6255512237549 31.8716278076172 31.8881683349609 32.1222152709961 31.2575626373291 30.9652080535889 30.364070892334 31.2406425476074 30.5386829376221 31.4533748626709 32.9330368041992 32.6607398986816 32.4673080444336 31.7949657440186 32.1584701538086 30.5741806030273 30.8693447113037 31.2331771850586 31.0310955047607 31.1471157073975 30.5284156799316 30.6569881439209 30.1748085021973 29.2229881286621 29.2055435180664 28.8709163665771 28.7716903686523 29.2568035125732 28.3849201202393 27.4298000335693 26.3750019073486 28.1766796112061 28.4798393249512 28.4892024993896 26.1071758270264 23.2848224639893 22.8914775848389 22.0222434997559 21.2591857910156 21.935022354126 21.9797630310059 21.9950199127197 22.4164485931396 22.3845291137695 22.1379661560059
