inst/extdata/Tmax/Tmax25.asc
NCOLS 100 
NROWS 79 
XLLCORNER 148.06 
YLLCORNER -21.49 
CELLSIZE 0.01 
NODATA_value -3.4e+38 
[rows 40 to 59 of 79, columns 0 to 45 of 100]
30.441904067993200 30.1303596496582 30.9939727783203 31.6211071014404 30.8153400421143 30.6473503112793 30.6269283294678 30.6451683044434 29.9995021820068 30.2678623199463 30.7342319488525 32.1188354492188 32.5712203979492 31.5274925231934 31.5695133209229 31.1452960968018 31.0584602355957 30.4315071105957 29.8722953796387 30.0028839111328 29.9742107391357 30.0858459472656 30.0494003295898 30.1053619384766 28.6356182098389 28.941614151001 28.1909255981445 28.1734676361084 28.4722156524658 27.5351371765137 26.6652908325195 25.5522327423096 26.9146747589111 26.7648296356201 26.293249130249 26.6124820709229 26.1978206634521 23.4513568878174 23.0030117034912 22.6540451049805 22.2396507263184 21.5798645019531 21.1231632232666 20.8823642730713 20.6548004150391 22.4918384552002
30.867525100708 30.6533470153809 30.7785625457764 31.4369621276855 31.5696296691895 31.4046211242676 30.6595230102539 31.0078735351562 30.6716690063477 31.2397041320801 31.1638317108154 31.9416522979736 32.1641082763672 32.1419067382812 31.394983291626 32.1256408691406 31.3623847961426 30.4576930999756 29.8009548187256 30.299337387085 30.6706466674805 30.9245090484619 30.2905006408691 29.4035606384277 27.5860652923584 27.1096611022949 27.8435745239258 27.9999294281006 28.2071990966797 27.8163948059082 26.7542781829834 26.5630512237549 26.723539352417 27.4604549407959 24.6887264251709 25.5536441802979 24.9413719177246 23.3417415618896 23.2180824279785 24.7927303314209 24.5944213867188 22.4557933807373 20.7299766540527 20.6583213806152 20.6902923583984 21.0453815460205
30.8861808776855 30.8554782867432 31.118932723999 31.1843719482422 31.0686092376709 30.9059200286865 30.8777675628662 31.2636394500732 30.977746963501 31.1608829498291 31.5475368499756 32.1540184020996 32.8304595947266 32.2021865844727 32.2493019104004 31.698673248291 31.6182098388672 31.4830799102783 30.754732131958 30.6911506652832 30.9962959289551 30.3299198150635 30.3003978729248 29.5417289733887 29.6344318389893 29.1056251525879 27.2079410552979 27.9692649841309 27.9829368591309 27.5245819091797 26.1639041900635 25.9657649993896 24.8871574401855 25.1321716308594 24.058666229248 24.2993907928467 22.1684036254883 22.932373046875 23.1985492706299 22.707368850708 23.4735946655273 22.5665740966797 22.9312419891357 21.6723232269287 21.4767971038818 22.1566104888916
30.1693229675293 30.6440563201904 31.0445613861084 31.1184387207031 31.3530464172363 31.153528213501 31.8748950958252 31.6407299041748 31.1167144775391 31.0638866424561 31.2304496765137 31.7808113098145 32.2305107116699 32.3386039733887 32.700756072998 32.7244834899902 32.2581558227539 32.0372047424316 31.0933990478516 30.9122543334961 31.0115184783936 30.9014625549316 30.4442710876465 29.1477222442627 29.2125129699707 29.135046005249 28.7685680389404 28.5729827880859 27.864408493042 28.1159973144531 27.1277027130127 26.7297515869141 27.9310569763184 26.8060626983643 27.2040939331055 21.2770023345947 21.8258686065674 21.9119987487793 22.0981731414795 21.777868270874 21.5092678070068 22.0909328460693 21.8165664672852 22.4450187683105 23.839038848877 26.0807342529297
29.8965435028076 30.5179347991943 30.4372386932373 30.425386428833 31.0149021148682 31.1370334625244 31.1688499450684 31.3650875091553 31.168363571167 31.3663101196289 31.1146488189697 31.9362812042236 31.9719944000244 32.5646095275879 32.8201026916504 32.5779647827148 32.1562042236328 32.3379974365234 32.178783416748 31.989839553833 31.4246387481689 31.2506656646729 30.4976367950439 31.0676078796387 30.3879718780518 29.3357086181641 29.2934494018555 28.6141891479492 28.9960308074951 28.2580471038818 28.1376247406006 27.6992435455322 28.0774574279785 29.8195896148682 29.8315086364746 22.0086154937744 20.9797344207764 21.0245971679688 21.1347637176514 21.5964126586914 21.3870754241943 21.7674007415771 21.2468128204346 21.8326683044434 23.0623302459717 26.041633605957
31.0272674560547 30.4440994262695 29.98317527771 30.1244316101074 30.7553081512451 30.6306095123291 30.8824691772461 31.2623424530029 31.3511810302734 31.2463092803955 31.071798324585 31.5759162902832 31.4563369750977 32.4798622131348 33.0524139404297 32.5494155883789 32.0168304443359 32.5908050537109 31.812292098999 31.5315132141113 31.4424800872803 31.0974674224854 30.5665683746338 29.5649547576904 30.3032054901123 30.2606048583984 28.7086181640625 29.1143531799316 29.2910461425781 28.3260192871094 27.4331493377686 27.2884674072266 28.273946762085 28.2782421112061 30.2919807434082 27.0695667266846 21.7121772766113 20.990592956543 21.0520477294922 21.7457389831543 21.1251544952393 21.476978302002 21.8973922729492 21.8754005432129 22.7474060058594 23.347728729248
29.7429943084717 30.2088737487793 30.6508388519287 29.9112815856934 29.8081188201904 30.2603931427002 30.8328876495361 30.9587631225586 30.9449348449707 30.7336101531982 31.2842864990234 31.3772430419922 30.5227584838867 31.144380569458 32.5240707397461 31.3216819763184 31.3584518432617 32.4600868225098 32.2249641418457 30.9269218444824 31.1140613555908 30.7634620666504 30.8485317230225 31.2294540405273 28.7564392089844 29.0986328125 29.0191459655762 29.2378520965576 29.3856010437012 29.5377883911133 28.044548034668 27.6037368774414 27.2857303619385 27.5115509033203 28.9176082611084 28.96510887146 21.8423767089844 21.958065032959 21.9050121307373 22.4491920471191 21.8223457336426 21.6964645385742 21.9124336242676 27.5069675445557 23.144681930542 22.2376518249512
30.9643020629883 29.8598480224609 30.8079986572266 29.711067199707 29.7109985351562 29.9538879394531 30.1099586486816 30.0482063293457 29.8696537017822 30.5057315826416 30.2394943237305 30.2856197357178 30.6216869354248 31.4194831848145 32.2545890808105 32.3812141418457 31.7660255432129 32.2035217285156 32.0764961242676 31.0962142944336 31.663890838623 31.6178779602051 30.2570686340332 30.4911708831787 30.2869930267334 31.0364761352539 30.5874423980713 29.9718685150146 30.0865898132324 29.9904670715332 29.4754810333252 28.7997436523438 27.6864337921143 28.6081066131592 28.5818214416504 27.5680255889893 27.3290214538574 25.246467590332 23.1370677947998 23.0488758087158 22.5899868011475 22.515796661377 22.5512409210205 22.405179977417 21.8057060241699 21.5567779541016
32.2071304321289 30.4771709442139 29.3262996673584 29.0158462524414 29.1307048797607 30.1853103637695 29.7091484069824 29.5979690551758 29.4464797973633 30.2325897216797 30.383415222168 30.1803226470947 30.6113090515137 31.6103458404541 32.4086112976074 31.526008605957 31.5375843048096 31.2106761932373 31.7624950408936 30.7382926940918 30.8494167327881 31.823371887207 31.5930271148682 31.2500324249268 30.652006149292 30.085485458374 31.1149921417236 31.7533378601074 31.1754703521729 30.1087989807129 29.2030467987061 29.3464488983154 28.6247062683105 28.3538799285889 28.3218307495117 28.3270072937012 28.6492919921875 28.4738845825195 28.6010990142822 26.9067306518555 22.0438098907471 22.1083297729492 22.3490371704102 21.9885997772217 21.952486038208 21.6531162261963
32.3777465820312 31.4592342376709 30.6613349914551 28.89404296875 28.8284950256348 28.926477432251 29.5010604858398 29.5611248016357 29.5181751251221 30.9599590301514 31.6785831451416 31.1050128936768 30.6708145141602 30.8166961669922 30.9390735626221 30.9819583892822 31.4935550689697 31.6750621795654 31.3067207336426 32.0100402832031 30.8663845062256 31.3833026885986 31.8000354766846 31.6456298828125 31.1072387695312 31.6078262329102 30.0388660430908 31.2150917053223 30.7297706604004 29.9877624511719 29.0478630065918 29.6442527770996 27.8894062042236 27.8928470611572 28.1634197235107 24.7336483001709 28.7788276672363 28.5018177032471 28.1775245666504 28.3621158599854 27.0784168243408 21.9882583618164 21.6752185821533 23.9762096405029 23.9365520477295 24.4868221282959
32.7347068786621 31.9047412872314 31.491605758667 29.19215965271 29.2273197174072 28.8596897125244 28.9888496398926 29.5699119567871 29.4941501617432 30.6765785217285 31.6871185302734 31.4469699859619 31.5417747497559 31.8895111083984 31.7092742919922 31.3025741577148 31.6151752471924 31.6016960144043 31.6144981384277 30.8273239135742 31.7946033477783 31.6219253540039 31.3725986480713 30.9217491149902 30.6067962646484 30.5767097473145 30.1574401855469 29.626070022583 30.6068000793457 30.3928279876709 29.362922668457 29.5665035247803 28.2376823425293 28.4966773986816 26.938684463501 27.8878135681152 27.7775440216064 28.2079257965088 28.023380279541 28.1349182128906 27.8141498565674 27.1040191650391 25.8569850921631 25.0524101257324 23.7363624572754 23.6362838745117
32.5062141418457 32.6673049926758 31.5652561187744 29.971752166748 29.7726669311523 30.1894226074219 29.5706787109375 29.1184749603271 28.4849987030029 29.4224700927734 31.2842197418213 31.8496932983398 32.0336112976074 31.1923923492432 31.7395057678223 31.6730213165283 31.8359146118164 32.1797142028809 32.3117561340332 31.1072254180908 31.9797954559326 31.8912391662598 30.517240524292 30.5684337615967 30.4340705871582 29.5551719665527 29.4281806945801 29.5692691802979 30.4158630371094 31.0825595855713 30.9073028564453 28.9072532653809 28.66796875 27.7987194061279 27.5739727020264 27.0067672729492 27.0755920410156 27.8557739257812 27.7718296051025 27.7913074493408 27.1532497406006 26.9010047912598 26.4306945800781 25.5637245178223 21.8059120178223 21.6425323486328
31.9862155914307 32.5662155151367 32.2810592651367 28.8800296783447 28.4607982635498 29.3162021636963 29.1902351379395 29.3809661865234 28.5363349914551 28.724645614624 30.3205089569092 29.9109058380127 30.7350025177002 31.7926635742188 31.3998851776123 31.8192348480225 32.005256652832 32.2916831970215 32.1661796569824 32.0447425842285 31.9814357757568 31.7864856719971 31.6546516418457 30.5829219818115 31.5501556396484 31.2506370544434 29.8428287506104 29.9188194274902 30.0271911621094 30.7391052246094 30.7642936706543 29.4122524261475 28.5065040588379 27.9803466796875 28.0304584503174 28.6883430480957 26.8495330810547 26.6678981781006 27.4240570068359 28.4902591705322 28.4341087341309 27.7649269104004 27.7415390014648 26.9528484344482 22.072811126709 21.5343208312988
32.3217010498047 31.791374206543 31.695858001709 29.5723495483398 28.6563243865967 29.9284496307373 29.8675556182861 29.3859901428223 28.6164875030518 28.7323741912842 30.1399726867676 29.5343189239502 31.5046348571777 31.4586963653564 31.3442764282227 32.2022857666016 31.8688716888428 32.2514915466309 31.0353584289551 31.8842105865479 31.9660625457764 32.0153541564941 31.8592414855957 31.0655307769775 30.4600715637207 30.6927719116211 30.7556228637695 30.2270736694336 29.8051147460938 30.0632801055908 30.4707889556885 30.7142696380615 30.7306213378906 29.950647354126 28.9950084686279 29.5930557250977 28.2758636474609 27.4646759033203 26.2372512817383 27.5691204071045 28.6596336364746 28.8723602294922 28.3013038635254 28.0802631378174 25.590856552124 25.1580543518066
32.0645599365234 31.2292709350586 31.4076328277588 30.4879302978516 30.0448188781738 29.8551769256592 30.3893299102783 29.9824867248535 30.3031044006348 29.3731441497803 29.3745536804199 30.1118602752686 30.2232093811035 31.1323986053467 31.9071521759033 32.0938262939453 32.0124740600586 32.1840286254883 32.1553573608398 31.3468494415283 31.3530673980713 31.9772548675537 31.553653717041 32.0639152526855 31.2688045501709 30.6286430358887 30.1561222076416 30.5883617401123 29.2630805969238 30.3487510681152 30.0797119140625 29.5043697357178 30.469877243042 30.217248916626 31.1124877929688 28.7894191741943 28.9130744934082 29.5378799438477 29.2576675415039 28.0388126373291 28.0177879333496 27.1988506317139 26.4859676361084 25.7092914581299 25.840389251709 22.7619209289551
32.1402626037598 32.1683082580566 32.0063705444336 30.9436664581299 30.5985527038574 30.5557174682617 30.9736995697021 31.3494205474854 30.5833168029785 29.446647644043 30.1803131103516 31.4667415618896 31.1267204284668 32.0793075561523 31.8833560943604 32.0214920043945 30.7462387084961 31.3507461547852 31.5319232940674 31.5612983703613 31.164249420166 31.220287322998 30.8308658599854 31.4686489105225 31.1349124908447 31.4127826690674 30.5706272125244 30.9681453704834 29.9074859619141 30.3659248352051 30.5518493652344 30.1118946075439 29.4058647155762 29.409948348999 29.8186473846436 30.4838256835938 30.1198844909668 30.012809753418 29.2543277740479 27.6902847290039 27.1019515991211 27.9191951751709 25.9569225311279 22.4684753417969 22.8064727783203 22.5435581207275
31.6316928863525 32.0355339050293 31.5994491577148 32.1880111694336 31.031400680542 29.8669624328613 30.5873527526855 31.273983001709 30.9104347229004 30.1998748779297 30.0346164703369 31.6867580413818 32.0053672790527 30.8553371429443 31.5040054321289 31.9408912658691 30.6761455535889 31.1253719329834 31.4748249053955 30.5479049682617 30.6946353912354 31.00905418396 31.2099208831787 31.0833492279053 31.1443843841553 31.0799617767334 30.9016227722168 30.4413204193115 30.1405239105225 30.6648769378662 29.049654006958 29.9655723571777 28.3962230682373 28.4198112487793 28.7945327758789 29.929012298584 29.3357467651367 28.3250904083252 28.2079448699951 23.4704360961914 23.164945602417 26.7467193603516 25.594388961792 22.0651359558105 22.4848690032959 22.5818290710449
32.0984687805176 32.4105758666992 32.0320930480957 31.8138732910156 31.3449840545654 31.6617870330811 30.647481918335 30.600191116333 31.0135269165039 30.9464015960693 29.532958984375 30.7107849121094 32.0253791809082 31.7296867370605 31.3234672546387 31.8928527832031 31.3566379547119 31.1739959716797 29.8534336090088 31.0408134460449 31.3398132324219 31.4111156463623 30.5753231048584 31.0272235870361 31.7407817840576 31.0861110687256 30.9353790283203 30.4777393341064 30.5851917266846 31.0776138305664 30.4705867767334 30.37158203125 30.2456016540527 29.7130260467529 28.5676441192627 28.6290950775146 29.4905815124512 28.7082633972168 27.5734062194824 23.4050178527832 23.3126525878906 27.4753456115723 22.9372100830078 22.6979923248291 22.1321544647217 22.2729797363281
32.3374862670898 32.294059753418 32.410472869873 32.0337448120117 31.9729671478271 31.3619976043701 30.407075881958 30.2805500030518 30.5601348876953 29.5988883972168 29.8199634552002 31.7916393280029 31.4982662200928 32.1902275085449 31.3233509063721 31.4040203094482 30.267427444458 30.1341342926025 30.0692291259766 30.1022510528564 30.1532897949219 30.5143947601318 29.8516082763672 30.4494533538818 31.6460819244385 31.0084953308105 30.6726779937744 30.7728633880615 30.6116466522217 31.1361808776855 30.348876953125 30.3344192504883 30.2307167053223 29.6649379730225 29.6387805938721 28.6423511505127 28.5649757385254 28.0840892791748 24.0044841766357 23.9180583953857 23.6279850006104 26.867431640625 23.0889129638672 22.3304767608643 22.3594665527344 22.2561054229736
32.1477279663086 31.5334415435791 32.2742614746094 31.2250995635986 31.9618549346924 30.7445430755615 30.6496734619141 30.0352592468262 30.5231895446777 29.6232032775879 29.6370162963867 29.230770111084 31.0405368804932 31.8901481628418 31.8529605865479 31.1526393890381 30.0468616485596 30.1663036346436 30.0835609436035 29.3996105194092 29.7048282623291 31.0679740905762 30.1463108062744 30.4251899719238 30.4638175964355 30.9474468231201 30.7941207885742 30.6172714233398 30.808931350708 31.4690608978271 30.5251770019531 30.1396064758301 29.7691898345947 30.5245571136475 30.1727485656738 29.8046894073486 29.1775379180908 27.9773731231689 27.4074039459229 27.3345165252686 26.7521514892578 26.8252105712891 26.1461925506592 22.4423217773438 22.3377933502197 22.3416442871094
