inst/extdata/Tmax/Tmax111.asc
NCOLS 100 
NROWS 79 
XLLCORNER 148.06 
YLLCORNER -21.49 
CELLSIZE 0.01 
NODATA_value -3.4e+38 
[rows 0 to 19 of 79, columns 46 to 91 of 100]
41.0800437927246 40.8882942199707 40.770751953125 40.7514991760254 40.7151412963867 40.5607070922852 40.7446594238281 40.5627937316895 40.3618011474609 40.1774406433105 40.0633811950684 39.7865829467773 39.6693572998047 39.8518981933594 40.0843048095703 39.9665107727051 39.817798614502 39.6223258972168 39.3024444580078 39.0841674804688 38.8983459472656 -3.4e+38 -3.4e+38 -3.4e+38 -3.4e+38 -3.4e+38 -3.4e+38 -3.4e+38 -3.4e+38 -3.4e+38 -3.4e+38 -3.4e+38 -3.4e+38 -3.4e+38 -3.4e+38 -3.4e+38 -3.4e+38 -3.4e+38 -3.4e+38 -3.4e+38 -3.4e+38 -3.4e+38 -3.4e+38 -3.4e+38 -3.4e+38 -3.4e+38
41.0761604309082 40.7875480651855 40.5528450012207 40.7736358642578 40.9088745117188 40.8701667785645 40.8109321594238 40.6959190368652 40.3548355102539 39.9208641052246 40.0097923278809 39.487377166748 39.939151763916 40.2060928344727 40.1615867614746 40.0347900390625 39.9033699035645 39.7446174621582 39.525203704834 39.4030151367188 39.2607040405273 39.1010475158691 -3.4e+38 -3.4e+38 -3.4e+38 -3.4e+38 -3.4e+38 -3.4e+38 -3.4e+38 -3.4e+38 -3.4e+38 -3.4e+38 -3.4e+38 -3.4e+38 -3.4e+38 -3.4e+38 -3.4e+38 -3.4e+38 -3.4e+38 -3.4e+38 -3.4e+38 -3.4e+38 -3.4e+38 -3.4e+38 -3.4e+38 -3.4e+38
41.0098304748535 40.2862701416016 39.4887008666992 40.7545852661133 40.92138671875 40.8895874023438 40.8556251525879 40.7836608886719 40.544506072998 39.9664993286133 40.0179977416992 40.124397277832 40.174373626709 40.2952919006348 40.2390518188477 40.1087532043457 40.0004196166992 39.8815269470215 39.7338066101074 39.4950828552246 39.4185066223145 39.2208213806152 38.9451789855957 38.6046600341797 -3.4e+38 -3.4e+38 -3.4e+38 -3.4e+38 -3.4e+38 -3.4e+38 -3.4e+38 -3.4e+38 -3.4e+38 -3.4e+38 -3.4e+38 -3.4e+38 -3.4e+38 -3.4e+38 -3.4e+38 -3.4e+38 -3.4e+38 -3.4e+38 -3.4e+38 -3.4e+38 -3.4e+38 -3.4e+38
40.6464614868164 40.6873245239258 39.653148651123 40.6837882995605 40.8466186523438 40.8567161560059 40.8989524841309 40.785587310791 40.6405487060547 40.3042526245117 40.1709289550781 39.9058303833008 40.2135581970215 40.3154258728027 40.3166580200195 40.1890602111816 40.1142158508301 40.0272216796875 39.8715515136719 39.4919776916504 39.2647438049316 39.2489051818848 39.1510276794434 39.0379905700684 38.8342247009277 38.3431816101074 -3.4e+38 -3.4e+38 -3.4e+38 -3.4e+38 -3.4e+38 -3.4e+38 -3.4e+38 -3.4e+38 -3.4e+38 -3.4e+38 -3.4e+38 -3.4e+38 -3.4e+38 -3.4e+38 -3.4e+38 -3.4e+38 -3.4e+38 -3.4e+38 -3.4e+38 -3.4e+38
40.6617317199707 40.6668472290039 39.5237617492676 39.7216415405273 40.4401550292969 40.8736572265625 40.9382438659668 40.7838249206543 40.7356033325195 40.4155158996582 40.1012420654297 39.897346496582 39.5122718811035 40.0941162109375 40.3145141601562 40.1992645263672 40.2131500244141 40.1468772888184 39.8919525146484 39.1458587646484 38.6052856445312 39.2932205200195 39.3415794372559 39.249641418457 38.9610214233398 38.5967864990234 -3.4e+38 -3.4e+38 -3.4e+38 -3.4e+38 -3.4e+38 -3.4e+38 -3.4e+38 -3.4e+38 -3.4e+38 -3.4e+38 -3.4e+38 -3.4e+38 -3.4e+38 -3.4e+38 -3.4e+38 -3.4e+38 -3.4e+38 -3.4e+38 -3.4e+38 -3.4e+38
39.8931312561035 40.5656700134277 39.1072273254395 38.4952163696289 40.1280670166016 40.9705505371094 40.8929443359375 40.8181953430176 40.7457580566406 40.3378639221191 39.4382438659668 39.1028633117676 39.3913879394531 40.2514343261719 40.1403999328613 40.2674827575684 40.2958068847656 40.2077484130859 40.094669342041 39.4481048583984 38.696044921875 38.7397804260254 39.2014122009277 39.2257423400879 39.1577262878418 39.0048027038574 -3.4e+38 -3.4e+38 -3.4e+38 -3.4e+38 -3.4e+38 -3.4e+38 -3.4e+38 -3.4e+38 -3.4e+38 -3.4e+38 -3.4e+38 -3.4e+38 -3.4e+38 -3.4e+38 -3.4e+38 -3.4e+38 -3.4e+38 -3.4e+38 -3.4e+38 -3.4e+38
39.069091796875 40.5710792541504 39.9639053344727 39.8661880493164 40.7580299377441 40.9621276855469 40.7822418212891 40.6558380126953 40.7793579101562 40.2979621887207 39.5798683166504 39.5484771728516 40.1547393798828 40.2552909851074 39.3608436584473 40.1690254211426 40.2071380615234 40.1894493103027 40.2020988464355 39.907356262207 39.4906806945801 39.2062911987305 39.3882751464844 39.1192970275879 39.3280067443848 39.3070487976074 39.1530342102051 38.8289756774902 -3.4e+38 -3.4e+38 -3.4e+38 -3.4e+38 -3.4e+38 -3.4e+38 -3.4e+38 -3.4e+38 -3.4e+38 -3.4e+38 -3.4e+38 -3.4e+38 -3.4e+38 -3.4e+38 -3.4e+38 -3.4e+38 -3.4e+38 -3.4e+38
38.2817840576172 40.6018600463867 41.006664276123 40.8057975769043 39.8409461975098 40.0401039123535 40.6142387390137 40.7358245849609 40.8642807006836 40.6625175476074 40.2499809265137 39.8299369812012 39.8330459594727 40.0194892883301 39.5701713562012 40.2001991271973 39.4919319152832 39.4303512573242 40.0862083435059 40.1857872009277 39.9779052734375 39.7070007324219 39.5759925842285 39.5967025756836 39.5416221618652 39.4639701843262 39.2394676208496 39.0439720153809 38.713134765625 38.1762237548828 38.1364936828613 -3.4e+38 -3.4e+38 -3.4e+38 -3.4e+38 -3.4e+38 -3.4e+38 -3.4e+38 -3.4e+38 -3.4e+38 -3.4e+38 -3.4e+38 -3.4e+38 -3.4e+38 -3.4e+38 -3.4e+38
38.2558097839355 40.1978073120117 41.0651702880859 40.9366073608398 40.10595703125 38.6472244262695 39.913330078125 40.8683471679688 40.9176292419434 40.7869033813477 40.604736328125 40.3319625854492 40.3295516967773 40.1416091918945 39.6210250854492 39.5184478759766 39.092945098877 39.8046951293945 40.0768737792969 40.1225891113281 40.0879669189453 39.7213745117188 39.3152275085449 38.9793090820312 39.6213684082031 39.615894317627 39.4604911804199 39.2684631347656 39.1187362670898 38.548282623291 38.2860565185547 38.4217720031738 -3.4e+38 -3.4e+38 -3.4e+38 -3.4e+38 -3.4e+38 -3.4e+38 -3.4e+38 -3.4e+38 -3.4e+38 -3.4e+38 -3.4e+38 -3.4e+38 -3.4e+38 -3.4e+38
39.1741104125977 40.2303581237793 40.9676322937012 40.9375610351562 40.8906784057617 39.5430755615234 39.8169174194336 40.8064308166504 40.9529647827148 40.8175354003906 40.5929794311523 40.3272323608398 40.1869125366211 40.2702255249023 39.6125946044922 39.2864151000977 39.1876907348633 40.2479629516602 40.0758399963379 39.7610130310059 40.0945129394531 40.0377311706543 39.8221626281738 39.462459564209 39.8245468139648 39.7203636169434 39.5415115356445 39.561164855957 39.3730812072754 39.0302505493164 38.4612846374512 38.4763450622559 -3.4e+38 -3.4e+38 -3.4e+38 -3.4e+38 -3.4e+38 -3.4e+38 -3.4e+38 -3.4e+38 -3.4e+38 -3.4e+38 -3.4e+38 -3.4e+38 -3.4e+38 -3.4e+38
38.2843399047852 40.1023635864258 40.4509544372559 40.2253570556641 40.5414390563965 40.7549743652344 40.4639129638672 40.8624458312988 40.939826965332 40.8220863342285 40.6249008178711 40.4326553344727 40.2183609008789 40.5460205078125 40.3749847412109 40.2479057312012 40.290599822998 40.476505279541 40.4543685913086 39.9074363708496 39.4193267822266 40.0476875305176 40.2031326293945 39.6832313537598 39.6720542907715 39.4865303039551 39.431583404541 39.7031631469727 39.5164909362793 39.1921539306641 -3.4e+38 -3.4e+38 -3.4e+38 -3.4e+38 -3.4e+38 -3.4e+38 -3.4e+38 -3.4e+38 -3.4e+38 -3.4e+38 -3.4e+38 -3.4e+38 -3.4e+38 -3.4e+38 -3.4e+38 -3.4e+38
37.694393157959 38.6116905212402 38.9302024841309 38.653247833252 39.6679382324219 40.2809906005859 40.6324996948242 40.8891334533691 40.8702011108398 40.7699165344238 40.5603790283203 40.3633804321289 40.2024307250977 40.7955169677734 40.7702484130859 40.5976066589355 40.5903167724609 40.6638832092285 40.6885871887207 40.574520111084 40.1602401733398 39.9396820068359 40.2922821044922 40.0829391479492 39.822868347168 39.8990097045898 39.9004592895508 39.6116943359375 39.4624328613281 39.2567710876465 -3.4e+38 -3.4e+38 -3.4e+38 -3.4e+38 -3.4e+38 -3.4e+38 -3.4e+38 -3.4e+38 -3.4e+38 -3.4e+38 -3.4e+38 -3.4e+38 -3.4e+38 -3.4e+38 -3.4e+38 -3.4e+38
37.7127075195312 36.8839416503906 36.3496398925781 36.4341621398926 38.3052864074707 38.8308753967285 40.064079284668 40.4026832580566 40.7011299133301 40.5750312805176 40.3318252563477 40.6429214477539 40.6313858032227 40.5152893066406 40.937744140625 40.882926940918 40.8050537109375 40.7998237609863 40.7985229492188 40.766975402832 40.6788482666016 40.5852165222168 40.4207649230957 40.3446159362793 40.0210914611816 40.0594673156738 40.0126152038574 39.7112159729004 39.410270690918 39.2608947753906 39.0551605224609 38.7042541503906 -3.4e+38 -3.4e+38 -3.4e+38 -3.4e+38 -3.4e+38 -3.4e+38 -3.4e+38 -3.4e+38 -3.4e+38 -3.4e+38 -3.4e+38 -3.4e+38 -3.4e+38 -3.4e+38
37.7696228027344 37.0985527038574 36.3344993591309 35.866771697998 36.3378372192383 36.9752616882324 38.7989692687988 40.0140151977539 40.7272186279297 40.5407905578613 40.0186729431152 40.6058731079102 40.9178657531738 40.9509544372559 40.9568481445312 40.9478454589844 40.9610977172852 40.937255859375 40.9035797119141 40.8586082458496 40.7853698730469 40.7061653137207 40.611572265625 40.5077514648438 40.2473945617676 40.2400169372559 40.1202430725098 39.8857727050781 39.6087875366211 39.5074615478516 39.3894653320312 39.2212371826172 38.8722152709961 -3.4e+38 -3.4e+38 -3.4e+38 -3.4e+38 38.318115234375 38.3393707275391 -3.4e+38 -3.4e+38 -3.4e+38 -3.4e+38 -3.4e+38 -3.4e+38 -3.4e+38
38.3175277709961 37.2035865783691 36.4491958618164 36.112434387207 36.5404205322266 36.2910804748535 37.2521324157715 38.9705276489258 40.2994003295898 40.6667900085449 39.5524139404297 40.3826332092285 40.8106346130371 40.3430252075195 40.4159851074219 40.7972984313965 40.8888130187988 40.9486045837402 40.8861618041992 40.7451591491699 40.7428359985352 40.6765975952148 40.6626167297363 40.5938415527344 40.497241973877 40.3176002502441 40.1897354125977 40.0253028869629 39.8683547973633 39.7569351196289 39.6686248779297 39.4931106567383 39.0691909790039 -3.4e+38 -3.4e+38 -3.4e+38 -3.4e+38 38.4666290283203 38.4082336425781 38.5477600097656 38.5074043273926 38.329460144043 -3.4e+38 -3.4e+38 -3.4e+38 -3.4e+38
38.2985458374023 37.2134742736816 36.5133361816406 36.8594665527344 36.6581802368164 36.9430923461914 36.7158508300781 37.9613990783691 40.1451950073242 40.8570213317871 39.8033676147461 39.7526741027832 40.5496978759766 38.6918411254883 39.6889343261719 40.0409393310547 40.5785942077637 40.950756072998 40.9183807373047 40.8131332397461 40.7684936523438 40.7320518493652 40.7241973876953 40.6547927856445 40.5674018859863 40.2842712402344 40.2385711669922 40.1520233154297 40.0767135620117 40.0097198486328 39.8601341247559 39.6803703308105 39.4560928344727 -3.4e+38 -3.4e+38 39.1528930664062 38.8962936401367 38.5953674316406 38.4648513793945 38.2539825439453 38.3541946411133 38.5370178222656 -3.4e+38 -3.4e+38 -3.4e+38 -3.4e+38
37.180606842041 36.1021881103516 36.0371475219727 37.0987281799316 37.3568840026855 37.2333374023438 36.8661689758301 37.138614654541 39.4385833740234 40.7067985534668 40.6942100524902 39.8577041625977 40.3616523742676 38.9850463867188 38.984619140625 39.0202560424805 40.3143997192383 40.9732093811035 40.9717864990234 40.9729385375977 40.9344635009766 40.8625373840332 40.796070098877 40.5399589538574 40.5255584716797 40.3763008117676 40.3403015136719 40.3138847351074 40.2637100219727 40.1586647033691 40.0125617980957 39.879150390625 39.744026184082 -3.4e+38 39.5426483154297 39.4907608032227 39.3913726806641 -3.4e+38 38.6469497680664 -3.4e+38 38.3430252075195 -3.4e+38 -3.4e+38 -3.4e+38 -3.4e+38 -3.4e+38
37.1663398742676 35.9136047363281 35.2648735046387 37.4479598999023 37.5954170227051 37.0111122131348 36.6683654785156 36.751148223877 38.1416091918945 40.4440612792969 40.5278434753418 40.0928649902344 40.1983451843262 40.2961006164551 39.62255859375 40.6930847167969 40.9073066711426 40.9960670471191 41.0184555053711 40.9912796020508 40.9479904174805 40.8977355957031 40.8451957702637 40.7384147644043 40.7076721191406 40.6028099060059 40.5390205383301 40.4742240905762 40.3502540588379 40.2993240356445 40.1797943115234 40.0856170654297 39.9902610778809 39.8922080993652 39.8285446166992 39.7892074584961 39.5959854125977 -3.4e+38 -3.4e+38 -3.4e+38 -3.4e+38 -3.4e+38 -3.4e+38 38.5974349975586 -3.4e+38 -3.4e+38
38.7503852844238 38.4106254577637 36.578182220459 37.8304481506348 36.5685005187988 36.522274017334 36.8715400695801 37.0968933105469 39.0639305114746 40.4535636901855 40.1311798095703 39.509105682373 40.3616104125977 40.7560997009277 40.8448524475098 40.8738784790039 40.9792747497559 40.6460952758789 40.7868690490723 40.9365692138672 40.8752174377441 40.898006439209 40.891975402832 40.8466033935547 40.802059173584 40.7220764160156 40.6703147888184 40.5180511474609 40.1703109741211 40.2784194946289 40.3276596069336 40.2877197265625 40.2183303833008 40.1170539855957 40.062557220459 39.9525146484375 39.777099609375 39.613899230957 39.4651489257812 39.374885559082 39.3428039550781 39.2077789306641 38.8916282653809 38.6469688415527 -3.4e+38 -3.4e+38
38.8578262329102 38.0650291442871 38.6449546813965 38.4424819946289 37.1991233825684 37.178035736084 36.8320808410645 36.9831619262695 38.8752784729004 40.1919441223145 40.5757904052734 40.3320045471191 40.6607551574707 40.9367218017578 40.7965621948242 40.6270141601562 40.8055381774902 40.5230979919434 40.3482971191406 40.5107879638672 40.8010292053223 40.85546875 40.8627128601074 40.8837814331055 40.8716125488281 40.8081245422363 40.7410774230957 40.5302085876465 40.246639251709 40.4275703430176 40.3618011474609 40.4374618530273 40.3115386962891 40.2417869567871 40.1873092651367 40.0176162719727 39.9045715332031 39.8272094726562 39.765022277832 39.7129669189453 39.6509208679199 39.4955825805664 39.0843811035156 38.6115303039551 38.6538696289062 -3.4e+38
