inst/extdata/Tmax/Tmax52.asc
NCOLS 100 
NROWS 79 
XLLCORNER 148.06 
YLLCORNER -21.49 
CELLSIZE 0.01 
NODATA_value -3.4e+38 
[rows 20 to 39 of 79, columns 0 to 45 of 100]
30.821889877319300 31.3633728027344 31.5857791900635 31.3397884368896 31.5709476470947 32.462776184082 32.0144119262695 32.3188858032227 31.1742820739746 31.1084537506104 32.1809768676758 31.7269859313965 30.5922145843506 28.707347869873 27.3442707061768 26.5184879302979 26.1884479522705 27.7240371704102 28.9203567504883 29.8503475189209 30.0008277893066 30.5008335113525 30.729642868042 31.0969009399414 31.045919418335 30.7792186737061 29.6503467559814 27.6377334594727 28.7126579284668 28.5603561401367 29.7822895050049 30.096399307251 30.1781005859375 30.2569484710693 30.0104713439941 29.7051105499268 29.4877529144287 29.2653636932373 28.360143661499 28.6869487762451 28.4772872924805 27.5347309112549 28.3185977935791 28.1268329620361 26.6977481842041 26.8393077850342
31.5867519378662 31.9157962799072 31.9600296020508 31.6077079772949 31.5749759674072 31.5213356018066 31.1213226318359 31.9286079406738 32.2096366882324 32.4889144897461 32.179141998291 32.1875152587891 31.6733493804932 29.014009475708 27.2686443328857 27.0370235443115 27.2285690307617 27.9880504608154 28.5836505889893 29.7203922271729 30.432336807251 31.0345478057861 30.2387523651123 30.7776298522949 30.7261791229248 30.4470844268799 30.1863307952881 28.6286773681641 28.7125930786133 29.7125663757324 30.1730442047119 29.9376926422119 29.8804874420166 28.6426849365234 28.3638954162598 28.5985069274902 29.5944766998291 27.7314186096191 27.2975807189941 27.6349468231201 26.8332977294922 27.4332122802734 27.6156215667725 25.2374019622803 25.2179355621338 26.0353813171387
31.86669921875 32.1665649414062 32.0111999511719 31.3511619567871 32.6143074035645 31.7321147918701 31.9925594329834 31.6845207214355 32.4102783203125 31.6249732971191 32.7330932617188 32.3692665100098 32.1689262390137 31.1622257232666 30.1956729888916 28.3531951904297 26.6366596221924 27.2919750213623 27.7963275909424 29.9175930023193 30.8223896026611 30.0178756713867 30.1599597930908 29.6861248016357 29.1928596496582 30.0761604309082 30.0162162780762 29.6927280426025 29.6164722442627 29.6513652801514 29.2844352722168 28.8292598724365 28.2898921966553 27.7655944824219 27.0858936309814 27.9320087432861 28.0113754272461 26.8096694946289 26.8327980041504 26.8245944976807 25.4726943969727 25.251335144043 25.9296474456787 26.5859889984131 20.9481506347656 25.7454719543457
31.9997863769531 32.485279083252 33.0294075012207 31.347261428833 31.3003349304199 32.1861534118652 31.2740230560303 32.2259407043457 32.4389190673828 31.5743846893311 32.1346130371094 32.0156211853027 32.2804832458496 31.3126583099365 29.3605842590332 28.3287181854248 27.0652084350586 27.3716239929199 28.1358680725098 29.1868419647217 29.784029006958 30.4999351501465 29.7226467132568 28.3611392974854 28.8916988372803 29.048978805542 29.0137004852295 30.0017013549805 30.3192806243896 30.0753154754639 29.7126541137695 28.5992565155029 27.9366092681885 28.1388034820557 28.6707744598389 28.3111381530762 26.014368057251 25.5743961334229 26.2105712890625 26.4482879638672 24.9454116821289 24.4733200073242 24.2199039459229 22.7540130615234 23.8907260894775 24.2946739196777
32.1820869445801 32.1024742126465 31.9564933776855 32.7033157348633 32.8212738037109 32.5359153747559 31.3384017944336 32.4109153747559 30.9815578460693 31.2123489379883 31.2654094696045 31.0432624816895 30.8726119995117 31.1790637969971 29.5645866394043 28.0023231506348 27.2148132324219 27.0627307891846 28.2302207946777 28.4235897064209 29.9438819885254 30.3184452056885 27.585865020752 27.2730026245117 27.6858367919922 28.0599670410156 28.3739166259766 29.7433643341064 30.1526470184326 29.5447158813477 29.9497947692871 29.514518737793 29.4198799133301 29.264217376709 28.7186393737793 28.2961177825928 27.6104583740234 26.6213436126709 25.3881435394287 24.7830677032471 23.3300476074219 22.2672233581543 23.0315341949463 25.2884159088135 19.9656848907471 19.8498134613037
32.6242332458496 32.374584197998 32.8573226928711 32.2264709472656 32.7759132385254 32.6656074523926 32.5611724853516 32.356861114502 32.196964263916 30.805721282959 31.8426380157471 31.1514434814453 30.3580284118652 30.432014465332 30.4025650024414 30.1808090209961 28.8476257324219 28.5860214233398 29.3210430145264 30.0770893096924 29.4175109863281 27.8311347961426 27.2607154846191 25.8905391693115 26.7054958343506 27.7203063964844 27.7999324798584 28.8451366424561 29.9158458709717 29.7406883239746 28.0695343017578 29.1007289886475 28.9141120910645 28.9287261962891 28.4927196502686 28.1588020324707 27.5534591674805 26.1916522979736 23.6212539672852 24.2540416717529 22.5257816314697 23.7919921875 25.3991317749023 25.0246448516846 20.1238403320312 19.1431579589844
30.6415519714355 31.8851356506348 32.9604187011719 32.7562942504883 32.6662330627441 32.5350189208984 32.4613914489746 32.5052070617676 32.231502532959 30.9272804260254 30.5002765655518 30.6757717132568 30.5302028656006 30.197452545166 30.1867389678955 29.0672874450684 28.2443695068359 28.4266223907471 29.4052543640137 29.2771434783936 29.0358982086182 29.4967021942139 28.3347492218018 26.7419261932373 26.1358451843262 27.0480613708496 28.4930839538574 29.8510246276855 29.3140602111816 29.4845447540283 28.6585674285889 28.4052734375 28.7762432098389 28.1960506439209 28.1114063262939 27.2515907287598 25.8960552215576 26.158618927002 21.3757667541504 19.5070343017578 22.1308784484863 19.7451324462891 24.5577716827393 21.0571613311768 23.2554340362549 18.816047668457
30.7820510864258 30.4306163787842 31.6058158874512 32.5064163208008 32.4968528747559 32.412467956543 32.6375999450684 32.7911834716797 32.4130668640137 31.6789894104004 31.2064647674561 30.4914321899414 30.3242473602295 30.7005252838135 28.9971485137939 29.0127716064453 28.5353240966797 28.1014499664307 28.4733028411865 28.5653400421143 28.8469982147217 29.0748596191406 28.5513706207275 27.2274265289307 27.0185565948486 27.3244075775146 26.861011505127 29.608283996582 30.0318927764893 28.7504062652588 28.4370994567871 28.5057239532471 28.8456363677979 27.9186115264893 27.5227813720703 26.6244316101074 24.997257232666 25.4767627716064 25.2010707855225 23.7000522613525 22.459644317627 22.9603424072266 22.7771701812744 20.2169456481934 19.5113582611084 19.1190605163574
29.5067443847656 29.9661388397217 30.6185531616211 31.6015853881836 32.6899948120117 32.2213287353516 32.6788215637207 32.3527793884277 32.3717842102051 31.4150943756104 31.5060424804688 30.6379871368408 30.962646484375 30.9388599395752 30.5827102661133 28.2547473907471 28.1728992462158 27.894905090332 28.3314647674561 29.4371356964111 28.3587036132812 28.9434623718262 27.8365287780762 26.7361621856689 26.9855670928955 27.3623447418213 27.4485740661621 28.3813896179199 29.2279682159424 29.1403217315674 29.2163848876953 28.2493343353271 27.773042678833 26.4654788970947 25.6164398193359 24.618257522583 24.8667545318604 24.9500427246094 25.1312637329102 22.5930118560791 19.6183643341064 19.7179012298584 23.0564517974854 19.4205627441406 19.6498336791992 19.5493412017822
28.2974834442139 29.1240291595459 29.8051662445068 30.5120983123779 32.0249557495117 32.0981521606445 31.4759521484375 32.6767311096191 32.467472076416 32.1177673339844 31.0345878601074 31.4430732727051 30.7755126953125 30.4973659515381 31.0560722351074 30.7588539123535 30.2856674194336 28.3010654449463 28.6405982971191 28.6589431762695 28.6553134918213 28.8478412628174 28.3470077514648 27.2554416656494 27.025505065918 27.0367584228516 26.6036930084229 28.3288860321045 29.3282470703125 28.8263282775879 29.4029521942139 27.8118782043457 26.7308101654053 26.5381660461426 25.9924659729004 25.4508857727051 25.4203071594238 24.7647457122803 24.0655422210693 23.7393035888672 25.2566184997559 25.2760372161865 22.6211376190186 22.3651447296143 19.9127979278564 20.8180541992188
28.8580799102783 29.6480255126953 29.8038940429688 30.5107364654541 30.9496822357178 30.8041152954102 31.0373992919922 32.1105117797852 32.0891494750977 31.5901298522949 32.0803756713867 32.0126647949219 32.0459938049316 31.2273540496826 31.2360515594482 31.1561012268066 29.8353519439697 29.2449760437012 28.2498264312744 28.6880416870117 28.5480995178223 28.0833930969238 27.7868919372559 27.3861770629883 26.7895240783691 25.9976959228516 26.4699268341064 28.5392818450928 29.0410060882568 29.2233867645264 29.5204582214355 29.687686920166 27.9107570648193 26.5914649963379 25.8762302398682 26.6076335906982 26.2425537109375 25.5375728607178 24.6442070007324 24.7727317810059 26.9066371917725 26.7776775360107 26.3487758636475 25.3984603881836 22.1519603729248 21.3446598052979
29.9922790527344 29.9802665710449 30.8942031860352 31.7547168731689 32.2899322509766 31.0573348999023 31.1656799316406 32.4609107971191 32.4404563903809 31.7896308898926 32.1990051269531 31.860954284668 31.8224067687988 31.433012008667 30.4764499664307 30.7566318511963 28.3886947631836 27.0352630615234 28.3109092712402 27.9581031799316 27.9731502532959 28.2427558898926 27.6651859283447 27.3879375457764 26.9842624664307 27.0047740936279 27.5424270629883 28.9458980560303 29.6863555908203 28.651252746582 29.1294765472412 29.1636257171631 29.5002632141113 28.5748748779297 27.8792133331299 26.661075592041 26.9084606170654 26.964750289917 26.551025390625 28.0795269012451 27.0838222503662 26.5484409332275 21.3278503417969 22.9191017150879 20.5014724731445 19.6947555541992
29.4887638092041 30.9804420471191 30.8815326690674 31.0122852325439 32.2215118408203 31.4413928985596 32.0830116271973 31.7673053741455 32.3714714050293 31.3854598999023 32.3764801025391 31.8779373168945 31.853364944458 31.2569389343262 30.8496284484863 30.3134632110596 30.2338199615479 28.4448661804199 27.1793251037598 27.4321174621582 27.5331916809082 28.1658401489258 27.548469543457 27.6096248626709 27.2316284179688 27.0947132110596 29.0781955718994 29.3077907562256 29.1978092193604 30.6266479492188 29.2402591705322 28.6703186035156 29.9756755828857 29.864444732666 29.1551895141602 28.4293670654297 28.1225471496582 28.0509624481201 27.5855884552002 27.7576236724854 26.7821712493896 24.0400123596191 19.1916618347168 19.5916118621826 19.7776031494141 18.3449459075928
30.1972103118896 30.4628028869629 31.0545234680176 30.0234050750732 30.6150054931641 29.6541213989258 30.3884429931641 31.7528915405273 32.2982063293457 32.124382019043 32.4487915039062 31.7014827728271 31.5540752410889 31.6101684570312 31.0026245117188 30.7664451599121 31.1016159057617 30.5750160217285 29.8285045623779 29.3224983215332 27.9827651977539 27.7932186126709 28.296293258667 27.9799499511719 27.5990390777588 27.2134284973145 28.9821071624756 29.9386577606201 29.5017547607422 29.6396732330322 29.414608001709 28.1262054443359 27.886739730835 27.9407043457031 28.4290065765381 28.6763019561768 28.6993541717529 29.1484107971191 28.6788234710693 28.828483581543 27.0866413116455 22.3240604400635 20.6835498809814 21.0481033325195 20.784107208252 19.6162910461426
30.7566699981689 31.2097339630127 30.9343318939209 29.0611190795898 29.7969608306885 31.020320892334 30.3082256317139 31.7474155426025 32.1556167602539 31.8255577087402 32.2830924987793 32.0268287658691 32.3782691955566 31.8971920013428 31.4876976013184 31.3046073913574 30.9902477264404 30.5847225189209 30.1226673126221 29.0978317260742 27.5732746124268 28.6398849487305 29.0442981719971 27.8695869445801 27.4558162689209 27.4527187347412 27.5481910705566 29.0315952301025 28.8116798400879 27.8685646057129 28.871997833252 27.7803974151611 27.3307151794434 27.3262367248535 27.0067596435547 27.3043632507324 27.9336242675781 27.5373954772949 28.1939849853516 27.9349765777588 26.2366390228271 26.0274257659912 23.180025100708 22.4977684020996 21.6989326477051 21.5339698791504
30.4971504211426 31.8724365234375 30.939847946167 30.0896625518799 28.5320682525635 30.9444751739502 32.4250297546387 30.5953826904297 31.6176223754883 32.2527542114258 32.1682662963867 32.0508003234863 31.5627365112305 31.7257900238037 31.3738460540771 31.52490234375 30.5750713348389 30.1278324127197 29.9993495941162 29.3487110137939 28.233081817627 28.8668823242188 27.9628868103027 26.5100898742676 26.9550247192383 26.6091499328613 28.2944755554199 27.6566791534424 27.1476898193359 24.4940967559814 26.5184936523438 27.1462554931641 27.4654903411865 27.1129817962646 27.0628776550293 26.1262588500977 26.4366931915283 26.8018970489502 27.765157699585 27.0999431610107 22.2165660858154 21.8619861602783 21.6786880493164 22.3135528564453 21.9397163391113 20.5833015441895
31.0600509643555 30.2362823486328 31.5889472961426 30.8502388000488 30.696907043457 30.7654895782471 30.8523082733154 31.0030002593994 31.2087574005127 32.5737228393555 32.596492767334 32.060848236084 31.9837207794189 32.253791809082 32.0050811767578 30.8466644287109 30.2486896514893 30.1927814483643 30.1611652374268 30.1052665710449 29.4301853179932 28.3306732177734 27.1817321777344 26.8790378570557 27.1853923797607 27.9044399261475 28.6962757110596 27.8191013336182 27.4468574523926 25.514045715332 25.1567134857178 24.1928863525391 25.6799201965332 27.0337104797363 26.8666572570801 24.950647354126 24.9687881469727 24.5992336273193 24.4383449554443 20.9111976623535 20.9302062988281 20.0330657958984 20.6994934082031 21.7782669067383 21.782808303833 19.931999206543
30.3258247375488 29.8954067230225 31.2579574584961 30.0711135864258 30.2196636199951 30.2410755157471 29.0542678833008 29.9285545349121 31.0076808929443 31.3836231231689 32.1594429016113 32.2146301269531 32.1311721801758 31.6570663452148 31.9805202484131 31.8713054656982 31.1961631774902 29.9106483459473 30.417459487915 29.9429302215576 29.754976272583 28.9414958953857 27.3132820129395 27.1862392425537 26.5421447753906 27.314359664917 28.4541606903076 27.4776935577393 27.7253532409668 27.53125 27.5135860443115 26.4197425842285 25.9733238220215 24.6553020477295 20.3706207275391 18.9815063476562 19.1463432312012 18.9098129272461 18.8554859161377 19.1939582824707 19.4321174621582 19.5824909210205 19.9245586395264 20.9437694549561 21.2683200836182 20.7434463500977
30.3194389343262 29.7376537322998 29.8233032226562 31.0514106750488 30.7538299560547 30.848165512085 29.4011974334717 28.5231056213379 29.5864543914795 30.6101722717285 31.9610614776611 32.3480834960938 32.2964134216309 32.1452789306641 31.0361156463623 30.5776062011719 30.6083965301514 30.2537784576416 30.7338733673096 30.6036014556885 30.57253074646 29.2322292327881 28.3969535827637 28.0911102294922 27.0574417114258 27.8603019714355 27.634033203125 27.8552074432373 26.0258464813232 27.0970458984375 26.2671508789062 26.117151260376 26.6693782806396 25.9213581085205 24.2907867431641 18.6955413818359 18.1615943908691 18.0891742706299 17.7993984222412 18.445837020874 19.2098007202148 20.7341747283936 19.3199653625488 20.6994514465332 20.1103229522705 19.9018592834473
29.9329357147217 29.4474124908447 30.7255592346191 30.6924419403076 31.0041904449463 30.1248531341553 29.7745876312256 29.1013946533203 30.0541191101074 29.563928604126 30.5724849700928 32.1296463012695 31.8844966888428 31.6931419372559 31.0145435333252 31.259162902832 29.5631141662598 29.8062915802002 30.2714996337891 30.1225070953369 30.2041645050049 29.551570892334 29.5840797424316 28.9203586578369 27.621711730957 27.5434627532959 27.2051830291748 27.1484222412109 27.6610698699951 26.6219043731689 25.4860858917236 24.7028617858887 26.9163627624512 26.9808158874512 27.0731468200684 24.5192031860352 21.5639190673828 21.1353492736816 19.9470100402832 18.7949466705322 19.72580909729 19.661434173584 19.8160572052002 20.3031616210938 20.1663875579834 19.7566337585449
