inst/extdata/Tmax/Tmax15.asc
NCOLS 100 
NROWS 79 
XLLCORNER 148.06 
YLLCORNER -21.49 
CELLSIZE 0.01 
NODATA_value -3.4e+38 
[rows 40 to 59 of 79, columns 46 to 91 of 100]
16.2522296905518 17.6544418334961 17.2988109588623 18.1115074157715 20.5257835388184 20.6298294067383 20.4212284088135 18.0345821380615 17.711742401123 18.4257469177246 20.0941467285156 22.3200721740723 22.7882423400879 22.3240146636963 21.4757328033447 23.3707065582275 24.3320007324219 23.7773017883301 24.8533306121826 24.8439350128174 24.2085132598877 24.7614269256592 22.6550216674805 21.527774810791 22.9903240203857 23.9366436004639 24.473482131958 23.6399440765381 23.4768867492676 23.6589450836182 23.2862339019775 24.3849182128906 23.1240310668945 20.1101512908936 21.794828414917 26.2351379394531 24.5801963806152 23.0154552459717 20.877124786377 20.168327331543 19.5772094726562 22.4710941314697 22.879035949707 22.2517185211182 23.6174774169922 20.854513168335
17.530782699585 17.6398105621338 19.0415363311768 20.3970336914062 21.2229614257812 20.898983001709 20.1641235351562 19.9286079406738 21.3950119018555 21.6874980926514 24.4266891479492 23.33815574646 23.1248512268066 22.8362426757812 22.2613162994385 24.2804069519043 24.4227447509766 24.2484378814697 25.3102416992188 25.6039638519287 23.5140571594238 23.8465633392334 20.0236186981201 25.8710479736328 27.0541248321533 22.6857070922852 24.6799755096436 23.6524333953857 23.8573131561279 23.0689277648926 23.6767272949219 24.2232322692871 24.0584678649902 23.0840625762939 23.5351867675781 25.5597400665283 23.8137836456299 23.250186920166 22.9814319610596 22.6908664703369 22.1730098724365 21.7244262695312 23.1620311737061 22.7990169525146 22.7914772033691 22.251392364502
18.9871616363525 20.04660987854 20.0082225799561 22.0709800720215 27.2067337036133 24.7629413604736 22.254508972168 21.4777679443359 22.6863384246826 24.4222450256348 24.5628528594971 24.1936187744141 24.5007171630859 24.0647830963135 25.8161144256592 24.3860054016113 24.253490447998 23.9270801544189 24.3619041442871 25.0964183807373 24.163257598877 23.563268661499 23.2339839935303 27.3949890136719 20.7215938568115 27.4771194458008 26.7754592895508 22.6127853393555 21.9685497283936 24.5880813598633 24.2851581573486 24.6161308288574 23.894588470459 23.2438297271729 23.6245708465576 22.4017925262451 22.4718704223633 21.9743804931641 22.0759239196777 22.5289039611816 23.681526184082 23.7780475616455 24.1460094451904 22.8275527954102 24.8505916595459 24.7920932769775
22.6395492553711 23.4319114685059 23.620662689209 23.799129486084 24.5792617797852 24.1093692779541 23.7765655517578 23.3732891082764 23.7419376373291 24.1667633056641 24.8677024841309 24.9078578948975 25.1222953796387 25.0375823974609 24.5385780334473 24.1052474975586 23.7684631347656 23.9824695587158 24.7113437652588 22.3270397186279 24.5888042449951 24.6009502410889 24.3892078399658 23.7621612548828 23.1989269256592 24.9213161468506 24.187593460083 23.7382297515869 24.3858623504639 26.114574432373 25.4934139251709 25.9441108703613 23.7379360198975 23.1360836029053 22.9796581268311 25.4975547790527 24.9157104492188 23.0110206604004 23.9826774597168 25.0512542724609 25.6605548858643 24.8145122528076 23.2519016265869 27.4942054748535 25.0546436309814 23.0358982086182
22.4460983276367 22.6948547363281 22.7397365570068 23.1200199127197 24.7168235778809 25.4094867706299 24.8303813934326 24.0295333862305 24.4272079467773 24.1131439208984 23.8134212493896 23.8144493103027 23.4157276153564 23.2647380828857 23.1387214660645 23.7543544769287 22.1305198669434 23.009838104248 24.0689392089844 24.4500045776367 25.4180793762207 26.0479202270508 25.7613983154297 24.7949295043945 22.6942844390869 23.1766548156738 23.5898914337158 24.0869693756104 26.3163471221924 26.66233253479 25.311056137085 24.0630283355713 22.9980335235596 23.6952438354492 23.3581523895264 25.386697769165 24.0799446105957 22.9161128997803 24.1772613525391 22.6764335632324 23.3067321777344 24.8763313293457 25.2991180419922 25.2590312957764 28.1348133087158 25.0331192016602
18.290397644043 19.8913478851318 21.5558414459229 19.9418411254883 21.700309753418 22.4577121734619 22.3029651641846 22.6555881500244 22.9754219055176 23.086446762085 19.961217880249 20.1652202606201 20.3723487854004 18.3180847167969 19.4885921478271 20.6352062225342 23.0787944793701 23.3317070007324 23.2962532043457 23.4283561706543 25.2279777526855 25.0118103027344 24.3210334777832 24.2586975097656 24.3972949981689 24.9168338775635 24.9174480438232 24.888801574707 24.5300827026367 24.7362842559814 24.3911895751953 25.5416088104248 26.4017219543457 26.8766498565674 24.8537483215332 24.5848999023438 24.0759563446045 23.9173221588135 23.88791847229 23.6065464019775 23.4495582580566 24.516393661499 24.6862316131592 23.3765888214111 25.6889610290527 28.0455684661865
16.4272480010986 17.8635883331299 17.4576301574707 17.225040435791 18.4078044891357 18.9329242706299 19.1404323577881 19.7961502075195 20.4638652801514 19.6110324859619 19.1444339752197 18.4315204620361 18.9050827026367 18.7731533050537 19.1974945068359 20.6649112701416 23.4688777923584 23.2714920043945 22.6353187561035 24.5398235321045 25.0076732635498 25.4315490722656 24.4785804748535 23.7489490509033 26.3748302459717 26.5838985443115 25.6575412750244 24.9486293792725 24.028844833374 23.9455986022949 25.1582450866699 24.9837074279785 24.4252891540527 24.7469635009766 25.0206184387207 27.6328544616699 24.4333610534668 24.6197719573975 23.5327396392822 23.3996105194092 23.3749370574951 26.0181484222412 24.0431804656982 26.9067630767822 25.5150299072266 24.9590320587158
16.7943878173828 16.7243957519531 16.6066417694092 16.7007312774658 16.5628967285156 16.962287902832 18.0861511230469 19.2252750396729 19.5507049560547 19.3472213745117 20.0756397247314 19.4567222595215 19.4755630493164 21.0658836364746 21.8806419372559 23.511661529541 24.2005233764648 24.1277103424072 24.2628612518311 25.6662826538086 28.3981056213379 26.1292819976807 24.0380992889404 25.0465507507324 26.238468170166 25.8791923522949 25.24928855896 28.1896133422852 25.3450355529785 25.6065578460693 25.6354103088379 23.0861759185791 22.9373722076416 23.2642993927002 23.0396709442139 23.0411701202393 24.4532890319824 23.4617748260498 22.5619964599609 26.3164138793945 26.0661563873291 28.0313148498535 24.6092281341553 26.7183170318604 26.4380950927734 26.3527774810791
16.5782337188721 18.5695705413818 16.901180267334 16.5278224945068 16.4331169128418 16.3911514282227 16.5529136657715 18.7865447998047 19.6397018432617 19.8463649749756 19.7414283752441 19.8537616729736 25.2216339111328 26.3893737792969 26.90700340271 23.3385620117188 25.2631454467773 21.6266002655029 27.2703914642334 27.2107810974121 26.9323596954346 27.203031539917 26.5971221923828 26.1566352844238 25.8473873138428 23.9428787231445 25.1445007324219 26.2963008880615 28.4471378326416 27.723575592041 27.4637222290039 28.2093124389648 27.2995376586914 23.3213539123535 24.2857933044434 28.6909828186035 27.8641815185547 24.8550891876221 24.6688709259033 24.4836921691895 22.5661888122559 23.0983085632324 23.7232475280762 24.6342010498047 23.7568817138672 24.3751525878906
18.4813556671143 19.1561584472656 20.3441143035889 17.4080696105957 16.9166049957275 17.7450752258301 17.5646324157715 18.7194404602051 19.1635112762451 19.8018207550049 24.1044769287109 25.7816696166992 27.020133972168 27.0721187591553 27.5827980041504 20.7309970855713 23.9323863983154 21.0506954193115 21.4006328582764 23.9735622406006 23.98268699646 28.2181911468506 24.670934677124 25.5569362640381 25.2906284332275 24.4137554168701 26.3702030181885 26.4415016174316 26.9380645751953 27.0071792602539 26.7756595611572 25.1360664367676 23.4720344543457 23.9639701843262 24.6190586090088 28.8605976104736 28.8286571502686 25.6475696563721 24.5113353729248 24.3616981506348 24.345308303833 23.3287734985352 24.5148544311523 23.1118316650391 24.0935649871826 24.7364768981934
21.8726558685303 18.6501331329346 21.6234035491943 16.5696277618408 16.6699962615967 17.9789276123047 18.224193572998 19.0419254302979 19.8691921234131 20.4689540863037 20.4973106384277 20.7489929199219 25.4208068847656 26.121374130249 26.751558303833 20.6824703216553 23.1737289428711 23.0530853271484 19.8623695373535 23.7644538879395 21.3040008544922 27.0934066772461 24.7538681030273 26.2994537353516 24.7261123657227 25.721923828125 24.7203140258789 24.3158760070801 27.3616123199463 27.0723094940186 26.4493179321289 25.9143962860107 25.5978488922119 23.8200969696045 24.669303894043 27.1144008636475 28.4703273773193 26.5974769592285 25.4980926513672 26.0232849121094 24.5893421173096 23.4757843017578 23.5519523620605 22.6814651489258 24.1416797637939 24.9368667602539
17.3355731964111 15.936448097229 16.4371032714844 15.5392866134644 15.5203304290771 17.1383686065674 18.0728073120117 19.3388118743896 19.7935371398926 20.1278018951416 20.3690567016602 20.0420799255371 19.9523963928223 19.5318489074707 20.0761222839355 23.2698993682861 21.0802021026611 23.8719711303711 20.7169399261475 23.1239929199219 22.9352607727051 23.9170932769775 27.0526962280273 27.8284511566162 25.0165100097656 25.2027320861816 25.866584777832 24.015115737915 24.4749317169189 27.9259986877441 26.3430061340332 25.6320915222168 25.0786571502686 23.4434700012207 23.3439388275146 25.0072174072266 25.3982353210449 25.2476577758789 24.6733951568604 23.0018672943115 26.6384963989258 22.9630489349365 22.6919727325439 22.3613433837891 22.3881587982178 23.6828861236572
15.6883230209351 21.3666591644287 22.1400508880615 15.7512521743774 15.6999940872192 16.5636367797852 17.3570423126221 18.2931728363037 18.9054088592529 19.3225708007812 19.6865577697754 19.5147380828857 19.5724391937256 20.0721740722656 20.57053565979 21.0015468597412 23.7153797149658 24.12721824646 24.0240993499756 24.499683380127 22.9636707305908 24.1966323852539 25.8179626464844 27.9322834014893 25.773983001709 26.590425491333 26.5165309906006 26.3378028869629 26.2675113677979 28.3298110961914 27.205717086792 26.6241760253906 26.7367191314697 27.0486793518066 24.1445636749268 23.2247695922852 24.4284515380859 21.8783588409424 23.4000492095947 23.7113609313965 23.8266716003418 22.8292102813721 27.336067199707 23.8230209350586 22.4192695617676 22.1949462890625
16.4953956604004 15.7002391815186 21.5650882720947 16.3467273712158 16.4686508178711 17.3892002105713 17.2863712310791 18.1085624694824 19.3534679412842 19.9419040679932 20.329496383667 20.47633934021 20.560661315918 24.3019676208496 24.3659172058105 21.3667907714844 21.1436080932617 21.3100700378418 21.3426647186279 24.1276950836182 23.6294593811035 23.8414554595947 21.4213085174561 22.6273307800293 23.4645977020264 25.3157138824463 24.6823253631592 25.7036190032959 27.8043346405029 25.3800773620605 25.2445106506348 24.3049392700195 24.6642398834229 25.5000991821289 23.9260234832764 23.5450706481934 21.5473136901855 20.7320652008057 20.9667568206787 19.7532291412354 25.7261943817139 24.3265762329102 25.5241394042969 25.1537857055664 27.1433696746826 22.9125442504883
17.5234031677246 16.5520629882812 16.0961647033691 16.6066036224365 17.1493129730225 18.0906867980957 18.1607360839844 18.5115909576416 18.9020671844482 19.6369400024414 19.7112140655518 22.478157043457 23.5081386566162 20.7400932312012 25.0916805267334 24.4877395629883 25.006233215332 21.6431789398193 24.4401473999023 24.2145252227783 24.2394981384277 23.2997856140137 22.2750263214111 24.3253879547119 26.1708068847656 26.4771480560303 24.6075744628906 25.0896854400635 24.2228164672852 26.1896305084229 26.3852138519287 24.9051856994629 26.2929096221924 24.1851959228516 26.7544021606445 23.7853336334229 27.4011116027832 23.7268333435059 24.0526027679443 22.3843383789062 23.6521244049072 24.2275810241699 23.5624771118164 23.8651657104492 24.732027053833 25.729284286499
17.108283996582 16.6069641113281 16.2477321624756 17.48752784729 18.145299911499 18.7188854217529 19.4982852935791 19.8992614746094 19.9238967895508 20.3108558654785 20.1862621307373 22.3666515350342 23.1684608459473 24.7487182617188 24.9539413452148 24.4804401397705 24.9117336273193 25.3208141326904 24.8452625274658 21.6793327331543 24.2145500183105 23.3303852081299 24.1037464141846 24.1457595825195 25.4257545471191 26.2822322845459 26.6051139831543 27.1691150665283 24.4805774688721 25.0255355834961 22.1698589324951 24.3440036773682 25.7775764465332 27.7370738983154 26.741418838501 20.8037376403809 23.4013442993164 24.3435440063477 22.8621044158936 23.8534126281738 25.8217430114746 25.0336761474609 24.4101581573486 24.8111419677734 24.3748550415039 24.232105255127
17.1019382476807 16.3442974090576 15.694317817688 17.0478935241699 18.3398094177246 18.8395442962646 18.1646156311035 19.6824493408203 19.341028213501 18.6492938995361 20.067419052124 19.7974681854248 20.1536884307861 23.0486011505127 20.7261772155762 24.1191673278809 24.2819290161133 24.3146839141846 24.9712085723877 23.0239086151123 23.8946056365967 24.3395366668701 23.8914070129395 21.5624465942383 24.0363311767578 26.2767696380615 25.3794059753418 24.5780124664307 24.8311920166016 25.0261745452881 22.0648155212402 19.9008617401123 20.9069728851318 23.8834972381592 20.0690269470215 19.7629623413086 24.2500877380371 23.7758636474609 24.6055068969727 23.3584747314453 25.6210536956787 26.8295021057129 23.1897277832031 23.4976959228516 24.4154586791992 25.0381717681885
17.5113792419434 16.4686450958252 16.5469264984131 17.1015377044678 17.9859104156494 18.467737197876 18.9996700286865 19.0936622619629 17.7478904724121 17.3116798400879 19.3635635375977 17.8673095703125 18.4467716217041 18.8184719085693 22.679630279541 23.6374855041504 21.0196838378906 24.3294105529785 21.7791290283203 25.2745418548584 24.8769416809082 25.1588745117188 24.6079444885254 24.3058605194092 23.4755630493164 24.7337760925293 25.5763473510742 24.5568962097168 24.0163593292236 25.6841926574707 23.8329296112061 21.2402191162109 24.200231552124 22.9507007598877 17.4193439483643 22.2515850067139 23.5555191040039 24.1128444671631 24.4735202789307 26.1715755462646 24.1024475097656 26.4650707244873 24.1904430389404 24.4617118835449 23.9139747619629 23.7998943328857
17.5174980163574 17.1976680755615 16.9117813110352 17.0560665130615 17.7282466888428 18.4788093566895 18.4382991790771 18.2003116607666 17.5327548980713 18.6011543273926 18.8961944580078 17.5554447174072 17.9095268249512 18.1998844146729 19.6820888519287 20.140308380127 23.9459114074707 21.1931037902832 24.5952415466309 24.8596134185791 24.6630668640137 25.0557518005371 23.2604846954346 24.7480735778809 23.9964237213135 24.0878448486328 23.8529987335205 24.9853649139404 23.2845878601074 23.280252456665 24.9909114837646 24.6527557373047 21.0957889556885 22.8179931640625 23.4310913085938 24.4673309326172 21.5994415283203 24.1622753143311 26.553825378418 23.8477344512939 24.886058807373 24.0328140258789 24.4726333618164 26.3149795532227 25.7703456878662 23.4969863891602
16.9149723052979 16.8317489624023 16.3755435943604 16.7778091430664 17.3159408569336 17.1603298187256 17.8812732696533 18.3411273956299 18.7489223480225 18.8203411102295 18.8877983093262 19.1894035339355 22.589147567749 23.3667316436768 23.2638301849365 19.965051651001 20.8453273773193 24.7251892089844 22.1257095336914 24.2445888519287 24.602481842041 25.2351856231689 25.3493595123291 24.6621246337891 24.8293037414551 23.7631359100342 24.1616649627686 24.0833721160889 23.3220176696777 25.2835025787354 25.6667060852051 26.5144119262695 22.8452663421631 23.6618480682373 23.4590587615967 19.2429943084717 22.3621215820312 25.2261085510254 27.0929946899414 21.7557258605957 24.292163848877 24.5294151306152 23.8189449310303 22.5169525146484 24.0904235839844 24.8974666595459
