inst/extdata/Tmax/Tmax140.asc
NCOLS 100 
NROWS 79 
XLLCORNER 148.06 
YLLCORNER -21.49 
CELLSIZE 0.01 
NODATA_value -3.4e+38 
[rows 20 to 39 of 79, columns 46 to 91 of 100]
35.8639183044434 34.0304832458496 34.2531967163086 35.7256011962891 35.455207824707 34.8509330749512 34.5557670593262 33.3096542358398 35.2490539550781 36.7774314880371 37.8509902954102 37.3749313354492 37.340015411377 37.9573135375977 37.5968894958496 37.304500579834 37.5743293762207 38.1278533935547 38.2680854797363 38.2550773620605 38.1672554016113 38.0344047546387 38.3019332885742 38.364200592041 38.2920417785645 38.1787796020508 38.0512390136719 38.0581512451172 37.9981079101562 37.6528549194336 37.6815872192383 37.9185562133789 37.7993469238281 37.5180816650391 37.4869079589844 37.4071464538574 37.2884483337402 37.2487335205078 37.2065124511719 37.1614074707031 37.0531997680664 36.8083190917969 36.1568946838379 35.9420928955078 36.0917053222656 36.0487670898438
36.167121887207 34.0056381225586 32.8068923950195 34.5856704711914 34.4433631896973 33.85595703125 34.7713508605957 32.783519744873 34.0911827087402 36.2708358764648 37.5747871398926 36.2041931152344 35.5236129760742 37.3894195556641 36.1693801879883 35.7833061218262 36.6656532287598 37.9818229675293 37.9753189086914 38.3781242370605 38.4504203796387 38.4299736022949 38.2070083618164 37.8499717712402 37.8229598999023 37.8615074157715 38.0008163452148 37.9497909545898 37.8388748168945 37.7381057739258 37.998104095459 38.0245971679688 37.9502296447754 37.5726280212402 37.6186027526855 37.5329093933105 37.3755950927734 37.3582382202148 37.3412437438965 37.3239135742188 37.1354141235352 36.9627494812012 36.7114219665527 36.4684181213379 36.3065147399902 36.2687339782715
36.800910949707 36.2949485778809 34.3019180297852 33.6155738830566 33.1098289489746 34.3143348693848 33.6839179992676 33.9486083984375 33.3001289367676 34.2948989868164 36.6277885437012 37.0353660583496 35.4542922973633 35.8596611022949 35.4929618835449 36.0595512390137 37.1357192993164 37.5330085754395 36.1512222290039 37.4358444213867 38.2200241088867 38.2748718261719 37.6485900878906 36.8006057739258 37.3872337341309 37.3449058532715 37.9145240783691 38.082462310791 37.7630462646484 37.9491500854492 38.0874977111816 38.1123886108398 38.0921096801758 37.9976005554199 37.8617286682129 37.6446342468262 37.439525604248 37.2895011901855 37.3435897827148 37.4089965820312 37.2441940307617 37.1324348449707 36.8305625915527 36.6810340881348 36.5309829711914 36.6407356262207
36.140510559082 35.9681053161621 35.3128242492676 34.465404510498 32.9099006652832 33.6644515991211 34.3525505065918 34.5619506835938 34.2948837280273 33.8118515014648 35.234977722168 35.2064514160156 36.1347846984863 34.3921089172363 35.2680053710938 36.8017082214355 36.7649536132812 37.1398277282715 35.7429580688477 37.8349342346191 38.5812797546387 38.4513626098633 37.4898796081543 36.1138000488281 37.345043182373 37.4920463562012 37.5784378051758 38.0234642028809 38.200439453125 38.2424812316895 38.2301368713379 38.2405815124512 38.1935348510742 38.0764198303223 37.9494781494141 37.7599792480469 37.3220367431641 36.9603385925293 37.0821304321289 37.317813873291 37.2465934753418 37.2660903930664 36.9859848022461 36.9383773803711 36.6786079406738 36.6837882995605
34.0626754760742 35.4808006286621 35.8590278625488 35.6014747619629 34.5059585571289 33.8204307556152 33.8226699829102 33.4820785522461 34.4419631958008 33.8556251525879 33.8473243713379 33.3374214172363 35.392333984375 36.2804718017578 35.4218444824219 36.4988670349121 37.2864952087402 37.8676948547363 37.5436325073242 38.5573539733887 38.5318946838379 38.366325378418 37.660327911377 36.8013725280762 37.5828590393066 37.8486557006836 37.5288276672363 37.6095542907715 37.7019119262695 38.1830825805664 37.995304107666 38.3126411437988 38.1603507995605 38.1012954711914 37.9931373596191 37.6250877380371 37.5193977355957 36.9314842224121 36.6240272521973 37.0652465820312 37.1645431518555 37.236011505127 37.0452690124512 37.0879173278809 37.1355361938477 36.9671859741211
32.5735359191895 33.5499839782715 34.9939422607422 34.9079132080078 33.9928817749023 33.1677360534668 32.7807464599609 32.2483978271484 33.4227523803711 34.1033744812012 33.5224609375 33.7789764404297 35.2895660400391 37.2916145324707 36.7604103088379 36.8259315490723 36.9777183532715 38.3713989257812 38.4565315246582 38.4293556213379 38.3933296203613 38.0631256103516 36.7932434082031 36.8371315002441 36.931568145752 37.5584144592285 37.2700500488281 36.6311721801758 37.2560958862305 38.2939338684082 38.2106666564941 38.3210945129395 38.2616920471191 38.2150917053223 38.0567321777344 37.8760795593262 37.8788909912109 37.2657890319824 36.7258491516113 37.0355758666992 36.6911926269531 36.8048210144043 36.5070381164551 37.1419105529785 37.1793899536133 37.0858192443848
32.4657936096191 32.3188056945801 32.9798431396484 33.6611442565918 34.4171142578125 32.120849609375 31.8682270050049 32.6452293395996 33.145191192627 33.9675331115723 33.9858360290527 34.4435424804688 36.3173370361328 37.250129699707 37.749927520752 37.9026031494141 38.034423828125 38.5334548950195 38.1549758911133 37.9725685119629 37.9791221618652 37.5182609558105 37.6953506469727 37.9543190002441 37.9501724243164 37.3167724609375 36.8765754699707 37.7817115783691 38.0272331237793 37.9734001159668 37.3912811279297 38.042667388916 38.1900253295898 38.2628135681152 38.2352180480957 38.1161918640137 37.7689552307129 37.4192924499512 37.4763603210449 37.2153511047363 37.0616912841797 36.4961204528809 36.9642868041992 37.1558685302734 37.0227088928223 36.8498229980469
32.6338081359863 32.1575355529785 32.4414939880371 32.6695327758789 33.1957321166992 31.5957660675049 31.3281803131104 31.7190341949463 32.9320449829102 33.7612838745117 33.1831588745117 33.829029083252 34.8291549682617 36.0813865661621 37.5556602478027 37.2020301818848 38.3079147338867 38.5473213195801 37.8245887756348 37.059944152832 37.6904144287109 37.8808860778809 38.1921157836914 38.4133949279785 38.5167541503906 38.0656661987305 38.0502090454102 38.4030075073242 38.4587326049805 37.7267799377441 37.254711151123 37.7882766723633 37.8832473754883 38.2947731018066 38.3290405273438 38.2454414367676 38.0716857910156 37.8311996459961 37.415454864502 36.6252975463867 36.3641586303711 36.2221145629883 36.2416000366211 36.8735084533691 36.874439239502 37.1952285766602
33.5131607055664 33.061149597168 33.8806343078613 33.7139472961426 33.2842559814453 31.9376850128174 32.6690673828125 32.4268531799316 32.7149887084961 33.3238983154297 33.0086517333984 33.3214530944824 33.4759712219238 35.8799209594727 37.1679496765137 36.4179191589355 37.9405059814453 38.2252922058105 37.9008941650391 36.7455177307129 36.9969253540039 38.0996894836426 38.4990005493164 38.6200904846191 38.6306915283203 38.5071182250977 38.5112113952637 38.6193428039551 38.2059020996094 37.4807395935059 37.3177032470703 37.9717330932617 38.3930702209473 38.4185180664062 38.3964462280273 38.3481979370117 38.2846374511719 38.1257286071777 37.850471496582 36.6998863220215 36.0861434936523 35.2540702819824 36.1982650756836 36.1496620178223 36.9931678771973 37.3007431030273
35.2909049987793 35.1293106079102 34.4907264709473 34.4297676086426 33.8558959960938 33.3073616027832 32.9974555969238 32.0643005371094 32.6681213378906 32.1931457519531 31.7226028442383 32.9690437316895 33.351490020752 35.4182739257812 36.454833984375 35.6586265563965 36.4085884094238 37.2092399597168 37.7699012756348 37.6327972412109 37.1493453979492 38.126106262207 38.6051483154297 38.384952545166 38.3460311889648 38.0040588378906 38.4206848144531 38.6652488708496 37.7046356201172 36.833324432373 37.4728813171387 38.0328750610352 38.3878135681152 38.4586219787598 38.4584617614746 38.3775253295898 38.3394050598145 38.2279167175293 38.0179862976074 37.6061668395996 36.9003067016602 36.3735389709473 35.9111862182617 35.6844749450684 36.5140571594238 36.9416236877441
34.0744743347168 34.0851516723633 34.1253852844238 33.7350997924805 33.207332611084 33.4540748596191 32.5629463195801 32.0780563354492 31.5919666290283 31.6753425598145 31.1041584014893 31.9706687927246 31.9635467529297 34.2577247619629 35.3829116821289 34.1030502319336 34.7055587768555 36.3803405761719 37.7373237609863 38.2910842895508 37.7757186889648 38.3931846618652 38.600284576416 38.1654472351074 38.1342430114746 38.2496566772461 38.7253265380859 38.6881790161133 38.1007919311523 37.4159622192383 37.7623176574707 38.0312690734863 38.4673271179199 38.4792823791504 38.4160919189453 38.3595886230469 38.3412132263184 38.2471084594727 38.1556205749512 37.9255714416504 37.6273574829102 37.0505638122559 36.6364059448242 36.5607299804688 36.7441749572754 37.0994644165039
33.2584953308105 33.5584144592285 33.4395408630371 33.3959655761719 32.5181274414062 33.2859954833984 32.3582954406738 31.1760177612305 30.606954574585 30.9745426177979 30.6503868103027 31.2947216033936 32.0393676757812 33.9510154724121 34.2999534606934 33.8882598876953 36.196662902832 37.1947822570801 37.9545288085938 38.4472160339355 38.7186584472656 38.7674713134766 38.6953582763672 38.588981628418 38.3451652526855 38.6375198364258 38.759693145752 38.6270179748535 38.2131271362305 37.5383453369141 37.6006965637207 38.1886901855469 38.4010467529297 37.897331237793 38.27294921875 38.3678779602051 38.3289642333984 38.2748260498047 38.2055702209473 38.0649871826172 37.7202339172363 36.9237937927246 37.2290153503418 37.2366905212402 37.1104202270508 36.9929084777832
32.6105003356934 32.8990325927734 32.7517929077148 33.0105018615723 33.0959167480469 33.0905838012695 32.7403106689453 31.6847648620605 31.7754173278809 31.872688293457 30.8942584991455 30.7042293548584 31.6073150634766 33.867259979248 34.4516296386719 35.021354675293 35.0911865234375 36.0010948181152 37.9271469116211 38.544059753418 38.7274703979492 38.6666641235352 38.4959602355957 38.4337272644043 38.5882377624512 38.6545295715332 38.6169738769531 38.189094543457 37.208423614502 37.3762626647949 37.6812019348145 38.5074234008789 38.209342956543 37.603931427002 38.3052520751953 38.2080917358398 38.2223320007324 38.2574043273926 38.1324234008789 37.8096961975098 37.1700859069824 35.8589057922363 35.570972442627 36.6036262512207 36.9351768493652 37.1931190490723
33.2756118774414 32.8208236694336 32.6707420349121 32.8313331604004 32.9633941650391 32.8712768554688 32.4427261352539 32.0834426879883 32.6353416442871 31.9779758453369 31.8366222381592 31.8260078430176 32.5776214599609 33.7781257629395 33.959529876709 34.7762756347656 35.8577499389648 37.0741729736328 38.0304489135742 38.4668083190918 38.8029747009277 38.768238067627 38.2278938293457 37.9128684997559 38.149097442627 37.9813079833984 38.0836372375488 38.2530784606934 38.1261711120605 38.0987701416016 38.4020652770996 38.676155090332 38.0036964416504 37.8991355895996 38.4936027526855 37.9343490600586 38.058479309082 37.9937477111816 38.0506706237793 37.7129211425781 36.2253494262695 35.4463272094727 34.8136711120605 36.6141967773438 37.1475715637207 36.9323425292969
33.753776550293 32.5362854003906 32.4932250976562 32.6024169921875 32.736572265625 32.5963134765625 32.6179656982422 33.144702911377 32.8045692443848 32.0802001953125 33.158203125 33.6787605285645 33.8909225463867 33.1922988891602 33.2224082946777 34.3966789245605 35.8116912841797 37.2361907958984 37.3315658569336 38.1745529174805 38.6477737426758 38.6623497009277 38.1443290710449 37.877857208252 37.0532417297363 37.618350982666 38.1571388244629 38.311824798584 38.5535659790039 38.5544281005859 38.7160835266113 38.6441040039062 38.5966339111328 38.6138305664062 38.5515441894531 38.2632904052734 37.2620964050293 37.8648910522461 38.044994354248 37.9714317321777 37.8909225463867 36.5737113952637 36.3905830383301 37.7038764953613 37.9670524597168 37.9007225036621
33.8143920898438 32.7877616882324 32.4637603759766 32.3959693908691 32.5990142822266 32.4126396179199 33.0584335327148 34.8876152038574 33.9099197387695 33.1413803100586 35.2303619384766 35.9813499450684 35.5601425170898 33.3581657409668 33.8209915161133 33.9387016296387 36.0891151428223 36.1606559753418 36.0218124389648 36.9990386962891 38.1972312927246 38.4401893615723 38.083137512207 38.0694618225098 37.9233894348145 37.5517692565918 37.6219825744629 37.7681694030762 38.5008583068848 38.4546661376953 38.5172805786133 38.3044204711914 38.5080795288086 38.6515007019043 38.3282814025879 38.2762908935547 37.5457305908203 37.6635398864746 37.9338188171387 37.7422065734863 38.145694732666 38.1269874572754 38.0033836364746 38.0261154174805 38.1185150146484 37.9511413574219
33.4933853149414 32.8426475524902 32.6433563232422 32.8191146850586 32.7582321166992 32.8390731811523 33.2541389465332 35.6496047973633 35.8592109680176 34.3673553466797 36.5558280944824 37.5859718322754 36.8069686889648 35.4726867675781 35.3927154541016 36.0519714355469 36.7851333618164 37.2796478271484 37.6142883300781 37.9468460083008 38.1647071838379 37.87060546875 36.4493064880371 36.7469062805176 37.2992362976074 36.8896064758301 37.1084632873535 38.0016632080078 38.4004745483398 38.6102409362793 37.4371376037598 37.4081573486328 38.2671966552734 38.5714492797852 38.0434875488281 38.0423583984375 37.1864242553711 37.712474822998 37.910530090332 37.7379341125488 38.1948661804199 38.2636909484863 38.2689628601074 38.2455902099609 38.1660957336426 37.800895690918
33.5199356079102 33.107666015625 33.0678405761719 33.214542388916 33.4231758117676 33.5735549926758 34.4935150146484 36.4241142272949 36.2973899841309 35.7716445922852 37.3045120239258 38.5476837158203 37.6211013793945 36.3809509277344 35.7902374267578 37.63916015625 38.0364418029785 38.2625122070312 38.4806671142578 38.502254486084 38.0211410522461 37.7262916564941 37.8383636474609 37.2416458129883 37.5870819091797 38.0827827453613 38.309455871582 38.3859100341797 38.6036148071289 38.5177688598633 36.7746429443359 37.5127639770508 38.4105644226074 38.3121147155762 37.834903717041 37.759464263916 37.5718078613281 38.101692199707 38.1145172119141 38.1052169799805 38.042667388916 38.1968078613281 38.228832244873 38.2202796936035 38.1230697631836 38.039249420166
33.4787635803223 33.180965423584 33.7697639465332 34.629280090332 34.760124206543 35.2803268432617 36.4934120178223 37.1682891845703 36.5090980529785 36.9302291870117 38.5118179321289 39.0772285461426 38.4556083679199 37.3043632507324 36.4825744628906 37.6120376586914 37.6054534912109 37.932445526123 38.7451858520508 38.9596099853516 38.6026382446289 38.2220344543457 38.5881996154785 38.3687286376953 38.2169456481934 38.7100868225098 38.589485168457 38.4910736083984 38.7621841430664 38.5063667297363 37.8036422729492 38.305591583252 38.4814224243164 38.1367378234863 37.1206588745117 37.0484962463379 37.3712005615234 38.1372261047363 37.8071708679199 37.7671852111816 37.7586898803711 38.0511779785156 38.0127563476562 38.0599670410156 37.8872604370117 37.9961929321289
33.5343170166016 33.7499618530273 35.0385513305664 35.8774757385254 36.6576843261719 37.7203750610352 38.4472160339355 37.6527862548828 35.5340995788574 36.2311820983887 37.9055557250977 39.1287689208984 38.6420211791992 38.2588005065918 37.2408103942871 38.3288879394531 38.4912033081055 37.797191619873 38.6573905944824 39.0328369140625 38.9482879638672 38.4597778320312 38.8226280212402 38.9275169372559 38.7487411499023 38.8231163024902 38.6096687316895 37.766902923584 38.6387367248535 38.7800064086914 38.6572456359863 38.5240325927734 38.1646461486816 37.780387878418 36.8705291748047 36.898853302002 37.6865234375 37.6001853942871 37.4285316467285 37.2090950012207 37.3362617492676 37.6476936340332 37.4209403991699 37.7885284423828 37.2770843505859 37.6608734130859
