inst/extdata/Tmax/Tmax64.asc
NCOLS 100 
NROWS 79 
XLLCORNER 148.06 
YLLCORNER -21.49 
CELLSIZE 0.01 
NODATA_value -3.4e+38 
[rows 20 to 39 of 79, columns 46 to 91 of 100]
36.6720848083496 35.1800994873047 35.3612060546875 36.5602188110352 36.3409538269043 35.8647346496582 35.6056442260742 34.5825614929199 36.1730117797852 37.4197845458984 38.2904510498047 37.9087905883789 37.88427734375 38.3899765014648 38.1022911071777 37.8670425415039 38.0928802490234 38.5506172180176 38.6720237731934 38.6691551208496 38.6215553283691 38.5035133361816 38.7313232421875 38.791748046875 38.7425842285156 38.658088684082 38.5639114379883 38.5806045532227 38.5426177978516 38.2690582275391 38.3212776184082 38.5120544433594 38.4264793395996 38.2062950134277 38.194149017334 38.1405334472656 38.0563697814941 38.0383453369141 38.0183143615723 37.9957275390625 37.9193496704102 37.7329559326172 37.2018127441406 37.0409317016602 37.1895065307617 37.1876907348633
36.9324150085449 35.172248840332 34.1544570922852 35.6458930969238 35.5293273925781 35.0633392333984 35.7956848144531 34.1450271606445 35.2367248535156 37.0240859985352 38.0854721069336 36.9722137451172 36.4161605834961 37.9474678039551 36.9525680541992 36.6361274719238 37.3672485351562 38.4518585205078 38.4537353515625 38.7901344299316 38.8733901977539 38.847728729248 38.6748123168945 38.3911209106445 38.3783988952637 38.4184036254883 38.543701171875 38.5126953125 38.4325828552246 38.361026763916 38.604248046875 38.6208190917969 38.5724334716797 38.2728996276855 38.3248558044434 38.2661323547363 38.1495933532715 38.1498985290527 38.1506156921387 38.1511001586914 38.008674621582 37.8817138671875 37.6885604858398 37.501350402832 37.3811721801758 37.3825149536133
37.4745101928711 37.0659561157227 35.4413948059082 34.8776473999023 34.4602661132812 35.4661636352539 34.9290542602539 35.1464996337891 34.6107368469238 35.4316749572754 37.3468742370605 37.6829071044922 36.3890571594238 36.7256011962891 36.425895690918 36.8954620361328 37.7866439819336 38.1189002990723 36.9849243164062 38.0531463623047 38.720401763916 38.7561645507812 38.2509803771973 37.5564613342285 38.0530624389648 38.0258941650391 38.5079040527344 38.657356262207 38.4052391052246 38.5709762573242 38.7134056091309 38.7286071777344 38.7248725891113 38.6602516174316 38.5617065429688 38.3941421508789 38.2377700805664 38.1269798278809 38.1870803833008 38.257137298584 38.1342620849609 38.0574989318848 37.8208122253418 37.7114868164062 37.6007995605469 37.7272491455078
36.939079284668 36.7995452880859 36.2655487060547 35.5711784362793 34.2714576721191 34.927059173584 35.4756393432617 35.6481552124023 35.4282150268555 35.0291442871094 36.2036209106445 36.1817665100098 36.9494171142578 35.5108795166016 36.2394256591797 37.5090599060059 37.4840316772461 37.7989959716797 36.6471672058105 38.3850975036621 39.019718170166 38.9049911499023 38.1240997314453 36.984992980957 38.0222473144531 38.1526145935059 38.2347679138184 38.6140403747559 38.7713432312012 38.8179206848145 38.836296081543 38.8384895324707 38.8126411437988 38.7308387756348 38.6397552490234 38.4952697753906 38.1442756652832 37.8536529541016 37.9716262817383 38.1860084533691 38.1409759521484 38.1737174987793 37.9548683166504 37.9313430786133 37.7272186279297 37.7648277282715
35.2540664672852 36.4156188964844 36.7247161865234 36.5147323608398 35.6159782409668 35.0668869018555 35.0504112243652 34.7683715820312 35.562255859375 35.0774345397949 35.069206237793 34.6459465026855 36.3522033691406 37.089225769043 36.3822975158691 37.2766456604004 37.9318466186523 38.4159278869629 38.1572074890137 38.9953155517578 38.9993782043457 38.8555221557617 38.284553527832 37.5793151855469 38.239429473877 38.4680938720703 38.2136268615723 38.2917709350586 38.3800239562988 38.7899017333984 38.6637687683105 38.9143981933594 38.8066749572754 38.7714042663574 38.6967353820801 38.4038391113281 38.3299369812012 37.8484802246094 37.6008071899414 37.9930610656738 38.0918922424316 38.1683731079102 38.0239181518555 38.0764274597168 38.1329574584961 38.0237159729004
33.9498100280762 34.8413314819336 36.0291519165039 35.958553314209 35.2045822143555 34.5379867553711 34.1676139831543 33.6455955505371 34.72998046875 35.2948951721191 34.8113555908203 35.0252304077148 36.2817077636719 37.9381446838379 37.506275177002 37.5639610290527 37.695140838623 38.8465309143066 38.924072265625 38.9104042053223 38.9058990478516 38.626636505127 37.5826225280762 37.6277046203613 37.715705871582 38.2472496032715 38.0173645019531 37.4908180236816 38.0276794433594 38.8995628356934 38.8615379333496 38.939811706543 38.904468536377 38.879337310791 38.7679061889648 38.632942199707 38.6496086120605 38.1514167785645 37.7068290710449 37.9871597290039 37.7073974609375 37.8211250305176 37.5807075500488 38.1411666870117 38.1892395019531 38.145622253418
33.8517875671387 33.7091827392578 34.3593444824219 34.9416542053223 35.5660705566406 33.5406799316406 33.2760848999023 34.0445671081543 34.5102844238281 35.1941299438477 35.2085723876953 35.5905723571777 37.1475639343262 37.921199798584 38.3372688293457 38.4671516418457 38.5822601318359 38.9973297119141 38.6965675354004 38.5552558898926 38.5854530334473 38.1958885192871 38.351692199707 38.5755157470703 38.5823669433594 38.0649108886719 37.7059555053711 38.4742584228516 38.6895751953125 38.6572761535645 38.2006340026855 38.7383003234863 38.867733001709 38.9355812072754 38.9260787963867 38.8434677124023 38.5786209106445 38.3005409240723 38.3638191223145 38.1590003967285 38.0430030822754 37.5721702575684 37.9921417236328 38.1721420288086 38.0775375366211 37.9664726257324
34.035816192627 33.5704727172852 33.8503799438477 34.0763473510742 34.5779228210449 33.04345703125 32.7638511657715 33.150074005127 34.351432800293 35.0464973449707 34.5637626647949 35.1034164428711 35.9391555786133 36.9840621948242 38.2076950073242 37.9211120605469 38.8364105224609 39.0380935668945 38.4560012817383 37.8308372497559 38.3782920837402 38.5268516540527 38.7928924560547 38.9813919067383 39.0706825256348 38.7186813354492 38.7171669006348 39.0107231140137 39.064811706543 38.4844169616699 38.1172332763672 38.559513092041 38.6518020629883 38.9919548034668 39.0307083129883 38.97607421875 38.8535079956055 38.677661895752 38.3447799682617 37.6840438842773 37.4715766906738 37.3625450134277 37.3953475952148 37.9638442993164 37.9839134216309 38.2901420593262
34.8343696594238 34.442008972168 35.1375045776367 34.9991645812988 34.6423225402832 33.364086151123 34.0697135925293 33.8331031799316 34.1212005615234 34.6741180419922 34.4099578857422 34.6720581054688 34.802375793457 36.8126792907715 37.8863182067871 37.2685165405273 38.534854888916 38.7762870788574 38.5180435180664 37.5667114257812 37.8008308410645 38.7070922851562 39.0364952087402 39.1393699645996 39.1573181152344 39.0694580078125 39.0831298828125 39.1774978637695 38.8683052062988 38.2783851623535 38.1698913574219 38.7128448486328 39.0569038391113 39.0888023376465 39.0842819213867 39.0572738647461 39.0201454162598 38.9092102050781 38.7067832946777 37.746524810791 37.2249984741211 36.5045776367188 37.3556785583496 37.330883026123 38.0863723754883 38.3745193481445
36.3128471374512 36.1801948547363 35.6529388427734 35.6028671264648 35.1271018981934 34.6875457763672 34.4015312194824 33.4815406799316 34.081729888916 33.6139335632324 33.1520233154297 34.3879318237305 34.709342956543 36.4418411254883 37.3105278015137 36.649471282959 37.2815742492676 37.9549903869629 38.4272880554199 38.3222198486328 37.944881439209 38.7468414306641 39.1334075927734 38.9726333618164 38.9524040222168 38.6864738464355 39.0290603637695 39.2293891906738 38.4721755981445 37.7483139038086 38.3186683654785 38.7810440063477 39.0702056884766 39.1375694274902 39.1503257751465 39.0976600646973 39.0806121826172 39.0069580078125 38.8565406799316 38.5403175354004 37.9521331787109 37.5097198486328 37.1185760498047 36.9341354370117 37.6883888244629 38.0975456237793
35.3181838989258 35.3269958496094 35.3605003356934 35.0365753173828 34.5975570678711 34.8195304870605 33.9785537719727 33.5015602111816 33.0231857299805 33.107494354248 32.5460891723633 33.4068336486816 33.4026489257812 35.4825744628906 36.4293441772461 35.3563537597656 35.8667030334473 37.2790336608887 38.4172096252441 38.8791694641113 38.48291015625 38.9741325378418 39.1442070007324 38.8161239624023 38.8019409179688 38.900333404541 39.2802276611328 39.263053894043 38.8176231384277 38.2592468261719 38.579647064209 38.7957878112793 39.1486854553223 39.1707496643066 39.1347160339355 39.1009216308594 39.099536895752 39.0396766662598 38.9820556640625 38.8145332336426 38.5889511108398 38.1168899536133 37.7745742797852 37.7266235351562 37.9065628051758 38.2492485046387
34.6503601074219 34.8992500305176 34.8002967834473 34.7639770507812 33.9344482421875 34.6890678405762 33.7826995849609 32.6173439025879 32.0576667785645 32.4208374023438 32.1036033630371 32.7421646118164 33.4842758178711 35.236385345459 35.5323143005371 35.1870536804199 37.1336669921875 37.9748420715332 38.613353729248 39.0135650634766 39.2480659484863 39.2774696350098 39.231761932373 39.1597671508789 38.9809226989746 39.216365814209 39.3220100402832 39.2312431335449 38.9203987121582 38.3795547485352 38.4612655639648 38.9348793029785 39.1134872436523 38.7311935424805 39.0395164489746 39.1239891052246 39.1069488525391 39.0784339904785 39.0369987487793 38.9395599365234 38.6782569885254 38.0242614746094 38.3058204650879 38.3306732177734 38.2410049438477 38.1761131286621
34.0367965698242 34.3224792480469 34.1794281005859 34.4369773864746 34.524097442627 34.5412940979004 34.1794815063477 33.137451171875 33.2288360595703 33.3272247314453 32.3624458312988 32.1758117675781 33.0728149414062 35.1893424987793 35.6840744018555 36.1664810180664 36.2296257019043 37.0017929077148 38.6195182800293 39.1139831542969 39.280632019043 39.2257690429688 39.1036071777344 39.0656623840332 39.1965255737305 39.256664276123 39.2391777038574 38.9170532226562 38.1177101135254 38.2718620300293 38.5587043762207 39.211669921875 38.9919853210449 38.5158462524414 39.0931549072266 39.0280990600586 39.0528755187988 39.0928115844727 39.0077514648438 38.7661285400391 38.2499885559082 37.1141319274902 36.8725700378418 37.8086738586426 38.1183700561523 38.3712844848633
34.6750717163086 34.2294425964355 34.0834312438965 34.2439880371094 34.3769798278809 34.3080978393555 33.8685569763184 33.5151252746582 34.0648918151855 33.4150314331055 33.2790870666504 33.2709922790527 34.0231170654297 35.1059074401855 35.2613792419434 35.952995300293 36.8698501586914 37.898136138916 38.6986389160156 39.0488624572754 39.3344879150391 39.2999992370605 38.8898963928223 38.6525382995605 38.8495216369629 38.726448059082 38.8186264038086 38.9632873535156 38.8752326965332 38.8656959533691 39.1319999694824 39.3403205871582 38.8268508911133 38.7567176818848 39.2378768920898 38.8093452453613 38.920524597168 38.8823394775391 38.940616607666 38.685718536377 37.4186477661133 36.7402191162109 36.1873550415039 37.8131370544434 38.299430847168 38.1482276916504
35.0818214416504 33.9553031921387 33.9145240783691 34.0240859985352 34.1588096618652 34.0419998168945 34.0481719970703 34.574161529541 34.2392158508301 33.522274017334 34.5886497497559 35.0282897949219 35.2090797424316 34.6218528747559 34.6491775512695 35.6437721252441 36.8439903259277 38.0481986999512 38.136043548584 38.832332611084 39.2267417907715 39.2306137084961 38.8365821838379 38.6370162963867 37.9558334350586 38.4426956176758 38.8892364501953 39.0225296020508 39.2236061096191 39.2367057800293 39.390438079834 39.3300170898438 39.3062171936035 39.3326759338379 39.2973594665527 39.0825080871582 38.2792892456055 38.7934875488281 38.9502372741699 38.9058151245117 38.8540229797363 37.7569694519043 37.6112632751465 38.7492828369141 38.9727592468262 38.9514198303223
35.1409645080566 34.2090759277344 33.8913536071777 33.8261871337891 34.0287170410156 33.866096496582 34.4912490844727 36.0460968017578 35.228141784668 34.5835037231445 36.3409729003906 36.9748611450195 36.6256942749023 34.7716331481934 35.1653480529785 35.2669868469238 37.0908393859863 37.1575355529785 37.0466613769531 37.8796157836914 38.8867683410645 39.0696563720703 38.8001136779785 38.8002166748047 38.695873260498 38.4018249511719 38.4722747802734 38.6046257019043 39.195613861084 39.172119140625 39.2495803833008 39.0782051086426 39.2509613037109 39.3755302429199 39.1357917785645 39.1057777404785 38.536190032959 38.6449241638184 38.8755111694336 38.7364654541016 39.0697021484375 39.0694580078125 38.9869766235352 39.0200080871582 39.1075592041016 39.0075912475586
34.8814697265625 34.2690887451172 34.0743026733398 34.2500076293945 34.1920509338379 34.2942581176758 34.6839485168457 36.6943435668945 36.8730926513672 35.6243171691895 37.4628257751465 38.3248405456543 37.6835021972656 36.5680541992188 36.5052032470703 37.0660438537598 37.6900901794434 38.1127891540527 38.4012336730957 38.6747856140137 38.872184753418 38.632625579834 37.4521331787109 37.7144012451172 38.193229675293 37.8545265197754 38.0514793395996 38.8021125793457 39.1295013427734 39.3065605163574 38.3954696655273 38.365795135498 39.0742492675781 39.3257789611816 38.9227409362793 38.9332466125488 38.2436866760254 38.6966438293457 38.8698539733887 38.745906829834 39.1224479675293 39.1911315917969 39.2101211547852 39.2070541381836 39.160514831543 38.9043960571289
34.9239349365234 34.5487747192383 34.5117073059082 34.6594924926758 34.8457489013672 34.9895095825195 35.7455711364746 37.3645553588867 37.2630157470703 36.827033996582 38.1113548278809 39.0987281799316 38.380615234375 37.3570938110352 36.8649063110352 38.4170074462891 38.7394714355469 38.9264450073242 39.1069946289062 39.1340370178223 38.7819557189941 38.5409889221191 38.640754699707 38.1607551574707 38.462345123291 38.8666191101074 39.0576019287109 39.1300964355469 39.3134727478027 39.2593154907227 37.8534164428711 38.4822616577148 39.2115707397461 39.1470108032227 38.7802696228027 38.731388092041 38.5934715270996 39.0332336425781 39.0578460693359 39.0651626586914 39.0286331176758 39.1657371520996 39.206298828125 39.2151756286621 39.1549224853516 39.1209869384766
34.8783760070801 34.6044311523438 35.1235008239746 35.8447799682617 35.9562377929688 36.4110336303711 37.4105529785156 37.9764595031738 37.432315826416 37.788761138916 39.0539970397949 39.4995803833008 39.0263824462891 38.1244888305664 37.4416618347168 38.3863677978516 38.3899040222168 38.6582641601562 39.3057441711426 39.4825706481934 39.2313652038574 38.9260063171387 39.2248420715332 39.0642967224121 38.9559783935547 39.3531951904297 39.2711944580078 39.2065582275391 39.4315757751465 39.2446174621582 38.7142486572266 39.1094665527344 39.2610664367676 39.0015487670898 38.1797142028809 38.1306114196777 38.4228210449219 39.0558624267578 38.8060302734375 38.7887344360352 38.7956809997559 39.0461540222168 39.0314331054688 39.0852317810059 38.963996887207 39.0838203430176
34.9325790405273 35.1139717102051 36.1943626403809 36.897876739502 37.5513458251953 38.4271965026855 38.9842147827148 38.3691711425781 36.6257820129395 37.2153854370117 38.5875015258789 39.5479965209961 39.1800575256348 38.8894462585449 38.0909538269043 38.9604606628418 39.0971031188965 38.5599365234375 39.2471160888672 39.5494194030762 39.5104141235352 39.1230087280273 39.4181632995605 39.5113754272461 39.384105682373 39.452091217041 39.2978477478027 38.6416549682617 39.3464050292969 39.4692649841309 39.4015502929688 39.292308807373 39.0210304260254 38.726188659668 37.9749717712402 38.0129661560059 38.6901168823242 38.6343421936035 38.5087089538574 38.3428192138672 38.4617347717285 38.7327613830566 38.5630874633789 38.8799324035645 38.4770927429199 38.8265762329102
