inst/extdata/Tmax/Tmax54.asc
NCOLS 100 
NROWS 79 
XLLCORNER 148.06 
YLLCORNER -21.49 
CELLSIZE 0.01 
NODATA_value -3.4e+38 
[rows 40 to 59 of 79, columns 46 to 91 of 100]
31.6024627685547 32.4665374755859 32.8341865539551 33.5949745178223 34.9668502807617 35.8074836730957 35.3820648193359 33.751579284668 33.428165435791 33.9970588684082 34.4216804504395 35.9152030944824 35.5703773498535 35.7513771057129 35.0192413330078 35.8901824951172 36.0501441955566 35.7851524353027 35.8663673400879 35.9483032226562 35.9581031799316 35.1276779174805 35.4587059020996 35.7333984375 35.8059425354004 35.8464851379395 35.7502136230469 35.4072952270508 35.5652656555176 35.7317237854004 35.7060432434082 35.5690841674805 35.2991523742676 34.2597885131836 34.4880561828613 35.0509033203125 34.9748878479004 34.896915435791 35.0966758728027 34.638484954834 34.0322799682617 34.4235954284668 34.6834487915039 34.5138740539551 34.7304573059082 34.7692985534668
32.7861480712891 33.8010787963867 33.7204895019531 33.6744194030762 35.0063781738281 36.0691986083984 35.0673789978027 34.7187004089355 35.2169342041016 35.2786064147949 35.5790977478027 36.1853904724121 36.0733871459961 36.07861328125 35.9385604858398 36.2040634155273 36.2311134338379 36.1627311706543 36.1151885986328 36.1253089904785 36.1060256958008 35.6303558349609 35.0216178894043 35.3176651000977 35.2416839599609 35.6544761657715 35.9166030883789 35.4925651550293 35.477237701416 35.8064994812012 35.8349533081055 35.7561187744141 35.6163520812988 35.1108703613281 35.3108825683594 35.3391990661621 35.1619987487793 35.1555099487305 35.2393951416016 35.3408317565918 34.5406494140625 34.7253341674805 35.2289009094238 35.0634422302246 35.170726776123 35.1222038269043
34.8845405578613 35.026439666748 35.170654296875 35.5721588134766 35.8477172851562 36.265697479248 35.8722343444824 35.3981399536133 35.8346710205078 36.178035736084 36.0892906188965 36.3596076965332 36.3805847167969 36.3001365661621 36.2659301757812 36.3290252685547 36.3298034667969 36.2993469238281 36.2614479064941 36.2422790527344 36.1595573425293 35.3321952819824 35.153450012207 35.5701904296875 35.1185722351074 35.4882736206055 35.8627815246582 35.7664184570312 35.7060852050781 35.9186668395996 35.9329261779785 35.9088973999023 35.873779296875 35.7767181396484 35.691780090332 35.4119758605957 34.6567306518555 35.1443138122559 35.5831527709961 35.5743789672852 35.457706451416 35.4045906066895 35.4975395202637 35.5208358764648 35.5483245849609 35.5020713806152
35.9566917419434 35.9618530273438 36.0640029907227 36.1794509887695 36.3751373291016 36.4387283325195 36.3420295715332 36.1248817443848 36.2658538818359 36.4490051269531 36.4344329833984 36.4688262939453 36.4395217895508 36.3962440490723 36.4038543701172 36.3657760620117 36.2979011535645 36.2663536071777 36.2845115661621 36.3003005981445 36.2568855285645 36.0267601013184 35.7959175109863 35.9370307922363 35.808952331543 35.4118156433105 35.648193359375 35.8726692199707 35.9969711303711 36.0048561096191 35.9949645996094 35.9653472900391 35.9339447021484 35.8961639404297 35.8871917724609 35.7570381164551 35.3564338684082 35.6097412109375 35.7542381286621 35.7355613708496 35.6969833374023 35.6891860961914 35.671314239502 35.6785049438477 35.6764678955078 35.6486129760742
35.8103408813477 36.0338325500488 36.2522773742676 36.247142791748 36.2842292785645 36.386100769043 36.4090805053711 36.459228515625 36.4729347229004 36.4115104675293 36.2121315002441 36.2974166870117 36.2192115783691 35.9795303344727 36.1284561157227 36.2320861816406 36.1216011047363 36.2083587646484 36.2797355651855 36.3106422424316 36.3178215026855 36.1812896728516 35.8949432373047 35.6604232788086 35.8438186645508 35.9798278808594 36.0103454589844 36.0360145568848 36.030403137207 36.0467376708984 36.0240097045898 35.9909591674805 35.942512512207 35.9048843383789 35.92333984375 35.8655967712402 35.8431587219238 35.8337249755859 35.7807273864746 35.7753601074219 35.744556427002 35.7273216247559 35.7233352661133 35.705509185791 35.6203422546387 35.6416969299316
34.2434768676758 34.9210777282715 35.2806968688965 35.4583854675293 35.7705497741699 36.0574989318848 35.9862251281738 36.1510162353516 36.137508392334 35.9827041625977 35.2986373901367 35.3006439208984 35.3574371337891 34.0699462890625 34.8769035339355 35.5242309570312 35.9907531738281 36.2724838256836 36.3392906188965 36.3474006652832 36.3478736877441 36.1691780090332 35.7759437561035 35.446907043457 35.6677513122559 35.8817863464355 35.9835052490234 35.9592666625977 36.0038719177246 36.0539665222168 36.0480117797852 36.0207748413086 35.9888763427734 35.9727096557617 35.9402694702148 35.8499526977539 35.8354835510254 35.8233833312988 35.7933120727539 35.780460357666 35.7448844909668 35.7310943603516 35.7159614562988 35.6667671203613 35.6542053222656 35.6723823547363
32.0871658325195 33.2426528930664 33.1502342224121 33.1164207458496 34.2845268249512 34.7458457946777 34.829460144043 35.0478897094727 35.4341201782227 34.8839378356934 34.287410736084 33.7792587280273 34.3437843322754 34.2243270874023 34.5966835021973 35.5786399841309 36.1665725708008 36.3217544555664 36.3382034301758 36.3071670532227 36.3428611755371 36.3329658508301 35.9497337341309 35.6339797973633 35.5249824523926 35.7448081970215 35.9153366088867 36.0025100708008 36.0794410705566 36.0821228027344 36.090503692627 36.0723419189453 36.0495452880859 36.0073471069336 35.9349365234375 35.8747673034668 35.8648223876953 35.8553047180176 35.8371315002441 35.8186798095703 35.7824020385742 35.7722053527832 35.7627449035645 35.7285499572754 35.7153549194336 35.6226425170898
32.2053031921387 32.1383438110352 31.9549922943115 32.0246238708496 31.9668064117432 32.6850662231445 33.791820526123 34.3621788024902 34.5113143920898 34.3916435241699 34.8391761779785 34.6832389831543 34.5344276428223 35.0255508422852 35.2683982849121 36.0138931274414 36.2263336181641 36.2374954223633 36.168830871582 36.2629776000977 36.3622703552246 36.384334564209 36.2446174621582 35.9598731994629 35.5850982666016 35.8020896911621 35.9592094421387 36.0897369384766 36.1386108398438 36.1573638916016 36.1573143005371 36.1160202026367 36.0430335998535 35.9615745544434 35.9051513671875 35.873836517334 35.8786125183105 35.8855438232422 35.8717613220215 35.8540649414062 35.829402923584 35.8247985839844 35.8124923706055 35.7878150939941 35.6160774230957 35.4376335144043
31.8325843811035 31.9279327392578 32.1397552490234 31.86989402771 31.7806015014648 31.8815593719482 32.6722793579102 34.1367607116699 34.599006652832 34.7437934875488 34.5848426818848 34.7368545532227 34.979736328125 35.220630645752 35.2597236633301 35.7057266235352 36.0246849060059 36.0111656188965 35.9921340942383 36.243839263916 36.3320846557617 36.3248863220215 36.387321472168 36.3006401062012 36.1855812072754 36.138988494873 36.2029571533203 36.2492828369141 36.2415618896484 36.2295379638672 36.195556640625 36.1108703613281 36.0215187072754 35.8922233581543 35.8535537719727 35.8908538818359 35.8940658569336 35.9041862487793 35.9128761291504 35.8955841064453 35.884162902832 35.8773002624512 35.8586158752441 35.8409194946289 35.7072715759277 35.5966339111328
31.905424118042 32.0715980529785 32.0949745178223 31.7819232940674 32.2486000061035 33.030574798584 33.1145401000977 34.226390838623 34.6373443603516 34.8066177368164 34.6274108886719 35.0318336486816 35.2632865905762 35.2558784484863 35.323314666748 35.2191925048828 35.2921829223633 35.4818344116211 35.7926445007324 36.089656829834 36.1700325012207 36.1619415283203 36.3630638122559 36.393123626709 36.3952102661133 36.3585166931152 36.3221549987793 36.1576690673828 36.1993713378906 36.2462844848633 36.2025947570801 36.0765419006348 36.0240135192871 35.8379974365234 35.7796173095703 35.9191513061523 35.9160003662109 35.8977851867676 35.9429054260254 35.9441833496094 35.9181785583496 35.9177780151367 35.9007186889648 35.8738632202148 35.8100814819336 35.7521362304688
31.9411544799805 31.8264465332031 32.0370025634766 31.7606945037842 32.380558013916 33.4039192199707 33.7062721252441 34.2216567993164 34.8364334106445 35.2200050354004 35.2205657958984 35.3160743713379 35.369068145752 35.3847694396973 35.3640289306641 35.3018684387207 35.3488273620605 35.1054763793945 34.7943420410156 35.7695770263672 35.664966583252 36.0264930725098 36.3080635070801 36.3497695922852 36.382755279541 36.3512840270996 36.2735977172852 36.0656890869141 36.1840515136719 36.2625961303711 36.1067924499512 35.935188293457 35.9357490539551 35.9047660827637 35.9201049804688 35.9773941040039 35.9797973632812 35.9641227722168 35.9589805603027 35.983772277832 35.9718360900879 35.9542274475098 35.9312286376953 35.9008140563965 35.8641738891602 35.7907676696777
31.5193481445312 31.4939785003662 31.8668384552002 31.2539310455322 31.4022979736328 33.3054542541504 33.9879570007324 34.5458564758301 34.8376083374023 35.0777587890625 35.1173439025879 35.1127090454102 34.930118560791 34.9217224121094 35.1457595825195 35.245246887207 35.5276184082031 35.4533195495605 35.2822570800781 35.3087043762207 35.1659507751465 35.8329696655273 36.181339263916 36.3253860473633 36.3208236694336 36.3172950744629 35.9941062927246 35.6590538024902 36.1776657104492 36.2835540771484 36.0275840759277 35.7394332885742 35.9482002258301 35.9792213439941 35.9932708740234 35.9478187561035 35.9420700073242 35.9417839050293 35.9565505981445 35.9443969726562 35.9450149536133 35.9699325561523 35.9568672180176 35.9290657043457 35.8957786560059 35.8394470214844
31.1601791381836 31.0174102783203 31.4818458557129 31.3624897003174 31.449275970459 32.4246292114258 33.3728637695312 33.9676475524902 34.3943328857422 34.7094306945801 34.6499176025391 34.5793190002441 34.6282005310059 34.8697090148926 35.5084800720215 35.5852966308594 35.7372055053711 35.6421966552734 35.5603294372559 35.4032173156738 35.1859970092773 35.746265411377 36.1303329467773 36.2908477783203 36.2250480651855 36.2904663085938 35.9371299743652 35.1182518005371 35.9763221740723 36.2849617004395 36.0340194702148 35.8022422790527 35.9673614501953 35.9025688171387 35.8297996520996 35.8395500183105 35.8780860900879 35.8222999572754 35.7546348571777 35.7390899658203 35.8254051208496 35.899299621582 35.9700889587402 35.9528312683105 35.9227485656738 35.8859024047852
32.2516822814941 31.2366409301758 31.345666885376 31.7412433624268 32.1105766296387 33.137077331543 33.189884185791 33.9085655212402 34.6211204528809 34.9107818603516 35.209056854248 35.2937393188477 35.4024505615234 35.5919075012207 35.7483711242676 35.7724761962891 35.7193031311035 35.7754325866699 35.735595703125 35.5201644897461 35.3383636474609 35.3441886901855 35.7985382080078 35.990779876709 35.9143371582031 36.2767677307129 36.1717491149902 35.5937347412109 36.0593681335449 36.2867279052734 36.0761032104492 35.8917770385742 35.8052635192871 35.500904083252 35.6548271179199 35.594310760498 35.5997772216797 35.2496681213379 35.3327789306641 34.4848861694336 35.605525970459 35.8178100585938 35.9662971496582 35.9710807800293 35.9461517333984 35.9104156494141
32.9358978271484 31.9571685791016 31.4347553253174 32.2266006469727 32.8552551269531 33.5501708984375 33.6078643798828 34.0398483276367 34.7218780517578 35.0904235839844 35.1200942993164 35.1269264221191 35.484375 35.6276092529297 35.7157745361328 35.6879463195801 35.8628997802734 35.9714622497559 35.93505859375 35.704288482666 35.5483474731445 35.4594116210938 35.5664596557617 35.5673522949219 35.5348167419434 36.1238212585449 36.2735557556152 36.000431060791 35.7265472412109 36.1915168762207 35.7744064331055 35.0534973144531 35.5783462524414 35.7097320556641 35.9572792053223 35.9453659057617 35.8976058959961 35.8634872436523 35.6738090515137 34.8462867736816 35.5182495117188 35.7920341491699 35.9362716674805 35.9737205505371 35.9670867919922 35.9348106384277
32.982738494873 32.1316337585449 31.5697860717773 32.8427276611328 33.7736167907715 34.1774215698242 34.8390731811523 35.0437202453613 35.2258911132812 35.3188056945801 35.1372947692871 35.0925254821777 35.5831680297852 35.6550102233887 35.6561889648438 35.7075881958008 35.8009567260742 35.7824668884277 36.2423973083496 36.0149459838867 35.7583999633789 35.6085662841797 35.5789031982422 35.4294776916504 35.430004119873 35.9686546325684 36.2709655761719 36.1756401062012 36.0324783325195 36.3002281188965 35.6714782714844 34.7043914794922 35.1244926452637 35.7107162475586 35.7315139770508 35.3802070617676 35.4280319213867 35.8765716552734 35.9741630554199 35.9384574890137 35.9601783752441 35.9502754211426 35.9594535827637 35.9562835693359 35.9750022888184 35.9617042541504
32.8600120544434 31.8971500396729 31.4234733581543 32.6323852539062 33.8627777099609 34.1959075927734 33.6461029052734 34.8744125366211 34.8204765319824 34.3133163452148 35.1655006408691 35.3485145568848 35.3612747192383 35.407958984375 35.4166946411133 35.5944442749023 35.7034683227539 35.7974319458008 36.2281532287598 36.3264923095703 36.1383628845215 35.8420104980469 35.6821441650391 35.6042060852051 35.3854103088379 35.7848014831543 36.1857147216797 36.1878242492676 36.3471870422363 36.3927536010742 35.9122009277344 34.3681831359863 34.9204597473145 34.4922218322754 34.7850761413574 34.1853713989258 34.9819717407227 35.8678283691406 35.9624671936035 36.008659362793 36.0112495422363 35.9363479614258 35.8413467407227 35.9309043884277 35.9506645202637 35.9525451660156
32.842529296875 32.0966911315918 32.1560897827148 32.6608238220215 33.550048828125 33.9501037597656 34.3312072753906 34.5413551330566 33.3416023254395 33.2542343139648 34.6597900390625 33.7534408569336 34.0845375061035 34.4817886352539 35.1239433288574 35.5295104980469 35.6596260070801 35.8470230102539 36.1483955383301 36.2555465698242 36.2962875366211 36.0572967529297 35.7565879821777 35.8090896606445 35.6888427734375 35.8815803527832 35.8688087463379 35.7093849182129 36.1871299743652 36.3444709777832 36.1208076477051 35.4653396606445 34.2054290771484 32.5060539245605 32.6635398864746 34.1048393249512 35.3255348205566 35.8558578491211 35.9460182189941 35.8839988708496 35.8743438720703 35.6770668029785 35.569953918457 35.8831405639648 35.6598739624023 35.710391998291
32.8130569458008 32.4526252746582 32.2476768493652 32.5510635375977 33.143253326416 33.9075126647949 34.0447158813477 33.6497955322266 33.1998252868652 33.9875259399414 34.4234619140625 33.5037117004395 33.7996406555176 34.1856803894043 35.039134979248 35.390796661377 35.6506881713867 36.0367469787598 36.3998184204102 36.2324562072754 36.1051368713379 36.3506011962891 36.1088829040527 35.9319763183594 35.7784118652344 35.7588195800781 35.8206596374512 35.7222595214844 36.0052032470703 36.2980651855469 36.3195991516113 35.8251075744629 35.1775283813477 33.7434959411621 33.2225914001465 34.1599769592285 35.3299942016602 35.8163642883301 35.8592834472656 35.4494132995605 35.6597442626953 35.8090705871582 35.628345489502 35.678638458252 35.3992805480957 35.6148872375488
32.4764976501465 32.2622909545898 31.7852535247803 32.1207466125488 32.8746795654297 33.0360832214355 33.4265480041504 33.731388092041 33.9958915710449 34.0858192443848 34.3900833129883 34.5789947509766 35.1689987182617 35.2414932250977 35.3647842407227 34.9419555664062 35.7890815734863 36.1157150268555 36.2944221496582 36.030143737793 36.1261138916016 36.2807998657227 36.3602523803711 36.2950325012207 36.0242500305176 35.9456520080566 35.6161804199219 35.7488899230957 36.0937728881836 36.158863067627 36.2821922302246 36.2871856689453 35.7706565856934 35.166316986084 34.3704261779785 34.1154899597168 35.0860748291016 35.7579460144043 35.3163070678711 34.8634033203125 35.6260681152344 35.836784362793 35.5948638916016 34.935188293457 35.2290649414062 35.6672821044922
