inst/extdata/Tmax/Tmax34.asc
NCOLS 100 
NROWS 79 
XLLCORNER 148.06 
YLLCORNER -21.49 
CELLSIZE 0.01 
NODATA_value -3.4e+38 
[rows 20 to 39 of 79, columns 0 to 45 of 100]
32.662002563476598 33.186336517334 33.392578125 33.1313705444336 33.3459434509277 34.2187767028809 33.7561111450195 34.0463790893555 32.8875389099121 32.8084487915039 33.8708648681641 33.416187286377 32.2975807189941 30.4617729187012 29.2138118743896 28.4167098999023 28.0811042785645 29.508228302002 30.5862216949463 31.4588031768799 31.593994140625 32.078197479248 32.2590408325195 32.6098518371582 32.560604095459 32.3098258972168 31.2315216064453 29.3031177520752 30.3086357116699 30.1366519927979 31.2806491851807 31.579683303833 31.6336669921875 31.7038478851318 31.449592590332 31.1587924957275 30.9717464447021 30.7375335693359 29.872371673584 30.1601104736328 29.9635009765625 29.0878200531006 29.8362083435059 29.6285037994385 28.1761608123779 28.304443359375
33.4431381225586 33.754451751709 33.7821922302246 33.4145622253418 33.3655624389648 33.2958221435547 32.8829536437988 33.6762809753418 33.9419097900391 34.2070732116699 33.8852615356445 33.8835487365723 33.3625679016113 30.7569675445557 29.1445369720459 28.9314823150635 29.0873508453369 29.7527408599854 30.2845706939697 31.3700466156006 32.0556602478027 32.6523284912109 31.7888278961182 32.3017501831055 32.2547416687012 31.9606647491455 31.6895046234131 30.1980266571045 30.2857723236084 31.2175483703613 31.6527805328369 31.4153842926025 31.3811321258545 30.1965236663818 29.9038562774658 30.1292705535889 31.0635318756104 29.2654685974121 28.8631381988525 29.1560325622559 28.3849277496338 28.9649467468262 29.1653995513916 26.8693332672119 26.807092666626 27.5443801879883
33.7400398254395 34.0225219726562 33.8507080078125 33.1748123168945 34.422176361084 33.5246505737305 33.7733268737793 33.452751159668 34.1640625 33.3637046813965 34.4596633911133 34.0820693969727 33.8724136352539 32.8771171569824 32.0018272399902 30.2281360626221 28.5612030029297 29.1558723449707 29.5913467407227 31.6181545257568 32.498233795166 31.6670398712158 31.7297267913818 31.2641887664795 30.8005123138428 31.6325187683105 31.5518341064453 31.2063426971436 31.1467266082764 31.1648006439209 30.8134269714355 30.3650741577148 29.8744792938232 29.3736820220947 28.7067966461182 29.5185089111328 29.5928840637207 28.4386558532715 28.453706741333 28.4429340362549 27.1116962432861 26.9537487030029 27.5432052612305 28.2179622650146 22.6641521453857 27.3127365112305
33.8918113708496 34.3602485656738 34.8876495361328 33.1894683837891 33.1272811889648 33.9971313476562 33.0705184936523 34.0147323608398 34.2150917053223 33.3338203430176 33.8843765258789 33.7563934326172 34.0013427734375 33.033618927002 31.1181926727295 30.1505126953125 28.9550704956055 29.2771835327148 29.9698677062988 30.976993560791 31.5064659118652 32.1081886291504 31.3409442901611 30.0291404724121 30.5313968658447 30.6605091094971 30.6445465087891 31.5201988220215 31.8224658966064 31.5801563262939 31.2288055419922 30.2179393768311 29.5780620574951 29.7472534179688 30.2318878173828 29.9095058441162 27.6954803466797 27.2985363006592 27.8509311676025 28.1290073394775 26.6858463287354 26.3353385925293 25.9935188293457 24.4034767150879 25.6989593505859 25.9686832427979
34.0938949584961 33.9964942932129 33.8334426879883 34.564769744873 34.6674308776855 34.3658218383789 33.1519317626953 34.212947845459 32.7727546691895 32.9931716918945 33.0339393615723 32.7970237731934 32.6173057556152 32.9227714538574 31.3381061553955 29.8307571411133 29.1032619476318 28.9740505218506 30.1094703674316 30.2904682159424 31.6777820587158 31.954568862915 29.3204460144043 29.0497798919678 29.36669921875 29.730432510376 30.012414932251 31.2915325164795 31.6704807281494 31.0819511413574 31.4804420471191 31.0565090179443 30.9527816772461 30.779182434082 30.2563323974609 29.8547592163086 29.1994781494141 28.3134288787842 27.0913867950439 26.5006523132324 25.1992263793945 24.2115879058838 24.8894367218018 26.9627780914307 21.8128242492676 21.6522636413574
34.5557556152344 34.2891845703125 34.7552604675293 34.108772277832 34.641674041748 34.5149345397949 34.3934440612793 34.1740913391113 34.0021743774414 32.602409362793 33.6300964355469 32.9278678894043 32.1246223449707 32.2032089233398 32.1805419921875 31.9931392669678 30.7073001861572 30.4658451080322 31.1436977386475 31.8167343139648 31.1454944610596 29.5550327301025 29.0210857391357 27.7654628753662 28.5174236297607 29.4414672851562 29.4930076599121 30.4046611785889 31.4522571563721 31.2862739562988 29.6939525604248 30.6484355926514 30.4637775421143 30.4798049926758 30.0606117248535 29.7485523223877 29.1437797546387 27.9207401275635 25.462230682373 26.0452442169189 24.4497203826904 25.6170120239258 27.1790904998779 26.7061042785645 21.8905181884766 20.9971981048584
32.5946807861328 33.8210868835449 34.8797492980957 34.6590347290039 34.5527992248535 34.4052963256836 34.3128929138184 34.3404541015625 34.0542106628418 32.7471961975098 32.3080558776855 32.4777793884277 32.3164520263672 31.9845199584961 31.995735168457 30.9630527496338 30.1642150878906 30.314453125 31.2337017059326 31.1019840240479 30.8291149139404 31.1871471405029 30.0255374908447 28.5728549957275 27.9947986602783 28.801097869873 30.1514492034912 31.4250259399414 30.8700637817383 31.0372676849365 30.276273727417 30.049898147583 30.3280239105225 29.7917175292969 29.7411613464355 28.9544162750244 27.6150989532471 27.8550643920898 23.164794921875 21.4075241088867 24.0776271820068 21.630256652832 26.4398441314697 22.8304119110107 25.1042594909668 20.7715339660645
32.7583503723145 32.3898239135742 33.5476150512695 34.4304542541504 34.4039268493652 34.3016242980957 34.5078353881836 34.6453056335449 34.2528953552246 33.5082244873047 33.0274887084961 32.3058929443359 32.1275405883789 32.4963531494141 30.8219223022461 30.9205703735352 30.4618949890137 30.0195255279541 30.3661136627197 30.4477443695068 30.6031723022461 30.7724189758301 30.2706050872803 29.020959854126 28.8565845489502 29.1267395019531 28.6387672424316 31.2199020385742 31.6116390228271 30.3220233917236 30.0620269775391 30.1266422271729 30.4243583679199 29.5622501373291 29.2256832122803 28.3729572296143 26.8227100372314 27.2209739685059 26.9499263763428 25.6115779876709 24.4359264373779 24.8718852996826 24.6946182250977 22.056324005127 21.3972091674805 21.0687236785889
31.5188140869141 31.9634227752686 32.5898399353027 33.5466423034668 34.614917755127 34.1277351379395 34.5678291320801 34.2258605957031 34.2320899963379 33.2623710632324 33.342399597168 32.4779510498047 32.7828140258789 32.7493629455566 32.4008636474609 30.1305541992188 30.1064224243164 29.8647346496582 30.2581901550293 31.2638778686523 30.12233543396 30.6722774505615 29.6238994598389 28.5836334228516 28.8389930725098 29.1887092590332 29.2188987731934 30.0463714599609 30.8304615020752 30.7258701324463 30.8143405914307 29.8602809906006 29.4165344238281 28.2019996643066 27.4565906524658 26.4874820709229 26.7545166015625 26.8063716888428 26.9609928131104 24.4493980407715 21.5131320953369 21.5882778167725 24.9399280548096 21.3125095367432 21.5285949707031 21.4222049713135
30.3636913299561 31.1393566131592 31.7925624847412 32.4922332763672 33.9705619812012 34.0232963562012 33.3838691711426 34.5686416625977 34.3487930297852 33.9874610900879 32.8883857727051 33.289680480957 32.6153221130371 32.3267593383789 32.8807563781738 32.5924491882324 32.132381439209 30.2551097869873 30.5506000518799 30.5484619140625 30.5169563293457 30.6110782623291 30.1304988861084 29.1076335906982 28.8858451843262 28.9056873321533 28.4632797241211 30.0076503753662 30.9468955993652 30.4273834228516 31.0344848632812 29.5300827026367 28.4686641693115 28.299747467041 27.7690181732178 27.314920425415 27.27809715271 26.6505126953125 25.9794311523438 25.6167449951172 26.947208404541 26.9468460083008 24.3895072937012 24.2578887939453 21.6945743560791 22.5778465270996
30.930835723877 31.6717643737793 31.8101768493652 32.5198173522949 32.915657043457 32.7485198974609 32.9638557434082 34.021053314209 33.9849128723145 33.4762344360352 33.9536895751953 33.8718070983887 33.8953666687012 33.0687255859375 33.073802947998 33.0051803588867 31.7111778259277 31.1389141082764 30.1761131286621 30.5764999389648 30.4162349700928 29.8938484191895 29.6457672119141 29.249719619751 28.6710090637207 27.9294986724854 28.3614387512207 30.2389373779297 30.6828174591064 30.8489856719971 31.1329650878906 31.2943534851074 29.5906887054443 28.3557586669922 27.6355876922607 28.4034118652344 28.012186050415 27.3145313262939 26.450647354126 26.5194931030273 28.4939384460449 28.3476619720459 27.9496288299561 27.0445423126221 23.7984848022461 23.0369815826416
32.0558433532715 32.0185966491699 32.9139785766602 33.7580146789551 34.274227142334 33.0210571289062 33.1118774414062 34.3908309936523 34.3552474975586 33.6901321411133 34.0887336730957 33.7361755371094 33.6847991943359 33.2867088317871 32.3246955871582 32.6102905273438 30.2683372497559 28.9213771820068 30.2414016723633 29.8868808746338 29.8825302124023 30.0948886871338 29.5420837402344 29.2781181335449 28.8683910369873 28.8737411499023 29.3183860778809 30.635347366333 31.343204498291 30.3190784454346 30.7877426147461 30.8071422576904 31.119535446167 30.2069797515869 29.5273723602295 28.3749351501465 28.5053405761719 28.5651702880859 28.1428852081299 29.6585063934326 28.6745796203613 28.2172241210938 23.0769634246826 24.6878204345703 22.2713775634766 21.5228500366211
31.5815296173096 33.0331764221191 32.9158630371094 33.0296325683594 34.2224426269531 33.4255752563477 34.0511665344238 33.7177658081055 34.3057441711426 33.303897857666 34.2800064086914 33.7687454223633 33.7339057922363 33.1270294189453 32.7109527587891 32.1689872741699 32.0946960449219 30.3227291107178 29.0807704925537 29.3836727142334 29.4695625305176 30.0442447662354 29.4266109466553 29.5031833648682 29.1270217895508 28.9621334075928 30.8176689147949 30.9974269866943 30.8700046539307 32.2929229736328 30.9169311523438 30.3698234558105 31.619571685791 31.4894046783447 30.7648754119873 30.0519485473633 29.7108783721924 29.6408061981201 29.1714496612549 29.3486175537109 28.4801578521729 25.8631572723389 21.1239032745361 21.4786815643311 21.6606254577637 20.4244823455811
32.3146705627441 32.5418815612793 33.1227264404297 32.0792465209961 32.6496810913086 31.6602630615234 32.3777084350586 33.7250289916992 34.2535133361816 34.0637092590332 34.3727836608887 33.6097259521484 33.4496040344238 33.4946670532227 32.8765640258789 32.6330146789551 32.9704437255859 32.4472770690918 31.6985282897949 31.2092361450195 29.9221038818359 29.6960849761963 30.2087917327881 29.8729248046875 29.4917297363281 29.096529006958 30.7620429992676 31.6483325958252 31.1933898925781 31.3320865631104 31.0996074676514 29.8624629974365 29.5828018188477 29.6098098754883 30.0693073272705 30.2970542907715 30.3133144378662 30.7575645446777 30.3044166564941 30.4372291564941 28.7160148620605 24.0633163452148 22.4883003234863 22.7884941101074 22.5548686981201 21.483491897583
32.8815231323242 33.3087425231934 33.0302238464355 31.1664218902588 31.8815174102783 33.0531921386719 32.3177070617676 33.7414054870605 34.1326599121094 33.7857055664062 34.2293243408203 33.9550704956055 34.291805267334 33.7981224060059 33.3776588439941 33.1855278015137 32.8674774169922 32.4758110046387 32.0179748535156 31.0010433197021 29.4963722229004 30.5550308227539 30.9650917053223 29.7989826202393 29.3761501312256 29.3229904174805 29.3300437927246 30.7605838775635 30.5503101348877 29.6039543151855 30.587739944458 29.4996299743652 29.0523262023926 29.0684204101562 28.7635822296143 29.0002288818359 29.6356983184814 29.1950092315674 29.8479709625244 29.597354888916 27.9134063720703 27.6611366271973 24.8262691497803 24.1636905670166 23.4112148284912 23.2803115844727
32.6371650695801 33.9925384521484 33.0494651794434 32.1938133239746 30.6314792633057 33.0063781738281 34.4597053527832 32.6127395629883 33.6169624328613 34.2337532043457 34.1331977844238 33.9977531433105 33.495288848877 33.6440086364746 33.281063079834 33.4238967895508 32.46728515625 32.0130233764648 31.8865737915039 31.2517433166504 30.1401386260986 30.7716178894043 29.8790473937988 28.4766254425049 28.8933486938477 28.5104942321777 30.0892219543457 29.4109630584717 29.0029563903809 26.377592086792 28.3256645202637 28.9181785583496 29.2295837402344 28.8864822387695 28.8725700378418 27.9491748809814 28.1940498352051 28.5632476806641 29.5178089141846 28.8456630706787 23.9764137268066 23.6392192840576 23.4194240570068 23.9969577789307 23.6721019744873 22.4115009307861
33.2243041992188 32.3826675415039 33.7175750732422 32.9718933105469 32.812629699707 32.8573875427246 32.9191589355469 33.0462875366211 33.2317161560059 34.5761222839355 34.5830230712891 34.0308074951172 33.9345817565918 34.1905632019043 33.9296226501465 32.7648315429688 32.1515655517578 32.0854988098145 32.0483093261719 31.9936618804932 31.3098564147949 30.2333583831787 29.099760055542 28.8086585998535 29.1029224395752 29.7823352813721 30.5067405700684 29.6195774078369 29.2475280761719 27.3053817749023 26.9847793579102 26.0142097473145 27.5079174041748 28.8637752532959 28.7563076019287 26.8682956695557 26.8522663116455 26.4759197235107 26.2797107696533 22.7602653503418 22.7684173583984 21.9486312866211 22.5333843231201 23.5175170898438 23.5334167480469 21.8111419677734
32.5297622680664 32.0703353881836 33.408561706543 32.2086639404297 32.3478889465332 32.3576850891113 31.1545524597168 31.9980545043945 33.0564994812012 33.409797668457 34.1663246154785 34.204833984375 34.1030120849609 33.6120376586914 33.9251899719238 33.8034553527832 33.1148643493652 31.8175354003906 32.3147468566895 31.8328075408936 31.6381130218506 30.8421306610107 29.2561721801758 29.1094970703125 28.4967479705811 29.2133331298828 30.2892513275146 29.3259353637695 29.5490322113037 29.3167572021484 29.2902393341064 28.189395904541 27.7625217437744 26.4701271057129 22.3297557830811 21.0999965667725 21.2371692657471 21.0159492492676 20.9579010009766 21.1799125671387 21.389476776123 21.5079250335693 21.8186111450195 22.7405834197998 23.0671863555908 22.568452835083
32.5384826660156 31.9364032745361 32.0001983642578 33.2123947143555 32.8993873596191 32.9890060424805 31.5340557098389 30.6506443023682 31.6700267791748 32.6584777832031 33.9881896972656 34.356990814209 34.2863006591797 34.1188774108887 33.0037651062012 32.544563293457 32.5582237243652 32.185173034668 32.647533416748 32.5063514709473 32.4655570983887 31.1273994445801 30.3305206298828 29.9941577911377 28.9939708709717 29.7820224761963 29.5327987670898 29.7224731445312 27.9499187469482 28.9537754058838 28.1364822387695 27.9617881774902 28.431999206543 27.6907520294189 26.1128444671631 20.7280120849609 20.3859004974365 20.2985515594482 20.1707134246826 20.6895294189453 21.2716789245605 22.7835521697998 21.3319778442383 22.5390167236328 21.980884552002 21.8120803833008
32.1689262390137 31.6694164276123 32.9285430908203 32.8861694335938 33.1734085083008 32.2806777954102 31.9225444793701 31.2437553405762 32.1717262268066 31.6405811309814 32.6234855651855 34.1573028564453 33.8942070007324 33.6875 32.9944839477539 33.2374458312988 31.5405387878418 31.7760639190674 32.2137451171875 32.0437393188477 32.1154479980469 31.4530944824219 31.4845104217529 30.8327598571777 29.5722045898438 29.4895076751709 29.1381301879883 29.0612964630127 29.5562133789062 28.542839050293 27.451961517334 26.5772113800049 28.7078914642334 28.7946128845215 28.8614749908447 26.3302307128906 23.4052600860596 22.9776954650879 21.8750762939453 20.8444042205811 21.6680488586426 21.6223316192627 21.7254695892334 22.1819438934326 22.0625133514404 21.686674118042
