inst/extdata/Tmax/Tmax96.asc
NCOLS 100 
NROWS 79 
XLLCORNER 148.06 
YLLCORNER -21.49 
CELLSIZE 0.01 
NODATA_value -3.4e+38 
[rows 20 to 39 of 79, columns 0 to 45 of 100]
35.914291381835902 35.9702987670898 35.9771041870117 35.9588966369629 35.9932518005371 36.1261596679688 36.0581474304199 36.0025100708008 35.9528656005859 35.8749160766602 35.7093124389648 35.3149871826172 34.8748016357422 34.2373847961426 32.9267196655273 32.5094947814941 32.4511489868164 33.4396057128906 34.5078887939453 34.9596519470215 34.9885063171387 35.0118026733398 35.3681678771973 35.4069480895996 35.2628974914551 34.9827499389648 34.3783187866211 33.4494514465332 34.002742767334 34.0792503356934 34.7053184509277 34.7268295288086 34.8809432983398 34.8550910949707 34.8224830627441 34.5816764831543 34.1876182556152 34.1984710693359 33.7287559509277 33.9961013793945 33.780574798584 33.0535774230957 33.2873382568359 33.3466758728027 33.4773139953613 33.5151100158691
35.9965324401855 36.0768699645996 36.0958938598633 36.0761489868164 36.0976676940918 36.1128349304199 35.9896545410156 35.928638458252 35.9218292236328 35.8734169006348 35.7644500732422 35.600757598877 35.3825035095215 34.4448699951172 32.9492225646973 32.637767791748 32.8910064697266 33.7228126525879 34.2441062927246 34.6356811523438 34.7753677368164 34.6962356567383 35.2488861083984 35.400821685791 35.2143745422363 35.2409133911133 35.2221870422363 34.4495697021484 34.3004570007324 34.8407821655273 34.9716911315918 34.8683166503906 34.5402679443359 33.9336891174316 33.9606323242188 33.9450378417969 34.4117126464844 33.7025299072266 33.3047485351562 33.6294403076172 33.242130279541 33.3369026184082 33.0570373535156 32.1388626098633 32.4737586975098 33.172061920166
36.0648422241211 36.1311492919922 36.1467666625977 36.1481437683105 36.1470947265625 36.1283226013184 35.9635124206543 35.8559341430664 35.8186225891113 35.8032417297363 35.7033081054688 35.6450309753418 35.4843635559082 34.879264831543 33.7641830444336 32.9349937438965 32.3008422851562 32.8028945922852 33.3889427185059 34.2176208496094 34.3427734375 34.475341796875 35.1450271606445 34.9374656677246 34.5258522033691 34.9103317260742 34.9955787658691 35.0828895568848 34.8029937744141 34.8520317077637 34.5897636413574 34.4038772583008 33.8328895568848 33.5030517578125 33.2748947143555 33.5019111633301 33.4364891052246 32.8742408752441 32.8511085510254 32.7746810913086 32.4667434692383 31.7107543945312 32.5086212158203 32.2194519042969 31.2248497009277 32.6762351989746
36.0624847412109 36.112003326416 36.1372337341309 36.1448440551758 36.1206588745117 36.1269989013672 36.0645370483398 35.7853012084961 35.6945304870605 35.7307929992676 35.5654029846191 35.3882713317871 35.5067977905273 35.1380233764648 34.353099822998 33.5714340209961 32.7512626647949 32.4584541320801 33.0764198303223 33.402904510498 33.9630088806152 34.9900703430176 34.7465057373047 34.1358985900879 34.2964744567871 34.4555549621582 34.152099609375 35.1256523132324 35.1597671508789 35.0262184143066 34.8013153076172 33.6935729980469 33.3662796020508 33.5789337158203 33.9281311035156 33.4673042297363 32.5397758483887 31.9959678649902 32.7364082336426 32.2258377075195 31.497579574585 30.0668563842773 30.9056434631348 32.1144332885742 30.2900447845459 31.6423072814941
36.0204162597656 36.0968246459961 36.1346092224121 36.1175956726074 36.0941734313965 36.1109771728516 36.1230506896973 35.961742401123 35.800178527832 35.6438484191895 35.5549621582031 35.5268516540527 35.3662376403809 35.0362701416016 34.2798500061035 33.591365814209 32.8526916503906 32.4855155944824 32.697998046875 32.7066116333008 33.9327011108398 34.7876167297363 33.6779899597168 33.140697479248 33.97607421875 33.9626426696777 34.1607971191406 34.9207038879395 35.1777725219727 34.797061920166 34.748348236084 34.5157737731934 34.4948539733887 34.5612258911133 34.2360687255859 33.9307098388672 33.5238418579102 32.400749206543 32.1802139282227 31.9243965148926 30.1905822753906 29.6124725341797 30.0620231628418 31.9303646087646 29.938455581665 30.3146266937256
35.9872283935547 36.0251579284668 36.0427093505859 36.0322074890137 36.0575218200684 36.0803489685059 36.1176490783691 36.0880012512207 35.9512252807617 35.7223472595215 35.5427894592285 35.4161376953125 35.2796669006348 34.8337936401367 34.3933334350586 33.843921661377 33.235969543457 32.8975677490234 33.3620986938477 34.0807571411133 34.0769081115723 33.9866371154785 33.5041389465332 32.2281532287598 32.753662109375 33.5459442138672 33.708797454834 34.9661560058594 35.1635971069336 34.8038902282715 33.9213104248047 34.5472602844238 34.4187202453613 34.2975616455078 34.0285720825195 33.7122230529785 33.5921859741211 32.1017189025879 30.8132266998291 31.2297496795654 29.7809028625488 30.6331729888916 30.9929943084717 31.9321823120117 30.9057197570801 29.8184471130371
35.8889122009277 35.9332885742188 35.9466781616211 35.9715957641602 35.9813003540039 35.9967384338379 36.097297668457 36.1141166687012 35.9922523498535 35.587703704834 35.4950981140137 35.237850189209 35.2470054626465 34.8806686401367 34.1363830566406 33.0735397338867 32.7037010192871 32.9023399353027 33.3891639709473 33.305721282959 33.5063705444336 34.420482635498 34.2833213806152 32.7606887817383 32.3589859008789 33.311710357666 34.1341400146484 35.035026550293 35.1270370483398 34.9128074645996 34.070255279541 33.6856918334961 34.4850692749023 33.9481430053711 33.5080413818359 32.6758575439453 32.392204284668 32.5135345458984 31.4460468292236 30.135124206543 29.7305068969727 30.0598697662354 29.9606552124023 31.0279598236084 30.0771293640137 29.4214286804199
35.7510375976562 35.7888526916504 35.8269538879395 35.8901405334473 35.9267501831055 35.9993591308594 36.1032447814941 36.1131744384766 36.0550880432129 35.8754768371582 35.6463241577148 35.3898086547852 35.2818946838379 35.0946350097656 34.1766777038574 33.0416221618652 32.7264251708984 32.6820526123047 32.82177734375 32.8086776733398 33.9689178466797 34.6268310546875 34.0880546569824 33.225154876709 32.6590461730957 32.9039077758789 33.0355606079102 34.636531829834 35.0036087036133 34.8908729553223 34.0869560241699 34.0045051574707 34.3099250793457 33.5633277893066 32.8664398193359 32.2951507568359 31.3742961883545 32.1068916320801 31.9468536376953 30.1016235351562 29.6576080322266 29.858268737793 29.7710609436035 30.3826580047607 29.7832698822021 29.479700088501
35.2541389465332 35.2263870239258 35.4993438720703 35.8219833374023 35.9676856994629 36.0629653930664 36.1083831787109 36.1089668273926 35.9927711486816 35.8962249755859 35.7428436279297 35.2132682800293 35.3207931518555 35.1803207397461 34.6707496643066 33.4610328674316 32.7440185546875 32.2365570068359 32.5612869262695 33.4626731872559 33.9874610900879 34.3612632751465 33.489933013916 32.7648086547852 32.5869483947754 32.7445678710938 33.1929512023926 34.1158180236816 34.8982963562012 34.9695625305176 34.4515113830566 34.1876640319824 33.7558059692383 32.7186431884766 31.5431938171387 31.1228675842285 30.7982311248779 31.0128364562988 31.1771049499512 30.7755718231201 30.2436065673828 30.3816375732422 30.1025562286377 29.8831748962402 29.8991985321045 29.8354797363281
34.3911476135254 35.2567443847656 35.5908889770508 35.3406372070312 35.9106826782227 36.0739517211914 36.1094207763672 36.1087875366211 35.9147033691406 35.7773742675781 35.7809181213379 35.5218811035156 35.2919006347656 35.1686744689941 34.9231567382812 34.4136390686035 33.8644561767578 32.489688873291 32.8215866088867 32.9105949401855 33.0744934082031 34.0383758544922 33.6148071289062 32.8020706176758 32.6014556884766 32.3966407775879 32.3747100830078 34.0644645690918 34.9306945800781 35.0169639587402 34.192268371582 33.2062721252441 32.8973617553711 32.5457305908203 32.2807235717773 31.2591457366943 31.1958065032959 30.7820377349854 30.3630523681641 30.6294212341309 32.4769973754883 32.5682029724121 31.4160099029541 29.9502506256104 31.0292186737061 31.1452312469482
34.6861419677734 35.5697364807129 35.6021690368652 35.0811500549316 35.8683624267578 36.0649223327637 36.1251449584961 36.1191711425781 36.0721740722656 35.8537178039551 35.7572402954102 35.6980247497559 35.5291023254395 35.3297500610352 35.0434951782227 34.4651947021484 33.6437721252441 33.1969337463379 32.7436676025391 33.0095520019531 33.0958213806152 33.5493125915527 32.9389190673828 32.7725982666016 32.4717445373535 31.8382225036621 32.1333045959473 33.9475288391113 34.8135948181152 34.867805480957 34.8593978881836 34.690601348877 33.5598945617676 32.5992012023926 32.5362396240234 32.048999786377 32.1928787231445 32.0028839111328 31.5767383575439 32.0814590454102 33.6034240722656 33.6718215942383 33.2378616333008 32.6605224609375 32.5439987182617 31.9436416625977
35.4393005371094 35.7215614318848 35.7902984619141 35.7996368408203 35.8960571289062 36.0557098388672 36.096565246582 36.1032485961914 36.0680465698242 36.0062599182129 35.8326988220215 35.780200958252 35.6917266845703 35.4946441650391 35.2344512939453 34.7537422180176 33.9105567932129 33.48779296875 32.7902412414551 32.6862678527832 32.7635040283203 33.2142333984375 32.8425903320312 32.588077545166 32.5307998657227 32.5664825439453 33.3889274597168 34.4779624938965 34.8685340881348 34.3584785461426 34.2791786193848 34.2939796447754 34.5142593383789 34.0107803344727 33.7385101318359 32.9654693603516 34.0222930908203 33.8752021789551 33.8512649536133 33.8721656799316 33.6435165405273 32.7322387695312 31.7636165618896 31.4348011016846 31.3005065917969 30.5468425750732
35.1679573059082 35.8970222473145 35.9608039855957 35.9856758117676 35.9914016723633 36.0100517272949 35.9929695129395 36.0498161315918 36.0530853271484 36.0454063415527 36.0072860717773 35.8876838684082 35.7133255004883 35.5610961914062 35.3771362304688 35.135368347168 34.6654586791992 33.9930114746094 33.2481651306152 32.546142578125 32.5799026489258 33.0382385253906 32.9203147888184 32.6437149047852 32.5056686401367 32.6709671020508 34.1220474243164 34.8444480895996 34.9218482971191 34.7500457763672 34.2548179626465 33.6458015441895 34.3610610961914 34.478141784668 34.5240669250488 33.9959945678711 34.4157066345215 34.1215591430664 33.9923553466797 33.829517364502 32.619213104248 31.1861705780029 29.8865528106689 30.2419624328613 30.157751083374 29.1497402191162
35.026927947998 35.665283203125 35.4872817993164 35.3759231567383 35.5205879211426 35.9125633239746 35.923957824707 35.9569892883301 35.9815292358398 35.9779090881348 35.9542427062988 35.9361228942871 35.8322067260742 35.6865043640137 35.5396270751953 35.3214149475098 34.8952789306641 34.4743003845215 34.2075080871582 33.5802612304688 32.6389846801758 32.877857208252 32.6588668823242 32.7369232177734 32.6199417114258 32.5978546142578 33.6684722900391 34.791202545166 34.8805885314941 34.5635414123535 34.4316711425781 33.3579521179199 33.6588249206543 33.9206352233887 34.2294540405273 34.3602561950684 34.2187042236328 34.0513877868652 33.6639785766602 33.7243347167969 33.400749206543 32.1446495056152 31.3209266662598 31.8834781646729 31.438663482666 30.2759227752686
35.362850189209 35.6520500183105 35.2500381469727 34.5983085632324 34.7132453918457 35.6686401367188 35.8896560668945 35.8647918701172 35.890983581543 35.9167137145996 35.8461380004883 35.900318145752 35.8603134155273 35.7581901550293 35.616268157959 35.4333343505859 35.1317253112793 34.4585571289062 34.0557327270508 33.599006652832 32.9257659912109 32.8417434692383 32.6628303527832 32.4544296264648 32.4259834289551 32.8143882751465 33.9626922607422 34.7528877258301 34.2508087158203 34.0333671569824 34.1490325927734 33.791748046875 33.4729232788086 33.1427345275879 32.8755874633789 33.3788452148438 33.1876487731934 33.5264091491699 33.4491729736328 33.2485847473145 32.9852867126465 33.3180923461914 33.0631675720215 32.7429313659668 32.135368347168 31.6510219573975
35.4964637756348 35.6046447753906 35.4140663146973 35.1125183105469 34.8196182250977 35.3814697265625 35.6963768005371 35.7300071716309 35.7877006530762 35.8585090637207 35.857120513916 35.9094390869141 35.8571968078613 35.8069763183594 35.660400390625 35.4491806030273 35.219295501709 35.0016593933105 34.6054039001465 33.953971862793 33.5731925964355 33.3156280517578 32.8073196411133 32.1651420593262 32.3308639526367 32.5859298706055 34.0475654602051 34.5821571350098 32.6829414367676 32.276683807373 32.9312934875488 33.1569442749023 33.1164474487305 32.9011535644531 32.4116668701172 32.1550827026367 32.6971130371094 32.5369644165039 32.5077781677246 32.4606475830078 32.1941947937012 31.8915710449219 32.1441459655762 32.6308975219727 31.9931240081787 30.8445301055908
35.3608741760254 35.4024276733398 35.4306564331055 35.1645889282227 34.8941307067871 35.0914726257324 35.318172454834 35.5271224975586 35.6496467590332 35.7853469848633 35.7760581970215 35.7796249389648 35.8782539367676 35.8176536560059 35.7045783996582 35.4360542297363 35.426197052002 35.2722702026367 35.0265502929688 34.6434745788574 34.5015830993652 33.6989059448242 33.0998840332031 32.6288146972656 32.629810333252 33.0234870910645 34.0772171020508 33.9744338989258 33.6794586181641 33.577392578125 32.7980690002441 32.7336120605469 32.5440254211426 32.4013214111328 31.6681232452393 31.2559032440186 31.4730911254883 31.4197025299072 31.6624813079834 31.4590187072754 31.4486255645752 30.5124073028564 31.2343292236328 32.1126441955566 31.8712520599365 30.3754501342773
34.8144073486328 35.1530952453613 35.3650779724121 35.2685432434082 35.076587677002 34.9547958374023 34.9463996887207 35.332592010498 35.4572410583496 35.6457748413086 35.740665435791 35.7455253601074 35.8171539306641 35.843822479248 35.6692886352539 35.5720176696777 35.5072441101074 35.3908042907715 35.2349891662598 35.0353851318359 34.8320465087891 34.1042633056641 32.9471740722656 33.0418395996094 32.345588684082 32.9391899108887 33.9251747131348 33.3510093688965 33.549446105957 34.0331726074219 33.9178466796875 33.7559204101562 33.072078704834 32.6374626159668 31.0363330841064 29.7449569702148 29.7878150939941 29.675407409668 29.6365814208984 30.1162376403809 30.2850532531738 30.489917755127 30.6796684265137 31.5788898468018 31.4331684112549 31.0297241210938
34.9364318847656 35.0399284362793 35.1766891479492 35.1613388061523 35.1341514587402 34.8306121826172 34.6154289245605 34.3596420288086 35.0368194580078 35.558536529541 35.7066650390625 35.7573623657227 35.8484573364258 35.8544845581055 35.5481262207031 35.1394882202148 35.1744155883789 35.2336578369141 35.2893180847168 35.170783996582 35.0296287536621 34.6096343994141 33.4759712219238 33.7936134338379 32.8170204162598 32.8153305053711 32.9750747680664 33.2967987060547 32.2339744567871 32.9165267944336 32.541015625 32.6571807861328 33.9428482055664 33.5042381286621 32.5189895629883 30.2405891418457 29.3072509765625 29.3122673034668 28.6286220550537 29.0722942352295 29.7237148284912 29.7185974121094 29.7979145050049 31.2015953063965 30.7486629486084 30.2031288146973
35.0141410827637 34.9449310302734 35.0014038085938 34.8114738464355 35.0232009887695 34.9436912536621 34.7173919677734 34.4595184326172 34.6651840209961 35.2993431091309 35.5650749206543 35.7690353393555 35.8234024047852 35.7971992492676 35.7444496154785 35.332763671875 34.9487724304199 34.7436714172363 35.0306243896484 35.1672477722168 35.0285949707031 34.8808288574219 34.5514144897461 33.9607162475586 32.8687782287598 32.6545181274414 32.615104675293 32.7054672241211 32.7618522644043 32.2227783203125 31.6423988342285 32.4346504211426 33.6713943481445 32.9115562438965 33.1402206420898 32.5864944458008 32.1411895751953 32.007080078125 30.9992656707764 29.8625621795654 30.5994319915771 30.2791957855225 30.6730899810791 30.8653030395508 30.5560760498047 30.0731239318848
