inst/extdata/Tmax/Tmax8.asc
NCOLS 100 
NROWS 79 
XLLCORNER 148.06 
YLLCORNER -21.49 
CELLSIZE 0.01 
NODATA_value -3.4e+38 
[rows 40 to 59 of 79, columns 46 to 91 of 100]
18.1471557617188 19.6201705932617 19.2959880828857 20.1578502655029 22.4106044769287 22.3564777374268 22.1831951141357 20.0088863372803 19.7004642486572 20.3102645874023 21.8867454528809 23.8561859130859 24.3488731384277 23.8292503356934 23.0648975372314 24.7983684539795 25.7090339660645 25.166051864624 26.2031497955322 26.1551036834717 25.4916076660156 26.1375541687012 23.955057144165 22.7622871398926 24.1889877319336 25.1026439666748 25.6273174285889 24.81618309021 24.6076183319092 24.7442855834961 24.3540630340576 25.4494514465332 24.2056674957275 21.3415489196777 22.9746723175049 27.3058834075928 25.6524467468262 24.0894660949707 21.9069004058838 21.2620887756348 20.7538375854492 23.5745658874512 23.9306106567383 23.3185558319092 24.6397495269775 21.8597507476807
19.5269412994385 19.7086143493652 21.0990715026855 22.4431476593018 23.1079750061035 22.5915126800537 21.9805088043213 21.7689647674561 23.1309947967529 23.3853282928467 26.0479125976562 24.838903427124 24.6144847869873 24.2973003387451 23.7155418395996 25.6663131713867 25.7775783538818 25.5860347747803 26.6276569366455 26.8930549621582 24.7790374755859 25.1512889862061 21.391996383667 27.1684856414795 28.3362998962402 23.8802852630615 25.8123531341553 24.8193855285645 25.0032653808594 24.1460437774658 24.7278671264648 25.262580871582 25.0962829589844 24.171838760376 24.5735034942627 26.5782203674316 24.8510761260986 24.2770442962646 23.9828338623047 23.6640186309814 23.2642078399658 22.7744312286377 24.1192321777344 23.7721710205078 23.7360916137695 23.1927070617676
21.0123710632324 22.0221424102783 21.9332160949707 23.9056739807129 28.9695854187012 26.4319629669189 23.9535732269287 23.2210540771484 24.3334274291992 25.9880905151367 26.1120624542236 25.6739883422852 25.9500560760498 25.4982147216797 27.2268886566162 25.7583808898926 25.5984039306641 25.2491359710693 25.6622409820557 26.372407913208 25.4239120483398 24.9158000946045 24.5863056182861 28.6587009429932 22.0252227783203 28.6979331970215 27.9182453155518 23.7449474334717 23.0852527618408 25.6527042388916 25.3249740600586 25.635326385498 24.8973598480225 24.2388134002686 24.6101245880127 23.4049472808838 23.5915775299072 22.9995746612549 23.014253616333 23.4573974609375 24.6166973114014 24.7108879089355 25.0517463684082 23.7178955078125 25.7247676849365 25.6626148223877
24.5099544525146 25.2718982696533 25.4152526855469 25.5463485717773 26.2668685913086 25.7580718994141 25.40940284729 25.0105533599854 25.3287811279297 25.6972560882568 26.3703136444092 26.3771457672119 26.5678577423096 26.4615612030029 25.9336318969727 25.4764919281006 25.1219520568848 25.3129615783691 26.0117778778076 23.5979137420654 25.8385810852051 25.8550910949707 25.6498146057129 24.9758472442627 24.4042568206787 26.1565380096436 25.3637886047363 24.8586349487305 25.4655055999756 27.1696681976318 26.5265445709229 26.9565982818604 24.7325458526611 24.1143760681152 23.9377861022949 26.4505271911621 25.9128761291504 23.9518623352051 24.8862915039062 25.9463348388672 26.5486145019531 25.6921405792236 24.12087059021 28.3500366210938 25.8989276885986 23.8729400634766
24.3458614349365 24.5304145812988 24.5117378234863 24.8633117675781 26.4249439239502 27.0725879669189 26.4590473175049 25.6215553283691 25.988338470459 25.654878616333 25.3549556732178 25.3144931793213 24.8990745544434 24.755786895752 24.5790157318115 25.1494464874268 23.5138778686523 24.3525352478027 25.3735427856445 25.7226009368896 26.6624069213867 27.2831592559814 27.0107173919678 26.0512599945068 23.8978271484375 24.3342781066895 24.718599319458 25.1877841949463 27.3937740325928 27.7137050628662 26.3418254852295 25.073148727417 23.9915924072266 24.6720542907715 24.3105144500732 26.3236408233643 24.9982833862305 23.8141937255859 25.0712833404541 23.5591316223145 24.1806163787842 25.7409839630127 26.1521682739258 26.1028366088867 28.9810390472412 25.8631782531738
20.3695201873779 21.9007549285889 23.4832420349121 21.8130798339844 23.4942951202393 24.177864074707 24.0029430389404 24.3008422851562 24.5935649871826 24.6992607116699 21.648250579834 21.8228797912598 21.9923114776611 20.1031036376953 21.1243801116943 22.1413879394531 24.4858474731445 24.6689205169678 24.5958290100098 24.698938369751 26.4713134765625 26.2518672943115 25.5908374786377 25.5502014160156 25.6302032470703 26.0917205810547 26.0529518127441 26.0027828216553 25.6133728027344 25.7885074615479 25.4201335906982 26.5487976074219 27.3893985748291 27.8436717987061 25.8030300140381 25.5228576660156 24.9937553405762 24.8147373199463 24.7747631072998 24.482946395874 24.3175411224365 25.3740310668945 25.533821105957 24.2199668884277 26.5217456817627 28.8622646331787
18.3797664642334 19.9060440063477 19.4910125732422 19.2538623809814 20.4263095855713 20.8575000762939 21.022087097168 21.6161766052246 22.1960010528564 21.3973331451416 20.9881248474121 20.3190250396729 20.6833190917969 20.5403594970703 20.8806190490723 22.1674880981445 24.8539943695068 24.6053791046143 23.9386119842529 25.8198070526123 26.2550430297852 26.6513595581055 25.7266101837158 25.0169849395752 27.6326522827148 27.7819023132324 26.8056030273438 26.0593280792236 25.104061126709 24.9958076477051 26.1829395294189 25.9850807189941 25.4055500030518 25.708812713623 25.9698791503906 28.5662364959717 25.3455982208252 25.5108432769775 24.4068298339844 24.2638492584229 24.2304248809814 26.8622894287109 24.8758506774902 27.732271194458 26.3296413421631 25.7764930725098
18.7588787078857 18.6824035644531 18.5492706298828 18.6468029022217 18.502685546875 18.9543743133545 20.0962238311768 21.1514530181885 21.4267520904541 21.2117385864258 21.8436489105225 21.2189617156982 21.2309894561768 22.7182903289795 23.4667720794678 24.9531497955322 25.5813999176025 25.4783229827881 25.5951595306396 26.9567966461182 29.6464691162109 27.3456325531006 25.2481670379639 26.2713737487793 27.4917259216309 27.0727710723877 26.3945617675781 29.2911777496338 26.4147186279297 26.648754119873 26.6528511047363 24.0830039978027 23.919376373291 24.23264503479 23.992805480957 23.9740180969238 25.3625087738037 24.3470764160156 23.4263286590576 27.1693744659424 26.9078807830811 28.8602848052979 25.4268283843994 27.5267391204834 27.2631130218506 27.1947937011719
18.5183620452881 20.5151672363281 18.8607692718506 18.46559715271 18.3623905181885 18.325590133667 18.5444583892822 20.7495136260986 21.5084190368652 21.6647891998291 21.552453994751 21.6132068634033 26.9153232574463 28.0170783996582 28.4994068145752 24.8315849304199 26.678596496582 23.0151271820068 28.6331672668457 28.5078945159912 28.1887969970703 28.4321537017822 27.7908763885498 27.3364353179932 27.0173377990723 25.0917415618896 26.2585468292236 27.378381729126 29.5048942565918 28.7577323913574 28.4773960113525 29.2078094482422 28.2850551605225 24.299388885498 25.2457447052002 29.6204948425293 28.7698707580566 25.735990524292 25.5252952575684 25.3237743377686 23.3922996520996 23.9116764068604 24.5260467529297 25.4262428283691 24.5604972839355 25.1881637573242
20.4303798675537 21.1156959533691 22.3035469055176 19.3428497314453 18.8832015991211 19.767541885376 19.583911895752 20.6752300262451 21.0320606231689 21.6163597106934 25.9144859313965 27.5020503997803 28.6758804321289 28.6995105743408 29.1704254150391 22.3034038543701 25.4642429351807 22.5241928100586 22.7978401184082 25.2975692749023 25.2674217224121 29.4752941131592 25.8720722198486 26.7273082733154 26.4344024658203 25.5349254608154 27.4704704284668 27.5386848449707 28.0036430358887 28.0407752990723 27.789737701416 26.1402320861816 24.4579524993896 24.9497699737549 25.5892715454102 29.7852344512939 29.7299842834473 26.5277347564697 25.3615093231201 25.1880550384521 25.1595020294189 24.1287040710449 25.3036403656006 23.8946189880371 24.8772354125977 25.5203037261963
23.8278617858887 20.5954284667969 23.581937789917 18.5063991546631 18.6491718292236 20.0079345703125 20.2370777130127 21.003625869751 21.7141284942627 22.2271842956543 22.224063873291 22.431568145752 27.0656223297119 27.7341384887695 28.3379192352295 22.2470302581787 24.7015724182129 24.5890674591064 21.4170112609863 25.1415863037109 22.6690559387207 28.3748054504395 25.9668750762939 27.4796123504639 25.8749237060547 26.8471126556396 25.8300552368164 25.4285049438477 28.4314517974854 28.1054000854492 27.4779148101807 26.939136505127 26.5966968536377 24.7974834442139 25.6190376281738 28.0298728942871 29.3613624572754 27.4667110443115 26.343994140625 26.8417510986328 25.3879871368408 24.2648792266846 24.3337860107422 23.45774269104 24.9138450622559 25.7117252349854
19.2647533416748 17.862133026123 18.38698387146 17.4445476531982 17.4335956573486 19.1696147918701 20.0824565887451 21.2604579925537 21.6438026428223 21.9129447937012 22.1168346405029 21.7608642578125 21.6690711975098 21.2202377319336 21.700870513916 24.8479881286621 22.5853729248047 25.3592357635498 22.2019538879395 24.576509475708 24.3813381195068 25.2318077087402 28.2880992889404 29.0157356262207 26.177453994751 26.335729598999 27.0189018249512 25.1891555786133 25.5478782653809 28.9579849243164 27.3841762542725 26.6857795715332 26.0768394470215 24.411413192749 24.2840995788574 25.926197052002 26.2935276031494 26.1185569763184 25.5177936553955 23.8244533538818 27.439868927002 23.7478656768799 23.4675540924072 23.1306896209717 23.1525287628174 24.4467754364014
17.5968246459961 23.2637844085693 24.0667247772217 17.6677112579346 17.6200981140137 18.5490646362305 19.3764533996582 20.2911643981934 20.8250617980957 21.1678924560547 21.5094051361084 21.3184852600098 21.3396053314209 21.773832321167 22.1451110839844 22.5326442718506 25.1935634613037 25.5912322998047 25.4719944000244 25.9431037902832 24.4119052886963 25.5292930603027 27.0652713775635 29.1285572052002 26.9524517059326 27.7306308746338 27.6805076599121 27.5961647033691 27.3715953826904 29.3637275695801 28.2480659484863 27.6709690093994 27.7337493896484 28.0282764434814 25.10791015625 24.1591873168945 25.3323459625244 22.7654438018799 24.274621963501 24.5662136077881 24.6488018035889 23.625659942627 28.1077327728271 24.5863094329834 23.1768341064453 22.9482746124268
18.4832496643066 17.6163425445557 23.4865684509277 18.2929401397705 18.4379425048828 19.4251537322998 19.3096027374268 20.1084537506104 21.2463111877441 21.7631607055664 22.0747318267822 22.1787967681885 22.2165451049805 25.8987693786621 25.9085750579834 22.8740863800049 22.6299877166748 22.7589130401611 22.768835067749 25.5581321716309 25.0591163635254 25.2398586273193 22.722240447998 23.8714351654053 24.6921443939209 26.4609794616699 25.8153610229492 26.893741607666 28.898983001709 26.4156055450439 26.2827377319336 25.3406677246094 25.6853199005127 26.5379085540771 24.9147548675537 24.5153617858887 22.4929122924805 21.7065010070801 21.9058208465576 20.8260536193848 26.5863761901855 25.1359081268311 26.2944202423096 25.9113941192627 27.8940868377686 23.6585941314697
19.5630130767822 18.5211734771729 18.0277423858643 18.5898342132568 19.17360496521 20.122465133667 20.1792221069336 20.5102920532227 20.7858924865723 21.4371128082275 21.4752521514893 24.2111797332764 25.156774520874 22.3365478515625 26.6444053649902 26.0135650634766 26.4759521484375 23.0672416687012 25.8408737182617 25.6216773986816 25.641716003418 24.6851081848145 23.6153907775879 25.637113571167 27.4590797424316 27.6477870941162 25.7288551330566 26.2228622436523 25.3684368133545 27.2405376434326 27.4685974121094 26.0662994384766 27.3482799530029 25.1942520141602 27.7023525238037 24.70876121521 28.3067855834961 24.6140918731689 24.9447288513184 23.3928279876709 24.5260639190674 25.0394134521484 24.3357830047607 24.6196098327637 25.4759616851807 26.4677295684814
19.1542205810547 18.5918273925781 18.1924381256104 19.5166244506836 20.1874561309814 20.7423000335693 21.4301433563232 21.7717742919922 21.7395343780518 22.0824375152588 21.9531555175781 24.110164642334 24.807243347168 26.3461456298828 26.5214405059814 26.0087947845459 26.3963661193848 26.7790679931641 26.2041835784912 23.0439167022705 25.5893249511719 24.6974182128906 25.446496963501 25.4825973510742 26.7338676452637 27.479040145874 27.7296466827393 28.2796401977539 25.5840911865234 26.0631141662598 23.270565032959 25.561014175415 26.9027423858643 28.7495536804199 27.7255191802979 21.8124408721924 24.3789672851562 25.2317848205566 23.7135829925537 24.6877174377441 26.629430770874 25.8212184906006 25.1765365600586 25.5657520294189 25.1140918731689 24.9621162414551
19.1425304412842 18.3171577453613 17.6334991455078 19.0657253265381 20.3820343017578 20.8638496398926 20.1852760314941 21.5850715637207 21.2215709686279 20.5719451904297 21.8355407714844 21.5077648162842 21.8316993713379 24.6895160675049 22.336145401001 25.670482635498 25.7869472503662 25.7758197784424 26.3371601104736 24.3459491729736 25.2161808013916 25.6753921508789 25.2226810455322 22.8767242431641 25.3551788330078 27.5045051574707 26.5192565917969 25.6894721984863 25.8918380737305 26.052698135376 23.1324939727783 21.1736831665039 22.0678863525391 25.0838737487793 21.1986637115479 20.9587440490723 25.2982521057129 24.6689128875732 25.4617462158203 24.1850166320801 26.4234790802002 27.6206741333008 23.9744644165039 24.2535190582275 25.1554145812988 25.7658557891846
19.5539207458496 18.4586448669434 18.5385837554932 19.1244983673096 20.034330368042 20.4975547790527 21.0096988677979 21.0491809844971 19.7507820129395 19.3038501739502 21.2116641998291 19.8119010925293 20.3174171447754 20.603723526001 24.340202331543 25.2046966552734 22.5371932983398 25.7884788513184 23.1625156402588 26.6123485565186 26.1794815063477 26.4667549133301 25.9324951171875 25.5933895111084 24.752384185791 25.9508476257324 26.7666454315186 25.7425079345703 25.1028213500977 26.7211780548096 24.8756046295166 22.3507499694824 25.4761447906494 24.4917736053467 18.9116287231445 23.4636783599854 24.5548515319824 25.0112438201904 25.3353958129883 27.0181121826172 24.9262275695801 27.2945766448975 25.0209350585938 25.2229614257812 24.702278137207 24.5667591094971
19.5614948272705 19.2152690887451 18.913402557373 19.0752372741699 19.7837142944336 20.5108737945557 20.4550685882568 20.2117042541504 19.5400829315186 20.5787181854248 20.7831363677979 19.5190467834473 19.8244819641113 20.0328311920166 21.3609771728516 21.7342624664307 25.4701232910156 22.6280975341797 25.9450988769531 26.2055625915527 25.9990539550781 26.3235759735107 24.5356578826904 26.0209045410156 25.2634658813477 25.3270092010498 25.0538520812988 26.1729125976562 24.4024887084961 24.3286876678467 26.0098705291748 25.714786529541 22.2273445129395 24.1431121826172 24.8187274932861 25.6742076873779 22.6011447906494 25.0694408416748 27.430513381958 24.7593860626221 25.7421245574951 24.8449420928955 25.2892265319824 27.1089763641357 26.600170135498 24.2760162353516
18.9402294158936 18.8406276702881 18.3509387969971 18.7725315093994 19.3570709228516 19.2083492279053 19.9108333587646 20.3527603149414 20.742504119873 20.7898292541504 20.7846088409424 21.0302181243896 24.3137054443359 25.0504550933838 24.8989067077637 21.6325054168701 22.3535041809082 26.1530876159668 23.4964332580566 25.6261672973633 25.9397621154785 26.5177230834961 26.590633392334 25.8840217590332 26.0628108978271 24.9780101776123 25.3984642028809 25.2721519470215 24.4318828582764 26.3567962646484 26.6955051422119 27.5144577026367 23.8930854797363 24.7725715637207 24.6641712188721 20.4600772857666 23.4034538269043 26.1446208953857 28.0502090454102 22.7569255828857 25.1545734405518 25.3386917114258 24.6400737762451 23.4374523162842 24.9455833435059 25.662410736084
