inst/extdata/Tmax/Tmax48.asc
NCOLS 100 
NROWS 79 
XLLCORNER 148.06 
YLLCORNER -21.49 
CELLSIZE 0.01 
NODATA_value -3.4e+38 
[rows 40 to 59 of 79, columns 46 to 91 of 100]
23.8720092773438 25.4227390289307 25.1195030212402 26.026439666748 28.3378791809082 28.2965927124023 28.0914211273193 25.8290767669678 25.487232208252 26.11279296875 27.6923351287842 29.6926155090332 30.1580390930176 29.6264095306396 28.8247146606445 30.5660533905029 31.4647769927979 30.8978691101074 31.9211826324463 31.8596630096436 31.18092918396 31.7897129058838 29.6005058288574 28.3996658325195 29.8132152557373 30.7134742736816 31.2207164764404 30.3858184814453 30.1655750274658 30.2907409667969 29.883430480957 30.9589862823486 29.6921253204346 26.7709903717041 28.3891010284424 32.7215995788574 31.039758682251 29.4486789703369 27.2515525817871 26.562349319458 26.0117015838623 28.8207035064697 29.1624794006348 28.5216484069824 29.8277931213379 27.0270023345947
25.3710689544678 25.6222648620605 26.9924507141113 28.3188228607178 29.0413360595703 28.5464935302734 27.882438659668 27.6398010253906 29.0040130615234 29.2432479858398 31.8986530303955 30.6909694671631 30.4457950592041 30.111701965332 29.5088405609131 31.4514446258545 31.5471153259277 31.3372497558594 32.3614540100098 32.6114692687988 30.4814796447754 30.8246879577637 27.0335483551025 32.802547454834 33.9532432556152 29.4939994812012 31.4193935394287 30.398286819458 30.5655364990234 29.7018280029297 30.2684574127197 30.7849941253662 30.5985164642334 29.6454105377197 30.0362300872803 32.0199127197266 30.2581882476807 29.6595344543457 29.345832824707 29.0090789794922 28.5482559204102 28.0422515869141 29.3881301879883 29.0093059539795 28.9564723968506 28.3882732391357
27.0115051269531 28.0117301940918 27.9125328063965 29.8845596313477 34.9409790039062 32.3998374938965 29.8902816772461 29.1232852935791 30.2333641052246 31.8817462921143 31.9856662750244 31.5390605926514 31.7986812591553 31.3272342681885 33.0380516052246 31.5554618835449 31.3792266845703 31.0128936767578 31.4089202880859 32.1029090881348 31.1364192962646 30.5882663726807 30.2383193969727 34.3073348999023 27.6461811065674 34.3148155212402 33.5307502746582 29.3383235931396 28.660795211792 31.218864440918 30.8758106231689 31.1700000762939 30.415060043335 29.737735748291 30.090950012207 28.8610992431641 28.98410987854 28.3917236328125 28.409366607666 28.8282489776611 29.9570732116699 30.0246391296387 30.3487949371338 28.9941349029541 30.9809131622314 30.8936748504639
30.5635776519775 31.3074913024902 31.4366035461426 31.553783416748 32.2631187438965 31.7383918762207 31.3686828613281 30.9444465637207 31.2498378753662 31.6070137023926 32.2625465393066 32.2533226013184 32.4260177612305 32.3014297485352 31.7571334838867 31.2826709747314 30.909631729126 31.0836410522461 31.7673778533936 29.3386039733887 31.5626010894775 31.5562400817871 31.3281230926514 30.6435565948486 30.0529556274414 31.7778949737549 30.9761352539062 30.4620094299316 31.0570240020752 32.7456512451172 32.0865631103516 32.5005073547363 30.2598533630371 29.6249084472656 29.4327163696289 31.9264659881592 31.3516178131104 29.3832244873047 30.3044128417969 31.3396911621094 31.9168148040771 31.0369434356689 29.4417781829834 33.6493453979492 31.1762313842773 29.1266269683838
30.3979587554932 30.5740089416504 30.5458164215088 30.8790187835693 32.4239730834961 33.0573616027832 32.4271926879883 31.57373046875 31.9233722686768 31.5702934265137 31.2465343475342 31.1919918060303 30.7569675445557 30.5887565612793 30.400577545166 30.9586353302002 29.3032093048096 30.1289882659912 31.1368579864502 31.4716300964355 32.3963584899902 32.9972114562988 32.6997528076172 31.7175960540771 29.554594039917 29.9798030853271 30.3490962982178 30.8032054901123 32.9932250976562 33.2980461120605 31.9098567962646 30.625129699707 29.5266551971436 30.1904754638672 29.8144931793213 31.8111114501953 30.4702758789062 29.2713432312012 30.5020542144775 28.9662818908691 29.5633201599121 31.0997066497803 31.4882526397705 31.4155330657959 34.265438079834 31.1277713775635
26.3359413146973 27.8948249816895 29.4798431396484 27.8011245727539 29.4786930084229 30.1562595367432 29.9614925384521 30.2481651306152 30.5230236053467 30.6058254241943 27.5124912261963 27.6707859039307 27.8260498046875 25.8659439086914 26.9077587127686 27.9331512451172 30.2778854370117 30.4551200866699 30.3689079284668 30.4570579528809 32.2138862609863 31.9730167388916 31.2831134796143 31.2161083221436 31.2872180938721 31.7402305603027 31.6889572143555 31.6221904754639 31.2186145782471 31.379955291748 30.9960193634033 32.1089096069336 32.9333648681641 33.3720512390137 31.3152408599854 31.0175170898438 30.4733581542969 30.2795658111572 30.217098236084 29.9012012481689 29.7110996246338 30.7440395355225 30.8803901672363 29.5408248901367 31.8199348449707 34.1405563354492
24.1494636535645 25.7791614532471 25.3431396484375 25.090295791626 26.3372802734375 26.7804069519043 26.9341125488281 27.5229053497314 28.1035308837891 27.2641143798828 26.8100643157959 26.0974998474121 26.478084564209 26.314245223999 26.6569786071777 27.9674072265625 30.6593017578125 30.4007034301758 29.7191333770752 31.5836811065674 32.0047607421875 32.385856628418 31.4315242767334 30.6947498321533 33.2907676696777 33.4318809509277 32.445629119873 31.6866588592529 30.7185840606689 30.595027923584 31.7671909332275 31.5540046691895 30.9588031768799 31.2458610534668 31.4894313812256 34.0694122314453 30.8339653015137 30.9846630096436 29.8630790710449 29.6957035064697 29.637674331665 32.2463417053223 30.2370319366455 33.0689239501953 31.6437015533447 31.0621280670166
24.5398998260498 24.4456253051758 24.2822856903076 24.3768920898438 24.216251373291 24.7273120880127 25.9472274780273 27.0249366760254 27.2935829162598 27.0567188262939 27.6969509124756 27.0491828918457 27.0386447906494 28.5330104827881 29.2758407592773 30.7753047943115 31.395715713501 31.2774982452393 31.3763294219971 32.7258758544922 35.4039115905762 33.0887870788574 30.9697036743164 31.9662227630615 33.1574363708496 32.7306175231934 32.0422325134277 34.9279327392578 32.0378036499023 32.257251739502 32.2462539672852 29.6603622436523 29.4793243408203 29.7751178741455 29.5184993743896 29.4844665527344 30.8588161468506 29.8296337127686 28.8945789337158 32.6143798828125 32.3293190002441 34.259105682373 30.8026657104492 32.8788528442383 32.5803337097168 32.4780235290527
24.2562980651855 26.2539196014404 24.612325668335 24.177698135376 24.0547256469727 24.0184783935547 24.305046081543 26.6113872528076 27.3832206726074 27.5320453643799 27.3965797424316 27.4498462677002 32.7481155395508 33.8449096679688 34.3132743835449 30.6481742858887 32.4918479919434 28.8123874664307 34.4141387939453 34.2829742431641 33.9517059326172 34.1788864135742 33.5238265991211 33.0499267578125 32.7104873657227 30.7677612304688 31.9213333129883 33.027416229248 35.1382942199707 34.3755264282227 34.0788955688477 34.7917518615723 33.8510780334473 29.8462982177734 30.7766189575195 35.1388206481934 34.2741317749023 31.2267608642578 31.0027313232422 30.7826251983643 28.828742980957 29.325439453125 29.9163761138916 30.7934761047363 29.8940181732178 30.4886665344238
26.1750164031982 26.8689250946045 28.0489330291748 25.0436878204346 24.6234931945801 25.5713367462158 25.3835372924805 26.5450649261475 26.9120750427246 27.4903984069824 31.7641925811768 33.3570785522461 34.5260162353516 34.5336761474609 34.9919624328613 28.1055603027344 31.2542018890381 28.3066558837891 28.5771236419678 31.0729236602783 31.0295791625977 35.2213478088379 31.609920501709 32.450325012207 32.141658782959 31.225471496582 33.1440086364746 33.1904716491699 33.6418075561523 33.6656684875488 33.3980560302734 31.7295112609863 30.0307636260986 30.5014457702637 31.12424659729 35.3117027282715 35.2422676086426 32.0255088806152 30.8475036621094 30.6608276367188 30.6092281341553 29.5563716888428 30.7080249786377 29.2722587585449 30.2251033782959 30.8389148712158
29.5749454498291 26.3193950653076 29.3195247650146 24.2031402587891 24.4019012451172 25.8443126678467 26.0855293273926 26.8752040863037 27.608528137207 28.1263198852539 28.1080150604248 28.3043575286865 32.9251594543457 33.5787620544434 34.1660919189453 28.0576210021973 30.498966217041 30.3606414794922 27.1596584320068 30.9093704223633 28.4166164398193 34.1210250854492 31.708215713501 33.2067184448242 31.5876121520996 32.5433616638184 31.5077495574951 31.082836151123 34.0752105712891 33.7372627258301 33.0889129638672 32.5295104980469 32.1726531982422 30.3580417633057 31.1661128997803 33.5655975341797 34.8832359313965 32.9742164611816 31.8378658294678 32.323429107666 30.8526344299316 29.704418182373 29.7468948364258 28.8437690734863 30.2722606658936 31.0395545959473
24.9600925445557 23.5451812744141 24.1038761138916 23.080717086792 23.0779590606689 24.9978199005127 25.9534454345703 27.1554145812988 27.5413703918457 27.8084697723389 27.9995307922363 27.6278419494629 27.5113868713379 27.0469932556152 27.523530960083 30.6606922149658 28.3954105377197 31.1506481170654 27.9700355529785 30.3299579620361 30.1131134033203 30.9755229949951 34.0298843383789 34.7475242614746 31.8933944702148 32.0364646911621 32.6914825439453 30.8337917327881 31.1973896026611 34.5968551635742 32.9982795715332 32.2749328613281 31.6595058441162 29.9810848236084 29.8403720855713 31.4674301147461 31.8206825256348 31.6320686340332 31.0185432434082 29.3108139038086 32.9093627929688 29.194974899292 28.8890190124512 28.5252494812012 28.5197734832764 29.7847347259521
23.2452659606934 28.8858032226562 29.7365493774414 23.3141345977783 23.2673873901367 24.2927627563477 25.1986923217773 26.1478157043457 26.69753074646 27.0455017089844 27.3692531585693 27.1593589782715 27.1686153411865 27.6013603210449 27.9891147613525 28.3654098510742 31.0176029205322 31.3949756622314 31.2562026977539 31.704683303833 30.1484813690186 31.2742614746094 32.8101921081543 34.8643569946289 32.6699676513672 33.4358749389648 33.3562774658203 33.2253150939941 33.0189056396484 35.0085945129395 33.8682518005371 33.2681922912598 33.3230819702148 33.6010704040527 30.6640453338623 29.70241355896 30.8633594512939 28.2806510925293 29.7714233398438 30.0466766357422 30.1146354675293 29.0729198455811 33.5364456176758 29.9890098571777 28.5524196624756 28.2962303161621
24.2607975006104 23.2631511688232 29.1378002166748 23.9815330505371 24.1578845977783 25.2378025054932 25.1157779693604 25.9617977142334 27.1358280181885 27.6556186676025 27.9694480895996 28.0626087188721 28.0905265808105 31.7666168212891 31.7684001922607 28.7200660705566 28.4574642181396 28.5728282928467 28.5649757385254 31.3290023803711 30.8063831329346 30.972448348999 28.4585151672363 29.6001243591309 30.4022789001465 32.1711883544922 31.5060138702393 32.5461845397949 34.5551719665527 32.0664100646973 31.9103603363037 30.9470615386963 31.2741794586182 32.1011657714844 30.4700794219971 30.0549259185791 28.0175323486328 27.20241355896 27.3892230987549 26.2358913421631 32.0417976379395 30.5829734802246 31.729133605957 31.3220157623291 33.2780265808105 29.0149822235107
25.4148273468018 24.2527122497559 23.6874332427979 24.3314971923828 24.9704704284668 25.9725093841553 26.022253036499 26.3748455047607 26.6842575073242 27.3431091308594 27.3684234619141 30.089563369751 31.0389270782471 28.2105159759521 32.5072937011719 31.8596820831299 32.3141136169434 28.8941917419434 31.6501808166504 31.4048900604248 31.4023704528809 30.4268817901611 29.3464317321777 31.3529052734375 33.1583290100098 33.3569068908691 31.4291687011719 31.8968467712402 31.0165023803711 32.8930015563965 33.0896186828613 31.6453533172607 32.933723449707 30.7709712982178 33.2743492126465 30.2651214599609 33.8456878662109 30.1358242034912 30.4430828094482 28.8292255401611 29.9817867279053 30.4910106658936 29.7744941711426 30.0369682312012 30.868257522583 31.8327255249023
25.0101070404053 24.3418979644775 23.8661632537842 25.3230094909668 26.0704860687256 26.645486831665 27.3682193756104 27.7081470489502 27.6718006134033 28.0047798156738 27.8504772186279 29.9898281097412 30.6984539031982 32.2256851196289 32.3852310180664 31.8596668243408 32.2356986999512 32.6015777587891 32.0316429138184 28.8452816009521 31.3635387420654 30.449951171875 31.1823863983154 31.1967353820801 32.4330062866211 33.1866569519043 33.4351348876953 33.9661674499512 31.2498397827148 31.7256546020508 28.8925228118896 31.1303081512451 32.4749450683594 34.3295440673828 33.2907791137695 27.3489990234375 29.9017295837402 30.7564945220947 29.2263641357422 30.1830501556396 32.1101303100586 31.2854881286621 30.6238632202148 30.9883041381836 30.5137386322021 30.3361415863037
24.9841365814209 24.0377025604248 23.2870750427246 24.8488445281982 26.2732467651367 26.7695121765137 26.0322608947754 27.512866973877 27.1309871673584 26.4317073822021 27.7375431060791 27.4052257537842 27.7147483825684 30.559684753418 28.1910610198975 31.5193824768066 31.6254234313965 31.6029968261719 32.1684532165527 30.1658248901367 31.0117874145508 31.4426250457764 30.9673728942871 28.602746963501 31.056468963623 33.2089424133301 32.2261734008789 31.3816623687744 31.576286315918 31.7246265411377 28.7694110870361 26.7311782836914 27.6339111328125 30.6177425384521 26.7293281555176 26.4514923095703 30.8064937591553 30.1954307556152 30.9762687683105 29.6856594085693 31.9086780548096 33.0867691040039 29.418966293335 29.6808605194092 30.5599269866943 31.1460571289062
25.392126083374 24.2006244659424 24.2773113250732 24.9091358184814 25.8970355987549 26.3832225799561 26.9139575958252 26.9552612304688 25.5449657440186 25.0776958465576 27.0838928222656 25.6035766601562 26.120964050293 26.4208068847656 30.1818180084229 31.053503036499 28.376974105835 31.6217517852783 28.994291305542 32.4333152770996 31.9866161346436 32.2479400634766 31.6845874786377 31.332691192627 30.4712600708008 31.6639213562012 32.4643402099609 31.4185371398926 30.7852191925049 32.3948631286621 30.523624420166 27.9560451507568 31.0135612487793 29.8962135314941 24.3136444091797 28.9545993804932 30.0782451629639 30.5394535064697 30.8514213562012 32.516056060791 30.4082431793213 32.7530555725098 30.4517192840576 30.6532096862793 30.0908336639404 29.9346733093262
25.3951511383057 24.9970302581787 24.6609535217285 24.8464965820312 25.6062889099121 26.3932361602783 26.3369121551514 26.0461959838867 25.3208980560303 26.4155044555664 26.6405220031738 25.2905731201172 25.6071643829346 25.8309268951416 27.2001819610596 27.5787944793701 31.3128700256348 28.47438621521 31.7929039001465 32.0297317504883 31.801643371582 32.122631072998 30.3081398010254 31.7700424194336 30.9905338287354 31.0388774871826 30.7537937164307 31.8531360626221 30.0794639587402 30.0026512145996 31.6688251495361 31.3372211456299 27.8075065612793 29.646463394165 30.2750415802002 31.1688842773438 28.1269588470459 30.5983257293701 32.9454040527344 30.2429294586182 31.2182998657227 30.3109378814697 30.7313747406006 32.5305519104004 31.9778499603271 29.6443462371826
24.733736038208 24.5984287261963 24.0414447784424 24.4931221008301 25.1508846282959 25.0073299407959 25.7373561859131 26.1946182250977 26.5940170288086 26.6353015899658 26.6409301757812 26.8859386444092 30.1934127807617 30.9192905426025 30.7595748901367 27.4539318084717 28.2067337036133 32.0070648193359 29.3433685302734 31.4446887969971 31.7474174499512 32.3178443908691 32.379150390625 31.6542720794678 31.8053894042969 30.7021827697754 31.0916728973389 30.9556846618652 30.11501121521 32.0268821716309 32.355110168457 33.1588897705078 29.4997615814209 30.3390369415283 30.1831245422363 25.9542789459229 28.9220371246338 31.6734428405762 33.5467758178711 28.221565246582 30.6319694519043 30.8083629608154 30.0847187042236 28.8175830841064 30.3196468353271 31.0421237945557
