inst/extdata/Tmax/Tmax61.asc
NCOLS 100 
NROWS 79 
XLLCORNER 148.06 
YLLCORNER -21.49 
CELLSIZE 0.01 
NODATA_value -3.4e+38 
[rows 20 to 39 of 79, columns 0 to 45 of 100]
33.966812133789098 34.0129241943359 34.0152435302734 33.9841232299805 34.0070648193359 34.1308784484863 34.0555725097656 33.9854698181152 33.9213714599609 33.8280296325684 33.6440200805664 33.2288703918457 32.754524230957 32.0667724609375 30.647632598877 30.186450958252 30.1137523651123 31.1761741638184 32.300106048584 32.7607269287109 32.777458190918 32.7957611083984 33.151180267334 33.1773490905762 33.0150337219238 32.711612701416 32.0688972473145 31.086820602417 31.6573333740234 31.7247543334961 32.363826751709 32.3800811767578 32.5258331298828 32.4855270385742 32.4382781982422 32.1759796142578 31.7617740631104 31.7599086761475 31.2587070465088 31.5238342285156 31.2870998382568 30.5169105529785 30.7561492919922 30.805549621582 30.928897857666 30.9556121826172
34.048526763916 34.119701385498 34.134635925293 34.1021003723145 34.1118278503418 34.1148300170898 33.982982635498 33.9074401855469 33.8875770568848 33.824779510498 33.699405670166 33.5245399475098 33.2849349975586 32.2862434387207 30.6711807250977 30.3246974945068 30.5883960723877 31.4785957336426 32.0211334228516 32.4214782714844 32.555061340332 32.4669380187988 33.028636932373 33.1719017028809 32.9659042358398 32.9797286987305 32.9468040466309 32.1390113830566 31.9703388214111 32.5193748474121 32.6413154602051 32.5284271240234 32.1753273010254 31.5307483673096 31.546178817749 31.5171699523926 31.996732711792 31.2464923858643 30.8185214996338 31.1452198028564 30.7287158966064 30.8154468536377 30.5187225341797 29.5453109741211 29.8852424621582 30.6025047302246
34.1192932128906 34.1760101318359 34.1876449584961 34.1769943237305 34.1636810302734 34.1320381164551 33.9575729370117 33.8340950012207 33.7829856872559 33.7544212341309 33.638355255127 33.5727691650391 33.3933372497559 32.7479591369629 31.5511703491211 30.6487922668457 29.9538383483887 30.4945220947266 31.1137599945068 31.9845371246338 32.1046028137207 32.239501953125 32.9256324768066 32.6969375610352 32.2546310424805 32.6424827575684 32.7177047729492 32.8022842407227 32.4990844726562 32.5367202758789 32.2514114379883 32.0526657104492 31.4437580108643 31.0855941772461 30.8338890075684 31.0601711273193 30.9871520996094 30.3851280212402 30.3492412567139 30.2573928833008 29.9223384857178 29.1148204803467 29.9514427185059 29.6366863250732 28.5790786743164 30.0927448272705
34.1132888793945 34.152946472168 34.1747207641602 34.1706848144531 34.1338005065918 34.1281471252441 34.0591163635254 33.7587432861328 33.6523818969727 33.6775665283203 33.4935607910156 33.3043594360352 33.4151725769043 33.0181732177734 32.1783142089844 31.3327369689941 30.439998626709 30.122501373291 30.7782649993896 31.1175880432129 31.7028579711914 32.7779273986816 32.5111312866211 31.8579082489014 32.0146636962891 32.1690063476562 31.8384208679199 32.8476829528809 32.8696556091309 32.7184524536133 32.4724960327148 31.3112964630127 30.9551658630371 31.1668395996094 31.5202560424805 31.0257129669189 30.0456943511963 29.4599666595459 30.230583190918 29.6815624237061 28.9016170501709 27.3748970031738 28.2632160186768 29.5286598205566 27.5928764343262 29.0108737945557
34.0661506652832 34.1338882446289 34.1688346862793 34.1396636962891 34.1037521362305 34.109073638916 34.1167869567871 33.9386672973633 33.7596130371094 33.585376739502 33.4808044433594 33.4468650817871 33.2673683166504 32.9100608825684 32.0991477966309 31.3530960083008 30.548770904541 30.1512565612793 30.3708972930908 30.3704872131348 31.6704254150391 32.5667266845703 31.3852481842041 30.80246925354 31.6776695251465 31.6516780853271 31.8481864929199 32.636531829834 32.8895149230957 32.4824333190918 32.4190139770508 32.1721649169922 32.1376953125 32.1938705444336 31.8431816101074 31.5123825073242 31.0824317932129 29.8895168304443 29.6458206176758 29.3649444580078 27.5164451599121 26.8933277130127 27.3704032897949 29.3371620178223 27.2220363616943 27.6115856170654
34.028076171875 34.0563621520996 34.0708045959473 34.0485572814941 34.0631065368652 34.0748710632324 34.1087608337402 34.0662384033203 33.9133605957031 33.664680480957 33.4661636352539 33.3298072814941 33.1753425598145 32.6956253051758 32.2184066772461 31.6223754882812 30.9605522155762 30.5948104858398 31.0834865570068 31.8383541107178 31.8228874206543 31.7236728668213 31.200382232666 29.8257293701172 30.378885269165 31.2115249633789 31.3724822998047 32.6845817565918 32.8760414123535 32.4906959533691 31.5570030212402 32.2062911987305 32.0600090026855 31.9213695526123 31.628511428833 31.285680770874 31.1557483673096 29.5748157501221 28.1976127624512 28.6307010650635 27.0819549560547 27.9790954589844 28.3590660095215 29.3410968780518 28.2477722167969 27.0879192352295
33.9222145080566 33.9575881958008 33.9680824279785 33.9827308654785 33.9814453125 33.985897064209 34.0852851867676 34.0906944274902 33.9533767700195 33.5226669311523 33.4144477844238 33.1416473388672 33.1395263671875 32.743465423584 31.94384765625 30.7946090698242 30.3865852355957 30.5992298126221 31.1117649078369 31.0122318267822 31.2161064147949 32.1812744140625 32.0251502990723 30.3964920043945 29.9565410614014 30.9631786346436 31.8211193084717 32.7567863464355 32.8392944335938 32.6047630310059 31.7141399383545 31.3063850402832 32.1304473876953 31.557991027832 31.0848388671875 30.1967678070068 29.8939609527588 30.0115432739258 28.871129989624 27.4684638977051 27.0295085906982 27.3715496063232 27.2655162811279 28.3882083892822 27.3722591400146 26.6687889099121
33.7764205932617 33.8054695129395 33.8421211242676 33.8969078063965 33.9237785339355 33.9875946044922 34.0906600952148 34.0891761779785 34.017635345459 33.8206176757812 33.5715141296387 33.3004112243652 33.1760864257812 32.9684638977051 31.9871082305908 30.7608947753906 30.4119472503662 30.3629837036133 30.5040512084961 30.4804706573486 31.7092113494873 32.3994789123535 31.8207263946533 30.8940620422363 30.2794876098633 30.530933380127 30.6608238220215 32.3450202941895 32.7142753601074 32.5848655700684 31.7343254089355 31.6437683105469 31.9510917663574 31.1574668884277 30.4118690490723 29.7967414855957 28.8168468475342 29.5846424102783 29.4051036834717 27.4356689453125 26.9547748565674 27.1601810455322 27.0672187805176 27.70823097229 27.064079284668 26.734037399292
33.2495574951172 33.2104263305664 33.4960289001465 33.8227729797363 33.963062286377 34.0503540039062 34.0932655334473 34.0823631286621 33.9511451721191 33.839900970459 33.6695899963379 33.1138305664062 33.2149276733398 33.0565757751465 32.5095176696777 31.2105731964111 30.4299774169922 29.8816223144531 30.2229976654053 31.1803321838379 31.7282276153564 32.119873046875 31.1861724853516 30.4022636413574 30.2022438049316 30.3609046936035 30.8282814025879 31.8003368377686 32.6057662963867 32.6673545837402 32.116340637207 31.8364219665527 31.3721599578857 30.2671051025391 29.0083694458008 28.5513210296631 28.204309463501 28.4240455627441 28.5896606445312 28.1538333892822 27.5794677734375 27.7178688049316 27.4209136962891 27.1797695159912 27.188663482666 27.1129398345947
32.3232727050781 33.2388534545898 33.5884971618652 33.3153610229492 33.9008369445801 34.0587615966797 34.0916328430176 34.0797004699707 33.8681907653809 33.7146949768066 33.7069549560547 33.4341316223145 33.1828918457031 33.0426712036133 32.7738609313965 32.2251586914062 31.6308460235596 30.1539421081543 30.5022506713867 30.5884914398193 30.7545642852783 31.7783870697021 31.3184871673584 30.4418048858643 30.217565536499 29.9888896942139 29.9559478759766 31.7466163635254 32.6400413513184 32.7173042297363 31.8461055755615 30.8050270080566 30.4675827026367 30.0846042633057 29.7933502197266 28.6973171234131 28.6287155151367 28.1792316436768 27.7243843078613 27.9995384216309 29.9477519989014 30.0335330963135 28.8152599334717 27.2524394989014 28.3876514434814 28.5011940002441
32.6366004943848 33.5649833679199 33.5967140197754 33.0377006530762 33.8537178039551 34.0465316772461 34.1051368713379 34.0878715515137 34.0282516479492 33.7914657592773 33.6802787780762 33.6151084899902 33.4283218383789 33.2092895507812 32.8985710144043 32.278247833252 31.393892288208 30.9136447906494 30.4175758361816 30.693790435791 30.7766456604004 31.2586250305176 30.5973892211914 30.4098892211914 30.078462600708 29.390287399292 29.697603225708 31.6237144470215 32.518856048584 32.5632286071777 32.5424690246582 32.3626518249512 31.1677398681641 30.1419467926025 30.0650749206543 29.53830909729 29.6889801025391 29.4777812957764 29.0163421630859 29.5416698455811 31.1322555541992 31.1925888061523 30.7355861663818 30.1195430755615 29.9868354797363 29.3453540802002
33.4335327148438 33.7202911376953 33.7897338867188 33.7893524169922 33.8793067932129 34.0340766906738 34.0729522705078 34.0689086914062 34.0215873718262 33.9467468261719 33.7562522888184 33.6982154846191 33.5952758789062 33.3793258666992 33.0968055725098 32.5813827514648 31.6772766113281 31.2239761352539 30.4666633605957 30.3459281921387 30.4197540283203 30.9006481170654 30.4937648773193 30.2119483947754 30.1413269042969 30.1701126098633 31.0361595153809 32.1806716918945 32.5764083862305 32.0326728820801 31.9382190704346 31.9498519897461 32.1681098937988 31.6307106018066 31.3340950012207 30.5095825195312 31.6163959503174 31.4515075683594 31.4153442382812 31.4260330200195 31.1761054992676 30.2097225189209 29.1860599517822 28.8290672302246 28.6778812408447 27.871431350708
33.1443977355957 33.9014472961426 33.9654502868652 33.9811553955078 33.9768257141113 33.9857292175293 33.9650230407715 34.0130386352539 34.0055503845215 33.9866561889648 33.9362716674805 33.8091735839844 33.6175804138184 33.4484329223633 33.2458381652832 32.9822731018066 32.4778480529785 31.7632083892822 30.9585609436035 30.1961193084717 30.2235774993896 30.7135448455811 30.5779933929443 30.2727222442627 30.1157474517822 30.2831707000732 31.8124771118164 32.5651588439941 32.6340103149414 32.4435882568359 31.9149780273438 31.2719898223877 32.0109825134277 32.1216163635254 32.1579055786133 31.5956439971924 32.029914855957 31.7121753692627 31.5662059783936 31.3851184844971 30.10426902771 28.5791568756104 27.1982593536377 27.5679187774658 27.4704093933105 26.3924903869629
32.9907531738281 33.6556777954102 33.4671440124512 33.3405265808105 33.4828414916992 33.8816566467285 33.890682220459 33.9144020080566 33.9291343688965 33.914623260498 33.8793067932129 33.8571166992188 33.7386894226074 33.5767440795898 33.413215637207 33.1750030517578 32.7181129455566 32.271858215332 31.9793148040771 31.3026580810547 30.2861194610596 30.5410976409912 30.2974452972412 30.3718395233154 30.2374935150146 30.204647064209 31.3335800170898 32.5097694396973 32.5913543701172 32.2494354248047 32.1003570556641 30.9687480926514 31.2754039764404 31.5396862030029 31.8519268035889 31.9772567749023 31.8261165618896 31.6404342651367 31.2244205474854 31.276819229126 30.927303314209 29.5951156616211 28.7221736907959 29.3080368041992 28.8287544250488 27.5888500213623
33.3429069519043 33.6380577087402 33.2135391235352 32.5120620727539 32.6259231567383 33.6246223449707 33.852165222168 33.8160858154297 33.8328170776367 33.8489074707031 33.7651748657227 33.818000793457 33.7657585144043 33.6491394042969 33.491039276123 33.2899436950684 32.9643516540527 32.2537422180176 31.8170433044434 31.3214473724365 30.5926456451416 30.5015354156494 30.3009147644043 30.0687408447266 30.0293846130371 30.4353733062744 31.6440334320068 32.469783782959 31.9333457946777 31.6941318511963 31.804744720459 31.4263648986816 31.0801601409912 30.7214775085449 30.4291038513184 30.9501113891602 30.7462463378906 31.0921115875244 31.0005588531494 30.779541015625 30.4925308227539 30.8317394256592 30.5616779327393 30.2151622772217 29.5657749176025 29.0454006195068
33.4798622131348 33.5845642089844 33.3828773498535 33.0555114746094 32.7358436584473 33.3206100463867 33.6481323242188 33.6731567382812 33.7229766845703 33.7861061096191 33.7741775512695 33.8252372741699 33.7604827880859 33.6977272033691 33.5350227355957 33.3047256469727 33.0542678833008 32.8235893249512 32.3968276977539 31.69775390625 31.2831363677979 31.0069885253906 30.4547367095947 29.7578525543213 29.9268951416016 30.1908702850342 31.7331123352051 32.2913093566895 30.2745800018311 29.832347869873 30.5196189880371 30.7568607330322 30.7041683197021 30.4665489196777 29.9381656646729 29.6565494537354 30.2293548583984 30.0503540039062 30.0098991394043 29.9505043029785 29.6593837738037 29.3299903869629 29.5954246520996 30.0988674163818 29.4171981811523 28.1938419342041
33.3329811096191 33.3681106567383 33.3966674804688 33.1070785522461 32.8116760253906 33.0117263793945 33.2491035461426 33.4585342407227 33.5765495300293 33.7076148986816 33.687686920166 33.6885528564453 33.7801666259766 33.7068099975586 33.578987121582 33.2892913818359 33.2683639526367 33.1049003601074 32.8375663757324 32.4251403808594 32.2654495239258 31.4139308929443 30.7664623260498 30.2539386749268 30.2461166381836 30.6571044921875 31.7638912200928 31.6529598236084 31.3315238952637 31.2137031555176 30.3783130645752 30.3083362579346 30.0976886749268 29.9368915557861 29.1479835510254 28.7002544403076 28.9310607910156 28.8657073974609 29.1150646209717 28.8902759552002 28.8705539703369 27.8676414489746 28.6337242126465 29.5540027618408 29.2898597717285 27.6978149414062
32.7507934570312 33.1026077270508 33.3257217407227 33.2150917053223 33.0034217834473 32.8656044006348 32.8555564880371 33.2534866333008 33.3745727539062 33.5616073608398 33.6502723693848 33.6526756286621 33.716609954834 33.7337417602539 33.5423164367676 33.4307556152344 33.3528442382812 33.228687286377 33.0557060241699 32.8366584777832 32.6132545471191 31.8442764282227 30.6041049957275 30.6961421966553 29.9429607391357 30.5683422088623 31.6048412322998 30.9953022003174 31.1957931518555 31.6959629058838 31.5644245147705 31.3915576934814 30.659688949585 30.1896915435791 28.4762992858887 27.0888710021973 27.1355075836182 27.0083351135254 26.9597702026367 27.4639434814453 27.6361217498779 27.8462772369385 28.0477619171143 28.9927577972412 28.829719543457 28.394006729126
32.8769493103027 32.9788131713867 33.1231384277344 33.0983200073242 33.0608673095703 32.7306213378906 32.5011177062988 32.2199325561523 32.9298095703125 33.467903137207 33.6123886108398 33.6625862121582 33.7468338012695 33.7427215576172 33.4144287109375 32.977596282959 33.0039825439453 33.0632438659668 33.1108779907227 32.9767417907715 32.8188285827637 32.3759269714355 31.166898727417 31.4946479797363 30.4462661743164 30.4355850219727 30.5969047546387 30.9375 29.7969436645508 30.5151596069336 30.1068058013916 30.2291774749756 31.5782432556152 31.1066837310791 30.0551166534424 27.6189727783203 26.6223907470703 26.6209716796875 25.8982944488525 26.3512783050537 27.0388355255127 27.0261001586914 27.1110363006592 28.5940952301025 28.1054859161377 27.5186958312988
32.9556770324707 32.8741264343262 32.9337692260742 32.7237854003906 32.9400596618652 32.8472480773926 32.6063804626465 32.3234748840332 32.533561706543 33.1938285827637 33.4622764587402 33.672290802002 33.7186241149902 33.681282043457 33.6163482666016 33.1777420043945 32.7656440734863 32.5478706359863 32.8390579223633 32.9716453552246 32.8164329528809 32.6591682434082 32.3033790588379 31.6705322265625 30.5007381439209 30.2633609771729 30.2126865386963 30.3082599639893 30.3594799041748 29.7762489318848 29.1481380462646 29.9925785064697 31.292947769165 30.4807090759277 30.7131595611572 30.1178798675537 29.6444034576416 29.4932460784912 28.4133930206299 27.1945877075195 27.97194480896 27.6234378814697 28.0422687530518 28.2382488250732 27.902006149292 27.3815422058105
