inst/extdata/Tmax/Tmax73.asc
NCOLS 100 
NROWS 79 
XLLCORNER 148.06 
YLLCORNER -21.49 
CELLSIZE 0.01 
NODATA_value -3.4e+38 
[rows 0 to 19 of 79, columns 0 to 45 of 100]
31.918128967285199 31.5878639221191 30.6715927124023 31.0011863708496 31.122184753418 31.5066947937012 31.6802463531494 31.8214530944824 31.7654895782471 31.5859889984131 31.1320629119873 30.9315948486328 30.8416156768799 29.6913452148438 30.1271209716797 30.4978523254395 30.8417053222656 30.7946300506592 30.0411396026611 29.4215526580811 29.2767429351807 28.4161510467529 28.797721862793 29.9427375793457 30.3823776245117 30.5877113342285 30.4654102325439 30.4894409179688 30.1946830749512 29.850606918335 29.0589828491211 27.3663558959961 28.5080718994141 28.419849395752 27.3288764953613 26.31103515625 26.2187252044678 25.8946189880371 26.5980262756348 28.3034267425537 29.7319793701172 30.006649017334 30.7173919677734 31.0539302825928 31.2354202270508 31.3763732910156
31.7499141693115 31.2482261657715 30.5142974853516 30.5910091400146 30.0428428649902 30.893138885498 31.42063331604 31.7096366882324 31.8142547607422 31.6863212585449 31.3523712158203 31.0518035888672 31.1416664123535 30.7382545471191 30.5712261199951 30.4513359069824 30.8200149536133 30.8299446105957 29.9055786132812 29.3467922210693 29.8149070739746 29.576717376709 29.4622764587402 29.8487300872803 30.2545318603516 30.4017543792725 30.6425800323486 30.5767784118652 30.3687782287598 30.1614456176758 29.3956909179688 28.1291427612305 29.1719169616699 28.7880172729492 28.1719818115234 27.2852249145508 26.8794689178467 27.2125473022461 28.2122230529785 29.2672729492188 30.6846008300781 31.1026134490967 31.2431888580322 31.2620639801025 31.3327770233154 31.3912200927734
31.7385711669922 30.9596500396729 31.05810546875 31.168342590332 30.7232151031494 30.8228149414062 31.2000217437744 31.7236366271973 31.8775234222412 31.7326622009277 31.4459209442139 31.3145351409912 31.2143402099609 31.1481037139893 30.8522300720215 30.69921875 30.8844242095947 31.007022857666 30.4632377624512 30.2736873626709 30.1244354248047 29.817497253418 29.5931301116943 29.6915969848633 30.4463310241699 30.6725158691406 30.5131149291992 30.4762401580811 30.4575843811035 30.1617259979248 30.195333480835 29.3028106689453 29.5072078704834 28.3815116882324 28.0946636199951 27.5028514862061 27.0253238677979 26.5745506286621 27.5287284851074 28.6558837890625 29.9710674285889 30.95627784729 31.2848930358887 31.3689594268799 31.3704891204834 31.3464069366455
31.9403991699219 31.5972576141357 31.2619895935059 31.8440856933594 31.3382968902588 30.9195156097412 31.2752056121826 31.8020095825195 31.9465522766113 31.8009738922119 31.6470489501953 31.6002407073975 31.4845600128174 31.3136672973633 30.8920269012451 30.7174282073975 31.0427093505859 31.0695686340332 30.8480262756348 30.4001312255859 30.0881118774414 29.732120513916 29.7918167114258 29.7450504302979 30.2711601257324 30.6536388397217 30.3099346160889 30.5369720458984 30.3529472351074 29.5863590240479 30.0783290863037 30.1355381011963 29.4458999633789 28.2965469360352 27.7632961273193 26.9465274810791 27.2009391784668 26.7309150695801 26.6213226318359 26.1925392150879 27.6427421569824 30.1924228668213 31.097484588623 31.3296279907227 31.1095867156982 31.0333480834961
32.4777526855469 31.9368801116943 31.6895523071289 32.0711631774902 31.8313179016113 31.196533203125 31.224422454834 31.8331298828125 31.9595546722412 31.5854091644287 31.5735855102539 31.7580089569092 31.6222743988037 31.3409862518311 30.9813632965088 31.1116790771484 31.1776847839355 30.9168224334717 30.470817565918 29.7708034515381 29.930347442627 30.0811061859131 30.1874580383301 30.3542423248291 30.3455028533936 30.0248985290527 30.6954383850098 30.3229637145996 30.1874332427979 29.7241630554199 30.0379581451416 29.865873336792 29.5708312988281 28.6593627929688 28.1761283874512 28.4524669647217 28.1654949188232 27.6534576416016 27.1460990905762 26.471040725708 26.1671485900879 29.3676452636719 30.8122272491455 31.2342796325684 30.6020603179932 29.9424438476562
32.6239738464355 32.3755645751953 31.6825332641602 32.090030670166 32.1445465087891 31.725757598877 31.4444179534912 31.8711585998535 32.0105514526367 31.7170257568359 31.5946979522705 31.8416519165039 31.6750774383545 31.3953914642334 30.7542171478271 31.2238960266113 31.1354637145996 30.6951446533203 30.1663646697998 29.7609519958496 29.8431549072266 30.0780830383301 30.3579597473145 30.3428936004639 30.6033344268799 30.4878940582275 30.5526103973389 29.8336944580078 29.8169174194336 28.8053169250488 29.4728450775146 29.9072036743164 29.9807109832764 29.6654529571533 29.3311157226562 29.260799407959 28.4909362792969 28.0326118469238 27.72292137146 26.9573726654053 26.5093688964844 28.9599609375 30.6979122161865 31.188138961792 30.7440032958984 28.8050842285156
32.8080139160156 32.5475006103516 32.1686630249023 32.3194847106934 32.2564582824707 31.8769683837891 31.2351589202881 31.7700672149658 31.9376258850098 32.0563278198242 31.9834403991699 31.8233375549316 31.3964252471924 31.4897022247314 31.4454193115234 31.2930431365967 31.0983753204346 30.5512218475342 30.3364849090576 30.0377922058105 29.4760704040527 29.6668453216553 30.1003170013428 30.4523086547852 30.7688827514648 30.6842441558838 30.6922702789307 30.1730442047119 29.8240375518799 28.6947250366211 28.691499710083 28.798210144043 29.6753349304199 29.8184013366699 29.3846454620361 29.2723064422607 28.7439117431641 27.4494342803955 27.6672382354736 27.24928855896 27.0992851257324 28.7820472717285 30.4928417205811 30.9638271331787 30.7789478302002 29.2192153930664
32.8072891235352 32.7016143798828 32.4140205383301 32.4284057617188 32.3746681213379 32.1019477844238 31.5203914642334 31.3839893341064 31.6773109436035 31.9978065490723 32.0886840820312 31.7953147888184 31.1259841918945 31.3290920257568 31.5375518798828 30.8583526611328 30.802188873291 30.0562725067139 29.9741840362549 29.7390403747559 29.0862560272217 29.537052154541 29.9421443939209 30.4592094421387 30.8933067321777 30.8909740447998 30.491626739502 30.0586013793945 29.8777656555176 29.1497783660889 27.8979587554932 28.1727085113525 28.4845714569092 29.0332412719727 29.382640838623 28.8132095336914 28.8778858184814 28.0505142211914 27.1059265136719 27.3700695037842 27.5631694793701 28.6423397064209 29.6433906555176 30.6390743255615 30.6163330078125 28.9034576416016
32.5718002319336 32.7808685302734 32.6118431091309 32.5505676269531 32.4078941345215 32.1526718139648 31.7889213562012 31.3159008026123 31.4767189025879 31.9709568023682 32.1105117797852 32.0488204956055 31.8307476043701 31.6696109771729 31.3026447296143 30.5494632720947 30.7300491333008 30.4777450561523 30.5980377197266 29.6981029510498 29.6897869110107 29.5411128997803 29.6292476654053 30.2668800354004 30.8142127990723 30.9740810394287 30.091682434082 29.2507839202881 29.3244609832764 29.2279624938965 28.6616363525391 28.1348152160645 27.7198123931885 28.1527442932129 28.9997310638428 28.4205894470215 28.1989231109619 28.1456718444824 27.2519207000732 26.9432067871094 27.1468238830566 27.2468776702881 28.12672996521 29.6784954071045 30.1533145904541 28.9767532348633
32.2859115600586 32.687068939209 32.7454299926758 32.5915260314941 32.3758697509766 32.2439918518066 32.0395240783691 31.5711193084717 31.2328357696533 31.892541885376 32.1108856201172 31.7095603942871 30.9928188323975 31.0467491149902 31.1366539001465 31.1000480651855 31.125415802002 30.9689483642578 30.7544212341309 30.4410095214844 30.115062713623 29.4978179931641 29.8104362487793 30.6006774902344 31.0186405181885 30.9071445465088 30.2277698516846 30.0657711029053 29.5731353759766 29.0769824981689 27.8837947845459 27.5176639556885 28.5314044952393 28.3911914825439 28.1882610321045 27.9601039886475 27.7538890838623 28.0237369537354 27.5055866241455 26.7962665557861 26.823450088501 26.2979507446289 27.1116619110107 28.2391700744629 28.5668106079102 27.9862995147705
31.9604759216309 32.2694931030273 32.7650871276855 32.650390625 32.5064926147461 32.4110946655273 32.2154922485352 31.8357334136963 31.807222366333 32.0243606567383 32.1514358520508 31.7720985412598 31.431339263916 30.6840972900391 30.8434047698975 31.1151885986328 31.2317714691162 31.4111652374268 30.9598731994629 30.7546558380127 30.3536415100098 29.9921779632568 30.0537796020508 30.5897560119629 30.9963493347168 30.8930187225342 30.2205715179443 29.4954204559326 28.5308685302734 28.5218925476074 28.1705379486084 28.1174163818359 28.9241504669189 28.6741771697998 27.8169040679932 27.5691223144531 28.0177459716797 27.7405490875244 27.3747386932373 26.8484210968018 26.8963088989258 26.6531543731689 26.3265361785889 27.0305309295654 27.464204788208 27.7857322692871
31.7929992675781 31.8572578430176 32.732250213623 32.7178039550781 32.6149597167969 32.4784965515137 32.3035163879395 31.9606857299805 31.9865570068359 32.2611122131348 32.195556640625 31.9968814849854 31.6233386993408 31.1253490447998 31.013240814209 31.3019351959229 31.6005115509033 31.5779342651367 31.3105850219727 30.847526550293 30.3419132232666 30.0143966674805 30.1627750396729 30.299596786499 30.5001602172852 30.8149318695068 29.8679637908936 29.0981464385986 28.5084838867188 28.7300701141357 28.7867984771729 28.7060451507568 29.0955181121826 28.5833015441895 28.3381843566895 28.2470302581787 27.8412685394287 27.2785892486572 27.7699661254883 27.9810199737549 27.5643081665039 27.140552520752 26.6428508758545 27.0688648223877 27.5936183929443 27.9993190765381
31.9548568725586 32.4535980224609 32.7258644104004 32.6711349487305 32.6690063476562 32.555606842041 32.411449432373 32.0286674499512 32.1023902893066 32.3949394226074 32.1877784729004 32.1128616333008 31.8889293670654 31.9475860595703 31.8389987945557 31.8076400756836 31.8116683959961 31.7206153869629 31.4886264801025 30.9649429321289 30.6876487731934 30.8412094116211 31.0856056213379 31.3005790710449 31.1460437774658 30.725004196167 30.522876739502 30.0467624664307 29.6862411499023 29.5007495880127 29.5532455444336 29.3535175323486 29.2531814575195 28.6975860595703 28.1555843353271 27.7207851409912 27.2099113464355 28.2539615631104 28.5186328887939 28.4602088928223 27.1870155334473 27.1195240020752 26.6575622558594 26.3966751098633 27.649694442749 28.2138137817383
32.3996315002441 32.6152153015137 32.6692771911621 32.5719413757324 32.5739479064941 32.6105270385742 32.5437812805176 32.410083770752 32.1940727233887 32.317497253418 32.2756233215332 32.199764251709 32.0615501403809 31.9490776062012 31.8318347930908 31.7436027526855 31.8785285949707 31.7804737091064 31.6287517547607 31.5064888000488 31.3946418762207 31.3519878387451 31.1418323516846 31.2446002960205 30.8045101165771 29.813383102417 29.7570037841797 29.3534622192383 28.8134174346924 29.5482788085938 29.8050022125244 29.7647171020508 29.0432453155518 28.7463779449463 28.6250152587891 28.5635528564453 28.5427055358887 28.2409725189209 28.8218688964844 29.1365032196045 28.6412353515625 28.21413230896 27.6075248718262 27.0894889831543 28.0980815887451 28.6044654846191
31.6243648529053 32.1991348266602 32.6352577209473 32.5508804321289 32.409912109375 32.499080657959 32.4489822387695 32.2695121765137 31.8448905944824 31.8808555603027 32.1973304748535 32.002872467041 31.4745616912842 31.6294212341309 31.7990379333496 31.247163772583 31.6676044464111 31.8366260528564 31.7746963500977 31.7133846282959 31.646297454834 31.2457370758057 30.6144065856934 30.9840202331543 30.8082084655762 30.5361480712891 30.4570007324219 30.125431060791 29.7676811218262 30.008602142334 29.9567852020264 29.7050495147705 29.2733993530273 29.4947376251221 29.4500370025635 28.5572357177734 29.0813636779785 28.2793312072754 28.5755081176758 29.2826766967773 29.2552623748779 29.0127925872803 28.3020496368408 27.5228099822998 28.1090888977051 28.8696117401123
30.7487525939941 31.7606296539307 32.5112915039062 32.6323623657227 32.5503692626953 32.5113372802734 32.3995552062988 32.2747650146484 32.051197052002 31.5360984802246 31.1338768005371 31.8560047149658 31.0281066894531 30.7167415618896 31.5623207092285 31.2026672363281 31.1785049438477 31.6250076293945 31.6413631439209 31.6308078765869 31.6285781860352 31.5981121063232 31.4523773193359 31.2128829956055 30.796106338501 30.416820526123 30.4255962371826 30.3605136871338 30.2958335876465 30.1114749908447 29.940450668335 29.5531330108643 29.2844295501709 29.8779697418213 29.7533302307129 29.491979598999 29.4987716674805 28.9598617553711 28.6274471282959 29.2516078948975 29.4242115020752 28.8368358612061 27.657808303833 26.6279430389404 27.0387001037598 28.6646995544434
31.7389888763428 31.5750102996826 32.1524772644043 32.3339805603027 32.5527229309082 32.508415222168 32.3815536499023 32.2271575927734 32.0663185119629 31.7730808258057 31.1352958679199 31.5403118133545 30.5131015777588 30.2688312530518 30.9888725280762 30.8413066864014 30.1805725097656 31.2289257049561 31.2135734558105 31.184928894043 31.422513961792 31.5703411102295 31.465145111084 31.0453662872314 30.2394599914551 29.6888980865479 29.3222236633301 29.6320610046387 30.1425457000732 29.5961322784424 29.3869323730469 28.683422088623 29.3368835449219 30.1119022369385 29.930814743042 29.7422981262207 29.7828483581543 29.3779335021973 29.0320606231689 29.2878723144531 29.4659461975098 28.4368705749512 27.5219650268555 27.8046531677246 28.1226902008057 28.6759262084961
31.8682994842529 32.2206153869629 32.2914886474609 32.2945175170898 32.4273796081543 32.4735946655273 32.4048461914062 32.3076438903809 32.1397285461426 31.6869487762451 31.2974853515625 30.9308319091797 30.5360889434814 30.185338973999 30.6734600067139 30.5308055877686 30.5514678955078 30.3763580322266 30.1297035217285 30.1060523986816 31.1911010742188 31.4451560974121 31.4155788421631 31.3042659759521 30.7361373901367 29.6556396484375 28.3607769012451 29.1185913085938 29.8567981719971 28.9752712249756 29.3166351318359 29.8503742218018 30.1129169464111 30.3563919067383 30.2663440704346 30.0739803314209 29.6334972381592 28.8700141906738 29.27858543396 29.4805603027344 29.7650985717773 29.4454135894775 29.3046245574951 29.2785358428955 29.2285099029541 28.7137393951416
32.1088104248047 32.0908241271973 31.9328765869141 32.0256614685059 32.4706192016602 32.3534698486328 32.3639259338379 32.3365211486816 32.2319679260254 31.8783531188965 30.8092555999756 30.8907470703125 30.4740562438965 29.4139842987061 30.0975074768066 29.8755950927734 29.7157955169678 29.0711822509766 29.8407020568848 30.1793956756592 31.1916198730469 31.2118911743164 31.3310642242432 31.4188251495361 30.6121158599854 29.6197242736816 28.559684753418 29.2714385986328 29.8253040313721 29.3672218322754 29.8109474182129 30.2135524749756 30.5544853210449 30.5506706237793 30.1402740478516 29.8950386047363 29.5644550323486 29.3148765563965 29.7841014862061 29.8545055389404 29.8833026885986 29.8064498901367 29.6902389526367 29.1011772155762 28.3408870697021 28.302978515625
32.2552604675293 32.2397880554199 32.2111320495605 32.0601234436035 32.4862327575684 32.4741325378418 32.4090766906738 32.3420295715332 32.2628784179688 32.1515998840332 31.8261642456055 31.1237411499023 30.3311634063721 29.2215137481689 29.5135383605957 29.4732666015625 29.0678882598877 29.3302555084229 29.5555114746094 30.4990425109863 31.2141056060791 30.8240184783936 31.4643630981445 31.3118019104004 30.7556095123291 30.5253276824951 29.5474853515625 29.6413097381592 29.9509544372559 29.78542137146 30.3297863006592 30.2982807159424 30.6908302307129 30.6172695159912 30.4722690582275 30.241382598877 29.4844493865967 29.6298809051514 29.8580760955811 29.846248626709 29.869873046875 29.7405529022217 29.6681804656982 29.2040977478027 29.1320285797119 29.0115776062012
