inst/extdata/Tmax/Tmax48.asc
NCOLS 100 
NROWS 79 
XLLCORNER 148.06 
YLLCORNER -21.49 
CELLSIZE 0.01 
NODATA_value -3.4e+38 
[rows 0 to 19 of 79, columns 46 to 91 of 100]
32.619384765625 31.2641677856445 31.3975582122803 31.5832443237305 32.0936660766602 31.9915523529053 32.1653099060059 32.1435394287109 31.1017055511475 29.07200050354 30.7350215911865 30.0762901306152 30.8108711242676 31.4213676452637 31.5114936828613 31.6604671478271 31.8218593597412 32.2125205993652 30.7618045806885 31.2969913482666 31.4551181793213 -3.4e+38 -3.4e+38 -3.4e+38 -3.4e+38 -3.4e+38 -3.4e+38 -3.4e+38 -3.4e+38 -3.4e+38 -3.4e+38 -3.4e+38 -3.4e+38 -3.4e+38 -3.4e+38 -3.4e+38 -3.4e+38 -3.4e+38 -3.4e+38 -3.4e+38 -3.4e+38 -3.4e+38 -3.4e+38 -3.4e+38 -3.4e+38 -3.4e+38
33.0026016235352 32.443977355957 31.0518608093262 31.2797393798828 31.4066143035889 31.3403511047363 31.6657791137695 32.0223007202148 30.68577003479 29.637092590332 31.645788192749 31.2701530456543 33.0243072509766 32.6122093200684 31.4044589996338 30.370885848999 31.490629196167 33.3210144042969 32.2146186828613 30.9607315063477 31.6375274658203 33.6786613464355 -3.4e+38 -3.4e+38 -3.4e+38 -3.4e+38 -3.4e+38 -3.4e+38 -3.4e+38 -3.4e+38 -3.4e+38 -3.4e+38 -3.4e+38 -3.4e+38 -3.4e+38 -3.4e+38 -3.4e+38 -3.4e+38 -3.4e+38 -3.4e+38 -3.4e+38 -3.4e+38 -3.4e+38 -3.4e+38 -3.4e+38 -3.4e+38
34.8096771240234 31.7148132324219 29.6295166015625 29.97292137146 29.7690029144287 31.279598236084 30.424352645874 30.3094139099121 29.4283638000488 29.1622371673584 30.9692058563232 32.3829345703125 33.7237319946289 33.163516998291 30.6025466918945 29.8492259979248 31.3797092437744 30.9968528747559 30.8505535125732 31.0561771392822 30.7000598907471 30.9077339172363 30.7217960357666 31.1860542297363 -3.4e+38 -3.4e+38 -3.4e+38 -3.4e+38 -3.4e+38 -3.4e+38 -3.4e+38 -3.4e+38 -3.4e+38 -3.4e+38 -3.4e+38 -3.4e+38 -3.4e+38 -3.4e+38 -3.4e+38 -3.4e+38 -3.4e+38 -3.4e+38 -3.4e+38 -3.4e+38 -3.4e+38 -3.4e+38
30.9243030548096 30.3874759674072 27.4749908447266 28.3894691467285 29.9743480682373 29.7545776367188 30.1769504547119 30.3078441619873 29.9661769866943 29.514856338501 30.7703609466553 30.364070892334 33.0821189880371 33.6176986694336 31.0298767089844 30.4237365722656 32.2420845031738 32.883716583252 32.2882499694824 31.5358963012695 30.0915718078613 31.002010345459 30.7062168121338 31.5219764709473 31.9889125823975 31.9077529907227 -3.4e+38 -3.4e+38 -3.4e+38 -3.4e+38 -3.4e+38 -3.4e+38 -3.4e+38 -3.4e+38 -3.4e+38 -3.4e+38 -3.4e+38 -3.4e+38 -3.4e+38 -3.4e+38 -3.4e+38 -3.4e+38 -3.4e+38 -3.4e+38 -3.4e+38 -3.4e+38
31.9063243865967 30.0279674530029 27.3007659912109 26.9664478302002 28.4096984863281 30.630558013916 31.2682800292969 31.5883769989014 29.6231307983398 28.603874206543 29.2692813873291 27.6337890625 29.1394062042236 33.1370162963867 30.2544364929199 30.5618724822998 32.3970336914062 32.1692886352539 32.8067970275879 32.7354927062988 26.2997074127197 31.0233211517334 31.2857074737549 30.7566318511963 31.5262184143066 31.9394779205322 -3.4e+38 -3.4e+38 -3.4e+38 -3.4e+38 -3.4e+38 -3.4e+38 -3.4e+38 -3.4e+38 -3.4e+38 -3.4e+38 -3.4e+38 -3.4e+38 -3.4e+38 -3.4e+38 -3.4e+38 -3.4e+38 -3.4e+38 -3.4e+38 -3.4e+38 -3.4e+38
27.6964988708496 28.4420013427734 26.4831466674805 25.7439517974854 28.4433994293213 30.5291347503662 29.8980331420898 30.2993316650391 29.0983066558838 29.4007129669189 27.1268825531006 26.8044986724854 30.8158264160156 31.5143661499023 29.3431816101074 30.6360034942627 31.8759956359863 32.9770927429199 31.9637660980225 31.7433948516846 26.3976821899414 28.4309864044189 31.9810314178467 30.930814743042 31.3424320220947 31.2530307769775 -3.4e+38 -3.4e+38 -3.4e+38 -3.4e+38 -3.4e+38 -3.4e+38 -3.4e+38 -3.4e+38 -3.4e+38 -3.4e+38 -3.4e+38 -3.4e+38 -3.4e+38 -3.4e+38 -3.4e+38 -3.4e+38 -3.4e+38 -3.4e+38 -3.4e+38 -3.4e+38
26.5015277862549 27.2675533294678 27.5820903778076 27.0971202850342 31.0053272247314 30.5922813415527 30.558198928833 29.3885898590088 30.1733455657959 29.0801849365234 28.2062664031982 28.491325378418 29.5233058929443 33.1437339782715 33.0937576293945 34.0559501647949 30.5464267730713 30.8465518951416 30.8387641906738 31.3075904846191 33.100227355957 30.8553199768066 31.6071281433105 31.1313037872314 30.5010108947754 29.7878971099854 29.7076454162598 30.2371673583984 -3.4e+38 -3.4e+38 -3.4e+38 -3.4e+38 -3.4e+38 -3.4e+38 -3.4e+38 -3.4e+38 -3.4e+38 -3.4e+38 -3.4e+38 -3.4e+38 -3.4e+38 -3.4e+38 -3.4e+38 -3.4e+38 -3.4e+38 -3.4e+38
25.4287185668945 28.0089340209961 33.1343154907227 27.5926475524902 26.5037517547607 28.24977684021 29.9946727752686 29.0445079803467 29.3309516906738 30.1589450836182 28.5692005157471 28.1061668395996 29.1133155822754 30.504467010498 28.8069381713867 31.5741329193115 28.5856990814209 28.3591232299805 29.5934200286865 30.9368438720703 31.1698055267334 29.8208827972412 30.3380470275879 30.9361362457275 29.9006462097168 29.1262950897217 28.8426094055176 29.4770011901855 30.8057098388672 29.3131122589111 30.5507373809814 -3.4e+38 -3.4e+38 -3.4e+38 -3.4e+38 -3.4e+38 -3.4e+38 -3.4e+38 -3.4e+38 -3.4e+38 -3.4e+38 -3.4e+38 -3.4e+38 -3.4e+38 -3.4e+38 -3.4e+38
25.4037437438965 27.3934726715088 28.0592288970947 31.9365558624268 27.4992599487305 25.8249187469482 27.8873252868652 28.1380348205566 30.3700046539307 30.6140251159668 30.7872695922852 29.0857257843018 28.6691112518311 29.2583808898926 27.1483268737793 26.9833679199219 26.2521018981934 30.4246921539307 28.9315624237061 30.2822952270508 32.3132362365723 32.194751739502 29.7088317871094 27.7356109619141 28.7352256774902 29.3314876556396 29.9432163238525 31.064416885376 30.6869506835938 29.4540328979492 28.878927230835 31.2749176025391 -3.4e+38 -3.4e+38 -3.4e+38 -3.4e+38 -3.4e+38 -3.4e+38 -3.4e+38 -3.4e+38 -3.4e+38 -3.4e+38 -3.4e+38 -3.4e+38 -3.4e+38 -3.4e+38
26.7157592773438 27.3960876464844 27.8960742950439 28.6300354003906 30.1482028961182 27.0975551605225 26.7280025482178 28.320930480957 29.8040981292725 30.0445804595947 29.9324645996094 29.6520652770996 28.5701084136963 28.6198348999023 27.035831451416 26.6517601013184 26.2412986755371 31.1218338012695 30.8669948577881 29.0830364227295 30.152379989624 31.9287605285645 32.6487579345703 31.6148052215576 31.5468158721924 29.1922016143799 29.7471122741699 32.2481346130371 30.2010231018066 29.4695892333984 32.4503135681152 32.9032974243164 -3.4e+38 -3.4e+38 -3.4e+38 -3.4e+38 -3.4e+38 -3.4e+38 -3.4e+38 -3.4e+38 -3.4e+38 -3.4e+38 -3.4e+38 -3.4e+38 -3.4e+38 -3.4e+38
25.7124271392822 27.799825668335 27.6452980041504 27.6042613983154 29.0404777526855 31.845308303833 28.9626808166504 29.7354927062988 29.4882144927979 29.6695098876953 30.4203777313232 29.8723392486572 29.3812770843506 29.9066047668457 29.2726039886475 29.3204917907715 30.3964462280273 30.6193714141846 31.7952079772949 31.5561599731445 29.154260635376 32.2259674072266 29.8439407348633 28.7004699707031 30.4320507049561 30.1081848144531 31.0770664215088 30.9599056243896 32.9051094055176 33.4774971008301 -3.4e+38 -3.4e+38 -3.4e+38 -3.4e+38 -3.4e+38 -3.4e+38 -3.4e+38 -3.4e+38 -3.4e+38 -3.4e+38 -3.4e+38 -3.4e+38 -3.4e+38 -3.4e+38 -3.4e+38 -3.4e+38
25.1753883361816 26.2384986877441 26.3301258087158 25.4900951385498 26.2749118804932 27.2537937164307 33.8260650634766 30.5040454864502 30.1662006378174 29.8213748931885 29.9821891784668 30.3606128692627 29.4645576477051 29.9405956268311 29.6217250823975 31.4387321472168 31.3562030792236 31.2490577697754 34.2721862792969 32.0174827575684 30.2082672119141 30.2175693511963 30.2430076599121 29.6228122711182 33.5784492492676 29.3588771820068 30.6699161529541 30.4083251953125 31.1569519042969 29.9380302429199 -3.4e+38 -3.4e+38 -3.4e+38 -3.4e+38 -3.4e+38 -3.4e+38 -3.4e+38 -3.4e+38 -3.4e+38 -3.4e+38 -3.4e+38 -3.4e+38 -3.4e+38 -3.4e+38 -3.4e+38 -3.4e+38
24.9174175262451 23.5654792785645 23.150577545166 23.0766315460205 25.4345703125 26.1588897705078 27.5999431610107 27.8839321136475 29.6464862823486 30.1103687286377 28.6519088745117 28.8905220031738 28.7347259521484 29.2324886322021 29.5485134124756 29.5259914398193 29.7226047515869 31.4190273284912 33.733211517334 33.3896865844727 31.1235046386719 31.3168048858643 31.1665096282959 32.897876739502 31.2162914276123 30.4202518463135 31.2421188354492 30.4899311065674 28.851692199707 26.9597454071045 30.0131969451904 31.3575077056885 -3.4e+38 -3.4e+38 -3.4e+38 -3.4e+38 -3.4e+38 -3.4e+38 -3.4e+38 -3.4e+38 -3.4e+38 -3.4e+38 -3.4e+38 -3.4e+38 -3.4e+38 -3.4e+38
24.933988571167 23.9332313537598 23.2809066772461 22.7871723175049 23.3938846588135 24.0139236450195 25.8864040374756 26.8596572875977 29.2229957580566 30.3110198974609 29.3936405181885 29.2280521392822 29.6748714447021 30.084659576416 30.3730773925781 31.5976848602295 29.7397918701172 31.6772785186768 32.7282791137695 31.5795593261719 31.5334205627441 33.8880500793457 31.5494499206543 30.9994850158691 32.337589263916 30.5574474334717 29.5154933929443 29.27978515625 28.3410530090332 29.5737113952637 31.5040264129639 31.2223491668701 30.1160163879395 -3.4e+38 -3.4e+38 -3.4e+38 -3.4e+38 26.2725009918213 32.4526214599609 -3.4e+38 -3.4e+38 -3.4e+38 -3.4e+38 -3.4e+38 -3.4e+38 -3.4e+38
25.427225112915 24.5815010070801 23.3593139648438 22.9028034210205 23.560131072998 23.26003074646 24.5402870178223 26.1302757263184 27.1648139953613 28.1100902557373 26.4938144683838 29.7692451477051 28.9815502166748 29.6760654449463 30.907829284668 29.8783435821533 30.6364440917969 34.0589256286621 30.5663986206055 32.3461608886719 31.4731864929199 33.3709144592285 32.0241813659668 31.2716617584229 31.1901969909668 31.2543811798096 31.108959197998 29.7176399230957 29.2415161132812 32.0303421020508 31.9631366729736 31.100564956665 30.4666652679443 -3.4e+38 -3.4e+38 -3.4e+38 -3.4e+38 27.4314098358154 31.2395534515381 32.6956405639648 32.3050231933594 32.1734237670898 -3.4e+38 -3.4e+38 -3.4e+38 -3.4e+38
25.3538837432861 23.954984664917 23.3396492004395 23.4307308197021 22.969217300415 24.0198097229004 23.8226337432861 25.2000102996826 29.0396499633789 30.5293922424316 28.4926090240479 26.7297267913818 30.3745880126953 26.0999584197998 25.9825782775879 26.7511520385742 31.8920497894287 30.094970703125 29.6192665100098 30.7611255645752 30.9051532745361 31.6384830474854 31.4258804321289 30.681957244873 30.6062202453613 30.7000980377197 31.7999057769775 30.7753257751465 29.9192180633545 29.8703098297119 30.6232452392578 27.1303806304932 33.3594551086426 -3.4e+38 -3.4e+38 30.6158332824707 32.3117141723633 31.49951171875 30.2528266906738 31.3249359130859 31.2340831756592 32.6354141235352 -3.4e+38 -3.4e+38 -3.4e+38 -3.4e+38
23.7804698944092 22.2950439453125 22.3642978668213 23.8106231689453 24.2893009185791 23.9942512512207 23.4927425384521 24.3036136627197 31.2948989868164 29.6168594360352 33.7774963378906 26.5337314605713 27.3666191101074 28.3057346343994 26.137134552002 26.3106536865234 26.8179702758789 28.6054801940918 30.340970993042 29.7200241088867 32.528564453125 29.8228912353516 30.4918003082275 30.7713165283203 30.1961078643799 31.2605781555176 31.1808986663818 31.4792366027832 31.7673511505127 30.4109230041504 30.6252422332764 27.1887531280518 29.2103404998779 -3.4e+38 33.0661125183105 28.4826393127441 30.4179267883301 -3.4e+38 32.7723693847656 -3.4e+38 32.448558807373 -3.4e+38 -3.4e+38 -3.4e+38 -3.4e+38 -3.4e+38
24.4108371734619 22.4164161682129 21.608570098877 24.6716327667236 24.7506523132324 23.7847862243652 23.329568862915 23.4000911712646 25.211051940918 27.423511505127 27.7531661987305 31.5986309051514 33.2298889160156 28.534423828125 28.0106830596924 29.1949520111084 29.5651321411133 29.8005294799805 29.3053512573242 29.1911964416504 30.714262008667 30.7225875854492 32.2393569946289 32.2365341186523 30.4892349243164 30.2301292419434 31.1474781036377 30.080997467041 30.3330707550049 30.161413192749 27.8093948364258 29.0573673248291 32.9934463500977 29.9834003448486 29.0037155151367 31.6563282012939 31.258768081665 -3.4e+38 -3.4e+38 -3.4e+38 -3.4e+38 -3.4e+38 -3.4e+38 32.2855949401855 -3.4e+38 -3.4e+38
25.4451141357422 25.1404323577881 22.4152984619141 24.2790660858154 22.7300586700439 22.9588279724121 24.0443744659424 24.1694927215576 25.9337615966797 28.581859588623 27.6227531433105 27.7701950073242 30.2890625 34.1800956726074 29.5948734283447 29.8382816314697 29.5793914794922 28.7859954833984 28.250020980835 28.1414527893066 33.5043182373047 31.0836524963379 33.0869483947754 31.2236728668213 31.3800563812256 29.8435134887695 30.2616729736328 29.1409721374512 29.7452449798584 29.7648735046387 28.1178913116455 28.3547191619873 31.3820266723633 31.4819641113281 30.9614200592041 31.3035831451416 30.9022178649902 32.518611907959 31.0627040863037 28.0347938537598 30.4115352630615 30.0936546325684 31.1530342102051 30.2480411529541 -3.4e+38 -3.4e+38
26.0115413665771 25.1003551483154 25.4728927612305 25.5876274108887 24.0070552825928 23.4276447296143 23.1318302154541 23.498420715332 25.7885208129883 33.395378112793 27.9418125152588 33.7278289794922 32.5142593383789 29.647180557251 29.7954254150391 27.3732662200928 27.4377174377441 29.8928089141846 28.3949737548828 28.6425628662109 30.7374858856201 32.2139358520508 34.1716270446777 31.8570957183838 33.447811126709 30.2228584289551 32.8826370239258 31.2452907562256 30.3832473754883 30.0613822937012 29.25758934021 30.3692226409912 31.8913631439209 32.4545135498047 32.620044708252 29.8269653320312 29.5186386108398 30.8991088867188 31.9727439880371 32.7104682922363 32.263843536377 32.2954902648926 30.5621280670166 30.3339996337891 26.6875534057617 -3.4e+38
