inst/extdata/Tmax/Tmax35.asc
NCOLS 100 
NROWS 79 
XLLCORNER 148.06 
YLLCORNER -21.49 
CELLSIZE 0.01 
NODATA_value -3.4e+38 
[rows 0 to 19 of 79, columns 0 to 45 of 100]
32.643047332763700 32.6865501403809 31.8478927612305 32.8862800598145 32.9139976501465 33.2439346313477 33.2619361877441 33.0001640319824 32.7424392700195 32.8682060241699 32.3786430358887 32.3533058166504 32.3607940673828 31.1111106872559 31.6204223632812 32.0443992614746 32.3144836425781 32.365234375 30.9113292694092 30.2695140838623 29.358341217041 27.8897380828857 28.4406642913818 29.9753704071045 30.6633167266846 31.3274269104004 30.9108352661133 30.8914642333984 31.1192817687988 30.7000961303711 28.5572509765625 26.4349365234375 24.646614074707 24.7910861968994 23.4212913513184 21.9885787963867 21.5617446899414 21.219425201416 21.9970207214355 24.1283302307129 25.9530792236328 26.2916641235352 26.8874225616455 32.4465293884277 32.0671501159668 31.0550708770752
33.2587623596191 32.157096862793 30.6538524627686 31.3672428131104 31.2689323425293 32.4226112365723 32.9424324035645 33.1253433227539 33.6824188232422 33.7509307861328 33.1249046325684 32.1245727539062 32.7624320983887 31.6803417205811 31.9454193115234 31.607873916626 32.4829483032227 32.2981147766113 31.3986282348633 30.4170150756836 30.7127532958984 29.8836536407471 29.6156063079834 30.1078624725342 30.6314430236816 31.1675930023193 31.5985946655273 31.5672054290771 31.2278118133545 30.7667827606201 29.5783672332764 27.4933681488037 25.4397811889648 27.6926937103271 24.3930912017822 22.973461151123 22.3302421569824 23.3407859802246 24.5893707275391 25.5134563446045 26.96169090271 27.0033588409424 30.198314666748 30.9992713928223 31.6291904449463 30.505443572998
33.0747108459473 32.0083198547363 32.0432510375977 32.6040077209473 31.9080963134766 32.2707481384277 32.7314834594727 33.2874450683594 33.6941719055176 33.7551231384277 33.2129783630371 32.4525756835938 32.7461318969727 32.2963523864746 31.7021560668945 31.7243995666504 31.8558883666992 32.1780662536621 31.3118782043457 30.8009090423584 30.2822799682617 30.5260848999023 30.0105438232422 30.3313255310059 31.2748508453369 31.4961700439453 31.4823818206787 31.4659881591797 31.6742973327637 31.0923175811768 31.356876373291 29.8612403869629 30.9287891387939 27.6642971038818 29.6127185821533 23.6233043670654 22.5785713195801 22.2355289459229 23.5050411224365 24.7574882507324 26.4933185577393 32.7289199829102 32.6534881591797 29.2712135314941 29.1215553283691 31.6703109741211
33.6307411193848 33.3791122436523 32.3905868530273 33.4934196472168 32.6700325012207 32.1007537841797 32.7372665405273 33.2156829833984 33.5302810668945 33.6902236938477 33.4565887451172 32.9223709106445 32.8036613464355 32.7874069213867 32.3831977844238 32.2907638549805 32.4696769714355 32.0508689880371 31.8334884643555 30.7946395874023 30.5077724456787 30.2103538513184 30.3338432312012 30.360372543335 31.0664310455322 31.3592433929443 31.2714939117432 31.3119029998779 30.981107711792 30.0952587127686 30.3543910980225 31.4412651062012 30.0409030914307 27.7869052886963 23.8135852813721 22.8043899536133 23.0505409240723 22.4391403198242 22.3992004394531 21.8852844238281 23.6936321258545 26.1804656982422 29.7147903442383 33.2790679931641 27.4320240020752 27.4898338317871
34.3384056091309 33.5098915100098 33.3269538879395 33.8865165710449 33.4675521850586 32.9203033447266 32.3135414123535 33.3193092346191 34.1504516601562 33.3982887268066 33.5799446105957 33.2784652709961 33.1962738037109 33.027702331543 32.5191917419434 32.184211730957 32.1965408325195 31.6340637207031 30.9021511077881 30.0472984313965 30.112190246582 30.6328105926514 30.6889114379883 30.9546775817871 30.679235458374 30.5844478607178 31.8852443695068 31.0907955169678 30.9529800415039 31.1075859069824 30.533670425415 30.7211894989014 29.937463760376 28.9416065216064 29.4214019775391 24.5673942565918 24.057014465332 23.5096302032471 22.126012802124 21.9747829437256 21.796028137207 25.6871681213379 28.9329128265381 30.9769763946533 26.8278102874756 25.9603538513184
34.855411529541 34.2250938415527 33.4345283508301 33.7884254455566 33.9809989929199 33.3771362304688 33.3090744018555 33.585807800293 33.775749206543 33.5578689575195 33.4179229736328 33.8525657653809 33.3705291748047 32.8531303405762 31.8699188232422 32.2049026489258 32.1192588806152 31.2916889190674 30.5166854858398 29.8923206329346 29.9724044799805 30.6812400817871 30.8248271942139 30.7668704986572 31.5909233093262 31.1992225646973 31.3509788513184 30.2777004241943 30.1135807037354 29.3567600250244 28.5851345062256 29.6554279327393 30.3529624938965 29.4615783691406 29.0109844207764 29.3420028686523 24.6916885375977 24.0935611724854 23.5563793182373 22.9312114715576 22.0464305877686 24.7081565856934 29.951961517334 28.9957427978516 27.0786228179932 24.266019821167
33.9023399353027 34.4777221679688 34.3218574523926 34.6358413696289 34.1042251586914 33.7298698425293 32.756893157959 33.1252670288086 33.7133483886719 33.8999214172363 34.1288452148438 34.1161689758301 33.061222076416 32.5354118347168 32.4466361999512 32.4554786682129 31.9284572601318 31.1363658905029 30.6233386993408 30.0514259338379 29.389949798584 30.1129112243652 30.6632537841797 30.980260848999 31.3453063964844 31.7087650299072 31.6273040771484 30.7158889770508 30.4762172698975 28.5901336669922 27.7432403564453 26.9609813690186 28.3325366973877 29.1754093170166 29.0109348297119 28.5797367095947 25.0435466766357 23.1966495513916 23.3491230010986 23.17116355896 23.1128673553467 24.9778690338135 30.7600746154785 31.8951110839844 27.3201522827148 29.9931526184082
34.5511093139648 34.0146675109863 34.7447204589844 34.868350982666 34.2340888977051 33.9578018188477 32.8902320861816 32.9840621948242 33.5624122619629 33.7672386169434 33.7162094116211 33.5003280639648 32.6590881347656 33.1756896972656 33.0554046630859 31.7451019287109 31.4218730926514 30.5674514770508 31.0409164428711 29.823938369751 28.7368984222412 29.4029235839844 29.9744415283203 31.0613708496094 31.410364151001 31.6941871643066 31.4262428283691 30.4450378417969 30.0354080200195 29.4715576171875 27.2197074890137 26.8332252502441 27.6201629638672 27.5067901611328 28.1127548217773 28.332649230957 24.3387966156006 23.3617744445801 22.8428039550781 23.3476085662842 23.533224105835 24.7437705993652 25.8872470855713 27.0749015808105 27.1779041290283 24.9150276184082
33.7987365722656 34.4388198852539 34.0752258300781 34.2239379882812 34.1246528625488 34.0632667541504 33.6187438964844 32.8197593688965 33.2173728942871 33.6769866943359 33.820613861084 34.2235527038574 34.4245338439941 33.2704544067383 32.8366012573242 31.4856185913086 31.3124847412109 31.1927356719971 31.4296855926514 30.0118598937988 30.0085029602051 29.6009635925293 29.9484939575195 30.9104766845703 31.480842590332 31.8055038452148 30.7529296875 29.0736446380615 29.5561332702637 29.4114952087402 28.314115524292 27.2905311584473 26.9302883148193 26.3637008666992 29.0831470489502 27.001277923584 27.8566799163818 28.1511974334717 22.9993019104004 22.810432434082 22.9326114654541 23.1517105102539 23.7805347442627 25.5395755767822 26.2214069366455 24.8303527832031
33.1511573791504 34.0866432189941 34.301830291748 34.7604675292969 34.102897644043 34.1688537597656 33.6932678222656 33.1624908447266 33.3059425354004 33.3161964416504 33.7538986206055 33.7736701965332 32.6513328552246 32.5678825378418 32.5428695678711 32.296817779541 32.1352424621582 31.8196811676025 31.2666683197021 31.0715026855469 31.0298156738281 30.0921154022217 30.5399436950684 31.4257698059082 32.2104988098145 32.106861114502 30.9190616607666 30.3432540893555 29.5537528991699 28.3745517730713 27.3821353912354 26.9683628082275 27.2232265472412 27.8713874816895 28.2691268920898 26.5692920684814 23.5608043670654 26.9609775543213 23.5773334503174 22.514949798584 22.5263786315918 22.1119403839111 22.8631229400635 24.0848712921143 24.1860980987549 23.8573570251465
33.4547386169434 34.4867706298828 34.3892059326172 33.8589630126953 34.5811309814453 34.7326049804688 34.1521873474121 33.5513534545898 33.6304397583008 33.6224784851074 33.9654426574707 33.3785629272461 33.0826950073242 31.8818817138672 32.0517578125 32.1049499511719 32.0616493225098 32.217212677002 31.7595615386963 31.6969566345215 30.5271778106689 30.4156265258789 30.2575550079346 31.1946239471436 31.5294246673584 32.3637199401855 30.6627388000488 28.7527236938477 27.9013614654541 27.7302951812744 27.2945766448975 27.7548217773438 28.602840423584 28.5169467926025 27.8667087554932 26.0702857971191 23.7393188476562 23.3932285308838 23.3565082550049 22.5004501342773 22.6258563995361 22.1460494995117 21.9768714904785 22.8564376831055 23.4117527008057 23.793794631958
33.9298477172852 33.3532066345215 34.0441284179688 34.1760025024414 34.2354354858398 35.1567306518555 34.4454956054688 33.6858825683594 33.4979248046875 33.7771644592285 33.4714431762695 33.9376106262207 33.5514068603516 32.9571266174316 32.7085266113281 32.521728515625 32.7640991210938 32.5576553344727 32.3105621337891 31.5852165222168 30.722484588623 30.2406044006348 30.716667175293 30.6964893341064 30.5635890960693 31.178243637085 29.5480175018311 28.7078762054443 28.0960254669189 28.4078750610352 28.7216358184814 28.7085285186768 28.735767364502 28.1786994934082 28.0753326416016 27.0114364624023 27.7468032836914 22.683048248291 23.3990173339844 23.6925754547119 23.4323425292969 23.0611667633057 22.1327323913574 22.969820022583 23.3244247436523 23.4800910949707
34.0586967468262 34.192253112793 34.2134208679199 34.915111541748 34.7909049987793 34.8495559692383 34.1762847900391 33.4400482177734 33.7767295837402 34.7639083862305 33.7546844482422 34.0956726074219 33.4021797180176 33.8892059326172 33.4113502502441 33.0987854003906 33.5886192321777 33.05224609375 32.762622833252 31.4451522827148 31.2027359008789 31.6240844726562 31.7036914825439 32.158519744873 32.0013198852539 31.4346675872803 31.0330333709717 30.1700325012207 29.326150894165 29.0058879852295 29.8750743865967 29.5767631530762 29.4215869903564 28.8700752258301 27.4690818786621 26.6932640075684 25.4897499084473 27.0429172515869 26.0111141204834 24.3483276367188 22.6896781921387 22.4548015594482 21.9903411865234 21.711368560791 23.6240997314453 24.0733699798584
34.7547912597656 34.9918823242188 33.7062911987305 34.1865310668945 33.7676010131836 33.7914962768555 34.5302314758301 33.9502372741699 34.1391258239746 34.0912437438965 34.0404815673828 33.8577423095703 33.4809303283691 33.0170783996582 33.3404121398926 32.9437294006348 33.3408584594727 33.048828125 32.8427047729492 32.1766471862793 32.3696022033691 32.4290657043457 32.1508636474609 32.2825813293457 31.4946899414062 29.6947860717773 29.2855892181396 29.1871929168701 28.4121532440186 28.9457416534424 29.8893795013428 29.696928024292 29.1352119445801 28.3450813293457 27.6834278106689 29.2494487762451 27.7852592468262 24.0573272705078 28.3025150299072 29.730562210083 28.8981685638428 24.274507522583 23.290699005127 23.0415897369385 23.782922744751 24.7086277008057
33.2077674865723 33.4542388916016 33.9985733032227 34.4062652587891 34.1485595703125 33.977180480957 33.9814376831055 34.661693572998 33.5739936828613 33.3487434387207 33.445556640625 33.2079734802246 32.5503921508789 32.4875411987305 32.8035087585449 32.2385482788086 33.0822448730469 33.1450691223145 32.9753341674805 33.0660743713379 32.7831192016602 32.0991058349609 31.2913932800293 31.4436283111572 31.3072605133057 31.111213684082 30.8126220703125 30.2009181976318 29.6012916564941 30.3223419189453 29.679292678833 30.0104026794434 29.7792434692383 29.8827648162842 29.5187206268311 27.9936466217041 28.7956104278564 28.2225303649902 28.0783805847168 29.6720561981201 29.4251956939697 29.4653396606445 24.2506866455078 23.2881412506104 23.8680324554443 24.9996604919434
31.5354404449463 33.1281242370605 34.1245384216309 33.8461723327637 34.5413703918457 34.4973793029785 34.2680892944336 33.8370704650879 34.3932609558105 33.83935546875 32.3491249084473 33.1741333007812 31.953971862793 31.1074829101562 32.2798309326172 32.0959320068359 31.5472507476807 32.2302474975586 33.0059280395508 32.7482795715332 32.6046257019043 32.4014701843262 32.2898330688477 32.2361221313477 31.8466815948486 31.4312782287598 31.6344242095947 31.1812534332275 30.9986400604248 30.6531753540039 30.4030284881592 29.7061634063721 29.6752109527588 30.2745952606201 30.1090927124023 29.9730377197266 30.4095497131348 28.6919116973877 29.9672393798828 30.6257190704346 29.9849376678467 28.4303970336914 23.33030128479 22.2504959106445 22.9725494384766 24.1453685760498
32.8764572143555 31.7715511322021 33.2244491577148 34.2564582824707 33.304988861084 33.2778739929199 34.4382934570312 33.7075614929199 33.622428894043 33.9133224487305 32.7578773498535 32.7924041748047 31.4531078338623 30.8173751831055 31.8199806213379 30.7955493927002 30.5762615203857 31.7509689331055 31.7806015014648 32.0200119018555 32.5730438232422 32.5356979370117 31.9902057647705 31.9724540710449 31.1728820800781 30.5106239318848 29.8724136352539 30.3151111602783 30.9869022369385 29.8804817199707 29.4962921142578 28.7457599639893 29.1737613677979 30.1353797912598 30.3615970611572 30.0962886810303 30.6550102233887 30.6298789978027 30.1020851135254 29.6444835662842 29.9234046936035 28.1765842437744 26.8438892364502 23.901741027832 23.4619979858398 24.391752243042
33.2762489318848 33.1872825622559 33.2579154968262 34.4303512573242 33.7237129211426 34.1372375488281 34.6728134155273 34.6926651000977 34.9220123291016 34.5946273803711 34.2135620117188 33.704761505127 31.6897163391113 31.0173320770264 31.5167427062988 30.9599094390869 30.6633319854736 30.4890460968018 29.75856590271 30.9916324615479 32.0158615112305 32.8328628540039 33.079273223877 32.4602088928223 31.0618457794189 29.3723964691162 28.3815231323242 29.2074165344238 30.28928565979 29.6773796081543 29.5233268737793 30.4505596160889 30.3883361816406 30.4159107208252 31.1005401611328 30.1934013366699 29.7048931121826 29.5697193145752 30.2093677520752 30.3044319152832 30.772891998291 30.3479804992676 29.1978034973145 28.7251777648926 25.9375076293945 25.4522838592529
34.3290100097656 33.1066703796387 32.6820030212402 33.275260925293 33.4902496337891 34.0814208984375 34.9057731628418 34.1245193481445 35.0097961425781 34.6054306030273 33.1621055603027 33.4217185974121 32.4007606506348 29.4469890594482 29.9474849700928 29.1819820404053 29.5829658508301 28.8539123535156 30.1271133422852 31.2380447387695 32.5904693603516 32.375846862793 32.9305305480957 32.8717613220215 31.4280967712402 29.975118637085 28.3211135864258 28.9279174804688 30.5815048217773 29.6997909545898 30.1041450500488 30.9098339080811 31.7917823791504 31.7724723815918 30.9123477935791 30.5161933898926 29.9594955444336 29.9899597167969 30.8114700317383 30.8163795471191 30.9134979248047 30.8158130645752 30.5086631774902 30.2555637359619 28.3972148895264 25.3402614593506
33.2289772033691 33.2676048278809 33.6527557373047 33.3176612854004 34.0737838745117 33.9698905944824 34.8877258300781 34.8659400939941 33.8263816833496 34.1431541442871 34.4623146057129 33.5724678039551 32.4647369384766 29.0555992126465 29.6091899871826 29.7131404876709 29.1956310272217 29.5925750732422 29.6688232421875 31.0029430389404 32.3464736938477 32.0012359619141 32.669807434082 32.7193069458008 32.1860008239746 31.1680603027344 29.8376770019531 29.5737724304199 30.3669052124023 30.6023044586182 31.3656558990479 31.7998733520508 31.7917671203613 31.7997303009033 31.8573265075684 30.8342838287354 29.9701690673828 29.911205291748 29.9853591918945 30.4881935119629 31.2965545654297 30.879997253418 29.9184741973877 30.0319290161133 28.961462020874 28.3860206604004
