inst/extdata/Tmax/Tmax146.asc
NCOLS 100 
NROWS 79 
XLLCORNER 148.06 
YLLCORNER -21.49 
CELLSIZE 0.01 
NODATA_value -3.4e+38 
[rows 40 to 59 of 79, columns 0 to 45 of 100]
37.991638183593800 37.6725692749023 37.7172622680664 37.7582626342773 37.6274261474609 37.7599029541016 37.6999588012695 37.4789810180664 36.9511566162109 37.4408798217773 38.1652297973633 38.5237274169922 38.5720672607422 38.6372604370117 38.7188491821289 38.4860000610352 38.1689987182617 37.7763595581055 37.1233596801758 37.6920623779297 37.6873550415039 37.5571479797363 37.4918403625488 37.0419464111328 36.0226898193359 35.2919006347656 35.057991027832 35.1711120605469 35.3092269897461 34.5975723266602 33.9318618774414 34.3651847839355 35.7870559692383 35.4854202270508 35.1986694335938 35.5783500671387 35.4704284667969 35.1103096008301 34.8671417236328 34.3724670410156 34.3337287902832 33.4230880737305 32.8289184570312 32.8267364501953 32.562557220459 32.3988838195801
38.1716651916504 37.7172317504883 37.5865936279297 37.7095336914062 37.5997009277344 37.6976013183594 37.6995086669922 37.5846786499023 37.3083267211914 37.4529113769531 37.8422241210938 38.2349548339844 38.5023193359375 38.699104309082 38.7562103271484 38.5933074951172 38.2399826049805 37.67431640625 37.2983779907227 37.4700164794922 37.5021286010742 37.2285003662109 37.4379844665527 37.1251335144043 36.3737182617188 35.8127670288086 35.1025238037109 35.0184860229492 35.2633361816406 34.7754364013672 34.329345703125 35.0101623535156 35.785530090332 34.9402847290039 34.1641998291016 34.9962158203125 35.040096282959 35.284351348877 35.2479858398438 34.9910621643066 34.8618431091309 34.0643043518066 32.6147880554199 32.4925689697266 32.5736122131348 32.5354804992676
38.0258865356445 37.9592514038086 37.7269668579102 37.5967102050781 37.6716384887695 37.7022247314453 37.6708679199219 37.6334457397461 37.600471496582 37.55224609375 37.6144714355469 38.1513748168945 38.5212097167969 38.6916122436523 38.7142791748047 38.6672515869141 38.3996276855469 38.0388793945312 37.7853088378906 37.7362594604492 37.6435623168945 36.8998603820801 36.8248023986816 37.0835800170898 37.1189079284668 36.6235313415527 35.6282196044922 35.2617988586426 35.1786956787109 34.9299850463867 33.979866027832 35.1269187927246 35.1948471069336 34.0344886779785 33.1887969970703 34.1365394592285 34.1271781921387 34.8306427001953 35.0234298706055 34.6894836425781 34.4355278015137 34.479549407959 33.8583297729492 33.634952545166 34.0733604431152 35.1736602783203
37.6646728515625 37.7639122009277 37.7551383972168 37.7549858093262 37.7938194274902 37.7909507751465 37.7460708618164 37.6932144165039 37.7613525390625 37.7333831787109 37.7493209838867 38.2074165344238 38.4943084716797 38.6762657165527 38.7069854736328 38.731819152832 38.6048278808594 38.3670539855957 38.0537071228027 38.1030654907227 37.9088859558105 37.6081771850586 36.8426742553711 36.4474449157715 37.2130966186523 36.9773902893066 36.505485534668 35.9668235778809 35.5917358398438 35.3983497619629 34.5181655883789 34.4199676513672 35.1950798034668 34.6298179626465 33.9650421142578 33.4875373840332 33.5687789916992 33.8300361633301 34.0707931518555 33.8286743164062 33.35693359375 34.0958595275879 33.6427383422852 34.6475372314453 36.6438636779785 37.3301773071289
37.3447418212891 37.5470008850098 37.5304565429688 37.5363121032715 37.7503128051758 37.884349822998 37.9098358154297 37.8523902893066 37.9266929626465 37.9846420288086 38.1813621520996 38.3298721313477 38.4821548461914 38.6033172607422 38.6791572570801 38.7459297180176 38.7006645202637 38.5423164367676 38.3695297241211 38.3198928833008 38.1762847900391 38.0055046081543 37.6672554016113 37.4300346374512 37.233283996582 36.7150077819824 36.9932327270508 36.8605651855469 36.4991188049316 35.7292213439941 35.0449333190918 35.028678894043 35.3913803100586 35.5819702148438 35.2525291442871 33.9916458129883 32.6005325317383 32.5661888122559 32.6799583435059 33.032886505127 32.908821105957 33.4704170227051 32.9783592224121 33.851146697998 35.8038520812988 37.3637161254883
37.3741302490234 37.4384384155273 37.2704277038574 37.1516799926758 37.3876953125 37.6419525146484 37.8988723754883 38.039436340332 38.1211853027344 38.231388092041 38.3158531188965 38.2226791381836 37.9752578735352 38.4050598144531 38.6696662902832 38.7304573059082 38.7202682495117 38.6505126953125 38.5520820617676 38.4831390380859 38.3840293884277 38.2543563842773 38.1950721740723 37.5056457519531 37.1144180297852 37.0319557189941 37.1160278320312 36.929801940918 36.7203025817871 36.1435508728027 34.7439041137695 34.9670066833496 35.3177947998047 35.3935546875 35.5083389282227 34.5105781555176 33.1567268371582 32.9093399047852 32.9467124938965 33.4051704406738 32.7891006469727 33.1521110534668 33.5689315795898 33.892406463623 34.8391914367676 36.1595230102539
37.2236175537109 37.1844520568848 37.1999969482422 37.1220436096191 37.0160713195801 37.0865097045898 37.6438140869141 37.7915267944336 37.9354553222656 37.9621543884277 38.2155838012695 38.3280982971191 38.0518951416016 38.3496627807617 38.6120300292969 38.7062225341797 38.7052993774414 38.6363143920898 38.5946197509766 38.5524749755859 38.4708786010742 38.3846130371094 38.2729339599609 37.737190246582 36.8083457946777 36.937068939209 37.1250152587891 36.8755722045898 36.8214683532715 36.6581230163574 35.7610626220703 35.3883628845215 34.9921951293945 35.2882881164551 35.4455223083496 34.9186248779297 33.7894401550293 34.0843391418457 33.535213470459 34.2667503356934 33.6887893676758 33.8385925292969 33.9634399414062 34.0767021179199 34.0711822509766 33.8773803710938
37.7255325317383 36.9956741333008 36.9117965698242 36.8571472167969 36.832893371582 36.978931427002 37.3292541503906 37.2840385437012 37.5724792480469 37.6337966918945 37.7308044433594 37.8002738952637 38.0169296264648 38.3414421081543 38.560962677002 38.6992683410645 38.6773262023926 38.5484962463379 38.3483619689941 38.2419052124023 38.3959426879883 38.1791954040527 38.2027130126953 38.1311569213867 37.6162223815918 37.508113861084 37.5155487060547 37.2943572998047 37.1063613891602 36.8573417663574 36.0843963623047 35.6667251586914 34.8715476989746 35.3165054321289 35.3685607910156 35.1112747192383 34.6178665161133 34.8745536804199 34.5797271728516 34.8562316894531 34.5644798278809 34.3340644836426 34.1868209838867 34.0327110290527 33.6797485351562 33.4379043579102
38.5248107910156 37.6214485168457 36.7784996032715 36.6165657043457 36.7681846618652 36.9825744628906 36.9027442932129 36.9072380065918 37.2939529418945 37.6346015930176 37.722095489502 37.697811126709 37.964427947998 38.3168411254883 38.5947723388672 38.6759376525879 38.6751861572266 38.6007881164551 38.4119415283203 38.1601753234863 38.2436561584473 38.1735916137695 38.0858688354492 38.2363739013672 38.1148681640625 37.9954833984375 37.661304473877 37.4400596618652 37.341236114502 37.0118637084961 36.5705909729004 36.0397529602051 35.0699729919434 35.2465744018555 35.2164039611816 35.2869758605957 35.1690788269043 35.1411552429199 35.0149383544922 34.8117523193359 33.9669189453125 33.7788581848145 33.9865837097168 33.7206840515137 33.5823593139648 33.223030090332
38.8202781677246 38.246768951416 37.3053436279297 36.6634178161621 36.6533660888672 36.6475219726562 36.6738166809082 37.068546295166 37.3415145874023 37.2296600341797 37.933650970459 38.1883659362793 38.3153457641602 38.4340362548828 38.5495185852051 38.649055480957 38.6465187072754 38.5919189453125 38.477970123291 38.3197937011719 38.2030334472656 38.1144790649414 37.9063491821289 37.9542121887207 38.1455879211426 38.1292610168457 37.8656463623047 37.2571258544922 36.6963119506836 37.0007591247559 36.6624069213867 36.3057746887207 35.398509979248 35.0662651062012 34.8329963684082 35.1759147644043 35.2561836242676 35.1463813781738 35.1008110046387 34.7535858154297 34.0226364135742 33.5961418151855 33.7850914001465 33.4030380249023 33.3122520446777 33.2180595397949
38.8105049133301 38.6086616516113 38.1055717468262 37.4073028564453 36.8095855712891 36.474739074707 36.6498031616211 37.0135307312012 37.068775177002 37.4150009155273 38.0726928710938 38.3297424316406 38.476921081543 38.597225189209 38.6229438781738 38.654613494873 38.5104560852051 38.5271682739258 38.5366859436035 38.4489517211914 38.3237037658691 38.1321830749512 37.9101982116699 37.8188362121582 37.9433746337891 37.9910621643066 38.0250473022461 37.7667503356934 37.4482955932617 37.2835693359375 36.6666107177734 36.4732284545898 35.5308227539062 35.073127746582 34.4106826782227 34.9158401489258 35.0521583557129 35.0446281433105 35.1022987365723 34.8961296081543 34.3316116333008 34.1412086486816 34.0379066467285 33.8154678344727 33.478443145752 33.2946968078613
38.7711334228516 38.726936340332 38.4470481872559 37.7016334533691 37.0482711791992 36.7348861694336 36.6818542480469 36.7815132141113 36.5098457336426 36.6891288757324 37.6589851379395 38.1064567565918 38.3125610351562 38.5480041503906 38.6483879089355 38.6083869934082 38.5061378479004 38.5080833435059 38.4706535339355 38.4594993591309 38.3523864746094 38.2218971252441 38.1047859191895 37.8735237121582 37.7423400878906 37.6740570068359 37.6189002990723 37.7521591186523 37.4992141723633 37.6330986022949 37.6590766906738 36.75634765625 36.0856742858887 35.5827827453613 35.0294723510742 35.1765785217285 35.1172866821289 34.9220390319824 35.0802154541016 34.970043182373 34.4262390136719 34.2428779602051 34.1232109069824 33.9304313659668 33.4191284179688 33.2205429077148
38.5729370117188 38.6524696350098 38.4984512329102 37.411205291748 36.5200843811035 36.4947547912598 36.6057357788086 36.4577026367188 36.1768188476562 36.3325614929199 37.5807991027832 38.1052589416504 38.354850769043 38.5677871704102 38.583122253418 38.5305328369141 38.5044708251953 38.4405822753906 38.3954086303711 38.3911361694336 38.4035034179688 38.3289184570312 38.1485710144043 37.921142578125 37.6718940734863 37.4926071166992 37.450122833252 37.3998260498047 37.3933601379395 37.276611328125 37.4913673400879 37.3352699279785 36.7002792358398 36.0099792480469 35.5183601379395 35.894905090332 35.824089050293 35.2906646728516 35.0708084106445 35.146125793457 34.9632797241211 34.6587524414062 34.3219375610352 34.0639419555664 33.7108268737793 33.3075675964355
38.3596458435059 38.4299545288086 38.5619621276855 38.0831680297852 36.9651222229004 36.5848426818848 36.9746208190918 36.4196739196777 36.2496299743652 36.347583770752 37.5503463745117 38.2232666015625 38.467945098877 38.5754280090332 38.49853515625 38.3944129943848 38.3752899169922 38.4067611694336 38.3717193603516 38.2540855407715 38.3103370666504 38.3704376220703 38.2107124328613 38.0396003723145 37.8203887939453 37.6393699645996 37.233283996582 37.0211219787598 36.6286392211914 37.015739440918 36.8299522399902 37.4288749694824 37.4788284301758 37.0908584594727 36.5392761230469 36.5749893188477 36.1490936279297 35.7540054321289 35.4085845947266 35.8264923095703 35.3595542907715 35.040153503418 34.863109588623 34.7059326171875 34.397159576416 34.2390441894531
38.2190055847168 38.1759262084961 38.3903312683105 38.4105224609375 37.921802520752 37.661262512207 37.590934753418 37.2001075744629 36.9764022827148 36.9931869506836 37.210090637207 37.6512756347656 38.378231048584 38.5287017822266 38.3962364196777 38.3021812438965 38.2797584533691 38.3385620117188 38.2972793579102 38.2265396118164 38.2521209716797 38.3533477783203 38.2995872497559 38.1006393432617 37.9790840148926 37.7732009887695 37.3945274353027 37.1531791687012 36.6923370361328 36.9476547241211 36.2475204467773 36.7073135375977 36.9644927978516 36.9881744384766 37.1223297119141 36.9856338500977 36.6345443725586 36.4733009338379 35.9737548828125 35.4201126098633 35.3373374938965 35.3741607666016 35.1069068908691 34.887523651123 34.8791694641113 34.7154502868652
38.3170509338379 38.2990112304688 38.3634490966797 38.4039573669434 38.2788314819336 37.61572265625 37.6176948547363 37.692455291748 37.4560356140137 37.4130897521973 37.6943511962891 38.0828742980957 38.4401168823242 38.5194358825684 38.4124565124512 38.2137336730957 38.2608032226562 38.2593536376953 38.0447578430176 38.0255699157715 38.173526763916 38.2453346252441 38.302791595459 38.1963081359863 38.064754486084 37.8984107971191 37.6660194396973 37.381649017334 37.1974639892578 37.0230445861816 36.5561904907227 36.1451263427734 36.2929954528809 36.2521553039551 36.7419013977051 36.4128875732422 36.6941413879395 36.4313850402832 36.0352783203125 35.578727722168 35.3211860656738 35.067253112793 34.5393600463867 33.9346885681152 34.5244102478027 34.7302703857422
38.4369277954102 38.399658203125 38.3762092590332 38.3656997680664 38.204963684082 37.3449211120605 37.1092796325684 37.5876808166504 37.4696655273438 37.1250343322754 37.4462547302246 38.1621170043945 38.4524345397949 38.4870491027832 38.3953323364258 38.1954345703125 38.1741600036621 37.9566307067871 37.6829147338867 37.8389282226562 38.1633682250977 38.1611785888672 38.2485313415527 38.239086151123 38.0592994689941 37.9905052185059 37.7792358398438 37.4705276489258 37.3747863769531 37.1271018981934 36.6775169372559 35.9257888793945 35.5965385437012 35.7518920898438 36.2523422241211 36.4042129516602 35.9819602966309 35.6001663208008 35.8148193359375 35.7376403808594 35.3624687194824 35.0897178649902 34.5074882507324 33.6731147766113 34.1253776550293 34.506965637207
38.4929466247559 38.4377746582031 38.3945159912109 38.363582611084 38.3246574401855 37.9576454162598 37.4576873779297 37.1963882446289 37.206226348877 36.976993560791 37.5025329589844 38.1716842651367 38.4248733520508 38.4379348754883 38.3473777770996 38.1514892578125 37.9613723754883 37.7482109069824 37.627758026123 37.9210968017578 38.0600929260254 38.1195068359375 38.0815582275391 38.1897277832031 38.1257934570312 38.0290565490723 37.8320159912109 37.543212890625 37.4121856689453 37.1974754333496 36.7471008300781 36.5118408203125 36.0134887695312 35.8064422607422 35.7456932067871 35.9075202941895 36.1841773986816 36.0182838439941 35.6229591369629 35.4004020690918 35.1776695251465 34.9452247619629 34.6738548278809 34.3345146179199 33.6810760498047 33.9734382629395
38.547477722168 38.4758529663086 38.4310493469238 38.4215087890625 38.3456573486328 38.1194725036621 37.8036003112793 37.1797943115234 37.0655174255371 37.2710800170898 37.7760314941406 38.2195014953613 38.3890724182129 38.383430480957 38.2455825805664 38.0696716308594 37.7396278381348 37.6591033935547 37.7809066772461 37.8153381347656 37.9741554260254 37.9027328491211 37.7113304138184 37.983585357666 38.1754989624023 38.0466537475586 37.8011665344238 37.6417045593262 37.4973068237305 37.382007598877 37.1721229553223 36.9200286865234 36.5825386047363 36.5217094421387 36.1655426025391 35.7946929931641 35.8914680480957 35.971549987793 35.7187232971191 35.5525741577148 35.3983535766602 35.1265182495117 34.4654388427734 34.0732116699219 34.1995697021484 34.2152442932129
38.5572967529297 38.5515975952148 38.4998931884766 38.4639625549316 38.3465003967285 38.2319068908691 38.1083831787109 37.7243270874023 37.2246971130371 37.331428527832 37.5107116699219 37.8250617980957 38.1349754333496 38.188045501709 38.1265907287598 37.9796676635742 37.7472839355469 37.6149749755859 37.4986572265625 37.548656463623 37.8036689758301 37.8012542724609 37.5439453125 37.9719619750977 38.1971244812012 38.0799026489258 37.8955001831055 37.7347946166992 37.6525764465332 37.5299758911133 37.4002647399902 37.1529006958008 36.8033638000488 37.0258445739746 36.8824234008789 36.4747161865234 35.9720916748047 35.849193572998 35.979362487793 36.4260063171387 35.6107215881348 35.3015213012695 34.8641738891602 34.1432952880859 34.068603515625 33.9421997070312
