inst/extdata/Tmax/Tmax134.asc
NCOLS 100 
NROWS 79 
XLLCORNER 148.06 
YLLCORNER -21.49 
CELLSIZE 0.01 
NODATA_value -3.4e+38 
[rows 20 to 39 of 79, columns 46 to 91 of 100]
36.1985893249512 34.644905090332 34.8105697631836 36.0166664123535 35.7690963745117 35.2415504455566 34.974796295166 33.9240913391113 35.5007858276367 36.734073638916 37.5733375549316 37.1586494445801 37.0992774963379 37.5606422424316 37.2406463623047 36.9696311950684 37.1504364013672 37.5490188598633 37.6201362609863 37.5721244812012 37.4617958068848 37.3211364746094 37.486629486084 37.4945220947266 37.3983497619629 37.2645568847656 37.124324798584 37.0857925415039 36.996711730957 36.6916961669922 36.6674156188965 36.8087005615234 36.6814804077148 36.4338264465332 36.3632583618164 36.2462120056152 36.1054763793945 36.0290794372559 35.9556274414062 35.8869400024414 35.7604064941406 35.4944953918457 34.9094924926758 34.6635246276855 34.7226638793945 34.64697265625
36.4658889770508 34.638557434082 33.5892295837402 35.0819282531738 34.9429626464844 34.4318313598633 35.167594909668 33.4892234802246 34.5595550537109 36.3309288024902 37.3631210327148 36.2177886962891 35.632999420166 37.1211395263672 36.1032257080078 35.7564392089844 36.4398193359375 37.451904296875 37.4111289978027 37.6854019165039 37.6986122131348 37.6453018188477 37.4376220703125 37.1243667602539 37.0634956359863 37.0479469299316 37.1134185791016 37.0336227416992 36.9089202880859 36.7923812866211 36.9471321105957 36.930908203125 36.8403205871582 36.5155639648438 36.5035934448242 36.3881378173828 36.2240028381348 36.1703567504883 36.1215324401855 36.0768089294434 35.8702049255371 35.6738319396973 35.419246673584 35.1786155700684 35.0144577026367 34.9502410888672
37.0080986022949 36.5639724731445 34.8804168701172 34.2901420593262 33.8509140014648 34.8247489929199 34.2813911437988 34.4783668518066 33.9220085144043 34.718391418457 36.6062545776367 36.9097938537598 35.5915794372559 35.8954315185547 35.5689697265625 35.9972305297852 36.8334884643555 37.1163711547852 35.9814720153809 36.9723892211914 37.5428009033203 37.5486335754395 37.0283622741699 36.3286247253418 36.7500762939453 36.6749649047852 37.0749320983887 37.1642684936523 36.8827705383301 36.9874420166016 37.0518760681152 37.0361328125 36.9884185791016 36.873950958252 36.7280006408691 36.5163955688477 36.3208808898926 36.1696090698242 36.1777839660645 36.185676574707 36.0011978149414 35.863941192627 35.5835380554199 35.427074432373 35.2779846191406 35.329402923584
36.4732360839844 36.307975769043 35.7398376464844 35.0127143859863 33.6832160949707 34.3028793334961 34.8511123657227 35.0019302368164 34.7589569091797 34.3388557434082 35.4817581176758 35.4332580566406 36.1662216186523 34.717357635498 35.4059410095215 36.6169052124023 36.5570755004883 36.825756072998 35.675952911377 37.3080368041992 37.843147277832 37.7072677612305 36.9296493530273 35.8125305175781 36.7447090148926 36.8180618286133 36.8482894897461 37.1526679992676 37.2508239746094 37.247428894043 37.1990203857422 37.1731109619141 37.1009826660156 36.9729156494141 36.8367881774902 36.649658203125 36.2796363830566 35.9700965881348 36.0293884277344 36.161003112793 36.0553283691406 36.0246887207031 35.7697830200195 35.697193145752 35.4684219360352 35.4409065246582
34.7500991821289 35.9138221740723 36.2070426940918 35.9703063964844 35.0380058288574 34.4451866149902 34.4262886047363 34.124080657959 34.8943061828613 34.389217376709 34.3567924499512 33.9165077209473 35.575252532959 36.2725524902344 35.5476188659668 36.3892021179199 36.9906539916992 37.4178009033203 37.1311912536621 37.8835983276367 37.8238487243652 37.6617546081543 37.0824432373047 36.3768653869629 36.9522933959961 37.1172943115234 36.8361778259277 36.8637428283691 36.9003448486328 37.2336502075195 37.0534477233887 37.2572402954102 37.1071929931641 37.0244598388672 36.90576171875 36.5853691101074 36.470630645752 35.9908676147461 35.7165489196777 36.009407043457 36.0380859375 36.0525016784668 35.8705101013184 35.8704071044922 35.8779029846191 35.71923828125
33.4314918518066 34.3152160644531 35.4987487792969 35.406005859375 34.6249923706055 33.9176368713379 33.5473403930664 33.0104293823242 34.0681533813477 34.6074104309082 34.1047477722168 34.2935829162598 35.5067825317383 37.1039619445801 36.6484451293945 36.6687431335449 36.7610816955566 37.8258094787598 37.8581848144531 37.8030815124512 37.736442565918 37.448371887207 36.424430847168 36.4266204833984 36.4682159423828 36.918083190918 36.6617813110352 36.1333045959473 36.5859260559082 37.3457450866699 37.2478981018066 37.2899208068848 37.2086639404297 37.1369438171387 36.9864654541016 36.812629699707 36.7824821472168 36.2817153930664 35.830192565918 36.026294708252 35.7211456298828 35.7715263366699 35.512149810791 35.9635200500488 35.9647827148438 35.8305473327637
33.3354721069336 33.1766662597656 33.8142318725586 34.3818855285645 34.989990234375 32.9253959655762 32.6638641357422 33.4100761413574 33.8532257080078 34.510009765625 34.5000381469727 34.8534698486328 36.3597183227539 37.0853881835938 37.4541206359863 37.5401649475098 37.612678527832 37.9667320251465 37.6423263549805 37.4681243896484 37.435863494873 37.0450401306152 37.1500511169434 37.3170967102051 37.280689239502 36.7546463012695 36.3810729980469 37.0487289428711 37.2046394348145 37.1323471069336 36.6512336730957 37.1133041381836 37.1852493286133 37.200927734375 37.1460838317871 37.0216293334961 36.7345771789551 36.4306449890137 36.4361305236816 36.2005424499512 36.0436630249023 35.5811157226562 35.9048614501953 36.0184669494629 35.8630104064941 35.6688499450684
33.5114784240723 33.0281295776367 33.2937393188477 33.5040283203125 33.9887771606445 32.4219169616699 32.1469306945801 32.5145950317383 33.6869659423828 34.3545036315918 33.8550987243652 34.3647575378418 35.1615867614746 36.1574516296387 37.3152389526367 37.0014343261719 37.8406028747559 37.9915733337402 37.4019088745117 36.7701606750488 37.2298622131348 37.3457717895508 37.5531196594238 37.6864433288574 37.726692199707 37.3546524047852 37.3108024597168 37.5399017333984 37.5475654602051 36.9713096618652 36.5720329284668 36.9467163085938 36.9853019714355 37.252513885498 37.2434883117676 37.1457672119141 36.9858818054199 36.7749176025391 36.4234580993652 35.7887268066406 35.5531883239746 35.414478302002 35.395149230957 35.823055267334 35.7709159851074 35.9508018493652
34.3422470092773 33.9299087524414 34.6120529174805 34.4544525146484 34.0786666870117 32.7673530578613 33.4702377319336 33.2179794311523 33.4854278564453 34.0125427246094 33.7299995422363 33.9672355651855 34.0736770629883 36.0136756896973 37.026195526123 36.3933296203613 37.5749092102051 37.7657661437988 37.482795715332 36.5433921813965 36.7090148925781 37.5387382507324 37.8049278259277 37.8588218688965 37.8335800170898 37.7069053649902 37.6776809692383 37.723258972168 37.3961868286133 36.8129081726074 36.6507186889648 37.1179580688477 37.389331817627 37.3745994567871 37.3265609741211 37.2546806335449 37.1720504760742 37.021541595459 36.7882423400879 35.8854217529297 35.3843955993652 34.7189292907715 35.3879356384277 35.3032379150391 35.8894386291504 36.0566177368164
35.8388786315918 35.684154510498 35.1324272155762 35.0622329711914 34.5659866333008 34.0886154174805 33.8033828735352 32.8735847473145 33.4501762390137 32.9708137512207 32.4970474243164 33.6925506591797 33.9867630004883 35.6540069580078 36.4686584472656 35.7961921691895 36.3745765686035 36.9852027893066 37.3970375061035 37.2601318359375 36.8472938537598 37.5778045654297 37.8974914550781 37.7072830200195 37.6476173400879 37.3574180603027 37.6332893371582 37.7776489257812 37.0396156311035 36.337589263916 36.7941780090332 37.1887016296387 37.4105606079102 37.4293441772461 37.3982429504395 37.3005867004395 37.2377319335938 37.1228370666504 36.9383354187012 36.6060028076172 36.0289306640625 35.5873222351074 35.1938209533691 34.9767990112305 35.5538063049316 35.8211288452148
34.8346138000488 34.8252182006836 34.8402061462402 34.496696472168 34.0397338867188 34.2230377197266 33.3868560791016 32.8974151611328 32.4086265563965 32.4761276245117 31.9059181213379 32.735050201416 32.7136192321777 34.7225875854492 35.6164283752441 34.5492820739746 35.0161819458008 36.3414039611816 37.3880348205566 37.7845878601074 37.3549690246582 37.7918167114258 37.9101409912109 37.5652961730957 37.5123443603516 37.5600547790527 37.871036529541 37.8147277832031 37.3624610900879 36.8095626831055 37.039493560791 37.2103996276855 37.4913330078125 37.4691009521484 37.3926162719727 37.3119888305664 37.2646713256836 37.1638793945312 37.0656776428223 36.8611450195312 36.5979919433594 36.1217269897461 35.7653427124023 35.663948059082 35.7568092346191 35.972526550293
34.1640319824219 34.3973426818848 34.2806282043457 34.226634979248 33.3817672729492 34.0962104797363 33.1962623596191 32.0265464782715 31.459545135498 31.8040447235107 31.4754409790039 32.0879821777344 32.7981185913086 34.4866790771484 34.7503890991211 34.3898735046387 36.2361068725586 37.005744934082 37.5735702514648 37.9113006591797 38.0715446472168 38.0761260986328 37.993968963623 37.8874397277832 37.68212890625 37.8570098876953 37.9148712158203 37.7909240722656 37.4621696472168 36.9261093139648 36.939380645752 37.3453063964844 37.4670486450195 37.0763359069824 37.3127174377441 37.341625213623 37.2807731628418 37.2098846435547 37.1207809448242 36.9781799316406 36.6832847595215 36.0490188598633 36.23876953125 36.2025527954102 36.0639610290527 35.9265480041504
33.5377426147461 33.808952331543 33.6496658325195 33.8907089233398 33.9604988098145 33.9403419494629 33.581298828125 32.5331802368164 32.6081390380859 32.6893081665039 31.7224292755127 31.5247802734375 32.3883895874023 34.4327812194824 34.8891067504883 35.3267097473145 35.3606300354004 36.0701751708984 37.5684623718262 37.9944190979004 38.0916557312012 38.0183601379395 37.866024017334 37.7919006347656 37.8738899230957 37.8869247436523 37.8314971923828 37.4942054748535 36.7234268188477 36.8237838745117 37.0238952636719 37.5947799682617 37.3520736694336 36.8784980773926 37.3576965332031 37.2503280639648 37.2286911010742 37.2144584655762 37.0853233337402 36.8140258789062 36.2986030578613 35.2683982849121 35.0125770568848 35.7528877258301 35.9626884460449 36.1065216064453
34.2047004699707 33.7415008544922 33.5796585083008 33.7240524291992 33.8400115966797 33.7347145080566 33.2995300292969 32.9335670471191 33.4599227905273 32.8027877807617 32.6504669189453 32.6261711120605 33.3442916870117 34.3783836364746 34.5067481994629 35.1474304199219 35.9995155334473 36.946605682373 37.6663627624512 37.9572486877441 38.1657905578613 38.1118392944336 37.6929969787598 37.435474395752 37.579704284668 37.4248962402344 37.471263885498 37.5635223388672 37.4421577453613 37.3927421569824 37.5756530761719 37.7423973083496 37.2321357727051 37.1256484985352 37.5198440551758 37.0819892883301 37.1331825256348 37.0487785339355 37.050952911377 36.7705612182617 35.6123962402344 34.9859313964844 34.4700736999512 35.7954788208008 36.1597557067871 35.9553909301758
34.6159629821777 33.4701232910156 33.4142074584961 33.5081176757812 33.626335144043 33.4741020202637 33.4813423156738 33.9842529296875 33.6357841491699 32.9126510620117 33.9397125244141 34.3496894836426 34.5046081542969 33.9126091003418 33.9185981750488 34.8539810180664 35.9780006408691 37.0903434753418 37.1395034790039 37.756706237793 38.0672950744629 38.0497207641602 37.646785736084 37.4251594543457 36.7614555358887 37.1693840026855 37.5403137207031 37.6226387023926 37.7667617797852 37.7382926940918 37.8193244934082 37.7394714355469 37.6756973266602 37.6569976806641 37.5801467895508 37.3323059082031 36.5655670166016 36.9738235473633 37.0653076171875 36.9751052856445 36.8737487792969 35.8649368286133 35.691463470459 36.6253700256348 36.7758102416992 36.6854629516602
34.6778755187988 33.7275199890137 33.3945350646973 33.3143730163574 33.5005149841309 33.303279876709 33.9238204956055 35.4394760131836 34.613224029541 33.960132598877 35.6565170288086 36.247486114502 35.8829460144043 34.0626602172852 34.4227828979492 34.4958229064941 36.2164611816406 36.2504348754883 36.1158981323242 36.8681106567383 37.753246307373 37.9028968811035 37.6163444519043 37.5797729492188 37.4470405578613 37.1367950439453 37.1633834838867 37.2456893920898 37.7462158203125 37.6848297119141 37.6960792541504 37.5155220031738 37.6309852600098 37.700870513916 37.4351425170898 37.3569412231445 36.798713684082 36.8475875854492 37.0046844482422 36.8315162658691 37.0774116516113 37.0274047851562 36.9027824401855 36.882999420166 36.9135055541992 36.7527008056641
34.4202651977539 33.7908554077148 33.5807342529297 33.7403221130371 33.666576385498 33.731876373291 34.1180038452148 36.0789833068848 36.2298164367676 34.9844627380371 36.7489433288574 37.5505447387695 36.9049987792969 35.8042297363281 35.7178649902344 36.2246131896973 36.7881278991699 37.1553916931152 37.3928451538086 37.6138114929199 37.7422485351562 37.5007667541504 36.3737373352051 36.5838661193848 36.9903984069824 36.6411933898926 36.785228729248 37.4310607910156 37.6909828186035 37.8137321472168 36.9290313720703 36.8792877197266 37.474063873291 37.6577949523926 37.2461242675781 37.2055740356445 36.5475578308105 36.9004554748535 37.0070495605469 36.8487701416016 37.1341667175293 37.1484756469727 37.1175155639648 37.0666198730469 36.9757270812988 36.6759300231934
34.4534225463867 34.0616493225098 34.0085487365723 34.1393814086914 34.3074340820312 34.4122657775879 35.1575660705566 36.7246894836426 36.599853515625 36.1497650146484 37.3637199401855 38.2759857177734 37.5611877441406 36.552978515625 36.0541458129883 37.4972305297852 37.7676734924316 37.9086570739746 38.0421867370605 38.0318717956543 37.649600982666 37.4077186584473 37.4649543762207 36.9883460998535 37.230152130127 37.5595092773438 37.6962738037109 37.7241249084473 37.8531646728516 37.7646446228027 36.4395141601562 36.9767799377441 37.5900726318359 37.4866828918457 37.1118927001953 37.0190162658691 36.8512573242188 37.1965827941895 37.1719398498535 37.1313819885254 37.0473709106445 37.123779296875 37.1136016845703 37.0744972229004 36.9726257324219 36.8755683898926
34.4334487915039 34.1432342529297 34.6446113586426 35.3437194824219 35.4342956542969 35.8427314758301 36.8185005187988 37.3438987731934 36.788459777832 37.1071090698242 38.2874603271484 38.6763076782227 38.1970443725586 37.309944152832 36.6304512023926 37.4923400878906 37.4634552001953 37.6821365356445 38.2514457702637 38.380126953125 38.0914344787598 37.7896614074707 38.0298881530762 37.8459320068359 37.7090835571289 38.0323181152344 37.9187545776367 37.8213691711426 37.9889984130859 37.7794914245605 37.237117767334 37.5669212341309 37.6606941223145 37.3818664550781 36.6082801818848 36.518196105957 36.730785369873 37.2463645935059 36.9781074523926 36.9171028137207 36.8729438781738 37.0492362976074 36.989673614502 36.9917373657227 36.8376998901367 36.8795928955078
34.4907188415527 34.6553535461426 35.7130355834961 36.3891181945801 37.0094680786133 37.818790435791 38.3450584411621 37.724063873291 36.0048789978027 36.5535545349121 37.8429527282715 38.7211456298828 38.3420829772949 38.0356216430664 37.2494773864746 38.0335655212402 38.1278305053711 37.592399597168 38.198844909668 38.4443130493164 38.3525657653809 37.9749717712402 38.2117958068848 38.2609748840332 38.1060905456543 38.1272430419922 37.9477958679199 37.3130111694336 37.9163131713867 37.9870834350586 37.8627433776855 37.7362976074219 37.4476585388184 37.1406593322754 36.4357109069824 36.4232711791992 36.9740447998047 36.8809051513672 36.7269668579102 36.5392265319824 36.5934944152832 36.7844161987305 36.5925102233887 36.8235740661621 36.4310417175293 36.668628692627
