inst/extdata/Tmax/Tmax23.asc
NCOLS 100 
NROWS 79 
XLLCORNER 148.06 
YLLCORNER -21.49 
CELLSIZE 0.01 
NODATA_value -3.4e+38 
[rows 20 to 39 of 79, columns 46 to 91 of 100]
28.3641796112061 26.4678382873535 26.1370754241943 27.5611667633057 27.1802864074707 26.7202434539795 25.6675090789795 24.6453323364258 26.9727745056152 28.9646415710449 29.8364181518555 30.0827236175537 29.9603958129883 30.7666244506836 29.6335391998291 30.1037998199463 30.3489379882812 30.8991432189941 32.1511001586914 31.9657821655273 33.7749214172363 35.8987007141113 37.0024185180664 36.6685791015625 35.1529655456543 35.512767791748 36.2161293029785 34.6895027160645 33.7239418029785 34.5571022033691 33.7613945007324 34.4954147338867 34.8533325195312 35.6626968383789 35.3580932617188 33.9128341674805 33.2897834777832 33.1379623413086 34.5366592407227 35.8567695617676 34.8591232299805 35.3568534851074 34.4304313659668 34.0302467346191 34.187427520752 34.9145812988281
30.9023914337158 25.5658054351807 25.0941753387451 26.344446182251 26.098072052002 25.4048595428467 26.361177444458 24.9192028045654 25.8423728942871 28.3703136444092 30.7642688751221 28.072437286377 27.3928070068359 29.9124450683594 28.1622371673584 28.1003093719482 29.1006774902344 30.9210548400879 30.7172908782959 31.4187507629395 33.9898338317871 36.3314094543457 31.0279636383057 30.7972240447998 34.1647758483887 35.8016967773438 37.0054321289062 33.4885635375977 34.3216552734375 33.1796417236328 33.5643844604492 33.5077285766602 34.0554428100586 33.4471664428711 34.9812355041504 34.743335723877 34.5990562438965 34.8030052185059 33.9447822570801 37.0947875976562 35.8075180053711 34.5319023132324 33.2942581176758 32.5399169921875 31.790355682373 32.0341835021973
32.013599395752 27.8887100219727 26.2391090393066 25.9471416473389 25.0999183654785 26.1177177429199 25.41943359375 25.9886112213135 25.2805843353271 26.1396408081055 28.7218799591064 29.1954746246338 27.7226943969727 27.8077354431152 27.5936470031738 28.3377342224121 29.4134712219238 30.0239601135254 28.5865535736084 30.0416889190674 35.8673782348633 34.0905799865723 30.543514251709 29.556547164917 30.2168292999268 30.363790512085 33.5288352966309 36.1522941589355 32.8352394104004 35.672721862793 36.6211471557617 37.9467391967773 35.0799407958984 33.9437141418457 34.8240127563477 35.2590408325195 36.5492095947266 36.1231079101562 37.3784103393555 35.5527610778809 34.5138740539551 35.3376121520996 34.5082817077637 34.5703392028809 30.6410236358643 30.781270980835
31.7267398834229 27.5667591094971 27.2159118652344 26.1263904571533 24.1747360229492 25.6486072540283 26.4503555297852 25.8635139465332 25.8185577392578 26.0331478118896 27.1741046905518 26.572301864624 27.8700561523438 26.7651233673096 31.1609916687012 32.9115829467773 28.8297920227051 29.3151550292969 28.1103515625 29.9699802398682 34.6315116882324 33.185001373291 31.5883865356445 28.6486320495605 29.7263832092285 30.4009437561035 30.6715679168701 34.8523101806641 34.3358917236328 32.8011703491211 34.0655479431152 34.2680892944336 34.7356491088867 34.2897911071777 34.1955070495605 34.32177734375 35.1135482788086 36.1899871826172 36.4780502319336 36.4659271240234 36.029182434082 35.5499992370605 34.0764999389648 34.3066215515137 32.6281204223633 30.0803394317627
30.0875282287598 30.4408664703369 30.666540145874 27.2369022369385 26.8658409118652 26.0316162109375 25.6366195678711 25.7037296295166 26.4660739898682 25.8283634185791 26.147367477417 25.6438293457031 27.4324569702148 34.4855346679688 27.3378372192383 28.7109375 29.7570323944092 30.1925392150879 29.6929969787598 31.3963108062744 34.0896759033203 33.809741973877 30.7551403045654 29.6811084747314 30.038028717041 30.7431106567383 30.3419780731201 30.4842758178711 30.4504337310791 34.4393615722656 36.0890579223633 35.4767074584961 34.0751686096191 34.7411041259766 33.3866004943848 32.8664283752441 35.419189453125 30.3481311798096 35.0142631530762 36.1710395812988 36.4822235107422 34.5083351135254 36.5390853881836 35.4782943725586 34.0996856689453 31.9135456085205
24.9538688659668 25.9557819366455 26.867244720459 26.8047389984131 26.1362819671631 25.2173862457275 24.8180122375488 24.4018363952637 25.6752128601074 26.1946849822998 25.8519916534424 25.8525047302246 27.5658283233643 29.3690948486328 29.1699047088623 29.2124137878418 29.3752193450928 32.857780456543 34.2094841003418 31.3255653381348 31.2488899230957 31.1221733093262 29.4024066925049 29.2384796142578 29.4982109069824 30.3790664672852 30.3670234680176 29.5317287445068 33.107364654541 31.5472545623779 36.0545539855957 35.158374786377 36.2246856689453 33.4237251281738 34.0716171264648 32.8435478210449 34.4793510437012 32.4211921691895 32.4705810546875 36.0838661193848 32.2108306884766 29.9609489440918 29.6895141601562 34.6528282165527 35.2258338928223 32.707462310791
24.7386703491211 24.7819900512695 25.3761138916016 25.9010581970215 26.254186630249 23.9960346221924 23.6965389251709 24.5834980010986 25.2439193725586 26.0117359161377 26.2172088623047 26.8296451568604 28.7198085784912 29.8774471282959 30.0675296783447 30.3568000793457 31.8277225494385 32.1413917541504 32.0837898254395 30.9503059387207 30.7187023162842 31.8393650054932 32.0796585083008 31.8418922424316 34.5988807678223 30.0128898620605 32.4439926147461 32.3070907592773 30.9953308105469 30.3785991668701 29.7527122497559 37.4953422546387 32.8410911560059 33.5065536499023 35.0816192626953 34.0536193847656 34.5486869812012 33.3319091796875 30.6504364013672 30.8926277160645 35.8171195983887 34.2535667419434 30.7128486633301 30.353572845459 34.4047317504883 33.5920944213867
25.2333889007568 24.5989570617676 24.8413791656494 25.0004596710205 25.5557899475098 23.629322052002 23.3519592285156 23.4649143218994 25.0671825408936 26.0045719146729 25.5016345977783 25.7352027893066 27.2169151306152 28.3626823425293 30.0309791564941 29.5706748962402 30.5974769592285 32.182674407959 30.7739944458008 29.5591220855713 30.6763153076172 31.9392871856689 33.9585304260254 36.5758934020996 36.156307220459 35.9255561828613 32.0327072143555 33.1373519897461 31.419885635376 30.4209003448486 30.1948661804199 35.5713348388672 33.8990669250488 32.6972808837891 33.4694900512695 33.54345703125 33.5275573730469 34.2049903869629 30.9261608123779 29.6133556365967 29.2926216125488 28.8849849700928 33.052059173584 29.7431507110596 30.6907196044922 32.7292442321777
26.0993595123291 25.4036407470703 25.615104675293 25.125940322876 25.2194023132324 23.7727146148682 24.99049949646 24.5913772583008 24.9801425933838 25.2163753509521 25.3281345367432 25.6395664215088 25.71067237854 27.5408515930176 29.2233028411865 28.7373867034912 30.4587574005127 31.5194664001465 30.6912040710449 29.2311515808105 29.5558547973633 33.8112907409668 34.8080787658691 36.6079292297363 36.1817588806152 37.181468963623 33.5094909667969 35.872974395752 33.1836318969727 30.0451202392578 30.1515979766846 34.3944244384766 34.5762786865234 34.2944564819336 32.4093208312988 33.1833305358887 34.4358177185059 34.461238861084 36.377685546875 33.0466003417969 35.1064872741699 33.6512641906738 28.9718971252441 29.511775970459 34.9927024841309 34.035400390625
27.0786933898926 27.0182247161865 26.3960933685303 26.5125713348389 25.7237682342529 25.3966789245605 25.3834629058838 24.2428226470947 24.8218173980713 24.6229000091553 23.8672027587891 25.1782779693604 25.4759540557861 27.462064743042 28.2842884063721 27.1732902526855 28.7455558776855 29.5045967102051 29.7393779754639 30.0036220550537 29.8017539978027 31.6760845184326 32.3981781005859 34.7076568603516 36.8701629638672 34.8406410217285 34.931812286377 33.3894844055176 33.4579620361328 29.7013111114502 30.0765743255615 32.8588256835938 33.9212875366211 32.5583190917969 34.1193695068359 32.1951942443848 34.2516708374023 32.8973770141602 34.9732055664062 31.1829223632812 29.9834384918213 29.4038028717041 31.3821239471436 28.6425247192383 30.4586544036865 32.0853881835938
25.8136615753174 25.6517333984375 25.8928318023682 25.7118091583252 25.5967845916748 25.6692695617676 24.3876438140869 24.3577480316162 23.704761505127 24.2512035369873 23.2226886749268 24.7928562164307 24.3237342834473 26.1923027038574 27.25856590271 26.1092300415039 26.4993686676025 28.6822414398193 29.9457969665527 31.6250553131104 30.6514987945557 31.3287124633789 32.4454650878906 32.9416809082031 33.0619239807129 33.624080657959 34.5206565856934 35.8016204833984 35.7911758422852 34.2774696350098 31.9593372344971 33.246639251709 34.3777618408203 33.8371391296387 35.9516983032227 36.7807235717773 33.6747512817383 32.4766654968262 32.664176940918 33.4493026733398 32.7478065490723 31.8062992095947 29.5540542602539 34.0915908813477 34.6749610900879 31.6952991485596
24.9532508850098 25.5767955780029 25.7458171844482 25.671594619751 24.7816505432129 25.709228515625 24.5509300231934 23.4258785247803 22.761531829834 22.6909732818604 22.7849273681641 23.3941822052002 30.81955909729 26.4151744842529 26.2025489807129 26.0277194976807 28.103422164917 29.3653011322021 30.1674194335938 30.8585109710693 34.0439758300781 32.8337516784668 33.2307243347168 32.7428169250488 33.3374977111816 34.7961082458496 36.984748840332 34.6012916564941 35.1895523071289 32.0115051269531 30.2651176452637 33.5026741027832 33.7711296081543 32.3419723510742 34.9855842590332 36.8557815551758 35.7969017028809 32.6411590576172 33.2211380004883 35.6896667480469 31.1813449859619 30.2754573822021 32.1252822875977 31.6638526916504 34.0189018249512 33.5335960388184
24.7927474975586 25.2175426483154 25.2013282775879 25.5184345245361 25.5314235687256 25.4641132354736 25.3226356506348 24.1470050811768 23.7902221679688 23.8570213317871 22.8583602905273 22.9244747161865 23.9307842254639 26.1228542327881 26.1614418029785 27.1543979644775 27.589282989502 28.1599502563477 29.9624004364014 30.7324028015137 32.2668762207031 32.2133140563965 32.2301139831543 31.9865379333496 32.878604888916 34.8595733642578 36.7628402709961 33.3862113952637 29.935022354126 30.0592765808105 30.266357421875 34.3681716918945 35.8290557861328 32.2558860778809 34.8851890563965 36.542797088623 32.8246116638184 32.8275833129883 34.0142440795898 34.9042816162109 35.1105041503906 34.4052085876465 28.1182746887207 29.250560760498 29.3313236236572 29.698558807373
25.0964832305908 24.4105224609375 24.6510467529297 25.2933292388916 25.4340896606445 25.3692817687988 24.9656105041504 24.4799289703369 24.9702701568604 24.4908237457275 24.1563720703125 24.0441055297852 25.2107753753662 25.868278503418 25.6909141540527 27.196647644043 28.0248775482178 28.9420070648193 29.9396629333496 30.3144760131836 33.268009185791 36.0879249572754 37.3305778503418 30.7571830749512 30.8177661895752 30.8329391479492 30.623908996582 33.287353515625 32.3137245178223 33.9267425537109 33.3816947937012 33.9399490356445 32.7713928222656 34.6179275512695 35.1292495727539 30.6319427490234 33.8900260925293 33.666877746582 35.3534622192383 35.374080657959 32.1971054077148 33.3342018127441 32.6527938842773 31.433464050293 31.6417560577393 31.1089191436768
26.1667861938477 24.8347282409668 24.7117938995361 24.3673324584961 25.1590633392334 25.058614730835 25.0390033721924 25.7713375091553 25.3480091094971 24.4971714019775 25.1604461669922 25.676061630249 26.1825294494629 25.0450859069824 25.4498729705811 26.6578254699707 28.3267097473145 29.6207618713379 29.0819244384766 30.4463882446289 32.6551551818848 35.5982856750488 36.1479949951172 30.666145324707 29.7007026672363 30.1669368743896 30.865665435791 31.0061016082764 32.6797561645508 32.9332122802734 35.7323913574219 37.0763626098633 37.6562728881836 35.300178527832 36.2071533203125 32.8613243103027 33.7160224914551 34.1562728881836 33.4246253967285 34.4514579772949 35.1285095214844 32.2400856018066 29.8060035705566 32.7759399414062 32.4619064331055 33.2983512878418
25.8861312866211 25.0075569152832 24.7443065643311 24.7824153900146 25.0221099853516 24.9134330749512 25.5368690490723 26.7818756103516 32.053466796875 24.7879619598389 27.0646057128906 27.6791305541992 27.6455879211426 25.2969989776611 26.1127605438232 26.2615852355957 27.7449226379395 28.2079563140869 28.1549472808838 29.427713394165 30.5352973937988 31.2099266052246 32.9363174438477 36.0656280517578 31.0324020385742 30.3344497680664 29.8296871185303 30.0514392852783 33.3068809509277 37.575366973877 33.8283843994141 30.937873840332 36.7534103393555 34.9249153137207 34.5737419128418 31.2917575836182 33.1651878356934 32.4880256652832 36.1955070495605 35.7899513244629 34.0419960021973 34.0973930358887 33.5486068725586 33.6655349731445 33.776741027832 35.105094909668
25.2753276824951 25.0268058776855 24.8003177642822 25.1425724029541 25.2266483306885 25.4231262207031 25.6434211730957 27.6247329711914 27.7087574005127 26.1241111755371 28.5519847869873 29.4122314453125 28.8456478118896 27.3011283874512 27.4332828521729 28.1231689453125 28.7431316375732 29.5383262634277 29.9184513092041 30.2369136810303 30.5959320068359 30.9357528686523 28.7846946716309 28.9652652740479 29.6646671295166 29.1129283905029 29.5848770141602 35.5316200256348 33.3324813842773 37.0663642883301 30.0769481658936 29.4550189971924 30.3964328765869 34.1846084594727 34.7334365844727 33.5652084350586 31.8031978607178 33.2923851013184 33.0602798461914 34.0033531188965 35.3475112915039 36.2393569946289 36.0602531433105 35.8200225830078 34.6063995361328 34.8871231079102
25.3996620178223 26.0822010040283 25.0239353179932 25.5347595214844 25.6177597045898 26.3103294372559 26.8371868133545 30.3153285980225 28.3618640899658 28.0741004943848 29.3287563323975 30.5586833953857 29.6335277557373 28.5370006561279 28.6607055664062 29.9962596893311 30.5098266601562 30.5692520141602 31.7931480407715 31.4966735839844 32.8993911743164 31.2911758422852 30.5168113708496 29.8571300506592 30.2742404937744 30.7249069213867 33.4261817932129 32.499080657959 32.4119338989258 32.6266021728516 31.0981349945068 32.2289810180664 31.3654174804688 33.8444747924805 30.5783596038818 34.0903129577637 35.0294532775879 35.0001983642578 34.9294624328613 32.3116645812988 32.8795623779297 34.4301071166992 33.5751686096191 34.7641525268555 35.2744369506836 35.3185005187988
26.8538780212402 26.7325782775879 25.5804214477539 26.722017288208 26.8211688995361 27.1560707092285 27.892427444458 29.2624759674072 28.2414989471436 28.8073863983154 30.9609642028809 32.7021026611328 30.6477851867676 29.4923343658447 28.6271171569824 29.7726898193359 29.7011260986328 30.2994995117188 31.4530754089355 36.1022453308105 31.4050006866455 31.6835842132568 33.954761505127 33.2632827758789 33.0270690917969 32.8201026916504 34.4815979003906 33.7118721008301 34.3282279968262 33.7197723388672 31.9729290008545 32.7510986328125 34.6447372436523 34.3174285888672 30.2163639068604 29.5214443206787 30.0032062530518 31.3297901153564 30.8112545013428 32.8589553833008 36.4265899658203 36.0547256469727 33.0569877624512 32.4087677001953 30.8667774200439 31.0833644866943
26.0690422058105 26.1061325073242 26.4448261260986 27.9294376373291 28.5287609100342 29.2489852905273 30.531307220459 28.8779716491699 27.8265609741211 28.3087596893311 29.2631282806396 31.5968208312988 31.0813274383545 30.5801944732666 29.3447132110596 32.0736351013184 31.8924503326416 33.8884582519531 36.4774169921875 34.413402557373 34.6650848388672 33.3300018310547 32.7886810302734 33.2246437072754 33.3140106201172 32.9321784973145 32.8648223876953 32.4963645935059 33.1898040771484 34.3082237243652 33.6462554931641 33.0596961975098 30.8978672027588 30.5864543914795 29.3398704528809 32.5291709899902 33.9655990600586 30.4034729003906 30.3395404815674 30.1367263793945 30.0344390869141 32.7754592895508 32.2636528015137 33.4938888549805 31.9872016906738 31.4890918731689
