inst/extdata/Tmax/Tmax69.asc
NCOLS 100 
NROWS 79 
XLLCORNER 148.06 
YLLCORNER -21.49 
CELLSIZE 0.01 
NODATA_value -3.4e+38 
[rows 20 to 39 of 79, columns 0 to 45 of 100]
39.372276306152301 39.3845558166504 39.3582038879395 39.3153190612793 39.3104362487793 39.3761215209961 39.2946701049805 39.2239608764648 39.1574249267578 39.0702056884766 38.9189300537109 38.5950927734375 38.2324829101562 37.709846496582 36.6346588134766 36.2694549560547 36.1965255737305 36.9655532836914 37.7713584899902 38.0822105407715 38.0726280212402 38.0568695068359 38.2857360839844 38.2806434631348 38.1430130004883 37.904899597168 37.422176361084 36.6789016723633 37.0724029541016 37.0983467102051 37.5331268310547 37.5135383605957 37.5926513671875 37.5399055480957 37.4822044372559 37.2724456787109 36.9464492797852 36.9210815429688 36.5380516052246 36.7041854858398 36.5108222961426 35.9318008422852 36.0741729736328 36.0860290527344 36.1507034301758 36.145679473877
39.4521141052246 39.4819641113281 39.4644927978516 39.4206199645996 39.4063987731934 39.387336730957 39.2661743164062 39.1916961669922 39.1563720703125 39.0907211303711 38.9808197021484 38.8284759521484 38.6367988586426 37.8935279846191 36.6742935180664 36.3954124450684 36.5751914978027 37.2123031616211 37.5911903381348 37.8616027832031 37.9361343383789 37.8433609008789 38.2214851379395 38.2993354797363 38.130786895752 38.1172065734863 38.0703506469727 37.4650611877441 37.3208999633789 37.6901016235352 37.7527732849121 37.6419105529785 37.3674430847168 36.8820495605469 36.869930267334 36.8258323669434 37.1379280090332 36.5769958496094 36.2443580627441 36.4572677612305 36.1331062316895 36.1726112365723 35.9277496337891 35.1959762573242 35.4214210510254 35.917049407959
39.527587890625 39.5472259521484 39.5274276733398 39.4990539550781 39.4687271118164 39.4254035949707 39.2742462158203 39.1659889221191 39.1086921691895 39.0673027038574 38.9640007019043 38.888916015625 38.7402992248535 38.2557258605957 37.3570518493652 36.6640815734863 36.1225547790527 36.5041923522949 36.9475402832031 37.5690498352051 37.6351852416992 37.7041244506836 38.1740608215332 37.9884262084961 37.6487083435059 37.9038581848145 37.9342613220215 37.963508605957 37.7252006530762 37.728515625 37.502140045166 37.3295516967773 36.8681373596191 36.585636138916 36.3797950744629 36.5220146179199 36.4391670227051 35.9780387878418 35.9295768737793 35.8401908874512 35.5729103088379 34.9578018188477 35.542652130127 35.289966583252 34.490291595459 35.5758209228516
39.5451202392578 39.5528221130371 39.540283203125 39.516716003418 39.469970703125 39.444953918457 39.3681564331055 39.1350059509277 39.0385704040527 39.0355262756348 38.883731842041 38.7205200195312 38.7786254882812 38.4735069274902 37.842586517334 37.1976470947266 36.5105628967285 36.2455558776855 36.7184143066406 36.9513206481934 37.3630065917969 38.113525390625 37.8998870849609 37.4052467346191 37.4972457885742 37.5867538452148 37.3254318237305 38.0183601379395 38.0104179382324 37.880199432373 37.6825485229492 36.8172187805176 36.5354690551758 36.6675796508789 36.9009742736816 36.5202560424805 35.7742004394531 35.3208999633789 35.8663558959961 35.4417152404785 34.8449554443359 33.6913642883301 34.3232879638672 35.2344207763672 33.7842712402344 34.8094635009766
39.5333023071289 39.5611534118652 39.5581016540527 39.516975402832 39.4709625244141 39.4538345336914 39.4309692382812 39.2846984863281 39.1371688842773 38.9925079345703 38.8971824645996 38.8448295593262 38.6957740783691 38.4182586669922 37.806770324707 37.234375 36.6130104064941 36.2878189086914 36.4340896606445 36.4145011901855 37.3606071472168 37.983943939209 37.1018524169922 36.6502494812012 37.2739677429199 37.2333984375 37.3545951843262 37.8913040161133 38.0473480224609 37.7357177734375 37.6674003601074 37.461051940918 37.4133644104004 37.4304046630859 37.1566200256348 36.8959159851074 36.5552749633789 35.660831451416 35.4600372314453 35.2315902709961 33.838794708252 33.354362487793 33.6825256347656 35.1171531677246 33.5315933227539 33.8000030517578
39.5278587341309 39.5279235839844 39.5106925964355 39.4746284484863 39.4643440246582 39.452033996582 39.4476776123047 39.3969078063965 39.2682495117188 39.0713882446289 38.9091873168945 38.7838363647461 38.6523818969727 38.2848777770996 37.915599822998 37.4554138183594 36.9425659179688 36.6420974731445 36.9880104064941 37.5261077880859 37.4939041137695 37.3929710388184 36.9868316650391 35.9419898986816 36.3361167907715 36.9326171875 37.0296401977539 37.9480323791504 38.0606498718262 37.7643547058105 37.0702514648438 37.5084686279297 37.380916595459 37.2588310241699 37.0255432128906 36.7554473876953 36.6318588256836 35.4514274597168 34.4080543518066 34.7105026245117 33.5361328125 34.1848258972168 34.4391822814941 35.1433715820312 34.3149185180664 33.4328308105469
39.4737701416016 39.4793281555176 39.4595184326172 39.4498596191406 39.428596496582 39.4112930297852 39.4535179138184 39.436466217041 39.3188972473145 38.9925117492676 38.894645690918 38.6707992553711 38.6481475830078 38.3408393859863 37.7343902587891 36.8580131530762 36.5321044921875 36.6660690307617 37.0300140380859 36.9360542297363 37.0676307678223 37.7486915588379 37.6136512756348 36.3903045654297 36.0415306091309 36.7709846496582 37.3789901733398 38.0219116210938 38.0574836730957 37.8682670593262 37.2066841125488 36.88134765625 37.4544410705566 37.0201416015625 36.6545639038086 35.9822654724121 35.7307968139648 35.7966079711914 34.931812286377 33.8656120300293 33.5179557800293 33.7538795471191 33.6479568481445 34.4623527526855 33.6853332519531 33.1399841308594
39.396614074707 39.3980178833008 39.3972625732422 39.41650390625 39.4155082702637 39.4405059814453 39.4853630065918 39.4635963439941 39.3924140930176 39.2324867248535 39.0342674255371 38.8118095397949 38.7013664245605 38.5307006835938 37.7928733825684 36.8588027954102 36.5772705078125 36.5143814086914 36.6016235351562 36.5647773742676 37.4586868286133 37.9341201782227 37.4915351867676 36.7874946594238 36.3096694946289 36.4773406982422 36.5536193847656 37.7560768127441 37.9971389770508 37.8823928833008 37.2493476867676 37.1545181274414 37.3542251586914 36.7574462890625 36.1896629333496 35.7145462036133 34.9586372375488 35.5091857910156 35.3551216125488 33.8674087524414 33.4883689880371 33.6227264404297 33.5256233215332 33.9814720153809 33.4799690246582 33.2123870849609
39.0351791381836 38.9878349304199 39.1696090698242 39.3852767944336 39.4653015136719 39.506950378418 39.5093994140625 39.4810371398926 39.3673400878906 39.2673759460449 39.1252403259277 38.6986312866211 38.7505149841309 38.6154479980469 38.1976051330566 37.2167434692383 36.6113052368164 36.1712303161621 36.4106521606445 37.1087379455566 37.4939727783203 37.7526931762695 37.0456428527832 36.4421424865723 36.2729530334473 36.3717994689941 36.699146270752 37.3846206665039 37.9425354003906 37.9638214111328 37.5475387573242 37.3164253234863 36.9579734802246 36.1259384155273 35.1698226928711 34.8085746765137 34.5222015380859 34.666919708252 34.7706146240234 34.4253311157227 33.9764671325684 34.0584754943848 33.8080139160156 33.6065216064453 33.5914344787598 33.5131950378418
38.3692321777344 39.0299644470215 39.2580413818359 39.0406951904297 39.4429244995117 39.5348854064941 39.5300521850586 39.500415802002 39.3297805786133 39.1997146606445 39.1729354858398 38.9499282836914 38.7485580444336 38.6265487670898 38.4111213684082 37.9899597167969 37.5310974121094 36.3975296020508 36.6414604187012 36.6872291564941 36.7923164367676 37.5242729187012 37.1647911071777 36.4926643371582 36.3053741455078 36.114673614502 36.0705604553223 37.3675842285156 37.9894027709961 38.0218887329102 37.3751182556152 36.5862350463867 36.3166389465332 36.0128440856934 35.776496887207 34.9390106201172 34.8607559204102 34.5047416687012 34.1446533203125 34.3302879333496 35.7546005249023 35.7939567565918 34.8644218444824 33.6794471740723 34.5017395019531 34.5627479553223
38.6245193481445 39.288875579834 39.285472869873 38.8591957092285 39.4308891296387 39.5474472045898 39.5606002807617 39.5272941589355 39.4640808105469 39.2753639221191 39.175163269043 39.1001815795898 38.9457321166992 38.7676773071289 38.5226593017578 38.0499076843262 37.3756675720215 36.9900779724121 36.598274230957 36.7869300842285 36.8296775817871 37.1618576049805 36.6494979858398 36.4897422790527 36.2220230102539 35.6852645874023 35.897632598877 37.2997512817383 37.9253349304199 37.9348258972168 37.8977508544922 37.7397613525391 36.853630065918 36.0772094726562 35.9996871948242 35.5879096984863 35.6722145080566 35.4946670532227 35.1294326782227 35.4971237182617 36.6387672424316 36.6576538085938 36.2946548461914 35.8213424682617 35.700008392334 35.205322265625
39.2334632873535 39.4225616455078 39.4460716247559 39.4257659912109 39.4699287414551 39.5595550537109 39.5588569641113 39.5349998474121 39.4804534912109 39.406421661377 39.2502136230469 39.1804733276367 39.0860252380371 38.9107246398926 38.6869125366211 38.2926635742188 37.6072731018066 37.2430191040039 36.6557998657227 36.546028137207 36.5826988220215 36.9165077209473 36.5927734375 36.362174987793 36.2900085449219 36.2922668457031 36.9173355102539 37.7262992858887 37.9887657165527 37.576171875 37.4863128662109 37.4658126831055 37.6009712219238 37.1912269592285 36.9538269042969 36.3286399841309 37.1059112548828 36.962574005127 36.9121627807617 36.8953323364258 36.6902885437012 35.9622535705566 35.1776504516602 34.8904571533203 34.7556762695312 34.1347503662109
39.0485954284668 39.5799331665039 39.5984878540039 39.5895538330078 39.5661926269531 39.5519676208496 39.5091934204102 39.5224189758301 39.4961128234863 39.4615821838379 39.4047546386719 39.2861366271973 39.1288299560547 38.9870414733887 38.8209228515625 38.6102447509766 38.2232818603516 37.6703643798828 37.0513916015625 36.4590034484863 36.460994720459 36.8029136657715 36.6820793151855 36.4339485168457 36.2969856262207 36.4032669067383 37.5149879455566 38.030517578125 38.0577850341797 37.8996391296387 37.4971351623535 37.0004386901855 37.5153884887695 37.5726432800293 37.5758819580078 37.147045135498 37.4280166625977 37.1754837036133 37.0459861755371 36.8909034729004 35.9332084655762 34.7811813354492 33.7213516235352 33.9766235351562 33.8824615478516 33.0569152832031
38.9557075500488 39.4233665466309 39.259838104248 39.1483116149902 39.2320823669434 39.4986839294434 39.4772567749023 39.4734382629395 39.463077545166 39.4317855834961 39.3856163024902 39.3412551879883 39.2360534667969 39.0997467041016 38.9618911743164 38.770149230957 38.4193687438965 38.0659828186035 37.8307685852051 37.3097229003906 36.5286178588867 36.6943511962891 36.4922523498535 36.5290756225586 36.4091415405273 36.365291595459 37.1852073669434 38.0127830505371 38.0494155883789 37.7822875976562 37.6531600952148 36.7990570068359 37.0028762817383 37.1730537414551 37.3755302429199 37.4416465759277 37.3014755249023 37.1435241699219 36.8184928894043 36.8323364257812 36.5547142028809 35.5543518066406 34.8775482177734 35.2892990112305 34.912036895752 33.9685554504395
39.2351341247559 39.4310417175293 39.0952033996582 38.5581169128418 38.6241683959961 39.3351707458496 39.4706726074219 39.4243431091309 39.4156455993652 39.4061737060547 39.3257827758789 39.3347206115723 39.2764472961426 39.1724510192871 39.0386734008789 38.8738327026367 38.6187133789062 38.0736885070801 37.7319831848145 37.3444938659668 36.7798538208008 36.685230255127 36.5154266357422 36.3218002319336 36.2732887268066 36.5589447021484 37.4348335266113 38.0060195922852 37.5969047546387 37.401538848877 37.4605331420898 37.1557006835938 36.8794326782227 36.5930252075195 36.3548927307129 36.7157363891602 36.5359306335449 36.7655639648438 36.6753234863281 36.4905128479004 36.2571830749512 36.481071472168 36.2531127929688 35.9763374328613 35.476245880127 35.0694847106934
39.3555793762207 39.412727355957 39.2393836975098 38.9806137084961 38.726001739502 39.1357917785645 39.3453826904297 39.3430290222168 39.3582191467285 39.3826026916504 39.3532600402832 39.3610343933105 39.2939567565918 39.2281608581543 39.091251373291 38.9056549072266 38.7047424316406 38.5099906921387 38.1790542602539 37.6447715759277 37.3171730041504 37.0845565795898 36.651611328125 36.107551574707 36.2165641784668 36.3963775634766 37.5215187072754 37.8992195129395 36.393913269043 36.0432205200195 36.5356941223145 36.6825218200684 36.6214904785156 36.4236793518066 36.0096778869629 35.7783546447754 36.174388885498 36.0196685791016 35.9674034118652 35.9009819030762 35.6632347106934 35.3969192504883 35.5636558532715 35.911075592041 35.3866767883301 34.4578895568848
39.2685890197754 39.2753982543945 39.2699279785156 39.0389022827148 38.8024024963379 38.9307136535645 39.0774536132812 39.209400177002 39.2742118835449 39.3475799560547 39.3126678466797 39.2850303649902 39.329044342041 39.2558746337891 39.1437530517578 38.9157829284668 38.8797149658203 38.733943939209 38.5203170776367 38.2002105712891 38.0631332397461 37.4083137512207 36.9060134887695 36.5021743774414 36.4773712158203 36.7663040161133 37.5654106140137 37.4559707641602 37.1986999511719 37.0899085998535 36.4493598937988 36.3686294555664 36.1902961730957 36.0490608215332 35.4378890991211 35.0810890197754 35.2263031005859 35.1564826965332 35.3216018676758 35.1324844360352 35.0963401794434 34.3254852294922 34.8695640563965 35.5301399230957 35.3125419616699 34.1079063415527
38.8644523620605 39.1067276000977 39.2443237304688 39.1443748474121 38.9699363708496 38.8494415283203 38.8156280517578 39.0872955322266 39.1551513671875 39.2697067260742 39.3127365112305 39.2862663269043 39.3108558654785 39.3019218444824 39.1446533203125 39.0439262390137 38.9671325683594 38.8496627807617 38.7044219970703 38.5256233215332 38.3430442810059 37.7530250549316 36.8102188110352 36.8601913452148 36.2748603820801 36.7260780334473 37.4751472473145 36.9963188171387 37.123046875 37.4681968688965 37.3495025634766 37.1931037902832 36.6319236755371 36.2614707946777 34.9564819335938 33.8885269165039 33.8975105285645 33.7822303771973 33.7263412475586 34.0866775512695 34.1961860656738 34.3335571289062 34.456470489502 35.1395072937012 34.9966163635254 34.6511993408203
38.9784469604492 39.0356330871582 39.1161727905273 39.0790977478027 39.0325965881348 38.770191192627 38.5739212036133 38.3459091186523 38.851993560791 39.2231826782227 39.3065452575684 39.3143424987793 39.3534507751465 39.3294868469238 39.0743637084961 38.7390556335449 38.7375297546387 38.7520217895508 38.7652893066406 38.647834777832 38.5129852294922 38.1635780334473 37.2519302368164 37.4756965637207 36.6741218566895 36.6465225219727 36.7467803955078 36.9721755981445 36.0982246398926 36.6154479980469 36.2894897460938 36.3525161743164 37.3259773254395 36.9583320617676 36.1586647033691 34.3075408935547 33.5270080566406 33.5073013305664 32.9317436218262 33.2660026550293 33.7652893066406 33.736198425293 33.7730178833008 34.8624458312988 34.4770240783691 34.018009185791
39.0571174621582 38.9783515930176 38.9968452453613 38.8227195739746 38.9640846252441 38.876781463623 38.6724281311035 38.4434204101562 38.5806121826172 39.0456428527832 39.2196922302246 39.3422431945801 39.3544616699219 39.3069610595703 39.239688873291 38.9046440124512 38.5857009887695 38.3992233276367 38.590446472168 38.665283203125 38.5324630737305 38.390453338623 38.1111450195312 37.6264305114746 36.7343521118164 36.535717010498 36.4773292541504 36.5212516784668 36.5388984680176 36.0808219909668 35.587272644043 36.1944427490234 37.136589050293 36.5154266357422 36.6654090881348 36.2026443481445 35.8213691711426 35.6872596740723 34.8578071594238 33.9203338623047 34.4856338500977 34.2037620544434 34.4902877807617 34.6162414550781 34.3441925048828 33.9345741271973
