inst/extdata/Tmax/Tmax11.asc
NCOLS 100 
NROWS 79 
XLLCORNER 148.06 
YLLCORNER -21.49 
CELLSIZE 0.01 
NODATA_value -3.4e+38 
[rows 20 to 39 of 79, columns 46 to 91 of 100]
26.7877254486084 25.2746429443359 24.9109363555908 25.9967021942139 25.6967010498047 25.4003810882568 24.3734302520752 23.4809665679932 25.5022506713867 26.9551582336426 27.4189796447754 27.828763961792 27.7084693908691 28.2814788818359 27.2693462371826 27.8272075653076 27.967212677002 28.3115615844727 29.5057392120361 29.3177833557129 31.1442832946777 33.3084449768066 34.3108901977539 33.9492111206055 32.4511489868164 32.8340187072754 33.5723342895508 32.0327072143555 31.0785255432129 32.0250854492188 31.2059192657471 31.8531818389893 32.2540168762207 33.1676597595215 32.8596076965332 31.4137306213379 30.8124103546143 30.6602420806885 32.0662879943848 33.4048919677734 32.4333419799805 32.9526329040527 32.175422668457 31.7815837860107 31.856912612915 32.5853881835938
29.2555332183838 24.3799457550049 24.0316429138184 25.0786914825439 24.840389251709 24.2018260955811 25.0483684539795 23.8154544830322 24.5888519287109 26.5743503570557 28.4880847930908 26.2683639526367 25.8041610717773 27.6736297607422 26.3348217010498 26.382719039917 27.0777053833008 28.431812286377 28.2235507965088 28.7759704589844 31.3089542388916 33.652717590332 28.4236698150635 28.3107929229736 31.6797294616699 33.2886848449707 34.4363174438477 30.9303340911865 31.7965354919434 30.6848564147949 30.9689598083496 30.9031391143799 31.4810180664062 31.0044898986816 32.5076446533203 32.2798156738281 32.1792640686035 32.3833694458008 31.5314922332764 34.6940650939941 33.4329299926758 32.1746597290039 30.9845581054688 30.2850818634033 29.5824813842773 29.8380947113037
30.1785755157471 26.2216796875 25.0178565979004 24.7919960021973 23.9897899627686 24.8687171936035 24.2304611206055 24.7631893157959 24.1162719726562 24.8608436584473 26.8202152252197 27.1411914825439 26.1910552978516 26.1316184997559 26.025146484375 26.567253112793 27.2718925476074 27.7378425598145 26.7567157745361 27.7766971588135 33.3181533813477 31.5180606842041 28.1823310852051 27.4701900482178 27.9305744171143 28.0789852142334 31.0460147857666 33.6067543029785 30.3975296020508 33.1691665649414 34.0624046325684 35.3814697265625 32.5276298522949 31.4155197143555 32.3346748352051 32.8314895629883 34.1887359619141 33.8131866455078 35.054817199707 33.1975135803223 32.1821403503418 33.020378112793 32.2741508483887 32.376651763916 28.4978504180908 28.605131149292
30.1666736602783 26.0546627044678 25.8901176452637 24.8858203887939 23.0919914245605 24.4754085540771 25.1956825256348 24.5782814025879 24.5546112060547 24.8132343292236 25.7778339385986 25.1726398468018 26.1565780639648 25.452299118042 29.7056465148926 30.9397850036621 26.862117767334 27.2142181396484 26.4572372436523 27.6208782196045 32.0101623535156 30.6044616699219 29.3343696594238 26.8296318054199 27.5096664428711 28.1250534057617 28.3637752532959 32.391357421875 31.8120212554932 30.2631969451904 31.5272579193115 31.7311611175537 32.2149391174316 31.8037662506104 31.7491607666016 31.9320030212402 32.8724060058594 34.0682601928711 34.3225440979004 34.217586517334 33.7829322814941 33.2824211120605 31.8961429595947 32.1409454345703 30.5532073974609 28.009183883667
28.9183731079102 29.1096897125244 29.2105731964111 25.8538913726807 25.6169319152832 24.8455848693848 24.4426155090332 24.5376014709473 25.1913204193115 24.6083507537842 24.9188823699951 24.4610614776611 25.994873046875 32.7502059936523 25.8687973022461 26.8794059753418 27.6552639007568 27.8863067626953 27.4934005737305 28.8409748077393 31.5318584442139 31.3060550689697 28.4899501800537 27.6914196014404 27.7915649414062 28.3986434936523 28.1028881072998 28.2182884216309 28.1547832489014 31.9821815490723 33.6945533752441 32.9781684875488 31.624584197998 32.3081474304199 30.9892082214355 30.5897045135498 33.1807250976562 28.3018245697021 33.0536460876465 34.0712585449219 34.3369331359863 32.3339042663574 34.4262161254883 33.3556709289551 31.9700031280518 29.8459568023682
23.9486351013184 24.8344593048096 25.5859642028809 25.5248203277588 24.9456424713135 24.1018562316895 23.7375316619873 23.3756675720215 24.5114097595215 24.9533863067627 24.6617069244385 24.628978729248 26.1774616241455 27.3326835632324 27.3051242828369 27.3122253417969 27.4181880950928 30.4201107025146 31.7385196685791 28.8599700927734 28.7853813171387 28.7696495056152 27.4640483856201 27.2818489074707 27.5087013244629 28.1811790466309 28.2619018554688 27.6238613128662 31.0091152191162 29.1091899871826 33.6436309814453 32.7121315002441 33.7975807189941 31.0120811462402 31.7143077850342 30.5443572998047 32.1841812133789 30.3307781219482 30.5358276367188 34.0551834106445 30.274995803833 27.9936294555664 27.8102760314941 32.5936813354492 33.1657638549805 30.6395664215088
23.7473850250244 23.7994136810303 24.3091239929199 24.7555694580078 25.0229740142822 23.0022621154785 22.723560333252 23.5140552520752 24.1117553710938 24.7891674041748 24.983959197998 25.5426731109619 27.0540637969971 27.8943271636963 27.9079494476318 28.1330833435059 29.5545520782471 29.6904182434082 29.7610473632812 28.6862716674805 28.442419052124 29.7143154144287 29.8934936523438 29.5679130554199 32.3257713317871 27.9403991699219 30.5086517333984 30.0874156951904 28.697681427002 28.1041927337646 27.6655540466309 35.1956672668457 30.4932117462158 31.1364974975586 32.7242431640625 31.7346725463867 32.3524589538574 31.2467231750488 28.5449523925781 28.8680610656738 33.8346138000488 32.4336051940918 28.7697563171387 28.3586273193359 32.4275131225586 31.6336288452148
24.2245235443115 23.6359901428223 23.8386421203613 23.9638919830322 24.4523963928223 22.6958427429199 22.4401912689209 22.5030174255371 23.959903717041 24.8073406219482 24.3536167144775 24.5161933898926 25.89013671875 26.7996368408203 27.9779510498047 27.6244735717773 28.271068572998 29.7695693969727 28.6055908203125 27.6379795074463 28.5398406982422 29.7371616363525 31.6502170562744 34.1928024291992 33.7403755187988 33.6553115844727 29.7698307037354 30.7611961364746 29.0304431915283 28.2786273956299 28.1961441040039 33.4065475463867 31.7052536010742 30.3722362518311 31.137939453125 31.2397270202637 31.2843780517578 32.039306640625 28.8948574066162 27.8107585906982 27.5561065673828 27.1886310577393 31.3530426025391 27.8656826019287 28.7939643859863 30.6995754241943
24.9990615844727 24.3422889709473 24.4630813598633 23.9832592010498 24.1121349334717 22.805757522583 23.9340190887451 23.5551319122314 23.9039173126221 24.0689144134521 24.2031192779541 24.4776229858398 24.5274429321289 26.0827941894531 27.3459758758545 27.0888919830322 28.3067874908447 29.266674041748 28.5453948974609 27.4553031921387 27.6910629272461 31.586498260498 32.4503364562988 34.2114868164062 33.7837524414062 34.8202972412109 31.1506938934326 33.4832382202148 30.9343280792236 28.0335464477539 28.1853313446045 32.2249450683594 32.2742309570312 31.9890975952148 30.1173305511475 30.907585144043 32.181812286377 32.2611503601074 34.2686386108398 31.2792987823486 33.491138458252 32.2221794128418 27.3196678161621 27.859748840332 33.1061515808105 32.0246391296387
25.8008575439453 25.7496509552002 25.1856136322021 25.3010807037354 24.5627841949463 24.2808933258057 24.2921504974365 23.2494583129883 23.753942489624 23.6014022827148 22.8885116577148 24.0543727874756 24.3091220855713 26.0860080718994 26.6723461151123 25.7624282836914 27.1279182434082 27.6285018920898 27.677152633667 27.9840526580811 27.9283027648926 29.4849414825439 30.0511436462402 32.4339942932129 34.6114883422852 32.6897735595703 32.650463104248 31.0336303710938 31.4176654815674 27.9231777191162 28.1068286895752 30.716609954834 31.6713542938232 30.2911396026611 31.8593635559082 29.9591293334961 32.030330657959 30.7158126831055 32.8641052246094 29.208122253418 28.2046718597412 27.7510547637939 29.8279781341553 27.1278076171875 28.742696762085 30.232780456543
24.662633895874 24.4923324584961 24.7222499847412 24.5727062225342 24.5021381378174 24.5419960021973 23.3482418060303 23.3650245666504 22.7579498291016 23.2887535095215 22.3123531341553 23.7831630706787 23.3084526062012 24.9362335205078 25.8878345489502 24.8557281494141 25.183198928833 27.1018657684326 27.933406829834 29.4283084869385 28.617166519165 29.0934829711914 30.1447257995605 30.7822132110596 30.9151782989502 31.4386825561523 32.1865272521973 33.4856224060059 33.6677284240723 32.369815826416 29.9433460235596 31.1513290405273 32.1503639221191 31.612678527832 33.7544364929199 34.5984344482422 31.5020370483398 30.3393611907959 30.5622386932373 31.4184074401855 30.7957916259766 30.0150165557861 27.8637847900391 32.412784576416 32.9415397644043 29.8460216522217
23.8838920593262 24.4714756011963 24.6449584960938 24.5680179595947 23.765567779541 24.6009063720703 23.5364513397217 22.5314121246338 21.9193172454834 21.8044319152832 21.9233627319336 22.4592914581299 29.7986373901367 25.1932849884033 24.9420928955078 24.7995662689209 26.6188411712646 27.5675258636475 28.1221084594727 28.6535396575928 31.7449607849121 30.5199928283691 30.9424495697021 30.4918422698975 31.1680603027344 32.5310554504395 34.6850357055664 32.3510932922363 33.0742835998535 30.1075534820557 28.3404273986816 31.4036464691162 31.6119728088379 30.3459205627441 32.8794746398926 34.717170715332 33.6755790710449 30.5432186126709 31.1432228088379 33.6519927978516 29.2393283843994 28.5531711578369 30.3155269622803 29.8456344604492 32.2295150756836 31.7639598846436
23.7967014312744 24.1825065612793 24.1754379272461 24.4568347930908 24.4533271789551 24.3775939941406 24.2684001922607 23.2004795074463 22.8276119232178 22.8776397705078 21.973165512085 22.0523567199707 22.9584732055664 24.9131526947021 24.8915061950684 25.8244304656982 26.2488975524902 26.7324905395508 27.9640522003174 28.5374145507812 30.0068950653076 29.9747276306152 30.0487804412842 29.8280067443848 30.6745624542236 32.6326332092285 34.5538215637207 31.3164672851562 28.1634273529053 28.2421531677246 28.3575592041016 32.2125549316406 33.7746810913086 30.388256072998 32.8122406005859 34.4993171691895 30.782693862915 30.7723808288574 31.9961528778076 32.9822158813477 33.3614807128906 32.9646530151367 26.7333755493164 27.6372222900391 27.6332721710205 27.9228782653809
24.03125 23.388334274292 23.6382808685303 24.2561340332031 24.3755893707275 24.3120803833008 23.9486522674561 23.4951782226562 23.9196262359619 23.5046310424805 23.1767349243164 23.0593776702881 24.1394805908203 24.673038482666 24.4738616943359 25.8972969055176 26.6223926544189 27.2594089508057 27.9535942077637 28.1915626525879 31.0317897796631 33.8648147583008 35.2812881469727 28.8066329956055 28.7996044158936 28.8641204833984 28.6293907165527 31.2448883056641 30.3140316009521 31.9402236938477 31.3026008605957 31.7802562713623 30.8273696899414 32.709228515625 33.0456466674805 28.7180519104004 31.9393692016602 31.7350730895996 33.4038543701172 33.5229644775391 30.7156238555908 31.9664497375488 31.320255279541 29.8599243164062 29.9358959197998 29.454496383667
25.0583190917969 23.8449249267578 23.7197895050049 23.3568439483643 24.1274547576904 24.0335025787354 24.0051555633545 24.6737842559814 24.2813930511475 23.5019931793213 24.0421543121338 24.5040836334229 24.9856338500977 23.90749168396 24.3044891357422 25.398509979248 26.9350776672363 27.9222831726074 27.3518714904785 28.4541282653809 30.5089282989502 33.4495239257812 34.1637191772461 28.7648963928223 28.048755645752 28.3460140228271 28.8874244689941 28.9849224090576 30.5882091522217 30.8469772338867 33.5945205688477 34.9688110351562 35.5698623657227 33.2132682800293 34.1440238952637 30.8824806213379 32.021240234375 32.2963943481445 31.512622833252 32.5616798400879 33.2567443847656 30.7105770111084 28.3173065185547 30.9605541229248 30.5658779144287 31.417407989502
24.7739677429199 23.9921283721924 23.7568683624268 23.7955760955811 24.0071315765381 23.9098510742188 24.4575176239014 25.5234642028809 30.8814125061035 23.6812438964844 25.7566070556641 26.2967491149902 26.2981872558594 24.1474552154541 24.9164066314697 25.0483589172363 26.3352279663086 26.7899379730225 26.7471179962158 27.8306941986084 28.5686416625977 29.1701965332031 31.00856590271 34.1452217102051 29.159236907959 28.5685043334961 28.0452861785889 28.227575302124 31.2707824707031 35.559455871582 31.7936859130859 28.9754257202148 34.7336082458496 32.8625946044922 32.6135406494141 29.3421878814697 31.424295425415 30.7174758911133 34.3513031005859 34.0016098022461 32.1307029724121 32.1926307678223 31.6837863922119 31.7953147888184 31.878023147583 33.2565956115723
24.1948738098145 24.0069694519043 23.7951564788818 24.1121807098389 24.1963901519775 24.3758640289307 24.5459690093994 26.2983779907227 26.3578548431396 24.907299041748 27.1264057159424 27.6985282897949 27.3715305328369 25.9631500244141 26.0989933013916 26.7255210876465 27.2502994537354 27.8931083679199 28.1688556671143 28.3878879547119 28.6762351989746 29.1057205200195 27.3446807861328 27.466157913208 28.0098972320557 27.5696201324463 27.9815330505371 33.6767616271973 31.3647117614746 35.0401802062988 28.3909435272217 27.7812175750732 28.483922958374 32.1803550720215 32.889232635498 31.7176036834717 30.187593460083 31.5409965515137 31.2567481994629 32.250431060791 33.4585075378418 34.3306007385254 34.1517105102539 33.9216194152832 32.737060546875 33.131046295166
24.3183841705322 25.0355281829834 23.975040435791 24.4637489318848 24.5205764770508 25.1916122436523 25.6279697418213 28.9214344024658 26.9752864837646 26.7315673828125 27.7416667938232 28.5783939361572 27.9382495880127 27.1235294342041 27.2963714599609 28.2787685394287 28.6705207824707 28.6598930358887 29.8163299560547 29.5141181945801 31.0586833953857 29.5385627746582 28.733772277832 28.2492961883545 28.5680179595947 28.8738250732422 31.511905670166 30.5665512084961 30.4184646606445 30.6657981872559 29.6209850311279 30.5550155639648 29.4408187866211 31.9511871337891 28.8232440948486 32.3525085449219 33.3436851501465 33.1722755432129 33.1008110046387 30.4889183044434 31.0731010437012 32.5808372497559 31.7198886871338 32.9156494140625 33.4619827270508 33.5325698852539
25.7799625396729 25.6820850372314 24.4675788879395 25.5241069793701 25.6053256988525 25.8846206665039 26.5037403106689 27.7819728851318 26.8428401947021 27.3672351837158 29.0383186340332 30.592924118042 28.735466003418 27.9282550811768 27.210334777832 28.103687286377 28.0316467285156 28.53173828125 29.4360008239746 34.0181579589844 29.429407119751 29.8264141082764 31.9893970489502 31.3686847686768 31.1800556182861 30.8212051391602 32.5241470336914 31.7892990112305 32.3279724121094 31.8045787811279 30.2545948028564 30.8928852081299 32.7359390258789 32.5120048522949 28.6814289093018 28.0006847381592 28.4030780792236 29.5301342010498 29.1070804595947 31.1698760986328 34.7394828796387 34.2920761108398 31.3110523223877 30.6553535461426 29.1706676483154 29.3584308624268
24.9915409088135 25.0029335021973 25.21755027771 26.6188144683838 27.1409587860107 27.6452255249023 28.6912307739258 27.280460357666 26.5207328796387 26.9361553192139 27.5639476776123 29.5058898925781 29.1444301605225 28.7604656219482 27.8266849517822 30.2218914031982 29.989408493042 32.1941108703613 34.5228462219238 32.3412818908691 32.6157493591309 31.4354877471924 30.7853775024414 31.191385269165 31.3398704528809 30.932315826416 30.9353637695312 30.814790725708 31.2621459960938 32.3386993408203 31.7101497650146 31.1659469604492 29.1114482879639 28.9077396392822 27.8932342529297 31.0714702606201 32.315128326416 28.7788124084473 28.7614498138428 28.6147079467773 28.4833641052246 31.1548309326172 30.705150604248 31.8515758514404 30.4773712158203 29.8930835723877
