inst/extdata/Tmax/Tmax111.asc
NCOLS 100 
NROWS 79 
XLLCORNER 148.06 
YLLCORNER -21.49 
CELLSIZE 0.01 
NODATA_value -3.4e+38 
[rows 40 to 59 of 79, columns 0 to 45 of 100]
42.991077423095703 42.6960525512695 42.7085494995117 42.7176284790039 42.5859603881836 42.6693496704102 42.5859489440918 42.3805847167969 41.9215087890625 42.2991600036621 42.8573608398438 43.1043434143066 43.115119934082 43.1387748718262 43.1748428344727 42.9655342102051 42.6790313720703 42.3408737182617 41.7903289794922 42.2199249267578 42.1891746520996 42.0487670898438 41.9697647094727 41.5831527709961 40.729118347168 40.100269317627 39.8720283508301 39.9417457580566 40.0315399169922 39.4111671447754 38.7796249389648 39.1457977294922 40.3130760192871 40.0416145324707 39.7816314697266 40.0665130615234 39.9437255859375 39.6247406005859 39.4006958007812 38.961181640625 38.9032287597656 38.0493965148926 37.488151550293 37.464714050293 37.2034645080566 37.0336799621582
43.1551971435547 42.7502670288086 42.6187591552734 42.6955032348633 42.5810317993164 42.6365280151367 42.6036758422852 42.485034942627 42.2339324951172 42.3272666931152 42.6173706054688 42.895378112793 43.079776763916 43.2066764831543 43.2237091064453 43.0692176818848 42.7546501159668 42.2789154052734 41.9507217407227 42.062198638916 42.0612297058105 41.8054847717285 41.9462394714355 41.669059753418 41.0347137451172 40.5492858886719 39.9265441894531 39.8322410583496 40.0112457275391 39.5811920166016 39.1594886779785 39.7184257507324 40.3302612304688 39.6114158630371 38.9108963012695 39.6081733703613 39.6100578308105 39.784969329834 39.7301063537598 39.495174407959 39.3645515441895 38.6465148925781 37.3100242614746 37.1776809692383 37.2302398681641 37.1744689941406
43.0540733337402 42.9660491943359 42.7517623901367 42.6206130981445 42.6578216552734 42.6582717895508 42.5984191894531 42.5429573059082 42.4910278320312 42.4265594482422 42.4517860412598 42.8479194641113 43.1139907836914 43.2204399108887 43.210807800293 43.1467170715332 42.899845123291 42.5883674621582 42.3601226806641 42.2942276000977 42.1933441162109 41.5592079162598 41.4721755981445 41.6547317504883 41.6564331054688 41.2304420471191 40.380558013916 40.0521621704102 39.9585990905762 39.7272872924805 38.855640411377 39.8326263427734 39.8639793395996 38.8314208984375 38.0361595153809 38.8795509338379 38.840877532959 39.4306449890137 39.5643539428711 39.265193939209 39.0288925170898 39.0340423583984 38.4548301696777 38.2306823730469 38.6038436889648 39.5022773742676
42.770824432373 42.8198776245117 42.7887535095215 42.764518737793 42.7719497680664 42.7450408935547 42.6743659973145 42.6064071655273 42.6367721557617 42.5887832641602 42.5762672424316 42.9087066650391 43.1095199584961 43.2254943847656 43.2223434448242 43.2144088745117 43.0779075622559 42.8643569946289 42.590015411377 42.6017532348633 42.4208908081055 42.14501953125 41.5025062561035 41.1545486450195 41.7484855651855 41.5324287414551 41.1149673461914 40.6493072509766 40.3152961730957 40.1305503845215 39.3589820861816 39.2393798828125 39.8789939880371 39.384937286377 38.7571983337402 38.299259185791 38.344310760498 38.5603179931641 38.7567024230957 38.5147361755371 38.0642509460449 38.704460144043 38.272331237793 39.1382293701172 40.8499374389648 41.5607986450195
42.5223541259766 42.6583709716797 42.6211738586426 42.6023101806641 42.7542381286621 42.8392066955566 42.8257522583008 42.7541160583496 42.7891464233398 42.8104782104492 42.9426231384277 43.0251388549805 43.1192016601562 43.1877899169922 43.2202072143555 43.2451629638672 43.1724967956543 43.0213012695312 42.8584136962891 42.7919692993164 42.6515808105469 42.4796714782715 42.1843147277832 41.968132019043 41.7837562561035 41.3391723632812 41.5280647277832 41.3947410583496 41.0762481689453 40.4213981628418 39.8300933837891 39.7831535339355 40.0586624145508 40.1902351379395 39.8943099975586 38.7754592895508 37.4747657775879 37.4225158691406 37.5058059692383 37.8070335388184 37.6726570129395 38.1546249389648 37.6860122680664 38.4553756713867 40.0707473754883 41.6031036376953
42.564094543457 42.585693359375 42.4226837158203 42.3004570007324 42.4732971191406 42.6589813232422 42.8350372314453 42.9239311218262 42.9645118713379 43.0273017883301 43.0688552856445 42.9588088989258 42.7348022460938 43.0509262084961 43.2323532104492 43.2526931762695 43.2072982788086 43.1253814697266 43.0209693908691 42.939510345459 42.8343544006348 42.6951789855957 42.6210975646973 42.0477294921875 41.7071723937988 41.6142349243164 41.6457443237305 41.4694061279297 41.2740020751953 40.7792892456055 39.5957984924316 39.7490692138672 40.0155296325684 40.053108215332 40.1224327087402 39.2635726928711 38.0001983642578 37.7527389526367 37.7658157348633 38.1625709533691 37.5797691345215 37.8818130493164 38.2386322021484 38.5093231201172 39.3051223754883 40.3613510131836
42.4553604125977 42.391056060791 42.381233215332 42.2930603027344 42.181324005127 42.2169418334961 42.6449432373047 42.7411003112793 42.8330764770508 42.8294334411621 43.0076217651367 43.0617599487305 42.8151473999023 43.0262908935547 43.2064819335938 43.2531433105469 43.2151031494141 43.1338233947754 43.0737838745117 43.0133285522461 42.9219818115234 42.8169326782227 42.7018547058105 42.25146484375 41.4782447814941 41.5564155578613 41.6719551086426 41.4445266723633 41.3744468688965 41.2161293029785 40.4581031799316 40.1162643432617 39.7627983093262 39.983772277832 40.0884895324707 39.6282386779785 38.594051361084 38.8403930664062 38.3188667297363 38.9611854553223 38.4150009155273 38.5214157104492 38.6122894287109 38.6923522949219 38.6650772094727 38.4681091308594
42.8907318115234 42.2496528625488 42.1565628051758 42.0879783630371 42.0448760986328 42.1445083618164 42.4037170410156 42.3423805236816 42.5556335449219 42.5811233520508 42.6352005004883 42.6569137573242 42.805908203125 43.0387191772461 43.1855163574219 43.2670516967773 43.2126731872559 43.0845375061035 42.9000205993652 42.7889213562012 42.8828315734863 42.6751136779785 42.6662750244141 42.5825462341309 42.1474075317383 42.0342254638672 42.0035095214844 41.7999954223633 41.6225929260254 41.3957176208496 40.7415390014648 40.3637847900391 39.6792640686035 40.0245170593262 40.042594909668 39.8050689697266 39.3617744445801 39.550666809082 39.281551361084 39.4862670898438 39.2201881408691 38.9859924316406 38.8306274414062 38.669189453125 38.3281936645508 38.0876770019531
43.557918548584 42.7858963012695 42.0567169189453 41.8973121643066 42.0032501220703 42.1608123779297 42.0621032714844 42.0426139831543 42.3406944274902 42.5965347290039 42.6431159973145 42.588996887207 42.7792472839355 43.0352668762207 43.2286529541016 43.2655143737793 43.2280502319336 43.1425552368164 42.9669952392578 42.7410507202148 42.7799835205078 42.6878089904785 42.5912818908691 42.6826019287109 42.5595474243164 42.4380187988281 42.1364440917969 41.9331550598145 41.8273048400879 41.5364303588867 41.1534385681152 40.6854782104492 39.8587532043457 39.9810218811035 39.9312515258789 39.9648361206055 39.8335990905762 39.7856750488281 39.6565284729004 39.463680267334 38.6954307556152 38.4956436157227 38.6618385314941 38.399242401123 38.2522659301758 37.9052963256836
43.8132133483887 43.3173637390137 42.5171813964844 41.9540328979492 41.923267364502 41.8958854675293 41.886905670166 42.1949729919434 42.39794921875 42.2812957763672 42.8332366943359 43.0036201477051 43.0791702270508 43.1472816467285 43.2120933532715 43.2636528015137 43.2249145507812 43.154972076416 43.0382995605469 42.886531829834 42.7672004699707 42.6604042053223 42.4682388305664 42.4791946411133 42.6032295227051 42.5629730224609 42.3178520202637 41.8056869506836 41.3262062072754 41.5462379455566 41.2463455200195 40.921028137207 40.1490745544434 39.8481864929199 39.6292037963867 39.8900756835938 39.922794342041 39.8070755004883 39.744499206543 39.4321670532227 38.7621459960938 38.3460350036621 38.4957046508789 38.1276626586914 38.0238876342773 37.9171371459961
43.8234825134277 43.6280937194824 43.1963996887207 42.5968208312988 42.0725250244141 41.7664260864258 41.8838539123535 42.1666259765625 42.1891975402832 42.4522399902344 42.9640464782715 43.1354293823242 43.2265472412109 43.2954254150391 43.2890968322754 43.2872467041016 43.1371726989746 43.1233825683594 43.1037940979004 43.0076446533203 42.8818054199219 42.6936912536621 42.4904632568359 42.3907661437988 42.462718963623 42.4732933044434 42.4631843566895 42.2315254211426 41.9509124755859 41.7922477722168 41.2681274414062 41.0756301879883 40.2760391235352 39.8708038330078 39.2704124450684 39.6907043457031 39.7707290649414 39.7397193908691 39.7626457214355 39.5670928955078 39.0581741333008 38.8563652038574 38.7408485412598 38.517650604248 38.1907806396484 38.0028762817383
43.8100547790527 43.7411880493164 43.4918785095215 42.8587226867676 42.2909202575684 42.0040702819824 41.9281196594238 41.9892730712891 41.7370300292969 41.8651351928711 42.6460647583008 42.9749374389648 43.1144638061523 43.275505065918 43.3282585144043 43.2700309753418 43.1529426574707 43.1276054382324 43.0711212158203 43.0352783203125 42.9237327575684 42.7839088439941 42.6641311645508 42.4534149169922 42.321907043457 42.2404861450195 42.160041809082 42.2391204833984 42.010555267334 42.0901908874512 42.0836639404297 41.3237266540527 40.7510452270508 40.3112945556641 39.8266906738281 39.9245071411133 39.8416290283203 39.6546096801758 39.7611885070801 39.6450538635254 39.1599044799805 38.9645118713379 38.8342094421387 38.6378936767578 38.1532249450684 37.9518966674805
43.6685943603516 43.6996002197266 43.5515556335449 42.6351089477539 41.8609580993652 41.8172950744629 41.8807106018066 41.7325553894043 41.4710502624512 41.5809478759766 42.6000633239746 42.992504119873 43.1669998168945 43.3101387023926 43.295825958252 43.2276840209961 43.1707725524902 43.0935211181641 43.0309562683105 43.0006332397461 42.9833221435547 42.8876800537109 42.7180213928223 42.5104141235352 42.2845687866211 42.1140594482422 42.0438423156738 41.9767036437988 41.9447250366211 41.8242492675781 41.9692192077637 41.8080978393555 41.2702560424805 40.6809196472168 40.2499885559082 40.5350952148438 40.4423065185547 39.9772644042969 39.7701034545898 39.8075675964355 39.6312370300293 39.3449096679688 39.0299797058105 38.7748031616211 38.4336128234863 38.0469436645508
43.5096664428711 43.534481048584 43.6175575256348 43.2045745849609 42.2510070800781 41.9062881469727 42.2051582336426 41.7128410339355 41.5455474853516 41.6063575744629 42.5894317626953 43.1030311584473 43.273120880127 43.3324089050293 43.2450981140137 43.1360092163086 43.0849685668945 43.083324432373 43.02880859375 42.9086952209473 42.9264144897461 42.9373931884766 42.7840232849121 42.6212425231934 42.4196586608887 42.2479972839355 41.8853073120117 41.6870422363281 41.3410720825195 41.6299209594727 41.4529151916504 41.8994827270508 41.9122467041016 41.5747756958008 41.1025085449219 41.1051483154297 40.7233848571777 40.3738708496094 40.0638198852539 40.3820152282715 39.9728736877441 39.675163269043 39.5036582946777 39.3486022949219 39.0655403137207 38.9009399414062
43.4125061035156 43.3452644348145 43.4967308044434 43.4892311096191 43.066291809082 42.8276710510254 42.7371482849121 42.3884544372559 42.1777153015137 42.168399810791 42.3257331848145 42.656925201416 43.2202949523926 43.3142509460449 43.1826553344727 43.0814208984375 43.0279083251953 43.0482330322266 42.9887962341309 42.9058532714844 42.8993797302246 42.943115234375 42.8735046386719 42.6888046264648 42.5651321411133 42.3739585876465 42.0340118408203 41.8124923706055 41.4111785888672 41.5930290222168 40.9944534301758 41.3360214233398 41.5180358886719 41.5104598999023 41.5915603637695 41.4548645019531 41.1358070373535 40.9787292480469 40.5456047058105 40.064884185791 39.9712562561035 39.9675750732422 39.7218399047852 39.5153465270996 39.4835662841797 39.3232460021973
43.510669708252 43.4638023376465 43.492847442627 43.5019798278809 43.3763542175293 42.8075981140137 42.7770385742188 42.8150520324707 42.5955810546875 42.5360450744629 42.7438812255859 43.026798248291 43.2885131835938 43.3257789611816 43.2144660949707 43.0295066833496 43.0316848754883 43.0041389465332 42.8061408996582 42.7643394470215 42.8559036254883 42.8767395019531 42.8952026367188 42.7837600708008 42.6522560119629 42.4927978515625 42.2708282470703 42.0155410766602 41.8402137756348 41.6724319458008 41.2656211853027 40.8930740356445 40.9889831542969 40.929557800293 41.3027877807617 41.0088806152344 41.2019157409668 40.9623794555664 40.6132049560547 40.2125091552734 39.9745216369629 39.7304458618164 39.2665557861328 38.7017211914062 39.2051429748535 39.3515319824219
43.6263618469238 43.5637664794922 43.5212097167969 43.4889831542969 43.3342094421387 42.5994071960449 42.370246887207 42.7462730407715 42.6246528625488 42.3137512207031 42.5572814941406 43.1093788146973 43.3171310424805 43.3188591003418 43.2196655273438 43.0335960388184 42.9812049865723 42.7802658081055 42.5329399108887 42.6330680847168 42.8667602539062 42.8288917541504 42.8713188171387 42.8367195129395 42.6668968200684 42.5850677490234 42.380184173584 42.1056671142578 42.001781463623 41.7749671936035 41.3826713562012 40.7288665771484 40.4298400878906 40.5338821411133 40.9211730957031 41.0193557739258 40.6384353637695 40.2979278564453 40.4493980407715 40.3601951599121 40.0251846313477 39.7653541564941 39.2557334899902 38.480598449707 38.8684310913086 39.1818351745605
43.6898803710938 43.6127624511719 43.5541305541992 43.5053367614746 43.4498634338379 43.1257553100586 42.6794624328613 42.4377326965332 42.4226989746094 42.2070159912109 42.6217460632324 43.1356353759766 43.3138618469238 43.2985000610352 43.2001457214355 43.0170211791992 42.8287200927734 42.6302719116211 42.5065879821777 42.7179527282715 42.803108215332 42.8146057128906 42.7575073242188 42.8166007995605 42.738697052002 42.6346473693848 42.4411239624023 42.1826591491699 42.0503044128418 41.8501167297363 41.4573135375977 41.2296371459961 40.7931518554688 40.5960464477539 40.5202331542969 40.628662109375 40.8216323852539 40.659481048584 40.3079872131348 40.0983543395996 39.8883399963379 39.6614036560059 39.4104309082031 39.0950622558594 38.4823303222656 38.7254028320312
43.7484283447266 43.6581535339355 43.5983085632324 43.5669860839844 43.4814949035645 43.272876739502 42.9805526733398 42.4372100830078 42.3179969787598 42.4670600891113 42.8616676330566 43.1897048950195 43.3009300231934 43.2707214355469 43.1342353820801 42.9666404724121 42.6643524169922 42.573127746582 42.646411895752 42.6482810974121 42.7501029968262 42.657169342041 42.4764213562012 42.6686515808105 42.7946701049805 42.6650161743164 42.4327239990234 42.2778091430664 42.1347160339355 42.0148696899414 41.8183746337891 41.5782089233398 41.2762908935547 41.2002296447754 40.8815460205078 40.5492973327637 40.5952072143555 40.6354522705078 40.401123046875 40.2381553649902 40.0849838256836 39.8256530761719 39.2468185424805 38.8703842163086 38.9629898071289 38.9554290771484
43.7744102478027 43.7378273010254 43.6724319458008 43.6196823120117 43.500358581543 43.3830184936523 43.249340057373 42.9092140197754 42.4691925048828 42.535099029541 42.6605186462402 42.8868713378906 43.1145629882812 43.132137298584 43.0569229125977 42.9123344421387 42.68896484375 42.5554237365723 42.4347076416016 42.4499206542969 42.6311950683594 42.5940017700195 42.3592643737793 42.6780738830566 42.8307456970215 42.710277557373 42.5268135070801 42.3710060119629 42.2779541015625 42.1523551940918 42.0208625793457 41.7851409912109 41.4743576049805 41.6285667419434 41.4854545593262 41.126522064209 40.6786003112793 40.5512809753418 40.6327819824219 40.9722671508789 40.2770805358887 39.9870147705078 39.5980606079102 38.9495315551758 38.8604049682617 38.7246246337891
