inst/extdata/Tmax/Tmax16.asc
NCOLS 100 
NROWS 79 
XLLCORNER 148.06 
YLLCORNER -21.49 
CELLSIZE 0.01 
NODATA_value -3.4e+38 
[rows 0 to 19 of 79, columns 46 to 91 of 100]
31.3966674804688 30.0639190673828 30.217321395874 30.4216766357422 30.9486484527588 30.862024307251 31.0433826446533 31.0376529693604 30.0096378326416 27.9907703399658 29.6568813323975 28.9929466247559 29.7206153869629 30.3184356689453 30.3719673156738 30.4939823150635 30.6242275238037 30.9767990112305 29.4858455657959 29.9548587799072 30.0269069671631 -3.4e+38 -3.4e+38 -3.4e+38 -3.4e+38 -3.4e+38 -3.4e+38 -3.4e+38 -3.4e+38 -3.4e+38 -3.4e+38 -3.4e+38 -3.4e+38 -3.4e+38 -3.4e+38 -3.4e+38 -3.4e+38 -3.4e+38 -3.4e+38 -3.4e+38 -3.4e+38 -3.4e+38 -3.4e+38 -3.4e+38 -3.4e+38 -3.4e+38
31.7690486907959 31.2310657501221 29.8546562194824 30.1081085205078 30.2497844696045 30.1973457336426 30.5368843078613 30.9089279174805 29.5877552032471 28.5360794067383 30.5510692596436 30.1596527099609 31.9215030670166 31.4839649200439 30.2555027008057 29.1998691558838 30.2941379547119 32.0942840576172 30.9555358886719 29.6570320129395 30.2892646789551 32.280460357666 -3.4e+38 -3.4e+38 -3.4e+38 -3.4e+38 -3.4e+38 -3.4e+38 -3.4e+38 -3.4e+38 -3.4e+38 -3.4e+38 -3.4e+38 -3.4e+38 -3.4e+38 -3.4e+38 -3.4e+38 -3.4e+38 -3.4e+38 -3.4e+38 -3.4e+38 -3.4e+38 -3.4e+38 -3.4e+38 -3.4e+38 -3.4e+38
33.5653991699219 30.5582885742188 28.6058158874512 28.7913112640381 28.6043376922607 30.1303329467773 29.2896976470947 29.1825981140137 28.3125343322754 28.0471439361572 29.8602466583252 31.2727642059326 32.6054153442383 32.0251350402832 29.4484367370605 28.6790943145752 30.1888637542725 29.7833061218262 29.6140918731689 29.8050060272217 29.4116306304932 29.5489883422852 29.2725276947021 29.6175651550293 -3.4e+38 -3.4e+38 -3.4e+38 -3.4e+38 -3.4e+38 -3.4e+38 -3.4e+38 -3.4e+38 -3.4e+38 -3.4e+38 -3.4e+38 -3.4e+38 -3.4e+38 -3.4e+38 -3.4e+38 -3.4e+38 -3.4e+38 -3.4e+38 -3.4e+38 -3.4e+38 -3.4e+38 -3.4e+38
29.7342967987061 29.1930980682373 26.4458923339844 27.1971321105957 28.8031177520752 28.596851348877 29.0269527435303 29.1679401397705 28.8349056243896 28.3913745880127 29.6499118804932 29.2425384521484 31.9564838409424 32.4777030944824 29.8748588562012 29.257495880127 31.0605545043945 31.6854572296143 31.079776763916 30.3237457275391 28.8417205810547 29.6929054260254 29.3358898162842 30.0939102172852 30.4899845123291 30.2474517822266 -3.4e+38 -3.4e+38 -3.4e+38 -3.4e+38 -3.4e+38 -3.4e+38 -3.4e+38 -3.4e+38 -3.4e+38 -3.4e+38 -3.4e+38 -3.4e+38 -3.4e+38 -3.4e+38 -3.4e+38 -3.4e+38 -3.4e+38 -3.4e+38 -3.4e+38 -3.4e+38
30.7347507476807 28.8587245941162 26.3368682861328 25.9431247711182 27.2747573852539 29.4579696655273 30.1033744812012 30.4354648590088 28.4769058227539 27.4682579040527 28.1374073028564 26.5024642944336 28.0432262420654 32.0041007995605 29.1040649414062 29.4048824310303 31.2244434356689 30.9860610961914 31.6189708709717 31.547082901001 25.0837497711182 29.7615375518799 29.9804134368896 29.4115924835205 30.0909461975098 30.3574810028076 -3.4e+38 -3.4e+38 -3.4e+38 -3.4e+38 -3.4e+38 -3.4e+38 -3.4e+38 -3.4e+38 -3.4e+38 -3.4e+38 -3.4e+38 -3.4e+38 -3.4e+38 -3.4e+38 -3.4e+38 -3.4e+38 -3.4e+38 -3.4e+38 -3.4e+38 -3.4e+38
26.6761627197266 27.3105430603027 25.6542816162109 25.0655498504639 27.3716373443604 29.3410892486572 28.7220764160156 29.1338005065918 27.9413013458252 28.254487991333 26.0986804962158 25.809476852417 29.7660522460938 30.3758773803711 28.2043647766113 29.4836826324463 30.7125091552734 31.802433013916 30.7735080718994 30.5628185272217 25.2352905273438 27.2206211090088 30.7339420318604 29.6197757720947 29.9550647735596 29.7777271270752 -3.4e+38 -3.4e+38 -3.4e+38 -3.4e+38 -3.4e+38 -3.4e+38 -3.4e+38 -3.4e+38 -3.4e+38 -3.4e+38 -3.4e+38 -3.4e+38 -3.4e+38 -3.4e+38 -3.4e+38 -3.4e+38 -3.4e+38 -3.4e+38 -3.4e+38 -3.4e+38
25.727933883667 26.1497859954834 26.5540294647217 26.0813503265381 29.8465328216553 29.3919982910156 29.3743381500244 28.2196559906006 29.0056171417236 27.9547348022461 27.181619644165 27.4599151611328 28.3836612701416 32.0043907165527 32.0498542785645 32.9156608581543 29.3943576812744 29.6809368133545 29.6539344787598 30.1245079040527 31.9191570281982 29.6613807678223 30.3695526123047 29.8616199493408 29.1670532226562 28.3997478485107 28.2713356018066 28.6861171722412 -3.4e+38 -3.4e+38 -3.4e+38 -3.4e+38 -3.4e+38 -3.4e+38 -3.4e+38 -3.4e+38 -3.4e+38 -3.4e+38 -3.4e+38 -3.4e+38 -3.4e+38 -3.4e+38 -3.4e+38 -3.4e+38 -3.4e+38 -3.4e+38
24.8989601135254 26.9015617370605 31.9542198181152 26.4465675354004 25.5069980621338 27.2177104949951 28.86252784729 27.880334854126 28.1516304016113 28.9919605255127 27.4604015350342 27.058349609375 28.0535125732422 29.3986625671387 27.7657012939453 30.4320621490479 27.5116405487061 27.2716255187988 28.4292240142822 29.7539215087891 29.9789600372314 28.6189785003662 29.1123390197754 29.6761035919189 28.6099052429199 27.7976322174072 27.4458999633789 27.9830551147461 29.1949272155762 27.632438659668 28.8766212463379 -3.4e+38 -3.4e+38 -3.4e+38 -3.4e+38 -3.4e+38 -3.4e+38 -3.4e+38 -3.4e+38 -3.4e+38 -3.4e+38 -3.4e+38 -3.4e+38 -3.4e+38 -3.4e+38 -3.4e+38
24.9134941101074 26.3676776885986 26.8886623382568 30.7874317169189 26.4853630065918 25.1587734222412 26.8922576904297 26.9729118347168 29.1850986480713 29.4461479187012 29.6404342651367 27.9814586639404 27.5539951324463 28.1666488647461 26.1305732727051 25.9614219665527 25.2796325683594 29.3139171600342 27.7787761688232 29.1142387390137 31.1261119842529 31.006721496582 28.5251770019531 26.5783805847168 27.4792785644531 28.0190143585205 28.5783710479736 29.645357131958 29.2117919921875 27.9235820770264 27.1771373748779 29.563627243042 -3.4e+38 -3.4e+38 -3.4e+38 -3.4e+38 -3.4e+38 -3.4e+38 -3.4e+38 -3.4e+38 -3.4e+38 -3.4e+38 -3.4e+38 -3.4e+38 -3.4e+38 -3.4e+38
25.9931297302246 26.382568359375 26.7609081268311 27.498405456543 29.0222225189209 26.2194080352783 25.7673206329346 27.1905326843262 28.6360530853271 28.8960704803467 28.8153533935547 28.5771942138672 27.5111865997314 27.5310935974121 26.047908782959 25.6976890563965 25.2891387939453 29.9731483459473 29.7173900604248 27.9681377410889 28.9744930267334 30.7387351989746 31.4548969268799 30.4228572845459 30.2939128875732 27.9028911590576 28.4286346435547 30.8828163146973 28.7708396911621 27.9278144836426 30.7156105041504 31.1715412139893 -3.4e+38 -3.4e+38 -3.4e+38 -3.4e+38 -3.4e+38 -3.4e+38 -3.4e+38 -3.4e+38 -3.4e+38 -3.4e+38 -3.4e+38 -3.4e+38 -3.4e+38 -3.4e+38
25.2681980133057 26.8393383026123 26.6156158447266 26.6099147796631 27.9947547912598 30.7556552886963 27.9211578369141 28.6165313720703 28.3474025726318 28.5458221435547 29.3238925933838 28.8042659759521 28.3417682647705 28.7907943725586 28.1776561737061 28.2317886352539 29.2844581604004 29.4595966339111 30.6279449462891 30.4519157409668 28.1143474578857 31.048978805542 28.6389579772949 27.5102386474609 29.2081356048584 28.866039276123 29.8043689727783 29.5971813201904 31.4648990631104 31.9339122772217 -3.4e+38 -3.4e+38 -3.4e+38 -3.4e+38 -3.4e+38 -3.4e+38 -3.4e+38 -3.4e+38 -3.4e+38 -3.4e+38 -3.4e+38 -3.4e+38 -3.4e+38 -3.4e+38 -3.4e+38 -3.4e+38
24.9549331665039 25.7179756164551 25.7105960845947 24.93874168396 25.4353122711182 26.2647495269775 32.7760887145996 29.4025630950928 29.0638790130615 28.7334957122803 28.9227294921875 29.3291988372803 28.4531059265137 28.8006572723389 28.4744701385498 30.3102989196777 30.2098865509033 30.0784301757812 33.0929565429688 30.8384246826172 29.065071105957 29.0924091339111 29.0396308898926 28.413610458374 32.3629150390625 28.0917644500732 29.3492755889893 29.044059753418 29.7150573730469 28.3890419006348 -3.4e+38 -3.4e+38 -3.4e+38 -3.4e+38 -3.4e+38 -3.4e+38 -3.4e+38 -3.4e+38 -3.4e+38 -3.4e+38 -3.4e+38 -3.4e+38 -3.4e+38 -3.4e+38 -3.4e+38 -3.4e+38
24.72434425354 23.6809616088867 23.4613094329834 23.3286151885986 25.0013046264648 25.5618209838867 26.664831161499 26.893159866333 28.600133895874 29.0822620391846 27.6566009521484 27.8299407958984 27.6678924560547 28.1797580718994 28.3944454193115 28.3615016937256 28.558141708374 30.2404308319092 32.5500679016113 32.2032203674316 29.930004119873 30.11594581604 29.9581928253174 31.6667861938477 29.9755840301514 29.1343746185303 29.9091110229492 29.1204242706299 27.4291534423828 25.4468593597412 28.3762035369873 29.6059837341309 -3.4e+38 -3.4e+38 -3.4e+38 -3.4e+38 -3.4e+38 -3.4e+38 -3.4e+38 -3.4e+38 -3.4e+38 -3.4e+38 -3.4e+38 -3.4e+38 -3.4e+38 -3.4e+38
24.7613849639893 24.0064926147461 23.6440200805664 23.3214092254639 23.7088584899902 24.0407676696777 25.3259296417236 25.9565505981445 28.1967010498047 29.3139038085938 28.4762783050537 28.2029514312744 28.5794849395752 28.9722633361816 29.2457237243652 30.4518642425537 28.5752449035645 30.5022678375244 31.5449199676514 30.3886756896973 30.3314056396484 32.6727714538574 30.3184509277344 29.7495956420898 31.0769290924072 29.2575664520264 28.1803073883057 27.9121322631836 26.933895111084 28.1045989990234 29.9640674591064 29.6204662322998 28.3955955505371 -3.4e+38 -3.4e+38 -3.4e+38 -3.4e+38 24.5187606811523 30.6991901397705 -3.4e+38 -3.4e+38 -3.4e+38 -3.4e+38 -3.4e+38 -3.4e+38 -3.4e+38
25.091344833374 24.6490745544434 23.7125663757324 23.3731288909912 23.8318729400635 23.6006088256836 24.4784889221191 25.5429840087891 26.2335815429688 27.1114597320557 25.708459854126 28.8091049194336 27.9335765838623 28.7087802886963 29.9178886413574 28.7948360443115 29.520149230957 32.9150772094727 29.4113426208496 31.1959838867188 30.2863655090332 32.1650848388672 30.783447265625 30.0116558074951 29.9091110229492 29.9537448883057 29.7809028625488 28.3608436584473 27.8522033691406 30.602237701416 30.4960651397705 29.5633907318115 28.8241996765137 -3.4e+38 -3.4e+38 -3.4e+38 -3.4e+38 25.6482563018799 29.4665908813477 30.9082698822021 30.5208644866943 30.4173011779785 -3.4e+38 -3.4e+38 -3.4e+38 -3.4e+38
25.0522022247314 24.0549926757812 23.7040939331055 23.6330795288086 23.2322120666504 24.1375827789307 24.0080242156982 24.9266490936279 28.1537933349609 29.5167465209961 27.6684970855713 25.908224105835 29.3995361328125 25.5448932647705 25.1417770385742 25.8411674499512 30.8661823272705 28.9671058654785 28.4746513366699 29.6146144866943 29.7339572906494 30.4433841705322 30.1973266601562 29.4313125610352 29.334831237793 29.4456806182861 30.5077686309814 29.4530143737793 28.5624446868896 28.479772567749 29.1792106628418 25.6232929229736 31.7808017730713 -3.4e+38 -3.4e+38 28.973388671875 30.5879592895508 29.6890316009521 28.4773082733154 29.603328704834 29.4827766418457 30.8385982513428 -3.4e+38 -3.4e+38 -3.4e+38 -3.4e+38
23.9494571685791 22.8902969360352 22.9651222229004 23.9546051025391 24.3112850189209 24.034065246582 23.6558704376221 24.3387069702148 30.6271934509277 28.6539344787598 32.80810546875 25.7111339569092 26.4473152160645 27.7023525238037 25.5182113647461 25.6540374755859 25.8592376708984 27.4899711608887 29.203332901001 28.5569801330566 31.3412418365479 28.6235618591309 29.2764530181885 29.5833625793457 28.9754543304443 30.0314636230469 29.92067527771 30.1845664978027 30.4457225799561 29.0488433837891 29.2173404693604 25.7334613800049 27.7120571136475 -3.4e+38 31.5211372375488 26.9413108825684 28.8532638549805 -3.4e+38 30.9618511199951 -3.4e+38 30.7117595672607 -3.4e+38 -3.4e+38 -3.4e+38 -3.4e+38 -3.4e+38
24.6216220855713 23.1287822723389 22.5341930389404 24.713062286377 24.7148170471191 23.9486465454102 23.6090679168701 23.6255149841309 24.9383773803711 26.5265083312988 26.833869934082 30.7503566741943 32.3600044250488 27.6379814147949 27.2350101470947 28.1932277679443 28.5020065307617 28.6991691589355 28.1779708862305 28.0476112365723 29.5501232147217 29.5439338684082 31.0448398590088 31.0377941131592 29.2664566040039 28.9944534301758 29.8945446014404 28.8100433349609 29.0412769317627 28.8275547027588 26.4402542114258 27.6566143035889 31.5665588378906 28.5451793670654 27.5610466003418 30.2081165313721 29.7543087005615 -3.4e+38 -3.4e+38 -3.4e+38 -3.4e+38 -3.4e+38 -3.4e+38 30.5 -3.4e+38 -3.4e+38
25.1005935668945 24.8904285430908 22.872465133667 24.2133731842041 23.1483592987061 23.3642044067383 24.2883453369141 24.3046207427979 25.4333877563477 27.705451965332 26.7946739196777 27.1048240661621 29.4076385498047 33.2161178588867 28.6013469696045 28.820104598999 28.5232925415039 27.784294128418 27.2013988494873 27.0395545959473 32.3887748718262 29.9396209716797 31.9197521209717 30.0415096282959 30.1819591522217 28.6315879821777 29.0323066711426 27.9088439941406 28.5543231964111 28.5046081542969 26.7961444854736 27.002046585083 30.0139389038086 30.1160049438477 29.5967960357666 29.9126262664795 29.4615707397461 31.0190773010254 29.5156955718994 26.461217880249 28.8457317352295 28.4895458221436 29.4506568908691 28.4666690826416 -3.4e+38 -3.4e+38
25.6632099151611 25.0124378204346 25.1735458374023 25.3405914306641 24.2065773010254 23.6061420440674 23.4287586212158 23.7136306762695 25.3691482543945 32.5913391113281 27.0507030487061 32.8730621337891 31.5927410125732 28.6625003814697 28.8279495239258 26.4223957061768 26.4378890991211 28.9358043670654 27.4573364257812 27.6566429138184 29.6663150787354 31.1102256774902 33.0455360412598 30.7038440704346 32.2750930786133 29.0330123901367 31.6761989593506 30.0564556121826 29.2268028259277 28.8279685974121 28.0014400482178 29.0643482208252 30.5948047637939 31.1597023010254 31.3230094909668 28.5005378723145 28.1523666381836 29.4903335571289 30.5326843261719 31.2547225952148 30.8075351715088 30.8028793334961 28.9741477966309 28.5736808776855 24.9177398681641 -3.4e+38
