inst/extdata/Tmax/Tmax70.asc
NCOLS 100 
NROWS 79 
XLLCORNER 148.06 
YLLCORNER -21.49 
CELLSIZE 0.01 
NODATA_value -3.4e+38 
[rows 0 to 19 of 79, columns 46 to 91 of 100]
39.3730049133301 39.2089500427246 39.0988998413086 39.0602226257324 39.0093841552734 38.8910675048828 38.9849586486816 38.8286018371582 38.6588745117188 38.5018424987793 38.3928451538086 38.1596412658691 38.0415382385254 38.1422729492188 38.2802810668945 38.1572761535645 38.0055885314941 37.8134078979492 37.5212860107422 37.2965202331543 37.1085243225098 -3.4e+38 -3.4e+38 -3.4e+38 -3.4e+38 -3.4e+38 -3.4e+38 -3.4e+38 -3.4e+38 -3.4e+38 -3.4e+38 -3.4e+38 -3.4e+38 -3.4e+38 -3.4e+38 -3.4e+38 -3.4e+38 -3.4e+38 -3.4e+38 -3.4e+38 -3.4e+38 -3.4e+38 -3.4e+38 -3.4e+38 -3.4e+38 -3.4e+38
39.3878021240234 39.1541709899902 38.9598197937012 39.0954513549805 39.1706314086914 39.1377716064453 39.0546607971191 38.9484939575195 38.6750602722168 38.330078125 38.3667030334473 37.954517364502 38.2542304992676 38.4201431274414 38.3542213439941 38.2262802124023 38.0910034179688 37.9320182800293 37.7240142822266 37.587833404541 37.4567909240723 37.2721519470215 -3.4e+38 -3.4e+38 -3.4e+38 -3.4e+38 -3.4e+38 -3.4e+38 -3.4e+38 -3.4e+38 -3.4e+38 -3.4e+38 -3.4e+38 -3.4e+38 -3.4e+38 -3.4e+38 -3.4e+38 -3.4e+38 -3.4e+38 -3.4e+38 -3.4e+38 -3.4e+38 -3.4e+38 -3.4e+38 -3.4e+38 -3.4e+38
39.3733291625977 38.8262557983398 38.2241401672363 39.1166687011719 39.2152404785156 39.188232421875 39.1242790222168 39.0456199645996 38.8434715270996 38.3931083679199 38.4028739929199 38.4518890380859 38.4593849182129 38.5190925598145 38.4464149475098 38.3184852600098 38.2037353515625 38.0802879333496 37.9343872070312 37.7210464477539 37.6452827453613 37.4180221557617 37.1355018615723 36.7863502502441 -3.4e+38 -3.4e+38 -3.4e+38 -3.4e+38 -3.4e+38 -3.4e+38 -3.4e+38 -3.4e+38 -3.4e+38 -3.4e+38 -3.4e+38 -3.4e+38 -3.4e+38 -3.4e+38 -3.4e+38 -3.4e+38 -3.4e+38 -3.4e+38 -3.4e+38 -3.4e+38 -3.4e+38 -3.4e+38
39.1132698059082 39.1188087463379 38.3459014892578 39.0694961547852 39.1652679443359 39.1667556762695 39.1548004150391 39.0460205078125 38.9134140014648 38.639778137207 38.5157356262207 38.2929496765137 38.490852355957 38.5376243591309 38.509593963623 38.3862342834473 38.3005828857422 38.2053833007812 38.059814453125 37.7421646118164 37.5452308654785 37.4658622741699 37.3404426574707 37.2063369750977 36.9929351806641 36.5035133361816 -3.4e+38 -3.4e+38 -3.4e+38 -3.4e+38 -3.4e+38 -3.4e+38 -3.4e+38 -3.4e+38 -3.4e+38 -3.4e+38 -3.4e+38 -3.4e+38 -3.4e+38 -3.4e+38 -3.4e+38 -3.4e+38 -3.4e+38 -3.4e+38 -3.4e+38 -3.4e+38
39.1413841247559 39.1216201782227 38.2680320739746 38.3885078430176 38.8844184875488 39.1928558349609 39.1974639892578 39.0588836669922 38.9979782104492 38.7368812561035 38.4809150695801 38.3040428161621 37.9935340881348 38.3931922912598 38.5292510986328 38.4177207946777 38.4011116027832 38.3253288269043 38.1041145324707 37.5107192993164 37.0871162414551 37.5434837341309 37.5423927307129 37.4337577819824 37.1404609680176 36.76025390625 -3.4e+38 -3.4e+38 -3.4e+38 -3.4e+38 -3.4e+38 -3.4e+38 -3.4e+38 -3.4e+38 -3.4e+38 -3.4e+38 -3.4e+38 -3.4e+38 -3.4e+38 -3.4e+38 -3.4e+38 -3.4e+38 -3.4e+38 -3.4e+38 -3.4e+38 -3.4e+38
38.599967956543 39.0654144287109 37.9740867614746 37.4931488037109 38.6710586547852 39.2777137756348 39.1785926818848 39.0989799499512 39.0208396911621 38.6960716247559 38.0121574401855 37.7389831542969 37.9235916137695 38.5299491882324 38.4220848083496 38.4923133850098 38.4888687133789 38.3949546813965 38.2793655395508 37.7640571594238 37.1902198791504 37.1721878051758 37.4809150695801 37.4470558166504 37.3368492126465 37.1576156616211 -3.4e+38 -3.4e+38 -3.4e+38 -3.4e+38 -3.4e+38 -3.4e+38 -3.4e+38 -3.4e+38 -3.4e+38 -3.4e+38 -3.4e+38 -3.4e+38 -3.4e+38 -3.4e+38 -3.4e+38 -3.4e+38 -3.4e+38 -3.4e+38 -3.4e+38 -3.4e+38
38.0048370361328 39.0821495056152 38.6152496337891 38.5186614990234 39.1430358886719 39.2858467102051 39.1122703552246 38.9952163696289 39.0611763000488 38.6830253601074 38.1326103210449 38.0838165283203 38.5037727355957 38.5533790588379 37.8691596984863 38.4428787231445 38.4440460205078 38.4027976989746 38.3837127685547 38.1353797912598 37.815299987793 37.5534019470215 37.6484489440918 37.4027709960938 37.5154571533203 37.4593696594238 37.2974891662598 36.963695526123 -3.4e+38 -3.4e+38 -3.4e+38 -3.4e+38 -3.4e+38 -3.4e+38 -3.4e+38 -3.4e+38 -3.4e+38 -3.4e+38 -3.4e+38 -3.4e+38 -3.4e+38 -3.4e+38 -3.4e+38 -3.4e+38 -3.4e+38 -3.4e+38
37.4364471435547 39.133487701416 39.4031295776367 39.2324447631836 38.5042114257812 38.6435050964355 39.0202751159668 39.084903717041 39.1552047729492 38.983081817627 38.6570205688477 38.3244132995605 38.3023719787598 38.4155731201172 38.0610008239746 38.5008697509766 37.9500122070312 37.8768577575684 38.3373832702637 38.3865280151367 38.220947265625 37.9672546386719 37.8337593078613 37.8144760131836 37.7389221191406 37.6450386047363 37.4148406982422 37.1933898925781 36.8530044555664 36.3693161010742 36.3503532409668 -3.4e+38 -3.4e+38 -3.4e+38 -3.4e+38 -3.4e+38 -3.4e+38 -3.4e+38 -3.4e+38 -3.4e+38 -3.4e+38 -3.4e+38 -3.4e+38 -3.4e+38 -3.4e+38 -3.4e+38
37.4100646972656 38.8368453979492 39.4446296691895 39.3268775939941 38.6966247558594 37.6125946044922 38.5079689025879 39.1827621459961 39.1956977844238 39.0764389038086 38.9204635620117 38.6968269348145 38.6722373962402 38.5108070373535 38.1015510559082 38.0012474060059 37.6608352661133 38.1622581481934 38.3398742675781 38.3466262817383 38.3102493286133 37.9882164001465 37.654354095459 37.3728370666504 37.8202819824219 37.7726593017578 37.6060981750488 37.4096298217773 37.2469062805176 36.7451057434082 36.451114654541 36.5291519165039 -3.4e+38 -3.4e+38 -3.4e+38 -3.4e+38 -3.4e+38 -3.4e+38 -3.4e+38 -3.4e+38 -3.4e+38 -3.4e+38 -3.4e+38 -3.4e+38 -3.4e+38 -3.4e+38
38.1149711608887 38.8731346130371 39.3871383666992 39.3414421081543 39.2835388183594 38.2912063598633 38.4515571594238 39.1529235839844 39.2377319335938 39.115592956543 38.9291954040527 38.7114105224609 38.5853958129883 38.622501373291 38.1129531860352 37.8487281799316 37.7512969970703 38.5128936767578 38.3587379455566 38.0970764160156 38.3370018005371 38.2500495910645 38.0619010925293 37.7622756958008 37.996997833252 37.8816986083984 37.7086067199707 37.6857070922852 37.4868965148926 37.138729095459 36.5860939025879 36.571704864502 -3.4e+38 -3.4e+38 -3.4e+38 -3.4e+38 -3.4e+38 -3.4e+38 -3.4e+38 -3.4e+38 -3.4e+38 -3.4e+38 -3.4e+38 -3.4e+38 -3.4e+38 -3.4e+38
37.4501419067383 38.7913932800293 39.0233688354492 38.8345794677734 39.0424194335938 39.1940650939941 38.9403839111328 39.2095184326172 39.2440719604492 39.1354675292969 38.9697875976562 38.805908203125 38.6246070861816 38.8428573608398 38.6935386657715 38.5781517028809 38.587459564209 38.7003326416016 38.6585807800293 38.2262229919434 37.8566856384277 38.2816963195801 38.3701171875 37.9493141174316 37.908016204834 37.7379417419434 37.6608619689941 37.8127517700195 37.6081352233887 37.2790069580078 -3.4e+38 -3.4e+38 -3.4e+38 -3.4e+38 -3.4e+38 -3.4e+38 -3.4e+38 -3.4e+38 -3.4e+38 -3.4e+38 -3.4e+38 -3.4e+38 -3.4e+38 -3.4e+38 -3.4e+38 -3.4e+38
36.9484748840332 37.6883316040039 37.9077491760254 37.6767921447754 38.4138298034668 38.8613166809082 39.078685760498 39.2445411682129 39.2088279724121 39.1134071350098 38.9381828308105 38.7703132629395 38.6288528442383 39.0440673828125 39.0036315917969 38.8553352355957 38.8260154724121 38.8567543029785 38.851505279541 38.743106842041 38.4298629760742 38.2211303710938 38.4560775756836 38.270751953125 38.0439300537109 38.0624847412109 38.0192260742188 37.7495803833008 37.5738716125488 37.3382835388184 -3.4e+38 -3.4e+38 -3.4e+38 -3.4e+38 -3.4e+38 -3.4e+38 -3.4e+38 -3.4e+38 -3.4e+38 -3.4e+38 -3.4e+38 -3.4e+38 -3.4e+38 -3.4e+38 -3.4e+38 -3.4e+38
36.976505279541 36.1452598571777 35.6087646484375 35.7001533508301 37.4179344177246 37.8144073486328 38.6917877197266 38.9186820983887 39.1160163879395 39.0010871887207 38.8006172180176 39.0071563720703 38.9767265319824 38.8693733215332 39.1602897644043 39.0978393554688 39.01708984375 38.9905586242676 38.9672737121582 38.9217491149902 38.8501281738281 38.7364883422852 38.5847702026367 38.494743347168 38.2163772583008 38.2078819274902 38.1296730041504 37.8534317016602 37.5687637329102 37.3858795166016 37.1621932983398 36.7879943847656 -3.4e+38 -3.4e+38 -3.4e+38 -3.4e+38 -3.4e+38 -3.4e+38 -3.4e+38 -3.4e+38 -3.4e+38 -3.4e+38 -3.4e+38 -3.4e+38 -3.4e+38 -3.4e+38
37.0066833496094 36.3348770141602 35.5656051635742 35.0956687927246 35.580623626709 36.2559432983398 37.7484245300293 38.6323356628418 39.1346435546875 38.9752235412598 38.5697364807129 38.9804573059082 39.1892776489258 39.1923217773438 39.1742134094238 39.1466522216797 39.1344947814941 39.0951156616211 39.0487442016602 38.9911308288574 38.9287872314453 38.8229370117188 38.7217254638672 38.6118583679199 38.3822402954102 38.341495513916 38.2111587524414 37.9906196594238 37.7323760986328 37.6033477783203 37.478199005127 37.2793083190918 36.9222412109375 -3.4e+38 -3.4e+38 -3.4e+38 -3.4e+38 36.4017524719238 36.4091377258301 -3.4e+38 -3.4e+38 -3.4e+38 -3.4e+38 -3.4e+38 -3.4e+38 -3.4e+38
37.5121994018555 36.4340896606445 35.6750068664551 35.3386192321777 35.7791366577148 35.558292388916 36.5148239135742 37.8680191040039 38.8335113525391 39.0820007324219 38.2388763427734 38.8309631347656 39.1249694824219 38.7572822570801 38.7888488769531 39.0502662658691 39.0967483520508 39.120002746582 39.0475807189941 38.9158897399902 38.9059867858887 38.8103218078613 38.7703514099121 38.6879425048828 38.5828552246094 38.4154586791992 38.2826347351074 38.1201324462891 37.9618988037109 37.8372840881348 37.7526741027832 37.5430221557617 37.131217956543 -3.4e+38 -3.4e+38 -3.4e+38 -3.4e+38 36.5149078369141 36.4610481262207 36.5590972900391 36.5211906433105 36.3755989074707 -3.4e+38 -3.4e+38 -3.4e+38 -3.4e+38
37.5064277648926 36.4370346069336 35.7329254150391 36.0896911621094 35.8915405273438 36.2108955383301 35.9692878723145 37.1123085021973 38.7329139709473 39.2360725402832 38.4387016296387 38.379207611084 38.945972442627 37.5437393188477 38.2653961181641 38.505729675293 38.8795356750488 39.130485534668 39.0807838439941 38.976188659668 38.9352493286133 38.8624954223633 38.8282852172852 38.7468528747559 38.6509208679199 38.4080238342285 38.340934753418 38.2424697875977 38.1521759033203 38.0696182250977 37.929759979248 37.7200126647949 37.4878921508789 -3.4e+38 -3.4e+38 37.1760330200195 36.9139709472656 36.6129531860352 36.5035667419434 36.3326301574707 36.4022445678711 36.5335121154785 -3.4e+38 -3.4e+38 -3.4e+38 -3.4e+38
36.3911170959473 35.3004531860352 35.2407379150391 36.3246612548828 36.5901031494141 36.4967460632324 36.1144981384277 36.393871307373 38.2209396362305 39.139217376709 39.1095008850098 38.4695777893066 38.820499420166 37.7763977050781 37.7533569335938 37.7567901611328 38.692985534668 39.1565246582031 39.1303863525391 39.1056098937988 39.0701217651367 38.9721488952637 38.8951644897461 38.6752815246582 38.6358757019043 38.4963607788086 38.4399375915527 38.3907623291016 38.3247451782227 38.2065773010254 38.0734252929688 37.9109878540039 37.7667961120605 -3.4e+38 37.5535583496094 37.504077911377 37.3989295959473 -3.4e+38 36.6423988342285 -3.4e+38 36.3923683166504 -3.4e+38 -3.4e+38 -3.4e+38 -3.4e+38 -3.4e+38
36.3851737976074 35.1162605285645 34.4601402282715 36.686092376709 36.8393745422363 36.2824096679688 35.9240913391113 36.0135040283203 37.2674369812012 38.9737701416016 39.0151481628418 38.6720581054688 38.7285575866699 38.7768630981445 38.2531700134277 39.0232467651367 39.1576919555664 39.1993026733398 39.1912956237793 39.146183013916 39.1078147888184 39.0267562866211 38.9613761901855 38.8549766540527 38.8052940368652 38.7014389038086 38.6269683837891 38.551570892334 38.4246025085449 38.3517837524414 38.2453269958496 38.122371673584 38.0186614990234 37.9186210632324 37.8509788513184 37.8082466125488 37.609203338623 -3.4e+38 -3.4e+38 -3.4e+38 -3.4e+38 -3.4e+38 -3.4e+38 36.5730056762695 -3.4e+38 -3.4e+38
37.8813552856445 37.6006698608398 35.7718734741211 37.0434455871582 35.7748565673828 35.7606315612793 36.1023216247559 36.3352127075195 37.9627990722656 38.9778213500977 38.7192764282227 38.2337951660156 38.8432922363281 39.1113739013672 39.1532936096191 39.1524314880371 39.2066535949707 38.9353218078613 39.0155792236328 39.1023864746094 39.0513153076172 39.0256729125977 38.9963150024414 38.937385559082 38.8790512084961 38.7959403991699 38.7313690185547 38.5872344970703 38.2951927185059 38.3454971313477 38.3724899291992 38.2959976196289 38.2185249328613 38.1207580566406 38.0629844665527 37.9511032104492 37.7695503234863 37.5951118469238 37.4377632141113 37.3390426635742 37.3083038330078 37.1667404174805 36.8461761474609 36.594841003418 -3.4e+38 -3.4e+38
37.9726829528809 37.2623519897461 37.7704086303711 37.5955047607422 36.4062538146973 36.4169731140137 36.0556640625 36.2141990661621 37.8302040100098 38.7947998046875 39.0572128295898 38.8537483215332 39.0736045837402 39.2544174194336 39.1274070739746 38.9797096252441 39.0884017944336 38.8550567626953 38.701229095459 38.7976531982422 39.0089874267578 39.0076293945312 38.9893035888672 38.9812126159668 38.9486198425293 38.8778839111328 38.8003158569336 38.6145057678223 38.3735771179199 38.4822731018066 38.4262351989746 38.4410705566406 38.3243026733398 38.2532005310059 38.1937141418457 38.028995513916 37.904468536377 37.8097991943359 37.7328567504883 37.6708984375 37.6108093261719 37.4521179199219 37.0501251220703 36.5656356811523 36.588508605957 -3.4e+38
