inst/extdata/Tmax/Tmax125.asc
NCOLS 100 
NROWS 79 
XLLCORNER 148.06 
YLLCORNER -21.49 
CELLSIZE 0.01 
NODATA_value -3.4e+38 
[rows 20 to 39 of 79, columns 0 to 45 of 100]
41.072170257568402 41.0946159362793 41.0945205688477 41.0610389709473 41.0815620422363 41.1927108764648 41.1221466064453 41.0655708312988 41.0141143798828 40.9372062683105 40.7813034057617 40.4127540588379 39.99853515625 39.3906745910645 38.1180000305176 37.7047119140625 37.6298637390137 38.5983428955078 39.6100006103516 40.0223999023438 40.0408554077148 40.0510749816895 40.3664474487305 40.3922576904297 40.2531433105469 39.989315032959 39.4093704223633 38.5354919433594 39.0512008666992 39.114372253418 39.6857261657715 39.6928176879883 39.8234672546387 39.7897796630859 39.7498168945312 39.5197906494141 39.144115447998 39.1440124511719 38.697826385498 38.9362945556641 38.7260322570801 38.022403717041 38.2426986694336 38.2881011962891 38.3994941711426 38.4239120483398
41.1403656005859 41.1848831176758 41.1958694458008 41.1611595153809 41.1655311584473 41.172176361084 41.0526123046875 40.9911880493164 40.9779510498047 40.9274368286133 40.822452545166 40.6644859313965 40.4588813781738 39.5796699523926 38.1329154968262 37.823657989502 38.0532531738281 38.8636741638184 39.3538475036621 39.7143363952637 39.8363647460938 39.7521362304688 40.2507438659668 40.3790130615234 40.2015037536621 40.2163314819336 40.176944732666 39.4698333740234 39.3224143981934 39.8118705749512 39.9214859008789 39.8146095275879 39.504581451416 38.9326095581055 38.948486328125 38.9245109558105 39.3436317443848 38.6763343811035 38.2937850952148 38.5886421203613 38.216121673584 38.2823066711426 38.0203552246094 37.1425590515137 37.4513511657715 38.0980949401855
41.1904945373535 41.222110748291 41.2301788330078 41.2148399353027 41.1970405578613 41.1723670959473 41.0158424377441 40.9127159118652 40.8722648620605 40.8513603210449 40.7542762756348 40.6913948059082 40.5385665893555 39.9745101928711 38.9109649658203 38.1020698547363 37.4641151428223 37.9611930847168 38.5240783691406 39.309211730957 39.4198760986328 39.5339050292969 40.143913269043 39.9455032348633 39.5568618774414 39.9031066894531 39.9589347839355 40.0392532348633 39.774658203125 39.8101234436035 39.5601806640625 39.3765449523926 38.8356475830078 38.5166549682617 38.2924880981445 38.4980506896973 38.424934387207 37.8847312927246 37.8542366027832 37.7731132507324 37.4721336364746 36.7293472290039 37.4920997619629 37.2089462280273 36.2517356872559 37.62255859375
41.1901779174805 41.206657409668 41.2237930297852 41.2143707275391 41.1758346557617 41.1717147827148 41.1062660217285 40.8496894836426 40.7610168457031 40.7868614196777 40.6302452087402 40.4588775634766 40.5597076416016 40.2151374816895 39.4745674133301 38.7212409973145 37.9069633483887 37.6271476745605 38.2236480712891 38.5331840515137 39.0623168945312 40.0117416381836 39.7791137695312 39.201301574707 39.3441925048828 39.4844627380371 39.1796417236328 40.0792541503906 40.1006393432617 39.9700622558594 39.7556381225586 38.7150688171387 38.3976783752441 38.5900382995605 38.9083633422852 38.4674758911133 37.5768661499023 37.0487594604492 37.7477722167969 37.253475189209 36.5485076904297 35.1496810913086 35.9630584716797 37.1118965148926 35.3573379516602 36.6458168029785
41.1435279846191 41.1851196289062 41.2140197753906 41.1824569702148 41.1448059082031 41.1483459472656 41.1491088867188 40.9988822937012 40.8472938537598 40.6993751525879 40.6119041442871 40.5763397216797 40.422981262207 40.1125450134277 39.3968276977539 38.7325553894043 37.9984664916992 37.6464996337891 37.8487701416016 37.8519897460938 39.0256156921387 39.8170776367188 38.7670402526855 38.2460594177246 39.0352783203125 39.0149726867676 39.1800880432129 39.8849411010742 40.1091156005859 39.7534866333008 39.6995124816895 39.4736328125 39.444938659668 39.4963035583496 39.1871337890625 38.8942985534668 38.5020332336426 37.4299736022949 37.2115821838379 36.9592704772949 35.2831192016602 34.7052421569824 35.1448097229004 36.9308929443359 35.0136680603027 35.3693923950195
41.1048278808594 41.1115341186523 41.1224822998047 41.0971374511719 41.1042785644531 41.1118392944336 41.1351661682129 41.1021728515625 40.9735908508301 40.7613067626953 40.5918579101562 40.4666404724121 40.3348960876465 39.9156608581543 39.4956970214844 38.9669380187988 38.3628845214844 38.0404663085938 38.4843788146973 39.1647300720215 39.1542320251465 39.0592002868652 38.5934181213379 37.3562393188477 37.8596649169922 38.6126251220703 38.7466506958008 39.9184684753418 40.0884132385254 39.7519187927246 38.9254188537598 39.4949722290039 39.367244720459 39.2460289001465 38.9873695373535 38.6832237243652 38.5590896606445 37.1378021240234 35.891284942627 36.2865409851074 34.8816604614258 35.6857528686523 36.0360641479492 36.9267234802246 35.9383850097656 34.8869857788086
41.0054168701172 41.0187301635742 41.0263748168945 41.0339736938477 41.0272064208984 41.0277862548828 41.107837677002 41.1161727905273 41.0010643005371 40.6302108764648 40.5393562316895 40.2941703796387 40.2958450317383 39.9503707885742 39.2434425354004 38.2159194946289 37.83837890625 38.0374870300293 38.5025329589844 38.4164733886719 38.6030693054199 39.4591751098633 39.323299407959 37.8651657104492 37.4707908630371 38.381763458252 39.1394462585449 39.9731483459473 40.0473823547363 39.8434562683105 39.0571136474609 38.6856689453125 39.4207305908203 38.9142036437988 38.493350982666 37.6973037719727 37.4166069030762 37.5246124267578 36.4954528808594 35.2244911193848 34.8276977539062 35.1273345947266 35.03662109375 36.0570907592773 35.1368865966797 34.4994735717773
40.8648109436035 40.8727951049805 40.9042053222656 40.947883605957 40.9663543701172 41.0174560546875 41.1006927490234 41.1030235290527 41.0447540283203 40.877613067627 40.6643180847168 40.4211654663086 40.3155822753906 40.1364936828613 39.2698631286621 38.1738052368164 37.8496322631836 37.812671661377 37.9434242248535 37.9255714416504 39.0324821472168 39.6400527954102 39.1285705566406 38.3014335632324 37.7507514953613 37.9804992675781 38.0871505737305 39.597412109375 39.9245223999023 39.8126487731934 39.062084197998 38.9739036560059 39.2487106323242 38.5436820983887 37.8766479492188 37.3242530822754 36.4305076599121 37.1272315979004 36.9668235778809 35.183780670166 34.7490615844727 34.9244842529297 34.8455772399902 35.4288749694824 34.8458213806152 34.5476570129395
40.390193939209 40.3370208740234 40.5953178405762 40.8840866088867 41.0038642883301 41.0757637023926 41.1029891967773 41.0971183776855 40.9870185852051 40.8939476013184 40.7492904663086 40.256950378418 40.3491020202637 40.2134056091309 39.733943939209 38.578254699707 37.8661422729492 37.3782653808594 37.690013885498 38.5551910400391 39.0488471984863 39.3910713195801 38.5602760314941 37.8582992553711 37.680908203125 37.8269309997559 38.2371826171875 39.1129684448242 39.8275451660156 39.8833312988281 39.399543762207 39.1436500549316 38.7322692871094 37.7434997558594 36.608959197998 36.1972351074219 35.8753471374512 36.0767021179199 36.2287712097168 35.8357963562012 35.316822052002 35.4307861328125 35.1666984558105 34.9494476318359 34.9589653015137 34.8916549682617
39.5353813171387 40.3579750061035 40.6738777160645 40.4221534729004 40.9436874389648 41.0785636901855 41.0942878723145 41.0873184204102 40.9075317382812 40.7775459289551 40.7740783691406 40.5298957824707 40.313232421875 40.1933898925781 39.9599227905273 39.4773216247559 38.9376640319824 37.6174163818359 37.9348449707031 38.0158233642578 38.1684989929199 39.0791969299316 38.6711845397949 37.8866539001465 37.6875114440918 37.4841079711914 37.4439697265625 39.0569229125977 39.8489303588867 39.9183044433594 39.1515350341797 38.2147827148438 37.9139518737793 37.5715141296387 37.3111343383789 36.322624206543 36.2531089782715 35.8480110168457 35.4377098083496 35.6890487670898 37.4498901367188 37.5144157409668 36.4217987060547 35.008544921875 36.037525177002 36.1409492492676
39.8183097839355 40.6487350463867 40.6763572692871 40.1647529602051 40.8967895507812 41.0628623962402 41.0993003845215 41.0868148803711 41.0385322570801 40.8365898132324 40.7431564331055 40.6799278259277 40.5202178955078 40.3317756652832 40.0620193481445 39.5167846679688 38.7182312011719 38.2944946289062 37.8515205383301 38.1034049987793 38.1810569763184 38.607006072998 38.0164222717285 37.8506317138672 37.5548820495605 36.9362754821777 37.2035827636719 38.9393081665039 39.7337951660156 39.7744216918945 39.757682800293 39.5913925170898 38.5332984924316 37.615535736084 37.5483322143555 37.0756225585938 37.203784942627 37.01513671875 36.600154876709 37.0752792358398 38.4999618530273 38.5402030944824 38.1373519897461 37.5872917175293 37.4685974121094 36.8934440612793
40.5424537658691 40.7837371826172 40.8449745178223 40.839485168457 40.9146194458008 41.0468673706055 41.0659141540527 41.0628356933594 41.0251083374023 40.9634971618652 40.8014183044434 40.7444000244141 40.657901763916 40.4726257324219 40.2283515930176 39.7775268554688 38.9641494750977 38.5656280517578 37.8886795043945 37.7831726074219 37.8527870178223 38.2785530090332 37.9158973693848 37.6651229858398 37.6043739318848 37.6330986022949 38.4005126953125 39.4252700805664 39.775749206543 39.2981185913086 39.2162475585938 39.2185478210449 39.412670135498 38.938606262207 38.6763381958008 37.9413909912109 38.919261932373 38.7735176086426 38.7417182922363 38.7512359619141 38.5296211242676 37.6551399230957 36.7404975891113 36.4197845458984 36.2843399047852 35.5573959350586
40.2692451477051 40.9363212585449 40.9922256469727 41.0009765625 40.9917030334473 40.9940452575684 40.9603843688965 41.0022277832031 40.9989013671875 40.9856185913086 40.9450302124023 40.8282585144043 40.6647872924805 40.5203742980957 40.3463172912598 40.1181755065918 39.663257598877 39.0353775024414 38.3188095092773 37.6364860534668 37.6643104553223 38.0985412597656 37.979679107666 37.7079887390137 37.5694808959961 37.7229461669922 39.080451965332 39.7511749267578 39.813232421875 39.6475524902344 39.1827163696289 38.6036949157715 39.2608757019043 39.3595314025879 39.392276763916 38.8962745666504 39.2705383300781 38.9904861450195 38.8615531921387 38.7012977600098 37.560546875 36.176643371582 34.9332427978516 35.269229888916 35.182315826416 34.2078132629395
40.1309051513672 40.7175331115723 40.54638671875 40.4270820617676 40.5509033203125 40.9035377502441 40.8964462280273 40.9163284301758 40.9322471618652 40.9227256774902 40.8950996398926 40.8691139221191 40.7692756652832 40.6313743591309 40.4917106628418 40.2863502502441 39.8746070861816 39.4868392944336 39.2301292419434 38.6297645568848 37.7206573486328 37.9434089660645 37.7272453308105 37.7969970703125 37.6789474487305 37.6520957946777 38.6531257629395 39.7010383605957 39.7742767333984 39.4751510620117 39.3451728820801 38.3319816589355 38.6070861816406 38.8431358337402 39.120246887207 39.2311782836914 39.0885696411133 38.9247970581055 38.5566444396973 38.6031684875488 38.2931022644043 37.0902633666992 36.3099250793457 36.8376159667969 36.4075622558594 35.2905960083008
40.4469184875488 40.6964225769043 40.3111953735352 39.6734428405762 39.7780647277832 40.6683235168457 40.8571166992188 40.8233261108398 40.8409996032715 40.857982635498 40.7883071899414 40.8273468017578 40.784839630127 40.6863555908203 40.5515441894531 40.3788528442383 40.0831832885742 39.4629516601562 39.0780792236328 38.6390190124512 37.9890289306641 37.9006042480469 37.7231674194336 37.5171318054199 37.4844627380371 37.8521499633789 38.9216461181641 39.6574478149414 39.1859283447266 38.975700378418 39.0753211975098 38.731517791748 38.4246253967285 38.1057739257812 37.8455581665039 38.3119239807129 38.1214752197266 38.4299583435059 38.3489990234375 38.152774810791 37.8974647521973 38.1860542297363 37.949649810791 37.6410675048828 37.0611190795898 36.5951194763184
40.5659294128418 40.6429252624512 40.4597129821777 40.1577682495117 39.8679695129395 40.3891677856445 40.6695556640625 40.6913375854492 40.7378273010254 40.7957229614258 40.7882995605469 40.8257522583008 40.7723541259766 40.720573425293 40.5818290710449 40.3837471008301 40.1540298461914 39.9578857421875 39.5844306945801 38.9670448303223 38.6000862121582 38.346435546875 37.8541374206543 37.2301292419434 37.3850860595703 37.625171661377 38.992733001709 39.492000579834 37.6981735229492 37.3030319213867 37.9219703674316 38.1262893676758 38.0806274414062 37.8695220947266 37.3974075317383 37.1459465026855 37.6513214111328 37.4921035766602 37.4568176269531 37.4044532775879 37.1444778442383 36.8365821838379 37.0789413452148 37.5290489196777 36.9202156066895 35.8222236633301
40.4273986816406 40.4417572021484 40.4670143127441 40.1995811462402 39.9275550842285 40.1074409484863 40.3098182678223 40.4964370727539 40.6026039123535 40.7197341918945 40.7053375244141 40.6992683410645 40.7814865112305 40.7205009460449 40.6120529174805 40.3622550964355 40.3332405090332 40.1964912414551 39.9646453857422 39.604061126709 39.465503692627 38.7023506164551 38.1263542175293 37.6692924499512 37.664924621582 38.0361404418945 39.0119972229004 38.9192047119141 38.6353378295898 38.5320129394531 37.7873497009277 37.716796875 37.5295791625977 37.3868942260742 36.6792907714844 36.2775192260742 36.4776229858398 36.4202766418457 36.6460227966309 36.4450759887695 36.4285125732422 35.5128059387207 36.2080917358398 37.0344352722168 36.798454284668 35.3682861328125
39.8849792480469 40.1899375915527 40.3925323486328 40.2876739501953 40.0906448364258 39.9664115905762 39.9514846801758 40.3046073913574 40.4137954711914 40.5801467895508 40.6602783203125 40.6555938720703 40.7138214111328 40.7312698364258 40.5675582885742 40.472957611084 40.3942337036133 40.2920074462891 40.1431694030762 39.9535675048828 39.759578704834 39.072826385498 37.968864440918 38.0539627075195 37.3806838989258 37.9445381164551 38.8582000732422 38.3211517333984 38.5016059875488 38.9472885131836 38.8319435119629 38.6702575683594 38.0199394226074 37.6010856628418 36.0620651245117 34.8102798461914 34.844970703125 34.7318000793457 34.6896934509277 35.1472091674805 35.3043174743652 35.4821662902832 35.6689720153809 36.519702911377 36.3741340637207 35.9836158752441
40.0028266906738 40.0789222717285 40.2104225158691 40.1835556030273 40.1450729370117 39.8471221923828 39.6381797790527 39.392505645752 40.0231399536133 40.4978485107422 40.6266708374023 40.6634902954102 40.7392845153809 40.7382621765137 40.4553833007812 40.0760345458984 40.0884132385254 40.1464653015137 40.1904411315918 40.0753593444824 39.9391822814941 39.5423202514648 38.471809387207 38.7662620544434 37.8323440551758 37.8251457214355 37.9583930969238 38.2684631347656 37.2488632202148 37.8946571350098 37.5307426452637 37.6325378417969 38.8350448608398 38.4178733825684 37.4810447692871 35.2899551391602 34.3812675476074 34.3818969726562 33.7171745300293 34.1415672302246 34.7650527954102 34.7418479919434 34.8239479064941 36.1614418029785 35.72314453125 35.1957778930664
40.0697135925293 39.9779319763184 40.0324630737305 39.8362770080566 40.0298652648926 39.9425163269043 39.723804473877 39.4768829345703 39.6661109924316 40.2504081726074 40.4880561828613 40.6640357971191 40.7068862915039 40.6770057678223 40.6230697631836 40.2433319091797 39.8712730407715 39.6859092712402 39.9443626403809 40.0627822875977 39.9289894104004 39.7835159301758 39.4725036621094 38.9147262573242 37.8735694885254 37.6630668640137 37.6064491271973 37.6979179382324 37.7456855773926 37.2247009277344 36.6620063781738 37.4127960205078 38.5738220214844 37.852237701416 38.0605316162109 37.5305213928223 37.0984687805176 36.9641952514648 35.9952812194824 34.8975486755371 35.6005172729492 35.2744560241699 35.6570281982422 35.8345222473145 35.5330963134766 35.0654678344727
