inst/extdata/Tmax/Tmax41.asc
NCOLS 100 
NROWS 79 
XLLCORNER 148.06 
YLLCORNER -21.49 
CELLSIZE 0.01 
NODATA_value -3.4e+38 
[rows 40 to 59 of 79, columns 0 to 45 of 100]
34.898307800292997 34.5432243347168 35.4267425537109 36.0733337402344 35.2551727294922 35.124195098877 35.1086845397949 35.0976905822754 34.3633918762207 34.7385635375977 35.3556213378906 36.824520111084 37.2998809814453 36.2824325561523 36.3539352416992 35.901050567627 35.772762298584 35.0848503112793 34.4111595153809 34.669261932373 34.6546516418457 34.7595558166504 34.7253036499023 34.7053642272949 33.0379600524902 33.2021522521973 32.4190292358398 32.4398956298828 32.7828140258789 31.7024536132812 30.6859092712402 29.6958789825439 31.3940315246582 31.1925640106201 30.6718406677246 31.0920143127441 30.6731719970703 27.8602066040039 27.3712673187256 26.9203681945801 26.5112419128418 25.6387691497803 25.0451812744141 24.8171405792236 24.5358009338379 26.3443832397461
35.3642425537109 35.0815887451172 35.1940307617188 35.887077331543 36.0110740661621 35.8765525817871 35.1478729248047 35.4869613647461 35.1105117797852 35.7189598083496 35.7305526733398 36.5999031066895 36.8861846923828 36.9145431518555 36.1924629211426 36.9074058532715 36.0959358215332 35.0965423583984 34.3798751831055 34.9269065856934 35.3193168640137 35.5370597839355 34.9602203369141 34.0249404907227 32.0663986206055 31.4854335784912 32.0846405029297 32.2363510131836 32.510913848877 32.0268630981445 30.8730583190918 30.8578453063965 31.2052402496338 31.7683639526367 28.8268928527832 29.9035110473633 29.3207130432129 27.7922019958496 27.675745010376 29.2064952850342 28.9934864044189 26.6794147491455 24.5988941192627 24.5093116760254 24.5746212005615 24.9330253601074
35.3633422851562 35.3354797363281 35.5673789978027 35.6200714111328 35.5301780700684 35.3852653503418 35.3671531677246 35.7583045959473 35.4786643981934 35.6652526855469 36.0767288208008 36.8026390075684 37.5621719360352 36.9795036315918 37.0449867248535 36.4999732971191 36.3875541687012 36.1980514526367 35.4349021911621 35.376277923584 35.6777877807617 34.8800201416016 34.8495292663574 34.1587409973145 34.2736663818359 33.6568908691406 31.5658493041992 32.2616767883301 32.2710151672363 31.7717800140381 30.2005596160889 30.2889614105225 29.2398700714111 29.2265014648438 27.9594573974609 28.4462070465088 26.3318042755127 27.2801742553711 27.6057682037354 27.0521278381348 27.7730808258057 26.8965587615967 27.1171760559082 25.8150672912598 25.7480163574219 26.6902084350586
34.5820922851562 35.0902099609375 35.5004806518555 35.5859184265137 35.8395957946777 35.6515083312988 36.3803176879883 36.1484146118164 35.6498680114746 35.6043663024902 35.7868423461914 36.4415054321289 36.9587326049805 37.1145706176758 37.4964599609375 37.539005279541 37.0670776367188 36.8157234191895 35.8262176513672 35.6692161560059 35.7453079223633 35.5944213867188 34.9962844848633 33.6317863464355 33.8701095581055 33.7589340209961 33.312442779541 33.0161933898926 32.2404747009277 32.4637985229492 31.2906875610352 30.8872756958008 32.2807693481445 31.0425662994385 31.2906398773193 25.2592144012451 25.8459987640381 26.0104274749756 26.2708511352539 25.9034004211426 25.5292892456055 26.3179359436035 25.941593170166 26.8397693634033 28.5294799804688 30.8288764953613
34.2558670043945 34.9299621582031 34.8573303222656 34.8579368591309 35.4994850158691 35.6587905883789 35.711311340332 35.9089698791504 35.7388381958008 35.9604988098145 35.759105682373 36.6257820129395 36.7035865783691 37.3325576782227 37.616081237793 37.4004402160645 36.988208770752 37.1546249389648 36.9770545959473 36.793155670166 36.2149429321289 36.0263671875 35.2212066650391 35.7582244873047 35.0532722473145 33.9080848693848 33.9430465698242 33.2510032653809 33.5710906982422 32.6808700561523 32.4234275817871 31.9996280670166 32.4729499816895 34.2722549438477 34.2246627807617 26.1162757873535 24.7831287384033 24.8293857574463 24.9616222381592 25.5228786468506 25.2951679229736 25.8349742889404 25.2028465270996 26.0256404876709 27.6634120941162 30.7910194396973
35.3982696533203 34.8418312072754 34.3600425720215 34.4897117614746 35.1769638061523 35.1123428344727 35.4287414550781 35.8474617004395 35.9642372131348 35.8928909301758 35.7472457885742 36.2506217956543 36.0969734191895 37.2158584594727 37.8518447875977 37.3740882873535 36.8573722839355 37.432487487793 36.6497650146484 36.3703727722168 36.2770042419434 35.925594329834 35.3980293273926 34.2744369506836 34.9473648071289 34.9023208618164 33.3867683410645 33.7685241699219 33.9158668518066 32.8415336608887 31.6538848876953 31.5768394470215 32.6546592712402 32.6901969909668 34.744255065918 31.3069190979004 25.6325511932373 24.8624114990234 24.9452304840088 25.7656555175781 25.0037384033203 25.4641418457031 26.0037536621094 26.0789089202881 27.202751159668 27.9798355102539
34.0914421081543 34.5643005371094 35.0200080871582 34.2764587402344 34.1639366149902 34.6410140991211 35.3362083435059 35.5023155212402 35.5282135009766 35.3344573974609 35.9461135864258 36.0771598815918 35.1831398010254 35.8749008178711 37.3176460266113 36.1466217041016 36.2008590698242 37.3036079406738 37.0748138427734 35.7831230163574 35.9692039489746 35.6205101013184 35.6987609863281 35.9889030456543 33.3400344848633 33.7234687805176 33.7019500732422 33.883186340332 34.0342864990234 34.1665153503418 32.4926528930664 31.987720489502 31.5948276519775 31.9011192321777 33.3568725585938 33.2988433837891 25.9195995330811 26.1220645904541 25.9448337554932 26.68674659729 25.927074432373 25.8579559326172 26.1198291778564 31.7578144073486 27.4085178375244 26.4653053283691
35.4133148193359 34.1847496032715 35.127326965332 34.0305023193359 34.0365219116211 34.3187866210938 34.5580253601074 34.4991226196289 34.388370513916 35.048454284668 34.8133697509766 34.8894004821777 35.280143737793 36.1531829833984 37.0432319641113 37.2094230651855 36.6076240539551 37.0347480773926 36.8835754394531 35.8968849182129 36.508487701416 36.4388465881348 35.0971183776855 35.3318939208984 35.0398292541504 35.7820091247559 35.3533515930176 34.707145690918 34.7975616455078 34.6637153625488 33.9963073730469 33.2470550537109 31.9695606231689 33.0051155090332 33.0046310424805 31.9464435577393 31.6127586364746 29.6031112670898 27.4392833709717 27.4294567108154 26.9164047241211 26.8038711547852 26.8157348632812 26.6440849304199 25.9672164916992 25.6692905426025
36.8064498901367 34.9222984313965 33.6204490661621 33.2889633178711 33.4439659118652 34.5512504577637 34.0744857788086 33.9754104614258 33.9112815856934 34.7757186889648 34.9557685852051 34.7642555236816 35.2596626281738 36.3394165039062 37.2036743164062 36.3498001098633 36.3786201477051 36.0514297485352 36.5811538696289 35.5222434997559 35.6636619567871 36.64208984375 36.4088859558105 36.1098480224609 35.502628326416 34.927188873291 35.908332824707 36.516185760498 35.9326934814453 34.8117485046387 33.826229095459 33.8724784851074 32.948299407959 32.7307968139648 32.7056579589844 32.7407608032227 33.0546798706055 32.8869094848633 32.9990501403809 31.271463394165 26.2129306793213 26.2481746673584 26.5555553436279 26.1404209136963 26.082124710083 25.7033157348633
37.037166595459 36.0275344848633 35.0621223449707 33.1810150146484 33.1239624023438 33.2314109802246 33.8259086608887 33.974781036377 33.9968414306641 35.4283561706543 36.2964401245117 35.788200378418 35.390998840332 35.5724105834961 35.7298164367676 35.8048057556152 36.3331680297852 36.5179595947266 36.141658782959 36.8283996582031 35.6760177612305 36.1935768127441 36.583324432373 36.4526710510254 35.9665679931641 36.4785270690918 34.8757476806641 35.9420356750488 35.3526954650879 34.6899604797363 33.6922340393066 34.2298622131348 32.2876243591309 32.2296485900879 32.4605369567871 29.1223926544189 33.2043266296387 32.9160499572754 32.59521484375 32.7129325866699 31.2612228393555 26.0810985565186 25.8293495178223 28.0457649230957 27.9957523345947 28.5347080230713
37.3980979919434 36.5457611083984 36.0498390197754 33.6282081604004 33.5578765869141 33.1348419189453 33.3132209777832 33.9770851135254 33.9234886169434 35.185661315918 36.3361511230469 36.1614952087402 36.2969284057617 36.6802787780762 36.5179138183594 36.1303672790527 36.4327507019043 36.4358863830566 36.4640846252441 35.6738319396973 36.6307716369629 36.4385757446289 36.1593551635742 35.7042922973633 35.4284553527832 35.422248840332 35.0282783508301 34.4596138000488 35.3896942138672 35.1560363769531 34.0093421936035 34.1896438598633 32.6661911010742 32.8354644775391 31.1340217590332 32.2172355651855 32.1562347412109 32.5985069274902 32.4410591125488 32.5184555053711 32.0747871398926 31.334867477417 30.07493019104 29.226655960083 27.8371257781982 27.7026557922363
37.1679344177246 37.3355522155762 36.1926803588867 34.4691352844238 34.1543121337891 34.5201072692871 33.9054718017578 33.4838371276855 32.8070983886719 33.7914810180664 35.8570365905762 36.5255088806152 36.7614669799805 35.9777870178223 36.556770324707 36.4957466125488 36.656177520752 37.0136337280273 37.1519317626953 35.9588279724121 36.8244018554688 36.7281455993652 35.3450469970703 35.3642425537109 35.2174987792969 34.3388404846191 34.2189025878906 34.4015007019043 35.2107086181641 35.9053611755371 35.7283096313477 33.5925788879395 33.2206344604492 32.2527961730957 31.916130065918 31.3957271575928 31.4690036773682 32.2176475524902 32.1838188171387 32.1913261413574 31.437047958374 31.1567726135254 30.6693458557129 29.7662773132324 25.8901405334473 25.6884384155273
36.6166534423828 37.2259292602539 36.9231109619141 33.3260192871094 32.7426605224609 33.6032867431641 33.513801574707 33.6855735778809 32.7950668334961 33.0254669189453 34.8818130493164 34.5903549194336 35.4747505187988 36.5855293273926 36.2083969116211 36.6306190490723 36.8285026550293 37.1158256530762 36.9948844909668 36.8860092163086 36.8386077880859 36.6467514038086 36.4934005737305 35.3903617858887 36.3212089538574 35.9989280700684 34.6004486083984 34.6800842285156 34.8012771606445 35.5030555725098 35.5643005371094 34.1946258544922 33.1944808959961 32.5302581787109 32.4835166931152 33.2402267456055 31.4039325714111 31.1141796112061 31.8330860137939 32.9303512573242 32.8451156616211 32.1225051879883 32.0298042297363 31.1882705688477 26.2304801940918 25.6010074615479
36.9130020141602 36.4102439880371 36.3502235412598 34.1473350524902 33.0252838134766 34.2325019836426 34.2634239196777 33.6817893981934 32.8885078430176 33.0347747802734 34.6942710876465 34.2356986999512 36.2651443481445 36.2521057128906 36.1356086730957 36.9863319396973 36.6659317016602 37.0675773620605 35.8577613830566 36.6969451904297 36.803092956543 36.8814926147461 36.7077598571777 35.8938827514648 35.2582054138184 35.467887878418 35.4647216796875 34.9052734375 34.4131813049316 34.7679481506348 35.1496162414551 35.4990196228027 35.5162696838379 34.6931762695312 33.6711921691895 34.2733726501465 32.8979454040527 32.0111656188965 30.7181663513184 32.1544151306152 33.1565780639648 33.3129081726074 32.7135810852051 32.4686393737793 29.9181785583496 29.4579601287842
36.634162902832 35.8049850463867 36.0344390869141 35.129337310791 34.6040306091309 34.3748435974121 34.9101181030273 34.4373741149902 34.7243995666504 33.8087348937988 33.8646583557129 34.7050704956055 34.9699630737305 35.9202156066895 36.6820106506348 36.8630409240723 36.7938842773438 36.9896240234375 36.9658546447754 36.1565742492676 36.1809539794922 36.8421630859375 36.4215202331543 36.9061088562012 36.1003684997559 35.4323425292969 34.8998603820801 35.295280456543 33.8854675292969 35.0394096374512 34.6321487426758 34.1751441955566 35.1981925964355 34.9443664550781 35.8497543334961 33.5088119506836 33.5938720703125 34.1977386474609 33.8586730957031 32.5347137451172 32.5080184936523 31.7160453796387 30.9539775848389 30.1388053894043 30.2813358306885 27.1770610809326
36.7328948974609 36.7717132568359 36.6324653625488 35.5881004333496 35.2300910949707 35.0703125 35.5033912658691 35.9046630859375 35.1031532287598 33.9690933227539 34.7696495056152 36.1476860046387 35.8885383605957 36.8684501647949 36.6642608642578 36.7762756347656 35.5265808105469 36.143424987793 36.2952003479004 36.333568572998 35.9786987304688 36.0659484863281 35.7010726928711 36.331298828125 35.9849319458008 36.2429580688477 35.3712348937988 35.7235908508301 34.6379051208496 35.0729637145996 35.171817779541 34.6594200134277 33.9993515014648 34.0078506469727 34.5111770629883 35.1370315551758 34.802490234375 34.6636047363281 33.8578453063965 32.2213554382324 31.5866718292236 32.3624801635742 30.2886219024658 26.6593990325928 27.1601963043213 26.9596214294434
36.2512435913086 36.6621780395508 36.2321128845215 36.829273223877 35.6527786254883 34.3320579528809 35.0203132629395 35.8120803833008 35.4361839294434 34.6679725646973 34.5778579711914 36.3861503601074 36.7725563049316 35.6411743164062 36.2843399047852 36.6946411132812 35.4419898986816 35.8607749938965 36.1679725646973 35.2848892211914 35.5088729858398 35.8397903442383 36.070972442627 35.9557647705078 35.9944381713867 35.9233703613281 35.7227401733398 35.2157554626465 34.9084892272949 35.3941612243652 33.6958618164062 34.4641723632812 32.8340301513672 32.9052543640137 33.4051895141602 34.576416015625 33.9170799255371 32.8327980041504 32.7781524658203 28.0324172973633 27.6573429107666 31.1931800842285 29.9163112640381 26.1872406005859 26.735258102417 26.9414939880371
36.7327461242676 37.0484962463379 36.6722068786621 36.4586029052734 35.9929161071777 36.2499160766602 35.1525192260742 35.0640449523926 35.4899444580078 35.3875579833984 34.0901870727539 35.414909362793 36.7900924682617 36.5087699890137 36.097053527832 36.6403427124023 36.0827713012695 35.8698310852051 34.5372467041016 35.7959060668945 36.1351776123047 36.235034942627 35.4046020507812 35.8910026550293 36.5950889587402 35.9275360107422 35.7560577392578 35.2660636901855 35.356616973877 35.8217353820801 35.1315650939941 34.9989204406738 34.7759094238281 34.2098388671875 33.0635643005371 33.1744804382324 34.1076202392578 33.303539276123 32.0978050231934 27.8910942077637 27.7598285675049 31.8855857849121 27.2960834503174 26.9867477416992 26.2661762237549 26.4943752288818
36.9816055297852 36.9386444091797 37.0568428039551 36.6886901855469 36.6239776611328 35.9802055358887 34.9785003662109 34.7392845153809 35.0064392089844 34.0969848632812 34.4294013977051 36.5032043457031 36.2541999816895 36.9567680358887 36.0749244689941 36.1329574584961 34.9466781616211 34.8091278076172 34.7807960510254 34.8329620361328 34.9282417297363 35.2916221618652 34.6027412414551 35.2683715820312 36.4970397949219 35.8435935974121 35.4822845458984 35.563060760498 35.3837623596191 35.89306640625 35.0805435180664 35.0381507873535 34.8808288574219 34.314811706543 34.2226333618164 33.155590057373 33.1175994873047 32.6665229797363 28.5436496734619 28.4319095611572 28.1189613342285 31.3123950958252 27.3899097442627 26.544038772583 26.6178398132324 26.5311660766602
36.7975463867188 36.1960525512695 36.9372863769531 35.8916168212891 36.6164093017578 35.3876152038574 35.2833976745605 34.6046524047852 35.0039405822754 34.135856628418 34.1962432861328 33.8674774169922 35.7494735717773 36.6209411621094 36.5833168029785 35.8656845092773 34.7293357849121 34.833911895752 34.7394027709961 34.0775680541992 34.446647644043 35.8257064819336 34.8640098571777 35.2424278259277 35.3108711242676 35.7798309326172 35.6071128845215 35.4109573364258 35.5910224914551 36.2354278564453 35.2749824523926 34.8625946044922 34.4516868591309 35.2278099060059 34.8576469421387 34.4421768188477 33.7466239929199 32.5313873291016 31.9830169677734 31.9572372436523 31.28000831604 31.3084926605225 30.5392150878906 26.6710891723633 26.5597610473633 26.5434646606445
