inst/extdata/Tmax/Tmax93.asc
NCOLS 100 
NROWS 79 
XLLCORNER 148.06 
YLLCORNER -21.49 
CELLSIZE 0.01 
NODATA_value -3.4e+38 
[rows 20 to 39 of 79, columns 0 to 45 of 100]
36.417621612548800 36.4673309326172 36.4661827087402 36.4367599487305 36.4628219604492 36.5924415588379 36.5119247436523 36.4427528381348 36.3798751831055 36.2871170043945 36.1017532348633 35.6745796203613 35.1938934326172 34.497486114502 33.0636367797852 32.6016502380371 32.5317802429199 33.6020622253418 34.7455177307129 35.2177200317383 35.2383232116699 35.2546348571777 35.6197357177734 35.6492233276367 35.4867782592773 35.1807670593262 34.5305519104004 33.5326499938965 34.1132698059082 34.1846008300781 34.8359794616699 34.8493309020996 35.0001754760742 34.9620323181152 34.9168586730957 34.6536979675293 34.2310333251953 34.2320671081543 33.7281341552734 33.9990463256836 33.7629013061523 32.9891548156738 33.2273712158203 33.2802963256836 33.4076957702637 33.4376602172852
36.5059661865234 36.5814933776855 36.5933952331543 36.5625343322754 36.5751533508301 36.5809669494629 36.442497253418 36.3678817749023 36.350456237793 36.2890930175781 36.1637344360352 35.9820137023926 35.740348815918 34.7256660461426 33.091869354248 32.7454452514648 33.0152130126953 33.9135246276855 34.4676704406738 34.8784484863281 35.0176773071289 34.9251518249512 35.5003318786621 35.6494407653809 35.4425201416016 35.4596824645996 35.4291076660156 34.6047706604004 34.4367065429688 34.997486114502 35.1245536804199 35.0069198608398 34.6514167785645 34.001163482666 34.0200080871582 33.9939498901367 34.4768981933594 33.720630645752 33.2915840148926 33.624942779541 33.2077789306641 33.2987289428711 32.9970932006836 32.0214500427246 32.3665313720703 33.0912780761719
36.5837860107422 36.6446075439453 36.6531600952148 36.6448554992676 36.6339225769043 36.6042137145996 36.4220161437988 36.2983703613281 36.2490043640137 36.2228507995605 36.1072120666504 36.0372695922852 35.8571014404297 35.2015533447266 33.9880409240723 33.0778961181641 32.3798942565918 32.9232177734375 33.5530815124512 34.4396591186523 34.56494140625 34.6993064880371 35.4013023376465 35.1714706420898 34.7246398925781 35.1225204467773 35.2023658752441 35.2856330871582 34.9804649353027 35.0219764709473 34.7353515625 34.5308265686035 33.9167594909668 33.5577049255371 33.306713104248 33.5390892028809 33.462818145752 32.8584899902344 32.8260345458984 32.7371978759766 32.4034957885742 31.6310234069824 32.434497833252 32.1215972900391 31.1474800109863 32.5871810913086
36.582088470459 36.6254539489746 36.6444816589355 36.6430854797363 36.6080436706543 36.6050834655762 36.5312156677246 36.2261123657227 36.1202659606934 36.1493034362793 35.9641876220703 35.7680282592773 35.8847999572754 35.4825401306152 34.6301193237305 33.7748947143555 32.8749198913574 32.5515480041504 33.217601776123 33.5645523071289 34.161548614502 35.2527923583984 34.9842720031738 34.3233528137207 34.4860725402832 34.6465187072754 34.3141136169434 35.3381042480469 35.3638763427734 35.21337890625 34.9666709899902 33.7853889465332 33.4285125732422 33.6465148925781 34.0082931518555 33.5112686157227 32.5192642211914 31.9364585876465 32.7136611938477 32.1645202636719 31.4397392272949 30.0467262268066 30.8581504821777 32.0205612182617 30.2513999938965 31.550952911377
36.5380058288574 36.6103439331055 36.6430320739746 36.6159057617188 36.581916809082 36.5903472900391 36.5953369140625 36.4156265258789 36.2352027893066 36.059944152832 35.9562644958496 35.9189720153809 35.7388877868652 35.3774375915527 34.554557800293 33.7999305725098 32.9886054992676 32.5842514038086 32.8096580505371 32.8127517700195 34.1332855224609 35.0426712036133 33.8449287414551 33.2580261230469 34.1490287780762 34.1262969970703 34.3296012878418 35.1291847229004 35.3905487060547 34.9796981811523 34.9188232421875 34.6655693054199 34.6343154907227 34.6952819824219 34.3429870605469 34.0113372802734 33.5737533569336 32.3725624084473 32.1312484741211 31.8645458221436 30.1772174835205 29.6073379516602 30.0440864562988 31.8478050231934 29.91526222229 30.2772941589355
36.5032043457031 36.5350494384766 36.5467720031738 36.5268898010254 36.5448188781738 36.5600433349609 36.5919952392578 36.5515899658203 36.397891998291 36.1462631225586 35.9463348388672 35.8043670654297 35.6499710083008 35.1633262634277 34.6801834106445 34.077278137207 33.409252166748 33.0363960266113 33.5349082946777 34.3049087524414 34.2928428649902 34.1896324157715 33.6621284484863 32.2752990722656 32.8378448486328 33.6848640441895 33.8520355224609 35.1842231750488 35.3831825256348 34.9944763183594 34.0491752624512 34.7069549560547 34.5622024536133 34.4254302978516 34.132152557373 33.788646697998 33.6552276611328 32.0617980957031 30.7992420196533 31.2003879547119 29.7808475494385 30.6105899810791 30.9566192626953 31.8583526611328 30.8625087738037 29.7991542816162
36.3986015319824 36.4378929138184 36.4456100463867 36.4637603759766 36.4655342102051 36.4733085632324 36.57275390625 36.581657409668 36.4439735412598 36.005615234375 35.8983879089355 35.6166610717773 35.6177978515625 35.2164154052734 34.4047241210938 33.2413215637207 32.8318557739258 33.0446434020996 33.567684173584 33.4704780578613 33.6810760498047 34.660026550293 34.5048789978027 32.8562126159668 32.4154739379883 33.4380378723145 34.3131217956543 35.2639312744141 35.3520660400391 35.1170349121094 34.214900970459 33.7990493774414 34.6406326293945 34.0631637573242 33.5874404907227 32.6929473876953 32.385555267334 32.5089569091797 31.422046661377 30.1368999481201 29.7356719970703 30.0556049346924 29.9554748535156 30.9927444458008 30.0607471466064 29.4137630462646
36.2572250366211 36.2900619506836 36.3247261047363 36.3841743469238 36.4149971008301 36.4838943481445 36.5871696472168 36.5890998840332 36.5190696716309 36.3202667236328 36.0679779052734 35.7874183654785 35.6635513305664 35.4546813964844 34.4568748474121 33.2149467468262 32.8652610778809 32.8133125305176 32.9599304199219 32.9399108886719 34.190559387207 34.8913612365723 34.3058242797852 33.3686904907227 32.7503776550293 33.0090599060059 33.1448097229004 34.8542518615723 35.2348251342773 35.1070899963379 34.2455902099609 34.1518859863281 34.4688568115234 33.6670951843262 32.916130065918 32.2988815307617 31.3737239837646 32.0881576538086 31.9207611083984 30.1146430969238 29.6741390228271 29.8684463500977 29.7795467376709 30.374361038208 29.7824726104736 29.4799747467041
35.7206535339355 35.6836814880371 35.9736175537109 36.312328338623 36.4598426818848 36.5530281066895 36.5946006774902 36.5868911743164 36.4552574157715 36.3442459106445 36.172737121582 35.6005172729492 35.7075500488281 35.5490303039551 34.9935569763184 33.6748123168945 32.8870315551758 32.3299903869629 32.6791534423828 33.6535186767578 34.2144355773926 34.6112365722656 33.6655426025391 32.8748245239258 32.6765975952148 32.8414573669434 33.3193969726562 34.3052444458008 35.1303062438965 35.1975746154785 34.6404609680176 34.3540306091309 33.8866653442383 32.7707977294922 31.5527114868164 31.1370315551758 30.8152942657471 31.0218105316162 31.1783504486084 30.7812252044678 30.2553043365479 30.3862628936768 30.1083755493164 29.8883190155029 29.899528503418 29.832426071167
34.7770805358887 35.7166976928711 36.0726280212402 35.7956962585449 36.4003143310547 36.5662269592285 36.5973663330078 36.5882568359375 36.3740425109863 36.2197608947754 36.2152061462402 35.932746887207 35.6788558959961 35.5389785766602 35.2677459716797 34.7112884521484 34.1097145080566 32.6088371276855 32.9655838012695 33.0570678710938 33.2295722961426 34.2680892944336 33.8044815063477 32.9191398620605 32.6963920593262 32.4693908691406 32.4405288696289 34.2561073303223 35.1713066101074 35.2547721862793 34.3714332580566 33.3119697570801 32.9746322631836 32.5916938781738 32.3019866943359 31.2760925292969 31.2106132507324 30.8004360198975 30.384449005127 30.6424655914307 32.4797782897949 32.5703125 31.396598815918 29.9575023651123 31.0088005065918 31.1160125732422
35.1006469726562 36.0552062988281 36.0851173400879 35.5151405334473 36.3560562133789 36.5576324462891 36.6151580810547 36.6006469726562 36.5426712036133 36.3026504516602 36.1919326782227 36.1225318908691 35.9345397949219 35.7137908935547 35.3994903564453 34.7695007324219 33.8725509643555 33.3825149536133 32.8834419250488 33.1677055358887 33.2560043334961 33.743782043457 33.076717376709 32.8910331726074 32.5597763061523 31.8892860412598 32.1834754943848 34.1363372802734 35.0536117553711 35.1037101745605 35.0873947143555 34.9027671813965 33.6911087036133 32.6552619934082 32.5823745727539 32.0543785095215 32.2054786682129 32.0006446838379 31.5795803070068 32.0695381164551 33.6853218078613 33.7503700256348 33.2842025756836 32.6639137268066 32.5334663391113 31.8955783843994
35.9207878112793 36.2187232971191 36.2875518798828 36.2902565002441 36.3859939575195 36.5485763549805 36.5858497619629 36.5850524902344 36.5397682189941 36.4662971496582 36.273983001709 36.2120208740234 36.1100616455078 35.8922805786133 35.606632232666 35.0832138061523 34.1648368835449 33.7016105651855 32.9368515014648 32.8186874389648 32.8978691101074 33.3842391967773 32.9757118225098 32.6945304870605 32.6275825500488 32.6613960266113 33.545051574707 34.7093658447266 35.1182479858398 34.5683479309082 34.4771461486816 34.4881057739258 34.7158241271973 34.1731300354004 33.8762168884277 33.0435218811035 34.1670455932617 34.0031929016113 33.9703941345215 33.9851875305176 33.7350921630859 32.7584838867188 31.7451038360596 31.4194602966309 31.2831420898438 30.5414791107178
35.631950378418 36.4130439758301 36.4759979248047 36.4953460693359 36.4941635131836 36.5066070556641 36.4826049804688 36.535514831543 36.5313339233398 36.5154685974121 36.4673042297363 36.3342590332031 36.1411819458008 35.9714431762695 35.7676620483398 35.5016746520996 34.98974609375 34.2585563659668 33.4439582824707 32.6745719909668 32.7067947387695 33.2023162841797 33.069278717041 32.7642250061035 32.6098098754883 32.7843322753906 34.3443794250488 35.1115608215332 35.1869697570801 34.9975662231445 34.4632530212402 33.8073844909668 34.5654182434082 34.6834144592285 34.7254219055176 34.1564025878906 34.5969085693359 34.2772407531738 34.1327514648438 33.9525909423828 32.6561584472656 31.1969966888428 29.9138107299805 30.2606811523438 30.1735210418701 29.1740741729736
35.4775009155273 36.1634292602539 35.9667282104492 35.8399772644043 35.9895133972168 36.4030685424805 36.4097785949707 36.4377288818359 36.4565391540527 36.4452934265137 36.4126968383789 36.387638092041 36.2697601318359 36.107364654541 35.9435386657715 35.7033653259277 35.2396621704102 34.7816314697266 34.4873504638672 33.8022117614746 32.773853302002 33.0311279296875 32.7885208129883 32.8687782287598 32.7373161315918 32.7088851928711 33.861328125 35.0604667663574 35.1490745544434 34.8050079345703 34.6581268310547 33.5039329528809 33.8212776184082 34.09521484375 34.4178504943848 34.5499114990234 34.393985748291 34.2090530395508 33.7898063659668 33.8474464416504 33.4964027404785 32.1493911743164 31.3293228149414 31.873176574707 31.4343662261963 30.2893905639648
35.8418426513672 36.1484565734863 35.7094230651855 34.9939765930176 35.113956451416 36.1420860290527 36.3737449645996 36.3401985168457 36.3611717224121 36.381477355957 36.2992362976074 36.3514060974121 36.3016777038574 36.1858978271484 36.027645111084 35.8255004882812 35.4959831237793 34.7671699523926 34.3257942199707 33.8252449035645 33.0886611938477 32.9947471618652 32.795841217041 32.565128326416 32.5301132202148 32.9472465515137 34.182559967041 35.0250434875488 34.4823379516602 34.2435722351074 34.361686706543 33.9748344421387 33.6266593933105 33.2662086486816 32.9736099243164 33.5079193115234 33.2989692687988 33.6553726196289 33.5667991638184 33.3465957641602 33.0595703125 33.4088935852051 33.1329612731934 32.7859230041504 32.1323394775391 31.6417827606201
35.9855842590332 36.0965576171875 35.8864135742188 35.5537147521973 35.2295608520508 35.8329544067383 36.1672821044922 36.1967277526855 36.2517967224121 36.320671081543 36.3123626708984 36.3628425598145 36.3003273010254 36.2399520874023 36.0769844055176 35.844856262207 35.5923500061035 35.3544006347656 34.9221649169922 34.2127723693848 33.7948608398438 33.5124588012695 32.955810546875 32.2535018920898 32.4299430847168 32.7030143737793 34.2782859802246 34.8478584289551 32.7976989746094 32.3539962768555 33.0568885803223 33.2967071533203 33.2477149963379 33.0107460021973 32.4787864685059 32.1978340148926 32.7777862548828 32.6007995605469 32.5645599365234 32.509090423584 32.2186508178711 31.9017028808594 32.157527923584 32.6730766296387 31.9868717193604 30.8570461273193
35.8375701904297 35.8769569396973 35.9036750793457 35.6096611022949 35.3102378845215 35.5190849304199 35.760440826416 35.9794731140137 36.1047554016113 36.243579864502 36.2271423339844 36.2260818481445 36.3245391845703 36.2533874511719 36.1262664794922 35.8331146240234 35.8162117004395 35.6469955444336 35.3775901794434 34.9600639343262 34.8016548156738 33.9309539794922 33.2765312194824 32.7605819702148 32.7577781677246 33.1809158325195 34.3144798278809 34.200496673584 33.8777122497559 33.7622375488281 32.9164924621582 32.8439826965332 32.6346855163574 32.4761962890625 31.7189159393311 31.3069972991943 31.5183696746826 31.4613876342773 31.6961402893066 31.4913749694824 31.476676940918 30.5480365753174 31.2577362060547 32.1253128051758 31.872875213623 30.3985500335693
35.2470397949219 35.6113243103027 35.837890625 35.7277946472168 35.5140800476074 35.3764266967773 35.363842010498 35.7762145996094 35.9046211242676 36.1010398864746 36.1964569091797 36.1970481872559 36.2671356201172 36.2891540527344 36.0967216491699 35.9866027832031 35.9112243652344 35.7823257446289 35.609619140625 35.3899078369141 35.1659736633301 34.3783149719238 33.1191520690918 33.2180366516113 32.4576721191406 33.098705291748 34.1605415344238 33.537525177002 33.7466239929199 34.2618255615234 34.1323013305664 33.95458984375 33.2136154174805 32.7404632568359 31.1020679473877 29.8095283508301 29.850700378418 29.7354965209961 29.6939735412598 30.1698722839355 30.3347320556641 30.5348167419434 30.7200546264648 31.6025047302246 31.4549789428711 31.0539894104004
35.3790550231934 35.4870223999023 35.6326446533203 35.6107788085938 35.5760192871094 35.2410049438477 35.0035934448242 34.7197952270508 35.4511260986328 36.0081596374512 36.1610641479492 36.2109565734863 36.3020896911621 36.3023529052734 35.9691276550293 35.5250854492188 35.5569839477539 35.616569519043 35.6704559326172 35.5378570556641 35.3809967041016 34.9262313842773 33.6961364746094 34.0359535217285 32.9728546142578 32.9671401977539 33.1361045837402 33.4816474914551 32.3260841369629 33.061222076416 32.6507530212402 32.7740020751953 34.1538238525391 33.6777114868164 32.612190246582 30.3073387145996 29.3699493408203 29.3727493286133 28.6838359832764 29.1275081634521 29.7772674560547 29.769437789917 29.8466300964355 31.2357215881348 30.7845039367676 30.240535736084
35.4625053405762 35.3822784423828 35.4409942626953 35.2292213439941 35.4548873901367 35.3635292053223 35.1143684387207 34.8286247253418 35.047924041748 35.729736328125 36.0101280212402 36.2245941162109 36.2768058776855 36.2429504394531 36.1807594299316 35.7344627380371 35.3162536621094 35.0918083190918 35.3955268859863 35.5367660522461 35.3827896118164 35.2207336425781 34.8615455627441 34.219612121582 33.0313453674316 32.7945709228516 32.7478446960449 32.8437690734863 32.9008255004883 32.3127670288086 31.7250080108643 32.5365371704102 33.8663330078125 33.0435218811035 33.2855072021484 32.6847763061523 32.20263671875 32.0587692260742 31.0572643280029 29.9205131530762 30.6527938842773 30.330753326416 30.7200698852539 30.9071807861328 30.5971450805664 30.1142883300781
