inst/extdata/Tmax/Tmax112.asc
NCOLS 100 
NROWS 79 
XLLCORNER 148.06 
YLLCORNER -21.49 
CELLSIZE 0.01 
NODATA_value -3.4e+38 
[rows 0 to 19 of 79, columns 46 to 91 of 100]
40.4667778015137 40.3054046630859 40.2117538452148 40.2080574035645 40.1882362365723 40.0876884460449 40.2672996520996 40.1141204833984 39.9428939819336 39.7861404418945 39.7218475341797 39.4816589355469 39.387767791748 39.567008972168 39.7865600585938 39.7184677124023 39.5961723327637 39.4328460693359 39.1598892211914 38.9778480529785 38.8514862060547 -3.4e+38 -3.4e+38 -3.4e+38 -3.4e+38 -3.4e+38 -3.4e+38 -3.4e+38 -3.4e+38 -3.4e+38 -3.4e+38 -3.4e+38 -3.4e+38 -3.4e+38 -3.4e+38 -3.4e+38 -3.4e+38 -3.4e+38 -3.4e+38 -3.4e+38 -3.4e+38 -3.4e+38 -3.4e+38 -3.4e+38 -3.4e+38 -3.4e+38
40.4482498168945 40.1971282958984 39.9946556091309 40.2120590209961 40.3482704162598 40.3524742126465 40.3102226257324 40.217113494873 39.9184036254883 39.5329780578613 39.6558418273926 39.1878967285156 39.6162033081055 39.8677940368652 39.8376960754395 39.7610893249512 39.6534233093262 39.5216293334961 39.3362998962402 39.2368125915527 39.1457023620605 39.0126037597656 -3.4e+38 -3.4e+38 -3.4e+38 -3.4e+38 -3.4e+38 -3.4e+38 -3.4e+38 -3.4e+38 -3.4e+38 -3.4e+38 -3.4e+38 -3.4e+38 -3.4e+38 -3.4e+38 -3.4e+38 -3.4e+38 -3.4e+38 -3.4e+38 -3.4e+38 -3.4e+38 -3.4e+38 -3.4e+38 -3.4e+38 -3.4e+38
40.3724365234375 39.7160186767578 38.9820289611816 40.1783790588379 40.3433876037598 40.3535118103027 40.3337554931641 40.2800750732422 40.0748519897461 39.5581665039062 39.6461219787598 39.7551918029785 39.8114356994629 39.9299125671387 39.8887519836426 39.8083992004395 39.7205467224121 39.6231002807617 39.499927520752 39.2957878112793 39.2621688842773 39.0968818664551 38.8639526367188 38.5752716064453 -3.4e+38 -3.4e+38 -3.4e+38 -3.4e+38 -3.4e+38 -3.4e+38 -3.4e+38 -3.4e+38 -3.4e+38 -3.4e+38 -3.4e+38 -3.4e+38 -3.4e+38 -3.4e+38 -3.4e+38 -3.4e+38 -3.4e+38 -3.4e+38 -3.4e+38 -3.4e+38 -3.4e+38 -3.4e+38
40.0217666625977 40.0738182067871 39.1215400695801 40.0973052978516 40.2592544555664 40.3083343505859 40.3583374023438 40.266845703125 40.1465034484863 39.8518486022949 39.7695083618164 39.5386924743652 39.8300399780273 39.9313507080078 39.9411277770996 39.8628463745117 39.8039932250977 39.7340393066406 39.6027755737305 39.2724990844727 39.1065139770508 39.1017837524414 39.0232963562012 38.9303817749023 38.7582473754883 38.3658981323242 -3.4e+38 -3.4e+38 -3.4e+38 -3.4e+38 -3.4e+38 -3.4e+38 -3.4e+38 -3.4e+38 -3.4e+38 -3.4e+38 -3.4e+38 -3.4e+38 -3.4e+38 -3.4e+38 -3.4e+38 -3.4e+38 -3.4e+38 -3.4e+38 -3.4e+38 -3.4e+38
40.0212326049805 40.039680480957 38.9848327636719 39.1851959228516 39.8698387145996 40.3085708618164 40.3785514831543 40.2494812011719 40.2164535522461 39.9365043640137 39.6883544921875 39.5128288269043 39.1697883605957 39.7136993408203 39.9209327697754 39.8531036376953 39.8727493286133 39.820442199707 39.6008377075195 38.9391479492188 38.4854354858398 39.118034362793 39.167724609375 39.0924224853516 38.8470993041992 38.5646858215332 -3.4e+38 -3.4e+38 -3.4e+38 -3.4e+38 -3.4e+38 -3.4e+38 -3.4e+38 -3.4e+38 -3.4e+38 -3.4e+38 -3.4e+38 -3.4e+38 -3.4e+38 -3.4e+38 -3.4e+38 -3.4e+38 -3.4e+38 -3.4e+38 -3.4e+38 -3.4e+38
39.289192199707 39.9309577941895 38.5797233581543 38.0183486938477 39.5652465820312 40.3816337585449 40.3220748901367 40.2648582458496 40.2094917297363 39.848747253418 39.0578384399414 38.7576103210449 39.0388984680176 39.8373641967773 39.7457160949707 39.8951721191406 39.9272155761719 39.8555755615234 39.7617797851562 39.1906585693359 38.5432739257812 38.5933990478516 39.0196266174316 39.0501289367676 38.9977645874023 38.8969917297363 -3.4e+38 -3.4e+38 -3.4e+38 -3.4e+38 -3.4e+38 -3.4e+38 -3.4e+38 -3.4e+38 -3.4e+38 -3.4e+38 -3.4e+38 -3.4e+38 -3.4e+38 -3.4e+38 -3.4e+38 -3.4e+38 -3.4e+38 -3.4e+38 -3.4e+38 -3.4e+38
38.503589630127 39.9224510192871 39.3705825805664 39.293025970459 40.133186340332 40.3589515686035 40.2059020996094 40.1012992858887 40.2238349914551 39.7953987121582 39.1720733642578 39.1545028686523 39.7223091125488 39.8224105834961 39.0133171081543 39.7877426147461 39.8294677734375 39.8205795288086 39.8381118774414 39.5816879272461 39.2420310974121 38.9932136535645 39.1652374267578 38.9326667785645 39.1250343322754 39.1381607055664 39.0070495605469 38.7300033569336 -3.4e+38 -3.4e+38 -3.4e+38 -3.4e+38 -3.4e+38 -3.4e+38 -3.4e+38 -3.4e+38 -3.4e+38 -3.4e+38 -3.4e+38 -3.4e+38 -3.4e+38 -3.4e+38 -3.4e+38 -3.4e+38 -3.4e+38 -3.4e+38
37.7563781738281 39.9375877380371 40.3233337402344 40.1507225036621 39.2687873840332 39.4951171875 40.0368690490723 40.1584739685059 40.2847900390625 40.1111526489258 39.7724838256836 39.3967056274414 39.4095191955566 39.5895462036133 39.1865501403809 39.7973709106445 39.1618957519531 39.1145782470703 39.7154769897461 39.809684753418 39.6574592590332 39.4220695495605 39.3114242553711 39.3353118896484 39.2910766601562 39.2536773681641 39.061824798584 38.8961486816406 38.6126518249512 38.1476745605469 38.1393165588379 -3.4e+38 -3.4e+38 -3.4e+38 -3.4e+38 -3.4e+38 -3.4e+38 -3.4e+38 -3.4e+38 -3.4e+38 -3.4e+38 -3.4e+38 -3.4e+38 -3.4e+38 -3.4e+38 -3.4e+38
37.722770690918 39.5492286682129 40.363468170166 40.2569198608398 39.5014266967773 38.1795043945312 39.3747329711914 40.2641410827637 40.317985534668 40.2083320617676 40.0796279907227 39.8400955200195 39.8462829589844 39.6833343505859 39.2155113220215 39.1586380004883 38.7754249572754 39.4366111755371 39.688907623291 39.7358055114746 39.7379684448242 39.4161834716797 39.0571136474609 38.7598114013672 39.3419380187988 39.3694229125977 39.2370223999023 39.0722808837891 38.9441986083984 38.448055267334 38.2537689208984 38.3711547851562 -3.4e+38 -3.4e+38 -3.4e+38 -3.4e+38 -3.4e+38 -3.4e+38 -3.4e+38 -3.4e+38 -3.4e+38 -3.4e+38 -3.4e+38 -3.4e+38 -3.4e+38 -3.4e+38
38.5694732666016 39.5668296813965 40.260383605957 40.2438163757324 40.2115287780762 39.0038452148438 39.2702751159668 40.1923179626465 40.3342628479004 40.2199325561523 40.0522651672363 39.8184967041016 39.6986770629883 39.782844543457 39.1894302368164 38.9257431030273 38.8433074951172 39.8176574707031 39.6690101623535 39.391414642334 39.7245559692383 39.6785507202148 39.4906883239746 39.1736793518066 39.5018692016602 39.441032409668 39.2866516113281 39.3067474365234 39.1452674865723 38.8503112792969 38.3879165649414 38.3997573852539 -3.4e+38 -3.4e+38 -3.4e+38 -3.4e+38 -3.4e+38 -3.4e+38 -3.4e+38 -3.4e+38 -3.4e+38 -3.4e+38 -3.4e+38 -3.4e+38 -3.4e+38 -3.4e+38
37.7310981750488 39.4355239868164 39.770622253418 39.5730895996094 39.8763885498047 40.1111373901367 39.8538436889648 40.2280197143555 40.3067893981934 40.2080612182617 40.0647850036621 39.897762298584 39.7103958129883 40.0156097412109 39.8676910400391 39.787052154541 39.831729888916 40.0045738220215 39.9898719787598 39.5042037963867 39.0956115722656 39.667667388916 39.8099975585938 39.3512229919434 39.3459548950195 39.2121543884277 39.1674385070801 39.4120101928711 39.2519340515137 38.9724044799805 -3.4e+38 -3.4e+38 -3.4e+38 -3.4e+38 -3.4e+38 -3.4e+38 -3.4e+38 -3.4e+38 -3.4e+38 -3.4e+38 -3.4e+38 -3.4e+38 -3.4e+38 -3.4e+38 -3.4e+38 -3.4e+38
37.1106986999512 38.0372924804688 38.3447647094727 38.0980567932129 39.0535354614258 39.6607131958008 39.9938888549805 40.2371978759766 40.228141784668 40.1448554992676 39.9899864196777 39.8182525634766 39.6790428161621 40.2236785888672 40.2067108154297 40.0847625732422 40.0837097167969 40.1544036865234 40.1806526184082 40.0830612182617 39.744800567627 39.5516510009766 39.8703460693359 39.6878242492676 39.4601974487305 39.5593910217285 39.5640830993652 39.3133888244629 39.1861572265625 39.0100860595703 -3.4e+38 -3.4e+38 -3.4e+38 -3.4e+38 -3.4e+38 -3.4e+38 -3.4e+38 -3.4e+38 -3.4e+38 -3.4e+38 -3.4e+38 -3.4e+38 -3.4e+38 -3.4e+38 -3.4e+38 -3.4e+38
37.1072196960449 36.1644325256348 35.5740242004395 35.7079277038574 37.7743034362793 38.3014488220215 39.4560813903809 39.7772674560547 40.0589332580566 39.951847076416 39.7655792236328 40.056583404541 40.0528221130371 39.953987121582 40.3401412963867 40.3236808776855 40.2587623596191 40.2583198547363 40.2608680725098 40.2361068725586 40.1885375976562 40.1085777282715 39.9659652709961 39.9017333984375 39.6185111999512 39.6830787658691 39.64453125 39.382209777832 39.120792388916 38.9935760498047 38.8443984985352 38.5409317016602 -3.4e+38 -3.4e+38 -3.4e+38 -3.4e+38 -3.4e+38 -3.4e+38 -3.4e+38 -3.4e+38 -3.4e+38 -3.4e+38 -3.4e+38 -3.4e+38 -3.4e+38 -3.4e+38
37.1444129943848 36.387638092041 35.5279388427734 35.0180473327637 35.6003494262695 36.4196624755859 38.2697334289551 39.4052352905273 40.0685424804688 39.9060859680176 39.4635696411133 40.0080184936523 40.2965774536133 40.3318252563477 40.3423004150391 40.3667335510254 40.382740020752 40.3652000427246 40.3385314941406 40.3018264770508 40.2676315307617 40.2004661560059 40.1195640563965 40.0303916931152 39.8029479980469 39.8263511657715 39.7230186462402 39.5188674926758 39.2775344848633 39.1907577514648 39.1162872314453 38.969970703125 38.6676979064941 -3.4e+38 -3.4e+38 -3.4e+38 -3.4e+38 38.1996955871582 38.2145195007324 -3.4e+38 -3.4e+38 -3.4e+38 -3.4e+38 -3.4e+38 -3.4e+38 -3.4e+38
37.7277412414551 36.4867324829102 35.6380958557129 35.2796401977539 35.8122444152832 35.5893058776855 36.7555122375488 38.4259643554688 39.6624603271484 40.006217956543 39.0188064575195 39.7889785766602 40.1840591430664 39.7658920288086 39.8381423950195 40.2154846191406 40.3016166687012 40.358528137207 40.3066329956055 40.184642791748 40.2134323120117 40.1575241088867 40.1476173400879 40.0890045166016 40.0056991577148 39.8765525817871 39.7655487060547 39.6222915649414 39.4854927062988 39.388500213623 39.3385429382324 39.1859512329102 38.81787109375 -3.4e+38 -3.4e+38 -3.4e+38 -3.4e+38 38.3096961975098 38.2549247741699 38.3721504211426 38.359806060791 38.2004508972168 -3.4e+38 -3.4e+38 -3.4e+38 -3.4e+38
37.7022094726562 36.4740142822266 35.6892700195312 36.1270561218262 35.9250030517578 36.3284568786621 36.0962066650391 37.4799842834473 39.5067825317383 40.1646995544434 39.2356796264648 39.1963272094727 39.9321746826172 38.2316589355469 39.1581497192383 39.514331817627 40.0069923400879 40.3447380065918 40.3193244934082 40.2288284301758 40.2196769714355 40.189868927002 40.1849975585938 40.1254463195801 40.0498085021973 39.8288803100586 39.7898139953613 39.7144317626953 39.6486434936523 39.589714050293 39.4863662719727 39.3295783996582 39.1339569091797 -3.4e+38 -3.4e+38 38.8900337219238 38.6655311584473 38.4024620056152 38.2847709655762 38.0966415405273 38.2067756652832 38.3610496520996 -3.4e+38 -3.4e+38 -3.4e+38 -3.4e+38
36.3775939941406 35.1572570800781 35.113883972168 36.3828544616699 36.7211036682129 36.6454811096191 36.2476921081543 36.603515625 38.8423385620117 40.0136642456055 40.0366821289062 39.2785034179688 39.7459030151367 38.4883728027344 38.4949111938477 38.5634422302246 39.7529258728027 40.3491477966309 40.3509635925293 40.3546676635742 40.3504066467285 40.2886543273926 40.2315216064453 40.0064964294434 39.9951362609863 39.8918151855469 39.8607635498047 39.8377456665039 39.7933578491211 39.7012557983398 39.6004219055176 39.4831924438477 39.3640747070312 -3.4e+38 39.1839942932129 39.1624908447266 39.0729713439941 -3.4e+38 38.4239044189453 -3.4e+38 38.1773681640625 -3.4e+38 -3.4e+38 -3.4e+38 -3.4e+38 -3.4e+38
36.3376502990723 34.9180450439453 34.2165374755859 36.7689399719238 36.9777755737305 36.3587760925293 35.9906349182129 36.1210136413574 37.6331558227539 39.7601509094238 39.8710632324219 39.479866027832 39.582160949707 39.67724609375 39.0679397583008 40.0750541687012 40.2714080810547 40.3539848327637 40.3766937255859 40.3548851013184 40.3460807800293 40.3031997680664 40.2580299377441 40.1646842956543 40.1382446289062 40.0735893249512 40.0174026489258 39.9600563049316 39.850944519043 39.8057975769043 39.7275581359863 39.6438140869141 39.5586395263672 39.470531463623 39.4119033813477 39.401309967041 39.230827331543 -3.4e+38 -3.4e+38 -3.4e+38 -3.4e+38 -3.4e+38 -3.4e+38 38.3633728027344 -3.4e+38 -3.4e+38
38.0949020385742 37.7906494140625 35.6910209655762 37.1905822753906 35.7448196411133 35.7585258483887 36.1991729736328 36.4968757629395 38.4732704162598 39.7560348510742 39.4959144592285 38.9319496154785 39.7182884216309 40.0813484191895 40.165901184082 40.2241477966309 40.3221054077148 40.0266380310059 40.1558647155762 40.2918319702148 40.2670631408691 40.2887725830078 40.2844734191895 40.2450256347656 40.205997467041 40.1631164550781 40.1171989440918 39.9828414916992 39.6758499145508 39.7707824707031 39.8404731750488 39.8036918640137 39.7406234741211 39.6491813659668 39.5981941223145 39.5267105102539 39.3713493347168 39.2265319824219 39.0937957763672 39.0111808776855 39.0055389404297 38.8839073181152 38.6060829162598 38.389720916748 -3.4e+38 -3.4e+38
38.1859283447266 37.3740501403809 38.0058784484863 37.8272972106934 36.4573593139648 36.500846862793 36.1284637451172 36.3389053344727 38.2886276245117 39.504150390625 39.8888053894043 39.6724395751953 39.9764213562012 40.2302551269531 40.107967376709 39.9871940612793 40.1513214111328 39.9006156921387 39.7463760375977 39.8953170776367 40.1848068237305 40.2345504760742 40.2418060302734 40.2608795166016 40.2500953674316 40.2215270996094 40.1620292663574 39.9755516052246 39.7245559692383 39.8831672668457 39.8513565063477 39.9156036376953 39.8025588989258 39.7383308410645 39.6872634887695 39.5638313293457 39.4622917175293 39.391544342041 39.3334617614746 39.2836265563965 39.2519683837891 39.1124877929688 38.7519989013672 38.3392181396484 38.3700294494629 -3.4e+38
