inst/extdata/Tmax/Tmax29.asc
NCOLS 100 
NROWS 79 
XLLCORNER 148.06 
YLLCORNER -21.49 
CELLSIZE 0.01 
NODATA_value -3.4e+38 
[rows 20 to 39 of 79, columns 46 to 91 of 100]
27.7192363739014 26.2553482055664 25.8505153656006 26.8303661346436 26.5097732543945 26.2106494903564 25.1659145355225 24.3098793029785 26.1825485229492 27.4903259277344 27.8192291259766 28.2268199920654 28.0645637512207 28.5317192077637 27.5081272125244 28.0454654693604 28.1096343994141 28.343147277832 29.4692783355713 29.2303161621094 31.0120315551758 33.138973236084 34.0540161132812 33.6298446655273 32.0983734130859 32.4614334106445 33.1717491149902 31.6352043151855 30.6678047180176 31.5352973937988 30.7260799407959 31.4234104156494 31.7928466796875 32.6376838684082 32.3226165771484 30.8652191162109 30.238790512085 30.0763607025146 31.4692230224609 32.7908668518066 31.7953052520752 32.2748718261719 31.3820896148682 30.9569301605225 31.0591487884521 31.7763061523438
30.1819972991943 25.3730945587158 25.0489177703857 25.9813251495361 25.7173919677734 25.0758228302002 25.8387775421143 24.6853504180908 25.350399017334 27.1544704437256 28.9187908172607 26.7701683044434 26.3182601928711 27.9853630065918 26.7125110626221 26.7495250701904 27.3185157775879 28.486701965332 28.2285099029541 28.6817665100098 31.151029586792 33.4442520141602 28.1896686553955 28.0662517547607 31.382698059082 32.927661895752 34.0001029968262 30.4613475799561 31.3017654418945 30.1661643981934 30.5116233825684 30.4477672576904 31.0033378601074 30.4383010864258 31.9520702362061 31.7089195251465 31.572416305542 31.7689476013184 30.9072818756104 34.0578994750977 32.7643432617188 31.4757137298584 30.2383422851562 29.4910335540771 28.751651763916 28.9945011138916
31.0804004669189 27.1153945922852 25.9775314331055 25.752779006958 24.9444923400879 25.7288093566895 25.0921783447266 25.5771999359131 24.9356708526611 25.5852928161621 27.3375835418701 27.5815029144287 26.7192916870117 26.5863304138184 26.4693412780762 26.9178276062012 27.4734649658203 27.8495864868164 26.9654445648193 27.800874710083 33.1974449157715 31.3386363983154 28.0258560180664 27.3633480072021 27.6986293792725 27.7955646514893 30.6343555450439 33.1227607727051 29.894889831543 32.6514472961426 33.5777168273926 34.8980407714844 32.0336418151855 30.8989639282227 31.7860469818115 32.2366714477539 33.5454025268555 33.1326599121094 34.3787574768066 32.5324401855469 31.4882068634033 32.3036880493164 31.4946575164795 31.5632076263428 27.6478366851807 27.7700595855713
31.1151065826416 26.9768695831299 26.8116683959961 25.8168125152588 24.0697937011719 25.3820400238037 26.0313606262207 25.3671112060547 25.3252639770508 25.5803089141846 26.4110698699951 25.7696437835693 26.6398963928223 26.0356616973877 30.1797332763672 31.2305183410645 27.110912322998 27.3779373168945 26.7183532714844 27.6100444793701 31.8567199707031 30.4137344360352 29.2082099914551 26.816967010498 27.2959175109863 27.8370895385742 28.0110569000244 31.9269237518311 31.3045291900635 29.7627124786377 31.024694442749 31.2257137298584 31.6951274871826 31.2557239532471 31.1698570251465 31.3111686706543 32.151782989502 33.2670059204102 33.5398864746094 33.4836730957031 33.0372505187988 32.5391845703125 31.0909519195557 31.3198490142822 29.6726989746094 27.1230525970459
29.9749336242676 30.0670604705811 30.1122150421143 26.7340793609619 26.5229454040527 25.7546997070312 25.3191719055176 25.4013500213623 25.962869644165 25.3832149505615 25.6589298248291 25.201904296875 26.547737121582 33.1871681213379 26.3392372131348 27.2075614929199 27.8586139678955 27.9785919189453 27.5734100341797 28.7525806427002 31.3919887542725 31.1339168548584 28.3518390655518 27.606782913208 27.5586547851562 28.0766868591309 27.7692890167236 27.8216361999512 27.6935138702393 31.4227867126465 33.0923614501953 32.4430122375488 31.0536117553711 31.7210960388184 30.3745651245117 29.8931217193604 32.4559440612793 27.4569835662842 32.1952095031738 33.240779876709 33.5276756286621 31.5353031158447 33.5830459594727 32.5134124755859 31.1281490325928 28.9635410308838
25.0824699401855 25.8939266204834 26.5440406799316 26.4533023834229 25.8897151947021 25.0569362640381 24.6849365234375 24.3279094696045 25.3573760986328 25.7226047515869 25.4343013763428 25.3500671386719 26.7480411529541 27.6831932067871 27.6625652313232 27.6167449951172 27.6618366241455 30.4622478485107 31.7207279205322 28.7942657470703 28.6701736450195 28.6428451538086 27.4401111602783 27.203125 27.3684196472168 27.9078750610352 27.9744300842285 27.3701076507568 30.6214694976807 28.5341320037842 33.0467338562012 32.1359710693359 33.2052421569824 30.4058570861816 31.0692920684814 29.8585472106934 31.492992401123 29.5027675628662 29.6805191040039 33.1756401062012 29.3299999237061 27.0644798278809 26.8210716247559 31.714262008667 32.2840232849121 29.7462139129639
24.8982334136963 24.9298992156982 25.3769569396973 25.7594871520996 25.9548320770264 24.0313587188721 23.7400245666504 24.4516353607178 24.9856872558594 25.5780124664307 25.7358245849609 26.2263126373291 27.547025680542 28.2565174102783 28.1731777191162 28.3327369689941 29.6918048858643 29.7209205627441 29.7859954833984 28.6825141906738 28.3851222991943 29.6621417999268 29.7692260742188 29.3604774475098 32.0674057006836 27.7093925476074 30.2848739624023 29.6940593719482 28.2213706970215 27.5842838287354 27.1702766418457 34.5578918457031 29.8426151275635 30.4975929260254 32.0742950439453 31.0572776794434 31.5931053161621 30.4096717834473 27.7163734436035 27.9820365905762 32.9171104431152 31.4600219726562 27.8200263977051 27.4378776550293 31.4823055267334 30.6615142822266
25.3792743682861 24.7863674163818 24.9469623565674 25.0312557220459 25.4602165222168 23.767650604248 23.5012702941895 23.5128936767578 24.8582439422607 25.6206188201904 25.1708507537842 25.2553024291992 26.517463684082 27.2807884216309 28.2712669372559 27.9069786071777 28.3843116760254 29.8055458068848 28.676441192627 27.7483730316162 28.5253944396973 29.649621963501 31.4736881256104 33.9381523132324 33.42236328125 33.3390769958496 29.4044322967529 30.301326751709 28.5134754180908 27.8046894073486 27.7314338684082 32.8148307800293 31.0466842651367 29.6979846954346 30.4658622741699 30.5475540161133 30.5494995117188 31.2494640350342 28.0128116607666 26.9518299102783 26.6826858520508 26.2863178253174 30.3907432556152 26.8595447540283 27.7880439758301 29.7603092193604
26.1255474090576 25.459789276123 25.5109329223633 25.007963180542 25.1278762817383 23.8706188201904 24.924783706665 24.5320472717285 24.8308925628662 24.9232921600342 25.0445957183838 25.2653064727783 25.2706165313721 26.5934715270996 27.6898403167725 27.4620914459229 28.4716815948486 29.3501091003418 28.6176338195801 27.6128196716309 27.7701988220215 31.4836654663086 32.2489776611328 33.9452247619629 33.465503692627 34.4635124206543 30.7428760528564 33.0123672485352 30.4628810882568 27.6075286865234 27.7265529632568 31.6233615875244 31.5800666809082 31.2956771850586 29.4135761260986 30.1915397644043 31.4476909637451 31.4879894256592 33.4324150085449 30.4305438995361 32.6904144287109 31.5133666992188 26.3726921081543 26.8498306274414 32.0842971801758 31.0653381347656
26.8542938232422 26.7772922515869 26.2134265899658 26.2989749908447 25.5592937469482 25.2746772766113 25.2728786468506 24.2619667053223 24.6958179473877 24.5470542907715 23.8375587463379 24.877721786499 25.0725345611572 26.6474857330322 27.0959796905518 26.2187461853027 27.4668006896973 27.8356781005859 27.7726192474365 28.0472965240479 27.9985542297363 29.3876285552979 29.8469200134277 32.2053756713867 34.3372268676758 32.4052848815918 32.2645416259766 30.568904876709 31.0236225128174 27.5983028411865 27.6375789642334 30.1184844970703 30.9774341583252 29.5660076141357 31.1285171508789 29.2101020812988 31.2684478759766 29.9246559143066 32.0225410461426 28.2758483886719 27.2773456573486 26.8473300933838 28.9404430389404 26.213550567627 27.6061000823975 29.1697692871094
25.7867259979248 25.5842132568359 25.7800426483154 25.618745803833 25.5446262359619 25.5389175415039 24.369161605835 24.3883438110352 23.7851314544678 24.2825050354004 23.3169040679932 24.69655418396 24.1928234100342 25.6058082580566 26.4221858978271 25.4633865356445 25.6990795135498 27.4085330963135 28.0408744812012 29.4213733673096 28.6208019256592 28.9735107421875 29.9506912231445 30.589563369751 30.6766033172607 31.1340103149414 31.7754802703857 33.0292625427246 33.2313652038574 31.973819732666 29.4449024200439 30.5650215148926 31.4586811065674 30.8682327270508 32.9751434326172 33.8068580627441 30.7016372680664 29.5131587982178 29.7103786468506 30.5149269104004 29.8342475891113 29.0022220611572 26.8534851074219 31.3467311859131 31.8087368011475 28.7754001617432
25.0561447143555 25.5999431610107 25.7484455108643 25.6428966522217 24.8608512878418 25.6184997558594 24.5822353363037 23.6237564086914 23.0213356018066 22.8572273254395 22.9705924987793 23.434741973877 30.6886196136475 25.8982524871826 25.5820770263672 25.4364490509033 26.9979228973389 27.7932567596436 28.2120780944824 28.6375980377197 31.6460456848145 30.3657608032227 30.7467441558838 30.2588062286377 30.9143028259277 32.1905326843262 34.2805862426758 31.9126014709473 32.6339073181152 29.704984664917 27.8750915527344 30.8086681365967 30.9395523071289 29.6859245300293 32.1179809570312 33.8895034790039 32.8344955444336 29.6847667694092 30.2668266296387 32.7433700561523 28.2621364593506 27.5688571929932 29.2394504547119 28.7677917480469 31.1253967285156 30.6388683319092
25.013126373291 25.3555278778076 25.3272361755371 25.5643062591553 25.5252475738525 25.4178028106689 25.3010292053223 24.2726135253906 23.8660106658936 23.8810577392578 23.0153732299805 23.0815677642822 23.8939571380615 25.6356601715088 25.5291290283203 26.3707447052002 26.7490348815918 27.0987358093262 28.0656337738037 28.519229888916 29.9159984588623 29.8414497375488 29.8860416412354 29.6231727600098 30.4018115997314 32.3002395629883 34.1765098571777 30.9404258728027 27.86789894104 27.8727073669434 27.8916091918945 31.589334487915 33.1370544433594 29.7799263000488 32.0568733215332 33.6998634338379 29.9279079437256 29.8762817382812 31.0708751678467 31.9997825622559 32.4089698791504 32.1817436218262 25.9435539245605 26.5894355773926 26.4654941558838 26.7968101501465
25.2270412445068 24.5784912109375 24.8075561523438 25.3871440887451 25.4687919616699 25.3795738220215 25.0138835906982 24.5547637939453 24.9120082855225 24.5139122009277 24.1658725738525 24.0204067230225 25.0107975006104 25.4154052734375 25.1660842895508 26.4789390563965 27.0582447052002 27.5190830230713 28.0544967651367 28.1938362121582 30.943868637085 33.7315635681152 35.1626014709473 28.6771774291992 28.5924968719482 28.6264381408691 28.3297843933105 30.8731155395508 29.9070606231689 31.4856491088867 30.7564544677734 31.1501293182373 30.2300605773926 32.0726852416992 32.2798805236816 27.9668998718262 31.1131477355957 30.8582038879395 32.4598121643066 32.5642051696777 29.9409084320068 31.2767601013184 30.6920738220215 28.8290214538574 28.7672863006592 28.2478084564209
26.2440414428711 25.0617370605469 24.9105129241943 24.5128021240234 25.2462329864502 25.1301174163818 25.0706844329834 25.6723880767822 25.2732219696045 24.515682220459 24.9425659179688 25.3341693878174 25.7650489807129 24.7067527770996 25.067892074585 26.0254554748535 27.3856658935547 28.1723442077637 27.5446090698242 28.4995422363281 30.4481258392334 33.3379783630371 34.0648078918457 28.6498413085938 27.9940338134766 28.16575050354 28.5880088806152 28.615442276001 30.1379375457764 30.345630645752 33.0205497741699 34.3526000976562 34.9073219299316 32.4956893920898 33.3796615600586 30.0937423706055 31.3166275024414 31.4434700012207 30.5762901306152 31.5754852294922 32.218391418457 29.8240413665771 27.4044570922852 29.8616504669189 29.5129070281982 30.348934173584
25.968391418457 25.207691192627 24.9610042572021 24.9750118255615 25.1459350585938 25.0296211242676 25.5051956176758 26.4185905456543 31.8094825744629 24.627649307251 26.5125579833984 26.9482612609863 26.947883605957 24.9451389312744 25.6422595977783 25.7268676757812 26.7666969299316 27.1710605621338 27.1008205413818 28.026517868042 28.5700798034668 29.0942878723145 30.9268016815186 34.0166473388672 29.0003662109375 28.4067039489746 27.8243923187256 27.9370670318604 30.8365898132324 35.0802230834961 31.2536315917969 28.4109992980957 34.0909614562988 32.1480751037598 31.8821716308594 28.5576686859131 30.6825275421143 29.9006423950195 33.4376983642578 33.055793762207 31.1012554168701 31.1546440124512 30.6154384613037 30.7258033752441 30.821798324585 32.1631889343262
25.4158344268799 25.2314643859863 25.0013637542725 25.2791652679443 25.3373241424561 25.4805030822754 25.5922050476074 27.1470375061035 27.151029586792 25.7794380187988 27.7754421234131 28.2014999389648 27.9111576080322 26.5914459228516 26.6951541900635 27.213020324707 27.6154041290283 28.156379699707 28.3458881378174 28.4787883758545 28.6911315917969 29.1077880859375 27.4804077148438 27.5185260772705 27.9427356719971 27.5073680877686 27.8411560058594 33.3659133911133 30.9526748657227 34.551628112793 28.0050716400146 27.3488674163818 27.8789730072021 31.4811687469482 32.2015075683594 30.9706401824951 29.5102977752686 30.7253379821777 30.3548545837402 31.3146858215332 32.4070320129395 33.288402557373 33.1053504943848 32.8645324707031 31.6568965911865 31.9741992950439
25.5497894287109 26.2575359344482 25.1692600250244 25.6188278198242 25.6327781677246 26.2622909545898 26.6074504852295 29.716760635376 27.7412204742432 27.503002166748 28.3266544342041 28.9905910491943 28.4021244049072 27.6733112335205 27.8640441894531 28.60182762146 28.9027252197266 28.8189582824707 29.9022483825684 29.5492935180664 31.100378036499 29.5681228637695 28.7019348144531 28.2466526031494 28.471715927124 28.6624183654785 31.2218475341797 30.2165946960449 29.9910202026367 30.1984825134277 29.344259262085 30.1143608093262 28.8236656188965 31.2909736633301 28.1716976165771 31.6525573730469 32.6145172119141 32.3106384277344 32.1800498962402 29.5117225646973 30.0439300537109 31.4929866790771 30.6327533721924 31.8205795288086 32.3400077819824 32.3900146484375
27.0260200500488 26.9131278991699 25.6370468139648 26.6122722625732 26.6508312225342 26.8581008911133 27.3450984954834 28.5222682952881 27.6018848419189 28.0456066131592 29.5119934082031 30.9590892791748 29.1225700378418 28.3925075531006 27.7193603515625 28.4419364929199 28.3246040344238 28.7409553527832 29.5031585693359 34.011890411377 29.4141101837158 29.8084125518799 31.8786334991455 31.2360363006592 31.0164089202881 30.5441970825195 32.2115135192871 31.4386138916016 31.8935260772705 31.351411819458 29.8375568389893 30.3540172576904 32.119255065918 31.8850879669189 28.1491756439209 27.4223041534424 27.7167224884033 28.6754283905029 28.2421016693115 30.2538146972656 33.7646064758301 33.2183418273926 30.1853618621826 29.4925422668457 27.9678859710693 28.1716480255127
26.2467422485352 26.2166137695312 26.3265590667725 27.6361827850342 28.0602893829346 28.4306526184082 29.3640823364258 27.9858703613281 27.3732948303223 27.6895046234131 28.1100292205811 29.8753967285156 29.5204753875732 29.1318759918213 28.2628307342529 30.4896869659424 30.191312789917 32.4287109375 34.609691619873 32.3359413146973 32.5692710876465 31.3985195159912 30.65625 31.0002956390381 31.1200370788574 30.6509704589844 30.6297988891602 30.5681095123291 30.852466583252 31.85813331604 31.1879978179932 30.6058731079102 28.5435276031494 28.3384037017822 27.4105262756348 30.5270328521729 31.5905513763428 28.0113677978516 27.9647083282471 27.7975044250488 27.5862770080566 30.1518936157227 29.6819267272949 30.714334487915 29.3666152954102 28.6607685089111
