inst/extdata/Tmax/Tmax25.asc
NCOLS 100 
NROWS 79 
XLLCORNER 148.06 
YLLCORNER -21.49 
CELLSIZE 0.01 
NODATA_value -3.4e+38 
[rows 40 to 59 of 79, columns 46 to 91 of 100]
21.3099765777588 22.5825576782227 22.1639766693115 22.9129867553711 25.0493259429932 24.9400520324707 24.8152027130127 22.8013896942139 22.5366096496582 23.1086444854736 24.6613597869873 26.5296859741211 27.0637512207031 26.548864364624 25.8551578521729 27.5439319610596 28.4629497528076 27.9551010131836 29.0057506561279 28.9715900421143 28.326639175415 29.0437641143799 26.858715057373 25.6680526733398 27.1097469329834 28.0398406982422 28.5898189544678 27.8187828063965 27.6199550628662 27.7657012939453 27.3964653015137 28.5190105438232 27.3109912872314 24.5031986236572 26.139253616333 30.464599609375 28.8231601715088 27.2721920013428 25.0946464538574 24.4712696075439 23.9876594543457 26.8084182739258 27.1680564880371 26.5698852539062 27.8959865570068 25.1250820159912
22.426570892334 22.4262733459473 23.8372325897217 25.1985626220703 25.7528343200684 25.1661262512207 24.6485805511475 24.4821491241455 25.8173446655273 26.0825881958008 28.7376461029053 27.5042324066162 27.3043880462646 27.0045280456543 26.4495105743408 28.4011783599854 28.5291748046875 28.3601989746094 29.4233169555664 29.7069511413574 27.6130981445312 28.032543182373 24.3309688568115 30.1069259643555 31.2983093261719 26.835521697998 28.7715702056885 27.822416305542 28.0260162353516 27.1679611206055 27.7669696807861 28.3251438140869 28.1867351531982 27.3117046356201 27.7209224700928 29.7359275817871 28.0231304168701 27.4592208862305 27.1729469299316 26.8617362976074 26.490743637085 26.0062656402588 27.3491706848145 27.0158710479736 26.9872913360596 26.4549503326416
23.6225852966309 24.632926940918 24.5450801849365 26.4980087280273 31.5553150177002 29.0034923553467 26.5677185058594 25.8870182037354 26.9823379516602 28.63010597229 28.7759609222412 28.3381061553955 28.630407333374 28.2009983062744 29.9495334625244 28.4946441650391 28.352840423584 28.0237159729004 28.4575462341309 29.1875267028809 28.2626934051514 27.8234920501709 27.5237731933594 31.5884990692139 25.0017070770264 31.6698360443115 30.8866004943848 26.7373867034912 26.0996990203857 28.6733016967773 28.3632869720459 28.6930751800537 27.9763813018799 27.3430328369141 27.7387580871582 26.567310333252 26.7826614379883 26.1880874633789 26.2024002075195 26.6556262969971 27.8271789550781 27.932430267334 28.2810573577881 26.9565601348877 28.9726848602295 28.9214115142822
27.038610458374 27.8146018981934 27.9650535583496 28.1029357910156 28.8256206512451 28.3285140991211 28.0013084411621 27.6328887939453 27.958158493042 28.3319091796875 29.0220775604248 29.0440196990967 29.2537937164307 29.1675567626953 28.6568756103516 28.2191486358643 27.8865871429443 28.0976333618164 28.8137531280518 26.4174995422363 28.6793460845947 28.7271499633789 28.5541973114014 27.8905086517334 27.3453063964844 29.1390209197998 28.3502998352051 27.8502998352051 28.4683055877686 30.1903705596924 29.5662021636963 30.0156993865967 27.8122825622559 27.2154273986816 27.0583267211914 29.5975780487061 29.0927028656006 27.1356544494629 28.0766716003418 29.1468925476074 29.7595233917236 28.9129772186279 27.3518352508545 31.5905914306641 29.1492538452148 27.1398448944092
26.8965282440186 27.0782356262207 27.0585651397705 27.42555809021 28.9999809265137 29.6565093994141 29.0566539764404 28.2321586608887 28.6144580841064 28.3012924194336 28.0297527313232 28.0008335113525 27.6072940826416 27.4962882995605 27.3274383544922 27.9084491729736 26.2973194122314 27.1487331390381 28.1837100982666 28.5493049621582 29.5070838928223 30.1533851623535 29.9161911010742 28.9892292022705 26.8430919647217 27.2889308929443 27.6895656585693 28.1753940582275 30.3998928070068 30.7370738983154 29.3847217559814 28.1355590820312 27.0752735137939 27.7769088745117 27.4330081939697 29.4679145812988 28.1628112792969 26.9981346130371 28.2671489715576 26.7647476196289 27.3962707519531 28.9666385650635 29.3875408172607 29.3482189178467 32.2378959655762 29.1291675567627
23.0670509338379 24.55002784729 26.1153316497803 24.4447135925293 26.1161708831787 26.7939701080322 26.6386737823486 26.9409828186035 27.2505779266357 27.3827457427979 24.3957920074463 24.5861186981201 24.7674827575684 22.992359161377 23.9670906066895 24.9539642333984 27.2855339050293 27.469367980957 27.4103736877441 27.531177520752 29.3215808868408 29.1299419403076 28.5103435516357 28.5075054168701 28.591775894165 29.0578193664551 29.0310287475586 29.0002422332764 28.6262607574463 28.8165435791016 28.4665927886963 29.6142520904541 30.4748210906982 30.9485607147217 28.9286365509033 28.672176361084 28.1627044677734 28.0031681060791 27.9764595031738 27.6944141387939 27.5390110015869 28.6053066253662 28.7749061584473 27.4716148376465 29.783130645752 32.1327323913574
21.458288192749 22.7182331085205 22.3210582733154 22.0989227294922 23.1805782318115 23.5857734680176 23.7565383911133 24.3473777770996 24.9122734069824 24.1711769104004 23.8235473632812 23.2099285125732 23.5436515808105 23.4249649047852 23.7520961761475 24.9846458435059 27.6510925292969 27.4108924865723 26.7609882354736 28.6617984771729 29.1128444671631 29.5270614624023 28.6424236297607 27.9689922332764 30.6085758209229 30.7617015838623 29.7931957244873 29.059663772583 28.1178188323975 28.0272941589355 29.231840133667 29.0522956848145 28.4920635223389 28.8157768249512 29.0999813079834 31.7179927825928 28.516544342041 28.7009792327881 27.6137199401855 27.4804859161377 27.4569530487061 30.0983963012695 28.1215038299561 30.9880046844482 29.59499168396 29.0531749725342
21.8164710998535 21.7492694854736 21.6508674621582 21.7283306121826 21.5919990539551 21.8765983581543 22.9268074035645 23.9475002288818 24.2245922088623 24.0335102081299 24.6437511444092 24.0460739135742 24.0845470428467 25.5505104064941 26.2976684570312 27.7506351470947 28.3831233978271 28.2968120574951 28.4352588653564 29.8088626861572 32.5104675292969 30.2253437042236 28.153205871582 29.2102832794189 30.4700374603271 30.0550575256348 29.3852844238281 32.2919998168945 29.4304027557373 29.6810703277588 29.7029266357422 27.1525726318359 27.0110054016113 27.3468685150146 27.1289882659912 27.1298713684082 28.5364933013916 27.5391025543213 26.6377086639404 30.3913230895996 30.1393299102783 32.1010513305664 28.6770668029785 30.7866973876953 30.5358963012695 30.4805011749268
21.6595325469971 23.6315116882324 21.9266891479492 21.585168838501 21.496696472168 21.4336128234863 21.4766254425049 23.5723190307617 24.3075160980225 24.4668159484863 24.3805141448975 24.4443130493164 29.7434501647949 30.8434429168701 31.3389701843262 27.6567916870117 29.5005149841309 25.8550052642822 31.4913425445557 31.368371963501 31.0615139007568 31.3216705322266 30.693962097168 30.2616806030273 29.9664630889893 28.0602111816406 29.2407531738281 30.3753757476807 32.519832611084 31.7909126281738 31.5301132202148 32.2823905944824 31.3824863433838 27.4220542907715 28.3890762329102 32.779109954834 31.9465827941895 28.9304046630859 28.7374877929688 28.5508975982666 26.6284942626953 27.1570930480957 27.780912399292 28.6905288696289 27.8360576629639 28.4738082885742
23.5600662231445 24.2055683135986 25.3837471008301 22.4855728149414 21.920431137085 22.6654300689697 22.4860248565674 23.4986763000488 23.8364315032959 24.421854019165 28.7473201751709 30.3193321228027 31.4917755126953 31.5315322875977 32.0135955810547 25.1688804626465 28.3409595489502 25.4049110412598 25.6755809783936 28.1742687225342 28.1560897827148 32.3805809020996 28.7827224731445 29.6532688140869 29.3773555755615 28.4964790344238 30.4513244628906 30.5462627410889 31.0261745452881 31.0779762268066 30.8468837738037 29.2214698791504 27.5597476959229 28.0797805786133 28.740930557251 32.9458274841309 32.9089202880859 29.7259960174561 28.5751152038574 28.4197769165039 28.400899887085 27.3790378570557 28.56321144104 27.162540435791 28.1541805267334 28.8060169219971
26.9540233612061 23.7413349151611 26.6791076660156 21.65793800354 21.6626243591309 22.8817958831787 23.0975875854492 23.8353977203369 24.5113754272461 25.0100841522217 25.0209140777588 25.2366619110107 29.882345199585 30.5653343200684 31.1862449645996 25.1146469116211 27.5821189880371 27.5016326904297 24.3659591674805 28.0442008972168 25.5943508148193 31.2943420410156 28.886812210083 30.4140186309814 28.8243865966797 29.8146991729736 28.8191471099854 28.4466361999512 31.4599723815918 31.146614074707 30.5453567504883 30.0330753326416 29.7079677581787 27.9279155731201 28.7660236358643 31.1905212402344 32.5398445129395 30.664176940918 29.5598278045654 30.0740280151367 28.634220123291 27.5196151733398 27.5967102050781 26.7288856506348 28.1932277679443 29.0000190734863
22.4816436767578 21.0805511474609 21.5245723724365 20.704927444458 20.6603527069092 22.0587158203125 22.9276905059814 24.0746192932129 24.4493064880371 24.7147598266602 24.9295043945312 24.5886497497559 24.5247688293457 24.0914783477783 24.5718173980713 27.7270259857178 25.4617748260498 28.2563953399658 25.1256256103516 27.5141773223877 27.343692779541 28.1690235137939 31.2214527130127 31.9574699401855 29.1362075805664 29.3108463287354 30.0294036865234 28.2356204986572 28.5818195343018 32.0028991699219 30.4608669281006 29.7952289581299 29.1917552947998 27.5417804718018 27.4309253692627 29.0922660827637 29.4777984619141 29.3207092285156 28.7369003295898 27.0618476867676 30.69140625 27.0065135955811 26.7339744567871 26.4050788879395 26.4349040985107 27.7374897003174
20.8895282745361 26.5815982818604 27.2885208129883 20.9104614257812 20.8419513702393 21.5601539611816 22.2786331176758 23.1587715148926 23.6727142333984 24.0054187774658 24.3645343780518 24.1929512023926 24.2248344421387 24.6565475463867 24.9996700286865 25.3971862792969 28.0642719268799 28.4834461212158 28.384937286377 28.8814487457275 27.3793277740479 28.4779777526855 30.0077819824219 32.0783157348633 29.9225482940674 30.7129688262939 30.6997318267822 30.6781711578369 30.4221611022949 32.4135665893555 31.3291816711426 30.7814502716064 30.8519878387451 31.1672554016113 28.2680759429932 27.3354396820068 28.5239810943604 25.978157043457 27.5079307556152 27.8169250488281 27.9073333740234 26.890100479126 31.378044128418 27.8641815185547 26.4624156951904 26.2416114807129
21.5579376220703 20.8942165374756 26.739673614502 21.4623203277588 21.526346206665 22.3419418334961 22.2331829071045 22.9881496429443 24.0846500396729 24.593864440918 24.8974800109863 25.0102481842041 25.0554428100586 28.7402229309082 28.755392074585 25.7342567443848 25.5088291168213 25.6497020721436 25.6776123046875 28.495677947998 28.0233287811279 28.2186527252197 25.6900444030762 26.8442840576172 27.6857223510742 29.4495964050293 28.8265056610107 29.9541244506836 31.9497776031494 29.4701538085938 29.3660526275635 28.4505290985107 28.8168544769287 29.7028274536133 28.0883350372314 27.7091083526611 25.7031326293945 24.9518985748291 25.1632709503174 24.1088180541992 29.8539428710938 28.4063949584961 29.5689735412598 29.1928768157959 31.1829853057861 26.9550342559814
22.497465133667 21.6575565338135 21.2668418884277 21.6626625061035 22.107873916626 23.0135841369629 23.0770626068115 23.3873023986816 23.6246910095215 24.2629508972168 24.3123359680176 27.0621337890625 27.9981174468994 25.1835346221924 29.5010108947754 28.8862171173096 29.3528614044189 25.9528923034668 28.7442169189453 28.5544376373291 28.5993957519531 27.6629886627197 26.6026573181152 28.6401824951172 30.4799728393555 30.6505641937256 28.7394638061523 29.2654075622559 28.4427757263184 30.3052577972412 30.5733089447021 29.2254009246826 30.4962539672852 28.3518314361572 30.8626136779785 27.8848037719727 31.50124168396 27.8264827728271 28.1843509674072 26.6732883453369 27.8000316619873 28.3148822784424 27.6152305603027 27.9051284790039 28.7683429718018 29.7673835754395
22.0843200683594 21.6968364715576 21.4084968566895 22.4632472991943 23.0563278198242 23.5919914245605 24.241605758667 24.5815811157227 24.5499801635742 24.9003562927246 24.7970104217529 26.9713134765625 27.6499652862549 29.1991310119629 29.3891105651855 28.8872547149658 29.2839908599854 29.6829242706299 29.0959320068359 25.9645595550537 28.5406665802002 27.6724395751953 28.4388446807861 28.4992523193359 29.7661762237549 30.4960136413574 30.7456169128418 31.3172817230225 28.6461143493652 29.1263198852539 26.3852977752686 28.7418727874756 30.0781726837158 31.9098625183105 30.900318145752 25.021125793457 27.6011047363281 28.4445171356201 26.9360961914062 27.928129196167 29.88330078125 29.0911178588867 28.4598617553711 28.8558158874512 28.4103145599365 28.265043258667
22.1044292449951 21.4745922088623 20.8827438354492 22.0635566711426 23.2514247894287 23.7198429107666 23.0944232940674 24.4153423309326 24.0690650939941 23.4693069458008 24.6853446960449 24.3593082427979 24.6968078613281 27.5658874511719 25.2262096405029 28.5629920959473 28.6873970031738 28.6854438781738 29.2363166809082 27.2547950744629 28.1514282226562 28.6427173614502 28.2147941589355 25.8888683319092 28.3953704833984 30.5371646881104 29.5452404022217 28.7314052581787 28.9408302307129 29.1152477264404 26.2383670806885 24.374418258667 25.2560443878174 28.3080902099609 24.4239463806152 24.2268085479736 28.5443897247314 27.8835716247559 28.6861457824707 27.4217166900635 29.6745281219482 30.8916759490967 27.2646999359131 27.5484256744385 28.4562931060791 29.0729522705078
22.5256996154785 21.5807857513428 21.6454048156738 22.1227588653564 22.9353160858154 23.3799629211426 23.8750114440918 23.9117584228516 22.7136554718018 22.285062789917 24.1043968200684 22.7813930511475 23.2766056060791 23.5487518310547 27.2562522888184 28.1083011627197 25.4472484588623 28.70188331604 26.0730113983154 29.5317993164062 29.111909866333 29.4277038574219 28.9261798858643 28.599494934082 27.7808532714844 28.9834060668945 29.8156700134277 28.8161773681641 28.1657886505127 29.7906322479248 27.9729843139648 25.4984493255615 28.7017154693604 27.78196144104 22.2065773010254 26.7369480133057 27.7850399017334 28.2281932830811 28.5621681213379 30.2633304595947 28.1864719390869 30.5816841125488 28.3212757110596 28.5232887268066 28.0134944915771 27.8831062316895
22.5450325012207 22.2696838378906 22.006519317627 22.1023864746094 22.7225341796875 23.4038352966309 23.3490467071533 23.146764755249 22.5197067260742 23.5139331817627 23.6996459960938 22.5123405456543 22.8094902038574 23.0042018890381 24.2892513275146 24.6533298492432 28.3874053955078 25.5367488861084 28.8474082946777 29.1326446533203 28.9486389160156 29.2735958099365 27.5148429870605 29.0255432128906 28.2921772003174 28.3716068267822 28.1105327606201 29.2502460479736 27.4792098999023 27.4039993286133 29.0989856719971 28.8459300994873 25.4075202941895 27.4067306518555 28.1124458312988 28.9464435577393 25.8324756622314 28.2900676727295 30.6634712219238 28.0299510955811 29.0155296325684 28.1244678497314 28.5930156707764 30.4179992675781 29.9209423065186 27.5985317230225
21.9983081817627 21.9389324188232 21.5418529510498 21.893611907959 22.3225650787354 22.1729011535645 22.8572082519531 23.2887592315674 23.671667098999 23.7250328063965 23.7105369567871 23.9558963775635 27.2132339477539 27.9588031768799 27.8131103515625 24.586483001709 25.2690010070801 29.063627243042 26.4112701416016 28.5712337493896 28.894172668457 29.4776210784912 29.5611686706543 28.8735332489014 29.0829582214355 28.0170211791992 28.4704914093018 28.3516044616699 27.5070667266846 29.443172454834 29.7897548675537 30.6225700378418 27.0447483062744 27.9703922271729 27.9144954681396 23.7357997894287 26.6484241485596 29.3699417114258 31.3134746551514 26.0570011138916 28.4303512573242 28.6168346405029 27.9469432830811 26.7652492523193 28.2740039825439 28.9881381988525
