inst/extdata/Tmax/Tmax42.asc
NCOLS 100 
NROWS 79 
XLLCORNER 148.06 
YLLCORNER -21.49 
CELLSIZE 0.01 
NODATA_value -3.4e+38 
[rows 40 to 59 of 79, columns 46 to 91 of 100]
21.5317554473877 22.8479976654053 22.4619007110596 23.2035503387451 25.2418079376221 25.0777015686035 24.9797191619873 23.0843334197998 22.8466281890869 23.3741054534912 24.8935317993164 26.6755561828613 27.2106018066406 26.715295791626 26.0398712158203 27.7767505645752 28.7406940460205 28.2168731689453 29.3011569976807 29.3004474639893 28.6786251068115 29.2993793487549 27.1850547790527 26.0552024841309 27.5284328460693 28.4869728088379 29.0451908111572 28.2479705810547 28.0918712615967 28.2806510925293 27.9269638061523 29.0511455535889 27.8244495391846 24.8841075897217 26.5745296478271 31.0031852722168 29.370641708374 27.82834815979 25.6981506347656 25.0304050445557 24.4806785583496 27.3784046173096 27.7946357727051 27.1926193237305 28.5686378479004 25.8228168487549
22.6907081604004 22.689079284668 24.1078052520752 25.4742736816406 25.93310546875 25.2772941589355 24.8247909545898 24.6832485198975 25.983268737793 26.2439079284668 28.8766574859619 27.6874179840088 27.4934635162354 27.2165718078613 26.6633548736572 28.6769886016846 28.8306732177734 28.6738815307617 29.752124786377 30.0589332580566 27.9841270446777 28.3597106933594 24.5903949737549 30.4324607849121 31.6346549987793 27.2547760009766 29.2484149932861 28.2618427276611 28.4838371276855 27.6919364929199 28.3146381378174 28.8825778961182 28.7439556121826 27.8167972564697 28.2742176055908 30.3142585754395 28.5962619781494 28.0510444641113 27.7958374023438 27.5176887512207 27.0564880371094 26.6184349060059 28.0498580932617 27.7142086029053 27.7194271087646 27.2004070281982
23.7980155944824 24.8000507354736 24.7035961151123 26.6310195922852 31.6709995269775 29.0927677154541 26.6808967590332 26.0314159393311 27.0970802307129 28.7631855010986 28.9200038909912 28.5440692901611 28.8615131378174 28.4425754547119 30.2082347869873 28.7859344482422 28.6660995483398 28.3544960021973 28.8047981262207 29.5538558959961 28.6392688751221 28.1043109893799 27.8000526428223 31.9483509063721 25.317045211792 32.063289642334 31.3542137145996 27.2126903533936 26.5876445770264 29.2104263305664 28.9226360321045 29.2706737518311 28.5682239532471 27.9407196044922 28.3440170288086 27.1549339294434 27.281457901001 26.7774887084961 26.8713531494141 27.3425922393799 28.519603729248 28.6372375488281 29.0172863006592 27.7151050567627 29.7540340423584 29.7164478302002
27.1362209320068 27.9125366210938 28.0571594238281 28.188159942627 28.8987789154053 28.4064292907715 28.088996887207 27.719898223877 28.0794696807861 28.5026473999023 29.2146015167236 29.2637042999268 29.4913425445557 29.4209327697754 28.933349609375 28.5137805938721 28.1934947967529 28.4219932556152 29.162561416626 26.7903366088867 29.0679187774658 29.1067199707031 28.9226741790771 28.3008556365967 27.7593002319336 29.5191020965576 28.7859878540039 28.33837890625 28.9938945770264 30.7375431060791 30.1325206756592 30.6000118255615 28.4119873046875 27.8291130065918 27.6899185180664 30.2323131561279 29.6916332244873 27.7891044616699 28.7686080932617 29.8555679321289 30.4838809967041 29.6555843353271 28.1114482879639 32.370475769043 29.9482612609863 27.9486904144287
26.9940319061279 27.1621704101562 27.1295909881592 27.4970722198486 29.0692329406738 29.7242050170898 29.1520328521729 28.3574600219727 28.7641696929932 28.4642639160156 28.1872692108154 28.1933078765869 27.8105525970459 27.6864585876465 27.561897277832 28.1818714141846 26.5768489837646 27.4629001617432 28.5300617218018 28.9219360351562 29.9024925231934 30.5529174804688 30.296875 29.3579387664795 27.2600002288818 27.7478466033936 28.1737270355225 28.683931350708 30.9284496307373 31.2884540557861 29.9536685943604 28.7222023010254 27.6757221221924 28.3914680480957 28.0693836212158 30.1172790527344 28.8284301757812 27.681755065918 28.9630260467529 27.4792518615723 28.1275939941406 29.7151317596436 30.1549777984619 30.1329174041748 33.0313529968262 29.9450626373291
23.2855186462402 24.7061748504639 26.2387466430664 24.5570335388184 26.2085208892822 26.8680515289307 26.7164783477783 27.0177879333496 27.3478946685791 27.4793300628662 24.5185680389404 24.7083606719971 24.8850250244141 23.210636138916 24.1197986602783 25.1199951171875 27.5436630249023 27.7907409667969 27.7633361816406 27.9072494506836 29.719446182251 29.5259494781494 28.8716526031494 28.8422183990479 28.9809284210205 29.5008926391602 29.509578704834 29.4965724945068 29.1496601104736 29.3674926757812 29.0374660491943 30.2036876678467 31.0807056427002 31.5721035003662 29.5670948028564 29.3192443847656 28.8272705078125 28.6855487823486 28.6742935180664 28.4100360870361 28.2709712982178 29.3550701141357 29.5423240661621 28.2523498535156 30.5820236206055 32.9538421630859
21.6906681060791 23.0141906738281 22.6231651306152 22.3995361328125 23.3694553375244 23.7401561737061 23.9047145843506 24.4802379608154 25.0179328918457 24.31662940979 24.0145587921143 23.4432735443115 23.7309799194336 23.6223583221436 23.9190425872803 25.1562080383301 27.9327774047852 27.7373390197754 27.1118869781494 29.0301990509033 29.5081577301025 29.9443626403809 29.0267009735107 28.328821182251 30.9741649627686 31.1829090118408 30.2602024078369 29.5600452423096 28.6497745513916 28.5805244445801 29.8069896697998 29.6472930908203 29.1047840118408 29.4436798095703 29.7373523712158 32.3681907653809 29.1849517822266 29.3876667022705 28.3175659179688 28.2014713287354 28.1942958831787 30.8541030883789 28.8957233428955 31.7775478363037 30.4026966094971 29.8687152862549
22.0520248413086 21.9951362609863 21.9027671813965 21.9954681396484 21.8696899414062 22.1988162994385 23.1466979980469 24.123348236084 24.3896923065186 24.2085933685303 24.7837429046631 24.1982574462891 24.2486782073975 25.6760139465332 26.4041137695312 27.9846324920654 28.6709270477295 28.608491897583 28.7590885162354 30.1684322357178 32.9062232971191 30.647554397583 28.5770111083984 29.6148281097412 30.8414897918701 30.4817771911621 29.8559646606445 32.8021545410156 29.9683208465576 30.2424793243408 30.2852096557617 27.7517471313477 27.621410369873 27.967435836792 27.7613201141357 27.7791519165039 29.2061672210693 28.229471206665 27.3459072113037 31.1168594360352 30.8828907012939 32.863826751709 29.4580612182617 31.5843200683594 31.3305130004883 31.2708339691162
21.8813591003418 23.8687534332275 22.1840801239014 21.8451461791992 21.7659111022949 21.7190093994141 21.8012561798096 23.7576999664307 24.4576568603516 24.6064281463623 24.5319747924805 24.5842342376709 29.8646583557129 30.9460506439209 31.4381332397461 27.8417701721191 29.7559928894043 26.130838394165 31.7866268157959 31.7229442596436 31.4508037567139 31.7331047058105 31.1356658935547 30.7125091552734 30.4224338531494 28.5326271057129 29.7433815002441 30.9055080413818 33.0699615478516 32.3604125976562 32.1160163879395 32.879508972168 31.9887027740479 28.0319404602051 29.0133094787598 33.4301872253418 32.6179504394531 29.623046875 29.451171875 29.2820529937744 27.3795356750488 27.9271240234375 28.5683612823486 29.4955749511719 28.6425075531006 29.2840194702148
23.7832050323486 24.4466533660889 25.6380729675293 22.7409648895264 22.2060356140137 22.958625793457 22.7659244537354 23.6698818206787 23.9755191802979 24.5485763549805 28.8874626159668 30.4286060333252 31.583568572998 31.6235961914062 32.1132736206055 25.2768173217773 28.4824619293213 25.5978775024414 25.9382495880127 28.5037174224854 28.5192604064941 32.7660140991211 29.2187042236328 30.1148815155029 29.8605480194092 28.9974098205566 30.9684143066406 31.0618457794189 31.5687694549561 31.648078918457 31.4321575164795 29.812427520752 28.16477394104 28.6807708740234 29.3534679412842 33.6001968383789 33.5827827453613 30.4172344207764 29.2926292419434 29.157413482666 29.1565074920654 28.154577255249 29.3564128875732 27.9707565307617 28.9724369049072 29.6350803375244
27.1772594451904 23.9727458953857 26.929895401001 21.9110660552979 21.9521064758301 23.13791847229 23.3200569152832 24.0057334899902 24.6272830963135 25.0979118347168 25.1080379486084 25.3167934417725 29.9584369659424 30.649097442627 31.289234161377 25.2322807312012 27.7293434143066 27.6338424682617 24.4840621948242 28.3227615356445 25.8792285919189 31.6572380065918 29.3125286102295 30.8672199249268 29.3036766052246 30.3125247955322 29.3274555206299 28.9471588134766 31.9984931945801 31.7171669006348 31.1158332824707 30.6028003692627 30.2991809844971 28.5362453460693 29.3977947235107 31.852424621582 33.2220802307129 31.3641738891602 30.2791271209717 30.8168182373047 29.3969917297363 28.2992210388184 28.3919219970703 27.5386161804199 29.0165729522705 29.832103729248
22.6907768249512 21.3003978729248 21.7678928375244 20.9406986236572 20.9119319915771 22.3220062255859 23.1228256225586 24.214958190918 24.5588302612305 24.8051528930664 25.0164337158203 24.6761512756348 24.6264400482178 24.1939468383789 24.6567783355713 27.8330059051514 25.6334667205811 28.4390621185303 25.3042831420898 27.719217300415 27.5490379333496 28.5002193450928 31.6262607574463 32.4048042297363 29.6044387817383 29.8016910552979 30.4956512451172 28.6746349334717 29.1173458099365 32.5744361877441 31.0183124542236 30.3350200653076 29.7826976776123 28.1584415435791 28.0708827972412 29.7489471435547 30.1537704467773 30.0167579650879 29.4551963806152 27.7982711791992 31.448600769043 27.7860584259033 27.5304527282715 27.2163963317871 27.2602825164795 28.5738086700439
21.0879421234131 26.7874851226807 27.5179405212402 21.1476821899414 21.093132019043 21.8602695465088 22.5288486480713 23.3497867584229 23.8203582763672 24.1199893951416 24.4798793792725 24.3145523071289 24.3430881500244 24.7559127807617 25.1184902191162 25.5519752502441 28.2647724151611 28.6916561126709 28.6028671264648 29.0975093841553 27.5841999053955 28.7927322387695 30.402042388916 32.5178146362305 30.3742084503174 31.1973247528076 31.1547222137451 31.0318431854248 30.9264068603516 32.982967376709 31.884952545166 31.3274707794189 31.4431247711182 31.7708740234375 28.8830547332764 27.9746875762939 29.1891918182373 26.6554374694824 28.1948585510254 28.5211296081543 28.6450042724609 27.6572704315186 32.1737785339355 28.6761703491211 27.2888469696045 27.0815353393555
21.7884540557861 21.1042461395264 26.9636840820312 21.7098712921143 21.7991199493408 22.6171131134033 22.498649597168 23.1832141876221 24.2114391326904 24.6904983520508 24.9626770019531 25.0692348480225 25.1104469299316 28.8465194702148 28.9080944061279 25.9148368835449 25.7035274505615 25.8752765655518 25.9193267822266 28.7265853881836 28.248514175415 28.4687786102295 26.0318298339844 27.2369842529297 28.0890083312988 29.9295310974121 29.3129711151123 30.377197265625 32.4634552001953 30.0376739501953 29.9254398345947 29.0069179534912 29.382532119751 30.245777130127 28.675817489624 28.3098125457764 26.3248062133789 25.5399417877197 25.7843189239502 24.6177082061768 30.5573768615723 29.1597518920898 30.3618583679199 30.005033493042 32.0102500915527 27.7959117889404
22.7547035217285 21.8879547119141 21.4919090270996 21.926326751709 22.4104042053223 23.2490520477295 23.3022689819336 23.5692195892334 23.7419872283936 24.3440265655518 24.384672164917 27.1285629272461 28.0627002716064 25.2923717498779 29.6457557678223 29.0507488250732 29.5665340423584 26.2053909301758 29.0133476257324 28.8104763031006 28.8537216186523 27.9276561737061 26.9059867858887 28.9658470153809 30.8228416442871 31.1056423187256 29.2380599975586 29.7460784912109 28.9048156738281 30.8570232391357 31.0863742828369 29.6528301239014 31.0258407592773 28.922758102417 31.4906730651855 28.5337753295898 32.164436340332 28.5048313140869 28.8542766571045 27.236608505249 28.4880657196045 29.0621471405029 28.4016571044922 28.7153282165527 29.5961246490479 30.609188079834
22.3422813415527 21.9319801330566 21.6360683441162 22.7518329620361 23.2739925384521 23.7701873779297 24.3580417633057 24.6762313842773 24.6247501373291 24.9624633789062 24.8677310943604 27.0406169891357 27.7267246246338 29.309211730957 29.5216293334961 29.0517139434814 29.4850597381592 29.9033756256104 29.4087295532227 26.2649555206299 28.8240642547607 27.9568290710449 28.7408809661865 28.8004951477051 30.0897006988525 30.9252738952637 31.2412452697754 31.8208065032959 29.1505470275879 29.691089630127 26.8800716400146 29.1110286712646 30.5352840423584 32.4776000976562 31.4925003051758 25.5836067199707 28.1912155151367 29.1221599578857 27.647518157959 28.6536998748779 30.6327857971191 29.8582305908203 29.2471008300781 29.6613273620605 29.236852645874 29.1081256866455
22.355504989624 21.7001361846924 21.1044044494629 22.3406295776367 23.4594821929932 23.8949565887451 23.313024520874 24.5230884552002 24.176570892334 23.6161060333252 24.7535839080811 24.4076976776123 24.7391014099121 27.6350173950195 25.318826675415 28.7069129943848 28.8703269958496 28.9050559997559 29.5439720153809 27.5993499755859 28.4896049499512 28.9596920013428 28.5294532775879 26.2137317657471 28.708683013916 30.9356746673584 30.0256900787354 29.233980178833 29.4881973266602 29.69069480896 26.7659816741943 24.6869621276855 25.6777229309082 28.6839008331299 24.8673362731934 24.5971088409424 29.0621089935303 28.5564842224121 29.3926696777344 28.1548023223877 30.4287929534912 31.6544094085693 28.0331134796143 28.3481502532959 29.2772922515869 29.9125823974609
22.7744483947754 21.8116436004639 21.8896083831787 22.3990898132324 23.169261932373 23.5751438140869 24.0322284698486 24.0468006134033 22.9518127441406 22.5280933380127 24.2151756286621 22.9697322845459 23.4303512573242 23.6618919372559 27.3082828521729 28.2386798858643 25.6198596954346 28.9255695343018 26.365083694458 29.8622512817383 29.4705448150635 29.7739639282227 29.248628616333 28.9521293640137 28.13720703125 29.3930587768555 30.2454490661621 29.2438087463379 28.6868953704834 30.3558979034424 28.5271873474121 25.9783573150635 29.0070667266846 28.0905094146729 22.4990482330322 27.0914688110352 28.3534870147705 28.8955631256104 29.2626686096191 30.9756832122803 28.9184474945068 31.3045349121094 29.0480327606201 29.3137321472168 28.7917613983154 28.687385559082
22.7910346984863 22.5123653411865 22.252513885498 22.3720321655273 22.9906787872314 23.6011905670166 23.5297603607178 23.358829498291 22.7695846557617 23.6885280609131 23.8306064605713 22.7233295440674 22.9892539978027 23.1442832946777 24.3489303588867 24.7592258453369 28.5554428100586 25.7864589691162 29.1747016906738 29.4565315246582 29.2751884460449 29.6611423492432 27.8878707885742 29.3937187194824 28.6589679718018 28.7593021392822 28.5297718048096 29.676420211792 27.9698524475098 27.9590225219727 29.6782131195068 29.3762073516846 25.8614311218262 27.6581783294678 28.3346576690674 29.3070507049561 26.3985576629639 28.948263168335 31.3484725952148 28.6750888824463 29.7136840820312 28.8638286590576 29.3256549835205 31.1772346496582 30.6593189239502 28.3870754241943
22.2291622161865 22.1727485656738 21.7698192596436 22.1441307067871 22.6126976013184 22.4458179473877 23.0910873413086 23.4922256469727 23.8482284545898 23.8900547027588 23.8439884185791 24.0687866210938 27.271800994873 28.0067348480225 27.8880424499512 24.6494045257568 25.455192565918 29.3223209381104 26.7194557189941 28.8610057830811 29.2207565307617 29.851583480835 29.9690971374512 29.2935886383057 29.4840431213379 28.429874420166 28.8547763824463 28.7781295776367 28.0071887969971 29.9743156433105 30.3600368499756 31.2162895202637 27.5847225189209 28.4407062530518 28.2828788757324 24.08664894104 27.1737155914307 30.0161476135254 31.9154186248779 26.6089057922363 29.1208686828613 29.3576526641846 28.6721019744873 27.4115619659424 28.9846439361572 29.7815418243408
