inst/extdata/Tmax/Tmax139.asc
NCOLS 100 
NROWS 79 
XLLCORNER 148.06 
YLLCORNER -21.49 
CELLSIZE 0.01 
NODATA_value -3.4e+38 
[rows 40 to 59 of 79, columns 46 to 91 of 100]
25.8662452697754 26.7016334533691 27.0628547668457 27.9434604644775 29.6246604919434 30.6631126403809 30.1910228729248 28.2325992584229 27.8644981384277 28.5796890258789 29.133337020874 30.9771270751953 30.5902633666992 30.8347187042236 29.9731521606445 31.0606498718262 31.2756423950195 30.9877586364746 31.1099243164062 31.2320652008057 31.2627220153809 30.3056640625 30.7332077026367 31.0866794586182 31.1973724365234 31.2770767211914 31.1890392303467 30.806468963623 31.0176124572754 31.2389469146729 31.2159080505371 31.0750885009766 30.7543087005615 29.4617862701416 29.7656517028809 30.4983425140381 30.4186096191406 30.3363056182861 30.602560043335 30.0417442321777 29.2949409484863 29.808952331543 30.1541862487793 29.9547462463379 30.2448425292969 30.3034381866455
27.019889831543 28.1298370361328 28.0569629669189 28.0249176025391 29.6556625366211 30.9581451416016 29.7913074493408 29.3935241699219 30.0271396636963 30.1291694641113 30.5281009674072 31.2791194915771 31.1731090545654 31.2055950164795 31.0658130645752 31.4124603271484 31.4695625305176 31.4149532318115 31.3845691680908 31.4214878082275 31.4178791046143 30.8948287963867 30.1824817657471 30.5702056884766 30.5039043426514 31.0333805084229 31.3662090301514 30.8920497894287 30.8952140808105 31.3139572143555 31.3628940582275 31.2941436767578 31.1358642578125 30.5205936431885 30.7860794067383 30.8449192047119 30.6390171051025 30.6463680267334 30.7667331695557 30.9085750579834 29.9261512756348 30.1757736206055 30.8239402770996 30.6327476501465 30.7822799682617 30.7311210632324
29.3827991485596 29.5797080993652 29.7801647186279 30.2912845611572 30.6499290466309 31.1700420379639 30.7419853210449 30.1982727050781 30.7515087127686 31.1878128051758 31.116943359375 31.4623470306396 31.5129203796387 31.444616317749 31.4303340911865 31.5370712280273 31.5632820129395 31.5529975891113 31.5339508056641 31.5365600585938 31.4591484069824 30.5134944915771 30.3218364715576 30.8527145385742 30.3312473297119 30.8135986328125 31.2835311889648 31.1963634490967 31.1513519287109 31.4247493743896 31.4601593017578 31.4672393798828 31.4385108947754 31.333324432373 31.2431106567383 30.9189186096191 29.9852313995361 30.6149997711182 31.1770286560059 31.1813259124756 31.0602607727051 31.0096397399902 31.1399421691895 31.1837310791016 31.2325172424316 31.1845397949219
30.6623973846436 30.6961784362793 30.8457279205322 31.010799407959 31.2703704833984 31.3665332794189 31.2928943634033 31.0624923706055 31.2566013336182 31.4989604949951 31.5154838562012 31.58180809021 31.5734634399414 31.5486812591553 31.5831966400146 31.5715293884277 31.5177612304688 31.506233215332 31.5525169372559 31.5957717895508 31.5640335083008 31.3340339660645 31.087230682373 31.2792816162109 31.1536331176758 30.7129135131836 31.0228004455566 31.313404083252 31.4831924438477 31.5173034667969 31.5246677398682 31.5285797119141 31.5094223022461 31.4773826599121 31.4809722900391 31.3430194854736 30.8602294921875 31.1905193328857 31.3841114044189 31.3759441375732 31.3512859344482 31.3565235137939 31.3493595123291 31.3729419708252 31.3851318359375 31.3594951629639
30.4697341918945 30.7639923095703 31.0514583587646 31.0727462768555 31.1440238952637 31.2856597900391 31.3532562255859 31.4390907287598 31.4817810058594 31.4360427856445 31.2347888946533 31.3618049621582 31.2958526611328 31.038179397583 31.2409439086914 31.3962669372559 31.2920227050781 31.4195365905762 31.5282211303711 31.5891799926758 31.616283416748 31.4960098266602 31.1854209899902 30.9323234558105 31.1762962341309 31.3694152832031 31.4305992126465 31.485767364502 31.5044746398926 31.5483169555664 31.5409736633301 31.5409641265869 31.50657081604 31.4746170043945 31.5119743347168 31.4633369445801 31.4503078460693 31.453369140625 31.4027271270752 31.4108638763428 31.3956565856934 31.3891468048096 31.3989162445068 31.3916263580322 31.3014602661133 31.336296081543
28.5828971862793 29.4144630432129 29.8714923858643 30.111400604248 30.5127868652344 30.8766860961914 30.8323955535889 31.0555858612061 31.0663547515869 30.9088401794434 30.1203632354736 30.1491928100586 30.2444286346436 28.6978302001953 29.7111968994141 30.5330352783203 31.1178665161133 31.4754371643066 31.5785827636719 31.6129608154297 31.632438659668 31.4629974365234 31.0248336791992 30.6561088562012 30.9484367370605 31.2361183166504 31.381217956543 31.3785591125488 31.4558906555176 31.5389442443848 31.5509090423584 31.5576095581055 31.5457744598389 31.5445957183838 31.519006729126 31.4299716949463 31.4266967773438 31.4263896942139 31.4038715362549 31.4026737213135 31.3814601898193 31.3790645599365 31.375036239624 31.3289337158203 31.3280639648438 31.3588962554932
26.3698425292969 27.4929885864258 27.4016208648682 27.3680019378662 28.7111625671387 29.2828235626221 29.4226169586182 29.7119598388672 30.2045040130615 29.5649642944336 28.8737106323242 28.2814674377441 28.990686416626 28.8690319061279 29.3490581512451 30.5787925720215 31.3060607910156 31.5136375427246 31.5580177307129 31.5470352172852 31.6076011657715 31.6343727111816 31.2114715576172 30.862117767334 30.7578048706055 31.0550880432129 31.2826690673828 31.4103507995605 31.5249519348145 31.5531272888184 31.5815677642822 31.5986137390137 31.5971431732178 31.5733585357666 31.4982013702393 31.4462795257568 31.4485130310059 31.4512786865234 31.4433307647705 31.4350757598877 31.4128303527832 31.4147510528564 31.4175815582275 31.389856338501 31.3880367279053 31.281810760498
26.4854316711426 26.4186935424805 26.2400493621826 26.3044166564941 26.2462501525879 26.9364013671875 28.1586685180664 28.8640251159668 29.067892074585 28.9475994110107 29.5223293304443 29.3580913543701 29.2017765045166 29.8252296447754 30.1462955474854 31.0766105651855 31.3535575866699 31.3921737670898 31.3368911743164 31.4728927612305 31.6077728271484 31.6718482971191 31.5352058410645 31.2274055480957 30.8073501586914 31.1006393432617 31.3120269775391 31.4899215698242 31.5716743469238 31.6181907653809 31.6367607116699 31.6273155212402 31.5683326721191 31.4994201660156 31.4438381195068 31.4276256561279 31.4479885101318 31.4709739685059 31.4683494567871 31.4608840942383 31.452938079834 31.4616203308105 31.4607753753662 31.4446582794189 31.2464199066162 31.0322856903076
26.1443920135498 26.232458114624 26.4329566955566 26.1712989807129 26.0828514099121 26.1707496643066 26.9479541778564 28.5877170562744 29.1667366027832 29.3661079406738 29.2061805725098 29.4151000976562 29.7350788116455 30.0530433654785 30.1261692047119 30.6984176635742 31.1052474975586 31.1148948669434 31.1181011199951 31.4407577514648 31.5630836486816 31.5937976837158 31.6916522979736 31.6166229248047 31.508394241333 31.4868602752686 31.586462020874 31.6649761199951 31.6809272766113 31.6918296813965 31.6712856292725 31.6120452880859 31.5340309143066 31.408411026001 31.3746738433838 31.4434089660645 31.4617309570312 31.4885673522949 31.5136165618896 31.5065040588379 31.5146675109863 31.520393371582 31.5115375518799 31.503885269165 31.353702545166 31.226526260376
26.2190685272217 26.3749198913574 26.3947525024414 26.0922889709473 26.5379123687744 27.292781829834 27.3865165710449 28.678747177124 29.1953716278076 29.4238433837891 29.2396717071533 29.7537708282471 30.0593280792236 30.07594871521 30.1832332611084 30.0902576446533 30.2043609619141 30.4597625732422 30.8597679138184 31.2390365600586 31.3537197113037 31.3837604522705 31.644115447998 31.7041854858398 31.7316665649414 31.72141456604 31.704460144043 31.5394515991211 31.6127529144287 31.6915130615234 31.6597671508789 31.5527038574219 31.5168800354004 31.325798034668 31.2673778533936 31.4633026123047 31.4736042022705 31.4652118682861 31.5352973937988 31.5510139465332 31.5409889221191 31.554573059082 31.5475997924805 31.5301761627197 31.4672794342041 31.4055118560791
26.2583465576172 26.1461563110352 26.3441066741943 26.0773067474365 26.6697692871094 27.6641521453857 28.0237884521484 28.6568279266357 29.4169464111328 29.903470993042 29.9372024536133 30.0778274536133 30.1673011779785 30.211820602417 30.2122993469238 30.1702308654785 30.2525234222412 29.982349395752 29.6274147033691 30.8378963470459 30.7325592041016 31.2039356231689 31.5603179931641 31.634162902832 31.69748878479 31.693244934082 31.6284828186035 31.411979675293 31.5748558044434 31.6902160644531 31.529052734375 31.36789894104 31.3936958312988 31.3826293945312 31.4254302978516 31.5201225280762 31.5371570587158 31.5317878723145 31.5394401550293 31.5841503143311 31.5913600921631 31.584508895874 31.5716075897217 31.5496807098389 31.5201988220215 31.4392261505127
25.864372253418 25.836727142334 26.1868228912354 25.602596282959 25.7389850616455 27.5691547393799 28.3412647247314 29.0270195007324 29.4002628326416 29.7133541107178 29.793571472168 29.8129806518555 29.6172637939453 29.6317157745361 29.9279155731201 30.0812168121338 30.4479866027832 30.3839263916016 30.2029037475586 30.2611865997314 30.107307434082 30.9533004760742 31.3917446136475 31.5855560302734 31.6054840087891 31.6336288452148 31.2815341949463 30.9093170166016 31.5467529296875 31.6937999725342 31.4159202575684 31.1157150268555 31.3867664337158 31.4478015899658 31.4887790679932 31.4676914215088 31.4745082855225 31.4881134033203 31.5203857421875 31.5196189880371 31.5438327789307 31.5900402069092 31.5893249511719 31.5705089569092 31.5450115203857 31.4850177764893
25.530445098877 25.3925094604492 25.8247833251953 25.7083473205566 25.7866134643555 26.7097644805908 27.6464900970459 28.3201808929443 28.8490142822266 29.2492008209229 29.2091960906982 29.1479148864746 29.2303848266602 29.5460720062256 30.342456817627 30.4679527282715 30.6760368347168 30.5881900787354 30.5158138275146 30.352108001709 30.1080074310303 30.8255786895752 31.3079490661621 31.5216464996338 31.4701385498047 31.578857421875 31.1899547576904 30.2277946472168 31.2871246337891 31.6716079711914 31.3989162445068 31.1650638580322 31.3844337463379 31.3334541320801 31.2729167938232 31.3138618469238 31.3758296966553 31.3201122283936 31.2509441375732 31.2470073699951 31.3784027099609 31.4856739044189 31.5886383056641 31.5827236175537 31.5610694885254 31.5249252319336
26.5771732330322 25.6147327423096 25.7129859924316 26.0828304290771 26.4315147399902 27.4166355133057 27.4790267944336 28.2454566955566 29.1126251220703 29.4826030731201 29.8722743988037 29.998779296875 30.1543922424316 30.4071426391602 30.6200313568115 30.681884765625 30.6442337036133 30.7375926971436 30.7159404754639 30.4827919006348 30.282377243042 30.3293075561523 30.9027862548828 31.1574611663818 31.0924053192139 31.5515899658203 31.4541091918945 30.7935371398926 31.3726615905762 31.6620750427246 31.4357814788818 31.2580013275146 31.1807899475098 30.8420963287354 31.0520286560059 30.9998226165771 31.0214996337891 30.5955562591553 30.7160625457764 29.6534576416016 31.0988025665283 31.379451751709 31.5789604187012 31.6001224517822 31.5846900939941 31.5496387481689
27.2372913360596 26.2995052337646 25.8028221130371 26.5499362945557 27.1528396606445 27.8250617980957 27.8933429718018 28.38450050354 29.2150115966797 29.6788806915283 29.7462139129639 29.7787532806396 30.2324848175049 30.429256439209 30.5600395202637 30.5600662231445 30.7953681945801 30.9507923126221 30.9333381652832 30.6832370758057 30.5150890350342 30.4474430084229 30.6023845672607 30.6291351318359 30.6155090332031 31.350887298584 31.5510864257812 31.2558822631836 30.955680847168 31.5296745300293 31.0569496154785 30.2211856842041 30.8863430023193 31.0687236785889 31.3864078521729 31.4051094055176 31.3746776580811 31.3523693084717 31.1303882598877 30.0996589660645 30.9743309020996 31.332447052002 31.5269298553467 31.588415145874 31.5953884124756 31.564474105835
27.2863063812256 26.4701595306396 25.9357967376709 27.1460208892822 28.0539512634277 28.4741954803467 29.2898731231689 29.5563869476318 29.7973899841309 29.9326286315918 29.747486114502 29.7179698944092 30.3303852081299 30.4412899017334 30.4681720733643 30.5629978179932 30.7004661560059 30.7041358947754 31.2764797210693 31.0328330993652 30.7460041046143 30.6056461334229 30.5954475402832 30.4404144287109 30.4664173126221 31.1454086303711 31.5259628295898 31.4393081665039 31.2960014343262 31.6334114074707 30.9103679656982 29.7645530700684 30.3096523284912 31.0472660064697 31.0979671478271 30.7006282806396 30.775993347168 31.353048324585 31.4904956817627 31.4610824584961 31.5111675262451 31.5139331817627 31.540412902832 31.5515766143799 31.589750289917 31.5820426940918
27.1722793579102 26.2535724639893 25.8043670654297 26.9474582672119 28.1436901092529 28.4802284240723 27.934757232666 29.3371391296387 29.296293258667 28.7175140380859 29.7618141174316 30.0046863555908 30.0442714691162 30.1249809265137 30.1606464385986 30.4067630767822 30.562858581543 30.7008152008057 31.2382221221924 31.3794212341309 31.1765727996826 30.8635139465332 30.6974544525146 30.6290473937988 30.3898658752441 30.903751373291 31.4037017822266 31.4308319091797 31.6409492492676 31.717700958252 31.1736354827881 29.3234424591064 30.0359191894531 29.5230369567871 29.9090919494629 29.1696548461914 30.1966533660889 31.3199005126953 31.4549255371094 31.5325660705566 31.559253692627 31.4812335968018 31.3782539367676 31.5044746398926 31.5439205169678 31.5548496246338
27.1569557189941 26.4447555541992 26.4977912902832 26.9761486053467 27.8357048034668 28.2223739624023 28.6541595458984 28.9227180480957 27.6333503723145 27.5467147827148 29.1371040344238 28.0867309570312 28.4979629516602 28.9928207397461 29.7859992980957 30.3051376342773 30.4862022399902 30.7355575561523 31.1192188262939 31.2710647583008 31.3378200531006 31.094482421875 30.7613143920898 30.8492431640625 30.7301807403564 30.9933242797852 31.0029716491699 30.8371925354004 31.4284706115723 31.6366271972656 31.3945083618164 30.652624130249 29.1210784912109 26.9974784851074 27.2067031860352 29.0496559143066 30.6133651733398 31.2796611785889 31.4096279144287 31.3596210479736 31.3707027435303 31.1393604278564 31.0203857421875 31.4264888763428 31.1635932922363 31.2355308532715
27.1435470581055 26.7976264953613 26.6001586914062 26.8859214782715 27.4531593322754 28.1922454833984 28.339282989502 27.949275970459 27.5073699951172 28.3084774017334 28.8494548797607 27.8079204559326 28.155933380127 28.6330509185791 29.6749114990234 30.1284008026123 30.4645328521729 30.9499778747559 31.4039821624756 31.2319774627686 31.0999774932861 31.4281005859375 31.1681461334229 30.9830513000488 30.8245792388916 30.8333606719971 30.9319744110107 30.8394107818604 31.2019214630127 31.5706100463867 31.6137428283691 31.0715789794922 30.3147563934326 28.5513820648193 27.9061145782471 29.1144733428955 30.6106700897217 31.2188568115234 31.2939071655273 30.8084259033203 31.0959987640381 31.2977123260498 31.086727142334 31.1647529602051 30.8293952941895 31.108814239502
26.8279876708984 26.6221961975098 26.1693649291992 26.4818153381348 27.1975746154785 27.344575881958 27.7334175109863 28.0312156677246 28.2920398712158 28.40744972229 28.7926635742188 29.0380058288574 29.7626571655273 29.8731880187988 30.044771194458 29.5701274871826 30.6085186004639 31.0218276977539 31.2579784393311 30.9702625274658 31.1024341583252 31.3235778808594 31.4414730072021 31.3894023895264 31.0942821502686 31.0331535339355 30.6644859313965 30.8491306304932 31.2840919494629 31.3855400085449 31.5477390289307 31.5914516448975 31.0087509155273 30.3032054901123 29.3421592712402 29.042932510376 30.2878761291504 31.1253128051758 30.6093940734863 30.0501804351807 31.0374279022217 31.3158912658691 31.0280532836914 30.2093887329102 30.59739112854 31.1570682525635
