inst/extdata/Tmax/Tmax130.asc
NCOLS 100 
NROWS 79 
XLLCORNER 148.06 
YLLCORNER -21.49 
CELLSIZE 0.01 
NODATA_value -3.4e+38 
[rows 0 to 19 of 79, columns 46 to 91 of 100]
43.3267211914062 43.1721229553223 43.0696640014648 43.037670135498 42.9924011230469 42.884090423584 42.9938316345215 42.8435707092285 42.6780548095703 42.5228538513184 42.4386749267578 42.2095108032227 42.0963516235352 42.1999473571777 42.3282051086426 42.2300910949707 42.0856170654297 41.9049758911133 41.6338233947754 41.426383972168 41.2580718994141 -3.4e+38 -3.4e+38 -3.4e+38 -3.4e+38 -3.4e+38 -3.4e+38 -3.4e+38 -3.4e+38 -3.4e+38 -3.4e+38 -3.4e+38 -3.4e+38 -3.4e+38 -3.4e+38 -3.4e+38 -3.4e+38 -3.4e+38 -3.4e+38 -3.4e+38 -3.4e+38 -3.4e+38 -3.4e+38 -3.4e+38 -3.4e+38 -3.4e+38
43.3233222961426 43.0974235534668 42.9072875976562 43.0528030395508 43.1303482055664 43.1047019958496 43.0417785644531 42.9393272399902 42.6731300354004 42.3295631408691 42.3955192565918 41.9803695678711 42.2907371520996 42.448486328125 42.3825950622559 42.2798042297363 42.1497917175293 41.9983825683594 41.8025360107422 41.6722106933594 41.5502510070801 41.3912162780762 -3.4e+38 -3.4e+38 -3.4e+38 -3.4e+38 -3.4e+38 -3.4e+38 -3.4e+38 -3.4e+38 -3.4e+38 -3.4e+38 -3.4e+38 -3.4e+38 -3.4e+38 -3.4e+38 -3.4e+38 -3.4e+38 -3.4e+38 -3.4e+38 -3.4e+38 -3.4e+38 -3.4e+38 -3.4e+38 -3.4e+38 -3.4e+38
43.2746849060059 42.7176246643066 42.0781860351562 43.0379753112793 43.1394157409668 43.1193237304688 43.0746536254883 43.0000343322754 42.8062210083008 42.3597679138184 42.3981323242188 42.4500389099121 42.4575843811035 42.5111427307129 42.438648223877 42.3355674743652 42.2238502502441 42.1038475036621 41.963077545166 41.7597160339355 41.6877326965332 41.493537902832 41.2358360290527 40.921012878418 -3.4e+38 -3.4e+38 -3.4e+38 -3.4e+38 -3.4e+38 -3.4e+38 -3.4e+38 -3.4e+38 -3.4e+38 -3.4e+38 -3.4e+38 -3.4e+38 -3.4e+38 -3.4e+38 -3.4e+38 -3.4e+38 -3.4e+38 -3.4e+38 -3.4e+38 -3.4e+38 -3.4e+38 -3.4e+38
43.007942199707 43.0237083435059 42.2099647521973 42.9887733459473 43.0900726318359 43.0998229980469 43.107250213623 43.0036773681641 42.8765983581543 42.6101341247559 42.5118942260742 42.2924118041992 42.4898681640625 42.5320510864258 42.5011024475098 42.4019088745117 42.3162384033203 42.2213287353516 42.0795288085938 41.7781066894531 41.5969734191895 41.538387298584 41.4196434020996 41.2913475036621 41.092845916748 40.6768989562988 -3.4e+38 -3.4e+38 -3.4e+38 -3.4e+38 -3.4e+38 -3.4e+38 -3.4e+38 -3.4e+38 -3.4e+38 -3.4e+38 -3.4e+38 -3.4e+38 -3.4e+38 -3.4e+38 -3.4e+38 -3.4e+38 -3.4e+38 -3.4e+38 -3.4e+38 -3.4e+38
43.0177154541016 43.0066604614258 42.1058158874512 42.2485198974609 42.7869262695312 43.1089782714844 43.1324462890625 42.9999809265137 42.9418258666992 42.6884918212891 42.4583854675293 42.2839279174805 41.9715003967285 42.3766288757324 42.5035171508789 42.4148483276367 42.3928298950195 42.3150634765625 42.1037292480469 41.5350952148438 41.1251945495605 41.5888710021973 41.5824432373047 41.4758110046387 41.2085227966309 40.8892211914062 -3.4e+38 -3.4e+38 -3.4e+38 -3.4e+38 -3.4e+38 -3.4e+38 -3.4e+38 -3.4e+38 -3.4e+38 -3.4e+38 -3.4e+38 -3.4e+38 -3.4e+38 -3.4e+38 -3.4e+38 -3.4e+38 -3.4e+38 -3.4e+38 -3.4e+38 -3.4e+38
42.422248840332 42.9285125732422 41.7723731994629 41.2687149047852 42.5458831787109 43.1754188537598 43.0981864929199 43.022331237793 42.9473609924316 42.6297454833984 41.9541206359863 41.6744270324707 41.8772506713867 42.4903411865234 42.3838996887207 42.4677124023438 42.4577407836914 42.3640289306641 42.2506561279297 41.7598190307617 41.1992340087891 41.2021713256836 41.5028266906738 41.4718551635742 41.3692016601562 41.2239532470703 -3.4e+38 -3.4e+38 -3.4e+38 -3.4e+38 -3.4e+38 -3.4e+38 -3.4e+38 -3.4e+38 -3.4e+38 -3.4e+38 -3.4e+38 -3.4e+38 -3.4e+38 -3.4e+38 -3.4e+38 -3.4e+38 -3.4e+38 -3.4e+38 -3.4e+38 -3.4e+38
41.7671737670898 42.9294128417969 42.4471168518066 42.3557739257812 43.0164375305176 43.1670913696289 43.0166091918945 42.9036598205566 42.9697074890137 42.5981178283691 42.0603218078613 42.0161247253418 42.4468078613281 42.494441986084 41.8090896606445 42.4028244018555 42.3999786376953 42.3560333251953 42.331787109375 42.0937347412109 41.7891998291016 41.551383972168 41.6430206298828 41.4100875854492 41.5128936767578 41.4752883911133 41.3208045959473 41.0190162658691 -3.4e+38 -3.4e+38 -3.4e+38 -3.4e+38 -3.4e+38 -3.4e+38 -3.4e+38 -3.4e+38 -3.4e+38 -3.4e+38 -3.4e+38 -3.4e+38 -3.4e+38 -3.4e+38 -3.4e+38 -3.4e+38 -3.4e+38 -3.4e+38
41.1376876831055 42.9496650695801 43.2331314086914 43.0674362182617 42.3175315856934 42.4789237976074 42.8917617797852 42.9592742919922 43.0286483764648 42.861515045166 42.5620651245117 42.2275924682617 42.2083168029785 42.3237380981445 41.9667510986328 42.4262237548828 41.8828506469727 41.8112106323242 42.2574844360352 42.2963180541992 42.140251159668 41.914134979248 41.7845649719238 41.7612266540527 41.6843376159668 41.6115379333496 41.3984489440918 41.1958427429199 40.8883094787598 40.4479789733887 40.4197044372559 -3.4e+38 -3.4e+38 -3.4e+38 -3.4e+38 -3.4e+38 -3.4e+38 -3.4e+38 -3.4e+38 -3.4e+38 -3.4e+38 -3.4e+38 -3.4e+38 -3.4e+38 -3.4e+38 -3.4e+38
41.1202850341797 42.6413497924805 43.2773284912109 43.1648178100586 42.5227127075195 41.3866348266602 42.3646621704102 43.0573348999023 43.0702018737793 42.9541244506836 42.8234481811523 42.6028480529785 42.5780715942383 42.417552947998 42.0072174072266 41.9306716918945 41.5853233337402 42.0925941467285 42.261058807373 42.2625198364258 42.2274932861328 41.9355697631836 41.61181640625 41.3358612060547 41.7607955932617 41.7334060668945 41.5759696960449 41.3914947509766 41.2371292114258 40.7774200439453 40.5234298706055 40.593994140625 -3.4e+38 -3.4e+38 -3.4e+38 -3.4e+38 -3.4e+38 -3.4e+38 -3.4e+38 -3.4e+38 -3.4e+38 -3.4e+38 -3.4e+38 -3.4e+38 -3.4e+38 -3.4e+38
41.8509254455566 42.6639175415039 43.2033805847168 43.1629257202148 43.1096076965332 42.0916976928711 42.2876129150391 43.0109519958496 43.0943222045898 42.9751358032227 42.8141708374023 42.5983963012695 42.4728927612305 42.5100784301758 41.9990310668945 41.7538032531738 41.656551361084 42.4138259887695 42.2621955871582 42.0062980651855 42.2368621826172 42.1652412414551 41.9816856384277 41.6922798156738 41.9098281860352 41.8183135986328 41.6523628234863 41.6236953735352 41.4381141662598 41.123363494873 40.6382904052734 40.6255416870117 -3.4e+38 -3.4e+38 -3.4e+38 -3.4e+38 -3.4e+38 -3.4e+38 -3.4e+38 -3.4e+38 -3.4e+38 -3.4e+38 -3.4e+38 -3.4e+38 -3.4e+38 -3.4e+38
41.1444091796875 42.5627059936523 42.8140640258789 42.6253967285156 42.8478393554688 43.0117149353027 42.7766494750977 43.0497360229492 43.0839080810547 42.9774589538574 42.8362998962402 42.6741142272949 42.4940795898438 42.7082748413086 42.5605812072754 42.4671897888184 42.4726257324219 42.5762939453125 42.5312309265137 42.113655090332 41.7535057067871 42.1782989501953 42.2542152404785 41.8537979125977 41.8106307983398 41.6666107177734 41.5898475646973 41.7277488708496 41.5383224487305 41.2398490905762 -3.4e+38 -3.4e+38 -3.4e+38 -3.4e+38 -3.4e+38 -3.4e+38 -3.4e+38 -3.4e+38 -3.4e+38 -3.4e+38 -3.4e+38 -3.4e+38 -3.4e+38 -3.4e+38 -3.4e+38 -3.4e+38
40.6217269897461 41.3903617858887 41.6277770996094 41.3940162658691 42.1761169433594 42.6548271179199 42.8995780944824 43.0673828125 43.0326538085938 42.9386978149414 42.7877883911133 42.6212844848633 42.4803657531738 42.8854827880859 42.8424530029297 42.7177772521973 42.685359954834 42.7086601257324 42.6967735290527 42.5884170532227 42.2916030883789 42.1044578552246 42.3201751708984 42.1406288146973 41.9225311279297 41.9571113586426 41.9122047424316 41.6612167358398 41.4985885620117 41.2843933105469 -3.4e+38 -3.4e+38 -3.4e+38 -3.4e+38 -3.4e+38 -3.4e+38 -3.4e+38 -3.4e+38 -3.4e+38 -3.4e+38 -3.4e+38 -3.4e+38 -3.4e+38 -3.4e+38 -3.4e+38 -3.4e+38
40.627140045166 39.7977027893066 39.2713775634766 39.363655090332 41.1036186218262 41.5276489257812 42.469554901123 42.706958770752 42.9080429077148 42.7945518493652 42.6173629760742 42.8232612609863 42.7919120788574 42.6847496032715 42.960563659668 42.9179077148438 42.836238861084 42.8048439025879 42.7757263183594 42.7253761291504 42.6560173034668 42.559513092041 42.411937713623 42.3221473693848 42.058521270752 42.066535949707 41.9889488220215 41.7314605712891 41.4678535461426 41.3004379272461 41.1031723022461 40.7811813354492 -3.4e+38 -3.4e+38 -3.4e+38 -3.4e+38 -3.4e+38 -3.4e+38 -3.4e+38 -3.4e+38 -3.4e+38 -3.4e+38 -3.4e+38 -3.4e+38 -3.4e+38 -3.4e+38
40.6699523925781 40.0000877380371 39.2441368103027 38.7885475158691 39.2624893188477 39.9390754699707 41.4888191223145 42.4146537780762 42.929084777832 42.7709846496582 42.3846435546875 42.7992630004883 43.0008163452148 42.9999694824219 42.9784774780273 42.9687194824219 42.9511184692383 42.9073715209961 42.8565864562988 42.7957305908203 42.735595703125 42.647102355957 42.5466461181641 42.4383697509766 42.2202758789062 42.197322845459 42.0714683532715 41.8638687133789 41.6226844787598 41.5005111694336 41.3865814208984 41.2163581848145 40.8941078186035 -3.4e+38 -3.4e+38 -3.4e+38 -3.4e+38 40.3790283203125 40.370361328125 -3.4e+38 -3.4e+38 -3.4e+38 -3.4e+38 -3.4e+38 -3.4e+38 -3.4e+38
41.1765937805176 40.0934295654297 39.3471603393555 39.0205726623535 39.4524841308594 39.2418632507324 40.2122268676758 41.6053009033203 42.6087913513184 42.861328125 42.0271987915039 42.6334533691406 42.9229888916016 42.5598220825195 42.5899810791016 42.862720489502 42.9014701843262 42.9167556762695 42.8432426452637 42.7142868041992 42.7035179138184 42.6245422363281 42.5804443359375 42.4971923828125 42.3932800292969 42.2534790039062 42.1246948242188 41.9690437316895 41.8174285888672 41.6965103149414 41.6158561706543 41.4370269775391 41.0649604797363 -3.4e+38 -3.4e+38 -3.4e+38 -3.4e+38 40.4749755859375 40.4110984802246 40.4840812683105 40.4552536010742 40.3086357116699 -3.4e+38 -3.4e+38 -3.4e+38 -3.4e+38
41.1625137329102 40.0909957885742 39.3997459411621 39.7515411376953 39.5578308105469 39.8802642822266 39.6603889465332 40.8137702941895 42.4899253845215 42.9981346130371 42.2165222167969 42.1581649780273 42.7316665649414 41.3034286499023 42.0475845336914 42.3128967285156 42.6797485351562 42.9147834777832 42.8625450134277 42.7588424682617 42.7191429138184 42.6613655090332 42.6224327087402 42.5398788452148 42.443977355957 42.2342720031738 42.1651763916016 42.0670738220215 41.9762649536133 41.8919296264648 41.7628974914551 41.5834579467773 41.3687324523926 -3.4e+38 -3.4e+38 41.0735855102539 40.8323593139648 40.5568695068359 40.4431838989258 40.2731819152832 40.3421020507812 40.4451217651367 -3.4e+38 -3.4e+38 -3.4e+38 -3.4e+38
40.0383567810059 38.9764099121094 38.9188957214355 39.9783821105957 40.2447204589844 40.1587677001953 39.7981910705566 40.0783538818359 41.9475135803223 42.8861351013184 42.8791351318359 42.2349548339844 42.5909042358398 41.5281677246094 41.5076751708984 41.538257598877 42.4845581054688 42.9272308349609 42.8969955444336 42.867546081543 42.8324127197266 42.7509269714355 42.6723403930664 42.4617691040039 42.4179649353027 42.3026428222656 42.2426910400391 42.1889762878418 42.1192588806152 42.0039978027344 41.8803405761719 41.7415580749512 41.6027297973633 -3.4e+38 41.3884735107422 41.3503189086914 41.2441749572754 -3.4e+38 40.5618324279785 -3.4e+38 40.3269577026367 -3.4e+38 -3.4e+38 -3.4e+38 -3.4e+38 -3.4e+38
40.0122299194336 38.7817611694336 38.1562805175781 40.3157081604004 40.4714393615723 39.9233474731445 39.5886650085449 39.677677154541 40.938102722168 42.6889991760254 42.7541046142578 42.4093170166016 42.4670562744141 42.5166778564453 41.9901885986328 42.7801055908203 42.9059181213379 42.9404716491699 42.9272346496582 42.878776550293 42.8410148620605 42.7751998901367 42.7071533203125 42.6011276245117 42.5471420288086 42.4642791748047 42.3869781494141 42.3086395263672 42.1844825744629 42.109748840332 42.0091323852539 41.904483795166 41.8004951477051 41.6986351013184 41.624828338623 41.5935211181641 41.4066886901855 -3.4e+38 -3.4e+38 -3.4e+38 -3.4e+38 -3.4e+38 -3.4e+38 40.4251098632812 -3.4e+38 -3.4e+38
41.5216293334961 41.2406387329102 39.4297866821289 40.6854095458984 39.4333839416504 39.4245872497559 39.7774391174316 40.0085411071777 41.6577072143555 42.6971817016602 42.4598693847656 41.9678916931152 42.5880546569824 42.853271484375 42.8923225402832 42.910758972168 42.9588317871094 42.6950798034668 42.7679061889648 42.8446044921875 42.7952919006348 42.7811508178711 42.7463569641113 42.6838531494141 42.6216125488281 42.5575065612793 42.4891967773438 42.3486251831055 42.0712585449219 42.1101341247559 42.1305046081543 42.0671272277832 41.9857940673828 41.885196685791 41.8198852539062 41.729061126709 41.5574111938477 41.3925132751465 41.2418594360352 41.1415863037109 41.1197471618652 40.9822235107422 40.6902923583984 40.4582252502441 -3.4e+38 -3.4e+38
41.6057662963867 40.8929138183594 41.4079856872559 41.2339973449707 40.0473899841309 40.0636253356934 39.7259712219238 39.8827323913574 41.5101776123047 42.4981689453125 42.7869071960449 42.584300994873 42.8037490844727 42.9795150756836 42.8539123535156 42.7300605773926 42.8325881958008 42.6037101745605 42.4511680603027 42.541389465332 42.7426071166992 42.751651763916 42.7272415161133 42.7118072509766 42.6730995178223 42.6205024719238 42.5407218933105 42.3612174987793 42.130012512207 42.222110748291 42.1659355163574 42.1852645874023 42.0676231384277 41.9907455444336 41.9243240356445 41.7871017456055 41.6654853820801 41.5703125 41.489875793457 41.4215698242188 41.3744773864746 41.2218551635742 40.8579902648926 40.4259757995605 40.4316673278809 -3.4e+38
