inst/extdata/Tmax/Tmax62.asc
NCOLS 100 
NROWS 79 
XLLCORNER 148.06 
YLLCORNER -21.49 
CELLSIZE 0.01 
NODATA_value -3.4e+38 
[rows 40 to 59 of 79, columns 0 to 45 of 100]
31.302387237548800 31.0434379577637 31.0775489807129 31.1169185638428 31.0056858062744 31.1256771087646 31.0860767364502 30.8957691192627 30.4372997283936 30.8702373504639 31.5152053833008 31.8498363494873 31.8985805511475 31.9627017974854 32.0418930053711 31.8382053375244 31.5775012969971 31.2241363525391 30.6494941711426 31.1599903106689 31.1614112854004 31.0603885650635 31.0078544616699 30.6126899719238 29.7148303985596 29.0751571655273 28.8906497955322 28.9857521057129 29.1115875244141 28.4831066131592 27.849063873291 28.279088973999 29.5632171630859 29.2995491027832 29.0489902496338 29.3923301696777 29.3105182647705 28.9935836791992 28.7809352874756 28.3349933624268 28.3024082183838 27.4424858093262 26.8658638000488 26.86692237854 26.6162986755371 26.46213722229
31.4638442993164 31.0855617523193 30.9660491943359 31.076904296875 30.9839420318604 31.0733165740967 31.0879058837891 30.990686416626 30.7517547607422 30.8825225830078 31.2300968170166 31.5929260253906 31.8368759155273 32.018871307373 32.0758438110352 31.9348278045654 31.6411571502686 31.1333503723145 30.8045234680176 30.9619388580322 30.9957332611084 30.7671051025391 30.9590911865234 30.6858749389648 30.0241794586182 29.5329818725586 28.9287052154541 28.8500232696533 29.06955909729 28.6428356170654 28.2271938323975 28.8667583465576 29.5594177246094 28.8126583099365 28.0956764221191 28.8704624176025 28.9232749938965 29.1458053588867 29.1180095672607 28.8927154541016 28.7814979553223 28.0606670379639 26.6589317321777 26.5447692871094 26.6250171661377 26.5912628173828
31.3480186462402 31.3099842071533 31.1009140014648 30.9898452758789 31.0586738586426 31.0888557434082 31.0739631652832 31.0446472167969 31.0193214416504 30.9806613922119 31.0394172668457 31.5286464691162 31.8636074066162 32.0216331481934 32.0473365783691 32.0104522705078 31.7932968139648 31.4673080444336 31.2461853027344 31.207633972168 31.1303310394287 30.4839344024658 30.4222030639648 30.6569080352783 30.6935920715332 30.2582130432129 29.3995208740234 29.0718460083008 29.0021686553955 28.7862987518311 27.8997421264648 28.9768123626709 29.0408916473389 27.9733066558838 27.1698398590088 28.0791759490967 28.0851955413818 28.7463417053223 28.9224243164062 28.628288269043 28.4027004241943 28.4662055969238 27.8621006011963 27.6498756408691 28.0806255340576 29.0990314483643
31.0141563415527 31.1210746765137 31.1078796386719 31.1106796264648 31.1478652954102 31.1485786437988 31.1217441558838 31.0786876678467 31.1422939300537 31.1213626861572 31.1392822265625 31.5589656829834 31.819507598877 31.9874591827393 32.0201263427734 32.0476684570312 31.9567241668701 31.740177154541 31.4649410247803 31.5144386291504 31.3461246490479 31.0924587249756 30.4169826507568 30.0716648101807 30.7558345794678 30.5510177612305 30.1541767120361 29.6728401184082 29.345064163208 29.1778869628906 28.3899555206299 28.3106288909912 29.0185375213623 28.5208511352539 27.8861141204834 27.4333763122559 27.5248107910156 27.77854347229 28.014217376709 27.784875869751 27.3352127075195 28.0708332061768 27.6282901763916 28.5916481018066 30.398609161377 31.0300312042236
30.7383460998535 30.9343967437744 30.914119720459 30.9218482971191 31.1122207641602 31.2331504821777 31.2682037353516 31.22096824646 31.2900905609131 31.3450527191162 31.5234050750732 31.6692028045654 31.8095455169678 31.9226474761963 31.9955081939697 32.0604934692383 32.0428810119629 31.8975391387939 31.747730255127 31.7085399627686 31.5851173400879 31.4470500946045 31.149787902832 30.9431858062744 30.7728137969971 30.3166427612305 30.586633682251 30.4650249481201 30.1480102539062 29.4690017700195 28.8674468994141 28.8656959533691 29.190450668335 29.3636589050293 29.0747051239014 27.9128532409668 26.6042041778564 26.5736789703369 26.6832752227783 27.0207366943359 26.9052391052246 27.4643020629883 26.9877586364746 27.8308219909668 29.6324272155762 31.0543117523193
30.7670669555664 30.8426475524902 30.6900482177734 30.5887985229492 30.7971382141113 31.022518157959 31.2607612609863 31.3881416320801 31.4639759063721 31.5654048919678 31.6443614959717 31.5749797821045 31.3592147827148 31.7459754943848 31.9873847961426 32.0468406677246 32.0607223510742 31.994836807251 31.9115524291992 31.8548355102539 31.7710762023926 31.6695747375488 31.6216907501221 31.0097808837891 30.6659984588623 30.5972518920898 30.6947078704834 30.5251731872559 30.343189239502 29.8346939086914 28.600269317627 28.8093452453613 29.123046875 29.1938343048096 29.299596786499 28.4085998535156 27.129150390625 26.8971290588379 26.9348449707031 27.3738899230957 26.789966583252 27.1572647094727 27.5516757965088 27.8675708770752 28.7589092254639 29.9541339874268
30.6392211914062 30.6243686676025 30.6315307617188 30.5656776428223 30.4754753112793 30.5390548706055 31.03857421875 31.1714515686035 31.3015747070312 31.3285217285156 31.5566673278809 31.6700038909912 31.4283313751221 31.6973094940186 31.9363174438477 32.0254936218262 32.0474739074707 31.9820995330811 31.9496231079102 31.9168128967285 31.8485889434814 31.7858905792236 31.690731048584 31.2156829833984 30.3931884765625 30.5117282867432 30.7013320922852 30.4753150939941 30.4316120147705 30.2905330657959 29.497465133667 29.1801605224609 28.8327217102051 29.098108291626 29.2411804199219 28.7765846252441 27.7292137145996 28.0148696899414 27.4929180145264 28.1982822418213 27.6462802886963 27.8129997253418 27.9289608001709 28.042688369751 28.0417137145996 27.8581237792969
31.0891952514648 30.4723682403564 30.3927726745605 30.3470001220703 30.3276996612549 30.4567546844482 30.7740211486816 30.7369041442871 30.9926605224609 31.0495262145996 31.1381206512451 31.2120170593262 31.4074096679688 31.6999263763428 31.9002494812012 32.0286521911621 32.0315322875977 31.9121932983398 31.7374725341797 31.6467895507812 31.7896461486816 31.6096477508545 31.6356086730957 31.5763530731201 31.1201515197754 31.028226852417 31.0574398040771 30.8560447692871 30.6927356719971 30.4749813079834 29.7912063598633 29.4335479736328 28.7328395843506 29.1295738220215 29.1789989471436 28.9537220001221 28.5282249450684 28.7588653564453 28.4997119903564 28.7485771179199 28.4916362762451 28.2966403961182 28.1501693725586 28.0053901672363 27.6687335968018 27.4395370483398
31.7741966247559 31.0001430511475 30.2594413757324 30.1204051971436 30.2535438537598 30.4418430328369 30.3833198547363 30.3892402648926 30.7295799255371 31.0313682556152 31.1113357543945 31.1023635864258 31.3414649963379 31.6582279205322 31.910343170166 31.9872741699219 32.0089874267578 31.9383354187012 31.7735328674316 31.5527076721191 31.6318244934082 31.5832386016846 31.5092792510986 31.6489067077637 31.5446739196777 31.4423751831055 31.1656799316406 30.9639835357666 30.8801498413086 30.5903224945068 30.2010631561279 29.7421855926514 28.8859748840332 29.0450115203857 29.0211601257324 29.0867595672607 28.9944953918457 28.9726753234863 28.863353729248 28.6853809356689 27.8945903778076 27.7370471954346 27.9318294525146 27.6798038482666 27.5503978729248 27.2090835571289
32.038932800293 31.5518970489502 30.7205009460449 30.1636924743652 30.1563339233398 30.1527233123779 30.186243057251 30.5321731567383 30.7732219696045 30.677526473999 31.2997932434082 31.5380153656006 31.6543083190918 31.7636814117432 31.87060546875 31.9636783599854 31.9835395812988 31.9304542541504 31.8326187133789 31.6952705383301 31.5950660705566 31.5297412872314 31.3479614257812 31.3950538635254 31.5709667205811 31.5609378814697 31.3471183776855 30.7989749908447 30.3034362792969 30.5784740447998 30.280818939209 29.9765796661377 29.1746711730957 28.8832817077637 28.679370880127 28.9856414794922 29.0691776275635 28.9744281768799 28.9367237091064 28.630521774292 27.9453887939453 27.5598888397217 27.735523223877 27.3731174468994 27.289306640625 27.2021675109863
32.0332946777344 31.874454498291 31.4242248535156 30.8139514923096 30.2945995330811 30.0050621032715 30.1676063537598 30.4862461090088 30.5364551544189 30.8420124053955 31.4244518280029 31.6650161743164 31.7993812561035 31.9102783203125 31.9369831085205 31.9691429138184 31.8620223999023 31.8725662231445 31.8851470947266 31.810676574707 31.7026519775391 31.5450000762939 31.3506908416748 31.2731437683105 31.3885974884033 31.4355602264404 31.4884223937988 31.2528972625732 30.9721527099609 30.8290252685547 30.2825565338135 30.1234664916992 29.2898426055908 28.8873138427734 28.2821445465088 28.7527389526367 28.8853588104248 28.8811817169189 28.9350185394287 28.7541942596436 28.2391624450684 28.0793113708496 27.9753913879395 27.7654285430908 27.4459285736084 27.2732486724854
32.0014266967773 31.9821300506592 31.728157043457 31.07421875 30.5049133300781 30.2334613800049 30.1977596282959 30.2860260009766 30.0509243011475 30.2087154388428 31.0608463287354 31.468297958374 31.6542892456055 31.8672828674316 31.9604434967041 31.9283046722412 31.8585109710693 31.8556213378906 31.8259544372559 31.8198471069336 31.727897644043 31.6246719360352 31.5238590240479 31.3210964202881 31.2078247070312 31.1507091522217 31.1232776641846 31.2380695343018 31.0158214569092 31.1396827697754 31.1671390533447 30.3735065460205 29.7799301147461 29.3364524841309 28.8488502502441 28.9813480377197 28.9405536651611 28.7696399688721 28.9124011993408 28.8168277740479 28.3271102905273 28.1740379333496 28.0544338226318 27.8729877471924 27.3870677947998 27.2004547119141
31.8382663726807 31.9282150268555 31.7854671478271 30.8319129943848 30.0573081970215 30.0363082885742 30.1428699493408 30.0153388977051 29.7724018096924 29.9089660644531 31.0027503967285 31.4776573181152 31.7020645141602 31.8948402404785 31.9118232727051 31.8682403564453 31.8663330078125 31.8043212890625 31.7675132751465 31.7673187255859 31.7821044921875 31.7286510467529 31.5710639953613 31.371545791626 31.1527500152588 30.9964771270752 30.9800434112549 30.9303283691406 30.9281730651855 30.8275814056396 31.023307800293 30.8969688415527 30.3333530426025 29.7220420837402 29.2882976531982 29.6253757476807 29.5746040344238 29.10276222229 28.9097309112549 28.978946685791 28.8185214996338 28.5675868988037 28.2509422302246 28.0068092346191 27.6719055175781 27.2899360656738
31.6324272155762 31.7137355804443 31.8236179351807 31.4031028747559 30.4262866973877 30.096565246582 30.4461002349854 29.964075088501 29.8173007965088 29.9035301208496 30.957088470459 31.5630302429199 31.7831153869629 31.8817977905273 31.8163146972656 31.7266120910645 31.7306823730469 31.7535514831543 31.7255897521973 31.6239433288574 31.6775856018066 31.7444477081299 31.605152130127 31.4557647705078 31.2635231018066 31.1054725646973 30.7650527954102 30.5710582733154 30.2254505157471 30.572509765625 30.4102363586426 30.9576950073242 31.006139755249 30.6625080108643 30.1732234954834 30.2082538604736 29.8408527374268 29.491584777832 29.186637878418 29.5615043640137 29.1476173400879 28.8832874298096 28.7192077636719 28.581127166748 28.3058433532715 28.1573638916016
31.5118179321289 31.4929790496826 31.6748828887939 31.6944122314453 31.2656288146973 31.0384540557861 30.9875545501709 30.6467037200928 30.4525127410889 30.4685668945312 30.6600475311279 31.0589828491211 31.7045516967773 31.8411407470703 31.726016998291 31.6451568603516 31.6460304260254 31.6929626464844 31.6592178344727 31.5992393493652 31.6252250671387 31.7285404205322 31.6838397979736 31.5093650817871 31.4041271209717 31.2236385345459 30.9072799682617 30.6870727539062 30.28049659729 30.5101165771484 29.8911228179932 30.3115501403809 30.54372215271 30.5680351257324 30.6912670135498 30.5722961425781 30.2711219787598 30.1300563812256 29.6868591308594 29.1959972381592 29.1244411468506 29.177360534668 28.9327774047852 28.7391929626465 28.733549118042 28.5892925262451
31.6011753082275 31.6043491363525 31.6541042327881 31.6913928985596 31.582612991333 31.0010623931885 31.0134162902832 31.0805530548096 30.8745098114014 30.838357925415 31.0873165130615 31.4416389465332 31.7607765197754 31.8338851928711 31.7412910461426 31.5672073364258 31.6296501159668 31.6226692199707 31.4344787597656 31.4201698303223 31.5548057556152 31.6314449310303 31.6859111785889 31.5939178466797 31.4795513153076 31.3341426849365 31.1478691101074 30.8889675140381 30.7278423309326 30.57541847229 30.163158416748 29.8103523254395 29.9437980651855 29.9099025726318 30.3485336303711 30.057918548584 30.3212032318115 30.0893135070801 29.7384433746338 29.3339500427246 29.1067295074463 28.9005699157715 28.4245986938477 27.8535385131836 28.4138584136963 28.5985107421875
31.7099533081055 31.6961040496826 31.6682910919189 31.6604118347168 31.5201282501221 30.7665176391602 30.5707530975342 30.9907741546631 30.8885555267334 30.5877990722656 30.8708610534668 31.5132637023926 31.7729454040527 31.8060684204102 31.7269058227539 31.5516777038574 31.5531196594238 31.353931427002 31.1135749816895 31.2543144226074 31.5454711914062 31.5558338165283 31.6366710662842 31.631196975708 31.473575592041 31.4150943756104 31.2474575042725 30.9666290283203 30.884090423584 30.6662559509277 30.2690868377686 29.6143627166748 29.3249588012695 29.4640445709229 29.9099864959717 30.0474109649658 29.6834144592285 29.3461074829102 29.538854598999 29.4721584320068 29.1401500701904 28.9171867370605 28.3931083679199 27.6027317047119 28.0360221862793 28.3958492279053
31.7716789245605 31.7419204711914 31.6964454650879 31.6704120635986 31.637393951416 31.3154220581055 30.8869285583496 30.6591892242432 30.6687889099121 30.4692440032959 30.9311008453369 31.5321712493896 31.7586326599121 31.7723808288574 31.6941070556641 31.5223598480225 31.3737697601318 31.1785011291504 31.0739250183105 31.3362045288086 31.462158203125 31.5270442962646 31.4958152770996 31.5949859619141 31.5406684875488 31.4570579528809 31.301944732666 31.0386447906494 30.9245204925537 30.7358894348145 30.3378410339355 30.1405200958252 29.7006225585938 29.5189819335938 29.4667949676514 29.6119422912598 29.8690967559814 29.7234954833984 29.3738250732422 29.1777114868164 28.9813594818115 28.7941970825195 28.5460033416748 28.238452911377 27.6193981170654 27.9000282287598
31.8021488189697 31.7578182220459 31.7108478546143 31.703540802002 31.6378059387207 31.4396495819092 31.1722507476807 30.6264419555664 30.5273132324219 30.7081146240234 31.1528739929199 31.5553207397461 31.707389831543 31.7042980194092 31.5839214324951 31.4298877716064 31.1574897766113 31.0795707702637 31.189266204834 31.2217864990234 31.3648796081543 31.313117980957 31.1452693939209 31.3896713256836 31.5632572174072 31.4508266448975 31.2524890899658 31.1043529510498 30.9781436920166 30.8778419494629 30.6933059692383 30.4807510375977 30.1828670501709 30.1307754516602 29.8163394927979 29.4890613555908 29.5858707427979 29.6586303710938 29.4355773925781 29.2894496917725 29.1538181304932 28.9316272735596 28.3356552124023 27.9652271270752 28.0883464813232 28.1063289642334
31.8139953613281 31.8276786804199 31.7744808197021 31.7437629699707 31.6411762237549 31.541202545166 31.4427719116211 31.1059265136719 30.6686744689941 30.7629680633545 30.9212684631348 31.2084293365479 31.4835777282715 31.5321617126465 31.4793949127197 31.3509883880615 31.1649570465088 31.0410957336426 30.9399032592773 30.9857368469238 31.2134056091309 31.2226600646973 30.9963054656982 31.3785400390625 31.5814609527588 31.4792518615723 31.3352279663086 31.1858043670654 31.1148090362549 31.0078239440918 30.8944892883301 30.6858711242676 30.3769302368164 30.5769119262695 30.4512042999268 30.0902271270752 29.6547756195068 29.5471019744873 29.664176940918 30.0636615753174 29.3392601013184 29.0837268829346 28.688060760498 28.0295143127441 27.9612998962402 27.8439140319824
