inst/extdata/Tmax/Tmax138.asc
NCOLS 100 
NROWS 79 
XLLCORNER 148.06 
YLLCORNER -21.49 
CELLSIZE 0.01 
NODATA_value -3.4e+38 
[rows 0 to 19 of 79, columns 0 to 45 of 100]
35.093757629394503 34.7414054870605 33.7950820922852 34.1405143737793 34.2692985534668 34.673225402832 34.8516654968262 35.0029067993164 34.947925567627 34.7636985778809 34.2929077148438 34.0810546875 33.990779876709 32.7942276000977 33.25244140625 33.6432266235352 33.9958610534668 33.9553413391113 33.1719245910645 32.5281867980957 32.3806686401367 31.476806640625 31.8808631896973 33.0846710205078 33.5498199462891 33.7699394226074 33.6362724304199 33.6712417602539 33.367603302002 33.0121574401855 32.1861991882324 30.4013137817383 31.6107692718506 31.523099899292 30.3758640289307 29.3024730682373 29.1899280548096 28.8143081665039 29.5605640411377 31.339937210083 32.7957229614258 33.0570373535156 33.7914848327637 34.128719329834 34.3047904968262 34.4406280517578
34.9135856628418 34.3828773498535 33.6264762878418 33.7087554931641 33.141056060791 34.0286636352539 34.5755462646484 34.8810005187988 34.9941329956055 34.8637847900391 34.518009185791 34.2013969421387 34.2990036010742 33.8812828063965 33.7106018066406 33.5891952514648 33.9677963256836 33.9868583679199 33.0245361328125 32.4441070556641 32.9379081726074 32.686710357666 32.5711479187012 32.9803276062012 33.4100875854492 33.569278717041 33.816162109375 33.7569427490234 33.5441551208496 33.3320960998535 32.5336303710938 31.1995792388916 32.3030853271484 31.9044170379639 31.260046005249 30.3276023864746 29.8966102600098 30.2529354095459 31.2812423706055 32.3287734985352 33.8267517089844 34.2407073974609 34.3760299682617 34.3759002685547 34.4336776733398 34.4795951843262
34.8849639892578 34.0655937194824 34.1750030517578 34.2924842834473 33.8316879272461 33.9381637573242 34.3280639648438 34.8784599304199 35.0432319641113 34.8950500488281 34.5984916687012 34.45849609375 34.3574333190918 34.2919692993164 33.9864463806152 33.8303833007812 34.0173797607422 34.1543006896973 33.5895042419434 33.3954200744629 33.2435035705566 32.9203109741211 32.6896591186523 32.7972068786621 33.592643737793 33.8347091674805 33.6619758605957 33.632926940918 33.6186485290527 33.313591003418 33.3543281555176 32.4159889221191 32.6363868713379 31.4562320709229 31.1586284637451 30.5380249023438 30.0310802459717 29.5578842163086 30.5613327026367 31.7072772979736 33.0720291137695 34.0912017822266 34.4301567077637 34.5018730163574 34.4838943481445 34.4385566711426
35.1094131469727 34.743278503418 34.4008483886719 35.0112915039062 34.4859886169434 34.0522384643555 34.4200134277344 34.9741439819336 35.1292533874512 34.9801979064941 34.8225440979004 34.7711067199707 34.6537170410156 34.4785919189453 34.0412712097168 33.8625564575195 34.1962966918945 34.2330474853516 34.0052719116211 33.5406837463379 33.2183494567871 32.8437347412109 32.9105262756348 32.8659248352051 33.4218864440918 33.8278007507324 33.4617309570312 33.7094802856445 33.5216026306152 32.7220268249512 33.2440299987793 33.3039741516113 32.5842094421387 31.3785705566406 30.820348739624 29.9607791900635 30.228910446167 29.7354164123535 29.6177673339844 29.1312828063965 30.6603317260742 33.3131866455078 34.2665061950684 34.4994697570801 34.2386589050293 34.1365242004395
35.6679458618164 35.0933151245117 34.8420639038086 35.2443428039551 34.9962539672852 34.3360366821289 34.3619842529297 35.0018615722656 35.137996673584 34.7493095397949 34.7405166625977 34.9314918518066 34.7929382324219 34.5019721984863 34.1293449401855 34.269660949707 34.332275390625 34.0675888061523 33.6048164367676 32.8763122558594 33.0473365783691 33.2032470703125 33.319019317627 33.4983367919922 33.4938507080078 33.1623992919922 33.8601837158203 33.4788131713867 33.341682434082 32.8603553771973 33.1952590942383 33.0137176513672 32.7089576721191 31.7543563842773 31.2494792938232 31.5465488433838 31.2425289154053 30.7058906555176 30.1731872558594 29.4419574737549 29.0912094116211 32.4388999938965 33.9786605834961 34.4160118103027 33.7115440368652 32.986442565918
35.8172760009766 35.5484886169434 34.8356628417969 35.2594223022461 35.3197937011719 34.8840637207031 34.5871238708496 35.0368232727051 35.1866302490234 34.8821868896484 34.7575492858887 35.0142250061035 34.8431854248047 34.5537223815918 33.886302947998 34.3818321228027 34.282600402832 33.8299179077148 33.2804756164551 32.8600769042969 32.9500961303711 33.1941413879395 33.4917526245117 33.4804725646973 33.7582969665527 33.6419868469238 33.7042465209961 32.9589996337891 32.9463119506836 31.8877029418945 32.594799041748 33.0506172180176 33.1387901306152 32.8072853088379 32.4608039855957 32.3923072814941 31.5792121887207 31.0998668670654 30.7771415710449 29.97021484375 29.4700202941895 32.0042877197266 33.8749465942383 34.3862609863281 33.8831558227539 31.7639465332031
36.0142021179199 35.7332191467285 35.345458984375 35.5027313232422 35.438362121582 35.0463333129883 34.3791236877441 34.9315528869629 35.1060752868652 35.2334098815918 35.1604881286621 34.9898910522461 34.545768737793 34.6473350524902 34.6047744750977 34.4489212036133 34.2382583618164 33.6736068725586 33.4527359008789 33.1450576782227 32.5668983459473 32.758472442627 33.2157211303711 33.5892295837402 33.926082611084 33.8420372009277 33.8449096679688 33.3089904785156 32.9473609924316 31.7645664215088 31.7657718658447 31.8768177032471 32.8054389953613 32.9668846130371 32.5102119445801 32.397331237793 31.8391361236572 30.4747695922852 30.7105026245117 30.2722873687744 30.1111125946045 31.827808380127 33.6725730895996 34.1613159179688 33.9400367736816 32.2332572937012
36.0094451904297 35.8896026611328 35.5956840515137 35.6115417480469 35.5566787719727 35.2746887207031 34.6682395935059 34.5283241271973 34.8318328857422 35.1646728515625 35.2602119445801 34.9508972167969 34.2601547241211 34.4708976745605 34.6877212524414 33.987117767334 33.9196739196777 33.1559982299805 33.0722770690918 32.8307838439941 32.1585273742676 32.617977142334 33.0371513366699 33.5778770446777 34.0381889343262 34.0486183166504 33.615364074707 33.169807434082 32.9846725463867 32.2240447998047 30.924295425415 31.203971862793 31.5312099456787 32.1147193908691 32.4882774353027 31.8929615020752 31.9603996276855 31.0908584594727 30.0951671600342 30.3797149658203 30.5896129608154 31.6827354431152 32.7563934326172 33.8145637512207 33.7695159912109 31.8859329223633
35.7907295227051 35.9982986450195 35.8277549743652 35.7648429870605 35.6173553466797 35.3533096313477 34.9714279174805 34.4840545654297 34.6504898071289 35.1625213623047 35.3084449768066 35.2393951416016 35.0143203735352 34.8485145568848 34.4699592590332 33.693717956543 33.8703117370605 33.6153373718262 33.7404556274414 32.8132400512695 32.8054389953613 32.6466865539551 32.7385368347168 33.3982849121094 33.9678535461426 34.1594085693359 33.210865020752 32.3465194702148 32.4240303039551 32.3254280090332 31.7397594451904 31.188175201416 30.7582054138184 31.2087440490723 32.0962677001953 31.4898300170898 31.2543411254883 31.2029685974121 30.2700958251953 29.9490756988525 30.1623287200928 30.2568435668945 31.1584396362305 32.8092422485352 33.3055076599121 32.000129699707
35.5023574829102 35.9089736938477 35.9728775024414 35.8153228759766 35.5918273925781 35.4556732177734 35.2382583618164 34.7546195983887 34.4063262939453 35.0884590148926 35.3159065246582 34.8946228027344 34.155101776123 34.2114639282227 34.3051109313965 34.2682456970215 34.2849617004395 34.1286430358887 33.9081001281738 33.5855331420898 33.2500801086426 32.6077880859375 32.931282043457 33.7490005493164 34.1913681030273 34.0810775756836 33.3569183349609 33.1950302124023 32.6864624023438 32.1738510131836 30.9379215240479 30.5523948669434 31.6052665710449 31.4607620239258 31.2509727478027 31.0147476196289 30.7949752807617 31.0769634246826 30.5381965637207 29.7995452880859 29.8284225463867 29.2703380584717 30.1110610961914 31.25803565979 31.573637008667 30.9460983276367
35.1742134094238 35.4833946228027 35.9957733154297 35.8843727111816 35.7353706359863 35.6368827819824 35.4282722473145 35.0354766845703 35.0066146850586 35.232307434082 35.3651084899902 34.966381072998 34.6146354675293 33.8443222045898 34.0091285705566 34.2904281616211 34.4013481140137 34.5923652648926 34.1265602111816 33.9155044555664 33.5022811889648 33.1237831115723 33.1882705688477 33.7433242797852 34.1655349731445 34.0624656677246 33.3547058105469 32.6098442077637 31.6121673583984 31.6035404205322 31.2399864196777 31.179313659668 32.0173149108887 31.7589683532715 30.8691864013672 30.612190246582 31.073522567749 30.7858638763428 30.4055652618408 29.8577041625977 29.9082508087158 29.644718170166 29.3055515289307 30.0194396972656 30.4419612884521 30.7473850250244
35.0097236633301 35.0654373168945 35.9667892456055 35.9543228149414 35.8545951843262 35.7146186828613 35.5272102355957 35.1722526550293 35.1996536254883 35.4853324890137 35.4180374145508 35.2064170837402 34.8201141357422 34.3060989379883 34.1910018920898 34.4899978637695 34.7895126342773 34.7714767456055 34.4955673217773 34.0175590515137 33.4961128234863 33.1525230407715 33.3065567016602 33.4488868713379 33.6573829650879 33.9844589233398 32.9950866699219 32.2037696838379 31.5939311981201 31.8240585327148 31.8836040496826 31.7945137023926 32.1995582580566 31.6688919067383 31.415153503418 31.3212661743164 30.8938159942627 30.3087558746338 30.8212604522705 31.0422744750977 30.6087837219238 30.15700340271 29.6425361633301 30.0791530609131 30.5949821472168 30.9814872741699
35.1728477478027 35.6773262023926 35.9523010253906 35.900016784668 35.8997039794922 35.7895126342773 35.6346893310547 35.2379455566406 35.3148918151855 35.6194725036621 35.4048233032227 35.3215179443359 35.0898895263672 35.1515235900879 35.0397033691406 35.0080490112305 35.0026473999023 34.9134063720703 34.6738586425781 34.1327209472656 33.8469047546387 34.000301361084 34.254280090332 34.4782028198242 34.3192367553711 33.8842926025391 33.6656875610352 33.1781730651855 32.8059425354004 32.6148147583008 32.6702270507812 32.4579811096191 32.3549766540527 31.7792701721191 31.2169876098633 30.7655410766602 30.2283744812012 31.3155498504639 31.5922718048096 31.5327072143555 30.2062339782715 30.125919342041 29.648645401001 29.3766937255859 30.65989112854 31.206844329834
35.660026550293 35.8603096008301 35.9181289672852 35.8236770629883 35.8274345397949 35.8653602600098 35.794864654541 35.6597900390625 35.4358673095703 35.5646286010742 35.5217094421387 35.4373588562012 35.2944717407227 35.1784248352051 35.0575141906738 34.9667625427246 35.0971260070801 35.0004920959473 34.8439903259277 34.718132019043 34.603141784668 34.5537414550781 34.3369903564453 34.444522857666 33.989688873291 32.9651489257812 32.8971176147461 32.4844741821289 31.9259300231934 32.6876831054688 32.9546546936035 32.9078178405762 32.160472869873 31.8531341552734 31.7279090881348 31.6649074554443 31.6380023956299 31.3249664306641 31.9307689666748 32.2597885131836 31.7452697753906 31.2906932830811 30.6628284454346 30.12255859375 31.1579189300537 31.6553249359131
34.8669776916504 35.4494667053223 35.8877410888672 35.8060417175293 35.6683578491211 35.7583312988281 35.7042236328125 35.5211753845215 35.0813217163086 35.1188278198242 35.4474563598633 35.239933013916 34.6932525634766 34.853889465332 35.0301628112793 34.4593734741211 34.8847541809082 35.0650672912598 35.0015907287598 34.9388046264648 34.8700637817383 34.4494895935059 33.7968521118164 34.1801490783691 33.9989891052246 33.7182235717773 33.6267471313477 33.2885932922363 32.9189758300781 33.169376373291 33.1166496276855 32.8504829406738 32.4037132263184 32.634391784668 32.5891036987305 31.6625175476074 32.2021713256836 31.3688220977783 31.6780052185059 32.4171752929688 32.4024810791016 32.1270866394043 31.3911647796631 30.5783805847168 31.1894111633301 31.9668083190918
33.9755783081055 35.0046539306641 35.7683334350586 35.8897094726562 35.810359954834 35.7734909057617 35.6583290100098 35.5340843200684 35.3023643493652 34.7695007324219 34.3543663024902 35.0946731567383 34.2390975952148 33.9180450439453 34.7915878295898 34.4199333190918 34.3848838806152 34.8518600463867 34.8694496154785 34.8591918945312 34.8576240539551 34.8206443786621 34.6702995300293 34.4228363037109 33.9919204711914 33.6000442504883 33.599437713623 33.5370788574219 33.4709205627441 33.2807693481445 33.1044044494629 32.6975860595703 32.4196891784668 33.0364952087402 32.9082565307617 32.6379737854004 32.640022277832 32.0807876586914 31.7358055114746 32.3866996765137 32.5924301147461 31.9467525482178 30.7218837738037 29.6473693847656 30.076322555542 31.7486877441406
35.00146484375 34.821475982666 35.4160385131836 35.5975914001465 35.8157043457031 35.7735748291016 35.6434440612793 35.4921340942383 35.3254013061523 35.0217666625977 34.3629455566406 34.7749519348145 33.7151565551758 33.463321685791 34.2055015563965 34.0532455444336 33.3613128662109 34.4480209350586 34.4325141906738 34.4033012390137 34.6498947143555 34.7976493835449 34.6892395019531 34.2548599243164 33.4213638305664 32.8523292541504 32.4628601074219 32.7879791259766 33.3170700073242 32.7517051696777 32.5354843139648 31.8003730773926 32.4786148071289 33.2836074829102 33.096736907959 32.9020614624023 32.939151763916 32.5194091796875 32.1606407165527 32.4279479980469 32.6344795227051 31.5329360961914 30.5833892822266 30.8789253234863 31.2118492126465 31.7750244140625
35.1315116882324 35.4737968444824 35.5452728271484 35.5499076843262 35.6831092834473 35.7304878234863 35.65771484375 35.5632171630859 35.3966751098633 34.9277610778809 34.5252685546875 34.1405639648438 33.7334861755371 33.3718681335449 33.8745155334473 33.7272262573242 33.737979888916 33.5613822937012 33.3068008422852 33.2822875976562 34.4038009643555 34.6612205505371 34.631103515625 34.5162887573242 33.928337097168 32.8108444213867 31.4610939025879 32.2491645812988 33.0136604309082 32.1009521484375 32.4548988342285 33.0024871826172 33.2755355834961 33.5319786071777 33.4448165893555 33.2399749755859 32.7752227783203 31.9822902679443 32.4081039428711 32.6192741394043 32.9603614807129 32.5962219238281 32.453971862793 32.4404029846191 32.3990135192871 31.8202743530273
35.399829864502 35.3661994934082 35.2109222412109 35.3046531677246 35.7472114562988 35.6328773498535 35.6385192871094 35.6130599975586 35.5112266540527 35.1515617370605 34.047477722168 34.1248168945312 33.6950187683105 32.603199005127 33.3061599731445 33.0770416259766 32.9015197753906 32.240837097168 33.0335159301758 33.382682800293 34.4289474487305 34.4440765380859 34.567928314209 34.6593742370605 33.8241500854492 32.7977714538574 31.6909427642822 32.431324005127 33.0048828125 32.5306930541992 32.9907913208008 33.4025917053223 33.7569961547852 33.7684745788574 33.3288955688477 33.0751342773438 32.7263793945312 32.4677085876465 32.9619674682617 33.0596694946289 33.1094017028809 33.0268249511719 32.9136428833008 32.2451515197754 31.4516048431396 31.412670135498
35.5536231994629 35.5224647521973 35.492317199707 35.3417205810547 35.765495300293 35.7550811767578 35.6859512329102 35.6212043762207 35.5444869995117 35.4359283447266 35.1045265197754 34.3721160888672 33.5546951293945 32.4117698669434 32.7114028930664 32.6691017150879 32.2403678894043 32.5140228271484 32.745548248291 33.7187690734863 34.4581680297852 34.0484275817871 34.7117881774902 34.5539703369141 33.9781723022461 33.7400588989258 32.7180099487305 32.819263458252 33.1400032043457 32.9687919616699 33.5333213806152 33.495044708252 33.9080505371094 33.8396530151367 33.6894607543945 33.4404144287109 32.6471328735352 32.7989349365234 33.0411338806152 33.043628692627 33.0871696472168 32.9435997009277 32.8808212280273 32.3574981689453 32.2897033691406 32.1652526855469
