inst/extdata/Tmax/Tmax124.asc
NCOLS 100 
NROWS 79 
XLLCORNER 148.06 
YLLCORNER -21.49 
CELLSIZE 0.01 
NODATA_value -3.4e+38 
[rows 20 to 39 of 79, columns 0 to 45 of 100]
41.467346191406200 41.5305862426758 41.5475463867188 41.5256385803223 41.5598030090332 41.6980323791504 41.6396598815918 41.5778045654297 41.522289276123 41.4367446899414 41.2576942443848 40.8476028442383 40.4209213256836 39.9328498840332 38.9327850341797 38.6027221679688 38.5498313903809 39.2872123718262 40.0591354370117 40.470531463623 40.5011558532715 40.5424613952637 40.9215431213379 40.9613189697266 40.8080825805664 40.5098991394043 39.8648338317871 39.1609687805176 39.5443115234375 39.5818901062012 40.2335166931152 40.2743148803711 40.4389839172363 40.4131126403809 40.3804092407227 40.1278343200684 39.7276229858398 39.7426528930664 39.2424049377441 39.5341720581055 39.3076705932617 38.6842346191406 38.842903137207 38.8734359741211 39.0206184387207 39.0676155090332
41.5415077209473 41.6308631896973 41.6610069274902 41.6377906799316 41.6583786010742 41.6720314025879 41.555419921875 41.4881362915039 41.4785575866699 41.4247436523438 41.3063926696777 41.1459007263184 40.9091987609863 40.0994911193848 38.9622535705566 38.712474822998 38.8949203491211 39.5114440917969 39.8802261352539 40.1489028930664 40.2630882263184 40.1942901611328 40.7891731262207 40.9497718811035 40.7516250610352 40.7795906066895 40.7644882202148 39.9499893188477 39.790283203125 40.3729629516602 40.5132675170898 40.4215621948242 40.0740509033203 39.4388809204102 39.4562911987305 39.4432678222656 39.9646415710449 39.2215194702148 38.9222373962402 39.1378707885742 38.8469085693359 38.9040031433105 38.6978950500488 38.0262641906738 38.2526168823242 38.7350540161133
41.5945739746094 41.6690826416016 41.6960182189941 41.695671081543 41.6926345825195 41.6707077026367 41.5100898742676 41.3933143615723 41.3516807556152 41.3335571289062 41.2249221801758 41.1777191162109 41.0036277770996 40.4284362792969 39.585075378418 38.9461135864258 38.457218170166 38.8318519592285 39.2568054199219 39.8538360595703 39.9282875061035 40.0203132629395 40.6666641235352 40.444091796875 40.0043182373047 40.4163856506348 40.5133666992188 40.6191902160645 40.3216438293457 40.3756141662598 40.0966911315918 39.9159889221191 39.3962478637695 39.143180847168 38.9631690979004 39.1108932495117 39.0612411499023 38.641902923584 38.6105651855469 38.5410041809082 38.3048858642578 37.748836517334 38.3199615478516 38.0980110168457 37.3648834228516 38.3973808288574
41.5884399414062 41.6455345153809 41.6833000183105 41.6900939941406 41.6629104614258 41.6681289672852 41.6168403625488 41.3166847229004 41.2178344726562 41.2559089660645 41.0766639709473 40.9009437561035 41.0287971496582 40.6416702270508 40.0479049682617 39.449291229248 38.8220100402832 38.595401763916 39.0467414855957 39.2757797241211 39.6746597290039 40.5037231445312 40.2406463623047 39.7646865844727 39.8644638061523 39.9624099731445 39.7311515808105 40.6711616516113 40.7086601257324 40.5682106018066 40.3302230834961 39.3392715454102 39.0870895385742 39.2251091003418 39.4599227905273 39.1138381958008 38.4415130615234 38.0316734313965 38.5555953979492 38.1720275878906 37.6286773681641 36.5720977783203 37.1840858459473 38.0501098632812 36.709300994873 37.6821060180664
41.5278701782227 41.614616394043 41.6664047241211 41.6473770141602 41.6214294433594 41.6383323669434 41.6667098999023 41.4937286376953 41.3196449279785 41.1504859924316 41.0539321899414 41.0401039123535 40.8657836914062 40.5803489685059 40.0062294006348 39.4765243530273 38.910572052002 38.6278495788574 38.7746276855469 38.7672500610352 39.6655120849609 40.2857398986816 39.4591522216797 39.0468788146973 39.6458015441895 39.6198081970215 39.7522163391113 40.4467887878418 40.7231559753418 40.3184661865234 40.2687492370605 40.0382843017578 40.019100189209 40.0940322875977 39.747444152832 39.4628601074219 39.1687316894531 38.342212677002 38.1681823730469 37.9685401916504 36.6840400695801 36.2511138916016 36.5794982910156 37.9331817626953 36.4660263061523 36.7305755615234
41.476490020752 41.5224800109863 41.5533676147461 41.5418510437012 41.5686569213867 41.5925941467285 41.6484222412109 41.6161460876465 41.469554901123 41.223316192627 41.0289878845215 40.908519744873 40.7878684997559 40.4443168640137 40.1024589538574 39.677562713623 39.2114639282227 38.9509201049805 39.2853126525879 39.8036346435547 39.7847900390625 39.7154083251953 39.3441276550293 38.3797187805176 38.7582740783691 39.329174041748 39.4378318786621 40.4896774291992 40.7030296325684 40.3203735351562 39.5377769470215 40.067024230957 39.9318466186523 39.8047752380371 39.5652503967285 39.3229179382324 39.2345199584961 38.1395072937012 37.1804313659668 37.4752388000488 36.3953590393066 37.0173835754395 37.2778472900391 37.9506225585938 37.1900215148926 36.3805961608887
41.4096717834473 41.4302444458008 41.4348487854004 41.4621696472168 41.472843170166 41.4895401000977 41.613899230957 41.6315422058105 41.5012359619141 41.0651817321777 40.9785804748535 40.786693572998 40.7761383056641 40.4907455444336 39.923267364502 39.1100807189941 38.8215255737305 38.9664649963379 39.3178405761719 39.240909576416 39.3757362365723 40.0466270446777 39.9301795959473 38.7904663085938 38.4770660400391 39.1705207824707 39.7620964050293 40.5574493408203 40.6585311889648 40.4317436218262 39.6608085632324 39.3800811767578 39.9981994628906 39.5392875671387 39.2067413330078 38.5879249572754 38.3802490234375 38.4555206298828 37.6610641479492 36.6819190979004 36.3715400695801 36.6089172363281 36.5329475402832 37.306396484375 36.5956268310547 36.1010055541992
41.3155250549316 41.331901550293 41.3516082763672 41.381103515625 41.3958969116211 41.4748458862305 41.6034698486328 41.6142234802246 41.5523452758789 41.3601303100586 41.1132774353027 40.9068603515625 40.8110237121582 40.6572074890137 39.9625511169434 39.0950393676758 38.847900390625 38.8095512390137 38.9016075134277 38.8782081604004 39.7287864685059 40.2082481384277 39.7984352111816 39.1465454101562 38.711498260498 38.8799133300781 38.9682083129883 40.1300811767578 40.5168266296387 40.3987846374512 39.6860427856445 39.6240463256836 39.8287239074707 39.2749290466309 38.7536735534668 38.3220405578613 37.6445007324219 38.1712799072266 38.0410537719727 36.6684188842773 36.3287887573242 36.4714813232422 36.4040794372559 36.8432159423828 36.3896446228027 36.1541938781738
40.9564437866211 40.9251594543457 41.1213035583496 41.3426094055176 41.4322319030762 41.5301246643066 41.5962944030762 41.597484588623 41.4735794067383 41.3705024719238 41.205924987793 40.7899780273438 40.8518829345703 40.7324638366699 40.3415908813477 39.423770904541 38.8733825683594 38.4845085144043 38.7175712585449 39.380973815918 39.7558746337891 40.0282707214355 39.3708534240723 38.8172073364258 38.6710319519043 38.7750816345215 39.0983695983887 39.7683792114258 40.3970222473145 40.4775390625 39.9649047851562 39.7721252441406 39.4447784423828 38.6741104125977 37.794548034668 37.4712448120117 37.232006072998 37.3794631958008 37.4891624450684 37.1808891296387 36.7762489318848 36.8711280822754 36.6613349914551 36.4875679016113 36.4876861572266 36.4290046691895
40.3111000061035 40.9576187133789 41.1990852355957 40.9979591369629 41.4015655517578 41.5278129577637 41.5837249755859 41.583927154541 41.3763771057129 41.233699798584 41.2343788146973 41.0270309448242 40.8425140380859 40.7358474731445 40.539436340332 40.1475067138672 39.7283630371094 38.6880035400391 38.9258499145508 38.9795608520508 39.0889930725098 39.8041610717773 39.476318359375 38.8577308654785 38.694637298584 38.5286445617676 38.5041007995605 39.7454795837402 40.4249114990234 40.5219764709473 39.7931518554688 39.0733871459961 38.8331604003906 38.5615005493164 38.3535232543945 37.5858688354492 37.5402183532715 37.2220001220703 36.9000816345215 37.086009979248 38.4316444396973 38.4888343811035 37.6415405273438 36.5495414733887 37.3321800231934 37.4045829772949
40.5460205078125 41.2005615234375 41.217472076416 40.8144378662109 41.381290435791 41.5077323913574 41.5865669250488 41.5814247131348 41.5323028564453 41.3003959655762 41.2136116027832 41.166690826416 41.0272674560547 40.8654861450195 40.6397666931152 40.1975975036621 39.5749816894531 39.2338180541992 38.8789253234863 39.0659866333008 39.1172409057617 39.4549140930176 38.9859924316406 38.8483657836914 38.6103477478027 38.1230163574219 38.3366088867188 39.6743507385254 40.2903938293457 40.3537254333496 40.3492469787598 40.1880035400391 39.332649230957 38.6151351928711 38.5558319091797 38.1840286254883 38.2905731201172 38.1381645202637 37.8111038208008 38.1693992614746 39.2626647949219 39.3019676208496 38.9826164245605 38.5505523681641 38.4522094726562 38.0019874572754
41.1235694885254 41.3227157592773 41.3662223815918 41.3571624755859 41.4116706848145 41.5115814208984 41.5415687561035 41.5504570007324 41.5143127441406 41.4496116638184 41.2798042297363 41.2380027770996 41.1572647094727 40.9975929260254 40.7915840148926 40.4228134155273 39.7864761352539 39.4641990661621 38.9258804321289 38.8345985412598 38.8799018859863 39.2176933288574 38.9263610839844 38.722770690918 38.6671333312988 38.6810340881348 39.2835693359375 40.0750465393066 40.3423233032227 39.9585037231445 39.8863105773926 39.8953018188477 40.0397644042969 39.6612396240234 39.449462890625 38.8720779418945 39.639087677002 39.517879486084 39.4857521057129 39.4860076904297 39.3064498901367 38.6363639831543 37.9232864379883 37.6691818237305 37.5580291748047 36.9915657043457
40.9270095825195 41.459041595459 41.4984092712402 41.5006942749023 41.4888763427734 41.4862937927246 41.4705619812012 41.495475769043 41.4814033508301 41.4745330810547 41.4356307983398 41.325870513916 41.1823463439941 41.0554542541504 40.905345916748 40.7127532958984 40.3565292358398 39.8514251708984 39.280029296875 38.7382278442383 38.7511596679688 39.0959358215332 38.994514465332 38.7744598388672 38.6584243774414 38.7693824768066 39.8340644836426 40.3528938293457 40.393611907959 40.2546005249023 39.8812599182129 39.4363479614258 39.9421997070312 40.0122375488281 40.0306854248047 39.6341857910156 39.9349784851074 39.7080307006836 39.6000366210938 39.467845916748 38.5745582580566 37.5134925842285 36.5485725402832 36.8004837036133 36.7267951965332 35.9701690673828
40.8306999206543 41.2982902526855 41.1595497131348 41.0617561340332 41.1539154052734 41.4263954162598 41.4316635131836 41.4396591186523 41.4413681030273 41.4225311279297 41.3891143798828 41.3725280761719 41.2810134887695 41.1591758728027 41.0363655090332 40.8614883422852 40.5384407043457 40.2212791442871 40.0090026855469 39.5278358459473 38.8081169128418 38.9882888793945 38.8111763000488 38.8571166992188 38.7569160461426 38.7278518676758 39.5146980285645 40.3293075561523 40.379077911377 40.1348915100098 40.0247917175293 39.2396469116211 39.4465141296387 39.6231460571289 39.8324356079102 39.9120140075684 39.8077163696289 39.6720924377441 39.3771095275879 39.406566619873 39.1579246520996 38.2322807312012 37.6221046447754 38.0234870910645 37.6844177246094 36.8155937194824
41.0923690795898 41.2978096008301 40.9921112060547 40.4870452880859 40.5601043701172 41.2578010559082 41.4171829223633 41.3832473754883 41.3865432739258 41.3893127441406 41.3221054077148 41.3582572937012 41.3132209777832 41.2231864929199 41.1042060852051 40.9553070068359 40.7240524291992 40.2216644287109 39.908317565918 39.5538597106934 39.035888671875 38.9732284545898 38.826286315918 38.657413482666 38.6238555908203 38.9022521972656 39.744800567627 40.315975189209 39.9361381530762 39.7631988525391 39.8335838317871 39.5714721679688 39.3236923217773 39.0673065185547 38.8571853637695 39.2127494812012 39.0719146728516 39.3053016662598 39.2351379394531 39.0752487182617 38.8696937561035 39.103157043457 38.9125022888184 38.666072845459 38.209285736084 37.841796875
41.2013206481934 41.2719764709473 41.1239852905273 40.8842010498047 40.6500053405762 41.0556335449219 41.2860565185547 41.2953414916992 41.3220672607422 41.3581390380859 41.3414306640625 41.3764953613281 41.3227844238281 41.2705383300781 41.148365020752 40.9790229797363 40.8003540039062 40.6340637207031 40.3277130126953 39.8306999206543 39.5331611633301 39.3405456542969 38.9468765258789 38.4518280029297 38.5646591186523 38.7439346313477 39.8206558227539 40.2060623168945 38.7925796508789 38.4775047302246 38.9514617919922 39.1177825927734 39.0743103027344 38.9020957946777 38.5273132324219 38.3246154785156 38.7249984741211 38.5940437316895 38.5596504211426 38.5121002197266 38.3034057617188 38.0727615356445 38.2545013427734 38.598445892334 38.1188621520996 37.261402130127
41.1090698242188 41.1305961608887 41.145809173584 40.9327545166016 40.7157325744629 40.8496017456055 41.0170211791992 41.1567153930664 41.2317504882812 41.315803527832 41.2936172485352 41.2936248779297 41.349781036377 41.2902336120605 41.1925163269043 40.9815254211426 40.9637145996094 40.8444175720215 40.649658203125 40.3535346984863 40.2346267700195 39.6387977600098 39.1783294677734 38.8126335144043 38.8012504577637 39.0834541320801 39.855842590332 39.7748489379883 39.5439491271973 39.454761505127 38.8647613525391 38.8169136047363 38.6633453369141 38.5447311401367 37.9873695373535 37.6684265136719 37.8314094543457 37.7799415588379 37.9481468200684 37.7854652404785 37.7659339904785 37.0647811889648 37.596923828125 38.2325477600098 38.0430068969727 36.9275817871094
40.7033081054688 40.9502754211426 41.1036949157715 41.0174751281738 40.8597526550293 40.7544746398926 40.7473678588867 41.020751953125 41.0982284545898 41.2220230102539 41.2764205932617 41.277702331543 41.3145980834961 41.3186454772949 41.1763916015625 41.0903167724609 41.0326042175293 40.9409255981445 40.8122329711914 40.6514739990234 40.4878349304199 39.9499359130859 39.0734634399414 39.1320648193359 38.5975341796875 39.030574798584 39.754524230957 39.3245315551758 39.4578399658203 39.8000755310059 39.7013359069824 39.5815200805664 39.0643043518066 38.7297744750977 37.5254898071289 36.5482902526855 36.5832023620605 36.4888191223145 36.4495239257812 36.7969093322754 36.911979675293 37.0581245422363 37.1964836120605 37.8506660461426 37.7314987182617 37.4221992492676
40.8056831359863 40.8750534057617 40.9728813171387 40.9475784301758 40.9133338928223 40.6718101501465 40.509334564209 40.302906036377 40.7975883483887 41.1694564819336 41.263313293457 41.2982635498047 41.3495826721191 41.3388252258301 41.100414276123 40.7859954833984 40.8016662597656 40.8388366699219 40.8648910522461 40.7636299133301 40.6458358764648 40.3361396789551 39.4818572998047 39.7055206298828 38.9639587402344 38.9503746032715 39.0615158081055 39.2964019775391 38.4907989501953 38.9876098632812 38.6953887939453 38.7822532653809 39.7177696228027 39.38232421875 38.6418914794922 36.9310417175293 36.2350387573242 36.2288780212402 35.7080574035645 36.0297889709473 36.505786895752 36.4962692260742 36.5534858703613 37.584846496582 37.238338470459 36.8231887817383
40.8735008239746 40.8125419616699 40.8504638671875 40.6938896179199 40.8398323059082 40.7665634155273 40.5960540771484 40.388370513916 40.529842376709 40.9888496398926 41.1704292297363 41.3180503845215 41.3428497314453 41.3088493347168 41.255500793457 40.9397506713867 40.6473579406738 40.4901924133301 40.6875953674316 40.7734832763672 40.6576614379883 40.5480537414551 40.2919731140137 39.8419075012207 39.0142822265625 38.8411178588867 38.8036880493164 38.867317199707 38.896842956543 38.4817352294922 38.0351867675781 38.6285209655762 39.5313453674316 38.9576263427734 39.1137428283691 38.6917839050293 38.3624229431152 38.2509269714355 37.4899368286133 36.6313362121582 37.1702728271484 36.925724029541 37.2164764404297 37.3483467102051 37.1081161499023 36.7392120361328
