inst/extdata/Tmax/Tmax119.asc
NCOLS 100 
NROWS 79 
XLLCORNER 148.06 
YLLCORNER -21.49 
CELLSIZE 0.01 
NODATA_value -3.4e+38 
[rows 20 to 39 of 79, columns 46 to 91 of 100]
36.5933380126953 35.1710052490234 35.3294677734375 36.4411926269531 36.2205924987793 35.7472763061523 35.5071640014648 34.532398223877 36.0063858032227 37.1434211730957 37.9426155090332 37.5675277709961 37.5277938842773 37.9870071411133 37.698558807373 37.4651756286621 37.6606750488281 38.0813598632812 38.1840515136719 38.1665229797363 38.0922470092773 37.9797325134277 38.1893310546875 38.2354850769043 38.1742057800293 38.0837860107422 37.9789886474609 37.9854278564453 37.9368438720703 37.6515159606934 37.6775741577148 37.8736381530762 37.7701072692871 37.5281829833984 37.508487701416 37.4569091796875 37.3683013916016 37.3431243896484 37.3115081787109 37.2705039978027 37.1848297119141 37.0213508605957 36.5150871276855 36.3791885375977 36.5353012084961 36.5089225769043
36.8410911560059 35.1682014465332 34.1853904724121 35.5881042480469 35.4642677307129 34.9990463256836 35.6890106201172 34.1239624023438 35.1397666931152 36.7804489135742 37.7506370544434 36.7028007507324 36.1758842468262 37.5696296691895 36.6345443725586 36.3318481445312 36.9840698242188 37.9812545776367 37.9665412902832 38.2764167785645 38.3296699523926 38.3066558837891 38.1205406188965 37.8293495178223 37.8026466369629 37.8318519592285 37.941463470459 37.8972778320312 37.8036842346191 37.7180976867676 37.9324417114258 37.9503860473633 37.8821830749512 37.564697265625 37.6089057922363 37.5461502075195 37.4189949035645 37.4061660766602 37.3897972106934 37.3692474365234 37.2345733642578 37.1170768737793 36.9300804138184 36.7421112060547 36.6088714599609 36.5763053894043
37.3383979797363 36.9394607543945 35.4003868103027 34.8537788391113 34.4455680847168 35.3697204589844 34.8688850402832 35.0601997375488 34.5444984436035 35.2992668151855 37.0537796020508 37.346363067627 36.1406860351562 36.4322471618652 36.141788482666 36.5565872192383 37.3566970825195 37.6483383178711 36.5855331420898 37.5507125854492 38.1562194824219 38.1915740966797 37.6883010864258 37.0218925476074 37.4676208496094 37.4290351867676 37.8760795593262 38.0076904296875 37.7428207397461 37.8889389038086 38.0004959106445 38.0151481628418 37.9904632568359 37.9140243530273 37.8031120300293 37.6267204284668 37.4551887512207 37.3277778625488 37.3669586181641 37.4256477355957 37.3066940307617 37.2275619506836 36.9847183227539 36.8640022277832 36.735652923584 36.8247108459473
36.8501968383789 36.7031059265137 36.1882209777832 35.5228691101074 34.2809219360352 34.8770484924316 35.3956146240234 35.5424003601074 35.3234367370605 34.9377059936523 36.0143089294434 35.9783210754395 36.6648254394531 35.3310546875 35.9824409484863 37.1266403198242 37.0852928161621 37.3564529418945 36.2872505187988 37.8667640686035 38.4485816955566 38.337100982666 37.569953918457 36.5057067871094 37.4385948181152 37.5468635559082 37.6067047119141 37.9554977416992 38.0933647155762 38.1214027404785 38.107349395752 38.1069755554199 38.0635833740234 37.9673461914062 37.861083984375 37.7047805786133 37.3397560119629 37.0393409729004 37.1307754516602 37.3308563232422 37.2821083068848 37.3062629699707 37.0743637084961 37.0335998535156 36.8105926513672 36.8087272644043
35.2695541381836 36.3495712280273 36.6225433349609 36.4111022949219 35.5570678710938 35.0148391723633 35.0030555725098 34.7251281738281 35.4533081054688 34.9880905151367 34.9702186584473 34.5625076293945 36.1218910217285 36.7773475646973 36.1155624389648 36.914794921875 37.497013092041 37.9296340942383 37.6676445007324 38.4479522705078 38.4213943481445 38.2808265686035 37.7153701782227 37.0422782897949 37.635066986084 37.8374938964844 37.5756683349609 37.6298522949219 37.6938629150391 38.0730133056641 37.9137992858887 38.1598014831543 38.0358505249023 37.984188079834 37.8923110961914 37.5872535705566 37.4943580627441 37.0113830566406 36.7638206481934 37.115909576416 37.2008323669434 37.2605781555176 37.100528717041 37.1308670043945 37.1628723144531 37.0150604248047
34.0305366516113 34.8719520568848 35.9789810180664 35.8981513977051 35.1770477294922 34.5221481323242 34.1763229370117 33.6688804626465 34.6822280883789 35.1959342956543 34.7354469299316 34.9206237792969 36.0612564086914 37.5576667785645 37.1416511535645 37.1783027648926 37.2789115905762 38.3361663818359 38.3917236328125 38.3600196838379 38.3238830566406 38.0534553527832 37.0619049072266 37.0831298828125 37.1432647705078 37.6184730529785 37.3829460144043 36.8793411254883 37.3495903015137 38.163761138916 38.0903816223145 38.1671257019043 38.1140289306641 38.0708122253418 37.9398994445801 37.7894439697266 37.7840270996094 37.2785720825195 36.8461303710938 37.0882148742676 36.8118667602539 36.8968467712402 36.6523742675781 37.1565170288086 37.177604675293 37.1218338012695
33.9436912536621 33.7960395812988 34.4081344604492 34.948844909668 35.522705078125 33.5796051025391 33.3330192565918 34.054615020752 34.482048034668 35.1078758239746 35.1103591918945 35.4483108520508 36.8547286987305 37.5435180664062 37.9089012145996 38.0137481689453 38.1017646789551 38.4779090881348 38.1702995300293 38.0167083740234 38.0121803283691 37.6433563232422 37.7684135437012 37.9591407775879 37.9449844360352 37.441780090332 37.0910110473633 37.7816162109375 37.9654388427734 37.9112358093262 37.4417381286621 37.9515113830566 38.0591926574707 38.1069068908691 38.0765724182129 37.9764823913574 37.6909790039062 37.4041938781738 37.4460144042969 37.2309265136719 37.1042060852051 36.6489562988281 37.0104141235352 37.1576652526855 37.0603637695312 36.9369621276855
34.116512298584 33.6581954956055 33.9169120788574 34.1221656799316 34.5874214172363 33.0976524353027 32.8359794616699 33.1973190307617 34.3273773193359 34.9649620056152 34.5043296813965 34.9924507141113 35.745735168457 36.679328918457 37.7777328491211 37.4964179992676 38.3293914794922 38.5025062561035 37.9300003051758 37.3325157165527 37.8029441833496 37.9378929138184 38.169361114502 38.3301315307617 38.3962478637695 38.0378227233887 38.0142822265625 38.276424407959 38.3068733215332 37.7226600646973 37.3450927734375 37.75390625 37.8206405639648 38.1318550109863 38.1483955383301 38.0750999450684 37.9317474365234 37.7390289306641 37.3978157043457 36.7675285339355 36.5581130981445 36.438606262207 36.4449462890625 36.9414710998535 36.9495658874512 37.2280502319336
34.8947601318359 34.5086517333984 35.1564102172852 35.0125122070312 34.662353515625 33.4198837280273 34.0989875793457 33.8627128601074 34.1236991882324 34.6305198669434 34.373462677002 34.6046981811523 34.7117004394531 36.5345802307129 37.4907188415527 36.9117012023926 38.0514450073242 38.2576484680176 37.9939422607422 37.1004905700684 37.2782859802246 38.1112174987793 38.4049034118652 38.4834594726562 38.4792594909668 38.3753776550293 38.366081237793 38.4358177185059 38.1099548339844 37.5296440124512 37.3939666748047 37.8965148925781 38.2094573974609 38.2183074951172 38.1904144287109 38.1441879272461 38.0872993469238 37.9562835693359 37.7355766296387 36.8200912475586 36.3415412902832 35.7045822143555 36.4142990112305 36.3748588562012 37.0422897338867 37.3018608093262
36.2974739074707 36.1578102111816 35.6488800048828 35.5873527526855 35.1267127990723 34.686164855957 34.4202003479004 33.5351905822754 34.0932846069336 33.6386375427246 33.1922378540039 34.3459854125977 34.6314659118652 36.2029113769531 36.9704742431641 36.3568801879883 36.9072380065918 37.4967193603516 37.909309387207 37.790355682373 37.4097633361816 38.1457176208496 38.4933395385742 38.315746307373 38.2734909057617 38.0007743835449 38.304557800293 38.4763069152832 37.7270698547363 37.0453910827637 37.5253143310547 37.9519882202148 38.2089385986328 38.2516403198242 38.2398109436035 38.1696357727051 38.1314392089844 38.0363006591797 37.8648872375488 37.5357284545898 36.9757690429688 36.5651626586914 36.207820892334 36.0311622619629 36.6676902770996 37.0159111022949
35.3691558837891 35.3637657165527 35.3814239501953 35.0624465942383 34.634578704834 34.8177719116211 34.0268516540527 33.5615463256836 33.0937995910645 33.1638031005859 32.6202659606934 33.4298629760742 33.4142990112305 35.3351554870605 36.178897857666 35.1908111572266 35.6374702453613 36.8883895874023 37.9005737304688 38.3098411560059 37.903392791748 38.3585815429688 38.4989356994629 38.162425994873 38.1253395080566 38.1983528137207 38.5415191650391 38.5000648498535 38.0460929870605 37.5037574768066 37.761661529541 37.9573745727539 38.2741203308105 38.2710342407227 38.210880279541 38.159553527832 38.1355285644531 38.0529556274414 37.9720764160156 37.7888221740723 37.5582427978516 37.1009635925293 36.7748794555664 36.7129516601562 36.8549728393555 37.1430587768555
34.7428932189941 34.9668388366699 34.859992980957 34.8125839233398 34.0122261047363 34.7022743225098 33.8481597900391 32.7216529846191 32.1721115112305 32.5131072998047 32.2021560668945 32.8048858642578 33.4985198974609 35.1159744262695 35.3707580566406 35.0424995422363 36.7826194763184 37.5198783874512 38.083251953125 38.4360656738281 38.6243286132812 38.6469955444336 38.5795669555664 38.486457824707 38.2911491394043 38.4966621398926 38.5748748779297 38.461109161377 38.1385307312012 37.6107711791992 37.6477355957031 38.082405090332 38.229190826416 37.8378715515137 38.107551574707 38.1704902648926 38.1299057006836 38.0773162841797 38.0171165466309 37.9035186767578 37.6362991333008 37.0130386352539 37.2482452392578 37.2522811889648 37.1505355834961 37.0590057373047
34.1522903442383 34.4142417907715 34.2657127380371 34.4988021850586 34.568775177002 34.5588684082031 34.2206878662109 33.216869354248 33.2934036254883 33.3760871887207 32.4466896057129 32.2578277587891 33.104621887207 35.0681762695312 35.5042037963867 35.9265518188477 35.9650192260742 36.6376991271973 38.078670501709 38.5188407897949 38.641544342041 38.5822639465332 38.4414749145508 38.3810386657715 38.4814491271973 38.5182037353516 38.4758224487305 38.1436004638672 37.3859786987305 37.4999198913574 37.7223510742188 38.3293571472168 38.0917320251465 37.6219673156738 38.1386184692383 38.0549812316895 38.0537147521973 38.0723609924316 37.9695358276367 37.7171592712402 37.2216911315918 36.2146301269531 35.9897193908691 36.7638702392578 37.0162925720215 37.2143325805664
34.7780380249023 34.3404312133789 34.1890029907227 34.3301773071289 34.4441413879395 34.3529281616211 33.9403038024902 33.5921936035156 34.1017417907715 33.4740829467773 33.3371734619141 33.3181686401367 34.0149230957031 35.0054130554199 35.1322059631348 35.7469482421875 36.5522766113281 37.4533309936523 38.160530090332 38.4640007019043 38.6986083984375 38.6584930419922 38.2453689575195 38.0002250671387 38.1576194763184 38.0209274291992 38.0808029174805 38.1913566589355 38.0836601257324 38.0492897033691 38.261646270752 38.4539985656738 37.937427520752 37.8469390869141 38.2780303955078 37.8481140136719 37.9303169250488 37.8720970153809 37.9058151245117 37.6429481506348 36.503116607666 35.9100494384766 35.4279403686523 36.7709426879883 37.1780738830566 37.0049667358398
35.1731033325195 34.0862350463867 34.0356521606445 34.1287155151367 34.2449913024902 34.1084136962891 34.1188011169434 34.6023597717285 34.273998260498 33.5838508605957 34.5780830383301 34.9718780517578 35.1232604980469 34.566234588623 34.5768814086914 35.4738807678223 36.5352745056152 37.5932579040527 37.6495399475098 38.2626495361328 38.5952911376953 38.5911979675293 38.1959648132324 37.986686706543 37.3472213745117 37.7614326477051 38.1459465026855 38.2452583312988 38.4103317260742 38.3969421386719 38.5058174133301 38.4377136230469 38.3887367248535 38.3891181945801 38.3302192687988 38.1044425964355 37.3427391052246 37.7857971191406 37.9103546142578 37.8454399108887 37.7772789001465 36.7692832946777 36.6209144592285 37.6095428466797 37.8041343688965 37.7477836608887
35.237720489502 34.3377799987793 34.0218544006348 33.9478988647461 34.1294250488281 33.9491920471191 34.5458679199219 35.9797554016113 35.2071647644043 34.5918846130371 36.2006378173828 36.7572898864746 36.4219512939453 34.7123985290527 35.059009552002 35.1385688781738 36.7624969482422 36.8008422851562 36.6807708740234 37.4002990722656 38.2775344848633 38.4395484924316 38.16357421875 38.1381072998047 38.0163993835449 37.7266387939453 37.7650604248047 37.8594627380371 38.3812942504883 38.3325386047363 38.365966796875 38.193431854248 38.331413269043 38.4270935058594 38.1732788085938 38.124885559082 37.5734519958496 37.6475219726562 37.8362693786621 37.6828079223633 37.977855682373 37.954704284668 37.8511810302734 37.8598289489746 37.9232368469238 37.7870254516602
35.0001945495605 34.4037857055664 34.2055053710938 34.3609085083008 34.2932891845703 34.364330291748 34.7357292175293 36.5832023620605 36.7278137207031 35.5662612915039 37.2269058227539 37.988883972168 37.3843841552734 36.3582153320312 36.2822647094727 36.768123626709 37.3050231933594 37.661678314209 37.898551940918 38.1233749389648 38.2666130065918 38.0378646850586 36.9589347839355 37.1663398742676 37.5657577514648 37.243724822998 37.3928604125977 38.0411033630371 38.3179092407227 38.4583206176758 37.5814628601074 37.5448226928711 38.1635704040527 38.3780822753906 37.9735946655273 37.9618110656738 37.3153190612793 37.6944618225098 37.8287506103516 37.6892623901367 38.0225410461426 38.0654716491699 38.0603294372559 38.0331230163574 37.9623756408691 37.6731910705566
35.0378227233887 34.6677589416504 34.6196479797363 34.7468299865723 34.9092674255371 35.0172996520996 35.7239799499512 37.192440032959 37.0799713134766 36.6637535095215 37.8119964599609 38.6977081298828 38.0123748779297 37.0649261474609 36.6020889282227 37.9785537719727 38.249080657959 38.396842956543 38.5396118164062 38.5396728515625 38.1756820678711 37.9470367431641 38.0119552612305 37.5554237365723 37.7994804382324 38.1430015563965 38.2928657531738 38.3336906433105 38.4789924621582 38.4005470275879 37.0992469787598 37.6409111022949 38.282039642334 38.1965141296387 37.8329010009766 37.7659378051758 37.6162528991699 37.9928817749023 37.9906349182129 37.9721527099609 37.9153594970703 38.0208625793457 38.0346565246582 38.0177726745605 37.9324645996094 37.8589935302734
35.0104522705078 34.7366104125977 35.2151031494141 35.8768653869629 35.9646110534668 36.3554649353027 37.2697944641113 37.7659111022949 37.2492179870605 37.5522651672363 38.6922035217285 39.0870590209961 38.6194152832031 37.7706527709961 37.1338653564453 37.9637260437012 37.9430503845215 38.1624641418457 38.7360496520996 38.8776092529297 38.6017684936523 38.3090744018555 38.559741973877 38.3838081359863 38.2580986022949 38.6044845581055 38.5006637573242 38.4131622314453 38.5978546142578 38.3937606811523 37.8691062927246 38.2205238342285 38.3371505737305 38.0699234008789 37.311408996582 37.2454872131348 37.4745101928711 38.020191192627 37.7639808654785 37.7216682434082 37.7038345336914 37.9084968566895 37.8676300048828 37.8911361694336 37.7487449645996 37.8200912475586
35.0711784362793 35.2294044494629 36.2282257080078 36.8628273010254 37.4447441101074 38.2144813537598 38.7233924865723 38.1334953308105 36.5234832763672 37.0404739379883 38.2685775756836 39.1384239196777 38.7685127258301 38.4750900268555 37.7247543334961 38.4947090148926 38.5962982177734 38.0791206359863 38.6852722167969 38.9441833496094 38.8677749633789 38.494945526123 38.7441177368164 38.8058662414551 38.6592025756836 38.7000541687012 38.5278053283691 37.9006271362305 38.5184288024902 38.6090850830078 38.5062713623047 38.3944702148438 38.116828918457 37.8235397338867 37.1406211853027 37.1497611999512 37.714900970459 37.6385803222656 37.5008010864258 37.3292846679688 37.4076232910156 37.6197052001953 37.4411392211914 37.6962776184082 37.3093414306641 37.5761070251465
