inst/extdata/Tmax/Tmax123.asc
NCOLS 100 
NROWS 79 
XLLCORNER 148.06 
YLLCORNER -21.49 
CELLSIZE 0.01 
NODATA_value -3.4e+38 
[rows 40 to 59 of 79, columns 0 to 45 of 100]
43.832717895507798 43.5421752929688 43.5625228881836 43.5792999267578 43.4536972045898 43.5454635620117 43.4688911437988 43.2688636779785 42.811450958252 43.2014656066895 43.7698669433594 44.0227127075195 44.0396957397461 44.0693473815918 44.1111488342285 43.9098281860352 43.6311225891113 43.3001403808594 42.7546081542969 43.1926727294922 43.1686820983887 43.0350875854492 42.9629173278809 42.5825614929199 41.7296485900879 41.1011009216309 40.878360748291 40.957405090332 41.0566329956055 40.4363136291504 39.8036689758301 40.184700012207 41.3735694885254 41.1079635620117 40.8537940979004 41.1492080688477 41.0338134765625 40.7205429077148 40.5028457641602 40.0672988891602 40.0173606872559 39.1616096496582 38.6007423400879 38.5861206054688 38.329776763916 38.1663856506348
43.9798545837402 43.5788726806641 43.4535980224609 43.5390472412109 43.4310302734375 43.4947814941406 43.4694213867188 43.3572387695312 43.1111640930176 43.2131004333496 43.5126419067383 43.7982177734375 43.9886856079102 44.1210975646973 44.1442604064941 43.9975357055664 43.691333770752 43.2230834960938 42.9010276794434 43.0201416015625 43.0263175964355 42.7772254943848 42.9254722595215 42.6550140380859 42.0246505737305 41.5425872802734 40.9208641052246 40.8338241577148 41.0235939025879 40.5966033935547 40.1777038574219 40.7530670166016 41.3790626525879 40.6619338989258 39.9613723754883 40.6757507324219 40.6864280700684 40.8712501525879 40.8243865966797 40.5961227416992 40.4729919433594 39.7566795349121 38.4100036621094 38.284797668457 38.3476142883301 38.3003044128418
43.8593826293945 43.7786254882812 43.5700912475586 43.445426940918 43.4909057617188 43.4991455078125 43.4467163085938 43.3984718322754 43.3537826538086 43.296443939209 43.3294639587402 43.7344169616699 44.006721496582 44.1191139221191 44.1161346435547 44.0591812133789 43.820629119873 43.5173377990723 43.296459197998 43.2377510070801 43.1440887451172 42.5155296325684 42.4357452392578 42.6268157958984 42.6360931396484 42.2160873413086 41.3674659729004 41.0438499450684 40.9577827453613 40.732349395752 39.857551574707 40.8565711975098 40.8968734741211 39.8605499267578 39.062427520752 39.9274406433105 39.8976440429688 40.5030174255371 40.6466674804688 40.3536148071289 40.1238746643066 40.1382904052734 39.5617599487305 39.3440093994141 39.7308082580566 40.6452522277832
43.5545349121094 43.6125679016113 43.589183807373 43.5727157592773 43.5881538391113 43.5688934326172 43.5057067871094 43.4450454711914 43.4833908081055 43.4428176879883 43.4379081726074 43.7787551879883 43.9862594604492 44.108512878418 44.1122360229492 44.1111679077148 43.9824333190918 43.7772636413574 43.5111427307129 43.5300407409668 43.3569374084473 43.0887184143066 42.452033996582 42.1098442077637 42.7146339416504 42.5058479309082 42.0946617126465 41.6340103149414 41.3055114746094 41.1275825500488 40.3558883666992 40.2441139221191 40.9000015258789 40.409538269043 39.7829551696777 39.3277893066406 39.3832130432129 39.6115303039551 39.8197059631348 39.5839576721191 39.1366920471191 39.7948837280273 39.3668060302734 40.2513275146484 41.8485336303711 42.3672409057617
43.284610748291 43.4310417175293 43.4017333984375 43.3909339904785 43.5524520874023 43.646053314209 43.6405754089355 43.5764045715332 43.6194343566895 43.6485977172852 43.7886390686035 43.8785781860352 43.9797134399414 44.0551834106445 44.0945129394531 44.1263427734375 44.0611190795898 43.9181976318359 43.7635383605957 43.7047271728516 43.5723686218262 43.4084625244141 43.1213264465332 42.9129257202148 42.7362213134766 42.2982864379883 42.4960784912109 42.3705291748047 42.0591163635254 41.4085502624512 40.8204689025879 40.7823028564453 41.0693664550781 41.210823059082 40.9214363098145 39.7996025085449 38.489803314209 38.4463005065918 38.5405120849609 38.8559761047363 38.729175567627 39.2280426025391 38.7623901367188 39.5516815185547 41.1879959106445 42.4043655395508
43.308650970459 43.3393440246582 43.1829605102539 43.067813873291 43.2510757446289 43.4467926025391 43.6323432922363 43.7296028137207 43.7781753540039 43.8488426208496 43.8980903625488 43.7957534790039 43.5793533325195 43.9029006958008 44.0908813476562 44.1183929443359 44.080436706543 44.0064697265625 43.9101867675781 43.8367004394531 43.7396812438965 43.608699798584 43.5425987243652 42.9785308837891 42.6456565856934 42.5607299804688 42.6005897521973 42.4322052001953 42.2446632385254 41.7562789916992 40.5713768005371 40.7357711791992 41.0138511657715 41.0608024597168 41.1396865844727 40.2822952270508 39.0126686096191 38.771240234375 38.7941932678223 39.2062759399414 38.6248016357422 38.9413833618164 39.3127212524414 39.5963745117188 40.4092025756836 41.4656829833984
43.1803970336914 43.1243515014648 43.1231079101562 43.042610168457 42.9382820129395 42.9829559326172 43.4234924316406 43.5285148620605 43.629077911377 43.6335220336914 43.8200149536133 43.8819808959961 43.6433258056641 43.862174987793 44.0493469238281 44.1032943725586 44.0728874206543 43.9997634887695 43.9477386474609 43.8953323364258 43.8122711181641 43.7154426574707 43.608829498291 43.1680335998535 42.4020690917969 42.4890670776367 42.6133842468262 42.3940238952637 42.3323554992676 42.1822547912598 41.4292411804199 41.0941314697266 40.7468338012695 40.9790344238281 41.0937919616699 40.6391677856445 39.6036720275879 39.8626136779785 39.3444366455078 40.004020690918 39.4613151550293 39.5790939331055 39.6807708740234 39.771484375 39.7537078857422 39.5644454956055
43.601863861084 42.9633407592773 42.8780479431152 42.817554473877 42.782829284668 42.8923606872559 43.1629219055176 43.1097030639648 43.3330001831055 43.3670806884766 43.4297981262207 43.4600143432617 43.6175537109375 43.8583221435547 44.0125503540039 44.1014709472656 44.0550804138184 43.9355850219727 43.7599296569824 43.6573028564453 43.7587890625 43.5599822998047 43.5592727661133 43.4840431213379 43.0583534240723 42.9537010192871 42.9314613342285 42.7366104125977 42.5677947998047 42.3493881225586 41.7018203735352 41.3311500549316 40.6505165100098 41.0081748962402 41.035816192627 40.805980682373 40.3686676025391 40.5688705444336 40.3070678710938 40.5232429504395 40.2646293640137 40.0382995605469 39.8912734985352 39.7380905151367 39.4032669067383 39.1698760986328
44.2537155151367 43.4865226745605 42.7592544555664 42.6071090698242 42.7232131958008 42.8912925720215 42.8008041381836 42.7900428771973 43.0993499755859 43.3653831481934 43.4207344055176 43.3750534057617 43.5742568969727 43.8385734558105 44.0395355224609 44.0842933654785 44.0549583435059 43.9780426025391 43.8115081787109 43.5946273803711 43.6417617797852 43.5581550598145 43.4703407287598 43.5696678161621 43.4555473327637 43.3429527282715 43.0506973266602 42.8563804626465 42.7593955993652 42.4773406982422 42.1026420593262 41.6421737670898 40.8193969726562 40.952262878418 40.9117546081543 40.9552383422852 40.8329238891602 40.7943801879883 40.6740570068359 40.4895401000977 39.7239456176758 39.5322761535645 39.7103691101074 39.4549751281738 39.3164253234863 38.9753112792969
44.4902725219727 44.0024032592773 43.2063217163086 42.6470794677734 42.6251258850098 42.6065902709961 42.6068572998047 42.9265289306641 43.1398010253906 43.031307220459 43.5944175720215 43.7735786437988 43.857551574707 43.933952331543 44.0069274902344 44.0665969848633 44.0362358093262 43.9749870300293 43.867259979248 43.7245674133301 43.6141700744629 43.5162048339844 43.3331642150879 43.3528099060059 43.4851379394531 43.4537239074707 43.2181205749512 42.715518951416 42.2444496154785 42.4741554260254 42.1830062866211 41.8661804199219 41.0997428894043 40.8064422607422 40.5955543518066 40.8683128356934 40.9112854003906 40.8046760559082 40.7515983581543 40.4469375610352 39.7808494567871 39.3706398010254 39.5322341918945 39.1701812744141 39.0754203796387 38.9776496887207
44.481689453125 44.2949485778809 43.8711814880371 43.2775001525879 42.7583923339844 42.4588737487793 42.5867347717285 42.8807830810547 42.91259765625 43.1861534118652 43.7083511352539 43.8884162902832 43.9879837036133 44.0652122497559 44.0674438476562 44.0741424560547 43.933162689209 43.9280433654785 43.9171600341797 43.8300933837891 43.7134666442871 43.53466796875 43.3407936096191 43.2502288818359 43.3310356140137 43.3505706787109 43.3494110107422 43.1274795532227 42.8564872741699 42.7072067260742 42.1919784545898 42.0086441040039 41.2152442932129 40.8172378540039 40.2219581604004 40.6558418273926 40.7467002868652 40.7255630493164 40.7587585449219 40.5720024108887 40.0691528320312 39.8760070800781 39.7697067260742 39.5545959472656 39.2344818115234 39.0547752380371
44.449390411377 44.3892517089844 44.1487083435059 43.5227394104004 42.9608879089355 42.6813011169434 42.6142730712891 42.6851272583008 42.4404716491699 42.5787658691406 43.3726234436035 43.7110328674316 43.8593597412109 44.0288696289062 44.0902099609375 44.0409736633301 43.9330368041992 43.9166374206543 43.8692436218262 43.8424453735352 43.7402648925781 43.6098327636719 43.4994773864746 43.2983703613281 43.1762962341309 43.1042785644531 43.0332450866699 43.1215744018555 42.902759552002 42.9917602539062 42.9947242736816 42.2445678710938 41.6801872253418 41.2484130859375 40.7709503173828 40.8796043395996 40.806568145752 40.6285438537598 40.7461395263672 40.6395568847656 40.1610908508301 39.974666595459 39.8536567687988 39.6659660339355 39.1865844726562 38.9934310913086
44.2890472412109 44.3289184570312 44.1897964477539 43.2799797058105 42.5106582641602 42.4761123657227 42.5494995117188 42.4098472595215 42.1561317443848 42.2762222290039 43.3094100952148 43.7115821838379 43.8950119018555 44.0468368530273 44.0415573120117 43.9826469421387 43.934886932373 43.8669700622559 43.8137245178223 43.7926635742188 43.7845993041992 43.6984329223633 43.53857421875 43.3408012390137 43.1247177124023 42.9638633728027 42.9032859802246 42.8458366394043 42.8235816955566 42.7129020690918 42.8675689697266 42.7163848876953 42.1882514953613 41.6074600219727 41.1848526000977 41.4815330505371 41.3987731933594 40.9418563842773 40.7439155578613 40.7921028137207 40.6251945495605 40.3476257324219 40.0408134460449 39.7940292358398 39.4601402282715 39.0798645019531
44.1110610961914 44.1450004577637 44.2371368408203 43.8329811096191 42.8854827880859 42.5484771728516 42.8583946228027 42.3731727600098 42.2145462036133 42.2852592468262 43.2816200256348 43.8050079345703 43.9841003417969 44.0524559020996 43.9745864868164 43.8750152587891 43.8333473205566 43.8410453796387 43.7960395812988 43.6856346130371 43.7127723693848 43.7331314086914 43.5897254943848 43.4369125366211 43.2453346252441 43.0836029052734 42.7307968139648 42.5423316955566 42.2058372497559 42.5052185058594 42.3381233215332 42.7949371337891 42.8177719116211 42.4906311035156 42.0281677246094 42.0411758422852 41.6690254211426 41.3288154602051 41.0279388427734 41.3581809997559 40.9578628540039 40.6693420410156 40.5075225830078 40.3622131347656 40.0878257751465 39.9327239990234
43.9948844909668 43.9368476867676 44.0976409912109 44.099365234375 43.6854209899902 43.4557647705078 43.3745307922363 43.0344657897949 42.832649230957 42.832893371582 43.0002593994141 43.3416595458984 43.9144325256348 44.0176277160645 43.8957557678223 43.8042030334473 43.7602844238281 43.7901458740234 43.7404441833496 43.6673278808594 43.6705627441406 43.7238540649414 43.6641883850098 43.4897422790527 43.3761940002441 43.1952514648438 42.8655433654785 42.6541175842285 42.262580871582 42.4549674987793 41.8656234741211 42.218376159668 42.411003112793 42.4138565063477 42.5054550170898 42.3792419433594 42.0705146789551 41.9238510131836 41.5003662109375 41.0285186767578 40.9452972412109 40.9526443481445 40.7165336608887 40.5197677612305 40.4988250732422 40.3484725952148
44.0741767883301 44.0366554260254 44.0750503540039 44.0935478210449 43.977352142334 43.4177055358887 43.3966865539551 43.4443092346191 43.2341842651367 43.1842193603516 43.4019317626953 43.6945114135742 43.9655418395996 44.0123481750488 43.9109077453613 43.7359657287598 43.7478637695312 43.7301635742188 43.542308807373 43.5104713439941 43.6118431091309 43.6425590515137 43.6709823608398 43.5698432922363 43.4487152099609 43.299690246582 43.088191986084 42.8433685302734 42.6784324645996 42.5210456848145 42.1242980957031 41.7616195678711 41.8684387207031 41.8195877075195 42.204216003418 41.9206390380859 42.1248550415039 41.8958282470703 41.5567474365234 41.1656188964844 40.9375915527344 40.7034492492676 40.247688293457 39.689380645752 40.2081985473633 40.3669319152832
44.1708374023438 44.1177177429199 44.084659576416 44.0619583129883 43.9168167114258 43.1913757324219 42.9716911315918 43.3577728271484 43.2458267211914 42.9444618225098 43.1980094909668 43.7597999572754 43.97705078125 43.9885864257812 43.8994407653809 43.7235832214355 43.6812019348145 43.4905319213867 43.2534866333008 43.3636932373047 43.6072692871094 43.5796241760254 43.6322174072266 43.6079788208008 43.4488105773926 43.3775177001953 43.1833343505859 42.9195671081543 42.8263244628906 42.6101760864258 42.2283325195312 41.5841217041016 41.2950439453125 41.4103317260742 41.8096237182617 41.9190139770508 41.5483093261719 41.2177772521973 41.3809471130371 41.3026313781738 40.9774742126465 40.7277336120605 40.2262229919434 39.455940246582 39.8585624694824 40.1859092712402
44.2152328491211 44.1477355957031 44.0987701416016 44.0596656799316 44.0139198303223 43.6998138427734 43.2634429931641 43.0315437316895 43.0263862609863 42.8205871582031 43.245288848877 43.768741607666 43.9566688537598 43.951343536377 43.8632278442383 43.6905059814453 43.5125923156738 43.324577331543 43.2112846374512 43.432804107666 43.5282363891602 43.550106048584 43.5035705566406 43.5731010437012 43.5059089660645 43.412654876709 43.2300415039062 42.9825592041016 42.8610954284668 42.6718254089355 42.2897987365723 42.0729141235352 41.646728515625 41.4602279663086 41.3953399658203 41.515266418457 41.720027923584 41.568790435791 41.2275466918945 41.0284690856934 40.8289108276367 40.6123657226562 40.3713607788086 40.0652847290039 39.4588279724121 39.7156066894531
44.2545967102051 44.1741104125977 44.1240882873535 44.1025733947754 44.0270156860352 43.8285522460938 43.546459197998 43.0135726928711 42.9044380187988 43.0634346008301 43.4677429199219 43.8054161071777 43.9266052246094 43.9066581726074 43.7806663513184 43.6236419677734 43.3320808410645 43.2513847351074 43.3350715637207 43.3474769592285 43.4597702026367 43.377571105957 43.2077178955078 43.4105033874512 43.5471687316895 43.4285621643066 43.2074356079102 43.0636405944824 42.9316787719727 42.8229866027832 42.6376724243164 42.4086685180664 42.1177940368652 42.0529556274414 41.7451362609863 41.4235153198242 41.4810447692871 41.5328903198242 41.3094139099121 41.1574516296387 41.0152816772461 40.7665100097656 40.195930480957 39.8283386230469 39.9333114624023 39.937385559082
44.2613639831543 44.2346038818359 44.1791954040527 44.1364402770996 44.0272941589355 43.9201698303223 43.7967224121094 43.4673004150391 43.038158416748 43.1141166687012 43.2495384216309 43.4857330322266 43.7233543395996 43.7512855529785 43.6866493225098 43.5528030395508 43.3402976989746 43.2175559997559 43.107666015625 43.1335792541504 43.3254089355469 43.2990875244141 43.0755233764648 43.4049491882324 43.5684700012207 43.4592628479004 43.2871322631836 43.1426849365234 43.0609741210938 42.9467811584473 42.8267288208008 42.6024703979492 42.3030815124512 42.4688949584961 42.3373069763184 41.9896545410156 41.5526428222656 41.4367027282715 41.5301513671875 41.8822364807129 41.1969757080078 40.9177017211914 40.5386581420898 39.8976974487305 39.8196487426758 39.6945419311523
