inst/extdata/Tmax/Tmax19.asc
NCOLS 100 
NROWS 79 
XLLCORNER 148.06 
YLLCORNER -21.49 
CELLSIZE 0.01 
NODATA_value -3.4e+38 
[rows 40 to 59 of 79, columns 46 to 91 of 100]
24.1050357818604 25.4808902740479 25.1130828857422 25.8783836364746 27.936351776123 27.7479362487793 27.63600730896 25.7008953094482 25.4352722167969 25.962703704834 27.4708728790283 29.200569152832 29.7389183044434 29.1949253082275 28.5350112915039 30.1606922149658 31.0626316070557 30.546028137207 31.5813045501709 31.5313739776611 30.8720722198486 31.5871524810791 29.3852615356445 28.1755447387695 29.601224899292 30.5155944824219 31.0534534454346 30.2753143310547 30.0585460662842 30.185173034668 29.801586151123 30.9124050140381 29.6958637237549 26.8878917694092 28.5084667205811 32.8101768493652 31.1556301116943 29.5916614532471 27.3947830200195 26.7671451568604 26.2796077728271 29.0800113677979 29.4196014404297 28.8113288879395 30.1177635192871 27.3316097259521
25.3419857025146 25.3964004516602 26.7965660095215 28.14577293396 28.6202125549316 27.9333000183105 27.4748992919922 27.3131141662598 28.5939636230469 28.8339538574219 31.4409236907959 30.1612606048584 29.9500675201416 29.6366119384766 29.0705242156982 31.0029048919678 31.1163330078125 30.9351577758789 31.9855003356934 32.2548942565918 30.1475257873535 30.5627212524414 26.8534030914307 32.6137619018555 33.7922782897949 29.3089714050293 31.2247638702393 30.2704257965088 30.4596977233887 29.5791168212891 30.1623439788818 30.7075443267822 30.5580387115479 29.6798229217529 30.070219039917 32.0695838928223 30.3463153839111 29.7679672241211 29.4650001525879 29.1364860534668 28.769645690918 28.2671737670898 29.582893371582 29.2397480010986 29.1939487457275 28.6487903594971
26.5455284118652 27.5325317382812 27.4196548461914 29.3277015686035 34.3444328308105 31.7349147796631 29.3139610290527 28.6529598236084 29.6903381347656 31.3044452667236 31.4384517669678 30.9821643829346 31.2604999542236 30.8195133209229 32.5552978515625 31.0849075317383 30.9293441772461 30.5872497558594 31.0082740783691 31.7249298095703 30.7884120941162 30.3493404388428 30.037540435791 34.0844116210938 27.4891872406006 34.1393699645996 33.3343658447266 29.1727199554443 28.5217151641846 31.0752792358398 30.749979019165 31.0652484893799 30.3348827362061 29.689624786377 30.0730514526367 28.8939819335938 29.1101589202881 28.492244720459 28.4809684753418 28.9199085235596 30.0799217224121 30.1722526550293 30.5040111541748 29.1646823883057 31.1659679412842 31.1020030975342
29.8748378753662 30.6326332092285 30.7562255859375 30.8649063110352 31.5504131317139 31.0397262573242 30.7013511657715 30.323356628418 30.6340084075928 30.9912300109863 31.6683406829834 31.6762142181396 31.8734149932861 31.7748985290527 31.2505912780762 30.8000583648682 30.4556941986084 30.6539878845215 31.3560657501221 28.9457588195801 31.1950931549072 31.2343978881836 31.0524120330811 30.3721446990967 29.8158569335938 31.6021900177002 30.7954750061035 30.2762565612793 30.8765773773193 32.5837707519531 31.9451885223389 32.3804664611816 30.1633720397949 29.5531463623047 29.3818473815918 31.9100437164307 31.4011516571045 29.4234237670898 30.3461151123047 31.402587890625 32.0017585754395 31.1413021087646 29.5666027069092 33.7912330627441 31.3361167907715 29.3075466156006
29.7259197235107 29.8724365234375 29.8153591156006 30.1637935638428 31.7152633666992 32.3580169677734 31.7451496124268 30.9071083068848 31.2763843536377 30.9516830444336 30.6707935333252 30.6275119781494 30.2225093841553 30.1023559570312 29.9183006286621 30.4839305877686 28.8618717193604 29.6982326507568 30.7181911468506 31.0695877075195 32.0136413574219 32.6494293212891 32.404899597168 31.4685611724854 29.3054943084717 29.7340106964111 30.1196422576904 30.5904865264893 32.8007392883301 33.1230545043945 31.7568378448486 30.4937896728516 29.4203968048096 30.1088676452637 29.7502498626709 31.7722778320312 30.4536437988281 29.275089263916 30.5314922332764 29.0152053833008 29.6332855224609 31.1902408599854 31.5974559783936 31.5449314117432 34.423282623291 31.3004856109619
25.9697761535645 27.404224395752 28.9311218261719 27.2309608459473 28.8600482940674 29.4938297271729 29.3243274688721 29.610164642334 29.9076900482178 30.0290279388428 27.0615100860596 27.2313365936279 27.3866996765137 25.6996726989746 26.5884647369385 27.5288925170898 29.8435974121094 30.0090789794922 29.9353408813477 30.0427169799805 31.8196582794189 31.6186428070068 30.9933567047119 30.9815731048584 31.0494823455811 31.4976234436035 31.4546012878418 31.4103107452393 31.0211238861084 31.1959686279297 30.8319568634033 31.9657917022705 32.8129539489746 33.2730674743652 31.2400684356689 30.9718284606934 30.4488334655762 30.275728225708 30.2360038757324 29.9405117034912 29.7720203399658 30.8250598907471 30.9814834594727 29.6660232543945 31.9644660949707 34.3003234863281
24.2413959503174 25.6297054290771 25.2264213562012 24.9936122894287 26.008674621582 26.3708152770996 26.5185432434082 27.0761699676514 27.5914649963379 26.8761825561523 26.5539569854736 25.9581336975098 26.234733581543 26.1072444915771 26.3849143981934 27.5498313903809 30.1973342895508 29.9410934448242 29.2778453826904 31.1662769317627 31.6032428741455 32.004150390625 31.1144504547119 30.432580947876 33.0602493286133 33.1965065002441 32.2110328674316 31.4617290496826 30.5041370391846 30.399585723877 31.5899181365967 31.396541595459 30.8229084014893 31.1337127685547 31.406156539917 34.0117607116699 30.7968788146973 30.9679088592529 29.8675422668457 29.7212390899658 29.6848773956299 32.3131713867188 30.3231906890869 33.1773262023926 31.7714862823486 31.2189807891846
24.6002826690674 24.532735824585 24.421989440918 24.5126132965088 24.3763256072998 24.7422504425049 25.736988067627 26.7091369628906 26.9599227905273 26.7604160308838 27.3186359405518 26.7151031494141 26.7472400665283 28.1518077850342 28.8643188476562 30.3028202056885 30.9194583892822 30.820291519165 30.9473438262939 32.3061676025391 34.9925384521484 32.6933937072754 30.6110649108887 31.6605663299561 32.9128646850586 32.4811935424805 31.7949066162109 34.6850891113281 31.8086032867432 32.0450592041016 32.053150177002 29.4897727966309 29.3362655639648 29.66037940979 29.4304752349854 29.418384552002 30.8114261627197 29.8004474639893 28.8860340118408 32.6267890930176 32.3618927001953 34.3105545043945 30.8737754821777 32.9709968566895 32.7115516662598 32.6477584838867
24.395486831665 26.3828773498535 24.7052574157715 24.3426074981689 24.2509422302246 24.2036094665527 24.3262176513672 26.3336696624756 27.0221519470215 27.1536617279053 27.0612182617188 27.0951328277588 32.3548927307129 33.413143157959 33.895378112793 30.2021636962891 32.0309753417969 28.3733615875244 33.9975433349609 33.8577117919922 33.5361442565918 33.7829513549805 33.1404342651367 32.6968536376953 32.3908729553223 30.4720077514648 31.6376457214355 32.7576484680176 34.8887634277344 34.1466102600098 33.873104095459 34.6136360168457 33.7023582458496 29.7314605712891 30.6861686706543 35.0617637634277 34.2159309387207 31.1863288879395 30.980052947998 30.7808132171631 28.8453788757324 29.3612022399902 29.9725971221924 30.8698310852051 30.0053119659424 30.631778717041
26.2923889160156 26.9600658416748 28.1464939117432 25.2232627868652 24.710241317749 25.4985866546631 25.3026657104492 26.2401523590088 26.5339164733887 27.089599609375 31.41086769104 32.9314956665039 34.0639419555664 34.0886917114258 34.5601654052734 27.7036323547363 30.8648853302002 27.9176940917969 28.1749744415283 30.6577320098877 30.6253814697266 34.8368873596191 31.221752166748 32.0784072875977 31.7892169952393 30.895694732666 32.8381385803223 32.9236602783203 33.389347076416 33.4267158508301 33.1833572387695 31.5473518371582 29.873556137085 30.384449005127 31.0339107513428 35.2222709655762 35.1724472045898 31.977014541626 30.8121109008789 30.6438827514648 30.6125659942627 29.5779819488525 30.7498798370361 29.3360824584961 30.3154811859131 30.9548892974854
29.6789646148682 26.4611148834229 29.4248752593994 24.3825550079346 24.4537601470947 25.6839046478271 25.8703079223633 26.5630359649658 27.1796684265137 27.6298179626465 27.62131690979 27.809720993042 32.4408264160156 33.1129989624023 33.7227516174316 27.639778137207 30.0963325500488 30.0031929016113 26.8531932830811 30.5223350524902 28.0610904693604 33.7443962097168 31.3189105987549 32.8322792053223 31.2289047241211 32.2066497802734 31.1998462677002 30.8188095092773 33.816593170166 33.488353729248 32.8775749206543 32.3556976318359 32.0175628662109 30.2251605987549 31.0499324798584 33.4599876403809 34.7964820861816 32.9084434509277 31.7915363311768 32.2924919128418 30.8401260375977 29.712760925293 29.7768478393555 28.8961524963379 30.3477420806885 31.1426544189453
25.1565475463867 23.7585258483887 24.2428283691406 23.3711853027344 23.3453502655029 24.852087020874 25.6703224182129 26.7662467956543 27.103343963623 27.3324604034424 27.5251731872559 27.1666259765625 27.1007804870605 26.6499099731445 27.0959377288818 30.2414951324463 27.9664249420166 30.7496776580811 27.6070556640625 29.9842586517334 29.8019256591797 30.6128330230713 33.6477355957031 34.3682594299316 31.534351348877 31.6960277557373 32.4082946777344 30.6071796417236 30.9315700531006 34.3374519348145 32.7881355285645 32.1150016784668 31.4948177337646 29.8313999176025 29.7074565887451 31.3567504882812 31.7298812866211 31.5602798461914 30.9636611938477 29.2762145996094 32.8921432495117 29.1933002471924 28.9076690673828 28.5660057067871 28.5831890106201 29.873628616333
23.5217514038086 29.2062759399414 29.9598331451416 23.5759239196777 23.5202960968018 24.3365135192871 25.0424880981445 25.875186920166 26.346040725708 26.6394462585449 26.9859867095947 26.8035507202148 26.8145198822021 27.207462310791 27.5161228179932 27.9029693603516 30.558744430542 30.9666614532471 30.856803894043 31.3419208526611 29.8279933929443 30.9136543273926 32.4265174865723 34.4817543029785 32.3147659301758 33.0911254882812 33.071891784668 33.0464210510254 32.7687454223633 34.7413749694824 33.6495933532715 33.0934104919434 33.1483383178711 33.452335357666 30.5420360565186 29.5965404510498 30.7719478607178 28.2150497436523 29.7332572937012 30.029541015625 30.1046676635742 29.0725688934326 33.5456581115723 30.0189476013184 28.6046161651611 28.371395111084
24.2785129547119 23.5281143188477 29.3881816864014 24.1517124176025 24.2553157806396 25.1170902252197 24.9934787750244 25.6947994232178 26.7277698516846 27.1982593536377 27.4584274291992 27.545747756958 27.5817108154297 31.2572288513184 31.261926651001 28.2297782897949 27.9932041168213 28.1225490570068 28.1391639709473 30.9463996887207 30.4627323150635 30.6467990875244 28.1043663024902 29.244384765625 30.0747833251953 31.8202667236328 31.1868419647217 32.3108062744141 34.2875328063965 31.7910575866699 31.678804397583 30.7541332244873 31.1096858978271 31.9882774353027 30.3592510223389 29.9688510894775 27.950325012207 27.1923427581787 27.3898944854736 26.3338184356689 32.0497055053711 30.5846328735352 31.7308006286621 31.3415431976318 33.3191375732422 29.0789165496826
25.269998550415 24.3452987670898 23.9127578735352 24.3856239318848 24.8942527770996 25.7540264129639 25.8013896942139 26.0721950531006 26.2465972900391 26.8389549255371 26.867977142334 29.5999813079834 30.5141315460205 27.6900157928467 31.9971237182617 31.3714122772217 31.8266201019287 28.4146842956543 31.1948356628418 30.9949855804443 31.0291213989258 30.0816059112549 29.0095977783203 31.0356636047363 32.8641319274902 33.0160636901855 31.0901985168457 31.6088256835938 30.778133392334 32.6210746765137 32.8841285705566 31.5317668914795 32.7858085632324 30.6274890899658 33.121654510498 30.1310729980469 33.7356338500977 30.0488262176514 30.3978824615479 28.8877620697021 29.9911441802979 30.4875736236572 29.7718772888184 30.0480575561523 30.8985424041748 31.8853912353516
24.8487911224365 24.389123916626 24.0556583404541 25.2314796447754 25.7829074859619 26.2819690704346 26.8711757659912 27.180082321167 27.1175022125244 27.4432907104492 27.3381900787354 29.4996242523193 30.1557140350342 31.6949806213379 31.8744239807129 31.3619632720947 31.7477359771729 32.1356887817383 31.5338096618652 28.3934497833252 30.9600734710693 30.0812339782715 30.8365459442139 30.8862457275391 32.1419830322266 32.8556785583496 33.0886688232422 33.6501083374023 30.9694366455078 31.4329299926758 28.6901874542236 31.0412769317627 32.3651313781738 34.1781959533691 33.1559410095215 27.2695579528809 29.8367233276367 30.6597499847412 29.1367340087891 30.1169719696045 32.0588264465332 31.2542381286621 30.6101112365723 30.993465423584 30.5348453521729 30.3771572113037
24.8453731536865 24.1347618103027 23.5064563751221 24.7998752593994 25.9592666625977 26.3949394226074 25.7901840209961 27.0136451721191 26.656587600708 26.0811595916748 27.2112483978271 26.8615436553955 27.1894264221191 30.0490417480469 27.6992893218994 31.0268592834473 31.1408805847168 31.1280479431152 31.664794921875 29.670654296875 30.5582656860352 31.0408992767334 30.6027946472168 28.2661304473877 30.7623176574707 32.8905448913574 31.8819026947021 31.0563488006592 31.2511863708496 31.4129314422607 28.532621383667 26.6641578674316 27.5358276367188 30.5771732330322 26.6817512512207 26.4737358093262 30.7780818939209 30.0921783447266 30.8804702758789 29.6026096343994 31.8426876068115 33.0490226745605 29.411642074585 29.6809711456299 30.57590675354 31.180004119873
25.2525730133057 24.2469806671143 24.3217315673828 24.8490543365479 25.6474628448486 26.0571689605713 26.5139675140381 26.5221824645996 25.3912487030029 24.9562397003174 26.6611938476562 25.3937454223633 25.8501319885254 26.0740280151367 29.7148571014404 30.5611400604248 27.8902225494385 31.1341915130615 28.4926433563232 31.9392051696777 31.50758934021 31.8148002624512 31.3045482635498 30.9664878845215 30.1376152038574 31.3273468017578 32.148494720459 31.139347076416 30.4715175628662 32.0816993713379 30.2558937072754 27.7778949737549 30.9712867736816 30.1831188201904 24.5732192993164 28.975378036499 30.0074253082275 30.4302730560303 30.7503128051758 32.440372467041 30.3512859344482 32.7383003234863 30.4678554534912 30.6512107849121 30.133882522583 29.9901657104492
25.2570819854736 24.9553833007812 24.6792583465576 24.8065986633301 25.4431190490723 26.0703601837158 25.9939746856689 25.804759979248 25.1934642791748 26.1245880126953 26.2631683349609 25.1304130554199 25.3929538726807 25.5428066253662 26.7353534698486 27.0943470001221 30.8198051452637 27.9581165313721 31.2545776367188 31.5307884216309 31.3370895385742 31.6480350494385 29.8811683654785 31.3825645446777 30.6394519805908 30.7080249786377 30.4354572296143 31.5648174285889 29.7791862487793 29.6877136230469 31.3704051971436 31.1130924224854 27.6695289611816 29.652624130249 30.4003467559814 31.1770095825195 28.0473957061768 30.4859867095947 32.8465919494629 30.2082691192627 31.178165435791 30.2722606658936 30.7323932647705 32.5444221496582 32.0409507751465 29.7022457122803
24.6692523956299 24.596471786499 24.1635513305664 24.548376083374 25.0438365936279 24.8760242462158 25.5274600982666 25.9289741516113 26.2821235656738 26.3163623809814 26.2645492553711 26.4798641204834 29.6690063476562 30.4061603546143 30.2524948120117 27.0120487213135 27.6910591125488 31.4743976593018 28.8099365234375 30.9613780975342 31.2729301452637 31.8438472747803 31.9154396057129 31.2177028656006 31.4193305969238 30.3430442810059 30.7878894805908 30.656982421875 29.7972545623779 31.7208518981934 32.0537872314453 32.874568939209 29.2929592132568 30.2131595611572 30.1478157043457 25.9578914642334 28.8584308624268 31.5599174499512 33.4984016418457 28.2359504699707 30.5871200561523 30.7579212188721 30.0809001922607 28.8987865447998 30.3913707733154 31.0853900909424
