inst/extdata/Tmax/Tmax62.asc
NCOLS 100 
NROWS 79 
XLLCORNER 148.06 
YLLCORNER -21.49 
CELLSIZE 0.01 
NODATA_value -3.4e+38 
[rows 40 to 59 of 79, columns 46 to 91 of 100]
26.9042930603027 27.7762050628662 28.1593017578125 28.9600715637207 30.4274845123291 31.3292655944824 30.9011001586914 29.1737003326416 28.8396892547607 29.4605369567871 29.9352760314941 31.5350131988525 31.1905727386475 31.3933715820312 30.6346035003662 31.5672798156738 31.743335723877 31.4860363006592 31.5823860168457 31.6785202026367 31.7010898590088 30.855863571167 31.2184295654297 31.5138473510742 31.5992832183838 31.6549015045166 31.5697727203369 31.2307777404785 31.4007949829102 31.577823638916 31.5499172210693 31.4074687957764 31.1177387237549 29.9762706756592 30.229887008667 30.8523845672607 30.7694358825684 30.6841850280762 30.9011783599854 30.4001083374023 29.7273044586182 30.1660175323486 30.45458984375 30.2672710418701 30.5079040527344 30.5518360137939
28.0935592651367 29.1504364013672 29.0768070220947 29.0390682220459 30.4613571166992 31.5912666320801 30.5584297180176 30.2008972167969 30.7458877563477 30.8256397247314 31.1606559753418 31.8011512756348 31.7004261016846 31.7191028594971 31.5892601013184 31.875337600708 31.9149837493896 31.8588600158691 31.8235683441162 31.8460750579834 31.8391208648682 31.3718376159668 30.743803024292 31.071439743042 31.0041198730469 31.4494972229004 31.7257232666016 31.3063545227051 31.296272277832 31.6430835723877 31.6767101287842 31.5963916778564 31.4473857879639 30.9035816192627 31.1196784973145 31.1537857055664 30.9626235961914 30.9554977416992 31.0457897186279 31.1543426513672 30.285852432251 30.4906883239746 31.0388450622559 30.8616161346436 30.9781684875488 30.9273414611816
30.2752132415771 30.4381771087646 30.6040744781494 31.04052734375 31.3429584503174 31.789026260376 31.4009647369385 30.9189949035645 31.3904361724854 31.7583198547363 31.6845169067383 31.9724979400635 32.0064468383789 31.9382877349854 31.9165496826172 31.9955024719238 32.0085296630859 31.9903240203857 31.9646644592285 31.9576663970947 31.8873920440674 31.0540504455566 30.8775100708008 31.3281993865967 30.8661289215088 31.2718734741211 31.6649131774902 31.5773944854736 31.5258941650391 31.7469577789307 31.7690811157227 31.7534484863281 31.7155513763428 31.6124172210693 31.5219326019287 31.2274684906006 30.4043483734131 30.9388732910156 31.4085845947266 31.3988800048828 31.2791557312012 31.2228927612305 31.3214569091797 31.3464050292969 31.3758335113525 31.3283615112305
31.3887176513672 31.4086360931396 31.5288467407227 31.6622581481934 31.8769207000732 31.9555225372314 31.8741722106934 31.6658134460449 31.8237342834473 32.022705078125 32.0241813659668 32.071460723877 32.0546760559082 32.0238342285156 32.0438079833984 32.0211486816406 31.9655323028564 31.9462242126465 31.9764919281006 32.0041732788086 31.9730224609375 31.7576675415039 31.5354747772217 31.6906566619873 31.5728416442871 31.1782722473145 31.4333152770996 31.6702632904053 31.8025703430176 31.8185997009277 31.8169479370117 31.798698425293 31.7690696716309 31.7284526824951 31.7181224822998 31.5842590332031 31.1574764251709 31.427713394165 31.5794315338135 31.5593776702881 31.522331237793 31.5140533447266 31.4954204559326 31.5032691955566 31.501651763916 31.473653793335
31.2283763885498 31.4741897583008 31.7133846282959 31.7221279144287 31.7740459442139 31.8917961120605 31.9320278167725 31.9961585998535 32.0230827331543 31.9740180969238 31.7880783081055 31.8877277374268 31.8213005065918 31.5895709991455 31.7547206878662 31.8755397796631 31.7764263153076 31.876428604126 31.9601135253906 32.0028457641602 32.0215301513672 31.9001178741455 31.6235828399658 31.3955841064453 31.5945720672607 31.7446804046631 31.7843551635742 31.8186740875244 31.821756362915 31.8461227416992 31.8319244384766 31.8105030059814 31.7680130004883 31.7275924682617 31.7462177276611 31.6885738372803 31.6643371582031 31.6537837982178 31.5977077484131 31.5917186737061 31.562915802002 31.5448894500732 31.540958404541 31.5228652954102 31.4346942901611 31.4581317901611
29.5873832702637 30.3059463500977 30.6953258514404 30.8945999145508 31.233814239502 31.5446968078613 31.48828125 31.6713714599609 31.6708602905273 31.5249805450439 30.8279647827148 30.8433208465576 30.9164505004883 29.5529251098633 30.4318294525146 31.1350650787354 31.63108253479 31.9287300109863 32.007453918457 32.02734375 32.0388946533203 31.8753833770752 31.4887428283691 31.1591815948486 31.3994369506836 31.6314010620117 31.7430381774902 31.7280502319336 31.7812614440918 31.839168548584 31.8415622711182 31.8258457183838 31.8026504516602 31.7885932922363 31.7536945343018 31.6618003845215 31.6460189819336 31.6327781677246 31.600866317749 31.5871353149414 31.5534248352051 31.5391941070557 31.5236663818359 31.4728088378906 31.4605102539062 31.4807434082031
27.3937873840332 28.5610446929932 28.4737548828125 28.4461555480957 29.6671276092529 30.163366317749 30.2673587799072 30.51025390625 30.9296035766602 30.3618946075439 29.7433261871338 29.2127437591553 29.8258628845215 29.7090129852295 30.1201171875 31.1794700622559 31.7973976135254 31.9656963348389 31.9940013885498 31.9744968414307 32.0210990905762 32.0252723693848 31.6518936157227 31.3385715484619 31.2360019683838 31.4768371582031 31.6596813201904 31.7561645507812 31.8412170410156 31.8523006439209 31.868688583374 31.8618240356445 31.8475856781006 31.814302444458 31.7374286651611 31.6772155761719 31.6661491394043 31.6556529998779 31.6362609863281 31.6166667938232 31.5823230743408 31.571813583374 31.5622577667236 31.5270690917969 31.5140991210938 31.4180450439453
27.5163707733154 27.4535007476807 27.274974822998 27.3472499847412 27.2929077148438 28.0206050872803 29.1737976074219 29.7828330993652 29.9513168334961 29.8356761932373 30.3257083892822 30.1719188690186 30.0249099731445 30.5599956512451 30.8297710418701 31.6224842071533 31.8507099151611 31.873987197876 31.8166389465332 31.9226970672607 32.032787322998 32.0680313110352 31.9387969970703 31.6624946594238 31.2882347106934 31.5252685546875 31.6939678192139 31.8332672119141 31.8901042938232 31.9167938232422 31.9248390197754 31.8954105377197 31.8322410583496 31.7606201171875 31.7004261016846 31.6705532073975 31.6750316619873 31.6819229125977 31.6670780181885 31.6482696533203 31.6261234283447 31.6214637756348 31.6089019775391 31.5835857391357 31.4036731719971 31.2148532867432
27.1491832733154 27.2453365325928 27.4577560424805 27.1932926177979 27.1074199676514 27.2101726531982 28.013256072998 29.5376853942871 30.0348663330078 30.1990070343018 30.0458488464355 30.2183094024658 30.4876251220703 30.7545757293701 30.8080959320068 31.2915725708008 31.6326389312744 31.6309642791748 31.6233062744141 31.8897380828857 31.988733291626 31.9940719604492 32.0649681091309 31.9882431030273 31.8830528259277 31.8487930297852 31.9209976196289 31.9749755859375 31.9756050109863 31.9719295501709 31.9467506408691 31.8750076293945 31.7956600189209 31.6756858825684 31.63405418396 31.6767978668213 31.6796169281006 31.6898670196533 31.6986293792725 31.6802043914795 31.671838760376 31.6647415161133 31.6453762054443 31.627233505249 31.4852066040039 31.364049911499
27.2209529876709 27.3867988586426 27.4127597808838 27.1062393188477 27.5718460083008 28.3661079406738 28.4615211486816 29.6239204406738 30.0659580230713 30.2552719116211 30.0808448791504 30.5195274353027 30.7752933502197 30.7794227600098 30.8623867034912 30.7683219909668 30.8572978973389 31.0687370300293 31.4040031433105 31.719596862793 31.8108348846436 31.8155899047852 32.0255546569824 32.0639572143555 32.074520111084 32.0498085021973 32.022403717041 31.8688449859619 31.9184112548828 31.9724388122559 31.9377460479736 31.8253021240234 31.7818775177002 31.6059131622314 31.5431060791016 31.6945343017578 31.6905689239502 31.6708202362061 31.7179489135742 31.7189693450928 31.6952171325684 31.6947574615479 31.6768741607666 31.6443748474121 31.5730400085449 31.5074329376221
27.2561874389648 27.1459712982178 27.3549537658691 27.0852298736572 27.7020111083984 28.7438297271729 29.0661582946777 29.6109771728516 30.265604019165 30.6793079376221 30.6951122283936 30.8068828582764 30.8741188049316 30.9023036956787 30.8922157287598 30.8422870635986 30.9033603668213 30.6575908660889 30.336971282959 31.3757915496826 31.2776641845703 31.6626853942871 31.9550971984863 32.0052680969238 32.0463676452637 32.026683807373 31.9585247039795 31.7608013153076 31.8868427276611 31.9720439910889 31.8271007537842 31.6682872772217 31.6773891448975 31.6550407409668 31.6786994934082 31.7435474395752 31.7453136444092 31.7280864715576 31.7221527099609 31.7477531433105 31.738655090332 31.7174110412598 31.6889247894287 31.6523494720459 31.6089839935303 31.5269660949707
26.846565246582 26.8228302001953 27.1874160766602 26.5914554595947 26.7361183166504 28.6382369995117 29.3514347076416 29.9414291381836 30.2568340301514 30.519172668457 30.5753631591797 30.5815048217773 30.4001731872559 30.4020195007324 30.6494598388672 30.7692604064941 31.076753616333 31.0101089477539 30.8404426574707 30.87841796875 30.7374744415283 31.4485015869141 31.8121109008789 31.9648056030273 31.9688262939453 31.9767265319824 31.662914276123 31.3302745819092 31.8634872436523 31.9756641387939 31.731143951416 31.4528541564941 31.6719436645508 31.7110481262207 31.7331008911133 31.6992435455322 31.6923580169678 31.6913089752197 31.7062759399414 31.6919784545898 31.6922798156738 31.7140121459961 31.695499420166 31.6612892150879 31.6211280822754 31.5565395355225
26.5080795288086 26.3710346221924 26.818359375 26.7032012939453 26.7879962921143 27.7509517669678 28.7172298431396 29.3367519378662 29.789119720459 30.1281070709229 30.0791893005371 30.0146312713623 30.0757637023926 30.3405208587646 31.0223293304443 31.1172542572021 31.2859516143799 31.1973686218262 31.1220626831055 30.9674854278564 30.7482204437256 31.3480319976807 31.7497043609619 31.9194774627686 31.8623943328857 31.9390048980713 31.5933494567871 30.7499542236328 31.6504726409912 31.9654541015625 31.725212097168 31.5036296844482 31.6782894134521 31.6218223571777 31.5571422576904 31.576229095459 31.6163902282715 31.5562191009521 31.4805011749268 31.4601879119873 31.5518188476562 31.6253261566162 31.6945877075195 31.6710376739502 31.6337738037109 31.5892009735107
27.5652770996094 26.5827407836914 26.6875343322754 27.0715618133545 27.4350967407227 28.4637775421143 28.5256671905518 29.2683410644531 30.0164546966553 30.3283081054688 30.6536903381348 30.7525577545166 30.8766231536865 31.0846767425537 31.2578716278076 31.2971076965332 31.2519474029541 31.3197422027588 31.2881355285645 31.0737323760986 30.8926563262939 30.9118938446045 31.3942699432373 31.6000804901123 31.5311298370361 31.908016204834 31.8115749359131 31.2315979003906 31.7156219482422 31.9492855072021 31.7486228942871 31.5751209259033 31.4959526062012 31.1919403076172 31.3595180511475 31.2988872528076 31.3021125793457 30.9184761047363 31.0057067871094 30.0653324127197 31.2970714569092 31.518871307373 31.6698989868164 31.669095993042 31.636833190918 31.5930328369141
28.2376518249512 27.2793769836426 26.7742710113525 27.5460510253906 28.1722774505615 28.8781452178955 28.9462013244629 29.3964176177979 30.1116065979004 30.504711151123 30.5491161346436 30.5661182403564 30.9489326477051 31.1081562042236 31.2100086212158 31.1944179534912 31.3845844268799 31.5054111480713 31.4773368835449 31.2487030029297 31.0958423614502 31.0157470703125 31.136474609375 31.1463890075684 31.1214008331299 31.737232208252 31.894905090332 31.6294059753418 31.3585872650146 31.8367195129395 31.4245834350586 30.6815528869629 31.2431755065918 31.3867797851562 31.644115447998 31.6404800415039 31.5977821350098 31.5617027282715 31.3548069000244 30.4477863311768 31.1828651428223 31.4709625244141 31.6176261901855 31.6507453918457 31.6372718811035 31.5966205596924
28.2818241119385 27.448802947998 26.9050769805908 28.1532382965088 29.0939254760742 29.5126514434814 30.205659866333 30.4264221191406 30.6245937347412 30.7306079864502 30.555290222168 30.5181198120117 31.0382194519043 31.1227397918701 31.1334362030029 31.1993675231934 31.3049030303955 31.2948532104492 31.7736854553223 31.5513477325439 31.2967414855957 31.1539134979248 31.1318035125732 30.9845180511475 30.9936199188232 31.5619430541992 31.8739490509033 31.7865982055664 31.6507186889648 31.925199508667 31.2987804412842 30.2850646972656 30.7446022033691 31.3644409179688 31.3913726806641 31.0301952362061 31.0782413482666 31.5555610656738 31.6549873352051 31.6121635437012 31.6335563659668 31.61745262146 31.6210136413574 31.6112823486328 31.6239681243896 31.6027774810791
28.1585750579834 27.2210025787354 26.7649421691895 27.9422817230225 29.1785736083984 29.5242729187012 28.9730243682861 30.241096496582 30.1937503814697 29.6765785217285 30.5727272033691 30.7719783782959 30.794677734375 30.8522109985352 30.8699150085449 31.0667724609375 31.1883354187012 31.2940044403076 31.7425174713135 31.8499813079834 31.6682357788086 31.3774909973145 31.2210273742676 31.1485462188721 30.9285068511963 31.3551368713379 31.7700519561768 31.7796726226807 31.9451694488525 31.9968700408936 31.5246772766113 29.8986148834229 30.5024890899658 30.0398559570312 30.3591022491455 29.6949100494385 30.5717182159424 31.5205612182617 31.6177845001221 31.6657466888428 31.6669445037842 31.5820713043213 31.4756183624268 31.5634460449219 31.5770359039307 31.5713977813721
28.1451435089111 27.4196071624756 27.4781494140625 27.9736671447754 28.8626194000244 29.2723407745361 29.6708488464355 29.8936519622803 28.6731548309326 28.588752746582 30.0420989990234 29.1117057800293 29.4593601226807 29.8785877227783 30.5560436248779 30.9896469116211 31.1326904296875 31.3342094421387 31.6503963470459 31.7669315338135 31.8158721923828 31.5853290557861 31.2854099273682 31.34739112854 31.2313385009766 31.4408626556396 31.4354972839355 31.2794132232666 31.7723217010498 31.933988571167 31.716817855835 31.0557155609131 29.7099056243896 27.8354721069336 28.0017414093018 29.5937347412109 30.9340972900391 31.4878273010254 31.5805473327637 31.5197849273682 31.5075569152832 31.2916603088379 31.1708831787109 31.4974308013916 31.2540531158447 31.3005352020264
28.1143550872803 27.7643547058105 27.5661697387695 27.8635444641113 28.4509468078613 29.2225666046143 29.3706226348877 28.9747428894043 28.5242214202881 29.3291339874268 29.7872104644775 28.8474960327148 29.1549987792969 29.5589504241943 30.4535694122314 30.8304500579834 31.107442855835 31.5117874145508 31.8870677947998 31.7261695861816 31.604850769043 31.8632926940918 31.627124786377 31.4546203613281 31.3046646118164 31.2954978942871 31.3664150238037 31.2717609405518 31.566520690918 31.8647518157959 31.8903503417969 31.402473449707 30.7343769073486 29.1835098266602 28.6023235321045 29.6375370025635 30.9176845550537 31.4213428497314 31.4671325683594 31.0334777832031 31.2582950592041 31.4113445281982 31.2121753692627 31.2592315673828 30.9526767730713 31.176908493042
27.7851219177246 27.5785789489746 27.1190338134766 27.4426078796387 28.1811199188232 28.3433132171631 28.7393913269043 29.0507030487061 29.3241443634033 29.421272277832 29.742769241333 29.9432926177979 30.5601673126221 30.6423835754395 30.7773189544678 30.3489112854004 31.2337970733643 31.5752983093262 31.7637252807617 31.5032329559326 31.6081924438477 31.7749519348145 31.8616600036621 31.8032131195068 31.536792755127 31.4666919708252 31.1339321136475 31.276424407959 31.6326007843018 31.7025375366211 31.8294334411621 31.8411140441895 31.3267936706543 30.7026672363281 29.851978302002 29.5710105895996 30.6337852478027 31.3352642059326 30.8746795654297 30.3735122680664 31.2015113830566 31.4198379516602 31.1550312042236 30.4317665100098 30.7462844848633 31.210506439209
