inst/extdata/Tmax/Tmax98.asc
NCOLS 100 
NROWS 79 
XLLCORNER 148.06 
YLLCORNER -21.49 
CELLSIZE 0.01 
NODATA_value -3.4e+38 
[rows 0 to 19 of 79, columns 46 to 91 of 100]
34.005558013916 33.8136596679688 33.6984329223633 33.6855278015137 33.6540031433105 33.5248680114746 33.712215423584 33.5281028747559 33.3227958679199 33.1334457397461 33.0365829467773 32.7509880065918 32.6329193115234 32.8283767700195 33.0691146850586 32.9674186706543 32.8194694519043 32.6318778991699 32.3200988769531 32.1099128723145 31.9571971893311 -3.4e+38 -3.4e+38 -3.4e+38 -3.4e+38 -3.4e+38 -3.4e+38 -3.4e+38 -3.4e+38 -3.4e+38 -3.4e+38 -3.4e+38 -3.4e+38 -3.4e+38 -3.4e+38 -3.4e+38 -3.4e+38 -3.4e+38 -3.4e+38 -3.4e+38 -3.4e+38 -3.4e+38 -3.4e+38 -3.4e+38 -3.4e+38 -3.4e+38
33.9849281311035 33.6906242370605 33.4508819580078 33.6903610229492 33.8364067077637 33.8266487121582 33.7612152099609 33.645580291748 33.2950859069824 32.8438758850098 32.9617385864258 32.4142112731934 32.8960380554199 33.1734352111816 33.1285018920898 33.017162322998 32.8833541870117 32.7237930297852 32.5114326477051 32.395336151123 32.2833633422852 32.1210517883301 -3.4e+38 -3.4e+38 -3.4e+38 -3.4e+38 -3.4e+38 -3.4e+38 -3.4e+38 -3.4e+38 -3.4e+38 -3.4e+38 -3.4e+38 -3.4e+38 -3.4e+38 -3.4e+38 -3.4e+38 -3.4e+38 -3.4e+38 -3.4e+38 -3.4e+38 -3.4e+38 -3.4e+38 -3.4e+38 -3.4e+38 -3.4e+38
33.9143333435059 33.1565818786621 32.307487487793 33.6674346923828 33.8462524414062 33.8431930541992 33.8032875061035 33.7327537536621 33.4894332885742 32.8887519836426 32.9664726257324 33.081298828125 33.135368347168 33.2602462768555 33.2027168273926 33.0870971679688 32.9759674072266 32.853645324707 32.7030334472656 32.4697723388672 32.422924041748 32.2242050170898 31.9563846588135 31.6247653961182 -3.4e+38 -3.4e+38 -3.4e+38 -3.4e+38 -3.4e+38 -3.4e+38 -3.4e+38 -3.4e+38 -3.4e+38 -3.4e+38 -3.4e+38 -3.4e+38 -3.4e+38 -3.4e+38 -3.4e+38 -3.4e+38 -3.4e+38 -3.4e+38 -3.4e+38 -3.4e+38 -3.4e+38 -3.4e+38
33.4937019348145 33.5445442199707 32.4471588134766 33.5537452697754 33.7292366027832 33.7705993652344 33.8102188110352 33.6966934204102 33.550048828125 33.2040176391602 33.0866737365723 32.8122787475586 33.135570526123 33.2408599853516 33.2414665222168 33.1281776428223 33.0501327514648 32.9592323303223 32.7978591918945 32.4146614074707 32.2182464599609 32.2009201049805 32.108268737793 31.9993515014648 31.800365447998 31.3371829986572 -3.4e+38 -3.4e+38 -3.4e+38 -3.4e+38 -3.4e+38 -3.4e+38 -3.4e+38 -3.4e+38 -3.4e+38 -3.4e+38 -3.4e+38 -3.4e+38 -3.4e+38 -3.4e+38 -3.4e+38 -3.4e+38 -3.4e+38 -3.4e+38 -3.4e+38 -3.4e+38
33.4939346313477 33.5063133239746 32.2928924560547 32.5123176574707 33.2857704162598 33.7714881896973 33.8337898254395 33.6775512695312 33.6303062438965 33.3014030456543 32.9945640563965 32.7834777832031 32.3797149658203 32.9928321838379 33.2190551757812 33.1176376342773 33.1292190551758 33.0584526062012 32.7962455749512 32.0310859680176 31.508918762207 32.2122039794922 32.2647323608398 32.1760940551758 31.8941593170166 31.5563640594482 -3.4e+38 -3.4e+38 -3.4e+38 -3.4e+38 -3.4e+38 -3.4e+38 -3.4e+38 -3.4e+38 -3.4e+38 -3.4e+38 -3.4e+38 -3.4e+38 -3.4e+38 -3.4e+38 -3.4e+38 -3.4e+38 -3.4e+38 -3.4e+38 -3.4e+38 -3.4e+38
32.6603927612305 33.3832015991211 31.8336238861084 31.1857757568359 32.9388389587402 33.8551712036133 33.7702140808105 33.6956405639648 33.6229820251465 33.2018699645996 32.2731781005859 31.9185905456543 32.2307472229004 33.1348304748535 33.0195236206055 33.1662445068359 33.1919174194336 33.0992813110352 32.9812545776367 32.3155555725098 31.5675849914551 31.6126232147217 32.0905532836914 32.120979309082 32.0578956604004 31.9269466400146 -3.4e+38 -3.4e+38 -3.4e+38 -3.4e+38 -3.4e+38 -3.4e+38 -3.4e+38 -3.4e+38 -3.4e+38 -3.4e+38 -3.4e+38 -3.4e+38 -3.4e+38 -3.4e+38 -3.4e+38 -3.4e+38 -3.4e+38 -3.4e+38 -3.4e+38 -3.4e+38
31.7697010040283 33.3746566772461 32.7365531921387 32.6387710571289 33.5877799987793 33.8300399780273 33.6387176513672 33.5100975036621 33.6399040222168 33.1417083740234 32.405445098877 32.3750343322754 33.0145072937012 33.1183967590332 32.1814727783203 33.0441551208496 33.0810585021973 33.0600891113281 33.0692291259766 32.7648849487305 32.3588256835938 32.0570640563965 32.2473526000977 31.9810848236084 32.194896697998 32.1932945251465 32.0416450500488 31.7238273620605 -3.4e+38 -3.4e+38 -3.4e+38 -3.4e+38 -3.4e+38 -3.4e+38 -3.4e+38 -3.4e+38 -3.4e+38 -3.4e+38 -3.4e+38 -3.4e+38 -3.4e+38 -3.4e+38 -3.4e+38 -3.4e+38 -3.4e+38 -3.4e+38
30.9434680938721 33.4082221984863 33.8380584716797 33.6328277587891 32.6184272766113 32.8617286682129 33.4621047973633 33.5909881591797 33.7249374389648 33.5175437927246 33.1081466674805 32.6685447692871 32.6728172302246 32.8681716918945 32.3963966369629 33.0710182189941 32.3331604003906 32.267894744873 32.9448547363281 33.0414009094238 32.8509674072266 32.5623779296875 32.4243469238281 32.4432983398438 32.3903884887695 32.3318786621094 32.1114883422852 31.9204063415527 31.595272064209 31.0614242553711 31.0433044433594 -3.4e+38 -3.4e+38 -3.4e+38 -3.4e+38 -3.4e+38 -3.4e+38 -3.4e+38 -3.4e+38 -3.4e+38 -3.4e+38 -3.4e+38 -3.4e+38 -3.4e+38 -3.4e+38 -3.4e+38
30.8876609802246 32.9460716247559 33.8629531860352 33.7328796386719 32.8635444641113 31.3443508148193 32.6864814758301 33.6902160644531 33.7416572570801 33.6071166992188 33.4373016357422 33.1541404724121 33.1508483886719 32.9544067382812 32.4090805053711 32.3198394775391 31.8700485229492 32.6160316467285 32.8934516906738 32.9360275268555 32.922119140625 32.5347366333008 32.1114730834961 31.765567779541 32.4188346862793 32.433349609375 32.2807502746582 32.0912971496582 31.9431571960449 31.3755264282227 31.1457176208496 31.2692070007324 -3.4e+38 -3.4e+38 -3.4e+38 -3.4e+38 -3.4e+38 -3.4e+38 -3.4e+38 -3.4e+38 -3.4e+38 -3.4e+38 -3.4e+38 -3.4e+38 -3.4e+38 -3.4e+38
31.8461399078369 32.9677276611328 33.746826171875 33.718879699707 33.6729507446289 32.2834777832031 32.5689506530762 33.609260559082 33.7607612609863 33.6209411621094 33.4068298339844 33.1303215026855 32.9833297729492 33.0688972473145 32.3806571960449 32.0549697875977 31.9496173858643 33.0523300170898 32.871711730957 32.5433082580566 32.9077224731445 32.8360290527344 32.6097755432129 32.2350654602051 32.6003303527832 32.5065231323242 32.3295936584473 32.3495216369629 32.1639633178711 31.8264923095703 31.2926864624023 31.295337677002 -3.4e+38 -3.4e+38 -3.4e+38 -3.4e+38 -3.4e+38 -3.4e+38 -3.4e+38 -3.4e+38 -3.4e+38 -3.4e+38 -3.4e+38 -3.4e+38 -3.4e+38 -3.4e+38
30.9039402008057 32.8203125 33.1915588378906 32.9576187133789 33.2929840087891 33.544979095459 33.2348403930664 33.650562286377 33.7302093505859 33.6081085205078 33.4217987060547 33.2214965820312 32.9977073669434 33.3349533081055 33.1559524536133 33.0400276184082 33.0801467895508 33.2663421630859 33.2387657165527 32.6734733581543 32.1894912719727 32.8245124816895 32.9760246276855 32.4399795532227 32.4226455688477 32.2444114685059 32.1878395080566 32.4607200622559 32.2771377563477 31.957893371582 -3.4e+38 -3.4e+38 -3.4e+38 -3.4e+38 -3.4e+38 -3.4e+38 -3.4e+38 -3.4e+38 -3.4e+38 -3.4e+38 -3.4e+38 -3.4e+38 -3.4e+38 -3.4e+38 -3.4e+38 -3.4e+38
30.2117137908936 31.2409973144531 31.5771942138672 31.2880229949951 32.3593864440918 33.0340538024902 33.3951225280762 33.6617469787598 33.6416015625 33.5370140075684 33.3375587463379 33.1319389343262 32.9630508422852 33.572338104248 33.5425300598145 33.3799171447754 33.3680648803711 33.4377746582031 33.4568405151367 33.3348350524902 32.9327430725098 32.6930923461914 33.0459823608398 32.8263626098633 32.5547790527344 32.644214630127 32.6391983032227 32.3413696289062 32.1949081420898 31.9932022094727 -3.4e+38 -3.4e+38 -3.4e+38 -3.4e+38 -3.4e+38 -3.4e+38 -3.4e+38 -3.4e+38 -3.4e+38 -3.4e+38 -3.4e+38 -3.4e+38 -3.4e+38 -3.4e+38 -3.4e+38 -3.4e+38
30.2268657684326 29.1621799468994 28.4921073913574 28.6285305023193 30.9304714202881 31.5091991424561 32.8002510070801 33.1553001403809 33.4653739929199 33.3336944580078 33.0984191894531 33.4190483093262 33.4044494628906 33.2816123962402 33.7098922729492 33.667366027832 33.5830192565918 33.5718002319336 33.5638999938965 33.524845123291 33.4545249938965 33.3446311950684 33.1712112426758 33.0871849060059 32.7526969909668 32.8025817871094 32.7481498718262 32.4370231628418 32.1281280517578 31.9816627502441 31.805419921875 31.4508056640625 -3.4e+38 -3.4e+38 -3.4e+38 -3.4e+38 -3.4e+38 -3.4e+38 -3.4e+38 -3.4e+38 -3.4e+38 -3.4e+38 -3.4e+38 -3.4e+38 -3.4e+38 -3.4e+38
30.2511539459229 29.3942680358887 28.4245223999023 27.9109973907471 28.4798011779785 29.3762645721436 31.4360771179199 32.7124404907227 33.455680847168 33.2611541748047 32.7345848083496 33.343132019043 33.6604461669922 33.690055847168 33.6915130615234 33.6953468322754 33.7029075622559 33.672290802002 33.6311912536621 33.578742980957 33.5237808227539 33.4287414550781 33.3259582519531 33.2136650085449 32.9432525634766 32.9460754394531 32.8174667358398 32.5731353759766 32.2857666015625 32.176155090332 32.0840950012207 31.9083194732666 31.563325881958 -3.4e+38 -3.4e+38 -3.4e+38 -3.4e+38 31.1036357879639 31.1372852325439 -3.4e+38 -3.4e+38 -3.4e+38 -3.4e+38 -3.4e+38 -3.4e+38 -3.4e+38
30.9080276489258 29.509090423584 28.5517902374268 28.1679286956787 28.7206954956055 28.4638118743896 29.7365188598633 31.6047096252441 32.9958724975586 33.3759307861328 32.231014251709 33.0953598022461 33.5335998535156 33.0482025146484 33.119743347168 33.5244522094727 33.6115798950195 33.6654624938965 33.5959854125977 33.4467124938965 33.4633865356445 33.3811340332031 33.3592262268066 33.2818183898926 33.176212310791 33.0046730041504 32.8671989440918 32.6926193237305 32.525203704834 32.4033393859863 32.3298149108887 32.1454925537109 31.7260570526123 -3.4e+38 -3.4e+38 -3.4e+38 -3.4e+38 31.2291946411133 31.1899700164795 31.3307914733887 31.3229351043701 31.1741733551025 -3.4e+38 -3.4e+38 -3.4e+38 -3.4e+38
30.8829479217529 29.4991912841797 28.6134071350098 29.0884075164795 28.8510589599609 29.2834205627441 29.0038967132568 30.5414333343506 32.8207359313965 33.5567169189453 32.4790420532227 32.4238014221191 33.2487297058105 31.3079814910889 32.3481750488281 32.7287712097168 33.2779769897461 33.6509666442871 33.6115760803223 33.4981575012207 33.4716987609863 33.4191703796387 33.4029922485352 33.3245162963867 33.2276306152344 32.9512023925781 32.895809173584 32.7988052368164 32.7126922607422 32.6342468261719 32.5001792907715 32.3026580810547 32.0772705078125 -3.4e+38 -3.4e+38 31.8484039306641 31.6136798858643 31.3364124298096 31.2314624786377 31.0521564483643 31.1732635498047 31.352855682373 -3.4e+38 -3.4e+38 -3.4e+38 -3.4e+38
29.4080371856689 28.0568542480469 28.0147533416748 29.3779563903809 29.7434616088867 29.6417083740234 29.1774158477783 29.562780380249 32.0699577331543 33.386589050293 33.3890800476074 32.5188217163086 33.0385437011719 31.6014270782471 31.5975780487061 31.6505107879639 32.9905967712402 33.6571044921875 33.6486358642578 33.6422882080078 33.6214714050293 33.5326766967773 33.4570426940918 33.1899719238281 33.1662254333496 33.024055480957 32.9777145385742 32.9405174255371 32.8787498474121 32.7629241943359 32.6316795349121 32.4790344238281 32.3443336486816 -3.4e+38 32.1819610595703 32.1650428771973 32.0842552185059 -3.4e+38 31.3871822357178 -3.4e+38 31.1527328491211 -3.4e+38 -3.4e+38 -3.4e+38 -3.4e+38 -3.4e+38
29.3829975128174 27.8439388275146 27.1529178619385 29.8279323577881 30.0493907928467 29.3410205841064 28.9103584289551 29.0434303283691 30.7244071960449 33.1157531738281 33.2176895141602 32.7639007568359 32.8692932128906 32.9665603637695 32.2645225524902 33.3833618164062 33.5955924987793 33.6787452697754 33.6939811706543 33.6586532592773 33.6326446533203 33.5652694702148 33.5032272338867 33.3862380981445 33.345344543457 33.2473640441895 33.1723518371582 33.0959167480469 32.9605979919434 32.8983955383301 32.7928237915039 32.6781349182129 32.5855331420898 32.5085411071777 32.4640960693359 32.4578895568848 32.2858467102051 -3.4e+38 -3.4e+38 -3.4e+38 -3.4e+38 -3.4e+38 -3.4e+38 31.427848815918 -3.4e+38 -3.4e+38
31.3270072937012 30.97532081604 28.623218536377 30.2815113067627 28.6581916809082 28.6557025909424 29.1260776519775 29.4460926055908 31.651798248291 33.0910224914551 32.7726783752441 32.1236991882324 33.003532409668 33.4045143127441 33.4898948669434 33.5319786071777 33.6325378417969 33.2867126464844 33.4227027893066 33.5664100646973 33.5221366882324 33.5280876159668 33.5124549865723 33.4567985534668 33.4015350341797 33.328296661377 33.2650604248047 33.1009941101074 32.7393112182617 32.8369636535645 32.9003791809082 32.8393211364746 32.7754058837891 32.6971855163574 32.662109375 32.5878486633301 32.4333267211914 32.2885360717773 32.1581649780273 32.0845222473145 32.0854339599609 31.9677906036377 31.6725692749023 31.4459018707275 -3.4e+38 -3.4e+38
31.4322147369385 30.5131244659424 31.2085914611816 30.9974212646484 29.4555759429932 29.4867210388184 29.0517082214355 29.2739753723145 31.4465465545654 32.8076477050781 33.2189826965332 32.9636535644531 33.2973899841309 33.5744285583496 33.4254531860352 33.2645454406738 33.4400177001953 33.1449356079102 32.9589996337891 33.1172409057617 33.4297332763672 33.4674377441406 33.4648513793945 33.4756851196289 33.4525184631348 33.3956565856934 33.3171195983887 33.0935935974121 32.796012878418 32.9661483764648 32.9131736755371 32.9675254821777 32.859188079834 32.8102760314941 32.7748603820801 32.6448097229004 32.5496292114258 32.4869575500488 32.4394645690918 32.403076171875 32.3752593994141 32.2392692565918 31.8558750152588 31.4037628173828 31.4544696807861 -3.4e+38
