inst/extdata/Tmax/Tmax60.asc
NCOLS 100 
NROWS 79 
XLLCORNER 148.06 
YLLCORNER -21.49 
CELLSIZE 0.01 
NODATA_value -3.4e+38 
[rows 20 to 39 of 79, columns 0 to 45 of 100]
35.765708923339801 35.834415435791 35.8468780517578 35.8277320861816 35.870677947998 36.0297775268555 35.9538879394531 35.8906593322754 35.8345375061035 35.7451210021973 35.5524368286133 35.0918121337891 34.5745124816895 33.8228034973145 32.2683944702148 31.7762680053711 31.7122097015381 32.8954658508301 34.1644592285156 34.7007865905762 34.7384071350098 34.7714881896973 35.1940841674805 35.2435684204102 35.0785980224609 34.7541961669922 34.0492134094238 32.9633903503418 33.6202087402344 33.7155838012695 34.4552154541016 34.4877319335938 34.6736793518066 34.6491012573242 34.6168174743652 34.3411827087402 33.8883781433105 33.9076805114746 33.3647956848145 33.6847763061523 33.439811706543 32.5955543518066 32.8793182373047 32.9567260742188 33.1177520751953 33.170223236084
35.8561477661133 35.9537315368652 35.9807357788086 35.9599189758301 35.9878120422363 36.0081825256348 35.867374420166 35.7979621887207 35.792537689209 35.7381057739258 35.6123313903809 35.4240646362305 35.1694602966309 34.0635223388672 32.2894859313965 31.9234867095947 32.2306213378906 33.2263641357422 33.8482513427734 34.3148880004883 34.4837532043457 34.3967933654785 35.0512199401855 35.23388671875 35.019214630127 35.0548362731934 35.037483215332 34.1371955871582 33.9673004150391 34.6068840026855 34.7657012939453 34.6519241333008 34.2731704711914 33.5678176879883 33.6058082580566 33.5940132141113 34.1493644714355 33.3251152038574 32.8654365539551 33.253734588623 32.8068199157715 32.9257202148438 32.6069679260254 31.5347652435303 31.9376640319824 32.766845703125
35.9291038513184 36.0102272033691 36.0333709716797 36.037654876709 36.0390586853027 36.0195617675781 35.8297348022461 35.7054748535156 35.6642761230469 35.6490173339844 35.5340003967285 35.4702835083008 35.2837562561035 34.5718955993652 33.253101348877 32.2710304260254 31.5612907409668 32.1266632080078 32.8289413452148 33.8160018920898 33.968635559082 34.1318588256836 34.925220489502 34.6855392456055 34.2058639526367 34.6631202697754 34.7682189941406 34.8777503967285 34.5542297363281 34.6172103881836 34.3148956298828 34.104419708252 33.4397201538086 33.0582275390625 32.7964401245117 33.0704345703125 33.0024452209473 32.3479881286621 32.3282127380371 32.2458076477051 31.8906745910645 31.0058135986328 31.9581069946289 31.6254768371582 30.4583721160889 32.1811256408691
35.919319152832 35.9808120727539 36.0155372619629 36.0273704528809 36.0016250610352 36.0119781494141 35.9431114196777 35.6161689758301 35.5119476318359 35.5579490661621 35.3657035827637 35.1616592407227 35.3051490783691 34.8728294372559 33.9470176696777 33.0230827331543 32.0517768859863 31.7107982635498 32.452522277832 32.8460311889648 33.5153198242188 34.7349853515625 34.4526405334473 33.737361907959 33.9321403503418 34.1249084472656 33.7727546691895 34.9256896972656 34.9710807800293 34.8196563720703 34.5611419677734 33.2664489746094 32.8873100280762 33.1445770263672 33.5621376037598 33.0269012451172 31.9424018859863 31.3070087432861 32.1896896362305 31.5945892333984 30.7407550811768 29.1955947875977 30.0575428009033 31.497989654541 29.3860511779785 30.9572696685791
35.8624572753906 35.9560089111328 36.0057945251465 35.9886894226074 35.9640312194824 35.9869422912598 36.0062789916992 35.8188209533691 35.6310653686523 35.4495315551758 35.3478240966797 35.3201179504395 35.1337928771973 34.7471466064453 33.8545761108398 33.0412559509277 32.167163848877 31.737548828125 31.9968395233154 32.0131568908691 33.4749031066895 34.4925956726074 33.1862449645996 32.5553245544434 33.5501022338867 33.539924621582 33.7795257568359 34.6821937561035 34.9900283813477 34.5480270385742 34.4966506958008 34.2312126159668 34.2128982543945 34.2973175048828 33.9217376708984 33.5694847106934 33.0996589660645 31.781759262085 31.5286464691162 31.2337799072266 29.323938369751 28.7993335723877 29.1865291595459 31.2765445709229 29.0566692352295 29.4054546356201
35.815990447998 35.8642196655273 35.8903045654297 35.8810997009277 35.9142990112305 35.944522857666 35.993896484375 35.9621200561523 35.8038291931152 35.5366401672363 35.3278007507324 35.1836547851562 35.0259628295898 34.5019378662109 33.9839744567871 33.3362312316895 32.6182594299316 32.2231292724609 32.7818222045898 33.6403617858887 33.6411094665527 33.5416831970215 32.9756507873535 31.4660530090332 32.0974502563477 33.043140411377 33.2419090270996 34.7329406738281 34.9709930419922 34.5535049438477 33.5199432373047 34.2657279968262 34.1208953857422 33.9849014282227 33.6750755310059 33.3094711303711 33.17724609375 31.4235324859619 29.9368095397949 30.4049472808838 28.9542446136475 29.7419452667236 30.151439666748 31.2746391296387 30.0653228759766 28.9451389312744
35.6921615600586 35.7482795715332 35.7696914672852 35.8026428222656 35.8175888061523 35.8393096923828 35.9637413024902 35.9870643615723 35.846508026123 35.371467590332 35.2656021118164 34.9669075012207 34.9819641113281 34.552188873291 33.6733169555664 32.413330078125 31.9782180786133 32.2232666015625 32.808723449707 32.7153511047363 32.9596290588379 34.0506744384766 33.8938941955566 32.0943031311035 31.6232128143311 32.7612342834473 33.7406539916992 34.8111915588379 34.9253959655762 34.6790809631348 33.6922874450684 33.2470245361328 34.1963920593262 33.570426940918 33.0582580566406 32.081787109375 31.7555389404297 31.9070377349854 30.6487064361572 29.2839221954346 28.91037940979 29.1981067657471 29.0959644317627 30.1967525482178 29.1933498382568 28.60085105896
35.5203971862793 35.569034576416 35.6200637817383 35.698673248291 35.7457122802734 35.8353500366211 35.9639854431152 35.9793395996094 35.9143104553223 35.7056083679199 35.4383888244629 35.1408348083496 35.0173072814941 34.7998580932617 33.715030670166 32.3688278198242 31.9988899230957 31.9543552398682 32.1271438598633 32.117790222168 33.5029792785645 34.2898025512695 33.6577453613281 32.6404800415039 31.9742870330811 32.2719459533691 32.4349098205566 34.3376197814941 34.7766265869141 34.6499099731445 33.7079925537109 33.6193923950195 33.9865913391113 33.1122665405273 32.2951812744141 31.6255912780762 30.5415191650391 31.4200534820557 31.2383213043213 29.254955291748 28.8472900390625 29.014476776123 28.9290828704834 29.4947872161865 28.9232349395752 28.6517295837402
34.921272277832 34.892333984375 35.2236480712891 35.6109390258789 35.7875556945801 35.9042053222656 35.9638061523438 35.9682960510254 35.8347320556641 35.7245063781738 35.5470848083496 34.9259376525879 35.0579376220703 34.8960456848145 34.2964363098145 32.8629684448242 32.0140075683594 31.4996910095215 31.8108596801758 32.8906898498535 33.5200080871582 33.9709815979004 32.9435844421387 32.0881500244141 31.8832626342773 32.0775451660156 32.6169013977051 33.718807220459 34.6493682861328 34.7397613525391 34.1349945068359 33.8322563171387 33.3289680480957 32.1081275939941 30.7191696166992 30.2670230865479 29.9476547241211 30.1453342437744 30.3181400299072 29.9031505584717 29.3872585296631 29.5121021270752 29.2378692626953 29.0213623046875 29.0299797058105 28.9624938964844
33.8821029663086 34.9210929870605 35.3253173828125 35.0317077636719 35.7131996154785 35.9106979370117 35.9587707519531 35.9621047973633 35.7364273071289 35.577995300293 35.5865440368652 35.2861671447754 35.0181579589844 34.8767929077148 34.5904960632324 33.9907341003418 33.343318939209 31.7494335174561 32.1154632568359 32.2279472351074 32.429557800293 33.5834159851074 33.0868034362793 32.1271209716797 31.8951511383057 31.6582679748535 31.6392307281494 33.6539421081543 34.6843795776367 34.7926902770996 33.8252258300781 32.6671180725098 32.3081207275391 31.8982601165771 31.5911636352539 30.4008121490479 30.3316116333008 29.9277763366699 29.5188522338867 29.7667655944824 31.8764705657959 31.9939002990723 30.6362152099609 29.0885810852051 30.1948776245117 30.3429431915283
34.2275085449219 35.2865104675293 35.331470489502 34.7153091430664 35.6561737060547 35.8935470581055 35.9711952209473 35.9683609008789 35.9169845581055 35.6625862121582 35.5527572631836 35.4892616271973 35.2937698364258 35.0622634887695 34.7277603149414 34.04638671875 33.0748596191406 32.5507316589355 32.0166511535645 32.3401069641113 32.4493370056152 32.997444152832 32.2778205871582 32.0865631103516 31.7351818084717 31.0460472106934 31.3462562561035 33.5111846923828 34.542610168457 34.6133117675781 34.6101493835449 34.4197006225586 33.0892219543457 31.9569644927979 31.8899917602539 31.3187465667725 31.500150680542 31.2825126647949 30.7842254638672 31.3938751220703 33.2084503173828 33.2986106872559 32.7963180541992 32.1213111877441 31.9927597045898 31.2892513275146
35.1192245483398 35.4597473144531 35.5479011535645 35.563404083252 35.6823272705078 35.8761367797852 35.9310455322266 35.9433746337891 35.9061241149902 35.8374366760254 35.6363945007324 35.5809631347656 35.4809112548828 35.2522354125977 34.9487648010254 34.3835258483887 33.386646270752 32.891414642334 32.0662117004395 31.9488124847412 32.0476036071777 32.5933494567871 32.1575012207031 31.8611602783203 31.7999134063721 31.8495063781738 32.8348159790039 34.1351280212402 34.6039581298828 34.0073051452637 33.9204559326172 33.9471817016602 34.2150726318359 33.6268272399902 33.3121223449707 32.4032554626465 33.6663551330566 33.5008544921875 33.4812965393066 33.5150146484375 33.2534103393555 32.1819915771484 31.0417366027832 30.6596755981445 30.5093593597412 29.6498966217041
34.7871170043945 35.6603660583496 35.7427787780762 35.7767944335938 35.7880821228027 35.8147583007812 35.8011589050293 35.8731689453125 35.8816757202148 35.8772659301758 35.8368301391602 35.7020111083984 35.5002746582031 35.3248405456543 35.1118507385254 34.8303642272949 34.2779960632324 33.4864692687988 32.6056480407715 31.7928638458252 31.8220672607422 32.3774604797363 32.2437744140625 31.9211120605469 31.7636470794678 31.9677543640137 33.6995506286621 34.564338684082 34.6627388000488 34.4663314819336 33.8870582580566 33.174488067627 34.0297775268555 34.176025390625 34.238224029541 33.6213150024414 34.1288986206055 33.789379119873 33.6452407836914 33.4614067077637 32.0341911315918 30.3367309570312 29.0437927246094 29.3772277832031 29.2899951934814 28.3655662536621
34.6110420227051 35.3772773742676 35.1722068786621 35.0443840026855 35.221508026123 35.692325592041 35.7127113342285 35.7566986083984 35.7906227111816 35.7911911010742 35.7680587768555 35.753662109375 35.6355323791504 35.4679336547852 35.2990379333496 35.045597076416 34.5453414916992 34.0531311035156 33.7420120239258 33.0018730163574 31.8864917755127 32.1804466247559 31.9262886047363 32.0263862609863 31.8940525054932 31.874942779541 33.1562080383301 34.4972381591797 34.610050201416 34.2415542602539 34.0925598144531 32.8282508850098 33.1933212280273 33.512035369873 33.886474609375 34.0499382019043 33.892951965332 33.7034873962402 33.253101348877 33.3338890075684 32.9592208862305 31.4748859405518 30.5044498443604 31.1851291656494 30.6643943786621 29.3994064331055
35.0044364929199 35.3540840148926 34.8820343017578 34.1091117858887 34.2517700195312 35.3955688476562 35.6653289794922 35.640754699707 35.6768341064453 35.7124290466309 35.6337585449219 35.7053337097168 35.6631164550781 35.547290802002 35.384349822998 35.1728324890137 34.8205184936523 34.0286636352539 33.5556602478027 33.0182991027832 32.2225151062012 32.1313896179199 31.9250240325928 31.6835594177246 31.6568813323975 32.1272315979004 33.5007057189941 34.447582244873 33.8591995239258 33.6084632873535 33.7532806396484 33.3390197753906 32.9684829711914 32.5843544006348 32.2751083374023 32.8822174072266 32.6659317016602 33.0774192810059 32.9947776794434 32.765697479248 32.4620399475098 32.867301940918 32.576099395752 32.2048873901367 31.4909801483154 30.9231224060059
35.1561279296875 35.2900886535645 35.0701675415039 34.715705871582 34.371452331543 35.0467567443848 35.4288291931152 35.4739646911621 35.5477066040039 35.637020111084 35.6406288146973 35.7101745605469 35.6535568237305 35.5994338989258 35.4310493469238 35.1860046386719 34.9188652038574 34.6684532165527 34.2036972045898 33.4350814819336 32.9882621765137 32.6903533935547 32.0913200378418 31.3942890167236 31.5464248657227 31.8490123748779 33.596492767334 34.2406158447266 31.9893932342529 31.5127544403076 32.3010635375977 32.5801124572754 32.5403060913086 32.2925453186035 31.7180938720703 31.4209976196289 32.0780754089355 31.896354675293 31.8707447052002 31.8238964080811 31.5156841278076 31.1641960144043 31.4773712158203 32.067554473877 31.3168773651123 29.9543552398682
34.9866142272949 35.0413970947266 35.0824317932129 34.7703819274902 34.4530334472656 34.6939430236816 34.9717178344727 35.2258682250977 35.3769836425781 35.5436897277832 35.5380706787109 35.5499229431152 35.6726112365723 35.6062622070312 35.4777336120605 35.164665222168 35.1589164733887 34.9842910766602 34.6985893249512 34.2496376037598 34.0874481201172 33.1410675048828 32.4341773986816 31.8794498443604 31.8879814147949 32.3648300170898 33.6265983581543 33.5139236450195 33.1707344055176 33.0573310852051 32.137508392334 32.071231842041 31.8537483215332 31.6922130584717 30.8259830474854 30.4211578369141 30.6211357116699 30.5620613098145 30.8575782775879 30.6238098144531 30.6207904815674 29.6640129089355 30.3859367370605 31.4450359344482 31.1666774749756 29.5053253173828
34.3252220153809 34.7354125976562 34.9959831237793 34.8862075805664 34.6626815795898 34.5229225158691 34.5207328796387 34.9866676330566 35.1406631469727 35.3705520629883 35.4889602661133 35.5025253295898 35.5933456420898 35.6307907104492 35.4293174743652 35.3197326660156 35.2488479614258 35.1188468933105 34.9400177001953 34.7092475891113 34.4741287231445 33.617259979248 32.2452774047852 32.3654670715332 31.5668201446533 32.2577857971191 33.4399337768555 32.7662925720215 33.0106658935547 33.5943603515625 33.4654273986816 33.2833213806152 32.4776840209961 31.9683055877686 30.2209911346436 28.9670906066895 29.0022525787354 28.8876247406006 28.8442306518555 29.300537109375 29.4563522338867 29.6461696624756 29.8203430175781 30.801851272583 30.6374225616455 30.1645374298096
34.4631958007812 34.5924377441406 34.7635040283203 34.750732421875 34.7238883972168 34.3672904968262 34.1184005737305 33.8188514709473 34.6328735351562 35.2600517272949 35.442024230957 35.5102386474609 35.6243629455566 35.6374244689941 35.2793159484863 34.799503326416 34.847339630127 34.9263153076172 34.9989280700684 34.8645668029785 34.7034378051758 34.2129249572754 32.8698120117188 33.2555999755859 32.0984840393066 32.1041488647461 32.3027153015137 32.6965942382812 31.4367713928223 32.2596588134766 31.8200988769531 31.9694347381592 33.5098991394043 32.996509552002 31.8308162689209 29.4496746063232 28.5663967132568 28.5641231536865 27.9573612213135 28.340461730957 28.9197044372559 28.9088401794434 28.9787197113037 30.3451404571533 29.8760261535645 29.3484363555908
34.5480918884277 34.4710540771484 34.5464210510254 34.3252868652344 34.5839195251465 34.4947967529297 34.2327346801758 33.9308090209961 34.1824264526367 34.9445648193359 35.266902923584 35.5176734924316 35.5883026123047 35.5631866455078 35.5066108703613 35.023250579834 34.5727195739746 34.3372802734375 34.6854591369629 34.8546867370605 34.6965560913086 34.529857635498 34.1449661254883 33.4488105773926 32.1543426513672 31.9065361022949 31.8675785064697 31.9858665466309 32.061450958252 31.4261856079102 30.8428764343262 31.6985530853271 33.1822280883789 32.2852554321289 32.5669441223145 31.9153270721436 31.3948440551758 31.243824005127 30.1627769470215 29.062837600708 29.7651901245117 29.4512462615967 29.8216114044189 29.9983291625977 29.6961212158203 29.2278385162354
