inst/extdata/Tmax/Tmax155.asc
NCOLS 100 
NROWS 79 
XLLCORNER 148.06 
YLLCORNER -21.49 
CELLSIZE 0.01 
NODATA_value -3.4e+38 
[rows 40 to 59 of 79, columns 0 to 45 of 100]
37.473583221435497 37.1985473632812 37.2379989624023 37.2742080688477 37.1599044799805 37.2761421203613 37.2279510498047 37.0346794128418 36.5734710693359 37.0015983581543 37.6368064880371 37.9569435119629 37.9998168945312 38.0576057434082 38.1300086975098 37.9243125915527 37.649112701416 37.3039627075195 36.7320022583008 37.2299346923828 37.2257614135742 37.1156272888184 37.0584602355957 36.6649551391602 35.7755928039551 35.1386795043945 34.9389457702637 35.0378646850586 35.1585960388184 34.5333251953125 33.9006500244141 34.3199806213379 35.5808906555176 35.3181304931641 35.0683403015137 35.4001922607422 35.3105697631836 34.996696472168 34.7848091125488 34.3446083068848 34.3093376159668 33.4481658935547 32.8843307495117 32.8836669921875 32.6338577270508 32.4796600341797
37.6274681091309 37.2334976196289 37.1194381713867 37.2274208068848 37.1314811706543 37.217472076416 37.2234878540039 37.1230735778809 36.8813362121582 37.0079689025879 37.3492012023926 37.6985855102539 37.9344139099121 38.1085205078125 38.1592979431152 38.0152931213379 37.7077407836914 37.210376739502 36.8808822631836 37.0311393737793 37.0592041015625 36.8238677978516 37.0077629089355 36.7340469360352 36.07763671875 35.5883445739746 34.9728698730469 34.8997268676758 35.1137351989746 34.6879653930664 34.272705078125 34.8976058959961 35.5749282836914 34.8372383117676 34.126335144043 34.8868141174316 34.9296417236328 35.1435317993164 35.1122779846191 34.8882064819336 34.775749206543 34.0534019470215 32.675121307373 32.5603218078613 32.6386833190918 32.603832244873
37.4955825805664 37.4416809082031 37.2383499145508 37.1245307922363 37.1904754638672 37.217529296875 37.1944046020508 37.1618118286133 37.1330528259277 37.0909423828125 37.145580291748 37.6212730407715 37.9473876953125 38.0981941223145 38.1184463500977 38.077018737793 37.8448371887207 37.5268669128418 37.3038864135742 37.2608413696289 37.1798515319824 36.5326881408691 36.4673156738281 36.6940765380859 36.7253952026367 36.2922248840332 35.4271278381348 35.1073760986328 35.0350112915039 34.8179512023926 33.9341506958008 34.9946441650391 35.0542907714844 33.9954833984375 33.1933097839355 34.0954055786133 34.0936164855957 34.7417373657227 34.9107475280762 34.619026184082 34.3945350646973 34.4402313232422 33.8526954650879 33.6414260864258 34.0615653991699 35.0504875183105
37.1614646911621 37.2530708312988 37.2457580566406 37.2459526062012 37.280345916748 37.2780876159668 37.2431640625 37.1969985961914 37.2569351196289 37.2325553894043 37.246654510498 37.6535720825195 37.9065704345703 38.0675430297852 38.0948944091797 38.117057800293 38.0091781616211 37.7991027832031 37.5231552124023 37.5671005249023 37.3965530395508 37.1368064880371 36.4661254882812 36.1206970214844 36.791202545166 36.5850028991699 36.176383972168 35.7057113647461 35.3781661987305 35.2093849182129 34.4253311157227 34.3388557434082 35.0365753173828 34.5417823791504 33.9099922180176 33.4575576782227 33.5416641235352 33.7914695739746 34.0222663879395 33.7932243347168 33.3458976745605 34.0568656921387 33.6266136169434 34.5695953369141 36.3217239379883 36.9297561645508
36.8771858215332 37.059009552002 37.0449142456055 37.0504035949707 37.2383918762207 37.3563232421875 37.3831825256348 37.3329658508301 37.3984107971191 37.4495048522949 37.6226921081543 37.7578811645508 37.8923492431641 37.9995574951172 38.0667953491211 38.1260833740234 38.0905456542969 37.9509735107422 37.7987594604492 37.7554397583008 37.6291885375977 37.4833297729492 37.1859703063965 36.9778785705566 36.8055305480957 36.3515701293945 36.599853515625 36.48388671875 36.1675910949707 35.4942207336426 34.8958358764648 34.8859710693359 35.2035636901855 35.3706169128418 35.0825996398926 33.9309120178223 32.6177825927734 32.586353302002 32.6952667236328 33.0312309265137 32.9147720336914 33.4553833007812 32.9891815185547 33.8214836120605 35.578800201416 36.9550971984863
36.8990058898926 36.9599990844727 36.8131446838379 36.7094535827637 36.916633605957 37.1399383544922 37.3699645996094 37.4937782287598 37.5658874511719 37.6631088256836 37.7376823425293 37.6600112915039 37.4423446655273 37.8210601806641 38.0550079345703 38.1092376708984 38.1051559448242 38.0439605712891 37.9573974609375 37.8969421386719 37.8098373413086 37.7000541687012 37.6482086181641 37.0411338806152 36.6978759765625 36.6258316040039 36.7041435241699 36.5410766601562 36.3576393127441 35.8526496887207 34.6274566650391 34.8272094726562 35.1345710754395 35.2011528015137 35.3018989562988 34.4193916320801 33.139476776123 32.9062080383301 32.9428482055664 33.3792839050293 32.7958946228027 33.1474609375 33.54541015625 33.8554382324219 34.727466583252 35.8873977661133
36.7632141113281 36.7335090637207 36.7475624084473 36.6796188354492 36.5870780944824 36.6491317749023 37.1424446105957 37.2724075317383 37.3991241455078 37.4227981567383 37.6460227966309 37.7496109008789 37.5063934326172 37.7688980102539 38.0011672973633 38.085090637207 38.089225769043 38.0286865234375 37.9923400878906 37.9556045532227 37.8839263916016 37.8124923706055 37.7142295837402 37.2418556213379 36.4260215759277 36.539192199707 36.7087059020996 36.4900131225586 36.4428367614746 36.2998046875 35.5138206481934 35.1916923522949 34.8447380065918 35.1043739318848 35.242374420166 34.7807731628418 33.7345733642578 34.016544342041 33.4959678649902 34.1936988830566 33.6450538635254 33.7950706481934 33.9158973693848 34.0259323120117 34.0227508544922 33.8398399353027
37.1999702453613 36.5641555786133 36.4910659790039 36.4435577392578 36.4226493835449 36.5510215759277 36.8627815246582 36.8233489990234 37.0767784118652 37.130802154541 37.2162055969238 37.2816009521484 37.4724731445312 37.7589645385742 37.9533996582031 38.0763320922852 38.0618591308594 37.9483108520508 37.7718200683594 37.6782073974609 37.8149185180664 37.6280899047852 37.6493606567383 37.5866088867188 37.1327056884766 37.0378837585449 37.0490570068359 36.8547134399414 36.6897010803223 36.4711608886719 35.7931442260742 35.4313278198242 34.734260559082 35.1246223449707 35.1704483032227 34.9449768066406 34.5164070129395 34.7418022155762 34.483211517334 34.7261390686035 34.470287322998 34.2622261047363 34.123722076416 33.9787559509277 33.6442909240723 33.4159278869629
37.8864784240723 37.0963821411133 36.3569297790527 36.2153129577637 36.3486938476562 36.5371055603027 36.4715957641602 36.4757881164551 36.8153915405273 37.1147918701172 37.191837310791 37.1751441955566 37.4101524353027 37.7212524414062 37.9673004150391 38.0396842956543 38.0439567565918 37.9786148071289 37.8119850158691 37.5899810791016 37.6641616821289 37.6070404052734 37.5299949645996 37.6635246276855 37.5565605163574 37.4515037536621 37.161247253418 36.9666175842285 36.8799209594727 36.5903663635254 36.2028388977051 35.7412948608398 34.8906021118164 35.0456733703613 35.0193290710449 35.0813903808594 34.9822769165039 34.9579238891602 34.8473358154297 34.6691474914551 33.8845558166504 33.7131805419922 33.9128456115723 33.6615562438965 33.5317649841309 33.1917724609375
38.1441841125488 37.6432075500488 36.8157424926758 36.2525749206543 36.2441482543945 36.239387512207 36.2670097351074 36.6137924194336 36.8537445068359 36.7557678222656 37.3752174377441 37.6044235229492 37.7169227600098 37.8222312927246 37.9248085021973 38.0134468078613 38.0161094665527 37.9682807922363 37.8679122924805 37.7284660339355 37.6256675720215 37.5522003173828 37.3688049316406 37.4114418029785 37.5810317993164 37.5670471191406 37.3387603759766 36.8024406433105 36.3094062805176 36.5773315429688 36.2800102233887 35.9710731506348 35.1745986938477 34.8829460144043 34.6781387329102 34.9794120788574 35.0542678833008 34.9580116271973 34.9181861877441 34.6132888793945 33.9325790405273 33.5344772338867 33.7160148620605 33.3545188903809 33.2700004577637 33.1822738647461
38.1326484680176 37.9593620300293 37.5163154602051 36.9023933410645 36.3776245117188 36.0839385986328 36.2422370910645 36.5619964599609 36.6109619140625 36.9157447814941 37.4951362609863 37.7266998291016 37.8572235107422 37.9641265869141 37.9874267578125 38.0159873962402 37.8932647705078 37.9085731506348 37.9174957275391 37.8403053283691 37.7299041748047 37.5652923583984 37.3695526123047 37.2892570495605 37.3996047973633 37.4421348571777 37.4769897460938 37.2490119934082 36.9682235717773 36.8232727050781 36.2803039550781 36.1146659851074 35.2866439819336 34.8845748901367 34.280086517334 34.7464447021484 34.8706474304199 34.8641891479492 34.9150466918945 34.7339324951172 34.2219161987305 34.0482482910156 33.951831817627 33.7419776916504 33.4232711791992 33.2504119873047
38.0950584411621 38.0609931945801 37.8144607543945 37.1581344604492 36.5838661193848 36.3088111877441 36.266845703125 36.3549690246582 36.1167182922363 36.274730682373 37.1281661987305 37.5272903442383 37.7096977233887 37.9183044433594 38.0076713562012 37.972785949707 37.887134552002 37.8893508911133 37.8566970825195 37.8472595214844 37.7528839111328 37.6421966552734 37.5389862060547 37.3349494934082 37.2194175720215 37.1594161987305 37.1153602600098 37.2333641052246 37.0102844238281 37.1288223266602 37.1521110534668 36.3604049682617 35.770435333252 35.3283386230469 34.8418769836426 34.9713668823242 34.9235916137695 34.7519645690918 34.891227722168 34.7944183349609 34.3072509765625 34.1402626037598 34.0282783508301 33.8467063903809 33.3622360229492 33.1753616333008
37.9172897338867 37.9925155639648 37.8570938110352 36.8994331359863 36.1160202026367 36.0943031311035 36.1967277526855 36.0671119689941 35.8206443786621 35.9580574035645 37.0567436218262 37.5238876342773 37.7447853088379 37.9336090087891 37.9477119445801 37.9016571044922 37.8834342956543 37.827335357666 37.7877960205078 37.7844352722168 37.7958297729492 37.7345733642578 37.5752868652344 37.3744964599609 37.1545944213867 36.9966011047363 36.9636688232422 36.9195251464844 36.9140205383301 36.811206817627 37.0010604858398 36.8677597045898 36.3079109191895 35.7002906799316 35.2678375244141 35.5993194580078 35.5414009094238 35.0720443725586 34.8786125183105 34.9450225830078 34.7841110229492 34.5202713012695 34.213020324707 33.9691925048828 33.6350288391113 33.2535552978516
37.7128067016602 37.7798728942871 37.8970489501953 37.4750556945801 36.4909172058105 36.1568832397461 36.5048408508301 36.0170059204102 35.8679122924805 35.9545974731445 37.0139579772949 37.6123847961426 37.8291549682617 37.9247627258301 37.8572120666504 37.7655487060547 37.7534790039062 37.7817497253418 37.751148223877 37.6474456787109 37.6976165771484 37.7556457519531 37.614559173584 37.4634475708008 37.2698745727539 37.110179901123 36.7563133239746 36.5693778991699 36.2236328125 36.5648803710938 36.401180267334 36.9342498779297 36.9787216186523 36.6362533569336 36.1499290466309 36.1816101074219 35.8107604980469 35.4628372192383 35.1586761474609 35.5269050598145 35.115608215332 34.8386001586914 34.6826057434082 34.5440711975098 34.2697448730469 34.1210670471191
37.5860595703125 37.5530548095703 37.7430686950684 37.7617149353027 37.3311386108398 37.1020851135254 37.0450706481934 36.7012214660645 36.504695892334 36.5199928283691 36.7115821838379 37.1053085327148 37.7477226257324 37.8813629150391 37.7646179199219 37.6818656921387 37.6668434143066 37.7192878723145 37.6831321716309 37.6208686828613 37.6438522338867 37.7383041381836 37.6910209655762 37.5151290893555 37.407829284668 37.2259559631348 36.8959541320801 36.6830291748047 36.276683807373 36.5019111633301 35.8847465515137 36.2944755554199 36.5215492248535 36.5426445007324 36.661376953125 36.5408554077148 36.2354393005371 36.0933113098145 35.6528396606445 35.1648406982422 35.091911315918 35.1287307739258 34.8930892944336 34.6996269226074 34.6922264099121 34.5477638244629
37.6700439453125 37.6594047546387 37.7171897888184 37.7538223266602 37.6440887451172 37.0595169067383 37.0662803649902 37.1328544616699 36.9248733520508 36.8875389099121 37.1361846923828 37.4841194152832 37.800479888916 37.8711929321289 37.7769546508789 37.6015625 37.648021697998 37.6471176147461 37.4575958251953 37.4409370422363 37.5721435546875 37.6404685974121 37.6916923522949 37.5976448059082 37.481388092041 37.334342956543 37.1333503723145 36.8821220397949 36.7195167541504 36.5655899047852 36.153751373291 35.7956886291504 35.9261360168457 35.8901748657227 36.3224220275879 36.0321235656738 36.2848815917969 36.0529861450195 35.703483581543 35.3007774353027 35.0735816955566 34.853874206543 34.3880043029785 33.8179817199707 34.3745803833008 34.5561866760254
37.773853302002 37.7462615966797 37.7264289855957 37.7179946899414 37.5767593383789 36.8181953430176 36.6153144836426 37.0381050109863 36.9345207214355 36.6309509277344 36.9149284362793 37.552131652832 37.8094787597656 37.8406181335449 37.7598648071289 37.5833854675293 37.5693550109863 37.3772659301758 37.1355972290039 37.2737579345703 37.5610733032227 37.5638389587402 37.641529083252 37.6334342956543 37.4743537902832 37.4136123657227 37.2311477661133 36.9581489562988 36.8736000061035 36.6548309326172 36.2578926086426 35.5989685058594 35.3085441589355 35.4455718994141 35.8871688842773 36.0212669372559 35.6529159545898 35.3159561157227 35.50537109375 35.4372024536133 35.1059951782227 34.8695335388184 34.3553352355957 33.5652160644531 33.997428894043 34.3544044494629
37.821403503418 37.7779884338379 37.740665435791 37.7141990661621 37.6806030273438 37.3569641113281 36.9203948974609 36.6903266906738 36.699592590332 36.4977760314941 36.9623489379883 37.5586624145508 37.7832336425781 37.7952995300293 37.7155609130859 37.542552947998 37.3791007995605 37.1908988952637 37.0846710205078 37.3443336486816 37.4676132202148 37.5249214172363 37.4915161132812 37.5875968933105 37.5311584472656 37.4455871582031 37.2755966186523 37.0200691223145 36.9042892456055 36.7145309448242 36.3165626525879 36.113166809082 35.6731071472168 35.4902992248535 35.4366226196289 35.5794525146484 35.8281097412109 35.6815567016602 35.3323440551758 35.1357116699219 34.9388732910156 34.7378082275391 34.4978904724121 34.1902732849121 33.5707664489746 33.8508758544922
37.8541717529297 37.7962417602539 37.757568359375 37.7500228881836 37.6837692260742 37.4844970703125 37.210376739502 36.6597633361816 36.5594253540039 36.7415885925293 37.1884269714355 37.585636138916 37.736270904541 37.7317504882812 37.610107421875 37.4547729492188 37.1675186157227 37.0965805053711 37.2045707702637 37.235279083252 37.3760681152344 37.3175048828125 37.1482353210449 37.3894500732422 37.5597267150879 37.4456520080566 37.2327423095703 37.0916709899902 36.963939666748 36.8619956970215 36.6763381958008 36.4578247070312 36.1594581604004 36.1056709289551 35.7908515930176 35.4631004333496 35.5529479980469 35.6236038208008 35.4000778198242 35.2531089782715 35.1166687011719 34.8806610107422 34.2937545776367 33.9226455688477 34.0451431274414 34.0623931884766
37.8610801696777 37.8615112304688 37.816722869873 37.7858276367188 37.6827239990234 37.5821189880371 37.4780235290527 37.1389350891113 36.6977462768555 36.7926902770996 36.951774597168 37.2347831726074 37.5095481872559 37.5569839477539 37.5029525756836 37.3732566833496 37.1723136901855 37.0555000305176 36.952823638916 36.9972610473633 37.2231483459473 37.225643157959 36.9979667663574 37.3771591186523 37.5769424438477 37.47314453125 37.3143043518066 37.1720275878906 37.0992660522461 36.9907379150391 36.8759231567383 36.6613502502441 36.3519973754883 36.5488777160645 36.4218864440918 36.0610847473145 35.6208839416504 35.5120849609375 35.6270294189453 36.0220146179199 35.3006896972656 35.031494140625 34.6444473266602 33.9853897094727 33.9165954589844 33.7986297607422
