inst/extdata/Tmax/Tmax24.asc
NCOLS 100 
NROWS 79 
XLLCORNER 148.06 
YLLCORNER -21.49 
CELLSIZE 0.01 
NODATA_value -3.4e+38 
[rows 0 to 19 of 79, columns 0 to 45 of 100]
37.065925598144503 37.177864074707 36.5526885986328 37.4930076599121 37.4740867614746 37.688404083252 37.642463684082 37.3254661560059 37.0653610229492 37.2221145629883 36.8363037109375 36.8380012512207 36.8363189697266 35.8538398742676 36.2215805053711 36.5130424499512 36.6501083374023 36.6781387329102 35.402156829834 34.889533996582 33.9832649230957 32.6961288452148 33.1220054626465 34.3231811523438 34.8500061035156 35.4164657592773 35.0015907287598 34.9378356933594 35.2192916870117 34.8657455444336 32.9090614318848 31.1919460296631 29.0776882171631 29.2123336791992 28.0934829711914 26.8879261016846 26.4557838439941 26.1735897064209 26.7418365478516 28.3999080657959 29.8170585632324 30.0546417236328 30.4202480316162 35.8504219055176 35.3863716125488 34.3002433776855
37.7377777099609 36.7474174499512 35.4111137390137 36.0901260375977 36.1139068603516 37.0380210876465 37.4043426513672 37.4936332702637 38.0050849914551 38.0907783508301 37.5371551513672 36.5985870361328 37.1902656555176 36.1894073486328 36.4666633605957 36.1281127929688 36.8641548156738 36.6397132873535 35.9639358520508 35.0938034057617 35.2359008789062 34.435546875 34.1646499633789 34.519962310791 34.8943557739258 35.3517837524414 35.6734619140625 35.6251602172852 35.3137702941895 34.8794593811035 33.8754577636719 32.0923500061035 29.7288398742676 32.052173614502 28.8827953338623 27.6601619720459 27.0876502990723 27.9811267852783 28.9424953460693 29.5604763031006 30.5845966339111 30.4710102081299 33.5931587219238 34.3622932434082 34.9422225952148 33.7717666625977
37.5722236633301 36.6869277954102 36.6804161071777 37.1973190307617 36.5983695983887 36.9200553894043 37.2667694091797 37.6679534912109 38.0157089233398 38.0984992980957 37.6162986755371 36.8728637695312 37.1762466430664 36.7272911071777 36.1863327026367 36.2174835205078 36.2604064941406 36.508731842041 35.7668418884277 35.2745590209961 34.7630577087402 35.0552062988281 34.5660095214844 34.8272247314453 35.5231857299805 35.6400375366211 35.6392021179199 35.5968627929688 35.7749290466309 35.2463111877441 35.4651985168457 34.1889038085938 35.1648902893066 32.1714134216309 34.1616973876953 28.2924938201904 27.3365879058838 27.076452255249 28.0716533660889 29.0024108886719 30.3561191558838 36.2754592895508 36.0657348632812 32.6288604736328 32.4524345397949 34.9828147888184
38.0883636474609 37.9090461730957 36.988941192627 37.924373626709 37.2163200378418 36.7383613586426 37.2658271789551 37.5878562927246 37.8457794189453 38.0278778076172 37.8186073303223 37.278621673584 37.1740036010742 37.1867790222168 36.8786506652832 36.8160972595215 36.8653259277344 36.4009780883789 36.2150001525879 35.2710227966309 35.0363883972168 34.7997932434082 34.873966217041 34.8794097900391 35.4041938781738 35.5471382141113 35.5272178649902 35.4621086120605 35.151294708252 34.4516372680664 34.5348968505859 35.5677871704102 34.3310585021973 32.3521690368652 28.4836730957031 27.64967918396 27.7985038757324 27.2746315002441 27.2322463989258 26.8042373657227 28.2095947265625 29.984748840332 33.2168350219727 36.6771469116211 30.8776378631592 30.9334945678711
38.6643562316895 37.9639053344727 37.8278465270996 38.2693367004395 37.8973121643066 37.4995498657227 36.868049621582 37.6957397460938 38.4751052856445 37.8069076538086 37.9745674133301 37.6045989990234 37.542064666748 37.4325485229492 37.0036849975586 36.6169662475586 36.5890731811523 36.0688095092773 35.4310188293457 34.7311019897461 34.7208671569824 35.1657524108887 35.1579666137695 35.3412437438965 35.0330696105957 34.9951553344727 36.0617942810059 35.3432922363281 35.2098846435547 35.4623908996582 34.7631492614746 34.9639167785645 34.2291297912598 33.4474678039551 34.0204429626465 29.0603713989258 28.5908260345459 28.1436233520508 26.8579177856445 26.8514461517334 26.7259826660156 29.7509346008301 32.5538597106934 34.4345016479492 30.4602565765381 29.7570991516113
39.1531066894531 38.5736846923828 37.9496803283691 38.1785316467285 38.3389472961426 37.8303718566895 37.8186836242676 37.9645347595215 38.0990867614746 37.943675994873 37.8195495605469 38.168571472168 37.7146987915039 37.2560539245605 36.4276542663574 36.6201858520508 36.5415496826172 35.8145751953125 35.163990020752 34.6157417297363 34.6413536071777 35.252311706543 35.2829322814941 35.1941833496094 35.9057235717773 35.5127944946289 35.6089706420898 34.7083778381348 34.5140533447266 33.9954528808594 33.0116996765137 33.9228668212891 34.5631065368652 33.7273712158203 33.3358535766602 33.651252746582 29.1747989654541 28.6638145446777 28.1739597320557 27.7132701873779 26.9175510406494 28.9123382568359 33.6364250183105 32.4957962036133 30.6952991485596 28.4020900726318
38.1605415344238 38.7911567687988 38.7203102111816 38.9758338928223 38.4439697265625 38.155158996582 37.3338890075684 37.5437774658203 38.0691719055176 38.2057647705078 38.4372291564941 38.4498710632324 37.4936141967773 36.9255104064941 36.8316383361816 36.8647994995117 36.37353515625 35.7104721069336 35.2383232116699 34.729606628418 34.1903419494629 34.8305358886719 35.2309646606445 35.4129829406738 35.6468772888184 36.0000343322754 35.8796310424805 35.086612701416 34.9113121032715 33.2932281494141 32.4140243530273 31.5693988800049 32.6673011779785 33.4333343505859 33.3567924499512 32.9216194152832 29.4942035675049 27.9525985717773 28.0159244537354 27.9126281738281 27.8616161346436 29.260046005249 34.5353088378906 35.4963760375977 30.9533386230469 34.0477676391602
38.8249168395996 38.3005142211914 39.091667175293 39.1938171386719 38.5568351745605 38.3378067016602 37.4079093933105 37.5210342407227 38.0043678283691 38.1049308776855 38.0114517211914 37.857536315918 37.1797676086426 37.6250801086426 37.4312515258789 36.2872352600098 35.9624519348145 35.288688659668 35.7678718566895 34.5970993041992 33.6662483215332 34.1935958862305 34.6253242492676 35.5325469970703 35.7140922546387 35.9618530273438 35.7803268432617 34.8888130187988 34.4951858520508 34.0951156616211 32.1290664672852 31.6408004760742 32.315258026123 32.0232696533203 32.4983406066895 32.8391075134277 28.7918148040771 28.000431060791 27.6909122467041 28.0954341888428 28.1976222991943 29.0966949462891 29.9403400421143 30.8102569580078 30.8927173614502 29.0872840881348
38.1502952575684 38.7146224975586 38.3795204162598 38.5277290344238 38.4504699707031 38.4417457580566 38.0772819519043 37.3871765136719 37.7254409790039 38.0345191955566 38.1223754882812 38.5237464904785 38.7673225402832 37.6400718688965 37.2888031005859 36.1226272583008 35.8850402832031 35.815071105957 36.0035285949707 34.8087120056152 34.791748046875 34.4066734313965 34.7150688171387 35.4735565185547 35.8461265563965 36.0836906433105 35.2601852416992 33.7740478515625 34.2032127380371 34.0500946044922 33.0666618347168 32.1426162719727 31.8535232543945 31.1456527709961 33.6094017028809 31.6470355987549 32.5252723693848 32.7997550964355 27.8444328308105 27.7011871337891 27.7387294769287 27.8994140625 28.2714996337891 29.5843448638916 30.1022472381592 29.0118560791016
37.5927505493164 38.4007225036621 38.5813751220703 39.0650100708008 38.4497680664062 38.5345802307129 38.0963897705078 37.6746635437012 37.8911399841309 37.7075653076172 38.0680465698242 38.1792869567871 37.2326583862305 37.1182098388672 37.0523834228516 36.7994155883789 36.6142196655273 36.3230400085449 35.8112030029297 35.6837120056152 35.7129020690918 34.9221572875977 35.2710952758789 35.9283790588379 36.5482749938965 36.442985534668 35.4235877990723 34.8574523925781 34.1697883605957 33.088493347168 32.3644180297852 32.0074577331543 31.9765014648438 32.6272048950195 33.0435447692871 31.3686847686768 28.3784675598145 31.6758556365967 28.3919582366943 27.4764518737793 27.4486198425293 27.1343154907227 27.6474437713623 28.5482215881348 28.5347728729248 28.3316402435303
37.9952812194824 38.9277191162109 38.6768341064453 38.1592330932617 38.9039993286133 39.0644836425781 38.519458770752 38.0048141479492 38.0745086669922 37.9901924133301 38.2808532714844 37.7796058654785 37.5590896606445 36.5412292480469 36.6523323059082 36.616039276123 36.5244255065918 36.6131629943848 36.2612991333008 36.2375221252441 35.1591682434082 35.127025604248 34.9364128112793 35.712833404541 35.9108009338379 36.7407188415527 35.2053680419922 33.459774017334 32.8229866027832 32.6214942932129 32.2407684326172 32.6807022094727 33.2887954711914 33.2343063354492 32.7697143554688 31.0026683807373 28.5238819122314 28.215259552002 28.2383937835693 27.4822063446045 27.5627841949463 27.1116065979004 26.9920101165771 27.6638698577881 28.0795249938965 28.3498802185059
38.5265693664551 37.9164886474609 38.353759765625 38.4716949462891 38.5406188964844 39.4820976257324 38.8007469177246 38.117733001709 37.9055519104004 38.0920143127441 37.7870712280273 38.2895393371582 37.9882431030273 37.511474609375 37.2762489318848 36.9948806762695 37.1389770507812 36.9205665588379 36.7296295166016 36.1132926940918 35.3702659606934 34.9587783813477 35.378963470459 35.3057594299316 35.102352142334 35.6150207519531 34.2253227233887 33.5542030334473 33.0580558776855 33.2814445495605 33.5473098754883 33.5202445983887 33.4112319946289 32.9544410705566 32.880443572998 31.8062019348145 32.6106605529785 27.6556453704834 28.2137699127197 28.4184455871582 28.2320289611816 27.935827255249 27.0997333526611 27.7963924407959 27.9876117706299 28.0090999603271
38.6277847290039 38.6103286743164 38.5410995483398 39.2395782470703 39.0981903076172 39.169116973877 38.5171394348145 37.8688087463379 38.1681480407715 39.0572624206543 38.0880661010742 38.4313201904297 37.7821655273438 38.2359161376953 37.7707481384277 37.4496879577637 37.9213371276855 37.3918266296387 37.1488571166992 35.9572219848633 35.7732734680176 36.1354293823242 36.1319313049316 36.5113563537598 36.3799133300781 35.9118118286133 35.5489120483398 34.7978210449219 34.0210762023926 33.7162590026855 34.5361862182617 34.2559852600098 34.0928840637207 33.6538925170898 32.3582229614258 31.6586818695068 30.548376083374 31.8036842346191 30.6671943664551 28.984619140625 27.6222858428955 27.3710498809814 26.9894733428955 26.7434844970703 28.3048515319824 28.5778579711914
39.2175521850586 39.3807258605957 38.0621795654297 38.5504570007324 38.1133308410645 38.1098670959473 38.8474540710449 38.2863349914551 38.5175895690918 38.4183807373047 38.3619232177734 38.1817665100098 37.8258628845215 37.375789642334 37.7142105102539 37.3246574401855 37.6676864624023 37.3844871520996 37.203067779541 36.5536460876465 36.7604217529297 36.8136901855469 36.5762939453125 36.6633110046387 35.9791069030762 34.4312705993652 34.0212745666504 34.0143737792969 33.3683433532715 33.678279876709 34.5158157348633 34.2976989746094 33.8973426818848 33.1506652832031 32.4861640930176 34.0336380004883 32.5390701293945 28.8552665710449 32.9108657836914 34.2156600952148 33.4835815429688 28.9391536712646 28.0790691375732 27.9297218322754 28.3750801086426 29.1375179290771
37.8880424499512 37.9650611877441 38.3766670227051 38.7889862060547 38.5507507324219 38.3382911682129 38.337028503418 39.0487976074219 38.0600318908691 37.807991027832 37.8009223937988 37.5985374450684 37.0678863525391 36.9460716247559 37.1986923217773 36.7671051025391 37.4794235229492 37.4777679443359 37.3081207275391 37.3988304138184 37.1174697875977 36.5253105163574 35.8728408813477 35.9080963134766 35.8031921386719 35.6648292541504 35.3714904785156 34.8325233459473 34.313720703125 34.9535751342773 34.2977638244629 34.6627578735352 34.5144004821777 34.5216941833496 34.1339416503906 32.813404083252 33.4391174316406 33.0441703796387 32.7868957519531 34.1497573852539 33.8734283447266 33.9449806213379 28.8882255554199 28.0969047546387 28.4860572814941 29.3851089477539
36.4552993774414 37.7682266235352 38.548454284668 38.2206687927246 38.9198760986328 38.8685569763184 38.6500053405762 38.2348518371582 38.8352699279785 38.4041481018066 37.0050315856934 37.6171836853027 36.603931427002 35.8241195678711 36.7520370483398 36.6489372253418 36.0900611877441 36.6334609985352 37.3877754211426 37.1161727905273 36.9563331604004 36.7436599731445 36.6553077697754 36.6505546569824 36.3584060668945 36.0298347473145 36.2143478393555 35.7615509033203 35.580394744873 35.2689933776855 35.0493392944336 34.4350471496582 34.4416236877441 34.8394241333008 34.6728668212891 34.5742454528809 34.9709205627441 33.3664016723633 34.6955299377441 35.1459693908691 34.4183540344238 32.9927368164062 28.1717891693115 27.3215866088867 27.9050941467285 28.6148586273193
37.5506858825684 36.4728088378906 37.7552070617676 38.722541809082 37.6961517333984 37.6631202697754 38.8382530212402 38.1305541992188 38.0724487304688 38.4262619018555 37.4257659912109 37.3335609436035 36.2527847290039 35.6657066345215 36.4597206115723 35.4584045410156 35.3996200561523 36.2746505737305 36.2917251586914 36.5222244262695 36.9936676025391 36.8979721069336 36.3646545410156 36.4451446533203 35.8483238220215 35.3186798095703 34.763298034668 35.105411529541 35.6228446960449 34.6486053466797 34.305103302002 33.7274475097656 33.960132598877 34.6660766601562 34.9081573486328 34.660270690918 35.1686706542969 35.2223434448242 34.7541770935059 34.1881141662598 34.3783340454102 32.8816719055176 31.7535781860352 28.7025470733643 28.1419887542725 28.8864574432373
37.9319038391113 37.7349510192871 37.7687911987305 38.9230422973633 38.1641654968262 38.5480155944824 39.0830459594727 39.1108856201172 39.3672676086426 39.1462860107422 38.8534812927246 38.425220489502 36.4990234375 35.9036979675293 36.2567405700684 35.7217216491699 35.403247833252 35.2585220336914 34.5779342651367 35.8011436462402 36.515380859375 37.2451667785645 37.4830207824707 36.8778381347656 35.6181411743164 34.2053718566895 33.5474395751953 34.1522827148438 35.0186347961426 34.629150390625 34.3670463562012 35.1326522827148 34.9831581115723 34.911003112793 35.5849456787109 34.6976547241211 34.2990951538086 34.3391571044922 34.8298606872559 34.8300323486328 35.1769485473633 34.8078498840332 33.6592216491699 33.1559181213379 30.3443870544434 29.9685726165771
38.9360504150391 37.7012100219727 37.2991638183594 37.8511848449707 37.9326210021973 38.5370330810547 39.3400688171387 38.5484848022461 39.4436836242676 39.1172714233398 37.9449081420898 38.1653213500977 37.239185333252 34.551155090332 34.8538856506348 34.1314811706543 34.5590896606445 33.9852600097656 35.036678314209 36.0405082702637 37.1022605895996 36.8643569946289 37.3698348999023 37.2704467773438 36.0306396484375 34.8305320739746 33.446605682373 33.8443298339844 35.3319816589355 34.558406829834 34.8265075683594 35.5056190490723 36.2787246704102 36.2418403625488 35.4686546325684 35.1071434020996 34.6071243286133 34.6708679199219 35.3201141357422 35.2657775878906 35.3155632019043 35.2021636962891 34.8897819519043 34.7706756591797 33.087287902832 30.0037994384766
37.8113479614258 37.8367691040039 38.2110481262207 37.8979301452637 38.5253295898438 38.4071273803711 39.3234748840332 39.3017921447754 38.2655029296875 38.5939712524414 38.9836196899414 38.2660064697266 37.3538818359375 34.224292755127 34.6841812133789 34.7829933166504 34.3580551147461 34.6678047180176 34.6677284240723 35.7317962646484 36.8645210266113 36.6079216003418 37.0850105285645 37.1597175598145 36.7619438171387 35.7904243469238 34.7092933654785 34.4028244018555 35.0958480834961 35.3601608276367 35.9593353271484 36.3850364685059 36.2539710998535 36.2661743164062 36.3465347290039 35.3558769226074 34.6740684509277 34.5362663269043 34.5056648254395 34.9735221862793 35.7360687255859 35.3194389343262 34.3394241333008 34.5505599975586 33.4625358581543 32.8834075927734
