inst/extdata/Tmax/Tmax81.asc
NCOLS 100 
NROWS 79 
XLLCORNER 148.06 
YLLCORNER -21.49 
CELLSIZE 0.01 
NODATA_value -3.4e+38 
[rows 0 to 19 of 79, columns 46 to 91 of 100]
36.2068977355957 36.0320701599121 35.9134101867676 35.8709945678711 35.8130416870117 35.6805992126465 35.7787818908691 35.6051940917969 35.4145660400391 35.2345352172852 35.1113014221191 34.8408470153809 34.6941566467285 34.7781257629395 34.8808479309082 34.7232780456543 34.5256996154785 34.2825546264648 33.9358024597168 33.643627166748 33.3771514892578 -3.4e+38 -3.4e+38 -3.4e+38 -3.4e+38 -3.4e+38 -3.4e+38 -3.4e+38 -3.4e+38 -3.4e+38 -3.4e+38 -3.4e+38 -3.4e+38 -3.4e+38 -3.4e+38 -3.4e+38 -3.4e+38 -3.4e+38 -3.4e+38 -3.4e+38 -3.4e+38 -3.4e+38 -3.4e+38 -3.4e+38 -3.4e+38 -3.4e+38
36.1945762634277 35.9420166015625 35.7272605895996 35.8812713623047 35.9578590393066 35.9159812927246 35.8283805847168 35.7079658508301 35.4079284667969 35.0168914794922 35.0560760498047 34.5838050842285 34.8989448547363 35.0400161743164 34.9380874633789 34.7787208557129 34.6016578674316 34.3973388671875 34.1414451599121 33.9518394470215 33.7669372558594 33.5318336486816 -3.4e+38 -3.4e+38 -3.4e+38 -3.4e+38 -3.4e+38 -3.4e+38 -3.4e+38 -3.4e+38 -3.4e+38 -3.4e+38 -3.4e+38 -3.4e+38 -3.4e+38 -3.4e+38 -3.4e+38 -3.4e+38 -3.4e+38 -3.4e+38 -3.4e+38 -3.4e+38 -3.4e+38 -3.4e+38 -3.4e+38 -3.4e+38
36.1431655883789 35.5238227844238 34.8102760314941 35.8691711425781 35.9730834960938 35.9386558532715 35.8720397949219 35.7775421142578 35.5532760620117 35.0522880554199 35.0622825622559 35.0989227294922 35.0846786499023 35.1159210205078 35.010181427002 34.8547782897949 34.7019462585449 34.5386695861816 34.3519439697266 34.1003952026367 33.9770088195801 33.6882629394531 33.323860168457 32.8752365112305 -3.4e+38 -3.4e+38 -3.4e+38 -3.4e+38 -3.4e+38 -3.4e+38 -3.4e+38 -3.4e+38 -3.4e+38 -3.4e+38 -3.4e+38 -3.4e+38 -3.4e+38 -3.4e+38 -3.4e+38 -3.4e+38 -3.4e+38 -3.4e+38 -3.4e+38 -3.4e+38 -3.4e+38 -3.4e+38
35.8203163146973 35.8351364135742 34.9307327270508 35.7890281677246 35.894588470459 35.8912162780762 35.8774642944336 35.7526664733887 35.6012077331543 35.2975959777832 35.1599044799805 34.9043312072754 35.0976028442383 35.1194915771484 35.0610466003418 34.9134902954102 34.7940635681152 34.6635513305664 34.4845924377441 34.1318893432617 33.8854942321777 33.7558364868164 33.5687675476074 33.3740386962891 33.0910720825195 32.4843368530273 -3.4e+38 -3.4e+38 -3.4e+38 -3.4e+38 -3.4e+38 -3.4e+38 -3.4e+38 -3.4e+38 -3.4e+38 -3.4e+38 -3.4e+38 -3.4e+38 -3.4e+38 -3.4e+38 -3.4e+38 -3.4e+38 -3.4e+38 -3.4e+38 -3.4e+38 -3.4e+38
35.8240165710449 35.8097801208496 34.8116149902344 34.9658279418945 35.5539665222168 35.8920555114746 35.8962364196777 35.7411499023438 35.664981842041 35.3773193359375 35.0981750488281 34.8931617736816 34.5374717712402 34.9561805725098 35.0698509216309 34.937557220459 34.8897933959961 34.7830619812012 34.5299339294434 33.8911476135254 33.4125595092773 33.8514022827148 33.8022994995117 33.6444931030273 33.2705612182617 32.7837562561035 -3.4e+38 -3.4e+38 -3.4e+38 -3.4e+38 -3.4e+38 -3.4e+38 -3.4e+38 -3.4e+38 -3.4e+38 -3.4e+38 -3.4e+38 -3.4e+38 -3.4e+38 -3.4e+38 -3.4e+38 -3.4e+38 -3.4e+38 -3.4e+38 -3.4e+38 -3.4e+38
35.1590614318848 35.7172660827637 34.4397926330566 33.887134552002 35.280158996582 35.9556770324707 35.8519859313965 35.7589073181152 35.6657562255859 35.3096542358398 34.5465545654297 34.2295837402344 34.436164855957 35.0815238952637 34.9492225646973 35.0036659240723 34.9725341796875 34.8475685119629 34.6976509094238 34.1474380493164 33.5176849365234 33.4809799194336 33.761547088623 33.6692047119141 33.4903182983398 33.2413749694824 -3.4e+38 -3.4e+38 -3.4e+38 -3.4e+38 -3.4e+38 -3.4e+38 -3.4e+38 -3.4e+38 -3.4e+38 -3.4e+38 -3.4e+38 -3.4e+38 -3.4e+38 -3.4e+38 -3.4e+38 -3.4e+38 -3.4e+38 -3.4e+38 -3.4e+38 -3.4e+38
34.4345703125 35.7089881896973 35.1738128662109 35.068962097168 35.788646697998 35.9392852783203 35.757251739502 35.6251449584961 35.685302734375 35.2718391418457 34.6607437133789 34.6011238098145 35.0539283752441 35.0899772644043 34.3374481201172 34.9444122314453 34.9195327758789 34.8486366271973 34.7967338562012 34.5196151733398 34.1673812866211 33.8756866455078 33.9298553466797 33.6377182006836 33.6948127746582 33.5908813476562 33.3746719360352 32.9461631774902 -3.4e+38 -3.4e+38 -3.4e+38 -3.4e+38 -3.4e+38 -3.4e+38 -3.4e+38 -3.4e+38 -3.4e+38 -3.4e+38 -3.4e+38 -3.4e+38 -3.4e+38 -3.4e+38 -3.4e+38 -3.4e+38 -3.4e+38 -3.4e+38
33.7585906982422 35.7326927185059 36.0390510559082 35.8529090881348 35.0258255004883 35.1920318603516 35.6258773803711 35.6901664733887 35.7546463012695 35.5637741088867 35.2142753601074 34.8410339355469 34.8086585998535 34.920539855957 34.5234336853027 34.9837036132812 34.3838157653809 34.2879180908203 34.7422485351562 34.7613487243652 34.5646667480469 34.2836570739746 34.1115303039551 34.0505905151367 33.9332847595215 33.8008728027344 33.5049018859863 33.2009887695312 32.765022277832 32.2124443054199 32.1726379394531 -3.4e+38 -3.4e+38 -3.4e+38 -3.4e+38 -3.4e+38 -3.4e+38 -3.4e+38 -3.4e+38 -3.4e+38 -3.4e+38 -3.4e+38 -3.4e+38 -3.4e+38 -3.4e+38 -3.4e+38
33.7155303955078 35.3653450012207 36.0586738586426 35.9311790466309 35.2242126464844 33.9779090881348 35.0252380371094 35.7711868286133 35.7757377624512 35.6408920288086 35.4747009277344 35.2265777587891 35.1888465881348 35.0044937133789 34.5487289428711 34.4365882873535 34.0510025024414 34.5775260925293 34.7387428283691 34.7173652648926 34.6485214233398 34.3026161193848 33.9334144592285 33.6151313781738 34.0278968811035 33.9333534240723 33.7113265991211 33.4577369689941 33.237174987793 32.6744194030762 32.2548484802246 32.3113136291504 -3.4e+38 -3.4e+38 -3.4e+38 -3.4e+38 -3.4e+38 -3.4e+38 -3.4e+38 -3.4e+38 -3.4e+38 -3.4e+38 -3.4e+38 -3.4e+38 -3.4e+38 -3.4e+38
34.4985694885254 35.3834457397461 35.9706916809082 35.9222793579102 35.8591842651367 34.7390937805176 34.9374847412109 35.7173156738281 35.7989120483398 35.6617736816406 35.4642868041992 35.2225570678711 35.0772323608398 35.1045532226562 34.5424194335938 34.251350402832 34.1342353820801 34.9282913208008 34.7475433349609 34.4545135498047 34.6708068847656 34.5617828369141 34.3446235656738 34.0118751525879 34.202823638916 34.0506324768066 33.8353805541992 33.7629699707031 33.5013427734375 33.061637878418 32.3680763244629 32.3393821716309 -3.4e+38 -3.4e+38 -3.4e+38 -3.4e+38 -3.4e+38 -3.4e+38 -3.4e+38 -3.4e+38 -3.4e+38 -3.4e+38 -3.4e+38 -3.4e+38 -3.4e+38 -3.4e+38
33.7345542907715 35.2665138244629 35.5388717651367 35.3296890258789 35.5685653686523 35.7369956970215 35.466194152832 35.7558135986328 35.7853088378906 35.6628608703613 35.4877395629883 35.3040657043457 35.0997314453125 35.3177719116211 35.1475028991699 35.0200729370117 35.0128402709961 35.1053352355957 35.0386085510254 34.5774230957031 34.1719741821289 34.5915069580078 34.6465530395508 34.1962051391602 34.1194915771484 33.9220275878906 33.8051948547363 33.888111114502 33.6138038635254 33.1983413696289 -3.4e+38 -3.4e+38 -3.4e+38 -3.4e+38 -3.4e+38 -3.4e+38 -3.4e+38 -3.4e+38 -3.4e+38 -3.4e+38 -3.4e+38 -3.4e+38 -3.4e+38 -3.4e+38 -3.4e+38 -3.4e+38
33.1765632629395 33.9926490783691 34.2453994750977 33.991756439209 34.8330192565918 35.3447227478027 35.5959854125977 35.7718505859375 35.7280426025391 35.6198997497559 35.4343032836914 35.2460594177246 35.0850105285645 35.5082931518555 35.4509506225586 35.2912673950195 35.2416114807129 35.2499656677246 35.2203369140625 35.0887260437012 34.7531547546387 34.5243682861328 34.7269477844238 34.5126609802246 34.2537307739258 34.2336692810059 34.138256072998 33.8176383972168 33.5733757019043 33.251033782959 -3.4e+38 -3.4e+38 -3.4e+38 -3.4e+38 -3.4e+38 -3.4e+38 -3.4e+38 -3.4e+38 -3.4e+38 -3.4e+38 -3.4e+38 -3.4e+38 -3.4e+38 -3.4e+38 -3.4e+38 -3.4e+38
33.1903839111328 32.316234588623 31.7641506195068 31.8576507568359 33.6870002746582 34.1325607299805 35.1363563537598 35.3894386291504 35.6015701293945 35.4724884033203 35.2588729858398 35.4720153808594 35.4294700622559 35.3054466247559 35.5888862609863 35.5149612426758 35.414234161377 35.3663864135742 35.3205795288086 35.2521209716797 35.1546440124512 35.0218353271484 34.8416938781738 34.7164077758789 34.405330657959 34.3592262268066 34.2319107055664 33.9089546203613 33.5685234069824 33.310115814209 32.9900550842285 32.5311965942383 -3.4e+38 -3.4e+38 -3.4e+38 -3.4e+38 -3.4e+38 -3.4e+38 -3.4e+38 -3.4e+38 -3.4e+38 -3.4e+38 -3.4e+38 -3.4e+38 -3.4e+38 -3.4e+38
33.2139091491699 32.5076065063477 31.7160491943359 31.2399921417236 31.7304172515869 32.4294700622559 34.0568351745605 35.050479888916 35.6009674072266 35.4241523742676 34.9862480163574 35.4252548217773 35.6328506469727 35.6224365234375 35.5879974365234 35.5503578186035 35.5189399719238 35.4595718383789 35.3925933837891 35.3111190795898 35.2214088439941 35.0938377380371 34.9613647460938 34.8181419372559 34.556941986084 34.4810104370117 34.307487487793 34.0437812805176 33.738037109375 33.5507011413574 33.3617095947266 33.110954284668 32.659610748291 -3.4e+38 -3.4e+38 -3.4e+38 -3.4e+38 32.0169982910156 32.0034637451172 -3.4e+38 -3.4e+38 -3.4e+38 -3.4e+38 -3.4e+38 -3.4e+38 -3.4e+38
33.7487678527832 32.6048889160156 31.8234252929688 31.4817142486572 31.9293308258057 31.7027702331543 32.7044830322266 34.1773490905762 35.2527351379395 35.519359588623 34.601261138916 35.2469215393066 35.5495338439941 35.1518020629883 35.1747016906738 35.4397773742676 35.4697761535645 35.4741439819336 35.3783721923828 35.2228355407715 35.1854019165039 35.0691719055176 34.9976119995117 34.8826332092285 34.7433166503906 34.549259185791 34.378002166748 34.1757659912109 33.9757804870605 33.806324005127 33.6771507263184 33.411304473877 32.9131088256836 -3.4e+38 -3.4e+38 -3.4e+38 -3.4e+38 32.1117668151855 32.0420303344727 32.1120529174805 32.0633392333984 31.9094142913818 -3.4e+38 -3.4e+38 -3.4e+38 -3.4e+38
33.7320251464844 32.6018409729004 31.8783798217773 32.2439346313477 32.0400772094727 32.3699264526367 32.1273918151855 33.3352127075195 35.122486114502 35.6646003723145 34.8044700622559 34.7361183166504 35.3437118530273 33.811164855957 34.596378326416 34.8562049865723 35.2344779968262 35.4681358337402 35.3957672119141 35.2678871154785 35.201114654541 35.1085014343262 35.0443534851074 34.9324684143066 34.8049468994141 34.541316986084 34.4381980895996 34.3035049438477 34.1755828857422 34.0558624267578 33.865364074707 33.6038589477539 33.3068389892578 -3.4e+38 -3.4e+38 32.900089263916 32.5673789978027 32.1921730041504 32.0717468261719 31.8941974639893 31.9451179504395 32.0459671020508 -3.4e+38 -3.4e+38 -3.4e+38 -3.4e+38
32.5471572875977 31.4392185211182 31.3784484863281 32.4814758300781 32.7589302062988 32.6616973876953 32.2720260620117 32.5624732971191 34.5385322570801 35.5426597595215 35.5142517089844 34.8175201416016 35.192253112793 34.0516128540039 34.0222549438477 34.0294914245605 35.0233879089355 35.4781684875488 35.4301147460938 35.3814964294434 35.320743560791 35.205078125 35.1010665893555 34.8573684692383 34.7875442504883 34.6267585754395 34.5380668640137 34.4553833007812 34.356876373291 34.1965942382812 34.0177154541016 33.8154258728027 33.6252136230469 -3.4e+38 33.340877532959 33.2798614501953 33.139087677002 -3.4e+38 32.1897354125977 -3.4e+38 31.9269866943359 -3.4e+38 -3.4e+38 -3.4e+38 -3.4e+38 -3.4e+38
32.5292663574219 31.2470111846924 30.5973949432373 32.8447685241699 33.0066909790039 32.4256057739258 32.0642280578613 32.1550331115723 33.4750175476074 35.3386611938477 35.3881721496582 35.0133323669434 35.0691757202148 35.1130867004395 34.5420913696289 35.3567848205566 35.4774780273438 35.5001411437988 35.4709815979004 35.4037322998047 35.3416366577148 35.2439880371094 35.1530342102051 35.0213890075684 34.9436073303223 34.8201332092285 34.7172050476074 34.6126518249512 34.451099395752 34.339469909668 34.1938247680664 34.0407447814941 33.9011650085449 33.7713241577148 33.678955078125 33.6219253540039 33.367359161377 -3.4e+38 -3.4e+38 -3.4e+38 -3.4e+38 -3.4e+38 -3.4e+38 32.022087097168 -3.4e+38 -3.4e+38
34.0981941223145 33.8002510070801 31.9002342224121 33.2127151489258 31.9015960693359 31.8860778808594 32.2422637939453 32.4819526672363 34.2173347473145 35.3249015808105 35.0510749816895 34.5193405151367 35.1736602783203 35.4476165771484 35.4789924621582 35.4723739624023 35.5111694335938 35.2191543579102 35.2826690673828 35.3487358093262 35.2758979797363 35.2343597412109 35.1804428100586 35.0967712402344 35.0129356384277 34.911922454834 34.8199920654297 34.6472930908203 34.3309783935547 34.3431739807129 34.331844329834 34.2294464111328 34.1226959228516 34.0009613037109 33.9218292236328 33.7825736999512 33.5498466491699 33.3208503723145 33.1147041320801 32.9799194335938 32.9412841796875 32.7557678222656 32.3536376953125 32.0335884094238 -3.4e+38 -3.4e+38
34.1859931945801 33.4317626953125 33.9755172729492 33.790599822998 32.5424003601074 32.553295135498 32.1894874572754 32.3509941101074 34.0599517822266 35.1090927124023 35.3966522216797 35.1733512878418 35.399829864502 35.5783386230469 35.4352645874023 35.2784194946289 35.3761596679688 35.1220779418945 34.9485511779785 35.0306930541992 35.2237777709961 35.2081680297852 35.1671867370605 35.1348838806152 35.0780754089355 34.9896240234375 34.8843231201172 34.674430847168 34.4102172851562 34.4831314086914 34.3976707458496 34.3873023986816 34.2478981018066 34.1549949645996 34.0729522705078 33.8761367797852 33.7090911865234 33.5728187561035 33.4599113464355 33.3693695068359 33.2961349487305 33.0934600830078 32.6061477661133 31.9982109069824 32.000358581543 -3.4e+38
