inst/extdata/Tmax/Tmax14.asc
NCOLS 100 
NROWS 79 
XLLCORNER 148.06 
YLLCORNER -21.49 
CELLSIZE 0.01 
NODATA_value -3.4e+38 
[rows 0 to 19 of 79, columns 46 to 91 of 100]
26.580924987793 25.2643032073975 25.4424743652344 25.6822853088379 26.2449016571045 26.1857757568359 26.4304656982422 26.4469318389893 25.4398326873779 23.4447689056396 25.1564178466797 24.5290298461914 25.3141288757324 26.0107936859131 26.1881504058838 26.3972206115723 26.6184539794922 27.0705966949463 25.6762294769287 26.2865619659424 26.5336475372314 -3.4e+38 -3.4e+38 -3.4e+38 -3.4e+38 -3.4e+38 -3.4e+38 -3.4e+38 -3.4e+38 -3.4e+38 -3.4e+38 -3.4e+38 -3.4e+38 -3.4e+38 -3.4e+38 -3.4e+38 -3.4e+38 -3.4e+38 -3.4e+38 -3.4e+38 -3.4e+38 -3.4e+38 -3.4e+38 -3.4e+38 -3.4e+38 -3.4e+38
26.9187870025635 26.388011932373 25.0268630981445 25.3329029083252 25.5261631011963 25.5121803283691 25.8855247497559 26.284610748291 24.9706401824951 23.933277130127 26.016056060791 25.6381492614746 27.5102252960205 27.1858386993408 26.0377063751221 25.0612049102783 26.2380332946777 28.1264228820801 27.0759830474854 25.8877258300781 26.6289463043213 28.7352676391602 -3.4e+38 -3.4e+38 -3.4e+38 -3.4e+38 -3.4e+38 -3.4e+38 -3.4e+38 -3.4e+38 -3.4e+38 -3.4e+38 -3.4e+38 -3.4e+38 -3.4e+38 -3.4e+38 -3.4e+38 -3.4e+38 -3.4e+38 -3.4e+38 -3.4e+38 -3.4e+38 -3.4e+38 -3.4e+38 -3.4e+38 -3.4e+38
28.6744594573975 25.5564060211182 23.4234733581543 23.9760799407959 23.8409614562988 25.4032764434814 24.5968532562256 24.5318927764893 23.6867942810059 23.4178295135498 25.2934646606445 26.778470993042 28.1840362548828 27.6945133209229 25.189697265625 24.4898147583008 26.0753231048584 25.7472114562988 25.653787612915 25.902364730835 25.6093635559082 25.8938159942627 25.7932071685791 26.3570194244385 -3.4e+38 -3.4e+38 -3.4e+38 -3.4e+38 -3.4e+38 -3.4e+38 -3.4e+38 -3.4e+38 -3.4e+38 -3.4e+38 -3.4e+38 -3.4e+38 -3.4e+38 -3.4e+38 -3.4e+38 -3.4e+38 -3.4e+38 -3.4e+38 -3.4e+38 -3.4e+38 -3.4e+38 -3.4e+38
24.7042102813721 24.2260684967041 21.2423210144043 22.334981918335 23.9887294769287 23.8265419006348 24.3078117370605 24.4845142364502 24.1860885620117 23.7592372894287 25.061071395874 24.6840763092041 27.4937133789062 28.0969333648682 25.567590713501 25.0121326446533 26.8833885192871 27.5772247314453 27.026725769043 26.3019008636475 24.9138946533203 25.9053821563721 25.6844863891602 26.5705432891846 27.111234664917 27.1490268707275 -3.4e+38 -3.4e+38 -3.4e+38 -3.4e+38 -3.4e+38 -3.4e+38 -3.4e+38 -3.4e+38 -3.4e+38 -3.4e+38 -3.4e+38 -3.4e+38 -3.4e+38 -3.4e+38 -3.4e+38 -3.4e+38 -3.4e+38 -3.4e+38 -3.4e+38 -3.4e+38
25.6423377990723 23.8178691864014 21.0359630584717 20.750452041626 22.3374404907227 24.660270690918 25.3583106994629 25.7199459075928 23.8054332733154 22.8119087219238 23.5032901763916 21.9018859863281 23.417667388916 27.5421600341797 24.7365760803223 25.0923557281494 26.9842529296875 26.805736541748 27.4808483123779 27.3958873748779 20.9610748291016 25.8444194793701 26.1791725158691 25.7104320526123 26.5626850128174 27.0912857055664 -3.4e+38 -3.4e+38 -3.4e+38 -3.4e+38 -3.4e+38 -3.4e+38 -3.4e+38 -3.4e+38 -3.4e+38 -3.4e+38 -3.4e+38 -3.4e+38 -3.4e+38 -3.4e+38 -3.4e+38 -3.4e+38 -3.4e+38 -3.4e+38 -3.4e+38 -3.4e+38
21.3227119445801 22.1747913360596 20.2400817871094 19.5825481414795 22.2910652160645 24.5231952667236 23.9393367767334 24.3880271911621 23.2346611022949 23.552318572998 21.2282009124756 20.9155921936035 25.0245933532715 25.8801918029785 23.7527847290039 25.1135005950928 26.4083919525146 27.5585441589355 26.595100402832 26.3725299835205 20.9948425292969 23.097827911377 26.7729797363281 25.8091411590576 26.3055763244629 26.3032894134521 -3.4e+38 -3.4e+38 -3.4e+38 -3.4e+38 -3.4e+38 -3.4e+38 -3.4e+38 -3.4e+38 -3.4e+38 -3.4e+38 -3.4e+38 -3.4e+38 -3.4e+38 -3.4e+38 -3.4e+38 -3.4e+38 -3.4e+38 -3.4e+38 -3.4e+38 -3.4e+38
20.1838207244873 20.9588737487793 21.27490234375 20.8355731964111 24.8786926269531 24.5409622192383 24.5438938140869 23.4157180786133 24.2654037475586 23.1788158416748 22.2765636444092 22.6125144958496 23.7712745666504 27.4550533294678 27.3542251586914 28.4656753540039 25.0147819519043 25.3692111968994 25.4185485839844 25.9171047210693 27.7256107330322 25.5085716247559 26.3515529632568 25.9195156097412 25.3858242034912 24.7441368103027 24.7240772247314 25.347936630249 -3.4e+38 -3.4e+38 -3.4e+38 -3.4e+38 -3.4e+38 -3.4e+38 -3.4e+38 -3.4e+38 -3.4e+38 -3.4e+38 -3.4e+38 -3.4e+38 -3.4e+38 -3.4e+38 -3.4e+38 -3.4e+38 -3.4e+38 -3.4e+38
19.1776103973389 21.661262512207 26.88108253479 21.3730525970459 20.2755088806152 22.0556297302246 23.9178600311279 23.032564163208 23.3830184936523 24.2450084686279 22.6689987182617 22.2108287811279 23.2712593078613 24.7362747192383 23.0373153686523 25.9324531555176 22.9205989837646 22.7422008514404 24.1020088195801 25.5060768127441 25.7791709899902 24.4655590057373 25.0326251983643 25.6949768066406 24.7154197692871 24.0002384185791 23.7866897583008 24.5096549987793 25.932975769043 24.4910335540771 25.7561168670654 -3.4e+38 -3.4e+38 -3.4e+38 -3.4e+38 -3.4e+38 -3.4e+38 -3.4e+38 -3.4e+38 -3.4e+38 -3.4e+38 -3.4e+38 -3.4e+38 -3.4e+38 -3.4e+38 -3.4e+38
19.1529884338379 21.0191211700439 21.7661609649658 25.6837062835693 21.2488307952881 19.7028961181641 21.7260341644287 22.089469909668 24.3770503997803 24.6605491638184 24.8703765869141 23.1927165985107 22.8264827728271 23.446798324585 21.3296813964844 21.2088069915771 20.5307216644287 24.7900295257568 23.3765182495117 24.7854518890381 26.8716697692871 26.7753772735596 24.3020820617676 22.3447933197021 23.4780673980713 24.1490173339844 24.8240032196045 26.0071392059326 25.6933650970459 24.5001029968262 24.0591773986816 26.4998912811279 -3.4e+38 -3.4e+38 -3.4e+38 -3.4e+38 -3.4e+38 -3.4e+38 -3.4e+38 -3.4e+38 -3.4e+38 -3.4e+38 -3.4e+38 -3.4e+38 -3.4e+38 -3.4e+38
20.3750953674316 21.0125598907471 21.5503063201904 22.3331775665283 23.8985195159912 20.9094524383545 20.5627498626709 22.2194080352783 23.7662487030029 24.0448455810547 23.9641456604004 23.7069797515869 22.66037940979 22.7705192565918 21.2010555267334 20.8683643341064 20.502025604248 25.4743843078613 25.2556991577148 23.4931488037109 24.6521911621094 26.4760322570801 27.2282218933105 26.2132816314697 26.2448863983154 23.9478015899658 24.5504951477051 27.1171760559082 25.1381511688232 24.4972896575928 27.6107864379883 28.0938110351562 -3.4e+38 -3.4e+38 -3.4e+38 -3.4e+38 -3.4e+38 -3.4e+38 -3.4e+38 -3.4e+38 -3.4e+38 -3.4e+38 -3.4e+38 -3.4e+38 -3.4e+38 -3.4e+38
19.4508113861084 21.417989730835 21.2795181274414 21.2912483215332 22.7487297058105 25.590747833252 22.7539863586426 23.5919342041016 23.4012279510498 23.6212100982666 24.4050464630127 23.887659072876 23.427209854126 24.0332641601562 23.4325141906738 23.5195598602295 24.6482219696045 24.9391326904297 26.1640338897705 25.9244480133057 23.5626697540283 26.7119846343994 24.3965282440186 23.2613430023193 25.0501194000244 24.7674503326416 25.7918567657471 25.7814235687256 27.8029022216797 28.4622344970703 -3.4e+38 -3.4e+38 -3.4e+38 -3.4e+38 -3.4e+38 -3.4e+38 -3.4e+38 -3.4e+38 -3.4e+38 -3.4e+38 -3.4e+38 -3.4e+38 -3.4e+38 -3.4e+38 -3.4e+38 -3.4e+38
18.9811172485352 19.9718570709229 20.0678005218506 19.2844104766846 20.0277423858643 21.0057582855225 27.5988674163818 24.3157253265381 24.0249462127686 23.7194576263428 23.9187641143799 24.3469429016113 23.498685836792 24.0386009216309 23.7652912139893 25.6172466278076 25.5836772918701 25.5319290161133 28.6057109832764 26.3902683258057 24.5957870483398 24.6376857757568 24.7462711334229 24.1610584259033 28.1490993499756 24.004508972168 25.3858451843262 25.1768398284912 26.0036525726318 24.8784923553467 -3.4e+38 -3.4e+38 -3.4e+38 -3.4e+38 -3.4e+38 -3.4e+38 -3.4e+38 -3.4e+38 -3.4e+38 -3.4e+38 -3.4e+38 -3.4e+38 -3.4e+38 -3.4e+38 -3.4e+38 -3.4e+38
18.7197284698486 17.5148506164551 17.2026882171631 17.1337757110596 19.2860336303711 19.9981632232666 21.3940811157227 21.698299407959 23.4854011535645 23.9955959320068 22.5876922607422 22.8526458740234 22.7380657196045 23.281421661377 23.654748916626 23.6782703399658 23.9168491363525 25.6603984832764 28.0214080810547 27.721851348877 25.5001354217529 25.7363777160645 25.6260108947754 27.408519744873 25.7601928710938 25.0325889587402 25.9187259674072 25.2147750854492 23.6403408050537 21.8266849517822 24.9857006072998 26.4212036132812 -3.4e+38 -3.4e+38 -3.4e+38 -3.4e+38 -3.4e+38 -3.4e+38 -3.4e+38 -3.4e+38 -3.4e+38 -3.4e+38 -3.4e+38 -3.4e+38 -3.4e+38 -3.4e+38
18.7303333282471 17.8528537750244 17.3398838043213 16.9380168914795 17.4882850646973 18.0340538024902 19.7572746276855 20.6869316101074 23.0512027740479 24.1883487701416 23.3348255157471 23.1808032989502 23.6536750793457 24.1026153564453 24.4321327209473 25.7039279937744 23.8937873840332 25.8756084442139 26.9696006774902 25.865743637085 25.8670349121094 28.2686748504639 25.9772815704346 25.4753112792969 26.8613700866699 25.1329975128174 24.1468391418457 23.9726505279541 23.0987033843994 24.39599609375 26.3938808441162 26.17919921875 25.1704292297363 -3.4e+38 -3.4e+38 -3.4e+38 -3.4e+38 21.5170345306396 27.7270011901855 -3.4e+38 -3.4e+38 -3.4e+38 -3.4e+38 -3.4e+38 -3.4e+38 -3.4e+38
19.1498432159424 18.4853038787842 17.4011821746826 17.0160160064697 17.6251792907715 17.3774394989014 18.5469913482666 20.0163097381592 21.0055465698242 21.9706954956055 20.4494781494141 23.720947265625 22.9529342651367 23.7088050842285 24.9773292541504 23.970775604248 24.7654457092285 28.2258968353271 24.7793636322021 26.6085643768311 25.7789821624756 27.7242794036865 26.4239482879639 25.7207202911377 25.6905460357666 25.8084678649902 25.7174396514893 24.3824367523193 23.9628601074219 26.8076801300049 26.7935886383057 26.0017318725586 25.4631423950195 -3.4e+38 -3.4e+38 -3.4e+38 -3.4e+38 22.6673717498779 26.5038223266602 27.9911136627197 27.628812789917 27.5226745605469 -3.4e+38 -3.4e+38 -3.4e+38 -3.4e+38
19.0752620697021 17.857666015625 17.37255859375 17.428804397583 17.0175743103027 18.0440216064453 17.8995323181152 19.1591281890869 22.8798007965088 24.3698616027832 22.4252510070801 20.7025699615479 24.3467979431152 20.201904296875 20.0721492767334 20.862699508667 26.0216598510742 24.2510890960693 23.8196144104004 25.0089950561523 25.1974639892578 25.9765605926514 25.8091125488281 25.1133213043213 25.0868606567383 25.2358226776123 26.3846569061279 25.4105930328369 24.6048278808594 24.6049861907959 25.4182262420654 21.9936866760254 28.2961311340332 -3.4e+38 -3.4e+38 25.6884498596191 27.4600772857666 26.7266101837158 25.5069522857666 26.6038703918457 26.5442600250244 27.9767570495605 -3.4e+38 -3.4e+38 -3.4e+38 -3.4e+38
17.668550491333 16.3811855316162 16.4773464202881 17.7733345031738 18.2367305755615 17.9779033660889 17.5487022399902 18.3458614349365 25.1698722839355 23.4548015594482 27.653564453125 20.4916687011719 21.3370132446289 22.3831844329834 20.2503757476807 20.457555770874 20.9482574462891 22.7496528625488 24.5274829864502 23.9492244720459 26.8013668060303 24.1419773101807 24.8573665618896 25.1903762817383 24.6602516174316 25.7735710144043 25.7401142120361 26.0844039916992 26.4184036254883 25.1165294647217 25.3880252838135 22.0100116729736 24.0885334014893 -3.4e+38 28.0390548706055 23.4878311157227 25.4692134857178 -3.4e+38 28.0186634063721 -3.4e+38 27.7474060058594 -3.4e+38 -3.4e+38 -3.4e+38 -3.4e+38 -3.4e+38
18.3021755218506 16.5374393463135 15.8147220611572 18.583028793335 18.6643199920654 17.7988986968994 17.413257598877 17.4929828643799 19.1757698059082 21.2663059234619 21.6280403137207 25.5345859527588 27.1980667114258 22.5368003845215 22.0841274261475 23.257848739624 23.6594753265381 23.9323215484619 23.4779205322266 23.4068927764893 24.9729900360107 25.0259208679199 26.587610244751 26.6318817138672 24.928882598877 24.7157096862793 25.6782855987549 24.6570110321045 24.9604969024658 24.8386325836182 22.5383968353271 23.8368034362793 27.8214683532715 24.8555736541748 23.914478302002 26.6010780334473 26.267728805542 -3.4e+38 -3.4e+38 -3.4e+38 -3.4e+38 -3.4e+38 -3.4e+38 27.6614818572998 -3.4e+38 -3.4e+38
19.1105804443359 18.8714084625244 16.4452152252197 18.1383438110352 16.7974853515625 17.0480270385742 18.1022911071777 18.2182540893555 19.8223419189453 22.4162940979004 21.5112953186035 21.731575012207 24.2413311004639 28.1519794464111 23.6024494171143 23.8835105895996 23.6604404449463 22.9222145080566 22.4210224151611 22.3474140167236 27.753210067749 25.3732261657715 27.418493270874 25.5988121032715 25.7986869812012 24.3057594299316 24.7679710388184 23.6970710754395 24.3565120697021 24.4185562133789 22.8142757415771 23.0961227416992 26.1666564941406 26.3075561523438 25.8233413696289 26.2119064331055 25.8714008331299 27.5496711730957 26.1505546569824 23.1677799224854 25.5719757080078 25.3054637908936 26.4480323791504 25.6138782501221 -3.4e+38 -3.4e+38
19.6622886657715 18.8775596618652 19.2054405212402 19.3702487945557 17.9792823791504 17.4206161499023 17.1955833435059 17.5617637634277 19.685245513916 27.2369041442871 21.7973365783691 27.6348304748535 26.4424152374268 23.6007461547852 23.795295715332 21.4193840026855 21.5154800415039 24.0228729248047 22.5720844268799 22.8531265258789 24.9756603240967 26.4906406402588 28.4886837005615 26.214075088501 27.8458251953125 24.6636257171631 27.3687629699707 25.7815742492676 24.9710922241211 24.6864948272705 23.9256801605225 25.0757865905762 26.6402606964111 27.2416152954102 27.4445972442627 24.7042903900146 24.4483108520508 25.8782958984375 26.9965801239014 27.7732009887695 27.3593463897705 27.4438648223877 25.8004989624023 25.6889247894287 22.0702590942383 -3.4e+38
