inst/extdata/Tmax/Tmax117.asc
NCOLS 100 
NROWS 79 
XLLCORNER 148.06 
YLLCORNER -21.49 
CELLSIZE 0.01 
NODATA_value -3.4e+38 
[rows 0 to 19 of 79, columns 46 to 91 of 100]
41.0734672546387 40.893123626709 40.7967948913574 40.8126068115234 40.807544708252 40.6704940795898 40.9109001159668 40.7394714355469 40.5447883605957 40.3670654296875 40.2721672058105 39.9871482849121 39.884391784668 40.1193618774414 40.3940315246582 40.2855567932129 40.1403007507324 39.9431037902832 39.6121253967285 39.3847045898438 39.1876487731934 -3.4e+38 -3.4e+38 -3.4e+38 -3.4e+38 -3.4e+38 -3.4e+38 -3.4e+38 -3.4e+38 -3.4e+38 -3.4e+38 -3.4e+38 -3.4e+38 -3.4e+38 -3.4e+38 -3.4e+38 -3.4e+38 -3.4e+38 -3.4e+38 -3.4e+38 -3.4e+38 -3.4e+38 -3.4e+38 -3.4e+38 -3.4e+38 -3.4e+38
41.0088882446289 40.7151756286621 40.4807662963867 40.7761573791504 40.9654083251953 40.9582748413086 40.9240913391113 40.8269538879395 40.4737663269043 40.0066070556641 40.1474876403809 39.5993499755859 40.1273651123047 40.4464225769043 40.4174308776855 40.2999076843262 40.1740608215332 40.0173759460449 39.7948684692383 39.6733055114746 39.5306549072266 39.3659591674805 -3.4e+38 -3.4e+38 -3.4e+38 -3.4e+38 -3.4e+38 -3.4e+38 -3.4e+38 -3.4e+38 -3.4e+38 -3.4e+38 -3.4e+38 -3.4e+38 -3.4e+38 -3.4e+38 -3.4e+38 -3.4e+38 -3.4e+38 -3.4e+38 -3.4e+38 -3.4e+38 -3.4e+38 -3.4e+38 -3.4e+38 -3.4e+38
40.8721313476562 40.1945419311523 39.5717010498047 40.6922302246094 40.9185981750488 40.9193572998047 40.9133186340332 40.8636283874512 40.6261825561523 39.9959259033203 40.0931930541992 40.2447280883789 40.327522277832 40.4829406738281 40.4416885375977 40.3211669921875 40.2208557128906 40.1080627441406 39.9636459350586 39.7225761413574 39.6524658203125 39.4437026977539 39.1469535827637 38.7741813659668 -3.4e+38 -3.4e+38 -3.4e+38 -3.4e+38 -3.4e+38 -3.4e+38 -3.4e+38 -3.4e+38 -3.4e+38 -3.4e+38 -3.4e+38 -3.4e+38 -3.4e+38 -3.4e+38 -3.4e+38 -3.4e+38 -3.4e+38 -3.4e+38 -3.4e+38 -3.4e+38 -3.4e+38 -3.4e+38
40.479663848877 40.5194206237793 39.7110404968262 40.5444107055664 40.7691421508789 40.8185501098633 40.8984489440918 40.8022651672363 40.6697692871094 40.3194389343262 40.201904296875 39.9417839050293 40.3067588806152 40.4430389404297 40.4649620056152 40.3479804992676 40.28466796875 40.2070960998535 40.055965423584 39.6627616882324 39.431755065918 39.4230499267578 39.3224830627441 39.2043876647949 38.9862327575684 38.4863700866699 -3.4e+38 -3.4e+38 -3.4e+38 -3.4e+38 -3.4e+38 -3.4e+38 -3.4e+38 -3.4e+38 -3.4e+38 -3.4e+38 -3.4e+38 -3.4e+38 -3.4e+38 -3.4e+38 -3.4e+38 -3.4e+38 -3.4e+38 -3.4e+38 -3.4e+38 -3.4e+38
40.4963836669922 40.5083541870117 39.6134071350098 39.7769966125488 40.3506317138672 40.7765998840332 40.8816413879395 40.7389907836914 40.7148208618164 40.3834228515625 40.098445892334 39.9398078918457 39.6360206604004 40.1365127563477 40.4033699035645 40.300479888916 40.3338623046875 40.2795181274414 40.0213394165039 39.3355903625488 38.8885307312012 39.4276580810547 39.4786796569824 39.3874855041504 39.0997505187988 38.7357368469238 -3.4e+38 -3.4e+38 -3.4e+38 -3.4e+38 -3.4e+38 -3.4e+38 -3.4e+38 -3.4e+38 -3.4e+38 -3.4e+38 -3.4e+38 -3.4e+38 -3.4e+38 -3.4e+38 -3.4e+38 -3.4e+38 -3.4e+38 -3.4e+38 -3.4e+38 -3.4e+38
39.8951263427734 40.4334869384766 39.2850761413574 38.8022193908691 40.1058616638184 40.825553894043 40.7697677612305 40.7164192199707 40.6648483276367 40.2912406921387 39.575626373291 39.3107299804688 39.5451965332031 40.2498817443848 40.1504173278809 40.3152923583984 40.3653297424316 40.2873153686523 40.1808586120605 39.5904541015625 38.9803771972656 39.0125198364258 39.3743553161621 39.3716735839844 39.2888717651367 39.1272163391113 -3.4e+38 -3.4e+38 -3.4e+38 -3.4e+38 -3.4e+38 -3.4e+38 -3.4e+38 -3.4e+38 -3.4e+38 -3.4e+38 -3.4e+38 -3.4e+38 -3.4e+38 -3.4e+38 -3.4e+38 -3.4e+38 -3.4e+38 -3.4e+38 -3.4e+38 -3.4e+38
39.2456741333008 40.4394035339355 39.9660911560059 39.8945121765137 40.6052398681641 40.7660942077637 40.6302947998047 40.536262512207 40.6412887573242 40.2637596130371 39.6928863525391 39.6723556518555 40.1585807800293 40.2421722412109 39.5353546142578 40.1768760681152 40.2091827392578 40.2084884643555 40.2384185791016 39.9690742492676 39.6338653564453 39.4040374755859 39.5373344421387 39.3096351623535 39.459041595459 39.4219512939453 39.2822799682617 38.9706611633301 -3.4e+38 -3.4e+38 -3.4e+38 -3.4e+38 -3.4e+38 -3.4e+38 -3.4e+38 -3.4e+38 -3.4e+38 -3.4e+38 -3.4e+38 -3.4e+38 -3.4e+38 -3.4e+38 -3.4e+38 -3.4e+38 -3.4e+38 -3.4e+38
38.6219673156738 40.4655418395996 40.790699005127 40.639102935791 39.8823547363281 40.0411262512207 40.501148223877 40.6026496887207 40.709156036377 40.5558891296387 40.230281829834 39.9022331237793 39.9099884033203 40.0633239746094 39.710994720459 40.2087478637695 39.6484298706055 39.6010284423828 40.123363494873 40.203067779541 40.0322456359863 39.8131217956543 39.7022895812988 39.7112083435059 39.6603889465332 39.5835571289062 39.3755416870117 39.1783256530762 38.8600425720215 38.3912963867188 38.3683662414551 -3.4e+38 -3.4e+38 -3.4e+38 -3.4e+38 -3.4e+38 -3.4e+38 -3.4e+38 -3.4e+38 -3.4e+38 -3.4e+38 -3.4e+38 -3.4e+38 -3.4e+38 -3.4e+38 -3.4e+38
38.606632232666 40.1527519226074 40.8434715270996 40.7489700317383 40.0992050170898 38.936351776123 39.9532661437988 40.7149772644043 40.759765625 40.6628875732422 40.5198287963867 40.310432434082 40.3145141601562 40.1714630126953 39.7607727050781 39.6772880554199 39.338924407959 39.912956237793 40.1319694519043 40.1682434082031 40.1333122253418 39.8412208557129 39.5159530639648 39.244873046875 39.7508392333984 39.7238998413086 39.5803146362305 39.405818939209 39.2658233642578 38.776554107666 38.4852676391602 38.6057586669922 -3.4e+38 -3.4e+38 -3.4e+38 -3.4e+38 -3.4e+38 -3.4e+38 -3.4e+38 -3.4e+38 -3.4e+38 -3.4e+38 -3.4e+38 -3.4e+38 -3.4e+38 -3.4e+38
39.3372039794922 40.1805191040039 40.769157409668 40.752311706543 40.7221183776855 39.6548805236816 39.8794708251953 40.6701164245605 40.7919464111328 40.6918296813965 40.5159225463867 40.3124313354492 40.2073974609375 40.2782363891602 39.7590484619141 39.4968795776367 39.4221611022949 40.2733268737793 40.1389999389648 39.8898811340332 40.1489524841309 40.1042137145996 39.9340744018555 39.6459159851074 39.9238777160645 39.825138092041 39.6730575561523 39.6769256591797 39.5006866455078 39.17431640625 38.6181259155273 38.6433486938477 -3.4e+38 -3.4e+38 -3.4e+38 -3.4e+38 -3.4e+38 -3.4e+38 -3.4e+38 -3.4e+38 -3.4e+38 -3.4e+38 -3.4e+38 -3.4e+38 -3.4e+38 -3.4e+38
38.632007598877 40.0811767578125 40.3638687133789 40.1921005249023 40.4492073059082 40.6195678710938 40.396427154541 40.718147277832 40.7860107421875 40.7001991271973 40.5462799072266 40.4007949829102 40.2364883422852 40.5012283325195 40.371467590332 40.2710380554199 40.3103637695312 40.4596557617188 40.4442749023438 40.0143165588379 39.6219367980957 40.1244659423828 40.2457313537598 39.8313980102539 39.8175735473633 39.6603164672852 39.6088333129883 39.7987594604492 39.6175422668457 39.3102607727051 -3.4e+38 -3.4e+38 -3.4e+38 -3.4e+38 -3.4e+38 -3.4e+38 -3.4e+38 -3.4e+38 -3.4e+38 -3.4e+38 -3.4e+38 -3.4e+38 -3.4e+38 -3.4e+38 -3.4e+38 -3.4e+38
38.1086807250977 38.8986206054688 39.1576347351074 38.942081451416 39.758186340332 40.2474975585938 40.5331878662109 40.7430877685547 40.7355041503906 40.6636657714844 40.4994583129883 40.349609375 40.227912902832 40.702995300293 40.689079284668 40.5536460876465 40.5517349243164 40.6129112243652 40.6354217529297 40.5492706298828 40.2212257385254 40.0475082397461 40.324462890625 40.1581039428711 39.9483261108398 39.991039276123 39.9754600524902 39.7253532409668 39.5744781494141 39.3635635375977 -3.4e+38 -3.4e+38 -3.4e+38 -3.4e+38 -3.4e+38 -3.4e+38 -3.4e+38 -3.4e+38 -3.4e+38 -3.4e+38 -3.4e+38 -3.4e+38 -3.4e+38 -3.4e+38 -3.4e+38 -3.4e+38
38.1138229370117 37.2951316833496 36.7780342102051 36.8878402709961 38.6708946228027 39.0925941467285 40.0852890014648 40.3619613647461 40.6059455871582 40.5131301879883 40.321533203125 40.5746078491211 40.5721206665039 40.4869766235352 40.826171875 40.7821731567383 40.7254676818848 40.7256965637207 40.728946685791 40.7085266113281 40.6355857849121 40.5628395080566 40.4321174621582 40.3665161132812 40.1042022705078 40.1177749633789 40.0654296875 39.8081893920898 39.5432510375977 39.3861846923828 39.1630325317383 38.828441619873 -3.4e+38 -3.4e+38 -3.4e+38 -3.4e+38 -3.4e+38 -3.4e+38 -3.4e+38 -3.4e+38 -3.4e+38 -3.4e+38 -3.4e+38 -3.4e+38 -3.4e+38 -3.4e+38
38.1579208374023 37.4995994567871 36.7494583129883 36.3006057739258 36.8007774353027 37.4782104492188 39.0795707702637 40.0599899291992 40.6337814331055 40.4929733276367 40.0790405273438 40.5532379150391 40.8066864013672 40.8392448425293 40.849235534668 40.841869354248 40.8573760986328 40.8438339233398 40.8226661682129 40.7900466918945 40.7270317077637 40.6630172729492 40.5854377746582 40.4989700317383 40.2878952026367 40.2667617797852 40.1598739624023 39.9598121643066 39.7211875915527 39.6173286437988 39.4916000366211 39.3331832885742 38.9981918334961 -3.4e+38 -3.4e+38 -3.4e+38 -3.4e+38 38.5714416503906 38.6005554199219 -3.4e+38 -3.4e+38 -3.4e+38 -3.4e+38 -3.4e+38 -3.4e+38 -3.4e+38
38.6687698364258 37.5930328369141 36.8523292541504 36.5355224609375 36.9935340881348 36.7646827697754 37.7766265869141 39.2255249023438 40.2966194152832 40.5956993103027 39.7080307006836 40.3795166015625 40.7257995605469 40.3611488342285 40.4254341125488 40.7278900146484 40.8058700561523 40.8585510253906 40.8110580444336 40.7012062072754 40.6936531066895 40.6403770446777 40.6267318725586 40.5687599182129 40.4872970581055 40.3338661193848 40.2239723205566 40.0834465026855 39.9474334716797 39.8462600708008 39.7600250244141 39.5913429260254 39.199878692627 -3.4e+38 -3.4e+38 -3.4e+38 -3.4e+38 38.682731628418 38.6489486694336 38.7708053588867 38.7454452514648 38.6172027587891 -3.4e+38 -3.4e+38 -3.4e+38 -3.4e+38
38.6553001403809 37.5895652770996 36.9040374755859 37.280029296875 37.1000366210938 37.4175491333008 37.2104606628418 38.4142379760742 40.1758766174316 40.7492027282715 39.9120674133301 39.8781661987305 40.521598815918 39.0327796936035 39.8463668823242 40.1307525634766 40.5634422302246 40.8595809936523 40.8360366821289 40.7546653747559 40.7144775390625 40.685188293457 40.6774597167969 40.6203689575195 40.5481796264648 40.3157615661621 40.2738838195801 40.1991920471191 40.1328239440918 40.0740280151367 39.9319686889648 39.7629127502441 39.553150177002 -3.4e+38 -3.4e+38 39.2987670898438 39.0581970214844 38.7780838012695 38.6875762939453 38.5327758789062 38.6189117431641 38.7745819091797 -3.4e+38 -3.4e+38 -3.4e+38 -3.4e+38
37.5172424316406 36.4536781311035 36.4108848571777 37.5104789733887 37.8013572692871 37.7020072937012 37.3510360717773 37.6586151123047 39.6117515563965 40.6328773498535 40.6247291564941 39.9639854431152 40.3741111755371 39.2726135253906 39.2775039672852 39.305492401123 40.3524856567383 40.876880645752 40.8781318664551 40.8805999755859 40.845817565918 40.7898483276367 40.7372665405273 40.5353469848633 40.5222015380859 40.3970985412598 40.365894317627 40.3419189453125 40.3000068664551 40.2054214477539 40.0698623657227 39.9481658935547 39.826587677002 -3.4e+38 39.6575584411621 39.6218948364258 39.5384368896484 -3.4e+38 38.824821472168 -3.4e+38 38.603874206543 -3.4e+38 -3.4e+38 -3.4e+38 -3.4e+38 -3.4e+38
37.4893112182617 36.2520141601562 35.6258850097656 37.8540496826172 38.0327949523926 37.4597663879395 37.1343536376953 37.2450714111328 38.5676879882812 40.4255752563477 40.4942245483398 40.1540412902832 40.2454948425293 40.3287353515625 39.7924118041992 40.6486053466797 40.8218269348145 40.8951454162598 40.9155158996582 40.8965454101562 40.858757019043 40.8205757141113 40.7800178527832 40.6965484619141 40.6721801757812 40.5840530395508 40.5335159301758 40.481876373291 40.3776664733887 40.3295021057129 40.2207412719727 40.1387519836426 40.0577354431152 39.9796829223633 39.9340667724609 39.9059371948242 39.728759765625 -3.4e+38 -3.4e+38 -3.4e+38 -3.4e+38 -3.4e+38 -3.4e+38 38.8331909179688 -3.4e+38 -3.4e+38
39.0235328674316 38.7583541870117 36.9296875 38.2324256896973 36.9681167602539 36.9460563659668 37.3282852172852 37.5865364074707 39.3164596557617 40.4384689331055 40.1828842163086 39.6884727478027 40.3785133361816 40.6979484558105 40.7732086181641 40.7954254150391 40.8828125 40.6233787536621 40.7385711669922 40.8595924377441 40.8083801269531 40.8284873962402 40.8255882263184 40.7915382385254 40.7579460144043 40.6909866333008 40.6506996154785 40.5282173156738 40.2510261535645 40.3316268920898 40.3603324890137 40.3256950378418 40.2710266113281 40.1949157714844 40.1592674255371 40.0618591308594 39.9023818969727 39.7502746582031 39.614860534668 39.5378875732422 39.5205001831055 39.4001884460449 39.1005516052246 38.8700904846191 -3.4e+38 -3.4e+38
39.1104698181152 38.4038352966309 38.9512710571289 38.7946014404297 37.5973510742188 37.6026573181152 37.2739524841309 37.4552803039551 39.1649208068848 40.2297668457031 40.5368766784668 40.3480758666992 40.6158714294434 40.8403625488281 40.7344589233398 40.5994262695312 40.7458648681641 40.5260124206543 40.3909187316895 40.5244522094727 40.7526931762695 40.7986793518066 40.8074531555176 40.8266448974609 40.8198013305664 40.7658462524414 40.7123870849609 40.5461044311523 40.3215446472168 40.462718963623 40.4050216674805 40.4644966125488 40.3690643310547 40.3201751708984 40.2831420898438 40.1324615478516 40.0307312011719 39.9591827392578 39.9048843383789 39.8649826049805 39.8184127807617 39.6809768676758 39.2991180419922 38.8361511230469 38.8808059692383 -3.4e+38
