inst/extdata/Tmax/Tmax33.asc
NCOLS 100 
NROWS 79 
XLLCORNER 148.06 
YLLCORNER -21.49 
CELLSIZE 0.01 
NODATA_value -3.4e+38 
[rows 0 to 19 of 79, columns 46 to 91 of 100]
23.4541988372803 22.1306114196777 22.3017272949219 22.5339946746826 23.0887603759766 23.0217475891113 23.2577495574951 23.2658138275146 22.2507133483887 20.2479438781738 21.9488563537598 21.3107070922852 22.0822582244873 22.7601776123047 22.9186496734619 23.109058380127 23.3092842102051 23.7374153137207 22.3161964416504 22.8946762084961 23.1282978057861 -3.4e+38 -3.4e+38 -3.4e+38 -3.4e+38 -3.4e+38 -3.4e+38 -3.4e+38 -3.4e+38 -3.4e+38 -3.4e+38 -3.4e+38 -3.4e+38 -3.4e+38 -3.4e+38 -3.4e+38 -3.4e+38 -3.4e+38 -3.4e+38 -3.4e+38 -3.4e+38 -3.4e+38 -3.4e+38 -3.4e+38 -3.4e+38 -3.4e+38
23.8104705810547 23.2737636566162 21.9070987701416 22.205057144165 22.3910179138184 22.3696746826172 22.7355213165283 23.1271457672119 21.8058395385742 20.7617969512939 22.8307075500488 22.4483509063721 24.2986011505127 23.9574298858643 22.793514251709 21.8000087738037 22.9583778381348 24.8264636993408 23.754035949707 22.5423221588135 23.270450592041 25.372537612915 -3.4e+38 -3.4e+38 -3.4e+38 -3.4e+38 -3.4e+38 -3.4e+38 -3.4e+38 -3.4e+38 -3.4e+38 -3.4e+38 -3.4e+38 -3.4e+38 -3.4e+38 -3.4e+38 -3.4e+38 -3.4e+38 -3.4e+38 -3.4e+38 -3.4e+38 -3.4e+38 -3.4e+38 -3.4e+38 -3.4e+38 -3.4e+38
25.5850639343262 22.4668159484863 20.346851348877 20.8691959381104 20.7271347045898 22.2829113006592 21.4698333740234 21.3958568572998 20.5416870117188 20.2677707672119 22.1307334899902 23.6023826599121 24.9947891235352 24.491153717041 21.9722690582275 21.2575454711914 22.8269786834717 22.4822216033936 22.3717155456543 22.6044178009033 22.2922401428223 22.5566806793213 22.4366588592529 22.9708423614502 -3.4e+38 -3.4e+38 -3.4e+38 -3.4e+38 -3.4e+38 -3.4e+38 -3.4e+38 -3.4e+38 -3.4e+38 -3.4e+38 -3.4e+38 -3.4e+38 -3.4e+38 -3.4e+38 -3.4e+38 -3.4e+38 -3.4e+38 -3.4e+38 -3.4e+38 -3.4e+38 -3.4e+38 -3.4e+38
21.6365604400635 21.1525497436523 18.1834087371826 19.2500381469727 20.8969287872314 20.7274646759033 21.2005596160889 21.3689823150635 21.0619583129883 20.6276664733887 21.9202098846436 21.5355434417725 24.3296794891357 24.9200038909912 22.3779773712158 21.8096237182617 23.6675586700439 24.3477001190186 23.784387588501 23.0467052459717 21.6375255584717 22.6023330688477 22.3671417236328 23.2496471405029 23.7794246673584 23.7714920043945 -3.4e+38 -3.4e+38 -3.4e+38 -3.4e+38 -3.4e+38 -3.4e+38 -3.4e+38 -3.4e+38 -3.4e+38 -3.4e+38 -3.4e+38 -3.4e+38 -3.4e+38 -3.4e+38 -3.4e+38 -3.4e+38 -3.4e+38 -3.4e+38 -3.4e+38 -3.4e+38
22.5947589874268 20.7652359008789 17.9740581512451 17.7054710388184 19.2693462371826 21.5810222625732 22.2712745666504 22.6254367828369 20.7027149200439 19.7023582458496 20.3875427246094 18.7790966033936 20.2922019958496 24.394458770752 21.5757884979248 21.9207401275635 23.8010444641113 23.6115474700928 24.2744903564453 24.1836166381836 17.7436275482178 22.5889492034912 22.9041290283203 22.4313983917236 23.2644634246826 23.757007598877 -3.4e+38 -3.4e+38 -3.4e+38 -3.4e+38 -3.4e+38 -3.4e+38 -3.4e+38 -3.4e+38 -3.4e+38 -3.4e+38 -3.4e+38 -3.4e+38 -3.4e+38 -3.4e+38 -3.4e+38 -3.4e+38 -3.4e+38 -3.4e+38 -3.4e+38 -3.4e+38
18.2878971099854 19.1443824768066 17.1009578704834 16.3622188568115 19.2489795684814 21.4639167785645 20.8733520507812 21.3150596618652 20.1543560028076 20.467306137085 18.1526985168457 17.8417587280273 21.9304313659668 22.7590484619141 20.6230354309082 21.9725151062012 23.2576465606689 24.3965797424316 23.4203548431396 23.1912937164307 17.8180160522461 19.9034633636475 23.5488471984863 22.557409286499 23.0401382446289 23.0263442993164 -3.4e+38 -3.4e+38 -3.4e+38 -3.4e+38 -3.4e+38 -3.4e+38 -3.4e+38 -3.4e+38 -3.4e+38 -3.4e+38 -3.4e+38 -3.4e+38 -3.4e+38 -3.4e+38 -3.4e+38 -3.4e+38 -3.4e+38 -3.4e+38 -3.4e+38 -3.4e+38
17.0091209411621 17.947883605957 18.2538681030273 17.8074741363525 21.8480472564697 21.5025005340576 21.5000553131104 20.3661327362061 21.2077903747559 20.1184692382812 19.2228469848633 19.5510063171387 20.6881999969482 24.3623027801514 24.2710494995117 25.3568229675293 21.895170211792 22.2386722564697 22.2764129638672 22.7662181854248 24.5689754486084 22.3436050415039 23.1632385253906 22.7147026062012 22.155403137207 21.5149402618408 21.4927635192871 22.0899658203125 -3.4e+38 -3.4e+38 -3.4e+38 -3.4e+38 -3.4e+38 -3.4e+38 -3.4e+38 -3.4e+38 -3.4e+38 -3.4e+38 -3.4e+38 -3.4e+38 -3.4e+38 -3.4e+38 -3.4e+38 -3.4e+38 -3.4e+38 -3.4e+38
15.8806371688843 18.6696968078613 23.8798751831055 18.3684024810791 17.2376251220703 19.0518493652344 20.897705078125 20.004919052124 20.3480567932129 21.2049541473389 19.6266326904297 19.1692562103271 20.2220230102539 21.6756801605225 19.9791450500488 22.8523654937744 19.8440589904785 19.6568584442139 20.9947204589844 22.3886299133301 22.6519737243652 21.3276119232178 21.8811683654785 22.5279312133789 21.5341148376465 20.8054618835449 20.5819911956787 21.2885837554932 22.6846218109131 21.2209529876709 22.5046195983887 -3.4e+38 -3.4e+38 -3.4e+38 -3.4e+38 -3.4e+38 -3.4e+38 -3.4e+38 -3.4e+38 -3.4e+38 -3.4e+38 -3.4e+38 -3.4e+38 -3.4e+38 -3.4e+38 -3.4e+38
15.8395013809204 17.9945602416992 18.7848739624023 22.6987895965576 18.2339019775391 16.4876670837402 18.7001266479492 19.0838603973389 21.3654594421387 21.6441078186035 21.8493480682373 20.1689357757568 19.7964687347412 20.4131946563721 18.2994327545166 18.1721248626709 17.4431571960449 21.7295570373535 20.3033790588379 21.7019653320312 23.7771282196045 23.6739845275879 21.1967716217041 19.2361011505127 20.3411312103271 20.9909210205078 21.6488666534424 22.8272895812988 22.5100803375244 21.298713684082 20.8186893463135 23.2792167663574 -3.4e+38 -3.4e+38 -3.4e+38 -3.4e+38 -3.4e+38 -3.4e+38 -3.4e+38 -3.4e+38 -3.4e+38 -3.4e+38 -3.4e+38 -3.4e+38 -3.4e+38 -3.4e+38
17.1768054962158 17.9790420532227 18.5904216766357 19.3692874908447 20.930606842041 17.8100814819336 17.5100593566895 19.2376232147217 20.7782173156738 21.0527839660645 20.9688911437988 20.7100296020508 19.6600360870361 19.7620258331299 18.162317276001 17.7935466766357 17.417423248291 22.4388275146484 22.2140274047852 20.4475898742676 21.5913791656494 23.4067401885986 24.1526546478271 23.132776260376 23.1431255340576 20.8307590484619 21.4195499420166 23.9766502380371 21.9905376434326 21.323902130127 24.3817195892334 24.883846282959 -3.4e+38 -3.4e+38 -3.4e+38 -3.4e+38 -3.4e+38 -3.4e+38 -3.4e+38 -3.4e+38 -3.4e+38 -3.4e+38 -3.4e+38 -3.4e+38 -3.4e+38 -3.4e+38
16.1205425262451 18.3519134521484 18.2729606628418 18.2595844268799 19.7698020935059 22.6418704986572 19.7802772521973 20.6331043243408 20.4373149871826 20.653923034668 21.4351387023926 20.915397644043 20.4505577087402 21.0481014251709 20.4438800811768 20.5267181396484 21.6491298675537 21.9305591583252 23.1482601165771 22.9087753295898 20.5087547302246 23.6783885955811 21.3518753051758 20.2127342224121 21.9894256591797 21.6975555419922 22.7088165283203 22.6695899963379 24.6720352172852 25.3085880279541 -3.4e+38 -3.4e+38 -3.4e+38 -3.4e+38 -3.4e+38 -3.4e+38 -3.4e+38 -3.4e+38 -3.4e+38 -3.4e+38 -3.4e+38 -3.4e+38 -3.4e+38 -3.4e+38 -3.4e+38 -3.4e+38
15.5601167678833 16.6826992034912 16.8301963806152 16.0179481506348 16.9103603363037 17.9870758056641 24.6353549957275 21.380313873291 21.0859565734863 20.7776908874512 20.9680786132812 21.3746528625488 20.509256362915 21.0778713226318 20.8001518249512 22.648832321167 22.6093635559082 22.5508289337158 25.6183624267578 23.3979091644287 21.6018543243408 21.6371383666992 21.7340793609619 21.1422920227051 25.1230735778809 20.9610252380371 22.3236846923828 22.095272064209 22.8937225341797 21.7397632598877 -3.4e+38 -3.4e+38 -3.4e+38 -3.4e+38 -3.4e+38 -3.4e+38 -3.4e+38 -3.4e+38 -3.4e+38 -3.4e+38 -3.4e+38 -3.4e+38 -3.4e+38 -3.4e+38 -3.4e+38 -3.4e+38
15.2901735305786 13.990683555603 13.6730222702026 13.6002416610718 15.9722948074341 16.7644519805908 18.3389625549316 18.6965866088867 20.5291748046875 21.0276660919189 19.5958423614502 19.9049968719482 19.7923011779785 20.3243312835693 20.7157096862793 20.7345008850098 20.9686870574951 22.7073364257812 25.0635108947754 24.7594604492188 22.5318756103516 22.7619342803955 22.6445770263672 24.4168281555176 22.7589988708496 22.0166969299316 22.8860836029053 22.1651668548584 20.5613250732422 18.7231636047363 21.8484992980957 23.2576370239258 -3.4e+38 -3.4e+38 -3.4e+38 -3.4e+38 -3.4e+38 -3.4e+38 -3.4e+38 -3.4e+38 -3.4e+38 -3.4e+38 -3.4e+38 -3.4e+38 -3.4e+38 -3.4e+38
15.2949657440186 14.3347702026367 13.8075399398804 13.4118957519531 13.948938369751 14.5466842651367 16.5138473510742 17.616626739502 20.083797454834 21.2016487121582 20.2873077392578 20.2151432037354 20.7300605773926 21.1856708526611 21.5181045532227 22.7870235443115 20.9727058410645 22.9507427215576 24.0411643981934 22.932279586792 22.9269790649414 25.3211231231689 23.0214958190918 22.5104351043701 23.8771572113037 22.1463737487793 21.1455173492432 20.9439277648926 20.0378398895264 21.3186664581299 23.2996463775635 23.0704708099365 22.0303535461426 -3.4e+38 -3.4e+38 -3.4e+38 -3.4e+38 18.3915233612061 24.6188983917236 -3.4e+38 -3.4e+38 -3.4e+38 -3.4e+38 -3.4e+38 -3.4e+38 -3.4e+38
15.7811803817749 14.9711980819702 13.8657350540161 13.4793395996094 14.0836181640625 13.8329648971558 15.0984048843384 16.7928428649902 17.9691696166992 18.9890232086182 17.3283767700195 20.7157917022705 20.0062007904053 20.7076892852783 21.9892673492432 21.0346755981445 21.8419513702393 25.3106670379639 21.8581943511963 23.6726932525635 22.8458003997803 24.7837886810303 23.481128692627 22.7694797515869 22.7276630401611 22.8279647827148 22.7214164733887 21.3669815063477 20.92844581604 23.7583427429199 23.734073638916 22.9175033569336 22.3324699401855 -3.4e+38 -3.4e+38 -3.4e+38 -3.4e+38 19.5404872894287 23.3861351013184 24.9030685424805 24.5542278289795 24.4446544647217 -3.4e+38 -3.4e+38 -3.4e+38 -3.4e+38
15.6945343017578 14.3348503112793 13.8342313766479 13.8888292312622 13.4740695953369 14.5326652526855 14.3696184158325 15.7994899749756 19.8110485076904 21.401424407959 19.3270282745361 17.603889465332 21.3573398590088 16.9785747528076 16.9822368621826 17.8256072998047 23.053991317749 21.328311920166 20.8946704864502 22.0736770629883 22.2607975006104 23.0362548828125 22.8677139282227 22.1640911102295 22.1276798248291 22.2494926452637 23.3920841217041 22.4074325561523 21.5919322967529 21.5831699371338 22.3795738220215 18.9310760498047 25.2041816711426 -3.4e+38 -3.4e+38 22.6011066436768 24.3540019989014 23.5961971282959 22.3784370422363 23.4685363769531 23.4375839233398 24.9040069580078 -3.4e+38 -3.4e+38 -3.4e+38 -3.4e+38
14.1342830657959 12.8705396652222 12.96204662323 14.2476177215576 14.7565355300903 14.495587348938 14.02880859375 14.8727550506592 21.9950866699219 20.455696105957 24.6618614196777 17.3965854644775 18.313383102417 19.1878318786621 17.0614700317383 17.2827472686768 17.9404125213623 19.8216190338135 21.6011447906494 21.0243988037109 23.8761348724365 21.2098064422607 21.9185600280762 22.2252292633057 21.6935138702393 22.7938899993896 22.7561092376709 23.0967388153076 23.4246768951416 22.1096725463867 22.3658542633057 18.970853805542 21.0324325561523 -3.4e+38 24.9655685424805 20.4276733398438 22.412202835083 -3.4e+38 24.8923797607422 -3.4e+38 24.6232929229736 -3.4e+38 -3.4e+38 -3.4e+38 -3.4e+38 -3.4e+38
14.7638177871704 13.0631513595581 12.4294586181641 15.0939102172852 15.2070436477661 14.2775459289551 13.8593864440918 13.9599189758301 15.8276491165161 18.221700668335 18.6040782928467 22.4600811004639 24.1433181762695 19.5003261566162 18.9675903320312 20.283109664917 20.7134056091309 20.9991455078125 20.5495300292969 20.4774608612061 22.043212890625 22.0920276641846 23.6491146087646 23.6829948425293 21.9772167205811 21.7561950683594 22.7123374938965 21.6843814849854 21.9743480682373 21.8457107543945 19.534215927124 20.8214721679688 24.7951984405518 21.8191566467285 20.8722114562988 23.5625991821289 23.2199554443359 -3.4e+38 -3.4e+38 -3.4e+38 -3.4e+38 -3.4e+38 -3.4e+38 24.5935516357422 -3.4e+38 -3.4e+38
15.7528858184814 15.4817705154419 12.898229598999 14.6893463134766 13.2462730407715 13.4946041107178 14.5621633529663 14.7176990509033 16.5760631561279 19.3594264984131 18.4223098754883 18.5686435699463 21.1952953338623 25.1611366271973 20.6272487640381 20.9191837310791 20.7121715545654 19.9389305114746 19.4573822021484 19.4032459259033 24.8074588775635 22.4318428039551 24.4780292510986 22.6548957824707 22.8512191772461 21.3536434173584 21.8111724853516 20.7250099182129 21.3496952056885 21.4220848083496 19.8242664337158 20.101448059082 23.1650485992432 23.2967662811279 22.8085060119629 23.1878490447998 22.8276634216309 24.5003910064697 23.0976295471191 20.1189517974854 22.5387687683105 22.2700634002686 23.3856086730957 22.5336742401123 -3.4e+38 -3.4e+38
16.3077716827393 15.4275684356689 15.8432912826538 15.9927654266357 14.4464769363403 13.8994235992432 13.6415939331055 14.0374946594238 16.4057769775391 24.1350765228271 18.7560501098633 24.5688095092773 23.4245948791504 20.6225757598877 20.8051834106445 18.4168395996094 18.5388031005859 21.0171604156494 19.5500259399414 19.854076385498 22.0155658721924 23.5391025543213 25.5401916503906 23.2697353363037 24.9019012451172 21.7171764373779 24.4163513183594 22.8087100982666 21.9704360961914 21.7044982910156 20.9402198791504 22.0979080200195 23.6511726379395 24.2471542358398 24.4462356567383 21.6904621124268 21.4216289520264 22.8423557281494 23.9667797088623 24.752965927124 24.351037979126 24.4313507080078 22.7502746582031 22.589807510376 18.990894317627 -3.4e+38
