inst/extdata/Tmax/Tmax33.asc
NCOLS 100 
NROWS 79 
XLLCORNER 148.06 
YLLCORNER -21.49 
CELLSIZE 0.01 
NODATA_value -3.4e+38 
[rows 0 to 19 of 79, columns 0 to 45 of 100]
24.208494186401399 24.2797508239746 23.540714263916 24.541618347168 24.5589962005615 24.8594875335693 24.8799571990967 24.659948348999 24.4181842803955 24.5433502197266 24.0394058227539 24.0251312255859 24.0265789031982 22.8944644927979 23.3357181549072 23.6999588012695 23.962366104126 24.0115909576416 22.5697364807129 21.9871711730957 21.077127456665 19.6991710662842 20.18528175354 21.5781536102295 22.2882251739502 22.9644298553467 22.539945602417 22.5218448638916 22.7317028045654 22.2937259674072 20.1466522216797 18.2052001953125 16.2473983764648 16.3891830444336 15.1423559188843 13.8212184906006 13.3891086578369 13.0794830322266 13.7452430725098 15.7419900894165 17.5855312347412 17.9337825775146 18.5523490905762 24.1284675598145 23.7624607086182 22.7632083892822
24.8181896209717 23.76487159729 22.3501567840576 23.0542621612549 23.0295848846436 24.0764122009277 24.5499000549316 24.7404098510742 25.3350315093994 25.4089260101318 24.7651233673096 23.7761039733887 24.4184226989746 23.3494644165039 23.617094039917 23.27685546875 24.1246585845947 23.9416275024414 23.0816898345947 22.1521968841553 22.3725700378418 21.5552158355713 21.284086227417 21.7096462249756 22.243408203125 22.7872219085693 23.2326545715332 23.1967258453369 22.8436794281006 22.3698234558105 21.1763458251953 19.1726913452148 17.0436840057373 19.2989807128906 16.0103778839111 14.6909656524658 14.0817356109619 15.030255317688 16.2074451446533 17.1424198150635 18.6213607788086 18.6814918518066 21.8875141143799 22.6950359344482 23.3339576721191 22.2189979553223
24.619607925415 23.633451461792 23.6581001281738 24.2091274261475 23.5647754669189 23.9170589447021 24.3408298492432 24.8740215301514 25.3251075744629 25.3883724212646 24.8326854705811 24.0797920227051 24.3839416503906 23.9481468200684 23.3521671295166 23.3749237060547 23.4964027404785 23.8276863098145 22.9382495880127 22.4323348999023 21.9142227172852 22.1777000427246 21.6726932525635 21.9632244110107 22.8912906646729 23.1260280609131 23.1015930175781 23.0824241638184 23.2886695861816 22.698881149292 22.9678630828857 21.4707889556885 22.5421962738037 19.2831153869629 21.2515850067139 15.3230762481689 14.3222951889038 14.0192193984985 15.1510534286499 16.3880081176758 18.1433124542236 24.4080047607422 24.3498783111572 20.9765701293945 20.8325347900391 23.3859252929688
25.1466655731201 24.9232730865479 23.9680233001709 25.0289344787598 24.2455253601074 23.7202663421631 24.3237056732178 24.7844505310059 25.1433410644531 25.304500579834 25.0720996856689 24.5544357299805 24.4427127838135 24.427453994751 24.0220413208008 23.9472122192383 24.1163921356201 23.7006549835205 23.4693431854248 22.4200916290283 22.1531658172607 21.8816680908203 21.9801025390625 21.9946784973145 22.6681480407715 22.9825878143311 22.8764762878418 22.9265518188477 22.5942878723145 21.7078895568848 21.9728870391846 23.0642738342285 21.6624774932861 19.4269676208496 15.5068798065186 14.5868148803711 14.7811164855957 14.2128038406372 14.1695718765259 13.6964597702026 15.3283185958862 17.8456211090088 21.4099712371826 24.9882736206055 19.1374740600586 19.1974143981934
25.8238124847412 25.0157909393311 24.8522605895996 25.3970851898193 24.9929046630859 24.4959888458252 23.8887844085693 24.8651237487793 25.7378463745117 24.9578266143799 25.1581115722656 24.9044723510742 24.8250274658203 24.6423950195312 24.1345252990723 23.8150482177734 23.8491191864014 23.2700614929199 22.5459518432617 21.7581520080566 21.7862682342529 22.2704448699951 22.2958335876465 22.5585136413574 22.2865238189697 22.194408416748 23.5056571960449 22.7088985443115 22.5737552642822 22.7294635772705 22.1605854034424 22.3503665924072 21.5681381225586 20.5729274749756 21.0690593719482 16.2027359008789 15.6939525604248 15.1712274551392 13.8372383117676 13.7584848403931 13.6043128967285 17.3447113037109 20.6245651245117 22.6878490447998 18.5216293334961 17.6414451599121
26.340784072876 25.7029285430908 24.9457473754883 25.2834434509277 25.4804420471191 24.8974304199219 24.8512191772461 25.110445022583 25.3443908691406 25.1056365966797 24.9715633392334 25.4637203216553 24.9789066314697 24.4463863372803 23.4901885986328 23.8196105957031 23.744514465332 22.9219417572021 22.2035255432129 21.6140556335449 21.6669578552246 22.3290939331055 22.4351501464844 22.3804664611816 23.2093486785889 22.8204898834229 22.9765911102295 21.9029598236084 21.7417945861816 21.0234451293945 20.2183284759521 21.2935886383057 21.9951705932617 21.1044540405273 20.6547222137451 20.9881362915039 16.3371276855469 15.7399034500122 15.2079439163208 14.6598711013794 13.8191728591919 16.3677101135254 21.6462783813477 20.710412979126 18.7820434570312 15.9330396652222
25.4047431945801 25.9487133026123 25.7949085235596 26.1131858825684 25.5941772460938 25.228235244751 24.301851272583 24.6371250152588 25.2442722320557 25.4731178283691 25.7126789093018 25.6974563598633 24.6113986968994 24.1131477355957 24.0396595001221 24.0506458282471 23.5223751068115 22.7660865783691 22.2767639160156 21.7398471832275 21.1400718688965 21.8216743469238 22.3009929656982 22.6041240692139 22.9750099182129 23.341402053833 23.2639102935791 22.3516578674316 22.1137161254883 20.2819442749023 19.4172706604004 18.6055774688721 19.9809341430664 20.8279056549072 20.6632480621338 20.2340068817139 16.6977291107178 14.9075927734375 15.0161743164062 14.8723602294922 14.8201084136963 16.6426658630371 22.4549961090088 23.6074066162109 19.0300464630127 21.6716079711914
26.0273933410645 25.4920883178711 26.2010078430176 26.3395042419434 25.7188968658447 25.4352264404297 24.3994197845459 24.5064086914062 25.0692596435547 25.3027648925781 25.2901039123535 25.0493545532227 24.2147598266602 24.7195510864258 24.6322231292725 23.329963684082 23.0136108398438 22.2405948638916 22.7246398925781 21.5378799438477 20.5403366088867 21.1398067474365 21.643669128418 22.6952362060547 23.0511856079102 23.3388919830322 23.0702781677246 22.089750289917 21.6823577880859 21.1207790374756 19.0106468200684 18.5699615478516 19.2971305847168 19.163932800293 19.7733306884766 19.9932098388672 16.0014877319336 15.0240345001221 14.5942983627319 15.0468835830688 15.2013530731201 16.4144191741943 17.5712203979492 18.7826862335205 18.8887825012207 16.5966167449951
25.22975730896 25.9110889434814 25.5357780456543 25.6957988739014 25.59202003479 25.5261821746826 25.0985202789307 24.3342819213867 24.7226505279541 25.1831283569336 25.3728199005127 25.7882347106934 25.9751319885254 24.8184909820557 24.371431350708 23.0875720977783 22.8975811004639 22.804271697998 23.0302066802979 21.718433380127 21.7162933349609 21.3279800415039 21.663969039917 22.5540733337402 23.1307468414307 23.4611740112305 22.4045448303223 20.7520179748535 21.2124137878418 21.0698852539062 20.0157413482666 19.0433788299561 18.7199211120605 18.0782146453857 20.7507152557373 18.6696395874023 19.526123046875 19.8216228485107 14.7430467605591 14.5770816802979 14.6551332473755 14.8530197143555 15.4563207626343 17.2341690063477 17.928617477417 16.5207481384277
24.5744934082031 25.5159912109375 25.7685203552246 26.2179565429688 25.5453033447266 25.6175479888916 25.1507320404053 24.6454887390137 24.8171806335449 24.7918682098389 25.2812881469727 25.2640342712402 24.1919803619385 24.1059741973877 24.0761528015137 23.835334777832 23.6743984222412 23.3726387023926 22.8397598266602 22.6767063140869 22.6723117828369 21.8129367828369 22.2201461791992 23.0804805755615 23.8729629516602 23.7714710235596 22.5810012817383 22.0072479248047 21.2193069458008 20.0509033203125 19.1970767974854 18.8126926422119 18.9168491363525 19.565544128418 19.9723129272461 18.2849617004395 15.2854604721069 18.6394729614258 15.2989740371704 14.3129119873047 14.3029747009277 13.9387140274048 14.5782308578491 15.7716751098633 15.8774890899658 15.5454664230347
24.895092010498 25.9024791717529 25.837043762207 25.3066425323486 26.0221652984619 26.1778545379639 25.5940628051758 25.0079097747803 25.0922603607178 25.0890731811523 25.4759063720703 24.8539695739746 24.5779075622559 23.4421119689941 23.5976715087891 23.629955291748 23.5812091827393 23.7625598907471 23.3031768798828 23.2597026824951 22.1309032440186 22.0612106323242 21.8965492248535 22.8357162475586 23.2017345428467 24.0381183624268 22.334566116333 20.4261169433594 19.6786670684814 19.4912738800049 19.083890914917 19.5330448150635 20.2848262786865 20.2002811431885 19.6315116882324 17.8501071929932 15.4404411315918 15.1135997772217 15.1079978942871 14.3035125732422 14.4043855667114 13.938268661499 13.7932100296021 14.5797815322876 15.1033515930176 15.4884662628174
25.3798236846924 24.7929668426514 25.4625644683838 25.6149578094482 25.6766166687012 26.5929317474365 25.8748264312744 25.1259460449219 24.9417419433594 25.2621021270752 24.9664077758789 25.4201755523682 25.0245475769043 24.4646587371826 24.2275238037109 24.0220832824707 24.2900085449219 24.1013298034668 23.8545913696289 23.1320114135742 22.3161029815674 21.8723049163818 22.3319187164307 22.3182106018066 22.2114562988281 22.8610324859619 21.2289772033691 20.4411544799805 19.8880634307861 20.1536350250244 20.4421348571777 20.4211559295654 20.4268951416016 19.8713626861572 19.7826976776123 18.712818145752 19.4841861724854 14.4773941040039 15.1091318130493 15.3899974822998 15.1402254104614 14.8029594421387 13.9193449020386 14.6974630355835 15.0250883102417 15.1844654083252
25.4907131195068 25.5893840789795 25.6122379302979 26.3199062347412 26.2182445526123 26.2771549224854 25.5984764099121 24.8670787811279 25.206787109375 26.2499313354492 25.2230129241943 25.5730266571045 24.8634471893311 25.3809146881104 24.9064483642578 24.6097393035889 25.1210765838623 24.5915451049805 24.3045539855957 22.9831104278564 22.7544841766357 23.2025375366211 23.3161010742188 23.8085193634033 23.6650638580322 23.0997581481934 22.7134552001953 21.8612880706787 21.020938873291 20.7022666931152 21.5730876922607 21.276008605957 21.1221008300781 20.5715007781982 19.2151260375977 18.4792575836182 17.324369430542 18.7479839324951 17.7179679870605 16.0563259124756 14.4552688598633 14.2109689712524 13.7889537811279 13.5258913040161 15.3334646224976 15.7874565124512
26.1529750823975 26.3791275024414 25.0930709838867 25.5777912139893 25.1646709442139 25.2078323364258 25.9567604064941 25.3727283477783 25.5568923950195 25.5396766662598 25.502758026123 25.3282279968262 24.9479656219482 24.4861011505127 24.8113079071045 24.4214916229248 24.860818862915 24.5768890380859 24.3826217651367 23.7314605712891 23.9405612945557 24.0213451385498 23.7537822723389 23.9157657623291 23.1274013519287 21.3351764678955 20.9411888122559 20.8880290985107 20.1889953613281 20.6519470214844 21.5977401733398 21.4068756103516 20.8449363708496 20.0557270050049 19.3951854705811 20.9623165130615 19.4992237091064 15.7718658447266 20.0199184417725 21.4515476226807 20.6174831390381 15.992805480957 15.0071802139282 14.7879772186279 15.5035085678101 16.4343433380127
24.6627082824707 24.8558712005615 25.3783855438232 25.7869930267334 25.5342807769775 25.3684940338135 25.3779258728027 26.0632629394531 24.9903106689453 24.7675647735596 24.8714694976807 24.6320133209229 23.9991512298584 23.9315929412842 24.2489013671875 23.7107124328613 24.5650291442871 24.6659851074219 24.5152339935303 24.6251754760742 24.360954284668 23.6723022460938 22.860782623291 23.0491771697998 22.9277305603027 22.7444114685059 22.4657363891602 21.86838722229 21.2858982086182 22.031120300293 21.3981456756592 21.7297172546387 21.4989128112793 21.6047477722168 21.2422866821289 19.7163639068604 20.5208129882812 19.9466991424561 19.8041725158691 21.4034061431885 21.1581153869629 21.1977214813232 15.979287147522 15.0133943557739 15.5971260070801 16.7361698150635
23.0963649749756 24.5607566833496 25.503963470459 25.2194290161133 25.9175643920898 25.8786582946777 25.6541500091553 25.2284774780273 25.7927951812744 25.2656593322754 23.808780670166 24.5917053222656 23.426664352417 22.612340927124 23.7205715179443 23.5614128112793 23.0171356201172 23.7223033905029 24.5229396820068 24.2884368896484 24.1688327789307 23.9878845214844 23.888916015625 23.8424129486084 23.4545211791992 23.0491905212402 23.2744808197021 22.841739654541 22.6795902252197 22.3516788482666 22.120231628418 21.4353408813477 21.4053325653076 22.0090751647949 21.8446216583252 21.7085933685303 22.1468982696533 20.4276428222656 21.7027111053467 22.3660678863525 21.7285575866699 20.1702728271484 15.0646572113037 14.0736103057861 14.734429359436 15.8879222869873
24.3130550384521 23.2193336486816 24.6179904937744 25.6363430023193 24.6737480163574 24.6494750976562 25.8147087097168 25.0898189544678 25.0120716094971 25.3171825408936 24.2081680297852 24.2148780822754 22.9702911376953 22.3648929595947 23.2909488677979 22.2819900512695 22.1368026733398 23.2106533050537 23.2601165771484 23.5204963684082 24.1100616455078 24.1078205108643 23.578239440918 23.5571746826172 22.7547607421875 22.1399192810059 21.5513744354248 21.9556770324707 22.6522827148438 21.5618534088135 21.1984920501709 20.5169315338135 20.9144401550293 21.8822059631348 22.1087379455566 21.8436508178711 22.4045810699463 22.3777313232422 21.8490180969238 21.3944549560547 21.6765155792236 19.9229621887207 18.5881004333496 15.6457471847534 15.2080249786377 16.1426372528076
24.6991310119629 24.5789852142334 24.6411781311035 25.809627532959 25.093542098999 25.5023345947266 26.0400333404541 26.0651397705078 26.3012104034424 25.9944686889648 25.6423664093018 25.1679840087891 23.1968574523926 22.5682735443115 23.0108890533447 22.4709167480469 22.173397064209 22.0195198059082 21.3194637298584 22.5563888549805 23.5274047851562 24.3830032348633 24.6509876251221 24.047945022583 22.6436347961426 20.99951171875 20.1962909698486 20.9087657928467 21.9400253295898 21.4002494812012 21.2151718139648 22.1663646697998 22.1328563690186 22.1757431030273 22.8613948822021 21.9539813995361 21.4629821777344 21.3245525360107 21.9674186706543 22.0654239654541 22.5385055541992 22.1112194061279 20.9607334136963 20.4889240264893 17.7017269134521 17.2117385864258
25.7305183410645 24.5046501159668 24.0866756439209 24.668285369873 24.8554096221924 25.4479160308838 26.2683792114258 25.4880657196045 26.3789005279541 25.9877471923828 24.6418704986572 24.8852252960205 23.9121856689453 21.1123142242432 21.5020351409912 20.7665386199951 21.1898174285889 20.5547847747803 21.7170696258545 22.7858428955078 24.0911293029785 23.900276184082 24.4850940704346 24.4560508728027 22.9947700500488 21.5993270874023 20.097957611084 20.6003971099854 22.2216720581055 21.3612270355225 21.786792755127 22.6232795715332 23.5429840087891 23.5453701019287 22.6820640563965 22.2851238250732 21.7271099090576 21.7569770812988 22.583740234375 22.5909118652344 22.6898670196533 22.5925331115723 22.2851467132568 22.0260543823242 20.1618175506592 17.1046142578125
24.6185874938965 24.6536045074463 25.035831451416 24.7060680389404 25.4356441497803 25.3289184570312 26.2457313537598 26.2233047485352 25.1868267059326 25.5095596313477 25.8422088623047 25.0062465667725 23.9933071136475 20.7503757476807 21.248966217041 21.3525791168213 20.8948345184326 21.2468605041504 21.2904682159424 22.5068874359131 23.8375587463379 23.4988460540771 24.2223930358887 24.2849178314209 23.7469387054443 22.7441501617432 21.465274810791 21.1898880004883 21.9978332519531 22.2530632019043 23.0489635467529 23.5054302215576 23.5394077301025 23.5680561065674 23.6416015625 22.6172161102295 21.7473468780518 21.6905517578125 21.7681503295898 22.2721080780029 23.0819721221924 22.6648921966553 21.7034893035889 21.812219619751 20.7414722442627 20.1651229858398
