inst/extdata/Tmax/Tmax74.asc
NCOLS 100 
NROWS 79 
XLLCORNER 148.06 
YLLCORNER -21.49 
CELLSIZE 0.01 
NODATA_value -3.4e+38 
[rows 0 to 19 of 79, columns 0 to 45 of 100]
30.886054992675799 30.5476570129395 29.5759086608887 29.9477634429932 30.096851348877 30.5344581604004 30.7420616149902 30.9190673828125 30.8793716430664 30.7031688690186 30.223876953125 30.0207252502441 29.9423160552979 28.6951274871826 29.1934871673584 29.6243381500244 30.0292053222656 29.9959831237793 29.1748695373535 28.5037326812744 28.3611488342285 27.4179725646973 27.8600635528564 29.1671562194824 29.6890621185303 29.9472274780273 29.8316879272461 29.8807106018066 29.5663967132568 29.1941738128662 28.3072643280029 26.4010105133057 27.714183807373 27.6327304840088 26.4078235626221 25.2751331329346 25.1689968109131 24.7809352874756 25.582820892334 27.5176792144775 29.0922756195068 29.4017925262451 30.3019485473633 30.7355289459229 30.9752655029297 31.164192199707
30.7028656005859 30.1797943115234 29.4047031402588 29.5034713745117 28.9296817779541 29.8646697998047 30.4552001953125 30.7933387756348 30.9305801391602 30.8111629486084 30.4637470245361 30.1498775482178 30.2706699371338 29.8449935913086 29.6806468963623 29.568229675293 30.000316619873 30.0306510925293 29.0185585021973 28.4152355194092 28.9573516845703 28.7073078155518 28.5986232757568 29.0546817779541 29.5369777679443 29.7279052734375 30.0270709991455 29.9731845855713 29.7587261199951 29.54416847229 28.6859149932861 27.2563228607178 28.4686489105225 28.04758644104 27.360315322876 26.3673877716064 25.9206619262695 26.3132457733154 27.4393768310547 28.6062316894531 30.2213592529297 30.7580394744873 30.9448280334473 30.9818363189697 31.0834178924561 31.1695079803467
30.6922492980957 29.8704490661621 29.9900665283203 30.1268405914307 29.6631278991699 29.7884578704834 30.2140789031982 30.8085556030273 31.0000877380371 30.8617153167725 30.5661640167236 30.4390754699707 30.3496131896973 30.2977638244629 29.9904441833496 29.8414535522461 30.0695915222168 30.2260093688965 29.6386070251465 29.4474296569824 29.3009605407715 28.9736309051514 28.7415504455566 28.8726844787598 29.7500400543213 30.0312442779541 29.8730182647705 29.8515281677246 29.8540306091309 29.5376892089844 29.5999374389648 28.5911540985107 28.8483943939209 27.5746765136719 27.2653465270996 26.6082878112793 26.0794277191162 25.5847492218018 26.6717739105225 27.934232711792 29.3761253356934 30.5616836547852 30.9836101531982 31.1020317077637 31.1171569824219 31.1003017425537
30.9098682403564 30.5561981201172 30.2080955505371 30.8596248626709 30.3274040222168 29.8906269073486 30.2934761047363 30.8922271728516 31.0735454559326 30.9341430664062 30.785400390625 30.7521858215332 30.6457023620605 30.4776420593262 30.0301971435547 29.8570022583008 30.2415885925293 30.2908782958984 30.0647106170654 29.5836734771729 29.2543640136719 28.871789932251 28.958984375 28.9266319274902 29.5439109802246 30.00221824646 29.6332416534424 29.9130401611328 29.7256717681885 28.8688735961914 29.4564208984375 29.5425453186035 28.7690410614014 27.4695835113525 26.879545211792 25.9698009490967 26.270622253418 25.7534942626953 25.6381244659424 25.1299514770508 26.7810134887695 29.6099948883057 30.7360363006592 31.0397148132324 30.7782154083252 30.6966114044189
31.4962711334229 30.9236297607422 30.6698818206787 31.1065406799316 30.8634777069092 30.1891860961914 30.2351417541504 30.9237003326416 31.0848388671875 30.6922016143799 30.7003574371338 30.9236030578613 30.7947387695312 30.5036468505859 30.124927520752 30.2916374206543 30.3874435424805 30.1142616271973 29.636137008667 28.873363494873 29.0714263916016 29.2579231262207 29.3987846374512 29.609094619751 29.6212749481201 29.2788124084473 30.0655403137207 29.660026550293 29.5275821685791 29.0187168121338 29.4011898040771 29.2224636077881 28.9043140411377 27.8764934539795 27.3421039581299 27.6773433685303 27.3634071350098 26.7945232391357 26.2321624755859 25.4601535797119 25.0963573455811 28.7117023468018 30.3659496307373 30.9073162078857 30.1311206817627 29.3211574554443
31.6562747955322 31.4025135040283 30.6602993011475 31.1252861022949 31.2055053710938 30.765157699585 30.4729843139648 30.9626941680908 31.1380920410156 30.8342838287354 30.7199687957764 31.012565612793 30.8491973876953 30.5596504211426 29.8676452636719 30.4118728637695 30.3348655700684 29.8605976104736 29.2899341583252 28.8565292358398 28.9676513671875 29.248176574707 29.584716796875 29.589241027832 29.9068260192871 29.7980670928955 29.8944568634033 29.0931529998779 29.0952568054199 27.9621696472168 28.7435531616211 29.26100730896 29.3680019378662 29.026029586792 28.6610736846924 28.600757598877 27.7286167144775 27.2200813293457 26.8824214935303 26.0243549346924 25.4993286132812 28.2672462463379 30.2094573974609 30.8363990783691 30.2947044372559 28.023099899292
31.8585605621338 31.5904483795166 31.1898880004883 31.3758239746094 31.3266067504883 30.9286308288574 30.2408180236816 30.8479633331299 31.0539016723633 31.206844329834 31.1474933624268 30.9879875183105 30.5348739624023 30.6599617004395 30.6322593688965 30.4838752746582 30.2879066467285 29.6940727233887 29.4742698669434 29.1599540710449 28.5508995056152 28.7798233032227 29.2870559692383 29.7059898376465 30.0871677398682 30.0135746002197 30.0453853607178 29.4722995758057 29.0951652526855 27.8288402557373 27.8433952331543 27.9804077148438 29.006404876709 29.1929912567139 28.7133331298828 28.6042747497559 28.0108432769775 26.543966293335 26.8094158172607 26.3480663299561 26.1853847503662 28.0769748687744 29.9466781616211 30.5424652099609 30.3247756958008 28.4908752441406
31.8588314056396 31.7616996765137 31.4604911804199 31.4963569641113 31.4572124481201 31.1762523651123 30.5526599884033 30.4220714569092 30.7648410797119 31.1403713226318 31.2626762390137 30.9546585083008 30.2323989868164 30.4784889221191 30.7320423126221 29.9957447052002 29.9535274505615 29.1384048461914 29.0657253265381 28.8220062255859 28.1119842529297 28.6297302246094 29.1037292480469 29.7081623077393 30.2221240997314 30.2420177459717 29.8100452423096 29.3349304199219 29.1496200561523 28.3394889831543 26.9385967254639 27.262393951416 27.6341190338135 28.280330657959 28.7024993896484 28.0660915374756 28.156852722168 27.2232894897461 26.1611099243164 26.4779682159424 26.7155208587646 27.9303226470947 29.0238952636719 30.1223945617676 30.1078224182129 28.1499309539795
31.5969867706299 31.8471965789795 31.676944732666 31.6291007995605 31.4913330078125 31.2293491363525 30.844690322876 30.3437728881836 30.5398330688477 31.1066207885742 31.2826843261719 31.2321186065674 31.0107822418213 30.8526458740234 30.4648132324219 29.6465911865234 29.8673419952393 29.6023693084717 29.7568111419678 28.7700862884521 28.7790260314941 28.6276473999023 28.7449207305908 29.4831600189209 30.1243476867676 30.3278846740723 29.3465614318848 28.4082775115967 28.5108509063721 28.4201774597168 27.7946529388428 27.211254119873 26.757963180542 27.2651767730713 28.251838684082 27.6058139801025 27.3664493560791 27.3229160308838 26.3180198669434 25.9821338653564 26.2293243408203 26.3568000793457 27.3377456665039 29.0529251098633 29.556921005249 28.2393016815186
31.2808780670166 31.7417335510254 31.8204898834229 31.6719245910645 31.4531383514404 31.3272113800049 31.117805480957 30.6207637786865 30.2674427032471 31.0155601501465 31.2786846160889 30.8502388000488 30.0752811431885 30.1546115875244 30.274543762207 30.2540664672852 30.3029365539551 30.1453380584717 29.9256229400635 29.5945091247559 29.2486267089844 28.5724258422852 28.941499710083 29.8530082702637 30.3476963043213 30.2433280944824 29.4929618835449 29.3261299133301 28.7853317260742 28.2400074005127 26.9066390991211 26.5063610076904 27.6700878143311 27.527811050415 27.3136959075928 27.0704593658447 26.8486919403076 27.1735229492188 26.5977020263672 25.8059139251709 25.851354598999 25.2696018218994 26.1922645568848 27.4561004638672 27.8071022033691 27.1382064819336
30.9229373931885 31.2792320251465 31.8339424133301 31.734338760376 31.5947513580322 31.5089206695557 31.308931350708 30.9088287353516 30.8969230651855 31.1575031280518 31.3191967010498 30.9149322509766 30.5566558837891 29.7472457885742 29.9429111480713 30.2651767730713 30.4157333374023 30.6340751647949 30.1493186950684 29.9395866394043 29.5094413757324 29.1196517944336 29.2080154418945 29.8327941894531 30.314001083374 30.2185916900635 29.4762706756592 28.6693801879883 27.5958671569824 27.6024532318115 27.2218894958496 27.1747493743896 28.1089210510254 27.841495513916 26.882303237915 26.6168212890625 27.1402721405029 26.8402309417725 26.4389915466309 25.8557910919189 25.9249610900879 25.6632881164551 25.3001308441162 26.0927505493164 26.5712852478027 26.9195213317871
30.7381496429443 30.8253631591797 31.7920913696289 31.7975406646729 31.7103042602539 31.5802345275879 31.4027862548828 31.0430374145508 31.0912761688232 31.4159202575684 31.3635139465332 31.1598415374756 30.7648506164551 30.2312660217285 30.1260871887207 30.4675464630127 30.8216762542725 30.8141689300537 30.535701751709 30.0368766784668 29.4892539978027 29.1374378204346 29.3232688903809 29.497091293335 29.7439403533936 30.121280670166 29.0675601959229 28.2112102508545 27.5624732971191 27.8295497894287 27.9110889434814 27.8335266113281 28.2953186035156 27.7284717559814 27.4660987854004 27.3789577484131 26.9294414520264 26.3051090240479 26.8803997039795 27.1386394500732 26.6774787902832 26.2087631225586 25.6533432006836 26.1444244384766 26.72580909729 27.1680278778076
30.9149990081787 31.478458404541 31.7808799743652 31.7438220977783 31.7622032165527 31.6637382507324 31.5209350585938 31.1165733337402 31.2176666259766 31.5622711181641 31.3522987365723 31.2858619689941 31.0570678710938 31.1427631378174 31.0422916412354 31.0279541015625 31.0532512664795 30.9689865112305 30.7301807403564 30.1634731292725 29.8721408843994 30.0614986419678 30.3573799133301 30.6207313537598 30.467586517334 30.0122413635254 29.8036193847656 29.2796516418457 28.889232635498 28.6971130371094 28.7757148742676 28.5633163452148 28.4672718048096 27.8507633209229 27.2501811981201 26.77197265625 26.2047481536865 27.4089965820312 27.7300434112549 27.6804275512695 26.238094329834 26.1761951446533 25.6615371704102 25.379207611084 26.798303604126 27.418306350708
31.3944511413574 31.6405048370361 31.7136096954346 31.6315288543701 31.6540241241455 31.7130813598633 31.6599540710449 31.5348930358887 31.314868927002 31.4714965820312 31.4448928833008 31.3772010803223 31.2436046600342 31.1385974884033 31.0282154083252 30.9501152038574 31.1212215423584 31.0289344787598 30.8798923492432 30.7636032104492 30.6588039398193 30.6282444000244 30.4124794006348 30.5489864349365 30.072883605957 28.9717597961426 28.9265251159668 28.4846954345703 27.8914527893066 28.7419853210449 29.0532894134521 29.0232276916504 28.2178707122803 27.8967971801758 27.7755603790283 27.7225170135498 27.7125778198242 27.3841514587402 28.0684413909912 28.4498119354248 27.8959636688232 27.420768737793 26.7363739013672 26.1584281921387 27.3127021789551 27.8639335632324
30.5495204925537 31.1944332122803 31.6697769165039 31.6010971069336 31.4728813171387 31.5871315002441 31.5512351989746 31.3747444152832 30.9236221313477 30.9822959899902 31.3527488708496 31.1529178619385 30.5853958129883 30.7768211364746 30.9854412078857 30.3899402618408 30.8788681030273 31.0845527648926 31.0357818603516 30.9876976013184 30.9331340789795 30.5006637573242 29.8101463317871 30.2465553283691 30.0682640075684 29.7805671691895 29.7106513977051 29.3507385253906 28.9634971618652 29.2563629150391 29.2165374755859 28.9450302124023 28.4707126617432 28.7421169281006 28.7095642089844 27.7054080963135 28.3200016021729 27.4179344177246 27.7743034362793 28.607027053833 28.5939617156982 28.3318691253662 27.5247097015381 26.6441040039062 27.3326969146729 28.1677322387695
29.5970726013184 30.7112236022949 31.5311717987061 31.678258895874 31.6120624542236 31.591157913208 31.4900512695312 31.3761024475098 31.1472625732422 30.5958557128906 30.1694259643555 30.9842567443848 30.0845966339111 29.7574634552002 30.7154006958008 30.3338794708252 30.3259563446045 30.8408584594727 30.8791370391846 30.8874435424805 30.905158996582 30.887939453125 30.744722366333 30.4956512451172 30.0456962585449 29.6366004943848 29.6658134460449 29.6080684661865 29.5539932250977 29.3636054992676 29.1878871917725 28.7617454528809 28.47340965271 29.1702651977539 29.0464954376221 28.7654914855957 28.7885875701904 28.1875057220459 27.8231639862061 28.5593433380127 28.7770099639893 28.11647605896 26.7725105285645 25.6115760803223 26.093822479248 27.9463481903076
30.6684265136719 30.5053787231445 31.1449680328369 31.355562210083 31.605619430542 31.5789756774902 31.4617691040039 31.3187713623047 31.1591644287109 30.852912902832 30.1656761169434 30.6283416748047 29.5092811584473 29.2559757232666 30.0710372924805 29.9250068664551 29.2079734802246 30.3909587860107 30.3929538726807 30.3801727294922 30.6660404205322 30.8482856750488 30.7502822875977 30.2981128692627 29.4086093902588 28.8056945800781 28.4094734191895 28.7732620239258 29.3701210021973 28.7680587768555 28.5481796264648 27.7633934020996 28.5231876373291 29.4268455505371 29.2386779785156 29.041446685791 29.1033935546875 28.6566772460938 28.2769355773926 28.5892295837402 28.8127460479736 27.6435394287109 26.6060428619385 26.9454441070557 27.3275241851807 27.9663829803467
30.8065185546875 31.1958045959473 31.2856464385986 31.3080978393555 31.467601776123 31.5360660552979 31.4797840118408 31.397274017334 31.2378158569336 30.7547378540039 30.3417797088623 29.9502983093262 29.5310096740723 29.1598796844482 29.716667175293 29.5754776000977 29.6156730651855 29.4345092773438 29.1767597198486 29.1673450469971 30.4003391265869 30.7011833190918 30.6876106262207 30.5821971893311 29.9617195129395 28.7612915039062 27.3226280212402 28.1860008239746 29.0378799438477 28.0568542480469 28.4602699279785 29.0815696716309 29.3993911743164 29.6960964202881 29.612325668335 29.411226272583 28.9215698242188 28.0636501312256 28.5499572753906 28.8001880645752 29.1459999084473 28.7956409454346 28.6475868225098 28.6351280212402 28.5948524475098 28.0159778594971
31.050802230835 31.0503273010254 30.8987293243408 31.0153961181641 31.5038013458252 31.3998947143555 31.4268951416016 31.4178581237793 31.3273963928223 30.9612274169922 29.7973480224609 29.900203704834 29.4564743041992 28.3035125732422 29.0723190307617 28.8424987792969 28.6810512542725 27.9788780212402 28.8476600646973 29.2416687011719 30.3926792144775 30.4308967590332 30.5838031768799 30.7016620635986 29.8127536773682 28.7120761871338 27.5370273590088 28.3494148254395 28.9925746917725 28.4909839630127 29.0117797851562 29.4845027923584 29.8912258148193 29.9058284759521 29.4566326141357 29.1946926116943 28.8308162689209 28.5623531341553 29.1187343597412 29.2177238464355 29.2689418792725 29.1986045837402 29.07932472229 28.4170589447021 27.5559101104736 27.5281772613525
31.1959075927734 31.1980743408203 31.1827869415283 31.0423526763916 31.5106925964355 31.5173587799072 31.4646053314209 31.4135551452637 31.3497695922852 31.251974105835 30.9156475067139 30.1517925262451 29.292610168457 28.0854320526123 28.4209518432617 28.3909950256348 27.9576320648193 28.2584857940674 28.5232734680176 29.5910358428955 30.4095230102539 29.9870910644531 30.7242984771729 30.572151184082 29.9652252197266 29.7239818572998 28.6385078430176 28.7576637268066 29.1251239776611 28.9550971984863 29.5908107757568 29.5699596405029 30.0345668792725 29.9697341918945 29.8234043121338 29.5786323547363 28.7275905609131 28.9117069244385 29.1911029815674 29.1954116821289 29.2403621673584 29.109489440918 29.040433883667 28.5227584838867 28.456506729126 28.3341045379639
