inst/extdata/Tmax/Tmax69.asc
NCOLS 100 
NROWS 79 
XLLCORNER 148.06 
YLLCORNER -21.49 
CELLSIZE 0.01 
NODATA_value -3.4e+38 
[rows 0 to 19 of 79, columns 46 to 91 of 100]
37.1154556274414 36.9310569763184 36.8181457519531 36.8012199401855 36.7657432556152 36.6378593444824 36.8021659851074 36.6229934692383 36.42333984375 36.237735748291 36.1308288574219 35.8437309265137 35.7124214172363 35.8707389831543 36.0584106445312 35.9258804321289 35.7459411621094 35.5158271789551 35.1641731262207 34.8922233581543 34.6609687805176 -3.4e+38 -3.4e+38 -3.4e+38 -3.4e+38 -3.4e+38 -3.4e+38 -3.4e+38 -3.4e+38 -3.4e+38 -3.4e+38 -3.4e+38 -3.4e+38 -3.4e+38 -3.4e+38 -3.4e+38 -3.4e+38 -3.4e+38 -3.4e+38 -3.4e+38 -3.4e+38 -3.4e+38 -3.4e+38 -3.4e+38 -3.4e+38 -3.4e+38
37.0854187011719 36.8035659790039 36.5712776184082 36.796443939209 36.9282836914062 36.9125175476074 36.8420028686523 36.7276077270508 36.3912048339844 35.9499893188477 36.0454940795898 35.5078620910645 35.9465599060059 36.1763687133789 36.1048545837402 35.9666633605957 35.8070449829102 35.6174964904785 35.3678016662598 35.2030143737793 35.0426292419434 34.8273048400879 -3.4e+38 -3.4e+38 -3.4e+38 -3.4e+38 -3.4e+38 -3.4e+38 -3.4e+38 -3.4e+38 -3.4e+38 -3.4e+38 -3.4e+38 -3.4e+38 -3.4e+38 -3.4e+38 -3.4e+38 -3.4e+38 -3.4e+38 -3.4e+38 -3.4e+38 -3.4e+38 -3.4e+38 -3.4e+38 -3.4e+38 -3.4e+38
37.0036888122559 36.3632431030273 35.6981010437012 36.7610511779785 36.9253921508789 36.9172210693359 36.871509552002 36.7939414978027 36.5546226501465 35.9742431640625 36.0323486328125 36.1236877441406 36.153980255127 36.244213104248 36.1643753051758 36.0265998840332 35.8922958374023 35.7461624145508 35.5718269348145 35.3152809143066 35.2233695983887 34.9569091796875 34.6107406616211 34.1813430786133 -3.4e+38 -3.4e+38 -3.4e+38 -3.4e+38 -3.4e+38 -3.4e+38 -3.4e+38 -3.4e+38 -3.4e+38 -3.4e+38 -3.4e+38 -3.4e+38 -3.4e+38 -3.4e+38 -3.4e+38 -3.4e+38 -3.4e+38 -3.4e+38 -3.4e+38 -3.4e+38 -3.4e+38 -3.4e+38
36.6651763916016 36.682201385498 35.8166122436523 36.6439437866211 36.8073387145996 36.8394203186035 36.863842010498 36.746940612793 36.5979118347168 36.2604560852051 36.1338653564453 35.8598899841309 36.1459465026855 36.2214660644531 36.1977195739746 36.0657730102539 35.9673461914062 35.855884552002 35.6823539733887 35.2966957092285 35.0594329833984 34.9765701293945 34.8222045898438 34.6550521850586 34.390998840332 33.8003768920898 -3.4e+38 -3.4e+38 -3.4e+38 -3.4e+38 -3.4e+38 -3.4e+38 -3.4e+38 -3.4e+38 -3.4e+38 -3.4e+38 -3.4e+38 -3.4e+38 -3.4e+38 -3.4e+38 -3.4e+38 -3.4e+38 -3.4e+38 -3.4e+38 -3.4e+38 -3.4e+38
36.682975769043 36.6713066101074 35.7371673583984 35.8546180725098 36.429126739502 36.8262481689453 36.8722991943359 36.7161064147949 36.6603126525879 36.3404808044434 36.0360527038574 35.8228950500488 35.4681739807129 35.9883613586426 36.1767539978027 36.0596923828125 36.0468635559082 35.9593658447266 35.6933059692383 34.9523239135742 34.4156608581543 35.0282821655273 35.0275039672852 34.8934097290039 34.5340957641602 34.0755004882812 -3.4e+38 -3.4e+38 -3.4e+38 -3.4e+38 -3.4e+38 -3.4e+38 -3.4e+38 -3.4e+38 -3.4e+38 -3.4e+38 -3.4e+38 -3.4e+38 -3.4e+38 -3.4e+38 -3.4e+38 -3.4e+38 -3.4e+38 -3.4e+38 -3.4e+38 -3.4e+38
36.0635681152344 36.593879699707 35.4444274902344 34.9703369140625 36.1719207763672 36.8913154602051 36.8003997802734 36.7209892272949 36.6423873901367 36.2358436584473 35.4736175537109 35.1645011901855 35.3764686584473 36.1160430908203 35.9927062988281 36.106746673584 36.1107559204102 36.001537322998 35.8648223876953 35.2278671264648 34.5256156921387 34.5004272460938 34.9082717895508 34.8701019287109 34.7328109741211 34.518928527832 -3.4e+38 -3.4e+38 -3.4e+38 -3.4e+38 -3.4e+38 -3.4e+38 -3.4e+38 -3.4e+38 -3.4e+38 -3.4e+38 -3.4e+38 -3.4e+38 -3.4e+38 -3.4e+38 -3.4e+38 -3.4e+38 -3.4e+38 -3.4e+38 -3.4e+38 -3.4e+38
35.4778366088867 36.5987167358398 36.0745582580566 35.973461151123 36.6874809265137 36.8550872802734 36.6669616699219 36.5405731201172 36.647518157959 36.1996917724609 35.5967102050781 35.5433769226074 36.0128707885742 36.097053527832 35.3010025024414 35.9965553283691 36.0099143981934 35.9672660827637 35.9496536254883 35.6484107971191 35.2531356811523 34.941291809082 35.0712661743164 34.7714385986328 34.9100112915039 34.8470458984375 34.6456260681152 34.23291015625 -3.4e+38 -3.4e+38 -3.4e+38 -3.4e+38 -3.4e+38 -3.4e+38 -3.4e+38 -3.4e+38 -3.4e+38 -3.4e+38 -3.4e+38 -3.4e+38 -3.4e+38 -3.4e+38 -3.4e+38 -3.4e+38 -3.4e+38 -3.4e+38
34.9248046875 36.6349716186523 36.9421577453613 36.7599830627441 35.9445610046387 36.1115875244141 36.5469131469727 36.6174163818359 36.71240234375 36.5087738037109 36.1593284606934 35.7922248840332 35.7667427062988 35.8870735168457 35.4954681396484 36.013111114502 35.3719024658203 35.2843132019043 35.8382987976074 35.9048805236816 35.7051620483398 35.4076194763184 35.246696472168 35.2248039245605 35.1316299438477 35.0255699157715 34.7421455383301 34.4652557373047 34.0439033508301 33.4597816467285 33.4303131103516 -3.4e+38 -3.4e+38 -3.4e+38 -3.4e+38 -3.4e+38 -3.4e+38 -3.4e+38 -3.4e+38 -3.4e+38 -3.4e+38 -3.4e+38 -3.4e+38 -3.4e+38 -3.4e+38 -3.4e+38
34.9017524719238 36.2848243713379 36.9745826721191 36.8506278991699 36.151538848877 35.0688858032227 35.9605903625488 36.7103805541992 36.7218818664551 36.5924530029297 36.4317893981934 36.1886596679688 36.1583290100098 35.9801368713379 35.5285682678223 35.4234237670898 35.0419921875 35.583927154541 35.7946014404297 35.8114738464355 35.7719841003418 35.3881683349609 34.982063293457 34.6679153442383 35.1896209716797 35.1402435302734 34.9340858459473 34.691089630127 34.4870643615723 33.880241394043 33.5093803405762 33.600902557373 -3.4e+38 -3.4e+38 -3.4e+38 -3.4e+38 -3.4e+38 -3.4e+38 -3.4e+38 -3.4e+38 -3.4e+38 -3.4e+38 -3.4e+38 -3.4e+38 -3.4e+38 -3.4e+38
35.5770874023438 36.3142051696777 36.8989944458008 36.8539199829102 36.7945709228516 35.725471496582 35.8837242126465 36.6669044494629 36.7558746337891 36.6236801147461 36.4308738708496 36.193775177002 36.0543060302734 36.0896072387695 35.5296173095703 35.2431449890137 35.1320495605469 35.9578475952148 35.7728881835938 35.4842567443848 35.7612342834473 35.6696815490723 35.4397735595703 35.0761337280273 35.3635711669922 35.2327766418457 35.0201797485352 34.9859085083008 34.7384719848633 34.3086433410645 33.6274223327637 33.6125793457031 -3.4e+38 -3.4e+38 -3.4e+38 -3.4e+38 -3.4e+38 -3.4e+38 -3.4e+38 -3.4e+38 -3.4e+38 -3.4e+38 -3.4e+38 -3.4e+38 -3.4e+38 -3.4e+38
34.9452896118164 36.2262268066406 36.481128692627 36.2756118774414 36.5157127380371 36.687686920166 36.4207153320312 36.7164459228516 36.7523040771484 36.6346206665039 36.4640274047852 36.2850570678711 36.0855407714844 36.3141326904297 36.1492385864258 36.0282592773438 36.0297393798828 36.1500968933105 36.105785369873 35.6143913269043 35.2100028991699 35.6645927429199 35.7771453857422 35.2674980163574 35.2119255065918 35.0152473449707 34.9213790893555 35.0996627807617 34.8441925048828 34.4375343322754 -3.4e+38 -3.4e+38 -3.4e+38 -3.4e+38 -3.4e+38 -3.4e+38 -3.4e+38 -3.4e+38 -3.4e+38 -3.4e+38 -3.4e+38 -3.4e+38 -3.4e+38 -3.4e+38 -3.4e+38 -3.4e+38
34.4813079833984 35.1680107116699 35.3715705871582 35.146125793457 35.8471488952637 36.3064270019531 36.5613059997559 36.7430877685547 36.7042999267578 36.6007347106934 36.4192314147949 36.2352676391602 36.0789756774902 36.5163230895996 36.4661407470703 36.3116874694824 36.2700958251953 36.3024635314941 36.3023796081543 36.1733512878418 35.8085670471191 35.5845947265625 35.840950012207 35.6148872375488 35.340389251709 35.3719940185547 35.3155136108398 34.9859313964844 34.7663192749023 34.4707527160645 -3.4e+38 -3.4e+38 -3.4e+38 -3.4e+38 -3.4e+38 -3.4e+38 -3.4e+38 -3.4e+38 -3.4e+38 -3.4e+38 -3.4e+38 -3.4e+38 -3.4e+38 -3.4e+38 -3.4e+38 -3.4e+38
34.5078506469727 33.7405624389648 33.2481842041016 33.3200149536133 34.8923835754395 35.2618751525879 36.1114044189453 36.368293762207 36.5861892700195 36.4610939025879 36.2510375976562 36.4725608825684 36.4360656738281 36.3169937133789 36.6144027709961 36.5476341247559 36.4532699584961 36.4168243408203 36.3939018249512 36.3421592712402 36.2575302124023 36.1323280334473 35.9483528137207 35.8390693664551 35.4996185302734 35.4995155334473 35.400505065918 35.0633888244629 34.7151184082031 34.4857482910156 34.2016296386719 33.7502098083496 -3.4e+38 -3.4e+38 -3.4e+38 -3.4e+38 -3.4e+38 -3.4e+38 -3.4e+38 -3.4e+38 -3.4e+38 -3.4e+38 -3.4e+38 -3.4e+38 -3.4e+38 -3.4e+38
34.5414390563965 33.9198265075684 33.2184982299805 32.7901077270508 33.2113151550293 33.8120460510254 35.2015991210938 36.0378189086914 36.5951766967773 36.4214973449707 35.9848480224609 36.4335708618164 36.6513481140137 36.6480255126953 36.6206512451172 36.5906105041504 36.5670166015625 36.5148696899414 36.4550361633301 36.3864059448242 36.3132972717285 36.1976737976074 36.0752487182617 35.9414596557617 35.6618423461914 35.6214561462402 35.4600563049316 35.1898880004883 34.8738059997559 34.710578918457 34.5491561889648 34.3107261657715 33.8677215576172 -3.4e+38 -3.4e+38 -3.4e+38 -3.4e+38 33.212516784668 33.2093696594238 -3.4e+38 -3.4e+38 -3.4e+38 -3.4e+38 -3.4e+38 -3.4e+38 -3.4e+38
35.0145111083984 34.0173568725586 33.3251647949219 33.0153465270996 33.3983917236328 33.1901168823242 34.0533638000488 35.3096160888672 36.25341796875 36.5266571044922 35.6423835754395 36.261058807373 36.57421875 36.1758880615234 36.2055053710938 36.4836196899414 36.5223541259766 36.5352363586426 36.4459419250488 36.2953109741211 36.2666702270508 36.157413482666 36.0948715209961 35.9944076538086 35.8655128479004 35.6720809936523 35.508129119873 35.3077735900879 35.1118011474609 34.9549942016602 34.8447494506836 34.5932579040527 34.087833404541 -3.4e+38 -3.4e+38 -3.4e+38 -3.4e+38 33.3062782287598 33.2345199584961 33.3327217102051 33.286922454834 33.115306854248 -3.4e+38 -3.4e+38 -3.4e+38 -3.4e+38
35.01416015625 34.0277137756348 33.3859519958496 33.6960983276367 33.5081977844238 33.7865982055664 33.5635452270508 34.6019477844238 36.130916595459 36.6826324462891 35.8319511413574 35.7649726867676 36.3725128173828 34.9531440734863 35.6240921020508 35.8942031860352 36.2872581481934 36.5353775024414 36.4697265625 36.3471069335938 36.2877388000488 36.2023391723633 36.1462249755859 36.0410842895508 35.9199981689453 35.6589241027832 35.5634536743164 35.4354782104492 35.314525604248 35.2017593383789 35.0206642150879 34.7698516845703 34.4798927307129 -3.4e+38 -3.4e+38 34.0871467590332 33.7583160400391 33.3830642700195 33.264820098877 33.0871047973633 33.1457290649414 33.2550315856934 -3.4e+38 -3.4e+38 -3.4e+38 -3.4e+38
34.0029602050781 33.0221939086914 32.9590377807617 33.9163284301758 34.1479072570801 34.0533790588379 33.7025337219238 33.9459075927734 35.638370513916 36.5676002502441 36.5433921813965 35.8495979309082 36.2260856628418 35.1743431091309 35.1395225524902 35.1338310241699 36.0777435302734 36.5518760681152 36.510814666748 36.4694976806641 36.4159088134766 36.3061332702637 36.2082901000977 35.9663352966309 35.9041137695312 35.7483901977539 35.6668930053711 35.5916175842285 35.4998054504395 35.3458862304688 35.1732635498047 34.9769897460938 34.7924652099609 -3.4e+38 34.5185356140137 34.4624786376953 34.3265113830566 -3.4e+38 33.386302947998 -3.4e+38 33.1261711120605 -3.4e+38 -3.4e+38 -3.4e+38 -3.4e+38 -3.4e+38
34.0015640258789 32.8662185668945 32.2818641662598 34.2467079162598 34.3772010803223 33.8617744445801 33.5347061157227 33.6044616699219 34.7417984008789 36.3691558837891 36.4233551025391 36.0471267700195 36.1080207824707 36.1575775146484 35.6004409790039 36.4183921813965 36.5492324829102 36.5801467895508 36.5581245422363 36.4970703125 36.4415702819824 36.3498725891113 36.2649345397949 36.1380653381348 36.0669746398926 35.9490242004395 35.851993560791 35.7533073425293 35.5968399047852 35.4920959472656 35.352352142334 35.2049179077148 35.0706329345703 34.9453582763672 34.8576278686523 34.805793762207 34.5557441711426 -3.4e+38 -3.4e+38 -3.4e+38 -3.4e+38 -3.4e+38 -3.4e+38 33.2373924255371 -3.4e+38 -3.4e+38
35.3720703125 35.1061553955078 33.4440498352051 34.5788688659668 33.4254722595215 33.4020538330078 33.7032203674316 33.9029884338379 35.3937873840332 36.3632202148438 36.0896377563477 35.6227951049805 36.2215576171875 36.5059013366699 36.543758392334 36.5434722900391 36.5900802612305 36.2968902587891 36.3693428039551 36.4451026916504 36.3779602050781 36.3436431884766 36.2963752746582 36.2184677124023 36.1404647827148 36.0450439453125 35.9588661193848 35.7898139953613 35.4722366333008 35.4946899414062 35.492504119873 35.3961944580078 35.2943878173828 35.1763610839844 35.1014862060547 34.9670066833496 34.7385444641113 34.5141525268555 34.3121871948242 34.1813926696777 34.1464004516602 33.9643135070801 33.5651969909668 33.2481727600098 -3.4e+38 -3.4e+38
35.4617233276367 34.8018226623535 35.2604331970215 35.091236114502 33.9990119934082 33.9987373352051 33.6696853637695 33.8009490966797 35.272388458252 36.1634788513184 36.4476356506348 36.2243194580078 36.4592933654785 36.6467742919922 36.505744934082 36.3509788513184 36.4573020935059 36.2026863098145 36.0308227539062 36.1220169067383 36.3282623291016 36.3201599121094 36.2856597900391 36.2602920532227 36.2096214294434 36.1268272399902 36.0266990661621 35.818359375 35.5537528991699 35.6381568908691 35.5583152770996 35.5561943054199 35.4196929931641 35.3306465148926 35.2527198791504 35.0597076416016 34.8971862792969 34.7658729553223 34.6575088500977 34.5708503723145 34.5009498596191 34.301155090332 33.815242767334 33.2106246948242 33.2166709899902 -3.4e+38
