inst/extdata/Tmax/Tmax90.asc
NCOLS 100 
NROWS 79 
XLLCORNER 148.06 
YLLCORNER -21.49 
CELLSIZE 0.01 
NODATA_value -3.4e+38 
[rows 0 to 19 of 79, columns 46 to 91 of 100]
33.7777633666992 33.594310760498 33.4944458007812 33.5067443847656 33.4985084533691 33.3832588195801 33.6109237670898 33.4354591369629 33.2358093261719 33.0527381896973 32.9747276306152 32.697193145752 32.6058120727539 32.860782623291 33.1661415100098 33.1004829406738 32.990306854248 32.8370475769043 32.5558891296387 32.4017105102539 32.322868347168 -3.4e+38 -3.4e+38 -3.4e+38 -3.4e+38 -3.4e+38 -3.4e+38 -3.4e+38 -3.4e+38 -3.4e+38 -3.4e+38 -3.4e+38 -3.4e+38 -3.4e+38 -3.4e+38 -3.4e+38 -3.4e+38 -3.4e+38 -3.4e+38 -3.4e+38 -3.4e+38 -3.4e+38 -3.4e+38 -3.4e+38 -3.4e+38 -3.4e+38
33.7212677001953 33.4246063232422 33.1869621276855 33.4757461547852 33.6602020263672 33.6741409301758 33.624755859375 33.5223083496094 33.1654853820801 32.7022857666016 32.8631973266602 32.2964401245117 32.8624572753906 33.2031440734863 33.1952362060547 33.1163101196289 33.0190505981445 32.8965110778809 32.7121315002441 32.6367721557617 32.5643615722656 32.4411163330078 -3.4e+38 -3.4e+38 -3.4e+38 -3.4e+38 -3.4e+38 -3.4e+38 -3.4e+38 -3.4e+38 -3.4e+38 -3.4e+38 -3.4e+38 -3.4e+38 -3.4e+38 -3.4e+38 -3.4e+38 -3.4e+38 -3.4e+38 -3.4e+38 -3.4e+38 -3.4e+38 -3.4e+38 -3.4e+38 -3.4e+38 -3.4e+38
33.5993309020996 32.7908782958984 31.8788909912109 33.4037055969238 33.6233253479004 33.6433639526367 33.6205520629883 33.5725212097168 33.3372764587402 32.7105102539062 32.8263092041016 32.9856109619141 33.0791664123535 33.2510032653809 33.2264251708984 33.1386451721191 33.0610427856445 32.9726867675781 32.8534736633301 32.6313743591309 32.6212501525879 32.4784660339355 32.283618927002 32.0467300415039 -3.4e+38 -3.4e+38 -3.4e+38 -3.4e+38 -3.4e+38 -3.4e+38 -3.4e+38 -3.4e+38 -3.4e+38 -3.4e+38 -3.4e+38 -3.4e+38 -3.4e+38 -3.4e+38 -3.4e+38 -3.4e+38 -3.4e+38 -3.4e+38 -3.4e+38 -3.4e+38 -3.4e+38 -3.4e+38
33.1035766601562 33.1842956542969 31.9996757507324 33.2428779602051 33.4586372375488 33.5298881530762 33.5985527038574 33.5032272338867 33.3725738525391 33.0250015258789 32.9253425598145 32.6572341918945 33.043628692627 33.1921539306641 33.2277221679688 33.1388168334961 33.0910110473633 33.0301895141602 32.891471862793 32.5100479125977 32.3451957702637 32.3850936889648 32.3473472595215 32.2880668640137 32.1462783813477 31.8062763214111 -3.4e+38 -3.4e+38 -3.4e+38 -3.4e+38 -3.4e+38 -3.4e+38 -3.4e+38 -3.4e+38 -3.4e+38 -3.4e+38 -3.4e+38 -3.4e+38 -3.4e+38 -3.4e+38 -3.4e+38 -3.4e+38 -3.4e+38 -3.4e+38 -3.4e+38 -3.4e+38
33.070384979248 33.1080589294434 31.797191619873 32.0633773803711 32.9418029785156 33.501148223877 33.5941734313965 33.4517784118652 33.4285011291504 33.0987930297852 32.7907600402832 32.5904083251953 32.1795539855957 32.8830451965332 33.1613159179688 33.0812530517578 33.1263694763184 33.0815200805664 32.8350067138672 32.0414886474609 31.5019702911377 32.3269805908203 32.4270896911621 32.3741607666016 32.164005279541 31.9410839080811 -3.4e+38 -3.4e+38 -3.4e+38 -3.4e+38 -3.4e+38 -3.4e+38 -3.4e+38 -3.4e+38 -3.4e+38 -3.4e+38 -3.4e+38 -3.4e+38 -3.4e+38 -3.4e+38 -3.4e+38 -3.4e+38 -3.4e+38 -3.4e+38 -3.4e+38 -3.4e+38
32.1211776733398 32.9392433166504 31.2664852142334 30.5885467529297 32.531494140625 33.5622482299805 33.494213104248 33.4399108886719 33.3880882263184 32.9565887451172 31.9658889770508 31.6070785522461 31.979248046875 32.99755859375 32.9014739990234 33.0882759094238 33.1449508666992 33.0786819458008 32.9892272949219 32.3056144714355 31.5146579742432 31.5945663452148 32.1637687683105 32.2610969543457 32.266960144043 32.2073135375977 -3.4e+38 -3.4e+38 -3.4e+38 -3.4e+38 -3.4e+38 -3.4e+38 -3.4e+38 -3.4e+38 -3.4e+38 -3.4e+38 -3.4e+38 -3.4e+38 -3.4e+38 -3.4e+38 -3.4e+38 -3.4e+38 -3.4e+38 -3.4e+38 -3.4e+38 -3.4e+38
31.1202239990234 32.9015502929688 32.2275123596191 32.1467018127441 33.2135848999023 33.5042991638184 33.3195915222168 33.2055549621582 33.3737525939941 32.8573608398438 32.0769996643066 32.0717315673828 32.7987594604492 32.9393653869629 31.944278717041 32.9102745056152 32.9821968078613 32.9929618835449 33.0375633239746 32.7411804199219 32.3332710266113 32.0383644104004 32.2942237854004 32.0483551025391 32.3373870849609 32.3830604553223 32.2703895568848 32.0427627563477 -3.4e+38 -3.4e+38 -3.4e+38 -3.4e+38 -3.4e+38 -3.4e+38 -3.4e+38 -3.4e+38 -3.4e+38 -3.4e+38 -3.4e+38 -3.4e+38 -3.4e+38 -3.4e+38 -3.4e+38 -3.4e+38 -3.4e+38 -3.4e+38
30.1941165924072 32.8990669250488 33.3951759338379 33.1963195800781 32.1112518310547 32.4036560058594 33.084529876709 33.2511291503906 33.4227867126465 33.2226982116699 32.7999038696289 32.3459014892578 32.3768501281738 32.6161727905273 32.1270751953125 32.8898429870605 32.1167221069336 32.0769653320312 32.84423828125 32.9788970947266 32.8076705932617 32.5335159301758 32.4282073974609 32.4905395507812 32.4674339294434 32.4408302307129 32.2747268676758 32.1630210876465 31.9294166564941 31.4399604797363 31.4164066314697 -3.4e+38 -3.4e+38 -3.4e+38 -3.4e+38 -3.4e+38 -3.4e+38 -3.4e+38 -3.4e+38 -3.4e+38 -3.4e+38 -3.4e+38 -3.4e+38 -3.4e+38 -3.4e+38 -3.4e+38
30.1110038757324 32.3647422790527 33.3927574157715 33.2756996154785 32.3502082824707 30.722677230835 32.2052879333496 33.3269424438477 33.4076538085938 33.2859916687012 33.1236381530762 32.8397483825684 32.8606185913086 32.6713523864746 32.1051330566406 32.0340156555176 31.5729751586914 32.412712097168 32.742015838623 32.8203926086426 32.8410987854004 32.455078125 32.0319519042969 31.6848487854004 32.4410934448242 32.5073852539062 32.3980445861816 32.2516212463379 32.1487579345703 31.6106243133545 31.5231037139893 31.6556262969971 -3.4e+38 -3.4e+38 -3.4e+38 -3.4e+38 -3.4e+38 -3.4e+38 -3.4e+38 -3.4e+38 -3.4e+38 -3.4e+38 -3.4e+38 -3.4e+38 -3.4e+38 -3.4e+38
31.11696434021 32.3604049682617 33.2364959716797 33.230541229248 33.2049598693848 31.7133083343506 32.0466079711914 33.2063293457031 33.3951835632324 33.2669410705566 33.0553245544434 32.7777862548828 32.6418342590332 32.7612342834473 32.0387763977051 31.7087898254395 31.6206569671631 32.8446731567383 32.6785507202148 32.3537178039551 32.7815208435059 32.7333374023438 32.5197868347168 32.1499786376953 32.5930137634277 32.5387763977051 32.3844528198242 32.4482345581055 32.3144950866699 32.0637359619141 31.6798038482666 31.6775131225586 -3.4e+38 -3.4e+38 -3.4e+38 -3.4e+38 -3.4e+38 -3.4e+38 -3.4e+38 -3.4e+38 -3.4e+38 -3.4e+38 -3.4e+38 -3.4e+38 -3.4e+38 -3.4e+38
30.0815258026123 32.1719741821289 32.6010246276855 32.3700485229492 32.7601509094238 33.0589256286621 32.7422752380371 33.2190017700195 33.3288497924805 33.2191009521484 33.0369415283203 32.8425941467285 32.6241149902344 33.0158424377441 32.8460464477539 32.7422142028809 32.8098602294922 33.0401649475098 33.0391006469727 32.4545631408691 31.9583911895752 32.6736679077148 32.8713417053223 32.3282241821289 32.349723815918 32.1940040588379 32.1710815429688 32.5372276306152 32.4163436889648 32.1775779724121 -3.4e+38 -3.4e+38 -3.4e+38 -3.4e+38 -3.4e+38 -3.4e+38 -3.4e+38 -3.4e+38 -3.4e+38 -3.4e+38 -3.4e+38 -3.4e+38 -3.4e+38 -3.4e+38 -3.4e+38 -3.4e+38
29.4091854095459 30.440242767334 30.8235912322998 30.5361747741699 31.7146511077881 32.471549987793 32.8858108520508 33.1989974975586 33.1995887756348 33.1083183288574 32.9123725891113 32.712818145752 32.5532989501953 33.2388572692871 33.2297515869141 33.0742568969727 33.0877456665039 33.1900253295898 33.2373580932617 33.1314849853516 32.721794128418 32.4903106689453 32.9066314697266 32.7026786804199 32.4470977783203 32.5930023193359 32.6461868286133 32.3922920227051 32.310546875 32.1960372924805 -3.4e+38 -3.4e+38 -3.4e+38 -3.4e+38 -3.4e+38 -3.4e+38 -3.4e+38 -3.4e+38 -3.4e+38 -3.4e+38 -3.4e+38 -3.4e+38 -3.4e+38 -3.4e+38 -3.4e+38 -3.4e+38
29.4055023193359 28.6634960174561 28.1926746368408 28.2873878479004 30.1410293579102 30.7822589874268 32.1972999572754 32.6056671142578 32.9651184082031 32.8449325561523 32.6103553771973 32.9820175170898 32.9890327453613 32.8783149719238 33.3656387329102 33.342227935791 33.2759017944336 33.2886619567871 33.3048133850098 33.286979675293 33.2394371032715 33.1482009887695 32.9943885803223 32.9438667297363 32.6254768371582 32.726676940918 32.7240905761719 32.4513282775879 32.1918449401855 32.121021270752 32.0470695495605 31.7780590057373 -3.4e+38 -3.4e+38 -3.4e+38 -3.4e+38 -3.4e+38 -3.4e+38 -3.4e+38 -3.4e+38 -3.4e+38 -3.4e+38 -3.4e+38 -3.4e+38 -3.4e+38 -3.4e+38
29.4130401611328 28.8161506652832 28.1362018585205 27.7271614074707 28.1738529205322 28.7982025146484 30.6966304779053 32.0943183898926 32.9240493774414 32.7357482910156 32.1848526000977 32.867488861084 33.2337532043457 33.2882690429688 33.3138275146484 33.3394813537598 33.3714485168457 33.3617668151855 33.3404083251953 33.3107528686523 33.2824935913086 33.2114524841309 33.1367416381836 33.0542945861816 32.8033790588379 32.850887298584 32.7634239196777 32.5555458068848 32.3088264465332 32.2612342834473 32.2291717529297 32.0993728637695 31.8461627960205 -3.4e+38 -3.4e+38 -3.4e+38 -3.4e+38 31.2917728424072 31.3047180175781 -3.4e+38 -3.4e+38 -3.4e+38 -3.4e+38 -3.4e+38 -3.4e+38 -3.4e+38
29.9828281402588 28.8872127532959 28.2169170379639 27.9275417327881 28.3346157073975 28.1479969024658 29.0337314605713 30.8730545043945 32.3955764770508 32.8301048278809 31.6106967926025 32.567253112793 33.0644683837891 32.5618896484375 32.6624870300293 33.1214942932129 33.2384719848633 33.319408416748 33.273380279541 33.1419525146484 33.1915893554688 33.1334037780762 33.144905090332 33.0984764099121 33.0241928100586 32.8781661987305 32.7755165100098 32.6356735229492 32.5056610107422 32.4266052246094 32.3961982727051 32.266658782959 31.9257926940918 -3.4e+38 -3.4e+38 -3.4e+38 -3.4e+38 31.4195022583008 31.3434715270996 31.4879570007324 31.4491863250732 31.2390537261963 -3.4e+38 -3.4e+38 -3.4e+38 -3.4e+38
29.9334697723389 28.8716125488281 28.2517032623291 28.5840072631836 28.4180068969727 28.7190132141113 28.5184078216553 29.7167549133301 32.1772918701172 32.9959869384766 31.8490428924561 31.8118019104004 32.7260322570801 30.6599445343018 31.7982540130615 32.2284736633301 32.847728729248 33.279109954834 33.2650489807129 33.1717414855957 33.1737480163574 33.1467170715332 33.1625938415527 33.1127662658691 33.0445213317871 32.7811126708984 32.7615203857422 32.6979446411133 32.6469078063965 32.6023712158203 32.5188789367676 32.3790054321289 32.2114524841309 -3.4e+38 -3.4e+38 31.9586410522461 31.762659072876 31.5255107879639 31.3688716888428 31.1224784851074 31.2403831481934 31.4325370788574 -3.4e+38 -3.4e+38 -3.4e+38 -3.4e+38
28.7999362945557 27.8391647338867 27.7969398498535 28.7779960632324 29.0314292907715 28.9601917266846 28.6318969726562 28.8989219665527 31.3409061431885 32.7819709777832 32.804271697998 31.8865413665771 32.4694595336914 30.9462146759033 30.9655284881592 31.0453281402588 32.5125999450684 33.2606544494629 33.2792434692383 33.3011665344238 33.3082046508789 33.2400741577148 33.1898574829102 32.9332122802734 32.9412574768066 32.8193893432617 32.8045234680176 32.7998847961426 32.7673454284668 32.691967010498 32.605167388916 32.4955024719238 32.3916358947754 -3.4e+38 32.2200889587402 32.1741638183594 32.0881156921387 -3.4e+38 31.5346984863281 -3.4e+38 31.1903324127197 -3.4e+38 -3.4e+38 -3.4e+38 -3.4e+38 -3.4e+38
28.7690677642822 27.6526966094971 27.0839519500732 29.078332901001 29.2312450408936 28.7394905090332 28.4340915679932 28.5271511077881 29.8733386993408 32.4507446289062 32.5802230834961 32.1123924255371 32.2477340698242 32.3773574829102 31.6470355987549 32.8756484985352 33.1310920715332 33.2473602294922 33.2909164428711 33.2802391052246 33.2804527282715 33.2341384887695 33.1968116760254 33.1005401611328 33.087272644043 33.0098152160645 32.959789276123 32.9085845947266 32.8035697937012 32.7796478271484 32.7107467651367 32.6272811889648 32.5495338439941 32.4588928222656 32.395133972168 32.3671340942383 32.215461730957 -3.4e+38 -3.4e+38 -3.4e+38 -3.4e+38 -3.4e+38 -3.4e+38 31.4055042266846 -3.4e+38 -3.4e+38
30.3243141174316 29.9736385345459 28.2293968200684 29.3852024078369 28.2550945281982 28.2540397644043 28.5776386260986 28.8006725311279 30.8330554962158 32.3970832824707 32.0731468200684 31.4002094268799 32.3693084716797 32.8263206481934 32.9432792663574 33.0111999511719 33.1453094482422 32.7971343994141 32.9699668884277 33.1520805358887 33.1313285827637 33.1628684997559 33.1738510131836 33.141845703125 33.110424041748 33.0569496154785 33.0182838439941 32.8758811950684 32.5203285217285 32.6638793945312 32.769588470459 32.7361526489258 32.675666809082 32.5734596252441 32.5146675109863 32.4348030090332 32.295597076416 32.1731338500977 32.0560264587402 31.9792499542236 31.9470882415771 31.8351440429688 31.5921020507812 31.4026832580566 -3.4e+38 -3.4e+38
30.4127731323242 29.5390110015869 30.2181453704834 30.0161037445068 28.8045825958252 28.8268241882324 28.5191345214844 28.674430847168 30.5913677215576 32.0667266845703 32.5305480957031 32.2790946960449 32.6625709533691 32.9855728149414 32.8488388061523 32.6971168518066 32.9111289978027 32.61767578125 32.442455291748 32.6384925842285 33.0014533996582 33.0659980773926 33.0891990661621 33.127368927002 33.1284523010254 33.0925369262695 33.0392074584961 32.8288192749023 32.5389518737793 32.7554664611816 32.7287330627441 32.814453125 32.6861038208008 32.6135711669922 32.5572776794434 32.4239654541016 32.3365287780762 32.2835311889648 32.2368354797363 32.1888847351074 32.1344337463379 32.0024566650391 31.6684551239014 31.3260936737061 31.3604907989502 -3.4e+38
