inst/extdata/Tmax/Tmax42.asc
NCOLS 100 
NROWS 79 
XLLCORNER 148.06 
YLLCORNER -21.49 
CELLSIZE 0.01 
NODATA_value -3.4e+38 
[rows 20 to 39 of 79, columns 0 to 45 of 100]
31.023366928100600 31.5358848571777 31.7383823394775 31.4810428619385 31.6881847381592 32.5324058532715 32.0816841125488 32.3835868835449 31.2350425720215 31.1723003387451 32.2698783874512 31.8975143432617 30.8629207611084 29.1358585357666 28.1243495941162 27.4034309387207 27.0774726867676 28.3163814544678 29.197904586792 29.9889240264893 30.1164894104004 30.5921154022217 30.7107448577881 31.0531005859375 31.02565574646 30.8204555511475 29.8472442626953 28.0884914398193 28.9880542755127 28.8003368377686 29.8290271759033 30.1208744049072 30.1465263366699 30.2313365936279 29.9945755004883 29.7537250518799 29.6405410766602 29.4167022705078 28.6417789459229 28.8968391418457 28.7480278015137 28.0091514587402 28.726432800293 28.5203399658203 27.0577869415283 27.1918029785156
31.7807369232178 32.0751647949219 32.0966377258301 31.733325958252 31.6797351837158 31.6066665649414 31.2176895141602 32.0239219665527 32.2907676696777 32.5660400390625 32.2673454284668 32.298152923584 31.8239650726318 29.3985195159912 28.0545310974121 27.8977603912354 28.0050373077393 28.5127620697021 28.9477596282959 29.9610767364502 30.6199550628662 31.2264156341553 30.2659435272217 30.7500953674316 30.7335414886475 30.4330539703369 30.1632175445557 28.802526473999 28.9156379699707 29.7493629455566 30.1603527069092 29.9373912811279 29.9596080780029 28.885217666626 28.5886478424072 28.8281497955322 29.6953754425049 28.0267963409424 27.7049102783203 27.952844619751 27.2601718902588 27.8350200653076 28.0936145782471 25.9738426208496 25.8614883422852 26.4873008728027
32.0580978393555 32.3267784118652 32.1495170593262 31.4735260009766 32.7212219238281 31.8277606964111 32.109317779541 31.8117332458496 32.5309562683105 31.7337379455566 32.8509635925293 32.4833030700684 32.3080444335938 31.4441089630127 30.7676219940186 29.1438789367676 27.5935764312744 28.0911312103271 28.4160900115967 30.2896308898926 31.1452960968018 30.2864933013916 30.2307147979736 29.7985897064209 29.4051494598389 30.1677398681641 30.0705146789551 29.7064609527588 29.6932735443115 29.7011890411377 29.3943748474121 28.9759216308594 28.5895881652832 28.1504421234131 27.5267353057861 28.2948894500732 28.3896789550781 27.3469638824463 27.37672996521 27.3903713226318 26.1258354187012 26.1186656951904 26.5685768127441 27.3067760467529 21.9487190246582 26.3410472869873
32.2042961120605 32.662654876709 33.1826972961426 31.4831943511963 31.4263877868652 32.2950782775879 31.3795108795166 32.3836059570312 32.6034774780273 31.7143650054932 32.3004570007324 32.2082138061523 32.4273910522461 31.5395450592041 29.783109664917 28.9534931182861 27.9073047637939 28.2809066772461 28.8573474884033 29.8025245666504 30.2274551391602 30.6413764953613 29.9161205291748 28.711353302002 29.1827774047852 29.2814693450928 29.3187065124512 30.0188751220703 30.3137111663818 30.0923480987549 29.7781677246094 28.9659690856934 28.387378692627 28.5146884918213 28.9319972991943 28.6962432861328 26.6614990234375 26.3732528686523 26.7943325042725 27.1766796112061 25.8802890777588 25.8125381469727 25.3173904418945 23.510290145874 25.1591606140137 25.183708190918
32.4093894958496 32.2962913513184 32.1233139038086 32.8586845397949 32.9667015075684 32.6618003845215 31.4431610107422 32.5388145446777 31.1333599090576 31.3874588012695 31.4474124908447 31.2141609191895 31.0691452026367 31.4462985992432 30.0204658508301 28.6346416473389 28.0411758422852 27.9770412445068 29.0719928741455 29.2504444122314 30.4095458984375 30.529333114624 28.0936489105225 27.9218578338623 28.0818824768066 28.4464931488037 28.6905727386475 29.8310489654541 30.1574230194092 29.6394805908203 30.0449256896973 29.658597946167 29.5571708679199 29.3702774047852 28.9048328399658 28.5586261749268 27.9808197021484 27.3112754821777 26.137336730957 25.6041984558105 24.6429958343506 23.7412109375 24.3733921051025 26.1025314331055 21.3384456634521 21.1156558990479
32.8724403381348 32.598518371582 33.0591011047363 32.4153823852539 32.9433746337891 32.8121299743652 32.6806373596191 32.4678535461426 32.3254280090332 30.9749145507812 32.0414237976074 31.3642311096191 30.5906639099121 30.7667007446289 30.8412933349609 30.7564487457275 29.5794239044189 29.3969593048096 29.9880619049072 30.52880859375 29.856538772583 28.2787094116211 27.8317070007324 26.8151111602783 27.4665641784668 28.2401905059814 28.2599983215332 28.9354915618896 29.9396533966064 29.8485641479492 28.4137001037598 29.2507381439209 29.0876178741455 29.1241207122803 28.7530269622803 28.4990520477295 27.9138565063477 26.9828357696533 24.7826309204102 25.2826080322266 23.9683990478516 24.9840469360352 26.4845886230469 25.8444805145264 21.2311706542969 20.5536994934082
30.9265518188477 32.1443290710449 33.1985321044922 32.9731407165527 32.8654403686523 32.7151565551758 32.5993003845215 32.6236381530762 32.3637809753418 31.1438980102539 30.7249698638916 30.948278427124 30.7854824066162 30.5338668823242 30.7094593048096 29.8708229064941 29.1387367248535 29.2494411468506 30.0781669616699 29.9604835510254 29.6494064331055 29.837381362915 28.6996974945068 27.5264644622803 27.0236320495605 27.6490039825439 28.8458881378174 29.9379425048828 29.3628997802734 29.5777683258057 28.9742488861084 28.8158397674561 28.9458522796631 28.5060119628906 28.5371055603027 27.9105968475342 26.6243953704834 26.8398475646973 22.3623237609863 20.8673763275146 23.5987930297852 21.1080093383789 25.9412364959717 22.1377277374268 24.6019706726074 20.3442516326904
31.1146392822266 30.7390460968018 31.8872184753418 32.7573623657227 32.7237319946289 32.6065330505371 32.788703918457 32.9245300292969 32.5449562072754 31.8391418457031 31.4082279205322 30.7402000427246 30.5858211517334 30.9959163665771 29.5238056182861 29.8395805358887 29.4375190734863 29.0004501342773 29.3204250335693 29.4035720825195 29.3453311920166 29.3743057250977 28.9861221313477 27.893310546875 27.8340740203857 28.057149887085 27.5433712005615 29.8196640014648 30.1299304962158 28.8656673431396 28.7633571624756 28.83962059021 29.0801868438721 28.3549785614014 28.1510791778564 27.40944480896 26.0387935638428 26.2917804718018 26.0526332855225 25.0820331573486 23.9602699279785 24.393383026123 24.2228755950928 21.4873027801514 20.9481830596924 20.6387062072754
29.9753837585449 30.4271717071533 30.9940338134766 31.8828620910645 32.9208335876465 32.4140129089355 32.8426628112793 32.5011749267578 32.5329704284668 31.5846614837646 31.6983222961426 30.94655418396 31.2288017272949 31.2265453338623 30.9902210235596 28.9786682128906 29.0835933685303 28.9322643280029 29.2653427124023 30.1046905517578 28.8661155700684 29.3304615020752 28.4539012908936 27.5471000671387 27.8350486755371 28.1543369293213 28.099292755127 28.7528896331787 29.3696918487549 29.2496204376221 29.4546566009521 28.5457611083984 28.1801471710205 27.1620292663574 26.6456165313721 25.7591552734375 26.0882835388184 26.0986576080322 26.2214298248291 23.7903060913086 20.9605102539062 21.010404586792 24.4174919128418 20.8388557434082 21.0613231658936 20.9764938354492
28.998987197876 29.5912952423096 30.1719303131104 30.9262714385986 32.2835807800293 32.3022880554199 31.6537780761719 32.8396492004395 32.6622009277344 32.3311614990234 31.2321701049805 31.6876258850098 31.0638465881348 30.8028430938721 31.4112319946289 31.2358589172363 30.8988075256348 29.2808456420898 29.5148468017578 29.4955310821533 29.4330043792725 29.3388442993164 28.9432411193848 28.069299697876 27.8842391967773 27.9419364929199 27.5031280517578 28.7294673919678 29.4766006469727 28.9383735656738 29.7287158966064 28.4039688110352 27.4004611968994 27.2984619140625 26.8186340332031 26.5642108917236 26.5381164550781 25.9924411773682 25.4044990539551 24.9909858703613 25.9593639373779 25.9525184631348 23.6169872283936 23.7726554870605 21.0144367218018 21.8858909606934
29.4978637695312 30.0516166687012 30.1819686889648 31.0044345855713 31.2328357696533 31.0248756408691 31.22607421875 32.2856178283691 32.2605094909668 31.7995529174805 32.2986640930176 32.2280158996582 32.2888641357422 31.5062236785889 31.5744915008545 31.6338481903076 30.5236129760742 30.0408973693848 29.1596450805664 29.5106315612793 29.3336734771729 28.7254199981689 28.5881538391113 28.2220916748047 27.6987762451172 27.0758438110352 27.4519004821777 28.9874687194824 29.2363300323486 29.3909168243408 29.6772422790527 29.8743934631348 28.4026794433594 27.3494606018066 26.6409568786621 27.50319480896 27.0816135406494 26.4212017059326 25.6420860290527 25.6123180389404 27.3066558837891 27.1592540740967 26.8452472686768 26.053430557251 22.8388004302979 22.1972541809082
30.456859588623 30.3608741760254 31.2405014038086 32.0840187072754 32.5810012817383 31.2950019836426 31.3759574890137 32.654655456543 32.6277198791504 31.976879119873 32.4137268066406 32.0710067749023 32.0396156311035 31.6850032806396 30.7803592681885 31.1720905303955 29.0180072784424 27.7645778656006 29.2215194702148 28.8852958679199 28.8661308288574 28.9931049346924 28.5075969696045 28.2899913787842 27.8902931213379 27.8884029388428 28.1792678833008 29.2613086700439 29.8823318481445 28.973424911499 29.4607791900635 29.4749164581299 29.7379360198975 28.9406700134277 28.3101978302002 27.3029518127441 27.232141494751 27.3189353942871 26.9010372161865 28.416540145874 27.482177734375 27.1962699890137 22.2418670654297 23.9237194061279 21.5419960021973 20.9442806243896
30.036096572876 31.333812713623 31.2021045684814 31.3121204376221 32.5051689147949 31.7057628631592 32.3339462280273 31.9896831512451 32.5782051086426 31.5791969299316 32.5645942687988 32.0776176452637 32.0813064575195 31.5082931518555 31.1330413818359 30.6447162628174 30.6746158599854 29.0505447387695 27.977294921875 28.4133777618408 28.4925994873047 28.9807319641113 28.383861541748 28.5106468200684 28.1594543457031 27.9632797241211 29.5243263244629 29.5398654937744 29.3958988189697 30.8577651977539 29.594310760498 29.1798496246338 30.2718620300293 30.1159420013428 29.3819332122803 28.791482925415 28.3530292510986 28.3520183563232 27.911937713623 28.1192054748535 27.4820919036865 25.1478614807129 20.662956237793 20.9507141113281 21.1515445709229 19.9997711181641
30.7946033477783 30.8873100280762 31.505615234375 30.4877529144287 31.0288581848145 29.9570808410645 30.6711463928223 32.012825012207 32.537410736084 32.3496856689453 32.665096282959 31.9047069549561 31.7680377960205 31.8455505371094 31.2602615356445 31.0651016235352 31.4967384338379 31.0651321411133 30.3769760131836 30.0297393798828 28.9395847320557 28.667329788208 29.2194309234619 28.868616104126 28.5083541870117 28.1166801452637 29.5699234008789 30.2006282806396 29.7265319824219 29.9369297027588 29.7350406646729 28.7323036193848 28.3950119018555 28.3629703521729 28.7530937194824 28.9525680541992 29.0002574920654 29.4847526550293 29.1134567260742 29.2351379394531 27.5748672485352 23.165563583374 21.7515411376953 21.9438724517822 21.8021278381348 20.9583721160889
31.2850208282471 31.6524600982666 31.4594898223877 29.7378101348877 30.4301853179932 31.3981246948242 30.6144847869873 32.0450592041016 32.4321594238281 32.0811462402344 32.5412292480469 32.2542877197266 32.6008758544922 32.1303482055664 31.7416610717773 31.5902671813965 31.3390598297119 31.0943126678467 30.7275295257568 29.814624786377 28.4641094207764 29.5383834838867 29.9804439544678 28.8520107269287 28.4340076446533 28.3087062835693 28.0687007904053 29.319486618042 29.2231273651123 28.327356338501 29.2859153747559 28.2784843444824 27.9068756103516 27.9847049713135 27.7302303314209 27.8722305297852 28.5415554046631 28.0373783111572 28.7048645019531 28.4922790527344 26.8588542938232 26.5435352325439 23.7595119476318 23.1636848449707 22.5309524536133 22.4985179901123
31.0075492858887 32.3419036865234 31.4392490386963 30.6503200531006 29.1530857086182 31.4089488983154 32.7939605712891 30.941463470459 31.9349136352539 32.5380516052246 32.4392776489258 32.2916450500488 31.8017616271973 31.962610244751 31.6325016021729 31.8222541809082 30.9168949127197 30.50901222229 30.4711875915527 29.9829444885254 28.9586734771729 29.6476497650146 28.8727855682373 27.5880222320557 27.9741020202637 27.5439281463623 28.8066253662109 28.0062389373779 28.0148639678955 25.4648666381836 27.2907810211182 27.8392124176025 28.1581153869629 27.8553409576416 27.9341087341309 27.0600700378418 27.2000770568848 27.6002407073975 28.5609283447266 27.8984718322754 23.0814189910889 22.8039398193359 22.5337829589844 23.0187110900879 22.8192005157471 21.7849445343018
31.6191673278809 30.7709274291992 32.0995254516602 31.4130744934082 31.3141746520996 31.3184452056885 31.3308734893799 31.4148654937744 31.5756893157959 32.8926239013672 32.9031143188477 32.3492584228516 32.2333946228027 32.5037994384766 32.2685966491699 31.1631813049316 30.5534114837646 30.5196971893311 30.5375537872314 30.5687084197998 29.917781829834 29.0202732086182 28.0244197845459 27.8408546447754 28.1344909667969 28.7303237915039 29.2155513763428 28.3505935668945 28.0475921630859 26.1309700012207 25.9817199707031 25.0211811065674 26.5505962371826 27.9336452484131 27.9654521942139 26.1566982269287 26.0984001159668 25.7333717346191 25.4918270111084 22.0126457214355 22.024097442627 21.3864097595215 21.8312091827393 22.6456966400146 22.7098064422607 21.2814502716064
31.0380516052246 30.5084819793701 31.801155090332 30.6241874694824 30.8069171905518 30.8451709747314 29.6435165405273 30.4056396484375 31.4391117095947 31.7536182403564 32.491455078125 32.5281372070312 32.4125556945801 31.917423248291 32.2695999145508 32.1703453063965 31.4972038269043 30.2240905761719 30.7566242218018 30.3197498321533 30.171236038208 29.5362567901611 28.2141494750977 28.0479774475098 27.5863418579102 28.1794452667236 29.0316791534424 28.1990966796875 28.3788566589355 28.0379295349121 28.0397815704346 26.9755477905273 26.709451675415 25.503210067749 21.6647300720215 20.6324672698975 20.7716083526611 20.5567569732666 20.5032825469971 20.6948509216309 20.8744525909424 20.9558429718018 21.2298717498779 21.979585647583 22.3359298706055 21.9173984527588
31.0163516998291 30.3946590423584 30.4291152954102 31.6469917297363 31.3421592712402 31.4995651245117 30.0910778045654 29.2656002044678 30.1400547027588 31.0177383422852 32.3174285888672 32.6746559143066 32.5861396789551 32.4190864562988 31.3715572357178 31.0027046203613 31.010347366333 30.6234569549561 31.0751857757568 30.9613399505615 30.9529514312744 29.7065696716309 29.1660823822021 28.7596054077148 27.9840545654297 28.7749290466309 28.4916114807129 28.6072196960449 27.0647888183594 27.9313316345215 27.1955833435059 26.9976272583008 27.1769466400146 26.5390663146973 25.1755409240723 20.2188873291016 19.9358329772949 19.8518104553223 19.7451190948486 20.2562408447266 20.8251171112061 22.3407917022705 20.8905963897705 21.8571453094482 21.3880577087402 21.3262557983398
30.6259441375732 30.1439914703369 31.3911323547363 31.3922309875488 31.6363124847412 30.7631359100342 30.453893661499 29.8335304260254 30.7190971374512 30.0525226593018 30.9800548553467 32.4694557189941 32.1965217590332 31.997200012207 31.3172588348389 31.6508979797363 30.0395202636719 30.3193683624268 30.695671081543 30.4973545074463 30.6009845733643 29.9701995849609 30.0762348175049 29.5586166381836 28.5489158630371 28.5182151794434 28.1788120269775 28.0813884735107 28.5660877227783 27.666877746582 26.6835613250732 25.6611766815186 27.5150146484375 27.7806758880615 27.796724319458 25.38791847229 22.5448055267334 22.1433181762695 21.2321643829346 20.3937377929688 21.1039886474609 21.1207084655762 21.1489562988281 21.5705146789551 21.5121669769287 21.2306823730469
