inst/extdata/Tmax/Tmax136.asc
NCOLS 100 
NROWS 79 
XLLCORNER 148.06 
YLLCORNER -21.49 
CELLSIZE 0.01 
NODATA_value -3.4e+38 
[rows 40 to 59 of 79, columns 46 to 91 of 100]
36.1353492736816 36.9542465209961 37.3052673339844 38.0469856262207 39.4020004272461 40.2224388122559 39.8205032348633 38.2046966552734 37.8796882629395 38.4431686401367 38.8800506591797 40.3327903747559 40.002010345459 40.1710090637207 39.4614410400391 40.3090858459473 40.4530982971191 40.2027130126953 40.2742919921875 40.3456802368164 40.3547248840332 39.5772743225098 39.8913803100586 40.1443061828613 40.2063255310059 40.2533760070801 40.1604614257812 39.836971282959 39.9762649536133 40.1221885681152 40.0864524841309 39.9497032165527 39.6721611022949 38.6273002624512 38.8418235778809 39.4013252258301 39.3125457763672 39.2219657897949 39.4044036865234 38.9395370483398 38.3358612060547 38.7156600952148 38.9618492126465 38.7813186645508 38.9848709106445 39.016716003418
37.2729682922363 38.2590408325195 38.176513671875 38.1277809143066 39.4405479431152 40.4702491760254 39.5120849609375 39.1662864685059 39.6540794372559 39.7118339538574 40.0155334472656 40.5845222473145 40.4765625 40.4774436950684 40.3430137634277 40.5995101928711 40.6195259094238 40.5524444580078 40.5043792724609 40.5089721679688 40.4913597106934 40.0577697753906 39.4705810546875 39.753303527832 39.6767234802246 40.0784225463867 40.3145370483398 39.9178428649902 39.8937110900879 40.1942863464355 40.2147407531738 40.1345520019531 39.9845657348633 39.476921081543 39.6586380004883 39.687671661377 39.5007171630859 39.4807090759277 39.5490798950195 39.6343002319336 38.8496208190918 39.0209579467773 39.503116607666 39.3302383422852 39.423412322998 39.3698348999023
39.3255615234375 39.4627952575684 39.6020927429199 39.9907569885254 40.2536888122559 40.6511535644531 40.2876281738281 39.8291282653809 40.2463760375977 40.566822052002 40.4956130981445 40.7421569824219 40.7570648193359 40.6790428161621 40.643310546875 40.7113876342773 40.7073936462402 40.6750221252441 40.6359176635742 40.6138687133789 40.5387992858887 39.7717514038086 39.5956726074219 39.9907379150391 39.5550727844238 39.9211463928223 40.2638397216797 40.1691932678223 40.107494354248 40.2941398620605 40.3043174743652 40.283275604248 40.2345123291016 40.1264495849609 40.0301170349121 39.760684967041 39.0026817321777 39.4720077514648 39.8851051330566 39.8632469177246 39.7535285949707 39.6896858215332 39.7668838500977 39.7773361206055 39.7921104431152 39.7414474487305
40.3648872375488 40.3678665161133 40.4629516601562 40.5697898864746 40.7505569458008 40.8110160827637 40.7285423278809 40.5223617553711 40.6509056091309 40.8165626525879 40.8140983581543 40.8413391113281 40.8102645874023 40.7664031982422 40.7688598632812 40.7445449829102 40.6782417297363 40.6450538635254 40.6570854187012 40.6668243408203 40.6274909973145 40.4234504699707 40.2056922912598 40.3319053649902 40.2094459533691 39.8471984863281 40.064525604248 40.2655715942383 40.3715324401855 40.3716621398926 40.3602638244629 40.3370056152344 40.2959289550781 40.2449836730957 40.2218399047852 40.0981750488281 39.6964340209961 39.9288368225098 40.0541076660156 40.0229530334473 39.9884910583496 39.9684448242188 39.9391212463379 39.9341812133789 39.920783996582 39.8878707885742
40.2235527038574 40.4350509643555 40.6394462585449 40.6320266723633 40.6641006469727 40.7607116699219 40.7894706726074 40.8323936462402 40.8413238525391 40.780948638916 40.6076812744141 40.6830596923828 40.6068840026855 40.3797798156738 40.5150833129883 40.6218452453613 40.5160102844238 40.5918159484863 40.6527671813965 40.6764450073242 40.6827163696289 40.5644264221191 40.2971801757812 40.074333190918 40.2408256530762 40.3748931884766 40.3963737487793 40.4130897521973 40.4014511108398 40.4093704223633 40.3866958618164 40.3606986999512 40.308032989502 40.2574043273926 40.2608451843262 40.2068328857422 40.171459197998 40.148754119873 40.0846290588379 40.0664329528809 40.0396118164062 40.0107612609863 39.9949722290039 39.9664115905762 39.8739395141602 39.888126373291
38.7000923156738 39.3591156005859 39.7070388793945 39.877067565918 40.1753768920898 40.4505653381348 40.3911895751953 40.543758392334 40.5279579162598 40.3790702819824 39.7360610961914 39.7352981567383 39.7875633239746 38.5167770385742 39.3127708435059 39.9550247192383 40.393367767334 40.6498374938965 40.7065048217773 40.7095718383789 40.7095336914062 40.5529670715332 40.1853179931641 39.869987487793 40.0744247436523 40.2833557128906 40.3706665039062 40.3425903320312 40.3768577575684 40.4155693054199 40.408203125 40.387580871582 40.3526840209961 40.3262786865234 40.2809829711914 40.1958084106445 40.168285369873 40.1432495117188 40.1013145446777 40.0761528015137 40.0449523925781 40.0196723937988 39.9933776855469 39.9349403381348 39.9119262695312 39.9232864379883
36.6285514831543 37.7260665893555 37.631778717041 37.5939407348633 38.7281112670898 39.1814880371094 39.2717742919922 39.4826164245605 39.8552742004395 39.3167533874512 38.7421760559082 38.2363090515137 38.7910995483398 38.6693267822266 39.034725189209 40.0051345825195 40.5552177429199 40.6938781738281 40.7047729492188 40.6720695495605 40.7042274475098 40.7008628845215 40.3452796936035 40.044750213623 39.9367523193359 40.1540451049805 40.3065147399902 40.3803443908691 40.4438972473145 40.4400520324707 40.4456481933594 40.4332847595215 40.4067230224609 40.3628997802734 40.2793655395508 40.2232627868652 40.2001914978027 40.177791595459 40.1474227905273 40.1170349121094 40.0853614807129 40.0635986328125 40.0428810119629 39.9988632202148 39.9753456115723 39.8804168701172
36.742992401123 36.6728591918945 36.4927444458008 36.551342010498 36.4895172119141 37.1720657348633 38.2518348693848 38.8071212768555 38.9501914978027 38.8292121887207 39.2814750671387 39.125316619873 38.9755668640137 39.4549751281738 39.6886138916016 40.412525177002 40.6063346862793 40.6128044128418 40.5456581115723 40.6278419494629 40.7182083129883 40.7434730529785 40.6108894348145 40.3440933227539 39.9881591796875 40.2023506164551 40.3421897888184 40.4553604125977 40.4933738708496 40.5039825439453 40.502140045166 40.4693717956543 40.3982200622559 40.3194847106934 40.2513465881348 40.2231674194336 40.2144355773926 40.2080764770508 40.1819953918457 40.1524467468262 40.1321105957031 40.1158294677734 40.0924797058105 40.0576057434082 39.881462097168 39.7022247314453
36.3982276916504 36.4802207946777 36.6724891662598 36.4108428955078 36.3192939758301 36.4112701416016 37.1681861877441 38.5858345031738 39.0351829528809 39.1737442016602 39.0302734375 39.1761474609375 39.4108581542969 39.6425704956055 39.6775131225586 40.1188468933105 40.4165878295898 40.4004821777344 40.3789482116699 40.6080436706543 40.6884307861328 40.6865425109863 40.7370109558105 40.6526298522949 40.5423278808594 40.5089645385742 40.5609970092773 40.5965042114258 40.5833587646484 40.5663948059082 40.534252166748 40.4629249572754 40.3771133422852 40.2543258666992 40.2033004760742 40.2415542602539 40.2314491271973 40.2283058166504 40.2239646911621 40.194896697998 40.1872215270996 40.1688423156738 40.1393852233887 40.111198425293 39.969841003418 39.8525009155273
36.4723472595215 36.6207656860352 36.6354751586914 36.3338165283203 36.7662124633789 37.5106620788574 37.5969085693359 38.673397064209 39.0715408325195 39.2336082458496 39.0705490112305 39.4625854492188 39.684440612793 39.6741714477539 39.7363891601562 39.6478958129883 39.7155570983887 39.8954238891602 40.1883888244629 40.4629402160645 40.5364837646484 40.5342788696289 40.7121276855469 40.7331848144531 40.7288856506348 40.7044372558594 40.665599822998 40.5114669799805 40.5432434082031 40.5792503356934 40.5385513305664 40.430118560791 40.3773193359375 40.2034759521484 40.1332626342773 40.2710113525391 40.2548561096191 40.2244033813477 40.2553329467773 40.244213104248 40.2225799560547 40.2104187011719 40.1824417114258 40.141471862793 40.0651016235352 39.9986000061035
36.5115547180176 36.3966979980469 36.5862236022949 36.3195953369141 36.8956871032715 37.8727989196777 38.1714172363281 38.66845703125 39.2643547058105 39.6338233947754 39.6467132568359 39.7359848022461 39.7840118408203 39.7960052490234 39.7727661132812 39.7249908447266 39.7671966552734 39.5275993347168 39.2193717956543 40.1585464477539 40.0591163635254 40.4051971435547 40.658763885498 40.690788269043 40.7146148681641 40.694938659668 40.6189727783203 40.4245796203613 40.5264930725098 40.5912246704102 40.4497528076172 40.2990913391113 40.2944831848145 40.2612419128418 40.2702178955078 40.3290786743164 40.3183326721191 40.2903289794922 40.272819519043 40.2843780517578 40.2763175964355 40.2453460693359 40.2079887390137 40.1634216308594 40.1128387451172 40.0313911437988
36.1252326965332 36.0934410095215 36.432300567627 35.8542060852051 35.9832420349121 37.7799186706543 38.445442199707 38.9836158752441 39.2637405395508 39.4935455322266 39.5441207885742 39.5362396240234 39.3552017211914 39.3434753417969 39.5581665039062 39.6669006347656 39.9358291625977 39.8608551025391 39.6914558410645 39.7127494812012 39.5743713378906 40.2198143005371 40.5389060974121 40.664981842041 40.6550598144531 40.6608085632324 40.3601989746094 40.042781829834 40.5171928405762 40.6068305969238 40.3743209838867 40.114631652832 40.3021659851074 40.3253173828125 40.3330039978027 40.3016738891602 40.2831344604492 40.270092010498 40.2718696594238 40.2470092773438 40.2478485107422 40.2565078735352 40.2284507751465 40.1861915588379 40.1386756896973 40.0733413696289
35.7979431152344 35.6579208374023 36.0774879455566 35.9584465026855 36.0303192138672 36.9402351379395 37.8492698669434 38.4184875488281 38.828369140625 39.1308441162109 39.0846557617188 39.0118255615234 39.055534362793 39.2873840332031 39.9026641845703 39.988452911377 40.1297721862793 40.0347862243652 39.9520835876465 39.7967567443848 39.586612701416 40.1307907104492 40.4851264953613 40.6270942687988 40.5614013671875 40.6303215026855 40.3006362915039 39.5166625976562 40.3267250061035 40.602237701416 40.3737182617188 40.1659927368164 40.313175201416 40.2490119934082 40.1774749755859 40.1947898864746 40.2194557189941 40.152416229248 40.0714263916016 40.0412979125977 40.1258583068848 40.1820411682129 40.2346458435059 40.2023124694824 40.1575965881348 40.1107559204102
36.8152046203613 35.8662910461426 35.9579200744629 36.3156890869141 36.6522560119629 37.6202354431152 37.6754760742188 38.3613204956055 39.0472831726074 39.32421875 39.6246490478516 39.7027740478516 39.8039665222168 39.9823112487793 40.1281967163086 40.1627578735352 40.1077423095703 40.1565322875977 40.1140594482422 39.9039039611816 39.7287826538086 39.7410430908203 40.1699676513672 40.3452415466309 40.2688865661621 40.612964630127 40.511547088623 39.9677391052246 40.397819519043 40.5991706848145 40.4068870544434 40.2432022094727 40.158317565918 39.8681602478027 40.0090446472168 39.953556060791 39.9446182250977 39.583080291748 39.6510314941406 38.7860488891602 39.906120300293 40.097900390625 40.2255592346191 40.2142486572266 40.1742630004883 40.128173828125
37.4612503051758 36.5382995605469 36.0464096069336 36.7733917236328 37.3575019836426 38.0170822143555 38.0776557922363 38.4881362915039 39.1431884765625 39.4955215454102 39.5358009338379 39.5385513305664 39.879150390625 40.0126876831055 40.0931663513184 40.0775451660156 40.2390747070312 40.3366966247559 40.2975807189941 40.0744438171387 39.9252815246582 39.8465003967285 39.9442367553711 39.9403648376465 39.9045753479004 40.4678382873535 40.5994834899902 40.343376159668 40.0827293395996 40.5080718994141 40.1223564147949 39.4388542175293 39.9395408630371 40.0586967468262 40.2822570800781 40.2790832519531 40.2282600402832 40.1836624145508 39.9829635620117 39.1458969116211 39.815616607666 40.0680236816406 40.1917724609375 40.2117309570312 40.189136505127 40.1460762023926
37.5089111328125 36.705638885498 36.1770439147949 37.3559417724609 38.2336387634277 38.6196174621582 39.263053894043 39.4559516906738 39.6272239685059 39.7126197814941 39.5494270324707 39.5021934509277 39.9700241088867 40.0348625183105 40.031608581543 40.0912704467773 40.1752510070801 40.152889251709 40.579532623291 40.3622779846191 40.1197776794434 39.9835014343262 39.9503746032715 39.8025398254395 39.7982292175293 40.3184242248535 40.5918045043945 40.4990768432617 40.3619804382324 40.6012878417969 40.0191955566406 39.0886192321777 39.4962577819824 40.0508079528809 40.0636444091797 39.7339286804199 39.7663078308105 40.1913414001465 40.2712516784668 40.2209243774414 40.2416801452637 40.2162132263184 40.2089805603027 40.1897468566895 40.1913108825684 40.1662559509277
37.3973617553711 36.4936332702637 36.0484809875488 37.1617393493652 38.3196830749512 38.6371650695801 38.1161117553711 39.2907867431641 39.2343673706055 38.7403030395508 39.5734710693359 39.7452812194824 39.7534866333008 39.7938842773438 39.7974739074707 39.9782562255859 40.077335357666 40.1616592407227 40.5608787536621 40.6465492248535 40.471019744873 40.1989974975586 40.042652130127 39.9635162353516 39.7491683959961 40.1399230957031 40.5079536437988 40.5043411254883 40.6438941955566 40.6791381835938 40.2380218505859 38.7472229003906 39.2872581481934 38.8539505004883 39.1338500976562 38.5300712585449 39.3172950744629 40.1725082397461 40.2505493164062 40.2836494445801 40.286060333252 40.197624206543 40.0896453857422 40.1599998474121 40.1625099182129 40.1518669128418
37.3821258544922 36.6808242797852 36.7274322509766 37.1894073486328 38.0203895568848 38.3993186950684 38.7695541381836 38.9660720825195 37.8109817504883 37.7208671569824 39.0806579589844 38.2012367248535 38.5143547058105 38.8927726745605 39.508487701416 39.9085311889648 40.027717590332 40.2005310058594 40.4785118103027 40.5727958679199 40.6092643737793 40.3926239013672 40.1045989990234 40.1490249633789 40.0300979614258 40.2220802307129 40.2048492431641 40.0494842529297 40.4894981384277 40.625862121582 40.4187622070312 39.8089714050293 38.5680046081543 36.8427734375 36.986499786377 38.4425163269043 39.6530303955078 40.1483001708984 40.2223663330078 40.1559066772461 40.1461753845215 39.938060760498 39.8174018859863 40.1061935424805 39.8734359741211 39.9105491638184
37.3584289550781 37.0153694152832 36.8170547485352 37.0906791687012 37.6377449035645 38.3589744567871 38.4948577880859 38.112003326416 37.6774787902832 38.4221420288086 38.8506393432617 37.9611701965332 38.2379875183105 38.6034660339355 39.4220733642578 39.7702941894531 40.0133972167969 40.3732109069824 40.7056884765625 40.5451431274414 40.4252510070801 40.6580581665039 40.428596496582 40.2577590942383 40.1077766418457 40.0991821289062 40.152172088623 40.053295135498 40.3117942810059 40.5737037658691 40.5895919799805 40.1379928588867 39.5149879455566 38.0875587463379 37.5465774536133 38.493595123291 39.6501007080078 40.0998382568359 40.131031036377 39.7237548828125 39.9307327270508 40.0605621337891 39.8681564331055 39.9012603759766 39.6115341186523 39.8108558654785
37.0501556396484 36.8437690734863 36.3957481384277 36.6957664489746 37.3883399963379 37.5361137390137 37.907829284668 38.1901168823242 38.4357299804688 38.515510559082 38.8166618347168 38.9920845031738 39.5533332824707 39.6174430847168 39.730167388916 39.3338356018066 40.1390686035156 40.4412269592285 40.6021499633789 40.3500671386719 40.4384574890137 40.5872917175293 40.6547203063965 40.5887641906738 40.3317642211914 40.2673110961914 39.949821472168 40.0688171386719 40.3839988708496 40.4364891052246 40.5456047058105 40.552619934082 40.069221496582 39.4867973327637 38.6992034912109 38.4446220397949 39.4034461975098 40.0339431762695 39.602237701416 39.1351432800293 39.8921508789062 40.0819320678711 39.8295516967773 39.1607055664062 39.437255859375 39.855655670166
