inst/extdata/Tmax/Tmax89.asc
NCOLS 100 
NROWS 79 
XLLCORNER 148.06 
YLLCORNER -21.49 
CELLSIZE 0.01 
NODATA_value -3.4e+38 
[rows 40 to 59 of 79, columns 46 to 91 of 100]
32.5506935119629 33.3113899230957 33.6504058837891 34.3481063842773 35.6278381347656 36.7334060668945 36.2519950866699 34.5757865905762 34.2987785339355 34.8430290222168 35.2670402526855 37.1460342407227 36.7576522827148 37.025993347168 36.1419105529785 37.2911834716797 37.5270843505859 37.2429008483887 37.3827247619629 37.522102355957 37.5730018615723 36.5915336608887 37.049186706543 37.4279747009277 37.5550880432129 37.6530799865723 37.5756072998047 37.1945495605469 37.4258880615234 37.6665191650391 37.6625785827637 37.5291786193848 37.2139205932617 35.8851547241211 36.2176971435547 36.9957389831543 36.9276924133301 36.8569221496582 37.1448631286621 36.5805244445801 35.8193244934082 36.3702774047852 36.7420272827148 36.5493087768555 36.8624725341797 36.9420318603516
33.573902130127 34.4921646118164 34.4385833740234 34.4159393310547 35.6588363647461 37.0394287109375 35.8324012756348 35.4624366760254 36.107364654541 36.2281455993652 36.6619110107422 37.456714630127 37.3604621887207 37.4077224731445 37.2764091491699 37.6516456604004 37.723762512207 37.6805992126465 37.6623687744141 37.7133865356445 37.728702545166 37.1988677978516 36.4716148376465 36.8887825012207 36.8331985473633 37.3977317810059 37.7526245117188 37.2783584594727 37.2954406738281 37.7388343811035 37.80810546875 37.7481803894043 37.5999641418457 36.9814949035645 37.2688140869141 37.3459053039551 37.1482772827148 37.1694946289062 37.3064079284668 37.4644584655762 36.4696502685547 36.7422981262207 37.420783996582 37.2388801574707 37.4041137695312 37.3708763122559
35.4450149536133 35.596248626709 35.7580146789551 36.3061599731445 36.6947784423828 37.2571678161621 36.8220634460449 36.2685127258301 36.8598327636719 37.3275871276855 37.2707939147949 37.6424369812012 37.7080421447754 37.6506767272949 37.6491203308105 37.7755432128906 37.8155364990234 37.8178482055664 37.8110809326172 37.8265228271484 37.7657470703125 36.7969245910645 36.6106033325195 37.1755714416504 36.6468238830566 37.1641311645508 37.6620140075684 37.585807800293 37.5529327392578 37.8459968566895 37.9011077880859 37.9181289672852 37.901741027832 37.807689666748 37.7288627624512 37.4141883850098 36.4631576538086 37.1290168762207 37.7162742614746 37.7333793640137 37.6264686584473 37.5878562927246 37.7322998046875 37.7887840270996 37.8499946594238 37.8199234008789
36.639820098877 36.6890296936035 36.8590393066406 37.0450744628906 37.3292541503906 37.4492683410645 37.3832244873047 37.1571083068848 37.3725357055664 37.6374359130859 37.6711044311523 37.7529106140137 37.7573623657227 37.7447776794434 37.7933921813965 37.7975158691406 37.7548980712891 37.7557983398438 37.8161888122559 37.8732986450195 37.8594512939453 37.6323661804199 37.3904342651367 37.6013984680176 37.4845237731934 37.0449981689453 37.3792419433594 37.6915130615234 37.8782768249512 37.9258689880371 37.9522895812988 37.9658813476562 37.9590110778809 37.9390640258789 37.9552383422852 37.8310470581055 37.3512992858887 37.7014503479004 37.9101371765137 37.9142227172852 37.9047546386719 37.9222068786621 37.9270973205566 37.9627418518066 37.98681640625 37.9790115356445
36.4381294250488 36.7591400146484 37.0727729797363 37.108570098877 37.1963920593262 37.3636894226074 37.4443321228027 37.5468139648438 37.6043434143066 37.5700569152832 37.3776664733887 37.5225944519043 37.46728515625 37.2129707336426 37.4364051818848 37.6133918762207 37.518367767334 37.6629104614258 37.7876281738281 37.8628883361816 37.909481048584 37.7952613830566 37.4876251220703 37.2384452819824 37.5036735534668 37.7188606262207 37.794563293457 37.8638648986816 37.8956832885742 37.9530448913574 37.9643249511719 37.9737586975098 37.9512367248535 37.931209564209 37.9814872741699 37.9476585388184 37.9467544555664 37.9620971679688 37.9230995178223 37.943473815918 37.9433403015137 37.9487762451172 37.9705009460449 37.974967956543 37.8960723876953 37.9489288330078
34.8523330688477 35.4847259521484 35.8397636413574 36.1038932800293 36.5366554260254 36.9361915588379 36.9003295898438 37.1461982727051 37.1706199645996 37.0198249816895 36.213565826416 36.256908416748 36.3696060180664 34.9606971740723 35.8379058837891 36.71337890625 37.3345527648926 37.717212677002 37.8360328674316 37.8837394714355 37.9224433898926 37.7573738098145 37.3172340393066 36.9473533630371 37.2640991210938 37.5776290893555 37.7397270202637 37.749698638916 37.8415794372559 37.93896484375 37.9697761535645 37.985897064209 37.9861373901367 37.9971580505371 37.9833717346191 37.9083480834961 37.9172134399414 37.9290351867676 37.9182891845703 37.9290924072266 37.922737121582 37.9321670532227 37.9398956298828 37.9050941467285 37.9158821105957 37.964599609375
32.9586601257324 33.9763717651367 33.9106788635254 33.8965454101562 34.9610710144043 35.4013252258301 35.5059051513672 35.7413864135742 36.2694778442383 35.6184616088867 35.0954322814941 34.6464576721191 35.1874237060547 35.0964164733887 35.4635887145996 36.7576522827148 37.5262222290039 37.7532768249512 37.8113250732422 37.8122787475586 37.8932342529297 37.9299125671387 37.5062980651855 37.1574211120605 37.0622367858887 37.3865966796875 37.6341133117676 37.7779235839844 37.9077377319336 37.9488296508789 37.9963035583496 38.0227737426758 38.0333404541016 38.0212059020996 37.9568634033203 37.9193115234375 37.9336090087891 37.9483757019043 37.9521903991699 37.9556541442871 37.9480438232422 37.9616622924805 37.9761161804199 37.9596557617188 37.9692649841309 37.8795776367188
33.0554008483887 33.0105056762695 32.8654899597168 32.9376945495605 32.9002876281738 33.5396614074707 34.5501747131348 35.0873908996582 35.2436065673828 35.1533126831055 35.5937118530273 35.4699745178223 35.3523597717285 35.9364738464355 36.2850799560547 37.2709808349609 37.5705986022949 37.6228103637695 37.5778198242188 37.7306861877441 37.8882293701172 37.9632339477539 37.8350296020508 37.5301742553711 37.1079063415527 37.4277763366699 37.658374786377 37.8534965515137 37.9494094848633 38.0090179443359 38.0461807250977 38.0454330444336 37.9973106384277 37.939079284668 37.894401550293 37.8929862976074 37.9255828857422 37.9607009887695 37.9697456359863 37.9738235473633 37.9804420471191 38.0006980895996 38.0112380981445 38.006290435791 37.8169784545898 37.616512298584
32.7367668151855 32.8296203613281 33.0232391357422 32.8036193847656 32.7387657165527 32.8375816345215 33.5470962524414 34.875804901123 35.3173141479492 35.4702033996582 35.3512420654297 35.5115165710449 35.8157691955566 36.1610717773438 36.2499961853027 36.8635444641113 37.2992134094238 37.3214073181152 37.3369789123535 37.6833801269531 37.8282203674316 37.8691024780273 37.9819793701172 37.9170303344727 37.8179588317871 37.8113784790039 37.9257659912109 38.0181846618652 38.0463981628418 38.0693740844727 38.0665855407715 38.0149154663086 37.9471702575684 37.8307762145996 37.8081893920898 37.8934288024902 37.9238014221191 37.9626960754395 37.9996452331543 38.0038757324219 38.0267486572266 38.0438079833984 38.0460586547852 38.0494575500488 37.9092864990234 37.7992744445801
32.7984237670898 32.9517440795898 32.9837913513184 32.727424621582 33.1409378051758 33.8384475708008 33.9349937438965 34.9515419006348 35.345588684082 35.5205383300781 35.3828926086426 35.820198059082 36.1523246765137 36.1819915771484 36.3064765930176 36.2248191833496 36.356330871582 36.6354370117188 37.0648231506348 37.4709777832031 37.6085815429688 37.6488723754883 37.9294509887695 38.0031776428223 38.043270111084 38.0479278564453 38.0423774719238 37.8851356506348 37.9720916748047 38.064338684082 38.0499534606934 37.9492378234863 37.9243316650391 37.7406120300293 37.6925506591797 37.9078407287598 37.9298667907715 37.9327812194824 38.015380859375 38.0425682067871 38.046817779541 38.071647644043 38.075626373291 38.0700187683105 38.0185775756836 37.9747085571289
32.8285179138184 32.7422752380371 32.9332275390625 32.7085571289062 33.2535133361816 34.1657943725586 34.4589996337891 34.9413719177246 35.5209426879883 35.9464912414551 35.997444152832 36.1567497253418 36.2624816894531 36.3211441040039 36.3337097167969 36.3051261901855 36.4031562805176 36.1323661804199 35.772274017334 37.0509147644043 36.9601860046387 37.459171295166 37.8394660949707 37.9273681640625 38.0042114257812 38.0149078369141 37.9601898193359 37.7495956420898 37.9285850524902 38.0582313537598 37.9113388061523 37.7547378540039 37.792854309082 37.7931213378906 37.848461151123 37.9598503112793 37.9885063171387 37.9942817687988 38.0132179260254 38.0696792602539 38.0911903381348 38.0957183837891 38.0944480895996 38.084114074707 38.066219329834 38.0028076171875
32.4719696044922 32.4607315063477 32.7873001098633 32.278190612793 32.413761138916 34.0748443603516 34.707275390625 35.229923248291 35.514820098877 35.7541465759277 35.8447608947754 35.8770065307617 35.6846008300781 35.7108345031738 36.0328826904297 36.2086143493652 36.6040992736816 36.549072265625 36.372184753418 36.4455947875977 36.3035202026367 37.1954040527344 37.6617431640625 37.8734321594238 37.9056205749512 37.9495048522949 37.5987358093262 37.2256240844727 37.8950042724609 38.057056427002 37.7901840209961 37.4897842407227 37.7801780700684 37.8541374206543 37.9073638916016 37.9003562927246 37.9184875488281 37.943473815918 37.9873695373535 37.9977607727051 38.0373764038086 38.0958518981934 38.1067390441895 38.0993576049805 38.0852737426758 38.0428314208984
32.1675796508789 32.0573844909668 32.4568519592285 32.3659973144531 32.4494323730469 33.2966728210449 34.1491508483887 34.6966743469238 35.0998611450195 35.4052314758301 35.3768310546875 35.3305931091309 35.3940124511719 35.6353988647461 36.4621200561523 36.608325958252 36.8373947143555 36.7579040527344 36.6945266723633 36.5356941223145 36.2990798950195 37.0572471618652 37.5696830749512 37.8020477294922 37.7605438232422 37.887321472168 37.4979209899902 36.5092506408691 37.621452331543 38.0278472900391 37.7658615112305 37.5334320068359 37.7705307006836 37.7294387817383 37.6784973144531 37.7350120544434 37.8096160888672 37.7635459899902 37.70458984375 37.7125587463379 37.8619651794434 37.982780456543 38.0985336303711 38.1039924621582 38.0936088562012 38.0749473571777
33.0875358581543 32.2413444519043 32.3421859741211 32.686393737793 33.012393951416 33.9158325195312 33.9835319519043 34.6383285522461 35.2994270324707 35.5817794799805 35.9102592468262 36.0542106628418 36.2285804748535 36.5044555664062 36.7383766174316 36.8180389404297 36.7907104492188 36.9001083374023 36.8895034790039 36.6581497192383 36.467342376709 36.525260925293 37.135082244873 37.4111557006836 37.3553581237793 37.8447151184082 37.7556648254395 37.083553314209 37.6944007873535 38.0029602050781 37.7883911132812 37.6135215759277 37.5451431274414 37.206169128418 37.4346199035645 37.3952484130859 37.4294204711914 37.0004997253418 37.1379661560059 36.0409164428711 37.5606994628906 37.8593635559082 38.073169708252 38.1057815551758 38.1014671325684 38.0838317871094
33.6720428466797 32.8481254577637 32.4172782897949 33.0992660522461 33.653434753418 34.2764701843262 34.3495941162109 34.7508888244629 35.384147644043 35.7380981445312 35.7913360595703 35.8214340209961 36.3076400756836 36.5247383117676 36.6727409362793 36.6880950927734 36.9454956054688 37.1192054748535 37.112735748291 36.8638687133789 36.7067985534668 36.6447944641113 36.8181991577148 36.8577308654785 36.8551292419434 37.6333160400391 37.8509254455566 37.5576782226562 37.2582054138184 37.8620414733887 37.3922004699707 36.5306396484375 37.2346839904785 37.4345436096191 37.7731018066406 37.8072395324707 37.7875595092773 37.7762680053711 37.5602493286133 36.503547668457 37.4270553588867 37.8055152893066 38.0143966674805 38.087646484375 38.1057014465332 38.0920333862305
33.7110023498535 32.99560546875 32.5309906005859 33.6277275085449 34.4554214477539 34.8296165466309 35.4484443664551 35.6515884399414 35.8353614807129 35.9542083740234 35.7987480163574 35.7761497497559 36.4074211120605 36.534538269043 36.5741691589355 36.6884574890137 36.8436088562012 36.8590545654297 37.466136932373 37.2244567871094 36.9439659118652 36.8060264587402 36.8068580627441 36.6565132141113 36.6950912475586 37.416202545166 37.820442199707 37.7420959472656 37.605224609375 37.9634590148926 37.2347106933594 36.0459785461426 36.6283111572266 37.4072074890137 37.471263885498 37.075267791748 37.1653709411621 37.7715148925781 37.9232292175293 37.9044532775879 37.9699287414551 37.983829498291 38.0217056274414 38.0439605712891 38.0933303833008 38.1027793884277
33.6043853759766 32.7970008850098 32.4082183837891 33.4445877075195 34.5303230285645 34.8412208557129 34.3750190734863 35.4912223815918 35.4596405029297 35.0176124572754 35.8161354064941 36.0531349182129 36.1054992675781 36.2012138366699 36.2500534057617 36.5225143432617 36.6970672607422 36.852481842041 37.4231643676758 37.5807838439941 37.3881340026855 37.0708198547363 36.9091033935547 36.8490257263184 36.610595703125 37.1608047485352 37.6896781921387 37.7284774780273 37.9554901123047 38.0448379516602 37.5017585754395 35.5774688720703 36.3376770019531 35.8116149902344 36.2289695739746 35.4679832458496 36.5575370788574 37.7320137023926 37.8811988830566 37.9712600708008 38.0126113891602 37.9443359375 37.850772857666 37.9896583557129 38.0402679443359 38.0683555603027
33.5844993591309 32.9614677429199 33.0219955444336 33.463565826416 34.2475547790527 34.6142578125 34.9759101867676 35.1803436279297 34.1257133483887 34.0620269775391 35.3441467285156 34.5418434143066 34.8549728393555 35.2309875488281 35.8538551330566 36.4120597839355 36.6125717163086 36.8840866088867 37.2947311401367 37.463451385498 37.5502166748047 37.305534362793 36.9699783325195 37.0725326538086 36.9595184326172 37.2475891113281 37.268424987793 37.1069984436035 37.7301139831543 37.9552268981934 37.7236671447754 36.9637031555176 35.3712272644043 33.6749000549316 33.8306159973145 35.3357162475586 36.9844741821289 37.6833877563477 37.8273849487305 37.7872657775879 37.812873840332 37.5876960754395 37.4771728515625 37.9021415710449 37.6460304260254 37.7367324829102
33.5583229064941 33.2625122070312 33.0990142822266 33.3680229187012 33.8898315429688 34.5722732543945 34.715461730957 34.3798828125 33.9968414306641 34.7087097167969 35.1230354309082 34.3126411437988 34.5907402038574 34.9532623291016 35.7465744018555 36.2138557434082 36.5764045715332 37.0938491821289 37.5765571594238 37.4088554382324 37.2892837524414 37.6372489929199 37.3784790039062 37.1969604492188 37.0428619384766 37.0663108825684 37.179515838623 37.094295501709 37.4815330505371 37.8727798461914 37.9344825744629 37.3835716247559 36.6084823608398 34.8482780456543 34.353458404541 35.3893394470215 36.9661827087402 37.6052856445312 37.6931648254395 37.2051811218262 37.5158348083496 37.7330856323242 37.528507232666 37.6192436218262 37.2871704101562 37.5907821655273
33.2716751098633 33.1007080078125 32.7084159851074 33.0008163452148 33.6553001403809 33.8064651489258 34.1660308837891 34.4474639892578 34.6960182189941 34.7907180786133 35.0859756469727 35.2713088989258 35.8226127624512 35.9186363220215 36.1091384887695 35.670970916748 36.7238655090332 37.16552734375 37.4217491149902 37.1332778930664 37.2881469726562 37.5251235961914 37.6577072143555 37.6142272949219 37.318733215332 37.2695236206055 36.8971328735352 37.1004486083984 37.5622444152832 37.6777458190918 37.8620223999023 37.9142951965332 37.3248176574707 36.603141784668 35.608585357666 35.3095970153809 36.6250152587891 37.5032615661621 36.9818267822266 36.4118690490723 37.4491844177246 37.7448387145996 37.4614181518555 36.6277847290039 37.0409965515137 37.6322021484375
