inst/extdata/Tmax/Tmax76.asc
NCOLS 100 
NROWS 79 
XLLCORNER 148.06 
YLLCORNER -21.49 
CELLSIZE 0.01 
NODATA_value -3.4e+38 
[rows 40 to 59 of 79, columns 0 to 45 of 100]
41.441638946533203 41.1534194946289 41.1723022460938 41.2051239013672 41.0755195617676 41.1945533752441 41.1330032348633 40.9180793762207 40.4098892211914 40.8696517944336 41.5422859191895 41.8668975830078 41.9040222167969 41.9563484191895 42.0233497619629 41.803581237793 41.5232810974121 41.1343765258789 40.5142555236816 41.0421028137207 41.0309066772461 40.9035034179688 40.8357467651367 40.4063186645508 39.4289855957031 38.7185745239258 38.5057029724121 38.5920791625977 38.720085144043 38.0195503234863 37.3090553283691 37.767707824707 39.1594924926758 38.8637237548828 38.5814819335938 38.942138671875 38.8343048095703 38.4938697814941 38.2809906005859 37.8282623291016 37.7995262145996 36.9182052612305 36.3176116943359 36.3236465454102 36.0689811706543 35.9141311645508
41.6052207946777 41.1906318664551 41.0437049865723 41.1542739868164 41.0446281433105 41.1312065124512 41.1281089782715 41.013744354248 40.746166229248 40.877067565918 41.2371101379395 41.5970191955566 41.8365020751953 42.0093536376953 42.0541572570801 41.8986129760742 41.5857543945312 41.0362167358398 40.6768341064453 40.8317604064941 40.8553276062012 40.5929756164551 40.7833824157715 40.4830436706543 39.7637748718262 39.2202224731445 38.5481986999512 38.4436798095703 38.6751365661621 38.1971168518066 37.7297859191895 38.415397644043 39.1575965881348 38.3368949890137 37.5694808959961 38.3802719116211 38.420337677002 38.6524848937988 38.628791809082 38.4033164978027 38.2942161560059 37.5590744018555 36.1065788269043 35.9932670593262 36.0814361572266 36.0514106750488
41.4743118286133 41.4247741699219 41.1828193664551 41.054084777832 41.1191940307617 41.1422271728516 41.1080093383789 41.0667877197266 41.0297050476074 40.9782066345215 41.0307197570801 41.5271530151367 41.8616142272949 42.010555267334 42.0242385864258 41.9744262695312 41.7409820556641 41.3840980529785 41.1419219970703 41.0897102355957 40.9968299865723 40.2920341491699 40.2148933410645 40.4536552429199 40.4808959960938 40.0060577392578 39.066707611084 38.6902008056641 38.6044387817383 38.3583526611328 37.3713150024414 38.5398750305176 38.6001281738281 37.4439239501953 36.6186904907227 37.5634765625 37.5658302307129 38.2502632141113 38.4353828430176 38.1390037536621 37.9123764038086 37.9823951721191 37.3569831848145 37.14306640625 37.5916290283203 38.6388626098633
41.1059761047363 41.213321685791 41.1820297241211 41.1763191223145 41.2072525024414 41.198802947998 41.1520500183105 41.0964546203613 41.1545906066895 41.1223182678223 41.1312294006348 41.5533409118652 41.8115501403809 41.9715385437012 41.9927978515625 42.0086212158203 41.9042625427246 41.662223815918 41.3666458129883 41.4058799743652 41.2196044921875 40.9343757629395 40.2076683044434 39.8259925842285 40.5457420349121 40.3176193237305 39.8832893371582 39.3455429077148 38.9797096252441 38.7879829406738 37.9147758483887 37.8106460571289 38.5775871276855 38.0246162414551 37.3619804382324 36.8995513916016 36.990421295166 37.2577056884766 37.5058860778809 37.2745246887207 36.815185546875 37.5793075561523 37.1191635131836 38.1149635314941 39.957275390625 40.7618522644043
40.7970352172852 41.0029144287109 40.9644546508789 40.9646606445312 41.1612091064453 41.2815589904785 41.3009071350098 41.2412414550781 41.3049201965332 41.3530807495117 41.5300979614258 41.6623420715332 41.7962760925293 41.900936126709 41.9636993408203 42.0179557800293 41.9882926940918 41.8196868896484 41.654857635498 41.602840423584 41.4642715454102 41.3011741638184 40.9808197021484 40.7530937194824 40.5625343322754 40.0671730041504 40.3436965942383 40.1951675415039 39.8468132019043 39.1053314208984 38.4405288696289 38.4213752746582 38.7661666870117 38.9443740844727 38.6219024658203 37.3976173400879 36.0399360656738 36.0136337280273 36.1326179504395 36.4876022338867 36.3732147216797 36.9568786621094 36.4601440429688 37.3363456726074 39.183521270752 40.7726516723633
40.8197250366211 40.8947296142578 40.7126045227051 40.5945587158203 40.8135528564453 41.0485076904297 41.2856063842773 41.4112663269043 41.4815711975098 41.5779914855957 41.6501579284668 41.5587692260742 41.3228721618652 41.7147979736328 41.9511489868164 42.0002098083496 42.0027160644531 41.9151954650879 41.8189506530762 41.7495574951172 41.652458190918 41.5279655456543 41.4672584533691 40.8213424682617 40.4482727050781 40.364875793457 40.4573173522949 40.2586364746094 40.0549812316895 39.5008201599121 38.1484832763672 38.3609390258789 38.6943206787109 38.7621536254883 38.8674850463867 37.9109306335449 36.5867462158203 36.3518104553223 36.3962554931641 36.8560256958008 36.2567596435547 36.6424446105957 37.0464630126953 37.3774833679199 38.2978439331055 39.5166015625
40.6713180541992 40.6482276916504 40.6405601501465 40.5614280700684 40.4555244445801 40.5175018310547 41.0410461425781 41.17431640625 41.3034286499023 41.3226356506348 41.5525856018066 41.6517219543457 41.3897819519043 41.6594886779785 41.8944549560547 41.9743270874023 41.9854774475098 41.8987808227539 41.8544960021973 41.8098068237305 41.7290153503418 41.6446685791016 41.5361061096191 41.0346565246582 40.1566123962402 40.2729110717773 40.4634895324707 40.2052803039551 40.1487464904785 39.9887619018555 39.1278457641602 38.7662773132324 38.3792304992676 38.6597442626953 38.8060646057129 38.2930145263672 37.2099533081055 37.5100135803223 36.976634979248 37.7094955444336 37.1457176208496 37.3230209350586 37.438793182373 37.5610656738281 37.5651512145996 37.3811492919922
41.152458190918 40.4746131896973 40.372444152832 40.3155059814453 40.2875099182129 40.4217529296875 40.750659942627 40.7026596069336 40.9695434570312 41.0217475891113 41.1072540283203 41.1679573059082 41.364330291748 41.6591529846191 41.8551025390625 41.9756050109863 41.9677543640137 41.8265113830566 41.636905670166 41.5329780578613 41.6687545776367 41.4644546508789 41.4802894592285 41.4085426330566 40.9252052307129 40.818733215332 40.8388519287109 40.6090126037598 40.4270973205566 40.1870803833008 39.4475250244141 39.0443153381348 38.2736473083496 38.6977233886719 38.742847442627 38.4900588989258 38.0387077331543 38.280689239502 38.0201263427734 38.2806777954102 38.0223693847656 37.8272514343262 37.6729927062988 37.5291442871094 37.187255859375 36.9557685852051
41.8714141845703 41.040355682373 40.2178993225098 40.0585021972656 40.1986236572266 40.3980484008789 40.3188400268555 40.3181457519531 40.6798400878906 40.9956169128418 41.0723152160645 41.0455436706543 41.2891654968262 41.6104393005371 41.8604164123535 41.9288558959961 41.940616607666 41.8492660522461 41.6702575683594 41.4324913024902 41.5038452148438 41.4346046447754 41.3479423522949 41.4811363220215 41.3635139465332 41.2476387023926 40.9505920410156 40.7213096618652 40.6235313415527 40.3088417053223 39.8864593505859 39.3777046203613 38.4417839050293 38.606990814209 38.5730285644531 38.6360893249512 38.519588470459 38.5023040771484 38.3957633972168 38.2187461853027 37.4108810424805 37.2537307739258 37.4511604309082 37.1965217590332 37.0681991577148 36.7206382751465
42.1376953125 41.6205024719238 40.7137641906738 40.0985832214355 40.0843391418457 40.0740623474121 40.0961074829102 40.466625213623 40.7198715209961 40.6091194152832 41.2652854919434 41.4980278015137 41.6100311279297 41.7139282226562 41.8144493103027 41.8999862670898 41.9102897644043 41.8371620178223 41.7270278930664 41.5759773254395 41.4627532958984 41.3765411376953 41.1783142089844 41.2172737121582 41.3888053894043 41.3683090209961 41.1376724243164 40.5472106933594 40.0133628845215 40.2959518432617 39.9712715148926 39.6293487548828 38.7565727233887 38.4319915771484 38.2021713256836 38.5279159545898 38.6022834777832 38.5067253112793 38.4735565185547 38.1652603149414 37.4660682678223 37.073657989502 37.2516479492188 36.8826675415039 36.8013610839844 36.7165565490723
42.1222534179688 41.9497108459473 41.4603462219238 40.7999267578125 40.2284507751465 39.9045333862305 40.068603515625 40.4095802307129 40.4570846557617 40.7791862487793 41.3897476196289 41.6238861083984 41.7541694641113 41.859203338623 41.8772239685059 41.9006423950195 41.7813377380371 41.7736854553223 41.7768592834473 41.6908493041992 41.5702133178711 41.3892517089844 41.1783599853516 41.0882263183594 41.1985664367676 41.2374839782715 41.2822685241699 41.0202827453613 40.7183799743652 40.5591697692871 39.9728469848633 39.7862739562988 38.8818969726562 38.437198638916 37.7908515930176 38.2799797058105 38.4126014709473 38.4138641357422 38.4744567871094 38.2947769165039 37.7713890075684 37.6123199462891 37.5019073486328 37.2908325195312 36.9662895202637 36.7931213378906
42.0794982910156 42.0522918701172 41.7714958190918 41.0714073181152 40.4501152038574 40.1478424072266 40.0944290161133 40.1845588684082 39.92138671875 40.0873527526855 40.998363494873 41.4119567871094 41.597583770752 41.8091506958008 41.8958168029785 41.8537216186523 41.7729187011719 41.7518615722656 41.7121086120605 41.6964874267578 41.5926933288574 41.4682579040527 41.3548927307129 41.1354789733887 41.0084228515625 40.939769744873 40.9020652770996 41.0036697387695 40.7630348205566 40.882999420166 40.9023208618164 40.0519676208496 39.4105339050293 38.9251098632812 38.3889198303223 38.5257720947266 38.4715270996094 38.3021087646484 38.4539070129395 38.3616065979004 37.8645629882812 37.7126312255859 37.5861854553223 37.4046821594238 36.9083557128906 36.7207565307617
41.9014205932617 41.9884834289551 41.8240661621094 40.8037567138672 39.9543991088867 39.9258193969727 40.0287780761719 39.8833236694336 39.6108779907227 39.7549438476562 40.9314193725586 41.4172058105469 41.6430778503418 41.8338890075684 41.8426895141602 41.7891273498535 41.7783584594727 41.6970634460449 41.6502838134766 41.6411323547363 41.6472969055176 41.5746459960938 41.4032707214355 41.1877212524414 40.951000213623 40.778751373291 40.7529296875 40.683708190918 40.6728477478027 40.5587463378906 40.7549591064453 40.6057624816895 40.003662109375 39.3434257507324 38.8687858581543 39.2245216369629 39.1542129516602 38.6486930847168 38.4569282531738 38.5333671569824 38.3747673034668 38.1230735778809 37.794605255127 37.5488014221191 37.2088737487793 36.8195533752441
41.6754035949707 41.7546081542969 41.854564666748 41.4056243896484 40.3499374389648 39.9844932556152 40.3517227172852 39.8202896118164 39.6537857055664 39.7426528930664 40.8757019042969 41.4996376037598 41.7205848693848 41.8143424987793 41.7385215759277 41.6375350952148 41.6333999633789 41.6399459838867 41.6025886535645 41.4890747070312 41.5359191894531 41.5874404907227 41.4352760314941 41.2721710205078 41.0639152526855 40.890552520752 40.5247344970703 40.3032455444336 39.9280281066895 40.2888793945312 40.1091194152832 40.6688957214355 40.7110557556152 40.3430633544922 39.8179550170898 39.847412109375 39.4403419494629 39.0589256286621 38.7424812316895 39.1300315856934 38.7139701843262 38.4493675231934 38.2782325744629 38.1422271728516 37.8650436401367 37.717845916748
41.5381050109863 41.5122489929199 41.689338684082 41.7033615112305 41.2443542480469 40.9960327148438 40.9270858764648 40.5549926757812 40.3392639160156 40.3505859375 40.5506591796875 40.9617652893066 41.6324920654297 41.7661399841309 41.6391792297363 41.5474433898926 41.540412902832 41.5723686218262 41.529354095459 41.4591369628906 41.4778442382812 41.5674743652344 41.5130844116211 41.3246269226074 41.2073211669922 41.0114402770996 40.6722717285156 40.4240226745605 39.9851303100586 40.2215690612793 39.5543785095215 39.9875106811523 40.2257232666016 40.2436561584473 40.3655128479004 40.2326927185059 39.8987731933594 39.7418327331543 39.2624397277832 38.7602424621582 38.6929130554199 38.7526473999023 38.4996757507324 38.30712890625 38.3069839477539 38.164680480957
41.6225242614746 41.620044708252 41.6579170227051 41.6908493041992 41.5703430175781 40.9475059509277 40.946418762207 41.0118560791016 40.785774230957 40.7409133911133 40.9998168945312 41.3584785461426 41.6840705871582 41.7522392272949 41.6488761901855 41.460578918457 41.5179061889648 41.4944038391113 41.2910919189453 41.2685432434082 41.4007377624512 41.4635581970215 41.5117645263672 41.4088554382324 41.2826118469238 41.1238479614258 40.9219741821289 40.6346244812012 40.4575462341309 40.2892227172852 39.8442153930664 39.4515991210938 39.5877265930176 39.5446014404297 40.0042877197266 39.6886367797852 39.9525146484375 39.6996078491211 39.3188705444336 38.9034385681152 38.677375793457 38.4723587036133 37.981273651123 37.3989906311035 37.9817504882812 38.177059173584
41.726863861084 41.7066268920898 41.6631317138672 41.64892578125 41.4954528808594 40.6875038146973 40.4629974365234 40.9080276489258 40.7929840087891 40.4646759033203 40.7620697021484 41.4263038635254 41.6898155212402 41.7169418334961 41.6277236938477 41.438419342041 41.4327049255371 41.2091331481934 40.9498481750488 41.090518951416 41.3866958618164 41.3813323974609 41.4573440551758 41.4440269470215 41.273380279541 41.2051620483398 41.0233726501465 40.7139358520508 40.6200485229492 40.3835563659668 39.955753326416 39.2400550842285 38.9216804504395 39.0656204223633 39.5377464294434 39.677677154541 39.2740211486816 38.9063758850098 39.1086196899414 39.0466651916504 38.7140235900879 38.4919357299805 37.9515151977539 37.1426277160645 37.5956268310547 37.9717864990234
41.783073425293 41.7463836669922 41.6847686767578 41.6517562866211 41.6113052368164 41.2661590576172 40.7962799072266 40.5466232299805 40.5515365600586 40.331413269043 40.8207626342773 41.4409675598145 41.6702651977539 41.6776809692383 41.5895881652832 41.403980255127 41.2419013977051 41.0219573974609 40.9051933288574 41.1736793518066 41.2980346679688 41.349910736084 41.3103141784668 41.4057998657227 41.3423004150391 41.2484092712402 41.0800666809082 40.7897186279297 40.6630859375 40.4578247070312 40.0299339294434 39.8052673339844 39.3283004760742 39.1269378662109 39.0647735595703 39.2147903442383 39.4757766723633 39.3139381408691 38.9461364746094 38.7520713806152 38.5573616027832 38.3716888427734 38.1145095825195 37.8042297363281 37.171573638916 37.4672164916992
41.8046798706055 41.7529716491699 41.6900405883789 41.6768951416016 41.6024169921875 41.388427734375 41.0917854309082 40.5034065246582 40.3916778564453 40.5806159973145 41.0486946105957 41.4577484130859 41.6099243164062 41.6002197265625 41.468448638916 41.3011436462402 41.008846282959 40.9121513366699 41.0212059020996 41.0488433837891 41.1919479370117 41.1228446960449 40.9405555725098 41.1891212463379 41.3623542785645 41.2389106750488 41.0257682800293 40.8559532165527 40.717113494873 40.6052322387695 40.4045143127441 40.1653213500977 39.8429222106934 39.7813262939453 39.4396553039551 39.0827102661133 39.1728248596191 39.2449913024902 39.011302947998 38.8684463500977 38.7360687255859 38.5149154663086 37.9008140563965 37.5252571105957 37.6581497192383 37.6826210021973
41.8066940307617 41.8159255981445 41.7467498779297 41.709342956543 41.596549987793 41.486213684082 41.368968963623 41.0074462890625 40.5357284545898 40.6316108703613 40.7952003479004 41.085807800293 41.3691864013672 41.4139442443848 41.3526954650879 41.2121543884277 41.0106582641602 40.8658294677734 40.7529792785645 40.7953758239746 41.0286560058594 41.0237197875977 40.7798500061035 41.1736640930176 41.3777275085449 41.2652053833008 41.1090049743652 40.9383888244629 40.857795715332 40.7394828796387 40.6143379211426 40.3804397583008 40.0478668212891 40.2532653808594 40.1144409179688 39.7256469726562 39.246768951416 39.1257858276367 39.2461090087891 39.6659698486328 38.9276924133301 38.6729278564453 38.2653007507324 37.5940322875977 37.5297164916992 37.4145774841309
