inst/extdata/Tmax/Tmax156.asc
NCOLS 100 
NROWS 79 
XLLCORNER 148.06 
YLLCORNER -21.49 
CELLSIZE 0.01 
NODATA_value -3.4e+38 
[rows 0 to 19 of 79, columns 0 to 45 of 100]
33.526344299316399 33.1798400878906 32.2228317260742 32.5897521972656 32.7348594665527 33.1630744934082 33.384220123291 33.5856895446777 33.5508193969727 33.366870880127 32.8550605773926 32.6414527893066 32.5644721984863 31.3280696868896 31.8204765319824 32.2442817687988 32.677001953125 32.6568794250488 31.7964630126953 31.1337070465088 30.9927291870117 30.0544395446777 30.4942436218262 31.803466796875 32.3718490600586 32.658260345459 32.5290489196777 32.5974960327148 32.263729095459 31.8690071105957 30.9422760009766 29.0504627227783 30.3571701049805 30.2787017822266 29.0642108917236 27.9355964660645 27.8293399810791 27.4435729980469 28.2492618560791 30.1786499023438 31.8247718811035 32.1257095336914 32.9576568603516 33.3442153930664 33.547981262207 33.7046051025391
33.3418884277344 32.8121109008789 32.0481338500977 32.1446266174316 31.5718441009521 32.4990234375 33.0757675170898 33.4410820007324 33.5992965698242 33.4772071838379 33.1073837280273 32.7736053466797 32.9117393493652 32.4601860046387 32.2969779968262 32.1853065490723 32.6387329101562 32.6873474121094 31.6388874053955 31.0424156188965 31.5781402587891 31.3286476135254 31.2216033935547 31.6767425537109 32.2010917663574 32.4139022827148 32.7342910766602 32.691104888916 32.4652137756348 32.2397880554199 31.3247909545898 29.8974208831787 31.1032314300537 30.6852722167969 30.007251739502 29.022159576416 28.5762920379639 28.9710140228271 30.093921661377 31.2912921905518 32.9572982788086 33.4304885864258 33.589958190918 33.5987129211426 33.670238494873 33.7275276184082
33.3115539550781 32.4854698181152 32.6098594665527 32.7430114746094 32.2816734313965 32.4040603637695 32.8194808959961 33.4337730407715 33.6512031555176 33.5083160400391 33.194751739502 33.0627365112305 32.9735984802246 32.9251441955566 32.6007537841797 32.4476356506348 32.6901626586914 32.8754463195801 32.2486343383789 32.0503425598145 31.9001731872559 31.5726547241211 31.3439521789551 31.4736595153809 32.4079704284668 32.7192726135254 32.5439186096191 32.535961151123 32.5453758239746 32.2099876403809 32.2837371826172 31.2057476043701 31.4866142272949 30.1983737945557 29.89377784729 29.2426357269287 28.7149848937988 28.2233600616455 29.3117160797119 30.567834854126 32.1019630432129 33.2463531494141 33.630744934082 33.7179374694824 33.7059898376465 33.6634979248047
33.5388031005859 33.1776580810547 32.8393936157227 33.4778060913086 32.9524993896484 32.5191040039062 32.9117698669434 33.536434173584 33.742977142334 33.5988311767578 33.4447288513184 33.414680480957 33.3067054748535 33.1318588256836 32.6555442810059 32.4764022827148 32.8881607055664 32.9576377868652 32.7200508117676 32.2088775634766 31.8669929504395 31.4871654510498 31.5733966827393 31.5418548583984 32.1981544494629 32.6999320983887 32.2972259521484 32.6149673461914 32.4189300537109 31.5049076080322 32.1415710449219 32.2388725280762 31.4150524139404 30.1088638305664 29.5246658325195 28.6196041107178 28.9201126098633 28.4061412811279 28.2936534881592 27.7877578735352 29.4413299560547 32.3631439208984 33.4300842285156 33.6947631835938 33.4163589477539 33.3114318847656
34.1343193054199 33.5336685180664 33.2897033691406 33.7316017150879 33.4755210876465 32.8093681335449 32.8498115539551 33.5639801025391 33.7483901977539 33.328441619873 33.3453369140625 33.594913482666 33.4622535705566 33.1533622741699 32.7511901855469 32.9388160705566 33.0396308898926 32.7597846984863 32.2520179748535 31.4872703552246 31.6828269958496 31.8652000427246 32.0227165222168 32.2553520202637 32.2752380371094 31.9140892028809 32.7584075927734 32.3351593017578 32.1990509033203 31.6594009399414 32.0761375427246 31.888463973999 31.5540142059326 30.50803565979 29.9801979064941 30.3153896331787 30.0037364959717 29.4405879974365 28.8824844360352 28.1132164001465 27.7516937255859 31.3914451599121 33.0942764282227 33.5850296020508 32.8161125183105 32.023006439209
34.3043632507324 34.0231018066406 33.2752151489258 33.7456321716309 33.8418045043945 33.3707389831543 33.0789680480957 33.5998802185059 33.7999496459961 33.4763679504395 33.3600616455078 33.6854095458984 33.5149040222168 33.2075805664062 32.4685363769531 33.0625877380371 32.9760780334473 32.4799613952637 31.894401550293 31.4663772583008 31.5762596130371 31.8501796722412 32.216251373291 32.2279319763184 32.577075958252 32.4664916992188 32.5668869018555 31.720495223999 31.7292327880859 30.5838184356689 31.3664360046387 31.9240970611572 32.0454711914062 31.6849670410156 31.3014049530029 31.2433280944824 30.3615608215332 29.8593444824219 29.5261306762695 28.6725597381592 28.1500453948975 30.9125671386719 32.9628639221191 33.5345306396484 32.9891014099121 30.6861724853516
34.5221176147461 34.2235946655273 33.8014678955078 34.0135345458984 33.9680938720703 33.541919708252 32.8457565307617 33.4685821533203 33.7012481689453 33.8770484924316 33.8202285766602 33.6518478393555 33.1665153503418 33.3101272583008 33.2877769470215 33.1342964172363 32.9189071655273 32.2951278686523 32.0717010498047 31.7616996765137 31.1596145629883 31.3837757110596 31.8914546966553 32.347583770752 32.7660102844238 32.6932945251465 32.7240829467773 32.1212310791016 31.7235889434814 30.4470558166504 30.4631786346436 30.5980987548828 31.652135848999 31.8582859039307 31.3517894744873 31.2417755126953 30.6365737915039 29.1805896759033 29.4482460021973 28.9907398223877 28.8312282562256 30.7063865661621 32.7235717773438 33.270378112793 33.0351104736328 31.1772346496582
34.4989891052246 34.3895149230957 34.0748138427734 34.1228179931641 34.0883331298828 33.7888259887695 33.1321449279785 33.0019874572754 33.3635330200195 33.7808570861816 33.9231796264648 33.5922241210938 32.8169822692871 33.0903282165527 33.373291015625 32.5844535827637 32.535701751709 31.7209968566895 31.6490364074707 31.4080390930176 30.704158782959 31.2155799865723 31.6844081878662 32.3276557922363 32.8895568847656 32.9181747436523 32.4472999572754 31.9518756866455 31.7600517272949 30.9333457946777 29.543041229248 29.8649311065674 30.2366237640381 30.8792934417725 31.318790435791 30.6717586517334 30.7613658905029 29.8373985290527 28.780200958252 29.0998611450195 29.3401279449463 30.5412063598633 31.7067832946777 32.8728408813477 32.8316650390625 30.7951583862305
34.222038269043 34.4964790344238 34.3255577087402 34.2813262939453 34.1380958557129 33.8592224121094 33.4467124938965 32.9383735656738 33.132640838623 33.7561645507812 33.9571914672852 33.9080848693848 33.6738243103027 33.5091743469238 33.0956687927246 32.2399139404297 32.4560585021973 32.1926727294922 32.3601570129395 31.3705101013184 31.3796310424805 31.2275047302246 31.3441028594971 32.0993385314941 32.7964706420898 33.0240592956543 31.9625930786133 31.0128002166748 31.1155910491943 31.0273418426514 30.4088668823242 29.8278121948242 29.3778305053711 29.885669708252 30.8674392700195 30.2290992736816 29.9909992218018 29.9503059387207 28.9504890441895 28.6172523498535 28.8676147460938 28.9877014160156 29.9778118133545 31.7585067749023 32.3069725036621 30.9053211212158
33.8716354370117 34.3737945556641 34.4782257080078 34.3225212097168 34.0901374816895 33.9603729248047 33.7379150390625 33.2065544128418 32.8563575744629 33.6507263183594 33.9465446472168 33.4847450256348 32.6594657897949 32.7477493286133 32.8842849731445 32.8696365356445 32.9192848205566 32.7651557922363 32.5358505249023 32.1877670288086 31.8388786315918 31.1678581237793 31.5336322784424 32.4909553527832 33.0325546264648 32.9264678955078 32.1140975952148 31.9505195617676 31.382080078125 30.8440704345703 29.5194435119629 29.1190185546875 30.2811813354492 30.1417999267578 29.9309349060059 29.6909484863281 29.4696521759033 29.7961730957031 29.2243518829346 28.4348182678223 28.4832172393799 27.8924903869629 28.8290252685547 30.0946636199951 30.4476985931396 29.786319732666
33.5155487060547 33.8607330322266 34.4871673583984 34.3854866027832 34.2399559020996 34.153881072998 33.9409790039062 33.5128479003906 33.5078430175781 33.799747467041 33.9848747253418 33.5493049621582 33.1682510375977 32.330379486084 32.522331237793 32.8760108947754 33.0355072021484 33.2882957458496 32.7710952758789 32.5524978637695 32.0983657836914 31.7042255401611 31.7918300628662 32.463752746582 32.9902572631836 32.8939437866211 32.0909309387207 31.261344909668 30.1975593566895 30.2057266235352 29.8284301757812 29.7807312011719 30.7116661071777 30.4482955932617 29.4953308105469 29.232536315918 29.7548999786377 29.4581565856934 29.0598964691162 28.4789543151855 28.551441192627 28.2818622589111 27.928731918335 28.7274951934814 29.210485458374 29.5626964569092
33.3278045654297 33.4008560180664 34.4351005554199 34.4494972229004 34.3615036010742 34.2264976501465 34.0380554199219 33.6531791687012 33.7137107849121 34.0769500732422 34.0275497436523 33.8107070922852 33.3882598876953 32.8192863464355 32.7135353088379 33.0890159606934 33.4702911376953 33.4783782958984 33.1832962036133 32.6517562866211 32.0716781616211 31.716667175293 31.9060001373291 32.0984230041504 32.3698310852051 32.7831687927246 31.6493377685547 30.8023109436035 30.1588745117188 30.426197052002 30.5089225769043 30.4310417175293 30.8911781311035 30.3305854797363 30.071720123291 29.9872627258301 29.5388774871826 28.9174518585205 29.4955272674561 29.7563495635986 29.2991199493408 28.822940826416 28.2774295806885 28.7735061645508 29.3593788146973 29.8052577972412
33.4799461364746 34.0509071350098 34.4001235961914 34.3675384521484 34.396053314209 34.2957725524902 34.1451873779297 33.7110595703125 33.829288482666 34.2150764465332 33.9925804138184 33.9260444641113 33.6839370727539 33.7853088378906 33.683422088623 33.6755180358887 33.7003059387207 33.624683380127 33.372200012207 32.7662887573242 32.4601211547852 32.668815612793 32.9953460693359 33.2881240844727 33.1289825439453 32.6436996459961 32.4155120849609 31.8694248199463 31.4599552154541 31.2660465240479 31.3520431518555 31.1342964172363 31.0410690307617 30.4314651489258 29.8357124328613 29.3606834411621 28.7933502197266 29.9992523193359 30.3217849731445 30.2755680084229 28.8385143280029 28.7692623138428 28.2644195556641 27.9842948913574 29.410961151123 30.0341453552246
33.9749145507812 34.2417678833008 34.3390121459961 34.2569122314453 34.2897834777832 34.3629417419434 34.310962677002 34.1815986633301 33.9485282897949 34.1281394958496 34.1069641113281 34.0390167236328 33.9006385803223 33.7937240600586 33.6810684204102 33.6036605834961 33.787525177002 33.7031173706055 33.548210144043 33.4291343688965 33.3226661682129 33.2950286865234 33.0683670043945 33.2234687805176 32.7157249450684 31.5486869812012 31.494571685791 31.0663261413574 30.4786720275879 31.3242492675781 31.6615447998047 31.6339874267578 30.8073043823242 30.4904766082764 30.3722629547119 30.3220195770264 30.3122959136963 29.9880218505859 30.6717357635498 31.0750522613525 30.5068073272705 30.0267772674561 29.3547592163086 28.7794208526611 29.9380970001221 30.4934940338135
33.125560760498 33.7498245239258 34.2856025695801 34.2182579040527 34.0857887268066 34.2190475463867 34.1860504150391 34.0007019042969 33.5172996520996 33.5887336730957 34.0004768371582 33.7883110046387 33.180046081543 33.3947486877441 33.6290512084961 32.9914741516113 33.5179061889648 33.7582664489746 33.7126083374023 33.6676788330078 33.6156158447266 33.1514015197754 32.4144134521484 32.8909568786621 32.7056999206543 32.4032974243164 32.324649810791 31.9547157287598 31.5486679077148 31.8670463562012 31.8310508728027 31.546272277832 31.0524463653564 31.3438091278076 31.3158950805664 30.2994918823242 30.9143333435059 30.016077041626 30.3739318847656 31.2383728027344 31.2312202453613 30.9495315551758 30.1361656188965 29.2599506378174 29.9521484375 30.8109951019287
32.175163269043 33.2658042907715 34.1286010742188 34.2978401184082 34.2331695556641 34.2182388305664 34.1137237548828 33.9969749450684 33.7552223205566 33.1657028198242 32.726131439209 33.5994606018066 32.638484954834 32.315502166748 33.3306617736816 32.9261589050293 32.9144821166992 33.4875335693359 33.5366287231445 33.5530967712402 33.5797882080078 33.566650390625 33.4181823730469 33.1551971435547 32.6764984130859 32.2442817687988 32.2718849182129 32.225284576416 32.1740608215332 31.9770469665527 31.7961502075195 31.3477401733398 31.0497226715088 31.7958583831787 31.67067527771 31.37841796875 31.4077224731445 30.7774868011475 30.4168834686279 31.18434715271 31.422306060791 30.718412399292 29.3787860870361 28.2176856994629 28.7055053710938 30.5736999511719
33.228874206543 33.0562705993652 33.7031593322754 33.9398498535156 34.2210845947266 34.1998100280762 34.077693939209 33.9293365478516 33.7632179260254 33.438549041748 32.7161521911621 33.2091331481934 32.0644760131836 31.8133544921875 32.6319580078125 32.4827728271484 31.7551765441895 32.9956016540527 33.0050277709961 32.998477935791 33.3148994445801 33.5182991027832 33.4190826416016 32.9367179870605 31.9894866943359 31.3672275543213 30.9650917053223 31.3349456787109 31.973087310791 31.3394813537598 31.116771697998 30.3364906311035 31.0980930328369 32.066276550293 31.8720378875732 31.6684818267822 31.7394104003906 31.2708930969238 30.8753185272217 31.2127017974854 31.4568824768066 30.2313022613525 29.2057685852051 29.5490436553955 29.9346694946289 30.5915470123291
33.3423767089844 33.7207946777344 33.8346366882324 33.8667411804199 34.0483703613281 34.1310272216797 34.0756530761719 33.9933319091797 33.8272438049316 33.3111152648926 32.874153137207 32.4791107177734 32.0644149780273 31.6965065002441 32.2473258972168 32.1077079772949 32.1369209289551 31.965913772583 31.7111721038818 31.7022018432617 33.0061645507812 33.3370056152344 33.3295059204102 33.222469329834 32.5605049133301 31.3020458221436 29.8612480163574 30.731128692627 31.5993537902832 30.6060752868652 31.0086898803711 31.6643085479736 32.0100746154785 32.3347549438477 32.2518920898438 32.0434722900391 31.5261039733887 30.6263465881348 31.144983291626 31.4172992706299 31.7924251556396 31.4155044555664 31.2733860015869 31.2668476104736 31.2307777404785 30.6246700286865
33.5930709838867 33.5805969238281 33.4383544921875 33.5632934570312 34.1016273498535 33.9959945678711 34.0315895080566 34.0294914245605 33.9385604858398 33.5483322143555 32.3431129455566 32.4417190551758 32.0026817321777 30.856803894043 31.6216812133789 31.393627166748 31.2231044769287 30.5322895050049 31.3972835540771 31.7881183624268 33.0119552612305 33.0586395263672 33.2310523986816 33.3658676147461 32.4151458740234 31.2658615112305 30.0878448486328 30.9063396453857 31.5665874481201 31.0502262115479 31.6005725860596 32.109447479248 32.5524711608887 32.5752296447754 32.1004981994629 31.8276424407959 31.4453315734863 31.1672534942627 31.765344619751 31.8777980804443 31.9393444061279 31.8606815338135 31.7487106323242 31.0514640808105 30.153829574585 30.1298770904541
33.7335815429688 33.7330284118652 33.7326278686523 33.5881309509277 34.1045608520508 34.119571685791 34.0680809020996 34.0201110839844 33.9582595825195 33.859432220459 33.5019989013672 32.6859741210938 31.8336410522461 30.632568359375 30.9673919677734 30.9378623962402 30.4959106445312 30.8043842315674 31.0684776306152 32.1416702270508 33.0256156921387 32.5768966674805 33.3785209655762 33.2210388183594 32.5746421813965 32.323356628418 31.1777667999268 31.3075046539307 31.7039566040039 31.5302314758301 32.2144012451172 32.1973152160645 32.7029685974121 32.640308380127 32.4900741577148 32.2345390319824 31.3325519561768 31.5348491668701 31.8392124176025 31.8506641387939 31.9054641723633 31.7622852325439 31.7039623260498 31.1603546142578 31.0967693328857 30.9737720489502
