inst/extdata/Tmax/Tmax64.asc
NCOLS 100 
NROWS 79 
XLLCORNER 148.06 
YLLCORNER -21.49 
CELLSIZE 0.01 
NODATA_value -3.4e+38 
[rows 0 to 19 of 79, columns 46 to 91 of 100]
38.9488868713379 38.7685432434082 38.6722145080566 38.6880264282227 38.6829643249512 38.5710182189941 38.7940940856934 38.6226654052734 38.4279823303223 38.2502593994141 38.1631317138672 37.8781127929688 37.7753562927246 38.010326385498 38.2849960327148 38.1842956542969 38.0390396118164 37.8418426513672 37.5108642578125 37.2834434509277 37.1114959716797 -3.4e+38 -3.4e+38 -3.4e+38 -3.4e+38 -3.4e+38 -3.4e+38 -3.4e+38 -3.4e+38 -3.4e+38 -3.4e+38 -3.4e+38 -3.4e+38 -3.4e+38 -3.4e+38 -3.4e+38 -3.4e+38 -3.4e+38 -3.4e+38 -3.4e+38 -3.4e+38 -3.4e+38 -3.4e+38 -3.4e+38 -3.4e+38 -3.4e+38
38.8843078613281 38.5905952453613 38.3561859130859 38.6515769958496 38.8408279418945 38.8587989807129 38.8072853088379 38.710147857666 38.3569602966309 37.8898010253906 38.0384521484375 37.4903144836426 38.0183296203613 38.3373870849609 38.3083953857422 38.1986465454102 38.0727996826172 37.9161148071289 37.6936073303223 37.5720443725586 37.4545021057129 37.2724723815918 -3.4e+38 -3.4e+38 -3.4e+38 -3.4e+38 -3.4e+38 -3.4e+38 -3.4e+38 -3.4e+38 -3.4e+38 -3.4e+38 -3.4e+38 -3.4e+38 -3.4e+38 -3.4e+38 -3.4e+38 -3.4e+38 -3.4e+38 -3.4e+38 -3.4e+38 -3.4e+38 -3.4e+38 -3.4e+38 -3.4e+38 -3.4e+38
38.7635879516602 38.0859985351562 37.4631576538086 38.5836868286133 38.8100547790527 38.8359184265137 38.8124122619629 38.7627220153809 38.525276184082 37.89501953125 37.9999237060547 38.1514587402344 38.2342529296875 38.3896713256836 38.3484191894531 38.2355346679688 38.1352233886719 38.0224304199219 37.8780136108398 37.6369438171387 37.5919418334961 37.3657112121582 37.068962097168 36.6961898803711 -3.4e+38 -3.4e+38 -3.4e+38 -3.4e+38 -3.4e+38 -3.4e+38 -3.4e+38 -3.4e+38 -3.4e+38 -3.4e+38 -3.4e+38 -3.4e+38 -3.4e+38 -3.4e+38 -3.4e+38 -3.4e+38 -3.4e+38 -3.4e+38 -3.4e+38 -3.4e+38 -3.4e+38 -3.4e+38
38.350757598877 38.3905143737793 37.5821342468262 38.4155044555664 38.6402359008789 38.7149658203125 38.7773971557617 38.6812133789062 38.5487174987793 38.1983871459961 38.0887069702148 37.8285865783691 38.1935615539551 38.3298416137695 38.3517646789551 38.2426376342773 38.1793251037598 38.1017532348633 37.9506225585938 37.5574188232422 37.351734161377 37.3255615234375 37.2249946594238 37.1068992614746 36.888744354248 36.3967361450195 -3.4e+38 -3.4e+38 -3.4e+38 -3.4e+38 -3.4e+38 -3.4e+38 -3.4e+38 -3.4e+38 -3.4e+38 -3.4e+38 -3.4e+38 -3.4e+38 -3.4e+38 -3.4e+38 -3.4e+38 -3.4e+38 -3.4e+38 -3.4e+38 -3.4e+38 -3.4e+38
38.3674774169922 38.3794479370117 37.4845008850098 37.6480903625488 38.2217254638672 38.6730155944824 38.7605895996094 38.6179389953613 38.5937690734863 38.2623710632324 37.9852485656738 37.8266105651855 37.5228233337402 38.0233154296875 38.2901725769043 38.1951370239258 38.2285194396973 38.1741752624512 37.9159965515137 37.2302474975586 36.8085098266602 37.3301696777344 37.3811912536621 37.2899971008301 37.0022621154785 36.6461029052734 -3.4e+38 -3.4e+38 -3.4e+38 -3.4e+38 -3.4e+38 -3.4e+38 -3.4e+38 -3.4e+38 -3.4e+38 -3.4e+38 -3.4e+38 -3.4e+38 -3.4e+38 -3.4e+38 -3.4e+38 -3.4e+38 -3.4e+38 -3.4e+38 -3.4e+38 -3.4e+38
37.7662200927734 38.3045806884766 37.1561698913574 36.6733131408691 37.9769554138184 38.7219696044922 38.6487159729004 38.5953674316406 38.5437965393066 38.1701889038086 37.4624290466309 37.1975326538086 37.431999206543 38.1366844177246 38.0372200012207 38.2099494934082 38.2599868774414 38.1819725036621 38.0755157470703 37.4851112365723 36.9003562927246 36.9150314331055 37.2768669128418 37.2741851806641 37.1913833618164 37.0375823974609 -3.4e+38 -3.4e+38 -3.4e+38 -3.4e+38 -3.4e+38 -3.4e+38 -3.4e+38 -3.4e+38 -3.4e+38 -3.4e+38 -3.4e+38 -3.4e+38 -3.4e+38 -3.4e+38 -3.4e+38 -3.4e+38 -3.4e+38 -3.4e+38 -3.4e+38 -3.4e+38
37.1167678833008 38.3104972839355 37.8371849060059 37.7656059265137 38.4763336181641 38.6625099182129 38.5092430114746 38.415210723877 38.5202369689941 38.142707824707 37.5796890258789 37.5591583251953 38.0453834533691 38.1289749145508 37.4221572875977 38.071533203125 38.1038398742676 38.1031455993652 38.1330757141113 37.8637313842773 37.5538444519043 37.3065490722656 37.4398460388184 37.2121467590332 37.3615531921387 37.3323173522949 37.1926460266113 36.8810272216797 -3.4e+38 -3.4e+38 -3.4e+38 -3.4e+38 -3.4e+38 -3.4e+38 -3.4e+38 -3.4e+38 -3.4e+38 -3.4e+38 -3.4e+38 -3.4e+38 -3.4e+38 -3.4e+38 -3.4e+38 -3.4e+38 -3.4e+38 -3.4e+38
36.5090980529785 38.3526725769043 38.6778297424316 38.5262336730957 37.7694854736328 37.9535789489746 38.39599609375 38.4974975585938 38.60400390625 38.4507369995117 38.1328506469727 37.804801940918 37.812557220459 37.965892791748 37.6135635375977 38.1190338134766 37.5587158203125 37.5113143920898 38.0336494445801 38.113353729248 37.9678535461426 37.731128692627 37.6202964782715 37.6292152404785 37.5783958435059 37.5092811584473 37.3012657165527 37.1040496826172 36.7857666015625 36.3170204162598 36.3194122314453 -3.4e+38 -3.4e+38 -3.4e+38 -3.4e+38 -3.4e+38 -3.4e+38 -3.4e+38 -3.4e+38 -3.4e+38 -3.4e+38 -3.4e+38 -3.4e+38 -3.4e+38 -3.4e+38 -3.4e+38
36.4734001159668 38.0195198059082 38.7102394104004 38.6157379150391 37.9659729003906 36.8286590576172 37.8279685974121 38.5896797180176 38.6344680786133 38.5375900268555 38.4024696350098 38.1930694580078 38.1971549987793 38.0541000366211 37.6434097290039 37.5678596496582 37.2294960021973 37.8035278320312 38.0225410461426 38.0588150024414 38.0494232177734 37.7397308349609 37.4144630432129 37.143383026123 37.6493492126465 37.6303405761719 37.4867553710938 37.3122596740723 37.1722640991211 36.6829948425293 36.4172477722168 36.520133972168 -3.4e+38 -3.4e+38 -3.4e+38 -3.4e+38 -3.4e+38 -3.4e+38 -3.4e+38 -3.4e+38 -3.4e+38 -3.4e+38 -3.4e+38 -3.4e+38 -3.4e+38 -3.4e+38
37.203971862793 38.0472869873047 38.6359252929688 38.6190795898438 38.5888862609863 37.5471878051758 37.7541732788086 38.5448188781738 38.6666488647461 38.5665321350098 38.3985633850098 38.195068359375 38.0900382995605 38.1608734130859 37.6416893005371 37.387451171875 37.3127326965332 38.1638984680176 38.0295715332031 37.7804527282715 38.0650634765625 38.0027236938477 37.8325843811035 37.5444259643555 37.8223876953125 37.7315788269043 37.5794982910156 37.583366394043 37.4071273803711 37.0807571411133 36.550106048584 36.5577239990234 -3.4e+38 -3.4e+38 -3.4e+38 -3.4e+38 -3.4e+38 -3.4e+38 -3.4e+38 -3.4e+38 -3.4e+38 -3.4e+38 -3.4e+38 -3.4e+38 -3.4e+38 -3.4e+38
36.4987754821777 37.9479446411133 38.2306365966797 38.0588684082031 38.315975189209 38.5118751525879 38.2711296081543 38.5928497314453 38.6607131958008 38.5749015808105 38.4289207458496 38.2834320068359 38.1191291809082 38.3838691711426 38.2541084289551 38.1616096496582 38.2009353637695 38.350227355957 38.334846496582 37.9048881530762 37.5380477905273 38.0229759216309 38.1442413330078 37.729907989502 37.7160835266113 37.5667572021484 37.5152740478516 37.7052001953125 37.523983001709 37.2167015075684 -3.4e+38 -3.4e+38 -3.4e+38 -3.4e+38 -3.4e+38 -3.4e+38 -3.4e+38 -3.4e+38 -3.4e+38 -3.4e+38 -3.4e+38 -3.4e+38 -3.4e+38 -3.4e+38 -3.4e+38 -3.4e+38
35.9754486083984 36.7653884887695 37.0244026184082 36.8088493347168 37.6249542236328 38.1398048400879 38.4078903198242 38.617790222168 38.6102066040039 38.5383682250977 38.3820991516113 38.2322463989258 38.1105537414551 38.585636138916 38.5717163085938 38.4442176818848 38.4423065185547 38.5034828186035 38.525993347168 38.4398422241211 38.137336730957 37.9460182189941 38.222972869873 38.0566139221191 37.8468360900879 37.8974800109863 37.8819007873535 37.6317939758301 37.4809188842773 37.2700042724609 -3.4e+38 -3.4e+38 -3.4e+38 -3.4e+38 -3.4e+38 -3.4e+38 -3.4e+38 -3.4e+38 -3.4e+38 -3.4e+38 -3.4e+38 -3.4e+38 -3.4e+38 -3.4e+38 -3.4e+38 -3.4e+38
35.9966278076172 35.1779365539551 34.6608390808105 34.7706451416016 36.5536994934082 37.0009384155273 37.9758949279785 38.2525672912598 38.4965515136719 38.403736114502 38.2199363708496 38.473014831543 38.4705238342285 38.385383605957 38.7245788574219 38.6883773803711 38.6316719055176 38.6319007873535 38.6351509094238 38.6147308349609 38.5673294067383 38.4768409729004 38.346118927002 38.280517578125 38.0182037353516 38.0395736694336 37.9872283935547 37.7299880981445 37.4650497436523 37.3079833984375 37.1103706359863 36.7580413818359 -3.4e+38 -3.4e+38 -3.4e+38 -3.4e+38 -3.4e+38 -3.4e+38 -3.4e+38 -3.4e+38 -3.4e+38 -3.4e+38 -3.4e+38 -3.4e+38 -3.4e+38 -3.4e+38
36.0203666687012 35.3620452880859 34.6119003295898 34.1630516052246 34.6632232666016 35.3664093017578 36.9500312805176 37.9304504394531 38.5042419433594 38.3634338378906 37.9575157165527 38.431713104248 38.6851615905762 38.7177200317383 38.727710723877 38.7283592224121 38.7438659667969 38.7303237915039 38.709156036377 38.6765365600586 38.6392784118652 38.5575218200684 38.4799423217773 38.3934745788574 38.1823997497559 38.1692810058594 38.0623931884766 37.8623313903809 37.623706817627 37.519847869873 37.4198722839355 37.2437171936035 36.9087257385254 -3.4e+38 -3.4e+38 -3.4e+38 -3.4e+38 36.489990234375 36.5191040039062 -3.4e+38 -3.4e+38 -3.4e+38 -3.4e+38 -3.4e+38 -3.4e+38 -3.4e+38
36.5312156677246 35.4554786682129 34.7147750854492 34.3979682922363 34.8559799194336 34.6528778076172 35.647087097168 37.0959854125977 38.1670799255371 38.4661598205566 37.5865058898926 38.2579917907715 38.6042747497559 38.2396240234375 38.3039093017578 38.6143798828125 38.6923599243164 38.7450408935547 38.6975479125977 38.5876960754395 38.605899810791 38.5348815917969 38.5212364196777 38.463264465332 38.3818016052246 38.236385345459 38.1264915466309 37.9859657287598 37.8499526977539 37.748779296875 37.6882972717285 37.5018768310547 37.1104125976562 -3.4e+38 -3.4e+38 -3.4e+38 -3.4e+38 36.6012802124023 36.567497253418 36.6893539428711 36.6720123291016 36.5437698364258 -3.4e+38 -3.4e+38 -3.4e+38 -3.4e+38
36.5177459716797 35.4520111083984 34.7664833068848 35.1424751281738 34.9624824523926 35.3057479858398 35.0809211730957 36.2846984863281 38.0463371276855 38.6196632385254 37.7905426025391 37.7566413879395 38.400074005127 36.9112548828125 37.7248420715332 38.0172424316406 38.4499320983887 38.7460708618164 38.722526550293 38.6411552429199 38.6267242431641 38.5796928405762 38.571964263916 38.5148735046387 38.442684173584 38.2182807922363 38.1764030456543 38.1017112731934 38.035343170166 37.9765472412109 37.8602409362793 37.6734466552734 37.4636840820312 -3.4e+38 -3.4e+38 37.2173194885254 36.976749420166 36.6966323852539 36.606128692627 36.4513244628906 36.5454788208008 36.7011489868164 -3.4e+38 -3.4e+38 -3.4e+38 -3.4e+38
35.3796882629395 34.3161239624023 34.2733306884766 35.3729248046875 35.6638031005859 35.5902061462402 35.2214965820312 35.5290756225586 37.4822120666504 38.5033378601074 38.5032043457031 37.8424606323242 38.2525863647461 37.1510887145996 37.1559791564941 37.1919822692871 38.2389755249023 38.763370513916 38.7646217346191 38.76708984375 38.7580642700195 38.6843528747559 38.6317710876465 38.4298515319824 38.4167060852051 38.299617767334 38.2684135437012 38.2444381713867 38.2025260925293 38.1079406738281 37.9981346130371 37.858699798584 37.7371215820312 -3.4e+38 37.5680923461914 37.5404472351074 37.4569892883301 -3.4e+38 36.7433700561523 -3.4e+38 36.5304412841797 -3.4e+38 -3.4e+38 -3.4e+38 -3.4e+38 -3.4e+38
35.3677940368652 34.1304931640625 33.5043640136719 35.7325325012207 35.9112777709961 35.3640022277832 35.0207138061523 35.1314315795898 36.4540481567383 38.3119354248047 38.3884658813477 38.048282623291 38.1397361755371 38.2229766845703 37.686653137207 38.550724029541 38.7239456176758 38.7972640991211 38.8176345825195 38.7986640930176 38.7866325378418 38.7305755615234 38.6900177001953 38.6065483093262 38.5821800231934 38.5019340515137 38.4513969421387 38.3997573852539 38.2955474853516 38.2473831176758 38.1643753051758 38.064510345459 37.9834938049316 37.9054412841797 37.8598251342773 37.8395729064941 37.6623954772949 -3.4e+38 -3.4e+38 -3.4e+38 -3.4e+38 -3.4e+38 -3.4e+38 36.7747116088867 -3.4e+38 -3.4e+38
36.8816528320312 36.6164741516113 34.7878036499023 36.0905456542969 34.8262367248535 34.8301429748535 35.1944999694824 35.452751159668 37.182674407959 38.3046836853027 38.0571975708008 37.5627861022949 38.2528266906738 38.5722618103027 38.6475219726562 38.6778335571289 38.7652206420898 38.505786895752 38.620979309082 38.742000579834 38.7167587280273 38.7189903259277 38.7160911560059 38.6820411682129 38.6484489440918 38.5895881652832 38.5493011474609 38.4268188476562 38.1496276855469 38.2302284240723 38.2849044799805 38.2323913574219 38.1777229309082 38.1016120910645 38.0659637451172 37.9766464233398 37.8171730041504 37.6650619506836 37.5296478271484 37.4526748657227 37.4433822631836 37.3230743408203 37.0234375 36.7929763793945 -3.4e+38 -3.4e+38
36.9685897827148 36.2619552612305 36.8093910217285 36.6527214050293 35.4554710388184 35.4867477416992 35.1401672363281 35.3214950561523 37.031135559082 38.0959815979004 38.411190032959 38.2223892211914 38.4901847839355 38.7146759033203 38.608772277832 38.4818344116211 38.6282730102539 38.4084205627441 38.2733268737793 38.4068603515625 38.6610717773438 38.6891822814941 38.6979560852051 38.7171478271484 38.7103042602539 38.6644477844238 38.6109886169434 38.4447059631348 38.2201461791992 38.3613204956055 38.3295936584473 38.3711929321289 38.2757606506348 38.2268714904785 38.1898384094238 38.0472526550293 37.9455223083496 37.8739700317383 37.8196716308594 37.7797737121582 37.7412948608398 37.6038589477539 37.2220001220703 36.759033203125 36.8036880493164 -3.4e+38
