inst/extdata/Tmax/Tmax91.asc
NCOLS 100 
NROWS 79 
XLLCORNER 148.06 
YLLCORNER -21.49 
CELLSIZE 0.01 
NODATA_value -3.4e+38 
[rows 20 to 39 of 79, columns 46 to 91 of 100]
28.237771987915 26.3016815185547 26.5391979217529 28.1002311706543 27.8153038024902 27.1989879608154 26.8875789642334 25.5868606567383 27.629337310791 29.2678089141846 30.4518394470215 29.9410495758057 29.9086818695068 30.5827713012695 30.197732925415 29.9043769836426 30.2021541595459 30.8077621459961 30.9660968780518 30.9585762023926 30.8910827636719 30.7494354248047 31.0474166870117 31.1221199035645 31.0540428161621 30.9614868164062 30.8362293243408 30.8590850830078 30.820463180542 30.4824962615967 30.5709342956543 30.8568344116211 30.7525825500488 30.4637203216553 30.4793109893799 30.4708671569824 30.3994598388672 30.4068565368652 30.4009819030762 30.3760070800781 30.3108921051025 30.1705093383789 29.5889377593994 29.4876861572266 29.7429065704346 29.758659362793
28.5480003356934 26.264705657959 24.9749965667725 26.8799953460693 26.7336616516113 26.1423225402832 27.1039714813232 25.012845993042 26.4010181427002 28.7107486724854 30.1358089447021 28.6668796539307 27.9484634399414 29.9498023986816 28.6459007263184 28.2577037811279 29.2039260864258 30.6262474060059 30.6241092681885 31.0649147033691 31.1693420410156 31.1482620239258 30.9112014770508 30.5321559906006 30.5123729705811 30.5813846588135 30.7433967590332 30.6979598999023 30.5974311828613 30.5204200744629 30.8532257080078 30.9037952423096 30.8437728881836 30.4604206085205 30.5608310699463 30.5323047637939 30.4050807952881 30.4237327575684 30.4331474304199 30.4327774047852 30.3230266571045 30.2290840148926 30.0424613952637 29.8467292785645 29.7080516815186 29.7090759277344
29.2221050262451 28.6825008392334 26.5764999389648 25.8621559143066 25.3399868011475 26.6231269836426 25.9651260375977 26.2468299865723 25.5759658813477 26.6198673248291 29.110071182251 29.5516834259033 27.8716526031494 28.305850982666 27.9228496551514 28.5444984436035 29.697774887085 30.1285037994385 28.6553134918213 30.030933380127 30.9006385803223 30.9592399597168 30.2892189025879 29.3867244720459 30.0216369628906 29.9998893737793 30.6217613220215 30.8109493255615 30.4790592193604 30.7063102722168 30.9018592834473 30.9471645355225 30.9427356719971 30.8810768127441 30.7744293212891 30.5942459106445 30.4044017791748 30.2697982788086 30.3502902984619 30.4648456573486 30.3722743988037 30.3165397644043 30.0446586608887 29.9248085021973 29.787052154541 29.9454193115234
28.4799213409424 28.2990627288818 27.6084976196289 26.7219429016113 25.0819492340088 25.9153289794922 26.6351928710938 26.8595409393311 26.5848751068115 26.0855922698975 27.5978984832764 27.5727043151855 28.5585498809814 26.7286319732666 27.6515617370605 29.2970066070557 29.2612953186035 29.6646213531494 28.1847686767578 30.4147243499756 31.2425594329834 31.103515625 30.0729522705078 28.6152153015137 29.9277420043945 30.1065349578857 30.2031593322754 30.6871471405029 30.8854293823242 30.9542388916016 30.9838428497314 31.0082683563232 30.9840393066406 30.8949203491211 30.7919464111328 30.6352653503418 30.1879615783691 29.8200626373291 29.9728527069092 30.2824974060059 30.2752571105957 30.3489017486572 30.0829105377197 30.0625133514404 29.7967224121094 29.8356952667236
26.2781295776367 27.771858215332 28.1766490936279 27.9085216522217 26.7607269287109 26.069787979126 26.0729389190674 25.7231426239014 26.7291374206543 26.122013092041 26.134786605835 25.6094417572021 27.7605247497559 28.7022819519043 27.7995586395264 28.957239151001 29.7984848022461 30.4225254058838 30.0769481658936 31.1672840118408 31.1648998260498 30.9862651824951 30.2311267852783 29.3192405700684 30.1542110443115 30.4589900970459 30.1173152923584 30.2044639587402 30.311071395874 30.84521484375 30.6833229064941 31.0313339233398 30.9048900604248 30.8721218109131 30.7861423492432 30.431713104248 30.3408679962158 29.7285804748535 29.435998916626 29.9489879608154 30.1151390075684 30.2313499450684 30.0549392700195 30.1249580383301 30.1931533813477 30.0396671295166
24.6596088409424 25.740758895874 27.254487991333 27.1686229705811 26.2160568237305 25.3826351165771 24.9432983398438 24.4000835418701 25.657901763916 26.3707408905029 25.7873287200928 26.0585346221924 27.6398792266846 29.7620086669922 29.1984481811523 29.2869262695312 29.4500637054443 30.9404582977295 31.0330791473389 31.0066738128662 30.9916324615479 30.6356391906738 29.285135269165 29.3336963653564 29.4348812103271 30.1180152893066 29.8107204437256 29.1345882415771 29.8037891387939 30.9200172424316 30.8704509735107 30.9997806549072 30.9644412994385 30.9415454864502 30.8029022216797 30.6501960754395 30.6729125976562 30.0378093719482 29.499454498291 29.8629302978516 29.5452823638916 29.6942825317383 29.3997364044189 30.1000289916992 30.153133392334 30.1537914276123
24.5598697662354 24.4327735900879 25.1209869384766 25.8579063415527 26.6503067016602 24.2836761474609 24.0599346160889 24.775562286377 25.3611927032471 26.2196941375732 26.2594299316406 26.7399673461914 28.7087078094482 29.7003917694092 30.2346801757812 30.4155445098877 30.5568733215332 31.0920715332031 30.6884307861328 30.4952239990234 30.5247383117676 30.0304584503174 30.220027923584 30.4967041015625 30.4921340942383 29.8336181640625 29.3671627044678 30.3240585327148 30.5837745666504 30.5427227020264 29.9647331237793 30.675178527832 30.8506336212158 30.9457530975342 30.9374008178711 30.8498802185059 30.5041446685791 30.1617069244385 30.2542304992676 30.0052490234375 29.8849411010742 29.3080024719238 29.823579788208 30.0499515533447 29.9750633239746 29.8870048522949
24.7063694000244 24.2908344268799 24.5415382385254 24.7436962127686 25.3759670257568 23.8224048614502 23.5848503112793 23.930721282959 25.1313934326172 26.0007057189941 25.4215927124023 26.0952033996582 27.1387958526611 28.4524230957031 30.013557434082 29.6551113128662 30.8337154388428 31.0889282226562 30.320219039917 29.5101985931396 30.1998233795166 30.3987426757812 30.7306480407715 30.962574005127 31.0646820068359 30.6081256866455 30.5890445709229 30.9525127410889 31.0031089782715 30.2522964477539 29.7973937988281 30.3759613037109 30.4984474182129 30.9403705596924 30.9925308227539 30.9393672943115 30.7840690612793 30.5661888122559 30.150390625 29.3406505584717 29.1051216125488 28.975679397583 29.0202579498291 29.7408981323242 29.805269241333 30.2464332580566
25.6568183898926 25.1705741882324 26.047269821167 25.8782138824463 25.4364585876465 24.0979137420654 24.7512283325195 24.5265846252441 24.8247947692871 25.5145530700684 25.2086620330811 25.5362091064453 25.6998043060303 28.2033634185791 29.5606784820557 28.7877616882324 30.3989791870117 30.7028865814209 30.3580112457275 29.1374206542969 29.4228668212891 30.5853366851807 30.9994659423828 31.1190643310547 31.1262493133545 31.0128593444824 31.0119647979736 31.1157455444336 30.6897869110107 29.9426937103271 29.8128414154053 30.5155792236328 30.9609699249268 31.0033798217773 30.9969787597656 30.9792785644531 30.9390068054199 30.8014621734619 30.5452003479004 29.3561706542969 28.7530879974365 27.9205570220947 28.9405574798584 28.9386157989502 29.8893718719482 30.3027172088623
27.5029029846191 27.3374652862549 26.6742706298828 26.6145858764648 26.0216407775879 25.4770793914795 25.1436500549316 24.2041625976562 24.7558364868164 24.3214111328125 23.9241580963135 25.1626071929932 25.561408996582 27.7078170776367 28.7942409515381 27.9797782897949 28.7652988433838 29.6076240539551 30.1999759674072 30.0541973114014 29.5644454956055 30.591287612915 31.0781536102295 30.8521995544434 30.8086547851562 30.4663944244385 30.8890075683594 31.1296558380127 30.1334056854248 29.2469711303711 29.9488925933838 30.5486946105957 30.9198551177979 31.0064029693604 31.0204963684082 30.9741325378418 30.957498550415 30.8659934997559 30.6735610961914 30.2707328796387 29.574390411377 29.0650901794434 28.6267757415771 28.43625831604 29.3536586761475 29.8901062011719
26.2248783111572 26.2399635314941 26.2856922149658 25.8842334747314 25.3411083221436 25.6210174560547 24.633716583252 24.2113647460938 23.7868995666504 23.8624496459961 23.3754482269287 24.1394748687744 24.1355667114258 26.4922351837158 27.6619911193848 26.3549823760986 26.9807033538818 28.7222728729248 30.1470031738281 30.727819442749 30.2055225372314 30.8403930664062 31.0451850891113 30.6036624908447 30.5673637390137 30.6934013366699 31.1664867401123 31.1217784881592 30.5243949890137 29.8274974822998 30.2258358001709 30.5155696868896 30.9656639099121 30.9918479919434 30.9435501098633 30.9228057861328 30.9241065979004 30.8480854034424 30.7735404968262 30.570556640625 30.3213901519775 29.7561340332031 29.3634853363037 29.327543258667 29.5674266815186 30.018009185791
25.37060546875 25.685375213623 25.5660648345947 25.5248394012451 24.5720672607422 25.4389801025391 24.4497375488281 23.4137992858887 22.9140548706055 23.2409515380859 22.9705600738525 23.5411758422852 24.1976432800293 26.1656475067139 26.5291690826416 26.1233959197998 28.5161457061768 29.5596485137939 30.3584136962891 30.8593807220459 31.1489906311035 31.1904296875 31.113883972168 31.0021724700928 30.7517986297607 31.0552558898926 31.1716232299805 31.0304832458496 30.6106014251709 29.9319629669189 30.0331287384033 30.6420383453369 30.8671932220459 30.3791961669922 30.7700004577637 30.899097442627 30.8782978057861 30.8409252166748 30.7999153137207 30.6909122467041 30.3930931091309 29.6045036315918 29.963680267334 30.0133323669434 29.9232368469238 29.8650226593018
24.6438274383545 24.9389953613281 24.7717704772949 25.0895519256592 25.2013492584229 25.2260684967041 24.8001403808594 23.861270904541 23.9432640075684 24.0310478210449 23.1860523223877 23.0208988189697 23.8188629150391 26.0746326446533 26.6805591583252 27.2876644134521 27.3613338470459 28.3043556213379 30.3161678314209 30.9362812042236 31.1367263793945 31.067512512207 30.8917007446289 30.8242263793945 30.9735145568848 31.0492191314697 31.0041828155518 30.5698833465576 29.5594177246094 29.7474803924561 30.0981483459473 30.9340152740479 30.6506443023682 30.0562343597412 30.7777309417725 30.7134742736816 30.7441005706787 30.8072280883789 30.710901260376 30.4176158905029 29.8115501403809 28.4877395629883 28.2239990234375 29.3238086700439 29.7078018188477 30.0326862335205
25.3549709320068 24.8062705993652 24.6757373809814 24.8326320648193 25.0008144378662 24.9192180633545 24.4986457824707 24.186393737793 24.6718101501465 24.0989036560059 23.9907379150391 23.9840431213379 24.6447105407715 25.9504737854004 26.1400489807129 27.0005207061768 28.1195774078369 29.3837203979492 30.3791923522949 30.8122367858887 31.1649169921875 31.1217517852783 30.5764026641846 30.2574405670166 30.4864730834961 30.3283977508545 30.4233379364014 30.5874938964844 30.4559993743896 30.4377708435059 30.7701587677002 31.051097869873 30.3975811004639 30.3106288909912 30.9155540466309 30.3933448791504 30.5412502288818 30.5028190612793 30.5862522125244 30.2771682739258 28.7936630249023 28.0248622894287 27.4072170257568 29.2845115661621 29.8745212554932 29.7010269165039
25.8425769805908 24.5504627227783 24.5151348114014 24.6130771636963 24.7327556610107 24.6298446655273 24.6470031738281 25.251579284668 24.8426513671875 24.183952331543 25.2938194274902 25.8335094451904 26.055118560791 25.3386058807373 25.3725528717041 26.5992012023926 28.0599193572998 29.5381317138672 29.6354064941406 30.4970684051514 30.985372543335 30.9911861419678 30.4694595336914 30.1994190216064 29.339635848999 29.935661315918 30.4737758636475 30.6225070953369 30.858304977417 30.8621520996094 31.0550079345703 30.9919776916504 30.9594230651855 30.9926891326904 30.949031829834 30.7019519805908 29.7226943969727 30.3556785583496 30.5593872070312 30.5119514465332 30.4740009307861 29.1605968475342 28.999439239502 30.3683586120605 30.6617851257324 30.6423110961914
25.8978042602539 24.7651844024658 24.484094619751 24.427225112915 24.607400894165 24.4641704559326 25.1286697387695 27.0466423034668 26.0383605957031 25.2491226196289 27.4249935150146 28.2053775787354 27.7696552276611 25.5008697509766 25.9793224334717 26.1186542510986 28.334981918335 28.4081211090088 28.2636642456055 29.2721271514893 30.51318359375 30.7460536956787 30.3860683441162 30.3668155670166 30.2159061431885 29.8500022888184 29.918628692627 30.0626239776611 30.7821273803711 30.739128112793 30.8327102661133 30.6311626434326 30.8475170135498 31.0084972381592 30.7103290557861 30.6970825195312 29.9998378753662 30.1376438140869 30.4276504516602 30.2617530822754 30.7036209106445 30.7105350494385 30.6115131378174 30.6595115661621 30.7784099578857 30.6534957885742
25.5583114624023 24.8078460693359 24.6360549926758 24.7922477722168 24.7415542602539 24.8484592437744 25.3477020263672 27.828311920166 28.047908782959 26.5053253173828 28.7913703918457 29.8665008544922 29.0533618927002 27.6700420379639 27.5882034301758 28.2854957580566 29.0435924530029 29.5549564361572 29.9002742767334 30.2274322509766 30.4589767456055 30.1589984893799 28.6974601745605 28.9988193511963 29.5619773864746 29.1529140472412 29.3737277984619 30.2717475891113 30.6598796844482 30.868745803833 29.7445240020752 29.724702835083 30.5910511016846 30.9121723175049 30.4127006530762 30.4479007720947 29.6182270050049 30.1665821075439 30.3835906982422 30.2354640960693 30.7275085449219 30.820011138916 30.849063873291 30.8486804962158 30.7912731170654 30.4638786315918
25.5832633972168 25.1228485107422 25.0802097320557 25.2649726867676 25.4964504241943 25.6754360198975 26.6242485046387 28.6290626525879 28.4983940124512 27.9536399841309 29.565616607666 30.8104820251465 29.8868732452393 28.6038265228271 27.9927635192871 29.9174671173096 30.309497833252 30.5311317443848 30.7444362640381 30.7618923187256 30.3004055023193 30.0005588531494 30.1060085296631 29.4982223510742 29.8484477996826 30.3465061187744 30.5649356842041 30.6346950531006 30.8441619873047 30.759407043457 29.0589370727539 29.8248100280762 30.720645904541 30.643871307373 30.1958122253418 30.1572208404541 29.9940395355225 30.5345420837402 30.5683097839355 30.5804672241211 30.5549259185791 30.7299060821533 30.7830238342285 30.7956809997559 30.7181625366211 30.6727085113525
25.5099925994873 25.1748676300049 25.8170337677002 26.7085628509521 26.8468570709229 27.408763885498 28.6665191650391 29.3712730407715 28.6849746704102 29.1238288879395 30.7324104309082 31.2952651977539 30.6750984191895 29.5275192260742 28.6739692687988 29.8491554260254 29.8408451080322 30.1616382598877 30.9638633728027 31.1729488372803 30.8334102630615 30.4473915100098 30.8041076660156 30.5807609558105 30.426664352417 30.9246826171875 30.7996635437012 30.6962032318115 30.9583969116211 30.7045745849609 30.0572071075439 30.5606460571289 30.7525196075439 30.4336318969727 29.4505596160889 29.4127178192139 29.7599697113037 30.5279693603516 30.2231197357178 30.2031230926514 30.2291526794434 30.5368213653564 30.5179691314697 30.583532333374 30.4293079376221 30.5740833282471
25.5601387023926 25.7860717773438 27.1217956542969 27.9947299957275 28.8085899353027 29.9086055755615 30.6308746337891 29.8404388427734 27.6645278930664 28.3873596191406 30.1097106933594 31.3258991241455 30.8404922485352 30.4585247039795 29.4478244781494 30.5397624969482 30.698127746582 30.0089683532715 30.8561267852783 31.2245845794678 31.1556587219238 30.6621932983398 31.0156841278076 31.1146488189697 30.9326953887939 31.0167293548584 30.7996730804443 29.9663181304932 30.8157024383545 30.9581203460693 30.8757095336914 30.7594947814941 30.4263553619385 30.0703735351562 29.1850566864014 29.2485866546631 30.0489749908447 29.9831886291504 29.8343601226807 29.6393337249756 29.7950649261475 30.1158199310303 29.911434173584 30.2876148223877 29.8028888702393 30.2118072509766
