inst/extdata/Tmax/Tmax79.asc
NCOLS 100 
NROWS 79 
XLLCORNER 148.06 
YLLCORNER -21.49 
CELLSIZE 0.01 
NODATA_value -3.4e+38 
[rows 20 to 39 of 79, columns 46 to 91 of 100]
27.3851718902588 25.5801219940186 25.8100261688232 27.275691986084 27.0173511505127 26.4487380981445 26.1632690429688 24.9400901794434 26.8722858428955 28.4067611694336 29.5311641693115 29.0591068267822 29.0407962799072 29.6984024047852 29.3430671691895 29.0885391235352 29.4272613525391 30.0778884887695 30.2857456207275 30.3272457122803 30.3083667755127 30.2145881652832 30.5676364898682 30.6946067810059 30.6765823364258 30.6342449188232 30.5584831237793 30.6343879699707 30.6346416473389 30.3109931945801 30.4285545349121 30.7503566741943 30.6677761077881 30.3939380645752 30.435998916626 30.4535465240479 30.4055995941162 30.4385795593262 30.4572715759277 30.4555244445801 30.4126777648926 30.2948131561279 29.7223224639893 29.6448574066162 29.9325733184814 29.9718818664551
27.6792411804199 25.5491180419922 24.3278465270996 26.141300201416 26.0100746154785 25.4582557678223 26.3711719512939 24.3949756622314 25.7228984832764 27.8953437805176 29.2413845062256 27.8727073669434 27.209888458252 29.1023330688477 27.8841075897217 27.5299510955811 28.4482002258301 29.9015502929688 29.9465026855469 30.4394245147705 30.594596862793 30.6226787567139 30.4308490753174 30.0957317352295 30.1256999969482 30.2464561462402 30.4626274108887 30.4672660827637 30.403263092041 30.3494110107422 30.7195682525635 30.7973766326904 30.7601890563965 30.3886528015137 30.5183067321777 30.5144462585449 30.4081687927246 30.452220916748 30.4861831665039 30.5095100402832 30.4218769073486 30.3507480621338 30.1836833953857 30.0065002441406 29.8869075775146 29.9105205535889
28.3123321533203 27.817554473877 25.854305267334 25.1840782165527 24.6927242279053 25.9172325134277 25.3006191253662 25.5745811462402 24.9435691833496 25.9418201446533 28.2859935760498 28.711217880249 27.1446418762207 27.5619068145752 27.2119140625 27.8074607849121 28.9394111633301 29.4102077484131 27.9942569732666 29.4033946990967 30.3252182006836 30.4330596923828 29.8031158447266 28.9407901763916 29.6289234161377 29.6553401947021 30.3374004364014 30.5805702209473 30.2802791595459 30.5409069061279 30.7686710357666 30.8407249450684 30.8607902526855 30.8223056793213 30.7371559143066 30.5759296417236 30.4043273925781 30.2895545959473 30.3966808319092 30.5394802093506 30.4691486358643 30.4363861083984 30.1801719665527 30.0801658630371 29.960880279541 30.1466045379639
27.6299362182617 27.4675674438477 26.8288688659668 26.001989364624 24.4489154815674 25.2506866455078 25.9394054412842 26.1581726074219 25.9058971405029 25.4396858215332 26.8760375976562 26.860818862915 27.7963008880615 26.0811538696289 26.9625263214111 28.5264225006104 28.5136528015137 28.9544525146484 27.5318717956543 29.7919120788574 30.6764163970947 30.5833930969238 29.5874786376953 28.1660041809082 29.5349140167236 29.7638282775879 29.9101524353027 30.4524230957031 30.7010269165039 30.7974300384521 30.8530044555664 30.9031047821045 30.902811050415 30.8355331420898 30.7537803649902 30.6164112091064 30.1781063079834 29.8215732574463 30.0034923553467 30.3485698699951 30.3657550811768 30.4660568237305 30.2150230407715 30.2171249389648 29.9650554656982 30.027416229248
25.5684700012207 26.9810810089111 27.3658046722412 27.1215705871582 26.0493431091309 25.4013137817383 25.4107418060303 25.0844211578369 26.0469722747803 25.478458404541 25.4978446960449 25.0042362213135 27.0525188446045 27.9492988586426 27.1083316802979 28.2124538421631 29.0490684509277 29.7137603759766 29.4128303527832 30.5565700531006 30.6016616821289 30.467716217041 29.7498188018799 28.87575340271 29.7655391693115 30.122688293457 29.8223628997803 29.958475112915 30.1068058013916 30.6843719482422 30.541332244873 30.9264373779297 30.8202896118164 30.81103515625 30.7465343475342 30.4041900634766 30.3342514038086 29.7244415283203 29.4458160400391 30.0011978149414 30.1973285675049 30.3412094116211 30.1821403503418 30.2773017883301 30.3700408935547 30.233325958252
23.9801769256592 25.0669898986816 26.5067844390869 26.4322853088379 25.537769317627 24.7496013641357 24.3345718383789 23.7196197509766 25.032829284668 25.7192630767822 25.1707630157471 25.4371967315674 26.9448852539062 28.9614677429199 28.4375553131104 28.5335350036621 28.7091503143311 30.2395572662354 30.3788547515869 30.3984432220459 30.429801940918 30.1155567169189 28.7991886138916 28.8918571472168 29.0383129119873 29.7764720916748 29.5101356506348 28.8670291900635 29.5833053588867 30.7620372772217 30.7350215911865 30.893705368042 30.8816184997559 30.8822784423828 30.7628917694092 30.6289234161377 30.6761360168457 30.0427207946777 29.5095653533936 29.9098529815674 29.6048049926758 29.7824554443359 29.5002708435059 30.2478561401367 30.3248348236084 30.3498668670654
23.8476657867432 23.6878662109375 24.4835014343262 25.1944732666016 25.9539432525635 23.5348720550537 23.2462463378906 24.1830196380615 24.7526054382324 25.5800743103027 25.625316619873 26.090160369873 27.9601268768311 28.9117946624756 29.4376926422119 29.6306667327881 29.8151760101318 30.3985061645508 30.0360546112061 29.8863563537598 29.9612712860107 29.5077438354492 29.7440910339355 30.0701541900635 30.1116542816162 29.4882640838623 29.0589046478271 30.079080581665 30.3898887634277 30.3716564178467 29.7981033325195 30.557559967041 30.7635650634766 30.8861961364746 30.9014167785645 30.8345909118652 30.5001850128174 30.1697177886963 30.2892837524414 30.0551853179932 29.9540882110596 29.3792934417725 29.9362163543701 30.1930923461914 30.139835357666 30.0730991363525
24.0456314086914 23.4965114593506 23.8463077545166 24.1302223205566 24.7439785003662 22.9105072021484 22.6030197143555 23.0821266174316 24.5358352661133 25.375862121582 24.8287715911865 25.4812622070312 26.4826564788818 27.7357635498047 29.234058380127 28.9025535583496 30.0991382598877 30.4011993408203 29.6708030700684 28.9025268554688 29.6375350952148 29.8828353881836 30.264533996582 30.5464515686035 30.6968193054199 30.2771778106689 30.3035831451416 30.7207679748535 30.8184223175049 30.0716133117676 29.6255226135254 30.2479305267334 30.3987350463867 30.8802185058594 30.9578647613525 30.9263591766357 30.7890911102295 30.587194442749 30.1803035736084 29.3647632598877 29.1435508728027 29.0317802429199 29.1007423400879 29.8722362518311 29.9629917144775 30.4433326721191
24.991678237915 24.5317325592041 25.3767032623291 25.2217426300049 24.8055515289307 23.283016204834 24.1597061157227 23.8878746032715 24.2441940307617 24.9147415161133 24.628059387207 24.9503593444824 25.1151638031006 27.507007598877 28.8084831237793 28.0828800201416 29.6688251495361 30.0171756744385 29.7137222290039 28.5337238311768 28.8605270385742 30.0752658843994 30.5411357879639 30.7086544036865 30.761646270752 30.6915550231934 30.7362041473389 30.887809753418 30.4974822998047 29.7524394989014 29.6420860290527 30.3928699493408 30.8779678344727 30.9454669952393 30.9622192382812 30.9672584533691 30.9490261077881 30.8299598693848 30.5878925323486 29.3792381286621 28.7762813568115 27.9340934753418 29.0173778533936 29.039155960083 30.0489978790283 30.5001907348633
26.7494888305664 26.599479675293 25.9776020050049 25.9274368286133 25.3692836761475 24.8548374176025 24.541145324707 23.4511299133301 24.18115234375 23.6331329345703 23.1084747314453 24.5950927734375 24.9865627288818 27.043664932251 28.0857448577881 27.3216991424561 28.0806980133057 28.9255676269531 29.5598411560059 29.4558849334717 29.0059776306152 30.0849304199219 30.6245822906494 30.439151763916 30.439603805542 30.1354579925537 30.6115036010742 30.9024181365967 29.9268531799316 29.0352420806885 29.7834701538086 30.4277591705322 30.835750579834 30.9487743377686 30.9865322113037 30.9619083404541 30.9679126739502 30.8962421417236 30.7199382781982 30.3255996704102 29.6273384094238 29.1224822998047 28.6907272338867 28.5161628723145 29.4925727844238 30.072057723999
25.5417900085449 25.5623683929443 25.6123313903809 25.2354793548584 24.7214393615723 24.9967727661133 24.020336151123 23.4604759216309 22.8977737426758 23.0108070373535 22.3649482727051 23.4096374511719 23.4157962799072 25.8915424346924 27.0160312652588 25.7775707244873 26.3855895996094 28.0590019226074 29.5114212036133 30.1398544311523 29.6550598144531 30.3415546417236 30.5942459106445 30.1888427734375 30.1958751678467 30.3685970306396 30.8963394165039 30.8950328826904 30.3286991119385 29.635612487793 30.0708122253418 30.3942127227783 30.8837928771973 30.9340515136719 30.9070606231689 30.9088859558105 30.9332447052002 30.8773632049561 30.8228492736816 30.6357612609863 30.4011764526367 29.8388423919678 29.4549160003662 29.4408512115479 29.7128791809082 30.2027339935303
24.7280578613281 25.0362377166748 24.9281749725342 24.8950824737549 23.9139060974121 24.825984954834 23.7715110778809 22.3832130432129 21.7192115783691 22.1702423095703 21.8168964385986 22.5982074737549 23.4982604980469 25.5837478637695 25.9407234191895 25.5603122711182 27.857759475708 28.8870239257812 29.7289409637451 30.2778778076172 30.6157093048096 30.7018489837646 30.6677322387695 30.5977115631104 30.3861675262451 30.7399711608887 30.9029521942139 30.8025817871094 30.4176998138428 29.7448463439941 29.8725891113281 30.5261211395264 30.7824764251709 30.2998905181885 30.7277545928955 30.8846111297607 30.8858795166016 30.869800567627 30.8503570556641 30.760570526123 30.475378036499 29.6812572479248 30.0765323638916 30.1508331298828 30.0803108215332 30.0427207946777
23.9691963195801 24.3224868774414 24.1619033813477 24.4803695678711 24.5946578979492 24.6252136230469 24.221004486084 22.9851989746094 23.1060180664062 23.234992980957 22.1052284240723 21.892692565918 22.9821357727051 25.5013751983643 26.0911254882812 26.681037902832 26.7613391876221 27.6738967895508 29.6912517547607 30.3606395721436 30.6075458526611 30.5803966522217 30.4445686340332 30.4190921783447 30.614818572998 30.735746383667 30.7331848144531 30.332893371582 29.3384532928467 29.5555000305176 29.9409198760986 30.8296146392822 30.5588264465332 29.96608543396 30.7362499237061 30.6925926208496 30.7469425201416 30.8353595733643 30.7585277557373 30.4776649475098 29.8726463317871 28.5214214324951 28.2696914672852 29.4347438812256 29.8556365966797 30.2146263122559
24.7204551696777 24.1977939605713 24.0335750579834 24.236047744751 24.4050388336182 24.3329982757568 23.8357734680176 23.4239463806152 24.0903816223145 23.326057434082 23.1919078826904 23.1934604644775 24.0991306304932 25.3867721557617 25.5776424407959 26.4121494293213 27.4930324554443 28.7204666137695 29.7596855163574 30.2395496368408 30.6407032012939 30.6396942138672 30.1271171569824 29.8450336456299 30.1204948425293 30.0017986297607 30.1412887573242 30.3524837493896 30.261287689209 30.2709369659424 30.6380844116211 30.9522552490234 30.2977256774902 30.2304363250732 30.8798770904541 30.3615627288818 30.5377407073975 30.5207767486572 30.6299610137939 30.3324394226074 28.8165092468262 28.0401172637939 27.4198417663574 29.3929958343506 30.0273208618164 29.86940574646
25.1927375793457 23.8565196990967 23.8183116912842 23.9599113464355 24.1310596466064 24.0018901824951 24.036319732666 24.671558380127 24.2836112976074 23.4407272338867 24.7343864440918 25.2624683380127 25.483829498291 24.8012771606445 24.8423080444336 26.032772064209 27.4428024291992 28.8794422149658 29.0160579681396 29.9248790740967 30.462329864502 30.5106296539307 30.021785736084 29.7888946533203 28.9557456970215 29.6032314300537 30.1948986053467 30.3899478912354 30.6745147705078 30.7123126983643 30.9349784851074 30.8923683166504 30.8812294006348 30.9383125305176 30.9156589508057 30.6825370788574 29.6905574798584 30.3691101074219 30.6027297973633 30.5760364532471 30.5592384338379 29.2194690704346 29.0741348266602 30.516134262085 30.8415279388428 30.8428974151611
25.2498455047607 24.1475467681885 23.7778301239014 23.7103576660156 23.9626197814941 23.7786617279053 24.5497512817383 26.3987236022949 25.4407615661621 24.6879272460938 26.7846202850342 27.5386619567871 27.1319370269775 24.962474822998 25.4326725006104 25.5756168365479 27.7135467529297 27.7949028015137 27.6673984527588 28.6942577362061 29.9869518280029 30.2650527954102 29.9404544830322 29.9622268676758 29.8498268127441 29.5180282592773 29.629487991333 29.8185176849365 30.5978622436523 30.5867176055908 30.7062206268311 30.5199394226074 30.7666912078857 30.9561614990234 30.6697578430176 30.6787929534912 29.978759765625 30.1439952850342 30.4669075012207 30.3172416687012 30.797306060791 30.8264293670654 30.7457256317139 30.8170604705811 30.9615058898926 30.8536033630371
24.9275817871094 24.2066993713379 23.9840850830078 24.2037448883057 24.1444759368896 24.2757720947266 24.7652473449707 27.1504783630371 27.3683433532715 25.9018325805664 28.0963115692139 29.1395835876465 28.3675651550293 27.0526275634766 26.9838848114014 27.6624603271484 28.4025821685791 28.9094505310059 29.2913627624512 29.6612434387207 29.9362163543701 29.6725540161133 28.2323017120361 28.5751609802246 29.1862697601318 28.8094444274902 29.0744686126709 30.034330368042 30.474048614502 30.7231006622314 29.5814247131348 29.5831699371338 30.5026607513428 30.8580684661865 30.3628845214844 30.4219150543213 29.5843563079834 30.1749210357666 30.422004699707 30.2905235290527 30.8224277496338 30.9399318695068 30.9915580749512 31.0125331878662 30.9743709564209 30.6566619873047
24.9557819366455 24.5181484222412 24.4835338592529 24.6687755584717 24.8990783691406 25.0786914825439 25.9977378845215 27.9214630126953 27.805549621582 27.2940139770508 28.8475475311279 30.0695610046387 29.1798877716064 27.9546375274658 27.3786220550537 29.245512008667 29.6417179107666 29.8931064605713 30.1492443084717 30.2074813842773 29.7795581817627 29.5155143737793 29.6625118255615 29.0845241546631 29.4805850982666 30.0298480987549 30.2947177886963 30.4078464508057 30.6643371582031 30.6117572784424 28.874584197998 29.6886119842529 30.6388416290283 30.581636428833 30.1395854949951 30.121940612793 29.9749126434326 30.5571994781494 30.6141395568848 30.6485767364502 30.6439647674561 30.8467807769775 30.9231433868408 30.9574584960938 30.8982772827148 30.8720932006836
24.8891925811768 24.5722370147705 25.1984119415283 26.0616760253906 26.2014389038086 26.7466526031494 27.9559745788574 28.6396484375 27.9913711547852 28.4213485717773 29.9906272888184 30.5598258972168 29.9587306976318 28.8522090911865 28.0401554107666 29.187873840332 29.1922626495361 29.5253257751465 30.3772296905518 30.6306533813477 30.3254241943359 29.9731121063232 30.3769264221191 30.1897354125977 30.0734176635742 30.6238613128662 30.5374183654785 30.4728813171387 30.7831039428711 30.5571918487549 29.9090480804443 30.4528503417969 30.6739883422852 30.3656520843506 29.3691844940186 29.3518981933594 29.7335643768311 30.5515460968018 30.2572689056396 30.258171081543 30.3068370819092 30.6471405029297 30.6488494873047 30.7378406524658 30.5989723205566 30.7696266174316
24.9416217803955 25.1661109924316 26.4554843902588 27.2972469329834 28.0825786590576 29.1466217041016 29.8566970825195 29.0998878479004 27.0217514038086 27.7229385375977 29.3919887542725 30.6006355285645 30.1316108703613 29.7680320739746 28.795015335083 29.8735618591309 30.0435600280762 29.3782119750977 30.272928237915 30.6882476806641 30.6583957672119 30.1957588195801 30.5966835021973 30.7387027740479 30.593770980835 30.7209873199463 30.5399150848389 29.7265510559082 30.6385974884033 30.8227710723877 30.7595100402832 30.6613235473633 30.3381061553955 29.9912147521973 29.095890045166 29.1833400726318 30.0345478057861 29.9879589080811 29.8551120758057 29.6741504669189 29.8571624755859 30.2111320495605 30.0201244354248 30.4312744140625 29.9490489959717 30.3939514160156
