inst/extdata/Tmax/Tmax9.asc
NCOLS 100 
NROWS 79 
XLLCORNER 148.06 
YLLCORNER -21.49 
CELLSIZE 0.01 
NODATA_value -3.4e+38 
[rows 0 to 19 of 79, columns 46 to 91 of 100]
25.7190341949463 24.4130096435547 24.5913257598877 24.8170490264893 25.3672122955322 25.3081684112549 25.5083274841309 25.5317611694336 24.534797668457 22.5477886199951 24.2459621429443 23.6259708404541 24.3917922973633 25.0196323394775 25.1148567199707 25.2855606079102 25.4688720703125 25.8799495697021 24.4523773193359 24.9960117340088 25.1527080535889 -3.4e+38 -3.4e+38 -3.4e+38 -3.4e+38 -3.4e+38 -3.4e+38 -3.4e+38 -3.4e+38 -3.4e+38 -3.4e+38 -3.4e+38 -3.4e+38 -3.4e+38 -3.4e+38 -3.4e+38 -3.4e+38 -3.4e+38 -3.4e+38 -3.4e+38 -3.4e+38 -3.4e+38 -3.4e+38 -3.4e+38 -3.4e+38 -3.4e+38
26.091495513916 25.5857181549072 24.2420597076416 24.5021533966064 24.6606197357178 24.6318244934082 24.9966506958008 25.3954372406006 24.1106472015381 23.1092185974121 25.1458625793457 24.8141345977783 26.5835571289062 26.1797466278076 24.9946556091309 23.9853000640869 25.1287574768066 26.9816112518311 25.8985729217529 24.6591529846191 25.350025177002 27.4041557312012 -3.4e+38 -3.4e+38 -3.4e+38 -3.4e+38 -3.4e+38 -3.4e+38 -3.4e+38 -3.4e+38 -3.4e+38 -3.4e+38 -3.4e+38 -3.4e+38 -3.4e+38 -3.4e+38 -3.4e+38 -3.4e+38 -3.4e+38 -3.4e+38 -3.4e+38 -3.4e+38 -3.4e+38 -3.4e+38 -3.4e+38 -3.4e+38
27.8908710479736 24.8598480224609 22.8316879272461 23.1860027313232 23.01296043396 24.5613594055176 23.7446384429932 23.6669101715088 22.8315372467041 22.6207427978516 24.4570770263672 25.8958721160889 27.261058807373 26.7171001434326 24.1814136505127 23.4550724029541 25.0104389190674 24.6517810821533 24.5304088592529 24.7672786712646 24.4259185791016 24.6395359039307 24.4534969329834 24.9076175689697 -3.4e+38 -3.4e+38 -3.4e+38 -3.4e+38 -3.4e+38 -3.4e+38 -3.4e+38 -3.4e+38 -3.4e+38 -3.4e+38 -3.4e+38 -3.4e+38 -3.4e+38 -3.4e+38 -3.4e+38 -3.4e+38 -3.4e+38 -3.4e+38 -3.4e+38 -3.4e+38 -3.4e+38 -3.4e+38
24.0087375640869 23.5125312805176 20.6669044494629 21.5962944030762 23.2138729095459 23.0291423797607 23.4837093353271 23.6546306610107 23.3535861968994 22.9505786895752 24.2421092987061 23.876314163208 26.6097717285156 27.1647510528564 24.6001014709473 24.0229167938232 25.8671283721924 26.5342903137207 25.9696063995361 25.258617401123 23.8337841033936 24.7483253479004 24.4584999084473 25.2820224761963 25.7539463043213 25.6484928131104 -3.4e+38 -3.4e+38 -3.4e+38 -3.4e+38 -3.4e+38 -3.4e+38 -3.4e+38 -3.4e+38 -3.4e+38 -3.4e+38 -3.4e+38 -3.4e+38 -3.4e+38 -3.4e+38 -3.4e+38 -3.4e+38 -3.4e+38 -3.4e+38 -3.4e+38 -3.4e+38
24.9807548522949 23.1440811157227 20.4895629882812 20.1894035339355 21.6531276702881 23.8922576904297 24.5610828399658 24.9239120483398 22.9941844940186 22.0239925384521 22.7336502075195 21.1368789672852 22.6840343475342 26.6907062530518 23.8210525512695 24.1589298248291 26.0160980224609 25.8156795501709 26.4906368255615 26.4745140075684 20.0697822570801 24.7825813293457 25.0532188415527 24.5385856628418 25.3078002929688 25.6989345550537 -3.4e+38 -3.4e+38 -3.4e+38 -3.4e+38 -3.4e+38 -3.4e+38 -3.4e+38 -3.4e+38 -3.4e+38 -3.4e+38 -3.4e+38 -3.4e+38 -3.4e+38 -3.4e+38 -3.4e+38 -3.4e+38 -3.4e+38 -3.4e+38 -3.4e+38 -3.4e+38
20.7865734100342 21.55224609375 19.6798820495605 19.0044593811035 21.6845607757568 23.7741565704346 23.1825065612793 23.6222801208496 22.4586639404297 22.8143348693848 20.5991878509521 20.3158149719238 24.3550033569336 25.0536785125732 22.9166927337646 24.2266960144043 25.4899311065674 26.6191425323486 25.6328754425049 25.4705848693848 20.1695976257324 22.2236976623535 25.7727375030518 24.7226066589355 25.1322746276855 25.0381889343262 -3.4e+38 -3.4e+38 -3.4e+38 -3.4e+38 -3.4e+38 -3.4e+38 -3.4e+38 -3.4e+38 -3.4e+38 -3.4e+38 -3.4e+38 -3.4e+38 -3.4e+38 -3.4e+38 -3.4e+38 -3.4e+38 -3.4e+38 -3.4e+38 -3.4e+38 -3.4e+38
19.6220455169678 20.3669338226318 20.7407646179199 20.2973918914795 24.2143955230713 23.8269557952881 23.8380336761475 22.7098789215088 23.5220966339111 22.48583984375 21.667179107666 21.9867572784424 23.0313587188721 26.677282333374 26.6909008026123 27.6508483886719 24.1638889312744 24.48805809021 24.5003643035889 25.0112228393555 26.8485679626465 24.6364860534668 25.3915462493896 24.9390468597412 24.302417755127 23.5938625335693 23.5261611938477 24.045934677124 -3.4e+38 -3.4e+38 -3.4e+38 -3.4e+38 -3.4e+38 -3.4e+38 -3.4e+38 -3.4e+38 -3.4e+38 -3.4e+38 -3.4e+38 -3.4e+38 -3.4e+38 -3.4e+38 -3.4e+38 -3.4e+38 -3.4e+38 -3.4e+38
18.6005229949951 21.0970649719238 26.2450981140137 20.7510528564453 19.7340965270996 21.5109214782715 23.2722454071045 22.3518848419189 22.665412902832 23.5384101867676 22.0007286071777 21.5865020751953 22.6268444061279 24.0433807373047 22.3935260772705 25.1618461608887 22.2324104309082 22.0354976654053 23.2639579772949 24.6237354278564 24.8898143768311 23.5756587982178 24.1158905029297 24.7265167236328 23.7078475952148 22.9468994140625 22.6699295043945 23.2974758148193 24.6155261993408 23.1349811553955 24.4020137786865 -3.4e+38 -3.4e+38 -3.4e+38 -3.4e+38 -3.4e+38 -3.4e+38 -3.4e+38 -3.4e+38 -3.4e+38 -3.4e+38 -3.4e+38 -3.4e+38 -3.4e+38 -3.4e+38 -3.4e+38
18.5773468017578 20.4882583618164 21.1579208374023 25.0798568725586 20.7131175994873 19.1301784515381 21.1813564300537 21.4300899505615 23.6937789916992 23.9793014526367 24.1946811676025 22.5401611328125 22.1565380096436 22.7868270874023 20.7268371582031 20.5947418212891 19.9042701721191 24.0839557647705 22.6035232543945 23.9744739532471 26.0261650085449 25.9510517120361 23.5062847137451 21.5670337677002 22.5505332946777 23.1492557525635 23.772029876709 24.9045219421387 24.5356674194336 23.3235492706299 22.7114105224609 25.1263656616211 -3.4e+38 -3.4e+38 -3.4e+38 -3.4e+38 -3.4e+38 -3.4e+38 -3.4e+38 -3.4e+38 -3.4e+38 -3.4e+38 -3.4e+38 -3.4e+38 -3.4e+38 -3.4e+38
19.8167686462402 20.4815044403076 20.9895572662354 21.7634906768799 23.3218307495117 20.3596305847168 20.0172080993652 21.6073513031006 23.1173439025879 23.4000663757324 23.3329639434814 23.0995693206787 22.0572204589844 22.1347484588623 20.6077308654785 20.2635173797607 19.8866291046143 24.7543144226074 24.5352935791016 22.7926235198975 23.8643970489502 25.6665153503418 26.4223785400391 25.4283771514893 25.3507461547852 23.0113105773926 23.5883312225342 26.0956840515137 24.0551567077637 23.3157444000244 26.2606582641602 26.7405586242676 -3.4e+38 -3.4e+38 -3.4e+38 -3.4e+38 -3.4e+38 -3.4e+38 -3.4e+38 -3.4e+38 -3.4e+38 -3.4e+38 -3.4e+38 -3.4e+38 -3.4e+38 -3.4e+38
18.8804340362549 20.8832035064697 20.7523517608643 20.7591152191162 22.2205123901367 25.0524482727051 22.2199058532715 23.010326385498 22.794095993042 23.0169563293457 23.8117599487305 23.3073558807373 22.8591289520264 23.3995685577393 22.8062496185303 22.8903350830078 23.9940242767334 24.2317676544189 25.4344005584717 25.2549991607666 22.8999633789062 25.964563369751 23.5916442871094 22.5014381408691 24.2504768371582 23.9527149200439 24.9380626678467 24.7984809875488 26.7450904846191 27.3129177093506 -3.4e+38 -3.4e+38 -3.4e+38 -3.4e+38 -3.4e+38 -3.4e+38 -3.4e+38 -3.4e+38 -3.4e+38 -3.4e+38 -3.4e+38 -3.4e+38 -3.4e+38 -3.4e+38 -3.4e+38 -3.4e+38
18.4123458862305 19.4077281951904 19.5087089538574 18.7209205627441 19.483850479126 20.4731941223145 27.0675010681152 23.7691383361816 23.4681396484375 23.1640853881836 23.369068145752 23.7908935546875 22.9355278015137 23.4112758636475 23.1250133514404 24.9823570251465 24.9285049438477 24.8429927825928 27.8901290893555 25.6700191497803 23.9145126342773 23.9610576629639 23.9828968048096 23.3980407714844 27.3887042999268 23.1715545654297 24.4867305755615 24.2457599639893 24.9941139221191 23.7645797729492 -3.4e+38 -3.4e+38 -3.4e+38 -3.4e+38 -3.4e+38 -3.4e+38 -3.4e+38 -3.4e+38 -3.4e+38 -3.4e+38 -3.4e+38 -3.4e+38 -3.4e+38 -3.4e+38 -3.4e+38 -3.4e+38
18.1548385620117 16.9609050750732 16.6615180969238 16.586389541626 18.7211494445801 19.4401798248291 20.8582286834717 21.164737701416 22.9495601654053 23.4550914764404 22.0416011810303 22.2986907958984 22.1767864227295 22.7138671875 23.0340728759766 23.0427017211914 23.2735576629639 24.9980602264404 27.3393211364746 27.0248012542725 24.7874069213867 25.0107536315918 24.893741607666 26.6469612121582 25.0040798187256 24.2133235931396 25.0443477630615 24.3168544769287 22.6948490142822 20.7970657348633 23.8318786621094 25.16721534729 -3.4e+38 -3.4e+38 -3.4e+38 -3.4e+38 -3.4e+38 -3.4e+38 -3.4e+38 -3.4e+38 -3.4e+38 -3.4e+38 -3.4e+38 -3.4e+38 -3.4e+38 -3.4e+38
18.1693286895752 17.2999496459961 16.8065032958984 16.4199047088623 16.9479465484619 17.474588394165 19.2014999389648 20.1509971618652 22.5175838470459 23.6502285003662 22.7899303436279 22.6318454742432 23.0936298370361 23.5333061218262 23.8518199920654 25.1049289703369 23.2749691009521 25.2427597045898 26.3244190216064 25.204568862915 25.1846828460693 27.5660991668701 25.2537899017334 24.7289581298828 26.1030464172363 24.3327007293701 23.3086223602295 23.0968532562256 22.1798782348633 23.4171142578125 25.3477764129639 25.0729598999023 23.9558563232422 -3.4e+38 -3.4e+38 -3.4e+38 -3.4e+38 20.2425861358643 26.447380065918 -3.4e+38 -3.4e+38 -3.4e+38 -3.4e+38 -3.4e+38 -3.4e+38 -3.4e+38
18.5918273925781 17.9356727600098 16.8701877593994 16.4945678710938 17.0852756500244 16.8414993286133 17.9881401062012 19.4654064178467 20.472110748291 21.4351024627686 19.9023704528809 23.1770782470703 22.3999176025391 23.1527442932129 24.4131927490234 23.3904552459717 24.1721744537354 27.6192741394043 24.1567802429199 25.9717712402344 25.1195259094238 27.0437259674072 25.7173671722412 24.9881286621094 24.9303607940674 25.0215034484863 24.8979511260986 23.5292854309082 23.0734043121338 25.8774375915527 25.8230648040771 24.9643363952637 24.3282604217529 -3.4e+38 -3.4e+38 -3.4e+38 -3.4e+38 21.3819351196289 25.2203540802002 26.6918315887451 26.3275489807129 26.2342433929443 -3.4e+38 -3.4e+38 -3.4e+38 -3.4e+38
18.5207004547119 17.3132553100586 16.8458194732666 16.888988494873 16.4808464050293 17.4973621368408 17.3548336029053 18.6018123626709 22.3468971252441 23.8364200592041 21.8847332000732 20.1582450866699 23.8000411987305 19.6374835968018 19.5135040283203 20.2990245819092 25.4415016174316 23.6455745697021 23.1979942321777 24.3727836608887 24.5416202545166 25.2997093200684 25.1081523895264 24.3890190124512 24.3382835388184 24.470006942749 25.5883293151855 24.5844802856445 23.7472496032715 23.7169857025146 24.4811592102051 20.9956359863281 27.2298965454102 -3.4e+38 -3.4e+38 24.5485210418701 26.2448596954346 25.4314403533936 24.2205047607422 25.332649230957 25.2593212127686 26.6721706390381 -3.4e+38 -3.4e+38 -3.4e+38 -3.4e+38
17.1319713592529 15.8811292648315 15.9768629074097 17.2338066101074 17.6908435821533 17.4315223693848 17.0065021514893 17.7964611053467 24.6303291320801 22.9247741699219 27.119478225708 19.950891494751 20.7942218780518 21.8264942169189 19.6889381408691 19.8896942138672 20.3726806640625 22.1451873779297 23.9069118499756 23.310697555542 26.1440010070801 23.4671821594238 24.163257598877 24.4849414825439 23.9305438995361 25.0238838195801 24.9648952484131 25.2823448181152 25.5917415618896 24.2521381378174 24.4811878204346 21.0585460662842 23.0949649810791 -3.4e+38 26.9915790557861 22.4365501403809 24.3912353515625 -3.4e+38 26.7176170349121 -3.4e+38 26.4656772613525 -3.4e+38 -3.4e+38 -3.4e+38 -3.4e+38 -3.4e+38
17.7715835571289 16.0535850524902 15.3630828857422 18.0422534942627 18.1202278137207 17.2618217468262 16.8818283081055 16.9566745758057 18.626672744751 20.7376670837402 21.0964088439941 24.9981288909912 26.6582775115967 21.9900169372559 21.528205871582 22.6885471343994 23.073392868042 23.3300228118896 22.859691619873 22.7734413146973 24.3225688934326 24.3588123321533 25.9027366638184 25.930980682373 24.2073135375977 23.975528717041 24.9182872772217 23.876615524292 24.1526775360107 23.9970397949219 21.6632137298584 22.9301815032959 26.8866653442383 23.9015464782715 22.9484939575195 25.6267433166504 25.2383880615234 -3.4e+38 -3.4e+38 -3.4e+38 -3.4e+38 -3.4e+38 -3.4e+38 26.3507442474365 -3.4e+38 -3.4e+38
18.5671424865723 18.328483581543 15.936092376709 17.59765625 16.2826290130615 16.5308475494385 17.5722274780273 17.6811943054199 19.2831993103027 21.8892345428467 20.9802093505859 21.1911087036133 23.700719833374 27.6018676757812 23.0421924591064 23.3122634887695 23.0752391815186 22.3333492279053 21.8160514831543 21.7230796813965 27.1144866943359 24.7168369293213 26.74462890625 24.9084701538086 25.0913047790527 23.5816478729248 24.0251445770264 22.9351654052734 23.5847129821777 23.6111927032471 21.9726715087891 22.2284164428711 25.2797145843506 25.4094543457031 24.9177360534668 25.2792320251465 24.8894519805908 26.5137329101562 25.0689678192139 22.0585250854492 24.4636421203613 24.1585464477539 25.2100944519043 24.3029232025146 -3.4e+38 -3.4e+38
19.122371673584 18.3398876190186 18.6663150787354 18.8311100006104 17.4520568847656 16.8914318084717 16.6724700927734 17.0320644378662 19.1469802856445 26.7092132568359 21.2669258117676 27.0993156433105 25.9003105163574 23.0483570098877 23.2367610931396 20.8541679382324 20.9374122619629 23.4397487640381 21.9811515808105 22.2474346160889 24.3478832244873 25.8460865020752 27.8285942077637 25.5367698669434 27.1525592803955 23.9533309936523 26.638973236084 25.0396461486816 24.219762802124 23.9017848968506 23.1202373504639 24.2439250946045 25.7988204956055 26.391637802124 26.5850524902344 23.8108997344971 23.5172882080078 24.9109325408936 26.001049041748 26.7601203918457 26.3395824432373 26.3852462768555 24.6454963684082 24.3838272094727 20.7587547302246 -3.4e+38
