inst/extdata/Tmax/Tmax55.asc
NCOLS 100 
NROWS 79 
XLLCORNER 148.06 
YLLCORNER -21.49 
CELLSIZE 0.01 
NODATA_value -3.4e+38 
[rows 0 to 19 of 79, columns 0 to 45 of 100]
32.437820434570298 32.0982208251953 31.1359519958496 31.502815246582 31.6496353149414 32.0849151611328 32.3174591064453 32.5309982299805 32.5194053649902 32.3653373718262 31.896635055542 31.7186450958252 31.6656360626221 30.4115333557129 30.9477825164795 31.4196605682373 31.869161605835 31.866813659668 31.0390625 30.372049331665 30.2506866455078 29.3128223419189 29.7892570495605 31.1692638397217 31.7456321716309 32.0472717285156 31.9528980255127 32.0373191833496 31.7310352325439 31.3636455535889 30.4565925598145 28.5145263671875 29.8920288085938 29.8318862915039 28.5905265808105 27.455696105957 27.3733825683594 27.0005226135254 27.8401298522949 29.8626651763916 31.5562877655029 31.886754989624 32.7288208007812 33.1279487609863 33.3445701599121 33.5130653381348
32.2625885009766 31.7401638031006 30.9746189117432 31.0708923339844 30.5025043487549 31.4261302947998 32.0166778564453 32.3888359069824 32.5616035461426 32.4667854309082 32.1343650817871 31.8413372039795 31.9954891204834 31.5820426940918 31.4397144317627 31.3509254455566 31.8284816741943 31.8927383422852 30.8669929504395 30.2708625793457 30.8567581176758 30.6277503967285 30.5411834716797 31.0421829223633 31.5757331848145 31.8054180145264 32.1513252258301 32.126636505127 31.9266738891602 31.7263927459717 30.845516204834 29.3849296569824 30.6731338500977 30.2569274902344 29.5653877258301 28.5638732910156 28.1323661804199 28.5585250854492 29.7494430541992 31.0043048858643 32.6810493469238 33.1761932373047 33.3464431762695 33.3740882873535 33.4616088867188 33.5345230102539
32.2566871643066 31.437837600708 31.5588321685791 31.6935482025146 31.2322540283203 31.355281829834 31.7809104919434 32.3892211914062 32.6187400817871 32.5041542053223 32.225658416748 32.1266670227051 32.0626754760742 32.0377235412598 31.7464694976807 31.6198806762695 31.8862266540527 32.083065032959 31.4969120025635 31.3253536224365 31.2001705169678 30.8904933929443 30.6759300231934 30.8388500213623 31.7870197296143 32.1133804321289 31.9740772247314 31.9838714599609 32.0149459838867 31.7066402435303 31.8007431030273 30.7639675140381 31.0617580413818 29.7518920898438 29.4552516937256 28.8000373840332 28.28342628479 27.7994213104248 28.9407939910889 30.2824974060059 31.8433418273926 33.007209777832 33.3968620300293 33.5001335144043 33.5074653625488 33.4850273132324
32.4836578369141 32.1284408569336 31.7840099334717 32.4346961975098 31.9008598327637 31.4651660919189 31.8687839508057 32.4685974121094 32.6844177246094 32.5687675476074 32.443286895752 32.4424819946289 32.3609161376953 32.2147827148438 31.7771949768066 31.625524520874 32.0557746887207 32.1407928466797 31.9325180053711 31.4574718475342 31.1417121887207 30.77490234375 30.8924026489258 30.8856086730957 31.5601234436035 32.0731163024902 31.7107334136963 32.0401039123535 31.8694534301758 30.9906024932861 31.6394901275635 31.7631683349609 30.969856262207 29.6345806121826 29.0478439331055 28.1354904174805 28.471622467041 27.9637355804443 27.8684234619141 27.3709106445312 29.0945816040039 32.1145133972168 33.1826515197754 33.4584999084473 33.2086563110352 33.1257438659668
33.0860900878906 32.5057487487793 32.2539024353027 32.6927680969238 32.4468765258789 31.7709083557129 31.8194484710693 32.5094184875488 32.6851501464844 32.3053321838379 32.343563079834 32.6110954284668 32.5061492919922 32.2312469482422 31.8652324676514 32.0684280395508 32.1982536315918 31.9451770782471 31.4739990234375 30.7091579437256 30.9414844512939 31.1670970916748 31.3421421051025 31.5910663604736 31.6322040557861 31.299690246582 32.1598129272461 31.7623920440674 31.650276184082 31.13991355896 31.5722560882568 31.4144897460938 31.1047611236572 30.0504322052002 29.518871307373 29.893217086792 29.5948047637939 29.0283222198486 28.4709720611572 27.7003898620605 27.350414276123 31.1447334289551 32.8531684875488 33.3516693115234 32.6197166442871 31.8515911102295
33.2587852478027 32.9994049072266 32.2533798217773 32.7209320068359 32.801700592041 32.3564300537109 32.0662269592285 32.5580291748047 32.7350769042969 32.4424667358398 32.3531112670898 32.6935081481934 32.5524063110352 32.2791137695312 31.5870513916016 32.1837844848633 32.132640838623 31.6695518493652 31.1035690307617 30.6816654205322 30.8237934112549 31.1471290588379 31.5274467468262 31.5605812072754 31.9241676330566 31.8379955291748 31.968900680542 31.1546592712402 31.1844635009766 30.0246963500977 30.8685874938965 31.446964263916 31.5884647369385 31.252815246582 30.8933506011963 30.8563098907471 29.9685478210449 29.4626407623291 29.1360626220703 28.2721729278564 27.7551383972168 30.6653175354004 32.722827911377 33.3017807006836 32.7896041870117 30.5135154724121
33.4757843017578 33.2004776000977 32.7962532043457 32.9846115112305 32.9341011047363 32.5304527282715 31.8433322906494 32.4516105651855 32.6591644287109 32.8213958740234 32.7896575927734 32.6568298339844 32.2127342224121 32.3734245300293 32.3743858337402 32.248706817627 32.0729827880859 31.4856090545654 31.2850208282471 30.9860782623291 30.3824253082275 30.6500339508057 31.2058448791504 31.6738433837891 32.1053428649902 32.0566520690918 32.1195945739746 31.545524597168 31.1755199432373 29.8773078918457 29.9181690216064 30.0908451080322 31.1963729858398 31.4219455718994 30.9407157897949 30.8522720336914 30.2569961547852 28.7527809143066 29.0523662567139 28.5984039306641 28.4541149139404 30.4569454193115 32.4855270385742 33.0439109802246 32.8340950012207 31.0049819946289
33.4813003540039 33.3812294006348 33.0768051147461 33.1129989624023 33.0726890563965 32.7865600585938 32.1611671447754 32.0295562744141 32.3730697631836 32.7521171569824 32.8953094482422 32.6067771911621 31.8827743530273 32.1687049865723 32.4641647338867 31.7238616943359 31.7088279724121 30.8945407867432 30.8467903137207 30.6218452453613 29.9164257049561 30.480770111084 31.0006694793701 31.66237449646 32.2343254089355 32.2849922180176 31.8565807342529 31.3873424530029 31.2199878692627 30.3967628479004 28.968994140625 29.3322505950928 29.7434844970703 30.4453754425049 30.9172840118408 30.2731342315674 30.3991222381592 29.4466609954834 28.3693542480469 28.7213382720947 28.992546081543 30.2911128997803 31.4848518371582 32.6650390625 32.6451263427734 30.6329917907715
33.2226295471191 33.4787063598633 33.307674407959 33.258358001709 33.1172065734863 32.8501472473145 32.4644317626953 31.9607563018799 32.1565361022949 32.7276573181152 32.9061012268066 32.887149810791 32.6852836608887 32.5497589111328 32.1735572814941 31.350492477417 31.6086158752441 31.3655395507812 31.5551586151123 30.558048248291 30.5944023132324 30.4687385559082 30.6174392700195 31.4162445068359 32.1211433410645 32.3663711547852 31.3579406738281 30.4061851501465 30.54026222229 30.4723739624023 29.8461666107178 29.2704925537109 28.8270034790039 29.3768882751465 30.4339084625244 29.7828235626221 29.5626449584961 29.5426731109619 28.5231380462646 28.2000694274902 28.4798183441162 28.6363201141357 29.6898899078369 31.5368423461914 32.1047286987305 30.7228851318359
32.9108123779297 33.3802337646484 33.4647636413574 33.3120422363281 33.0881118774414 32.9594688415527 32.750316619873 32.2482643127441 31.8933506011963 32.645336151123 32.911994934082 32.4810180664062 31.7021808624268 31.8098258972168 31.964204788208 31.9724254608154 32.0532188415527 31.921989440918 31.7214126586914 31.4043388366699 31.0720958709717 30.4016647338867 30.8121471405029 31.7955436706543 32.3477592468262 32.2670631408691 31.5029525756836 31.3598098754883 30.8189239501953 30.2751655578613 28.9177856445312 28.5342769622803 29.7638359069824 29.6415004730225 29.4442367553711 29.2166728973389 29.0155086517334 29.3787536621094 28.8046722412109 28.0096054077148 28.0803928375244 27.5044384002686 28.4868450164795 29.8344326019287 30.2317180633545 29.5522327423096
32.5590705871582 32.9186248779297 33.4885292053223 33.385986328125 33.2427139282227 33.1546783447266 32.954418182373 32.5484466552734 32.5359115600586 32.7993125915527 32.9633598327637 32.5565338134766 32.1946983337402 31.38401222229 31.6083374023438 31.9735507965088 32.160961151123 32.4245758056641 31.9454650878906 31.7551593780518 31.3341407775879 30.960018157959 31.0803527832031 31.7645244598389 32.3022842407227 32.2311706542969 31.4760189056396 30.6607513427734 29.5699310302734 29.602668762207 29.2341594696045 29.2148323059082 30.2137756347656 29.9604358673096 28.9876289367676 28.7376194000244 29.3104286193848 29.0234432220459 28.6316528320312 28.0526790618896 28.1486778259277 27.9025382995605 27.5557746887207 28.4011325836182 28.9253826141357 29.3161735534668
32.3831825256348 32.4701728820801 33.455623626709 33.4609489440918 33.371166229248 33.2376976013184 33.0601539611816 32.6943283081055 32.7427711486816 33.0725593566895 33.018798828125 32.815071105957 32.4146995544434 31.8777084350586 31.7883472442627 32.174732208252 32.5767517089844 32.6036262512207 32.341007232666 31.8469886779785 31.3030548095703 30.9686431884766 31.1910247802734 31.4018573760986 31.6905269622803 32.1184959411621 31.0367832183838 30.1732597351074 29.5260696411133 29.8294124603271 29.9408111572266 29.8905735015869 30.4007034301758 29.8337726593018 29.5860557556152 29.5211391448975 29.0825595855713 28.4598598480225 29.0827503204346 29.3783664703369 28.9225769042969 28.4600696563721 27.9128513336182 28.4475326538086 29.0803318023682 29.5713062286377
32.5673332214355 33.1374588012695 33.4502372741699 33.4119720458984 33.4305381774902 33.3293685913086 33.1870956420898 32.7753486633301 32.8775520324707 33.2285270690918 33.0138511657715 32.9499053955078 32.7170906066895 32.807186126709 32.7324142456055 32.7481269836426 32.8055572509766 32.7519226074219 32.5310935974121 31.9654636383057 31.6895198822021 31.9222431182861 32.2639617919922 32.5724983215332 32.440860748291 31.9893627166748 31.7985324859619 31.2791767120361 30.8968887329102 30.7231178283691 30.8336544036865 30.6423301696777 30.5689468383789 29.9492588043213 29.3487014770508 28.8773059844971 28.3193283081055 29.5974979400635 29.9611988067627 29.9359874725342 28.454044342041 28.414909362793 27.9099349975586 27.642126083374 29.1459045410156 29.8254146575928
33.0628089904785 33.3131637573242 33.3916664123535 33.3073883056641 33.3301048278809 33.3903121948242 33.3397064208984 33.2115364074707 32.9868698120117 33.1462554931641 33.1188354492188 33.0535354614258 32.9171562194824 32.8100967407227 32.7069053649902 32.6556205749512 32.8664703369141 32.804500579834 32.6783294677734 32.5865135192871 32.5066680908203 32.5092964172363 32.3120536804199 32.4865989685059 32.0138778686523 30.8851985931396 30.8660984039307 30.4360275268555 29.8450012207031 30.7612190246582 31.1172847747803 31.1183795928955 30.2982864379883 29.9888515472412 29.8889484405518 29.8604106903076 29.8812789916992 29.5638179779053 30.3105983734131 30.7422103881836 30.1834659576416 29.7094039916992 29.0216045379639 28.4435558319092 29.6805076599121 30.2914333343506
32.2203979492188 32.8698272705078 33.3573150634766 33.2868041992188 33.1556434631348 33.2719650268555 33.2390747070312 33.0587539672852 32.6006546020508 32.6596336364746 33.0355224609375 32.8359642028809 32.2616996765137 32.4543838500977 32.6651420593262 32.0638313293457 32.6008682250977 32.852466583252 32.8320503234863 32.8123092651367 32.78564453125 32.3645324707031 31.6677665710449 32.1572265625 31.9991931915283 31.7255229949951 31.6813526153564 31.3354244232178 30.9566020965576 31.2938747406006 31.2807388305664 31.0269966125488 30.5554084777832 30.8698997497559 30.864013671875 29.8345317840576 30.51318359375 29.5914573669434 29.9929943084717 30.9021167755127 30.9167022705078 30.6663341522217 29.8433609008789 28.9437141418457 29.6948852539062 30.6084403991699
31.2785682678223 32.3925857543945 33.2263679504395 33.3763236999512 33.3083610534668 33.2867431640625 33.1872863769531 33.0708465576172 32.8378944396973 32.2802429199219 31.8514709472656 32.6756706237793 31.7694072723389 31.4416637420654 32.4028396606445 32.0182609558105 32.0103645324707 32.5853958129883 32.6565246582031 32.6961555480957 32.745735168457 32.7627792358398 32.642463684082 32.41015625 31.9655437469482 31.5641498565674 31.6245002746582 31.5974349975586 31.56982421875 31.3979930877686 31.2415351867676 30.8251609802246 30.5499668121338 31.3149280548096 31.2128734588623 30.943962097168 31.0015964508057 30.3936252593994 30.0369453430176 30.8442935943604 31.1045875549316 30.4307422637939 29.0445804595947 27.8584995269775 28.3862400054932 30.366397857666
32.3606758117676 32.1961975097656 32.8445358276367 33.0579299926758 33.3125534057617 33.2850875854492 33.169246673584 33.023323059082 32.8608283996582 32.5503349304199 31.858325958252 32.3269157409668 31.2047710418701 30.9516315460205 31.7656555175781 31.6189708709717 30.9024314880371 32.1024589538574 32.1349411010742 32.1519393920898 32.4833221435547 32.7105941772461 32.6380958557129 32.1916275024414 31.2853317260742 30.6827144622803 30.2972278594971 30.709831237793 31.3663806915283 30.7614994049072 30.559061050415 29.769495010376 30.5939769744873 31.5789127349854 31.4087295532227 31.2287082672119 31.3282089233398 30.8828067779541 30.5088596343994 30.8687782287598 31.1355648040771 29.9228210449219 28.862398147583 29.2453632354736 29.6755142211914 30.3811931610107
32.5064086914062 32.8992958068848 32.9941368103027 33.0165863037109 33.1785850524902 33.2481422424316 33.1946334838867 33.1103096008301 32.9478340148926 32.4583435058594 32.0421752929688 31.6531372070312 31.2334537506104 30.8626880645752 31.4181365966797 31.2766246795654 31.3164310455322 31.1390686035156 30.8815383911133 30.8718338012695 32.1891098022461 32.5410194396973 32.5575714111328 32.477165222168 31.8531513214111 30.6226367950439 29.1565093994141 30.0829219818115 31.0033493041992 30.003791809082 30.454044342041 31.1416397094727 31.5076065063477 31.8525161743164 31.7935409545898 31.6096057891846 31.1232261657715 30.2434577941895 30.7868270874023 31.0818405151367 31.4797687530518 31.1352882385254 31.0109310150146 31.026611328125 31.0125389099121 30.4234771728516
32.7637977600098 32.762866973877 32.6132698059082 32.7307815551758 33.2264709472656 33.1203651428223 33.1517486572266 33.1423301696777 33.0500068664551 32.6781120300293 31.5072021484375 31.6137180328369 31.1695537567139 30.0193023681641 30.785327911377 30.5557880401611 30.3945121765137 29.6984214782715 30.5639114379883 30.956636428833 32.1707305908203 32.2459754943848 32.4378547668457 32.5930862426758 31.6863822937012 30.5615673065186 29.368293762207 30.2440757751465 30.9466552734375 30.4488887786865 31.0254688262939 31.5592937469482 32.0209617614746 32.0669059753418 31.6197738647461 31.3713493347168 31.018970489502 30.7633285522461 31.3841018676758 31.5193061828613 31.6037044525146 31.5583095550537 31.4650077819824 30.787036895752 29.8993244171143 29.8977451324463
32.9216690063477 32.9234733581543 32.9116973876953 32.7690658569336 33.2445831298828 33.2511787414551 33.2013092041016 33.1491050720215 33.0839614868164 32.9842910766602 32.6428985595703 31.8768768310547 31.0164642333984 29.811695098877 30.1460266113281 30.1158504486084 29.6833820343018 29.9871273040771 30.2508964538574 31.3166389465332 32.1780738830566 31.7691402435303 32.5757026672363 32.4462661743164 31.8371963500977 31.6134643554688 30.5038967132568 30.6617565155029 31.0769786834717 30.9274578094482 31.6284770965576 31.6410713195801 32.1644401550293 32.1262321472168 32.0012626647949 31.7713184356689 30.9014110565186 31.1263751983643 31.4534587860107 31.487943649292 31.5657768249512 31.4558925628662 31.4163646697998 30.8927917480469 30.8511791229248 30.7494449615479
