inst/extdata/Tmax/Tmax1.asc
NCOLS 100 
NROWS 79 
XLLCORNER 148.06 
YLLCORNER -21.49 
CELLSIZE 0.01 
NODATA_value -3.4e+38 
[rows 20 to 39 of 79, columns 0 to 45 of 100]
35.901466369628899 36.4126205444336 36.612434387207 36.3512153625488 36.5561943054199 37.4010276794434 36.945442199707 37.2423706054688 36.0889015197754 36.020076751709 37.1076011657715 36.7122573852539 35.6454849243164 33.863826751709 32.7214393615723 31.9520149230957 31.6151218414307 32.9537925720215 33.9302024841309 34.7523002624512 34.8780403137207 35.352165222168 35.4898147583008 35.8304901123047 35.7904815673828 35.562370300293 34.5360984802246 32.6836624145508 33.6340103149414 33.4488677978516 34.528148651123 34.8177299499512 34.8502540588379 34.9165000915527 34.658863067627 34.3845329284668 34.2264823913574 33.984432220459 33.1553001403809 33.4117317199707 33.2276573181152 32.4111137390137 33.1300430297852 32.9096183776855 31.437780380249 31.5549468994141
36.6578559875488 36.9514694213867 36.9705047607422 36.6033096313477 36.5470123291016 36.4710311889648 36.075309753418 36.8761024475098 37.1393127441406 37.4094009399414 37.1029205322266 37.1233673095703 36.6342735290527 34.1393203735352 32.6497459411621 32.4558448791504 32.585075378418 33.173282623291 33.6522178649902 34.6943397521973 35.3601036071777 35.957218170166 35.0317802429199 35.5208625793457 35.4889259338379 35.1858139038086 34.9104118347168 33.4877128601074 33.5829925537109 34.4567909240723 34.8724899291992 34.6377029418945 34.6286354064941 33.4935646057129 33.191722869873 33.411678314209 34.2946739196777 32.5551071166992 32.1818771362305 32.4380950927734 31.6952381134033 32.2593002319336 32.4771270751953 30.2595615386963 30.1589241027832 30.8234405517578
36.9332504272461 37.2005500793457 37.020679473877 36.3413619995117 37.5856475830078 36.6882705688477 36.9615898132324 36.656608581543 37.3708724975586 36.5695152282715 37.6788940429688 37.305492401123 37.1185874938965 36.2130126953125 35.4385757446289 33.7280960083008 32.1061820983887 32.653377532959 33.0338859558105 34.9817199707031 35.8440628051758 34.9931831359863 34.9833869934082 34.53271484375 34.1028289794922 34.8910102844238 34.7953186035156 34.4333610534668 34.3951988220215 34.4018516540527 34.0693092346191 33.6308403015137 33.1862144470215 32.7083740234375 32.0551986694336 32.8395957946777 32.9118614196777 31.8015613555908 31.8117771148682 31.8009757995605 30.4910202026367 30.3962554931641 30.9034805297852 31.5984840393066 26.132963180542 30.6361846923828
37.0752067565918 37.5317001342773 38.0494003295898 36.3466987609863 36.2857551574707 37.1511688232422 36.2305679321289 37.220947265625 37.4332847595215 36.542179107666 37.1168212890625 37.0120544433594 37.2338829040527 36.3207168579102 34.5016212463379 33.5967102050781 32.4631195068359 32.8022880554199 33.4386291503906 34.4122047424316 34.8865966796875 35.3815727233887 34.6341247558594 33.3735885620117 33.8546180725098 33.962230682373 33.9680252075195 34.7414283752441 35.0334663391113 34.7980690002441 34.4623603820801 33.5476722717285 32.9304046630859 33.0735702514648 33.5191879272461 33.2318534851074 31.0936126708984 30.73903465271 31.2174205780029 31.5352230072021 30.1524848937988 29.9270915985107 29.5018615722656 27.7917785644531 29.2541675567627 29.3890628814697
37.274528503418 37.1604766845703 36.9855194091797 37.7169151306152 37.8207206726074 37.5128021240234 36.2913017272949 37.3781051635742 35.9627456665039 36.206169128418 36.2580070495605 36.0200996398926 35.8625259399414 36.2152557373047 34.7273788452148 33.2747077941895 32.6028900146484 32.4967575073242 33.6092185974121 33.7836990356445 35.0602493286133 35.2485961914062 32.7118797302246 32.4815292358398 32.7186012268066 33.0770149230957 33.3341827392578 34.5322799682617 34.8707962036133 34.3211708068848 34.7174873352051 34.3080139160156 34.1991119384766 34.0117073059082 33.5126724243164 33.132381439209 32.506275177002 31.71559715271 30.5067176818848 29.9326457977295 28.7829933166504 27.8084831237793 28.4738216400146 30.3665504455566 25.3986301422119 25.1977214813232
37.7318000793457 37.4557304382324 37.9137725830078 37.266170501709 37.7914390563965 37.6573371887207 37.5237274169922 37.3063621520996 37.1555709838867 35.7919273376465 36.8459587097168 36.1587142944336 35.3733558654785 35.5158958435059 35.5522193908691 35.4150238037109 34.1750869750977 33.9548034667969 34.5879364013672 35.1917877197266 34.5145225524902 32.9248275756836 32.4272613525391 31.2732734680176 31.9754085540771 32.8246116638184 32.8550186157227 33.6325531005859 34.6444854736328 34.5231781005859 33.0080833435059 33.8950080871582 33.7154541015625 33.7356185913086 33.3344497680664 33.0443954467773 32.4421081542969 31.3483963012695 28.9996700286865 29.5389957427979 28.0584049224854 29.1537399291992 30.6758270263672 30.1076259613037 25.3834781646729 24.5876483917236
35.7773590087891 36.9933280944824 38.0448989868164 37.8168296813965 37.7058525085449 37.5524559020996 37.4366569519043 37.4577827453613 37.1900787353516 35.9490013122559 35.5213813781738 35.7267150878906 35.5604476928711 35.280647277832 35.3930587768555 34.4498291015625 33.6753234863281 33.8026924133301 34.6752700805664 34.5445289611816 34.2481994628906 34.5149307250977 33.3609046936035 32.0358657836914 31.4853000640869 32.2041320800781 33.473705291748 34.6321868896484 34.0576705932617 34.2525100708008 33.5751037597656 33.3760833740234 33.5712509155273 33.0786819458008 33.061595916748 32.3434677124023 31.0217247009277 31.2434539794922 26.6435832977295 24.9980239868164 27.6785106658936 25.2172203063965 30.029577255249 26.3160343170166 28.6744117736816 24.3392562866211
35.9543876647949 35.5768699645996 36.7235336303711 37.592601776123 37.5567207336426 37.4385070800781 37.6208419799805 37.753173828125 37.3678283691406 36.6514091491699 36.206356048584 35.5214805603027 35.3567581176758 35.7510185241699 34.2048606872559 34.409854888916 33.9710159301758 33.5256156921387 33.8549270629883 33.9316940307617 33.9811401367188 34.0614852905273 33.6236190795898 32.4440841674805 32.3216094970703 32.5645751953125 32.0587425231934 34.4773483276367 34.80859375 33.5307922363281 33.3580665588379 33.4219512939453 33.6829566955566 32.8836402893066 32.6034164428711 31.7951412200928 30.3195323944092 30.6452026367188 30.3821315765381 29.2037258148193 28.0268135070801 28.4752216339111 28.2899608612061 25.6026802062988 24.9911766052246 24.638786315918
34.7837867736816 35.2302169799805 35.8094139099121 36.7098731994629 37.749942779541 37.2427711486816 37.6694831848145 37.3241310119629 37.3479843139648 36.3919982910156 36.4950752258301 35.7114562988281 35.9959411621094 35.9809494018555 35.7050704956055 33.5844383239746 33.6136474609375 33.4059104919434 33.7677230834961 34.6922073364258 33.4972915649414 33.9897041320801 33.0297698974609 32.0453186035156 32.3093757629395 32.6394500732422 32.624340057373 33.3602638244629 34.0332946777344 33.9122085571289 34.0726661682129 33.136589050293 32.7260360717773 31.5988674163818 30.9508972167969 30.0122451782227 30.3006610870361 30.327880859375 30.461820602417 27.9803581237793 25.0859699249268 25.1444301605225 28.5160369873047 24.9044189453125 25.1151905059814 25.0107841491699
33.7418174743652 34.3905410766602 34.9863662719727 35.7234687805176 37.104850769043 37.125804901123 36.474983215332 37.6569023132324 37.4683952331543 37.1275253295898 36.0245780944824 36.4638862609863 35.8230400085449 35.5502014160156 36.1379928588867 35.9198913574219 35.5312919616699 33.7755928039551 34.0383682250977 34.022876739502 33.9715385437012 33.963939666748 33.5246467590332 32.5654754638672 32.3542747497559 32.3850135803223 31.9381694793701 33.3251304626465 34.1345405578613 33.5960540771484 34.3174667358398 32.8961868286133 31.855396270752 31.710823059082 31.1967468261719 30.8265609741211 30.7882747650146 30.191162109375 29.5510768890381 29.1599369049072 30.3147354125977 30.2993240356445 27.8445415496826 27.8435363769531 25.1757717132568 26.0428676605225
34.2573127746582 34.862419128418 34.9911842346191 35.7800064086914 36.0465774536133 35.8423194885254 36.0420150756836 37.0973625183105 37.066593170166 36.5931053161621 37.0838050842285 37.0066947937012 37.0548515319824 36.2568206787109 36.302848815918 36.3155899047852 35.1299057006836 34.600944519043 33.6696166992188 34.0420188903809 33.8683395385742 33.2995414733887 33.0976104736328 32.7092781066895 32.1495132446289 31.454288482666 31.8557662963867 33.5655860900879 33.8781509399414 34.030387878418 34.3098106384277 34.4892654418945 32.9153709411621 31.760763168335 31.0391902923584 31.844030380249 31.4319534301758 30.7448062896729 29.9140319824219 29.9306526184082 31.7527732849121 31.5923290252686 31.2289142608643 30.3737049102783 27.132438659668 26.4239044189453
35.2586479187012 35.1732215881348 36.0526733398438 36.8927612304688 37.3899688720703 36.106201171875 36.1849899291992 37.4598503112793 37.4275588989258 36.7702674865723 37.1958618164062 36.8470001220703 36.8071441650391 36.4381408691406 35.514102935791 35.869083404541 33.6420707702637 32.3462753295898 33.7303771972656 33.3784217834473 33.3616905212402 33.5288963317871 33.0012969970703 32.7523727416992 32.3411293029785 32.3371276855469 32.7036895751953 33.8762626647949 34.5199775695801 33.5666160583496 34.041187286377 34.0509414672852 34.3246650695801 33.479621887207 32.8183097839355 31.7308769226074 31.7519950866699 31.8189735412598 31.3916645050049 32.8977890014648 31.9290657043457 31.5538425445557 26.4992160797119 28.1356449127197 25.7264709472656 25.0443382263184
34.8158340454102 36.147819519043 36.0153350830078 36.1224365234375 37.3117561340332 36.5090599060059 37.1329536437988 36.7866859436035 37.3711280822754 36.3675727844238 37.3472061157227 36.8515243530273 36.8430366516113 36.2579765319824 35.8681259155273 35.3605575561523 35.3532638549805 33.6709671020508 32.5246238708496 32.8861045837402 32.9633331298828 33.4927673339844 32.8787612915039 32.9722480773926 32.6012992858887 32.4160652160645 34.1074867248535 34.1737480163574 34.0288429260254 35.4724311828613 34.16455078125 33.691780090332 34.8382263183594 34.6844902038574 33.9468688964844 33.3070449829102 32.8961906433105 32.8645133972168 32.4062461853027 32.592098236084 31.8346557617188 29.3465671539307 24.7185802459717 25.0373859405518 25.2225112915039 23.9572448730469
35.5592956542969 35.6846733093262 36.2905197143555 35.2625427246094 35.807544708252 34.750244140625 35.4611129760742 36.7999305725098 37.321216583252 37.1290130615234 37.4390754699707 36.6739234924316 36.5283508300781 36.5945739746094 35.9972190856934 35.7852058410645 36.1848220825195 35.7181854248047 35.0035667419434 34.5964088439941 33.4102249145508 33.157299041748 33.6820259094238 33.3333053588867 32.9555320739746 32.5557518005371 34.1059951782227 34.8227729797363 34.348518371582 34.5298156738281 34.3113098144531 33.2102432250977 32.8939094543457 32.8781204223633 33.2869682312012 33.4895858764648 33.5197410583496 33.9832801818848 33.5715637207031 33.6908874511719 31.994270324707 27.4567050933838 25.9525566101074 26.1932582855225 25.996452331543 25.0294494628906
36.0639572143555 36.4429130554199 36.2246131896973 34.4552116394043 35.1517677307129 36.1737976074219 35.3965644836426 36.8218269348145 37.2057113647461 36.8513679504395 37.3039703369141 37.0152587890625 37.3555183410645 36.8757438659668 36.4754486083984 36.3095512390137 36.0355453491211 35.7390899658203 35.3345222473145 34.3762969970703 32.9568519592285 34.0184288024902 34.4371452331543 33.2820510864258 32.8553276062012 32.7628555297852 32.6233329772949 33.9308624267578 33.7901420593262 32.8700180053711 33.8316307067871 32.7882308959961 32.3815383911133 32.4219932556152 32.1352043151855 32.3178291320801 32.9634628295898 32.4829521179199 33.1360969543457 32.8978042602539 31.2323703765869 30.9398193359375 28.1218013763428 27.4837875366211 26.7846336364746 26.6949005126953
35.7875137329102 37.1235809326172 36.2073669433594 35.3964653015137 33.875675201416 36.1628265380859 37.5606880187988 35.7054748535156 36.697208404541 37.2990264892578 37.1956443786621 37.046085357666 36.5492744445801 36.703125 36.3612861633301 36.5351409912109 35.6114692687988 35.1854095458984 35.1146240234375 34.5689239501953 33.5056991577148 34.1664619445801 33.3373031616211 31.9824886322021 32.3794975280762 31.9688968658447 33.3608665466309 32.5972366333008 32.4320182800293 29.8351058959961 31.7194309234619 32.2839965820312 32.592529296875 32.2626113891602 32.2868156433105 31.3803901672363 31.5681915283203 31.9457321166992 32.8964042663574 32.2220840454102 27.3715400695801 27.056619644165 26.805103302002 27.3279609680176 27.0592250823975 25.9033184051514
36.3851203918457 35.5352401733398 36.8619804382324 36.1558418273926 36.0352363586426 36.0481605529785 36.0707206726074 36.1619071960449 36.3245468139648 37.6434211730957 37.6488723754883 37.0910034179688 36.9747161865234 37.2375984191895 36.9922332763672 35.8679847717285 35.2525215148926 35.2054443359375 35.2027893066406 35.2021141052246 34.5351028442383 33.5668640136719 32.5104293823242 32.2754707336426 32.5632553100586 33.1912040710449 33.7645797729492 32.8857040405273 32.5509986877441 30.6189994812012 30.3907833099365 29.4186534881592 30.9230575561523 32.2854461669922 32.2367820739746 30.3789710998535 30.3375949859619 29.9603099822998 29.7366123199463 26.2297630310059 26.233081817627 25.4921913146973 26.0051918029785 26.8993816375732 26.9321765899658 25.3460235595703
35.7626609802246 35.2511901855469 36.553035736084 35.3662796020508 35.532958984375 35.558967590332 34.3531074523926 35.1347770690918 36.1707496643066 36.4905395507812 37.2283096313477 37.2609977722168 37.1438522338867 36.6449584960938 36.9839973449707 36.8747406005859 36.1929931640625 34.9088439941406 35.4269676208496 34.9722099304199 34.8045501708984 34.1097259521484 32.6785430908203 32.5154495239258 31.9800605773926 32.6250534057617 33.5601043701172 32.6718673706055 32.8632125854492 32.5571670532227 32.5428733825684 31.4592208862305 31.1252479553223 29.8710765838623 25.8646373748779 24.6896419525146 24.8283100128174 24.595157623291 24.5311794281006 24.7669353485107 24.9574966430664 25.0533199310303 25.3410415649414 26.1740322113037 26.508337020874 26.0420322418213
35.7425193786621 35.1234588623047 35.1630439758301 36.3757476806641 36.0649375915527 36.1980781555176 34.7707366943359 33.921558380127 34.8394813537598 35.7430381774902 37.0454559326172 37.4008140563965 37.3115234375 37.139720916748 36.0723724365234 35.6749687194824 35.6794891357422 35.2914848327637 35.7409896850586 35.6144905090332 35.5915832519531 34.3114585876465 33.6724166870117 33.2877922058105 32.4172210693359 33.2018661499023 32.9276695251465 33.0679779052734 31.4177703857422 32.3441772460938 31.5660667419434 31.3738975524902 31.6615409851074 30.9795703887939 29.5183372497559 24.323413848877 23.935962677002 23.8462429046631 23.6597938537598 24.2124290466309 24.843936920166 26.3524227142334 24.9049777984619 26.007755279541 25.485818862915 25.3613986968994
35.3503799438477 34.859748840332 36.1071014404297 36.0912437438965 36.3450622558594 35.4622650146484 35.1338348388672 34.4901123046875 35.3860855102539 34.7561912536621 35.6936492919922 37.1888122558594 36.9133911132812 36.7078094482422 36.0202522277832 36.3270988464355 34.6866645812988 34.9479179382324 35.337890625 35.1424331665039 35.2316474914551 34.5860900878906 34.6631126403809 34.0933227539062 32.9802360534668 32.9230880737305 32.5738220214844 32.4800109863281 32.963809967041 32.0060577392578 30.9583492279053 30.009256362915 31.9692325592041 32.1604309082031 32.1903533935547 29.7232475280762 26.831428527832 26.4097900390625 25.3909645080566 24.4282989501953 25.208122253418 25.1850261688232 25.2476444244385 25.6813049316406 25.584529876709 25.2468147277832
