inst/extdata/Tmax/Tmax90.asc
NCOLS 100 
NROWS 79 
XLLCORNER 148.06 
YLLCORNER -21.49 
CELLSIZE 0.01 
NODATA_value -3.4e+38 
[rows 40 to 59 of 79, columns 0 to 45 of 100]
33.396224975585902 33.0830078125 33.1156883239746 33.1558990478516 33.0176200866699 33.1526985168457 33.0972061157227 32.8653831481934 32.316291809082 32.8207054138184 33.5704917907715 33.9511947631836 33.9989814758301 34.0643768310547 34.1470260620117 33.900520324707 33.587516784668 33.1646385192871 32.4850234985352 33.0710411071777 33.063060760498 32.9341201782227 32.8635559082031 32.3957862854004 31.3434600830078 30.5907535552979 30.369140625 30.4717922210693 30.6114521026611 29.8763217926025 29.3411865234375 29.6910572052002 31.1025485992432 30.7910747528076 30.4952068328857 30.8823356628418 30.7787189483643 30.4078960418701 30.1570301055908 29.6907920837402 29.6586799621582 28.9448566436768 28.458869934082 28.4560813903809 28.2447891235352 28.1135730743408
33.5788955688477 33.1247596740723 32.9754447937012 33.1006965637207 32.984245300293 33.0833930969238 33.0921630859375 32.9704322814941 32.6813812255859 32.8285827636719 33.2298622131348 33.6451263427734 33.9214134216309 34.1244964599609 34.1815223693848 34.0080490112305 33.6568450927734 33.0540351867676 32.6614418029785 32.8361396789551 32.8663101196289 32.5897674560547 32.8043251037598 32.4782600402832 31.7010078430176 31.1218910217285 30.4110774993896 30.3114414215088 30.5606307983398 30.0582523345947 29.6550178527832 30.3039779663086 31.0971031188965 30.2284469604492 29.521764755249 30.2817649841309 30.3337230682373 30.5819263458252 30.5426921844482 30.2776165008545 30.1434364318848 29.4549903869629 28.2868843078613 28.1887626647949 28.2522468566895 28.2210636138916
33.4262313842773 33.3753356933594 33.1201629638672 32.9825630187988 33.0579261779785 33.0872039794922 33.0613594055176 33.0199966430664 32.983154296875 32.9305267333984 32.9924049377441 33.5569229125977 33.9399909973145 34.1154518127441 34.136360168457 34.0842819213867 33.8223114013672 33.4317283630371 33.1650505065918 33.1112022399902 33.0127487182617 32.2499542236328 32.1701774597168 32.4351348876953 32.4693946838379 31.955810546875 30.9502582550049 30.5605449676514 30.4731998443604 30.2160892486572 29.3747100830078 30.4229183197021 30.4904956817627 29.4188194274902 28.7441024780273 29.4980640411377 29.4939994812012 30.1162052154541 30.3115291595459 29.9677295684814 29.7377338409424 29.7851505279541 29.2786769866943 29.0996417999268 29.4497814178467 30.4601917266846
33.0219345092773 33.1434936523438 33.12060546875 33.1180572509766 33.1560211181641 33.1505546569824 33.1107902526855 33.0533485412598 33.1214828491211 33.0898246765137 33.1036834716797 33.5866546630859 33.8830833435059 34.0705490112305 34.0998573303223 34.1230087280273 34.0081443786621 33.7452011108398 33.4160957336426 33.4652442932129 33.2609100341797 32.9556503295898 32.1614379882812 31.7516632080078 32.5395126342773 32.2936477661133 31.8252410888672 31.2573070526123 30.8698482513428 30.6692295074463 29.7824592590332 29.7072277069092 30.4634647369385 29.8814525604248 29.3405876159668 28.9593811035156 29.0274314880371 29.2346057891846 29.4259700775146 29.2319660186768 28.8554821014404 29.4601669311523 29.0863189697266 29.8981227874756 31.9440422058105 32.653377532959
32.6857948303223 32.9140167236328 32.8831329345703 32.8868751525879 33.1065559387207 33.2433319091797 33.276668548584 33.214427947998 33.2890319824219 33.3466377258301 33.5486717224121 33.7100257873535 33.866153717041 33.9899787902832 34.0664901733398 34.1335334777832 34.1042556762695 33.9249534606934 33.7422065734863 33.6881866455078 33.5362014770508 33.365421295166 33.0115623474121 32.7632522583008 32.5572509765625 32.0196113586426 32.325122833252 32.1743469238281 31.7993793487549 31.0053901672363 30.3010520935059 30.2913475036621 30.6611480712891 30.8545036315918 30.5144424438477 29.3578357696533 28.2572956085205 28.2291107177734 28.3181915283203 28.5970077514648 28.4978733062744 28.9591960906982 28.5561561584473 29.25048828125 31.0761489868164 32.6842994689941
32.7120704650879 32.7972526550293 32.6093978881836 32.4840965270996 32.7262687683105 32.9875564575195 33.2611427307129 33.4047813415527 33.4872169494629 33.5993576049805 33.6846618652344 33.5942268371582 33.333984375 33.7787857055664 34.0524063110352 34.1136207580566 34.1217422485352 34.0351142883301 33.9299850463867 33.8557052612305 33.7499580383301 33.6217651367188 33.5576934814453 32.8385772705078 32.4312324523926 32.3436546325684 32.448902130127 32.2427101135254 32.0241165161133 31.4278812408447 29.9889183044434 30.2246322631836 30.5821933746338 30.6577262878418 30.7731952667236 29.7691974639893 28.6956558227539 28.4989776611328 28.5278015136719 28.8906860351562 28.4016342163086 28.7046756744385 29.0241279602051 29.2818222045898 30.0844058990479 31.4356098175049
32.5520401000977 32.5299758911133 32.5323905944824 32.4494018554688 32.3373947143555 32.407958984375 32.9923133850098 33.1431159973145 33.2900772094727 33.3152275085449 33.5762519836426 33.7001419067383 33.4097480773926 33.7170753479004 33.9888648986816 34.0852737426758 34.1031379699707 34.0173187255859 33.9715423583984 33.9253196716309 33.8378105163574 33.7549247741699 33.6360664367676 33.0759544372559 32.1120758056641 32.2426223754883 32.4551849365234 32.183650970459 32.1254539489746 31.9545764923096 31.0292587280273 30.6534729003906 30.2449359893799 30.5463256835938 30.7053565979004 30.1630058288574 29.1954326629639 29.4296627044678 28.9925556182861 29.5746879577637 29.1138896942139 29.2488784790039 29.3369255065918 29.4274730682373 29.4232883453369 29.2687225341797
33.0722007751465 32.3341331481934 32.2336273193359 32.1748657226562 32.1474914550781 32.2962417602539 32.6656913757324 32.6163864135742 32.9128379821777 32.9738235473633 33.0718765258789 33.150505065918 33.3731842041016 33.7089614868164 33.9359855651855 34.0784873962402 34.0743827819824 33.9258995056152 33.7146911621094 33.601375579834 33.7599792480469 33.540885925293 33.563159942627 33.4862976074219 32.9483642578125 32.8338890075684 32.859992980957 32.6168746948242 32.4199523925781 32.1602439880371 31.3615493774414 30.939037322998 30.1209697723389 30.5750503540039 30.6261787414551 30.3601016998291 29.8612995147705 30.1219673156738 29.8241596221924 30.0988178253174 29.8102416992188 29.6455497741699 29.5165786743164 29.3938064575195 29.112699508667 28.9204959869385
33.8754806518555 32.9544944763184 32.0675849914551 31.8979625701904 32.0524826049805 32.2719039916992 32.1962203979492 32.1984558105469 32.5961799621582 32.9466743469238 33.034797668457 33.0167503356934 33.2915344238281 33.65625 33.9441871643066 34.0269584655762 34.045051574707 33.9535636901855 33.7540321350098 33.4892807006836 33.5740394592285 33.5081481933594 33.4144973754883 33.5691566467285 33.4402084350586 33.3135414123535 32.9845771789551 32.7411499023438 32.6363563537598 32.293155670166 31.8353576660156 31.2956600189209 30.2977104187012 30.4765510559082 30.4433326721191 30.5133857727051 30.3992385864258 30.3683223724365 30.2368431091309 30.0266513824463 29.3165626525879 29.1831245422363 29.3371562957764 29.125804901123 29.0161323547363 28.7310466766357
34.1801910400391 33.6007347106934 32.6092948913574 31.9427185058594 31.9301109313965 31.9218292236328 31.9559173583984 32.3617362976074 32.6418304443359 32.5236511230469 33.2517051696777 33.5239410400391 33.6541137695312 33.7757949829102 33.8942260742188 33.9962005615234 34.0124092102051 33.9416389465332 33.8203964233398 33.6530952453613 33.5290679931641 33.443962097168 33.225040435791 33.2725296020508 33.4696044921875 33.4502944946289 33.1943092346191 32.5489273071289 31.9670314788818 32.278938293457 31.9272117614746 31.5664653778076 30.6317157745361 30.2885551452637 30.0471496582031 30.3963794708252 30.4854202270508 30.370662689209 30.3218021392822 29.9640464782715 29.3593406677246 29.0367984771729 29.1756019592285 28.8726558685303 28.8009967803955 28.7266845703125
34.1663436889648 33.9743843078613 33.4364547729492 32.7091484069824 32.0880928039551 31.7397766113281 31.9275760650635 32.3013038635254 32.3563995361328 32.7129287719727 33.3936309814453 33.6686058044434 33.8200645446777 33.9436149597168 33.9684295654297 33.9994354248047 33.8676414489746 33.8714637756348 33.8792610168457 33.7854423522949 33.6524696350098 33.4598960876465 33.2265129089355 33.1292343139648 33.2564544677734 33.3037643432617 33.357780456543 33.075065612793 32.7420234680176 32.5689086914062 31.9288673400879 31.7362041473389 30.7646465301514 30.2926750183105 29.660343170166 30.1268367767334 30.2734508514404 30.263578414917 30.3204936981201 30.1070690155029 29.6038627624512 29.4687557220459 29.3756008148193 29.1992988586426 28.9322853088379 28.7871379852295
34.1216888427734 34.094352722168 33.7886009216309 33.011058807373 32.3315849304199 32.005184173584 31.9573974609375 32.0585556030273 31.7759399414062 31.9592323303223 32.961311340332 33.43359375 33.646183013916 33.8897361755371 33.992561340332 33.9486885070801 33.860710144043 33.8490943908691 33.8078765869141 33.794017791748 33.6800079345703 33.5510673522949 33.4267196655273 33.183708190918 33.0450172424316 32.9717140197754 32.9329299926758 33.0574417114258 32.7923927307129 32.9289474487305 32.9534950256348 32.0256004333496 31.3321228027344 30.8128643035889 30.2427787780762 30.3914947509766 30.337532043457 30.1352100372314 30.2951068878174 30.1799755096436 29.6778163909912 29.5484638214111 29.442455291748 29.289909362793 28.8848514556885 28.7282276153564
33.9149894714355 34.0168190002441 33.842357635498 32.7099647521973 31.7855491638184 31.7574901580811 31.8794956207275 31.724760055542 31.4329490661621 31.5918273925781 32.8811721801758 33.4332847595215 33.6912155151367 33.9113960266113 33.9253921508789 33.8683776855469 33.8600044250488 33.7795524597168 33.7302551269531 33.7236175537109 33.7343635559082 33.6636390686035 33.4732437133789 33.2341232299805 32.9727058410645 32.7843055725098 32.7586860656738 32.6925506591797 32.6833801269531 32.5599517822266 32.7801361083984 32.6249656677246 31.9658336639404 31.2523727416992 30.7449493408203 31.129467010498 31.0633697509766 30.5135078430176 30.2858085632324 30.3607749938965 30.1710968017578 29.8774871826172 29.6026782989502 29.3982696533203 29.1186962127686 28.7999877929688
33.6648445129395 33.7569961547852 33.8808784484863 33.3800773620605 32.2187042236328 31.8236961364746 32.2342109680176 31.6587142944336 31.4813632965088 31.5806522369385 32.822940826416 33.5295333862305 33.7825813293457 33.8927459716797 33.8104286193848 33.6996955871582 33.6986808776855 33.7177658081055 33.6790580749512 33.5542182922363 33.6106872558594 33.6806182861328 33.5117378234863 33.3311576843262 33.1007423400879 32.9103507995605 32.5078811645508 32.2743682861328 31.8666000366211 32.2638931274414 32.0694198608398 32.6959075927734 32.7453651428223 32.3410758972168 31.7691059112549 31.8035640716553 31.3717079162598 30.9631958007812 30.6062622070312 31.0328483581543 30.5512275695801 30.2421684265137 30.0468311309814 29.8835277557373 29.6462554931641 29.5215587615967
33.5152893066406 33.4893569946289 33.6991271972656 33.718448638916 33.2081680297852 32.9358329772949 32.8703536987305 32.4633941650391 32.2299766540527 32.2454566955566 32.4680633544922 32.9327125549316 33.6868133544922 33.8418159484863 33.7015495300293 33.6014251708984 33.5969657897949 33.6445655822754 33.5993537902832 33.5233993530273 33.5478553771973 33.6607055664062 33.6023597717285 33.392635345459 33.2637596130371 33.0472793579102 32.6728439331055 32.4088172912598 31.9301166534424 32.1913719177246 31.4666309356689 31.9474792480469 32.210765838623 32.2328605651855 32.3692626953125 32.2254791259766 31.8696899414062 31.7009811401367 31.1843490600586 30.6133689880371 30.5260963439941 30.5820960998535 30.2940540313721 30.0669231414795 30.0559062957764 29.8858432769775
33.6143188476562 33.614917755127 33.6687698364258 33.7093086242676 33.5772857666016 32.8862915039062 32.895881652832 32.9716415405273 32.7245063781738 32.6781158447266 32.9679489135742 33.3791236877441 33.7493095397949 33.8301010131836 33.7164268493652 33.5072250366211 33.5752182006836 33.5599822998047 33.3342971801758 33.312141418457 33.4639854431152 33.5460433959961 33.6037330627441 33.490421295166 33.3510246276855 33.1755065917969 32.9525451660156 32.6434669494629 32.4502067565918 32.2672843933105 31.7828197479248 31.3661022186279 31.5160522460938 31.4716186523438 31.9741821289062 31.6324329376221 31.9292259216309 31.6557655334473 31.2455024719238 30.773983001709 30.5072631835938 30.2651290893555 29.7520523071289 29.27614402771 29.7404155731201 29.8984870910645
33.7368965148926 33.7175140380859 33.6798477172852 33.6672477722168 33.4981842041016 32.6032447814941 32.3666458129883 32.8607749938965 32.7365112304688 32.3775405883789 32.7085075378418 33.4595985412598 33.7602195739746 33.7943572998047 33.6966361999512 33.486270904541 33.4830474853516 33.2428970336914 32.9563102722168 33.1161804199219 33.4515533447266 33.4564590454102 33.5453186035156 33.5332145690918 33.3435096740723 33.2695045471191 33.0683288574219 32.7337303161621 32.6320304870605 32.3731727600098 31.9062194824219 31.1384601593018 30.7976398468018 30.955020904541 31.4675979614258 31.6216430664062 31.1936340332031 30.7987899780273 31.0169143676758 30.9351119995117 30.5474700927734 30.286003112793 29.7278022766113 29.0690784454346 29.4288997650146 29.7268695831299
33.7966651916504 33.7586326599121 33.7002983093262 33.6664695739746 33.6242599487305 33.2406578063965 32.7290306091309 32.4564514160156 32.4648284912109 32.2256774902344 32.7683181762695 33.4710083007812 33.7329330444336 33.7446212768555 33.6481857299805 33.442024230957 33.2630767822266 33.0277328491211 32.9005126953125 33.2030906677246 33.3455238342285 33.4145355224609 33.3727264404297 33.4831771850586 33.4142684936523 33.3111190795898 33.1246643066406 32.8106002807617 32.6723785400391 32.4476089477539 31.9795684814453 31.7435359954834 31.227689743042 31.012357711792 30.9475574493408 31.1115875244141 31.4029102325439 31.2297325134277 30.8208599090576 30.5899085998535 30.358907699585 30.1388263702393 29.8527812957764 29.5960235595703 29.079984664917 29.3131732940674
33.8268165588379 33.7717323303223 33.7118377685547 33.7003135681152 33.6196746826172 33.3825340270996 33.061824798584 32.4129676818848 32.2928924560547 32.5040054321289 33.0260200500488 33.4946937561035 33.6695137023926 33.6616973876953 33.5160369873047 33.330867767334 33.0067329406738 32.9093399047852 33.0336952209473 33.0673217773438 33.2302513122559 33.1631469726562 32.9619674682617 33.2427215576172 33.4403228759766 33.3037528991699 33.0671005249023 32.8874778747559 32.7352905273438 32.6134185791016 32.3936462402344 32.1397438049316 31.7888202667236 31.7236728668213 31.3542022705078 30.9702072143555 31.0764865875244 31.1563758850098 30.8939723968506 30.7207813262939 30.5599689483643 30.2993431091309 29.6797256469727 29.3706016540527 29.4727439880371 29.487325668335
33.8350486755371 33.8487586975098 33.7816619873047 33.7426452636719 33.6186485290527 33.4976921081543 33.3768768310547 32.9758987426758 32.4558906555176 32.5647354125977 32.7488555908203 33.0827102661133 33.4031448364258 33.4564666748047 33.3904838562012 33.2356376647949 33.013069152832 32.8619155883789 32.739128112793 32.7888488769531 33.0514488220215 33.0561027526855 32.7866363525391 33.2291297912598 33.4613647460938 33.336971282959 33.1638832092285 32.9828872680664 32.8951568603516 32.7655639648438 32.6287040710449 32.3793029785156 32.0154113769531 32.2430000305176 32.0922317504883 31.6688804626465 31.1578311920166 31.0289630889893 31.1603164672852 31.6176624298096 30.7763195037842 30.4771518707275 30.0144176483154 29.4262676239014 29.3692359924316 29.2713069915771
