inst/extdata/Tmax/Tmax83.asc
NCOLS 100 
NROWS 79 
XLLCORNER 148.06 
YLLCORNER -21.49 
CELLSIZE 0.01 
NODATA_value -3.4e+38 
[rows 0 to 19 of 79, columns 0 to 45 of 100]
38.824016571044901 38.5132942199707 37.63671875 37.9592742919922 38.0809555053711 38.4574432373047 38.631462097168 38.7734832763672 38.7261772155762 38.5596351623535 38.1251487731934 37.9364967346191 37.8544654846191 36.7283592224121 37.1623268127441 37.5342330932617 37.8808403015137 37.8423500061035 37.0996704101562 36.4882316589355 36.3485336303711 35.5003662109375 35.8810386657715 37.0315856933594 37.4816589355469 37.6964874267578 37.5805244445801 37.6137542724609 37.3213958740234 36.9769439697266 36.1758041381836 34.486759185791 35.6272048950195 35.5413589477539 34.453857421875 33.4568710327148 33.356502532959 33.0096321105957 33.6888122558594 35.3562774658203 36.7265815734863 36.9601173400879 37.6093597412109 37.8931922912598 38.0279922485352 38.1231956481934
38.6780891418457 38.2015342712402 37.498592376709 37.576602935791 37.0490875244141 37.8780250549316 38.3951072692871 38.679931640625 38.7869567871094 38.6702575683594 38.3532218933105 38.0674171447754 38.1617012023926 37.7721176147461 37.6135292053223 37.5009880065918 37.8720092773438 37.8897743225098 36.9771385192871 36.4261474609375 36.8971786499023 36.6653099060059 36.5556182861328 36.9486770629883 37.363941192627 37.5195922851562 37.770263671875 37.7126045227051 37.5090789794922 37.3049468994141 36.5292587280273 35.2549362182617 36.3120002746582 35.9251823425293 35.3054695129395 34.4226875305176 34.0244789123535 34.3525047302246 35.3211517333984 36.3320007324219 37.6723518371582 38.0345802307129 38.1327819824219 38.1155891418457 38.1462478637695 38.1649436950684
38.6879005432129 37.9437446594238 38.0438842773438 38.1548080444336 37.7285079956055 37.8295135498047 38.2014007568359 38.7133140563965 38.8675804138184 38.7346038818359 38.4634704589844 38.3430671691895 38.2517356872559 38.1934356689453 37.9091606140137 37.7644424438477 37.9538993835449 38.0829544067383 37.550178527832 37.3673858642578 37.2241973876953 36.9237327575684 36.7040977478027 36.8078956604004 37.574031829834 37.808952331543 37.6555442810059 37.6266136169434 37.614875793457 37.320873260498 37.3617897033691 36.4569435119629 36.6707611083984 35.5302200317383 35.2442588806152 34.654956817627 34.1844139099121 33.7420768737793 34.6733703613281 35.7634620666504 37.019344329834 37.9302749633789 38.2056999206543 38.2492904663086 38.2157821655273 38.1582374572754
38.8948822021484 38.5712242126465 38.2542533874512 38.818920135498 38.3374061584473 37.9367218017578 38.2876586914062 38.8021621704102 38.9471130371094 38.8135566711426 38.6713981628418 38.6335639953613 38.5278587341309 38.3679161071777 37.9606781005859 37.7946319580078 38.1220970153809 38.1564903259277 37.9442176818848 37.5051498413086 37.1994514465332 36.8498039245605 36.9146461486816 36.872859954834 37.408275604248 37.8002014160156 37.4603996276855 37.6979064941406 37.5184707641602 36.7449150085449 37.2520217895508 37.3178939819336 36.6180877685547 35.4552421569824 34.9231300354004 34.1150054931641 34.3681259155273 33.9053916931152 33.7926445007324 33.3406524658203 34.7584915161133 37.2276878356934 38.0575485229492 38.2403297424316 38.000186920166 37.8940505981445
39.4191436767578 38.9102554321289 38.6792411804199 39.0496520996094 38.825569152832 38.2185134887695 38.2515487670898 38.8451766967773 38.9725685119629 38.6182289123535 38.6129341125488 38.7986221313477 38.6738891601562 38.4067573547363 38.0606346130371 38.1951293945312 38.2666244506836 38.0171508789062 37.5810012817383 36.889087677002 37.0531349182129 37.2103652954102 37.3226509094238 37.4961547851562 37.4936752319336 37.1764984130859 37.8591041564941 37.4912528991699 37.360237121582 36.8952026367188 37.2203521728516 37.0517616271973 36.7555694580078 35.8317527770996 35.3469429016113 35.6283073425293 35.3420524597168 34.8297271728516 34.3257675170898 33.6428985595703 33.3161468505859 36.454475402832 37.8155059814453 38.1789779663086 37.54833984375 36.8836898803711
39.5707130432129 39.3412628173828 38.6859092712402 39.0810508728027 39.1383399963379 38.7426834106445 38.4775238037109 38.8945732116699 39.0341262817383 38.7579879760742 38.6457633972168 38.8914604187012 38.7370948791504 38.4717483520508 37.8488082885742 38.3168830871582 38.2365112304688 37.8090591430664 37.2893867492676 36.8905372619629 36.9771842956543 37.2182769775391 37.5043029785156 37.4952125549316 37.7628860473633 37.6534233093262 37.7249794006348 37.0056610107422 36.9939613342285 35.9749755859375 36.6545219421387 37.1032257080078 37.1837501525879 36.8666725158691 36.5292205810547 36.461483001709 35.6811828613281 35.2202262878418 34.9107551574707 34.1493682861328 33.6812858581543 36.0820999145508 37.734188079834 38.1633453369141 37.7107887268066 35.8097381591797
39.756908416748 39.5171012878418 39.1640701293945 39.312442779541 39.2578544616699 38.9007949829102 38.2874450683594 38.8099517822266 38.9766845703125 39.0962371826172 39.0325012207031 38.8857803344727 38.4782791137695 38.5752334594727 38.5384330749512 38.3959159851074 38.211181640625 37.6774940490723 37.4697227478027 37.1774559020996 36.6219367980957 36.8176536560059 37.2565040588379 37.615119934082 37.9382934570312 37.860107421875 37.8745574951172 37.3587760925293 37.010871887207 35.8738861083984 35.873722076416 35.9856758117676 36.8809432983398 37.0319786071777 36.5931625366211 36.4824333190918 35.9478492736816 34.645694732666 34.8646469116211 34.448543548584 34.2938117980957 35.9336547851562 37.5657043457031 37.9799118041992 37.7714729309082 36.2394332885742
39.7761535644531 39.6817588806152 39.4163932800293 39.4349632263184 39.3891868591309 39.1350555419922 38.5822563171387 38.4553108215332 38.7445220947266 39.0585594177246 39.1513366699219 38.8766822814941 38.2318382263184 38.436149597168 38.6454086303711 37.9858169555664 37.9360656738281 37.2030639648438 37.1260566711426 36.8964080810547 36.2506256103516 36.7043914794922 37.1140899658203 37.6376876831055 38.0775566101074 38.0815849304199 37.6879539489746 37.258129119873 37.080394744873 36.3480834960938 35.095142364502 35.3723602294922 35.6877746582031 36.2458801269531 36.6056251525879 36.0289535522461 36.0991363525391 35.2632064819336 34.3205146789551 34.5840873718262 34.7782173156738 35.828125 36.779052734375 37.7056884765625 37.650260925293 35.9638252258301
39.568042755127 39.7686805725098 39.6158866882324 39.5629997253418 39.4332008361816 39.1958160400391 38.853458404541 38.4012832641602 38.5623626708984 39.0445938110352 39.1837997436523 39.1315536499023 38.928108215332 38.7784461975098 38.4272918701172 37.6918563842773 37.8755531311035 37.6321449279785 37.7567901611328 36.8662528991699 36.8620376586914 36.7188339233398 36.810977935791 37.454662322998 38.007869720459 38.1730422973633 37.2943954467773 36.4521064758301 36.5302467346191 36.436637878418 35.8689270019531 35.3441009521484 34.9318656921387 35.3661842346191 36.2244567871094 35.6403465270996 35.4200630187988 35.3684158325195 34.4746551513672 34.1690559387207 34.3717613220215 34.4699211120605 35.3166427612305 36.8071060180664 37.232593536377 36.0604782104492
39.3102874755859 39.6938018798828 39.7521209716797 39.6140327453613 39.4151496887207 39.2949142456055 39.1058807373047 38.6603698730469 38.3372077941895 38.9808120727539 39.195484161377 38.8165245056152 38.1238746643066 38.1819534301758 38.2755355834961 38.2451591491699 38.2757301330566 38.1284561157227 37.9220314025879 37.6162719726562 37.2964897155762 36.685791015625 37.0023002624512 37.7981452941895 38.219841003418 38.1151390075684 37.4405670166016 37.2836074829102 36.7907218933105 36.2936058044434 35.100227355957 34.7391166687012 35.7538032531738 35.6151008605957 35.4131965637207 35.1860427856445 34.9821853637695 35.2546234130859 34.7364921569824 34.032543182373 34.0598411560059 33.542121887207 34.3344039916992 35.4232559204102 35.7156524658203 35.1162261962891
39.012622833252 39.3115348815918 39.7779235839844 39.6815299987793 39.5507545471191 39.4653778076172 39.2855339050293 38.9271430969238 38.9048042297363 39.1185340881348 39.2452545166016 38.8878173828125 38.5630874633789 37.8364067077637 37.9980354309082 38.270378112793 38.3902473449707 38.5724601745605 38.1350784301758 37.9375686645508 37.5442161560059 37.1893882751465 37.255500793457 37.7963485717773 38.2063293457031 38.1095542907715 37.4421768188477 36.7173652648926 35.751392364502 35.7448310852051 35.3954544067383 35.3454055786133 36.159236907959 35.9094734191895 35.0501174926758 34.8041763305664 35.255744934082 34.9791526794434 34.6147308349609 34.0926551818848 34.1403884887695 33.900089263916 33.5763206481934 34.2515068054199 34.6542778015137 34.9435005187988
38.8644981384277 38.9301414489746 39.7568473815918 39.7494506835938 39.6634864807129 39.5407829284668 39.3807487487793 39.058479309082 39.088249206543 39.3553314208984 39.298095703125 39.1145668029785 38.7600440979004 38.280143737793 38.1753082275391 38.4633903503418 38.7597389221191 38.7444229125977 38.4893951416016 38.0390663146973 37.5421180725098 37.22119140625 37.3739051818848 37.5154647827148 37.7210121154785 38.0402297973633 37.0962333679199 36.3267288208008 35.7382431030273 35.962833404541 36.0225677490234 35.945125579834 36.3413543701172 35.8265495300293 35.5818519592285 35.492115020752 35.0873718261719 34.5266876220703 35.0184135437012 35.2318420410156 34.8142051696777 34.3915786743164 33.899169921875 34.3133659362793 34.8063316345215 35.1780433654785
39.0378074645996 39.5156898498535 39.7660102844238 39.7226715087891 39.7263107299805 39.6306800842285 39.5007476806641 39.1409950256348 39.2163391113281 39.4993324279785 39.3076820373535 39.2422065734863 39.032829284668 39.0943832397461 38.9952583312988 38.9703559875488 38.9795875549316 38.8981094360352 38.6785202026367 38.1702995300293 37.9010009765625 38.0594291687012 38.3063049316406 38.5229721069336 38.3765869140625 37.9647598266602 37.7680397033691 37.296012878418 36.9370002746582 36.7536544799805 36.810432434082 36.6132164001465 36.5150451660156 35.9561233520508 35.4126319885254 34.978687286377 34.4719619750977 35.5178413391113 35.787239074707 35.7298126220703 34.4513130187988 34.3845367431641 33.9275741577148 33.6700210571289 34.8917655944824 35.4193878173828
39.4686889648438 39.6684646606445 39.722972869873 39.6413230895996 39.6486778259277 39.686939239502 39.6335678100586 39.5149993896484 39.3145370483398 39.4365501403809 39.401554107666 39.3352203369141 39.2083511352539 39.1056594848633 38.9980430603027 38.9180946350098 39.0531959533691 38.9649505615234 38.8235473632812 38.7101058959961 38.6063461303711 38.5709457397461 38.3700523376465 38.4761772155762 38.0468292236328 37.0604286193848 37.0077209472656 36.6068000793457 36.0673484802246 36.8099708557129 37.0729713439941 37.0373229980469 36.3108673095703 36.0137100219727 35.8934440612793 35.833438873291 35.8155097961426 35.512622833252 36.1024856567383 36.4248237609863 35.9227828979492 35.4911346435547 34.8817672729492 34.3640823364258 35.3588829040527 35.8273887634277
38.7441444396973 39.2983093261719 39.6996307373047 39.6294136047363 39.5080451965332 39.5939903259277 39.5552673339844 39.3923072814941 38.9906578063965 39.0298004150391 39.3372955322266 39.1572380065918 38.6521682739258 38.8071784973145 38.9759292602539 38.4448547363281 38.8589210510254 39.027904510498 38.973258972168 38.9190864562988 38.8592720031738 38.4752082824707 37.8565368652344 38.2276382446289 38.0584907531738 37.7925224304199 37.7180633544922 37.3913345336914 37.0355567932129 37.2821159362793 37.2338790893555 36.9846878051758 36.5514526367188 36.7784538269043 36.7361526489258 35.8347702026367 36.3686637878418 35.5589790344238 35.8599243164062 36.5804023742676 36.5546455383301 36.309627532959 35.589900970459 34.8048820495605 35.3939437866211 36.111701965332
37.9097023010254 38.889965057373 39.5950927734375 39.7091979980469 39.6411247253418 39.6115531921387 39.5172080993652 39.4077568054199 39.1988792419434 38.7072067260742 38.3203926086426 39.0260696411133 38.226448059082 37.9251747131348 38.7563400268555 38.410572052002 38.3915786743164 38.8324241638184 38.8530616760254 38.8476638793945 38.8502807617188 38.8265533447266 38.6898803710938 38.4607009887695 38.0543098449707 37.6813011169434 37.6944007873535 37.6347427368164 37.574161529541 37.3931617736816 37.2248077392578 36.8384704589844 36.5699310302734 37.1730804443359 37.050178527832 36.7883491516113 36.7991218566895 36.254695892334 35.919734954834 36.5552787780762 36.7328796386719 36.1372413635254 34.9472198486328 33.9208145141602 34.3285140991211 35.9354972839355
38.8768043518066 38.7224655151367 39.2758407592773 39.4466857910156 39.6495742797852 39.6151924133301 39.5071144104004 39.3726692199707 39.2234001159668 38.9461250305176 38.3316535949707 38.730770111084 37.7308235168457 37.4938468933105 38.2059135437012 38.0651969909668 37.4169921875 38.4553642272949 38.4449043273926 38.4214401245117 38.6582565307617 38.8074607849121 38.7099342346191 38.3036804199219 37.5079116821289 36.9607276916504 36.596363067627 36.9115028381348 37.4277725219727 36.8817367553711 36.6739349365234 35.9693641662598 36.6300735473633 37.415340423584 37.2358856201172 37.0482902526855 37.0932083129883 36.6854705810547 36.3367462158203 36.598461151123 36.7813262939453 35.7381286621094 34.818172454834 35.1026229858398 35.4242858886719 35.9708976745605
39.0158004760742 39.344783782959 39.4155540466309 39.4237670898438 39.5496711730957 39.5968170166016 39.5409774780273 39.458568572998 39.3097190856934 38.8789863586426 38.5054168701172 38.1524810791016 37.7689170837402 37.4269676208496 37.9112014770508 37.7744026184082 37.7984924316406 37.6302375793457 37.3894348144531 37.3693923950195 38.4460983276367 38.6997032165527 38.6753234863281 38.5711135864258 38.0158805847168 36.941234588623 35.6497001647949 36.4097862243652 37.1536102294922 36.2705154418945 36.6160774230957 37.157657623291 37.4249992370605 37.6724395751953 37.5851707458496 37.3946762084961 36.953800201416 36.1829490661621 36.5988273620605 36.8056716918945 37.0958480834961 36.7737808227539 36.6336898803711 36.6086463928223 36.5590896606445 36.0368843078613
39.2430763244629 39.2319412231445 39.0929489135742 39.183780670166 39.5945243835449 39.4939384460449 39.509593963623 39.4902458190918 39.4009094238281 39.0729331970215 38.0383415222168 38.1226425170898 37.7172775268555 36.6758804321289 37.352611541748 37.1363296508789 36.9810180664062 36.3465270996094 37.1114311218262 37.45068359375 38.454402923584 38.4795417785645 38.600269317627 38.6899528503418 37.9001808166504 36.9130630493164 35.8557968139648 36.5705223083496 37.1289253234863 36.6715507507324 37.1204223632812 37.5289421081543 37.8727912902832 37.871955871582 37.4642372131348 37.2201347351074 36.8899917602539 36.6396942138672 37.1164665222168 37.1896057128906 37.2205390930176 37.1447105407715 37.0300216674805 36.4343376159668 35.6639938354492 35.6263618469238
39.3827743530273 39.3739166259766 39.3538246154785 39.2209548950195 39.6141624450684 39.6084938049316 39.5558090209961 39.5004920959473 39.4341430664062 39.3383865356445 39.0359115600586 38.3595275878906 37.5859336853027 36.4954109191895 36.7852821350098 36.7476921081543 36.3491821289062 36.6116600036621 36.8371391296387 37.7757148742676 38.4840507507324 38.1056060791016 38.7372283935547 38.5926132202148 38.0493240356445 37.8244132995605 36.850772857666 36.9485130310059 37.2616882324219 37.0985145568848 37.6470069885254 37.6196670532227 38.0136032104492 37.9433898925781 37.8018226623535 37.5737228393555 36.8151054382324 36.9641532897949 37.1965293884277 37.1865653991699 37.2121849060059 37.0834083557129 37.0129814147949 36.5444946289062 36.4725723266602 36.3513488769531
