inst/extdata/Tmax/Tmax44.asc
NCOLS 100 
NROWS 79 
XLLCORNER 148.06 
YLLCORNER -21.49 
CELLSIZE 0.01 
NODATA_value -3.4e+38 
[rows 0 to 19 of 79, columns 46 to 91 of 100]
25.5118083953857 24.2046604156494 24.3902053833008 24.6344947814941 25.2014141082764 25.1485710144043 25.3903350830078 25.4138126373291 24.4141826629639 22.4260292053223 24.1394939422607 23.5183029174805 24.3033027648926 24.9873580932617 25.1481304168701 25.3507251739502 25.5651721954346 26.009334564209 24.6088161468506 25.2037372589111 25.4284629821777 -3.4e+38 -3.4e+38 -3.4e+38 -3.4e+38 -3.4e+38 -3.4e+38 -3.4e+38 -3.4e+38 -3.4e+38 -3.4e+38 -3.4e+38 -3.4e+38 -3.4e+38 -3.4e+38 -3.4e+38 -3.4e+38 -3.4e+38 -3.4e+38 -3.4e+38 -3.4e+38 -3.4e+38 -3.4e+38 -3.4e+38 -3.4e+38 -3.4e+38
25.8600025177002 25.3415679931641 23.9913349151611 24.2965545654297 24.4902420043945 24.4799308776855 24.8578357696533 25.2629051208496 23.9607696533203 22.9368000030518 25.0145225524902 24.6532459259033 26.5052318572998 26.1660709381104 25.0127792358398 24.0317478179932 25.2035961151123 27.0861568450928 26.0304355621338 24.83180809021 25.5627269744873 27.6580066680908 -3.4e+38 -3.4e+38 -3.4e+38 -3.4e+38 -3.4e+38 -3.4e+38 -3.4e+38 -3.4e+38 -3.4e+38 -3.4e+38 -3.4e+38 -3.4e+38 -3.4e+38 -3.4e+38 -3.4e+38 -3.4e+38 -3.4e+38 -3.4e+38 -3.4e+38 -3.4e+38 -3.4e+38 -3.4e+38 -3.4e+38 -3.4e+38
27.6279449462891 24.534481048584 22.4362945556641 22.9526596069336 22.8177375793457 24.3843460083008 23.5825710296631 23.5210781097412 22.6839256286621 22.4337596893311 24.3062210083008 25.7859344482422 27.1870403289795 26.6891651153564 24.1812286376953 23.4790115356445 25.0609951019287 24.7290496826172 24.6322975158691 24.8818264007568 24.5798149108887 24.8484706878662 24.7276096343994 25.263916015625 -3.4e+38 -3.4e+38 -3.4e+38 -3.4e+38 -3.4e+38 -3.4e+38 -3.4e+38 -3.4e+38 -3.4e+38 -3.4e+38 -3.4e+38 -3.4e+38 -3.4e+38 -3.4e+38 -3.4e+38 -3.4e+38 -3.4e+38 -3.4e+38 -3.4e+38 -3.4e+38 -3.4e+38 -3.4e+38
23.6784954071045 23.2059078216553 20.2630729675293 21.3269195556641 22.9815464019775 22.8222179412842 23.3049068450928 23.4869613647461 23.1942958831787 22.7789211273193 24.0845546722412 23.7163696289062 26.5133647918701 27.110237121582 24.5772705078125 24.0212440490723 25.8904094696045 26.5820598602295 26.0325031280518 25.3161163330078 23.9228763580322 24.8976211547852 24.6620216369629 25.5350322723389 26.0606937408447 26.0615425109863 -3.4e+38 -3.4e+38 -3.4e+38 -3.4e+38 -3.4e+38 -3.4e+38 -3.4e+38 -3.4e+38 -3.4e+38 -3.4e+38 -3.4e+38 -3.4e+38 -3.4e+38 -3.4e+38 -3.4e+38 -3.4e+38 -3.4e+38 -3.4e+38 -3.4e+38 -3.4e+38
24.6282730102539 22.8106899261475 20.0471267700195 19.7882862091064 21.3541355133057 23.6675586700439 24.3668193817139 24.735689163208 22.8246288299561 21.8429145812988 22.545223236084 20.9517002105713 22.482816696167 26.5830402374268 23.7673225402832 24.1240940093994 26.0125789642334 25.8337154388428 26.5138645172119 26.4540596008301 20.0364513397217 24.8737239837646 25.1957626342773 24.719352722168 25.5530967712402 26.0471649169922 -3.4e+38 -3.4e+38 -3.4e+38 -3.4e+38 -3.4e+38 -3.4e+38 -3.4e+38 -3.4e+38 -3.4e+38 -3.4e+38 -3.4e+38 -3.4e+38 -3.4e+38 -3.4e+38 -3.4e+38 -3.4e+38 -3.4e+38 -3.4e+38 -3.4e+38 -3.4e+38
20.3243350982666 21.1833820343018 19.1717071533203 18.4530258178711 21.330883026123 23.5402412414551 22.96240234375 23.4166030883789 22.268180847168 22.6015720367432 20.3135547637939 20.0185661315918 24.1143455505371 24.9351253509521 22.8116207122803 24.1656742095947 25.4584808349609 26.6089382171631 25.6451072692871 25.4448738098145 20.0985507965088 22.1931457519531 25.8359699249268 24.8533573150635 25.3307991027832 25.3078594207764 -3.4e+38 -3.4e+38 -3.4e+38 -3.4e+38 -3.4e+38 -3.4e+38 -3.4e+38 -3.4e+38 -3.4e+38 -3.4e+38 -3.4e+38 -3.4e+38 -3.4e+38 -3.4e+38 -3.4e+38 -3.4e+38 -3.4e+38 -3.4e+38 -3.4e+38 -3.4e+38
19.0493679046631 19.9791965484619 20.3063335418701 19.8733596801758 23.9110984802246 23.5713520050049 23.5841083526611 22.4638862609863 23.3129177093506 22.2455062866211 21.3732452392578 21.7128944396973 22.8487567901611 26.5300731658936 26.4679718017578 27.5447807312012 24.0910816192627 24.4439601898193 24.4898090362549 24.9977130889893 26.8207626342773 24.6122894287109 25.4363021850586 25.0053234100342 24.4481391906738 23.7936191558838 23.7661209106445 24.3660659790039 -3.4e+38 -3.4e+38 -3.4e+38 -3.4e+38 -3.4e+38 -3.4e+38 -3.4e+38 -3.4e+38 -3.4e+38 -3.4e+38 -3.4e+38 -3.4e+38 -3.4e+38 -3.4e+38 -3.4e+38 -3.4e+38 -3.4e+38 -3.4e+38
17.9267635345459 20.6929531097412 25.9071712493896 20.4113693237305 19.308198928833 21.1308631896973 22.9777202606201 22.0929527282715 22.4431743621826 23.3154888153076 21.7564964294434 21.3178825378418 22.3810043334961 23.8408584594727 22.1634178161621 25.0314846038818 22.0497970581055 21.8738307952881 23.203987121582 24.6030216217041 24.8807411193848 23.5736560821533 24.1400508880615 24.7945690155029 23.8106842041016 23.089225769043 22.8642387390137 23.5663719177246 24.9658546447754 23.5205936431885 24.7931632995605 -3.4e+38 -3.4e+38 -3.4e+38 -3.4e+38 -3.4e+38 -3.4e+38 -3.4e+38 -3.4e+38 -3.4e+38 -3.4e+38 -3.4e+38 -3.4e+38 -3.4e+38 -3.4e+38 -3.4e+38
17.8800411224365 20.017110824585 20.8038024902344 24.7318439483643 20.2933006286621 18.5785312652588 20.7850875854492 21.1614017486572 23.4519901275635 23.7441368103027 23.963357925415 22.2994403839111 21.9368724822998 22.5677146911621 20.4747867584229 20.3591270446777 19.647891998291 23.9298305511475 22.5054035186768 23.9113330841064 25.995325088501 25.9120826721191 23.4550247192383 21.5119152069092 22.6073951721191 23.2650146484375 23.9322357177734 25.1080226898193 24.7855701446533 23.5953502655029 23.1112689971924 25.5511703491211 -3.4e+38 -3.4e+38 -3.4e+38 -3.4e+38 -3.4e+38 -3.4e+38 -3.4e+38 -3.4e+38 -3.4e+38 -3.4e+38 -3.4e+38 -3.4e+38 -3.4e+38 -3.4e+38
19.1955966949463 19.9938011169434 20.603946685791 21.3947849273682 22.9682731628418 19.8813381195068 19.5887336730957 21.3089561462402 22.8561687469482 23.1442775726318 23.0753059387207 22.8325500488281 21.7955856323242 21.9055995941162 20.3295440673828 19.9762210845947 19.6118698120117 24.6192398071289 24.4082050323486 22.6592121124268 23.8016815185547 25.6271171569824 26.3879413604736 25.3871459960938 25.3949947357178 23.0935001373291 23.6965045928955 26.2537994384766 24.2646923065186 23.6029891967773 26.6751461029053 27.1648578643799 -3.4e+38 -3.4e+38 -3.4e+38 -3.4e+38 -3.4e+38 -3.4e+38 -3.4e+38 -3.4e+38 -3.4e+38 -3.4e+38 -3.4e+38 -3.4e+38 -3.4e+38 -3.4e+38
18.1478385925293 20.3614749908447 20.2886371612549 20.2905521392822 21.8067932128906 24.6852951049805 21.8404026031494 22.6954612731934 22.5080032348633 22.7376041412354 23.5329475402832 23.0276279449463 22.5775394439697 23.177001953125 22.5865669250488 22.6812477111816 23.8116149902344 24.0967082977295 25.3237037658691 25.1085357666016 22.7287673950195 25.8905944824219 23.5673122406006 22.4528198242188 24.2384071350098 23.9597625732422 24.9811458587646 24.941478729248 26.949390411377 27.5902614593506 -3.4e+38 -3.4e+38 -3.4e+38 -3.4e+38 -3.4e+38 -3.4e+38 -3.4e+38 -3.4e+38 -3.4e+38 -3.4e+38 -3.4e+38 -3.4e+38 -3.4e+38 -3.4e+38 -3.4e+38 -3.4e+38
17.5937023162842 18.7089748382568 18.8624744415283 18.0658397674561 18.9540729522705 20.0318851470947 26.6845436096191 23.4344577789307 23.1507816314697 22.8549900054932 23.0597057342529 23.4807109832764 22.6287441253662 23.1923847198486 22.9244441986084 24.786262512207 24.7559432983398 24.7038593292236 27.7789897918701 25.5704574584961 23.7946147918701 23.8447742462158 23.9393157958984 23.3624019622803 27.3596611022949 23.2029228210449 24.5738639831543 24.3641624450684 25.1768417358398 24.0298385620117 -3.4e+38 -3.4e+38 -3.4e+38 -3.4e+38 -3.4e+38 -3.4e+38 -3.4e+38 -3.4e+38 -3.4e+38 -3.4e+38 -3.4e+38 -3.4e+38 -3.4e+38 -3.4e+38 -3.4e+38 -3.4e+38
17.3174743652344 16.0395565032959 15.694317817688 15.6530141830444 18.0300998687744 18.8244304656982 20.3909683227539 20.7533664703369 22.5903186798096 23.1018180847168 21.6847896575928 21.9970531463623 21.894287109375 22.4386558532715 22.8276901245117 22.8562431335449 23.1015319824219 24.8488578796387 27.2133636474609 26.9184417724609 24.7010402679443 24.9422626495361 24.8384876251221 26.6214809417725 24.9826755523682 24.2465744018555 25.1257858276367 24.4238929748535 22.8393688201904 21.0157661437988 24.1472854614258 25.5625896453857 -3.4e+38 -3.4e+38 -3.4e+38 -3.4e+38 -3.4e+38 -3.4e+38 -3.4e+38 -3.4e+38 -3.4e+38 -3.4e+38 -3.4e+38 -3.4e+38 -3.4e+38 -3.4e+38
17.315544128418 16.3823871612549 15.8133344650269 15.3889484405518 16.0005874633789 16.6344776153564 18.5784912109375 19.6731491088867 22.1373863220215 23.269495010376 22.3750514984131 22.3010234832764 22.8176975250244 23.2816219329834 23.6229782104492 24.9002647399902 23.0941715240479 25.0813865661621 26.1811275482178 25.0819473266602 25.0864429473877 27.4914264678955 25.2031230926514 24.7036724090576 26.0873699188232 24.3640480041504 23.3754405975342 23.1902484893799 22.3022117614746 23.5950088500977 25.5875415802002 25.3632259368896 24.329288482666 -3.4e+38 -3.4e+38 -3.4e+38 -3.4e+38 20.6700744628906 26.8863544464111 -3.4e+38 -3.4e+38 -3.4e+38 -3.4e+38 -3.4e+38 -3.4e+38 -3.4e+38
17.7831649780273 17.0102519989014 15.8704557418823 15.4737968444824 16.1419506072998 15.8918905258179 17.183084487915 18.8586692810059 20.0240058898926 21.0468101501465 19.4165515899658 22.7990646362305 22.0893440246582 22.811450958252 24.100944519043 23.1451454162598 23.9585266113281 27.4339065551758 23.9919853210449 25.8194351196289 25.000186920166 26.948600769043 25.6545257568359 24.9532318115234 24.9226951599121 25.036247253418 24.9420700073242 23.6012935638428 23.1761245727539 26.0177116394043 26.003101348877 25.2011680603027 24.6350231170654 -3.4e+38 -3.4e+38 -3.4e+38 -3.4e+38 21.8223342895508 25.662145614624 27.1607971191406 26.8036785125732 26.6962871551514 -3.4e+38 -3.4e+38 -3.4e+38 -3.4e+38
17.6906986236572 16.3678398132324 15.8329591751099 15.9425039291382 15.5307445526123 16.6090126037598 16.4606018066406 17.8745784759521 21.8614501953125 23.4476890563965 21.4036540985107 19.6916561126709 23.439489364624 19.1037216186523 19.1012535095215 19.9469242095947 25.1722030639648 23.4449272155762 23.0208988189697 24.2117023468018 24.4078063964844 25.1926975250244 25.0324974060059 24.3391933441162 24.3136463165283 24.4521007537842 25.6040840148926 24.6301155090332 23.8247985839844 23.8257255554199 24.6344146728516 21.2005710601807 27.4901504516602 -3.4e+38 -3.4e+38 24.8790988922119 26.6348094940186 25.8824691772461 24.6636428833008 25.7579498291016 25.7097682952881 27.1556835174561 -3.4e+38 -3.4e+38 -3.4e+38 -3.4e+38
16.1392402648926 14.8185701370239 14.9165925979614 16.2962951660156 16.80832862854 16.5591526031494 16.1102638244629 16.9573135375977 24.0502853393555 22.4981231689453 26.713996887207 19.4753284454346 20.3924007415771 21.3012619018555 19.1850738525391 19.4156742095947 20.0583782196045 21.9310035705566 23.7191677093506 23.1508121490479 26.0112133026123 23.3553848266602 24.0743732452393 24.3974990844727 23.874195098877 24.9864959716797 24.9576187133789 25.3066596984863 25.6436328887939 24.3400115966797 24.6081676483154 21.2255840301514 23.2994575500488 -3.4e+38 27.2472496032715 22.7011871337891 24.6811504364014 -3.4e+38 27.1786193847656 -3.4e+38 26.9091014862061 -3.4e+38 -3.4e+38 -3.4e+38 -3.4e+38 -3.4e+38
16.7560005187988 15.0158529281616 14.4038429260254 17.1282024383545 17.2473201751709 16.3403911590576 15.9393997192383 16.0471267700195 17.8968524932861 20.2625312805176 20.6527576446533 24.5273990631104 26.218505859375 21.5835056304932 21.0738296508789 22.3756904602051 22.8093299865723 23.1012859344482 22.6595764160156 22.5967712402344 24.1713485717773 24.2299194335938 25.7967319488525 25.8420448303223 24.1450538635254 23.934326171875 24.9001235961914 23.8817501068115 24.1836032867432 24.0642318725586 21.7634544372559 23.0612545013428 27.0453567504883 24.0794277191162 23.1409606933594 25.8334503173828 25.4908447265625 -3.4e+38 -3.4e+38 -3.4e+38 -3.4e+38 -3.4e+38 -3.4e+38 26.8502960205078 -3.4e+38 -3.4e+38
17.7225322723389 17.4683704376221 14.8657379150391 16.7091369628906 15.2559013366699 15.5238819122314 16.6319427490234 16.7914981842041 18.6241283416748 21.3935546875 20.4722461700439 20.6399154663086 23.2609519958496 27.2277736663818 22.7011642456055 23.0009174346924 22.8000354766846 22.0448188781738 21.5682773590088 21.5183238983154 26.9319705963135 24.563814163208 26.6181831359863 24.8043746948242 25.0098686218262 23.5216426849365 23.9883804321289 22.9149551391602 23.5587482452393 23.6351089477539 22.0418796539307 22.3274192810059 25.4001579284668 25.5418758392334 25.0616207122803 25.4506015777588 25.1029186248779 26.77414894104 25.3695106506348 22.3863182067871 24.7978553771973 24.5271778106689 25.6497058868408 24.8013648986816 -3.4e+38 -3.4e+38
18.2693424224854 17.4166831970215 17.8300094604492 17.9936084747314 16.4849967956543 15.9470291137695 15.7063026428223 16.1079273223877 18.4504280090332 26.1675186157227 20.7906360626221 26.6184825897217 25.4771957397461 22.6781997680664 22.8737087249756 20.4982261657715 20.6248245239258 23.119478225708 21.6656970977783 21.9745197296143 24.1356983184814 25.6658210754395 27.6746940612793 25.4113960266113 27.0516052246094 23.8756942749023 26.5846900939941 24.9915904998779 24.1700267791748 23.9055004119873 23.1496315002441 24.3114852905273 25.8757171630859 26.4804286956787 26.6875991821289 23.9439697265625 23.6861629486084 25.1164054870605 26.2364177703857 27.0162830352783 26.60764503479 26.6872520446777 25.0186462402344 24.8724689483643 21.2628440856934 -3.4e+38
