inst/extdata/Tmax/Tmax32.asc
NCOLS 100 
NROWS 79 
XLLCORNER 148.06 
YLLCORNER -21.49 
CELLSIZE 0.01 
NODATA_value -3.4e+38 
[rows 40 to 59 of 79, columns 46 to 91 of 100]
18.1482849121094 19.5263500213623 19.1583957672119 19.9324855804443 22.0353546142578 21.9740142822266 21.8015594482422 19.749683380127 19.4736652374268 20.0171127319336 21.5437183380127 23.5518074035645 24.0468578338623 23.5458602905273 22.7721633911133 24.5465774536133 25.47629737854 24.9381275177002 25.9918632507324 25.960693359375 25.3117122650146 25.9432277679443 23.7864990234375 22.6180210113525 24.0619869232178 24.9922752380371 25.5282726287842 24.719274520874 24.5317268371582 24.6899700164795 24.3138809204102 25.4195137023926 24.1800975799561 21.2642288208008 22.9192771911621 27.2979068756104 25.6450176239014 24.0824565887451 21.9209938049316 21.248498916626 20.7037010192871 23.5585079193115 23.9394989013672 23.3210906982422 24.6640930175781 21.8928527832031
19.4083862304688 19.4755020141602 20.8706207275391 22.2157344818115 22.7364292144775 22.2114391326904 21.5947914123535 21.4140205383301 22.7631988525391 23.0312728881836 25.7151260375977 24.5377502441406 24.3226680755615 24.0188083648682 23.4456806182861 25.4192752838135 25.5451259613037 25.3649482727051 26.4187717437744 26.6985130310059 24.5978946685791 24.9678058624268 21.2008972167969 27.0022716522217 28.1816291809082 23.7557716369629 25.7121505737305 24.7184524536133 24.9167346954346 24.0872669219971 24.6853847503662 25.2325115203857 25.0757999420166 24.1456432342529 24.5709533691406 26.5859756469727 24.8513813018799 24.2828845977783 24.0011596679688 23.6963272094727 23.2433109283447 22.7729454040527 24.1618957519531 23.8078842163086 23.7859802246094 23.2445640563965
20.6767959594727 21.6683235168457 21.5614471435547 23.4936103820801 28.5663509368896 26.0526790618896 23.5747604370117 22.8406753540039 23.977596282959 25.6552829742432 25.7893733978271 25.373067855835 25.6628646850586 25.2213916778564 26.9621543884277 25.5096683502197 25.3632755279541 25.0265998840332 25.4521408081055 26.1755104064941 25.2380313873291 24.7147922515869 24.3927955627441 28.4945373535156 21.8585376739502 28.5598773956299 27.80885887146 23.6469554901123 23.000057220459 25.5905513763428 25.27854347229 25.6035919189453 24.8792381286621 24.2319068908691 24.6149291992188 23.4121532440186 23.5481948852539 22.9979877471924 23.0528659820557 23.5013332366943 24.6581287384033 24.7539920806885 25.1082572937012 23.782154083252 25.7970848083496 25.7368068695068
24.0848331451416 24.8426933288574 24.9902667999268 25.1360492706299 25.874116897583 25.3791446685791 25.0396976470947 24.646032333374 24.9809684753418 25.3679752349854 26.053560256958 26.0743713378906 26.2769947052002 26.1822452545166 25.6677837371826 25.2230319976807 24.8795280456543 25.0829658508301 25.7960968017578 23.3965854644775 25.6495609283447 25.6722049713135 25.4726619720459 24.8180465698242 24.2560348510742 26.0083446502686 25.2392272949219 24.7573146820068 25.383716583252 27.1031723022461 26.4747447967529 26.9192562103271 24.7089786529541 24.1042213439941 23.9422206878662 26.4652442932129 25.9154987335205 23.9802150726318 24.932300567627 25.9966888427734 26.6025905609131 25.751293182373 24.1843242645264 28.4198055267334 25.9741954803467 23.9514141082764
23.940393447876 24.1034564971924 24.0871715545654 24.4499187469482 26.02419090271 26.6867523193359 26.086217880249 25.2624530792236 25.6419410705566 25.3187847137451 25.0250396728516 25.0000743865967 24.5947608947754 24.4562244415283 24.2975006103516 24.885103225708 23.258939743042 24.1140785217285 25.1511936187744 25.5150356292725 26.4689102172852 27.0990619659424 26.8301734924316 25.8761100769043 23.7437610626221 24.2002220153809 24.6003112792969 25.0851707458496 27.3057518005371 27.6411533355713 26.2833728790283 25.0288848876953 23.9604778289795 24.6542110443115 24.3081951141357 26.3343296051025 25.0229511260986 23.8533840179443 25.1129627227783 23.6060791015625 24.2316493988037 25.7962303161621 26.2126808166504 26.1673851013184 29.043909072876 25.9332294464111
20.1215076446533 21.5799331665039 23.1242961883545 21.4343795776367 23.08571434021 23.7763538360596 23.6112499237061 23.9261627197266 24.2304782867432 24.343334197998 21.2833232879639 21.4700908660889 21.6535758972168 19.8263702392578 20.7946624755859 21.8463230133057 24.219898223877 24.4262714385986 24.3690414428711 24.4860057830811 26.2721424102783 26.0604133605957 25.3988037109375 25.3598213195801 25.4623928070068 25.9467887878418 25.926342010498 25.889856338501 25.5167942047119 25.7085342407227 25.3547401428223 26.4976787567139 27.352014541626 27.8204021453857 25.7931385040283 25.5245246887207 25.0095806121826 24.8448448181152 24.8110198974609 24.5236740112305 24.361780166626 25.4225730895996 25.5865383148193 24.2739181518555 26.579963684082 28.9272422790527
18.3655242919922 19.7667598724365 19.3578624725342 19.1207313537598 20.1656856536865 20.5464191436768 20.6981964111328 21.268087387085 21.8101253509521 21.0586013793945 20.7047863006592 20.0862789154053 20.3884677886963 20.2551345825195 20.5551834106445 21.867696762085 24.5877475738525 24.3579235076904 23.7050952911377 25.5986480712891 26.0488224029541 26.4589233398438 25.5339012145996 24.8264846801758 27.4520874023438 27.6244277954102 26.6689777374268 25.9404678344727 25.0026245117188 24.909086227417 26.1112041473389 25.9278221130371 25.3622169494629 25.6787395477295 25.9514427185059 28.5604095458984 25.353982925415 25.5334739685059 24.4403285980225 24.301197052002 24.2710456848145 26.907377243042 24.9254341125488 27.7842082977295 26.385648727417 25.8297863006592
18.7388114929199 18.6658782958984 18.5484237670898 18.6355762481689 18.4943580627441 18.8674125671387 19.8866481781006 20.8789558410645 21.1358547210693 20.9298534393311 21.5132846832275 20.9008903503418 20.9249076843262 22.3676242828369 23.1365871429443 24.6618270874023 25.310604095459 25.2210311889648 25.3485927581787 26.7270641326904 29.4339065551758 27.1479873657227 25.0592651367188 26.085844039917 27.3059463500977 26.9099082946777 26.2519493103027 29.1678504943848 26.3076438903809 26.5568580627441 26.5754890441895 24.0191345214844 23.86745262146 24.1923789978027 23.9646530151367 23.9595069885254 25.3626708984375 24.362003326416 23.4552097320557 27.2029991149902 26.9456081390381 28.9028072357178 25.4734668731689 27.5764064788818 27.3034191131592 27.2253742218018
18.5425834655762 20.5264282226562 18.8470249176025 18.4765300750732 18.3794651031494 18.3293151855469 18.4611167907715 20.5078182220459 21.2164859771729 21.3555431365967 21.2547550201416 21.2977714538574 26.5742263793945 27.6662063598633 28.1620807647705 24.5227069854736 26.3938388824463 22.7428150177002 28.3732585906982 28.2704906463623 27.9680976867676 28.2253112792969 27.6001529693604 27.1563873291016 26.8469772338867 24.9341373443604 26.1174964904785 27.253288269043 29.3938026428223 28.6605453491211 28.3933620452881 29.1355266571045 28.2239551544189 24.2479267120361 25.2069664001465 29.5980396270752 28.7618942260742 25.7427806854248 25.5468120574951 25.3544445037842 23.4280681610107 23.9519195556641 24.569751739502 25.4734554290771 24.6020050048828 25.2267627716064
20.4532928466797 21.1184253692627 22.3006935119629 19.3689670562744 18.8582305908203 19.6573791503906 19.4604682922363 20.4318599700928 20.7441291809082 21.3089084625244 25.6204242706299 27.1667060852051 28.3172512054443 28.3429794311523 28.8283882141113 21.9703464508057 25.1461887359619 22.2256183624268 22.5235576629639 25.0474033355713 25.0336933135986 29.2552604675293 25.6732330322266 26.5433788299561 26.2644195556641 25.3779582977295 27.3261795043945 27.4023303985596 27.88303565979 27.9361591339111 27.6977844238281 26.0583305358887 24.3884677886963 24.8875827789307 25.5387897491455 29.7552318572998 29.7140655517578 26.5253047943115 25.3751678466797 25.2160148620605 25.1916522979736 24.1657657623291 25.3442115783691 23.9390659332275 24.9224739074707 25.5669422149658
23.8533115386963 20.6293277740479 23.5913143157959 18.5408821105957 18.6169662475586 19.8653984069824 20.0583610534668 20.7683410644531 21.4147338867188 21.8892993927002 21.8823280334473 22.0788383483887 26.7058925628662 27.3751602172852 27.9903087615967 21.9098052978516 24.3783760070801 24.2693099975586 21.0978755950928 24.8723888397217 22.4091167449951 28.142406463623 25.7586574554443 27.2866287231445 25.6969299316406 26.6822147369385 25.676155090332 25.2806911468506 28.3022193908691 27.9932422637939 27.3740577697754 26.8433494567871 26.5152359008789 24.7291603088379 25.5657005310059 27.9934787750244 29.3391513824463 27.4579677581787 26.349157333374 26.8620510101318 25.4182605743408 24.2992095947266 24.3721618652344 23.4996356964111 24.9588088989258 25.7566890716553
19.3387145996094 17.9355926513672 18.4199619293213 17.5361156463623 17.5075740814209 19.0444736480713 19.8819255828857 21.0003204345703 21.3522109985352 21.5959415435791 21.7923831939697 21.4341602325439 21.3565273284912 20.9059886932373 21.3639602661133 24.5014724731445 22.2615089416504 25.0451049804688 21.8940830230713 24.2824554443359 24.0946235656738 24.9846153259277 28.0676403045654 28.8142890930176 25.9894790649414 26.1617832183838 26.8463687896729 25.017162322998 25.4102535247803 28.8383712768555 27.2688465118408 26.5735778808594 25.9871635437012 24.33717918396 24.224666595459 25.8797340393066 26.2607879638672 26.0997924804688 25.5136394500732 23.8339405059814 27.4628429412842 23.7788143157959 23.5033626556396 23.17018699646 23.1953144073486 24.4909858703613
17.7126178741455 23.3906593322754 24.1448974609375 17.7549095153809 17.6958808898926 18.522777557373 19.2473449707031 20.0973377227783 20.5849170684814 20.8938159942627 21.2371082305908 21.0503063201904 21.0640296936035 21.4727306365967 21.7883415222168 22.1912231445312 24.8701000213623 25.2768535614014 25.1672382354736 25.6451034545898 24.1182117462158 25.2710914611816 26.8351917266846 28.9180469512939 26.7529621124268 27.5476913452148 27.4975643157959 27.392993927002 27.2177658081055 29.2357292175293 28.1243591308594 27.5524864196777 27.6359481811523 27.9420051574707 25.0328636169434 24.0990924835205 25.2877388000488 22.7323131561279 24.2528972625732 24.558219909668 24.6568717956543 23.6457138061523 28.1396980285645 24.6228179931641 23.2168769836426 22.9913501739502
18.4965476989746 17.7278118133545 23.5844326019287 18.3485450744629 18.4533348083496 19.3319511413574 19.2066764831543 19.9282245635986 20.9916744232178 21.4779205322266 21.7584323883057 21.8524398803711 21.8784008026123 25.5427169799805 25.5533447265625 22.5323257446289 22.2986679077148 22.4422607421875 22.463357925415 25.2571029663086 24.763729095459 24.9580230712891 22.4715423583984 23.6415538787842 24.4726333618164 26.2695293426514 25.6334400177002 26.7022590637207 28.7400302886963 26.2792339324951 26.1520576477051 25.2169990539551 25.5720672607422 26.4257698059082 24.8232402801514 24.4353637695312 22.4271602630615 21.6385650634766 21.8560886383057 20.716625213623 26.5716609954834 25.1443901062012 26.3213024139404 25.9446430206299 27.9312705993652 23.698860168457
19.5135555267334 18.567403793335 18.1230278015137 18.6029262542725 19.1195068359375 19.9938259124756 20.0403518676758 20.324275970459 20.5294609069824 21.1433486938477 21.1749973297119 23.9076671600342 24.8198852539062 21.9857444763184 26.2845706939697 25.6614418029785 26.1427440643311 22.750659942627 25.5355567932129 25.3201866149902 25.3468685150146 24.4000015258789 23.3475303649902 25.382345199585 27.2161331176758 27.4423007965088 25.5426559448242 26.0394763946533 25.1874980926514 27.0919532775879 27.3169631958008 25.897216796875 27.2163925170898 25.0818214416504 27.6142063140869 24.6349258422852 28.2454090118408 24.5655155181885 24.9019660949707 23.3066463470459 24.4995288848877 25.0409870147705 24.3552989959717 24.6482276916504 25.5100250244141 26.5051536560059
19.1068477630615 18.6270389556885 18.2806758880615 19.4737739562988 20.0465774536133 20.5575504302979 21.1766910552979 21.4962062835693 21.44455909729 21.7764625549316 21.6594734191895 23.8178730010986 24.4703941345215 26.0012836456299 26.17409324646 25.6541690826416 26.0534477233887 26.4478340148926 25.9031009674072 22.7468166351318 25.2949562072754 24.410343170166 25.1710834503174 25.2139835357666 26.4782695770264 27.2591590881348 27.5350437164307 28.0947322845459 25.4069862365723 25.910099029541 23.1056804656982 25.3660469055176 26.7412700653076 28.6283130645752 27.6193408966064 21.7052936553955 24.2879543304443 25.1749839782715 23.675012588501 24.6617164611816 26.6189460754395 25.8244781494141 25.193187713623 25.5879821777344 25.1438980102539 24.9968605041504
19.1143798828125 18.3822345733643 17.742488861084 19.0511093139648 20.2395858764648 20.6849117279053 20.0573043823242 21.3332118988037 20.9717826843262 20.3682079315186 21.5474796295166 21.2011089324951 21.5215015411377 24.3728160858154 22.016092300415 25.3325233459473 25.438196182251 25.4375743865967 26.027961730957 24.0531578063965 24.9288558959961 25.3896389007568 24.9433174133301 22.6070442199707 25.0892772674561 27.2687721252441 26.3128929138184 25.4965019226074 25.7184829711914 25.8945293426514 22.9686965942383 20.9529666900635 21.8879566192627 24.8962249755859 21.0393524169922 20.7818412780762 25.1766338348389 24.6026344299316 25.4135475158691 24.1529064178467 26.4059810638428 27.6141166687012 23.9762020111084 24.268611907959 25.178108215332 25.7947444915771
19.5346546173096 18.5107097625732 18.5817947387695 19.1141319274902 19.9310684204102 20.3509922027588 20.8211574554443 20.83717918396 19.6557369232178 19.2150573730469 20.9786357879639 19.6658172607422 20.1352729797363 20.3795394897461 24.0534858703613 24.8800392150879 22.1999053955078 25.4443740844727 22.8424606323242 26.3089599609375 25.8903045654297 26.1813926696777 25.6478366851807 25.3236751556396 24.4906024932861 25.7104740142822 26.5388317108154 25.5211887359619 24.9143581390381 26.5524482727051 24.7117004394531 22.1733531951904 25.2513179779053 24.3953056335449 18.7962646484375 23.273193359375 24.4410629272461 24.9351253509521 25.2771224975586 26.9714756011963 24.8936195373535 27.2672786712646 24.9949531555176 25.2288093566895 24.6951274871826 24.5697116851807
19.5520439147949 19.238597869873 18.9541435241699 19.0827522277832 19.7287158966064 20.3761291503906 20.3024883270264 20.0956516265869 19.4668159484863 20.4231967926025 20.5808258056641 19.4058628082275 19.6783828735352 19.8452758789062 21.089729309082 21.4289531707764 25.141471862793 22.2836074829102 25.6269664764404 25.8933963775635 25.6944122314453 26.0416355133057 24.2569122314453 25.7478046417236 24.9968757629395 25.0729541778564 24.8153285980225 25.9434356689453 24.1982135772705 24.1496906280518 25.8452816009521 25.5442085266113 22.0416011810303 23.9515209197998 24.6726150512695 25.4775924682617 22.4784164428711 24.9823131561279 27.3592643737793 24.6836547851562 25.6906089782715 24.8140029907227 25.263032913208 27.09255027771 26.5663814544678 24.265775680542
18.9710102081299 18.8895626068115 18.4439945220947 18.8297080993652 19.3361663818359 19.1683578491211 19.8275375366211 20.2360591888428 20.5966510772705 20.6323204040527 20.5934867858887 20.8179397583008 24.0443210601807 24.7719955444336 24.6072673797607 21.37428855896 22.0222301483154 25.8038387298584 23.1663608551025 25.2980480194092 25.6278381347656 26.2248859405518 26.3135375976562 25.6170558929443 25.7977390289307 24.7230987548828 25.1428050994873 25.0353317260742 24.2227210998535 26.1636753082275 26.5207805633545 27.3539180755615 23.7249431610107 24.5907917022705 24.4560565948486 20.2517738342285 23.2595844268799 26.0455284118652 27.9448776245117 22.6421699523926 25.0919914245605 25.2993717193604 24.6037101745605 23.3552780151367 24.8926944732666 25.6512889862061
