inst/extdata/Tmax/Tmax126.asc
NCOLS 100 
NROWS 79 
XLLCORNER 148.06 
YLLCORNER -21.49 
CELLSIZE 0.01 
NODATA_value -3.4e+38 
[rows 40 to 59 of 79, columns 0 to 45 of 100]
33.654098510742202 33.3616180419922 33.3920211791992 33.4189567565918 33.2898254394531 33.3994941711426 33.3423233032227 33.1315574645996 32.6443214416504 33.0756607055664 33.7208442687988 34.0440254211426 34.0768089294434 34.1249313354492 34.1881065368652 33.9637565612793 33.671516418457 33.3042869567871 32.7049827575684 33.2049140930176 33.1889495849609 33.0676040649414 32.9973030090332 32.5827789306641 31.687328338623 31.0486793518066 30.8467960357666 30.9379787445068 31.0505485534668 30.4249172210693 29.7922611236572 30.2036304473877 31.4415054321289 31.1749954223633 30.9215068817139 31.2408847808838 31.1480464935303 30.8319835662842 30.6164379119873 30.1767807006836 30.1351985931396 29.2852630615234 28.7245750427246 28.717903137207 28.4663429260254 28.308895111084
33.8194847106934 33.4036598205566 33.2749099731445 33.3762588500977 33.2662582397461 33.3445854187012 33.3435745239258 33.2289123535156 32.9683723449707 33.0882873535156 33.4295349121094 33.7826499938965 34.0149078369141 34.1833343505859 34.2241630554199 34.0635833740234 33.7379455566406 33.2141647338867 32.8641967773438 33.0070037841797 33.0242614746094 32.7749786376953 32.9520072937012 32.6603012084961 31.9888954162598 31.496997833252 30.8833675384521 30.8042106628418 31.0091762542725 30.5813007354736 30.1641254425049 30.7778167724609 31.4387607574463 30.7044105529785 29.9967136383057 30.7392349243164 30.7771339416504 30.9801349639893 30.9420795440674 30.7148323059082 30.597282409668 29.8845481872559 28.5241050720215 28.4054145812988 28.4766693115234 28.4366149902344
33.6882400512695 33.6253433227539 33.4040107727051 33.2755737304688 33.3332443237305 33.3505477905273 33.3194198608398 33.2749290466309 33.2343597412109 33.1800003051758 33.2254104614258 33.7086601257324 34.0341148376465 34.1784400939941 34.1877403259277 34.133243560791 33.8853569030762 33.5460090637207 33.3050308227539 33.2492599487305 33.1546783447266 32.4837188720703 32.4057388305664 32.6263160705566 32.6469879150391 32.1960296630859 31.3359336853027 31.0127239227295 30.9343891143799 30.7131252288818 29.8331489562988 30.8769588470459 30.9288539886475 29.8780689239502 29.0803565979004 29.9638957977295 29.9585838317871 30.5892848968506 30.7482280731201 30.4548854827881 30.2277488708496 30.2685241699219 29.6858596801758 29.472282409668 29.8772621154785 30.836612701416
33.3520050048828 33.4401779174805 33.4221115112305 33.4117546081543 33.4367218017578 33.4236793518066 33.3804206848145 33.3219146728516 33.3729362487793 33.3368339538574 33.3403816223145 33.7526206970215 34.0024795532227 34.157283782959 34.1739501953125 34.1852111816406 34.0657043457031 33.8373374938965 33.5416603088379 33.5753936767578 33.3885841369629 33.1140632629395 32.4164161682129 32.0528564453125 32.7260894775391 32.5041999816895 32.0844612121582 31.6122016906738 31.281644821167 31.1081123352051 30.3273983001709 30.2386531829834 30.9200801849365 30.4258594512939 29.7969284057617 29.3449592590332 29.424825668335 29.6646213531494 29.88525390625 29.6538982391357 29.2082614898682 29.9027709960938 29.4745140075684 30.3913612365723 32.0957794189453 32.6824264526367
33.0635299682617 33.2451477050781 33.2201995849609 33.2154502868652 33.399299621582 33.5105400085449 33.5311050415039 33.468376159668 33.525032043457 33.566764831543 33.7343978881836 33.8662643432617 33.9937324523926 34.0929794311523 34.1508941650391 34.2005195617676 34.1557769775391 34.0002479553223 33.831859588623 33.7757415771484 33.6343193054199 33.4764060974121 33.1598434448242 32.9353370666504 32.7477645874023 32.2733688354492 32.518611907959 32.3891410827637 32.0635452270508 31.3922100067139 30.7952346801758 30.7818584442139 31.0879821777344 31.245433807373 30.9551906585693 29.815637588501 28.5191707611084 28.4828033447266 28.5846824645996 28.9097537994385 28.7895793914795 29.3176879882812 28.8542289733887 29.6642169952393 31.374547958374 32.711540222168
33.0922889709473 33.1487998962402 32.9866752624512 32.8692817687988 33.0729293823242 33.2930335998535 33.5234680175781 33.6404838562012 33.7039642333984 33.7932777404785 33.8590965270996 33.7713012695312 33.5357208251953 33.9147911071777 34.1447448730469 34.189281463623 34.1772079467773 34.1025848388672 34.0018310546875 33.9280242919922 33.8268013000488 33.7058448791504 33.6410026550293 33.0070343017578 32.6449317932129 32.5601806640625 32.6321754455566 32.4546928405762 32.2567825317383 31.7485027313232 30.5340061187744 30.7274398803711 31.0234851837158 31.0822067260742 31.174373626709 30.300350189209 29.0381088256836 28.8029079437256 28.8334617614746 29.2568531036377 28.6779384613037 29.020580291748 29.4050197601318 29.7025108337402 30.5482578277588 31.6725807189941
32.9580726623535 32.9208602905273 32.925220489502 32.8448638916016 32.7391586303711 32.7928886413574 33.2947425842285 33.4180946350098 33.5379600524902 33.551441192627 33.7705917358398 33.8698234558105 33.6079139709473 33.8671455383301 34.0954360961914 34.1707077026367 34.1671714782715 34.0932998657227 34.044376373291 33.9950561523438 33.9097328186035 33.8282318115234 33.715648651123 33.2195053100586 32.3749046325684 32.4791297912598 32.6440887451172 32.410083770752 32.3508834838867 32.1943321228027 31.4107303619385 31.0898017883301 30.7417850494385 30.9905948638916 31.1194801330566 30.6594409942627 29.628231048584 29.8992862701416 29.3821144104004 30.0607604980469 29.5167446136475 29.6606826782227 29.7728939056396 29.8743343353271 29.8649501800537 29.6800022125244
33.416015625 32.7523384094238 32.6668739318848 32.6078262329102 32.5761909484863 32.698299407959 33.0127067565918 32.9615936279297 33.211986541748 33.2568588256836 33.3339462280273 33.3938484191895 33.5793266296387 33.8633308410645 34.0525703430176 34.168098449707 34.1454048156738 34.0169639587402 33.8238639831543 33.7162017822266 33.8454208374023 33.6454315185547 33.655834197998 33.5799331665039 33.1034736633301 32.9951934814453 32.9986610412598 32.7889633178711 32.6095199584961 32.3759765625 31.6887435913086 31.3288993835449 30.6367473602295 31.0140895843506 31.0524921417236 30.8245601654053 30.4004535675049 30.6151580810547 30.3552894592285 30.5868320465088 30.3299388885498 30.1228771209717 29.9811630249023 29.8332500457764 29.5002346038818 29.2711048126221
34.1369705200195 33.3129806518555 32.5397148132324 32.3838577270508 32.5112648010254 32.6951560974121 32.6211128234863 32.615177154541 32.9540405273438 33.2514266967773 33.3199043273926 33.2955703735352 33.5264434814453 33.8356781005859 34.0780715942383 34.1414794921875 34.1382217407227 34.0595550537109 33.8766403198242 33.6371040344238 33.7019844055176 33.6355247497559 33.5450744628906 33.6707000732422 33.5494956970215 33.430362701416 33.1254806518555 32.9154090881348 32.815673828125 32.509693145752 32.1051826477051 31.6421680450439 30.7994079589844 30.9454231262207 30.9131202697754 30.9675483703613 30.8667964935303 30.8364353179932 30.7216453552246 30.5407943725586 29.7665424346924 29.5957984924316 29.7852993011475 29.5336513519287 29.4009590148926 29.0628776550293
34.4097023010254 33.8843002319336 33.0194282531738 32.4290428161621 32.4104423522949 32.3955688476562 32.4175071716309 32.7637825012207 33.0000610351562 32.8888740539551 33.5151863098145 33.7439002990723 33.8487968444824 33.9462356567383 34.0408020019531 34.1209869384766 34.1161117553711 34.0555610656738 33.9409370422363 33.7862396240234 33.6693305969238 33.5861930847168 33.3868675231934 33.4192390441895 33.5816879272461 33.5559196472168 33.3142433166504 32.7555160522461 32.2431144714355 32.504093170166 32.1912231445312 31.8711128234863 31.0820560455322 30.7893238067627 30.5820846557617 30.871410369873 30.9413414001465 30.8406410217285 30.7952613830566 30.4905872344971 29.8184032440186 29.4258766174316 29.5978584289551 29.2386112213135 29.150426864624 29.0591697692871
34.4036064147949 34.2173004150391 33.7487716674805 33.1050453186035 32.5546112060547 32.2427291870117 32.3989562988281 32.7172927856445 32.7573509216309 33.0600662231445 33.6452102661133 33.8763809204102 33.9998893737793 34.0990180969238 34.1119346618652 34.1302185058594 33.9962387084961 34.0008087158203 33.9987640380859 33.908088684082 33.7833404541016 33.6066360473633 33.3947563171387 33.301326751709 33.4029884338379 33.435188293457 33.4630165100098 33.2184829711914 32.9206809997559 32.7618255615234 32.199390411377 32.024040222168 31.1956043243408 30.7946968078613 30.195442199707 30.6469764709473 30.7654857635498 30.7529430389404 30.7964630126953 30.6130676269531 30.1063003540039 29.9335308074951 29.8334846496582 29.6226997375488 29.3057041168213 29.1313533782959
34.37060546875 34.3284072875977 34.0629005432129 33.3750991821289 32.773551940918 32.4807434082031 32.431209564209 32.5116806030273 32.2572937011719 32.4092597961426 33.274585723877 33.6777534484863 33.8545799255371 34.058406829834 34.1394309997559 34.0923957824707 33.9966850280762 33.9878196716309 33.9430618286133 33.9221420288086 33.8139343261719 33.6926231384277 33.5755271911621 33.3553428649902 33.2259979248047 33.153491973877 33.1007766723633 33.2099685668945 32.9711418151855 33.0806694030762 33.0930557250977 32.2808380126953 31.6738395690918 31.2337551116943 30.7505912780762 30.8714294433594 30.8214340209961 30.6473255157471 30.7774658203125 30.676664352417 30.1944904327393 30.0283756256104 29.9132194519043 29.7302112579346 29.2515277862549 29.0636444091797
34.1927223205566 34.2636184692383 34.1130752563477 33.1151390075684 32.299633026123 32.2675590515137 32.3663940429688 32.2236099243164 31.9612884521484 32.0921669006348 33.2080955505371 33.6809692382812 33.8973770141602 34.0808448791504 34.0843772888184 34.0259284973145 33.9996948242188 33.9309005737305 33.8791465759277 33.8645553588867 33.8650894165039 33.794548034668 33.619930267334 33.4031066894531 33.1671752929688 32.9948539733887 32.9536361694336 32.8975448608398 32.8807792663574 32.7650299072266 32.9469451904297 32.8035430908203 32.224723815918 31.6020030975342 31.1719245910645 31.4903182983398 31.4301605224609 30.9647159576416 30.7694721221924 30.8282947540283 30.6650485992432 30.4043598175049 30.0986270904541 29.8549861907959 29.5233478546143 29.1456432342529
33.992073059082 34.0545921325684 34.1650810241699 33.7191772460938 32.6963996887207 32.3436317443848 32.6943817138672 32.1842575073242 32.0218238830566 32.1007423400879 33.1757926940918 33.7834434509277 33.9956474304199 34.0831642150879 34.0027046203613 33.8974761962891 33.8777313232422 33.8957595825195 33.853271484375 33.7357559204102 33.7761421203613 33.8281707763672 33.672290802002 33.5063552856445 33.2972717285156 33.1231422424316 32.7551498413086 32.5542030334473 32.1926612854004 32.5277366638184 32.3508224487305 32.8840827941895 32.9180755615234 32.5593452453613 32.0565452575684 32.0776062011719 31.7029457092285 31.3563442230225 31.0528831481934 31.4063606262207 30.9986019134521 30.7251949310303 30.5671005249023 30.4261722564697 30.1530647277832 30.002555847168
33.8675003051758 33.8267936706543 34.0124549865723 34.0212860107422 33.5672416687012 33.3213310241699 33.2561111450195 32.8928871154785 32.6812858581543 32.6868476867676 32.8728904724121 33.2696189880371 33.9186477661133 34.045295715332 33.9143486022949 33.8184394836426 33.7957305908203 33.8386344909668 33.7905311584473 33.7156448364258 33.7281799316406 33.8175964355469 33.7579765319824 33.5666465759277 33.4457702636719 33.2488784790039 32.9050178527832 32.6775245666504 32.2544593811035 32.4718894958496 31.8367137908936 32.2435188293457 32.4624214172363 32.4727821350098 32.5819396972656 32.4488906860352 32.1328353881836 31.9786682128906 31.5398807525635 31.0572032928467 30.9800262451172 31.0128555297852 30.7771606445312 30.5827808380127 30.5697345733643 30.4233169555664
33.9605102539062 33.9429702758789 33.9922637939453 34.0196762084961 33.8961944580078 33.2844543457031 33.2848205566406 33.3429107666016 33.1191635131836 33.0706176757812 33.3151931762695 33.6653518676758 33.9797668457031 34.0416984558105 33.9339714050293 33.7430191040039 33.7834777832031 33.7716636657715 33.5664710998535 33.538516998291 33.6619606018066 33.7245635986328 33.7660140991211 33.6585807800293 33.5285224914551 33.3671684265137 33.1545944213867 32.8878021240234 32.711612701416 32.5445404052734 32.1168518066406 31.7481269836426 31.8691558837891 31.8222961425781 32.2475852966309 31.943977355957 32.1912841796875 31.9467639923096 31.5935153961182 31.1943130493164 30.9667339324951 30.7496013641357 30.28981590271 29.7286796569824 30.2656803131104 30.4368324279785
34.0741348266602 34.0391082763672 34.0083618164062 33.9893379211426 33.8335227966309 33.0436477661133 32.8291397094727 33.2526359558105 33.1361465454102 32.8149757385254 33.0955390930176 33.7421531677246 33.9959297180176 34.0171928405762 33.9234085083008 33.7314796447754 33.7099151611328 33.5023040771484 33.2443618774414 33.3748359680176 33.6579742431641 33.653450012207 33.722038269043 33.7027244567871 33.5289154052734 33.4558029174805 33.2620811462402 32.9730491638184 32.8761520385742 32.6431922912598 32.2304916381836 31.5583972930908 31.2558116912842 31.3834095001221 31.8173160552979 31.9417190551758 31.5639762878418 31.2252330780029 31.4043025970459 31.331844329834 31.0029602050781 30.769660949707 30.2630271911621 29.4875087738037 29.9037189483643 30.2458972930908
34.1297378540039 34.0784034729004 34.0296592712402 33.9920921325684 33.9471626281738 33.603931427002 33.1491203308105 32.9032211303711 32.9026374816895 32.6860618591309 33.1513137817383 33.755859375 33.9759063720703 33.977611541748 33.8849906921387 33.6967735290527 33.5222053527832 33.3189888000488 33.1997985839844 33.4544448852539 33.5697364807129 33.6210899353027 33.5759963989258 33.6633491516113 33.5946426391602 33.4961853027344 33.3152389526367 33.0440254211426 32.9154319763184 32.7119636535645 32.2982215881348 32.0855140686035 31.6314220428467 31.4372005462646 31.373010635376 31.5061893463135 31.7489128112793 31.5911884307861 31.2397346496582 31.0422229766846 30.8446884155273 30.6461372375488 30.4069843292236 30.1020832061768 29.4934730529785 29.7613677978516
34.1746253967285 34.1084060668945 34.0583152770996 34.0402679443359 33.9617614746094 33.7465019226074 33.4583930969238 32.8838768005371 32.7712097167969 32.9475212097168 33.3947792053223 33.7953186035156 33.9394073486328 33.9241371154785 33.7886581420898 33.6188201904297 33.3179359436035 33.2348976135254 33.3346099853516 33.3553237915039 33.4884567260742 33.4214668273926 33.2379493713379 33.4733123779297 33.6364250183105 33.5089225769043 33.2844161987305 33.1298980712891 32.9891700744629 32.8748168945312 32.6757583618164 32.4473342895508 32.1353378295898 32.0705413818359 31.7430686950684 31.4034481048584 31.486722946167 31.5472602844238 31.3155536651611 31.1666030883789 31.02805519104 30.795618057251 30.2186851501465 29.852144241333 29.9664535522461 29.9782123565674
34.1883735656738 34.1823501586914 34.1259651184082 34.0838851928711 33.9674911499023 33.853759765625 33.7402114868164 33.382007598877 32.9201011657715 33.0071640014648 33.1597518920898 33.4427795410156 33.7138977050781 33.7520027160645 33.6860656738281 33.5427093505859 33.3303146362305 33.2005043029785 33.0852699279785 33.1200675964355 33.3398971557617 33.3353691101074 33.0926055908203 33.4685249328613 33.6617851257324 33.544864654541 33.3755531311035 33.2197875976562 33.1349334716797 33.0138206481934 32.8864898681641 32.6617813110352 32.3383331298828 32.5265579223633 32.3875885009766 32.013370513916 31.5639801025391 31.4445781707764 31.5494804382324 31.935188293457 31.212028503418 30.9473648071289 30.5652694702148 29.9186153411865 29.8467788696289 29.7271518707275
