inst/extdata/Tmax/Tmax87.asc
NCOLS 100 
NROWS 79 
XLLCORNER 148.06 
YLLCORNER -21.49 
CELLSIZE 0.01 
NODATA_value -3.4e+38 
[rows 20 to 39 of 79, columns 46 to 91 of 100]
33.5411987304688 31.7077598571777 31.9304733276367 33.4028778076172 33.1324882507324 32.5477485656738 32.2425155639648 30.9964027404785 32.9358062744141 34.4641799926758 35.5472145080566 35.0711555480957 35.0362396240234 35.6535377502441 35.2931137084961 35.0101928710938 35.2800216674805 35.8335456848145 35.9737777709961 35.9607696533203 35.8924865722656 35.749568939209 36.0170974731445 36.0793647766113 36.0072059631348 35.9034194946289 35.77587890625 35.7827911376953 35.7227478027344 35.3774948120117 35.4257621765137 35.6526641845703 35.5334548950195 35.2521896362305 35.2210159301758 35.1507301330566 35.0320320129395 34.992317199707 34.9500961303711 34.9049911499023 34.8062553405762 34.5613746643066 33.9099502563477 33.6951484680176 33.8447608947754 33.821361541748
33.8444023132324 31.6829166412354 30.4841709136963 32.2629508972168 32.1206398010254 31.5527725219727 32.4581031799316 30.4702701568604 31.7779312133789 33.9575843811035 35.2710113525391 33.9004135131836 33.2198371887207 35.0856437683105 33.8656005859375 33.4889984130859 34.3713455200195 35.6875152587891 35.6810111999512 36.0838165283203 36.175651550293 36.1451377868652 35.9221725463867 35.5651359558105 35.5381240844727 35.5861473083496 35.725456237793 35.674430847168 35.5635147094727 35.4627456665039 35.7422790527344 35.7587051391602 35.6843376159668 35.3067359924316 35.352710723877 35.2764930725098 35.1191787719727 35.1018218994141 35.0848274230957 35.067497253418 34.8884696960449 34.7158050537109 34.4644775390625 34.2214736938477 34.0595703125 34.0413246154785
34.4876670837402 33.9817008972168 31.9886703491211 31.3023262023926 30.7965812683105 32.0206260681152 31.3800792694092 31.6447696685791 30.9962882995605 31.9910583496094 34.3333549499512 34.7409362792969 33.1598587036133 33.5652275085449 33.1985282897949 33.7745246887207 34.8506927490234 35.2479820251465 33.8661956787109 35.1508178710938 35.9545364379883 35.9992561340332 35.372974395752 34.5249900817871 35.1116180419922 35.0786972045898 35.6483154296875 35.8162536621094 35.4968376159668 35.6829414367676 35.8408241271973 35.8555870056152 35.8353080749512 35.7407989501953 35.6049270629883 35.3972434997559 35.1921348571777 35.0421104431152 35.0961990356445 35.1616058349609 35.0062103271484 34.8944511413574 34.5925788879395 34.4430503845215 34.2929992675781 34.4222869873047
33.8077774047852 33.6353759765625 32.9800910949707 32.1326713562012 30.577169418335 31.3513698577881 32.0293388366699 32.2387390136719 31.9716701507568 31.488639831543 32.9212875366211 32.8927574157715 33.8210945129395 32.0784187316895 32.9543113708496 34.4975357055664 34.4607810974121 34.8356552124023 33.4387855529785 35.53076171875 36.2967567443848 36.1567115783691 35.1952285766602 33.819149017334 35.0503921508789 35.2069129943848 35.2933044433594 35.7383308410645 35.9153060913086 35.957347869873 35.9646530151367 35.9649696350098 35.9179229736328 35.8008079528809 35.6738662719727 35.4938888549805 35.0559463500977 34.6942481994629 34.8160400390625 35.0517234802246 34.9900207519531 35.0095176696777 34.7294120788574 34.6818046569824 34.4220352172852 34.4468650817871
31.7299423217773 33.1480674743652 33.5262985229492 33.2687454223633 32.173225402832 31.5073471069336 31.4994583129883 31.1588649749756 32.1187515258789 31.532413482666 31.5336303710938 31.0237274169922 33.0786399841309 33.9667816162109 33.108154296875 34.194694519043 34.9823226928711 35.5635223388672 35.2394599914551 36.2531814575195 36.247371673584 36.0716743469238 35.3656768798828 34.506721496582 35.2882080078125 35.5635223388672 35.2436943054199 35.3244209289551 35.4167785644531 35.89794921875 35.7298202514648 36.0370292663574 35.8847389221191 35.82568359375 35.7175254821777 35.3589973449707 35.2533073425293 34.6653938293457 34.3579368591309 34.7991561889648 34.9079704284668 34.9794387817383 34.7886962890625 34.8313446044922 34.878963470459 34.7302627563477
30.2408046722412 31.2172527313232 32.6612129211426 32.5751800537109 31.6601486206055 30.8546524047852 30.4575347900391 29.9251861572266 31.0995407104492 31.7801609039307 31.2087669372559 31.4652843475342 32.9758720397949 34.9779243469238 34.446720123291 34.5217590332031 34.6735458374023 36.0672264099121 36.1523590087891 36.1251831054688 36.1088066101074 35.7684745788574 34.498592376709 34.54248046875 34.6369171142578 35.2732810974121 34.9849166870117 34.3460388183594 34.9709625244141 36.0088005065918 35.945182800293 36.045482635498 35.9860801696777 35.9394798278809 35.781120300293 35.6099891662598 35.6128005981445 34.999698638916 34.4597587585449 34.7694854736328 34.4346199035645 34.5482482910156 34.2504653930664 34.8853378295898 34.9228172302246 34.8488960266113
30.1330604553223 29.9860744476318 30.6471118927002 31.3284111022949 32.0843811035156 29.8077659606934 29.5450134277344 30.3220176696777 30.8219776153564 31.6443195343018 31.6721439361572 32.1298522949219 34.0036430358887 34.9364395141602 35.4362373352051 35.5984306335449 35.7302513122559 36.2292823791504 35.8508033752441 35.6683959960938 35.6945991516113 35.2236099243164 35.4006996154785 35.65966796875 35.6555213928223 35.0316390991211 34.5914421081543 35.4965782165527 35.7420997619629 35.6882667541504 35.1257972717285 35.7670555114746 35.9144134521484 35.9872016906738 35.9596061706543 35.8501014709473 35.5028648376465 35.1532020568848 35.2102699279785 34.9492607116699 34.805118560791 34.2395477294922 34.7077140808105 34.8992958068848 34.7661361694336 34.6128997802734
30.3098087310791 29.8335361480713 30.1174945831299 30.3455333709717 30.871732711792 29.2914161682129 29.0135822296143 29.4044361114502 30.6174488067627 31.4466857910156 30.8779640197754 31.5238342285156 32.5239601135254 33.7761917114258 35.2504653930664 34.9062385559082 36.0121231079102 36.2515296936035 35.5287971496582 34.7641525268555 35.4142723083496 35.5944938659668 35.9057235717773 36.1270027160645 36.2303619384766 35.7886772155762 35.7732200622559 36.1260185241699 36.1817436218262 35.4497909545898 34.997371673584 35.5206909179688 35.6156616210938 36.0271873474121 36.0614547729492 35.9872550964355 35.8134994506836 35.5730133056641 35.1572685241699 34.3671112060547 34.1153717041016 33.973331451416 33.9928169250488 34.6247253417969 34.6256561279297 34.9660949707031
31.1664295196533 30.7144184112549 31.5339031219482 31.3672142028809 30.9375228881836 29.610689163208 30.3318214416504 30.0896091461182 30.377742767334 30.9866542816162 30.6808948516846 30.9936962127686 31.1482162475586 33.5521659851074 34.8401947021484 34.0996513366699 35.6222381591797 35.9070243835449 35.5826263427734 34.4272499084473 34.6983947753906 35.7909088134766 36.1902198791504 36.3113098144531 36.3219108581543 36.2078285217285 36.2119216918945 36.3200531005859 35.9066123962402 35.1814498901367 35.0381469726562 35.6819305419922 36.1032676696777 36.1287155151367 36.1066436767578 36.0678825378418 36.004322052002 35.8454132080078 35.5701560974121 34.4195709228516 33.815315246582 32.9832420349121 33.9274406433105 33.878833770752 34.7223434448242 35.0496520996094
32.9441757202148 32.7825813293457 32.1439971923828 32.0830383300781 31.509162902832 30.9803638458252 30.6602115631104 29.7270545959473 30.3308753967285 29.855899810791 29.3948459625244 30.6412868499756 31.0237350463867 33.090518951416 34.1270790100098 33.3403587341309 34.0903205871582 34.8909721374512 35.4516334533691 35.3145294189453 34.8508148193359 35.817325592041 36.2963676452637 36.076171875 36.0372505187988 35.7047691345215 36.121395111084 36.3659591674805 35.405345916748 34.5340347290039 35.1933250427246 35.7430725097656 36.0980110168457 36.1688194274902 36.1686592102051 36.0972099304199 36.0590896606445 35.9476013183594 35.7376708984375 35.3258514404297 34.6294822692871 34.102710723877 33.6403617858887 33.413646697998 34.2432327270508 34.6905326843262
31.7277412414551 31.7384204864502 31.7786540985107 31.3883666992188 30.8605995178223 31.1270771026611 30.2257022857666 29.7408123016357 29.2547225952148 29.338098526001 28.7764015197754 29.6429119110107 29.6357898712158 31.9299697875977 33.0551567077637 31.784782409668 32.3872909545898 34.0620727539062 35.4190559387207 35.9728164672852 35.4771881103516 36.0844039916992 36.29150390625 35.8566665649414 35.8254623413086 35.950366973877 36.4260368347168 36.3888893127441 35.8015022277832 35.1166725158691 35.4827613830566 35.7414665222168 36.1775245666504 36.1894798278809 36.1262893676758 36.079273223877 36.0608978271484 35.9667930603027 35.8753051757812 35.6452560424805 35.3565330505371 34.7797393798828 34.3655815124512 34.2899055480957 34.4733505249023 34.8483734130859
30.9117622375488 31.2116832733154 31.092809677124 31.0492324829102 30.1713943481445 30.9589977264404 30.0210514068604 28.838773727417 28.2697105407715 28.6372985839844 28.3226299285889 28.9669647216797 29.7116107940674 31.6232585906982 31.9721965789795 31.5699920654297 33.8783950805664 34.8765144348145 35.6362609863281 36.1289482116699 36.4201278686523 36.4586906433105 36.3865776062012 36.280200958252 36.0363845825195 36.3382301330566 36.4604034423828 36.3277282714844 35.9138374328613 35.2390556335449 35.3211402893066 35.8988876342773 36.1112442016602 35.6075286865234 35.9831466674805 36.0875625610352 36.0486488342285 35.9945106506348 35.9252548217773 35.7846717834473 35.4494094848633 34.6529693603516 34.9581909179688 34.9658660888672 34.8395957946777 34.7418174743652
30.2725009918213 30.5610332489014 30.4137935638428 30.6725044250488 30.7579174041748 30.7723197937012 30.4116821289062 29.3561363220215 29.4467887878418 29.544059753418 28.5749988555908 28.3849697113037 29.2880554199219 31.548002243042 32.1323738098145 32.7114639282227 32.7812957763672 33.6912040710449 35.6172561645508 36.2341690063477 36.4373168945312 36.3661460876465 36.195442199707 36.1332092285156 36.2877197265625 36.3633842468262 36.3258285522461 35.89794921875 34.9172782897949 35.0851173400879 35.4097900390625 36.225643157959 35.927562713623 35.322151184082 36.0234718322754 35.9356842041016 35.9499244689941 35.9849967956543 35.8600158691406 35.5372886657715 34.9070472717285 33.5958671569824 33.307933807373 34.3405876159668 34.6721382141113 34.9498138427734
30.9148807525635 30.460090637207 30.3100090026855 30.4706020355225 30.6026611328125 30.530366897583 30.0914497375488 29.7321681976318 30.284065246582 29.6267013549805 29.4948024749756 29.484188079834 30.235803604126 31.4363079071045 31.6177101135254 32.4439125061035 33.5253868103027 34.7418098449707 35.6980857849121 36.1344451904297 36.4904327392578 36.4453315734863 35.9049873352051 35.5899620056152 35.8261909484863 35.6678619384766 35.770191192627 35.9396324157715 35.8127250671387 35.7853240966797 36.1084403991699 36.3721618652344 35.6997032165527 35.595142364502 36.1896095275879 35.6398124694824 35.7639427185059 35.6992111206055 35.7561340332031 35.418384552002 33.9402694702148 33.161247253418 32.5285911560059 34.3291168212891 34.862491607666 34.6670837402344
31.3930435180664 30.1755523681641 30.1324939727783 30.2416839599609 30.3758392333984 30.2554035186768 30.2666912078857 30.7934265136719 30.4532947540283 29.7289237976074 30.8163833618164 31.3369407653809 31.5491046905518 30.8504791259766 30.8805885314941 32.0643157958984 33.4793281555176 34.9038276672363 34.9992027282715 35.8421897888184 36.3352317810059 36.3394432067871 35.8214225769043 35.5549507141113 34.7303352355957 35.3049049377441 35.843692779541 35.9983787536621 36.240119934082 36.2409820556641 36.4224586486816 36.3401107788086 36.2926406860352 36.3098373413086 36.2475509643555 35.9687538146973 34.9675598144531 35.5703544616699 35.7504577636719 35.6768951416016 35.605842590332 34.288631439209 34.1055030822754 35.4187965393066 35.6819725036621 35.6354637145996
31.4536590576172 30.4270286560059 30.10302734375 30.0352363586426 30.23828125 30.0717315673828 30.7071571350098 32.5363388061523 31.5586433410645 30.7901058197021 32.888542175293 33.6395301818848 33.2183227539062 31.0163478851318 31.4791717529297 31.6063385009766 33.7567520141602 33.8282928466797 33.6894493103027 34.666675567627 35.8846893310547 36.1172828674316 35.7602310180664 35.7465553283691 35.6004829406738 35.2383232116699 35.308536529541 35.4547233581543 36.1874122619629 36.1412200927734 36.2236557006836 36.0004272460938 36.2040863037109 36.3475074768066 36.0242881774902 35.9817543029785 35.2511940002441 35.3690032958984 35.6392822265625 35.4476699829102 35.8606147766113 35.8419075012207 35.7183036804199 35.7410354614258 35.8334350585938 35.6858825683594
31.1326522827148 30.4819145202637 30.2826232910156 30.458381652832 30.3974990844727 30.4981632232666 30.9028644561768 33.2983322143555 33.5079345703125 32.0160827636719 34.2140083312988 35.2441558837891 34.4651527404785 33.1308670043945 33.0508995056152 33.7196083068848 34.4527702331543 34.9472846984863 35.281925201416 35.6144828796387 35.852165222168 35.5476989746094 34.1263999938965 34.423999786377 34.9763298034668 34.5761604309082 34.7950172424316 35.6882171630859 36.087028503418 36.2967948913574 35.1435127258301 35.1041641235352 35.9632034301758 36.2674560546875 35.7394943237305 35.7478218078613 34.8918876647949 35.4179382324219 35.6159934997559 35.4433975219727 35.9097862243652 35.9786109924316 35.9838829040527 35.9605102539062 35.8810157775879 35.5356369018555
31.1679382324219 30.7556686401367 30.7158432006836 30.8625450134277 31.0711784362793 31.2413806915283 32.1508560180664 34.0814552307129 33.9547309875488 33.4289855957031 34.97119140625 36.2143630981445 35.2877807617188 34.0476303100586 33.456916809082 35.3151779174805 35.712459564209 35.9385299682617 36.1566848754883 36.1782722473145 35.7169799804688 35.4116439819336 35.5237159729004 34.9269981384277 35.2724342346191 35.7774772644043 36.004150390625 36.0806045532227 36.2983093261719 36.2124633789062 34.4891586303711 35.216796875 36.1145973205566 36.0161476135254 35.5389366149902 35.4728317260742 35.2851753234863 35.8150596618652 35.8278846740723 35.8185844421387 35.7653770446777 35.9195175170898 35.9515419006348 35.9429893493652 35.8457794189453 35.7817802429199
31.1040325164795 30.8062343597412 31.3950328826904 32.2545471191406 32.3853950500488 32.9255027770996 34.1281089782715 34.8029861450195 34.1437950134277 34.5649261474609 36.1559371948242 36.7213478088379 36.0997276306152 34.9484825134277 34.1266937255859 35.2655830383301 35.2589988708496 35.5859909057617 36.3987312316895 36.6131553649902 36.2760925292969 35.8850021362305 36.2511672973633 36.0316963195801 35.8799133300781 36.3824806213379 36.2618789672852 36.1634674072266 36.4345779418945 36.1787605285645 35.4959449768066 35.9874114990234 36.1632423400879 35.8185577392578 34.8024787902832 34.7397384643555 35.062442779541 35.8284683227539 35.4984130859375 35.4584274291992 35.459358215332 35.7518463134766 35.7134246826172 35.7606353759766 35.5879287719727 35.7167701721191
31.1595859527588 31.3752326965332 32.6638221740723 33.502742767334 34.2829513549805 35.3655548095703 36.0819129943848 35.287483215332 33.1687965393066 33.8658790588379 35.549674987793 36.7728881835938 36.2861404418945 35.9029197692871 34.8849296569824 35.9824333190918 36.1447486877441 35.4507369995117 36.3109359741211 36.6863822937012 36.6217422485352 36.122745513916 36.485595703125 36.5904846191406 36.4117088317871 36.4955101013184 36.2820625305176 35.4392967224121 36.3111305236816 36.4524002075195 36.3495483398438 36.2058525085449 35.8464660644531 35.4622077941895 34.5523490905762 34.5900955200195 35.3777656555176 35.2914276123047 35.1197738647461 34.9003372192383 35.0369300842285 35.3483619689941 35.1216087341309 35.4891967773438 34.9777526855469 35.3814506530762
