inst/extdata/Tmax/Tmax72.asc
NCOLS 100 
NROWS 79 
XLLCORNER 148.06 
YLLCORNER -21.49 
CELLSIZE 0.01 
NODATA_value -3.4e+38 
[rows 20 to 39 of 79, columns 46 to 91 of 100]
35.5640296936035 33.9082527160645 34.1049728393555 35.4235153198242 35.1754684448242 34.6456336975098 34.3648567199707 33.2405319213867 34.976676940918 36.3304710388184 37.2723731994629 36.8498420715332 36.8125762939453 37.3429412841797 37.022834777832 36.7670631408691 36.9948196411133 37.4657707214355 37.5786247253418 37.5598411560059 37.4934921264648 37.3603630065918 37.5828285217285 37.628532409668 37.5605926513672 37.4645233154297 37.3502807617188 37.3528289794922 37.2970542907715 36.9913940429688 37.0342330932617 37.2585372924805 37.1531867980957 36.8890380859375 36.8824195861816 36.844783782959 36.7607688903809 36.7472381591797 36.7246742248535 36.6891784667969 36.6086006164551 36.4495658874512 35.903980255127 35.7779579162598 35.9735374450684 35.970573425293
35.8277626037598 33.8801383972168 32.7569694519043 34.39306640625 34.2603492736816 33.7455215454102 34.5521011352539 32.7463684082031 33.9350662231445 35.873363494873 37.0200881958008 35.8090782165527 35.2012557983398 36.8364906311035 35.7605094909668 35.4207382202148 36.1889991760254 37.3236656188965 37.3096008300781 37.6465644836426 37.7163124084473 37.6789283752441 37.4787559509277 37.1643867492676 37.1343803405762 37.1667938232422 37.2805786132812 37.2299613952637 37.126579284668 37.0312957763672 37.302661895752 37.3238334655762 37.2578392028809 36.9088935852051 36.9758148193359 36.923656463623 36.7939414978027 36.7930335998535 36.7863922119141 36.7734642028809 36.6440277099609 36.5325241088867 36.341667175293 36.1468467712402 36.0088958740234 35.9972114562988
36.3888168334961 35.9320678710938 34.1411361694336 33.5190505981445 33.0598793029785 34.1572799682617 33.5765571594238 33.8105354309082 33.2249870300293 34.1128158569336 36.1839141845703 36.5346946716309 35.1361389160156 35.4883804321289 35.1591415405273 35.6575241088867 36.5896339416504 36.9251098632812 35.7165870666504 36.8229026794434 37.5039749145508 37.5298233032227 36.9840087890625 36.2458114624023 36.7428588867188 36.7037162780762 37.184986114502 37.3209533691406 37.0356979370117 37.2083396911621 37.3632507324219 37.3804740905762 37.3634033203125 37.2911796569824 37.1799087524414 36.9974937438965 36.8154106140137 36.6824951171875 36.7392272949219 36.8208389282227 36.708065032959 36.6360778808594 36.3771057128906 36.2542152404785 36.1194381713867 36.2463722229004
35.7749061584473 35.6149559020996 35.0242729187012 34.2609329223633 32.8387107849121 33.5519943237305 34.1541023254395 34.337085723877 34.094181060791 33.6581954956055 34.9279518127441 34.8973350524902 35.7106437683105 34.1649360656738 34.9348220825195 36.2777976989746 36.2375793457031 36.553840637207 35.3311576843262 37.1328735351562 37.7772789001465 37.6462097167969 36.813549041748 35.6210632324219 36.6706504821777 36.7923622131348 36.8560333251953 37.2274208068848 37.3995018005371 37.4441947937012 37.4553375244141 37.4551811218262 37.4185485839844 37.3233947753906 37.2165679931641 37.0560035705566 36.6496238708496 36.3121528625488 36.4327697753906 36.6832046508789 36.6485710144043 36.6925811767578 36.442497253418 36.4091720581055 36.1636810302734 36.1869621276855
33.9062690734863 35.1736602783203 35.5059509277344 35.271411895752 34.2883987426758 33.6876487731934 33.6746482849121 33.3654403686523 34.2199783325195 33.6922035217285 33.6870651245117 33.2273788452148 35.048225402832 35.8216743469238 35.0615768432617 36.0024833679199 36.676082611084 37.1657562255859 36.877197265625 37.7330551147461 37.7181854248047 37.5558586120605 36.9424324035645 36.1968307495117 36.8548965454102 37.0765991210938 36.7913970947266 36.8479614257812 36.9155502319336 37.3685035705566 37.2131233215332 37.4952659606934 37.3681945800781 37.3230590820312 37.2319183349609 36.8993682861328 36.8052864074707 36.2527160644531 35.9761619567871 36.4115104675293 36.5316390991211 36.6160888671875 36.4457817077637 36.4933700561523 36.5410575866699 36.3961143493652
32.4642181396484 33.4373359680176 34.7287063598633 34.6472091674805 33.8240585327148 33.0971984863281 32.7010955810547 32.1328163146973 33.3039474487305 33.9080505371094 33.3915939331055 33.6162147521973 34.9497375488281 36.6905403137207 36.2211647033691 36.2747421264648 36.3965034484863 37.5806121826172 37.6418571472168 37.608211517334 37.5835037231445 37.2801818847656 36.1845092773438 36.2115364074707 36.2809600830078 36.8084678649902 36.5501708984375 35.9943428039551 36.5108032226562 37.4521141052246 37.3952522277832 37.4850234985352 37.4380798339844 37.4022216796875 37.266040802002 37.1105308532715 37.1166534423828 36.5443458557129 36.0499229431152 36.3552284240723 36.0497169494629 36.1665229797363 35.8910026550293 36.4972229003906 36.5324974060059 36.5063629150391
32.3443298339844 32.1876258850098 32.895263671875 33.5259628295898 34.1990966796875 31.999755859375 31.7193813323975 32.5507278442383 33.0506248474121 33.7815361022949 33.7995223999023 34.2009963989258 35.8423690795898 36.6430854797363 37.0630264282227 37.1886405944824 37.2899856567383 37.7032661437988 37.3705062866211 37.2041244506836 37.2150840759277 36.7997932434082 36.9388771057129 37.1467895507812 37.1304473876953 36.5844841003418 36.1977653503418 36.9598846435547 37.1891975402832 37.1392707824707 36.6154098510742 37.2181091308594 37.3561058044434 37.4239616394043 37.4020767211914 37.3041305541992 36.98828125 36.6703300476074 36.7353019714355 36.4996032714844 36.3703804016113 35.843132019043 36.2883529663086 36.4747619628906 36.3844337463379 36.2807083129883
32.5220603942871 32.0133171081543 32.3171920776367 32.5612411499023 33.1029624938965 31.4360256195068 31.1395969390869 31.5577907562256 32.8533020019531 33.59521484375 33.0810432434082 33.6522407531738 34.5320167541504 35.6219673156738 36.8866653442383 36.5780906677246 37.5117645263672 37.7019691467285 37.0779914855957 36.4145545959473 36.9571800231934 37.0956573486328 37.3471794128418 37.5211067199707 37.6118774414062 37.2128753662109 37.19970703125 37.5180931091309 37.5660057067871 36.8982467651367 36.479850769043 36.9695816040039 37.0623817443848 37.4352989196777 37.4667549133301 37.3991470336914 37.2485160827637 37.0414543151855 36.659553527832 35.9244270324707 35.6913948059082 35.5613441467285 35.5866889953613 36.2090950012207 36.2428512573242 36.6053619384766
33.3783683776855 32.9493560791016 33.7007522583008 33.547306060791 33.1579666137695 31.7716636657715 32.5411529541016 32.2830238342285 32.5903701782227 33.1796760559082 32.9001045227051 33.1749877929688 33.3078422546387 35.4181175231934 36.5229682922363 35.8729934692383 37.167407989502 37.3977737426758 37.1105194091797 36.1147270202637 36.3347854614258 37.2469940185547 37.5653953552246 37.6708984375 37.6799201965332 37.5776214599609 37.5803718566895 37.673755645752 37.3097381591797 36.6383514404297 36.5076942443848 37.1078262329102 37.4841041564941 37.5070915222168 37.4877433776855 37.4511489868164 37.4001312255859 37.264232635498 37.0242576599121 35.9541511535645 35.389476776123 34.6168441772461 35.5239219665527 35.5019416809082 36.3281707763672 36.6672477722168
34.9650840759277 34.8161582946777 34.2420310974121 34.1829414367676 33.665843963623 33.188289642334 32.8844947814941 31.8900203704834 32.5333366394043 32.0273056030273 31.5356521606445 32.8556709289551 33.1918716430664 35.0075340270996 35.8991622924805 35.2072486877441 35.8462753295898 36.5214805603027 36.986499786377 36.8577651977539 36.4519653320312 37.2544937133789 37.6478729248047 37.4551048278809 37.4201164245605 37.1180725097656 37.4885597229004 37.7003517150879 36.8363265991211 36.0526542663574 36.6426086425781 37.15185546875 37.4638557434082 37.5258331298828 37.5247764587402 37.4618301391602 37.4319686889648 37.3368263244629 37.1534881591797 36.7845458984375 36.141040802002 35.6650009155273 35.2499847412109 35.0578994750977 35.8640289306641 36.3183403015137
33.8739929199219 33.8793754577637 33.9110374450684 33.5576171875 33.0806694030762 33.3153457641602 32.4150581359863 31.8984298706055 31.3803081512451 31.4688892364502 30.8699321746826 31.7924938201904 31.784481048584 33.9834671020508 34.9621696472168 33.8415489196777 34.3629989624023 35.8028221130371 36.9465942382812 37.3981475830078 36.9696388244629 37.4552230834961 37.6337661743164 37.2533798217773 37.2243804931641 37.3293533325195 37.7424850463867 37.7077102661133 37.1927795410156 36.5621452331543 36.902400970459 37.1370964050293 37.5191688537598 37.5285606384277 37.4724960327148 37.4315795898438 37.4178771972656 37.3367347717285 37.2572135925293 37.0616607666016 36.8156051635742 36.2948837280273 35.9246292114258 35.8731307983398 36.0677719116211 36.4467315673828
33.1376342773438 33.403190612793 33.2926445007324 33.2496337890625 32.3523254394531 33.1606407165527 32.1908912658691 30.9316425323486 30.325023651123 30.7162322998047 30.3803768157959 31.0662117004395 31.8581790924072 33.7076530456543 34.0089569091797 33.6469917297363 35.6464729309082 36.4877090454102 37.1183280944824 37.5054054260254 37.741397857666 37.7711448669434 37.7070693969727 37.6128234863281 37.3983001708984 37.6568298339844 37.7608108520508 37.642463684082 37.2806167602539 36.6682319641113 36.744197845459 37.2627029418945 37.4473342895508 37.0032691955566 37.3339157104492 37.4250907897949 37.3923149108887 37.3454093933105 37.2921676635742 37.178165435791 36.8898124694824 36.1701316833496 36.4722099304199 36.4973754882812 36.3980369567871 36.3267135620117
32.4502372741699 32.7566680908203 32.5992546081543 32.8735389709473 32.9634056091309 32.9776382446289 32.5932273864746 31.4702053070068 31.565881729126 31.6685886383057 30.6369705200195 30.4345531463623 31.3949680328369 33.6313133239746 34.139045715332 34.6350975036621 34.6877670288086 35.4631195068359 37.0861434936523 37.5686187744141 37.7432518005371 37.6773338317871 37.5269241333008 37.4705429077148 37.6027336120605 37.6636543273926 37.6279563903809 37.2528877258301 36.3590965270996 36.5138282775879 36.8134880065918 37.5321922302246 37.2690048217773 36.7272796630859 37.3526916503906 37.2740097045898 37.2868766784668 37.3251838684082 37.2229766845703 36.9465522766113 36.3825149536133 35.1692237854004 34.9114074707031 35.8924446105957 36.2187423706055 36.4896049499512
33.127571105957 32.6435852050781 32.4830780029297 32.6527824401855 32.7919692993164 32.7140579223633 32.2465324401855 31.8638362884521 32.4486770629883 31.7500610351562 31.6091423034668 31.5972461700439 32.3934745788574 33.5278167724609 33.6817779541016 34.3960647583008 35.3229713439941 36.3493270874023 37.1392211914062 37.4742050170898 37.7810859680176 37.7375984191895 37.2652702331543 36.9876823425293 37.1910057067871 37.0473098754883 37.133617401123 37.2802124023438 37.1678886413574 37.1422348022461 37.4225578308105 37.6486663818359 37.0579643249512 36.9662017822266 37.487117767334 37.0033111572266 37.1177406311035 37.0668983459473 37.1237449645996 36.8330192565918 35.4743843078613 34.7547340393066 34.1977996826172 35.8692512512207 36.3813362121582 36.2097015380859
33.5523109436035 32.3354759216309 32.2887077331543 32.4036254882812 32.5448341369629 32.4158020019531 32.4261474609375 32.9828681945801 32.6212882995605 31.8524742126465 32.9892807006836 33.4462585449219 33.6282272338867 33.0050163269043 33.0265312194824 34.0593147277832 35.2762603759766 36.4771194458008 36.5446586608887 37.2243423461914 37.638542175293 37.6373825073242 37.1839790344238 36.9484443664551 36.2314872741699 36.7119216918945 37.1894187927246 37.3225440979004 37.531566619873 37.5302810668945 37.6863708496094 37.6097564697266 37.5670623779297 37.5819396972656 37.5285758972168 37.2865180969238 36.3971405029297 36.9466934204102 37.1107559204102 37.0521240234375 36.9941215515137 35.8014373779297 35.6392211914062 36.850513458252 37.0927085876465 37.0591506958008
33.6023826599121 32.5969848632812 32.2517700195312 32.178638458252 32.3927726745605 32.2147369384766 32.8862342834473 34.5250396728516 33.6559982299805 32.9684677124023 34.8113899230957 35.4556503295898 35.0827293395996 33.1475028991699 33.5500755310059 33.6533050537109 35.5067405700684 35.557186126709 35.4281692504883 36.2425994873047 37.2391242980957 37.4363822937012 37.1225662231445 37.1074295043945 36.9764823913574 36.6464385986328 36.7094268798828 36.8396911621094 37.4765586853027 37.4338264465332 37.5029449462891 37.3033065795898 37.4803810119629 37.6070938110352 37.3277359008789 37.2921485900879 36.655460357666 36.7626838684082 37.0047073364258 36.8410491943359 37.2086372375488 37.1983261108398 37.0948257446289 37.1211013793945 37.2097244262695 37.084171295166
33.3109550476074 32.6494598388672 32.4366836547852 32.6215324401855 32.5554504394531 32.6603469848633 33.0783081054688 35.1875190734863 35.3625221252441 34.0501518249512 35.9532051086426 36.8214492797852 36.1485137939453 34.9927864074707 34.9151763916016 35.478343963623 36.09130859375 36.4962005615234 36.7636413574219 37.0146026611328 37.2032623291016 36.9323883056641 35.7387733459473 35.9733085632324 36.416633605957 36.0678062438965 36.2336349487305 37.0355262756348 37.380485534668 37.5603637695312 36.5427436828613 36.5031929016113 37.263599395752 37.5319404602051 37.0731620788574 37.0810394287109 36.3217697143555 36.798511505127 36.97607421875 36.8283424377441 37.2413482666016 37.3070449829102 37.3168144226074 37.3009338378906 37.2350578308105 36.9314994812012
33.3335380554199 32.9272270202637 32.8833656311035 33.0368232727051 33.2302474975586 33.3775825500488 34.1769371032715 35.8570594787598 35.7390975952148 35.2756881713867 36.5890464782715 37.5817260742188 36.8285140991211 35.7702140808105 35.2543601989746 36.8124809265137 37.1163330078125 37.2821426391602 37.4621849060059 37.477970123291 37.0734596252441 36.8040237426758 36.89599609375 36.3784942626953 36.6697273254395 37.1061401367188 37.300968170166 37.3647994995117 37.5513687133789 37.4736595153809 35.9282646179199 36.6010322570801 37.3864326477051 37.3025207519531 36.8875045776367 36.829719543457 36.6678466796875 37.1348457336426 37.1491966247559 37.1443786621094 37.0986785888672 37.2381362915039 37.2698593139648 37.2659034729004 37.1827964782715 37.1283645629883
33.2723236083984 32.9747314453125 33.5239219665527 34.2826881408691 34.392894744873 34.8621940612793 35.8998184204102 36.4712791442871 35.8961334228516 36.2482376098633 37.5331001281738 37.9702491760254 37.4648399353027 36.5290260314941 35.8207969665527 36.7600898742676 36.742431640625 36.9893112182617 37.665283203125 37.8478889465332 37.5527114868164 37.2071762084961 37.5219650268555 37.3275756835938 37.1931190490723 37.6250534057617 37.5176887512207 37.4292373657227 37.6618309020996 37.4361228942871 36.8419418334961 37.2691917419434 37.4239807128906 37.1247367858887 36.2245254516602 36.1673583984375 36.4664535522461 37.1390991210938 36.8520011901855 36.8189926147461 36.8196678161621 37.0788192749023 37.0472679138184 37.090892791748 36.9398460388184 37.0545349121094
33.3180274963379 33.5065498352051 34.6453399658203 35.375789642334 36.0465507507324 36.9405479431152 37.5060501098633 36.8565521240234 35.0467567443848 35.6421279907227 37.03515625 38.0040092468262 37.5996131896973 37.2829055786133 36.4563865661621 37.3175048828125 37.4442939758301 36.8695373535156 37.582462310791 37.9042816162109 37.845157623291 37.4068870544434 37.7179946899414 37.805835723877 37.6483917236328 37.7160415649414 37.527961730957 36.7912788391113 37.5469436645508 37.6699142456055 37.5812797546387 37.4549522399902 37.1427726745605 36.8084182739258 35.9911422729492 36.0264854431152 36.7358627319336 36.6616363525391 36.5126609802246 36.3217124938965 36.4402046203613 36.7141151428223 36.5162200927734 36.8393669128418 36.3906478881836 36.7444686889648
