inst/extdata/Tmax/Tmax36.asc
NCOLS 100 
NROWS 79 
XLLCORNER 148.06 
YLLCORNER -21.49 
CELLSIZE 0.01 
NODATA_value -3.4e+38 
[rows 40 to 59 of 79, columns 46 to 91 of 100]
22.4258251190186 23.7087783813477 23.314811706543 24.0159034729004 25.9831237792969 26.084545135498 25.8957996368408 23.9068946838379 23.6925296783447 24.1939086914062 25.6954708099365 27.8532791137695 28.3404579162598 27.8877849578857 27.0627021789551 28.9608745574951 29.9340801239014 29.3981895446777 30.4876728057861 30.4916934967041 29.87087059021 30.4481639862061 28.3541030883789 27.2393112182617 28.7165813446045 29.6778297424316 30.2323207855225 29.419490814209 29.2728176116943 29.4707908630371 29.1177177429199 30.2383670806885 29.0011692047119 26.0006504058838 27.7092761993408 32.174690246582 30.5405597686768 28.9964962005615 26.8789367675781 26.1887607574463 25.6030178070068 28.5292949676514 28.9632873535156 28.353401184082 29.7435111999512 27.0011806488037
23.5199451446533 23.4802017211914 24.9084930419922 26.2825183868408 26.6739349365234 26.3441772460938 25.6380996704102 25.4524803161621 26.8918190002441 27.1963500976562 29.9443683624268 28.8604564666748 28.6626300811768 28.3877906799316 27.8289699554443 29.8577136993408 30.0137367248535 29.854866027832 30.9318389892578 31.2397880554199 29.1646270751953 29.518798828125 25.715482711792 31.5770072937012 32.7761840820312 28.419620513916 30.4251308441162 29.4214954376221 29.6450576782227 28.8697853088379 29.4954280853271 30.0623378753662 29.9198398590088 28.9704723358154 29.4403591156006 31.4843215942383 29.75998878479 29.2165908813477 28.9674263000488 28.6955223083496 28.1952247619629 27.7704010009766 29.228630065918 28.8872470855713 28.8984241485596 28.3785037994385
24.5199813842773 25.5190353393555 25.427360534668 27.4944648742676 32.6377258300781 30.1998653411865 27.7097930908203 26.9528217315674 28.1677131652832 29.9115810394287 30.0665798187256 29.7064952850342 30.0266399383545 29.6055736541748 31.3711376190186 29.9535026550293 29.8347930908203 29.5228538513184 29.9723854064941 30.7213096618652 29.8037967681885 29.2283687591553 28.9150772094727 33.0886497497559 26.4331073760986 33.202075958252 32.5124320983887 28.3690128326416 27.7436275482178 30.3769302368164 30.0915050506592 30.4408550262451 29.7386684417725 29.1091957092285 29.5109405517578 28.3125228881836 28.4003772735596 27.9263381958008 28.0410957336426 28.5135593414307 29.6882095336914 29.8052978515625 30.1899509429932 28.8895053863525 30.9300327301025 30.8917446136475
28.0167446136475 28.8204383850098 29.019172668457 29.207706451416 29.9969806671143 29.5383605957031 29.2191734313965 28.8315696716309 29.2108325958252 29.6457023620605 30.3596057891846 30.4122409820557 30.6402759552002 30.5695114135742 30.0837593078613 29.6643581390381 29.342321395874 29.5705223083496 30.3127994537354 27.9419822692871 30.2183742523193 30.2488861083984 30.0552616119385 29.4411449432373 28.8946952819824 30.6369915008545 29.9186210632324 29.4832954406738 30.1456699371338 31.8915042877197 31.2879734039307 31.7566699981689 29.5691757202148 28.9864692687988 28.8484268188477 31.3881587982178 30.8327007293701 28.9425773620605 29.9286193847656 31.016242980957 31.6449031829834 30.8174228668213 29.2737140655518 33.5336837768555 31.1120338439941 29.1121387481689
27.8212490081787 28.0774917602539 28.1304950714111 28.5225200653076 30.1305885314941 30.8337783813477 30.2662944793701 29.4769973754883 29.8868923187256 29.5862770080566 29.3019580841064 29.3145542144775 28.9299182891846 28.7953338623047 28.680492401123 29.3077373504639 27.6989154815674 28.590368270874 29.6617832183838 30.0558433532715 31.0375747680664 31.6839942932129 31.4163513183594 30.4671077728271 28.3800487518311 28.876745223999 29.3060550689697 29.8193454742432 32.0656471252441 32.4281578063965 31.0944805145264 29.8640899658203 28.8177127838135 29.5336265563965 29.2135982513428 31.2613182067871 29.9730911254883 28.827449798584 30.1082897186279 28.6255569458008 29.2744255065918 30.8624324798584 31.3030033111572 31.2811107635498 34.1776885986328 31.0925159454346
24.0228118896484 25.4242515563965 26.9570617675781 25.3511009216309 27.1160793304443 27.8809795379639 27.7389087677002 28.1013031005859 28.4334850311279 28.5588779449463 25.4539928436279 25.67018699646 25.8891525268555 24.0551795959473 25.034158706665 26.1886329650879 28.6404876708984 28.902645111084 28.8793106079102 29.0244979858398 30.8379573822021 30.6387119293213 29.9674243927002 29.9224987030029 30.075963973999 30.6092910766602 30.6247062683105 30.6129055023193 30.2699031829834 30.4915885925293 30.1632480621338 31.3308010101318 32.208568572998 32.7009582519531 30.6962757110596 30.4470977783203 29.9560203552246 29.8152523040771 29.8042259216309 29.5407543182373 29.4020252227783 30.4866237640381 30.6742935180664 29.3834991455078 31.7134552001953 34.0862693786621
22.5329742431641 23.8073348999023 23.4320831298828 23.2213134765625 24.149585723877 24.5011138916016 24.6663627624512 25.2499141693115 25.9242095947266 25.0941772460938 24.8295841217041 24.2912044525146 24.555778503418 24.4597988128662 24.7444763183594 26.2091903686523 29.0197143554688 28.8329887390137 28.2094745635986 30.1277980804443 30.6086483001709 31.0461502075195 30.1134853363037 29.40256690979 32.0450172424316 32.2684516906738 31.3560733795166 30.6619052886963 29.7567119598389 29.6895713806152 30.9182796478271 30.7602119445801 30.2187099456787 30.5579948425293 30.850549697876 33.4810752868652 30.2989158630371 30.502649307251 29.4331398010254 29.3175983428955 29.3106479644775 31.9710655212402 30.0132236480713 32.8946838378906 31.5200252532959 30.9835529327393
22.8837261199951 22.8402118682861 22.7671661376953 22.8660545349121 22.7530002593994 23.0579166412354 23.9667377471924 24.9175491333008 25.1817817687988 25.0132808685303 25.5704364776611 24.9997253417969 25.0644931793213 26.5811367034912 27.4062004089355 29.0431423187256 29.7419986724854 29.6816730499268 29.8305530548096 31.2459850311279 33.989574432373 31.7339191436768 29.6600532531738 30.6878833770752 31.8986110687256 31.5532608032227 30.9371376037598 33.8910064697266 31.0611438751221 31.3379650115967 31.3825798034668 28.8499755859375 28.7190437316895 29.0641422271729 28.8574123382568 28.8760108947754 30.3046436309814 29.3294773101807 28.4466724395752 32.2181701660156 31.9847621917725 33.966438293457 30.5610656738281 32.6872482299805 32.428352355957 32.3623199462891
22.7288494110107 24.7205333709717 23.0343799591064 22.7190799713135 22.6539077758789 22.6116237640381 22.6660118103027 24.5647983551025 25.2455978393555 25.3929080963135 25.3326950073242 25.3835124969482 30.7172718048096 31.8948001861572 32.4238739013672 28.8643226623535 30.798282623291 27.174280166626 32.8311080932617 32.781566619873 32.5152130126953 32.8002395629883 32.2077369689941 31.783519744873 31.4911823272705 29.6023483276367 30.8179244995117 31.9839305877686 34.1501426696777 33.4421310424805 33.1984977722168 33.9614067077637 33.0694160461426 29.1098861694336 30.0913238525391 34.5116195678711 33.7009468078613 30.707691192627 30.5373153686523 30.3687152862549 28.4671936035156 29.0153999328613 29.6568241119385 30.5841674804688 29.7289600372314 30.3707466125488
24.622407913208 25.2863292694092 26.4861927032471 23.6149463653564 23.0659961700439 23.7911796569824 23.605110168457 24.4716014862061 24.7619094848633 25.3322448730469 29.6864566802979 31.2575531005859 32.5053825378418 32.5687484741211 33.0905113220215 26.2507476806641 29.4634990692139 26.5929718017578 26.9537906646729 29.5370502471924 29.5593719482422 33.8090972900391 30.2730140686035 31.1727962493896 30.9208354949951 30.0589981079102 32.0308685302734 32.1203308105469 32.6310119628906 32.7140464782715 32.4985847473145 30.8767967224121 29.2292156219482 29.7402420043945 30.4121837615967 34.666561126709 34.6504554748535 31.48557472229 30.3637619018555 30.2296524047852 30.2292232513428 29.228120803833 30.4302425384521 29.0473861694336 30.0509014129639 30.7158069610596
28.0101871490479 24.8212738037109 27.7765598297119 22.7817058563232 22.8006858825684 23.9475841522217 24.126708984375 24.8014183044434 25.4034309387207 25.9138870239258 25.9528255462646 26.2145557403564 30.8969821929932 31.6085929870605 32.2501983642578 26.192684173584 28.6951942443848 28.5870590209961 25.4083995819092 29.3221130371094 26.8761119842529 32.6767845153809 30.3476619720459 31.9066104888916 30.3467559814453 31.3571949005127 30.3714733123779 29.9852333068848 33.0436019897461 32.7672576904297 32.1623764038086 31.6452693939209 31.3438358306885 29.5817852020264 30.4459171295166 32.9047317504883 34.2758636474609 32.4187126159668 31.3346576690674 31.874267578125 30.4553413391113 29.3595275878906 29.4550361633301 28.6045074462891 30.0852451324463 30.9026336669922
23.5430297851562 22.162914276123 22.6191844940186 21.8339004516602 21.8060989379883 23.1308841705322 23.9108486175537 24.9900779724121 25.3336524963379 25.5752620697021 25.8175926208496 25.5010871887207 25.4238166809082 25.0130958557129 25.5669078826904 28.7711162567139 26.5916423797607 29.3955669403076 26.2540550231934 28.6742839813232 28.4989280700684 29.492712020874 32.6387710571289 33.4262504577637 30.6282386779785 30.8282680511475 31.5111923217773 29.6769199371338 30.1455402374268 33.6087265014648 32.0451202392578 31.352331161499 30.8111934661865 29.1902484893799 29.1051616668701 30.7838554382324 31.1898880004883 31.0542182922363 30.4944267272949 28.8388481140137 32.4931030273438 28.8348941802979 28.5825271606445 28.271411895752 28.3182048797607 29.6342182159424
21.9566745758057 27.6726989746094 28.385950088501 22.0309734344482 21.9806785583496 22.7071208953857 23.3397159576416 24.144660949707 24.6081600189209 24.906364440918 25.2788600921631 25.1236763000488 25.1562747955322 25.5636215209961 26.0505504608154 26.4920043945312 29.21653175354 29.6415996551514 29.5516738891602 30.0406703948975 28.51780128479 29.763111114502 31.3948860168457 33.5206298828125 31.3769092559814 32.205810546875 32.1504898071289 31.9866504669189 31.9292488098145 34.000560760498 32.8951263427734 32.3305931091309 32.4555854797363 32.7828483581543 29.8941707611084 28.9886112213135 30.2062740325928 27.6716461181641 29.2118225097656 29.5412063598633 29.6728210449219 28.6915531158447 33.2140846252441 29.7198066711426 28.335599899292 28.1313438415527
22.5912265777588 21.9730587005615 27.8349628448486 22.5684452056885 22.6474514007568 23.4235935211182 23.31272315979 23.9747714996338 24.9826908111572 25.4612445831299 25.7614135742188 25.9176273345947 26.0114059448242 29.7619590759277 29.8355464935303 26.8472137451172 26.6365222930908 26.8151264190674 26.8605728149414 29.659107208252 29.1739292144775 29.3988132476807 26.9908142089844 28.2088584899902 29.0601463317871 30.9204444885254 30.3021068572998 31.3415718078613 33.4529113769531 31.0385780334473 30.9204654693604 29.9970188140869 30.3711833953857 31.2223739624023 29.6622791290283 29.2957096099854 27.3141937255859 26.5150508880615 26.7681369781494 25.5543804168701 31.5635986328125 30.1786956787109 31.3897933959961 31.0369968414307 33.045539855957 28.8343448638916
23.5149078369141 22.7121028900146 22.3540649414062 22.75439453125 23.2154407501221 24.0298938751221 24.0907573699951 24.3486881256104 24.5021133422852 25.0998268127441 25.1511154174805 27.9123554229736 28.9498538970947 26.1910877227783 30.5525588989258 29.9603595733643 30.4898471832275 27.1382904052734 29.9478454589844 29.7359142303467 29.7739028930664 28.8469371795654 27.8348579406738 29.898136138916 31.7566223144531 32.0728225708008 30.21435546875 30.7131805419922 29.8616065979004 31.8374195098877 32.0509643554688 30.5818843841553 31.9866027832031 29.8923587799072 32.4740943908691 29.521110534668 33.1538619995117 29.4967517852783 29.8418865203857 28.1837368011475 29.4774036407471 30.0673809051514 29.4160614013672 29.7348899841309 30.6195468902588 31.6359405517578
23.095235824585 22.7419834136963 22.4864883422852 23.5424251556396 24.027271270752 24.5147495269775 25.082052230835 25.4027271270752 25.3550281524658 25.7165603637695 25.6262760162354 27.8135356903076 28.600980758667 30.1907691955566 30.4069633483887 29.9446392059326 30.3871250152588 30.808198928833 30.3412895202637 27.1894855499268 29.7384052276611 28.8670501708984 29.6529064178467 29.7074890136719 31.0001201629639 31.8679275512695 32.200309753418 32.7784805297852 30.104621887207 30.6587867736816 27.8224010467529 30.0011920928955 31.4543857574463 33.432258605957 32.4523963928223 26.5309677124023 29.1452445983887 30.1012554168701 28.6343040466309 29.642972946167 31.6271438598633 30.8561782836914 30.249397277832 30.667594909668 30.2478084564209 30.1229343414307
23.1106548309326 22.5189819335938 21.9588050842285 23.1375827789307 24.2027244567871 24.6327342987061 24.0883159637451 25.2509803771973 24.9189319610596 24.3936157226562 25.5037021636963 25.213472366333 25.5789794921875 28.4837951660156 26.1722354888916 29.5754928588867 29.749095916748 29.7929267883301 30.4581260681152 28.5216217041016 29.406120300293 29.86501121521 29.4296112060547 27.1130313873291 29.5990371704102 31.8517475128174 30.9638652801514 30.1749744415283 30.4383163452148 30.6449337005615 27.702657699585 25.5400047302246 26.570484161377 29.5543460845947 25.7609786987305 25.4567947387695 29.9773502349854 29.5214996337891 30.3654365539551 29.1332607269287 31.411642074585 32.6386833190918 29.0181903839111 29.3404788970947 30.2744808197021 30.914134979248
23.5261287689209 22.6149711608887 22.6987018585205 23.1898384094238 23.9231700897217 24.3194904327393 24.7683277130127 24.7842140197754 23.7577381134033 23.3487358093262 24.9814949035645 23.7884101867676 24.245189666748 24.4700317382812 28.1186847686768 29.0855541229248 26.4781742095947 29.7982234954834 27.257360458374 30.7633323669434 30.376932144165 30.672607421875 30.1350841522217 29.8447685241699 29.0267486572266 30.2964515686035 31.1512680053711 30.1445770263672 29.6132068634033 31.2922496795654 29.4583930969238 26.8830394744873 29.8402862548828 29.1029453277588 23.5089702606201 27.9323024749756 29.2744731903076 29.8459644317627 30.2208404541016 31.9358043670654 29.8827724456787 32.2651672363281 30.0085735321045 30.2910346984863 29.7653560638428 29.667610168457
23.5398025512695 23.2910423278809 23.0519561767578 23.1639575958252 23.7605533599854 24.3419876098633 24.2739715576172 24.1333904266357 23.5767307281494 24.46852684021 24.6009979248047 23.5468482971191 23.8092918395996 23.9574947357178 25.1354312896729 25.5802478790283 29.3954429626465 26.6514835357666 30.0615425109863 30.3387565612793 30.1545600891113 30.5562648773193 28.7747993469238 30.2751159667969 29.535737991333 29.6389026641846 29.4157123565674 30.5612049102783 28.872859954834 28.8788146972656 30.6027965545654 30.2842426300049 26.7403450012207 28.531120300293 29.3201103210449 30.138069152832 27.3056507110596 29.8828182220459 32.2892303466797 29.6018581390381 30.6553268432617 29.8160457611084 30.2749004364014 32.1331253051758 31.6077518463135 29.3497829437256
22.9927520751953 22.9577865600586 22.5910167694092 22.9551887512207 23.3917789459229 23.2261352539062 23.8606758117676 24.2569332122803 24.6106929779053 24.6591148376465 24.609245300293 24.8357486724854 28.0223236083984 28.7786083221436 28.6850318908691 25.4421787261963 26.2851028442383 30.1735935211182 27.5834159851074 29.7152462005615 30.0834732055664 30.7258396148682 30.8502922058105 30.1749706268311 30.3557472229004 29.3019332885742 29.7143077850342 29.649169921875 28.8992176055908 30.8734359741211 31.2683544158936 32.129280090332 28.4798336029053 29.3091297149658 29.1084136962891 24.9011554718018 28.0530414581299 30.9337882995605 32.8166160583496 27.489185333252 30.0469207763672 30.2969150543213 29.6057834625244 28.316442489624 29.9105854034424 30.7321872711182
