inst/extdata/Tmax/Tmax87.asc
NCOLS 100 
NROWS 79 
XLLCORNER 148.06 
YLLCORNER -21.49 
CELLSIZE 0.01 
NODATA_value -3.4e+38 
[rows 20 to 39 of 79, columns 0 to 45 of 100]
37.658638000488303 37.7129783630371 37.7142295837402 37.684986114502 37.7146453857422 37.8546180725098 37.7717514038086 37.7004432678223 37.635929107666 37.5398635864258 37.3461990356445 36.9003067016602 36.4130630493164 35.7262229919434 34.3119659423828 33.8582878112793 33.7922325134277 34.8545074462891 35.9909477233887 36.4641418457031 36.4886093139648 36.5087814331055 36.8768882751465 36.9103546142578 36.7521629333496 36.4511566162109 35.8087196350098 34.8221168518066 35.402286529541 35.4770660400391 36.1282424926758 36.1455612182617 36.2997779846191 36.2659912109375 36.2252502441406 35.9677429199219 35.5517807006836 35.5570755004883 35.0602188110352 35.3340072631836 35.1033973693848 34.3365020751953 34.5784187316895 34.6355438232422 34.7670631408691 34.8014602661133
37.7577934265137 37.8394927978516 37.8544998168945 37.8234939575195 37.8387870788574 37.8469161987305 37.7023506164551 37.6252021789551 37.6087608337402 37.545825958252 37.415355682373 37.2264099121094 36.9747314453125 35.9466972351074 34.3343887329102 33.995002746582 34.2648773193359 35.1567726135254 35.7092170715332 36.1205444335938 36.2627067565918 36.1744956970215 36.7510757446289 36.9053611755371 36.7012214660645 36.7222747802734 36.6957130432129 35.8792114257812 35.7161598205566 36.2775573730469 36.4080657958984 36.2949295043945 35.9453239440918 35.3031196594238 35.3258438110352 35.3039817810059 35.7881889343262 35.0402565002441 34.6171836853027 34.9532470703125 34.5417137145996 34.6365051269531 34.3395957946777 33.3670921325684 33.7167892456055 34.4461822509766
37.845458984375 37.9114608764648 37.9227333068848 37.9155197143555 37.9055671691895 37.8756980895996 37.6845817565918 37.5554466247559 37.505054473877 37.4792442321777 37.3590698242188 37.2877960205078 37.1002578735352 36.418025970459 35.2147636413574 34.3183174133301 33.6309814453125 34.1712951660156 34.7976379394531 35.6790466308594 35.8068885803223 35.9438056945801 36.6458168029785 36.4206428527832 35.9800834655762 36.3795127868652 36.4628448486328 36.549633026123 36.2495956420898 36.294792175293 36.0135383605957 35.8140449523926 35.2077217102051 34.8546524047852 34.6087646484375 34.8437194824219 34.7716102600098 34.1734008789062 34.1447105407715 34.0597534179688 33.7300033569336 32.9245185852051 33.7682609558105 33.4585037231445 32.3994979858398 33.9324417114258
37.8495483398438 37.8967628479004 37.9189376831055 37.9188537597656 37.883056640625 37.8814506530762 37.8051452636719 37.4837112426758 37.3736839294434 37.4058532714844 37.2126655578613 37.0090217590332 37.1330680847168 36.7138938903809 35.8446960449219 35.0017852783203 34.1151275634766 33.7979850769043 34.4598121643066 34.8062591552734 35.4007453918457 36.4895973205566 36.2241973876953 35.5714874267578 35.736515045166 35.8994598388672 35.5730094909668 36.5950317382812 36.6245307922363 36.4783134460449 36.2364311218262 35.0659484863281 34.7149085998535 34.9352340698242 35.2986335754395 34.8080940246582 33.8234939575195 33.2417411804199 34.0242881774902 33.4792060852051 32.7014236450195 31.1726112365723 32.0664978027344 33.3483543395996 31.4043865203857 32.8403053283691
37.8088836669922 37.8865165710449 37.9229545593262 37.895320892334 37.860466003418 37.8707504272461 37.8780937194824 37.6887588500977 37.4993934631348 37.3161392211914 37.208568572998 37.1713447570801 36.9839973449707 36.6081237792969 35.7644691467285 35.0210838317871 34.2220649719238 33.8248481750488 34.0505065917969 34.056339263916 35.3666343688965 36.2732772827148 35.0873641967773 34.508975982666 35.3954963684082 35.3763542175293 35.5815773010254 36.3799858093262 36.6513786315918 36.2385139465332 36.1816329956055 35.9333229064941 35.9059715270996 35.9703979492188 35.6237335205078 35.2976455688477 34.8659515380859 33.6724281311035 33.4346046447754 33.1591949462891 31.306676864624 30.7203197479248 31.1661109924316 33.1538467407227 31.0292148590088 31.4278011322021
37.7782287597656 37.8126640319824 37.8265266418457 37.8063888549805 37.8264198303223 37.8436698913574 37.8794326782227 37.8377456665039 37.6760177612305 37.4115104675293 37.2025032043457 37.0553359985352 36.8950157165527 36.389461517334 35.8903884887695 35.2899131774902 34.6324043273926 34.266471862793 34.7622261047363 35.5274772644043 35.5187110900879 35.4195327758789 34.9000129699707 33.5286750793457 34.0891227722168 34.9319114685059 35.1009330749512 36.4348640441895 36.6450881958008 36.2462158203125 35.3099365234375 35.9672470092773 35.8268775939941 35.6944732666016 35.4064254760742 35.068359375 34.9391098022461 33.3543281555176 31.9762763977051 32.4186935424805 30.8777713775635 31.7761859893799 32.1592636108398 33.1564407348633 32.060676574707 30.8979263305664
37.6741027832031 37.7160377502441 37.7253646850586 37.7452430725098 37.7479057312012 37.7569999694824 37.8640174865723 37.8745307922363 37.7295417785645 37.2682189941406 37.156681060791 36.863395690918 36.8656196594238 36.4485931396484 35.6099128723145 34.4585151672363 34.0565223693848 34.2691917419434 34.7890090942383 34.6956367492676 34.9068870544434 35.8812446594238 35.7292251586914 34.0983734130859 33.6641464233398 34.6806716918945 35.5518264770508 36.5197868347168 36.6140022277832 36.3703384399414 35.4674606323242 35.0575675964355 35.8975982666016 35.3267822265625 34.8571281433105 33.9701156616211 33.6667098999023 33.7926826477051 32.6519050598145 31.2480068206787 30.8333644866943 31.1629810333252 31.056510925293 32.1935920715332 31.1754035949707 30.5315914154053
37.5312309265137 37.5659675598145 37.6033248901367 37.6664390563965 37.6995315551758 37.7730331420898 37.8838844299316 37.886791229248 37.8133888244629 37.6038780212402 37.338924407959 37.0460014343262 36.9173431396484 36.7002563476562 35.6671295166016 34.4274520874023 34.0844650268555 34.0353507995605 34.1826667785645 34.1653213500977 35.405632019043 36.1235160827637 35.5257339477539 34.6000328063965 33.9900932312012 34.2490997314453 34.386417388916 36.0938529968262 36.492488861084 36.360912322998 35.4909629821777 35.4010391235352 35.7194976806641 34.9256553649902 34.1818580627441 33.5700607299805 32.5854721069336 33.3652229309082 33.1914825439453 31.216854095459 30.7748966217041 30.9523773193359 30.868839263916 31.5086841583252 30.8689365386963 30.5899906158447
36.9770812988281 36.9383850097656 37.2410507202148 37.5966491699219 37.7526435852051 37.8517456054688 37.8970336914062 37.8895263671875 37.7507514953613 37.6341209411621 37.4539680480957 36.8552780151367 36.9677925109863 36.802921295166 36.2258987426758 34.8765563964844 34.1008644104004 33.5526161193848 33.8997840881348 34.8655433654785 35.4241714477539 35.8357124328613 34.8852882385254 34.1048736572266 33.9109268188477 34.076732635498 34.5531120300293 35.5339469909668 36.3849105834961 36.4568786621094 35.8777313232422 35.5948638916016 35.1334686279297 34.0271492004395 32.7683906555176 32.3160438537598 31.9679317474365 32.1952629089355 32.3685302734375 31.9366416931152 31.3653755187988 31.510066986084 31.2105407714844 30.9732398986816 30.9874267578125 30.9164505004883
36.0083198547363 36.9791374206543 37.350944519043 37.0613632202148 37.6955947875977 37.8713188171387 37.9053802490234 37.8962631225586 37.6700286865234 37.5077896118164 37.5035972595215 37.2076797485352 36.9423484802246 36.7968063354492 36.5147590637207 35.9380493164062 35.3172988891602 33.8230438232422 34.1776008605957 34.2702484130859 34.4431304931641 35.4833679199219 35.0169715881348 34.1428604125977 33.9245681762695 33.7018928527832 33.6754913330078 35.4785957336426 36.4294319152832 36.5182189941406 35.6021194458008 34.552490234375 34.2200241088867 33.8418884277344 33.556095123291 32.4607009887695 32.3922424316406 31.9469528198242 31.4962368011475 31.7787761688232 33.7481994628906 33.8412284851074 32.6116142272949 31.0429058074951 32.1919860839844 32.3122940063477
36.3480453491211 37.3389091491699 37.3703842163086 36.7755126953125 37.6548767089844 37.8679809570312 37.9298362731934 37.9148101806641 37.8537483215332 37.6003341674805 37.4840316772461 37.4119644165039 37.2148361206055 36.9839553833008 36.656192779541 36.0022583007812 35.0765419006348 34.5821495056152 34.0912475585938 34.3742561340332 34.4637603759766 34.9485626220703 34.2907791137695 34.1092185974121 33.783390045166 33.1002616882324 33.4146156311035 35.353832244873 36.308277130127 36.361873626709 36.3462028503418 36.1553001403809 34.9248847961426 33.8980598449707 33.8279457092285 33.304573059082 33.4573669433594 33.251651763916 32.7928810119629 33.328556060791 34.9422912597656 35.0102119445801 34.5482406616211 33.931755065918 33.8040351867676 33.1617164611816
37.2056503295898 37.5169105529785 37.5893173217773 37.5918922424316 37.6925659179688 37.8642807006836 37.9044456481934 37.9037704467773 37.8560104370117 37.7784843444824 37.5755920410156 37.5111198425293 37.4040603637695 37.1755409240723 36.8767509460449 36.3316802978516 35.3814086914062 34.9041213989258 34.1388931274414 34.0240898132324 34.1042900085449 34.5871887207031 34.1852073669434 33.9090232849121 33.8447494506836 33.8802375793457 34.7579231262207 35.9504356384277 36.3775787353516 35.8055610656738 35.7116851806641 35.7244987487793 35.9627685546875 35.3997268676758 35.1072769165039 34.2818298339844 35.4022979736328 35.2420959472656 35.2123641967773 35.2300567626953 34.9837913513184 34.0127487182617 32.9789505004883 32.6247100830078 32.4781188964844 31.6704120635986
36.9112510681152 37.7274284362793 37.793872833252 37.8139228820801 37.8123817443848 37.825325012207 37.8004150390625 37.8563270568848 37.8519325256348 37.8352279663086 37.7843933105469 37.6445274353027 37.4411239624023 37.2628173828125 37.0492630004883 36.7712936401367 36.2384643554688 35.4817161560059 34.6414794921875 33.8767127990723 33.9103050231934 34.4018783569336 34.2723007202148 33.972469329834 33.8215408325195 33.996208190918 35.5719871520996 36.371208190918 36.4508590698242 36.2539405822754 35.6982536315918 35.0239486694336 35.8067588806152 35.9307861328125 35.9758110046387 35.3842849731445 35.8450241088867 35.5131378173828 35.366325378418 35.1896896362305 33.9003601074219 32.3674774169922 30.9770317077637 31.3542709350586 31.2615852355957 30.2975730895996
36.7577781677246 37.4719734191895 37.2657051086426 37.1324920654297 37.2881164550781 37.7221069335938 37.7294082641602 37.7586555480957 37.7783393859863 37.7663383483887 37.7318305969238 37.7059364318848 37.5815124511719 37.4104461669922 37.2382774353027 36.9865188598633 36.5024375915527 36.0268211364746 35.721752166748 35.0135345458984 33.9714012145996 34.2272605895996 33.9892044067383 34.0703468322754 33.942081451416 33.9157295227051 35.0736351013184 36.3200035095215 36.4132118225098 36.0548477172852 35.9024925231934 34.715877532959 35.0343704223633 35.3194847106934 35.6560745239258 35.7948265075684 35.6338653564453 35.4423141479492 35.017032623291 35.0770721435547 34.7299118041992 33.3892707824707 32.5082359313965 33.1058959960938 32.628044128418 31.3832340240479
37.1437339782715 37.463191986084 37.0038909912109 36.2604713439941 36.3833885192871 37.453727722168 37.6974029541016 37.6615715026855 37.6832809448242 37.7043876647949 37.6173439025879 37.6727638244629 37.6201324462891 37.4979286193848 37.3312759399414 37.1189346313477 36.773983001709 36.0157814025879 35.5582695007324 35.0406188964844 34.2803802490234 34.1860275268555 33.991096496582 33.7646064758301 33.7315406799316 34.145923614502 35.4085235595703 36.2852249145508 35.7203826904297 35.4725685119629 35.5956115722656 35.1944999694824 34.8335494995117 34.4773826599121 34.1887588500977 34.7219047546387 34.516284942627 34.8731307983398 34.7873420715332 34.5704231262207 34.2867660522461 34.6371803283691 34.3643798828125 34.0203971862793 33.3698921203613 32.8501396179199
37.3009262084961 37.4157905578613 37.1953086853027 36.8473320007324 36.5094680786133 37.1362915039062 37.4862022399902 37.5164451599121 37.5737609863281 37.6457862854004 37.6365623474121 37.6900215148926 37.6237106323242 37.5597534179688 37.3878555297852 37.1437568664551 36.879035949707 36.6306610107422 36.1802864074707 35.4444618225098 35.0119018554688 34.7199325561523 34.1447792053223 33.4512672424316 33.6270446777344 33.8985977172852 35.5100746154785 36.1026878356934 33.9970016479492 33.5589714050293 34.2573127746582 34.4969444274902 34.4502372741699 34.2168769836426 33.6903762817383 33.4128379821777 33.990852355957 33.8166465759277 33.7823524475098 33.7289009094238 33.441349029541 33.1151542663574 33.3836669921875 33.8996887207031 33.2166137695312 31.9870109558105
37.153564453125 37.1932067871094 37.2202033996582 36.9122047424316 36.5995712280273 36.8153343200684 37.0662574768066 37.2944145202637 37.424976348877 37.5702056884766 37.5522270202637 37.5510597229004 37.6543502807617 37.5788307189941 37.4444770812988 37.1360397338867 37.1178932189941 36.9406890869141 36.6586380004883 36.2231178283691 36.0579376220703 35.1553726196289 34.478443145752 33.9471702575684 33.9457931518555 34.3769493103027 35.549991607666 35.4317817687988 35.0966644287109 34.9766883850098 34.1118087768555 34.0414161682129 33.8353881835938 33.6796340942383 32.8915328979492 32.4472160339355 32.6790008544922 32.6192283630371 32.8763771057129 32.6560020446777 32.6422157287598 31.6380882263184 32.4094924926758 33.3453598022461 33.0848503112793 31.4837951660156
36.5465431213379 36.9230041503906 37.1579895019531 37.0416221618652 36.8175430297852 36.6729431152344 36.658863067627 37.0873527526855 37.2205619812012 37.4255523681641 37.5249710083008 37.5253448486328 37.5984497070312 37.6210174560547 37.4177131652832 37.3013458251953 37.221607208252 37.0863380432129 36.9048767089844 36.674617767334 36.4404067993164 35.6214981079102 34.3185195922852 34.4194526672363 33.6439628601074 34.2939758300781 35.3923187255859 34.7464866638184 34.962516784668 35.4968528747559 35.3620452880859 35.177619934082 34.4083709716797 33.9353942871094 32.2174415588379 30.8772621154785 30.9128856658936 30.8073177337646 30.7686824798584 31.2222023010254 31.4006175994873 31.6174945831299 31.8198127746582 32.7789764404297 32.620662689209 32.1869201660156
36.6905975341797 36.8008193969727 36.9509429931641 36.9264640808105 36.8886260986328 36.5386772155762 36.291187286377 35.9957237243652 36.7530212402344 37.333869934082 37.4933700561523 37.5454216003418 37.6405372619629 37.6399879455566 37.2885208129883 36.8226165771484 36.8550682067871 36.9170722961426 36.9727668762207 36.8332710266113 36.6686019897461 36.1941146850586 34.9175605773926 35.268180847168 34.1675834655762 34.1603965759277 34.3339233398438 34.6908836364746 33.5126609802246 34.253776550293 33.836296081543 33.9595565795898 35.3860549926758 34.8907775878906 33.8029556274414 31.3597030639648 30.4741039276123 30.4757270812988 29.8504867553711 30.2513885498047 30.8401584625244 30.8321323394775 30.9004173278809 32.3734588623047 31.8867645263672 31.3012962341309
36.7845001220703 36.6991004943848 36.7585182189941 36.5366325378418 36.7692108154297 36.6724128723145 36.4122695922852 36.1143188476562 36.3398818969727 37.0482368469238 37.3405303955078 37.5652770996094 37.6191902160645 37.5824966430664 37.5160179138184 37.0464134216309 36.6083335876465 36.3738021850586 36.6894569396973 36.8361930847168 36.6743392944336 36.5047149658203 36.129467010498 35.4616050720215 34.2306709289551 33.984561920166 33.9348335266113 34.0330123901367 34.0907592773438 33.4947814941406 32.8695793151855 33.7181701660156 35.0885963439941 34.2335891723633 34.4839286804199 33.8696365356445 33.392162322998 33.2460174560547 32.1645851135254 30.9687995910645 31.7320804595947 31.3872966766357 31.8081512451172 32.0115585327148 31.6786041259766 31.1601943969727
