inst/extdata/Tmax/Tmax14.asc
NCOLS 100 
NROWS 79 
XLLCORNER 148.06 
YLLCORNER -21.49 
CELLSIZE 0.01 
NODATA_value -3.4e+38 
[rows 20 to 39 of 79, columns 46 to 91 of 100]
19.7332191467285 18.0286998748779 17.6954765319824 18.9439945220947 18.6208934783936 18.2683925628662 17.2163715362549 16.1945781707764 18.4335193634033 20.0563297271729 20.6564979553223 21.0186195373535 20.9045124053955 21.5659999847412 20.518970489502 21.0547199249268 21.2410182952881 21.6753711700439 22.9055995941162 22.731258392334 24.5628776550293 26.7220764160156 27.7846565246582 27.4506130218506 25.9606304168701 26.350757598877 27.0905857086182 25.5770950317383 24.636547088623 25.5430698394775 24.7529392242432 25.4608764648438 25.8511276245117 26.7179107666016 26.4355239868164 25.0196933746338 24.4348278045654 24.3070621490479 25.7280044555664 27.0673828125 26.0980472564697 26.6672267913818 25.871166229248 25.5373840332031 25.7010231018066 26.4468822479248
22.2169589996338 17.1167678833008 16.6342067718506 17.8891468048096 17.6412200927734 16.9475002288818 17.899600982666 16.4554462432861 17.3840847015381 19.6051864624023 21.6736640930176 19.311185836792 18.7850933074951 20.8660182952881 19.4011306762695 19.4201984405518 20.2195053100586 21.7480773925781 21.5515213012695 22.1777877807617 24.7396907806396 27.0946826934814 21.8433895111084 21.6913776397705 25.0741519927979 26.7109127044678 27.9008655548096 24.4055309295654 25.270622253418 24.1586055755615 24.5075874328613 24.4585094451904 25.0299339294434 24.4974021911621 26.0405731201172 25.8300113677979 25.7271347045898 25.9484214782715 25.1055355072021 28.2689609527588 27.0312919616699 25.8088531494141 24.6345119476318 23.9374160766602 23.2256088256836 23.4825210571289
23.1903705596924 19.1850547790527 17.7775592803955 17.4826564788818 16.6311264038086 17.6514377593994 16.9529914855957 17.5220336914062 16.8125400543213 17.6721878051758 19.8821430206299 20.2553215026855 19.1479015350342 19.1380653381348 19.0026359558105 19.6133518218994 20.4443702697754 20.9682712554932 19.8385887145996 21.0148105621338 26.6793994903564 24.8997936248779 21.4853591918945 20.6773262023926 21.2259712219238 21.3853969573975 24.4522285461426 27.0562419891357 23.8075828552246 26.6229190826416 27.5549716949463 28.8872203826904 26.0340061187744 24.9286346435547 25.8466682434082 26.3290119171143 27.6662101745605 27.2767333984375 28.5341854095459 26.7132034301758 25.718147277832 26.5794429779053 25.8148365020752 25.9145221710205 22.0186767578125 22.1494293212891
23.0916709899902 18.9661998748779 18.7397212982178 17.6538772583008 15.6949729919434 17.174129486084 17.9750823974609 17.3867149353027 17.3425483703613 17.557767868042 18.6787719726562 18.0781841278076 19.1632843017578 18.2906284332275 22.6401481628418 24.0414581298828 19.9678211212158 20.3699550628662 19.4718818664551 20.8803596496582 25.3931579589844 23.9803295135498 22.5829181671143 19.9292259216309 20.7628402709961 21.4119758605957 21.6741695404053 25.7813987731934 25.2433567047119 23.7115383148193 24.9848785400391 25.1956787109375 25.6829433441162 25.2703399658203 25.2108631134033 25.3784027099609 26.2546615600586 27.4002304077148 27.6787853240967 27.6455745697021 27.2337608337402 26.7681579589844 25.3524589538574 25.6022415161133 23.9718914031982 21.4285469055176
21.6121768951416 21.9580020904541 22.1035060882568 18.7267990112305 18.3839588165283 17.5491504669189 17.153392791748 17.2189140319824 17.9809055328369 17.3440818786621 17.6631374359131 17.1586647033691 18.9098815917969 25.7607154846191 18.8004989624023 19.9280414581299 20.7965030670166 21.1060104370117 20.6798992156982 22.1763343811035 24.8780918121338 24.6381893157959 21.7315196990967 20.8373184204102 21.042537689209 21.6995677947998 21.3672790527344 21.5019187927246 21.4589939117432 25.3691864013672 27.0579643249512 26.3995914459229 25.0358829498291 25.7239818572998 24.3997287750244 23.9500503540039 26.5309581756592 21.5660991668701 26.2929248809814 27.3930969238281 27.6993446350098 25.7276496887207 27.8002243041992 26.7433185577393 25.3662624359131 23.2102165222168
16.4539394378662 17.4683971405029 18.3785629272461 18.3147106170654 17.6467723846436 16.7229042053223 16.3185157775879 15.8924150466919 17.1810283660889 17.7014122009277 17.3579769134521 17.3590450286865 19.065710067749 20.4306945800781 20.3521175384521 20.374153137207 20.502462387085 23.6827983856201 25.0217227935791 22.1490345001221 22.0818099975586 22.0276470184326 20.5729885101318 20.403018951416 20.6473121643066 21.4055500030518 21.4555244445801 20.7481727600098 24.2106895446777 22.4671096801758 26.9938201904297 26.0894145965576 27.1770343780518 24.395191192627 25.0801525115967 23.8895034790039 25.5343189239502 23.5896797180176 23.7384376525879 27.3137989044189 23.5030212402344 21.2461795806885 21.028995513916 25.905403137207 26.4805011749268 23.9952011108398
16.2278385162354 16.266788482666 16.87331199646 17.4034194946289 17.7564888000488 15.4746589660645 15.1683835983276 16.0727005004883 16.7389526367188 17.5096130371094 17.7146987915039 18.3257923126221 20.0260734558105 20.9680652618408 21.0441265106201 21.2960014343262 22.7400283813477 22.9512748718262 22.9768581390381 21.8856468200684 21.6529388427734 22.8730487823486 23.0813522338867 22.7969970703125 25.5608768463135 21.1008548736572 23.6224269866943 23.317195892334 21.9663848876953 21.3668422698975 20.8513870239258 28.4842700958252 23.8143424987793 24.4778079986572 26.0674266815186 25.0654106140137 25.6276683807373 24.4814739227295 21.8015937805176 22.0976123809814 27.0538101196289 25.5866317749023 21.9831714630127 21.6035003662109 25.6941204071045 24.925537109375
16.7178821563721 16.0709266662598 16.3198184967041 16.4829292297363 17.0451736450195 15.0837659835815 14.7973928451538 14.9234142303467 16.5512390136719 17.4932899475098 16.9873428344727 17.2230739593506 18.7015514373779 19.7360725402832 21.0707168579102 20.6849975585938 21.4698963165283 23.0085697174072 21.755126953125 20.7055702209473 21.6875076293945 22.9149284362793 24.87624168396 27.4567546844482 27.025203704834 26.8816776275635 22.9980983734131 24.0447883605957 22.3249320983887 21.4658985137939 21.3302192687988 26.6165332794189 24.935375213623 23.6713180541992 24.4468154907227 24.54026222229 24.5632667541504 25.2912616729736 22.0930557250977 20.9169425964355 20.6410293579102 20.2615203857422 24.4335689544678 21.0463809967041 22.0115509033203 24.0193920135498
17.5887126922607 16.8861408233643 17.1036682128906 16.6120529174805 16.7009601593018 15.2279529571533 16.4622211456299 16.0580577850342 16.4517002105713 16.6940174102783 16.8029956817627 17.1163463592529 17.1878280639648 18.9806118011475 20.3742275238037 20.0485782623291 21.4340171813965 22.4356021881104 21.678747177124 20.466157913208 20.7339897155762 24.7632102966309 25.6869621276855 27.4704360961914 27.0486717224121 28.073657989502 24.4075126647949 26.758508682251 24.1490325927734 21.152099609375 21.2910823822021 25.4207801818848 25.5376815795898 25.259880065918 23.3868141174316 24.1739196777344 25.4475059509277 25.5097389221191 27.4813747406006 24.3472652435303 26.5050563812256 25.1789493560791 20.372163772583 20.931697845459 26.3069095611572 25.3200874328613
18.563985824585 18.5015335083008 17.8782405853271 17.9927062988281 17.2008991241455 16.8689804077148 16.8514976501465 15.6920394897461 16.2835540771484 16.074878692627 15.3075180053711 16.6430034637451 16.9430351257324 18.9240856170654 19.6118507385254 18.6339130401611 20.07346534729 20.6576194763184 20.7724208831787 21.0673274993896 20.9643211364746 22.6387557983398 23.273380279541 25.6290073394775 27.8039283752441 25.8406352996826 25.8594856262207 24.2792625427246 24.5296573638916 20.941499710083 21.1990642547607 23.8848304748535 24.8933372497559 23.5258235931396 25.0944652557373 23.1896057128906 25.2620639801025 23.9359951019287 26.0558567047119 22.3417949676514 21.2637786865234 20.7757263183594 22.8318519592285 20.1344108581543 21.8486518859863 23.4278182983398
17.291109085083 17.127161026001 17.36643409729 17.1816730499268 17.0606460571289 17.1343040466309 15.8396530151367 15.7982559204102 15.1310300827026 15.6800317764282 14.6330451965332 16.2303638458252 15.7610702514648 17.6512298583984 18.7120323181152 17.568000793457 17.9563884735107 20.0305500030518 21.0031471252441 22.5688591003418 21.6996765136719 22.2556800842285 23.3374881744385 23.9198036193848 24.0500335693359 24.5916309356689 25.4066638946533 26.699878692627 26.8008480072021 25.4210796356201 23.0397415161133 24.2840099334717 25.3460292816162 24.8103370666504 26.9431743621826 27.787166595459 24.6929969787598 23.5194034576416 23.7306346893311 24.5646839141846 23.920316696167 23.0834312438965 20.906042098999 25.4667301177979 26.0369625091553 23.0173225402832
16.4155044555664 17.0405941009521 17.206714630127 17.1304950714111 16.2251853942871 17.1643619537354 15.9897775650024 14.8283796310425 14.1405048370361 14.0858554840088 14.1674842834473 14.8021841049194 22.2495384216309 17.8654727935791 17.6522006988525 17.4773769378662 19.5099411010742 20.5559940338135 21.1958923339844 21.7895164489746 24.9219226837158 23.7061996459961 24.1208000183105 23.6569671630859 24.3012447357178 25.7065448760986 27.8777389526367 25.5233592987061 26.1922035217285 23.1442909240723 21.3870277404785 24.5237274169922 24.7611598968506 23.4252548217773 26.0115547180176 27.8698654174805 26.8255958557129 23.6868553161621 24.2890529632568 26.7925262451172 22.3486747741699 21.580322265625 23.3938369750977 22.9434852600098 25.3309669494629 24.8739051818848
16.2342414855957 16.6639213562012 16.6434459686279 16.9640254974365 16.9770221710205 16.9085903167725 16.7603988647461 15.5580949783325 15.2037515640259 15.27308177948 14.2418079376221 14.3006477355957 15.3400497436523 17.5642719268799 17.6018962860107 18.5919208526611 19.0258636474609 19.591926574707 21.0136642456055 21.6620597839355 23.159969329834 23.121129989624 23.173583984375 22.9450798034668 23.8118724822998 25.7808971405029 27.6952323913574 24.4014587402344 21.1390037536621 21.2345848083496 21.3847389221191 25.3441314697266 26.8630771636963 23.4019260406494 25.9155349731445 27.5935459136963 23.8800354003906 23.8869476318359 25.1049175262451 26.058521270752 26.374454498291 25.8770427703857 19.6377067565918 20.6302146911621 20.6733360290527 21.0119857788086
16.5424766540527 15.8465595245361 16.0825042724609 16.7268753051758 16.8687553405762 16.8014469146729 16.3881759643555 15.8929309844971 16.395076751709 15.9001531600952 15.5622825622559 15.4497146606445 16.633092880249 17.3007354736328 17.1229476928711 18.6264953613281 19.4488277435303 20.1969127655029 20.9915866851807 21.281005859375 24.1675910949707 26.9968643188477 28.3453216552734 21.8341655731201 21.8522205352783 21.897647857666 21.6724472045898 24.3086585998535 23.3623142242432 24.984546661377 24.3863048553467 24.900764465332 23.8559322357178 25.7261409759521 26.1406803131104 21.7427749633789 24.9883403778076 24.7849464416504 26.4714260101318 26.5565929412842 23.6190166473389 24.8276767730713 24.1530456542969 22.8195095062256 22.9587917327881 22.4650211334229
17.6103744506836 16.2558364868164 16.1306190490723 15.7875852584839 16.5809879302979 16.4768867492676 16.4566497802734 17.1966037750244 16.7671718597412 15.9004373550415 16.5830707550049 17.101318359375 17.6075534820557 16.4657344818115 16.8701171875 18.0800113677979 19.742115020752 20.8576812744141 20.2970390319824 21.4876708984375 23.6012535095215 26.543529510498 27.1945667266846 21.7651557922363 20.9645805358887 21.3157730102539 21.9147624969482 22.0301532745361 23.6636734008789 23.9212970733643 26.692268371582 28.0538997650146 28.6476268768311 26.2943725585938 27.218900680542 23.9276790618896 24.9593467712402 25.3059577941895 24.5531005859375 25.6010475158691 26.297342300415 23.6225395202637 21.2221813201904 24.0037784576416 23.6582489013672 24.5122299194336
17.3225021362305 16.4262733459473 16.153938293457 16.1891746520996 16.4326133728027 16.3189487457275 16.9538078308105 18.206521987915 23.4751281738281 16.2027969360352 18.4827556610107 19.0923767089844 19.0590496063232 16.7101287841797 17.5270576477051 17.6751613616943 19.1507930755615 19.6125259399414 19.5587825775146 20.7265815734863 21.5856819152832 22.2139778137207 24.0103530883789 27.1433372497559 22.1389846801758 21.5099925994873 20.9928245544434 21.188663482666 24.3131446838379 28.5937023162842 24.8356437683105 21.9873275756836 27.7715396881104 25.9235992431641 25.6362934112549 22.3670959472656 24.3700752258301 23.6805286407471 27.3515281677246 26.985071182251 25.1767921447754 25.2442531585693 24.724681854248 24.8469982147217 24.9521980285645 26.3137016296387
16.7003078460693 16.4384994506836 16.2060146331787 16.5507678985596 16.6321907043457 16.8292808532715 17.0549201965332 19.040225982666 19.1212673187256 17.5376796722412 19.9584197998047 20.6291465759277 20.2292556762695 18.7055702209473 18.8364562988281 19.5222129821777 20.1108684539795 20.798583984375 21.1061763763428 21.3571949005127 21.6691036224365 22.0662631988525 20.1748561859131 20.3186073303223 20.9072895050049 20.4317970275879 20.8608798980713 26.639440536499 24.3697872161865 28.068546295166 21.2902793884277 20.6758136749268 21.4691314697266 25.2094459533691 25.8566646575928 24.6914005279541 23.0788173675537 24.4865417480469 24.2290477752686 25.2073516845703 26.4815082550049 27.3699493408203 27.1982078552246 26.9700889587402 25.7779636383057 26.1223239898682
16.8171710968018 17.4911766052246 16.4304218292236 16.9421005249023 17.0260753631592 17.7187614440918 18.2489490509033 21.7219676971436 19.7663249969482 19.4777412414551 20.630054473877 21.5925273895264 20.8582000732422 19.9309368133545 20.0543632507324 21.2029628753662 21.6332530975342 21.6455554962158 22.8250751495361 22.5239925384521 24.0169544219971 22.4655303955078 21.6688671112061 21.1257476806641 21.4736270904541 21.8280296325684 24.4885501861572 23.5493278503418 23.4245300292969 23.6576671600342 22.445255279541 23.4420738220215 22.4249801635742 24.926778793335 21.748291015625 25.2747936248779 26.2502937316895 26.1393146514893 26.0730895996094 23.4637870788574 24.0458126068115 25.5782165527344 24.7252922058105 25.9232120513916 26.456995010376 26.518741607666
18.2627429962158 18.1345157623291 16.9884414672852 18.1335525512695 18.2306938171387 18.5635356903076 19.2953701019287 20.6374740600586 19.6391563415527 20.202974319458 22.0300712585449 23.6501903533936 21.7220191955566 20.8024959564209 20.0116500854492 21.0073223114014 20.933967590332 21.4638748168945 22.4539413452148 27.0606441497803 22.429235458374 22.7816333770752 24.9819450378418 24.3328285217285 24.1261901855469 23.8235492706299 25.5094203948975 24.7597980499268 25.3280906677246 24.7689476013184 23.1484451293945 23.8407897949219 25.7075805664062 25.4456729888916 21.5229263305664 20.8397006988525 21.2700061798096 22.4756679534912 22.0174179077148 24.0772914886475 27.6490478515625 27.2365341186523 24.2516689300537 23.6024703979492 22.0945415496826 22.29714012146
17.4709205627441 17.5085201263428 17.8532791137695 19.3355236053467 19.9314785003662 20.5373802185059 21.6567726135254 20.1683788299561 19.2193470001221 19.6976909637451 20.4795551300049 22.5536651611328 22.1358890533447 21.7108249664307 20.6808853149414 23.1799907684326 22.9637069702148 25.0969848632812 27.5123634338379 25.3735942840576 25.6376609802246 24.3973484039307 23.7856330871582 24.2020473480225 24.3265438079834 23.928014755249 23.9021587371826 23.6907291412354 24.2247867584229 25.3203353881836 24.6809196472168 24.1224174499512 22.028470993042 21.7873592376709 20.6998538970947 23.8824901580811 25.1903591156006 21.646598815918 21.6143932342529 21.4498901367188 21.3293151855469 24.027379989624 23.5553436279297 24.7350616455078 23.3098335266113 22.7577819824219
