inst/extdata/Tmax/Tmax57.asc
NCOLS 100 
NROWS 79 
XLLCORNER 148.06 
YLLCORNER -21.49 
CELLSIZE 0.01 
NODATA_value -3.4e+38 
[rows 20 to 39 of 79, columns 0 to 45 of 100]
39.675148010253899 39.6995048522949 39.6817932128906 39.6442413330078 39.6495170593262 39.734317779541 39.6546974182129 39.5858345031738 39.5215835571289 39.4338645935059 39.273380279541 38.9176902770996 38.5152931213379 37.9297943115234 36.7198600769043 36.3162956237793 36.2413940429688 37.1198043823242 38.0497932434082 38.4166259765625 38.4157867431641 38.4092826843262 38.682502746582 38.6869735717773 38.5391235351562 38.2750091552734 37.7270088195801 36.8795356750488 37.3424949645996 37.3815727233887 37.8947944641113 37.8828544616699 37.9834289550781 37.9310760498047 37.8727149963379 37.6376266479492 37.2682838439941 37.2466011047363 36.808521270752 37.0091209411621 36.7911071777344 36.1257858276367 36.2985954284668 36.3185119628906 36.399543762207 36.3994026184082
39.7576522827148 39.8015556335449 39.7936477661133 39.7548789978027 39.7494506835938 39.7385902404785 39.6140556335449 39.5406913757324 39.5114326477051 39.4478874206543 39.3341827392578 39.1734466552734 38.9662399291992 38.1302719116211 36.7576370239258 36.451244354248 36.6608505249023 37.3922424316406 37.8336410522461 38.1528205871582 38.2481918334961 38.1530532836914 38.5972366333008 38.6963996887207 38.5130462646484 38.5071868896484 38.4630126953125 37.7761001586914 37.6186256408691 38.0544738769531 38.1357879638672 38.0181655883789 37.7092933654785 37.1550788879395 37.1490631103516 37.1057510375977 37.477222442627 36.8338317871094 36.455753326416 36.7090644836426 36.3403663635254 36.3923645019531 36.1169509887695 35.2827415466309 35.5456886291504 36.1216812133789
39.833869934082 39.8660774230957 39.8553619384766 39.8338241577148 39.8100967407227 39.7717742919922 39.613353729248 39.5016975402832 39.4473915100098 39.4109840393066 39.3044929504395 39.231128692627 39.0728569030762 38.5321197509766 37.5202178955078 36.7453193664551 36.1444129943848 36.5809898376465 37.0898933410645 37.8066711425781 37.8915901184082 37.9814376831055 38.5300025939941 38.326774597168 37.9457817077637 38.2485771179199 38.2928314208984 38.3371505737305 38.0719184875488 38.0846214294434 37.832145690918 37.6428298950195 37.1177978515625 36.7995567321777 36.5698394775391 36.7408561706543 36.6538925170898 36.1299743652344 36.0806655883789 35.9842414855957 35.6841316223145 34.9904594421387 35.661937713623 35.3787727355957 34.4793472290039 35.7158470153809
39.8462142944336 39.864818572998 39.8620262145996 39.8456687927246 39.8033027648926 39.785343170166 39.7104225158691 39.4580879211426 39.3593788146973 39.3659744262695 39.2044486999512 39.0309524536133 39.1067047119141 38.770336151123 38.0627288818359 37.3400077819824 36.5728797912598 36.2836685180664 36.8229179382324 37.0943222045898 37.5710639953613 38.4399871826172 38.204776763916 37.646842956543 37.7611083984375 37.8726806640625 37.5811309814453 38.3876342773438 38.3872451782227 38.246395111084 38.0275573730469 37.0402450561523 36.7238922119141 36.8829765319824 37.159252166748 36.727596282959 35.8808670043945 35.3718643188477 35.9979782104492 35.5196266174316 34.850284576416 33.5706176757812 34.2763442993164 35.3061714172363 33.6859397888184 34.8347358703613
39.8256683349609 39.8665924072266 39.8742027282715 39.8379516601562 39.7962188720703 39.7868881225586 39.7723579406738 39.6178855895996 39.4616737365723 39.3083648681641 39.2104721069336 39.1623382568359 39.0033073425293 38.6981773376465 38.0133895874023 37.3737983703613 36.6813049316406 36.3246612548828 36.4955177307129 36.4804039001465 37.5593032836914 38.2811393737793 37.2823600769043 36.7766075134277 37.4951248168945 37.4569244384766 37.6039962768555 38.2297439575195 38.4168548583984 38.0679359436035 37.9975967407227 37.769775390625 37.7226371765137 37.7497482299805 37.4418029785156 37.1485557556152 36.7648086547852 35.7484169006348 35.5260772705078 35.2728729248047 33.7236213684082 33.1952209472656 33.5602111816406 35.1643486022949 33.4014892578125 33.700927734375
39.8122329711914 39.8218231201172 39.8133010864258 39.7824897766113 39.7805976867676 39.7764282226562 39.7824401855469 39.7351188659668 39.6002502441406 39.388256072998 39.2148666381836 39.0840339660645 38.9447555541992 38.5378303527832 38.1283226013184 37.6158866882324 37.0449523925781 36.7154273986816 37.1124038696289 37.7303161621094 37.7019920349121 37.5967407226562 37.1427383422852 35.970272064209 36.4201431274414 37.1038093566895 37.2220153808594 38.2826652526855 38.4195175170898 38.0885238647461 37.3000602722168 37.8119735717773 37.6729698181152 37.539924621582 37.2788505554199 36.9753189086914 36.841381072998 35.5025024414062 34.3392524719238 34.6801300048828 33.3856964111328 34.1040992736816 34.3917465209961 35.1851768493652 34.2614097595215 33.2912864685059
39.7444190979004 39.7598838806152 39.7482376098633 39.7467613220215 39.7323341369629 39.7223434448242 39.7803115844727 39.7706184387207 39.6481323242188 39.2903861999512 39.1893272399902 38.9472122192383 38.9308547973633 38.5923690795898 37.9150199890137 36.9357032775879 36.5774078369141 36.7354316711426 37.1520843505859 37.0533790588379 37.2094421386719 37.9923210144043 37.8467674255371 36.4669570922852 36.0811462402344 36.9110450744629 37.6109466552734 38.3550567626953 38.4035034179688 38.1952018737793 37.4453887939453 37.0816879272461 37.7450904846191 37.2541809082031 36.8422508239746 36.0823745727539 35.8043403625488 35.8841171264648 34.9157028198242 33.738395690918 33.3608856201172 33.6230392456055 33.5113143920898 34.4146041870117 33.5598220825195 32.9906387329102
39.6497039794922 39.6602478027344 39.6696624755859 39.7002944946289 39.708324432373 39.7454948425293 39.8061676025391 39.7909812927246 39.720401763916 39.5500869750977 39.3364181518555 39.0962448120117 38.9807014465332 38.7968788146973 37.9717216491699 36.9286193847656 36.6202735900879 36.5576515197754 36.6618041992188 36.6270561218262 37.6426124572754 38.1921043395996 37.6968460083008 36.9060249328613 36.3739166259766 36.5691184997559 36.6617774963379 38.0386009216309 38.3212432861328 38.197868347168 37.4818229675293 37.3818550109863 37.6170425415039 36.9415092468262 36.3014717102051 35.7696952819824 34.9286041259766 35.5497245788574 35.3814086914062 33.7342300415039 33.322883605957 33.4731674194336 33.3715438842773 33.8757820129395 33.3291664123535 33.0602188110352
39.2388877868652 39.1944160461426 39.4073753356934 39.6574363708496 39.7558898925781 39.8114471435547 39.8243942260742 39.801643371582 39.6833686828613 39.5803337097168 39.429759979248 38.9598236083984 39.0270843505859 38.8835067749023 38.4202766418457 37.3229370117188 36.651782989502 36.1687355041504 36.4414672851562 37.2311553955078 37.6736717224121 37.9760665893555 37.182430267334 36.5090255737305 36.3252334594727 36.4423599243164 36.817813873291 37.6041641235352 38.247127532959 38.278564453125 37.8110961914062 37.5556297302246 37.1533050537109 36.2146606445312 35.1468238830566 34.7497100830078 34.4380226135254 34.6022415161133 34.7214012145996 34.342960357666 33.8522644042969 33.9463729858398 33.6762466430664 33.459358215332 33.4465599060059 33.3646278381348
38.4902801513672 39.2343635559082 39.4987106323242 39.264217376709 39.7226753234863 39.8342399597168 39.8388824462891 39.8146514892578 39.6325378417969 39.4955558776855 39.4743194580078 39.2338066101074 39.0158615112305 38.8869438171387 38.6524276733398 38.1853866577148 37.6759262084961 36.4143600463867 36.6926116943359 36.7501182556152 36.8743476867676 37.7077827453613 37.3084869384766 36.5582389831543 36.3542366027832 36.1464920043945 36.1027603149414 37.574462890625 38.2887001037598 38.3325729370117 37.6033477783203 36.7148361206055 36.4156913757324 36.0785102844238 35.8178939819336 34.8879928588867 34.8065910339355 34.4168930053711 34.0243186950684 34.2323875427246 35.824104309082 35.8735008239746 34.8376388549805 33.5345268249512 34.443302154541 34.5149536132812
38.7677955627441 39.5160636901855 39.5217704772949 39.0539169311523 39.7011184692383 39.839973449707 39.8645477294922 39.8360366821289 39.774055480957 39.5715103149414 39.4678115844727 39.3935127258301 39.228572845459 39.0367431640625 38.7691192626953 38.2443885803223 37.4933815002441 37.0691413879395 36.6375617980957 36.8545417785645 36.9087448120117 37.2898406982422 36.7204704284668 36.547477722168 36.2537384033203 35.661205291748 35.9026031494141 37.4874153137207 38.2043685913086 38.2218818664551 38.1863632202148 38.0147361755371 37.0140151977539 36.1425094604492 36.0604591369629 35.6036796569824 35.7039337158203 35.5098037719727 35.1070976257324 35.5222282409668 36.8158149719238 36.8424110412598 36.4369316101074 35.9066619873047 35.7744827270508 35.2236824035645
39.4388961791992 39.6577110290527 39.6933212280273 39.6790542602539 39.7367630004883 39.8452453613281 39.8541488647461 39.8360023498535 39.783561706543 39.7092628479004 39.5429191589355 39.4743804931641 39.3768157958984 39.188304901123 38.9448471069336 38.509033203125 37.745548248291 37.3450126647949 36.6949348449707 36.5784912109375 36.6252479553223 37.0060157775879 36.6494827270508 36.3975448608398 36.3225440979004 36.3306045532227 37.0380249023438 37.9607734680176 38.2649002075195 37.8036079406738 37.7079582214355 37.6921997070312 37.8515968322754 37.392448425293 37.1288681030273 36.4271926879883 37.3139152526855 37.1569061279297 37.1051940917969 37.091438293457 36.8640289306641 36.0461235046387 35.1728744506836 34.8576202392578 34.7120895385742 34.0307350158691
39.2249908447266 39.824405670166 39.8544692993164 39.8527755737305 39.8350067138672 39.8274421691895 39.7892074584961 39.8122291564941 39.7911262512207 39.760814666748 39.7055397033691 39.5823287963867 39.4143676757812 39.2634773254395 39.0849800109863 38.8560791015625 38.4284515380859 37.8153495788574 37.1283683776855 36.4739036560059 36.4817123413086 36.870059967041 36.7408447265625 36.4694328308105 36.3221473693848 36.4461708068848 37.7021713256836 38.293140411377 38.330451965332 38.1578598022461 37.7082633972168 37.1534614562988 37.7421531677246 37.8127555847168 37.8220596313477 37.341968536377 37.6673583984375 37.3866958618164 37.2452926635742 37.0748062133789 35.9992523193359 34.7202758789062 33.5623092651367 33.8443565368652 33.7448768615723 32.9056701660156
39.1150016784668 39.6427536010742 39.4697761535645 39.3533706665039 39.4545974731445 39.7598571777344 39.7452278137207 39.7490386962891 39.7455253601074 39.7186393737793 39.6751022338867 39.6347236633301 39.5250701904297 39.3804016113281 39.2337532043457 39.0263633728027 38.6398696899414 38.2512626647949 37.9939842224121 37.4160652160645 36.5501937866211 36.7414817810059 36.5218353271484 36.5683250427246 36.4400215148926 36.3964424133301 37.3207664489746 38.2621574401855 38.3097877502441 38.014102935791 37.8740844726562 36.9169578552246 37.1521263122559 37.3499641418457 37.584644317627 37.6650543212891 37.5133285522461 37.3400039672852 36.9777984619141 36.9983978271484 36.6898231506348 35.571891784668 34.8255882263184 35.2859840393066 34.8712158203125 33.8372802734375
39.4186325073242 39.6439971923828 39.2793006896973 38.6895217895508 38.7700653076172 39.5695495605469 39.7295722961426 39.6858139038086 39.6839485168457 39.681224822998 39.5993041992188 39.6182479858398 39.5608978271484 39.4523429870605 39.3102951049805 39.1331825256348 38.8544807434082 38.2511367797852 37.874626159668 37.4470748901367 36.8227920532227 36.7241592407227 36.5406303405762 36.3306617736816 36.281867980957 36.6050033569336 37.5925369262695 38.2437400817871 37.7883415222168 37.5738716125488 37.6461448669434 37.309383392334 37.0039558410645 36.6874809265137 36.4255752563477 36.8358840942383 36.6400909423828 36.9034881591797 36.8067512512207 36.6035270690918 36.3459358215332 36.6019058227539 36.3512649536133 36.0449485778809 35.4903984069824 35.042350769043
39.5454063415527 39.6163558959961 39.4323959350586 39.1521148681641 38.8762512207031 39.3395805358887 39.5817604064941 39.586784362793 39.6113433837891 39.6461410522461 39.6210250854492 39.6384544372559 39.5711517333984 39.505184173584 39.3596420288086 39.1593589782715 38.9415664672852 38.7315826416016 38.3672943115234 37.7749938964844 37.414680480957 37.1619148254395 36.6850318908691 36.0866584777832 36.2121734619141 36.4166526794434 37.6806411743164 38.1128807067871 36.4299011230469 36.0446128845215 36.5982093811035 36.7690277099609 36.7059364318848 36.489631652832 36.0323905944824 35.7796592712402 36.2266807556152 36.0585021972656 36.0046234130859 35.9348678588867 35.6742477416992 35.3824462890625 35.5725555419922 35.9635314941406 35.3833503723145 34.3621101379395
39.4418830871582 39.4566841125488 39.4590263366699 39.2096672058105 38.9540367126465 39.1037254333496 39.275390625 39.4296569824219 39.5092430114746 39.5983963012695 39.5668983459473 39.5446472167969 39.6010437011719 39.526725769043 39.4088516235352 39.1612854003906 39.127986907959 38.9730796813965 38.7406730651855 38.3885841369629 38.2413864135742 37.5155906677246 36.960823059082 36.5171508789062 36.4945983886719 36.8209800720215 37.7205429077148 37.6046257019043 37.3215522766113 37.2052040100098 36.4943733215332 36.4105758666992 36.2168502807617 36.0644607543945 35.3918914794922 35.0029525756836 35.1677742004395 35.0947570800781 35.2807998657227 35.0759696960449 35.0398597717285 34.1978759765625 34.7983627319336 35.5316314697266 35.2939796447754 33.9741096496582
38.986400604248 39.2615051269531 39.4222602844238 39.3184127807617 39.1317825317383 39.0049057006836 38.9753913879395 39.2845497131348 39.3672294616699 39.5019607543945 39.557071685791 39.5359573364258 39.5704917907715 39.567626953125 39.3993492126465 39.2939147949219 39.2150459289551 39.0918273925781 38.9361267089844 38.7426223754883 38.5446281433105 37.891487121582 36.8459281921387 36.9065856933594 36.2624397277832 36.7675476074219 37.6090621948242 37.0802726745605 37.2273635864258 37.6195793151855 37.4919700622559 37.3232460021973 36.7005157470703 36.2924652099609 34.8561248779297 33.6972312927246 33.7110404968262 33.5894889831543 33.5321807861328 33.9258308410645 34.0480651855469 34.2008743286133 34.3391571044922 35.0918083190918 34.9377403259277 34.5615844726562
39.1059265136719 39.1758804321289 39.2729835510254 39.2387275695801 39.1940002441406 38.9096565246582 38.6996917724609 38.4532737731934 39.021858215332 39.4416847229004 39.5414428710938 39.5582962036133 39.6087799072266 39.5890197753906 39.311710357666 38.9443969726562 38.9492950439453 38.9732627868652 38.9945793151855 38.8697509765625 38.7252960205078 38.3418350219727 37.3295745849609 37.5844535827637 36.6976661682129 36.6719627380371 36.7883529663086 37.0455894470215 36.0804977416992 36.6585960388184 36.3014259338379 36.3771476745605 37.468334197998 37.0618133544922 36.175479888916 34.1472854614258 33.3100166320801 33.2959213256836 32.7429084777832 33.0720748901367 33.5764045715332 33.5479011535645 33.5915069580078 34.7810478210449 34.3624572753906 33.8656463623047
39.1862449645996 39.105712890625 39.1338195800781 38.9476623535156 39.1107521057129 39.0205841064453 38.8017120361328 38.5542755126953 38.7127418518066 39.2359085083008 39.4361991882324 39.5804443359375 39.6008148193359 39.5547294616699 39.4865760803223 39.1200332641602 38.770866394043 38.5703506469727 38.7899475097656 38.8797035217285 38.7375183105469 38.5861167907715 38.2798690795898 37.7441864013672 36.7575035095215 36.5425300598145 36.4827461242676 36.5372886657715 36.5616188049316 36.0594711303711 35.5203666687012 36.1949920654297 37.24755859375 36.5599212646484 36.7313003540039 36.2213172912598 35.8044624328613 35.6602668762207 34.7529563903809 33.736988067627 34.3534736633301 34.0500831604004 34.3656578063965 34.5060272216797 34.2124519348145 33.7704544067383
