inst/extdata/Tmax/Tmax23.asc
NCOLS 100 
NROWS 79 
XLLCORNER 148.06 
YLLCORNER -21.49 
CELLSIZE 0.01 
NODATA_value -3.4e+38 
[rows 0 to 19 of 79, columns 0 to 45 of 100]
36.555309295654297 36.5789680480957 35.6682662963867 36.7601547241211 36.8259010314941 37.2354927062988 37.3129348754883 37.1094207763672 36.8725700378418 36.9946708679199 36.4548454284668 36.4187622070312 36.423900604248 35.0339279174805 35.6052131652832 36.0886077880859 36.4200286865234 36.4753913879395 34.91796875 34.1966896057129 33.2722129821777 31.6950607299805 32.3013381958008 34.0132751464844 34.7859916687012 35.498966217041 35.0723266601562 35.0706825256348 35.255256652832 34.7834701538086 32.5108528137207 30.1386775970459 28.5245227813721 28.6610336303711 27.1302337646484 25.5604686737061 25.1224098205566 24.7348194122314 25.6086921691895 28.0033931732178 30.0957984924316 30.4933052062988 31.2391529083252 36.8675994873047 36.524284362793 35.5383605957031
37.1254463195801 35.9876747131348 34.4392852783203 35.1794853210449 35.0567054748535 36.3098678588867 36.9268035888672 37.189208984375 37.7985496520996 37.8729591369629 37.2144927978516 36.1928596496582 36.8695030212402 35.740234375 35.9914398193359 35.6462783813477 36.5856323242188 36.4140281677246 35.3860740661621 34.334114074707 34.7032051086426 33.8476066589355 33.5701675415039 34.1297988891602 34.7303428649902 35.3033752441406 35.7902603149414 35.759822845459 35.3934059143066 34.904914855957 33.5872650146484 31.3050975799561 29.4270820617676 31.6212291717529 28.2268123626709 26.6777782440186 25.9807243347168 27.0419406890869 28.4471683502197 29.5599002838135 31.2920742034912 31.418176651001 34.6425514221191 35.4492416381836 36.0932388305664 34.9803810119629
36.9177627563477 35.7879371643066 35.8549842834473 36.4512710571289 35.7310218811035 36.1266326904297 36.6590843200684 37.3286514282227 37.797420501709 37.860237121582 37.2935028076172 36.5399055480957 36.8451881408691 36.413200378418 35.7876815795898 35.7975692749023 35.9671478271484 36.3203887939453 35.3798217773438 34.8495101928711 34.3172378540039 34.5236892700195 33.9823150634766 34.3259086608887 35.4032363891602 35.6762771606445 35.6453018188477 35.6345138549805 35.8509979248047 35.224910736084 35.5067749023438 33.8583641052246 34.9709281921387 31.5215511322021 33.4300689697266 27.3554744720459 26.2458095550537 25.8425769805908 27.2512874603271 28.6883506774902 30.6731052398682 37.1061592102051 37.0941505432129 33.728084564209 33.5798034667969 36.1251373291016
37.4836158752441 37.2085266113281 36.2035369873047 37.4150924682617 36.5420799255371 35.9455184936523 36.6533164978027 37.2492065429688 37.6249542236328 37.7858581542969 37.5521240234375 37.0405311584473 36.9297065734863 36.910701751709 36.4599609375 36.3665428161621 36.6060028076172 36.2033538818359 35.9615859985352 34.8625564575195 34.5369758605957 34.194881439209 34.335147857666 34.3624801635742 35.1630554199219 35.5335083007812 35.3954010009766 35.4885940551758 35.1350059509277 34.1215972900391 34.4784927368164 35.587329864502 34.0685615539551 31.6284790039062 27.578369140625 26.45534324646 26.7406845092773 26.0655899047852 26.0119094848633 25.4367408752441 27.4558410644531 30.4014053344727 34.113353729248 37.7198753356934 31.8351345062256 31.8796653747559
38.2735214233398 37.3698959350586 37.1757545471191 37.8289604187012 37.3947601318359 36.7775268554688 36.2006034851074 37.336597442627 38.2250022888184 37.4281616210938 37.637622833252 37.4058036804199 37.3263969421387 37.1320762634277 36.5871276855469 36.304859161377 36.354606628418 35.7624397277832 34.9715461730957 34.022087097168 34.1175842285156 34.6698188781738 34.7514457702637 35.0539169311523 34.7868728637695 34.6475563049316 36.075756072998 35.2256164550781 35.0735549926758 35.1552772521973 34.6467132568359 34.8128433227539 33.9841728210449 32.8386993408203 33.2467002868652 28.4417457580566 27.890588760376 27.2674369812012 25.8115425109863 25.5645542144775 25.3418273925781 29.7437133789062 33.2704582214355 35.392261505127 31.1269550323486 30.1306762695312
38.8052215576172 38.1488609313965 37.2622261047363 37.7140960693359 37.9477386474609 37.2933692932129 37.2072906494141 37.5886077880859 37.838809967041 37.5904922485352 37.4566802978516 37.9744987487793 37.4878959655762 36.9441604614258 35.8764114379883 36.3226280212402 36.2497825622559 35.3714447021484 34.5384712219238 33.8658752441406 33.9648666381836 34.7173309326172 34.9139671325684 34.8629264831543 35.741024017334 35.339527130127 35.5130195617676 34.3249092102051 34.1663208007812 33.251766204834 32.5948829650879 33.7509346008301 34.4710884094238 33.5299987792969 33.0264549255371 33.3520622253418 28.5751132965088 27.9072914123535 27.3254413604736 26.5892581939697 25.6393489837646 28.6866493225098 34.2604560852051 33.3941345214844 31.3964710235596 28.2156391143799
37.8795547485352 38.4209785461426 38.2138366699219 38.589282989502 38.0743446350098 37.6525459289551 36.6029090881348 37.0866165161133 37.7384033203125 37.9824142456055 38.2265090942383 38.2106819152832 37.0992012023926 36.621524810791 36.5541305541992 36.5625877380371 36.0274429321289 35.1679306030273 34.6471099853516 34.0554046630859 33.3299217224121 34.0870704650879 34.7104530334473 35.0931777954102 35.5221405029297 35.881160736084 35.8114929199219 34.8189697265625 34.5277862548828 32.4666557312012 31.6242408752441 30.8644962310791 32.3907203674316 33.2676963806152 33.0319976806641 32.5876007080078 28.9659404754639 26.9185447692871 27.1065311431885 26.8687400817871 26.7898082733154 28.9221019744873 35.022762298584 36.2452621459961 31.6361389160156 34.0132598876953
38.5060005187988 37.9734840393066 38.6665458679199 38.8237800598145 38.2078056335449 37.9019660949707 36.7566833496094 36.8553733825684 37.5115699768066 37.8114852905273 37.8125381469727 37.5631904602051 36.6238136291504 37.2048225402832 37.155647277832 35.7469444274902 35.4415435791016 34.4999084472656 34.9860610961914 33.7608375549316 32.6149787902832 33.3564338684082 33.9946441650391 35.1721153259277 35.6045951843262 35.8983573913574 35.5702438354492 34.5239906311035 34.0916557312012 33.4150123596191 30.9810333251953 30.6378440856934 31.4755477905273 31.4551048278809 32.1273040771484 32.2550926208496 28.278169631958 27.1701316833496 26.5128803253174 27.0582294464111 27.275369644165 28.6593132019043 29.9813899993896 31.355525970459 31.4538822174072 28.8726959228516
37.6772766113281 38.3987236022949 38.0242156982422 38.1885795593262 38.0858459472656 37.9976692199707 37.5108909606934 36.659740447998 37.1095542907715 37.6932830810547 37.8993530273438 38.3203163146973 38.5029525756836 37.344596862793 36.8665199279785 35.4155654907227 35.2967224121094 35.1634979248047 35.4461975097656 33.9202308654785 33.9387702941895 33.5348625183105 33.9178085327148 34.9886817932129 35.6592712402344 36.021614074707 34.8265533447266 33.0197715759277 33.5195770263672 33.365478515625 32.1852340698242 31.0880222320557 30.671314239502 30.1706008911133 33.0281982421875 30.8567066192627 31.6816921234131 31.9713172912598 26.6877250671387 26.4565086364746 26.6094913482666 26.8446807861328 27.6078987121582 29.6355228424072 30.405237197876 28.7980842590332
36.9509544372559 38.0038604736328 38.2647705078125 38.7154693603516 38.0367546081543 38.1028022766113 37.6138153076172 37.0229644775391 37.1381378173828 37.2940940856934 37.8103485107422 37.7736015319824 36.5499000549316 36.5016021728516 36.519287109375 36.2944602966309 36.1656837463379 35.8501091003418 35.2863235473633 35.0649261474609 34.9975357055664 33.9971656799316 34.5118370056152 35.5570220947266 36.421947479248 36.308666229248 35.0134620666504 34.4189262390137 33.5551795959473 32.3029708862305 31.1389579772949 30.6775074005127 31.081600189209 31.7121334075928 32.0825042724609 30.3514385223389 27.3155937194824 30.7591190338135 27.3000202178955 26.137809753418 26.1541442871094 25.7329597473145 26.5346698760986 27.9281616210938 28.0820178985596 27.6568698883057
37.1788024902344 38.2924957275391 38.3366584777832 37.8091239929199 38.5259246826172 38.6846237182617 38.0901069641113 37.4394149780273 37.5410461425781 37.6071319580078 38.0092582702637 37.3693733215332 37.0348777770996 35.7372627258301 35.9564552307129 36.0824699401855 36.0890464782715 36.3108253479004 35.7926826477051 35.7203102111816 34.5088005065918 34.3667259216309 34.2428588867188 35.2988395690918 35.7348365783691 36.5605697631836 34.7539405822754 32.7340545654297 31.7425022125244 31.5737247467041 31.0905933380127 31.5467205047607 32.5201797485352 32.3990898132324 31.6230621337891 29.793176651001 27.5310192108154 27.1458625793457 27.0574741363525 26.1284351348877 26.2621326446533 25.7506828308105 25.6125965118408 26.5140933990479 27.1313629150391 27.5604286193848
37.610408782959 37.0674362182617 37.9635238647461 38.1219787597656 38.1869239807129 39.1048583984375 38.3830528259277 37.5783271789551 37.4241905212402 37.7946434020996 37.5037956237793 37.9552230834961 37.5188598632812 36.8600692749023 36.6189079284668 36.511344909668 36.843807220459 36.6632843017578 36.3888168334961 35.6017227172852 34.6788673400879 34.1717910766602 34.6956253051758 34.723934173584 34.6538009643555 35.3586120605469 33.5799522399902 32.6271171569824 31.9329414367676 32.2805824279785 32.6066741943359 32.5857925415039 32.6779975891113 32.0444145202637 31.9068241119385 30.8320083618164 31.5096988677979 26.366605758667 27.1560955047607 27.4842948913574 27.1633491516113 26.731969833374 25.7567844390869 26.6327877044678 27.0627269744873 27.2786159515381
37.7450981140137 37.9978218078613 38.1086921691895 38.8268852233887 38.7318840026855 38.7936325073242 38.1161956787109 37.323902130127 37.7046775817871 38.7897033691406 37.7607536315918 38.1152229309082 37.4009208679199 37.9306831359863 37.4582366943359 37.1685104370117 37.6893424987793 37.1633110046387 36.8521461486816 35.457691192627 35.1919136047363 35.6692504882812 35.8257064819336 36.3563461303711 36.1946907043457 35.5688133239746 35.1553001403809 34.2320671081543 33.3381423950195 32.9936180114746 33.8764228820801 33.5514335632324 33.384708404541 32.7492904663086 31.2692604064941 30.4322338104248 29.1590137481689 30.8668823242188 29.8798522949219 28.2109642028809 26.3618106842041 26.1187152862549 25.6393642425537 25.3833503723145 27.368221282959 27.9021606445312
38.504280090332 38.8131866455078 37.5688591003418 38.0555572509766 37.665943145752 37.7277450561523 38.4814376831055 37.899112701416 38.0669174194336 38.0769920349121 38.045970916748 37.8759460449219 37.496524810791 37.0365753173828 37.3631286621094 36.976318359375 37.4335899353027 37.1499061584473 36.9392318725586 36.2756385803223 36.473575592041 36.5539474487305 36.259937286377 36.442699432373 35.591682434082 33.6436195373535 33.2497138977051 33.114631652832 32.2873649597168 32.9391059875488 33.9295234680176 33.736457824707 33.0624618530273 32.2296257019043 31.5526599884033 33.1124877929688 31.6488914489746 27.8771934509277 32.2175674438477 33.7020950317383 32.7901802062988 28.100435256958 27.0258541107178 26.7020149230957 27.5947151184082 28.5981884002686
36.8110389709473 37.1734924316406 37.8341941833496 38.2510452270508 37.9906349182129 37.8672103881836 37.8899841308594 38.5578460693359 37.4086418151855 37.2176094055176 37.4113616943359 37.1595993041992 36.4225616455078 36.4169006347656 36.7967224121094 36.148853302002 37.104606628418 37.2355690002441 37.0812606811523 37.1876335144043 36.9189491271973 36.1769905090332 35.2742691040039 35.5241088867188 35.3803672790527 35.1592483520508 34.8725280761719 34.2276268005371 33.592399597168 34.3795433044434 33.7419738769531 34.0373229980469 33.7408218383789 33.8847579956055 33.5179176330566 31.8538570404053 32.7430038452148 32.0462226867676 31.9507865905762 33.6645317077637 33.4166679382324 33.4186553955078 28.0902137756348 27.0093269348145 27.6802940368652 28.9301490783691
35.1909828186035 36.7557830810547 37.914119720459 37.6898422241211 38.3945426940918 38.3699951171875 38.1450958251953 37.7146682739258 38.2498474121094 37.6234130859375 36.0921211242676 37.0732650756836 35.729434967041 34.8602867126465 36.2017707824707 35.9764404296875 35.4496536254883 36.2502059936523 37.0582160949707 36.8271980285645 36.7122344970703 36.5323829650879 36.4170303344727 36.3397521972656 35.8930702209473 35.4333190917969 35.6640853881836 35.2258338928223 35.0574188232422 34.7040824890137 34.4489593505859 33.7063598632812 33.6368026733398 34.3378715515137 34.156192779541 33.9807357788086 34.4232177734375 32.6201934814453 33.8452224731445 34.6088485717773 34.0009498596191 32.3500862121582 27.0676860809326 25.9720802307129 26.6413078308105 28.0402736663818
36.4661865234375 35.3651428222656 36.9249229431152 38.0172386169434 37.1391067504883 37.1298675537109 38.2911186218262 37.5551261901855 37.4625396728516 37.721076965332 36.4813385009766 36.6092300415039 35.1358375549316 34.4912185668945 35.6173973083496 34.5937805175781 34.3032188415527 35.6681251525879 35.7215766906738 35.9823684692383 36.6115493774414 36.6360778808594 36.0958518981934 36.0169906616211 35.0956764221191 34.3718490600586 33.7044868469238 34.2142715454102 34.9935684204102 33.8209342956543 33.4279251098633 32.6002159118652 33.141918182373 34.2351570129395 34.4355087280273 34.1427917480469 34.7132377624512 34.6237373352051 34.0421524047852 33.6297721862793 33.9419059753418 32.0282020568848 30.5587730407715 27.6593456268311 27.2692356109619 28.2863483428955
36.8626518249512 36.8547325134277 36.9639587402344 38.1623382568359 37.5088348388672 37.9592170715332 38.5080833435059 38.5345115661621 38.7557067871094 38.3644561767578 37.9410095214844 37.4003753662109 35.3540382385254 34.6600074768066 35.2438354492188 34.6895065307617 34.4186820983887 34.2427444458008 33.5007095336914 34.7526779174805 35.9813003540039 36.8791732788086 37.1472663879395 36.5322265625 35.0467910766602 33.2047805786133 32.0765686035156 33.0108413696289 34.2225570678711 33.5043716430664 33.4200134277344 34.4572067260742 34.4678153991699 34.5518264770508 35.2259101867676 34.2905006408691 33.7324447631836 33.4764442443848 34.1845321655273 34.316047668457 34.8357849121094 34.3589553833008 33.1878814697266 32.7127990722656 29.9183464050293 29.3487110137939
37.9361305236816 36.7338066101074 36.3067588806152 36.9392395019531 37.2654151916504 37.8584175109863 38.7124366760254 37.9523696899414 38.842658996582 38.3922920227051 36.7989540100098 37.0921096801758 36.0376853942871 33.1233673095703 33.5804824829102 32.8098220825195 33.2149314880371 32.5289344787598 33.8117866516113 34.9880790710449 36.5333251953125 36.3502502441406 36.9567222595215 36.9445915222168 35.3669815063477 33.7805786132812 32.0170288085938 32.730094909668 34.4871673583984 33.5591430664062 34.0555610656738 34.9579887390137 35.9333877563477 35.9377822875977 35.0129928588867 34.579776763916 33.9724998474121 33.9651489257812 34.8671455383301 34.8868675231934 34.9915962219238 34.8832206726074 34.5590591430664 34.2086296081543 32.2292137145996 29.1668128967285
36.8441429138184 36.9033317565918 37.307788848877 36.9695358276367 37.8332901000977 37.7530746459961 38.6843299865723 38.6749687194824 37.6454734802246 37.965877532959 38.2451133728027 37.2578125 36.0852355957031 32.7549133300781 33.2787933349609 33.3789901733398 32.8864517211914 33.2557220458984 33.3076286315918 34.7785377502441 36.2712707519531 35.8796501159668 36.701057434082 36.7453651428223 36.1284980773926 35.0943794250488 33.6338081359863 33.4061050415039 34.2703399658203 34.5029373168945 35.385139465332 35.8400573730469 35.936767578125 35.956615447998 36.0102119445801 34.9522857666016 33.9672584533691 33.9346885681152 34.0493507385254 34.5527763366699 35.3674125671387 34.9311256408691 33.9598045349121 33.9972953796387 32.9158782958984 32.3213119506836
