inst/extdata/Tmax/Tmax134.asc
NCOLS 100 
NROWS 79 
XLLCORNER 148.06 
YLLCORNER -21.49 
CELLSIZE 0.01 
NODATA_value -3.4e+38 
[rows 0 to 19 of 79, columns 0 to 45 of 100]
39.752410888671903 39.4287452697754 38.5731887817383 38.8833541870117 38.996639251709 39.3560943603516 39.5020065307617 39.6321678161621 39.5808906555176 39.4152526855469 38.9897537231445 38.7845344543457 38.6985855102539 37.5875244140625 38.0085487365723 38.367000579834 38.6798667907715 38.638858795166 37.9045867919922 37.2947692871094 37.1495208740234 36.2872161865234 36.6562080383301 37.7850494384766 38.2195510864258 38.4218368530273 38.2811470031738 38.3083686828613 38.012882232666 37.6645355224609 36.8627815246582 35.1651840209961 36.2834854125977 36.187915802002 35.1011619567871 34.10693359375 33.9810180664062 33.6284255981445 34.2843475341797 35.9182510375977 37.2632331848145 37.4613037109375 38.0862655639648 38.3432312011719 38.452995300293 38.5223197937012
39.614875793457 39.1292495727539 38.440486907959 38.511962890625 37.9887313842773 38.7963447570801 39.2772521972656 39.5456352233887 39.6420211791992 39.5243492126465 39.2134628295898 38.9147491455078 39.0001220703125 38.6150550842285 38.4539031982422 38.3373985290527 38.6742324829102 38.6879692077637 37.7870445251465 37.2365570068359 37.6941032409668 37.442195892334 37.3263702392578 37.7064399719238 38.1070327758789 38.2516098022461 38.4693298339844 38.407772064209 38.2000312805176 37.9907264709473 37.2162590026855 35.9290618896484 36.9657821655273 36.5723533630371 35.9479789733887 35.0641708374023 34.6440467834473 34.9561042785645 35.9014053344727 36.8902435302734 38.1961898803711 38.510814666748 38.5907363891602 38.5575332641602 38.5680809020996 38.5662574768066
39.6102180480957 38.8636627197266 38.9594039916992 39.0622749328613 38.6411323547363 38.7346153259277 39.0754356384277 39.5636787414551 39.7051467895508 39.5720977783203 39.3056945800781 39.16748046875 39.073055267334 39.0103874206543 38.7280197143555 38.5805473327637 38.7395973205566 38.8612327575684 38.3352470397949 38.1491394042969 38.0014495849609 37.6825561523438 37.4585418701172 37.5532035827637 38.2983932495117 38.5197601318359 38.3428153991699 38.3091735839844 38.2890129089355 37.9919242858887 38.0228462219238 37.1051406860352 37.3067169189453 36.1678161621094 35.8742828369141 35.2808456420898 34.7893142700195 34.3419876098633 35.248779296875 36.3145599365234 37.5434799194336 38.3977355957031 38.6461601257324 38.6698951721191 38.6209754943848 38.5489807128906
39.8303260803223 39.4943885803223 39.1851234436035 39.725040435791 39.2553062438965 38.8603477478027 39.1800804138184 39.6698417663574 39.8020133972168 39.6686401367188 39.5265502929688 39.4679222106934 39.3601951599121 39.1999397277832 38.7990646362305 38.6309509277344 38.9236488342285 38.953254699707 38.7404670715332 38.3050384521484 37.9981002807617 37.6306686401367 37.6870880126953 37.6382484436035 38.1568565368652 38.5319213867188 38.1725654602051 38.3993682861328 38.2153587341309 37.4457855224609 37.9359893798828 37.9751472473145 37.2759971618652 36.1157112121582 35.5790672302246 34.7705154418945 34.993335723877 34.5260391235352 34.4036865234375 33.9474143981934 35.3320465087891 37.7377319335938 38.5281944274902 38.6836776733398 38.4416580200195 38.3242492675781
40.3314552307129 39.8230514526367 39.598804473877 39.9480628967285 39.7283935546875 39.1371650695801 39.147647857666 39.7135887145996 39.8289337158203 39.4843139648438 39.4731788635254 39.6283988952637 39.5028991699219 39.2400283813477 38.8988761901855 39.0228157043457 39.0661315917969 38.8208808898926 38.389030456543 37.7027969360352 37.8571739196777 37.9884223937988 38.091236114502 38.2536468505859 38.2434692382812 37.9243545532227 38.5646629333496 38.2003974914551 38.0634346008301 37.5973968505859 37.9081039428711 37.7169036865234 37.415412902832 36.4925994873047 36.0029106140137 36.2706718444824 35.9607772827148 35.4435119628906 34.9349975585938 34.2510643005371 33.9183769226074 36.9823570251465 38.3019180297852 38.6312675476074 38.0151672363281 37.3530464172363
40.4763374328613 40.2356109619141 39.607666015625 39.9804649353027 40.0290832519531 39.645809173584 39.3688011169434 39.7633438110352 39.8900184631348 39.6208572387695 39.5072708129883 39.7194671630859 39.565990447998 39.3052253723145 38.6955261230469 39.1430854797363 39.0396919250488 38.6211929321289 38.1061363220215 37.7071647644043 37.7854080200195 37.9991455078125 38.2721290588379 38.2556610107422 38.5091934204102 38.3945159912109 38.4368743896484 37.7269477844238 37.7067985534668 36.6923751831055 37.3545341491699 37.7709503173828 37.840461730957 37.5188255310059 37.1760520935059 37.0988464355469 36.3012619018555 35.8348655700684 35.5182418823242 34.7560844421387 34.2840805053711 36.620792388916 38.2285194396973 38.6216316223145 38.1769561767578 36.3035278320312
40.6525650024414 40.4035263061523 40.0674476623535 40.2021331787109 40.1446952819824 39.7995986938477 39.1873588562012 39.6850318908691 39.8380165100098 39.9451332092285 39.8784790039062 39.7166481018066 39.320384979248 39.4071769714355 39.3654136657715 39.2218170166016 39.0177955627441 38.4955062866211 38.2856864929199 37.992259979248 37.4384613037109 37.6081123352051 38.0321884155273 38.3756637573242 38.6824226379395 38.5985374450684 38.5851402282715 38.0767440795898 37.7267227172852 36.5963706970215 36.5872955322266 36.6726913452148 37.5464630126953 37.6852416992188 37.243335723877 37.1240043640137 36.5698013305664 35.273265838623 35.4787216186523 35.0573768615723 34.8937950134277 36.4805526733398 38.0710105895996 38.453742980957 38.2406158447266 36.7346229553223
40.6567077636719 40.5436744689941 40.2919006347656 40.3034896850586 40.254451751709 40.0084037780762 39.4576416015625 39.32958984375 39.6020736694336 39.8953475952148 39.9767417907715 39.6937141418457 39.0679893493652 39.2590255737305 39.453556060791 38.8105049133301 38.7365188598633 38.0163230895996 37.9340171813965 37.7013397216797 37.0575256347656 37.4820251464844 37.8778686523438 38.3831672668457 38.8027877807617 38.7985916137695 38.3892059326172 37.963695526123 37.7808303833008 37.0509948730469 35.804141998291 36.0531005859375 36.3555908203125 36.8972816467285 37.2422256469727 36.663459777832 36.7063941955566 35.8707580566406 34.9303588867188 35.1796226501465 35.3601341247559 36.3650283813477 37.2919120788574 38.180061340332 38.1118011474609 36.4498062133789
40.4830436706543 40.6453475952148 40.499755859375 40.4443130493164 40.3166046142578 40.0867080688477 39.7385940551758 39.2979431152344 39.4477081298828 39.9028053283691 40.0281372070312 39.9559440612793 39.756763458252 39.6078071594238 39.2647399902344 38.5448417663574 38.6981964111328 38.4572868347168 38.5722122192383 37.692569732666 37.6814918518066 37.5171394348145 37.600643157959 38.2250099182129 38.7558441162109 38.907398223877 38.0253829956055 37.1919708251953 37.2606887817383 37.1598281860352 36.5908126831055 36.0471725463867 35.6309280395508 36.0507431030273 36.8885879516602 36.3024368286133 36.0587768554688 35.9977493286133 35.1058883666992 34.794506072998 34.9837493896484 35.0505332946777 35.8761329650879 37.3280944824219 37.7279968261719 36.5663719177246
40.2419319152832 40.5778656005859 40.629020690918 40.4942932128906 40.3018569946289 40.1826400756836 39.9813957214355 39.5499649047852 39.2326240539551 39.8445129394531 40.0415191650391 39.6592750549316 38.9862976074219 39.0364723205566 39.1207542419434 39.0849380493164 39.088623046875 38.942497253418 38.7355346679688 38.4308586120605 38.1110725402832 37.4875564575195 37.7918014526367 38.5628318786621 38.9631729125977 38.8541793823242 38.1714096069336 38.0127334594727 37.5206527709961 37.0225372314453 35.8354797363281 35.4539375305176 36.4473304748535 36.3012809753418 36.0926780700684 35.8590202331543 35.6319961547852 35.8909912109375 35.3700141906738 34.6664695739746 34.6833381652832 34.1433715820312 34.9134063720703 35.9721145629883 36.2462348937988 35.6429023742676
39.9602661132812 40.2203521728516 40.6551971435547 40.5594711303711 40.4313049316406 40.3452453613281 40.1535797119141 39.8075866699219 39.780403137207 39.9774398803711 40.0906982421875 39.7294578552246 39.4126319885254 38.7030868530273 38.8541946411133 39.1116371154785 39.2013740539551 39.3724060058594 38.9445724487305 38.7462196350098 38.3561973571777 37.9855117797852 38.043140411377 38.5637512207031 38.952709197998 38.8514671325684 38.1760025024414 37.4601745605469 36.4995346069336 36.4848480224609 36.1314239501953 36.0572547912598 36.8516616821289 36.5963859558105 35.7392539978027 35.4873886108398 35.9072418212891 35.6248245239258 35.255916595459 34.7311058044434 34.7669067382812 34.499813079834 34.1729393005371 34.8242988586426 35.2074851989746 35.4784545898438
39.8200798034668 39.8587417602539 40.6377182006836 40.6247940063477 40.538703918457 40.4180374145508 40.2454223632812 39.9347381591797 39.9570083618164 40.2028198242188 40.1425743103027 39.9467506408691 39.6034927368164 39.1360054016113 39.0283889770508 39.2998886108398 39.5575180053711 39.5388793945312 39.2881698608398 38.8471336364746 38.3567581176758 38.0195083618164 38.1618957519531 38.2929039001465 38.4856147766113 38.7872276306152 37.8405303955078 37.0789489746094 36.4903717041016 36.7040100097656 36.754638671875 36.653507232666 37.0353088378906 36.5191116333008 36.2688102722168 36.1711273193359 35.7464637756348 35.1839599609375 35.6579360961914 35.8571548461914 35.4345512390137 34.9878273010254 34.4950866699219 34.8902740478516 35.3622894287109 35.7143096923828
39.9712829589844 40.4005279541016 40.6320037841797 40.5856323242188 40.5830078125 40.4877471923828 40.3436508178711 39.9984016418457 40.0637092590332 40.3233032226562 40.1372604370117 40.0526504516602 39.8483695983887 39.9000587463379 39.7995452880859 39.7691535949707 39.7517051696777 39.6703147888184 39.454402923584 38.9593849182129 38.6915702819824 38.8215637207031 39.0522537231445 39.2521438598633 39.1042785644531 38.699779510498 38.4818649291992 38.0168075561523 37.6571884155273 37.4689712524414 37.5164108276367 37.2978744506836 37.1926879882812 36.6336669921875 36.0889854431152 35.6519966125488 35.1261520385742 36.1467514038086 36.4012451171875 36.333568572998 35.0640068054199 34.9679183959961 34.5102691650391 34.2458648681641 35.4337196350098 35.9389305114746
40.4012031555176 40.5641632080078 40.6121940612793 40.5300483703613 40.531005859375 40.5606155395508 40.4880485534668 40.3710517883301 40.1766548156738 40.2849235534668 40.245662689209 40.1603202819824 40.0344619750977 39.9309616088867 39.8224601745605 39.7399253845215 39.8414573669434 39.7537727355957 39.6126289367676 39.4975738525391 39.3913536071777 39.3335952758789 39.1338119506836 39.227783203125 38.8073883056641 37.8390426635742 37.7603797912598 37.361888885498 36.8228225708008 37.5455894470215 37.7950859069824 37.7351493835449 37.0135307312012 36.7123756408691 36.5844268798828 36.5154342651367 36.4711837768555 36.1626739501953 36.7322311401367 37.0373611450195 36.533203125 36.0781173706055 35.4704933166504 34.9502334594727 35.9150009155273 36.3615074157715
39.7111320495605 40.2168960571289 40.592170715332 40.5207176208496 40.4010887145996 40.4757461547852 40.416805267334 40.2578468322754 39.8717422485352 39.9029998779297 40.1873931884766 39.9947395324707 39.5077438354492 39.6496810913086 39.8035850524902 39.2898101806641 39.6596183776855 39.8154182434082 39.7565956115723 39.6980323791504 39.634033203125 39.2443809509277 38.6407012939453 38.9918327331543 38.8212394714355 38.5561828613281 38.4567527770996 38.1338424682617 37.7782249450684 38.0111923217773 37.955738067627 37.6872329711914 37.253547668457 37.4666366577148 37.4153442382812 36.5199165344238 37.0181121826172 36.2118759155273 36.497428894043 37.1930389404297 37.1562347412109 36.8853607177734 36.1708297729492 35.3884315490723 35.954647064209 36.6448364257812
38.9025573730469 39.828670501709 40.495964050293 40.5970420837402 40.527587890625 40.4939880371094 40.3830184936523 40.2742500305176 40.0712242126465 39.596866607666 39.2186470031738 39.8725280761719 39.0996627807617 38.8015251159668 39.596752166748 39.2588958740234 39.2147979736328 39.6324501037598 39.6449737548828 39.6326484680176 39.6277236938477 39.581127166748 39.44384765625 39.2177772521973 38.8197822570801 38.4509658813477 38.436595916748 38.373722076416 38.3068351745605 38.1226463317871 37.9500045776367 37.5466232299805 37.2741279602051 37.8546867370605 37.7248687744141 37.4589881896973 37.4426803588867 36.8990707397461 36.5598068237305 37.1717910766602 37.3337707519531 36.7205429077148 35.5445556640625 34.5257110595703 34.914852142334 36.4778938293457
39.8417816162109 39.6691246032715 40.1962509155273 40.352409362793 40.5371551513672 40.4990997314453 40.3752975463867 40.2429618835449 40.0961608886719 39.8270416259766 39.2314109802246 39.5929183959961 38.6200904846191 38.3829154968262 39.0697822570801 38.9274482727051 38.2706565856934 39.2744293212891 39.2576446533203 39.2282676696777 39.4475479125977 39.5652656555176 39.4651489257812 39.0697479248047 38.2924537658691 37.7503852844238 37.3660736083984 37.670841217041 38.1674041748047 37.6254997253418 37.4131317138672 36.6954498291016 37.3356781005859 38.0925827026367 37.9081993103027 37.7154159545898 37.7322387695312 37.3240127563477 36.972297668457 37.217414855957 37.3845062255859 36.333667755127 35.4228057861328 35.6910438537598 35.9950637817383 36.5178604125977
39.9598121643066 40.2489738464355 40.3134536743164 40.3157997131348 40.4287605285645 40.4672012329102 40.3922805786133 40.3089599609375 40.1628074645996 39.747989654541 39.383903503418 39.0205955505371 38.6420402526855 38.3023300170898 38.7689666748047 38.6299247741699 38.6278343200684 38.4606132507324 38.21923828125 38.1932563781738 39.2301063537598 39.4482917785645 39.4176406860352 39.3108253479004 38.7705459594727 37.7168273925781 36.419246673584 37.1635322570801 37.8845710754395 37.0102691650391 37.3412742614746 37.8455619812012 38.0964088439941 38.3262176513672 38.2317504882812 38.0370788574219 37.581657409668 36.8177947998047 37.2144088745117 37.4053268432617 37.6760940551758 37.3323135375977 37.1872253417969 37.1510200500488 37.0907211303711 36.5699653625488
40.1967086791992 40.1615829467773 40.0268440246582 40.1082153320312 40.4908103942871 40.3906173706055 40.3827285766602 40.3586273193359 40.2686614990234 39.9526443481445 38.9520492553711 39.0116577148438 38.6118011474609 37.5849113464355 38.2441253662109 38.0264053344727 37.8486137390137 37.2211036682129 37.9674186706543 38.2931137084961 39.2582168579102 39.258415222168 39.3662948608398 39.4439697265625 38.6790885925293 37.7097473144531 36.6428031921387 37.3414268493652 37.8801879882812 37.4242668151855 37.8547210693359 38.2263145446777 38.5488433837891 38.5380859375 38.1346206665039 37.8878288269043 37.539794921875 37.285457611084 37.7390975952148 37.798999786377 37.8176116943359 37.7131576538086 37.5932235717773 37.0031509399414 36.2398986816406 36.1918792724609
40.3306732177734 40.2976989746094 40.2762680053711 40.1449737548828 40.510684967041 40.4996299743652 40.4276351928711 40.3698043823242 40.3014984130859 40.2053451538086 39.9131927490234 39.2425994873047 38.4854965209961 37.4091796875 37.6893119812012 37.6467552185059 37.22900390625 37.484748840332 37.7005958557129 38.6119956970215 39.2887191772461 38.9013214111328 39.4986610412598 39.3535499572754 38.824836730957 38.5995903015137 37.6234245300293 37.7140922546387 38.0117034912109 37.844108581543 38.3684310913086 38.3161010742188 38.6858558654785 38.608570098877 38.4625205993652 38.2326431274414 37.4697532653809 37.6047210693359 37.8197631835938 37.7992248535156 37.8129005432129 37.6574478149414 37.5806198120117 37.114818572998 37.0334281921387 36.9039421081543
