inst/extdata/Tmax/Tmax47.asc
NCOLS 100 
NROWS 79 
XLLCORNER 148.06 
YLLCORNER -21.49 
CELLSIZE 0.01 
NODATA_value -3.4e+38 
[rows 40 to 59 of 79, columns 46 to 91 of 100]
25.0804004669189 26.4780902862549 26.1250610351562 26.9197654724121 29.0376319885254 28.8932189941406 28.7763805389404 26.7818584442139 26.5118865966797 27.0737609863281 28.6138439178467 30.4205169677734 30.9640655517578 30.4302349090576 29.7608871459961 31.3970050811768 32.2951965332031 31.7957992553711 32.8316307067871 32.7822303771973 32.1272277832031 32.8853416442871 30.6741676330566 29.4557037353516 30.8821697235107 31.7985038757324 32.346248626709 31.5900917053223 31.3685512542725 31.488452911377 31.108455657959 32.2283973693848 31.0279674530029 28.263090133667 29.8786029815674 34.1611747741699 32.5127944946289 30.9551944732666 28.7531471252441 28.1473445892334 27.6808223724365 30.4745616912842 30.8107376098633 30.2129859924316 31.5186042785645 28.7377529144287
26.3535175323486 26.4435729980469 27.8488426208496 29.2044162750244 29.7399139404297 29.1066474914551 28.6195220947266 28.4532623291016 29.7689208984375 30.024284362793 32.6587753295898 31.3819103240967 31.1803073883057 30.8708457946777 30.3158702850342 32.2390556335449 32.3555068969727 32.1824684143066 33.2400207519531 33.5138092041016 31.4126586914062 31.8561782836914 28.178186416626 33.9309959411621 35.117748260498 30.6205596923828 32.5284881591797 31.5984592437744 31.7910118103027 30.8960647583008 31.4799747467041 32.0318603515625 31.8930110931396 31.0426845550537 31.4272365570068 33.4280776977539 31.7168636322021 31.142707824707 30.8398513793945 30.5105857849121 30.1802101135254 29.676872253418 30.9772720336914 30.6482105255127 30.6041431427002 30.06862449646
27.6365127563477 28.6384506225586 28.5413208007812 30.4761734008789 35.5152626037598 32.9334259033203 30.5103988647461 29.8415584564209 30.9108505249023 32.5308303833008 32.6728858947754 32.207893371582 32.4896583557129 32.0572814941406 33.7994346618652 32.329963684082 32.1791915893555 31.8436470031738 32.2717666625977 32.9947547912598 32.0681457519531 31.6730556488037 31.3737564086914 35.4079704284668 28.8375225067139 35.4772872924805 34.6581611633301 30.5040912628174 29.8588581085205 32.4039688110352 32.0805168151855 32.3992919921875 31.6743144989014 31.0383415222168 31.4303855895996 30.2698059082031 30.5211849212646 29.889518737793 29.8606338500977 30.3048267364502 31.4762001037598 31.5771484375 31.9095859527588 30.5754528045654 32.5820960998535 32.5287628173828
31.0214214324951 31.7903671264648 31.9290771484375 32.0537185668945 32.7573165893555 32.248176574707 31.9184799194336 31.5554084777832 31.8640995025635 32.2170867919922 32.8990364074707 32.9099082946777 33.1134300231934 33.0220489501953 32.502311706543 32.0582313537598 31.7225742340088 31.9279136657715 32.6346092224121 30.2291717529297 32.4867248535156 32.5425224304199 32.3771514892578 31.6955852508545 31.1513595581055 32.9597625732422 32.1457214355469 31.618724822998 32.2155799865723 33.9253921508789 33.2905006408691 33.7299575805664 31.5183296203613 30.9143753051758 30.7477035522461 33.2875862121582 32.8051490783691 30.8192291259766 31.7381744384766 32.8011589050293 33.4077339172363 32.5539054870605 30.9868793487549 35.2181205749512 32.770637512207 30.75221824646
30.8828029632568 31.0490417480469 31.0117511749268 31.3719844818115 32.937183380127 33.5802001953125 32.9706382751465 32.1351089477539 32.5086517333984 32.1919746398926 31.9252834320068 31.8831195831299 31.487154006958 31.3836555480957 31.1980972290039 31.7636394500732 30.1527080535889 30.9906253814697 32.0129089355469 32.368766784668 33.3183135986328 33.9660873413086 33.7415809631348 32.8221588134766 30.6554889678955 31.0802631378174 31.4678134918213 31.9407749176025 34.1548805236816 34.4798583984375 33.1184768676758 31.8604125976562 30.7937793731689 31.4890480041504 31.1340160369873 33.1638374328613 31.8516960144043 30.679012298584 31.9443683624268 30.4343338012695 31.0599136352539 32.6246948242188 33.0393676757812 32.9957313537598 35.8878784179688 32.7724189758301
27.079532623291 28.5509262084961 30.1039581298828 28.4229927062988 30.0778064727783 30.7364711761475 30.5776081085205 30.8645324707031 31.1680660247803 31.3019008636475 28.3372058868408 28.5214710235596 28.6947326660156 26.9428176879883 27.8976306915283 28.8552665710449 31.1554107666016 31.3134689331055 31.2425994873047 31.3560180664062 33.1386337280273 32.9521446228027 32.3518714904785 32.3598403930664 32.4223327636719 32.8640480041504 32.8199005126953 32.780933380127 32.393440246582 32.5696563720703 32.210132598877 33.349048614502 34.2023506164551 34.6683235168457 32.6424980163574 32.3845672607422 31.8681297302246 31.701639175415 31.6700553894043 31.3818645477295 31.2217388153076 32.2830543518066 32.448127746582 31.1441116333008 33.4519844055176 35.7959175109863
25.2931499481201 26.7238330841064 26.3250694274902 26.0989742279053 27.1727027893066 27.5679664611816 27.7322769165039 28.3136425018311 28.8622894287109 28.1307945251465 27.7877178192139 27.174144744873 27.4975776672363 27.3757381439209 27.692066192627 28.8878288269043 31.5153694152832 31.2580070495605 30.6005840301514 32.4969024658203 32.9381065368652 33.3451309204102 32.4801406860352 31.8169574737549 34.453784942627 34.5844268798828 33.5954055786133 32.8461380004883 31.8890323638916 31.7888603210449 32.983283996582 32.7949447631836 32.2274932861328 32.5456809997559 32.8283386230469 35.4428787231445 32.2346992492676 32.4126968383789 31.3202285766602 31.1820850372314 31.1547260284424 33.7914695739746 31.8102550506592 34.6752433776855 33.2793273925781 32.742374420166
25.6659317016602 25.6027240753174 25.4928913116455 25.592004776001 25.460470199585 25.8591594696045 26.9122314453125 27.9246978759766 28.1956520080566 28.0017223358154 28.5999889373779 28.0007247924805 28.0372753143311 29.4879817962646 30.2227554321289 31.6356372833252 32.2490539550781 32.1562232971191 32.2934951782227 33.6540565490723 36.3418273925781 34.0468368530273 31.9762687683105 33.0443840026855 34.3182792663574 33.8814849853516 33.1926231384277 36.0810241699219 33.2068023681641 33.4471817016602 33.4603271484375 30.903736114502 30.7596244812012 31.0937671661377 30.8734874725342 30.8689765930176 32.2683448791504 31.2639141082764 30.357515335083 34.1068458557129 33.8506774902344 35.8078765869141 32.3804893493652 34.48828125 34.2487983703613 34.2044792175293
25.4611682891846 27.4573059082031 25.7925281524658 25.4279460906982 25.3399028778076 25.3025665283203 25.4630889892578 27.5509815216064 28.2771987915039 28.4300708770752 28.3420829772949 28.3990535736084 33.6886444091797 34.7774543762207 35.2672119140625 31.5620880126953 33.3840141296387 29.7342357635498 35.3661346435547 35.2211837768555 34.9015846252441 35.1530227661133 34.5121078491211 34.077938079834 33.7828369140625 31.8707962036133 33.0382423400879 34.1608695983887 36.2976188659668 35.561450958252 35.295238494873 36.0454254150391 35.1448364257812 31.1869049072266 32.1505088806152 36.5302505493164 35.6912994384766 32.6685104370117 32.4693183898926 32.2790565490723 30.3518486022949 30.8767623901367 31.4982624053955 32.4059066772461 31.5562686920166 32.1921730041504
27.3701915740967 28.0491504669189 29.2429580688477 26.316255569458 25.8259792327881 26.6535930633545 26.4709815979004 27.4758052825928 27.8052062988281 28.3840789794922 32.7086334228516 34.2687225341797 35.4307136535645 35.4665641784668 35.9422721862793 29.0965232849121 32.2621154785156 29.3147087097168 29.5661144256592 32.0425605773926 32.01171875 36.2283248901367 32.6084671020508 33.4687309265137 33.1846961975098 32.2978248596191 34.2475852966309 34.3473777770996 34.8165588378906 34.8570785522461 34.6219635009766 32.998233795166 31.3334941864014 31.8604049682617 32.5200653076172 36.7075424194336 36.6653900146484 33.4787940979004 32.3192329406738 32.1592407226562 32.1374473571777 31.1118297576904 32.2939186096191 30.8851356506348 31.8718242645264 32.5177726745605
30.7677783966064 27.5527954101562 30.5297985076904 25.4850559234619 25.585262298584 26.8678417205811 27.0798110961914 27.8115291595459 28.4764137268066 28.9631805419922 28.9699382781982 29.1791820526123 33.819408416748 34.4980850219727 35.1158866882324 29.042293548584 31.5044898986816 31.4277954101562 28.2961673736572 31.9335021972656 29.4822940826416 35.1553115844727 32.7219772338867 34.2388343811035 32.6394195556641 33.6238632202148 32.626953125 32.2625045776367 35.2603530883789 34.9340286254883 34.337818145752 33.830638885498 33.499153137207 31.7151584625244 32.5461654663086 34.9599647521973 36.3041763305664 34.4251174926758 33.3169288635254 33.8249778747559 32.3816070556641 31.2610397338867 31.3302345275879 30.4548187255859 31.9118556976318 32.7144660949707
26.2426643371582 24.8498916625977 25.3522052764893 24.4674110412598 24.452486038208 26.0430545806885 26.907054901123 28.0462532043457 28.4136047363281 28.6711254119873 28.8814544677734 28.5374488830566 28.4746017456055 28.0383491516113 28.5100727081299 31.658899307251 29.3803043365479 32.1737747192383 29.0435676574707 31.4256839752197 31.254566192627 32.0450973510742 35.0704078674316 35.7898406982422 32.9621925354004 33.1295280456543 33.8639869689941 32.0840644836426 32.3910827636719 35.7978973388672 34.2685279846191 33.6153259277344 32.9925193786621 31.3346920013428 31.217378616333 32.8759765625 33.257698059082 33.0965766906738 32.5078277587891 30.8287506103516 34.4480667114258 30.7515850067139 30.4703636169434 30.1338310241699 30.156343460083 31.4532794952393
24.6067790985107 30.2929420471191 31.0663299560547 24.6848793029785 24.6385440826416 25.4988708496094 26.2584953308105 27.134090423584 27.6421375274658 27.9682121276855 28.3254146575928 28.1522331237793 28.1807880401611 28.605598449707 28.9284038543701 29.3196792602539 31.9768733978271 32.3947944641113 32.2943878173828 32.7917327880859 31.292028427124 32.3622169494629 33.8648452758789 35.9187889099121 33.7613945007324 34.5404090881348 34.5446357727051 34.5575523376465 34.2533836364746 36.2175445556641 35.1455383300781 34.606861114502 34.6615142822266 34.9762535095215 32.0771369934082 31.1387500762939 32.3207702636719 29.7756500244141 31.3022079467773 31.6040115356445 31.6784210205078 30.6461353302002 35.1185493469238 31.5963020324707 30.1870059967041 29.9590682983398
25.4065132141113 24.6300487518311 30.499568939209 25.2828731536865 25.4073581695557 26.3222484588623 26.2114162445068 26.9621715545654 28.0501804351807 28.55251121521 28.8470268249512 28.9550189971924 28.9944877624512 32.6703071594238 32.6767845153809 29.651065826416 29.4231739044189 29.5567150115967 29.5813751220703 32.4035568237305 31.9331798553467 32.1232070922852 29.569995880127 30.708625793457 31.549186706543 33.2842636108398 32.6628227233887 33.8189277648926 35.7830467224121 33.2824897766113 33.1881408691406 32.2791557312012 32.6463584899902 33.5452728271484 31.9184131622314 31.5388431549072 29.5264358520508 28.7867603302002 28.9867153167725 27.9568424224854 33.6448669433594 32.1734657287598 33.314525604248 32.9284019470215 34.9106941223145 30.6756839752197
26.4329166412354 25.4796352386475 25.0360851287842 25.5444507598877 26.0877380371094 26.9907627105713 27.0522556304932 27.358736038208 27.5874252319336 28.2171287536621 28.2635078430176 31.0110187530518 31.9351139068604 29.1134281158447 33.4252166748047 32.8069801330566 33.2617988586426 29.8520317077637 32.640438079834 32.4566955566406 32.5036735534668 31.5659236907959 30.4968681335449 32.5299682617188 34.3667907714844 34.5011024475098 32.5752868652344 33.1141128540039 32.3025665283203 34.1323127746582 34.4220809936523 33.1025543212891 34.3471336364746 32.19189453125 34.6819725036621 31.6962509155273 35.3079147338867 31.6276912689209 31.9910297393799 30.5134677886963 31.600378036499 32.088264465332 31.368106842041 31.6454277038574 32.4994964599609 33.4912223815918
26.0234851837158 25.5389595031738 25.192533493042 26.4257888793945 27.0316715240479 27.5636615753174 28.2043972015381 28.5391521453857 28.501932144165 28.8482284545898 28.7470989227295 30.9206104278564 31.5841045379639 33.1288261413574 33.3154792785645 32.8073616027832 33.1963043212891 33.5918769836426 32.9776916503906 29.8541812896729 32.4383697509766 31.5719985961914 32.3356704711914 32.3981285095215 33.661205291748 34.3610382080078 34.5877494812012 35.1613273620605 32.4949493408203 32.9534225463867 30.2467594146729 32.635799407959 33.9557342529297 35.7541313171387 34.7362899780273 28.8682975769043 31.4393196105957 32.2480964660645 30.7246627807617 31.7116374969482 33.656063079834 32.8562889099121 32.215446472168 32.6026000976562 32.1459617614746 31.9919719696045
26.0247936248779 25.285213470459 24.6470851898193 25.9948101043701 27.223316192627 27.6885833740234 27.0647048950195 28.3738479614258 28.0270290374756 27.4320392608643 28.6338672637939 28.3019313812256 28.6376113891602 31.5029945373535 29.1598110198975 32.487133026123 32.6040229797363 32.5946655273438 33.1207504272461 31.1294975280762 32.0327224731445 32.5345840454102 32.1101913452148 29.7840061187744 32.2956581115723 34.4165344238281 33.3986549377441 32.5808486938477 32.7758407592773 32.9431800842285 30.0937213897705 28.278263092041 29.1415863037109 32.1990127563477 28.3020973205566 28.112434387207 32.4042587280273 31.6912002563477 32.4794578552246 31.2035655975342 33.4472618103027 34.6623458862305 31.0345706939697 31.3024768829346 32.1994895935059 32.8063659667969
26.4405879974365 25.4135818481445 25.4981517791748 26.0546169281006 26.9051761627197 27.3472995758057 27.8387203216553 27.872444152832 26.6801929473877 26.2508335113525 28.0605354309082 26.7440071105957 27.2360496520996 27.5022926330566 31.1965198516846 32.0343132019043 29.3657741546631 32.6098442077637 29.9634265899658 33.4128875732422 32.9870300292969 33.3117141723633 32.8212280273438 32.4889297485352 31.6725921630859 32.8624076843262 33.6921691894531 32.697380065918 32.0179214477539 33.6267395019531 31.8173446655273 29.3708782196045 32.6037063598633 31.6900215148926 26.1098232269287 30.6252727508545 31.63307762146 32.0403175354004 32.3607711791992 34.0586242675781 31.9741764068604 34.375919342041 32.1149063110352 32.2863578796387 31.785062789917 31.6422805786133
26.4531002044678 26.1448287963867 25.8682880401611 26.0165977478027 26.6899223327637 27.3682765960693 27.3119945526123 27.1108818054199 26.4841785430908 27.4752349853516 27.6568946838379 26.4740257263184 26.7683162689209 26.9587688446045 28.2301006317139 28.5829372406006 32.3061790466309 29.4369487762451 32.7255821228027 33.0168991088867 32.8364067077637 33.1440277099609 31.3956413269043 32.9123497009277 32.1833343505859 32.2604484558105 31.9938488006592 33.1340179443359 31.3433418273926 31.2444686889648 32.9317817687988 32.7021064758301 29.2868461608887 31.3099422454834 32.0144348144531 32.8352203369141 29.6826229095459 32.1080703735352 34.4716339111328 31.8559513092041 32.8219833374023 31.9136295318604 32.3871994018555 34.2012825012207 33.7143096923828 31.3701801300049
25.8605365753174 25.7870616912842 25.3429508209229 25.7488136291504 26.2867984771729 26.1364727020264 26.8196201324463 27.2498321533203 27.6311187744141 27.6835689544678 27.6662368774414 27.9079532623291 31.1538581848145 31.8958492279053 31.7450218200684 28.5256366729736 29.1825218200684 32.9607467651367 30.2966766357422 32.4671249389648 32.7827911376953 33.3547019958496 33.430908203125 32.7443046569824 32.9657783508301 31.8998222351074 32.363468170166 32.2340698242188 31.3667125701904 33.29345703125 33.6265258789062 34.4522514343262 30.8995151519775 31.8461132049561 31.8058776855469 27.6264362335205 30.5107021331787 33.1947212219238 35.1552276611328 29.9107894897461 32.2426109313965 32.408275604248 31.7476673126221 30.5921077728271 32.0812339782715 32.7615814208984
