inst/extdata/Tmax/Tmax100.asc
NCOLS 100 
NROWS 79 
XLLCORNER 148.06 
YLLCORNER -21.49 
CELLSIZE 0.01 
NODATA_value -3.4e+38 
[rows 40 to 59 of 79, columns 46 to 91 of 100]
35.0944213867188 35.9698524475098 36.3498077392578 37.1411209106445 38.5714988708496 39.4312324523926 39.0070953369141 37.325267791748 36.9926528930664 37.5974006652832 38.0452995300293 39.5731582641602 39.2411460876465 39.4283294677734 38.6999816894531 39.572566986084 39.7334518432617 39.4857635498047 39.5719375610352 39.6578903198242 39.6746139526367 38.8593292236328 39.1998710632324 39.4749870300293 39.5512962341309 39.5897369384766 39.5055160522461 39.1811332702637 39.3376045227051 39.5001640319824 39.4692993164062 39.3205642700195 39.0420722961426 37.9489479064941 38.1883773803711 38.7689437866211 38.6866493225098 38.6023406982422 38.805793762207 38.3258285522461 37.6692161560059 38.0876312255859 38.3615646362305 38.180980682373 38.4096527099609 38.4506912231445
36.2966270446777 37.3446884155273 37.2680854797363 37.2269897460938 38.6139678955078 39.6910514831543 38.6883430480957 38.3377380371094 38.8589859008789 38.9305992126465 39.2362022399902 39.8380546569824 39.7380256652832 39.7506637573242 39.6231956481934 39.8782386779785 39.9107856750488 39.8534545898438 39.815803527832 39.8326606750488 39.8219871520996 39.3668670654297 38.7649383544922 39.0733909606934 39.0053825378418 39.4146537780762 39.6719665527344 39.2713050842285 39.2573776245117 39.5810966491699 39.6086349487305 39.5190582275391 39.3744888305664 38.8550605773926 39.0570449829102 39.0763816833496 38.8918724060059 38.8823318481445 38.9655532836914 39.0662422180176 38.2267227172852 38.4208564758301 38.9415130615234 38.7719306945801 38.8819198608398 38.8330841064453
38.4643402099609 38.6184577941895 38.7747688293457 39.1906623840332 39.4751091003418 39.8935241699219 39.5109634399414 39.0455436706543 39.4912643432617 39.835132598877 39.7508926391602 40.0176315307617 40.0448570251465 39.9761772155762 39.9512100219727 40.0112991333008 40.019229888916 39.9979362487793 39.9697570800781 39.9592628479004 39.8893928527832 39.0864067077637 38.9140777587891 39.3396873474121 38.8960342407227 39.2696380615234 39.6380386352539 39.5511817932129 39.4984588623047 39.7033309936523 39.7204170227051 39.6923599243164 39.6531829833984 39.5526275634766 39.4641036987305 39.1727638244629 38.3852577209473 38.8934898376465 39.3371047973633 39.3259391784668 39.2012519836426 39.1464996337891 39.2387275695801 39.2615242004395 39.2888488769531 39.2437362670898
39.547290802002 39.5617523193359 39.6717376708984 39.7938804626465 39.9923858642578 40.0618782043457 39.9708251953125 39.7692413330078 39.9140968322754 40.0971145629883 40.0843276977539 40.1243743896484 40.1043090820312 40.0711097717285 40.0857391357422 40.0506820678711 39.9944458007812 39.972484588623 39.9972953796387 40.0197830200195 39.9870948791504 39.7707977294922 39.5571212768555 39.7006340026855 39.5859832763672 39.1980667114258 39.436637878418 39.6572380065918 39.7784843444824 39.7900543212891 39.7851142883301 39.7549591064453 39.7239608764648 39.6827621459961 39.6703109741211 39.5317687988281 39.1250381469727 39.37939453125 39.5209846496582 39.500431060791 39.4543800354004 39.4454803466797 39.4270553588867 39.4339714050293 39.4322128295898 39.4058837890625
39.4024772644043 39.6334838867188 39.8568229675293 39.8608283996582 39.9057807922363 40.0129051208496 40.0369682312012 40.0932197570801 40.1143951416016 40.0640487670898 39.8747863769531 39.9649543762207 39.8983154296875 39.6750869750977 39.8278045654297 39.9285888671875 39.8314552307129 39.9224624633789 39.998046875 40.0351066589355 40.0495147705078 39.9221496582031 39.6576499938965 39.4382934570312 39.623908996582 39.7526741027832 39.7866172790527 39.8155899047852 39.8152122497559 39.8350410461426 39.8186149597168 39.7858734130859 39.7430953979492 39.7024230957031 39.7176971435547 39.6514701843262 39.626651763916 39.6149520874023 39.5604705810547 39.5535430908203 39.5156211853027 39.4978332519531 39.4936561584473 39.4763793945312 39.3930549621582 39.4156227111816
37.8118476867676 38.5141944885254 38.8894538879395 39.0785789489746 39.4011764526367 39.6944770812988 39.6273231506348 39.797721862793 39.7934951782227 39.6511421203613 38.970573425293 38.9819869995117 39.0489807128906 37.7221298217773 38.5751724243164 39.2393074035645 39.7087707519531 39.9873313903809 40.0586166381836 40.0745544433594 40.0824127197266 39.9156036376953 39.5464744567871 39.2294921875 39.4552612304688 39.6626815795898 39.7652168273926 39.7480239868164 39.7954139709473 39.8473281860352 39.8469543457031 39.819938659668 39.7957153320312 39.7803192138672 39.7453918457031 39.6471099853516 39.630615234375 39.6167144775391 39.5854110717773 39.5714950561523 39.5292434692383 39.5153884887695 39.5005226135254 39.4524993896484 39.4412040710449 39.4610404968262
35.6216316223145 36.7956657409668 36.7064590454102 36.677001953125 37.8869819641113 38.3709716796875 38.4601135253906 38.6934089660645 39.0958518981934 38.5433731079102 37.927360534668 37.4031944274902 38.0030174255371 37.8861503601074 38.2849731445312 39.2955856323242 39.8811721801758 40.0375900268555 40.0617294311523 40.0406799316406 40.0819854736328 40.0736885070801 39.7177467346191 39.4166069030762 39.3157997131348 39.5328674316406 39.7037391662598 39.7924537658691 39.8703536987305 39.8784141540527 39.8916053771973 39.8732986450195 39.8579177856445 39.8246841430664 39.7504425048828 39.6824073791504 39.6706848144531 39.6597137451172 39.6405715942383 39.6214332580566 39.578914642334 39.5688591003418 39.5599403381348 39.5270080566406 39.5153579711914 39.4251899719238
35.7540435791016 35.6894569396973 35.5076522827148 35.5800819396973 35.5241966247559 36.2573432922363 37.3977394104004 37.9966125488281 38.1595497131348 38.0438270568848 38.5109710693359 38.3586807250977 38.2128486633301 38.7310256958008 38.9893417358398 39.7368125915527 39.9509925842285 39.9706993103027 39.9140968322754 40.0120964050293 40.1138191223145 40.135124206543 40.0102157592773 39.7456436157227 39.386547088623 39.6006050109863 39.7584648132324 39.8881187438965 39.9396743774414 39.9628372192383 39.9685325622559 39.9294319152832 39.8681297302246 39.798942565918 39.7407150268555 39.7018241882324 39.7051582336426 39.711009979248 39.696460723877 39.6783714294434 39.6478614807129 39.6436424255371 39.6321678161621 39.608829498291 39.4389305114746 39.2601776123047
35.3855247497559 35.4828300476074 35.697826385498 35.4289245605469 35.3411979675293 35.4449615478516 36.2462463378906 37.7640609741211 38.2509880065918 38.4094390869141 38.2483367919922 38.4147644042969 38.6748504638672 38.9314346313477 38.9810409545898 39.4346466064453 39.7582817077637 39.7546997070312 39.7453422546387 39.9963340759277 40.0879287719727 40.0808563232422 40.145320892334 40.0704193115234 39.9685859680176 39.924430847168 39.9906883239746 40.0397262573242 40.0384788513184 40.0332984924316 40.0079307556152 39.9291725158691 39.8528289794922 39.7380332946777 39.6976127624512 39.7279319763184 39.7300262451172 39.739387512207 39.7475204467773 39.7300910949707 39.7129096984863 39.7066764831543 39.6890029907227 39.6727027893066 39.5381011962891 39.4222068786621
35.462646484375 35.6310043334961 35.6569938659668 35.3451728820801 35.8173599243164 36.6172981262207 36.702938079834 37.8578186035156 38.290958404541 38.4744453430176 38.2927742004395 38.7190742492676 38.9653625488281 38.9675140380859 39.0459442138672 38.9439315795898 39.0282821655273 39.2305107116699 39.5504837036133 39.8498268127441 39.9342651367188 39.9270706176758 40.1238746643066 40.1580848693848 40.1660995483398 40.1313591003418 40.1036987304688 39.956787109375 40.0022430419922 40.0519752502441 40.017936706543 39.9009132385254 39.8588485717773 39.6910133361816 39.6306686401367 39.7646942138672 39.7606735229492 39.741870880127 39.7867240905762 39.788028717041 39.7565498352051 39.7568626403809 39.7408065795898 39.7092742919922 39.6410064697266 39.5781784057617
35.5025482177734 35.3902359008789 35.6029052734375 35.3283462524414 35.9545288085938 37.0024909973145 37.3141746520996 37.8535537719727 38.4959983825684 38.8978576660156 38.9022636413574 39.0090827941895 39.0726127624512 39.0983428955078 39.0871047973633 39.0280723571777 39.0857887268066 38.8464393615723 38.5333786010742 39.5356407165527 39.4397048950195 39.7966690063477 40.07275390625 40.1185607910156 40.1558456420898 40.1261787414551 40.0602722167969 39.8714714050293 39.9899406433105 40.0696067810059 39.9313850402832 39.7703437805176 39.7784118652344 39.7567329406738 39.7789497375488 39.8309555053711 39.832691192627 39.8165588378906 39.8113632202148 39.8362617492676 39.818962097168 39.7987365722656 39.7711524963379 39.7359313964844 39.6943359375 39.6161460876465
35.0880432128906 35.0641479492188 35.4367599487305 34.8281402587891 34.9765853881836 36.9034538269043 37.6055526733398 38.1881713867188 38.4968452453613 38.752082824707 38.796329498291 38.8010749816895 38.6230926513672 38.6237945556641 38.8637542724609 38.9697341918945 39.2660980224609 39.2006187438965 39.0350341796875 39.0703315734863 38.9324951171875 39.606761932373 39.9523506164551 40.0959930419922 40.0985450744629 40.0953674316406 39.7961349487305 39.4773750305176 39.9851531982422 40.0908317565918 39.8581962585449 39.5830192565918 39.7917404174805 39.8288192749023 39.8498191833496 39.808349609375 39.8021697998047 39.8017044067383 39.8166427612305 39.8035354614258 39.7938461303711 39.8140487670898 39.7960815429688 39.7632827758789 39.7249183654785 39.6633987426758
34.7477645874023 34.6077079772949 35.0673141479492 34.9499855041504 35.0373802185059 36.0185050964355 36.9837799072266 37.6019515991211 38.0496864318848 38.382926940918 38.3250007629395 38.2607650756836 38.320140838623 38.5789909362793 39.2415885925293 39.3233833312988 39.4851188659668 39.3984794616699 39.3246231079102 39.1741409301758 38.9606895446777 39.5294990539551 39.9127883911133 40.0733528137207 40.0181770324707 40.0808334350586 39.7509803771973 38.9390640258789 39.804500579834 40.1037445068359 39.875186920166 39.6543807983398 39.8211402893066 39.7675247192383 39.7061462402344 39.7155952453613 39.7545585632324 39.6979942321777 39.6254196166992 39.6058082580566 39.6837768554688 39.7535743713379 39.8192100524902 39.7966995239258 39.7612266540527 39.7188835144043
35.8329048156738 34.8284149169922 34.9368743896484 35.3309020996094 35.7023811340332 36.7445678710938 36.7980728149414 37.541576385498 38.2827644348145 38.5888938903809 38.8974876403809 38.9932174682617 39.1132774353027 39.3144187927246 39.4812278747559 39.5092735290527 39.4647445678711 39.5290794372559 39.497688293457 39.289981842041 39.1139755249023 39.1227989196777 39.5874099731445 39.7840690612793 39.7175445556641 40.0674476623535 39.9752922058105 39.4198226928711 39.8834495544434 40.105785369873 39.9149780273438 39.7403411865234 39.6649971008301 39.3737487792969 39.5354347229004 39.4688262939453 39.4721069335938 39.102653503418 39.1869888305664 38.2738227844238 39.458179473877 39.6703453063965 39.8141136169434 39.8134002685547 39.7828330993652 39.741382598877
36.520133972168 35.5457382202148 35.0293807983398 35.8194046020508 36.4558143615723 37.1674194335938 37.2269401550293 37.6767845153809 38.3853073120117 38.7712478637695 38.8053436279297 38.8217124938965 39.1945152282715 39.3486938476562 39.4470138549805 39.4220962524414 39.6048316955566 39.720329284668 39.6927108764648 39.4720344543457 39.3239517211914 39.2369270324707 39.3533554077148 39.3627090454102 39.3384437561035 39.9205093383789 40.0707702636719 39.8175239562988 39.5580787658691 40.0158500671387 39.6222305297852 38.8959922790527 39.4398956298828 39.5787620544434 39.8256607055664 39.8128242492676 39.7720565795898 39.7376518249512 39.5398368835449 38.6637229919434 39.3662414550781 39.6426086425781 39.7826538085938 39.814395904541 39.8018608093262 39.7635269165039
36.5693321228027 35.7226638793945 35.1671180725098 36.4411735534668 37.3899040222168 37.8086090087891 38.4866371154785 38.7038612365723 38.8981132507324 39.0017242431641 38.8211860656738 38.784839630127 39.2921600341797 39.374210357666 39.3843002319336 39.4385604858398 39.5401725769043 39.5301170349121 39.9899215698242 39.7765350341797 39.5313148498535 39.3841209411621 39.3627662658691 39.2202987670898 39.229320526123 39.7682266235352 40.0667953491211 39.9838562011719 39.8544654846191 40.1170082092285 39.5179824829102 38.5252647399902 38.9743423461914 39.5737609863281 39.5998382568359 39.2430419921875 39.2898902893066 39.7487983703613 39.8440322875977 39.8035621643066 39.8150596618652 39.8001518249512 39.8039665222168 39.7951774597168 39.8076934814453 39.788028717041
36.4486045837402 35.4933128356934 35.0265808105469 36.2318954467773 37.4809951782227 37.8271522521973 37.2672576904297 38.5299377441406 38.483585357666 37.9718856811523 38.8479156494141 39.0432090759277 39.065746307373 39.1220283508301 39.1392440795898 39.3215370178223 39.4393768310547 39.5416030883789 39.9731712341309 40.076042175293 39.9021186828613 39.6135406494141 39.4628295898438 39.3931465148926 39.180362701416 39.5845031738281 39.9833831787109 39.9932670593262 40.151927947998 40.2019996643066 39.7517356872559 38.1604080200195 38.7534599304199 38.3009605407715 38.6147689819336 37.9540672302246 38.8148880004883 39.7321586608887 39.8256645202637 39.8720092773438 39.8644409179688 39.7842102050781 39.6833648681641 39.7678680419922 39.7814903259277 39.776798248291
36.442684173584 35.7038040161133 35.7651710510254 36.2720718383789 37.1732864379883 37.5857925415039 37.9759292602539 38.1982002258301 36.9777946472168 36.8937492370605 38.3387107849121 37.4129638671875 37.7613563537598 38.1787719726562 38.8472137451172 39.2622451782227 39.4015960693359 39.5971336364746 39.9022216796875 40.0144309997559 40.0617370605469 39.8319625854492 39.5434417724609 39.6040153503418 39.4926834106445 39.686767578125 39.6825485229492 39.5330238342285 40.0080528259277 40.1629409790039 39.9558410644531 39.310661315918 37.993766784668 36.1210975646973 36.2905883789062 37.8737106323242 39.188102722168 39.7227668762207 39.8123397827148 39.7551078796387 39.7352027893066 39.5293731689453 39.4144287109375 39.7283897399902 39.4966621398926 39.5423278808594
36.4153480529785 36.0600242614746 35.859073638916 36.1643905639648 36.7629280090332 37.5422897338867 37.6831092834473 37.2869987487793 36.8339157104492 37.6450424194336 38.0944557189941 37.1553421020508 37.4652900695801 37.870059967041 38.7567672729492 39.1179695129395 39.3885650634766 39.7807388305664 40.1420211791992 39.9884223937988 39.8725547790527 40.1123313903809 39.8866424560547 39.7215156555176 39.5777778625488 39.5610809326172 39.6308746337891 39.5403327941895 39.8252372741699 40.1116561889648 40.1366920471191 39.6605529785156 39.014102935791 37.4862213134766 36.9069023132324 37.9315147399902 39.1881790161133 39.6755599975586 39.7205924987793 39.3042984008789 39.5134162902832 39.6615943908691 39.4717330932617 39.5183258056641 39.2246513366699 39.4421043395996
36.0831871032715 35.8737106323242 35.4040756225586 35.738166809082 36.4940452575684 36.660530090332 37.0545997619629 37.369987487793 37.646068572998 37.7447967529297 38.0584907531738 38.2590370178223 38.8696708679199 38.9514007568359 39.0846519470215 38.6558532714844 39.5227088928223 39.8541069030762 40.036434173584 39.7865791320801 39.8888893127441 40.0413055419922 40.1256446838379 40.0708808898926 39.8160858154297 39.7406349182129 39.4195175170898 39.5585708618164 39.902961730957 39.9709892272949 40.0934181213379 40.0963859558105 39.6036186218262 38.9992446899414 38.165168762207 37.8799018859863 38.9277000427246 39.6092185974121 39.1654624938965 38.6784973144531 39.4757995605469 39.6871223449707 39.4342269897461 38.734375 39.0425682067871 39.4925231933594
