inst/extdata/Tmax/Tmax3.asc
NCOLS 100 
NROWS 79 
XLLCORNER 148.06 
YLLCORNER -21.49 
CELLSIZE 0.01 
NODATA_value -3.4e+38 
[rows 40 to 59 of 79, columns 46 to 91 of 100]
15.3357610702515 16.7484703063965 16.398681640625 17.2100791931152 19.3845481872559 19.2943077087402 19.1348323822021 17.0457019805908 16.7571086883545 17.3292865753174 18.8785667419434 20.7799644470215 21.282865524292 20.7553024291992 20.01953125 21.7169227600098 22.6287956237793 22.0854110717773 23.1455116271973 23.1232814788818 22.4797019958496 23.0802955627441 20.9421482086182 19.7894897460938 21.2403945922852 22.176643371582 22.7119827270508 21.8923511505127 21.7121829986572 21.8774261474609 21.4995899200439 22.5990390777588 21.3481750488281 18.4032402038574 20.0624561309814 24.454381942749 22.7977085113525 21.2314300537109 19.0734214782715 18.3885459899902 17.8347930908203 20.6921939849854 21.0753631591797 20.4531326293945 21.7979888916016 19.0276165008545
16.6353702545166 16.7519264221191 18.1461811065674 19.4920787811279 20.0820598602295 19.5231781005859 18.9482727050781 18.7524318695068 20.0890846252441 20.3393096923828 22.9879264831543 21.7584438323975 21.5357513427734 21.2172470092773 20.6383609771729 22.580680847168 22.7025775909424 22.5242614746094 23.5809803009033 23.8664264678955 21.7700805664062 22.123384475708 18.3428802490234 24.1534557342529 25.3340492248535 20.9298667907715 22.9018287658691 21.8917980194092 22.0901870727539 21.2750415802002 21.8743667602539 22.4180850982666 22.2547359466553 21.3054847717285 21.7366676330566 23.7520866394043 22.0105857849121 21.4407520294189 21.1602363586426 20.8572597503662 20.3842506408691 19.9160118103027 21.3155155181885 20.9561100006104 20.9361763000488 20.3929080963135
17.9994506835938 19.0012798309326 18.9045333862305 20.8590507507324 25.9117336273193 23.3603668212891 20.8919162750244 20.1756362915039 21.2704982757568 22.913724899292 23.0386180877686 22.5927143096924 22.867395401001 22.4164295196533 24.1450443267822 22.6740970611572 22.5215244293213 22.188871383667 22.6179809570312 23.3458728790283 22.4097270965576 21.8594779968262 21.53662109375 25.6536197662354 19.0040016174316 25.7250480651855 24.9928188323975 20.8280773162842 20.1797790527344 22.7802867889404 22.4695129394531 22.7942371368408 22.0680656433105 21.4160823822021 21.7950344085693 20.5813312530518 20.695442199707 20.157320022583 20.2262172698975 20.673412322998 21.8255882263184 21.9188632965088 22.2756404876709 20.9499835968018 22.9657325744629 22.9037742614746
21.4551792144775 22.2158031463623 22.3548355102539 22.4814376831055 23.1957263946533 22.684383392334 22.3366870880127 21.9425258636475 22.2559757232666 22.6192378997803 23.2914867401123 23.2967987060547 23.4873962402344 23.3813648223877 22.8526458740234 22.3955230712891 22.0419940948486 22.2396564483643 22.9595928192139 20.5666637420654 22.8231792449951 22.8399715423584 22.6344089508057 21.9911022186279 21.4279499053955 23.1671981811523 22.410062789917 21.939754486084 22.5732307434082 24.2942657470703 23.6664428710938 24.1109600067139 21.8996658325195 21.2932968139648 21.1308746337891 23.6486778259277 23.0835285186768 21.1573886871338 22.1148948669434 23.1782245635986 23.7827644348145 22.9310245513916 21.3632850646973 25.5992755889893 23.1539268493652 21.1307468414307
21.2973461151123 21.4736251831055 21.4476356506348 21.7983779907227 23.3581104278564 24.0022945404053 23.3871154785156 22.547679901123 22.9133815765381 22.5805644989014 22.2845363616943 22.2413272857666 21.8272647857666 21.6900386810303 21.5085563659668 22.0756340026855 20.44260597229 21.2789077758789 22.310920715332 22.6824035644531 23.6423320770264 24.2712936401367 23.9937362670898 23.0342044830322 20.9140567779541 21.3798999786377 21.7837295532227 22.271842956543 24.4940586090088 24.8318500518799 23.4744663238525 22.2203559875488 21.1508197784424 21.843433380127 21.4988136291504 23.5233192443848 22.2113056182861 21.041576385498 22.2991580963135 20.7923202514648 21.4173927307129 22.9817199707031 23.3986206054688 23.3534164428711 26.2275657653809 23.1188468933105
17.3940944671631 18.8897380828857 20.4551658630371 18.7767734527588 20.4453830718994 21.1188049316406 20.9450092315674 21.2373199462891 21.5298042297363 21.6394729614258 18.6128997802734 18.786958694458 18.9534950256348 17.1317691802979 18.1072692871094 19.0942974090576 21.4226112365723 21.5982875823975 21.5283527374268 21.6520881652832 23.4437789916992 23.2290496826172 22.5541191101074 22.5055370330811 22.6208305358887 23.1182899475098 23.105167388916 23.0701389312744 22.7013607025146 22.8974571228027 22.5453186035156 23.6892642974854 24.5437774658203 25.0127105712891 22.9849090576172 22.7137088775635 22.1989974975586 22.0345153808594 22.0002899169922 21.7132205963135 21.5511856079102 22.6125030517578 22.7769374847412 21.4637413024902 23.7706756591797 26.1203460693359
15.5401725769043 16.9910488128662 16.5818328857422 16.3469047546387 17.4485454559326 17.8547058105469 18.0140724182129 18.5971870422363 19.1595687866211 18.3855209350586 18.0075550079346 17.369234085083 17.699426651001 17.563533782959 17.88254737854 19.1226253509521 21.7902660369873 21.5381145477295 20.8714046478271 22.7591209411621 23.2169513702393 23.6328544616699 22.6939582824707 21.9760341644287 24.6006965637207 24.78635597229 23.8416633605957 23.1199512481689 22.188346862793 22.0974216461182 23.3022022247314 23.120662689209 22.556131362915 22.8727035522461 23.1435508728027 25.7517604827881 22.5461692810059 22.7265224456787 21.6339664459229 21.4953746795654 21.4656410217285 24.1030712127686 22.1223392486572 24.9815139770508 23.5843238830566 23.02712059021
15.9125661849976 15.8410730361938 15.7209920883179 15.8144245147705 15.6750230789185 16.0783977508545 17.1486892700195 18.1706771850586 18.4376945495605 18.2292594909668 18.8366622924805 18.2200107574463 18.2401847839355 19.7021255493164 20.439453125 21.8977966308594 22.5204963684082 22.4176063537598 22.5366249084473 23.8957500457764 26.5996856689453 24.320972442627 22.2292728424072 23.2460346221924 24.4534187316895 24.0710334777832 23.42360496521 26.3487148284912 23.4938125610352 23.7467784881592 23.7681579589844 21.2130088806152 21.0605163574219 21.3842601776123 21.1559352874756 21.151741027832 22.5568714141846 21.5583438873291 20.6527309417725 24.4015769958496 24.1455745697021 26.1045951843262 22.6768360137939 24.7809467315674 24.5036849975586 24.4222183227539
15.6980800628662 17.6891841888428 16.0211982727051 15.6452140808105 15.549054145813 15.5062274932861 15.6711549758911 17.7842292785645 18.5175876617432 18.6664772033691 18.5620632171631 18.6149291992188 23.9050312042236 24.9956855773926 25.476583480835 21.7905921936035 23.6275329589844 19.9650650024414 25.5838489532471 25.4517211914062 25.1302719116211 25.3908824920654 24.7733097076416 24.3293552398682 24.0183200836182 22.1076679229736 23.2978191375732 24.4393482208252 26.5828723907471 25.8523044586182 25.586612701416 26.328405380249 25.4157428741455 21.4369373321533 22.396635055542 26.7921695709229 25.9583835601807 22.9420185089111 22.7486839294434 22.5578498840332 20.633825302124 21.1598682403564 21.7793960571289 22.6849384307861 21.8080005645752 22.4250717163086
17.6061573028564 18.281156539917 19.4683132171631 16.5298042297363 16.0393829345703 16.8726997375488 16.6835899353027 17.7075119018555 18.0421562194824 18.6179790496826 22.9251136779785 24.4926166534424 25.6560974121094 25.6804656982422 26.148853302002 19.2865257263184 22.4447345733643 19.4972381591797 19.7592506408691 22.2496089935303 22.2156677246094 26.4218082427979 22.8412761688232 23.7174263000488 23.4429054260254 22.5593357086182 24.5097370147705 24.5818557739258 25.0683193206787 25.1272621154785 24.8903255462646 23.2490348815918 21.5801696777344 22.0745410919189 22.7259902954102 26.9518089294434 26.9131622314453 23.7262763977051 22.580846786499 22.4244956970215 22.4022941589355 21.379264831543 22.5597648620605 21.1509685516357 22.1288433074951 22.7675514221191
21.0022392272949 17.7784786224365 20.7518711090088 15.6960935592651 15.7980966567993 17.0914649963379 17.3019390106201 18.0388355255127 18.7170143127441 19.2122783660889 19.2089557647705 19.4126739501953 24.0449447631836 24.7133655548096 25.3186359405518 19.2306995391846 21.6840000152588 21.5829563140869 18.4267826080322 22.1066112518311 19.6364784240723 25.3283786773682 22.9201774597168 24.4550857543945 22.8717403411865 23.8604869842529 22.8549575805664 22.4539222717285 25.4850997924805 25.1838264465332 24.5612316131592 24.0272636413574 23.7028961181641 21.9191398620605 22.7598838806152 25.1940002441406 26.5428619384766 24.6640033721924 23.5581035614014 24.075231552124 22.6346683502197 21.5150165557861 21.5851402282715 20.7089710235596 22.1638069152832 22.9555072784424
16.4683895111084 15.0686922073364 15.5695829391479 14.6701974868774 14.650463104248 16.2613887786865 17.1330699920654 18.2806797027588 18.6495666503906 18.9076633453369 19.1097545623779 18.7546062469482 18.6722526550293 18.224609375 18.6953773498535 21.8383865356445 19.5645046234131 22.3418102264404 19.1907901763916 21.5630512237549 21.3732948303223 22.1949405670166 25.2396087646484 25.978307723999 23.1582679748535 23.3357982635498 24.009765625 22.1706924438477 22.5912551879883 26.0287570953369 24.4516410827637 23.748779296875 23.17529296875 21.5306205749512 21.4226684570312 23.0801677703857 23.4644775390625 23.3069458007812 22.7249641418457 21.0471057891846 24.6756534576416 20.9915046691895 20.7137565612793 20.3772163391113 20.3983974456787 21.6886444091797
14.8258047103882 20.503927230835 21.2766723632812 14.8872289657593 14.8352422714233 15.6998167037964 16.4665985107422 17.346399307251 17.8570137023926 18.1839256286621 18.5287590026855 18.3424644470215 18.3619766235352 18.7847709655762 19.1279563903809 19.5130634307861 22.168830871582 22.5691528320312 22.4522151947021 22.9288635253906 21.4064903259277 22.4991092681885 24.0219459533691 26.080207824707 23.9141693115234 24.7178611755371 24.6561737060547 24.5866413116455 24.388053894043 26.425012588501 25.3066062927246 24.7297878265381 24.8247413635254 25.1324691772461 22.2246398925781 21.2959861755371 22.490213394165 19.9363098144531 21.4543380737305 21.7588748931885 21.8608551025391 20.851713180542 25.3473033905029 21.8277034759521 20.4180526733398 20.1881656646729
15.6405544281006 14.842414855957 20.7067718505859 15.4879779815674 15.6097640991211 16.5317573547363 16.413387298584 17.169713973999 18.2690658569336 18.7722206115723 19.0702266693115 19.1714706420898 19.2055606842041 22.8811302185059 22.8861961364746 19.8513164520264 19.6086139678955 19.7348232269287 19.745433807373 22.5423469543457 22.0503082275391 22.2295951843262 19.6932258605957 20.8353481292725 21.6577835083008 23.4367446899414 22.8009243011475 23.86838722229 25.9127407073975 23.4676399230957 23.3355484008789 22.3978137969971 22.7541217803955 23.6007385253906 22.0088539123535 21.6235427856445 19.617618560791 18.8176040649414 19.0385131835938 17.8990135192871 23.7637310028076 22.3438625335693 23.5256690979004 23.1475219726562 25.1308498382568 20.8943214416504
16.6781044006348 15.7001266479492 15.2429714202881 15.7540016174316 16.29860496521 17.2057647705078 17.2595443725586 17.5665111541748 17.8063545227051 18.4407348632812 18.4780349731445 21.2147483825684 22.1460094451904 19.3213424682617 23.6270961761475 22.9966144561768 23.4522552490234 20.0393981933594 22.8137054443359 22.6020832061768 22.6276741027832 21.6737537384033 20.5991439819336 22.6203746795654 24.4431991577148 24.6108131408691 22.7132091522217 23.2028141021729 22.3444919586182 24.2749290466309 24.4868717193604 23.0697116851807 24.3895320892334 22.2652969360352 24.8116245269775 21.834156036377 25.4442119598389 21.7638282775879 22.0931453704834 20.4729080200195 21.6856307983398 22.2367115020752 21.5558242797852 21.8488616943359 22.708438873291 23.6997184753418
16.2677688598633 15.7605075836182 15.3997020721436 16.6427173614502 17.2584838867188 17.7916393280029 18.4455299377441 18.7784748077393 18.7390327453613 19.0789928436279 18.9584121704102 21.1187381744385 21.7961463928223 23.3336181640625 23.5090789794922 22.9937648773193 23.3776435852051 23.7606449127197 23.1710014343262 20.0170516967773 22.5708980560303 21.6839141845703 22.4339294433594 22.4759922027588 23.727029800415 24.4514389038086 24.703742980957 25.264741897583 22.5761547088623 23.0974388122559 20.2708950042725 22.590404510498 23.9086818695068 25.8090858459473 24.8033905029297 18.8788681030273 21.464937210083 22.3706607818604 20.8755970001221 21.8610744476318 23.8197002410889 23.0243759155273 22.3925647735596 22.7859592437744 22.340950012207 22.1911735534668
16.2649173736572 15.5022106170654 14.8515520095825 16.2067089080811 17.4499664306641 17.9144439697266 17.2678756713867 18.6025447845459 18.2429065704346 17.6210098266602 18.8427429199219 18.5083503723145 18.8332195281982 21.6897315979004 19.3359069824219 22.6624660491943 22.7746524810791 22.7599792480469 23.3075923919678 21.31374168396 22.1889934539795 22.6572380065918 22.2103042602539 19.8673496246338 22.3550186157227 24.4879741668701 23.4903202056885 22.6658039093018 22.9014682769775 23.085657119751 20.1435546875 18.2272720336914 19.0860939025879 22.1251239776611 18.2193794250488 18.0155010223389 22.336275100708 21.7947635650635 22.6107330322266 21.3529033660889 23.6067752838135 24.8114795684814 21.1690998077393 21.4642105102539 22.3730602264404 22.9878444671631
16.6788349151611 15.6320543289185 15.7099094390869 16.2653713226318 17.1225566864014 17.5642204284668 18.056224822998 18.086109161377 16.8574886322021 16.4178638458252 18.2464981079102 16.8988494873047 17.3864707946777 17.6511421203613 21.3555889129639 22.2021179199219 19.5296382904053 22.7741451263428 20.1385765075684 23.5855312347412 23.151741027832 23.4456367492676 22.9216690063477 22.5808544158936 21.7446041107178 22.9359703063965 23.7525577545166 22.7345218658447 22.0886554718018 23.7387790679932 21.8913803100586 19.3463363647461 22.539758682251 21.6496295928955 16.056173324585 20.5278739929199 21.6086330413818 22.1239700317383 22.4710311889648 24.1640472412109 22.0867195129395 24.4529075622559 22.176607131958 22.4214038848877 21.8783588409424 21.7532348632812
16.6894855499268 16.3672332763672 16.0800952911377 16.2245006561279 16.8981151580811 17.5821208953857 17.5195941925049 17.3004970550537 16.6578197479248 17.6516876220703 17.833324432373 16.6235733032227 16.9121074676514 17.0988693237305 18.3829650878906 18.7402572631836 22.4659442901611 19.6106605529785 22.9177703857422 23.1829566955566 22.9804821014404 23.2982864379883 21.5173740386963 23.0086555480957 22.2570533752441 22.3214435577393 22.0466365814209 23.1684913635254 21.3864994049072 21.3294811248779 23.0300903320312 22.7114086151123 19.2357234954834 21.2385711669922 21.9440460205078 22.7363777160645 19.6437015533447 22.1671867370605 24.5475330352783 21.8582611083984 22.8740463256836 22.0035667419434 22.4459838867188 24.2770595550537 23.7412986755371 21.4464015960693
16.0901622772217 16.0057716369629 15.5485334396362 15.9505195617676 16.4895935058594 16.3329067230225 17.0131015777588 17.4391326904297 17.8157520294189 17.859992980957 17.8395214080811 18.0758800506592 21.3313522338867 22.065372467041 21.9089260101318 18.6618404388428 19.3472557067871 23.1364879608154 20.4752292633057 22.6132354736328 22.9244041442871 23.4982299804688 23.5697536468506 22.8654937744141 23.0527935028076 21.9700775146484 22.4010887145996 22.2680625915527 21.4145660400391 23.3357410430908 23.7000102996826 24.537899017334 20.8902969360352 21.7813854217529 21.7168388366699 17.5274143218994 20.4415740966797 23.2260799407959 25.1122398376465 19.8572025299072 22.2732467651367 22.4893913269043 21.7852191925049 20.5742874145508 22.0848159790039 22.8344211578369
