inst/extdata/Tmax/Tmax123.asc
NCOLS 100 
NROWS 79 
XLLCORNER 148.06 
YLLCORNER -21.49 
CELLSIZE 0.01 
NODATA_value -3.4e+38 
[rows 20 to 39 of 79, columns 46 to 91 of 100]
39.8342361450195 38.3376312255859 38.5000877380371 39.6557769775391 39.4207305908203 38.9100532531738 38.6535301208496 37.6249542236328 39.1586151123047 40.3100318908691 41.0808944702148 40.6992378234863 40.6485176086426 41.088249206543 40.793628692627 40.5388298034668 40.7190399169922 41.1161003112793 41.2021942138672 41.1720962524414 41.0740699768066 40.9526596069336 41.1410446166992 41.17236328125 41.0990905761719 40.9830169677734 40.8666343688965 40.8564414978027 40.7941360473633 40.5066719055176 40.5047340393066 40.6811447143555 40.574089050293 40.3380126953125 40.3006744384766 40.2143859863281 40.107666015625 40.0656204223633 40.0224151611328 39.9775619506836 39.871410369873 39.6632423400879 39.1212272644043 38.9371070861816 39.0560340881348 39.0062713623047
40.0939712524414 38.335506439209 37.288200378418 38.769359588623 38.634334564209 38.1277008056641 38.8460540771484 37.1935272216797 38.2591094970703 39.9490051269531 40.9008102416992 39.8394088745117 39.2930870056152 40.6892051696777 39.7425994873047 39.4137115478516 40.0618667602539 41.0348472595215 41.0088539123535 41.2967758178711 41.322696685791 41.2887191772461 41.0982666015625 40.8040885925293 40.7647285461426 40.7659912109375 40.8578834533691 40.8020629882812 40.6997413635254 40.6057586669922 40.7875175476074 40.7964897155762 40.7256011962891 40.4126663208008 40.4365272521973 40.3458786010742 40.2084579467773 40.1843185424805 40.1613998413086 40.1389389038086 39.9665336608887 39.817268371582 39.6039962768555 39.3977394104004 39.258415222168 39.2114448547363
40.6092262268066 40.1921463012695 38.577766418457 37.9953498840332 37.5582389831543 38.5185966491699 37.9857788085938 38.182487487793 37.6340675354004 38.4223976135254 40.2111434936523 40.4965896606445 39.2630386352539 39.5538597106934 39.2488288879395 39.6510353088379 40.4455680847168 40.7241172790527 39.6547470092773 40.6081428527832 41.1754531860352 41.1991767883301 40.6990242004395 40.0318641662598 40.4601745605469 40.3980102539062 40.8214530944824 40.937183380127 40.671817779541 40.8034973144531 40.889274597168 40.8969116210938 40.8693542480469 40.7817687988281 40.6613388061523 40.4657974243164 40.2906723022461 40.1601333618164 40.1937713623047 40.2367248535156 40.0835266113281 39.9840087890625 39.7301712036133 39.6007499694824 39.4715766906738 39.5445518493652
40.1192207336426 39.9605445861816 39.41748046875 38.7126083374023 37.3917274475098 38.0087623596191 38.5512580871582 38.7000885009766 38.4651107788086 38.054759979248 39.1617431640625 39.1178970336914 39.81640625 38.4333534240723 39.1021461486816 40.2468070983887 40.19677734375 40.4593276977539 39.3739318847656 40.9454002380371 41.4873428344727 41.3688125610352 40.611701965332 39.5424880981445 40.4625396728516 40.5462684631348 40.5955657958984 40.9253196716309 41.049560546875 41.0692138671875 41.0361938476562 41.0313529968262 40.9817810058594 40.8775863647461 40.7645835876465 40.5916023254395 40.2318992614746 39.9347381591797 40.0200119018555 40.1958389282227 40.1179618835449 40.1244201660156 39.8892669677734 39.8427391052246 39.6254234313965 39.6125297546387
38.4566879272461 39.5926933288574 39.8717460632324 39.6452484130859 38.7438087463379 38.1543731689453 38.1378021240234 37.839771270752 38.6031036376953 38.1091804504395 38.0737457275391 37.6399765014648 39.2648620605469 39.9308662414551 39.2458457946777 40.0431480407715 40.6202850341797 41.0401344299316 40.7735023498535 41.5274353027344 41.4783706665039 41.3325805664062 40.7718963623047 40.0966033935547 40.6756439208984 40.8521614074707 40.5884628295898 40.6345443725586 40.6907119750977 41.0527648925781 40.8813667297363 41.114429473877 40.9852066040039 40.9261665344238 40.829216003418 40.5148696899414 40.4197998046875 39.9450836181641 39.6906394958496 40.0250625610352 40.0824394226074 40.1298637390137 39.9676551818848 39.9937705993652 40.0249214172363 39.8719444274902
37.1305999755859 38.0278511047363 39.1979713439941 39.108039855957 38.3417701721191 37.630729675293 37.2596740722656 36.7163009643555 37.7907257080078 38.329418182373 37.8276977539062 38.0191497802734 39.2070999145508 40.7278671264648 40.301815032959 40.3191871643066 40.4134788513184 41.4522399902344 41.4979057312012 41.4579811096191 41.400749206543 41.1287536621094 40.1393661499023 40.1536026000977 40.2071075439453 40.6589279174805 40.420280456543 39.9132118225098 40.3771514892578 41.1683044433594 41.080997467041 41.1483116149902 41.0891304016113 41.0399551391602 40.9076309204102 40.7444343566895 40.7359809875488 40.2393913269043 39.8022422790527 40.0328750610352 39.7388076782227 39.8174171447754 39.5718803405762 40.0675888061523 40.0901298522949 39.9946556091309
37.0342292785645 36.8740196228027 37.5275688171387 38.1017227172852 38.7072219848633 36.6231384277344 36.3576202392578 37.1262016296387 37.5783348083496 38.2377891540527 38.2245597839355 38.5760612487793 40.0303268432617 40.722713470459 41.0807266235352 41.1644172668457 41.2440643310547 41.604362487793 41.2959213256836 41.1372184753418 41.1120681762695 40.7409515380859 40.8577575683594 41.0387344360352 41.0184860229492 40.5035781860352 40.1489906311035 40.8294448852539 41.0053634643555 40.9495048522949 40.4725227355957 40.9656066894531 41.0635795593262 41.1038360595703 41.0699996948242 40.9569702148438 40.6788673400879 40.390625 40.4237785339355 40.2059173583984 40.0629348754883 39.6069450378418 39.9658317565918 40.109016418457 39.9910545349121 39.8308906555176
37.2163887023926 36.7227172851562 36.998851776123 37.2169799804688 37.7120628356934 36.1043167114258 35.8227081298828 36.2086410522461 37.4132919311523 38.0874328613281 37.5843276977539 38.0981674194336 38.8865280151367 39.850959777832 40.960147857666 40.6590690612793 41.4798431396484 41.6414527893066 41.0720176696777 40.4692153930664 40.9199905395508 41.0470581054688 41.2681732177734 41.4189300537109 41.4773406982422 41.110164642334 41.0826377868652 41.3341369628906 41.3604278564453 40.7882423400879 40.3971366882324 40.796459197998 40.8571128845215 41.1556243896484 41.1683540344238 41.0822525024414 40.9392356872559 40.7455291748047 40.4058227539062 39.7743339538574 39.5478935241699 39.4256553649902 39.428825378418 39.9113578796387 39.8995208740234 40.1334495544434
38.0566253662109 37.641056060791 38.3312721252441 38.1752548217773 37.7992820739746 36.4561882019043 37.1817665100098 36.927562713623 37.2045707702637 37.7421760559082 37.4547843933105 37.6981658935547 37.809211730957 39.7169570922852 40.6904487609863 40.0834465026855 41.2271919250488 41.4243812561035 41.1575584411621 40.2554664611816 40.4179153442383 41.2431335449219 41.5251655578613 41.596248626709 41.5873603820801 41.4691200256348 41.4564437866211 41.5210037231445 41.2021217346191 40.6276168823242 40.4757614135742 40.9691009521484 41.2702255249023 41.275993347168 41.2469329833984 41.1875495910645 41.126651763916 40.994571685791 40.7756652832031 39.8640518188477 39.364070892334 38.7040328979492 39.422119140625 39.3685417175293 40.0213165283203 40.2395210266113
39.5478897094727 39.3965911865234 38.8536567687988 38.7854309082031 38.2927207946777 37.808910369873 37.523078918457 36.5749473571777 37.1706695556641 36.6834907531738 36.1932601928711 37.4234237670898 37.7249336242676 39.3771324157715 40.1672210693359 39.5172462463379 40.0808410644531 40.6760673522949 41.0849494934082 40.9612922668457 40.5619773864746 41.2917098999023 41.6276245117188 41.4500617980957 41.404956817627 41.1209907531738 41.4163246154785 41.581241607666 40.8450355529785 40.158130645752 40.6252746582031 41.0448150634766 41.293342590332 41.3329620361328 41.3205184936523 41.235969543457 41.1944694519043 41.0983963012695 40.9289932250977 40.6049575805664 40.0278587341309 39.6017227172852 39.2255477905273 39.0324058532715 39.668758392334 39.9862937927246
38.5581741333008 38.550220489502 38.5668334960938 38.2243003845215 37.7652015686035 37.9475212097168 37.1002197265625 36.6006736755371 36.0985260009766 36.1730995178223 35.5782928466797 36.4449234008789 36.4275588989258 38.4686965942383 39.3519973754883 38.2994804382324 38.7670555114746 40.0642890930176 41.0870819091797 41.4888725280762 41.0687942504883 41.5153732299805 41.6489143371582 41.315242767334 41.2759323120117 41.332576751709 41.6658058166504 41.6241302490234 41.1779975891113 40.6359939575195 40.8786010742188 41.0704956054688 41.3789749145508 41.3751068115234 41.3155212402344 41.248908996582 41.2223968505859 41.1397590637207 41.0594673156738 40.8735656738281 40.6243515014648 40.1596183776855 39.8206748962402 39.7475357055664 39.8794097900391 40.1395797729492
37.8838500976562 38.1226768493652 38.0067481994629 37.9545402526855 37.0952987670898 37.8219718933105 36.9060249328613 35.6960296630859 35.1055526733398 35.4721488952637 35.1266784667969 35.7735061645508 36.515926361084 38.2378845214844 38.5054244995117 38.1443939208984 39.9649429321289 40.7168922424316 41.279899597168 41.625617980957 41.7933731079102 41.8118171691895 41.7426338195801 41.6487922668457 41.4549331665039 41.6416473388672 41.7165184020996 41.6048393249512 41.2858657836914 40.7592239379883 40.7823181152344 41.2128295898438 41.3562545776367 40.9714660644531 41.2352294921875 41.2812690734863 41.2396545410156 41.1871871948242 41.1214828491211 41.001895904541 40.7182312011719 40.0876770019531 40.3156700134277 40.3101997375488 40.1986465454102 40.0839691162109
37.2447700500488 37.5259475708008 37.3655586242676 37.6151542663574 37.6892967224121 37.6659965515137 37.3027725219727 36.2248268127441 36.3069839477539 36.3955955505371 35.3860282897949 35.1834259033203 36.0920677185059 38.187671661377 38.647876739502 39.0790557861328 39.117504119873 39.8176116943359 41.2854804992676 41.7190704345703 41.8233299255371 41.7623138427734 41.62158203125 41.5600738525391 41.6571197509766 41.679027557373 41.6370162963867 41.3087463378906 40.5478858947754 40.662467956543 40.8732452392578 41.4738311767578 41.2408752441406 40.7734756469727 41.2850112915039 41.1886177062988 41.186580657959 41.198169708252 41.0906753540039 40.8354988098145 40.3217697143555 39.2832221984863 39.0436897277832 39.8385009765625 40.0880470275879 40.2660598754883
37.9229469299316 37.4516487121582 37.2883071899414 37.4396934509277 37.561580657959 37.4515571594238 37.0082054138184 36.6341247558594 37.1808624267578 36.5071830749512 36.3485298156738 36.3280982971191 37.0743942260742 38.1305389404297 38.2642440795898 38.9019775390625 39.7452697753906 40.6740455627441 41.3870735168457 41.6863708496094 41.9021339416504 41.8603858947754 41.4508285522461 41.2051620483398 41.3617057800293 41.2126922607422 41.272403717041 41.3808555603027 41.2729949951172 41.2383193969727 41.4357986450195 41.6246871948242 41.1162338256836 41.0252685546875 41.4507598876953 41.0126495361328 41.0893592834473 41.0266304016113 41.0545654296875 40.7888984680176 39.6111907958984 38.9887199401855 38.4781265258789 39.8756141662598 40.2848587036133 40.0936431884766
38.3433074951172 37.1736297607422 37.1190910339355 37.2192077636719 37.3441505432129 37.1856155395508 37.1966819763184 37.7152671813965 37.3628921508789 36.6219635009766 37.6760406494141 38.0960083007812 38.2565078735352 37.6618957519531 37.6728324890137 38.6146812438965 39.7312889099121 40.8237228393555 40.8793983459473 41.4965209960938 41.8122215270996 41.806568145752 41.413387298584 41.2032699584961 40.5545349121094 40.9644050598145 41.3500785827637 41.448169708252 41.6108207702637 41.597583770752 41.6919937133789 41.626106262207 41.5780258178711 41.5776634216309 41.5183067321777 41.2792053222656 40.5119323730469 40.9550514221191 41.0745811462402 41.0060119628906 40.9212837219238 39.8974723815918 39.7413673400879 40.7423248291016 40.9288940429688 40.8568534851074
38.4085731506348 37.4401359558105 37.0998382568359 37.0203552246094 37.2159996032715 37.0106735229492 37.6520462036133 39.1832656860352 38.3593406677246 37.7006225585938 39.4014625549316 39.9855613708496 39.6320953369141 37.8169097900391 38.1864356994629 38.2591400146484 39.972095489502 40.0111656188965 39.8852233886719 40.6301536560059 41.507022857666 41.6677474975586 41.3917694091797 41.3663101196289 41.2446098327637 40.9398040771484 40.9787063598633 41.0743598937988 41.5963935852051 41.5488090515137 41.5703125 41.4007415771484 41.537181854248 41.6294250488281 41.376106262207 41.312141418457 40.7578468322754 40.830150604248 41.0162353515625 40.8601608276367 41.1367263793945 41.1102867126465 41.0054550170898 41.0109214782715 41.0697212219238 40.9216346740723
38.1488609313965 37.5066413879395 37.2932052612305 37.4608726501465 37.3883247375488 37.4534721374512 37.8524742126465 39.8207817077637 39.9716835021973 38.7398872375488 40.4787979125977 41.2623634338379 40.6388816833496 39.5649337768555 39.4841842651367 39.9818992614746 40.5396385192871 40.9060173034668 41.1470832824707 41.3741760253906 41.5054092407227 41.2748794555664 40.1683540344238 40.3844299316406 40.7969169616699 40.4540519714355 40.608325958252 41.2688026428223 41.5467529296875 41.6872215270996 40.7953834533691 40.7592468261719 41.383056640625 41.5930061340332 41.188892364502 41.1625099182129 40.5062408447266 40.8903579711914 41.0232620239258 40.8817253112793 41.1983108520508 41.2380294799805 41.2306213378906 41.2021560668945 41.1316070556641 40.8349456787109
38.1846694946289 37.7863540649414 37.734806060791 37.8719635009766 38.0467910766602 38.1511993408203 38.9074592590332 40.4602394104004 40.3410224914551 39.9025192260742 41.0859260559082 41.982852935791 41.2878608703613 40.307746887207 39.8222503662109 41.2369842529297 41.5105667114258 41.658519744873 41.8007698059082 41.8003196716309 41.4223098754883 41.1911315917969 41.2578430175781 40.7930679321289 41.0440292358398 41.3803634643555 41.5315856933594 41.5734481811523 41.7193603515625 41.6432075500488 40.3083839416504 40.866138458252 41.5110740661621 41.4242477416992 41.058219909668 40.9770164489746 40.8243751525879 41.2025489807129 41.1990509033203 41.179443359375 41.1094741821289 41.2128753662109 41.2257614135742 41.2085762023926 41.1250381469727 41.0410652160645
38.1594085693359 37.8647842407227 38.380069732666 39.0895652770996 39.1829490661621 39.5872497558594 40.5513191223145 41.0664520263672 40.5273590087891 40.8420104980469 41.9937324523926 42.3852386474609 41.9167633056641 41.0516929626465 40.3907814025879 41.236442565918 41.2148818969727 41.4382400512695 42.0145874023438 42.1547470092773 41.8683738708496 41.5756301879883 41.827938079834 41.6533241271973 41.5274391174316 41.8622436523438 41.7599906921387 41.674243927002 41.8596839904785 41.6591186523438 41.1174507141113 41.4713172912598 41.5864677429199 41.3183975219727 40.5445404052734 40.4645614624023 40.7008094787598 41.2535972595215 40.9960861206055 40.9536972045898 40.9240341186523 41.1299819946289 41.0899810791016 41.1145172119141 40.9747467041016 41.0358390808105
38.2197380065918 38.3905067443848 39.4613952636719 40.1355857849121 40.7473983764648 41.532585144043 42.0489730834961 41.4459228515625 39.7619323730469 40.3072280883789 41.5678062438965 42.4410705566406 42.0708465576172 41.7743263244629 41.0067939758301 41.7805480957031 41.8823776245117 41.358772277832 41.9713897705078 42.2291030883789 42.1413536071777 41.7705535888672 42.0207595825195 42.0829238891602 41.9380073547363 41.9671974182129 41.7973136901855 41.1662673950195 41.7921524047852 41.8815727233887 41.7660865783691 41.6540145874023 41.3754081726074 41.0784034729004 40.375129699707 40.3735847473145 40.9569664001465 40.8799705505371 40.7401161193848 40.5650787353516 40.6357574462891 40.8547515869141 40.6749114990234 40.9373474121094 40.5462265014648 40.8109970092773
