inst/extdata/Tmax/Tmax128.asc
NCOLS 100 
NROWS 79 
XLLCORNER 148.06 
YLLCORNER -21.49 
CELLSIZE 0.01 
NODATA_value -3.4e+38 
[rows 0 to 19 of 79, columns 0 to 45 of 100]
40.773563385009801 40.4045715332031 39.4078979492188 39.7794303894043 39.9194602966309 40.3468132019043 40.5268821716309 40.6849975585938 40.632152557373 40.4465408325195 39.9586372375488 39.7303085327148 39.6379814147949 38.3499336242676 38.8501510620117 39.276294708252 39.6514129638672 39.6120719909668 38.7673835754395 38.0663795471191 37.906681060791 36.913631439209 37.3545379638672 38.6782302856445 39.1915702819824 39.4351844787598 39.2852172851562 39.3265953063965 38.995174407959 38.6026611328125 37.6838912963867 35.7200546264648 37.0366287231445 36.9374542236328 35.68212890625 34.5314025878906 34.4000625610352 33.9999008178711 34.7926483154297 36.8257522583008 38.4647903442383 38.7410049438477 39.520809173584 39.8737411499023 40.0549087524414 40.1909027099609
40.6039924621582 40.0448036193848 39.2434692382812 39.3352088928223 38.7289543151855 39.6840515136719 40.2569580078125 40.5767517089844 40.6957130432129 40.5659332275391 40.2115707397461 39.8744773864746 39.9815521240234 39.5412483215332 39.3617630004883 39.2344932556152 39.637825012207 39.6621513366699 38.6231994628906 37.9909820556641 38.5336532592773 38.2531433105469 38.1280937194824 38.5799903869629 39.0546455383301 39.2318954467773 39.4966316223145 39.4353675842285 39.2053260803223 38.973690032959 38.0872421264648 36.6041793823242 37.8224182128906 37.3772125244141 36.6625671386719 35.6433219909668 35.1680183410645 35.5640449523926 36.7503280639648 37.9712791442871 39.5572700500488 39.982967376709 40.1254463195801 40.1298561096191 40.190559387207 40.2377243041992
40.5897407531738 39.7241897583008 39.844123840332 39.9722061157227 39.4860076904297 39.6033706665039 40.0130805969238 40.5899391174316 40.7614593505859 40.6138687133789 40.3113327026367 40.1611366271973 40.0589599609375 39.9939041137695 39.673454284668 39.5101509094238 39.7066116333008 39.8563079833984 39.253849029541 39.0464668273926 38.8839378356934 38.5255470275879 38.2745475769043 38.394660949707 39.2697334289551 39.5358467102051 39.3438491821289 39.3149490356445 39.3018646240234 38.9685249328613 39.0150833129883 37.9654846191406 38.2108535766602 36.8986129760742 36.5686264038086 35.8881988525391 35.3293418884277 34.8185729980469 35.9393768310547 37.2682266235352 38.7709007263184 39.8364601135254 40.1863059997559 40.2623634338379 40.2483139038086 40.2062835693359
40.835334777832 40.4522132873535 40.0969467163086 40.7358894348145 40.1939086914062 39.7389869689941 40.1239891052246 40.7025527954102 40.863338470459 40.7154541015625 40.5575790405273 40.5000076293945 40.3824119567871 40.2038993835449 39.7456321716309 39.5583076477051 39.9103050231934 39.953125 39.7146148681641 39.2174835205078 38.8696823120117 38.4546661376953 38.5301513671875 38.4832534790039 39.0957870483398 39.5404777526855 39.1370429992676 39.4100036621094 39.2072105407715 38.3253974914551 38.9049606323242 38.9643478393555 38.1651725769043 36.8268775939941 36.2127227783203 35.2795333862305 35.5563354492188 35.0220680236816 34.8917808532715 34.3701286315918 36.0925712585449 39.0298767089844 40.0265998840332 40.2660636901855 40.009838104248 39.9111785888672
41.4110450744629 40.8279304504395 40.5726737976074 40.987476348877 40.738208770752 40.0545120239258 40.0776443481445 40.7454414367676 40.8867950439453 40.4931488037109 40.4877166748047 40.6789245605469 40.5407257080078 40.2429695129395 39.8541603088379 40.0066757202148 40.0685195922852 39.7920188903809 39.2985801696777 38.5084800720215 38.6979827880859 38.8635215759277 38.9927520751953 39.1911849975586 39.1891403198242 38.8285942077637 39.5845832824707 39.1725540161133 39.0241775512695 38.4941062927246 38.8656387329102 38.6580696105957 38.3196220397949 37.2580986022949 36.699161529541 37.0270614624023 36.6921768188477 36.0988578796387 35.5110511779785 34.7165069580078 34.3394775390625 38.1144828796387 39.7392234802246 40.1904602050781 39.4773101806641 38.7238082885742
41.5706901550293 41.3003158569336 40.5741004943848 41.0166015625 41.0801696777344 40.6404151916504 40.327579498291 40.7951698303223 40.9498405456543 40.6440773010254 40.5194511413574 40.7770538330078 40.606372833252 40.311092376709 39.6093902587891 40.1389389038086 40.0302848815918 39.552116394043 38.9613227844238 38.5055961608887 38.6064910888672 38.8682899475098 39.1955223083496 39.186107635498 39.4903526306152 39.3671607971191 39.4294967651367 38.6155700683594 38.6028747558594 37.4330787658691 38.2153930664062 38.713451385498 38.8054008483887 38.4437255859375 38.0622329711914 38.00537109375 37.0863609313965 36.5570869445801 36.2070999145508 35.3056373596191 34.7584838867188 37.6637382507324 39.639087677002 40.1682243347168 39.662784576416 37.4412231445312
41.7664833068848 41.4868659973145 41.1022758483887 41.2661170959473 41.2061996459961 40.8112335205078 40.1067962646484 40.6955604553223 40.8812103271484 41.0132713317871 40.943302154541 40.7659378051758 40.312744140625 40.4218711853027 40.381462097168 40.2228050231934 39.997127532959 39.3979072570801 39.1625709533691 38.8299560546875 38.1936416625977 38.4046897888184 38.9087142944336 39.3180618286133 39.6841773986816 39.5967063903809 39.594352722168 39.014461517334 38.6183853149414 37.3127632141113 37.3135452270508 37.4278755187988 38.4565315246582 38.6292724609375 38.1278686523438 38.0202941894531 37.3934707641602 35.8690795898438 36.1391983032227 35.657169342041 35.491325378418 37.476863861084 39.4359703063965 39.9481430053711 39.7292137145996 37.9459533691406
41.7624168395996 41.6408958435059 41.3548774719238 41.3753204345703 41.3252868652344 41.0459518432617 40.4139671325684 40.2721214294434 40.5979614257812 40.9472274780273 41.0495529174805 40.7312469482422 40.0103988647461 40.2414093017578 40.476131439209 39.7358932495117 39.6616592407227 38.8308753967285 38.7442779541016 38.482364654541 37.7403450012207 38.2493515014648 38.7209854125977 39.3191070556641 39.816577911377 39.8216590881348 39.3594932556152 38.8754348754883 38.673469543457 37.8346138000488 36.3899765014648 36.6958618164062 37.0609550476074 37.7046356201172 38.1181602478027 37.4560661315918 37.5415649414062 36.5634536743164 35.4704360961914 35.7874526977539 36.0464897155762 37.3187065124512 38.4805870056152 39.599250793457 39.5596504211426 37.5840950012207
41.5483589172363 41.7471389770508 41.5848236083984 41.5273361206055 41.3858642578125 41.1254119873047 40.7301406860352 40.223217010498 40.4061508178711 40.9445915222168 41.0982093811035 41.0252418518066 40.8015365600586 40.636360168457 40.2453079223633 39.4146919250488 39.6058158874512 39.3340110778809 39.4772491455078 38.4606475830078 38.4575805664062 38.278938293457 38.3865051269531 39.1242980957031 39.7516937255859 39.9377517700195 38.9258270263672 37.9655609130859 38.056640625 37.9501571655273 37.2974700927734 36.6770172119141 36.2018165588379 36.7047080993652 37.6948318481445 37.0228118896484 36.7535972595215 36.6957664489746 35.663215637207 35.3108291625977 35.5562210083008 35.6799507141113 36.7369346618652 38.5475540161133 39.0764694213867 37.7065238952637
41.2577819824219 41.6596374511719 41.7261810302734 41.5766067504883 41.3598556518555 41.2283554077148 41.0045051574707 40.5087661743164 40.1459922790527 40.8682250976562 41.1055297851562 40.6716079711914 39.8950309753418 39.962230682373 40.0691947937012 40.0362281799316 40.0525703430176 39.8913345336914 39.659366607666 39.3136558532715 38.9504089355469 38.2358436584473 38.6010780334473 39.5094528198242 39.9850044250488 39.8683776855469 39.0877380371094 38.9136047363281 38.3512725830078 37.7814254760742 36.4055099487305 35.973705291748 37.1473045349121 36.9883880615234 36.7564125061035 36.4951324462891 36.244873046875 36.5602569580078 35.9627494812012 35.1504058837891 35.1826972961426 34.5657806396484 35.5275268554688 36.8776512145996 37.2555389404297 36.5532989501953
40.9187965393066 41.2335968017578 41.7476119995117 41.6434707641602 41.5016250610352 41.4088668823242 41.1963424682617 40.8005905151367 40.7767944335938 41.014476776123 41.1543884277344 40.7449150085449 40.3838844299316 39.5642700195312 39.7496719360352 40.058952331543 40.1756553649902 40.3838348388672 39.894645690918 39.6729125976562 39.2278213500977 38.8085098266602 38.8857688903809 39.5024642944336 39.9651145935059 39.8574562072754 39.0849075317383 38.2612991333008 37.1504211425781 37.1444549560547 36.7425079345703 36.6704635620117 37.6105270385742 37.3240432739258 36.3334159851074 36.0504417419434 36.5573959350586 36.2389984130859 35.8190460205078 35.2165184020996 35.2719192504883 34.9753227233887 34.6051712036133 35.4351692199707 35.9525032043457 36.3301010131836
40.7447853088379 40.8010864257812 41.7181243896484 41.7104568481445 41.61767578125 41.4846954345703 41.2944259643555 40.9399566650391 40.9739151000977 41.2684020996094 41.2063217163086 40.9895706176758 40.597827911377 40.0610656738281 39.9443016052246 40.2699432373047 40.5822448730469 40.5695190429688 40.2866706848145 39.7821311950684 39.2199401855469 38.8395156860352 39.0157012939453 39.1785697937012 39.4133224487305 39.7747459411621 38.6855392456055 37.8074722290039 37.1305999755859 37.3915023803711 37.4619445800781 37.3584175109863 37.8158988952637 37.2244911193848 36.9435729980469 36.8412437438965 36.359447479248 35.7127075195312 36.28125 36.5405349731445 36.0561408996582 35.5434150695801 34.9742469787598 35.4974784851074 36.1255073547363 36.603702545166
40.9120445251465 41.4247817993164 41.7021713256836 41.6556854248047 41.6601867675781 41.556884765625 41.39990234375 41.0051765441895 41.0894241333008 41.4001083374023 41.191478729248 41.1043815612793 40.8747024536133 40.943489074707 40.8350372314453 40.808422088623 40.8001747131348 40.7143898010254 40.472038269043 39.9044952392578 39.6018524169922 39.7663955688477 40.0450286865234 40.2877388000488 40.1255836486816 39.6647415161133 39.4245223999023 38.8931655883789 38.4845352172852 38.2759552001953 38.3424606323242 38.1019058227539 37.9905662536621 37.349048614502 36.7235908508301 36.2237739562988 35.623348236084 36.8319511413574 37.1539726257324 37.1086540222168 35.6024169921875 35.5064163208008 34.9825897216797 34.6855735778809 36.1948432922363 36.8633308410645
41.401927947998 41.6030349731445 41.6666221618652 41.5784873962402 41.5873260498047 41.629638671875 41.5561447143555 41.4277305603027 41.2091026306152 41.3435859680176 41.3060989379883 41.218204498291 41.0799674987793 40.9679298400879 40.8502006530762 40.7628555297852 40.8934326171875 40.8003768920898 40.6451301574707 40.5204238891602 40.4061813354492 40.3517608642578 40.1287841796875 40.2482643127441 39.7685356140137 38.6494369506836 38.5714836120605 38.116886138916 37.497802734375 38.3534278869629 38.6557540893555 38.6003532409668 37.7691497802734 37.4286880493164 37.2912559509277 37.2230453491211 37.1872253417969 36.8388977050781 37.538932800293 37.9507217407227 37.37109375 36.8535461425781 36.1387901306152 35.527458190918 36.7697944641113 37.364330291748
40.5838050842285 41.1875228881836 41.6337280273438 41.5581245422363 41.4263687133789 41.5214233398438 41.4639205932617 41.286548614502 40.8439445495605 40.8888816833496 41.2292671203613 41.0162467956543 40.4563980102539 40.6309700012207 40.8194847106934 40.2289047241211 40.6728782653809 40.8638114929199 40.804557800293 40.7457580566406 40.6807174682617 40.2393684387207 39.545166015625 39.9648780822754 39.7761573791504 39.477424621582 39.3752136230469 39.0091819763184 38.6049499511719 38.8878860473633 38.8343391418457 38.5354537963867 38.0406265258789 38.301700592041 38.254077911377 37.2196273803711 37.8183288574219 36.8876724243164 37.234977722168 38.1259460449219 38.1199569702148 37.8310127258301 36.9889335632324 36.0551719665527 36.7999153137207 37.697093963623
39.6243629455566 40.7229118347168 41.5117073059082 41.6376190185547 41.5644989013672 41.5333137512207 41.4151573181152 41.2963829040527 41.0676193237305 40.5217704772949 40.0881385803223 40.864501953125 39.9701919555664 39.6306419372559 40.5691566467285 40.183780670166 40.1448249816895 40.6417579650879 40.6658172607422 40.6609878540039 40.6649360656738 40.6236228942871 40.4734382629395 40.2198219299316 39.7657775878906 39.3458404541016 39.3428993225098 39.2802352905273 39.2130470275879 39.0090446472168 38.8188056945801 38.3627510070801 38.056266784668 38.7466011047363 38.6073112487793 38.3091812133789 38.3060531616211 37.6832656860352 37.2991027832031 38.0843200683594 38.3226928710938 37.6112518310547 36.1919822692871 34.981559753418 35.4793815612793 37.4718399047852
40.7165718078613 40.5256652832031 41.1513786315918 41.342113494873 41.5660934448242 41.5297927856445 41.3966865539551 41.2504386901855 41.0873565673828 40.7813987731934 40.0934982299805 40.5285415649414 39.3995361328125 39.1312866210938 39.9442253112793 39.7871704101562 39.0318908691406 40.2148704528809 40.2048568725586 40.1802406311035 40.4460372924805 40.5965843200684 40.4897651672363 40.0384368896484 39.1412086486816 38.5183639526367 38.0830307006836 38.4502067565918 39.0413208007812 38.4196815490723 38.1830940246582 37.3585929870605 38.1196060180664 39.0161476135254 38.8131256103516 38.6003761291504 38.6431274414062 38.1793365478516 37.78466796875 38.1246643066406 38.3697204589844 37.1153526306152 36.0201797485352 36.393180847168 36.8114585876465 37.5029258728027
40.844612121582 41.1948699951172 41.2784805297852 41.2894020080566 41.4297103881836 41.4828987121582 41.4069519042969 41.3180122375488 41.1557388305664 40.6793823242188 40.2622985839844 39.8494529724121 39.4155540466309 39.027271270752 39.5828971862793 39.4297218322754 39.4402122497559 39.2543296813965 38.9818534851074 38.9614562988281 40.183235168457 40.4513168334961 40.4256019592285 40.3110961914062 39.6905250549316 38.4696998596191 36.9653930664062 37.8477020263672 38.7023620605469 37.691349029541 38.0902900695801 38.6950950622559 39.0001754760742 39.280818939209 39.1828155517578 38.9678649902344 38.4514236450195 37.5702133178711 38.0666656494141 38.3406677246094 38.7147445678711 38.3339157104492 38.1943550109863 38.1900177001953 38.1561965942383 37.5491676330566
41.1086807250977 41.0791130065918 40.9295692443848 41.0332489013672 41.4892768859863 41.3804893493652 41.3830108642578 41.3633575439453 41.2667999267578 40.9059982299805 39.7438049316406 39.8261184692383 39.3672561645508 38.1743392944336 38.9558143615723 38.710636138916 38.5156440734863 37.7910614013672 38.6745529174805 39.0656204223633 40.2039642333984 40.2175369262695 40.3537673950195 40.4548149108887 39.5715446472168 38.4490356445312 37.2148818969727 38.043888092041 38.6855392456055 38.1637954711914 38.6790084838867 39.1285667419434 39.5175094604492 39.5171318054199 39.0579414367676 38.7818908691406 38.3907203674316 38.1057929992676 38.6948738098145 38.8082122802734 38.8711090087891 38.7864189147949 38.6780548095703 37.9850654602051 37.0738945007324 37.0534133911133
41.2552223205566 41.2282066345215 41.2114295959473 41.0660781860352 41.5025863647461 41.4981117248535 41.4257354736328 41.3667221069336 41.295539855957 41.1918869018555 40.8590393066406 40.0866470336914 39.2094688415527 37.9587135314941 38.2963752746582 38.2563362121582 37.7805061340332 38.0898284912109 38.3525009155273 39.4290237426758 40.2304039001465 39.7909240722656 40.4994773864746 40.3402671813965 39.7330856323242 39.4807472229004 38.3535118103027 38.4708938598633 38.830493927002 38.6460571289062 39.2709884643555 39.2249870300293 39.669361114502 39.5912322998047 39.4328308105469 39.1764984130859 38.299747467041 38.4750671386719 38.7798461914062 38.7935256958008 38.8502082824707 38.7017135620117 38.6465377807617 38.1066970825195 38.0457077026367 37.9248237609863
