inst/extdata/Tmax/Tmax8.asc
NCOLS 100 
NROWS 79 
XLLCORNER 148.06 
YLLCORNER -21.49 
CELLSIZE 0.01 
NODATA_value -3.4e+38 
[rows 40 to 59 of 79, columns 0 to 45 of 100]
27.866533279418899 27.5150260925293 28.3944225311279 29.0369663238525 28.2182865142822 28.081205368042 28.063060760498 28.0529403686523 27.326301574707 27.6870422363281 28.287670135498 29.747652053833 30.218770980835 29.1968059539795 29.263578414917 28.8093357086182 28.680383682251 27.9931564331055 27.3248844146729 27.569164276123 27.5496082305908 27.6508178710938 27.6123065948486 27.5940380096436 25.9409275054932 26.1176376342773 25.3345203399658 25.3460960388184 25.6790962219238 24.6130905151367 23.6142120361328 22.6007232666016 24.2526531219482 24.0514469146729 23.5310955047607 23.9349117279053 23.5110282897949 20.6998710632324 20.2101726531982 19.7669868469238 19.3515319824219 18.5060367584229 17.9309692382812 17.6952037811279 17.4184379577637 19.2270469665527
28.3217296600342 28.0456409454346 28.1578845977783 28.8448505401611 28.9678783416748 28.827766418457 28.0951175689697 28.4329319000244 28.058536529541 28.6599769592285 28.6601638793945 29.5188636779785 29.7975387573242 29.8195552825928 29.0928821563721 29.8056526184082 28.9940319061279 27.9980850219727 27.2827224731445 27.8218059539795 28.2085266113281 28.4254245758057 27.8403625488281 26.9049224853516 24.9551792144775 24.381383895874 24.9932918548584 25.141300201416 25.4026126861572 24.9264965057373 23.7815856933594 23.7367496490479 24.0572452545166 24.6357803344727 21.7133827209473 22.755256652832 22.1634387969971 20.6209697723389 20.4980354309082 22.0282459259033 21.8112697601318 19.5158023834229 17.4909191131592 17.3994979858398 17.4529609680176 17.8052520751953
28.3172092437744 28.2873229980469 28.5212860107422 28.5736255645752 28.4785556793213 28.3294200897217 28.3079490661621 28.6961975097656 28.4133987426758 28.597074508667 29.0032539367676 29.7150230407715 30.4649868011475 29.8760585784912 29.9372119903564 29.3886337280273 29.2750225067139 29.0858917236328 28.3217277526855 28.2589263916016 28.5572719573975 27.76731300354 27.7331218719482 27.0322170257568 27.1412200927734 26.5281734466553 24.4540863037109 25.1539745330811 25.15944480896 24.661283493042 23.1178512573242 23.1587944030762 22.1009960174561 22.1202945709229 20.8819961547852 21.3217430114746 19.199634552002 20.1159248352051 20.4281826019287 19.8771629333496 20.598819732666 19.7121753692627 19.948902130127 18.648193359375 18.5545787811279 19.4513874053955
27.53857421875 28.0404930114746 28.4476413726807 28.5296459197998 28.7789649963379 28.5873546600342 29.3130702972412 29.0785293579102 28.5746536254883 28.5257911682129 28.7038707733154 29.3455848693848 29.8541202545166 30.0032634735107 30.3805675506592 30.4185161590576 29.9436111450195 29.6908435821533 28.7014179229736 28.5392303466797 28.6135787963867 28.4623069763184 27.8732604980469 26.511999130249 26.7291717529297 26.6168231964111 26.1737403869629 25.8841285705566 25.1121101379395 25.3344974517822 24.1832733154297 23.7760696411133 25.1368522644043 23.9096450805664 24.1765422821045 18.1583709716797 18.7334403991699 18.8792190551758 19.1221199035645 18.7571201324463 18.3961162567139 19.1439781188965 18.7789306640625 19.6287937164307 21.2583522796631 23.5388050079346
27.2145481109619 27.8792266845703 27.8035430908203 27.8004245758057 28.4331340789795 28.5857276916504 28.6335792541504 28.8286972045898 28.6531009674072 28.8696250915527 28.6604557037354 29.5200424194336 29.5911979675293 30.2141208648682 30.4922657012939 30.2712993621826 29.8549785614014 30.0194702148438 29.8400535583496 29.6524181365967 29.0716896057129 28.8805599212646 28.0757789611816 28.6116390228271 27.904857635498 26.7644634246826 26.7874889373779 26.0921573638916 26.4138221740723 25.5364532470703 25.2928276062012 24.862190246582 25.317533493042 27.1044483184814 27.0593643188477 18.9894180297852 17.6924877166748 17.7352504730225 17.8721771240234 18.4087200164795 18.17942237854 18.6837882995605 18.067232131958 18.8413543701172 20.4034824371338 23.491771697998
28.3500633239746 27.7877635955811 27.3069534301758 27.4361324310303 28.1131820678711 28.0383205413818 28.3443851470947 28.7562236785889 28.8673877716064 28.7899188995361 28.6386280059814 29.1392421722412 28.986047744751 30.0926609039307 30.7199821472168 30.2371482849121 29.7162246704102 30.288158416748 29.5025310516357 29.2196445465088 29.1230850219727 28.7684650421143 28.2368240356445 27.1193332672119 27.7943134307861 27.7452564239502 26.2217998504639 26.6013813018799 26.7470111846924 25.6800632476807 24.5283107757568 24.4362049102783 25.4958610534668 25.5220966339111 27.5655784606934 24.1542682647705 18.5310974121094 17.7656345367432 17.8392143249512 18.6300277709961 17.8904972076416 18.3242301940918 18.8361053466797 18.8884506225586 19.9662380218506 20.6956005096436
27.0416316986084 27.5113697052002 27.9628829956055 27.2177295684814 27.1042900085449 27.5753116607666 28.2512302398682 28.4097785949707 28.4283485412598 28.2299060821533 28.8321228027344 28.9563732147217 28.0633888244629 28.7450103759766 30.1792011260986 29.0026206970215 29.0524253845215 30.1519374847412 29.9193630218506 28.6237773895264 28.8063831329346 28.4538497924805 28.5287761688232 28.8224906921387 26.187068939209 26.5617485046387 26.529878616333 26.7104263305664 26.8565330505371 26.9860992431641 25.3291549682617 24.8281707763672 24.4413604736328 24.7307891845703 26.1744232177734 26.1264190673828 18.78493309021 18.9668083190918 18.8068752288818 19.5082359313965 18.7665557861328 18.6817798614502 18.9300060272217 24.5548152923584 20.19753074646 19.2547969818115
28.3433322906494 27.1316814422607 28.0729694366455 26.9738330841064 26.9764957427979 27.2502384185791 27.4748439788818 27.4129581451416 27.290454864502 27.9447040557861 27.7029361724854 27.7724285125732 28.1541118621826 29.0165672302246 29.8985443115234 30.0582427978516 29.4522724151611 29.8770866394043 29.7247314453125 28.7351112365723 29.3393497467041 29.2679748535156 27.9207248687744 28.1514186859131 27.8630123138428 28.6015968322754 28.1665649414062 27.5187225341797 27.6068649291992 27.4721260070801 26.817756652832 26.0733737945557 24.8153743743896 25.8285636901855 25.8191776275635 24.762279510498 24.4381656646729 22.4115238189697 20.2509307861328 20.2231006622314 19.7131233215332 19.6014003753662 19.6116600036621 19.4388389587402 18.7703742980957 18.4761199951172
29.7103881835938 27.8457450866699 26.5654525756836 26.2350978851318 26.3810615539551 27.4775047302246 26.9982604980469 26.8946495056152 26.8150062561035 27.6660423278809 27.8394470214844 27.6438388824463 28.1288757324219 29.1970405578613 30.0518379211426 29.1923065185547 29.216459274292 28.886079788208 29.4144325256348 28.3552989959717 28.4902248382568 29.464469909668 29.2276287078857 28.9206237792969 28.3100242614746 27.7310371398926 28.7121334075928 29.3183536529541 28.7306842803955 27.6105422973633 26.6291694641113 26.682674407959 25.7830448150635 25.5522212982178 25.5208969116211 25.546199798584 25.8560218811035 25.6816310882568 25.7906551361084 24.0628547668457 19.0327625274658 19.068115234375 19.3576107025146 18.9471416473389 18.8875045776367 18.518856048584
29.9277496337891 28.9281311035156 27.9851951599121 26.1202640533447 26.0593109130859 26.162633895874 26.751220703125 26.8834609985352 26.8931694030762 28.3234157562256 29.1689586639404 28.6503238677979 28.2462615966797 28.4210681915283 28.5719623565674 28.6408138275146 29.1644344329834 29.3456535339355 28.9667167663574 29.6515350341797 28.4962978363037 29.0100212097168 29.3984928131104 29.2614135742188 28.766170501709 29.2727241516113 27.6685428619385 28.7413845062256 28.15940284729 27.4824962615967 26.4866065979004 27.0265846252441 25.105920791626 25.0526142120361 25.2849788665771 21.9267292022705 25.9975776672363 25.7056903839111 25.3788814544678 25.5020179748535 24.0746307373047 18.9064121246338 18.6373519897461 20.8649501800537 20.8115558624268 21.3473167419434
30.2824783325195 29.4311199188232 28.9443626403809 26.5385704040527 26.4827919006348 26.0665493011475 26.2339210510254 26.881721496582 26.8221492767334 28.0700378417969 29.1993198394775 29.0142097473145 29.1423778533936 29.5190830230713 29.3519477844238 28.9594078063965 29.2596530914307 29.2578544616699 29.2811222076416 28.4876270294189 29.4418869018555 29.2477836608887 28.9676570892334 28.508960723877 28.2248840332031 28.2119255065918 27.8109931945801 27.2413063049316 28.1718368530273 27.9354286193848 26.7975368499756 26.9757595062256 25.4749240875244 25.65354347229 23.9720802307129 25.0266590118408 24.9522571563721 25.3872833251953 25.2199954986572 25.297513961792 24.8698558807373 24.1299705505371 22.8669166564941 22.0214595794678 20.6410293579102 20.5080642700195
30.0469417572021 30.2117252349854 29.072229385376 27.3651313781738 27.0661277770996 27.4378623962402 26.8199024200439 26.3907299041748 25.7186050415039 26.6925830841064 28.7248878479004 29.377233505249 29.6041584014893 28.8110733032227 29.3836631774902 29.3190021514893 29.4764804840088 29.8291988372803 29.9634227752686 28.7655429840088 29.6281337738037 29.5288162231445 28.1426639556885 28.1611309051514 28.0114841461182 27.1284084320068 27.0031871795654 27.1766662597656 27.9851207733154 28.6702976226807 28.4860382080078 26.3649082183838 26.0057506561279 25.0475807189941 24.7241039276123 24.1907558441162 24.2580661773682 25.006763458252 24.959056854248 24.9630718231201 24.2238388061523 23.9432544708252 23.4534969329834 22.5518264770508 18.6940479278564 18.4948825836182
29.4945201873779 30.0977325439453 29.7952079772949 26.2251358032227 25.6671409606934 26.5243854522705 26.4260749816895 26.5986366271973 25.7135906219482 25.9338836669922 27.7462863922119 27.4361572265625 28.3103065490723 29.4120235443115 29.0301666259766 29.4489574432373 29.6422920227051 29.9261569976807 29.8012523651123 29.6874141693115 29.6346111297607 29.438549041748 29.2834377288818 28.1796703338623 29.1103610992432 28.7863750457764 27.3822803497314 27.4568691253662 27.5717525482178 28.2698249816895 28.3191547393799 26.9458427429199 25.9554195404053 25.3054046630859 25.2686100006104 26.0046310424805 24.162540435791 23.8845710754395 24.6043224334717 25.6907920837402 25.6049118041992 24.886116027832 24.8006172180176 23.9636135101318 19.0157833099365 18.3998146057129
29.7913856506348 29.2824802398682 29.2152500152588 27.0215625762939 25.9305019378662 27.1467418670654 27.1593399047852 26.5924835205078 25.8008422851562 25.9389801025391 27.55491065979 27.0733051300049 29.0925617218018 29.0726871490479 28.9534149169922 29.8018321990967 29.4766483306885 29.8727111816406 28.6586723327637 29.4953289031982 29.5949859619141 29.6662902832031 29.4904499053955 28.6746501922607 28.0381317138672 28.2461318969727 28.2466487884521 27.6866493225098 27.1995105743408 27.5362434387207 27.9163665771484 28.2421627044678 28.2512321472168 27.4309768676758 26.4176177978516 27.0113048553467 25.6412887573242 24.7605876922607 23.4727268218994 24.8854656219482 25.8971157073975 26.0573978424072 25.4572925567627 25.210844039917 22.6660022735596 22.2052116394043
29.5109024047852 28.678617477417 28.8983535766602 27.9891376495361 27.4739627838135 27.2487049102783 27.7814521789551 27.3168239593506 27.6068477630615 26.686128616333 26.7304973602295 27.5524101257324 27.7935333251953 28.7357559204102 29.4960670471191 29.674617767334 29.6006660461426 29.7900905609131 29.7621955871582 28.9493179321289 28.9677772521973 29.6208591461182 29.1958293914795 29.6791305541992 28.8703231811523 28.2011699676514 27.6716403961182 28.067232131958 26.6644706726074 27.8039817810059 27.4119663238525 26.9325160980225 27.9408931732178 27.6792278289795 28.5735721588135 26.229040145874 26.3163471221924 26.9175605773926 26.5875759124756 25.2765369415283 25.2451267242432 24.4426765441895 23.6833019256592 22.8691997528076 23.0036125183105 19.8980731964111
29.6012210845947 29.6364936828613 29.4918518066406 28.4427471160889 28.0845489501953 27.9406261444092 28.3689231872559 28.7637138366699 27.9652347564697 26.8281211853027 27.6156177520752 28.9776287078857 28.7047843933105 29.6782531738281 29.4719944000244 29.5841197967529 28.3278656005859 28.9397258758545 29.091625213623 29.1251659393311 28.7612380981445 28.8408050537109 28.4689769744873 29.095890045166 28.746675491333 29.0026245117188 28.1300010681152 28.4835014343262 27.3963851928711 27.829797744751 27.9364356994629 27.430419921875 26.7581176757812 26.7608108520508 27.2406635284424 27.8697147369385 27.5177516937256 27.37961769104 26.5797653198242 24.9526176452637 24.3202781677246 25.0977954864502 23.0393924713135 19.4331760406494 19.8950157165527 19.6762981414795
29.1110057830811 29.5189609527588 29.0859909057617 29.6797847747803 28.5041580200195 27.2064189910889 27.8977565765381 28.6694469451904 28.2929573059082 27.5315742492676 27.426399230957 29.2084827423096 29.5827808380127 28.445951461792 29.0866851806641 29.4972591400146 28.2396621704102 28.6590232849121 28.9684658050537 28.0756416320801 28.2857131958008 28.6106090545654 28.834005355835 28.7132167816162 28.7502460479736 28.6747360229492 28.4726696014404 27.9675140380859 27.6563377380371 28.1425457000732 26.4515514373779 27.2387008666992 25.6142253875732 25.6721305847168 26.1460952758789 27.3044986724854 26.6520080566406 25.5747756958008 25.5038433074951 20.7531127929688 20.3852157592773 23.9237422943115 22.6652603149414 18.9726829528809 19.4874897003174 19.6653537750244
29.5858631134033 29.8991241455078 29.5204925537109 29.3041019439697 28.8357467651367 29.0997982025146 28.0136032104492 27.9296417236328 28.3507404327393 28.25172996521 26.9321002960205 28.2316093444824 29.5954151153564 29.3091335296631 28.8949966430664 29.4385452270508 28.8805561065674 28.6684341430664 27.3339881896973 28.5788688659668 28.9088935852051 29.0010738372803 28.1658325195312 28.643627166748 29.3433074951172 28.6720104217529 28.4987888336182 28.0102367401123 28.097993850708 28.5627994537354 27.8801078796387 27.74778175354 27.5357532501221 26.9704627990723 25.819242477417 25.9163055419922 26.8305549621582 26.0249481201172 24.8269634246826 20.62158203125 20.4918918609619 24.6190395355225 20.0339374542236 19.7332420349121 19.0404720306396 19.2437324523926
29.8288803100586 29.7838840484619 29.899787902832 29.5281791687012 29.4618854522705 28.8209571838379 27.8244037628174 27.6018199920654 27.8685340881348 26.947301864624 27.2585830688477 29.3139572143555 29.0556640625 29.7536869049072 28.8707408905029 28.9287033081055 27.7462844848633 27.6058673858643 27.5685081481934 27.6141815185547 27.6993656158447 28.0584697723389 27.3691558837891 28.0211982727051 29.2387714385986 28.5824661254883 28.2209072113037 28.2997417449951 28.1180534362793 28.624080657959 27.8111534118652 27.7692127227783 27.6162757873535 27.0451469421387 26.9587059020996 25.8987503051758 25.8484382629395 25.3863945007324 21.2658710479736 21.1530933380127 20.838716506958 24.0351848602295 20.1360664367676 19.3032989501953 19.3616943359375 19.2656173706055
29.6396865844727 29.0341777801514 29.7732982635498 28.7249279022217 29.4493713378906 28.2200832366943 28.1149520874023 27.4441776275635 27.8560676574707 26.9796581268311 27.029296875 26.6849956512451 28.5528907775879 29.4180164337158 29.3772315979004 28.6588706970215 27.5236930847168 27.6270217895508 27.5307216644287 26.8617248535156 27.217357635498 28.5901298522949 27.6302280426025 27.9900989532471 28.0463581085205 28.5122470855713 28.3377380371094 28.1397075653076 28.3155536651611 28.956859588623 27.9934959411621 27.5812225341797 27.1748466491699 27.9361381530762 27.5633430480957 27.154821395874 26.4702224731445 25.2522315979004 24.6906127929688 24.6393127441406 23.9868831634521 24.0199489593506 23.2628288269043 19.4239063262939 19.3084373474121 19.2909698486328
