inst/extdata/Tmax/Tmax75.asc
NCOLS 100 
NROWS 79 
XLLCORNER 148.06 
YLLCORNER -21.49 
CELLSIZE 0.01 
NODATA_value -3.4e+38 
[rows 20 to 39 of 79, columns 0 to 45 of 100]
38.977485656738303 39.0200881958008 39.014575958252 38.9835472106934 39.0036125183105 39.1184616088867 39.0394592285156 38.9714660644531 38.9090614318848 38.8188514709473 38.6422271728516 38.2358283996582 37.7726860046387 37.0927505493164 35.6708145141602 35.206371307373 35.1331748962402 36.1952209472656 37.3132972717285 37.7632598876953 37.7778396606445 37.7876815795898 38.1275024414062 38.1491928100586 37.9905014038086 37.6946067810059 37.0637321472168 36.0808486938477 36.645866394043 36.709716796875 37.3336524963379 37.3393974304199 37.4764595031738 37.4330635070801 37.3865737915039 37.1344871520996 36.7177848815918 36.7360610961914 36.2326774597168 36.5303955078125 36.3034172058105 35.5148735046387 35.7816162109375 35.8543968200684 36.0050239562988 36.0541191101074
39.0527153015137 39.1188926696777 39.1252975463867 39.0930442810059 39.1006011962891 39.101749420166 38.9694519042969 38.8963203430176 38.8758277893066 38.8146133422852 38.6938247680664 38.5191497802734 38.2875633239746 37.3097496032715 35.6943092346191 35.3456153869629 35.6111145019531 36.4979820251465 37.0374450683594 37.4315986633301 37.5607604980469 37.4662857055664 38.0092124938965 38.1435394287109 37.9429130554199 37.9530143737793 37.9179458618164 37.1239929199219 36.9554176330566 37.4889106750488 37.6032409667969 37.4841613769531 37.1372947692871 36.5007209777832 36.5125885009766 36.4805297851562 36.960262298584 36.1998062133789 35.7720718383789 36.1317558288574 35.7145538330078 35.8267135620117 35.5291175842285 34.519214630127 34.9005699157715 35.6802406311035
39.1185455322266 39.1710357666016 39.1743469238281 39.1628646850586 39.1488380432129 39.117488861084 38.9449501037598 38.8263816833496 38.7763214111328 38.7476768493652 38.6356582641602 38.5652160644531 38.3918991088867 37.7643013000488 36.5777320861816 35.672290802002 34.9729537963867 35.5112266540527 36.1328125 37.0002174377441 37.1175575256348 37.242733001709 37.910099029541 37.6860160827637 37.2516136169434 37.627857208252 37.6978950500488 37.770133972168 37.4736289978027 37.5068893432617 37.226146697998 37.0224304199219 36.419563293457 36.0615425109863 35.8084449768066 36.0306930541992 35.9491271972656 35.3471336364746 35.3085975646973 35.2142105102539 34.8773880004883 34.0694541931152 34.9255332946777 34.6120910644531 33.5215530395508 35.1376762390137
39.1100234985352 39.146556854248 39.1595993041992 39.1545295715332 39.1184768676758 39.1116943359375 39.0389213562012 38.752685546875 38.6499137878418 38.672794342041 38.4954376220703 38.305980682373 38.4115447998047 38.0267448425293 37.2012557983398 36.3582992553711 35.4619598388672 35.1362457275391 35.7951774597168 36.134838104248 36.7180938720703 37.7683334350586 37.5062561035156 36.8616485595703 37.0147590637207 37.1647644042969 36.8369178771973 37.8136787414551 37.8315467834473 37.6827697753906 37.4417114257812 36.2917327880859 35.9354286193848 36.1435508728027 36.4907646179199 35.9983291625977 35.0131988525391 34.4258308410645 35.1930656433105 34.6429557800293 33.862361907959 32.341365814209 33.2160301208496 34.4927253723145 32.5456466674805 33.9817581176758
39.0621566772461 39.1256065368652 39.1513175964355 39.1227111816406 39.0876541137695 39.091423034668 39.0910301208496 38.9215850830078 38.7502899169922 38.5826988220215 38.4813690185547 38.441463470459 38.2675971984863 37.9200630187988 37.121524810791 36.3774108886719 35.5700836181641 35.1641387939453 35.3848533630371 35.3841400146484 36.6846084594727 37.5612487792969 36.3924217224121 35.809024810791 36.6806831359863 36.6533546447754 36.8461380004883 37.6094360351562 37.8504981994629 37.4545211791992 37.3899879455566 37.140495300293 37.1039276123047 37.1557197570801 36.8098564147949 36.481616973877 36.0477027893066 34.8573570251465 34.6120681762695 34.3296394348145 32.4858818054199 31.8664798736572 32.3316497802734 34.2863540649414 32.1812210083008 32.5654449462891
39.0226554870605 39.0489196777344 39.0555839538574 39.0336952209473 39.0465126037598 39.0566596984863 39.081111907959 39.0398712158203 38.8941459655762 38.6564826965332 38.4652519226074 38.3269195556641 38.176815032959 37.7083396911621 37.2374534606934 36.6445350646973 35.9820518493652 35.6087303161621 36.0985984802246 36.8508377075195 36.8345756530762 36.7289619445801 36.2069473266602 34.8284950256348 35.3830909729004 36.2150535583496 36.3740539550781 37.6554145812988 37.8372344970703 37.4623908996582 36.5443801879883 37.1741676330566 37.0285949707031 36.890266418457 36.5999298095703 36.2591247558594 36.1220512390137 34.5450057983398 33.1683769226074 33.5991668701172 32.056640625 32.9465942382812 33.317008972168 34.2934799194336 33.2024993896484 32.0490493774414
38.918041229248 38.9515228271484 38.9547080993652 38.9681129455566 38.9661674499512 38.9696159362793 39.0564498901367 39.0604820251465 38.9296875 38.5179901123047 38.4132537841797 38.1424789428711 38.1393890380859 37.752498626709 36.9627113342285 35.8137397766113 35.4039878845215 35.6115798950195 36.1252517700195 36.0253143310547 36.2287940979004 37.1799964904785 37.0248374938965 35.4006042480469 34.9588088989258 35.9665184020996 36.8180236816406 37.7245101928711 37.8014602661133 37.5726280212402 36.6996421813965 36.2883682250977 37.0978546142578 36.5335655212402 36.0632705688477 35.1771354675293 34.8671455383301 34.9831466674805 33.8425407409668 32.4431533813477 32.0062599182129 32.3446998596191 32.232177734375 33.3468437194824 32.3343467712402 31.6354522705078
38.7790985107422 38.8069458007812 38.8355484008789 38.8876113891602 38.9127540588379 38.9728660583496 39.0632934570312 39.0609931945801 38.9924812316895 38.8047714233398 38.5657043457031 38.2973747253418 38.1761245727539 37.9736099243164 37.0073280334473 35.7820930480957 35.4319190979004 35.3767509460449 35.5185394287109 35.4948883056641 36.7225112915039 37.3968048095703 36.8253440856934 35.9020004272461 35.2861442565918 35.5376625061035 35.6670303344727 37.328182220459 37.6846199035645 37.5571479797363 36.7235908508301 36.6263732910156 36.9267730712891 36.1418762207031 35.3983421325684 34.7826805114746 33.7958145141602 34.5623054504395 34.3814010620117 32.416015625 31.9377155303955 32.1407089233398 32.0408515930176 32.6749839782715 32.033576965332 31.7047271728516
38.2641067504883 38.2264099121094 38.4984512329102 38.8131904602051 38.9468116760254 39.0292320251465 39.0627937316895 39.0516929626465 38.9264068603516 38.8195953369141 38.6560821533203 38.1132431030273 38.2104873657227 38.0561180114746 37.5207176208496 36.2304992675781 35.4480667114258 34.8913803100586 35.2346267700195 36.1940612792969 36.7394218444824 37.1199760437012 36.1928253173828 35.4084358215332 35.2077598571777 35.3664703369141 35.8335380554199 36.7923240661621 37.5788497924805 37.6363487243652 37.0984878540039 36.8159484863281 36.3563270568848 35.2554969787598 33.9957618713379 33.5382919311523 33.1850395202637 33.4036407470703 33.568115234375 33.1323204040527 32.5594711303711 32.6953582763672 32.3920516967773 32.150764465332 32.1575508117676 32.0803833007812
37.346134185791 38.2502365112305 38.5840682983398 38.3195037841797 38.8840217590332 39.0338516235352 39.0578308105469 39.0454025268555 38.8438148498535 38.6965408325195 38.6880989074707 38.4193420410156 38.175968170166 38.0392570495605 37.776683807373 37.2370872497559 36.6474761962891 35.1630554199219 35.5129852294922 35.5996932983398 35.7661590576172 36.7803611755371 36.3229751586914 35.4467239379883 35.2219848632812 34.9927291870117 34.9595985412598 36.7382278442383 37.6109848022461 37.6837043762207 36.8327713012695 35.7939567565918 35.4566497802734 35.0734558105469 34.7816390991211 33.684814453125 33.6094818115234 33.1600646972656 32.7060890197754 32.9791297912598 34.9208068847656 35.0033187866211 33.7801246643066 32.2231483459473 33.3491859436035 33.4594573974609
37.6530342102051 38.5631866455078 38.5879821777344 38.0445251464844 38.8351287841797 39.0181694030762 39.0664291381836 39.0490913391113 38.99169921875 38.7658729553223 38.6588287353516 38.589225769043 38.4091911315918 38.1972389221191 37.8950233459473 37.2863578796387 36.4085845947266 35.9227027893066 35.425968170166 35.7031517028809 35.7862930297852 36.2616119384766 35.6009483337402 35.4132766723633 35.0813064575195 34.3914604187012 34.6996917724609 36.6154289245605 37.4923324584961 37.5337753295898 37.5119705200195 37.3294906616211 36.1534729003906 35.1308708190918 35.0533752441406 34.5260543823242 34.6697578430176 34.457763671875 33.9949378967285 34.5175476074219 36.1046409606934 36.189884185791 35.7196273803711 35.0838623046875 34.9629936218262 34.3000221252441
38.4307746887207 38.7088356018066 38.7697067260742 38.7691307067871 38.8549575805664 39.001895904541 39.0316276550293 39.0269546508789 38.9812393188477 38.9094123840332 38.7273216247559 38.6647834777832 38.565559387207 38.3575592041016 38.0840911865234 37.5811576843262 36.6879425048828 36.2303466796875 35.4729652404785 35.3523788452148 35.4267845153809 35.9021835327148 35.4953727722168 35.2133598327637 35.1428489685059 35.1718368530273 36.0372047424316 37.1622657775879 37.5467796325684 37.0152359008789 36.9215469360352 36.9256744384766 37.1378517150879 36.6094627380371 36.3153991699219 35.4958114624023 36.5836982727051 36.4185066223145 36.3798179626465 36.3879928588867 36.1443557739258 35.1775779724121 34.1495628356934 33.7915649414062 33.6387481689453 32.8344955444336
38.148609161377 38.8828048706055 38.9375648498535 38.9523010253906 38.9478607177734 38.9558486938477 38.9292106628418 38.9742012023926 38.9663505554199 38.9475898742676 38.8989639282227 38.7709770202637 38.5874061584473 38.4245796203613 38.2289085388184 37.9731864929199 37.480224609375 36.7684478759766 35.9670372009277 35.2041435241699 35.2321891784668 35.7170600891113 35.5817947387695 35.2765769958496 35.1197319030762 35.2876319885254 36.809700012207 37.5397682189941 37.6053352355957 37.4193954467773 36.9017295837402 36.2602729797363 36.9873161315918 37.093921661377 37.1273994445801 36.5741729736328 36.9901885986328 36.676586151123 36.5303916931152 36.3493804931641 35.0784568786621 33.5563163757324 32.1747665405273 32.5405654907227 32.4422378540039 31.3732719421387
37.992847442627 38.6411590576172 38.4527053833008 38.3301429748535 38.4684066772461 38.8517951965332 38.8537063598633 38.8758544921875 38.889347076416 38.8749160766602 38.840633392334 38.812385559082 38.6989326477051 38.5436096191406 38.386173248291 38.156120300293 37.7119331359863 37.2679786682129 36.9794158935547 36.3080024719238 35.2925643920898 35.5422439575195 35.2988777160645 35.3738288879395 35.2398338317871 35.2073516845703 36.3336448669434 37.4839744567871 37.5622138977051 37.2286338806152 37.0820541381836 35.9578704833984 36.2614860534668 36.5211372375488 36.8258018493652 36.9457168579102 36.7889366149902 36.6042442321777 36.1923637390137 36.2412490844727 35.8937683105469 34.5685043334961 33.6905746459961 34.272388458252 33.7932205200195 32.5584678649902
38.3318557739258 38.618709564209 38.2007522583008 37.5125579833984 37.6258201599121 38.6002464294434 38.8120651245117 38.7772827148438 38.7929573059082 38.8078079223633 38.7275428771973 38.7708740234375 38.7204971313477 38.6086883544922 38.456844329834 38.2631225585938 37.9478797912598 37.24658203125 36.8155174255371 36.3237228393555 35.596866607666 35.5002059936523 35.3000831604004 35.0682945251465 35.0294799804688 35.4362182617188 36.6391143798828 37.4429740905762 36.9176826477051 36.6817207336426 36.7900238037109 36.4097595214844 36.0654373168945 35.7077407836914 35.415412902832 35.9317512512207 35.7215042114258 36.0621490478516 35.9694938659668 35.7485847473145 35.4619522094727 35.7955017089844 35.5196228027344 35.1738700866699 34.5265617370605 34.0069274902344
38.4594078063965 38.5614700317383 38.3601493835449 38.0416984558105 37.7289810180664 38.3011054992676 38.6114692687988 38.6354713439941 38.6831130981445 38.7432594299316 38.7315368652344 38.7733192443848 38.7111549377441 38.6507797241211 38.494815826416 38.273307800293 38.031135559082 37.8007354736328 37.3836860656738 36.6943588256836 36.2830085754395 36.0023307800293 35.4514961242676 34.7547492980957 34.9247665405273 35.1896438598633 36.7247543334961 37.2666511535645 35.2686996459961 34.8269195556641 35.5131492614746 35.7424278259277 35.6889533996582 35.4513473510742 34.9235038757324 34.6414642333984 35.2053985595703 35.0258102416992 34.9841766357422 34.9235687255859 34.6321640014648 34.3025703430176 34.5592155456543 35.0578002929688 34.3784866333008 33.1597213745117
38.3109130859375 38.3458290100098 38.3679885864258 38.0866470336914 37.7981872558594 37.9949569702148 38.2205429077148 38.4237213134766 38.5376129150391 38.6633262634277 38.6441192626953 38.6383323669434 38.7253570556641 38.6550750732422 38.5325584411621 38.2542114257812 38.2338256835938 38.069522857666 37.8102798461914 37.4078330993652 37.251407623291 36.4042205810547 35.7601699829102 35.2488822937012 35.2418365478516 35.6531410217285 36.752555847168 36.6368064880371 36.3185806274414 36.2009468078613 35.3691062927246 35.2925186157227 35.0816993713379 34.9205665588379 34.1320304870605 33.684383392334 33.9080810546875 33.8422584533691 34.0902862548828 33.8652420043945 33.8446731567383 32.8447570800781 33.600513458252 34.5156364440918 34.2513809204102 32.6665153503418
37.7393646240234 38.0856781005859 38.2977905273438 38.1909103393555 37.9850654602051 37.8509826660156 37.8356628417969 38.2243804931641 38.3420753479004 38.5226669311523 38.6078567504883 38.6036758422852 38.6645927429199 38.6806488037109 38.497501373291 38.3903160095215 38.3152923583984 38.1892204284668 38.0221252441406 37.809814453125 37.592399597168 36.8313484191895 35.5993270874023 35.6920700073242 34.9403266906738 35.5661811828613 36.596736907959 35.9857368469238 36.1843299865723 36.678108215332 36.5473670959473 36.3693809509277 35.6427841186523 35.1741065979004 33.463134765625 32.0807189941406 32.1208686828613 31.9944725036621 31.9461841583252 32.4469795227051 32.617919921875 32.8265342712402 33.0201950073242 33.9602203369141 33.7968711853027 33.3623085021973
37.8575820922852 37.9586601257324 38.0945587158203 38.0712699890137 38.0355796813965 37.7130966186523 37.482063293457 37.2056541442871 37.9044380187988 38.4272575378418 38.5664138793945 38.6081809997559 38.6886024475098 38.6845207214355 38.3701133728027 37.9481239318848 37.9739952087402 38.0251693725586 38.0712738037109 37.9416275024414 37.7885780334473 37.3505668640137 36.1570625305176 36.4832077026367 35.4406394958496 35.4305839538574 35.5915756225586 35.9242744445801 34.7865676879883 35.5033264160156 35.095874786377 35.2114295959473 36.5488014221191 36.0822563171387 35.0366020202637 32.6062431335449 31.6095390319824 31.6083431243896 30.8791427612305 31.3413314819336 32.0230712890625 32.0103302001953 32.0881576538086 33.5624008178711 33.075553894043 32.4918060302734
37.9288558959961 37.8500633239746 37.9034385681152 37.6985168457031 37.9117202758789 37.8218841552734 37.5802230834961 37.3026466369629 37.5107002258301 38.1567878723145 38.4168548583984 38.6123352050781 38.6566886901855 38.621036529541 38.5589370727539 38.1373558044434 37.7376518249512 37.519172668457 37.8035774230957 37.932430267334 37.7821922302246 37.6232109069824 37.2760696411133 36.653736114502 35.4913597106934 35.2546806335449 35.2042846679688 35.293514251709 35.3446235656738 34.7625999450684 34.1352310180664 34.9722061157227 36.263801574707 35.4578552246094 35.6881866455078 35.0958251953125 34.617431640625 34.4663200378418 33.3893661499023 32.1762847900391 32.9493103027344 32.6024436950684 33.0125389099121 33.2072143554688 32.8723335266113 32.3549613952637
