inst/extdata/Tmax/Tmax1.asc
NCOLS 100 
NROWS 79 
XLLCORNER 148.06 
YLLCORNER -21.49 
CELLSIZE 0.01 
NODATA_value -3.4e+38 
[rows 20 to 39 of 79, columns 46 to 91 of 100]
27.5229091644287 25.830135345459 25.4821262359619 26.6974353790283 26.3647232055664 26.0091190338135 24.9512271881104 23.952335357666 26.1286468505859 27.7079811096191 28.2630653381348 28.6192111968994 28.4858818054199 29.1019248962402 28.0474758148193 28.5719203948975 28.7222747802734 29.0988273620605 30.2911777496338 30.0886116027832 31.8957633972168 34.0353622436523 35.0443229675293 34.6725196838379 33.1554679870605 33.519344329834 34.2359962463379 32.6855010986328 31.7145309448242 32.6211738586426 31.7904796600342 32.4382743835449 32.808479309082 33.6754531860352 33.3561515808105 31.9028396606445 31.303731918335 31.1726589202881 32.5894622802734 33.9237098693848 32.9463844299316 33.4996299743652 32.6631507873535 32.3188056945801 32.4891128540039 33.2323532104492
30.0032444000244 24.9181499481201 24.455997467041 25.6576290130615 25.4011573791504 24.7097225189209 25.6291561126709 24.2318058013916 25.1079406738281 27.263822555542 29.2843494415283 26.9385261535645 26.4148292541504 28.4210548400879 26.9776172637939 26.9917125701904 27.7382736206055 29.1783332824707 28.9554805755615 29.5249443054199 32.0499229431152 34.3763122558594 29.1133975982666 28.9597034454346 32.313159942627 33.9124526977539 35.0561790466309 31.5317249298096 32.3738479614258 31.2381362915039 31.5249862670898 31.4404964447021 31.9884643554688 31.462646484375 32.9605445861816 32.7236061096191 32.6063499450684 32.826000213623 31.9808483123779 35.141429901123 33.8914489746094 32.6576156616211 31.4660377502441 30.7529277801514 30.0304145812988 30.2853107452393
30.97145652771 26.955738067627 25.5617980957031 25.2717151641846 24.4243583679199 25.4024963378906 24.7099914550781 25.2609462738037 24.5615406036377 25.378345489502 27.5136203765869 27.8583087921143 26.7783164978027 26.7399635314941 26.6005096435547 27.1729049682617 27.9405517578125 28.4217872619629 27.3369312286377 28.4243717193604 34.0081787109375 32.1954193115234 28.7993049621582 28.0232715606689 28.501558303833 28.6332912445068 31.6202411651611 34.1762275695801 30.9255752563477 33.6908760070801 34.5753402709961 35.873706817627 32.9925117492676 31.8700065612793 32.774169921875 33.2366333007812 34.5537223815918 34.1498756408691 35.4116249084473 33.597770690918 32.5920829772949 33.4457054138184 32.6577949523926 32.7467346191406 28.839822769165 28.9791355133057
30.8744373321533 26.7377529144287 26.5066261291504 25.4241580963135 23.4959087371826 24.9425411224365 25.7144927978516 25.1091918945312 25.0606994628906 25.2797908782959 26.3440723419189 25.7302303314209 26.7721557617188 25.943265914917 30.2456130981445 31.5713195800781 27.4787101745605 27.8421936035156 26.9888801574707 28.2653141021729 32.6955490112305 31.2633819580078 29.9092826843262 27.3216247558594 28.044132232666 28.651611328125 28.877161026001 32.9145736694336 32.3286399841309 30.7616367340088 32.0034332275391 32.1832733154297 32.647159576416 32.2221603393555 32.149242401123 32.2989540100098 33.1640930175781 34.3184814453125 34.551872253418 34.5240020751953 34.1096839904785 33.6478157043457 32.2086067199707 32.4548721313477 30.8035850524902 28.2613773345947
29.4215660095215 29.7337512969971 29.8623485565186 26.476598739624 26.1423645019531 25.3134384155273 24.9072113037109 24.9727916717529 25.6944561004639 25.0645008087158 25.3719501495361 24.8755111694336 26.5403518676758 33.345832824707 26.3991012573242 27.4677352905273 28.2819194793701 28.5379676818848 28.1059265136719 29.5104236602783 32.1840782165527 31.9281444549561 29.0455989837646 28.1843967437744 28.3068962097168 28.9124145507812 28.5775737762451 28.6765480041504 28.5963077545166 32.432991027832 34.1078796386719 33.390625 32.0069007873535 32.682300567627 31.3464775085449 30.8724956512451 33.4326515197754 28.5012722015381 33.2286834716797 34.2519035339355 34.5709800720215 32.6073455810547 34.6636276245117 33.6106834411621 32.2375335693359 30.0676822662354
24.3015441894531 25.2797298431396 26.1495323181152 26.0757884979248 25.4174823760986 24.5063915252686 24.1064701080322 23.6940574645996 24.9267234802246 25.4133853912354 25.0782947540283 25.0586128234863 26.6984844207764 27.977783203125 27.8996829986572 27.8987197875977 28.0000133514404 31.0823383331299 32.3894958496094 29.4916076660156 29.3980140686035 29.3402137756348 27.9448909759521 27.7478446960449 27.9607353210449 28.6441345214844 28.6895408630371 28.006872177124 31.3913593292236 29.5280361175537 34.0314865112305 33.0864028930664 34.1565589904785 31.3697395324707 32.0374526977539 30.8290672302246 32.4740333557129 30.4982814788818 30.671947479248 34.1772232055664 30.3700084686279 28.0904655456543 27.8544921875 32.7799758911133 33.358081817627 30.8717937469482
24.0796527862549 24.115571975708 24.6913299560547 25.1930389404297 25.5166759490967 23.2983474731445 22.9948749542236 23.8573551177979 24.4942474365234 25.2258358001709 25.418041229248 26.0007266998291 27.6236438751221 28.5142459869385 28.5481929779053 28.7692832946777 30.1829433441162 30.3387718200684 30.3631858825684 29.257999420166 28.9977169036865 30.2225666046143 30.3930969238281 30.0632019042969 32.7998962402344 28.3599090576172 30.8893432617188 30.4848003387451 29.0851135253906 28.4621257781982 27.9683494567871 35.5118522644043 30.7976551055908 31.4616317749023 33.0481376647949 32.0348701477051 32.5587310791016 31.3817405700684 28.705192565918 28.9771385192871 33.9221954345703 32.459545135498 28.8443908691406 28.482723236084 32.5668983459473 31.7911186218262
24.5649394989014 23.9259033203125 24.156795501709 24.3032932281494 24.83837890625 22.9295597076416 22.6476573944092 22.7488269805908 24.3143005371094 25.2163639068604 24.7200107574463 24.9200820922852 26.3487777709961 27.3231773376465 28.5813217163086 28.189567565918 28.8950805664062 30.3937873840332 29.1601600646973 28.130708694458 29.0504608154297 30.2399768829346 32.1528244018555 34.6895408630371 34.2224540710449 34.0846176147461 30.1746196746826 31.1651458740234 29.4128284454346 28.5874118804932 28.4627075195312 33.6722106933594 31.9523048400879 30.6628017425537 31.4422340393066 31.5282096862793 31.5322456359863 32.2354888916016 28.9945697784424 27.8489055633545 27.5719718933105 27.1812152862549 31.3202705383301 27.9093723297119 28.8802757263184 30.9236736297607
25.4121417999268 24.7122802734375 24.8987464904785 24.401330947876 24.4924545288086 23.060510635376 24.2562866210938 23.8532428741455 24.2251663208008 24.4332790374756 24.5430335998535 24.8335742950439 24.8877277374268 26.5746116638184 27.9005069732666 27.5860614776611 28.8794994354248 29.841007232666 29.0792922973633 27.9087867736816 28.1396255493164 32.074878692627 32.9441909790039 34.6918296813965 34.2418785095215 35.2471237182617 31.5531558990479 33.8682403564453 31.2636280059814 28.2998504638672 28.4233112335205 32.4667129516602 32.5420036315918 32.2673683166504 30.3917942047119 31.1755905151367 32.442928314209 32.4882392883301 34.4309844970703 31.2822704315186 33.4822692871094 32.2307167053223 27.2688369750977 27.796257019043 33.1920967102051 32.2395706176758
26.3515853881836 26.2804164886475 25.6589984893799 25.7638835906982 24.9761943817139 24.6495513916016 24.6326007843018 23.5029640197754 24.0590991973877 23.8627166748047 23.1083641052246 24.3739986419678 24.6476917266846 26.5343685150146 27.1655292510986 26.2021522521973 27.5915336608887 28.1174240112305 28.1795101165771 28.4591045379639 28.3605308532715 29.948881149292 30.5246887207031 32.869312286377 35.0204925537109 33.0546226501465 33.0155906677246 31.3899536132812 31.6888790130615 28.1461963653564 28.3210468292236 30.9300994873047 31.9013385772705 30.5425090789795 32.1112480163574 30.1999359130859 32.2690200805664 30.931095123291 33.0282936096191 29.2708358764648 28.1496906280518 27.6892223358154 29.7693271636963 27.0667304992676 28.7021045684814 30.3230056762695
25.1022930145264 24.9278831481934 25.155782699585 24.9706897735596 24.8547534942627 24.9104614257812 23.6382827758789 23.6085071563721 22.9547328948975 23.4918231964111 22.4636459350586 24.0098514556885 23.5319557189941 25.3066787719727 26.3077716827393 25.2033348083496 25.5506381988525 27.5301837921143 28.4111862182617 29.9196453094482 29.0574359893799 29.5487098693848 30.5908317565918 31.17698097229 31.283727645874 31.7898063659668 32.5437545776367 33.8130340576172 33.9308586120605 32.5795707702637 30.1402645111084 31.3341064453125 32.3680191040039 31.8341331481934 33.9598846435547 34.800708770752 31.705493927002 30.5219135284424 30.7235240936279 31.5344047546387 30.8640975952148 29.97385597229 27.7648429870605 32.3248710632324 32.9153938293457 29.9328174591064
24.2463493347168 24.8543605804443 25.0138416290283 24.9290599822998 24.0444869995117 24.9457778930664 23.7968711853027 22.6779613494873 22.0087585449219 21.9300956726074 22.0192966461182 22.6148891448975 30.0163478851318 25.5334033966064 25.2927398681641 25.1222515106201 27.0359020233154 28.0144100189209 28.5905570983887 29.1309490203857 32.2199745178223 30.9755706787109 31.3693065643311 30.8869609832764 31.5223617553711 32.8798027038574 35.0160140991211 32.6448936462402 33.3166999816895 30.2953395843506 28.5046119689941 31.5657520294189 31.7797966003418 30.4359588623047 33.0166244506836 34.8898010253906 33.8420944213867 30.6979885101318 31.2947273254395 33.7853126525879 29.3095645904541 28.4663715362549 30.3132228851318 29.8679122924805 32.2478866577148 31.7863788604736
24.0854549407959 24.4970226287842 24.4724445343018 24.7748355865479 24.7752170562744 24.6964263916016 24.5520725250244 23.3850135803223 23.0184345245361 23.0749053955078 22.0808811187744 22.1420669555664 23.1285915374756 25.2356243133545 25.2358474731445 26.1862621307373 26.601978302002 27.1087913513184 28.4093952178955 28.9979438781738 30.4584674835205 30.3985748291016 30.4371509552002 30.1876411437988 31.0184955596924 32.9559020996094 34.8471298217773 31.5576210021973 28.3448581695557 28.4016571044922 28.4988594055176 32.3798561096191 33.8807754516602 30.4426727294922 32.9298400878906 34.6000671386719 30.8894901275635 30.9034194946289 32.1098594665527 33.030891418457 33.2866554260254 32.8675079345703 26.6351127624512 27.504695892334 27.5809192657471 27.9481544494629
24.3741893768311 23.6833534240723 23.9153900146484 24.5450706481934 24.6728057861328 24.5986175537109 24.192798614502 23.7035160064697 24.1729202270508 23.6980018615723 23.3572368621826 23.2366142272949 24.3737506866455 24.9767379760742 24.7789573669434 26.2324981689453 26.9904956817627 27.6612758636475 28.3824996948242 28.6234474182129 31.4638500213623 34.2705917358398 35.6292114257812 29.1142730712891 29.0924739837646 29.1234664916992 28.8663330078125 31.4643592834473 30.5009059906006 32.0987586975098 31.4495391845703 31.9597988128662 30.896411895752 32.7471656799316 33.1807594299316 28.720874786377 31.9837455749512 31.776123046875 33.4720916748047 33.5236511230469 30.6019420623779 31.8777198791504 31.2558898925781 29.6991157531738 29.8900928497314 29.382173538208
25.430534362793 24.1023921966553 23.9699420928955 23.6142082214355 24.3935737609863 24.2847576141357 24.2543315887451 24.963306427002 24.5379066467285 23.6936454772949 24.3175773620605 24.8048267364502 25.2909660339355 24.1664447784424 24.5583362579346 25.7029113769531 27.2857208251953 28.3132362365723 27.7269439697266 28.8478851318359 30.9083690643311 33.8255348205566 34.4852104187012 29.049129486084 28.281795501709 28.5692806243896 29.1056823730469 29.1843891143799 30.7743701934814 31.0054168701172 33.760570526123 35.1141014099121 35.7032356262207 33.3538093566895 34.2724800109863 30.9513931274414 31.9530181884766 32.2901191711426 31.5605621337891 32.6033515930176 33.2961196899414 30.5380344390869 28.1297187805176 30.9918422698975 30.6770534515381 31.5286445617676
25.141471862793 24.2648868560791 23.9945583343506 24.0234470367432 24.2505073547363 24.1340293884277 24.7343082427979 25.9168701171875 31.2052421569824 23.9492626190186 26.1416435241699 26.7097549438477 26.6770629882812 24.4038372039795 25.1891536712646 25.3186836242676 26.6813125610352 27.1222133636475 27.0578708648682 28.1544322967529 28.9211082458496 29.5113143920898 31.3062915802002 34.4166831970215 29.398307800293 28.7698707580566 28.223653793335 28.3843021392822 31.4309310913086 35.6887359619141 31.898567199707 29.0395393371582 34.8218421936035 32.9944114685059 32.669807434082 29.3998012542725 31.3388729095459 30.6498947143555 34.3539047241211 33.9697418212891 32.2115058898926 32.2797470092773 31.7490520477295 31.876636505127 31.994909286499 33.3424415588379
24.52756690979 24.2756996154785 24.0407657623291 24.3702392578125 24.4444541931152 24.6282501220703 24.8285255432129 26.727222442627 26.7877330780029 25.2404823303223 27.5703258514404 28.1844825744629 27.79811668396 26.3119850158691 26.4311962127686 27.0713005065918 27.608003616333 28.2514572143555 28.520414352417 28.7316303253174 29.007511138916 29.3995132446289 27.5749626159668 27.67991065979 28.210599899292 27.7400035858154 28.1312103271484 33.8211097717285 31.4980087280273 35.1562576293945 28.4395160675049 27.8024883270264 28.4996585845947 32.2774848937988 32.8634605407715 31.7037296295166 30.0863780975342 31.4684219360352 31.2362289428711 32.1988716125488 33.5294914245605 34.4288215637207 34.2604560852051 34.0322189331055 32.8334007263184 33.1417503356934
24.6441230773926 25.320219039917 24.2512073516846 24.7481803894043 24.8156242370605 25.4928894042969 25.9837398529053 29.3850040435791 27.4183177947998 27.1323928833008 28.2135715484619 29.10671043396 28.3927173614502 27.4998302459717 27.6320991516113 28.6775722503662 29.0679016113281 29.0470275878906 30.1925277709961 29.8677062988281 31.3648815155029 29.8086776733398 28.9831237792969 28.4560604095459 28.758768081665 29.0556144714355 31.676441192627 30.7071075439453 30.5420761108398 30.7557182312012 29.6523532867432 30.5619697570801 29.4769134521484 31.9697799682617 28.7587337493896 32.2618217468262 33.2244415283203 33.1725959777832 33.1110229492188 30.503734588623 31.0838241577148 32.6368827819824 31.7903881072998 32.9899368286133 33.5149040222168 33.5716323852539
26.0916900634766 25.9623699188232 24.7896423339844 25.9007205963135 25.9827098846436 26.2881317138672 26.9712696075439 28.2769832611084 27.2844638824463 27.818021774292 29.5659675598145 31.1400241851807 29.2207412719727 28.3324108123779 27.5602073669434 28.4843826293945 28.3915367126465 28.8845138549805 29.8087615966797 34.3804359436035 29.7458553314209 30.0981311798096 32.2533912658691 31.5947132110596 31.3739223480225 31.0138397216797 32.6828536987305 31.9150619506836 32.4400062561035 31.8732280731201 30.2759265899658 30.9031620025635 32.7729301452637 32.4718132019043 28.60276222229 27.8980045318604 28.269193649292 29.5181255340576 29.0254535675049 31.0843086242676 34.6605796813965 34.2835578918457 31.2971515655518 30.6559104919434 29.1312618255615 29.3502979278564
25.2988471984863 25.320873260498 25.6216068267822 27.070161819458 27.6318531036377 28.1916542053223 29.269889831543 27.791446685791 26.896614074707 27.3369045257568 28.039758682251 30.0407676696777 29.625768661499 29.1984043121338 28.1951274871826 30.6225719451904 30.3769779205322 32.5252838134766 34.8732872009277 32.6907997131348 32.9357604980469 31.7014560699463 31.045051574707 31.4313449859619 31.5427284240723 31.113899230957 31.0773239135742 30.899206161499 31.3487129211426 32.4188117980957 31.7692852020264 31.1970138549805 29.0766849517822 28.8389873504639 27.8069114685059 30.9593105316162 32.1848983764648 28.6354484558105 28.588586807251 28.4052085876465 28.3036422729492 31.0377349853516 30.5453300476074 31.7663745880127 30.291748046875 29.7826595306396
