inst/extdata/Tmax/Tmax66.asc
NCOLS 100 
NROWS 79 
XLLCORNER 148.06 
YLLCORNER -21.49 
CELLSIZE 0.01 
NODATA_value -3.4e+38 
[rows 0 to 19 of 79, columns 46 to 91 of 100]
36.8462791442871 36.6941909790039 36.6005210876465 36.5836563110352 36.553897857666 36.4518699645996 36.5849990844727 36.4417190551758 36.2839965820312 36.1398239135742 36.0603485107422 35.846118927002 35.7565116882324 35.902774810791 36.0930709838867 36.0157051086426 35.9057235717773 35.7599334716797 35.5158500671387 35.3564605712891 35.2465324401855 -3.4e+38 -3.4e+38 -3.4e+38 -3.4e+38 -3.4e+38 -3.4e+38 -3.4e+38 -3.4e+38 -3.4e+38 -3.4e+38 -3.4e+38 -3.4e+38 -3.4e+38 -3.4e+38 -3.4e+38 -3.4e+38 -3.4e+38 -3.4e+38 -3.4e+38 -3.4e+38 -3.4e+38 -3.4e+38 -3.4e+38 -3.4e+38 -3.4e+38
36.8412818908691 36.6140670776367 36.4300346374512 36.5978050231934 36.7016944885254 36.6898422241211 36.6314849853516 36.5401458740234 36.2725296020508 35.9357376098633 36.0130271911621 35.6083374023438 35.9603080749512 36.174617767334 36.1442642211914 36.0583419799805 35.9603309631348 35.8414535522461 35.6748352050781 35.5869102478027 35.5027465820312 35.3749732971191 -3.4e+38 -3.4e+38 -3.4e+38 -3.4e+38 -3.4e+38 -3.4e+38 -3.4e+38 -3.4e+38 -3.4e+38 -3.4e+38 -3.4e+38 -3.4e+38 -3.4e+38 -3.4e+38 -3.4e+38 -3.4e+38 -3.4e+38 -3.4e+38 -3.4e+38 -3.4e+38 -3.4e+38 -3.4e+38 -3.4e+38 -3.4e+38
36.793773651123 36.2349395751953 35.626880645752 36.5859565734863 36.713306427002 36.7060623168945 36.666820526123 36.6098976135254 36.4219512939453 35.9720039367676 36.0194931030273 36.1026802062988 36.1432991027832 36.2417335510254 36.2007026672363 36.1103096008301 36.0289993286133 35.9395561218262 35.8272323608398 35.6413993835449 35.6069717407227 35.4521102905273 35.2500305175781 35.0017852783203 -3.4e+38 -3.4e+38 -3.4e+38 -3.4e+38 -3.4e+38 -3.4e+38 -3.4e+38 -3.4e+38 -3.4e+38 -3.4e+38 -3.4e+38 -3.4e+38 -3.4e+38 -3.4e+38 -3.4e+38 -3.4e+38 -3.4e+38 -3.4e+38 -3.4e+38 -3.4e+38 -3.4e+38 -3.4e+38
36.4974250793457 36.5240020751953 35.7343673706055 36.5129432678223 36.6354141235352 36.6605834960938 36.6812705993652 36.5912055969238 36.4766311645508 36.2131729125977 36.1171951293945 35.9101905822754 36.1503753662109 36.2321319580078 36.2353591918945 36.1458473205566 36.0892791748047 36.0232582092285 35.9019432067871 35.6029167175293 35.4488487243652 35.4344863891602 35.3666381835938 35.2860908508301 35.1359214782715 34.7840614318848 -3.4e+38 -3.4e+38 -3.4e+38 -3.4e+38 -3.4e+38 -3.4e+38 -3.4e+38 -3.4e+38 -3.4e+38 -3.4e+38 -3.4e+38 -3.4e+38 -3.4e+38 -3.4e+38 -3.4e+38 -3.4e+38 -3.4e+38 -3.4e+38 -3.4e+38 -3.4e+38
36.5082969665527 36.5070724487305 35.6356582641602 35.779224395752 36.3198776245117 36.6707992553711 36.7083358764648 36.5855407714844 36.5462646484375 36.2945938110352 36.0573310852051 35.8973236083984 35.5973587036133 36.0483589172363 36.2225036621094 36.1413040161133 36.153678894043 36.1022872924805 35.901668548584 35.3132171630859 34.9083061218262 35.4464912414551 35.4900131225586 35.4220237731934 35.2073135375977 34.9523391723633 -3.4e+38 -3.4e+38 -3.4e+38 -3.4e+38 -3.4e+38 -3.4e+38 -3.4e+38 -3.4e+38 -3.4e+38 -3.4e+38 -3.4e+38 -3.4e+38 -3.4e+38 -3.4e+38 -3.4e+38 -3.4e+38 -3.4e+38 -3.4e+38 -3.4e+38 -3.4e+38
35.9260063171387 36.4288940429688 35.320499420166 34.8506622314453 36.0801658630371 36.7433853149414 36.6690979003906 36.6081504821777 36.5492286682129 36.2291374206543 35.5421485900879 35.2808723449707 35.4979362487793 36.162956237793 36.0746650695801 36.1833190917969 36.2055702209473 36.1366195678711 36.0485877990723 35.5374069213867 34.9648170471191 34.9874572753906 35.3546485900879 35.3814239501953 35.337760925293 35.2384414672852 -3.4e+38 -3.4e+38 -3.4e+38 -3.4e+38 -3.4e+38 -3.4e+38 -3.4e+38 -3.4e+38 -3.4e+38 -3.4e+38 -3.4e+38 -3.4e+38 -3.4e+38 -3.4e+38 -3.4e+38 -3.4e+38 -3.4e+38 -3.4e+38 -3.4e+38 -3.4e+38
35.3053817749023 36.4325180053711 35.9663009643555 35.8861465454102 36.5600891113281 36.7337608337402 36.5793647766113 36.477653503418 36.5706329345703 36.1934585571289 35.6459846496582 35.6172142028809 36.081428527832 36.1573028564453 35.4598159790039 36.0944061279297 36.1235198974609 36.1092987060547 36.1196403503418 35.8857536315918 35.5755195617676 35.3397369384766 35.486011505127 35.2753829956055 35.4468803405762 35.4447746276855 35.3273086547852 35.0871086120605 -3.4e+38 -3.4e+38 -3.4e+38 -3.4e+38 -3.4e+38 -3.4e+38 -3.4e+38 -3.4e+38 -3.4e+38 -3.4e+38 -3.4e+38 -3.4e+38 -3.4e+38 -3.4e+38 -3.4e+38 -3.4e+38 -3.4e+38 -3.4e+38
34.7172355651855 36.4613914489746 36.7657051086426 36.6058616638184 35.8653984069824 36.0293235778809 36.4520530700684 36.5417137145996 36.637996673584 36.4770889282227 36.1619186401367 35.8338012695312 35.8315505981445 35.9714965820312 35.6197662353516 36.1149482727051 35.5598983764648 35.5084991455078 36.0196952819824 36.0970230102539 35.9518432617188 35.7265319824219 35.6233367919922 35.6407852172852 35.5980224609375 35.5474891662598 35.3771057128906 35.234619140625 34.9884262084961 34.5676765441895 34.5488891601562 -3.4e+38 -3.4e+38 -3.4e+38 -3.4e+38 -3.4e+38 -3.4e+38 -3.4e+38 -3.4e+38 -3.4e+38 -3.4e+38 -3.4e+38 -3.4e+38 -3.4e+38 -3.4e+38 -3.4e+38
34.6832733154297 36.1395530700684 36.7939796447754 36.6893653869629 36.049503326416 34.9587059020996 35.8986625671387 36.6251754760742 36.6591835021973 36.5531349182129 36.4160995483398 36.2000694274902 36.1937294006348 36.0435752868652 35.6369209289551 35.561580657959 35.2283363342285 35.7747116088867 35.984245300293 36.0180397033691 36.009578704834 35.7075843811035 35.3854179382324 35.1183013916016 35.6248435974121 35.6333999633789 35.514289855957 35.3663024902344 35.2517509460449 34.8024597167969 34.6390228271484 34.731502532959 -3.4e+38 -3.4e+38 -3.4e+38 -3.4e+38 -3.4e+38 -3.4e+38 -3.4e+38 -3.4e+38 -3.4e+38 -3.4e+38 -3.4e+38 -3.4e+38 -3.4e+38 -3.4e+38
35.3768081665039 36.1642532348633 36.7180366516113 36.6887702941895 36.6467208862305 35.6348419189453 35.8237419128418 36.5735893249512 36.6821975708008 36.5719909667969 36.4015922546387 36.1908416748047 36.077220916748 36.1366691589355 35.6241645812988 35.3762817382812 35.2941970825195 36.1108283996582 35.9725341796875 35.7227363586426 36.0012245178223 35.9427185058594 35.7696228027344 35.4834060668945 35.7692108154297 35.6964225769043 35.5544853210449 35.5712852478027 35.4274635314941 35.1691856384277 34.7662353515625 34.7593307495117 -3.4e+38 -3.4e+38 -3.4e+38 -3.4e+38 -3.4e+38 -3.4e+38 -3.4e+38 -3.4e+38 -3.4e+38 -3.4e+38 -3.4e+38 -3.4e+38 -3.4e+38 -3.4e+38
34.707893371582 36.0680084228516 36.323802947998 36.1455078125 36.3781356811523 36.5541076660156 36.3138160705566 36.6135444641113 36.6677360534668 36.5708312988281 36.4212913513184 36.2670402526855 36.096061706543 36.3441734313965 36.2061157226562 36.1110343933105 36.1390533447266 36.2802085876465 36.2590370178223 35.8263854980469 35.4611473083496 35.9364738464355 36.0560111999512 35.6430702209473 35.6315116882324 35.4913558959961 35.4458961486816 35.6663017272949 35.5253105163574 35.2799377441406 -3.4e+38 -3.4e+38 -3.4e+38 -3.4e+38 -3.4e+38 -3.4e+38 -3.4e+38 -3.4e+38 -3.4e+38 -3.4e+38 -3.4e+38 -3.4e+38 -3.4e+38 -3.4e+38 -3.4e+38 -3.4e+38
34.2111282348633 34.9475593566895 35.1784629821777 34.9611320495605 35.7165718078613 36.1911735534668 36.4406433105469 36.6310043334961 36.6099739074707 36.5261878967285 36.3670043945312 36.2089920043945 36.0787620544434 36.5317153930664 36.5065727233887 36.3753128051758 36.3646202087402 36.4175834655762 36.4325370788574 36.3381576538086 36.0278739929199 35.8394546508789 36.1126747131348 35.9437599182129 35.7353324890137 35.8037414550781 35.8059463500977 35.5787353515625 35.4662704467773 35.3145446777344 -3.4e+38 -3.4e+38 -3.4e+38 -3.4e+38 -3.4e+38 -3.4e+38 -3.4e+38 -3.4e+38 -3.4e+38 -3.4e+38 -3.4e+38 -3.4e+38 -3.4e+38 -3.4e+38 -3.4e+38 -3.4e+38
34.2232131958008 33.4302635192871 32.923713684082 33.018196105957 34.6967620849609 35.1028060913086 36.0126609802246 36.2616767883301 36.4823226928711 36.3784484863281 36.193489074707 36.425464630127 36.4098930358887 36.3135108947754 36.6356582641602 36.5962753295898 36.5298347473145 36.5203399658203 36.5139808654785 36.4837989807129 36.4298210144043 36.3404846191406 36.2067718505859 36.1437339782715 35.8854713439941 35.9234771728516 35.8864479064941 35.6478157043457 35.411262512207 35.2998657226562 35.1706008911133 34.8931617736816 -3.4e+38 -3.4e+38 -3.4e+38 -3.4e+38 -3.4e+38 -3.4e+38 -3.4e+38 -3.4e+38 -3.4e+38 -3.4e+38 -3.4e+38 -3.4e+38 -3.4e+38 -3.4e+38
34.2473640441895 33.6082382202148 32.8791427612305 32.4374008178711 32.9062232971191 33.563117980957 35.0438842773438 35.9500694274902 36.4841804504395 36.3338279724121 35.9366188049316 36.3771743774414 36.610912322998 36.6298713684082 36.6280746459961 36.6238708496094 36.6281051635742 36.6032829284668 36.5706825256348 36.5298347473145 36.4876670837402 36.4099235534668 36.3313522338867 36.2458000183105 36.0366058349609 36.0378341674805 35.9414482116699 35.7543449401855 35.5342788696289 35.4555397033691 35.3856086730957 35.2430191040039 34.9779357910156 -3.4e+38 -3.4e+38 -3.4e+38 -3.4e+38 34.4990768432617 34.5046157836914 -3.4e+38 -3.4e+38 -3.4e+38 -3.4e+38 -3.4e+38 -3.4e+38 -3.4e+38
34.7329368591309 33.699405670166 32.9803810119629 32.6657066345215 33.0920295715332 32.886775970459 33.8213005065918 35.1637001037598 36.1561317443848 36.4274215698242 35.5815467834473 36.2024078369141 36.5228614807129 36.155632019043 36.2035293579102 36.4993324279785 36.5634002685547 36.6031303405762 36.5483283996582 36.4320297241211 36.44482421875 36.3764762878418 36.3606567382812 36.3019599914551 36.2216262817383 36.0850257873535 35.9805946350098 35.8473854064941 35.7202110290527 35.6294326782227 35.5769424438477 35.4294204711914 35.1019668579102 -3.4e+38 -3.4e+38 -3.4e+38 -3.4e+38 34.6025085449219 34.54248046875 34.6442489624023 34.6085739135742 34.4500389099121 -3.4e+38 -3.4e+38 -3.4e+38 -3.4e+38
34.7217788696289 33.6984748840332 33.0326461791992 33.3789405822754 33.1954498291016 33.5081405639648 33.2888145446777 34.4057502746582 36.0380210876465 36.5703315734863 35.7693862915039 35.7215385437012 36.3181304931641 34.9016189575195 35.6446762084961 35.9116363525391 36.3158760070801 36.5976982116699 36.5657653808594 36.4768829345703 36.455753326416 36.4100952148438 36.398193359375 36.3380546569824 36.2638549804688 36.044246673584 36.0031814575195 35.9298858642578 35.8655242919922 35.8073425292969 35.7077980041504 35.555290222168 35.3798141479492 -3.4e+38 -3.4e+38 35.126953125 34.9260063171387 34.6902618408203 34.5706787109375 34.3856506347656 34.4642486572266 34.6005630493164 -3.4e+38 -3.4e+38 -3.4e+38 -3.4e+38
33.6451721191406 32.6155395507812 32.5634269714355 33.5999336242676 33.8614234924316 33.7785873413086 33.4236526489258 33.6995697021484 35.505558013916 36.453197479248 36.4430885314941 35.7989540100098 36.1711730957031 35.1210060119629 35.1100044250488 35.1344680786133 36.1071357727051 36.6083145141602 36.5998878479004 36.5937309265137 36.5769157409668 36.5026588439941 36.4438247680664 36.2356910705566 36.2177581787109 36.102855682373 36.0680046081543 36.0407829284668 35.994457244873 35.907283782959 35.8087730407715 35.6891784667969 35.5785293579102 -3.4e+38 35.404857635498 35.3609924316406 35.2744827270508 -3.4e+38 34.7020683288574 -3.4e+38 34.4366035461426 -3.4e+38 -3.4e+38 -3.4e+38 -3.4e+38 -3.4e+38
33.6276550292969 32.4313430786133 31.8169555664062 33.9330863952637 34.0874061584473 33.5585861206055 33.2274169921875 33.318675994873 34.5397720336914 36.2577896118164 36.3198890686035 35.98046875 36.0501365661621 36.1143684387207 35.5941314697266 36.407642364502 36.5643615722656 36.6250114440918 36.6344795227051 36.6054039001465 36.5839996337891 36.525936126709 36.4772071838379 36.3857917785645 36.3541793823242 36.2732696533203 36.2154083251953 36.156665802002 36.0526161193848 36.0066833496094 35.9269790649414 35.8352813720703 35.7529067993164 35.6664505004883 35.6054763793945 35.5719985961914 35.4164886474609 -3.4e+38 -3.4e+38 -3.4e+38 -3.4e+38 -3.4e+38 -3.4e+38 34.5888710021973 -3.4e+38 -3.4e+38
35.0613441467285 34.7965431213379 33.0537223815918 34.2727317810059 33.0659255981445 33.0571441650391 33.3939895629883 33.622688293457 35.2166519165039 36.2486038208008 36.0033721923828 35.5248718261719 36.156436920166 36.4467124938965 36.5051155090332 36.5269241333008 36.5991630554199 36.3326759338379 36.4320411682129 36.539379119873 36.5031204223633 36.5012626647949 36.4880905151367 36.444091796875 36.4006690979004 36.3385772705078 36.2894706726074 36.1617889404297 35.8800086975098 35.9574279785156 36.0095138549805 35.9589691162109 35.8949661254883 35.8041954040527 35.7493019104004 35.6633453369141 35.5203475952148 35.3875923156738 35.2644195556641 35.1837997436523 35.1529541015625 35.0385208129883 34.790340423584 34.5950241088867 -3.4e+38 -3.4e+38
35.1454391479492 34.466381072998 34.9643669128418 34.8019523620605 33.6644248962402 33.6799011230469 33.3459014892578 33.5027351379395 35.0769462585449 36.0508041381836 36.3379325866699 36.1428146362305 36.3812675476074 36.5816955566406 36.4642486572266 36.3330764770508 36.459846496582 36.2328796386719 36.0885887145996 36.2028388977051 36.4372444152832 36.4589729309082 36.4551582336426 36.462287902832 36.4433708190918 36.3937034606934 36.3323593139648 36.1576080322266 35.9257926940918 36.0588226318359 36.0180778503418 36.0574607849121 35.947078704834 35.8803024291992 35.8254432678223 35.6933403015137 35.5967826843262 35.5278930664062 35.469352722168 35.4166717529297 35.3632926940918 35.232494354248 34.9094009399414 34.5471267700195 34.56640625 -3.4e+38
