inst/extdata/Tmax/Tmax16.asc
NCOLS 100 
NROWS 79 
XLLCORNER 148.06 
YLLCORNER -21.49 
CELLSIZE 0.01 
NODATA_value -3.4e+38 
[rows 40 to 59 of 79, columns 0 to 45 of 100]
34.036632537841797 33.7428779602051 34.593864440918 35.2086448669434 34.4053421020508 34.2171630859375 34.1913871765137 34.2193183898926 33.6061019897461 33.8272171020508 34.2215957641602 35.5602722167969 35.9987525939941 34.9392623901367 34.9635391235352 34.5545768737793 34.4878044128418 33.8872184753418 33.3711776733398 33.4473915100098 33.4098472595215 33.5213356018066 33.4804840087891 33.5604019165039 32.1472816467285 32.4848022460938 31.7347507476807 31.699649810791 31.9793128967285 31.0694770812988 30.2265167236328 29.0748805999756 30.3476104736328 30.202787399292 29.7346305847168 30.0214385986328 29.5994567871094 26.8596839904785 26.411413192749 26.0752372741699 25.6500663757324 25.0265522003174 24.5912418365479 24.337028503418 24.1119174957275 25.9453411102295
34.4670486450195 34.2831954956055 34.4106750488281 35.0496864318848 35.1828117370605 35.0005569458008 34.2446174621582 34.5937118530273 34.2709617614746 34.8182945251465 34.7005844116211 35.4316482543945 35.6186294555664 35.5667457580566 34.8044509887695 35.5432395935059 34.8041839599609 33.9412040710449 33.3054542541504 33.7808723449707 34.1401481628418 34.4036560058594 33.7427749633789 32.8693199157715 31.0927200317383 30.6397876739502 31.4017791748047 31.5512733459473 31.7333831787109 31.3575096130371 30.3088607788086 30.0666542053223 30.1725292205811 30.9436454772949 28.2022666931152 29.009464263916 28.3815155029297 26.7566032409668 26.6223735809326 28.1978168487549 27.9933643341064 25.8826198577881 24.2272052764893 24.1495361328125 24.1627712249756 24.5064544677734
34.5204048156738 34.4850311279297 34.7600021362305 34.8275413513184 34.6963882446289 34.5220603942871 34.4857940673828 34.8656997680664 34.5734710693359 34.7513961791992 35.1236572265625 35.6717338562012 36.3027381896973 35.6473693847656 35.6826972961426 35.1276435852051 35.0633277893066 34.9533958435059 34.2381362915039 34.1690559387207 34.4714546203613 33.8503532409668 33.8153991699219 33.0272560119629 33.1063842773438 32.6015167236328 30.7530670166016 31.5236988067627 31.5303249359131 31.073766708374 29.7553768157959 29.4792346954346 28.3848819732666 28.6818885803223 27.6453399658203 27.8179683685303 25.673620223999 26.3865280151367 26.6300640106201 26.1433525085449 26.9097423553467 25.986307144165 26.3718070983887 25.1119384765625 24.8786468505859 25.4645385742188
33.8584251403809 34.3138542175293 34.7060356140137 34.7708435058594 34.9929237365723 34.7845268249512 35.4987945556641 35.2599334716797 34.7208633422852 34.6611061096191 34.8169860839844 35.3151092529297 35.7274742126465 35.8072814941406 36.1566696166992 36.1681327819824 35.7034759521484 35.497142791748 34.5729484558105 34.3765678405762 34.4827880859375 34.3860626220703 33.9764289855957 32.6956367492676 32.6955718994141 32.6242980957031 32.2776298522949 32.1043930053711 31.4061374664307 31.6568565368652 30.705436706543 30.299674987793 31.4458923339844 30.3389263153076 30.762544631958 24.850378036499 25.3803234100342 25.4383373260498 25.5977210998535 25.2779693603516 25.0232620239258 25.5483741760254 25.2860641479492 25.8462047576904 26.9255676269531 28.9894790649414
33.6327857971191 34.226879119873 34.1382942199707 34.1166954040527 34.6789894104004 34.7802391052246 34.7987213134766 34.9906578063965 34.7780456542969 34.9614181518555 34.6822929382324 35.478443145752 35.4895706176758 36.0601615905762 36.2980041503906 36.0389747619629 35.6100120544434 35.7977142333984 35.6452407836914 35.4503135681152 34.8880310058594 34.7171478271484 33.9828567504883 34.5612258911133 33.8857307434082 32.8596572875977 32.7848587036133 32.1035919189453 32.4983978271484 31.7960414886475 31.7020683288574 31.2512378692627 31.5972270965576 33.3163261413574 33.3341789245605 25.5685424804688 24.6085643768311 24.6423015594482 24.7320327758789 25.1586437225342 24.9434070587158 25.275728225708 24.7705192565918 25.2918109893799 26.3190631866455 28.9542579650879
34.7817840576172 34.1824989318848 33.7256126403809 33.86669921875 34.4696006774902 34.3146667480469 34.5333938598633 34.8912239074707 34.9631271362305 34.8384017944336 34.6462783813477 35.1477241516113 35.041187286377 36.0145835876465 36.5502738952637 36.0303573608398 35.4858436584473 36.0563125610352 35.2770957946777 34.9923362731934 34.902156829834 34.5567855834961 34.0202903747559 33.0687141418457 33.8261566162109 33.7781791687012 32.2068367004395 32.6145439147949 32.794261932373 31.8549194335938 31.029899597168 30.8596076965332 31.813383102417 31.8009719848633 33.7957954406738 30.6152763366699 25.3225269317627 24.6026420593262 24.6484851837158 25.3013343811035 24.7043209075928 25.0192489624023 25.4013938903809 25.3469753265381 26.1538047790527 26.5145378112793
33.5298271179199 33.9877586364746 34.419017791748 33.675895690918 33.5711517333984 34.0084686279297 34.5255470275879 34.629322052002 34.5933036804199 34.3698921203613 34.8876686096191 34.9581985473633 34.1197738647461 34.7034378051758 36.0459213256836 34.8226509094238 34.8462829589844 35.944149017334 35.7021827697754 34.3972015380859 34.5813980102539 34.2260437011719 34.3107490539551 34.7298011779785 32.3177146911621 32.6390762329102 32.5324401855469 32.7576141357422 32.8972396850586 33.0487518310547 31.599967956543 31.1671104431152 30.8585948944092 31.0555114746094 32.4400978088379 32.5038032531738 25.4308910369873 25.5163288116455 25.4817371368408 25.9703235626221 25.3630447387695 25.2135810852051 25.4085445404053 30.9826412200928 26.606595993042 25.696460723877
34.7308502197266 33.6732482910156 34.6179618835449 33.5153350830078 33.5073013305664 33.7297210693359 33.8478240966797 33.7798042297363 33.5683708190918 34.189567565918 33.9052696228027 33.9338417053223 34.2405090332031 34.9970703125 35.7992172241211 35.9002456665039 35.2739562988281 35.7137680053711 35.5956878662109 34.6144790649414 35.1552848815918 35.1170921325684 33.7422828674316 33.9714813232422 33.8019599914551 34.5485763549805 34.085277557373 33.4755783081055 33.5927124023438 33.5027389526367 33.026798248291 32.3625183105469 31.2813320159912 32.165657043457 32.123649597168 31.1112689971924 30.8848876953125 28.7754516601562 26.6686153411865 26.5522441864014 26.0952949523926 26.0190658569336 26.049015045166 25.8977012634277 25.3044204711914 25.0553150177002
35.923641204834 34.2633934020996 33.1674842834473 32.8586654663086 32.9529418945312 33.9821662902832 33.5004234313965 33.3789482116699 33.1885375976562 33.9374771118164 34.0710105895996 33.8575744628906 34.254711151123 35.2101440429688 35.9695472717285 35.0671539306641 35.0652809143066 34.7347221374512 35.2944030761719 34.2831230163574 34.3745880126953 35.3415794372559 35.1076850891113 34.7381706237793 34.1397895812988 33.5723419189453 34.617805480957 35.262451171875 34.6802406311035 33.6265678405762 32.7395668029785 32.9033546447754 32.2251930236816 31.9317169189453 31.8884239196777 31.8766536712646 32.1913070678711 32.0042343139648 32.1249046325684 30.4279460906982 25.5990085601807 25.6592769622803 25.8738880157471 25.5147075653076 25.4724788665771 25.1801490783691
36.084903717041 35.2109832763672 34.4830093383789 32.7530708312988 32.6782379150391 32.7665710449219 33.3278388977051 33.3494300842285 33.275707244873 34.7157173156738 35.3661155700684 34.7567405700684 34.2994613647461 34.4225463867188 34.5220031738281 34.5430564880371 35.0412445068359 35.2168273925781 34.8485107421875 35.5558662414551 34.4117584228516 34.923210144043 35.3471870422363 35.1763229370117 34.6076126098633 35.0973815917969 33.5388450622559 34.7541046142578 34.2977294921875 33.5213050842285 32.593017578125 33.1992378234863 31.4864921569824 31.4957122802734 31.7660675048828 28.3042125701904 32.3305130004883 32.0461502075195 31.7107486724854 31.9005699157715 30.644702911377 25.5643062591553 25.2259712219238 27.5353240966797 27.4868183135986 28.0283527374268
36.4632186889648 35.6418266296387 35.2664413452148 33.0156784057617 33.0853500366211 32.7307052612305 32.8363571166992 33.3813400268555 33.290843963623 34.4360122680664 35.380199432373 35.1030731201172 35.1721420288086 35.496265411377 35.3018074035645 34.8801612854004 35.1939010620117 35.1668395996094 35.1667060852051 34.3764991760254 35.3442840576172 35.1761665344238 34.9352874755859 34.4803314208984 34.1417121887207 34.0946922302246 33.657642364502 33.1373672485352 34.1327705383301 33.9193687438965 32.9225540161133 33.1251258850098 31.8419952392578 32.1139678955078 30.5805244445801 31.4873294830322 31.3548393249512 31.7719612121582 31.5704402923584 31.6795654296875 31.3765506744385 30.6621952056885 29.4069919586182 28.6011829376221 27.2907085418701 27.1872482299805
36.2590026855469 36.4125556945801 35.3281898498535 33.7910804748535 33.632740020752 34.0616302490234 33.4347801208496 32.9647483825684 32.3389854431152 33.2532081604004 35.030834197998 35.5443878173828 35.6975593566895 34.8214950561523 35.3465232849121 35.2723655700684 35.4318466186523 35.7634201049805 35.887149810791 34.6715965270996 35.542667388916 35.4526519775391 34.0775299072266 34.1376762390137 34.0024452209473 33.1168899536133 32.9801940917969 33.0967674255371 33.9523162841797 34.5803031921387 34.3677558898926 32.4607124328613 32.2533073425293 31.4014682769775 31.1950607299805 30.6059474945068 30.6633167266846 31.4406204223633 31.3339557647705 31.3456363677979 30.7239475250244 30.4670944213867 29.9895133972168 29.1194801330566 25.3777313232422 25.2119178771973
35.778938293457 36.338939666748 36.0588073730469 32.7420997619629 32.3769378662109 33.2233390808105 33.0776329040527 33.2672882080078 32.4298553466797 32.5969390869141 34.0912170410156 33.6232795715332 34.4122848510742 35.4369506835938 35.0306816101074 35.4434547424316 35.618034362793 35.8987884521484 35.765552520752 35.6321792602539 35.5550994873047 35.3530769348145 35.2263832092285 34.1633338928223 35.1400299072266 34.842903137207 33.4240951538086 33.4912414550781 33.5871315002441 34.2953796386719 34.2663192749023 32.9085464477539 32.0649642944336 31.5713863372803 31.6376819610596 32.2591018676758 30.4096012115479 30.2457065582275 31.0004062652588 32.0481910705566 31.9882164001465 31.3206577301025 31.3021430969238 30.514289855957 25.6407737731934 25.1121158599854
36.1569061279297 35.6078872680664 35.4893569946289 33.399959564209 32.5616416931152 33.8491516113281 33.7488021850586 33.2941741943359 32.5244483947754 32.6227149963379 33.9326171875 33.2554206848145 35.1903839111328 35.121711730957 35.0030364990234 35.8593139648438 35.5135765075684 35.8807640075684 34.6556816101074 35.5035400390625 35.5672492980957 35.595775604248 35.4426612854004 34.6524353027344 34.0541381835938 34.2896728515625 34.3711814880371 33.8458366394043 33.4390869140625 33.6560554504395 34.0639991760254 34.2058219909668 34.1799964904785 33.4423217773438 32.5526390075684 33.116138458252 31.8302383422852 31.0298137664795 29.8088989257812 31.0955142974854 32.2056083679199 32.4211730957031 31.8457107543945 31.6189937591553 29.1323699951172 28.694299697876
35.9323501586914 35.0888366699219 35.2368354797363 34.3042221069336 33.8939590454102 33.7148551940918 34.2418899536133 33.8540000915527 34.1795921325684 33.2370223999023 33.2110137939453 33.900520324707 33.9350166320801 34.8171920776367 35.5929641723633 35.7765083312988 35.6830253601074 35.8363456726074 35.7991409301758 34.9848556518555 34.9758071899414 35.5749969482422 35.143726348877 35.6603202819824 34.8634796142578 34.2288017272949 33.7735404968262 34.2117691040039 32.9072532653809 33.9609870910645 33.7272529602051 33.1054649353027 34.0261077880859 33.7371559143066 34.5746459960938 32.2451438903809 32.3986015319824 33.0210113525391 32.7994651794434 31.6086769104004 31.5780391693115 30.7412033081055 30.0293827056885 29.2506141662598 29.3674640655518 26.2835292816162
36.0187911987305 36.0357208251953 35.8567848205566 34.7791175842285 34.4343910217285 34.437183380127 34.8420639038086 35.200309753418 34.4416122436523 33.2966804504395 33.9961547851562 35.2354049682617 34.8495750427246 35.781982421875 35.5843544006348 35.729248046875 34.4350357055664 35.027042388916 35.2157745361328 35.2341194152832 34.8102722167969 34.8442916870117 34.4359474182129 35.070915222168 34.7364807128906 35.0164527893066 34.1797828674316 34.5878448486328 33.5284385681152 33.9867286682129 34.1926803588867 33.7649917602539 33.0352897644043 33.0280303955078 33.3612823486328 34.0547752380371 33.6036071777344 33.5131721496582 32.7949104309082 31.263521194458 30.6760540008545 31.4923725128174 29.5456104278564 26.0789241790771 26.3664569854736 26.0768852233887
35.5179595947266 35.9123039245605 35.4672431945801 36.0455055236816 34.8922843933105 33.787483215332 34.5124435424805 35.1511001586914 34.7852592468262 34.0890350341797 33.8876724243164 35.4654083251953 35.744026184082 34.5781364440918 35.2234001159668 35.6668739318848 34.3895454406738 34.846076965332 35.2066116333008 34.2533340454102 34.3572387695312 34.6566772460938 34.8355941772461 34.696418762207 34.7613296508789 34.6835250854492 34.5119438171387 34.0680809020996 33.7614250183105 34.2916145324707 32.6958198547363 33.6465187072754 32.0833358764648 32.0833282470703 32.4116744995117 33.5107574462891 32.9403648376465 31.9391212463379 31.7939701080322 27.0426139831543 26.7493381500244 30.3312606811523 29.1977710723877 25.704662322998 26.0815715789795 26.1404037475586
35.9982376098633 36.3024253845215 35.9166717529297 35.6898918151855 35.2131042480469 35.5509986877441 34.5641784667969 34.5249519348145 34.9258575439453 34.863468170166 33.3988037109375 34.505687713623 35.7837524414062 35.4741592407227 35.0641250610352 35.6394195556641 35.1059379577637 34.9291000366211 33.6058082580566 34.754695892334 35.0276985168457 35.0780334472656 34.2323532104492 34.6601448059082 35.3561706542969 34.6901588439941 34.543643951416 34.1110534667969 34.2123985290527 34.712516784668 34.1254234313965 34.0274353027344 33.9204597473145 33.3866271972656 32.2306060791016 32.2673530578613 33.0863037109375 32.3024711608887 31.1841640472412 27.0145416259766 26.9206790924072 31.0809478759766 26.5436840057373 26.3095169067383 25.7691020965576 25.8765621185303
36.2530250549316 36.203125 36.3122520446777 35.9248466491699 35.8594436645508 35.2571487426758 34.3156623840332 34.2257499694824 34.5016860961914 33.5135116577148 33.6827011108398 35.6013412475586 35.2792778015137 35.9590377807617 35.0925445556641 35.1765937805176 34.0542793273926 33.9147682189941 33.8264236450195 33.843189239502 33.8666839599609 34.2188606262207 33.5593757629395 34.1190986633301 35.2641983032227 34.6217727661133 34.2996025085449 34.3997611999512 34.2352409362793 34.7505950927734 33.9716796875 33.9691314697266 33.882137298584 33.3059997558594 33.2894477844238 32.3022308349609 32.2026100158691 31.7002601623535 27.6232662200928 27.5322360992432 27.2365570068359 30.4761333465576 26.7214756011963 25.9722309112549 25.9780731201172 25.8583717346191
36.0809745788574 35.4537925720215 36.1879081726074 35.130443572998 35.8663482666016 34.6475715637207 34.5499000549316 33.9560317993164 34.4704666137695 33.5504341125488 33.5382118225098 33.0923156738281 34.8622131347656 35.6941261291504 35.6496925354004 34.9495582580566 33.8491477966309 33.9665298461914 33.8800430297852 33.1786766052246 33.448802947998 34.7966957092285 33.8833389282227 34.1106948852539 34.0856552124023 34.5621185302734 34.4105072021484 34.2341575622559 34.4107666015625 35.0634384155273 34.113166809082 33.7395248413086 33.4029197692871 34.0856628417969 33.7293510437012 33.4052658081055 32.8226737976074 31.6153945922852 31.0008201599121 30.8144340515137 30.3498554229736 30.4354801177979 29.7675704956055 26.0921783447266 25.976978302002 25.9733505249023
