inst/extdata/Tmax/Tmax45.asc
NCOLS 100 
NROWS 79 
XLLCORNER 148.06 
YLLCORNER -21.49 
CELLSIZE 0.01 
NODATA_value -3.4e+38 
[rows 20 to 39 of 79, columns 0 to 45 of 100]
30.543313980102500 31.0590858459473 31.2585353851318 30.992223739624 31.1990451812744 32.0588264465332 31.5930213928223 31.8799266815186 30.7172431945801 30.6354961395264 31.698673248291 31.2510643005371 30.1254844665527 28.2608547210693 26.9512214660645 26.1258869171143 25.7784175872803 27.2405204772949 28.3487224578857 29.2256088256836 29.3524188995361 29.8283634185791 30.0093898773193 30.3524322509766 30.2909870147705 30.0238475799561 28.9171009063721 26.9441871643066 27.9625720977783 27.7843818664551 28.9417839050293 29.2329730987549 29.2830677032471 29.3434524536133 29.0791149139404 28.7707901000977 28.5600719451904 28.3169765472412 27.4234066009521 27.7127151489258 27.4976577758789 26.58127784729 27.3305778503418 27.1157093048096 25.6592273712158 25.779333114624
31.3279781341553 31.6294078826904 31.6496925354004 31.2771682739258 31.2210140228271 31.1443672180176 30.7311515808105 31.5212326049805 31.7808876037598 32.0419578552246 31.7185478210449 31.7164611816406 31.1964855194092 28.5796585083008 26.8988819122314 26.6623249053955 26.8206958770752 27.5126667022705 28.0546398162842 29.1437377929688 29.8245277404785 30.410135269165 29.5530567169189 30.0592422485352 30.0003719329834 29.6980876922607 29.4176044464111 27.8936748504639 27.966968536377 28.9080009460449 29.3382225036621 29.0888805389404 29.0344791412354 27.8177299499512 27.5167350769043 27.7320442199707 28.6753578186035 26.8397998809814 26.4111042022705 26.7080345153809 25.910774230957 26.4850597381592 26.6640281677246 24.3177528381348 24.2604961395264 25.0185527801514
31.6291351318359 31.9023838043213 31.7233009338379 31.0414276123047 32.2828636169434 31.3802928924561 31.6306819915771 31.3089256286621 32.015625 31.2095794677734 32.303279876709 31.9210758209229 31.7107048034668 30.7249698638916 29.8068389892578 27.9882354736328 26.2818870544434 26.8919334411621 27.3442192077637 29.3943939208984 30.2697467803955 29.434326171875 29.5077953338623 29.0275993347168 28.5419960021973 29.3769912719727 29.2896976470947 28.9379348754883 28.8608150482178 28.8712577819824 28.5020332336426 28.0382308959961 27.5164585113525 26.9926052093506 26.3064842224121 27.1181488037109 27.180534362793 25.9923191070557 25.9965629577637 25.9725914001465 24.6178226470947 24.4158000946045 25.0318450927734 25.6839008331299 20.075569152832 24.7792873382568
31.7883033752441 32.2484855651855 32.7681846618652 31.0637226104736 30.9968605041504 31.8603687286377 30.9303112030029 31.8814945220947 32.0793342590332 31.1902256011963 31.7407550811768 31.6119155883789 31.8463134765625 30.8830699920654 28.9614505767822 27.9545478820801 26.7130565643311 27.0125713348389 27.72536277771 28.7376956939697 29.2807273864746 29.9058856964111 29.1243171691895 27.7825336456299 28.2813415527344 28.4066772460938 28.3705177307129 29.2688884735107 29.5628757476807 29.3075523376465 28.9400005340576 27.8794269561768 27.2162933349609 27.3847351074219 27.87380027771 27.5228252410889 25.2588310241699 24.8270950317383 25.4034214019775 25.6485443115234 24.1618118286133 23.7322521209717 23.4226951599121 21.8789806365967 23.0798492431641 23.4033031463623
31.9996757507324 31.8927631378174 31.7214050292969 32.4477844238281 32.5457534790039 32.2372779846191 31.0160751342773 32.0790481567383 30.6399402618408 30.8603897094727 30.898042678833 30.6552276611328 30.4742774963379 30.7820339202881 29.1951427459717 27.6518325805664 26.8820018768311 26.7264404296875 27.8632354736328 28.0355625152588 29.4673042297363 29.7639770507812 27.081615447998 26.7785530090332 27.1209583282471 27.4747486114502 27.7547760009766 29.0502948760986 29.4198741912842 28.8180408477783 29.2055015563965 28.7645950317383 28.6505012512207 28.46946144104 27.9251880645752 27.5020313262939 26.8206939697266 25.8752746582031 24.6331195831299 24.0205745697021 22.6246891021729 21.5645561218262 22.2905902862549 24.44411277771 19.1893825531006 19.0380821228027
32.4701957702637 32.1961898803711 32.6551322937012 32.0033493041992 32.5291061401367 32.3952102661133 32.2651557922363 32.0411758422852 31.869800567627 30.4737396240234 31.5018634796143 30.7970428466797 29.9914321899414 30.074146270752 30.0514221191406 29.8410892486572 28.5199394226074 28.2540874481201 28.9442329406738 29.6376285552979 28.9569320678711 27.3540992736816 26.7911014556885 25.4663486480713 26.2347526550293 27.1848888397217 27.2336444854736 28.1737098693848 29.2089691162109 29.0381717681885 27.4048652648926 28.372953414917 28.1740703582764 28.1758670806885 27.7366561889648 27.4020080566406 26.7826690673828 25.4831485748291 22.9515819549561 23.5457954406738 21.8571624755859 23.0688877105713 24.6398220062256 24.2015323638916 19.3277111053467 18.3715057373047
30.5206184387207 31.7394371032715 32.7913055419922 32.5636253356934 32.4510726928711 32.2968635559082 32.1928062438965 32.2133598327637 31.9270248413086 30.6308822631836 30.1886005401611 30.3595676422119 30.1916065216064 29.8620433807373 29.8763866424561 28.7931365966797 27.9671821594238 28.1187286376953 29.051513671875 28.9068145751953 28.633508682251 29.0171070098877 27.8424968719482 26.3154296875 25.7082214355469 26.550199508667 27.9246807098389 29.1995124816895 28.6345806121826 28.7989597320557 28.0084285736084 27.7573623657227 28.0557956695557 27.489688873291 27.4112358093262 26.5776634216309 25.2156276702881 25.4511642456055 20.6996574401855 18.8655166625977 21.484619140625 19.065845489502 23.8615589141846 20.2967205047607 22.5140438079834 18.0796451568604
30.697078704834 30.321496963501 31.4715957641602 32.3459281921387 32.3119087219238 32.2002449035645 32.3946914672852 32.525520324707 32.1298522949219 31.3873825073242 30.9099140167236 30.1906242370605 30.0091800689697 30.3765544891357 28.7097911834717 28.7647857666016 28.2814025878906 27.8283443450928 28.1728267669678 28.2446327209473 28.4427547454834 28.6069145202637 28.0963191986084 26.8007926940918 26.6000385284424 26.8725090026855 26.3811225891113 29.0093421936035 29.3860855102539 28.0910892486572 27.8100891113281 27.861967086792 28.1610069274902 27.2596130371094 26.8823432922363 25.9927139282227 24.3872928619385 24.8121280670166 24.5234622955322 23.0806102752686 21.8365955352783 22.309326171875 22.1086578369141 19.5042858123779 18.8017063140869 18.4004974365234
29.4807014465332 29.9206218719482 30.5330772399902 31.4719467163086 32.527889251709 32.0301666259766 32.4613761901855 32.1132736206055 32.1192169189453 31.1478748321533 31.2282943725586 30.3751850128174 30.6705665588379 30.6346492767334 30.2904262542725 28.0104312896729 27.9423179626465 27.6653385162354 28.0670852661133 29.1074123382568 27.9780521392822 28.5176544189453 27.4408378601074 26.3570575714111 26.5940761566162 26.94211769104 26.9839458465576 27.8408508300781 28.614070892334 28.4999294281006 28.5897750854492 27.6177749633789 27.1470813751221 25.8766403198242 25.0627861022949 24.0617961883545 24.3024501800537 24.3562889099121 24.5098896026611 21.9676780700684 18.9935245513916 19.0672016143799 22.3957004547119 18.7477188110352 18.9559383392334 18.8374042510986
28.3465309143066 29.102388381958 29.7393054962158 30.441499710083 31.8929386138916 31.9320240020752 31.2843284606934 32.4632339477539 32.246768951416 31.8853073120117 30.7799034118652 31.184440612793 30.5111427307129 30.2195606231689 30.7728729248047 30.4861602783203 30.0233058929443 28.0845050811768 28.3882694244385 28.3813972473145 28.3486633300781 28.4665851593018 27.9686431884766 26.8981838226318 26.6567783355713 26.6565628051758 26.2034778594971 27.8156929016113 28.7365608215332 28.2070064544678 28.817102432251 27.2623100280762 26.1765937805176 25.9807815551758 25.4269733428955 24.9102764129639 24.8610534667969 24.2015857696533 23.4980392456055 23.1407890319824 24.5553302764893 24.5495491027832 21.9276504516602 21.7100200653076 19.194616317749 20.0745048522949
28.9170093536377 29.631763458252 29.763126373291 30.4824466705322 30.8466739654541 30.6646766662598 30.8706016540527 31.9222145080566 31.8824520111084 31.3779182434082 31.8532829284668 31.7670764923096 31.7906074523926 30.9640369415283 30.9703159332275 30.9054431915283 29.6096229553223 29.0200233459473 28.0250568389893 28.4297885894775 28.2644386291504 27.7543544769287 27.4678707122803 27.0539627075195 26.4502105712891 25.6649570465088 26.103630065918 28.0572738647461 28.4817199707031 28.6386623382568 28.914623260498 29.070915222168 27.3430881500244 26.0539531707764 25.3206214904785 26.0541572570801 25.6607265472412 24.9435615539551 24.0484733581543 24.1333713531494 26.1669883728027 26.0134906768799 25.5879955291748 24.6475315093994 21.3863468170166 20.5870399475098
30.0319404602051 29.9795303344727 30.8662147521973 31.7044353485107 32.2109451293945 30.9446334838867 31.027099609375 32.2998313903809 32.2600402832031 31.5918502807617 31.9921932220459 31.6350936889648 31.5809440612793 31.183687210083 30.2232570648193 30.5132446289062 28.173376083374 26.8201961517334 28.1079692840576 27.7387237548828 27.7291584014893 27.9553260803223 27.3745288848877 27.0878467559814 26.6655578613281 26.6631927490234 27.1383419036865 28.4549388885498 29.147611618042 28.1243095397949 28.5857982635498 28.5965728759766 28.8973407745361 27.9822406768799 27.2814254760742 26.0848293304443 26.2502975463867 26.2944889068604 25.8612461090088 27.3676624298096 26.3645782470703 25.8576774597168 20.6615257263184 22.2461929321289 19.8134021759033 19.0160427093506
29.5715618133545 30.9935836791992 30.8676052093506 30.9748096466064 32.1618041992188 31.358434677124 31.9785423278809 31.6365375518799 32.2183876037598 31.2108535766602 32.1826248168945 31.6700897216797 31.6362781524658 31.0287208557129 30.6122817993164 30.0706119537354 29.9994831085205 28.2276859283447 26.97926902771 27.242712020874 27.3212127685547 27.9111366271973 27.2779731750488 27.3305759429932 26.9374752044678 26.7716960906982 28.6563606262207 28.8170833587646 28.679859161377 30.0983352661133 28.7220573425293 28.1660175323486 29.4065113067627 29.2660942077637 28.5322952270508 27.8183002471924 27.4634761810303 27.3892040252686 26.9106254577637 27.0713577270508 26.1400737762451 23.4407424926758 18.6202945709229 18.9864349365234 19.1546230316162 17.7395477294922
30.3143405914307 30.518238067627 31.0996513366699 30.0543041229248 30.6146926879883 29.6043968200684 30.3150939941406 31.6550674438477 32.1764526367188 31.9807605743408 32.2847747802734 31.5157566070557 31.3538951873779 31.3984756469727 30.7793006896973 30.5362586975098 30.8778057098389 30.3547859191895 29.6021041870117 29.1085834503174 27.7918338775635 27.569803237915 28.0613536834717 27.7200946807861 27.3230247497559 26.9169673919678 28.6103897094727 29.4757690429688 29.0107707977295 29.1475887298584 28.9089870452881 27.6611080169678 27.3832626342773 27.400426864624 27.8485298156738 28.0662517547607 28.0760955810547 28.5140991210938 28.0460014343262 28.1710624694824 26.4262046813965 21.7049751281738 20.0781898498535 20.3979263305664 20.1317367553711 18.9879932403564
30.8794078826904 31.2921657562256 31.0207118988037 29.164134979248 29.8723888397217 31.0140380859375 30.2633686065674 31.6823482513428 32.0665054321289 31.7123756408691 32.1529235839844 31.8695411682129 32.2016716003418 31.7058353424072 31.2843627929688 31.0919914245605 30.7760791778564 30.3903560638428 29.9295482635498 28.9072380065918 27.3933868408203 28.4417743682861 28.8326358795166 27.6454696655273 27.2114887237549 27.1695785522461 27.1836738586426 28.5953979492188 28.3851985931396 27.4330921173096 28.4076137542725 27.3144607543945 26.8609180450439 26.8523597717285 26.5248603820801 26.7749290466309 27.3922653198242 26.9563579559326 27.5957946777344 27.3262233734131 25.6202182769775 25.3724842071533 22.5166282653809 21.8291835784912 21.0374717712402 20.8722190856934
30.6374282836914 31.9841384887695 31.0417957305908 30.1889820098877 28.6271839141846 30.983549118042 32.4200172424316 30.5659599304199 31.561939239502 32.1696929931641 32.063045501709 31.9185352325439 31.4120101928711 31.5564098358154 31.1928043365479 31.3365440368652 30.380220413208 29.9244136810303 29.7988395690918 29.1637592315674 28.0462093353271 28.6704082489014 27.7683238983154 26.3209266662598 26.7377376556396 26.3594589233398 27.9489059448242 27.2556095123291 26.8280506134033 24.1707649230957 26.143684387207 26.7379970550537 27.0375938415527 26.6741352081299 26.6254634857178 25.6787128448486 25.9423656463623 26.2935886383057 27.2366924285889 26.5521831512451 21.6594257354736 21.2965774536133 21.0804252624512 21.6716747283936 21.3053226470947 19.9738311767578
31.2350158691406 30.3872337341309 31.7158317565918 30.972282409668 30.8134994506836 30.8487529754639 30.8987827301025 31.0135974884033 31.1887531280518 32.5218086242676 32.5229530334473 31.9638767242432 31.8570613861084 32.1091613769531 31.8462963104248 30.6845703125 30.0648174285889 29.9963207244873 29.9587802886963 29.9049472808838 29.2161979675293 28.1389293670654 26.9974746704102 26.693962097168 26.9785919189453 27.658130645752 28.3728218078613 27.4786548614502 27.1007061004639 25.1514625549316 24.8112754821777 23.8281936645508 25.3022117614746 26.6407108306885 26.4827575683594 24.5611629486084 24.5491218566895 24.1601505279541 23.968132019043 20.4275703430176 20.425479888916 19.5419330596924 20.159688949585 21.1809387207031 21.1742839813232 19.3597145080566
30.5587348937988 30.0879077911377 31.4152755737305 30.2128677368164 30.3515186309814 30.3585033416748 29.1498031616211 29.9781723022461 31.0269565582275 31.367696762085 32.114429473877 32.1460380554199 32.0348854064941 31.5362815856934 31.8499660491943 31.7251796722412 31.0320625305176 29.7313499450684 30.2263126373291 29.7425975799561 29.5453205108643 28.7522621154785 27.1596565246582 27.0064697265625 26.3703022003174 27.0953502655029 28.16330909729 27.1944847106934 27.4099731445312 27.167200088501 27.1340084075928 26.0264949798584 25.5936527252197 24.2742614746094 20.0320854187012 18.664571762085 18.8065853118896 18.5524806976318 18.4782257080078 18.779727935791 18.9907722473145 19.1125812530518 19.4259719848633 20.3895072937012 20.6981792449951 20.1671714782715
30.5716037750244 29.9627132415771 30.0182151794434 31.2256622314453 30.9080581665039 30.9984664916992 29.5411415100098 28.6549377441406 29.6584339141846 30.626049041748 31.9441814422607 32.3042678833008 32.2233924865723 32.0492095947266 30.9396190643311 30.4863586425781 30.4922962188721 30.1103534698486 30.5640087127686 30.4191036224365 30.3747653961182 29.0378093719482 28.2423801422119 27.8981666564941 26.8890399932861 27.670051574707 27.4147701263428 27.5982227325439 25.7941341400146 26.8140983581543 25.9790325164795 25.8015289306641 26.2668972015381 25.5206451416016 23.9155006408691 18.3835315704346 17.8570938110352 17.7634143829346 17.4733200073242 18.0851879119873 18.8072948455811 20.3104228973389 18.8717803955078 20.1802539825439 19.5860729217529 19.3752002716064
30.2067203521729 29.7037601470947 30.956657409668 30.9126815795898 31.1908435821533 30.2943935394287 29.9345169067383 29.2534503936768 30.1733055114746 29.6228351593018 30.5912075042725 32.1106109619141 31.8388805389404 31.626781463623 30.9293346405029 31.1802253723145 29.486686706543 29.719310760498 30.1438255310059 29.9630947113037 30.0311641693115 29.3646545410156 29.3949756622314 28.7424278259277 27.4744033813477 27.3833408355713 27.0248260498047 26.9418411254883 27.4300594329834 26.3914337158203 25.2558498382568 24.419412612915 26.55198097229 26.632116317749 26.6914119720459 24.1410541534424 21.182279586792 20.7372188568115 19.5651168823242 18.4294986724854 19.3143482208252 19.2391452789307 19.3581066131592 19.8165416717529 19.6689109802246 19.254035949707
