inst/extdata/Tmax/Tmax84.asc
NCOLS 100 
NROWS 79 
XLLCORNER 148.06 
YLLCORNER -21.49 
CELLSIZE 0.01 
NODATA_value -3.4e+38 
[rows 20 to 39 of 79, columns 46 to 91 of 100]
35.8127174377441 34.1228675842285 34.3183250427246 35.6556243896484 35.3985786437988 34.8547210693359 34.5646629333496 33.4167022705078 35.178840637207 36.5527496337891 37.5063209533691 37.0735282897949 37.0321350097656 37.567741394043 37.2392997741699 36.9762535095215 37.2049827575684 37.680965423584 37.7930107116699 37.7714614868164 37.7016944885254 37.5706062316895 37.8542289733887 37.9367752075195 37.8884010314941 37.8104209899902 37.7101783752441 37.7472229003906 37.7166938781738 37.3949775695801 37.4718627929688 37.7286262512207 37.6280708312988 37.3563842773438 37.3652687072754 37.3430328369141 37.2700653076172 37.272647857666 37.2649040222168 37.2421264648438 37.1729278564453 37.0265426635742 36.467472076416 36.3577003479004 36.5881576538086 36.6031227111816
36.0841789245605 34.0972557067871 32.9511451721191 34.6097145080566 34.4700164794922 33.9417037963867 34.7581176757812 32.9177131652832 34.1214294433594 36.0906562805176 37.2534332275391 36.0175514221191 35.3944816589355 37.056209564209 35.9570541381836 35.6073837280273 36.3873634338379 37.5396957397461 37.5227203369141 37.8886566162109 37.9952392578125 37.9809265136719 37.7769622802734 37.4450569152832 37.4397392272949 37.5087089538574 37.6719169616699 37.645881652832 37.558895111084 37.4817962646484 37.788875579834 37.8262748718262 37.7681732177734 37.4063529968262 37.4945182800293 37.4557189941406 37.3326759338379 37.3478736877441 37.3564147949219 37.3576774597168 37.2398567199707 37.1421241760254 36.9589805603027 36.7707061767578 36.6412315368652 36.6454696655273
36.6578330993652 36.1884536743164 34.3608474731445 33.7234802246094 33.2523040771484 34.3633880615234 33.7684135437012 34.0018653869629 33.4021453857422 34.3006362915039 36.4058952331543 36.759147644043 35.330680847168 35.685863494873 35.3464698791504 35.8513069152832 36.7982902526855 37.137020111084 35.9016380310059 37.0273742675781 37.7932968139648 37.8508644104004 37.2568511962891 36.4636878967285 37.0390739440918 37.0240097045898 37.6029777526855 37.7928924560547 37.494213104248 37.7016639709473 37.8817291259766 37.914737701416 37.9095916748047 37.8472023010254 37.7429275512695 37.5631065368652 37.383186340332 37.2563247680664 37.3322944641113 37.4374160766602 37.3370475769043 37.2796363830566 37.0213317871094 36.9082336425781 36.7814407348633 36.9336776733398
36.0363311767578 35.8686676025391 35.2625770568848 34.4809379577637 33.0307235717773 33.7506675720215 34.3586578369141 34.5403823852539 34.2887306213379 33.8407897949219 35.1292572021484 35.0939178466797 35.9188079833984 34.3395767211914 35.1201629638672 36.4863471984863 36.4420394897461 36.7613945007324 35.5103378295898 37.3923072814941 38.1514701843262 38.0288505554199 37.1085090637207 35.8264923095703 37.0001983642578 37.1661605834961 37.2674751281738 37.7256011962891 37.9228286743164 37.9840698242188 38.0093955993652 38.0235061645508 37.9982795715332 37.9108734130859 37.8111457824707 37.6545944213867 37.2348213195801 36.8916511535645 37.034236907959 37.3194313049316 37.3017654418945 37.3679161071777 37.1179733276367 37.0999183654785 36.8543663024902 36.8955764770508
34.137321472168 35.4223403930664 35.7558860778809 35.5123977661133 34.5070838928223 33.8913955688477 33.8737449645996 33.5548706054688 34.4193916320801 33.877986907959 33.8685073852539 33.3967552185059 35.2460861206055 36.0307235717773 35.2517471313477 36.208080291748 36.8916664123535 37.4273452758789 37.1287002563477 38.1167297363281 38.1261024475098 37.967456817627 37.2951622009277 36.4906578063965 37.2494201660156 37.5320854187012 37.2352714538574 37.3294792175293 37.4358177185059 37.9309921264648 37.7772254943848 38.0952377319336 37.972972869873 37.9395141601562 37.8566398620605 37.5156517028809 37.4302101135254 36.85888671875 36.5839233398438 37.0597114562988 37.2059707641602 37.3141250610352 37.1494827270508 37.2175254821777 37.2854423522949 37.1467094421387
32.6757545471191 33.6587905883789 34.9674530029297 34.8797416687012 34.0375556945801 33.2942695617676 32.8877182006836 32.3068885803223 33.490478515625 34.1000823974609 33.570613861084 33.7944946289062 35.148063659668 36.9188842773438 36.4368515014648 36.4881820678711 36.6090049743652 37.9355773925781 38.0291519165039 38.0156555175781 38.0132369995117 37.6938285827637 36.4941482543945 36.546257019043 36.6467094421387 37.2672348022461 37.0020370483398 36.4036331176758 37.0141944885254 38.0497016906738 38.0016288757324 38.1134872436523 38.0777244567871 38.0542068481445 37.9225807189941 37.771369934082 37.7932014465332 37.1976585388184 36.6921844482422 37.0303688049316 36.7245750427246 36.8644981384277 36.5894813537598 37.2502937316895 37.3047561645508 37.2995223999023
32.5573387145996 32.3936958312988 33.1064682006836 33.7421188354492 34.4217300415039 32.1842651367188 31.8958263397217 32.7332916259766 33.2358207702637 33.9738922119141 33.9878273010254 34.3918914794922 36.0605163574219 36.8730659484863 37.3362617492676 37.4943809509277 37.6271934509277 38.117431640625 37.7620849609375 37.5977325439453 37.6344757080078 37.1926231384277 37.3739776611328 37.6370544433594 37.6463470458984 37.0536918640137 36.6443061828613 37.529727935791 37.7846336364746 37.7440910339355 37.2037811279297 37.8561058044434 38.018798828125 38.1069450378418 38.0985412597656 38.0090560913086 37.6850509643555 37.3623352050781 37.4482345581055 37.2140808105469 37.0941619873047 36.553165435791 37.0402565002441 37.2561836242676 37.1813087463379 37.0930824279785
32.740592956543 32.2201995849609 32.5231857299805 32.7657127380371 33.3104515075684 31.616756439209 31.3124713897705 31.7304916381836 33.0381240844727 33.7868766784668 33.2600517272949 33.8358192443848 34.7268257141113 35.8339500427246 37.1817665100098 36.8637237548828 37.9173164367676 38.1571998596191 37.4733810424805 36.7595634460449 37.3839340209961 37.5664138793945 37.8802223205566 38.1063003540039 38.2150268554688 37.8026161193848 37.8004760742188 38.1523284912109 38.2166900634766 37.518253326416 37.0922622680664 37.62109375 37.7339515686035 38.1483573913574 38.1974678039551 38.1407279968262 37.9945945739746 37.7890663146973 37.3979034423828 36.6372375488281 36.4089622497559 36.288013458252 36.3300514221191 37.0068893432617 37.0640869140625 37.4747619628906
33.6125450134277 33.1720886230469 33.9301376342773 33.7693176269531 33.3690528869629 31.9592437744141 32.7338180541992 32.4674186706543 32.7740745544434 33.3671875 33.0788497924805 33.3531799316406 33.4834671020508 35.6328544616699 36.8237648010254 36.1413154602051 37.5702171325684 37.8513298034668 37.5499382019043 36.4689865112305 36.7303314208984 37.7793350219727 38.1707229614258 38.2949447631836 38.3165512084961 38.2199096679688 38.2353019714355 38.3484382629395 37.9713249206543 37.2752685546875 37.1513595581055 37.7979736328125 38.2154579162598 38.2552070617676 38.249568939209 38.226448059082 38.188117980957 38.058650970459 37.8179397583008 36.698844909668 36.1249008178711 35.3436546325684 36.2968597412109 36.2917213439941 37.1886100769043 37.5743255615234
35.2288093566895 35.0722160339355 34.4831123352051 34.4180603027344 33.8875122070312 33.3976364135742 33.0846633911133 32.0722999572754 32.7188873291016 32.2015228271484 31.69948387146 33.0314331054688 33.3679313659668 35.2323226928711 36.1884384155273 35.4668655395508 36.1622123718262 36.9131698608398 37.4501152038574 37.3281631469727 36.8976020812988 37.8281059265137 38.2871017456055 38.093318939209 38.0678176879883 37.7605857849121 38.1658515930176 38.4057731628418 37.4999694824219 36.6733283996582 37.3223648071289 37.8747024536133 38.2231864929199 38.3049049377441 38.3190116882324 38.268138885498 38.2526016235352 38.1669921875 37.9868774414062 37.6087379455566 36.9431800842285 36.4594230651855 36.0424003601074 35.8589744567871 36.726146697998 37.2327079772949
34.1217193603516 34.1221199035645 34.1492576599121 33.7851867675781 33.2960548400879 33.5292358398438 32.611515045166 32.0836029052734 31.5548686981201 31.6394824981689 31.0298919677734 31.9570007324219 31.9440422058105 34.1884117126465 35.2258720397949 34.0589790344238 34.6172752380371 36.1655654907227 37.443977355957 37.9795875549316 37.5163192749023 38.0988235473633 38.3003540039062 37.9084663391113 37.8893280029297 38.0128974914551 38.4667739868164 38.4424209594727 37.9057006835938 37.2552452087402 37.6253852844238 37.8887329101562 38.3121910095215 38.3373870849609 38.2925605773926 38.2657356262207 38.2675857543945 38.1970748901367 38.1285362243652 37.936954498291 37.6933326721191 37.1569862365723 36.7829284667969 36.7474403381348 36.9746704101562 37.4015731811523
33.3768310546875 33.6412124633789 33.5239219665527 33.4752082824707 32.5605926513672 33.3748397827148 32.3872756958008 31.1096687316895 30.4930229187012 30.8825168609619 30.5391311645508 31.225902557373 32.0211219787598 33.9259910583496 34.2510299682617 33.8810844421387 36.014331817627 36.9493522644043 37.6759605407715 38.1420478820801 38.419734954834 38.4636154174805 38.4068374633789 38.3181457519531 38.1020011901855 38.3906059265137 38.5150413513184 38.401123046875 38.0284156799316 37.3956527709961 37.4884376525879 38.0522613525391 38.2645645141602 37.8051643371582 38.1738586425781 38.2888603210449 38.2702331542969 38.2365875244141 38.1976356506348 38.0941162109375 37.8049087524414 37.0561599731445 37.3974189758301 37.4445762634277 37.359001159668 37.3038101196289
32.6829299926758 32.9882469177246 32.8236274719238 33.0964546203613 33.1824569702148 33.1918067932129 32.7973289489746 31.6563167572021 31.7479629516602 31.8467445373535 30.8006744384766 30.5917549133301 31.5555686950684 33.8712539672852 34.4144897460938 34.9505386352539 35.0185928344727 35.8639793395996 37.6771507263184 38.2529792785645 38.4494018554688 38.3913421630859 38.2430305480957 38.194995880127 38.3478088378906 38.4262619018555 38.4009628295898 38.0146331787109 37.090503692627 37.2636222839355 37.5907211303711 38.3699951171875 38.1030883789062 37.5425491333008 38.223876953125 38.1566314697266 38.1869506835938 38.246150970459 38.1548805236816 37.877311706543 37.2945861816406 36.0341148376465 35.7817115783691 36.8296203613281 37.197566986084 37.5087661743164
33.3722648620605 32.8765449523926 32.7088241577148 32.8755264282227 33.0113830566406 32.9273223876953 32.4490165710449 32.056884765625 32.643424987793 31.9317760467529 31.7844905853271 31.7674617767334 32.589241027832 33.7875556945801 33.9586906433105 34.7249412536621 35.7290306091309 36.8668899536133 37.7749214172363 38.1809768676758 38.5174903869629 38.483512878418 37.9946670532227 37.7148323059082 37.939826965332 37.8012199401855 37.9044494628906 38.0727233886719 37.967155456543 37.9537162780762 38.2663650512695 38.5243911743164 37.907829284668 37.8255805969238 38.398063659668 37.8974533081055 38.0370826721191 38.0005683898926 38.0797958374023 37.7871131896973 36.3666496276855 35.6346282958984 35.0477752685547 36.8351745605469 37.4021072387695 37.2382621765137
33.8058929443359 32.567497253418 32.5149688720703 32.6260643005371 32.7637977600098 32.6280174255371 32.6334609985352 33.1943740844727 32.8224411010742 32.0379447937012 33.2220993041992 33.7093849182129 33.9092025756836 33.261775970459 33.2927742004395 34.3945007324219 35.7092742919922 37.043701171875 37.1397361755371 37.933406829834 38.3935737609863 38.404655456543 37.9372940063477 37.7020378112793 36.9240646362305 37.4788627624512 37.9922218322754 38.146598815918 38.3832397460938 38.3961944580078 38.5782470703125 38.5117950439453 38.4814682006836 38.5134582519531 38.4726638793945 38.2311630249023 37.3015785217285 37.903003692627 38.0968971252441 38.0527801513672 38.0105361938477 36.7571983337402 36.6030616760254 37.9157333374023 38.1961822509766 38.1806678771973
33.8593788146973 32.8350868225098 32.4804954528809 32.4012870788574 32.6126518249512 32.4273452758789 33.1091804504395 34.8348770141602 33.9295654296875 33.2153129577637 35.1660079956055 35.8641967773438 35.4770851135254 33.4353981018066 33.8696632385254 33.9894714355469 35.9900321960449 36.061092376709 35.9363822937012 36.8565979003906 37.9999694824219 38.2194709777832 37.9008255004883 37.8965911865234 37.7711410522461 37.4390678405762 37.5168037414551 37.6657600402832 38.3533668518066 38.3221092224121 38.4106101989746 38.2130355834961 38.4179916381836 38.5704231262207 38.2877998352051 38.2678565979004 37.6056900024414 37.7371711730957 38.0139617919922 37.857292175293 38.2714767456055 38.2799186706543 38.1884727478027 38.2366943359375 38.3520431518555 38.2376708984375
33.5664939880371 32.8910522460938 32.6704139709473 32.8521499633789 32.7799758911133 32.887638092041 33.3326034545898 35.561840057373 35.7583084106445 34.3769187927246 36.4174690246582 37.3830795288086 36.658618927002 35.4214172363281 35.3505973815918 35.9743881225586 36.6634140014648 37.133674621582 37.4566268920898 37.7658309936523 37.9898986816406 37.7185859680176 36.388053894043 36.674503326416 37.2053871154785 36.8316802978516 37.048999786377 37.9003639221191 38.2797317504883 38.4861907958984 37.4228515625 37.3957633972168 38.2159461975098 38.5199089050293 38.0459861755371 38.0722732543945 37.2821807861328 37.8056945800781 38.0136833190918 37.8740043640137 38.3370018005371 38.4270248413086 38.4571990966797 38.4599914550781 38.409351348877 38.1034812927246
33.5920486450195 33.1750144958496 33.1254501342773 33.2919082641602 33.5007438659668 33.6618461608887 34.5103759765625 36.3052940368652 36.1901550292969 35.7045516967773 37.1428031921387 38.2708015441895 37.4416656494141 36.291561126709 35.7451286315918 37.482250213623 37.8475799560547 38.0600280761719 38.2667121887207 38.2945327758789 37.8814353942871 37.6097030639648 37.7193336486816 37.1701431274414 37.507007598877 37.9766578674316 38.1958084106445 38.2773551940918 38.4904479980469 38.4220695495605 36.812183380127 37.5276489257812 38.3769454956055 38.3039093017578 37.8779678344727 37.834041595459 37.6788215637207 38.1954116821289 38.2292060852051 38.242805480957 38.2136192321777 38.3828544616699 38.4365501403809 38.4521675109863 38.3829307556152 38.3446388244629
33.5434875488281 33.2369766235352 33.8187980651855 34.622802734375 34.7463912963867 35.250732421875 36.3689918518066 37.000675201416 36.3888473510742 36.7847099304199 38.2310752868652 38.7511749267578 38.1927375793457 37.158878326416 36.3928031921387 37.4569511413574 37.4575386047363 37.7597503662109 38.5080604553223 38.7137298583984 38.412353515625 38.0606880187988 38.4049301147461 38.211799621582 38.0828018188477 38.5549087524414 38.4543800354004 38.3742828369141 38.6370658874512 38.4105949401855 37.7952423095703 38.2649383544922 38.4467811584473 38.1436996459961 37.2062797546387 37.1622085571289 37.4944343566895 38.2298164367676 37.9404716491699 37.9234962463379 37.9437599182129 38.241340637207 38.2270050048828 38.2937393188477 38.1511688232422 38.2947654724121
33.6129837036133 33.816707611084 35.0221710205078 35.8046798706055 36.5326919555664 37.5180473327637 38.1629600524902 37.4550704956055 35.5034599304199 36.155647277832 37.7035102844238 38.8175354003906 38.3811721801758 38.0404396057129 37.1281394958496 38.1245079040527 38.2796592712402 37.6570053100586 38.4473571777344 38.8008346557617 38.7501258850098 38.2982406616211 38.6407089233398 38.7476539611816 38.5932426452637 38.6800498962402 38.4934387207031 37.7281684875488 38.5425567626953 38.6897277832031 38.6108322143555 38.4927291870117 38.1757659912109 37.8364334106445 36.9903907775879 37.0430488586426 37.8102836608887 37.7485389709473 37.6071891784668 37.4211769104004 37.5663528442383 37.8787078857422 37.6850547790527 38.0522537231445 37.5881385803223 37.989631652832
