inst/extdata/Tmax/Tmax24.asc
NCOLS 100 
NROWS 79 
XLLCORNER 148.06 
YLLCORNER -21.49 
CELLSIZE 0.01 
NODATA_value -3.4e+38 
[rows 20 to 39 of 79, columns 46 to 91 of 100]
29.2306385040283 27.7294692993164 27.3437442779541 28.3799648284912 28.0649909973145 27.7621555328369 26.7231349945068 25.8474960327148 27.7919921875 29.1694488525391 29.5552215576172 29.9637279510498 29.8183746337891 30.326301574707 29.3086528778076 29.8550319671631 29.9487533569336 30.2219123840332 31.3729877471924 31.1540679931641 32.9541244506836 35.097282409668 36.0426826477051 35.6415824890137 34.1166458129883 34.4746780395508 35.191234588623 33.6169319152832 32.6342849731445 33.5795593261719 32.7212524414062 33.3107414245605 33.6879653930664 34.5933990478516 34.2539291381836 32.7797622680664 32.1557312011719 31.9728717803955 33.3481712341309 34.6558647155762 33.6580390930176 34.1691398620605 33.425708770752 33.021167755127 33.0468902587891 33.7431526184082
31.6923351287842 26.8370914459229 26.498384475708 27.4869022369385 27.2328147888184 26.5901584625244 27.3933925628662 26.202299118042 26.9165000915527 28.8066272735596 30.6356868743896 28.4550132751465 27.996280670166 29.749454498291 28.449426651001 28.4910449981689 29.1120872497559 30.3484992980957 30.109582901001 30.5961837768555 33.0881423950195 35.4006423950195 30.1586818695068 30.0447063446045 33.3831329345703 34.953540802002 36.0544967651367 32.5192565917969 33.3616905212402 32.225154876709 32.4476890563965 32.3442840576172 32.8940353393555 32.4187965393066 33.8830795288086 33.6270904541016 33.5071220397949 33.6779251098633 32.7924194335938 35.9211502075195 34.642822265625 33.3682594299316 32.1695327758789 31.460485458374 30.7396430969238 30.9618129730225
32.6001205444336 28.6332054138184 27.4523811340332 27.2244129180908 26.4185943603516 27.2473487854004 26.6091423034668 27.1159687042236 26.4725589752197 27.1645927429199 29.0109081268311 29.2868366241455 28.3854446411133 28.2840309143066 28.1713790893555 28.6590042114258 29.2734832763672 29.6830406188965 28.764612197876 29.6682758331299 35.1126976013184 33.2748489379883 29.9609451293945 29.2868556976318 29.6670551300049 29.7849407196045 32.6668357849121 35.1775932312012 31.9641914367676 34.6835098266602 35.5267143249512 36.8082695007324 33.921012878418 32.7832908630371 33.6807289123535 34.1616744995117 35.5037727355957 35.107723236084 36.308406829834 34.4098777770996 33.3746681213379 34.1897354125977 33.4390525817871 33.5218620300293 29.6233539581299 29.6816539764404
32.6028633117676 28.4733715057373 28.3035469055176 27.3006534576416 25.5313568115234 26.8755931854248 27.5573425292969 26.914119720459 26.8800468444824 27.13698387146 28.0265636444092 27.4006061553955 28.3195381164551 27.6730403900146 31.8628768920898 32.9876899719238 28.8846244812012 29.1837921142578 28.4887542724609 29.4780406951904 33.7689628601074 32.3420791625977 31.1230506896973 28.6977005004883 29.2465209960938 29.8145179748535 30.0120868682861 33.9642181396484 33.3335342407227 31.7458400726318 32.9741706848145 33.1419830322266 33.5952301025391 33.1602439880371 33.0828094482422 33.2468223571777 34.1950302124023 35.3927574157715 35.5986480712891 35.4347229003906 34.9704704284668 34.4333724975586 33.0399932861328 33.2542915344238 31.6582412719727 29.0757732391357
31.3984527587891 31.5403690338135 31.6114521026611 28.2409343719482 28.014476776123 27.2441062927246 26.8231658935547 26.9115161895752 27.5132389068604 26.9326190948486 27.2238254547119 26.7681083679199 28.1917610168457 34.8788986206055 28.0173988342285 28.9423561096191 29.6400623321533 29.7987365722656 29.3997497558594 30.6319103240967 33.2904930114746 33.0466461181641 30.2596607208252 29.5011959075928 29.5028190612793 30.050853729248 29.7507572174072 29.8248519897461 29.7183818817139 33.4651985168457 35.1584854125977 34.3772506713867 33.0027389526367 33.6569404602051 32.3130989074707 31.912015914917 34.4780082702637 29.624605178833 34.3752479553223 35.309139251709 35.5269470214844 33.4812545776367 35.5576477050781 34.4469833374023 33.0207252502441 30.8760776519775
26.4683876037598 27.3127346038818 28.0106086730957 27.932336807251 27.3603191375732 26.5234966278076 26.156436920166 25.800500869751 26.8725128173828 27.2701206207275 26.9817523956299 26.9193382263184 28.3787784576416 29.4008712768555 29.3779926300049 29.3522834777832 29.4201641082764 32.2873153686523 33.5663146972656 30.6577529907227 30.5519218444824 30.5325584411621 29.3012866973877 29.0848236083984 29.2723846435547 29.855110168457 29.9288635253906 29.3167591094971 32.6103057861328 30.5768451690674 35.0819244384766 34.1057662963867 35.161808013916 32.3456535339355 33.0270233154297 31.8368148803711 33.440746307373 31.6134738922119 31.8422927856445 35.2917137145996 31.5123844146729 29.1822738647461 28.9979438781738 33.6734352111816 34.2056083679199 31.6526508331299
26.275053024292 26.316951751709 26.7902565002441 27.2004661560059 27.4275608062744 25.4670143127441 25.1837100982666 25.9258708953857 26.4860038757324 27.1131114959717 27.2868347167969 27.8053684234619 29.202657699585 29.961893081665 29.9131488800049 30.0956802368164 31.4763011932373 31.539379119873 31.6102333068848 30.5188598632812 30.2407321929932 31.5195064544678 31.6514549255371 31.2700691223145 33.9948654174805 29.6319580078125 32.2075691223145 31.668420791626 30.2207298278809 29.5974445343018 29.1787757873535 36.6103019714355 31.8591976165771 32.4609756469727 34.0160255432129 32.9999580383301 33.6146011352539 32.509033203125 29.7657737731934 30.0808067321777 35.0262184143066 33.6553916931152 29.9003410339355 29.4318504333496 33.479850769043 32.6674118041992
26.7518939971924 26.1635627746582 26.3419780731201 26.4438419342041 26.8975448608398 25.1862316131592 24.9278259277344 24.9592914581299 26.3455371856689 27.1416988372803 26.6925411224365 26.8078575134277 28.1138496398926 28.9340591430664 29.9932060241699 29.6336402893066 30.1667633056641 31.6133651733398 30.4779586791992 29.5398273468018 30.3585472106934 31.5074596405029 33.3600006103516 35.8491401672363 35.3537979125977 35.2737693786621 31.3555240631104 32.2799339294434 30.5094165802002 29.7913951873779 29.7192459106445 34.8417358398438 33.0959053039551 31.6892719268799 32.4166564941406 32.4886512756348 32.5135383605957 33.2553443908691 30.1178112030029 29.0876369476318 28.8272018432617 28.4425716400146 32.5693435668945 28.9671840667725 29.8591194152832 31.6927471160889
27.5065479278564 26.845817565918 26.9262847900391 26.4337100982666 26.5586738586426 25.2877197265625 26.3697490692139 25.9850749969482 26.3040180206299 26.4246044158936 26.5531482696533 26.7953205108643 26.8187580108643 28.2286643981934 29.3861598968506 29.1490688323975 30.2301197052002 31.1357192993164 30.4097175598145 29.3800811767578 29.5648994445801 33.3356285095215 34.1310386657715 35.8479309082031 35.3852844238281 36.3968315124512 32.6924514770508 34.9807167053223 32.4340133666992 29.5689849853516 29.7009449005127 33.6402397155762 33.615478515625 33.2927932739258 31.3875865936279 32.1448631286621 33.3896217346191 33.4478797912598 35.4452438354492 32.5475692749023 34.7985916137695 33.6044883728027 28.5425834655762 29.053092956543 34.1565361022949 33.0054626464844
28.2646827697754 28.1981983184814 27.6337032318115 27.7320194244385 26.9937686920166 26.7119941711426 26.7174053192139 25.6997928619385 26.1597957611084 26.0136528015137 25.3075675964355 26.3906574249268 26.6085414886475 28.2571544647217 28.7567920684814 27.8691864013672 29.1599197387695 29.5746765136719 29.5487766265869 29.8356342315674 29.786937713623 31.2279834747314 31.7191162109375 34.0875244140625 36.2345886230469 34.3082008361816 34.1966514587402 32.5233001708984 32.9619369506836 29.5206432342529 29.603536605835 32.1222763061523 33.0091781616211 31.5872402191162 33.1199645996094 31.1898307800293 33.2291603088379 31.8891639709473 34.0209350585938 30.3695106506348 29.4085254669189 28.9852046966553 31.0879726409912 28.3836479187012 29.849157333374 31.2468719482422
27.1622982025146 26.9737205505371 27.184175491333 27.0287952423096 26.9581203460693 26.9710922241211 25.7962856292725 25.8188915252686 25.2193412780762 25.7307910919189 24.7675724029541 26.1768932342529 25.6860046386719 27.1712684631348 28.0370082855225 27.0551376342773 27.3243656158447 29.1067218780518 29.804557800293 31.2207851409912 30.4201068878174 30.8099975585938 31.8098449707031 32.4517288208008 32.5537490844727 33.0312194824219 33.7021484375 34.9697875976562 35.1702766418457 33.9056854248047 31.4076290130615 32.5539283752441 33.4774398803711 32.9032020568848 35.0150947570801 35.8270416259766 32.696849822998 31.5070362091064 31.7024822235107 32.5447425842285 31.9140510559082 31.1622219085693 29.0261993408203 33.5483741760254 34.016357421875 30.8388156890869
26.4096908569336 26.9716548919678 27.1314449310303 27.0385341644287 26.2531089782715 27.0393257141113 25.9976692199707 25.0317840576172 24.4331550598145 24.2861480712891 24.4067287445068 24.8937950134277 32.1758079528809 27.4464664459229 27.154712677002 27.0129833221436 28.6628742218018 29.5099468231201 29.9721488952637 30.4300403594971 33.4636116027832 32.2010383605957 32.5962028503418 32.1211357116699 32.7849655151367 34.0858993530273 36.1944122314453 33.8375358581543 34.5636749267578 31.6283626556396 29.818359375 32.7885246276855 32.9417686462402 31.6877708435059 34.1500015258789 35.9416580200195 34.867992401123 31.7048015594482 32.2758674621582 34.7624092102051 30.3456363677979 29.7138767242432 31.4025478363037 30.8950614929199 33.2569389343262 32.7660522460938
26.3484840393066 26.7082080841064 26.6903190612793 26.9449787139893 26.9207859039307 26.8269023895264 26.716136932373 25.6813812255859 25.2886524200439 25.3179683685303 24.448335647583 24.5236339569092 25.3644275665283 27.1729145050049 27.0969123840332 27.9711360931396 28.3668556213379 28.762451171875 29.8135929107666 30.3030090332031 31.7220096588135 31.6617889404297 31.7172451019287 31.4682388305664 32.2670478820801 34.1830978393555 36.073055267334 32.8400573730469 29.7495212554932 29.7773208618164 29.8246879577637 33.5651741027832 35.1194648742676 31.758415222168 34.0769424438477 35.7356338500977 31.9818744659424 31.9329719543457 33.132999420166 34.1148376464844 34.526611328125 34.2657241821289 28.0402030944824 28.7648811340332 28.6802806854248 28.8996543884277
26.5650691986084 25.9219970703125 26.161434173584 26.7564716339111 26.8534698486328 26.775936126709 26.415189743042 25.9624099731445 26.3427829742432 25.9449214935303 25.6074237823486 25.4745063781738 26.4940929412842 26.9411392211914 26.7107429504395 28.061637878418 28.6904277801514 29.2092151641846 29.7939834594727 29.9632110595703 32.7397422790527 35.5424118041992 36.9728469848633 30.4927597045898 30.4310131072998 30.4750823974609 30.1968536376953 32.7623825073242 31.8088245391846 33.4028816223145 32.6997337341309 33.1169204711914 32.1918525695801 34.0487937927246 34.2924118041992 29.9809951782227 33.1544418334961 32.9209327697754 34.5484046936035 34.6658248901367 32.0046691894531 33.3279190063477 32.7370376586914 30.9887161254883 30.9574871063232 30.4636745452881
27.581428527832 26.393627166748 26.2543125152588 25.8708305358887 26.6191539764404 26.5137920379639 26.4675273895264 27.0926647186279 26.6996784210205 25.941255569458 26.4041175842285 26.820707321167 27.2706985473633 26.2101554870605 26.5857601165771 27.5879173278809 29.0063133239746 29.857593536377 29.2491035461426 30.2484588623047 32.2281188964844 35.1341171264648 35.8605842590332 30.4522819519043 29.7816047668457 29.9896144866943 30.4462051391602 30.4949550628662 32.0411338806152 32.2648124694824 34.9605522155762 36.305980682373 36.8759384155273 34.4822998046875 35.3832550048828 32.1114768981934 33.3213577270508 33.4937019348145 32.6558380126953 33.6762847900391 34.3414192199707 31.9173412322998 29.5134506225586 31.9555530548096 31.4991550445557 32.3190879821777
27.298713684082 26.535717010498 26.2970714569092 26.3226108551025 26.5090827941895 26.4027557373047 26.9025230407715 27.8671646118164 33.2503395080566 26.066987991333 28.0146522521973 28.4870834350586 28.4893913269043 26.4439144134521 27.1658115386963 27.2679824829102 28.3865432739258 28.8086071014404 28.7488956451416 29.7241878509521 30.3250503540039 30.8723640441895 32.7091407775879 35.8137321472168 30.8075714111328 30.2170066833496 29.6535396575928 29.7876377105713 32.7266883850098 36.984676361084 33.175968170166 30.3425216674805 36.045970916748 34.1263236999512 33.872200012207 30.5684375762939 32.6903610229492 31.9349937438965 35.5042419433594 35.138557434082 33.188533782959 33.216251373291 32.6830863952637 32.7562828063965 32.7946128845215 34.1504440307617
26.733606338501 26.5527954101562 26.3325481414795 26.6255168914795 26.6954593658447 26.8530349731445 26.9854774475098 28.6060447692871 28.6307582855225 27.2361488342285 29.306921005249 29.7816390991211 29.4818820953369 28.1361389160156 28.2524242401123 28.8065071105957 29.2486705780029 29.8222045898438 30.0389308929443 30.1984386444092 30.4339447021484 30.8566131591797 29.1938362121582 29.2574825286865 29.7166118621826 29.2827472686768 29.6406555175781 35.2132225036621 32.8284950256348 36.4492454528809 29.8799457550049 29.2392024993896 29.8181133270264 33.4501113891602 34.1750984191895 32.9659767150879 31.4954586029053 32.7525215148926 32.4110450744629 33.386962890625 34.5099067687988 35.3395195007324 35.1241836547852 34.8601989746094 33.6466522216797 34.0369873046875
26.8601036071777 27.5750408172607 26.4990100860596 26.9638061523438 26.9940528869629 27.6397094726562 28.0159244537354 31.1879215240479 29.2241497039795 28.9863510131836 29.8720455169678 30.5898113250732 29.9892597198486 29.2363262176514 29.4238929748535 30.2379474639893 30.5672721862793 30.5064010620117 31.6121635437012 31.2755088806152 32.8277549743652 31.3012428283691 30.4538917541504 29.9928455352783 30.245626449585 30.4696350097656 33.0522727966309 32.0652351379395 31.8618583679199 32.0822334289551 31.1829700469971 32.0007934570312 30.7602233886719 33.2448501586914 30.1302967071533 33.6300430297852 34.6062126159668 34.3420944213867 34.2332191467285 31.5860481262207 32.1382179260254 33.5943603515625 32.6940879821777 33.8543663024902 34.3732948303223 34.4133338928223
28.3277168273926 28.2237281799316 26.968879699707 27.9720325469971 28.0272350311279 28.260383605957 28.7930126190186 30.0051670074463 29.0809688568115 29.5526943206787 31.0831680297852 32.5626602172852 30.7243614196777 29.9748249053955 29.2905693054199 30.0661582946777 29.9643669128418 30.4068069458008 31.2096977233887 35.7402153015137 31.1481151580811 31.5460262298584 33.6426696777344 33.0083160400391 32.8001861572266 32.3596420288086 34.0393676757812 33.2792053222656 33.7575759887695 33.2232704162598 31.7067050933838 32.2593688964844 34.0500068664551 33.8250427246094 30.0720958709717 29.3632373809814 29.69118309021 30.6980381011963 30.2740497589111 32.3050003051758 35.8368759155273 35.3213195800781 32.3076057434082 31.6103172302246 30.1066913604736 30.2440891265869
27.5413284301758 27.527027130127 27.6715908050537 29.0134983062744 29.4721736907959 29.8879051208496 30.8580627441406 29.473030090332 28.8169822692871 29.1667575836182 29.6531085968018 31.4702568054199 31.1175899505615 30.7335987091064 29.8488636016846 32.1259574890137 31.8483905792236 34.0799674987793 36.3031959533691 34.0557899475098 34.3027458190918 33.1329345703125 32.4165077209473 32.7791633605957 32.9099502563477 32.4594955444336 32.4479446411133 32.3749580383301 32.7025527954102 33.7310409545898 33.0772552490234 32.5107421875 30.4568309783936 30.258394241333 29.3150329589844 32.4532623291016 33.5677795410156 30.0055198669434 29.972375869751 29.8164405822754 29.6310234069824 32.2286605834961 31.7695693969727 32.8354911804199 31.4865303039551 30.8152294158936
