inst/extdata/Tmax/Tmax30.asc
NCOLS 100 
NROWS 79 
XLLCORNER 148.06 
YLLCORNER -21.49 
CELLSIZE 0.01 
NODATA_value -3.4e+38 
[rows 0 to 19 of 79, columns 0 to 45 of 100]
33.285816192627003 33.387149810791 32.7243576049805 33.6933555603027 33.6952323913574 33.9532928466797 33.9404296875 33.6559753417969 33.4071235656738 33.5611534118652 33.1468505859375 33.1466484069824 33.1521530151367 32.1041221618652 32.5106887817383 32.8433456420898 33.0262069702148 33.065315246582 31.737096786499 31.1928653717041 30.288745880127 28.9619216918945 29.4199161529541 30.7168521881104 31.3003597259521 31.9045028686523 31.490795135498 31.445369720459 31.7082786560059 31.3327026367188 29.317081451416 27.4966011047363 25.4665126800537 25.605827331543 24.4249095916748 23.1708087921143 22.7421722412109 22.4494953155518 23.0656719207764 24.8457813262939 26.4013404846191 26.6780967712402 27.1387577056885 32.6226654052734 32.1928977966309 31.1359310150146
33.9368095397949 32.9273910522461 31.5682773590088 32.2619018554688 32.2738914489746 33.250358581543 33.6696357727051 33.8031234741211 34.3436393737793 34.4319915771484 33.859561920166 32.908748626709 33.5242347717285 32.5020713806152 32.7797775268555 32.4454727172852 33.2286071777344 33.0208129882812 32.2795104980469 31.3834419250488 31.5700798034668 30.7647647857666 30.4976940155029 30.8959980010986 31.3216171264648 31.8088665008545 32.1728744506836 32.1325416564941 31.8119297027588 31.3690090179443 30.3028011322021 28.4351711273193 26.1618690490723 28.4650363922119 25.2605113983154 23.9904041290283 23.4037609100342 24.3267726898193 25.3648204803467 26.080717086792 27.270959854126 27.2220821380615 30.3736381530762 31.154598236084 31.7536907196045 30.6006660461426
33.7627372741699 32.8439102172852 32.8550643920898 33.3915100097656 32.7801361083984 33.1197319030762 33.5053291320801 33.9694480895996 34.3518218994141 34.4349937438965 33.9383354187012 33.1980895996094 33.5073356628418 33.0675048828125 32.513671875 32.5457916259766 32.620792388916 32.8975982666016 32.1175231933594 31.6226100921631 31.1120147705078 31.3927459716797 30.8989143371582 31.1802215576172 31.9592418670654 32.1160850524902 32.1121292114258 32.0809707641602 32.2717475891113 31.7246112823486 31.9614562988281 30.6106491088867 31.6180095672607 28.5436191558838 30.5246047973633 24.6271152496338 23.6524314880371 23.3758296966553 24.4377593994141 25.459789276123 26.9481182098389 32.9964790344238 32.841739654541 29.4259719848633 29.2588081359863 31.7947578430176
34.2890815734863 34.097095489502 33.1684761047363 34.1642112731934 33.4287147521973 32.9362869262695 33.5025939941406 33.8899383544922 34.1820373535156 34.3639869689941 34.1539497375488 33.6259422302246 33.5249290466309 33.5353469848633 33.2009658813477 33.1373176574707 33.232780456543 32.7874031066895 32.5934944152832 31.6212310791016 31.3734683990479 31.1220512390137 31.2134170532227 31.2278423309326 31.8129634857178 32.0111808776855 31.9683742523193 31.9432926177979 31.6264019012451 30.8636913299561 31.0086421966553 32.0622406005859 30.7691555023193 28.7098617553711 24.8164043426514 23.9433097839355 24.1167659759521 23.5750045776367 23.5354099273682 23.0906925201416 24.592924118042 26.6027946472168 29.9583053588867 33.4601211547852 27.6389636993408 27.6934928894043
34.917106628418 34.1738204956055 34.0316963195801 34.5259704589844 34.1451950073242 33.7086601257324 33.0935859680176 33.9936904907227 34.8050422668457 34.1109771728516 34.2936668395996 33.9622039794922 33.9003486633301 33.775577545166 33.3259391784668 32.967357635498 32.9621620178223 32.4303283691406 31.7648754119873 31.0227966308594 31.0368385314941 31.5072193145752 31.5221328735352 31.7349700927734 31.440092086792 31.3851757049561 32.5361366271973 31.7912158966064 31.6576690673828 31.8780517578125 31.2231845855713 31.4203548431396 30.6698474884033 29.8231029510498 30.3722743988037 25.4429588317871 24.9637393951416 24.4921188354492 23.1844539642334 23.1469268798828 23.0119342803955 26.2743682861328 29.2491512298584 31.1957187652588 27.1471576690674 26.3762435913086
35.4197273254395 34.8251342773438 34.1467323303223 34.4308242797852 34.6144676208496 34.0770454406738 34.0552024841309 34.2594680786133 34.4277420043945 34.2544364929199 34.1331672668457 34.5283813476562 34.0710334777832 33.5967788696289 32.7214012145996 32.9740295410156 32.901538848877 32.1461601257324 31.4643173217773 30.8986377716064 30.9424705505371 31.5850982666016 31.6541919708252 31.5779895782471 32.3305702209473 31.9398612976074 32.0576858520508 31.0990886688232 30.9163722991943 30.3280124664307 29.4087467193604 30.3743534088135 31.0357856750488 30.1812400817871 29.7707462310791 30.0921669006348 25.563455581665 25.0298767089844 24.5293140411377 24.0303401947021 23.2163467407227 25.3908920288086 30.3091087341309 29.2424850463867 27.3920040130615 24.9031200408936
34.4486122131348 35.0592880249023 34.9588317871094 35.2493896484375 34.726806640625 34.4106750488281 33.5465774536133 33.820556640625 34.3815536499023 34.5502052307129 34.7895240783691 34.7995338439941 33.8107643127441 33.2687568664551 33.1859664916992 33.2180023193359 32.7213935852051 32.021110534668 31.5443439483643 31.0248680114746 30.4578475952148 31.1233024597168 31.5705986022949 31.7989559173584 32.0810852050781 32.4396171569824 32.3349952697754 31.501049041748 31.305685043335 29.6100597381592 28.7416725158691 27.9162349700928 29.1002407073975 29.893575668335 29.7879009246826 29.3548717498779 25.8944568634033 24.2723503112793 24.3596782684326 24.2397556304932 24.1889095306396 25.716100692749 31.1748504638672 32.204776763916 27.6466407775879 30.5784378051758
35.1055641174316 34.5832328796387 35.3527755737305 35.4740371704102 34.8472557067871 34.6109428405762 33.6370010375977 33.7527198791504 34.2792472839355 34.4330825805664 34.3685302734375 34.1947784423828 33.4616432189941 33.9419631958008 33.7869644165039 32.5879364013672 32.2722663879395 31.5516815185547 32.0373229980469 30.8621425628662 29.9013080596924 30.4686431884766 30.9427795410156 31.9096336364746 32.1523551940918 32.4149856567383 32.2033233642578 31.2823677062988 30.8849983215332 30.4361000061035 28.3976898193359 27.9364356994629 28.6420478820801 28.4024276733398 28.9196319580078 29.2238845825195 25.1937885284424 24.351016998291 23.9912776947021 24.4217071533203 24.5463962554932 25.5332107543945 26.4769153594971 27.4677543640137 27.556661605835 25.5819091796875
34.3923072814941 35.0036430358887 34.6619453430176 34.8189086914062 34.7393112182617 34.7148704528809 34.3261413574219 33.6067428588867 33.9738388061523 34.352367401123 34.4750862121582 34.8858795166016 35.1181526184082 33.987621307373 33.6108665466309 32.3896255493164 32.1808700561523 32.103199005127 32.3156585693359 31.0635566711426 31.0578117370605 30.6745147705078 31.0009231567383 31.8242797851562 32.2668037414551 32.5379447937012 31.6348915100098 30.0914630889893 30.5380325317383 30.389274597168 29.3759346008301 28.4283924102783 28.1242713928223 27.4532241821289 29.9895610809326 27.9942111968994 28.8678455352783 29.1492462158203 24.1461277008057 23.994140625 24.0535087585449 24.230073928833 24.6705551147461 26.1269092559814 26.7051105499268 25.5066299438477
33.7952117919922 34.670711517334 34.8776397705078 35.3563613891602 34.7285957336426 34.8131256103516 34.3669395446777 33.9110298156738 34.1116256713867 34.0093078613281 34.4137954711914 34.4922637939453 33.4887962341309 33.3932495117188 33.350399017334 33.1084938049316 32.9406471252441 32.6487197875977 32.1303367614746 31.9881706237793 32.0033073425293 31.1797847747803 31.5630416870117 32.303539276123 32.9841690063477 32.8807907104492 31.8032550811768 31.2354164123535 30.5169143676758 29.4086017608643 28.6176452636719 28.2498550415039 28.2913589477539 28.9432010650635 29.356466293335 27.6770153045654 24.6840496063232 28.0093975067139 24.7019271850586 23.7536544799805 23.7367858886719 23.4020347595215 23.9721946716309 24.9585456848145 24.9796466827393 24.7410907745361
34.1603927612305 35.139331817627 34.9699478149414 34.4536170959473 35.1949462890625 35.3592071533203 34.8056831359863 34.2623252868652 34.3444023132324 34.3015594482422 34.6252555847168 34.0932006835938 33.8504104614258 32.7788772583008 32.9165191650391 32.9196319580078 32.8548393249512 32.9794044494629 32.5933113098145 32.5634841918945 31.4621295928955 31.4134521484375 31.2403964996338 32.0791435241699 32.335865020752 33.1686325073242 31.5765190124512 29.7809143066406 29.0877094268799 28.8961429595947 28.5038661956787 28.9509449005127 29.6245880126953 29.5628070831299 29.0516891479492 27.2795143127441 24.8392963409424 24.5228595733643 24.533088684082 23.7554836273193 23.8485126495361 23.3928489685059 23.2642040252686 23.9861927032471 24.438138961792 24.7391033172607
34.6728134155273 34.0819206237793 34.6365394592285 34.7695770263672 34.8413467407227 35.7805023193359 35.0926666259766 34.3835334777832 34.1901397705078 34.428050994873 34.1308937072754 34.6242218017578 34.2939109802246 33.7806701660156 33.5490951538086 33.3109092712402 33.5044059753418 33.2995071411133 33.0923118591309 32.4412078857422 31.6651802062988 31.2399368286133 31.6849174499512 31.6368198394775 31.46604347229 32.0260963439941 30.5570774078369 29.8386173248291 29.3143997192383 29.5626640319824 29.8432807922363 29.8218250274658 29.752857208252 29.2692070007324 29.1889781951904 28.1191177368164 28.9074954986572 23.9279708862305 24.5265789031982 24.755931854248 24.5521774291992 24.2394390106201 23.3836822509766 24.115364074707 24.3490962982178 24.4077548980713
34.783031463623 34.8335990905762 34.8159217834473 35.5236930847168 35.3988571166992 35.47119140625 34.8164100646973 34.1356544494629 34.4596633911133 35.4041213989258 34.4229507446289 34.7731628417969 34.111457824707 34.588623046875 34.1256484985352 33.8165664672852 34.3047065734863 33.7799606323242 33.5238761901855 32.288818359375 32.0914459228516 32.4832153320312 32.5207099914551 32.9406471252441 32.805477142334 32.3040428161621 31.9338092803955 31.1501770019531 30.3544063568115 30.0463962554932 30.8827533721924 30.5983123779297 30.4388675689697 29.9688529968262 28.646858215332 27.9301376342773 26.7997989654541 28.1310386657715 27.0248489379883 25.3490867614746 23.9114761352539 23.6660652160645 23.2670593261719 23.0156097412109 24.6636714935303 24.9857711791992
35.4146308898926 35.6190643310547 34.3241882324219 34.8160095214844 34.3955078125 34.4135284423828 35.159309387207 34.5963821411133 34.8150939941406 34.7484436035156 34.7026176452637 34.5290069580078 34.1708602905273 33.7222213745117 34.0616416931152 33.6768074035645 34.0528106689453 33.7732734680176 33.5882453918457 32.9391479492188 33.147632598877 33.2114105224609 32.9641952514648 33.0781860351562 32.3583984375 30.731071472168 30.3286914825439 30.3025913238525 29.6299095153809 30.0052700042725 30.8771457672119 30.6682758331299 30.2197685241699 29.4622249603271 28.8000736236572 30.3541965484619 28.8694915771484 25.1751174926758 29.2854518890381 30.6287517547607 29.8667316436768 25.3007030487061 24.4090900421143 24.2366580963135 24.7599830627441 25.5703868865967
34.0080108642578 34.1509971618652 34.6292724609375 35.0467224121094 34.8067474365234 34.6215438842773 34.6305503845215 35.3348426818848 34.3107414245605 34.0777015686035 34.1251983642578 33.914134979248 33.338134765625 33.247859954834 33.5357360839844 33.0570526123047 33.831241607666 33.8669815063477 33.7049751281738 33.8033638000488 33.5288696289062 32.9033851623535 32.1981201171875 32.2856292724609 32.1757698059082 32.0230178833008 31.7352485656738 31.1779689788818 30.6400146484375 31.3138084411621 30.6659183502197 31.0208778381348 30.8480987548828 30.88600730896 30.50661277771 29.1270236968994 29.8048076629639 29.360237121582 29.1355361938477 30.5690746307373 30.3024959564209 30.3642730712891 25.2611503601074 24.4252414703369 24.8663444519043 25.8345794677734
32.5175704956055 33.9081497192383 34.7807884216309 34.4839668273926 35.1884498596191 35.1480407714844 34.931697845459 34.5165405273438 35.1046142578125 34.6321487426758 33.2097930908203 33.9093132019043 32.8262939453125 32.0336647033691 33.0552940368652 32.9284706115723 32.3812026977539 32.9894523620605 33.7609786987305 33.5033187866211 33.3584861755371 33.1577377319336 33.0661697387695 33.0472640991211 32.7228050231934 32.3695068359375 32.5681190490723 32.1225700378418 31.9482288360596 31.6319808959961 31.4090824127197 30.7733745574951 30.7697696685791 31.2320880889893 31.0664291381836 30.9562492370605 31.3662643432617 29.7272815704346 31.0416641235352 31.5556621551514 30.8563404083252 29.3901329040527 24.4923820495605 23.5881423950195 24.2062072753906 25.0418300628662
33.6726112365723 32.5938949584961 33.9427757263184 34.9445648193359 33.9600639343262 33.9370727539062 35.1124153137207 34.4014015197754 34.3387145996094 34.6738395690918 33.6256561279297 33.5855484008789 32.4295997619629 31.8374290466309 32.6997108459473 31.6984767913818 31.6001071929932 32.5796546936035 32.6092910766602 32.8509292602539 33.3638343811035 33.3016548156738 32.7701950073242 32.8158798217773 32.1521987915039 31.589298248291 31.0182991027832 31.3954906463623 31.9692478179932 30.9596481323242 30.6112365722656 29.9937896728516 30.2862033843994 31.0750999450684 31.3121204376221 31.0587749481201 31.5841751098633 31.6124229431152 31.1262702941895 30.5944194793701 30.8134803771973 29.2405128479004 28.0590019226074 25.0373821258545 24.5104923248291 25.3091411590576
34.060359954834 33.9098243713379 33.9658050537109 35.1349029541016 34.4063415527344 34.8111343383789 35.3535461425781 35.3848533630371 35.6362609863281 35.3787384033203 35.0617790222168 34.6154403686523 32.6715469360352 32.0639457702637 32.4637985229492 31.929895401001 31.6253643035889 31.4794139862061 30.7921695709229 32.025447845459 32.8515281677246 33.6253929138184 33.8743476867676 33.2704086303711 31.9619655609131 30.4664783477783 29.7350273132324 30.3976020812988 31.3322086334229 30.8866348266602 30.6607055664062 31.4833164215088 31.3714447021484 31.3375568389893 32.0152854919434 31.1211204528809 30.6926250457764 30.6792430877686 31.2156848907471 31.246410369873 31.6336708068848 31.2455444335938 30.0961952209473 29.602596282959 26.7984657287598 26.3881855010986
35.082576751709 33.8593559265137 33.4560890197754 34.0305595397949 34.1755027770996 34.7808380126953 35.6006469726562 34.820915222168 35.7186660766602 35.3657722473145 34.1084480285645 34.3475761413574 33.4024238586426 30.6619434356689 31.0145168304443 30.2889919281006 30.7175254821777 30.1176261901855 31.2252159118652 32.2648315429688 33.4324760437012 33.2113189697266 33.744701385498 33.670295715332 32.3558654785156 31.0831127166748 29.6400108337402 30.0946235656738 31.6369590759277 30.8385124206543 31.15478515625 31.8845272064209 32.7066612243652 32.6829643249512 31.8793315887451 31.5062522888184 30.987964630127 31.0416030883789 31.7467613220215 31.7121925354004 31.777717590332 31.6691036224365 31.357852935791 31.1944332122803 29.4589595794678 26.3835868835449
33.9688262939453 34.0062026977539 34.3916473388672 34.0767936706543 34.7657203674316 34.6609497070312 35.5848121643066 35.569995880127 34.5391731262207 34.8693885803223 35.2360153198242 34.4630088806152 33.5026359558105 30.3202972412109 30.8050899505615 30.9117679595947 30.4750194549561 30.8090515136719 30.8326568603516 31.9764804840088 33.1913795471191 32.9084053039551 33.4695510864258 33.5404472351074 33.0956726074219 32.1145782470703 30.9624786376953 30.6751327514648 31.405818939209 31.6681537628174 32.3302345275879 32.7662658691406 32.6906394958496 32.7082138061523 32.7859687805176 31.7837162017822 31.0415649414062 30.9292488098145 30.9332389831543 31.4125900268555 32.1902275085449 31.7730484008789 30.7986545562744 30.9773216247559 29.8945941925049 29.316349029541
