inst/extdata/Tmax/Tmax129.asc
NCOLS 100 
NROWS 79 
XLLCORNER 148.06 
YLLCORNER -21.49 
CELLSIZE 0.01 
NODATA_value -3.4e+38 
[rows 20 to 39 of 79, columns 0 to 45 of 100]
44.629459381103501 44.6789855957031 44.7075958251953 44.6919021606445 44.7407150268555 44.9102630615234 44.8211708068848 44.7596054077148 44.7053909301758 44.6164398193359 44.4198150634766 43.929012298584 43.392749786377 42.6117134094238 41.1786041259766 40.7156410217285 40.6134910583496 41.6654968261719 42.968864440918 43.533374786377 43.5757789611816 43.5989990234375 44.0440406799316 44.0981025695801 43.9276008605957 43.5894927978516 42.8251953125 41.6998825073242 42.3890113830566 42.4900207519531 43.2678489685059 43.2882766723633 43.4839096069336 43.4582443237305 43.4242324829102 43.1345062255859 42.6439208984375 42.6634254455566 42.0923728942871 42.4270057678223 42.1685104370117 41.2571220397949 41.563606262207 41.6425933837891 41.8087501525879 41.8610343933105
44.7055168151855 44.7849426269531 44.8286209106445 44.8111343383789 44.8442611694336 44.8695983886719 44.7129402160645 44.6448631286621 44.6432952880859 44.5906867980957 44.4637107849121 44.2570495605469 43.9953727722168 42.8450164794922 41.207576751709 40.8590888977051 41.0912132263184 41.9690170288086 42.6203002929688 43.1110382080078 43.2903518676758 43.1873054504395 43.8748817443848 44.0682067871094 43.8457221984863 43.8849220275879 43.8424530029297 42.9117431640625 42.7347068786621 43.4067611694336 43.574161529541 43.4411849975586 43.0442314147949 42.3042449951172 42.344066619873 42.3315048217773 42.8993797302246 42.0341682434082 41.5522384643555 41.9575157165527 41.4888458251953 41.5857200622559 41.2630348205566 40.1478118896484 40.5634651184082 41.4233894348145
44.7578163146973 44.8200988769531 44.8597869873047 44.8683166503906 44.8738861083984 44.8577270507812 44.6501693725586 44.5249977111816 44.4860992431641 44.4741554260254 44.3583374023438 44.2814140319824 44.0908088684082 43.3519134521484 42.0742263793945 41.1776657104492 40.4570465087891 40.9949073791504 41.6026191711426 42.5658149719238 42.727481842041 42.8860015869141 43.718433380127 43.4697608947754 42.9694023132324 43.4500617980957 43.5358047485352 43.6636009216309 43.326099395752 43.3931274414062 43.0771827697754 42.8428993225098 42.1468086242676 41.7479438781738 41.4745063781738 41.760570526123 41.6748886108398 40.9918479919434 40.9706687927246 40.884204864502 40.5146255493164 39.6104316711426 40.5679740905762 40.2221832275391 39.1573295593262 40.7938194274902
44.7494049072266 44.791130065918 44.8427391052246 44.8590469360352 44.8363647460938 44.8511085510254 44.7691421508789 44.4332847595215 44.3287582397461 44.3804512023926 44.184139251709 43.9608993530273 44.1139984130859 43.6669006347656 42.7116203308105 41.8788986206055 40.9652900695801 40.6501693725586 41.296329498291 41.6263236999512 42.2552947998047 43.5171585083008 43.2241020202637 42.4782371520996 42.6835136413574 42.886833190918 42.4938583374023 43.7133979797363 43.7621040344238 43.6048469543457 43.3352279663086 41.9664764404297 41.5710906982422 41.83984375 42.2764511108398 41.7169952392578 40.5740776062012 39.9239807128906 40.8297805786133 40.2128028869629 39.4490661621094 38.0189514160156 38.8607406616211 40.0946578979492 38.2628746032715 39.6002616882324
44.6750221252441 44.7473831176758 44.8145484924316 44.8007659912109 44.779125213623 44.8068351745605 44.8163833618164 44.625602722168 44.4343147277832 44.2492828369141 44.147159576416 44.1075096130371 43.9170570373535 43.5176849365234 42.639347076416 41.9036064147949 41.0779647827148 40.6837120056152 40.8982162475586 40.8941688537598 42.1952438354492 43.2448310852051 41.8838348388672 41.2826614379883 42.2662582397461 42.2571220397949 42.4826774597168 43.4394912719727 43.7624664306641 43.3015747070312 43.2486991882324 42.9573822021484 42.9387130737305 43.0273513793945 42.634635925293 42.2663421630859 41.7612953186035 40.3919982910156 40.1302223205566 39.8715858459473 38.1694412231445 37.5786819458008 38.0366172790527 39.8822784423828 37.9236488342285 38.299129486084
44.640209197998 44.6341285705566 44.676628112793 44.6709671020508 44.7092742919922 44.7445449829102 44.7851791381836 44.7560691833496 44.5954551696777 44.3215255737305 44.1079635620117 43.9471244812012 43.786434173584 43.2439956665039 42.7590522766113 42.1723098754883 41.490161895752 41.1284828186035 41.6073150634766 42.3475189208984 42.3503570556641 42.2343215942383 41.6829986572266 40.3247718811035 40.868091583252 41.7218246459961 41.903938293457 43.4734001159668 43.7232360839844 43.2883338928223 42.2095642089844 42.9748840332031 42.8240585327148 42.6823501586914 42.3589248657227 41.9775085449219 41.8251762390137 40.0429954528809 38.7801933288574 39.1956176757812 37.7727661132812 38.5910835266113 38.9617233276367 39.8921890258789 38.8853454589844 37.8164215087891
44.5415916442871 44.5419311523438 44.5485458374023 44.5714111328125 44.5906982421875 44.6170387268066 44.7355461120605 44.7635612487793 44.6213645935059 44.1314315795898 44.0249481201172 43.7032165527344 43.7219734191895 43.2777786254883 42.4953117370605 41.3597526550293 40.925666809082 41.1372337341309 41.6396980285645 41.537841796875 41.7342262268066 42.746452331543 42.5850219726562 40.8946723937988 40.4570236206055 41.444652557373 42.4058303833008 43.5360260009766 43.6564598083496 43.4005508422852 42.3715286254883 41.8938064575195 42.8845596313477 42.2318572998047 41.6986465454102 40.6857986450195 40.334342956543 40.4907493591309 39.4106712341309 38.1234970092773 37.7295188903809 38.0325317382812 37.9503517150879 39.0084075927734 38.0736312866211 37.4305686950684
44.3993301391602 44.3945007324219 44.4264373779297 44.4712142944336 44.4942855834961 44.5910453796387 44.7138786315918 44.7335739135742 44.6697769165039 44.4566841125488 44.1823654174805 43.8618545532227 43.7364921569824 43.5133361816406 42.5355644226074 41.3247718811035 40.9495544433594 40.9020156860352 41.0387840270996 41.0123405456543 42.2156791687012 42.9738578796387 42.3177261352539 41.3848495483398 40.7766151428223 41.0214080810547 41.1198616027832 43.0199089050293 43.4790153503418 43.3479919433594 42.366813659668 42.2609634399414 42.6443176269531 41.7343597412109 40.8872680664062 40.2485580444336 39.3333282470703 40.0596160888672 39.9075012207031 38.0938377380371 37.6610717773438 37.8373184204102 37.7666282653809 38.3740119934082 37.7862739562988 37.4905548095703
43.9117202758789 43.8430976867676 44.1152610778809 44.4181137084961 44.5428352355957 44.6597366333008 44.7109909057617 44.7193222045898 44.584156036377 44.473072052002 44.2920722961426 43.6560554504395 43.7757453918457 43.6104164123535 43.0609474182129 41.7884712219238 40.9870414733887 40.4439392089844 40.7802810668945 41.7226829528809 42.2546234130859 42.6395645141602 41.6958961486816 40.9219207763672 40.7217750549316 40.8755950927734 41.3061752319336 42.3729667663574 43.3436393737793 43.4389877319336 42.8098068237305 42.4810676574707 41.9581260681152 40.7193984985352 39.5265655517578 39.1179046630859 38.7882652282715 39.0048980712891 39.1720352172852 38.7810020446777 38.261058807373 38.3755035400391 38.1152038574219 37.9026794433594 37.9224166870117 37.8634033203125
43.0073280334473 43.8702659606934 44.2032318115234 43.9377098083496 44.4857864379883 44.6481781005859 44.6872749328613 44.6941032409668 44.463264465332 44.3020935058594 44.3141670227051 43.9910621643066 43.7180328369141 43.5793685913086 43.3176193237305 42.7842254638672 42.1750755310059 40.7181968688965 41.060848236084 41.1434135437012 41.304515838623 42.281867980957 41.8301162719727 40.9658813476562 40.742073059082 40.5138702392578 40.4531478881836 42.2877349853516 43.3614082336426 43.4753570556641 42.4693565368652 41.257999420166 40.9254875183105 40.5475807189941 40.2592582702637 39.2582359313965 39.186164855957 38.7833023071289 38.3750877380371 38.6425476074219 40.4683113098145 40.5366973876953 39.4177703857422 37.9740982055664 39.0445709228516 39.1636428833008
43.3149871826172 44.1819458007812 44.2109222412109 43.6709594726562 44.4422492980957 44.6157836914062 44.6813812255859 44.681770324707 44.6317977905273 44.3710746765137 44.2602424621582 44.1831283569336 43.9831695556641 43.7456932067871 43.4393768310547 42.8383827209473 41.9456939697266 41.4737396240234 40.9806938171387 41.2512626647949 41.330322265625 41.7791862487793 41.1264801025391 40.9391174316406 40.6095962524414 39.9265937805176 40.2030830383301 42.1218032836914 43.1953353881836 43.2701187133789 43.2679100036621 43.0564346313477 41.6752700805664 40.6109924316406 40.5336799621582 40.0420570373535 40.1742553710938 39.992862701416 39.5777931213379 40.0799827575684 41.7825050354004 41.8483200073242 41.3388977050781 40.6539840698242 40.5445404052734 39.9582748413086
44.0864715576172 44.3287200927734 44.3931274414062 44.3872680664062 44.466064453125 44.6045303344727 44.6209678649902 44.6370429992676 44.6016578674316 44.533634185791 44.3281745910645 44.2594680786133 44.1586532592773 43.9241981506348 43.6303482055664 43.133373260498 42.2262992858887 41.7825775146484 41.0327339172363 40.9109954833984 40.9817962646484 41.4317855834961 41.0285186767578 40.7481384277344 40.6763916015625 40.7028617858887 41.5262145996094 42.7520141601562 43.2407150268555 42.6218948364258 42.5328407287598 42.5473403930664 42.8264694213867 42.2162284851074 41.8903694152832 40.9750175476074 42.2433128356934 42.0709800720215 42.0497894287109 42.083553314209 41.8115005493164 40.7090530395508 39.7718048095703 39.4518585205078 39.3238372802734 38.5827178955078
43.8019714355469 44.493465423584 44.5521125793457 44.5613479614258 44.5518074035645 44.5544853210449 44.507511138916 44.5464515686035 44.5539283752441 44.5525131225586 44.5137176513672 44.3627243041992 44.1564102172852 43.9772834777832 43.7686042785645 43.5140419006348 43.0009765625 42.308536529541 41.5164260864258 40.7609519958496 40.7861785888672 41.2462196350098 41.1104698181152 40.8072776794434 40.6504364013672 40.8139533996582 42.2815055847168 43.1765518188477 43.2802047729492 43.0774955749512 42.4772644042969 41.7279853820801 42.6129302978516 42.7652969360352 42.8301429748535 42.1900215148926 42.7014198303223 42.3486938476562 42.1985054016113 42.007194519043 40.6214561462402 39.1876602172852 37.9190139770508 38.2745361328125 38.1956558227539 37.2043304443359
43.6671485900879 44.2754249572754 44.0954246520996 43.9700622558594 44.1012535095215 44.472599029541 44.4538879394531 44.4707298278809 44.479133605957 44.4602813720703 44.4391708374023 44.4131736755371 44.2936325073242 44.1227073669434 43.950325012207 43.7148399353027 43.2498893737793 42.8209228515625 42.5342445373535 41.870979309082 40.8673095703125 41.0956764221191 40.8533248901367 40.9250717163086 40.7908401489258 40.7568435668945 41.8374061584473 43.1046829223633 43.223258972168 42.8421821594238 42.6888313293457 41.4545097351074 41.7514572143555 42.075267791748 42.4629707336426 42.632022857666 42.4547805786133 42.2579917907715 41.7916107177734 41.8741493225098 41.4865913391113 40.1554489135742 39.3583145141602 39.9193344116211 39.4847526550293 38.3384323120117
44.0051651000977 44.2570533752441 43.8511581420898 43.1676826477051 43.2753639221191 44.2302360534668 44.4176597595215 44.3789291381836 44.3896865844727 44.399715423584 44.316650390625 44.3442230224609 44.303409576416 44.1862144470215 44.0200729370117 43.8255043029785 43.4870491027832 42.8056640625 42.3789176940918 41.8921585083008 41.1732406616211 41.0599403381348 40.8602905273438 40.6294441223145 40.5891876220703 40.9885101318359 42.143871307373 43.0350570678711 42.4267349243164 42.1904716491699 42.3195381164551 41.9053688049316 41.5664100646973 41.2140769958496 40.9258308410645 41.4336929321289 41.2111930847168 41.5936050415039 41.5079078674316 41.2713623046875 41.0071105957031 41.3483619689941 41.0797004699707 40.7713584899902 40.1785888671875 39.7052421569824
44.134334564209 44.2043914794922 44.0119094848633 43.6937828063965 43.3811531066895 43.9405136108398 44.2253684997559 44.244499206543 44.2868499755859 44.3414688110352 44.3257179260254 44.346794128418 44.2818145751953 44.2214889526367 44.0620498657227 43.8412704467773 43.5744857788086 43.3553085327148 42.9428825378418 42.2625694274902 41.8551330566406 41.5606460571289 41.0153999328613 40.3254814147949 40.4916038513184 40.7512855529785 42.2345275878906 42.8025817871094 40.8088798522949 40.3716735839844 41.0473976135254 41.2566757202148 41.2033386230469 40.9687690734863 40.4477653503418 40.183708190918 40.710018157959 40.5554847717285 40.5323104858398 40.4914588928223 40.234561920166 39.9155921936035 40.1814842224121 40.6665496826172 40.0433540344238 38.9115180969238
43.9914360046387 43.995662689209 44.0233345031738 43.7419090270996 43.4533767700195 43.6432609558105 43.8455581665039 44.0411186218262 44.1487808227539 44.2679977416992 44.2450828552246 44.2197532653809 44.3011589050293 44.228458404541 44.1046981811523 43.8282432556152 43.7790069580078 43.6247863769531 43.3673896789551 42.9694862365723 42.8131370544434 41.9621200561523 41.3255043029785 40.8191680908203 40.8103866577148 41.2142639160156 42.2683486938477 42.1631660461426 41.8489875793457 41.7322158813477 40.9121131896973 40.8201904296875 40.6115684509277 40.4519958496094 39.7026596069336 39.3012886047363 39.5061187744141 39.4586906433105 39.7036514282227 39.5080184936523 39.5030174255371 38.5563507080078 39.286922454834 40.1608543395996 39.9279136657715 38.4514694213867
43.4208030700684 43.7329177856445 43.9482192993164 43.8387680053711 43.6318740844727 43.4957580566406 43.4612731933594 43.8400344848633 43.9517974853516 44.1252517700195 44.2049713134766 44.1814994812012 44.2375297546387 44.2496376037598 44.0665016174316 43.9579811096191 43.8552856445312 43.7387771606445 43.5718650817871 43.3606910705566 43.1446304321289 42.3789100646973 41.1633262634277 41.2528762817383 40.509162902832 41.1252174377441 42.1124992370605 41.5202789306641 41.7146453857422 42.1992721557617 42.0699462890625 41.8787307739258 41.1627540588379 40.7000160217285 39.0803756713867 37.8121871948242 37.844367980957 37.738208770752 37.7044982910156 38.1822700500488 38.3538475036621 38.5354423522949 38.7394561767578 39.6349945068359 39.4961929321289 39.1017456054688
43.5564384460449 43.626594543457 43.7670440673828 43.740119934082 43.7010345458984 43.379280090332 43.1323318481445 42.8560409545898 43.5413703918457 44.0518341064453 44.1847915649414 44.2066955566406 44.2820472717285 44.2745666503906 43.9626922607422 43.5451469421387 43.5417785644531 43.5993843078613 43.6418075561523 43.511848449707 43.3590507507324 42.911060333252 41.7347373962402 42.0539665222168 41.0247421264648 41.013298034668 41.145092010498 41.4822387695312 40.3585357666016 41.0653114318848 40.6623954772949 40.7604827880859 42.078197479248 41.6186408996582 40.5867691040039 38.3204116821289 37.3914489746094 37.4008369445801 36.7334785461426 37.1735420227051 37.8198013305664 37.7936820983887 37.8879127502441 39.2822608947754 38.838809967041 38.3032760620117
43.6301803588867 43.522834777832 43.5820693969727 43.3760986328125 43.5827331542969 43.4904708862305 43.2331848144531 42.9559020996094 43.1577301025391 43.7904777526855 44.0426254272461 44.2157211303711 44.255859375 44.2175445556641 44.1533813476562 43.7363319396973 43.3149604797363 43.1077537536621 43.3846473693848 43.5086860656738 43.358699798584 43.1848335266113 42.8416175842285 42.2276229858398 41.0805778503418 40.845630645752 40.7689476013184 40.866325378418 40.9158248901367 40.3400382995605 39.7186431884766 40.5305328369141 41.804630279541 41.009578704834 41.2369155883789 40.6518669128418 40.1901893615723 40.0636825561523 39.0738296508789 37.9559745788574 38.6889381408691 38.3515777587891 38.7576904296875 38.9533538818359 38.6521759033203 38.1787490844727
