inst/extdata/Tmax/Tmax11.asc
NCOLS 100 
NROWS 79 
XLLCORNER 148.06 
YLLCORNER -21.49 
CELLSIZE 0.01 
NODATA_value -3.4e+38 
[rows 20 to 39 of 79, columns 0 to 45 of 100]
34.701896667480497 35.222957611084 35.4254989624023 35.1604118347168 35.3708801269531 36.2384414672852 35.7719688415527 36.0582046508789 34.8950996398926 34.8116416931152 35.8690071105957 35.4686241149902 34.4590187072754 32.7605400085449 31.7877712249756 31.0734977722168 30.7462482452393 31.9599761962891 32.8012847900391 33.5678062438965 33.6926727294922 34.165470123291 34.260612487793 34.5993728637695 34.580738067627 34.3915214538574 33.4463310241699 31.7151546478271 32.5986366271973 32.4077415466309 33.4117088317871 33.7019920349121 33.7204284667969 33.7954711914062 33.547794342041 33.3095359802246 33.2053680419922 32.9684944152832 32.2035446166992 32.4344100952148 32.2837524414062 31.5602626800537 32.2581443786621 32.0387344360352 30.5602474212646 30.681941986084
35.4779510498047 35.7859992980957 35.8101272583008 35.4389801025391 35.3860397338867 35.3122138977051 34.8960456848145 35.6854248046875 35.9468688964844 36.2077903747559 35.8813781738281 35.8740692138672 35.3952674865723 33.0209083557129 31.7237014770508 31.57151222229 31.6712188720703 32.1549530029297 32.5699348449707 33.5648765563965 34.2155113220215 34.824104309082 33.8315467834473 34.3049697875977 34.2998504638672 33.9972267150879 33.7281341552734 32.405689239502 32.5241584777832 33.334342956543 33.7388000488281 33.5208358764648 33.55810546875 32.5042152404785 32.2047500610352 32.4327354431152 33.2637023925781 31.6171798706055 31.2981395721436 31.5229148864746 30.8327465057373 31.3933563232422 31.6497001647949 29.5403957366943 29.4110679626465 30.0076141357422
35.769401550293 36.0487937927246 35.8736610412598 35.1944122314453 36.438289642334 35.537296295166 35.7829475402832 35.4584312438965 36.1657676696777 35.3614349365234 36.4526824951172 36.0706100463867 35.879322052002 35.0516166687012 34.4207191467285 32.8174667358398 31.2777099609375 31.7633895874023 32.072940826416 33.9184226989746 34.767692565918 33.9015655517578 33.8105773925781 33.3894729614258 33.0152244567871 33.7589263916016 33.6568641662598 33.2872276306152 33.2887077331543 33.2942848205566 32.9996223449707 32.5883102416992 32.2197761535645 31.7878284454346 31.1678142547607 31.9310455322266 32.0161895751953 30.9781589508057 30.9974918365479 31.0020866394043 29.7333450317383 29.7269248962402 30.154239654541 30.8873443603516 25.5302639007568 29.8918304443359
35.9154739379883 36.3813209533691 36.9057960510254 35.2045745849609 35.1393775939941 36.0059089660645 35.0761604309082 36.0162773132324 36.212230682373 35.3278732299805 35.8766288757324 35.7943344116211 36.0035667419434 35.138500213623 33.4205436706543 32.6167488098145 31.5886898040771 31.9653434753418 32.5273132324219 33.4629211425781 33.8700828552246 34.2379570007324 33.5245132446289 32.3443565368652 32.8091125488281 32.9010391235352 32.9490852355957 33.605167388916 33.8982810974121 33.684700012207 33.3822364807129 32.6074142456055 32.0352325439453 32.1587066650391 32.5687370300293 32.3428649902344 30.3170852661133 30.0292797088623 30.4314708709717 30.8125133514404 29.5139656066895 29.4415740966797 28.9345283508301 27.1070213317871 28.7577342987061 28.7658977508545
36.1114921569824 36.0121002197266 35.8465232849121 36.5752487182617 36.6751899719238 36.3705787658691 35.1534652709961 36.2116394042969 34.7673873901367 34.9826965332031 35.0302352905273 34.7965621948242 34.6611404418945 35.0573654174805 33.6667594909668 32.3027610778809 31.7254753112793 31.6660442352295 32.7549743652344 32.9312438964844 34.0590629577637 34.1429862976074 31.7480850219727 31.5876903533936 31.7258262634277 32.0902099609375 32.3275413513184 33.4358787536621 33.7487945556641 33.2510795593262 33.6592750549316 33.2828712463379 33.1829795837402 32.9945335388184 32.5413513183594 32.2043762207031 31.6317863464355 30.9750728607178 29.796875 29.2567501068115 28.2930793762207 27.3813819885254 28.003942489624 29.715503692627 24.9494094848633 24.7170352935791
36.5669898986816 36.2988586425781 36.7630043029785 36.1142272949219 36.6447639465332 36.5154228210449 36.3910331726074 36.168872833252 35.9939994812012 34.5894241333008 35.6306762695312 34.9600524902344 34.1940460205078 34.3942451477051 34.4878845214844 34.4216766357422 33.2599143981934 33.0829162597656 33.6617889404297 34.1800689697266 33.5068702697754 31.9306964874268 31.4963970184326 30.5007820129395 31.1435413360596 31.9012870788574 31.9166145324707 32.545166015625 33.5392951965332 33.4672470092773 32.0643463134766 32.881420135498 32.7239685058594 32.7655944824219 32.4032974243164 32.1574516296387 31.5752449035645 30.6543350219727 28.4480686187744 28.9495296478271 27.622241973877 28.6355438232422 30.125919342041 29.4710178375244 24.8539714813232 24.1661243438721
34.5983772277832 35.8239517211914 36.881233215332 36.6588668823242 36.5506553649902 36.4010162353516 36.3063545227051 36.3312644958496 36.0423736572266 34.7366371154785 34.3228149414062 34.5607719421387 34.395824432373 34.1636848449707 34.3707962036133 33.5614967346191 32.8352737426758 32.9399185180664 33.7560844421387 33.6389999389648 33.3218193054199 33.4792404174805 32.3462677001953 31.2100353240967 30.7113590240479 31.3209533691406 32.4965438842773 33.5509452819824 32.9717102050781 33.198429107666 32.6276435852051 32.4790496826172 32.5872535705566 32.1647491455078 32.2055892944336 31.5881271362305 30.3030433654785 30.5185546875 26.0385036468506 24.5330009460449 27.2587566375732 24.7683963775635 29.5939769744873 25.7817096710205 28.2351112365723 23.9649429321289
34.7526664733887 34.3839950561523 35.5415153503418 36.4238548278809 36.3960876464844 36.2924919128418 36.4969215393066 36.632080078125 36.2372665405273 35.4893035888672 35.0031814575195 34.3475723266602 34.198673248291 34.6186637878418 33.1880416870117 33.535228729248 33.1379165649414 32.6996002197266 33.0152702331543 33.0970764160156 33.0096969604492 33.0129776000977 32.6450004577637 31.5738925933838 31.5231246948242 31.7417411804199 31.2252254486084 33.4580421447754 33.7521171569824 32.4943084716797 32.4229393005371 32.5019607543945 32.7347068786621 32.0286560058594 31.8338737487793 31.0949840545654 29.7227611541748 29.977409362793 29.7375888824463 28.75364112854 27.6259994506836 28.0583915710449 27.8840713500977 25.1406593322754 24.5896244049072 24.2685794830322
33.6162757873535 34.0677223205566 34.6143264770508 35.5332069396973 36.6021003723145 36.1139526367188 36.5523643493652 36.2084083557129 36.212287902832 35.239818572998 35.3159332275391 34.5690803527832 34.8434524536133 34.848575592041 34.6378936767578 32.6680946350098 32.7876281738281 32.6431007385254 32.9690551757812 33.7887420654297 32.5346488952637 32.9851303100586 32.1344337463379 31.2405567169189 31.529993057251 31.8462562561035 31.7838249206543 32.4158248901367 33.0033683776855 32.881031036377 33.1089363098145 32.2093658447266 31.8556365966797 30.8518161773682 30.337646484375 29.4492835998535 29.775842666626 29.7859077453613 29.9085788726807 27.473316192627 24.6372890472412 24.6856937408447 28.0868663787842 24.499605178833 24.7120552062988 24.6168899536133
32.6871032714844 33.2328910827637 33.7890625 34.5583419799805 35.9515342712402 36.0044898986816 35.3637428283691 36.5468902587891 36.3242340087891 35.9594841003418 34.8586540222168 35.2942390441895 34.6841812133789 34.429515838623 35.050422668457 34.897632598877 34.5792045593262 32.9913444519043 33.217887878418 33.1955986022949 33.1287727355957 33.0094299316406 32.6253623962402 31.7667427062988 31.5836277008057 31.6428470611572 31.2033596038818 32.3994331359863 33.1147155761719 32.5736274719238 33.3974342346191 32.0938606262207 31.0942764282227 30.9950942993164 30.5163612365723 30.2603721618652 30.2330188751221 29.6839485168457 29.0916805267334 28.6780796051025 29.6547889709473 29.6373748779297 27.299409866333 27.4416198730469 24.6777667999268 25.5398197174072
33.1749305725098 33.6756019592285 33.8012504577637 34.6549873352051 34.8902778625488 34.7245178222656 34.9390296936035 35.9948768615723 35.9571228027344 35.4451103210449 35.9196472167969 35.8353614807129 35.8976440429688 35.1270065307617 35.2110595703125 35.2971611022949 34.2141571044922 33.7412414550781 32.867847442627 33.2126808166504 33.0330352783203 32.413932800293 32.2884902954102 31.924295425415 31.404167175293 30.7862510681152 31.1588287353516 32.6657752990723 32.8854484558105 33.0390205383301 33.3273086547852 33.5327491760254 32.0936584472656 31.0513362884521 30.3434200286865 31.2063846588135 30.7849655151367 30.124231338501 29.3421325683594 29.3142776489258 30.9912643432617 30.8329029083252 30.5203456878662 29.7290897369385 26.5068893432617 25.8605690002441
34.0937538146973 33.9843139648438 34.881721496582 35.7258491516113 36.2435340881348 34.9917144775391 35.0820503234863 36.3600120544434 36.3231010437012 35.6563148498535 36.0517463684082 35.6972045898438 35.6429214477539 35.2988433837891 34.4097061157227 34.8261184692383 32.7040405273438 31.4614238739014 32.9324035644531 32.5967826843262 32.5752258300781 32.692943572998 32.2134552001953 31.9988098144531 31.5990867614746 31.5960998535156 31.8746109008789 32.9278411865234 33.5342864990234 32.6465148925781 33.1378021240234 33.1527252197266 33.4103889465332 32.629322052002 32.0059776306152 31.009090423584 30.9252166748047 31.0161094665527 30.5999011993408 32.1127395629883 31.1762771606445 30.8991298675537 25.9423198699951 27.6154804229736 25.2247085571289 24.6153450012207
33.691951751709 34.9960517883301 34.8803672790527 34.9945487976074 36.1872749328613 35.3903160095215 36.0153388977051 35.6818199157715 36.2689819335938 35.2660980224609 36.2408142089844 35.7272796630859 35.6886329650879 35.1212844848633 34.7573585510254 34.2827339172363 34.335578918457 32.7362251281738 31.682279586792 32.130558013916 32.2080993652344 32.6875877380371 32.092170715332 32.2224998474121 31.8724250793457 31.6737308502197 33.2066345214844 33.1965255737305 33.0505905151367 34.5215492248535 33.2771072387695 32.878345489502 33.9544448852539 33.7967300415039 33.0632019042969 32.4882698059082 32.0403442382812 32.0485191345215 31.6126766204834 31.8242568969727 31.1944999694824 28.8487033843994 24.3465347290039 24.6362743377686 24.8335456848145 23.6644535064697
34.4598770141602 34.5112724304199 35.1392555236816 34.1270027160645 34.6573638916016 33.6179656982422 34.3356323242188 35.68310546875 36.2113914489746 36.0208969116211 36.328929901123 35.5648918151855 35.4024505615234 35.4531402587891 34.8774070739746 34.6955986022949 35.150089263916 34.7365074157715 34.0581398010254 33.7293395996094 32.6573791503906 32.3803329467773 32.9351959228516 32.5827026367188 32.2235527038574 31.831729888916 33.2678375244141 33.8640441894531 33.3876838684082 33.6125450134277 33.4169464111328 32.4397430419922 32.0988235473633 32.0628242492676 32.446834564209 32.6441841125488 32.6969261169434 33.1868095397949 32.8233833312988 32.9457931518555 31.2901306152344 26.8796863555908 25.4569435119629 25.6539096832275 25.503604888916 24.6442413330078
34.9318199157715 35.2787437438965 35.1093597412109 33.4204483032227 34.1059188842773 35.0171012878418 34.2695655822754 35.6928367614746 36.0843849182129 35.7375259399414 36.1795959472656 35.9057579040527 36.2412147521973 35.7451019287109 35.3566818237305 35.2169494628906 34.9831199645996 34.7691230773926 34.4166526794434 33.5166435241699 32.1800727844238 33.2550392150879 33.6993064880371 32.5730590820312 32.1548080444336 32.0245399475098 31.7632446289062 32.988639831543 32.9116744995117 32.0233573913574 32.9802856445312 31.9823265075684 31.6169204711914 31.6992111206055 31.4471168518066 31.5856437683105 32.2573890686035 31.7511806488037 32.4207572937012 32.2108497619629 30.5793552398682 30.2646903991699 27.4787158966064 26.8789978027344 26.2418937683105 26.2016220092773
34.6468696594238 35.9726219177246 35.0802421569824 34.3079071044922 32.8248901367188 35.0482635498047 36.4109001159668 34.5558929443359 35.5616493225098 36.1798515319824 36.0791320800781 35.9443817138672 35.4407043457031 35.588077545166 35.247241973877 35.4506416320801 34.5588417053223 34.1620941162109 34.1427040100098 33.6778182983398 32.6638336181641 33.3583030700684 32.5923805236816 31.3153514862061 31.6990203857422 31.2657451629639 32.5023307800293 31.6858310699463 31.7356815338135 29.1888580322266 31.0095233917236 31.5555419921875 31.8751754760742 31.574520111084 31.6554336547852 30.7812767028809 30.9211235046387 31.32177734375 32.2828369140625 31.6207084655762 26.8027229309082 26.5230121612549 26.2556114196777 26.7442169189453 26.5393886566162 25.488317489624
35.267879486084 34.415641784668 35.7404823303223 35.0687217712402 34.9832305908203 34.9759101867676 34.9736824035645 35.0438232421875 35.1958694458008 36.5158309936523 36.5227317810059 35.9708709716797 35.8762817382812 36.1309814453125 35.8827629089355 34.7947578430176 34.1858558654785 34.1608009338379 34.192195892334 34.2414321899414 33.596736907959 32.7246360778809 31.7417659759521 31.5653877258301 31.8587703704834 32.4493293762207 32.9135818481445 32.0522193908691 31.7569160461426 29.8427124023438 29.7038402557373 28.7436656951904 30.2741165161133 31.657564163208 31.6889457702637 29.8778800964355 29.8195171356201 29.4533824920654 29.2126903533936 25.7314720153809 25.742259979248 25.0932960510254 25.546028137207 26.3712291717529 26.4330348968506 24.980541229248
34.717960357666 34.1688652038574 35.4471321105957 34.2748374938965 34.4673461914062 34.5110473632812 33.308292388916 34.0481338500977 35.0733604431152 35.3752555847168 36.1063690185547 36.1417350769043 36.0394134521484 35.5489463806152 35.888500213623 35.7958297729492 35.1271591186523 33.8608665466309 34.4028396606445 33.9770774841309 33.8389129638672 33.2316398620605 31.9365520477295 31.7688484191895 31.3165702819824 31.9023609161377 32.7364463806152 31.9160041809082 32.0925598144531 31.7419700622559 31.7474689483643 30.6873168945312 30.4314384460449 29.2284679412842 25.3887119293213 24.3496017456055 24.4862098693848 24.2680263519287 24.2115516662598 24.404275894165 24.5834922790527 24.6653957366943 24.9405364990234 25.7017459869385 26.056116104126 25.6309490203857
34.6902389526367 34.061695098877 34.0867309570312 35.3043823242188 35.0000495910645 35.1724472045898 33.772705078125 32.9574203491211 33.7994728088379 34.6463584899902 35.9360771179199 36.2890090942383 36.2190093994141 36.0519790649414 35.0000305175781 34.6550254821777 34.6612281799316 34.2710838317871 34.7204856872559 34.6138954162598 34.6135711669922 33.3861999511719 32.8805236816406 32.4672164916992 31.7107353210449 32.5015487670898 32.2157897949219 32.3264274597168 30.7952728271484 31.6558284759521 30.9231948852539 30.7243690490723 30.8880767822266 30.2589550018311 28.9033737182617 23.940113067627 23.6507511138916 23.5636749267578 23.4507789611816 23.9605388641357 24.5314445495605 26.044713973999 24.5932178497314 25.5770683288574 25.1007823944092 25.0291767120361
34.2957878112793 33.8162574768066 35.0586738586426 35.0684700012207 35.300651550293 34.430778503418 34.1313323974609 33.5217514038086 34.3975028991699 33.6978492736816 34.6091041564941 36.0843086242676 35.8220405578613 35.6153678894043 34.9345932006836 35.2941284179688 33.7033081054688 33.992561340332 34.3562088012695 34.1518936157227 34.2635459899902 33.6402778625488 33.7610969543457 33.2637214660645 32.2762794494629 32.2479286193848 31.9084739685059 31.8095664978027 32.2934913635254 31.3981838226318 30.4163570404053 29.3906688690186 31.2328701019287 31.5080509185791 31.5232677459717 29.1178283691406 26.2749557495117 25.8731956481934 24.9553146362305 24.1060314178467 24.8213119506836 24.8332080841064 24.8650226593018 25.2884216308594 25.224723815918 24.9345436096191
