inst/extdata/Tmax/Tmax56.asc
NCOLS 100 
NROWS 79 
XLLCORNER 148.06 
YLLCORNER -21.49 
CELLSIZE 0.01 
NODATA_value -3.4e+38 
[rows 0 to 19 of 79, columns 0 to 45 of 100]
30.764064788818398 30.3971462249756 29.3533515930176 29.7433528900146 29.8945713043213 30.3516635894775 30.5633907318115 30.7412929534912 30.6900119781494 30.4944667816162 29.9776592254639 29.7530879974365 29.6601486206055 28.3248844146729 28.8454189300537 29.2925567626953 29.7103729248047 29.6645812988281 28.7848777770996 28.0634288787842 27.9019680023193 26.8949737548828 27.3516120910645 28.7194519042969 29.2564125061035 29.5143909454346 29.3794250488281 29.4172668457031 29.0735626220703 28.6691780090332 27.7263107299805 25.7231979370117 27.0802040100098 26.9819068908691 25.6955604553223 24.5102825164795 24.3901500701904 24.0036144256592 24.7947120666504 26.7765712738037 28.3880729675293 28.6627292633057 29.4217109680176 29.7597141265869 29.9233665466309 30.0414562225342
30.5488052368164 29.9849700927734 29.1505680084229 29.2490558624268 28.6282901763916 29.6192455291748 30.2391242980957 30.587984085083 30.7233867645264 30.5879669189453 30.2115440368652 29.8701953887939 29.9881324768066 29.5275230407715 29.3433265686035 29.2140102386475 29.6604614257812 29.6818447113037 28.6009826660156 27.9520072937012 28.5145072937012 28.2397003173828 28.1137638092041 28.5828838348389 29.0780849456787 29.2656364440918 29.5658206939697 29.4957866668701 29.2570724487305 29.0181560516357 28.1058139801025 26.599681854248 27.8512668609619 27.3982353210449 26.6697082519531 25.627103805542 25.1532497406006 25.5466957092285 26.6960620880127 27.8867855072021 29.4606437683105 29.8920745849609 30.0077114105225 29.9893646240234 30.0291233062744 30.0550403594971
30.5159015655518 29.6339130401611 29.7548732757568 29.8930816650391 29.391471862793 29.5173206329346 29.962251663208 30.5827140808105 30.7752151489258 30.6200275421143 30.2987689971924 30.1552810668945 30.0508613586426 29.9859619140625 29.6510314941406 29.483154296875 29.7134208679199 29.8676052093506 29.2370204925537 29.0240650177002 28.8582401275635 28.5020561218262 28.2460422515869 28.3726081848145 29.2828750610352 29.5646476745605 29.3853721618652 29.3495235443115 29.3381175994873 28.993049621582 29.04372215271 27.9760093688965 28.2303600311279 26.8898105621338 26.5554027557373 25.8616409301758 25.3028945922852 24.785945892334 25.8891868591309 27.1768779754639 28.6503620147705 29.7245292663574 30.0520095825195 30.1072940826416 30.0696201324463 30.0030364990234
30.7258358001709 30.3436794281006 29.9669723510742 30.650016784668 30.0783672332764 29.6064033508301 30.0264949798584 30.6505298614502 30.8319568634033 30.6759147644043 30.5097408294678 30.4652976989746 30.3431434631348 30.1559448242188 29.6737098693848 29.4804840087891 29.8754005432129 29.9165687561035 29.6672916412354 29.1492652893066 28.7908954620361 28.3768844604492 28.4574337005615 28.4117813110352 29.0483283996582 29.5159015655518 29.1161632537842 29.3958511352539 29.1860675811768 28.2763824462891 28.8765087127686 28.9522476196289 28.1311702728271 26.7653045654297 26.1404247283936 25.1870632171631 25.4864673614502 24.9556217193604 24.8332958221436 24.3377685546875 25.960786819458 28.8589134216309 29.8372116088867 30.0594863891602 29.7729110717773 29.6482467651367
31.3229827880859 30.7122554779053 30.4367408752441 30.8898487091064 30.6254234313965 29.9037647247314 29.9447689056396 30.6633110046387 30.8234157562256 30.4011173248291 30.4001846313477 30.6253318786621 30.479907989502 30.1636428833008 29.7544059753418 29.9195899963379 30.0095252990723 29.7116374969482 29.1971302032471 28.3819980621338 28.5800895690918 28.7657318115234 28.9022903442383 29.1111583709717 29.1115398406982 28.7398662567139 29.5505867004395 29.113489151001 28.9614849090576 28.416166305542 28.8017559051514 28.6015186309814 28.2557754516602 27.1727981567383 26.6052227020264 26.9394779205322 26.6014270782471 26.0008983612061 25.4090309143066 24.6608257293701 24.3031978607178 27.9174137115479 29.5121612548828 29.9485893249512 29.1993007659912 28.4205417633057
31.4696044921875 31.1958961486816 30.4062900543213 30.8889827728271 30.9649925231934 30.4930667877197 30.1765823364258 30.6840629577637 30.8589649200439 30.5306243896484 30.4009037017822 30.6985893249512 30.5172157287598 30.2029647827148 29.4639282226562 30.0267448425293 29.9350624084473 29.4258117675781 28.8138961791992 28.3465385437012 28.4530277252197 28.7376174926758 29.0796375274658 29.0723857879639 29.3927345275879 29.2661380767822 29.353853225708 28.5032444000244 28.492504119873 27.2965888977051 28.0990257263184 28.6250324249268 28.7221336364746 28.3519268035889 27.9583778381348 27.8813705444336 26.9645042419434 26.4258480072021 26.0647830963135 25.207447052002 24.695405960083 27.4459190368652 29.3792896270752 29.893087387085 29.3549976348877 27.1306285858154
31.6598415374756 31.3719863891602 30.9443988800049 31.1314487457275 31.0715045928955 30.6450824737549 29.9113006591797 30.543306350708 30.7505073547363 30.9012355804443 30.8294219970703 30.6529273986816 30.1674957275391 30.2887916564941 30.2493705749512 30.0831069946289 29.8666763305664 29.2319278717041 28.9899578094482 28.648458480835 27.996862411499 28.2275848388672 28.7493553161621 29.1768836975098 29.5633163452148 29.4735984802246 29.4937038421631 28.8824691772461 28.4755802154541 27.1418151855469 27.1450748443604 27.2757148742676 28.3296451568604 28.5093860626221 27.9970397949219 27.8697090148926 27.241662979126 25.7384662628174 25.9800853729248 25.5260143280029 25.3581619262695 27.2366981506348 29.1439304351807 29.6368007659912 29.3906497955322 27.5962715148926
31.6385478973389 31.5293998718262 31.2069664001465 31.236349105835 31.1870231628418 30.8842430114746 30.2201499938965 30.073938369751 30.4262409210205 30.810941696167 30.9291324615479 30.5975208282471 29.8291416168213 30.0781288146973 30.3338623046875 29.550365447998 29.4956836700439 28.6276817321777 28.5410633087158 28.2743225097656 27.5172939300537 28.0518741607666 28.5387210845947 29.1606578826904 29.6855869293213 29.6934833526611 29.2297954559326 28.721248626709 28.5150470733643 27.6576690673828 26.2124271392822 26.5137386322021 26.8878345489502 27.5456104278564 27.9698085784912 27.2969932556152 27.37744140625 26.4008235931396 25.3701858520508 25.660608291626 25.8749523162842 27.0722789764404 28.1797199249268 29.2685527801514 29.2048568725586 27.2338085174561
31.344388961792 31.5977630615234 31.4126052856445 31.3544940948486 31.202278137207 30.9196929931641 30.5078544616699 29.9717864990234 30.1698379516602 30.7557392120361 30.9301433563232 30.867847442627 30.6266460418701 30.4511165618896 30.0345478057861 29.1643123626709 29.3865566253662 29.0981101989746 29.2499485015869 28.2023849487305 28.2016124725342 28.0326862335205 28.1451721191406 28.907527923584 29.5656471252441 29.7651500701904 28.7286567687988 27.7372932434082 27.8324565887451 27.7258644104004 27.0630187988281 26.4723529815674 26.0232810974121 26.5003757476807 27.4877872467041 26.8066921234131 26.560453414917 26.5058403015137 25.5297946929932 25.1971206665039 25.4208507537842 25.5301303863525 26.4539203643799 28.1785125732422 28.6778373718262 27.3114719390869
30.9926242828369 31.4672451019287 31.541633605957 31.3787059783936 31.1420631408691 31.0019912719727 30.7745933532715 30.2441272735596 29.8635005950928 30.6406841278076 30.9061908721924 30.4490661621094 29.6258144378662 29.6997718811035 29.8159732818604 29.7843914031982 29.8253040313721 29.6499423980713 29.4089336395264 29.0509395599365 28.6773853302002 27.9578590393066 28.3342876434326 29.2768535614014 29.7807502746582 29.6593933105469 28.8645286560059 28.6784725189209 28.1024551391602 27.5226020812988 26.1985626220703 25.8010406494141 26.9128646850586 26.7630233764648 26.5440902709961 26.2975959777832 26.0719890594482 26.3718376159668 25.8071441650391 25.038990020752 25.0707473754883 24.5053958892822 25.3695259094238 26.5622901916504 26.8841304779053 26.2292919158936
30.5960102081299 30.9631805419922 31.5351600646973 31.4233703613281 31.2696514129639 31.1716842651367 30.9546318054199 30.5271244049072 30.5058860778809 30.7695045471191 30.928768157959 30.4973964691162 30.1125946044922 29.2526664733887 29.4490184783936 29.7774181365967 29.9248447418213 30.1428050994873 29.6251277923584 29.3947334289551 28.9333820343018 28.5146350860596 28.5963649749756 29.2382373809814 29.7279510498047 29.6161422729492 28.8302764892578 27.9774646759033 26.897216796875 26.8920402526855 26.5118980407715 26.4545669555664 27.3471069335938 27.075553894043 26.137731552124 25.8708820343018 26.3618049621582 26.0614242553711 25.6650695800781 25.0960083007812 25.1497783660889 24.8884468078613 24.5309295654297 25.2711639404297 25.713098526001 26.0308837890625
30.3813552856445 30.4662227630615 31.4712753295898 31.4688529968262 31.3698387145996 31.2259826660156 31.0327472686768 30.6481285095215 30.6897983551025 31.0194053649902 30.955358505249 30.7338352203369 30.3115997314453 29.7428932189941 29.6229286193848 29.9707946777344 30.3303356170654 30.3120765686035 30.010721206665 29.4786281585693 28.8947715759277 28.5162048339844 28.6998901367188 28.8704071044922 29.1164703369141 29.497537612915 28.3876361846924 27.5156154632568 26.8732795715332 27.1210479736328 27.1884479522705 27.10107421875 27.5370998382568 26.9753246307373 26.7097148895264 26.6135959625244 26.1686878204346 25.5580406188965 26.0969696044922 26.3318843841553 25.8772220611572 25.4170074462891 24.8756256103516 25.3299808502197 25.8703193664551 26.2782287597656
30.5469341278076 31.1307048797607 31.4387683868408 31.3922138214111 31.4031372070312 31.2923221588135 31.135440826416 30.7047882080078 30.8016395568848 31.1514205932617 30.9236145019531 30.8451976776123 30.5970764160156 30.6765003204346 30.5617122650146 30.5364551544189 30.5522270202637 30.4540977478027 30.1945476531982 29.5924015045166 29.277172088623 29.4642772674561 29.7612953186035 30.0233573913574 29.8520679473877 29.366325378418 29.1370716094971 28.5800800323486 28.173999786377 27.9743576049805 28.0388259887695 27.8194465637207 27.7137126922607 27.1034088134766 26.5112857818604 26.0393257141113 25.4830455780029 26.6271476745605 26.9234523773193 26.8624324798584 25.4673957824707 25.3960990905762 24.893648147583 24.6136016845703 25.9502143859863 26.5285091400146
31.0300846099854 31.2797813415527 31.348653793335 31.2553157806396 31.2706737518311 31.3237781524658 31.2603225708008 31.1215553283691 30.8835868835449 31.0375823974609 31.0005874633789 30.9210109710693 30.7723541259766 30.6532039642334 30.5282402038574 30.4367141723633 30.604284286499 30.4979476928711 30.3320999145508 30.2001190185547 30.0799007415771 30.0370597839355 29.8010921478271 29.9312763214111 29.4243412017822 28.298864364624 28.2428932189941 27.7995109558105 27.210412979126 28.0268173217773 28.3184471130371 28.2765445709229 27.4805316925049 27.1572494506836 27.027624130249 26.9638843536377 26.941427230835 26.6122531890869 27.2591152191162 27.6143360137939 27.0660858154297 26.5958881378174 25.9273376464844 25.3637390136719 26.4517688751221 26.9659118652344
30.1279468536377 30.7936363220215 31.2830429077148 31.2037467956543 31.0622005462646 31.173059463501 31.1276206970215 30.9353103637695 30.4558029174805 30.508415222168 30.885555267334 30.6685180664062 30.0667686462402 30.2573356628418 30.4650344848633 29.8338298797607 30.333740234375 30.5373706817627 30.4758930206299 30.4149284362793 30.3470783233643 29.8867130279541 29.1642971038818 29.5995788574219 29.4025592803955 29.0997714996338 29.0191669464111 28.654317855835 28.2636890411377 28.5378379821777 28.4866771697998 28.2092571258545 27.7351036071777 27.9863929748535 27.9418888092041 26.9562072753906 27.5377349853516 26.6538829803467 26.9846038818359 27.7759647369385 27.7496356964111 27.482608795166 26.6919631958008 25.8365440368652 26.4813480377197 27.2684669494629
29.1876525878906 30.2851028442383 31.1187973022461 31.264310836792 31.187520980835 31.1576614379883 31.0444755554199 30.9173927307129 30.6702880859375 30.0904273986816 29.658390045166 30.4738864898682 29.5535049438477 29.2200050354004 30.1651401519775 29.7670993804932 29.7482280731201 30.2658958435059 30.2951011657715 30.2929058074951 30.3002262115479 30.2713661193848 30.1113319396973 29.8412647247314 29.3801231384277 28.9667320251465 28.983512878418 28.9148044586182 28.8497791290283 28.6514167785645 28.4674644470215 28.0391616821289 27.7462253570557 28.4119834899902 28.2784461975098 27.9921493530273 28.0013275146484 27.4057559967041 27.0411033630371 27.739315032959 27.9366073608398 27.284740447998 25.9817676544189 24.86376953125 25.3103160858154 27.0666332244873
30.2582492828369 30.0870170593262 30.711462020874 30.9099445343018 31.1612453460693 31.125509262085 30.9956893920898 30.8384475708008 30.6642799377441 30.3511848449707 29.6615562438965 30.1080760955811 28.9926452636719 28.7326049804688 29.5259227752686 29.3711929321289 28.6543064117432 29.8083152770996 29.7990417480469 29.77512550354 30.0450191497803 30.2127094268799 30.1043567657471 29.6479511260986 28.7630729675293 28.1614379882812 27.763334274292 28.1068553924561 28.6784572601318 28.0783081054688 27.8520526885986 27.0777359008789 27.8032569885254 28.6709384918213 28.4744873046875 28.2694683074951 28.3164710998535 27.8694553375244 27.4887619018555 27.7778873443604 27.9810581207275 26.8395500183105 25.8328323364258 26.1448287963867 26.4976062774658 27.0968379974365
30.40159034729 30.7779407501221 30.8570384979248 30.8693599700928 31.0170078277588 31.0744571685791 31.0084819793701 30.9166240692139 30.7487144470215 30.2610855102539 29.8426723480225 29.4455833435059 29.0215110778809 28.6454830169678 29.1839847564697 29.0343837738037 29.063383102417 28.8743305206299 28.6102886199951 28.5903568267822 29.791467666626 30.0757694244385 30.0507831573486 29.9354133605957 29.3141899108887 28.1268577575684 26.7148628234863 27.5431518554688 28.362247467041 27.3947715759277 27.7754058837891 28.3682727813721 28.6659107208252 28.9428787231445 28.8481349945068 28.6389846801758 28.1492824554443 27.3052730560303 27.7630290985107 27.9924411773682 28.3146305084229 27.9615249633789 27.8046798706055 27.7792167663574 27.726806640625 27.1560764312744
30.650016784668 30.6400527954102 30.4802131652832 30.5860404968262 31.0591011047363 30.9463405609131 30.9627132415771 30.9434814453125 30.8437843322754 30.4718322753906 29.3118457794189 29.4032554626465 28.9552955627441 27.8102207183838 28.556697845459 28.3205642700195 28.1518898010254 27.4531955718994 28.2949390411377 28.6712665557861 29.7916831970215 29.8177757263184 29.9566020965576 30.06081199646 29.1762466430664 28.0871620178223 26.9313545227051 27.7105693817139 28.3262805938721 27.8255290985107 28.3211631774902 28.770133972168 29.1550693511963 29.1565742492676 28.7051334381104 28.4371395111084 28.0704078674316 27.7973346710205 28.3243713378906 28.4074382781982 28.4439449310303 28.3622932434082 28.232946395874 27.5793190002441 26.7384757995605 26.6992950439453
30.7999877929688 30.7926406860352 30.7678184509277 30.6191520690918 31.0722904205322 31.0688095092773 31.0064811706543 30.9458312988281 30.8725490570068 30.7656364440918 30.4232959747314 29.6588001251221 28.8011112213135 27.6036224365234 27.9237575531006 27.8847007751465 27.4500865936279 27.7350769042969 27.9847011566162 29.0224075317383 29.8160800933838 29.3895053863525 30.1026725769043 29.9415531158447 29.3338050842285 29.085506439209 28.0122337341309 28.1169757843018 28.4640922546387 28.2863254547119 28.8950538635254 28.8622093200684 29.3038902282715 29.2277965545654 29.0720634460449 28.8204193115234 27.9795989990234 28.1457443237305 28.4043769836426 28.3955936431885 28.4262065887451 28.2860374450684 28.205680847168 27.6919860839844 27.6150970458984 27.4841575622559
