inst/extdata/Tmax/Tmax111.asc
NCOLS 100 
NROWS 79 
XLLCORNER 148.06 
YLLCORNER -21.49 
CELLSIZE 0.01 
NODATA_value -3.4e+38 
[rows 20 to 39 of 79, columns 0 to 45 of 100]
43.318016052246101 43.3079605102539 43.3068542480469 43.2670440673828 43.2828750610352 43.4020462036133 43.2950439453125 43.2152252197266 43.1416473388672 43.0381202697754 42.841495513916 42.3840370178223 41.9481506347656 41.3640899658203 40.1655082702637 39.7566604614258 39.6481513977051 40.512638092041 41.4009475708008 41.8282890319824 41.8398399353027 41.8312339782715 42.1891021728516 42.2094650268555 42.037712097168 41.7218589782715 41.0316886901855 40.1504058837891 40.6040573120117 40.6695785522461 41.3197021484375 41.3099746704102 41.4540786743164 41.4088935852051 41.3569183349609 41.0866889953613 40.640193939209 40.6355628967285 40.12255859375 40.3906517028809 40.1479797363281 39.3349456787109 39.5827980041504 39.6325492858887 39.7576179504395 39.7844429016113
43.404655456543 43.4230041503906 43.435173034668 43.3942184448242 43.3967437744141 43.3923110961914 43.2275428771973 43.1424827575684 43.1147613525391 43.0429649353027 42.9068832397461 42.6980323791504 42.4440307617188 41.5668792724609 40.2076263427734 39.8950119018555 40.0680770874023 40.7849349975586 41.2016296386719 41.4973907470703 41.6219863891602 41.5039901733398 42.0763053894043 42.2171630859375 42.0008964538574 42.0096702575684 41.9447708129883 41.11669921875 40.9393730163574 41.4980201721191 41.6182899475098 41.4771881103516 41.1130104064941 40.4502105712891 40.4634971618652 40.4314880371094 40.8969535827637 40.1287002563477 39.6888313293457 40.0223579406738 39.5952262878418 39.6575584411621 39.3578147888184 38.4974632263184 38.7466354370117 39.4438743591309
43.4751396179199 43.4764099121094 43.4855651855469 43.467529296875 43.4467544555664 43.4071273803711 43.1987495422363 43.0646018981934 43.0051422119141 42.9690361022949 42.8428001403809 42.7468605041504 42.5553550720215 41.9573097229004 40.9552803039551 40.1815414428711 39.549877166748 39.9860038757324 40.4773559570312 41.1636123657227 41.234489440918 41.2936325073242 41.9734153747559 41.7332992553711 41.2729988098145 41.6680641174316 41.7148284912109 41.801155090332 41.4865074157715 41.5211639404297 41.2253570556641 40.9965591430664 40.3682708740234 40.0227432250977 39.7978935241699 39.9682769775391 39.8701858520508 39.3460998535156 39.2944450378418 39.1982612609863 38.9076347351074 38.2087173461914 38.8640251159668 38.5901069641113 37.7142295837402 38.9300422668457
43.5115089416504 43.4899024963379 43.4968795776367 43.4861145019531 43.4415130615234 43.4290390014648 43.3295021057129 43.0130233764648 42.8967819213867 42.9167976379395 42.720401763916 42.500301361084 42.6059112548828 42.2180328369141 41.5132255554199 40.7935409545898 40.0003204345703 39.7151985168457 40.2413482666016 40.4988441467285 40.953296661377 41.8569297790527 41.5769348144531 40.980167388916 41.0801048278809 41.2119255065918 40.8621444702148 41.8809089660645 41.8995628356934 41.7411270141602 41.4858741760254 40.2968826293945 39.9878997802734 40.1330108642578 40.4769973754883 39.9726333618164 39.140796661377 38.6437454223633 39.2449569702148 38.7807159423828 38.1255950927734 36.8205718994141 37.5394515991211 38.5483551025391 36.947940826416 38.0879211425781
43.4953079223633 43.4965400695801 43.5004806518555 43.4595184326172 43.4162940979004 43.4156188964844 43.3954887390137 43.2057762145996 43.0148391723633 42.8286972045898 42.7147979736328 42.6523933410645 42.4681816101074 42.1556129455566 41.4721755981445 40.833065032959 40.1130867004395 39.7606735229492 39.9235076904297 39.9012260437012 40.9506759643555 41.6493644714355 40.6468391418457 40.1462669372559 40.8347206115723 40.7889251708984 40.8954734802246 41.6778869628906 41.9344139099121 41.5134887695312 41.445629119873 41.1676712036133 41.1301879882812 41.1860504150391 40.8242721557617 40.4828720092773 40.0172653198242 39.0178184509277 38.7986030578613 38.5489959716797 37.0049629211426 36.4397926330566 36.8233108520508 38.4193916320801 36.6629257202148 36.9672927856445
43.4862213134766 43.4564590454102 43.4446716308594 43.4003562927246 43.385066986084 43.3863792419434 43.3937377929688 43.3442230224609 43.1808204650879 42.9181251525879 42.7268676757812 42.5687103271484 42.4187698364258 42.0062141418457 41.5925331115723 41.0782203674316 40.4793319702148 40.1546325683594 40.5392303466797 41.1355781555176 41.0983543395996 40.9703330993652 40.5194358825684 39.3587684631348 39.7972564697266 40.4574317932129 40.5379867553711 41.7406959533691 41.9348106384277 41.5359954833984 40.5926055908203 41.2172622680664 41.0650253295898 40.9209899902344 40.6181945800781 40.2638549804688 40.1077346801758 38.7866973876953 37.6316261291504 37.9710578918457 36.662784576416 37.366756439209 37.664909362793 38.4479637145996 37.5343360900879 36.5542259216309
43.4224281311035 43.3990249633789 43.3845748901367 43.3701095581055 43.3426818847656 43.3197174072266 43.3758659362793 43.3762092590332 43.2291679382324 42.8219833374023 42.7092552185059 42.441333770752 42.4133644104004 42.0679512023926 41.3897972106934 40.4103775024414 40.0192832946777 40.1799125671387 40.5850296020508 40.4796447753906 40.6251335144043 41.3646545410156 41.2137413024902 39.8565368652344 39.4687767028809 40.2787170410156 40.924430847168 41.8283309936523 41.9109840393066 41.6673545837402 40.745491027832 40.3709564208984 41.1521453857422 40.56005859375 40.1230621337891 39.3836822509766 39.0928840637207 39.1673126220703 38.2125663757324 37.0259017944336 36.6392784118652 36.882251739502 36.7788391113281 37.6927108764648 36.8302917480469 36.2231750488281
43.3213882446289 43.2935752868652 43.3008995056152 43.3191604614258 43.3146858215332 43.3394088745117 43.3819923400879 43.375659942627 43.2969245910645 43.0882949829102 42.8536224365234 42.5874824523926 42.4615020751953 42.2684860229492 41.4433708190918 40.3988800048828 40.0572891235352 39.9981918334961 40.0954895019531 40.0541458129883 41.0485877990723 41.5604400634766 41.0683937072754 40.2867431640625 39.7557029724121 39.9423522949219 40.0011940002441 41.410343170166 41.7904281616211 41.6552734375 40.7823448181152 40.6632080078125 40.9758148193359 40.2264862060547 39.6012191772461 39.0774993896484 38.225757598877 38.8394165039062 38.671314239502 37.0150756835938 36.5926055908203 36.7218627929688 36.6288414001465 37.1455688476562 36.5881767272949 36.2926139831543
42.9266662597656 42.8445205688477 43.0576667785645 43.2970733642578 43.3838500976562 43.4274635314941 43.4126510620117 43.3906517028809 43.250171661377 43.1322975158691 42.9703178405762 42.4757843017578 42.531494140625 42.3782997131348 41.9097862243652 40.813289642334 40.1093826293945 39.6275482177734 39.8961029052734 40.6753845214844 41.1033554077148 41.3752861022949 40.5892219543457 39.9177436828613 39.7296562194824 39.8402328491211 40.1783256530762 40.9489936828613 41.7074966430664 41.7700843811035 41.1990242004395 40.8866958618164 40.4640998840332 39.5455131530762 38.4854736328125 38.0847511291504 37.7527923583984 37.9177322387695 38.0365943908691 37.654224395752 37.154899597168 37.2256317138672 36.9609756469727 36.7396545410156 36.7280921936035 36.6456489562988
42.1720428466797 42.8888473510742 43.1543045043945 42.9069709777832 43.3563194274902 43.4567375183105 43.4340553283691 43.3981246948242 43.2038345336914 43.0553359985352 43.0229225158691 42.7561912536621 42.5285911560059 42.3900909423828 42.1474800109863 41.6756362915039 41.1363105773926 39.8793029785156 40.1526679992676 40.2038345336914 40.321174621582 41.1214218139648 40.7211952209473 39.9729118347168 39.7645721435547 39.5525817871094 39.4783592224121 40.9307823181152 41.7557487487793 41.8350639343262 40.9397315979004 40.0527534484863 39.7552261352539 39.4197692871094 39.1591491699219 38.2286033630371 38.129508972168 37.7342376708984 37.3336524963379 37.545970916748 39.1361045837402 39.1575698852539 38.1415939331055 36.8198013305664 37.7468719482422 37.820198059082
42.4567489624023 43.1773834228516 43.1823310852051 42.6999320983887 43.3404731750488 43.4690170288086 43.4668807983398 43.4269790649414 43.3535079956055 43.1391487121582 43.0244636535645 42.9237976074219 42.7486267089844 42.5472984313965 42.2714614868164 41.7417335510254 40.9614410400391 40.5412216186523 40.1025505065918 40.3137817382812 40.3615951538086 40.7175407409668 40.146297454834 39.9684181213379 39.6701545715332 39.0708389282227 39.2838439941406 40.856086730957 41.6425323486328 41.6884574890137 41.6669845581055 41.4590682983398 40.3500900268555 39.490650177002 39.406421661377 38.9508819580078 39.0325317382812 38.8377647399902 38.4345932006836 38.8476791381836 40.171085357666 40.2099533081055 39.7410125732422 39.2091522216797 39.0794067382812 38.535514831543
43.1403503417969 43.3249778747559 43.3603248596191 43.3350677490234 43.382381439209 43.4808502197266 43.4633483886719 43.4342422485352 43.3706970214844 43.2853088378906 43.1077613830566 43.0130462646484 42.9051895141602 42.7068748474121 42.4545707702637 42.0121765136719 41.2190933227539 40.8226852416992 40.1651420593262 40.0424537658691 40.0839424133301 40.4429168701172 40.0816383361816 39.8245048522949 39.7446365356445 39.7480964660645 40.4195365905762 41.3302536010742 41.714485168457 41.1641693115234 41.0649948120117 41.0426368713379 41.271053314209 40.7261543273926 40.4646072387695 39.7734146118164 40.6811676025391 40.5109786987305 40.4751129150391 40.4881896972656 40.230167388916 39.3467483520508 38.4904174804688 38.1748504638672 38.0293197631836 37.3390808105469
42.9173431396484 43.4883041381836 43.5185813903809 43.506233215332 43.4776649475098 43.4594841003418 43.3949203491211 43.4077186584473 43.3761024475098 43.335334777832 43.2695541381836 43.1201438903809 42.9417724609375 42.781078338623 42.5933494567871 42.3560676574707 41.8961296081543 41.2887687683105 40.5960388183594 39.9323081970215 39.9352149963379 40.3042984008789 40.1696624755859 39.8928184509277 39.7404747009277 39.8603363037109 41.0737609863281 41.7089309692383 41.7811241149902 41.5835838317871 41.0676689147949 40.5025100708008 41.1147994995117 41.2317161560059 41.2711524963379 40.6865615844727 41.1191139221191 40.7900924682617 40.6400833129883 40.4536323547363 39.3275718688965 38.0210189819336 36.8454055786133 37.1386642456055 37.0379028320312 36.1095275878906
42.8247871398926 43.3246765136719 43.1499938964844 43.0223693847656 43.1148338317871 43.4131088256836 43.3728637695312 43.3666839599609 43.3531837463379 43.3162231445312 43.2626190185547 43.196964263916 43.0771865844727 42.9226226806641 42.7665863037109 42.550365447998 42.1306114196777 41.7460556030273 41.4825210571289 40.8996505737305 40.0249900817871 40.1972351074219 39.9715690612793 40.0136756896973 39.8803672790527 39.8323936462402 40.7226676940918 41.6784133911133 41.7644691467285 41.4088478088379 41.2581024169922 40.2951545715332 40.5233955383301 40.7145957946777 40.9803848266602 41.1129493713379 40.9358024597168 40.7442626953125 40.3211402893066 40.3697204589844 40.0356788635254 38.9010314941406 38.1608047485352 38.626106262207 38.2093544006348 37.1547660827637
43.1372413635254 43.3306350708008 42.9616928100586 42.3542556762695 42.4274368286133 43.2269439697266 43.363639831543 43.3097839355469 43.2983283996582 43.2861213684082 43.1941299438477 43.1886405944824 43.1217765808105 43.003589630127 42.8521461486816 42.6660537719727 42.3532562255859 41.7538452148438 41.3710670471191 40.9372940063477 40.3049736022949 40.1853370666504 39.995792388916 39.7796592712402 39.7264747619629 40.0476303100586 41.000617980957 41.6497421264648 41.1942443847656 40.9775810241699 41.0445327758789 40.6923980712891 40.3871192932129 40.0707511901855 39.808235168457 40.2130355834961 40.001781463623 40.2606353759766 40.1637802124023 39.9619445800781 39.7062644958496 39.933837890625 39.6961555480957 39.3925857543945 38.839771270752 38.390193939209
43.2702522277832 43.3072052001953 43.1216430664062 42.8281784057617 42.5396156311035 43.000186920166 43.2206077575684 43.2164649963379 43.232120513916 43.2581748962402 43.2238159179688 43.2171974182129 43.1405410766602 43.0654678344727 42.9105377197266 42.7011451721191 42.4490852355957 42.2417335510254 41.8705940246582 41.2722778320312 40.9056549072266 40.6313247680664 40.1467781066895 39.5369644165039 39.6609077453613 39.8640251159668 41.0971527099609 41.5310440063477 39.851505279541 39.4606513977051 40.0139236450195 40.1660041809082 40.1004867553711 39.8825225830078 39.4230995178223 39.1676979064941 39.5995597839355 39.4304122924805 39.3758354187012 39.3056640625 39.0442237854004 38.7248840332031 38.9276657104492 39.3205604553223 38.7395439147949 37.7023429870605
43.1689453125 43.1493453979492 43.1533813476562 42.8912620544434 42.6231651306152 42.7666931152344 42.9166870117188 43.0640869140625 43.1358299255371 43.2172660827637 43.1767959594727 43.1304550170898 43.1790924072266 43.0957908630371 42.9688453674316 42.7118110656738 42.6448822021484 42.4923858642578 42.2523803710938 41.8934326171875 41.7398910522461 40.9927253723145 40.4304885864258 39.9783668518066 39.9518356323242 40.2770767211914 41.1459541320801 41.0363426208496 40.7504386901855 40.6309852600098 39.9174003601074 39.815486907959 39.6188011169434 39.4637489318848 38.7816543579102 38.3840827941895 38.5372428894043 38.4627494812012 38.6524620056152 38.4443206787109 38.4082069396973 37.5185394287109 38.1485595703125 38.894832611084 38.6560707092285 37.3053665161133
42.6976280212402 42.9446182250977 43.1106643676758 42.9965400695801 42.7985153198242 42.6615180969238 42.6083793640137 42.9136047363281 42.9890365600586 43.1170768737793 43.1645736694336 43.1198348999023 43.1467514038086 43.1359825134277 42.9582443237305 42.8443832397461 42.7317581176758 42.6112022399902 42.4478569030762 42.2470817565918 42.0423927307129 41.3673934936523 40.3108596801758 40.3680801391602 39.7118148803711 40.2201232910156 41.0344200134277 40.5121879577637 40.656063079834 41.0440521240234 40.9136924743652 40.7272758483887 40.1027412414551 39.6911811828613 38.2278022766113 37.0221748352051 37.0229415893555 36.8965263366699 36.8377265930176 37.2517356872559 37.380672454834 37.5152893066406 37.671142578125 38.4459609985352 38.2904357910156 37.9067459106445
42.8387451171875 42.876708984375 42.9785537719727 42.9356307983398 42.8821411132812 42.5850067138672 42.3488426208496 42.0909309387207 42.661075592041 43.0785980224609 43.1717643737793 43.1659049987793 43.2093658447266 43.1817970275879 42.8939399719238 42.5163688659668 42.4887008666992 42.516658782959 42.5315437316895 42.3996429443359 42.2484245300293 41.8427925109863 40.8211059570312 41.0729942321777 40.174747467041 40.1454811096191 40.2344551086426 40.5011787414551 39.5226631164551 40.1061325073242 39.7432098388672 39.8028984069824 40.8956604003906 40.4874114990234 39.5951919555664 37.5114059448242 36.6142959594727 36.5965385437012 35.9440460205078 36.3310966491699 36.9050827026367 36.8513488769531 36.9103660583496 38.1490516662598 37.7190856933594 37.2047882080078
42.9244689941406 42.8087615966797 42.8406829833984 42.6430435180664 42.8020629882812 42.7027053833008 42.4574317932129 42.1984062194824 42.3528213500977 42.8766441345215 43.0722503662109 43.195987701416 43.209285736084 43.1553115844727 43.079174041748 42.7015724182129 42.3170013427734 42.1192512512207 42.3343391418457 42.4187278747559 42.2697906494141 42.0968132019043 41.7839622497559 41.2410850524902 40.2411460876465 40.019947052002 39.9309425354004 39.9946403503418 40.0170593261719 39.5047912597656 38.9517517089844 39.6248092651367 40.684497833252 39.9916191101074 40.1631469726562 39.6477546691895 39.2093467712402 39.0626182556152 38.1317100524902 37.0733757019043 37.7199630737305 37.3796195983887 37.7214050292969 37.8690948486328 37.5664710998535 37.1072196960449
