inst/extdata/Tmax/Tmax23.asc
NCOLS 100 
NROWS 79 
XLLCORNER 148.06 
YLLCORNER -21.49 
CELLSIZE 0.01 
NODATA_value -3.4e+38 
[rows 20 to 39 of 79, columns 0 to 45 of 100]
36.821285247802699 37.3667755126953 37.5903129577637 37.3426551818848 37.5763778686523 38.4787864685059 38.0257987976074 38.3258094787598 37.1772689819336 37.1052932739258 38.1647491455078 37.6810684204102 36.5134429931641 34.583438873291 33.3166275024414 32.5102386474609 32.1645088195801 33.5712966918945 34.8162155151367 35.7801170349121 35.9332427978516 36.4363975524902 36.6941757202148 37.0655822753906 37.0040245056152 36.7161445617676 35.5419502258301 33.4647750854492 34.5792503356934 34.4334945678711 35.7041435241699 36.0221900939941 36.1175918579102 36.1958923339844 35.9483680725098 35.6253471374512 35.3795890808105 35.1595840454102 34.2202262878418 34.5688095092773 34.3443145751953 33.3501129150391 34.1529998779297 33.967155456543 32.5494499206543 32.6956214904785
37.5793228149414 37.9143333435059 37.9606819152832 37.6065711975098 37.5754051208496 37.5228691101074 37.1138114929199 37.9162101745605 38.1967124938965 38.4722023010254 38.1538848876953 38.1503639221191 37.619384765625 34.8914604187012 33.2538986206055 33.0317420959473 33.1758308410645 33.8170623779297 34.4477310180664 35.612621307373 36.3353843688965 36.9331207275391 36.1806182861328 36.7325782775879 36.6672248840332 36.3912925720215 36.1301956176758 34.5144462585449 34.5882110595703 35.6306419372559 36.1027679443359 35.8614349365234 35.7798347473145 34.497444152832 34.2218704223633 34.4565887451172 35.490421295166 33.575080871582 33.1138916015625 33.476001739502 32.6477584838867 33.2558326721191 33.4204444885254 30.9816570281982 30.9853744506836 31.8531913757324
37.8509788513184 38.1557083129883 38.0021820068359 37.3420295715332 38.6049156188965 37.7210960388184 37.9691734313965 37.6525611877441 38.3753662109375 37.5888748168945 38.6891899108887 38.3217887878418 38.1090660095215 37.0571060180664 36.1073913574219 34.3335876464844 32.6593399047852 33.2414245605469 33.6582679748535 35.7668609619141 36.6807670593262 35.8870162963867 36.0801277160645 35.5910911560059 35.0676116943359 35.9808502197266 35.9285469055176 35.6139335632324 35.5168495178223 35.556755065918 35.1706924438477 34.7033920288086 34.1230316162109 33.5764389038086 32.8820037841797 33.7448234558105 33.8214645385742 32.582405090332 32.6049690246582 32.5926895141602 31.221622467041 30.9909362792969 31.6840629577637 32.3227844238281 26.7631282806396 31.5152587890625
37.9706268310547 38.4596252441406 39.0063285827637 37.3245391845703 37.2754669189453 38.1616668701172 37.2453193664551 38.1751098632812 38.3809700012207 37.5192222595215 38.0666542053223 37.935001373291 38.2090034484863 37.2133560180664 35.2118453979492 34.2543563842773 33.0580177307129 33.3720207214355 34.0490379333496 35.0397109985352 35.6036682128906 36.3943290710449 35.5994300842285 34.1944694519043 34.7369766235352 34.9064636230469 34.8500289916992 35.9130668640137 36.2345390319824 35.9811935424805 35.6021041870117 34.4088973999023 33.724666595459 33.9422912597656 34.500129699707 34.1088371276855 31.7524108886719 31.2871227264404 31.9627704620361 32.1689491271973 30.7398376464844 30.5140819549561 30.110034942627 28.472053527832 29.8797206878662 30.0509128570557
38.1389923095703 38.062370300293 37.9199142456055 38.6650924682617 38.7809677124023 38.4967842102051 37.301025390625 38.360595703125 36.9184799194336 37.1371192932129 37.1833343505859 36.9599189758301 36.7770957946777 37.0590629577637 35.4397125244141 33.9400100708008 33.2119445800781 33.0755653381348 34.199836730957 34.3709526062012 35.7490463256836 36.1847038269043 33.3754959106445 33.0820426940918 33.4960403442383 33.8697814941406 34.1981506347656 35.6255416870117 36.0560684204102 35.4195137023926 35.8220100402832 35.3709907531738 35.275951385498 35.1265640258789 34.5576629638672 34.113883972168 33.4011688232422 32.3393478393555 31.0933532714844 30.5193920135498 29.3683395385742 28.4023532867432 29.0822162628174 31.013484954834 26.0295314788818 25.8458652496338
38.5966949462891 38.3156585693359 38.8002395629883 38.1682281494141 38.7194061279297 38.6106872558594 38.5099945068359 38.3032188415527 38.1324157714844 36.7232284545898 37.7463607788086 37.04638671875 36.2427711486816 36.2844734191895 36.275936126709 36.1022644042969 34.8178405761719 34.5705108642578 35.2314376831055 35.8794288635254 35.2197914123535 33.6284027099609 33.0626487731934 31.8201370239258 32.5549697875977 33.4899597167969 33.5806465148926 34.7176971435547 35.8049049377441 35.6028938293457 33.8680839538574 34.9464988708496 34.7513809204102 34.7581062316895 34.303539276123 33.9481315612793 33.3361930847168 31.9157562255859 29.5724964141846 30.1285152435303 28.6510639190674 29.7643127441406 31.303825378418 30.7641277313232 26.0374584197998 25.2379665374756
36.6411285400391 37.8519897460938 38.8978080749512 38.6800804138184 38.5904693603516 38.4602127075195 38.3952255249023 38.4402885437012 38.1568374633789 36.8212127685547 36.3871269226074 36.5443305969238 36.3995361328125 36.0404357910156 36.1078643798828 35.0910186767578 34.2861442565918 34.4251480102539 35.3270454406738 35.186840057373 34.8991050720215 35.3109359741211 34.1399116516113 32.6277313232422 32.0462532043457 32.823657989502 34.2900886535645 35.7157669067383 35.1870231628418 35.3419799804688 34.4548416137695 34.1765632629395 34.605411529541 33.9872207641602 33.8731079101562 32.960521697998 31.5890808105469 31.8594779968262 27.2299098968506 25.5893630981445 28.2801303863525 25.8322105407715 30.6559581756592 26.9675006866455 29.3247604370117 24.9927845001221
36.8153228759766 36.4332809448242 37.5754051208496 38.4399070739746 38.4033584594727 38.3243141174316 38.5583114624023 38.7125701904297 38.3297653198242 37.5815124511719 37.0914115905762 36.3580360412598 36.1829795837402 36.5457229614258 34.9266471862793 35.0541801452637 34.5893287658691 34.1382865905762 34.4743270874023 34.5468559265137 34.6653137207031 34.8906631469727 34.3304977416992 33.0736808776855 32.9110107421875 33.1669502258301 32.6661682128906 35.4296684265137 35.8818778991699 34.5928115844727 34.2215881347656 34.2860794067383 34.6486892700195 33.6704635620117 33.2306060791016 32.3509674072266 30.8858852386475 31.2306861877441 30.9812641143799 29.8038806915283 28.6374206542969 29.0981998443604 28.9235324859619 26.2527770996094 25.6456718444824 25.3004131317139
35.6269035339355 36.0675315856934 36.6531982421875 37.5572547912598 38.5942573547363 38.1248741149902 38.5866317749023 38.2605018615723 38.2703399658203 37.3061676025391 37.3853492736816 36.4992713928223 36.8113098144531 36.777400970459 36.4564552307129 34.263011932373 34.2390823364258 33.9922943115234 34.3749237060547 35.3572540283203 34.189022064209 34.7280693054199 33.6864471435547 32.6526184082031 32.9017791748047 33.2395095825195 33.2498435974121 34.1530265808105 35.0568237304688 34.9756126403809 35.0140533447266 34.0298194885254 33.5245246887207 32.1775856018066 31.4981002807617 30.5726776123047 30.8738803863525 30.9150352478027 31.0635280609131 28.5927886962891 25.7078456878662 25.7786922454834 29.1593208312988 25.5566787719727 25.7783145904541 25.6838836669922
34.5361518859863 35.2298812866211 35.8339958190918 36.5577278137207 37.9499015808105 37.9893035888672 37.3706092834473 38.5713272094727 38.3468742370605 37.9866104125977 36.9038009643555 37.2936058044434 36.6115493774414 36.3298645019531 36.9041595458984 36.6591682434082 36.236644744873 34.3865013122559 34.6700859069824 34.6578674316406 34.6145782470703 34.6615142822266 34.1955833435059 33.1825942993164 32.9552879333496 32.9696006774902 32.5188217163086 34.0844268798828 35.1465072631836 34.652156829834 35.1693572998047 33.5189247131348 32.457462310791 32.2887725830078 31.7555160522461 31.3957901000977 31.3710498809814 30.7858924865723 30.1573123931885 29.7795467376709 30.9663505554199 30.9672889709473 28.5103893280029 28.5038070678711 25.8618831634521 26.7439250946045
35.0712280273438 35.7141952514648 35.8398628234863 36.6044120788574 36.8921775817871 36.6854705810547 36.9202461242676 37.9928588867188 37.9678077697754 37.4518203735352 37.9347457885742 37.8635139465332 37.8842430114746 37.0510063171387 37.0775299072266 37.0618476867676 35.8268165588379 35.2667388916016 34.3017959594727 34.6897430419922 34.5190353393555 33.9764099121094 33.7334060668945 33.3315544128418 32.749153137207 32.0077705383301 32.4277877807617 34.274543762207 34.8375129699707 35.0248680114746 35.3223075866699 35.4788208007812 33.6244049072266 32.3520278930664 31.6246547698975 32.4242286682129 32.0281028747559 31.354772567749 30.5345878601074 30.5699501037598 32.6331825256348 32.5107460021973 32.0550117492676 31.0814952850342 27.8537139892578 27.1482696533203
36.1101150512695 36.0298004150391 36.9069366455078 37.7425384521484 38.236873626709 36.9504547119141 37.0332450866699 38.3289489746094 38.3057403564453 37.6501274108887 38.0461616516113 37.7050666809082 37.6599349975586 37.2559089660645 36.2988357543945 36.6325263977051 34.3597145080566 33.0360717773438 34.3714790344238 34.0100250244141 33.9962768554688 34.1914253234863 33.6373329162598 33.3691711425781 32.9519729614258 32.9483032226562 33.364559173584 34.7045631408691 35.4739761352539 34.4030456542969 34.8765335083008 34.9133148193359 35.2665710449219 34.3068161010742 33.5937995910645 32.3514556884766 32.6453857421875 32.6930847167969 32.2793426513672 33.81103515625 32.8013191223145 32.2385025024414 27.1845455169678 28.8296985626221 26.4318237304688 25.7498817443848
35.6556129455566 37.0085220336914 36.873046875 36.976001739502 38.1608123779297 37.3536796569824 37.9727897644043 37.6224174499512 38.2222671508789 37.235710144043 38.2238578796387 37.7170448303223 37.6792945861816 37.0715980529785 36.6603965759277 36.1418380737305 36.1132545471191 34.3952293395996 33.2013969421387 33.5135917663574 33.5911178588867 34.1498489379883 33.5260429382324 33.599250793457 33.2171783447266 33.0411376953125 34.8143920898438 35.0796089172363 34.9761924743652 36.3933181762695 34.9727821350098 34.366283416748 35.7181663513184 35.616340637207 34.9116325378418 34.1501083374023 33.8752708435059 33.7843589782715 33.3116302490234 33.47412109375 32.5092544555664 30.0172824859619 25.3894634246826 25.7225284576416 25.9182777404785 24.654821395874
36.3919830322266 36.5391120910645 37.1358604431152 36.1002311706543 36.6462326049805 35.5941696166992 36.3010749816895 37.6359901428223 38.1531944274902 37.9565391540527 38.2790107727051 37.5313186645508 37.3760795593262 37.4212837219238 36.8029670715332 36.5756912231445 36.9580879211426 36.4712066650391 35.7408485412598 35.2965087890625 34.0478401184082 33.8097991943359 34.3182106018066 33.9729499816895 33.5857849121094 33.1829414367676 34.796947479248 35.6937828063965 35.2642059326172 35.3801879882812 35.1467132568359 33.8773384094238 33.5761299133301 33.6418342590332 34.1524429321289 34.4104919433594 34.4259414672852 34.8649520874023 34.3707046508789 34.5260162353516 32.764404296875 28.1470432281494 26.6455612182617 26.9091129302979 26.7187576293945 25.7458724975586
36.9108963012695 37.2963829040527 37.060905456543 35.2570457458496 35.9569053649902 37.0131149291992 36.2368507385254 37.6576499938965 38.0379524230957 37.6799201965332 38.1275177001953 37.8408851623535 38.1894378662109 37.7007637023926 37.2808113098145 37.1064529418945 36.8207359313965 36.4955215454102 36.0684509277344 35.0824089050293 33.6190567016602 34.6742401123047 35.0795860290527 33.9091186523438 33.4790954589844 33.4108734130859 33.3365249633789 34.771183013916 34.5174331665039 33.5826263427734 34.5724334716797 33.4867401123047 33.0614280700684 33.081356048584 32.7768936157227 32.9882583618164 33.622314453125 33.2071914672852 33.8602447509766 33.5900039672852 31.9254627227783 31.6898651123047 28.8487720489502 28.2218322753906 27.5270919799805 27.4425964355469
36.6385154724121 37.9749183654785 37.0494804382324 36.2236785888672 34.6865768432617 36.9940147399902 38.3977584838867 36.539680480957 37.528938293457 38.1283226013184 38.021240234375 37.8688812255859 37.367748260498 37.5200996398926 37.1696128845215 37.335765838623 36.4029273986816 35.9674987792969 35.8789978027344 35.2996788024902 34.2131996154785 34.8576278686523 33.9949645996094 32.596134185791 33.0032043457031 32.6084823608398 34.0848083496094 33.3716278076172 33.0756072998047 30.4510650634766 32.376522064209 32.9541511535645 33.2589263916016 32.9146156311035 32.9062004089355 31.9962844848633 32.2049255371094 32.5937957763672 33.5594749450684 32.8999328613281 28.061336517334 27.7572040557861 27.5244216918945 28.0709991455078 27.8060245513916 26.6431903839111
37.2301177978516 36.3789024353027 37.7041206359863 36.9850120544434 36.8498497009277 36.8687286376953 36.897346496582 36.9918785095215 37.1544075012207 38.4728012084961 38.4747657775879 37.9138565063477 37.7957458496094 38.0545463562012 37.80419921875 36.6713905334473 36.0528717041016 35.9994239807129 35.986888885498 35.9698600769043 35.2948837280273 34.285400390625 33.1921195983887 32.925952911377 33.2128105163574 33.8649482727051 34.4962310791016 33.6117286682129 33.2606201171875 31.3216781616211 31.0458545684814 30.0692234039307 31.5603370666504 32.9123764038086 32.8436737060547 30.998607635498 30.9710941314697 30.6070919036865 30.3986949920654 26.9039916992188 26.9209289550781 26.184440612793 26.7179946899414 27.6401920318604 27.6836605072021 26.0859985351562
36.5818824768066 36.0839462280273 37.3920021057129 36.1990203857422 36.3554306030273 36.3737106323242 35.16552734375 35.959300994873 36.9962997436523 37.3180618286133 38.0548896789551 38.084903717041 37.966007232666 37.4645729064941 37.7978935241699 37.6840057373047 36.9982948303223 35.7092437744141 36.221004486084 35.7581520080566 35.5816040039062 34.8541679382324 33.355598449707 33.1975440979004 32.616569519043 33.2991943359375 34.2898902893066 33.369701385498 33.5711364746094 33.2891502380371 33.2681121826172 32.1758346557617 31.8022346496582 30.5200748443604 26.4780178070068 25.3202495574951 25.469331741333 25.2475204467773 25.1943969726562 25.4406604766846 25.6433868408203 25.7523899078369 26.0542869567871 26.912633895874 27.2587490081787 26.7993106842041
36.5667610168457 35.9503402709961 35.9939804077148 37.2037315368652 36.889476776123 37.0072898864746 35.5681266784668 34.7038879394531 35.6513023376465 36.5693664550781 37.8725357055664 38.226432800293 38.1359786987305 37.9616241455078 36.8861045837402 36.4752616882324 36.4788284301758 36.0908966064453 36.5399856567383 36.4083404541016 36.3794174194336 35.0830039978027 34.3863563537598 34.0186042785645 33.089786529541 33.8735809326172 33.6083526611328 33.7677268981934 32.0496940612793 33.0192070007324 32.216480255127 32.0318603515625 32.3932876586914 31.6877613067627 30.1658020019531 24.9578666687012 24.5876369476318 24.5080528259277 24.3380947113037 24.8960742950439 25.5357131958008 27.0552196502686 25.6191082000732 26.7474517822266 26.2325649261475 26.1136951446533
36.1770439147949 35.6813125610352 36.9297714233398 36.9033126831055 37.164608001709 36.2764129638672 35.9363861083984 35.278263092041 36.1824989318848 35.5757484436035 36.5185050964355 38.0159149169922 37.7390441894531 37.5307159423828 36.840015411377 37.1355323791504 35.4810600280762 35.7334289550781 36.1323471069336 35.9396438598633 36.0232200622559 35.3718719482422 35.4353179931641 34.8374366760254 33.6607704162598 33.5892333984375 33.236629486084 33.148509979248 33.6351776123047 32.6419982910156 31.5549259185791 30.6587200164795 32.6930694580078 32.8397483825684 32.8836097717285 30.3816070556641 27.487678527832 27.0797538757324 26.0687141418457 25.1159706115723 25.9092979431152 25.8967304229736 25.9746417999268 26.4233741760254 26.3357200622559 26.0048637390137
