inst/extdata/Tmax/Tmax20.asc
NCOLS 100 
NROWS 79 
XLLCORNER 148.06 
YLLCORNER -21.49 
CELLSIZE 0.01 
NODATA_value -3.4e+38 
[rows 20 to 39 of 79, columns 0 to 45 of 100]
27.322877883911101 27.8273887634277 28.0190334320068 27.7481689453125 27.9453907012939 28.7863616943359 28.3191795349121 28.604621887207 27.4399185180664 27.3589611053467 28.4320011138916 28.0353126525879 26.9732456207275 25.2061519622803 24.1097412109375 23.3536624908447 23.01540184021 24.3061637878418 25.2326908111572 26.0322399139404 26.1504211425781 26.6167640686035 26.7370414733887 27.0699710845947 27.0271816253662 26.8015975952148 25.7940368652344 23.9823226928711 24.8978691101074 24.7029800415039 25.7464122772217 26.0286197662354 26.0489902496338 26.1105270385742 25.8486289978027 25.5792751312256 25.434965133667 25.1872787475586 24.3796310424805 24.61598777771 24.4397621154785 23.6636238098145 24.3630352020264 24.1349487304688 22.6512451171875 22.7625389099121
28.0831260681152 28.3712539672852 28.3827571868896 28.0059127807617 27.9415321350098 27.8571319580078 27.4479656219482 28.2374172210693 28.4911785125732 28.7503833770752 28.4312801361084 28.4391021728516 27.9478187561035 25.4733428955078 24.0365104675293 23.8517189025879 23.9660797119141 24.5132598876953 24.9650726318359 25.9859924316406 26.6404418945312 27.2339096069336 26.2834491729736 26.7619819641113 26.7288131713867 26.4185981750488 26.1375064849854 24.7380142211914 24.8344383239746 25.6786479949951 26.0835628509521 25.8465366363525 25.8457832336426 24.7360019683838 24.4275932312012 24.6434154510498 25.4966335296631 23.7904033660889 23.4363613128662 23.6687717437744 22.9451580047607 23.4993953704834 23.7301120758057 21.5668067932129 21.4417304992676 22.0585803985596
28.3619613647461 28.6233768463135 28.4359664916992 27.7479782104492 28.9834079742432 28.0763740539551 28.3349552154541 28.0173931121826 28.7214870452881 27.9106025695801 29.0080947875977 28.6243934631348 28.4287509918213 27.5323524475098 26.7919178009033 25.1112823486328 23.5131359100342 24.0339393615723 24.3838882446289 26.2905216217041 27.1421165466309 26.2796535491943 26.2395896911621 25.7897167205811 25.3699550628662 26.137077331543 26.0324363708496 25.6612739562988 25.6275596618652 25.6266803741455 25.2994861602783 24.863639831543 24.4430103302002 23.9787082672119 23.3341083526611 24.1008701324463 24.1718978881836 23.0910053253174 23.0987014770508 23.0887680053711 21.7941207885742 21.7418346405029 22.1964626312256 22.9061546325684 17.4971981048584 21.9088230133057
28.5050315856934 28.9550514221191 29.4657039642334 27.7547187805176 27.684139251709 28.5410766601562 27.6096878051758 28.5819454193115 28.782958984375 27.8839454650879 28.4456977844238 28.3288917541504 28.5439720153809 27.6319160461426 25.8321342468262 24.9528770446777 23.8503932952881 24.1983852386475 24.8028812408447 25.7572269439697 26.2015895843506 26.6499767303467 25.9054069519043 24.6648960113525 25.1334247589111 25.2286777496338 25.2429542541504 25.9707927703857 26.256290435791 26.0198955535889 25.6872444152832 24.8201313018799 24.2163848876953 24.3432369232178 24.7652816772461 24.4992065429688 22.4108753204346 22.0848426818848 22.5157012939453 22.8608894348145 21.5179901123047 21.3673896789551 20.8946189880371 19.1110153198242 20.6746482849121 20.7310981750488
28.7042617797852 28.5847988128662 28.4033813476562 29.1256504058838 29.2200450897217 28.9041919708252 27.6749324798584 28.747200012207 27.3181114196777 27.5487403869629 27.5898952484131 27.3429222106934 27.173807144165 27.5284938812256 26.0601577758789 24.6298847198486 23.9857044219971 23.8918495178223 24.9910659790039 25.1614322662354 26.3773612976074 26.5252552032471 24.0306644439697 23.8219585418701 24.0138530731201 24.3680534362793 24.6109714508057 25.7715282440186 26.0963153839111 25.5548400878906 25.9481334686279 25.5431671142578 25.4305267333984 25.2356452941895 24.7473049163818 24.3784160614014 23.770092010498 23.0416278839111 21.8426151275635 21.2806034088135 20.2239189147949 19.2758083343506 19.9158363342285 21.7020435333252 16.8421649932861 16.6196136474609
29.1620941162109 28.8792362213135 29.3300933837891 28.6738109588623 29.1916370391846 29.0499324798584 28.9096393585205 28.6826133728027 28.518518447876 27.1396656036377 28.1810531616211 27.4831562042236 26.6873016357422 26.8345413208008 26.8805923461914 26.7597827911377 25.5412464141846 25.331657409668 25.9400615692139 26.5080986022949 25.8262958526611 24.2353649139404 23.7555713653564 22.6604862213135 23.332763671875 24.1380195617676 24.1559829711914 24.8731899261475 25.8737773895264 25.7600688934326 24.280309677124 25.1326923370361 24.9544258117676 24.9759540557861 24.5839385986328 24.3066902160645 23.7066898345947 22.6960487365723 20.4168720245361 20.9310855865479 19.5243034362793 20.5735111236572 22.0730094909668 21.4482097625732 16.7809295654297 16.0397853851318
27.2064056396484 28.4158210754395 29.4601402282715 29.2247543334961 29.1059055328369 28.9447574615479 28.824535369873 28.8378944396973 28.5575065612793 27.2970581054688 26.8592414855957 27.0525360107422 26.8781604766846 26.5974922180176 26.7307395935059 25.8269100189209 25.0651741027832 25.1797637939453 26.0267848968506 25.8959274291992 25.5864486694336 25.8084106445312 24.6553688049316 23.3980484008789 22.8642539978027 23.5312805175781 24.7566337585449 25.8735885620117 25.2914962768555 25.4889678955078 24.8433742523193 24.659215927124 24.8114795684814 24.3405132293701 24.3430480957031 23.6685886383057 22.3595600128174 22.5713787078857 18.0302658081055 16.4526290893555 19.1513175964355 16.6714630126953 21.4862823486328 17.7139225006104 20.1203422546387 15.8148288726807
27.3815326690674 26.9972801208496 28.1374816894531 29.000467300415 28.9576721191406 28.8336658477783 29.0117778778076 29.1362285614014 28.7405796051025 28.0102405548096 27.551176071167 26.8535690307617 26.6792526245117 27.0635929107666 25.5411510467529 25.7886943817139 25.3604412078857 24.91335105896 25.2330760955811 25.3071517944336 25.3000144958496 25.3485851287842 24.9283313751221 23.7851333618164 23.6873645782471 23.9146156311035 23.3986072540283 25.7366180419922 26.0499744415283 24.7718296051025 24.6292514801025 24.6927490234375 24.9354190826416 24.1699085235596 23.9249057769775 23.1461601257324 21.7190456390381 22.0011444091797 21.7446975708008 20.6644763946533 19.5079650878906 19.9445304870605 19.7607860565186 17.0395412445068 16.4560470581055 16.1158218383789
26.2025318145752 26.641077041626 27.2180099487305 28.1186599731445 29.155179977417 28.6431369781494 29.0637760162354 28.7103729248047 28.7222881317139 27.7553329467773 27.8462963104248 27.045618057251 27.3235111236572 27.2990245819092 27.0239486694336 24.9457244873047 25.0028476715088 24.8147163391113 25.1587524414062 26.0386257171631 24.8167037963867 25.2888641357422 24.3634967803955 23.4108123779297 23.6806774139404 23.9997119903564 23.9585342407227 24.6450958251953 25.2818164825439 25.154260635376 25.330940246582 24.4025230407715 24.0096683502197 22.9354152679443 22.3500289916992 21.4320201873779 21.735164642334 21.748893737793 21.8718719482422 19.4101982116699 16.5420017242432 16.5908489227295 19.9738349914551 16.3708629608154 16.5783596038818 16.4746799468994
25.155122756958 25.8050880432129 26.4001445770264 27.1247386932373 28.5115585327148 28.5298194885254 27.8727378845215 29.046802520752 28.8442420959473 28.4917812347412 27.3810710906982 27.8071670532227 27.1550197601318 26.8731250762939 27.4517288208008 27.2438926696777 26.8727512359619 25.1736831665039 25.4183979034424 25.395788192749 25.3337001800537 25.2783317565918 24.8543281555176 23.9309883117676 23.7268695831299 23.7651977539062 23.3167819976807 24.6153678894043 25.3855075836182 24.8403720855713 25.591157913208 24.2156085968018 23.1886119842529 23.0607357025146 22.5589447021484 22.2427959442139 22.2053508758545 21.6285781860352 21.0087966918945 20.601655960083 21.650951385498 21.6278629302979 19.2359066009521 19.3106994628906 16.5840454101562 17.4426021575928
25.6757907867432 26.2862567901611 26.408561706543 27.1811923980713 27.4555358886719 27.249605178833 27.4440422058105 28.4914855957031 28.451416015625 27.9636764526367 28.4442234039307 28.3583011627197 28.3953533172607 27.5866260528564 27.6224536895752 27.6383304595947 26.4813079833984 25.9680328369141 25.0543594360352 25.4116306304932 25.2309665679932 24.6374759674072 24.461275100708 24.0782299041748 23.5307540893555 22.8650779724121 23.2492237091064 24.8643493652344 25.1368885040283 25.2836856842041 25.560022354126 25.7420444488525 24.2171802520752 23.1115703582764 22.3911151885986 23.2207908630371 22.7979602813721 22.11940574646 21.3101348876953 21.2961654663086 23.0313110351562 22.8652229309082 22.5221633911133 21.6971015930176 18.4605045318604 17.7841014862061
26.6904754638672 26.6040058135986 27.4781131744385 28.3110809326172 28.803466796875 27.5169982910156 27.5899639129639 28.8575019836426 28.8164920806885 28.1496849060059 28.5628433227539 28.2053890228271 28.1559410095215 27.7756366729736 26.8406982421875 27.1861019134521 24.9833278656006 23.7016487121582 25.1142196655273 24.7644996643066 24.7415370941162 24.8841743469238 24.3715438842773 24.1325054168701 23.7216415405273 23.7133846282959 24.0360012054443 25.1549396514893 25.7804374694824 24.8438491821289 25.3187961578369 25.3244380950928 25.5858840942383 24.7605037689209 24.1099414825439 23.0610275268555 23.0241794586182 23.0958862304688 22.6674900054932 24.1704578399658 23.2111339569092 22.8830242156982 17.8801918029785 19.5329837799072 17.1293659210205 16.4857406616211
26.2467403411865 27.5866661071777 27.4491004943848 27.5496597290039 28.7318267822266 27.9223499298096 28.5386943817139 28.1867656707764 28.7638969421387 27.7526931762695 28.7237453460693 28.2175788879395 28.1974430084229 27.6019744873047 27.2019500732422 26.6846675872803 26.6691761016846 25.006383895874 23.8890895843506 24.2804470062256 24.3537311553955 24.8583564758301 24.2474174499512 24.351957321167 23.9855575561523 23.7897262573242 25.4084033966064 25.4420337677002 25.2913208007812 26.7379951477051 25.4473934173584 25.0001602172852 26.1105442047119 25.9493160247803 25.2073822021484 24.588493347168 24.1561470031738 24.1351795196533 23.6808700561523 23.8725891113281 23.1771965026855 20.76637840271 16.2038402557373 16.5029067993164 16.6906108856201 15.4731311798096
26.9923553466797 27.121488571167 27.7168979644775 26.6799793243408 27.2204647064209 26.164966583252 26.8692302703857 28.201732635498 28.716459274292 28.5168914794922 28.8190212249756 28.0464286804199 27.8908824920654 27.9465522766113 27.3392372131348 27.117000579834 27.5067844390869 27.0362377166748 26.3286037445068 25.9448585510254 24.7995891571045 24.5324687957764 25.065465927124 24.7107086181641 24.3365249633789 23.9357089996338 25.4308204650879 26.0965118408203 25.6162204742432 25.8065052032471 25.5906887054443 24.5370864868164 24.2033348083496 24.1724834442139 24.5648708343506 24.759693145752 24.793420791626 25.2625312805176 24.8674545288086 24.9820823669434 23.3000717163086 18.8286685943604 17.3674068450928 17.575984954834 17.402063369751 16.4948635101318
27.5058040618896 27.8834781646729 27.6513824462891 25.8698291778564 26.5602989196777 27.5871143341064 26.8083190917969 28.2258453369141 28.6032981872559 28.2425308227539 28.6862087249756 28.3920764923096 28.7242202758789 28.2349395751953 27.8246955871582 27.6488265991211 27.3647937774658 27.0614929199219 26.6672554016113 25.7256660461426 24.3345260620117 25.3973655700684 25.8225841522217 24.6757221221924 24.2484970092773 24.1346740722656 23.9376983642578 25.2095966339111 25.0862255096436 24.1732501983643 25.1272888183594 24.0975914001465 23.7042999267578 23.7595157623291 23.4847640991211 23.6392002105713 24.2922382354736 23.7926330566406 24.4479999542236 24.2183952331543 22.5652713775635 22.2540664672852 19.4473991394043 18.825174331665 18.1577110290527 18.0931434631348
27.2359104156494 28.5673694610596 27.6410961151123 26.8193683624268 25.2895622253418 27.5757350921631 28.972620010376 27.1112117767334 28.097297668457 28.6938457489014 28.5834655761719 28.4285793304443 27.9235019683838 28.0692329406738 27.7173690795898 27.8808326721191 26.9477787017822 26.5137310028076 26.4363803863525 25.9049110412598 24.8556423187256 25.5252666473389 24.7180366516113 23.3929195404053 23.7800102233887 23.3549251556396 24.6747055053711 23.8859920501709 23.8072738647461 21.229736328125 23.0782279968262 23.6286678314209 23.9373149871826 23.616678237915 23.6650104522705 22.7706832885742 22.9273166656494 23.3118534088135 24.2626399993896 23.5894641876221 18.7519760131836 18.452184677124 18.1852951049805 18.6810359954834 18.4455547332764 17.3497695922852
27.8355178833008 26.9797706604004 28.3005638122559 27.5841102600098 27.4545497894287 27.4625492095947 27.4811782836914 27.5688190460205 27.7269268035889 29.0418548583984 29.0402851104736 28.4759559631348 28.3552150726318 28.6098709106445 28.3553142547607 27.2198219299316 26.5975952148438 26.5422897338867 26.5314102172852 26.524227142334 25.851634979248 24.910608291626 23.8795585632324 23.6655158996582 23.9515781402588 24.5583972930908 25.0804557800293 24.2034568786621 23.8802261352539 21.9510326385498 21.7598266601562 20.7887058258057 22.301305770874 23.6696128845215 23.6582851409912 21.8209209442139 21.7661819458008 21.3905048370361 21.1526679992676 17.655517578125 17.6582870483398 16.9654331207275 17.4391593933105 18.2856864929199 18.3305931091309 16.8219051361084
27.2114391326904 26.6968727111816 27.9952774047852 26.8006954193115 26.958797454834 26.9774188995361 25.7651844024658 26.5440769195557 27.5752048492432 27.8915424346924 28.6245403289795 28.6509132385254 28.5287075042725 28.0238189697266 28.3525581359863 28.2350311279297 27.5457630157471 26.2537364959717 26.7638473510742 26.3015117645264 26.1272468566895 25.4386463165283 24.0575542449951 23.8882369995117 23.3854217529297 23.9995193481445 24.8861808776855 24.0222053527832 24.2021732330322 23.8720417022705 23.8610610961914 22.7825660705566 22.4802742004395 21.2469062805176 17.3231353759766 16.2133502960205 16.348201751709 16.1196327209473 16.0565490722656 16.2670650482178 16.4480953216553 16.5325202941895 16.8090438842773 17.5942401885986 17.9355964660645 17.4898147583008
27.1970901489258 26.5728225708008 26.6077308654785 27.81396484375 27.4965534210205 27.6211700439453 26.1870021820068 25.3318538665771 26.2450122833252 27.1482086181641 28.4468002319336 28.796911239624 28.7031383514404 28.5249996185303 27.4452209472656 27.0368576049805 27.0353298187256 26.641622543335 27.0854110717773 26.9517459869385 26.9219760894775 25.6359996795654 25.0292835235596 24.628568649292 23.8021011352539 24.5853424072266 24.3016757965088 24.4241199493408 22.8254261016846 23.7158355712891 22.9552974700928 22.7552642822266 22.9791202545166 22.3160762786865 20.9030799865723 15.8256797790527 15.4839134216309 15.3929958343506 15.2394170761108 15.7691879272461 16.3674125671387 17.8753700256348 16.4226226806641 17.4530467987061 16.9540843963623 16.8568801879883
26.8106174468994 26.3133373260498 27.5551719665527 27.5319137573242 27.7810459136963 26.8915157318115 26.5559864044189 25.9060401916504 26.7960052490234 26.1636600494385 27.0984172821045 28.5912132263184 28.3106021881104 28.0981101989746 27.4031562805176 27.6974201202393 26.0482635498047 26.3032855987549 26.6876983642578 26.4869785308838 26.5694999694824 25.91774559021 25.9897727966309 25.4297122955322 24.3653335571289 24.3172302246094 23.9685325622559 23.8682918548584 24.347936630249 23.4161758422852 22.3971843719482 21.4056529998779 23.3035354614258 23.5304012298584 23.5478610992432 21.1077423095703 18.2375297546387 17.8220996856689 16.855188369751 15.9500598907471 16.6917724609375 16.6844825744629 16.7258815765381 17.1492595672607 17.0679378509521 16.754243850708
