inst/extdata/Tmax/Tmax65.asc
NCOLS 100 
NROWS 79 
XLLCORNER 148.06 
YLLCORNER -21.49 
CELLSIZE 0.01 
NODATA_value -3.4e+38 
[rows 0 to 19 of 79, columns 46 to 91 of 100]
39.170597076416 38.9731864929199 38.858585357666 38.852970123291 38.8288993835449 38.7026252746582 38.9192085266113 38.7349967956543 38.5301551818848 38.3440933227539 38.2641448974609 37.9856491088867 37.8837890625 38.1121406555176 38.3983993530273 38.327091217041 38.2016067504883 38.0302925109863 37.7295074462891 37.5484161376953 37.4362716674805 -3.4e+38 -3.4e+38 -3.4e+38 -3.4e+38 -3.4e+38 -3.4e+38 -3.4e+38 -3.4e+38 -3.4e+38 -3.4e+38 -3.4e+38 -3.4e+38 -3.4e+38 -3.4e+38 -3.4e+38 -3.4e+38 -3.4e+38 -3.4e+38 -3.4e+38 -3.4e+38 -3.4e+38 -3.4e+38 -3.4e+38 -3.4e+38 -3.4e+38
39.1482276916504 38.8434219360352 38.5996856689453 38.8571853637695 39.0217056274414 39.0220832824707 38.9687843322754 38.8568801879883 38.4979972839355 38.0434341430664 38.1872825622559 37.6396179199219 38.1585350036621 38.4788284301758 38.4590263366699 38.3753662109375 38.2647933959961 38.1275329589844 37.9274291992188 37.8348617553711 37.7464485168457 37.6126136779785 -3.4e+38 -3.4e+38 -3.4e+38 -3.4e+38 -3.4e+38 -3.4e+38 -3.4e+38 -3.4e+38 -3.4e+38 -3.4e+38 -3.4e+38 -3.4e+38 -3.4e+38 -3.4e+38 -3.4e+38 -3.4e+38 -3.4e+38 -3.4e+38 -3.4e+38 -3.4e+38 -3.4e+38 -3.4e+38 -3.4e+38 -3.4e+38
39.0747489929199 38.2932205200195 37.4367790222168 38.833984375 39.0322570800781 39.0390205383301 39.0125885009766 38.9517631530762 38.7073402404785 38.0930709838867 38.1950836181641 38.334285736084 38.4128799438477 38.5710906982422 38.5357894897461 38.4449844360352 38.3559379577637 38.256233215332 38.1258773803711 37.8953742980957 37.8724403381348 37.7097244262695 37.4784049987793 37.1931419372559 -3.4e+38 -3.4e+38 -3.4e+38 -3.4e+38 -3.4e+38 -3.4e+38 -3.4e+38 -3.4e+38 -3.4e+38 -3.4e+38 -3.4e+38 -3.4e+38 -3.4e+38 -3.4e+38 -3.4e+38 -3.4e+38 -3.4e+38 -3.4e+38 -3.4e+38 -3.4e+38 -3.4e+38 -3.4e+38
38.6341285705566 38.6914901733398 37.5737380981445 38.7131500244141 38.9056205749512 38.9602966308594 39.0212287902832 38.9138488769531 38.7725028991699 38.4219970703125 38.3203735351562 38.0509185791016 38.4103584289551 38.5455703735352 38.5710105895996 38.4804611206055 38.4236106872559 38.3540306091309 38.2082557678223 37.8221054077148 37.6421203613281 37.6662864685059 37.6059722900391 37.5264892578125 37.3584365844727 36.9596977233887 -3.4e+38 -3.4e+38 -3.4e+38 -3.4e+38 -3.4e+38 -3.4e+38 -3.4e+38 -3.4e+38 -3.4e+38 -3.4e+38 -3.4e+38 -3.4e+38 -3.4e+38 -3.4e+38 -3.4e+38 -3.4e+38 -3.4e+38 -3.4e+38 -3.4e+38 -3.4e+38
38.632682800293 38.6501045227051 37.4125747680664 37.6411819458008 38.441478729248 38.9621849060059 39.0472068786621 38.8936653137207 38.8582000732422 38.5239372253418 38.2224159240723 38.0185737609863 37.6175270080566 38.2757720947266 38.5394248962402 38.459300994873 38.4965629577637 38.4453086853027 38.1914482116699 37.4068298339844 36.8777122497559 37.6592407226562 37.7440605163574 37.6778984069824 37.431957244873 37.1576538085938 -3.4e+38 -3.4e+38 -3.4e+38 -3.4e+38 -3.4e+38 -3.4e+38 -3.4e+38 -3.4e+38 -3.4e+38 -3.4e+38 -3.4e+38 -3.4e+38 -3.4e+38 -3.4e+38 -3.4e+38 -3.4e+38 -3.4e+38 -3.4e+38 -3.4e+38 -3.4e+38
37.7736549377441 38.5203590393066 36.9408073425293 36.2863159179688 38.0832557678223 39.0520172119141 38.9789352416992 38.9125823974609 38.8493537902832 38.4175720214844 37.4748573303223 37.1261672973633 37.4599838256836 38.4210891723633 38.3183441162109 38.5020523071289 38.5522193908691 38.4781875610352 38.3796539306641 37.6985626220703 36.9306030273438 37.0018196105957 37.535816192627 37.607593536377 37.5852470397949 37.5009918212891 -3.4e+38 -3.4e+38 -3.4e+38 -3.4e+38 -3.4e+38 -3.4e+38 -3.4e+38 -3.4e+38 -3.4e+38 -3.4e+38 -3.4e+38 -3.4e+38 -3.4e+38 -3.4e+38 -3.4e+38 -3.4e+38 -3.4e+38 -3.4e+38 -3.4e+38 -3.4e+38
36.8578262329102 38.511058807373 37.8596420288086 37.7662887573242 38.7572631835938 39.02490234375 38.8381233215332 38.7140312194824 38.8660125732422 38.3525161743164 37.6069488525391 37.5891036987305 38.2701263427734 38.3976554870605 37.4346237182617 38.3618659973145 38.4243507385254 38.4267387390137 38.4631195068359 38.162036895752 37.7554550170898 37.4669952392578 37.699878692627 37.4432830810547 37.7079238891602 37.744499206543 37.6152572631836 37.3418998718262 -3.4e+38 -3.4e+38 -3.4e+38 -3.4e+38 -3.4e+38 -3.4e+38 -3.4e+38 -3.4e+38 -3.4e+38 -3.4e+38 -3.4e+38 -3.4e+38 -3.4e+38 -3.4e+38 -3.4e+38 -3.4e+38 -3.4e+38 -3.4e+38
36.0017623901367 38.5474128723145 39.005615234375 38.7972793579102 37.7530136108398 38.0118675231934 38.652416229248 38.8007736206055 38.9573287963867 38.7497940063477 38.3361434936523 37.8908653259277 37.9096488952637 38.1296005249023 37.6525230407715 38.3867263793945 37.6292381286621 37.5814743041992 38.3195114135742 38.4474830627441 38.269847869873 37.9967994689941 37.8819236755371 37.9323844909668 37.899471282959 37.8690528869629 37.676815032959 37.5283012390137 37.2481498718262 36.7330093383789 36.7191925048828 -3.4e+38 -3.4e+38 -3.4e+38 -3.4e+38 -3.4e+38 -3.4e+38 -3.4e+38 -3.4e+38 -3.4e+38 -3.4e+38 -3.4e+38 -3.4e+38 -3.4e+38 -3.4e+38 -3.4e+38
35.9358406066895 38.0667266845703 39.0312576293945 38.901927947998 38.0028038024902 36.4493865966797 37.8427658081055 38.9046745300293 38.9728393554688 38.8425712585449 38.6810989379883 38.3951683044434 38.4066314697266 38.2146415710449 37.6605834960938 37.5901145935059 37.1410675048828 37.9379615783691 38.2534408569336 38.3235969543457 38.3359870910645 37.9545516967773 37.5331611633301 37.1886253356934 37.916072845459 37.9718399047852 37.8433609008789 37.6770362854004 37.5548820495605 36.9956512451172 36.8400001525879 36.9840126037598 -3.4e+38 -3.4e+38 -3.4e+38 -3.4e+38 -3.4e+38 -3.4e+38 -3.4e+38 -3.4e+38 -3.4e+38 -3.4e+38 -3.4e+38 -3.4e+38 -3.4e+38 -3.4e+38
36.9218406677246 38.0862846374512 38.9071350097656 38.8858642578125 38.8463172912598 37.4095115661621 37.7179145812988 38.8161468505859 38.990608215332 38.8541564941406 38.6448287963867 38.3655662536621 38.2249031066895 38.3315238952637 37.625560760498 37.3082695007324 37.2152214050293 38.3931198120117 38.222412109375 37.8966522216797 38.3098487854004 38.2638359069824 38.0470161437988 37.6760330200195 38.1002731323242 38.0415534973145 37.8764533996582 37.9270057678223 37.769229888916 37.4734992980957 37.0091018676758 37.0230255126953 -3.4e+38 -3.4e+38 -3.4e+38 -3.4e+38 -3.4e+38 -3.4e+38 -3.4e+38 -3.4e+38 -3.4e+38 -3.4e+38 -3.4e+38 -3.4e+38 -3.4e+38 -3.4e+38
35.935848236084 37.9302406311035 38.3227310180664 38.0866394042969 38.4444389343262 38.718635559082 38.4073333740234 38.8575477600098 38.9548110961914 38.8369636535645 38.6568031311035 38.457950592041 38.236255645752 38.6103820800781 38.4361763000488 38.3353233337402 38.3958587646484 38.6168441772461 38.6095237731934 38.0261535644531 37.5360641479492 38.2387161254883 38.4287185668945 37.882640838623 37.8946990966797 37.7406272888184 37.7075500488281 38.0463829040527 37.8959999084473 37.6149368286133 -3.4e+38 -3.4e+38 -3.4e+38 -3.4e+38 -3.4e+38 -3.4e+38 -3.4e+38 -3.4e+38 -3.4e+38 -3.4e+38 -3.4e+38 -3.4e+38 -3.4e+38 -3.4e+38 -3.4e+38 -3.4e+38
35.2003555297852 36.2867126464844 36.6440582275391 36.3516387939453 37.4699859619141 38.1794166564941 38.5730400085449 38.8665657043457 38.8567161560059 38.757396697998 38.5636978149414 38.359676361084 38.1955718994141 38.860668182373 38.8453903198242 38.6929702758789 38.6998443603516 38.795955657959 38.8382034301758 38.7275848388672 38.3154602050781 38.0883522033691 38.4945602416992 38.2849807739258 38.0232696533203 38.161994934082 38.1981010437012 37.9248161315918 37.8140487670898 37.6578636169434 -3.4e+38 -3.4e+38 -3.4e+38 -3.4e+38 -3.4e+38 -3.4e+38 -3.4e+38 -3.4e+38 -3.4e+38 -3.4e+38 -3.4e+38 -3.4e+38 -3.4e+38 -3.4e+38 -3.4e+38 -3.4e+38
35.2080917358398 34.2819442749023 33.7787818908691 33.8885879516602 35.9817352294922 36.5930023193359 37.9481620788574 38.3294677734375 38.6677551269531 38.5401458740234 38.3095512390137 38.6632690429688 38.6621704101562 38.5459671020508 39.0231246948242 39.001407623291 38.9291801452637 38.9369049072266 38.9487724304199 38.927131652832 38.8741836547852 38.7851753234863 38.6241264343262 38.5641593933105 38.2359924316406 38.3316993713379 38.3132095336914 38.0227661132812 37.7411422729492 37.6362037658691 37.513801574707 37.2061996459961 -3.4e+38 -3.4e+38 -3.4e+38 -3.4e+38 -3.4e+38 -3.4e+38 -3.4e+38 -3.4e+38 -3.4e+38 -3.4e+38 -3.4e+38 -3.4e+38 -3.4e+38 -3.4e+38
35.2231864929199 34.4533386230469 33.7228088378906 33.2880935668945 33.7775115966797 34.4640007019043 36.5232009887695 37.861156463623 38.6543350219727 38.4600830078125 37.9229431152344 38.5783653259277 38.9326095581055 38.9802131652832 38.9990539550781 39.0268669128418 39.0537567138672 39.0395469665527 39.0142784118652 38.9793243408203 38.9443740844727 38.8735427856445 38.7903022766113 38.6985816955566 38.4375762939453 38.4811859130859 38.3798904418945 38.1569137573242 37.8929252624512 37.8232917785645 37.7661209106445 37.6218185424805 37.3204193115234 -3.4e+38 -3.4e+38 -3.4e+38 -3.4e+38 36.7928733825684 36.8139877319336 -3.4e+38 -3.4e+38 -3.4e+38 -3.4e+38 -3.4e+38 -3.4e+38 -3.4e+38
35.9057769775391 34.5359077453613 33.815128326416 33.5089416503906 33.956371307373 33.7608451843262 34.7425155639648 36.7008209228516 38.1648559570312 38.5782814025879 37.3909454345703 38.3109245300293 38.7920303344727 38.2890586853027 38.3804588317871 38.8366508483887 38.948543548584 39.0254898071289 38.9724311828613 38.8336791992188 38.8766059875488 38.8190383911133 38.8229370117188 38.7680015563965 38.6842460632324 38.5361976623535 38.4221420288086 38.2701110839844 38.1274681091309 38.0350494384766 37.9927825927734 37.8449783325195 37.4599266052246 -3.4e+38 -3.4e+38 -3.4e+38 -3.4e+38 36.9322624206543 36.8675575256348 37.0152359008789 36.994140625 36.8004417419434 -3.4e+38 -3.4e+38 -3.4e+38 -3.4e+38
35.8696594238281 34.5239868164062 33.8576622009277 34.2249450683594 34.0513534545898 34.3859672546387 34.1834945678711 35.579704284668 37.9763336181641 38.7672500610352 37.6447219848633 37.5988159179688 38.4836959838867 36.4569206237793 37.5594673156738 37.9809951782227 38.5845756530762 39.0085220336914 38.9877433776855 38.8874053955078 38.8827972412109 38.8568534851074 38.8658485412598 38.8083534240723 38.732048034668 38.4681243896484 38.439697265625 38.3671531677246 38.3070678710938 38.2545585632324 38.1534843444824 37.9976387023926 37.8022270202637 -3.4e+38 -3.4e+38 37.5458145141602 37.3198127746582 37.0505714416504 36.9081535339355 36.679141998291 36.8089942932129 37.0025177001953 -3.4e+38 -3.4e+38 -3.4e+38 -3.4e+38
34.4441909790039 33.4105567932129 33.3710632324219 34.4406318664551 34.7242393493652 34.6535301208496 34.3111953735352 34.609935760498 37.1832695007324 38.5817718505859 38.6024742126465 37.6936836242676 38.255989074707 36.7561645507812 36.7661247253418 36.8428649902344 38.2752342224121 39.0135040283203 39.0258255004883 39.0415916442871 39.0425109863281 38.9758491516113 38.9189643859863 38.6548385620117 38.6563453674316 38.5358200073242 38.5143432617188 38.5032272338867 38.4650764465332 38.3770790100098 38.2754898071289 38.1581344604492 38.0400657653809 -3.4e+38 37.8569221496582 37.8260078430176 37.7350234985352 -3.4e+38 37.0837631225586 -3.4e+38 36.7765312194824 -3.4e+38 -3.4e+38 -3.4e+38 -3.4e+38 -3.4e+38
34.4274940490723 33.2263221740723 32.6209144592285 34.7845153808594 35.0049362182617 34.4283790588379 34.1115989685059 34.2194862365723 35.7650680541992 38.2922325134277 38.4182968139648 37.9496116638184 38.0741500854492 38.1927223205566 37.4656600952148 38.6781272888184 38.9262428283691 39.0365257263184 39.0741920471191 39.0575637817383 39.0520133972168 39.0079612731934 38.9647636413574 38.8624038696289 38.843677520752 38.7689971923828 38.7139587402344 38.6579055786133 38.543701171875 38.5100440979004 38.4307250976562 38.3463745117188 38.261402130127 38.1680221557617 38.1059722900391 38.0908050537109 37.9187049865723 -3.4e+38 -3.4e+38 -3.4e+38 -3.4e+38 -3.4e+38 -3.4e+38 37.0380668640137 -3.4e+38 -3.4e+38
36.31201171875 35.9479331970215 33.859432220459 35.230583190918 33.8994941711426 33.9044990539551 34.2716598510742 34.521411895752 36.7327613830566 38.2618446350098 37.941764831543 37.2699432373047 38.2146186828613 38.658748626709 38.7674140930176 38.8362121582031 38.9638023376465 38.609016418457 38.7757759094238 38.9528388977051 38.9265670776367 38.9614639282227 38.967700958252 38.9308700561523 38.8949394226074 38.8455009460449 38.8023452758789 38.652904510498 38.2906379699707 38.4270210266113 38.5260925292969 38.4952926635742 38.4319763183594 38.3302040100098 38.2749633789062 38.1974563598633 38.0405426025391 37.8987579345703 37.7668037414551 37.6848983764648 37.6708030700684 37.548282623291 37.2677230834961 37.0506591796875 -3.4e+38 -3.4e+38
36.4140129089355 35.447380065918 36.1942825317383 35.9797134399414 34.5009346008301 34.5314979553223 34.2117004394531 34.3872261047363 36.5089645385742 37.957202911377 38.4132804870605 38.1551513671875 38.5260200500488 38.8395729064941 38.6955757141113 38.5452651977539 38.752254486084 38.4527778625488 38.2720031738281 38.4618682861328 38.8205795288086 38.8890724182129 38.9083290100098 38.9429016113281 38.9406242370605 38.9088096618652 38.8498802185059 38.633617401123 38.3383941650391 38.5505599975586 38.5201606750488 38.6112823486328 38.4826507568359 38.4121627807617 38.3581428527832 38.2224807739258 38.1238632202148 38.0612602233887 38.0091896057129 37.9611625671387 37.9203147888184 37.7769317626953 37.4014472961426 36.9921760559082 37.0335159301758 -3.4e+38
