inst/extdata/Tmax/Tmax127.asc
NCOLS 100 
NROWS 79 
XLLCORNER 148.06 
YLLCORNER -21.49 
CELLSIZE 0.01 
NODATA_value -3.4e+38 
[rows 0 to 19 of 79, columns 46 to 91 of 100]
33.1955642700195 33.0350074768066 32.9587097167969 32.9945869445801 33.0101089477539 32.9128150939941 33.1758422851562 33.0243225097656 32.8495178222656 32.692024230957 32.6421203613281 32.3879585266113 32.3178596496582 32.5909767150879 32.9153480529785 32.8724021911621 32.7781181335449 32.6381645202637 32.3674545288086 32.2193412780762 32.136646270752 -3.4e+38 -3.4e+38 -3.4e+38 -3.4e+38 -3.4e+38 -3.4e+38 -3.4e+38 -3.4e+38 -3.4e+38 -3.4e+38 -3.4e+38 -3.4e+38 -3.4e+38 -3.4e+38 -3.4e+38 -3.4e+38 -3.4e+38 -3.4e+38 -3.4e+38 -3.4e+38 -3.4e+38 -3.4e+38 -3.4e+38 -3.4e+38 -3.4e+38
33.1172256469727 32.8443794250488 32.6319122314453 32.9434852600098 33.1526527404785 33.1851959228516 33.1713256835938 33.0936470031738 32.7615737915039 32.3243217468262 32.5106048583984 31.9708156585693 32.5531120300293 32.9142265319824 32.9264755249023 32.8712463378906 32.7916831970215 32.6852569580078 32.5153579711914 32.4535713195801 32.3888511657715 32.2879753112793 -3.4e+38 -3.4e+38 -3.4e+38 -3.4e+38 -3.4e+38 -3.4e+38 -3.4e+38 -3.4e+38 -3.4e+38 -3.4e+38 -3.4e+38 -3.4e+38 -3.4e+38 -3.4e+38 -3.4e+38 -3.4e+38 -3.4e+38 -3.4e+38 -3.4e+38 -3.4e+38 -3.4e+38 -3.4e+38 -3.4e+38 -3.4e+38
32.9675559997559 32.1883697509766 31.3127136230469 32.8455581665039 33.0901641845703 33.1293792724609 33.1428413391113 33.1184883117676 32.9064178466797 32.3058738708496 32.4481086730957 32.6290588378906 32.7446403503418 32.9383964538574 32.9350051879883 32.8723945617676 32.8142051696777 32.7447357177734 32.6438980102539 32.4407043457031 32.4413299560547 32.3152503967285 32.1194953918457 31.8729934692383 -3.4e+38 -3.4e+38 -3.4e+38 -3.4e+38 -3.4e+38 -3.4e+38 -3.4e+38 -3.4e+38 -3.4e+38 -3.4e+38 -3.4e+38 -3.4e+38 -3.4e+38 -3.4e+38 -3.4e+38 -3.4e+38 -3.4e+38 -3.4e+38 -3.4e+38 -3.4e+38 -3.4e+38 -3.4e+38
32.4702262878418 32.575252532959 31.4279403686523 32.6835975646973 32.9241676330566 33.0141677856445 33.1182289123535 33.0467987060547 32.9399299621582 32.6166076660156 32.5456771850586 32.3020439147949 32.7097053527832 32.8808288574219 32.9387283325195 32.8764114379883 32.8500747680664 32.8103408813477 32.6930961608887 32.3319053649902 32.1754302978516 32.2372970581055 32.2094306945801 32.1607704162598 32.0244941711426 31.6665496826172 -3.4e+38 -3.4e+38 -3.4e+38 -3.4e+38 -3.4e+38 -3.4e+38 -3.4e+38 -3.4e+38 -3.4e+38 -3.4e+38 -3.4e+38 -3.4e+38 -3.4e+38 -3.4e+38 -3.4e+38 -3.4e+38 -3.4e+38 -3.4e+38 -3.4e+38 -3.4e+38
32.4152450561523 32.4779930114746 31.2051639556885 31.4935073852539 32.3877906799316 32.9639701843262 33.0927734375 32.974536895752 32.9756889343262 32.6703414916992 32.3923645019531 32.2167930603027 31.8320350646973 32.5549163818359 32.8562812805176 32.8042602539062 32.8723983764648 32.8506050109863 32.6254386901855 31.8529014587402 31.3266201019287 32.1762924194336 32.2929229736328 32.2557144165039 32.0448226928711 31.8103675842285 -3.4e+38 -3.4e+38 -3.4e+38 -3.4e+38 -3.4e+38 -3.4e+38 -3.4e+38 -3.4e+38 -3.4e+38 -3.4e+38 -3.4e+38 -3.4e+38 -3.4e+38 -3.4e+38 -3.4e+38 -3.4e+38 -3.4e+38 -3.4e+38 -3.4e+38 -3.4e+38
31.4519081115723 32.288516998291 30.6551094055176 30.006872177124 31.9583206176758 33.0039367675781 32.9716339111328 32.9422149658203 32.9152297973633 32.5089340209961 31.5534515380859 31.2208938598633 31.6145687103271 32.6524810791016 32.5808258056641 32.7966232299805 32.8776206970215 32.8339424133301 32.7657089233398 32.1042518615723 31.3300189971924 31.4411754608154 32.0275115966797 32.1351585388184 32.147518157959 32.0954856872559 -3.4e+38 -3.4e+38 -3.4e+38 -3.4e+38 -3.4e+38 -3.4e+38 -3.4e+38 -3.4e+38 -3.4e+38 -3.4e+38 -3.4e+38 -3.4e+38 -3.4e+38 -3.4e+38 -3.4e+38 -3.4e+38 -3.4e+38 -3.4e+38 -3.4e+38 -3.4e+38
30.4972057342529 32.2278594970703 31.5839805603027 31.5289363861084 32.6145248413086 32.9246864318848 32.7760238647461 32.6873970031738 32.8809776306152 32.3903579711914 31.6438121795654 31.663330078125 32.4121131896973 32.5776100158691 31.6107139587402 32.6038932800293 32.6994514465332 32.733268737793 32.8003807067871 32.5271644592285 32.1370124816895 31.8746109008789 32.1466598510742 31.9166622161865 32.2186088562012 32.2829551696777 32.182991027832 31.9477691650391 -3.4e+38 -3.4e+38 -3.4e+38 -3.4e+38 -3.4e+38 -3.4e+38 -3.4e+38 -3.4e+38 -3.4e+38 -3.4e+38 -3.4e+38 -3.4e+38 -3.4e+38 -3.4e+38 -3.4e+38 -3.4e+38 -3.4e+38 -3.4e+38
29.6738796234131 32.1965065002441 32.7171897888184 32.5441131591797 31.4902000427246 31.8002014160156 32.5145950317383 32.7067794799805 32.9044380187988 32.7299156188965 32.3383674621582 31.9115715026855 31.9680061340332 32.2323188781738 31.7703533172607 32.5610694885254 31.8136177062988 31.7979412078857 32.5881881713867 32.7467765808105 32.5922431945801 32.35009765625 32.2644348144531 32.3456802368164 32.3416023254395 32.3372077941895 32.1777687072754 32.0653877258301 31.8236198425293 31.3352737426758 31.3349132537842 -3.4e+38 -3.4e+38 -3.4e+38 -3.4e+38 -3.4e+38 -3.4e+38 -3.4e+38 -3.4e+38 -3.4e+38 -3.4e+38 -3.4e+38 -3.4e+38 -3.4e+38 -3.4e+38 -3.4e+38
29.6155242919922 31.6603984832764 32.7111740112305 32.6200981140137 31.7236766815186 30.1222038269043 31.6362953186035 32.7810401916504 32.8881874084473 32.7926063537598 32.6615409851074 32.4042091369629 32.4514770507812 32.2887878417969 31.7488174438477 31.7080059051514 31.2719688415527 32.1368217468262 32.4910697937012 32.5931243896484 32.6304206848145 32.2782020568848 31.8776836395264 31.5525150299072 32.3282661437988 32.413200378418 32.3158912658691 32.1803855895996 32.0884704589844 31.5555000305176 31.4406127929688 31.6110153198242 -3.4e+38 -3.4e+38 -3.4e+38 -3.4e+38 -3.4e+38 -3.4e+38 -3.4e+38 -3.4e+38 -3.4e+38 -3.4e+38 -3.4e+38 -3.4e+38 -3.4e+38 -3.4e+38
30.5007457733154 31.6326484680176 32.5325698852539 32.5530242919922 32.5538787841797 31.0872554779053 31.4564647674561 32.640007019043 32.8558807373047 32.7541351318359 32.5742645263672 32.3236999511719 32.2145767211914 32.3599967956543 31.6638984680176 31.3646564483643 31.3021717071533 32.5529556274414 32.4116821289062 32.1111335754395 32.5567359924316 32.5433502197266 32.3539161682129 32.0067100524902 32.4677505493164 32.4361610412598 32.2998199462891 32.3797760009766 32.2543563842773 31.9971961975098 31.5762481689453 31.6135902404785 -3.4e+38 -3.4e+38 -3.4e+38 -3.4e+38 -3.4e+38 -3.4e+38 -3.4e+38 -3.4e+38 -3.4e+38 -3.4e+38 -3.4e+38 -3.4e+38 -3.4e+38 -3.4e+38
29.5832595825195 31.4215564727783 31.8756351470947 31.672025680542 32.0877571105957 32.4072380065918 32.1286735534668 32.6323280334473 32.7695045471191 32.6867256164551 32.5367393493652 32.369384765625 32.1775779724121 32.596076965332 32.4529075622559 32.3809204101562 32.4754447937012 32.7313003540039 32.7554206848145 32.1962394714355 31.7186279296875 32.4706840515137 32.6912879943848 32.1711616516113 32.2138938903809 32.0846672058105 32.0812187194824 32.4557647705078 32.3401107788086 32.0976371765137 -3.4e+38 -3.4e+38 -3.4e+38 -3.4e+38 -3.4e+38 -3.4e+38 -3.4e+38 -3.4e+38 -3.4e+38 -3.4e+38 -3.4e+38 -3.4e+38 -3.4e+38 -3.4e+38 -3.4e+38 -3.4e+38
28.9040851593018 29.8913478851318 30.222692489624 29.9614143371582 31.0223121643066 31.7988986968994 32.2509956359863 32.5918655395508 32.6199722290039 32.556095123291 32.3923797607422 32.2198181152344 32.0873107910156 32.800853729248 32.8189811706543 32.6956481933594 32.7354507446289 32.8638305664062 32.9370460510254 32.8572044372559 32.4680480957031 32.2722625732422 32.7116355895996 32.5314826965332 32.2982406616211 32.4665069580078 32.5342788696289 32.2933921813965 32.2176208496094 32.1003303527832 -3.4e+38 -3.4e+38 -3.4e+38 -3.4e+38 -3.4e+38 -3.4e+38 -3.4e+38 -3.4e+38 -3.4e+38 -3.4e+38 -3.4e+38 -3.4e+38 -3.4e+38 -3.4e+38 -3.4e+38 -3.4e+38
28.8810234069824 27.8860778808594 27.2641048431396 27.4052600860596 29.5969161987305 30.1521549224854 31.5355491638184 31.9714946746826 32.3590240478516 32.2662811279297 32.0640716552734 32.463809967041 32.4984931945801 32.4153060913086 32.931079864502 32.9396209716797 32.899974822998 32.9394416809082 32.9822196960449 32.9909782409668 32.9629058837891 32.9075698852539 32.7776756286621 32.7486610412598 32.4516220092773 32.575855255127 32.5889778137207 32.3311042785645 32.0822448730469 32.0141792297363 31.9274444580078 31.6626586914062 -3.4e+38 -3.4e+38 -3.4e+38 -3.4e+38 -3.4e+38 -3.4e+38 -3.4e+38 -3.4e+38 -3.4e+38 -3.4e+38 -3.4e+38 -3.4e+38 -3.4e+38 -3.4e+38
28.8995838165283 28.1019725799561 27.197395324707 26.6611652374268 27.2735557556152 28.127986907959 30.0973243713379 31.4570827484131 32.3157043457031 32.1548194885254 31.6358890533447 32.3480072021484 32.7432556152344 32.825798034668 32.8788070678711 32.9371452331543 32.9964179992676 33.0139923095703 33.0199012756348 33.0162658691406 33.0069618225098 32.9707145690918 32.9190216064453 32.8587455749512 32.6298828125 32.701545715332 32.6319618225098 32.4411506652832 32.2091369628906 32.1726417541504 32.1434669494629 32.0345611572266 31.7737483978271 -3.4e+38 -3.4e+38 -3.4e+38 -3.4e+38 31.3506278991699 31.3918552398682 -3.4e+38 -3.4e+38 -3.4e+38 -3.4e+38 -3.4e+38 -3.4e+38 -3.4e+38
29.497049331665 28.1882457733154 27.2963962554932 26.919900894165 27.4797630310059 27.2345371246338 28.4658241271973 30.2455978393555 31.764778137207 32.2285346984863 31.0382022857666 32.0267868041992 32.5537948608398 32.0774612426758 32.2063941955566 32.7000045776367 32.845100402832 32.9538841247559 32.9336280822754 32.8276863098145 32.8964080810547 32.8735580444336 32.9084243774414 32.8847389221191 32.8323860168457 32.7132148742676 32.6305503845215 32.509895324707 32.3982048034668 32.3363838195801 32.3179092407227 32.2073097229004 31.8620491027832 -3.4e+38 -3.4e+38 -3.4e+38 -3.4e+38 31.4583549499512 31.4122180938721 31.5821895599365 31.5772686004639 31.3992862701416 -3.4e+38 -3.4e+38 -3.4e+38 -3.4e+38
29.4500827789307 28.1568202972412 27.3333415985107 27.7932929992676 27.5813083648682 27.995698928833 27.7516269683838 29.2160491943359 31.5240535736084 32.3741035461426 31.2561912536621 31.2467479705811 32.1937713623047 30.1389217376709 31.317045211792 31.7840518951416 32.4338302612305 32.8927917480469 32.9048919677734 32.8374366760254 32.8590660095215 32.8678245544434 32.9078178405762 32.8816528320312 32.8365745544434 32.6020622253418 32.6040992736816 32.5618591308594 32.5316352844238 32.5081787109375 32.4334373474121 32.3146057128906 32.1541862487793 -3.4e+38 -3.4e+38 31.9723720550537 31.7800369262695 31.5443496704102 31.4193801879883 31.205322265625 31.3552646636963 31.5716133117676 -3.4e+38 -3.4e+38 -3.4e+38 -3.4e+38
28.037145614624 26.7602767944336 26.714599609375 28.0445404052734 28.4011688232422 28.3117523193359 27.8936977386475 28.2694873809814 30.6610717773438 32.13818359375 32.194522857666 31.3001594543457 31.9151973724365 30.4066333770752 30.4534816741943 30.5666103363037 32.0758819580078 32.8536338806152 32.8988265991211 32.9468841552734 32.9739112854004 32.9423294067383 32.9171447753906 32.6859931945801 32.7181625366211 32.6258277893066 32.6343650817871 32.652702331543 32.6434860229492 32.5867080688477 32.5109977722168 32.4282188415527 32.3408470153809 -3.4e+38 32.2121047973633 32.2007217407227 32.1357765197754 -3.4e+38 31.5640735626221 -3.4e+38 31.2885818481445 -3.4e+38 -3.4e+38 -3.4e+38 -3.4e+38 -3.4e+38
27.9776859283447 26.4949169158936 25.7498989105225 28.4322605133057 28.6530246734619 27.9922714233398 27.6062526702881 27.7437572479248 29.3405590057373 31.7777919769287 31.9421672821045 31.5000896453857 31.6651287078857 31.8236846923828 31.114559173584 32.3862266540527 32.670295715332 32.8141899108887 32.8847732543945 32.900821685791 32.9216423034668 32.9125022888184 32.900936126709 32.8304138183594 32.8422355651855 32.7953491210938 32.7702865600586 32.7438011169434 32.660758972168 32.6572875976562 32.6026725769043 32.5508689880371 32.4946060180664 32.4282341003418 32.3912010192871 32.3965950012207 32.2564392089844 -3.4e+38 -3.4e+38 -3.4e+38 -3.4e+38 -3.4e+38 -3.4e+38 31.5618000030518 -3.4e+38 -3.4e+38
29.8035774230957 29.4843940734863 27.2841606140137 28.8556747436523 27.3406982421875 27.3446369171143 27.8067874908447 28.1201057434082 30.2113285064697 31.7203884124756 31.4285907745361 30.7775096893311 31.7837333679199 32.2722244262695 32.418098449707 32.5200424194336 32.6826171875 32.3608741760254 32.5622253417969 32.7720756530762 32.7727508544922 32.8421401977539 32.8795928955078 32.8739356994629 32.8686904907227 32.8468399047852 32.8337097167969 32.7158432006836 32.3854637145996 32.5510482788086 32.6725387573242 32.6729965209961 32.6372451782227 32.5621528625488 32.5318260192871 32.4791870117188 32.3537902832031 32.2433815002441 32.140926361084 32.0848503112793 32.0886306762695 31.9930877685547 31.747615814209 31.5617752075195 -3.4e+38 -3.4e+38
29.8795852661133 29.0270500183105 29.6934623718262 29.5069274902344 28.0693359375 28.1050243377686 27.7156810760498 27.9368591308594 29.9942226409912 31.3649311065674 31.86643409729 31.6416072845459 32.056697845459 32.410472869873 32.3014678955078 32.1827812194824 32.4265594482422 32.1595573425293 32.0112113952637 32.2369041442871 32.6237716674805 32.7269859313965 32.7775573730469 32.8427047729492 32.870735168457 32.8666305541992 32.8386039733887 32.6544723510742 32.3905715942383 32.6307334899902 32.6233444213867 32.743839263916 32.6432647705078 32.5990715026855 32.5707931518555 32.4624443054199 32.3932647705078 32.3589057922363 32.3333740234375 32.3099784851074 32.2891044616699 32.1737670898438 31.8356246948242 31.4701690673828 31.5320129394531 -3.4e+38
