inst/extdata/Tmax/Tmax79.asc
NCOLS 100 
NROWS 79 
XLLCORNER 148.06 
YLLCORNER -21.49 
CELLSIZE 0.01 
NODATA_value -3.4e+38 
[rows 20 to 39 of 79, columns 0 to 45 of 100]
31.082824707031200 31.144645690918 31.1604290008545 31.1405181884766 31.1781578063965 31.3236675262451 31.2569637298584 31.1957244873047 31.1410484313965 31.055477142334 30.8744201660156 30.4531421661377 29.9758224487305 29.2872352600098 27.8752536773682 27.4286575317383 27.3691234588623 28.4422073364258 29.5905475616455 30.0764980316162 30.107551574707 30.1404724121094 30.5239887237549 30.5656967163086 30.4105358123779 30.1100387573242 29.4653072357178 28.4876766204834 29.076171875 29.1586360931396 29.824405670166 29.8559646606445 30.0210094451904 29.9945049285889 29.9609775543213 29.7066211700439 29.2993106842041 29.3126468658447 28.8205718994141 29.1038608551025 28.8799304962158 28.1213512420654 28.3766193389893 28.4418640136719 28.5817184448242 28.6246185302734
31.1623687744141 31.2510604858398 31.2803802490234 31.2588901519775 31.282585144043 31.2992000579834 31.1722850799561 31.1054229736328 31.0978393554688 31.0447635650635 30.9256477355957 30.7551784515381 30.5177841186523 29.5027408599854 27.890941619873 27.5583801269531 27.834005355835 28.7382755279541 29.2995319366455 29.7208957672119 29.8715400695801 29.7950553894043 30.3893413543701 30.5532741546631 30.3526821136475 30.3815460205078 30.3618278503418 29.5441951751709 29.3866806030273 29.9631938934326 30.1039257049561 30.0023384094238 29.6543731689453 29.0136451721191 29.0440635681152 29.0296382904053 29.5323143005371 28.7863998413086 28.3710403442383 28.7147922515869 28.3113708496094 28.4138507843018 28.1316738128662 27.1745071411133 27.5291748046875 28.2628955841064
31.2300701141357 31.3035011291504 31.3293266296387 31.3311767578125 31.3302669525146 31.3098449707031 31.1375846862793 31.0200042724609 30.9793586730957 30.9626502990723 30.8536739349365 30.7983894348145 30.623649597168 29.9677085876465 28.764720916748 27.873779296875 27.1944580078125 27.745719909668 28.3777294158936 29.2686157226562 29.4041576385498 29.5553760528564 30.275218963623 30.0526962280273 29.612663269043 30.0250854492188 30.1172561645508 30.2196483612061 29.9209289550781 29.9744262695312 29.6959400177002 29.507568359375 28.9042682647705 28.5580291748047 28.3199424743652 28.5619945526123 28.5035209655762 27.9149723052979 27.8940601348877 27.8172931671143 27.4977397918701 26.7077236175537 27.5573215484619 27.2584953308105 26.2193164825439 27.745304107666
31.2168712615967 31.2720470428467 31.3086338043213 31.3175182342529 31.2914028167725 31.2987442016602 31.2387733459473 30.9334468841553 30.8346672058105 30.8746204376221 30.6946067810059 30.5103340148926 30.6396713256836 30.2397079467773 29.3916931152344 28.550853729248 27.6709175109863 27.3675518035889 28.0346221923828 28.3875637054443 28.9900169372559 30.1015090942383 29.8406810760498 29.1881885528564 29.3613681793213 29.5327701568604 29.2105464935303 30.2605495452881 30.2982635498047 30.1561489105225 29.9168720245361 28.7493667602539 28.4055919647217 28.6330890655518 29.0047340393066 28.5206966400146 27.5539970397949 26.9846572875977 27.7685146331787 27.2353515625 26.4729633331299 24.9655227661133 25.8666973114014 27.1436557769775 25.227897644043 26.657995223999
31.1601371765137 31.2450542449951 31.2956237792969 31.2776489257812 31.2525863647461 31.2716045379639 31.2935657501221 31.1172714233398 30.9410381317139 30.7708683013916 30.6745376586914 30.652645111084 30.4785308837891 30.1211814880371 29.3043899536133 28.5641937255859 27.7720527648926 27.3887538909912 27.620662689209 27.6334037780762 28.9504013061523 29.877311706543 28.690055847168 28.1186847686768 29.012882232666 29.0006084442139 29.213924407959 30.0355968475342 30.3129062652588 29.9061412811279 29.8557281494141 29.6173133850098 29.5970191955566 29.6697216033936 29.3264484405518 29.005542755127 28.5863571166992 27.4059772491455 27.1777191162109 26.9125804901123 25.0846309661865 24.4767742156982 24.9683208465576 26.9456005096436 24.8498764038086 25.2542896270752
31.1132564544678 31.1560840606689 31.1846332550049 31.1740417480469 31.2026996612549 31.2285194396973 31.2783660888672 31.2464923858643 31.0973167419434 30.8477745056152 30.652660369873 30.5236778259277 30.3761749267578 29.8936958312988 29.4189376831055 28.8283424377441 28.1765022277832 27.8238372802734 28.3260097503662 29.1000423431396 29.0979881286621 29.0112743377686 28.4972801208496 27.1367816925049 27.7018852233887 28.5499782562256 28.7261581420898 30.0792865753174 30.2929801940918 29.9086952209473 28.9701080322266 29.646312713623 29.5115547180176 29.3850288391113 29.1021003723145 28.7700176239014 28.6540031433105 27.0850868225098 25.7273044586182 26.1736965179443 24.6432971954346 25.5537528991699 25.9477577209473 26.9426746368408 25.8670616149902 24.7234039306641
30.9949111938477 31.0450248718262 31.0692310333252 31.0977401733398 31.1094818115234 31.1274261474609 31.2468433380127 31.2661285400391 31.1334018707275 30.6920928955078 30.5921325683594 30.3213691711426 30.3326034545898 29.9365005493164 29.1335296630859 27.9905014038086 27.5959625244141 27.8212375640869 28.3475589752197 28.2610359191895 28.4791698455811 29.4698314666748 29.324670791626 27.6988773345947 27.2735958099365 28.2937908172607 29.1737976074219 30.1482543945312 30.2489566802979 30.0206985473633 29.1232852935791 28.7251949310303 29.5778217315674 29.0094738006592 28.5461711883545 27.6698265075684 27.3820133209229 27.5144157409668 26.3914604187012 25.0074405670166 24.5835723876953 24.9400444030762 24.84889793396 25.9849452972412 24.9854907989502 24.2965183258057
30.834831237793 30.8779792785645 30.9295597076416 31.0002975463867 31.0417671203613 31.1226119995117 31.2459049224854 31.2578258514404 31.1951446533203 30.9995269775391 30.750358581543 30.4802227020264 30.3642253875732 30.1623249053955 29.1708450317383 27.9499282836914 27.6143226623535 27.5784778594971 27.7324275970459 27.7221088409424 28.9699249267578 29.6867790222168 29.1106071472168 28.190128326416 27.5889129638672 27.854040145874 27.9980182647705 29.7173023223877 30.1132278442383 29.9942722320557 29.1377277374268 29.0606288909912 29.388500213623 28.5983180999756 27.863862991333 27.2635250091553 26.3010005950928 27.0814266204834 26.9171772003174 24.9675483703613 24.5016593933105 24.7216720581055 24.6434917449951 25.2991008758545 24.67014503479 24.3547115325928
30.2793579101562 30.2511100769043 30.5604553222656 30.9159183502197 31.0772552490234 31.1831645965576 31.2425117492676 31.2443828582764 31.1182823181152 31.0138874053955 30.8475532531738 30.2800178527832 30.3986148834229 30.2475833892822 29.6971168518066 28.393928527832 27.6255016326904 27.0918407440186 27.4451141357422 28.4166145324707 28.9829216003418 29.3948402404785 28.4633617401123 27.6911926269531 27.5050945281982 27.6774158477783 28.1594657897949 29.1550045013428 29.9952621459961 30.0741386413574 29.5216217041016 29.2507724761963 28.7943572998047 27.6978187561035 26.4559230804443 26.0149726867676 25.683614730835 25.9172744750977 26.0971488952637 25.6772747039795 25.1188011169434 25.2718315124512 24.990062713623 24.7638912200928 24.7877788543701 24.7270793914795
29.3240966796875 30.2745170593262 30.6511001586914 30.3789443969727 31.0053672790527 31.1860847473145 31.2347526550293 31.2355709075928 31.0243301391602 30.8756084442139 30.8810615539551 30.6080703735352 30.3593597412109 30.2272529602051 29.9628353118896 29.4138202667236 28.8240909576416 27.3564071655273 27.7172603607178 27.8167743682861 27.996431350708 29.0415287017822 28.5903797149658 27.7242012023926 27.5138263702393 27.2993202209473 27.2803211212158 29.0945644378662 30.0252704620361 30.1205596923828 29.2399578094482 28.2017879486084 27.8777198791504 27.5089073181152 27.2324619293213 26.153715133667 26.0999126434326 25.6663551330566 25.2271957397461 25.5165042877197 27.4771537780762 27.5785541534424 26.3758010864258 24.8296680450439 25.9793910980225 26.1082763671875
29.6371307373047 30.6079063415527 30.6538429260254 30.0855579376221 30.94970703125 31.1672267913818 31.2433071136475 31.2384395599365 31.1885375976562 30.95090675354 30.8471393585205 30.7923908233643 30.609899520874 30.3947238922119 30.0858154296875 29.4620418548584 28.5788345336914 28.1094150543213 27.6261348724365 27.915735244751 28.0122013092041 28.5101375579834 27.8598213195801 27.685884475708 27.3684406280518 26.6960010528564 27.0160884857178 28.9640254974365 29.8945655822754 29.9555644989014 29.949348449707 29.7791061401367 28.5761222839355 27.5600757598877 27.4979000091553 26.9861278533936 27.1515026092529 26.955415725708 26.5096302032471 27.0494289398193 28.6634502410889 28.7405853271484 28.2943572998047 27.6903076171875 27.5729694366455 26.9460220336914
30.4526824951172 30.7648315429688 30.8507041931152 30.8631458282471 30.9710502624512 31.1482734680176 31.2032909393311 31.2125072479248 31.1757392883301 31.109842300415 30.9216957092285 30.874382019043 30.7796649932861 30.5667285919189 30.2857475280762 29.7667579650879 28.8588790893555 28.4149436950684 27.6688060760498 27.5614318847656 27.6486301422119 28.1440181732178 27.7498207092285 27.4816761016846 27.4248752593994 27.4675064086914 28.3500823974609 29.5263442993164 29.9487953186035 29.4045543670654 29.3229923248291 29.3500728607178 29.5890560150146 29.0549831390381 28.7690258026123 27.9525337219238 29.0868587493896 28.9347267150879 28.9137344360352 28.9405002593994 28.7026081085205 27.7436180114746 26.7337207794189 26.3922729492188 26.2566242218018 25.4657726287842
30.146993637085 30.9496002197266 31.0302696228027 31.0598564147949 31.0683517456055 31.0910091400146 31.0826320648193 31.1470947265625 31.1527404785156 31.1463623046875 31.1066055297852 30.9858913421631 30.7973690032959 30.6334114074707 30.4352836608887 30.1748962402344 29.6683616638184 28.9534816741943 28.1554336547852 27.4054775238037 27.4462909698486 27.9501876831055 27.8280162811279 27.5362129211426 27.393087387085 27.5743961334229 29.1299934387207 29.9167232513428 30.0031127929688 29.8213996887207 29.2938423156738 28.6553382873535 29.4225921630859 29.5515537261963 29.6044998168945 29.0447940826416 29.5047721862793 29.1952152252197 29.062162399292 28.8937149047852 27.6164360046387 26.1056613922119 24.7404251098633 25.125244140625 25.0428466796875 23.9779491424561
29.9829044342041 30.6857032775879 30.5013847351074 30.3821125030518 30.5431938171387 30.9753074645996 30.9983749389648 31.0369129180908 31.066089630127 31.0643692016602 31.0406856536865 31.0312919616699 30.9198207855225 30.762903213501 30.6050491333008 30.3699493408203 29.9100723266602 29.465669631958 29.1809692382812 28.5092849731445 27.5026168823242 27.771333694458 27.541109085083 27.629301071167 27.5087108612061 27.4897842407227 28.6387042999268 29.8543872833252 29.9538974761963 29.6163272857666 29.4784278869629 28.3435230255127 28.6684017181396 28.9518146514893 29.2857532501221 29.429874420166 29.2909450531006 29.1170272827148 28.7095050811768 28.778600692749 28.4401760101318 27.1157627105713 26.2577476501465 26.8594284057617 26.3953380584717 25.1702671051025
30.3416385650635 30.6618614196777 30.2322826385498 29.5230159759521 29.6518306732178 30.6992034912109 30.952262878418 30.9275150299072 30.9586982727051 30.9893627166748 30.9145107269287 30.984504699707 30.9431648254395 30.8339519500732 30.6815032958984 30.4847240447998 30.1595592498779 29.4417057037354 29.0104579925537 28.5225219726562 27.8034191131592 27.7257518768311 27.5385780334473 27.3201370239258 27.2946109771729 27.7149047851562 28.947940826416 29.8080863952637 29.2722549438477 29.043212890625 29.1709804534912 28.8011207580566 28.4655799865723 28.1187572479248 27.8396644592285 28.379810333252 28.1894359588623 28.554557800293 28.4775524139404 28.2698078155518 27.996000289917 28.3543853759766 28.0975780487061 27.7643413543701 27.1278400421143 26.6221046447754
30.4788188934326 30.6005744934082 30.4028453826904 30.0758495330811 29.7590866088867 30.3761825561523 30.731954574585 30.7715454101562 30.8374481201172 30.9176750183105 30.9188003540039 30.9869556427002 30.9323806762695 30.8800926208496 30.7226161956787 30.495044708252 30.24782371521 30.0226860046387 29.5968914031982 28.8976879119873 28.4919872283936 28.2274971008301 27.6867389678955 27.0036029815674 27.1862335205078 27.4641914367676 29.0332889556885 29.6192359924316 27.5906620025635 27.162281036377 27.8656234741211 28.1190967559814 28.0809421539307 27.8568172454834 27.3414745330811 27.0743751525879 27.6638374328613 27.4993705749512 27.4741172790527 27.4299430847168 27.1533966064453 26.8388271331787 27.1204853057861 27.6420555114746 26.9733009338379 25.7636299133301
30.3207302093506 30.3695888519287 30.4119701385498 30.1238899230957 29.8316688537598 30.0505638122559 30.3096675872803 30.5412120819092 30.6782264709473 30.8296718597412 30.8223495483398 30.8373050689697 30.9481220245361 30.8846111297607 30.7638626098633 30.473840713501 30.466136932373 30.3098735809326 30.046272277832 29.6349029541016 29.4851951599121 28.6326332092285 27.9938545227051 27.4936752319336 27.499755859375 27.9260807037354 29.0595169067383 28.961389541626 28.6498203277588 28.5453262329102 27.7182083129883 27.6626777648926 27.4660949707031 27.3197231292725 26.5451412200928 26.1125659942627 26.3579750061035 26.3075847625732 26.5720176696777 26.3623218536377 26.3578357696533 25.369873046875 26.151575088501 27.0892772674561 26.8401260375977 25.2609519958496
29.7144889831543 30.0888957977295 30.332763671875 30.2304229736328 30.0239181518555 29.8943920135498 29.8969135284424 30.3219451904297 30.4613990783691 30.6706981658936 30.7775897979736 30.794153213501 30.8755836486816 30.9078006744385 30.7199859619141 30.616907119751 30.5494327545166 30.4339714050293 30.2677974700928 30.0545215606689 29.8377838134766 29.0640544891357 27.8252105712891 27.9315891265869 27.190673828125 27.831392288208 28.8925457000732 28.2899799346924 28.5072345733643 29.0300407409668 28.9111919403076 28.7506828308105 28.0255928039551 27.56787109375 25.8683319091797 24.4968929290771 24.5578594207764 24.4451007843018 24.4110069274902 24.9301090240479 25.117223739624 25.3425197601318 25.55934715271 26.5210418701172 26.3733615875244 25.952507019043
29.8388671875 29.9559383392334 30.1175174713135 30.1043262481689 30.0781860351562 29.7503337860107 29.5276927947998 29.2531757354736 29.9943618774414 30.5674438476562 30.7327575683594 30.7996654510498 30.9026107788086 30.9124031066895 30.5807151794434 30.1389141082764 30.18039894104 30.2564601898193 30.320499420166 30.1952152252197 30.0456771850586 29.6029644012451 28.3863468170166 28.7321662902832 27.6892490386963 27.6926612854004 27.8689823150635 28.226490020752 27.0954666137695 27.8303375244141 27.4348850250244 27.5724353790283 28.9512042999268 28.4873943328857 27.442476272583 25.0205612182617 24.0383548736572 24.0512390136719 23.3273315429688 23.8098602294922 24.5133419036865 24.5154037475586 24.6154384613037 26.1160926818848 25.6421718597412 25.0696239471436
29.91481590271 29.8429927825928 29.9168453216553 29.71315574646 29.9483184814453 29.8652725219727 29.6304512023926 29.3536148071289 29.5814380645752 30.2764167785645 30.5702495574951 30.805046081543 30.8679580688477 30.8426418304443 30.7883319854736 30.342414855957 29.9284820556641 29.7179336547852 30.0330295562744 30.1851902008057 30.0384731292725 29.8903026580811 29.5381050109863 28.9057941436768 27.7385578155518 27.5144748687744 27.4778709411621 27.5881156921387 27.6540222167969 27.0836601257324 26.4698867797852 27.3296909332275 28.6562442779541 27.8501949310303 28.0998687744141 27.5155124664307 27.0553932189941 26.9190540313721 25.8530921936035 24.6485271453857 25.4415092468262 25.1077156066895 25.5423316955566 25.7540416717529 25.4326095581055 24.9262809753418
