inst/extdata/Tmax/Tmax122.asc
NCOLS 100 
NROWS 79 
XLLCORNER 148.06 
YLLCORNER -21.49 
CELLSIZE 0.01 
NODATA_value -3.4e+38 
[rows 20 to 39 of 79, columns 0 to 45 of 100]
41.789722442627003 41.7824630737305 41.7661743164062 41.7232894897461 41.7184066772461 41.7840919494629 41.6931686401367 41.6224594116211 41.5559234619141 41.4687042236328 41.3174285888672 40.9841194152832 40.621509552002 40.0988731384277 39.0236854553223 38.6584815979004 38.5660133361816 39.3451080322266 40.1509132385254 40.4617652893066 40.4521827697754 40.4269561767578 40.6558227539062 40.6507301330566 40.5130996704102 40.2749862670898 39.7727241516113 39.0395126342773 39.4330139160156 39.4589576721191 39.8937377929688 39.8646774291992 39.943790435791 39.8910446166992 39.8333435058594 39.6235847473145 39.2881164550781 39.2627487182617 38.8797187805176 39.0458526611328 38.8524894714355 38.2539291381836 38.4063682556152 38.4182243347168 38.4828987121582 38.4778747558594
41.8695602416992 41.8798713684082 41.8724632263184 41.8285903930664 41.8143692016602 41.7953071594238 41.6646728515625 41.5901947021484 41.5548706054688 41.4892196655273 41.3793182373047 41.2175025939941 41.0258255004883 40.2825546264648 39.0633201599121 38.7844390869141 38.9446792602539 39.5918579101562 39.9707450866699 40.2411575317383 40.3156890869141 40.2134475708008 40.5915718078613 40.6694221496582 40.5008735656738 40.4872932434082 40.4208984375 39.8256721496582 39.681510925293 40.0507125854492 40.1133842468262 39.993049621582 39.7185821533203 39.2331886291504 39.2210693359375 39.1769714355469 39.4795951843262 38.9186630249023 38.5860252380371 38.7989349365234 38.4747734069824 38.4947395324707 38.2599449157715 37.5281715393066 37.7536163330078 38.2492446899414
41.9349136352539 41.9350128173828 41.9253463745117 41.89697265625 41.8666458129883 41.8233222961426 41.6627578735352 41.5544967651367 41.497200012207 41.455810546875 41.3525085449219 41.2680168151855 41.1194000244141 40.6348266601562 39.7361526489258 39.0431823730469 38.4821166992188 38.8738861083984 39.3172340393066 39.9387435913086 40.0048789978027 40.0644111633301 40.5343475341797 40.3487129211426 40.0089950561523 40.2641448974609 40.2750091552734 40.3143882751465 40.0760803222656 40.0793952941895 39.8530197143555 39.6710205078125 39.2096061706543 38.9271049499512 38.721263885498 38.8634834289551 38.7712326049805 38.3101043701172 38.2616424560547 38.1722564697266 37.9049758911133 37.2703285217285 37.865306854248 37.612621307373 36.8129463195801 37.8984756469727
41.9730529785156 41.9611053466797 41.9586982727051 41.935131072998 41.8883857727051 41.8633689880371 41.7770500183105 41.5438995361328 41.4474639892578 41.4444198608398 41.2926254272461 41.1198921203613 41.1779975891113 40.8728790283203 40.2419586181641 39.5970191955566 38.8902854919434 38.6354103088379 39.108268737793 39.3411750793457 39.7528610229492 40.4938583374023 40.2802200317383 39.7855796813965 39.8775787353516 39.9670867919922 39.6861152648926 40.3891754150391 40.381233215332 40.2510147094727 40.0533638000488 39.1785125732422 38.8967590332031 39.0288696289062 39.2622680664062 38.8815460205078 38.1259727478027 37.6726722717285 38.2181282043457 37.7934875488281 37.1967277526855 36.0234870910645 36.6655387878418 37.5766754150391 36.1265258789062 37.1517181396484
41.9612350463867 41.9694366455078 41.9765167236328 41.9353904724121 41.8893775939941 41.8722496032715 41.8398628234863 41.6935920715332 41.5460624694824 41.4014015197754 41.3060760498047 41.2442016601562 41.0951461791992 40.8176307678223 40.2061424255371 39.6337471008301 38.992733001709 38.6776733398438 38.8239440917969 38.8043556213379 39.7504615783691 40.3642768859863 39.4821853637695 39.0305824279785 39.6543006896973 39.6137313842773 39.7152786254883 40.2621192932129 40.4181632995605 40.1065330505371 40.038215637207 39.8223419189453 39.774658203125 39.7916946411133 39.5179138183594 39.257209777832 38.9070472717285 38.0126037597656 37.8118095397949 37.5833625793457 36.1905670166016 35.6864852905273 36.0247802734375 37.4594039916992 35.8738441467285 36.1422576904297
41.9557914733887 41.936206817627 41.9291076660156 41.8930435180664 41.8827590942383 41.8704490661621 41.8565711975098 41.8058013916016 41.6771430969238 41.480281829834 41.3180809020996 41.1832084655762 41.0517539978027 40.6842498779297 40.3149719238281 39.8547859191895 39.3222885131836 39.0319519042969 39.3778648376465 39.9159622192383 39.8837585449219 39.7733039855957 39.3671646118164 38.322322845459 38.7164497375488 39.3129501342773 39.390323638916 40.31884765625 40.4314651489258 40.1351699829102 39.4410667419434 39.869758605957 39.7422103881836 39.6201248168945 39.386833190918 39.1167373657227 38.9836311340332 37.8031997680664 36.7598266601562 37.0622749328613 35.8879051208496 36.5169525146484 36.7814331054688 37.4856262207031 36.657169342041 35.7750854492188
41.9017028808594 41.8876113891602 41.8779335021973 41.8682746887207 41.8470115661621 41.8297080993652 41.8624114990234 41.8453598022461 41.7277908325195 41.4014053344727 41.303539276123 41.0701713562012 41.0475196838379 40.7402114868164 40.1337623596191 39.2573852539062 38.9118270874023 39.0559234619141 39.4198684692383 39.3259086608887 39.4574851989746 40.1290245056152 39.9939842224121 38.770637512207 38.4218635559082 39.1513175964355 39.739673614502 40.3927268981934 40.4282989501953 40.2390823364258 39.5774993896484 39.2426376342773 39.8157348632812 39.3814315795898 39.0158538818359 38.3435592651367 38.0825691223145 38.148380279541 37.2835845947266 36.2173843383789 35.8697280883789 36.0860023498535 35.9902114868164 36.8046035766602 36.027587890625 35.482234954834
41.8146324157715 41.79638671875 41.8058776855469 41.8251190185547 41.8241233825684 41.84912109375 41.884578704834 41.8628120422363 41.7916297912598 41.6317024230957 41.4334831237793 41.2016220092773 41.091178894043 40.9205131530762 40.1826858520508 39.2486152648926 38.9474334716797 38.8947944641113 38.9820365905762 38.9451904296875 39.8390998840332 40.3051300048828 39.8625450134277 39.158504486084 38.6806793212891 38.8483505249023 38.9049797058105 40.1176834106445 40.3587455749512 40.2439994812012 39.610954284668 39.506721496582 39.706428527832 39.1096496582031 38.5418701171875 38.0667495727539 37.3014373779297 37.8519859313965 37.6979217529297 36.2102088928223 35.8311729431152 35.9458808898926 35.8590240478516 36.3148727416992 35.8133697509766 35.5457916259766
41.4767951965332 41.4097137451172 41.601734161377 41.8174018859863 41.8974266052246 41.9390754699707 41.9320373535156 41.9036750793457 41.7899780273438 41.690013885498 41.5478782653809 41.1117820739746 41.1636657714844 41.0285987854004 40.6107559204102 39.6298942565918 39.0047187805176 38.574893951416 38.8143157958984 39.5124015808105 39.8976364135742 40.1468658447266 39.4398155212402 38.8363151550293 38.6671257019043 38.7659721374512 39.0735855102539 39.7693023681641 40.3272171020508 40.348503112793 39.9322204589844 39.6916236877441 39.3331718444824 38.5011367797852 37.5450210571289 37.1837730407715 36.8879089355469 37.0326271057129 37.1363220214844 36.7910385131836 36.3421783447266 36.4044456481934 36.164234161377 35.9627418518066 35.9476547241211 35.8694152832031
40.810848236084 41.4518432617188 41.6901664733887 41.4728202819824 41.8750495910645 41.9670104980469 41.9526901245117 41.9230537414551 41.7524185180664 41.6223526000977 41.595573425293 41.3630790710449 41.1617088317871 41.0396995544434 40.8242721557617 40.4031105041504 39.9245109558105 38.8011932373047 39.0451240539551 39.090892791748 39.1959800720215 39.9184455871582 39.5589637756348 38.8868370056152 38.6995468139648 38.508846282959 38.4449996948242 39.7522659301758 40.3740844726562 40.4065704345703 39.7598037719727 38.9614334106445 38.691837310791 38.3880424499512 38.1516952514648 37.314208984375 37.2264633178711 36.8704490661621 36.5103645324707 36.6959991455078 38.1203079223633 38.1399269104004 37.2206420898438 36.0356674194336 36.8579597473145 36.9189682006836
41.0661354064941 41.7107543945312 41.7175979614258 41.2913208007812 41.8630142211914 41.9795722961426 41.9832382202148 41.9499320983887 41.88671875 41.6980018615723 41.5978012084961 41.5133323669434 41.3588829040527 41.1808280944824 40.9358100891113 40.4630584716797 39.7690811157227 39.393741607666 39.0019378662109 39.1905937194824 39.233341217041 39.5560302734375 39.0436706542969 38.8839149475098 38.6161956787109 38.0794372558594 38.2720718383789 39.6844329833984 40.3100204467773 40.3195114135742 40.2824325561523 40.1149597167969 39.2288284301758 38.4524078369141 38.374885559082 37.9631080627441 38.0379219055176 37.8603744506836 37.4951400756836 37.8628311157227 39.0044746398926 39.0036239624023 38.6508750915527 38.177562713623 38.0562286376953 37.5615425109863
41.6750793457031 41.8444404602051 41.8781967163086 41.8578910827637 41.9020538330078 41.9916801452637 41.9814949035645 41.9576377868652 41.9030914306641 41.8290596008301 41.6728515625 41.5936241149902 41.4991760253906 41.3238754272461 41.1000633239746 40.7058143615723 40.0006866455078 39.6466827392578 39.0594635009766 38.9496917724609 38.9863624572754 39.3106803894043 38.986946105957 38.75634765625 38.6841812133789 38.6864395141602 39.2917709350586 40.1109848022461 40.3734512329102 39.9608535766602 39.8709945678711 39.8410110473633 39.9761695861816 39.5664253234863 39.3290252685547 38.7038383483887 39.4716186523438 39.3282814025879 39.2778701782227 39.2610397338867 39.0559959411621 38.3082237243652 37.5338706970215 37.2466773986816 37.1118965148926 36.4909706115723
41.480297088623 41.9918975830078 42.0208168029785 42.0118827819824 41.9885215759277 41.9742965698242 41.9221496582031 41.935375213623 41.9090690612793 41.8745384216309 41.8177108764648 41.6897277832031 41.5324211120605 41.3906326293945 41.2245140075684 41.0138359069824 40.6071357727051 40.064582824707 39.4456100463867 38.8532218933105 38.8552131652832 39.1877632141113 39.0669288635254 38.8187980651855 38.6818351745605 38.7881164550781 39.8801040649414 40.4059982299805 40.4332656860352 40.2751159667969 39.8726119995117 39.3665466308594 39.8814964294434 39.9387512207031 39.9419898986816 39.5131530761719 39.7847557067871 39.5322227478027 39.4027252197266 39.2476425170898 38.2899475097656 37.1181831359863 36.0687217712402 36.3239936828613 36.2298316955566 35.4042816162109
41.4110069274902 41.8588409423828 41.7056770324707 41.5941505432129 41.677921295166 41.944522857666 41.9136390686035 41.9098205566406 41.8994598388672 41.8681678771973 41.8219985961914 41.768180847168 41.6629791259766 41.5266723632812 41.3888168334961 41.1970748901367 40.826473236084 40.4834518432617 40.2482376098633 39.7271919250488 38.9460868835449 39.102367401123 38.9002685546875 38.9370918273926 38.8171577453613 38.773307800293 39.5733985900879 40.4113388061523 40.4479713439941 40.1808433532715 40.0517158508301 39.1881561279297 39.391975402832 39.5621528625488 39.7646293640137 39.8307456970215 39.6811218261719 39.5231704711914 39.1981391906738 39.2119827270508 38.9343605041504 37.9141731262207 37.2477340698242 37.6594848632812 37.2822227478027 36.3387413024902
41.6904335021973 41.8665161132812 41.5410423278809 41.0039558410645 41.0700073242188 41.7810096740723 41.907054901123 41.860725402832 41.8520278930664 41.8425559997559 41.7621650695801 41.7616500854492 41.7033767700195 41.5993804931641 41.4655990600586 41.3007583618164 41.0258178710938 40.4911575317383 40.1494522094727 39.761962890625 39.197322845459 39.0932464599609 38.9234428405762 38.7298164367676 38.6813049316406 38.9669609069824 39.8230247497559 40.4045753479004 39.9954605102539 39.8000946044922 39.8590888977051 39.5447998046875 39.2685317993164 38.9821243286133 38.7439918518066 39.1048355102539 38.9155769348145 39.1452102661133 39.0549697875977 38.8701591491699 38.6368293762207 38.840892791748 38.6232986450195 38.3465232849121 37.8464317321777 37.4396705627441
41.8108787536621 41.848201751709 41.6852226257324 41.4264526367188 41.1718406677246 41.5816307067871 41.7817649841309 41.779411315918 41.7946014404297 41.8189849853516 41.7896423339844 41.7879638671875 41.7208862304688 41.6550903320312 41.518180847168 41.3325805664062 41.1118469238281 40.9274597167969 40.5965232849121 40.0622406005859 39.7346420288086 39.4925727844238 39.059627532959 38.515567779541 38.6245803833008 38.8043937683105 39.9097099304199 40.2977752685547 38.7924690246582 38.4417762756348 38.9342498779297 39.0716209411621 39.0105895996094 38.8127784729004 38.3987770080566 38.1674537658691 38.5540351867676 38.3993148803711 38.3470497131348 38.2806282043457 38.0428810119629 37.7567405700684 37.9338417053223 38.2812614440918 37.7568626403809 36.8280754089355
41.7238883972168 41.7108726501465 41.7157669067383 41.4847412109375 41.2482414245605 41.3765525817871 41.5138359069824 41.6457824707031 41.7105941772461 41.7839622497559 41.7490501403809 41.7119598388672 41.755973815918 41.6828002929688 41.5706787109375 41.3427124023438 41.2868194580078 41.1514129638672 40.9377861022949 40.6176795959473 40.4806022644043 39.8163299560547 39.3140296936035 38.9101905822754 38.8853874206543 39.1743202209473 39.9536018371582 39.8545265197754 39.5972557067871 39.4884643554688 38.8479156494141 38.7577285766602 38.5793952941895 38.438159942627 37.8269882202148 37.4701881408691 37.6059494018555 37.5361289978027 37.7012481689453 37.5121307373047 37.4759864807129 36.6853065490723 37.2397499084473 37.9003257751465 37.6827278137207 36.4780921936035
41.3098335266113 41.532283782959 41.6803665161133 41.5804176330566 41.4059791564941 41.2854843139648 41.2423324584961 41.5139999389648 41.5818557739258 41.6964111328125 41.7394409179688 41.7036361694336 41.7282257080078 41.7192916870117 41.5620193481445 41.461296081543 41.3646774291992 41.2576904296875 41.1124496459961 40.933650970459 40.7510719299316 40.1517143249512 39.2089080810547 39.2588806152344 38.6735496520996 39.1247673034668 39.8540115356445 39.385669708252 39.5123977661133 39.8575477600098 39.7388534545898 39.5731163024902 39.0119361877441 38.6414833068848 37.3364944458008 36.2685394287109 36.2681846618652 36.152904510498 36.0970153808594 36.4573516845703 36.5668601989746 36.6844062805176 36.8178062438965 37.5008430480957 37.3579521179199 37.0125350952148
41.4474258422852 41.4847030639648 41.5757293701172 41.5386505126953 41.4921493530273 41.2297439575195 41.0240478515625 40.7960357666016 41.3021240234375 41.6733093261719 41.7566757202148 41.7550506591797 41.7941589355469 41.7701950073242 41.5150680541992 41.1797637939453 41.1583251953125 41.1833038330078 41.1965713500977 41.0791168212891 40.9442672729492 40.5854301452637 39.6737823486328 39.8975486755371 39.0959739685059 39.0683746337891 39.1487274169922 39.3846054077148 38.5106582641602 39.0278778076172 38.7019195556641 38.7555198669434 39.7289810180664 39.3613357543945 38.5616683959961 36.7105445861816 35.9205894470215 35.9008827209473 35.3253211975098 35.6595802307129 36.1588668823242 36.1098709106445 36.1571731567383 37.2466011047363 36.8611793518066 36.4021644592285
41.5260963439941 41.4274215698242 41.4563980102539 41.2822723388672 41.4236373901367 41.3363342285156 41.12255859375 40.8935470581055 41.0307388305664 41.4957733154297 41.6698226928711 41.7829513549805 41.795166015625 41.7476654052734 41.6803970336914 41.3453521728516 41.0065002441406 40.8305053710938 41.021728515625 41.096565246582 40.9637451171875 40.8123054504395 40.5329971313477 40.048282623291 39.1562042236328 38.9575691223145 38.8792724609375 38.9336853027344 38.9513320922852 38.4932556152344 37.9997024536133 38.5974464416504 39.5395927429199 38.9184303283691 39.0684127807617 38.6056480407715 38.2149467468262 38.0808372497559 37.2513847351074 36.3139114379883 36.8792114257812 36.5774345397949 36.8744430541992 37.0003967285156 36.7283477783203 36.3187294006348
