inst/extdata/Tmax/Tmax83.asc
NCOLS 100 
NROWS 79 
XLLCORNER 148.06 
YLLCORNER -21.49 
CELLSIZE 0.01 
NODATA_value -3.4e+38 
[rows 40 to 59 of 79, columns 46 to 91 of 100]
34.0862770080566 34.9051742553711 35.2561950683594 35.9979133605957 37.3529281616211 38.168830871582 37.7639007568359 36.1480941772461 35.8230857849121 36.3865661621094 36.8159141540527 38.2686538696289 37.937873840332 38.1068725585938 37.3973045349121 38.237419128418 38.3814315795898 38.131046295166 38.2026252746582 38.2740135192871 38.2785186767578 37.4980735778809 37.8121795654297 38.0651054382324 38.127124786377 38.1666450500488 38.07373046875 37.7502403259277 37.889533996582 38.035457611084 37.9951858520508 37.8554382324219 37.5778961181641 36.5330352783203 36.74755859375 37.2995262145996 37.2107467651367 37.1201667785645 37.302604675293 36.8377380371094 36.2265319824219 36.606330871582 36.8525199890137 36.671989440918 36.8755416870117 36.9028511047363
35.2238960266113 36.2099685668945 36.12744140625 36.0787086486816 37.3914756774902 38.4166412353516 37.4554824829102 37.1096839904785 37.5974769592285 37.6552314758301 37.9513969421387 38.5203857421875 38.412425994873 38.4133071899414 38.2788772583008 38.5278434753418 38.5478591918945 38.4807777404785 38.4327125549316 38.4373054504395 38.415153503418 37.9785690307617 37.3913803100586 37.6741027832031 37.5975227355957 37.9916915893555 38.2278060913086 37.831111907959 37.8069801330566 38.1075553894043 38.1234741210938 38.0402870178223 37.8903007507324 37.3826560974121 37.5643730163574 37.5858726501465 37.3989181518555 37.3789100646973 37.4472808837891 37.5325012207031 36.740291595459 36.9116287231445 37.3937873840332 37.2209091186523 37.3140830993652 37.2559700012207
37.2750854492188 37.4123191833496 37.5516166687012 37.9402809143066 38.2032127380371 38.5961418151855 38.2295837402344 37.7710838317871 38.1883316040039 38.5087776184082 38.4299964904785 38.6765403747559 38.6914482116699 38.6134262084961 38.577693939209 38.6382026672363 38.6342086791992 38.6018371582031 38.5627326965332 38.5406837463379 38.4610748291016 37.6909942626953 37.5149154663086 37.9099807739258 37.4743156433105 37.832820892334 38.1755142211914 38.080867767334 38.0191688537598 38.2058143615723 38.2114562988281 38.1873817443848 38.1386184692383 38.0305557250977 37.9342231750488 37.6572189331055 36.8992156982422 37.3685417175293 37.7816390991211 37.7597808837891 37.6424942016602 37.5786514282227 37.6558494567871 37.6663017272949 37.6810760498047 37.6258773803711
38.3144073486328 38.3173866271973 38.4124717712402 38.5193099975586 38.7000770568848 38.7560882568359 38.670581817627 38.4644012451172 38.592945098877 38.758602142334 38.7486534118652 38.7758941650391 38.7448196411133 38.7009582519531 38.7034149169922 38.6716194152832 38.6053161621094 38.5721282958984 38.5841598510742 38.5938987731934 38.5501136779785 38.3430404663086 38.1252822875977 38.2514953613281 38.129035949707 37.7593078613281 37.976634979248 38.1776809692383 38.2836418151855 38.2837715148926 38.2679214477539 38.2416305541992 38.200553894043 38.1496086120605 38.12646484375 37.9953193664551 37.593578338623 37.8259811401367 37.9512519836426 37.9200973510742 37.8781509399414 37.8581047058105 37.8287811279297 37.8238410949707 37.8104438781738 37.7730827331543
38.1730728149414 38.3845710754395 38.5889663696289 38.5815467834473 38.6136207580566 38.7057838439941 38.7315101623535 38.7744331359863 38.7833633422852 38.7229881286621 38.542236328125 38.6176147460938 38.5414390563965 38.3143348693848 38.4496383666992 38.5489196777344 38.4430847167969 38.5188903808594 38.5798416137695 38.6035194396973 38.605339050293 38.484016418457 38.2167701721191 37.9939231872559 38.1604156494141 38.2870025634766 38.3084831237793 38.3251991271973 38.3135604858398 38.3214797973633 38.2943534851074 38.265323638916 38.2126579284668 38.1620292663574 38.165470123291 38.1039772033691 38.068603515625 38.0458984375 37.9817733764648 37.9635772705078 37.929271697998 37.9004211425781 37.8846321105957 37.856071472168 37.763599395752 37.7733383178711
36.6496124267578 37.3086357116699 37.6565589904785 37.826587677002 38.1248970031738 38.395637512207 38.3332290649414 38.4857978820801 38.4699974060059 38.3211097717285 37.6706161499023 37.6698532104492 37.7221183776855 36.4513320922852 37.2473258972168 37.8820991516113 38.320442199707 38.5769119262695 38.6335792541504 38.636646270752 38.6321563720703 38.4725570678711 38.104907989502 37.7895774841309 37.9940147399902 38.1954650878906 38.2827758789062 38.2546997070312 38.2889671325684 38.3276786804199 38.315860748291 38.2922058105469 38.2573089599609 38.2309036254883 38.1856079101562 38.0929527282715 38.0654296875 38.0403938293457 37.9984588623047 37.9732971191406 37.9346122741699 37.9093322753906 37.8830375671387 37.8246002197266 37.801586151123 37.8084983825684
34.5780715942383 35.6755867004395 35.581298828125 35.5434608459473 36.6776313781738 37.1265602111816 37.2138137817383 37.4246559143066 37.7973136901855 37.2587928771973 36.6767311096191 36.1708641052246 36.7256546020508 36.6038818359375 36.9692802429199 37.9322090148926 38.482292175293 38.6209526062012 38.6318473815918 38.5991439819336 38.6268501281738 38.6204528808594 38.2648696899414 37.9643402099609 37.8563423156738 38.0661544799805 38.2186241149902 38.2924537658691 38.3560066223145 38.3521614074707 38.3533058166504 38.3379096984863 38.3113479614258 38.2675247192383 38.1839904785156 38.1204071044922 38.0973358154297 38.0749359130859 38.0445671081543 38.0141792297363 37.9750213623047 37.9532585144043 37.9325408935547 37.8885231018066 37.8650054931641 37.7656288146973
34.6911087036133 34.6209754943848 34.440860748291 34.499454498291 34.4376335144043 35.1157302856445 36.1924285888672 36.7477149963379 36.8907852172852 36.7698059082031 37.2145462036133 37.0583877563477 36.9086380004883 37.3880462646484 37.6216850280762 38.3380813598633 38.5318908691406 38.5383605957031 38.4712142944336 38.5533981323242 38.6393127441406 38.661506652832 38.528923034668 38.2621269226074 37.906192779541 38.112865447998 38.2527046203613 38.3658752441406 38.4038887023926 38.4144973754883 38.408203125 38.3723640441895 38.301212310791 38.2224769592285 38.1543388366699 38.1186408996582 38.1099090576172 38.1035499572754 38.0774688720703 38.0479202270508 38.0200614929199 38.0037803649902 37.9804306030273 37.945556640625 37.7694129943848 37.5857276916504
34.3463401794434 34.4283332824707 34.6206016540527 34.3589553833008 34.267406463623 34.3550186157227 35.1088638305664 36.5265121459961 36.9758605957031 37.1144218444824 36.9635200500488 37.1093902587891 37.3441009521484 37.575813293457 37.6107597351074 38.0446624755859 38.3424034118652 38.3262977600098 38.3047637939453 38.5338592529297 38.6098823547363 38.604923248291 38.6553916931152 38.5710105895996 38.4607086181641 38.4199142456055 38.4719467163086 38.507453918457 38.4943084716797 38.4773445129395 38.4408378601074 38.3664398193359 38.2806282043457 38.1578407287598 38.1068153381348 38.1376342773438 38.1275291442871 38.1243858337402 38.120044708252 38.0909767150879 38.075870513916 38.0574913024902 38.0280342102051 37.9998474121094 37.8584899902344 37.7367858886719
34.4204597473145 34.5688781738281 34.5835876464844 34.2819290161133 34.7143249511719 35.4544105529785 35.5375862121582 36.6140747070312 37.0122184753418 37.1742858886719 37.0037956237793 37.3958282470703 37.6176872253418 37.6074142456055 37.6696319580078 37.5737113952637 37.6413726806641 37.8212394714355 38.1142044067383 38.3887557983398 38.457935333252 38.4526596069336 38.6305084228516 38.6515655517578 38.6472663879395 38.6153869628906 38.5765495300293 38.4224166870117 38.4541931152344 38.4902000427246 38.4451370239258 38.3336334228516 38.280834197998 38.106990814209 38.0367774963379 38.1670913696289 38.150936126709 38.1204833984375 38.1514129638672 38.1402931213379 38.1112289428711 38.0990676879883 38.0710906982422 38.0301208496094 37.9537506103516 37.882884979248
34.4596672058105 34.3448104858398 34.5343360900879 34.267707824707 34.8437995910645 35.8165473937988 36.1120948791504 36.6091346740723 37.2050323486328 37.5745010375977 37.5799598693848 37.6692276000977 37.7172584533691 37.729248046875 37.7060127258301 37.650806427002 37.6930122375488 37.4534149169922 37.1451873779297 38.0843620300293 37.9805679321289 38.3235778808594 38.5771446228027 38.6091690063477 38.6329956054688 38.6058883666992 38.5299224853516 38.3355293273926 38.437442779541 38.5021743774414 38.3563385009766 38.2026062011719 38.197998046875 38.1647567749023 38.1737327575684 38.2251586914062 38.214412689209 38.186408996582 38.1688995361328 38.1804580688477 38.164966583252 38.1339950561523 38.0966377258301 38.0520706176758 38.0014877319336 37.9156761169434
34.0733451843262 34.0415534973145 34.3804130554199 33.802318572998 33.9313545227051 35.7236671447754 36.3861198425293 36.9242935180664 37.204418182373 37.4342231750488 37.4773635864258 37.469482421875 37.2884483337402 37.2767219543457 37.4914093017578 37.592716217041 37.861644744873 37.7866706848145 37.6172714233398 37.6385650634766 37.4958229064941 38.1381950378418 38.4572868347168 38.5833625793457 38.5734405517578 38.5717582702637 38.2711486816406 37.9537315368652 38.4281425476074 38.5177803039551 38.2809066772461 38.0181465148926 38.205680847168 38.228832244873 38.2365188598633 38.19775390625 38.1792144775391 38.1661720275879 38.1679496765137 38.1430892944336 38.1364974975586 38.1451568603516 38.1170997619629 38.0748405456543 38.0273246765137 37.9576263427734
33.7446517944336 33.6046257019043 34.0241928100586 33.9051551818848 33.9770240783691 34.8825798034668 35.7885055541992 36.357723236084 36.7676048278809 37.0700798034668 37.0164222717285 36.9435882568359 36.9872970581055 37.2191467285156 37.8344306945801 37.9127464294434 38.0540657043457 37.9590797424316 37.8763771057129 37.7210502624512 37.5065422058105 38.0476150512695 38.4019508361816 38.5439186096191 38.4782257080078 38.5396766662598 38.2099914550781 37.4260177612305 38.2360801696777 38.5115928649902 38.2787094116211 38.0678749084473 38.2150573730469 38.1508941650391 38.0793571472168 38.0892028808594 38.1138687133789 38.0468292236328 37.9658393859863 37.9357109069824 38.0128021240234 38.0689849853516 38.1215896606445 38.0892562866211 38.0445404052734 37.993335723877
34.7619094848633 33.8129959106445 33.9046249389648 34.262393951416 34.5989608764648 35.5626640319824 35.6147956848145 36.3006401062012 36.9866027832031 37.2635383605957 37.5565872192383 37.6347122192383 37.7359046936035 37.914249420166 38.0601348876953 38.0873107910156 38.0322952270508 38.0810852050781 38.0386123657227 37.8284568786621 37.6490592956543 37.6582145690918 38.0871391296387 38.2624130249023 38.1860580444336 38.5227508544922 38.4213333129883 37.8775253295898 38.3076057434082 38.5089569091797 38.3124008178711 38.1456069946289 38.0607223510742 37.770565032959 37.911449432373 37.8485794067383 37.8396415710449 37.4781036376953 37.5460548400879 36.6810722351074 37.793758392334 37.985538482666 38.1131973266602 38.1018867492676 38.0619010925293 38.0115356445312
35.4079551696777 34.4850044250488 33.9931144714355 34.7200965881348 35.3042068481445 35.9595108032227 36.016975402832 36.4274559020996 37.0825080871582 37.4348411560059 37.4677391052246 37.4704895019531 37.8110885620117 37.9446258544922 38.0251045227051 38.0020980834961 38.1636276245117 38.2612495422363 38.2221336364746 37.9989967346191 37.8455581665039 37.763671875 37.8614082336426 37.857536315918 37.8217468261719 38.3776245117188 38.5092697143555 38.2531623840332 37.9925155639648 38.4178581237793 38.0278701782227 37.3412590026855 37.8419456481934 37.9611015319824 38.1846618652344 38.1741065979004 38.1232833862305 38.078685760498 37.877986907959 37.0409202575684 37.703254699707 37.9556617736816 38.0794105529785 38.0993690490723 38.076774597168 38.0294380187988
35.4556159973145 34.65234375 34.1237487792969 35.3026466369629 36.1803436279297 36.5620460510254 37.2023735046387 37.3952713012695 37.5665435791016 37.6519393920898 37.4813652038574 37.4341316223145 37.9019622802734 37.9668006896973 37.9635467529297 38.0158233642578 38.0998039245605 38.0774421691895 38.5040855407715 38.2868309020996 38.0400543212891 37.9006729125977 37.867546081543 37.7197113037109 37.7154006958008 38.2282104492188 38.5015907287598 38.408863067627 38.2717666625977 38.5110740661621 37.9247093200684 36.991024017334 37.3986625671387 37.9532127380371 37.9660491943359 37.6289520263672 37.6613311767578 38.0863647460938 38.1662750244141 38.1159477233887 38.1293182373047 38.1038513183594 38.0966186523438 38.0773849487305 38.0789489746094 38.049617767334
35.344066619873 34.4403381347656 33.9951858520508 35.1084442138672 36.2663879394531 36.5795936584473 36.0554313659668 37.2301063537598 37.1736869812012 36.6796226501465 37.5054092407227 37.6772193908691 37.6854248046875 37.7258224487305 37.7294120788574 37.9028091430664 38.0018882751465 38.0862121582031 38.4854316711426 38.571102142334 38.3912963867188 38.1161689758301 37.9598236083984 37.880687713623 37.6663398742676 38.0497093200684 38.4177398681641 38.4141273498535 38.5536804199219 38.588924407959 38.1435356140137 36.6496276855469 37.1896629333496 36.7563552856445 37.0362548828125 36.4250946044922 37.2123184204102 38.0675315856934 38.1455726623535 38.1786727905273 38.173698425293 38.085262298584 37.9772834777832 38.0476379394531 38.0501480102539 38.035228729248
35.3274230957031 34.6261215209961 34.6727294921875 35.1347045898438 35.9656867980957 36.3403396606445 36.7074279785156 36.9039459228516 35.7488555908203 35.6587409973145 37.011116027832 36.1316947937012 36.4448127746582 36.8232307434082 37.4389457702637 37.8315658569336 37.9507522583008 38.1235656738281 38.4015464782715 38.4958305358887 38.5280227661133 38.3082389831543 38.0202140808105 38.064640045166 37.9457130432129 38.1302719116211 38.1130409240723 37.9576759338379 38.3976898193359 38.5340538024902 38.322681427002 37.7097473144531 36.4687805175781 34.7435493469238 34.8872718811035 36.3358688354492 37.5463829040527 38.0416526794434 38.1157188415527 38.049259185791 38.0321044921875 37.8239898681641 37.7033309936523 37.9921226501465 37.7593650817871 37.7922019958496
35.3037261962891 34.9606628417969 34.7623519897461 35.0359725952148 35.5830421447754 36.3000831604004 36.4328193664551 36.0499649047852 35.6154403686523 36.3601036071777 36.7812690734863 35.8917999267578 36.1686172485352 36.5340957641602 37.3527030944824 37.6935882568359 37.9366912841797 38.2965049743652 38.6289825439453 38.4684371948242 38.3443565368652 38.5740203857422 38.3445587158203 38.1737213134766 38.023738861084 38.0078086853027 38.0607986450195 37.9619216918945 38.2204208374023 38.4823303222656 38.4940299987793 38.0392875671387 37.4162826538086 35.9888534545898 35.4478721618652 36.3875541687012 37.544059753418 37.9937973022461 38.0249900817871 37.6177139282227 37.8173561096191 37.9471893310547 37.7547836303711 37.7878837585449 37.498161315918 37.6932945251465
34.9954528808594 34.7890625 34.3410415649414 34.6410598754883 35.3336372375488 35.477222442627 35.8457908630371 36.1280784606934 36.3736915588379 36.4534721374512 36.7472915649414 36.9227142333984 37.4839630126953 37.5480728149414 37.6607971191406 37.2571296691895 38.0623626708984 38.3645210266113 38.5254440307617 38.2733612060547 38.3575630187988 38.5032539367676 38.5706825256348 38.5047264099121 38.2477264404297 38.1759376525879 37.8584480285645 37.9774436950684 38.2926254272461 38.3451156616211 38.4500427246094 38.453914642334 37.970516204834 37.3880920410156 36.6004981994629 36.3385810852051 37.2974052429199 37.9279022216797 37.4961967468262 37.0291023254395 37.7787742614746 37.9685554504395 37.7161750793457 37.0473327636719 37.3238792419434 37.738094329834
