inst/extdata/Tmax/Tmax21.asc
NCOLS 100 
NROWS 79 
XLLCORNER 148.06 
YLLCORNER -21.49 
CELLSIZE 0.01 
NODATA_value -3.4e+38 
[rows 0 to 19 of 79, columns 0 to 45 of 100]
25.866502761840799 25.9401607513428 25.1868953704834 26.2051944732666 26.2344779968262 26.5536556243896 26.5790767669678 26.3296070098877 26.0883655548096 26.2327365875244 25.7736282348633 25.7636184692383 25.7727489471436 24.6036338806152 25.074592590332 25.4661960601807 25.7073154449463 25.7563877105713 24.3497371673584 23.7458076477051 22.8388023376465 21.4216690063477 21.9410820007324 23.3945636749268 24.0499038696289 24.6973838806152 24.2840995788574 24.259162902832 24.5001163482666 24.0967693328857 21.9953784942627 19.9623870849609 18.1050281524658 18.2487354278564 16.9304103851318 15.5406074523926 15.1109008789062 14.7770328521729 15.5159130096436 17.5634174346924 19.3232688903809 19.6760063171387 20.392276763916 26.0259323120117 25.7011013031006 24.7378578186035
26.4802322387695 25.4242992401123 23.9977359771729 24.7121200561523 24.6778335571289 25.7603511810303 26.257776260376 26.4445781707764 27.0153121948242 27.1009464263916 26.4981327056885 25.5239524841309 26.1659469604492 25.1076889038086 25.379638671875 25.0454559326172 25.8896579742432 25.6991310119629 24.8583717346191 23.9099712371826 24.1676940917969 23.3489036560059 23.0828399658203 23.5441436767578 24.0367946624756 24.5593204498291 24.9718227386475 24.9399566650391 24.6084136962891 24.1550674438477 23.0062942504883 20.988094329834 18.8700542449951 21.1389770507812 17.8668937683105 16.4866409301758 15.8561763763428 16.8437480926514 18.0392799377441 18.9111824035645 20.3762016296387 20.5017757415771 23.7466144561768 24.5817756652832 25.2517910003662 24.1661605834961
26.2877292633057 25.2912578582764 25.3266868591309 25.8889827728271 25.2401962280273 25.6041164398193 26.0482406616211 26.5949230194092 27.0145645141602 27.0923404693604 26.5712661743164 25.8291339874268 26.1402492523193 25.7068653106689 25.1299915313721 25.1578369140625 25.271520614624 25.5804862976074 24.7457828521729 24.2424850463867 23.728609085083 23.9872741699219 23.4809970855713 23.7896404266357 24.6798801422119 24.8830070495605 24.874231338501 24.8553123474121 25.0603294372559 24.4908542633057 24.7490310668945 23.2990818023682 24.3498649597168 21.142297744751 23.0999145507812 17.1346683502197 16.1064643859863 15.7775239944458 16.9951820373535 18.1895809173584 19.863920211792 26.1869087219238 26.1834678649902 22.8425312042236 22.7240009307861 25.3006401062012
26.8247089385986 26.6027126312256 25.6477565765381 26.7303562164307 25.9441528320312 25.4156322479248 26.038646697998 26.5102386474609 26.8387050628662 27.0148067474365 26.7981872558594 26.279598236084 26.177806854248 26.1801090240479 25.8055171966553 25.7347240447998 25.8873062133789 25.4616222381592 25.2538185119629 24.2395858764648 23.9682121276855 23.6886672973633 23.8023853302002 23.826244354248 24.4932289123535 24.7578258514404 24.6858463287354 24.7078533172607 24.3830299377441 23.5370769500732 23.7624683380127 24.8411140441895 23.4743309020996 21.2784252166748 17.3270435333252 16.3523292541504 16.5782814025879 15.9821271896362 15.9399099349976 15.4390115737915 17.1744651794434 19.5441226959229 23.200611114502 26.8233261108398 20.9808101654053 21.059871673584
27.5148773193359 26.7078399658203 26.5477771759033 27.1082973480225 26.7085437774658 26.2047710418701 25.6074123382568 26.6024494171143 27.4475479125977 26.7151851654053 26.9113254547119 26.6222190856934 26.5562343597412 26.4075031280518 25.9252643585205 25.5989036560059 25.6180171966553 25.0672702789307 24.359842300415 23.5469036102295 23.5949611663818 24.0994071960449 24.1428966522217 24.3925399780273 24.1123218536377 24.0321197509766 25.2872009277344 24.5094165802002 24.3744411468506 24.5509929656982 23.9534492492676 24.1452789306641 23.3728141784668 22.4220657348633 22.9216575622559 18.0462169647217 17.5441150665283 17.0159358978271 15.6498680114746 15.5232019424438 15.3511638641357 19.0906162261963 22.3634128570557 24.4878749847412 20.2937564849854 19.3775291442871
28.0259323120117 27.4070281982422 26.6465625762939 27.0005016326904 27.2070751190186 26.6249580383301 26.5809001922607 26.8578243255615 27.0619411468506 26.8609676361084 26.737606048584 27.1845226287842 26.7181720733643 26.2197151184082 25.2752742767334 25.6040554046631 25.5349273681641 24.73752784729 24.004695892334 23.4044609069824 23.4727687835693 24.1596279144287 24.2792358398438 24.2166481018066 25.0191402435303 24.6291351318359 24.7717933654785 23.7360076904297 23.5670948028564 22.8646335601807 22.0472049713135 23.0863571166992 23.7742595672607 22.8948192596436 22.4568214416504 22.7856636047363 18.1699104309082 17.588752746582 17.060001373291 16.4643478393555 15.5934076309204 18.1350593566895 23.3481960296631 22.4793567657471 20.539737701416 17.6802997589111
27.0709095001221 27.6532764434814 27.5100898742676 27.8382129669189 27.3209991455078 26.9639511108398 26.0301837921143 26.3888034820557 26.9890060424805 27.191047668457 27.4347515106201 27.4367752075195 26.4023952484131 25.8885192871094 25.814826965332 25.8409938812256 25.3331546783447 24.5775184631348 24.0887222290039 23.5471973419189 22.9266414642334 23.6301021575928 24.1457805633545 24.434455871582 24.7745895385742 25.1377124786377 25.0504531860352 24.1639995574951 23.9394054412842 22.1144409179688 21.2607727050781 20.4651889801025 21.7799243927002 22.6088104248047 22.4622936248779 22.0309352874756 18.516471862793 16.729642868042 16.863468170166 16.6982975006104 16.6395034790039 18.4184417724609 24.1196422576904 25.331148147583 20.7637615203857 23.3936977386475
27.7108745574951 27.1858081817627 27.9244041442871 28.0629634857178 27.4428100585938 27.1796703338623 26.1398296356201 26.2519073486328 26.8319911956787 27.0473232269287 27.0122966766357 26.8100776672363 25.9995269775391 26.5216236114502 26.4109230041504 25.1351871490479 24.8270530700684 24.0292453765869 24.519214630127 23.329963684082 22.3048896789551 22.9411010742188 23.4795379638672 24.5272274017334 24.8440399169922 25.122537612915 24.8725337982178 23.9111843109131 23.5062389373779 22.9795207977295 20.7931594848633 20.3833808898926 21.1453037261963 20.9937896728516 21.5734176635742 21.8179340362549 17.8133125305176 16.8729076385498 16.3936805725098 16.8773937225342 17.0455074310303 18.1972160339355 19.2884616851807 20.4511642456055 20.5809268951416 18.3347187042236
26.943883895874 27.6047916412354 27.2505340576172 27.4125423431396 27.3249740600586 27.2759323120117 26.8497982025146 26.0816593170166 26.4837379455566 26.9468212127686 27.1063976287842 27.5237655639648 27.7381496429443 26.5991439819336 26.1857109069824 24.8816833496094 24.709981918335 24.6156444549561 24.8579006195068 23.5096130371094 23.5170230865479 23.1304473876953 23.4819850921631 24.3998966217041 24.9304008483887 25.2399063110352 24.2341766357422 22.5996494293213 23.0706520080566 22.9248294830322 21.8536758422852 20.8524570465088 20.5072803497314 19.9091281890869 22.5738544464111 20.5165901184082 21.3760395050049 21.6655540466309 16.5512981414795 16.369026184082 16.4728775024414 16.6787586212158 17.2583618164062 18.939432144165 19.5961418151855 18.2521572113037
26.2884349822998 27.2412757873535 27.4735374450684 27.9417839050293 27.2941150665283 27.3729515075684 26.9112911224365 26.4038505554199 26.5742855072021 26.5764846801758 27.0294227600098 27.0632991790771 25.9775276184082 25.9032325744629 25.8867301940918 25.6547222137451 25.5051765441895 25.2078227996826 24.6761493682861 24.5086307525635 24.4976673126221 23.6135387420654 24.0493602752686 24.9055213928223 25.659143447876 25.5560989379883 24.4027690887451 23.8299541473389 23.0635395050049 21.907018661499 20.9760723114014 20.5740089416504 20.764554977417 21.4128227233887 21.8138771057129 20.1183433532715 17.112361907959 20.490104675293 17.124942779541 16.0888328552246 16.0901069641113 15.6913232803345 16.3967571258545 17.5580940246582 17.6378002166748 17.3297748565674
26.5933437347412 27.6296653747559 27.5534954071045 27.0339584350586 27.7664756774902 27.9302806854248 27.3615093231201 26.776439666748 26.8689460754395 26.8729553222656 27.2316226959229 26.6576385498047 26.3813018798828 25.2270393371582 25.398717880249 25.4517517089844 25.4176483154297 25.5832443237305 25.149772644043 25.1077251434326 23.9695777893066 23.8908348083496 23.7400302886963 24.6627063751221 24.9906578063965 25.8247890472412 24.1577320098877 22.2849445343018 21.4841995239258 21.3057804107666 20.8823165893555 21.3372001647949 22.1311836242676 22.0517406463623 21.4407863616943 19.6490688323975 17.2856311798096 16.945743560791 16.9191551208496 16.0804271697998 16.1948928833008 15.7178554534912 15.5547170639038 16.3941402435303 16.9218482971191 17.2818260192871
27.0691013336182 26.49977684021 27.1993160247803 27.3451976776123 27.4156951904297 28.347484588623 27.6471328735352 26.900520324707 26.7255954742432 27.0210666656494 26.72873878479 27.2068195343018 26.8360404968262 26.2691173553467 26.0371971130371 25.8523902893066 26.103666305542 25.9114761352539 25.6808433532715 24.9812412261963 24.1545391082764 23.7033023834229 24.1814002990723 24.1655654907227 24.0360908508301 24.6542682647705 23.0755233764648 22.2751140594482 21.6906452178955 21.9813957214355 22.2838172912598 22.2671375274658 22.2637329101562 21.7280406951904 21.6301364898682 20.5628719329834 21.311372756958 16.2681980133057 16.9503726959229 17.224536895752 16.977258682251 16.6184310913086 15.7045564651489 16.5131244659424 16.835277557373 16.9644432067871
27.184850692749 27.3209991455078 27.3604183197021 28.0744724273682 27.9643783569336 28.0338764190674 27.3712139129639 26.6458511352539 26.9956111907959 28.0016803741455 27.0021839141846 27.3564319610596 26.675313949585 27.1766185760498 26.7122993469238 26.4137783050537 26.9179840087891 26.3954524993896 26.1201477050781 24.8266048431396 24.60719871521 25.0348930358887 25.1213912963867 25.5880165100098 25.4460849761963 24.9011344909668 24.5189971923828 23.6884174346924 22.8612403869629 22.5444564819336 23.4026374816895 23.1080112457275 22.9506931304932 22.4230918884277 21.0440063476562 20.2830200195312 19.0971794128418 20.5867881774902 19.532247543335 17.8642959594727 16.2628498077393 16.0223159790039 15.5706119537354 15.2943849563599 17.139799118042 17.5542774200439
27.8650226593018 28.1157341003418 26.8444519042969 27.3358421325684 26.9304809570312 26.9692993164062 27.7203121185303 27.1508979797363 27.3500461578369 27.3180103302002 27.2805728912354 27.1106033325195 26.7457275390625 26.2947750091553 26.6314277648926 26.248441696167 26.6604518890381 26.3818702697754 26.1892013549805 25.5372581481934 25.7447052001953 25.8183155059814 25.5562286376953 25.7006015777588 24.934061050415 23.1920108795166 22.7971038818359 22.7350883483887 22.0086154937744 22.491886138916 23.4120655059814 23.2137794494629 22.6863708496094 21.9049110412598 21.2417888641357 22.8028736114502 21.3311538696289 17.6112403869629 21.8160018920898 23.218334197998 22.4045066833496 17.7949314117432 16.8332843780518 16.6005935668945 17.283390045166 18.1765193939209
26.3380165100098 26.5717506408691 27.1290454864502 27.5480327606201 27.301212310791 27.1443119049072 27.1611347198486 27.8518981933594 26.7783241271973 26.5648155212402 26.675271987915 26.4494285583496 25.810977935791 25.757116317749 26.0848655700684 25.5417537689209 26.3908042907715 26.4682426452637 26.3121089935303 26.4165897369385 26.1473445892334 25.4784469604492 24.7013378143311 24.8541564941406 24.7351531982422 24.5606708526611 24.2774448394775 23.6919746398926 23.1225566864014 23.8426570892334 23.2031784057617 23.5408191680908 23.3269577026367 23.4092693328857 23.039623260498 21.5572605133057 22.3207397460938 21.7837867736816 21.6145095825195 23.1602935791016 22.9064064025879 22.9511089324951 17.7655467987061 16.8340530395508 17.3746852874756 18.4601974487305
24.7295722961426 26.2540397644043 27.2464923858643 26.9826545715332 27.6890163421631 27.6572723388672 27.4391593933105 27.0195083618164 27.5876178741455 27.0554161071777 25.593448638916 26.4071159362793 25.2240581512451 24.4055690765381 25.5539703369141 25.3913955688477 24.8551940917969 25.5424995422363 26.3316688537598 26.0877132415771 25.9579753875732 25.7687320709229 25.6706199645996 25.6318244934082 25.263801574707 24.8744144439697 25.0891418457031 24.6504993438721 24.4826622009277 24.1570262908936 23.9267635345459 23.2562484741211 23.2328472137451 23.7888717651367 23.6223449707031 23.4929904937744 23.9203243255615 22.2246856689453 23.5096874237061 24.1243209838867 23.4650650024414 21.9339618682861 16.8872623443604 15.8484916687012 16.5411033630371 17.6222686767578
25.988862991333 24.901439666748 26.3415279388428 27.3830680847168 26.4457340240479 26.4304828643799 27.6016864776611 26.8821239471436 26.8091011047363 27.1152477264404 25.9943008422852 26.0227355957031 24.7476749420166 24.1391735076904 25.1044502258301 24.0979022979736 23.9307041168213 25.0598621368408 25.1019535064697 25.3542766571045 25.9162311553955 25.8920860290527 25.3601493835449 25.359920501709 24.6025047302246 23.9838733673096 23.3810176849365 23.8118515014648 24.4661979675293 23.4005718231201 23.0400829315186 22.3474178314209 22.7389163970947 23.646203994751 23.87451171875 23.6115303039551 24.1589546203613 24.1482238769531 23.6310539245605 23.1497821807861 23.4094944000244 21.7105178833008 20.4164600372314 17.4497909545898 16.9833183288574 17.8742141723633
26.3777027130127 26.2874717712402 26.3676128387451 27.5509510040283 26.8559894561768 27.2821025848389 27.8291645050049 27.8603687286377 28.1011695861816 27.7912998199463 27.4349536895752 26.9551658630371 24.9755477905273 24.3387680053711 24.8111724853516 24.2728786468506 23.9844532012939 23.8306865692139 23.1264953613281 24.3703994750977 25.3527679443359 26.1789722442627 26.4387359619141 25.8335933685303 24.459903717041 22.8386344909668 21.960054397583 22.7310085296631 23.7736701965332 23.2301654815674 23.0620899200439 23.9695129394531 23.9081211090088 23.9234981536865 24.6047248840332 23.6999549865723 23.2277755737305 23.1273250579834 23.7341957092285 23.8083076477051 24.2512035369873 23.8347854614258 22.6825675964355 22.2015533447266 19.4067039489746 18.939754486084
27.4169273376465 26.2043647766113 25.793586730957 26.3938941955566 26.6164970397949 27.2185134887695 28.0547618865967 27.2853374481201 28.1819629669189 27.7908782958984 26.4042663574219 26.6670436859131 25.6835289001465 22.8314838409424 23.2761325836182 22.5370693206787 22.9594669342041 22.2969779968262 23.5084457397461 24.6028175354004 25.9177532196045 25.7147750854492 26.2803344726562 26.2341041564941 24.8205375671387 23.4342250823975 21.8733406066895 22.4307079315186 24.0578002929688 23.2151374816895 23.6033344268799 24.4023723602295 25.2873802185059 25.2791213989258 24.4340114593506 24.0430946350098 23.4961700439453 23.5316429138184 24.3164100646973 24.3076915740967 24.3935012817383 24.2903785705566 23.9796314239502 23.7496299743652 21.9233512878418 18.8578777313232
26.3085842132568 26.3569869995117 26.7523288726807 26.4299068450928 27.1939678192139 27.1015300750732 28.0304203033447 28.0198707580566 26.9916095733643 27.319787979126 27.6525650024414 26.7971839904785 25.7512226104736 22.4522266387939 22.9826679229736 23.0969791412354 22.6253776550293 23.0028781890869 23.0657920837402 24.3388023376465 25.663854598999 25.3419876098633 26.0087223052979 26.0720863342285 25.5636711120605 24.5662460327148 23.3023128509521 23.0414752960205 23.8264465332031 24.0819282531738 24.8312282562256 25.2788429260254 25.2738876342773 25.2968406677246 25.3698348999023 24.3509101867676 23.5214309692383 23.4441833496094 23.4951934814453 23.9888172149658 24.7857856750488 24.3665103912354 23.3985824584961 23.5280609130859 22.4510040283203 21.8715801239014
