inst/extdata/Tmax/Tmax153.asc
NCOLS 100 
NROWS 79 
XLLCORNER 148.06 
YLLCORNER -21.49 
CELLSIZE 0.01 
NODATA_value -3.4e+38 
[rows 40 to 59 of 79, columns 0 to 45 of 100]
41.939083099365199 41.6578521728516 41.6989135742188 41.7367630004883 41.6260757446289 41.7430038452148 41.6850318908691 41.4960021972656 41.039421081543 41.4674453735352 42.0960960388184 42.3979988098145 42.4418716430664 42.5001487731934 42.5724143981934 42.3751907348633 42.0961380004883 41.7589836120605 41.1932411193848 41.6901893615723 41.6882209777832 41.5687675476074 41.5140113830566 41.123477935791 40.2298889160156 39.5851631164551 39.370849609375 39.4724235534668 39.5961875915527 38.9600563049316 38.3149604797363 38.7314414978027 40.0171203613281 39.750919342041 39.497241973877 39.8361511230469 39.7335433959961 39.4141311645508 39.1982803344727 38.7483024597168 38.7125434875488 37.8179588317871 37.2400321960449 37.2391395568848 36.9828796386719 36.8245010375977
42.0922546386719 41.6947555541992 41.584358215332 41.6931610107422 41.6006469726562 41.6878051757812 41.6833801269531 41.5864028930664 41.3490028381348 41.4768486022949 41.8164596557617 42.1491851806641 42.3814735412598 42.5526466369629 42.6040306091309 42.466968536377 42.1570358276367 41.6702194213867 41.3455467224121 41.4971237182617 41.5272178649902 41.2825164794922 41.467170715332 41.1962623596191 40.5391082763672 40.0460739135742 39.4103317260742 39.3369636535645 39.5556335449219 39.1231803894043 38.7004890441895 39.3263893127441 40.0164031982422 39.2665634155273 38.5412979125977 39.3188056945801 39.3511810302734 39.5701942443848 39.5391387939453 39.3111457824707 39.1968688964844 38.4456520080566 37.0333366394043 36.9156074523926 36.9956817626953 36.9597663879395
41.9651069641113 41.9018478393555 41.7040786743164 41.5940399169922 41.6614151000977 41.6904144287109 41.6573066711426 41.6274070739746 41.6013145446777 41.5619468688965 41.6183128356934 42.0764007568359 42.3970527648926 42.5457382202148 42.5677490234375 42.5300369262695 42.2941589355469 41.985595703125 41.7684745788574 41.7282600402832 41.650016784668 40.9951400756836 40.9314079284668 41.1599464416504 41.1929016113281 40.760627746582 39.8762626647949 39.5529899597168 39.480598449707 39.2608299255371 38.3607482910156 39.4306030273438 39.4923858642578 38.4130821228027 37.5940437316895 38.5164337158203 38.5031127929688 39.1662559509277 39.3397254943848 39.0424766540527 38.8135147094727 38.8488578796387 38.2474517822266 38.0312232971191 38.4625282287598 39.476001739502
41.646728515625 41.7268524169922 41.7219772338867 41.7245330810547 41.7607650756836 41.7609329223633 41.7164115905762 41.6732635498047 41.7348175048828 41.7131538391113 41.7294960021973 42.1195068359375 42.3689956665039 42.5278015136719 42.5568084716797 42.5807495117188 42.4660186767578 42.2642021179199 41.9962959289551 42.0414047241211 41.8757476806641 41.6087608337402 40.9425430297852 40.597526550293 41.2710189819336 41.0668640136719 40.6463851928711 40.1731109619141 39.8427619934082 39.6727714538574 38.8760147094727 38.7767677307129 39.4887008666992 38.9855918884277 38.3414192199707 37.8797225952148 37.9542121887207 38.2102203369141 38.4469261169434 38.2131538391113 37.755687713623 38.4723968505859 38.0321350097656 38.9989166259766 40.7812271118164 41.3887023925781
41.3678741455078 41.5375175476074 41.5259132385254 41.5336875915527 41.721622467041 41.8402099609375 41.856616973877 41.8096885681152 41.8766098022461 41.929370880127 42.1018447875977 42.2241134643555 42.3578262329102 42.4646301269531 42.5324478149414 42.5924377441406 42.5478935241699 42.4146347045898 42.2685775756836 42.2283782958984 42.1069717407227 41.9534339904785 41.6623611450195 41.4581527709961 41.2886772155762 40.8366661071777 41.0749053955078 40.9607009887695 40.6448974609375 39.9664077758789 39.3602294921875 39.3393936157227 39.6636657714844 39.8347244262695 39.543270111084 38.3694915771484 37.0165405273438 36.9846572875977 37.0962028503418 37.4400367736816 37.3212661743164 37.863151550293 37.386116027832 38.2392501831055 40.0363693237305 41.4201354980469
41.3914260864258 41.4416580200195 41.2986907958984 41.1982307434082 41.405891418457 41.6290435791016 41.845760345459 41.9699554443359 42.0433120727539 42.1411399841309 42.2167320251465 42.1308822631836 41.920036315918 42.293571472168 42.5237503051758 42.5786972045898 42.5642700195312 42.5071907043457 42.4253730773926 42.3687782287598 42.2860908508301 42.1685028076172 42.1199150085449 41.5239906311035 41.1846580505371 41.11474609375 41.1825981140137 41.0216369628906 40.8398017883301 40.3332977294922 39.0921401977539 39.2846183776855 39.598518371582 39.6675987243652 39.7714424133301 38.8740005493164 37.5557136535645 37.3178863525391 37.3558044433594 37.8026466369629 37.206413269043 37.5545959472656 37.9625778198242 38.2807769775391 39.1744842529297 40.3567733764648
41.2588920593262 41.2194290161133 41.235710144043 41.1707038879395 41.0812072753906 41.145191192627 41.6236534118652 41.7543792724609 41.8817138671875 41.907642364502 42.1293029785156 42.2207641601562 41.9853744506836 42.2451248168945 42.4736251831055 42.5573425292969 42.550952911377 42.4945945739746 42.4616012573242 42.4281730651855 42.3607330322266 42.2807693481445 42.1871299743652 41.7254638671875 40.9162101745605 41.0315017700195 41.1905326843262 40.9741325378418 40.9289207458496 40.7875022888184 39.9967308044434 39.6597633361816 39.3087615966797 39.5742225646973 39.7159729003906 39.2478790283203 38.1696281433105 38.4586334228516 37.9275550842285 38.6417770385742 38.081615447998 38.2239456176758 38.3484497070312 38.4619598388672 38.4595489501953 38.2729415893555
41.6916961669922 41.053409576416 40.9831886291504 40.9383239746094 40.9198913574219 41.0498695373535 41.3492240905762 41.3127136230469 41.5660514831543 41.6220932006836 41.7090530395508 41.7638168334961 41.9541854858398 42.2371673583984 42.4290084838867 42.5507583618164 42.5264129638672 42.4186477661133 42.2491569519043 42.1601104736328 42.2958984375 42.1031951904297 42.1263313293457 42.0672035217285 41.622688293457 41.5310592651367 41.5319862365723 41.3413124084473 41.1791763305664 40.9629898071289 40.2833213806152 39.9072189331055 39.2012939453125 39.5996055603027 39.6477966308594 39.4202117919922 38.9731788635254 39.2043724060059 38.9420585632324 39.1912536621094 38.9313735961914 38.7079315185547 38.5673828125 38.4200134277344 38.0783920288086 37.8451461791992
42.3964195251465 41.5896224975586 40.8601760864258 40.7216491699219 40.8567008972168 41.0464057922363 40.9715690612793 40.9782295227051 41.317943572998 41.6168060302734 41.6956214904785 41.6693382263184 41.903247833252 42.2106628417969 42.4529762268066 42.5257568359375 42.5198822021484 42.4589538574219 42.2993087768555 42.0847702026367 42.1598625183105 42.0940017700195 42.0209121704102 42.1540794372559 42.0517425537109 41.9510269165039 41.6550750732422 41.4646873474121 41.380916595459 41.0947303771973 40.7087554931641 40.2339820861816 39.3739814758301 39.533203125 39.5081596374512 39.5729560852051 39.4620246887207 39.4389190673828 39.3278923034668 39.1477432250977 38.3477668762207 38.1617317199707 38.3670234680176 38.1108551025391 37.9788970947266 37.6314392089844
42.6783447265625 42.1332969665527 41.3166542053223 40.7606506347656 40.7546577453613 40.7523155212402 40.7700691223145 41.1173095703125 41.3578643798828 41.2633857727051 41.877613067627 42.0926895141602 42.205322265625 42.3107070922852 42.4132194519043 42.5019264221191 42.4946060180664 42.4507522583008 42.3557052612305 42.2222633361816 42.124324798584 42.0424957275391 41.8649024963379 41.9093627929688 42.0782852172852 42.0670738220215 41.8330039978027 41.3046569824219 40.8147125244141 41.0850868225098 40.7898483276367 40.4695892333984 39.666690826416 39.3725547790527 39.166088104248 39.4741439819336 39.5401229858398 39.4439849853516 39.4051322937012 39.0960960388184 38.402587890625 37.9849548339844 38.1716766357422 37.8028182983398 37.7172317504883 37.6282539367676
42.6836700439453 42.4769325256348 42.0072784423828 41.4063377380371 40.8891563415527 40.5994758605957 40.7473754882812 41.067756652832 41.1187896728516 41.4231872558594 41.9965629577637 42.2134666442871 42.343448638916 42.4501686096191 42.4754943847656 42.5059242248535 42.3768310546875 42.3943862915039 42.4057350158691 42.3332443237305 42.228214263916 42.057445526123 41.8678970336914 41.7914390563965 41.9026718139648 41.9470825195312 41.9715194702148 41.7498321533203 41.4747352600098 41.3333358764648 40.7936248779297 40.6177101135254 39.7844543457031 39.3787155151367 38.7658615112305 39.2420349121094 39.3581733703613 39.3533554077148 39.4068489074707 39.2242202758789 38.7036476135254 38.5158653259277 38.4186973571777 38.2053871154785 37.8803901672363 37.704460144043
42.662223815918 42.5983543395996 42.3276214599609 41.6596450805664 41.0953521728516 40.8250198364258 40.773624420166 40.8635368347168 40.6287460327148 40.7884140014648 41.6367416381836 42.019458770752 42.2006721496582 42.4068183898926 42.4964561462402 42.4653358459473 42.3723373413086 42.377254486084 42.3482093811035 42.3418045043945 42.2525177001953 42.1346855163574 42.0363731384277 41.8386650085449 41.7275314331055 41.6710166931152 41.6178894042969 41.7370948791504 41.5192604064941 41.6392097473145 41.6648826599121 40.8676376342773 40.2772598266602 39.8328895568848 39.3417167663574 39.4750595092773 39.4165534973145 39.2439460754395 39.3874282836914 39.2907943725586 38.7960433959961 38.6153564453125 38.502498626709 38.3183364868164 37.8240356445312 37.6338882446289
42.4963607788086 42.545093536377 42.3885879516602 41.4058952331543 40.6325035095215 40.6132392883301 40.7052154541016 40.5785293579102 40.335075378418 40.4744148254395 41.5673675537109 42.0171203613281 42.235969543457 42.4227867126465 42.4393501281738 42.3974113464355 42.3700790405273 42.3183135986328 42.2826118469238 42.2821998596191 42.2961502075195 42.2267951965332 42.0739135742188 41.8796882629395 41.6658058166504 41.5123519897461 41.4702682495117 41.4292640686035 41.4265899658203 41.3272705078125 41.5183868408203 41.3767318725586 40.8209991455078 40.2126121520996 39.7777938842773 40.1152801513672 40.0470657348633 39.5737190246582 39.3792762756348 39.4487609863281 39.2870712280273 39.0083351135254 38.6966285705566 38.44921875 38.1090698242188 37.7200698852539
42.3094367980957 42.350772857666 42.4547538757324 42.0005531311035 41.0140266418457 40.685001373291 41.0206604003906 40.5384941101074 40.3922386169434 40.48095703125 41.5346641540527 42.113353729248 42.3278923034668 42.4239234924316 42.3611068725586 42.2746849060059 42.2535552978516 42.2840995788574 42.2571907043457 42.1587944030762 42.2107887268066 42.2581367492676 42.1231994628906 41.9780349731445 41.7905960083008 41.6359214782715 41.2760009765625 41.0927658081055 40.7501068115234 41.0938911437988 40.933235168457 41.4549026489258 41.5017623901367 41.1641082763672 40.6802139282227 40.7145919799805 40.3321571350098 39.9831771850586 39.6773262023926 40.0527381896973 39.6380615234375 39.346851348877 39.1900901794434 39.0508880615234 38.7728157043457 38.6227111816406
42.1943016052246 42.1319999694824 42.3124504089355 42.3144073486328 41.8496856689453 41.6207122802734 41.5551490783691 41.2185134887695 41.026554107666 41.044319152832 41.2367630004883 41.6162719726562 42.2492713928223 42.3825263977051 42.2717704772949 42.193977355957 42.1700477600098 42.224308013916 42.1920356750488 42.1342124938965 42.1597480773926 42.242805480957 42.1996803283691 42.030574798584 41.9282836914062 41.7523002624512 41.4168853759766 41.2084159851074 40.8059616088867 41.0338020324707 40.4185218811035 40.8202209472656 41.049934387207 41.0737991333008 41.1949844360352 41.0775833129883 40.7627906799316 40.6228370666504 40.1816940307617 39.6901817321777 39.6184921264648 39.6464500427246 39.4092712402344 39.2145080566406 39.2091293334961 39.0639343261719
42.2984962463379 42.2591323852539 42.3020248413086 42.322639465332 42.1916389465332 41.5792503356934 41.5764961242676 41.6448135375977 41.4427909851074 41.4087448120117 41.6566963195801 41.989143371582 42.3013610839844 42.3733406066895 42.2846260070801 42.1163787841797 42.1526412963867 42.1548767089844 41.9723854064941 41.9591445922852 42.0909309387207 42.1486854553223 42.2019195556641 42.1130905151367 42.002311706543 41.8609962463379 41.6538619995117 41.4084053039551 41.250057220459 41.0998878479004 40.6912651062012 40.3227005004883 40.4565200805664 40.4231109619141 40.8595352172852 40.5712509155273 40.8157157897949 40.5858879089355 40.236686706543 39.8321418762207 39.6042785644531 39.3717575073242 38.8997840881348 38.3202819824219 38.8903312683105 39.0777397155762
42.4226570129395 42.3655853271484 42.3279190063477 42.3019218444824 42.1381378173828 41.3419380187988 41.1322593688965 41.5520057678223 41.4528617858887 41.1559410095215 41.4392929077148 42.0562438964844 42.3106536865234 42.3441696166992 42.2686538696289 42.0993843078613 42.0765686035156 41.8914413452148 41.6568145751953 41.7960472106934 42.0813446044922 42.0750541687012 42.1543159484863 42.1496543884277 41.9970817565918 41.9407196044922 41.752269744873 41.4858589172363 41.4052772521973 41.1910858154297 40.7981147766113 40.1277770996094 39.8376693725586 39.9785308837891 40.4259719848633 40.5635757446289 40.1838493347168 39.8462905883789 40.0404052734375 39.9742126464844 39.641414642334 39.3921165466309 38.8713150024414 38.0674095153809 38.510555267334 38.8769836425781
42.4882431030273 42.4147644042969 42.3589515686035 42.3142623901367 42.2620887756348 41.9082641601562 41.4336128234863 41.209602355957 41.2215919494629 41.0248718261719 41.4866104125977 42.0630226135254 42.2854995727539 42.3004913330078 42.2259788513184 42.0601234436035 41.8909111022949 41.7091407775879 41.6076965332031 41.8665618896484 41.9908828735352 42.038143157959 42.0087661743164 42.1062545776367 42.0543212890625 41.9737854003906 41.7978553771973 41.5490493774414 41.4376792907715 41.2525825500488 40.8591842651367 40.6468200683594 40.2080612182617 40.0267944335938 39.9754257202148 40.1222229003906 40.3636360168457 40.2189598083496 39.8692512512207 39.6729431152344 39.476016998291 39.2626190185547 39.0210914611816 38.7100715637207 38.0800971984863 38.3681030273438
42.5463218688965 42.4579620361328 42.4007339477539 42.3756446838379 42.2896385192871 42.0653419494629 41.7507400512695 41.1884002685547 41.0921325683594 41.2749519348145 41.7180061340332 42.0984077453613 42.2487564086914 42.2476615905762 42.1321907043457 41.9834442138672 41.692554473877 41.6259651184082 41.7356147766113 41.7691612243652 41.910945892334 41.8447303771973 41.6814956665039 41.9222831726074 42.0927581787109 41.9843711853027 41.7663841247559 41.6305999755859 41.507682800293 41.4100189208984 41.2290115356445 41.0028381347656 40.7079391479492 40.6571998596191 40.3443260192871 40.0172691345215 40.0990180969238 40.1731986999512 39.9505615234375 39.8048515319824 39.669506072998 39.4212951660156 38.8271865844727 38.4513778686523 38.578498840332 38.5983581542969
42.569694519043 42.5417442321777 42.478199005127 42.4289283752441 42.3047752380371 42.1829795837402 42.0460433959961 41.6747741699219 41.2291069030762 41.3257217407227 41.4855194091797 41.7548904418945 42.027458190918 42.0772171020508 42.0277481079102 41.9040031433105 41.6979331970215 41.5862693786621 41.488338470459 41.5355415344238 41.7615699768066 41.755443572998 41.5344657897949 41.9114227294922 42.110912322998 42.0127143859863 41.8481101989746 41.7114524841309 41.6431427001953 41.5393447875977 41.4290885925293 41.2076225280762 40.9027976989746 41.1024551391602 40.9792022705078 40.6215553283691 40.1706428527832 40.0640449523926 40.1829872131348 40.5835723876953 39.8595542907715 39.5782470703125 39.1882171630859 38.5200271606445 38.4522094726562 38.334114074707
