inst/extdata/Tmax/Tmax27.asc
NCOLS 100 
NROWS 79 
XLLCORNER 148.06 
YLLCORNER -21.49 
CELLSIZE 0.01 
NODATA_value -3.4e+38 
[rows 0 to 19 of 79, columns 46 to 91 of 100]
26.330493927002 25.0124073028564 25.1805477142334 25.4000301361084 25.9424228668213 25.8709983825684 26.0694751739502 26.078556060791 25.0648441314697 23.0601749420166 24.7454414367676 24.1026954650879 24.8544540405273 25.4827480316162 25.5729732513428 25.7290782928467 25.8968753814697 26.2917785644531 24.8458709716797 25.3735046386719 25.5155124664307 -3.4e+38 -3.4e+38 -3.4e+38 -3.4e+38 -3.4e+38 -3.4e+38 -3.4e+38 -3.4e+38 -3.4e+38 -3.4e+38 -3.4e+38 -3.4e+38 -3.4e+38 -3.4e+38 -3.4e+38 -3.4e+38 -3.4e+38 -3.4e+38 -3.4e+38 -3.4e+38 -3.4e+38 -3.4e+38 -3.4e+38 -3.4e+38 -3.4e+38
26.6916809082031 26.1681995391846 24.806396484375 25.0740623474121 25.23095703125 25.1937999725342 25.5483589172363 25.9347686767578 24.6280899047852 23.5947799682617 25.631721496582 25.2597694396973 27.049373626709 26.6437606811523 25.4454498291016 24.4215488433838 25.5498237609863 27.3869762420654 26.2871494293213 25.0324935913086 25.7078685760498 27.745943069458 -3.4e+38 -3.4e+38 -3.4e+38 -3.4e+38 -3.4e+38 -3.4e+38 -3.4e+38 -3.4e+38 -3.4e+38 -3.4e+38 -3.4e+38 -3.4e+38 -3.4e+38 -3.4e+38 -3.4e+38 -3.4e+38 -3.4e+38 -3.4e+38 -3.4e+38 -3.4e+38 -3.4e+38 -3.4e+38 -3.4e+38 -3.4e+38
28.4768905639648 25.3947200775146 23.3661289215088 23.744836807251 23.572286605835 25.1126689910889 24.2863883972168 24.1979351043701 23.3461265563965 23.0979919433594 24.9322338104248 26.3680992126465 27.7255573272705 27.173698425293 24.6246776580811 23.8838272094727 25.4244422912598 25.0506191253662 24.9133968353271 25.1322326660156 24.7766761779785 24.9748592376709 24.7728576660156 25.2110443115234 -3.4e+38 -3.4e+38 -3.4e+38 -3.4e+38 -3.4e+38 -3.4e+38 -3.4e+38 -3.4e+38 -3.4e+38 -3.4e+38 -3.4e+38 -3.4e+38 -3.4e+38 -3.4e+38 -3.4e+38 -3.4e+38 -3.4e+38 -3.4e+38 -3.4e+38 -3.4e+38 -3.4e+38 -3.4e+38
24.5602340698242 24.0633716583252 21.1955108642578 22.1378040313721 23.7577152252197 23.5675182342529 24.0156669616699 24.1747035980225 23.8601970672607 23.4347190856934 24.7129783630371 24.3252372741699 27.0644512176514 27.6117973327637 25.0353088378906 24.4437389373779 26.2737827301025 26.9262886047363 26.345344543457 25.6123332977295 24.1708240509033 25.0742301940918 24.7706279754639 25.5795059204102 26.0357437133789 25.91428565979 -3.4e+38 -3.4e+38 -3.4e+38 -3.4e+38 -3.4e+38 -3.4e+38 -3.4e+38 -3.4e+38 -3.4e+38 -3.4e+38 -3.4e+38 -3.4e+38 -3.4e+38 -3.4e+38 -3.4e+38 -3.4e+38 -3.4e+38 -3.4e+38 -3.4e+38 -3.4e+38
25.5212726593018 23.6813468933105 21.0287475585938 20.6988620758057 22.1624069213867 24.4204139709473 25.0837020874023 25.4333229064941 23.4933452606201 22.5021743774414 23.1894416809082 21.5736179351807 23.0893516540527 27.1200618743896 24.2466449737549 24.5703945159912 26.4153938293457 26.2006702423096 26.8573894500732 26.8040943145752 20.3657722473145 25.0985584259033 25.3583316802979 24.8290271759033 25.5823554992676 25.9592323303223 -3.4e+38 -3.4e+38 -3.4e+38 -3.4e+38 -3.4e+38 -3.4e+38 -3.4e+38 -3.4e+38 -3.4e+38 -3.4e+38 -3.4e+38 -3.4e+38 -3.4e+38 -3.4e+38 -3.4e+38 -3.4e+38 -3.4e+38 -3.4e+38 -3.4e+38 -3.4e+38
21.3399028778076 22.0704078674316 20.245792388916 19.5885181427002 22.1597213745117 24.2950325012207 23.6930484771729 24.1221370697021 22.9475002288818 23.277437210083 20.9986114501953 20.7110195159912 24.7398986816406 25.47802734375 23.3264656066895 24.6299343109131 25.8815059661865 26.9963645935059 25.9952087402344 25.8015155792236 20.4567546844482 22.5044002532959 26.0625801086426 25.003381729126 25.4011859893799 25.2940120697021 -3.4e+38 -3.4e+38 -3.4e+38 -3.4e+38 -3.4e+38 -3.4e+38 -3.4e+38 -3.4e+38 -3.4e+38 -3.4e+38 -3.4e+38 -3.4e+38 -3.4e+38 -3.4e+38 -3.4e+38 -3.4e+38 -3.4e+38 -3.4e+38 -3.4e+38 -3.4e+38
20.2250862121582 20.8745098114014 21.2563896179199 20.8013591766357 24.7202167510986 24.3367500305176 24.3333263397217 23.1921939849854 24.0013694763184 22.9354076385498 22.0656509399414 22.3770446777344 23.4501953125 27.0908069610596 27.0478706359863 28.0406589508057 24.5437126159668 24.8556632995605 24.8560218811035 25.3470249176025 27.159631729126 24.9258213043213 25.6775398254395 25.2060775756836 24.5646991729736 23.8442211151123 23.7611980438232 24.2657909393311 -3.4e+38 -3.4e+38 -3.4e+38 -3.4e+38 -3.4e+38 -3.4e+38 -3.4e+38 -3.4e+38 -3.4e+38 -3.4e+38 -3.4e+38 -3.4e+38 -3.4e+38 -3.4e+38 -3.4e+38 -3.4e+38 -3.4e+38 -3.4e+38
19.2473621368408 21.5958137512207 26.7634601593018 21.253719329834 20.223762512207 21.9670658111572 23.7482681274414 22.82666015625 23.13694190979 23.9937953948975 22.429859161377 21.9837093353271 23.0166759490967 24.4349403381348 22.7513828277588 25.5424671173096 22.5709934234619 22.3620090484619 23.6070346832275 24.9571266174316 25.2063026428223 23.8727760314941 24.3976936340332 24.9971294403076 23.964786529541 23.1903495788574 22.8980102539062 23.5121116638184 24.8151206970215 23.3130779266357 24.5645046234131 -3.4e+38 -3.4e+38 -3.4e+38 -3.4e+38 -3.4e+38 -3.4e+38 -3.4e+38 -3.4e+38 -3.4e+38 -3.4e+38 -3.4e+38 -3.4e+38 -3.4e+38 -3.4e+38 -3.4e+38
19.2285099029541 21.0108165740967 21.6671466827393 25.5772266387939 21.1886444091797 19.680154800415 21.6317825317383 21.8985710144043 24.1557922363281 24.4278240203857 24.6281547546387 22.952600479126 22.5597858428955 23.1719589233398 21.0754470825195 20.9308929443359 20.2155094146729 24.4162845611572 22.9355220794678 24.2964038848877 26.336067199707 26.2382640838623 23.7677822113037 21.8044948577881 22.7992076873779 23.3874359130859 23.995548248291 25.1126613616943 24.7292556762695 23.4938220977783 22.8720035552979 25.2753372192383 -3.4e+38 -3.4e+38 -3.4e+38 -3.4e+38 -3.4e+38 -3.4e+38 -3.4e+38 -3.4e+38 -3.4e+38 -3.4e+38 -3.4e+38 -3.4e+38 -3.4e+38 -3.4e+38
20.4201278686523 21.0035190582275 21.4829063415527 22.2498817443848 23.7999992370605 20.8558502197266 20.4772624969482 22.0622577667236 23.5699634552002 23.838981628418 23.7549571990967 23.5004920959473 22.442440032959 22.5151500701904 20.9449138641357 20.5872592926025 20.1978130340576 25.0934467315674 24.8574390411377 23.0920867919922 24.1652812957764 25.9537487030029 26.6911106109619 25.6738262176514 25.5962181091309 23.2431945800781 23.8039531707764 26.2999897003174 24.2448463439941 23.4902534484863 26.4203910827637 26.8858242034912 -3.4e+38 -3.4e+38 -3.4e+38 -3.4e+38 -3.4e+38 -3.4e+38 -3.4e+38 -3.4e+38 -3.4e+38 -3.4e+38 -3.4e+38 -3.4e+38 -3.4e+38 -3.4e+38
19.5340518951416 21.4153289794922 21.2436447143555 21.2486591339111 22.669849395752 25.5076847076416 22.6525497436523 23.4567489624023 23.2355918884277 23.4452972412109 24.2241954803467 23.7023735046387 23.2351779937744 23.78098487854 23.1709938049316 23.2408180236816 24.3356170654297 24.5687065124512 25.7592334747314 25.5502338409424 23.1653861999512 26.2426376342773 23.8621196746826 22.7451114654541 24.4825687408447 24.168399810791 25.1408557891846 24.9987621307373 26.9316482543945 27.4844055175781 -3.4e+38 -3.4e+38 -3.4e+38 -3.4e+38 -3.4e+38 -3.4e+38 -3.4e+38 -3.4e+38 -3.4e+38 -3.4e+38 -3.4e+38 -3.4e+38 -3.4e+38 -3.4e+38 -3.4e+38 -3.4e+38
19.1014461517334 20.0313682556152 20.0991077423096 19.3123607635498 19.9961128234863 20.9243240356445 27.4986953735352 24.2058773040771 23.8961296081543 23.5795040130615 23.7678756713867 24.1719341278076 23.3001098632812 23.7913398742676 23.4937362670898 25.3356151580811 25.2707557678223 25.1761226654053 28.2121810913086 25.9772262573242 24.1985301971436 24.2264385223389 24.2473316192627 23.6448383331299 27.6164398193359 23.3913879394531 24.6958904266357 24.4375019073486 25.1731815338135 23.9313316345215 -3.4e+38 -3.4e+38 -3.4e+38 -3.4e+38 -3.4e+38 -3.4e+38 -3.4e+38 -3.4e+38 -3.4e+38 -3.4e+38 -3.4e+38 -3.4e+38 -3.4e+38 -3.4e+38 -3.4e+38 -3.4e+38
18.8458080291748 17.6894073486328 17.4090270996094 17.3169536590576 19.3210029602051 19.9912738800049 21.3102779388428 21.5745124816895 23.3591117858887 23.8507976531982 22.4184474945068 22.682165145874 22.5506534576416 23.0734882354736 23.3981781005859 23.3952159881592 23.6128940582275 25.3258743286133 27.6553783416748 27.328088760376 25.077262878418 25.28635597229 25.1534023284912 26.8931922912598 25.2304573059082 24.4304580688477 25.2495403289795 24.5041332244873 22.8649559020996 20.9554100036621 23.9795799255371 25.3001270294189 -3.4e+38 -3.4e+38 -3.4e+38 -3.4e+38 -3.4e+38 -3.4e+38 -3.4e+38 -3.4e+38 -3.4e+38 -3.4e+38 -3.4e+38 -3.4e+38 -3.4e+38 -3.4e+38
18.8610019683838 18.020112991333 17.5596103668213 17.1882934570312 17.6774864196777 18.1482124328613 19.743688583374 20.594108581543 22.9169006347656 24.0327548980713 23.1774883270264 23.0025272369385 23.4674549102783 23.8982830047607 24.2067432403564 25.4496765136719 23.6090240478516 25.5648212432861 26.6339683532715 25.5013866424561 25.468786239624 27.8367443084717 25.5105953216553 24.9717178344727 26.3278217315674 24.546838760376 23.5088272094727 23.2804470062256 22.3461647033691 23.5711345672607 25.4901332855225 25.201452255249 24.0699405670166 -3.4e+38 -3.4e+38 -3.4e+38 -3.4e+38 20.2768459320068 26.4681301116943 -3.4e+38 -3.4e+38 -3.4e+38 -3.4e+38 -3.4e+38 -3.4e+38 -3.4e+38
19.2526187896729 18.6527500152588 17.6202449798584 17.252857208252 17.8063735961914 17.5646686553955 18.632719039917 19.9840660095215 20.8800277709961 21.8135986328125 20.3286113739014 23.5269355773926 22.7600498199463 23.4839477539062 24.7386684417725 23.7215270996094 24.4953556060791 27.9329643249512 24.4578552246094 26.2579765319824 25.3951625823975 27.3063259124756 25.9682064056396 25.2258243560791 25.154275894165 25.23020362854 25.0922622680664 23.7083644866943 23.2374973297119 26.0277996063232 25.9606838226318 25.0886001586914 24.4358100891113 -3.4e+38 -3.4e+38 -3.4e+38 -3.4e+38 21.4156875610352 25.2383518218994 26.7002334594727 26.3217372894287 26.2091312408447 -3.4e+38 -3.4e+38 -3.4e+38 -3.4e+38
19.1844635009766 18.0330410003662 17.5956954956055 17.6061573028564 17.1986083984375 18.1820755004883 18.0419769287109 19.189432144165 22.7697143554688 24.2135562896729 22.2967109680176 20.5565738677979 24.1396484375 20.0809097290039 19.8631076812744 20.6006641387939 25.7457160949707 23.9514312744141 23.492166519165 24.6531410217285 24.8103847503662 25.5563049316406 25.353199005127 24.6209106445312 24.5565338134766 24.6701393127441 25.7759475708008 24.758472442627 23.9078884124756 23.8643016815186 24.6151943206787 21.1159496307373 27.3359661102295 -3.4e+38 -3.4e+38 24.6110248565674 26.2928714752197 25.4642810821533 24.2354183197021 25.3275680541992 25.2439804077148 26.6489772796631 -3.4e+38 -3.4e+38 -3.4e+38 -3.4e+38
17.8690624237061 16.6679000854492 16.7571125030518 17.9394874572754 18.3662090301514 18.1001949310303 17.6876602172852 18.444465637207 25.1078605651855 23.2912712097168 27.4725723266602 20.3454265594482 21.1321868896484 22.2530097961426 20.0982494354248 20.2761173248291 20.6584663391113 22.4437732696533 24.1947689056396 23.5876808166504 26.409553527832 23.7196559906006 24.4027156829834 24.7062530517578 24.1400966644287 25.2186450958252 25.1471729278564 25.4523220062256 25.7485980987549 24.3955268859863 24.6110420227051 21.1746711730957 23.1970806121826 -3.4e+38 27.0648727416992 22.4953956604004 24.4356746673584 -3.4e+38 26.7334499359131 -3.4e+38 26.4453468322754 -3.4e+38 -3.4e+38 -3.4e+38 -3.4e+38 -3.4e+38
18.5125598907471 16.8534832000732 16.1867122650146 18.7284469604492 18.7826805114746 17.9501552581787 17.5810108184814 17.6376190185547 19.1963748931885 21.1279678344727 21.4609069824219 25.3788509368896 27.0133838653564 22.3190078735352 21.8916759490967 22.9899253845215 23.3723030090332 23.6213436126709 23.1410675048828 23.0432624816895 24.5809364318848 24.6047134399414 26.1359977722168 26.1500492095947 24.4141025543213 24.1686229705811 25.0979862213135 24.0428142547607 24.3044300079346 24.1364479064941 21.7891883850098 23.0424861907959 26.9849624633789 23.9850044250488 23.0173358917236 25.6819305419922 25.2792205810547 -3.4e+38 -3.4e+38 -3.4e+38 -3.4e+38 -3.4e+38 -3.4e+38 26.2933979034424 -3.4e+38 -3.4e+38
19.2130432128906 18.9806518554688 16.6937618255615 18.2622909545898 17.0188884735107 17.2570724487305 18.2632598876953 18.3433609008789 19.7956371307373 22.2838382720947 21.38059425354 21.6214694976807 24.0477848052979 27.9135971069336 23.3484020233154 23.6110649108887 23.3677177429199 22.6049499511719 22.0821647644043 21.9831562042236 27.3627433776855 24.954704284668 26.9711208343506 25.1223793029785 25.2925186157227 23.7697639465332 24.2002277374268 23.0947418212891 23.7232875823975 23.7414817810059 22.0937633514404 22.336877822876 25.3742198944092 25.4884738922119 24.9820957183838 25.3297939300537 24.9257221221924 26.5364379882812 25.0777950286865 22.0535125732422 24.4446105957031 24.1255416870117 25.1628875732422 24.2419662475586 -3.4e+38 -3.4e+38
19.7640361785889 19.0184764862061 19.2943592071533 19.4581394195557 18.1512260437012 17.5778675079346 17.3705940246582 17.7069816589355 19.6760063171387 27.127025604248 21.6359024047852 27.4697723388672 26.2270431518555 23.3585910797119 23.5329284667969 21.1359558105469 21.2161865234375 23.6990737915039 22.2246208190918 22.4865684509277 24.5863552093506 26.0752277374268 28.0467777252197 25.7442150115967 27.348165512085 24.136417388916 26.8088893890381 25.1922225952148 24.3529300689697 24.028413772583 23.2339706420898 24.3480472564697 25.8868598937988 26.4648494720459 26.6438579559326 23.8550300598145 23.5478267669678 24.9287128448486 26.0058135986328 26.7512531280518 26.3165912628174 26.3477725982666 24.5917530059814 24.3169841766357 20.6801929473877 -3.4e+38
