inst/extdata/Tmax/Tmax78.asc
NCOLS 100 
NROWS 79 
XLLCORNER 148.06 
YLLCORNER -21.49 
CELLSIZE 0.01 
NODATA_value -3.4e+38 
[rows 0 to 19 of 79, columns 46 to 91 of 100]
34.8053588867188 34.6561813354492 34.5772476196289 34.5901069641113 34.5879592895508 34.5 34.6948089599609 34.5575866699219 34.403564453125 34.2660484313965 34.2104415893555 33.9959297180176 33.93017578125 34.1455879211426 34.4166412353516 34.3727149963379 34.2906723022461 34.1697120666504 33.9360694885254 33.809497833252 33.7464866638184 -3.4e+38 -3.4e+38 -3.4e+38 -3.4e+38 -3.4e+38 -3.4e+38 -3.4e+38 -3.4e+38 -3.4e+38 -3.4e+38 -3.4e+38 -3.4e+38 -3.4e+38 -3.4e+38 -3.4e+38 -3.4e+38 -3.4e+38 -3.4e+38 -3.4e+38 -3.4e+38 -3.4e+38 -3.4e+38 -3.4e+38 -3.4e+38 -3.4e+38
34.7858390808105 34.5472602844238 34.3614082336426 34.592643737793 34.7494926452637 34.7685966491699 34.7342376708984 34.6582412719727 34.3737945556641 34.012077331543 34.1430206298828 33.7034339904785 34.1591262817383 34.4559478759766 34.4629974365234 34.4073867797852 34.3370399475098 34.2441024780273 34.0966796875 34.0439491271973 33.994800567627 33.8987045288086 -3.4e+38 -3.4e+38 -3.4e+38 -3.4e+38 -3.4e+38 -3.4e+38 -3.4e+38 -3.4e+38 -3.4e+38 -3.4e+38 -3.4e+38 -3.4e+38 -3.4e+38 -3.4e+38 -3.4e+38 -3.4e+38 -3.4e+38 -3.4e+38 -3.4e+38 -3.4e+38 -3.4e+38 -3.4e+38 -3.4e+38 -3.4e+38
34.714427947998 34.085620880127 33.4066352844238 34.5630760192871 34.7472343444824 34.7711753845215 34.7590942382812 34.7269287109375 34.5390167236328 34.0419960021973 34.1373519897461 34.2743644714355 34.3620376586914 34.5200881958008 34.5128173828125 34.449764251709 34.3969192504883 34.3350105285645 34.2464599609375 34.069751739502 34.0755271911621 33.9565162658691 33.7887954711914 33.5782279968262 -3.4e+38 -3.4e+38 -3.4e+38 -3.4e+38 -3.4e+38 -3.4e+38 -3.4e+38 -3.4e+38 -3.4e+38 -3.4e+38 -3.4e+38 -3.4e+38 -3.4e+38 -3.4e+38 -3.4e+38 -3.4e+38 -3.4e+38 -3.4e+38 -3.4e+38 -3.4e+38 -3.4e+38 -3.4e+38
34.3497772216797 34.412223815918 33.5174446105957 34.4619789123535 34.6392860412598 34.7029914855957 34.7648849487305 34.6927871704102 34.5921325683594 34.3152313232422 34.2401733398438 34.0322723388672 34.3557052612305 34.4925880432129 34.5366287231445 34.472785949707 34.4464645385742 34.4093132019043 34.3055419921875 33.9932403564453 33.8618278503418 33.9018630981445 33.8777046203613 33.8366088867188 33.7200508117676 33.4073753356934 -3.4e+38 -3.4e+38 -3.4e+38 -3.4e+38 -3.4e+38 -3.4e+38 -3.4e+38 -3.4e+38 -3.4e+38 -3.4e+38 -3.4e+38 -3.4e+38 -3.4e+38 -3.4e+38 -3.4e+38 -3.4e+38 -3.4e+38 -3.4e+38 -3.4e+38 -3.4e+38
34.3491096496582 34.3784561157227 33.3880424499512 33.586109161377 34.253246307373 34.7035942077637 34.7854156494141 34.673900604248 34.662670135498 34.3988456726074 34.1554412841797 34.0024719238281 33.6845359802246 34.2569847106934 34.5029716491699 34.4470520019531 34.5008354187012 34.4782409667969 34.2807579040527 33.6259880065918 33.191047668457 33.8807678222656 33.9789886474609 33.9460220336914 33.763427734375 33.5566444396973 -3.4e+38 -3.4e+38 -3.4e+38 -3.4e+38 -3.4e+38 -3.4e+38 -3.4e+38 -3.4e+38 -3.4e+38 -3.4e+38 -3.4e+38 -3.4e+38 -3.4e+38 -3.4e+38 -3.4e+38 -3.4e+38 -3.4e+38 -3.4e+38 -3.4e+38 -3.4e+38
33.6530456542969 34.2725677490234 33.0083160400391 32.5029754638672 33.9592361450195 34.7783470153809 34.7261924743652 34.688175201416 34.6530113220215 34.3074378967285 33.5324440002441 33.2593383789062 33.5509834289551 34.3761672973633 34.3080825805664 34.4769515991211 34.5406227111816 34.498161315918 34.4350547790527 33.8689918518066 33.229549407959 33.3005981445312 33.7826995849609 33.8706550598145 33.8797912597656 33.8294334411621 -3.4e+38 -3.4e+38 -3.4e+38 -3.4e+38 -3.4e+38 -3.4e+38 -3.4e+38 -3.4e+38 -3.4e+38 -3.4e+38 -3.4e+38 -3.4e+38 -3.4e+38 -3.4e+38 -3.4e+38 -3.4e+38 -3.4e+38 -3.4e+38 -3.4e+38 -3.4e+38
32.9519844055176 34.2654571533203 33.7495574951172 33.6873474121094 34.5141296386719 34.7545547485352 34.6065216064453 34.519588470459 34.6650733947754 34.2512550354004 33.6401634216309 33.6407012939453 34.2260093688965 34.3519821166992 33.5594062805176 34.3508682250977 34.4239921569824 34.4463806152344 34.4986038208008 34.2595176696777 33.9294242858887 33.6926956176758 33.9149894714355 33.7144813537598 33.9692687988281 34.0180435180664 33.9301452636719 33.7262153625488 -3.4e+38 -3.4e+38 -3.4e+38 -3.4e+38 -3.4e+38 -3.4e+38 -3.4e+38 -3.4e+38 -3.4e+38 -3.4e+38 -3.4e+38 -3.4e+38 -3.4e+38 -3.4e+38 -3.4e+38 -3.4e+38 -3.4e+38 -3.4e+38
32.3546104431152 34.2868537902832 34.6796569824219 34.5223274230957 33.6814270019531 33.9062957763672 34.4411354064941 34.5816116333008 34.7307090759277 34.573169708252 34.2348213195801 33.880069732666 33.9117469787598 34.1125373840332 33.7294120788574 34.3571586608887 33.7341728210449 33.7106704711914 34.3569297790527 34.4865303039551 34.3537559509277 34.1306228637695 34.0521545410156 34.1170387268066 34.10986328125 34.0974044799805 33.9568977355957 33.8584861755371 33.6482124328613 33.2209930419922 33.2238121032715 -3.4e+38 -3.4e+38 -3.4e+38 -3.4e+38 -3.4e+38 -3.4e+38 -3.4e+38 -3.4e+38 -3.4e+38 -3.4e+38 -3.4e+38 -3.4e+38 -3.4e+38 -3.4e+38 -3.4e+38
32.3059692382812 33.8964309692383 34.7012710571289 34.6092910766602 33.8850898742676 32.638053894043 33.7737808227539 34.6675910949707 34.7419319152832 34.6493034362793 34.5221099853516 34.2989463806152 34.3254127502441 34.181037902832 33.7335815429688 33.6819190979004 33.3215408325195 34.0076713562012 34.2935905456543 34.3724365234375 34.4026641845703 34.0858879089355 33.7425765991211 33.4643096923828 34.1112747192383 34.1745529174805 34.086971282959 33.9665260314941 33.8844108581543 33.4184303283691 33.3233184814453 33.4717140197754 -3.4e+38 -3.4e+38 -3.4e+38 -3.4e+38 -3.4e+38 -3.4e+38 -3.4e+38 -3.4e+38 -3.4e+38 -3.4e+38 -3.4e+38 -3.4e+38 -3.4e+38 -3.4e+38
32.979305267334 33.9133224487305 34.5988159179688 34.5962409973145 34.5787010192871 33.4164581298828 33.6720390319824 34.5923881530762 34.7552070617676 34.6571350097656 34.4895820617676 34.2721672058105 34.170768737793 34.2764472961426 33.7021255493164 33.4442405700684 33.3811874389648 34.3888244628906 34.2614936828613 34.002124786377 34.3726196289062 34.3433990478516 34.1755790710449 33.8751640319824 34.2607269287109 34.2226409912109 34.100170135498 34.1658401489258 34.0538101196289 33.8280639648438 33.4671325683594 33.498348236084 -3.4e+38 -3.4e+38 -3.4e+38 -3.4e+38 -3.4e+38 -3.4e+38 -3.4e+38 -3.4e+38 -3.4e+38 -3.4e+38 -3.4e+38 -3.4e+38 -3.4e+38 -3.4e+38
32.3010711669922 33.7882308959961 34.120002746582 33.9412002563477 34.2474250793457 34.488151550293 34.2374038696289 34.6261558532715 34.7236366271973 34.6410140991211 34.4978408813477 34.3475799560547 34.1783142089844 34.5082473754883 34.3781700134277 34.3013916015625 34.3691787719727 34.5741271972656 34.585823059082 34.1068344116211 33.7078094482422 34.3140449523926 34.4953727722168 34.0448722839355 34.0734519958496 33.9505424499512 33.9407234191895 34.2587394714355 34.1547508239746 33.9408836364746 -3.4e+38 -3.4e+38 -3.4e+38 -3.4e+38 -3.4e+38 -3.4e+38 -3.4e+38 -3.4e+38 -3.4e+38 -3.4e+38 -3.4e+38 -3.4e+38 -3.4e+38 -3.4e+38 -3.4e+38 -3.4e+38
31.7910747528076 32.5213584899902 32.7659912109375 32.5414772033691 33.4548454284668 34.0449295043945 34.3742866516113 34.6330070495605 34.6403579711914 34.5730628967285 34.418628692627 34.264087677002 34.1427459716797 34.7164497375488 34.7203025817871 34.5997009277344 34.6225433349609 34.7215690612793 34.775203704834 34.6982955932617 34.3639717102051 34.17919921875 34.5440940856934 34.382266998291 34.1755828857422 34.3063926696777 34.3591194152832 34.1445159912109 34.073860168457 33.9684371948242 -3.4e+38 -3.4e+38 -3.4e+38 -3.4e+38 -3.4e+38 -3.4e+38 -3.4e+38 -3.4e+38 -3.4e+38 -3.4e+38 -3.4e+38 -3.4e+38 -3.4e+38 -3.4e+38 -3.4e+38 -3.4e+38
31.7886619567871 30.9918155670166 30.4805469512939 30.5751342773438 32.2486686706543 32.7503700256348 33.8527221679688 34.1788940429688 34.4729652404785 34.3819770812988 34.1970291137695 34.5063705444336 34.5210456848145 34.4393501281738 34.8574409484863 34.8474044799805 34.8030014038086 34.8265419006348 34.8537178039551 34.8523330688477 34.8246459960938 34.7577095031738 34.6377639770508 34.6049919128418 34.3417167663574 34.435245513916 34.4402809143066 34.2100601196289 33.9880142211914 33.9234008789062 33.8507919311523 33.6132965087891 -3.4e+38 -3.4e+38 -3.4e+38 -3.4e+38 -3.4e+38 -3.4e+38 -3.4e+38 -3.4e+38 -3.4e+38 -3.4e+38 -3.4e+38 -3.4e+38 -3.4e+38 -3.4e+38
31.7984371185303 31.1564426422119 30.4215221405029 29.9747581481934 30.4477958679199 31.1054668426514 32.6981353759766 33.7957878112793 34.4615325927734 34.315185546875 33.877628326416 34.4341888427734 34.7458839416504 34.8017921447754 34.8338356018066 34.8651809692383 34.9044494628906 34.9089050292969 34.9039344787598 34.8911399841309 34.8787956237793 34.8276176452637 34.7744522094727 34.714168548584 34.5083351135254 34.5566368103027 34.4891738891602 34.3164901733398 34.1082916259766 34.0702247619629 34.044548034668 33.9394340515137 33.717399597168 -3.4e+38 -3.4e+38 -3.4e+38 -3.4e+38 33.3135108947754 33.3572425842285 -3.4e+38 -3.4e+38 -3.4e+38 -3.4e+38 -3.4e+38 -3.4e+38 -3.4e+38
32.2687454223633 31.2338275909424 30.5097618103027 30.1918888092041 30.6209888458252 30.4139957427979 31.3476009368896 32.8544044494629 34.0581512451172 34.4127388000488 33.4418334960938 34.2113037109375 34.626148223877 34.2215995788574 34.3121910095215 34.7011604309082 34.8112754821777 34.8923301696777 34.8639335632324 34.7627258300781 34.816104888916 34.7756576538086 34.7964668273926 34.7672119140625 34.7134437561035 34.595890045166 34.5162963867188 34.4039154052734 34.2995223999023 34.2387390136719 34.221118927002 34.1116943359375 33.8010635375977 -3.4e+38 -3.4e+38 -3.4e+38 -3.4e+38 33.4454002380371 33.3986968994141 33.5748634338379 33.5655326843262 33.3825607299805 -3.4e+38 -3.4e+38 -3.4e+38 -3.4e+38
32.2436065673828 31.2189025878906 30.5486545562744 30.8962745666504 30.7112846374512 31.0235328674316 30.8030586242676 31.9498920440674 33.9043617248535 34.5691070556641 33.6500244140625 33.624927520752 34.3679275512695 32.7133026123047 33.6304168701172 33.9838638305664 34.5017356872559 34.8745727539062 34.8731155395508 34.8041915893555 34.8166465759277 34.8026809692383 34.8272438049316 34.7951698303223 34.7470436096191 34.5291404724121 34.5220489501953 34.4770240783691 34.4427375793457 34.414665222168 34.3473701477051 34.2291793823242 34.0918922424316 -3.4e+38 -3.4e+38 33.9291763305664 33.7630386352539 33.555305480957 33.4267311096191 33.2067832946777 33.3560562133789 33.5796318054199 -3.4e+38 -3.4e+38 -3.4e+38 -3.4e+38
31.1524410247803 30.1136703491211 30.0612030029297 31.1042175292969 31.364351272583 31.2802448272705 30.9246711730957 31.1984748840332 33.2598075866699 34.4155578613281 34.4378395080566 33.7029724121094 34.178581237793 32.9590530395508 32.9779624938965 33.0429267883301 34.2406425476074 34.8755645751953 34.9017028808594 34.931022644043 34.9479370117188 34.8988990783691 34.8667259216309 34.6573791503906 34.6748809814453 34.5794067382812 34.577278137207 34.5841178894043 34.5674629211426 34.5097236633301 34.4407958984375 34.3506469726562 34.2766990661621 -3.4e+38 34.1645240783691 34.1481857299805 34.0916328430176 -3.4e+38 33.596851348877 -3.4e+38 33.3071365356445 -3.4e+38 -3.4e+38 -3.4e+38 -3.4e+38 -3.4e+38
31.1209411621094 29.9134654998779 29.2904319763184 31.4239311218262 31.5763759613037 31.047456741333 30.7153720855713 30.8092060089111 32.1054267883301 34.1684074401855 34.2763938903809 33.9039459228516 34.018985748291 34.1295776367188 33.5425224304199 34.5515441894531 34.7741355895996 34.8820610046387 34.9291801452637 34.9305114746094 34.9413604736328 34.9109420776367 34.8898773193359 34.8182830810547 34.8180198669434 34.7612190246582 34.729679107666 34.6971588134766 34.6156616210938 34.6036148071289 34.5523452758789 34.4876365661621 34.4392395019531 34.3776779174805 34.3430976867676 34.3446388244629 34.2221145629883 -3.4e+38 -3.4e+38 -3.4e+38 -3.4e+38 -3.4e+38 -3.4e+38 33.6120758056641 -3.4e+38 -3.4e+38
32.5406227111816 32.2747497558594 30.5291957855225 31.7494010925293 30.5412197113037 30.5321502685547 30.8690567016602 31.0963230133057 32.8896598815918 34.1441879272461 33.8857841491699 33.3486633300781 34.134349822998 34.5149955749512 34.6191940307617 34.6820259094238 34.8033409118652 34.5197944641113 34.6740074157715 34.8379783630371 34.8305740356445 34.8664741516113 34.8868179321289 34.870548248291 34.8549728393555 34.8191375732422 34.7973175048828 34.6849098205566 34.3895950317383 34.5219764709473 34.6228179931641 34.6029853820801 34.5699577331543 34.4961204528809 34.4661026000977 34.415355682373 34.304988861084 34.211540222168 34.1231803894043 34.0749969482422 34.0711822509766 33.9873847961426 33.7721862792969 33.6104774475098 -3.4e+38 -3.4e+38
32.6109161376953 31.9322948455811 32.4263038635254 32.2627449035645 31.1280193328857 31.1426429748535 30.8081684112549 30.9656047821045 32.7110939025879 33.8959999084473 34.2728500366211 34.0730438232422 34.3911628723145 34.66455078125 34.5581283569336 34.4376373291016 34.6238632202148 34.3870010375977 34.2491416931152 34.4213180541992 34.7370223999023 34.8005485534668 34.8311996459961 34.8749771118164 34.887451171875 34.8663101196289 34.830924987793 34.6608467102051 34.4228019714355 34.6187744140625 34.6069107055664 34.6907424926758 34.5932731628418 34.5450553894043 34.5116348266602 34.4067192077637 34.3481140136719 34.3241767883301 34.306266784668 34.2867050170898 34.260311126709 34.1560935974121 33.8490333557129 33.5344467163086 33.5967025756836 -3.4e+38
