inst/extdata/Tmax/Tmax93.asc
NCOLS 100 
NROWS 79 
XLLCORNER 148.06 
YLLCORNER -21.49 
CELLSIZE 0.01 
NODATA_value -3.4e+38 
[rows 0 to 19 of 79, columns 0 to 45 of 100]
35.705890655517599 35.3479804992676 34.3325500488281 34.7089958190918 34.8544044494629 35.2963714599609 35.4984741210938 35.6703109741211 35.6200714111328 35.43017578125 34.9292373657227 34.7094955444336 34.6197395324707 33.3294563293457 33.8325462341309 34.2656021118164 34.6711502075195 34.6256446838379 33.7750205993652 33.0790138244629 32.9242858886719 31.9520893096924 32.3933486938477 33.7170715332031 34.240104675293 34.4934043884277 34.364803314209 34.4022331237793 34.0706100463867 33.6801338195801 32.767578125 30.9330291748047 32.1440811157227 32.0511283874512 30.9157066345215 29.8848686218262 29.7783260345459 29.4188365936279 30.1361961364746 31.8641796112061 33.4374656677246 33.7099761962891 34.4557304382324 34.7903594970703 34.9534149169922 35.0711441040039
35.5310554504395 34.9818382263184 34.1691017150879 34.2634696960449 33.6618118286133 34.6204566955566 35.218620300293 35.5565948486328 35.6876525878906 35.5559997558594 35.1907119750977 34.8574638366699 34.972225189209 34.526065826416 34.3482093811035 34.2237014770508 34.6575736999512 34.6772766113281 33.6307754516602 33.0041389465332 33.5496826171875 33.2827529907227 33.1624183654785 33.618782043457 34.1017303466797 34.2866058349609 34.5816993713379 34.5142211914062 34.2846183776855 34.0548515319824 33.1697769165039 31.7173233032227 32.925537109375 32.4880027770996 31.7861862182617 30.8854904174805 30.4715976715088 30.8172225952148 31.8179054260254 32.9797859191895 34.5253753662109 34.9521179199219 35.0667419433594 35.0524711608887 35.0946044921875 35.1229705810547
35.5283470153809 34.6696357727051 34.7836494445801 34.916820526123 34.4290199279785 34.5503959655762 34.9793930053711 35.5815887451172 35.7683906555176 35.6175117492676 35.3054504394531 35.1640625 35.0631065368652 35.0007095336914 34.6762390136719 34.5141830444336 34.738956451416 34.8878631591797 34.276668548584 34.0713920593262 33.912036895752 33.5657615661621 33.3191833496094 33.4438323974609 34.3310203552246 34.6082649230957 34.4363746643066 34.4021987915039 34.3942527770996 34.0607414245605 34.113468170166 33.0733337402344 33.3241844177246 32.0226440429688 31.7128772735596 31.1136093139648 30.6256809234619 30.1704578399658 31.1428108215332 32.3169174194336 33.7623481750488 34.8206253051758 35.1428413391113 35.2005996704102 35.1676292419434 35.1063613891602
35.7666053771973 35.3932113647461 35.0232353210449 35.686710357666 35.1297302246094 34.6703186035156 35.0758171081543 35.6822929382324 35.8586120605469 35.7068214416504 35.5453796386719 35.5002593994141 35.3820114135742 35.2006988525391 34.7326393127441 34.5458450317383 34.9311294555664 34.970401763916 34.7294235229492 34.2271690368652 33.8805198669434 33.4777526855469 33.557861328125 33.515495300293 34.1373100280762 34.5959625244141 34.2088737487793 34.4826431274414 34.2810134887695 33.3965301513672 33.9853057861328 34.0605888366699 33.2618408203125 31.9342136383057 31.3810844421387 30.551342010498 30.8131351470947 30.3377246856689 30.2256278991699 29.7571678161621 31.2399139404297 34.0081214904785 34.9706001281738 35.1920127868652 34.9164085388184 34.7987632751465
36.382381439209 35.7859992980957 35.5141944885254 35.9545021057129 35.6961555480957 34.9929962158203 35.0301971435547 35.7293510437012 35.885196685791 35.4741020202637 35.4734992980957 35.6909446716309 35.5500221252441 35.2428894042969 34.845458984375 35.0074844360352 35.0964584350586 34.8055763244629 34.3062057495117 33.5149116516113 33.7091827392578 33.8894729614258 34.0245971679688 34.2305297851562 34.2335052490234 33.873607635498 34.6681175231934 34.2419128417969 34.096607208252 33.5670890808105 33.9471549987793 33.7525787353516 33.4179458618164 32.3637275695801 31.8136024475098 32.142219543457 31.8140506744385 31.2938022613525 30.7783622741699 30.0716552734375 29.7339973449707 33.1196365356445 34.689624786377 35.1217155456543 34.3921546936035 33.6309852600098
36.5596351623535 36.2915115356445 35.5183448791504 35.9879875183105 36.0613098144531 35.6008148193359 35.2897758483887 35.7841339111328 35.9546241760254 35.6348114013672 35.5087699890137 35.7972640991211 35.6212615966797 35.3158493041992 34.5967597961426 35.1465034484863 35.0585823059082 34.561450958252 33.9668502807617 33.5134811401367 33.6188888549805 33.895881652832 34.2317161560059 34.227123260498 34.5427284240723 34.4219627380371 34.5107917785645 33.6802062988281 33.6727256774902 32.5082206726074 33.2944946289062 33.8103179931641 33.9092140197754 33.5502662658691 33.168514251709 33.0968551635742 32.2008247375488 31.6939830780029 31.3818664550781 30.5986576080322 30.1152362823486 32.6920318603516 34.5965576171875 35.1053314208984 34.5829811096191 32.3980445861816
36.7795944213867 36.4975204467773 36.077091217041 36.258716583252 36.1995887756348 35.7831535339355 35.0649375915527 35.6812896728516 35.8834991455078 36.0308456420898 35.9613075256348 35.7875442504883 35.3147773742676 35.434154510498 35.3969421386719 35.2360572814941 35.0263786315918 34.406364440918 34.1720657348633 33.8408164978027 33.20751953125 33.4320182800293 33.9432907104492 34.3635139465332 34.7443084716797 34.6596488952637 34.6825637817383 34.0852813720703 33.6902770996094 32.3897323608398 32.3957138061523 32.5240516662598 33.5591850280762 33.7394104003906 33.24072265625 33.1197967529297 32.5055694580078 31.0999126434326 31.3328990936279 30.9081916809082 30.7535724639893 32.5213050842285 34.4023170471191 34.8920440673828 34.655818939209 32.8928604125977
36.7883644104004 36.6806869506836 36.3626976013184 36.3906402587891 36.3419151306152 36.0459632873535 35.3951530456543 35.2524452209473 35.5965766906738 35.9725761413574 36.0885887145996 35.7633056640625 35.0139389038086 35.2581176757812 35.5092544555664 34.7453918457031 34.6935577392578 33.8455009460449 33.7626342773438 33.5040969848633 32.7676010131836 33.2886352539062 33.7663040161133 34.3771057128906 34.8939971923828 34.904972076416 34.4539985656738 33.9568176269531 33.7581253051758 32.9217758178711 31.5225276947021 31.8071937561035 32.1755523681641 32.8232574462891 33.2433624267578 32.5868682861328 32.6675415039062 31.7275695800781 30.7580680847168 31.0388469696045 31.2469081878662 32.3890495300293 33.483470916748 34.5627784729004 34.5051078796387 32.564136505127
36.5351257324219 36.7817192077637 36.5977172851562 36.5403060913086 36.3911323547363 36.1147499084473 35.7099914550781 35.1862716674805 35.3800926208496 35.953125 36.1242637634277 36.0620193481445 35.8273086547852 35.6569747924805 35.2511138916016 34.4019088745117 34.620719909668 34.3382453918457 34.4886360168457 33.4665412902832 33.4677276611328 33.302490234375 33.414680480957 34.1632843017578 34.8111419677734 35.0101013183594 33.9970741271973 33.0265808105469 33.1228485107422 33.0215606689453 32.375301361084 31.7765445709229 31.3581104278564 31.812479019165 32.8037261962891 32.1387176513672 31.885498046875 31.8351020812988 30.9168815612793 30.6047229766846 30.8231639862061 30.9323997497559 31.8097972869873 33.5224761962891 34.0203018188477 32.6743354797363
36.224983215332 36.6882705688477 36.7580490112305 36.5981864929199 36.3664207458496 36.2292976379395 36.0047073364258 35.4861068725586 35.1142082214355 35.874885559082 36.1353607177734 35.6869354248047 34.8826599121094 34.9562149047852 35.0713424682617 35.0419998168945 35.0838317871094 34.9118576049805 34.6779670715332 34.3295936584473 33.9660491943359 33.2617645263672 33.632625579834 34.559253692627 35.0567512512207 34.9410858154297 34.164306640625 33.9829025268555 33.4208068847656 32.8550605773926 31.5238265991211 31.14990234375 32.2474899291992 32.0946083068848 31.8690185546875 31.639289855957 31.4286212921143 31.7171173095703 31.1877346038818 30.4599781036377 30.495491027832 29.9565811157227 30.7876033782959 31.9273719787598 32.270263671875 31.6178512573242
35.8701553344727 36.2288970947266 36.7858238220215 36.6759986877441 36.5253219604492 36.4293746948242 36.2148284912109 35.7967109680176 35.7763977050781 36.0350952148438 36.191837310791 35.7683410644531 35.3927688598633 34.5519943237305 34.7456970214844 35.0690078735352 35.21533203125 35.4287872314453 34.9236488342285 34.7000885009766 34.2501792907715 33.8398170471191 33.9225578308105 34.5553855895996 35.039478302002 34.9332046508789 34.1645812988281 33.3278617858887 32.2224922180176 32.2215728759766 31.8267478942871 31.7750949859619 32.7122497558594 32.4316139221191 31.4907093048096 31.2426567077637 31.7104377746582 31.4313297271729 31.0598030090332 30.5205173492432 30.5764980316162 30.3300762176514 29.9877910614014 30.7036647796631 31.1302814483643 31.4370460510254
35.6928901672363 35.7754745483398 36.7572593688965 36.754524230957 36.6574172973633 36.5165710449219 36.3253059387207 35.9489631652832 35.9903221130371 36.3139343261719 36.2521095275879 36.0339965820312 35.62158203125 35.0655517578125 34.9495086669922 35.2923431396484 35.6469039916992 35.6290092468262 35.3357849121094 34.8161430358887 34.2455635070801 33.8743057250977 34.057373046875 34.2278442382812 34.4728736877441 34.8510246276855 33.7629547119141 32.8758392333984 32.2049789428711 32.4703369140625 32.5459442138672 32.4571495056152 32.9204978942871 32.3345031738281 32.0596885681152 31.9633407592773 31.5353717803955 30.9591197967529 31.4769859313965 31.7044277191162 31.2773189544678 30.8425140380859 30.3249320983887 30.7658843994141 31.2867965698242 31.6790809631348
35.8832855224609 36.4551315307617 36.7543907165527 36.7084808349609 36.7191314697266 36.6106300354004 36.4549674987793 36.0333061218262 36.1288833618164 36.4725379943848 36.2502899169922 36.1723747253418 35.9304733276367 36.0099487304688 35.899097442627 35.8762588500977 35.8938827514648 35.7977142333984 35.5454368591309 34.9566955566406 34.6496353149414 34.834156036377 35.1292190551758 35.3901863098145 35.2253799438477 34.7511672973633 34.5291976928711 33.9821739196777 33.5741310119629 33.3694267272949 33.4420013427734 33.2149200439453 33.1087951660156 32.4716148376465 31.8551082611084 31.4125556945801 30.8838882446289 31.9876441955566 32.3049736022949 32.2455177307129 30.8874130249023 30.8237419128418 30.3428592681885 30.0770511627197 31.3652400970459 31.9212818145752
36.3902702331543 36.6346855163574 36.6996879577637 36.6079711914062 36.6230430603027 36.6752967834473 36.611213684082 36.475658416748 36.2430000305176 36.3949165344238 36.3597145080566 36.2807426452637 36.1363716125488 36.0210914611816 35.9002494812012 35.8124046325684 35.9791374206543 35.8748931884766 35.7145767211914 35.5876693725586 35.4724273681641 35.4312171936035 35.202392578125 35.3339042663574 34.8385047912598 33.7008247375488 33.6468505859375 33.1843070983887 32.5692138671875 33.4329490661621 33.7440948486328 33.7035102844238 32.8719062805176 32.5364532470703 32.4046897888184 32.3423461914062 32.321949005127 31.9795112609863 32.6668281555176 33.0458450317383 32.4733657836914 31.9822483062744 31.340539932251 30.8055076599121 31.8495597839355 32.3913764953613
35.5322799682617 36.190860748291 36.6687622070312 36.5908622741699 36.452033996582 36.5611000061035 36.5147094726562 36.3265914916992 35.8566589355469 35.9092674255371 36.280689239502 36.0667419433594 35.4771919250488 35.6661033630371 35.872013092041 35.253719329834 35.7473297119141 35.947681427002 35.8899116516113 35.8328056335449 35.7691535949707 35.3172492980957 34.6013793945312 35.0412979125977 34.8507957458496 34.5480079650879 34.4685745239258 34.0898666381836 33.6850929260254 33.9778060913086 33.9292297363281 33.6415596008301 33.1480140686035 33.4173011779785 33.3754615783691 32.3417816162109 32.9584312438965 32.030948638916 32.3853149414062 33.2244606018066 33.201831817627 32.9258728027344 32.0952491760254 31.2651634216309 31.8852157592773 32.7193298339844
34.5566024780273 35.7060699462891 36.5407905578613 36.6836814880371 36.6084480285645 36.5794563293457 36.4666061401367 36.3424987792969 36.1006317138672 35.5267524719238 35.0800514221191 35.909107208252 34.9765586853027 34.6320114135742 35.6108169555664 35.2115135192871 35.1960334777832 35.7146186828613 35.7460289001465 35.7467651367188 35.7570343017578 35.7297172546387 35.5756149291992 35.3132019042969 34.8446426391602 34.4173240661621 34.4398231506348 34.3712196350098 34.3081855773926 34.10546875 33.9175720214844 33.4707679748535 33.1674041748047 33.8725357055664 33.7373428344727 33.4414749145508 33.45458984375 32.8324203491211 32.4527473449707 33.1943702697754 33.4071960449219 32.7257270812988 31.4056377410889 30.3340816497803 30.7706203460693 32.5153617858887
35.6819610595703 35.5065422058105 36.1580963134766 36.3672370910645 36.6158828735352 36.581184387207 36.4519996643066 36.2982139587402 36.1273231506348 35.8057022094727 35.0907516479492 35.5585479736328 34.3972244262695 34.1287002563477 34.9634284973145 34.8059387207031 34.0592880249023 35.269214630127 35.2639350891113 35.243480682373 35.5289688110352 35.7058029174805 35.5980110168457 35.1277465820312 34.2071838378906 33.580207824707 33.1661071777344 33.5312461853027 34.137020111084 33.5112953186035 33.2780456542969 32.4645118713379 33.2351150512695 34.1524353027344 33.9514274597168 33.7412452697754 33.7941474914551 33.3291893005371 32.9331855773926 33.2433738708496 33.4626350402832 32.2634124755859 31.2693042755127 31.5735359191895 31.916353225708 32.5559730529785
35.8323707580566 36.2271690368652 36.3107261657715 36.3267250061035 36.4831237792969 36.545955657959 36.4791984558105 36.3874588012695 36.2168655395508 35.7137031555176 35.2813262939453 34.8686485290527 34.428638458252 34.0382995605469 34.6072845458984 34.4548645019531 34.4896278381348 34.2942237854004 34.0216369628906 34.0053024291992 35.2674255371094 35.5663986206055 35.5451278686523 35.429874420166 34.7866134643555 33.5454292297363 32.0601234436035 32.9385719299316 33.8065490722656 32.7918548583984 33.198616027832 33.8264389038086 34.1442680358887 34.4397125244141 34.3456153869629 34.1315574645996 33.6206321716309 32.7358245849609 33.2245140075684 33.4717178344727 33.8160705566406 33.4501533508301 33.2888641357422 33.267635345459 33.2180290222168 32.6211357116699
36.0979080200195 36.0907402038574 35.9258766174316 36.0394020080566 36.5341529846191 36.4205932617188 36.4392890930176 36.4228820800781 36.3231010437012 35.9404602050781 34.7333068847656 34.8314476013184 34.3661231994629 33.1662902832031 33.956127166748 33.7122230529785 33.5391731262207 32.8056602478027 33.6971855163574 34.0975608825684 35.275691986084 35.3059730529785 35.4554672241211 35.568790435791 34.6502952575684 33.5108947753906 32.2953796386719 33.1220779418945 33.7760734558105 33.2535171508789 33.7809638977051 34.2563858032227 34.664867401123 34.6715965270996 34.2038993835449 33.9277496337891 33.5455665588379 33.2631378173828 33.8238754272461 33.9167137145996 33.9605903625488 33.8803901672363 33.7484092712402 33.0653228759766 32.1811866760254 32.1455154418945
36.2607421875 36.2563591003418 36.2321243286133 36.0808410644531 36.555103302002 36.5549468994141 36.4920883178711 36.4327774047852 36.3604431152344 36.253246307373 35.9012756347656 35.1058807373047 34.210994720459 32.9545936584473 33.2964744567871 33.2597160339355 32.8057022094727 33.1093406677246 33.3771896362305 34.4735069274902 35.3090744018555 34.8663673400879 35.6157722473145 35.4528846740723 34.8228797912598 34.5676536560059 33.4437599182129 33.5576591491699 33.9284057617188 33.7464256286621 34.391674041748 34.3607940673828 34.8286018371582 34.7542762756348 34.5966491699219 34.3383598327637 33.4576454162598 33.6384048461914 33.9163131713867 33.9127082824707 33.9505844116211 33.8088874816895 33.7284812927246 33.1927223205566 33.1174583435059 32.9850540161133
