inst/extdata/Tmax/Tmax137.asc
NCOLS 100 
NROWS 79 
XLLCORNER 148.06 
YLLCORNER -21.49 
CELLSIZE 0.01 
NODATA_value -3.4e+38 
[rows 40 to 59 of 79, columns 46 to 91 of 100]
35.7251663208008 36.6309967041016 37.0249519348145 37.8452568054199 39.3441276550293 40.257568359375 39.8208923339844 38.050048828125 37.7072257995605 38.3391494750977 38.8173065185547 40.4672012329102 40.1072998046875 40.3185272216797 39.530818939209 40.4968948364258 40.6835746765137 40.4133415222168 40.5161781311035 40.6195106506348 40.6320457458496 39.7544479370117 40.1353149414062 40.4503364562988 40.5448303222656 40.6036109924316 40.5171737670898 40.1618194580078 40.3490371704102 40.5462417602539 40.5122146606445 40.3783111572266 40.0796813964844 38.8922882080078 39.1648788452148 39.8242683410645 39.7472190856934 39.6679649353027 39.9095916748047 39.3902053833008 38.6912002563477 39.1616134643555 39.4778251647949 39.291130065918 39.5576629638672 39.602596282959
36.9782485961914 38.0650177001953 37.9869232177734 37.9458541870117 39.4014739990234 40.5546226501465 39.4916954040527 39.1224632263184 39.6810455322266 39.7619094848633 40.1030693054199 40.772819519043 40.6667900085449 40.6867752075195 40.5505676269531 40.8490142822266 40.8924903869629 40.8344230651855 40.7987060546875 40.8246612548828 40.8060874938965 40.321891784668 39.6669769287109 40.0120582580566 39.9448127746582 40.413330078125 40.7117614746094 40.2721405029297 40.2692070007324 40.6471939086914 40.6791801452637 40.6113510131836 40.4616012573242 39.8928298950195 40.1321182250977 40.1744232177734 39.9815368652344 39.9848365783691 40.0924415588379 40.2202110290527 39.3038902282715 39.5314445495605 40.1276512145996 39.9493637084961 40.0859298706055 40.0295867919922
39.2346611022949 39.3992958068848 39.5672645568848 40.0152359008789 40.3266181945801 40.7771644592285 40.3786964416504 39.8768005371094 40.3651924133301 40.7496871948242 40.6672477722168 40.9710845947266 41.0075454711914 40.9360389709473 40.9139785766602 40.9946479797363 41.0101089477539 40.9925498962402 40.9672508239746 40.9620056152344 40.8760643005371 40.0069351196289 39.8252105712891 40.3014297485352 39.8194885253906 40.2447929382324 40.6682052612305 40.5824966430664 40.5356063842773 40.7808265686035 40.8004570007324 40.8022079467773 40.7713508605957 40.6705360412598 40.5836868286133 40.2742080688477 39.4119300842285 39.9875640869141 40.5016670227051 40.5028915405273 40.3811721801758 40.3322944641113 40.450325012207 40.4889259338379 40.532356262207 40.4791412353516
40.4140281677246 40.4320678710938 40.5549125671387 40.6921730041504 40.9154968261719 40.9835052490234 40.9055976867676 40.6858253479004 40.8511657714844 41.0610198974609 41.058235168457 41.1088790893555 41.0918159484863 41.0600280761719 41.0825614929199 41.0554695129395 40.9980010986328 40.9793395996094 41.0137367248535 41.0456886291504 41.001594543457 40.7842063903809 40.5518035888672 40.7204818725586 40.5991439819336 40.1822395324707 40.4590644836426 40.7191543579102 40.8692016601562 40.895206451416 40.8892021179199 40.8880424499512 40.8659591674805 40.8322982788086 40.8316078186035 40.6933784484863 40.2458915710449 40.5463943481445 40.7214088439941 40.7111587524414 40.6782417297363 40.6808052062988 40.6721992492676 40.6921119689941 40.7017707824707 40.6691436767578
40.2695846557617 40.5230941772461 40.7710380554199 40.7785263061523 40.8315544128418 40.9408721923828 40.9912300109863 41.0584678649902 41.0868225097656 41.035026550293 40.8342781066895 40.9400215148926 40.870532989502 40.6269264221191 40.8023223876953 40.9273223876953 40.8238677978516 40.9320106506348 41.0234031677246 41.0715713500977 41.0812873840332 40.9641494750977 40.6732940673828 40.435302734375 40.6516075134277 40.8141555786133 40.8640937805176 40.9088401794434 40.9204444885254 40.9553833007812 40.9358673095703 40.9311027526855 40.8950042724609 40.8613891601562 40.8916969299316 40.8354988098145 40.8200035095215 40.8195381164551 40.7699432373047 40.7746315002441 40.7503509521484 40.7420539855957 40.7489624023438 40.7404098510742 40.655818939209 40.6787490844727
38.5926704406738 39.333122253418 39.7340888977051 39.9390258789062 40.2903137207031 40.6005897521973 40.5494422912598 40.7410316467285 40.7403182983398 40.5871047973633 39.8546676635742 39.8706893920898 39.9471206665039 38.5370979309082 39.4449157714844 40.173267364502 40.696647644043 41.0146560668945 41.1011123657227 41.1250495910645 41.1277770996094 40.9656677246094 40.5581932067871 40.2144927978516 40.4746437072754 40.7235984802246 40.8503723144531 40.8420867919922 40.9074211120605 40.9783248901367 40.9765205383301 40.9778900146484 40.9624900817871 40.9571266174316 40.9295692443848 40.8362007141113 40.8296203613281 40.8260078430176 40.8022155761719 40.7982635498047 40.7683906555176 40.7638130187988 40.7579536437988 40.7135887145996 40.7110786437988 40.7302589416504
36.3297462463379 37.5471992492676 37.4558944702148 37.4266967773438 38.6893272399902 39.187915802002 39.303279876709 39.5541839599609 39.9893951416016 39.3998413085938 38.7555770874023 38.2082633972168 38.8412132263184 38.7210426330566 39.146556854248 40.2457084655762 40.899528503418 41.0810050964355 41.113826751709 41.0962562561035 41.1365852355957 41.1540451049805 40.7601356506348 40.4337196350098 40.3314819335938 40.5891227722168 40.7914009094238 40.902587890625 41.0021476745605 41.0227012634277 41.0360145568848 41.0468711853027 41.0409774780273 41.014820098877 40.9416847229004 40.8823699951172 40.8808059692383 40.8799743652344 40.8695297241211 40.8590278625488 40.8281517028809 40.8274726867676 40.8278503417969 40.8003273010254 40.7968597412109 40.6896781921387
36.4653701782227 36.3996772766113 36.2127151489258 36.2890777587891 36.2326622009277 36.9799766540527 38.1850242614746 38.8147315979004 38.9889221191406 38.8693008422852 39.3723335266113 39.2133178710938 39.0615997314453 39.6176528930664 39.8999099731445 40.729736328125 40.9740447998047 41.0013046264648 40.9430313110352 41.0597457885742 41.1680870056152 41.2196807861328 41.087532043457 40.7988700866699 40.4077033996582 40.6619071960449 40.8494567871094 41.0067558288574 41.0762100219727 41.1136131286621 41.1178703308105 41.1043853759766 41.0456275939941 40.977954864502 40.922737121582 40.8961906433105 40.9112548828125 40.9289741516113 40.9233627319336 40.9135284423828 40.8957443237305 40.9012222290039 40.8981437683105 40.8812141418457 40.696605682373 40.4892578125
36.101863861084 36.2038078308105 36.4277076721191 36.1505508422852 36.061164855957 36.1567230224609 37.0063095092773 38.5890922546387 39.1044578552246 39.2750434875488 39.1119079589844 39.2915878295898 39.5724182128906 39.8518447875977 39.9091529846191 40.4133796691895 40.7758674621582 40.7766075134277 40.7716445922852 41.0589294433594 41.1558380126953 41.1767196655273 41.259391784668 41.1838912963867 41.0781707763672 41.0444374084473 41.1297454833984 41.1959991455078 41.2051086425781 41.2098274230957 41.1782341003418 41.1189842224121 41.0426940917969 40.9228172302246 40.8875999450684 40.939208984375 40.9523506164551 40.9735641479492 40.9933624267578 40.9837875366211 40.9808387756348 40.9835205078125 40.9729843139648 40.9637603759766 40.8232460021973 40.696117401123
36.1930541992188 36.368595123291 36.3966865539551 36.0750045776367 36.5654792785645 37.3830375671387 37.4916954040527 38.6995506286621 39.1588745117188 39.3562240600586 39.1709938049316 39.6284294128418 39.8966598510742 39.902458190918 39.9909973144531 39.889762878418 39.985034942627 40.20947265625 40.5664215087891 40.9052963256836 40.9949722290039 41.0151748657227 41.2466659545898 41.2950210571289 41.3137512207031 41.2904357910156 41.2688789367676 41.1116485595703 41.1733741760254 41.2403755187988 41.1984672546387 41.0952415466309 41.0576629638672 40.8774909973145 40.819465637207 40.988094329834 40.9938125610352 40.9825439453125 41.0437393188477 41.0551109313965 41.0353507995605 41.0451850891113 41.0362854003906 41.0176124572754 40.9572601318359 40.8904418945312
36.2458000183105 36.1305084228516 36.3520317077637 36.0688438415527 36.7190246582031 37.7952461242676 38.1401290893555 38.7071723937988 39.3887634277344 39.8211402893066 39.8342018127441 39.9524879455566 40.0244979858398 40.0558319091797 40.0472755432129 39.9924392700195 40.058895111084 39.8040046691895 39.4717483520508 40.5689239501953 40.4571838378906 40.8810806274414 41.2005233764648 41.2614974975586 41.313102722168 41.2952919006348 41.2298469543457 41.0252838134766 41.1692352294922 41.2698440551758 41.1089935302734 40.9559326171875 40.9749221801758 40.9602394104004 40.9953384399414 41.0707817077637 41.082649230957 41.0741119384766 41.0777854919434 41.1157722473145 41.1118049621582 41.1025123596191 41.0877151489258 41.0647850036621 41.0350723266602 40.9504661560059
35.827579498291 35.8039245605469 36.1912994384766 35.5617179870605 35.7169609069824 37.7039985656738 38.4569931030273 39.0722122192383 39.401969909668 39.6770210266113 39.7325134277344 39.7405548095703 39.5527572631836 39.5566101074219 39.8175926208496 39.94091796875 40.2671089172363 40.2003059387207 40.0265960693359 40.0716896057129 39.9153213500977 40.681884765625 41.0764770507812 41.2474212646484 41.2592163085938 41.2711067199707 40.9418601989746 40.5940742492676 41.1738929748535 41.3036117553711 41.0354232788086 40.754280090332 40.9988746643066 41.0504875183105 41.0838890075684 41.0527305603027 41.0551338195801 41.0639953613281 41.0902633666992 41.0862197875977 41.0974731445312 41.1368064880371 41.1331100463867 41.1129264831543 41.0867652893066 41.021354675293
35.4734230041504 35.3292465209961 35.8071098327637 35.6867218017578 35.7786140441895 36.7837600708008 37.8064498901367 38.4542694091797 38.9273071289062 39.2824630737305 39.2284126281738 39.1627960205078 39.2285461425781 39.5073661804199 40.2252388000488 40.3235397338867 40.5052490234375 40.4165954589844 40.342227935791 40.1844444274902 39.9454574584961 40.5949325561523 41.0299072265625 41.2191314697266 41.1653518676758 41.2511787414551 40.8880043029785 39.9977684020996 40.9656105041504 41.3135261535645 41.0500030517578 40.8297920227051 41.02685546875 40.9753303527832 40.9151611328125 40.9410400390625 40.9941673278809 40.939037322998 40.8713417053223 40.8639984130859 40.9740905761719 41.0696640014648 41.1613540649414 41.1529235839844 41.1301727294922 41.0865821838379
36.6173629760742 35.5765953063965 35.6902694702148 36.1000595092773 36.4865112304688 37.5565872192383 37.6318130493164 38.4099998474121 39.193058013916 39.5209617614746 39.8592758178711 39.9652786254883 40.0980987548828 40.3199119567871 40.5056915283203 40.5461120605469 40.5031967163086 40.5803031921387 40.5524063110352 40.3310394287109 40.1320610046387 40.1674156188965 40.6858978271484 40.9126167297363 40.8462677001953 41.2538833618164 41.1582794189453 40.5451965332031 41.0718612670898 41.3324584960938 41.1115837097168 40.9429206848145 40.8669090270996 40.5498504638672 40.7389183044434 40.6787986755371 40.6944274902344 40.2961730957031 40.4034957885742 39.4130973815918 40.7424736022949 40.9982528686523 41.1788787841797 41.1952629089355 41.1781044006348 41.1354675292969
37.3428344726562 36.3322715759277 35.7978096008301 36.6183815002441 37.2803649902344 38.009391784668 38.0912475585938 38.5641822814941 39.3143692016602 39.7284393310547 39.7727317810059 39.7930450439453 40.1984558105469 40.3693923950195 40.480297088623 40.4640502929688 40.6708869934082 40.8049774169922 40.7810401916504 40.5441093444824 40.3747100830078 40.3051414489746 40.4399681091309 40.4574508666992 40.4380683898926 41.0995140075684 41.2773246765137 41.000114440918 40.7181625366211 41.2406539916992 40.7927093505859 40.0166282653809 40.6251373291016 40.788501739502 41.076717376709 41.0817794799805 41.0493202209473 41.0245132446289 40.8155136108398 39.8560676574707 40.6559219360352 40.9834136962891 41.1594085693359 41.212818145752 41.2161598205566 41.1771850585938
37.4060897827148 36.5276985168457 35.9524002075195 37.2759666442871 38.266242980957 38.6934852600098 39.4305038452148 39.6642074584961 39.8746681213379 39.9886245727539 39.8022537231445 39.7659149169922 40.3168983459473 40.4095153808594 40.4253311157227 40.4958534240723 40.6132965087891 40.6084518432617 41.1249961853027 40.8940086364746 40.6158332824707 40.4796257019043 40.4630012512207 40.3135032653809 40.3304557800293 40.9404296875 41.2840309143066 41.1984825134277 41.0609397888184 41.365795135498 40.687183380127 39.6239242553711 40.1219177246094 40.7977981567383 40.8396301269531 40.4601249694824 40.5251083374023 41.0538673400879 41.1764793395996 41.1454162597656 41.180233001709 41.1791610717773 41.200080871582 41.2070350646973 41.2389831542969 41.2212295532227
37.2927360534668 36.3016777038574 35.8184204101562 37.0705490112305 38.3740997314453 38.7255744934082 38.1580352783203 39.4913024902344 39.4440879821777 38.9037666320801 39.8435974121094 40.0566520690918 40.083854675293 40.1487731933594 40.1725425720215 40.381706237793 40.5163040161133 40.6345634460449 41.1193809509277 41.2413177490234 41.0402450561523 40.7456321716309 40.5859565734863 40.5160675048828 40.2892303466797 40.7477035522461 41.2012596130371 41.220272064209 41.4077949523926 41.472900390625 40.9591789245605 39.2444725036621 39.8973388671875 39.4166984558105 39.7685050964355 39.069652557373 40.016902923584 41.051815032959 41.1721572875977 41.2396965026855 41.2528305053711 41.1771965026855 41.0786170959473 41.1916007995605 41.2246246337891 41.2239074707031
37.2861061096191 36.519474029541 36.584171295166 37.1117858886719 38.0518379211426 38.4717025756836 38.9019050598145 39.1386489868164 37.8583335876465 37.7723197937012 39.298957824707 38.3240089416504 38.6931457519531 39.1386489868164 39.8575286865234 40.3172607421875 40.4748878479004 40.695426940918 41.0395050048828 41.1712608337402 41.2175903320312 40.986988067627 40.6737861633301 40.7476654052734 40.6313972473145 40.8593788146973 40.8619575500488 40.7031478881836 41.2417488098145 41.4275169372559 41.1914253234863 40.5015602111816 39.078498840332 37.1023178100586 37.2893371582031 38.9859809875488 40.4313659667969 41.0430374145508 41.1586723327637 41.1083869934082 41.1070594787598 40.8894386291504 40.7755661010742 41.1474571228027 40.9011421203613 40.9568405151367
37.2768821716309 36.9084548950195 36.700740814209 37.0190277099609 37.6430130004883 38.4455337524414 38.6131019592285 38.1992301940918 37.7274017333984 38.578483581543 39.0593872070312 38.0735855102539 38.4021224975586 38.8323554992676 39.7809753417969 40.181037902832 40.4811210632324 40.9185028076172 41.3273658752441 41.1619873046875 41.0258903503418 41.3201217651367 41.0743217468262 40.8973045349121 40.7447738647461 40.7387847900391 40.8232421875 40.7316246032715 41.0594596862793 41.3930473327637 41.419563293457 40.9143905639648 40.2094078063965 38.5687255859375 37.9628715515137 39.0713348388672 40.4546585083008 41.0127487182617 41.0776519775391 40.6241149902344 40.8788375854492 41.061393737793 40.8624229431152 40.9309616088867 40.6164817810059 40.8647384643555
36.9439506530762 36.7272262573242 36.2405662536621 36.5885429382324 37.3754653930664 37.5366516113281 37.9672088623047 38.2988052368164 38.5903587341309 38.696159362793 39.0341339111328 39.25048828125 39.9072532653809 39.9997901916504 40.1485786437988 39.6962928771973 40.6418418884277 41.0132865905762 41.2223701477051 40.9505844116211 41.0571174621582 41.2531814575195 41.3546142578125 41.3000259399414 41.0219497680664 40.9515914916992 40.6052627563477 40.7689933776855 41.1636619567871 41.2511558532715 41.3872985839844 41.4219970703125 40.879207611084 40.221076965332 39.3237800598145 39.0322494506836 40.1832427978516 40.9542999267578 40.4718170166016 39.9474105834961 40.8523406982422 41.1058502197266 40.8355941772461 40.0704574584961 40.4280319213867 40.9365882873535
