inst/extdata/Tmax/Tmax157.asc
NCOLS 100 
NROWS 79 
XLLCORNER 148.06 
YLLCORNER -21.49 
CELLSIZE 0.01 
NODATA_value -3.4e+38 
[rows 0 to 19 of 79, columns 46 to 91 of 100]
35.0527000427246 34.8715667724609 34.7736396789551 34.7867698669434 34.7796897888184 34.660774230957 34.8988189697266 34.7266273498535 34.5313339233398 34.3530960083008 34.2787780761719 33.998722076416 33.9007377624512 34.1424980163574 34.4315757751465 34.3549957275391 34.2247352600098 34.0454521179199 33.7327308654785 33.5342102050781 33.3944320678711 -3.4e+38 -3.4e+38 -3.4e+38 -3.4e+38 -3.4e+38 -3.4e+38 -3.4e+38 -3.4e+38 -3.4e+38 -3.4e+38 -3.4e+38 -3.4e+38 -3.4e+38 -3.4e+38 -3.4e+38 -3.4e+38 -3.4e+38 -3.4e+38 -3.4e+38 -3.4e+38 -3.4e+38 -3.4e+38 -3.4e+38 -3.4e+38 -3.4e+38
35.0073928833008 34.7146987915039 34.481128692627 34.7682571411133 34.9531784057617 34.9630432128906 34.9272270202637 34.8285255432129 34.4762306213379 34.0151748657227 34.1745986938477 33.609058380127 34.1617851257324 34.4901313781738 34.4709930419922 34.3834037780762 34.2699699401855 34.1276016235352 33.9200973510742 33.8180885314941 33.7137603759766 33.5705833435059 -3.4e+38 -3.4e+38 -3.4e+38 -3.4e+38 -3.4e+38 -3.4e+38 -3.4e+38 -3.4e+38 -3.4e+38 -3.4e+38 -3.4e+38 -3.4e+38 -3.4e+38 -3.4e+38 -3.4e+38 -3.4e+38 -3.4e+38 -3.4e+38 -3.4e+38 -3.4e+38 -3.4e+38 -3.4e+38 -3.4e+38 -3.4e+38
34.8912162780762 34.0931816101074 33.192138671875 34.7030715942383 34.9234733581543 34.9402770996094 34.9317588806152 34.8828392028809 34.6473731994629 34.0241432189941 34.1397666931152 34.2928352355957 34.3798179626465 34.5428237915039 34.5094375610352 34.4163475036621 34.3261604309082 34.2241134643555 34.0904006958008 33.8563003540039 33.820873260498 33.642749786377 33.3854484558105 33.0647239685059 -3.4e+38 -3.4e+38 -3.4e+38 -3.4e+38 -3.4e+38 -3.4e+38 -3.4e+38 -3.4e+38 -3.4e+38 -3.4e+38 -3.4e+38 -3.4e+38 -3.4e+38 -3.4e+38 -3.4e+38 -3.4e+38 -3.4e+38 -3.4e+38 -3.4e+38 -3.4e+38 -3.4e+38 -3.4e+38
34.4288368225098 34.5109062194824 33.3395881652832 34.5740585327148 34.7910308837891 34.8567657470703 34.9353790283203 34.8397598266602 34.7085151672363 34.3615379333496 34.2649574279785 33.995677947998 34.3741912841797 34.515811920166 34.5443344116211 34.4530334472656 34.3970603942871 34.327320098877 34.1816558837891 33.7915420532227 33.5954551696777 33.6117897033691 33.5372085571289 33.4435424804688 33.2553367614746 32.8033905029297 -3.4e+38 -3.4e+38 -3.4e+38 -3.4e+38 -3.4e+38 -3.4e+38 -3.4e+38 -3.4e+38 -3.4e+38 -3.4e+38 -3.4e+38 -3.4e+38 -3.4e+38 -3.4e+38 -3.4e+38 -3.4e+38 -3.4e+38 -3.4e+38 -3.4e+38 -3.4e+38
34.4056282043457 34.4455986022949 33.1466293334961 33.4138832092285 34.2859802246094 34.835075378418 34.9381446838379 34.7960472106934 34.772029876709 34.4432487487793 34.1407127380371 33.9394950866699 33.528564453125 34.2226257324219 34.494255065918 34.4148330688477 34.454273223877 34.4048919677734 34.1511344909668 33.3496780395508 32.7898826599121 33.5981140136719 33.677059173584 33.601936340332 33.3288040161133 33.008430480957 -3.4e+38 -3.4e+38 -3.4e+38 -3.4e+38 -3.4e+38 -3.4e+38 -3.4e+38 -3.4e+38 -3.4e+38 -3.4e+38 -3.4e+38 -3.4e+38 -3.4e+38 -3.4e+38 -3.4e+38 -3.4e+38 -3.4e+38 -3.4e+38 -3.4e+38 -3.4e+38
33.4718589782715 34.2877655029297 32.6205596923828 31.9374923706055 33.8848533630371 34.9029769897461 34.8462944030762 34.7923240661621 34.7405128479004 34.311164855957 33.3301086425781 32.9706192016602 33.3402404785156 34.3501968383789 34.2525825500488 34.4401969909668 34.4940376281738 34.4215431213379 34.3225364685059 33.6340713500977 32.8312721252441 32.9111862182617 33.4601020812988 33.5202674865723 33.479866027832 33.3698997497559 -3.4e+38 -3.4e+38 -3.4e+38 -3.4e+38 -3.4e+38 -3.4e+38 -3.4e+38 -3.4e+38 -3.4e+38 -3.4e+38 -3.4e+38 -3.4e+38 -3.4e+38 -3.4e+38 -3.4e+38 -3.4e+38 -3.4e+38 -3.4e+38 -3.4e+38 -3.4e+38
32.4742736816406 34.2559928894043 33.5863876342773 33.5067481994629 34.5688629150391 34.8527526855469 34.6804466247559 34.5676078796387 34.7350921630859 34.2215538024902 33.4496231079102 33.4440536499023 34.1671485900879 34.3064041137695 33.3154983520508 34.2813987731934 34.3482894897461 34.3528213500977 34.3896675109863 34.0891990661621 33.6724472045898 33.3797454833984 33.6121826171875 33.3435173034668 33.6010513305664 33.6235809326172 33.4808540344238 33.1723594665527 -3.4e+38 -3.4e+38 -3.4e+38 -3.4e+38 -3.4e+38 -3.4e+38 -3.4e+38 -3.4e+38 -3.4e+38 -3.4e+38 -3.4e+38 -3.4e+38 -3.4e+38 -3.4e+38 -3.4e+38 -3.4e+38 -3.4e+38 -3.4e+38
31.5316696166992 34.2534980773926 34.7483558654785 34.5516777038574 33.4720916748047 33.7589836120605 34.4486999511719 34.6153450012207 34.7870063781738 34.5886344909668 34.1735458374023 33.7220878601074 33.7536163330078 33.9926605224609 33.5060997009277 34.2682266235352 33.4953880310059 33.4521598815918 34.2119216918945 34.3417587280273 34.1578521728516 33.8839836120605 33.7640991210938 33.8098564147949 33.7710037231445 33.7294692993164 33.5170135498047 33.3409881591797 33.0246276855469 32.4764938354492 32.4589462280273 -3.4e+38 -3.4e+38 -3.4e+38 -3.4e+38 -3.4e+38 -3.4e+38 -3.4e+38 -3.4e+38 -3.4e+38 -3.4e+38 -3.4e+38 -3.4e+38 -3.4e+38 -3.4e+38 -3.4e+38
31.4676685333252 33.745002746582 34.7712287902832 34.6561279296875 33.7351875305176 32.0937767028809 33.5983810424805 34.7179412841797 34.7998275756836 34.6800537109375 34.524787902832 34.2436370849609 34.2660980224609 34.0789680480957 33.5128974914551 33.4457168579102 32.9824485778809 33.8212928771973 34.1475944519043 34.2201309204102 34.2263031005859 33.8447380065918 33.4149856567383 33.0601463317871 33.7979507446289 33.8392677307129 33.6963844299316 33.5139122009277 33.3756294250488 32.7874069213867 32.5776748657227 32.7279319763184 -3.4e+38 -3.4e+38 -3.4e+38 -3.4e+38 -3.4e+38 -3.4e+38 -3.4e+38 -3.4e+38 -3.4e+38 -3.4e+38 -3.4e+38 -3.4e+38 -3.4e+38 -3.4e+38
32.4936752319336 33.7459182739258 34.6220245361328 34.6178855895996 34.5941772460938 33.098819732666 33.4462051391602 34.606201171875 34.7965126037598 34.6706809997559 34.4669532775879 34.1925201416016 34.0587692260742 34.1781005859375 33.4561462402344 33.1304817199707 33.0422210693359 34.2664337158203 34.0975799560547 33.7690582275391 34.1835441589355 34.1408843994141 33.9230537414551 33.5458641052246 33.9679069519043 33.8981590270996 33.7244186401367 33.765251159668 33.5884819030762 33.257568359375 32.7256126403809 32.7445907592773 -3.4e+38 -3.4e+38 -3.4e+38 -3.4e+38 -3.4e+38 -3.4e+38 -3.4e+38 -3.4e+38 -3.4e+38 -3.4e+38 -3.4e+38 -3.4e+38 -3.4e+38 -3.4e+38
31.4422492980957 33.5622215270996 33.9938545227051 33.7649002075195 34.1570777893066 34.4518356323242 34.1488914489746 34.6271629333496 34.7393074035645 34.632381439209 34.4584541320801 34.2666625976562 34.0495834350586 34.4415702819824 34.2732315063477 34.1758880615234 34.2446899414062 34.4719619750977 34.4679641723633 33.8829765319824 33.3785247802734 34.1003379821777 34.2894744873047 33.7390937805176 33.7478904724121 33.585693359375 33.5461349487305 33.8691215515137 33.6967239379883 33.3835983276367 -3.4e+38 -3.4e+38 -3.4e+38 -3.4e+38 -3.4e+38 -3.4e+38 -3.4e+38 -3.4e+38 -3.4e+38 -3.4e+38 -3.4e+38 -3.4e+38 -3.4e+38 -3.4e+38 -3.4e+38 -3.4e+38
30.6655941009521 31.8141956329346 32.2073936462402 31.9171752929688 33.1145439147949 33.8715324401855 34.2996597290039 34.6153945922852 34.6189918518066 34.5308227539062 34.3425445556641 34.1448860168457 33.9870872497559 34.6737327575684 34.66650390625 34.5182838439941 34.5310020446777 34.6316375732422 34.6772499084473 34.5706024169922 34.1558570861816 33.9314765930176 34.3382034301758 34.1277008056641 33.8620758056641 33.9900512695312 34.0144157409668 33.7265701293945 33.5943565368652 33.4077987670898 -3.4e+38 -3.4e+38 -3.4e+38 -3.4e+38 -3.4e+38 -3.4e+38 -3.4e+38 -3.4e+38 -3.4e+38 -3.4e+38 -3.4e+38 -3.4e+38 -3.4e+38 -3.4e+38 -3.4e+38 -3.4e+38
30.6444358825684 29.5094184875488 28.938606262207 29.0872573852539 31.5130100250244 32.1655158996582 33.6108856201172 34.0238151550293 34.3869285583496 34.2693138122559 34.0418815612793 34.416088104248 34.425537109375 34.3173980712891 34.8062591552734 34.7881889343262 34.7220726013184 34.7347526550293 34.7507629394531 34.7329559326172 34.6763381958008 34.5917663574219 34.430965423584 34.3675155639648 34.0353546142578 34.1200828552246 34.0908393859863 33.787841796875 33.4879379272461 33.3579559326172 33.1955795288086 32.854419708252 -3.4e+38 -3.4e+38 -3.4e+38 -3.4e+38 -3.4e+38 -3.4e+38 -3.4e+38 -3.4e+38 -3.4e+38 -3.4e+38 -3.4e+38 -3.4e+38 -3.4e+38 -3.4e+38
30.6682929992676 29.7598857879639 28.8781223297119 28.4053840637207 28.9882640838623 29.8314552307129 32.1155014038086 33.5356101989746 34.3712921142578 34.1852035522461 33.6401596069336 34.328067779541 34.6974563598633 34.7543754577637 34.7809906005859 34.812858581543 34.8456420898438 34.8369560241699 34.8167381286621 34.7849960327148 34.7455101013184 34.6776695251465 34.5932426452637 34.498966217041 34.2352256774902 34.2686805725098 34.1589012145996 33.9258804321289 33.6481628417969 33.5619773864746 33.4803085327148 33.320499420166 32.9814414978027 -3.4e+38 -3.4e+38 -3.4e+38 -3.4e+38 32.4253196716309 32.4465484619141 -3.4e+38 -3.4e+38 -3.4e+38 -3.4e+38 -3.4e+38 -3.4e+38 -3.4e+38
31.362361907959 29.86399269104 28.9675769805908 28.6422519683838 29.1767292022705 28.9721126556396 30.2360877990723 32.302433013916 33.846923828125 34.2862586975098 33.0666236877441 34.034294128418 34.5356674194336 34.03369140625 34.1366806030273 34.6034393310547 34.7221755981445 34.8046073913574 34.7550659179688 34.6195182800293 34.6574058532715 34.6031150817871 34.6054000854492 34.5481834411621 34.4610176086426 34.3061370849609 34.1856803894043 34.0258598327637 33.8739814758301 33.7710342407227 33.7131042480469 33.547721862793 33.1265869140625 -3.4e+38 -3.4e+38 -3.4e+38 -3.4e+38 32.5438346862793 32.478328704834 32.6268730163574 32.6021766662598 32.4058723449707 -3.4e+38 -3.4e+38 -3.4e+38 -3.4e+38
31.3135204315186 29.8324337005615 29.0002593994141 29.4420108795166 29.2694816589355 29.6874942779541 29.4662799835205 31.1181602478027 33.6324348449707 34.459098815918 33.313346862793 33.2785797119141 34.2023773193359 32.1112823486328 33.2725372314453 33.7150344848633 34.3370513916016 34.7662582397461 34.7490196228027 34.651912689209 34.6430282592773 34.6204986572266 34.628532409668 34.5696449279785 34.4910926818848 34.2225952148438 34.1891479492188 34.1109771728516 34.0444107055664 33.985466003418 33.8650779724121 33.6935958862305 33.4759941101074 -3.4e+38 -3.4e+38 33.1948852539062 32.9413795471191 32.6410942077637 32.4971351623535 32.2651596069336 32.3931121826172 32.5875015258789 -3.4e+38 -3.4e+38 -3.4e+38 -3.4e+38
29.6890659332275 28.4495048522949 28.4281349182129 29.7273368835449 30.1491641998291 30.0569000244141 29.5962810516357 30.0282688140869 32.7898979187012 34.2503433227539 34.2810935974121 33.3586349487305 33.9499435424805 32.4082412719727 32.4298133850098 32.5169868469238 34.0024490356445 34.7501106262207 34.7660446166992 34.7842712402344 34.7810745239258 34.718921661377 34.6624717712402 34.3999061584473 34.3995475769043 34.2745132446289 34.2497253417969 34.2345581054688 34.1924819946289 34.0953063964844 33.9766654968262 33.849666595459 33.7192611694336 -3.4e+38 33.5205841064453 33.4871253967285 33.3874282836914 -3.4e+38 32.6523628234863 -3.4e+38 32.3381500244141 -3.4e+38 -3.4e+38 -3.4e+38 -3.4e+38 -3.4e+38
29.6249542236328 28.2006778717041 27.5268230438232 30.1794700622559 30.4447154998779 29.692008972168 29.3326663970947 29.4803123474121 31.281867980957 33.9157485961914 34.054801940918 33.5857620239258 33.7255935668945 33.8571853637695 33.1186828613281 34.3640327453613 34.6192741394043 34.7342491149902 34.7756195068359 34.7622489929199 34.7531814575195 34.7138214111328 34.6715850830078 34.5701141357422 34.5505638122559 34.4722633361816 34.4156532287598 34.3574028015137 34.2377395629883 34.1967582702637 34.103645324707 34.0144119262695 33.922233581543 33.8239707946777 33.759449005127 33.7406234741211 33.5493850708008 -3.4e+38 -3.4e+38 -3.4e+38 -3.4e+38 -3.4e+38 -3.4e+38 32.5577850341797 -3.4e+38 -3.4e+38
31.7341766357422 31.3761978149414 28.9515991210938 30.6704406738281 29.0462646484375 29.0707588195801 29.5181999206543 29.8607215881348 32.2902374267578 33.8843803405762 33.565746307373 32.8840560913086 33.8682441711426 34.3296089172363 34.4475593566895 34.5213623046875 34.6553192138672 34.3055648803711 34.4777793884277 34.6579895019531 34.6291122436523 34.6686172485352 34.6760177612305 34.6401214599609 34.6044998168945 34.552303314209 34.5080184936523 34.3562507629395 33.9919166564941 34.1219329833984 34.2087440490723 34.1754112243652 34.1081771850586 34.0042495727539 33.9482345581055 33.8601226806641 33.6862831115723 33.5257911682129 33.3775405883789 33.2857208251953 33.2693824768066 33.1317863464355 32.8148498535156 32.568115234375 -3.4e+38 -3.4e+38
31.827018737793 30.8527374267578 31.6331596374512 31.4280281066895 29.7756614685059 29.8276119232178 29.4338035583496 29.6588668823242 32.0441627502441 33.5530471801758 34.0295333862305 33.7770881652832 34.1655311584473 34.4916725158691 34.3549690246582 34.2084007263184 34.4237022399902 34.128604888916 33.9518661499023 34.1482467651367 34.5052909851074 34.5789184570312 34.600040435791 34.6354904174805 34.6339645385742 34.5993270874023 34.538932800293 34.3223075866699 34.0259437561035 34.2328796386719 34.1934204101562 34.2828826904297 34.152946472168 34.0816192626953 34.0262069702148 33.8768539428711 33.7659683227539 33.6917572021484 33.6306648254395 33.5768356323242 33.5308990478516 33.3721008300781 32.9561424255371 32.4872932434082 32.5273170471191 -3.4e+38
