inst/extdata/Tmax/Tmax96.asc
NCOLS 100 
NROWS 79 
XLLCORNER 148.06 
YLLCORNER -21.49 
CELLSIZE 0.01 
NODATA_value -3.4e+38 
[rows 20 to 39 of 79, columns 46 to 91 of 100]
32.3163986206055 30.5880336761475 30.8013896942139 32.1983184814453 31.9457340240479 31.3956241607666 31.1097259521484 29.9374237060547 31.7784042358398 33.2478408813477 34.3039855957031 33.8510093688965 33.826789855957 34.4383163452148 34.097339630127 33.8312644958496 34.1058883666992 34.6608657836914 34.8121528625488 34.813060760498 34.7594985961914 34.6310043334961 34.9112205505371 34.9881134033203 34.9344444274902 34.8509521484375 34.7448997497559 34.7746047973633 34.7366714477539 34.4088401794434 34.4767646789551 34.7213096618652 34.6116256713867 34.331470489502 34.3301429748535 34.2978134155273 34.2147369384766 34.2057876586914 34.1857795715332 34.1498718261719 34.0679626464844 33.9128074645996 33.3471260070801 33.227481842041 33.4445648193359 33.4449157714844
32.6020622253418 30.5637722015381 29.401403427124 31.1167812347412 30.9861507415771 30.4545726776123 31.3127517700195 29.4251461029053 30.6810646057129 32.7586975097656 34.0306968688965 32.7178268432617 32.0746231079102 33.8782081604004 32.7092399597168 32.3550987243652 33.2136383056641 34.5053520202637 34.5103645324707 34.9186515808105 35.0217552185059 35.0031776428223 34.7948303222656 34.4567337036133 34.4464988708496 34.5102005004883 34.6667404174805 34.633544921875 34.5390853881836 34.453914642334 34.7493515014648 34.7760696411133 34.7079696655273 34.3388862609863 34.4160308837891 34.3665618896484 34.2331771850586 34.2360534667969 34.2315368652344 34.2190589904785 34.0904846191406 33.9821243286133 33.7883529663086 33.588306427002 33.4450950622559 33.4337043762207
33.2072486877441 32.7296867370605 30.8493003845215 30.2067680358887 29.734899520874 30.891975402832 30.2913722991943 30.5457897186279 29.9390430450439 30.8835506439209 33.1174087524414 33.5171165466309 32.0100288391113 32.4041557312012 32.0614280700684 32.6186904907227 33.6644515991211 34.0595741271973 32.7312812805176 33.9836654663086 34.7812042236328 34.8347854614258 34.2314186096191 33.4157180786133 34.0016746520996 33.9815902709961 34.5581207275391 34.739574432373 34.4340324401855 34.6316680908203 34.8002853393555 34.8223533630371 34.8062171936035 34.7340621948242 34.6200752258301 34.4306297302246 34.2403602600098 34.1019821166992 34.1639251708984 34.2550392150879 34.1432495117188 34.0735855102539 33.8041152954102 33.6776657104492 33.536792755127 33.671630859375
32.558162689209 32.3984451293945 31.7830429077148 30.9887943267822 29.5092506408691 30.2621479034424 30.9039115905762 31.1065483093262 30.8594932556152 30.4085826873779 31.7677478790283 31.7468414306641 32.6374855041504 30.9868011474609 31.8245868682861 33.3067359924316 33.2790794372559 33.6487808227539 32.3128318786621 34.3407516479492 35.1015739440918 34.9746589660645 34.0423583984375 32.7194747924805 33.923511505127 34.0864448547363 34.1821975708008 34.6330146789551 34.8200531005859 34.8711433410645 34.8860549926758 34.889102935791 34.8533554077148 34.756160736084 34.6462440490723 34.4793930053711 34.051212310791 33.6980323791504 33.8263053894043 34.0959434509277 34.0651588439941 34.1170616149902 33.8553123474121 33.8224258422852 33.564079284668 33.5885467529297
30.5990447998047 31.9374313354492 32.2997016906738 32.0610618591309 31.0322303771973 30.4097023010254 30.4049205780029 30.0884609222412 30.9980087280273 30.4496479034424 30.4540557861328 29.9775924682617 31.9269027709961 32.7790565490723 31.9669437408447 33.008918762207 33.7735290527344 34.3440208435059 34.036750793457 35.0342063903809 35.0391464233398 34.8758811950684 34.1944313049316 33.3695907592773 34.1379051208496 34.4160385131836 34.110897064209 34.1980133056641 34.296085357666 34.7790107727051 34.6164436340332 34.9198799133301 34.7884101867676 34.7440757751465 34.6504325866699 34.3007926940918 34.2034912109375 33.6248016357422 33.3401222229004 33.7976722717285 33.9282569885254 34.0207862854004 33.8433151245117 33.894962310791 33.9459533691406 33.7924995422363
29.1044960021973 30.1228904724121 31.4836845397949 31.4069900512695 30.5500793457031 29.7965393066406 29.3900146484375 28.802885055542 30.0371952056885 30.6829814910889 30.1470680236816 30.3935203552246 31.8265552520752 33.7430038452148 33.2391242980957 33.3156204223633 33.467529296875 34.8232154846191 34.9139556884766 34.8965377807617 34.8896102905273 34.564453125 33.340690612793 33.390567779541 33.4888229370117 34.1118698120117 33.8377342224121 33.2251358032227 33.8348617553711 34.8572807312012 34.799144744873 34.8986740112305 34.852237701416 34.8174018859863 34.6753120422363 34.5131492614746 34.5215072631836 33.9200248718262 33.4081687927246 33.7283897399902 33.4133529663086 33.5365600585938 33.2520141601562 33.8848724365234 33.922119140625 33.9022941589355
28.985179901123 28.8281097412109 29.5701942443848 30.2355136871338 30.949800491333 28.6559047698975 28.3699970245361 29.2447071075439 29.7760887145996 30.5545120239258 30.5834197998047 31.0195465087891 32.7996292114258 33.6968727111816 34.1835975646973 34.3447761535645 34.4782981872559 34.9702110290527 34.6094055175781 34.4398498535156 34.472843170166 34.0216445922852 34.2004241943359 34.4592704772949 34.4618835449219 33.8594856262207 33.439208984375 34.3216896057129 34.5661659240723 34.515926361084 33.9683723449707 34.6055488586426 34.7549591064453 34.830020904541 34.8092575073242 34.707820892334 34.3746337890625 34.0431632995605 34.1141700744629 33.8696327209473 33.7371520996094 33.1926078796387 33.6540298461914 33.8496856689453 33.761058807373 33.6591758728027
29.1748180389404 28.6520118713379 28.9735336303711 29.233699798584 29.8057594299316 28.0732612609863 27.77024269104 28.2119064331055 29.5738563537598 30.3627853393555 29.8294830322266 30.4416828155518 31.3889141082764 32.5788383483887 33.9917755126953 33.6649017333984 34.7370948791504 34.9748725891113 34.2822303771973 33.5521202087402 34.1841468811035 34.3636474609375 34.6725425720215 34.890983581543 34.9912300109863 34.5733070373535 34.5627632141113 34.9024925231934 34.9560928344727 34.2537651062012 33.8200492858887 34.3347969055176 34.43505859375 34.8319625854492 34.8676376342773 34.7982711791992 34.6407165527344 34.4244766235352 34.0255508422852 33.265682220459 33.0286521911621 32.897102355957 32.9242324829102 33.5673866271973 33.6073989868164 33.994571685791
30.0710964202881 29.6306781768799 30.4220008850098 30.2688407897949 29.86865234375 28.4278564453125 29.2378158569336 28.9744567871094 29.3030776977539 29.9297714233398 29.6438865661621 29.9418277740479 30.0908699035645 32.3626556396484 33.5920257568359 32.8895301818848 34.3519668579102 34.6330375671387 34.3253211975098 33.2219467163086 33.4860153198242 34.5419578552246 34.926025390625 35.0419082641602 35.0552597045898 34.950927734375 34.9570350646973 35.0590476989746 34.6761207580566 33.9753723144531 33.842456817627 34.4721946716309 34.8722343444824 34.8988914489746 34.8803215026855 34.8439025878906 34.7926292419434 34.6510734558105 34.3996658325195 33.2896537780762 32.716178894043 31.940357208252 32.8566284179688 32.8370323181152 33.6903877258301 34.0526390075684
31.740119934082 31.5918445587158 30.9956398010254 30.9417533874512 30.4063491821289 29.9129981994629 29.6023712158203 28.5685596466064 29.2483139038086 28.724702835083 28.2165946960449 29.609827041626 29.9730548858643 31.9230880737305 32.9084358215332 32.1663246154785 32.881175994873 33.6483993530273 34.1905784606934 34.0633125305176 33.6231155395508 34.5557136535645 35.0060272216797 34.8060874938965 34.7727394104004 34.4589309692383 34.8519096374512 35.078929901123 34.1723594665527 33.340389251709 33.9762649536133 34.5109024047852 34.8422355651855 34.9099655151367 34.9105949401855 34.846851348877 34.8177642822266 34.7192001342773 34.527214050293 34.1411590576172 33.4773330688477 32.9937210083008 32.5760192871094 32.3848152160645 33.2050285339355 33.6785278320312
30.6002063751221 30.6132202148438 30.6539936065674 30.2909526824951 29.7986373901367 30.0516777038574 29.1162052154541 28.582311630249 28.0466842651367 28.1450138092041 27.5247001647949 28.4967746734619 28.4948463439941 30.8286170959473 31.8919506072998 30.69797706604 31.2690334320068 32.8540954589844 34.1512336730957 34.6845474243164 34.2146911621094 34.7911491394043 34.9840888977051 34.5871620178223 34.560115814209 34.6740264892578 35.1131591796875 35.0788917541504 34.5385971069336 33.8847007751465 34.2403030395508 34.4882850646973 34.8928146362305 34.9046096801758 34.8470916748047 34.8069038391113 34.7946624755859 34.7107543945312 34.628360748291 34.4252471923828 34.171257019043 33.6338500976562 33.2566833496094 33.2065849304199 33.4087219238281 33.8048439025879
29.837230682373 30.1209278106689 30.0121955871582 29.9740867614746 29.0429267883301 29.8949127197266 28.8869876861572 27.5777359008789 27.0471649169922 27.3837146759033 27.0878810882568 27.7403163909912 28.5770606994629 30.5397129058838 30.8712482452393 30.4949741363525 32.6724052429199 33.6223754882812 34.3520545959473 34.8130302429199 35.0826606750488 35.1188774108887 35.0549850463867 34.9590225219727 34.736400604248 35.0124626159668 35.1252632141113 35.0025520324707 34.6244506835938 33.9891929626465 34.0701599121094 34.6133460998535 34.8094749450684 34.3452301025391 34.693733215332 34.792652130127 34.7600326538086 34.7121810913086 34.6591720581055 34.5424919128418 34.2435493469238 33.5011749267578 33.8147964477539 33.8437461853027 33.7436866760254 33.6727485656738
29.1270236968994 29.4518642425537 29.2937641143799 29.5862522125244 29.6867771148682 29.7084293365479 29.3129920959473 28.1447505950928 28.2503337860107 28.3636112213135 27.320707321167 27.1421451568604 28.0954093933105 30.4634418487549 31.0156421661377 31.5615463256836 31.6303062438965 32.4899749755859 34.3208923339844 34.8902130126953 35.078441619873 35.0134735107422 34.8587646484375 34.8029479980469 34.9452133178711 35.0129776000977 34.9779434204102 34.586669921875 33.6637306213379 33.8251266479492 34.1366233825684 34.8901748657227 34.6151924133301 34.0531425476074 34.7068939208984 34.6266784667969 34.6418533325195 34.6853485107422 34.5809020996094 34.2941055297852 33.7126045227051 32.4853439331055 32.229434967041 33.2175521850586 33.5527229309082 33.8346710205078
29.8381462097168 29.3396053314209 29.1781234741211 29.3611736297607 29.51291847229 29.4378356933594 28.9554405212402 28.5611667633057 29.1798553466797 28.4539127349854 28.3128108978271 28.3063774108887 29.1499290466309 30.3584861755371 30.5316867828369 31.3086948394775 32.3278923034668 33.4786071777344 34.3869514465332 34.7859039306641 35.1126899719238 35.0713233947754 34.5792541503906 34.2935791015625 34.5081176757812 34.3617858886719 34.4541931152344 34.6099433898926 34.4952850341797 34.4708938598633 34.7660903930664 35.0066452026367 34.3891220092773 34.2957077026367 34.8422431945801 34.3381881713867 34.4601135253906 34.4096908569336 34.4717903137207 34.1710777282715 32.7875518798828 32.0706596374512 31.4923400878906 33.1902084350586 33.7145385742188 33.5396575927734
30.2876529693604 29.0241851806641 28.9810047149658 29.1065654754639 29.2599964141846 29.1311912536621 29.14870262146 29.7392539978027 29.3662967681885 28.5662784576416 29.7685546875 30.2598056793213 30.4616546630859 29.80859375 29.8395309448242 30.9515190124512 32.2821388244629 33.6274642944336 33.7196769714355 34.507625579834 34.9574508666992 34.9605331420898 34.4898681640625 34.2486152648926 33.4683952331543 34.0104866027832 34.5076713562012 34.6491813659668 34.8705863952637 34.8715324401855 35.0378799438477 34.9596061706543 34.9166488647461 34.9344177246094 34.8804740905762 34.6296882629395 33.7121429443359 34.2802963256836 34.4535598754883 34.3946952819824 34.3369789123535 33.115894317627 32.9538269042969 34.1934280395508 34.4496765136719 34.4164695739746
30.3460960388184 29.3023052215576 28.9480171203613 28.8772830963135 29.1065692901611 28.926362991333 29.6363792419434 31.3756828308105 30.4620304107666 29.7439250946045 31.712553024292 32.4201812744141 32.027229309082 29.9647579193115 30.4014377593994 30.5215454101562 32.5405158996582 32.6095733642578 32.4808654785156 33.4017105102539 34.5356140136719 34.7452774047852 34.421947479248 34.4093780517578 34.2766532897949 33.9397468566895 34.0072898864746 34.1440124511719 34.8079071044922 34.7653617858887 34.839656829834 34.6332244873047 34.8204574584961 34.9560585021973 34.6656646728516 34.6315689086914 33.9738502502441 34.0861663818359 34.3387565612793 34.1709327697754 34.5566520690918 34.5480880737305 34.4414520263672 34.4709777832031 34.5664253234863 34.4356956481934
30.0473823547363 29.3627452850342 29.146448135376 29.3452587127686 29.282154083252 29.3980617523193 29.8437118530273 32.0908241271973 32.2900924682617 30.8942832946777 32.9570350646973 33.9307174682617 33.198169708252 31.9469509124756 31.874153137207 32.5017509460449 33.1925430297852 33.6601409912109 33.9776878356934 34.2793960571289 34.4946937561035 34.2183876037598 32.8894348144531 33.1683883666992 33.687084197998 33.3097229003906 33.5159873962402 34.342643737793 34.7030754089355 34.8931579589844 33.8425254821777 33.8043632507324 34.5900917053223 34.8731918334961 34.3971824645996 34.4079933166504 33.6301574707031 34.1198463439941 34.3052177429199 34.1540679931641 34.5861701965332 34.6572380065918 34.669548034668 34.6546478271484 34.586799621582 34.2691650390625
30.0769157409668 29.6583862304688 29.6185493469238 29.785327911377 29.994665145874 30.1564044952393 31.0088653564453 32.8208961486816 32.7043342590332 32.2133865356445 33.6640739440918 34.7928581237793 33.9598731994629 32.8008117675781 32.2485313415527 33.989559173584 34.3490333557129 34.5544242858887 34.7527313232422 34.7730674743652 34.3570938110352 34.0806541442871 34.1811714172363 33.6307983398438 33.9549255371094 34.4070777893066 34.6116256713867 34.6804351806641 34.877254486084 34.7981185913086 33.2173957824707 33.9020538330078 34.71484375 34.6298980712891 34.2024345397949 34.1453132629395 33.9809951782227 34.4645843505859 34.4813575744629 34.478099822998 34.4325714111328 34.5798683166504 34.614688873291 34.6120185852051 34.5258483886719 34.4695854187012
30.0189914703369 29.7139358520508 30.2954254150391 31.1018924713135 31.2266941070557 31.7346076965332 32.8626594543457 33.499454498291 32.8819007873535 33.2797927856445 34.7285804748535 35.2423095703125 34.6831436157227 33.6465187072754 32.8753547668457 33.9365501403809 33.9323081970215 34.2273254394531 34.9613037109375 35.156322479248 34.8512725830078 34.4962692260742 34.8262405395508 34.6270599365234 34.490837097168 34.9431457519531 34.8337059020996 34.743968963623 34.9889068603516 34.7552528381348 34.1440277099609 34.5875358581543 34.7510566711426 34.4426078796387 33.524242401123 33.4684295654297 33.7733001708984 34.4657974243164 34.1706581115723 34.1380233764648 34.1402130126953 34.4093780517578 34.3776550292969 34.4239654541016 34.2675170898438 34.3871879577637
30.072925567627 30.2767143249512 31.4842758178711 32.2717323303223 33.0055046081543 33.997444152832 34.643310546875 33.9321708679199 31.9685726165771 32.6234245300293 34.174747467041 35.2798652648926 34.8426513671875 34.4994735717773 33.5860061645508 34.5725440979004 34.7201690673828 34.097282409668 34.8719139099121 35.2120246887207 35.1536140441895 34.7004241943359 35.0275077819824 35.1225051879883 34.9608917236328 35.0348815917969 34.8411483764648 34.083194732666 34.8654098510742 34.9966278076172 34.9067840576172 34.7781600952148 34.456714630127 34.1149253845215 33.2879981994629 33.3254318237305 34.0462799072266 33.9718894958496 33.8213768005371 33.6288185119629 33.7500228881836 34.0300598144531 33.8286781311035 34.1597938537598 33.701789855957 34.0624961853027
