inst/extdata/Tmax/Tmax80.asc
NCOLS 100 
NROWS 79 
XLLCORNER 148.06 
YLLCORNER -21.49 
CELLSIZE 0.01 
NODATA_value -3.4e+38 
[rows 40 to 59 of 79, columns 0 to 45 of 100]
32.131805419921903 31.8824901580811 31.910551071167 31.9437599182129 31.8340625762939 31.9432735443115 31.9007396697998 31.7158241271973 31.2751331329346 31.6818294525146 32.2835121154785 32.5888175964355 32.6278877258301 32.6809234619141 32.74755859375 32.5526657104492 32.3040618896484 31.967306137085 31.421178817749 31.8939323425293 31.8883666992188 31.7864246368408 31.7301769256592 31.3527088165283 30.4985370635986 29.8844871520996 29.7027988433838 29.7868995666504 29.9001617431641 29.2964572906494 28.6859951019287 29.0899753570557 30.2988815307617 30.0432243347168 29.7998027801514 30.1155910491943 30.0305881500244 29.7252216339111 29.5178413391113 29.0907897949219 29.0530834197998 28.2348079681396 27.682201385498 27.6774940490723 27.4342937469482 27.2825927734375
32.2776336669922 31.9160804748535 31.798412322998 31.8996410369873 31.80739402771 31.8877658843994 31.896614074707 31.8000411987305 31.5689563751221 31.6880722045898 32.0107727050781 32.344482421875 32.5655288696289 32.7278366088867 32.7740478515625 32.6373596191406 32.3586769104004 31.8779792785645 31.5630645751953 31.7044811248779 31.7295341491699 31.5079193115234 31.680835723877 31.4178924560547 30.7882175445557 30.3169536590576 29.7367935180664 29.6556720733643 29.8582038879395 29.4467964172363 29.0454292297363 29.6465454101562 30.2936210632324 29.5823135375977 28.8967514038086 29.6233654022217 29.6656360626221 29.8675327301025 29.8339290618896 29.6150913238525 29.5033187866211 28.8187313079834 27.4865741729736 27.3728847503662 27.4436435699463 27.406192779541
32.1622314453125 32.1226196289062 31.920581817627 31.8114356994629 31.8726654052734 31.897029876709 31.8781185150146 31.8458843231201 31.8172950744629 31.7759685516357 31.8264446258545 32.2798004150391 32.5858421325684 32.7261161804199 32.7436447143555 32.703239440918 32.4959411621094 32.1860809326172 31.9734210968018 31.9309139251709 31.8519878387451 31.2384700775146 31.1738872528076 31.3877983093262 31.4152526855469 30.9995918273926 30.1821136474609 29.8648071289062 29.7926959991455 29.5818271636963 28.7323799133301 29.7496528625488 29.8037567138672 28.7859210968018 28.0153141021729 28.874927520752 28.8742122650146 29.4919319152832 29.6504554748535 29.367057800293 29.1480751037598 29.2008247375488 28.6255893707275 28.4193305969238 28.8176403045654 29.7611141204834
31.8394813537598 31.9374923706055 31.9209403991699 31.9198112487793 31.9510154724121 31.9475593566895 31.9174633026123 31.8723926544189 31.9277896881104 31.9032974243164 31.9152488708496 32.3028717041016 32.5398330688477 32.6895942687988 32.7137489318848 32.7329750061035 32.6426582336426 32.435245513916 32.1731147766113 32.2125205993652 32.0492286682129 31.8053913116455 31.1654720306396 30.8336715698242 31.4702396392822 31.2715148925781 30.892110824585 30.4315090179443 30.1154842376709 29.9511547088623 29.1979904174805 29.1166458129883 29.7812404632568 29.3044719696045 28.696813583374 28.2610969543457 28.3424015045166 28.577615737915 28.7947254180908 28.5720233917236 28.1408653259277 28.829460144043 28.4058399200439 29.3040103912354 30.9736289978027 31.5446739196777
31.570728302002 31.7541236877441 31.7310562133789 31.7348403930664 31.9113388061523 32.0214538574219 32.049747467041 32.0008773803711 32.0613327026367 32.1081771850586 32.270206451416 32.4004592895508 32.5255126953125 32.6247100830078 32.6862487792969 32.7402229309082 32.7177581787109 32.5764579772949 32.4313278198242 32.3884201049805 32.2673110961914 32.1317825317383 31.848388671875 31.648853302002 31.4828510284424 31.0485763549805 31.2950115203857 31.1737442016602 30.8697338104248 30.2242450714111 29.6495666503906 29.6415576934814 29.942024230957 30.0985240936279 29.8200492858887 28.7161712646484 27.4653873443604 27.4318943023682 27.5319442749023 27.8482112884521 27.7335758209229 28.2578926086426 27.8012294769287 28.5910739898682 30.265718460083 31.5673942565918
31.5919170379639 31.6607780456543 31.5120124816895 31.4123191833496 31.6069869995117 31.8167572021484 32.0369758605957 32.1523590087891 32.218921661377 32.3090629577637 32.3778228759766 32.307445526123 32.1006546020508 32.455940246582 32.6740226745605 32.7229957580566 32.7296371459961 32.6618957519531 32.5785713195801 32.5196380615234 32.4355659484863 32.334300994873 32.2831420898438 31.7075824737549 31.3796806335449 31.3087596893311 31.3931980133057 31.2273483276367 31.0502510070801 30.5665550231934 29.3948631286621 29.5868434906006 29.8770980834961 29.9374847412109 30.0304508209229 29.1848373413086 27.9658985137939 27.7404098510742 27.7717037200928 28.1835231781006 27.6246299743652 27.96803855896 28.3348293304443 28.6263275146484 29.4541683197021 30.5554428100586
31.4639911651611 31.4469814300537 31.4504051208496 31.3845520019531 31.2953834533691 31.3525276184082 31.8218421936035 31.9430561065674 32.061107635498 32.0818977355957 32.2907066345215 32.3908843994141 32.1603240966797 32.4058456420898 32.6219749450684 32.6985931396484 32.7128753662109 32.6457443237305 32.609489440918 32.5727996826172 32.5032806396484 32.4380950927734 32.3434028625488 31.8959980010986 31.1207962036133 31.2256984710693 31.3965377807617 31.1780796051025 31.1305370330811 30.9918651580811 30.2410640716553 29.935583114624 29.6018753051758 29.8461837768555 29.9744873046875 29.5312538146973 28.5356616973877 28.8006916046143 28.3016014099121 28.9623413085938 28.4361705780029 28.5878582000732 28.6907024383545 28.7914943695068 28.7843856811523 28.6061038970947
31.8858337402344 31.2965812683105 31.2174472808838 31.1708641052246 31.1494274139404 31.2692070007324 31.5665836334229 31.5277004241943 31.7654972076416 31.8149147033691 31.8938961029053 31.958215713501 32.1363754272461 32.4039459228516 32.5844230651855 32.6975364685059 32.6943397521973 32.577465057373 32.4096908569336 32.3195266723633 32.4455642700195 32.2719078063965 32.2894706726074 32.2279968261719 31.7978382110596 31.7056980133057 31.7262229919434 31.5314331054688 31.3724956512451 31.1625995635986 30.5159091949463 30.1731719970703 29.5068397521973 29.8751544952393 29.9155578613281 29.6977100372314 29.2908382415771 29.5019493103027 29.2523555755615 29.4799385070801 29.2326984405518 29.0435905456543 28.8995819091797 28.7577323913574 28.4357604980469 28.2146987915039
32.5243339538574 31.7924041748047 31.0845375061035 30.9489765167236 31.0733013153076 31.2496433258057 31.1903018951416 31.192554473877 31.5117149353027 31.7926139831543 31.8636245727539 31.8502178192139 32.0696792602539 32.3602294921875 32.5889930725098 32.6546669006348 32.6690521240234 32.5973091125488 32.4389305114746 32.2281951904297 32.2955703735352 32.2437362670898 32.1688766479492 32.2917785644531 32.1887321472168 32.0873413085938 31.8239917755127 31.629264831543 31.5445976257324 31.2679901123047 30.8979969024658 30.461446762085 29.6502361297607 29.7944717407227 29.7662334442139 29.8219566345215 29.7288074493408 29.7022552490234 29.593599319458 29.4206008911133 28.6715221405029 28.5177307128906 28.69508934021 28.4526042938232 28.3254890441895 27.9990100860596
32.7650108337402 32.3064994812012 31.5179748535156 30.984992980957 30.9752521514893 30.968957901001 30.9975261688232 31.3231525421143 31.5478248596191 31.4535751342773 32.0353164672852 32.2530288696289 32.3566513061523 32.4533882141113 32.5474395751953 32.6282577514648 32.6411094665527 32.5857543945312 32.4894981384277 32.3564643859863 32.2576675415039 32.1904678344727 32.0156364440918 32.0532188415527 32.2099151611328 32.1941184997559 31.9895420074463 31.4730587005615 31.0041751861572 31.2547492980957 30.9705944061279 30.6793556213379 29.9209995269775 29.6411571502686 29.4436206817627 29.7262516021729 29.7982940673828 29.7034721374512 29.662109375 29.369119644165 28.7196884155273 28.3512573242188 28.5111217498779 28.1647129058838 28.0807666778564 27.9937152862549
32.7533798217773 32.6021614074707 32.1768226623535 31.5979804992676 31.1018085479736 30.8229846954346 30.9747409820557 31.2744731903076 31.3186454772949 31.6038074493408 32.1468238830566 32.3663139343262 32.4865798950195 32.5845756530762 32.6042366027832 32.6287803649902 32.5242805480957 32.527961730957 32.534008026123 32.4593963623047 32.3535957336426 32.2010116577148 32.0147361755371 31.9367198944092 32.0378227233887 32.0750999450684 32.1176300048828 31.8923645019531 31.6253280639648 31.4858455657959 30.970308303833 30.8150062561035 30.0280418395996 29.6439762115479 29.06809425354 29.5066432952881 29.6252479553223 29.6156349182129 29.6602764129639 29.485050201416 28.9962921142578 28.840747833252 28.7372951507568 28.5347938537598 28.2292900085449 28.0618762969971
32.717357635498 32.6963424682617 32.4556274414062 31.8382911682129 31.2964859008789 31.0356369018555 30.9984302520752 31.0793209075928 30.8526725769043 30.9994430541992 31.8008117675781 32.1777877807617 32.3467140197754 32.539909362793 32.6213150024414 32.5864868164062 32.5166778564453 32.5080833435059 32.4751930236816 32.4640045166016 32.3732452392578 32.2712898254395 32.1720504760742 31.9780426025391 31.8669204711914 31.8078861236572 31.7763423919678 31.8760738372803 31.6635398864746 31.7720737457275 31.7909660339355 31.0466251373291 30.4862899780273 30.0650959014893 29.6016654968262 29.7208213806152 29.6765308380127 29.5106678009033 29.6389064788818 29.5437183380127 29.0791568756104 28.9301910400391 28.8121719360352 28.6366672515869 28.1749858856201 27.9946136474609
32.559455871582 32.6405258178711 32.5037269592285 31.6041660308838 30.8657665252686 30.8432273864746 30.9416084289551 30.8174133300781 30.583122253418 30.7102870941162 31.7417335510254 32.1821136474609 32.3869018554688 32.5613594055176 32.5723304748535 32.5270462036133 32.5202713012695 32.4570732116699 32.4177322387695 32.4121971130371 32.4203987121582 32.3647041320801 32.2130928039551 32.0223388671875 31.8133449554443 31.6622352600098 31.6411552429199 31.5884304046631 31.5804405212402 31.4808654785156 31.6563625335693 31.5322189331055 31.0020885467529 30.425666809082 30.0139846801758 30.3237190246582 30.2698593139648 29.8230609893799 29.6368045806885 29.6959495544434 29.5403079986572 29.3000373840332 28.9976329803467 28.7636203765869 28.4443702697754 28.0806179046631
32.3606300354004 32.4340744018555 32.5333290100098 32.1367568969727 31.2116012573242 30.8955974578857 31.2245063781738 30.7638378143311 30.62135887146 30.7005958557129 31.6938514709473 32.2568054199219 32.457405090332 32.5445518493652 32.4792022705078 32.3912544250488 32.3902359008789 32.4059028625488 32.3749198913574 32.2755012512207 32.3199729919434 32.375846862793 32.2413597106934 32.0973281860352 31.9133224487305 31.7608470916748 31.4383869171143 31.2513847351074 30.9231262207031 31.2414627075195 31.084508895874 31.5868148803711 31.6253662109375 31.3004589080811 30.8395576477051 30.8660335540771 30.5174674987793 30.1859951019287 29.8956127166748 30.2393245697021 29.8478260040283 29.595516204834 29.4362201690674 29.3018016815186 29.0392875671387 28.8952579498291
32.2413864135742 32.2212066650391 32.3883590698242 32.403694152832 31.9989032745361 31.7822647094727 31.7308387756348 31.4062957763672 31.2196826934814 31.2317848205566 31.4093112945557 31.7804641723633 32.3795585632324 32.5021629333496 32.3908500671387 32.3112106323242 32.3074111938477 32.345630645752 32.3094520568848 32.2488288879395 32.2678489685059 32.3576965332031 32.3109512329102 32.1439247131348 32.0408782958984 31.8678817749023 31.5683135986328 31.357234954834 30.9725227355957 31.1813678741455 30.597972869873 30.9845848083496 31.194860458374 31.211462020874 31.3196353912354 31.2030944824219 30.916877746582 30.7797679901123 30.3617992401123 29.8987216949463 29.8264217376709 29.8701114654541 29.6360473632812 29.4500770568848 29.4393177032471 29.2994422912598
32.319091796875 32.3195571899414 32.3629264831543 32.3949775695801 32.2903442382812 31.741584777832 31.7498302459717 31.8099269866943 31.6129970550537 31.5757751464844 31.8063488006592 32.1337394714355 32.4270668029785 32.4908027648926 32.400562286377 32.2344093322754 32.2880172729492 32.2763595581055 32.0968208312988 32.0787963867188 32.1989822387695 32.2643928527832 32.3096504211426 32.2191925048828 32.1079025268555 31.9677104949951 31.7894344329834 31.542854309082 31.3875694274902 31.2402744293213 30.8505687713623 30.5151786804199 30.6346645355225 30.597692489624 31.00048828125 30.724515914917 30.9626884460449 30.7414817810059 30.4095821380615 30.0273971557617 29.8101615905762 29.6125526428223 29.162281036377 28.6226215362549 29.142261505127 29.3092422485352
32.4147644042969 32.3993606567383 32.3702354431152 32.3601760864258 32.2261772155762 31.5151062011719 31.3271541595459 31.7203273773193 31.6211910247803 31.3348484039307 31.5982646942139 32.1957473754883 32.433650970459 32.4603996276855 32.3827705383301 32.2156867980957 32.2127571105957 32.0224761962891 31.7940673828125 31.920825958252 32.1868171691895 32.1909637451172 32.2608795166016 32.2506904602051 32.0995216369629 32.0400886535645 31.8793697357178 31.6127662658691 31.5307674407959 31.3228988647461 30.9477348327637 30.3304061889648 30.0545215606689 30.1800479888916 30.591423034668 30.7139759063721 30.3690624237061 30.0492649078369 30.2236785888672 30.1561813354492 29.8416137695312 29.628547668457 29.1335792541504 28.3880672454834 28.7901744842529 29.121618270874
32.4669380187988 32.436767578125 32.3912353515625 32.3643112182617 32.330753326416 32.0266265869141 31.6207847595215 31.4034862518311 31.4098148345947 31.2187805175781 31.6506614685059 32.2091903686523 32.4163093566895 32.425220489502 32.3485374450684 32.1848068237305 32.0423889160156 31.8556709289551 31.7539520263672 31.9940757751465 32.1066551208496 32.1616020202637 32.1278610229492 32.2148628234863 32.1595268249512 32.0769920349121 31.9280986785889 31.6780242919922 31.5668563842773 31.3863697052002 31.0107707977295 30.8212394714355 30.4056529998779 30.2310600280762 30.1775035858154 30.3081760406494 30.5420703887939 30.4012908935547 30.0704383850098 29.8825492858887 29.6944427490234 29.5149040222168 29.2778205871582 28.9857196807861 28.4012908935547 28.6602210998535
32.4893112182617 32.4456405639648 32.3988227844238 32.3895034790039 32.3255043029785 32.1375465393066 31.8837375640869 31.3676662445068 31.2715835571289 31.4392700195312 31.8538951873779 32.2260246276855 32.3640365600586 32.3574714660645 32.2417526245117 32.094539642334 31.8367042541504 31.7595252990723 31.8578605651855 31.8840179443359 32.0128631591797 31.9597244262695 31.7991638183594 32.0216255187988 32.1776962280273 32.0686378479004 31.8798236846924 31.7367744445801 31.614595413208 31.5163917541504 31.3398914337158 31.1366348266602 30.8544101715088 30.8009166717529 30.503044128418 30.192907333374 30.2778377532959 30.3406581878662 30.1279449462891 29.9868850708008 29.8556137084961 29.6436977386475 29.081974029541 28.7308883666992 28.8420028686523 28.8545207977295
32.4943199157715 32.5049133300781 32.4524040222168 32.4213371276855 32.323070526123 32.2270889282227 32.1318588256836 31.8136825561523 31.400074005127 31.4861679077148 31.6320610046387 31.8974990844727 32.1510963439941 32.1928939819336 32.1401863098145 32.0169105529785 31.8397426605225 31.7198448181152 31.6215705871582 31.6604957580566 31.8686256408691 31.8724384307861 31.6575050354004 32.008430480957 32.1918487548828 32.0924224853516 31.9541492462158 31.8101272583008 31.7393760681152 31.635181427002 31.525032043457 31.3257904052734 31.033784866333 31.2145042419434 31.0927104949951 30.7523555755615 30.3416690826416 30.2365951538086 30.340705871582 30.7064247131348 30.028657913208 29.7860069274902 29.4120311737061 28.7921676635742 28.7242965698242 28.6104030609131
