inst/extdata/Tmax/Tmax132.asc
NCOLS 100 
NROWS 79 
XLLCORNER 148.06 
YLLCORNER -21.49 
CELLSIZE 0.01 
NODATA_value -3.4e+38 
[rows 0 to 19 of 79, columns 0 to 45 of 100]
32.685474395752003 32.3227996826172 31.3239517211914 31.7126007080078 31.8708477020264 32.3309173583984 32.5497970581055 32.7396659851074 32.7006874084473 32.5177993774414 32.0190353393555 31.8081169128418 31.7295169830322 30.4483585357666 30.9627361297607 31.4088001251221 31.8188629150391 31.7948818206787 30.9523181915283 30.2690811157227 30.1268177032471 29.1668357849121 29.6206130981445 30.9547653198242 31.4907112121582 31.757495880127 31.6299858093262 31.6900615692139 31.3705768585205 30.9940528869629 30.0986270904541 28.1703624725342 29.503719329834 29.4253559112549 28.1916007995605 27.0470523834229 26.9420185089111 26.5527248382568 27.3736686706543 29.3317279815674 30.9155178070068 31.1927757263184 31.9667263031006 32.3292236328125 32.5223274230957 32.6728744506836
32.4901161193848 31.9362773895264 31.1447448730469 31.2502040863037 30.6620044708252 31.6306552886963 32.2461814880371 32.6043090820312 32.7521743774414 32.628963470459 32.2669677734375 31.9399852752686 32.0683708190918 31.6292381286621 31.4621467590332 31.3489475250244 31.7868976593018 31.8287868499756 30.7904167175293 30.1771030426025 30.7335319519043 30.4786186218262 30.3708534240723 30.838493347168 31.3335723876953 31.5312042236328 31.8295516967773 31.7840061187744 31.5660572052002 31.3490657806396 30.4805202484131 29.0358104705811 30.2643260955811 29.8428211212158 29.1533851623535 28.1544723510742 27.7043876647949 28.107027053833 29.24755859375 30.4236698150635 31.980396270752 32.4243316650391 32.5746688842773 32.5816230773926 32.6496658325195 32.7049598693848
32.4605560302734 31.596851348877 31.7325897216797 31.8780956268311 31.4006538391113 31.5336685180664 31.9762916564941 32.6018600463867 32.8071212768555 32.6637878417969 32.3559608459473 32.2233581542969 32.1326522827148 32.081226348877 31.7646789550781 31.6131782531738 31.8410053253174 32.0137825012207 31.4092197418213 31.2153701782227 31.0678558349609 30.7333679199219 30.4995536804199 30.636116027832 31.5351142883301 31.8261260986328 31.6547660827637 31.6428241729736 31.6473712921143 31.3262805938721 31.3919734954834 30.3687705993652 30.631893157959 29.3493404388428 29.0412139892578 28.381872177124 27.8489418029785 27.3527679443359 28.4579124450684 29.7331485748291 31.1864738464355 32.2581481933594 32.6231956481934 32.7061157226562 32.6939163208008 32.6525993347168
32.705883026123 32.3273468017578 31.9757614135742 32.6613540649414 32.1068382263184 31.6560821533203 32.0756301879883 32.7065811157227 32.9014015197754 32.7567825317383 32.6027679443359 32.568302154541 32.4591178894043 32.2857513427734 31.8228626251221 31.6463031768799 32.0366363525391 32.0984382629395 31.8661727905273 31.3726692199707 31.0376014709473 30.646993637085 30.7388877868652 30.7087879180908 31.3417663574219 31.814338684082 31.4272766113281 31.7243118286133 31.5344276428223 30.664794921875 31.2643203735352 31.3519096374512 30.570104598999 29.2613677978516 28.6695899963379 27.7534942626953 28.0607376098633 27.5421085357666 27.4305515289307 26.9204750061035 28.5961513519287 31.4357643127441 32.4407958984375 32.69384765625 32.4251899719238 32.3241729736328
33.3272399902344 32.7117538452148 32.4566497802734 32.920654296875 32.6670989990234 31.9645156860352 32.0132522583008 32.7381134033203 32.9116477966309 32.5003433227539 32.5117797851562 32.7473793029785 32.6142082214355 32.3115386962891 31.9197807312012 32.0955657958984 32.1871871948242 31.9140014648438 31.4229431152344 30.6440658569336 30.8494911193848 31.040563583374 31.1874237060547 31.4054431915283 31.4203567504883 31.0727291107178 31.8706684112549 31.4647235870361 31.3317604064941 30.8164386749268 31.2079830169678 31.0264091491699 30.7067489624023 29.6716480255127 29.1362476348877 29.4786739349365 29.1637687683105 28.5944557189941 28.031286239624 27.2548828125 26.8913555145264 30.5300712585449 32.1299438476562 32.5973320007324 31.863655090332 31.1167068481445
33.4974937438965 33.2185401916504 32.4451904296875 32.9390449523926 33.0276718139648 32.5654678344727 32.2600784301758 32.7778739929199 32.9667053222656 32.6484375 32.5310897827148 32.8401031494141 32.6703109741211 32.3689804077148 31.6522636413574 32.2197914123535 32.1315040588379 31.6507530212402 31.0665626525879 30.626049041748 30.7426681518555 31.0299015045166 31.3773822784424 31.3845920562744 31.7132511138916 31.6037883758545 31.6945877075195 30.8861522674561 30.8911724090576 29.745361328125 30.5401306152344 31.0656604766846 31.1772193908691 30.8331127166748 30.467155456543 30.40966796875 29.5315055847168 29.0232486724854 28.6873645782471 27.8257179260254 27.2995109558105 30.0835151672363 32.013729095459 32.5579147338867 32.0357551574707 29.8642692565918
33.7144622802734 33.4185485839844 33.0028915405273 33.204418182373 33.1553535461426 32.7365531921387 32.0167541503906 32.6556625366211 32.8762893676758 33.0415802001953 32.9814262390137 32.8130874633789 32.3394508361816 32.4731941223145 32.4467849731445 32.294189453125 32.0819816589355 31.4783973693848 31.2551078796387 30.935733795166 30.3167610168457 30.5509834289551 31.0721035003662 31.5041885375977 31.8991374969482 31.8255386352539 31.8501033782959 31.2727508544922 30.8910732269287 29.6100597381592 29.6286201477051 29.7684669494629 30.8104095458984 31.0027751922607 30.5201644897461 30.4134044647217 29.8158721923828 28.3404846191406 28.6133308410645 28.1524658203125 27.9932403564453 29.8923873901367 31.7952995300293 32.3134613037109 32.0879821777344 30.333812713623
33.6968955993652 33.5851440429688 33.2738647460938 33.3157806396484 33.2773666381836 32.9814071655273 32.3254165649414 32.1921005249023 32.5542945861816 32.9538040161133 33.0866813659668 32.7609252929688 32.0073471069336 32.2666473388672 32.534797668457 31.7704086303711 31.7189407348633 30.8914413452148 30.8201484680176 30.574146270752 29.8535270690918 30.3820304870605 30.8688831329346 31.4907360076904 32.0231170654297 32.046085357666 31.5926208496094 31.1171569824219 30.931173324585 30.1117877960205 28.6969432830811 29.0266246795654 29.4067878723145 30.0637950897217 30.4941864013672 29.8550281524658 29.9479293823242 29.0107307434082 27.9427223205566 28.2680263519287 28.5127277374268 29.729850769043 30.8432846069336 31.9432220458984 31.9028396606445 29.9775238037109
33.4324035644531 33.6949844360352 33.5236396789551 33.4757537841797 33.3315124511719 33.0555305480957 32.6498832702637 32.1283531188965 32.3362884521484 32.9359397888184 33.1258850097656 33.0729484558105 32.8411750793457 32.6771392822266 32.2733955383301 31.4281616210938 31.6483383178711 31.3862609863281 31.5482082366943 30.5395908355713 30.5520401000977 30.3985481262207 30.5214500427246 31.2788639068604 31.9412269592285 32.1544494628906 31.1372356414795 30.1935005187988 30.3010902404785 30.2126159667969 29.582670211792 28.9937858581543 28.5392723083496 29.0569496154785 30.0579719543457 29.4095802307129 29.1697902679443 29.1302585601807 28.1202697753906 27.7856063842773 28.0407257080078 28.1640720367432 29.1656723022461 30.8977699279785 31.4142780303955 30.0879364013672
33.0944366455078 33.5805854797363 33.6777153015137 33.5212020874023 33.2901725769043 33.1591987609863 32.9379806518555 32.4175415039062 32.0517082214355 32.8392791748047 33.1213226318359 32.6687431335449 31.862190246582 31.9475364685059 32.0750999450684 32.0566825866699 32.0998077392578 31.947172164917 31.7225532531738 31.3841819763184 31.0322685241699 30.3423385620117 30.7221717834473 31.6592235565186 32.1733551025391 32.0676498413086 31.2875385284424 31.1280422210693 30.5803050994873 30.0303134918213 28.683479309082 28.2798042297363 29.4624290466309 29.3226890563965 29.110523223877 28.8691253662109 28.6471157073975 28.9797515869141 28.4029979705811 27.6071624755859 27.6583938598633 27.0642051696777 28.0118846893311 29.2910919189453 29.6494541168213 28.9822120666504
32.7154808044434 33.0856056213379 33.6918449401855 33.5880088806152 33.4414939880371 33.352954864502 33.1408233642578 32.7202301025391 32.7108688354492 32.9894866943359 33.1643905639648 32.7369689941406 32.3636779785156 31.5258674621582 31.7312278747559 32.0684852600098 32.2175788879395 32.4567413330078 31.9544773101807 31.7402534484863 31.3001384735107 30.901403427124 30.9949798583984 31.6391353607178 32.1393508911133 32.0430450439453 31.2712593078613 30.459644317627 29.373872756958 29.3846130371094 29.0032062530518 28.9573097229004 29.9069213867188 29.6403160095215 28.6746520996094 28.4107055664062 28.9420394897461 28.6435375213623 28.2428226470947 27.658016204834 27.7336044311523 27.4638576507568 27.1097946166992 27.9178237915039 28.4065170288086 28.7630920410156
32.521183013916 32.6058616638184 33.6465492248535 33.6559944152832 33.5655364990234 33.4293022155762 33.2408905029297 32.8620681762695 32.9163398742676 33.2645950317383 33.2118110656738 32.9962425231934 32.5822944641113 32.0276908874512 31.921459197998 32.2798042297363 32.6431045532227 32.6463432312012 32.3572845458984 31.8415279388428 31.2800388336182 30.9201793670654 31.1136512756348 31.294942855835 31.5515060424805 31.943531036377 30.8545227050781 29.9948234558105 29.3405227661133 29.6153259277344 29.70192527771 29.624885559082 30.0964469909668 29.526683807373 29.2655563354492 29.1818084716797 28.729513168335 28.1029758453369 28.6897392272949 28.9554882049561 28.4951572418213 28.0165576934814 27.4683856964111 27.970832824707 28.5632362365723 29.0144100189209
32.6912269592285 33.2816390991211 33.6179885864258 33.5816841125488 33.6049499511719 33.5025634765625 33.3509559631348 32.9239883422852 33.0344161987305 33.4050216674805 33.1838989257812 33.1142883300781 32.8747177124023 32.9684066772461 32.8650512695312 32.8528099060059 32.8718910217285 32.7941589355469 32.5457801818848 31.9577293395996 31.6593170166016 31.8557071685791 32.1654968261719 32.4428787231445 32.2857894897461 31.8164215087891 31.5938663482666 31.0679931640625 30.6730766296387 30.4811344146729 30.5645790100098 30.350040435791 30.2563285827637 29.635856628418 29.0325508117676 28.5533561706543 27.9817581176758 29.2045726776123 29.5335178375244 29.4882259368896 28.0368404388428 27.9692325592041 27.4621753692627 27.1820106506348 28.6221752166748 29.2525253295898
33.2177658081055 33.4738273620605 33.5644187927246 33.4799003601074 33.5075263977051 33.574390411377 33.5188903808594 33.388240814209 33.1567993164062 33.3270225524902 33.3018074035645 33.2308235168457 33.0917663574219 32.9834289550781 32.8696708679199 32.790210723877 32.9635047912598 32.8772506713867 32.722957611084 32.6035804748535 32.4965782165527 32.4653625488281 32.2430076599121 32.3882217407227 31.8964290618896 30.7692470550537 30.7161102294922 30.277889251709 29.6791687011719 30.5468292236328 30.8672828674316 30.8378582000732 30.0236396789551 29.7024383544922 29.5841102600098 29.5349750518799 29.5271492004395 29.1999340057373 29.8960590362549 30.2862815856934 29.7313423156738 29.2463397979736 28.5689868927002 27.9907169342041 29.1612339019775 29.7223701477051
32.3271026611328 32.9991264343262 33.5179824829102 33.4479331970215 33.3143653869629 33.4399604797363 33.4030914306641 33.2180480957031 32.7433853149414 32.8085556030273 33.2044525146484 32.9934310913086 32.3989944458008 32.6028671264648 32.8256340026855 32.2042274475098 32.708927154541 32.9373779296875 32.8887634277344 32.8409309387207 32.7862854003906 32.3336372375488 31.6205387115479 32.0750846862793 31.8933258056641 31.599494934082 31.5202903747559 31.1624870300293 30.7703132629395 31.0727043151855 31.0354843139648 30.7598915100098 30.2816143035889 30.5613040924072 30.5323371887207 29.5193538665771 30.143533706665 29.2356929779053 29.6006679534912 30.4477806091309 30.4392261505127 30.1683044433594 29.3661422729492 28.4826488494873 29.1830139160156 30.0309906005859
31.3377227783203 32.4905624389648 33.3704299926758 33.5314712524414 33.4640502929688 33.4451599121094 33.3386116027832 33.2204742431641 32.9807586669922 32.403434753418 31.9618644714355 32.8162155151367 31.878246307373 31.5427703857422 32.5428047180176 32.1471633911133 32.1316299438477 32.6818428039551 32.7251625061035 32.7369155883789 32.7585830688477 32.7414131164551 32.593864440918 32.3362350463867 31.8718299865723 31.4531536102295 31.4760398864746 31.4281806945801 31.3759994506836 31.184268951416 31.0081977844238 30.5754470825195 30.2864475250244 30.9995918273926 30.8774509429932 30.5957126617432 30.6211585998535 30.0160236358643 29.6520290374756 30.4019527435303 30.627462387085 29.9527835845947 28.6083946228027 27.4396133422852 27.9335193634033 29.8095741271973
32.4536094665527 32.276008605957 32.9607734680176 33.1878395080566 33.4582443237305 33.4332389831543 33.3095741271973 33.1606788635254 32.9946403503418 32.6745986938477 31.9592361450195 32.4433326721191 31.2844505310059 31.0271415710449 31.8721656799316 31.7241134643555 30.9779758453369 32.212459564209 32.2177085876465 32.2075271606445 32.5093269348145 32.7017097473145 32.6017990112305 32.1325607299805 31.2175121307373 30.6041584014893 30.1936302185059 30.5761260986328 31.1895751953125 30.5784721374512 30.3586807250977 29.5637187957764 30.3392391204834 31.2646102905273 31.0762386322021 30.8791751861572 30.9443187713623 30.4941806793213 30.1135692596436 30.4348812103271 30.6665668487549 29.4769077301025 28.4417705535889 28.7901573181152 29.1813983917236 29.8320465087891
32.5836563110352 32.9875602722168 33.0949249267578 33.1223373413086 33.2956428527832 33.3722229003906 33.3137550354004 33.2292671203613 33.0631980895996 32.5567283630371 32.1280670166016 31.7224578857422 31.2924537658691 30.9139595031738 31.491039276123 31.3487815856934 31.3832702636719 31.2083587646484 30.9470252990723 30.9409294128418 32.2177734375 32.5333709716797 32.5222969055176 32.4151229858398 31.7734203338623 30.5450248718262 29.0745086669922 29.9645347595215 30.8366241455078 29.841739654541 30.2560195922852 30.890869140625 31.2198638916016 31.5283622741699 31.4463768005371 31.2443618774414 30.7464618682861 29.8797988891602 30.377649307251 30.6365699768066 30.993501663208 30.6310920715332 30.4937305450439 30.4861335754395 30.4504203796387 29.8692417144775
32.8608207702637 32.8535919189453 32.7057571411133 32.8323440551758 33.354175567627 33.2469863891602 33.2774276733398 33.2712860107422 33.1784782409668 32.7942276000977 31.5828094482422 31.6907653808594 31.2357597351074 30.0560302734375 30.8477745056152 30.6156883239746 30.443717956543 29.7380752563477 30.6300315856934 31.037670135498 32.2306900024414 32.2718124389648 32.4347953796387 32.5614929199219 31.6406669616699 30.515567779541 29.3130702972412 30.1518421173096 30.81174659729 30.3043117523193 30.8393859863281 31.3250942230225 31.7476177215576 31.7667484283447 31.3088188171387 31.0449676513672 30.6759948730469 30.4074249267578 30.9785957336426 31.0843505859375 31.1414623260498 31.0640773773193 30.9554233551025 30.2868137359619 29.4201736450195 29.3974800109863
33.015941619873 33.011531829834 33.0074348449707 32.8625068664551 33.3632202148438 33.373908996582 33.3193664550781 33.268497467041 33.2041015625 33.1036834716797 32.7515029907227 31.9537467956543 31.0686836242676 29.8344268798828 30.181713104248 30.1549949645996 29.7056884765625 30.0252647399902 30.2998638153076 31.3990879058838 32.250659942627 31.813060760498 32.5846061706543 32.4285850524902 31.8009796142578 31.5555381774902 30.436595916748 30.5704383850098 30.9500160217285 30.780216217041 31.4356212615967 31.4160804748535 31.8993625640869 31.8364086151123 31.6894779205322 31.4417533874512 30.5738887786865 30.7660427093506 31.0558834075928 31.0649852752686 31.1157283782959 30.9765033721924 30.9191474914551 30.3971042633057 30.3349857330322 30.2160263061523
