inst/extdata/Tmax/Tmax70.asc
NCOLS 100 
NROWS 79 
XLLCORNER 148.06 
YLLCORNER -21.49 
CELLSIZE 0.01 
NODATA_value -3.4e+38 
[rows 20 to 39 of 79, columns 0 to 45 of 100]
42.295967102050803 42.306453704834 42.2672996520996 42.2166519165039 42.2075462341309 42.2749214172363 42.1751823425293 42.0940399169922 42.0174217224121 41.9183349609375 41.7492904663086 41.3830871582031 40.9778442382812 40.3891258239746 39.1606330871582 38.7431411743164 38.6639442443848 39.543628692627 40.4507217407227 40.7923583984375 40.7798919677734 40.7537841796875 41.0003204345703 40.9927215576172 40.842170715332 40.5832366943359 40.0578193664551 39.2346458435059 39.6702995300293 39.7001342773438 40.1725158691406 40.1448745727539 40.2305450439453 40.1746940612793 40.1138648986816 39.8902587890625 39.5349998474121 39.510368347168 39.1012496948242 39.2837371826172 39.079704284668 38.4590911865234 38.6116371154785 38.629825592041 38.7049446105957 38.7052726745605
42.364501953125 42.3945198059082 42.3653335571289 42.3139991760254 42.2949409484863 42.2704429626465 42.1278419494629 42.0429573059082 42.000804901123 41.9256019592285 41.8021392822266 41.6252632141113 41.4117164611816 40.5812301635742 39.1904983520508 38.8731307983398 39.0850448608398 39.8091773986816 40.2368507385254 40.5374298095703 40.6191062927246 40.5097999572754 40.9218711853027 41.0047225952148 40.8209457397461 40.8052062988281 40.7537612915039 40.0898246765137 39.9335632324219 40.3352928161621 40.403392791748 40.2774848937988 39.9824752807617 39.4585838317871 39.4482536315918 39.4034042358398 39.7362213134766 39.1338386535645 38.7769546508789 39.0125770568848 38.6661262512207 38.7143058776855 38.447395324707 37.6539535522461 37.9090690612793 38.4550628662109
42.4318313598633 42.4509048461914 42.4196014404297 42.385612487793 42.3493843078613 42.2989349365234 42.1239166259766 42.002368927002 41.9367141723633 41.8885154724121 41.7724723815918 41.6806869506836 41.5149345397949 40.9761276245117 39.9617042541504 39.1706275939941 38.550724029541 38.9898490905762 39.5006484985352 40.2036972045898 40.2785835266113 40.3492012023926 40.8649101257324 40.661937713623 40.2902374267578 40.5696029663086 40.6027603149414 40.6277160644531 40.3697204589844 40.3741722106934 40.1298599243164 39.9372940063477 39.4371223449707 39.13134765625 38.9096870422363 39.0700302124023 38.9770927429199 38.4767951965332 38.4294166564941 38.3373603820801 38.0498504638672 37.3755340576172 38.0240211486816 37.7536888122559 36.8745727539062 38.0833129882812
42.4314041137695 42.4379386901855 42.4151573181152 42.3869018554688 42.3332023620605 42.3032341003418 42.2097969055176 41.9516487121582 41.8432960510254 41.8378715515137 41.6686363220215 41.4798431396484 41.542423248291 41.2036399841309 40.4971389770508 39.766960144043 38.9830627441406 38.6773071289062 39.2255172729492 39.4949378967285 39.9623870849609 40.7889823913574 40.5546875 40.0095710754395 40.1133270263672 40.2134895324707 39.9277114868164 40.6796493530273 40.6717376708984 40.531566619873 40.3185920715332 39.3695411682129 39.0633163452148 39.2131042480469 39.4723968505859 39.060474395752 38.2364883422852 37.7386512756348 38.3516693115234 37.8886566162109 37.230785369873 35.9340438842773 36.6564331054688 37.684513092041 36.0678253173828 37.231517791748
42.3984603881836 42.4278297424316 42.4159927368164 42.3689575195312 42.3165283203125 42.2956962585449 42.2616271972656 42.0994148254395 41.9354476928711 41.7743682861328 41.6676750183105 41.6018447875977 41.435920715332 41.1270523071289 40.441104888916 39.7934455871582 39.085865020752 38.7110862731934 38.8854484558105 38.8688621520996 39.9468460083008 40.6355514526367 39.6563110351562 39.1520538330078 39.8550033569336 39.8129005432129 39.9498672485352 40.5335235595703 40.7044906616211 40.3672637939453 40.2949752807617 40.0658493041992 40.0167198181152 40.0381546020508 39.7438278198242 39.4637222290039 39.0891990661621 38.1080513000488 37.8919486999512 37.6450576782227 36.0795211791992 35.5357055664062 35.9174499511719 37.5461463928223 35.7685546875 36.086238861084
42.3723335266113 42.3716621398926 42.3448829650879 42.3039131164551 42.2912826538086 42.2762336730957 42.2629890441895 42.2056655883789 42.063102722168 41.845142364502 41.6649360656738 41.5186576843262 41.3723793029785 40.9626808166504 40.5488739013672 40.0301856994629 39.4489974975586 39.1035614013672 39.5042304992676 40.1166038513184 40.083381652832 39.9667816162109 39.5143203735352 38.3336982727051 38.789176940918 39.4664001464844 39.5788688659668 40.5869445800781 40.7113494873047 40.3906135559082 39.6329917907715 40.1099586486816 39.9740409851074 39.8443794250488 39.5936279296875 39.3025703430176 39.1654281616211 37.8644943237305 36.6957588195801 37.0487289428711 35.7205047607422 36.4736785888672 36.7664260864258 37.5665283203125 36.6475410461426 35.6566619873047
42.2918739318848 42.2979850769043 42.2690315246582 42.2577896118164 42.2336235046387 42.2137107849121 42.2522583007812 42.2323150634766 42.1022605895996 41.7413940429688 41.6325378417969 41.3769836425781 41.3523826599121 41.010139465332 40.3283462524414 39.3311157226562 38.9619789123535 39.1159973144531 39.5375366210938 39.4356155395508 39.5897598266602 40.3513298034668 40.203784942627 38.8313598632812 38.4409294128418 39.2731819152832 39.9559936523438 40.6589584350586 40.6999320983887 40.4959259033203 39.7740211486816 39.412769317627 40.0466690063477 39.5751800537109 39.1779899597168 38.4387664794922 38.1588821411133 38.2400016784668 37.278190612793 36.0749549865723 35.6873435974121 35.9701194763184 35.8542518615723 36.7927932739258 35.9221649169922 35.3102493286133
42.1851043701172 42.1874237060547 42.1806869506836 42.2022933959961 42.2011489868164 42.2284965515137 42.2707748413086 42.2461242675781 42.167293548584 41.9908981323242 41.7720146179199 41.5192260742188 41.3971977233887 41.2080917358398 40.3798027038574 39.3167953491211 38.9989814758301 38.9272499084473 39.0339813232422 38.9981689453125 40.0183601379395 40.5465240478516 40.0565528869629 39.26953125 38.7339744567871 38.9306716918945 39.0230484008789 40.360107421875 40.6274299621582 40.5048828125 39.8133506774902 39.7068290710449 39.9309387207031 39.2787933349609 38.6546478271484 38.1306076049805 37.2800064086914 37.9104881286621 37.7465362548828 36.0665740966797 35.6424865722656 35.809196472168 35.7042579650879 36.2394065856934 35.6786804199219 35.3849143981934
41.7549133300781 41.7033920288086 41.9052886962891 42.1482582092285 42.2376136779785 42.2837028503418 42.2797241210938 42.2483062744141 42.1232604980469 42.0133247375488 41.8568077087402 41.3770294189453 41.4364051818848 41.2873992919922 40.8215065002441 39.7116661071777 39.0224723815918 38.5160789489746 38.7994842529297 39.6039657592773 40.0444221496582 40.3319549560547 39.5423774719238 38.8642768859863 38.6786880493164 38.7980918884277 39.1746101379395 39.9396057128906 40.5587120056152 40.5854415893555 40.1324691772461 39.8760566711426 39.4855155944824 38.565601348877 37.4950752258301 37.0936012268066 36.7708702087402 36.9467010498047 37.0751914978027 36.6929893493652 36.1912117004395 36.2977256774902 36.0177726745605 35.7998809814453 35.7961006164551 35.7200164794922
40.9660263061523 41.7304458618164 41.9846687316895 41.741325378418 42.1939277648926 42.2963714599609 42.2849617004395 42.2528305053711 42.065299987793 41.9222679138184 41.8936347961426 41.6411170959473 41.4185752868652 41.2844047546387 41.0458221435547 40.575267791748 40.0597190856934 38.7615699768066 39.0492858886719 39.1085433959961 39.2351837158203 40.0629997253418 39.6633491516113 38.9079360961914 38.7019195556641 38.4922370910645 38.4498329162598 39.9096717834473 40.6009254455566 40.6403884887695 39.9328804016113 39.0556106567383 38.7609252929688 38.4275360107422 38.1697769165039 37.2301025390625 37.1451644897461 36.7496337890625 36.3485069274902 36.5730628967285 38.1938591003418 38.2479019165039 37.2101516723633 35.8728408813477 36.8243713378906 36.9061889648438
41.2403259277344 42.0031356811523 41.9952430725098 41.5149574279785 42.1615715026855 42.292236328125 42.3012771606445 42.2655143737793 42.1968116760254 41.9895401000977 41.8799858093262 41.7919845581055 41.6223526000977 41.4263191223145 41.1553001403809 40.6274185180664 39.8671073913574 39.4265441894531 38.9842796325684 39.2074813842773 39.2630577087402 39.6405296325684 39.0653343200684 38.8905944824219 38.5929985046387 37.987419128418 38.2391357421875 39.8228454589844 40.5208396911621 40.5356636047363 40.4994125366211 40.3239631652832 39.3497467041016 38.4885597229004 38.4098243713379 37.954719543457 38.0529632568359 37.8624382019043 37.4604301452637 37.8864288330078 39.1671562194824 39.1971054077148 38.7998466491699 38.2855796813965 38.1616477966309 37.6209564208984
41.9165725708008 42.1330337524414 42.155330657959 42.1348915100098 42.1862640380859 42.2875556945801 42.2818450927734 42.2569427490234 42.1981964111328 42.1179618835449 41.9469223022461 41.8650550842285 41.762393951416 41.5700531005859 41.323429107666 40.8852577209473 40.1149978637695 39.699878692627 39.0347061157227 38.9163208007812 38.9659423828125 39.347827911377 38.9863204956055 38.730899810791 38.6564903259277 38.667106628418 39.3824043273926 40.2857894897461 40.5808601379395 40.1298713684082 40.0359001159668 40.0124816894531 40.1675262451172 39.7211647033691 39.4650688171387 38.7765579223633 39.6416854858398 39.4916458129883 39.444507598877 39.4347381591797 39.2176055908203 38.4199371337891 37.5452270507812 37.2330932617188 37.0931663513184 36.400260925293
41.6844711303711 42.2892608642578 42.3063926696777 42.2987937927246 42.2750282287598 42.261417388916 42.2098350524902 42.2265090942383 42.1993713378906 42.1631851196289 42.1023941040039 41.9671058654785 41.7951850891113 41.6403656005859 41.4584045410156 41.2266387939453 40.7967720031738 40.1712417602539 39.4729461669922 38.8017158508301 38.8121376037598 39.2049674987793 39.0747222900391 38.7995376586914 38.6513748168945 38.7807464599609 40.0414161682129 40.613468170166 40.6486282348633 40.4791526794434 40.0392570495605 39.4869689941406 40.0658683776855 40.1356582641602 40.1460075378418 39.6800422668457 39.9921989440918 39.7219352722168 39.5876579284668 39.4254341125488 38.3705940246582 37.0822486877441 35.8757705688477 36.1831130981445 36.0888061523438 35.1504020690918
41.5568008422852 42.092887878418 41.9058113098145 41.7833824157715 41.8816871643066 42.1836128234863 42.1562538146973 42.1546287536621 42.1456642150879 42.1135025024414 42.0649147033691 42.0121459960938 41.8983306884766 41.7500228881836 41.5999984741211 41.3899269104004 41.0016288757324 40.6030120849609 40.3430252075195 39.7587242126465 38.8743019104004 39.0661392211914 38.8432846069336 38.8935470581055 38.7650108337402 38.7234687805176 39.6593933105469 40.5830154418945 40.6290702819824 40.3389549255371 40.2019424438477 39.2506561279297 39.4865188598633 39.6841087341309 39.9169006347656 39.9982414245605 39.845401763916 39.6794624328613 39.3285636901855 39.3536033630371 39.0555229187012 37.9475860595703 37.1882171630859 37.6670036315918 37.2531204223633 36.1905403137207
41.8546905517578 42.0809326171875 41.6985969543457 41.0893592834473 41.1706581115723 41.9818382263184 42.1306114196777 42.0821418762207 42.0755577087402 42.0681304931641 41.9818840026855 41.9887657165527 41.9272956848145 41.8151626586914 41.6700134277344 41.4902725219727 41.2096366882324 40.5963096618652 40.2159996032715 39.7829055786133 39.1465225219727 39.0405807495117 38.8548278808594 38.6420059204102 38.5954093933105 38.9298133850098 39.9268760681152 40.5643539428711 40.1153945922852 39.9043045043945 39.9773063659668 39.6387062072754 39.3383827209473 39.026481628418 38.7685966491699 39.183048248291 38.985652923584 39.2519416809082 39.1613807678223 38.965690612793 38.715892791748 38.9766120910645 38.7275695800781 38.4299774169922 37.8810501098633 37.4348945617676
41.9703063964844 42.0394897460938 41.8417358398438 41.5524559020996 41.2670822143555 41.7379913330078 41.9719429016113 41.9731407165527 41.9938468933105 42.0246505737305 41.9955711364746 42.0016059875488 41.9307098388672 41.8613471984863 41.713020324707 41.5104217529297 41.2905807495117 41.071361541748 40.7052345275879 40.108268737793 39.7436714172363 39.4807929992676 38.9953994750977 38.381534576416 38.5158195495605 38.7303733825684 40.0113220214844 40.4340553283691 38.7488136291504 38.3594551086426 38.9281311035156 39.097354888916 39.0382881164551 38.8254203796387 38.3682518005371 38.1172103881836 38.5699577331543 38.4065971374512 38.3589553833008 38.2956199645996 38.0392570495605 37.7503471374512 37.9452819824219 38.3485221862793 37.7708892822266 36.7291221618652
41.8500823974609 41.8629531860352 41.8557205200195 41.5983924865723 41.3342247009277 41.4858779907227 41.6512870788574 41.8047180175781 41.8818473815918 41.9681167602539 41.9332618713379 41.9004211425781 41.9535522460938 41.8762969970703 41.7558555603027 41.506217956543 41.4707527160645 41.306827545166 41.0732002258301 40.7198677062988 40.5719261169434 39.833423614502 39.2705230712891 38.8184013366699 38.7991828918457 39.1371688842773 40.0476684570312 39.9263534545898 39.6454658508301 39.5320434570312 38.8186111450195 38.7314262390137 38.5399322509766 38.3906288146973 37.7066268920898 37.3107872009277 37.4833641052246 37.4159965515137 37.6167793273926 37.4138870239258 37.3855400085449 36.5164604187012 37.1473541259766 37.9105072021484 37.6774559020996 36.3167610168457
41.3660697937012 41.6497001647949 41.8062171936035 41.698055267334 41.5052261352539 41.3737411499023 41.3353424072266 41.6488151550293 41.7304000854492 41.8638877868652 41.9166793823242 41.885799407959 41.9178352355957 41.9124717712402 41.7419662475586 41.6345405578613 41.5539398193359 41.4221649169922 41.2653961181641 41.0711364746094 40.8726921081543 40.2096748352051 39.1472358703613 39.2130432128906 38.5537872314453 39.0782241821289 39.934513092041 39.3974533081055 39.5498809814453 39.9469032287598 39.8229064941406 39.6509819030762 39.0295639038086 38.6214714050293 37.1445083618164 35.9247245788574 35.9431991577148 35.8232460021973 35.772274017334 36.2032241821289 36.3434219360352 36.5155563354492 36.6651802062988 37.4596405029297 37.3106155395508 36.9304122924805
41.4753303527832 41.547176361084 41.6395378112793 41.6032447814941 41.5562515258789 41.263298034668 41.0398559570312 40.7856216430664 41.3690948486328 41.7936172485352 41.8922348022461 41.9000778198242 41.9487342834473 41.927001953125 41.6474151611328 41.2771911621094 41.2814102172852 41.297737121582 41.3185386657715 41.1932144165039 41.0485801696777 40.6574516296387 39.6349601745605 39.8969192504883 38.9951286315918 38.9733657836914 39.097541809082 39.3574600219727 38.3739242553711 38.9734573364258 38.6139602661133 38.6908226013184 39.7989387512207 39.3965072631836 38.5046844482422 36.3967437744141 35.4998588562012 35.4908561706543 34.8343620300293 35.2383804321289 35.8327140808105 35.8132705688477 35.8648567199707 37.1327819824219 36.7053565979004 36.191707611084
41.5437850952148 41.4602317810059 41.4823112487793 41.2898063659668 41.4578399658203 41.3647499084473 41.1325531005859 40.8777008056641 41.0413627624512 41.5753135681152 41.777042388916 41.9140396118164 41.9331016540527 41.8854942321777 41.8159370422363 41.4467926025391 41.0946769714355 40.8854904174805 41.1074104309082 41.1979637145996 41.0558052062988 40.8976287841797 40.5912628173828 40.0527687072754 39.0493545532227 38.8330764770508 38.7770767211914 38.8322067260742 38.8630332946777 38.3519821166992 37.7988548278809 38.4987411499023 39.5755767822266 38.8857727050781 39.066535949707 38.5547332763672 38.1281929016113 37.9881362915039 37.0528450012207 35.9853057861328 36.65234375 36.3414688110352 36.6803359985352 36.8392715454102 36.5410079956055 36.0832977294922
