inst/extdata/Tmax/Tmax54.asc
NCOLS 100 
NROWS 79 
XLLCORNER 148.06 
YLLCORNER -21.49 
CELLSIZE 0.01 
NODATA_value -3.4e+38 
[rows 40 to 59 of 79, columns 0 to 45 of 100]
36.520198822021499 36.2392044067383 36.2640647888184 36.296516418457 36.1707801818848 36.2866554260254 36.2326126098633 36.0243835449219 35.5346488952637 35.9773712158203 36.6283645629883 36.9506721496582 36.9858169555664 37.0358200073242 37.1002883911133 36.8824577331543 36.6072731018066 36.2353477478027 35.6411285400391 36.1431655883789 36.130485534668 36.012149810791 35.9456176757812 35.5370254516602 34.6186790466309 33.9549751281738 33.7570610046387 33.8435821533203 33.9632835388184 33.3127250671387 32.6516876220703 33.0867729187012 34.3742713928223 34.1011924743652 33.8414154052734 34.1721611022949 34.0774421691895 33.754264831543 33.5343704223633 33.082836151123 33.0427169799805 32.1738128662109 31.5801181793213 31.5779323577881 31.3190135955811 31.1588668823242
36.6789283752441 36.2734565734863 36.1367225646973 36.2450942993164 36.1388053894043 36.2233047485352 36.2261695861816 36.1151809692383 35.8563919067383 35.9827346801758 36.3305931091309 36.6855354309082 36.9187698364258 37.0875091552734 37.1301918029785 36.9751586914062 36.6673355102539 36.1399917602539 35.7944946289062 35.9408912658691 35.961669921875 35.715763092041 35.8953857421875 35.6087608337402 34.9303245544434 34.4209365844727 33.793155670166 33.7016258239746 33.9183158874512 33.4740219116211 33.0398826599121 33.6838722229004 34.3703994750977 33.6125373840332 32.8777198791504 33.653450012207 33.6940879821777 33.9053688049316 33.8680686950684 33.6363258361816 33.5175399780273 32.7944526672363 31.3652954101562 31.2454891204834 31.3256092071533 31.2886352539062
36.5413589477539 36.4934730529785 36.2630767822266 36.1381492614746 36.2021598815918 36.2249450683594 36.1974487304688 36.1574821472168 36.1214294433594 36.0713958740234 36.121898651123 36.6087875366211 36.9350242614746 37.0803298950195 37.0923080444336 37.0415382385254 36.8105888366699 36.4670372009277 36.2314300537109 36.179515838623 36.0889587402344 35.4216651916504 35.3477210998535 35.5725326538086 35.5969390869141 35.1479148864746 34.267333984375 33.9207572937012 33.841423034668 33.6127967834473 32.6915664672852 33.7881965637207 33.8444938659668 32.7498779296875 31.9130020141602 32.8471755981445 32.844367980957 33.50341796875 33.6700286865234 33.3694305419922 33.1371154785156 33.1927070617676 32.5804176330566 32.3619079589844 32.7857093811035 33.7735900878906
36.1787719726562 36.2849502563477 36.2608871459961 36.2559967041016 36.2867622375488 36.278865814209 36.2391700744629 36.1851539611816 36.2416229248047 36.2100563049316 36.2183380126953 36.6339721679688 36.8857040405273 37.0418434143066 37.0613288879395 37.0753479003906 36.9708404541016 36.7375411987305 36.4485130310059 36.4850578308105 36.3034477233887 36.0332145690918 35.3402481079102 34.9789199829102 35.6582832336426 35.4409446716309 35.0307655334473 34.5311584472656 34.1892013549805 34.0105895996094 33.1963500976562 33.1058082580566 33.820987701416 33.3084335327148 32.6526336669922 32.1807098388672 32.2685813903809 32.5246734619141 32.7593269348145 32.5211791992188 32.0581970214844 32.7986068725586 32.3445701599121 33.2988967895508 35.0377082824707 35.6291465759277
35.874813079834 36.07763671875 36.0468788146973 36.0480842590332 36.240779876709 36.3588218688965 36.3836135864258 36.3254127502441 36.3873977661133 36.4340438842773 36.6063079833984 36.740550994873 36.8708686828613 36.9725570678711 37.0329971313477 37.0849876403809 37.0540809631348 36.8925933837891 36.7297325134277 36.6774597167969 36.5410461425781 36.386905670166 36.0768013000488 35.8573951721191 35.6744728088379 35.2042961120605 35.4642143249512 35.3277015686035 34.9989929199219 34.3047637939453 33.6844711303711 33.6724472045898 33.9938621520996 34.1592597961426 33.8604049682617 32.6731147766113 31.3058261871338 31.272611618042 31.3861846923828 31.735387802124 31.6133556365967 32.1845817565918 31.6906147003174 32.5432510375977 34.3066520690918 35.6599540710449
35.8954582214355 35.9704551696777 35.799430847168 35.6855964660645 35.9004287719727 36.1305198669434 36.3682250976562 36.4912300109863 36.5598449707031 36.6538887023926 36.7239875793457 36.6394081115723 36.4083862304688 36.7901878356934 37.0212516784668 37.0683975219727 37.0696487426758 36.9878578186035 36.891788482666 36.8222122192383 36.7256355285645 36.6082038879395 36.547435760498 35.92333984375 35.5663223266602 35.4859046936035 35.5721740722656 35.3878517150879 35.1944580078125 34.6734352111816 33.4083213806152 33.6134452819824 33.9251174926758 33.9884910583496 34.0862503051758 33.1786766052246 31.8526229858398 31.6081981658936 31.6456527709961 32.0977249145508 31.4910774230957 31.868673324585 32.2655296325684 32.5803375244141 33.4597320556641 34.6106033325195
35.7486038208008 35.7277984619141 35.7276763916016 35.6519012451172 35.5500411987305 35.6118431091309 36.1289329528809 36.259449005127 36.385684967041 36.4043045043945 36.6288185119629 36.7310180664062 36.4739685058594 36.7367134094238 36.9666748046875 37.0443916320801 37.0542488098145 36.9733123779297 36.9283638000488 36.882999420166 36.8022003173828 36.7237434387207 36.6160888671875 36.1291275024414 35.2898368835449 35.3991813659668 35.5787773132324 35.3379249572754 35.2832298278809 35.1311912536621 34.3231735229492 33.9901580810547 33.6291770935059 33.891544342041 34.0278854370117 33.5515670776367 32.4727935791016 32.7618865966797 32.2217826843262 32.9381408691406 32.3719635009766 32.5376281738281 32.647289276123 32.7566795349121 32.7503967285156 32.5614814758301
36.2128295898438 35.5488548278809 35.456371307373 35.4026374816895 35.3771286010742 35.5097694396973 35.8372840881348 35.7913398742676 36.0520553588867 36.1031684875488 36.1865119934082 36.2508697509766 36.4419898986816 36.7298698425293 36.9215965270996 37.0394020080566 37.030574798584 36.895866394043 36.708667755127 36.6058120727539 36.7370071411133 36.5416030883789 36.5553932189941 36.4839477539062 36.0157699584961 35.9121475219727 35.9297485351562 35.7138366699219 35.5393676757812 35.310733795166 34.614070892334 34.2408561706543 33.5200119018555 33.9173698425293 33.9597625732422 33.7248497009277 33.284008026123 33.5111274719238 33.2430419921875 33.4871597290039 33.2227668762207 33.020824432373 32.8648796081543 32.7140922546387 32.3699073791504 32.1341171264648
36.9234886169434 36.1036033630371 35.3035430908203 35.1496887207031 35.2889289855957 35.4856185913086 35.4153327941895 35.4160804748535 35.7695541381836 36.0779304504395 36.1528549194336 36.1324234008789 36.3699607849121 36.6838455200195 36.9287948608398 36.9953651428223 37.005916595459 36.9203948974609 36.7433586120605 36.5098838806152 36.578067779541 36.5146217346191 36.4288635253906 36.5567092895508 36.4406509399414 36.3266105651855 36.0386390686035 35.8225402832031 35.7275657653809 35.4270324707031 35.02685546875 34.552806854248 33.6756553649902 33.8312377929688 33.800121307373 33.8594360351562 33.7560844421387 33.7270278930664 33.610179901123 33.4246520996094 32.6182556152344 32.4535942077637 32.6447525024414 32.3849639892578 32.2499008178711 31.8991031646729
37.1892929077148 36.6763572692871 35.7893180847168 35.1874694824219 35.1757888793945 35.1678810119629 35.1969108581543 35.5603141784668 35.8085556030273 35.7013969421387 36.3425674438477 36.5761756896973 36.6858406066895 36.787467956543 36.8857116699219 36.9692039489746 36.9783744812012 36.9108619689941 36.8013954162598 36.6521759033203 36.5403022766113 36.4604377746582 36.2666435241699 36.3028945922852 36.4676361083984 36.4459381103516 36.2208938598633 35.6581497192383 35.1496315002441 35.4162826538086 35.107780456543 34.7895126342773 33.9696884155273 33.6658935546875 33.4515380859375 33.7573776245117 33.8320388793945 33.7296752929688 33.6850242614746 33.3702507019043 32.6697425842285 32.2714500427246 32.4451217651367 32.0713691711426 31.9829750061035 31.8914394378662
37.1750526428223 37.0040550231934 36.5254440307617 35.8755264282227 35.3160133361816 35.0006637573242 35.1690368652344 35.504264831543 35.5521965026855 35.8680381774902 36.4662017822266 36.7018508911133 36.8298683166504 36.9329566955566 36.9500923156738 36.9724044799805 36.8539199829102 36.8510322570801 36.8530311584473 36.7673225402832 36.6478462219238 36.475341796875 36.2690696716309 36.1804504394531 36.2857322692871 36.3217620849609 36.3633766174316 36.1137619018555 35.8222045898438 35.6684913635254 35.110523223877 34.9382400512695 34.086742401123 33.6694297790527 33.0419845581055 33.5204658508301 33.6466522216797 33.636360168457 33.684513092041 33.4960250854492 32.9691429138184 32.8022384643555 32.6894912719727 32.4721145629883 32.1429214477539 31.9637336730957
37.1337776184082 37.1076126098633 36.8349418640137 36.1433296203613 35.5331840515137 35.2382965087891 35.1936187744141 35.2840995788574 35.0287132263184 35.1929321289062 36.084400177002 36.4957656860352 36.6781425476074 36.8862152099609 36.9711990356445 36.9289169311523 36.8484382629395 36.8324127197266 36.7922859191895 36.7757606506348 36.672737121582 36.5552558898926 36.4433288574219 36.228832244873 36.1045265197754 36.0368385314941 35.9990234375 36.1005096435547 35.8674926757812 35.9808349609375 35.9974479675293 35.1908416748047 34.5843772888184 34.1274719238281 33.6239891052246 33.7536277770996 33.7032432556152 33.5239067077637 33.6628761291504 33.5604476928711 33.0590400695801 32.8990020751953 32.7703056335449 32.5819778442383 32.0822143554688 31.8884906768799
36.9500389099121 37.0379943847656 36.8809509277344 35.8720779418945 35.0372314453125 35.0118713378906 35.1211204528809 34.9808692932129 34.716381072998 34.8600082397461 36.0126724243164 36.4952354431152 36.7175178527832 36.9054565429688 36.9136505126953 36.8601722717285 36.8487968444824 36.7733726501465 36.7264518737793 36.7163963317871 36.7212715148926 36.6541557312012 36.485294342041 36.2742004394531 36.0436401367188 35.8762626647949 35.8501472473145 35.7873573303223 35.7754783630371 35.6647491455078 35.8508796691895 35.711353302002 35.1375694274902 34.5134696960449 34.0667457580566 34.4012031555176 34.339656829834 33.8569221496582 33.6556167602539 33.7198448181152 33.5522422790527 33.2934646606445 32.9650001525879 32.7129745483398 32.3681640625 31.9741535186768
36.7264823913574 36.8067779541016 36.9131622314453 36.4683265686035 35.426887512207 35.0692520141602 35.4388198852539 34.9185981750488 34.7577857971191 34.8476142883301 35.9598083496094 36.5789909362793 36.7969245910645 36.889274597168 36.8140106201172 36.7140045166016 36.709342956543 36.7204742431641 36.6829071044922 36.5706405639648 36.6154747009277 36.6701431274414 36.5199165344238 36.3595352172852 36.1559448242188 35.9869499206543 35.6335487365723 35.4252738952637 35.0661163330078 35.4095458984375 35.237133026123 35.7747535705566 35.8133239746094 35.4606857299805 34.9620094299316 34.9887657165527 34.6094436645508 34.2511444091797 33.9372177124023 34.3073348999023 33.8856925964355 33.6139297485352 33.4402008056641 33.2960739135742 33.013744354248 32.8596725463867
36.5913772583008 36.5673217773438 36.7508163452148 36.7662200927734 36.312084197998 36.0680122375488 36.0070762634277 35.6418876647949 35.4314804077148 35.4445037841797 35.6425552368164 36.0525894165039 36.7131004333496 36.8449783325195 36.7193603515625 36.6286582946777 36.6212768554688 36.6575202941895 36.6144981384277 36.5447578430176 36.5621185302734 36.6542472839355 36.5996704101562 36.4141731262207 36.2985992431641 36.1071357727051 35.7783164978027 35.5436096191406 35.1225547790527 35.3477973937988 34.7112693786621 35.1277389526367 35.3534164428711 35.3691673278809 35.483570098877 35.355827331543 35.0432968139648 34.894157409668 34.4429931640625 33.9427185058594 33.8647766113281 33.9121589660645 33.6575584411621 33.457592010498 33.4469718933105 33.2972679138184
36.6773567199707 36.6768341064453 36.7220306396484 36.756404876709 36.6379661560059 36.0218276977539 36.028076171875 36.0943222045898 35.8726425170898 35.8299179077148 36.0860900878906 36.4457206726074 36.7674560546875 36.834789276123 36.7324333190918 36.5466232299805 36.6026840209961 36.5845031738281 36.3844184875488 36.3617324829102 36.4903221130371 36.5562400817871 36.602294921875 36.5002784729004 36.3756980895996 36.2198295593262 36.022762298584 35.7492141723633 35.577751159668 35.4152870178223 34.9892768859863 34.6199951171875 34.7493591308594 34.7081451416016 35.1435356140137 34.8435554504395 35.0969505310059 34.8569526672363 34.4978103637695 34.0843048095703 33.8492698669434 33.6356964111328 33.1452178955078 32.5578308105469 33.1267967224121 33.3092651367188
36.7840995788574 36.7658615112305 36.7299690246582 36.717472076416 36.566234588623 35.7660636901855 35.5515632629395 35.9938888549805 35.8817863464355 35.5594902038574 35.8542518615723 36.5159034729004 36.7767868041992 36.8036308288574 36.7152786254883 36.5284271240234 36.5225677490234 36.3080787658691 36.0539970397949 36.1912117004395 36.48046875 36.4796867370605 36.553108215332 36.5388450622559 36.3707427978516 36.3029098510742 36.1248359680176 35.8292007446289 35.7374649047852 35.5089340209961 35.0983047485352 34.4199676513672 34.1172752380371 34.255012512207 34.7034721374512 34.8357009887695 34.4581031799316 34.1101722717285 34.2997169494629 34.226432800293 33.8854789733887 33.65478515625 33.1144943237305 32.2991027832031 32.7434692382812 33.1070556640625
36.8354606628418 36.8007850646973 36.7466659545898 36.7154846191406 36.6767730712891 36.3348541259766 35.8755798339844 35.630256652832 35.6372032165527 35.4216728210449 35.9066619873047 36.5257949829102 36.7531623840332 36.760612487793 36.6734580993652 36.4902229309082 36.3306312561035 36.1199150085449 36.0055313110352 36.2681732177734 36.3894653320312 36.444766998291 36.405029296875 36.497428894043 36.4340744018555 36.3410720825195 36.1758003234863 35.8979835510254 35.7744903564453 35.5756225585938 35.1639671325684 34.9533271789551 34.4978370666504 34.3063659667969 34.2477989196777 34.3907318115234 34.6428184509277 34.4893760681152 34.1293601989746 33.9251403808594 33.7208557128906 33.5261573791504 33.2663612365723 32.9487762451172 32.3091430664062 32.5970268249512
36.8601913452148 36.8105049133301 36.7551116943359 36.7438278198242 36.6711730957031 36.4594955444336 36.1715316772461 35.5892295837402 35.4807624816895 35.6699867248535 36.1348190307617 36.5461196899414 36.6973915100098 36.6880149841309 36.557788848877 36.3927688598633 36.1052093505859 36.0157318115234 36.122802734375 36.1497535705566 36.2896347045898 36.2265930175781 36.0478134155273 36.2898559570312 36.4582595825195 36.3363189697266 36.127384185791 35.9663925170898 35.8307991027832 35.7216262817383 35.5271644592285 35.301342010498 34.9918785095215 34.9326210021973 34.6065292358398 34.2669906616211 34.3577690124512 34.4263610839844 34.1945343017578 34.0410804748535 33.8985862731934 33.668270111084 33.0523986816406 32.6686515808105 32.793643951416 32.8100051879883
36.8655204772949 36.8769760131836 36.8153038024902 36.7797470092773 36.668758392334 36.5603256225586 36.4505920410156 36.0923881530762 35.6256523132324 35.7228851318359 35.8868217468262 36.181396484375 36.4629173278809 36.507740020752 36.4474792480469 36.3089866638184 36.1106872558594 35.9738464355469 35.8633728027344 35.9051704406738 36.133731842041 36.1337547302246 35.8948822021484 36.2792472839355 36.4781112670898 36.3667831420898 36.2131118774414 36.0509910583496 35.9715728759766 35.8557586669922 35.7336463928223 35.5119934082031 35.1915702819824 35.3878364562988 35.2538604736328 34.8817710876465 34.430233001709 34.3154945373535 34.4294548034668 34.8272933959961 34.0897598266602 33.8256530761719 33.4153594970703 32.7358283996582 32.6638259887695 32.5412635803223
