inst/extdata/Tmax/Tmax2.asc
NCOLS 100 
NROWS 79 
XLLCORNER 148.06 
YLLCORNER -21.49 
CELLSIZE 0.01 
NODATA_value -3.4e+38 
[rows 20 to 39 of 79, columns 0 to 45 of 100]
28.000570297241200 28.5258560180664 28.7359504699707 28.4812107086182 28.6984386444092 29.5667972564697 29.113431930542 29.4128742218018 28.2626876831055 28.194206237793 29.2731838226318 28.8498287200928 27.7547149658203 25.935791015625 24.7246532440186 23.9407978057861 23.6087284088135 25.0109119415283 26.064884185791 26.9312553405762 27.0830860137939 27.6016063690186 27.8280830383301 28.2149429321289 28.1953182220459 27.9689998626709 26.9030227661133 24.9786834716797 26.0338325500488 25.897705078125 27.1005172729492 27.4352550506592 27.5304775238037 27.6339454650879 27.412576675415 27.1443462371826 26.9723949432373 26.7723159790039 25.9173564910889 26.2516231536865 26.0770072937012 25.1984558105469 25.9906883239746 25.8183708190918 24.4054260253906 24.5683727264404
28.767879486084 29.0784740447998 29.1092681884766 28.7483901977539 28.7030773162842 28.6374683380127 28.2379608154297 29.0408535003662 29.3121166229248 29.585844039917 29.2767868041992 29.2906799316406 28.7895984649658 26.2282066345215 24.6565246582031 24.4537582397461 24.6048927307129 25.2500915527344 25.7714195251465 26.8507499694824 27.5366096496582 28.1475582122803 27.3348522186279 27.8858737945557 27.8686542510986 27.6101016998291 27.3730087280273 25.8874053955078 26.003288269043 26.9901275634766 27.4651775360107 27.25830078125 27.2439441680908 26.0667037963867 25.8084125518799 26.0663051605225 27.0566501617432 25.2581825256348 24.8707084655762 25.2110252380371 24.4543323516846 25.0711193084717 25.2909469604492 22.9874877929688 22.9698810577393 23.7727012634277
29.0524253845215 29.3353023529053 29.1668682098389 28.4962539672852 29.7490406036377 28.8582305908203 29.1233215332031 28.8156547546387 29.534818649292 28.7407035827637 29.8487377166748 29.4795513153076 29.2859497070312 28.3368377685547 27.4943866729736 25.7444229125977 24.0959529876709 24.6794681549072 25.1018962860107 27.111047744751 27.9912815093994 27.1601467132568 27.2530307769775 26.8152122497559 26.3723678588867 27.2510166168213 27.2076721191406 26.9003582000732 26.8643627166748 26.9187126159668 26.5908660888672 26.1692657470703 25.6891212463379 25.2085189819336 24.5656242370605 25.4183673858643 25.5230255126953 24.3789653778076 24.4247875213623 24.4426822662354 23.1311912536621 22.9787406921387 23.6270790100098 24.3217525482178 18.7652683258057 23.4994029998779
29.1966247558594 29.6668148040771 30.196985244751 28.50368309021 28.4486618041992 29.3235034942627 28.4059467315674 29.3754901885986 29.5874881744385 28.7088241577148 29.2760887145996 29.1646537780762 29.4064826965332 28.4690189361572 26.5985813140869 25.6522922515869 24.4801044464111 24.8118762969971 25.491397857666 26.4928321838379 27.0113792419434 27.5935192108154 26.8354969024658 25.5387554168701 26.0775909423828 26.2448635101318 26.2527198791504 27.1965866088867 27.5348167419434 27.3219184875488 26.9959411621094 25.9763317108154 25.3576622009277 25.5668392181396 26.0982303619385 25.7899360656738 23.5753326416016 23.193431854248 23.8000450134277 24.0916748046875 22.6576862335205 22.3075981140137 22.010082244873 20.4863662719727 21.7601051330566 22.0964756011963
29.3941593170166 29.2965679168701 29.1354122161865 29.8734836578369 29.9833583831787 29.6860179901123 28.4759044647217 29.5539073944092 28.130542755127 28.3672504425049 28.4194183349609 28.1888408660889 28.0253086090088 28.3583602905273 26.8226165771484 25.3345756530762 24.6282825469971 24.5104694366455 25.6432495117188 25.8267021179199 27.1866455078125 27.4477062225342 24.8407573699951 24.585994720459 24.8861465454102 25.2814712524414 25.6021480560303 26.9411735534668 27.3569660186768 26.795560836792 27.2264575958252 26.8277130126953 26.7571144104004 26.6202659606934 26.1172199249268 25.7359638214111 25.0969848632812 24.2022514343262 23.0042781829834 22.4365634918213 21.1279449462891 20.1271839141846 20.8726329803467 23.0220909118652 17.8501262664795 17.7254772186279
29.8507804870605 29.5869827270508 30.0564918518066 29.4162940979004 29.9529113769531 29.8299942016602 29.710542678833 29.4987907409668 29.3421497344971 27.9639110565186 29.009485244751 28.320442199707 27.5317916870117 27.6462669372559 27.6588478088379 27.4938182830811 26.2255096435547 25.9947147369385 26.6638717651367 27.3227005004883 26.6544151306152 25.0686321258545 24.5487003326416 23.3266677856445 24.0689373016357 24.976900100708 25.0512084960938 26.0298156738281 27.1108741760254 26.9810066223145 25.3900508880615 26.4019107818604 26.2460632324219 26.290864944458 25.8941097259521 25.6022071838379 25.0258007049561 23.783109664917 21.3262767791748 21.9461154937744 20.3462810516357 21.5643043518066 23.1636009216309 22.7483329772949 17.9318084716797 17.0438060760498
27.889368057251 29.1180686950684 30.1805572509766 29.9635581970215 29.8622188568115 29.7191505432129 29.6241722106934 29.6560916900635 29.3841457366943 28.1112232208252 27.6838417053223 27.8760757446289 27.719705581665 27.4184627532959 27.4856662750244 26.4853839874268 25.6980209350586 25.8459434509277 26.7562503814697 26.6292877197266 26.354419708252 26.693717956543 25.5391902923584 24.1241588592529 23.5584201812744 24.3451709747314 25.7026672363281 27.0209808349609 26.5010662078857 26.7078189849854 25.958833694458 25.7526588439941 26.0939769744873 25.569995880127 25.5358066558838 24.753173828125 23.4370021820068 23.711706161499 19.0232543945312 17.2727680206299 19.9458103179932 17.5506458282471 22.3869457244873 18.8282279968262 21.110990524292 16.7367877960205
28.0558013916016 27.6901378631592 28.8499622344971 29.7337913513184 29.71022605896 29.6082382202148 29.8117237091064 29.9541034698486 29.5714855194092 28.8451995849609 28.3864612579346 27.6878185272217 27.5226383209229 27.9099540710449 26.3036365509033 26.4464874267578 25.9978179931641 25.5589752197266 25.9050540924072 25.9897537231445 26.1212787628174 26.2601509094238 25.791820526123 24.5644111633301 24.4160690307617 24.6834259033203 24.1953392028809 26.7939739227295 27.2164573669434 25.9649620056152 25.7261753082275 25.821626663208 26.1642608642578 25.3075981140137 24.980411529541 24.1429328918457 22.6027774810791 23.0477561950684 22.8032932281494 21.4589691162109 20.2710819244385 20.7720317840576 20.6116924285889 18.0238590240479 17.379602432251 17.0269260406494
26.8449630737305 27.2971687316895 27.908634185791 28.8475799560547 29.910888671875 29.4224243164062 29.8641109466553 29.5278358459473 29.5484085083008 28.5915775299072 28.6884174346924 27.8660945892334 28.1692047119141 28.1511840820312 27.8432559967041 25.6495475769043 25.6445617675781 25.4165058135986 25.805721282959 26.793758392334 25.6427478790283 26.172342300415 25.1615600585938 24.1406555175781 24.4029312133789 24.7520446777344 24.774995803833 25.5924396514893 26.4087429046631 26.3395137786865 26.4711761474609 25.5429439544678 25.1171588897705 23.9026966094971 23.1623497009277 22.2160663604736 22.5077381134033 22.5919075012207 22.7789669036865 20.2893371582031 17.3732662200928 17.4801445007324 20.856819152832 17.2550373077393 17.5007343292236 17.4225311279297
25.7435607910156 26.4634075164795 27.0972328186035 27.8207530975342 29.2633514404297 29.3099269866943 28.6730842590332 29.8641204833984 29.6643714904785 29.3188514709473 28.2255725860596 28.6502418518066 27.9977874755859 27.7235260009766 28.3001365661621 28.0521755218506 27.6346950531006 25.8039512634277 26.095100402832 26.0938358306885 26.0615673065186 26.1274490356445 25.6686935424805 24.6667537689209 24.4523067474365 24.4795436859131 24.0406036376953 25.5511207580566 26.4964332580566 26.0120964050293 26.664213180542 25.1621227264404 24.124210357666 23.9776668548584 23.4715480804443 23.0277004241943 23.0196323394775 22.4148845672607 21.7668037414551 21.4372425079346 22.8465957641602 22.8828639984131 20.3202457427979 20.1856517791748 17.6773643493652 18.5956077575684
26.2824420928955 26.9655494689941 27.1065883636475 27.859619140625 28.2043628692627 28.0290393829346 28.245418548584 29.3093376159668 29.2828197479248 28.7959594726562 29.2863807678223 29.213981628418 29.25537109375 28.4484806060791 28.4791355133057 28.4557762145996 27.2227420806885 26.6752243041992 25.725061416626 26.1226215362549 25.9633960723877 25.4338245391846 25.2019348144531 24.8124217987061 24.2430763244629 23.5174827575684 23.9465923309326 25.7876281738281 26.2060394287109 26.4078521728516 26.728494644165 26.9285907745361 25.2471351623535 24.0166454315186 23.3263988494873 24.1135597229004 23.7571926116943 23.0858402252197 22.2432060241699 22.3574256896973 24.4228019714355 24.3146419525146 23.9323234558105 23.036376953125 19.8193092346191 19.0669555664062
27.3457183837891 27.2937278747559 28.189151763916 29.0388202667236 29.5542392730713 28.2956504821777 28.3890419006348 29.6738548278809 29.6471538543701 28.9927501678467 29.4099903106689 29.0664901733398 29.0274486541748 28.649169921875 27.7111053466797 28.0355529785156 25.7564754486084 24.4426746368408 25.7921199798584 25.4427051544189 25.4397220611572 25.6453037261963 25.1033210754395 24.8476314544678 24.4420680999756 24.4497108459473 24.8799533843994 26.1439228057861 26.8371410369873 25.8579883575439 26.3638668060303 26.4188442230225 26.7645072937012 25.8935241699219 25.2377624511719 24.0920524597168 24.2952575683594 24.3842449188232 23.9960765838623 25.5478744506836 24.5890312194824 24.1279296875 18.986629486084 20.6193866729736 18.2307300567627 17.4919319152832
26.8838787078857 28.2882690429688 28.1718215942383 28.290210723877 29.4890079498291 28.6972408294678 29.3296680450439 28.9985179901123 29.5926570892334 28.5977611541748 29.5829372406006 29.0856628417969 29.0693531036377 28.4792575836182 28.0819854736328 27.5626659393311 27.5264339447021 25.8049774169922 24.6184368133545 24.9450950622559 25.0333766937256 25.6015739440918 24.9893646240234 25.074556350708 24.7041721343994 24.5390110015869 26.3405361175537 26.4770183563232 26.3499813079834 27.7972946166992 26.4657764434814 25.9581871032715 27.2392196655273 27.1440525054932 26.4557266235352 25.7855529785156 25.4779281616211 25.4476146697998 25.0140075683594 25.2195510864258 24.3366470336914 21.7080020904541 16.9725303649902 17.3635635375977 17.5737686157227 16.2331447601318
27.6200637817383 27.8071689605713 28.4067001342773 27.3776779174805 27.9440040588379 26.932502746582 27.6547546386719 29.0061511993408 29.5392951965332 29.3561897277832 29.6733837127686 28.9171924591064 28.7707576751709 28.8322830200195 28.2306098937988 28.008243560791 28.380895614624 27.8915405273438 27.1666831970215 26.7252540588379 25.48756980896 25.259708404541 25.7797565460205 25.4454174041748 25.0695514678955 24.677864074707 26.3104724884033 27.1265106201172 26.6711521148682 26.8361434936523 26.6177959442139 25.4462356567383 25.1853103637695 25.2449550628662 25.7378330230713 26.00168800354 26.0567531585693 26.5398426055908 26.1165199279785 26.2870388031006 24.5871067047119 19.920108795166 18.3522624969482 18.7024993896484 18.4863166809082 17.4131755828857
28.1555576324463 28.5681095123291 28.3246040344238 26.5135517120361 27.2268772125244 28.336669921875 27.5908012390137 29.0228672027588 29.4187030792236 29.0764312744141 29.5315074920654 29.2590751647949 29.6050567626953 29.1248874664307 28.7206172943115 28.5473575592041 28.2562065124512 27.9157466888428 27.4910736083984 26.5105953216553 25.0561866760254 26.1223983764648 26.5389385223389 25.3798027038574 24.9606418609619 24.9031982421875 24.8539981842041 26.2364120483398 26.0650997161865 25.1387958526611 26.1204204559326 25.061206817627 24.6416130065918 24.6727046966553 24.3937244415283 24.6800956726074 25.3437023162842 24.9498958587646 25.6346549987793 25.4108448028564 23.7509727478027 23.5470333099365 20.7364883422852 20.0946426391602 19.3513107299805 19.2352199554443
27.8943996429443 29.2484664916992 28.3251686096191 27.4978199005127 25.962739944458 28.3041019439697 29.7403984069824 27.8975925445557 28.9042148590088 29.5224514007568 29.428524017334 29.2950992584229 28.8028240203857 28.9615421295166 28.6152229309082 28.778995513916 27.8444557189941 27.4104518890381 27.3170871734619 26.7322807312012 25.6520729064941 26.3057136535645 25.4523849487305 24.0653343200684 24.4824333190918 24.0981407165527 25.6027641296387 24.893404006958 24.5980701446533 21.983549118042 23.9230690002441 24.5150413513184 24.8313808441162 24.4966316223145 24.4963150024414 23.581974029541 23.8691654205322 24.2668838500977 25.2538661956787 24.6136035919189 19.7688255310059 19.4547691345215 19.2767868041992 19.9067802429199 19.5903205871582 18.3235054016113
28.4844264984131 27.6465396881104 28.9852542877197 28.2654895782471 28.1320781707764 28.1693439483643 28.220682144165 28.3394260406494 28.5226516723633 29.8639469146729 29.8780918121338 29.3313961029053 29.2347755432129 29.501522064209 29.2550106048584 28.1152477264404 27.5089588165283 27.4589824676514 27.444803237915 27.4223461151123 26.75412940979 25.7369346618652 24.6490039825439 24.3923053741455 24.6897583007812 25.3540229797363 26.0136394500732 25.1383991241455 24.7921581268311 22.8633327484131 22.5895328521729 21.624059677124 23.1254348754883 24.4880886077881 24.3973808288574 22.5198936462402 22.5050048828125 22.1339015960693 21.9749488830566 18.4823837280273 18.522123336792 17.7119007110596 18.3452396392822 19.3903579711914 19.4305057525635 17.6935577392578
27.8225421905518 27.3456439971924 28.674503326416 27.4883308410645 27.6480484008789 27.6731548309326 26.4763946533203 27.2990951538086 28.3553009033203 28.701774597168 29.458158493042 29.5021495819092 29.4018993377686 28.9156589508057 29.2475776672363 29.1391067504883 28.461404800415 27.1776943206787 27.6918869018555 27.2297821044922 27.055082321167 26.3136768341064 24.8107891082764 24.6638298034668 24.0914192199707 24.7861652374268 25.8022422790527 24.8830585479736 25.0994472503662 24.8412456512451 24.8290519714355 23.7448425292969 23.3702125549316 22.0949573516846 17.9833965301514 16.7231292724609 16.8746032714844 16.6417789459229 16.5836582183838 16.8653049468994 17.101282119751 17.2537097930908 17.59938621521 18.5780181884766 18.9322395324707 18.4525909423828
27.8155784606934 27.2129745483398 27.2729778289795 28.493127822876 28.1888885498047 28.3067779541016 26.8727893829346 26.0136985778809 26.9925003051758 27.9506034851074 29.2764854431152 29.6475830078125 29.5771560668945 29.4159984588623 28.3290328979492 27.9047622680664 27.9223747253418 27.5508193969727 28.0156745910645 27.8888912200928 27.8639678955078 26.559778213501 25.8453521728516 25.4936923980713 24.5643005371094 25.3587245941162 25.1056575775146 25.279972076416 23.5651550292969 24.5497169494629 23.7551727294922 23.5825462341309 23.9786987304688 23.2733860015869 21.7487525939941 16.3967056274414 15.948974609375 15.868185043335 15.6372442245483 16.2328681945801 16.9243068695068 18.4570598602295 17.0523262023926 18.3478755950928 17.8084239959717 17.6562690734863
27.433464050293 26.9459228515625 28.2071266174316 28.1851768493652 28.4642848968506 27.5840339660645 27.2478103637695 26.5936965942383 27.514102935791 26.9451007843018 27.915901184082 29.4412117004395 29.1810569763184 28.9829578399658 28.3003921508789 28.5787296295166 26.9149303436279 27.1701774597168 27.5944786071777 27.4214496612549 27.5089015960693 26.8620681762695 26.9220848083496 26.3164196014404 25.1350860595703 25.0730628967285 24.7310123443604 24.6543788909912 25.1523876190186 24.1666526794434 23.0879745483398 22.2062225341797 24.2700042724609 24.4139041900635 24.4723491668701 21.9741306304932 19.0604267120361 18.6393795013428 17.5543441772461 16.5136451721191 17.3605556488037 17.3297328948975 17.4719333648682 17.9643173217773 17.8679370880127 17.5106601715088
