inst/extdata/Tmax/Tmax126.asc
NCOLS 100 
NROWS 79 
XLLCORNER 148.06 
YLLCORNER -21.49 
CELLSIZE 0.01 
NODATA_value -3.4e+38 
[rows 0 to 19 of 79, columns 0 to 45 of 100]
33.974163055419901 33.633228302002 32.7212753295898 33.0508689880371 33.1718673706055 33.5563774108887 33.723575592041 33.8647804260254 33.8088188171387 33.6293182373047 33.1753921508789 32.9685707092285 32.878589630127 31.7283191680908 32.1640968322754 32.5348281860352 32.8680114746094 32.825252532959 32.0717620849609 31.4521732330322 31.3073635101318 30.4404182434082 30.8219909667969 31.9670066833496 32.4066467285156 32.6119804382324 32.4790077209473 32.5073547363281 32.2125968933105 31.868522644043 31.0768985748291 29.3779182434082 30.5196361541748 30.4314117431641 29.3404388427734 28.3225994110107 28.2239360809326 27.899829864502 28.6032371520996 30.3086376190186 31.737190246582 32.0011901855469 32.7162475585938 33.0527877807617 33.2342758178711 33.3752288818359
33.8059463500977 33.2935905456543 32.5639801025391 32.6406898498535 32.0925254821777 32.9428215026855 33.4639625549316 33.7529640197754 33.8575820922852 33.7296485900879 33.3956985473633 33.0887794494629 33.1786422729492 32.7752304077148 32.6082000732422 32.4883117675781 32.846321105957 32.8605651855469 31.9361991882324 31.3774127960205 31.8455276489258 31.6009864807129 31.4865455627441 31.8729972839355 32.2788009643555 32.4260215759277 32.656177520752 32.5946922302246 32.3866920471191 32.1793594360352 31.4136066436768 30.1407051086426 31.1834812164307 30.79958152771 30.1835441589355 29.2967872619629 28.8846797943115 29.2177581787109 30.2174339294434 31.2724838256836 32.689811706543 33.0971527099609 33.2420463562012 33.2609214782715 33.3316345214844 33.3900756835938
33.7829818725586 32.9933929443359 33.0960922241211 33.2063293457031 32.7612037658691 32.8608016967773 33.2315826416016 33.755199432373 33.9090843200684 33.7642250061035 33.477481842041 33.339672088623 33.2394790649414 33.1732406616211 32.877368927002 32.7243576049805 32.8988914489746 33.0257377624512 32.4819526672363 32.2924003601074 32.1431503295898 31.8297882080078 31.6054191589355 31.7038879394531 32.4586219787598 32.6848068237305 32.5147361755371 32.482105255127 32.463451385498 32.1675910949707 32.2011985778809 31.3022537231445 31.5066509246826 30.3809547424316 30.0941066741943 29.5022945404053 29.0183429718018 28.567569732666 29.5217475891113 30.6489028930664 31.9640865325928 32.9386291503906 33.2714881896973 33.3555526733398 33.3570861816406 33.3330001831055
34.0031471252441 33.6494178771973 33.3183975219727 33.9004898071289 33.394702911377 32.9759216308594 33.325267791748 33.8520736694336 33.9966163635254 33.8510360717773 33.6971130371094 33.6439628601074 33.5282821655273 33.3573875427246 32.9357490539551 32.7611503601074 33.0758438110352 33.1069488525391 32.8854064941406 32.4375114440918 32.1254920959473 31.7631587982178 31.8228549957275 31.7760887145996 32.3021965026855 32.6846771240234 32.3303833007812 32.5616683959961 32.3776435852051 31.6110553741455 32.10302734375 32.1538925170898 31.4642543792725 30.3149013519287 29.7816505432129 28.9648818969727 29.2129516601562 28.7429275512695 28.6333351135254 28.2045516967773 29.6547546386719 32.19384765625 33.103157043457 33.3353004455566 33.1152572631836 33.0390205383301
34.5405006408691 33.9890403747559 33.7459564208984 34.1275672912598 33.8877258300781 33.2529373168945 33.274486541748 33.8831939697266 34.0096168518066 33.6354713439941 33.623649597168 33.8017311096191 33.6659965515137 33.384708404541 33.0250854492188 33.1553993225098 33.2108192443848 32.9542007446289 32.5081977844238 31.8081817626953 31.9677276611328 32.1121444702148 32.2184944152832 32.3852806091309 32.3765411376953 32.0559349060059 32.7158889770508 32.3476600646973 32.2121276855469 31.7488594055176 32.0626525878906 31.8842277526855 31.5891857147217 30.6777172088623 30.1944828033447 30.4708213806152 30.1775074005127 29.665470123291 29.1581115722656 28.4830532073975 28.1791610717773 31.3690719604492 32.8178977966309 33.2399520874023 32.6077308654785 31.9481163024902
34.6867218017578 34.4277229309082 33.7389373779297 34.1464385986328 34.2009506225586 33.7821655273438 33.4944801330566 33.9212226867676 34.0606155395508 33.76708984375 33.6447601318359 33.8853721618652 33.7187995910645 33.4391136169434 32.7979393005371 33.2676162719727 33.1685981750488 32.7325248718262 32.203742980957 31.7983322143555 31.8805351257324 32.1091194152832 32.3889961242676 32.3739318847656 32.6343727111816 32.5189323425293 32.5730590820312 31.8583908081055 31.8416137695312 30.8300132751465 31.4975414276123 31.92555809021 31.9990653991699 31.6838073730469 31.3494701385498 31.2791538238525 30.5029487609863 30.0446243286133 29.7349338531494 28.9693851470947 28.5213813781738 30.9613876342773 32.7035827636719 33.1938095092773 32.7496757507324 30.8107566833496
34.8707580566406 34.5996589660645 34.2250671386719 34.3758888244629 34.3128662109375 33.9333724975586 33.2852210998535 33.8201293945312 33.9876899719238 34.1063919067383 34.033504486084 33.867057800293 33.4401473999023 33.5334243774414 33.4891395568848 33.3367652893066 33.1315078735352 32.5886001586914 32.3738632202148 32.0751724243164 31.5134506225586 31.697883605957 32.1313552856445 32.4833450317383 32.799919128418 32.7152824401855 32.7127227783203 32.1977386474609 31.8487339019775 30.7194213867188 30.7161960601807 30.8165645599365 31.6936893463135 31.8367557525635 31.4029998779297 31.2906608581543 30.7559242248535 29.461446762085 29.6792507171631 29.2613010406494 29.1112976074219 30.7834739685059 32.4985122680664 32.9694976806641 32.7846183776855 31.2248878479004
34.8584098815918 34.7421493530273 34.4587326049805 34.4731140136719 34.4193801879883 34.1466598510742 33.5586891174316 33.4222869873047 33.7156105041504 34.0361061096191 34.1269836425781 33.8272018432617 33.1578712463379 33.3609771728516 33.5694389343262 32.8902397155762 32.823486328125 32.0817451477051 31.9996566772461 31.7645111083984 31.1117286682129 31.5561122894287 31.9612045288086 32.4782676696777 32.9123649597168 32.9100341796875 32.5000991821289 32.0712509155273 31.8904132843018 31.162425994873 29.9106063842773 30.1789417266846 30.4908046722412 31.0394744873047 31.3888740539551 30.8194427490234 30.87770652771 30.0503349304199 29.1057472229004 29.3698902130127 29.5629901885986 30.6315727233887 31.6367988586426 32.6324844360352 32.6097412109375 30.8968658447266
34.6412620544434 34.8398208618164 34.6749725341797 34.613697052002 34.4710235595703 34.2158012390137 33.8457221984863 33.3726997375488 33.533519744873 34.0277557373047 34.1673126220703 34.0992889404297 33.881217956543 33.7200813293457 33.3531150817871 32.5999336242676 32.7700119018555 32.5218811035156 32.6421737670898 31.7422409057617 31.7339248657227 31.5789203643799 31.6670551300049 32.3046875 32.8520202636719 33.0118865966797 32.1189842224121 31.2822608947754 31.3559379577637 31.2594394683838 30.6931133270264 30.1599617004395 29.7449569702148 30.1778907775879 31.0248756408691 30.4457359313965 30.2177391052246 30.1644878387451 29.2707366943359 28.9620227813721 29.1656398773193 29.2551879882812 30.1392154693604 31.6909809112549 32.1658020019531 30.9892387390137
34.3553695678711 34.746021270752 34.8085594177246 34.654655456543 34.4389991760254 34.3071212768555 34.096321105957 33.6279182434082 33.2896347045898 33.9493408203125 34.1676864624023 33.7600288391113 33.0432891845703 33.0972175598145 33.1871223449707 33.1505165100098 33.1653785705566 33.0130844116211 32.7985572814941 32.4851455688477 32.1591987609863 31.5356254577637 31.8482437133789 32.638484954834 33.0564498901367 32.944953918457 32.2550735473633 32.0972480773926 31.6046123504639 31.1084594726562 29.9152717590332 29.5428085327148 30.5565490722656 30.4163360595703 30.2134056091309 29.9852485656738 29.772705078125 30.042552947998 29.5244026184082 28.8150825500488 28.8422660827637 28.3062610626221 29.1241474151611 30.2516555786133 30.5792961120605 29.9987850189209
34.0299377441406 34.3284454345703 34.8282165527344 34.7135200500488 34.5696220397949 34.4742240905762 34.2722930908203 33.8925323486328 33.8640213012695 34.0811576843262 34.2082366943359 33.822566986084 33.4818077087402 32.7345657348633 32.8938751220703 33.165657043457 33.2717361450195 33.4553031921387 33.0040092468262 32.7987937927246 32.397777557373 32.0299835205078 32.0915870666504 32.6275634765625 33.0341567993164 32.9308242797852 32.247875213623 31.5268974304199 30.5623455047607 30.5533695220947 30.2020149230957 30.1425628662109 30.9492950439453 30.6993217468262 29.8420486450195 29.5942687988281 30.0365619659424 29.7593650817871 29.3935546875 28.8672370910645 28.9151248931885 28.6614646911621 28.3390216827393 29.0430164337158 29.4766902923584 29.7982177734375
33.8624610900879 33.9162139892578 34.7953796386719 34.780933380127 34.6780891418457 34.5416259765625 34.3603172302246 34.0174865722656 34.0433578491211 34.3179092407227 34.2523536682129 34.0473518371582 33.6738090515137 33.1758193969727 33.0637092590332 33.3524055480957 33.6404762268066 33.6220703125 33.3547210693359 32.8916625976562 32.3860511779785 32.0522041320801 32.2005844116211 32.33740234375 32.5379676818848 32.8527374267578 31.8952655792236 31.1296234130859 30.5399608612061 30.761547088623 30.8182754516602 30.7311897277832 31.120662689209 30.6084480285645 30.3633308410645 30.2721748352051 29.8600845336914 29.2974052429199 29.788782119751 29.9998359680176 29.5831241607666 29.1488628387451 28.6553363800049 29.0813503265381 29.6061038970947 30.0118045806885
34.0126914978027 34.5009307861328 34.7772979736328 34.7225685119629 34.7204399108887 34.6070404052734 34.456485748291 34.0736999511719 34.1474266052246 34.4399719238281 34.2328109741211 34.1514930725098 33.927562713623 33.9862174987793 33.8776321411133 33.8462715148926 33.8397941589355 33.7528457641602 33.5208549499512 32.9971733093262 32.7198791503906 32.8670387268066 33.1114349365234 33.3264083862305 33.171875 32.7508316040039 32.538200378418 32.0661888122559 31.7056674957275 31.5201759338379 31.5726718902588 31.3665428161621 31.2662086486816 30.7106132507324 30.1686096191406 29.7338104248047 29.2165355682373 30.2605857849121 30.5252571105957 30.466833114624 29.193639755249 29.1156425476074 28.6577835083008 28.3968963623047 29.6499156951904 30.2140350341797
34.4758071899414 34.680965423584 34.7391319274902 34.6417961120605 34.6438026428223 34.6803779602051 34.6073150634766 34.4736175537109 34.2576065063477 34.3810348510742 34.3391571044922 34.2569770812988 34.118766784668 34.0062942504883 33.8890495300293 33.8008193969727 33.9253196716309 33.8313674926758 33.6796455383301 33.5573844909668 33.4455375671387 33.3965644836426 33.186408996582 33.289176940918 32.8490867614746 31.8579597473145 31.7911567687988 31.3917198181152 30.8516731262207 31.5865364074707 31.8432579040527 31.7966556549072 31.0751838684082 30.7783164978027 30.6569538116455 30.5954914093018 30.568323135376 30.2665901184082 30.8474864959717 31.1621208190918 30.6668529510498 30.2293281555176 29.626823425293 29.1087875366211 30.1173801422119 30.6237640380859
33.7005386352539 34.2648849487305 34.7051124572754 34.6207313537598 34.4797668457031 34.5689315795898 34.5125160217285 34.3330497741699 33.9084243774414 33.9443893432617 34.2608680725098 34.0600891113281 33.5317764282227 33.686637878418 33.8562545776367 33.3043785095215 33.7143974304199 33.8875198364258 33.8255920410156 33.7642784118652 33.697193145752 33.2903137207031 32.6589851379395 33.0285987854004 32.8527870178223 32.5807266235352 32.491153717041 32.163688659668 31.8059387207031 32.0468597412109 31.9950408935547 31.736988067627 31.3053379058838 31.5266761779785 31.4819755554199 30.5891742706299 31.1069812774658 30.3049488067627 30.6011257171631 31.3082942962646 31.2808799743652 31.0279884338379 30.3213481903076 29.5421085357666 30.1283874511719 30.8889102935791
32.8249244689941 33.8263778686523 34.5811424255371 34.7022132873535 34.6202239990234 34.5811882019043 34.4630889892578 34.3383026123047 34.1147308349609 33.5996322631836 33.1974105834961 33.9132194519043 33.0853233337402 32.7739562988281 33.6195373535156 33.2598838806152 33.2252960205078 33.6759033203125 33.6922569274902 33.6817016601562 33.6794738769531 33.6426887512207 33.496955871582 33.2574615478516 32.8406829833984 32.4613990783691 32.4597511291504 32.3987693786621 32.3340911865234 32.149730682373 31.9787063598633 31.5850715637207 31.3163681030273 31.9099082946777 31.7852687835693 31.5239181518555 31.5243892669678 30.9854793548584 30.6530647277832 31.2772254943848 31.4498291015625 30.8520317077637 29.6771068572998 28.6472415924072 29.0579986572266 30.6839981079102
33.8151626586914 33.6407585144043 34.2223281860352 34.4038352966309 34.6225738525391 34.5782661437988 34.4450874328613 34.2906951904297 34.1298561096191 33.8366165161133 33.1988296508789 33.597526550293 32.5703163146973 32.3260459899902 33.0460891723633 32.8985214233398 32.2273635864258 33.2798194885254 33.2644691467285 33.2358245849609 33.4734077453613 33.614917755127 33.5097236633301 33.0899429321289 32.2840385437012 31.7334747314453 31.3563766479492 31.6703186035156 32.1808013916016 31.6343879699707 31.4251899719238 30.7153606414795 31.3688220977783 32.1438407897949 31.9627532958984 31.7742366790771 31.8084659576416 31.4035511016846 31.0576782226562 31.3134899139404 31.4915637969971 30.4520664215088 29.5412635803223 29.8239517211914 30.1419887542725 30.6952247619629
33.9328498840332 34.2747421264648 34.3496475219727 34.3526763916016 34.485538482666 34.5317535400391 34.456615447998 34.3594131469727 34.1914978027344 33.7387199401855 33.3492546081543 32.9762115478516 32.5814666748047 32.2307167053223 32.7188377380371 32.5761833190918 32.5864219665527 32.4153442382812 32.1686897277832 32.1450386047363 33.2300872802734 33.4777526855469 33.4481773376465 33.3368644714355 32.7687339782715 31.6882362365723 30.3829498291016 31.1447982788086 31.8830070495605 31.0014801025391 31.3428421020508 31.8701915740967 32.1327323913574 32.3762092590332 32.2861595153809 32.0937957763672 31.6469230651855 30.8834400177002 31.2920112609863 31.4939861297607 31.7785243988037 31.4484176635742 31.3116607666016 31.285572052002 31.2355461120605 30.720775604248
34.1916999816895 34.1633720397949 34.0094528198242 34.102237701416 34.5471954345703 34.430046081543 34.434196472168 34.4067916870117 34.3022384643555 33.9486236572266 32.879524230957 32.9547080993652 32.5380172729492 31.4779472351074 32.1614685058594 31.9395561218262 31.769416809082 31.1288356781006 31.8983554840088 32.2370491027832 33.2492752075195 33.2632369995117 33.3824081420898 33.4701690673828 32.663459777832 31.671070098877 30.6006889343262 31.3164768218994 31.8703422546387 31.412260055542 31.8559856414795 32.2522811889648 32.5932159423828 32.5894012451172 32.1790046691895 31.9337673187256 31.5968761444092 31.347297668457 31.8165225982666 31.886926651001 31.9157238006592 31.8285293579102 31.7163505554199 31.1272888183594 30.3669986724854 30.3290901184082
34.3381462097168 34.3123321533203 34.2877082824707 34.1367034912109 34.5628128051758 34.550708770752 34.4793472290039 34.4123001098633 34.3331489562988 34.2218704223633 33.8964347839355 33.1877021789551 32.3951263427734 31.2854766845703 31.5774993896484 31.5372276306152 31.121509552002 31.3879089355469 31.6131649017334 32.5566940307617 33.2717590332031 32.8753623962402 33.5157089233398 33.3631477355957 32.8069534301758 32.5766716003418 31.5884895324707 31.6863479614258 31.9959926605225 31.8304595947266 32.3748245239258 32.3370094299316 32.7295608520508 32.6559982299805 32.5109977722168 32.2801132202148 31.5168704986572 31.6623020172119 31.8904972076416 31.8786697387695 31.9022941589355 31.7626323699951 31.6942920684814 31.2302093505859 31.1581401824951 31.0376892089844
