inst/extdata/Tmax/Tmax10.asc
NCOLS 100 
NROWS 79 
XLLCORNER 148.06 
YLLCORNER -21.49 
CELLSIZE 0.01 
NODATA_value -3.4e+38 
[rows 20 to 39 of 79, columns 0 to 45 of 100]
35.593395233154297 36.0918197631836 36.2765045166016 35.9982109069824 36.1887054443359 37.0233383178711 36.5488548278809 36.8268890380859 35.6548042297363 35.5660018920898 36.6290130615234 36.1952781677246 35.0820846557617 33.2322463989258 31.9458866119385 31.142692565918 30.8088932037354 32.2612686157227 33.3581466674805 34.2355194091797 34.3744621276855 34.8623542785645 35.0438690185547 35.3979225158691 35.3542747497559 35.108814239502 34.0306816101074 32.0889625549316 33.108772277832 32.9411582946777 34.0956802368164 34.3979034423828 34.4553070068359 34.5282096862793 34.2765045166016 33.986743927002 33.7972183227539 33.5653800964355 32.6933937072754 32.9884567260742 32.789379119873 31.8983669281006 32.6544151306152 32.4495849609375 31.0015201568604 31.1317329406738
36.3602752685547 36.6425437927246 36.6472969055176 36.2632713317871 36.1920890808105 36.1008720397949 35.6839485168457 36.4658660888672 36.7129058837891 36.9647827148438 36.6369819641113 36.6335334777832 36.1161422729492 33.5359535217285 31.8918876647949 31.6751766204834 31.8403167724609 32.5267486572266 33.070068359375 34.1626510620117 34.8526420593262 35.4529762268066 34.5918273925781 35.1052703857422 35.0658378601074 34.7752990722656 34.5080184936523 33.0188522338867 33.1082000732422 34.0477066040039 34.4862937927246 34.2520599365234 34.219051361084 33.0284004211426 32.7389907836914 32.9667434692383 33.9110565185547 32.103099822998 31.6937808990479 31.9964904785156 31.2182903289795 31.8025741577148 31.9982376098633 29.6803188323975 29.6285552978516 30.3848838806152
36.6447792053223 36.9002647399902 36.7062950134277 36.0115394592285 37.2402534484863 36.3264427185059 36.5768089294434 36.2508201599121 36.9477157592773 36.1302299499512 37.218936920166 36.8277015686035 36.6164360046387 35.6565322875977 34.7801132202148 32.9932594299316 31.3145942687988 31.9253578186035 32.3778495788574 34.4229698181152 35.3084411621094 34.4825744628906 34.5501556396484 34.089469909668 33.6280784606934 34.4655990600586 34.3886222839355 34.0465316772461 33.9907531738281 34.0124664306641 33.6631774902344 33.216365814209 32.7195625305176 32.2145156860352 31.5449695587158 32.3650054931641 32.440788269043 31.2748050689697 31.2917613983154 31.2813758850098 29.9441909790039 29.7681694030762 30.3816223144531 31.0508003234863 25.4732227325439 30.1615676879883
36.7922058105469 37.2364654541016 37.7409896850586 36.0235824584961 35.9463844299316 36.7969169616699 35.8587608337402 36.8193664550781 37.0115737915039 36.1077995300293 36.6579055786133 36.5280799865723 36.7429237365723 35.8048133850098 33.9191398620605 32.9439697265625 31.7340488433838 32.0528373718262 32.7645683288574 33.7829818725586 34.3272819519043 34.939567565918 34.1783065795898 32.8647155761719 33.3730964660645 33.5079040527344 33.4918670654297 34.3771476745605 34.682991027832 34.4450378417969 34.0972442626953 33.0747489929199 32.4305305480957 32.6079444885254 33.103084564209 32.7736549377441 30.5383148193359 30.1288890838623 30.7047786712646 30.9713115692139 29.5104904174805 29.12477684021 28.8077774047852 27.2531089782715 28.5026397705078 28.8102512359619
36.9944953918457 36.8702507019043 36.6832466125488 37.3991241455078 37.4870529174805 37.165225982666 35.9300842285156 36.9941711425781 35.5554313659668 35.7752113342285 35.8072776794434 35.5540924072266 35.3724670410156 35.7051239013672 34.1529235839844 32.6391639709473 31.8991432189941 31.7647953033447 32.9096298217773 33.0947418212891 34.5136795043945 34.8028869628906 32.1599197387695 31.8809032440186 32.2198638916016 32.587329864502 32.8765411376953 34.1659393310547 34.5406608581543 33.9639472961426 34.3659973144531 33.9441833496094 33.8437767028809 33.674186706543 33.1508674621582 32.7472953796387 32.086597442627 31.173433303833 29.947998046875 29.3527812957764 28.0054187774658 26.9718208312988 27.6984920501709 29.8265647888184 24.6245231628418 24.4768562316895
37.4549560546875 37.1670684814453 37.6126136779785 36.9502601623535 37.4626197814941 37.3154487609863 37.1698875427246 36.9367561340332 36.7646675109863 35.3740539550781 36.4030151367188 35.6944999694824 34.8904075622559 35.0010604858398 35.0040702819824 34.820629119873 33.5266952514648 33.2815170288086 33.9747772216797 34.6660346984863 33.9991264343262 32.4117317199707 31.872465133667 30.5873374938965 31.357946395874 32.306079864502 32.3652229309082 33.2888107299805 34.3313980102539 34.1852569580078 32.5863418579102 33.5537147521973 33.3714828491211 33.3896064758301 32.9696769714355 32.6546897888184 32.0507583618164 30.7898902893066 28.2961940765381 28.8947048187256 27.2508411407471 28.4553337097168 30.0313301086426 29.5889072418213 24.7463130950928 23.8253498077393
35.4992294311523 36.7044906616211 37.7438697814941 37.5035781860352 37.3793411254883 37.2129707336426 37.0892372131348 37.0972480773926 36.8093719482422 35.5307540893555 35.0836296081543 35.2583656311035 35.088939666748 34.7849197387695 34.8330001831055 33.7882537841797 32.9843711853027 33.1444358825684 34.0799942016602 33.9507522583008 33.6869163513184 34.0638847351074 32.9065093994141 31.4248638153076 30.8394298553467 31.6760406494141 33.0478668212891 34.3132476806641 33.7592926025391 33.9441871643066 33.1883354187012 32.9584884643555 33.2537498474121 32.7133331298828 32.6568870544434 31.8511238098145 30.507194519043 30.7542457580566 26.0346546173096 24.2408123016357 26.8821353912354 24.4681377410889 29.278491973877 25.7044544219971 27.9531707763672 23.5457019805908
35.6713180541992 35.2833862304688 36.4201774597168 37.280029296875 37.2330207824707 37.1056289672852 37.280689239502 37.3999671936035 36.9980773925781 36.258373260498 35.7859230041504 35.0712966918945 34.902458190918 35.2902145385742 33.6629219055176 33.7585716247559 33.2962341308594 32.8574676513672 33.2123413085938 33.2980918884277 33.4850692749023 33.6475486755371 33.1640472412109 31.9004726409912 31.724910736084 32.0063247680664 31.5262813568115 34.1350479125977 34.5157089233398 33.2382164001465 32.9910926818848 33.0585784912109 33.3651885986328 32.4928131103516 32.1414604187012 31.2752323150635 29.6997852325439 30.1250839233398 29.8526210784912 28.4592170715332 27.2384128570557 27.719144821167 27.532735824585 24.927604675293 24.2501277923584 23.8679752349854
34.4653816223145 34.8972969055176 35.4876289367676 36.3984718322754 37.4346961975098 36.9199371337891 37.336555480957 36.9780158996582 36.9821968078613 36.0073585510254 36.088005065918 35.2557983398438 35.5594253540039 35.5426445007324 35.2280082702637 32.9920997619629 32.9546966552734 32.7034721374512 33.1109657287598 34.1451530456543 33.0185928344727 33.5637664794922 32.5203514099121 31.4654636383057 31.7200870513916 32.0789222717285 32.1262245178223 32.9790992736816 33.7476005554199 33.6458549499512 33.7639350891113 32.8120803833008 32.364444732666 31.1262950897217 30.347225189209 29.3681488037109 29.6287174224854 29.6915702819824 29.8554935455322 27.3344268798828 24.3844413757324 24.4680023193359 27.8147525787354 24.1840476989746 24.4044990539551 24.2998695373535
33.3414039611816 34.0645484924316 34.6763496398926 35.3816070556641 36.7919387817383 36.8098793029785 36.1486549377441 37.3173370361328 37.1048164367676 36.7426834106445 35.6270179748535 36.0483016967773 35.397705078125 35.1248550415039 35.7003898620605 35.4423027038574 35.0073661804199 33.1144905090332 33.4243545532227 33.4295692443848 33.4074211120605 33.518856048584 33.0445785522461 32.0051193237305 31.7820262908936 31.8001499176025 31.361608505249 32.9553184509277 33.8698043823242 33.3524703979492 33.9982490539551 32.4765129089355 31.4105758666992 31.2351188659668 30.7000846862793 30.2157592773438 30.1812763214111 29.5435829162598 28.8621921539307 28.5127048492432 29.9095191955566 29.9159774780273 27.3249835968018 27.1473159790039 24.6248378753662 25.5159893035889
33.8920555114746 34.5664253234863 34.686637878418 35.4205932617188 35.7363929748535 35.5315475463867 35.722469329834 36.7646446228027 36.7185134887695 36.2196311950684 36.6917610168457 36.6208076477051 36.6655387878418 35.8608665466309 35.8912391662598 35.8574638366699 34.5963516235352 34.0312614440918 33.0610504150391 33.474048614502 33.3212280273438 32.8158226013184 32.5566864013672 32.1606826782227 31.5775566101074 30.8201026916504 31.2665405273438 33.1994209289551 33.6187896728516 33.7893142700195 34.0805740356445 34.2561416625977 32.5671997070312 31.3090152740479 30.5912685394287 31.3472309112549 30.9656295776367 30.2658252716064 29.3914985656738 29.4821395874023 31.5063056945801 31.3655452728271 30.9610118865967 30.0430889129639 26.7973518371582 26.0202140808105
34.9676704406738 34.8928718566895 35.7663497924805 36.5949325561523 37.0863876342773 35.800220489502 35.869556427002 37.13232421875 37.0855903625488 36.4123916625977 36.822395324707 36.4820365905762 36.4464340209961 36.0715408325195 35.1350746154785 35.45458984375 33.1512222290039 31.8224468231201 33.1408805847168 32.7884674072266 32.7916145324707 33.0224189758301 32.4641761779785 32.1974754333496 31.790958404541 31.8024520874023 32.2764701843262 33.5854988098145 34.283561706543 33.2883186340332 33.7669143676758 33.7924728393555 34.1035461425781 33.2144927978516 32.5338859558105 31.3651275634766 31.5271148681641 31.5885848999023 31.1702175140381 32.6905899047852 31.7059669494629 31.2274875640869 26.0591259002686 27.6625804901123 25.2456398010254 24.4738731384277
34.5042266845703 35.8836402893066 35.7443313598633 35.8410682678223 37.0187683105469 36.2051582336426 36.8166313171387 36.4617118835449 37.034252166748 36.0181732177734 37.0019836425781 36.5091972351074 36.4975128173828 35.9109344482422 35.5162925720215 34.9978218078613 34.9556045532227 33.2157287597656 31.9995136260986 32.2938919067383 32.3861694335938 32.98046875 32.3647193908691 32.4380149841309 32.0626106262207 31.9082851409912 33.7795333862305 33.9384155273438 33.8147201538086 35.2534828186035 33.9044761657715 33.3756866455078 34.6174697875977 34.4898834228516 33.7703666687012 33.0824890136719 32.7334289550781 32.6802825927734 32.2190132141113 32.3974914550781 31.4997367858887 28.8357715606689 24.0519542694092 24.424976348877 24.6082878112793 23.2233371734619
35.2374000549316 35.4070243835449 35.9884414672852 34.9401664733887 35.4855842590332 34.4449577331543 35.1456336975098 36.4748420715332 36.9859619140625 36.781867980957 37.1023139953613 36.3490982055664 36.206916809082 36.2726440429688 35.6744003295898 35.4544105529785 35.8246231079102 35.3282661437988 34.5977401733398 34.1341323852539 32.8536071777344 32.640941619873 33.1522674560547 32.8243713378906 32.4448127746582 32.054271697998 33.7422142028809 34.5983390808105 34.1468963623047 34.307731628418 34.0880966186523 32.8764190673828 32.6089324951172 32.6367263793945 33.0939521789551 33.3240280151367 33.351806640625 33.8082847595215 33.3622970581055 33.5013236999512 31.7767906188965 27.0882358551025 25.4874649047852 25.8138370513916 25.5681648254395 24.4559078216553
35.775447845459 36.1673927307129 35.9058227539062 34.0638465881348 34.7617645263672 35.8559875488281 35.0837631225586 36.4960174560547 36.8703346252441 36.5115699768066 36.9705924987793 36.7003631591797 37.0498428344727 36.5737533569336 36.1733474731445 36.0032157897949 35.7128448486328 35.3613624572754 34.9261894226074 33.9300308227539 32.4466590881348 33.5119132995605 33.9219169616699 32.7544441223145 32.3362083435059 32.3016586303711 32.3089408874512 33.7186622619629 33.5363845825195 32.6048469543457 33.5930366516113 32.5224685668945 32.0900268554688 32.1023101806641 31.7943344116211 32.0517959594727 32.6872901916504 32.2613754272461 32.9174118041992 32.6662292480469 30.9792995452881 30.7419853210449 27.9048671722412 27.2369422912598 26.4679641723633 26.323600769043
35.5130348205566 36.847339630127 35.9057884216309 35.0580673217773 33.499584197998 35.826717376709 37.2390975952148 35.3753814697266 36.3602180480957 36.966667175293 36.8759765625 36.7449340820312 36.2564468383789 36.4187965393066 36.0766906738281 36.2438926696777 35.3111190795898 34.8776779174805 34.7791137695312 34.175968170166 33.0828857421875 33.7282562255859 32.8527679443359 31.4348773956299 31.8632583618164 31.4950923919678 33.071605682373 32.3826332092285 32.0084533691406 29.3742294311523 31.3509387969971 31.9567489624023 32.272575378418 31.9281349182129 31.9026107788086 30.9751396179199 31.2457427978516 31.6147155761719 32.5736274719238 31.9051399230957 27.031307220459 26.6877193450928 26.4833755493164 27.0838775634766 26.7406368255615 25.4385738372803
36.1015205383301 35.2449951171875 36.564826965332 35.825309753418 35.669620513916 35.6908493041992 35.7238388061523 35.8213958740234 35.9827575683594 37.3168640136719 37.3344650268555 36.7909927368164 36.696662902832 36.967357635498 36.7249488830566 35.5888710021973 34.9858360290527 34.9383239746094 34.9246139526367 34.8976821899414 34.2289581298828 33.1862754821777 32.0737686157227 31.7961196899414 32.0964050292969 32.7838478088379 33.4939460754395 32.6181259155273 32.2622184753418 30.3308181762695 30.0201358795166 29.0536060333252 30.5463790893555 31.9027652740479 31.7723045349121 29.8729362487793 29.8719997406006 29.4990215301514 29.3184146881104 25.7961044311523 25.8093376159668 24.9549713134766 25.5767021179199 26.6022281646729 26.6139392852783 24.8334350585938
35.4292449951172 34.9409141540527 36.2528228759766 35.0477256774902 35.1872863769531 35.192253112793 33.9769668579102 34.7826843261719 35.8186683654785 36.1630897521973 36.9227256774902 36.9701194763184 36.8727645874023 36.3896713256836 36.7262496948242 36.6214218139648 35.947135925293 34.6665306091309 35.1830825805664 34.7220039367676 34.5470733642578 33.7883148193359 32.2373085021973 32.0981712341309 31.4927444458008 32.2214736938477 33.2863960266113 32.3447494506836 32.5726470947266 32.3369369506836 32.3223037719727 31.2339057922363 30.8289222717285 29.5325031280518 25.3330860137939 24.0068359375 24.1618213653564 23.9243144989014 23.8650512695312 24.1715145111084 24.3941917419434 24.5273990631104 24.852668762207 25.8196239471436 26.1455936431885 25.6348094940186
35.4232978820801 34.8048667907715 34.8487586975098 36.0504722595215 35.7275848388672 35.8228225708008 34.3661460876465 33.481761932373 34.4561424255371 35.4194755554199 36.7489051818848 37.1233596801758 37.0558166503906 36.8981437683105 35.8161163330078 35.3926124572754 35.4143218994141 35.047119140625 35.5160369873047 35.3917045593262 35.3684539794922 34.0593299865723 33.3064994812012 32.9721755981445 31.9998321533203 32.7970085144043 32.5545692443848 32.7478179931641 30.9797821044922 32.0030708312988 31.1907043457031 31.027042388916 31.4868316650391 30.7648601531982 29.1915397644043 23.7149753570557 23.2229385375977 23.1432132720947 22.8826389312744 23.4982986450195 24.2215938568115 25.7393589019775 24.3137378692627 25.6170692443848 25.0440845489502 24.8555927276611
35.0406684875488 34.534122467041 35.7788696289062 35.7353935241699 36.0003890991211 35.1008987426758 34.7426338195801 34.0640640258789 34.9736061096191 34.419750213623 35.3959312438965 36.9245834350586 36.667781829834 36.4735908508301 35.7950286865234 36.0766334533691 34.4115371704102 34.6665344238281 35.1002235412598 34.9327659606934 35.0220909118652 34.3766098022461 34.4325714111328 33.8106918334961 32.5819816589355 32.5114364624023 32.1697654724121 32.100887298584 32.6042518615723 31.5918064117432 30.4831638336182 29.6479206085205 31.7762775421143 31.8855686187744 31.957914352417 29.4324226379395 26.4963264465332 26.0693855285645 24.9281311035156 23.8271102905273 24.714527130127 24.6595802307129 24.7878894805908 25.2593841552734 25.1312408447266 24.7380123138428
