inst/extdata/Tmax/Tmax143.asc
NCOLS 100 
NROWS 79 
XLLCORNER 148.06 
YLLCORNER -21.49 
CELLSIZE 0.01 
NODATA_value -3.4e+38 
[rows 0 to 19 of 79, columns 0 to 45 of 100]
35.672420501708999 35.2822914123535 34.2283401489258 34.620246887207 34.770637512207 35.231819152832 35.440128326416 35.6188621520996 35.5638999938965 35.362117767334 34.8354072570801 34.6018943786621 34.506217956543 33.1625289916992 33.6836738586426 34.1315841674805 34.5384063720703 34.4990844726562 33.6152076721191 32.8930130004883 32.7317199707031 31.7964496612549 32.1782913208008 33.5451583862305 34.0826454162598 34.3417434692383 34.1948623657227 34.2417449951172 33.8993263244629 33.4977035522461 32.5610885620117 30.8861751556396 31.9189033508301 31.8244876861572 30.8537273406982 29.9882736206055 29.8905143737793 29.5857276916504 30.1793117523193 31.6436500549316 33.4106140136719 33.7383003234863 34.6351623535156 35.0494995117188 35.2670669555664 35.4327430725098
35.4772567749023 34.8874778747559 34.0471267700195 34.1440925598145 33.5149269104004 34.5134162902832 35.135009765625 35.4875717163086 35.6232566833496 35.4825897216797 35.097297668457 34.7449150085449 34.862361907959 34.395320892334 34.2082786560059 34.0769195556641 34.5128784179688 34.541332244873 33.4548072814941 32.8047370910645 33.3678588867188 33.0885429382324 32.9630393981934 33.4326362609863 33.9286994934082 34.117301940918 34.4070358276367 34.3456954956055 34.1076812744141 33.8703575134277 32.9622802734375 31.5295333862305 32.7096786499023 32.2616348266602 31.5640754699707 30.8122291564941 30.4587802886963 30.7396602630615 31.5789260864258 32.8421592712402 34.6308860778809 35.1350212097168 35.306468963623 35.3199462890625 35.3978500366211 35.460033416748
35.4526062011719 34.5396728515625 34.6675796508789 34.8050498962402 34.2939910888672 34.4188919067383 34.8628997802734 35.4916839599609 35.685905456543 35.5249061584473 35.1953811645508 35.0431709289551 34.9353523254395 34.867862701416 34.5276222229004 34.3569602966309 34.5756988525391 34.7384567260742 34.101993560791 33.8875617980957 33.7209243774414 33.3595123291016 33.1035346984863 33.2308387756348 34.1434097290039 34.4272804260254 34.2355499267578 34.2086563110352 34.1986465454102 33.8545913696289 33.9074020385742 32.8390464782715 33.0956192016602 31.761043548584 31.484375 30.982629776001 30.5685348510742 30.1856803894043 30.9835834503174 32.0703277587891 33.7238082885742 34.946891784668 35.3535461425781 35.4477043151855 35.438777923584 35.397891998291
35.7034111022949 35.2971000671387 34.9185485839844 35.6120223999023 35.0262489318848 34.544506072998 34.9637680053711 35.59716796875 35.7804679870605 35.618408203125 35.4464950561523 35.3946571350098 35.2683258056641 35.0762252807617 34.5861320495605 34.3897132873535 34.7751274108887 34.8238334655762 34.5709686279297 34.0484390258789 33.6881256103516 33.2682914733887 33.3494262695312 33.3042678833008 33.9431228637695 34.4138946533203 34.0004348754883 34.2906379699707 34.0813255310059 33.1723289489746 33.774845123291 33.8484497070312 33.0302391052246 31.6683197021484 31.2099990844727 30.5169525146484 30.7239379882812 30.3250885009766 30.2272243499756 29.8344879150391 31.0503120422363 34.003547668457 35.1392364501953 35.4182472229004 35.1323852539062 35.0258369445801
36.3423461914062 35.6987190246582 35.4219589233398 35.8829193115234 35.6091079711914 34.8707466125488 34.9054298400879 35.6356048583984 35.7972755432129 35.3631248474121 35.3600845336914 35.583667755127 35.4332313537598 35.1093368530273 34.6926536560059 34.8587532043457 34.9363021850586 34.6415710449219 34.1215286254883 33.3014793395996 33.5004653930664 33.6824226379395 33.8198738098145 34.0302391052246 34.0311851501465 33.658821105957 34.4624633789062 34.0316734313965 33.8805694580078 33.3358917236328 33.7243499755859 33.5215110778809 33.1782646179199 32.0981025695801 31.5560417175293 31.8718795776367 31.5373363494873 31.1039485931396 30.6741523742676 30.086051940918 29.8023052215576 32.9698143005371 34.7914276123047 35.3090286254883 34.5044555664062 33.6606254577637
36.519458770752 36.2209587097168 35.4157295227051 35.9073524475098 35.9827041625977 35.4961967468262 35.1661720275879 35.6822509765625 35.8593940734863 35.5207328796387 35.3861770629883 35.6843605041504 35.4969100952148 35.1746826171875 34.4234771728516 34.9927597045898 34.8860054016113 34.3775024414062 33.7598876953125 33.2895202636719 33.3966293334961 33.6782836914062 34.0226745605469 34.0157852172852 34.339183807373 34.2123374938965 34.289249420166 33.4434051513672 33.4343414306641 32.2376327514648 33.0441017150879 33.569149017334 33.6692581176758 33.3011436462402 32.9103660583496 32.8369216918945 31.9178771972656 31.4217281341553 31.159725189209 30.5114727020264 30.1084899902344 32.4650344848633 34.6579360961914 35.2610855102539 34.6925239562988 32.2322959899902
36.7424926757812 36.4284362792969 35.9925498962402 36.1824188232422 36.1179084777832 35.6770629882812 34.9208641052246 35.5634841918945 35.7736625671387 35.9265060424805 35.850715637207 35.6632614135742 35.1654205322266 35.2876091003418 35.2460174560547 35.0754432678223 34.8418197631836 34.2063217163086 33.9615516662598 33.6171226501465 32.9615325927734 33.1892776489258 33.7145843505859 34.145751953125 34.5366706848145 34.4467468261719 34.4555969238281 33.8485679626465 33.441276550293 32.1046295166016 32.1102981567383 32.239444732666 33.2994041442871 33.4827613830566 32.9721221923828 32.8480110168457 32.2174911499023 30.9253444671631 31.1100234985352 30.7563400268555 30.6240406036377 32.251636505127 34.4099807739258 34.9900817871094 34.7458114624023 32.7656326293945
36.7301330566406 36.6012916564941 36.2728500366211 36.3004760742188 36.246898651123 35.9322471618652 35.244945526123 35.0935020446777 35.4511337280273 35.8435974121094 35.9633941650391 35.6164169311523 34.8305892944336 35.082576751709 35.3421783447266 34.5439147949219 34.4750137329102 33.6052474975586 33.5175933837891 33.2487258911133 32.486701965332 33.0206413269043 33.5112075805664 34.138671875 34.6703796386719 34.6792831420898 34.1985664367676 33.6953353881836 33.4895210266113 32.6299133300781 31.3073043823242 31.532039642334 31.8593635559082 32.5233345031738 32.9525108337402 32.2804298400879 32.3604164123535 31.4213104248047 30.6215896606445 30.8459587097168 31.0097999572754 32.0713043212891 33.3320045471191 34.5766372680664 34.5359420776367 32.3634986877441
36.4620628356934 36.7093276977539 36.5225982666016 36.4597053527832 36.2995834350586 36.0054931640625 35.575439453125 35.0253067016602 35.2253112792969 35.823558807373 36.0013427734375 35.9309425354004 35.681324005127 35.4998970031738 35.0730133056641 34.1883277893066 34.39990234375 34.1152725219727 34.2684555053711 33.2104759216309 33.2098617553711 33.0352249145508 33.1490821838379 33.9182548522949 34.584602355957 34.7880706787109 33.7279167175293 32.7393684387207 32.8368759155273 32.7316741943359 32.0670471191406 31.5065898895264 31.1549873352051 31.5228748321533 32.5009651184082 31.8191070556641 31.5567035675049 31.5094375610352 30.7529258728027 30.4917945861816 30.6651611328125 30.7359561920166 31.4691143035889 33.3861618041992 33.974048614502 32.4780960083008
36.1241302490234 36.5995826721191 36.6824836730957 36.5106964111328 36.2631301879883 36.1160354614258 35.8748397827148 35.328483581543 34.9378128051758 35.7310256958008 36.0026092529297 35.5263366699219 34.6845664978027 34.7585067749023 34.8755989074707 34.8424682617188 34.8705253601074 34.6995697021484 34.4543685913086 34.0914306640625 33.7137756347656 32.9831962585449 33.3633880615234 34.3162803649902 34.828556060791 34.7060546875 33.889347076416 33.7109298706055 33.1319427490234 32.5498886108398 31.2985534667969 30.979248046875 31.9206466674805 31.7630023956299 31.5506591796875 31.3579196929932 31.1746158599854 31.4039192199707 30.9656543731689 30.364896774292 30.388916015625 29.9304962158203 30.6132202148438 31.590970993042 31.9837455749512 31.2700157165527
35.7411651611328 36.1036567687988 36.7017440795898 36.5830116271973 36.4210739135742 36.3172721862793 36.0861358642578 35.643871307373 35.6200637817383 35.8892974853516 36.0519180297852 35.6016082763672 35.2059555053711 34.3289451599121 34.5273590087891 34.8605651855469 34.9973030090332 35.2274322509766 34.6989898681641 34.4646301269531 33.9969024658203 33.568920135498 33.6519432067871 34.3020439147949 34.8003311157227 34.6874542236328 33.8791160583496 33.0276145935059 31.8903369903564 31.8883209228516 31.5387763977051 31.4853591918945 32.3861503601074 32.0973510742188 31.2330265045166 31.0237216949463 31.3958263397217 31.1617240905762 30.8525199890137 30.4066581726074 30.4477825164795 30.2291717529297 29.9532928466797 30.5328979492188 30.8743133544922 31.1171283721924
35.5458183288574 35.6174697875977 36.6612701416016 36.6563377380371 36.5510482788086 36.399486541748 36.192699432373 35.7938385009766 35.8348121643066 36.1732940673828 36.1054801940918 35.8707237243652 35.4352073669434 34.8525619506836 34.7292442321777 35.0831680297852 35.4377632141113 35.4266319274902 35.1175918579102 34.5748634338379 33.982250213623 33.5944938659668 33.7807846069336 33.9539794921875 34.2040977478027 34.5920753479004 33.455810546875 32.5529937744141 31.8619785308838 32.1333885192871 32.2096672058105 32.1147384643555 32.5883102416992 31.9864883422852 31.7035598754883 31.6038722991943 31.2438983917236 30.7674732208252 31.1847972869873 31.3640594482422 31.0114727020264 30.6399803161621 30.2218475341797 30.5763816833496 30.9937877655029 31.3051624298096
35.7252655029297 36.3120613098145 36.6374282836914 36.5866508483887 36.5957183837891 36.4783973693848 36.3090782165527 35.862060546875 35.9600677490234 36.3203544616699 36.0828094482422 35.9958648681641 35.7386016845703 35.8193092346191 35.7000617980957 35.6732406616211 35.6760902404785 35.5827941894531 35.3158416748047 34.7002067565918 34.3793907165527 34.565258026123 34.8683967590332 35.1370048522949 34.9625053405762 34.4681777954102 34.2236251831055 33.6684226989746 33.2470817565918 33.0350723266602 33.1074180603027 32.8702735900879 32.7597808837891 32.105583190918 31.5049171447754 31.137077331543 30.6949996948242 31.605281829834 31.9306392669678 31.8704490661621 30.6786613464355 30.6093635559082 30.221529006958 30.0007572174072 31.0421237945557 31.5494003295898
36.2603530883789 36.5035438537598 36.5808639526367 36.4815483093262 36.4952430725098 36.5483283996582 36.4757766723633 36.329833984375 36.081600189209 36.2394332885742 36.1996383666992 36.111213684082 35.9562339782715 35.8321304321289 35.7023696899414 35.6073341369629 35.7665061950684 35.6646842956543 35.4936714172363 35.3579216003418 35.2346267700195 35.1862030029297 34.9450263977051 35.0788917541504 34.5618743896484 33.3868789672852 33.3161239624023 32.8492279052734 32.2158317565918 33.1000785827637 33.4168739318848 33.370418548584 32.5165405273438 32.1712646484375 32.0356903076172 31.9716091156006 31.9479751586914 31.5973148345947 32.3008270263672 32.6882362365723 32.1038665771484 31.5895175933838 31.0349979400635 30.5964908599854 31.4616889953613 32.0628356933594
35.3510284423828 36.0259857177734 36.5386543273926 36.453971862793 36.3049278259277 36.4178123474121 36.364070892334 36.1628684997559 35.6661262512207 35.7186584472656 36.1065902709961 35.8762054443359 35.2558937072754 35.4503936767578 35.6631813049316 35.0144195556641 35.5137405395508 35.7314338684082 35.6678161621094 35.6049537658691 35.5351638793945 35.0578079223633 34.3126602172852 34.7651062011719 34.5647659301758 34.2490539550781 34.1513977050781 33.7691459655762 33.3507919311523 33.6487770080566 33.5964698791504 33.2964019775391 32.7892036437988 33.0639114379883 33.0201530456543 31.961799621582 32.5897178649902 31.6404933929443 32.0031967163086 32.8608322143555 32.8516731262207 32.5515632629395 31.705638885498 30.962215423584 31.4906101226807 32.4081039428711
34.3261489868164 35.5086975097656 36.3940391540527 36.5428771972656 36.4609107971191 36.427864074707 36.3038291931152 36.1702690124512 35.9129867553711 35.3092193603516 34.8410987854004 35.7012786865234 34.7256126403809 34.3654365539551 35.3803977966309 34.9612884521484 34.929271697998 35.477596282959 35.5074615478516 35.5051727294922 35.5129089355469 35.4788398742676 35.3146171569824 35.0379257202148 34.5487098693848 34.1045417785645 34.1119537353516 34.0487518310547 33.9810905456543 33.7698364257812 33.5745735168457 33.1123847961426 32.800407409668 33.5214729309082 33.381763458252 33.0778312683105 33.0878257751465 32.4510154724121 32.0624732971191 32.8203125 33.0619201660156 32.3286170959473 31.0739879608154 30.2009029388428 30.5508689880371 32.1619186401367
35.4900283813477 35.2915229797363 35.981876373291 36.1995506286621 36.459659576416 36.4205322265625 36.279239654541 36.1144943237305 35.9319839477539 35.591869354248 34.8433532714844 35.3254508972168 34.116096496582 33.8357315063477 34.6973915100098 34.531135559082 33.7432441711426 35.0037155151367 34.995174407959 34.9708023071289 35.2650718688965 35.4443511962891 35.3285522460938 34.8357162475586 33.8813896179199 33.2338485717773 32.7931480407715 33.1757774353027 33.795280456543 33.1510848999023 32.9104118347168 32.072681427002 32.8610343933105 33.8000450134277 33.5924072265625 33.3757629394531 33.4263763427734 32.949592590332 32.5440711975098 32.8606452941895 33.1056632995605 31.8458786010742 30.9570274353027 31.198314666748 31.5018749237061 32.1875991821289
35.6280746459961 36.0267944335938 36.1228942871094 36.1373062133789 36.2996673583984 36.3634757995605 36.288158416748 36.188777923584 36.0064697265625 35.4761009216309 35.0223007202148 34.5881500244141 34.1294364929199 33.7231369018555 34.3088798522949 34.1483154296875 34.1685791015625 33.974178314209 33.6900634765625 33.6705093383789 34.9728927612305 35.2788276672363 35.2534255981445 35.1300773620605 34.4594039916992 33.1783561706543 31.6599216461182 32.5482444763184 33.4372253417969 32.3947715759277 32.8102416992188 33.449764251709 33.774341583252 34.0767478942871 33.9784622192383 33.7570724487305 33.2293434143066 32.3232040405273 32.8221397399902 33.0742835998535 33.4683570861816 33.0678787231445 32.9178352355957 32.9116096496582 32.8738708496094 32.2294692993164
35.9091529846191 35.8861770629883 35.721508026123 35.8380126953125 36.3558807373047 36.2336044311523 36.2482223510742 36.2282791137695 36.1204414367676 35.7157402038574 34.4554977416992 34.5518341064453 34.0670547485352 32.825080871582 33.637939453125 33.3835906982422 33.1894454956055 32.4412994384766 33.3575325012207 33.7674331665039 34.9831733703613 35.0088348388672 35.1612968444824 35.2763137817383 34.3199081420898 33.1445579528809 31.8813724517822 32.7388954162598 33.4082260131836 32.8702545166016 33.4094734191895 33.8932266235352 34.3123970031738 34.317684173584 33.8343086242676 33.5492973327637 33.1535301208496 32.8633117675781 33.4363746643066 33.5541801452637 33.6204223632812 33.5360450744629 33.4183006286621 32.678882598877 31.7499961853027 31.7132129669189
36.0717658996582 36.0516624450684 36.0343208312988 35.8730354309082 36.3693885803223 36.3666687011719 36.295238494873 36.2300605773926 36.1511116027832 36.0355072021484 35.6632347106934 34.8283424377441 33.8983039855957 32.5984764099121 32.9488677978516 32.9085273742676 32.4249572753906 32.745922088623 33.0193328857422 34.1466865539551 35.0090446472168 34.5438957214355 35.3195762634277 35.1465492248535 34.4902153015137 34.2241363525391 33.0527229309082 33.1779747009277 33.5566825866699 33.3678512573242 34.0290946960449 33.9925956726074 34.4735679626465 34.3949508666992 34.2304229736328 33.9625625610352 33.0545883178711 33.2383804321289 33.5219573974609 33.5322761535645 33.5911750793457 33.4383697509766 33.377269744873 32.8011360168457 32.7338409423828 32.6032371520996
