inst/extdata/Tmax/Tmax9.asc
NCOLS 100 
NROWS 79 
XLLCORNER 148.06 
YLLCORNER -21.49 
CELLSIZE 0.01 
NODATA_value -3.4e+38 
[rows 20 to 39 of 79, columns 46 to 91 of 100]
19.1962642669678 17.5181732177734 17.1781387329102 18.4083786010742 18.0861129760742 17.7375888824463 16.6878185272217 15.69153881073 17.8940620422363 19.5205345153809 20.1251811981201 20.4811611175537 20.3624210357666 21.0185470581055 19.966365814209 20.4956932067871 20.6741771697998 21.0926856994629 22.308910369873 22.1233615875244 23.9450092315674 26.0959854125977 27.1350421905518 26.7837562561035 25.2801151275635 25.6554412841797 26.3817920684814 24.8468437194824 23.8884696960449 24.7945308685303 23.9827613830566 24.658971786499 25.0428600311279 25.9175548553467 25.6092872619629 24.1623401641846 23.551664352417 23.3972568511963 24.7976665496826 26.1259078979492 25.1414756774902 25.6520347595215 24.8198223114014 24.4213943481445 24.5227813720703 25.2454814910889
21.6825084686279 16.6115798950195 16.170862197876 17.3686904907227 17.1222362518311 16.4392681121826 17.3712520599365 15.9745016098022 16.8603267669678 19.0661563873291 21.1410903930664 18.7660083770752 18.2339763641357 20.3200035095215 18.8440170288086 18.8566951751709 19.654842376709 21.1716213226318 20.9662609100342 21.5721035003662 24.1193866729736 26.4631214141846 21.2085475921631 21.0549011230469 24.4237842559814 26.0427742004395 27.2100410461426 23.699951171875 24.5539455413818 23.4307327270508 23.7485790252686 23.6840667724609 24.2491912841797 23.7248210906982 25.2372512817383 25.0040245056152 24.8859558105469 25.0871257781982 24.2295246124268 27.3836307525635 26.1111183166504 24.8446178436279 23.635046005249 22.912446975708 22.1882514953613 22.4341011047363
22.6600475311279 18.6544170379639 17.2683544158936 16.9907054901123 16.1535243988037 17.1354389190674 16.4489479064941 17.0078105926514 16.3121528625488 17.1439990997314 19.343957901001 19.7168312072754 18.5992279052734 18.5861930847168 18.4461250305176 19.053955078125 19.883882522583 20.4005088806152 19.2646350860596 20.4337501525879 26.0746421813965 24.2831134796143 20.8742599487305 20.0666122436523 20.596715927124 20.7444705963135 23.7802238464355 26.3620681762695 23.1144275665283 25.907621383667 26.8181743621826 28.1373329162598 25.276424407959 24.1543273925781 25.0581798553467 25.5314331054688 26.862756729126 26.4665012359619 27.7091064453125 25.859395980835 24.8332939147949 25.6634063720703 24.8846645355225 24.9686126708984 21.0669651031494 21.180139541626
22.5631923675537 18.4391174316406 18.2171859741211 17.1431541442871 15.2301940917969 16.6776962280273 17.4585914611816 16.8636531829834 16.821081161499 17.043176651001 18.1399059295654 17.5363025665283 18.6180667877197 17.7486877441406 22.0872745513916 23.4880619049072 19.4097423553467 19.8073539733887 18.9016189575195 20.3000507354736 24.7837867736816 23.3643379211426 21.9815845489502 19.3274478912354 20.1436958312988 20.7790813446045 21.028148651123 25.1076698303223 24.5486526489258 23.0029411315918 24.2650413513184 24.466007232666 24.9419841766357 24.5169544219971 24.4464740753174 24.6072998046875 25.493688583374 26.6448307037354 26.9071350097656 26.8311634063721 26.3925113677979 25.8956737518311 24.4751834869385 24.7101364135742 23.0856838226318 20.5346660614014
21.121072769165 21.4366340637207 21.5782871246338 18.2022304534912 17.872688293457 17.0513744354248 16.6524238586426 16.7244853973389 17.4598140716553 16.8319110870361 17.146915435791 16.6518898010254 18.3668518066406 25.2151260375977 18.2506923675537 19.3763599395752 20.2421989440918 20.5430202484131 20.1142444610596 21.5838642120361 24.2758655548096 24.0315341949463 21.1335315704346 20.2405700683594 20.4278469085693 21.0677719116211 20.7348461151123 20.8581943511963 20.8033027648926 24.6839122772217 26.3726863861084 25.6889457702637 24.3170528411865 24.9922428131104 23.6585845947266 23.2151565551758 25.7898101806641 20.8416023254395 25.5606098175049 26.6226673126221 26.9001903533936 24.9029846191406 26.969747543335 25.8974647521973 24.5086669921875 22.3576736450195
16.0303211212158 16.9948444366455 17.8646717071533 17.8005905151367 17.1508102416992 16.2500171661377 15.8586292266846 15.4566774368286 16.6883716583252 17.1869983673096 16.8541011810303 16.8445339202881 18.5261344909668 19.8905277252197 19.8075046539307 19.8264656066895 19.9513168334961 23.1150207519531 24.4450187683105 21.5648078918457 21.4894828796387 21.4357471466064 19.9897060394287 19.8128566741943 20.0498085021973 20.7917613983154 20.839656829834 20.1331882476807 23.5811500549316 21.7941741943359 26.3168849945068 25.3948516845703 26.4714298248291 23.6780242919922 24.3590030670166 23.1661853790283 24.8009414672852 22.8750514984131 23.02392578125 26.5714664459229 22.7557201385498 20.480655670166 20.2625560760498 25.101734161377 25.6684608459473 23.1408710479736
15.8146953582764 15.8588094711304 16.4237899780273 16.9237117767334 17.252779006958 15.0604801177979 14.7655649185181 15.6196460723877 16.2596187591553 17.0019512176514 17.2027645111084 17.8015632629395 19.4881038665771 20.4297370910645 20.5018577575684 20.7487392425537 22.1870174407959 22.3830966949463 22.4103927612305 21.3157272338867 21.0756969451904 22.2962684631348 22.4952430725098 22.1983165740967 24.9547481536865 20.5005187988281 23.0212211608887 22.6935749053955 21.3278999328613 20.7241687774658 20.2201595306396 27.81907081604 23.1300067901611 23.7776641845703 25.3578472137451 24.3518447875977 24.9249210357666 23.7787322998047 21.0800132751465 21.3721084594727 26.3202514648438 24.860071182251 21.2325096130371 20.8334350585938 24.892276763916 24.0878620147705
16.2986736297607 15.6775674819946 15.9044437408447 16.0503311157227 16.5828380584717 14.709189414978 14.4370679855347 14.5304203033447 16.0842247009277 16.9947490692139 16.5025081634521 16.7154769897461 18.1725597381592 19.1980266571045 20.5313186645508 20.143123626709 20.9151954650879 22.442798614502 21.196704864502 20.1472129821777 21.1193237304688 22.3377265930176 24.2853107452393 26.8517475128174 26.4088802337646 26.2733821868896 22.3835620880127 23.4105243682861 21.681697845459 20.84499168396 20.7123394012451 25.9751853942871 24.2806034088135 22.9877128601074 23.751953125 23.8406581878662 23.8615703582764 24.5872325897217 21.3944721221924 20.2304630279541 19.9493923187256 19.5638198852539 23.7241821289062 20.2914409637451 21.2217025756836 23.167236328125
17.1304473876953 16.4447593688965 16.6268062591553 16.1381683349609 16.2398376464844 14.8363056182861 16.0221538543701 15.6272172927856 16.000997543335 16.2138366699219 16.3296489715576 16.6283054351807 16.6913242340088 18.4456176757812 19.8374843597412 19.5083618164062 20.8868885040283 21.8797798156738 21.1226348876953 19.9118118286133 20.1750183105469 24.1872596740723 25.0940380096436 26.8665828704834 26.4376182556152 27.4599437713623 23.78733253479 26.1276206970215 23.529577255249 20.5478038787842 20.6820468902588 24.7854785919189 24.8750820159912 24.5874519348145 22.707462310791 23.4883193969727 24.7516651153564 24.8093719482422 26.7828578948975 23.677490234375 25.8352909088135 24.5020484924316 19.6662979125977 20.2014923095703 25.5202503204346 24.4752388000488
18.057409286499 17.9968299865723 17.3864631652832 17.500509262085 16.7230739593506 16.4068965911865 16.3988742828369 15.2878932952881 15.8399209976196 15.6537141799927 14.9100971221924 16.1719646453857 16.4549388885498 18.3942337036133 19.0766124725342 18.0969562530518 19.5325298309326 20.1129932403564 20.2207088470459 20.5127811431885 20.4087734222412 22.0672435760498 22.6833477020264 25.0401878356934 27.2107715606689 25.2514572143555 25.2525444030762 23.6574420928955 23.9353408813477 20.3533992767334 20.5958938598633 23.2585735321045 24.2449073791504 22.8664970397949 24.4283046722412 22.5163269042969 24.5787105560303 23.2470169067383 25.3672962188721 21.6630935668945 20.5919380187988 20.0933704376221 22.1339855194092 19.4161262512207 21.0906295776367 22.6203422546387
16.8192119598389 16.652681350708 16.8883991241455 16.7142009735107 16.6104507446289 16.670618057251 15.4145679473877 15.3981971740723 14.7590208053589 15.2974653244019 14.2853088378906 15.8177309036255 15.3441982269287 17.1399784088135 18.1823997497559 17.0524978637695 17.4271545410156 19.4892444610596 20.4546413421631 22.0081119537354 21.1428260803223 21.6828689575195 22.7537708282471 23.3430652618408 23.4696636199951 24.0033073425293 24.7969493865967 26.0871257781982 26.2036800384521 24.8333263397217 22.4384326934814 23.668514251709 24.7064743041992 24.1638050079346 26.2926273345947 27.1277542114258 24.0239810943604 22.8453750610352 23.0520915985107 23.8810539245605 23.2287921905518 22.3920154571533 20.2037334442139 24.7439517974854 25.2849216461182 22.2215480804443
15.9790592193604 16.5888042449951 16.7569561004639 16.6795845031738 15.8162822723389 16.7110595703125 15.5814046859741 14.4973726272583 13.850435256958 13.7606201171875 13.8615875244141 14.4409170150757 21.833080291748 17.3648509979248 17.1403102874756 16.9706649780273 18.9742050170898 20.016300201416 20.6477012634277 21.2291870117188 24.3495903015137 23.1275501251221 23.5396099090576 23.0745697021484 23.7218551635742 25.1130847930908 27.2753124237061 24.9221382141113 25.5988254547119 22.5614414215088 20.7974510192871 23.912540435791 24.1361312866211 22.8138160705566 25.3783073425293 27.2220916748047 26.1704616546631 23.0258617401123 23.6151485443115 26.1067314147949 21.6590175628662 20.8985004425049 22.6833839416504 22.2109718322754 24.5802764892578 24.1028156280518
15.8390159606934 16.2478675842285 16.2325019836426 16.5350780487061 16.5402202606201 16.4677581787109 16.3346061706543 15.1948137283325 14.829686164856 14.8879289627075 13.9219512939453 13.9906063079834 14.9567565917969 17.0696048736572 17.0906352996826 18.0687618255615 18.4992332458496 19.0569496154785 20.4684715270996 21.1030044555664 22.5915794372559 22.5503482818604 22.6035995483398 22.3729686737061 23.2314186096191 25.193868637085 27.106071472168 23.821008682251 20.5710697174072 20.6604480743408 20.8008117675781 24.729959487915 26.2557125091553 22.8063144683838 25.2905616760254 26.9638118743896 23.2419452667236 23.2315521240234 24.4391307830811 25.3902397155762 25.7104053497314 25.2145118713379 18.9612846374512 19.92795753479 19.9444923400879 20.2526111602783
16.1141700744629 15.4407348632812 15.682243347168 16.3135509490967 16.4445610046387 16.3777713775635 15.9857168197632 15.5092124938965 15.9736166000366 15.5146493911743 15.1801052093506 15.0634479522705 16.1968822479248 16.8130168914795 16.6269817352295 18.1103191375732 18.9196376800537 19.6622371673584 20.4479827880859 20.7273006439209 23.6016292572021 26.4280681610107 27.7865505218506 21.2780704498291 21.2893180847168 21.3351516723633 21.1051559448242 23.7324409484863 22.7846126556396 24.4029502868652 23.7904586791992 24.2893505096436 23.2642860412598 25.130838394165 25.5174293518066 21.1320972442627 24.3604850769043 24.1457576751709 25.8153820037842 25.8988227844238 22.9741458892822 24.1725540161133 23.4866695404053 22.1285457611084 22.2388954162598 21.7353096008301
17.1654796600342 15.8721780776978 15.7460584640503 15.3924646377563 16.1741981506348 16.073616027832 16.0484161376953 16.7562885284424 16.340913772583 15.5131196975708 16.1308841705322 16.627103805542 17.1236267089844 16.0013828277588 16.4010047912598 17.5741367340088 19.215892791748 20.3245830535889 19.7615509033203 20.9420719146729 23.0429821014404 25.9817504882812 26.6413497924805 21.2137603759766 20.4187431335449 20.7636165618896 21.3501567840576 21.4574871063232 23.0790576934814 23.3321590423584 26.0916862487793 27.4519996643066 28.0419540405273 25.680965423584 26.5997009277344 23.3075008392334 24.3546752929688 24.6752128601074 23.9025783538818 24.9395942687988 25.6237564086914 22.9683132171631 20.5571670532227 23.2928428649902 22.9172668457031 23.7577247619629
16.8789253234863 16.0313377380371 15.7759637832642 15.8118667602539 16.0387134552002 15.931752204895 16.5255794525146 17.7143001556396 23.0069465637207 15.7596464157104 17.9776229858398 18.5767078399658 18.5456237792969 16.2439842224121 17.0426959991455 17.1838645935059 18.6256141662598 19.08522605896 19.0302734375 20.1929759979248 21.0396099090576 21.661018371582 23.4616413116455 26.5928020477295 21.5889072418213 20.9621467590332 20.4409008026123 20.63134765625 23.735725402832 28.0139083862305 24.2495098114014 21.4043292999268 27.1756439208984 25.3132934570312 25.0281658172607 21.7489032745361 23.7625904083252 23.0596046447754 26.7105865478516 26.3384227752686 24.4997234344482 24.5539093017578 24.0267219543457 24.1337642669678 24.2190189361572 25.5753364562988
16.2741641998291 16.0446853637695 15.8211402893066 16.1516208648682 16.2332324981689 16.4210014343262 16.6211051940918 18.536657333374 18.6134815216064 17.0564155578613 19.4418830871582 20.1065559387207 19.7089519500732 18.1937026977539 18.3236045837402 19.0013008117676 19.5849361419678 20.269157409668 20.5731315612793 20.8193035125732 21.1262359619141 21.5254211425781 19.6407165527344 19.7822399139404 20.3671817779541 19.8910446166992 20.3164176940918 26.0820789337158 23.8001480102539 27.4891014099121 20.7327270507812 20.1147766113281 20.8842105865479 24.6041660308838 25.2595310211182 24.0840034484863 22.4799861907959 23.8680438995361 23.5939903259277 24.5667476654053 25.8103771209717 26.6825923919678 26.4974899291992 26.2578868865967 25.0577449798584 25.4099426269531
16.393798828125 17.0860347747803 16.0244216918945 16.5247631072998 16.5960121154785 17.2786331176758 17.7745704650879 21.2112331390381 19.2556648254395 18.9715557098389 20.1107311248779 21.0625400543213 20.3351039886475 19.413122177124 19.5396728515625 20.6757850646973 21.1012859344482 21.1091995239258 22.2834224700928 21.9799957275391 23.4783992767334 21.9287281036377 21.1294593811035 20.5901126861572 20.9335956573486 21.2784786224365 23.931526184082 22.9874286651611 22.8534030914307 23.0861072540283 21.8954238891602 22.8806934356689 21.8362636566162 24.332389831543 21.1581573486328 24.6771297454834 25.6476516723633 25.5128993988037 25.4359683990479 22.8164310455322 23.3896217346191 24.9041061401367 24.0385513305664 25.2256317138672 25.7540740966797 25.8094520568848
17.8462696075439 17.730770111084 16.5540447235107 17.6659717559814 17.7571716308594 18.0746555328369 18.7864875793457 20.1224212646484 19.1282615661621 19.6878929138184 21.5024700164795 23.1125373840332 21.1925773620605 20.281135559082 19.4937763214111 20.4817390441895 20.4071750640869 20.933126449585 21.9093608856201 26.5089092254639 21.8834896087646 22.2412242889404 24.4330310821533 23.7870101928711 23.5802612304688 23.2630214691162 24.9490833282471 24.1992092132568 24.7566566467285 24.2026672363281 22.5899963378906 23.2647476196289 25.1181316375732 24.8583297729492 20.9446887969971 20.2545490264893 20.6735343933105 21.8528728485107 21.3956756591797 23.4478702545166 27.0105133056641 26.5788745880127 23.5861511230469 22.9257583618164 21.4167957305908 21.6057586669922
17.0559310913086 17.08131980896 17.3784980773926 18.8401851654053 19.4239692687988 20.0203762054443 21.133659362793 19.6508960723877 18.7229042053223 19.1899757385254 19.9580421447754 22.0153770446777 21.6045055389404 21.1830635070801 20.1599864959717 22.6486549377441 22.4285926818848 24.5687694549561 26.9711818695068 24.8219413757324 25.0857772827148 23.8549213409424 23.233549118042 23.6445713043213 23.7709941864014 23.3668479919434 23.3441677093506 23.1462497711182 23.6607494354248 24.7452640533447 24.1019649505615 23.5402297973633 21.4489440917969 21.2087593078613 20.1243858337402 23.299919128418 24.5910968780518 21.0413913726807 21.0046443939209 20.8358783721924 20.7058639526367 23.3900489807129 22.9157238006592 24.0787200927734 22.659538269043 22.0916976928711
