inst/extdata/Tmax/Tmax158.asc
NCOLS 100 
NROWS 79 
XLLCORNER 148.06 
YLLCORNER -21.49 
CELLSIZE 0.01 
NODATA_value -3.4e+38 
[rows 20 to 39 of 79, columns 0 to 45 of 100]
38.235969543457003 38.2879219055176 38.3154029846191 38.3013763427734 38.3476219177246 38.5065879821777 38.4285507202148 38.371452331543 38.321174621582 38.2383651733398 38.0548095703125 37.6001319885254 37.0967254638672 36.3608245849609 34.8314514160156 34.3490905761719 34.2690658569336 35.4498710632324 36.7046394348145 37.2352409362793 37.2749977111816 37.3015060424805 37.7175750732422 37.7674903869629 37.6075668334961 37.2906379699707 36.5780944824219 35.5173416137695 36.166919708252 36.2613830566406 36.9904937744141 37.0134162902832 37.1953506469727 37.1702308654785 37.1372680664062 36.8652000427246 36.4094543457031 36.426570892334 35.8896560668945 36.2025108337402 35.9588508605957 35.105541229248 35.3930053710938 35.4660682678223 35.6208457946777 35.6685218811035
38.3188552856445 38.3987464904785 38.4403076171875 38.4246101379395 38.4561729431152 38.4804000854492 38.3392181396484 38.2760314941406 38.2749862670898 38.2261657714844 38.1077346801758 37.9194030761719 37.6745414733887 36.5927658081055 34.8475227355957 34.4895706176758 34.7755851745605 35.7716369628906 36.3878517150879 36.8504447937012 37.0189399719238 36.9267997741699 37.5710868835449 37.7513275146484 37.5427474975586 37.5787811279297 37.5430870056152 36.6704711914062 36.5035934448242 37.133186340332 37.2889404296875 37.1683769226074 36.7958183288574 36.1004219055176 36.1370239257812 36.1243591308594 36.6608009338379 35.8478736877441 35.3932914733887 35.7738265991211 35.3317489624023 35.4268989562988 35.122013092041 34.0673561096191 34.4598274230957 35.2693786621094
38.3794441223145 38.4432907104492 38.481143951416 38.4897880554199 38.4956169128418 38.4810829162598 38.2923202514648 38.1757278442383 38.139778137207 38.129020690918 38.0210113525391 37.9540939331055 37.7758712768555 37.0822334289551 35.7877082824707 34.8224754333496 34.0660018920898 34.6770935058594 35.372314453125 36.3481788635254 36.5007362365723 36.6549263000488 37.436336517334 37.2028656005859 36.7327156066895 37.1834411621094 37.2679748535156 37.3868980407715 37.0702209472656 37.1322364807129 36.8354263305664 36.619701385498 35.9646034240723 35.5880355834961 35.3293304443359 35.598690032959 35.5221672058105 34.8764762878418 34.8558654785156 34.7734756469727 34.4230651855469 33.5346298217773 34.4773597717285 34.1491889953613 33.0061531066895 34.6878318786621
38.3854560852051 38.4300765991211 38.4791107177734 38.4950637817383 38.4745254516602 38.4888877868652 38.4175415039062 38.1038131713867 38.006404876709 38.0553131103516 37.8717956542969 37.6676216125488 37.811580657959 37.3923072814941 36.486457824707 35.5793609619141 34.6049880981445 34.2822799682617 35.0156669616699 35.4059600830078 36.0681610107422 37.2616767883301 36.9862327575684 36.2838172912598 36.4771499633789 36.6682624816895 36.3028450012207 37.4473495483398 37.4921607971191 37.3442878723145 37.0910949707031 35.8085556030273 35.4347457885742 35.6880760192871 36.0988121032715 35.5710182189941 34.4941558837891 33.8693733215332 34.7357025146484 34.150260925293 33.3127593994141 31.6427154541016 32.6351356506348 34.041145324707 31.9384059906006 33.5085487365723
38.325008392334 38.4007797241211 38.4644203186035 38.4522819519043 38.4327239990234 38.4592590332031 38.4734573364258 38.2956199645996 38.1170883178711 37.9442100524902 37.8489303588867 37.8169555664062 37.6386756896973 37.2637901306152 36.3903198242188 35.5920219421387 34.7133407592773 34.3033828735352 34.561107635498 34.5793113708496 36.0225868225098 37.0174865722656 35.7331161499023 35.1125297546387 36.0949668884277 36.0862197875977 36.3037605285645 37.2026329040527 37.5043601989746 37.072093963623 37.021800994873 36.7526245117188 36.7343597412109 36.8167266845703 36.4473342895508 36.1002960205078 35.6287040710449 34.3321151733398 34.0831336975098 33.7933807373047 31.789270401001 31.1080780029297 31.6504611968994 33.8217353820801 31.5243282318115 31.9676036834717
38.2746391296387 38.3063468933105 38.3470039367676 38.3425025939941 38.3790740966797 38.4127578735352 38.4560546875 38.4294090270996 38.2797012329102 38.0237159729004 37.8239402770996 37.6782836914062 37.5277938842773 37.0176391601562 36.5117835998535 35.876953125 35.1524505615234 34.7765007019043 35.3294258117676 36.1776847839355 36.1805801391602 36.0759658813477 35.5199737548828 34.0340843200684 34.657527923584 35.5910835266113 35.7685394287109 37.2461547851562 37.4794921875 37.0714454650879 36.0563316345215 36.7808303833008 36.6385040283203 36.5046844482422 36.1998252868652 35.839900970459 35.7005615234375 33.9770126342773 32.4870719909668 32.9792633056641 31.3056049346924 32.2832870483398 32.7215576171875 33.8172302246094 32.6362533569336 31.3861389160156
38.1489067077637 38.1883697509766 38.2244491577148 38.2609176635742 38.2797546386719 38.3051376342773 38.4214096069336 38.4481773376465 38.3157272338867 37.8571968078613 37.7577972412109 37.4607620239258 37.4787445068359 37.0608978271484 36.2002868652344 34.9621200561523 34.5163993835449 34.7712135314941 35.350414276123 35.2606506347656 35.5035247802734 36.5711326599121 36.4187698364258 34.647777557373 34.1855239868164 35.3079681396484 36.2541427612305 37.3166007995605 37.4288139343262 37.1884307861328 36.2205696105957 35.7742347717285 36.7071075439453 36.0924072265625 35.5886650085449 34.6285858154297 34.2994384765625 34.4480094909668 33.2146492004395 31.6992893218994 31.2383880615234 31.6099796295166 31.5166912078857 32.7625961303711 31.668830871582 30.9183578491211
37.9729499816895 38.005126953125 38.070140838623 38.1510162353516 38.2010726928711 38.2924919128418 38.4128646850586 38.431884765625 38.3727760314941 38.1738586425781 37.9171180725098 37.6213531494141 37.5038604736328 37.2942390441895 36.2321662902832 34.9094657897949 34.5280570983887 34.497688293457 34.6702651977539 34.663330078125 36.0298690795898 36.7969665527344 36.1775093078613 35.1775093078613 34.5230712890625 34.8177757263184 34.960018157959 36.8438415527344 37.2743492126465 37.1509017944336 36.2276420593262 36.13232421875 36.4929809570312 35.6342239379883 34.8311614990234 34.1737403869629 33.1028213500977 33.9638137817383 33.7854270935059 31.6481304168701 31.1414165496826 31.3639869689941 31.2847919464111 32.0027084350586 31.3164863586426 30.9737281799316
37.4066276550293 37.362979888916 37.7018890380859 38.0837173461914 38.2598457336426 38.3774642944336 38.4306640625 38.4390830993652 38.3130836486816 38.2094841003418 38.0402488708496 37.428466796875 37.5607757568359 37.4055709838867 36.8208961486816 35.4138984680176 34.5607566833496 33.9864463806152 34.3767204284668 35.4424629211426 36.0642013549805 36.5010719299316 35.4920921325684 34.6515731811523 34.4516716003418 34.6445426940918 35.1572265625 36.2536468505859 37.1670989990234 37.2560119628906 36.6644592285156 36.3591156005859 35.8651733398438 34.6658248901367 33.3034362792969 32.8220138549805 32.4458770751953 32.7046432495117 32.9045104980469 32.4459648132324 31.8363151550293 31.9856624603271 31.6832847595215 31.4375133514404 31.4648857116699 31.3998069763184
36.3837280273438 37.3856887817383 37.7956733703613 37.5133514404297 38.1821136474609 38.3782997131348 38.4201011657715 38.4269905090332 38.2113456726074 38.060733795166 38.072437286377 37.7742233276367 37.5156898498535 37.3805656433105 37.1032257080078 36.5176048278809 35.8639984130859 34.2726631164551 34.6712608337402 34.7843894958496 34.9851493835449 36.1143035888672 35.6276550292969 34.6848411560059 34.4584007263184 34.2271385192871 34.1903381347656 36.1845169067383 37.1954650878906 37.3018493652344 36.3552703857422 35.2094841003418 34.857364654541 34.4555053710938 34.1547393798828 32.9718627929688 32.9001617431641 32.4268951416016 31.948055267334 32.2670440673828 34.4233169555664 34.5163917541504 33.199462890625 31.5063819885254 32.766429901123 32.9087219238281
36.7169036865234 37.7370491027832 37.7962265014648 37.198558807373 38.1210289001465 38.3557014465332 38.4260177612305 38.4269065856934 38.3806228637695 38.1368675231934 38.0333557128906 37.9659729003906 37.7786140441895 37.555736541748 37.2315902709961 36.5663261413574 35.5941276550293 35.0918731689453 34.5686225891113 34.889461517334 34.9992866516113 35.5322799682617 34.8260765075684 34.6398506164551 34.2960777282715 33.562629699707 33.8975410461426 36.0388603210449 37.0511474609375 37.1209564208984 37.1183776855469 36.9238319396973 35.6201515197754 34.508960723877 34.4437866210938 33.8839912414551 34.0534439086914 33.8404006958008 33.3521499633789 33.9475021362305 35.7206993103027 35.7861976623535 35.3036079406738 34.6418952941895 34.5137329101562 33.8256149291992
37.5837020874023 37.9004592895508 38.0016670227051 38.0207176208496 38.1403961181641 38.3326835632324 38.3808860778809 38.3964881896973 38.3638572692871 38.3006210327148 38.1085014343262 38.0490493774414 37.9548187255859 37.734992980957 37.4416542053223 36.891170501709 35.8951797485352 35.4216690063477 34.612060546875 34.4989738464355 34.5985717773438 35.1292304992676 34.7024803161621 34.4130172729492 34.354793548584 34.405445098877 35.3563995361328 36.6456680297852 37.1054153442383 36.5224189758301 36.438102722168 36.4561805725098 36.718692779541 36.1428184509277 35.8343162536621 34.9431686401367 36.1711273193359 36.0073852539062 35.986213684082 36.0167846679688 35.7587432861328 34.6899375915527 33.5860595703125 33.2122116088867 33.0644340515137 32.1985359191895
37.250186920166 38.0866584777832 38.1818733215332 38.2189025878906 38.2337799072266 38.2634696960449 38.2452163696289 38.3188247680664 38.3306159973145 38.3297462463379 38.2938232421875 38.1573104858398 37.9641723632812 37.7963180541992 37.5915298461914 37.3193588256836 36.7614402770996 35.9980697631836 35.1342506408691 34.3193740844727 34.3681526184082 34.9083251953125 34.7790069580078 34.4637603759766 34.3109970092773 34.5136375427246 36.1976280212402 37.0570526123047 37.1541442871094 36.9631423950195 36.3970603942871 35.6905517578125 36.5289688110352 36.671932220459 36.7322311401367 36.1278114318848 36.6134338378906 36.2800331115723 36.1372032165527 35.955436706543 34.5591125488281 32.8813362121582 31.3921585083008 31.8145694732666 31.7259311676025 30.5654048919678
37.0956192016602 37.828369140625 37.6433410644531 37.5224876403809 37.6992797851562 38.1618041992188 38.1765251159668 38.222900390625 38.2594146728516 38.2633934020996 38.2442207336426 38.2246246337891 38.112907409668 37.9528732299805 37.7912673950195 37.546875 37.040714263916 36.5720291137695 36.2691993713379 35.5442657470703 34.4495315551758 34.7324104309082 34.4847183227539 34.5853843688965 34.457405090332 34.4406433105469 35.6818923950195 37.0088844299316 37.1201324462891 36.7609901428223 36.6160507202148 35.3687210083008 35.727409362793 36.039478302002 36.4048728942871 36.563175201416 36.3995513916016 36.2128067016602 35.7710838317871 35.847972869873 35.4801826477051 34.0098342895508 33.073673248291 33.7356948852539 33.2274703979492 31.8862209320068
37.474178314209 37.7996559143066 37.3538360595703 36.6010093688965 36.7446708679199 37.8666954040527 38.1243019104004 38.1039657592773 38.1426200866699 38.1806221008301 38.107494354248 38.1714477539062 38.1335220336914 38.02392578125 37.8682403564453 37.6649398803711 37.3038597106934 36.5421600341797 36.0804328918457 35.5548782348633 34.7747535705566 34.6788940429688 34.4783172607422 34.2432250976562 34.2192192077637 34.683666229248 36.0148620605469 36.9547920227051 36.3803100585938 36.1357345581055 36.2784271240234 35.8643684387207 35.5010375976562 35.1242980957031 34.8210372924805 35.4151382446289 35.1938552856445 35.5951614379883 35.5130004882812 35.2876892089844 34.9896430969238 35.3632926940918 35.088321685791 34.7246627807617 34.0277976989746 33.4739837646484
37.6162109375 37.7311630249023 37.5315284729004 37.1890182495117 36.8558959960938 37.5202255249023 37.8879089355469 37.9354705810547 38.0108032226562 38.1011695861816 38.1080131530762 38.1699981689453 38.1180877685547 38.0684661865234 37.9075698852539 37.6716918945312 37.3939247131348 37.1629371643066 36.7105331420898 35.9589004516602 35.5223159790039 35.2232131958008 34.6366348266602 33.8927459716797 34.096736907959 34.4052658081055 36.1035194396973 36.7469596862793 34.5402908325195 34.074031829834 34.8486976623535 35.1141204833984 35.0752449035645 34.8324775695801 34.2697830200195 33.9790229797363 34.6131401062012 34.4349403381348 34.4093475341797 34.3628234863281 34.0611457824707 33.6977424621582 34.0131187438965 34.5864715576172 33.8544158935547 32.5289993286133
37.4446105957031 37.4822959899902 37.5374145507812 37.2363891601562 36.9296875 37.1692771911621 37.435791015625 37.6875114440918 37.8384017944336 38.0041885375977 38.0020790100098 38.0080261230469 38.1304168701172 38.0689849853516 37.9468612670898 37.6447982788086 37.6221199035645 37.4654388427734 37.18896484375 36.7521934509277 36.5957374572754 35.660701751709 34.9684295654297 34.4255638122559 34.436279296875 34.9070663452148 36.1277198791504 36.0298614501953 35.6945495605469 35.5839080810547 34.6822967529297 34.6091957092285 34.3964920043945 34.2386703491211 33.390983581543 32.9186706542969 33.1751670837402 33.1221885681152 33.4146575927734 33.186580657959 33.183650970459 32.0823440551758 32.9457893371582 33.9762992858887 33.7044296264648 31.9748401641846
36.7879867553711 37.1736335754395 37.4434280395508 37.3401145935059 37.1253623962402 36.992374420166 36.9852828979492 37.4445571899414 37.598445892334 37.8260841369629 37.9447937011719 37.952507019043 38.0439758300781 38.0834121704102 37.8904113769531 37.7865600585938 37.7004508972168 37.5874786376953 37.4156150817871 37.1927680969238 36.9652976989746 36.1195526123047 34.7743186950684 34.8948822021484 34.0880508422852 34.7936935424805 35.936092376709 35.28759765625 35.528190612793 36.1006965637207 35.9747428894043 35.7879791259766 34.9991836547852 34.5005836486816 32.6383209228516 31.1387844085693 31.1927356719971 31.0718574523926 31.0369434356689 31.6069240570068 31.8139343261719 32.042911529541 32.2870979309082 33.3434982299805 33.1831321716309 32.7232513427734
36.9405326843262 37.051139831543 37.2336044311523 37.2250366210938 37.2026214599609 36.8573913574219 36.6084594726562 36.3183135986328 37.1195755004883 37.7356948852539 37.916374206543 37.9772186279297 38.0913543701172 38.1070938110352 37.7615814208984 37.2963638305664 37.326042175293 37.4169616699219 37.4903869628906 37.3618011474609 37.2068557739258 36.7207984924316 35.4058456420898 35.7869873046875 34.6529083251953 34.660530090332 34.8371047973633 35.2360496520996 34.0010185241699 34.8094787597656 34.37939453125 34.5179252624512 36.026439666748 35.5243873596191 34.383903503418 31.7302379608154 30.6433792114258 30.6599311828613 29.8727531433105 30.4012775421143 31.1718616485596 31.1564273834229 31.2725601196289 32.9180488586426 32.4003562927246 31.7752304077148
37.0174865722656 36.9261627197266 37.0150909423828 36.8024597167969 37.0595474243164 36.9761428833008 36.7144393920898 36.4220886230469 36.6724014282227 37.4217147827148 37.7396545410156 37.9783248901367 38.0501861572266 38.0288467407227 37.9767837524414 37.5088348388672 37.0517044067383 36.8353118896484 37.1784896850586 37.3462371826172 37.1943359375 37.0250434875488 36.6508903503418 35.9710578918457 34.7020301818848 34.4603691101074 34.4038314819336 34.5325698852539 34.6080474853516 33.9862747192383 33.3161315917969 34.246826171875 35.7000732421875 34.8227958679199 35.0986061096191 34.461612701416 33.9444007873535 33.797248840332 32.6300964355469 31.3129234313965 32.183422088623 31.8000717163086 32.2828941345215 32.5169296264648 32.166633605957 31.6143093109131
