inst/extdata/Tmax/Tmax60.asc
NCOLS 100 
NROWS 79 
XLLCORNER 148.06 
YLLCORNER -21.49 
CELLSIZE 0.01 
NODATA_value -3.4e+38 
[rows 20 to 39 of 79, columns 46 to 91 of 100]
31.7747955322266 29.7434196472168 30.0054740905762 31.6633682250977 31.3755168914795 30.7365455627441 30.4110164642334 29.0330009460449 31.2221622467041 32.960521697998 34.2121276855469 33.694263458252 33.6791076660156 34.4101600646973 34.0242347717285 33.7284126281738 34.0658836364746 34.7339363098145 34.9281959533691 34.9458541870117 34.8996734619141 34.7674903869629 35.1152381896973 35.2235679626465 35.1791000366211 35.1024131774902 34.9975280761719 35.0528869628906 35.0286750793457 34.6629829406738 34.7631378173828 35.0716857910156 34.9611778259277 34.6491432189941 34.6708679199219 34.660285949707 34.5877799987793 34.6007118225098 34.5987892150879 34.5755271911621 34.5026054382324 34.3587837219238 33.7379837036133 33.637996673584 33.9203567504883 33.9421043395996
32.1080932617188 29.7097282409668 28.5561618804932 30.3835010528564 30.2385311126709 29.6186428070068 30.6478595733643 28.5674667358398 29.9229698181152 32.3866958618164 33.8940124511719 32.3652267456055 31.6205596923828 33.7548942565918 32.3945388793945 31.9931316375732 33.0183868408203 34.5533905029297 34.5751800537109 35.0725593566895 35.2107353210449 35.2077560424805 34.9792671203613 34.5988006591797 34.605598449707 34.7019462585449 34.9059753417969 34.8864097595215 34.7945404052734 34.7136383056641 35.0805473327637 35.1321258544922 35.0695991516113 34.6545677185059 34.7690544128418 34.7359733581543 34.6019973754883 34.626766204834 34.6410675048828 34.644359588623 34.5248718261719 34.4301071166992 34.2347602844238 34.0290298461914 33.8838348388672 33.8893241882324
32.8162841796875 32.2639007568359 30.0517616271973 29.2986755371094 28.8532772064209 30.1331062316895 29.4336090087891 29.7468395233154 29.0376834869385 30.1705131530762 32.8216857910156 33.304313659668 31.5418834686279 32.0199775695801 31.6286239624023 32.3020248413086 33.5488090515137 34.0292930603027 32.4777526855469 33.9709243774414 34.9279556274414 35.0098266601562 34.3153495788574 33.3692512512207 34.0803527832031 34.077262878418 34.7771873474121 35.0101165771484 34.66845703125 34.9203071594238 35.1371459960938 35.1828384399414 35.1808586120605 35.1175956726074 35.005428314209 34.8063507080078 34.6033744812012 34.4605674743652 34.5523834228516 34.6823272705078 34.5810661315918 34.5266036987305 34.2369651794434 34.1120758056641 33.9668655395508 34.143440246582
32.0500984191895 31.8708076477051 31.1535701751709 30.2232265472412 28.6478881835938 29.3818435668945 30.1570568084717 30.4085578918457 30.1269493103027 29.603141784668 31.2285747528076 31.216064453125 32.2810821533203 30.3403472900391 31.3461589813232 33.1129722595215 33.0945854187012 33.5455360412598 31.9808616638184 34.3931541442871 35.3075942993164 35.1769790649414 34.0929183959961 32.5431213378906 33.9879150390625 34.2009086608887 34.3325233459473 34.8838653564453 35.1228790283203 35.2010192871094 35.2362518310547 35.2590179443359 35.2358665466309 35.1423950195312 35.0339164733887 34.8600387573242 34.3747520446777 33.9751930236816 34.147102355957 34.4924049377441 34.4836387634277 34.569709777832 34.2850685119629 34.2678413391113 33.9819869995117 34.028736114502
29.7260684967041 31.3235187530518 31.7620086669922 31.4903163909912 30.2820091247559 29.5532131195068 29.5605926513672 29.1952457427979 30.2877635955811 29.6477870941162 29.6668663024902 29.1117496490479 31.4391136169434 32.4600639343262 31.5120639801025 32.7607040405273 33.6782836914062 34.3669166564941 34.0191116333008 35.2135276794434 35.2360458374023 35.0621681213379 34.2735595703125 33.3131065368652 34.2415733337402 34.5907897949219 34.2472114562988 34.368335723877 34.5024185180664 35.0911521911621 34.9165687561035 35.2937774658203 35.1591262817383 35.1270523071289 35.0368919372559 34.6460990905762 34.5505065917969 33.8815460205078 33.5644798278809 34.1352920532227 34.3165626525879 34.4491691589355 34.2612800598145 34.3426055908203 34.421443939209 34.2577133178711
28.3163528442383 29.2117290496826 30.7933139801025 30.7127513885498 29.7052574157715 28.9024906158447 28.5327053070068 28.000509262085 29.14089012146 29.9210510253906 29.2968349456787 29.6020526885986 31.3173503875732 33.5982322692871 33.0162467956543 33.1224670410156 33.3163070678711 34.9343070983887 35.0571098327637 35.0527610778809 35.0610618591309 34.6952743530273 33.2608337402344 33.336742401123 33.4703483581543 34.2298278808594 33.9216079711914 33.2092208862305 33.9528656005859 35.1825370788574 35.1309280395508 35.2691078186035 35.2339477539062 35.2125205993652 35.0644836425781 34.8942527770996 34.9228439331055 34.2299270629883 33.6418151855469 34.0483741760254 33.6969718933105 33.8665924072266 33.5464363098145 34.3222961425781 34.3847389221191 34.3937797546387
28.2124881744385 28.068416595459 28.703987121582 29.3158416748047 30.1766548156738 27.8895645141602 27.632984161377 28.3987884521484 28.8765201568604 29.7636985778809 29.8118000030518 30.3427238464355 32.4684715270996 33.543586730957 34.1329803466797 34.3398666381836 34.5124053955078 35.1095390319824 34.6983795166016 34.5136451721191 34.5690040588379 34.0524559020996 34.2812728881836 34.6051712036133 34.6253471374512 33.928897857666 33.444995880127 34.5127754211426 34.8200302124023 34.7775688171387 34.1439018249512 34.9227600097656 35.1188201904297 35.2265853881836 35.2209777832031 35.1219787597656 34.7465553283691 34.3749198913574 34.4817657470703 34.2128562927246 34.0785789489746 33.4454765319824 34.0205039978027 34.274787902832 34.200740814209 34.1129150390625
28.3776950836182 27.9155521392822 28.1878395080566 28.405797958374 28.9103622436523 27.3843231201172 27.1125965118408 27.4898853302002 28.6937713623047 29.5299205780029 28.9199104309082 29.6490440368652 30.7895736694336 32.2168006896973 33.9055786132812 33.5342216491699 34.8192481994629 35.1161460876465 34.3111572265625 33.4598693847656 34.2265396118164 34.4580307006836 34.8410377502441 35.1166305541992 35.2522010803223 34.7759895324707 34.780590057373 35.2002067565918 35.2805557250977 34.4641227722168 33.9650955200195 34.6003837585449 34.7388114929199 35.2276458740234 35.2882499694824 35.2267646789551 35.0605735778809 34.8260536193848 34.373405456543 33.4822463989258 33.2184791564941 33.078857421875 33.1338005065918 33.9423904418945 34.0220565795898 34.5148811340332
29.1795787811279 28.7652950286865 29.5179710388184 29.345911026001 28.9659786224365 27.6930465698242 28.3919239044189 28.1525917053223 28.4486255645752 29.0123634338379 28.7524871826172 29.0469093322754 29.2363662719727 31.9571723937988 33.4310340881348 32.612247467041 34.3636665344238 34.7122383117676 34.3626747131348 33.0656929016113 33.3956031799316 34.6698455810547 35.1419105529785 35.2957992553711 35.3282775878906 35.2235946655273 35.2476387023926 35.3851432800293 34.9482078552246 34.1307258605957 33.9903182983398 34.7630500793457 35.2561264038086 35.305980682373 35.3023643493652 35.2797164916992 35.2397193908691 35.0932579040527 34.8164291381836 33.5058059692383 32.8311309814453 31.9052696228027 33.0541152954102 33.0606002807617 34.1246528625488 34.5864639282227
31.0630989074707 30.8968849182129 30.1972198486328 30.1433734893799 29.515308380127 29.0034675598145 28.7204742431641 27.8006725311279 28.3983421325684 27.9240417480469 27.4745426177979 28.7203693389893 29.0896759033203 31.4302005767822 32.6171340942383 31.7483406066895 32.6142654418945 33.5424766540527 34.2025909423828 34.0666122436523 33.5576286315918 34.6862030029297 35.2371368408203 35.0163421630859 34.9933204650879 34.6389389038086 35.1227569580078 35.4084205627441 34.3470344543457 33.3672943115234 34.1490516662598 34.8083610534668 35.220142364502 35.318473815918 35.3372802734375 35.2834739685059 35.269287109375 35.1731224060059 34.9661865234375 34.526969909668 33.7541694641113 33.1936988830566 32.7114791870117 32.5066986083984 33.540096282959 34.1429252624512
29.7006740570068 29.7262954711914 29.7851676940918 29.3741931915283 28.9006385803223 29.1338520050049 28.2823925018311 27.8135032653809 27.3425350189209 27.4216022491455 26.8756217956543 27.7150135040283 27.7129001617432 30.1190223693848 31.4022407531738 29.9892749786377 30.68528175354 32.5936965942383 34.1553421020508 34.805347442627 34.2619018554688 34.9659461975098 35.2112617492676 34.7558403015137 34.7400054931641 34.8942489624023 35.4321899414062 35.4081115722656 34.7834243774414 34.0194473266602 34.4638023376465 34.7804679870605 35.2795028686523 35.3115348815918 35.2619361877441 35.2363471984863 35.2417907714844 35.1624298095703 35.0847473144531 34.8667068481445 34.5913734436035 33.9721832275391 33.5425224304199 33.5102500915527 33.785343170166 34.2919158935547
28.966833114624 29.2303829193115 29.1202659606934 29.0773868560791 28.2354106903076 28.9890880584717 28.0850467681885 26.9416942596436 26.3886585235596 26.7433338165283 26.435619354248 27.0582313537598 27.7866363525391 29.7681865692139 30.177152633667 29.7407493591309 32.3600769042969 33.5089111328125 34.3939590454102 34.9580192565918 35.2941474914551 35.3551788330078 35.2954635620117 35.1977157592773 34.9492607116699 35.2959861755371 35.446231842041 35.317211151123 34.885383605957 34.1432228088379 34.2584419250488 34.9286231994629 35.1800231933594 34.6446571350098 35.0799827575684 35.2192649841309 35.2003936767578 35.1633567810059 35.123233795166 35.0087966918945 34.6798629760742 33.8119506835938 34.2180061340332 34.2799682617188 34.1875228881836 34.130615234375
28.3373012542725 28.6123313903809 28.4679946899414 28.7140712738037 28.8016204833984 28.8161144256592 28.4563465118408 27.4361782073975 27.5217609405518 27.613805770874 26.6745872497559 26.4892597198486 27.3614749908447 29.6708335876465 30.3444728851318 31.0131435394287 31.1081218719482 32.151554107666 34.3555793762207 35.0491485595703 35.2886543273926 35.2294311523438 35.0614128112793 35.0110931396484 35.1966972351074 35.2956962585449 35.2704048156738 34.8214149475098 33.7315635681152 33.9435005187988 34.335994720459 35.2567749023438 34.947322845459 34.2922286987305 35.0948104858398 35.0211334228516 35.0589027404785 35.1333618164062 35.0324287414551 34.7144432067871 34.0415725708008 32.5657272338867 32.2757873535156 33.5175132751465 33.9532165527344 34.3207397460938
28.9746608734131 28.5154037475586 28.3682403564453 28.5200214385986 28.6442737579346 28.572301864624 28.1466960906982 27.7986392974854 28.3338871002197 27.6932048797607 27.5632381439209 27.5515308380127 28.3037548065186 29.539306640625 29.7586688995361 30.7051315307617 31.9402732849121 33.3327407836914 34.4334182739258 34.9245643615723 35.3291244506836 35.2979125976562 34.7274436950684 34.4018058776855 34.6744804382324 34.5176887512207 34.6447334289551 34.8485870361328 34.7290992736816 34.7176628112793 35.0882377624512 35.3943519592285 34.6754188537598 34.5826225280762 35.2553253173828 34.6754837036133 34.8441505432129 34.806697845459 34.9040794372559 34.5677146911621 32.9094505310059 32.0502433776855 31.3603858947754 33.4796867370605 34.1454010009766 33.9589920043945
29.4068775177002 28.2418060302734 28.1976051330566 28.2999954223633 28.4263095855713 28.3080139160156 28.3150329589844 28.8398303985596 28.5019035339355 27.791633605957 28.863073348999 29.3923320770264 29.6458225250244 28.8974647521973 28.9248924255371 30.2710552215576 31.8814086914062 33.5087356567383 33.6336860656738 34.591625213623 35.1438827514648 35.1654472351074 34.6193695068359 34.3462371826172 33.4234619140625 34.0941162109375 34.7078170776367 34.894588470459 35.1766014099121 35.1953277587891 35.4109573364258 35.337703704834 35.305046081543 35.34521484375 35.3008880615234 35.0259437561035 33.9425315856934 34.6523780822754 34.8830642700195 34.8359184265137 34.792781829834 33.3339576721191 33.1588592529297 34.6934661865234 35.0222129821777 35.0065689086914
29.4662837982178 28.4841232299805 28.1695537567139 28.1016063690186 28.2942028045654 28.131462097168 28.7520084381104 30.6775035858154 29.5936508178711 28.8421478271484 31.1176204681396 31.9774303436279 31.5187492370605 29.0543899536133 29.5903587341309 29.7484874725342 32.1876831054688 32.2838821411133 32.1423873901367 33.2639427185059 34.6392097473145 34.9076461791992 34.5365409851074 34.5372161865234 34.393741607666 34.0068359375 34.1050262451172 34.2868270874023 35.1008377075195 35.067512512207 35.1738357543945 34.9470634460449 35.1898574829102 35.3712768554688 35.0461692810059 35.0292625427246 34.259708404541 34.4182395935059 34.745532989502 34.5667610168457 35.054271697998 35.0671806335449 34.963565826416 35.0219039916992 35.1578483581543 35.0264663696289
29.1851444244385 28.5372428894043 28.3426933288574 28.5086688995361 28.4473495483398 28.5411586761475 28.9529228210449 31.5292739868164 31.779447555542 30.1176662445068 32.604362487793 33.7820053100586 32.9186019897461 31.4301204681396 31.3548793792725 32.1240844726562 32.9674491882324 33.5429534912109 33.9385643005371 34.3153800964355 34.5886116027832 34.2748985290527 32.688117980957 33.0395393371582 33.6811103820801 33.2431411743164 33.5089569091797 34.5240211486816 34.97412109375 35.2189331054688 33.971363067627 33.9454574584961 34.9142456054688 35.2736625671387 34.7246170043945 34.761474609375 33.8406639099121 34.4581909179688 34.7045288085938 34.5451164245605 35.088565826416 35.195499420166 35.2325477600098 35.2372894287109 35.1796226501465 34.8249320983887
29.2171783447266 28.8109664916992 28.7669429779053 28.9202194213867 29.1135234832764 29.2609272003174 30.2161960601807 32.3986663818359 32.2710266113281 31.6945381164551 33.447078704834 34.8092308044434 33.8274955749512 32.4509048461914 31.7997932434082 33.9067802429199 34.351879119873 34.6125144958496 34.8647994995117 34.9043273925781 34.4211921691895 34.1065101623535 34.2427406311035 33.5943336486816 34.0013275146484 34.5651359558105 34.8278732299805 34.9275703430176 35.1806221008301 35.1032791137695 33.2071380615234 34.0623741149902 35.0637817382812 34.9826316833496 34.4886665344238 34.4434051513672 34.2658653259277 34.8723411560059 34.9145736694336 34.9329833984375 34.9030799865723 35.1015281677246 35.1651420593262 35.1842422485352 35.1042633056641 35.0596008300781
29.1655731201172 28.8677463531494 29.4165515899658 30.2881355285645 30.4483451843262 31.0680961608887 32.4331436157227 33.2072105407715 32.4799308776855 32.9689750671387 34.7172966003418 35.343822479248 34.6904792785645 33.4627914428711 32.5494499206543 33.8406295776367 33.8496780395508 34.2183303833008 35.112606048584 35.3608207702637 35.0116310119629 34.6037292480469 35.0150985717773 34.7919921875 34.6449317932129 35.2066230773926 35.0925788879395 35.0020446777344 35.3125839233398 35.050048828125 34.3327293395996 34.8905067443848 35.107177734375 34.7569961547852 33.6618194580078 33.616813659668 34.010913848877 34.8725471496582 34.538143157959 34.5207443237305 34.548152923584 34.8952331542969 34.8795356750488 34.9573707580566 34.7918815612793 34.9575386047363
29.220911026001 29.4091720581055 30.730712890625 31.6849937438965 32.574821472168 33.7729949951172 34.558967590332 33.7218437194824 31.3798866271973 32.177906036377 34.0530052185059 35.3872375488281 34.879264831543 34.4827270507812 33.4004287719727 34.6009559631348 34.7923965454102 34.0595474243164 35.0039367675781 35.4257965087891 35.3714714050293 34.8466300964355 35.2541770935059 35.3839454650879 35.2072792053223 35.314811706543 35.0996971130371 34.2029228210449 35.1629676818848 35.3391380310059 35.2511253356934 35.1190910339355 34.752571105957 34.359302520752 33.3696899414062 33.4385032653809 34.341236114502 34.2720947265625 34.1098976135254 33.8955116271973 34.0686569213867 34.4330558776855 34.209228515625 34.6351432800293 34.0975189208984 34.5611038208008
