inst/extdata/Tmax/Tmax18.asc
NCOLS 100 
NROWS 79 
XLLCORNER 148.06 
YLLCORNER -21.49 
CELLSIZE 0.01 
NODATA_value -3.4e+38 
[rows 20 to 39 of 79, columns 46 to 91 of 100]
26.0219707489014 24.7431011199951 24.339937210083 25.2157802581787 24.9412231445312 24.714334487915 23.7177600860596 22.9901027679443 24.7268142700195 26.2047500610352 26.9151000976562 27.2401142120361 27.1276550292969 27.8429908752441 26.7722072601318 27.2899532318115 27.5008544921875 27.9724044799805 29.2103137969971 29.0355796813965 30.8643760681152 33.0181427001953 34.0898208618164 33.7562484741211 32.2620582580566 32.6466789245605 33.3803634643555 31.8631057739258 30.9176902770996 31.8157806396484 31.0242710113525 31.7327365875244 32.1222076416016 32.9890289306641 32.700439453125 31.2748184204102 30.6808528900146 30.5463085174561 31.9634895324707 33.3039016723633 32.3325538635254 32.8737449645996 32.0527114868164 31.6911678314209 31.8336200714111 32.5757141113281
28.4512615203857 23.8547344207764 23.6653861999512 24.4550380706787 24.2261123657227 23.6564178466797 24.3645801544189 23.4045467376709 23.9801425933838 25.6933193206787 27.9060688018799 25.4090995788574 24.937801361084 27.0962905883789 25.5175914764404 25.5045070648193 26.4015617370605 28.0379486083984 27.843111038208 28.4905433654785 31.0562343597412 33.4104194641113 28.1515102386475 27.9850597381592 31.3667449951172 33.0053215026855 34.1984558105469 30.7002964019775 31.5616264343262 30.4465103149414 30.7997665405273 30.750997543335 31.323299407959 30.7862968444824 32.3244171142578 32.1080017089844 31.9996738433838 32.2184906005859 31.3757877349854 34.5421180725098 33.2901954650879 32.0492057800293 30.8590354919434 30.1518573760986 29.4388999938965 29.6990146636963
29.2922458648682 25.3902702331543 24.4458312988281 24.3046531677246 23.5633430480957 24.2621078491211 23.7025814056396 24.1878223419189 23.6237487792969 24.2145500183105 26.016134262085 26.4387645721436 25.3357772827148 25.2085647583008 25.1375465393066 25.7240676879883 26.667308807373 27.2280235290527 25.9809627532959 27.2754230499268 32.990478515625 31.2146129608154 27.770751953125 26.9093647003174 27.500997543335 27.6615772247314 30.7552585601807 33.3642349243164 30.1068916320801 32.9281730651855 33.8640670776367 35.1979789733887 32.3472175598145 31.2370452880859 32.1501235961914 32.6277847290039 33.9616928100586 33.5709037780762 34.831787109375 33.0080223083496 32.0013618469238 32.8523788452148 32.0800361633301 32.1764259338379 28.2820987701416 28.4176692962646
29.3719387054443 25.271520614624 25.184928894043 24.2869663238525 22.7029705047607 23.9659690856934 24.5787811279297 23.9206771850586 23.9245777130127 24.2427463531494 24.9845409393311 24.3710460662842 25.2507400512695 24.7481822967529 28.8560371398926 30.2236595153809 26.1528015136719 26.5953063964844 25.5659370422363 27.1675777435303 31.7220344543457 30.3047981262207 28.8592910766602 26.1006698608398 27.0368270874023 27.6990776062012 27.9685916900635 32.0960884094238 31.5641193389893 30.0345592498779 31.30979347229 31.5233135223389 32.01025390625 31.5940456390381 31.5314254760742 31.6962547302246 32.5652351379395 33.7033309936523 33.9897651672363 33.9574775695801 33.5400543212891 33.0693283081055 31.6500034332275 31.9002246856689 30.2718048095703 27.7351551055908
28.4075698852539 28.3950862884521 28.4327220916748 25.0999240875244 25.0051307678223 24.31760597229 23.9043884277344 24.0382976531982 24.542688369751 24.0345649719238 24.3328094482422 23.9401168823242 25.1543502807617 31.8681526184082 24.9971656799316 26.0762519836426 27.0274105072021 27.3880615234375 26.9424171447754 28.5046787261963 31.2076625823975 30.9621639251709 28.0201320648193 27.067834854126 27.3335800170898 28.009204864502 27.6636295318604 27.8061981201172 27.7712383270264 31.7018585205078 33.3891983032227 32.7415657043457 31.3745384216309 32.0614013671875 30.7355651855469 30.2802486419678 32.8613624572754 27.8802623748779 32.5952606201172 33.7145843505859 34.0234565734863 32.0525970458984 34.1235618591309 33.0707168579102 31.6993656158447 29.5487880706787
23.6588611602783 24.388542175293 24.9303283691406 24.8703289031982 24.4095401763916 23.67018699646 23.3571472167969 23.0761814117432 24.0145416259766 24.3463535308838 24.1270542144775 24.0454902648926 25.3542156219482 26.6401100158691 26.5148754119873 26.5525741577148 26.7025012969971 29.9974231719971 31.3442401885986 28.4727210998535 28.4072074890137 28.3384208679199 26.7958965301514 26.6358261108398 26.8938179016113 27.7029228210449 27.7392082214355 26.9904003143311 30.5038089752197 28.8122806549072 33.3412170410156 32.4411849975586 33.5283088684082 30.7464866638184 31.4302043914795 30.2389030456543 31.8874320983887 29.9275455474854 30.0534858703613 33.6462745666504 29.8245716094971 27.5767631530762 27.3517608642578 32.255916595459 32.8382949829102 30.341272354126
23.4801158905029 23.5477046966553 23.9408473968506 24.2798175811768 24.4303417205811 22.7466564178467 22.5017833709717 23.1520309448242 23.6592693328857 24.205545425415 24.3837795257568 24.8623027801514 26.1205310821533 27.1701335906982 27.2980289459229 27.5692443847656 29.0281238555908 29.2754020690918 29.281810760498 28.1826286315918 27.9558353424072 29.1484699249268 29.3742866516113 29.1105804443359 31.8782997131348 27.3841323852539 29.8782539367676 29.6397075653076 28.3054962158203 27.7083835601807 27.1691284179688 34.8366470336914 30.1735935211182 30.841007232666 32.4327926635742 31.4323425292969 31.9905090332031 30.8339042663574 28.1585083007812 28.4477195739746 33.4024658203125 31.9124908447266 28.3384170532227 27.9707298278809 32.052074432373 31.2719573974609
23.9354419708252 23.4158248901367 23.5639686584473 23.6429138183594 24.0373249053955 22.532958984375 22.3140125274658 22.3035163879395 23.5435428619385 24.2579727172852 23.8770904541016 23.9321060180664 25.141845703125 25.8461990356445 27.3047790527344 26.893970489502 27.7759017944336 29.3332214355469 28.0359573364258 26.92746925354 27.9700660705566 29.2160549163818 31.2009983062744 33.7964935302734 33.3726806640625 33.2135734558105 29.3337497711182 30.4000778198242 28.6863842010498 27.8004055023193 27.6420860290527 32.9643974304199 31.2917289733887 30.0451221466064 30.825065612793 30.9213905334473 30.9434204101562 31.6670894622803 28.4569911956787 27.2431201934814 26.9575576782227 26.5752277374268 30.7556228637695 27.4066371917725 28.3694038391113 30.3770809173584
24.5837593078613 23.9836311340332 23.9777603149414 23.5117893218994 23.6922588348389 22.5954055786133 23.5913982391357 23.2446403503418 23.5342750549316 23.5919914245605 23.7602806091309 23.9776802062988 23.9934749603271 25.1655693054199 26.5650882720947 26.1683521270752 27.7097644805908 28.7377395629883 27.9622230529785 26.6522445678711 26.9538497924805 31.0775032043457 32.0279655456543 33.8207015991211 33.403247833252 34.4281768798828 30.766565322876 33.1259422302246 30.5055332183838 27.4726943969727 27.6076908111572 31.7812824249268 31.9179801940918 31.6450080871582 29.7757968902588 30.5668869018555 31.841100692749 31.902135848999 33.8695487976074 30.681303024292 32.801025390625 31.4086990356445 26.6906967163086 27.251895904541 32.6731872558594 31.6869735717773
25.1427383422852 25.1030178070068 24.6183567047119 24.7319469451904 24.0656127929688 23.8500919342041 23.898494720459 23.0064754486084 23.3977432250977 23.3184299468994 22.6749668121338 23.6120872497559 23.7983875274658 25.2427959442139 25.7203197479248 24.8504104614258 26.195426940918 26.8718147277832 27.0436153411865 27.3332653045654 27.1957092285156 28.9548587799072 29.6208992004395 31.9703636169434 34.148250579834 32.1722755432129 32.2185401916504 30.6533050537109 30.8609066009521 27.2115535736084 27.5280628204346 30.2527389526367 31.2803478240967 29.9198932647705 31.4936981201172 29.5909080505371 31.6654396057129 30.339958190918 32.4581756591797 28.734375 27.622838973999 27.1025218963623 29.1284465789795 26.4196853637695 28.198205947876 29.7967834472656
24.1787452697754 23.9970645904541 24.2112407684326 24.1073684692383 24.1028289794922 24.0946941375732 23.0346603393555 23.1254501342773 22.5929756164551 23.1011905670166 22.2114715576172 23.5232028961182 23.0406017303467 24.2779312133789 25.039342880249 24.1945362091064 24.4127101898193 26.1525249481201 27.2692527770996 28.88307762146 27.9832897186279 28.5879554748535 29.6859664916992 30.2495861053467 30.3837871551514 30.9389686584473 31.7817363739014 33.0789947509766 33.1582107543945 31.7387619018555 29.3897075653076 30.6555976867676 31.741678237915 31.2118644714355 33.3479423522949 34.1946563720703 31.1039924621582 29.9321155548096 30.1455707550049 30.9744529724121 30.3211135864258 29.4579792022705 27.2586936950684 31.819128036499 32.4038314819336 29.4005069732666
23.5190029144287 24.0553550720215 24.2362594604492 24.156099319458 23.486873626709 24.1829032897949 23.2636489868164 22.4508991241455 21.9270324707031 21.742919921875 21.906213760376 22.3237037658691 29.5231399536133 24.5871429443359 24.2689342498779 24.1767120361328 25.6115703582764 26.7610683441162 27.4775581359863 28.1122875213623 31.2667503356934 30.0585746765137 30.4747104644775 30.0109004974365 30.647819519043 32.0750846862793 34.2573471069336 31.9032783508301 32.5572090148926 29.4714412689209 27.727294921875 30.9062633514404 31.159351348877 29.8060035705566 32.4159851074219 34.2834739685059 33.2427635192871 30.1075382232666 30.7096481323242 33.2099189758301 28.7562961578369 27.9490871429443 29.7847805023193 29.3375091552734 31.7214775085449 31.2620487213135
23.5435276031494 23.8728771209717 23.8813095092773 24.1099452972412 24.082275390625 23.9942359924316 23.9357986450195 23.0401268005371 22.6434288024902 22.668083190918 21.9208183288574 22.0250873565674 22.7658157348633 24.3245906829834 24.198314666748 25.0235996246338 25.4230766296387 25.7440147399902 27.2903919219971 27.9893569946289 29.5047702789307 29.4681816101074 29.5168285369873 29.2908020019531 30.1723194122314 32.1518630981445 34.0707168579102 30.760009765625 27.4304256439209 27.5482521057129 27.7313995361328 31.7444286346436 33.2561988830566 29.7654685974121 32.3252029418945 34.0055809020996 30.2986164093018 30.3096542358398 31.5256481170654 32.4692459106445 32.7558250427246 32.1576919555664 25.8999404907227 26.9904479980469 27.0607509613037 27.4163513183594
23.678035736084 23.1014709472656 23.3675289154053 23.9493255615234 24.0369396209717 23.9762706756592 23.6772727966309 23.2767143249512 23.596061706543 23.2869071960449 22.9714508056641 22.8471279144287 23.7831039428711 24.1067485809326 23.8672103881836 25.143684387207 25.6790866851807 26.377908706665 27.2717895507812 27.5999069213867 30.5144596099854 33.3476638793945 34.6689910888672 28.1420669555664 28.1844081878662 28.2267684936523 28.0159950256348 30.6697387695312 29.7222118377686 31.3496398925781 30.7767295837402 31.3104496002197 30.2383499145508 32.1089401245117 32.5607604980469 28.1425361633301 31.399471282959 31.1972618103027 32.8903617858887 32.9639091491699 29.9215869903564 31.0616340637207 30.3298225402832 29.1804962158203 29.361780166626 28.8626346588135
24.6432590484619 23.6115245819092 23.4849262237549 23.094856262207 23.8336296081543 23.7510623931885 23.7097187042236 24.2764835357666 23.9340896606445 23.2727088928223 23.6095809936523 23.9807453155518 24.4179344177246 23.4383659362793 23.8199024200439 24.7108345031738 26.0027923583984 27.050910949707 26.5082511901855 27.7827529907227 29.9374713897705 32.8871116638184 33.5102615356445 28.0679244995117 27.1985130310059 27.6138896942139 28.2621078491211 28.3945331573486 30.0487270355225 30.3131256103516 33.0995788574219 34.4648361206055 35.0628433227539 32.7163696289062 33.6437606811523 30.344799041748 31.3180618286133 31.7124710083008 30.9736938476562 32.0228233337402 32.7208099365234 29.9643459320068 27.5563201904297 30.4326839447021 30.0990962982178 30.9553260803223
24.3559055328369 23.7232303619385 23.5333271026611 23.5747604370117 23.7430648803711 23.6652374267578 24.0916233062744 24.8686218261719 30.3637638092041 23.2698917388916 25.0081901550293 25.4172325134277 25.4709548950195 23.6576118469238 24.3417682647705 24.4397735595703 25.3614196777344 25.789026260376 25.7536067962646 26.9056606292725 27.8879165649414 28.5411911010742 30.3187427520752 33.4583511352539 28.450439453125 27.7993202209473 27.2965831756592 27.5128269195557 30.6954765319824 34.9806213378906 31.2345733642578 28.3816909790039 34.1839485168457 32.3484535217285 32.0506858825684 28.7850322723389 30.7498722076416 30.0751075744629 33.7680549621582 33.39697265625 31.6136608123779 31.6847076416016 31.1653804779053 31.2929763793945 31.4047451019287 32.767162322998
23.8282051086426 23.7353286743164 23.5479984283447 23.8262214660645 23.9115581512451 24.0642757415771 24.1533107757568 25.5322723388672 25.5463314056396 24.313404083252 26.1763134002686 26.7978935241699 26.3522815704346 25.1403465270996 25.275182723999 25.7768287658691 26.2336406707764 26.9858741760254 27.3365421295166 27.6258373260498 27.9652824401855 28.3459243774414 26.3140258789062 26.5012302398682 27.1581401824951 26.650297164917 27.1114883422852 32.9794120788574 30.7454528808594 34.4643211364746 27.6101093292236 27.0016078948975 27.8675022125244 31.6302356719971 32.253833770752 31.0961780548096 29.4279804229736 30.8838272094727 30.6450500488281 31.6198348999023 32.923412322998 33.8192367553711 33.65234375 33.4283752441406 32.2391471862793 32.5788383483887
23.9539546966553 24.7258720397949 23.662670135498 24.1166477203369 24.1314830780029 24.7673606872559 25.0549335479736 28.0422077178955 26.1010799407959 25.9244384765625 26.7524929046631 27.8451061248779 27.0319385528564 26.1595630645752 26.4125175476074 27.4053745269775 27.8812026977539 27.9207878112793 29.1252822875977 28.8333396911621 30.2971820831299 28.7279624938965 27.94970703125 27.3573703765869 27.7488231658936 28.1555061340332 30.8409233093262 29.914867401123 29.8117790222168 30.0475540161133 28.6941699981689 29.774486541748 28.8302116394043 31.3325614929199 28.1297245025635 31.6596527099609 32.629035949707 32.5598564147949 32.5007438659668 29.8972816467285 30.4836120605469 32.0288772583008 31.183084487915 32.3865394592285 32.9234046936035 32.9898071289062
25.4308166503906 25.3705043792725 24.0570297241211 24.9767894744873 25.0271739959717 25.2133903503418 25.6361408233643 26.7989940643311 25.9442005157471 26.3895778656006 28.2641181945801 29.9367809295654 27.9663619995117 26.9413204193115 26.2226066589355 27.1983528137207 27.1328659057617 27.7028465270996 28.7680549621582 33.3968162536621 28.7497043609619 29.080602645874 31.3170948028564 30.6599025726318 30.4494152069092 30.1914100646973 31.8771495819092 31.1289176940918 31.7223148345947 31.1554927825928 29.4917774200439 30.2292804718018 32.113842010498 31.8370914459229 27.838773727417 27.159574508667 27.6287708282471 28.8967533111572 28.4253902435303 30.4904098510742 34.0707511901855 33.6823539733887 30.7028179168701 30.0631637573242 28.5549755096436 28.7714176177979
24.6407775878906 24.6114158630371 24.6269397735596 25.8917636871338 26.2847576141357 26.6425018310547 27.8451957702637 26.2833633422852 25.7774543762207 26.0706005096436 26.649076461792 28.838550567627 28.3900737762451 27.9392910003662 26.8143482208252 29.4326496124268 29.2381229400635 31.3171062469482 33.8157081604004 31.7111225128174 31.9785442352295 30.7111301422119 30.1338539123535 30.564790725708 30.6853065490723 30.3006553649902 30.2688064575195 29.9993839263916 30.609790802002 31.7209186553955 31.0820713043213 30.5222930908203 28.4118213653564 28.1496677398682 26.986083984375 30.1834468841553 31.5718173980713 28.0298347473145 27.9926853179932 27.8188972473145 27.7196769714355 30.4498558044434 29.9704284667969 31.1838855743408 29.7327575683594 29.2181758880615
