inst/extdata/Tmax/Tmax148.asc
NCOLS 100 
NROWS 79 
XLLCORNER 148.06 
YLLCORNER -21.49 
CELLSIZE 0.01 
NODATA_value -3.4e+38 
[rows 40 to 59 of 79, columns 0 to 45 of 100]
37.831012725830099 37.5833930969238 37.6206398010254 37.6547813415527 37.5445137023926 37.6554412841797 37.6259460449219 37.4402008056641 36.9987983703613 37.4075736999512 38.0160865783691 38.3407287597656 38.3813591003418 38.4363594055176 38.5054588317871 38.306812286377 38.0591850280762 37.7279281616211 37.1812973022461 37.6562995910645 37.6519317626953 37.5636177062988 37.5087242126465 37.1335067749023 36.2896041870117 35.6881484985352 35.5173454284668 35.6109199523926 35.7250442504883 35.1372566223145 34.5444107055664 34.9552917480469 36.1414070129395 35.8941688537598 35.6596260070801 35.9721221923828 35.9052505493164 35.6108436584473 35.4126586914062 35.0011672973633 34.9689674377441 34.1831588745117 33.659481048584 33.6601905822754 33.4294471740723 33.287769317627
37.9861030578613 37.6239433288574 37.5138473510742 37.6168060302734 37.524169921875 37.606029510498 37.6285057067871 37.5316886901855 37.2997817993164 37.4204368591309 37.7467498779297 38.0988540649414 38.325023651123 38.4920234680176 38.5402679443359 38.4009208679199 38.1220169067383 37.6449317932129 37.3298034667969 37.4728660583496 37.4992980957031 37.2917442321777 37.466796875 37.2057075500488 36.5821342468262 36.119140625 35.5557975769043 35.4872932434082 35.6892013549805 35.288990020752 34.8996429443359 35.5040664672852 36.1420669555664 35.4482841491699 34.782283782959 35.4958381652832 35.5535736083984 35.7548675537109 35.7259712219238 35.5162734985352 35.4114685058594 34.7537117004395 33.4709205627441 33.3656158447266 33.4398040771484 33.4088439941406
37.8662109375 37.8309555053711 37.6349296569824 37.525074005127 37.5876617431641 37.6129684448242 37.607479095459 37.5756378173828 37.5475082397461 37.5066299438477 37.5583992004395 38.0312652587891 38.3441619873047 38.4887008666992 38.5075149536133 38.4669303894043 38.2602806091309 37.9545211791992 37.7404861450195 37.6988677978516 37.6210327148438 37.0210304260254 36.9586753845215 37.1741333007812 37.2037048339844 36.7920188903809 35.9906425476074 35.689338684082 35.6214981079102 35.4176330566406 34.5886878967285 35.6016693115234 35.6581497192383 34.6653480529785 33.9163627624512 34.7603607177734 34.7764282226562 35.3840293884277 35.5430297851562 35.2702140808105 35.0607986450195 35.1212120056152 34.5733337402344 34.3773307800293 34.7699089050293 35.6945953369141
37.5461769104004 37.6506233215332 37.6428718566895 37.6423492431641 37.6746482849121 37.6717987060547 37.654899597168 37.6100082397461 37.6668281555176 37.6428489685059 37.6557655334473 38.0627288818359 38.3052825927734 38.4595336914062 38.485164642334 38.5058174133301 38.4185829162598 38.2159996032715 37.9506988525391 37.9922790527344 37.8284606933594 37.5969581604004 36.9577789306641 36.6297378540039 37.266487121582 37.0701599121094 36.6994018554688 36.2540435791016 35.945011138916 35.7861862182617 35.0494575500488 34.9858627319336 35.6415176391602 35.1772994995117 34.5861434936523 34.1641082763672 34.2604789733887 34.4946594238281 34.7111167907715 34.4980010986328 34.0817108154297 34.7627105712891 34.3622055053711 35.2431793212891 36.8883323669434 37.4630966186523
37.2807655334473 37.4715194702148 37.4572868347168 37.4618492126465 37.641357421875 37.7537803649902 37.7961044311523 37.7472229003906 37.8093147277832 37.8576545715332 38.0232200622559 38.1696929931641 38.2982940673828 38.4007339477539 38.4647560119629 38.5211296081543 38.5035171508789 38.3685188293457 38.2216186523438 38.1794281005859 38.0577659606934 37.9347686767578 37.6500129699707 37.4510955810547 37.2866058349609 36.8549842834473 37.1076622009277 36.9973564147949 36.6973876953125 36.0610885620117 35.4978637695312 35.5059509277344 35.8049507141113 35.9624404907227 35.6918258666992 34.6127777099609 33.4051628112793 33.3770713806152 33.4796524047852 33.7936363220215 33.6862831115723 34.2077369689941 33.7746734619141 34.5508613586426 36.195240020752 37.4932823181152
37.3088035583496 37.383731842041 37.2424125671387 37.1425704956055 37.3400840759277 37.5532302856445 37.7903213500977 37.9084129333496 37.9769058227539 38.0695533752441 38.1404762268066 38.082389831543 37.8728179931641 38.2357177734375 38.4600715637207 38.5115432739258 38.5241775512695 38.4645462036133 38.3805961608887 38.3218383789062 38.2375640869141 38.1489143371582 38.0986557006836 37.5179138183594 37.1906814575195 37.1219177246094 37.2132453918457 37.0580902099609 36.8838920593262 36.4058952331543 35.2521362304688 35.4571571350098 35.7464294433594 35.809326171875 35.9043579101562 35.0763168334961 33.8977203369141 33.6812629699707 33.716438293457 34.1241722106934 33.5817756652832 33.9270210266113 34.2987174987793 34.5886192321777 35.4035949707031 36.4916534423828
37.1859741210938 37.1740493774414 37.1867790222168 37.1211318969727 37.0320701599121 37.090705871582 37.5791206359863 37.7029304504395 37.8237037658691 37.8456764221191 38.0591926574707 38.1752433776855 37.940990447998 38.1922988891602 38.4149055480957 38.4949264526367 38.5154571533203 38.4564552307129 38.4207763671875 38.3847694396973 38.315242767334 38.2633018493652 38.1684494018555 37.7159805297852 36.9388885498047 37.0461120605469 37.224063873291 37.0160903930664 36.971134185791 36.8353958129883 36.0925979614258 35.8063507080078 35.4804039001465 35.7246971130371 35.8547134399414 35.4214477539062 34.4595565795898 34.7237701416016 34.2383499145508 34.8906784057617 34.3791046142578 34.5367889404297 34.650318145752 34.7537651062012 34.7515754699707 34.5818748474121
37.6116027832031 37.0193214416504 36.9488067626953 36.9027976989746 36.8822059631348 37.0040740966797 37.3184432983398 37.2800712585449 37.5217552185059 37.5727615356445 37.6538276672363 37.7330055236816 37.9152336120605 38.1894760131836 38.3756294250488 38.4931526184082 38.4957466125488 38.3857727050781 38.2155303955078 38.1250648498535 38.2555694580078 38.0930366516113 38.1128273010254 38.0521545410156 37.6178932189941 37.5270690917969 37.5545043945312 37.3691062927246 37.2119407653809 37.0042724609375 36.3626098632812 36.0384521484375 35.3830947875977 35.7501373291016 35.7934608459473 35.5819129943848 35.197338104248 35.4090042114258 35.1672058105469 35.3951873779297 35.156177520752 34.9791831970215 34.850471496582 34.7159004211426 34.4049186706543 34.1932182312012
38.2727088928223 37.5296401977539 36.8218383789062 36.6861572265625 36.8126678466797 36.9917335510254 36.945728302002 36.949104309082 37.272575378418 37.5581321716309 37.6311569213867 37.6316795349121 37.8560333251953 38.1537322998047 38.3894348144531 38.4582786560059 38.4788475036621 38.415225982666 38.2544021606445 38.0408172607422 38.1112632751465 38.0731086730957 37.9987411499023 38.1260147094727 38.0230369567871 37.9220352172852 37.6616020202637 37.4757537841797 37.3929023742676 37.117504119873 36.750057220459 36.3308486938477 35.5300712585449 35.676025390625 35.6515197753906 35.7100791931152 35.634220123291 35.6116714477539 35.5083045959473 35.3417510986328 34.6087760925293 34.466480255127 34.6534843444824 34.4199485778809 34.2998809814453 33.9844093322754
38.5284233093262 38.0618057250977 37.2672653198242 36.7288513183594 36.7201690673828 36.7149963378906 36.7578048706055 37.0877647399902 37.3161773681641 37.2219276428223 37.8136787414551 38.0499305725098 38.1571426391602 38.2575035095215 38.355297088623 38.4397354125977 38.4587364196777 38.4119529724121 38.314754486084 38.1802062988281 38.0809936523438 38.0271949768066 37.8511543273926 37.891357421875 38.0530052185059 38.0390625 37.8375129699707 37.3260688781738 36.8578147888184 37.111629486084 36.82958984375 36.5542907714844 35.8035125732422 35.5296058654785 35.3376770019531 35.6206970214844 35.7081832885742 35.6181144714355 35.5810813903809 35.295768737793 34.6599044799805 34.3060989379883 34.476131439209 34.1401176452637 34.0623435974121 33.9816741943359
38.5243949890137 38.3733673095703 37.9459228515625 37.3564682006836 36.8545532226562 36.5741424560547 36.7413139343262 37.0453872680664 37.091423034668 37.3816947937012 37.9355354309082 38.1741828918457 38.2987632751465 38.4007110595703 38.4222679138184 38.448902130127 38.3473243713379 38.3612480163574 38.3690490722656 38.2941741943359 38.1875457763672 38.0463523864746 37.8584861755371 37.7812042236328 37.8860778808594 37.9261741638184 37.9761161804199 37.7579193115234 37.4899406433105 37.3517112731934 36.8363761901855 36.6965141296387 35.9154281616211 35.5376167297363 34.971076965332 35.4085083007812 35.5422515869141 35.5364990234375 35.5845108032227 35.415096282959 34.9364852905273 34.7917098999023 34.702335357666 34.5073013305664 34.2111778259277 34.0511779785156
38.4952392578125 38.4784851074219 38.2397689819336 37.6084289550781 37.0584411621094 36.7954177856445 36.7718811035156 36.8551635742188 36.627799987793 36.7775421142578 37.5909843444824 37.9896430969238 38.1638412475586 38.3634223937988 38.4485054016113 38.4140853881836 38.3481636047363 38.3494834899902 38.3173370361328 38.3075180053711 38.2162399291992 38.1266555786133 38.027172088623 37.831470489502 37.7206115722656 37.6628570556641 37.6375007629395 37.7495384216309 37.5365180969238 37.648983001709 37.6707458496094 36.9355812072754 36.3777847290039 35.9612503051758 35.5042495727539 35.6260452270508 35.5983734130859 35.4376907348633 35.5685615539551 35.4781265258789 35.0225982666016 34.8839492797852 34.779956817627 34.6111907958984 34.1605529785156 33.9875144958496
38.3309478759766 38.419563293457 38.2879257202148 37.3679504394531 36.619743347168 36.5984001159668 36.7123222351074 36.5883865356445 36.353645324707 36.4836006164551 37.529655456543 37.9932632446289 38.2043838500977 38.3849487304688 38.3976211547852 38.3524742126465 38.3513488769531 38.2966499328613 38.2579078674316 38.2539215087891 38.264102935791 38.2218437194824 38.0685653686523 37.8758926391602 37.6653938293457 37.5143051147461 37.4995918273926 37.4571304321289 37.4514694213867 37.3533210754395 37.5334701538086 37.4234313964844 36.8921813964844 36.3180999755859 35.910945892334 36.222957611084 36.1854438781738 35.7443885803223 35.5631484985352 35.6256904602051 35.4751853942871 35.2454872131348 34.9587631225586 34.7317085266113 34.4208183288574 34.0664253234863
38.1351013183594 38.2156753540039 38.3273315429688 37.9204635620117 36.9780502319336 36.6591110229492 37.0068435668945 36.5418090820312 36.3995895385742 36.4813346862793 37.489574432373 38.0787963867188 38.286018371582 38.3769912719727 38.311164855957 38.2222747802734 38.2270202636719 38.2533340454102 38.2231712341309 38.1229820251465 38.1703186035156 38.2423706054688 38.1064834594727 37.961238861084 37.7757110595703 37.6228446960449 37.302604675293 37.1246452331543 36.796573638916 37.1196746826172 36.9641761779785 37.4867897033691 37.5286979675293 37.2031669616699 36.7425880432129 36.7723846435547 36.4392585754395 36.1116905212402 35.8259963989258 36.1721038818359 35.785961151123 35.5434341430664 35.3977165222168 35.2685203552246 35.0126724243164 34.8744430541992
38.0204391479492 38.0047454833984 38.1862640380859 38.2030487060547 37.7885208129883 37.5681571960449 37.5298080444336 37.200496673584 37.0123519897461 37.0261764526367 37.2080116271973 37.6001586914062 38.2146759033203 38.3421173095703 38.2290725708008 38.1488037109375 38.1507110595703 38.2001762390137 38.1646995544434 38.1042594909668 38.1255226135254 38.2324409484863 38.1863975524902 38.017333984375 37.9141159057617 37.7398910522461 37.4420547485352 37.2391891479492 36.8534393310547 37.0665512084961 36.4823112487793 36.8864440917969 37.101245880127 37.1209602355957 37.2332305908203 37.1187515258789 36.8465766906738 36.7122039794922 36.2969741821289 35.8383941650391 35.770149230957 35.8217620849609 35.6011352539062 35.4203491210938 35.4137725830078 35.279109954834
38.1084098815918 38.1141662597656 38.1685409545898 38.2025947570801 38.0959815979004 37.534595489502 37.5572280883789 37.6199569702148 37.4202499389648 37.3837432861328 37.6204071044922 37.9696655273438 38.2722396850586 38.3392105102539 38.2477722167969 38.0786437988281 38.139476776123 38.1377754211426 37.9554748535156 37.938777923584 38.063591003418 38.1454124450684 38.1937446594238 38.1029739379883 37.9911003112793 37.8499908447266 37.6747856140137 37.4350738525391 37.2800712585449 37.1335716247559 36.7431755065918 36.4216766357422 36.5446395874023 36.5105438232422 36.9187507629395 36.6442413330078 36.8998222351074 36.6806373596191 36.3511276245117 35.9724960327148 35.7593994140625 35.5705413818359 35.134952545166 34.6032562255859 35.1232109069824 35.2932929992676
38.2155151367188 38.2049140930176 38.1846122741699 38.1753044128418 38.0384635925293 37.3111839294434 37.1337814331055 37.5364761352539 37.4365768432617 37.1461296081543 37.4161071777344 38.0418243408203 38.2877960205078 38.3167266845703 38.2382354736328 38.0680923461914 38.0709266662598 37.8862342834473 37.6545753479004 37.7857666015625 38.059757232666 38.078784942627 38.152416229248 38.1439399719238 37.9910659790039 37.9323692321777 37.7746963500977 37.5140724182129 37.4331550598145 37.2248954772949 36.8483543395996 36.242805480957 35.9692192077637 36.0981330871582 36.5141563415527 36.640552520752 36.3101043701172 35.9931106567383 36.171215057373 36.1071586608887 35.7962684631348 35.5916557312012 35.1108245849609 34.3739967346191 34.7775039672852 35.1111259460449
38.2685279846191 38.2426643371582 38.2055053710938 38.1788291931152 38.1453475952148 37.8336982727051 37.4321327209473 37.2116241455078 37.2195625305176 37.0264434814453 37.4684448242188 38.055061340332 38.2695236206055 38.2801055908203 38.2026138305664 38.0358505249023 37.8956680297852 37.7149887084961 37.6128349304199 37.8600158691406 37.9771118164062 38.0483016967773 38.0156059265137 38.1067886352539 38.0520896911621 37.9696197509766 37.8237915039062 37.5796928405762 37.4690132141113 37.2882347106934 36.9105567932129 36.7348289489746 36.3192176818848 36.1468811035156 36.0962867736816 36.230655670166 36.4817352294922 36.343578338623 36.0150947570801 35.8305282592773 35.6460494995117 35.4747543334961 35.2505302429199 34.9634399414062 34.3861236572266 34.6476974487305
38.3012008666992 38.2612800598145 38.2227897644043 38.2142753601074 38.1493835449219 37.956958770752 37.7103691101074 37.1835327148438 37.0870246887207 37.2597007751465 37.6853065490723 38.0816497802734 38.2251243591309 38.2197761535645 38.1021575927734 37.9524688720703 37.694091796875 37.6255760192871 37.7278633117676 37.756404876709 37.8901214599609 37.8504791259766 37.6882209777832 37.9177589416504 38.0798072814941 37.9700698852539 37.7832527160645 37.6482162475586 37.5260925292969 37.428653717041 37.251895904541 37.0612907409668 36.778621673584 36.7275314331055 36.4302215576172 36.1214408874512 36.222785949707 36.2892150878906 36.0789413452148 35.9409027099609 35.8129348754883 35.608642578125 35.0597991943359 34.7137069702148 34.8284301757812 34.8449478149414
38.3151245117188 38.3313331604004 38.2869071960449 38.2558975219727 38.1555633544922 38.0577697753906 37.973876953125 37.6481475830078 37.226016998291 37.3155784606934 37.4663772583008 37.7527770996094 38.0147247314453 38.0591735839844 38.0064544677734 37.881420135498 37.7056045532227 37.5933074951172 37.4946479797363 37.5362434387207 37.750919342041 37.7695960998535 37.551815032959 37.9127922058105 38.1030235290527 38.0030784606934 37.867790222168 37.7314949035645 37.6616020202637 37.5577659606934 37.4481048583984 37.260913848877 36.967414855957 37.1535034179688 37.0329093933105 36.6916046142578 36.2933540344238 36.1908836364746 36.2989540100098 36.6709251403809 35.9921798706055 35.7565231323242 35.3941879272461 34.7787094116211 34.7149353027344 34.6054000854492
