inst/extdata/Tmax/Tmax60.asc
NCOLS 100 
NROWS 79 
XLLCORNER 148.06 
YLLCORNER -21.49 
CELLSIZE 0.01 
NODATA_value -3.4e+38 
[rows 40 to 59 of 79, columns 0 to 45 of 100]
34.607597351074197 34.2906074523926 34.3388710021973 34.3946647644043 34.2621879577637 34.4184989929199 34.3743019104004 34.1430320739746 33.5761604309082 34.1237297058105 34.9328727722168 35.3526725769043 35.4186515808105 35.5035362243652 35.6069793701172 35.3603324890137 35.0428009033203 34.6088027954102 33.9001998901367 34.5401916503906 34.5474052429199 34.4263496398926 34.3669090270996 33.8829193115234 32.7726898193359 31.98166847229 31.7586517333984 31.8840312957764 32.0486679077148 31.2941665649414 30.6442584991455 31.0679969787598 32.6393394470215 32.319149017334 32.0152740478516 32.4493103027344 32.3541221618652 31.968433380127 31.7120952606201 31.1656532287598 31.1333599090576 30.1447124481201 29.5574512481689 29.5517902374268 29.294132232666 29.1333312988281
34.7986717224121 34.3329658508301 34.1892471313477 34.3345794677734 34.2250175476074 34.3432312011719 34.3668327331543 34.251895904541 33.9599227905273 34.1296081542969 34.5690231323242 35.0249404907227 35.3333854675293 35.5644950866699 35.6405792236328 35.4715423583984 35.1132850646973 34.4876136779785 34.084659576416 34.2860946655273 34.3337135314941 34.0549697875977 34.2998847961426 33.9672660827637 33.1514511108398 32.5465660095215 31.7996273040771 31.7079200744629 31.9898796081543 31.4646968841553 31.0300331115723 31.7589721679688 32.628662109375 31.7072734832764 30.8612995147705 31.7949523925781 31.8673458099365 32.1515998840332 32.1248435974121 31.8529796600342 31.7228488922119 30.834680557251 29.3528575897217 29.2318172454834 29.3061790466309 29.2660274505615
34.635871887207 34.5952415466309 34.3398246765137 34.2077827453613 34.3005752563477 34.3449172973633 34.3318214416504 34.3017807006836 34.2765960693359 34.2348022460938 34.3144187927246 34.928295135498 35.3499641418457 35.5515785217285 35.5891075134277 35.5491180419922 35.2857818603516 34.8860893249512 34.6173934936523 34.5754203796387 34.4860725402832 33.6882858276367 33.6183624267578 33.9169998168945 33.9693641662598 33.4353141784668 32.3731689453125 31.9707260131836 31.8914585113525 31.6297168731689 30.6956977844238 31.8821601867676 31.9698219299316 30.7438640594482 29.9240627288818 30.8341693878174 30.8287696838379 31.6415596008301 31.8684158325195 31.5108184814453 31.2383728027344 31.325626373291 30.5806980133057 30.3341617584229 30.8700141906738 32.1418190002441
34.2080879211426 34.3489303588867 34.3383483886719 34.3487205505371 34.4020233154297 34.4096183776855 34.3817481994629 34.334602355957 34.4204750061035 34.4008560180664 34.4295921325684 34.9569435119629 35.286434173584 35.5006446838379 35.5469551086426 35.5868759155273 35.4800338745117 35.2162590026855 34.8812217712402 34.9492225646973 34.7470359802246 34.4377670288086 33.6051406860352 33.1823310852051 34.0401802062988 33.7927780151367 33.3065986633301 32.7137489318848 32.312873840332 32.1121253967285 31.1949939727783 31.1035556793213 31.9358196258545 31.3230056762695 30.651496887207 30.1872978210449 30.2693367004395 30.5169296264648 30.7448825836182 30.5075950622559 30.0498294830322 30.8272914886475 30.3245582580566 31.4909801483154 33.7343940734863 34.5212020874023
33.8788757324219 34.1051177978516 34.0858726501465 34.1026382446289 34.3475379943848 34.5053291320801 34.5547180175781 34.5024871826172 34.5952186584473 34.6701850891113 34.898551940918 35.0848655700684 35.2652816772461 35.4116973876953 35.5080451965332 35.5945129394531 35.5786666870117 35.4040641784668 35.2250022888184 35.1830825805664 35.0367660522461 34.8711013793945 34.5090942382812 34.2594757080078 34.0548629760742 33.4950256347656 33.8376884460449 33.6926116943359 33.3059997558594 32.4686317443848 31.7262058258057 31.7309856414795 32.1438064575195 32.3672256469727 32.0154304504395 30.6741809844971 29.3403606414795 29.3036499023438 29.4090900421143 29.7440795898438 29.6211605072021 30.1756153106689 29.6880664825439 30.538330078125 32.7835960388184 34.5474433898926
33.9082069396973 33.9800453186035 33.8096923828125 33.6966133117676 33.9437408447266 34.232608795166 34.5357437133789 34.7013053894043 34.802360534668 34.9351768493652 35.0397911071777 34.9588203430176 34.6969146728516 35.1838455200195 35.4895286560059 35.569751739502 35.5937118530273 35.5176734924316 35.4212379455566 35.3577041625977 35.260669708252 35.1404609680176 35.0879173278809 34.3356628417969 33.9156837463379 33.8373985290527 33.9656181335449 33.7611503601074 33.542308807373 32.9176330566406 31.4140796661377 31.6543064117432 32.0536689758301 32.1498184204102 32.2893028259277 31.186882019043 29.8766059875488 29.6352920532227 29.667272567749 30.10329246521 29.5084552764893 29.8718967437744 30.2564964294434 30.5783805847168 31.69651222229 33.184627532959
33.7748832702637 33.7519302368164 33.7488441467285 33.6726570129395 33.5711708068848 33.6288909912109 34.2488403320312 34.4216041564941 34.5906829833984 34.6310348510742 34.9216728210449 35.067985534668 34.7740058898926 35.1147918701172 35.4184722900391 35.5360374450684 35.5702323913574 35.4949264526367 35.4615821838379 35.4278450012207 35.3501739501953 35.2782287597656 35.1671714782715 34.5848350524902 33.569896697998 33.7246704101562 33.967586517334 33.6929931640625 33.6460609436035 33.4781799316406 32.4992942810059 32.1106910705566 31.6853446960449 32.0244293212891 32.2106437683105 31.6399364471436 30.4861888885498 30.7655296325684 30.2339134216309 30.9509162902832 30.3732986450195 30.5323543548584 30.6401767730713 30.7911262512207 30.7989044189453 30.5789318084717
34.2528419494629 33.5878295898438 33.4949073791504 33.4399032592773 33.412281036377 33.5382232666016 33.9007339477539 33.8615341186523 34.1881942749023 34.2661094665527 34.3835372924805 34.4813194274902 34.7315979003906 35.1025581359863 35.3585090637207 35.5249290466309 35.5356292724609 35.3934898376465 35.1838073730469 35.0783195495605 35.2627258300781 35.0453491210938 35.0846481323242 35.018253326416 34.4591865539551 34.3522987365723 34.3958129882812 34.1519660949707 33.9565391540527 33.6935081481934 32.8510284423828 32.4124565124512 31.5464763641357 32.0497703552246 32.1194648742676 31.8469314575195 31.3234272003174 31.6194534301758 31.3047218322754 31.6234302520752 31.311975479126 31.0777053833008 30.9027824401855 30.7311325073242 30.3616466522217 30.1262741088867
35.0976905822754 34.138801574707 33.3564071655273 33.2046241760254 33.335765838623 33.5233497619629 33.4519958496094 33.4500350952148 33.8501472473145 34.2341995239258 34.3409538269043 34.3361968994141 34.6415863037109 35.0430679321289 35.3635864257812 35.4663581848145 35.5005187988281 35.4189262390137 35.2215728759766 34.9546699523926 35.0601501464844 35.0059471130371 34.9214096069336 35.1019706726074 34.9799003601074 34.8602256774902 34.5240821838379 34.2799263000488 34.1832504272461 33.8307876586914 33.3547172546387 32.7906227111816 31.7314758300781 31.9381847381592 31.9166927337646 32.0066795349121 31.8988437652588 31.8799533843994 31.7522926330566 31.5391960144043 30.6249847412109 30.4600315093994 30.6436157226562 30.3849468231201 30.2486534118652 29.9011936187744
35.4171371459961 34.8178825378418 33.8357620239258 33.250171661377 33.2354202270508 33.2243995666504 33.2488288879395 33.5986061096191 33.8953018188477 33.7832298278809 34.5675926208496 34.8707656860352 35.0229682922363 35.1664390563965 35.3067207336426 35.4297637939453 35.4617767333984 35.402099609375 35.2880058288574 35.1248550415039 35.007755279541 34.9329223632812 34.7145500183105 34.7804718017578 35.0063247680664 35.0012626647949 34.7432327270508 34.0688323974609 33.4604873657227 33.8101005554199 33.4478721618652 33.0762329101562 32.0855178833008 31.7301826477051 31.4839782714844 31.8746299743652 31.9860153198242 31.876501083374 31.8381481170654 31.4652824401855 30.6805152893066 30.2873764038086 30.4527492523193 30.0834102630615 29.9927959442139 29.8990287780762
35.4000358581543 35.2098541259766 34.6550483703613 33.9254531860352 33.3797454833984 33.0720024108887 33.2305107116699 33.5523071289062 33.5961227416992 33.9803657531738 34.7146873474121 35.0207672119141 35.1955413818359 35.3409729003906 35.3817253112793 35.4292030334473 35.3036651611328 35.3231887817383 35.3463287353516 35.2613639831543 35.1347007751465 34.9452209472656 34.7113342285156 34.6225776672363 34.7736129760742 34.8394927978516 34.9127006530762 34.6266708374023 34.2855758666992 34.1154747009277 33.4440612792969 33.2529792785645 32.2229995727539 31.7290744781494 31.0719566345215 31.5780754089355 31.751220703125 31.7547492980957 31.8305740356445 31.6139297485352 30.980016708374 30.8115577697754 30.6970462799072 30.48020362854 30.1542186737061 29.9749145507812
35.3502960205078 35.333927154541 35.0241317749023 34.2157516479492 33.598690032959 33.3100318908691 33.2629280090332 33.346996307373 33.0965538024902 33.2521057128906 34.253173828125 34.7679061889648 35.0072479248047 35.2798881530762 35.4033851623535 35.3711471557617 35.2920799255371 35.2950439453125 35.2658805847168 35.2659072875977 35.159351348877 35.0376319885254 34.9200210571289 34.6757278442383 34.5426483154297 34.479377746582 34.4530410766602 34.6022834777832 34.333927154541 34.4955673217773 34.5374031066895 33.5580368041992 32.8276214599609 32.2833709716797 31.6834545135498 31.8576736450195 31.8144187927246 31.6099834442139 31.7968788146973 31.6865215301514 31.0842933654785 30.9112281799316 30.7810554504395 30.5926570892334 30.1003856658936 29.9070873260498
35.1291809082031 35.2490463256836 35.0778617858887 33.9397735595703 33.1292839050293 33.1008415222168 33.2017288208008 33.0626945495605 32.8041725158691 32.938591003418 34.1645965576172 34.7637023925781 35.0510215759277 35.2987251281738 35.3277244567871 35.2813682556152 35.2868003845215 35.2164039611816 35.1784782409668 35.1860427856445 35.2122459411621 35.1524925231934 34.9643974304199 34.7241973876953 34.4599800109863 34.2735404968262 34.2610282897949 34.2060508728027 34.2112655639648 34.0941505432129 34.3453750610352 34.1951599121094 33.5026245117188 32.7502212524414 32.2183151245117 32.6469764709473 32.5912132263184 32.0121459960938 31.7802734375 31.8754806518555 31.6843338012695 31.3802337646484 30.9928607940674 30.7257785797119 30.3845252990723 29.9960460662842
34.8624954223633 34.9718399047852 35.1155967712402 34.5990829467773 33.5137100219727 33.1649932861328 33.517333984375 33.0114097595215 32.8526420593262 32.9350547790527 34.0993499755859 34.861988067627 35.1440696716309 35.2748603820801 35.2014045715332 35.0977821350098 35.1108436584473 35.1461372375488 35.119327545166 35.0009002685547 35.0755882263184 35.1655502319336 35.0003128051758 34.822509765625 34.591381072998 34.4028167724609 33.9873161315918 33.7529144287109 33.3307800292969 33.7710227966309 33.5772552490234 34.2650566101074 34.3334693908691 33.914722442627 33.3147811889648 33.3668479919434 32.9173240661621 32.4912528991699 32.1201477050781 32.5956916809082 32.089183807373 31.7687225341797 31.5719966888428 31.4087543487549 31.0742053985596 30.8978672027588
34.7019577026367 34.6865005493164 34.9206504821777 34.9534149169922 34.426887512207 34.1516342163086 34.0954399108887 33.7190895080566 33.511360168457 33.5204429626465 33.7200622558594 34.2255477905273 35.0384101867676 35.2166137695312 35.0814781188965 34.9889907836914 34.9982070922852 35.0636520385742 35.0297698974609 34.9632225036621 35.0036582946777 35.1391868591309 35.0916786193848 34.882740020752 34.7599563598633 34.5435562133789 34.1581153869629 33.89111328125 33.3931198120117 33.6874122619629 32.924747467041 33.4559097290039 33.7533111572266 33.7920227050781 33.9537391662598 33.8143463134766 33.4473495483398 33.2805366516113 32.7378807067871 32.1353759765625 32.0551643371582 32.1300086975098 31.8330726623535 31.600757598877 31.6027507781982 31.4318923950195
34.8034591674805 34.8160285949707 34.8855934143066 34.9406509399414 34.8135375976562 34.1043891906738 34.1190719604492 34.2114677429199 33.9626541137695 33.9260597229004 34.2454223632812 34.6946868896484 35.1005973815918 35.1999168395996 35.0929107666016 34.8844375610352 34.9705009460449 34.9689826965332 34.7429313659668 34.7333984375 34.909252166748 35.0117835998535 35.087776184082 34.981575012207 34.8475189208984 34.6748313903809 34.4513282775879 34.1363182067871 33.944091796875 33.7627487182617 33.2579383850098 32.8259010314941 33.0010223388672 32.9675521850586 33.5223922729492 33.1694450378418 33.5046348571777 33.2248840332031 32.7970123291016 32.3021545410156 32.0278854370117 31.7797889709473 31.1935367584229 30.5896453857422 31.1985454559326 31.4382839202881
34.9298439025879 34.9212913513184 34.8941917419434 34.8930168151855 34.7266807556152 33.8642463684082 33.6520957946777 34.090763092041 33.9717178344727 33.6481246948242 33.9669456481934 34.7759132385254 35.1079368591309 35.1576156616211 35.0674209594727 34.8576278686523 34.867862701416 34.6270561218262 34.3360214233398 34.519847869873 34.8908386230469 34.9110336303711 35.0200653076172 35.0216331481934 34.8338279724121 34.769401550293 34.5691604614258 34.2269020080566 34.1326332092285 33.8700790405273 33.3841667175293 32.5756034851074 32.2233657836914 32.4060440063477 32.9710884094238 33.1511497497559 32.7055397033691 32.2940216064453 32.543384552002 32.4692573547363 32.0643920898438 31.7953796386719 31.1487712860107 30.3441314697266 30.7707576751709 31.180118560791
34.9896965026855 34.9613876342773 34.9123916625977 34.8887062072754 34.8562622070312 34.4632606506348 33.9748725891113 33.7328262329102 33.7355766296387 33.5227394104004 34.0261077880859 34.783634185791 35.0744514465332 35.100170135498 35.0112228393555 34.805778503418 34.6291809082031 34.3933219909668 34.2715606689453 34.6070137023926 34.7724838256836 34.8607788085938 34.8303909301758 34.9623947143555 34.9033126831055 34.8077087402344 34.623119354248 34.3028259277344 34.1694717407227 33.9433860778809 33.4563903808594 33.2183151245117 32.6787338256836 32.4611701965332 32.4051742553711 32.5953826904297 32.9239120483398 32.7515602111816 32.3246841430664 32.0892143249512 31.8533058166504 31.6288528442383 31.3268947601318 30.9805564880371 30.3544578552246 30.6285190582275
35.0184059143066 34.9720115661621 34.9212799072266 34.9210472106934 34.8479270935059 34.6095390319824 34.2835388183594 33.7015075683594 33.5923233032227 33.7715454101562 34.2947654724121 34.8044624328613 35.0027732849121 35.007640838623 34.8663101196289 34.683032989502 34.3521156311035 34.2626266479492 34.4081344604492 34.4574089050293 34.6444396972656 34.5875816345215 34.387134552002 34.7003173828125 34.9252128601074 34.7938613891602 34.5555992126465 34.3788719177246 34.2305450439453 34.1145439147949 33.8936233520508 33.6366996765137 33.2745399475098 33.218692779541 32.8357887268066 32.436653137207 32.5656356811523 32.6655464172363 32.3965835571289 32.2234764099121 32.0634994506836 31.7953395843506 31.091236114502 30.7135963439941 30.8298244476318 30.8407173156738
35.0239028930664 35.0499954223633 34.9915885925293 34.9622459411621 34.8432464599609 34.7274971008301 34.6125946044922 34.2010192871094 33.7408485412598 33.830924987793 33.9973754882812 34.3637504577637 34.7158966064453 34.7853355407715 34.7283668518066 34.5771484375 34.3539772033691 34.2072830200195 34.0899620056152 34.1560287475586 34.4487648010254 34.4680786132812 34.1947479248047 34.6800270080566 34.9416694641113 34.8232307434082 34.6527900695801 34.4745826721191 34.3951225280762 34.2708778381348 34.1387786865234 33.8868293762207 33.510986328125 33.7693099975586 33.6218185424805 33.1811943054199 32.6463241577148 32.5213088989258 32.6766204833984 33.183780670166 32.2899398803711 31.9803276062012 31.4942016601562 30.7842140197754 30.709171295166 30.5850734710693
