inst/extdata/Tmax/Tmax97.asc
NCOLS 100 
NROWS 79 
XLLCORNER 148.06 
YLLCORNER -21.49 
CELLSIZE 0.01 
NODATA_value -3.4e+38 
[rows 0 to 19 of 79, columns 0 to 45 of 100]
30.395647048950199 30.0574989318848 29.1350326538086 29.4913864135742 29.660982131958 30.1237487792969 30.3613967895508 30.5660400390625 30.5479011535645 30.388952255249 29.9205341339111 29.739107131958 29.6807136535645 28.4445285797119 28.9643936157227 29.4206981658936 29.8550510406494 29.8462905883789 29.0297164916992 28.3709144592285 28.2463340759277 27.3201522827148 27.7827320098877 29.127233505249 29.683744430542 29.9719200134277 29.8735885620117 29.9495868682861 29.645133972168 29.2817001342773 28.3923645019531 26.4815635681152 27.8300552368164 27.7660827636719 26.5415802001953 25.4340476989746 25.3465099334717 25.0323009490967 25.7808132171631 27.7664222717285 29.409065246582 29.7240009307861 30.53493309021 30.9197826385498 31.1285495758057 31.2916145324707
30.2099056243896 29.6893939971924 28.987964630127 29.0729484558105 28.5679779052734 29.4408359527588 30.0607318878174 30.4284858703613 30.5927143096924 30.4921417236328 30.1573905944824 29.8623943328857 30.0074672698975 29.5949039459229 29.4489879608154 29.3557014465332 29.8174667358398 29.8739433288574 28.8634262084961 28.2738513946533 28.8414897918701 28.6115341186523 28.521068572998 29.0048198699951 29.5195903778076 29.7375259399414 30.0687999725342 30.0382308959961 29.8370342254639 29.635929107666 28.7726631164551 27.33935546875 28.5936279296875 28.1823844909668 27.5008506774902 26.5115509033203 26.0807571411133 26.4962882995605 27.660852432251 28.8789596557617 30.4999351501465 30.9785861968994 31.1412143707275 31.1638374328613 31.2461814880371 31.3146915435791
30.1928291320801 29.3966312408447 29.5024070739746 29.6503772735596 29.2125053405762 29.3528251647949 29.8047962188721 30.4322509765625 30.6526203155518 30.5323295593262 30.2505207061768 30.1462097167969 30.0765495300293 30.0453624725342 29.7526836395264 29.6220436096191 29.8767871856689 30.0632820129395 29.4823551177979 29.3082065582275 29.1795978546143 28.8706893920898 28.6549892425537 28.8082981109619 29.7279109954834 30.0402717590332 29.8978271484375 29.9009437561035 29.9249458312988 29.6184272766113 29.7039642333984 28.6889572143555 28.9733123779297 27.68994140625 27.394136428833 26.7455005645752 26.231372833252 25.7482433319092 26.8686771392822 28.1771850585938 29.6882591247559 30.8147525787354 31.1931114196777 31.2907676696777 31.2936134338379 31.267162322998
30.4072036743164 30.0543155670166 29.7119560241699 30.3834133148193 29.8651580810547 29.4471168518066 29.8773250579834 30.5107135772705 30.721076965332 30.5995178222656 30.4684906005859 30.4607448577881 30.3733425140381 30.2224712371826 29.7855758666992 29.6302165985107 30.0458278656006 30.1225357055664 29.9114665985107 29.4397506713867 29.1246318817139 28.7597789764404 28.8685836791992 28.8559017181396 29.5083274841309 30.0029106140137 29.6427268981934 29.9576168060303 29.7848205566406 28.922607421875 29.5484924316406 29.6626834869385 28.8849964141846 27.576244354248 26.9955368041992 26.0919914245605 26.4182567596436 25.9121398925781 25.812915802002 25.3156795501709 27.0104675292969 29.9467067718506 30.9835090637207 31.2513046264648 30.9994945526123 30.9133758544922
30.9921131134033 30.4178504943848 30.1680564880371 30.6294765472412 30.4023456573486 29.7394123077393 29.8107566833496 30.5357189178467 30.7252998352051 30.3424282073975 30.3732662200928 30.6307010650635 30.5198783874512 30.2417163848877 29.8749046325684 30.0678195953369 30.1886348724365 29.9331855773926 29.464822769165 28.7100658416748 28.9311504364014 29.1453895568848 29.3101558685303 29.5469875335693 29.5807685852051 29.2498970031738 30.0831851959229 29.688591003418 29.5729808807373 29.0696239471436 29.4846134185791 29.324878692627 29.0175609588623 27.9841709136963 27.4588069915771 27.8196506500244 27.5223426818848 26.9617919921875 26.4086284637451 25.6432762145996 25.2919883728027 29.0064449310303 30.6617660522461 31.1472206115723 30.4236621856689 29.6721229553223
31.1507701873779 30.8947715759277 30.1564426422119 30.6417407989502 30.7474231719971 30.3167991638184 30.0445976257324 30.5686912536621 30.7732982635498 30.4814605712891 30.3861179351807 30.7157249450684 30.5689163208008 30.292064666748 29.604808807373 30.184268951416 30.1270561218262 29.6656608581543 29.1048526763916 28.6856670379639 28.8184776306152 29.1282405853271 29.4935779571533 29.5194778442383 29.8682918548584 29.7774868011475 29.8988075256348 29.0979175567627 29.1208248138428 27.9831409454346 28.8009204864502 29.3580627441406 29.4896907806396 29.1571311950684 28.801549911499 28.7597904205322 27.8888072967529 27.3887119293213 27.0633735656738 26.2089729309082 25.6937847137451 28.540979385376 30.5357418060303 31.0996379852295 30.5908069610596 28.372615814209
31.3526306152344 31.0815010070801 30.6825771331787 30.8943405151367 30.8661479949951 30.4774360656738 29.8018627166748 30.4432964324951 30.6787452697754 30.8607559204102 30.8219566345215 30.6829414367676 30.2369766235352 30.3884124755859 30.3822650909424 30.2513389587402 30.0714702606201 29.4882659912109 29.2852077484131 28.9861602783203 28.3891677856445 28.6446952819824 29.1816959381104 29.6325912475586 30.0480098724365 29.9935970306396 30.0484313964844 29.4811363220215 29.1140193939209 27.8408184051514 27.8749923706055 28.0378704071045 29.1097030639648 29.323184967041 28.8489780426025 28.7570877075195 28.1714267730713 26.6938018798828 26.9824905395508 26.5313777923584 26.3841819763184 28.3387641906738 30.3054065704346 30.8469047546387 30.6356887817383 28.8506984710693
31.3467445373535 31.2480640411377 30.9484786987305 31.0088596343994 30.9910717010498 30.7219142913818 30.1077175140381 29.9964580535889 30.3692016601562 30.7802600860596 30.9307899475098 30.6371612548828 29.9157028198242 30.1901779174805 30.4744338989258 29.7388286590576 29.7172317504883 28.912561416626 28.8593292236328 28.6327342987061 27.9356269836426 28.4819583892822 28.9839763641357 29.6242065429688 30.1772613525391 30.2200012207031 29.794017791748 29.3293075561523 29.1597232818604 28.3505783081055 26.9470710754395 27.2976818084717 27.6945648193359 28.3741264343262 28.827953338623 28.1945495605469 28.3115310668945 27.375804901123 26.3131580352783 26.6537609100342 26.9144973754883 28.178279876709 29.333517074585 30.4769916534424 30.4521503448486 28.4893589019775
31.0807991027832 31.3324241638184 31.1681995391846 31.1411285400391 31.020040512085 30.770263671875 30.399787902832 29.9099063873291 30.1315937042236 30.7382965087891 30.9447498321533 30.9191360473633 30.7113876342773 30.5698833465576 30.1913814544678 29.3758010864258 29.6221351623535 29.3769359588623 29.5559597015381 28.5731391906738 28.6023006439209 28.4728736877441 28.6119613647461 29.3862400054932 30.0691146850586 30.3025779724121 29.3095302581787 28.3740653991699 28.4988098144531 28.4263973236084 27.8086605072021 27.2391185760498 26.7982387542725 27.3318138122559 28.3586597442627 27.7174091339111 27.4963436126709 27.4711418151855 26.4660358428955 26.1427879333496 26.4124984741211 26.5608005523682 27.5870151519775 29.3791961669922 29.9258346557617 28.5769386291504
30.7618541717529 31.2242832183838 31.3126907348633 31.1795654296875 30.9736652374268 30.8653755187988 30.6748847961426 30.1856727600098 29.8470306396484 30.6370792388916 30.9337787628174 30.5152492523193 29.7414436340332 29.844123840332 29.988883972168 29.9898529052734 30.0621871948242 29.9260272979736 29.7221412658691 29.40452003479 29.0725803375244 28.410041809082 28.8050746917725 29.7600402832031 30.2943344116211 30.2080554962158 29.4536361694336 29.3071689605713 28.772970199585 28.2360076904297 26.9011573791504 26.5184345245361 27.7181873321533 27.5926513671875 27.3938083648682 27.1652069091797 26.9622611999512 27.312313079834 26.7441635131836 25.9570426940918 26.0212535858154 25.4479846954346 26.4097099304199 27.7232074737549 28.1048412322998 27.4363822937012
30.4028491973877 30.7583770751953 31.3205337524414 31.2387561798096 31.1153125762939 31.0484809875488 30.8668632507324 30.4750270843506 30.4851932525635 30.7778739929199 30.9694576263428 30.5756320953369 30.2279815673828 29.4221515655518 29.6427249908447 29.9945831298828 30.1717967987061 30.4242000579834 29.9454193115234 29.7515468597412 29.3321113586426 28.9591865539551 29.0701885223389 29.7326545715332 30.2527809143066 30.1758518218994 29.4299964904785 28.6273860931396 27.5548477172852 27.5808143615723 27.2138347625732 27.188850402832 28.1596794128418 27.9062728881836 26.94846534729 26.6973876953125 27.2529392242432 26.9660930633545 26.5761203765869 26.0013256072998 26.0901432037354 25.842264175415 25.4949016571045 26.3212547302246 26.8297271728516 27.2064056396484
30.2175979614258 30.3042545318604 31.2754859924316 31.2989940643311 31.2302646636963 31.1167984008789 30.9583320617676 30.6072597503662 30.6798648834229 31.041051864624 31.0092830657959 30.8237018585205 30.4363098144531 29.9092960357666 29.8233833312988 30.1964321136475 30.5857753753662 30.6047782897949 30.3381214141846 29.8450603485107 29.3048992156982 28.9707088470459 29.1814575195312 29.3808288574219 29.656322479248 30.0684490203857 29.0037727355957 28.1537590026855 27.5143928527832 27.8050556182861 27.9077453613281 27.8523654937744 28.3441734313965 27.7845935821533 27.536434173584 27.4669551849365 27.0317211151123 26.4150676727295 27.0200958251953 27.3034152984619 26.8514671325684 26.3921127319336 25.8484764099121 26.3682308197021 26.9825077056885 27.4564647674561
30.3887157440186 30.9516067504883 31.2591724395752 31.2318649291992 31.2741298675537 31.1936893463135 31.0712623596191 30.6730003356934 30.8006439208984 31.1837406158447 30.9868297576904 30.9446315765381 30.7289810180664 30.8411312103271 30.7592678070068 30.767183303833 30.8164443969727 30.7555904388428 30.5296039581299 29.9651832580566 29.687162399292 29.9081840515137 30.2365398406982 30.532865524292 30.3958129882812 29.9452838897705 29.7513408660889 29.2367324829102 28.8568363189697 28.6806755065918 28.7819766998291 28.5887813568115 28.5107917785645 27.8998355865479 27.3066520690918 26.8388977050781 26.2851181030273 27.5315456390381 27.8804550170898 27.8497257232666 26.3939666748047 26.3497104644775 25.8476276397705 25.5783004760742 27.0480880737305 27.7055473327637
30.8664779663086 31.1132125854492 31.1904239654541 31.1081218719482 31.1544818878174 31.2393665313721 31.2108306884766 31.1026725769043 30.895658493042 31.0822696685791 31.0774345397949 31.0338306427002 30.9171257019043 30.8304443359375 30.7382564544678 30.6797313690186 30.8810577392578 30.8117961883545 30.679126739502 30.5807018280029 30.4942741394043 30.4892539978027 30.2874450683594 30.4518375396729 29.9798278808594 28.8684997558594 28.8430728912354 28.4162158966064 27.8320579528809 28.720495223999 29.061222076416 29.0554847717285 28.2491321563721 27.9407596588135 27.8368835449219 27.8027114868164 27.8166999816895 27.5004863739014 28.2227325439453 28.6366729736328 28.086311340332 27.6179504394531 26.9398651123047 26.3677349090576 27.5713367462158 28.1604194641113
30.0235748291016 30.6654758453369 31.145486831665 31.0763416290283 30.9591979980469 31.1012763977051 31.0907974243164 30.9292125701904 30.4836292266846 30.5667476654053 30.9748401641846 30.7934532165527 30.2281341552734 30.4482574462891 30.6874809265137 30.0933933258057 30.622091293335 30.8636150360107 30.8355484008789 30.8081855773926 30.7740039825439 30.3503952026367 29.65846824646 30.1314430236816 29.9689025878906 29.6934185028076 29.6430187225342 29.2976207733154 28.9207458496094 29.2431621551514 29.2234573364258 28.9689960479736 28.5023937225342 28.8023586273193 28.7899475097656 27.7795600891113 28.4348316192627 27.529447555542 27.9149723052979 28.7940082550049 28.8017044067383 28.551643371582 27.7437992095947 26.8592548370361 27.5866355895996 28.469877243042
29.190767288208 30.1836090087891 31.0056209564209 31.153205871582 31.0987243652344 31.0995845794678 31.0208587646484 30.924654006958 30.7092113494873 30.1622867584229 29.7477321624756 30.6120223999023 29.708309173584 29.3962821960449 30.4010467529297 30.029504776001 30.0434665679932 30.6033134460449 30.665922164917 30.6973533630371 30.7386360168457 30.7476692199707 30.6209259033203 30.384069442749 29.9394798278809 29.53883934021 29.5907096862793 29.5569629669189 29.5228214263916 29.3478336334229 29.1880645751953 28.7747840881348 28.4995861053467 29.2387180328369 29.1323223114014 28.8634490966797 28.9127464294434 28.3138809204102 27.9597663879395 28.7395648956299 28.9862937927246 28.3239650726318 26.9657459259033 25.7972316741943 26.3091564178467 28.2356090545654
30.1402740478516 29.9874992370605 30.6188049316406 30.8292484283447 31.0862255096436 31.0810279846191 30.9854736328125 30.8590431213379 30.7156753540039 30.4210090637207 29.7377891540527 30.2380313873291 29.1170635223389 28.881420135498 29.731632232666 29.6038494110107 28.8947334289551 30.1308193206787 30.1551876068115 30.1642951965332 30.4833984375 30.7002124786377 30.6206970214844 30.1728496551514 29.2766571044922 28.6802272796631 28.2964935302734 28.692756652832 29.3271808624268 28.7293605804443 28.5248527526855 27.7469577789307 28.5451469421387 29.4990139007568 29.3258762359619 29.1433620452881 29.2333202362061 28.7925262451172 28.4216251373291 28.7653713226318 29.0183448791504 27.8310718536377 26.7895221710205 27.1574745178223 27.5707263946533 28.251335144043
30.2732810974121 30.6613159179688 30.7552108764648 30.7777996063232 30.9374313354492 31.0260486602783 30.9942378997803 30.9308090209961 30.7873878479004 30.3097991943359 29.9077739715576 29.5338821411133 29.1291217803955 28.7977466583252 29.3598403930664 29.2372741699219 29.299446105957 29.1401081085205 28.8987426757812 28.9100532531738 30.1976356506348 30.5369472503662 30.5454711914062 30.458309173584 29.8369121551514 28.6251754760742 27.183198928833 28.083568572998 28.9759578704834 27.9925937652588 28.4255523681641 29.0895614624023 29.4397125244141 29.76953125 29.7046298980713 29.51780128479 29.0363178253174 28.1722965240479 28.6948299407959 28.9752464294434 29.3559417724609 29.0135955810547 28.8856773376465 28.8941860198975 28.8737812042236 28.2942657470703
30.5160217285156 30.515926361084 30.3693218231201 30.4857196807861 30.9735622406006 30.8784408569336 30.9333782196045 30.9465599060059 30.8748931884766 30.5172138214111 29.3609924316406 29.4768505096436 29.0619106292725 28.0474586486816 28.7216300964355 28.5182266235352 28.374828338623 27.7587184906006 28.5583763122559 28.9796581268311 30.1838302612305 30.2501411437988 30.4315452575684 30.576961517334 29.677209854126 28.5689678192139 27.3941783905029 28.2443866729736 28.9238548278809 28.430549621582 28.9864749908447 29.5005912780762 29.9449234008789 29.9824867248535 29.5377807617188 29.288064956665 28.9372825622559 28.681209564209 29.2790336608887 29.4037685394287 29.4789943695068 29.427698135376 29.329683303833 28.6629390716553 27.7925186157227 27.7844009399414
30.6604518890381 30.6630363464355 30.6521244049072 30.5125293731689 30.9804649353027 30.9952983856201 30.9670963287354 30.9364337921143 30.8925380706787 30.8132953643799 30.486701965332 29.7274932861328 28.9204387664795 27.8577728271484 28.1514358520508 28.1235466003418 27.7406883239746 28.0069408416748 28.2383213043213 29.3305606842041 30.1954822540283 29.7852821350098 30.5720844268799 30.43630027771 29.8291358947754 29.6020622253418 28.5089874267578 28.6560554504395 29.0546264648438 28.9012432098389 29.5790843963623 29.5838565826416 30.0889663696289 30.0439167022705 29.9139385223389 29.6815376281738 28.8253955841064 29.0375232696533 29.3492259979248 29.3756618499756 29.4443912506104 29.3301239013672 29.2844142913818 28.767765045166 28.7203731536865 28.6145648956299
