inst/extdata/Tmax/Tmax146.asc
NCOLS 100 
NROWS 79 
XLLCORNER 148.06 
YLLCORNER -21.49 
CELLSIZE 0.01 
NODATA_value -3.4e+38 
[rows 0 to 19 of 79, columns 46 to 91 of 100]
37.3843803405762 37.1950187683105 37.0791854858398 37.061149597168 37.0248870849609 36.8760223388672 37.0560417175293 36.873592376709 36.6713943481445 36.4848022460938 36.369930267334 36.0830459594727 35.9535446166992 36.1178817749023 36.3206977844238 36.1847648620605 36.0090675354004 35.7823753356934 35.4300956726074 35.1641006469727 34.9242935180664 -3.4e+38 -3.4e+38 -3.4e+38 -3.4e+38 -3.4e+38 -3.4e+38 -3.4e+38 -3.4e+38 -3.4e+38 -3.4e+38 -3.4e+38 -3.4e+38 -3.4e+38 -3.4e+38 -3.4e+38 -3.4e+38 -3.4e+38 -3.4e+38 -3.4e+38 -3.4e+38 -3.4e+38 -3.4e+38 -3.4e+38 -3.4e+38 -3.4e+38
37.3636703491211 37.0766334533691 36.8420257568359 37.0673980712891 37.2024726867676 37.168773651123 37.1084060668945 36.9928283691406 36.6512260437012 36.2095069885254 36.297420501709 35.7632293701172 36.2040901184082 36.4474296569824 36.3825073242188 36.2403106689453 36.0852699279785 35.900016784668 35.6528129577637 35.4957313537598 35.3246002197266 35.1267051696777 -3.4e+38 -3.4e+38 -3.4e+38 -3.4e+38 -3.4e+38 -3.4e+38 -3.4e+38 -3.4e+38 -3.4e+38 -3.4e+38 -3.4e+38 -3.4e+38 -3.4e+38 -3.4e+38 -3.4e+38 -3.4e+38 -3.4e+38 -3.4e+38 -3.4e+38 -3.4e+38 -3.4e+38 -3.4e+38 -3.4e+38 -3.4e+38
37.2804679870605 36.5482559204102 35.7306022644043 37.0325775146484 37.2002830505371 37.1744079589844 37.1397933959961 37.0631713867188 36.8206329345703 36.2369995117188 36.2877998352051 36.3835906982422 36.4198570251465 36.520938873291 36.4470634460449 36.3048133850098 36.175724029541 36.0348930358887 35.865047454834 35.6091537475586 35.5082015991211 35.2600975036621 34.9217185974121 34.5009002685547 -3.4e+38 -3.4e+38 -3.4e+38 -3.4e+38 -3.4e+38 -3.4e+38 -3.4e+38 -3.4e+38 -3.4e+38 -3.4e+38 -3.4e+38 -3.4e+38 -3.4e+38 -3.4e+38 -3.4e+38 -3.4e+38 -3.4e+38 -3.4e+38 -3.4e+38 -3.4e+38 -3.4e+38 -3.4e+38
36.8918991088867 36.9386024475098 35.8820953369141 36.9424819946289 37.1082382202148 37.1232604980469 37.1612739562988 37.0443382263184 36.8949813842773 36.5546646118164 36.4206771850586 36.1479301452637 36.4420738220215 36.5270690917969 36.5112571716309 36.3745803833008 36.282283782959 36.1769676208496 36.0066146850586 35.6169357299805 35.3656730651855 35.3054885864258 35.1624641418457 35.00634765625 34.7515830993652 34.1607856750488 -3.4e+38 -3.4e+38 -3.4e+38 -3.4e+38 -3.4e+38 -3.4e+38 -3.4e+38 -3.4e+38 -3.4e+38 -3.4e+38 -3.4e+38 -3.4e+38 -3.4e+38 -3.4e+38 -3.4e+38 -3.4e+38 -3.4e+38 -3.4e+38 -3.4e+38 -3.4e+38
36.8913993835449 36.90185546875 35.7347183227539 35.9430351257324 36.6806106567383 37.1217765808105 37.1821746826172 37.0251350402832 36.9718017578125 36.6489067077637 36.3355560302734 36.1247215270996 35.7308654785156 36.300350189209 36.5017318725586 36.3801612854004 36.376708984375 36.2957458496094 36.0292549133301 35.2798156738281 34.7290687561035 35.3687515258789 35.3821296691895 35.2581100463867 34.9071388244629 34.4519195556641 -3.4e+38 -3.4e+38 -3.4e+38 -3.4e+38 -3.4e+38 -3.4e+38 -3.4e+38 -3.4e+38 -3.4e+38 -3.4e+38 -3.4e+38 -3.4e+38 -3.4e+38 -3.4e+38 -3.4e+38 -3.4e+38 -3.4e+38 -3.4e+38 -3.4e+38 -3.4e+38
36.0882415771484 36.783130645752 35.2928771972656 34.6725845336914 36.3450164794922 37.2002410888672 37.1203727722168 37.0425071716309 36.9659423828125 36.5560722351074 35.6521301269531 35.3082427978516 35.5959243774414 36.4444427490234 36.3247337341309 36.4413757324219 36.4549369812012 36.3517608642578 36.2209167480469 35.5740051269531 34.8225860595703 34.8464279174805 35.2688064575195 35.2452964782715 35.1226539611816 34.9142684936523 -3.4e+38 -3.4e+38 -3.4e+38 -3.4e+38 -3.4e+38 -3.4e+38 -3.4e+38 -3.4e+38 -3.4e+38 -3.4e+38 -3.4e+38 -3.4e+38 -3.4e+38 -3.4e+38 -3.4e+38 -3.4e+38 -3.4e+38 -3.4e+38 -3.4e+38 -3.4e+38
35.231086730957 36.7710266113281 36.1547546386719 36.0581741333008 36.9659652709961 37.1749267578125 36.993968963623 36.8654479980469 36.9837074279785 36.5009880065918 35.7812957763672 35.7461624145508 36.3472328186035 36.4383888244629 35.5421714782715 36.3403625488281 36.3629035949707 36.3287925720215 36.3218688964844 36.0196075439453 35.603946685791 35.3062171936035 35.4506721496582 35.1558876037598 35.3151893615723 35.2592239379883 35.0679588317871 34.6661720275879 -3.4e+38 -3.4e+38 -3.4e+38 -3.4e+38 -3.4e+38 -3.4e+38 -3.4e+38 -3.4e+38 -3.4e+38 -3.4e+38 -3.4e+38 -3.4e+38 -3.4e+38 -3.4e+38 -3.4e+38 -3.4e+38 -3.4e+38 -3.4e+38
34.4229393005371 36.7852783203125 37.1967697143555 36.9963073730469 36.0193481445312 36.2304954528809 36.8100891113281 36.9291687011719 37.0524749755859 36.8487739562988 36.4407157897949 36.0164451599121 36.0152053833008 36.1952743530273 35.7419967651367 36.3610076904297 35.6518440246582 35.5796852111816 36.2082901000977 36.288444519043 36.073558807373 35.7882766723633 35.6350593566895 35.6264991760254 35.5447044372559 35.4421424865723 35.1685485839844 34.905834197998 34.4958877563477 33.911434173584 33.873779296875 -3.4e+38 -3.4e+38 -3.4e+38 -3.4e+38 -3.4e+38 -3.4e+38 -3.4e+38 -3.4e+38 -3.4e+38 -3.4e+38 -3.4e+38 -3.4e+38 -3.4e+38 -3.4e+38 -3.4e+38
34.3830032348633 36.3543663024902 37.2355499267578 37.1079521179199 36.2701530456543 34.7975158691406 36.0840301513672 37.0426330566406 37.088062286377 36.9550514221191 36.7765769958496 36.5019264221191 36.494556427002 36.3028106689453 35.7776107788086 35.6741180419922 35.2417297363281 35.9392127990723 36.1935501098633 36.2214736938477 36.1733512878418 35.7989921569824 35.3852577209473 35.0389213562012 35.6329345703125 35.5911865234375 35.396053314209 35.163200378418 34.9713287353516 34.3625907897949 33.992504119873 34.1126403808594 -3.4e+38 -3.4e+38 -3.4e+38 -3.4e+38 -3.4e+38 -3.4e+38 -3.4e+38 -3.4e+38 -3.4e+38 -3.4e+38 -3.4e+38 -3.4e+38 -3.4e+38 -3.4e+38
35.2954940795898 36.3722343444824 37.1213417053223 37.0927543640137 37.0466003417969 35.6924667358398 35.971752166748 36.9664916992188 37.108959197998 36.9718475341797 36.7521514892578 36.4849090576172 36.3411865234375 36.4173316955566 35.7571907043457 35.4316711425781 35.3270301818848 36.3658599853516 36.1846694946289 35.8626747131348 36.1758346557617 36.1034507751465 35.8778457641602 35.5094146728516 35.8278007507324 35.6997604370117 35.4953727722168 35.4782981872559 35.2427864074707 34.8241806030273 34.1360206604004 34.1444320678711 -3.4e+38 -3.4e+38 -3.4e+38 -3.4e+38 -3.4e+38 -3.4e+38 -3.4e+38 -3.4e+38 -3.4e+38 -3.4e+38 -3.4e+38 -3.4e+38 -3.4e+38 -3.4e+38
34.3912124633789 36.2274856567383 36.5843544006348 36.358772277832 36.6802215576172 36.9020385742188 36.6103286743164 37.0077629089355 37.0823097229004 36.9631423950195 36.7710075378418 36.5767021179199 36.3591041564941 36.676700592041 36.5015754699707 36.375171661377 36.4091186523438 36.5781631469727 36.5430679321289 35.9983940124512 35.5136909484863 36.1117706298828 36.2418899536133 35.7192497253418 35.6841354370117 35.4864463806152 35.4046859741211 35.6119613647461 35.3700828552246 34.9747276306152 -3.4e+38 -3.4e+38 -3.4e+38 -3.4e+38 -3.4e+38 -3.4e+38 -3.4e+38 -3.4e+38 -3.4e+38 -3.4e+38 -3.4e+38 -3.4e+38 -3.4e+38 -3.4e+38 -3.4e+38 -3.4e+38
33.775218963623 34.7111053466797 35.0334968566895 34.7585945129395 35.7832984924316 36.4110374450684 36.7649383544922 37.0202369689941 36.999927520752 36.8984146118164 36.6936798095703 36.4943199157715 36.3302612304688 36.9093933105469 36.8777313232422 36.7074661254883 36.690128326416 36.7499389648438 36.7612419128418 36.6384620666504 36.2309837341309 36.0015525817871 36.3224105834961 36.101261138916 35.8278160095215 35.8722686767578 35.8331413269043 35.5100250244141 35.3054237365723 35.0262107849121 -3.4e+38 -3.4e+38 -3.4e+38 -3.4e+38 -3.4e+38 -3.4e+38 -3.4e+38 -3.4e+38 -3.4e+38 -3.4e+38 -3.4e+38 -3.4e+38 -3.4e+38 -3.4e+38 -3.4e+38 -3.4e+38
33.7718620300293 32.85888671875 32.2833938598633 32.4045867919922 34.4034194946289 34.9370193481445 36.1800727844238 36.5209617614746 36.8184967041016 36.6911392211914 36.4525871276855 36.7578620910645 36.7420959472656 36.6228408813477 37.0300445556641 36.9730834960938 36.8876686096191 36.8720970153809 36.859676361084 36.817626953125 36.7229843139648 36.6162605285645 36.4385261535645 36.3403511047363 36.0026741027832 36.0117416381836 35.9282035827637 35.5965843200684 35.2560081481934 35.043212890625 34.7591934204102 34.3302612304688 -3.4e+38 -3.4e+38 -3.4e+38 -3.4e+38 -3.4e+38 -3.4e+38 -3.4e+38 -3.4e+38 -3.4e+38 -3.4e+38 -3.4e+38 -3.4e+38 -3.4e+38 -3.4e+38
33.8067359924316 33.0727348327637 32.238597869873 31.7399158477783 32.2938385009766 33.0512962341309 34.8934288024902 36.1145820617676 36.8275032043457 36.6401214599609 36.1236152648926 36.7055702209473 37.0088195800781 37.0356101989746 37.033878326416 37.0224914550781 37.0263023376465 36.9936828613281 36.9511947631836 36.8944664001465 36.812427520752 36.7166709899902 36.6040306091309 36.4802742004395 36.2046318054199 36.1717376708984 36.0222434997559 35.7597885131836 35.4510879516602 35.3036613464355 35.140266418457 34.9259452819824 34.4963760375977 -3.4e+38 -3.4e+38 -3.4e+38 -3.4e+38 33.8907928466797 33.9038505554199 -3.4e+38 -3.4e+38 -3.4e+38 -3.4e+38 -3.4e+38 -3.4e+38 -3.4e+38
34.3843460083008 33.1685371398926 32.3452568054199 31.9931201934814 32.4995346069336 32.2539978027344 33.3701477050781 35.0555152893066 36.386848449707 36.7518005371094 35.6445693969727 36.4714775085449 36.890926361084 36.4245338439941 36.4914207458496 36.8647232055664 36.9461059570312 36.9954528808594 36.9212112426758 36.7699775695801 36.7564125061035 36.6740684509277 36.6398620605469 36.5510025024414 36.4331436157227 36.2393760681152 36.0864753723145 35.8962554931641 35.7113265991211 35.568042755127 35.4539527893066 35.2273979187012 34.7316589355469 -3.4e+38 -3.4e+38 -3.4e+38 -3.4e+38 34.0095672607422 33.9489974975586 34.0710029602051 34.0312232971191 33.8600730895996 -3.4e+38 -3.4e+38 -3.4e+38 -3.4e+38
34.3571510314941 33.156852722168 32.3952140808105 32.8105659484863 32.6097221374512 32.9678153991699 32.7368698120117 34.0618515014648 36.2194633483887 36.9271430969238 35.8833999633789 35.8312835693359 36.6202430725098 34.7705383300781 35.7592391967773 36.1099967956543 36.630744934082 36.9814529418945 36.9368324279785 36.8206939697266 36.7671089172363 36.7142791748047 36.6873893737793 36.5996971130371 36.4932518005371 36.2035980224609 36.1335830688477 36.0233573913574 35.9228401184082 35.8311347961426 35.6497268676758 35.4232215881348 35.1469917297363 -3.4e+38 -3.4e+38 34.786506652832 34.472110748291 34.1100769042969 33.9828948974609 33.7813568115234 33.8714179992676 34.033088684082 -3.4e+38 -3.4e+38 -3.4e+38 -3.4e+38
33.0704574584961 31.8888740539551 31.841007232666 33.0580291748047 33.37744140625 33.2740249633789 32.8841514587402 33.2201194763184 35.5012855529785 36.7651557922363 36.7565383911133 35.9232444763184 36.4211082458496 35.0513458251953 35.0477752685547 35.0842437744141 36.3559532165527 36.9877891540527 36.9737586975098 36.9607353210449 36.9136848449707 36.8280143737793 36.746208190918 36.4817085266113 36.4475898742676 36.2887191772461 36.2318229675293 36.1832885742188 36.1126136779785 35.9776840209961 35.8044815063477 35.6359062194824 35.4672584533691 -3.4e+38 35.2200202941895 35.1678009033203 35.0452575683594 -3.4e+38 34.132682800293 -3.4e+38 33.8427467346191 -3.4e+38 -3.4e+38 -3.4e+38 -3.4e+38 -3.4e+38
33.0322227478027 31.657958984375 30.9617290496826 33.4304428100586 33.6252517700195 32.9989891052246 32.6378059387207 32.757209777832 34.208065032959 36.4908256530762 36.5783042907715 36.1444854736328 36.2465705871582 36.3382034301758 35.6661376953125 36.7204322814941 36.9200706481934 36.9955215454102 37.0050926208496 36.9657287597656 36.9150772094727 36.8513298034668 36.7843208312988 36.6645088195801 36.6166496276855 36.5026512145996 36.4222030639648 36.3401374816895 36.1940078735352 36.1155776977539 35.9751205444336 35.8550453186035 35.7359848022461 35.6206169128418 35.5445709228516 35.5013542175293 35.2647323608398 -3.4e+38 -3.4e+38 -3.4e+38 -3.4e+38 -3.4e+38 -3.4e+38 34.0376167297363 -3.4e+38 -3.4e+38
34.7747077941895 34.443000793457 32.3971366882324 33.8357582092285 32.4369316101074 32.4199905395508 32.8390502929688 33.120231628418 35.1038932800293 36.4842414855957 36.1690101623535 35.5488548278809 36.3900604248047 36.7734031677246 36.8535118103027 36.879825592041 36.9733428955078 36.6392822265625 36.7657203674316 36.8986167907715 36.8318061828613 36.8396987915039 36.8189315795898 36.759635925293 36.7005500793457 36.6125564575195 36.5447082519531 36.3766212463379 36.0215225219727 36.0990753173828 36.1255950927734 36.0631790161133 35.9763221740723 35.8634986877441 35.7996788024902 35.6724853515625 35.4576644897461 35.2513122558594 35.0652503967285 34.950325012207 34.9203681945801 34.7526969909668 34.3662948608398 34.0639915466309 -3.4e+38 -3.4e+38
34.8722038269043 34.023624420166 34.667049407959 34.4698181152344 33.1244812011719 33.1367301940918 32.7721138000488 32.9686546325684 34.9070663452148 36.2113037109375 36.5949821472168 36.3502502441406 36.6702423095703 36.9355926513672 36.7915802001953 36.6242065429688 36.790470123291 36.5060539245605 36.326229095459 36.4742469787598 36.7496337890625 36.7893104553223 36.7829208374023 36.7888641357422 36.7625465393066 36.6905746459961 36.6068382263184 36.3855438232422 36.094425201416 36.2455558776855 36.167652130127 36.2196578979492 36.0835151672363 36.0038070678711 35.938362121582 35.7468643188477 35.602409362793 35.4941444396973 35.4068069458008 35.3371772766113 35.2717323303223 35.0835914611816 34.5988845825195 34.0130805969238 34.0446548461914 -3.4e+38
