inst/extdata/Tmax/Tmax92.asc
NCOLS 100 
NROWS 79 
XLLCORNER 148.06 
YLLCORNER -21.49 
CELLSIZE 0.01 
NODATA_value -3.4e+38 
[rows 20 to 39 of 79, columns 0 to 45 of 100]
30.939331054687500 30.9817180633545 30.9760398864746 30.9405555725098 30.9596290588379 31.0809860229492 30.996639251709 30.9215545654297 30.852632522583 30.7542858123779 30.5652160644531 30.1435222625732 29.67214012146 28.9988784790039 27.6339435577393 27.1901836395264 27.116361618042 28.1195163726807 29.196081161499 29.6402931213379 29.6517372131348 29.6606769561768 30.0058860778809 30.0264320373535 29.8602848052979 29.5560703277588 28.9248027801514 27.9725284576416 28.5125408172607 28.5714015960693 29.1833839416504 29.189136505127 29.3253955841064 29.28000831604 29.2278537750244 28.9666004180908 28.5563106536865 28.5483455657959 28.0620441436768 28.3092746734619 28.0767650604248 27.3392333984375 27.5553569793701 27.5960140228271 27.7068500518799 27.7260208129883
31.0245475769043 31.0923557281494 31.0994625091553 31.0623950958252 31.0681533813477 31.0671138763428 30.92555809021 30.8451023101807 30.8208408355713 30.753303527832 30.6229801177979 30.4396343231201 30.1967601776123 29.2134189605713 27.6578254699707 27.3229827880859 27.5693244934082 28.4108505249023 28.9280052185059 29.3111801147461 29.4361019134521 29.3406925201416 29.8862113952637 30.0226783752441 29.8134155273438 29.8215732574463 29.7834720611572 28.9844055175781 28.8154983520508 29.3427143096924 29.4562473297119 29.3358669281006 28.9861526489258 28.3589210510254 28.3676853179932 28.3338871002197 28.7851676940918 28.0587635040283 27.6453876495361 27.9500675201416 27.5481452941895 27.6243858337402 27.3331718444824 26.4099578857422 26.7237453460693 27.3939113616943
31.1026668548584 31.1559104919434 31.159595489502 31.1446418762207 31.1269950866699 31.0907363891602 30.9060668945312 30.7774295806885 30.7217254638672 30.6886787414551 30.5679759979248 30.4938716888428 30.3105201721191 29.669361114502 28.5053977966309 27.6373081207275 26.9708766937256 27.4764633178711 28.0622577667236 28.8932418823242 29.0039138793945 29.1250133514404 29.7900619506836 29.5599536895752 29.1231632232666 29.495548248291 29.5636596679688 29.6369819641113 29.3343334197998 29.3653297424316 29.0816612243652 28.879035949707 28.2872295379639 27.9391860961914 27.6937122344971 27.9031944274902 27.8235664367676 27.2464447021484 27.2067222595215 27.1141204833984 26.7921562194824 26.0266418457031 26.8039855957031 26.5018730163574 25.5028953552246 26.919002532959
31.0998554229736 31.1356964111328 31.1495342254639 31.1412200927734 31.0996246337891 31.0896377563477 31.0115299224854 30.7046337127686 30.5936889648438 30.6144332885742 30.4261741638184 30.2295207977295 30.3349475860596 29.9373207092285 29.1125450134277 28.2930507659912 27.4351978302002 27.1236362457275 27.7432556152344 28.0621376037598 28.6181087493896 29.6522998809814 29.3858051300049 28.7469158172607 28.8926792144775 29.0365295410156 28.7113761901855 29.6838912963867 29.6999549865723 29.5456428527832 29.2992248535156 28.168342590332 27.8226718902588 28.0187530517578 28.3510494232178 27.8725910186768 26.9331359863281 26.3748359680176 27.0966987609863 26.5729293823242 25.8333129882812 24.392276763916 25.218677520752 26.4023551940918 24.5787467956543 25.904483795166
31.0556983947754 31.1197624206543 31.1468410491943 31.1130046844482 31.0723438262939 31.0734062194824 31.0729389190674 30.8885936737061 30.7041358947754 30.5252799987793 30.4164581298828 30.3740139007568 30.1911239624023 29.8338813781738 29.0385341644287 28.3146629333496 27.5403289794922 27.1522846221924 27.356409072876 27.350902557373 28.5888748168945 29.4477672576904 28.2999458312988 27.7373428344727 28.5698356628418 28.5392761230469 28.7229423522949 29.4789810180664 29.7220516204834 29.3171195983887 29.2495536804199 28.9996471405029 28.9604816436768 29.0093059539795 28.6642150878906 28.3402881622314 27.9191970825195 26.7821731567383 26.5467834472656 26.2766761779785 24.531436920166 23.939624786377 24.3803977966309 26.2243881225586 24.2315979003906 24.5931358337402
31.0209693908691 31.045015335083 31.0511798858643 31.0243339538574 31.0346031188965 31.0421276092529 31.0680446624756 31.0206546783447 30.8618793487549 30.6077613830566 30.4050731658936 30.260892868042 30.1031894683838 29.6265163421631 29.1565113067627 28.5754585266113 27.9353675842285 27.5766067504883 28.0383834838867 28.7582187652588 28.7379398345947 28.6327266693115 28.1248512268066 26.8097496032715 27.3303184509277 28.1192245483398 28.2678985595703 29.5287094116211 29.7114658355713 29.3278732299805 28.4184322357178 29.0355396270752 28.8879833221436 28.7482280731201 28.4603023529053 28.1259098052979 27.9918937683105 26.4871864318848 25.1838417053223 25.5871543884277 24.1229972839355 24.9637832641602 25.312084197998 26.230411529541 25.1975212097168 24.101978302002
30.9183197021484 30.9493293762207 30.9513378143311 30.9616069793701 30.9558086395264 30.9558143615723 31.0477504730225 31.0487995147705 30.905611038208 30.4693794250488 30.3570384979248 30.0778942108154 30.0707607269287 29.6761302947998 28.8931713104248 27.783763885498 27.3889789581299 27.5826568603516 28.0675449371338 27.9670085906982 28.1569766998291 29.0775814056396 28.9208431243896 27.3541603088379 26.9305553436279 27.8839588165283 28.7017478942871 29.6024494171143 29.6781730651855 29.4423542022705 28.5722408294678 28.1708984375 28.9592533111572 28.4010906219482 27.9423446655273 27.0924606323242 26.7962608337402 26.902229309082 25.8205451965332 24.493221282959 24.0746116638184 24.3929786682129 24.2844123840332 25.3364334106445 24.3751564025879 23.7074737548828
30.7799053192139 30.8042984008789 30.8323497772217 30.882719039917 30.9051380157471 30.9648303985596 31.0603790283203 31.054407119751 30.9776058197021 30.7746295928955 30.5204162597656 30.2417659759521 30.1136512756348 29.9037761688232 28.9414806365967 27.7574787139893 27.4189720153809 27.3629722595215 27.492561340332 27.464958190918 28.6371517181396 29.2963275909424 28.7297706604004 27.8347969055176 27.2434959411621 27.4777698516846 27.5962810516357 29.2065315246582 29.5620651245117 29.4297180175781 28.5984477996826 28.5015277862549 28.7924747467041 28.0240383148193 27.3083343505859 26.7200565338135 25.7849063873291 26.5050201416016 26.3301448822021 24.4675540924072 24.0092582702637 24.1990337371826 24.1024227142334 24.7011661529541 24.0892543792725 23.773157119751
30.2607574462891 30.2172660827637 30.4911251068115 30.8123664855957 30.9486083984375 31.032018661499 31.0668506622314 31.0512809753418 30.9141101837158 30.7973651885986 30.621732711792 30.0604991912842 30.1553497314453 29.9937934875488 29.4520034790039 28.1907634735107 27.4382629394531 26.9058380126953 27.2264366149902 28.1366786956787 28.6582565307617 29.0275211334229 28.1222114562988 27.3677749633789 27.1721115112305 27.3180389404297 27.758487701416 28.6816024780273 29.4589080810547 29.5138912200928 28.9709377288818 28.6903629302979 28.2381114959717 27.1787910461426 25.9816398620605 25.5449542999268 25.20827293396 25.4111366271973 25.5626945495605 25.1467628479004 24.6003684997559 24.7257595062256 24.4362888336182 24.2038078308105 24.2070636749268 24.130578994751
29.3576908111572 30.2495307922363 30.5873355865479 30.3113536834717 30.890209197998 31.0445652008057 31.0690956115723 31.0522174835205 30.83420753479 30.675350189209 30.6626300811768 30.3813514709473 30.1270771026611 29.9834690093994 29.713903427124 29.1730651855469 28.5926284790039 27.1676445007324 27.4952831268311 27.5726203918457 27.7262477874756 28.7001113891602 28.2519264221191 27.4078388214111 27.1889781951904 26.9662399291992 26.9298763275146 28.6329154968262 29.4958972930908 29.5663719177246 28.7126655578613 27.7040843963623 27.3772754669189 27.0081920623779 26.7269020080566 25.68483543396 25.6109943389893 25.1816577911377 24.7475109100342 25.0025482177734 26.836009979248 26.9108867645264 25.7508316040039 24.2729225158691 25.3365859985352 25.4375324249268
29.6672534942627 30.5772018432617 30.5999183654785 30.0415897369385 30.8471527099609 31.0362033843994 31.0865516662598 31.0642414093018 30.9991760253906 30.7560157775879 30.6396427154541 30.5654354095459 30.3741569519043 30.1516952514648 29.8399295806885 29.2280006408691 28.3673553466797 27.8967132568359 27.4168109893799 27.6758842468262 27.7500247955322 28.2026901245117 27.5640964508057 27.3799247741699 27.0588836669922 26.3991641998291 26.6864929199219 28.5176410675049 29.3808040618896 29.4188823699951 29.3932247161865 29.2080192565918 28.048641204834 27.0653953552246 26.9872016906738 26.4826221466064 26.6159763336182 26.4108734130859 25.9689388275146 26.4595623016357 27.9637813568115 28.0150299072266 27.5681686401367 26.9771556854248 26.8452072143555 26.2335453033447
30.4561309814453 30.736608505249 30.797191619873 30.7917804718018 30.8769588470459 31.0277061462402 31.0580177307129 31.0490264892578 30.9963397979736 30.9159736633301 30.7195701599121 30.6524124145508 30.5444164276123 30.3241386413574 30.0390567779541 29.5272598266602 28.6437244415283 28.1975727081299 27.4663581848145 27.3458766937256 27.4114036560059 27.8622627258301 27.467794418335 27.1936740875244 27.1213207244873 27.1437358856201 27.9659423828125 29.0600967407227 29.440860748291 28.9056720733643 28.8087959289551 28.8105754852295 29.0170021057129 28.4913635253906 28.2005481719971 27.4072399139404 28.4563694000244 28.291389465332 28.2503204345703 28.2541980743408 28.0081367492676 27.0815334320068 26.1033401489258 25.7608299255371 25.6126136779785 24.8477077484131
30.1784801483154 30.9261684417725 30.9814128875732 30.9921894073486 30.9828453063965 30.9867839813232 30.9569702148438 31.0003528594971 30.9878311157227 30.9637966156006 30.9080600738525 30.7712783813477 30.5743064880371 30.4004898071289 30.1941146850586 29.9284133911133 29.4282741546631 28.724573135376 27.9443683624268 27.2092418670654 27.230489730835 27.6898918151855 27.5550441741943 27.2582702636719 27.1034908294678 27.2582015991211 28.7201919555664 29.4428253173828 29.504997253418 29.3132858276367 28.793851852417 28.1646499633789 28.871898651123 28.9738159179688 29.0034999847412 28.4531536102295 28.8626441955566 28.5488815307617 28.4018650054932 28.2213726043701 26.9938106536865 25.5461559295654 24.233211517334 24.5773277282715 24.4803314208984 23.4581928253174
30.031608581543 30.6849689483643 30.4881038665771 30.3572864532471 30.4933643341064 30.8865756988525 30.8865928649902 30.9053611755371 30.9151420593262 30.8955039978027 30.8549327850342 30.8235893249512 30.6996574401855 30.5325469970703 30.3644008636475 30.1228218078613 29.667407989502 29.2218437194824 28.9321937561035 28.2731857299805 27.2930774688721 27.5278358459473 27.2897605895996 27.3558616638184 27.2225303649902 27.1861801147461 28.2620449066162 29.3925800323486 29.4671859741211 29.1278591156006 28.9775238037109 27.8772792816162 28.1658992767334 28.4142417907715 28.7095623016357 28.8247871398926 28.6680927276611 28.4825096130371 28.0762062072754 28.1201801300049 27.779333114624 26.5077991485596 25.6731224060059 26.2205028533936 25.7625370025635 24.5884666442871
30.3839893341064 30.6721038818359 30.2413883209229 29.5466060638428 29.652738571167 30.6339473724365 30.8524475097656 30.8111248016357 30.8228130340576 30.8338317871094 30.7447624206543 30.7886142730713 30.7310886383057 30.6091823577881 30.4461669921875 30.24098777771 29.913703918457 29.2081546783447 28.7787227630615 28.2947978973389 27.589542388916 27.4930629730225 27.2960720062256 27.069242477417 27.0267467498779 27.4096508026123 28.5649509429932 29.3575992584229 28.8301067352295 28.5932903289795 28.6947689056396 28.3199653625488 27.9814186096191 27.6321773529053 27.3472862243652 27.8388519287109 27.6337223052979 27.9583988189697 27.8646049499512 27.6472263336182 27.3675498962402 27.6846885681152 27.4168529510498 27.0814361572266 26.460521697998 25.9634246826172
30.5247383117676 30.6236591339111 30.413854598999 30.0847415924072 29.7649765014648 30.3363132476807 30.6529159545898 30.6727027893066 30.7173404693604 30.7754135131836 30.7583084106445 30.8003711700439 30.7302742004395 30.6622371673584 30.4944496154785 30.2600612640381 30.0067863464355 29.7700710296631 29.3465328216553 28.6618709564209 28.2563285827637 27.9812812805176 27.4464378356934 26.7752552032471 26.9318580627441 27.1791553497314 28.6549854278564 29.1875457763672 27.240026473999 26.8132228851318 27.4634799957275 27.6803665161133 27.6241130828857 27.3913135528564 26.8822288513184 26.6089363098145 27.143590927124 26.9675006866455 26.9232597351074 26.8610153198242 26.5790958404541 26.2614936828613 26.502799987793 26.9739265441895 26.3227081298828 25.1626243591309
30.3839702606201 30.4134578704834 30.4324684143066 30.1404247283936 29.8440780639648 30.0357112884521 30.2609386444092 30.4635200500488 30.5758247375488 30.7015151977539 30.6763896942139 30.668041229248 30.7546081542969 30.6759376525879 30.5428981781006 30.2492809295654 30.223258972168 30.0519866943359 29.7829265594482 29.3731651306152 29.2119750976562 28.3769035339355 27.7487106323242 27.2525253295898 27.240104675293 27.6286544799805 28.6888656616211 28.5720653533936 28.2564697265625 28.1372413635254 27.3310451507568 27.2543811798096 27.0477981567383 26.8890151977539 26.1334915161133 25.7033176422119 25.912878036499 25.8457126617432 26.0767345428467 25.8584575653076 25.8344783782959 24.880578994751 25.5956935882568 26.4605369567871 26.2050437927246 24.6966590881348
29.8182754516602 30.1593818664551 30.3707656860352 30.2558536529541 30.0413913726807 29.9002780914307 29.8809967041016 30.2685222625732 30.3833160400391 30.5641613006592 30.6474285125732 30.6405925750732 30.699312210083 30.711254119873 30.5146751403809 30.3982486724854 30.3154926300049 30.1829242706299 30.0063896179199 29.7850399017334 29.5602245330811 28.8011417388916 27.6003303527832 27.6836376190186 26.957332611084 27.5510387420654 28.542896270752 27.9458255767822 28.1327953338623 28.6093616485596 28.4763107299805 28.2995109558105 27.5910873413086 27.136417388916 25.501485824585 24.1787090301514 24.2146034240723 24.0895328521729 24.0391998291016 24.5131740570068 24.671817779541 24.8661460876465 25.0477676391602 25.9362258911133 25.7767848968506 25.3600673675537
29.9473476409912 30.0423126220703 30.1753597259521 30.1454563140869 30.103084564209 29.7724647521973 29.5378971099854 29.2576637268066 29.9483070373535 30.47580909729 30.6145362854004 30.6554260253906 30.7344799041748 30.725133895874 30.3920993804932 29.9539909362793 29.9747200012207 30.0238952636719 30.0657081604004 29.9278469085693 29.7668647766113 29.3231048583984 28.1453094482422 28.4564247131348 27.4425811767578 27.4271774291992 27.5763092041016 27.8933773040771 26.7958889007568 27.4769916534424 27.0809516906738 27.1881160736084 28.4770641326904 28.0169353485107 27.0052490234375 24.6840114593506 23.7278442382812 23.7225513458252 23.0177021026611 23.4582672119141 24.10719871521 24.090913772583 24.1629409790039 25.5617809295654 25.0948848724365 24.5355606079102
30.0301094055176 29.9443016052246 29.9936237335205 29.7815093994141 29.9890060424805 29.8921871185303 29.6459980010986 29.3635330200195 29.563835144043 30.2088260650635 30.4699993133545 30.6701889038086 30.7112674713135 30.6686382293701 30.5984344482422 30.1568012237549 29.7447338104248 29.5214996337891 29.8022422790527 29.927640914917 29.7693290710449 29.6053161621094 29.251579284668 28.6308860778809 27.4980926513672 27.2650356292725 27.211067199707 27.2929401397705 27.3364791870117 26.7734222412109 26.1690216064453 26.9649829864502 28.2054405212402 27.420259475708 27.6369686126709 27.0624217987061 26.6016902923584 26.4525089263916 25.4220333099365 24.2608337402344 24.9938488006592 24.6589508056641 25.0468769073486 25.2276420593262 24.9047756195068 24.40797996521
