inst/extdata/Tmax/Tmax59.asc
NCOLS 100 
NROWS 79 
XLLCORNER 148.06 
YLLCORNER -21.49 
CELLSIZE 0.01 
NODATA_value -3.4e+38 
[rows 0 to 19 of 79, columns 0 to 45 of 100]
39.199371337890597 38.8658905029297 37.968822479248 38.2626876831055 38.3537216186523 38.6873435974121 38.8197708129883 38.9188499450684 38.8409729003906 38.6529808044434 38.214599609375 38.0059471130371 37.8984031677246 36.7979202270508 37.1872138977051 37.5092315673828 37.7999000549316 37.7531204223633 37.0185737609863 36.4196357727051 36.2634162902832 35.4366226196289 35.775562286377 36.9609794616699 37.4489326477051 37.6874084472656 37.5761756896973 37.6227989196777 37.3260765075684 36.9749603271484 36.140438079834 34.3439826965332 35.5832710266113 35.5051193237305 34.3499946594238 33.2792510986328 33.1839637756348 32.8179054260254 33.5760383605957 35.39111328125 36.8522453308105 37.1098442077637 37.801700592041 38.1146774291992 38.2730331420898 38.3911933898926
39.0658378601074 38.5673141479492 37.8393402099609 37.8920707702637 37.3408584594727 38.1361846923828 38.6061897277832 38.8427085876465 38.9085235595703 38.7669258117676 38.4395637512207 38.1403312683105 38.1971626281738 37.8025360107422 37.6243095397949 37.4898681640625 37.8043098449707 37.805980682373 36.9159545898438 36.3722953796387 36.7877769470215 36.5498695373535 36.4452095031738 36.8748474121094 37.3265609741211 37.5027465820312 37.779224395752 37.7297286987305 37.5262794494629 37.3226928710938 36.5160331726074 35.1716461181641 36.3116722106934 35.9143218994141 35.2664527893066 34.3293914794922 33.9115753173828 34.2819137573242 35.3389472961426 36.4255447387695 37.8438758850098 38.2396545410156 38.3587036132812 38.355094909668 38.4033660888672 38.439567565918
39.083797454834 38.3191795349121 38.3918724060059 38.4733505249023 38.0258827209473 38.0983695983887 38.43115234375 38.885669708252 38.9955101013184 38.8391151428223 38.5547714233398 38.4104042053223 38.2937164306641 38.2080497741699 37.9132194519043 37.7485313415527 37.8933906555176 38.0134010314941 37.4613189697266 37.2736320495605 37.1328964233398 36.8253288269043 36.6036033630371 36.7260093688965 37.5503273010254 37.8105735778809 37.6594276428223 37.6404266357422 37.6395034790039 37.3407745361328 37.3957824707031 36.4524955749512 36.6913452148438 35.4922523498535 35.1993713378906 34.5784034729004 34.0826644897461 33.6149635314941 34.6406745910645 35.8231468200684 37.161304473877 38.1315574645996 38.4391593933105 38.5009117126465 38.480224609375 38.4340667724609
39.2925643920898 38.9478034973145 38.607982635498 39.1249465942383 38.6313171386719 38.2125053405762 38.5236740112305 38.979061126709 39.0798873901367 38.9232330322266 38.7588500976562 38.6907768249512 38.5606880187988 38.3810653686523 37.9727783203125 37.7883071899414 38.0601043701172 38.0946655273438 37.8790016174316 37.4224891662598 37.1086692810059 36.7484664916992 36.8293647766113 36.7968330383301 37.3770141601562 37.8040199279785 37.4553756713867 37.7185173034668 37.5402030944824 36.7338638305664 37.2822685241699 37.363941192627 36.6371192932129 35.4121055603027 34.8535804748535 33.9918060302734 34.2810707092285 33.7916564941406 33.6827354431152 33.2022857666016 34.7599182128906 37.3952407836914 38.2843132019043 38.4946517944336 38.2523040771484 38.1542930603027
39.7972717285156 39.2839813232422 39.0306777954102 39.3520889282227 39.1083335876465 38.4958190917969 38.4983863830566 39.0294647216797 39.1142692565918 38.7530555725098 38.7159004211426 38.8540267944336 38.7066421508789 38.4286575317383 38.077220916748 38.170654296875 38.2047424316406 37.9485549926758 37.5138969421387 36.8424186706543 36.9690780639648 37.13427734375 37.2653121948242 37.4612121582031 37.4700508117676 37.145076751709 37.8806381225586 37.502326965332 37.3752899169922 36.8948669433594 37.2510833740234 37.0851249694824 36.7841911315918 35.8152198791504 35.309398651123 35.6243476867676 35.3314208984375 34.7936973571777 34.2618560791016 33.5314140319824 33.1874237060547 36.5834617614746 38.0305557250977 38.4319953918457 37.7763557434082 37.091423034668
39.9455871582031 39.6997222900391 39.0452575683594 39.3904495239258 39.4112739562988 39.0073089599609 38.7241821289062 39.0856437683105 39.1817283630371 38.8936958312988 38.7573051452637 38.9506797790527 38.7763671875 38.5002403259277 37.8910331726074 38.294563293457 38.1895446777344 37.7657051086426 37.254768371582 36.8549613952637 36.9099311828613 37.1449508666992 37.4609375 37.4627304077148 37.7586860656738 37.6537437438965 37.7411575317383 36.9898338317871 36.9894371032715 35.9170265197754 36.6536293029785 37.1416702270508 37.2389945983887 36.9159889221191 36.5711784362793 36.5121841430664 35.6946792602539 35.2138824462891 34.8941841125488 34.0825729370117 33.5855407714844 36.1896781921387 37.9474678039551 38.4184074401855 37.95068359375 35.9564323425293
40.1241569519043 39.8710632324219 39.5093116760254 39.6151924133301 39.5315399169922 39.1657371520996 38.5512657165527 39.0166664123535 39.1393623352051 39.2162590026855 39.1246604919434 38.9570159912109 38.5492820739746 38.6071166992188 38.5414428710938 38.3790969848633 38.1784324645996 37.6555328369141 37.4341697692871 37.1346321105957 36.5882949829102 36.7463531494141 37.199649810791 37.5929412841797 37.9482727050781 37.8763084411621 37.9030227661133 37.3669281005859 37.0094757080078 35.8097190856934 35.8223152160645 35.9551391601562 36.9205360412598 37.0928688049316 36.6403961181641 36.5356330871582 35.9799118041992 34.592945098877 34.843563079834 34.406494140625 34.2521591186523 36.0319061279297 37.772029876709 38.2253036499023 38.0177040100098 36.4126129150391
40.1517143249512 40.0321617126465 39.7544784545898 39.7387733459473 39.663501739502 39.3953437805176 38.8431663513184 38.6923751831055 38.9348182678223 39.194034576416 39.2460708618164 38.96142578125 38.3317718505859 38.4915618896484 38.65283203125 38.0130958557129 37.9375305175781 37.2239990234375 37.1252822875977 36.8835678100586 36.2487564086914 36.6527824401855 37.0490417480469 37.618595123291 38.0986824035645 38.114185333252 37.7064323425293 37.2613983154297 37.0843849182129 36.3167343139648 34.9837379455566 35.2961540222168 35.6483345031738 36.2583274841309 36.6539726257324 36.0525779724121 36.1407279968262 35.2580337524414 34.2507095336914 34.5508766174316 34.7750358581543 35.9180793762207 36.9421768188477 37.9353981018066 37.8906669616699 36.1188888549805
39.9684829711914 40.1200981140137 39.9470634460449 39.8655548095703 39.7133293151855 39.4611396789551 39.1090049743652 38.650074005127 38.7732887268066 39.191837310791 39.2869567871094 39.2061576843262 38.9876022338867 38.8183555603027 38.4638214111328 37.7491149902344 37.8926048278809 37.6372375488281 37.7248039245605 36.8660049438477 36.8368721008301 36.6773147583008 36.7383880615234 37.426326751709 38.0275535583496 38.2151069641113 37.2904777526855 36.4046058654785 36.500358581543 36.4127388000488 35.8175735473633 35.2659950256348 34.8334350585938 35.3157920837402 36.2492752075195 35.6368522644043 35.4134101867676 35.3710556030273 34.4172439575195 34.0978584289551 34.332389831543 34.452823638916 35.3830451965332 36.9868850708008 37.4510459899902 36.22216796875
39.7345695495605 40.0600929260254 40.080451965332 39.9213829040527 39.7058029174805 39.5623359680176 39.3546142578125 38.905445098877 38.5691070556641 39.1433334350586 39.3087272644043 38.9279403686523 38.2512397766113 38.276683807373 38.3343963623047 38.2763633728027 38.2746467590332 38.1088104248047 37.8891372680664 37.577995300293 37.2538757324219 36.6571960449219 36.9343299865723 37.7955894470215 38.2573585510254 38.1566200256348 37.4487571716309 37.2934761047363 36.7801513671875 36.2612762451172 34.9895629882812 34.6111679077148 35.7204284667969 35.5841255187988 35.3796424865723 35.1475639343262 34.9404983520508 35.2481803894043 34.7007369995117 33.9472236633301 33.9905052185059 33.43701171875 34.3184051513672 35.5116310119629 35.8396186828613 35.2091255187988
39.4575843811035 39.7123489379883 40.1128196716309 39.9921989440918 39.83984375 39.7290306091309 39.5307693481445 39.1657791137695 39.1140174865723 39.2808990478516 39.3652420043945 39.0045356750488 38.672737121582 37.9617691040039 38.0860404968262 38.3109359741211 38.3917274475098 38.5623054504395 38.103199005127 37.9026489257812 37.4951171875 37.1388893127441 37.2074775695801 37.7967796325684 38.2463607788086 38.1540336608887 37.4532127380371 36.691707611084 35.6677894592285 35.6732864379883 35.3091430664062 35.2680740356445 36.1563262939453 35.9011001586914 34.9873161315918 34.7336540222168 35.2360534667969 34.9499435424805 34.5675468444824 34.0116920471191 34.0776023864746 33.8284568786621 33.4873962402344 34.2409286499023 34.6936531066895 35.0215225219727
39.3213424682617 39.3563232421875 40.102237701416 40.0633125305176 39.9524421691895 39.8077507019043 39.6282196044922 39.2978744506836 39.2944755554199 39.5089721679688 39.4244918823242 39.22412109375 38.8661117553711 38.3895988464355 38.2625923156738 38.5007095336914 38.7569961547852 38.751522064209 38.4874038696289 38.0147247314453 37.5046272277832 37.1797218322754 37.336799621582 37.4996604919434 37.7307624816895 38.0832977294922 37.0866088867188 36.2751579284668 35.6545867919922 35.9088897705078 35.9855651855469 35.9150543212891 36.3526077270508 35.812744140625 35.5619888305664 35.4780578613281 35.0537185668945 34.4577674865723 35.0055084228516 35.2499351501465 34.8109970092773 34.3647117614746 33.8403167724609 34.3072395324707 34.857780456543 35.2743873596191
39.4962310791016 39.9201240539551 40.1206207275391 40.0491256713867 40.0206527709961 39.9011039733887 39.7496910095215 39.3853340148926 39.4242668151855 39.6528205871582 39.4455223083496 39.3536033630371 39.1299705505371 39.1552238464355 39.0331954956055 38.9792823791504 38.997386932373 38.9201393127441 38.6936111450195 38.1576881408691 37.8799629211426 38.0611877441406 38.3371238708496 38.5810050964355 38.4347648620605 38.0047035217285 37.8057594299316 37.3133125305176 36.9414596557617 36.7573623657227 36.8301429748535 36.6315536499023 36.538745880127 35.9515533447266 35.3782157897949 34.9209327697754 34.3828353881836 35.5310592651367 35.8344612121582 35.7858772277832 34.4138374328613 34.3545036315918 33.8683853149414 33.5992774963379 34.9481086730957 35.5329208374023
39.9136085510254 40.0700836181641 40.0893592834473 39.982837677002 39.9583854675293 39.9620895385742 39.8812980651855 39.7408866882324 39.5248870849609 39.6058616638184 39.5422744750977 39.4497909545898 39.302188873291 39.176887512207 39.047248840332 38.9432067871094 39.081226348877 38.9965133666992 38.8541984558105 38.7424545288086 38.641414642334 38.6144371032715 38.4092712402344 38.5344390869141 38.0847129821777 37.0402450561523 36.9955520629883 36.5779190063477 36.0101699829102 36.8196678161621 37.1129341125488 37.0869979858398 36.3213653564453 36.0144386291504 35.8976707458496 35.8458518981934 35.8396453857422 35.525936126709 36.1740760803223 36.5324592590332 36.0072250366211 35.555549621582 34.9092025756836 34.3586235046387 35.4534187316895 35.9720306396484
39.2250900268555 39.730281829834 40.0759887695312 39.9802742004395 39.8370513916016 39.8857955932617 39.8188133239746 39.637393951416 39.2333374023438 39.2399215698242 39.4938697814941 39.2969551086426 38.7984962463379 38.9128761291504 39.0382995605469 38.5180320739746 38.8745651245117 39.0688438415527 39.0203552246094 38.9724769592285 38.9185600280762 38.5151672363281 37.8616676330566 38.2710609436035 38.1007080078125 37.8269729614258 37.7586402893066 37.4207000732422 37.0515632629395 37.3271942138672 37.2873916625977 37.0329627990723 36.5811004638672 36.8366355895996 36.8037185668945 35.8483009338379 36.4353179931641 35.5765838623047 35.9141883850098 36.7003479003906 36.6856956481934 36.4363594055176 35.6758308410645 34.8383712768555 35.4909210205078 36.2775001525879
38.4080581665039 39.3464851379395 39.9869079589844 40.0625114440918 39.9690132141113 39.9110565185547 39.7929916381836 39.6611557006836 39.4369888305664 38.9471282958984 38.5529899597168 39.186092376709 38.4087295532227 38.0963973999023 38.846851348877 38.4969482421875 38.4506683349609 38.8609886169434 38.894172668457 38.899169921875 38.9128761291504 38.8983345031738 38.7615394592285 38.5254325866699 38.0997543334961 37.7110404968262 37.7364807128906 37.6842269897461 37.6308746337891 37.4487228393555 37.2802886962891 36.8787574768066 36.6029396057129 37.2612037658691 37.1419410705566 36.8740692138672 36.8982391357422 36.3270874023438 35.9794654846191 36.6749839782715 36.8778839111328 36.2522926330566 34.9792594909668 33.8702621459961 34.3307609558105 36.088321685791
39.3675575256348 39.1911544799805 39.6946182250977 39.826416015625 39.9854888916016 39.9233894348145 39.7928237915039 39.6379585266113 39.4692420959473 39.1808776855469 38.5728988647461 38.921028137207 37.9468574523926 37.6947212219238 38.3441543579102 38.1846122741699 37.5463752746582 38.4919242858887 38.4571800231934 38.442813873291 38.7092933654785 38.8817558288574 38.7872276306152 38.3602638244629 37.5168304443359 36.9407997131348 36.5606498718262 36.911548614502 37.4770431518555 36.9032974243164 36.6921691894531 35.9457588195801 36.6695709228516 37.5231170654297 37.3431663513184 37.1545829772949 37.215145111084 36.7909278869629 36.4292640686035 36.7228012084961 36.9313888549805 35.8229637145996 34.8381690979004 35.1609077453613 35.5230331420898 36.1265144348145
39.5093688964844 39.7968368530273 39.8351058959961 39.8139305114746 39.9024200439453 39.9165153503418 39.8345909118652 39.7282333374023 39.5601844787598 39.1283187866211 38.7478065490723 38.3854904174805 37.9933700561523 37.6406669616699 38.0771369934082 37.9215278625488 37.9182205200195 37.7335052490234 37.4809608459473 37.4369621276855 38.4829216003418 38.7678756713867 38.7524604797363 38.6509208679199 38.0643119812012 36.9210205078125 35.6519966125488 36.3724136352539 37.1846618652344 36.2463645935059 36.6308364868164 37.2247695922852 37.5232048034668 37.8001441955566 37.718620300293 37.5267066955566 37.0668869018555 36.2511215209961 36.7109107971191 36.9453239440918 37.2686729431152 36.9363555908203 36.7990875244141 36.7850494384766 36.744800567627 36.196346282959
39.7346496582031 39.6965522766113 39.5361289978027 39.5949745178223 39.9526100158691 39.8294906616211 39.814453125 39.766902923584 39.6543617248535 39.319450378418 38.3117980957031 38.3662757873535 37.9531555175781 36.9239768981934 37.5544242858887 37.3231773376465 37.1508445739746 36.5182800292969 37.227840423584 37.5238456726074 38.4958801269531 38.5341835021973 38.675464630127 38.7833137512207 37.9435005187988 36.8932876586914 35.8572540283203 36.5480270385742 37.1610107421875 36.6808166503906 37.1754608154297 37.6258888244629 38.0064277648926 38.0172882080078 37.5920486450195 37.3424034118652 37.0006370544434 36.7441062927246 37.2680473327637 37.3587608337402 37.4043121337891 37.335578918457 37.2254905700684 36.598876953125 35.7806968688965 35.7528457641602
39.8748474121094 39.8388175964355 39.7917709350586 39.6379165649414 39.9792938232422 39.9448509216309 39.8663787841797 39.7856407165527 39.6946716308594 39.576416015625 39.2655601501465 38.6007194519043 37.836238861084 36.7573928833008 37.0172080993652 36.9586372375488 36.5517272949219 36.7830810546875 36.9765243530273 37.8391647338867 38.5319404602051 38.1349143981934 38.8276481628418 38.6822509765625 38.1077041625977 37.8769989013672 36.8406448364258 36.9579429626465 37.3066711425781 37.1429100036621 37.743953704834 37.7264518737793 38.1611289978027 38.0974006652832 37.9571914672852 37.7243309020996 36.922306060791 37.0946083068848 37.3561744689941 37.3577308654785 37.3975143432617 37.2718048095703 37.2089424133301 36.7183151245117 36.6535949707031 36.535831451416
