inst/extdata/Tmax/Tmax106.asc
NCOLS 100 
NROWS 79 
XLLCORNER 148.06 
YLLCORNER -21.49 
CELLSIZE 0.01 
NODATA_value -3.4e+38 
[rows 20 to 39 of 79, columns 46 to 91 of 100]
33.1514015197754 31.4896755218506 31.6911525726318 33.0243682861328 32.7790832519531 32.2493286132812 31.963996887207 30.8447685241699 32.5916900634766 34.2754325866699 35.5100593566895 34.9993782043457 34.9868621826172 35.7139472961426 35.3332023620605 35.0351295471191 35.3710708618164 36.0349960327148 36.2287826538086 36.2470092773438 36.2018394470215 36.0645561218262 36.4091911315918 36.5167655944824 36.4710540771484 36.3848876953125 36.2777099609375 36.3281364440918 36.3003959655762 35.9381828308105 36.0347709655762 36.3313522338867 36.225959777832 35.9265213012695 35.9397125244141 35.9086799621582 35.8254623413086 35.8297157287598 35.8244552612305 35.8058700561523 35.7261581420898 35.5407104492188 34.8862762451172 34.7411804199219 34.9908905029297 35.0088577270508
33.4294548034668 31.4702110290527 30.3849430084229 31.9951076507568 31.8658638000488 31.3511009216309 32.1622314453125 30.3837013244629 31.5459289550781 33.7094345092773 35.195125579834 33.6870346069336 32.956787109375 35.0658264160156 33.7236442565918 33.3233261108398 34.337287902832 35.8601875305176 35.8837203979492 36.3791999816895 36.5179786682129 36.5095672607422 36.2845649719238 35.9075126647949 35.9132347106934 36.0003089904785 36.2004127502441 36.1797180175781 36.0885314941406 36.0087356567383 36.3710670471191 36.4179573059082 36.3619346618652 35.9563064575195 36.0601768493652 36.0135383605957 35.8764877319336 35.8985633850098 35.9150009155273 35.9251403808594 35.7792739868164 35.6572723388672 35.4399337768555 35.2211532592773 35.0767288208008 35.0881958007812
34.1132354736328 33.5748672485352 31.7560043334961 31.1334266662598 30.6924686431885 31.7838973999023 31.1943778991699 31.4341621398926 30.8529605865479 31.7478847503662 34.1447563171387 34.6250877380371 32.889949798584 33.3631591796875 32.9806251525879 33.639835357666 34.8753967285156 35.3545875549316 33.8216819763184 35.302490234375 36.2547569274902 36.3317260742188 35.6439018249512 34.7075233459473 35.4122886657715 35.4029388427734 36.0961036682129 36.3270149230957 35.9910316467285 36.2418327331543 36.4590301513672 36.501823425293 36.506908416748 36.4404411315918 36.3259315490723 36.120288848877 35.920524597168 35.7822303771973 35.8777389526367 36.0003662109375 35.8765106201172 35.8074111938477 35.5118179321289 35.3846626281738 35.2458572387695 35.4267120361328
33.4088363647461 33.2517967224121 32.6574592590332 31.889196395874 30.4885311126709 31.1802196502686 31.7858371734619 31.9753932952881 31.7333011627197 31.2954330444336 32.5851097106934 32.5674247741699 33.6184997558594 31.8221340179443 32.7042846679688 34.4437255859375 34.428897857666 34.8791122436523 33.335090637207 35.7272644042969 36.6391220092773 36.503963470459 35.4298477172852 33.8962745666504 35.3291893005371 35.5355072021484 35.6681442260742 36.2163696289062 36.4554595947266 36.5365905761719 36.5762596130371 36.5982246398926 36.5778846740723 36.4838981628418 36.375919342041 36.1982383728027 35.7233085632324 35.3347625732422 35.5092506408691 35.838321685791 35.8132095336914 35.888500213623 35.6062889099121 35.5902481079102 35.3174629211426 35.3735008239746
31.528621673584 32.8135871887207 33.1557235717773 32.9217758178711 31.9286632537842 31.3246574401855 31.308536529541 30.9994354248047 31.86962890625 31.3380889892578 31.330493927002 30.8703498840332 32.790283203125 33.7999305725098 32.8689270019531 34.097713470459 35.0108375549316 35.6988677978516 35.3573379516602 36.5485191345215 36.5733222961426 36.3960075378418 35.6152801513672 34.6651382446289 35.5892333984375 35.9318351745605 35.5946998596191 35.7188453674316 35.8563041687012 36.4443855285645 36.2781677246094 36.6507606506348 36.5177536010742 36.4866333007812 36.3988800048828 36.0098686218262 35.9200401306152 35.2665519714355 34.951416015625 35.5105400085449 35.6776084899902 35.8051567077637 35.6216354370117 35.705997467041 35.7913932800293 35.6425170898438
30.1337375640869 31.0658836364746 32.3750801086426 32.2965850830078 31.4665966033936 30.7440624237061 30.3661212921143 29.8331069946289 30.9484825134277 31.5657424926758 31.0388507843018 31.2716197967529 32.6714057922363 34.928466796875 34.3559074401855 34.4586372375488 34.6551513671875 36.2678680419922 36.3942794799805 36.393123626709 36.4046211242676 36.0372047424316 34.6161003112793 34.6950454711914 34.8316650390625 35.583251953125 35.281925201416 34.5798683166504 35.3239517211914 36.5495109558105 36.5058288574219 36.6391716003418 36.6062355041504 36.5871887207031 36.444393157959 36.2743186950684 36.3085670471191 35.628833770752 35.0446166992188 35.4457511901855 35.0909805297852 35.2607307434082 34.948558807373 35.7206153869629 35.7918014526367 35.7779159545898
30.0247344970703 29.8802261352539 30.548038482666 31.1690311431885 31.8544597625732 29.7139186859131 29.4452457427979 30.2320404052734 30.708963394165 31.4456653594971 31.4621715545654 31.87717628479 33.8070411682129 34.8763732910156 35.4667472839355 35.6706314086914 35.8473091125488 36.446662902832 36.0409889221191 35.8609733581543 35.9200325012207 35.4036598205566 35.6353416442871 35.9618988037109 35.986644744873 35.292839050293 34.8175659179688 35.8844604492188 36.1961822509766 36.1614456176758 35.5396881103516 36.3086051940918 36.5059814453125 36.6162605285645 36.6155014038086 36.5168952941895 36.1536445617676 35.7863616943359 35.892162322998 35.627269744873 35.4901466369629 34.8671417236328 35.4432563781738 35.6998519897461 35.6095809936523 35.501766204834
30.204683303833 29.7296962738037 30.0177478790283 30.2503547668457 30.7647495269775 29.1971778869629 28.9135761260986 29.3094825744629 30.5368270874023 31.2740592956543 30.7548160552979 31.3355865478516 32.2423477172852 33.5741424560547 35.253101348877 34.8825874328613 36.1661682128906 36.4665641784668 35.6689758300781 34.8268585205078 35.5939102172852 35.8223266601562 36.2084197998047 36.4877624511719 36.6278457641602 36.1534614562988 36.1640853881836 36.5877685546875 36.6747436523438 35.8720512390137 35.3811492919922 36.0103569030762 36.152286529541 36.6418952941895 36.7077903747559 36.6472778320312 36.4872627258301 36.2570533752441 35.8113059997559 34.9300956726074 34.665771484375 34.53271484375 34.5906753540039 35.3822479248047 35.4458808898926 35.9099006652832
31.0335903167725 30.6135120391846 31.3665065765381 31.214786529541 30.8242721557617 29.5167045593262 30.2385768890381 29.9980964660645 30.2927551269531 30.8597526550293 30.5883979797363 30.8577556610107 30.9981441497803 33.3191757202148 34.7839393615723 33.9699821472168 35.714973449707 36.0671463012695 35.7236709594727 34.4386367797852 34.7714958190918 36.0385284423828 36.514217376709 36.6730499267578 36.7113151550293 36.6067581176758 36.6374435424805 36.7814254760742 36.3551368713379 35.549186706543 35.4145851135254 36.1817855834961 36.6765098571777 36.7322463989258 36.7355308532715 36.7136688232422 36.6765098571777 36.5345573425293 36.2643928527832 34.9680328369141 34.2947883605957 33.3728485107422 34.5116157531738 34.5088691711426 35.5513648986816 35.987720489502
32.6508560180664 32.5035400390625 31.9235343933105 31.867748260498 31.346529006958 30.8661022186279 30.5683269500732 29.6312961578369 30.2436771392822 29.768123626709 29.2993144989014 30.556812286377 30.8883686065674 32.8007316589355 33.9780502319336 33.1167297363281 33.9782562255859 34.9050216674805 35.5675277709961 35.4376335144043 34.9365386962891 36.0599403381348 36.6150398254395 36.4013404846191 36.3850021362305 36.0324440002441 36.5216255187988 36.813835144043 35.765811920166 34.7953262329102 35.5803680419922 36.2361183166504 36.6517181396484 36.7563552856445 36.7827682495117 36.7276916503906 36.7172546386719 36.6261444091797 36.4263381958008 35.9973106384277 35.222843170166 34.6593360900879 34.1723518371582 33.9605522155762 34.9798431396484 35.5631141662598
31.5499172210693 31.5591259002686 31.5952072143555 31.2403945922852 30.760669708252 31.0025501251221 30.1285362243652 29.6436309814453 29.1577205657959 29.2446804046631 28.6751041412354 29.5511722564697 29.5476474761963 31.7136898040771 32.7782287597656 31.5740070343018 32.120433807373 33.9647674560547 35.5236511230469 36.1777534484863 35.6418991088867 36.3438110351562 36.5950164794922 36.1475982666016 36.1390533447266 36.2937088012695 36.8375473022461 36.8219413757324 36.2072486877441 35.451774597168 35.9013786315918 36.2171516418457 36.7205696105957 36.7601661682129 36.7182464599609 36.690601348877 36.7007255554199 36.62744140625 36.5564918518066 36.340404510498 36.0572776794434 35.4379043579102 35.0048751831055 34.966609954834 35.2325744628906 35.7242012023926
30.8114738464355 31.083797454834 30.9754161834717 30.9355182647705 30.0733165740967 30.853099822998 29.9209175109863 28.7357807159424 28.1674938201904 28.5386695861816 28.2177562713623 28.8681793212891 29.6223411560059 31.4388637542725 31.7553977966309 31.3824882507324 33.7293853759766 34.8764305114746 35.7646217346191 36.3340339660645 36.6761169433594 36.7370796203613 36.6842727661133 36.5939292907715 36.3536911010742 36.7008628845215 36.8589668273926 36.739013671875 36.3149642944336 35.5814056396484 35.7034873962402 36.3726043701172 36.6307945251465 36.1064262390137 36.5456085205078 36.6826858520508 36.6695518493652 36.6391334533691 36.5992050170898 36.4835739135742 36.1483993530273 35.2823524475098 35.682933807373 35.7397079467773 35.6422500610352 35.5792961120605
30.1654243469238 30.4579410552979 30.3129787445068 30.5762920379639 30.6658592224121 30.6842422485352 30.3163623809814 29.2574939727783 29.3514709472656 29.4523792266846 28.473669052124 28.2854442596436 29.1970520019531 31.3786334991455 31.9086036682129 32.4252548217773 32.5028610229492 33.5398597717285 35.7392501831055 36.4386596679688 36.6847686767578 36.6262283325195 36.4657669067383 36.423152923584 36.6163330078125 36.7170600891113 36.7006340026855 36.2602920532227 35.1787452697754 35.3977661132812 35.7975387573242 36.7173843383789 36.417724609375 35.7717704772949 36.5781898498535 36.5046119689941 36.5487251281738 36.622730255127 36.5221939086914 36.2057151794434 35.5285758972168 34.0522766113281 33.7608795166016 35.0004997253418 35.4319915771484 35.7934494018555
30.8249969482422 30.3552646636963 30.2073879241943 30.3717269897461 30.5077476501465 30.4382247924805 29.9922924041748 29.6339263916016 30.1928443908691 29.5339317321777 29.3970623016357 29.3896198272705 30.1518383026123 31.2806587219238 31.4453716278076 32.1861267089844 33.3260917663574 34.715160369873 35.8198127746582 36.3175430297852 36.7292022705078 36.6988716125488 36.1365242004395 35.8191757202148 36.1000213623047 35.9457244873047 36.0813865661621 36.2921142578125 36.1801948547363 36.1764793395996 36.5545272827148 36.8616561889648 36.1535263061523 36.0674705505371 36.7447128295898 36.1666564941406 36.336311340332 36.300163269043 36.3977546691895 36.0636940002441 34.4004707336426 33.5407180786133 32.8512916564941 34.9712791442871 35.6346740722656 35.4490203857422
31.2632293701172 30.0684127807617 30.0278587341309 30.1402435302734 30.2779941558838 30.1599025726318 30.1670475006104 30.7069339752197 30.3617191314697 29.6352291107178 30.7209510803223 31.193660736084 31.3862419128418 30.7523670196533 30.7799625396729 31.8455085754395 33.2688636779785 34.8923835754395 35.0239219665527 35.9878959655762 36.5475387573242 36.570426940918 36.0324668884277 35.7677192687988 34.8540649414062 35.5268363952637 36.1483306884766 36.3425903320312 36.6319885253906 36.658805847168 36.8824119567871 36.8117027282715 36.7867889404297 36.8335571289062 36.7949523925781 36.5169906616211 35.4372177124023 36.1487998962402 36.3802490234375 36.3346824645996 36.2861785888672 34.8310585021973 34.6570510864258 36.189811706543 36.515625 36.5010375976562
31.3217296600342 30.3194370269775 29.9969692230225 29.9315814971924 30.1382179260254 29.973705291748 30.6117076873779 32.2942733764648 31.4067516326904 30.7086811065674 32.6045227050781 33.3419342041016 32.9031410217285 30.9063472747803 31.3265361785889 31.4337730407715 33.5733795166016 33.6753540039062 33.5415687561035 34.664478302002 36.0459251403809 36.3161087036133 35.9531059265137 35.9623870849609 35.8278160095215 35.4428977966309 35.5487899780273 35.7385482788086 36.5609893798828 36.5362129211426 36.6513595581055 36.4271926879883 36.6767845153809 36.8629531860352 36.5420379638672 36.5216674804688 35.7562026977539 35.9176940917969 36.2468719482422 36.0710601806641 36.5515899658203 36.5660858154297 36.4654006958008 36.5252838134766 36.6617240905762 36.5345153808594
31.0330352783203 30.3731670379639 30.1758155822754 30.3550395965576 30.2967147827148 30.4008960723877 30.8146114349365 32.9892387390137 33.178955078125 31.8252906799316 33.9569091796875 35.1339569091797 34.2809219360352 32.8272895812988 32.7547416687012 33.5047378540039 34.3492012023926 34.9298973083496 35.3323707580566 35.7167282104492 35.998119354248 35.6860160827637 34.1090507507324 34.4680023193359 35.1181144714355 34.6813125610352 34.9549751281738 35.979434967041 36.4384803771973 36.6921730041504 35.4522514343262 35.4277877807617 36.4034805297852 36.7664260864258 36.2218246459961 36.2560958862305 35.3381500244141 35.9601249694824 36.2095031738281 36.0536880493164 36.5915031433105 36.7005653381348 36.7401809692383 36.7481575012207 36.6945877075195 36.3481521606445
31.0728168487549 30.6637535095215 30.6229267120361 30.7827968597412 30.9839038848877 31.138484954834 31.9564170837402 33.7517890930176 33.6311073303223 33.1151351928711 34.8040046691895 36.1706008911133 35.1961784362793 33.8329238891602 33.1940155029297 35.2898254394531 35.7420654296875 36.0104370117188 36.2708053588867 36.3184280395508 35.8428955078125 35.5301208496094 35.6751441955566 35.0350608825684 35.450927734375 36.0173454284668 36.2887954711914 36.3971748352051 36.6592826843262 36.5909652709961 34.6991577148438 35.5559768676758 36.5636596679688 36.4869766235352 35.9972534179688 35.9500350952148 35.7765121459961 36.3871879577637 36.433349609375 36.4556274414062 36.4236679077148 36.6251258850098 36.6926460266113 36.715892791748 36.6415405273438 36.6029357910156
31.0180416107178 30.7192859649658 31.2823448181152 32.0634880065918 32.1819229125977 32.6719589233398 33.7796630859375 34.5531272888184 33.8374938964844 34.3285942077637 36.072452545166 36.7071266174316 36.0593299865723 34.8397827148438 33.9377098083496 35.2248382568359 35.2412910461426 35.6175918579102 36.5210876464844 36.7780456542969 36.4365272521973 36.0303115844727 36.4514083862305 36.2370986938477 36.0976753234863 36.6625518798828 36.556755065918 36.4748649597168 36.7949142456055 36.5414047241211 35.8277359008789 36.3857650756836 36.6074752807617 36.2619590759277 35.1686477661133 35.1221733093262 35.5226402282715 36.3903007507324 36.0608215332031 36.0484199523926 36.0747032165527 36.4264450073242 36.4160461425781 36.4991760253906 36.3407440185547 36.5124282836914
31.0720539093018 31.2680931091309 32.4396438598633 33.2012977600098 33.9143218994141 35.1098175048828 35.8943099975586 35.0649261474609 32.8870086669922 33.5439071655273 35.4085807800293 36.7514457702637 36.2491645812988 35.8593063354492 34.785213470459 35.9864082336426 36.1858825683594 35.4599914550781 36.413990020752 36.845386505127 36.7994766235352 36.2758941650391 36.6936111450195 36.8323173522949 36.6633949279785 36.7734527587891 36.5665626525879 35.6761665344238 36.6481895446777 36.8305244445801 36.747802734375 36.6146583557129 36.2528495788574 35.8639373779297 34.8758392333984 34.9440155029297 35.8557739257812 35.7918815612793 35.6347351074219 35.4252090454102 35.598747253418 35.9701843261719 35.7522163391113 36.1853675842285 35.654182434082 36.1264839172363
