inst/extdata/Tmax/Tmax83.asc
NCOLS 100 
NROWS 79 
XLLCORNER 148.06 
YLLCORNER -21.49 
CELLSIZE 0.01 
NODATA_value -3.4e+38 
[rows 20 to 39 of 79, columns 0 to 45 of 100]
39.516986846923800 39.5534477233887 39.5526885986328 39.5225982666016 39.5389633178711 39.6418533325195 39.5743789672852 39.5107650756836 39.4522972106934 39.3686370849609 39.2068557739258 38.8454971313477 38.4307174682617 37.8285942077637 36.5865364074707 36.1811943054199 36.1148338317871 37.0394630432129 38.0167579650879 38.4138717651367 38.4250373840332 38.4381332397461 38.7417602539062 38.7603073120117 38.6162147521973 38.3496932983398 37.7876205444336 36.9286651611328 37.4221572875977 37.476936340332 38.028392791748 38.0387916564941 38.1606750488281 38.1213417053223 38.0759582519531 37.8443565368652 37.4811553955078 37.4751052856445 37.035213470459 37.2611351013184 37.0511131286621 36.3776206970215 36.5816955566406 36.6201782226562 36.7227210998535 36.7412948608398
39.5933418273926 39.6512832641602 39.6613426208496 39.630054473877 39.6350479125977 39.6342582702637 39.5182075500488 39.4499015808105 39.4294586181641 39.3720779418945 39.2607803344727 39.1072616577148 38.8969688415527 38.0262489318848 36.6134834289551 36.3081893920898 36.535285949707 37.3099632263184 37.7801628112793 38.125659942627 38.2382965087891 38.1586799621582 38.6419067382812 38.7617111206055 38.5798683166504 38.5878448486328 38.5553131103516 37.8516578674316 37.7010841369629 38.1738357543945 38.2752685546875 38.173942565918 37.8636894226074 37.2993927001953 37.3087425231934 37.2794418334961 37.6923217773438 37.0363388061523 36.6600036621094 36.9399490356445 36.5737266540527 36.644947052002 36.383674621582 35.5352401733398 35.8257713317871 36.4433670043945
39.6621551513672 39.7076606750488 39.7149238586426 39.7024459838867 39.6876907348633 39.6571769714355 39.504524230957 39.3949661254883 39.3476371765137 39.3197250366211 39.2164192199707 39.157112121582 38.9989318847656 38.4362716674805 37.3901100158691 36.599308013916 35.9902954101562 36.459400177002 36.9967231750488 37.7531394958496 37.8542861938477 37.9688148498535 38.5608749389648 38.3589668273926 37.971134185791 38.304141998291 38.3654403686523 38.4352416992188 38.168758392334 38.1973533630371 37.9459686279297 37.7700119018555 37.2364692687988 36.9207763671875 36.6977729797363 36.8909225463867 36.8241119384766 36.2964782714844 36.2614707946777 36.1778182983398 35.8830032348633 35.179370880127 35.9012832641602 35.6244201660156 34.7058715820312 36.0115127563477
39.6629219055176 39.6937866210938 39.7097816467285 39.7030220031738 39.6680641174316 39.6598625183105 39.5978584289551 39.3360824584961 39.2411003112793 39.259593963623 39.097526550293 38.9313316345215 39.0239448547363 38.6770248413086 37.9434967041016 37.2026596069336 36.4204711914062 36.1410942077637 36.7098350524902 37.0027008056641 37.5100059509277 38.4425392150879 38.2073402404785 37.6354293823242 37.7683753967285 37.8990859985352 37.6077423095703 38.4807472229004 38.4957427978516 38.3610534667969 38.1441841125488 37.1315574645996 36.8176765441895 36.9983139038086 37.3021240234375 36.8679580688477 36.0122413635254 35.5000228881836 36.1656646728516 35.6851959228516 35.0058250427246 33.6861419677734 34.4480514526367 35.5384101867676 33.8639793395996 35.0825996398926
39.6281814575195 39.6832809448242 39.7106513977051 39.6823348999023 39.6482048034668 39.6494750976562 39.6533660888672 39.4970283508301 39.3395957946777 39.1860580444336 39.0925369262695 39.0605964660645 38.9021797180176 38.5893287658691 37.8806114196777 37.226448059082 36.5212554931641 36.1721038818359 36.3604354858398 36.3568840026855 37.4876136779785 38.2650909423828 37.2327919006348 36.7211303710938 37.4808959960938 37.4547538757324 37.6223945617676 38.3042106628418 38.5192031860352 38.1630897521973 38.1042404174805 37.886905670166 37.853141784668 37.8980331420898 37.5897407531738 37.2983894348145 36.9212608337402 35.880054473877 35.6649589538574 35.4178199768066 33.8178367614746 33.2792892456055 33.6863250732422 35.379955291748 33.5524101257324 33.8837738037109
39.6011848449707 39.6223754882812 39.6322021484375 39.6098747253418 39.6191444396973 39.6260414123535 39.6524429321289 39.612663269043 39.4779434204102 39.2604789733887 39.0858497619629 38.9653968811035 38.8285026550293 38.4088668823242 37.9902114868164 37.4671745300293 36.8863830566406 36.5647583007812 36.987922668457 37.6431503295898 37.626350402832 37.5371398925781 37.0774993896484 35.8761253356934 36.3546142578125 37.0771751403809 37.2140846252441 38.3519744873047 38.513801574707 38.1765480041504 37.3615188598633 37.9230308532715 37.792293548584 37.6681823730469 37.4099349975586 37.108097076416 36.9920768737793 35.6137504577637 34.4180030822754 34.7890815734863 33.4508209228516 34.2197380065918 34.5447998046875 35.3907623291016 34.4420547485352 33.4406471252441
39.5155982971191 39.5430297851562 39.5495071411133 39.5590057373047 39.5547065734863 39.5553512573242 39.6382102966309 39.6396064758301 39.5183067321777 39.1437225341797 39.0470504760742 38.8082275390625 38.803035736084 38.4559669494629 37.7564353942871 36.7504539489746 36.3914489746094 36.5744094848633 37.0183753967285 36.9283485412598 37.1029968261719 37.9415473937988 37.8022499084473 36.3792343139648 35.9928359985352 36.86669921875 37.6109886169434 38.4206047058105 38.4882583618164 38.2816314697266 37.5046539306641 37.1468276977539 37.8600044250488 37.3589019775391 36.9435768127441 36.1672058105469 35.9012069702148 36.0001220703125 35.0072479248047 33.7927551269531 33.4121017456055 33.7031402587891 33.6094512939453 34.573600769043 33.6944580078125 33.0870780944824
39.3895530700684 39.4116096496582 39.4407958984375 39.484977722168 39.505012512207 39.5568466186523 39.6429176330566 39.6384315490723 39.5737075805664 39.4009094238281 39.1826095581055 38.9453964233398 38.8343734741211 38.6510391235352 37.7938995361328 36.7209510803223 36.4135398864746 36.3684005737305 36.4883079528809 36.4646377563477 37.5330085754395 38.1313438415527 37.6242828369141 36.8131980895996 36.2743682861328 36.4902763366699 36.6002502441406 38.0640830993652 38.3806076049805 38.2649383544922 37.5228500366211 37.4412803649902 37.7050704956055 37.0111846923828 36.3587112426758 35.820426940918 34.9675903320312 35.6303977966309 35.4711685180664 33.7652893066406 33.3486022949219 33.5222129821777 33.4396476745605 33.9875297546387 33.4299354553223 33.1432151794434
38.9385643005371 38.9016723632812 39.147102355957 39.4266624450684 39.5445709228516 39.6166229248047 39.6509666442871 39.6383781433105 39.5221099853516 39.4228897094727 39.2726173400879 38.7890815734863 38.873405456543 38.7328453063965 38.2543716430664 37.1189346313477 36.4349632263184 35.9547576904297 36.249080657959 37.0807189941406 37.5552711486816 37.8938140869141 37.0769538879395 36.3904266357422 36.2130584716797 36.3481101989746 36.7521934509277 37.5965042114258 38.2927513122559 38.3425712585449 37.8612251281738 37.6151809692383 37.2078704833984 36.2424659729004 35.1456108093262 34.7465744018555 34.4439811706543 34.6308860778809 34.7710494995117 34.3910751342773 33.8924522399902 34.0082397460938 33.7495155334473 33.5385818481445 33.5427284240723 33.4741554260254
38.1376800537109 38.9319114685059 39.2327651977539 38.9930725097656 39.4966011047363 39.6295623779297 39.6551704406738 39.6414527893066 39.4559631347656 39.3202362060547 39.3101501464844 39.0717544555664 38.8509407043457 38.7261161804199 38.4895362854004 38.0090713500977 37.4879684448242 36.1976661682129 36.4981689453125 36.5702896118164 36.7119827270508 37.6020736694336 37.1980590820312 36.430736541748 36.232307434082 36.0301361083984 35.9983825683594 37.5557403564453 38.3284606933594 38.3918952941895 37.6325263977051 36.7234992980957 36.4264831542969 36.0900611877441 35.8336715698242 34.8793067932129 34.8174247741699 34.425479888916 34.0296821594238 34.2639274597168 35.9482498168945 36.0188255310059 34.9588966369629 33.6067886352539 34.5816307067871 34.6759071350098
38.4163970947266 39.2202682495117 39.2454109191895 38.7575187683105 39.4614562988281 39.6243743896484 39.6720314025879 39.653751373291 39.5990600585938 39.3917083740234 39.2924041748047 39.2333793640137 39.0686454772949 38.875804901123 38.6031455993652 38.0606689453125 37.2868118286133 36.865550994873 36.4300270080566 36.6677589416504 36.7369232177734 37.1547088623047 36.5751914978027 36.408748626709 36.1170539855957 35.515380859375 35.7795486450195 37.4546279907227 38.2294387817383 38.2645606994629 38.2432289123535 38.0846481323242 37.0425338745117 36.1462860107422 36.0762825012207 35.6151542663574 35.7435836791992 35.5569190979004 35.1529006958008 35.6050224304199 36.983814239502 37.032112121582 36.6314163208008 36.0921020507812 35.9728507995605 35.4124412536621
39.1147613525391 39.3601722717285 39.4178657531738 39.4142799377441 39.4886932373047 39.618839263916 39.6495361328125 39.6426620483398 39.5985336303711 39.5307197570801 39.3631362915039 39.3103446960449 39.218147277832 39.028205871582 38.7803421020508 38.3297080993652 37.5393600463867 37.1417121887207 36.4784393310547 36.3702087402344 36.4315147399902 36.8482666015625 36.490608215332 36.2420997619629 36.1776008605957 36.1996421813965 36.9510803222656 37.945011138916 38.2852401733398 37.8100395202637 37.7247848510742 37.7324028015137 37.9187927246094 37.4484596252441 37.1870956420898 36.4661445617676 37.4263801574707 37.2790451049805 37.2436218261719 37.248851776123 37.0276107788086 36.1835289001465 35.2917709350586 34.9788398742676 34.8443641662598 34.1443862915039
38.8633079528809 39.5162620544434 39.5689239501953 39.5791931152344 39.5721740722656 39.5765075683594 39.5559577941895 39.5939865112305 39.5841674804688 39.5645027160645 39.5177345275879 39.4054946899414 39.2368545532227 39.0874137878418 38.9088935852051 38.6772842407227 38.236026763916 37.6114654541016 36.906982421875 36.2395820617676 36.2604904174805 36.6850624084473 36.5639343261719 36.2950172424316 36.1553649902344 36.298152923584 37.6273384094238 38.2789115905762 38.3353729248047 38.167106628418 37.7048568725586 37.1429405212402 37.7826080322266 37.8754119873047 37.9034843444824 37.4111518859863 37.7850952148438 37.5052642822266 37.3745040893555 37.2131805419922 36.0957412719727 34.769229888916 33.5748138427734 33.8898620605469 33.8025131225586 32.8730201721191
38.7348709106445 39.3087844848633 39.142951965332 39.030029296875 39.1502113342285 39.4918174743652 39.496955871582 39.514087677002 39.5234680175781 39.5076141357422 39.4738082885742 39.4519729614258 39.3465270996094 39.2034530639648 39.0588607788086 38.8494911193848 38.450080871582 38.0597038269043 37.8019714355469 37.2093696594238 36.3205528259277 36.5403823852539 36.3251762390137 36.3870124816895 36.2670783996582 36.2355270385742 37.2159805297852 38.2365760803223 38.3041839599609 38.0044403076172 37.8718681335449 36.8846435546875 37.1485824584961 37.3751449584961 37.6428909301758 37.747875213623 37.6134414672852 37.4482803344727 37.0828323364258 37.1245498657227 36.81689453125 35.6554870605469 34.895866394043 35.3999328613281 34.9811630249023 33.9069404602051
39.0458030700684 39.298511505127 38.9279594421387 38.3148880004883 38.4109649658203 39.274730682373 39.4687690734863 39.4343070983887 39.4454765319824 39.4560203552246 39.3805084228516 39.4233703613281 39.3749961853027 39.2710914611816 39.1312789916992 38.9541664123535 38.6689338684082 38.0491752624512 37.6659469604492 37.2311401367188 36.5930824279785 36.5114555358887 36.3337821960449 36.1287269592285 36.0915412902832 36.4421119689941 37.4919929504395 38.2075576782227 37.7384986877441 37.5273666381836 37.6205024719238 37.2887344360352 36.9837760925293 36.6679534912109 36.409969329834 36.8598861694336 36.6795425415039 36.9768295288086 36.8935394287109 36.6976470947266 36.4444274902344 36.7356719970703 36.4979057312012 36.1931838989258 35.6257820129395 35.1711616516113
39.1695518493652 39.257152557373 39.079833984375 38.7925758361816 38.5116271972656 39.0163764953613 39.297477722168 39.3158569335938 39.3556518554688 39.4069061279297 39.3933296203613 39.434700012207 39.3755569458008 39.318115234375 39.174388885498 38.9720878601074 38.752025604248 38.5495338439941 38.1757698059082 37.5643424987793 37.2001419067383 36.9572792053223 36.473258972168 35.8637962341309 36.0079650878906 36.2348442077637 37.5750961303711 38.0582160949707 36.2997436523438 35.9119987487793 36.5069007873535 36.7107391357422 36.6614074707031 36.4511260986328 35.9880523681641 35.7398796081543 36.2350921630859 36.0759887695312 36.0373840332031 35.982292175293 35.7259521484375 35.436653137207 35.6642379760742 36.0979194641113 35.5027465820312 34.4403800964355
39.0471115112305 39.0744247436523 39.0967330932617 38.8422966003418 38.5825119018555 38.7532730102539 38.9568252563477 39.1351318359375 39.2340621948242 39.3441123962402 39.323657989502 39.3217964172363 39.3975677490234 39.3310394287109 39.2174263000488 38.9638061523438 38.9425239562988 38.7984962463379 38.5636596679688 38.2024993896484 38.0606803894043 37.3171653747559 36.7502174377441 36.3010139465332 36.2913284301758 36.6463584899902 37.6073684692383 37.5085258483887 37.2255821228027 37.119571685791 36.3888320922852 36.3252601623535 36.1386184692383 35.995433807373 35.3067817687988 34.9152679443359 35.1127166748047 35.0528182983398 35.2657165527344 35.0675506591797 35.0471725463867 34.1764450073242 34.8361930847168 35.6305656433105 35.3981018066406 34.017951965332
38.5402870178223 38.8430213928223 39.0342674255371 38.9351577758789 38.7482414245605 38.6253929138184 38.6142768859863 38.9565849304199 39.058349609375 39.2170600891113 39.2905197143555 39.2900505065918 39.3420066833496 39.3535423278809 39.1850624084473 39.08544921875 39.0149154663086 38.905029296875 38.7521362304688 38.5592041015625 38.3623008728027 37.691463470459 36.608470916748 36.6857719421387 36.0273056030273 36.5688133239746 37.4685096740723 36.9352111816406 37.1064300537109 37.5383758544922 37.4204864501953 37.2673454284668 36.6269607543945 36.2146873474121 34.7240295410156 33.5220718383789 33.5599403381348 33.4473152160645 33.4024772644043 33.8340301513672 33.9795188903809 34.1578254699707 34.3293991088867 35.1438980102539 34.999454498291 34.6192436218262
38.6549110412598 38.7403526306152 38.8633117675781 38.8386421203613 38.8029937744141 38.5129547119141 38.310977935791 38.0632362365723 38.6774520874023 39.1408805847168 39.2626686096191 39.3035278320312 39.373046875 39.366283416748 39.079460144043 38.6979904174805 38.7178115844727 38.7667846679688 38.8049774169922 38.685733795166 38.5457992553711 38.1590156555176 37.1039543151855 37.3865394592285 36.4707260131836 36.4584350585938 36.5956230163574 36.8895606994629 35.8937492370605 36.5153007507324 36.1567153930664 36.2605972290039 37.4310913085938 37.0175018310547 36.0993804931641 33.9846420288086 33.1229782104492 33.1188507080078 32.4826545715332 32.881046295166 33.4698181152344 33.4558906555176 33.5267295837402 34.8042030334473 34.3785858154297 33.8690872192383
38.7282218933105 38.6542205810547 38.703670501709 38.5180320739746 38.7028961181641 38.6191749572754 38.4074172973633 38.1582527160645 38.3379592895508 38.9082870483398 39.1376991271973 39.3167839050293 39.3536033630371 39.3181800842285 39.258918762207 38.8763999938965 38.5159873962402 38.3245697021484 38.5743675231934 38.6863098144531 38.5487861633301 38.4100875854492 38.0981597900391 37.5448265075684 36.5231170654297 36.3132858276367 36.2659568786621 36.3465576171875 36.3878746032715 35.8774299621582 35.3286781311035 36.0597190856934 37.1877021789551 36.4777526855469 36.6766815185547 36.1557121276855 35.7417602539062 35.6072959899902 34.6680374145508 33.6122093200684 34.2801246643066 33.9761505126953 34.3354797363281 34.5018577575684 34.2082862854004 33.7563171386719
