inst/extdata/Tmax/Tmax69.asc
NCOLS 100 
NROWS 79 
XLLCORNER 148.06 
YLLCORNER -21.49 
CELLSIZE 0.01 
NODATA_value -3.4e+38 
[rows 0 to 19 of 79, columns 0 to 45 of 100]
38.480274200439503 38.2018127441406 37.4357109069824 37.6918487548828 37.7763366699219 38.0719947814941 38.1889801025391 38.2854461669922 38.2264175415039 38.0699615478516 37.6925582885742 37.5097427368164 37.4225273132324 36.4616546630859 36.8086547851562 37.0995941162109 37.3658599853516 37.3070106506348 36.6743507385254 36.1450119018555 36.0094718933105 35.2677040100098 35.5722732543945 36.5137252807617 36.8625831604004 37.0164184570312 36.9012107849121 36.8995475769043 36.6411209106445 36.3391647338867 35.6584358215332 34.2094192504883 35.1533737182617 35.0611228942871 34.1230201721191 33.2508583068848 33.1376724243164 32.8192558288574 33.3818244934082 34.771110534668 35.8756446838379 36.0402030944824 36.5826988220215 36.8315849304199 36.975471496582 37.0947074890137
38.3753051757812 37.9561462402344 37.334300994873 37.3839683532715 36.9172286987305 37.6042785644531 38.0109634399414 38.2264862060547 38.2939300537109 38.1783065795898 37.8983001708984 37.6355743408203 37.6938285827637 37.3524780273438 37.2018241882324 37.0893516540527 37.3764343261719 37.3637542724609 36.5894432067871 36.1094360351562 36.4850654602051 36.2655372619629 36.1551322937012 36.4626274108887 36.7843894958496 36.8909072875977 37.073371887207 36.9980926513672 36.8119354248047 36.624870300293 35.9685325622559 34.8771286010742 35.7404479980469 35.3988265991211 34.8599967956543 34.0931663513184 33.7263298034668 33.9856185913086 34.7818870544434 35.5972595214844 36.6977348327637 37.0207939147949 37.0894584655762 37.0615692138672 37.1061096191406 37.1361465454102
38.3959083557129 37.7495994567871 37.8098411560059 37.8857269287109 37.5076866149902 37.5755653381348 37.8624076843262 38.2672805786133 38.3734855651855 38.2446708679199 38.0023765563965 37.8761558532715 37.7812538146973 37.7135162353516 37.4596214294434 37.3205795288086 37.4571723937988 37.5354461669922 37.0778274536133 36.9072074890137 36.7692947387695 36.4932518005371 36.2913398742676 36.3585662841797 36.9697799682617 37.1401901245117 36.9946403503418 36.9427146911621 36.9120330810547 36.6519584655762 36.6639785766602 35.8940010070801 36.0496215820312 35.0813179016113 34.8207588195801 34.302318572998 33.8744812011719 33.4761657714844 34.2494583129883 35.1427345275879 36.1493453979492 36.9356536865234 37.1697540283203 37.1994476318359 37.1690940856934 37.110481262207
38.5854263305664 38.296329498291 38.0041923522949 38.4576454162598 38.0376586914062 37.6827812194824 37.9514999389648 38.3578681945801 38.4562187194824 38.3270149230957 38.1906661987305 38.1321258544922 38.0255279541016 37.8745613098145 37.5197334289551 37.3630981445312 37.613037109375 37.6136169433594 37.4197387695312 37.038646697998 36.7662200927734 36.4489097595215 36.4838752746582 36.4298858642578 36.8522682189941 37.1517066955566 36.8541564941406 37.0192337036133 36.8524398803711 36.1981010437012 36.593433380127 36.618480682373 36.0245590209961 35.035758972168 34.5666847229004 33.8590278625488 34.0482521057129 33.6333084106445 33.5169143676758 33.1089630126953 34.2979011535645 36.3157424926758 37.051342010498 37.206241607666 36.9679183959961 36.8538818359375
39.0346145629883 38.5960350036621 38.3774948120117 38.6651382446289 38.4609146118164 37.9365310668945 37.9383583068848 38.4106788635254 38.4947814941406 38.1847114562988 38.1605529785156 38.2846870422363 38.1627426147461 37.9242210388184 37.6198501586914 37.7108306884766 37.7493209838867 37.5175170898438 37.138484954834 36.543643951416 36.661922454834 36.7661323547363 36.8395767211914 36.9626083374023 36.9405136108398 36.6596565246582 37.1974334716797 36.8698234558105 36.7421951293945 36.3401565551758 36.5863227844238 36.4201545715332 36.1562309265137 35.3692893981934 34.9423561096191 35.1588096618652 34.8909339904785 34.438362121582 33.990234375 33.3865051269531 33.0860939025879 35.709228515625 36.8441276550293 37.1689643859863 36.5643730163574 35.961051940918
39.1783142089844 38.9682807922363 38.3998870849609 38.7081489562988 38.7353935241699 38.3902626037598 38.1438026428223 38.4687767028809 38.5627555847168 38.3171043395996 38.205207824707 38.3783111572266 38.2323722839355 37.9953994750977 37.4622192382812 37.8286056518555 37.7427673339844 37.3641204833984 36.9138832092285 36.5619735717773 36.6159057617188 36.7903518676758 37.0073547363281 36.9800338745117 37.1791610717773 37.0693855285645 37.1071319580078 36.4896621704102 36.4599418640137 35.5924110412598 36.1394729614258 36.4811477661133 36.5262107849121 36.2457122802734 35.9472312927246 35.8706817626953 35.1940956115723 34.7867431640625 34.5054779052734 33.8382682800293 33.4180717468262 35.4237174987793 36.7864685058594 37.1739616394043 36.7364196777344 35.1047668457031
39.3667678833008 39.1287384033203 38.8130302429199 38.914852142334 38.8504447937012 38.5379981994629 38.0023231506348 38.4168434143066 38.5336875915527 38.6108665466309 38.5388069152832 38.3917655944824 38.0384902954102 38.0980758666992 38.0479888916016 37.9113540649414 37.7400436401367 37.2729377746582 37.0814628601074 36.8192558288574 36.3352546691895 36.4738464355469 36.8204879760742 37.0967407226562 37.3407974243164 37.2566375732422 37.2477073669434 36.7985992431641 36.4921913146973 35.5249366760254 35.5058975219727 35.5733261108398 36.2970809936523 36.4005393981934 36.0190696716309 35.9072685241699 35.4357643127441 34.3186416625977 34.4852142333984 34.1121406555176 33.9607048034668 35.3215446472168 36.64599609375 37.0219383239746 36.8126640319824 35.4824028015137
39.393138885498 39.2899894714355 39.0327262878418 39.0280532836914 38.9708786010742 38.7436790466309 38.2607307434082 38.1363868713379 38.356689453125 38.594108581543 38.6492767333984 38.3982009887695 37.8486175537109 37.9976806640625 38.149284362793 37.5873870849609 37.5270156860352 36.8903884887695 36.8075065612793 36.5965270996094 36.033618927002 36.3913078308105 36.7153091430664 37.1291198730469 37.4686470031738 37.4513053894043 37.1100845336914 36.7297554016113 36.5633659362793 35.9355888366699 34.8590507507324 35.0689392089844 35.3167457580566 35.7651519775391 36.0438270568848 35.5448150634766 35.5760383605957 34.8553619384766 34.0354461669922 34.2411117553711 34.3866386413574 35.2494735717773 36.0057754516602 36.7760810852051 36.709300994873 35.2677955627441
39.2201690673828 39.385498046875 39.2206001281738 39.1562805175781 39.0241737365723 38.8108139038086 38.5025482177734 38.1085014343262 38.2236289978027 38.6006240844727 38.6937599182129 38.6235809326172 38.4380569458008 38.2960510253906 37.9887390136719 37.3607711791992 37.4946136474609 37.2660789489746 37.350513458252 36.5883750915527 36.566650390625 36.420654296875 36.4796600341797 36.996395111084 37.4306297302246 37.5446357727051 36.8054084777832 36.0784339904785 36.1248664855957 36.0275421142578 35.5322914123535 35.0624313354492 34.6934852600098 35.0441818237305 35.7464904785156 35.2379493713379 35.0257453918457 34.9630928039551 34.1855773925781 33.905647277832 34.0601043701172 34.1248741149902 34.8140411376953 36.0265769958496 36.3486175537109 35.3653526306152
39.0257606506348 39.3296546936035 39.3623847961426 39.2185096740723 39.026912689209 38.9092407226562 38.7275466918945 38.3411178588867 38.0537147521973 38.5662956237793 38.721321105957 38.3849487304688 37.794075012207 37.8233795166016 37.8816604614258 37.8372039794922 37.8428955078125 37.6946411132812 37.5050048828125 37.2326698303223 36.9477310180664 36.4100646972656 36.6573219299316 37.2977294921875 37.6222229003906 37.5166282653809 36.9443588256836 36.7878494262695 36.360050201416 35.925838470459 34.897632598877 34.5638885498047 35.4084396362305 35.2727584838867 35.08349609375 34.8724975585938 34.6734771728516 34.8857879638672 34.4273872375488 33.8073425292969 33.8124656677246 33.3476066589355 33.9983215332031 34.8979301452637 35.1199989318848 34.5949096679688
38.7956504821777 39.0246849060059 39.4007186889648 39.2960319519043 39.1588973999023 39.0655899047852 38.8919334411621 38.5788192749023 38.5411834716797 38.6966361999512 38.77978515625 38.4611434936523 38.1751251220703 37.5532150268555 37.6693954467773 37.8758544921875 37.9550476074219 38.0768890380859 37.6987190246582 37.5164680480957 37.1717109680176 36.8498764038086 36.8862991333008 37.3146896362305 37.630184173584 37.5311737060547 36.9642868041992 36.3360862731934 35.5045890808105 35.4810485839844 35.1665229797363 35.0986747741699 35.7675819396973 35.5391502380371 34.7934722900391 34.5657539367676 34.9240608215332 34.6708641052246 34.3422546386719 33.8762855529785 33.8971672058105 33.6709289550781 33.3649711608887 33.9227066040039 34.2440185546875 34.4668350219727
38.6884269714355 38.7253608703613 39.3951034545898 39.3737678527832 39.2789154052734 39.1494445800781 38.9871711730957 38.7042503356934 38.7092361450195 38.9109382629395 38.8428497314453 38.6640930175781 38.3547973632812 37.93994140625 37.8341445922852 38.0527038574219 38.275505065918 38.2354927062988 38.0075225830078 37.6183204650879 37.1877822875977 36.8941688537598 37.0027885437012 37.1012954711914 37.251651763916 37.4936637878418 36.6962852478027 36.0263671875 35.510814666748 35.6831893920898 35.7154197692871 35.6243858337402 35.9386405944824 35.4877014160156 35.2627639770508 35.1684722900391 34.7996215820312 34.302864074707 34.7022743225098 34.8629150390625 34.4883422851562 34.1077880859375 33.6585426330566 33.9923515319824 34.3903923034668 34.6824798583984
38.8455085754395 39.2221832275391 39.4114646911621 39.3565788269043 39.3458023071289 39.2418785095215 39.0983543395996 38.7852172851562 38.8274765014648 39.0545120239258 38.8624992370605 38.7817802429199 38.5915565490723 38.621883392334 38.5212898254395 38.4810905456543 38.4686050415039 38.3747596740723 38.176082611084 37.7402038574219 37.4988212585449 37.6024932861328 37.7851409912109 37.9416236877441 37.8025512695312 37.4464530944824 37.2653846740723 36.8491630554199 36.532169342041 36.3604927062988 36.3890380859375 36.1983299255371 36.0975761413574 35.6102409362793 35.1325378417969 34.7452659606934 34.2853927612305 35.1563758850098 35.3630981445312 35.2942390441895 34.1900215148926 34.112964630127 33.6939315795898 33.4525489807129 34.4748954772949 34.8983955383301
39.2191963195801 39.3640251159668 39.3847503662109 39.296028137207 39.2869033813477 39.3087997436523 39.2373695373535 39.1118583679199 38.9253311157227 39.0099983215332 38.9630661010742 38.8794479370117 38.7525787353516 38.6492538452148 38.541820526123 38.4569091796875 38.5468864440918 38.4475746154785 38.312686920166 38.2004699707031 38.0960426330566 38.0397109985352 37.8560066223145 37.9226417541504 37.5521240234375 36.7168006896973 36.6542778015137 36.2927169799805 35.8198699951172 36.4259185791016 36.6258697509766 36.5696563720703 35.9452209472656 35.677074432373 35.5564270019531 35.4861869812012 35.4437637329102 35.1683769226074 35.644172668457 35.8919868469238 35.4523811340332 35.0691184997559 34.5256195068359 34.0643692016602 34.8871650695801 35.2582550048828
38.6323699951172 39.0770988464355 39.3799057006836 39.303638458252 39.1855430603027 39.2363395690918 39.1778182983398 39.0257873535156 38.6775703430176 38.6906852722168 38.9225044250488 38.7486763000488 38.3151245117188 38.4235000610352 38.5420341491699 38.0870399475098 38.4072723388672 38.5173149108887 38.4529914855957 38.3890037536621 38.3205261230469 37.980354309082 37.452766418457 37.7386054992676 37.5804824829102 37.3424415588379 37.2618560791016 36.9653167724609 36.6510925292969 36.8369598388672 36.7779273986816 36.5448799133301 36.1645927429199 36.3339195251465 36.278564453125 35.5037155151367 35.9243202209473 35.224048614502 35.4578475952148 36.0385971069336 35.9960632324219 35.7716445922852 35.1413841247559 34.4572448730469 34.9347915649414 35.5138320922852
37.9391632080078 38.7539482116699 39.3117980957031 39.3858833312988 39.3114051818848 39.2681503295898 39.1644973754883 39.0560646057129 38.866138458252 38.442066192627 38.1018676757812 38.6594352722168 37.9795227050781 37.7095260620117 38.3804893493652 38.0766067504883 38.042049407959 38.3767890930176 38.3739204406738 38.3497848510742 38.3320541381836 38.2852897644043 38.1543464660645 37.9479522705078 37.5958213806152 37.2692909240723 37.2610702514648 37.1851921081543 37.1160697937012 36.9476051330566 36.7889709472656 36.4404792785645 36.1965751647949 36.6780166625977 36.5560035705566 36.3187103271484 36.2996101379395 35.8259696960449 35.5251007080078 36.0353813171387 36.1614570617676 35.6458969116211 34.6157150268555 33.7190971374512 34.0487403869629 35.3861312866211
38.7768135070801 38.6298751831055 39.0663566589355 39.1886558532715 39.335636138916 39.2885856628418 39.1738204956055 39.0449676513672 38.9037895202637 38.6570014953613 38.1285247802734 38.4341888427734 37.580982208252 37.3633995056152 37.9432716369629 37.8077583312988 37.2463226318359 38.0860366821289 38.0583267211914 38.019889831543 38.1944236755371 38.2886810302734 38.1895866394043 37.8384170532227 37.1627044677734 36.6872978210449 36.3628807067871 36.6023139953613 37.0137634277344 36.539924621582 36.3467178344727 35.7266311645508 36.2636604309082 36.8951721191406 36.7267913818359 36.5514144897461 36.5603256225586 36.2022552490234 35.8915596008301 36.0889778137207 36.2196426391602 35.3293342590332 34.5233993530273 34.7452354431152 34.9969635009766 35.434700012207
38.9055290222168 39.1617240905762 39.1943435668945 39.1827545166016 39.2674026489258 39.2870788574219 39.2148742675781 39.1286087036133 38.9878997802734 38.6147766113281 38.2863311767578 37.9657402038574 37.62548828125 37.3189735412598 37.7099609375 37.5774002075195 37.5796928405762 37.4131164550781 37.1929397583008 37.1583480834961 38.0349502563477 38.2153549194336 38.1759643554688 38.0714263916016 37.5969734191895 36.6839828491211 35.5701446533203 36.1922340393066 36.7981376647949 36.0374298095703 36.3099365234375 36.7350158691406 36.9362716674805 37.1192474365234 37.0269737243652 36.8498382568359 36.4578323364258 35.7951850891113 36.1225547790527 36.2737083435059 36.4924201965332 36.2059440612793 36.0616569519043 36.0201225280762 35.9582214355469 35.5037078857422
39.1118202209473 39.0849266052246 38.9439544677734 39.0015754699707 39.3213806152344 39.2203979492188 39.2067604064941 39.172061920166 39.0801315307617 38.7922668457031 37.9120635986328 37.9578971862793 37.5989379882812 36.6944885253906 37.2558822631836 37.0552215576172 36.9062614440918 36.3396453857422 36.9754257202148 37.2442588806152 38.0601501464844 38.0539855957031 38.133472442627 38.1871528625488 37.5199317932129 36.6776657104492 35.762378692627 36.3442764282227 36.7942810058594 36.3920631408691 36.7484169006348 37.0595512390137 37.3217353820801 37.3004188537598 36.9453277587891 36.7236709594727 36.4224472045898 36.1942749023438 36.5691032409668 36.6086959838867 36.6133308410645 36.5301628112793 36.407299041748 35.8943138122559 35.2303161621094 35.1788139343262
39.2444801330566 39.2194328308105 39.1772880554199 39.0493583679199 39.3547172546387 39.3314361572266 39.2620162963867 39.1979866027832 39.1249198913574 39.0277214050293 38.7607307434082 38.1735763549805 37.5046806335449 36.555591583252 36.7887763977051 36.7403106689453 36.3821105957031 36.5835800170898 36.7595329284668 37.5343208312988 38.102897644043 37.7643127441406 38.2640075683594 38.1264495849609 37.6605606079102 37.4551429748535 36.6230964660645 36.6790161132812 36.9218940734863 36.7664489746094 37.2019805908203 37.1517333984375 37.4546394348145 37.3766326904297 37.2402229309082 37.0326919555664 36.3777961730957 36.4814720153809 36.6532440185547 36.6244888305664 36.6250267028809 36.4983749389648 36.4121055603027 36.0044975280762 35.9245567321777 35.8036079406738
