inst/extdata/Tmax/Tmax143.asc
NCOLS 100 
NROWS 79 
XLLCORNER 148.06 
YLLCORNER -21.49 
CELLSIZE 0.01 
NODATA_value -3.4e+38 
[rows 40 to 59 of 79, columns 46 to 91 of 100]
30.2104263305664 30.9225158691406 31.2304916381836 32.0139465332031 33.6881484985352 34.7480430603027 34.2504730224609 32.2181739807129 31.8372135162354 32.5541114807129 33.1115837097168 35.0037956237793 34.5943946838379 34.8346557617188 33.937068939209 35.0360298156738 35.2445831298828 34.9362487792969 35.0487518310547 35.1609077453613 35.1716461181641 34.1780471801758 34.6013488769531 34.9492874145508 35.0485153198242 35.1085433959961 35.0034980773926 34.5974502563477 34.7987785339355 35.0111236572266 34.9660110473633 34.8074035644531 34.4658279418945 33.1499214172363 33.4404907226562 34.1547889709473 34.0593376159668 33.9613723754883 34.2140846252441 33.6361541748047 32.8745574951172 33.3672370910645 33.6937789916992 33.4801063537598 33.7509956359863 33.7848815917969
31.1883354187012 32.2454452514648 32.1547737121582 32.1046600341797 33.7242584228516 35.0558891296387 33.8401794433594 33.4191207885742 34.0653266906738 34.1607933044434 34.5547065734863 35.3169174194336 35.1964874267578 35.2182426452637 35.0626602172852 35.3995018005371 35.4456634521484 35.3767433166504 35.3324546813965 35.3570251464844 35.3324775695801 34.7823257446289 34.0412483215332 34.4231567382812 34.3416862487793 34.8604850769043 35.1865539550781 34.6871948242188 34.6764259338379 35.0903434753418 35.119010925293 35.0338668823242 34.8570213317871 34.2165718078613 34.4705810546875 34.5078811645508 34.2837829589844 34.2756805419922 34.3817291259766 34.509693145752 33.5007705688477 33.7330322265625 34.3670539855957 34.1568946838379 34.2905082702637 34.2139739990234
33.517520904541 33.6928291320801 33.8744583129883 34.3957366943359 34.7576141357422 35.2776679992676 34.8264427185059 34.2553405761719 34.8161087036133 35.2548637390137 35.163875579834 35.507884979248 35.5483245849609 35.4663200378418 35.4395751953125 35.5297508239746 35.5440673828125 35.5206146240234 35.4878997802734 35.4771423339844 35.3767395019531 34.3947677612305 34.1859283447266 34.7138710021973 34.1683349609375 34.6380996704102 35.1042938232422 35.0010375976562 34.9408264160156 35.206657409668 35.2213935852051 35.2140655517578 35.1697387695312 35.0466804504395 34.9389686584473 34.5853805541992 33.6298789978027 34.2462730407715 34.8014640808105 34.7897605895996 34.6422920227051 34.5740013122559 34.6903686523438 34.7181816101074 34.7510261535645 34.676815032959
34.8058738708496 34.8322601318359 34.9779815673828 35.1392478942871 35.397403717041 35.4795951843262 35.3937530517578 35.1462669372559 35.3356056213379 35.5740737915039 35.5728912353516 35.6296997070312 35.609489440918 35.5721244812012 35.5954437255859 35.5639686584473 35.4960670471191 35.4712753295898 35.5055885314941 35.5365333557129 35.483081817627 35.2333374023438 34.9666633605957 35.149169921875 35.0061416625977 34.5352020263672 34.8374252319336 35.1205253601074 35.2804298400879 35.3011016845703 35.287052154541 35.2763977050781 35.241828918457 35.1938285827637 35.1823234558105 35.0179595947266 34.5095901489258 34.8301010131836 35.0128211975098 34.9882354736328 34.939380645752 34.9281425476074 34.9039001464844 34.9111251831055 34.9063987731934 34.8551406860352
34.6147804260254 34.9066467285156 35.1944236755371 35.2070922851562 35.2709999084473 35.3999710083008 35.459415435791 35.5373229980469 35.5705718994141 35.512638092041 35.2875366210938 35.4066848754883 35.3272743225098 35.0507965087891 35.2468643188477 35.3868179321289 35.2671279907227 35.3850059509277 35.4833068847656 35.5323753356934 35.5394592285156 35.402271270752 35.0700035095215 34.7971611022949 35.0325355529785 35.2093696594238 35.2581520080566 35.3006439208984 35.3055572509766 35.3361587524414 35.3069496154785 35.2921562194824 35.2418403625488 35.1938591003418 35.2169761657715 35.1443481445312 35.1152648925781 35.1025772094727 35.0343742370605 35.026481628418 34.9872741699219 34.9638366699219 34.9569396972656 34.9321708679199 34.821662902832 34.8327331542969
32.752685546875 33.5589790344238 33.9920387268066 34.2185707092285 34.6241302490234 34.9826927185059 34.9270324707031 35.1465263366699 35.1469917297363 34.9741668701172 34.1450576782227 34.1639633178711 34.2508316040039 32.6494407653809 33.6809272766113 34.5048408508301 35.0917205810547 35.4454612731934 35.538028717041 35.5597457885742 35.5591354370117 35.3714904785156 34.9090232849121 34.5191841125488 34.8037796020508 35.0767478942871 35.2113037109375 35.194393157959 35.2593231201172 35.3300628662109 35.3205986022949 35.3126678466797 35.2854995727539 35.2690849304199 35.2274017333984 35.1132011413574 35.0940704345703 35.0778121948242 35.0384788513184 35.020881652832 34.975414276123 34.9560890197754 34.9349021911621 34.8700981140137 34.8516578674316 34.8585243225098
30.6211929321289 31.5835075378418 31.5028915405273 31.4767875671387 32.8147201538086 33.3534507751465 33.4763336181641 33.7659339904785 34.2639694213867 33.594596862793 32.8644332885742 32.2431144714355 32.965648651123 32.8303642272949 33.3134651184082 34.5555419921875 35.2881965637207 35.4880523681641 35.5202484130859 35.4955596923828 35.5370674133301 35.5507545471191 35.1036720275879 34.7335357666016 34.6138458251953 34.8960266113281 35.114501953125 35.2310066223145 35.3341064453125 35.3484840393066 35.3559341430664 35.3586006164551 35.3420295715332 35.3023414611816 35.2096138000488 35.1335563659668 35.1200637817383 35.1069221496582 35.0825271606445 35.0576362609863 35.0110359191895 34.9961624145508 34.9820098876953 34.9361381530762 34.9167251586914 34.7825889587402
30.7170333862305 30.6625518798828 30.5127334594727 30.570011138916 30.5228958129883 31.1050071716309 32.233283996582 32.9116477966309 33.0959091186523 32.9621963500977 33.5382690429688 33.3589096069336 33.1877479553223 33.8177642822266 34.1356658935547 35.0696029663086 35.340705871582 35.3672180175781 35.2972869873047 35.4233589172363 35.5410232543945 35.5931816101074 35.4396743774414 35.1110572814941 34.6689414978027 34.9470176696777 35.1489448547363 35.3168678283691 35.3863334655762 35.4195404052734 35.4168167114258 35.392219543457 35.3164978027344 35.2304306030273 35.1578941345215 35.1185264587402 35.1235961914062 35.1311569213867 35.112247467041 35.0881576538086 35.0562591552734 35.0483436584473 35.0304222106934 34.9965515136719 34.7755889892578 34.5329513549805
30.4217891693115 30.4992713928223 30.672607421875 30.4520778656006 30.3791561126709 30.4486503601074 31.1136379241943 32.6463661193848 33.1992950439453 33.3954200744629 33.2136306762695 33.4187431335449 33.7371673583984 34.052433013916 34.1158714294434 34.6828727722168 35.0867881774902 35.083683013916 35.0738983154297 35.3909454345703 35.4958801269531 35.5142211914062 35.6012802124023 35.5107803344727 35.3861312866211 35.3431930541992 35.4312286376953 35.4976043701172 35.4996032714844 35.4962425231934 35.4534149169922 35.3776054382324 35.2823791503906 35.1383018493652 35.0882759094238 35.1359748840332 35.1389274597168 35.1504135131836 35.1599426269531 35.1362228393555 35.1210479736328 35.1101264953613 35.0840187072754 35.0589485168457 34.8882675170898 34.7360687255859
30.4828548431396 30.6182041168213 30.6376705169678 30.3823280334473 30.7649765014648 31.4023742675781 31.4850368499756 32.7475776672363 33.2384490966797 33.4601821899414 33.2533760070801 33.7721633911133 34.0750579833984 34.0807991027832 34.1791725158691 34.0651626586914 34.169849395752 34.4184722900391 34.8144264221191 35.1890487670898 35.2864608764648 35.3040771484375 35.5574493408203 35.6055717468262 35.6200866699219 35.5886993408203 35.557258605957 35.3737297058105 35.4344711303711 35.5007858276367 35.4464340209961 35.3215675354004 35.269702911377 35.0588760375977 34.9837875366211 35.161376953125 35.1561088562012 35.1314849853516 35.1872406005859 35.1870307922363 35.1531715393066 35.1504211425781 35.1263694763184 35.0935974121094 35.0139579772949 34.9286460876465
30.513765335083 30.4206771850586 30.5921211242676 30.3671951293945 30.8752021789551 31.7602577209473 32.1285820007324 32.7372245788574 33.4689407348633 33.9595413208008 33.9766883850098 34.1103172302246 34.190975189209 34.2251815795898 34.2140197753906 34.1520729064941 34.2241325378418 33.9360656738281 33.5619583129883 34.784595489502 34.6574172973633 35.1255149841309 35.4768142700195 35.5389709472656 35.590202331543 35.5649871826172 35.4844970703125 35.2485198974609 35.4008598327637 35.5046539306641 35.3175735473633 35.1377258300781 35.1489791870117 35.122386932373 35.1506958007812 35.2250366210938 35.2267265319824 35.205265045166 35.1969680786133 35.2266311645508 35.2105827331543 35.1881332397461 35.1601409912109 35.1229209899902 35.0779647827148 34.9729881286621
30.175106048584 30.154109954834 30.4555854797363 29.9593734741211 30.0786209106445 31.6434020996094 32.4548683166504 33.1150932312012 33.4643211364746 33.7694129943848 33.8344955444336 33.8437423706055 33.6319160461426 33.6358489990234 33.9281578063965 34.0663452148438 34.4292449951172 34.3515205383301 34.154899597168 34.2023010253906 34.0264167785645 34.8753318786621 35.3098068237305 35.4946746826172 35.5013885498047 35.5093574523926 35.135124206543 34.7419967651367 35.3776741027832 35.5139007568359 35.2074661254883 34.8865547180176 35.1476821899414 35.1948394775391 35.2213554382324 35.1771774291992 35.1683959960938 35.1664161682129 35.183406829834 35.166820526123 35.1700630187988 35.2030410766602 35.1878395080566 35.1540374755859 35.1133766174316 35.0302658081055
29.8873596191406 29.7720851898193 30.1441173553467 30.0473766326904 30.1170387268066 30.9000358581543 31.7306461334229 32.426383972168 32.9311180114746 33.3070220947266 33.2403678894043 33.1655693054199 33.240119934082 33.553653717041 34.3581085205078 34.4673957824707 34.6678733825684 34.5661201477051 34.480110168457 34.3010101318359 34.0332412719727 34.7511138916016 35.2300186157227 35.4350509643555 35.3686676025391 35.4590606689453 35.0476913452148 34.0581130981445 35.1182861328125 35.4970169067383 35.1961479187012 34.9429550170898 35.1514854431152 35.0842590332031 35.0072402954102 35.0263900756836 35.0739097595215 35.0012397766113 34.9161949157715 34.8975639343262 35.0098876953125 35.1052589416504 35.1968460083008 35.1765670776367 35.1401329040527 35.0818481445312
30.7758560180664 29.9573650360107 30.0440654754639 30.3628311157227 30.6634731292725 31.4985694885254 31.5550956726074 32.3600807189941 33.2003288269043 33.5462684631348 33.9232406616211 34.0423164367676 34.1907691955566 34.4381980895996 34.644157409668 34.6883506774902 34.6379661560059 34.721263885498 34.6869163513184 34.4368476867676 34.2135009765625 34.2488250732422 34.8194198608398 35.0656280517578 34.9857635498047 35.4338302612305 35.320140838623 34.6336441040039 35.2084655761719 35.4900054931641 35.2368545532227 35.0407409667969 34.9472694396973 34.5891761779785 34.7863998413086 34.7112464904785 34.7185401916504 34.2755889892578 34.3822402954102 33.3118858337402 34.7321281433105 35.0031661987305 35.1937026977539 35.2015228271484 35.1717414855957 35.1149215698242
31.3356590270996 30.5395545959473 30.1184177398682 30.7592678070068 31.2765922546387 31.9228248596191 32.0045547485352 32.5096702575684 33.3137283325195 33.752613067627 33.7997894287109 33.822509765625 34.2768630981445 34.4668312072754 34.5887794494629 34.5702018737793 34.7988014221191 34.945426940918 34.9152145385742 34.6476097106934 34.4568710327148 34.3754806518555 34.5202674865723 34.5344467163086 34.507438659668 35.235164642334 35.4257965087891 35.1102561950684 34.7907867431641 35.3610534667969 34.8578987121582 33.9999618530273 34.6557807922363 34.8255462646484 35.1338005065918 35.1317672729492 35.0865020751953 35.0495338439941 34.8096199035645 33.7630767822266 34.6162948608398 34.9653434753418 35.1504898071289 35.1999740600586 35.1935195922852 35.1412506103516
31.3750343322754 30.682731628418 30.2296409606934 31.2654228210449 32.1907501220703 32.6484107971191 33.439811706543 33.6841659545898 33.9027099609375 34.0161781311035 33.8074073791504 33.7663841247559 34.383430480957 34.4853858947754 34.5013961791992 34.5798492431641 34.7084846496582 34.7001991271973 35.2723197937012 35.0108337402344 34.6987419128418 34.543155670166 34.5199813842773 34.3496170043945 34.3630256652832 35.0324440002441 35.4068756103516 35.304256439209 35.1438674926758 35.4741439819336 34.716438293457 33.5489692687988 34.082389831543 34.8123626708984 34.8498229980469 34.4276695251465 34.4896621704102 35.0599136352539 35.1862640380859 35.1421394348145 35.1725540161133 35.161506652832 35.1749572753906 35.1727981567383 35.1987037658691 35.1706237792969
31.2755851745605 30.4955444335938 30.1149883270264 31.094030380249 32.2911186218262 32.6661949157715 32.0430297851562 33.479175567627 33.4187698364258 32.8254623413086 33.8322219848633 34.0672225952148 34.0966796875 34.1682662963867 34.1936836242676 34.4270362854004 34.5748023986816 34.7036666870117 35.2400245666504 35.3716278076172 35.1446685791016 34.8125915527344 34.630687713623 34.5481986999512 34.2924842834473 34.7937202453613 35.2890319824219 35.302734375 35.5033798217773 35.5677070617676 34.9910011291504 33.114803314209 33.8167343139648 33.290958404541 33.664379119873 32.9076118469238 33.9186706542969 35.0360946655273 35.1599769592285 35.2256088256836 35.2323417663574 35.1386070251465 35.0195198059082 35.135326385498 35.1626129150391 35.1539268493652
31.2601757049561 30.6563110351562 30.7048416137695 31.1163902282715 31.924560546875 32.3739852905273 32.8323173522949 33.0800857543945 31.6879425048828 31.6179351806641 33.2266464233398 32.1665496826172 32.55517578125 33.0249214172363 33.8173027038574 34.330249786377 34.5035820007324 34.7461853027344 35.1255149841309 35.2679672241211 35.3163986206055 35.0551147460938 34.7028617858887 34.7792739868164 34.645092010498 34.8921318054199 34.8883285522461 34.7063369750977 35.2936820983887 35.4928092956543 35.2250099182129 34.4591369628906 32.909252166748 30.9873046875 31.1266918182373 32.7969665527344 34.3457336425781 35.0052604675293 35.1239967346191 35.0592498779297 35.0499610900879 34.8009223937988 34.6668968200684 35.0665626525879 34.785041809082 34.8380432128906
31.2443008422852 30.952880859375 30.7878341674805 31.0351848602295 31.5228099822998 32.328483581543 32.5021820068359 32.046199798584 31.5768127441406 32.439754486084 32.9506607055664 31.8796081542969 32.2250099182129 32.6785354614258 33.7070083618164 34.1532211303711 34.4850997924805 34.9687156677246 35.4200592041016 35.2317123413086 35.0774269104004 35.3994407653809 35.1210708618164 34.9193992614746 34.7450752258301 34.7338218688965 34.8205032348633 34.71337890625 35.0684051513672 35.431037902832 35.4549407958984 34.8891677856445 34.1120147705078 32.3327789306641 31.6742763519287 32.8677253723145 34.349967956543 34.9505844116211 35.0133285522461 34.5086135864258 34.7784080505371 34.9698181152344 34.7421684265137 34.8079452514648 34.4560890197754 34.7180328369141
30.9729671478271 30.8009166717529 30.41774559021 30.688045501709 31.3027992248535 31.424201965332 31.7862892150879 32.1375350952148 32.4445266723633 32.5501670837402 32.9066696166992 33.1304740905762 33.8276290893555 33.9282760620117 34.0930976867676 33.5895004272461 34.6395645141602 35.0495223999023 35.2783203125 34.9721603393555 35.0874862670898 35.3002777099609 35.4075889587402 35.3412170410156 35.0271186828613 34.9449310302734 34.5579147338867 34.7323760986328 35.1613311767578 35.2515258789062 35.3969650268555 35.428352355957 34.8218307495117 34.0972290039062 33.1227760314941 32.805549621582 34.0364723205566 34.8661880493164 34.3326034545898 33.7611694335938 34.7301712036133 34.9995765686035 34.6942100524902 33.8619842529297 34.2354049682617 34.7790412902832
