inst/extdata/Tmax/Tmax19.asc
NCOLS 100 
NROWS 79 
XLLCORNER 148.06 
YLLCORNER -21.49 
CELLSIZE 0.01 
NODATA_value -3.4e+38 
[rows 40 to 59 of 79, columns 0 to 45 of 100]
33.206672668457003 32.8761749267578 33.7484931945801 34.3840446472168 33.5723915100098 33.421802520752 33.4120903015137 33.4309844970703 32.7668609619141 33.0768241882324 33.5963973999023 35.0131874084473 35.4814376831055 34.4543266296387 34.5136413574219 34.0920715332031 34.0031127929688 33.3663558959961 32.7767333984375 32.9582786560059 32.9421157836914 33.0591583251953 33.0309066772461 33.066967010498 31.5281620025635 31.7836666107178 31.0250072479248 31.0275688171387 31.3487586975098 30.3581848144531 29.4337043762207 28.3735980987549 29.8779792785645 29.7108097076416 29.2225036621094 29.5875282287598 29.1745567321777 26.4032783508301 25.9406986236572 25.5514450073242 25.141716003418 24.3959350585938 23.8861141204834 23.6523189544678 23.4052200317383 25.2327575683594
33.6415481567383 33.3982162475586 33.517505645752 34.1910133361816 34.3193550109863 34.1683616638184 33.4369850158691 33.7917289733887 33.4523773193359 34.0411605834961 33.9999732971191 34.8127098083496 35.0615310668945 35.0616607666016 34.3305969238281 35.0672454833984 34.300479888916 33.3758888244629 32.7072601318359 33.2295036315918 33.6153564453125 33.8642234802246 33.2571411132812 32.3602828979492 30.4968528747559 29.9857006072998 30.671875 30.8310203552246 31.0695343017578 30.6458587646484 29.5512657165527 29.4345283508301 29.6750164031982 30.3448638916016 27.5075149536133 28.4622116088867 27.865348815918 26.2983283996582 26.1806011199951 27.739652633667 27.5376987457275 25.3283710479736 23.4621334075928 23.3854084014893 23.4321022033691 23.7901287078857
33.6443977355957 33.6149597167969 33.8646430969238 33.9240303039551 33.819263458252 33.6638526916504 33.6459045410156 34.042163848877 33.7668418884277 33.9596519470215 34.3622283935547 35.011604309082 35.7191429138184 35.1116485595703 35.1728591918945 34.6332130432129 34.5539855957031 34.4124488830566 33.6817970275879 33.6276397705078 33.9393997192383 33.2355041503906 33.2122230529785 32.484302520752 32.5913963317871 32.0367240905762 30.070629119873 30.8112468719482 30.827730178833 30.3575649261475 28.918436050415 28.8370532989502 27.7741641998291 27.9195594787598 26.7739639282227 27.1139011383057 24.9925098419189 25.834156036377 26.1274738311768 25.6132926940918 26.3633708953857 25.4710865020752 25.7789726257324 24.5044727325439 24.3628463745117 25.1382751464844
32.8920669555664 33.3811874389648 33.7856483459473 33.8641624450684 34.1065979003906 33.9114685058594 34.6377906799316 34.4130630493164 33.904914855957 33.8628616333008 34.042594909668 34.6307601928711 35.1071395874023 35.236328125 35.6126708984375 35.6502838134766 35.1919212341309 34.972110748291 34.0240516662598 33.8581314086914 33.9585266113281 33.8432579040527 33.3450393676758 32.0301246643066 32.1630935668945 32.0800094604492 31.6900959014893 31.4617118835449 30.7320384979248 30.9770812988281 29.9207763671875 29.5243949890137 30.8050003051758 29.6387386322021 29.9810657501221 24.0165252685547 24.582799911499 24.7021884918213 24.920337677002 24.5837745666504 24.2759647369385 24.9417686462402 24.6286926269531 25.3675518035889 26.7672691345215 28.958667755127
32.5876159667969 33.2322273254395 33.1546096801758 33.1476898193359 33.7595024108887 33.8970565795898 33.9370422363281 34.1374206542969 33.9566650390625 34.1698265075684 33.9404678344727 34.7828140258789 34.8382682800293 35.4489898681641 35.7204284667969 35.4937286376953 35.0833930969238 35.2705459594727 35.1153411865234 34.9361686706543 34.3755645751953 34.2052421569824 33.443733215332 34.0099830627441 33.3283882141113 32.2495918273926 32.2405662536621 31.5624237060547 31.9270553588867 31.1363162994385 30.9672698974609 30.5384082794189 30.9574489593506 32.7256660461426 32.7177772521973 24.7861938476562 23.6378383636475 23.6863994598389 23.8135662078857 24.3148040771484 24.1006927490234 24.5441837310791 23.9826354980469 24.6624393463135 26.0058650970459 28.8993606567383
33.7159194946289 33.1441993713379 32.6731452941895 32.8081893920898 33.4638938903809 33.3650932312012 33.6439895629883 34.0393867492676 34.1404495239258 34.053092956543 33.8948669433594 34.4076995849609 34.2876434326172 35.3449630737305 35.9418754577637 35.4538497924805 34.934024810791 35.5172500610352 34.7464828491211 34.4745559692383 34.3926773071289 34.0539588928223 33.5316963195801 32.5006675720215 33.2237243652344 33.1862831115723 31.652645111084 32.0557327270508 32.2273254394531 31.227123260498 30.226734161377 30.1115951538086 31.1362361907959 31.1562194824219 33.189037322998 29.8864326477051 24.4112014770508 23.6741371154785 23.7458648681641 24.4894580841064 23.8179416656494 24.2125301361084 24.6804790496826 24.6980304718018 25.6707305908203 26.2480506896973
32.413703918457 32.8820266723633 33.3294372558594 32.5870895385742 32.4848213195801 32.9518013000488 33.5676689147949 33.711009979248 33.7161827087402 33.5180206298828 34.0931549072266 34.204460144043 33.3483390808105 33.9967002868652 35.4005889892578 34.2144203186035 34.2641067504883 35.3747978210449 35.1497764587402 33.861686706543 34.0567855834961 33.7146530151367 33.8056716918945 34.1678886413574 31.6437664031982 32.0058441162109 31.9517402648926 32.1631889343262 32.3173484802246 32.4674758911133 30.9125518798828 30.4516448974609 30.1089649200439 30.3688850402832 31.7973194122314 31.8076324462891 24.5900039672852 24.7411975860596 24.6435947418213 25.2654361724854 24.5899963378906 24.4878883361816 24.7234592437744 30.3365917205811 25.9810199737549 25.0615539550781
33.6718368530273 32.5111999511719 33.4557609558105 32.3610153198242 32.3701629638672 32.6315536499023 32.8183746337891 32.7652587890625 32.6133613586426 33.264030456543 33.0143737792969 33.076717376709 33.4356994628906 34.2613296508789 35.1184158325195 35.2629318237305 34.6595344543457 35.1031875610352 34.9784660339355 34.0044441223145 34.5912666320801 34.5467720031738 33.1984672546387 33.4399871826172 33.2170257568359 33.9705009460449 33.5338973999023 32.9143524169922 33.0265083312988 32.922664642334 32.3580513000488 31.6593627929688 30.4884929656982 31.4563064575195 31.4430923461914 30.415735244751 30.1438026428223 28.091667175293 25.9641551971436 25.9083003997803 25.4310493469238 25.344367980957 25.3727836608887 25.2187957763672 24.5916175842285 24.3257617950439
34.9678535461426 33.1746940612793 31.9545116424561 31.6441650390625 31.7773494720459 32.8539009094238 32.3849792480469 32.2845420837402 32.1651725769043 32.9806480407715 33.1472930908203 32.9552764892578 33.4116897583008 34.4397735595703 35.262393951416 34.3949737548828 34.4189987182617 34.1004409790039 34.6550903320312 33.6297073364258 33.7563514709473 34.7388877868652 34.5149574279785 34.1907997131348 33.5972557067871 33.0349044799805 34.0565605163574 34.691333770752 34.1171760559082 33.0378799438477 32.109504699707 32.2225761413574 31.430419921875 31.1827163696289 31.1565208435059 31.1759624481201 31.4980983734131 31.3283519744873 31.4525737762451 29.7481937408447 24.814115524292 24.8698024749756 25.1373462677002 24.7582588195801 24.7155323028564 24.3882675170898
35.1528053283691 34.2000732421875 33.3306579589844 31.5171985626221 31.4611129760742 31.5688056945801 32.1560211181641 32.2481842041016 32.2306671142578 33.6770515441895 34.4440574645996 33.8953018188477 33.4785194396973 33.6413154602051 33.7803077697754 33.8389472961426 34.3626823425293 34.5531806945801 34.1909980773926 34.8979911804199 33.7595481872559 34.2838516235352 34.7001266479492 34.5590515136719 34.0415649414062 34.5517883300781 32.9798011779785 34.128532409668 33.614086151123 32.9033966064453 31.9487056732178 32.5289916992188 30.7108116149902 30.6952590942383 30.9544677734375 27.5613689422607 31.6230030059814 31.3446521759033 31.0242824554443 31.1865501403809 29.8428611755371 24.7216930389404 24.4330596923828 26.7048034667969 26.6630058288574 27.2106761932373
35.503490447998 34.6655426025391 34.2201385498047 31.8682079315186 31.8603401184082 31.484489440918 31.6342468261719 32.2453956604004 32.1830253601074 33.3948440551758 34.4499435424805 34.2339973449707 34.3466567993164 34.7108840942383 34.543025970459 34.1488990783691 34.4673347473145 34.465690612793 34.4899368286133 33.7097549438477 34.6819725036621 34.511474609375 34.2609252929688 33.8154106140137 33.5177536010742 33.5005264282227 33.0943222045898 32.5585098266602 33.5297470092773 33.314811706543 32.2515296936035 32.4514579772949 31.0581359863281 31.2882919311523 29.6816177368164 30.6821727752686 30.5926742553711 31.0301361083984 30.8580722808838 30.9595680236816 30.5960445404053 29.8770771026611 28.6272258758545 27.8084602355957 26.4673614501953 26.3563575744629
35.2666969299316 35.4301834106445 34.3129234313965 32.6663818359375 32.4151954650879 32.8202323913574 32.2095260620117 31.7727375030518 31.1338748931885 32.0914649963379 34.0168151855469 34.6164283752441 34.8209571838379 34.0011863708496 34.5635833740234 34.506462097168 34.6767768859863 35.0315437316895 35.1727333068848 33.9784202575684 34.8566703796387 34.7733116149902 33.4038238525391 33.4529724121094 33.3213500976562 32.4484672546387 32.3292694091797 32.4878959655762 33.3290481567383 33.9991340637207 33.8129119873047 31.8000926971436 31.5199089050293 30.6197109222412 30.3584136962891 29.8109455108643 29.884241104126 30.655818939209 30.5924549102783 30.6100292205811 29.9322261810303 29.6718902587891 29.1972770690918 28.3190307617188 24.5203838348389 24.3448390960693
34.7275924682617 35.3182067871094 35.026309967041 31.5445575714111 31.0623035430908 31.9258575439453 31.8166198730469 32.0087890625 31.1576271057129 31.3643627166748 33.0395889282227 32.6676559448242 33.5140075683594 34.5917358398438 34.2104644775391 34.6383972167969 34.8348922729492 35.1291809082031 35.0122261047363 34.9010887145996 34.8487586975098 34.6616134643555 34.5312538146973 33.4577980041504 34.421070098877 34.1207466125488 32.7211875915527 32.803581237793 32.9209060668945 33.634693145752 33.6591796875 32.3039016723633 31.391185760498 30.8224544525146 30.8423519134521 31.5377616882324 29.7028560638428 29.4861545562744 30.2316875457764 31.3113098144531 31.2470512390137 30.5608730316162 30.5146331787109 29.7088165283203 24.8027153015137 24.2335472106934
35.0405197143555 34.5203742980957 34.4377784729004 32.2830352783203 31.277437210083 32.5334930419922 32.5040016174316 32.0019340515137 31.232141494751 31.3629245758057 32.8467483520508 32.2861061096191 34.2773094177246 34.2464981079102 34.139476776123 35.0034790039062 34.6806030273438 35.0750732421875 33.8677177429199 34.7213554382324 34.8160514831543 34.8791770935059 34.725513458252 33.9330978393555 33.32568359375 33.5577507019043 33.6067161560059 33.0737533569336 32.6343231201172 32.9275512695312 33.3313331604004 33.5839653015137 33.5879516601562 32.8164482116699 31.8702278137207 32.4608955383301 31.1396102905273 30.3055744171143 29.0580825805664 30.4246273040771 31.4906902313232 31.6857681274414 31.1066665649414 30.8789310455322 28.3695831298828 27.9285373687744
34.767147064209 33.9337196350098 34.1313514709473 33.2166862487793 32.740421295166 32.5332717895508 33.0666275024414 32.6317443847656 32.9503479003906 32.0309753417969 32.0538787841797 32.8253517150879 32.982250213623 33.907585144043 34.6870956420898 34.8798980712891 34.8087120056152 34.9931640625 34.9727478027344 34.1709823608398 34.1883811950684 34.8281135559082 34.4118385314941 34.9221725463867 34.1304244995117 33.4886436462402 33.0046882629395 33.4310989379883 32.0844268798828 33.1958274841309 32.8868942260742 32.3536567687988 33.3328971862793 33.0696334838867 33.9487419128418 31.6218795776367 31.7501564025879 32.371639251709 32.1014404296875 30.8549690246582 30.8342266082764 30.0265998840332 29.2986660003662 28.5103950500488 28.6469974517822 25.5609798431396
34.8440055847168 34.8757820129395 34.7220344543457 33.6657218933105 33.3149948120117 33.2237701416016 33.6468048095703 34.0318222045898 33.2491989135742 32.1173439025879 32.8750877380371 34.193775177002 33.8828544616699 34.8437728881836 34.6531524658203 34.7925453186035 33.5304374694824 34.1448860168457 34.3257675170898 34.3639945983887 33.9839057922363 34.0539855957031 33.6768264770508 34.3191146850586 33.9883193969727 34.2668838500977 33.422306060791 33.8123168945312 32.7491874694824 33.2051887512207 33.3684272766113 32.9091148376465 32.2216186523438 32.230655670166 32.6544189453125 33.32373046875 32.9371032714844 32.8314628601074 32.0793647766113 30.5060634613037 29.9042797088623 30.709451675415 28.7108516693115 25.1758213043213 25.5711612701416 25.3309783935547
34.3380393981934 34.7441596984863 34.3098373413086 34.9010314941406 33.7360038757324 32.5059852600098 33.2108116149902 33.9411964416504 33.5708084106445 32.8462142944336 32.7071762084961 34.4126014709473 34.7550010681152 33.6100578308105 34.2621650695801 34.7001190185547 33.445182800293 33.8937759399414 34.2388534545898 33.3295783996582 33.5018882751465 33.8266448974609 34.0410079956055 33.9233016967773 33.9848937988281 33.9198265075684 33.7433662414551 33.2779655456543 32.9801750183105 33.4979515075684 31.861930847168 32.7348823547363 31.1491603851318 31.1916313171387 31.6101608276367 32.7522659301758 32.1479949951172 31.1158828735352 31.0218906402588 26.2813873291016 25.9576740264893 29.526065826416 28.3335247039795 24.7383995056152 25.2029781341553 25.3383026123047
34.802677154541 35.11572265625 34.7375221252441 34.5203742980957 34.0519027709961 34.3443069458008 33.2942924499512 33.2276725769043 33.6452713012695 33.5755615234375 32.1986045837402 33.4300994873047 34.7656593322754 34.4734382629395 34.0686340332031 34.6390495300293 34.1044616699219 33.9207305908203 32.6032905578613 33.8150520324707 34.1302032470703 34.2146034240723 33.3861846923828 33.8523254394531 34.5619316101074 33.9046440124512 33.7553482055664 33.3042297363281 33.4096794128418 33.9021644592285 33.2748413085938 33.1694526672363 33.0166053771973 32.4766044616699 31.3340530395508 31.4144554138184 32.2959442138672 31.5110397338867 30.3599910736084 26.1813735961914 26.0783061981201 30.2307205200195 25.6772785186768 25.4163017272949 24.800329208374 24.9716701507568
35.0376930236816 34.9939804077148 35.1104850769043 34.7362594604492 34.6731643676758 34.0485229492188 33.0736122131348 32.8979148864746 33.1741561889648 32.2325820922852 32.4954071044922 34.5054702758789 34.2269134521484 34.9209098815918 34.0521202087402 34.1343307495117 32.9920997619629 32.8639488220215 32.8144683837891 32.8583984375 32.9264793395996 33.2941093444824 32.6304359436035 33.2510452270508 34.4464302062988 33.8082046508789 33.4765701293945 33.5768508911133 33.4145889282227 33.936336517334 33.1505012512207 33.1380348205566 33.0267105102539 32.4643440246582 32.4210357666016 31.4052581787109 31.3432445526123 30.8735237121582 26.7836017608643 26.6913394927979 26.3959999084473 29.6224155426025 25.7983798980713 25.0127429962158 25.0580062866211 24.9615173339844
34.8423843383789 34.2323036193848 34.9726943969727 33.9240989685059 34.6555137634277 33.4327850341797 33.3330879211426 32.6915016174316 33.1403884887695 32.2521514892578 32.2836303710938 31.9070930480957 33.7431716918945 34.5990600585938 34.565486907959 33.8677215576172 32.7608680725098 32.8826942443848 32.8028450012207 32.1304244995117 32.4577026367188 33.8305892944336 32.9042091369629 33.2137832641602 33.2437019348145 33.7262153625488 33.5740432739258 33.3977165222168 33.5854225158691 34.2434730529785 33.2976036071777 32.9146003723145 32.551830291748 33.2878646850586 32.9338264465332 32.5754165649414 31.9487075805664 30.7464714050293 30.1713218688965 30.0685081481934 29.5131053924561 29.580659866333 28.8743057250977 25.1186370849609 25.0133819580078 25.0120410919189
