inst/extdata/Tmax/Tmax142.asc
NCOLS 100 
NROWS 79 
XLLCORNER 148.06 
YLLCORNER -21.49 
CELLSIZE 0.01 
NODATA_value -3.4e+38 
[rows 40 to 59 of 79, columns 46 to 91 of 100]
34.5997657775879 35.3604621887207 35.6994781494141 36.3971786499023 37.6769104003906 38.7870140075684 38.3085975646973 36.6323890686035 36.3553810119629 36.8996315002441 37.3311767578125 39.2101707458496 38.8217887878418 39.0901298522949 38.2060470581055 39.362850189209 39.5987510681152 39.314567565918 39.4543914794922 39.5937690734863 39.6492080688477 38.6707344055176 39.1283874511719 39.5071754455566 39.6342887878418 39.7398109436035 39.6623382568359 39.2812805175781 39.5126190185547 39.7532501220703 39.7538452148438 39.6234436035156 39.3081855773926 37.979419708252 38.3119621276855 39.0975379943848 39.0294914245605 38.9587211608887 39.2466621398926 38.6823234558105 37.928653717041 38.479606628418 38.8513565063477 38.6586380004883 38.9718017578125 39.0559005737305
35.622974395752 36.5412368774414 36.4876556396484 36.4650115966797 37.7079086303711 39.0930366516113 37.8890037536621 37.5190391540527 38.1639671325684 38.2847480773926 38.7260475158691 39.5208511352539 39.4245986938477 39.4718589782715 39.3405456542969 39.7233123779297 39.7954292297363 39.7522659301758 39.7340354919434 39.7850532531738 39.8049087524414 39.2780685424805 38.5508155822754 38.9679832458496 38.9123992919922 39.4844627380371 39.83935546875 39.3650894165039 39.3821716308594 39.8255653381348 39.8993721008301 39.8424453735352 39.6942291259766 39.0757598876953 39.3630790710449 39.4477043151855 39.2500762939453 39.2712936401367 39.4082069396973 39.5662574768066 38.5789794921875 38.8516273498535 39.5301132202148 39.3482093811035 39.5134429931641 39.4847412109375
37.495491027832 37.6467247009277 37.8084907531738 38.3566360473633 38.7452545166016 39.3121795654297 38.8801078796387 38.3265571594238 38.9178771972656 39.3856315612793 39.3364105224609 39.7080535888672 39.7736587524414 39.7162933349609 39.7147369384766 39.8487281799316 39.8887214660645 39.8910331726074 39.8842658996582 39.8997077941895 39.8434715270996 38.8776817321777 38.6913604736328 39.2563285827637 38.7275810241699 39.2524566650391 39.7503395080566 39.6741333007812 39.6412582397461 39.9343223571777 39.993968963623 40.0140228271484 39.9976348876953 39.9035835266113 39.8247566223145 39.5176544189453 38.5666236877441 39.2324829101562 39.8197402954102 39.8368453979492 39.7375030517578 39.6988906860352 39.843334197998 39.8998184204102 39.9610290527344 39.9354934692383
38.690299987793 38.7395095825195 38.9095191955566 39.0955543518066 39.3797340393066 39.5041961669922 39.4411849975586 39.2150688171387 39.4304962158203 39.6953964233398 39.7365493774414 39.8183555603027 39.8228073120117 39.8102226257324 39.8588371276855 39.8704414367676 39.827823638916 39.8287239074707 39.8891143798828 39.9462242126465 39.9368286132812 39.712776184082 39.4708442687988 39.6818084716797 39.5649337768555 39.1328887939453 39.4671325683594 39.7794036865234 39.9661674499512 40.0137596130371 40.0446319580078 40.0612564086914 40.054386138916 40.0344390869141 40.0506134033203 39.9339027404785 39.4541549682617 39.8043060302734 40.0129928588867 40.0170783996582 40.0150947570801 40.0325469970703 40.0374374389648 40.0730819702148 40.0971565246582 40.0937995910645
38.4886093139648 38.8096199035645 39.1232528686523 39.159049987793 39.2468719482422 39.4186172485352 39.5022926330566 39.6047744750977 39.6623039245605 39.6280174255371 39.4431114196777 39.5880393981934 39.5327301025391 39.2784156799316 39.5018501281738 39.6863174438477 39.5912933349609 39.7358360290527 39.8605537414551 39.9358139038086 39.9868583679199 39.8756713867188 39.5680351257324 39.3188552856445 39.5840835571289 39.8067512512207 39.882453918457 39.9517555236816 39.9835739135742 40.0409355163574 40.0566673278809 40.0691337585449 40.0466117858887 40.0265846252441 40.0768623352051 40.0505142211914 40.0496101379395 40.0649528503418 40.0259552001953 40.046329498291 40.0536804199219 40.0591163635254 40.0808410644531 40.0853080749512 40.0064125061035 40.0637168884277
36.9028129577637 37.5352058410645 37.8902435302734 38.1543731689453 38.5871353149414 38.9911193847656 38.9582901000977 39.204158782959 39.2285804748535 39.0777854919434 38.2790107727051 38.3223533630371 38.4350509643555 37.0261421203613 37.9033508300781 38.786304473877 39.4074783325195 39.7901382446289 39.9089584350586 39.9566650390625 39.9998207092285 39.8377838134766 39.3976440429688 39.0277633666992 39.3445091247559 39.6655197143555 39.8276176452637 39.837589263916 39.9294700622559 40.02685546875 40.0621185302734 40.0812721252441 40.0815124511719 40.0925331115723 40.0787467956543 40.0112037658691 40.0200691223145 40.0318908691406 40.0211448669434 40.0319480895996 40.0330772399902 40.0425071716309 40.050235748291 40.0154342651367 40.0262222290039 40.0793876647949
35.0091400146484 36.0268516540527 35.9611587524414 35.9470252990723 37.0115509033203 37.4562530517578 37.5638656616211 37.7993469238281 38.3274383544922 37.6764221191406 37.1608772277832 36.7119026184082 37.2528686523438 37.1618614196777 37.5290336608887 38.8305778503418 39.5991477966309 39.8262023925781 39.8842506408691 39.8852043151855 39.9706115722656 40.0103225708008 39.5867080688477 39.2378311157227 39.1426467895508 39.4744873046875 39.7220039367676 39.8658142089844 39.9956283569336 40.0367202758789 40.0886459350586 40.1181488037109 40.1287155151367 40.1165809631348 40.0522384643555 40.0221672058105 40.0364646911621 40.0512313842773 40.055046081543 40.0585098266602 40.0583839416504 40.0720024108887 40.0864562988281 40.069995880127 40.0796051025391 39.9943656921387
35.1072845458984 35.0623931884766 34.9173736572266 34.9895782470703 34.9521751403809 35.5959968566895 36.6095809936523 37.1467971801758 37.3030128479004 37.212718963623 37.6606407165527 37.5369033813477 37.4192886352539 38.0034027099609 38.3520088195801 39.3454246520996 39.6450424194336 39.6972541809082 39.6522636413574 39.8051300048828 39.9671249389648 40.0452003479004 39.9169960021973 39.6121406555176 39.1898727416992 39.517261505127 39.747859954834 39.9429817199707 40.0388946533203 40.098503112793 40.1401176452637 40.1424407958984 40.0943183898926 40.0360870361328 39.9914093017578 39.9975128173828 40.0301094055176 40.0652275085449 40.0742721557617 40.0783500671387 40.0924911499023 40.1127471923828 40.1232872009277 40.1183395385742 39.929027557373 39.7330093383789
34.7886543273926 34.8815078735352 35.0751266479492 34.8555068969727 34.7906532287598 34.8938293457031 35.6064186096191 36.9351272583008 37.376636505127 37.5295257568359 37.4179992675781 37.5782699584961 37.8825225830078 38.2278289794922 38.3167495727539 38.9377288818359 39.3733978271484 39.3955917358398 39.4111633300781 39.7575645446777 39.9067687988281 39.9507217407227 40.0635986328125 39.998649597168 39.8995780944824 39.9004287719727 40.0148162841797 40.107234954834 40.1354484558105 40.1584243774414 40.1599998474121 40.111400604248 40.0436553955078 39.9272613525391 39.9046745300293 39.9973487854004 40.0277214050293 40.0666160583496 40.1035652160645 40.107795715332 40.1380996704102 40.155158996582 40.1574096679688 40.1608085632324 40.020637512207 39.9149894714355
34.8503112792969 35.0036315917969 35.0356788635254 34.7793121337891 35.1928253173828 35.8946952819824 35.9943161010742 37.0108642578125 37.4049110412598 37.5798606872559 37.4496459960938 37.8869552612305 38.2190780639648 38.2487487792969 38.3732299804688 38.2990036010742 38.4305152893066 38.7096214294434 39.1390075683594 39.5451622009277 39.6871299743652 39.7304916381836 40.0110702514648 40.0847969055176 40.1248893737793 40.1369781494141 40.1314277648926 39.9741859436035 40.0611419677734 40.1533889770508 40.143367767334 40.0457229614258 40.0208168029785 39.8370971679688 39.7890357971191 40.0117607116699 40.0337867736816 40.0367012023926 40.1193008422852 40.1464881896973 40.1581687927246 40.1829986572266 40.1869773864746 40.1813697814941 40.1299285888672 40.0904235839844
34.8804054260254 34.7941627502441 34.9851150512695 34.7604446411133 35.3054008483887 36.2220458984375 36.5183219909668 37.0006904602051 37.580265045166 38.0058135986328 38.0642013549805 38.223503112793 38.3292388916016 38.3879013061523 38.4004669189453 38.3793106079102 38.4773406982422 38.2065505981445 37.8464584350586 39.1250991821289 39.0387344360352 39.5407905578613 39.921085357666 40.0089874267578 40.0858306884766 40.1039581298828 40.0492401123047 39.8386459350586 40.017635345459 40.1472816467285 40.004753112793 39.8512229919434 39.8893394470215 39.8896064758301 39.9449462890625 40.0637702941895 40.0924263000488 40.098201751709 40.1171379089355 40.1735992431641 40.2025413513184 40.2070693969727 40.2057991027832 40.1954650878906 40.1775703430176 40.118522644043
34.5238571166992 34.5126190185547 34.8391876220703 34.330078125 34.465648651123 36.1310958862305 36.7665939331055 37.2892456054688 37.5741424560547 37.8134689331055 37.9115142822266 37.9437637329102 37.7513580322266 37.777587890625 38.0996398925781 38.2827987670898 38.6782836914062 38.6232566833496 38.4463691711426 38.5197792053223 38.3820686340332 39.2770233154297 39.7433624267578 39.9550514221191 39.9872398376465 40.0385551452637 39.6877861022949 39.3146743774414 39.9840545654297 40.1461067199707 39.8835983276367 39.5862693786621 39.8766632080078 39.9506225585938 40.003849029541 40.0042762756348 40.0224075317383 40.0473937988281 40.0912895202637 40.1016807556152 40.1487274169922 40.207202911377 40.218090057373 40.2107086181641 40.1966247558594 40.1585464477539
34.2208709716797 34.1106758117676 34.5101470947266 34.4192924499512 34.5027275085449 35.3543281555176 36.2099151611328 36.757438659668 37.1606254577637 37.4659957885742 37.445068359375 37.3988265991211 37.4622497558594 37.7036361694336 38.5303573608398 38.6840324401855 38.9131011962891 38.833610534668 38.7702331542969 38.611400604248 38.379150390625 39.1404228210449 39.6528587341309 39.8852233886719 39.8437194824219 39.9779663085938 39.588565826416 38.5998954772949 39.7120971679688 40.1184921264648 39.8608703613281 39.6315498352051 39.8686485290527 39.8275566101074 39.7766151428223 39.8405990600586 39.9152030944824 39.8691329956055 39.8101768493652 39.8181457519531 39.9750213623047 40.0958366394043 40.2115898132324 40.2170486450195 40.2066650390625 40.1923675537109
35.1408309936523 34.2946395874023 34.3954811096191 34.739688873291 35.0656890869141 35.9734039306641 36.0442123413086 36.6990089416504 37.360107421875 37.6424598693848 37.9783210754395 38.1222724914551 38.2966423034668 38.5725173950195 38.8064384460449 38.8934860229492 38.8661575317383 38.9755554199219 38.9649505615234 38.7335968017578 38.5470657348633 38.6080894470215 39.2179107666016 39.4939842224121 39.4381866455078 39.934928894043 39.8458786010742 39.1737670898438 39.7846145629883 40.0931739807129 39.8828773498535 39.7111167907715 39.6427383422852 39.3037643432617 39.5322151184082 39.5002250671387 39.5343971252441 39.1054763793945 39.2429428100586 38.1458930969238 39.6730613708496 39.9717254638672 40.1855316162109 40.2181434631348 40.2138290405273 40.2004699707031
35.7253379821777 34.9014205932617 34.470573425293 35.1525611877441 35.706729888916 36.334041595459 36.4102745056152 36.8115692138672 37.4448280334473 37.7987785339355 37.8593978881836 37.8894958496094 38.3757019042969 38.5928001403809 38.7408027648926 38.763542175293 39.0209426879883 39.194652557373 39.1881828308105 38.9393157958984 38.7865219116211 38.7276229858398 38.9010276794434 38.940559387207 38.9379577636719 39.7235298156738 39.9411392211914 39.647891998291 39.3484191894531 39.9522552490234 39.486686706543 38.6282348632812 39.3322792053223 39.5321388244629 39.8706970214844 39.9122161865234 39.8925361633301 39.8812446594238 39.665225982666 38.6085243225098 39.5394172668457 39.9178771972656 40.1267585754395 40.200008392334 40.2180633544922 40.2086715698242
35.7642974853516 35.048900604248 34.584285736084 35.681022644043 36.508716583252 36.8871879577637 37.5091247558594 37.7122688293457 37.8960418701172 38.0148887634277 37.8668098449707 37.8442115783691 38.4754829406738 38.6026000976562 38.6422309875488 38.7639045715332 38.9190559387207 38.9345016479492 39.5415840148926 39.2999038696289 39.0236892700195 38.8888549804688 38.8896865844727 38.7393417358398 38.7779197692871 39.5064163208008 39.9106559753418 39.8323097229004 39.6954383850098 40.0536727905273 39.3291969299316 38.1435737609863 38.7259063720703 39.5048027038574 39.5688591003418 39.1802444458008 39.2703475952148 39.8764915466309 40.028205871582 40.0094299316406 40.0822906494141 40.09619140625 40.1340675354004 40.156322479248 40.2056922912598 40.2194175720215
35.6576805114746 34.8502960205078 34.4615135192871 35.4978828430176 36.5836181640625 36.8987922668457 36.4356994628906 37.5519027709961 37.520320892334 37.0782928466797 37.8841972351074 38.1211967468262 38.1735610961914 38.2692756652832 38.318115234375 38.5979614257812 38.7725143432617 38.9279289245605 39.4986114501953 39.6562309265137 39.4678573608398 39.1536483764648 38.9919319152832 38.9318542480469 38.6934242248535 39.2510185241699 39.7798919677734 39.8186912536621 40.0457038879395 40.1350517272949 39.5962448120117 37.6750640869141 38.4352722167969 37.9092102050781 38.3265647888184 37.5729598999023 38.6625137329102 39.8369903564453 39.9861755371094 40.0762367248535 40.1249732971191 40.056697845459 39.963134765625 40.1020202636719 40.1526298522949 40.1849937438965
35.6392021179199 35.016170501709 35.0766983032227 35.5182685852051 36.3022575378418 36.6732368469238 37.0380363464355 37.2424697875977 36.1878395080566 36.1241493225098 37.413688659668 36.611385345459 36.9245147705078 37.3005294799805 37.923397064209 38.4890251159668 38.6895370483398 38.961051940918 39.371696472168 39.5404167175293 39.6314582824707 39.3899192810059 39.0543632507324 39.1569175720215 39.0439033508301 39.3393974304199 39.3602333068848 39.1988067626953 39.8219223022461 40.0470352172852 39.8197479248047 39.0629272460938 37.4704513549805 35.7741279602051 35.9298400878906 37.4423637390137 39.091121673584 39.7900352478027 39.9340324401855 39.893913269043 39.926944732666 39.7017669677734 39.5912437438965 40.0162124633789 39.7601013183594 39.8550796508789
35.6130294799805 35.3172149658203 35.1537208557129 35.4227294921875 35.9445381164551 36.6311683654785 36.7775001525879 36.4419212341309 36.0588798522949 36.7707481384277 37.1924057006836 36.3820114135742 36.6601142883301 37.022632598877 37.8159446716309 38.2905616760254 38.6531105041504 39.1705551147461 39.653263092041 39.4855613708496 39.3701782226562 39.7212867736816 39.462516784668 39.2809982299805 39.1268997192383 39.1576843261719 39.2708892822266 39.1856689453125 39.5729064941406 39.9641532897949 40.0300445556641 39.4822769165039 38.7071876525879 36.9469833374023 36.4521636962891 37.4953804016113 39.0722236633301 39.7113265991211 39.7992057800293 39.311222076416 39.6292114257812 39.8464584350586 39.6418838500977 39.7326202392578 39.4005432128906 39.7083435058594
35.3263816833496 35.1554145812988 34.7631187438965 35.0555191040039 35.7100028991699 35.8653602600098 36.2280693054199 36.5095024108887 36.758056640625 36.8527565002441 37.155345916748 37.3406791687012 37.8919830322266 37.9880065917969 38.1785087585449 37.7476768493652 38.8005714416504 39.2422332763672 39.4984550476074 39.2099838256836 39.3690414428711 39.6091613769531 39.7417449951172 39.6982650756836 39.4027709960938 39.360897064209 38.9885063171387 39.191822052002 39.6536178588867 39.7691192626953 39.9575843811035 40.0130004882812 39.4235229492188 38.701847076416 37.7072906494141 37.4156379699707 38.7310562133789 39.609302520752 39.0878677368164 38.5179100036621 39.5625610351562 39.8582153320312 39.5747909545898 38.7411575317383 39.1543731689453 39.7497634887695
