inst/extdata/Tmax/Tmax137.asc
NCOLS 100 
NROWS 79 
XLLCORNER 148.06 
YLLCORNER -21.49 
CELLSIZE 0.01 
NODATA_value -3.4e+38 
[rows 20 to 39 of 79, columns 46 to 91 of 100]
37.5356292724609 35.8457794189453 36.0412368774414 37.3785362243652 37.1214904785156 36.5645523071289 36.2855834960938 35.1376190185547 36.8997611999512 38.2736701965332 39.2252464294434 38.7924537658691 38.7510604858398 39.2866668701172 38.9582252502441 38.6931838989258 38.9219131469727 39.3978958129883 39.5099411010742 39.4883918762207 39.4055442810059 39.2855453491211 39.5691680908203 39.6517143249512 39.6033401489258 39.523365020752 39.4231224060059 39.4601669311523 39.4296379089355 39.1079216003418 39.1717262268066 39.4395790100098 39.3390235900879 39.0673370361328 39.0762214660645 39.0519905090332 38.9790229797363 38.9816055297852 38.9738616943359 38.9510841369629 38.8798942565918 38.7335090637207 38.1744384765625 38.0646667480469 38.2951240539551 38.2970085144043
37.8070907592773 35.8201675415039 34.6740570068359 36.3326263427734 36.192928314209 35.6515350341797 36.4790382385254 34.6386337280273 35.8423500061035 37.8115768432617 38.9723587036133 37.7364768981934 37.1134071350098 38.7751350402832 37.6759796142578 37.3243141174316 38.1042938232422 39.2566261291504 39.2396507263184 39.6055870056152 39.699089050293 39.6958656311035 39.4919013977051 39.1599960327148 39.1546783447266 39.2216529846191 39.3848609924316 39.3588256835938 39.2718391418457 39.1947402954102 39.4887390136719 39.5372276306152 39.4791259765625 39.1173057556152 39.2054710388184 39.1646766662598 39.041633605957 39.0568313598633 39.065372467041 39.0666351318359 38.9468231201172 38.8490905761719 38.6659469604492 38.4776725769043 38.3481979370117 38.33935546875
38.3761367797852 37.9067573547363 36.0791511535645 35.4417839050293 34.9706077575684 36.0686111450195 35.4847946166992 35.7182464599609 35.118522644043 36.017017364502 38.1203498840332 38.4736022949219 37.0451354980469 37.400318145752 37.0609245300293 37.5638389587402 38.5108222961426 38.849552154541 37.6141700744629 38.7399063110352 39.492748260498 39.5614700317383 38.967456817627 38.1742935180664 38.7496795654297 38.7326927185059 39.3116607666016 39.5015754699707 39.2028961181641 39.4103469848633 39.5773315429688 39.6214981079102 39.6163520812988 39.5539627075195 39.4496879577637 39.2679405212402 39.088020324707 38.9611587524414 39.0371284484863 39.1422500610352 39.0399589538574 38.9825477600098 38.7242431640625 38.6111450195312 38.4843521118164 38.6235084533691
37.7631568908691 37.5954933166504 36.9894027709961 36.207763671875 34.7575492858887 35.464298248291 36.0834426879883 36.2651710510254 36.0135192871094 35.5655784606934 36.8520050048828 36.8166656494141 37.6415557861328 36.0623245239258 36.8429107666016 38.2070579528809 38.1627502441406 38.482105255127 37.2310485839844 39.1130180358887 39.8589859008789 39.7475204467773 38.8271789550781 37.5451622009277 38.7188682556152 38.8827934265137 38.9841079711914 39.4422340393066 39.639461517334 39.7007026672363 39.7128295898438 39.7380981445312 39.7128715515137 39.6254653930664 39.5257377624512 39.3671455383301 38.9473724365234 38.6042022705078 38.7467880249023 39.031982421875 39.012279510498 39.0784301757812 38.8284873962402 38.810432434082 38.5648803710938 38.5928955078125
35.8641471862793 37.1491661071777 37.4827117919922 37.2392234802246 36.2339096069336 35.6050262451172 35.5985298156738 35.279655456543 36.1441802978516 35.6027755737305 35.5912551879883 35.1195030212402 36.9688339233398 37.7534713745117 36.974494934082 37.9287910461426 38.612377166748 39.1480560302734 38.8494110107422 39.8374404907227 39.8336181640625 39.6861267089844 39.0138320922852 38.2093276977539 38.968090057373 39.2487182617188 38.951904296875 39.0461120605469 39.1524505615234 39.6476249694824 39.4806594848633 39.8098297119141 39.6875648498535 39.6541061401367 39.571231842041 39.2282028198242 39.1427612304688 38.5714378356934 38.2964744567871 38.7722625732422 38.9164848327637 39.0246391296387 38.8599967956543 38.9280395507812 38.9959564208984 38.8440284729004
34.4025802612305 35.3856163024902 36.694278717041 36.6065673828125 35.7643814086914 35.0079002380371 34.6125068664551 34.0316734313965 35.2152671813965 35.8248672485352 35.2933616638184 35.5172424316406 36.8708114624023 38.6416320800781 38.1595993041992 38.2088928222656 38.3297157287598 39.6562881469727 39.7498626708984 39.7363662719727 39.7207527160645 39.4124984741211 38.212818145752 38.2649269104004 38.3653793334961 38.9838676452637 38.7186698913574 38.1202659606934 38.730827331543 39.7663345336914 39.7050628662109 39.8280792236328 39.7923164367676 39.768798828125 39.6371726989746 39.4839210510254 39.5057525634766 38.9102096557617 38.4047355651855 38.742919921875 38.4350891113281 38.5750122070312 38.2999954223633 38.960807800293 39.0152702331543 38.9968414306641
34.2841644287109 34.1205215454102 34.8332939147949 35.4689445495605 36.1485557556152 33.8978958129883 33.6206130981445 34.458080291748 34.9606094360352 35.6986808776855 35.7105751037598 36.1146392822266 37.7832641601562 38.5958137512207 39.059009552002 39.2150917053223 39.3479042053223 39.8381423950195 39.482795715332 39.3184432983398 39.3419914245605 38.9112930297852 39.0926475524902 39.3557243347168 39.3650169372559 38.7703247070312 38.3609390258789 39.2463607788086 39.5012664794922 39.4607238769531 38.9072151184082 39.5706977844238 39.7333908081055 39.8215370178223 39.8131332397461 39.721607208252 39.3976020812988 39.0748863220215 39.1607856750488 38.9266319274902 38.8046760559082 38.2636795043945 38.7507705688477 38.9666976928711 38.8918228149414 38.7904014587402
34.4645957946777 33.9442024230957 34.2471885681152 34.4897155761719 35.0344543457031 33.327564239502 33.0345115661621 33.4525299072266 34.7601623535156 35.5089149475098 34.9801254272461 35.5558929443359 36.4469032287598 37.554027557373 38.9018440246582 38.5818367004395 39.6354293823242 39.8753128051758 39.1914939880371 38.4776763916016 39.0888519287109 39.2825622558594 39.5963706970215 39.8224487304688 39.9311752319336 39.5168037414551 39.5146636962891 39.8665161132812 39.9308776855469 39.2324409484863 38.7932510375977 39.3333129882812 39.4461708068848 39.8605766296387 39.9096870422363 39.8509826660156 39.7048492431641 39.4993209838867 39.1081581115723 38.3474922180176 38.1172523498535 37.9963035583496 38.0383415222168 38.7151794433594 38.7723770141602 39.1698570251465
35.343433380127 34.9029731750488 35.6610221862793 35.5002021789551 35.0999412536621 33.6768951416016 34.4626998901367 34.1963005065918 34.5029563903809 35.0960693359375 34.8057289123535 35.0800590515137 35.2103462219238 37.359733581543 38.5506439208984 37.8661918640137 39.295093536377 39.5762062072754 39.2748146057129 38.1938629150391 38.4419708251953 39.5022048950195 39.8935928344727 40.0178146362305 40.039421081543 39.9407806396484 39.9561729431152 40.0693092346191 39.692195892334 38.9961395263672 38.8589935302734 39.5168380737305 39.9343223571777 39.9740715026855 39.968433380127 39.9433097839355 39.9049797058105 39.7755126953125 39.5348014831543 38.4157066345215 37.8397560119629 37.0585098266602 38.0117149353027 38.0065765380859 38.9034652709961 39.2759437561035
36.9596939086914 36.8031005859375 36.213996887207 36.1489448547363 35.6183967590332 35.1152877807617 34.8135452270508 33.8011817932129 34.4477691650391 33.9304046630859 33.4263610839844 34.7583122253418 35.0948104858398 36.9592018127441 37.9153175354004 37.1917419433594 37.8870887756348 38.6380462646484 39.174991607666 39.0530395507812 38.6092414855957 39.5509757995605 40.0099716186523 39.8161888122559 39.7906875610352 39.4814567565918 39.8867225646973 40.1266441345215 39.2208404541016 38.3941993713379 39.0299987792969 39.5935668945312 39.9420509338379 40.0237693786621 40.0378761291504 39.9850006103516 39.9694633483887 39.8838539123535 39.7037391662598 39.3255996704102 38.6580352783203 38.1742782592773 37.7572555541992 37.5738296508789 38.4410018920898 38.934326171875
35.8526077270508 35.8530082702637 35.8801422119141 35.5160713195801 35.0269393920898 35.2468872070312 34.3403968811035 33.8124847412109 33.2837524414062 33.3683662414551 32.7567710876465 33.6838798522949 33.6709213256836 35.9152908325195 36.952751159668 35.7838516235352 36.3421516418457 37.8904418945312 39.1688537597656 39.7044639587402 39.2279586791992 39.8216934204102 40.0232238769531 39.6313362121582 39.6121978759766 39.7337684631348 40.1876449584961 40.1632919311523 39.6265716552734 38.9761161804199 39.3330192565918 39.6075973510742 40.0310554504395 40.0562515258789 40.0114250183105 39.9825973510742 39.984447479248 39.9139366149902 39.8453979492188 39.6538162231445 39.4081878662109 38.8718414306641 38.4977836608887 38.4622955322266 38.689525604248 39.1031913757324
35.1077194213867 35.3720970153809 35.254810333252 35.2060966491699 34.2914810180664 35.0924911499023 34.1161575317383 32.838550567627 32.2219047546387 32.611400604248 32.2660102844238 32.9527816772461 33.7480010986328 35.6528701782227 35.9779090881348 35.6059608459473 37.7392082214355 38.6742286682129 39.4008369445801 39.8669242858887 40.1313743591309 40.1864852905273 40.1297073364258 40.041015625 39.8248710632324 40.1114768981934 40.235912322998 40.1219940185547 39.7492866516113 39.1165237426758 39.1960716247559 39.771125793457 39.9834289550781 39.5240287780762 39.8927230834961 40.0057220458984 39.9870948791504 39.9534492492676 39.9144973754883 39.810977935791 39.5197639465332 38.7710151672363 39.1122741699219 39.1594314575195 39.0738563537598 39.005428314209
34.4109954833984 34.71630859375 34.5516929626465 34.8245162963867 34.9105224609375 34.9066352844238 34.5234642028809 33.3824501037598 33.4740982055664 33.5728797912598 32.5248794555664 32.3159599304199 33.2797737121582 35.5954627990723 36.1386947631836 36.6728172302246 36.7408714294434 37.5862579345703 39.3994293212891 39.9752578735352 40.1584434509277 40.1116905212402 39.96337890625 39.9153442382812 40.0681571960449 40.1446838378906 40.119384765625 39.7330551147461 38.8089256286621 38.9820442199707 39.2959060668945 40.0864868164062 39.819580078125 39.2590408325195 39.9403686523438 39.8711967468262 39.9015159606934 39.9607162475586 39.8694458007812 39.5918769836426 39.0072212219238 37.7467498779297 37.4943466186523 38.5422554016113 38.9102020263672 39.2081642150879
35.1072120666504 34.6114921569824 34.4437713623047 34.6104736328125 34.7463302612305 34.6489944458008 34.1819953918457 33.7898635864258 34.3764038085938 33.6647529602051 33.5154991149902 33.4984703063965 34.3202514648438 35.5185661315918 35.6897010803223 36.4539833068848 37.4580726623535 38.5959320068359 39.503963470459 39.9100189208984 40.2332572937012 40.2105865478516 39.7217407226562 39.4419059753418 39.6669006347656 39.5263252258301 39.6295547485352 39.7978286743164 39.6922607421875 39.6788215637207 39.9781951904297 40.2475280761719 39.6309661865234 39.5487174987793 40.1212005615234 39.6186218261719 39.7582511901855 39.721736907959 39.8009643554688 39.5082817077637 38.0858497619629 37.3538284301758 36.766975402832 38.5543746948242 39.1213073730469 38.9441871643066
35.5408401489258 34.3024444580078 34.2499160766602 34.361011505127 34.4987449645996 34.3496894836426 34.3664398193359 34.9273529052734 34.555419921875 33.770923614502 34.9531097412109 35.4403953552246 35.6402130126953 34.9927864074707 35.0237846374512 36.1235427856445 37.4383163452148 38.7727432250977 38.8687782287598 39.6624488830566 40.1093406677246 40.1317291259766 39.6643676757812 39.4291114807129 38.6511383056641 39.2039680480957 39.7173271179199 39.8717041015625 40.1083450317383 40.1212997436523 40.2900772094727 40.2349319458008 40.2046051025391 40.2365951538086 40.19580078125 39.9523315429688 39.0227470397949 39.6241722106934 39.8180656433105 39.7739486694336 39.729736328125 38.4763984680176 38.3222618103027 39.6349334716797 39.9153823852539 39.8865928649902
35.5943260192871 34.5700340270996 34.2154426574707 34.1362342834473 34.347599029541 34.1490173339844 34.8421592712402 36.5678558349609 35.6625442504883 34.9482917785645 36.8970184326172 37.5952072143555 37.2080955505371 35.1664085388184 35.6006736755371 35.7185134887695 37.7190742492676 37.7901344299316 37.6654243469238 38.5856399536133 39.7157363891602 39.9465446472168 39.6278991699219 39.623664855957 39.4982147216797 39.1641731262207 39.2419090270996 39.3908653259277 40.0784721374512 40.0472145080566 40.1224403381348 39.9361724853516 40.1411285400391 40.2935600280762 40.0109367370605 39.9890251159668 39.3268585205078 39.4583396911621 39.7351303100586 39.5784606933594 39.9906768798828 39.9991188049316 39.9076728820801 39.9558944702148 40.0712432861328 39.9435958862305
35.301441192627 34.6259994506836 34.4053611755371 34.5870971679688 34.5149230957031 34.6093101501465 35.0655822753906 37.2948188781738 37.4912872314453 36.1098976135254 38.1484794616699 39.1140899658203 38.3896293640137 37.1524276733398 37.0816078186035 37.7034301757812 38.3924560546875 38.8627166748047 39.1856689453125 39.494873046875 39.7056655883789 39.4456596374512 38.1151275634766 38.4015769958496 38.9324607849121 38.5567855834961 38.7741050720215 39.6254692077637 40.0048370361328 40.211296081543 39.1346817016602 39.1189002990723 39.9390830993652 40.2430458068848 39.7691230773926 39.7934417724609 39.0033493041992 39.5268630981445 39.7348518371582 39.5951728820801 40.0562019348145 40.1462249755859 40.176399230957 40.1791915893555 40.1285514831543 39.8094062805176
35.3241729736328 34.9071388244629 34.8575744628906 35.0240325927734 35.2328681945801 35.3806953430176 36.240608215332 38.0355262756348 37.9203872680664 37.4347839355469 38.8711433410645 39.9991416931152 39.1700057983398 38.0199012756348 37.4734687805176 39.2086944580078 39.5740242004395 39.7864723205566 39.9931564331055 40.0209770202637 39.5946044921875 39.3342552185059 39.4438858032227 38.8946952819824 39.231559753418 39.6993179321289 39.9184684753418 40.0000152587891 40.2131080627441 40.1447296142578 38.5215682983398 39.2484130859375 40.0977096557617 40.0246734619141 39.5987319946289 39.5529136657715 39.3976936340332 39.9142837524414 39.9480781555176 39.9616775512695 39.9305992126465 40.0998344421387 40.1535301208496 40.1691474914551 40.099910736084 40.0483436584473
35.2824935913086 34.9759826660156 35.557804107666 36.3618087768555 36.4853973388672 36.9764251708984 38.1060676574707 38.7377510070801 38.1259231567383 38.521785736084 39.9662170410156 40.4863166809082 39.9278793334961 38.8940200805664 38.1279449462891 39.1901588439941 39.190746307373 39.4929580688477 40.241268157959 40.4469375610352 40.1322441101074 39.7919616699219 40.1362037658691 39.9430732727051 39.8140754699707 40.284252166748 40.183723449707 40.1036262512207 40.3664093017578 40.1399383544922 39.5112686157227 39.9923439025879 40.174186706543 39.8711051940918 38.9336853027344 38.8876838684082 39.2199096679688 39.9552917480469 39.6659469604492 39.6489715576172 39.6673011779785 39.9648818969727 39.9505462646484 40.0172805786133 39.8747100830078 40.0049934387207
35.351993560791 35.5557174682617 36.7611770629883 37.5436859130859 38.2716979980469 39.2437400817871 39.9000358581543 39.1921463012695 37.240535736084 37.8927230834961 39.4386520385742 40.552677154541 40.1163139343262 39.7755813598633 38.86328125 39.8577156066895 40.012866973877 39.3902130126953 40.1805648803711 40.5340423583984 40.4700164794922 40.0295143127441 40.3719825744629 40.4789276123047 40.3245162963867 40.4093933105469 40.2227821350098 39.4575119018555 40.271900177002 40.4190711975098 40.3268585205078 40.2201347351074 39.9031715393066 39.5638389587402 38.7177963256836 38.7685241699219 39.535758972168 39.4740142822266 39.3326644897461 39.1466522216797 39.2898941040039 39.6022491455078 39.4085960388184 39.7757949829102 39.3116798400879 39.6998596191406
