inst/extdata/Tmax/Tmax159.asc
NCOLS 100 
NROWS 79 
XLLCORNER 148.06 
YLLCORNER -21.49 
CELLSIZE 0.01 
NODATA_value -3.4e+38 
[rows 40 to 59 of 79, columns 0 to 45 of 100]
38.467041015625000 38.1673355102539 38.207275390625 38.2438430786133 38.1236724853516 38.24365234375 38.1805534362793 37.9783134460449 37.4972648620605 37.9419708251953 38.6019325256348 38.9217872619629 38.9652786254883 39.0242652893066 39.1142807006836 38.883918762207 38.5853996276855 38.2260856628418 37.6309547424316 38.147777557373 38.1427955627441 38.0159034729004 37.955810546875 37.5461196899414 36.6212959289551 35.9593276977539 35.7394866943359 35.8413162231445 35.9657936096191 35.3168678283691 34.6615562438965 35.0825271606445 36.3890151977539 36.115592956543 35.8557167053223 36.1992073059082 36.0935668945312 35.7672691345215 35.5468978881836 35.0901679992676 35.0529251098633 34.150016784668 33.5680770874023 33.5666351318359 33.3088493347168 33.1495513916016
38.6322898864746 38.2087173461914 38.0886688232422 38.1998977661133 38.0988464355469 38.1872100830078 38.1804656982422 38.074878692627 37.8223114013672 37.9530601501465 38.3069915771484 38.6572799682617 38.901180267334 39.080810546875 39.1473999023438 38.9853210449219 38.6499252319336 38.1326103210449 37.7895545959473 37.944938659668 37.9733963012695 37.7161254882812 37.9060096740723 37.6208229064941 36.9382972717285 36.4295806884766 35.7785720825195 35.7019691467285 35.9228897094727 35.4809951782227 35.0504722595215 35.6845397949219 36.3858604431152 35.6203651428223 34.8839683532715 35.6701354980469 35.7017707824707 35.9225807189941 35.8893814086914 35.6564636230469 35.5391998291016 34.779109954834 33.357608795166 33.2388572692871 33.3185615539551 33.2819557189941
38.4997711181641 38.4303817749023 38.2173538208008 38.0976104736328 38.1649703979492 38.19189453125 38.1547546386719 38.1196670532227 38.0886459350586 38.0437469482422 38.099479675293 38.5808982849121 38.9184341430664 39.0737762451172 39.0975494384766 39.0565567016602 38.7957344055176 38.4648551940918 38.2325286865234 38.1869506835938 38.1016616821289 37.4169006347656 37.3479881286621 37.5822525024414 37.6136474609375 37.1631813049316 36.253101348877 35.9208679199219 35.845027923584 35.6194114685059 34.7050476074219 35.7886085510254 35.8494911193848 34.7537384033203 33.9260864257812 34.8552017211914 34.8405265808105 35.5096778869629 35.6837577819824 35.3810501098633 35.1480712890625 35.1825141906738 34.5747718811035 34.3560066223145 34.7887649536133 35.8103713989258
38.164737701416 38.2468910217285 38.2378730773926 38.2367095947266 38.2711143493652 38.2674560546875 38.2181015014648 38.1688690185547 38.2299537658691 38.2034072875977 38.2168998718262 38.6266784667969 38.8881683349609 39.0539398193359 39.0811004638672 39.1093597412109 38.9800567626953 38.7592124938965 38.4717636108398 38.5159606933594 38.337776184082 38.0553550720215 37.3584823608398 36.9991340637207 37.6933479309082 37.4783821105957 37.0418853759766 36.5530281066895 36.2127227783203 36.0370025634766 35.2252502441406 35.1231575012207 35.8434944152832 35.3309326171875 34.6778106689453 34.2107582092285 34.2845649719238 34.5410385131836 34.7781257629395 34.5410270690918 34.0794448852539 34.7993316650391 34.3548355102539 35.3270072937012 37.2140350341797 38.0043640136719
37.8740730285645 38.0499496459961 38.0338172912598 38.0380935668945 38.232120513916 38.3533020019531 38.3680801391602 38.3145408630371 38.3812255859375 38.4329948425293 38.6115455627441 38.7388687133789 38.8771362304688 38.9870452880859 39.0554885864258 39.1181030273438 39.074146270752 38.9195671081543 38.7603073120117 38.7139167785645 38.5816230773926 38.417293548584 38.1077842712402 37.8908309936523 37.7109565734863 37.2393379211426 37.4836273193359 37.3623123168945 37.0335159301758 36.3352127075195 35.7152786254883 35.6922454833984 36.0196075439453 36.1913719177246 35.8925094604492 34.7026062011719 33.3401641845703 33.3069648742676 33.4176559448242 33.761402130127 33.6409225463867 34.1835708618164 33.7034873962402 34.5584106445312 36.3717613220215 38.0295867919922
37.9018745422363 37.951976776123 37.7978630065918 37.6887016296387 37.9024391174316 38.1329460144043 38.3587188720703 38.4858589172363 38.559326171875 38.6588363647461 38.7348594665527 38.6411209106445 38.4139251708984 38.8055419921875 39.0467834472656 39.101432800293 39.0890197753906 39.0244560241699 38.9300689697266 38.8666152954102 38.7718124389648 38.6443557739258 38.5891609191895 37.9590797424316 37.6022186279297 37.5263252258301 37.5943489074707 37.4242286682129 37.2331199645996 36.7092666625977 35.4418792724609 35.6351661682129 35.9515953063965 36.0193061828613 36.1223793029785 35.2101097106934 33.8801689147949 33.6398124694824 33.6763877868652 34.1234092712402 33.5237350463867 33.871395111084 34.2791595458984 34.5970001220703 35.494743347168 36.6914138793945
37.7659111022949 37.7217216491699 37.7347412109375 37.6626625061035 37.5651359558105 37.6280479431152 38.1268310546875 38.2602691650391 38.3903312683105 38.4134368896484 38.6436195373535 38.7378768920898 38.4841918945312 38.7550506591797 38.9940872192383 39.0792770385742 39.0700035095215 39.0055770874023 38.9686813354492 38.9331207275391 38.8564453125 38.7702865600586 38.662467956543 38.1695404052734 37.3236198425293 37.4394340515137 37.6017227172852 37.3740844726562 37.3239707946777 37.1747360229492 36.3608245849609 36.0150489807129 35.65576171875 35.9226226806641 36.0639724731445 35.5864219665527 34.4959831237793 34.7849578857422 34.2486457824707 34.9651794433594 34.3996505737305 34.540828704834 34.6639556884766 34.7760009765625 34.7715606689453 34.5822601318359
38.2244987487793 37.5510787963867 37.4736251831055 37.4227752685547 37.3995552062988 37.5311164855957 37.8411445617676 37.7987327575684 38.0600662231445 38.114631652832 38.2017250061035 38.2563400268555 38.4526748657227 38.7478790283203 38.9475402832031 39.0730590820312 39.0444183349609 38.9250717163086 38.7405815124512 38.6419868469238 38.7817497253418 38.574951171875 38.5953063964844 38.5287551879883 38.0576858520508 37.9580917358398 37.956356048584 37.7539138793945 37.5818748474121 37.354564666748 36.6525230407715 36.2657661437988 35.5454559326172 35.9467926025391 35.9928665161133 35.7591247558594 35.304443359375 35.535530090332 35.2679786682129 35.5170402526855 35.2522468566895 35.0249481201172 34.8812446594238 34.7309417724609 34.386100769043 34.1505126953125
38.9500541687012 38.1162643432617 37.3477554321289 37.1994209289551 37.3359527587891 37.5295562744141 37.4484634399414 37.4512748718262 37.8015899658203 38.1103591918945 38.1886978149414 38.1579971313477 38.3997192382812 38.72021484375 38.9732131958008 39.046257019043 39.0371398925781 38.9676284790039 38.7933616638184 38.5618362426758 38.6368522644043 38.5643768310547 38.4829750061035 38.6193313598633 38.5070495605469 38.396800994873 38.0835418701172 37.8808326721191 37.7897300720215 37.4890899658203 37.0873527526855 36.5977592468262 35.7191009521484 35.8776550292969 35.8492469787598 35.9119682312012 35.7968940734863 35.770565032959 35.655345916748 35.4705505371094 34.6625328063965 34.4735527038574 34.6772842407227 34.4180564880371 34.28369140625 33.9340438842773
39.2221221923828 38.6884117126465 37.8282356262207 37.2431602478027 37.2327537536621 37.2261619567871 37.2414703369141 37.598819732666 37.8457183837891 37.742561340332 38.3823089599609 38.606201171875 38.7207908630371 38.8278999328613 38.9321594238281 39.0219230651855 39.0110778808594 38.9596481323242 38.8538932800293 38.707763671875 38.5996437072754 38.5102081298828 38.3188362121582 38.3611831665039 38.5346908569336 38.518497467041 38.2693061828613 37.7136840820312 37.2029647827148 37.4781227111816 37.1696853637695 36.8377342224121 36.0151138305664 35.7134475708008 35.5013694763184 35.8101463317871 35.8741912841797 35.7737045288086 35.7313194274902 35.4162178039551 34.7155456542969 34.2942085266113 34.4789733886719 34.1072578430176 34.0194549560547 33.9283866882324
39.2145080566406 39.0209083557129 38.559253692627 37.9209899902344 37.3758773803711 37.0704078674316 37.2207298278809 37.5498046875 37.5985908508301 37.9120559692383 38.5099906921387 38.7361259460449 38.8692169189453 38.9778327941895 38.9998817443848 39.0273933410645 38.8867378234863 38.9005584716797 38.9078063964844 38.8260192871094 38.7099685668945 38.526294708252 38.3221855163574 38.237419128418 38.3496284484863 38.3917808532715 38.4142951965332 38.1771926879883 37.8856658935547 37.7344169616699 37.1726036071777 36.9885635375977 36.1337738037109 35.7185707092285 35.0959815979004 35.5737686157227 35.6883087158203 35.6802062988281 35.7310600280762 35.5434036254883 35.0160789489746 34.8247146606445 34.7244644165039 34.5080146789551 34.180305480957 34.0021591186523
39.1798439025879 39.1306648254395 38.8727951049805 38.1905059814453 37.5941390991211 37.3078575134277 37.2509803771973 37.3400382995605 37.0918998718262 37.2531776428223 38.1336135864258 38.5329246520996 38.7196083068848 38.9333839416504 39.0237236022949 38.9855003356934 38.8831672668457 38.8833808898926 38.8475570678711 38.8358001708984 38.736255645752 38.6082572937012 38.4997253417969 38.2871131896973 38.1659889221191 38.1022567749023 38.0433082580566 38.1633110046387 37.9313735961914 38.0519142150879 38.0741996765137 37.244499206543 36.6350135803223 36.1784019470215 35.676700592041 35.808235168457 35.7458724975586 35.5680046081543 35.7095794677734 35.6086235046387 35.1070442199707 34.9225883483887 34.8063812255859 34.6189346313477 34.1218414306641 33.9295196533203
38.9998016357422 39.0638999938965 38.9212608337402 37.9272918701172 37.1155242919922 37.0910606384277 37.1830520629883 37.0471496582031 36.7908172607422 36.9305686950684 38.0633544921875 38.5327110290527 38.7590560913086 38.9521865844727 38.9645614624023 38.9147453308105 38.8820953369141 38.8219757080078 38.7789993286133 38.7734489440918 38.7831344604492 38.7061462402344 38.539680480957 38.3304405212402 38.1015892028809 37.9367218017578 37.8892288208008 37.8418769836426 37.8344306945801 37.7266693115234 37.9205894470215 37.7697563171387 37.1912422180176 36.564037322998 36.1176376342773 36.4568328857422 36.3839111328125 35.8998718261719 35.699649810791 35.7662467956543 35.5995216369629 35.3155517578125 34.9990882873535 34.747917175293 34.4046096801758 34.0134429931641
38.8001136779785 38.8557968139648 38.9749031066895 38.5355606079102 37.5154495239258 37.1683692932129 37.5138359069824 37.0082206726074 36.8523788452148 36.9396514892578 38.0309677124023 38.635856628418 38.8577461242676 38.9543342590332 38.8822174072266 38.7852439880371 38.7590408325195 38.7860717773438 38.7522926330566 38.6430397033691 38.6927223205566 38.7389984130859 38.5912818908691 38.4333190917969 38.2316474914551 38.0650100708008 37.6867637634277 37.4922904968262 37.1343955993652 37.4840660095215 37.3137245178223 37.8493804931641 37.8932800292969 37.5387573242188 37.0364303588867 37.0672378540039 36.6724967956543 36.3132247924805 35.9992065429688 36.3757019042969 35.9517402648926 35.6543045043945 35.4927825927734 35.3492622375488 35.066780090332 34.9131126403809
38.6732864379883 38.6252555847168 38.8194961547852 38.8362274169922 38.3881416320801 38.1488723754883 38.0760498046875 37.7185592651367 37.5134468078613 37.5269966125488 37.7224617004395 38.1151733398438 38.7766418457031 38.9124183654785 38.7894401550293 38.7016525268555 38.6723480224609 38.7242546081543 38.684700012207 38.6182441711426 38.6397895812988 38.7235374450684 38.6725883483887 38.4890441894531 38.3763122558594 38.1867904663086 37.8331756591797 37.6119537353516 37.1917839050293 37.4217300415039 36.7850685119629 37.1929969787598 37.4247131347656 37.4445190429688 37.5647430419922 37.4388580322266 37.1113586425781 36.9634437561035 36.5091781616211 36.0066375732422 35.9301414489746 35.9546012878418 35.7113914489746 35.511547088623 35.5023612976074 35.3528671264648
38.7646942138672 38.7394905090332 38.7966156005859 38.831859588623 38.715690612793 38.1088981628418 38.1018829345703 38.1682014465332 37.9510498046875 37.9101409912109 38.164421081543 38.5098037719727 38.834228515625 38.9048652648926 38.805118560791 38.6216430664062 38.6557312011719 38.6524887084961 38.4546585083008 38.4352340698242 38.568359375 38.625057220459 38.6756706237793 38.5764846801758 38.4544830322266 38.3008422851562 38.0801429748535 37.8194236755371 37.6500816345215 37.4897575378418 37.0642890930176 36.6828651428223 36.8149490356445 36.776123046875 37.2182846069336 36.9181213378906 37.1642646789551 36.9241828918457 36.5635643005371 36.1487045288086 35.9141159057617 35.6757278442383 35.1973533630371 34.6134452819824 35.1803398132324 35.3644065856934
38.8761978149414 38.8333358764648 38.81005859375 38.7985992431641 38.6498641967773 37.8638801574707 37.6406021118164 38.0742073059082 37.9648551940918 37.6494178771973 37.9397583007812 38.5833129882812 38.8465728759766 38.8762359619141 38.7903938293457 38.6057929992676 38.5773773193359 38.376895904541 38.1254501342773 38.2655868530273 38.559513092041 38.548526763916 38.6263160705566 38.6156997680664 38.4495582580566 38.3848037719727 38.1831855773926 37.9000930786133 37.8110237121582 37.5839157104492 37.1738700866699 36.4838218688965 36.1840744018555 36.322639465332 36.7736434936523 36.909309387207 36.5178680419922 36.1706008911133 36.3628273010254 36.2911262512207 35.9500732421875 35.6946144104004 35.1672172546387 34.3594703674316 34.798454284668 35.1611633300781
38.9294052124023 38.8701057434082 38.8286514282227 38.7984580993652 38.7609481811523 38.4239044189453 37.9592742919922 37.7195472717285 37.7265815734863 37.5162315368652 37.9923210144043 38.5932960510254 38.8225288391113 38.832405090332 38.7475738525391 38.5666160583496 38.3840827941895 38.1877174377441 38.0759391784668 38.3411026000977 38.4657707214355 38.5108947753906 38.4741668701172 38.5708236694336 38.5103721618652 38.4200096130371 38.2312393188477 37.966121673584 37.8448371887207 37.6475715637207 37.2366142272949 37.0141296386719 36.560733795166 36.3713760375977 36.3144073486328 36.4587631225586 36.6999855041504 36.5477981567383 36.1882133483887 35.9850692749023 35.7818870544434 35.5628471374512 35.3159866333008 35.0002670288086 34.3673095703125 34.6508598327637
38.975170135498 38.9009437561035 38.8580169677734 38.8473129272461 38.7759895324707 38.5674095153809 38.2704315185547 37.7003898620605 37.5944938659668 37.7794532775879 38.2371444702148 38.6327133178711 38.7854652404785 38.7781677246094 38.6501159667969 38.4874305725098 38.1776008605957 38.102108001709 38.2108726501465 38.2400741577148 38.3826293945312 38.3085098266602 38.1319465637207 38.3778457641602 38.5507507324219 38.4309997558594 38.1981964111328 38.0507926940918 37.9172096252441 37.810173034668 37.6172523498535 37.379280090332 37.0710182189941 37.0137405395508 36.6890106201172 36.3513717651367 36.4297904968262 36.500114440918 36.2693481445312 36.117073059082 35.9756393432617 35.7210731506348 35.1202697753906 34.7403297424316 34.8633117675781 34.8791122436523
38.9862747192383 38.9722900390625 38.9229698181152 38.8880729675293 38.7786445617676 38.6718902587891 38.5502243041992 38.1978569030762 37.7408752441406 37.8359069824219 37.9969749450684 38.2743263244629 38.5547637939453 38.6009864807129 38.5426788330078 38.4064445495605 38.1855964660645 38.0628814697266 37.9547882080078 37.9980316162109 38.2279396057129 38.2166213989258 37.9800910949707 38.3676300048828 38.5707511901855 38.4615058898926 38.2842636108398 38.1355781555176 38.0584373474121 37.9445915222168 37.824348449707 37.5903778076172 37.2708358764648 37.4704818725586 37.3380584716797 36.9661598205566 36.501953125 36.3885803222656 36.5040817260742 36.9061660766602 36.1663780212402 35.8778915405273 35.4810333251953 34.8077697753906 34.7359466552734 34.614143371582
