inst/extdata/Tmax/Tmax127.asc
NCOLS 100 
NROWS 79 
XLLCORNER 148.06 
YLLCORNER -21.49 
CELLSIZE 0.01 
NODATA_value -3.4e+38 
[rows 40 to 59 of 79, columns 0 to 45 of 100]
32.179168701171903 31.889949798584 31.9367618560791 31.980110168457 31.8584175109863 31.9897003173828 31.9492454528809 31.7408599853516 31.2380561828613 31.7122249603271 32.4141540527344 32.778450012207 32.8297348022461 32.8974151611328 32.9811401367188 32.7596778869629 32.4702110290527 32.0947189331055 31.4688453674316 32.0216102600098 32.0212097167969 31.9127311706543 31.8539237976074 31.4241390228271 30.4466896057129 29.7479629516602 29.5401573181152 29.652925491333 29.7898712158203 29.1038494110107 28.4104404449463 28.8844318389893 30.2802982330322 29.9936275482178 29.7212600708008 30.0918140411377 30.005126953125 29.6616859436035 29.4309940338135 28.9480667114258 28.9124946594238 27.9742546081543 27.3563423156738 27.3586540222168 27.086742401123 26.9200706481934
32.3406028747559 31.9212684631348 31.799783706665 31.9216175079346 31.8200244903564 31.9179363250732 31.9368553161621 31.8304138183594 31.568811416626 31.7115917205811 32.0901832580566 32.4864540100098 32.749382019043 32.944522857666 33.0043907165527 32.850643157959 32.5257873535156 31.9830551147461 31.6244506835938 31.7939186096191 31.8288745880127 31.5824680328369 31.789234161377 31.4917259216309 30.7719917297363 30.2363739013672 29.5705814361572 29.493616104126 29.7330684661865 29.2674770355225 28.8137073516846 29.5143661499023 30.2655143737793 29.4549446105957 28.6747817993164 29.5167446136475 29.5762615203857 29.8159866333008 29.7849750518799 29.5409336090088 29.4201354980469 28.6349983215332 27.1208267211914 26.9976387023926 27.0866889953613 27.0513114929199
32.1890754699707 32.1420593261719 31.9228839874268 31.8016548156738 31.8773555755615 31.9105319976807 31.8973922729492 31.865291595459 31.8374156951904 31.794921875 31.8586330413818 32.3932151794434 32.7549629211426 32.924373626709 32.9506683349609 32.909351348877 32.667366027832 32.3222427368164 32.0811805725098 32.0378799438477 31.9529132843018 31.2533054351807 31.1852798461914 31.4390201568604 31.4775333404541 31.0042114257812 30.0635738372803 29.7151355743408 29.6390419006348 29.4036273956299 28.4351692199707 29.6139488220215 29.6832275390625 28.5209941864014 27.6430187225342 28.6374645233154 28.6474552154541 29.3647766113281 29.5545482635498 29.2362060546875 28.9920234680176 29.0543403625488 28.4101791381836 28.1806945800781 28.6464805603027 29.7401695251465
31.8203201293945 31.932201385498 31.9274768829346 31.9310264587402 31.9720783233643 31.9730625152588 31.9468460083008 31.8998031616211 31.9690933227539 31.946008682251 31.9651584625244 32.4237747192383 32.705078125 32.8854827880859 32.9194450378418 32.9477462768555 32.8420333862305 32.615608215332 32.3167037963867 32.3690490722656 32.1857376098633 31.9128093719482 31.17897605896 30.8027267456055 31.5445308685303 31.3214683532715 30.8839893341064 30.3694972991943 30.0125923156738 29.8304138183594 28.9716663360596 28.8885269165039 29.6593265533447 29.1182670593262 28.427116394043 27.933557510376 28.0375003814697 28.3149814605713 28.5718421936035 28.3231945037842 27.8348064422607 28.6279678344727 28.1578807830811 29.1987113952637 31.1327953338623 31.8045043945312
31.5026473999023 31.712818145752 31.7005252838135 31.7096996307373 31.9186019897461 32.0510292053223 32.0923957824707 32.040901184082 32.1161231994629 32.1757011413574 32.3691558837891 32.5295791625977 32.6807403564453 32.8020668029785 32.8796348571777 32.9484901428223 32.9220275878906 32.7730827331543 32.6101837158203 32.5666732788086 32.4321327209473 32.284538269043 31.9618339538574 31.7370204925537 31.5513935089111 31.0559101104736 31.3414058685303 31.2175998687744 30.8732681274414 30.1360206604004 29.4816341400146 29.4827461242676 29.835376739502 30.0226383209229 29.7091426849365 28.4468212127686 27.0194435119629 26.9878749847412 27.1099147796631 27.4807929992676 27.3560810089111 27.9604263305664 27.4519844055176 28.368480682373 30.3051052093506 31.8218841552734
31.5195026397705 31.5974884033203 31.4400596618652 31.329776763916 31.5592231750488 31.8065700531006 32.070011138916 32.208927154541 32.2913436889648 32.4013519287109 32.486629486084 32.4137344360352 32.1789169311523 32.5975875854492 32.8576393127441 32.9209136962891 32.9289016723633 32.8658180236816 32.7749176025391 32.7126007080078 32.6210327148438 32.5130882263184 32.4601249694824 31.7974891662598 31.4241619110107 31.3487319946289 31.4471130371094 31.2715797424316 31.0735759735107 30.5219841003418 29.1798248291016 29.4108505249023 29.7517375946045 29.8282699584961 29.9423732757568 28.9761772155762 27.5849189758301 27.3325519561768 27.3754978179932 27.8563289642334 27.2203731536865 27.6167259216309 28.0558738708496 28.3990020751953 29.3599090576172 30.638427734375
31.3643379211426 31.3431549072266 31.3613109588623 31.2900295257568 31.191915512085 31.2626247406006 31.8132743835449 31.9586410522461 32.1005973815918 32.1299171447754 32.3777160644531 32.5031814575195 32.2404632568359 32.531551361084 32.789665222168 32.8853797912598 32.9022827148438 32.8398513793945 32.8039054870605 32.7675323486328 32.6928558349609 32.6269454956055 32.5230598449707 32.0086898803711 31.1168346405029 31.2447109222412 31.4430675506592 31.206521987915 31.1583099365234 31.004753112793 30.1450004577637 29.8033409118652 29.4259719848633 29.7141189575195 29.8689098358154 29.3654670715332 28.2303428649902 28.5422172546387 27.9750442504883 28.7425136566162 28.1442070007324 28.3200836181641 28.4555130004883 28.5791530609131 28.5786209106445 28.3809585571289
31.8334617614746 31.1514759063721 31.0744800567627 31.0253944396973 31.0053386688232 31.1481857299805 31.4999198913574 31.459903717041 31.7399635314941 31.8022499084473 31.898946762085 31.9823474884033 32.1946907043457 32.5118713378906 32.7283782958984 32.8666648864746 32.8631057739258 32.7425765991211 32.5530700683594 32.4542694091797 32.6078186035156 32.4153900146484 32.4424476623535 32.3774070739746 31.8833637237549 31.7830047607422 31.8074493408203 31.5978145599365 31.4202880859375 31.1839447021484 30.4432983398438 30.0582981109619 29.2974910736084 29.7285079956055 29.7819919586182 29.5379390716553 29.0798625946045 29.3299980163574 29.0496368408203 29.3190174102783 29.0415859222412 28.8251113891602 28.6763343811035 28.5204658508301 28.1570949554443 27.9099864959717
32.5784492492676 31.7280654907227 30.9251518249512 30.7735176086426 30.9213829040527 31.1294326782227 31.0691699981689 31.0765857696533 31.4501342773438 31.7802352905273 31.8676280975342 31.8611316680908 32.1215286254883 32.4653587341309 32.7381477355957 32.8209953308105 32.8377685546875 32.7699661254883 32.5912628173828 32.351863861084 32.436767578125 32.3863182067871 32.3055839538574 32.4555282592773 32.3419990539551 32.2305030822754 31.9243869781494 31.7145481109619 31.6230010986328 31.3089256286621 30.8873596191406 30.3931312561035 29.4645118713379 29.6374359130859 29.6117362976074 29.6828632354736 29.5858478546143 29.5622692108154 29.4442138671875 29.2520980834961 28.3963985443115 28.2203216552734 28.4415950775146 28.1696262359619 28.0305461883545 27.6617050170898
32.851505279541 32.3164558410645 31.4175224304199 30.8070907592773 30.8004379272461 30.7978248596191 30.8388786315918 31.2194766998291 31.4840545654297 31.3801574707031 32.0596694946289 32.3218727111816 32.4482688903809 32.5668869018555 32.6825828552246 32.7830963134766 32.798023223877 32.7493171691895 32.643123626709 32.4941482543945 32.3852272033691 32.316837310791 32.1196174621582 32.1698722839355 32.3591690063477 32.3474197387695 32.1093482971191 31.5252532958984 30.9885292053223 31.2854461669922 30.9630336761475 30.6363334655762 29.7675933837891 29.4516830444336 29.2307929992676 29.5633583068848 29.6567764282227 29.5545101165771 29.5139846801758 29.1834011077881 28.4421558380127 28.0185852050781 28.2197036743164 27.8277244567871 27.7382297515869 27.6452217102051
32.8307762145996 32.6530456542969 32.1729393005371 31.5069389343262 30.9384651184082 30.62158203125 30.8046016693115 31.1553440093994 31.2115154266357 31.5467185974121 32.1821441650391 32.4467353820801 32.5927200317383 32.7129669189453 32.7419090270996 32.7766304016113 32.6543884277344 32.6746559143066 32.6879577636719 32.6070823669434 32.489860534668 32.3217163085938 32.1110420227051 32.0266647338867 32.1509323120117 32.2009696960449 32.2510299682617 32.0049057006836 31.7008781433105 31.545539855957 30.9543952941895 30.7847766876221 29.8821907043457 29.4458770751953 28.7888526916504 29.3010063171387 29.4481449127197 29.4441089630127 29.5027103424072 29.3077163696289 28.7512588500977 28.5728988647461 28.47047996521 28.2442226409912 27.8992366790771 27.7134227752686
32.7815971374512 32.7555541992188 32.4896545410156 31.7775459289551 31.1553382873535 30.8588066101074 30.8240146636963 30.9224681854248 30.6660194396973 30.8405952453613 31.7732200622559 32.2202224731445 32.4226303100586 32.6538009643555 32.754825592041 32.7201347351074 32.6383819580078 32.6442527770996 32.6120376586914 32.6051902770996 32.505485534668 32.3963432312012 32.2869300842285 32.0672149658203 31.9442672729492 31.8820343017578 31.845645904541 31.9781303405762 31.7374114990234 31.8704528808594 31.8992500305176 31.0446701049805 30.4027347564697 29.9227695465088 29.394660949707 29.5390167236328 29.4982433319092 29.3138427734375 29.4688549041748 29.3660850524902 28.8372478485107 28.6662998199463 28.5469665527344 28.3517398834229 27.8263702392578 27.625452041626
32.5797424316406 32.6726150512695 32.5277709960938 31.4882888793945 30.6398048400879 30.618579864502 30.7405261993408 30.6022644042969 30.3371429443359 30.4888916015625 31.6870098114014 32.2077445983887 32.4519729614258 32.6613731384277 32.6800956726074 32.6331405639648 32.6249923706055 32.5670890808105 32.5272827148438 32.5270156860352 32.5428771972656 32.4877548217773 32.3170547485352 32.100959777832 31.8639488220215 31.6945972442627 31.6703186035156 31.6253662109375 31.6226272583008 31.5134887695312 31.7243270874023 31.5901985168457 30.9813385009766 30.3206691741943 29.851676940918 30.2165470123291 30.1647205352783 29.6553783416748 29.4472808837891 29.5226516723633 29.3499908447266 29.07346534729 28.7413215637207 28.4783840179443 28.1171092987061 27.7044486999512
32.3529243469238 32.4365882873535 32.5666694641113 32.1100044250488 31.0431842803955 30.6831359863281 31.0714130401611 30.5443649291992 30.3850517272949 30.4815711975098 31.6357669830322 32.2990455627441 32.5386123657227 32.6461334228516 32.5756530761719 32.4788513183594 32.4772567749023 32.511417388916 32.4813194274902 32.3714027404785 32.4295234680176 32.5045776367188 32.3537940979004 32.1920471191406 31.9838905334473 31.8127326965332 31.4378242492676 31.2369327545166 30.8627223968506 31.2383880615234 31.0627918243408 31.6565494537354 31.7083206176758 31.3372745513916 30.8092250823975 30.8468799591064 30.453369140625 30.076732635498 29.7479648590088 30.1524772644043 29.7067699432373 29.4159393310547 29.2487468719482 29.1005897521973 28.8045349121094 28.6453590393066
32.206974029541 32.1816635131836 32.3907127380371 32.41357421875 31.9479084014893 31.7015342712402 31.650390625 31.2794227600098 31.0685844421387 31.0877666473389 31.2985877990723 31.7378787994385 32.4407043457031 32.5895614624023 32.4653778076172 32.378288269043 32.3733863830566 32.4338302612305 32.3976173400879 32.3329124450684 32.3612632751465 32.4759826660156 32.4276466369629 32.2388687133789 32.1249847412109 31.9296646118164 31.5809803009033 31.351806640625 30.9117317199707 31.1604862213135 30.4906253814697 30.9486999511719 31.1995582580566 31.2256755828857 31.3583526611328 31.2298336029053 30.9078350067139 30.7557392120361 30.2783260345459 29.7494411468506 29.6728534698486 29.724048614502 29.4702014923096 29.2623405456543 29.2570095062256 29.1024703979492
32.2899971008301 32.2890090942383 32.3542251586914 32.3965492248535 32.2797889709473 31.6471824645996 31.6652545928955 31.7401351928711 31.5168056488037 31.4788799285889 31.7518253326416 32.1415100097656 32.4890899658203 32.569221496582 32.4695739746094 32.2814788818359 32.3435325622559 32.3456954956055 32.1421928405762 32.1271858215332 32.2734794616699 32.3595428466797 32.4186744689941 32.3192749023438 32.1956253051758 32.0383682250977 31.8305606842041 31.5596790313721 31.3854808807373 31.220760345459 30.7750263214111 30.3963871002197 30.5414237976074 30.5052509307861 30.9792575836182 30.6658515930176 30.9525814056396 30.7027454376221 30.3248615264893 29.8892631530762 29.6448402404785 29.4168758392334 28.9131050109863 28.2965049743652 28.9039325714111 29.1040363311768
32.3945083618164 32.3750610351562 32.3558692932129 32.3491172790527 32.198127746582 31.3773403167725 31.1679782867432 31.6289100646973 31.5190048217773 31.1921691894531 31.5029106140137 32.2065925598145 32.4897117614746 32.5266189575195 32.441650390625 32.2524185180664 32.2484588623047 32.0422592163086 31.7821311950684 31.935640335083 32.2518730163574 32.2663345336914 32.3542366027832 32.3486022949219 32.1782608032227 32.1151733398438 31.9276332855225 31.6331386566162 31.5440864562988 31.3087921142578 30.8795585632324 30.1739730834961 29.8612327575684 30.013032913208 30.496244430542 30.6451358795166 30.255443572998 29.8918495178223 30.100679397583 30.0293636322021 29.6720352172852 29.4260578155518 28.8702850341797 28.0155582427979 28.4871387481689 28.8773193359375
32.4377937316895 32.4011077880859 32.362865447998 32.3364639282227 32.302375793457 31.9534301757812 31.490550994873 31.2436065673828 31.2560043334961 31.039758682251 31.5459156036377 32.2046813964844 32.4518966674805 32.4679527282715 32.3840789794922 32.1986846923828 32.0320053100586 31.8301849365234 31.7175807952881 32.0031661987305 32.1404914855957 32.2143096923828 32.1810150146484 32.2888679504395 32.2304801940918 32.140323638916 31.9664459228516 31.6911315917969 31.5681076049805 31.3645343780518 30.9344577789307 30.7244644165039 30.2490863800049 30.053394317627 29.9979610443115 30.1559772491455 30.4373531341553 30.2808971405029 29.9042549133301 29.6934909820557 29.4825305938721 29.2752532958984 29.0176277160645 28.6866474151611 28.0177135467529 28.323938369751
32.4688339233398 32.4162483215332 32.3764915466309 32.3705711364746 32.3009910583496 32.0870933532715 31.8002910614014 31.206184387207 31.09987449646 31.2994346618652 31.7863636016846 32.2285766601562 32.3951721191406 32.3931045532227 32.2636260986328 32.0975532531738 31.7962970733643 31.7220668792725 31.8423595428467 31.8787021636963 32.0348739624023 31.9823360443115 31.8011531829834 32.0667533874512 32.2553215026855 32.1341247558594 31.9134998321533 31.7629699707031 31.6269798278809 31.519063949585 31.3200721740723 31.0935592651367 30.7721710205078 30.7166442871094 30.3775539398193 30.0246067047119 30.1330909729004 30.2126216888428 29.9727725982666 29.816047668457 29.6707725524902 29.4256362915039 28.7921409606934 28.3927955627441 28.5281066894531 28.5494155883789
32.4678230285645 32.4785003662109 32.4320602416992 32.400749206543 32.2911491394043 32.1843223571777 32.0818977355957 31.7166900634766 31.2413883209229 31.3464317321777 31.5211086273193 31.8385620117188 32.1395034790039 32.1937789916992 32.1378402709961 31.9997138977051 31.7923908233643 31.6683483123779 31.5596923828125 31.610782623291 31.8591213226318 31.8729476928711 31.6284008026123 32.0437545776367 32.2642974853516 32.1543350219727 31.9926624298096 31.8408699035645 31.7647285461426 31.6496696472168 31.5277900695801 31.3056125640869 30.9723796844482 31.1892433166504 31.0541400909424 30.6651153564453 30.198371887207 30.0831718444824 30.2106304168701 30.6421165466309 29.8622264862061 29.5812644958496 29.1646423339844 28.453857421875 28.3820304870605 28.2569999694824
