inst/extdata/Tmax/Tmax43.asc
NCOLS 100 
NROWS 79 
XLLCORNER 148.06 
YLLCORNER -21.49 
CELLSIZE 0.01 
NODATA_value -3.4e+38 
[rows 0 to 19 of 79, columns 46 to 91 of 100]
29.6858901977539 28.3745651245117 28.5512256622314 28.7806053161621 29.3336734771729 29.27268409729 29.4869747161865 29.5057163238525 28.5023555755615 26.5092868804932 28.2120761871338 27.5910301208496 28.3669548034668 29.0248146057129 29.15576171875 29.3482341766357 29.5561199188232 29.9967002868652 28.6000881195068 29.1932182312012 29.4133567810059 -3.4e+38 -3.4e+38 -3.4e+38 -3.4e+38 -3.4e+38 -3.4e+38 -3.4e+38 -3.4e+38 -3.4e+38 -3.4e+38 -3.4e+38 -3.4e+38 -3.4e+38 -3.4e+38 -3.4e+38 -3.4e+38 -3.4e+38 -3.4e+38 -3.4e+38 -3.4e+38 -3.4e+38 -3.4e+38 -3.4e+38 -3.4e+38 -3.4e+38
30.0450458526611 29.5281085968018 28.1756629943848 28.4512138366699 28.6200618743896 28.594181060791 28.9594192504883 29.3553581237793 28.0578441619873 27.0429954528809 29.0979747772217 28.7500495910645 30.5604457855225 30.188943862915 29.022123336792 28.0311717987061 29.1950244903564 31.0713481903076 30.0131225585938 28.806339263916 29.5289535522461 31.618673324585 -3.4e+38 -3.4e+38 -3.4e+38 -3.4e+38 -3.4e+38 -3.4e+38 -3.4e+38 -3.4e+38 -3.4e+38 -3.4e+38 -3.4e+38 -3.4e+38 -3.4e+38 -3.4e+38 -3.4e+38 -3.4e+38 -3.4e+38 -3.4e+38 -3.4e+38 -3.4e+38 -3.4e+38 -3.4e+38 -3.4e+38 -3.4e+38
31.8278999328613 28.7612037658691 26.6907615661621 27.1184482574463 26.9564685821533 28.5068168640137 27.6905117034912 27.6167602539062 26.7778053283691 26.5454807281494 28.3969821929932 29.8538417816162 31.2353363037109 30.7133884429932 28.192325592041 27.480073928833 29.0522747039795 28.7112655639648 28.6072750091553 28.8550052642822 28.5401706695557 28.8052024841309 28.6858425140381 29.228235244751 -3.4e+38 -3.4e+38 -3.4e+38 -3.4e+38 -3.4e+38 -3.4e+38 -3.4e+38 -3.4e+38 -3.4e+38 -3.4e+38 -3.4e+38 -3.4e+38 -3.4e+38 -3.4e+38 -3.4e+38 -3.4e+38 -3.4e+38 -3.4e+38 -3.4e+38 -3.4e+38 -3.4e+38 -3.4e+38
27.912748336792 27.4208240509033 24.5205402374268 25.5083122253418 27.1360149383545 26.9574432373047 27.4203586578369 27.59250831604 27.2918834686279 26.8801212310791 28.1753177642822 27.8058929443359 30.5677356719971 31.1414108276367 28.5914268493652 28.0248603820801 29.8818359375 30.5621013641357 30.0054092407227 29.2951545715332 27.8974170684814 28.8571548461914 28.6115741729736 29.4756641387939 29.9981212615967 30.0129375457764 -3.4e+38 -3.4e+38 -3.4e+38 -3.4e+38 -3.4e+38 -3.4e+38 -3.4e+38 -3.4e+38 -3.4e+38 -3.4e+38 -3.4e+38 -3.4e+38 -3.4e+38 -3.4e+38 -3.4e+38 -3.4e+38 -3.4e+38 -3.4e+38 -3.4e+38 -3.4e+38
28.872522354126 27.0374889373779 24.3226375579834 24.0357570648193 25.5430564880371 27.8110122680664 28.4887847900391 28.8500995635986 26.924732208252 25.9455871582031 26.6480884552002 25.0494155883789 26.5855026245117 30.6347923278809 27.7883720397949 28.1335201263428 30.0039844512939 29.8121185302734 30.4908428192139 30.4577369689941 24.0517272949219 28.8343296051025 29.1370677947998 28.6496982574463 29.4847717285156 29.9843502044678 -3.4e+38 -3.4e+38 -3.4e+38 -3.4e+38 -3.4e+38 -3.4e+38 -3.4e+38 -3.4e+38 -3.4e+38 -3.4e+38 -3.4e+38 -3.4e+38 -3.4e+38 -3.4e+38 -3.4e+38 -3.4e+38 -3.4e+38 -3.4e+38 -3.4e+38 -3.4e+38
24.6247043609619 25.4270248413086 23.4811573028564 22.7782382965088 25.5480060577393 27.6868762969971 27.0963478088379 27.5376625061035 26.37619972229 26.7172985076904 24.4627876281738 24.1690559387207 28.2315425872803 28.9844703674316 26.8502731323242 28.1774501800537 29.4510040283203 30.5894432067871 29.6151485443115 29.4363651275635 24.1137943267822 26.1890335083008 29.7889633178711 28.7882194519043 29.2532939910889 29.2219734191895 -3.4e+38 -3.4e+38 -3.4e+38 -3.4e+38 -3.4e+38 -3.4e+38 -3.4e+38 -3.4e+38 -3.4e+38 -3.4e+38 -3.4e+38 -3.4e+38 -3.4e+38 -3.4e+38 -3.4e+38 -3.4e+38 -3.4e+38 -3.4e+38 -3.4e+38 -3.4e+38
23.4075832366943 24.2331066131592 24.5784873962402 24.1334323883057 28.1000576019287 27.7279357910156 27.7342357635498 26.6040859222412 27.4274463653564 26.3720970153809 25.5229721069336 25.8467502593994 26.9291248321533 30.5864963531494 30.5596408843994 31.5693855285645 28.0954723358154 28.4315967559814 28.4588432312012 28.9671516418457 30.7960224151611 28.5865688323975 29.382453918457 28.9497585296631 28.3633232116699 27.6916198730469 27.6564159393311 28.259693145752 -3.4e+38 -3.4e+38 -3.4e+38 -3.4e+38 -3.4e+38 -3.4e+38 -3.4e+38 -3.4e+38 -3.4e+38 -3.4e+38 -3.4e+38 -3.4e+38 -3.4e+38 -3.4e+38 -3.4e+38 -3.4e+38 -3.4e+38 -3.4e+38
22.3405437469482 24.9556503295898 30.12646484375 24.625244140625 23.5622596740723 25.3537311553955 27.1476573944092 26.2371234893799 26.5609970092773 27.4279956817627 25.8749713897705 25.4436168670654 26.4885425567627 27.9191780090332 26.2505111694336 29.0609531402588 26.1038570404053 25.9134502410889 27.1860637664795 28.5608367919922 28.8317546844482 27.5231018066406 28.0793781280518 28.7147827148438 27.7164344787598 26.9804840087891 26.7515602111816 27.4486141204834 28.8515319824219 27.4203624725342 28.6763229370117 -3.4e+38 -3.4e+38 -3.4e+38 -3.4e+38 -3.4e+38 -3.4e+38 -3.4e+38 -3.4e+38 -3.4e+38 -3.4e+38 -3.4e+38 -3.4e+38 -3.4e+38 -3.4e+38 -3.4e+38
22.3088111877441 24.3163375854492 25.03098487854 28.9488582611084 24.5431957244873 22.893030166626 25.0083808898926 25.3075065612793 27.5764980316162 27.8586082458496 28.0693740844727 26.4041690826416 26.0233821868896 26.6474838256836 24.5675926208496 24.4381198883057 23.7334518432617 27.9548759460449 26.4953479766846 27.879955291748 29.9460124969482 29.8668174743652 27.4157295227051 25.4740161895752 26.5132274627686 27.1515331268311 27.8101768493652 28.9797039031982 28.6486625671387 27.4739475250244 26.988431930542 29.4034423828125 -3.4e+38 -3.4e+38 -3.4e+38 -3.4e+38 -3.4e+38 -3.4e+38 -3.4e+38 -3.4e+38 -3.4e+38 -3.4e+38 -3.4e+38 -3.4e+38 -3.4e+38 -3.4e+38
23.5846290588379 24.3021011352539 24.8477916717529 25.6219177246094 27.1797618865967 24.1550636291504 23.827709197998 25.4682197570801 26.9873065948486 27.2654705047607 27.1905479431152 26.9458923339844 25.8990039825439 25.9850807189941 24.4306011199951 24.0765705108643 23.6994361877441 28.6235046386719 28.4043941497803 26.6559867858887 27.7574443817139 29.5676422119141 30.3230438232422 29.3253784179688 29.2924823760986 26.9771823883057 27.5725059509277 30.1104011535645 28.1145553588867 27.4558219909668 30.543981552124 31.0149726867676 -3.4e+38 -3.4e+38 -3.4e+38 -3.4e+38 -3.4e+38 -3.4e+38 -3.4e+38 -3.4e+38 -3.4e+38 -3.4e+38 -3.4e+38 -3.4e+38 -3.4e+38 -3.4e+38
22.6001319885254 24.6886825561523 24.5756530761719 24.5726890563965 26.0504913330078 28.8949909210205 26.0496520996094 26.8604278564453 26.649019241333 26.8673133850098 27.6547718048096 27.1427402496338 26.6871395111084 27.2468032836914 26.6482257843018 26.7303047180176 27.8389434814453 28.0930309295654 29.3022880554199 29.102445602417 26.7320709228516 29.8359241485596 27.4837760925293 26.3823757171631 28.1494789123535 27.8615093231201 28.8671779632568 28.792407989502 30.7931785583496 31.4354591369629 -3.4e+38 -3.4e+38 -3.4e+38 -3.4e+38 -3.4e+38 -3.4e+38 -3.4e+38 -3.4e+38 -3.4e+38 -3.4e+38 -3.4e+38 -3.4e+38 -3.4e+38 -3.4e+38 -3.4e+38 -3.4e+38
22.0965461730957 23.136251449585 23.2522850036621 22.4530735015869 23.2620639801025 24.2815856933594 30.8929100036621 27.6071071624756 27.3054866790771 26.9970188140869 27.1943702697754 27.6086940765381 26.7476615905762 27.2539043426514 26.968297958374 28.8203430175781 28.7710590362549 28.6947784423828 31.7489070892334 29.5283355712891 27.7579193115234 27.8024864196777 27.8552551269531 27.2720546722412 31.2660007476807 27.0833988189697 28.4349231719971 28.2234840393066 29.026216506958 27.873161315918 -3.4e+38 -3.4e+38 -3.4e+38 -3.4e+38 -3.4e+38 -3.4e+38 -3.4e+38 -3.4e+38 -3.4e+38 -3.4e+38 -3.4e+38 -3.4e+38 -3.4e+38 -3.4e+38 -3.4e+38 -3.4e+38
21.8332328796387 20.5960597991943 20.2697982788086 20.202320098877 22.4309463500977 23.1734199523926 24.6453342437744 24.9669971466064 26.7653369903564 27.2655200958252 25.8429756164551 26.1156158447266 25.9940490722656 26.5263996124268 26.8682231903076 26.8790111541748 27.1097164154053 28.8377094268799 31.1826457977295 30.8701419830322 28.6370544433594 28.8645534515381 28.7514743804932 30.5194091796875 28.881010055542 28.1210842132568 28.983528137207 28.2803573608398 26.6943702697754 24.8605632781982 27.9845104217529 29.4023170471191 -3.4e+38 -3.4e+38 -3.4e+38 -3.4e+38 -3.4e+38 -3.4e+38 -3.4e+38 -3.4e+38 -3.4e+38 -3.4e+38 -3.4e+38 -3.4e+38 -3.4e+38 -3.4e+38
21.8429374694824 20.9392929077148 20.4064025878906 19.9963989257812 20.5532932281494 21.1170845031738 22.9229393005371 23.9228076934814 26.3214378356934 27.4459419250488 26.5637283325195 26.4319934844971 26.9083156585693 27.3501968383789 27.6712188720703 28.9274578094482 27.1005592346191 29.069429397583 30.1514797210693 29.0352096557617 29.0226669311523 31.4126148223877 29.1102294921875 28.5972518920898 29.9772167205811 28.2326488494873 27.231466293335 27.0406799316406 26.1494922637939 27.4287548065186 29.4075908660889 29.1741943359375 28.1422462463379 -3.4e+38 -3.4e+38 -3.4e+38 -3.4e+38 24.4173316955566 30.6132659912109 -3.4e+38 -3.4e+38 -3.4e+38 -3.4e+38 -3.4e+38 -3.4e+38 -3.4e+38
22.2860145568848 21.5740814208984 20.470121383667 20.0783557891846 20.6943855285645 20.4409236907959 21.638053894043 23.184383392334 24.2455787658691 25.2243671417236 23.6446628570557 26.9535865783691 26.195520401001 26.9283123016357 28.1928215026855 27.1899013519287 27.9770126342773 31.4282379150391 27.9699859619141 29.7862167358398 28.9449501037598 30.8771839141846 29.5635566711426 28.8462429046631 28.8014450073242 28.9043064117432 28.7977638244629 27.4468536376953 27.0110988616943 29.8394165039062 29.8087921142578 28.9976902008057 28.4369869232178 -3.4e+38 -3.4e+38 -3.4e+38 -3.4e+38 25.5614013671875 29.3848476409912 30.8567790985107 30.4809455871582 30.3632774353027 -3.4e+38 -3.4e+38 -3.4e+38 -3.4e+38
22.2077503204346 20.9457321166992 20.4429664611816 20.5060863494873 20.0891494750977 21.1229972839355 20.9713115692139 22.2746028900146 26.1030597686768 27.6220321655273 25.6255855560303 23.8966579437256 27.5716285705566 23.3369426727295 23.2494258880615 24.0498142242432 29.2186908721924 27.4458694458008 27.0032577514648 28.1802616119385 28.3568477630615 29.1233501434326 28.942943572998 28.2334060668945 28.1927680969238 28.326810836792 29.4609966278076 28.4718437194824 27.6507129669189 27.6354236602783 28.4312896728516 24.9880714416504 31.2710552215576 -3.4e+38 -3.4e+38 28.6170196533203 30.3684711456299 29.6145343780518 28.3828601837158 29.4686851501465 29.3940296173096 30.8107261657715 -3.4e+38 -3.4e+38 -3.4e+38 -3.4e+38
20.7551708221436 19.447868347168 19.542013168335 20.8564262390137 21.3274955749512 21.0648517608643 20.6237010955811 21.4281311035156 28.3483581542969 26.6921081542969 30.886531829834 23.68310546875 24.5460224151611 25.5256080627441 23.3888759613037 23.5945701599121 24.1299629211426 25.9373435974121 27.7046184539795 27.1152000427246 29.955472946167 27.2833938598633 27.9857425689697 28.3044395446777 27.7610454559326 28.8602523803711 28.81272315979 29.1425933837891 29.4619808197021 28.1439895629883 28.3987674713135 25.0036869049072 27.0652713775635 -3.4e+38 30.9845790863037 26.4198551177979 28.3855419158936 -3.4e+38 30.8879375457764 -3.4e+38 30.5931091308594 -3.4e+38 -3.4e+38 -3.4e+38 -3.4e+38 -3.4e+38
21.3881301879883 19.6042137145996 18.8785018920898 21.6758480072021 21.761999130249 20.8780078887939 20.4829521179199 20.5631427764893 22.2900371551514 24.4839611053467 24.8459892272949 28.7291889190674 30.3923492431641 25.7295837402344 25.2442150115967 26.4505977630615 26.8484497070312 27.1131706237793 26.6487159729004 26.5664901733398 28.1209926605225 28.1616554260254 29.7106838226318 29.7417240142822 28.0255279541016 27.7987213134766 28.7474727630615 27.7121276855469 28.0005207061768 27.8631916046143 25.5471611022949 26.8298358917236 30.7989521026611 27.8182392120361 26.8629722595215 29.5357398986816 29.1840381622314 -3.4e+38 -3.4e+38 -3.4e+38 -3.4e+38 -3.4e+38 -3.4e+38 30.4597187042236 -3.4e+38 -3.4e+38
22.2525291442871 21.999683380127 19.5180473327637 21.2425270080566 19.8674774169922 20.1162185668945 21.1757202148438 21.2959308624268 22.970308303833 25.6256809234619 24.7035732269287 24.8922290802002 27.4340076446533 31.352367401123 26.7982120513916 27.0727252960205 26.843147277832 26.0891227722168 25.5814189910889 25.4997825622559 30.8942642211914 28.5030632019043 30.5363483428955 28.7040500640869 28.8910160064697 27.3848915100098 27.8335494995117 26.748291015625 27.3926811218262 27.4405174255371 25.8212909698486 26.0881366729736 29.1440582275391 29.2709007263184 28.7729969024658 29.1459941864014 28.7877178192139 30.4477844238281 29.0312366485596 26.0327339172363 28.4238910675049 28.1406497955322 29.2616996765137 28.4077949523926 -3.4e+38 -3.4e+38
22.805736541748 21.9890651702881 22.3394927978516 22.4958114624023 21.0619468688965 20.5022373199463 20.2679882049561 20.6359157562256 22.8206481933594 30.4276580810547 25.0010852813721 30.8242645263672 29.6386318206787 26.798864364624 26.9824104309082 24.5951442718506 24.687629699707 27.1799755096436 25.7164077758789 25.9920921325684 28.1097927093506 29.6144256591797 31.601053237915 29.3146228790283 30.9339599609375 27.7387847900391 30.4303188323975 28.8290042877197 28.0039367675781 27.7058944702148 26.9308948516846 28.0666065216064 29.6172008514404 30.2048797607422 30.3940658569336 27.6375350952148 27.3650321960449 28.7786102294922 29.8811931610107 30.6430740356445 30.2154712677002 30.283203125 28.6178398132324 28.4793720245361 24.8469715118408 -3.4e+38
