inst/extdata/Tmax/Tmax104.asc
NCOLS 100 
NROWS 79 
XLLCORNER 148.06 
YLLCORNER -21.49 
CELLSIZE 0.01 
NODATA_value -3.4e+38 
[rows 40 to 59 of 79, columns 46 to 91 of 100]
27.0603675842285 28.1682739257812 28.6564178466797 29.6598300933838 31.4702072143555 32.5733070373535 32.0593528747559 29.9535179138184 29.549015045166 30.3180618286133 30.9051361083984 32.8496704101562 32.4361724853516 32.6845474243164 31.7705364227295 32.9017868041992 33.116870880127 32.8080558776855 32.9261894226074 33.0438385009766 33.072338104248 32.0573387145996 32.4940910339355 32.8511428833008 32.9552345275879 33.0248374938965 32.9225425720215 32.5149536132812 32.7210960388184 32.9366798400879 32.9052619934082 32.7374496459961 32.3920021057129 31.042610168457 31.3440723419189 32.0826377868652 31.9857730865479 31.8862571716309 32.1440048217773 31.5544414520264 30.7742118835449 31.2846431732178 31.6207962036133 31.4026050567627 31.6814575195312 31.7311115264893
28.5497760772705 29.8739433288574 29.7901859283447 29.7508182525635 31.5054225921631 32.885684967041 31.6362915039062 31.2054748535156 31.8740501403809 31.9753150939941 32.387336730957 33.1664505004883 33.0476417541504 33.073169708252 32.918830871582 33.2691307067871 33.319408416748 33.2534942626953 33.2125854492188 33.2413787841797 33.2341918945312 32.672737121582 31.9195823669434 32.3144302368164 32.2350540161133 32.7726249694824 33.1064186096191 32.6029014587402 32.5932579040527 33.0131912231445 33.0561561584473 32.962833404541 32.7850379943848 32.1360015869141 32.3951950073242 32.4389152526855 32.212100982666 32.2045478820801 32.3127098083496 32.442699432373 31.4200687408447 31.6595764160156 32.3056297302246 32.0940399169922 32.2306900024414 32.168327331543
31.2456245422363 31.4517040252686 31.6606616973877 32.1988983154297 32.5720100402832 33.1183738708496 32.6534576416016 32.0723533630371 32.6491203308105 33.0989418029785 33.0148963928223 33.3671112060547 33.4113426208496 33.3317184448242 33.3081245422363 33.4080276489258 33.4261093139648 33.406135559082 33.3769111633301 33.3700180053711 33.286205291748 32.284049987793 32.0739860534668 32.6171379089355 32.0637893676758 32.5531692504883 33.0285301208496 32.9254188537598 32.8657341003418 33.1351165771484 33.1641654968262 33.1491470336914 33.1051940917969 32.9820518493652 32.8742294311523 32.5230293273926 31.5485820770264 32.1806602478027 32.7431602478027 32.7318992614746 32.5893516540527 32.5214195251465 32.6394195556641 32.6685218811035 32.7027854919434 32.643383026123
32.6015777587891 32.6311721801758 32.782657623291 32.9498100280762 33.2152404785156 33.3150863647461 33.2224502563477 32.973804473877 33.1693687438965 33.4143753051758 33.421501159668 33.4821891784668 33.465015411377 33.4305953979492 33.4576034545898 33.4344940185547 33.3694725036621 33.3481903076172 33.3867492675781 33.4219551086426 33.3855857849121 33.1283340454102 32.8615570068359 33.0503234863281 32.9091835021973 32.438102722168 32.7474365234375 33.0357131958008 33.1982612609863 33.220085144043 33.2203254699707 33.2021064758301 33.1681251525879 33.1206207275391 33.1097183227539 32.9504661560059 32.4380912780762 32.7630920410156 32.947395324707 32.9234886169434 32.8804206848145 32.8701515197754 32.8469734191895 32.8555679321289 32.8523368835449 32.8163452148438
32.4001770019531 32.7053070068359 33.0015830993652 33.0171585083008 33.0850028991699 33.2325706481934 33.2875328063965 33.3695297241211 33.4062080383301 33.350513458252 33.1304550170898 33.2547264099121 33.1774940490723 32.8999443054199 33.102855682373 33.2536506652832 33.1360473632812 33.2593536376953 33.3627166748047 33.4162673950195 33.440673828125 33.2971839904785 32.9643020629883 32.6907730102539 32.9328269958496 33.1187744140625 33.1695289611816 33.2137336730957 33.2199554443359 33.2519035339355 33.2369651794434 33.2148132324219 33.165168762207 33.1178588867188 33.1420135498047 33.0751037597656 33.0467987060547 33.0349273681641 32.9674453735352 32.9605407714844 32.9274063110352 32.9051971435547 32.8997497558594 32.8766479492188 32.7678871154785 32.7944679260254
30.3785457611084 31.270881652832 31.7542743682861 32.0035629272461 32.4225273132324 32.8056907653809 32.7435302734375 32.970386505127 32.9739532470703 32.800968170166 31.9607448577881 31.9836368560791 32.0763778686523 30.4234008789062 31.4968681335449 32.3532485961914 32.9559364318848 33.3187255859375 33.4162445068359 33.4421730041504 33.4583892822266 33.2638740539551 32.7982559204102 32.4037094116211 32.696044921875 32.9804191589355 33.1181831359863 33.1026420593262 33.1695861816406 33.2421798706055 33.2473220825195 33.2321472167969 33.2059211730957 33.1905555725098 33.1497230529785 33.0412063598633 33.023120880127 33.0079116821289 32.9696922302246 32.953311920166 32.9141502380371 32.8964157104492 32.8768501281738 32.8138732910156 32.7974548339844 32.8201065063477
27.6289939880371 29.1043014526367 29.0036964416504 28.9775524139404 30.4986476898193 31.1148262023926 31.2499542236328 31.5522994995117 32.0683135986328 31.3818111419678 30.6336727142334 29.9893627166748 30.7456169128418 30.6083984375 31.1137104034424 32.4026412963867 33.1533851623535 33.3598022460938 33.3962783813477 33.3748817443848 33.4337158203125 33.4426460266113 32.9928092956543 32.6180763244629 32.497917175293 32.7926750183105 33.0161743164062 33.1356010437012 33.2411918640137 33.2570724487305 33.2792930603027 33.2749061584473 33.2595291137695 33.2208480834961 33.1289367675781 33.058895111084 33.0465888977051 33.0347061157227 33.0116767883301 32.9881706237793 32.9481620788574 32.9350166320801 32.922721862793 32.8788414001465 32.861644744873 32.743091583252
27.7736988067627 27.7037811279297 27.4876346588135 27.5884628295898 27.5292110443115 28.453218460083 29.8976173400879 30.6545143127441 30.8672485351562 30.7315406799316 31.3376445770264 31.1553249359131 30.981273651123 31.6368408203125 31.968074798584 32.9332313537598 33.2126045227051 33.2433280944824 33.1761856079102 33.307373046875 33.4433479309082 33.4905776977539 33.3371887207031 33.0059852600098 32.5578308105469 32.8483009338379 33.0549812316895 33.2264289855957 33.2980346679688 33.332950592041 33.3450736999512 33.3133087158203 33.2385063171387 33.1532936096191 33.0817565917969 33.0486450195312 33.0552062988281 33.0643920898438 33.0469741821289 33.0244522094727 32.9993095397949 32.9933280944824 32.9774284362793 32.945671081543 32.7261505126953 32.49755859375
27.3008213043213 27.4324493408203 27.7107009887695 27.3857860565186 27.2866973876953 27.4261665344238 28.4474620819092 30.3472766876221 30.9640655517578 31.1706275939941 30.9908962249756 31.2068729400635 31.5397796630859 31.8685760498047 31.9375610351562 32.5286979675293 32.9448623657227 32.9455490112305 32.939136505127 33.2647132873535 33.3876419067383 33.3996353149414 33.4893493652344 33.3996353149414 33.2753295898438 33.2387619018555 33.3293800354004 33.3978805541992 33.4014129638672 33.3995399475098 33.3713722229004 33.2881813049316 33.1938056945801 33.0501289367676 33.0012893676758 33.0561790466309 33.0607719421387 33.0740814208984 33.0854072570801 33.0634078979492 33.05517578125 33.0463256835938 33.0222854614258 32.9994239807129 32.8278617858887 32.6847991943359
27.3836555480957 27.6035099029541 27.6458778381348 27.2674198150635 27.8655090332031 28.8710613250732 29.0004425048828 30.4475955963135 30.996768951416 31.2342548370361 31.0285530090332 31.5691108703613 31.8850517272949 31.8944797515869 31.9993667602539 31.8910541534424 32.0026321411133 32.2620048522949 32.6710052490234 33.0562057495117 33.1707801818848 33.1821899414062 33.4406394958496 33.4909324645996 33.5072402954102 33.4823379516602 33.4522094726562 33.2686424255371 33.3316345214844 33.4000358581543 33.3603553771973 33.2277908325195 33.1771621704102 32.965950012207 32.8917655944824 33.0781021118164 33.0745506286621 33.0515823364258 33.1095848083496 33.1113433837891 33.0844841003418 33.0838966369629 33.0619049072266 33.0261192321777 32.9430389404297 32.8672103881836
27.4201679229736 27.2901172637939 27.564769744873 27.2326183319092 28.0219268798828 29.3352680206299 29.7455520629883 30.425952911377 31.2360305786133 31.7471027374268 31.7734394073486 31.9145221710205 32.0009918212891 32.039680480957 32.0317115783691 31.9769897460938 32.0548934936523 31.761381149292 31.3776969909668 32.6388664245605 32.5246238708496 32.9960746765137 33.3544578552246 33.4191055297852 33.4726142883301 33.4539566040039 33.3743782043457 33.1375389099121 33.2933387756348 33.3997077941895 33.2261810302734 33.037841796875 33.0510406494141 33.0259780883789 33.0564079284668 33.1383972167969 33.1419372558594 33.1221923828125 33.1158561706543 33.1477088928223 33.138843536377 33.1155891418457 33.0848922729492 33.0445022583008 32.9959678649902 32.9003829956055
26.9309673309326 26.9059505462646 27.3443202972412 26.6531524658203 26.8136138916016 29.1970653533936 30.0926456451416 30.8269805908203 31.2202816009521 31.5470104217529 31.6229496002197 31.6357460021973 31.4199275970459 31.4273529052734 31.7331581115723 31.8848304748535 32.2619094848633 32.1853065490723 31.9851512908936 32.0362319946289 31.8710155487061 32.7361450195312 33.1804428100586 33.3696250915527 33.3782043457031 33.3931732177734 33.0159606933594 32.6177444458008 33.2653312683105 33.4045906066895 33.1103897094727 32.7784538269043 33.0452842712402 33.0948066711426 33.1234741210938 33.0859336853027 33.0790634155273 33.0790748596191 33.0982894897461 33.0826454162598 33.088981628418 33.1197471618652 33.1016654968262 33.0645523071289 33.0202560424805 32.9463653564453
26.5528087615967 26.4028453826904 26.8971977233887 26.7713642120361 26.8657531738281 28.075496673584 29.2971534729004 30.0739917755127 30.6391124725342 31.0618839263916 31.0099849700928 30.9369945526123 31.0176982879639 31.3464679718018 32.1808090209961 32.302074432373 32.511058807373 32.4088592529297 32.3227615356445 32.1408271789551 31.8809432983398 32.6122627258301 33.1026878356934 33.3126564025879 33.2472152709961 33.3457260131836 32.9303207397461 31.9191341400146 33.005989074707 33.3911399841309 33.1023559570312 32.838981628418 33.0524978637695 32.9864273071289 32.9103813171387 32.9370231628418 32.9872169494629 32.9158782958984 32.8285942077637 32.8082389831543 32.924934387207 33.0186157226562 33.1077690124512 33.0840759277344 33.0437965393066 32.9947090148926
27.7855796813965 26.6324272155762 26.7490558624268 27.1883144378662 27.6594543457031 28.9635486602783 29.0515937805176 29.9835071563721 30.9134941101074 31.3024501800537 31.7081089019775 31.8342590332031 31.9906616210938 32.2487640380859 32.463794708252 32.5177268981934 32.4682769775391 32.555835723877 32.5227279663086 32.2681999206543 32.0543670654297 32.0845031738281 32.6720924377441 32.9253997802734 32.8460350036621 33.308464050293 33.1950988769531 32.4978942871094 33.0856742858887 33.3725128173828 33.1319046020508 32.9265594482422 32.8336524963379 32.4707565307617 32.6742248535156 32.6051902770996 32.6127891540527 32.1592597961426 32.2676162719727 31.1621894836426 32.6263618469238 32.898307800293 33.0870132446289 33.0914459228516 33.0576972961426 33.0099792480469
28.6275119781494 27.4244213104248 26.8407020568848 27.7824954986572 28.5821056365967 29.4745292663574 29.5696678161621 30.1363983154297 31.0255107879639 31.5140018463135 31.5762042999268 31.6028022766113 32.0752182006836 32.2740898132324 32.4027442932129 32.3912887573242 32.6279106140137 32.7800216674805 32.7511672973633 32.4791526794434 32.299243927002 32.2092742919922 32.3601722717285 32.3768730163574 32.3512992858887 33.1017761230469 33.2970352172852 32.9787521362305 32.6552429199219 33.2370529174805 32.741626739502 31.8554306030273 32.5311965942383 32.7066116333008 33.0207061767578 33.0229301452637 32.9760665893555 32.937313079834 32.6926765441895 31.619161605835 32.4979057312012 32.8493423461914 33.0327796936035 33.0789489746094 33.068531036377 33.0251655578613
28.6757106781006 27.6316204071045 26.9809131622314 28.5417995452881 29.7287921905518 30.2572441101074 31.1225719451904 31.4007606506348 31.6502857208252 31.7862491607666 31.5796852111816 31.5402317047119 32.1806869506836 32.2888221740723 32.3077049255371 32.3957901000977 32.529914855957 32.5234298706055 33.1103477478027 32.8455047607422 32.5419120788574 32.3759269714355 32.3542518615723 32.181282043457 32.1972122192383 32.8900833129883 33.2725791931152 33.17041015625 33.0094566345215 33.3462066650391 32.5916366577148 31.3826217651367 31.9363098144531 32.6846389770508 32.7222442626953 32.295825958252 32.3585433959961 32.9375381469727 33.063404083252 33.0168304443359 33.050178527832 33.0362968444824 33.0465965270996 33.0408630371094 33.0627975463867 33.0436172485352
28.5128173828125 27.333683013916 26.8227252960205 28.2683792114258 29.8280715942383 30.2659645080566 29.5908164978027 31.1683101654053 31.1170387268066 30.4870147705078 31.5970916748047 31.846851348877 31.880350112915 31.9568195343018 31.9850978851318 32.2330741882324 32.3870849609375 32.5214309692383 33.072021484375 33.2079734802246 32.9922981262207 32.6464958190918 32.4621276855469 32.3795394897461 32.1187438964844 32.6406555175781 33.1475677490234 33.1633796691895 33.3685531616211 33.4353790283203 32.8660011291504 30.9226932525635 31.6521110534668 31.1065616607666 31.4941864013672 30.7120933532715 31.7616195678711 32.9030990600586 33.026538848877 33.0905838012695 33.0998764038086 33.0026817321777 32.8795928955078 32.9926567077637 33.015983581543 33.0161895751953
28.4860858917236 27.5760288238525 27.6605281829834 28.2984046936035 29.4252777099609 29.9450798034668 30.4500179290771 30.7332515716553 29.2254314422607 29.1285343170166 30.9399509429932 29.7982559204102 30.2366218566895 30.7612972259521 31.5985088348389 32.1359481811523 32.3164596557617 32.5676727294922 32.9578895568848 33.1051292419434 33.1700134277344 32.89697265625 32.5385055541992 32.6188087463379 32.4833717346191 32.743579864502 32.7417221069336 32.5575981140137 33.1585540771484 33.3606185913086 33.1025466918945 32.3122825622559 30.7067356109619 28.4518432617188 28.6584911346436 30.5945053100586 32.1986808776855 32.869743347168 32.9880142211914 32.9204483032227 32.9136505126953 32.6590881347656 32.5202560424805 32.9209098815918 32.6331977844238 32.696159362793
28.4395885467529 28.006103515625 27.7644786834717 28.1516609191895 28.9023895263672 29.8771896362305 30.0719909667969 29.5874042510986 29.0328979492188 30.0449466705322 30.6215076446533 29.4648685455322 29.8563823699951 30.364803314209 31.4712085723877 31.940465927124 32.2846412658691 32.7830276489258 33.2457160949707 33.0555648803711 32.9136810302734 33.235294342041 32.9534950256348 32.7493934631348 32.5728988647461 32.5687065124512 32.659481048584 32.5508079528809 32.9137115478516 33.2819480895996 33.3193130493164 32.7356872558594 31.9385814666748 30.0863418579102 29.3933944702148 30.6515464782715 32.1860961914062 32.7974395751953 32.8591461181641 32.3439407348633 32.6217422485352 32.8129653930664 32.5794868469238 32.6429061889648 32.2823104858398 32.5579452514648
28.0145626068115 27.7621765136719 27.200662612915 27.609525680542 28.5555572509766 28.7695350646973 29.2783756256104 29.6763648986816 30.0253372192383 30.1541614532471 30.5621585845947 30.8182754516602 31.5842819213867 31.692590713501 31.8650131225586 31.3506183624268 32.4375839233398 32.8599052429199 33.0954895019531 32.7844429016113 32.918025970459 33.1284599304199 33.2395172119141 33.173770904541 32.855354309082 32.7779541015625 32.3818283081055 32.5610046386719 32.9990043640137 33.0904388427734 33.2511749267578 33.2737426757812 32.6568031311035 31.9131717681885 30.9026298522949 30.5766143798828 31.8537673950195 32.7016105651855 32.155445098877 31.5658664703369 32.5624465942383 32.8328018188477 32.5204963684082 31.6666488647461 32.0466918945312 32.6092948913574
