inst/extdata/Tmax/Tmax100.asc
NCOLS 100 
NROWS 79 
XLLCORNER 148.06 
YLLCORNER -21.49 
CELLSIZE 0.01 
NODATA_value -3.4e+38 
[rows 20 to 39 of 79, columns 46 to 91 of 100]
36.6799392700195 35.049373626709 35.2429008483887 36.543830871582 36.299747467041 35.7774047851562 35.493824005127 34.3855361938477 36.0986442565918 37.4469299316406 38.3895263671875 37.9650726318359 37.9294662475586 38.4683265686035 38.1465721130371 37.883487701416 38.1168518066406 38.5985145568848 38.7168312072754 38.7013359069824 38.6376762390137 38.4997024536133 38.7304344177246 38.781681060791 38.7160377502441 38.6141357421875 38.5006217956543 38.5055999755859 38.4520149230957 38.1465950012207 38.1887435913086 38.379810333252 38.2736396789551 38.023021697998 37.997859954834 37.9308891296387 37.8298492431641 37.7986717224121 37.7643699645996 37.7257957458496 37.6322860717773 37.4296493530273 36.8618392944336 36.6873474121094 36.8368682861328 36.822883605957
36.960693359375 35.037769317627 33.9319458007812 35.5450553894043 35.414852142334 34.9070777893066 35.6969757080078 33.9125442504883 35.0857086181641 37.0127296447754 38.1611061096191 36.9443855285645 36.3373794555664 37.984073638916 36.9006843566895 36.554141998291 37.3309860229492 38.4874267578125 38.4776496887207 38.8261032104492 38.9024658203125 38.86328125 38.665210723877 38.3492851257324 38.3230476379395 38.3540954589844 38.474781036377 38.4284934997559 38.3295783996582 38.2396659851074 38.4853210449219 38.4899253845215 38.4232559204102 38.0892143249512 38.132698059082 38.0590896606445 37.9223289489746 37.9095153808594 37.8962478637695 37.8818664550781 37.7224655151367 37.5801010131836 37.3667144775391 37.158317565918 37.0184707641602 37.0058212280273
37.5492706298828 37.0962677001953 35.3224258422852 34.7086181640625 34.2548942565918 35.3395195007324 34.7577209472656 34.9891395568848 34.4090461730957 35.2889366149902 37.352840423584 37.7094955444336 36.3047523498535 36.6600646972656 36.3311996459961 36.8287391662598 37.7772903442383 38.1239356994629 36.8986167907715 38.0308265686035 38.7331161499023 38.7597961425781 38.2075462341309 37.4562492370605 37.9720344543457 37.9317436218262 38.4316291809082 38.5776290893555 38.2952613830566 38.4579429626465 38.5957984924316 38.5987968444824 38.5797882080078 38.4981269836426 38.3801956176758 38.1896171569824 38.0095558166504 37.877872467041 37.927173614502 37.9895515441895 37.8502883911133 37.7587242126465 37.496337890625 37.3683815002441 37.2377510070801 37.3571739196777
36.9574432373047 36.8005294799805 36.2145614624023 35.4575271606445 34.0492210388184 34.7552299499512 35.3459014892578 35.528392791748 35.2874488830566 34.8544540405273 36.1146049499512 36.0855979919434 36.9054756164551 35.3555603027344 36.1293487548828 37.4847869873047 37.4486312866211 37.7766151428223 36.5361328125 38.3822975158691 39.048885345459 38.9150123596191 38.0689849853516 36.8490371704102 37.9363212585449 38.0632743835449 38.1375198364258 38.5275230407715 38.6815605163574 38.7172508239746 38.722599029541 38.711540222168 38.6701011657715 38.5697631835938 38.4593811035156 38.2929611206055 37.9061279296875 37.5854072570801 37.6951026916504 37.9104232788086 37.8524856567383 37.8762092590332 37.6313514709473 37.5933151245117 37.3635101318359 37.3884124755859
35.1193084716797 36.3786888122559 36.711498260498 36.4789772033691 35.5009078979492 34.9045219421387 34.8853302001953 34.5785331726074 35.4300575256348 34.9048767089844 34.8938064575195 34.4363861083984 36.2608261108398 37.0457916259766 36.2803344726562 37.2321510314941 37.9258346557617 38.4344940185547 38.1460762023926 39.0312271118164 39.023365020752 38.8585052490234 38.2369842529297 37.4759674072266 38.1642265319824 38.3955993652344 38.112174987793 38.181697845459 38.2616233825684 38.6834487915039 38.5346336364746 38.788703918457 38.660530090332 38.6096572875977 38.5165672302246 38.1920928955078 38.0995903015137 37.5781440734863 37.3068313598633 37.704288482666 37.7969970703125 37.8654136657715 37.6994094848633 37.741153717041 37.7867431640625 37.6561622619629
33.7026557922363 34.6678733825684 35.9528503417969 35.8730201721191 35.0542297363281 34.3320274353027 33.9318885803223 33.3672676086426 34.5330200195312 35.137077331543 34.6157188415527 34.8415412902832 36.1832313537598 37.9564361572266 37.4830169677734 37.537410736084 37.6687164306641 38.8919372558594 38.9631996154785 38.9367790222168 38.9199104309082 38.6108245849609 37.4886322021484 37.525276184082 37.6068077087402 38.1582641601562 37.9020080566406 37.3346138000488 37.886604309082 38.797046661377 38.7420845031738 38.8131980895996 38.7621917724609 38.7220039367676 38.5893898010254 38.4327430725098 38.4362297058105 37.8950576782227 37.4175720214844 37.6970672607422 37.3928909301758 37.4978790283203 37.2344131469727 37.8056602478027 37.8418426513672 37.7875595092773
33.5945243835449 33.4391288757324 34.1425514221191 34.7707290649414 35.443115234375 33.2533760070801 32.9678840637207 33.7959938049316 34.2953109741211 35.0273590087891 35.0405502319336 35.4459991455078 37.1106834411621 37.9346961975098 38.3727416992188 38.5033950805664 38.6161766052246 39.049488067627 38.7163848876953 38.5539970397949 38.574634552002 38.1490592956543 38.3030166625977 38.5287666320801 38.5233688354492 37.9630584716797 37.5719108581543 38.3702392578125 38.5848999023438 38.5365600585938 38.0398750305176 38.5962944030762 38.7206039428711 38.7794494628906 38.7555465698242 38.6544990539551 38.3583297729492 38.051586151123 38.1052703857422 37.8766670227051 37.7425994873047 37.2400436401367 37.6618423461914 37.8365249633789 37.7274055480957 37.6017913818359
33.7914047241211 33.2858848571777 33.5887184143066 33.832347869873 34.3730735778809 32.712718963623 32.411003112793 32.8283500671387 34.1221504211426 34.8665390014648 34.3465957641602 34.9218864440918 35.8121452331543 36.9247817993164 38.2291069030762 37.9135551452637 38.8840026855469 39.0887451171875 38.4554252624512 37.7782821655273 38.3502998352051 38.4980506896973 38.7691955566406 38.9574241638184 39.039737701416 38.6532096862793 38.6384353637695 38.937068939209 38.9809150695801 38.3509368896484 37.9510231018066 38.4046325683594 38.4887924194336 38.8365364074707 38.864070892334 38.7928619384766 38.6486358642578 38.4487075805664 38.0840835571289 37.3827590942383 37.1512680053711 37.0262985229492 37.0470390319824 37.6216163635254 37.6319580078125 37.9451789855957
34.6555824279785 34.2290649414062 34.9803199768066 34.8286437988281 34.4411277770996 33.0582580566406 33.8210029602051 33.5642738342285 33.8730354309082 34.4653129577637 34.1803283691406 34.4586067199707 34.5948829650879 36.7393760681152 37.8813743591309 37.2131958007812 38.5580711364746 38.8056716918945 38.5190010070801 37.4957695007324 37.7343711853027 38.6874847412109 39.0261039733887 39.1231918334961 39.1295204162598 39.0240821838379 39.0253982543945 39.1124534606934 38.7697792053223 38.1329460144043 38.0061531066895 38.5659141540527 38.9177780151367 38.9380760192871 38.9193954467773 38.8778076171875 38.8252716064453 38.6939315795898 38.4656295776367 37.4491844177246 36.9014892578125 36.1569442749023 37.0110321044922 36.9740600585938 37.7419013977051 38.0361213684082
36.2566299438477 36.1098861694336 35.5362205505371 35.4794578552246 34.963077545166 34.4865455627441 34.1775283813477 33.1834716796875 33.8292694091797 33.3238220214844 32.8261604309082 34.1529388427734 34.4943237304688 36.3413543701172 37.2629623413086 36.551513671875 37.2175788879395 37.9264259338379 38.4198036193848 38.2972373962402 37.8857002258301 38.7275466918945 39.1269607543945 38.9433784484863 38.9092597961426 38.6153030395508 38.9658966064453 39.1657066345215 38.3495254516602 37.5777168273926 38.1623992919922 38.6373863220215 38.9306411743164 38.9886856079102 38.9884147644043 38.9201354980469 38.8889389038086 38.7972679138184 38.6239128112793 38.276309967041 37.6516342163086 37.184741973877 36.774097442627 36.5754661560059 37.3328514099121 37.7457122802734
35.1763572692871 35.1840209960938 35.2182083129883 34.865966796875 34.3898429870605 34.6275405883789 33.7198715209961 33.2036895751953 32.6859436035156 32.7762603759766 32.1704635620117 33.098030090332 33.0920181274414 35.3162574768066 36.3211212158203 35.1741027832031 35.7119483947754 37.2055053710938 38.4069709777832 38.8881950378418 38.4553833007812 38.9673194885254 39.1362953186035 38.775276184082 38.7478485107422 38.8406562805176 39.2314720153809 39.1998863220215 38.7138862609863 38.1130065917969 38.4369049072266 38.6525840759277 39.0132446289062 39.023063659668 38.9710884094238 38.9232292175293 38.9086303710938 38.831615447998 38.7568969726562 38.5670356750488 38.3183746337891 37.8138084411621 37.4487380981445 37.3876724243164 37.5610733032227 37.9059906005859
34.4510879516602 34.7193832397461 34.6107788085938 34.5699195861816 33.6717338562012 34.485481262207 33.5070495605469 32.2453765869141 31.6380786895752 32.0320930480957 31.6897163391113 32.3802757263184 33.1788368225098 35.0528221130371 35.3644218444824 34.9934387207031 37.0579109191895 37.9442367553711 38.6139526367188 39.0292167663574 39.2675628662109 39.2882843017578 39.2276344299316 39.1388206481934 38.9364128112793 39.174991607666 39.2744598388672 39.1647491455078 38.8222770690918 38.2397079467773 38.3128471374512 38.7995414733887 38.9753379821777 38.5577049255371 38.8701057434082 38.9477653503418 38.9164848327637 38.8728218078613 38.8167762756348 38.7017250061035 38.4149131774902 37.7216758728027 38.0014419555664 38.0155944824219 37.9105834960938 37.8315620422363
33.7830352783203 34.092170715332 33.9363136291504 34.2139778137207 34.3067817687988 34.3237686157227 33.9331550598145 32.8061828613281 32.9043579101562 33.0097885131836 31.9675445556641 31.7653923034668 32.7340812683105 35.0012588500977 35.5249290466309 36.0346069335938 36.0959815979004 36.908863067627 38.6179847717285 39.133415222168 39.2995300292969 39.2306709289551 39.0889663696289 39.0366668701172 39.1633911132812 39.2158432006836 39.184455871582 38.8304061889648 37.9776611328125 38.1270484924316 38.4151916503906 39.0920639038086 38.8460006713867 38.3324737548828 38.9267578125 38.8458404541016 38.8588333129883 38.8892135620117 38.7871589660645 38.5202407836914 37.9703483581543 36.7954521179199 36.5395622253418 37.4797821044922 37.7859687805176 38.0364265441895
34.4736862182617 33.9898262023926 33.8308448791504 34.0038261413574 34.1465034484863 34.0707664489746 33.5961761474609 33.2132759094238 33.8054428100586 33.1033973693848 32.9572448730469 32.9475936889648 33.7551383972168 34.9117431640625 35.0740089416504 35.8072357177734 36.7755546569824 37.8596038818359 38.7006568908691 39.0624847412109 39.3552055358887 39.3081855773926 38.8610610961914 38.5982398986816 38.794750213623 38.6536140441895 38.7387161254883 38.8793792724609 38.7740249633789 38.7514419555664 39.0198364257812 39.2287635803223 38.6727638244629 38.5863952636719 39.0809936523438 38.6168251037598 38.7215957641602 38.669303894043 38.7186279296875 38.4387092590332 37.1214141845703 36.421199798584 35.8514823913574 37.488842010498 37.9765205383301 37.8080406188965
34.9128723144531 33.6910057067871 33.6463012695312 33.764404296875 33.9093284606934 33.7820129394531 33.7890014648438 34.3548049926758 33.9923095703125 33.218132019043 34.3657455444336 34.8346519470215 35.0250282287598 34.3938941955566 34.4202728271484 35.4781494140625 36.7478294372559 38.0181579589844 38.1022491455078 38.8310966491699 39.2392845153809 39.2332382202148 38.8039054870605 38.5815467834473 37.8533325195312 38.3547630310059 38.8135795593262 38.9422912597656 39.1426811218262 39.1439628601074 39.2942199707031 39.2181854248047 39.1801071166992 39.1954612731934 39.1454315185547 38.9070739746094 38.0555534362793 38.5789108276367 38.7314338684082 38.6725883483887 38.6069793701172 37.4599876403809 37.2997589111328 38.4606056213379 38.6846580505371 38.6501388549805
34.9754676818848 33.9648094177246 33.6197280883789 33.5486145019531 33.7673149108887 33.5905303955078 34.2661399841309 35.9371032714844 35.0554046630859 34.3603668212891 36.2430152893066 36.9160690307617 36.5377349853516 34.5538024902344 34.9711952209473 35.0770034790039 37.0096588134766 37.0732688903809 36.9485855102539 37.8212051391602 38.8774681091309 39.061580657959 38.7649993896484 38.7538986206055 38.6323661804199 38.3125267028809 38.3754348754883 38.5029830932617 39.1135787963867 39.0763053894043 39.1455612182617 38.9528617858887 39.1227951049805 39.2425422668457 38.9769325256348 38.9342880249023 38.3258056640625 38.4269828796387 38.655876159668 38.4982109069824 38.8371162414551 38.8248710632324 38.7255439758301 38.7483711242676 38.8293838500977 38.7109794616699
34.6929969787598 34.0284843444824 33.8167343139648 34.006420135498 33.9428405761719 34.0523262023926 34.4730949401855 36.6325836181641 36.8201217651367 35.4772758483887 37.4428558349609 38.3584747314453 37.6661720275879 36.4707069396973 36.3984680175781 36.9899559020996 37.6454200744629 38.0856170654297 38.3824005126953 38.6626319885254 38.8615455627441 38.5986251831055 37.3453598022461 37.6116371154785 38.1042366027832 37.7399787902832 37.9359130859375 38.7117156982422 39.0446395874023 39.2194290161133 38.2508239746094 38.2091217041016 38.9385261535645 39.1921882629395 38.7557983398438 38.7557525634766 38.0265502929688 38.4844856262207 38.6532707214355 38.5116500854492 38.895565032959 38.9562568664551 38.964412689209 38.9490737915039 38.8873977661133 38.6039085388184
34.7366485595703 34.3293037414551 34.2883682250977 34.447338104248 34.6473693847656 34.8010520935059 35.6146240234375 37.3503608703613 37.2365379333496 36.7645874023438 38.1349220275879 39.1834144592285 38.408519744873 37.3102531433105 36.7803535461426 38.4245529174805 38.7585983276367 38.947925567627 39.1298866271973 39.1484489440918 38.7651519775391 38.5013465881348 38.5963363647461 38.0807800292969 38.3874626159668 38.8029098510742 38.9928665161133 39.0576858520508 39.2393913269043 39.170036315918 37.6894798278809 38.3329849243164 39.0852470397949 39.005558013916 38.6095199584961 38.5476112365723 38.392406463623 38.8393936157227 38.8531761169434 38.8487548828125 38.7990608215332 38.9312934875488 38.9619560241699 38.9591255187988 38.8828506469727 38.8343353271484
34.6859970092773 34.3883666992188 34.9492225646973 35.726448059082 35.8443756103516 36.3313217163086 37.4033966064453 38.0060424804688 37.4171714782715 37.793586730957 39.1417961120605 39.6098213195801 39.0965347290039 38.1272163391113 37.393669128418 38.3914642333984 38.3869094848633 38.6628608703613 39.3404731750488 39.5181350708008 39.241138458252 38.9084777832031 39.2139701843262 39.0332489013672 38.9082183837891 39.3176231384277 39.2195167541504 39.1397094726562 39.3656234741211 39.1561622619629 38.5884704589844 38.9921875 39.1403007507324 38.8559913635254 37.9902153015137 37.9292449951172 38.219783782959 38.8666915893555 38.5937118530273 38.5636749267578 38.559455871582 38.8087387084961 38.7809410095215 38.824951171875 38.685188293457 38.7981033325195
34.7434997558594 34.9390335083008 36.1048889160156 36.8608512878418 37.5609664916992 38.4982681274414 39.0918388366699 38.4260406494141 36.55224609375 37.1792793273926 38.6418113708496 39.6599044799805 39.2592544555664 38.9413757324219 38.0838737487793 39.0012397766113 39.1375579833984 38.5585899353027 39.277961730957 39.5889129638672 39.5371932983398 39.1172981262207 39.4191703796387 39.5071487426758 39.3614845275879 39.4233779907227 39.2490310668945 38.548038482666 39.2772445678711 39.3959159851074 39.313175201416 39.1876373291016 38.8912544250488 38.5720138549805 37.7833251953125 37.8125839233398 38.5010719299316 38.4316368103027 38.2900924682617 38.1076431274414 38.2187919616699 38.4865531921387 38.299186706543 38.6145248413086 38.1864395141602 38.5338821411133
