inst/extdata/Tmax/Tmax40.asc
NCOLS 100 
NROWS 79 
XLLCORNER 148.06 
YLLCORNER -21.49 
CELLSIZE 0.01 
NODATA_value -3.4e+38 
[rows 40 to 59 of 79, columns 0 to 45 of 100]
30.440416336059599 30.084716796875 30.9688034057617 31.6160221099854 30.797815322876 30.6678848266602 30.6526699066162 30.6411056518555 29.9063472747803 30.282564163208 30.9060573577881 32.3809928894043 32.8579711914062 31.842472076416 31.9162578582764 31.4600048065186 31.3276481628418 30.6350212097168 29.9558715820312 30.2190895080566 30.2046566009521 30.3084564208984 30.2734756469727 30.2491416931152 28.5789318084717 28.7467975616455 27.9648265838623 27.9832496643066 28.3236217498779 27.2557773590088 26.309455871582 25.2670745849609 26.9266757965088 26.7250347137451 26.204776763916 26.6207981109619 26.2006778717041 23.3884658813477 22.9001140594482 22.4637870788574 22.055419921875 21.2790184020996 20.7492618560791 20.5181312561035 20.2635669708252 22.0875015258789
30.9029865264893 30.6189155578613 30.7314701080322 31.4252319335938 31.5493202209473 31.4155654907227 30.6874465942383 31.0264549255371 30.6494941711426 31.2586860656738 31.2730922698975 32.1473808288574 32.4381637573242 32.4705657958984 31.7503108978271 32.463134765625 31.64697265625 30.6410045623779 29.921407699585 30.469934463501 30.8628044128418 31.0782794952393 30.5030250549316 29.5648002624512 27.6030101776123 27.022762298584 27.626880645752 27.7784404754639 28.0490531921387 27.5696334838867 26.4515247344971 26.3945484161377 26.7346477508545 27.3029174804688 24.4100704193115 25.4342136383057 24.8490314483643 23.3165073394775 23.1985149383545 24.7298355102539 24.5163345336914 22.2463779449463 20.3253841400146 20.2464618682861 20.2993125915527 20.6587409973145
30.8969078063965 30.8693447113037 31.1008701324463 31.1536750793457 31.0643482208252 30.9199657440186 30.902250289917 31.293664932251 31.014310836792 31.2010822296143 31.613260269165 32.3443794250488 33.1095123291016 32.5303535461426 32.5970077514648 32.0519180297852 31.9361000061035 31.7420253753662 30.9762897491455 30.9173889160156 31.2179260253906 30.4150085449219 30.3838939666748 29.6938819885254 29.8086032867432 29.189115524292 27.0998802185059 27.7979850769043 27.8070983886719 27.3097152709961 25.8155422210693 25.8216190338135 24.770435333252 24.8252487182617 23.6481609344482 24.0279560089111 21.909330368042 22.8069610595703 23.1284580230713 22.5772953033447 23.3033790588379 22.4208221435547 22.7021808624268 21.4215278625488 21.3015995025635 22.1967353820801
30.1105194091797 30.619104385376 31.029748916626 31.115592956543 31.369800567627 31.1821575164795 31.9113025665283 31.6796245574951 31.1818351745605 31.1366367340088 31.3196411132812 31.9789352416992 32.50048828125 32.6598129272461 33.0429649353027 33.0866546630859 32.6136016845703 32.3591270446777 31.3656921386719 31.2094841003418 31.2832622528076 31.1293792724609 30.5264415740967 29.1612339019775 29.4011383056641 29.2881641387939 28.8399200439453 28.5440216064453 27.7697372436523 27.9937114715576 26.8484592437744 26.4507942199707 27.8089027404785 26.5777702331543 26.8951244354248 20.9130477905273 21.4858360290527 21.6185436248779 21.8493118286133 21.5052833557129 21.1802673339844 21.8812999725342 21.5518608093262 22.3562202453613 24.0321044921875 26.3335418701172
29.7807178497314 30.4545841217041 30.3822269439697 30.3831195831299 31.0253086090088 31.185525894165 31.2387504577637 31.4365940093994 31.2673931121826 31.4899711608887 31.2908306121826 32.1599655151367 32.2403831481934 32.8717880249023 33.1571998596191 32.943359375 32.531364440918 32.6956100463867 32.515754699707 32.3313751220703 31.7513179779053 31.5608654022217 30.751932144165 31.2867050170898 30.5800800323486 29.4325046539307 29.4677600860596 28.7745895385742 29.0933017730713 28.2049446105957 27.9536018371582 27.5285320281982 27.9963569641113 29.7926979064941 29.7469100952148 21.713493347168 20.5076446533203 20.556999206543 20.6916904449463 21.2111434936523 20.9942054748535 21.4663486480713 20.8857326507568 21.6076145172119 23.1639442443848 26.2927627563477
30.9190521240234 30.3625602722168 29.8814220428467 30.0116691589355 30.6984386444092 30.6341152191162 30.9518013000488 31.3718166351318 31.4897499084473 31.4199352264404 31.2757663726807 31.7790107727051 31.6236419677734 32.7475929260254 33.3879623413086 32.9117317199707 32.3956489562988 32.970043182373 32.186107635498 31.9059371948242 31.8112964630127 31.4584522247314 30.9301090240479 29.7990398406982 30.4693355560303 30.4235458374023 28.9079627990723 29.2883834838867 29.4345588684082 28.3600959777832 27.1862163543701 27.1041412353516 28.1762180328369 28.2097091674805 30.2613983154297 26.846607208252 21.3140754699707 20.5681343078613 20.6440830230713 21.4112358093262 20.7141895294189 21.1291885375977 21.6192378997803 21.6548633575439 22.7113037109375 23.474739074707
29.6089649200439 30.0820121765137 30.5377521514893 29.7946662902832 29.6827716827393 30.1595897674561 30.8542156219482 31.021110534668 31.0481109619141 30.8549938201904 31.4691200256348 31.6020889282227 30.7060089111328 31.4013195037842 32.8479270935059 31.678783416748 31.733757019043 32.8358345031738 32.6067428588867 31.3146858215332 31.4997692108154 31.1502494812012 31.227014541626 31.5109786987305 28.8572788238525 29.2404365539551 29.2191162109375 29.3990211486816 29.5493965148926 29.6807460784912 28.0095081329346 27.5070095062256 27.1182136535645 27.4193382263184 28.8721160888672 28.8196353912354 21.5307998657227 21.6982955932617 21.5776863098145 22.236686706543 21.5368309020996 21.445650100708 21.6902275085449 27.3119926452637 22.9594821929932 22.0339984893799
30.9253616333008 29.6998062133789 30.6430053710938 29.5465908050537 29.5527973175049 29.8341083526611 30.0720367431641 30.0134353637695 29.9028377532959 30.5633869171143 30.3289527893066 30.4057903289795 30.7982692718506 31.6746826171875 32.5678405761719 32.736442565918 32.1350364685059 32.5606727600098 32.407112121582 31.4193458557129 32.0330772399902 31.9610443115234 30.6196632385254 30.8535480499268 30.5562992095947 31.2974395751953 30.8686618804932 30.2206363677979 30.3096790313721 30.1745414733887 29.507942199707 28.7607841491699 27.4926128387451 28.520580291748 28.5183238983154 27.4623012542725 27.1350612640381 25.1196994781494 22.9596271514893 22.9435520172119 22.4340839385986 22.3359394073486 22.3602390289307 22.2018032073975 21.5602760314941 21.2855739593506
32.3166160583496 30.4307308197021 29.1338043212891 28.8038501739502 28.957311630249 30.0629577636719 29.5866355895996 29.4875793457031 29.4219131469727 30.2865028381348 30.4671096801758 30.2758083343506 30.7727088928223 31.8556499481201 32.7235260009766 31.8711814880371 31.9007015228271 31.5728397369385 32.100399017334 31.0388107299805 31.1812992095947 32.1592826843262 31.9251613616943 31.6278400421143 31.019136428833 30.4422779083252 31.4203433990479 32.0263328552246 31.4418621063232 30.3191795349121 29.3329238891602 29.3805828094482 28.4663200378418 28.2451725006104 28.2193756103516 28.2523899078369 28.5665035247803 28.3979034423828 28.5106182098389 26.784984588623 21.7919006347656 21.8419971466064 22.1231861114502 21.7336387634277 21.6870460510254 21.3445281982422
32.5453987121582 31.5325336456299 30.5679244995117 28.6918697357178 28.6348457336426 28.7422790527344 29.3362808227539 29.4822940826416 29.5034885406494 30.9354496002197 31.8041706085205 31.2979030609131 30.9021492004395 31.0851440429688 31.244291305542 31.320951461792 31.8499774932861 32.0344085693359 31.6569519042969 32.3420562744141 31.1885852813721 31.7055530548096 32.0934181213379 31.9631576538086 31.4789047241211 31.9905967712402 30.3852252960205 31.4473991394043 30.8570785522461 30.1937522888184 29.1954669952393 29.7334842681885 27.7986221313477 27.7445678710938 27.9784049987793 24.6335277557373 28.7129020690918 28.4250183105469 28.1036243438721 28.2258796691895 26.8327693939209 21.6933612823486 21.4176216125488 23.6723937988281 23.6289768218994 24.1748828887939
32.9018478393555 32.048583984375 31.5506229400635 29.1298732757568 29.0636787414551 28.6441535949707 28.8203125 29.4812240600586 29.4273014068604 30.6882553100586 31.8401260375977 31.6677494049072 31.804988861084 32.190113067627 32.028507232666 31.6417999267578 31.9430522918701 31.9467391967773 31.9753799438477 31.184326171875 32.1400489807129 31.9462356567383 31.6651363372803 31.2093696594238 30.9344444274902 30.9285736083984 30.534969329834 29.963846206665 30.8916358947754 30.6568813323975 29.5093173980713 29.6895141601562 28.17311668396 28.3481941223145 26.6843204498291 27.7307033538818 27.6659278869629 28.1071834564209 27.9476261138916 28.0272674560547 27.6117458343506 26.8866481781006 25.6343688964844 24.8067684173584 23.4505672454834 23.3328475952148
32.6669845581055 32.8349838256836 31.6906795501709 29.9660415649414 29.654483795166 30.0230960845947 29.4087409973145 28.9860019683838 28.311824798584 29.2942123413086 31.3554973602295 32.0256729125977 32.2634162902832 31.4823741912842 32.0629501342773 32.001880645752 32.1617584228516 32.5195922851562 32.6577796936035 31.4648380279541 32.3294486999512 32.2322235107422 30.8481311798096 30.8654918670654 30.7178382873535 29.8386840820312 29.7183799743652 29.90159034729 30.7090682983398 31.4041080474854 31.2268409729004 29.0885467529297 28.719274520874 27.7558994293213 27.4267063140869 26.9028358459473 26.9757404327393 27.7266864776611 27.6890087127686 27.6972732543945 26.9626693725586 26.6963901519775 26.2183132171631 25.3325443267822 21.5085964202881 21.3252334594727
32.110034942627 32.720458984375 32.417163848877 28.8200740814209 28.2447967529297 29.1055526733398 29.0142822265625 29.187593460083 28.3005828857422 28.5286026000977 30.3761615753174 30.0861186981201 30.9725360870361 32.0857009887695 31.7091655731201 32.1312446594238 32.329460144043 32.6164627075195 32.4953727722168 32.3867378234863 32.3397102355957 32.1474914550781 31.9925537109375 30.8877849578857 31.8171577453613 31.4940528869629 30.0953350067139 30.1745948791504 30.2955169677734 30.9966773986816 31.0582237243652 29.6876544952393 28.6869125366211 28.0262432098389 27.9843788146973 28.7356872558594 26.8990325927734 26.6152820587158 27.3367729187012 28.4316921234131 28.3485527038574 27.6303482055664 27.5561447143555 26.7388324737549 21.8157749176025 21.2267608642578
32.4012031555176 31.8991661071777 31.840274810791 29.6361541748047 28.5191116333008 29.7304210662842 29.7567863464355 29.1811580657959 28.3899879455566 28.5346260070801 30.1846504211426 29.7276096343994 31.7591667175293 31.7475452423096 31.6307411193848 32.4809265136719 32.160888671875 32.5631675720215 31.353343963623 32.1917610168457 32.2986335754395 32.3780250549316 32.2029724121094 31.3878345489502 30.7508163452148 30.9596252441406 30.9555473327637 30.3960132598877 29.9049472808838 30.2580680847168 30.6397571563721 30.9888134002686 31.0057792663574 30.1814022064209 29.1601409912109 29.7614250183105 28.3878536224365 27.504264831543 26.2150363922119 27.6448097229004 28.6522426605225 28.8125495910645 28.2155017852783 27.9726581573486 25.430347442627 24.9834823608398
32.1180534362793 31.2891883850098 31.5194339752197 30.6147384643555 30.0888748168945 29.8603534698486 30.395902633667 29.9252090454102 30.2139377593994 29.2980766296387 29.352466583252 30.191442489624 30.4588623046875 31.4107189178467 32.1718254089355 32.3525161743164 32.28369140625 32.4802169799805 32.456428527832 31.6468868255615 31.6717205047607 32.3342132568359 31.9132881164551 32.3964080810547 31.5899219512939 30.9208030700684 30.3872241973877 30.7824726104736 29.373851776123 30.5264511108398 30.1229782104492 29.6621932983398 30.6839504241943 30.4295787811279 31.3342971801758 28.9928436279297 29.0781860351562 29.6821441650391 29.3463916778564 28.0288066864014 28.0024967193604 27.2086639404297 26.4501419067383 25.6381225585938 25.77978515625 22.6778545379639
32.2128868103027 32.2519378662109 32.113109588623 31.0691738128662 30.7110786437988 30.5520286560059 30.9851245880127 31.3863124847412 30.5857620239258 29.4519844055176 30.2518081665039 31.6304225921631 31.3734931945801 32.3544387817383 32.1498336791992 32.2609100341797 31.011962890625 31.6291313171387 31.7799472808838 31.8184661865234 31.4647026062012 31.5528564453125 31.1886806488037 31.8182315826416 31.4710559844971 31.7281932830811 30.8555812835693 31.207311630249 30.1215209960938 30.5566654205322 30.6573829650879 30.1479225158691 29.485912322998 29.4942512512207 29.9936904907227 30.6209201812744 30.2839584350586 30.1459102630615 29.3429050445557 27.7114009857178 27.0799694061279 27.8591175079346 25.7954769134521 22.2225914001465 22.6655807495117 22.4594097137451
31.7272624969482 32.1384048461914 31.7085571289062 32.3059730529785 31.1294269561768 29.8114852905273 30.5014991760254 31.2901458740234 30.9148941040039 30.1489753723145 30.0568790435791 31.8649616241455 32.253246307373 31.1225414276123 31.7654800415039 32.174976348877 30.9226551055908 31.3408298492432 31.647741317749 30.7650909423828 30.9907131195068 31.32200050354 31.5540218353271 31.4389705657959 31.4766025543213 31.4052753448486 31.2038192749023 30.6961116790771 30.3887119293213 30.8744411468506 29.1777763366699 29.9528217315674 28.3269214630127 28.3952598571777 28.8886241912842 30.0579605102539 29.4020709991455 28.3223114013672 28.2639293670654 23.5185375213623 23.1485462188721 26.6881904602051 25.4230842590332 21.7769031524658 22.2733211517334 22.445779800415
32.2047004699707 32.5206146240234 32.1444816589355 31.931079864502 31.46559715271 31.7227306365967 30.627347946167 30.5408153533936 30.9666595458984 30.8663311004639 29.5651702880859 30.8895950317383 32.2663230895996 31.9855041503906 31.5736427307129 32.1163597106934 31.5585689544678 31.3455810546875 30.0132122039795 31.2724266052246 31.6124687194824 31.7129802703857 30.8826122283936 31.36989402771 32.0737800598145 31.4058589935303 31.233699798584 30.7430362701416 30.8334674835205 31.2986793518066 30.6101875305176 30.4788112640381 30.2606639862061 29.6969566345215 28.5510787963867 28.6591930389404 29.5882682800293 28.7855033874512 27.5846271514893 23.3809261322021 23.2530727386475 27.382381439209 22.7981338500977 22.5050754547119 21.8502388000488 22.0438537597656
32.4494514465332 32.4066200256348 32.524974822998 32.1570739746094 32.0924949645996 31.4488544464111 30.4479351043701 30.2128314971924 30.481086730957 29.5697898864746 29.8996829986572 31.9738483428955 31.7258815765381 32.4288368225098 31.5467662811279 31.6046085357666 30.4183788299561 30.2811450958252 30.2529907226562 30.3054180145264 30.401252746582 30.7647571563721 30.0757904052734 30.7422389984131 31.9720630645752 31.3181495666504 30.9561443328857 31.0366611480713 30.8572864532471 31.3665885925293 30.5543785095215 30.5127506256104 30.3574352264404 29.7916202545166 29.702751159668 28.6403064727783 28.600133895874 28.1474876403809 24.0277156829834 23.9181060791016 23.6072559356689 26.8049011230469 22.8994541168213 22.0911998748779 22.1481113433838 22.0561141967773
32.2612533569336 31.6600399017334 32.4014129638672 31.3559436798096 32.0808143615723 30.8522052764893 30.7482643127441 30.0707206726074 30.4735336303711 29.6045951843262 29.6638565063477 29.3339805603027 31.2162265777588 32.0881690979004 32.05078125 31.3332653045654 30.1972713470459 30.3023319244385 30.2083549499512 29.5465831756592 29.9156360626221 31.2949714660645 30.3336009979248 30.7125511169434 30.7822456359863 31.2508487701416 31.0776786804199 30.8812522888184 31.0612926483154 31.7056713104248 30.7452774047852 30.3333549499512 29.9240684509277 30.6987457275391 30.3290901184082 29.9164409637451 29.2261867523193 28.0123023986816 27.4616527557373 27.4302597045898 26.7632999420166 26.796459197998 26.035795211792 22.2096824645996 22.1026668548584 22.0961360931396
