inst/extdata/Tmax/Tmax12.asc
NCOLS 100 
NROWS 79 
XLLCORNER 148.06 
YLLCORNER -21.49 
CELLSIZE 0.01 
NODATA_value -3.4e+38 
[rows 20 to 39 of 79, columns 46 to 91 of 100]
25.9524440765381 24.1641826629639 23.7954521179199 25.1173763275146 24.7370910644531 24.2694282531738 23.2502250671387 22.3969669342041 24.4934005737305 26.3875846862793 27.1750450134277 27.4455699920654 27.3179740905762 28.0786361694336 26.9619426727295 27.4437274932861 27.6683807373047 28.1870956420898 29.4319019317627 29.2469253540039 31.0591011047363 33.1887855529785 34.2851753234863 33.9521484375 32.4423408508301 32.8095359802246 33.5216445922852 32.0006484985352 31.0427589416504 31.8911018371582 31.1000118255615 31.833345413208 32.1991271972656 33.0195503234863 32.7249717712402 31.2925300598145 30.6835041046143 30.5423450469971 31.9501457214355 33.2770576477051 32.2894134521484 32.816104888916 31.9324512481689 31.5622043609619 31.7294368743896 32.4648933410645
28.5009937286377 23.2637500762939 22.9507484436035 23.947473526001 23.7132472991943 23.0920295715332 23.9118843078613 22.744176864624 23.4753932952881 25.853982925415 28.153844833374 25.5399169921875 24.8873329162598 27.2912712097168 25.6069889068604 25.5571880340576 26.5030288696289 28.247615814209 28.0420703887939 28.7263069152832 31.2945575714111 33.6377296447754 28.3425998687744 28.1260929107666 31.4971542358398 33.1354522705078 34.339038848877 30.8281192779541 31.6688690185547 30.5343589782715 30.9165954589844 30.8636302947998 31.4170074462891 30.8233261108398 32.3655281066895 32.1381950378418 32.0064697265625 32.2183456420898 31.3665294647217 34.5215110778809 33.2532196044922 31.9992656707764 30.7847900390625 30.0505962371826 29.3136215209961 29.5630855560303
29.6035251617432 25.4933471679688 23.8876247406006 23.682222366333 22.8969688415527 23.739429473877 23.1223278045654 23.647554397583 23.0242233276367 23.7350997924805 26.201868057251 26.6419010162354 25.2453384399414 25.302978515625 25.0978736877441 25.8065910339355 26.8185005187988 27.4034957885742 26.0317249298096 27.4194812774658 33.2098426818848 31.4311618804932 27.9075012207031 26.9548015594482 27.5924968719482 27.7418460845947 30.891263961792 33.513614654541 30.2088470458984 33.0451469421387 33.9933662414551 35.3219413757324 32.458683013916 31.3319396972656 32.2230262756348 32.6702499389648 33.9719772338867 33.5553207397461 34.8143692016602 32.9957695007324 31.9736614227295 32.8127212524414 32.0026054382324 32.0773506164551 28.1575489044189 28.2994556427002
29.3794956207275 25.2137470245361 24.8542747497559 23.7462520599365 22.002649307251 23.362232208252 24.0609321594238 23.4370460510254 23.4228801727295 23.6995391845703 24.7490100860596 24.13889503479 25.387279510498 24.3173961639404 28.6991004943848 30.370174407959 26.2839546203613 26.7448654174805 25.5993614196777 27.3600635528564 31.9924430847168 30.5503311157227 28.9877052307129 26.0998497009277 27.1311836242676 27.8009757995605 28.0705051422119 32.2410011291504 31.7230663299561 30.1903514862061 31.4575824737549 31.6626949310303 32.1357955932617 31.6989307403564 31.613941192627 31.7502403259277 32.5568466186523 33.6438903808594 33.9352226257324 33.9304580688477 33.5055236816406 33.0362510681152 31.5775279998779 31.8157939910889 30.1464500427246 27.6020946502686
27.783224105835 28.1171092987061 28.3311176300049 24.8991718292236 24.4715137481689 23.7225170135498 23.3204383850098 23.4284267425537 24.0485000610352 23.4874801635742 23.7982559204102 23.3613452911377 25.0067749023438 32.0135116577148 24.8936347961426 26.2120704650879 27.213399887085 27.6169967651367 27.1279640197754 28.7891826629639 31.4820957183838 31.2071056365967 28.1761798858643 27.1320819854736 27.4613876342773 28.1584548950195 27.76780128479 27.9091300964355 27.8745708465576 31.8537483215332 33.5097045898438 32.8924751281738 31.499568939209 32.1721115112305 30.8253898620605 30.3177280426025 32.8772430419922 27.8183078765869 32.4944076538086 33.6572456359863 33.9761924743652 32.0096130371094 34.0507125854492 32.9951210021973 31.6201190948486 29.4395847320557
22.8563251495361 23.711727142334 24.4441680908203 24.3616237640381 23.8119659423828 22.9965915679932 22.6486740112305 22.3109531402588 23.4008560180664 23.8176345825195 23.5483493804932 23.5058555603027 25.1503734588623 26.8746643066406 26.6939220428467 26.7251243591309 26.8743190765381 30.291711807251 31.6375293731689 28.7526626586914 28.6751861572266 28.5583152770996 26.8814144134521 26.713508605957 26.9682807922363 27.8288612365723 27.8249588012695 27.0056819915771 30.566068649292 28.9829998016357 33.4934463500977 32.5983200073242 33.670295715332 30.874870300293 31.5305843353271 30.3100624084473 31.9496879577637 29.906457901001 29.9676208496094 33.5873603820801 29.7235088348389 27.4803352355957 27.2145042419434 32.181224822998 32.7575874328613 30.2572917938232
22.6562252044678 22.7157688140869 23.2030944824219 23.6278381347656 23.8705501556396 21.9349002838135 21.6687526702881 22.4289798736572 23.0072021484375 23.6533279418945 23.8467407226562 24.386568069458 26.3069667816162 27.4137439727783 27.5732097625732 27.8487129211426 29.3088436126709 29.5996360778809 29.5524787902832 28.4227714538574 28.1877880096436 29.3220920562744 29.5545272827148 29.3076019287109 32.0642395019531 27.4947242736816 29.9359970092773 29.7767848968506 28.4599914550781 27.8454303741455 27.2319030761719 34.9652252197266 30.3116283416748 30.9793510437012 32.5586433410645 31.5362091064453 32.0411186218262 30.8357849121094 28.160514831543 28.4121246337891 33.3437728881836 31.7845230102539 28.250659942627 27.8963966369629 31.9644565582275 31.1707458496094
23.1249332427979 22.5557689666748 22.7502174377441 22.8685760498047 23.3380069732666 21.6463737487793 21.4040184020996 21.4540843963623 22.8596572875977 23.6747665405273 23.2443027496338 23.3801345825195 24.712718963623 25.9752578735352 27.5744361877441 27.1215553283691 28.0976638793945 29.6705551147461 28.2839202880859 27.092752456665 28.183292388916 29.4374141693115 31.4454975128174 34.0558891296387 33.6334648132324 33.4131622314453 29.5206432342529 30.617504119873 28.8994998931885 27.9162006378174 27.6993789672852 33.0695304870605 31.3985595703125 30.1920413970947 30.9665641784668 31.044792175293 31.0366287231445 31.7239055633545 28.4561138153076 27.1488971710205 26.8302917480469 26.4243450164795 30.597412109375 27.3113956451416 28.2752380371094 30.3282794952393
23.8669052124023 23.2266750335693 23.3205451965332 22.8470973968506 22.9920063018799 21.7413196563721 22.8406867980957 22.4740047454834 22.811128616333 22.950553894043 23.0976715087891 23.3594589233398 23.4026908874512 25.1850433349609 26.8120021820068 26.3459568023682 28.0030536651611 29.0486068725586 28.2275238037109 26.8019104003906 27.1129455566406 31.3307838439941 32.3147583007812 34.110523223877 33.6833877563477 34.6850662231445 31.0128078460693 33.3739891052246 30.6933689117432 27.5684814453125 27.6781177520752 31.9130268096924 32.0897331237793 31.8098373413086 29.9276752471924 30.704906463623 31.9633693695068 31.9967517852783 33.922679901123 30.5979099273682 32.6524047851562 31.1845169067383 26.5381622314453 27.0910987854004 32.5998878479004 31.6556015014648
24.7175407409668 24.617956161499 24.0187206268311 24.1361331939697 23.4185009002686 23.1567497253418 23.1810836791992 22.1814746856689 22.6600761413574 22.5311374664307 21.8409423828125 22.9471893310547 23.1853199005127 25.0481052398682 25.92555809021 24.7976913452148 26.3716812133789 27.0976028442383 27.3079624176025 27.5720195770264 27.3796577453613 29.2219638824463 29.9295196533203 32.2426261901855 34.4046325683594 32.3811073303223 32.4624176025391 30.9144973754883 31.0008373260498 27.2554759979248 27.6236705780029 30.3995513916016 31.4579257965088 30.0955905914307 31.6586494445801 29.7390289306641 31.8003349304199 30.4524154663086 32.5360488891602 28.7541694641113 27.5597743988037 26.9823818206787 28.9613018035889 26.2280349731445 28.0805149078369 29.7284698486328
23.5060939788818 23.3357219696045 23.5644245147705 23.4290904998779 23.3784961700439 23.4090118408203 22.25390625 22.2939147949219 21.7102146148682 22.2394771575928 21.2898845672607 22.7227382659912 22.249870300293 23.765495300293 24.8311290740967 23.6893329620361 23.9852085113525 26.3259525299072 27.5426177978516 29.2007579803467 28.2373752593994 28.894603729248 30.0038604736328 30.5079975128174 30.6267986297607 31.1844444274902 32.0700569152832 33.3510131835938 33.3513984680176 31.8476829528809 29.525541305542 30.8102416992188 31.9359073638916 31.3966026306152 33.5143508911133 34.347469329834 31.2453994750977 30.0526180267334 30.2453212738037 31.0400886535645 30.3495063781738 29.4165554046631 27.1693916320801 31.717679977417 32.3180198669434 29.3554973602295
22.7521800994873 23.3302383422852 23.5085678100586 23.4338779449463 22.6690330505371 23.4713344573975 22.4488792419434 21.496768951416 20.9104061126709 20.7835159301758 20.9180812835693 21.4284076690674 28.7335834503174 24.0327014923096 23.7634925842285 23.6392803192139 25.7833423614502 27.0108547210693 27.7846336364746 28.4575481414795 31.6320190429688 30.4175872802734 30.8136119842529 30.3257312774658 30.9233932495117 32.3737640380859 34.558479309082 32.1765518188477 32.7722320556641 29.6029148101807 27.8555068969727 31.0869235992432 31.3531646728516 29.9311485290527 32.5731582641602 34.4445915222168 33.3894805908203 30.2377376556396 30.8247566223145 33.3024673461914 28.805212020874 27.9044628143311 29.767972946167 29.3173294067383 31.6831665039062 31.2093639373779
22.6887111663818 23.0641670227051 23.0643730163574 23.3356285095215 23.329029083252 23.253173828125 23.1609687805176 22.1424255371094 21.7673816680908 21.8146476745605 20.955696105957 21.046049118042 21.9127578735352 23.7526321411133 23.7009391784668 24.653169631958 25.0961227416992 25.8301811218262 27.6070957183838 28.356258392334 29.8818531036377 29.8262557983398 29.8436946868896 29.5985221862793 30.4849300384521 32.462028503418 34.3641510009766 30.9937400817871 27.5526676177979 27.6741561889648 27.8780746459961 31.97047996521 33.4360504150391 29.8680992126465 32.4945335388184 34.1556053161621 30.4399509429932 30.4480972290039 31.6424465179443 32.5420150756836 32.753604888916 32.0250701904297 25.7359008789062 26.9101181030273 27.0091381072998 27.3904647827148
22.8955211639404 22.2724285125732 22.5298233032227 23.1418018341064 23.2561550140381 23.1966571807861 22.8540000915527 22.4183692932129 22.8175754547119 22.4357509613037 22.115364074707 22.0001583099365 23.0422306060791 23.5143585205078 23.3050441741943 24.6840190887451 25.6667613983154 26.6414928436279 27.6086502075195 27.9676856994629 30.9085330963135 33.7255058288574 34.9758949279785 28.4045639038086 28.4575519561768 28.4718971252441 28.2586822509766 30.9183692932129 29.9453868865967 31.557933807373 31.0085525512695 31.5626087188721 30.402156829834 32.250545501709 32.7583923339844 28.2682914733887 31.5306663513184 31.3132400512695 33.0052719116211 33.0333709716797 29.837194442749 30.9058570861816 30.1199722290039 29.1072425842285 29.3376331329346 28.8102626800537
23.9036560058594 22.7393608093262 22.6173477172852 22.2509002685547 23.0164813995361 22.9289512634277 22.9004402160645 23.5437240600586 23.1688194274902 22.4264850616455 22.9111671447754 23.3485164642334 23.8190441131592 22.7745494842529 23.1696758270264 24.2007160186768 25.9572868347168 27.341064453125 26.7928848266602 28.1325492858887 30.325590133667 33.2641563415527 33.8199119567871 28.3382759094238 27.378776550293 27.8339939117432 28.5233955383301 28.6600360870361 30.3290920257568 30.5816421508789 33.3774185180664 34.7221717834473 35.3032455444336 32.9480628967285 33.8579254150391 30.5189437866211 31.3763160705566 31.8249816894531 31.0981559753418 32.1310691833496 32.814624786377 29.9127140045166 27.4790077209473 30.4833278656006 30.1741466522217 31.0179672241211
23.6152057647705 22.8747310638428 22.6544151306152 22.6973114013672 22.9008960723877 22.8122215270996 23.3296413421631 24.3155879974365 29.7153377532959 22.5495529174805 24.6139640808105 25.3675193786621 25.2462615966797 23.0035266876221 23.747932434082 23.8712196350098 25.4258003234863 25.8963222503662 25.8106479644775 27.1614627838135 28.240779876709 28.9057502746582 30.6338596343994 33.7588272094727 28.7232360839844 28.0249900817871 27.5161800384521 27.7339611053467 30.9802169799805 35.247932434082 31.4988555908203 28.6098823547363 34.4238433837891 32.595085144043 32.2504043579102 28.9720706939697 30.8491306304932 30.1770172119141 33.8901977539062 33.489501953125 31.7461757659912 31.8073501586914 31.2655467987061 31.3882064819336 31.5038166046143 32.840503692627
23.0463047027588 22.8860549926758 22.6838283538818 22.9938049316406 23.0814952850342 23.2567405700684 23.4071063995361 25.270751953125 25.3890933990479 23.7168464660645 26.3590183258057 27.2269859313965 26.6686267852783 24.8763465881348 24.9867877960205 25.801212310791 26.5280475616455 27.3061943054199 27.6725025177002 27.9782276153564 28.3269500732422 28.6659507751465 26.4990615844727 26.6949710845947 27.3843555450439 26.8294773101807 27.2958793640137 33.2348098754883 31.0298042297363 34.7595291137695 27.7734508514404 27.1495761871338 28.0916500091553 31.8791484832764 32.4338531494141 31.2684574127197 29.5027980804443 31.001838684082 30.7749633789062 31.7219123840332 33.0706672668457 33.9664878845215 33.7921371459961 33.5571174621582 32.3498992919922 32.639274597168
23.1675128936768 23.9018955230713 22.8436336517334 23.3258037567139 23.3737411499023 24.03759765625 24.4335231781006 28.1148357391357 26.1283588409424 25.7288398742676 27.1862545013428 28.374605178833 27.4634380340576 26.2874584197998 26.2886734008789 27.7980899810791 28.295482635498 28.3429145812988 29.5556907653809 29.2525863647461 30.6572666168213 29.0470008850098 28.2652587890625 27.6050930023193 28.0140857696533 28.4563865661621 31.1520805358887 30.2213478088379 30.1294250488281 30.3429718017578 28.8100185394287 29.9455757141113 29.0825576782227 31.5637969970703 28.2997646331787 31.8137054443359 32.7538948059082 32.7307777404785 32.6636657714844 30.0498924255371 30.6221160888672 32.1763496398926 31.3254299163818 32.5190391540527 33.035099029541 33.0844650268555
24.6303901672363 24.5452747344971 23.3065547943115 24.3275203704834 24.4021053314209 24.7344818115234 25.7093639373779 27.1825504302979 26.0456027984619 26.6888370513916 28.8151779174805 30.531774520874 28.484432220459 27.3443508148193 26.3849830627441 27.6001052856445 27.5200004577637 28.1047172546387 29.236141204834 33.874885559082 29.1780490875244 29.4566822052002 31.71702003479 31.023416519165 30.7845783233643 30.5677490234375 32.2274932861328 31.4557228088379 32.0663833618164 31.4581356048584 29.7127742767334 30.490514755249 32.3838958740234 32.0589408874512 27.9497699737549 27.2545108795166 27.7436237335205 29.0799427032471 28.5628108978271 30.6134567260742 34.1849174499512 33.8189163208008 30.8253383636475 30.1814079284668 28.6433963775635 28.8645839691162
23.8389511108398 23.8418655395508 24.0043354034424 25.6402568817139 26.3920307159424 27.2065315246582 28.4580955505371 26.8129844665527 25.433464050293 26.0487155914307 27.1585750579834 29.452465057373 28.9399013519287 28.4382915496826 27.2117938995361 29.912389755249 29.7199954986572 31.7200183868408 34.2872085571289 32.2096176147461 32.4565086364746 31.1234683990479 30.5710983276367 31.0006160736084 31.0884399414062 30.7013931274414 30.6330490112305 30.2653141021729 30.9512825012207 32.0670738220215 31.4056339263916 30.8200836181641 28.659761428833 28.3473148345947 27.087345123291 30.2773532867432 31.7290554046631 28.1676063537598 28.1027088165283 27.8969879150391 27.800853729248 30.5517272949219 30.0383377075195 31.2797031402588 29.7643013000488 29.2806644439697
