inst/extdata/Tmax/Tmax74.asc
NCOLS 100 
NROWS 79 
XLLCORNER 148.06 
YLLCORNER -21.49 
CELLSIZE 0.01 
NODATA_value -3.4e+38 
[rows 0 to 19 of 79, columns 46 to 91 of 100]
31.2450046539307 31.0844459533691 31.0081481933594 31.0440254211426 31.0595474243164 30.9683513641357 31.2234878540039 31.0719661712646 30.8971614837646 30.7396697998047 30.6879711151123 30.4338111877441 30.3637104034424 30.6368274688721 30.9612007141113 30.9164600372314 30.8221740722656 30.6822204589844 30.4115123748779 30.2633991241455 30.1868019104004 -3.4e+38 -3.4e+38 -3.4e+38 -3.4e+38 -3.4e+38 -3.4e+38 -3.4e+38 -3.4e+38 -3.4e+38 -3.4e+38 -3.4e+38 -3.4e+38 -3.4e+38 -3.4e+38 -3.4e+38 -3.4e+38 -3.4e+38 -3.4e+38 -3.4e+38 -3.4e+38 -3.4e+38 -3.4e+38 -3.4e+38 -3.4e+38 -3.4e+38
31.1666641235352 30.8938179016113 30.6813526153564 30.9929256439209 31.202091217041 31.2407321929932 31.2189712524414 31.1412906646729 30.8092193603516 30.3719673156738 30.5564575195312 30.0166683197021 30.5989646911621 30.9600791931152 30.9723281860352 30.91530418396 30.8357410430908 30.7293128967285 30.5594139099121 30.4976272583008 30.4390048980713 30.3302383422852 -3.4e+38 -3.4e+38 -3.4e+38 -3.4e+38 -3.4e+38 -3.4e+38 -3.4e+38 -3.4e+38 -3.4e+38 -3.4e+38 -3.4e+38 -3.4e+38 -3.4e+38 -3.4e+38 -3.4e+38 -3.4e+38 -3.4e+38 -3.4e+38 -3.4e+38 -3.4e+38 -3.4e+38 -3.4e+38 -3.4e+38 -3.4e+38
31.0321388244629 30.2529544830322 29.3772983551025 30.9101428985596 31.154748916626 31.2000617980957 31.2056007385254 31.1812477111816 30.9691772460938 30.3686370849609 30.5090484619141 30.6899967193604 30.8055782318115 30.9993343353271 30.995943069458 30.9315128326416 30.8733215332031 30.8038539886475 30.7030162811279 30.4998207092285 30.5065441131592 30.3725452423096 30.1767902374268 29.9302883148193 -3.4e+38 -3.4e+38 -3.4e+38 -3.4e+38 -3.4e+38 -3.4e+38 -3.4e+38 -3.4e+38 -3.4e+38 -3.4e+38 -3.4e+38 -3.4e+38 -3.4e+38 -3.4e+38 -3.4e+38 -3.4e+38 -3.4e+38 -3.4e+38 -3.4e+38 -3.4e+38 -3.4e+38 -3.4e+38
30.5162487030029 30.6212749481201 29.4739627838135 30.7296199798584 30.9701900482178 31.0661678314209 31.1623077392578 31.090877532959 30.9840087890625 30.6606903076172 30.5878162384033 30.3441829681396 30.7518424987793 30.922966003418 30.9808673858643 30.9166088104248 30.8902740478516 30.8505382537842 30.7332954406738 30.3721046447754 30.221607208252 30.2755527496338 30.2476844787598 30.1990242004395 30.0627479553223 29.7028636932373 -3.4e+38 -3.4e+38 -3.4e+38 -3.4e+38 -3.4e+38 -3.4e+38 -3.4e+38 -3.4e+38 -3.4e+38 -3.4e+38 -3.4e+38 -3.4e+38 -3.4e+38 -3.4e+38 -3.4e+38 -3.4e+38 -3.4e+38 -3.4e+38 -3.4e+38 -3.4e+38
30.4612693786621 30.5240173339844 29.2511863708496 29.539529800415 30.4338130950928 31.0159702301025 31.1368560791016 31.0186157226562 31.0197677612305 30.7144241333008 30.4345016479492 30.2589321136475 29.874174118042 30.597053527832 30.8984203338623 30.8444595336914 30.9125957489014 30.8908042907715 30.6656360626221 29.8930988311768 29.3727951049805 30.2145481109619 30.3311786651611 30.2939682006836 30.0830783843994 29.8466815948486 -3.4e+38 -3.4e+38 -3.4e+38 -3.4e+38 -3.4e+38 -3.4e+38 -3.4e+38 -3.4e+38 -3.4e+38 -3.4e+38 -3.4e+38 -3.4e+38 -3.4e+38 -3.4e+38 -3.4e+38 -3.4e+38 -3.4e+38 -3.4e+38 -3.4e+38 -3.4e+38
29.4979305267334 30.3345413208008 28.7011318206787 28.0528945922852 30.0043430328369 31.0559368133545 31.0157165527344 30.9862937927246 30.9593124389648 30.5530128479004 29.5955905914307 29.263032913208 29.6567077636719 30.6946201324463 30.6229648590088 30.836820602417 30.917818069458 30.8741416931152 30.8059062957764 30.1444511413574 29.3761940002441 29.4794292449951 30.065767288208 30.173412322998 30.1857738494873 30.131799697876 -3.4e+38 -3.4e+38 -3.4e+38 -3.4e+38 -3.4e+38 -3.4e+38 -3.4e+38 -3.4e+38 -3.4e+38 -3.4e+38 -3.4e+38 -3.4e+38 -3.4e+38 -3.4e+38 -3.4e+38 -3.4e+38 -3.4e+38 -3.4e+38 -3.4e+38 -3.4e+38
28.5432281494141 30.2738838195801 29.6300029754639 29.5749588012695 30.6605491638184 30.9766864776611 30.8201026916504 30.7314796447754 30.9250564575195 30.434440612793 29.6859512329102 29.7054691314697 30.454252243042 30.6197471618652 29.652853012085 30.6440925598145 30.7396507263184 30.7734680175781 30.8405799865723 30.5673637390137 30.1831893920898 29.9128646850586 30.1849155426025 29.9549160003662 30.2568645477295 30.3192672729492 30.2193031311035 29.9840831756592 -3.4e+38 -3.4e+38 -3.4e+38 -3.4e+38 -3.4e+38 -3.4e+38 -3.4e+38 -3.4e+38 -3.4e+38 -3.4e+38 -3.4e+38 -3.4e+38 -3.4e+38 -3.4e+38 -3.4e+38 -3.4e+38 -3.4e+38 -3.4e+38
27.7350463867188 30.2576732635498 30.7783584594727 30.605281829834 29.5513668060303 29.8673477172852 30.5737934112549 30.7659759521484 30.9636363983154 30.7891120910645 30.3955955505371 29.9687995910645 30.0252342224121 30.2895469665527 29.8275814056396 30.6163272857666 29.86887550354 29.853199005127 30.6434478759766 30.8020362854004 30.6534805297852 30.4033851623535 30.3177223205566 30.3989677429199 30.394889831543 30.3885269165039 30.2290840148926 30.1167030334473 29.8749389648438 29.3865928649902 29.3922080993652 -3.4e+38 -3.4e+38 -3.4e+38 -3.4e+38 -3.4e+38 -3.4e+38 -3.4e+38 -3.4e+38 -3.4e+38 -3.4e+38 -3.4e+38 -3.4e+38 -3.4e+38 -3.4e+38 -3.4e+38
27.658130645752 29.7030048370361 30.7537784576416 30.6627044677734 29.7662830352783 28.1706676483154 29.6768112182617 30.8215560913086 30.9287052154541 30.833122253418 30.6999683380127 30.4426345825195 30.4899024963379 30.3272132873535 29.7872447967529 29.7443447113037 29.3083076477051 30.1731586456299 30.5274085998535 30.6294612884521 30.6726188659668 30.3124504089355 29.9119319915771 29.586763381958 30.3625164031982 30.4453582763672 30.3480491638184 30.2125434875488 30.1206283569336 29.5876579284668 29.478630065918 29.6410827636719 -3.4e+38 -3.4e+38 -3.4e+38 -3.4e+38 -3.4e+38 -3.4e+38 -3.4e+38 -3.4e+38 -3.4e+38 -3.4e+38 -3.4e+38 -3.4e+38 -3.4e+38 -3.4e+38
28.5433521270752 29.6752548217773 30.575174331665 30.595630645752 30.5964851379395 29.1357192993164 29.4969806671143 30.6805229187012 30.8963985443115 30.7946510314941 30.6126899719238 30.3621273040771 30.2530040740967 30.3984222412109 29.7023258209229 29.4009952545166 29.3385105133057 30.5892925262451 30.44801902771 30.1474704742432 30.598934173584 30.577600479126 30.3881645202637 30.0409603118896 30.5019989013672 30.468318939209 30.3319778442383 30.4119338989258 30.2865142822266 30.029354095459 29.6142654418945 29.6436576843262 -3.4e+38 -3.4e+38 -3.4e+38 -3.4e+38 -3.4e+38 -3.4e+38 -3.4e+38 -3.4e+38 -3.4e+38 -3.4e+38 -3.4e+38 -3.4e+38 -3.4e+38 -3.4e+38
27.6258659362793 29.4641628265381 29.9182415008545 29.7146320343018 30.1303634643555 30.4557018280029 30.1691913604736 30.6728439331055 30.810022354126 30.7272415161133 30.5751667022705 30.4078121185303 30.2160053253174 30.6345043182373 30.4913349151611 30.4172592163086 30.5117816925049 30.7676391601562 30.7917594909668 30.2325763702393 29.7608242034912 30.5049324035645 30.7255382537842 30.2054100036621 30.2481422424316 30.1168251037598 30.1133766174316 30.487922668457 30.3722686767578 30.1297950744629 -3.4e+38 -3.4e+38 -3.4e+38 -3.4e+38 -3.4e+38 -3.4e+38 -3.4e+38 -3.4e+38 -3.4e+38 -3.4e+38 -3.4e+38 -3.4e+38 -3.4e+38 -3.4e+38 -3.4e+38 -3.4e+38
26.9466915130615 27.9339542388916 28.2652988433838 28.004020690918 29.0649185180664 29.8473625183105 30.2915134429932 30.6323833465576 30.6604900360107 30.5966129302979 30.4308052062988 30.258243560791 30.1257362365723 30.8392791748047 30.8574066162109 30.7319869995117 30.7717876434326 30.9001693725586 30.9733848571777 30.8935413360596 30.5102462768555 30.3065128326416 30.745885848999 30.5657329559326 30.3324890136719 30.498664855957 30.5664367675781 30.3255500793457 30.2497787475586 30.1324882507324 -3.4e+38 -3.4e+38 -3.4e+38 -3.4e+38 -3.4e+38 -3.4e+38 -3.4e+38 -3.4e+38 -3.4e+38 -3.4e+38 -3.4e+38 -3.4e+38 -3.4e+38 -3.4e+38 -3.4e+38 -3.4e+38
26.9387722015381 25.943826675415 25.3218536376953 25.4630088806152 27.6546649932861 28.2157611846924 29.5911808013916 30.0271263122559 30.4146556854248 30.3219127655029 30.1175842285156 30.5173244476318 30.5520057678223 30.4688186645508 30.9845943450928 30.9910163879395 30.9513702392578 30.990837097168 31.0336151123047 31.0423755645752 31.0201625823975 30.9568519592285 30.8269577026367 30.7979431152344 30.500904083252 30.6230163574219 30.6361408233643 30.3782653808594 30.1294078826904 30.0613403320312 29.9804668426514 29.7077045440674 -3.4e+38 -3.4e+38 -3.4e+38 -3.4e+38 -3.4e+38 -3.4e+38 -3.4e+38 -3.4e+38 -3.4e+38 -3.4e+38 -3.4e+38 -3.4e+38 -3.4e+38 -3.4e+38
26.9387702941895 26.1411590576172 25.2365818023682 24.7003517150879 25.3127422332764 26.1729125976562 28.1342754364014 29.4940338134766 30.3526573181152 30.1917724609375 29.6706027984619 30.3827228546143 30.7779712677002 30.8605117797852 30.9135227203369 30.9696235656738 31.0288963317871 31.0464687347412 31.0523777008057 31.0487442016602 31.0451793670654 31.0009574890137 30.9492645263672 30.8889865875244 30.6601238250732 30.7295513153076 30.6599655151367 30.4691543579102 30.2371406555176 30.200647354126 30.1772117614746 30.0603294372559 29.7995147705078 -3.4e+38 -3.4e+38 -3.4e+38 -3.4e+38 29.3741588592529 29.4153861999512 -3.4e+38 -3.4e+38 -3.4e+38 -3.4e+38 -3.4e+38 -3.4e+38 -3.4e+38
27.5362358093262 26.2274322509766 25.3355827331543 24.9590873718262 25.518949508667 25.2794628143311 26.5027751922607 28.2825489044189 29.8017292022705 30.2654876708984 29.0729160308838 30.061502456665 30.5885105133057 30.112174987793 30.2411098480225 30.7324810028076 30.8775787353516 30.9863605499268 30.9661064147949 30.860164642334 30.9346256256104 30.9037990570068 30.9386672973633 30.914981842041 30.8626270294189 30.7412185668945 30.6585540771484 30.537899017334 30.4262104034424 30.3643894195557 30.3516540527344 30.2330760955811 29.8878154754639 -3.4e+38 -3.4e+38 -3.4e+38 -3.4e+38 29.4818859100342 29.4357490539551 29.6057205200195 29.5985622406006 29.4205799102783 -3.4e+38 -3.4e+38 -3.4e+38 -3.4e+38
27.4892692565918 26.1960067749023 25.3725280761719 25.8324794769287 25.6204948425293 26.0406246185303 25.7885780334473 27.2530002593994 29.5610046386719 30.4110546112061 29.2909049987793 29.2814617156982 30.2284870147705 28.1736354827881 29.3517589569092 29.8165283203125 30.46630859375 30.9252700805664 30.9373683929443 30.8699131011963 30.8972835540771 30.8980674743652 30.9380588531494 30.9118938446045 30.8668174743652 30.6300678253174 30.6321029663086 30.589864730835 30.5596389770508 30.5361843109131 30.4671802520752 30.3403739929199 30.17995262146 -3.4e+38 -3.4e+38 29.9959030151367 29.8035678863525 29.5678806304932 29.4429111480713 29.228853225708 29.376558303833 29.5929069519043 -3.4e+38 -3.4e+38 -3.4e+38 -3.4e+38
26.0763320922852 24.7994632720947 24.7537860870361 26.0837268829346 26.4403553009033 26.3566780090332 25.9306488037109 26.3064384460449 28.6980228424072 30.1751365661621 30.2292385101318 29.3348731994629 29.9499111175537 28.4413471221924 28.4881954193115 28.5990867614746 30.1083602905273 30.8861103057861 30.9313049316406 30.9793605804443 31.0121288299561 30.9725704193115 30.9473857879639 30.7162342071533 30.7484035491943 30.6538333892822 30.6623706817627 30.6807060241699 30.6714897155762 30.6147136688232 30.5447406768799 30.453987121582 30.3666133880615 -3.4e+38 30.2378730773926 30.2242527008057 30.159309387207 -3.4e+38 29.5876045227051 -3.4e+38 29.3098754882812 -3.4e+38 -3.4e+38 -3.4e+38 -3.4e+38 -3.4e+38
26.0320167541504 24.5492477416992 23.8042297363281 26.4865913391113 26.7073554992676 26.0523414611816 25.6583194732666 25.7958240509033 27.3926258087158 29.8298587799072 29.9919681549072 29.5498905181885 29.7149295806885 29.8734855651855 29.1643600463867 30.433765411377 30.7178344726562 30.8617267608643 30.9323120117188 30.9483585357666 30.9749183654785 30.9577770233154 30.9462089538574 30.8756885528564 30.887508392334 30.8383598327637 30.8132953643799 30.7868099212646 30.7037677764893 30.7002964019775 30.6514205932617 30.5916118621826 30.5353488922119 30.4689769744873 30.4319458007812 30.4350757598877 30.2949180603027 -3.4e+38 -3.4e+38 -3.4e+38 -3.4e+38 -3.4e+38 -3.4e+38 29.598014831543 -3.4e+38 -3.4e+38
27.8393459320068 27.5201644897461 25.3199310302734 26.8914451599121 25.3764686584473 25.3860263824463 25.8401737213135 26.153491973877 28.2447147369385 29.7537746429443 29.4595909118652 28.8085098266602 29.814733505249 30.3032245635986 30.4491004943848 30.5486583709717 30.7112350463867 30.3894901275635 30.5908432006836 30.8006916046143 30.8069896697998 30.8683757781982 30.9058284759521 30.9001693725586 30.8949241638184 30.8706912994385 30.8575592041016 30.7396926879883 30.4093132019043 30.5748996734619 30.7020072937012 30.6944618225098 30.6587085723877 30.5836181640625 30.5532894134521 30.49827003479 30.3728733062744 30.2624626159668 30.1600093841553 30.103931427002 30.1053295135498 30.009786605835 29.7643146514893 29.5784721374512 -3.4e+38 -3.4e+38
27.915355682373 27.0628204345703 27.7292327880859 27.5426959991455 26.1051044464111 26.1464138031006 25.7490673065186 25.9702453613281 28.02760887146 29.3983173370361 29.8974342346191 29.672607421875 30.0876998901367 30.4414749145508 30.3324680328369 30.2113971710205 30.4551773071289 30.188175201416 30.0398292541504 30.2655220031738 30.6580066680908 30.7532196044922 30.8037910461426 30.8689365386963 30.8969669342041 30.8904800415039 30.8624534606934 30.6783237457275 30.414421081543 30.6545848846436 30.6528129577637 30.7653045654297 30.6647300720215 30.6205348968506 30.5922584533691 30.4815273284912 30.4123458862305 30.377986907959 30.3524570465088 30.3290596008301 30.3058013916016 30.1904640197754 29.8523235321045 29.4868659973145 29.5487098693848 -3.4e+38
