inst/extdata/Tmax/Tmax31.asc
NCOLS 100 
NROWS 79 
XLLCORNER 148.06 
YLLCORNER -21.49 
CELLSIZE 0.01 
NODATA_value -3.4e+38 
[rows 20 to 39 of 79, columns 0 to 45 of 100]
34.794132232666001 35.3022689819336 35.5002708435059 35.2384986877441 35.4407844543457 36.2786026000977 35.8238563537598 36.1214332580566 34.9682388305664 34.9006767272949 35.9924392700195 35.6069526672363 34.5480575561523 32.772647857666 31.6294116973877 30.8566055297852 30.51828956604 31.8595428466797 32.8276214599609 33.6394233703613 33.7622680664062 34.233268737793 34.3583641052246 34.6951751708984 34.6571006774902 34.4341316223145 33.4173965454102 31.5706005096436 32.5149192810059 32.3263893127441 33.3926467895508 33.6786880493164 33.7046546936035 33.7686309814453 33.5088539123535 33.2370376586914 33.0828857421875 32.8377113342285 32.011287689209 32.2618446350098 32.0771903991699 31.2616748809814 31.976879119873 31.7531070709229 30.2773838043213 30.3911285400391
35.5444068908691 35.8338470458984 35.8504638671875 35.482795715332 35.4241905212402 35.3460578918457 34.9534492492676 35.7550315856934 36.016788482666 36.2869720458984 35.9827270507812 36.0065879821777 35.5223350524902 33.0438537597656 31.5566711425781 31.3603382110596 31.4895057678223 32.0767059326172 32.5503425598145 33.5851020812988 34.2460708618164 34.8422203063965 33.9008407592773 34.3825340270996 34.3538055419922 34.0472183227539 33.769645690918 32.362232208252 32.4573173522949 33.3177947998047 33.7273216247559 33.492057800293 33.4875450134277 32.3590888977051 32.0541152954102 32.2714042663574 33.1441307067871 31.411449432373 31.0380306243896 31.2891540527344 30.545747756958 31.1063346862793 31.3221893310547 29.1004009246826 28.9977989196777 29.6585998535156
35.8141860961914 36.0777206420898 35.8955154418945 35.2148246765137 36.4577407836914 35.5596694946289 35.8378257751465 35.5353889465332 36.2493553161621 35.4468002319336 36.5579528808594 36.1842956542969 36.0007247924805 35.1084060668945 34.3442840576172 32.6326293945312 31.0071029663086 31.5550689697266 31.9346199035645 33.8757171630859 34.7344398498535 33.8792457580566 33.8524055480957 33.4046440124512 32.9809379577637 33.758415222168 33.6578674316406 33.2904510498047 33.2568054199219 33.2594604492188 32.9300575256348 32.4921569824219 32.0528259277344 31.5750408172607 30.9203777313232 31.7007064819336 31.7704963684082 30.6594409942627 30.6668148040771 30.6531639099121 29.3400802612305 29.2394523620605 29.7465896606445 30.4378318786621 24.9635715484619 29.4697189331055
35.9530220031738 36.4064407348633 36.9214134216309 35.2170715332031 35.1557693481445 36.0193901062012 35.0994110107422 36.0991477966309 36.3130302429199 35.4189224243164 35.997371673584 35.8958702087402 36.1121940612793 35.2075309753418 33.4006958007812 32.4997062683105 31.3647556304932 31.7017364501953 32.337703704834 33.3091850280762 33.7785263061523 34.2540321350098 33.5097999572754 32.2570571899414 32.733528137207 32.8360862731934 32.844051361084 33.5939331054688 33.8820953369141 33.6477317810059 33.315071105957 32.415599822998 31.79807472229 31.9370269775391 32.3761825561523 32.0905494689941 29.9523277282715 29.5938243865967 30.0703830718994 30.3849315643311 28.996410369873 28.7595882415771 28.3362159729004 26.6289367675781 28.0777454376221 28.2177410125732
36.1507568359375 36.0325889587402 35.8543739318848 36.5851936340332 36.6885986328125 36.3784523010254 35.1543159484863 36.2462959289551 34.8355026245117 35.0827331542969 35.1357307434082 34.8965148925781 34.742000579834 35.1015129089355 33.6247901916504 32.1756553649902 31.5033073425293 31.3951625823975 32.5064582824707 32.6793174743652 33.9499130249023 34.1226959228516 31.5993576049805 31.3694248199463 31.5988731384277 31.955041885376 32.2072105407715 33.387149810791 33.7154235839844 33.1735343933105 33.5681457519531 33.1607666015625 33.049373626709 32.8575744628906 32.3619613647461 31.9834175109863 31.3588066101074 30.5695400238037 29.3575744628906 28.7800197601318 27.6197891235352 26.6396923065186 27.3033294677734 29.2014312744141 24.2205085754395 24.0179958343506
36.6060409545898 36.3274536132812 36.7831764221191 36.1347236633301 36.6575546264648 36.5209922790527 36.383659362793 36.165901184082 36.0191383361816 34.6625022888184 35.7208671569824 35.0354232788086 34.2521743774414 34.4035606384277 34.4455299377441 34.3123321533203 33.0736122131348 32.8522109985352 33.4827117919922 34.079345703125 33.4000358581543 31.8090877532959 31.3135166168213 30.1596755981445 30.859956741333 31.7038917541504 31.7305450439453 32.4828109741211 33.4860572814941 33.371997833252 31.8707256317139 32.7437934875488 32.5639953613281 32.5835571289062 32.1839790344238 31.8951969146729 31.2911491394043 30.2004013061523 27.8451824188232 28.3830242156982 26.8943309783936 27.9891014099121 29.5093688964844 28.9408359527588 24.209939956665 23.4056186676025
34.6519889831543 35.865306854248 36.9148025512695 36.6845016479492 36.5717658996582 36.4162635803223 36.2941284179688 36.312801361084 36.0485916137695 34.8209686279297 34.3945922851562 34.6053771972656 34.4369583129883 34.1642875671387 34.2868881225586 33.348461151123 32.5728874206543 32.6984939575195 33.5678482055664 33.4356651306152 33.1363143920898 33.3901481628418 32.2360572814941 30.9207553863525 30.3684520721436 31.082576751709 32.3412475585938 33.4770355224609 32.8968391418457 33.0950012207031 32.4326591491699 32.2358131408691 32.4150772094727 31.9292984008789 31.9146728515625 31.1988258361816 29.8748245239258 30.0934448242188 25.4903354644775 23.8385181427002 26.5150318145752 24.0508480072021 28.8595752716064 25.1456356048584 27.4970245361328 23.1560134887695
34.8306846618652 34.4509124755859 35.5947303771973 36.4602355957031 36.4215850830078 36.2989845275879 36.4748039245605 36.6049728393555 36.2203903198242 35.5096130371094 35.0712623596191 34.3925437927246 34.2290916442871 34.6265068054199 33.0956382751465 33.3068923950195 32.8671722412109 32.4202079772949 32.7475929260254 32.8226127624512 32.8625869750977 32.9296646118164 32.4988555908203 31.3253231048584 31.2028656005859 31.4428787231445 30.9341526031494 33.3292846679688 33.6480178833008 32.3704605102539 32.2123413085938 32.2745056152344 32.5271606445312 31.7362880706787 31.4586906433105 30.6494579315186 29.1710910797119 29.4939804077148 29.2279529571533 28.0444793701172 26.8640995025635 27.3090667724609 27.1199398040771 24.4294109344482 23.812744140625 23.4556465148926
33.6710205078125 34.1173286437988 34.6880760192871 35.576717376709 36.6098098754883 36.0971717834473 36.5197868347168 36.172679901123 36.1997604370117 35.2458801269531 35.3530082702637 34.5843658447266 34.8637962341309 34.8508605957031 34.5850944519043 32.4776954650879 32.5083274841309 32.2998313903809 32.6594390869141 33.5780982971191 32.3758010864258 32.8599853515625 31.9090442657471 30.9266796112061 31.1891460418701 31.5164413452148 31.4966087341309 32.219310760498 32.8721885681152 32.7460746765137 32.9167709350586 31.9828472137451 31.5763206481934 30.4555034637451 29.8072509765625 28.8658065795898 29.1512432098389 29.1754417419434 29.3063220977783 26.821496963501 23.9236392974854 23.9782848358154 27.3457908630371 23.7299919128418 23.9365425109863 23.8277931213379
32.6411972045898 33.2739410400391 33.8590316772461 34.6024055480957 35.9636001586914 35.9762954711914 35.3217582702637 36.5019264221191 36.3199005126953 35.982593536377 34.877555847168 35.3238830566406 34.6883964538574 34.4171142578125 35.0093078613281 34.7997512817383 34.4169540405273 32.6678771972656 32.9277725219727 32.910026550293 32.8558654785156 32.8365478515625 32.4002647399902 31.4448623657227 31.2323169708252 31.2615261077881 30.8124294281006 32.1819877624512 32.9689407348633 32.424861907959 33.1635665893555 31.7527313232422 30.7115821838379 30.5662384033203 30.0504341125488 29.6793556213379 29.6381053924561 29.0382537841797 28.3953952789307 28.0005073547363 29.1485366821289 29.129035949707 26.6735248565674 26.6687660217285 23.9969959259033 24.8600788116455
33.150218963623 33.7339515686035 33.8602447509766 34.6624641418457 34.903564453125 34.6896858215332 34.8845291137695 35.938346862793 35.9078102111816 35.4416427612305 35.9341659545898 35.8568420410156 35.9090576171875 35.1155319213867 35.1678047180176 35.191577911377 34.0154609680176 33.4883041381836 32.5577392578125 32.9267959594727 32.7505378723145 32.175609588623 31.9765338897705 31.5869846343994 31.0264587402344 30.3311233520508 30.7293663024902 32.4213333129883 32.7122955322266 32.859977722168 33.1365737915039 33.3172950744629 31.76247215271 30.6138820648193 29.8897609710693 30.693868637085 30.2781448364258 29.5886211395264 28.755615234375 28.7671966552734 30.5727996826172 30.4076366424561 30.0461750030518 29.1924343109131 25.9480819702148 25.2382431030273
34.131908416748 34.0364837646484 34.9119148254395 35.7503356933594 36.2423896789551 34.9504241943359 35.0252075195312 36.2979621887207 36.2653541564941 35.6088180541992 36.039665222168 35.6903800964355 35.6518402099609 35.2878723144531 34.3701782226562 34.7359352111816 32.5220642089844 31.2290592193604 32.6166343688965 32.2633399963379 32.2441520690918 32.4058570861816 31.878927230835 31.6293563842773 31.2161636352539 31.2096061706543 31.5669746398926 32.7184181213379 33.3489532470703 32.4056396484375 32.8789558410645 32.8851203918457 33.1505432128906 32.3133659362793 31.6536540985107 30.5728378295898 30.5754699707031 30.6417045593262 30.2112598419189 31.7133693695068 30.7448806762695 30.3766803741455 25.3235874176025 26.9570941925049 24.5442504882812 23.8592510223389
33.693473815918 35.0013961791992 34.8646583557129 34.9693374633789 36.1569213867188 35.3518295288086 35.9742622375488 35.6237258911133 36.206111907959 35.2009048461914 36.1801567077637 35.6870040893555 35.6834144592285 35.1018867492676 34.7162322998047 34.2140464782715 34.216869354248 32.5449714660645 31.4055690765381 31.7703266143799 31.8453025817871 32.3691635131836 31.75390625 31.847188949585 31.4748420715332 31.286096572876 32.9570503234863 33.0029067993164 32.852668762207 34.2982025146484 32.9995613098145 32.5348320007324 33.6643295288086 33.5044822692871 32.7623443603516 32.1310997009277 31.7070751190186 31.6786556243896 31.2194576263428 31.4047775268555 30.6592636108398 28.1748790740967 23.5472984313965 23.8606281280518 24.0418128967285 22.7763843536377
34.4374160766602 34.5433654785156 35.153564453125 34.1277923583984 34.6668510437012 33.5935249328613 34.3017539978027 35.6373748779297 36.1557083129883 35.9616622924805 36.2706718444824 35.5036582946777 35.3602752685547 35.4301109313965 34.8360214233398 34.629322052002 35.0394248962402 34.5804214477539 33.8689002990723 33.4692993164062 32.290210723877 32.0331077575684 32.5573959350586 32.2057495117188 31.8265533447266 31.4245185852051 32.9603271484375 33.649845123291 33.1698951721191 33.3570442199707 33.1387901306152 32.0545616149902 31.7306442260742 31.7068977355957 32.1057929992676 32.3017654418945 32.3314628601074 32.795108795166 32.3872184753418 32.501781463623 30.8067626953125 26.2784748077393 24.774845123291 25.0088405609131 24.8102684020996 23.8435134887695
34.9301643371582 35.2987213134766 35.0915870666504 33.336555480957 34.0296096801758 35.023006439209 34.2350463867188 35.6595153808594 36.0404205322266 35.682991027832 36.1364860534668 35.8428382873535 36.182559967041 35.7047309875488 35.3077125549316 35.1462135314941 34.8798637390137 34.5985565185547 34.1997261047363 33.246452331543 31.8326206207275 32.8926773071289 33.3107414245605 32.155086517334 31.7262001037598 31.6278114318848 31.4697418212891 32.7554206848145 32.624568939209 31.7061157226562 32.6622009277344 31.6226081848145 31.2180290222168 31.2598762512207 30.9729766845703 31.1455764770508 31.7902812957764 31.301061630249 31.9518184661865 31.7128715515137 30.0472202301025 29.7462959289551 26.9278469085693 26.2897758483887 25.5922012329102 25.5016326904297
34.6464042663574 35.9777183532715 35.0662078857422 34.2629241943359 32.7482719421387 35.0184860229492 36.4032783508301 34.5449829101562 35.5325355529785 36.129451751709 36.0240287780762 35.8695640563965 35.372730255127 35.5263671875 35.1881332397461 35.3675956726074 34.4494514465332 34.0274314880371 33.9650764465332 33.4308166503906 32.3714294433594 33.0332717895508 32.2076873779297 30.8564548492432 31.249626159668 30.8341770172119 32.2025108337402 31.4229831695557 31.2882556915283 28.6925163269043 30.566987991333 31.125301361084 31.4311065673828 31.1006317138672 31.1268081665039 30.219310760498 30.3981285095215 30.7738265991211 31.7211742401123 31.0436248779297 26.1918334960938 25.8755931854248 25.618034362793 26.1321754455566 25.8654613494873 24.7129077911377
35.2451171875 34.3928031921387 35.7170372009277 35.0177345275879 34.9030723571777 34.909309387207 34.9231185913086 35.0054702758789 35.1617012023926 36.473217010498 36.4769477844238 35.9162826538086 35.7935218811035 36.0566482543945 35.8135719299316 34.697265625 34.0796699523926 34.0351257324219 34.0380058288574 34.0457916259766 33.3798408508301 32.4254112243652 31.3753681182861 31.143497467041 31.4287891387939 32.0495338439941 32.6024475097656 31.7225742340088 31.3906173706055 29.457275390625 29.2373104095459 28.2626209259033 29.7659339904785 31.1265354156494 31.0813331604004 29.2234077453613 29.1766109466553 28.7961406707764 28.5667667388916 25.0578117370605 25.0573806762695 24.3195343017578 24.8231735229492 25.7061786651611 25.7407970428467 24.1576290130615
34.6346130371094 34.1132392883301 35.4070816040039 34.2220191955566 34.3929634094238 34.4208717346191 33.2133903503418 33.9817352294922 35.0115814208984 35.3224029541016 36.0543060302734 36.0841255187988 35.9616813659668 35.4592552185059 35.8031692504883 35.6952972412109 35.0135154724121 33.7307167053223 34.2517929077148 33.8010597229004 33.6369895935059 32.957706451416 31.5433712005615 31.3765296936035 30.8470344543457 31.4823322296143 32.3980979919434 31.5172004699707 31.7020473480225 31.383056640625 31.3679714202881 30.2840843200684 29.9586296081543 28.7069988250732 24.7133083343506 23.547534942627 23.681755065918 23.4459247589111 23.3783836364746 23.6051807403564 23.7901744842529 23.8801403045654 24.1620941162109 24.9895305633545 25.3275661468506 24.859395980835
34.6086463928223 33.9856948852539 34.019775390625 35.2315902709961 34.9201431274414 35.0602607727051 33.636474609375 32.7915115356445 33.6905937194824 34.5746688842773 35.8691673278809 36.2197532653809 36.1244659423828 35.9544792175293 34.892635345459 34.5074844360352 34.5083541870117 34.1153411865234 34.5602035522461 34.4351806640625 34.4142761230469 33.1437797546387 32.5270385742188 32.1339263916016 31.2766647338867 32.0585975646973 31.7792091369629 31.9112777709961 30.2726783752441 31.1871013641357 30.4108772277832 30.2137565612793 30.4765968322754 29.7990779876709 28.3497505187988 23.1757011413574 22.7956848144531 22.7018814086914 22.5213108062744 23.0630416870117 23.6821441650391 25.1865272521973 23.7338485717773 24.8344955444336 24.3093852996826 24.1791515350342
34.2115631103516 33.7216796875 34.9659042358398 34.9538726806641 35.2004318237305 34.3183708190918 33.9941520690918 33.3551139831543 34.2443504333496 33.5936508178711 34.5193367004395 36.010311126709 35.7391967773438 35.5341835021973 34.846118927002 35.1493186950684 33.5193519592285 33.7839317321777 34.1624031066895 33.9595642089844 34.0507507324219 33.4068145751953 33.4908561706543 32.9330062866211 31.8367195129395 31.7797260284424 31.4280242919922 31.3297309875488 31.8095893859863 30.8559398651123 29.8119487762451 28.8496646881104 30.7965297698975 30.9870777130127 31.0173244476318 28.5476112365723 25.6579132080078 25.2342071533203 24.2228469848633 23.2690410614014 24.0364284515381 24.0127544403076 24.0751953125 24.5194358825684 24.4222850799561 24.079833984375
