inst/extdata/Tmax/Tmax114.asc
NCOLS 100 
NROWS 79 
XLLCORNER 148.06 
YLLCORNER -21.49 
CELLSIZE 0.01 
NODATA_value -3.4e+38 
[rows 0 to 19 of 79, columns 46 to 91 of 100]
34.8476715087891 34.6660614013672 34.5592041015625 34.5522003173828 34.5275230407715 34.3973808288574 34.5946350097656 34.4216156005859 34.2277641296387 34.0494842529297 33.9632415771484 33.6998519897461 33.6018943786621 33.8139114379883 34.076171875 34.0018424987793 33.8872909545898 33.7327156066895 33.4599494934082 33.3026504516602 33.2037734985352 -3.4e+38 -3.4e+38 -3.4e+38 -3.4e+38 -3.4e+38 -3.4e+38 -3.4e+38 -3.4e+38 -3.4e+38 -3.4e+38 -3.4e+38 -3.4e+38 -3.4e+38 -3.4e+38 -3.4e+38 -3.4e+38 -3.4e+38 -3.4e+38 -3.4e+38 -3.4e+38 -3.4e+38 -3.4e+38 -3.4e+38 -3.4e+38 -3.4e+38
34.8103713989258 34.5290412902832 34.3011245727539 34.5381126403809 34.6855049133301 34.671085357666 34.6207733154297 34.513500213623 34.1789016723633 33.7513656616211 33.8759803771973 33.3570327758789 33.8432159423828 34.1357841491699 34.1147918701172 34.0284156799316 33.9260025024414 33.800235748291 33.6174163818359 33.5347480773926 33.4446716308594 33.3281402587891 -3.4e+38 -3.4e+38 -3.4e+38 -3.4e+38 -3.4e+38 -3.4e+38 -3.4e+38 -3.4e+38 -3.4e+38 -3.4e+38 -3.4e+38 -3.4e+38 -3.4e+38 -3.4e+38 -3.4e+38 -3.4e+38 -3.4e+38 -3.4e+38 -3.4e+38 -3.4e+38 -3.4e+38 -3.4e+38 -3.4e+38 -3.4e+38
34.7098007202148 33.9805107116699 33.165355682373 34.4823150634766 34.6606369018555 34.6516761779785 34.6253395080566 34.5662536621094 34.3393402099609 33.7654724121094 33.850284576416 33.9763603210449 34.0451812744141 34.1863555908203 34.1503448486328 34.0561637878418 33.9720191955566 33.8781929016113 33.756175994873 33.5400924682617 33.5074806213379 33.3710441589355 33.1751708984375 32.9386863708496 -3.4e+38 -3.4e+38 -3.4e+38 -3.4e+38 -3.4e+38 -3.4e+38 -3.4e+38 -3.4e+38 -3.4e+38 -3.4e+38 -3.4e+38 -3.4e+38 -3.4e+38 -3.4e+38 -3.4e+38 -3.4e+38 -3.4e+38 -3.4e+38 -3.4e+38 -3.4e+38 -3.4e+38 -3.4e+38
34.3047142028809 34.3568458557129 33.3014144897461 34.3723449707031 34.5462646484375 34.5822525024414 34.6369705200195 34.5354232788086 34.4024124145508 34.0758590698242 33.9700584411621 33.7151756286621 34.0450172424316 34.1646842956543 34.1833038330078 34.0883636474609 34.0317993164062 33.9635963439941 33.8244781494141 33.4633979797363 33.2875022888184 33.3188667297363 33.2698822021484 33.2020034790039 33.0570220947266 32.7216644287109 -3.4e+38 -3.4e+38 -3.4e+38 -3.4e+38 -3.4e+38 -3.4e+38 -3.4e+38 -3.4e+38 -3.4e+38 -3.4e+38 -3.4e+38 -3.4e+38 -3.4e+38 -3.4e+38 -3.4e+38 -3.4e+38 -3.4e+38 -3.4e+38 -3.4e+38 -3.4e+38
34.2876853942871 34.3021926879883 33.1353302001953 33.3498306274414 34.1013336181641 34.568603515625 34.6450805664062 34.5013961791992 34.4647331237793 34.1539154052734 33.8625907897949 33.668270111084 33.287353515625 33.898494720459 34.135570526123 34.0488548278809 34.0770416259766 34.0237998962402 33.7861213684082 33.0525436401367 32.5397987365723 33.2809181213379 33.3594665527344 33.2981796264648 33.0878982543945 32.8620109558105 -3.4e+38 -3.4e+38 -3.4e+38 -3.4e+38 -3.4e+38 -3.4e+38 -3.4e+38 -3.4e+38 -3.4e+38 -3.4e+38 -3.4e+38 -3.4e+38 -3.4e+38 -3.4e+38 -3.4e+38 -3.4e+38 -3.4e+38 -3.4e+38 -3.4e+38 -3.4e+38
33.4674682617188 34.1658973693848 32.6784934997559 32.0597648620605 33.7518882751465 34.6350708007812 34.5675354003906 34.5028381347656 34.4406280517578 34.0394325256348 33.1449356079102 32.8109092712402 33.1225166320801 34.0142707824707 33.9136238098145 34.0680923461914 34.1068382263184 34.0336456298828 33.9391174316406 33.3048133850098 32.5669708251953 32.6332321166992 33.1339378356934 33.2071800231934 33.1971817016602 33.1265411376953 -3.4e+38 -3.4e+38 -3.4e+38 -3.4e+38 -3.4e+38 -3.4e+38 -3.4e+38 -3.4e+38 -3.4e+38 -3.4e+38 -3.4e+38 -3.4e+38 -3.4e+38 -3.4e+38 -3.4e+38 -3.4e+38 -3.4e+38 -3.4e+38 -3.4e+38 -3.4e+38
32.5956802368164 34.1436080932617 33.5329475402832 33.443229675293 34.3643417358398 34.5951232910156 34.4235572814941 34.3055725097656 34.4398193359375 33.9632720947266 33.2547607421875 33.2332992553711 33.8633422851562 33.974666595459 33.0717735290527 33.920051574707 33.9713478088379 33.9677810668945 33.9954566955566 33.7130546569824 33.3195495605469 33.0485496520996 33.2656135559082 33.0267524719238 33.2768211364746 33.305477142334 33.188892364502 32.9614639282227 -3.4e+38 -3.4e+38 -3.4e+38 -3.4e+38 -3.4e+38 -3.4e+38 -3.4e+38 -3.4e+38 -3.4e+38 -3.4e+38 -3.4e+38 -3.4e+38 -3.4e+38 -3.4e+38 -3.4e+38 -3.4e+38 -3.4e+38 -3.4e+38
31.7732028961182 34.1470222473145 34.5667495727539 34.3728866577148 33.3987808227539 33.6274490356445 34.2211761474609 34.3528518676758 34.490478515625 34.2958984375 33.9023590087891 33.4832305908203 33.4949111938477 33.6928558349609 33.2421264648438 33.9087142944336 33.2009239196777 33.1502265930176 33.8270683288574 33.9369506835938 33.7577896118164 33.5049819946289 33.3955230712891 33.439266204834 33.4056053161621 33.3681755065918 33.2003593444824 33.0813636779785 32.8484306335449 32.3956527709961 32.3637199401855 -3.4e+38 -3.4e+38 -3.4e+38 -3.4e+38 -3.4e+38 -3.4e+38 -3.4e+38 -3.4e+38 -3.4e+38 -3.4e+38 -3.4e+38 -3.4e+38 -3.4e+38 -3.4e+38 -3.4e+38
31.7252197265625 33.7064743041992 34.594970703125 34.4735984802246 33.6387634277344 32.1718559265137 33.4746627807617 34.4514465332031 34.5079650878906 34.3837051391602 34.2225723266602 33.9539108276367 33.9576950073242 33.7739028930664 33.253791809082 33.1741371154785 32.7478561401367 33.4833641052246 33.7664985656738 33.82421875 33.819408416748 33.4656257629395 33.068790435791 32.7409286499023 33.4142875671387 33.4605522155762 33.3462867736816 33.1977882385254 33.0897674560547 32.5959587097168 32.4856910705566 32.6145629882812 -3.4e+38 -3.4e+38 -3.4e+38 -3.4e+38 -3.4e+38 -3.4e+38 -3.4e+38 -3.4e+38 -3.4e+38 -3.4e+38 -3.4e+38 -3.4e+38 -3.4e+38 -3.4e+38
32.6319274902344 33.7126350402832 34.4675025939941 34.4446640014648 34.4047164916992 33.0589141845703 33.3453216552734 34.3554573059082 34.5084533691406 34.3784065246582 34.1733856201172 33.9106559753418 33.7743835449219 33.8659210205078 33.206428527832 32.8964385986328 32.8025016784668 33.8844604492188 33.7209777832031 33.4142761230469 33.777027130127 33.7305755615234 33.5240478515625 33.1751899719238 33.5646171569824 33.5013961791992 33.3471908569336 33.3932800292969 33.2559623718262 33.012752532959 32.6329002380371 32.640438079834 -3.4e+38 -3.4e+38 -3.4e+38 -3.4e+38 -3.4e+38 -3.4e+38 -3.4e+38 -3.4e+38 -3.4e+38 -3.4e+38 -3.4e+38 -3.4e+38 -3.4e+38 -3.4e+38
31.7135696411133 33.5562286376953 33.9166259765625 33.6948661804199 34.021785736084 34.2588005065918 33.9710464477539 34.3781661987305 34.4606018066406 34.3472099304199 34.1686553955078 33.9800834655762 33.7699890136719 34.1055297851562 33.9389953613281 33.8311500549316 33.8782691955566 34.072338104248 34.0582466125488 33.5169639587402 33.0461578369141 33.6883888244629 33.8554153442383 33.3485717773438 33.3546600341797 33.199291229248 33.1650085449219 33.4853286743164 33.3590927124023 33.1236000061035 -3.4e+38 -3.4e+38 -3.4e+38 -3.4e+38 -3.4e+38 -3.4e+38 -3.4e+38 -3.4e+38 -3.4e+38 -3.4e+38 -3.4e+38 -3.4e+38 -3.4e+38 -3.4e+38 -3.4e+38 -3.4e+38
31.0358924865723 32.0259895324707 32.3513259887695 32.0769920349121 33.1078033447266 33.7494430541992 34.1092720031738 34.3715858459473 34.3564758300781 34.2596549987793 34.0687789916992 33.8755187988281 33.7180938720703 34.3172378540039 34.2953414916992 34.1411552429199 34.1396903991699 34.2189140319824 34.2490463256836 34.1405220031738 33.7463417053223 33.5337066650391 33.8983421325684 33.7002601623535 33.4547233581543 33.5732002258301 33.6080207824707 33.3608741760254 33.2702865600586 33.1481056213379 -3.4e+38 -3.4e+38 -3.4e+38 -3.4e+38 -3.4e+38 -3.4e+38 -3.4e+38 -3.4e+38 -3.4e+38 -3.4e+38 -3.4e+38 -3.4e+38 -3.4e+38 -3.4e+38 -3.4e+38 -3.4e+38
31.0226860046387 30.0049285888672 29.3655776977539 29.4995574951172 31.708324432373 32.2551536560059 33.5047225952148 33.8500671386719 34.1534461975098 34.0307273864746 33.8055725097656 34.121696472168 34.1132659912109 33.9997367858887 34.4237365722656 34.3885154724121 34.315315246582 34.3138999938965 34.3159332275391 34.287467956543 34.2213287353516 34.1360168457031 33.9834823608398 33.924446105957 33.6210556030273 33.6993408203125 33.6834144592285 33.4194030761719 33.1662216186523 33.0873184204102 32.9950370788574 32.7485656738281 -3.4e+38 -3.4e+38 -3.4e+38 -3.4e+38 -3.4e+38 -3.4e+38 -3.4e+38 -3.4e+38 -3.4e+38 -3.4e+38 -3.4e+38 -3.4e+38 -3.4e+38 -3.4e+38
31.0519256591797 30.2339267730713 29.3078956604004 28.7556419372559 29.3669338226318 30.2178802490234 32.1995849609375 33.4262771606445 34.1467895507812 33.9633903503418 33.457103729248 34.049560546875 34.3628692626953 34.397777557373 34.4068794250488 34.4159927368164 34.4317016601562 34.4101104736328 34.3782424926758 34.338680267334 34.2897872924805 34.2223930358887 34.1415824890137 34.0536460876465 33.811897277832 33.8417282104492 33.7485198974609 33.5446701049805 33.3043785095215 33.2464218139648 33.1976623535156 33.0826225280762 32.840160369873 -3.4e+38 -3.4e+38 -3.4e+38 -3.4e+38 32.3309059143066 32.3423500061035 -3.4e+38 -3.4e+38 -3.4e+38 -3.4e+38 -3.4e+38 -3.4e+38 -3.4e+38
31.6675186157227 30.3311634063721 29.4177875518799 29.0271415710449 29.5851249694824 29.3229637145996 30.5595016479492 32.34912109375 33.6871910095215 34.0578460693359 32.956615447998 33.7923622131348 34.2216911315918 33.7574195861816 33.832706451416 34.2300071716309 34.3220558166504 34.3822059631348 34.3271942138672 34.194938659668 34.2163581848145 34.1605529785156 34.1581535339355 34.1031227111816 34.022647857666 33.8762512207031 33.7695465087891 33.6286315917969 33.4965744018555 33.4112091064453 33.3642539978027 33.2484130859375 32.9283065795898 -3.4e+38 -3.4e+38 -3.4e+38 -3.4e+38 32.4513893127441 32.3829612731934 32.5122375488281 32.4766616821289 32.2880706787109 -3.4e+38 -3.4e+38 -3.4e+38 -3.4e+38
31.6299591064453 30.3090648651123 29.4647617340088 29.9215679168701 29.6973743438721 30.1029052734375 29.8465576171875 31.3184432983398 33.5030555725098 34.216064453125 33.1785278320312 33.1294784545898 33.9291687011719 32.0688629150391 33.0707817077637 33.439769744873 33.9801826477051 34.3549652099609 34.3288269042969 34.2310981750488 34.2093467712402 34.1818237304688 34.183464050293 34.1254501342773 34.0507011413574 33.7975387573242 33.7669906616211 33.6964111328125 33.6374092102051 33.5847129821777 33.4848709106445 33.3605880737305 33.20068359375 -3.4e+38 -3.4e+38 32.9629211425781 32.7765007019043 32.5521583557129 32.4114952087402 32.1900482177734 32.2952880859375 32.4671859741211 -3.4e+38 -3.4e+38 -3.4e+38 -3.4e+38
30.2069797515869 28.9021625518799 28.8468112945557 30.1857089996338 30.5373668670654 30.4326286315918 29.999942779541 30.3707237243652 32.7677421569824 34.0353126525879 34.0391960144043 33.2055053710938 33.7099914550781 32.3342132568359 32.3355293273926 32.3901748657227 33.688419342041 34.347412109375 34.3507995605469 34.3574447631836 34.3404426574707 34.275821685791 34.2175178527832 33.971565246582 33.9662437438965 33.8424072265625 33.8165168762207 33.8001937866211 33.7587280273438 33.6769256591797 33.5739631652832 33.4772796630859 33.3781280517578 -3.4e+38 33.2166481018066 33.1743927001953 33.0935134887695 -3.4e+38 32.5657348632812 -3.4e+38 32.2560424804688 -3.4e+38 -3.4e+38 -3.4e+38 -3.4e+38 -3.4e+38
30.1563701629639 28.6423320770264 27.9161891937256 30.5883407592773 30.8023052215576 30.118824005127 29.7184829711914 29.8482093811035 31.4537467956543 33.7445945739746 33.8438949584961 33.4111785888672 33.5166053771973 33.6168327331543 32.9483184814453 34.0327682495117 34.2483062744141 34.3394241333008 34.3653450012207 34.3425064086914 34.3192901611328 34.2745513916016 34.22802734375 34.1280555725098 34.1036491394043 34.020679473877 33.9631538391113 33.904670715332 33.7963066101074 33.7620315551758 33.6762199401855 33.6023025512695 33.5285034179688 33.4445266723633 33.3856773376465 33.35888671875 33.2152481079102 -3.4e+38 -3.4e+38 -3.4e+38 -3.4e+38 -3.4e+38 -3.4e+38 32.4489059448242 -3.4e+38 -3.4e+38
32.018440246582 31.6847305297852 29.443826675415 31.0276432037354 29.4826793670654 29.4727001190186 29.9313411712646 30.2388935089111 32.3442687988281 33.7252616882324 33.4202499389648 32.8031539916992 33.6530647277832 34.0466537475586 34.1367607116699 34.1829681396484 34.2895545959473 33.9621315002441 34.1040267944336 34.2550468444824 34.2128143310547 34.2385559082031 34.2359008789062 34.1944351196289 34.1536827087402 34.0928077697754 34.0456809997559 33.9036598205566 33.5671997070312 33.6858100891113 33.7601852416992 33.730281829834 33.6731948852539 33.5801429748535 33.5264167785645 33.4505729675293 33.3189125061035 33.2015762329102 33.0902519226074 33.0176315307617 32.9886207580566 32.8828887939453 32.6520462036133 32.4717674255371 -3.4e+38 -3.4e+38
32.1053695678711 31.2311305999756 31.8964557647705 31.6973743438721 30.2307987213135 30.2526264190674 29.8485813140869 30.0631465911865 32.1349411010742 33.4393577575684 33.8368759155273 33.596565246582 33.9238739013672 34.1982116699219 34.0608940124512 33.9097671508789 34.0877418518066 33.8096694946289 33.6378860473633 33.8005104064941 34.1044540405273 34.1599235534668 34.1683158874512 34.1905403137207 34.1794128417969 34.1344299316406 34.0736999511719 33.8700904846191 33.5939674377441 33.7793617248535 33.7331314086914 33.810718536377 33.6946640014648 33.6284942626953 33.5766906738281 33.4520606994629 33.3682746887207 33.315544128418 33.2697372436523 33.2243843078613 33.174388885498 33.0507392883301 32.7373695373535 32.4087753295898 32.4392433166504 -3.4e+38
