inst/extdata/Tmax/Tmax131.asc
NCOLS 100 
NROWS 79 
XLLCORNER 148.06 
YLLCORNER -21.49 
CELLSIZE 0.01 
NODATA_value -3.4e+38 
[rows 0 to 19 of 79, columns 46 to 91 of 100]
36.5130233764648 36.3638458251953 36.284912109375 36.2977714538574 36.2956237792969 36.1952476501465 36.40087890625 36.2636604309082 36.1096343994141 35.9721221923828 35.914924621582 35.7004127502441 35.6346588134766 35.8500709533691 36.1211242675781 36.0756072998047 35.9935646057129 35.8726081848145 35.6389656066895 35.512393951416 35.4369659423828 -3.4e+38 -3.4e+38 -3.4e+38 -3.4e+38 -3.4e+38 -3.4e+38 -3.4e+38 -3.4e+38 -3.4e+38 -3.4e+38 -3.4e+38 -3.4e+38 -3.4e+38 -3.4e+38 -3.4e+38 -3.4e+38 -3.4e+38 -3.4e+38 -3.4e+38 -3.4e+38 -3.4e+38 -3.4e+38 -3.4e+38 -3.4e+38 -3.4e+38
36.4935035705566 36.2549247741699 36.0690727233887 36.3003082275391 36.4571571350098 36.4638442993164 36.4403076171875 36.3643112182617 36.0798683166504 35.7181510925293 35.8475036621094 35.4079170227051 35.8636093139648 36.1604309082031 36.16748046875 36.110279083252 36.0399322509766 35.9469947814941 35.7995758056641 35.7468414306641 35.6852798461914 35.6000099182129 -3.4e+38 -3.4e+38 -3.4e+38 -3.4e+38 -3.4e+38 -3.4e+38 -3.4e+38 -3.4e+38 -3.4e+38 -3.4e+38 -3.4e+38 -3.4e+38 -3.4e+38 -3.4e+38 -3.4e+38 -3.4e+38 -3.4e+38 -3.4e+38 -3.4e+38 -3.4e+38 -3.4e+38 -3.4e+38 -3.4e+38 -3.4e+38
36.4162483215332 35.7874412536621 35.108455657959 36.2648963928223 36.4490547180176 36.460578918457 36.4593887329102 36.4272232055664 36.2393112182617 35.7422943115234 35.836124420166 35.9731369018555 36.0608100891113 36.2188606262207 36.2115898132324 36.1470108032227 36.094165802002 36.0322608947754 35.9437103271484 35.7669982910156 35.7603607177734 35.6522407531738 35.4845199584961 35.2739524841309 -3.4e+38 -3.4e+38 -3.4e+38 -3.4e+38 -3.4e+38 -3.4e+38 -3.4e+38 -3.4e+38 -3.4e+38 -3.4e+38 -3.4e+38 -3.4e+38 -3.4e+38 -3.4e+38 -3.4e+38 -3.4e+38 -3.4e+38 -3.4e+38 -3.4e+38 -3.4e+38 -3.4e+38 -3.4e+38
36.0612487792969 36.1236953735352 35.2289161682129 36.1734504699707 36.350757598877 36.4018821716309 36.474666595459 36.4025688171387 36.3019142150879 36.025016784668 35.9482688903809 35.7403678894043 36.0637969970703 36.2006797790527 36.2447204589844 36.1791877746582 36.1528663635254 36.1157150268555 36.0119438171387 35.6996459960938 35.5556488037109 35.6065788269043 35.5824203491211 35.5413208007812 35.4247627258301 35.1103973388672 -3.4e+38 -3.4e+38 -3.4e+38 -3.4e+38 -3.4e+38 -3.4e+38 -3.4e+38 -3.4e+38 -3.4e+38 -3.4e+38 -3.4e+38 -3.4e+38 -3.4e+38 -3.4e+38 -3.4e+38 -3.4e+38 -3.4e+38 -3.4e+38 -3.4e+38 -3.4e+38
36.0605850219727 36.0899276733398 35.0995178222656 35.2975845336914 35.9647178649902 36.4024848937988 36.4951972961426 36.3836822509766 36.3724517822266 36.1086273193359 35.8635330200195 35.7105674743652 35.3926277160645 35.9650764465332 36.2110633850098 36.1534538269043 36.2072372436523 36.184642791748 35.9871597290039 35.3323936462402 34.8848724365234 35.5854835510254 35.6837043762207 35.6507339477539 35.4681434631348 35.2596664428711 -3.4e+38 -3.4e+38 -3.4e+38 -3.4e+38 -3.4e+38 -3.4e+38 -3.4e+38 -3.4e+38 -3.4e+38 -3.4e+38 -3.4e+38 -3.4e+38 -3.4e+38 -3.4e+38 -3.4e+38 -3.4e+38 -3.4e+38 -3.4e+38 -3.4e+38 -3.4e+38
35.3645210266113 35.9840431213379 34.7197914123535 34.2144470214844 35.6707077026367 36.477237701416 36.4359741210938 36.3979568481445 36.36279296875 36.0172233581543 35.2405395507812 34.9674339294434 35.2590789794922 36.0842590332031 36.0161781311035 36.1833534240723 36.2470245361328 36.2045631408691 36.1414566040039 35.5753974914551 34.9233741760254 35.0053100585938 35.4874153137207 35.5753707885742 35.5845031738281 35.5324554443359 -3.4e+38 -3.4e+38 -3.4e+38 -3.4e+38 -3.4e+38 -3.4e+38 -3.4e+38 -3.4e+38 -3.4e+38 -3.4e+38 -3.4e+38 -3.4e+38 -3.4e+38 -3.4e+38 -3.4e+38 -3.4e+38 -3.4e+38 -3.4e+38 -3.4e+38 -3.4e+38
34.663459777832 35.9769325256348 35.4610328674316 35.3988189697266 36.2256011962891 36.4534454345703 36.3163032531738 36.2293701171875 36.3748550415039 35.9610366821289 35.3482551574707 35.3487930297852 35.9341049194336 36.0600738525391 35.2675018310547 36.0572738647461 36.1303939819336 36.1527824401855 36.205005645752 35.9659194946289 35.6232452392578 35.3974113464355 35.6197052001953 35.4191970825195 35.6739807128906 35.7210655212402 35.6331672668457 35.4292373657227 -3.4e+38 -3.4e+38 -3.4e+38 -3.4e+38 -3.4e+38 -3.4e+38 -3.4e+38 -3.4e+38 -3.4e+38 -3.4e+38 -3.4e+38 -3.4e+38 -3.4e+38 -3.4e+38 -3.4e+38 -3.4e+38 -3.4e+38 -3.4e+38
34.0602416992188 35.9924850463867 36.3852882385254 36.2279586791992 35.3870582580566 35.5993461608887 36.1451416015625 36.2856178283691 36.4347152709961 36.2771759033203 35.9372062683105 35.5824508666992 35.6141319274902 35.8149185180664 35.4317932128906 36.0579147338867 35.4349327087402 35.4114303588867 36.0576858520508 36.1872863769531 36.0419311523438 35.8297576904297 35.7512893676758 35.8161735534668 35.8089981079102 35.7949104309082 35.6544036865234 35.5559959411621 35.3457183837891 34.9184989929199 34.9087371826172 -3.4e+38 -3.4e+38 -3.4e+38 -3.4e+38 -3.4e+38 -3.4e+38 -3.4e+38 -3.4e+38 -3.4e+38 -3.4e+38 -3.4e+38 -3.4e+38 -3.4e+38 -3.4e+38 -3.4e+38
34.0212554931641 35.6117172241211 36.4165573120117 36.324577331543 35.6003761291504 34.3405914306641 35.4872779846191 36.3810844421387 36.4554252624512 36.3627967834473 36.233814239502 36.0106506347656 36.0371170043945 35.8927421569824 35.4452857971191 35.3918342590332 35.0314559936523 35.7175827026367 36.0035018920898 36.082347869873 36.0998268127441 35.7940101623535 35.4506988525391 35.1724319458008 35.8193969726562 35.8808822631836 35.7933044433594 35.6728553771973 35.5907402038574 35.1247596740723 35.016902923584 35.1762504577637 -3.4e+38 -3.4e+38 -3.4e+38 -3.4e+38 -3.4e+38 -3.4e+38 -3.4e+38 -3.4e+38 -3.4e+38 -3.4e+38 -3.4e+38 -3.4e+38 -3.4e+38 -3.4e+38
34.6945915222168 35.6286087036133 36.3141021728516 36.3115272521973 36.2939872741699 35.1189956665039 35.3855361938477 36.3058815002441 36.4687004089355 36.3706283569336 36.201286315918 35.9838714599609 35.8824729919434 35.988151550293 35.4138298034668 35.1541519165039 35.0910987854004 36.0987396240234 35.9714050292969 35.7120399475098 36.0697822570801 36.0515213012695 35.8837013244629 35.5832862854004 35.9688491821289 35.9289741516113 35.8065032958984 35.8721694946289 35.760139465332 35.5343933105469 35.1607131958008 35.2028884887695 -3.4e+38 -3.4e+38 -3.4e+38 -3.4e+38 -3.4e+38 -3.4e+38 -3.4e+38 -3.4e+38 -3.4e+38 -3.4e+38 -3.4e+38 -3.4e+38 -3.4e+38 -3.4e+38
34.016357421875 35.5035171508789 35.8352890014648 35.6564865112305 35.9627113342285 36.1906890869141 35.9509010314941 36.3396492004395 36.4371299743652 36.3545074462891 36.209545135498 36.0592842102051 35.8900184631348 36.2199516296387 36.0898742675781 36.011302947998 36.0790939331055 36.2840385437012 36.2957344055176 35.8167495727539 35.4049758911133 36.0221672058105 36.2034950256348 35.7529945373535 35.7815742492676 35.6568717956543 35.6470527648926 35.9650726318359 35.861083984375 35.6472129821777 -3.4e+38 -3.4e+38 -3.4e+38 -3.4e+38 -3.4e+38 -3.4e+38 -3.4e+38 -3.4e+38 -3.4e+38 -3.4e+38 -3.4e+38 -3.4e+38 -3.4e+38 -3.4e+38 -3.4e+38 -3.4e+38
33.5063629150391 34.236644744873 34.4812774658203 34.256763458252 35.1701316833496 35.7474670410156 36.0877838134766 36.3465003967285 36.3538513183594 36.2865562438965 36.1303329467773 35.9757919311523 35.8544502258301 36.4281539916992 36.4320068359375 36.3096122741699 36.3324546813965 36.4314804077148 36.4851150512695 36.4082069396973 36.0611343383789 35.887321472168 36.2522163391113 36.090389251709 35.8837051391602 36.0127258300781 36.0654525756836 35.8508453369141 35.7801933288574 35.6747703552246 -3.4e+38 -3.4e+38 -3.4e+38 -3.4e+38 -3.4e+38 -3.4e+38 -3.4e+38 -3.4e+38 -3.4e+38 -3.4e+38 -3.4e+38 -3.4e+38 -3.4e+38 -3.4e+38 -3.4e+38 -3.4e+38
33.4981079101562 32.7012596130371 32.1899909973145 32.2845802307129 33.9581146240234 34.4470672607422 35.5604400634766 35.8866119384766 36.1806831359863 36.0896949768066 35.9030227661133 36.2123641967773 36.2270393371582 36.1453437805176 36.5634346008301 36.5516700744629 36.507266998291 36.5308074951172 36.5579833984375 36.5565986633301 36.5161628723145 36.4602508544922 36.3403053283691 36.3075332641602 36.0442581176758 36.1360626220703 36.1410980224609 35.9108734130859 35.6888313293457 35.6242141723633 35.5388603210449 35.312385559082 -3.4e+38 -3.4e+38 -3.4e+38 -3.4e+38 -3.4e+38 -3.4e+38 -3.4e+38 -3.4e+38 -3.4e+38 -3.4e+38 -3.4e+38 -3.4e+38 -3.4e+38 -3.4e+38
33.5175361633301 32.8755416870117 32.1406211853027 31.6938571929932 32.1668930053711 32.811653137207 34.4153442382812 35.512996673584 36.1787414550781 36.0323905944824 35.592945098877 36.1495018005371 36.4611968994141 36.5171051025391 36.5491485595703 36.5786018371582 36.6178703308105 36.6223258972168 36.6173553466797 36.6045608520508 36.5793037414551 36.5391502380371 36.4859848022461 36.4257011413574 36.2198677062988 36.2662734985352 36.1988105773926 36.0261268615723 35.817928314209 35.7798614501953 35.741268157959 35.6471786499023 35.4251441955566 -3.4e+38 -3.4e+38 -3.4e+38 -3.4e+38 35.0193634033203 35.0630950927734 -3.4e+38 -3.4e+38 -3.4e+38 -3.4e+38 -3.4e+38 -3.4e+38 -3.4e+38
33.9878463745117 32.9529266357422 32.2288589477539 31.9109878540039 32.340087890625 32.1201820373535 33.0648078918457 34.5716094970703 35.7753601074219 36.1299476623535 35.1571464538574 35.9266166687012 36.3414611816406 35.9369125366211 36.0275039672852 36.4145812988281 36.5246963500977 36.6057510375977 36.5773544311523 36.476146697998 36.5166130065918 36.487190246582 36.507999420166 36.4787445068359 36.424976348877 36.3055267333984 36.2259330749512 36.1135520935059 36.0091590881348 35.9483757019043 35.917839050293 35.8194389343262 35.5088081359863 -3.4e+38 -3.4e+38 -3.4e+38 -3.4e+38 35.151252746582 35.1045532226562 35.2807159423828 35.2694931030273 35.0865211486816 -3.4e+38 -3.4e+38 -3.4e+38 -3.4e+38
33.9627075195312 32.9380035400391 32.2677536010742 32.6153717041016 32.4303817749023 32.7297172546387 32.5202674865723 33.6670989990234 35.6215667724609 36.2863159179688 35.3653373718262 35.3402442932129 36.0832405090332 34.4286193847656 35.3457336425781 35.6972846984863 36.2151565551758 36.5879936218262 36.5865364074707 36.5176124572754 36.5171546936035 36.5142135620117 36.5387763977051 36.5067024230957 36.4585762023926 36.2387771606445 36.2316856384277 36.1866607666016 36.1523742675781 36.1243019104004 36.0440940856934 35.9369239807129 35.7996368408203 -3.4e+38 -3.4e+38 35.6350288391113 35.4688911437988 35.261157989502 35.1325836181641 34.9126358032227 35.0600166320801 35.2835922241211 -3.4e+38 -3.4e+38 -3.4e+38 -3.4e+38
32.8715400695801 31.8327693939209 31.7803020477295 32.8233184814453 33.0834503173828 32.9864311218262 32.6418800354004 32.9156837463379 34.9770164489746 36.1327667236328 36.1531524658203 35.4182891845703 35.8938980102539 34.6743698120117 34.6932792663574 34.75634765625 35.9540634155273 36.5889854431152 36.6151237487793 36.6444435119629 36.6484451293945 36.6104316711426 36.5782585144043 36.3689117431641 36.3864135742188 36.2890434265137 36.2869148254395 36.2937545776367 36.277099609375 36.2193603515625 36.1375198364258 36.0583915710449 35.9844436645508 -3.4e+38 35.8722686767578 35.8540420532227 35.7974853515625 -3.4e+38 35.3027038574219 -3.4e+38 35.0110969543457 -3.4e+38 -3.4e+38 -3.4e+38 -3.4e+38 -3.4e+38
32.8341979980469 31.6267223358154 31.0036888122559 33.1371879577637 33.2896347045898 32.7477989196777 32.4268035888672 32.520637512207 33.8168563842773 35.8798370361328 35.9859962463379 35.6135520935059 35.728588104248 35.8391799926758 35.252124786377 36.2593193054199 36.4819107055664 36.5898361206055 36.6369552612305 36.6382865905762 36.6362228393555 36.6168937683105 36.5958290100098 36.5242347717285 36.5239715576172 36.4653396606445 36.4337997436523 36.4012794494629 36.3197822570801 36.3077354431152 36.2435531616211 36.1899337768555 36.1415367126465 36.0799713134766 36.0453910827637 36.0451049804688 35.9225845336914 -3.4e+38 -3.4e+38 -3.4e+38 -3.4e+38 -3.4e+38 -3.4e+38 35.310718536377 -3.4e+38 -3.4e+38
34.2635345458984 33.9976615905762 32.2521057128906 33.4723129272461 32.2641296386719 32.2419815063477 32.589973449707 32.8172416687012 34.6105766296387 35.865104675293 35.6047096252441 35.0675888061523 35.8532752990723 36.2339210510254 36.3381195068359 36.3989562988281 36.5202713012695 36.2367248535156 36.3909378051758 36.5549087524414 36.534423828125 36.581413269043 36.6017570495605 36.5854873657227 36.5699119567871 36.5320816040039 36.5102615356445 36.3978538513184 36.1025390625 36.234920501709 36.322681427002 36.3139381408691 36.2809104919434 36.2070732116699 36.1770553588867 36.1243133544922 36.0139465332031 35.9204978942871 35.8321380615234 35.7839546203613 35.7781448364258 35.6943473815918 35.4791526794434 35.317440032959 -3.4e+38 -3.4e+38
34.3338279724121 33.6552047729492 34.1492156982422 33.9856567382812 32.8509292602539 32.8524742126465 32.5290870666504 32.6865234375 34.4320106506348 35.6169204711914 35.9917755126953 35.7919692993164 36.1100883483887 36.3834762573242 36.2770538330078 36.1545677185059 36.3407936096191 36.103931427002 35.9660720825195 36.1382484436035 36.4408721923828 36.5154876708984 36.5461387634277 36.589916229248 36.6023902893066 36.5792541503906 36.5438690185547 36.3737907409668 36.1357460021973 36.3317184448242 36.3067741394043 36.4016952514648 36.3042259216309 36.2560081481934 36.2225875854492 36.1156768798828 36.057071685791 36.0331344604492 36.0152244567871 35.995662689209 35.9672737121582 35.8630599975586 35.5559997558594 35.2414131164551 35.3036651611328 -3.4e+38
