inst/extdata/Tmax/Tmax145.asc
NCOLS 100 
NROWS 79 
XLLCORNER 148.06 
YLLCORNER -21.49 
CELLSIZE 0.01 
NODATA_value -3.4e+38 
[rows 0 to 19 of 79, columns 0 to 45 of 100]
32.243122100830099 31.8866653442383 30.9199199676514 31.2747459411621 31.4099941253662 31.8326377868652 32.0295524597168 32.1946563720703 32.141658782959 31.9514961242676 31.4601383209229 31.2469482421875 31.1556663513184 29.9178447723389 30.3915576934814 30.8000564575195 31.1782417297363 31.1383895874023 30.3177604675293 29.6493320465088 29.4963798522949 28.5693302154541 28.9832878112793 30.2358360290527 30.7287063598633 30.9648475646973 30.8286552429199 30.8671703338623 30.5433692932129 30.1650695800781 29.2931442260742 27.449426651001 28.6928157806396 28.5985088348389 27.4111671447754 26.3120632171631 26.1976318359375 25.8118495941162 26.5637321472168 28.3883190155029 29.8681144714355 30.1810493469238 31.0297012329102 31.425479888916 31.636417388916 31.7995166778564
32.0655288696289 31.5269165039062 30.7572841644287 30.8422908782959 30.2659225463867 31.1735744476318 31.7483329772949 32.0736312866211 32.1985321044922 32.0651588439941 31.7041835784912 31.3803520202637 31.4863414764404 31.0511989593506 30.8752479553223 30.7505302429199 31.1552276611328 31.1781063079834 30.1709003448486 29.5691471099854 30.0817565917969 29.8252277374268 29.7047595977783 30.1322727203369 30.5860023498535 30.756031036377 31.0259895324707 30.9637470245361 30.7368659973145 30.5106754302979 29.6638050079346 28.2762546539307 29.4226951599121 29.0021533966064 28.3283615112305 27.363977432251 26.9233932495117 27.2827758789062 28.3385162353516 29.4312171936035 31.0213890075684 31.5107460021973 31.6781597137451 31.6934471130371 31.7717819213867 31.8356552124023
32.0458488464355 31.2119216918945 31.325777053833 31.4488468170166 30.9782466888428 31.089262008667 31.4993000030518 32.0792808532715 32.2587738037109 32.1062126159668 31.7967700958252 31.6581840515137 31.5553016662598 31.4897155761719 31.1712913513184 31.0100116729736 31.214319229126 31.3618774414062 30.7682876586914 30.5660266876221 30.4078369140625 30.0753917694092 29.8348026275635 29.9468250274658 30.7854137420654 31.0444202423096 30.8664722442627 30.8362770080566 30.8215732574463 30.4962310791016 30.5393314361572 29.549409866333 29.7799224853516 28.5418548583984 28.2300319671631 27.5866184234619 27.0677013397217 26.5802726745605 27.6012935638428 28.7849540710449 30.1624774932861 31.3354778289795 31.7306728363037 31.8255405426025 31.8203792572021 31.7843036651611
32.2878341674805 31.9161434173584 31.5657539367676 32.203125 31.6593379974365 31.2140846252441 31.6020927429199 32.1870880126953 32.3565101623535 32.2026786804199 32.0397491455078 31.9946308135986 31.8741188049316 31.6923637390137 31.2344722747803 31.0492935180664 31.4084167480469 31.4501419067383 31.2114639282227 30.7235717773438 30.3866119384766 30.0007839202881 30.0704364776611 30.0236892700195 30.6085987091064 31.0405693054199 30.6571235656738 30.9213447570801 30.7213516235352 29.8738441467285 30.4253063201904 30.4931812286377 29.7290229797363 28.4667186737061 27.8867588043213 27.001859664917 27.2760105133057 26.7673225402832 26.6424102783203 26.1427803039551 27.698860168457 30.4489784240723 31.5386371612549 31.8134059906006 31.5397396087646 31.4411392211914
32.8878364562988 32.2906684875488 32.0322418212891 32.4583625793457 32.2012672424316 31.5162715911865 31.5508804321289 32.225212097168 32.3742942810059 31.9664745330811 31.9610424041748 32.1729736328125 32.0296287536621 31.7246971130371 31.3346290588379 31.4852123260498 31.5595092773438 31.2820167541504 30.7966613769531 30.0368995666504 30.215015411377 30.3834457397461 30.5054607391357 30.695104598999 30.6910629272461 30.3413581848145 31.0871295928955 30.6814994812012 30.5358200073242 30.0258827209473 30.3792457580566 30.1908493041992 29.8668270111084 28.8637008666992 28.3365058898926 28.6407508850098 28.32643699646 27.7681293487549 27.2167587280273 26.4659194946289 26.104471206665 29.5188674926758 31.2098083496094 31.7145023345947 30.9437847137451 30.1439456939697
33.0584030151367 32.7816200256348 32.0298843383789 32.4843254089355 32.5528602600098 32.0970420837402 31.7943077087402 32.2712783813477 32.4347991943359 32.1155967712402 31.9874668121338 32.2691764831543 32.0909729003906 31.7873058319092 31.0876178741455 31.6113624572754 31.5142364501953 31.0389556884766 30.4648056030273 30.0275573730469 30.1210441589355 30.381067276001 30.6942119598389 30.6829528808594 30.9777526855469 30.8550109863281 30.9268932342529 30.138162612915 30.1239414215088 29.0152797698975 29.7514934539795 30.2360534667969 30.3224544525146 29.9750785827637 29.6070938110352 29.5322246551514 28.6831569671631 28.181957244873 27.8444271087646 27.0119667053223 26.4970302581787 29.1051902770996 31.0871677398682 31.6752185821533 31.1308422088623 28.8100185394287
33.2734146118164 32.9804763793945 32.5693740844727 32.7453155517578 32.6827812194824 32.268310546875 31.570894241333 32.1632537841797 32.3569679260254 32.4978179931641 32.4241371154785 32.2515029907227 31.7839775085449 31.8945083618164 31.852466583252 31.6900959014893 31.4749374389648 30.8825836181641 30.6524200439453 30.3305816650391 29.7232818603516 29.9327297210693 30.4111595153809 30.8046340942383 31.1624565124512 31.0738868713379 31.0826454162598 30.514087677002 30.1317329406738 28.8948764801025 28.8935146331787 29.0111236572266 29.9815540313721 30.144624710083 29.6658096313477 29.5442905426025 28.9612579345703 27.5459728240967 27.7836132049561 27.3289222717285 27.1588821411133 28.9339637756348 30.8540954589844 31.419059753418 31.1890735626221 29.2935562133789
33.2654228210449 33.1475715637207 32.8358116149902 32.8598213195801 32.8073348999023 32.509822845459 31.8733711242676 31.7302188873291 32.0588188171387 32.4225616455078 32.5323600769043 32.2100105285645 31.4758434295654 31.7059211730957 31.9442501068115 31.1992435455322 31.1371383666992 30.3313102722168 30.2459754943848 29.9940567016602 29.2901039123535 29.7798137664795 30.225549697876 30.7997035980225 31.2882595062256 31.2915534973145 30.8453235626221 30.3738574981689 30.1779232025146 29.3796806335449 28.0179786682129 28.3157520294189 28.6570320129395 29.2608318328857 29.6496391296387 29.0231704711914 29.0952472686768 28.1880302429199 27.16015625 27.4470996856689 27.6577224731445 28.7899532318115 29.8227882385254 31.0258331298828 30.9924774169922 28.9357948303223
33.0226593017578 33.2606620788574 33.0819358825684 33.0205001831055 32.8673667907715 32.5888328552246 32.1908149719238 31.6779441833496 31.8596611022949 32.4138984680176 32.5779037475586 32.5149841308594 32.2777786254883 32.1048431396484 31.7035827636719 30.8813323974609 31.0780372619629 30.811014175415 30.9478416442871 29.9693183898926 29.9635276794434 29.8037338256836 29.9028663635254 30.6059875488281 31.2182483673096 31.4026107788086 30.4199695587158 29.5034103393555 29.5869693756104 29.4839305877686 28.866678237915 28.2932777404785 27.8438415527344 28.3150596618652 29.2445030212402 28.6102561950684 28.3676605224609 28.3105335235596 27.3371124267578 27.0022068023682 27.2229537963867 27.3233833312988 28.2465190887451 29.8904438018799 30.4629173278809 29.0483875274658
32.7101211547852 33.1607360839844 33.2370986938477 33.0723686218262 32.8366851806641 32.6960220336914 32.4735374450684 31.9619369506836 31.5971298217773 32.3303375244141 32.581859588623 32.1388931274414 31.3541774749756 31.4185466766357 31.5230121612549 31.4882755279541 31.5161876678467 31.3534297943115 31.1220149993896 30.7820930480957 30.429126739502 29.7583656311035 30.1021595001221 30.9762496948242 31.4470863342285 31.3279590606689 30.5711421966553 30.4006385803223 29.8607349395752 29.3190670013428 28.022102355957 27.6252136230469 28.7271728515625 28.575532913208 28.355318069458 28.1075687408447 27.8824043273926 28.1773529052734 27.6130466461182 26.8434143066406 26.8724842071533 26.2973442077637 27.1676826477051 28.3504314422607 28.6659183502197 28.014684677124
32.3584632873535 32.6989707946777 33.2592964172363 33.1445922851562 32.9892349243164 32.8888626098633 32.6750297546387 32.2586441040039 32.2332763671875 32.4816703796387 32.631160736084 32.2121505737305 31.8401050567627 31.0252056121826 31.2038059234619 31.507776260376 31.6365070343018 31.8465633392334 31.3510627746582 31.1293849945068 30.6925239562988 30.2990303039551 30.3701591491699 30.9652538299561 31.4227619171143 31.3126430511475 30.5638942718506 29.7731246948242 28.7226543426514 28.7143211364746 28.333797454834 28.2757606506348 29.1575012207031 28.8854084014893 27.9515838623047 27.6829452514648 28.1702899932861 27.8687534332275 27.4711380004883 26.8999500274658 26.9509696960449 26.6808300018311 26.3276557922363 27.066089630127 27.5039501190186 27.8171520233154
32.1825332641602 32.2514419555664 33.2251319885254 33.2179374694824 33.1158180236816 32.9701194763184 32.7788429260254 32.4022445678711 32.4372940063477 32.7515907287598 32.6846237182617 32.4670524597168 32.0565567016602 31.5116634368896 31.3933906555176 31.7172451019287 32.0495185852051 32.0350456237793 31.7425518035889 31.2340850830078 30.6816673278809 30.3252658843994 30.4914894104004 30.645938873291 30.8717803955078 31.2261962890625 30.1757526397705 29.3396034240723 28.69944190979 28.941951751709 29.0054721832275 28.9176235198975 29.3461437225342 28.7864990234375 28.519926071167 28.4214057922363 27.9783897399902 27.3670482635498 27.9009895324707 28.1314010620117 27.6763668060303 27.2088451385498 26.6726665496826 27.1242446899414 27.6598930358887 28.0622653961182
32.3535423278809 32.903434753418 33.2069473266602 33.1562385559082 33.1620635986328 33.048454284668 32.8921432495117 32.4698333740234 32.5581970214844 32.8934364318848 32.6666526794434 32.5876731872559 32.3430290222168 32.4149169921875 32.2994346618652 32.2704277038574 32.2751960754395 32.1837615966797 31.930046081543 31.3530311584473 31.0511703491211 31.2241973876953 31.5006828308105 31.7459831237793 31.5783176422119 31.1136226654053 30.8874645233154 30.3686237335205 29.9744052886963 29.7731151580811 29.8335227966309 29.6148452758789 29.5067348480225 28.8988971710205 28.3081645965576 27.8356227874756 27.2798442840576 28.4157238006592 28.7063255310059 28.6426601409912 27.2524127960205 27.1724529266357 26.6750411987305 26.3915157318115 27.7239170074463 28.295238494873
32.8636131286621 33.0951271057129 33.1650543212891 33.0685157775879 33.078426361084 33.1254692077637 33.0603942871094 32.9197235107422 32.683235168457 32.8280448913574 32.7871780395508 32.7069473266602 32.5578155517578 32.4377174377441 32.3123321533203 32.2194442749023 32.3706665039062 32.2710838317871 32.1067924499512 31.975549697876 31.8559112548828 31.8123435974121 31.5828495025635 31.702507019043 31.2166843414307 30.1260547637939 30.0612754821777 29.626070022583 29.0385284423828 29.8444213867188 30.1300411224365 30.08713722229 29.2949466705322 28.9711875915527 28.8393268585205 28.7728061676025 28.7494068145752 28.4195804595947 29.0576019287109 29.405933380127 28.8598937988281 28.3848743438721 27.72536277771 27.160457611084 28.2405166625977 28.7471408843994
32.025074005127 32.6530380249023 33.1299896240234 33.0471611022949 32.9039001464844 33.0067253112793 32.9592666625977 32.7668838500977 32.2990684509277 32.3442230224609 32.7034225463867 32.4901351928711 31.9079666137695 32.0846710205078 32.2790336608887 31.6708736419678 32.137336730957 32.3365783691406 32.2726173400879 32.2092628479004 32.1394004821777 31.6955604553223 30.9994125366211 31.4133472442627 31.222204208374 30.9243583679199 30.8346557617188 30.4758319854736 30.0843276977539 30.3529281616211 30.2985439300537 30.0218639373779 29.5483016967773 29.7938404083252 29.7462310791016 28.7658557891846 29.3410720825195 28.4613666534424 28.7862205505371 29.5668544769287 29.5374431610107 29.2639923095703 28.485221862793 27.631872177124 28.2699680328369 29.04714012146
31.0904655456543 32.1782112121582 32.998966217041 33.135570526123 33.0551071166992 33.0206298828125 32.906982421875 32.7780990600586 32.5335998535156 31.9677448272705 31.5304794311523 32.3305282592773 31.4210414886475 31.0843544006348 32.0189170837402 31.6252117156982 31.5971508026123 32.1024627685547 32.1257820129395 32.1190223693848 32.1215171813965 32.0912094116211 31.932897567749 31.6699504852295 31.2103271484375 30.7938194274902 30.8012008666992 30.7370548248291 30.6686611175537 30.467643737793 30.2812023162842 29.8546657562256 29.5606060028076 30.2175064086914 30.0813827514648 29.7938690185547 29.8016376495361 29.2078742980957 28.842960357666 29.5316219329834 29.7237873077393 29.0687770843506 27.7796573638916 26.6597557067871 27.1037292480469 28.8476963043213
32.1642112731934 31.9831142425537 32.6188087463379 32.8183135986328 33.0586433410645 33.0183219909668 32.8883972167969 32.7302360534668 32.5556945800781 32.2346038818359 31.5368843078613 31.9848136901855 30.8640460968018 30.6016025543213 31.3896350860596 31.2313213348389 30.507251739502 31.6650485992432 31.652271270752 31.6247406005859 31.8934421539307 32.0620231628418 31.9489116668701 31.4850425720215 30.5967903137207 29.9949970245361 29.5903854370117 29.9357490539551 30.5001945495605 29.9001789093018 29.6720180511475 28.9021110534668 29.6186141967773 30.4767627716064 30.2777938842773 30.0705604553223 30.1158809661865 29.6687698364258 29.2878189086914 29.5710620880127 29.7691631317139 28.6280174255371 27.6314697265625 27.9390773773193 28.2866802215576 28.8782386779785
32.2974891662598 32.669864654541 32.7556228637695 32.7652702331543 32.9133949279785 32.9694976806641 32.9014282226562 32.8044013977051 32.6298027038574 32.1314964294434 31.7066059112549 31.3074722290039 30.8805618286133 30.5024967193604 31.0354862213135 30.8826370239258 30.9022235870361 30.7181053161621 30.4515476226807 30.4280681610107 31.6251564025879 31.910831451416 31.8820571899414 31.7619457244873 31.134069442749 29.9475135803223 28.5346603393555 29.3626823425293 30.1726455688477 29.2081165313721 29.5824699401855 30.1698474884033 30.4622592926025 30.7346954345703 30.6365947723389 30.4246368408203 29.936450958252 29.095365524292 29.5460453033447 29.7702293395996 30.0868244171143 29.7269916534424 29.5759353637695 29.5473709106445 29.4921207427979 28.9226760864258
32.5706977844238 32.5517997741699 32.3947944641113 32.4988136291504 32.978199005127 32.8597373962402 32.8760986328125 32.8534126281738 32.7483596801758 32.3663444519043 31.196117401123 31.2862873077393 30.8354625701904 29.6923179626465 30.4311408996582 30.1925163269043 30.0154495239258 29.3248405456543 30.1583061218262 30.5291290283203 31.6462516784668 31.6713790893555 31.8078193664551 31.9096031188965 31.0167655944824 29.9281921386719 28.7698001861572 29.5489177703857 30.1571197509766 29.6557922363281 30.1446208953857 30.5901794433594 30.9709167480469 30.9688186645508 30.5144348144531 30.2439918518066 29.8781852722168 29.6034412384033 30.1234893798828 30.2026443481445 30.235559463501 30.1453056335449 30.0212650299072 29.3686580657959 28.5304927825928 28.4882926940918
32.7277603149414 32.7114791870117 32.6911888122559 32.5368843078613 32.9960517883301 32.9894676208496 32.9250984191895 32.8598861694336 32.7817726135254 32.6693572998047 32.3177299499512 31.5458526611328 30.6850719451904 29.4893627166748 29.8042640686035 29.7616806030273 29.3197975158691 29.6077156066895 29.8523483276367 30.8821601867676 31.6740112304688 31.244255065918 31.9586658477783 31.7921352386475 31.1773052215576 30.9251346588135 29.8466014862061 29.9549674987793 30.2965450286865 30.1159057617188 30.7185802459717 30.6844482421875 31.1225929260254 31.0426940917969 30.8831596374512 30.6280899047852 29.7897872924805 29.9513168334961 30.2050399780273 30.1927852630615 30.2198085784912 30.0712223052979 29.9958457946777 29.4818458557129 29.4021244049072 29.268762588501
