data/Tmax/Tmax2.asc
NCOLS 100 
NROWS 79 
XLLCORNER 148.06 
YLLCORNER -21.49 
CELLSIZE 0.01 
NODATA_value -9999 
[rows 0 to 19 of 79, columns 0 to 45 of 100]
32.096778869628899 32.1638412475586 31.4245491027832 32.4108428955078 32.4121360778809 32.6822547912598 32.6661262512207 32.374584197998 32.1094055175781 32.2428207397461 31.8004169464111 31.7823696136475 31.7739276885986 30.682258605957 31.095329284668 31.4250812530518 31.5984649658203 31.6242771148682 30.2847118377686 29.7276859283447 28.8157024383545 27.4669017791748 27.9308624267578 29.2153224945068 29.7734661102295 30.3555335998535 29.9329719543457 29.8718719482422 30.1371421813965 29.7689476013184 27.7818393707275 25.9685230255127 23.9371509552002 24.0746822357178 22.8985939025879 21.615930557251 21.1868171691895 20.8807964324951 21.5307674407959 23.3003807067871 24.7461280822754 24.9903717041016 25.3805980682373 30.8425674438477 30.4082679748535 29.3546810150146
32.7175483703613 31.6614112854004 30.2392635345459 30.933256149292 30.899658203125 31.9278678894043 32.3666076660156 32.5012474060059 33.0325241088867 33.1021423339844 32.5051422119141 31.5330963134766 32.1385459899902 31.0956630706787 31.3592567443848 31.0125408172607 31.7874603271484 31.5667686462402 30.812629699707 29.9031085968018 30.0858993530273 29.2728481292725 28.9986629486084 29.3840503692627 29.7879753112793 30.2572040557861 30.5973358154297 30.545446395874 30.2216053009033 29.7773342132568 28.7417640686035 26.9012584686279 24.595386505127 26.9092979431152 23.7189159393311 22.4505805969238 21.8581771850586 22.7882919311523 23.8120136260986 24.4619808197021 25.5240039825439 25.4490947723389 28.5946578979492 29.3727416992188 29.9718570709229 28.8215255737305
32.5241470336914 31.53759765625 31.5496978759766 32.0860443115234 31.4372138977051 31.7760543823242 32.1745147705078 32.6522254943848 33.0277633666992 33.0916481018066 32.5719299316406 31.8150482177734 32.1089935302734 31.6550197601318 31.0837936401367 31.1022644042969 31.1669158935547 31.4310550689697 30.6389617919922 30.1336994171143 29.6136589050293 29.8869895935059 29.3863067626953 29.6586685180664 30.40891456604 30.5446701049805 30.5332584381104 30.4901924133301 30.6685600280762 30.1243724822998 30.3471755981445 29.0350570678711 30.023473739624 26.9884376525879 28.9717273712158 23.0757122039795 22.0960445404053 21.8101959228516 22.886869430542 23.8725395202637 25.2555599212646 31.2272415161133 31.0635299682617 27.6470603942871 27.4788856506348 30.014331817627
33.0478286743164 32.8217239379883 31.861047744751 32.8851051330566 32.1088600158691 31.5825004577637 32.1599922180176 32.5610008239746 32.846118927002 33.0087471008301 32.7798538208008 32.2370948791504 32.1194534301758 32.112720489502 31.7583065032959 31.6807384490967 31.7673072814941 31.3088989257812 31.1018905639648 30.1193923950195 29.8628101348877 29.6039199829102 29.6868209838867 29.693338394165 30.2573528289795 30.4310970306396 30.3880596160889 30.3410396575928 30.0196971893311 29.281644821167 29.3924579620361 30.4311294555664 29.1680126190186 27.1438903808594 23.2528820037842 22.3693218231201 22.5499515533447 22.0003910064697 21.9605464935303 21.503381729126 23.0284767150879 24.8796844482422 28.1800651550293 31.6808223724365 25.8555393218994 25.9099349975586
33.6953659057617 32.9051475524902 32.7368583679199 33.2440986633301 32.838077545166 32.3554191589355 31.732889175415 32.6513023376465 33.4552879333496 32.7334747314453 32.9032211303711 32.564754486084 32.4853096008301 32.3405227661133 31.8717060089111 31.502965927124 31.4856548309326 30.9394569396973 30.2614002227783 29.5070953369141 29.514102935791 29.9750347137451 29.9789505004883 30.1780166625977 29.8720188140869 29.8150959014893 30.9326190948486 30.1890163421631 30.049690246582 30.2800254821777 29.6005153656006 29.7963047027588 29.0524463653564 28.2372417449951 28.7934608459473 23.8554210662842 23.3806838989258 22.9149932861328 21.6067638397217 21.5569705963135 21.4139156341553 24.61181640625 27.4773616790771 29.4147510528564 25.3792896270752 24.6548614501953
34.1907157897949 33.5685119628906 32.8350830078125 33.1341171264648 33.3092269897461 32.737548828125 32.6906967163086 32.9042129516602 33.0661010742188 32.8679618835449 32.729793548584 33.1206436157227 32.6446762084961 32.1502265930176 31.2500114440918 31.4989967346191 31.4128456115723 30.642240524292 29.9471130371094 29.3700771331787 29.4072227478027 30.0411987304688 30.0974597930908 30.010778427124 30.7461242675781 30.3465347290039 30.4504508972168 29.5051364898682 29.313943862915 28.7447719573975 27.8024387359619 28.7395534515381 29.3872032165527 28.5411834716797 28.1411590576172 28.4594402313232 23.959981918335 23.4359512329102 22.9390544891357 22.4391708374023 21.6175212860107 23.7478179931641 28.5400085449219 27.4609107971191 25.6150341033936 23.2640686035156
33.2151679992676 33.7973937988281 33.6621437072754 33.9505729675293 33.4125747680664 33.0641479492188 32.1562461853027 32.4462661743164 33.002857208252 33.1639709472656 33.3872451782227 33.3784141540527 32.3639030456543 31.8121013641357 31.7156524658203 31.7322597503662 31.2207050323486 30.5041484832764 30.0161609649658 29.4861946105957 28.9071655273438 29.5681114196777 30.0061531066895 30.2195987701416 30.4839286804199 30.8321971893311 30.7152862548828 29.8863830566406 29.693323135376 28.0161876678467 27.1441974639893 26.3130302429199 27.4596080780029 28.2368984222412 28.1465129852295 27.712532043457 24.2711791992188 22.6704807281494 22.7579097747803 22.6389484405518 22.5886363983154 24.0737686157227 29.4130630493164 30.4228477478027 25.8665657043457 28.9007186889648
33.8551177978516 33.3145790100098 34.0548820495605 34.1657066345215 33.5241546630859 33.2610626220703 32.2462272644043 32.345401763916 32.8749237060547 33.0306854248047 32.9573783874512 32.7597312927246 31.9940719604492 32.4688415527344 32.3068046569824 31.0830345153809 30.7561931610107 30.0160789489746 30.4933013916016 29.3082675933838 28.3306694030762 28.9005813598633 29.3684959411621 30.3205795288086 30.5447216033936 30.7952346801758 30.5813636779785 29.662654876709 29.2618789672852 28.8250484466553 26.7862453460693 26.3269271850586 27.0292358398438 26.7732162475586 27.2701969146729 27.5928363800049 23.5556869506836 22.7340717315674 22.3747463226318 22.8091239929199 22.9340934753418 23.8888206481934 24.7673320770264 25.693359375 25.7809810638428 23.9181728363037
33.1101379394531 33.7245788574219 33.3611450195312 33.5030326843262 33.4035034179688 33.353328704834 32.9347801208496 32.1819496154785 32.5469932556152 32.9358596801758 33.0524444580078 33.4483032226562 33.6598663330078 32.5118675231934 32.1137847900391 30.8667602539062 30.6521148681641 30.56174659729 30.7661457061768 29.4969062805176 29.4851570129395 29.0945816040039 29.4156761169434 30.2280807495117 30.652229309082 30.9093170166016 30.0143699645996 28.4788646697998 28.9188365936279 28.7662258148193 27.7561531066895 26.8068332672119 26.4978580474854 25.8292808532715 28.3467674255371 26.36354637146 27.2389488220215 27.5196647644043 22.5192813873291 22.3646183013916 22.4290542602539 22.607889175415 23.0358238220215 24.4056568145752 24.9507083892822 23.8295192718506
32.4777603149414 33.3701591491699 33.5703430175781 34.0283851623535 33.3765411376953 33.4425201416016 32.9745788574219 32.4848136901855 32.6601142883301 32.5766525268555 32.9790267944336 33.0296783447266 31.9920101165771 31.8885746002197 31.8379402160645 31.5848217010498 31.4067687988281 31.1020069122314 30.5712108612061 30.4174728393555 30.4225997924805 29.5876750946045 29.9670143127441 30.6940307617188 31.3593482971191 31.2457695007324 30.1707668304443 29.5976943969727 28.8829574584961 27.7776355743408 26.9814491271973 26.6060752868652 26.6559429168701 27.3067321777344 27.7197608947754 26.0402069091797 23.0469989776611 26.3707046508789 23.0651798248291 22.108528137207 22.0952301025391 21.7491664886475 22.3398628234863 23.3097763061523 23.3168640136719 23.102029800415
32.8044853210449 33.7960205078125 33.6489524841309 33.1150016784668 33.8366203308105 33.9843597412109 33.4091873168945 32.8356018066406 32.9060020446777 32.8623199462891 33.1804542541504 32.6210899353027 32.3554382324219 31.2516403198242 31.3853302001953 31.3851909637451 31.3122329711914 31.4290294647217 31.0257549285889 30.9842300415039 29.8718204498291 29.8140144348145 29.6337909698486 30.4608974456787 30.7037792205811 31.5265274047852 29.9355926513672 28.1447563171387 27.4503536224365 27.2567138671875 26.8601951599121 27.3059940338135 27.9731712341309 27.9123287200928 27.4032516479492 25.6289939880371 23.1905727386475 22.8746795654297 22.8838901519775 22.0995826721191 22.1967296600342 21.738862991333 21.6047344207764 22.3444042205811 22.7979354858398 23.0951728820801
33.289379119873 32.6956481933594 33.2987861633301 33.420783996582 33.4759216308594 34.3962059020996 33.6878433227539 32.9500007629395 32.7475814819336 32.9882621765137 32.6766090393066 33.1497611999512 32.7939453125 32.2547454833984 32.010799407959 31.7699451446533 31.9598426818848 31.7431716918945 31.5196018218994 30.8528060913086 30.0645484924316 29.6300506591797 30.0681800842285 30.0116786956787 29.8305606842041 30.3776187896729 28.9130306243896 28.195140838623 27.6655597686768 27.9128036499023 28.1904373168945 28.1665554046631 28.0883865356445 27.6098136901855 27.5298194885254 26.4592208862305 27.2482223510742 22.2643432617188 22.8678913116455 23.0956954956055 22.895414352417 22.5826377868652 21.7215518951416 22.4628372192383 22.6968288421631 22.7482109069824
33.3952026367188 33.4719276428223 33.4625587463379 34.1571998596191 34.0222816467285 34.0777053833008 33.4042434692383 32.6922645568848 33.0099601745605 33.9591941833496 32.9563293457031 33.2922859191895 32.6100387573242 33.0786590576172 32.6005935668945 32.279411315918 32.7565765380859 32.2180366516113 31.9452266693115 30.691967010498 30.4830131530762 30.8663291931152 30.8947353363037 31.30539894104 31.1589279174805 30.6492748260498 30.2721538543701 29.4876899719238 28.6910037994385 28.3801898956299 29.2099590301514 28.924280166626 28.7621898651123 28.2983512878418 26.9778385162354 26.2585868835449 25.1209907531738 26.458890914917 25.3462524414062 23.6701908111572 22.2417125701904 21.9978828430176 21.5935096740723 21.338924407959 23.0006103515625 23.3104438781738
34.0429077148438 34.2530899047852 32.9529838562012 33.4294738769531 32.9996604919434 33.010196685791 33.7423667907715 33.161548614502 33.3581504821777 33.2878875732422 33.2293815612793 33.0415458679199 32.6662559509277 32.2021865844727 32.5264739990234 32.128002166748 32.4979858398438 32.2045097351074 32.0043869018555 31.3418083190918 31.5377216339111 31.5905437469482 31.3309230804443 31.4356212615967 30.7052001953125 29.0756607055664 28.6676349639893 28.6384353637695 27.9618034362793 28.3295269012451 29.1907520294189 28.9764728546143 28.5382328033447 27.7815742492676 27.1185455322266 28.6714839935303 27.1851902008057 23.4935836791992 27.5899982452393 28.9188060760498 28.1722640991211 23.6166934967041 22.733980178833 22.5626525878906 23.0782051086426 23.8716526031494
32.5663452148438 32.7433776855469 33.241886138916 33.6451988220215 33.3877067565918 33.1986618041992 33.1955986022949 33.8799743652344 32.8239822387695 32.5835876464844 32.637020111084 32.4066734313965 31.7992744445801 31.7053928375244 31.9896717071533 31.4837455749512 32.2604637145996 32.291690826416 32.117244720459 32.203441619873 31.9167938232422 31.2735576629639 30.554515838623 30.6345043182373 30.5152721405029 30.3549308776855 30.0596733093262 29.4984111785889 28.9584350585938 29.622314453125 28.968843460083 29.322998046875 29.1540908813477 29.1826725006104 28.799732208252 27.435302734375 28.1001281738281 27.6689910888672 27.4383792877197 28.8466949462891 28.5776462554932 28.6463985443115 23.5656509399414 22.7421131134033 23.1752471923828 24.1166915893555
30.9934101104736 32.4560546875 33.3716125488281 33.0741348266602 33.7648124694824 33.7131958007812 33.4815292358398 33.0501403808594 33.6167602539062 33.110107421875 31.6618366241455 32.384593963623 31.2597999572754 30.4488410949707 31.4910697937012 31.3440380096436 30.7875347137451 31.3989105224609 32.1611862182617 31.8934192657471 31.738733291626 31.527515411377 31.422981262207 31.3909511566162 31.055154800415 30.6944885253906 30.8855609893799 30.4330654144287 30.25217628479 29.9316329956055 29.705286026001 29.0710620880127 29.0676364898682 29.5120754241943 29.3443717956543 29.2368507385254 29.6421127319336 28.0152797698975 29.3351821899414 29.8282852172852 29.1187534332275 27.672119140625 22.7976608276367 21.8843402862549 22.5136852264404 23.3250217437744
32.2106170654297 31.1146221160889 32.4969177246094 33.5027198791504 32.5237579345703 32.4895858764648 33.6490478515625 32.9206619262695 32.8402824401855 33.1517944335938 32.0662117004395 32.0364685058594 30.8313655853271 30.2242240905762 31.1065826416016 30.0935802459717 29.969518661499 30.969669342041 30.9903678894043 31.222749710083 31.7317314147949 31.6639995574951 31.1207714080811 31.1511421203613 30.4764747619629 29.9065475463867 29.3295097351074 29.7033557891846 30.2680835723877 29.2585029602051 28.9077033996582 28.2897148132324 28.5755577087402 29.3437118530273 29.5795307159424 29.3261547088623 29.8454322814941 29.8817958831787 29.4024600982666 28.8597087860107 29.0689735412598 27.5264739990234 26.3548812866211 23.3336734771729 22.8024425506592 23.5845165252686
32.5928039550781 32.4604530334473 32.5145950317383 33.6767272949219 32.9488792419434 33.3485488891602 33.87890625 33.896312713623 34.1300773620605 33.8407440185547 33.4979362487793 33.0289039611816 31.0624656677246 30.4353923797607 30.849250793457 30.3047618865967 29.9951229095459 29.8386783599854 29.1398029327393 30.3676319122314 31.2068881988525 31.9776496887207 32.2171783447266 31.6024341583252 30.280065536499 28.7745571136475 28.0183658599854 28.6948223114014 29.6264705657959 29.178295135498 28.949728012085 29.762487411499 29.6408081054688 29.596643447876 30.2702484130859 29.3749580383301 28.9531154632568 28.9546184539795 29.4788017272949 29.5000610351562 29.8741035461426 29.4939727783203 28.3468837738037 27.8518466949463 25.047550201416 24.6555862426758
33.6177749633789 32.3875732421875 31.968204498291 32.5425071716309 32.7082710266113 33.2988662719727 34.1118545532227 33.3226280212402 34.2064743041992 33.8266258239746 32.5104141235352 32.7482147216797 31.779468536377 28.9845027923584 29.3673419952393 28.629373550415 29.0486145019531 28.4196186065674 29.5545921325684 30.5990447998047 31.7803535461426 31.5516948699951 32.0793495178223 31.9985809326172 30.6662902832031 29.3821582794189 27.9187126159668 28.3843002319336 29.9240951538086 29.122673034668 29.4327583312988 30.1526584625244 30.9648475646973 30.935173034668 30.1323490142822 29.7594909667969 29.2445907592773 29.3007431030273 29.989917755127 29.9494476318359 30.0103988647461 29.900728225708 29.5900993347168 29.4449653625488 27.7309513092041 24.6565380096436
32.5004463195801 32.531005859375 32.9087982177734 32.5780601501465 33.2872619628906 33.1744956970215 34.0871925354004 34.060863494873 33.0178451538086 33.3342323303223 33.6761627197266 32.8633918762207 31.8620929718018 28.6202754974365 29.1200428009033 29.2233295440674 28.7657928466797 29.1114864349365 29.1421737670898 30.3087902069092 31.532434463501 31.2345371246338 31.8011264801025 31.8605556488037 31.4005718231201 30.4113883972168 29.2490081787109 28.9588165283203 29.6855888366699 29.9439373016357 30.5976238250732 31.0283126831055 30.944019317627 30.9562091827393 31.0297660827637 30.0256252288818 29.2942276000977 29.1753196716309 29.1700630187988 29.6460342407227 30.4195556640625 30.002872467041 29.0277156829834 29.2191410064697 28.1371250152588 27.5616512298584
