data/Tmax/Tmax1.asc
NCOLS 100 
NROWS 79 
XLLCORNER 148.06 
YLLCORNER -21.49 
CELLSIZE 0.01 
NODATA_value -9999 
[rows 40 to 59 of 79, columns 46 to 91 of 100]
23.9400959014893 25.3844432830811 25.0512237548828 25.8831748962402 28.0631713867188 27.9572334289551 27.8201389312744 25.7544994354248 25.4708786010742 26.0566940307617 27.6141757965088 29.4847450256348 30.0107498168945 29.4838275909424 28.7811698913574 30.4544429779053 31.3586711883545 30.8444786071777 31.8820323944092 31.834321975708 31.177339553833 31.8969326019287 29.6965408325195 28.4880409240723 29.9154834747314 30.8316917419434 31.3720302581787 30.5976638793945 30.3812427520752 30.5075874328613 30.1247520446777 31.2370510101318 30.0232601165771 27.225606918335 28.8450031280518 33.1420631408691 31.4891376495361 29.9269351959229 27.7287750244141 27.107572555542 26.6289691925049 29.4255962371826 29.7633590698242 29.1589775085449 30.4644508361816 27.6798763275146
25.2755756378174 25.4159545898438 26.8178024291992 28.171537399292 28.7666511535645 28.1823806762695 27.6478614807129 27.4656295776367 28.8017120361328 29.058521270752 31.7054233551025 30.4560489654541 30.2470455169678 29.9359703063965 29.3721446990967 31.3069858551025 31.4226455688477 31.2437286376953 32.2963714599609 32.5680351257324 30.4630393981934 30.8815612792969 27.1763782501221 32.9379196166992 34.1189384460449 29.636302947998 31.5532474517822 30.6019763946533 30.7922401428223 29.9105834960938 30.4941959381104 31.0405216217041 30.8927440643311 30.0195560455322 30.4091167449951 32.4089889526367 30.6884174346924 30.1111793518066 29.8083267211914 29.4797134399414 29.1235084533691 28.6203918457031 29.9313125610352 29.5921726226807 29.5468616485596 29.0045680999756
26.6604614257812 27.668285369873 27.5769348144531 29.5293769836426 34.5803031921387 32.0178375244141 29.5741958618164 28.8818416595459 29.9695281982422 31.6044178009033 31.7407054901123 31.2874202728271 31.5681209564209 31.129301071167 32.8673362731934 31.3992576599121 31.2459297180176 30.9060745239258 31.3293609619141 32.0483283996582 31.1142711639404 30.6792125701904 30.3702163696289 34.4180183410645 27.8266353607178 34.4777221679688 33.6727256774902 29.5123462677002 28.8624858856201 31.4156112670898 31.0908603668213 31.4068164825439 30.6773853302002 30.0336723327637 30.4186477661133 29.2430419921875 29.4676723480225 28.8462371826172 28.8312759399414 29.2713985443115 30.4340286254883 30.5284843444824 30.8605289459229 29.5226421356201 31.5254764556885 31.4644336700439
30.0976581573486 30.8653411865234 31.0075378417969 31.1362915039062 31.8481540679932 31.3404350280762 31.0043182373047 30.6281852722168 30.9418315887451 31.3020629882812 31.981538772583 31.9918155670166 32.1912689208984 32.0949745178223 31.5729331970215 31.1246242523193 30.7824954986572 30.9830894470215 31.6874599456787 29.2794456481934 31.5311870574951 31.5728874206543 31.393461227417 30.7149639129639 30.1611976623535 31.9504680633545 31.1439666748047 30.6247596740723 31.2252902984619 32.9331665039062 32.2953567504883 32.7314338684082 30.5153045654297 29.9061889648438 29.7357749938965 32.2660636901855 31.7622509002686 29.7831420898438 30.7052536010742 31.7631568908691 32.3640022277832 31.50514793396 29.9323444366455 34.158748626709 31.7057037353516 29.6799221038818
29.9526653289795 30.1280708312988 30.0998249053955 30.45774269104 32.0226669311523 32.6686706542969 32.0585479736328 31.2232131958008 31.5949878692627 31.2725296020508 30.9936237335205 30.9529361724854 30.5501842498779 30.4321632385254 30.2506103515625 30.8186321258545 29.1989040374756 30.0375995635986 31.0598583221436 31.4135551452637 32.359790802002 32.9977416992188 32.7558708190918 31.822301864624 29.6604290008545 30.0895175933838 30.4759845733643 30.9475917816162 33.1587333679199 33.4817695617676 32.1164627075195 30.8543701171875 29.7821559906006 30.4718551635742 30.11403465271 32.1375312805176 30.8201942443848 29.6428604125977 30.9011096954346 29.3862342834473 30.0060348510742 31.5648708343506 31.9739780426025 31.9237613677979 34.8056182861328 31.684965133667
26.0768432617188 27.5781326293945 29.1457557678223 27.470874786377 29.137845993042 29.8076648712158 29.6433238983154 29.9355087280273 30.235559463501 30.35910987854 27.3617877960205 27.543249130249 27.7158660888672 25.9119987487793 26.8937358856201 27.8739013671875 30.190845489502 30.3586311340332 30.287181854248 30.396900177002 32.1758232116699 31.9770755767822 31.3546657562256 31.3456058502197 31.4141521453857 31.8627243041992 31.8203353881836 31.7771778106689 31.3887157440186 31.5641937255859 31.2011127471924 32.3359260559082 33.184211730957 33.6454620361328 31.6137866973877 31.3474426269531 30.8258056640625 30.6541004180908 30.6161346435547 30.322286605835 30.1557216644287 31.210786819458 31.3693656921387 30.0567970275879 32.3577575683594 34.6959495544434
24.1862335205078 25.6742305755615 25.270450592041 25.042085647583 26.1669578552246 26.5800628662109 26.7460861206055 27.3340740203857 27.8962669372559 27.1390419006348 26.7703113555908 26.134880065918 26.4770851135254 26.3480854034424 26.6748657226562 27.9050178527832 30.554744720459 30.3008155822754 29.6399021148682 31.5305042266846 31.9694347381592 32.3723487854004 31.4851093292236 30.8052959442139 33.434642791748 33.5713653564453 32.5864067077637 31.8377590179443 30.8808116912842 30.7772102355957 31.9684314727783 31.7760429382324 31.2035732269287 31.5157089233398 31.7899723052979 34.3972854614258 31.1837844848633 31.3562870025635 30.2576484680176 30.1131649017334 30.0788860321045 32.709228515625 30.7214298248291 33.5782928466797 32.1750755310059 31.6265888214111
24.5665435791016 24.4999866485596 24.3809852600098 24.4835414886475 24.349063873291 24.7811527252197 25.8821601867676 26.9161148071289 27.1905212402344 26.9891262054443 27.6024074554443 26.9939384460449 27.0216808319092 28.4873180389404 29.2276153564453 30.6680278778076 31.2870197296143 31.1902027130127 31.3196125030518 32.6804008483887 35.3686752319336 33.0712203979492 30.9902763366699 32.0416259765625 33.2963409423828 32.865161895752 32.1794357299805 35.0701179504395 32.1944122314453 32.4317779541016 32.4408874511719 29.8787155151367 29.7267761230469 30.0526256561279 29.8245029449463 29.8139228820801 31.2083034515381 30.1987781524658 29.286096572876 33.028751373291 32.7658843994141 34.7166137695312 31.2821464538574 33.3820037841797 33.1273384094238 33.0685424804688
24.3507766723633 26.3454189300537 24.6910438537598 24.3128528594971 24.2202472686768 24.1874446868896 24.3842926025391 26.5327968597412 27.2748260498047 27.4302577972412 27.3332405090332 27.3926410675049 32.6877632141113 33.781852722168 34.2689399719238 30.5776481628418 32.4087142944336 28.7534999847412 34.3798980712891 34.2419052124023 33.9220809936523 34.170051574707 33.5285186767578 33.0862274169922 32.781681060791 30.8640289306641 32.0304908752441 33.1513137817383 35.2834892272949 34.5424346923828 34.2701721191406 35.0122604370117 34.1027450561523 30.1340255737305 31.0904350280762 35.467041015625 34.6226501464844 31.594554901123 31.3898582458496 31.192590713501 29.2590637207031 29.7770576477051 30.3908710479736 31.2906684875488 30.4290218353271 31.0565338134766
26.2628211975098 26.9460926055908 28.1405506134033 25.1979503631592 24.7296352386475 25.5921077728271 25.4119720458984 26.4610157012939 26.8037452697754 27.385799407959 31.7002429962158 33.2719841003418 34.4388084411621 34.4700241088867 34.94384765625 28.0899887084961 31.2535610198975 28.3084449768066 28.5674610137939 31.0518970489502 31.0207366943359 35.2334747314453 31.6190948486328 32.4767379760742 32.1885986328125 31.296199798584 33.2398071289062 33.3271369934082 33.7937316894531 33.8319244384766 33.5899200439453 31.9558029174805 30.2835903167725 30.7970809936523 31.448450088501 35.6370697021484 35.5888175964355 32.395206451416 31.2315940856934 31.0652046203613 31.0360279083252 30.0035533905029 31.177827835083 29.763973236084 30.7437686920166 31.3833866119385
29.6679515838623 26.4402408599854 29.4259510040283 24.3669242858887 24.4960899353027 25.8234119415283 26.0464401245117 26.7964687347412 27.482364654541 27.9804077148438 27.9834308624268 28.1920566558838 32.8298110961914 33.5044021606445 34.1166038513184 28.0361595153809 30.4950523376465 30.4047813415527 27.2581157684326 30.9261932373047 28.4666080474854 34.150520324707 31.7255916595459 33.2399711608887 31.6375961303711 32.6164588928223 31.611047744751 31.2320823669434 34.2304496765137 33.9029159545898 33.294189453125 32.7745666503906 32.4377365112305 30.6469020843506 31.4729709625244 33.883975982666 35.2220268249512 33.3357925415039 32.2207336425781 32.7233085632324 31.2729682922363 30.1463737487793 30.2103958129883 29.3296012878418 30.7810726165771 31.576358795166
25.2046966552734 23.789176940918 24.2414398193359 23.3845691680908 23.3259048461914 24.9950008392334 25.8857765197754 27.0442161560059 27.4192657470703 27.6820125579834 27.8898811340332 27.5411262512207 27.4668083190918 27.0255737304688 27.5004863739014 30.6481990814209 28.3748950958252 31.1604137420654 28.0197868347168 30.3985118865967 30.2182121276855 31.0286693572998 34.0639991760254 34.7852745056152 31.9525032043457 32.1152534484863 32.8299903869629 31.0316295623779 31.3548030853271 34.7612915039062 33.2146377563477 32.5444831848145 31.9243946075439 30.2621212005615 30.1395053863525 31.7905464172363 32.1653747558594 31.997501373291 31.4025726318359 29.7165985107422 33.3321952819824 29.6327457427979 29.346794128418 29.0048942565918 29.0218524932861 30.31227684021
23.6226596832275 29.3003520965576 29.9936237335205 23.6010417938232 23.5182723999023 24.4119815826416 25.2118034362793 26.1089210510254 26.6301784515381 26.9642562866211 27.3152256011963 27.1349639892578 27.1606960296631 27.5892715454102 27.9302158355713 28.319263458252 30.9769458770752 31.3865222930908 31.2783432006836 31.765344619751 30.2536334991455 31.3390159606934 32.852180480957 34.908145904541 32.7425155639648 33.5197448730469 33.5031280517578 33.4828453063965 33.2023391723633 35.1745872497559 34.0854377746582 33.5318794250488 33.5871772766113 33.8930473327637 30.9847354888916 30.0406818389893 31.2174854278564 28.6628684997559 30.1817817687988 30.4782218933105 30.5521926879883 29.5189037322998 33.9905891418457 30.4634132385254 29.0486736297607 28.8150787353516
24.320951461792 23.6241436004639 29.4553604125977 24.1678676605225 24.3086986541748 25.2684116363525 25.1575717926025 25.9349765777588 27.0470790863037 27.5559673309326 27.8573951721191 27.9634227752686 28.0016441345215 31.6791687011719 31.6859645843506 28.655891418457 28.4209384918213 28.5516757965088 28.5697822570801 31.3789482116699 30.8972835540771 31.0827617645264 28.5402641296387 29.6809730529785 30.5128974914551 32.2582015991211 31.6263484954834 32.754150390625 34.7299957275391 32.2335739135742 32.123706817627 31.2013835906982 31.5588893890381 32.4408912658691 30.812479019165 30.4241580963135 28.4062843322754 27.6512889862061 27.8484554290771 26.8002414703369 32.505687713623 31.0379905700684 32.1816711425781 31.7915897369385 33.7686080932617 29.5278987884521
25.3837947845459 24.399715423584 23.9933280944824 24.4545764923096 25.0250930786133 25.9559497833252 26.0169620513916 26.3373394012451 26.5883941650391 27.2273101806641 27.2699928283691 30.0123729705811 30.9442768096924 28.1221904754639 32.4313583374023 31.8072605133057 32.2636947631836 28.8529739379883 31.634521484375 31.436502456665 31.4724426269531 30.5265712738037 29.4555740356445 31.4830055236816 33.3129615783691 33.4638366699219 31.5385246276855 32.0595741271973 31.2314796447754 33.0733337402344 33.3399696350098 31.9932193756104 33.2456207275391 31.0880260467529 33.5814323425293 30.5908317565918 34.1956939697266 30.509069442749 30.8598346710205 29.3574314117432 30.4542980194092 30.9473476409912 30.2291526794434 30.5039710998535 31.3535556793213 32.3397254943848
24.9789867401123 24.4500942230225 24.1456928253174 25.3667640686035 26.0113048553467 26.5565204620361 27.2202053070068 27.558084487915 27.5227565765381 27.8671607971191 27.7539119720459 29.9201107025146 30.5960636138916 32.1373672485352 32.318489074707 31.80739402771 32.1944274902344 32.5837669372559 31.9823913574219 28.8436679840088 31.4122066497803 30.5350914001465 31.2918376922607 31.3434562683105 32.6005516052246 33.3133087158203 33.5462265014648 34.1092529296875 31.430477142334 31.8938064575195 29.1557674407959 31.5142841339111 32.8366317749023 34.646312713623 33.6240196228027 27.740291595459 30.3072891235352 31.1263408660889 29.6020278930664 30.5822734832764 32.5232391357422 31.7181549072266 31.073112487793 31.4556083679199 30.9956226348877 30.8369007110596
24.9766902923584 24.2374534606934 23.6303825378418 24.9276599884033 26.2083435058594 26.6834754943848 26.0329627990723 27.3867378234863 27.0324993133545 26.4130611419678 27.6415882110596 27.3104953765869 27.640453338623 30.5017738342285 28.1535015106201 31.4821243286133 31.5973167419434 31.5856246948242 32.1228065490723 30.1296310424805 31.0187873840332 31.5034008026123 31.0670700073242 28.731969833374 31.230396270752 33.3581619262695 32.3490447998047 31.5246334075928 31.7198295593262 31.8824634552002 29.006010055542 27.1481628417969 28.015983581543 31.0613689422607 27.1639060974121 26.9621849060059 31.2592029571533 30.565372467041 31.3523254394531 30.0734348297119 32.3127174377441 33.5193099975586 29.8824443817139 30.1496181488037 31.0431232452393 31.6458854675293
25.394006729126 24.3542957305908 24.4125099182129 24.9905605316162 25.8780879974365 26.3331813812256 26.8360538482666 26.8730201721191 25.6285915374756 25.1915454864502 27.0495834350586 25.6949310302734 26.1939353942871 26.4690818786621 30.179666519165 31.0262317657471 28.3563747406006 31.6012172698975 28.9602375030518 32.4076995849609 31.9770832061768 32.2860145568848 31.7779064178467 31.4408493041992 30.6136894226074 31.8037872314453 32.6262016296387 31.6190223693848 30.9501094818115 32.5597305297852 30.7352027893066 28.2612628936768 31.4651794433594 30.5282173156738 24.9476299285889 29.4721546173096 30.4924030303955 30.9102458953857 31.2289047241211 32.9190902709961 30.8293857574463 33.2182693481445 30.9485492706299 31.1267547607422 30.6117649078369 30.4662055969238
25.4076709747314 25.0786628723145 24.78932762146 24.949348449707 25.646541595459 26.3538761138916 26.2989940643311 26.0770797729492 25.4276905059814 26.4448890686035 26.6376495361328 25.4162139892578 25.7169971466064 25.916051864624 27.2103176116943 27.5695285797119 31.2956237792969 28.4342823028564 31.7311210632324 32.0087394714355 31.8164443969727 32.1277122497559 30.3626289367676 31.8657569885254 31.1243915557861 31.1941890716553 30.9225368499756 32.0530242919922 30.2661895751953 30.1731147766113 31.8555507659912 31.6013164520264 28.1624031066895 30.1603908538818 30.8564052581787 31.6805229187012 28.5392208099365 30.9730319976807 33.3326835632324 30.6983814239502 31.6653442382812 30.7569217681885 31.2187061309814 33.0292625427246 32.5289077758789 30.1860752105713
24.8079319000244 24.7328453063965 24.3203945159912 24.6631031036377 25.2331638336182 25.0862255096436 25.7824764251709 26.2205238342285 26.6071472167969 26.6576366424561 26.6462478637695 26.8895359039307 30.1504325866699 30.8889636993408 30.7362670898438 27.4971675872803 28.176197052002 31.9599437713623 29.2961387634277 31.4492702484131 31.7616004943848 32.3330268859863 32.4053497314453 31.7088146209717 31.9125022888184 30.8372497558594 31.2839298248291 31.1525840759277 30.291109085083 32.2142677307129 32.5462760925293 33.3666954040527 29.788667678833 30.7135906219482 30.6560325622559 26.4693965911865 29.3595485687256 32.0542984008789 33.9969635009766 28.7393341064453 31.0812530517578 31.2486705780029 30.5741367340088 29.4001331329346 30.8881511688232 31.5747394561768
