data/Tmax/Tmax6.asc
NCOLS 100 
NROWS 79 
XLLCORNER 148.06 
YLLCORNER -21.49 
CELLSIZE 0.01 
NODATA_value -9999 
[rows 0 to 19 of 79, columns 46 to 91 of 100]
32.7502632141113 31.4101638793945 31.5589351654053 31.7609634399414 32.287052154541 32.1989860534668 32.3900337219238 32.3816070556641 31.3522548675537 29.3346309661865 31.0087375640869 30.3551025390625 31.0968551635742 31.7188987731934 31.8171653747559 31.9690647125244 32.1305389404297 32.517749786377 31.0585689544678 31.5812549591064 31.7238445281982 -9999 -9999 -9999 -9999 -9999 -9999 -9999 -9999 -9999 -9999 -9999 -9999 -9999 -9999 -9999 -9999 -9999 -9999 -9999 -9999 -9999 -9999 -9999 -9999 -9999
33.148796081543 32.6040573120117 31.2252311706543 31.474308013916 31.6193828582764 31.5691070556641 31.909969329834 32.2813949584961 30.9555416107178 29.9111099243164 31.9346714019775 31.5584716796875 33.3333969116211 32.9329948425293 31.731538772583 30.7024478912354 31.824914932251 33.6558570861816 32.5473899841309 31.2914848327637 31.9668998718262 34.0038070678711 -9999 -9999 -9999 -9999 -9999 -9999 -9999 -9999 -9999 -9999 -9999 -9999 -9999 -9999 -9999 -9999 -9999 -9999 -9999 -9999 -9999 -9999 -9999 -9999
34.9705352783203 31.8803100585938 29.79541015625 30.1838397979736 29.9993267059326 31.526798248291 30.6879291534424 30.5864334106445 29.7165336608887 29.4535160064697 31.2751331329346 32.7027130126953 34.055046081543 33.5054512023926 30.9523506164551 30.2056064605713 31.7413463592529 31.3630294799805 31.2204303741455 31.4291667938232 31.0762348175049 31.2723846435547 31.0664501190186 31.5003662109375 -9999 -9999 -9999 -9999 -9999 -9999 -9999 -9999 -9999 -9999 -9999 -9999 -9999 -9999 -9999 -9999 -9999 -9999 -9999 -9999 -9999 -9999
31.0942134857178 30.5768527984619 27.661060333252 28.615608215332 30.2210292816162 30.0181007385254 30.456033706665 30.6005573272705 30.2715129852295 29.8291416168213 31.096284866333 30.6977882385254 33.4334030151367 33.9809722900391 31.4031066894531 30.8054313659668 32.6320724487305 33.2814407348633 32.6936225891113 31.943675994873 30.4970016479492 31.4052276611328 31.104700088501 31.9168319702148 32.3731956481934 32.2455787658691 -9999 -9999 -9999 -9999 -9999 -9999 -9999 -9999 -9999 -9999 -9999 -9999 -9999 -9999 -9999 -9999 -9999 -9999 -9999 -9999
32.0921363830566 30.2328968048096 27.5020942687988 27.1887798309326 28.6644172668457 30.9093322753906 31.563289642334 31.8971538543701 29.9461669921875 28.9372634887695 29.6119060516357 27.9862251281738 29.4966335296631 33.5191650390625 30.6511344909668 30.9691028594971 32.8153800964355 32.5982208251953 33.2422637939453 33.1652641296387 26.7233448028564 31.466459274292 31.7344760894775 31.2078075408936 31.9578590393066 32.3340911865234 -9999 -9999 -9999 -9999 -9999 -9999 -9999 -9999 -9999 -9999 -9999 -9999 -9999 -9999 -9999 -9999 -9999 -9999 -9999 -9999
27.8843574523926 28.6609649658203 26.6957130432129 25.9690608978271 28.7064151763916 30.8242778778076 30.2085914611816 30.6249771118164 29.4386425018311 29.7504787445068 27.4726161956787 27.1571483612061 31.1902809143066 31.9205780029297 29.7613677978516 31.0690670013428 32.322208404541 33.433292388916 32.4280052185059 32.2077026367188 26.8556900024414 28.8999614715576 32.4670639038086 31.4153995513916 31.8199634552002 31.7189235687256 -9999 -9999 -9999 -9999 -9999 -9999 -9999 -9999 -9999 -9999 -9999 -9999 -9999 -9999 -9999 -9999 -9999 -9999 -9999 -9999
26.6978206634521 27.5007801055908 27.8220081329346 27.3527088165283 31.2957134246826 30.9029922485352 30.8835887908936 29.7288913726807 30.5314273834229 29.4469757080078 28.5740871429443 28.874324798584 29.9348392486572 33.5719375610352 33.5190048217773 34.5127792358398 31.0162296295166 31.3277683258057 31.3310279846191 31.8081016540527 33.6066703796387 31.3663673400879 32.1265449523926 31.6494617462158 31.0250358581543 30.3150730133057 30.2340660095215 30.7375068664551 -9999 -9999 -9999 -9999 -9999 -9999 -9999 -9999 -9999 -9999 -9999 -9999 -9999 -9999 -9999 -9999 -9999 -9999
25.6445579528809 28.2570686340332 33.4073448181152 27.8810005187988 26.7920017242432 28.5601673126221 30.3337841033936 29.4026737213135 29.7074394226074 30.5496349334717 28.9702968597412 28.5153045654297 29.5390586853027 30.9503211975098 29.2596473693848 32.0536994934082 29.0662212371826 28.8522148132324 30.1116847991943 31.4693794250488 31.711576461792 30.3682231903076 30.8914985656738 31.4978656768799 30.4697608947754 29.701208114624 29.4083976745605 30.0269470214844 31.3293342590332 29.8140544891357 31.0732975006104 -9999 -9999 -9999 -9999 -9999 -9999 -9999 -9999 -9999 -9999 -9999 -9999 -9999 -9999 -9999
25.6358070373535 27.6489162445068 28.347505569458 32.2416648864746 27.8080368041992 26.1309070587158 28.2287826538086 28.5146636962891 30.7646312713623 31.0243835449219 31.2126922607422 29.5240726470947 29.124532699585 29.7274322509766 27.6223449707031 27.4712829589844 26.7454223632812 30.9495220184326 29.4758853912354 30.8401908874512 32.8824691772461 32.7702941894531 30.2887077331543 28.320140838623 29.3413925170898 29.9405574798584 30.5506687164307 31.6686229705811 31.2893562316895 30.0375137329102 29.4252452850342 31.8459167480469 -9999 -9999 -9999 -9999 -9999 -9999 -9999 -9999 -9999 -9999 -9999 -9999 -9999 -9999
26.9584083557129 27.6669769287109 28.1978015899658 28.9503021240234 30.4865856170654 27.4308071136475 27.0842990875244 28.7138442993164 30.2169284820557 30.4737110137939 30.3767700195312 30.1099624633789 29.0431041717529 29.1110229492188 27.530200958252 27.1557960510254 26.7596168518066 31.6781005859375 31.4351787567139 29.6597309112549 30.7481479644775 32.5371513366699 33.2676544189453 32.2395515441895 32.1852569580078 29.8363704681396 30.3958587646484 32.9039649963379 30.8513412475586 30.0953140258789 33.0209045410156 33.4967308044434 -9999 -9999 -9999 -9999 -9999 -9999 -9999 -9999 -9999 -9999 -9999 -9999 -9999 -9999
25.9755039215088 28.0837306976318 27.9536972045898 27.9279155731201 29.3887367248535 32.2167358398438 29.3481407165527 30.1463165283203 29.9187107086182 30.117073059082 30.8840770721436 30.3511753082275 29.8738994598389 30.4219932556152 29.802713394165 29.8662719726562 30.9601554870605 31.2008419036865 32.3913650512695 32.159797668457 29.7640476226807 32.8624382019043 30.4953117370605 29.3563385009766 31.0986309051514 30.7832145690918 31.7604656219482 31.6465740203857 33.5830879211426 34.1344261169434 -9999 -9999 -9999 -9999 -9999 -9999 -9999 -9999 -9999 -9999 -9999 -9999 -9999 -9999 -9999 -9999
25.5362739562988 26.5299110412598 26.6374835968018 25.8141193389893 26.6243572235107 27.6331081390381 34.2310676574707 30.93239402771 30.6135654449463 30.2864627838135 30.463191986084 30.8566226959229 29.9758758544922 30.4791660308838 30.1778926849365 32.0110549926758 31.9449443817139 31.8546867370605 34.8940010070801 32.6544303894043 30.857120513916 30.8778629302979 30.921329498291 30.3120288848877 34.2757606506348 30.0646724700928 31.3801136016846 31.1157150268555 31.857063293457 30.6209526062012 -9999 -9999 -9999 -9999 -9999 -9999 -9999 -9999 -9999 -9999 -9999 -9999 -9999 -9999 -9999 -9999
25.3074474334717 24.2025890350342 23.941011428833 23.821008682251 25.7924537658691 26.5346069335938 28.011251449585 28.3212947845459 30.1088199615479 30.5899448394775 29.1466331481934 29.4095458984375 29.2724609375 29.7873020172119 30.1270351409912 30.1215381622314 30.3346691131592 32.0481758117676 34.3794326782227 34.0527801513672 31.8016052246094 32.0090789794922 31.8708515167236 33.6125793457031 31.9373035430908 31.1500682830811 31.9769630432129 31.2239933013916 29.5800476074219 27.6777477264404 30.7110157012939 32.0312690734863 -9999 -9999 -9999 -9999 -9999 -9999 -9999 -9999 -9999 -9999 -9999 -9999 -9999 -9999
25.3474559783936 24.5431060791016 24.1179084777832 23.7559566497803 24.193265914917 24.5876235961914 26.2968997955322 27.3063468933105 29.7023429870605 30.8067970275879 29.8994197845459 29.7645702362061 30.2353191375732 30.6645088195801 30.9712371826172 32.2141304016113 30.3743553161621 32.3296813964844 33.398494720459 32.2659072875977 32.2342643737793 34.6020126342773 32.2755241394043 31.7366371154785 33.0832328796387 31.3125896453857 30.2769565582275 30.0444793701172 29.105339050293 30.3379440307617 32.2665939331055 31.9831562042236 30.8522682189941 -9999 -9999 -9999 -9999 27.0922565460205 33.2970924377441 -9999 -9999 -9999 -9999 -9999 -9999 -9999
25.7522487640381 25.1931896209717 24.1944828033447 23.8281021118164 24.3317890167236 24.0852108001709 25.0508575439453 26.5774955749512 27.6531639099121 28.6251926422119 27.0078067779541 30.319995880127 29.5593090057373 30.2652339935303 31.5176849365234 30.5135440826416 31.2916374206543 34.7334747314453 31.256591796875 33.0508613586426 32.1933174133301 34.1050186157227 32.7719421386719 32.0318412780762 31.9615898132324 32.0357246398926 31.8989715576172 30.514835357666 30.0452194213867 32.8406410217285 32.782154083252 31.9154224395752 31.2577342987061 -9999 -9999 -9999 -9999 28.2765064239502 32.1082000732422 33.5912055969238 33.2249603271484 33.1150703430176 -9999 -9999 -9999 -9999
25.6944751739502 24.5986404418945 24.1893615722656 24.154333114624 23.7400798797607 24.677713394165 24.5339298248291 25.6597003936768 29.5416717529297 31.0647354125977 29.0292301177979 27.2852420806885 30.9660377502441 26.6729068756104 26.5959358215332 27.3929328918457 32.5625495910645 30.7875137329102 30.3283348083496 31.4856700897217 31.6454982757568 32.3938446044922 32.1960487365723 31.4657707214355 31.4029846191406 31.5074901580811 32.6193466186523 31.6060218811035 30.7610950469971 30.7241954803467 31.4808959960938 27.985990524292 34.2091789245605 -9999 -9999 31.5070304870605 33.1938362121582 32.3692283630371 31.1452331542969 32.2381019592285 32.1748542785645 33.6041984558105 -9999 -9999 -9999 -9999
24.4849910736084 23.3281764984131 23.4011173248291 24.4948921203613 24.8781490325928 24.5976619720459 24.1931056976318 24.9050159454346 31.8010063171387 30.1667327880859 34.3482398986816 27.1085567474365 27.9721984863281 28.9023723602295 26.7526245117188 26.9454917907715 27.5009231567383 29.316333770752 31.0693340301514 30.4654502868652 33.2905807495117 30.600715637207 31.2849826812744 31.5777359008789 31.0176486968994 32.0958366394043 32.0305480957031 32.3432960510254 32.6460914611816 31.2980842590332 31.5188541412354 28.0878009796143 30.1157970428467 -9999 33.997428894043 29.4374923706055 31.3860206604004 -9999 33.6903991699219 -9999 33.4122276306152 -9999 -9999 -9999 -9999 -9999
25.1542701721191 23.544038772583 22.8850727081299 25.2821865081787 25.3009071350098 24.4916095733643 24.1262893676758 24.1557598114014 25.7217483520508 27.9849739074707 28.3376083374023 32.1953468322754 33.8495788574219 29.1757545471191 28.6563777923584 29.8828563690186 30.275016784668 30.5300254821777 30.0532379150391 29.9567565917969 31.4972362518311 31.5224227905273 33.0557289123535 33.0687675476074 31.3377799987793 31.094554901123 32.027889251709 30.9772758483887 31.2410068511963 31.0810985565186 28.7397651672363 29.9993152618408 33.9481887817383 30.9540309906006 29.9939651489258 32.6692237854004 32.2722396850586 -9999 -9999 -9999 -9999 -9999 -9999 33.3534240722656 -9999 -9999
25.8264198303223 25.5424098968506 23.3541069030762 24.812463760376 23.6388988494873 23.8579025268555 24.8200798034668 24.8619403839111 26.4669456481934 29.1592102050781 28.2155380249023 28.3704566955566 30.9270133972168 34.8456382751465 30.2817630767822 30.5457363128662 30.3077125549316 29.5287246704102 29.0141506195068 28.9262466430664 34.3072280883789 31.9051132202148 33.9264793395996 32.0807762145996 32.2546806335449 30.7356567382812 31.1707916259766 30.0641174316406 30.6794338226318 30.7153739929199 29.0843067169189 29.3365116119385 32.3808212280273 32.4996376037598 32.000804901123 32.3569755554199 31.9589729309082 33.5776672363281 32.1275062561035 29.1135520935059 31.516881942749 31.2077598571777 32.2518348693848 31.3402118682861 -9999 -9999
26.4068241119385 25.6231555938721 25.9055786132812 26.0393486022949 24.7541999816895 24.1589202880859 23.9545669555664 24.2592582702637 26.3354530334473 33.9832191467285 28.5581798553467 34.3600692749023 33.1735229492188 30.3317699432373 30.4980888366699 28.093656539917 28.1813507080078 30.6514415740967 29.170036315918 29.4406394958496 31.5602779388428 33.0566635131836 35.0337181091309 32.7384643554688 34.3482131958008 31.1413459777832 33.8176155090332 32.1953392028809 31.3467254638672 31.0444183349609 30.2579326629639 31.3885555267334 32.9295883178711 33.5137825012207 33.7005386352539 30.9172897338867 30.6185989379883 32.0105133056641 33.0990447998047 33.8556861877441 33.4322547912598 33.472053527832 31.7180347442627 31.449333190918 27.8296852111816 -9999
