data/Tmax/Tmax2.asc
NCOLS 100 
NROWS 79 
XLLCORNER 148.06 
YLLCORNER -21.49 
CELLSIZE 0.01 
NODATA_value -9999 
[rows 40 to 59 of 79, columns 46 to 91 of 100]
22.0550403594971 23.4413757324219 23.0760383605957 23.8402194976807 25.8995819091797 25.7360687255859 25.6117038726807 23.6685237884521 23.4077529907227 23.9337730407715 25.4443340301514 27.2166709899902 27.7474060058594 27.2073917388916 26.5342559814453 28.1624813079834 29.0597476959229 28.5430488586426 29.5739231109619 29.5205020904541 28.8585796356201 29.5953044891357 27.3746185302734 26.1557312011719 27.5784320831299 28.4906196594238 29.0263118743896 28.2516212463379 28.0315799713135 28.1553802490234 27.7805671691895 28.9060382843018 27.7141666412354 25.0030498504639 26.607400894165 30.8660087585449 29.2239093780518 27.672643661499 25.4669036865234 24.8828754425049 24.4605159759521 27.2271556854248 27.5492515563965 26.9625091552734 28.2560386657715 25.4729900360107
23.3096389770508 23.3665637969971 24.7678470611572 26.118444442749 26.5989227294922 25.9513931274414 25.458911895752 25.2945785522461 26.5872230529785 26.8326454162598 29.4557781219482 28.1833553314209 27.9697780609131 27.652904510498 27.0853443145752 29.0127391815186 29.1236953735352 28.9396057128906 29.9872665405273 30.2543182373047 28.1445579528809 28.5612831115723 24.8764820098877 30.616886138916 31.7956657409668 27.2957496643066 29.2084941864014 28.2550868988037 28.4462394714355 27.5568351745605 28.1416606903076 28.6980419158936 28.5639934539795 27.7276134490967 28.1101932525635 30.11376953125 28.4098644256592 27.8387603759766 27.5365676879883 27.2080497741699 26.9107666015625 26.3979797363281 27.6812896728516 27.356351852417 27.3095798492432 26.7743740081787
24.5327262878418 25.5224456787109 25.4132194519043 27.333683013916 32.363883972168 29.7816143035889 27.341609954834 26.6640949249268 27.7241973876953 29.3436756134033 29.4751453399658 29.0137348175049 29.2892513275146 28.8451023101807 30.5780162811279 29.1054763793945 28.9475517272949 28.6028442382812 29.0212440490723 29.7355575561523 28.7960987091064 28.3705577850342 28.0648422241211 32.0901870727539 25.5117740631104 32.1415596008301 31.328540802002 27.1649646759033 26.5121212005615 29.06494140625 28.7386646270752 29.0553913116455 28.3344707489014 27.7019920349121 28.0976257324219 26.9425010681152 27.2261409759521 26.5738258361816 26.5401649475098 26.9867496490479 28.1600608825684 28.2626457214355 28.5958042144775 27.262170791626 29.2689762115479 29.214506149292
27.9068355560303 28.6664810180664 28.7973556518555 28.9153022766113 29.6160831451416 29.1010398864746 28.7596244812012 28.380989074707 28.6857967376709 29.0389175415039 29.7130031585693 29.718225479126 29.912504196167 29.8110466003418 29.2842903137207 28.8311100006104 28.4838161468506 28.6795692443848 29.3796138763428 26.9674758911133 29.2143001556396 29.2501983642578 29.067663192749 28.383695602417 27.826042175293 29.6191501617432 28.8029136657715 28.2797927856445 28.8797054290771 30.5858325958252 29.9459896087646 30.379903793335 28.1678771972656 27.5673370361328 27.4041481018066 29.9463405609131 29.4700260162354 27.4830589294434 28.4049110412598 29.4697723388672 30.0777454376221 29.2250156402588 27.6585445404053 31.8900604248047 29.4422988891602 27.4223537445068
27.7666797637939 27.9254035949707 27.8832187652588 28.2343120574951 29.7916450500488 30.4294090270996 29.8126888275146 28.9710578918457 29.3371295928955 29.0093765258789 28.7264919281006 28.6794452667236 28.2719135284424 28.1519622802734 27.9626121520996 28.524923324585 26.9006404876709 27.7343082427979 28.7523822784424 29.1020889282227 30.0444068908691 30.6769409179688 30.4305877685547 29.4960041046143 27.327112197876 27.7530536651611 28.1371784210205 28.6068363189697 30.8157062530518 31.1371936798096 29.7695064544678 28.5050582885742 27.4327526092529 28.1310691833496 27.7792186737061 29.8114471435547 28.5016860961914 27.3312683105469 28.598108291626 27.0896339416504 27.7162551879883 29.2815914154053 29.6964511871338 29.6522655487061 32.5425720214844 29.4258975982666
23.9871768951416 25.4338226318359 26.9712142944336 25.2788124084473 26.9231929779053 27.5755062103271 27.4064502716064 27.6877670288086 27.9820194244385 28.1034030914307 25.1291332244873 25.303991317749 25.4670524597168 23.7544975280762 24.6632251739502 25.5979766845703 27.8951797485352 28.0564079284668 27.9810600280762 28.0866508483887 29.8618793487549 29.657434463501 29.033052444458 29.0289707183838 29.0865345001221 29.5287895202637 29.4838256835938 29.4378147125244 29.0475368499756 29.2219314575195 28.8568248748779 29.9894466400146 30.8350734710693 31.3002758026123 29.2769374847412 29.0208930969238 28.5064811706543 28.3417911529541 28.3114395141602 28.0243129730225 27.8647861480713 28.9261646270752 29.0909729003906 27.7857856750488 30.0923919677734 32.4346656799316
22.2346973419189 23.6468353271484 23.2448577880859 23.0144062042236 24.0462627410889 24.4188537597656 24.5715637207031 25.1380634307861 25.6704978942871 24.9412994384766 24.611629486084 24.0140724182129 24.3022079467773 24.1777763366699 24.4676399230957 25.6286697387695 28.2585563659668 27.9999580383301 27.3348445892334 29.2211780548096 29.6567668914795 30.0561218261719 29.16383934021 28.4860439300537 31.1146831512451 31.2420024871826 30.2526378631592 29.5018329620361 28.5437564849854 28.4382057189941 29.6278209686279 29.4335441589355 28.8586826324463 29.1679039001465 29.4523868560791 32.0687217712402 28.8623199462891 29.04176902771 27.9502716064453 27.8128147125244 27.7856197357178 30.4222221374512 28.440465927124 31.3041934967041 29.9067287445068 29.3672313690186
22.6026210784912 22.5370388031006 22.4256610870361 22.5219745635986 22.3885097503662 22.772310256958 23.7858371734619 24.7697887420654 25.0269393920898 24.8290615081787 25.4018115997314 24.798900604248 24.8324718475342 26.25612449646 26.9754295349121 28.3804302215576 28.9921092987061 28.8907337188721 29.0159397125244 30.372652053833 33.057991027832 30.7578601837158 28.6724815368652 29.720422744751 30.9786434173584 30.538875579834 29.8492736816406 32.7385482788086 29.8616466522217 30.0976123809814 30.1050148010254 27.5403251647949 27.3845291137695 27.7063999176025 27.4879245758057 27.4850845336914 28.8858966827393 27.8825435638428 26.9769115447998 30.726634979248 30.4704074859619 32.4272232055664 28.9990043640137 31.1054573059082 30.8641357421875 30.8201274871826
22.3936576843262 24.3878383636475 22.7198867797852 22.3543453216553 22.2647361755371 22.2245941162109 22.3686447143555 24.4032039642334 25.1047401428223 25.2439479827881 25.1522064208984 25.1947612762451 30.4671497344971 31.5402698516846 32.0195121765137 28.3008804321289 30.1181297302246 26.4584140777588 32.080638885498 31.9364032745361 31.6134548187256 31.8588638305664 31.2159194946289 30.7699699401855 30.4616451263428 28.541259765625 29.7064170837402 30.8263301849365 32.9566078186035 32.2135963439941 31.9387702941895 32.6771240234375 31.7635250091553 27.7910957336426 28.7564506530762 33.1372680664062 32.2994346618652 29.2774047851562 29.0787696838379 28.8886470794678 26.9612922668457 27.4855766296387 28.1060657501221 29.0123138427734 28.1636295318604 28.8047904968262
24.2983989715576 24.9751739501953 26.1663684844971 23.2384357452393 22.7426471710205 23.5522975921631 23.3621063232422 24.323902130127 24.6311149597168 25.1957740783691 29.5168857574463 31.0550994873047 32.2022552490234 32.2285461425781 32.6932601928711 25.8394966125488 28.9937267303467 26.0337448120117 26.2759876251221 28.7501049041748 28.7151985168457 32.9250068664551 29.3094673156738 30.1655826568604 29.8756160736084 28.9808883666992 30.921947479248 31.0041675567627 31.4695949554443 31.5072937011719 31.2625293731689 29.6238632202148 27.9486598968506 28.457389831543 29.1190128326416 33.306095123291 33.2648124694824 30.0788021087646 28.9195098876953 28.7594909667969 28.737268447876 27.7109355926514 28.8920192718506 27.4879150390625 28.4790897369385 29.129919052124
27.6918144226074 24.4744358062744 27.4493236541748 22.4028339385986 22.4967193603516 23.7546997070312 23.9514312744141 24.6591548919678 25.2963714599609 25.7648506164551 25.7618579864502 25.9597911834717 30.5894794464111 31.258129119873 31.8664283752441 25.7838020324707 28.2352409362793 28.1545448303223 25.0248432159424 28.6351509094238 26.1752681732178 31.8469467163086 29.4190998077393 30.9318523406982 29.3281402587891 30.3048725128174 29.2961826324463 28.9126281738281 31.9103698730469 31.5829238891602 30.9691314697266 30.4454822540283 30.1064929962158 28.3131923675537 29.1373233795166 31.5504989624023 32.895378112793 31.0167770385742 29.9086437225342 30.4165840148926 28.9726715087891 27.8547210693359 27.9285011291504 27.0578918457031 28.5198841094971 29.327278137207
23.1593990325928 21.7651519775391 22.2677135467529 21.3786315917969 21.3636283874512 22.9304847717285 23.7689838409424 24.8834609985352 25.2338905334473 25.4763240814209 25.6760864257812 25.3227005004883 25.2552452087402 24.8098945617676 25.2656955718994 28.4021244049072 26.1095371246338 28.8941898345947 25.7585029602051 28.1317691802979 27.9557342529297 28.733118057251 31.761209487915 32.4810447692871 29.6462821960449 29.8073596954346 30.5178642272949 28.7216510772705 29.0395030975342 32.4465255737305 30.89381980896 30.2217426300049 29.5989780426025 27.935094833374 27.8108310699463 29.4595413208008 29.8416938781738 29.6807518005371 29.0918312072754 27.4137077331543 31.037425994873 27.3456592559814 27.0693397521973 26.7378044128418 26.7653942108154 28.0675182342529
21.5140380859375 27.19748878479 27.9757061004639 21.592227935791 21.5452842712402 22.3998374938965 23.1366901397705 23.9888954162598 24.4758930206299 24.7838249206543 25.1337070465088 24.9541625976562 24.9722232818604 25.3796920776367 25.6786708831787 26.0592346191406 28.7066020965576 29.1161518096924 29.0077362060547 29.4984531402588 27.9949779510498 29.0508880615234 30.5542945861816 32.6081886291504 30.4401721954346 31.216215133667 31.1969585418701 31.2029094696045 30.8913764953613 32.864933013916 31.7705421447754 31.2151584625244 31.2681713104248 31.5717353820801 28.6612300872803 27.7174091339111 28.8990039825439 26.3546600341797 27.8861274719238 28.1919975280762 28.2690162658691 27.2408275604248 31.7183952331543 28.2014007568359 26.7974948883057 26.5750541687012
22.3201332092285 21.5331192016602 27.403205871582 22.1880588531494 22.310396194458 23.2096004486084 23.0923385620117 23.8182716369629 24.8776454925537 25.3635082244873 25.6419715881348 25.7389163970947 25.7670364379883 29.4311714172363 29.4273014068604 26.3919105529785 26.1553745269775 26.2807102203369 26.2969245910645 29.1113815307617 28.6352100372314 28.816499710083 26.2530288696289 27.3872413635254 28.2178840637207 29.9597549438477 29.3254489898682 30.4590110778809 32.4251365661621 29.9296035766602 29.8154354095459 28.8910312652588 29.2470607757568 30.1328659057617 28.4982433319092 28.1190319061279 26.1088104248047 25.3884792327881 25.5872097015381 24.6226100921631 30.2411804199219 28.7698974609375 29.9156761169434 29.5350513458252 31.5229778289795 27.2936840057373
23.3435249328613 22.3859100341797 21.9363040924072 22.4464893341064 22.9820213317871 23.8683586120605 23.922290802002 24.2109107971191 24.4131050109863 25.0254135131836 25.0616340637207 27.7996082305908 28.7083492279053 25.8757190704346 30.1773529052734 29.5504703521729 29.9975109100342 26.5808067321777 29.3604278564453 29.1665935516357 29.2057113647461 28.2603130340576 27.1818771362305 29.2065162658691 31.0350685119629 31.1705875396729 29.2442436218262 29.7631912231445 28.9372062683105 30.7741527557373 31.0404300689697 29.7204990386963 30.9460220336914 28.7833042144775 31.2740287780762 28.2834968566895 31.8881702423096 28.20823097229 28.5797061920166 27.1507358551025 28.2013530731201 28.6866550445557 27.9706916809082 28.253719329834 29.1136875152588 30.1114730834961
22.9317359924316 22.4427719116211 22.0900459289551 23.3221855163574 23.910228729248 24.4273166656494 25.0459423065186 25.3681201934814 25.3188190460205 25.6544189453125 25.5465831756592 27.7116718292236 28.3584880828857 29.8930015563965 30.070743560791 29.5540294647217 29.9347324371338 30.321870803833 29.7078094482422 26.5702342987061 29.1430988311768 28.2683486938477 29.0237102508545 29.0792121887207 30.3337917327881 31.0276374816895 31.2580909729004 31.8192844390869 29.1391334533691 29.6028137207031 26.8664264678955 29.2753620147705 30.5663242340088 32.3515243530273 31.3284034729004 25.4601669311523 28.0321655273438 28.8305721282959 27.309497833252 28.3012371063232 30.2501487731934 29.455379486084 28.8199005126953 29.2126731872559 28.7622356414795 28.6146144866943
22.9310436248779 22.183895111084 21.5388221740723 22.8901443481445 24.0999431610107 24.5521812438965 23.9326610565186 25.2074317932129 24.8530292510986 24.262580871582 25.4348278045654 25.090612411499 25.4165153503418 28.2723007202148 25.9206371307373 29.2376823425293 29.3457565307617 29.3281364440918 29.8533744812012 27.8575897216797 28.7466087341309 29.2349605560303 28.8014106750488 26.4669704437256 28.9726104736328 31.0830020904541 30.06715965271 29.2415790557861 29.4372711181641 29.6001071929932 26.7203578948975 24.9464740753174 25.7690238952637 28.8507099151611 24.9328422546387 24.7984428405762 29.0260448455811 28.2815742492676 29.0709648132324 27.7949199676514 30.0430355072021 31.26344871521 27.6415195465088 27.9144802093506 28.8176326751709 29.431079864502
23.3446922302246 22.3107280731201 22.3933296203613 22.9476261138916 23.7861957550049 24.2158699035645 24.6926918029785 24.7142944335938 23.5426940917969 23.1100120544434 24.8747444152832 23.577615737915 24.052360534668 24.2984390258789 27.9663791656494 28.7891483306885 26.1113719940186 29.3473033905029 26.6971683502197 30.1415710449219 29.7091464996338 30.0190505981445 29.5163745880127 29.1760063171387 28.3507537841797 29.5336608886719 30.3548698425293 29.3501815795898 28.6734409332275 30.2847118377686 28.4587516784668 25.996431350708 29.2862453460693 28.5458545684814 22.9536514282227 27.3217182159424 28.2358264923096 28.6387271881104 28.9597663879395 30.6528301239014 28.5730686187744 30.9833641052246 28.7301807403564 28.9008598327637 28.4080257415771 28.2700958251953
23.3550662994385 23.0416889190674 22.7611503601074 22.907527923584 23.5745067596436 24.2377586364746 24.1722965240479 23.9723739624023 23.348783493042 24.3164119720459 24.4790306091309 23.3155269622803 23.5957984924316 23.767520904541 25.0055980682373 25.3433322906494 29.0558700561523 26.1805248260498 29.470947265625 29.7485008239746 29.5565567016602 29.8642978668213 28.0998840332031 29.6048126220703 28.8659687042236 28.9346294403076 28.6600742340088 29.792387008667 27.9997482299805 27.9073181152344 29.5911312103271 29.3375339508057 25.9211463928223 28.0380935668945 28.8009967803955 29.5289974212646 26.2897548675537 28.7141895294189 31.0756416320801 28.4663829803467 29.4280624389648 28.5208568572998 29.0035648345947 30.821346282959 30.3486881256104 28.0027141571045
22.7581062316895 22.6798992156982 22.2283878326416 22.6356506347656 23.1716899871826 23.0162830352783 23.6902637481689 24.1099281311035 24.4796352386475 24.523286819458 24.4909591674805 24.721040725708 27.9463157653809 28.6790714263916 28.5182838439941 25.2993068695068 25.9364624023438 29.709924697876 27.0422325134277 29.1982555389404 29.5075836181641 30.0761966705322 30.147518157959 29.4504566192627 29.6559448242188 28.5812797546387 29.0365734100342 28.9008293151855 28.0339641571045 29.9577713012695 30.2917423248291 31.1139259338379 27.5374279022217 28.4840602874756 28.4820098876953 24.3273391723633 27.1343936920166 29.808765411377 31.7713871002197 26.5610122680664 28.8526306152344 29.0176868438721 28.3680553436279 27.2526721954346 28.7274799346924 29.3960933685303
