data/Tmax/Tmax6.asc
NCOLS 100 
NROWS 79 
XLLCORNER 148.06 
YLLCORNER -21.49 
CELLSIZE 0.01 
NODATA_value -9999 
[rows 20 to 39 of 79, columns 0 to 45 of 100]
35.509841918945298 35.9957466125488 36.189567565918 35.9177932739258 36.1185417175293 36.970573425293 36.4996719360352 36.7814292907715 35.613525390625 35.5269737243652 36.5864295959473 36.1360931396484 35.0688438415527 33.3358154296875 32.3035316467285 31.5512580871582 31.1991672515869 32.4184379577637 33.2482986450195 34.0750312805176 34.1973037719727 34.6686325073242 34.8392372131348 35.176944732666 35.1141357421875 34.8485107421875 33.7484436035156 31.9152965545654 32.7942962646484 32.6130523681641 33.7559967041016 34.043888092041 34.087760925293 34.146541595459 33.8810539245605 33.5775299072266 33.375862121582 33.131721496582 32.2504119873047 32.5324554443359 32.3237838745117 31.4279346466064 32.172191619873 31.9571132659912 30.4983196258545 30.6190299987793
36.2784614562988 36.5523910522461 36.5672302246094 36.1896514892578 36.1278839111328 36.0455856323242 35.6284141540527 36.4138298034668 36.6681785583496 36.9244804382324 36.5970573425293 36.5913467407227 36.068042755127 33.6133232116699 32.2539482116699 32.0676651000977 32.1526947021484 32.6329803466797 33.0290603637695 33.9989738464355 34.6670188903809 35.2498054504395 34.3820419311523 34.881534576416 34.8223991394043 34.516040802002 34.2325134277344 32.7194023132324 32.7928771972656 33.7219009399414 34.1468963623047 33.8974380493164 33.8486137390137 32.6434097290039 32.3413009643555 32.5565719604492 33.4879951477051 31.6696128845215 31.2504863739014 31.540843963623 30.7541408538818 31.3276710510254 31.5152244567871 29.3313083648682 29.1685447692871 29.8736763000488
36.568302154541 36.8120193481445 36.6279563903809 35.9412384033203 37.1777839660645 36.2704963684082 36.5177536010742 36.1921653747559 36.8944091796875 36.0837554931641 37.1736526489258 36.7872352600098 36.5736122131348 35.6625022888184 34.9884452819824 33.3374633789062 31.7521705627441 32.2325210571289 32.5330047607422 34.3646583557129 35.1877746582031 34.2946472167969 34.3351097106934 33.8546295166016 33.371208190918 34.1988525390625 34.1075706481934 33.7514877319336 33.6772575378418 33.6847915649414 33.3188667297363 32.8570518493652 32.3444938659668 31.8512363433838 31.2053890228271 31.9525299072266 32.0167617797852 30.9366588592529 30.9287433624268 30.9067459106445 29.614631652832 29.5892219543457 29.9801139831543 30.6907081604004 25.3200283050537 29.651481628418
36.7327308654785 37.1583976745605 37.6604690551758 35.9516067504883 35.880615234375 36.7395973205566 35.8056793212891 36.7548484802246 36.9489936828613 36.0555686950684 36.6029167175293 36.4744033813477 36.7009162902832 35.7644882202148 34.0134506225586 33.1689987182617 32.0930480957031 32.4370498657227 32.9940567016602 33.9122314453125 34.3016700744629 34.7341003417969 33.952262878418 32.6963996887207 33.1335678100586 33.2315559387207 33.2183151245117 34.0805778503418 34.371997833252 34.1174736022949 33.7527503967285 32.7392997741699 32.1414756774902 32.2354545593262 32.7006759643555 32.3644752502441 30.3191299438477 30.0068874359131 30.3779468536377 30.7368640899658 29.4163665771484 29.3157024383545 28.788745880127 26.9257507324219 28.5647888183594 28.5385723114014
36.9592781066895 36.8115272521973 36.6058464050293 37.323844909668 37.4181365966797 37.1055679321289 35.8801307678223 36.9407691955566 35.4990043640137 35.7165336608887 35.7509727478027 35.5048027038574 35.3282203674316 35.6969909667969 34.2725410461426 32.8694686889648 32.2470664978027 32.1525268554688 33.2251281738281 33.3780097961426 34.5044784545898 34.5892372131348 32.138500213623 31.945650100708 32.0645027160645 32.4015846252441 32.6109466552734 33.8639373779297 34.2280158996582 33.6314277648926 34.0189399719238 33.5812797546387 33.4674224853516 33.2852630615234 32.7472953796387 32.3304100036621 31.6571388244629 30.9651660919189 29.7617340087891 29.1968021392822 28.2038631439209 27.2634658813477 27.8689117431641 29.5505981445312 24.7688083648682 24.514030456543
37.4427070617676 37.1379890441895 37.5682830810547 36.8976173400879 37.3951988220215 37.2525215148926 37.1185531616211 36.8913726806641 36.7177810668945 35.3198280334473 36.3652648925781 35.6679725646973 34.8751068115234 35.0466918945312 35.1094169616699 35.0081748962402 33.8070106506348 33.5966606140137 34.1633529663086 34.6674880981445 33.9677886962891 32.3644142150879 31.8990879058838 30.854133605957 31.4841365814209 32.2255668640137 32.2146949768066 32.984992980957 34.0164794921875 33.8505554199219 32.2511253356934 33.1888771057129 32.9923477172852 32.9967460632324 32.5628051757812 32.2344779968262 31.6187515258789 30.6594581604004 28.4239292144775 28.9039554595947 27.5410823822021 28.5399856567383 30.0070114135742 29.3199024200439 24.6864490509033 23.975772857666
35.5219650268555 36.7090835571289 37.7338371276855 37.4787788391113 37.3424530029297 37.1628913879395 37.0355453491211 37.0529365539551 36.7646408081055 35.5117645263672 35.0714340209961 35.2824478149414 35.0909271240234 34.8306083679199 35.0023498535156 34.1416435241699 33.3797607421875 33.4678268432617 34.2723770141602 34.1286430358887 33.7900123596191 33.9291381835938 32.7686309814453 31.5895977020264 31.0580081939697 31.6577224731445 32.8086891174316 34.0080718994141 33.4415473937988 33.6087837219238 32.8288040161133 32.6537132263184 32.8729972839355 32.3154220581055 32.2975234985352 31.6584091186523 30.3476219177246 30.5360412597656 26.0318050384521 24.4917678833008 27.1898899078369 24.6819305419922 29.4844455718994 25.6518039703369 28.0814208984375 23.7853908538818
35.7373809814453 35.3323554992676 36.4498672485352 37.2878532409668 37.2237586975098 37.0726776123047 37.2264251708984 37.3546562194824 36.9569129943848 36.2131233215332 35.7626686096191 35.0836639404297 34.9079895019531 35.3008728027344 33.8344535827637 34.128288269043 33.6970634460449 33.2344627380371 33.5310325622559 33.5886611938477 33.4982223510742 33.4772453308105 33.0811653137207 31.9755725860596 31.8900985717773 32.0878944396973 31.5475025177002 33.8201026916504 34.1932907104492 32.9000930786133 32.6371192932129 32.6883239746094 32.9801864624023 32.1625938415527 31.9445610046387 31.1799068450928 29.7783145904541 30.0104866027832 29.7450771331787 28.7251205444336 27.5689563751221 27.9827461242676 27.7857456207275 25.0243339538574 24.4475746154785 24.1024742126465
34.6418495178223 35.0689544677734 35.5956039428711 36.4362144470215 37.4352722167969 36.8926010131836 37.2882919311523 36.9318313598633 36.9363555908203 35.9653930664062 36.0635948181152 35.3190002441406 35.5670585632324 35.5452842712402 35.3052940368652 33.2878303527832 33.3614234924316 33.1759033203125 33.4907455444336 34.3099555969238 33.0377540588379 33.4637908935547 32.5797729492188 31.6484432220459 31.9096622467041 32.2041473388672 32.1219940185547 32.7290534973145 33.4206809997559 33.3067092895508 33.4032707214355 32.4354476928711 32.0304985046387 31.003698348999 30.4570083618164 29.5395240783691 29.8384075164795 29.8278694152832 29.9280872344971 27.4660110473633 24.6016864776611 24.6288204193115 28.0050926208496 24.3936538696289 24.5839881896973 24.4661312103271
33.7008666992188 34.248462677002 34.7850685119629 35.5269889831543 36.8204345703125 36.7978630065918 36.1173896789551 37.2753486633301 37.0874443054199 36.7398529052734 35.6125564575195 36.0587348937988 35.4221076965332 35.1405868530273 35.7340202331543 35.5505790710449 35.1978797912598 33.547607421875 33.761905670166 33.7182884216309 33.6312370300293 33.5010681152344 33.0866622924805 32.189624786377 31.9777889251709 32.0083122253418 31.5440311431885 32.7274742126465 33.5408477783203 33.0118637084961 33.6397323608398 32.3136787414551 31.2872009277344 31.160961151123 30.6554069519043 30.3661575317383 30.3143939971924 29.7368278503418 29.1158771514893 28.6829700469971 29.6341438293457 29.5881652832031 27.2342128753662 27.3495140075684 24.56418800354 25.4004802703857
34.2129898071289 34.7096328735352 34.8112716674805 35.6333847045898 35.7904014587402 35.538703918457 35.7057456970215 36.7380676269531 36.6895179748535 36.2198944091797 36.6989669799805 36.6041831970215 36.6497001647949 35.852611541748 35.9096145629883 35.9651985168457 34.8425636291504 34.3342208862305 33.4236526489258 33.7522621154785 33.5503082275391 32.9147644042969 32.7532234191895 32.3608551025391 31.8097114562988 31.1520156860352 31.5085487365723 33.0088272094727 33.2847099304199 33.4432067871094 33.7213821411133 33.8814544677734 32.2992248535156 31.2316837310791 30.4973964691162 31.3330554962158 30.8863792419434 30.1996746063232 29.3913879394531 29.337646484375 31.0217628479004 30.8723812103271 30.457124710083 29.6366634368896 26.3885803222656 25.7255096435547
35.1639938354492 35.0260581970215 35.8741340637207 36.6903381347656 37.153190612793 35.826774597168 35.8756256103516 37.126148223877 37.074779510498 36.4018020629883 36.8257484436035 36.4586448669434 36.4064712524414 36.0385856628418 35.1230583190918 35.5113296508789 33.3525085449219 32.0761795043945 33.5038871765137 33.1414833068848 33.0984230041504 33.2025566101074 32.6904525756836 32.4455375671387 32.0202178955078 31.993537902832 32.2578811645508 33.2828025817871 33.9477462768555 32.9453201293945 33.4086875915527 33.4086112976074 33.7111549377441 32.8167419433594 32.1680374145508 31.1498527526855 31.0832405090332 31.1330833435059 30.7046642303467 32.2156715393066 31.2199859619141 30.87619972229 25.9031543731689 27.5526866912842 25.1373023986816 24.5062484741211
34.7709846496582 36.003360748291 35.8395156860352 35.9208869934082 37.086669921875 36.2586784362793 36.8601989746094 36.4836845397949 37.0444412231445 36.0185317993164 36.9796943664551 36.4744644165039 36.464656829834 35.8753929138184 35.4851417541504 34.9838638305664 35.0084075927734 33.3754615783691 32.2810096740723 32.6849479675293 32.7401542663574 33.2079277038574 32.5852355957031 32.6847915649414 32.3072166442871 32.0875205993652 33.6066474914551 33.611988067627 33.4771118164062 34.8994064331055 33.5631866455078 33.1408081054688 34.2200355529785 34.0827598571777 33.3526420593262 32.6466484069824 32.2929649353027 32.225757598877 31.7532062530518 31.9205589294434 31.2153701782227 28.8506412506104 24.3158550262451 24.5866527557373 24.7605247497559 23.5600147247314
35.5496215820312 35.5883636474609 36.1904296875 35.1525382995605 35.6598129272461 34.5346794128418 35.2200508117676 36.5319442749023 37.0272445678711 36.8124809265137 37.1024589538574 36.3151092529297 36.1596336364746 36.2211990356445 35.6192283630371 35.4112167358398 35.838809967041 35.3963394165039 34.6891250610352 34.3251800537109 33.2055206298828 32.9113578796387 33.4364547729492 33.0615539550781 32.6753120422363 32.2584915161133 33.6822090148926 34.2675132751465 33.8054161071777 33.9468536376953 33.7159843444824 32.7179832458496 32.3480682373047 32.2811622619629 32.6698570251465 32.8914184570312 32.9069633483887 33.3512229919434 32.9002342224121 33.0215873718262 31.3134918212891 26.8926258087158 25.4480514526367 25.6158847808838 25.443359375 24.5622062683105
36.0429725646973 36.3699645996094 36.1714401245117 34.4436187744141 35.1089782714844 36.009822845459 35.1828308105469 36.5885047912598 36.9465942382812 36.5663261413574 37.004997253418 36.685302734375 37.0078048706055 36.518138885498 36.1128845214844 35.9470024108887 35.6869430541992 35.4437026977539 35.0606002807617 34.1275444030762 32.750789642334 33.7996368408203 34.215087890625 33.0593338012695 32.616382598877 32.4699935913086 32.1932716369629 33.3858680725098 33.2849426269531 32.3697357177734 33.2974281311035 32.2737693786621 31.882137298584 31.9380302429199 31.6592979431152 31.7676010131836 32.4129028320312 31.8742237091064 32.5161170959473 32.2805862426758 30.6246166229248 30.2753410339355 27.4652271270752 26.8430595397949 26.1882743835449 26.1275482177734
35.7744331359863 37.0777320861816 36.1592140197754 35.3580741882324 33.8450393676758 36.0536880493164 37.3929977416992 35.511646270752 36.4742088317871 37.0450286865234 36.9193382263184 36.7392845153809 36.2264747619629 36.3640785217285 36.0181007385254 36.1956405639648 35.2775268554688 34.8539237976074 34.8067092895508 34.3093872070312 33.2637214660645 33.9283065795898 33.1263427734375 31.8076190948486 32.1725082397461 31.7212200164795 32.9474334716797 32.1000900268555 32.1182327270508 29.5400428771973 31.3430461883545 31.8634796142578 32.1560745239258 31.828369140625 31.881534576416 30.9802742004395 31.0944671630859 31.4687232971191 32.4029998779297 31.7141380310059 26.8709983825684 26.5664958953857 26.2706031799316 26.7250099182129 26.5022144317627 25.4340152740479
36.4076271057129 35.532585144043 36.8341674804688 36.1343650817871 36.0196380615234 35.9921607971191 35.9684753417969 36.0148468017578 36.1414566040039 37.4220695495605 37.4064788818359 36.8245582580566 36.6736793518066 36.9218788146973 36.6683464050293 35.5549583435059 34.9187469482422 34.8670234680176 34.8718795776367 34.8938064575195 34.2216377258301 33.3160057067871 32.2971038818359 32.0851516723633 32.3542594909668 32.9277610778809 33.373836517334 32.4849052429199 32.1620712280273 30.2204475402832 30.0511417388916 29.0645198822021 30.567569732666 31.9241313934326 31.9226684570312 30.0814018249512 30.00221824646 29.6111507415771 29.347505569458 25.8402938842773 25.8261184692383 25.1466293334961 25.5796318054199 26.3741703033447 26.4118175506592 24.9398956298828
35.8587074279785 35.2956466674805 36.5544471740723 35.3567924499512 35.5220718383789 35.5394706726074 34.3126335144043 35.0328712463379 36.0335388183594 36.309886932373 37.0144920349121 37.0232391357422 36.8752288818359 36.3509178161621 36.6896362304688 36.5704078674316 35.8747673034668 34.5816688537598 35.096996307373 34.6445426940918 34.4793663024902 33.8426513671875 32.5031318664551 32.3127479553223 31.819221496582 32.394100189209 33.2118110656738 32.3616104125977 32.5125541687012 32.1339302062988 32.1118583679199 31.0243797302246 30.7422218322754 29.5112400054932 25.6254444122314 24.5302352905273 24.6479053497314 24.4058361053467 24.3276233673096 24.5101261138916 24.6702117919922 24.7322368621826 24.9859733581543 25.7236003875732 26.0529918670654 25.6043109893799
35.8490676879883 35.2004585266113 35.2054901123047 36.399242401123 36.0705795288086 36.2130126953125 34.7846374511719 33.938777923584 34.7710075378418 35.5961303710938 36.8595085144043 37.1856422424316 37.0632972717285 36.8688545227051 35.8173522949219 35.4464836120605 35.4257507324219 35.008171081543 35.4297218322754 35.2961349487305 35.2687911987305 34.0147361755371 33.4727249145508 33.0376319885254 32.2397918701172 33.0057640075684 32.6977157592773 32.7866668701172 31.2138214111328 32.0600280761719 31.2972946166992 31.074275970459 31.210750579834 30.5565319061279 29.1742248535156 24.1488609313965 23.8104820251465 23.7037525177002 23.5486640930176 24.0536270141602 24.6209945678711 26.1128883361816 24.6415615081787 25.6142425537109 25.1128406524658 25.0152072906494
35.4713325500488 34.9672393798828 36.1883888244629 36.1702575683594 36.3839416503906 35.4886512756348 35.1606330871582 34.5207672119141 35.3775901794434 34.6619148254395 35.5481300354004 36.9961814880371 36.6924705505371 36.4684829711914 35.7658081054688 36.100772857666 34.4831008911133 34.7449264526367 35.0820388793945 34.8496856689453 34.9343109130859 34.2838516235352 34.3776626586914 33.8508987426758 32.8213386535645 32.7635498046875 32.398624420166 32.2768249511719 32.7364120483398 31.8067493438721 30.7880344390869 29.7529964447021 31.5729389190674 31.8217906951904 31.8098392486572 29.3774948120117 26.5068359375 26.0786895751953 25.126594543457 24.2333698272705 24.9403228759766 24.9247722625732 24.9383563995361 25.3391151428223 25.2500152587891 24.9333343505859
