data/Tmax/Tmax2.asc
NCOLS 100 
NROWS 79 
XLLCORNER 148.06 
YLLCORNER -21.49 
CELLSIZE 0.01 
NODATA_value -9999 
[rows 20 to 39 of 79, columns 46 to 91 of 100]
23.8696575164795 22.275541305542 21.9183330535889 23.0468349456787 22.7312870025635 22.4121494293213 21.3706035614014 20.4277076721191 22.5016803741455 23.9617671966553 24.4447631835938 24.8274364471436 24.696720123291 25.2869758605957 24.2487964630127 24.7886600494385 24.9312591552734 25.3058624267578 26.5093898773193 26.3172492980957 28.1340026855469 30.2887058258057 31.3161544799805 30.9639854431152 29.4665775299072 29.85032081604 30.5866317749023 29.0571937561035 28.1067810058594 29.0302238464355 28.2210483551025 28.8934307098389 29.2822914123535 30.1645584106445 29.8674221038818 28.4370498657227 27.8438472747803 27.7020816802979 29.1116409301758 30.4434127807617 29.4681034088135 30.02614402771 29.2566242218018 28.9074974060059 29.031213760376 29.7646198272705
26.334135055542 21.3666019439697 20.9394721984863 22.081226348877 21.8317584991455 21.1659278869629 22.0397300720215 20.7233924865723 21.5526275634766 23.5647163391113 25.4911403656006 23.2398147583008 22.7655487060547 24.6411361694336 23.2788944244385 23.3193492889404 24.0045928955078 25.3963508605957 25.1812763214111 25.7665748596191 28.3071117401123 30.645694732666 25.39186668396 25.258020401001 28.6302795410156 30.2487201690674 31.4126682281494 27.9081325531006 28.7697334289551 27.653507232666 27.9637298583984 27.9000377655029 28.4671936035156 27.9572601318359 29.4783763885498 29.2569770812988 29.1525974273682 29.3607521057129 28.5069026947021 31.6615333557129 30.4161434173584 29.1829624176025 28.0068092346191 27.3113250732422 26.6006832122803 26.8489246368408
27.2633533477783 23.2811260223389 22.0015926361084 21.7377910614014 20.9056148529053 21.8404579162598 21.1742877960205 21.7147808074951 21.0400562286377 21.8153858184814 23.7929573059082 24.1087245941162 23.1407032012939 23.0727939605713 22.9588565826416 23.4896659851074 24.190845489502 24.6597213745117 23.6502933502197 24.6764507293701 30.266300201416 28.4665203094482 25.0890312194824 24.341869354248 24.8290538787842 24.9787616729736 27.9830875396729 30.5594215393066 27.3273086547852 30.1135082244873 31.0193176269531 32.3380470275879 29.4765071868896 28.364501953125 29.2797412872314 29.7656230926514 31.1084880828857 30.7206954956055 31.9618320465088 30.1187553405762 29.1157970428467 29.9669418334961 29.2123203277588 29.3108692169189 25.4181652069092 25.5265979766846
27.2198886871338 23.0926494598389 22.9000988006592 21.8600063323975 19.9827537536621 21.4092903137207 22.1536388397217 21.5377101898193 21.5022602081299 21.7429866790771 22.730375289917 22.1176738739014 23.0954055786133 22.3787212371826 26.6280860900879 27.8500843048096 23.7615833282471 24.1079025268555 23.3408432006836 24.5216121673584 28.9743041992188 27.5490303039551 26.2095069885254 23.664571762085 24.3807067871094 25.0044860839844 25.2479381561279 29.3039150238037 28.7382564544678 27.1914043426514 28.453218460083 28.6529750823975 29.1325244903564 28.7164630889893 28.6549263000488 28.8251647949219 29.7311344146729 30.9014625549316 31.1567420959473 31.0814876556396 30.6566123962402 30.1713771820068 28.768087387085 29.0095806121826 27.3957748413086 24.8415851593018
25.8743019104004 26.1225452423096 26.2268543243408 22.8552494049072 22.5783672332764 21.7764415740967 21.3708190917969 21.4488735198975 22.1323642730713 21.5288600921631 21.8365306854248 21.3601455688477 22.9219055175781 29.6677799224854 22.7790470123291 23.7757930755615 24.5486392974854 24.7911720275879 24.3724708557129 25.7851123809814 28.4697093963623 28.2195339202881 25.3517513275146 24.5215721130371 24.6493682861328 25.2709884643555 24.9566707611084 25.0738105773926 25.0122509002686 28.8683662414551 30.562629699707 29.8658657073975 28.5026168823242 29.1833305358887 27.8564224243164 27.4278659820557 30.0077266693115 25.0911083221436 29.8353481292725 30.8742523193359 31.1527976989746 29.1592197418213 31.2379093170166 30.1655826568604 28.7744884490967 26.6259746551514
20.7853965759277 21.7486095428467 22.5660724639893 22.4960269927979 21.8763122558594 20.9899196624756 20.6005592346191 20.1990165710449 21.4079723358154 21.870813369751 21.558464050293 21.5305976867676 23.0934410095215 24.2478160858154 24.2014846801758 24.1974620819092 24.2930183410645 27.3446063995361 28.6615505218506 25.7725448608398 25.6886177062988 25.6348915100098 24.2756080627441 24.0934429168701 24.3208770751953 25.0129470825195 25.0792617797852 24.421422958374 27.8174228668213 25.969705581665 30.4927845001221 29.5679416656494 30.6489887237549 27.859561920166 28.5472240447998 27.3606796264648 28.9950065612793 27.0987606048584 27.2881278991699 30.8175296783447 27.0268058776855 24.7456245422363 24.5490608215332 29.3486499786377 29.9116153717041 27.4091701507568
20.5637245178223 20.6033668518066 21.1742725372314 21.6628017425537 21.9617652893066 19.7991886138916 19.4998912811279 20.3575019836426 20.9854335784912 21.6924209594727 21.8843612670898 22.4478282928467 23.9607200622559 24.7972850799561 24.8128299713135 25.0334510803223 26.4501323699951 26.6138000488281 26.6430168151855 25.5459251403809 25.2934551239014 26.5306262969971 26.7151260375977 26.3996200561523 29.1547164916992 24.7399826049805 27.2929306030273 26.8969020843506 25.5148735046387 24.9114208221436 24.4393157958984 32.0003929138184 27.3062839508057 27.9526405334473 29.5343475341797 28.5312614440918 29.1161155700684 27.9910049438477 25.2924003601074 25.6017646789551 30.5596885681152 29.1414279937744 25.4780139923096 25.0679550170898 29.1500263214111 28.3729248046875
21.0474414825439 20.413646697998 20.646656036377 20.7938747406006 21.3222255706787 19.43088722229 19.1572284698486 19.2578239440918 20.8124694824219 21.6939487457275 21.2165756225586 21.3981647491455 22.7831230163574 23.6850852966309 24.8643836975098 24.4904842376709 25.1714477539062 26.6795043945312 25.4539680480957 24.4532642364502 25.3594779968262 26.5548229217529 28.4788570404053 31.0316944122314 30.5800857543945 30.4644374847412 26.5734615325928 27.5807113647461 25.8475170135498 25.0457401275635 24.9430160522461 30.1690006256104 28.4686546325684 27.1576900482178 27.920581817627 28.010425567627 28.0382843017578 28.7760829925537 25.6066150665283 24.5009860992432 24.2409324645996 23.8676261901855 28.0263710021973 24.5500011444092 25.4935111999512 27.4425296783447
21.8827266693115 21.1928062438965 21.3647155761719 20.8733673095703 20.9763088226318 19.5625038146973 20.7563133239746 20.3594779968262 20.7303848266602 20.9278106689453 21.0472583770752 21.332727432251 21.384973526001 22.9588394165039 24.2130146026611 23.9406776428223 25.1711483001709 26.1353759765625 25.383358001709 24.2577133178711 24.4809398651123 28.4004096984863 29.2860107421875 31.0486736297607 30.6108856201172 31.6305027008057 27.9557094573975 30.2893142700195 27.7071170806885 24.7685699462891 24.9119434356689 28.9705066680908 29.0405197143555 28.7512855529785 26.8711185455322 27.6518249511719 28.9198627471924 28.9851741790771 30.9709053039551 27.9435424804688 30.1572132110596 28.9151000976562 23.9829063415527 24.5293998718262 29.7906360626221 28.7488059997559
22.7688446044922 22.7047443389893 22.1085186004639 22.2167491912842 21.4484195709229 21.1366786956787 21.1284866333008 20.0129127502441 20.5669689178467 20.379602432251 19.6310577392578 20.8851070404053 21.1525497436523 22.9533023834229 23.5266189575195 22.6098880767822 23.9587078094482 24.4480495452881 24.497163772583 24.7858867645264 24.7072372436523 26.2849826812744 26.8785858154297 29.2278823852539 31.3939361572266 29.4507942199707 29.4260272979736 27.8173713684082 28.1449069976807 24.6307563781738 24.8169116973877 27.4411811828613 28.4096775054932 27.0272922515869 28.5875091552734 26.67822265625 28.7435989379883 27.4171028137207 29.5458641052246 25.8610382080078 24.841381072998 24.3952121734619 26.4875183105469 23.7991809844971 25.3988704681396 26.9081916809082
21.5631675720215 21.3903350830078 21.6190185546875 21.4458923339844 21.343074798584 21.396520614624 20.1422672271729 20.1194248199463 19.4790210723877 20.014575958252 19.0389633178711 20.537935256958 20.064416885376 21.7878322601318 22.7377128601074 21.6950054168701 22.0185489654541 23.9117050170898 24.740779876709 26.2504405975342 25.3987369537354 25.897575378418 26.9536590576172 27.5417461395264 27.6674709320068 28.1905059814453 28.958028793335 30.2470321655273 30.390510559082 29.0658645629883 26.6417980194092 27.8528861999512 28.8682117462158 28.3232803344727 30.4531669616699 31.2905197143555 28.1881904602051 27.01340675354 27.2235279083252 28.0662612915039 27.4338111877441 26.6409339904785 24.4925403594971 29.0450344085693 29.5773220062256 26.49875831604
20.7232341766357 21.3297367095947 21.4940223693848 21.4128494262695 20.5425720214844 21.4371929168701 20.3036880493164 19.2431087493896 18.6306571960449 18.523458480835 18.6443862915039 19.1891632080078 26.5503082275391 22.0309410095215 21.7801303863525 21.6273250579834 23.4338989257812 24.3675804138184 24.9272499084473 25.4732799530029 28.5757942199707 27.3423309326172 27.743989944458 27.2689113616943 27.9106826782227 29.2852916717529 31.4377136230469 29.086540222168 29.7827911376953 26.7885684967041 25.015869140625 28.0908145904541 28.3017425537109 27.0031967163086 29.5467662811279 31.3855991363525 30.3355503082275 27.1926822662354 27.7890510559082 30.2921504974365 25.8650226593018 25.16383934021 26.9299335479736 26.463264465332 28.8479309082031 28.3846454620361
20.5680179595947 20.98193359375 20.962158203125 21.2658176422119 21.2685260772705 21.1930122375488 21.0571975708008 19.9133358001709 19.5449295043945 19.5992832183838 18.6944541931152 18.7768726348877 19.6916999816895 21.740608215332 21.7228755950928 22.6504058837891 23.0658874511719 23.529764175415 24.7576656341553 25.3517074584961 26.8242511749268 26.7722206115723 26.8167934417725 26.5757255554199 27.4198703765869 29.3703937530518 31.2766647338867 28.0123405456543 24.8325614929199 24.9052581787109 25.0173683166504 28.895227432251 30.4330730438232 27.0201797485352 29.4603481292725 31.1365585327148 27.4131183624268 27.4050674438477 28.6222972869873 29.5933609008789 29.9582996368408 29.5932312011719 23.3746528625488 24.2346343994141 24.22629737854 24.520881652832
20.8529376983643 20.1695957183838 20.406379699707 21.039234161377 21.1696968078613 21.1002311706543 20.7018947601318 20.2179393768311 20.6895046234131 20.2242584228516 19.9001903533936 19.7867794036865 20.9077644348145 21.4896697998047 21.2900352478027 22.7156391143799 23.425630569458 24.0419750213623 24.7407760620117 24.9869575500488 27.8406734466553 30.6557693481445 32.016227722168 25.510311126709 25.499418258667 25.5516014099121 25.3115653991699 27.9260902404785 26.9837017059326 28.6012840270996 27.9675827026367 28.4509830474854 27.4587059020996 29.3303775787354 29.6830520629883 25.3253555297852 28.5485534667969 28.3399276733398 30.0096435546875 30.1148471832275 27.3215980529785 28.6081123352051 27.9968414306641 26.4414520263672 26.5083065032959 26.0229167938232
21.9046630859375 20.5898571014404 20.4618988037109 20.1105117797852 20.8937377929688 20.789966583252 20.7639484405518 21.471305847168 21.0547389984131 20.2197818756104 20.8369178771973 21.3172969818115 21.8015193939209 20.6976051330566 21.093225479126 22.2075386047363 23.7318916320801 24.6983375549316 24.1136436462402 25.2225723266602 27.2924098968506 30.218469619751 30.882848739624 25.4563903808594 24.7197284698486 25.0120944976807 25.5573768615723 25.6527309417725 27.2584590911865 27.5091514587402 30.2575263977051 31.6185913085938 32.2090187072754 29.8462810516357 30.7676868438721 27.4902572631836 28.6075744628906 28.8841819763184 28.103572845459 29.1472320556641 29.8377647399902 27.2884769439697 24.8975067138672 27.5269985198975 27.1447696685791 27.9915657043457
21.6163768768311 20.75266456604 20.4870738983154 20.5206451416016 20.7524108886719 20.6409931182861 21.2416934967041 22.3852500915527 27.7054653167725 20.4678630828857 22.6040630340576 23.1415042877197 23.1309185028076 20.9355659484863 21.7142601013184 21.8442077636719 23.1230792999268 23.5646800994873 23.51123046875 24.5695304870605 25.313793182373 25.9120445251465 27.7149715423584 30.833610534668 25.8249015808105 25.2219696044922 24.6925258636475 24.8690586090088 27.9230461120605 32.2011985778809 28.4295272827148 25.5934829711914 31.3521308898926 29.4830112457275 29.2149696350098 25.9388599395752 28.0003337860107 27.2895431518555 30.9244823455811 30.5657749176025 28.7067279815674 28.7650260925293 28.2461643218994 28.3555374145508 28.4414196014404 29.8059825897217
21.0077800750732 20.7641353607178 20.5340957641602 20.867956161499 20.9470977783203 21.1351261138916 21.3354892730713 23.1718406677246 23.2258033752441 21.7360801696777 23.9810085296631 24.5549736022949 24.2030639648438 22.780122756958 22.9063396453857 23.5198726654053 24.0277843475342 24.6565818786621 24.9205951690674 25.1311473846436 25.411376953125 25.8136901855469 24.0395736694336 24.1390571594238 24.6589584350586 24.2152156829834 24.6186370849609 30.3095798492432 27.9990005493164 31.673360824585 24.9936428070068 24.375883102417 25.0815563201904 28.7857151031494 29.471586227417 28.2954120635986 26.7569179534912 28.1027069091797 27.8165245056152 28.8014526367188 30.0203552246094 30.8923492431641 30.7099914550781 30.4740333557129 29.2792453765869 29.6466197967529
21.1255207061768 21.8087329864502 20.744441986084 21.2448596954346 21.3146343231201 21.9938678741455 22.4698581695557 25.803596496582 23.8445529937744 23.5834045410156 24.6014194488525 25.46604347229 24.7760105133057 23.9359703063965 24.0978355407715 25.0723705291748 25.4588851928711 25.4409408569336 26.5919761657715 26.2743682861328 27.7811222076416 26.2363929748535 25.4163093566895 24.9095878601074 25.2113704681396 25.5122985839844 28.1476516723633 27.1961326599121 27.0466232299805 27.2814598083496 26.2251377105713 27.1415405273438 26.0341873168945 28.5363311767578 25.3933010101318 28.9163703918457 29.9010429382324 29.7305965423584 29.6538848876953 27.0360145568848 27.6126365661621 29.1210803985596 28.255823135376 29.4451179504395 29.978723526001 30.0375576019287
22.5750122070312 22.4518661499023 21.2786865234375 22.3784523010254 22.460412979126 22.753116607666 23.3932209014893 24.6735877990723 23.7103538513184 24.2290306091309 25.9326591491699 27.5089740753174 25.5967559814453 24.7411708831787 24.0056686401367 24.8914527893066 24.8037567138672 25.2946090698242 26.2197494506836 30.8015823364258 26.1712589263916 26.5312671661377 28.6950359344482 28.04372215271 27.8313236236572 27.4846611022949 29.1613445281982 28.4096183776855 28.9488658905029 28.4066028594971 26.8400936126709 27.4793033599854 29.322301864624 29.0835819244385 25.2508907318115 24.5653514862061 24.9542713165283 26.0778255462646 25.6422939300537 27.6973648071289 31.2592658996582 30.8096828460693 27.81960105896 27.1571426391602 25.657377243042 25.8392505645752
21.7833061218262 21.8079986572266 22.0900039672852 23.5161743164062 24.0513725280762 24.5740242004395 25.6354675292969 24.1802597045898 23.3674125671387 23.7845153808594 24.4293651580811 26.4206695556641 26.0108623504639 25.5928211212158 24.6204261779785 27.0262203216553 26.785177230835 28.9492206573486 31.2946090698242 29.1234912872314 29.3755283355713 28.1449947357178 27.4998474121094 27.8970394134521 28.0144271850586 27.5968742370605 27.5661544799805 27.4149417877197 27.8668060302734 28.9430408477783 28.3052845001221 27.7510643005371 25.6819896697998 25.4690074920654 24.4646453857422 27.6350994110107 28.855936050415 25.3126411437988 25.2894649505615 25.1392135620117 24.9958381652832 27.6544761657715 27.197322845459 28.3319530487061 26.9513130187988 26.3500461578369
