data/Tmax/Tmax1.asc
NCOLS 100 
NROWS 79 
XLLCORNER 148.06 
YLLCORNER -21.49 
CELLSIZE 0.01 
NODATA_value -9999 
[rows 0 to 19 of 79, columns 46 to 91 of 100]
32.0734024047852 30.7636795043945 30.9363422393799 31.1539268493652 31.69655418396 31.6326351165771 31.8193416595459 31.8396053314209 30.8400173187256 28.8500003814697 30.5441379547119 29.9271125793457 30.6921997070312 31.3109436035156 31.396354675293 31.5682201385498 31.7561092376709 32.1754684448242 30.7632122039795 31.3221340179443 31.4944438934326 -9999 -9999 -9999 -9999 -9999 -9999 -9999 -9999 -9999 -9999 -9999 -9999 -9999 -9999 -9999 -9999 -9999 -9999 -9999 -9999 -9999 -9999 -9999 -9999 -9999
32.4572906494141 31.9500408172607 30.6034469604492 30.8491363525391 30.9951839447021 30.9580841064453 31.3159294128418 31.7092590332031 30.4257793426514 29.4298934936523 31.4576549530029 31.1359252929688 32.8873825073242 32.4716300964355 31.2845821380615 30.2759456634521 31.4221668243408 33.2800674438477 32.2056846618652 30.9724807739258 31.6693572998047 33.7328224182129 -9999 -9999 -9999 -9999 -9999 -9999 -9999 -9999 -9999 -9999 -9999 -9999 -9999 -9999 -9999 -9999 -9999 -9999 -9999 -9999 -9999 -9999 -9999 -9999
34.2695465087891 31.2464637756348 29.2251434326172 29.544038772583 29.3577327728271 30.8973922729492 30.0727291107178 29.9895172119141 29.1535491943359 28.9518527984619 30.7801914215088 32.2104415893555 33.5690422058105 33.0170059204102 30.4789848327637 29.7524509429932 31.3086719512939 30.9518013000488 30.8337497711182 31.0770702362061 30.7373561859131 30.9659042358398 30.8026828765869 31.2884368896484 -9999 -9999 -9999 -9999 -9999 -9999 -9999 -9999 -9999 -9999 -9999 -9999 -9999 -9999 -9999 -9999 -9999 -9999 -9999 -9999 -9999 -9999
30.407320022583 29.9011478424072 27.067253112793 27.966926574707 29.5714664459229 29.3775253295898 29.8232250213623 29.9896221160889 29.6852741241455 29.2845439910889 30.5726718902588 30.2084579467773 32.9276924133301 33.4747047424316 30.9053840637207 30.3270301818848 32.1696624755859 32.836067199707 32.2726593017578 31.5720062255859 30.1565856933594 31.0759201049805 30.7947826385498 31.6270370483398 32.1150321960449 32.0561103820801 -9999 -9999 -9999 -9999 -9999 -9999 -9999 -9999 -9999 -9999 -9999 -9999 -9999 -9999 -9999 -9999 -9999 -9999 -9999 -9999
31.389440536499 29.5435314178467 26.9009666442871 26.5901355743408 28.0319023132324 30.2520523071289 30.9114036560059 31.2706165313721 29.3348236083984 28.3660583496094 29.0768260955811 27.4795150756836 29.0319576263428 33.0165557861328 30.1353607177734 30.4707508087158 32.3227882385254 32.1195983886719 32.7989616394043 32.8063659667969 26.4213085174561 31.1090869903564 31.3784351348877 30.8684024810791 31.661750793457 32.0898056030273 -9999 -9999 -9999 -9999 -9999 -9999 -9999 -9999 -9999 -9999 -9999 -9999 -9999 -9999 -9999 -9999 -9999 -9999 -9999 -9999
27.2182197570801 27.964054107666 26.1060104370117 25.4299945831299 28.0813961029053 30.1431674957275 29.5455284118652 29.9794464111328 28.8101825714111 29.16916847229 26.9700183868408 26.6897029876709 30.7155990600586 31.3843154907227 29.2444915771484 30.5445690155029 31.8014259338379 32.9289321899414 31.9429225921631 31.7980709075928 26.5207328796387 28.5713939666748 32.1030921936035 31.0576000213623 31.4778156280518 31.3989276885986 -9999 -9999 -9999 -9999 -9999 -9999 -9999 -9999 -9999 -9999 -9999 -9999 -9999 -9999 -9999 -9999 -9999 -9999 -9999 -9999
26.0701198577881 26.7899532318115 27.1664867401123 26.7173480987549 30.6086711883545 30.2076225280762 30.2150554656982 29.0821590423584 29.8837108612061 28.8522186279297 28.0440998077393 28.3581581115723 29.3802165985107 33.0168647766113 33.0492858886719 33.9793090820312 30.4863681793213 30.8067073822021 30.8148498535156 31.3302421569824 33.1758346557617 30.9711036682129 31.721321105957 31.2806453704834 30.6398773193359 29.9340000152588 29.8758964538574 30.4263496398926 -9999 -9999 -9999 -9999 -9999 -9999 -9999 -9999 -9999 -9999 -9999 -9999 -9999 -9999 -9999 -9999 -9999 -9999
25.0569534301758 27.5305976867676 32.6618156433105 27.1637268066406 26.1576442718506 27.9229869842529 29.6642208099365 28.7331295013428 29.0357551574707 29.9060764312744 28.3706073760986 27.9598808288574 28.9933395385742 30.3981857299805 28.753833770752 31.4986820220947 28.5839939117432 28.3842506408691 29.5887660980225 30.9410858154297 31.2089443206787 29.9011058807373 30.4447441101074 31.0542888641357 30.0370292663574 29.2787303924561 29.0185699462891 29.6669387817383 31.0166664123535 29.5733203887939 30.8339405059814 -9999 -9999 -9999 -9999 -9999 -9999 -9999 -9999 -9999 -9999 -9999 -9999 -9999 -9999 -9999
25.0419692993164 26.9395389556885 27.5850048065186 31.5011806488037 27.142707824707 25.5721302032471 27.5991287231445 27.8194007873535 30.0739307403564 30.3547554016113 30.5662689208984 28.9108905792236 28.5199451446533 29.1478424072266 27.0955123901367 26.9598999023438 26.2763290405273 30.4298648834229 28.9363460540771 30.3018341064453 32.3506393432617 32.2832717895508 29.848762512207 27.9188117980957 28.8801307678223 29.4820003509521 30.1151142120361 31.2603549957275 30.9027328491211 29.7252006530762 29.1506099700928 31.5529518127441 -9999 -9999 -9999 -9999 -9999 -9999 -9999 -9999 -9999 -9999 -9999 -9999 -9999 -9999
26.2929725646973 26.9426498413086 27.4297542572021 28.1957588195801 29.7466373443604 26.8005199432373 26.4465999603271 28.008674621582 29.5071697235107 29.7850513458252 29.7147407531738 29.4799118041992 28.4335536956787 28.502326965332 26.9857177734375 26.6435508728027 26.2636604309082 31.0962219238281 30.8767757415771 29.1385593414307 30.1963596343994 31.9961395263672 32.7543487548828 31.7689380645752 31.6807460784912 29.3449535369873 29.9289131164551 32.4374618530273 30.4114418029785 29.7032890319824 32.705192565918 33.1777992248535 -9999 -9999 -9999 -9999 -9999 -9999 -9999 -9999 -9999 -9999 -9999 -9999 -9999 -9999
25.3614635467529 27.3560924530029 27.2125663757324 27.2148494720459 28.6628875732422 31.4818439483643 28.6470146179199 29.4208335876465 29.194616317749 29.4119911193848 30.2026462554932 29.6949672698975 29.2446193695068 29.7702674865723 29.1741046905518 29.2538452148438 30.3497123718262 30.5773372650146 31.7752952575684 31.6049919128418 29.2585010528564 32.3005867004395 29.9203453063965 28.8424987792969 30.5907001495361 30.2967529296875 31.2842350006104 31.1433353424072 33.1064453125 33.7025909423828 -9999 -9999 -9999 -9999 -9999 -9999 -9999 -9999 -9999 -9999 -9999 -9999 -9999 -9999 -9999 -9999
24.8917808532715 25.8947143554688 25.991247177124 25.1981296539307 25.9491558074951 26.9217739105225 33.5013999938965 30.1894016265869 29.8804492950439 29.5703449249268 29.7714805603027 30.1901798248291 29.331169128418 29.7860088348389 29.4930362701416 31.3466377258301 31.2867641448975 31.1936340332031 34.2344932556152 32.0113983154297 30.2598495483398 30.3080005645752 30.3175621032715 29.7350826263428 33.731258392334 29.5129680633545 30.8316516876221 30.6053237915039 31.3687019348145 30.162181854248 -9999 -9999 -9999 -9999 -9999 -9999 -9999 -9999 -9999 -9999 -9999 -9999 -9999 -9999 -9999 -9999
24.6411609649658 23.4222793579102 23.1045970916748 23.0339736938477 25.2006721496582 25.9141235351562 27.3121967315674 27.6048221588135 29.3755664825439 29.8757038116455 28.4590721130371 28.7018928527832 28.5725784301758 29.1046810150146 29.4081134796143 29.4107189178467 29.6368045806885 31.3550968170166 33.6902046203613 33.3703384399414 31.1294631958008 31.3506107330322 31.2342205047607 32.987865447998 31.3528919219971 30.5615940093994 31.3967933654785 30.6829013824463 29.078483581543 27.1983432769775 30.257905960083 31.6256046295166 -9999 -9999 -9999 -9999 -9999 -9999 -9999 -9999 -9999 -9999 -9999 -9999 -9999 -9999
24.6628398895264 23.7727870941162 23.2519435882568 22.847827911377 23.3963737487793 23.942102432251 25.6777400970459 26.6076431274414 28.953742980957 30.0821685791016 29.2238750457764 29.0462741851807 29.4935894012451 29.9249420166016 30.2362480163574 31.4820613861084 29.6450424194336 31.6066722869873 32.6824913024902 31.5581703186035 31.5350494384766 33.9148368835449 31.6020393371582 31.0778007507324 32.4573097229004 30.6869297027588 29.6677379608154 29.4655799865723 28.5620918273926 29.8092460632324 31.7509021759033 31.4893779754639 30.4052391052246 -9999 -9999 -9999 -9999 26.7008037567139 32.8992080688477 -9999 -9999 -9999 -9999 -9999 -9999 -9999
25.1030559539795 24.4169292449951 23.3239784240723 22.935905456543 23.5442085266113 23.293514251709 24.4643154144287 25.9430084228516 26.9263000488281 27.8746967315674 26.3537616729736 29.6059036254883 28.8122959136963 29.567663192749 30.8194046020508 29.7807750701904 30.5534858703613 33.9924430847168 30.5261077880859 32.3393898010254 31.4824371337891 33.404468536377 32.0754661560059 31.3455257415771 31.2885704040527 31.3826847076416 31.2627906799316 29.899829864502 29.4503631591797 32.2602119445801 32.2095603942871 31.3657512664795 30.7639026641846 -9999 -9999 -9999 -9999 27.8465404510498 31.6818599700928 33.1425666809082 32.7738151550293 32.6825141906738 -9999 -9999 -9999 -9999
25.0387325286865 23.7997741699219 23.3058910369873 23.3625202178955 22.9475002288818 23.9731578826904 23.8243637084961 25.0883617401123 28.8133354187012 30.2824897766113 28.3411045074463 26.6084575653076 30.2280769348145 26.0922832489014 25.9447135925293 26.7153701782227 31.8399906158447 30.0305404663086 29.5783233642578 30.7504100799561 30.9152050018311 31.67018699646 31.4753723144531 30.7549476623535 30.703914642334 30.8401050567627 31.9585971832275 30.9564361572266 30.1210308074951 30.0921955108643 30.864616394043 27.3926868438721 33.64453125 -9999 -9999 30.9711418151855 32.6900405883789 31.9032936096191 30.6921234130859 31.807731628418 31.7238903045654 33.124683380127 -9999 -9999 -9999 -9999
23.6225738525391 22.3238430023193 22.4184513092041 23.719612121582 24.1829624176025 23.9198837280273 23.4847049713135 24.2799949645996 31.1148376464844 29.383674621582 33.5702705383301 26.4089183807373 27.236011505127 28.2852611541748 26.1424789428711 26.3377227783203 26.7884941101074 28.541316986084 30.2975559234619 29.6962242126465 32.5250473022461 29.8453559875488 30.5389575958252 30.8627967834473 30.3057498931885 31.399356842041 31.3390140533447 31.6551628112793 31.9637432098389 30.6286811828613 30.8642024993896 27.4493312835693 29.4933338165283 -9999 33.3962631225586 28.8361892700195 30.7945899963379 -9999 33.1943206787109 -9999 32.9430236816406 -9999 -9999 -9999 -9999 -9999
24.2661762237549 22.4890766143799 21.7773342132568 24.5437622070312 24.6238613128662 23.7493515014648 23.3586368560791 23.4357032775879 25.1233711242676 27.2111396789551 27.5603866577148 31.4619045257568 33.1129531860352 28.4364585876465 27.9813213348389 29.1138706207275 29.4881629943848 29.736988067627 29.2605209350586 29.1694068908691 30.7138500213623 30.746410369873 32.2870864868164 32.3135604858398 30.5868759155273 30.3533401489258 31.2942752838135 30.2511138916016 30.5297031402588 30.3755779266357 28.0450172424316 29.3150005340576 33.274055480957 30.2898426055908 29.3348121643066 32.0082969665527 31.63405418396 -9999 -9999 -9999 -9999 -9999 -9999 32.8158149719238 -9999 -9999
25.1129302978516 24.8644275665283 22.4089393615723 24.1145915985107 22.7572116851807 23.0053691864014 24.0589256286621 24.1731376647949 25.7874984741211 28.3728942871094 27.4607086181641 27.6737365722656 30.1641273498535 34.0513229370117 29.483247756958 29.7456607818604 29.5001983642578 28.7589225769043 28.2328014373779 28.1311645507812 33.517951965332 31.1147575378418 33.1378555297852 31.29807472229 31.4774990081787 29.9647941589355 30.4057731628418 29.3170051574707 29.9730701446533 29.9958343505859 28.3544406890869 28.6098041534424 31.6604347229004 31.7890853881836 31.2937641143799 31.6577167510986 31.2797622680664 32.9168434143066 31.4826908111572 28.476390838623 30.8753833770752 30.5796546936035 31.6620559692383 30.7787303924561 -9999 -9999
25.6769199371338 24.8741703033447 25.20849609375 25.3661575317383 23.9544277191162 23.3929462432861 23.162166595459 23.5262184143066 25.6600151062012 33.2066383361816 27.7516307830811 33.580940246582 32.3696250915527 29.5057392120361 29.6899299621582 27.3034915924072 27.3767890930176 29.8786144256592 28.4177703857422 28.6748237609863 30.7629337310791 32.2546234130859 34.231689453125 31.9344387054443 33.5455741882324 30.342845916748 33.0266647338867 31.4287815093994 30.6127395629883 30.2881126403809 29.5048084259033 30.6240177154541 32.1779289245605 32.7676467895508 32.9578132629395 30.1900482177734 29.9028587341309 31.3013916015625 32.3940238952637 33.1528854370117 32.7290687561035 32.784725189209 31.0814189910889 30.8727874755859 27.2416114807129 -9999
