data/Tmax/Tmax2.asc
NCOLS 100 
NROWS 79 
XLLCORNER 148.06 
YLLCORNER -21.49 
CELLSIZE 0.01 
NODATA_value -9999 
[rows 40 to 59 of 79, columns 0 to 45 of 100]
31.369451522827099 31.0319175720215 31.9075546264648 32.5462226867676 31.733118057251 31.5865821838379 31.5687465667725 31.5699272155762 30.8732624053955 31.2024745941162 31.7526149749756 33.1828308105469 33.6466102600098 32.6159248352051 32.6725883483887 32.2313537597656 32.1209030151367 31.460376739502 30.8400077819824 31.0365562438965 31.0141544342041 31.1212959289551 31.085090637207 31.1020584106445 29.5327587127686 29.767707824707 29.0018253326416 29.0050296783447 29.3269882202148 28.320240020752 27.3785934448242 26.3294486999512 27.8546772003174 27.6815891265869 27.1883068084717 27.5553932189941 27.139949798584 24.3646774291992 23.8995971679688 23.5064125061035 23.0966625213623 22.3420906066895 21.8241920471191 21.5930576324463 21.3437538146973 23.171215057373
31.8107242584229 31.5557022094727 31.673547744751 32.3527374267578 32.4803733825684 32.3332138061523 31.5975303649902 31.9403762817383 31.580982208252 32.1719284057617 32.1448822021484 32.9728507995605 33.2295036315918 33.2338638305664 32.4991836547852 33.2198791503906 32.4293098449707 31.4730472564697 30.7838916778564 31.3071727752686 31.6887092590332 31.9233798980713 31.3182640075684 30.4062652587891 28.5174560546875 27.9887714385986 28.6554431915283 28.8108921051025 29.0533447265625 28.6175327301025 27.5113735198975 27.4090442657471 27.6603012084961 28.315954208374 25.4643745422363 26.4322338104248 25.8352813720703 24.2697830200195 24.1508522033691 25.7073574066162 25.5042877197266 23.2888717651367 21.3996200561523 21.323112487793 21.3750400543213 21.7356243133545
31.8092803955078 31.780553817749 32.0254287719727 32.0835609436035 31.9833202362061 31.8311367034912 31.8088283538818 32.1977005004883 31.9152660369873 32.1002235412598 32.5006790161133 33.17333984375 33.8948745727539 33.2906150817871 33.3465843200684 32.7977485656738 32.6986999511719 32.533275604248 31.7855052947998 31.7237358093262 32.0264129638672 31.2914505004883 31.2614498138428 30.5374717712402 30.6412715911865 30.0681381225586 28.0737247467041 28.8031330108643 28.8160152435303 28.338716506958 26.8734302520752 26.8206310272217 25.7578201293945 25.8783721923828 24.7101020812988 25.0763263702393 22.9558010101318 23.8090171813965 24.1043376922607 23.5865249633789 24.3342514038086 23.4433536529541 23.7451000213623 22.4693126678467 22.3347797393799 23.1174964904785
31.0451126098633 31.5406436920166 31.9474582672119 32.028564453125 32.2747039794922 32.0820350646973 32.8078193664551 32.5749816894531 32.0655250549316 32.0167274475098 32.1920776367188 32.8003730773926 33.2867660522461 33.4202728271484 33.7921905517578 33.825065612793 33.3545036315918 33.1159591674805 32.146842956543 31.9778213500977 32.0641708374023 31.9322204589844 31.4018211364746 30.0705127716064 30.2241287231445 30.1295223236084 29.7230091094971 29.4776229858398 28.7364692687988 28.9752178192139 27.8959121704102 27.4973659515381 28.7955417633057 27.617115020752 27.9434471130371 21.966947555542 22.5378284454346 22.6653690338135 22.8900356292725 22.5499782562256 22.2337188720703 22.9162406921387 22.5973434448242 23.3512306213379 24.7695999145508 26.9761619567871
30.7312870025635 31.385721206665 31.3106098175049 31.3068523406982 31.9277362823486 32.0719604492188 32.1159477233887 32.3130378723145 32.1315155029297 32.3427925109863 32.1191940307617 32.9655265808105 33.0239791870117 33.6359100341797 33.9059219360352 33.6772994995117 33.2596702575684 33.4322319030762 33.2623023986816 33.0752868652344 32.5024223327637 32.3200721740723 31.5392818450928 32.091869354248 31.3990726470947 30.2995986938477 30.2965488433838 29.6109924316406 29.9624443054199 29.1497535705566 28.9624042510986 28.5330295562744 28.9595680236816 30.7307167053223 30.7155132293701 22.7556934356689 21.5651302337646 21.6156139373779 21.7501068115234 22.2658367156982 22.050931930542 22.5127048492432 21.9416408538818 22.643367767334 24.0103950500488 26.9326515197754
31.8608779907227 31.2950782775879 30.8223857879639 30.9575462341309 31.6231327056885 31.5346431732178 31.8245735168457 32.2270317077637 32.3318290710449 32.2458572387695 32.0873222351074 32.5906219482422 32.4516525268555 33.5276031494141 34.1344299316406 33.6445541381836 33.1199188232422 33.693733215332 32.9121589660645 32.6313552856445 32.5392456054688 32.1901054382324 31.6602764129639 30.5945377349854 31.2990436553955 31.255298614502 29.7219161987305 30.1156997680664 30.277982711792 29.2592468261719 28.2199001312256 28.1113090515137 29.1442718505859 29.1653747558594 31.2000408172607 27.8754348754883 22.3621635437012 21.6191825866699 21.6952133178711 22.4559783935547 21.7683582305908 22.1779441833496 22.6594867706299 22.6864452362061 23.6754932403564 24.2694702148438
30.5544490814209 31.0258598327637 31.4773921966553 30.7364845275879 30.6287021636963 31.0968837738037 31.7427539825439 31.8924522399902 31.9017601013184 31.7005634307861 32.285774230957 32.3998908996582 31.5229644775391 32.1832504272461 33.5974540710449 32.4118347167969 32.4575958251953 33.5591773986816 33.326831817627 32.0315551757812 32.2174339294434 31.8671836853027 31.9479732513428 32.2807197570801 29.71657371521 30.0803527832031 30.0306854248047 30.230640411377 30.3804244995117 30.5230808258057 28.9408874511719 28.4695339202881 28.1159229278564 28.3833255767822 29.8152084350586 29.8133068084717 22.5663452148438 22.7280349731445 22.6164455413818 23.2602691650391 22.5721950531006 22.4768810272217 22.7177276611328 28.3356227874756 23.9823474884033 23.0617504119873
31.8295860290527 30.6499176025391 31.5960426330566 30.5005416870117 30.5054931640625 30.7734069824219 30.9800643920898 30.9207344055176 30.7824115753174 31.4327564239502 31.1846580505371 31.2479190826416 31.6148624420166 32.4546432495117 33.3200073242188 33.4681091308594 32.8598251342773 33.2911148071289 33.1504898071289 32.1663246154785 32.7572135925293 32.6980590820312 31.3469505310059 31.5809459686279 31.3304538726807 32.0760803222656 31.63747215271 31.0062580108643 31.1088275909424 30.9940757751465 30.4037590026855 29.6925964355469 28.49875831604 29.4791278839111 29.4672069549561 28.4335594177246 28.1504211425781 26.1054916381836 23.9721603393555 23.923698425293 23.4415912628174 23.351921081543 23.3790512084961 23.2239379882812 22.5911884307861 22.3225383758545
33.1558151245117 31.3333263397217 30.0908222198486 29.7689476013184 29.9100284576416 30.997974395752 30.522647857666 30.4198455810547 30.3209381103516 31.1532554626465 31.3212928771973 31.1252918243408 31.5931129455566 32.6375274658203 33.4724197387695 32.6054801940918 32.6262245178223 32.298770904541 32.8381385803223 31.7948417663574 31.9220333099365 32.8980865478516 32.6659317016602 32.3459510803223 31.7426929473877 31.171178817749 32.175365447998 32.7980346679688 32.217414855957 31.1235694885254 30.178409576416 30.2743091583252 29.4526767730713 29.2105121612549 29.1837673187256 29.2055225372314 29.5256328582764 29.3558979034424 29.4779834747314 27.7700080871582 22.8153591156006 22.8687744140625 23.1449279785156 22.7614917755127 22.7181606292725 22.3841724395752
33.3549346923828 32.3825607299805 31.4838714599609 29.6478939056396 29.589241027832 29.6946105957031 30.2827968597412 30.3974857330322 30.3939533233643 31.8306102752686 32.6365089416504 32.1005821228027 31.6875152587891 31.8534469604492 31.9953556060791 32.0559730529785 32.5766220092773 32.7596740722656 32.3866996765137 33.0807609558105 31.9321765899658 32.4492835998535 32.8514862060547 32.7096138000488 32.1987266540527 32.7050476074219 31.1181621551514 32.2376441955566 31.6996192932129 30.9984970092773 30.0300617218018 30.5978965759277 28.7504749298096 28.7248687744141 28.9776191711426 25.5956649780273 29.6608791351318 29.3804340362549 29.0599632263184 29.2146701812744 27.8519992828369 22.7207107543945 22.4412231445312 24.7042980194092 24.6632709503174 25.2118339538574
33.706916809082 32.8644180297852 32.4024696350098 30.0300693511963 30.0020790100098 29.60205078125 29.7629699707031 30.3953819274902 30.3341464996338 31.5647163391113 32.6570587158203 32.4547309875488 32.5728073120117 32.9407157897949 32.7705268859863 32.3744621276855 32.6813087463379 32.6769256591797 32.6980476379395 31.9090194702148 32.8705139160156 32.6871681213379 32.4217834472656 31.9687576293945 31.6745758056641 31.6570472717285 31.2509880065918 30.7000789642334 31.6547660827637 31.4310245513916 30.3424510955811 30.5352001190186 29.1097106933594 29.3251705169678 27.6962966918945 28.7160034179688 28.63254737854 29.0710372924805 28.9019641876221 28.9992866516113 28.6214027404785 27.8997173309326 26.6495265960693 25.8269882202148 24.4786186218262 24.3654556274414
33.4701499938965 33.636100769043 32.5105476379395 30.8397102355957 30.5713691711426 30.9584808349609 30.3439292907715 29.9120121002197 29.254114151001 30.2214393615723 32.2043380737305 32.8298530578613 33.0438690185547 32.2354583740234 32.8006324768066 32.7372817993164 32.8988494873047 33.250244140625 33.3857345581055 32.1874237060547 33.0561218261719 32.9633560180664 31.5844478607178 31.6185741424561 31.4777984619141 30.5992393493652 30.4761924743652 30.6391620635986 31.4665679931641 32.1410636901855 31.9544334411621 29.903715133667 29.5986518859863 28.6812610626221 28.4018993377686 27.8605613708496 27.9338226318359 28.7006759643555 28.6437931060791 28.6597995758057 27.9675941467285 27.7045574188232 27.2289810180664 26.3476638793945 22.5352554321289 22.3567523956299
32.9240837097168 33.5228500366211 33.2281341552734 29.7094173431396 29.1904163360596 30.051139831543 29.9496650695801 30.1307582855225 29.2601432800293 29.4760456085205 31.2280330657959 30.8876171112061 31.7467250823975 32.8348922729492 32.4512138366699 32.8724060058594 33.0652275085449 33.3523025512695 33.2294654846191 33.115047454834 33.0605278015137 32.867301940918 32.7238502502441 31.6354160308838 32.5834770202637 32.2722816467285 30.8698482513428 30.9482231140137 31.0637321472168 31.7709121704102 31.8038330078125 30.4413623809814 29.5018272399902 28.9073581695557 28.9103889465332 29.619607925415 27.783748626709 27.5506896972656 28.2907314300537 29.3745613098145 29.3066673278809 28.6141300201416 28.5598812103271 27.7485427856445 22.8337879180908 22.2540225982666
33.2285842895508 32.716365814209 32.6434555053711 30.4732933044434 29.4328594207764 30.6668128967285 30.6644077301025 30.1235046386719 29.3415660858154 29.4780788421631 31.0375328063965 30.5181941986084 32.523006439209 32.4962539672852 32.3810768127441 33.2353782653809 32.9096336364746 33.3031806945801 32.0908317565918 32.9346160888672 33.0300712585449 33.0954666137695 32.9299125671387 32.1255035400391 31.5041084289551 31.7249412536621 31.7533798217773 31.2093410491943 30.7516021728516 31.0610504150391 31.4561157226562 31.7353076934814 31.7408905029297 30.9518451690674 29.9834899902344 30.5758171081543 29.2402610778809 28.3934593200684 27.1357269287109 28.517707824707 29.5704364776611 29.7582130432129 29.1760883331299 28.9462928771973 26.4304275512695 25.9876079559326
32.9509696960449 32.1209602355957 32.331901550293 31.4224166870117 30.9311370849609 30.7190837860107 31.255464553833 30.8104095458984 31.1124382019043 30.1928157806396 30.2283515930176 31.0276165008545 31.2285919189453 32.1618537902832 32.9298095703125 33.1138534545898 33.0399017333984 33.2254753112793 33.1999473571777 32.3914070129395 32.4080200195312 33.052848815918 32.6311073303223 33.1276779174805 32.3271751403809 31.6724739074707 31.1685810089111 31.5820789337158 30.2132472991943 31.3357696533203 30.9959049224854 30.4832363128662 31.4734897613525 31.2111873626709 32.0961532592773 29.7636528015137 29.8789939880371 30.4950561523438 30.2076873779297 28.9434680938721 28.921989440918 28.1185493469238 27.3842887878418 26.5916843414307 26.7310848236084 23.6431674957275
33.0337371826172 33.0701370239258 32.9236717224121 31.8736019134521 31.5221939086914 31.4101142883301 31.8389263153076 32.2316017150879 31.4457893371582 30.3122329711914 31.0869674682617 32.4281272888184 32.1356925964355 33.1046524047852 32.904670715332 33.0286598205566 31.7685356140137 32.3805809020996 32.5459060668945 32.5809288024902 32.2077980041504 32.2814979553223 31.9059200286865 32.5399360656738 32.1997375488281 32.4673461914062 31.6098918914795 31.9840526580811 30.9109840393066 31.3580837249756 31.4996452331543 31.0234069824219 30.3428936004639 30.3508567810059 30.7959423065186 31.4522037506104 31.0788230895996 30.9635353088379 30.1974925994873 28.6090335845947 28.0001087188721 28.7994480133057 26.7848300933838 23.2292308807373 23.6514644622803 23.4218997955322
32.5349769592285 32.9449844360352 32.5142974853516 33.1097259521484 31.9426784515381 30.6846084594727 31.3872032165527 32.1397743225098 31.770435333252 31.0268516540527 30.908296585083 32.6536102294922 33.0124588012695 31.8739833831787 32.5202865600586 32.9428291320801 31.685754776001 32.118579864502 32.4451217651367 31.5436744689941 31.7341136932373 32.0582427978516 32.2763366699219 32.1564636230469 32.2057800292969 32.1354141235352 31.9469871520996 31.463960647583 31.1605663299561 31.6654491424561 30.007740020752 30.8476161956787 29.2482738494873 29.2989940643311 29.7403717041016 30.890064239502 30.2702693939209 29.2243709564209 29.1408824920654 24.3993873596191 24.0636100769043 27.6251449584961 26.4135856628418 22.7863883972168 23.2749080657959 23.4293670654297
33.0041847229004 33.320426940918 32.9451141357422 32.7314643859863 32.2661972045898 32.5484237670898 31.4852390289307 31.4146823883057 31.8376350402832 31.7510089874268 30.4092979431152 31.6752166748047 33.026123046875 32.7396926879883 32.3312339782715 32.886604309082 32.3391723632812 32.1403121948242 30.8140125274658 32.0425300598145 32.3648681640625 32.4527816772461 31.6206226348877 32.0921363830566 32.7966003417969 32.1324119567871 31.9718551635742 31.5038585662842 31.6018238067627 32.082878112793 31.4331073760986 31.3178672790527 31.1425819396973 30.594446182251 29.4507503509521 29.5399742126465 30.4359893798828 29.6456756591797 28.480110168457 24.2947483062744 24.1853408813477 28.3322277069092 23.7712364196777 23.4999332427979 22.8589019775391 23.048038482666
33.242733001709 33.201587677002 33.3210334777832 32.9513893127441 32.890007019043 32.2608757019043 31.2792911529541 31.0856914520264 31.3597564697266 30.4321212768555 30.7218952178955 32.7553176879883 32.4890518188477 33.1882705688477 32.3138236999512 32.3825569152832 31.2185573577881 31.0840549468994 31.0411682128906 31.0861148834229 31.163013458252 31.5263233184814 30.8499794006348 31.4862155914307 32.6925315856934 32.0455207824707 31.6998119354248 31.7904796600342 31.619909286499 32.1353378295898 31.338550567627 31.3146266937256 31.1873359680176 30.6230945587158 30.5643005371094 29.5331630706787 29.478422164917 29.0142860412598 24.9155139923096 24.8185977935791 24.5194778442383 27.7383861541748 23.8898296356201 23.0900535583496 23.145601272583 23.0542888641357
33.0500450134277 32.4457321166992 33.1888198852539 32.1437225341797 32.8750686645508 31.6526203155518 31.553897857666 30.9022064208984 31.3379135131836 30.4594764709473 30.5033912658691 30.1451644897461 31.9990177154541 32.8627128601074 32.8265190124512 32.1174354553223 30.9952716827393 31.1074848175049 31.0193519592285 30.3493785858154 30.6919803619385 32.0651779174805 31.1222438812256 31.4575424194336 31.5009384155273 31.975435256958 31.8127403259277 31.626579284668 31.809419631958 32.4605827331543 31.5077896118164 31.1130104064941 30.7328357696533 31.4813003540039 31.1210880279541 30.7440567016602 30.0963191986084 28.8905906677246 28.3237323760986 28.2435340881348 27.6543273925781 27.7123260498047 26.9903964996338 23.2056293487549 23.1013069152832 23.0986175537109
