data/Tmax/Tmax1.asc
NCOLS 100 
NROWS 79 
XLLCORNER 148.06 
YLLCORNER -21.49 
CELLSIZE 0.01 
NODATA_value -9999 
[rows 0 to 19 of 79, columns 0 to 45 of 100]
33.661170959472699 33.73974609375 33.0564613342285 33.996768951416 33.9679985046387 34.1831932067871 34.1287384033203 33.801342010498 33.5219192504883 33.6544990539551 33.2363014221191 33.2160987854004 33.1960906982422 32.1736831665039 32.5355758666992 32.8183441162109 32.9452667236328 32.9760856628418 31.6560001373291 31.1242694854736 30.2036285400391 28.8981781005859 29.3144397735596 30.6462459564209 31.2676334381104 31.8954238891602 31.4864463806152 31.4544143676758 31.7129592895508 31.3307189941406 29.2817153930664 27.3538227081299 25.4225788116455 25.5695877075195 24.321044921875 22.9931907653809 22.5696334838867 22.2577705383301 22.9528980255127 24.8806171417236 26.5270042419434 26.827823638916 27.3310985565186 32.8441505432129 32.4379386901855 31.4039287567139
34.3245582580566 33.2931709289551 31.9090251922607 32.5773696899414 32.5656623840332 33.5085182189941 33.8807182312012 33.9659004211426 34.4652061462402 34.5286598205566 33.9459037780762 32.9816627502441 33.5596961975098 32.5324897766113 32.7905578613281 32.4343528747559 33.1609077453613 32.9370193481445 32.2183265686035 31.32958984375 31.4606781005859 30.6493244171143 30.3872852325439 30.8221683502197 31.284236907959 31.7920207977295 32.1818351745605 32.1496658325195 31.8291301727295 31.386754989624 30.2895755767822 28.3518810272217 26.1615409851074 28.4541759490967 25.2214946746826 23.8971099853516 23.2908573150635 24.2561836242676 25.3826160430908 26.1742610931396 27.4424839019775 27.4271564483643 30.5995597839355 31.3941040039062 32.0108108520508 30.8752899169922
34.158634185791 33.2193450927734 33.203052520752 33.7100524902344 33.0775108337402 33.3885879516602 33.7350807189941 34.1418037414551 34.4797515869141 34.5395050048828 34.0296363830566 33.2654266357422 33.54931640625 33.0821189880371 32.5177307128906 32.5298805236816 32.5602836608887 32.8280448913574 32.0286636352539 31.5288562774658 31.0207138061523 31.2943420410156 30.7984199523926 31.0983352661133 31.9355373382568 32.1177062988281 32.1160125732422 32.094783782959 32.2963752746582 31.7445125579834 31.9954490661621 30.606201171875 31.6385936737061 28.505651473999 30.4797172546387 24.5505599975586 23.5506820678711 23.2487163543701 24.4050636291504 25.519474029541 27.0900783538818 33.1977615356445 33.0751991271973 29.6775932312012 29.523250579834 32.0705871582031
34.6867637634277 34.4736747741699 33.5222053527832 34.4702377319336 33.7226257324219 33.2120704650879 33.7386093139648 34.066837310791 34.314811706543 34.4736633300781 34.2414016723633 33.6831550598145 33.5577583312988 33.5484962463379 33.2130661010742 33.1309928894043 33.1707878112793 32.7255783081055 32.5282783508301 31.5385704040527 31.2826862335205 31.0207138061523 31.1281356811523 31.1518154144287 31.781702041626 32.0149993896484 31.9633502960205 31.963903427124 31.6481342315674 30.8526401519775 31.0388889312744 32.1082878112793 30.7881870269775 28.6667251586914 24.7468566894531 23.8201122283936 24.0297107696533 23.4612712860107 23.4254989624023 22.9523258209229 24.5943508148193 26.7703475952148 30.1850700378418 33.7144432067871 27.8910808563232 27.9537353515625
35.2952346801758 34.5475463867188 34.3831329345703 34.8284072875977 34.4279594421387 33.9859657287598 33.3404235839844 34.177978515625 34.9467430114746 34.2458038330078 34.3966331481934 34.0176086425781 33.9331016540527 33.797477722168 33.3425254821777 32.9428825378418 32.9002799987793 32.3617324829102 31.6977710723877 30.9761276245117 30.9527816772461 31.431131362915 31.4647941589355 31.7000274658203 31.416467666626 31.3537540435791 32.5576705932617 31.8022899627686 31.672721862793 31.8777160644531 31.2539157867432 31.4537181854248 30.6984691619873 29.8065700531006 30.3347301483154 25.4389991760254 24.9531078338623 24.456090927124 23.1205425262451 23.0354423522949 22.8832111358643 26.4033546447754 29.4642009735107 31.4487361907959 27.3751735687256 26.5839767456055
35.7946014404297 35.18359375 34.5060806274414 34.7402229309082 34.8874015808105 34.3416709899902 34.3018608093262 34.4505386352539 34.5753440856934 34.3901443481445 34.2447090148926 34.5876007080078 34.1103057861328 33.6252708435059 32.7636260986328 32.9517097473145 32.8545722961426 32.1028060913086 31.4296989440918 30.8630619049072 30.8752174377441 31.5117721557617 31.6108264923096 31.5455074310303 32.3263702392578 31.9401817321777 32.0738639831543 31.0832614898682 30.9118480682373 30.2700634002686 29.4078540802002 30.4127979278564 31.0910301208496 30.2305564880371 29.8127040863037 30.1428680419922 25.5769519805908 25.0235328674316 24.5127429962158 23.9635467529297 23.1205997467041 25.4984703063965 30.522388458252 29.4975471496582 27.6318988800049 25.0498142242432
34.815860748291 35.4132499694824 35.3040733337402 35.5521392822266 35.0004920959473 34.6756172180176 33.8103981018066 34.027271270752 34.5442314147949 34.6702270507812 34.8816833496094 34.8707695007324 33.8817672729492 33.3006401062012 33.1889762878418 33.2011833190918 32.6886444091797 31.9991474151611 31.5087909698486 30.9820442199707 30.4242057800293 31.052001953125 31.513744354248 31.7767772674561 32.091064453125 32.4558181762695 32.3634605407715 31.5092010498047 31.3042888641357 29.5458927154541 28.6902656555176 27.8856983184814 29.1398334503174 29.9544658660889 29.8351345062256 29.4080715179443 25.9265193939209 24.2196006774902 24.3385963439941 24.1977043151855 24.1472568511963 25.8143520355225 31.381175994873 32.4501686096191 27.8928718566895 30.7516174316406
35.4811248779297 34.9336357116699 35.690860748291 35.7778472900391 35.1215705871582 34.8712310791016 33.8979110717773 33.9897842407227 34.4695434570312 34.5685577392578 34.463264465332 34.2795219421387 33.5615768432617 33.9973754882812 33.7943878173828 32.6152153015137 32.2737312316895 31.5726165771484 32.036548614502 30.8493022918701 29.8994388580322 30.4170341491699 30.8777313232422 31.8905410766602 32.1734809875488 32.4475860595703 32.2218017578125 31.2856369018555 30.888988494873 30.4047508239746 28.2862854003906 27.8602294921875 28.6026077270508 28.4148750305176 28.9679794311523 29.2475090026855 25.2353801727295 24.3458442687988 23.9214744567871 24.3884944915771 24.5432147979736 25.6231651306152 26.6400394439697 27.6974639892578 27.7970676422119 25.7369728088379
34.7927474975586 35.3550605773926 34.9931221008301 35.1214637756348 35.0194396972656 34.9801940917969 34.5816879272461 33.8555335998535 34.1847648620605 34.4996109008789 34.5782432556152 34.9604835510254 35.1776466369629 34.027530670166 33.6473960876465 32.4468841552734 32.1979217529297 32.1082916259766 32.2836723327637 31.0633087158203 31.0326461791992 30.6329956054688 30.9283332824707 31.7959442138672 32.2864875793457 32.5800094604492 31.630973815918 30.0439624786377 30.5081443786621 30.3653755187988 29.3245811462402 28.3502864837646 28.025842666626 27.40283203125 30.0143795013428 27.9907169342041 28.8611927032471 29.1518859863281 24.088716506958 23.922945022583 24.0141353607178 24.2129745483398 24.7369575500488 26.3066883087158 26.92356300354 25.6683197021484
34.2194938659668 35.0370025634766 35.2059707641602 35.6637115478516 35.0192489624023 35.0805473327637 34.6156730651855 34.1561050415039 34.3435249328613 34.1718292236328 34.5270385742188 34.6036796569824 33.6161613464355 33.487979888916 33.4092597961426 33.1396980285645 32.9395637512207 32.6290740966797 32.0974426269531 31.949893951416 31.960693359375 31.1511898040771 31.4950714111328 32.3009834289551 33.0216865539551 32.9222717285156 31.8114452362061 31.2452850341797 30.5063438415527 29.3762722015381 28.5069828033447 28.1219043731689 28.257984161377 28.9122257232666 29.3229122161865 27.6385364532471 24.6423625946045 28.0029544830322 24.6661701202393 23.6683368682861 23.6674499511719 23.2969245910645 23.9561939239502 25.0469207763672 25.1036128997803 24.8339900970459
34.605354309082 35.5401458740234 35.3048439025879 34.7642860412598 35.4840354919434 35.622859954834 35.0509185791016 34.5009613037109 34.5536155700684 34.463924407959 34.7452430725098 34.2099189758301 33.9600601196289 32.904239654541 33.004524230957 32.9601898193359 32.8563194274902 32.9692497253418 32.5614318847656 32.528564453125 31.4130306243896 31.3629531860352 31.1923732757568 32.0795745849609 32.3758964538574 33.2131118774414 31.5875549316406 29.755256652832 29.0041065216064 28.8245983123779 28.4175548553467 28.8736133575439 29.6216773986816 29.5544338226318 28.9888896942139 27.2089920043945 24.8196048736572 24.4936504364014 24.4859046936035 23.6745204925537 23.7857265472412 23.321216583252 23.1752815246582 23.9756164550781 24.4775142669678 24.8171234130859
35.1296577453613 34.5081024169922 34.9819297790527 35.083438873291 35.1303024291992 36.0474700927734 35.3401374816895 34.6229286193848 34.3963661193848 34.5816917419434 34.2572898864746 34.7337760925293 34.3999786376953 33.8901252746582 33.6363792419434 33.3482284545898 33.5016632080078 33.3066062927246 33.0903205871582 32.4168663024902 31.6276893615723 31.1984672546387 31.6478118896484 31.6210155487061 31.475793838501 32.069164276123 30.5474529266357 29.7870464324951 29.2307434082031 29.5087203979492 29.8062782287598 29.7917537689209 29.7641105651855 29.2554016113281 29.1691150665283 28.1050605773926 28.8738422393799 23.8590488433838 24.5136756896973 24.7740249633789 24.5489711761475 24.212574005127 23.3248271942139 24.1092376708984 24.4005451202393 24.5040988922119
35.241455078125 35.2380332946777 35.1705322265625 35.8501472473145 35.6931991577148 35.7416152954102 35.0653533935547 34.3799934387207 34.6675910949707 35.5576095581055 34.560791015625 34.8845596313477 34.2085990905762 34.6494636535645 34.1635856628418 33.8254928588867 34.3225059509277 33.8019905090332 33.5389671325684 32.2762069702148 32.0704078674316 32.4849739074707 32.5515289306641 32.9986801147461 32.863655090332 32.3439865112305 31.971529006958 31.1674766540527 30.358865737915 30.0501041412354 30.9024639129639 30.6166496276855 30.4625682830811 29.964282989502 28.6124420166016 27.8723812103271 26.71067237854 28.1442565917969 27.0720710754395 25.4051513671875 23.8740005493164 23.6360321044922 23.2078704833984 22.9448661804199 24.7200145721436 25.0993041992188
35.8595504760742 36.0206832885742 34.6905746459961 35.1575241088867 34.7052154541016 34.6886787414551 35.407039642334 34.8222694396973 35.0254440307617 34.9177551269531 34.8433380126953 34.6435775756836 34.2646980285645 33.7934494018555 34.1108474731445 33.7019195556641 34.0808410644531 33.8048362731934 33.618896484375 32.9714965820312 33.1827011108398 33.2549018859863 33.0034141540527 33.1364479064941 32.3962821960449 30.7108879089355 30.3165225982666 30.2737102508545 29.5727310180664 30.0149669647217 30.9171085357666 30.7179508209229 30.2302665710449 29.4629535675049 28.8043003082275 30.3666095733643 28.893627166748 25.1884307861328 29.3570423126221 30.7363872528076 29.9511737823486 25.3651180267334 24.4365234375 24.231201171875 24.8545188903809 25.7150287628174
34.488956451416 34.5829696655273 35.0056304931641 35.3975830078125 35.1357536315918 34.9133491516113 34.8940963745117 35.5799293518066 34.5534210205078 34.2878227233887 34.2817726135254 34.0538520812988 33.4844627380371 33.3535575866699 33.5981063842773 33.1302299499512 33.8468856811523 33.9079208374023 33.7520713806152 33.8567543029785 33.5881576538086 32.9433441162109 32.2032508850098 32.3290519714355 32.2179870605469 32.0574684143066 31.7758255004883 31.2073345184326 30.6560211181641 31.35888671875 30.7194309234619 31.0691528320312 30.8777465820312 30.9441890716553 30.5741786956787 29.1405544281006 29.8714618682861 29.3778419494629 29.1898002624512 30.6890201568604 30.4335460662842 30.4910049438477 25.3470802307129 24.4587326049805 24.963321685791 26.0003776550293
33.015926361084 34.3646697998047 35.1726036071777 34.8372802734375 35.5163383483887 35.4475440979004 35.2074813842773 34.7699394226074 35.3427238464355 34.8720703125 33.4423904418945 34.0693359375 33.0085754394531 32.2048873901367 33.1458053588867 33.0148468017578 32.4402923583984 33.0180168151855 33.8020896911621 33.5548248291016 33.4210815429688 33.2295188903809 33.1378288269043 33.1119956970215 32.7682495117188 32.3992462158203 32.6101989746094 32.1720542907715 32.0049438476562 31.6875419616699 31.464563369751 30.8136615753174 30.8027782440186 31.3202114105225 31.1581916809082 31.0419692993164 31.4653816223145 29.7996730804443 31.1013946533203 31.6753673553467 31.0013446807861 29.505184173584 24.5244216918945 23.5375881195068 24.2084522247314 25.1946544647217
34.1633644104004 33.0625839233398 34.3615531921387 35.3242950439453 34.2959785461426 34.2452697753906 35.3981246948242 34.666690826416 34.5845565795898 34.9085922241211 33.8669013977051 33.775806427002 32.6456336975098 32.0383033752441 32.8379516601562 31.817892074585 31.7294902801514 32.6162147521973 32.6215667724609 32.8723030090332 33.4148712158203 33.3759498596191 32.8474884033203 32.8724632263184 32.1611175537109 31.5693702697754 30.9825859069824 31.3955364227295 32.0185165405273 30.9812088012695 30.6294708251953 29.9701843261719 30.3257007598877 31.1828765869141 31.4194011688232 31.1650676727295 31.706111907959 31.7178802490234 31.2187881469727 30.7187595367432 30.9635429382324 29.3253479003906 28.0789966583252 25.095666885376 24.6092395782471 25.4647579193115
34.5539283752441 34.3618774414062 34.3853569030762 35.5250663757324 34.759090423584 35.1308326721191 35.647159576416 35.6545181274414 35.8867263793945 35.6280708312988 35.3041687011719 34.8484497070312 32.8959999084473 32.277645111084 32.6297340393066 32.077018737793 31.7450923919678 31.5826816558838 30.883695602417 32.093017578125 32.8883514404297 33.6935653686523 33.9514846801758 33.3502159118652 32.0103988647461 30.4462642669678 29.7373237609863 30.3602294921875 31.363260269165 30.8624839782715 30.675464630127 31.5504283905029 31.4696502685547 31.4652614593506 32.1487350463867 31.2531509399414 30.8057117462158 30.7474155426025 31.3277683258057 31.3860626220703 31.8064956665039 31.4081192016602 30.2615928649902 29.7789993286133 26.9841766357422 26.5476474761963
35.5741500854492 34.3239669799805 33.8992691040039 34.4417533874512 34.5335884094238 35.1163902282715 35.9055061340332 35.0975723266602 35.9721183776855 35.6122894287109 34.3819046020508 34.5912094116211 33.6383018493652 30.9100399017334 31.216329574585 30.4758396148682 30.8873519897461 30.289379119873 31.341625213623 32.3379936218262 33.4739532470703 33.2659606933594 33.819896697998 33.7636566162109 32.3991851806641 31.0633373260498 29.6414680480957 30.0721282958984 31.6690444946289 30.8477783203125 31.2098236083984 31.9814739227295 32.8402976989746 32.828296661377 32.0071411132812 31.6285209655762 31.0986099243164 31.1460151672363 31.8983421325684 31.88134765625 31.9614906311035 31.8599720001221 31.5533218383789 31.3589725494385 29.575662612915 26.5100708007812
34.4608993530273 34.4711036682129 34.8295936584473 34.4937553405762 35.1308517456055 34.9973068237305 35.8953819274902 35.8551445007324 34.7997016906738 35.1074180603027 35.4656639099121 34.7042007446289 33.7529411315918 30.5822792053223 31.037015914917 31.1227130889893 30.6775646209717 30.9804725646973 30.9720420837402 32.0399284362793 33.2392692565918 32.9377136230469 33.5599708557129 33.6300849914551 33.154052734375 32.167163848877 30.9523506164551 30.6845626831055 31.4508018493652 31.7125492095947 32.4271812438965 32.8730506896973 32.8381652832031 32.8622245788574 32.9413375854492 31.9343242645264 31.1487655639648 31.0597038269043 31.0928840637207 31.5837554931641 32.3755569458008 31.9614448547363 30.9946155548096 31.1511421203613 30.0756168365479 29.5008316040039
