data/Tmax/Tmax1.asc
NCOLS 100 
NROWS 79 
XLLCORNER 148.06 
YLLCORNER -21.49 
CELLSIZE 0.01 
NODATA_value -9999 
[rows 20 to 39 of 79, columns 0 to 45 of 100]
34.417457580566399 34.8941650390625 35.063045501709 34.7745361328125 34.9463272094727 35.7464294433594 35.2674751281738 35.5408325195312 34.363094329834 34.2732620239258 35.3499031066895 34.9676628112793 33.9185256958008 32.1719551086426 31.1189708709717 30.3606834411621 30.0061435699463 31.2325439453125 32.0728454589844 32.8202095031738 32.9538993835449 33.4360618591309 33.5880737304688 33.9365196228027 33.900634765625 33.6742553710938 32.6442909240723 30.7822170257568 31.7506332397461 31.5743656158447 32.6716194152832 32.9691009521484 33.0115432739258 33.0848121643066 32.8341827392578 32.5637397766113 32.4075889587402 32.1735610961914 31.3449935913086 31.613712310791 31.4344062805176 30.6133556365967 31.3451690673828 31.1342220306396 29.6731929779053 29.7996482849121
35.1787261962891 35.4352951049805 35.4221267700195 35.0279541015625 34.93994140625 34.8327598571777 34.4202156066895 35.1983451843262 35.4327201843262 35.6786880493164 35.3550643920898 35.3633918762207 34.8695755004883 32.444263458252 31.0625457763672 30.8713550567627 30.9561614990234 31.4423427581787 31.8415813446045 32.8128662109375 33.443904876709 34.0469665527344 33.1400260925293 33.639347076416 33.6107444763184 33.3153114318848 33.0466918945312 31.6173191070557 31.7173976898193 32.608154296875 33.0335426330566 32.8046035766602 32.7975616455078 31.6599826812744 31.3664150238037 31.5939884185791 32.4926910400391 30.7493896484375 30.3770236968994 30.6473731994629 29.9056339263916 30.479850769043 30.700870513916 28.4709033966064 28.3868598937988 29.0750465393066
35.4608535766602 35.6926803588867 35.4811706542969 34.7727661132812 35.9880905151367 35.0636138916016 35.3250427246094 35.0028953552246 35.692138671875 34.86328125 35.9547424316406 35.5574645996094 35.3596725463867 34.4912910461426 33.7985801696777 32.1364593505859 30.5452003479004 31.0259094238281 31.328296661377 33.1652679443359 33.9866142272949 33.0917816162109 33.1018753051758 32.6542587280273 32.2236289978027 33.0266914367676 32.9399833679199 32.587230682373 32.5513000488281 32.5662994384766 32.2366371154785 31.8027229309082 31.3555698394775 30.8793277740479 30.2295589447021 31.026538848877 31.1058502197266 29.9920253753662 30.0099658966064 30.005744934082 28.6969299316406 28.5908241271973 29.1275062561035 29.8237190246582 24.3384246826172 28.8896026611328
35.6163940429688 36.0395126342773 36.5248489379883 34.7926788330078 34.7056770324707 35.5414390563965 34.5976753234863 35.5902671813965 35.7837867736816 34.859920501709 35.4240951538086 35.3089332580566 35.4890441894531 34.5881843566895 32.8228988647461 31.9663391113281 30.8814830780029 31.2222023010254 31.7798500061035 32.697639465332 33.0886878967285 33.5019454956055 32.7568016052246 31.4911041259766 31.9831295013428 32.1015853881836 32.1089553833008 32.9090156555176 33.2091407775879 32.9787254333496 32.6464729309082 31.7189044952393 31.1028575897217 31.2584495544434 31.7189064025879 31.4306392669678 29.2800369262695 28.9196758270264 29.425142288208 29.7385959625244 28.3439254760742 28.0825443267822 27.6920204162598 26.0260047912598 27.4402923583984 27.6265850067139
35.8334007263184 35.6835517883301 35.4752006530762 36.1801452636719 36.2580871582031 35.9196853637695 34.6667900085449 35.7431449890137 34.3171691894531 34.5492820739746 34.5824584960938 34.3180160522461 34.1498680114746 34.5103912353516 33.072681427002 31.6594085693359 31.0294075012207 30.9314594268799 32.0023956298828 32.1530380249023 33.2832260131836 33.377010345459 30.9097023010254 30.7118968963623 30.8525619506836 31.2184810638428 31.4876270294189 32.7087516784668 33.0598335266113 32.5105247497559 32.9136161804199 32.5077972412109 32.4063682556152 32.2281341552734 31.7310943603516 31.3530960083008 30.7272529602051 29.9185543060303 28.7121696472168 28.1393604278564 26.9637889862061 26.0356101989746 26.6465969085693 28.607177734375 23.5829925537109 23.4030265808105
36.307445526123 35.9999923706055 36.4272994995117 35.7529220581055 36.2473373413086 36.0824584960938 35.9149208068848 35.6723976135254 35.5086097717285 34.1421890258789 35.1877326965332 34.4850692749023 33.6866302490234 33.8487548828125 33.9028244018555 33.7929000854492 32.5845108032227 32.3702011108398 32.9363975524902 33.4424324035645 32.739574432373 31.1325206756592 30.6616916656494 29.613956451416 30.2403354644775 30.9794464111328 31.0108871459961 31.8227481842041 32.8462333679199 32.7255783081055 31.200662612915 32.1083374023438 31.9342517852783 31.9601173400879 31.5617599487305 31.2734317779541 30.6771507263184 29.5548057556152 27.1750869750977 27.7359962463379 26.3053150177002 27.3476085662842 28.8901042938232 28.3597774505615 23.6112823486328 22.785493850708
34.3762245178223 35.5607147216797 36.582447052002 36.3242645263672 36.1845245361328 36.0015754699707 35.8452644348145 35.8361854553223 35.5540504455566 34.3296852111816 33.8843116760254 34.0882606506348 33.8933868408203 33.624885559082 33.7850341796875 32.913932800293 32.1485977172852 32.2346649169922 33.0382537841797 32.8914527893066 32.5507392883301 32.6919898986816 31.5271816253662 30.3413524627686 29.8085460662842 30.4035530090332 31.6512584686279 32.8366088867188 32.271656036377 32.4699821472168 31.7833347320557 31.58424949646 31.8043003082275 31.3088912963867 31.2903709411621 30.5601196289062 29.2393836975098 29.4728546142578 24.849967956543 23.2438411712646 25.9505844116211 23.4328060150146 28.2360439300537 24.5503463745117 26.8833084106445 22.5566902160645
34.5803985595703 34.1726837158203 35.2876205444336 36.1231498718262 36.056079864502 35.9024925231934 36.0442314147949 36.1474227905273 35.7406196594238 35.0165138244629 34.5689353942871 33.8829765319824 33.7023315429688 34.0893249511719 32.6096649169922 32.8937225341797 32.4595260620117 31.9945468902588 32.2886352539062 32.34375 32.2532958984375 32.2331619262695 31.8304004669189 30.7197284698486 30.632682800293 30.8269004821777 30.2832813262939 32.6862602233887 33.0329246520996 31.7606678009033 31.5791168212891 31.6495532989502 31.925235748291 31.1176891326904 30.8284645080566 30.0127849578857 28.5177688598633 28.874454498291 28.6148700714111 27.4730606079102 26.3269538879395 26.7338848114014 26.5378112792969 23.8242015838623 23.2007369995117 22.8648853302002
33.4674606323242 33.8909149169922 34.419132232666 35.261646270752 36.259449005127 35.7145767211914 36.1073837280273 35.7341995239258 35.7432708740234 34.7702255249023 34.8625984191895 34.1074829101562 34.3533630371094 34.326301574707 34.077220916748 32.0477981567383 32.1175193786621 31.9308795928955 32.2422370910645 33.0585556030273 31.7849979400635 32.209602355957 31.3194942474365 30.3864345550537 30.6458263397217 30.9367866516113 30.8499069213867 31.5702514648438 32.2682876586914 32.1566047668457 32.314208984375 31.3807735443115 30.9686431884766 29.8232975006104 29.1792678833008 28.2670803070068 28.5702838897705 28.5531406402588 28.6807022094727 26.1937351226807 23.3393516540527 23.3616371154785 26.7439250946045 23.1376419067383 23.3361110687256 23.2367858886719
32.5042839050293 33.0625457763672 33.6015167236328 34.3360023498535 35.6349334716797 35.611213684082 34.9277534484863 36.0820465087891 35.8876266479492 35.5344047546387 34.4034996032715 34.842700958252 34.199577331543 33.9130172729492 34.5002517700195 34.3087463378906 33.9493637084961 32.2955932617188 32.5063514709473 32.4598731994629 32.3697547912598 32.2373352050781 31.818883895874 30.9206352233887 30.7072010040283 30.7365779876709 30.2698459625244 31.5462627410889 32.3830032348633 31.854305267334 32.5659027099609 31.1289329528809 30.0880928039551 29.9418830871582 29.4283065795898 29.085277557373 29.0323314666748 28.461727142334 27.8490447998047 27.4077644348145 28.6024589538574 28.597972869873 26.1142559051514 26.0874195098877 23.4475898742676 24.3267307281494
33.0130386352539 33.5204124450684 33.6193199157715 34.430004119873 34.5955619812012 34.343318939209 34.5078048706055 35.5363578796387 35.4833984375 35.0069541931152 35.481014251709 35.3818969726562 35.4215660095215 34.6184196472168 34.6687088012695 34.7157554626465 33.585823059082 33.074146270752 32.1618690490723 32.4868698120117 32.2818565368652 31.6425895690918 31.4795665740967 31.0852565765381 30.5335578918457 29.8801078796387 30.2305374145508 31.7961463928223 32.1368293762207 32.2982864379883 32.5856285095215 32.7698402404785 31.1776866912842 30.0048694610596 29.2897663116455 30.0878314971924 29.6890068054199 29.0041217803955 28.167236328125 28.2085876464844 30.0834808349609 29.9332485198975 29.5669422149658 28.7031383514404 25.4665756225586 24.7463722229004
33.9675750732422 33.8307723999023 34.6765899658203 35.489501953125 35.9503288269043 34.622745513916 34.6687469482422 35.9156684875488 35.8600692749023 35.1824607849121 35.600284576416 35.2288818359375 35.1718101501465 34.7978019714355 33.8757095336914 34.2559814453125 32.0891075134277 30.8090305328369 32.2354927062988 31.8709564208984 31.8247089385986 31.9237804412842 31.4105663299561 31.1647033691406 30.7371101379395 30.7072982788086 30.9626235961914 32.1318969726562 32.7925415039062 31.8356990814209 32.3166122436523 32.3352508544922 32.6223449707031 31.7737903594971 31.114049911499 30.0139694213867 30.0718421936035 30.1434288024902 29.7238216400146 31.2388286590576 30.2726173400879 29.8795757293701 24.8014965057373 26.4342384338379 24.0281257629395 23.3253784179688
33.5620918273926 34.8023529052734 34.6362266540527 34.7144660949707 35.8767585754395 35.0454559326172 35.6432456970215 35.2638778686523 35.8209571838379 34.791187286377 35.7480278015137 35.2375373840332 35.2217178344727 34.6268577575684 34.2308158874512 33.7234535217285 33.7407569885254 32.1015205383301 31.0042362213135 31.4092121124268 31.4614562988281 31.9230823516846 31.2981796264648 31.3970737457275 31.0180244445801 30.7937526702881 32.3583679199219 32.4502906799316 32.3151893615723 33.7630271911621 32.4517364501953 31.9720802307129 33.1447830200195 33.0021209716797 32.2739067077637 31.6295433044434 31.2373714447021 31.2069187164307 30.7537708282471 30.9438171386719 30.1594543457031 27.6297054290771 23.0452175140381 23.3031845092773 23.4902305603027 22.3111667633057
34.3308715820312 34.3754730224609 34.9717025756836 33.9288711547852 34.434700012207 33.3115997314453 33.9936561584473 35.3023452758789 35.7942695617676 35.5756988525391 35.8615760803223 35.0703315734863 34.9096908569336 34.9656448364258 34.3582000732422 34.144172668457 34.5645217895508 34.1161689758301 33.4046249389648 33.0374069213867 31.9201240539551 31.6209506988525 32.145076751709 31.7664966583252 31.3785285949707 30.9590377807617 32.3705749511719 33.1106262207031 32.6465225219727 32.8286094665527 32.6151809692383 31.4944286346436 31.1947937011719 31.1941680908203 31.6189975738525 31.8329963684082 31.8682117462158 32.3358421325684 31.9221611022949 32.0515213012695 30.3541870117188 25.7845401763916 24.2589683532715 24.5285129547119 24.3232746124268 23.318733215332
34.8209419250488 35.1487083435059 34.9414176940918 33.2030487060547 33.866325378418 34.774974822998 33.9475631713867 35.3492240905762 35.7039413452148 35.3202934265137 35.7542343139648 35.4316024780273 35.7497520446777 35.2549781799316 34.8442535400391 34.6726417541504 34.4061622619629 34.1555824279785 33.7682762145996 32.8325576782227 31.4565830230713 32.5030784606934 32.9173889160156 31.7612113952637 31.3157768249512 31.1615715026855 30.8943099975586 32.230297088623 32.0853729248047 31.1678199768066 32.1406669616699 31.0963096618652 30.6887550354004 30.7275619506836 30.4406356811523 30.6466865539551 31.2951412200928 30.8328685760498 31.4920864105225 31.2561378479004 29.5908489227295 29.3171234130859 26.4999713897705 25.8599090576172 25.1477203369141 25.048023223877
34.5462799072266 35.8476676940918 34.9233169555664 34.1151351928711 32.5957412719727 34.8069915771484 36.1467819213867 34.2622261047363 35.2218322753906 35.7898178100586 35.6603240966797 35.4772796630859 34.9599571228027 35.093090057373 34.7415542602539 34.9130744934082 33.9891586303711 33.5603218078613 33.5075531005859 33.0062141418457 31.9584560394287 32.6212348937988 31.8207664489746 30.5077991485596 30.867301940918 30.4093227386475 31.6461982727051 30.9049091339111 30.7955226898193 28.220947265625 30.0106105804443 30.5850028991699 30.900333404541 30.5717163085938 30.5878677368164 29.6806411743164 29.8953323364258 30.2756385803223 31.2334651947021 30.5656852722168 25.7139167785645 25.3960857391357 25.1624450683594 25.7110595703125 25.4274234771729 24.2343597412109
35.169734954834 34.2918395996094 35.5904693603516 34.8841552734375 34.763370513916 34.7343254089355 34.7095794677734 34.754695892334 34.8790702819824 36.1576118469238 36.1381149291992 35.5525741577148 35.3990631103516 35.6426315307617 35.3839340209961 34.2639808654785 33.6238098144531 33.5670700073242 33.5664901733398 33.5831413269043 32.9070014953613 31.9995441436768 30.981969833374 30.772575378418 31.0386447906494 31.6037521362305 32.0627670288086 31.1895084381104 30.8545188903809 28.9275093078613 28.7146625518799 27.7260074615479 29.2295761108398 30.588716506958 30.5987205505371 28.7660522460938 28.6783428192139 28.2863864898682 28.0536251068115 24.5470161437988 24.5578536987305 23.8416271209717 24.337890625 25.2741641998291 25.3059482574463 23.6673336029053
34.607250213623 34.0441627502441 35.302001953125 34.0997886657715 34.2597122192383 34.2726097106934 33.0423393249512 33.7624893188477 34.7607917785645 35.0354881286621 35.7374000549316 35.7425270080566 35.5915145874023 35.0636329650879 35.3965034484863 35.2724075317383 34.5722618103027 33.2743721008301 33.7846717834473 33.3272171020508 33.1574325561523 32.5171318054199 31.1833362579346 30.9885711669922 30.5022621154785 31.0647373199463 31.8688449859619 31.0204620361328 31.1741199493408 30.8901519775391 30.8805904388428 29.8006210327148 29.4536056518555 28.1929874420166 24.3143520355225 23.2588958740234 23.3731021881104 23.1334495544434 23.0551071166992 23.2188720703125 23.3712177276611 23.4241714477539 23.6688747406006 24.5380992889404 24.8745899200439 24.3997116088867
34.5912895202637 33.940242767334 33.9432373046875 35.1333808898926 34.8009910583496 34.9376182556152 33.5046806335449 32.6545028686523 33.4865837097168 34.3126220703125 35.5738296508789 35.8968391418457 35.7716941833496 35.5734252929688 34.5148162841797 34.1369934082031 34.1126403808594 33.6916313171387 34.109619140625 33.9714012145996 33.9395027160645 32.6807899475098 32.1405563354492 31.6992473602295 30.9092025756836 31.6721286773682 31.3586845397949 31.4399185180664 29.8824119567871 30.7128200531006 29.9540824890137 29.7256469726562 30.0278434753418 29.3408145904541 27.8547668457031 22.857479095459 22.5503940582275 22.4420185089111 22.311824798584 22.7982482910156 23.3392200469971 24.8296775817871 23.353235244751 24.3663425445557 23.8334846496582 23.7058181762695
34.2067756652832 33.6987533569336 34.9169921875 34.8941268920898 35.1057891845703 34.2064323425293 33.8737373352051 33.2295417785645 34.0835304260254 33.3679809570312 34.2528343200684 35.6993446350098 35.3923835754395 35.164192199707 34.4570350646973 34.7845039367676 33.1609916687012 33.4185371398926 33.7526054382324 33.5169334411621 33.5970573425293 32.9423217773438 33.0322151184082 32.5041885375977 31.4841270446777 31.4271183013916 31.0600891113281 30.9335479736328 31.3891792297363 30.4678325653076 29.4609127044678 28.4035320281982 30.3387622833252 30.5132122039795 30.5589466094971 28.0806541442871 25.1808738708496 24.7621154785156 23.7994174957275 22.9450454711914 23.6227569580078 23.6170196533203 23.6134452819824 24.0354804992676 23.9333953857422 23.6254920959473
