data/Tmax/Tmax6.asc
NCOLS 100 
NROWS 79 
XLLCORNER 148.06 
YLLCORNER -21.49 
CELLSIZE 0.01 
NODATA_value -9999 
[rows 40 to 59 of 79, columns 46 to 91 of 100]
25.2350215911865 26.540075302124 26.1292533874512 26.8229370117188 29.0837593078613 29.0866279602051 28.8985576629639 26.6268558502197 26.303581237793 26.9632720947266 28.5791873931885 30.6490631103516 31.1333084106445 30.6345462799072 29.8380737304688 31.6344394683838 32.5652122497559 32.020622253418 33.0747375488281 33.0440139770508 32.3945159912109 33.0071258544922 30.8593864440918 29.6957359313965 31.1402263641357 32.0708961486816 32.6054496765137 31.7904243469238 31.6037464141846 31.7613830566406 31.3815612792969 32.482120513916 31.234712600708 28.2830295562744 29.9449100494385 34.3396530151367 32.682746887207 31.1163463592529 28.9583320617676 28.2720546722412 27.7031002044678 30.5736255645752 30.9638862609863 30.3403587341309 31.6921043395996 28.9241275787354
26.4278240203857 26.3952407836914 27.7817497253418 29.115198135376 29.7983474731445 29.3528747558594 28.692798614502 28.4678268432617 29.8712196350098 30.1391563415527 32.8306694030762 31.6656894683838 31.4462108612061 31.1404914855957 30.5627765655518 32.5400085449219 32.6647911071777 32.4824180603027 33.5346183776855 33.813892364502 31.7127952575684 32.0740776062012 28.2896327972412 34.100025177002 35.2772331237793 30.8623199462891 32.8237152099609 31.8205547332764 32.0159034729004 31.1897048950195 31.7852878570557 32.3288993835449 32.1676406860352 31.2246074676514 31.6530055999756 33.6671714782715 31.9273128509521 31.357608795166 31.0768203735352 30.7732467651367 30.2982521057129 29.8350143432617 31.2377738952637 30.8820552825928 30.8643703460693 30.324743270874
27.6760940551758 28.7029571533203 28.6314010620117 30.637149810791 35.7260589599609 33.2208251953125 30.7304153442383 29.9790706634521 31.1276206970215 32.8118553161621 32.9420928955078 32.5293502807617 32.817699432373 32.3732032775879 34.1119651794434 32.6595077514648 32.5121307373047 32.1742515563965 32.5987396240234 33.3216781616211 32.3831596374512 31.841272354126 31.513542175293 35.6278991699219 28.9790592193604 35.6927947998047 34.9487762451172 30.782865524292 30.1326923370361 32.7242202758789 32.4101257324219 32.7328147888184 32.0059776306152 31.3557434082031 31.7361450195312 30.5277900695801 30.6405544281006 30.1063232421875 30.1692962646484 30.6174564361572 31.7734260559082 31.8694152832031 32.2259979248047 30.9019756317139 32.9194984436035 32.8620338439941
31.253942489624 32.0244407653809 32.1822738647461 32.3287773132324 33.069278717041 32.573314666748 32.2296295166016 31.8286323547363 32.1650581359863 32.554069519043 33.2378234863281 33.2576560974121 33.4583778381348 33.3617095947266 32.846363067627 32.4003791809082 32.0551872253418 32.257884979248 32.9713706970215 30.5724029541016 32.8253364562988 32.8441200256348 32.6398468017578 31.9888172149658 31.4249382019043 33.1668548583984 32.402458190918 31.923511505127 32.5500259399414 34.2677345275879 33.6374893188477 34.0801734924316 31.8680610656738 31.261589050293 31.0983695983887 33.6194343566895 33.0625038146973 31.1320991516113 32.0857467651367 33.1504096984863 33.7569313049316 32.9069137573242 31.3416004180908 35.5795249938965 33.1367721557617 31.1175975799561
31.0949039459229 31.3017234802246 31.3048000335693 31.6652126312256 33.2384452819824 33.9016227722168 33.3000717163086 32.4756851196289 32.8538208007812 32.527904510498 32.228687286377 32.2047233581543 31.7968158721924 31.6517486572266 31.4964408874512 32.0863723754883 30.4578952789307 31.3151912689209 32.3541984558105 32.7193183898926 33.6739234924316 34.3021469116211 34.0279731750488 33.0689582824707 30.9412784576416 31.3994007110596 31.7985515594482 32.2823638916016 34.5015296936035 34.835865020752 33.4765815734863 32.2208862304688 31.1510601043701 31.8436317443848 31.4973964691162 33.5228652954102 32.2113189697266 31.0419502258301 32.3017272949219 30.7958450317383 31.4227027893066 32.9891166687012 33.4080390930176 33.3657112121582 36.2453269958496 33.138973236084
27.0795021057129 28.6123809814453 30.2290420532227 28.5803184509277 30.2917995452881 31.0035495758057 30.835355758667 31.1540565490723 31.4569988250732 31.5645275115967 28.4806156158447 28.6672611236572 28.8528671264648 26.8764343261719 27.9747982025146 29.053035736084 31.4416770935059 31.6554985046387 31.6005096435547 31.7188301086426 33.5054359436035 33.2912750244141 32.621265411377 32.5726470947266 32.681396484375 33.1708297729492 33.1515960693359 33.1138763427734 32.7408332824707 32.9326705932617 32.5782356262207 33.7205009460449 34.5741653442383 35.0423164367676 33.014720916748 32.7455635070801 32.231128692627 32.0671844482422 32.0344314575195 31.7486324310303 31.5885677337646 32.6519355773926 32.8187866210938 31.5094223022461 33.8194236755371 36.1716041564941
25.4991703033447 26.8089923858643 26.3922996520996 26.1430950164795 27.130615234375 27.6072082519531 27.7893753051758 28.4105052947998 29.0293121337891 28.2019233703613 27.7581157684326 27.057975769043 27.4814109802246 27.3406505584717 27.7244186401367 29.1006393432617 31.8397369384766 31.6146774291992 30.9635829925537 32.8575744628906 33.309383392334 33.7206382751465 32.7875862121582 32.0704574584961 34.692211151123 34.8714141845703 33.920051574707 33.193042755127 32.2563972473145 32.1627235412598 33.3648567199707 33.1814422607422 32.6158828735352 32.9323577880859 33.2047996520996 35.8140716552734 32.6086654663086 32.7895393371582 31.6981239318848 31.5610103607178 31.5333042144775 34.1726684570312 32.1941871643066 35.0567169189453 33.6625900268555 33.110954284668
25.8779640197754 25.7954158782959 25.6754055023193 25.7449626922607 25.5938777923584 25.9064617156982 26.8233642578125 27.9055938720703 28.2040176391602 27.990686416626 28.6713237762451 28.0463676452637 28.0585994720459 29.5984706878662 30.3791732788086 31.9333667755127 32.5894660949707 32.5017776489258 32.6292991638184 34.011287689209 36.7216835021973 34.4372863769531 32.3451156616211 33.3644561767578 34.5732231140137 34.1845436096191 33.5308380126953 36.4496803283691 33.5905380249023 33.8403625488281 33.8594436645508 31.3032302856445 31.1513175964355 31.4761066436768 31.2487316131592 31.2447357177734 32.6497039794922 31.6512851715088 30.7466907501221 34.4970054626465 34.2426948547363 36.2034759521484 32.7780342102051 34.8851699829102 34.6147804260254 34.5384712219238
25.7150096893311 27.6803207397461 25.9752445220947 25.6072978973389 25.5022296905518 25.4329643249512 25.4997138977051 27.4969310760498 28.3054733276367 28.4854373931885 28.373119354248 28.4587955474854 33.7935600280762 34.9277877807617 35.4269256591797 31.8078727722168 33.6918067932129 30.0424365997314 35.6740531921387 35.5801162719727 35.2812080383301 35.5382766723633 34.9142417907715 34.4686012268066 34.1567726135254 32.2433929443359 33.4284820556641 34.565544128418 36.7064819335938 35.973762512207 35.7068977355957 36.4490127563477 35.5373344421387 31.5605926513672 32.520622253418 36.914722442627 36.0808753967285 33.0645904541016 32.8716506958008 32.6822738647461 30.759521484375 31.2873725891113 31.9093685150146 32.8176612854004 31.9462451934814 32.567211151123
27.6333065032959 28.2759838104248 29.4436225891113 26.5165042877197 25.9652309417725 26.6988964080811 26.4809265136719 27.4416599273682 27.8447151184082 28.455135345459 32.7516784667969 34.3856086730957 35.5913238525391 35.628044128418 36.1183319091797 29.258186340332 32.4396095275879 29.5297012329102 29.8419322967529 32.3776893615723 32.3666114807129 36.5885810852051 33.0119247436523 33.8829879760742 33.6044998168945 32.7180709838867 34.6662483215332 34.7399978637695 35.2227058410645 35.2778739929199 35.0401153564453 33.4002380371094 31.7312908172607 32.2285957336426 32.8805809020996 37.103099822998 37.0645904541016 33.8785400390625 32.7325820922852 32.5771484375 32.5566291809082 31.5351734161377 32.7180137634277 31.3109016418457 32.2918014526367 32.9334983825684
31.0428104400635 27.8118858337402 30.7492809295654 25.7010364532471 25.728099822998 26.8928470611572 27.0463638305664 27.780782699585 28.5556449890137 29.1126861572266 29.1234951019287 29.3519916534424 34.0039596557617 34.6877365112305 35.304126739502 29.2237243652344 31.6970634460449 31.5787658691406 28.3936595916748 32.2143859863281 29.7479839324951 35.4956970214844 33.1207656860352 34.6505546569824 33.0625228881836 34.04833984375 33.0418014526367 32.6428909301758 35.6688461303711 35.3631477355957 34.7426719665527 34.210506439209 33.8848686218262 32.1007347106934 32.9405174255371 35.3727951049805 36.7216606140137 34.8435592651367 33.7384605407715 34.2558364868164 32.8165092468262 31.6981391906738 31.7695236206055 30.8950309753418 32.351936340332 33.1470069885254
26.5607299804688 25.1462059020996 25.5985927581787 24.7336120605469 24.6850337982178 26.0926532745361 26.860164642334 28.0768280029297 28.4974975585938 28.7996654510498 29.0210113525391 28.6781158447266 28.5843849182129 28.1487312316895 28.6632061004639 31.8346309661865 29.6106128692627 32.3933792114258 29.2355346679688 31.6265468597412 31.4332542419434 32.3545799255371 35.4506607055664 36.2025451660156 33.3790016174316 33.552978515625 34.2306976318359 32.3922843933105 32.8035697937012 36.2361793518066 34.6631546020508 33.9626007080078 33.385326385498 31.7391490936279 31.6302509307861 33.2880668640137 33.6726036071777 33.5154685974121 32.9338150024414 31.2569236755371 34.8853302001953 31.2007923126221 30.9238662719727 30.5887908935547 30.6118144989014 31.9047718048096
24.9620227813721 30.6343650817871 31.3542060852051 24.957576751709 24.8817386627197 25.641960144043 26.2888870239258 27.0769882202148 27.6510791778564 28.0347328186035 28.3850917816162 28.201114654541 28.2402973175049 28.710521697998 29.1520366668701 29.5621337890625 32.2505035400391 32.654541015625 32.5428199768066 33.0150337219238 31.4792575836182 32.6604080200195 34.2404479980469 36.329906463623 34.1647987365723 34.9636192321777 34.9052314758301 34.7684478759766 34.6318511962891 36.6606674194336 35.5458145141602 34.9704055786133 35.0622406005859 35.3700790405273 32.4626007080078 31.5334796905518 32.7272834777832 30.1745948791504 31.6933403015137 31.9982299804688 32.0992393493652 31.0889911651611 35.5830993652344 32.0645065307617 30.6564235687256 30.4284973144531
25.7032051086426 24.9713535308838 30.8105430603027 25.5427112579346 25.6151180267334 26.417760848999 26.2741718292236 26.9266185760498 28.1035633087158 28.659387588501 29.0117073059082 29.1371097564697 29.1985893249512 32.9115905761719 32.9495277404785 29.9332046508789 29.6989879608154 29.8468494415283 29.8680305480957 32.6539688110352 32.153881072998 32.3513679504395 29.8879280090332 31.0677375793457 31.898494720459 33.7101402282715 33.0735359191895 34.1242828369141 36.182445526123 33.7309379577637 33.6013488769531 32.6645278930664 33.0205230712891 33.8665809631348 32.2746391296387 31.8891506195068 29.8829345703125 29.0792484283447 29.3015995025635 28.1134662628174 34.0294990539551 32.6081924438477 33.787052154541 33.4091339111328 35.3937110900879 31.1589336395264
26.6932544708252 25.7868328094482 25.354959487915 25.78244972229 26.249382019043 27.0629405975342 27.0900859832764 27.3249988555908 27.6629867553711 28.3607406616211 28.4164428710938 31.1671619415283 32.1588172912598 29.3659114837646 33.6965675354004 33.0786972045898 33.5699729919434 30.1845626831055 32.970085144043 32.7469139099121 32.7687683105469 31.8207683563232 30.776195526123 32.8139495849609 34.649227142334 34.9027557373047 33.0107421875 33.502010345459 32.6430778503418 34.5673179626465 34.7820472717285 33.3325843811035 34.6822776794434 32.5575714111328 35.1015014648438 32.1230125427246 35.7328834533691 32.0524215698242 32.3830184936523 30.7476100921631 31.9759159088135 32.5262794494629 31.8429756164551 32.1353034973145 32.9954299926758 33.9881477355957
26.2952480316162 25.8481941223145 25.5162220001221 26.6295051574707 27.1258640289307 27.5899333953857 28.3020687103271 28.6751842498779 28.6726665496826 29.0377082824707 28.9074840545654 31.0748157501221 31.8305644989014 33.3909683227539 33.5809288024902 33.0880813598633 33.4981956481934 33.8941192626953 33.3712387084961 30.2084789276123 32.7481918334961 31.8599967956543 32.6224136352539 32.6611251831055 33.9288139343262 34.7379722595215 35.027774810791 35.5879135131836 32.898983001709 33.4143104553223 30.5916194915771 32.8042449951172 34.2089385986328 36.1263542175293 35.1196098327637 29.1921768188477 31.7783393859863 32.6838645935059 31.1869010925293 32.1727752685547 34.1306495666504 33.3355484008789 32.7036209106445 33.0973052978516 32.6520118713379 32.5029220581055
26.3209819793701 25.624942779541 24.994348526001 26.2301387786865 27.3245010375977 27.728645324707 27.1291198730469 28.483455657959 28.1285381317139 27.4442234039307 28.8036785125732 28.5073070526123 28.847484588623 31.7242202758789 29.3859310150146 32.7519187927246 32.8928413391113 32.9049453735352 33.5169105529785 31.5486907958984 32.4200630187988 32.8718719482422 32.4214706420898 30.084939956665 32.5596771240234 34.7632102966309 33.8271675109863 33.0146903991699 33.2455825805664 33.4268608093262 30.4894542694092 28.389289855957 29.3630142211914 32.3454170227051 28.5098686218262 28.2130928039551 32.6633911132812 32.1324081420898 32.9466896057129 31.6875820159912 33.9408645629883 35.1470642089844 31.5065097808838 31.8001384735107 32.7086868286133 33.3236198425293
26.753210067749 25.7540473937988 25.8094348907471 26.3024425506592 27.0508937835693 27.427339553833 27.853006362915 27.9257125854492 26.7335300445557 26.2852077484131 28.1421890258789 26.6711273193359 27.218334197998 27.5587501525879 31.373083114624 32.2915840148926 29.6509761810303 32.9341430664062 30.3490543365479 33.8231773376465 33.4094009399414 33.6946983337402 33.1511306762695 32.8332786560059 31.998477935791 33.232006072998 34.064022064209 33.0434341430664 32.4609451293945 34.1063613891602 32.2599983215332 29.69602394104 32.6968040466309 31.4701538085938 25.9244251251221 30.7177333831787 31.9676151275635 32.485652923584 32.8312683105469 34.5246086120605 32.4470748901367 34.8148498535156 32.5388603210449 32.7817840576172 32.2417335510254 32.1168823242188
26.7827548980713 26.474609375 26.1872425079346 26.2873992919922 26.8862953186035 27.4677600860596 27.368257522583 27.1771774291992 26.565523147583 27.4508209228516 27.6999320983887 26.4416046142578 26.7041912078857 26.9664516448975 28.3958835601807 28.8192920684814 32.5947113037109 29.8024005889893 33.1647300720215 33.4278717041016 33.2270851135254 33.5886039733887 31.7979469299316 33.2850914001465 32.5311470031738 32.6112899780273 32.3612022399902 33.4879188537598 31.7578315734863 31.7220611572266 33.4200286865234 33.1033058166504 29.5703125 31.3287944793701 31.9403591156006 32.9455413818359 30.0256595611572 32.5525131225586 34.9320907592773 32.2413024902344 33.2587738037109 32.3877410888672 32.8310241699219 34.6624221801758 34.1258277893066 31.832971572876
26.2288684844971 26.1446208953857 25.7079563140869 26.065746307373 26.5201549530029 26.3295307159424 26.9497509002686 27.323184967041 27.6496772766113 27.6661281585693 27.7071533203125 27.9855937957764 31.3420867919922 32.100528717041 31.9758186340332 28.6836452484131 29.5021171569824 33.346321105957 30.7205619812012 32.8442573547363 33.182487487793 33.7907829284668 33.8867645263672 33.1919784545898 33.3656005859375 32.2917366027832 32.6978416442871 32.5998268127441 31.8051662445068 33.750846862793 34.114330291748 34.9498863220215 31.3036289215088 32.1407318115234 31.9558944702148 27.7355213165283 30.8133029937744 33.6344299316406 35.5154800415039 30.1874580383301 32.6804122924805 32.8959999084473 32.1924476623535 30.9115390777588 32.466194152832 33.2427711486816
