data/Tmax/Tmax6.asc
NCOLS 100 
NROWS 79 
XLLCORNER 148.06 
YLLCORNER -21.49 
CELLSIZE 0.01 
NODATA_value -9999 
[rows 40 to 59 of 79, columns 0 to 45 of 100]
35.071273803710902 34.7454376220703 35.5973243713379 36.2126197814941 35.3935813903809 35.2145614624023 35.181713104248 35.1857604980469 34.5197563171387 34.7838973999023 35.2412452697754 36.6104850769043 37.0498962402344 35.992862701416 36.021125793457 35.5884132385254 35.4923706054688 34.8542289733887 34.2775344848633 34.4016418457031 34.3611717224121 34.4605865478516 34.4119110107422 34.4508590698242 32.9458694458008 33.2156791687012 32.4451942443848 32.4202117919922 32.7122650146484 31.7357025146484 30.8235511779785 29.7198390960693 31.1248474121094 30.9533786773682 30.459888458252 30.7811126708984 30.3519477844238 27.580867767334 27.1116390228271 26.7304725646973 26.3028907775879 25.5891170501709 25.09228515625 24.8398990631104 24.588264465332 26.4060897827148
35.5179328918457 35.2891807556152 35.4008712768555 36.0484352111816 36.1678886413574 35.9917259216309 35.2346687316895 35.5698623657227 35.2181549072266 35.7760925292969 35.691291809082 36.4566764831543 36.664493560791 36.6270141601562 35.8666839599609 36.5879211425781 35.816333770752 34.9002990722656 34.2284469604492 34.7168083190918 35.0765953063965 35.3157768249512 34.6717910766602 33.7692375183105 31.9245185852051 31.4197940826416 32.1172332763672 32.2585258483887 32.4632949829102 32.0417213439941 30.947998046875 30.7749633789062 30.9515285491943 31.6461982727051 28.8289184570312 29.7183227539062 29.0969657897949 27.4950981140137 27.358606338501 28.9119205474854 28.6970157623291 26.5123767852783 24.7044086456299 24.615364074707 24.6397304534912 24.981517791748
35.556510925293 35.5133781433105 35.7628974914551 35.814811706543 35.6877632141113 35.5132522583008 35.4728546142578 35.8462333679199 35.547924041748 35.7184448242188 36.0936241149902 36.6898002624512 37.3511695861816 36.7080535888672 36.7424125671387 36.1802558898926 36.0910110473633 35.9462051391602 35.2057952880859 35.1300468444824 35.4223976135254 34.7348670959473 34.6917762756348 33.9255447387695 34.0066375732422 33.4565391540527 31.5185470581055 32.2546768188477 32.2533302307129 31.7733478546143 30.35764503479 30.1994762420654 29.1117191314697 29.2943305969238 28.1676750183105 28.4431171417236 26.3010005950928 27.0849342346191 27.3473529815674 26.8309783935547 27.5747165679932 26.6591053009033 26.9824714660645 25.7010459899902 25.5158729553223 26.2091407775879
34.856258392334 35.3202819824219 35.7085762023926 35.7703399658203 35.9931449890137 35.7814636230469 36.4904327392578 36.24365234375 35.7080917358398 35.6428718566895 35.7974243164062 36.3366889953613 36.7721633911133 36.8655052185059 37.214786529541 37.2257041931152 36.7487716674805 36.5185203552246 35.5640907287598 35.3702621459961 35.4573593139648 35.3339347839355 34.8539886474609 33.5360527038574 33.6042404174805 33.510913848877 33.1227416992188 32.8998413085938 32.1666374206543 32.3992500305176 31.3626136779785 30.9491691589355 32.1717796325684 31.0118503570557 31.3662433624268 25.4037303924561 25.9459552764893 26.033411026001 26.2198066711426 25.8759307861328 25.5721702575684 26.1801109313965 25.8716659545898 26.5371265411377 27.9283866882324 30.2543754577637
34.5979194641113 35.2111701965332 35.1181602478027 35.0943298339844 35.674446105957 35.7855987548828 35.8055038452148 35.9891586303711 35.7806816101074 35.9666442871094 35.7029266357422 36.5116920471191 36.5338935852051 37.112720489502 37.3547096252441 37.0990524291992 36.6652870178223 36.8366851806641 36.6667289733887 36.4655418395996 35.8887023925781 35.7027473449707 34.9367027282715 35.4925155639648 34.7982635498047 33.7243843078613 33.6759262084961 32.9821014404297 33.3437690734863 32.5704612731934 32.4120979309082 31.9619693756104 32.342601776123 34.0799255371094 34.0676536560059 26.17626953125 25.0664653778076 25.0979137420654 25.2021236419678 25.6698780059814 25.4426288604736 25.8407688140869 25.2835960388184 25.9020557403564 27.1210536956787 30.2223625183105
35.748607635498 35.155029296875 34.6788902282715 34.8056602478027 35.4292526245117 35.2963562011719 35.5388031005859 35.9071502685547 35.9839134216309 35.8666877746582 35.6796073913574 36.1716041564941 36.0396461486816 37.049919128418 37.6071128845215 37.0904312133789 36.5447692871094 37.1070022583008 36.3170852661133 36.0243988037109 35.9237098693848 35.5669898986816 35.0238494873047 34.0088386535645 34.7298049926758 34.6735382080078 33.1110153198242 33.5013236999512 33.6615982055664 32.6691703796387 31.7114486694336 31.5651664733887 32.5529136657715 32.548225402832 34.5544548034668 31.278564453125 25.842134475708 25.096118927002 25.1477718353271 25.8532218933105 25.1894454956055 25.5491027832031 25.9791526794434 25.9619922637939 26.8674468994141 27.3667755126953
34.480297088623 34.9338302612305 35.364200592041 34.610897064209 34.493236541748 34.9352340698242 35.5061836242676 35.6215209960938 35.5965690612793 35.3731117248535 35.911994934082 35.9922142028809 35.1257247924805 35.7344093322754 37.0988426208496 35.8821678161621 35.9056510925293 36.995433807373 36.7479972839355 35.437629699707 35.6129608154297 35.2502822875977 35.3236465454102 35.6929664611816 33.1948928833008 33.5274963378906 33.4393920898438 33.6413116455078 33.7757110595703 33.9120903015137 32.3798866271973 31.9138717651367 31.567777633667 31.7937850952148 33.1940460205078 33.2082099914551 26.019998550415 26.13893699646 26.0459270477295 26.6157093048096 25.9476280212402 25.8186874389648 26.0292873382568 31.6178569793701 27.2435894012451 26.31494140625
35.730152130127 34.5989990234375 35.5329856872559 34.4226341247559 34.4099922180176 34.6448974609375 34.7973365783691 34.7226142883301 34.5368309020996 35.161548614502 34.8841857910156 34.918888092041 35.243709564209 36.0284194946289 36.8488540649414 36.9606857299805 36.3324737548828 36.7588043212891 36.6208610534668 35.6284523010254 36.182056427002 36.1246757507324 34.7509384155273 34.9726524353027 34.755199432373 35.4912643432617 35.029956817627 34.3996124267578 34.4992485046387 34.3862533569336 33.8384208679199 33.1368064880371 31.9792919158936 32.9075546264648 32.8713188171387 31.8350582122803 31.5635566711426 29.4804000854492 27.3460369110107 27.2581729888916 26.7743797302246 26.6780776977539 26.6942596435547 26.5284957885742 25.8989295959473 25.6255588531494
36.997486114502 35.2483711242676 34.0652160644531 33.73779296875 33.845573425293 34.8943901062012 34.4046211242676 34.2815818786621 34.1272811889648 34.9070625305176 35.0467567443848 34.8310470581055 35.251579284668 36.2381286621094 37.0214576721191 36.1248092651367 36.1230506896973 35.7840919494629 36.3249359130859 35.2891693115234 35.3871116638184 36.3484153747559 36.1054916381836 35.7489852905273 35.1387329101562 34.5597267150879 35.5758247375488 36.1997718811035 35.6082763671875 34.5240898132324 33.5961151123047 33.7120780944824 32.9408721923828 32.6653938293457 32.6199951171875 32.616024017334 32.9222259521484 32.7336273193359 32.8434104919434 31.1281147003174 26.2116146087646 26.2554149627686 26.4950733184814 26.1088314056396 26.0535869598389 25.7234268188477
37.1860961914062 36.2563209533691 35.4329566955566 33.6356811523438 33.5579414367676 33.6438369750977 34.2079925537109 34.2673454284668 34.2185516357422 35.6457138061523 36.3623809814453 35.7772064208984 35.3300247192383 35.4624404907227 35.5709190368652 35.5996017456055 36.0978546142578 36.2669448852539 35.8867645263672 36.5782775878906 35.4222373962402 35.9263916015625 36.3302230834961 36.1630554199219 35.6114616394043 36.0992240905762 34.5177764892578 35.6763038635254 35.1673164367676 34.4195747375488 33.4597511291504 34.0345115661621 32.2349586486816 32.2122611999512 32.4603843688965 29.0334606170654 33.0707130432129 32.7769165039062 32.4385147094727 32.5956649780273 31.2634811401367 26.1398868560791 25.8248672485352 28.0936508178711 28.0372447967529 28.570592880249
37.5625877380371 36.7212104797363 36.2946472167969 33.972583770752 33.9798126220703 33.5890350341797 33.7129898071289 34.2929458618164 34.2063484191895 35.3841209411621 36.3901062011719 36.1374893188477 36.2186660766602 36.5523643493652 36.3587112426758 35.9384841918945 36.2392539978027 36.2124366760254 36.211971282959 35.4125022888184 36.3676338195801 36.1826591491699 35.9203186035156 35.4562149047852 35.1287040710449 35.0857200622559 34.653450012207 34.1089630126953 35.0745964050293 34.8459053039551 33.7911758422852 33.9776916503906 32.6041069030762 32.8316421508789 31.2298240661621 32.1913375854492 32.0757026672363 32.4934768676758 32.2991790771484 32.3894348144531 32.0295104980469 31.2984371185303 30.0339450836182 29.2055835723877 27.8595371246338 27.7376594543457
37.3536682128906 37.5024299621582 36.3887062072754 34.7763252258301 34.5503273010254 34.9454765319824 34.3136329650879 33.8523864746094 33.1976356506348 34.1288452148438 36.0012054443359 36.5582046508789 36.7293701171875 35.8739280700684 36.4068717956543 36.3275756835938 36.4780464172363 36.8085975646973 36.9277305603027 35.7101020812988 36.5702781677246 36.4691505432129 35.082389831543 35.1203002929688 34.9723205566406 34.0800285339355 33.9398651123047 34.0688972473145 34.9007530212402 35.5415420532227 35.3317718505859 33.3416976928711 33.0704193115234 32.1701812744141 31.9096984863281 31.3365383148193 31.3912868499756 32.1504592895508 32.0611877441406 32.0634841918945 31.3875370025635 31.1146583557129 30.6259460449219 29.7366409301758 25.9393272399902 25.7532196044922
36.8534545898438 37.420783996582 37.123462677002 33.6971702575684 33.2388648986816 34.0812873840332 33.947883605957 34.1210746765137 33.2534408569336 33.4356117248535 35.0540504455566 34.6374130249023 35.4487342834473 36.4921035766602 36.0859184265137 36.4924468994141 36.6652450561523 36.9388847351074 36.8004035949707 36.6657180786133 36.5890121459961 36.3811683654785 36.2369194030762 35.151969909668 36.1047477722168 35.7904205322266 34.3694000244141 34.4318161010742 34.5272254943848 35.2246589660645 35.2164192199707 33.8462524414062 32.9426612854004 32.3829536437988 32.4017791748047 33.0616493225098 31.2084522247314 30.9930858612061 31.7272701263428 32.7843360900879 32.7077140808105 32.0131378173828 31.9608192443848 31.1463279724121 26.2351951599121 25.6627712249756
37.207160949707 36.664867401123 36.5570449829102 34.4187355041504 33.4661712646484 34.7130432128906 34.653736114502 34.1407356262207 33.3523139953613 33.4598121643066 34.8901443481445 34.2790145874023 36.2359848022461 36.1761703491211 36.0489463806152 36.8941650390625 36.5474472045898 36.9166107177734 35.687313079834 36.523250579834 36.5915908813477 36.6270942687988 36.4583969116211 35.6515884399414 35.0321998596191 35.2503662109375 35.2949180603027 34.7492790222168 34.3047294616699 34.5595970153809 34.9500694274902 35.1520042419434 35.1317825317383 34.3578987121582 33.4159545898438 33.9841690063477 32.6599655151367 31.8219509124756 30.5680923461914 31.8981533050537 32.96337890625 33.1506118774414 32.5591049194336 32.3183784484863 29.8017807006836 29.3484325408936
36.9674911499023 36.119701385498 36.2870101928711 35.354621887207 34.8945388793945 34.6879348754883 35.2085266113281 34.7799644470215 35.0816612243652 34.1397018432617 34.1345176696777 34.8687324523926 34.9725685119629 35.8679084777832 36.6298866271973 36.8033981323242 36.7087211608887 36.8667678833008 36.8248252868652 36.0030822753906 35.9958610534668 36.6060943603516 36.169319152832 36.6666870117188 35.8580856323242 35.2036743164062 34.7140579223633 35.1291351318359 33.7800445556641 34.8591728210449 34.5572624206543 33.9834861755371 34.9300765991211 34.6444435119629 35.4961128234863 33.1546592712402 33.2772674560547 33.8853912353516 33.6160621643066 32.3713989257812 32.3342323303223 31.5051307678223 30.7681293487549 29.9689979553223 30.0872364044189 26.9887027740479
37.062442779541 37.0779037475586 36.9036827087402 35.828369140625 35.4697761535645 35.4050788879395 35.8108787536621 36.1753196716309 35.391716003418 34.2413482666016 34.9677467346191 36.2459869384766 35.8935317993164 36.8324241638184 36.6234855651855 36.7483253479004 35.4597244262695 36.0507965087891 36.2182083129883 36.2341156005859 35.8239593505859 35.8663749694824 35.4632034301758 36.0877952575684 35.7406730651855 36.0046920776367 35.1477355957031 35.5285530090332 34.4516181945801 34.8933982849121 35.0541610717773 34.588451385498 33.8744850158691 33.8642387390137 34.2471580505371 34.909496307373 34.4895515441895 34.3747253417969 33.61865234375 32.0430030822754 31.4311237335205 32.2253608703613 30.2257251739502 26.6926784515381 27.0493679046631 26.7837257385254
36.5726318359375 36.9636878967285 36.5147323608398 37.0904312133789 35.919849395752 34.7271461486816 35.4288749694824 36.1151466369629 35.7362899780273 35.0041007995605 34.8343162536621 36.4838676452637 36.7895851135254 35.6259956359863 36.2614555358887 36.6847801208496 35.4065818786621 35.8413467407227 36.1746444702148 35.2361106872559 35.3709831237793 35.6718254089355 35.8589248657227 35.7187156677246 35.7663116455078 35.6819496154785 35.492115020752 35.0185966491699 34.703052520752 35.2096557617188 33.5702781677246 34.4484825134277 32.8528060913086 32.8698310852051 33.2500381469727 34.3656845092773 33.7563667297363 32.7178916931152 32.5963249206543 27.8389129638672 27.5090808868408 31.0668792724609 29.8743839263916 26.2874412536621 26.7194271087646 26.8237037658691
37.0575714111328 37.3567771911621 36.9652709960938 36.7340087890625 36.2519798278809 36.5520172119141 35.5155296325684 35.4485702514648 35.8495407104492 35.7627601623535 34.3507919311523 35.5251884460449 36.8269538879395 36.5177116394043 36.0980529785156 36.6535339355469 36.1027984619141 35.9045219421387 34.5689239501953 35.7461624145508 36.0323638916016 36.0901947021484 35.2406730651855 35.678882598877 36.3687973022461 35.6935615539551 35.5301551818848 35.0698318481445 35.158935546875 35.6386680603027 35.0077514648438 34.8891944885254 34.7329139709473 34.179141998291 33.0181999206543 33.0729179382324 33.9235420227051 33.1245193481445 31.9674739837646 27.7766990661621 27.6615619659424 31.8016128540039 27.2377643585205 26.968677520752 26.3545475006104 26.498872756958
37.3145141601562 37.2580757141113 37.3613891601562 36.9717063903809 36.8974876403809 36.2714157104492 35.2990837097168 35.1444396972656 35.4077606201172 34.4399642944336 34.6595115661621 36.6232872009277 36.3169746398926 36.995361328125 36.1146545410156 36.1808128356934 35.0273818969727 34.8794479370117 34.8027725219727 34.8226356506348 34.8614768981934 35.2085075378418 34.5301971435547 35.1166229248047 36.2805519104004 35.6258277893066 35.282054901123 35.3671226501465 35.1890487670898 35.6938056945801 34.8949851989746 34.8703308105469 34.7505836486816 34.1695365905762 34.1181526184082 33.0943069458008 33.0083084106445 32.5158271789551 28.4145526885986 28.3081226348877 27.9983253479004 31.2135105133057 27.3903102874756 26.5978450775146 26.6210098266602 26.5057754516602
37.1424789428711 36.5154228210449 37.243106842041 36.1808166503906 36.9038276672363 35.6724739074707 35.5634155273438 34.929801940918 35.3922233581543 34.4824600219727 34.4878578186035 34.075023651123 35.8750495910645 36.7114944458008 36.6603469848633 35.9451675415039 34.8232269287109 34.9270553588867 34.8286819458008 34.1321258544922 34.4274406433105 35.7770347595215 34.8382339477539 35.1079788208008 35.1051826477051 35.5705413818359 35.4033470153809 35.2118186950684 35.3810234069824 36.022403717041 35.060230255127 34.6649932861328 34.2944564819336 35.0008659362793 34.631519317627 34.2676429748535 33.637134552002 32.4188270568848 31.819507598877 31.6809577941895 31.1340961456299 31.1914310455322 30.4791603088379 26.7253952026367 26.603946685791 26.5880393981934
